{
"lowlevel": {
    "average_loudness": 0.670493304729,
    "barkbands_crest": {
        "dmean": 2.3223130703,
        "dmean2": 3.46776485443,
        "dvar": 5.84555959702,
        "dvar2": 11.8947153091,
        "max": 26.3568553925,
        "mean": 14.2353534698,
        "median": 13.666021347,
        "min": 2.80417966843,
        "var": 26.750623703
    },
    "barkbands_flatness_db": {
        "dmean": 0.0260967202485,
        "dmean2": 0.037273645401,
        "dvar": 0.000918191391975,
        "dvar2": 0.00186491128989,
        "max": 0.673577308655,
        "mean": 0.313927292824,
        "median": 0.32197535038,
        "min": 0.0406360141933,
        "var": 0.00945725198835
    },
    "barkbands_kurtosis": {
        "dmean": 5.60699796677,
        "dmean2": 8.3624048233,
        "dvar": 177.714767456,
        "dvar2": 407.771270752,
        "max": 401.65814209,
        "mean": 11.4311065674,
        "median": 3.92890930176,
        "min": -1.86791992188,
        "var": 464.412994385
    },
    "barkbands_skewness": {
        "dmean": 0.634739220142,
        "dmean2": 0.899302899837,
        "dvar": 0.592819988728,
        "dvar2": 1.21051061153,
        "max": 14.2866811752,
        "mean": 1.86419308186,
        "median": 1.514326334,
        "min": -4.85813474655,
        "var": 3.64858818054
    },
    "barkbands_spread": {
        "dmean": 2.14382958412,
        "dmean2": 3.1154923439,
        "dvar": 31.8338375092,
        "dvar2": 70.8205490112,
        "max": 110.218223572,
        "mean": 7.74353551865,
        "median": 5.2659406662,
        "min": 0.0634540095925,
        "var": 118.890258789
    },
    "dissonance": {
        "dmean": 0.0351322591305,
        "dmean2": 0.0591435134411,
        "dvar": 0.0012924594339,
        "dvar2": 0.00346571393311,
        "max": 0.499998390675,
        "mean": 0.387969732285,
        "median": 0.403527110815,
        "min": 0.049505520612,
        "var": 0.00629987986758
    },
    "dynamic_complexity": 5.62688541412,
    "erbbands_crest": {
        "dmean": 2.07809400558,
        "dmean2": 2.98251008987,
        "dvar": 4.78925800323,
        "dvar2": 10.4949884415,
        "max": 32.8718032837,
        "mean": 15.0156536102,
        "median": 13.9544372559,
        "min": 2.72501897812,
        "var": 35.0127105713
    },
    "erbbands_flatness_db": {
        "dmean": 0.0199979767203,
        "dmean2": 0.0278157871217,
        "dvar": 0.000752054445911,
        "dvar2": 0.00156158243772,
        "max": 0.563566148281,
        "mean": 0.295506417751,
        "median": 0.307773321867,
        "min": 0.0351971834898,
        "var": 0.00707715004683
    },
    "erbbands_kurtosis": {
        "dmean": 2.0869436264,
        "dmean2": 3.04143619537,
        "dvar": 14.0031747818,
        "dvar2": 28.8032817841,
        "max": 152.043914795,
        "mean": 4.83763027191,
        "median": 2.75840091705,
        "min": -1.8263323307,
        "var": 56.777130127
    },
    "erbbands_skewness": {
        "dmean": 0.398506104946,
        "dmean2": 0.569968879223,
        "dvar": 0.212606146932,
        "dvar2": 0.439566969872,
        "max": 10.8933639526,
        "mean": 0.906572043896,
        "median": 0.792115807533,
        "min": -4.66336584091,
        "var": 1.7083261013
    },
    "erbbands_spread": {
        "dmean": 3.99783372879,
        "dmean2": 5.81426763535,
        "dvar": 80.4594650269,
        "dvar2": 171.376403809,
        "max": 197.063873291,
        "mean": 15.6584472656,
        "median": 10.148065567,
        "min": 0.401942461729,
        "var": 290.995513916
    },
    "hfc": {
        "dmean": 3.06778645515,
        "dmean2": 4.57356882095,
        "dvar": 125.486854553,
        "dvar2": 319.4246521,
        "max": 275.929412842,
        "mean": 11.6076383591,
        "median": 7.32135343552,
        "min": 1.13763168731e-16,
        "var": 227.044540405
    },
    "melbands_crest": {
        "dmean": 2.70888280869,
        "dmean2": 4.18343830109,
        "dvar": 7.22499752045,
        "dvar2": 16.2175521851,
        "max": 37.9035758972,
        "mean": 18.1918945312,
        "median": 17.9421443939,
        "min": 1.80200231075,
        "var": 34.8239784241
    },
    "melbands_flatness_db": {
        "dmean": 0.028678888455,
        "dmean2": 0.0400829575956,
        "dvar": 0.00116348441225,
        "dvar2": 0.00233357469551,
        "max": 0.844351828098,
        "mean": 0.413701713085,
        "median": 0.415982723236,
        "min": 0.00824376009405,
        "var": 0.0135097466409
    },
    "melbands_kurtosis": {
        "dmean": 6.94140148163,
        "dmean2": 10.2916517258,
        "dvar": 238.62361145,
        "dvar2": 554.661499023,
        "max": 458.819030762,
        "mean": 14.8109722137,
        "median": 5.88468265533,
        "min": -1.83393931389,
        "var": 617.08807373
    },
    "melbands_skewness": {
        "dmean": 0.65896743536,
        "dmean2": 0.927601933479,
        "dvar": 0.662353217602,
        "dvar2": 1.34356021881,
        "max": 17.678150177,
        "mean": 2.20697307587,
        "median": 1.85569357872,
        "min": -4.29117250443,
        "var": 3.81700277328
    },
    "melbands_spread": {
        "dmean": 1.97669255733,
        "dmean2": 2.8373196125,
        "dvar": 14.9964160919,
        "dvar2": 29.3295402527,
        "max": 222.714828491,
        "mean": 9.03503799438,
        "median": 6.37408351898,
        "min": 0.0758472979069,
        "var": 225.054153442
    },
    "pitch_salience": {
        "dmean": 0.0623918399215,
        "dmean2": 0.0913021117449,
        "dvar": 0.00447927974164,
        "dvar2": 0.00918016023934,
        "max": 0.927845597267,
        "mean": 0.448743611574,
        "median": 0.452655017376,
        "min": 0.0538788177073,
        "var": 0.021872472018
    },
    "silence_rate_20dB": {
        "dmean": 0,
        "dmean2": 0,
        "dvar": 0,
        "dvar2": 0,
        "max": 1,
        "mean": 1,
        "median": 1,
        "min": 1,
        "var": 0
    },
    "silence_rate_30dB": {
        "dmean": 0.0478781275451,
        "dmean2": 0.0957632064819,
        "dvar": 0.0455952174962,
        "dvar2": 0.0992070585489,
        "max": 1,
        "mean": 0.903525292873,
        "median": 1,
        "min": 0,
        "var": 0.0871486514807
    },
    "silence_rate_60dB": {
        "dmean": 0.0198766775429,
        "dmean2": 0.0397562384605,
        "dvar": 0.0194832123816,
        "dvar2": 0.0428245328367,
        "max": 1,
        "mean": 0.181996226311,
        "median": 0,
        "min": 0,
        "var": 0.148878112435
    },
    "spectral_centroid": {
        "dmean": 54.9919624329,
        "dmean2": 76.3500671387,
        "dvar": 15131.5322266,
        "dvar2": 20841.6484375,
        "max": 10709.6132812,
        "mean": 554.916625977,
        "median": 469.684539795,
        "min": 80.3489761353,
        "var": 230041.703125
    },
    "spectral_complexity": {
        "dmean": 1.10917663574,
        "dmean2": 1.82994771004,
        "dvar": 1.4635310173,
        "dvar2": 3.47707676888,
        "max": 29,
        "mean": 8.2328453064,
        "median": 8,
        "min": 0,
        "var": 18.6056118011
    },
    "spectral_decrease": {
        "dmean": 3.29057603388e-09,
        "dmean2": 4.71548577963e-09,
        "dvar": 3.2506460994e-17,
        "dvar2": 6.47332952364e-17,
        "max": 4.41458893328e-29,
        "mean": -1.08270947763e-08,
        "median": -7.94938159743e-09,
        "min": -9.70098241737e-08,
        "var": 1.33679030903e-16
    },
    "spectral_energy": {
        "dmean": 0.0125960828736,
        "dmean2": 0.0180520489812,
        "dvar": 0.000472585932584,
        "dvar2": 0.000944347004406,
        "max": 0.372196167707,
        "mean": 0.0419168770313,
        "median": 0.0311278924346,
        "min": 1.04051089643e-20,
        "var": 0.00196814723313
    },
    "spectral_energyband_high": {
        "dmean": 0.000133920722874,
        "dmean2": 0.000208550511161,
        "dvar": 7.18818967016e-07,
        "dvar2": 1.77332628937e-06,
        "max": 0.0190097652376,
        "mean": 0.00015510218509,
        "median": 1.30665102915e-06,
        "min": 7.43133892439e-21,
        "var": 8.55109476561e-07
    },
    "spectral_energyband_low": {
        "dmean": 0.0116150677204,
        "dmean2": 0.0167992934585,
        "dvar": 0.000459155649878,
        "dvar2": 0.000916389806662,
        "max": 0.328966379166,
        "mean": 0.0260764937848,
        "median": 0.00870802346617,
        "min": 1.99959846944e-23,
        "var": 0.00141940230969
    },
    "spectral_energyband_middle_high": {
        "dmean": 0.000244237569859,
        "dmean2": 0.000339236692525,
        "dvar": 2.36084787275e-07,
        "dvar2": 4.65724525611e-07,
        "max": 0.0197452753782,
        "mean": 0.00101324939169,
        "median": 0.000530107761733,
        "min": 1.42530439198e-21,
        "var": 2.23828988055e-06
    },
    "spectral_energyband_middle_low": {
        "dmean": 0.00251824664883,
        "dmean2": 0.00358701567166,
        "dvar": 2.627482354e-05,
        "dvar2": 5.23254420841e-05,
        "max": 0.11513479054,
        "mean": 0.015984268859,
        "median": 0.00836580432951,
        "min": 2.242039123e-22,
        "var": 0.000317821861245
    },
    "spectral_entropy": {
        "dmean": 0.181976720691,
        "dmean2": 0.260538846254,
        "dvar": 0.0650707483292,
        "dvar2": 0.139783471823,
        "max": 9.79860210419,
        "mean": 6.05048465729,
        "median": 5.96753263474,
        "min": 3.92973566055,
        "var": 0.515908002853
    },
    "spectral_flux": {
        "dmean": 0.0304398424923,
        "dmean2": 0.0493555702269,
        "dvar": 0.00172506156377,
        "dvar2": 0.00413896515965,
        "max": 0.427567899227,
        "mean": 0.0585010275245,
        "median": 0.0383764654398,
        "min": 1.02802759361e-10,
        "var": 0.00317695899867
    },
    "spectral_kurtosis": {
        "dmean": 16.0782299042,
        "dmean2": 27.1800403595,
        "dvar": 425.684417725,
        "dvar2": 1148.92102051,
        "max": 484.836425781,
        "mean": 44.9106559753,
        "median": 30.7834529877,
        "min": -1.22427761555,
        "var": 2233.62719727
    },
    "spectral_rms": {
        "dmean": 0.000813216611277,
        "dmean2": 0.00112689100206,
        "dvar": 1.37104916575e-06,
        "dvar2": 2.47217735705e-06,
        "max": 0.019055660814,
        "mean": 0.00538347056136,
        "median": 0.00551077816635,
        "min": 3.18611456662e-12,
        "var": 1.19124724733e-05
    },
    "spectral_rolloff": {
        "dmean": 206.579666138,
        "dmean2": 358.544158936,
        "dvar": 981075.1875,
        "dvar2": 2397472.25,
        "max": 18970.7519531,
        "mean": 875.224121094,
        "median": 516.796875,
        "min": 43.06640625,
        "var": 4462055.5
    },
    "spectral_skewness": {
        "dmean": 0.963148236275,
        "dmean2": 1.62525486946,
        "dvar": 0.971704602242,
        "dvar2": 2.64702963829,
        "max": 18.1156234741,
        "mean": 4.59792661667,
        "median": 4.12909984589,
        "min": 0.0203061588109,
        "var": 5.43205785751
    },
    "spectral_spread": {
        "dmean": 574739.5,
        "dmean2": 882046.0625,
        "dvar": 1.40242242765e+12,
        "dvar2": 2.36158792499e+12,
        "max": 41315896,
        "mean": 2372780,
        "median": 1720539.75,
        "min": 198402.578125,
        "var": 5.0669640745e+12
    },
    "spectral_strongpeak": {
        "dmean": 0.343251079321,
        "dmean2": 0.583869159222,
        "dvar": 1.28753769398,
        "dvar2": 2.81783413887,
        "max": 37.788143158,
        "mean": 0.970203638077,
        "median": 0.570769250393,
        "min": 0,
        "var": 2.47565340996
    },
    "zerocrossingrate": {
        "dmean": 0.00521711772308,
        "dmean2": 0.00607163412496,
        "dvar": 0.000147038619616,
        "dvar2": 0.000187894082046,
        "max": 0.509765625,
        "mean": 0.0315967127681,
        "median": 0.01904296875,
        "min": 0.00146484375,
        "var": 0.00324935722165
    },
    "barkbands": {
        "dmean": [0.000293027173029, 0.0100399553776, 0.00258659920655, 0.000824932649266, 0.000518913788255, 0.000670054112561, 0.000755056214985, 0.000920861086342, 0.000422293145675, 0.000221925758524, 5.17228399985e-05, 2.70305899903e-05, 2.00990853045e-05, 1.88612993952e-05, 2.05135911528e-05, 1.56151854753e-05, 1.45089070429e-05, 9.00072154764e-06, 6.91060768077e-06, 4.11744395024e-06, 4.18191075369e-06, 7.09696405465e-06, 7.82341157901e-06, 2.4621565899e-05, 2.84563866444e-05, 4.4450891437e-05, 2.19522898988e-05],
        "dmean2": [0.000407783227274, 0.0143245933577, 0.00426422664896, 0.00125450524502, 0.000804573297501, 0.000955683528446, 0.000971959205344, 0.00120816961862, 0.000541554880328, 0.000302384694805, 7.43723285268e-05, 3.78056247428e-05, 2.95074642054e-05, 2.88424253085e-05, 3.11172625516e-05, 2.19871126319e-05, 2.24497380259e-05, 1.34258962134e-05, 1.10703176688e-05, 6.8810763878e-06, 7.37628579373e-06, 1.12473871923e-05, 1.16842575153e-05, 3.51180169673e-05, 4.42835153081e-05, 7.16268259566e-05, 3.80828605557e-05],
        "dvar": [5.06649314502e-07, 0.00034959311597, 5.35753861186e-05, 7.83980976848e-06, 1.25888141156e-06, 2.14193710235e-06, 4.03984586228e-06, 8.8552797024e-06, 1.22097924304e-06, 3.46484853253e-07, 1.13520748357e-08, 2.51325316114e-09, 1.60099389301e-09, 2.35196684351e-09, 1.94919569374e-09, 2.48093323663e-09, 1.50726942039e-09, 5.91322935062e-10, 4.01355032542e-10, 3.70365377256e-10, 4.04269978604e-10, 3.33270944175e-09, 2.40667796803e-09, 3.3607758354e-08, 3.17702060215e-08, 1.01968083754e-07, 4.59862050661e-08],
        "dvar2": [8.62157094161e-07, 0.000693433219567, 0.000146771286381, 1.73941298272e-05, 3.25034102389e-06, 4.59453121948e-06, 7.1556214607e-06, 1.53635137394e-05, 1.85921544471e-06, 5.95490973865e-07, 2.31897310243e-08, 4.7755470689e-09, 3.56594642703e-09, 5.56107826455e-09, 4.40776570798e-09, 5.09622655187e-09, 3.71058583859e-09, 1.24960508607e-09, 1.08047126801e-09, 9.80984071752e-10, 1.12620479609e-09, 7.6898718504e-09, 5.32071098291e-09, 5.57627011233e-08, 7.830769988e-08, 2.58633150452e-07, 1.3013382727e-07],
        "max": [0.0115637695417, 0.281864494085, 0.104373656213, 0.0577799044549, 0.0274779740721, 0.0355597957969, 0.108661830425, 0.073407843709, 0.0480594448745, 0.0270412527025, 0.00486363703385, 0.00141224393155, 0.00102523516398, 0.00123018072918, 0.000784098403528, 0.00110948551446, 0.000750890234485, 0.000431787979323, 0.000369876186596, 0.000510260055307, 0.00050612015184, 0.00257512950338, 0.00153000582941, 0.00938863586634, 0.00338525348343, 0.00781676545739, 0.00681447470561],
        "mean": [0.00100428529549, 0.0210332479328, 0.00290793552995, 0.00141603662632, 0.00181226374116, 0.00293960911222, 0.00371824973263, 0.00425107730553, 0.00149016838986, 0.000775569991674, 0.000137099748827, 6.71389061608e-05, 4.21630320488e-05, 3.78134136554e-05, 3.6790901504e-05, 3.05458124785e-05, 3.07461777993e-05, 1.65033507074e-05, 1.15654465844e-05, 4.80340258946e-06, 4.11338078266e-06, 7.48116872273e-06, 9.75616603682e-06, 3.00027404592e-05, 3.40301266988e-05, 4.88354489789e-05, 1.89979327843e-05],
        "median": [0.000102771540696, 0.00524240918458, 0.000577084603719, 0.000289465824608, 0.000562871922739, 0.000860549451318, 0.000963706406765, 0.000755836896133, 0.00045922229765, 0.000181211275049, 4.45350997325e-05, 2.37374388234e-05, 1.83341253432e-05, 1.24473290271e-05, 1.18353000289e-05, 6.91785453455e-06, 7.58254327593e-06, 3.20278559229e-06, 1.97414760805e-06, 5.70053828142e-07, 3.46733770584e-07, 1.8289179593e-07, 7.42612087379e-08, 6.81416452153e-08, 3.9442277e-08, 6.80634659744e-09, 1.71586389541e-09],
        "min": [1.39575479212e-23, 8.27622532432e-24, 6.66385989837e-24, 3.68918454277e-24, 6.947026569e-23, 1.80529208884e-23, 1.53040703775e-23, 2.00478806979e-23, 3.05396045196e-23, 4.21838730565e-23, 5.32344354098e-23, 4.80686050155e-23, 1.28416483194e-22, 3.33181367109e-23, 1.15537590542e-22, 6.08556900349e-23, 1.36009313583e-22, 1.95364672218e-22, 1.48758454393e-22, 2.3455457517e-22, 3.30816355804e-22, 3.94952085306e-22, 4.66509064796e-22, 8.08141120128e-22, 1.2317118169e-21, 1.56999062016e-21, 2.35684355252e-21],
        "var": [3.51322432834e-06, 0.00101690844167, 4.53654065495e-05, 1.48159797391e-05, 9.87623934634e-06, 2.6362376957e-05, 7.85247393651e-05, 7.54347784095e-05, 8.7064499894e-06, 4.30807494922e-06, 9.76602123615e-08, 1.25962094089e-08, 4.42558700797e-09, 5.98292837495e-09, 4.63460381184e-09, 4.76473394073e-09, 3.58541907275e-09, 1.45471590329e-09, 6.11032946463e-10, 3.66432578724e-10, 3.12948472692e-10, 4.13404244171e-09, 3.96090582555e-09, 7.73211823457e-08, 3.89947842905e-08, 1.05853040111e-07, 3.00032674261e-08]
    },
    "erbbands": {
        "dmean": [0.271824330091, 2.34301400185, 3.22010779381, 3.18571734428, 1.03330802917, 1.51345801353, 6.65483951569, 4.06836891174, 11.3395214081, 10.5087490082, 19.8594894409, 9.34821796417, 7.39088010788, 5.38564443588, 2.03406405449, 1.04963946342, 0.933527469635, 0.983523488045, 1.19871592522, 0.829271495342, 0.656368374825, 0.631758034229, 0.521989762783, 0.423945665359, 0.258694112301, 0.195351615548, 0.173292756081, 0.160943880677, 0.172522962093, 0.262803375721, 0.250412762165, 0.273539960384, 0.570605099201, 0.297255426645, 0.220047280192, 0.144688591361, 0.0868818089366, 0.0319994725287, 0.00424901721999, 0.000106384497485],
        "dmean2": [0.41402131319, 3.2523124218, 4.88378000259, 5.06972980499, 1.69003474712, 2.42108035088, 9.20596504211, 6.24275255203, 14.6800947189, 14.0792236328, 26.1927089691, 12.0499544144, 9.99929237366, 7.12434911728, 2.86710619926, 1.50760352612, 1.37771570683, 1.47734630108, 1.85795342922, 1.20639944077, 0.941006183624, 0.986544013023, 0.782372534275, 0.664190113544, 0.405723541975, 0.326462328434, 0.304896324873, 0.285784780979, 0.286572664976, 0.416537106037, 0.360713213682, 0.439683616161, 0.778069257736, 0.452235877514, 0.340974539518, 0.223654672503, 0.138866961002, 0.0546409636736, 0.00737732555717, 0.000177698064363],
        "dvar": [0.303322762251, 18.814283371, 53.7149238586, 121.858894348, 9.72070407867, 14.1950845718, 189.36857605, 112.586761475, 950.499511719, 2443.2487793, 2905.77856445, 637.611633301, 551.862548828, 138.741439819, 19.0709724426, 3.33875918388, 3.37440013885, 5.62831306458, 6.98173761368, 5.20785713196, 2.16582798958, 3.94261813164, 1.79910230637, 1.41819620132, 0.847351074219, 0.818046271801, 0.64404129982, 0.684761047363, 0.970593512058, 4.6503868103, 2.81433081627, 2.46958374977, 23.6163024902, 3.46616005898, 2.01582121849, 1.03007471561, 0.433854073286, 0.0882889330387, 0.00172220857348, 5.74217949634e-07],
        "dvar2": [0.697977483273, 35.5028877258, 131.764877319, 300.07913208, 24.5265617371, 36.1692428589, 382.976074219, 280.049743652, 1695.14367676, 3674.53393555, 5869.81884766, 936.56652832, 913.016967773, 251.714630127, 36.6591529846, 7.07954931259, 7.64475250244, 12.8070449829, 16.2193870544, 10.6558647156, 4.37805128098, 10.1676797867, 3.96377801895, 3.70668029785, 2.17259740829, 2.19553971291, 1.79442739487, 1.9018702507, 2.37329030037, 10.9079866409, 5.80278491974, 6.15162849426, 34.389957428, 8.24906635284, 4.86192083359, 2.40019702911, 1.08684623241, 0.245596051216, 0.00491024646908, 1.56316218636e-06],
        "max": [9.23997497559, 59.8628807068, 88.1929016113, 221.586883545, 73.37059021, 110.502815247, 405.744110107, 382.865142822, 1658.9609375, 1479.61950684, 1541.20825195, 1350.31506348, 1036.54711914, 407.825805664, 236.774627686, 38.4221687317, 49.6213150024, 68.3172531128, 45.9265174866, 49.6765937805, 24.9445953369, 42.7509460449, 24.2263679504, 19.170331955, 24.745798111, 21.7444419861, 19.0745544434, 27.0121250153, 35.0342903137, 90.9777755737, 65.8624725342, 32.9102134705, 276.137542725, 39.7421722412, 34.317817688, 32.6584739685, 21.9134693146, 8.78089237213, 1.39528894424, 0.0195658225566],
        "mean": [0.518700957298, 4.83926963806, 5.14493703842, 5.0061378479, 1.81088221073, 5.12440061569, 29.8074989319, 16.4095802307, 58.1407394409, 47.380065918, 95.1647338867, 40.553478241, 29.1465320587, 17.2439289093, 6.5413107872, 2.80130958557, 2.03327059746, 2.19419932365, 2.19655179977, 1.69294190407, 1.5142275095, 1.38862764835, 1.0730574131, 0.742944955826, 0.448280781507, 0.235503956676, 0.181880995631, 0.147412538528, 0.176009640098, 0.282511502504, 0.328957557678, 0.310021787882, 0.726951897144, 0.367175996304, 0.253615558147, 0.171637743711, 0.0940645635128, 0.0284708645195, 0.00375530123711, 0.000131903085276],
        "median": [0.212107688189, 0.643836855888, 0.745374441147, 1.40372300148, 0.629799604416, 1.53508400917, 7.89949607849, 5.50866222382, 16.0476570129, 10.5664958954, 23.8636322021, 17.0692272186, 6.31066036224, 6.04520845413, 2.79513072968, 1.31972467899, 0.967147469521, 0.827862262726, 0.731929242611, 0.537547588348, 0.471249461174, 0.399445742369, 0.237527623773, 0.132479310036, 0.0772333294153, 0.0318596921861, 0.0194784887135, 0.0103806499392, 0.00716886110604, 0.00340483570471, 0.00221085734665, 0.00165175250731, 0.00100520299748, 0.000556960701942, 0.000249947333941, 8.40561115183e-05, 2.48010164796e-05, 3.93304753743e-06, 1.95332850126e-05, 4.01128236263e-05],
        "min": [5.26073591477e-22, 8.95347080493e-22, 4.33766404639e-21, 2.07867741436e-20, 1.71134001064e-19, 2.24183601138e-19, 1.26020914624e-19, 1.83980607115e-19, 2.18953906812e-19, 2.44004683922e-19, 6.45312650572e-19, 9.28414388037e-19, 7.95646988338e-19, 1.8778321326e-18, 1.86340734349e-18, 2.48042679819e-18, 5.79564675212e-18, 2.14335442089e-18, 6.70088798549e-18, 4.61225280289e-18, 6.86179901646e-18, 9.58846590248e-18, 9.33602940468e-18, 9.49270072142e-18, 8.2442709373e-18, 1.17302879713e-17, 1.26630292377e-17, 1.46942216898e-17, 1.33628273447e-17, 1.47226171459e-17, 1.23134246605e-17, 1.39414360472e-17, 1.2770977962e-17, 1.13629800746e-17, 9.56033348984e-18, 5.23163489222e-18, 3.05901130574e-18, 1.34950205259e-18, 3.29113245449e-19, 3.29006274193e-20],
        "var": [0.651953518391, 59.3916320801, 78.2959823608, 171.127716064, 14.0552568436, 108.53704834, 2703.43383789, 1186.47814941, 18817.4589844, 17885.6015625, 29528.34375, 5508.34472656, 6689.00439453, 918.659423828, 206.585296631, 15.2860851288, 9.24458026886, 16.7844371796, 16.3799762726, 11.0041131973, 6.52556371689, 7.46719741821, 4.83391618729, 2.62557125092, 1.19987082481, 0.736915886402, 0.511153638363, 0.497138857841, 1.10659503937, 5.67349290848, 5.14880514145, 3.47216916084, 60.0017089844, 5.00689601898, 2.54853796959, 1.4118309021, 0.47692450881, 0.062222328037, 0.00110322562978, 4.31943789181e-07]
    },
    "gfcc": {
        "mean": [-166.836380005, 178.997848511, -95.3490524292, -13.4145374298, -50.2953529358, -11.3123931885, -23.9621486664, 8.49416255951, -1.64116168022, -3.26879477501, -0.612731635571, -4.03810739517, 3.13310217857],
        "cov": [[24570.8554688, 3622.23413086, 1155.66918945, 1146.08361816, 1624.88244629, 651.873901367, 1319.83703613, 1662.60302734, 778.024108887, 20.5218238831, -323.085174561, -544.694274902, -632.961242676], [3622.23413086, 4434.34570312, -69.0569839478, -24.3034667969, 816.616638184, -276.96081543, 934.062316895, 79.5033493042, 560.993591309, -233.773071289, 217.38911438, -382.702819824, 246.438903809], [1155.66918945, -69.0569839478, 1670.03015137, 274.569519043, 441.835144043, 483.650085449, 438.844482422, 357.807037354, 132.793029785, 131.205963135, -41.5730552673, 42.9613990784, -143.297225952], [1146.08361816, -24.3034667969, 274.569519043, 770.313293457, 374.534393311, 212.408233643, 354.987518311, 129.511505127, 147.744308472, 28.1676769257, -34.6294326782, -52.3643951416, -52.7627372742], [1624.88244629, 816.616638184, 441.835144043, 374.534393311, 814.812988281, 178.278213501, 539.108947754, 305.48840332, 226.355133057, 21.0802097321, 18.2540302277, -73.8666992188, -95.2593765259], [651.873901367, -276.96081543, 483.650085449, 212.408233643, 178.278213501, 442.745788574, 170.566833496, 103.389938354, 22.8203639984, 76.5486679077, -40.9261016846, 1.75994122028, -84.3384780884], [1319.83703613, 934.062316895, 438.844482422, 354.987518311, 539.108947754, 170.566833496, 747.784973145, 274.798126221, 293.061035156, 18.3533763885, 34.0096092224, -89.5301742554, -49.3970336914], [1662.60302734, 79.5033493042, 357.807037354, 129.511505127, 305.48840332, 103.389938354, 274.798126221, 420.992858887, 173.341506958, 64.3118896484, -9.30955791473, 0.343066871166, -121.114723206], [778.024108887, 560.993591309, 132.793029785, 147.744308472, 226.355133057, 22.8203639984, 293.061035156, 173.341506958, 285.699462891, 33.2228050232, 50.8037147522, -55.4268455505, 9.84865760803], [20.5218238831, -233.773071289, 131.205963135, 28.1676769257, 21.0802097321, 76.5486679077, 18.3533763885, 64.3118896484, 33.2228050232, 122.213294983, 4.38010215759, 16.4770622253, -47.2486686707], [-323.085174561, 217.38911438, -41.5730552673, -34.6294326782, 18.2540302277, -40.9261016846, 34.0096092224, -9.30955791473, 50.8037147522, 4.38010215759, 123.404037476, 23.5135917664, 53.2279281616], [-544.694274902, -382.702819824, 42.9613990784, -52.3643951416, -73.8666992188, 1.75994122028, -89.5301742554, 0.343066871166, -55.4268455505, 16.4770622253, 23.5135917664, 143.310287476, 19.5076236725], [-632.961242676, 246.438903809, -143.297225952, -52.7627372742, -95.2593765259, -84.3384780884, -49.3970336914, -121.114723206, 9.84865760803, -47.2486686707, 53.2279281616, 19.5076236725, 168.652008057]],
        "icov": [[0.000103350932477, -0.000221365538891, 4.19474963564e-05, -0.000223675728193, 0.000153547676746, -0.00018567799998, 0.00024016185489, -0.000529462064151, 0.000151946136612, -3.85306484532e-05, 0.000258975458564, -7.57299276302e-05, 0.000268361531198], [-0.000221365538891, 0.0013739450369, -0.000152181135491, 0.00115213752724, -0.00105484190863, 0.000786360178608, -0.00121313997079, 0.001556349569, -0.00106156559195, 0.00110913568642, -0.00115498609375, 0.00183802470565, -0.00152287632227], [4.19474963564e-05, -0.000152181135491, 0.00111113884486, -1.36999196911e-05, -4.03187550546e-05, -0.000990881701, -0.0002102968283, -0.000684784958139, 0.000263915106189, -0.000453354936326, 0.000445736455731, -0.000647765293252, 3.97865951527e-05], [-0.000223675728193, 0.00115213752724, -1.36999196911e-05, 0.00297745876014, -0.0014594134409, 4.05066457461e-05, -0.00149311404675, 0.00188872707076, -0.00144728925079, 0.000764975382481, -9.76150477072e-05, 0.00117306259926, -0.00129422137979], [0.000153547676746, -0.00105484190863, -4.03187550546e-05, -0.0014594134409, 0.00368249649182, -0.00068748567719, -0.000334006239427, -0.00204514851794, 0.000921025522985, -0.000177277019247, 3.35717049893e-05, -0.000924190972, 0.00178932212293], [-0.00018567799998, 0.000786360178608, -0.000990881701, 4.05066457461e-05, -0.00068748567719, 0.00453000701964, -0.00114606972784, 0.00152749335393, 0.000166473750141, -0.00106144999154, -0.000185350058018, 0.000845435948577, -0.000383241596865], [0.00024016185489, -0.00121313997079, -0.0002102968283, -0.00149311404675, -0.000334006239427, -0.00114606972784, 0.00492909597233, -0.00186895451043, -0.0012497442076, 0.000190048478544, 0.000465151912067, -0.00065891322447, 0.00142361002509], [-0.000529462064151, 0.001556349569, -0.000684784958139, 0.00188872707076, -0.00204514851794, 0.00152749335393, -0.00186895451043, 0.00873894244432, -0.00438776984811, 0.000510272802785, -0.00062406383222, -0.0011219966691, 0.00181072065607], [0.000151946136612, -0.00106156559195, 0.000263915106189, -0.00144728925079, 0.000921025522985, 0.000166473750141, -0.0012497442076, -0.00438776984811, 0.0100888116285, -0.00360650545917, -0.00145063945092, 0.0017130979104, -0.0023605178576], [-3.85306484532e-05, 0.00110913568642, -0.000453354936326, 0.000764975382481, -0.000177277019247, -0.00106144999154, 0.000190048478544, 0.000510272802785, -0.00360650545917, 0.0129717476666, -0.00244914856739, 0.000452739564935, 0.00244529778138], [0.000258975458564, -0.00115498609375, 0.000445736455731, -9.76150477072e-05, 3.35717049893e-05, -0.000185350058018, 0.000465151912067, -0.00062406383222, -0.00145063945092, -0.00244914856739, 0.0128386327997, -0.00413216138259, -0.0015532594407], [-7.57299276302e-05, 0.00183802470565, -0.000647765293252, 0.00117306259926, -0.000924190972, 0.000845435948577, -0.00065891322447, -0.0011219966691, 0.0017130979104, 0.000452739564935, -0.00413216138259, 0.0132196610793, -0.00444949232042], [0.000268361531198, -0.00152287632227, 3.97865951527e-05, -0.00129422137979, 0.00178932212293, -0.000383241596865, 0.00142361002509, 0.00181072065607, -0.0023605178576, 0.00244529778138, -0.0015532594407, -0.00444949232042, 0.0131548307836]]
    },
    "melbands": {
        "dmean": [0.00264540780336, 0.00211961870082, 0.000472267187433, 7.0889997005e-05, 0.000194635314983, 9.93909561657e-05, 0.000167066114955, 0.000124156780657, 0.000155416011694, 5.51807061129e-05, 3.73115908587e-05, 2.35825154959e-05, 7.17795091987e-06, 3.82628468287e-06, 2.11609494727e-06, 1.64932896496e-06, 2.1239814032e-06, 1.90494631624e-06, 1.12717236789e-06, 1.40749807542e-06, 7.94829475126e-07, 7.37744130674e-07, 6.17791840796e-07, 5.89757746638e-07, 3.57780322702e-07, 2.09839370768e-07, 1.7112677142e-07, 1.23242770655e-07, 1.10049299451e-07, 1.05531391625e-07, 9.44173024209e-08, 7.63539347304e-08, 1.87523554018e-07, 1.18263265847e-07, 1.23693155274e-07, 1.73397182834e-07, 1.68892427155e-07, 3.66982504829e-07, 3.81439093644e-07, 2.25907442086e-07],
        "dmean2": [0.00388214527629, 0.00300169782713, 0.000756607681978, 0.00011743518553, 0.000274213700322, 0.000150272593601, 0.000215300868149, 0.00016606792633, 0.000205573291169, 7.09143132553e-05, 5.03759656567e-05, 3.10667710437e-05, 1.02211515696e-05, 5.33147522219e-06, 3.16884757012e-06, 2.41031921178e-06, 3.2082944017e-06, 2.97113797387e-06, 1.68254473465e-06, 1.9883054847e-06, 1.15426053071e-06, 1.14482998015e-06, 9.38472624057e-07, 8.70543260589e-07, 5.75588785523e-07, 3.31111863261e-07, 2.66270774318e-07, 2.11026303987e-07, 1.93620095956e-07, 1.85893938465e-07, 1.67567066001e-07, 1.33274284053e-07, 2.90175961482e-07, 1.94694379729e-07, 1.81111488473e-07, 2.64405542794e-07, 2.79652141444e-07, 5.04584420469e-07, 5.41762517514e-07, 3.54512991407e-07],
        "dvar": [2.57648953266e-05, 1.65878973348e-05, 2.5417211873e-06, 4.18594545692e-08, 1.56121174655e-07, 6.14802857513e-08, 2.03766319373e-07, 3.59686737283e-07, 1.75060591801e-07, 2.13734896448e-08, 1.38706841568e-08, 2.73978906229e-09, 2.09568251641e-10, 5.45040054756e-11, 1.30815549365e-11, 1.07666289079e-11, 2.87464080317e-11, 1.6988098428e-11, 5.27202370301e-12, 2.48509390149e-11, 2.53504205475e-12, 5.06797425207e-12, 2.76692969751e-12, 2.95842907463e-12, 1.09907124634e-12, 4.78579686731e-13, 5.38620472008e-13, 3.37623971749e-13, 2.78920902217e-13, 2.32796936025e-13, 2.70709263383e-13, 1.50749990832e-13, 3.95572029993e-12, 6.47065192226e-13, 7.26160288584e-13, 1.2792237972e-12, 1.09078577334e-12, 9.30149013367e-12, 7.35913240069e-12, 2.2150428193e-12],
        "dvar2": [5.40488908882e-05, 3.37248493452e-05, 6.29666101304e-06, 1.10361114025e-07, 3.32326663965e-07, 1.47004087125e-07, 3.58362200359e-07, 5.48622381302e-07, 3.58492599162e-07, 3.18837258817e-08, 2.28971668292e-08, 4.93760721199e-09, 4.21482376778e-10, 1.00530986313e-10, 3.13510016559e-11, 2.35218459294e-11, 6.63211152663e-11, 4.00411995227e-11, 1.13315069133e-11, 5.05508308823e-11, 5.24465887386e-12, 1.2657557294e-11, 6.31045823235e-12, 6.03326937021e-12, 2.93670730095e-12, 1.26276506612e-12, 1.27829908117e-12, 9.27088917788e-13, 7.80798982327e-13, 6.5041093171e-13, 7.57852222817e-13, 4.08133677679e-13, 9.08213955431e-12, 1.64058523711e-12, 1.52240817609e-12, 2.85513431474e-12, 2.79240454544e-12, 1.37633281508e-11, 1.33377016029e-11, 5.36822192601e-12],
        "max": [0.0831434205174, 0.0499474927783, 0.0321778208017, 0.00471074692905, 0.0112221157178, 0.00783646851778, 0.0253821667284, 0.0179004892707, 0.0122760981321, 0.00728310272098, 0.00513282464817, 0.00181595422328, 0.000650974921882, 0.000255265185842, 8.8746084657e-05, 8.97331774468e-05, 0.000152399545186, 7.1601010859e-05, 3.98795527872e-05, 0.000113393012725, 3.73303155357e-05, 5.15880637977e-05, 3.72589311155e-05, 3.15319412039e-05, 1.47941782416e-05, 1.65224755619e-05, 2.06595268537e-05, 1.36696389745e-05, 1.61848402058e-05, 8.99315182323e-06, 1.96286237042e-05, 8.12342750578e-06, 9.38441589824e-05, 2.43141312239e-05, 3.35299446306e-05, 4.51266860182e-05, 2.38635020651e-05, 0.000171177845914, 0.000128726474941, 2.93144748866e-05],
        "mean": [0.005456475541, 0.00429695146158, 0.000726861762814, 0.000154212291818, 0.000862951157615, 0.000409577216487, 0.000872312230058, 0.000550488533918, 0.000741175259463, 0.000213105944567, 0.00014092073252, 7.07992076059e-05, 2.07523189601e-05, 1.0576247405e-05, 4.6647110139e-06, 3.70275597561e-06, 4.29150941272e-06, 3.39887856171e-06, 2.21846221393e-06, 2.4304724775e-06, 1.75056106855e-06, 1.55622899456e-06, 1.11380813905e-06, 1.00755664789e-06, 5.46735179796e-07, 3.63142561355e-07, 2.42111497073e-07, 1.31564988237e-07, 1.13812689051e-07, 1.01840832656e-07, 8.00149138058e-08, 7.24674009689e-08, 1.99319984517e-07, 1.20418278016e-07, 1.56595035605e-07, 2.14725275782e-07, 1.73772164658e-07, 4.57841110801e-07, 4.69595420327e-07, 2.72279493174e-07],
        "median": [0.00175928301178, 0.000521405774634, 0.000206961994991, 4.67718127766e-05, 0.000234479899518, 0.000120304583106, 0.00023311455152, 0.000116738621728, 0.000197213841602, 7.60168331908e-05, 2.48495671258e-05, 2.19285138883e-05, 7.87177668826e-06, 3.62165292245e-06, 2.44197053689e-06, 1.6833562313e-06, 1.40420593198e-06, 1.07255095827e-06, 7.79684285135e-07, 5.56606835289e-07, 5.11737539455e-07, 4.22824712132e-07, 2.57247933177e-07, 1.5132653175e-07, 8.79469865822e-08, 6.58913066331e-08, 3.01586418061e-08, 1.57296931036e-08, 1.11446611939e-08, 8.3700433251e-09, 4.43173764353e-09, 3.79614295554e-09, 2.77760903167e-09, 1.46011136515e-09, 1.1636849262e-09, 1.05906339254e-09, 9.21201115389e-10, 6.61542265412e-10, 5.11090947342e-10, 3.9271724761e-10],
        "min": [3.72993157511e-24, 1.95503595356e-24, 6.77271087037e-24, 1.65628762344e-23, 5.41802685911e-24, 3.83815421941e-24, 3.56802891837e-24, 3.23019706634e-24, 6.39870166002e-24, 5.52529734829e-24, 3.81127733394e-24, 7.42738574675e-24, 7.09074487748e-24, 5.28127782119e-24, 9.82293227941e-24, 1.06762991297e-23, 2.84285965656e-24, 8.54947727556e-24, 9.33234757107e-24, 3.6142534064e-24, 9.1439170998e-24, 9.77189140112e-24, 7.25377402759e-24, 9.87590981123e-24, 7.50027807212e-24, 5.80379167467e-24, 7.4876247432e-24, 6.61313338115e-24, 8.69948390985e-24, 5.36130776002e-24, 1.05546189128e-23, 8.4055819467e-24, 5.82391788295e-24, 8.98822198952e-24, 6.51842155757e-24, 7.62756393462e-24, 9.07089619011e-24, 7.83575063839e-24, 1.06461591211e-23, 8.07046831213e-24],
        "var": [6.70481167617e-05, 4.49785111414e-05, 3.45587091033e-06, 1.20575521123e-07, 2.14580131797e-06, 7.8357379607e-07, 4.33647346654e-06, 2.58146747001e-06, 1.78763821168e-06, 1.73071029508e-07, 1.66169868976e-07, 1.73407528337e-08, 1.84242987533e-09, 4.00777105947e-10, 3.76250003375e-11, 3.40543322708e-11, 7.67666555324e-11, 3.93987689695e-11, 1.42092006564e-11, 4.35960885448e-11, 9.19066905913e-12, 1.03301854917e-11, 6.29717371997e-12, 6.97541503725e-12, 1.65967922999e-12, 7.15025261222e-13, 8.15341067231e-13, 2.62925450726e-13, 2.11786954619e-13, 1.92465563886e-13, 1.82321971648e-13, 1.36754160513e-13, 4.89629951167e-12, 6.92678173934e-13, 1.2578504861e-12, 2.18260479135e-12, 1.38067042608e-12, 2.33492652296e-11, 1.56892103476e-11, 3.08718632255e-12]
    },
    "mfcc": {
        "mean": [-806.508422852, 210.486358643, 12.5736265182, 5.16671895981, -1.36427271366, -15.4664297104, -8.38765525818, 2.55473661423, 4.95419216156, 4.44915294647, 5.11516618729, 3.34949660301, 3.74533772469],
        "cov": [[10919.7001953, 2890.51757812, -129.69682312, 1193.29541016, 543.02532959, 108.480651855, 575.11529541, 911.505859375, 843.360168457, 733.02935791, 554.811706543, 257.947113037, 5.52313947678], [2890.51757812, 3771.5859375, 73.6970443726, 476.141357422, 182.202423096, 63.6028671265, 296.431060791, 428.993103027, 464.385498047, 330.216644287, 293.899139404, 202.082687378, 20.5455245972], [-129.69682312, 73.6970443726, 1111.58898926, 58.2758255005, 137.119140625, 249.619155884, 219.864044189, 181.354629517, 169.845977783, 128.322952271, 98.788772583, 91.0716323853, 59.6316642761], [1193.29541016, 476.141357422, 58.2758255005, 691.027038574, 221.823043823, 192.55581665, 252.122940063, 266.603851318, 273.333862305, 183.686309814, 133.807647705, 121.536064148, 15.8468751907], [543.02532959, 182.202423096, 137.119140625, 221.823043823, 380.292663574, 151.751083374, 176.973617554, 188.750808716, 130.266387939, 121.401313782, 100.551307678, 55.1854476929, 21.0221691132], [108.480651855, 63.6028671265, 249.619155884, 192.55581665, 151.751083374, 393.190429688, 237.013931274, 101.34941864, 137.204193115, 69.8147888184, 72.8787460327, 57.1877593994, -23.5979785919], [575.11529541, 296.431060791, 219.864044189, 252.122940063, 176.973617554, 237.013931274, 346.649719238, 246.843032837, 189.056594849, 145.318267822, 130.045135498, 90.9202194214, 1.110491395], [911.505859375, 428.993103027, 181.354629517, 266.603851318, 188.750808716, 101.34941864, 246.843032837, 357.688537598, 231.971878052, 188.904953003, 156.682662964, 93.7161483765, 47.9517021179], [843.360168457, 464.385498047, 169.845977783, 273.333862305, 130.266387939, 137.204193115, 189.056594849, 231.971878052, 297.392608643, 198.912261963, 139.961669922, 96.0609664917, 20.5115699768], [733.02935791, 330.216644287, 128.322952271, 183.686309814, 121.401313782, 69.8147888184, 145.318267822, 188.904953003, 198.912261963, 254.395324707, 153.920196533, 85.2415008545, 37.5615882874], [554.811706543, 293.899139404, 98.788772583, 133.807647705, 100.551307678, 72.8787460327, 130.045135498, 156.682662964, 139.961669922, 153.920196533, 196.94354248, 89.6662979126, 26.2006034851], [257.947113037, 202.082687378, 91.0716323853, 121.536064148, 55.1854476929, 57.1877593994, 90.9202194214, 93.7161483765, 96.0609664917, 85.2415008545, 89.6662979126, 132.294219971, 32.3679656982], [5.52313947678, 20.5455245972, 59.6316642761, 15.8468751907, 21.0221691132, -23.5979785919, 1.110491395, 47.9517021179, 20.5115699768, 37.5615882874, 26.2006034851, 32.3679656982, 113.236442566]],
