{
"lowlevel": {
    "average_loudness": 0.928765773773,
    "barkbands_crest": {
        "dmean": 3.00112295151,
        "dmean2": 4.82160329819,
        "dvar": 8.05412864685,
        "dvar2": 20.0548839569,
        "max": 26.7948989868,
        "mean": 12.2060785294,
        "median": 11.5075855255,
        "min": 2.31358337402,
        "var": 24.8943786621
    },
    "barkbands_flatness_db": {
        "dmean": 0.0386459007859,
        "dmean2": 0.054359421134,
        "dvar": 0.00175485375803,
        "dvar2": 0.00357441324741,
        "max": 0.636127769947,
        "mean": 0.186654523015,
        "median": 0.17151966691,
        "min": 0.0172854624689,
        "var": 0.00911111850291
    },
    "barkbands_kurtosis": {
        "dmean": 10.8076381683,
        "dmean2": 16.722322464,
        "dvar": 4694.37792969,
        "dvar2": 10609.09375,
        "max": 3810.10302734,
        "mean": 17.3237514496,
        "median": 2.88250637054,
        "min": -1.91983985901,
        "var": 11484.2529297
    },
    "barkbands_skewness": {
        "dmean": 0.849773466587,
        "dmean2": 1.2826308012,
        "dvar": 1.85180532932,
        "dvar2": 4.00099420547,
        "max": 47.8423805237,
        "mean": 2.17800307274,
        "median": 1.66840732098,
        "min": -4.59939098358,
        "var": 8.43803977966
    },
    "barkbands_spread": {
        "dmean": 7.6527428627,
        "dmean2": 11.961938858,
        "dvar": 105.903404236,
        "dvar2": 249.90397644,
        "max": 114.969062805,
        "mean": 22.7845153809,
        "median": 16.862613678,
        "min": 0.0386128760874,
        "var": 331.481079102
    },
    "dissonance": {
        "dmean": 0.0196129288524,
        "dmean2": 0.0325638987124,
        "dvar": 0.000699007126968,
        "dvar2": 0.00181519193575,
        "max": 0.500000119209,
        "mean": 0.459572166204,
        "median": 0.476897984743,
        "min": 0.0598042570055,
        "var": 0.00268389447592
    },
    "dynamic_complexity": 3.94716119766,
    "erbbands_crest": {
        "dmean": 2.63370990753,
        "dmean2": 4.18968105316,
        "dvar": 7.09676504135,
        "dvar2": 17.0808696747,
        "max": 31.9768028259,
        "mean": 10.0006656647,
        "median": 8.537733078,
        "min": 2.19313359261,
        "var": 29.2166004181
    },
    "erbbands_flatness_db": {
        "dmean": 0.0281787663698,
        "dmean2": 0.0378537215292,
        "dvar": 0.000941032718401,
        "dvar2": 0.00179857539479,
        "max": 0.5958340168,
        "mean": 0.175212159753,
        "median": 0.162713229656,
        "min": 0.0292629990727,
        "var": 0.0060611939989
    },
    "erbbands_kurtosis": {
        "dmean": 1.64704561234,
        "dmean2": 2.53454065323,
        "dvar": 37.4715766907,
        "dvar2": 87.7110443115,
        "max": 320.283905029,
        "mean": 1.62796127796,
        "median": -0.074286699295,
        "min": -1.89587664604,
        "var": 86.9517669678
    },
    "erbbands_skewness": {
        "dmean": 0.45304146409,
        "dmean2": 0.684509336948,
        "dvar": 0.292072802782,
        "dvar2": 0.659348547459,
        "max": 12.1432609558,
        "mean": 0.177488058805,
        "median": 0.0702584907413,
        "min": -4.10326766968,
        "var": 1.36653721333
    },
    "erbbands_spread": {
        "dmean": 9.85408210754,
        "dmean2": 15.1586685181,
        "dvar": 158.672836304,
        "dvar2": 359.324401855,
        "max": 227.780685425,
        "mean": 40.5036010742,
        "median": 36.4332427979,
        "min": 0.37706309557,
        "var": 565.994262695
    },
    "hfc": {
        "dmean": 6.9164018631,
        "dmean2": 10.653635025,
        "dvar": 117.686271667,
        "dvar2": 288.609222412,
        "max": 166.833908081,
        "mean": 17.5530853271,
        "median": 9.71281433105,
        "min": 1.19645997838e-16,
        "var": 388.999755859
    },
    "melbands_crest": {
        "dmean": 4.05491113663,
        "dmean2": 6.30541419983,
        "dvar": 13.6067867279,
        "dvar2": 31.7197704315,
        "max": 37.7422294617,
        "mean": 19.3498973846,
        "median": 18.5811271667,
        "min": 1.76240694523,
        "var": 57.7099189758
    },
    "melbands_flatness_db": {
        "dmean": 0.0442172028124,
        "dmean2": 0.0632481127977,
        "dvar": 0.00239561591297,
        "dvar2": 0.00493633886799,
        "max": 0.775342345238,
        "mean": 0.26468488574,
        "median": 0.245427623391,
        "min": 0.00508457887918,
        "var": 0.0131113613024
    },
    "melbands_kurtosis": {
        "dmean": 19.8202400208,
        "dmean2": 29.8476715088,
        "dvar": 4343.26757812,
        "dvar2": 9393.06445312,
        "max": 2489.03173828,
        "mean": 35.669052124,
        "median": 10.4787120819,
        "min": -1.8980038166,
        "var": 11240.7724609
    },
    "melbands_skewness": {
        "dmean": 1.10570311546,
        "dmean2": 1.67132687569,
        "dvar": 2.44129371643,
        "dvar2": 5.2735953331,
        "max": 38.0928001404,
        "mean": 3.5655901432,
        "median": 2.87391138077,
        "min": -3.9010310173,
        "var": 10.951666832
    },
    "melbands_spread": {
        "dmean": 8.42945098877,
        "dmean2": 13.4582500458,
        "dvar": 139.390213013,
        "dvar2": 339.43359375,
        "max": 163.715270996,
        "mean": 23.032037735,
        "median": 14.3652591705,
        "min": 0.105063833296,
        "var": 538.997070312
    },
    "pitch_salience": {
        "dmean": 0.0855113863945,
        "dmean2": 0.136079594493,
        "dvar": 0.00691069709137,
        "dvar2": 0.0167607460171,
        "max": 0.885327219963,
        "mean": 0.455445826054,
        "median": 0.457206964493,
        "min": 0.0241154767573,
        "var": 0.0220971405506
    },
    "silence_rate_20dB": {
        "dmean": 0,
        "dmean2": 0,
        "dvar": 0,
        "dvar2": 0,
        "max": 1,
        "mean": 1,
        "median": 1,
        "min": 1,
        "var": 0
    },
    "silence_rate_30dB": {
        "dmean": 0.000855371006764,
        "dmean2": 0.00171086401679,
        "dvar": 0.000854803656694,
        "dvar2": 0.00256402604282,
        "max": 1,
        "mean": 0.999572336674,
        "median": 1,
        "min": 0,
        "var": 0.000427464197855
    },
    "silence_rate_60dB": {
        "dmean": 0.0179627910256,
        "dmean2": 0.035928145051,
        "dvar": 0.0176382288337,
        "dvar2": 0.0381942428648,
        "max": 1,
        "mean": 0.125445470214,
        "median": 0,
        "min": 0,
        "var": 0.109718635678
    },
    "spectral_centroid": {
        "dmean": 316.124023438,
        "dmean2": 489.470062256,
        "dvar": 172571.3125,
        "dvar2": 397799.8125,
        "max": 10912.3935547,
        "mean": 1524.42651367,
        "median": 1248.12011719,
        "min": 80.9193725586,
        "var": 919269.625
    },
    "spectral_complexity": {
        "dmean": 4.37251424789,
        "dmean2": 6.57385206223,
        "dvar": 34.8595733643,
        "dvar2": 73.921661377,
        "max": 60,
        "mean": 14.8768358231,
        "median": 12,
        "min": 0,
        "var": 131.635681152
    },
    "spectral_decrease": {
        "dmean": 2.33661623383e-09,
        "dmean2": 3.5094576134e-09,
        "dvar": 8.48352300331e-18,
        "dvar2": 1.92096269458e-17,
        "max": 2.08854045169e-11,
        "mean": -7.9102138173e-09,
        "median": -7.02375047013e-09,
        "min": -3.20846496038e-08,
        "var": 3.56290479541e-17
    },
    "spectral_energy": {
        "dmean": 0.00903916265815,
        "dmean2": 0.0135468523949,
        "dvar": 0.000123240650282,
        "dvar2": 0.000278377963696,
        "max": 0.122344814241,
        "mean": 0.0314471013844,
        "median": 0.0290484391153,
        "min": 1.12162839551e-20,
        "var": 0.000531365862116
    },
    "spectral_energyband_high": {
        "dmean": 0.000693174195476,
        "dmean2": 0.00113914755639,
        "dvar": 1.72116972408e-06,
        "dvar2": 4.4411417548e-06,
        "max": 0.0178203210235,
        "mean": 0.00106494745705,
        "median": 0.000172867541551,
        "min": 8.32191759946e-21,
        "var": 3.48551407114e-06
    },
    "spectral_energyband_low": {
        "dmean": 0.00817948114127,
        "dmean2": 0.0124875102192,
        "dvar": 0.000123886871734,
        "dvar2": 0.000284954992821,
        "max": 0.118707887828,
        "mean": 0.019395602867,
        "median": 0.0124554261565,
        "min": 4.39732146934e-23,
        "var": 0.000402981066145
    },
    "spectral_energyband_middle_high": {
        "dmean": 0.00121644407045,
        "dmean2": 0.00184238166548,
        "dvar": 3.11725284519e-06,
        "dvar2": 6.88508680469e-06,
        "max": 0.0467646196485,
        "mean": 0.00354879326187,
        "median": 0.00182406324893,
        "min": 1.81624103644e-21,
        "var": 1.78860318556e-05
    },
    "spectral_energyband_middle_low": {
        "dmean": 0.00267447042279,
        "dmean2": 0.00419375812635,
        "dvar": 1.48142844409e-05,
        "dvar2": 3.46590968547e-05,
        "max": 0.0916434451938,
        "mean": 0.00792047940195,
        "median": 0.00661735562608,
        "min": 2.98523495301e-22,
        "var": 5.41170884389e-05
    },
    "spectral_entropy": {
        "dmean": 0.305984050035,
        "dmean2": 0.431480616331,
        "dvar": 0.127206742764,
        "dvar2": 0.261433541775,
        "max": 9.80782413483,
        "mean": 7.24395084381,
        "median": 7.34147453308,
        "min": 3.02766513824,
        "var": 0.583140075207
    },
    "spectral_flux": {
        "dmean": 0.0279689878225,
        "dmean2": 0.0437974818051,
        "dvar": 0.000938167038839,
        "dvar2": 0.00218410650268,
        "max": 0.293064594269,
        "mean": 0.0766769126058,
        "median": 0.0693912655115,
        "min": 1.05906956815e-10,
        "var": 0.00221389927901
    },
    "spectral_kurtosis": {
        "dmean": 4.10711765289,
        "dmean2": 6.28345632553,
        "dvar": 186.163787842,
        "dvar2": 379.264404297,
        "max": 407.661529541,
        "mean": 8.57622909546,
        "median": 4.08510828018,
        "min": -1.15809607506,
        "var": 543.893249512
    },
    "spectral_rms": {
        "dmean": 0.000777900335379,
        "dmean2": 0.00114021496847,
        "dvar": 7.46322882605e-07,
        "dvar2": 1.57953240887e-06,
        "max": 0.0109252370894,
        "mean": 0.00502225151286,
        "median": 0.00532352691516,
        "min": 3.30797758977e-12,
        "var": 5.45701141164e-06
    },
    "spectral_rolloff": {
        "dmean": 612.480651855,
        "dmean2": 1059.61877441,
        "dvar": 1704821.5,
        "dvar2": 4280623.5,
        "max": 18152.4902344,
        "mean": 1500.80175781,
        "median": 667.529296875,
        "min": 43.06640625,
        "var": 3812579.75
    },
    "spectral_skewness": {
        "dmean": 0.418691575527,
        "dmean2": 0.63004887104,
        "dvar": 0.475898832083,
        "dvar2": 0.932061195374,
        "max": 16.9687309265,
        "mean": 1.7462092638,
        "median": 1.48747360706,
        "min": -0.156672626734,
        "var": 2.13784241676
    },
    "spectral_spread": {
        "dmean": 843472.5625,
        "dmean2": 1164762.25,
        "dvar": 1.07996558131e+12,
        "dvar2": 1.9894019031e+12,
        "max": 38736148,
        "mean": 4391059,
        "median": 3907348,
        "min": 197315.296875,
        "var": 3.86830984806e+12
    },
    "spectral_strongpeak": {
        "dmean": 0.483985006809,
        "dmean2": 0.849268138409,
        "dvar": 2.26572728157,
        "dvar2": 5.88014316559,
        "max": 22.7502803802,
        "mean": 0.733135700226,
        "median": 0.294462621212,
        "min": 0,
        "var": 2.79777741432
    },
    "zerocrossingrate": {
        "dmean": 0.0123857902363,
        "dmean2": 0.0149078937247,
        "dvar": 0.000232833786868,
        "dvar2": 0.000302474596538,
        "max": 0.62255859375,
        "mean": 0.0548005402088,
        "median": 0.0400390625,
        "min": 0.00146484375,
        "var": 0.00225935480557
    },
    "barkbands": {
        "dmean": [0.00164247758221, 0.00678126281127, 0.00155172473751, 0.000898075231817, 0.00108071207069, 0.000834288832266, 0.000447413505754, 0.000427706516348, 0.000456359353848, 0.000299478153465, 0.000208218960324, 0.000167923950357, 0.000184190794243, 0.000120078904729, 0.000197913541342, 0.000186997407582, 0.000164511613548, 0.000130504311528, 0.000316336634569, 0.000152765744133, 0.000282704218989, 0.000162412485224, 0.000104544385977, 7.71011473262e-05, 4.88643272547e-05, 2.44594230026e-05, 2.68008225248e-05],
        "dmean2": [0.00228211493231, 0.0105344122276, 0.00273303338327, 0.00150377326645, 0.00176555651706, 0.00142186577432, 0.000669413828291, 0.000626386783551, 0.000697059964295, 0.000459920440335, 0.000329061120283, 0.000264697009698, 0.000293688528473, 0.000189201775356, 0.00030827044975, 0.000292076554615, 0.000265327515081, 0.000209078556509, 0.000502607028466, 0.00025431314134, 0.000465969671495, 0.000287545379251, 0.000173628912307, 0.000125047183246, 7.58948153816e-05, 3.86440588045e-05, 4.27817940363e-05],
        "dvar": [8.92608568392e-06, 9.26932552829e-05, 1.02027197499e-05, 2.65517655862e-06, 3.14671092383e-06, 3.51264156961e-06, 1.66322399764e-06, 2.24791301662e-06, 1.56743192292e-06, 2.8847554745e-07, 2.53192553146e-07, 9.15278448588e-08, 1.35166601467e-07, 5.82304444663e-08, 1.66953824987e-07, 1.74785000695e-07, 1.40939590665e-07, 6.69482886906e-08, 9.26359234654e-07, 1.29542002014e-07, 4.83021153741e-07, 1.46790497979e-07, 5.75675791481e-08, 2.90467223607e-08, 1.16860112698e-08, 7.5006489908e-09, 2.55448160402e-08],
        "dvar2": [1.781404535e-05, 0.00022349820938, 2.89173131023e-05, 7.05902721165e-06, 8.03645889391e-06, 9.61212390393e-06, 3.32630065714e-06, 4.42010605184e-06, 2.81949132841e-06, 6.07064748692e-07, 5.58979252219e-07, 2.06543219861e-07, 3.3529155985e-07, 1.32754109927e-07, 3.86218090398e-07, 3.91565123437e-07, 3.47942290091e-07, 1.67672197904e-07, 2.36262690123e-06, 3.61146277328e-07, 1.20834272366e-06, 4.06967274102e-07, 1.49599003407e-07, 7.42789652008e-08, 2.66172062169e-08, 1.7187600676e-08, 6.00135123818e-08],
        "max": [0.0622867867351, 0.109456479549, 0.0408482253551, 0.0293094646186, 0.0397946201265, 0.0470017902553, 0.0613653995097, 0.0817616134882, 0.0420447811484, 0.0170919988304, 0.0257667619735, 0.00608523236588, 0.00973850023001, 0.00349236861803, 0.00868150964379, 0.00921764969826, 0.00837036594748, 0.00528597738594, 0.04421845451, 0.00795903336257, 0.0170178692788, 0.0043758279644, 0.00400777161121, 0.00446225283667, 0.00206293445081, 0.00269928853959, 0.00554607156664],
        "mean": [0.00392553955317, 0.0133823622018, 0.00166758068372, 0.00121487036813, 0.00252120709047, 0.00139531551395, 0.000889657763764, 0.000851142918691, 0.000931872229557, 0.000547529489268, 0.000331853108946, 0.000269069190836, 0.000308238581056, 0.000150193009176, 0.000318160862662, 0.000336066354066, 0.000302813248709, 0.000241113186348, 0.00063984823646, 0.000249571952736, 0.000552086508833, 0.00015048700152, 9.58163072937e-05, 7.6827891462e-05, 4.95424719702e-05, 2.42997339228e-05, 2.40292229137e-05],
        "median": [0.00108698918484, 0.00809213519096, 0.000719254487194, 0.000431238120655, 0.00152742897626, 0.000690053391736, 0.000195340428036, 0.000195736181922, 0.000246677111136, 0.000224894058192, 7.32158805477e-05, 8.88152862899e-05, 6.50233996566e-05, 3.36793164024e-05, 6.57016280456e-05, 6.49007997708e-05, 8.36535473354e-05, 8.74238903634e-05, 8.37171610328e-05, 2.71536537184e-05, 4.34853936895e-05, 2.04970128834e-05, 1.29622121676e-05, 6.82048630551e-06, 4.83342410007e-06, 1.64980747286e-06, 2.62766349124e-07],
        "min": [8.88261520799e-25, 5.66576783753e-24, 3.09868223885e-23, 1.68349480497e-23, 3.59932492374e-23, 1.85639418273e-23, 6.30471266969e-23, 8.09979027198e-23, 6.45191663896e-23, 8.35177263995e-23, 9.33806144837e-23, 1.2830115804e-22, 8.48275068703e-23, 1.21174576001e-22, 1.41602791785e-22, 7.50881859582e-23, 1.22569951035e-22, 2.48670565804e-22, 4.07313194903e-22, 5.9440389005e-22, 5.44450743664e-22, 3.39438239466e-22, 8.35896402218e-22, 8.72220758465e-22, 1.42911202793e-21, 1.83802258413e-21, 2.32491692543e-21],
        "var": [3.70756933989e-05, 0.000222195347305, 8.70133408171e-06, 3.77294804821e-06, 9.59850422078e-06, 7.55099472372e-06, 9.06130298972e-06, 9.6633020803e-06, 7.76058186602e-06, 1.27308476294e-06, 6.17823218363e-07, 1.89731551359e-07, 3.66343471114e-07, 8.18565055738e-08, 3.02602074953e-07, 5.1609873708e-07, 3.53496147909e-07, 1.53448524998e-07, 2.91736273539e-06, 2.91084631954e-07, 1.72706063495e-06, 1.16899236957e-07, 5.69365710135e-08, 3.49984716763e-08, 1.54491193172e-08, 9.2176328792e-09, 2.70036899508e-08]
    },
    "erbbands": {
        "dmean": [0.323053836823, 1.26348674297, 1.75430071354, 2.5729227066, 2.75941109657, 3.97943162918, 7.36885643005, 5.39608430862, 6.51854228973, 5.72488307953, 9.94247531891, 12.0659284592, 5.7938542366, 10.8319740295, 7.9779419899, 7.25353050232, 8.66550064087, 6.1336607933, 9.72591495514, 9.28612613678, 10.4786701202, 6.88843011856, 6.15261650085, 13.5604753494, 14.2462539673, 6.94685268402, 12.2049865723, 8.63539791107, 5.0128288269, 4.90290594101, 2.96849060059, 1.82374513149, 1.1742297411, 0.627371430397, 0.309648066759, 0.130185902119, 0.0398125983775, 0.0176077391952, 0.00471993535757, 0.000262925983407],
        "dmean2": [0.489392608404, 2.00015974045, 3.000395298, 4.35525417328, 4.591173172, 6.43874406815, 12.3957967758, 9.06888103485, 9.75021934509, 8.43187141418, 14.9715604782, 18.3603343964, 8.98233985901, 16.6941890717, 12.5218009949, 11.4494657516, 13.7537746429, 9.61324596405, 15.1149549484, 14.5458421707, 16.5058574677, 11.1604299545, 9.69500350952, 21.7626800537, 22.6943073273, 11.4139213562, 19.8227291107, 14.5423126221, 8.77298259735, 8.67605495453, 4.90533018112, 2.96754622459, 1.91144692898, 0.98384141922, 0.48581379652, 0.205267131329, 0.0626145228744, 0.0280442722142, 0.00753878615797, 0.000414102891227],
        "dvar": [0.236767962575, 3.65815854073, 11.3454494476, 22.3842639923, 24.2630519867, 45.775478363, 262.279266357, 151.729049683, 366.622070312, 490.563446045, 892.265563965, 1262.44616699, 118.112312317, 374.148498535, 301.640136719, 185.445602417, 294.389434814, 141.089324951, 411.33984375, 384.972015381, 464.078918457, 231.414825439, 135.881561279, 2124.97094727, 1437.09716797, 198.753890991, 1061.3807373, 386.069854736, 139.433959961, 150.494125366, 50.4744796753, 18.1229286194, 6.85775995255, 2.28628444672, 0.501405000687, 0.188482478261, 0.0260225255042, 0.00834915600717, 0.00080268830061, 2.97914016301e-06],
        "dvar2": [0.54638761282, 8.85003852844, 31.2770633698, 59.5883293152, 64.467880249, 114.478096008, 712.199829102, 372.221862793, 728.346740723, 1116.50195312, 1464.16650391, 2246.04882812, 254.725891113, 806.730529785, 673.238830566, 416.602844238, 726.248901367, 319.460540771, 947.929016113, 878.924194336, 1090.32727051, 593.035095215, 319.961730957, 5660.52490234, 3498.14648438, 517.544067383, 2527.4206543, 1042.11633301, 384.176483154, 417.045074463, 130.880630493, 45.9051780701, 17.401922226, 5.35954999924, 1.19595587254, 0.449948102236, 0.0623809881508, 0.0207283888012, 0.00193672906607, 6.24455469733e-06],
        "max": [5.49205207825, 26.4814052582, 40.6635055542, 68.2111968994, 108.242286682, 159.936203003, 330.972137451, 427.429138184, 877.220092773, 1632.48693848, 1061.32202148, 1207.91674805, 375.172729492, 567.028259277, 940.940917969, 313.21762085, 405.894958496, 178.351333618, 408.649688721, 380.022399902, 520.573669434, 260.780212402, 337.355285645, 1908.31555176, 1102.17333984, 231.813354492, 901.641296387, 593.110778809, 136.037155151, 164.62689209, 153.752563477, 141.099624634, 38.1937026978, 44.6222229004, 12.8669805527, 17.7430038452, 4.75369882584, 3.18844032288, 1.018217206, 0.0447360910475],
        "mean": [0.645974874496, 1.945515275, 2.24769425392, 3.66201543808, 5.06531143188, 9.30193424225, 13.1719360352, 8.965051651, 13.5107336044, 12.630150795, 19.317565918, 25.521484375, 11.6410474777, 19.8315887451, 13.7460193634, 12.6164627075, 14.8875923157, 9.07703208923, 16.1309261322, 14.1976423264, 21.5188617706, 13.3506278992, 12.4164247513, 28.4382591248, 27.337726593, 13.1726140976, 22.7788219452, 15.0859594345, 5.33964014053, 4.04199409485, 2.80724787712, 1.80982351303, 1.14134085178, 0.63684874773, 0.30440479517, 0.132440909743, 0.0371594503522, 0.0158659014851, 0.00425337720662, 0.000273312092759],
        "median": [0.29753446579, 1.03234028816, 1.1426243782, 1.50449740887, 3.37579393387, 4.92518424988, 6.9171462059, 3.67325878143, 3.25522732735, 3.18999767303, 6.01864624023, 6.72218704224, 5.14978122711, 8.27594184875, 4.93931007385, 4.85894632339, 3.55838394165, 3.01734232903, 3.89730024338, 3.06852245331, 4.50647306442, 4.56858348846, 4.46859407425, 5.27877426147, 3.33650875092, 1.46481978893, 1.50270724297, 1.55532765388, 0.707617640495, 0.575837373734, 0.403668552637, 0.165847197175, 0.111521437764, 0.0645495355129, 0.0268067047, 0.0108187245205, 0.00240992987528, 0.00047355319839, 6.8068926339e-05, 4.77026624139e-05],
        "min": [1.35864491342e-22, 1.73752458257e-21, 2.1943599155e-20, 5.82560234837e-20, 1.40574058902e-19, 7.90785441083e-20, 8.52178139911e-20, 1.75046888479e-19, 6.20537247057e-19, 1.80637923731e-18, 1.34246574411e-18, 1.81219328304e-18, 1.78083672718e-18, 3.06268895074e-18, 4.39629869242e-18, 5.02203228808e-18, 4.38542085377e-18, 6.22204595018e-18, 5.02218118059e-18, 6.83184928802e-18, 4.17785187317e-18, 9.28550686723e-18, 1.44729657652e-17, 2.14488991626e-17, 1.87172675386e-17, 2.66170111333e-17, 2.29684150586e-17, 2.00236735846e-17, 1.24419230328e-17, 1.37966347723e-17, 2.2321167736e-17, 1.98947326707e-17, 1.59289723882e-17, 1.40645536096e-17, 1.1222544659e-17, 5.57542728482e-18, 3.91769281717e-18, 1.21053343494e-18, 3.51583606789e-19, 3.67202986877e-20],
        "var": [0.658910274506, 6.17636156082, 11.0999317169, 31.535068512, 41.2356872559, 150.57963562, 507.069122314, 463.239807129, 2064.47119141, 2339.16381836, 3230.68945312, 6061.66845703, 594.1171875, 1252.2598877, 756.55279541, 414.621582031, 782.63861084, 232.884597778, 786.319519043, 771.568847656, 1503.86242676, 522.184631348, 397.974304199, 6180.07617188, 4173.42724609, 665.614318848, 3492.60498047, 1001.34106445, 122.954193115, 111.216316223, 54.7699928284, 23.5304641724, 7.06990385056, 2.80096316338, 0.575868487358, 0.228546321392, 0.0278030969203, 0.00816587544978, 0.000820178422146, 3.6835492665e-06]
    },
    "gfcc": {
        "mean": [-51.8964691162, 95.8546218872, -106.449531555, 37.5402603149, -47.2356109619, 12.0613517761, -20.2227897644, 12.9333105087, -16.605348587, 0.874295532703, -8.44099998474, 2.58995103836, -2.26876020432],
        "cov": [[19158.8828125, -282.397735596, -62.7989006042, 2379.07299805, 617.648254395, 114.964698792, -477.654846191, -261.184265137, -366.012481689, 233.426849365, -640.291442871, -186.161911011, -132.240158081], [-282.397735596, 3027.50048828, 344.253875732, -176.314712524, 386.821411133, -381.054351807, -14.0853366852, -383.266479492, 102.80431366, -106.937454224, 260.818969727, 47.2450790405, 261.301086426], [-62.7989006042, 344.253875732, 2019.97595215, -19.958946228, 68.4206085205, 285.568481445, -161.106933594, -85.4102935791, 72.8901596069, 69.3629302979, 115.855407715, 119.663787842, -44.3890724182], [2379.07299805, -176.314712524, -19.958946228, 1293.35961914, 344.878631592, 80.4924697876, 39.0664176941, 1.51041901112, -18.6027412415, -1.83231210709, -200.188461304, -83.7841415405, 51.2867851257], [617.648254395, 386.821411133, 68.4206085205, 344.878631592, 534.442687988, 13.8522567749, 63.8143157959, -11.9577178955, 35.1106491089, -46.4577598572, -59.87059021, -33.3041877747, 48.575378418], [114.964698792, -381.054351807, 285.568481445, 80.4924697876, 13.8522567749, 463.290100098, 10.3295869827, 130.150390625, 34.092212677, -4.84330844879, -41.4202842712, 13.7269296646, -51.445602417], [-477.654846191, -14.0853366852, -161.106933594, 39.0664176941, 63.8143157959, 10.3295869827, 300.265319824, 95.3832092285, 40.5767326355, -1.4300339222, 2.15453028679, -20.196975708, 8.95634651184], [-261.184265137, -383.266479492, -85.4102935791, 1.51041901112, -11.9577178955, 130.150390625, 95.3832092285, 283.11138916, 66.0240325928, -7.42132854462, -42.6244316101, -22.6861610413, -51.6253204346], [-366.012481689, 102.80431366, 72.8901596069, -18.6027412415, 35.1106491089, 34.092212677, 40.5767326355, 66.0240325928, 190.36781311, 34.2903060913, 29.286277771, -14.2096328735, 3.33973145485], [233.426849365, -106.937454224, 69.3629302979, -1.83231210709, -46.4577598572, -4.84330844879, -1.4300339222, -7.42132854462, 34.2903060913, 181.524612427, 28.4203739166, 2.47321891785, -22.7572402954], [-640.291442871, 260.818969727, 115.855407715, -200.188461304, -59.87059021, -41.4202842712, 2.15453028679, -42.6244316101, 29.286277771, 28.4203739166, 194.117233276, 63.9608764648, 27.3614006042], [-186.161911011, 47.2450790405, 119.663787842, -83.7841415405, -33.3041877747, 13.7269296646, -20.196975708, -22.6861610413, -14.2096328735, 2.47321891785, 63.9608764648, 135.679656982, 38.9625549316], [-132.240158081, 261.301086426, -44.3890724182, 51.2867851257, 48.575378418, -51.445602417, 8.95634651184, -51.6253204346, 3.33973145485, -22.7572402954, 27.3614006042, 38.9625549316, 131.680374146]],
        "icov": [[8.43273010105e-05, -4.0382543375e-05, 2.30875320995e-05, -0.000141170545248, -2.08578549064e-05, -2.50116572715e-05, 0.000134766305564, 1.08871472548e-05, 0.000135113165015, -0.000175880486495, 0.00016590404266, -6.89294174663e-05, 0.000172709522303], [-4.0382543375e-05, 0.000702113844454, -0.000138261995744, 0.000217254986637, -0.000461112154881, 0.000341915263562, -0.000117706171295, 0.000625678396318, -0.000486983626615, 0.000524763774592, -0.000720622309018, 0.000427912193118, -0.000881876971107], [2.30875320995e-05, -0.000138261995744, 0.000712496927008, -9.70885666902e-05, -0.000105558552605, -0.000531463127118, 0.000351234688424, 0.000253701524343, -0.00019356230041, -0.000255903025391, -0.000184981239727, -0.00060396688059, 0.000660246703774], [-0.000141170545248, 0.000217254986637, -9.70885666902e-05, 0.00141860020813, -0.000646266387776, -8.43369562062e-05, -0.00028533351724, 0.000180546456249, -0.000101621713839, -2.60727574641e-05, 0.000580477702897, 0.000578074192163, -0.00115607352927], [-2.08578549064e-05, -0.000461112154881, -0.000105558552605, -0.000646266387776, 0.00289172446355, -0.000159755480126, -0.000552999554202, -9.29740199354e-05, -0.000359845318599, 0.000448735576356, 0.00076973362593, 7.81299459049e-05, -0.00011416667985], [-2.50116572715e-05, 0.000341915263562, -0.000531463127118, -8.43369562062e-05, -0.000159755480126, 0.00317840813659, -3.11370458803e-05, -0.00104176567402, -0.000372756418074, 0.000514201004989, 0.000195785920369, -0.000487806799356, 0.000246448704274], [0.000134766305564, -0.000117706171295, 0.000351234688424, -0.00028533351724, -0.000552999554202, -3.11370458803e-05, 0.00438520591706, -0.001518520643, 4.84713236801e-05, -0.000513266480993, -0.000462895142846, 0.000291494041448, -0.000183326148544], [1.08871472548e-05, 0.000625678396318, 0.000253701524343, 0.000180546456249, -9.29740199354e-05, -0.00104176567402, -0.001518520643, 0.00629414850846, -0.00234292517416, 0.000967730768025, 0.000504641386215, -0.000245192757575, 0.00117712526117], [0.000135113165015, -0.000486983626615, -0.00019356230041, -0.000101621713839, -0.000359845318599, -0.000372756418074, 4.84713236801e-05, -0.00234292517416, 0.00736237643287, -0.00195017969236, -0.000788287492469, 0.00138648808934, -0.000628570793197], [-0.000175880486495, 0.000524763774592, -0.000255903025391, -2.60727574641e-05, 0.000448735576356, 0.000514201004989, -0.000513266480993, 0.000967730768025, -0.00195017969236, 0.00700581539422, -0.00156785338186, 0.000134716727189, 0.000701746321283], [0.00016590404266, -0.000720622309018, -0.000184981239727, 0.000580477702897, 0.00076973362593, 0.000195785920369, -0.000462895142846, 0.000504641386215, -0.000788287492469, -0.00156785338186, 0.00916455872357, -0.00322667788714, 0.000129510837724], [-6.89294174663e-05, 0.000427912193118, -0.00060396688059, 0.000578074192163, 7.81299459049e-05, -0.000487806799356, 0.000291494041448, -0.000245192757575, 0.00138648808934, 0.000134716727189, -0.00322667788714, 0.0109779331833, -0.00427210563794], [0.000172709522303, -0.000881876971107, 0.000660246703774, -0.00115607352927, -0.00011416667985, 0.000246448704274, -0.000183326148544, 0.00117712526117, -0.000628570793197, 0.000701746321283, 0.000129510837724, -0.00427210563794, 0.0121771143749]]
    },
    "melbands": {
        "dmean": [0.00226592761464, 0.00109352485742, 0.000419224670622, 0.000252083525993, 0.000220526955673, 0.000126707251184, 9.91437409539e-05, 6.48643399472e-05, 8.4721345047e-05, 7.05343481968e-05, 2.90233110718e-05, 4.61507479486e-05, 2.79971627606e-05, 2.05103297048e-05, 1.82024887181e-05, 1.69841932802e-05, 1.16134033306e-05, 1.50733058035e-05, 1.25964106701e-05, 1.43408387885e-05, 1.2667408555e-05, 8.41702694743e-06, 6.25159282208e-06, 6.40629104964e-06, 1.23278014144e-05, 1.34786641866e-05, 7.00285181665e-06, 4.45604882771e-06, 6.66033383823e-06, 9.16310727916e-06, 4.67900463264e-06, 3.16452837978e-06, 2.72633383247e-06, 2.52849645221e-06, 1.9532483293e-06, 1.23157985854e-06, 1.04722676042e-06, 8.8115359631e-07, 6.62294837639e-07, 5.00729868236e-07],
        "dmean2": [0.00346820079722, 0.0017778709298, 0.00070494186366, 0.000407208979595, 0.000368611857994, 0.000214460320421, 0.00014765074593, 9.46861619013e-05, 0.000128288666019, 0.00010763197497, 4.51597297797e-05, 7.11664615665e-05, 4.40857329522e-05, 3.22359956044e-05, 2.91848318739e-05, 2.68578078249e-05, 1.8359054593e-05, 2.34910967265e-05, 1.97903082153e-05, 2.22823200602e-05, 2.00744325412e-05, 1.3799255612e-05, 9.77981017058e-06, 1.02605790744e-05, 1.98586949409e-05, 2.12481609196e-05, 1.15662396638e-05, 7.34737523089e-06, 1.0773908798e-05, 1.50490095621e-05, 7.92475657363e-06, 5.55843871552e-06, 4.88639761898e-06, 4.42872578788e-06, 3.23598692376e-06, 2.02953697226e-06, 1.71416957073e-06, 1.4459412796e-06, 1.05416847873e-06, 7.92329899468e-07],
        "dvar": [1.06362704173e-05, 3.25453197547e-06, 5.77337971208e-07, 1.84352444421e-07, 2.08195302775e-07, 8.11224651898e-08, 8.47969801043e-08, 7.22178086221e-08, 5.60741959532e-08, 4.26404049847e-08, 2.88587309605e-09, 6.95017199348e-09, 4.79471973236e-09, 1.28595345483e-09, 1.17920728737e-09, 1.32732402847e-09, 5.70768765584e-10, 9.47438127952e-10, 7.38982097737e-10, 1.24821852854e-09, 7.40055405846e-10, 4.38219988075e-10, 1.82868817311e-10, 1.70967726087e-10, 1.99242333743e-09, 1.56622792513e-09, 4.22875567896e-10, 8.57372089991e-11, 2.93471302815e-10, 7.08574698915e-10, 1.0565718439e-10, 6.19146331426e-11, 4.42348171981e-11, 4.02055229387e-11, 2.58504606609e-11, 8.30800098855e-12, 6.27515314017e-12, 4.5369315943e-12, 2.13496885101e-12, 2.0455399527e-12],
        "dvar2": [2.47424795816e-05, 8.17780346551e-06, 1.52925088059e-06, 4.69845105044e-07, 5.5153429912e-07, 2.06735492725e-07, 1.6695354077e-07, 1.64016526583e-07, 9.36354567216e-08, 7.60956382351e-08, 6.29285690223e-09, 1.49787133807e-08, 1.01917283502e-08, 2.92623170139e-09, 2.97521607351e-09, 3.11857206725e-09, 1.30360178208e-09, 2.18427165244e-09, 1.72841385648e-09, 2.71106226357e-09, 1.77516357169e-09, 1.14255283012e-09, 4.10673994811e-10, 4.20506574006e-10, 5.32099608819e-09, 3.82064779814e-09, 1.17080056761e-09, 2.23676230315e-10, 6.7692351724e-10, 1.74902625716e-09, 2.84934770223e-10, 1.72287767386e-10, 1.22695534288e-10, 1.1011205836e-10, 6.73331043699e-11, 2.14051554259e-11, 1.57865803763e-11, 1.17167421598e-11, 5.2458050924e-12, 5.02553120646e-12],
        "max": [0.0346306748688, 0.0193324834108, 0.0112354401499, 0.0109349060804, 0.00909056421369, 0.00914570968598, 0.0137163326144, 0.0199932456017, 0.00803608912975, 0.00716776354238, 0.00190705573186, 0.002471877262, 0.00415235152468, 0.000698125455528, 0.000567254784983, 0.00133095972706, 0.000394892529584, 0.000611279334407, 0.000728002109099, 0.000879420666024, 0.000575950485654, 0.000358028395567, 0.000443620956503, 0.000315842509735, 0.00180363154504, 0.00162314053159, 0.000478885922348, 0.000132546294481, 0.000549576187041, 0.000737364636734, 0.000170632614754, 0.000102706697362, 9.02385727386e-05, 8.33614249132e-05, 0.000132016444695, 8.15756866359e-05, 6.74724942655e-05, 3.40996339219e-05, 2.58066665992e-05, 5.01781760249e-05],
        "mean": [0.00479739718139, 0.00167166651227, 0.000608112663031, 0.000577051192522, 0.000425574398832, 0.000208712968742, 0.000203019895707, 0.000144230565638, 0.000165998280863, 0.000146126389154, 5.42986344954e-05, 8.20083005237e-05, 4.51654887001e-05, 3.46252672898e-05, 3.06322144752e-05, 2.87799048238e-05, 1.50887408381e-05, 2.43928734562e-05, 1.84552063729e-05, 2.29410998145e-05, 2.56540442933e-05, 1.48792159962e-05, 1.09164820969e-05, 1.21059920275e-05, 2.37011772697e-05, 2.51900928561e-05, 1.21317079902e-05, 7.16811609891e-06, 1.15950342661e-05, 1.61304324138e-05, 6.88790942149e-06, 3.20610888593e-06, 2.20299762077e-06, 2.05300648304e-06, 1.81623818207e-06, 1.19116555197e-06, 1.0291551007e-06, 8.3192907141e-07, 6.57520445202e-07, 4.9328014029e-07],
        "median": [0.00264126760885, 0.000898476690054, 0.000281119777355, 0.000319212471368, 0.000243585964199, 9.17767611099e-05, 4.66152851004e-05, 3.62459977623e-05, 4.97400142194e-05, 3.82522157452e-05, 2.30657678912e-05, 3.23628264596e-05, 1.24252028399e-05, 1.33254561661e-05, 9.9522567325e-06, 5.74211026105e-06, 3.45103421751e-06, 5.64679521631e-06, 4.28912335337e-06, 4.03293051932e-06, 4.85411601403e-06, 4.64916593046e-06, 3.425221621e-06, 4.20697779191e-06, 3.76446405426e-06, 2.63168499259e-06, 1.36997834943e-06, 8.0525813928e-07, 8.88411364031e-07, 7.98588018824e-07, 7.93119284026e-07, 3.19001202342e-07, 2.70649223921e-07, 2.31370663073e-07, 2.41920531607e-07, 1.14780121407e-07, 8.42398364398e-08, 7.29712397174e-08, 6.80070968428e-08, 4.31328217587e-08],
        "min": [1.39602860574e-24, 9.04854776066e-24, 1.29952007257e-23, 8.39533227696e-24, 2.84418691503e-24, 4.24020112406e-24, 9.64750223587e-24, 1.97993469143e-23, 1.11579042344e-23, 1.03056402116e-23, 8.98239072971e-24, 1.22948563249e-23, 1.42989842759e-23, 1.35697991204e-23, 1.20598207402e-23, 8.44858117692e-24, 1.25494367274e-23, 6.63568415341e-24, 1.3760955895e-23, 5.05342836492e-24, 4.72564482589e-24, 7.16257855151e-24, 1.6050995437e-23, 1.05843376697e-23, 1.89644701747e-23, 1.11414556956e-23, 1.85213875146e-23, 1.76444392453e-23, 1.32777107485e-23, 1.54259888304e-23, 1.03590800159e-23, 8.0926771132e-24, 4.62328854571e-24, 9.01900491976e-24, 1.22051170861e-23, 1.54160507607e-23, 1.059908148e-23, 1.23849182079e-23, 8.93678273647e-24, 1.25260959109e-23],
        "var": [3.1188090361e-05, 4.62413845526e-06, 7.87128158208e-07, 5.79218067287e-07, 4.44566268243e-07, 2.22151371077e-07, 4.82566633764e-07, 3.49150866441e-07, 2.08941443702e-07, 2.03241967256e-07, 1.4273068949e-08, 2.26279830429e-08, 1.17224194796e-08, 2.88458301689e-09, 2.55045473629e-09, 4.26711421753e-09, 8.43061065403e-10, 1.79513282017e-09, 1.13961451387e-09, 3.2823335161e-09, 2.27970065048e-09, 7.97747035097e-10, 6.08134764768e-10, 4.09956596448e-10, 5.38798916594e-09, 4.49408465997e-09, 8.76983596854e-10, 2.11431788744e-10, 9.47568135068e-10, 2.12693507251e-09, 1.94467206227e-10, 5.25340465574e-11, 3.31849582536e-11, 2.9637951815e-11, 2.74566237801e-11, 1.01686142145e-11, 7.80433790509e-12, 4.40502799168e-12, 2.41160086692e-12, 2.24742164982e-12]
    },
    "mfcc": {
        "mean": [-695.960571289, 123.280525208, 4.91528987885, 33.4339561462, 4.14516067505, 6.48304128647, 7.41580200195, 11.303565979, 6.24827194214, 4.9460978508, 2.61565613747, 0.219083249569, -1.73893082142],
        "cov": [[13240.3896484, 246.587188721, -724.721801758, 1067.12219238, 78.6409759521, 378.47467041, -0.223395437002, -530.780944824, 5.42319822311, -210.046295166, -419.488098145, 425.780456543, 145.644866943], [246.587188721, 2744.25024414, 249.893875122, 157.661575317, 224.828201294, 12.2636098862, 13.1557893753, -108.336761475, -144.114837646, -260.993164062, -158.34916687, 305.085693359, 263.778717041], [-724.721801758, 249.893875122, 1531.93103027, -157.039321899, 253.02671814, 180.991729736, -13.8930673599, 47.7402153015, -112.225120544, -67.359413147, 66.7746429443, 123.379295349, 178.820678711], [1067.12219238, 157.661575317, -157.039321899, 890.567443848, 187.103500366, 165.750213623, 59.0456962585, -71.9219970703, 132.769088745, -48.0646705627, -82.3447494507, 61.8497886658, -47.8632240295], [78.6409759521, 224.828201294, 253.02671814, 187.103500366, 466.179901123, 176.654006958, 9.62837123871, 79.2510528564, 51.8084602356, 2.37063407898, -30.5235557556, 1.69555485249, 12.0706338882], [378.47467041, 12.2636098862, 180.991729736, 165.750213623, 176.654006958, 296.723815918, 56.9529685974, 19.4008674622, 52.9336051941, 9.7485666275, -9.76561737061, 4.76481246948, 15.8904247284], [-0.223395437002, 13.1557893753, -13.8930673599, 59.0456962585, 9.62837123871, 56.9529685974, 186.867752075, 61.3762817383, 35.2599601746, 12.7175636292, 18.9074554443, -4.13750076294, -3.51668310165], [-530.780944824, -108.336761475, 47.7402153015, -71.9219970703, 79.2510528564, 19.4008674622, 61.3762817383, 284.71307373, 95.8903045654, 73.6695480347, 67.9359207153, -98.7751922607, -62.2707710266], [5.42319822311, -144.114837646, -112.225120544, 132.769088745, 51.8084602356, 52.9336051941, 35.2599601746, 95.8903045654, 208.219894409, 103.965835571, 37.1135559082, -54.3343467712, -61.4365692139], [-210.046295166, -260.993164062, -67.359413147, -48.0646705627, 2.37063407898, 9.7485666275, 12.7175636292, 73.6695480347, 103.965835571, 222.411880493, 82.1457977295, -68.9541854858, -41.9897880554], [-419.488098145, -158.34916687, 66.7746429443, -82.3447494507, -30.5235557556, -9.76561737061, 18.9074554443, 67.9359207153, 37.1135559082, 82.1457977295, 190.186706543, -16.3308830261, -13.2051639557], [425.780456543, 305.085693359, 123.379295349, 61.8497886658, 1.69555485249, 4.76481246948, -4.13750076294, -98.7751922607, -54.3343467712, -68.9541854858, -16.3308830261, 242.144302368, 126.148635864], [145.644866943, 263.778717041, 178.820678711, -47.8632240295, 12.0706338882, 15.8904247284, -3.51668310165, -62.2707710266, -61.4365692139, -41.9897880554, -13.2051639557, 126.148635864, 194.788238525]],
