{
"lowlevel": {
    "average_loudness": 0.722811758518,
    "barkbands_crest": {
        "dmean": 2.43231463432,
        "dmean2": 4.08530187607,
        "dvar": 4.72641658783,
        "dvar2": 13.0936069489,
        "max": 24.4764614105,
        "mean": 9.04226112366,
        "median": 8.35180473328,
        "min": 2.73410606384,
        "var": 11.0081930161
    },
    "barkbands_flatness_db": {
        "dmean": 0.0177990254015,
        "dmean2": 0.0276217181236,
        "dvar": 0.000266627641395,
        "dvar2": 0.000614361604676,
        "max": 0.424160540104,
        "mean": 0.145861104131,
        "median": 0.120757721364,
        "min": 0.0183985102922,
        "var": 0.00609416468069
    },
    "barkbands_kurtosis": {
        "dmean": 1.96865510941,
        "dmean2": 3.24422001839,
        "dvar": 9.25538253784,
        "dvar2": 25.0554542542,
        "max": 78.1649703979,
        "mean": 3.57585763931,
        "median": 2.30682516098,
        "min": -1.62486410141,
        "var": 24.6077709198
    },
    "barkbands_skewness": {
        "dmean": 0.397906631231,
        "dmean2": 0.644495666027,
        "dvar": 0.141805931926,
        "dvar2": 0.368412733078,
        "max": 7.25719690323,
        "mean": 1.31883084774,
        "median": 1.32053089142,
        "min": -3.02357387543,
        "var": 1.0378909111
    },
    "barkbands_spread": {
        "dmean": 3.30290198326,
        "dmean2": 5.26134157181,
        "dvar": 11.0536899567,
        "dvar2": 27.8826541901,
        "max": 68.5515823364,
        "mean": 17.1937999725,
        "median": 16.0053195953,
        "min": 0.859386324883,
        "var": 106.277748108
    },
    "dissonance": {
        "dmean": 0.0213968865573,
        "dmean2": 0.0361469686031,
        "dvar": 0.000397244701162,
        "dvar2": 0.00109369528946,
        "max": 0.500000119209,
        "mean": 0.458982139826,
        "median": 0.466362595558,
        "min": 0.273081690073,
        "var": 0.000974163180217
    },
    "dynamic_complexity": 6.31070041656,
    "erbbands_crest": {
        "dmean": 2.55034828186,
        "dmean2": 4.05592346191,
        "dvar": 5.39646482468,
        "dvar2": 13.0353651047,
        "max": 30.7312088013,
        "mean": 9.52439022064,
        "median": 8.11410617828,
        "min": 2.55596232414,
        "var": 27.1228275299
    },
    "erbbands_flatness_db": {
        "dmean": 0.0153414132074,
        "dmean2": 0.0220941882581,
        "dvar": 0.000235044921283,
        "dvar2": 0.000424934260081,
        "max": 0.381691515446,
        "mean": 0.168848440051,
        "median": 0.156519860029,
        "min": 0.0473786517978,
        "var": 0.00384731311351
    },
    "erbbands_kurtosis": {
        "dmean": 0.744981527328,
        "dmean2": 1.18451178074,
        "dvar": 0.889669418335,
        "dvar2": 2.10146546364,
        "max": 22.1137886047,
        "mean": 0.50820505619,
        "median": -0.0718901157379,
        "min": -1.52150976658,
        "var": 4.11143350601
    },
    "erbbands_skewness": {
        "dmean": 0.292685210705,
        "dmean2": 0.46505856514,
        "dvar": 0.058462254703,
        "dvar2": 0.147847056389,
        "max": 3.69594788551,
        "mean": 0.570666432381,
        "median": 0.539294540882,
        "min": -2.53293514252,
        "var": 0.371315151453
    },
    "erbbands_spread": {
        "dmean": 5.38072729111,
        "dmean2": 8.35084819794,
        "dvar": 25.3098659515,
        "dvar2": 60.0066604614,
        "max": 115.540328979,
        "mean": 32.1763916016,
        "median": 31.7476043701,
        "min": 2.71868896484,
        "var": 195.737457275
    },
    "hfc": {
        "dmean": 3.42712283134,
        "dmean2": 5.23018360138,
        "dvar": 30.8362140656,
        "dvar2": 70.9290313721,
        "max": 115.7342453,
        "mean": 15.8807821274,
        "median": 10.756228447,
        "min": 1.06322798235e-16,
        "var": 253.136642456
    },
    "melbands_crest": {
        "dmean": 3.25228643417,
        "dmean2": 5.50413036346,
        "dvar": 8.11612415314,
        "dvar2": 22.4367542267,
        "max": 35.6159362793,
        "mean": 12.162065506,
        "median": 11.4652223587,
        "min": 1.00205671787,
        "var": 24.1004524231
    },
    "melbands_flatness_db": {
        "dmean": 0.0210834108293,
        "dmean2": 0.0332292281091,
        "dvar": 0.000382984784665,
        "dvar2": 0.000937266624533,
        "max": 0.573493599892,
        "mean": 0.223082304001,
        "median": 0.19536164403,
        "min": 2.54545795997e-07,
        "var": 0.0110315373167
    },
    "melbands_kurtosis": {
        "dmean": 3.8306145668,
        "dmean2": 6.29538011551,
        "dvar": 34.0596542358,
        "dvar2": 91.2711105347,
        "max": 197.093902588,
        "mean": 8.25305747986,
        "median": 5.81401729584,
        "min": -1.57852613926,
        "var": 103.524116516
    },
    "melbands_skewness": {
        "dmean": 0.524156689644,
        "dmean2": 0.845355927944,
        "dvar": 0.253478288651,
        "dvar2": 0.649837732315,
        "max": 12.4341611862,
        "mean": 2.0423169136,
        "median": 1.95415365696,
        "min": -2.46783137321,
        "var": 1.34455907345
    },
    "melbands_spread": {
        "dmean": 4.2684469223,
        "dmean2": 7.00246477127,
        "dvar": 24.3395080566,
        "dvar2": 66.5602645874,
        "max": 167.434265137,
        "mean": 22.1737861633,
        "median": 16.7905158997,
        "min": 0.743008494377,
        "var": 649.79083252
    },
    "pitch_salience": {
        "dmean": 0.0688198804855,
        "dmean2": 0.11498503387,
        "dvar": 0.00358294742182,
        "dvar2": 0.0100043900311,
        "max": 0.996086657047,
        "mean": 0.585021197796,
        "median": 0.586931228638,
        "min": 0.180694639683,
        "var": 0.00986095052212
    },
    "silence_rate_20dB": {
        "dmean": 0,
        "dmean2": 0,
        "dvar": 0,
        "dvar2": 0,
        "max": 1,
        "mean": 1,
        "median": 1,
        "min": 1,
        "var": 0
    },
    "silence_rate_30dB": {
        "dmean": 0.00224341009744,
        "dmean2": 0.00448723929003,
        "dvar": 0.00223865313455,
        "dvar2": 0.00596212921664,
        "max": 1,
        "mean": 0.998317599297,
        "median": 1,
        "min": 0,
        "var": 0.00167933583725
    },
    "silence_rate_60dB": {
        "dmean": 0.01289960742,
        "dmean2": 0.0258016269654,
        "dvar": 0.0127345491201,
        "dvar2": 0.0300023276359,
        "max": 1,
        "mean": 0.199270963669,
        "median": 0,
        "min": 0,
        "var": 0.159576505423
    },
    "spectral_centroid": {
        "dmean": 164.780532837,
        "dmean2": 270.315856934,
        "dvar": 37282.4140625,
        "dvar2": 93988.453125,
        "max": 11972.3476562,
        "mean": 1450.22436523,
        "median": 1054.85534668,
        "min": 163.466506958,
        "var": 4376820
    },
    "spectral_complexity": {
        "dmean": 2.3768928051,
        "dmean2": 3.87566614151,
        "dvar": 6.92533445358,
        "dvar2": 16.3990821838,
        "max": 60,
        "mean": 16.992149353,
        "median": 16,
        "min": 0,
        "var": 130.155761719
    },
    "spectral_decrease": {
        "dmean": 1.90490601071e-09,
        "dmean2": 3.10480485766e-09,
        "dvar": 6.6215121475e-18,
        "dvar2": 1.73060312391e-17,
        "max": 2.23384569797e-28,
        "mean": -6.32985042159e-09,
        "median": -5.47959677633e-09,
        "min": -4.4939294952e-08,
        "var": 2.97226772867e-17
    },
    "spectral_energy": {
        "dmean": 0.00743562169373,
        "dmean2": 0.0120943998918,
        "dvar": 0.00010118859791,
        "dvar2": 0.000263267196715,
        "max": 0.178134053946,
        "mean": 0.0253307763487,
        "median": 0.0218915827572,
        "min": 9.73203759283e-21,
        "var": 0.000474087544717
    },
    "spectral_energyband_high": {
        "dmean": 0.000137730428833,
        "dmean2": 0.000202462033485,
        "dvar": 1.04903108422e-07,
        "dvar2": 2.04995572517e-07,
        "max": 0.00671632308513,
        "mean": 0.000480823975522,
        "median": 9.35824355111e-05,
        "min": 6.76086985993e-21,
        "var": 5.50963704882e-07
    },
    "spectral_energyband_low": {
        "dmean": 0.00432233233005,
        "dmean2": 0.00730614643544,
        "dvar": 4.93691441079e-05,
        "dvar2": 0.000135402297019,
        "max": 0.140127077699,
        "mean": 0.00719034019858,
        "median": 0.00425559096038,
        "min": 1.36994342107e-23,
        "var": 8.25115930638e-05
    },
    "spectral_energyband_middle_high": {
        "dmean": 0.00122781656682,
        "dmean2": 0.00198439904489,
        "dvar": 5.02251805301e-06,
        "dvar2": 1.31062379296e-05,
        "max": 0.0395531952381,
        "mean": 0.0040144957602,
        "median": 0.00213748076931,
        "min": 1.12456668402e-21,
        "var": 2.24000632443e-05
    },
    "spectral_energyband_middle_low": {
        "dmean": 0.00483652343974,
        "dmean2": 0.00764808896929,
        "dvar": 4.78389156342e-05,
        "dvar2": 0.000119953117974,
        "max": 0.109633415937,
        "mean": 0.0141123617068,
        "median": 0.0111958412454,
        "min": 1.31863338344e-22,
        "var": 0.000187538258615
    },
    "spectral_entropy": {
        "dmean": 0.125528499484,
        "dmean2": 0.188419282436,
        "dvar": 0.0158753413707,
        "dvar2": 0.0324520953,
        "max": 9.824842453,
        "mean": 7.43778562546,
        "median": 7.52107381821,
        "min": 5.56976079941,
        "var": 0.555795252323
    },
    "spectral_flux": {
        "dmean": 0.0158646870404,
        "dmean2": 0.0259681772441,
        "dvar": 0.000354823772795,
        "dvar2": 0.000842927198391,
        "max": 0.322837799788,
        "mean": 0.0737815573812,
        "median": 0.0758289992809,
        "min": 6.36994554326e-11,
        "var": 0.00209562457167
    },
    "spectral_kurtosis": {
        "dmean": 3.46207976341,
        "dmean2": 5.97103881836,
        "dvar": 37.5146026611,
        "dvar2": 110.062141418,
        "max": 85.8417816162,
        "mean": 9.03673553467,
        "median": 4.83738183975,
        "min": -1.27156877518,
        "var": 109.141670227
    },
    "spectral_rms": {
        "dmean": 0.00064541696338,
        "dmean2": 0.00104008999187,
        "dvar": 5.01545002862e-07,
        "dvar2": 1.28936062538e-06,
        "max": 0.0131829176098,
        "mean": 0.00431954022497,
        "median": 0.00462143309414,
        "min": 3.081342256e-12,
        "var": 6.05450259172e-06
    },
    "spectral_rolloff": {
        "dmean": 264.062408447,
        "dmean2": 458.318603516,
        "dvar": 195929.578125,
        "dvar2": 489498.1875,
        "max": 19595.2148438,
        "mean": 1731.15466309,
        "median": 861.328125,
        "min": 43.06640625,
        "var": 13452650
    },
    "spectral_skewness": {
        "dmean": 0.285774081945,
        "dmean2": 0.483712673187,
        "dvar": 0.15370413661,
        "dvar2": 0.446982294321,
        "max": 7.46804761887,
        "mean": 1.94337904453,
        "median": 1.65299642086,
        "min": -0.10602632165,
        "var": 0.933766424656
    },
    "spectral_spread": {
        "dmean": 357578.78125,
        "dmean2": 540326.25,
        "dvar": 358371753984,
        "dvar2": 705398571008,
        "max": 43495348,
        "mean": 5264234,
        "median": 3774000,
        "min": 711511.6875,
        "var": 5.8247776043e+13
    },
    "spectral_strongpeak": {
        "dmean": 0.477762788534,
        "dmean2": 0.80305480957,
        "dvar": 0.492182016373,
        "dvar2": 1.23590648174,
        "max": 9.75803852081,
        "mean": 0.845443189144,
        "median": 0.385309875011,
        "min": 0,
        "var": 1.17227554321
    },
    "zerocrossingrate": {
        "dmean": 0.00584951648489,
        "dmean2": 0.00777223985642,
        "dvar": 6.46778571536e-05,
        "dvar2": 0.000117853276606,
        "max": 0.53515625,
        "mean": 0.0657088533044,
        "median": 0.04541015625,
        "min": 0.0029296875,
        "var": 0.00919974129647
    },
    "barkbands": {
        "dmean": [0.000239965112996, 0.00276317703538, 0.00203597545624, 0.000790832622442, 0.0026633227244, 0.000848946918268, 0.00123174779583, 0.00161642034072, 0.00077758874977, 0.00028966422542, 0.000486747565446, 0.000509805744514, 0.000243126793066, 0.000154728026246, 0.000174867847818, 0.000137910494232, 0.000153438231791, 8.13920632936e-05, 8.99400183698e-05, 7.72273924667e-05, 4.84120719193e-05, 3.73040675186e-05, 2.04593925446e-05, 1.82187322935e-05, 1.9523937226e-05, 1.38863279062e-05, 6.18467402091e-06],
        "dmean2": [0.000419769494329, 0.0047457460314, 0.00344700599089, 0.0013789763907, 0.00443470850587, 0.00139675929677, 0.00180518592242, 0.00250743376091, 0.0011732338462, 0.000476091488963, 0.000801550108008, 0.000844492926262, 0.000393278402044, 0.000258363870671, 0.000293018965749, 0.000229498604313, 0.000256669212831, 0.000136190152261, 0.000152327673277, 0.000127747931401, 7.89175464888e-05, 5.79998159083e-05, 3.33529205818e-05, 2.85853529931e-05, 2.84143316094e-05, 1.98690067919e-05, 8.64869798534e-06],
        "dvar": [2.23003354449e-07, 2.58819964074e-05, 1.0675453268e-05, 1.82305564067e-06, 2.03401705221e-05, 1.82275721272e-06, 4.63632977699e-06, 1.29302461573e-05, 5.41118424735e-06, 2.58073271198e-07, 1.89725244581e-06, 1.75085313003e-06, 7.17912257642e-07, 1.18059858778e-07, 1.10575861356e-07, 7.10969771944e-08, 1.19991511838e-07, 2.38012116682e-08, 3.03166594051e-08, 2.06361097099e-08, 8.56727755405e-09, 8.57913828867e-09, 1.91552751438e-09, 1.81763948337e-09, 3.10926018265e-09, 4.27012913917e-09, 5.13224740484e-10],
        "dvar2": [6.09673634244e-07, 7.28770974092e-05, 2.91727792501e-05, 5.27432621311e-06, 5.5370721384e-05, 4.56904626844e-06, 9.88377087197e-06, 3.01107938867e-05, 1.22438959806e-05, 6.74838020132e-07, 4.91867194796e-06, 4.69450606033e-06, 1.66045072092e-06, 3.19826284567e-07, 2.97027810348e-07, 1.9419660191e-07, 3.45825526438e-07, 6.43352322527e-08, 8.44146441636e-08, 5.61511299679e-08, 2.05912176199e-08, 2.00294358876e-08, 4.90937113184e-09, 4.26300239553e-09, 5.96516169793e-09, 8.65043237042e-09, 8.85135520434e-10],
        "max": [0.00758475530893, 0.0921418443322, 0.0492738336325, 0.0307384785265, 0.0610989816487, 0.0420580543578, 0.0685510486364, 0.0968803837895, 0.0729874670506, 0.00964451115578, 0.0307462010533, 0.029228342697, 0.0334909036756, 0.0115237636492, 0.00701877009124, 0.00412183394656, 0.00558617664501, 0.00252924021333, 0.00309182750061, 0.0025752610527, 0.00154464831576, 0.00143325538374, 0.000733569671866, 0.00102235598024, 0.00112746143714, 0.00146682839841, 0.000438302377006],
        "mean": [0.000251782184932, 0.00359511980787, 0.00290657370351, 0.00104284042027, 0.00428461888805, 0.00160603562836, 0.00278915185481, 0.00289998040535, 0.00141077907756, 0.000491661776323, 0.000718056748156, 0.000868266040925, 0.000407109473599, 0.000270256015938, 0.000307813897962, 0.000270423246548, 0.000268582807621, 0.00015947270731, 0.000205735734198, 0.000183524462045, 0.000124328493257, 8.96020210348e-05, 5.53423378733e-05, 4.99221860082e-05, 4.63887881779e-05, 1.9634670025e-05, 7.79218680691e-06],
        "median": [8.84777546162e-05, 0.00167365639936, 0.00135653931648, 0.000494753243402, 0.00266030663624, 0.000831793237012, 0.00105424586218, 0.00113603915088, 0.000379366916604, 0.000263116118731, 0.000178675385541, 0.000224982577492, 0.000138979070471, 0.000123453981359, 0.000139697964187, 0.000117220304674, 0.000103565995232, 7.16210852261e-05, 6.85476334183e-05, 4.60487899545e-05, 2.77806757367e-05, 1.34250749397e-05, 7.30521969672e-06, 4.6236932576e-06, 2.91197648039e-06, 1.12593806989e-06, 1.54746771841e-07],
        "min": [1.13029001228e-25, 1.11178624437e-24, 3.45976742267e-25, 2.06922258352e-25, 3.38627378808e-24, 2.95096436615e-24, 4.88519076068e-24, 4.75358194041e-24, 7.54832601213e-24, 9.25073991042e-24, 7.40267625662e-24, 1.3596882293e-23, 2.44288134242e-23, 2.27890997683e-23, 2.84001569467e-23, 4.09903927712e-23, 4.22449656004e-23, 7.79771460544e-23, 1.05135721133e-22, 1.41620904031e-22, 2.09463358399e-22, 2.80627889054e-22, 3.6124778225e-22, 5.51434421973e-22, 7.9911781355e-22, 1.20589109943e-21, 1.84353840055e-21],
        "var": [2.70573536909e-07, 3.11362528009e-05, 1.81383275049e-05, 2.51363530879e-06, 2.93299053737e-05, 8.35840000946e-06, 2.43020258495e-05, 2.96288399113e-05, 1.51972126332e-05, 4.9472646424e-07, 3.46951173924e-06, 3.99621876568e-06, 1.56197813794e-06, 2.12373237218e-07, 2.14406995269e-07, 1.57493417419e-07, 2.07920422213e-07, 5.3662937205e-08, 8.30156494658e-08, 7.07069389705e-08, 3.17975263897e-08, 2.31253256544e-08, 8.07855471407e-09, 8.07990918616e-09, 1.02742525598e-08, 5.95062488173e-09, 8.34579405584e-10]
    },
    "erbbands": {
        "dmean": [0.0810272023082, 0.654139280319, 2.20044970512, 2.15717244148, 5.42845344543, 11.1446561813, 10.2214717865, 6.26349020004, 11.1856594086, 25.6587505341, 36.3414878845, 16.4988765717, 12.4906082153, 11.6704416275, 19.3500499725, 18.8204212189, 11.0013628006, 8.16171360016, 6.93597793579, 9.25430870056, 9.5696182251, 6.18678045273, 4.39993953705, 3.42949724197, 4.53573656082, 3.94037246704, 2.7592523098, 1.41853141785, 1.32917189598, 0.872069299221, 0.654281497002, 0.449426412582, 0.30707976222, 0.205856144428, 0.160610109568, 0.0546540953219, 0.0261030327529, 0.00826405826956, 0.00119747896679, 5.22899099451e-05],
        "dmean2": [0.142375439405, 1.11901259422, 3.70762729645, 3.70072031021, 9.29185581207, 18.4952907562, 17.1125564575, 10.1448411942, 17.5586662292, 36.5938529968, 56.9755477905, 25.1997470856, 19.32289505, 18.9896717072, 32.2063941956, 30.3838291168, 17.6824264526, 13.5679674149, 11.6109237671, 15.5320520401, 15.9536190033, 10.3651895523, 7.40838718414, 5.6504368782, 7.69051122665, 6.51648330688, 4.54587650299, 2.28691577911, 2.09145259857, 1.37528038025, 1.08025765419, 0.731744587421, 0.476817786694, 0.302612453699, 0.236439108849, 0.0755232945085, 0.0376607142389, 0.0120435105637, 0.00170630333014, 7.3680843343e-05],
        "dvar": [0.0298817362636, 1.30989360809, 12.819814682, 12.0212974548, 109.539489746, 353.717224121, 285.702087402, 138.745788574, 530.232849121, 2073.21484375, 7188.45410156, 2222.6862793, 1688.04406738, 453.430175781, 2294.86425781, 2214.95068359, 1672.55749512, 452.442138672, 185.227127075, 385.186309814, 362.923248291, 130.733642578, 64.5274658203, 35.5972671509, 104.022781372, 57.0417060852, 27.7201347351, 10.905798912, 9.78167057037, 4.75744342804, 1.94391858578, 1.23836755753, 0.54857647419, 0.29937005043, 0.235174968839, 0.0388742610812, 0.0170990917832, 0.00162042258307, 1.85318567674e-05, 3.36210064233e-08],
        "dvar2": [0.0841278135777, 3.70748472214, 35.3166847229, 34.1345214844, 300.607025146, 927.634460449, 775.45880127, 321.966918945, 1295.62854004, 4137.57861328, 16946.8339844, 5093.4140625, 3957.6730957, 1170.66113281, 6102.48974609, 5253.89794922, 3890.07275391, 1229.13928223, 505.913848877, 1066.36975098, 1006.61505127, 375.650146484, 177.434921265, 95.2563858032, 293.439178467, 155.094451904, 70.0604629517, 26.2895870209, 23.2358951569, 11.4123401642, 5.0851483345, 3.32689619064, 1.2747592926, 0.565855801105, 0.494290530682, 0.0693579763174, 0.0352729298174, 0.00345236738212, 3.16854857374e-05, 6.52115588196e-08],
        "max": [2.46548509598, 21.9612884521, 50.8127250671, 55.1417694092, 148.768569946, 267.226989746, 340.104919434, 491.562957764, 542.792358398, 1813.12646484, 2616.77709961, 1169.52685547, 1635.34191895, 379.190948486, 985.306152344, 1384.87854004, 1607.86450195, 781.871276855, 423.020233154, 376.618713379, 279.641967773, 185.481887817, 133.72644043, 105.792518616, 217.523071289, 145.562545776, 95.4242553711, 60.168926239, 46.4494285583, 45.5642776489, 28.0599193573, 30.434589386, 17.3433437347, 13.6054229736, 9.30665683746, 4.73815202713, 2.75813937187, 0.862333059311, 0.0832719653845, 0.00380918825977],
        "mean": [0.089953660965, 0.871095597744, 3.23191452026, 3.41418004036, 7.32297325134, 16.8831424713, 15.9123563766, 13.105758667, 21.5902366638, 63.4001731873, 64.0752563477, 30.8107852936, 23.8459529877, 21.2389812469, 32.4855232239, 34.4493293762, 19.8940525055, 15.0400257111, 13.5669498444, 17.3043899536, 18.1069126129, 12.688750267, 9.40475082397, 8.76305294037, 10.2759885788, 9.28465843201, 7.22249317169, 3.51961970329, 3.22498965263, 2.1361413002, 1.66507816315, 1.10608637333, 0.784828662872, 0.539236068726, 0.328827410936, 0.097218580544, 0.0350981801748, 0.00962307024747, 0.00155809114221, 8.55147009133e-05],
        "median": [0.0342314168811, 0.412293076515, 1.5570795536, 1.95733463764, 3.6048078537, 9.21398544312, 9.40726184845, 6.37930011749, 9.80490970612, 25.3889942169, 23.7615661621, 10.1859292984, 9.48916149139, 11.2108488083, 10.3853769302, 9.58030509949, 7.60017967224, 6.78687047958, 7.18440294266, 7.44577598572, 7.42424440384, 6.09432220459, 4.47810173035, 3.334826231, 3.49626350403, 2.39387488365, 1.57747292519, 0.734601974487, 0.521248877048, 0.316248059273, 0.195356085896, 0.110735617578, 0.0712226182222, 0.0376411601901, 0.0174164809287, 0.00640214188024, 0.00182803836651, 0.000340172031429, 4.13640118495e-05, 3.16132027365e-05],
        "min": [2.13165268057e-23, 4.79181174916e-22, 1.71095948332e-21, 4.42176828141e-21, 6.7625428004e-21, 1.50971690122e-20, 2.45230908094e-20, 3.16094728001e-20, 5.45034863231e-20, 1.0943387539e-19, 2.33953483052e-19, 2.69797622987e-19, 4.39385313294e-19, 3.7616457116e-19, 5.64688390242e-19, 6.4057254377e-19, 1.06903333441e-18, 1.32950599526e-18, 1.86269348662e-18, 2.39672708035e-18, 2.89321701402e-18, 3.49118980794e-18, 4.97875378484e-18, 4.01275034522e-18, 6.57497951573e-18, 6.67728397312e-18, 7.79583316618e-18, 8.90602783505e-18, 9.55465324058e-18, 1.03891163512e-17, 9.00696703084e-18, 1.00385001322e-17, 8.53427053389e-18, 7.21452537326e-18, 5.8603885243e-18, 3.81694842242e-18, 2.08905063406e-18, 8.23949955273e-19, 2.31357686892e-19, 2.49890746064e-20],
        "var": [0.0292750224471, 1.69845890999, 21.5727367401, 20.8599128723, 127.084899902, 547.350097656, 435.173248291, 904.934020996, 1387.49316406, 13708.1044922, 15759.5214844, 5618.82421875, 4810.51074219, 940.837280273, 4414.11767578, 6598.63916016, 3553.01757812, 837.075683594, 370.16973877, 790.051208496, 733.044921875, 294.796813965, 163.949462891, 134.425704956, 222.17678833, 179.647262573, 107.509216309, 30.1592082977, 28.4737033844, 12.9934206009, 7.72716188431, 3.90759181976, 2.16316580772, 1.27131664753, 0.575527608395, 0.0797776579857, 0.0222444199026, 0.0019486900419, 3.09323768306e-05, 5.15718525662e-08]
    },
    "gfcc": {
        "mean": [-99.7798843384, 121.5520401, -108.609451294, 20.1940727234, -47.5682830811, 1.80593669415, -28.8611412048, 5.49282264709, -17.7210445404, 0.126255452633, -11.42689991, -4.41749286652, -7.56614303589],
        "cov": [[72184.3203125, 2908.29443359, -5502.90136719, 1205.52966309, -3421.77783203, 535.428833008, -1761.33581543, 667.396972656, -1229.82104492, 438.353393555, -933.493713379, -84.8916244507, -785.636657715], [2908.29443359, 3854.76123047, -696.991088867, -285.330444336, 428.823852539, -393.581237793, 100.632095337, -189.569412231, 234.998901367, -256.179321289, 165.925827026, -203.915924072, 167.644332886], [-5502.90136719, -696.991088867, 854.669494629, -93.6168289185, 296.92388916, 42.923625946, 137.243347168, -1.34281492233, 98.7094421387, 7.49309539795, 46.799282074, 44.6323280334, 37.8390541077], [1205.52966309, -285.330444336, -93.6168289185, 263.848815918, -111.184463501, 84.6307296753, -46.7957572937, 26.606803894, -59.4207038879, 20.9343967438, -37.4798240662, 15.8091583252, -23.0099239349], [-3421.77783203, 428.823852539, 296.92388916, -111.184463501, 412.555725098, -77.8468093872, 150.112564087, -48.9536552429, 118.08417511, -61.1734390259, 69.1795730591, -13.8599748611, 75.8513031006], [535.428833008, -393.581237793, 42.923625946, 84.6307296753, -77.8468093872, 139.710983276, -15.8308763504, 40.7672767639, -38.2979240417, 32.3790130615, -27.665933609, 21.2569561005, -24.8400020599], [-1761.33581543, 100.632095337, 137.243347168, -46.7957572937, 150.112564087, -15.8308763504, 132.84828186, -10.6020059586, 59.2880859375, -25.675535202, 38.3569335938, -8.61682415009, 32.6275672913], [667.396972656, -189.569412231, -1.34281492233, 26.606803894, -48.9536552429, 40.7672767639, -10.6020059586, 76.9235458374, -8.11368656158, 31.5864276886, -23.8029556274, 14.852104187, -21.9482307434], [-1229.82104492, 234.998901367, 98.7094421387, -59.4207038879, 118.08417511, -38.2979240417, 59.2880859375, -8.11368656158, 104.477752686, -5.35435771942, 45.6327972412, -20.6512584686, 29.112613678], [438.353393555, -256.179321289, 7.49309539795, 20.9343967438, -61.1734390259, 32.3790130615, -25.675535202, 31.5864276886, -5.35435771942, 73.0922698975, 1.53121459484, 17.3553562164, -26.7374706268], [-933.493713379, 165.925827026, 46.799282074, -37.4798240662, 69.1795730591, -27.665933609, 38.3569335938, -23.8029556274, 45.6327972412, 1.53121459484, 71.8487930298, 2.87418651581, 23.179145813], [-84.8916244507, -203.915924072, 44.6323280334, 15.8091583252, -13.8599748611, 21.2569561005, -8.61682415009, 14.852104187, -20.6512584686, 17.3553562164, 2.87418651581, 55.9608688354, 6.1054983139], [-785.636657715, 167.644332886, 37.8390541077, -23.0099239349, 75.8513031006, -24.8400020599, 32.6275672913, -21.9482307434, 29.112613678, -26.7374706268, 23.179145813, 6.1054983139, 62.0089263916]],
        "icov": [[6.51935988571e-05, -0.000182150353794, 0.000121109740576, -3.8465954276e-05, 0.00025319220731, -0.000211517486605, 0.000133338704472, -0.000243399292231, 0.000232303151279, -0.000420745200245, 0.000488639110699, -0.000256535538938, 0.000231625483138], [-0.000182150353794, 0.00150303146802, 0.000852487923112, 0.000447167694801, -0.00175496051088, 0.00100855366327, 0.000559922598768, 0.000413483794546, -0.00183557462879, 0.0032092675101, -0.00283556967042, 0.00216023973189, -0.0012302917894], [0.000121109740576, 0.000852487923112, 0.00377780012786, 0.000901245453861, -0.00225916830823, -0.00152338796761, 0.00071495125303, 9.32414041017e-05, -0.00238218996674, 0.000927420391236, 0.000187724086572, -0.0011178458808, 0.000627076195087], [-3.8465954276e-05, 0.000447167694801, 0.000901245453861, 0.00544067611918, -0.000507138611283, -0.00269988994114, 0.000613960786723, 0.00018577267474, 0.000403343903599, 0.000726406753529, -0.000122417972307, 0.000277989776805, -0.000803606468253], [0.00025319220731, -0.00175496051088, -0.00225916830823, -0.000507138611283, 0.00891427695751, 0.000610181246884, -0.00409013498574, 0.000205167598324, -0.000560390937608, -0.00126281450503, 0.00309330434538, -0.00269730598666, -0.00046426084009], [-0.000211517486605, 0.00100855366327, -0.00152338796761, -0.00269988994114, 0.000610181246884, 0.0135605148971, -0.00222816388123, -0.00271008093841, 0.00162918143906, 8.03508301033e-05, -0.00135708111338, 0.0014574539382, -0.000946323620155], [0.000133338704472, 0.000559922598768, 0.00071495125303, 0.000613960786723, -0.00409013498574, -0.00222816388123, 0.0162676274776, -0.00363981141709, -0.00256231916137, 0.00462387874722, -0.00475339079276, 0.00278453482315, -0.00107079488225], [-0.000243399292231, 0.000413483794546, 9.32414041017e-05, 0.00018577267474, 0.000205167598324, -0.00271008093841, -0.00363981141709, 0.0231617540121, -0.0071809142828, -0.004964846652, 0.00811649765819, -0.00651756394655, 0.00342546077445], [0.000232303151279, -0.00183557462879, -0.00238218996674, 0.000403343903599, -0.000560390937608, 0.00162918143906, -0.00256231916137, -0.0071809142828, 0.0267400033772, -0.00884930975735, -0.00629157433286, 0.00971943605691, -0.00532131176442], [-0.000420745200245, 0.0032092675101, 0.000927420391236, 0.000726406753529, -0.00126281450503, 8.03508301033e-05, 0.00462387874722, -0.004964846652, -0.00884930975735, 0.0319606438279, -0.01290376205, -0.00136963487603, 0.00597710441798], [0.000488639110699, -0.00283556967042, 0.000187724086572, -0.000122417972307, 0.00309330434538, -0.00135708111338, -0.00475339079276, 0.00811649765819, -0.00629157433286, -0.01290376205, 0.0327553451061, -0.011423734948, 0.00101420935243], [-0.000256535538938, 0.00216023973189, -0.0011178458808, 0.000277989776805, -0.00269730598666, 0.0014574539382, 0.00278453482315, -0.00651756394655, 0.00971943605691, -0.00136963487603, -0.011423734948, 0.0330457091331, -0.0123313218355], [0.000231625483138, -0.0012302917894, 0.000627076195087, -0.000803606468253, -0.00046426084009, -0.000946323620155, -0.00107079488225, 0.00342546077445, -0.00532131176442, 0.00597710441798, 0.00101420935243, -0.0123313218355, 0.0295819453895]]
    },
    "melbands": {
        "dmean": [0.000726214493625, 0.00100081635173, 0.000417972682044, 0.000599563063588, 0.000374066905351, 0.000142726887134, 0.000187258468941, 0.000294201658107, 0.00026527090813, 0.000104045342596, 6.41146252747e-05, 4.74601292808e-05, 7.61326373322e-05, 6.44423780614e-05, 3.04449858959e-05, 2.23114784603e-05, 1.45507210618e-05, 1.19769192679e-05, 1.11175695565e-05, 1.02744415926e-05, 1.30631142383e-05, 7.91887759988e-06, 5.07722234033e-06, 4.79053505842e-06, 2.87209218186e-06, 4.42208829554e-06, 2.69375095741e-06, 2.72392480838e-06, 2.16954731513e-06, 1.06964387214e-06, 1.00111765278e-06, 9.30119142595e-07, 6.53156632779e-07, 4.65949995032e-07, 4.61898309823e-07, 2.69912362683e-07, 2.7077771847e-07, 2.21956980795e-07, 1.84070074738e-07, 1.94977076262e-07],
        "dmean2": [0.0012535728747, 0.0016897211317, 0.00070788472658, 0.00101207743865, 0.000620175211225, 0.000232067352044, 0.000287650647806, 0.000427254621172, 0.000416835566284, 0.000158092982019, 9.93487774394e-05, 7.7293429058e-05, 0.000125716804178, 0.000107175583253, 4.85383388877e-05, 3.65487248928e-05, 2.42814294324e-05, 2.01542370633e-05, 1.84497275768e-05, 1.72424333869e-05, 2.17666965909e-05, 1.33248904604e-05, 8.56452425069e-06, 8.05433501228e-06, 4.73312138638e-06, 7.56476538299e-06, 4.52725907962e-06, 4.52456424682e-06, 3.5980233406e-06, 1.78619325197e-06, 1.63737513503e-06, 1.49754760059e-06, 1.02999217688e-06, 7.52474761612e-07, 7.71686643475e-07, 4.43214645429e-07, 4.41888261093e-07, 3.53894591854e-07, 2.79162378547e-07, 2.90414135407e-07],
        "dvar": [2.09083805203e-06, 2.61222612608e-06, 4.14775286117e-07, 1.20353104194e-06, 3.61835361673e-07, 6.39636681399e-08, 1.21401939168e-07, 2.55120880865e-07, 3.82730149795e-07, 9.39898754382e-08, 4.31094520081e-08, 6.92413859582e-09, 4.31767936959e-08, 2.99936289139e-08, 7.57416973585e-09, 3.68927732808e-09, 1.33457733753e-09, 5.01102437322e-10, 4.81359174742e-10, 3.74790282143e-10, 7.18100301444e-10, 2.63590815841e-10, 1.47855241939e-10, 1.02011621372e-10, 2.75375833247e-11, 8.23632897995e-11, 3.23128052093e-11, 2.69395859787e-11, 1.88490577313e-11, 4.02246378567e-12, 6.48162903558e-12, 4.8729202097e-12, 2.41694229734e-12, 1.22733366439e-12, 9.56149764399e-13, 4.23078157794e-13, 4.38416636979e-13, 2.86000417142e-13, 2.30498969521e-13, 2.63294458935e-13],
        "dvar2": [5.85330553804e-06, 7.26294592823e-06, 1.13967985271e-06, 3.32044874085e-06, 9.6295707408e-07, 1.51661637915e-07, 2.85833806402e-07, 5.40318637832e-07, 8.97081065432e-07, 2.15990155539e-07, 1.00935700686e-07, 1.78553865027e-08, 1.12400577734e-07, 8.26821207056e-08, 1.65096345484e-08, 9.15824482917e-09, 3.61803875748e-09, 1.39197886551e-09, 1.2360799051e-09, 1.02812591773e-09, 2.01830707702e-09, 7.59540152995e-10, 4.08366951365e-10, 2.79174683371e-10, 7.35464605883e-11, 2.33722208254e-10, 8.69816094151e-11, 7.31862279113e-11, 4.850059937e-11, 1.07154242077e-11, 1.61213698641e-11, 1.19911025553e-11, 5.77895110238e-12, 3.11120768905e-12, 2.57437430748e-12, 1.11790752436e-12, 1.16837279868e-12, 7.11366729411e-13, 5.02458046957e-13, 5.02082045644e-13],
        "max": [0.024002186954, 0.0281263869256, 0.013097169809, 0.0150758614764, 0.0139704663306, 0.00991406012326, 0.00730653852224, 0.0169507432729, 0.0200000274926, 0.0087799327448, 0.00819774344563, 0.00162186205853, 0.00465531786904, 0.00363448797725, 0.00327960611321, 0.00195228273515, 0.00132215046324, 0.00064608262619, 0.000624458654784, 0.000341564009432, 0.000368794542737, 0.000286149035674, 0.000307676760713, 0.00019186946156, 0.000106019127998, 0.000171921798028, 0.000154145469423, 9.49311142904e-05, 8.17655454739e-05, 3.63062426914e-05, 4.52970707556e-05, 3.3828910091e-05, 2.73821133305e-05, 2.17397664528e-05, 1.76733483386e-05, 1.4593351807e-05, 1.73304069904e-05, 1.31856249936e-05, 1.13224923552e-05, 1.19432042993e-05],
        "mean": [0.000906308880076, 0.00153587304521, 0.000694350048434, 0.000883438275196, 0.000623909989372, 0.00029102404369, 0.000389647175325, 0.000693127163686, 0.000459776376374, 0.000186398887308, 0.000117853429401, 8.30431672512e-05, 0.000116789749882, 0.000106444851554, 5.45341208635e-05, 3.86183201044e-05, 2.55538070633e-05, 2.15496966121e-05, 2.05052638194e-05, 2.03954205062e-05, 2.20794845518e-05, 1.40318870763e-05, 9.49018703977e-06, 8.5031706476e-06, 6.50103083899e-06, 8.99968563317e-06, 5.90153331359e-06, 5.98805218033e-06, 5.15581177751e-06, 2.47098932959e-06, 2.01387206289e-06, 1.991322506e-06, 1.44032230764e-06, 1.06730851712e-06, 1.07273763206e-06, 6.61933086121e-07, 6.31017485375e-07, 5.41067379345e-07, 4.39185839696e-07, 4.71961868698e-07],
        "median": [0.000405179802328, 0.000813135760836, 0.000410885608289, 0.000480258371681, 0.000392530113459, 0.000142943885294, 0.000175933237188, 0.000298585597193, 0.000151264830492, 5.17918815603e-05, 4.52429012512e-05, 4.32807719335e-05, 3.20885919791e-05, 2.48934193223e-05, 1.77103429451e-05, 1.51820149767e-05, 1.09736947707e-05, 1.08643898784e-05, 9.10316794034e-06, 8.81887444848e-06, 7.75106673245e-06, 6.08166192251e-06, 3.80317896997e-06, 3.35257982442e-06, 2.21001573664e-06, 2.93059019896e-06, 1.57156193836e-06, 1.44606349295e-06, 1.05493302271e-06, 5.41909230378e-07, 3.53711357093e-07, 3.01842419503e-07, 2.22512525738e-07, 1.41243475582e-07, 1.16059652555e-07, 8.07331161923e-08, 5.95783760104e-08, 5.285310678e-08, 3.83669984672e-08, 2.81311507422e-08],
        "min": [3.12787638351e-25, 7.96455022637e-25, 1.00439614415e-24, 8.92930295459e-25, 1.00712658896e-24, 7.70057616684e-25, 8.43280080337e-25, 1.03296227664e-24, 1.6050259627e-24, 1.32753339106e-24, 2.16083004221e-24, 1.16415812822e-24, 1.77984039892e-24, 1.92385879008e-24, 1.43046376476e-24, 2.58466883494e-24, 1.57780868375e-24, 1.95459616361e-24, 2.25642223455e-24, 2.16388490607e-24, 2.89286535212e-24, 2.52238530824e-24, 3.22347676029e-24, 2.88774525042e-24, 2.91500749444e-24, 4.03799122493e-24, 3.69160516246e-24, 3.90302895696e-24, 4.23625445295e-24, 4.39536375323e-24, 4.92128548582e-24, 5.1626611456e-24, 4.03940565253e-24, 5.20109366005e-24, 4.59399577372e-24, 4.63015912977e-24, 5.3064144795e-24, 4.74455382178e-24, 5.52625699758e-24, 5.88590538959e-24],
        "var": [2.30113687394e-06, 4.32628621638e-06, 7.85336396802e-07, 1.51167330387e-06, 5.99039367444e-07, 3.89089933606e-07, 3.84033285172e-07, 1.33909452416e-06, 8.50834055655e-07, 2.49809460229e-07, 1.21742829151e-07, 1.39010651878e-08, 7.97372976535e-08, 6.17804616354e-08, 1.9797386841e-08, 7.8974631279e-09, 2.435052604e-09, 9.79400782697e-10, 1.08768904994e-09, 9.13429887284e-10, 1.30241095686e-09, 4.6347081728e-10, 3.23016502435e-10, 2.02010810857e-10, 8.94323087808e-11, 1.7641972605e-10, 9.28161714153e-11, 8.00918012467e-11, 6.09019501496e-11, 1.31218785837e-11, 1.25953995497e-11, 1.20239460749e-11, 6.07068345246e-12, 3.30485530435e-12, 3.34485325722e-12, 1.36951745517e-12, 1.29569109348e-12, 1.04656203408e-12, 7.59642999545e-13, 1.05142619871e-12]
    },
    "mfcc": {
        "mean": [-710.292480469, 147.130615234, -0.770402550697, 20.4603748322, 2.0532143116, 0.341802597046, -0.314737737179, 0.655002117157, 0.716019749641, 1.96241915226, -1.80044901371, 1.636064291, 2.99455285072],
        "cov": [[26323.4160156, 1803.6685791, -591.71484375, 640.319335938, -768.083190918, -63.2261810303, -125.081565857, -155.033737183, -62.4430847168, 132.318771362, -34.4855690002, 117.251953125, 182.450805664], [1803.6685791, 3731.45556641, -213.989303589, 188.674484253, 243.305221558, -71.3875198364, -34.7040061951, 35.3157997131, 15.8424444199, 51.0943031311, 31.5665779114, 10.7295036316, -43.1707954407], [-591.71484375, -213.989303589, 293.498168945, -40.7869644165, 74.9719772339, 40.3637962341, 14.7916107178, 33.3190040588, 25.3822002411, -6.17493200302, 3.91286969185, -1.32960724831, -3.98034024239], [640.319335938, 188.674484253, -40.7869644165, 169.415206909, 8.1477355957, 18.9241886139, 7.54108381271, 5.1301856041, 1.60031569004, 4.66462612152, -6.68741178513, -4.37974119186, 1.82598018646], [-768.083190918, 243.305221558, 74.9719772339, 8.1477355957, 157.603530884, 28.796503067, 12.4395360947, 30.4531841278, 24.0009708405, 3.82785272598, 3.50561976433, -8.47454071045, -15.274023056], [-63.2261810303, -71.3875198364, 40.3637962341, 18.9241886139, 28.796503067, 72.9631729126, 25.0140380859, 15.3489408493, 7.2479763031, 1.3301692009, 1.00033402443, 0.476204127073, -0.777466058731], [-125.081565857, -34.7040061951, 14.7916107178, 7.54108381271, 12.4395360947, 25.0140380859, 59.494468689, 25.2671909332, 9.98379516602, 0.945163786411, -3.24439072609, -3.148447752, 2.33341312408], [-155.033737183, 35.3157997131, 33.3190040588, 5.1301856041, 30.4531841278, 15.3489408493, 25.2671909332, 59.5214424133, 27.1963100433, 0.162814736366, -2.06661581993, -5.68081998825, -3.64427351952], [-62.4430847168, 15.8424444199, 25.3822002411, 1.60031569004, 24.0009708405, 7.2479763031, 9.98379516602, 27.1963100433, 51.3220100403, 17.6075172424, -0.0186804514378, -6.94590568542, -3.85517930984], [132.318771362, 51.0943031311, -6.17493200302, 4.66462612152, 3.82785272598, 1.3301692009, 0.945163786411, 0.162814736366, 17.6075172424, 49.5714263916, 21.0905170441, 1.67754006386, -5.18884038925], [-34.4855690002, 31.5665779114, 3.91286969185, -6.68741178513, 3.50561976433, 1.00033402443, -3.24439072609, -2.06661581993, -0.0186804514378, 21.0905170441, 48.8856811523, 20.3248672485, -3.95334291458], [117.251953125, 10.7295036316, -1.32960724831, -4.37974119186, -8.47454071045, 0.476204127073, -3.148447752, -5.68081998825, -6.94590568542, 1.67754006386, 20.3248672485, 49.9133415222, 26.5789203644], [182.450805664, -43.1707954407, -3.98034024239, 1.82598018646, -15.274023056, -0.777466058731, 2.33341312408, -3.64427351952, -3.85517930984, -5.18884038925, -3.95334291458, 26.5789203644, 58.7120552063]],
