{
"lowlevel": {
    "average_loudness": 0.220838055015,
    "barkbands_crest": {
        "dmean": 2.30684995651,
        "dmean2": 3.78858566284,
        "dvar": 5.24159765244,
        "dvar2": 13.3263406754,
        "max": 26.6041851044,
        "mean": 10.8433475494,
        "median": 9.42397880554,
        "min": 1.85804986954,
        "var": 31.0304813385
    },
    "barkbands_flatness_db": {
        "dmean": 0.0173655636609,
        "dmean2": 0.0279043894261,
        "dvar": 0.000346542190528,
        "dvar2": 0.000834785110783,
        "max": 0.626609444618,
        "mean": 0.201918646693,
        "median": 0.202596753836,
        "min": 0.0139811420813,
        "var": 0.0125360004604
    },
    "barkbands_kurtosis": {
        "dmean": 4.0524263382,
        "dmean2": 6.5955991745,
        "dvar": 457.107696533,
        "dvar2": 1134.55297852,
        "max": 763.625976562,
        "mean": 6.40020942688,
        "median": 1.86148333549,
        "min": -1.79699492455,
        "var": 777.403564453
    },
    "barkbands_skewness": {
        "dmean": 0.475352734327,
        "dmean2": 0.764881551266,
        "dvar": 0.557704627514,
        "dvar2": 1.37350428104,
        "max": 8.85578250885,
        "mean": 0.879561245441,
        "median": 1.04407835007,
        "min": -18.8171482086,
        "var": 3.06388735771
    },
    "barkbands_spread": {
        "dmean": 2.94923233986,
        "dmean2": 4.89066505432,
        "dvar": 20.116973877,
        "dvar2": 56.4995765686,
        "max": 85.2563400269,
        "mean": 14.5271968842,
        "median": 9.15141487122,
        "min": 0.078972607851,
        "var": 166.136978149
    },
    "dissonance": {
        "dmean": 0.0251936167479,
        "dmean2": 0.0429411455989,
        "dvar": 0.000836449849885,
        "dvar2": 0.00234504393302,
        "max": 0.500000059605,
        "mean": 0.441569238901,
        "median": 0.457780659199,
        "min": 0.117785960436,
        "var": 0.00312153925188
    },
    "dynamic_complexity": 8.54468917847,
    "erbbands_crest": {
        "dmean": 2.60807991028,
        "dmean2": 4.26215648651,
        "dvar": 6.41534614563,
        "dvar2": 16.258058548,
        "max": 34.6662902832,
        "mean": 11.2913589478,
        "median": 9.80436897278,
        "min": 2.41007065773,
        "var": 33.6037483215
    },
    "erbbands_flatness_db": {
        "dmean": 0.0152152972296,
        "dmean2": 0.0242890678346,
        "dvar": 0.000279034837149,
        "dvar2": 0.000669680885039,
        "max": 0.584661722183,
        "mean": 0.25675085187,
        "median": 0.26248729229,
        "min": 0.0590618811548,
        "var": 0.00997214019299
    },
    "erbbands_kurtosis": {
        "dmean": 1.64209151268,
        "dmean2": 2.65587902069,
        "dvar": 28.9633426666,
        "dvar2": 70.3224258423,
        "max": 190.958572388,
        "mean": 2.21213936806,
        "median": 0.454191207886,
        "min": -1.83738493919,
        "var": 70.7734222412
    },
    "erbbands_skewness": {
        "dmean": 0.356242924929,
        "dmean2": 0.569853782654,
        "dvar": 0.176837325096,
        "dvar2": 0.419668287039,
        "max": 10.0310153961,
        "mean": 0.470040023327,
        "median": 0.480539739132,
        "min": -10.3133630753,
        "var": 1.08851587772
    },
    "erbbands_spread": {
        "dmean": 3.81832838058,
        "dmean2": 6.21422815323,
        "dvar": 21.292345047,
        "dvar2": 57.5217018127,
        "max": 103.850723267,
        "mean": 20.7975158691,
        "median": 18.024307251,
        "min": 0.178962692618,
        "var": 163.535919189
    },
    "hfc": {
        "dmean": 2.41983890533,
        "dmean2": 3.84302067757,
        "dvar": 22.6544914246,
        "dvar2": 57.9449653625,
        "max": 104.253196716,
        "mean": 11.3016424179,
        "median": 5.49080181122,
        "min": 1.22528000971e-16,
        "var": 169.191772461
    },
    "melbands_crest": {
        "dmean": 2.85667514801,
        "dmean2": 4.68307590485,
        "dvar": 7.6807923317,
        "dvar2": 19.430065155,
        "max": 35.7084159851,
        "mean": 13.9554786682,
        "median": 12.8464412689,
        "min": 1.61124873161,
        "var": 40.0141220093
    },
    "melbands_flatness_db": {
        "dmean": 0.0189842414111,
        "dmean2": 0.03026714921,
        "dvar": 0.000413287663832,
        "dvar2": 0.000988495885395,
        "max": 0.782405018806,
        "mean": 0.250641971827,
        "median": 0.24610607326,
        "min": 0.00331406318583,
        "var": 0.017341742292
    },
    "melbands_kurtosis": {
        "dmean": 3.6380507946,
        "dmean2": 5.75347328186,
        "dvar": 101.077812195,
        "dvar2": 221.62713623,
        "max": 404.132751465,
        "mean": 7.25777339935,
        "median": 3.64572310448,
        "min": -1.88299250603,
        "var": 274.419799805
    },
    "melbands_skewness": {
        "dmean": 0.497693270445,
        "dmean2": 0.792355537415,
        "dvar": 0.399872034788,
        "dvar2": 0.969575822353,
        "max": 12.1634521484,
        "mean": 1.40533697605,
        "median": 1.49900770187,
        "min": -14.0405225754,
        "var": 2.64214611053
    },
    "melbands_spread": {
        "dmean": 5.30984210968,
        "dmean2": 8.76682472229,
        "dvar": 91.2157211304,
        "dvar2": 240.997558594,
        "max": 248.095321655,
        "mean": 22.8263988495,
        "median": 13.4287281036,
        "min": 0.248680993915,
        "var": 583.936401367
    },
    "pitch_salience": {
        "dmean": 0.0623716264963,
        "dmean2": 0.102208331227,
        "dvar": 0.00363604794256,
        "dvar2": 0.00921706669033,
        "max": 0.949599802494,
        "mean": 0.578195869923,
        "median": 0.597892403603,
        "min": 0.092204965651,
        "var": 0.0192416235805
    },
    "silence_rate_20dB": {
        "dmean": 0,
        "dmean2": 0,
        "dvar": 0,
        "dvar2": 0,
        "max": 1,
        "mean": 1,
        "median": 1,
        "min": 1,
        "var": 0
    },
    "silence_rate_30dB": {
        "dmean": 0,
        "dmean2": 0,
        "dvar": 0,
        "dvar2": 0,
        "max": 1,
        "mean": 1,
        "median": 1,
        "min": 1,
        "var": 0
    },
    "silence_rate_60dB": {
        "dmean": 0.0347353704274,
        "dmean2": 0.0694764554501,
        "dvar": 0.0335360392928,
        "dvar2": 0.0778155103326,
        "max": 1,
        "mean": 0.385843634605,
        "median": 0,
        "min": 0,
        "var": 0.236989721656
    },
    "spectral_centroid": {
        "dmean": 145.826873779,
        "dmean2": 242.308731079,
        "dvar": 52035.4726562,
        "dvar2": 135423.890625,
        "max": 11038.4433594,
        "mean": 1228.57849121,
        "median": 849.716552734,
        "min": 164.676391602,
        "var": 812839.5
    },
    "spectral_complexity": {
        "dmean": 1.89727544785,
        "dmean2": 3.16200208664,
        "dvar": 5.95956850052,
        "dvar2": 14.9428119659,
        "max": 43,
        "mean": 11.5353088379,
        "median": 12,
        "min": 0,
        "var": 57.9260292053
    },
    "spectral_decrease": {
        "dmean": 9.19042120184e-10,
        "dmean2": 1.43575540346e-09,
        "dvar": 2.65576902892e-18,
        "dvar2": 6.32249173273e-18,
        "max": 2.73945551188e-18,
        "mean": -4.26907131867e-09,
        "median": -1.25368826431e-09,
        "min": -2.93125026474e-08,
        "var": 2.49874471286e-17
    },
    "spectral_energy": {
        "dmean": 0.00366118410602,
        "dmean2": 0.0057263141498,
        "dvar": 4.20441283495e-05,
        "dvar2": 0.000100227429357,
        "max": 0.116596147418,
        "mean": 0.0171375758946,
        "median": 0.0052751833573,
        "min": 1.09930356626e-20,
        "var": 0.00039812840987
    },
    "spectral_energyband_high": {
        "dmean": 6.26759356237e-05,
        "dmean2": 0.000112512156193,
        "dvar": 6.9467830599e-08,
        "dvar2": 2.05495297223e-07,
        "max": 0.00795875210315,
        "mean": 0.00011956540402,
        "median": 2.47582429438e-05,
        "min": 7.92171970273e-21,
        "var": 1.44303982097e-07
    },
    "spectral_energyband_low": {
        "dmean": 0.000239000975853,
        "dmean2": 0.000412216235418,
        "dvar": 3.85124963032e-07,
        "dvar2": 1.07406594907e-06,
        "max": 0.0175617150962,
        "mean": 0.000479488400742,
        "median": 0.000158924827701,
        "min": 7.88679972084e-23,
        "var": 1.34891536163e-06
    },
    "spectral_energyband_middle_high": {
        "dmean": 0.000899493054021,
        "dmean2": 0.00141681788955,
        "dvar": 3.47561422132e-06,
        "dvar2": 8.2649412434e-06,
        "max": 0.0610235705972,
        "mean": 0.00326725305058,
        "median": 0.00162798014935,
        "min": 1.62394365737e-21,
        "var": 2.19245557673e-05
    },
    "spectral_energyband_middle_low": {
        "dmean": 0.00340382265858,
        "dmean2": 0.00530970748514,
        "dvar": 3.89379856642e-05,
        "dvar2": 9.44573694142e-05,
        "max": 0.104295328259,
        "mean": 0.0136574022472,
        "median": 0.00286363298073,
        "min": 3.86542525134e-22,
        "var": 0.000288408686174
    },
    "spectral_entropy": {
        "dmean": 0.137602522969,
        "dmean2": 0.216577395797,
        "dvar": 0.025939039886,
        "dvar2": 0.0598175525665,
        "max": 9.79682350159,
        "mean": 6.9892873764,
        "median": 7.00987625122,
        "min": 3.63316440582,
        "var": 0.747279942036
    },
    "spectral_flux": {
        "dmean": 0.0120494989678,
        "dmean2": 0.0196634177119,
        "dvar": 0.000388351851143,
        "dvar2": 0.00092270062305,
        "max": 0.26411730051,
        "mean": 0.044828761369,
        "median": 0.035772588104,
        "min": 1.0484767915e-10,
        "var": 0.00138491636608
    },
    "spectral_kurtosis": {
        "dmean": 9.12493419647,
        "dmean2": 15.9204797745,
        "dvar": 385.113800049,
        "dvar2": 1157.46569824,
        "max": 689.094482422,
        "mean": 27.8226413727,
        "median": 10.1097869873,
        "min": -1.24418830872,
        "var": 3459.06201172
    },
    "spectral_rms": {
        "dmean": 0.000369727582438,
        "dmean2": 0.000577936356422,
        "dvar": 2.67521215847e-07,
        "dvar2": 6.15047781594e-07,
        "max": 0.0106654744595,
        "mean": 0.0032574206125,
        "median": 0.00226859422401,
        "min": 3.27489120891e-12,
        "var": 6.10877577856e-06
    },
    "spectral_rolloff": {
        "dmean": 333.89855957,
        "dmean2": 583.375061035,
        "dvar": 473839.875,
        "dvar2": 1284742.125,
        "max": 19745.9472656,
        "mean": 1876.45214844,
        "median": 1076.66015625,
        "min": 129.19921875,
        "var": 6367319.5
    },
    "spectral_skewness": {
        "dmean": 0.566834747791,
        "dmean2": 0.987649321556,
        "dvar": 0.577345371246,
        "dvar2": 1.71157622337,
        "max": 21.8195648193,
        "mean": 2.9626698494,
        "median": 2.24475026131,
        "min": -0.5911642313,
        "var": 6.81023406982
    },
    "spectral_spread": {
        "dmean": 337370.84375,
        "dmean2": 568700.875,
        "dvar": 231995228160,
        "dvar2": 502734520320,
        "max": 40824032,
        "mean": 3019223,
        "median": 2297408.5,
        "min": 148936.828125,
        "var": 3.91122177229e+12
    },
    "spectral_strongpeak": {
        "dmean": 0.365550845861,
        "dmean2": 0.607692956924,
        "dvar": 0.370820134878,
        "dvar2": 0.912189602852,
        "max": 12.4587450027,
        "mean": 1.16436195374,
        "median": 0.561853170395,
        "min": 0,
        "var": 1.8967192173
    },
    "zerocrossingrate": {
        "dmean": 0.00536707462743,
        "dmean2": 0.00712666334584,
        "dvar": 4.90096826979e-05,
        "dvar2": 7.99862464191e-05,
        "max": 0.53125,
        "mean": 0.0659015327692,
        "median": 0.04052734375,
        "min": 0.0068359375,
        "var": 0.00494891125709
    },
    "barkbands": {
        "dmean": [2.73688547168e-05, 7.47665835661e-05, 9.25967178773e-05, 0.000241026267759, 0.000694983173162, 0.00115028640721, 0.00122881494462, 0.00109324115328, 0.00101254635956, 0.000505596282892, 0.00022795064433, 0.00022877677111, 0.000219944820856, 0.000144956662552, 0.000163863616763, 8.73666504049e-05, 7.30355604901e-05, 2.68630228675e-05, 2.27842156164e-05, 1.88860121852e-05, 1.79382986971e-05, 1.15433967949e-05, 1.77549172804e-05, 9.35452226258e-06, 4.66198798676e-06, 2.10659413824e-06, 1.05908225123e-06],
        "dmean2": [4.81790993945e-05, 0.00012720466475, 0.000163017961313, 0.000419719552156, 0.00106736633461, 0.00177621247713, 0.00187472370453, 0.00170663848985, 0.00163886195514, 0.00078297208529, 0.000353281706339, 0.00036246466334, 0.00033910642378, 0.000233228682191, 0.000263413618086, 0.000142816279549, 0.000118705022032, 4.51805499324e-05, 3.87341351598e-05, 3.37721467076e-05, 3.19421124004e-05, 2.03696836252e-05, 3.21233928844e-05, 1.68019923876e-05, 8.4466937551e-06, 3.8275939005e-06, 1.9490807972e-06],
        "dvar": [1.83929209641e-08, 1.36081169444e-07, 1.14533165174e-07, 3.6057070929e-07, 3.09459142045e-06, 8.50829110277e-06, 1.20448958114e-05, 1.29693335111e-05, 1.04271666714e-05, 2.34669778365e-06, 5.47276329144e-07, 4.6234933393e-07, 3.41853024111e-07, 1.50078463435e-07, 1.18759793111e-07, 5.54126629027e-08, 9.72215588035e-08, 4.53356463481e-09, 6.49248921292e-09, 6.8853944768e-09, 5.03467978419e-09, 3.26745497325e-09, 4.51806281276e-09, 1.79384618271e-09, 5.28831978208e-10, 6.48455178442e-11, 2.60263737645e-11],
        "dvar2": [5.39910409714e-08, 3.76437668592e-07, 3.41592880204e-07, 1.02768092347e-06, 6.97811719874e-06, 1.82078802027e-05, 2.66515071417e-05, 2.93147422781e-05, 2.7996067729e-05, 4.85527925775e-06, 1.09973120743e-06, 9.63806428445e-07, 6.99343218002e-07, 3.5698920442e-07, 3.07903263774e-07, 1.48100369302e-07, 1.89717198396e-07, 1.25171935039e-08, 1.72052097014e-08, 2.06817976078e-08, 1.48591956517e-08, 9.29989063536e-09, 1.34858675338e-08, 5.27425214614e-09, 1.5519139307e-09, 1.96902813498e-10, 8.28772259154e-11],
        "max": [0.00536852423102, 0.0119746848941, 0.0112721575424, 0.0172176249325, 0.0452364310622, 0.0653357878327, 0.100415311754, 0.0943550392985, 0.0828121006489, 0.0574940145016, 0.0233600735664, 0.0292535610497, 0.0264627337456, 0.0209028422832, 0.00641597853974, 0.00784168113023, 0.0148501200601, 0.0018769169692, 0.00428112549707, 0.0027202218771, 0.00202320865355, 0.00258845626377, 0.00193417537957, 0.00139330443926, 0.000723721983377, 0.000245881004957, 0.000120094788144],
        "mean": [2.89012750727e-05, 0.000105352133687, 0.000171420833794, 0.000377556600142, 0.00188653310761, 0.00284747313708, 0.00323859928176, 0.00248681125231, 0.0023847122211, 0.00114585261326, 0.0004215122608, 0.000445803656476, 0.000455804314697, 0.000275111699011, 0.000333181145834, 0.000164893644978, 0.000136058384669, 5.28484961251e-05, 4.66599158244e-05, 2.97165133816e-05, 2.74869780696e-05, 2.15436230064e-05, 2.47970692726e-05, 1.67188281921e-05, 7.57429597797e-06, 3.30100942847e-06, 1.32533136821e-06],
        "median": [4.93397749324e-07, 1.21815801322e-05, 3.79523880838e-05, 0.000131272827275, 0.000417523522628, 0.000398431206122, 0.000206871656701, 0.000144329998875, 0.000325177185005, 0.000163886448718, 8.35972241475e-05, 8.75411715242e-05, 0.00013264248264, 9.50124231167e-05, 0.000138024770422, 8.31867801026e-05, 5.75163503527e-05, 2.81277752947e-05, 1.9676888769e-05, 1.01201103462e-05, 6.17593150309e-06, 3.71393343812e-06, 1.97055851459e-06, 7.91058255345e-07, 2.51235661608e-07, 4.63622953362e-08, 5.86511772482e-09],
        "min": [1.07725590928e-23, 4.70110202206e-23, 1.63244114713e-23, 3.40194561437e-23, 8.5467746381e-23, 4.75471080037e-23, 8.68128425768e-23, 7.7277735665e-23, 4.58958517351e-23, 3.87237050897e-23, 4.29105874996e-23, 1.46539117298e-22, 5.98810176766e-23, 1.45488771091e-22, 2.42595781475e-22, 3.57733400606e-22, 1.50705034941e-22, 1.23935122164e-22, 2.27118229541e-22, 1.98325424967e-22, 3.42415135465e-22, 4.03424703864e-22, 6.64191599679e-22, 9.58311761759e-22, 1.21779030257e-21, 1.8099356018e-21, 2.60163994038e-21],
        "var": [1.67175127075e-08, 1.98917817329e-07, 4.22834062874e-07, 8.75588341387e-07, 1.64421599038e-05, 4.13655579905e-05, 6.83001417201e-05, 4.86203716719e-05, 5.06040014443e-05, 1.13993855848e-05, 1.60794661497e-06, 1.5179756474e-06, 1.51418453243e-06, 3.90701075048e-07, 3.30235366164e-07, 7.29594873405e-08, 1.70842255898e-07, 7.93563881274e-09, 1.93030373907e-08, 8.62005755664e-09, 1.02720401074e-08, 7.94208609989e-09, 7.41210026689e-09, 3.39305006314e-09, 6.32752295004e-10, 1.10802263198e-10, 3.27033886083e-11]
    },
    "erbbands": {
        "dmean": [0.00210789311677, 0.0180642846972, 0.0809305459261, 0.479281634092, 1.07680797577, 2.79211759567, 5.45109605789, 10.0586624146, 18.719865799, 19.17486763, 19.5719566345, 24.4799861908, 13.2729263306, 12.4129772186, 10.2761325836, 8.87127113342, 10.5126085281, 7.13304615021, 7.09704875946, 8.22715187073, 4.00320386887, 3.23484325409, 1.80731487274, 1.17915737629, 1.00739550591, 0.90312820673, 0.971371591091, 0.493613570929, 0.426685839891, 0.542317688465, 0.461713016033, 0.225730538368, 0.137283176184, 0.0635736435652, 0.0291390363127, 0.00978015176952, 0.00250678649172, 0.00171617569868, 0.000284869980533, 1.22813025882e-05],
        "dmean2": [0.00355491694063, 0.0310240928084, 0.141576588154, 0.834541738033, 1.80812430382, 4.300532341, 8.19266605377, 15.8806581497, 28.3046455383, 29.4233112335, 31.2413635254, 39.6077766418, 20.8238620758, 19.4017105103, 16.0064888, 14.0545072556, 16.172618866, 11.4044017792, 11.4245424271, 13.1373977661, 6.63615560532, 5.30569410324, 2.97950816154, 1.96786212921, 1.75472450256, 1.60739696026, 1.76866960526, 0.85822224617, 0.75263184309, 0.988555550575, 0.831114888191, 0.400904864073, 0.246672809124, 0.114971838892, 0.0531143881381, 0.0176066476852, 0.00448647886515, 0.00320134172216, 0.000532092817593, 2.1338561055e-05],
        "dvar": [0.000139268071507, 0.00711833313107, 0.0851001814008, 1.27098011971, 9.35490322113, 57.8290596008, 196.230773926, 657.768920898, 2761.5546875, 3337.34765625, 3786.92724609, 5812.28222656, 2659.59594727, 1324.7635498, 1230.97375488, 658.436889648, 755.506469727, 404.353912354, 239.594436646, 327.847717285, 121.231018066, 231.527786255, 36.2171440125, 12.3276824951, 17.6241168976, 12.9736795425, 15.2708530426, 5.36574745178, 4.82528972626, 4.62626647949, 2.94406986237, 1.03189206123, 0.363650351763, 0.089324682951, 0.0242765080184, 0.00231359899044, 8.317965694e-05, 6.93994807079e-05, 2.08898222809e-06, 1.77641268362e-09],
        "dvar2": [0.000348847563146, 0.0205478984863, 0.249240145087, 3.63295388222, 25.8386745453, 134.883773804, 417.300140381, 1489.30249023, 5958.65527344, 7278.64746094, 8930.44140625, 15585.5791016, 5366.20654297, 2957.74487305, 2674.59082031, 1343.5222168, 1567.98217773, 942.216674805, 588.869934082, 867.26965332, 328.296813965, 480.373962402, 76.5486373901, 30.9121437073, 50.1699180603, 38.6847381592, 46.7299385071, 14.7895498276, 13.8071651459, 13.9726648331, 8.57898330688, 3.00903463364, 1.08189356327, 0.262049049139, 0.0719847157598, 0.00687642721459, 0.000243114394834, 0.000223244423978, 6.70680492476e-06, 5.54656809371e-09],
        "max": [0.468418240547, 2.87505698204, 9.81429576874, 33.5486946106, 102.498847961, 180.509506226, 331.034637451, 538.521362305, 1337.42016602, 1682.10046387, 1470.95202637, 2104.5390625, 1882.5447998, 2037.72460938, 1207.39355469, 1514.75, 1460.66674805, 1178.921875, 338.546203613, 437.047424316, 387.957611084, 665.842041016, 278.21081543, 200.642425537, 151.491394043, 104.827926636, 101.734230042, 112.298034668, 83.3083343506, 60.7116584778, 55.6199989319, 39.4987182617, 15.9441366196, 8.17216300964, 5.59934473038, 1.94612109661, 0.362850278616, 0.20445998013, 0.0352324470878, 0.00176673324313],
        "mean": [0.0031817315612, 0.0250853039324, 0.155496880412, 0.840526223183, 2.39329910278, 7.14195680618, 15.7848081589, 23.8899555206, 51.3567886353, 46.7538642883, 50.645740509, 58.8856887817, 29.7017326355, 28.0457725525, 21.7126560211, 19.7499904633, 22.6705093384, 14.5575742722, 14.7448806763, 16.8631134033, 8.3451757431, 6.32891511917, 3.88519454002, 2.71785998344, 1.94156086445, 1.49864184856, 1.36404573917, 0.888032436371, 0.748552262783, 0.749212026596, 0.729841351509, 0.394675523043, 0.244043678045, 0.10566650331, 0.0446089468896, 0.0157851800323, 0.00461036153138, 0.00184608285781, 0.00029717956204, 3.30474031216e-05],
        "median": [0.000266277056653, 0.00389301637188, 0.0343627594411, 0.320815593004, 0.984353542328, 1.59766101837, 1.73591470718, 4.38867998123, 3.46490716934, 4.09360265732, 4.59762096405, 9.36651039124, 4.31724643707, 5.9936580658, 4.96052455902, 5.06679582596, 7.67168903351, 5.4322309494, 6.97187519073, 7.22843170166, 4.67836475372, 2.89289712906, 2.11315822601, 1.23512911797, 0.857823491096, 0.540964007378, 0.320088773966, 0.200992286205, 0.142721295357, 0.0912419557571, 0.0509257167578, 0.0233779810369, 0.0100593212992, 0.00403315015137, 0.00127828284167, 0.000334624550305, 7.59303511586e-05, 1.33685580295e-05, 2.02742048714e-05, 1.66048084793e-05],
        "min": [8.89088699833e-22, 1.17223440066e-20, 2.5544290512e-20, 5.81786239353e-20, 2.40520495784e-19, 1.67169608731e-19, 5.30828785843e-19, 3.83162803486e-19, 7.6263126326e-19, 1.96796731561e-18, 1.83522219809e-18, 9.25137822233e-19, 1.04873215083e-18, 9.93925851781e-19, 2.22881541306e-18, 6.79287295114e-18, 3.49161042929e-18, 6.03836801362e-18, 1.59343110119e-17, 1.21682925133e-17, 1.78336301948e-17, 9.61205295764e-18, 7.49760229531e-18, 7.58693697428e-18, 1.27458027201e-17, 9.62361363389e-18, 9.49040943112e-18, 1.61738757521e-17, 1.5229576291e-17, 1.54567432483e-17, 2.07146092785e-17, 1.44162542624e-17, 2.03160554614e-17, 1.39655682144e-17, 8.38760479384e-18, 5.87013602064e-18, 3.47884248294e-18, 1.80347479938e-18, 3.30614500712e-19, 3.53229321391e-20],
        "var": [0.000226248914259, 0.00952896755189, 0.308540254831, 3.7857735157, 25.1957645416, 264.690368652, 1265.5916748, 2881.16845703, 16390.2617188, 13283.5703125, 16242.7470703, 25933.5644531, 10664.9404297, 6770.25732422, 4159.4140625, 2633.26586914, 3197.27050781, 1086.46704102, 626.341308594, 847.893493652, 167.198974609, 372.249969482, 69.9351730347, 46.8994750977, 32.6633300781, 20.2170124054, 22.613992691, 14.0220270157, 8.86959266663, 6.70064544678, 6.31282281876, 2.27039599419, 0.688946306705, 0.12283706665, 0.0237683113664, 0.00297518610023, 0.000250293349382, 5.77285063628e-05, 1.92005040844e-06, 4.69730032648e-09]
    },
    "gfcc": {
        "mean": [-148.412094116, 118.459465027, -148.589233398, -8.6706829071, -57.1636352539, -10.644908905, -42.4990882874, -10.1535406113, -15.1597862244, -8.60688591003, -12.7402524948, -8.80588436127, -6.81774377823],
        "cov": [[33744.8320312, 2094.28662109, -2373.75366211, -396.868041992, -2710.2668457, 74.396270752, -375.578826904, -311.252502441, -733.748474121, -147.973434448, -95.0472335815, -253.955856323, -234.062637329], [2094.28662109, 6593.59619141, -223.788711548, -1966.87658691, 269.230010986, -1132.81420898, 51.6489105225, -781.634399414, -1.24497818947, -641.047363281, 127.226570129, -486.778533936, 170.081771851], [-2373.75366211, -223.788711548, 2012.8651123, -203.995162964, -8.61967468262, 473.484161377, -25.3354587555, 120.952354431, -170.633422852, 108.895637512, -105.86277771, 102.071929932, -62.667388916], [-396.868041992, -1966.87658691, -203.995162964, 1224.45410156, 61.5101127625, 337.105834961, 90.0928192139, 218.387771606, 29.7133655548, 128.323928833, -55.1350364685, 91.048324585, -76.5852355957], [-2710.2668457, 269.230010986, -8.61967468262, 61.5101127625, 805.951171875, -38.1231536865, 30.9347572327, 36.2749557495, 66.3921279907, -3.66501617432, -3.68466663361, 4.98048496246, -0.0502799451351], [74.396270752, -1132.81420898, 473.484161377, 337.105834961, -38.1231536865, 580.322875977, -29.4148101807, 194.125015259, -54.0409660339, 131.637832642, -88.8556747437, 93.9431304932, -67.1613235474], [-375.578826904, 51.6489105225, -25.3354587555, 90.0928192139, 30.9347572327, -29.4148101807, 210.306121826, -1.37997674942, 47.8299980164, 8.68418693542, 22.8868732452, -19.2729930878, -4.05741977692], [-311.252502441, -781.634399414, 120.952354431, 218.387771606, 36.2749557495, 194.125015259, -1.37997674942, 239.209320068, 9.37064170837, 100.165283203, -21.1921272278, 46.8027000427, -41.0420036316], [-733.748474121, -1.24497818947, -170.633422852, 29.7133655548, 66.3921279907, -54.0409660339, 47.8299980164, 9.37064170837, 182.833343506, 21.8026638031, 29.4462509155, -25.0194683075, 13.3611125946], [-147.973434448, -641.047363281, 108.895637512, 128.323928833, -3.66501617432, 131.637832642, 8.68418693542, 100.165283203, 21.8026638031, 168.642288208, 24.3749237061, 70.6534729004, -14.7190008163], [-95.0472335815, 127.226570129, -105.86277771, -55.1350364685, -3.68466663361, -88.8556747437, 22.8868732452, -21.1921272278, 29.4462509155, 24.3749237061, 116.912033081, 23.1813735962, 25.8775100708], [-253.955856323, -486.778533936, 102.071929932, 91.048324585, 4.98048496246, 93.9431304932, -19.2729930878, 46.8027000427, -25.0194683075, 70.6534729004, 23.1813735962, 138.367126465, 20.0104866028], [-234.062637329, 170.081771851, -62.667388916, -76.5852355957, -0.0502799451351, -67.1613235474, -4.05741977692, -41.0420036316, 13.3611125946, -14.7190008163, 25.8775100708, 20.0104866028, 85.3260040283]],
        "icov": [[8.56245969771e-05, -0.000162539858138, 0.000201111033675, -8.29257987789e-05, 0.000317127647577, -0.000172874002601, 9.12517643883e-05, -9.87433522823e-05, 0.00032382865902, -0.000378899509087, 0.000195116997929, -0.000183455209481, 0.00032088777516], [-0.000162539858138, 0.00109537073877, -0.0004896071041, 0.00094323779922, -0.00096678850241, 0.000505418516695, -0.000520658621099, 0.00106215593405, -0.0004142888356, 0.00198637903668, -0.00113410572521, 0.00179048290011, -0.00092729885364], [0.000201111033675, -0.0004896071041, 0.00127932219766, 0.000114817048598, 0.000715759233572, -0.00108729896601, -7.50664694351e-05, -0.000353556737537, 0.00122517440468, -0.00132171926089, 0.000982552650385, -0.000971239700448, 0.00105116923805], [-8.29257987789e-05, 0.00094323779922, 0.000114817048598, 0.00223318417557, -0.000741043651942, -0.000327072746586, -0.00117278052494, 0.000447096012067, -0.000148930077557, 0.00152129621711, -0.000354162737494, 0.000788578996435, 9.07227949938e-05], [0.000317127647577, -0.00096678850241, 0.000715759233572, -0.000741043651942, 0.0026694952976, -0.000445572135504, 0.000419504474849, -0.0010981609812, 0.000557266583201, -0.00168975268025, 0.00130413693842, -0.00168357009534, 0.00142075156327], [-0.000172874002601, 0.000505418516695, -0.00108729896601, -0.000327072746586, -0.000445572135504, 0.00440170895308, 0.000165005782037, -0.000893140910193, -0.000487119163154, -0.000153242159286, 0.0015163597418, -0.000457162648672, 0.000165995938005], [9.12517643883e-05, -0.000520658621099, -7.50664694351e-05, -0.00117278052494, 0.000419504474849, 0.000165005782037, 0.00587772624567, -0.000152308872202, -0.000876292353496, -0.00117960735224, -0.000761465693358, 0.00039218555321, 0.000589437317103], [-9.87433522823e-05, 0.00106215593405, -0.000353556737537, 0.000447096012067, -0.0010981609812, -0.000893140910193, -0.000152308872202, 0.00832969509065, -0.000667982560117, -0.000857848674059, -0.000680555065628, 0.00164085975848, 0.000827457464766], [0.00032382865902, -0.0004142888356, 0.00122517440468, -0.000148930077557, 0.000557266583201, -0.000487119163154, -0.000876292353496, -0.000667982560117, 0.00858528632671, -0.00307446881197, -0.0003558351018, 0.00200006947853, -0.000501639617141], [-0.000378899509087, 0.00198637903668, -0.00132171926089, 0.00152129621711, -0.00168975268025, -0.000153242159286, -0.00117960735224, -0.000857848674059, -0.00307446881197, 0.0148832136765, -0.00514357304201, -0.000674684764817, -0.000427488150308], [0.000195116997929, -0.00113410572521, 0.000982552650385, -0.000354162737494, 0.00130413693842, 0.0015163597418, -0.000761465693358, -0.000680555065628, -0.0003558351018, -0.00514357304201, 0.0139947645366, -0.00487237703055, 9.71697591012e-05], [-0.000183455209481, 0.00179048290011, -0.000971239700448, 0.000788578996435, -0.00168357009534, -0.000457162648672, 0.00039218555321, 0.00164085975848, 0.00200006947853, -0.000674684764817, -0.00487237703055, 0.0156854949892, -0.00626111775637], [0.00032088777516, -0.00092729885364, 0.00105116923805, 9.07227949938e-05, 0.00142075156327, 0.000165995938005, 0.000589437317103, 0.000827457464766, -0.000501639617141, -0.000427488150308, 9.71697591012e-05, -0.00626111775637, 0.0173030756414]]
    },
    "melbands": {
        "dmean": [1.97868012037e-05, 3.35643089784e-05, 9.24952546484e-05, 0.000134737332701, 0.000178322792635, 0.000233644052059, 0.000278298917692, 0.000224588395213, 0.000175026216311, 0.000139620751725, 6.53567622066e-05, 5.42803791177e-05, 3.1743235013e-05, 2.69965476036e-05, 2.53622001765e-05, 1.76300636667e-05, 1.48715453179e-05, 1.19140640891e-05, 1.10549544843e-05, 9.14648626349e-06, 4.96962138641e-06, 3.48589378518e-06, 3.34232004207e-06, 1.39335497806e-06, 9.96991047941e-07, 9.31310921715e-07, 5.67139920804e-07, 6.75836702158e-07, 8.05642628166e-07, 3.30958613404e-07, 3.26364755665e-07, 2.72084406561e-07, 2.00246773829e-07, 3.87895823906e-07, 3.2770591929e-07, 1.52280762222e-07, 1.44660603496e-07, 1.06422326951e-07, 8.09965925441e-08, 4.85494950908e-08],
        "dmean2": [3.35458680638e-05, 5.8371326304e-05, 0.000159279676154, 0.000214210303966, 0.000266200164333, 0.000364820152754, 0.00042124412721, 0.000347210938344, 0.000281327753328, 0.000225692492677, 0.000102501559013, 8.4676190454e-05, 4.99089255754e-05, 4.23839628638e-05, 3.92845577153e-05, 2.77575691143e-05, 2.3843087547e-05, 1.9244829673e-05, 1.7806825781e-05, 1.45604144564e-05, 8.2883216237e-06, 5.74844079893e-06, 5.41341250937e-06, 2.32799015976e-06, 1.65900576121e-06, 1.59382182119e-06, 9.83226982498e-07, 1.21162986488e-06, 1.47462083078e-06, 5.73948739202e-07, 5.65446725886e-07, 4.82654002099e-07, 3.54298663297e-07, 7.16761917374e-07, 5.8933761693e-07, 2.71785324912e-07, 2.58432152123e-07, 1.90340912809e-07, 1.47062536371e-07, 8.73991297112e-08],
        "dvar": [1.00484145449e-08, 1.4686539096e-08, 5.07959221352e-08, 1.25209538737e-07, 1.95474044062e-07, 3.6308395579e-07, 6.20611956492e-07, 5.13735926688e-07, 2.96560415336e-07, 1.83216812388e-07, 6.56368470686e-08, 2.60765773419e-08, 9.87923698403e-09, 5.91253268567e-09, 4.6651189578e-09, 2.02102201641e-09, 1.94755034322e-09, 6.48402054271e-10, 6.42182140798e-10, 4.55317505921e-10, 1.71779271363e-10, 1.94403798615e-10, 2.82369849725e-10, 1.08449083047e-11, 8.83172614902e-12, 1.4307901218e-11, 7.00629875297e-12, 7.55856575246e-12, 1.07828000001e-11, 2.53492344303e-12, 2.51689836507e-12, 1.9581838321e-12, 8.97893630107e-13, 2.73155022906e-12, 1.41138695783e-12, 5.62514390536e-13, 4.21307628541e-13, 2.10756921897e-13, 1.57440250073e-13, 5.115713422e-14],
        "dvar2": [2.65683599565e-08, 4.22879864459e-08, 1.44335473351e-07, 3.24234179061e-07, 4.01936006256e-07, 7.92416585682e-07, 1.34913580041e-06, 1.13887347197e-06, 7.36830088499e-07, 4.84980773763e-07, 1.33017863391e-07, 5.7938571274e-08, 2.11928021798e-08, 1.31220936339e-08, 9.73698721651e-09, 4.23827861695e-09, 4.48280967902e-09, 1.61433666435e-09, 1.71492442469e-09, 1.19842291646e-09, 4.64934479805e-10, 4.45474851452e-10, 5.00771923928e-10, 2.92950941283e-11, 2.17943944142e-11, 3.90484658497e-11, 2.04166440698e-11, 2.2861587623e-11, 3.36363922826e-11, 6.90869843972e-12, 6.70805121519e-12, 5.6474612313e-12, 2.53731887931e-12, 8.43318210403e-12, 4.21658194472e-12, 1.56425328419e-12, 1.22875277661e-12, 6.2118078693e-13, 4.74684310955e-13, 1.49459275251e-13],
        "max": [0.00359500804916, 0.00379660259932, 0.00597027502954, 0.00748584000394, 0.0112446751446, 0.0114895543084, 0.0218056477606, 0.0206201337278, 0.0124130547047, 0.0113625656813, 0.00913068745285, 0.00918910373002, 0.0032317021396, 0.00297180819325, 0.00314500392415, 0.00221775961109, 0.00270803575404, 0.000599659280851, 0.000545927905478, 0.000669348170049, 0.000423070625402, 0.000500617315993, 0.000905035878532, 8.4926650743e-05, 0.000170362938661, 0.00019016204169, 0.000102995472844, 6.60252990201e-05, 7.1940390626e-05, 6.35099058854e-05, 9.36717624427e-05, 4.82291652588e-05, 4.50142615591e-05, 4.21835720772e-05, 2.96714497381e-05, 3.71613932657e-05, 2.40269891947e-05, 1.18215739349e-05, 1.18973512144e-05, 7.79127640271e-06],
        "mean": [2.95237623504e-05, 6.35196556686e-05, 0.000167278049048, 0.000342625367921, 0.000524765520822, 0.000561345426831, 0.000755848188419, 0.000528196280356, 0.000464420270873, 0.000322443200275, 0.000138905728818, 0.000116649949632, 6.31208531559e-05, 5.46072042198e-05, 5.90586860199e-05, 3.48135290551e-05, 2.75720740319e-05, 2.29686320381e-05, 2.29322340601e-05, 1.70136481756e-05, 8.99145379663e-06, 6.44641204417e-06, 5.77384980716e-06, 2.61022250925e-06, 2.131226438e-06, 1.673675456e-06, 1.01655450635e-06, 9.82965161711e-07, 9.77401896307e-07, 5.49706157926e-07, 5.32781882612e-07, 4.49003835001e-07, 3.52862912223e-07, 4.37327770442e-07, 4.88235571083e-07, 2.49658484108e-07, 2.39123778556e-07, 1.84887284149e-07, 1.26303220327e-07, 7.64247261031e-08],
        "median": [3.27595716954e-06, 1.31298056658e-05, 6.53540628264e-05, 0.000102945661638, 5.55661972612e-05, 8.58466228237e-05, 4.66264464194e-05, 3.91830981243e-05, 3.62803184544e-05, 5.368363054e-05, 1.56588957907e-05, 2.27195378102e-05, 1.38931154652e-05, 1.07124869828e-05, 1.52190714289e-05, 1.20821960081e-05, 8.30536464491e-06, 1.0023926734e-05, 9.17401484912e-06, 7.84368239692e-06, 4.23593337473e-06, 2.80585118162e-06, 2.16753187487e-06, 1.3688306808e-06, 8.44916542064e-07, 6.44843566988e-07, 4.18126944624e-07, 2.99999015851e-07, 1.99512825816e-07, 1.38272937988e-07, 9.83004753152e-08, 8.04353135209e-08, 5.84800510239e-08, 4.20923882416e-08, 2.98694473599e-08, 1.70978822212e-08, 1.19931637954e-08, 7.07536429445e-09, 4.68554350874e-09, 2.68899613687e-09],
        "min": [1.11506632801e-23, 1.4969086905e-23, 1.66639987361e-23, 1.43834207918e-23, 1.61810202246e-23, 7.80678524368e-24, 1.3408535441e-23, 1.94708289457e-23, 1.57186420268e-23, 4.84494071071e-24, 5.43513725214e-24, 4.13785194363e-24, 6.32768445702e-24, 1.40739017493e-23, 1.25398181464e-23, 6.84189633834e-24, 1.09874858242e-23, 2.64820889873e-23, 1.39839242744e-23, 2.09179863878e-23, 2.00865522372e-23, 9.64966134816e-24, 6.39163543846e-24, 6.12905677527e-24, 5.5398325049e-24, 1.01043860175e-23, 7.50577169946e-24, 6.32572177109e-24, 5.21356200108e-24, 7.91096537026e-24, 9.0175715595e-24, 6.72149092066e-24, 1.05510469506e-23, 8.02853088869e-24, 1.27412514119e-23, 1.03442533752e-23, 7.38757824776e-24, 1.52343303403e-23, 1.17230568087e-23, 1.20661813257e-23],
        "var": [1.60421613771e-08, 4.83229349868e-08, 1.33915278866e-07, 5.19789011832e-07, 1.30520834318e-06, 1.66948996139e-06, 3.69782765119e-06, 1.97494864551e-06, 1.45929266182e-06, 7.72113253333e-07, 2.63348653107e-07, 1.31337046128e-07, 3.15784589588e-08, 1.94843252643e-08, 3.07840686276e-08, 5.95035620776e-09, 5.18765430613e-09, 1.5614344262e-09, 1.74925518515e-09, 8.01272825868e-10, 2.36184100055e-10, 2.90408613823e-10, 5.17593634619e-10, 1.80979831815e-11, 3.43928427404e-11, 3.35863142853e-11, 8.92800243457e-12, 9.55633402272e-12, 1.20573022053e-11, 5.19635593235e-12, 6.03226583268e-12, 3.40404115486e-12, 1.98628895449e-12, 2.61189897835e-12, 2.46761725636e-12, 1.82566028267e-12, 7.60194587401e-13, 3.94968346223e-13, 2.49363138645e-13, 6.19967876407e-14]
    },
    "mfcc": {
        "mean": [-761.946105957, 143.815612793, -27.6567878723, -3.19306302071, -6.7831029892, -7.55449867249, -17.4365921021, -8.84379005432, -8.16043949127, -3.39300704002, -6.53343105316, -5.3813533783, -4.6179857254],
        "cov": [[17276.6074219, 3327.69384766, -1412.234375, -404.002044678, -990.824768066, -110.201072693, -381.203552246, -131.708190918, -280.026672363, -101.000175476, -166.550811768, 99.8750534058, -55.2850761414], [3327.69384766, 4759.12304688, -355.575653076, -530.900817871, -380.677764893, -369.237640381, -329.798706055, -340.400695801, -263.464782715, -288.868652344, -178.177841187, -173.556655884, -150.045516968], [-1412.234375, -355.575653076, 1330.67138672, -103.431816101, 22.3627071381, 171.662277222, 191.528457642, 46.289932251, 36.9522476196, 6.63573789597, -25.6008281708, 12.4181623459, -10.7054128647], [-404.002044678, -530.900817871, -103.431816101, 443.929077148, 83.5822372437, 46.8054122925, 77.3451385498, 67.0883483887, 30.2273921967, 54.9791564941, 40.7496948242, 5.79646778107, 15.2835035324], [-990.824768066, -380.677764893, 22.3627071381, 83.5822372437, 478.319793701, 115.769767761, 113.600509644, 82.7767791748, 63.4322280884, 39.8095054626, 21.2106971741, -12.0423049927, 4.17621469498], [-110.201072693, -369.237640381, 171.662277222, 46.8054122925, 115.769767761, 260.491088867, 101.268859863, 67.8168106079, 62.536655426, 45.3287391663, 16.2464427948, 21.3627815247, 19.7626800537], [-381.203552246, -329.798706055, 191.528457642, 77.3451385498, 113.600509644, 101.268859863, 187.720413208, 70.2229690552, 35.6536064148, 34.4502449036, 24.3261680603, 13.0724096298, 8.71075057983], [-131.708190918, -340.400695801, 46.289932251, 67.0883483887, 82.7767791748, 67.8168106079, 70.2229690552, 127.505523682, 50.8271255493, 36.7950210571, 24.0535736084, 11.8511781693, 3.83701491356], [-280.026672363, -263.464782715, 36.9522476196, 30.2273921967, 63.4322280884, 62.536655426, 35.6536064148, 50.8271255493, 107.914543152, 61.2617034912, 27.6709785461, 9.75196743011, 5.71996688843], [-101.000175476, -288.868652344, 6.63573789597, 54.9791564941, 39.8095054626, 45.3287391663, 34.4502449036, 36.7950210571, 61.2617034912, 130.485290527, 61.3971366882, 18.1809196472, 18.6842670441], [-166.550811768, -178.177841187, -25.6008281708, 40.7496948242, 21.2106971741, 16.2464427948, 24.3261680603, 24.0535736084, 27.6709785461, 61.3971366882, 101.011833191, 42.8174057007, 12.3213167191], [99.8750534058, -173.556655884, 12.4181623459, 5.79646778107, -12.0423049927, 21.3627815247, 13.0724096298, 11.8511781693, 9.75196743011, 18.1809196472, 42.8174057007, 91.5096740723, 38.8591079712], [-55.2850761414, -150.045516968, -10.7054128647, 15.2835035324, 4.17621469498, 19.7626800537, 8.71075057983, 3.83701491356, 5.71996688843, 18.6842670441, 12.3213167191, 38.8591079712, 79.9093780518]],
