{
"lowlevel": {
    "average_loudness": 0.240458384156,
    "barkbands_crest": {
        "dmean": 2.33486175537,
        "dmean2": 3.65614271164,
        "dvar": 4.74346113205,
        "dvar2": 11.3508768082,
        "max": 26.4267196655,
        "mean": 9.45443439484,
        "median": 8.5656452179,
        "min": 2.34336853027,
        "var": 15.8520307541
    },
    "barkbands_flatness_db": {
        "dmean": 0.0177015140653,
        "dmean2": 0.0260077379644,
        "dvar": 0.000325827597408,
        "dvar2": 0.000695438473485,
        "max": 0.498011887074,
        "mean": 0.197581604123,
        "median": 0.181142061949,
        "min": 0.0359964594245,
        "var": 0.00604656198993
    },
    "barkbands_kurtosis": {
        "dmean": 1.20904421806,
        "dmean2": 1.87953579426,
        "dvar": 10.0021495819,
        "dvar2": 24.5896205902,
        "max": 116.782241821,
        "mean": 0.625058889389,
        "median": -0.380092024803,
        "min": -1.82136213779,
        "var": 16.6463718414
    },
    "barkbands_skewness": {
        "dmean": 0.409008920193,
        "dmean2": 0.608356356621,
        "dvar": 0.169206291437,
        "dvar2": 0.388900727034,
        "max": 9.58198833466,
        "mean": 0.305551886559,
        "median": 0.303944051266,
        "min": -5.59961080551,
        "var": 0.773884534836
    },
    "barkbands_spread": {
        "dmean": 3.37210726738,
        "dmean2": 5.15329265594,
        "dvar": 12.1763486862,
        "dvar2": 28.275220871,
        "max": 61.2927207947,
        "mean": 18.6371765137,
        "median": 19.8590812683,
        "min": 0.421730607748,
        "var": 108.702011108
    },
    "dissonance": {
        "dmean": 0.0208550915122,
        "dmean2": 0.0346653424203,
        "dvar": 0.000601750216447,
        "dvar2": 0.00161200028379,
        "max": 0.499999940395,
        "mean": 0.44873213768,
        "median": 0.461649179459,
        "min": 0.107918448746,
        "var": 0.00193849508651
    },
    "dynamic_complexity": 6.02840709686,
    "erbbands_crest": {
        "dmean": 3.12980651855,
        "dmean2": 4.92013549805,
        "dvar": 7.95110416412,
        "dvar2": 18.1268501282,
        "max": 33.6755943298,
        "mean": 11.4561271667,
        "median": 10.2372016907,
        "min": 2.66870689392,
        "var": 26.9228878021
    },
    "erbbands_flatness_db": {
        "dmean": 0.0166622102261,
        "dmean2": 0.0241093337536,
        "dvar": 0.000270340620773,
        "dvar2": 0.000517092237715,
        "max": 0.537719607353,
        "mean": 0.277792662382,
        "median": 0.256774097681,
        "min": 0.0888542383909,
        "var": 0.00631053000689
    },
    "erbbands_kurtosis": {
        "dmean": 1.14997327328,
        "dmean2": 1.74311029911,
        "dvar": 4.59992647171,
        "dvar2": 9.4224357605,
        "max": 107.835975647,
        "mean": 0.90808314085,
        "median": 0.0488530397415,
        "min": -1.69090557098,
        "var": 12.8041439056
    },
    "erbbands_skewness": {
        "dmean": 0.373774707317,
        "dmean2": 0.554572761059,
        "dvar": 0.115084432065,
        "dvar2": 0.250472813845,
        "max": 7.63358974457,
        "mean": -0.101907081902,
        "median": -0.181345909834,
        "min": -5.13881731033,
        "var": 0.710917651653
    },
    "erbbands_spread": {
        "dmean": 4.3765463829,
        "dmean2": 6.63346242905,
        "dvar": 18.4377937317,
        "dvar2": 41.1713218689,
        "max": 65.3652572632,
        "mean": 22.4198226929,
        "median": 21.2625770569,
        "min": 0.695227622986,
        "var": 164.905914307
    },
    "hfc": {
        "dmean": 4.92117929459,
        "dmean2": 7.32924175262,
        "dvar": 57.3399505615,
        "dvar2": 118.626174927,
        "max": 181.57522583,
        "mean": 17.6466255188,
        "median": 15.8853054047,
        "min": 1.1434216869e-16,
        "var": 314.898895264
    },
    "melbands_crest": {
        "dmean": 2.57878398895,
        "dmean2": 3.93330645561,
        "dvar": 6.82962942123,
        "dvar2": 16.1065235138,
        "max": 38.5182571411,
        "mean": 11.630200386,
        "median": 10.5442638397,
        "min": 1.39087605476,
        "var": 24.0919895172
    },
    "melbands_flatness_db": {
        "dmean": 0.0171922892332,
        "dmean2": 0.0246782340109,
        "dvar": 0.000328799622366,
        "dvar2": 0.000688519037794,
        "max": 0.579544126987,
        "mean": 0.213100790977,
        "median": 0.184215426445,
        "min": 0.00034572466393,
        "var": 0.00765588693321
    },
    "melbands_kurtosis": {
        "dmean": 1.70461189747,
        "dmean2": 2.62468361855,
        "dvar": 16.874288559,
        "dvar2": 45.0543174744,
        "max": 189.859985352,
        "mean": 1.99745047092,
        "median": 0.932525396347,
        "min": -1.78535830975,
        "var": 21.5786018372
    },
    "melbands_skewness": {
        "dmean": 0.422673016787,
        "dmean2": 0.628863573074,
        "dvar": 0.187070891261,
        "dvar2": 0.44112944603,
        "max": 12.6023464203,
        "mean": 0.896205544472,
        "median": 0.85795712471,
        "min": -3.50006484985,
        "var": 0.94542658329
    },
    "melbands_spread": {
        "dmean": 6.6173157692,
        "dmean2": 10.0054302216,
        "dvar": 42.7056732178,
        "dvar2": 94.8633651733,
        "max": 131.850418091,
        "mean": 32.5986633301,
        "median": 29.2110099792,
        "min": 0.691666722298,
        "var": 400.518035889
    },
    "pitch_salience": {
        "dmean": 0.0576205030084,
        "dmean2": 0.0910386741161,
        "dvar": 0.00254244729877,
        "dvar2": 0.006234920118,
        "max": 0.986843466759,
        "mean": 0.497003465891,
        "median": 0.496773719788,
        "min": 0.0683508440852,
        "var": 0.00726364273578
    },
    "silence_rate_20dB": {
        "dmean": 0,
        "dmean2": 0,
        "dvar": 0,
        "dvar2": 0,
        "max": 1,
        "mean": 1,
        "median": 1,
        "min": 1,
        "var": 0
    },
    "silence_rate_30dB": {
        "dmean": 0,
        "dmean2": 0,
        "dvar": 0,
        "dvar2": 0,
        "max": 1,
        "mean": 1,
        "median": 1,
        "min": 1,
        "var": 0
    },
    "silence_rate_60dB": {
        "dmean": 0.0266131050885,
        "dmean2": 0.0532306656241,
        "dvar": 0.025903204456,
        "dvar2": 0.0609370134771,
        "max": 1,
        "mean": 0.385774046183,
        "median": 0,
        "min": 0,
        "var": 0.236979752779
    },
    "spectral_centroid": {
        "dmean": 209.113922119,
        "dmean2": 328.392883301,
        "dvar": 49219.5078125,
        "dvar2": 106027.796875,
        "max": 11633.3027344,
        "mean": 1834.86730957,
        "median": 1795.79394531,
        "min": 279.945220947,
        "var": 422605.6875
    },
    "spectral_complexity": {
        "dmean": 1.84835553169,
        "dmean2": 2.9651825428,
        "dvar": 3.57963204384,
        "dvar2": 8.5255651474,
        "max": 42,
        "mean": 14.7223434448,
        "median": 17,
        "min": 0,
        "var": 96.2082138062
    },
    "spectral_decrease": {
        "dmean": 5.88924853329e-10,
        "dmean2": 8.70982785894e-10,
        "dvar": 8.35438098114e-19,
        "dvar2": 1.89556233544e-18,
        "max": -7.43028587369e-29,
        "mean": -2.93159896358e-09,
        "median": -2.30140173585e-09,
        "min": -2.49138381037e-08,
        "var": 8.98601785465e-18
    },
    "spectral_energy": {
        "dmean": 0.00260112155229,
        "dmean2": 0.0038546116557,
        "dvar": 1.54952012963e-05,
        "dvar2": 3.4266809962e-05,
        "max": 0.0990156009793,
        "mean": 0.0126651283354,
        "median": 0.0103292018175,
        "min": 1.06516128258e-20,
        "var": 0.000161953750649
    },
    "spectral_energyband_high": {
        "dmean": 0.000218910019612,
        "dmean2": 0.000354301271727,
        "dvar": 1.24807257862e-07,
        "dvar2": 3.13248875727e-07,
        "max": 0.00556308077648,
        "mean": 0.000491036858875,
        "median": 0.000346101500327,
        "min": 7.63092855891e-21,
        "var": 3.54564065219e-07
    },
    "spectral_energyband_low": {
        "dmean": 0.000324250635458,
        "dmean2": 0.000511509075295,
        "dvar": 3.38784434462e-06,
        "dvar2": 8.08263030194e-06,
        "max": 0.0460362546146,
        "mean": 0.000553833669983,
        "median": 3.61775382771e-05,
        "min": 4.5867676779e-23,
        "var": 4.2106521505e-06
    },
    "spectral_energyband_middle_high": {
        "dmean": 0.00194419117179,
        "dmean2": 0.00284136412665,
        "dvar": 9.13384519663e-06,
        "dvar2": 1.77084457391e-05,
        "max": 0.0878307372332,
        "mean": 0.00607198290527,
        "median": 0.00496522104368,
        "min": 1.61973777919e-21,
        "var": 3.99869059038e-05
    },
    "spectral_energyband_middle_low": {
        "dmean": 0.00114475376904,
        "dmean2": 0.00165215460584,
        "dvar": 4.10009852203e-06,
        "dvar2": 1.08568856376e-05,
        "max": 0.0755303874612,
        "mean": 0.0057485755533,
        "median": 0.00276329135522,
        "min": 4.27716495304e-22,
        "var": 5.41948829778e-05
    },
    "spectral_entropy": {
        "dmean": 0.160915374756,
        "dmean2": 0.238951519132,
        "dvar": 0.0266624875367,
        "dvar2": 0.0544275045395,
        "max": 9.79369068146,
        "mean": 6.84127759933,
        "median": 6.95973300934,
        "min": 4.19353961945,
        "var": 0.322802603245
    },
    "spectral_flux": {
        "dmean": 0.00982503499836,
        "dmean2": 0.0163661390543,
        "dvar": 0.000116846786113,
        "dvar2": 0.000313504744554,
        "max": 0.171008050442,
        "mean": 0.0426702871919,
        "median": 0.0429133661091,
        "min": 1.03206651558e-10,
        "var": 0.000819792912807
    },
    "spectral_kurtosis": {
        "dmean": 5.96634864807,
        "dmean2": 10.4691257477,
        "dvar": 79.2131271362,
        "dvar2": 230.267486572,
        "max": 182.378097534,
        "mean": 12.7550077438,
        "median": 5.72619533539,
        "min": -1.1894197464,
        "var": 388.967529297
    },
    "spectral_rms": {
        "dmean": 0.000329428847181,
        "dmean2": 0.000479469890706,
        "dvar": 1.35286015279e-07,
        "dvar2": 2.89734515491e-07,
        "max": 0.00982855912298,
        "mean": 0.00297536514699,
        "median": 0.0031744716689,
        "min": 3.22363425016e-12,
        "var": 3.50340383193e-06
    },
    "spectral_rolloff": {
        "dmean": 354.33972168,
        "dmean2": 611.358703613,
        "dvar": 224503.5625,
        "dvar2": 468265.53125,
        "max": 19336.8164062,
        "mean": 2248.80810547,
        "median": 2217.91992188,
        "min": 21.533203125,
        "var": 887340.3125
    },
    "spectral_skewness": {
        "dmean": 0.480333775282,
        "dmean2": 0.837694048882,
        "dvar": 0.29626634717,
        "dvar2": 0.889268934727,
        "max": 10.7184486389,
        "mean": 1.80676293373,
        "median": 1.38543009758,
        "min": -0.0211538784206,
        "var": 2.00439500809
    },
    "spectral_spread": {
        "dmean": 243672.171875,
        "dmean2": 392341.625,
        "dvar": 169083846656,
        "dvar2": 240878141440,
        "max": 40829348,
        "mean": 2526766,
        "median": 2637436.5,
        "min": 468836.8125,
        "var": 952697356288
    },
    "spectral_strongpeak": {
        "dmean": 1.15525090694,
        "dmean2": 1.92527627945,
        "dvar": 3.69630622864,
        "dvar2": 8.85622692108,
        "max": 20.5783805847,
        "mean": 2.10679459572,
        "median": 1.0327911377,
        "min": 0,
        "var": 6.73615598679
    },
    "zerocrossingrate": {
        "dmean": 0.00633290456608,
        "dmean2": 0.00772577989846,
        "dvar": 5.15073734277e-05,
        "dvar2": 6.59898360027e-05,
        "max": 0.501953125,
        "mean": 0.0740461945534,
        "median": 0.07080078125,
        "min": 0.00732421875,
        "var": 0.000676633848343
    },
    "barkbands": {
        "dmean": [4.51532760053e-05, 0.000202951254323, 7.91037091403e-05, 9.51562687987e-05, 0.000366033404134, 0.000547796254978, 0.000277604558505, 0.000312640651828, 0.000265432958258, 0.000296315818559, 0.000183438809472, 0.000213177874684, 0.000164997953107, 0.000227230746532, 0.000759216432925, 0.000255233870121, 0.000569153344259, 0.000642382481601, 0.000269998185104, 0.00024571508402, 0.000165412100614, 5.16247746418e-05, 1.03719276012e-05, 2.495210083e-06, 1.15088380426e-06, 4.81182837575e-07, 9.30222512352e-08],
        "dmean2": [7.22135300748e-05, 0.000318374135531, 0.000133112436743, 0.000150601175847, 0.000529143726453, 0.000863712106366, 0.000311759125907, 0.000395367358578, 0.000363539642422, 0.000425403646659, 0.00025809861836, 0.000311878626235, 0.000251147022936, 0.000347159308149, 0.00105606089346, 0.000383304286515, 0.000879815721419, 0.00100541533902, 0.000451020896435, 0.00040402074228, 0.000275550381048, 8.46568946145e-05, 1.68155947904e-05, 4.06037815992e-06, 1.76001867658e-06, 7.85776080647e-07, 1.55445192718e-07],
        "dvar": [4.3710744535e-07, 2.61968784798e-06, 7.01589257801e-08, 7.38830081559e-08, 6.56716451886e-07, 1.8571106466e-06, 4.36016875938e-07, 5.50299773749e-07, 2.23748358508e-07, 4.03629513812e-07, 1.40554902828e-07, 1.82263406145e-07, 1.23727929235e-07, 2.4609181537e-07, 3.90544209949e-06, 3.27210386786e-07, 2.03701165447e-06, 1.61661398579e-06, 3.26929722405e-07, 4.28512549888e-07, 7.90968499587e-08, 1.28753505635e-08, 8.39196545588e-10, 8.52217046932e-11, 2.34158213652e-11, 7.06399608946e-12, 8.98087485456e-14],
        "dvar2": [1.00045303952e-06, 6.04584374742e-06, 1.97723494466e-07, 1.72617149019e-07, 1.62933088177e-06, 6.22986090093e-06, 4.71482337616e-07, 7.98005487468e-07, 4.46930357612e-07, 8.14237694158e-07, 2.5510399837e-07, 3.61897036782e-07, 2.63246391796e-07, 5.41754957339e-07, 6.81474830344e-06, 6.81278493175e-07, 4.40710437033e-06, 3.7224172047e-06, 8.73216379205e-07, 1.08292817913e-06, 2.05104015549e-07, 3.29381144581e-08, 1.92204918648e-09, 2.07208208924e-10, 4.80992294605e-11, 1.67510519344e-11, 2.41705933697e-13],
        "max": [0.0465205982327, 0.030103655532, 0.0110980030149, 0.0105750439689, 0.0264841932803, 0.038946326822, 0.034429371357, 0.0250045415014, 0.0101814772934, 0.0134178232402, 0.0120071545243, 0.0110154785216, 0.0108456527814, 0.0177029632032, 0.0732330530882, 0.0142768984661, 0.0344079956412, 0.0206331983209, 0.0108140148222, 0.0183543376625, 0.00423447554931, 0.00216000946239, 0.00103870546445, 0.000302912900224, 0.000210355283343, 0.00020815001335, 1.14684871733e-05],
        "mean": [4.27513732575e-05, 0.000180022703717, 0.000198298381292, 0.000252731930232, 0.0014094003709, 0.00161425629631, 0.00103340751957, 0.000708154635504, 0.000591470685322, 0.000613412295934, 0.000332533527398, 0.000432889850345, 0.000280432228465, 0.000379853823688, 0.00126131181605, 0.00040176208131, 0.00084544060519, 0.00090916978661, 0.000411463814089, 0.000347089371644, 0.000287893111818, 9.80583863566e-05, 2.04671341635e-05, 6.84442375132e-06, 3.68211021851e-06, 1.89816512375e-06, 4.17174504719e-07],
        "median": [3.13258311735e-07, 3.00467809211e-06, 9.52182108449e-06, 1.53418386617e-05, 0.000337823235895, 0.000336029042955, 0.000142113538459, 0.000190725404536, 0.000282295281067, 0.000204362935619, 0.000102052348666, 0.000175626861164, 0.000104791644844, 0.000144227684359, 0.000268488656729, 0.000119858479593, 0.000188429257832, 0.000215762949665, 0.000124812868307, 9.56710136961e-05, 0.000153470144141, 3.35909608111e-05, 6.21635535936e-06, 1.55732141138e-06, 2.18911509364e-07, 2.43828033319e-08, 1.01163744048e-09],
        "min": [1.05030297762e-23, 2.58371273552e-23, 9.22590578026e-24, 3.07490999436e-24, 1.23833144537e-23, 6.49511529322e-23, 1.53335652557e-22, 4.08874590448e-23, 9.60113520067e-23, 7.15461247631e-23, 6.96279495187e-23, 1.24238271943e-22, 1.17365955551e-22, 1.66636150341e-22, 9.33471983358e-23, 1.87256242341e-22, 2.03536337184e-22, 2.65113658243e-22, 2.37186593803e-22, 2.54158791028e-22, 2.97954278515e-22, 6.08062215141e-22, 7.97590629325e-22, 8.21001244201e-22, 1.39513007108e-21, 1.60260599225e-21, 2.19548880701e-21],
        "var": [4.68284355293e-07, 2.44670559368e-06, 3.30777567115e-07, 4.85077691792e-07, 6.41199585516e-06, 8.61610715219e-06, 6.12662870481e-06, 2.13717703446e-06, 7.52554171868e-07, 1.26291479319e-06, 3.87967759252e-07, 5.5688451539e-07, 2.73500290859e-07, 5.3778092024e-07, 9.37555159908e-06, 6.64492802116e-07, 3.48050639332e-06, 2.71765816251e-06, 5.24991150996e-07, 6.04727460995e-07, 1.60019197892e-07, 2.8438130073e-08, 1.90063809136e-09, 2.23912444142e-10, 1.14273687735e-10, 3.37092853631e-11, 1.00150183285e-12]
    },
    "erbbands": {
        "dmean": [0.00564311305061, 0.0471355579793, 0.0847383216023, 0.22140301764, 0.584792017937, 1.51716506481, 2.69730424881, 4.89482355118, 5.15853071213, 3.56038951874, 7.41174459457, 5.11626243591, 7.11569881439, 9.78904438019, 7.56733512878, 7.81869745255, 6.9351644516, 11.7095651627, 21.8085632324, 41.7078323364, 17.4803314209, 22.4927501678, 34.4960784912, 18.030632019, 12.0603122711, 14.2460289001, 7.90779018402, 5.1395483017, 1.59870421886, 0.747841835022, 0.248936355114, 0.094079375267, 0.0305280387402, 0.0165929533541, 0.00636507058516, 0.00266402307898, 0.0008778545307, 0.000167174395756, 1.77847559826e-05, 3.64503489436e-06],
        "dmean2": [0.00896591693163, 0.0742165967822, 0.143202826381, 0.350502371788, 0.853341221809, 2.2375357151, 3.83421945572, 7.52595567703, 6.89528512955, 4.4669752121, 9.38138866425, 6.91058826447, 10.0430898666, 14.0316934586, 10.6925592422, 11.4993448257, 10.4853582382, 17.6833229065, 31.744594574, 56.7671928406, 26.6277732849, 34.8484420776, 53.8674507141, 28.6581459045, 20.0829334259, 23.5094261169, 13.2091264725, 8.74543094635, 2.62321805954, 1.20361495018, 0.403808474541, 0.151034399867, 0.0491180941463, 0.0254662316293, 0.0100676557049, 0.00438913889229, 0.00140501302667, 0.000272953562671, 2.93559733109e-05, 5.43909982298e-06],
        "dvar": [0.00198159948923, 0.151513084769, 0.157067984343, 0.385904788971, 3.1169397831, 12.2733201981, 59.2230224609, 163.60395813, 146.750869751, 85.1190032959, 293.952911377, 87.8922195435, 246.95703125, 428.913635254, 171.595916748, 280.969482422, 236.795028687, 704.472412109, 3187.15063477, 18665.6171875, 1429.79699707, 3003.36743164, 3741.65429688, 1034.50683594, 686.471801758, 1587.74841309, 220.099136353, 101.974433899, 10.2827796936, 3.00536751747, 0.429298996925, 0.13119764626, 0.0111792162061, 0.00463046086952, 0.000917644123547, 0.000170652434463, 2.72923371085e-05, 3.95053916691e-07, 3.05198311068e-09, 2.95037570763e-11],
        "dvar2": [0.00484785111621, 0.35459959507, 0.433103382587, 0.909002006054, 6.86803483963, 33.1333656311, 151.843597412, 549.632568359, 311.062774658, 140.282470703, 431.788757324, 166.32635498, 506.230010986, 868.112548828, 312.391418457, 598.936950684, 490.269805908, 1623.94799805, 5363.47753906, 32515.203125, 3031.17504883, 6590.22949219, 8535.35253906, 2501.44604492, 1795.33288574, 4020.3046875, 568.914733887, 279.078308105, 25.7339401245, 7.23914957047, 1.01850783825, 0.315539270639, 0.0250610001385, 0.009402025491, 0.00220477208495, 0.000427628780017, 5.9296413383e-05, 9.36892945447e-07, 8.16607759191e-09, 6.42610686885e-11],
        "max": [1.53174972534, 7.66049814224, 14.3971385956, 30.9315452576, 51.1232948303, 109.060295105, 427.630859375, 289.080718994, 531.694519043, 442.689544678, 602.653686523, 276.446136475, 516.012207031, 494.371826172, 401.837097168, 438.327606201, 532.987182617, 669.315368652, 1783.69104004, 5286.81738281, 980.484680176, 1359.03808594, 914.089660645, 505.265777588, 508.722717285, 1168.35559082, 234.959686279, 171.609329224, 57.3283615112, 29.8831882477, 19.4539852142, 10.4087791443, 3.66565012932, 2.73576664925, 1.41648447514, 0.920486271381, 0.406021624804, 0.0407021306455, 0.00217740633525, 0.000150842344738],
        "mean": [0.00483260769397, 0.0438849814236, 0.177362859249, 0.683834969997, 1.77712917328, 5.6122341156, 9.21094036102, 13.7515497208, 17.9052848816, 10.7237739563, 17.4182891846, 12.6422309875, 15.9641819, 20.9560642242, 16.7184791565, 16.174654007, 12.7819080353, 20.5595664978, 37.3882369995, 66.1909255981, 29.7071704865, 35.4258346558, 53.1740646362, 30.2602062225, 20.0264987946, 20.5769462585, 12.680398941, 8.44439125061, 3.25658965111, 1.58999216557, 0.529585421085, 0.212613344193, 0.0897060185671, 0.048462793231, 0.0220675114542, 0.00917098112404, 0.00337548507378, 0.000727365491912, 8.36127728689e-05, 1.88281392184e-05],
        "median": [6.84573315084e-05, 0.00128040462732, 0.0128444451839, 0.0767737329006, 0.335660070181, 1.21540617943, 1.8054445982, 2.32069182396, 2.55579519272, 3.07039260864, 5.61277198792, 6.63780212402, 6.81102085114, 9.04884529114, 8.94279289246, 7.59794807434, 5.6151509285, 9.3022069931, 11.1387052536, 10.4824857712, 11.510477066, 12.1423940659, 22.4237632751, 12.9996185303, 9.54590702057, 6.24757385254, 5.98019599915, 4.07900714874, 1.52978682518, 0.595971405506, 0.19311568141, 0.0608989596367, 0.0172953791916, 0.00424966588616, 0.00100606214255, 0.000248263269896, 5.26988005731e-05, 1.0434714568e-05, 9.15807504498e-06, 1.53342061822e-05],
        "min": [1.72616599527e-21, 1.90678520372e-21, 1.01245848767e-20, 8.8501572389e-21, 1.01284639014e-20, 5.27006203286e-20, 3.04230954689e-19, 6.28934215949e-19, 1.5877984148e-18, 1.86287505276e-18, 1.17492517072e-18, 2.31445135392e-18, 3.10311885075e-18, 1.48848390514e-18, 3.04625369915e-18, 5.76352360662e-18, 4.40235241373e-18, 6.09442480296e-18, 9.67899999334e-18, 7.61622743977e-18, 1.01552095263e-17, 9.54728223414e-18, 1.11172205787e-17, 1.45610191414e-17, 1.30357295248e-17, 1.23426952737e-17, 9.16131727878e-18, 1.69942635575e-17, 2.13662935979e-17, 2.12763856828e-17, 2.18504010514e-17, 1.91047884207e-17, 1.3774008901e-17, 1.49716266344e-17, 9.91023998794e-18, 4.66216943054e-18, 3.31241539806e-18, 1.24889951931e-18, 3.42610558299e-19, 3.17560711767e-20],
        "var": [0.00172817753628, 0.138176247478, 0.303160309792, 3.34781050682, 13.244594574, 120.08442688, 431.335968018, 641.278381348, 1576.44262695, 434.270446777, 1209.03564453, 348.503173828, 830.319396973, 1245.2869873, 540.92956543, 732.577514648, 551.096008301, 1377.69787598, 8050.64160156, 41923.640625, 2997.86499023, 5042.32519531, 6701.59521484, 2025.01208496, 1099.56054688, 2240.93164062, 382.655029297, 176.610214233, 25.1533184052, 7.46625375748, 0.946898519993, 0.230293393135, 0.0417788885534, 0.019703200087, 0.00402420759201, 0.000668853346724, 0.000131390959723, 3.52417441718e-06, 3.39549544037e-08, 3.95333793479e-10]
    },
    "gfcc": {
        "mean": [-120.074386597, 109.252922058, -200.216903687, 5.93063306808, -63.0574264526, -24.1143226624, -28.3256607056, -13.0231208801, -19.8459014893, -11.0935945511, -17.4042034149, -7.304271698, -6.55817222595],
        "cov": [[20353.2890625, -3125.63793945, 1467.2713623, 4498.1953125, -1159.33605957, -201.772216797, -1799.39196777, -217.18989563, -555.906860352, 184.386184692, -132.887832642, 401.899200439, 226.429382324], [-3125.63793945, 1279.81542969, -262.178588867, -855.073791504, 168.361236572, -135.003723145, 318.89074707, -102.208229065, 32.5253334045, -172.532394409, 42.7167243958, -147.727386475, -15.0464439392], [1467.2713623, -262.178588867, 1227.67834473, 335.615600586, -92.0316772461, 229.025482178, -245.72769165, 254.737258911, -77.05909729, 181.475799561, -56.6698188782, 106.765098572, 2.86435556412], [4498.1953125, -855.073791504, 335.615600586, 1556.42736816, -272.402313232, 41.0802955627, -328.028106689, -35.9856910706, -27.1792984009, 31.1263904572, -11.6125640869, 72.5822067261, 59.2422599792], [-1159.33605957, 168.361236572, -92.0316772461, -272.402313232, 423.852722168, 102.3332901, 139.285400391, 68.4484024048, 11.0810289383, 34.201839447, -28.6296234131, 13.0461845398, -32.9987564087], [-201.772216797, -135.003723145, 229.025482178, 41.0802955627, 102.3332901, 366.495849609, 98.1771621704, 124.304504395, 69.229057312, 102.67364502, -0.917443394661, 65.7883300781, 12.510635376], [-1799.39196777, 318.89074707, -245.72769165, -328.028106689, 139.285400391, 98.1771621704, 374.219543457, 61.5604286194, 119.954376221, 1.93954384327, 33.4290008545, -34.098285675, -39.6902389526], [-217.18989563, -102.208229065, 254.737258911, -35.9856910706, 68.4484024048, 124.304504395, 61.5604286194, 254.52281189, 70.5220870972, 101.454330444, 27.3009281158, 41.187122345, -23.4616031647], [-555.906860352, 32.5253334045, -77.05909729, -27.1792984009, 11.0810289383, 69.229057312, 119.954376221, 70.5220870972, 216.449142456, 73.2562179565, 26.1457386017, -4.02519369125, -26.5352401733], [184.386184692, -172.532394409, 181.475799561, 31.1263904572, 34.201839447, 102.67364502, 1.93954384327, 101.454330444, 73.2562179565, 213.671066284, 34.7584686279, 38.970199585, -25.3826446533], [-132.887832642, 42.7167243958, -56.6698188782, -11.6125640869, -28.6296234131, -0.917443394661, 33.4290008545, 27.3009281158, 26.1457386017, 34.7584686279, 123.747680664, 21.4141731262, -5.02672147751], [401.899200439, -147.727386475, 106.765098572, 72.5822067261, 13.0461845398, 65.7883300781, -34.098285675, 41.187122345, -4.02519369125, 38.970199585, 21.4141731262, 128.017532349, 25.0071964264], [226.429382324, -15.0464439392, 2.86435556412, 59.2422599792, -32.9987564087, 12.510635376, -39.6902389526, -23.4616031647, -26.5352401733, -25.3826446533, -5.02672147751, 25.0071964264, 120.450843811]],
        "icov": [[0.000245766743319, -0.000103578633571, 0.000193017913261, -0.00060515361838, 0.000291443517199, -5.38128506378e-06, 0.000584664056078, -0.000244440918323, 0.000493916042615, -0.000435882655438, 0.000398135132855, -0.000453350919997, 0.00017124201986], [-0.000103578633571, 0.0031866193749, -0.00205211783759, 0.00152998359408, -0.00161528470926, 0.001496627694, -0.00251811998896, 0.00297296280041, -0.00197712983936, 0.00291354977526, -0.00323476130143, 0.00248649669811, -0.00143238669261], [0.000193017913261, -0.00205211783759, 0.00341055542231, -0.00131074793171, 0.00196804455481, -0.00197637244128, 0.00299936486408, -0.00404024776071, 0.00275940424763, -0.00298241805285, 0.00354266422801, -0.00204083509743, 0.0014411478769], [-0.00060515361838, 0.00152998359408, -0.00131074793171, 0.00290334550664, -0.000936502940021, 0.000252300465945, -0.00159050058573, 0.00189982657321, -0.00224100821652, 0.0022640756797, -0.00223367335275, 0.00185247790068, -0.000999295385554], [0.000291443517199, -0.00161528470926, 0.00196804455481, -0.000936502940021, 0.00468098698184, -0.00161740276963, 0.00115905771963, -0.00281565985642, 0.00273297145031, -0.00265000248328, 0.00370617373846, -0.00236782198772, 0.00163793831598], [-5.38128506378e-06, 0.001496627694, -0.00197637244128, 0.000252300465945, -0.00161740276963, 0.00565723283216, -0.00312758749351, 0.00132953294087, -0.00157465843949, 0.000326578476233, -0.000958207587246, -0.000366820109775, -0.00192423723638], [0.000584664056078, -0.00251811998896, 0.00299936486408, -0.00159050058573, 0.00115905771963, -0.00312758749351, 0.00898496992886, -0.00394281791523, 0.000586041132919, -0.00175911607221, 0.00212024850771, -0.00143570092041, 0.0022773318924], [-0.000244440918323, 0.00297296280041, -0.00404024776071, 0.00189982657321, -0.00281565985642, 0.00132953294087, -0.00394281791523, 0.0106387520209, -0.00412079691887, 0.00231815036386, -0.00503256497905, 0.00185395928565, -0.00115812500007], [0.000493916042615, -0.00197712983936, 0.00275940424763, -0.00224100821652, 0.00273297145031, -0.00157465843949, 0.000586041132919, -0.00412079691887, 0.00976976938546, -0.00511584337801, 0.00341192842461, -0.00190334499348, 0.00177561677992], [-0.000435882655438, 0.00291354977526, -0.00298241805285, 0.0022640756797, -0.00265000248328, 0.000326578476233, -0.00175911607221, 0.00231815036386, -0.00511584337801, 0.0110220639035, -0.00570007972419, 0.00231205835007, -0.000269550277153], [0.000398135132855, -0.00323476130143, 0.00354266422801, -0.00223367335275, 0.00370617373846, -0.000958207587246, 0.00212024850771, -0.00503256497905, 0.00341192842461, -0.00570007972419, 0.0143022593111, -0.00530175119638, 0.00194316566922], [-0.000453350919997, 0.00248649669811, -0.00204083509743, 0.00185247790068, -0.00236782198772, -0.000366820109775, -0.00143570092041, 0.00185395928565, -0.00190334499348, 0.00231205835007, -0.00530175119638, 0.0129682347178, -0.00326802232303], [0.00017124201986, -0.00143238669261, 0.0014411478769, -0.000999295385554, 0.00163793831598, -0.00192423723638, 0.0022773318924, -0.00115812500007, 0.00177561677992, -0.000269550277153, 0.00194316566922, -0.00326802232303, 0.010525887832]]
    },
    "melbands": {
        "dmean": [5.70831325604e-05, 5.12774022354e-05, 4.34408575529e-05, 7.50914550736e-05, 8.36182007333e-05, 0.000107722968096, 7.76113811298e-05, 4.33773529949e-05, 5.58976207685e-05, 3.48089452018e-05, 3.64426450687e-05, 4.19601929025e-05, 2.93089597108e-05, 2.7209856853e-05, 1.4706391994e-05, 1.94833155547e-05, 2.07911834877e-05, 3.3477517718e-05, 4.3360680138e-05, 3.94337075704e-05, 2.09130703297e-05, 2.04834013857e-05, 3.18880665873e-05, 4.85102063976e-05, 1.08855692815e-05, 1.2540212083e-05, 8.48405306897e-06, 8.76286412677e-06, 7.27843416826e-06, 2.45747673944e-06, 3.45202511198e-06, 1.0547302054e-06, 9.02760007193e-07, 3.16782490017e-07, 1.86123415347e-07, 9.8141889282e-08, 4.25983088803e-08, 2.55100349733e-08, 1.76578662803e-08, 1.41908307327e-08],
        "dmean2": [8.98156868061e-05, 8.44704409246e-05, 6.74705443089e-05, 0.000110881308501, 0.000118560164992, 0.000168069207575, 0.000103102836874, 5.49838223378e-05, 7.07569997758e-05, 4.75454835396e-05, 5.14296552865e-05, 6.0125697928e-05, 4.10918983107e-05, 3.98513038817e-05, 2.21712198254e-05, 2.92099030048e-05, 3.16416699206e-05, 4.94473242725e-05, 5.99119412072e-05, 5.38873064215e-05, 3.24001121044e-05, 3.18454767694e-05, 4.9255831982e-05, 7.60768452892e-05, 1.75886689249e-05, 2.10197795241e-05, 1.40347374327e-05, 1.4524164726e-05, 1.22495011965e-05, 4.14817122874e-06, 5.91627622271e-06, 1.76734783963e-06, 1.48529647959e-06, 5.16273416906e-07, 3.10940464487e-07, 1.53738440645e-07, 7.00309641388e-08, 4.19617940395e-08, 2.77631784229e-08, 2.21348148699e-08],
        "dvar": [1.96826164256e-07, 1.02336677799e-07, 1.45290250941e-08, 3.05726928218e-08, 5.07906783298e-08, 8.07018665228e-08, 3.24108881955e-08, 1.11436522232e-08, 1.51679042659e-08, 3.76549014192e-09, 6.21622220365e-09, 8.35274427402e-09, 3.21812709814e-09, 2.93291368969e-09, 1.00086028354e-09, 1.72143854726e-09, 2.14361928208e-09, 7.39871186539e-09, 1.52542174447e-08, 1.50130823329e-08, 2.47219378302e-09, 2.15983253504e-09, 8.80371597844e-09, 9.65962421162e-09, 4.93700746951e-10, 6.95140611739e-10, 4.80351036725e-10, 6.12866868366e-10, 2.04357294975e-10, 2.84771702747e-11, 5.64197161212e-11, 5.85650625218e-12, 4.00261334493e-12, 6.44866755481e-13, 2.28539274094e-13, 2.43647848208e-13, 2.64168485128e-14, 6.85900006226e-15, 4.48863722815e-15, 3.46721290256e-15],
        "dvar2": [4.58959618754e-07, 2.57831175077e-07, 3.3650529474e-08, 7.90338674506e-08, 1.28519019427e-07, 2.74383211263e-07, 6.72905713373e-08, 1.77972889759e-08, 2.22617586587e-08, 7.41870787024e-09, 1.27732526778e-08, 1.69352851742e-08, 5.83870995996e-09, 5.72365133067e-09, 2.0866657291e-09, 3.78980269389e-09, 4.98714358699e-09, 1.27652057813e-08, 2.69633932959e-08, 2.57259618053e-08, 5.32594635061e-09, 4.9097308441e-09, 1.9040552246e-08, 2.23046097148e-08, 1.28229082907e-09, 1.84186177421e-09, 1.20398735426e-09, 1.56143786789e-09, 5.35179456307e-10, 7.77014494413e-11, 1.5397717823e-10, 1.51983026858e-11, 9.82328281218e-12, 1.62985228612e-12, 5.88786560739e-13, 5.09991842593e-13, 6.62305022566e-14, 1.56339293589e-14, 9.96600923938e-15, 7.36575531064e-15],
        "max": [0.0120286243036, 0.00801370758563, 0.00426889071241, 0.00458849780262, 0.0122896581888, 0.00594409927726, 0.00806824956089, 0.00394087517634, 0.00441987905651, 0.00150180072524, 0.00254627713002, 0.00220063165762, 0.00185769924428, 0.00154497427866, 0.00101980147883, 0.000907962443307, 0.00113749480806, 0.00261207763106, 0.00489105377346, 0.00451371166855, 0.00121503567789, 0.00115405104589, 0.00230339402333, 0.00163606356364, 0.000426733924542, 0.000437292270362, 0.000508734723553, 0.000719444768038, 0.000240431618295, 0.000112044865091, 0.000143758632476, 4.64220138383e-05, 3.76616808353e-05, 1.94872573047e-05, 1.36140661198e-05, 1.22001947602e-05, 5.33395950697e-06, 2.74026456282e-06, 2.3419122499e-06, 2.72575584859e-06],
        "mean": [5.03319242853e-05, 8.24692688184e-05, 0.000130268716021, 0.000262646673946, 0.00031007421785, 0.000305425928673, 0.000269414565992, 0.000118756011943, 0.000133712717798, 7.99192566774e-05, 8.03033544798e-05, 8.67985800141e-05, 5.77256032557e-05, 5.48633324797e-05, 2.59819389612e-05, 3.35079566867e-05, 3.4881173633e-05, 5.44177528354e-05, 7.21759352018e-05, 6.21397557552e-05, 3.24591528624e-05, 3.14894605253e-05, 4.39713439846e-05, 6.62058882881e-05, 1.73297394213e-05, 1.87128698599e-05, 1.20339636851e-05, 1.19934957183e-05, 1.02053554656e-05, 3.79270863959e-06, 5.23756807524e-06, 1.82132555437e-06, 1.61977823154e-06, 5.87529200402e-07, 3.43170228234e-07, 1.8117810896e-07, 9.78887939596e-08, 6.57171312923e-08, 4.6349814653e-08, 3.84710787671e-08],
        "median": [6.94939444656e-07, 4.18234321842e-06, 2.15252584894e-05, 5.09940437041e-05, 6.70592853567e-05, 5.46246046724e-05, 4.00908720621e-05, 3.62639293598e-05, 4.57825481135e-05, 3.96847826778e-05, 3.34917349392e-05, 3.45029147866e-05, 2.41595971602e-05, 2.20560250455e-05, 1.0398320228e-05, 1.23986410472e-05, 1.38535488077e-05, 1.18292846309e-05, 1.52118518599e-05, 1.03325910459e-05, 8.01275928097e-06, 8.45333306643e-06, 6.75553383189e-06, 1.28786050482e-05, 5.89202818446e-06, 5.86079158893e-06, 4.33603554484e-06, 2.50349557973e-06, 2.60909041572e-06, 1.14382123684e-06, 1.97749886865e-06, 6.41382939648e-07, 5.34358093773e-07, 1.61701692036e-07, 1.14606017121e-07, 4.00531376954e-08, 2.03137773269e-08, 1.1717140147e-08, 4.76254058412e-09, 2.42099296166e-09],
        "min": [1.05593631223e-23, 4.14846370053e-24, 1.73759275592e-24, 1.60141317697e-24, 9.02686512982e-24, 1.33921255565e-23, 2.7403311286e-23, 1.80901914107e-23, 1.00679430102e-23, 1.48627658099e-23, 1.49744054052e-23, 4.99232872123e-24, 9.44848998442e-24, 1.5585408153e-23, 7.75840124892e-24, 1.33736788331e-23, 1.06162731257e-23, 1.80262936774e-23, 7.27089152038e-24, 1.32711584698e-23, 1.14551430792e-23, 9.25740578507e-24, 9.69292484679e-24, 1.37968695766e-23, 1.12034033648e-23, 1.0974958713e-23, 7.60282131233e-24, 8.47746295238e-24, 5.36500909539e-24, 6.86325159191e-24, 1.0344424558e-23, 1.16357188624e-23, 1.29426657448e-23, 1.1234385088e-23, 1.07614353652e-23, 1.6269565128e-23, 9.63684078073e-24, 9.94447917883e-24, 1.0052767693e-23, 1.35903741906e-23],
        "var": [1.82814162031e-07, 1.15799160483e-07, 9.1074014108e-08, 2.39361952481e-07, 4.09619161701e-07, 3.17679621276e-07, 3.55483990688e-07, 4.88913336483e-08, 6.51381810712e-08, 1.34701680921e-08, 2.09246451277e-08, 2.37675052972e-08, 9.12143605092e-09, 9.20410681005e-09, 2.27842922307e-09, 3.6628331479e-09, 4.17907930483e-09, 1.85227317928e-08, 3.55819302911e-08, 3.39202941291e-08, 4.99816632527e-09, 3.65258800983e-09, 1.42927802926e-08, 1.584371212e-08, 8.52501902404e-10, 1.09529241232e-09, 6.29585661382e-10, 8.50525649909e-10, 3.16191517413e-10, 4.30288651931e-11, 9.4017300889e-11, 1.1210819599e-11, 8.50200118641e-12, 1.33464777858e-12, 4.21428625504e-13, 3.75206999801e-13, 5.25983065696e-14, 2.25173205819e-14, 1.56948242515e-14, 1.39902085617e-14]
    },
    "mfcc": {
        "mean": [-731.172973633, 124.505516052, -63.2953720093, 8.08355236053, -25.1839809418, -11.3064279556, -15.4178791046, -7.57189273834, -6.17334270477, -6.94961500168, -7.6040763855, -9.15294933319, -8.00497627258],
        "cov": [[15955.0693359, -1414.8112793, 267.131347656, 3976.05712891, -107.852989197, 572.297668457, -884.339172363, -279.668731689, -630.426513672, -429.93560791, -384.907440186, -305.955993652, -185.296447754], [-1414.8112793, 805.625915527, -105.33240509, -597.499267578, 22.8124847412, -125.277702332, 120.479217529, -14.5727357864, 1.40064644814, -26.106010437, -24.4432582855, 14.9045686722, -5.12662649155], [267.131347656, -105.33240509, 832.583251953, 153.044769287, 87.4780578613, 31.8563346863, -22.1896629333, 45.706161499, 59.1170806885, 50.4091644287, 14.8348150253, 23.9636917114, -6.83792591095], [3976.05712891, -597.499267578, 153.044769287, 1403.14794922, -29.1484966278, 203.218429565, -239.290237427, -10.4308748245, -116.788948059, -57.8350334167, -65.5825271606, -45.699054718, -47.7286529541], [-107.852989197, 22.8124847412, 87.4780578613, -29.1484966278, 309.895690918, 66.1952133179, 77.8288421631, 39.2090301514, 52.7849769592, 35.8102340698, 29.7185821533, 15.4581127167, 25.7298278809], [572.297668457, -125.277702332, 31.8563346863, 203.218429565, 66.1952133179, 247.093215942, 22.455242157, 42.8037452698, 52.223690033, 8.55468654633, 17.7275485992, 19.7338275909, 4.1087808609], [-884.339172363, 120.479217529, -22.1896629333, -239.290237427, 77.8288421631, 22.455242157, 243.468139648, 73.9986114502, 69.0990142822, 50.5491218567, 36.0240020752, 51.8688735962, 46.510269165], [-279.668731689, -14.5727357864, 45.706161499, -10.4308748245, 39.2090301514, 42.8037452698, 73.9986114502, 186.879104614, 77.0719985962, 31.3212852478, 48.0888214111, 21.779958725, 12.9134378433], [-630.426513672, 1.40064644814, 59.1170806885, -116.788948059, 52.7849769592, 52.223690033, 69.0990142822, 77.0719985962, 219.85105896, 80.5602493286, 57.717830658, 82.9467544556, 54.3658981323], [-429.93560791, -26.106010437, 50.4091644287, -57.8350334167, 35.8102340698, 8.55468654633, 50.5491218567, 31.3212852478, 80.5602493286, 162.634750366, 74.4595336914, 51.0336761475, 50.6169281006], [-384.907440186, -24.4432582855, 14.8348150253, -65.5825271606, 29.7185821533, 17.7275485992, 36.0240020752, 48.0888214111, 57.717830658, 74.4595336914, 177.32270813, 103.628463745, 35.9707794189], [-305.955993652, 14.9045686722, 23.9636917114, -45.699054718, 15.4581127167, 19.7338275909, 51.8688735962, 21.779958725, 82.9467544556, 51.0336761475, 103.628463745, 206.943450928, 99.1703491211], [-185.296447754, -5.12662649155, -6.83792591095, -47.7286529541, 25.7298278809, 4.1087808609, 46.510269165, 12.9134378433, 54.3658981323, 50.6169281006, 35.9707794189, 99.1703491211, 182.146881104]],
