{
"lowlevel": {
    "average_loudness": 0.868487238884,
    "barkbands_crest": {
        "dmean": 1.74020171165,
        "dmean2": 2.68278694153,
        "dvar": 2.93452787399,
        "dvar2": 7.47944974899,
        "max": 26.3076133728,
        "mean": 10.5635566711,
        "median": 9.69730377197,
        "min": 2.96554613113,
        "var": 16.6703929901
    },
    "barkbands_flatness_db": {
        "dmean": 0.0138357635587,
        "dmean2": 0.0210853777826,
        "dvar": 0.000205630014534,
        "dvar2": 0.000469623628305,
        "max": 0.492532044649,
        "mean": 0.228895813227,
        "median": 0.226164653897,
        "min": 0.0441184453666,
        "var": 0.00444514770061
    },
    "barkbands_kurtosis": {
        "dmean": 1.60962831974,
        "dmean2": 2.38327527046,
        "dvar": 16.4559726715,
        "dvar2": 31.9312725067,
        "max": 220.34463501,
        "mean": 3.67298698425,
        "median": 1.84621572495,
        "min": -1.74998807907,
        "var": 71.1420822144
    },
    "barkbands_skewness": {
        "dmean": 0.319766521454,
        "dmean2": 0.470412582159,
        "dvar": 0.125683292747,
        "dvar2": 0.273178756237,
        "max": 11.2186841965,
        "mean": 1.18635416031,
        "median": 1.1592669487,
        "min": -4.05519628525,
        "var": 1.22713661194
    },
    "barkbands_spread": {
        "dmean": 1.70186281204,
        "dmean2": 2.57718634605,
        "dvar": 4.52689313889,
        "dvar2": 10.5418367386,
        "max": 81.6828613281,
        "mean": 11.0138778687,
        "median": 9.58957672119,
        "min": 0.272981137037,
        "var": 44.497631073
    },
    "dissonance": {
        "dmean": 0.0257401745766,
        "dmean2": 0.042997919023,
        "dvar": 0.000680751982145,
        "dvar2": 0.00183938792907,
        "max": 0.499999701977,
        "mean": 0.420704782009,
        "median": 0.431857019663,
        "min": 0.189548686147,
        "var": 0.00257817516103
    },
    "dynamic_complexity": 3.62769532204,
    "erbbands_crest": {
        "dmean": 2.02849292755,
        "dmean2": 3.07011604309,
        "dvar": 4.0430021286,
        "dvar2": 9.61682605743,
        "max": 30.7640762329,
        "mean": 11.3560094833,
        "median": 10.126408577,
        "min": 2.60230064392,
        "var": 25.4715023041
    },
    "erbbands_flatness_db": {
        "dmean": 0.0113218519837,
        "dmean2": 0.0167079865932,
        "dvar": 0.000145746118505,
        "dvar2": 0.000315767712891,
        "max": 0.494241714478,
        "mean": 0.256485700607,
        "median": 0.251787751913,
        "min": 0.0507315173745,
        "var": 0.00374404597096
    },
    "erbbands_kurtosis": {
        "dmean": 0.939850151539,
        "dmean2": 1.38581395149,
        "dvar": 3.67602658272,
        "dvar2": 7.86874437332,
        "max": 61.0516891479,
        "mean": 1.31874275208,
        "median": 0.283971071243,
        "min": -1.7241101265,
        "var": 13.8948316574
    },
    "erbbands_skewness": {
        "dmean": 0.269031107426,
        "dmean2": 0.39388769865,
        "dvar": 0.0791236311197,
        "dvar2": 0.174230769277,
        "max": 6.554500103,
        "mean": 0.49675911665,
        "median": 0.468669295311,
        "min": -3.32741928101,
        "var": 0.698494195938
    },
    "erbbands_spread": {
        "dmean": 3.12978863716,
        "dmean2": 4.65365123749,
        "dvar": 11.4180307388,
        "dvar2": 26.092748642,
        "max": 93.5678863525,
        "mean": 21.5331630707,
        "median": 20.5995788574,
        "min": 0.773171246052,
        "var": 117.431060791
    },
    "hfc": {
        "dmean": 2.94114542007,
        "dmean2": 4.48501968384,
        "dvar": 13.6800937653,
        "dvar2": 34.1129226685,
        "max": 76.4269790649,
        "mean": 17.9206733704,
        "median": 19.1259765625,
        "min": 1.07139490197e-16,
        "var": 109.889579773
    },
    "melbands_crest": {
        "dmean": 2.3047990799,
        "dmean2": 3.57426786423,
        "dvar": 5.21278858185,
        "dvar2": 13.4250640869,
        "max": 33.8102493286,
        "mean": 14.1540603638,
        "median": 13.1650085449,
        "min": 1.61543381214,
        "var": 29.6597175598
    },
    "melbands_flatness_db": {
        "dmean": 0.015363083221,
        "dmean2": 0.0228415932506,
        "dvar": 0.000287898874376,
        "dvar2": 0.000635097792838,
        "max": 0.607612967491,
        "mean": 0.293055891991,
        "median": 0.294514775276,
        "min": 0.00261782831512,
        "var": 0.00764907663688
    },
    "melbands_kurtosis": {
        "dmean": 2.29688978195,
        "dmean2": 3.37633109093,
        "dvar": 17.0090827942,
        "dvar2": 36.5035934448,
        "max": 186.11114502,
        "mean": 6.18235349655,
        "median": 3.75492572784,
        "min": -1.8063890934,
        "var": 89.7810745239
    },
    "melbands_skewness": {
        "dmean": 0.368910908699,
        "dmean2": 0.542633771896,
        "dvar": 0.150762930512,
        "dvar2": 0.340537041426,
        "max": 9.41740608215,
        "mean": 1.66148173809,
        "median": 1.59934520721,
        "min": -4.6152215004,
        "var": 1.39127802849
    },
    "melbands_spread": {
        "dmean": 2.60211825371,
        "dmean2": 3.91562366486,
        "dvar": 11.9553794861,
        "dvar2": 27.9496593475,
        "max": 160.605361938,
        "mean": 16.030626297,
        "median": 12.2702951431,
        "min": 0.433174520731,
        "var": 221.34223938
    },
    "pitch_salience": {
        "dmean": 0.0476057715714,
        "dmean2": 0.0746226608753,
        "dvar": 0.00204966799356,
        "dvar2": 0.005249673035,
        "max": 0.965612351894,
        "mean": 0.514649271965,
        "median": 0.513363003731,
        "min": 0.0954333245754,
        "var": 0.011736150831
    },
    "silence_rate_20dB": {
        "dmean": 0,
        "dmean2": 0,
        "dvar": 0,
        "dvar2": 0,
        "max": 1,
        "mean": 1,
        "median": 1,
        "min": 1,
        "var": 0
    },
    "silence_rate_30dB": {
        "dmean": 0.000190294958884,
        "dmean2": 0.000380626122933,
        "dvar": 0.0001902578515,
        "dvar2": 0.00057079072576,
        "max": 1,
        "mean": 0.999904870987,
        "median": 1,
        "min": 0,
        "var": 9.51291513047e-05
    },
    "silence_rate_60dB": {
        "dmean": 0.00532825896516,
        "dmean2": 0.0106575312093,
        "dvar": 0.00529917096719,
        "dvar2": 0.011115655303,
        "max": 1,
        "mean": 0.0842926427722,
        "median": 0,
        "min": 0,
        "var": 0.0771895349026
    },
    "spectral_centroid": {
        "dmean": 93.1489868164,
        "dmean2": 138.461532593,
        "dvar": 18329.0566406,
        "dvar2": 36856.6484375,
        "max": 11735.6640625,
        "mean": 935.397766113,
        "median": 671.10144043,
        "min": 169.903930664,
        "var": 1087751
    },
    "spectral_complexity": {
        "dmean": 1.6470028162,
        "dmean2": 2.70625185966,
        "dvar": 2.65329623222,
        "dvar2": 6.28043222427,
        "max": 33,
        "mean": 14.5884313583,
        "median": 15,
        "min": 0,
        "var": 37.204662323
    },
    "spectral_decrease": {
        "dmean": 1.43652600926e-09,
        "dmean2": 2.23162333057e-09,
        "dvar": 2.98073623835e-18,
        "dvar2": 7.93159749294e-18,
        "max": 1.89059587066e-28,
        "mean": -8.46611936112e-09,
        "median": -8.18729173346e-09,
        "min": -3.3632822749e-08,
        "var": 2.90675634765e-17
    },
    "spectral_energy": {
        "dmean": 0.00563393346965,
        "dmean2": 0.00875550881028,
        "dvar": 4.52478525403e-05,
        "dvar2": 0.000120032513223,
        "max": 0.12944419682,
        "mean": 0.0335785932839,
        "median": 0.0328464582562,
        "min": 9.71994411534e-21,
        "var": 0.000440549483756
    },
    "spectral_energyband_high": {
        "dmean": 3.1794035749e-05,
        "dmean2": 4.72316023661e-05,
        "dvar": 3.82763198914e-09,
        "dvar2": 8.37417868382e-09,
        "max": 0.00179253553506,
        "mean": 0.000115371287393,
        "median": 3.55412230419e-05,
        "min": 6.84609490852e-21,
        "var": 3.47076856144e-08
    },
    "spectral_energyband_low": {
        "dmean": 0.00232233875431,
        "dmean2": 0.00362923461944,
        "dvar": 2.01768871193e-05,
        "dvar2": 5.3967738495e-05,
        "max": 0.101095311344,
        "mean": 0.00757664861158,
        "median": 0.00282052811235,
        "min": 1.8320595593e-23,
        "var": 0.00011924411956
    },
    "spectral_energyband_middle_high": {
        "dmean": 0.00153396348469,
        "dmean2": 0.00226363795809,
        "dvar": 7.53352742322e-06,
        "dvar2": 1.85071039596e-05,
        "max": 0.0705855861306,
        "mean": 0.00581395067275,
        "median": 0.00428777141497,
        "min": 1.10039416835e-21,
        "var": 2.90663829219e-05
    },
    "spectral_energyband_middle_low": {
        "dmean": 0.00441688951105,
        "dmean2": 0.0067265117541,
        "dvar": 3.09196911985e-05,
        "dvar2": 8.30522621982e-05,
        "max": 0.0993423834443,
        "mean": 0.0217257216573,
        "median": 0.0191972218454,
        "min": 1.27790582019e-22,
        "var": 0.000264284812147
    },
    "spectral_entropy": {
        "dmean": 0.108508035541,
        "dmean2": 0.163742125034,
        "dvar": 0.0169117711484,
        "dvar2": 0.0375146307051,
        "max": 9.8272151947,
        "mean": 6.4802980423,
        "median": 6.50066947937,
        "min": 3.91442918777,
        "var": 0.318113416433
    },
    "spectral_flux": {
        "dmean": 0.0147753786296,
        "dmean2": 0.0239292029291,
        "dvar": 0.000323610584019,
        "dvar2": 0.000813137099613,
        "max": 0.251756727695,
        "mean": 0.0565536804497,
        "median": 0.0548829138279,
        "min": 6.26242530055e-11,
        "var": 0.00103027315345
    },
    "spectral_kurtosis": {
        "dmean": 7.76494836807,
        "dmean2": 13.680721283,
        "dvar": 94.158821106,
        "dvar2": 276.352783203,
        "max": 155.874511719,
        "mean": 19.2329864502,
        "median": 12.1668567657,
        "min": -1.25225138664,
        "var": 333.244018555
    },
    "spectral_rms": {
        "dmean": 0.000464023760287,
        "dmean2": 0.000707528321072,
        "dvar": 2.62225199776e-07,
        "dvar2": 6.68719906116e-07,
        "max": 0.0112377498299,
        "mean": 0.00530610792339,
        "median": 0.00566085893661,
        "min": 3.07942733813e-12,
        "var": 4.60490264231e-06
    },
    "spectral_rolloff": {
        "dmean": 141.317199707,
        "dmean2": 241.828094482,
        "dvar": 92006.46875,
        "dvar2": 185468.890625,
        "max": 19573.6816406,
        "mean": 1136.58789062,
        "median": 753.662109375,
        "min": 107.666015625,
        "var": 3022709.75
    },
    "spectral_skewness": {
        "dmean": 0.550060272217,
        "dmean2": 0.963308334351,
        "dvar": 0.364657312632,
        "dvar2": 1.07245755196,
        "max": 9.52592086792,
        "mean": 2.81545233727,
        "median": 2.43098378181,
        "min": -0.0656153708696,
        "var": 1.78590118885
    },
    "spectral_spread": {
        "dmean": 212202.59375,
        "dmean2": 357476.53125,
        "dvar": 128126451712,
        "dvar2": 286657970176,
        "max": 41905084,
        "mean": 2583616,
        "median": 2267688.5,
        "min": 587061.5625,
        "var": 1.24169444393e+13
    },
    "spectral_strongpeak": {
        "dmean": 0.527617990971,
        "dmean2": 0.886529624462,
        "dvar": 0.721155285835,
        "dvar2": 1.78391051292,
        "max": 9.37209796906,
        "mean": 1.46417510509,
        "median": 0.962425887585,
        "min": 0,
        "var": 1.76274776459
    },
    "zerocrossingrate": {
        "dmean": 0.0036394840572,
        "dmean2": 0.00459246430546,
        "dvar": 4.93679799547e-05,
        "dvar2": 7.93027793407e-05,
        "max": 0.53466796875,
        "mean": 0.0401000119746,
        "median": 0.0302734375,
        "min": 0.0048828125,
        "var": 0.00215000566095
    },
    "barkbands": {
        "dmean": [5.96730615143e-06, 0.00072848907439, 0.00128004094586, 0.00138759706169, 0.00181729148608, 0.00130691297818, 0.00165944627952, 0.000562542001717, 0.000769938109443, 0.000443020049715, 0.000591466203332, 0.000517626758665, 0.000155188245117, 0.000235405837884, 0.000326907174895, 0.000161584292073, 0.000100304590887, 0.00015587094822, 6.02362670179e-05, 3.20969229506e-05, 2.32570000662e-05, 6.2323815655e-06, 2.85744772555e-06, 1.77061883733e-06, 1.02423916815e-06, 3.19864255971e-07, 2.77399632154e-08],
        "dmean2": [1.0500805729e-05, 0.00113438197877, 0.00200261850841, 0.00220557814464, 0.00283164693974, 0.00194544519763, 0.00229598092847, 0.000702352495864, 0.000943581573665, 0.000543647736777, 0.000868102652021, 0.000770085782278, 0.000238676686422, 0.000375683768652, 0.000517546432093, 0.000243494519964, 0.000157171380124, 0.000251123652561, 9.32783441385e-05, 5.1855105994e-05, 3.46997112501e-05, 9.55475843512e-06, 4.18765057475e-06, 2.70530290436e-06, 1.53601365582e-06, 4.83493181491e-07, 4.43699086361e-08],
        "dvar": [2.45620190853e-10, 2.91388687401e-06, 9.26882876229e-06, 9.76317460299e-06, 8.91026411409e-06, 5.18542537975e-06, 8.3995573732e-06, 1.0901630958e-06, 3.00969531963e-06, 7.51123252485e-07, 3.88433636545e-06, 2.26535848924e-06, 1.75621934773e-07, 2.24968260909e-07, 4.87954139317e-07, 1.22375396927e-07, 4.8579991585e-08, 1.22056874829e-07, 2.06665244917e-08, 4.69172389828e-09, 2.63778687781e-09, 1.73965175598e-10, 3.71688686773e-11, 2.09099126902e-11, 7.11564748096e-12, 9.97176950387e-13, 3.40504851928e-15],
        "dvar2": [7.16342707374e-10, 7.66349785408e-06, 2.49167242146e-05, 2.82659930235e-05, 2.43542490352e-05, 1.46930424307e-05, 1.8422571884e-05, 1.50353309891e-06, 5.28986811332e-06, 1.04989373995e-06, 9.43671693676e-06, 5.21957599631e-06, 4.5186936859e-07, 5.89487001434e-07, 1.23419397369e-06, 2.65353435225e-07, 1.11793788449e-07, 3.24479657365e-07, 4.43575913778e-08, 1.25246764071e-08, 5.62514168578e-09, 3.82851833569e-10, 7.62507279539e-11, 4.89396023706e-11, 1.75595440965e-11, 2.39887298394e-12, 8.54769661491e-15],
        "max": [0.000298233528156, 0.036344897002, 0.0665145516396, 0.0653582513332, 0.0495429374278, 0.0458251833916, 0.0711385607719, 0.0415515229106, 0.0626932531595, 0.0256481170654, 0.0653980150819, 0.0419865585864, 0.0132285030559, 0.0080935228616, 0.0135103026405, 0.00541443144903, 0.00518712634221, 0.00889249984175, 0.00339731969871, 0.00131784542464, 0.0015049824724, 0.000432147295214, 0.000133281253511, 0.000129943306092, 8.05021845736e-05, 3.47165951098e-05, 1.16997694022e-06],
        "mean": [7.29068051442e-06, 0.00226872949861, 0.00374718056992, 0.00277084321715, 0.00491419574246, 0.00396497966722, 0.00556488521397, 0.00203109625727, 0.00228074728511, 0.00125278695486, 0.00108271127101, 0.00106784666423, 0.000322193751344, 0.000438051763922, 0.000708446081262, 0.000330122740706, 0.000191376238945, 0.000345583888702, 0.000125352016767, 6.57442360534e-05, 6.56323973089e-05, 1.66256613738e-05, 7.48568299969e-06, 4.89221838507e-06, 2.82711994259e-06, 9.03014324649e-07, 7.57645466365e-08],
        "median": [9.60847614806e-07, 0.000136013579322, 0.000714584602974, 0.000763411051594, 0.00293029798195, 0.0018787124427, 0.00212425319478, 0.000578758190386, 0.000701850571204, 0.000399743148591, 0.00037030299427, 0.00026913714828, 0.000108597727376, 0.000187743949937, 0.000172005704371, 8.64566827659e-05, 5.5396285461e-05, 6.42447921564e-05, 2.5235249268e-05, 2.11539299926e-05, 1.32992745421e-05, 3.97027679355e-06, 1.43485510762e-06, 8.25140489269e-07, 5.94522759911e-07, 1.28419301859e-07, 2.01591205951e-08],
        "min": [2.11256358773e-25, 3.08570772522e-24, 5.99360344138e-25, 4.24700721873e-25, 1.49241849423e-23, 6.72296135738e-24, 9.82116917529e-24, 7.71187107728e-24, 1.82298040137e-23, 1.68856355183e-23, 1.74928880214e-23, 2.21575109064e-23, 2.55035748764e-23, 3.52961454773e-23, 3.92609446097e-23, 3.42406527415e-23, 6.9008416029e-23, 1.0950524062e-22, 1.22271547043e-22, 1.31143985551e-22, 2.01799795586e-22, 3.62716502416e-22, 4.08266138877e-22, 5.09920345467e-22, 8.33929879266e-22, 1.2742636557e-21, 1.95207152472e-21],
        "var": [3.19876569677e-10, 1.79196667887e-05, 4.64312906843e-05, 2.16918924707e-05, 3.27789493895e-05, 3.11253133987e-05, 6.27787667327e-05, 1.58297789312e-05, 1.7833781385e-05, 6.05128252573e-06, 5.75994545216e-06, 5.80135338168e-06, 5.30949705535e-07, 5.41976476143e-07, 1.89225079339e-06, 3.85901500977e-07, 1.30461444314e-07, 3.98437578042e-07, 6.3887405588e-08, 1.17468763605e-08, 1.73796408376e-08, 8.64084415131e-10, 1.6473711284e-10, 9.19163078983e-11, 2.83838993975e-11, 4.11715930446e-12, 1.53327227488e-14]
    },
    "erbbands": {
        "dmean": [0.00597020145506, 0.222516611218, 1.3150857687, 3.10640788078, 4.66794776917, 7.11272144318, 8.31023693085, 10.5168228149, 20.3251552582, 21.5568256378, 16.3346233368, 13.6244974136, 13.4624958038, 15.4793930054, 19.5409870148, 17.239654541, 8.41884708405, 8.36704730988, 9.50113773346, 19.7879314423, 6.11266040802, 6.35435533524, 8.59735870361, 4.4808139801, 1.8606325388, 1.30107045174, 0.803360283375, 0.982130050659, 0.258077144623, 0.138515174389, 0.0673492699862, 0.0422514751554, 0.0289519969374, 0.0150839136913, 0.00605201907456, 0.00184789893683, 0.000568231742363, 6.16240358795e-05, 6.73467911838e-06, 6.34031630398e-06],
        "dmean2": [0.00941696111113, 0.343315631151, 2.03221917152, 4.95632553101, 7.25359535217, 11.202750206, 12.8094520569, 15.1659498215, 27.2984352112, 30.8401966095, 19.4041881561, 17.1186618805, 16.4106311798, 21.6566886902, 28.878900528, 25.8107452393, 12.7062263489, 13.1939649582, 15.024892807, 31.5003356934, 9.40019130707, 9.90584850311, 13.9101810455, 7.1928486824, 2.88853240013, 2.10414361954, 1.23334383965, 1.47217988968, 0.398111522198, 0.210130766034, 0.0982292890549, 0.0642244666815, 0.0435798428953, 0.0230836756527, 0.00919901486486, 0.0028061424382, 0.00088153447723, 9.74474751274e-05, 1.06674324343e-05, 9.85748738458e-06],
        "dvar": [0.00019386515487, 0.263349890709, 9.64342689514, 45.3526725769, 82.3783340454, 171.948318481, 232.88041687, 326.044799805, 1455.31884766, 1833.71801758, 911.126281738, 1176.9888916, 540.459533691, 1675.09533691, 4078.02197266, 2115.13085938, 593.559753418, 380.652770996, 258.285919189, 1878.28063965, 175.368408203, 202.351119995, 440.232269287, 94.6444625854, 15.8648300171, 8.93510913849, 2.96544575691, 6.19816064835, 0.294595211744, 0.100422985852, 0.0201842188835, 0.0109004611149, 0.00756277702749, 0.00163000449538, 0.000203855917789, 3.22696905641e-05, 3.06205856759e-06, 2.70154831838e-08, 1.23503540728e-10, 5.60578111708e-11],
        "dvar2": [0.000484588788822, 0.68207269907, 24.6350307465, 134.361404419, 231.865921021, 473.11618042, 615.156921387, 790.447875977, 3183.82836914, 4169.57714844, 1442.82080078, 2097.04760742, 816.741271973, 3711.35742188, 10149.9472656, 5040.06640625, 1476.48486328, 965.065368652, 674.411804199, 4882.55126953, 399.59262085, 459.392852783, 1189.06237793, 238.259094238, 34.5763320923, 24.3814659119, 6.93765926361, 13.1087284088, 0.696151733398, 0.2202552706, 0.0428300499916, 0.0244509540498, 0.0168459825218, 0.00395323615521, 0.000499965099152, 7.74376094341e-05, 7.68800691731e-06, 6.76163907087e-08, 3.15792891836e-10, 1.4820490668e-10],
        "max": [0.388407289982, 10.5265474319, 78.7625732422, 116.897567749, 190.88822937, 241.825561523, 314.128570557, 519.906311035, 1062.3671875, 939.429992676, 816.541625977, 1749.08935547, 560.800964355, 1218.75720215, 2267.01977539, 1619.75598145, 924.137268066, 385.391723633, 275.983337402, 865.191589355, 301.534301758, 358.913757324, 591.979309082, 199.672973633, 102.350082397, 73.7359237671, 49.2725830078, 71.4229278564, 11.2487287521, 7.90853452682, 3.86277866364, 2.88879370689, 2.89074110985, 1.29480862617, 0.305072695017, 0.190958961844, 0.0439343005419, 0.00489569734782, 0.000243819333264, 0.000142362841871],
        "mean": [0.0191201549023, 0.712481319904, 4.28569936752, 7.06780481339, 11.6562070847, 18.0206012726, 22.7082901001, 35.3802337646, 70.9545440674, 68.7728729248, 56.9500808716, 39.4514427185, 42.0776901245, 38.6932525635, 37.6646537781, 37.4701843262, 19.3876781464, 17.4159221649, 20.5055656433, 45.7415313721, 14.9883441925, 13.1253538132, 19.5359020233, 10.8820819855, 4.22959184647, 2.80228662491, 2.11522293091, 2.71294331551, 0.715564072132, 0.363378375769, 0.18878313899, 0.114339888096, 0.0739949792624, 0.0406627617776, 0.0169519092888, 0.00521389115602, 0.00153240479995, 0.000186179589946, 3.1052124541e-05, 3.88222943002e-05],
        "median": [0.00204795878381, 0.0660029649734, 0.838687002659, 3.23109412193, 6.66996479034, 9.74063491821, 12.1574583054, 16.9708347321, 28.0133514404, 24.6472434998, 20.1683311462, 15.010222435, 17.1280784607, 17.1506690979, 15.6565637589, 11.5812311172, 7.5501499176, 8.30963134766, 11.0805263519, 11.6718149185, 5.83000993729, 4.86174201965, 4.18442058563, 3.0689561367, 1.38742280006, 0.903820931911, 0.596784353256, 0.426083564758, 0.177461624146, 0.0860418006778, 0.0378990471363, 0.0217424593866, 0.0114649198949, 0.00821048207581, 0.00358183868229, 0.000896381097846, 0.000218734683585, 3.97132607759e-05, 2.65352136921e-05, 3.90533678001e-05],
        "min": [1.14116807876e-22, 5.25598861295e-22, 1.36431224163e-21, 3.50573279987e-21, 1.4994650315e-20, 3.75377470033e-20, 2.597877036e-20, 6.99130404167e-20, 1.59383693667e-19, 1.46588786404e-19, 2.79423523776e-19, 4.03742074849e-19, 7.87342250084e-19, 5.22828811946e-19, 9.94300771393e-19, 1.23319590897e-18, 1.64114753181e-18, 1.95415236541e-18, 2.74467481475e-18, 3.17089492821e-18, 3.45554762933e-18, 4.45135996989e-18, 5.83588040352e-18, 6.50859496285e-18, 7.36619886474e-18, 7.07922509483e-18, 8.66709671512e-18, 1.08450500331e-17, 1.15300622866e-17, 1.14857204427e-17, 1.19326734246e-17, 1.13753629684e-17, 9.31168630643e-18, 7.92301632126e-18, 6.78984216138e-18, 4.08423405298e-18, 2.36789880202e-18, 9.97311295233e-19, 2.67751540043e-19, 2.57879113583e-20],
        "var": [0.00139122910332, 1.69659924507, 62.7213172913, 111.867103577, 229.114425659, 580.548400879, 950.760253906, 3041.7043457, 11063.2597656, 13807.9619141, 8930.42382812, 5744.76171875, 4308.87451172, 4122.27099609, 5996.12744141, 5519.50732422, 1825.3067627, 1069.32824707, 691.230651855, 7047.63867188, 634.913635254, 552.722961426, 1419.85742188, 391.563446045, 50.5329704285, 22.7510719299, 12.3689823151, 40.0992050171, 1.50816500187, 0.44108992815, 0.105329506099, 0.0461725741625, 0.025749431923, 0.00642578722909, 0.000930654932745, 0.000128613726702, 1.2255683032e-05, 1.21834972333e-07, 7.4891487456e-10, 5.44664702229e-10]
    },
    "gfcc": {
        "mean": [-78.6223220825, 155.563308716, -143.770401001, 3.26730656624, -54.1284294128, -16.5471878052, -35.1629219055, -9.68805122375, -18.2813148499, -9.54178333282, -13.8484191895, -9.8707151413, -6.55976247787],
        "cov": [[22302.6660156, 301.631530762, -2147.84033203, 1275.54980469, -797.26348877, 382.152832031, -593.026062012, 449.075256348, -253.576644897, 70.381652832, -278.521484375, 79.8100738525, -33.8592185974], [301.631530762, 3324.26196289, 782.883300781, -287.161102295, 572.033203125, -239.097305298, 548.342468262, -273.313323975, 275.487854004, -271.322021484, 169.211151123, -213.483352661, 101.988632202], [-2147.84033203, 782.883300781, 1404.32958984, 68.5591659546, 206.506332397, 234.949783325, 233.12928772, 58.2194709778, 61.7064628601, -1.4121812582, -54.7094841003, -104.93560791, 4.64038276672], [1275.54980469, -287.161102295, 68.5591659546, 529.824523926, 73.528968811, 174.898254395, -17.656129837, 116.444885254, -43.6955528259, 17.9758281708, -43.9002456665, 33.8292922974, 6.43010759354], [-797.26348877, 572.033203125, 206.506332397, 73.528968811, 378.467590332, 27.8116321564, 185.879928589, -27.4787425995, 72.1261825562, -35.4067802429, 74.2291488647, 2.98222351074, 39.4684906006], [382.152832031, -239.097305298, 234.949783325, 174.898254395, 27.8116321564, 359.606933594, 74.8626403809, 127.773788452, -39.6379165649, 54.863735199, -43.6504898071, 16.1524810791, 3.5478644371], [-593.026062012, 548.342468262, 233.12928772, -17.656129837, 185.879928589, 74.8626403809, 326.85534668, 58.1115379333, 86.0400390625, -25.170293808, 50.7156333923, -22.1481304169, 15.3417072296], [449.075256348, -273.313323975, 58.2194709778, 116.444885254, -27.4787425995, 127.773788452, 58.1115379333, 226.460174561, 39.4247665405, 79.1595687866, -23.6987667084, 22.8616695404, -15.7534265518], [-253.576644897, 275.487854004, 61.7064628601, -43.6955528259, 72.1261825562, -39.6379165649, 86.0400390625, 39.4247665405, 182.107559204, 42.484916687, 55.5661582947, -24.6777610779, 3.79510807991], [70.381652832, -271.322021484, -1.4121812582, 17.9758281708, -35.4067802429, 54.863735199, -25.170293808, 79.1595687866, 42.484916687, 146.605651855, 22.543970108, 15.1909694672, -17.2101650238], [-278.521484375, 169.211151123, -54.7094841003, -43.9002456665, 74.2291488647, -43.6504898071, 50.7156333923, -23.6987667084, 55.5661582947, 22.543970108, 133.024597168, 35.493183136, 19.470746994], [79.8100738525, -213.483352661, -104.93560791, 33.8292922974, 2.98222351074, 16.1524810791, -22.1481304169, 22.8616695404, -24.6777610779, 15.1909694672, 35.493183136, 100.911003113, 33.0573043823], [-33.8592185974, 101.988632202, 4.64038276672, 6.43010759354, 39.4684906006, 3.5478644371, 15.3417072296, -15.7534265518, 3.79510807991, -17.2101650238, 19.470746994, 33.0573043823, 94.4308624268]],
        "icov": [[0.000254917336861, -0.000775791704655, 0.000710751861334, -0.000727800303139, 0.000845589442179, -0.000662395264953, 0.000729753402993, -0.000654349394608, 0.000300830142805, -0.000599020859227, 0.000578998879064, -0.000630706374068, 0.000367802771507], [-0.000775791704655, 0.00335535407066, -0.00249113235623, 0.00232489709742, -0.00305259111337, 0.00246133329347, -0.00306473462842, 0.00253455527127, -0.00150928064249, 0.00295754009858, -0.00254128477536, 0.00350571237504, -0.00193741091061], [0.000710751861334, -0.00249113235623, 0.00311005604453, -0.00199476326816, 0.00209756870754, -0.00259857228957, 0.00197425391525, -0.00191263726447, 0.000898331927601, -0.00218689674512, 0.0023582347203, -0.00133537314832, 0.00105602107942], [-0.000727800303139, 0.00232489709742, -0.00199476326816, 0.00495189195499, -0.00383065827191, 0.000943545135669, -0.00091265962692, 0.000257741427049, -0.00044932536548, 0.00246855686419, -0.00138090143446, 0.0018430154305, -0.00114670349285], [0.000845589442179, -0.00305259111337, 0.00209756870754, -0.00383065827191, 0.00817496795207, -0.00241513433866, 0.000335561024258, -0.000420827214839, 2.88108694804e-05, -0.00203886954114, 0.000856427417602, -0.00367687596008, 0.00104488804936], [-0.000662395264953, 0.00246133329347, -0.00259857228957, 0.000943545135669, -0.00241513433866, 0.00712839746848, -0.00376451178454, 0.000542101159226, 0.00118819752242, -0.000115370079584, -0.000755223911256, 0.00191319233272, -0.00197154725902], [0.000729753402993, -0.00306473462842, 0.00197425391525, -0.00091265962692, 0.000335561024258, -0.00376451178454, 0.0095481062308, -0.00544328894466, 0.000213401814108, 0.000464182434371, -0.000161826785188, -0.00127674126998, 0.00163502304349], [-0.000654349394608, 0.00253455527127, -0.00191263726447, 0.000257741427049, -0.000420827214839, 0.000542101159226, -0.00544328894466, 0.0117484787479, -0.00407590903342, -0.0015154464636, 0.00162471458316, -0.00152955926023, 0.000192276769667], [0.000300830142805, -0.00150928064249, 0.000898331927601, -0.00044932536548, 2.88108694804e-05, 0.00118819752242, 0.000213401814108, -0.00407590903342, 0.010816979222, -0.00426246738061, -0.0020657251589, 0.0027015840169, -0.000778299232479], [-0.000599020859227, 0.00295754009858, -0.00218689674512, 0.00246855686419, -0.00203886954114, -0.000115370079584, 0.000464182434371, -0.0015154464636, -0.00426246738061, 0.0145531632006, -0.00594045361504, 0.00298922252841, 6.06898865954e-05], [0.000578998879064, -0.00254128477536, 0.0023582347203, -0.00138090143446, 0.000856427417602, -0.000755223911256, -0.000161826785188, 0.00162471458316, -0.0020657251589, -0.00594045361504, 0.0161400549114, -0.00908883102238, 0.00175233674236], [-0.000630706374068, 0.00350571237504, -0.00133537314832, 0.0018430154305, -0.00367687596008, 0.00191319233272, -0.00127674126998, -0.00152955926023, 0.0027015840169, 0.00298922252841, -0.00908883102238, 0.0216958466917, -0.00793993845582], [0.000367802771507, -0.00193741091061, 0.00105602107942, -0.00114670349285, 0.00104488804936, -0.00197154725902, 0.00163502304349, 0.000192276769667, -0.000778299232479, 6.06898865954e-05, 0.00175233674236, -0.00793993845582, 0.0147046409547]]
    },
    "melbands": {
        "dmean": [0.000121248915093, 0.00055069476366, 0.000553340010811, 0.000423056335421, 0.00028668140294, 0.000259593769442, 0.000305866735289, 0.000207742166822, 0.00015183717187, 8.171814261e-05, 7.17102666385e-05, 6.39895588392e-05, 7.76470915298e-05, 5.58283027203e-05, 3.96708928747e-05, 1.2171569324e-05, 1.78409227374e-05, 1.59937953867e-05, 2.97987553495e-05, 1.7891978132e-05, 6.62806041873e-06, 7.16659451427e-06, 6.45782210995e-06, 7.75313037593e-06, 3.64840047951e-06, 1.900653956e-06, 1.4718385728e-06, 7.39535323646e-07, 5.62485922728e-07, 6.74354112107e-07, 4.75875253869e-07, 1.83327443892e-07, 1.02988977346e-07, 8.11970792824e-08, 4.66019933754e-08, 3.86382907891e-08, 2.69352540272e-08, 2.4690022471e-08, 1.78016410501e-08, 1.44590019957e-08],
        "dmean2": [0.000188309742953, 0.000853043457028, 0.000875653349794, 0.000660605903249, 0.000445996556664, 0.000378675496904, 0.000415261019953, 0.000292317854473, 0.000181976036401, 0.000102162579424, 8.68626593729e-05, 8.73300523381e-05, 0.000114051268611, 8.30321587273e-05, 5.82234388276e-05, 1.919195347e-05, 2.82843411696e-05, 2.54710903391e-05, 4.70758022857e-05, 2.81918055407e-05, 1.006092225e-05, 1.13081232485e-05, 1.02746898847e-05, 1.24633115774e-05, 5.84123290537e-06, 2.88491946776e-06, 2.40363010562e-06, 1.19149410693e-06, 8.680405017e-07, 9.8535235793e-07, 7.19903709978e-07, 2.84140270423e-07, 1.63223305094e-07, 1.2219437906e-07, 6.95854467381e-08, 5.82076111755e-08, 4.16278211901e-08, 3.72931161507e-08, 2.74742948392e-08, 2.17915712142e-08],
        "dvar": [7.93053871462e-08, 1.57338934059e-06, 1.24352641251e-06, 5.24258950918e-07, 2.46745003096e-07, 1.85426273447e-07, 2.90101723976e-07, 1.52213445404e-07, 9.56776418093e-08, 3.72912047908e-08, 1.60107518354e-08, 2.40775577254e-08, 7.25079942754e-08, 3.52792817182e-08, 2.22942144745e-08, 8.48199233072e-10, 1.98530236695e-09, 1.0132399364e-09, 4.47852555041e-09, 1.67745906055e-09, 2.98087970974e-10, 2.92520785372e-10, 3.11481979098e-10, 2.86815127204e-10, 7.26969318077e-11, 2.82832004345e-11, 1.19645387348e-11, 3.32340925613e-12, 1.5234427218e-12, 2.61607293987e-12, 1.40291977254e-12, 1.73518466848e-13, 6.22811738705e-14, 3.67606810335e-14, 1.08054459952e-14, 8.76866887613e-15, 6.18383941736e-15, 5.88980463522e-15, 2.34194720806e-15, 1.84290800631e-15],
        "dvar2": [2.03255794418e-07, 3.99585132982e-06, 3.6467404243e-06, 1.45771412008e-06, 6.56378404074e-07, 4.92384060635e-07, 6.24736685495e-07, 3.37134395068e-07, 1.62890984257e-07, 6.60820163034e-08, 2.36785435703e-08, 5.06563964109e-08, 1.79324629812e-07, 7.8940118442e-08, 5.3955620416e-08, 2.19542384272e-09, 5.03952390929e-09, 2.68474709131e-09, 1.10772386819e-08, 4.25193702469e-09, 6.42302655507e-10, 6.77252587344e-10, 8.39529723518e-10, 7.49002360134e-10, 1.82430473505e-10, 5.44498508781e-11, 3.18583145975e-11, 9.01892362876e-12, 3.60777510297e-12, 4.93581391037e-12, 3.10199392214e-12, 3.91858881498e-13, 1.50616905016e-13, 8.01959884676e-14, 2.35131196197e-14, 1.81046262102e-14, 1.46814560563e-14, 1.2486664941e-14, 5.78509018711e-15, 4.51249645221e-15],
        "max": [0.00702190771699, 0.0315693095326, 0.0241457838565, 0.0132721345872, 0.0107483165339, 0.0106439134106, 0.0149221196771, 0.00907416269183, 0.00882149115205, 0.00941363349557, 0.00310399732552, 0.00449933856726, 0.00987207144499, 0.00587673159316, 0.00710848718882, 0.000942736223806, 0.000883829139639, 0.000669292465318, 0.00149608042557, 0.000849146745168, 0.000456513807876, 0.00046529591782, 0.000517632230185, 0.000369995221263, 0.000181806070032, 0.000161168645718, 6.79521617712e-05, 4.54668770544e-05, 2.71157241514e-05, 4.87929864903e-05, 3.0624516512e-05, 8.79414164956e-06, 6.61497097099e-06, 3.79615607926e-06, 2.13803718907e-06, 2.19523622036e-06, 2.75965157925e-06, 2.55831673712e-06, 1.29214004119e-06, 1.25879148527e-06],
        "mean": [0.000385397666832, 0.00179479306098, 0.0013356374111, 0.00110025529284, 0.000792394741438, 0.000850149081089, 0.00107587000821, 0.000679548946209, 0.000483694340801, 0.000235508472542, 0.000219049019506, 0.000165330551681, 0.000143140612636, 0.000108516178443, 8.72927921591e-05, 2.44346829277e-05, 3.46692177118e-05, 2.85003334284e-05, 6.49470966891e-05, 4.04909915233e-05, 1.32412833409e-05, 1.34461015477e-05, 1.40426200232e-05, 1.67530779436e-05, 8.23608024803e-06, 3.82118469133e-06, 2.77755771094e-06, 1.43685906551e-06, 1.21413586385e-06, 1.69323664068e-06, 1.27871010136e-06, 4.1768461756e-07, 2.3120003334e-07, 1.84407213055e-07, 1.14965317266e-07, 8.62442135485e-08, 6.08273325042e-08, 5.52486767447e-08, 4.10534894968e-08, 3.20358566341e-08],
        "median": [2.55000486504e-05, 0.000319248676533, 0.000761059694923, 0.000619052560069, 0.000445374695119, 0.000440153875388, 0.000448786508059, 0.000195685221115, 0.000151797779836, 8.18419575808e-05, 8.07734031696e-05, 6.78007781971e-05, 5.63054600207e-05, 2.43295980908e-05, 1.96505425265e-05, 9.2947993835e-06, 1.39016428875e-05, 1.32072354972e-05, 1.39740441227e-05, 8.29913915368e-06, 3.78779895982e-06, 3.65040295947e-06, 2.85744749817e-06, 3.37043275067e-06, 1.87276589259e-06, 7.78207379426e-07, 7.59940462558e-07, 3.73560254729e-07, 3.16580752724e-07, 2.59876600239e-07, 1.50943137101e-07, 8.53368362641e-08, 5.23078789172e-08, 3.67736774365e-08, 2.04556354078e-08, 1.49932386506e-08, 1.15409060086e-08, 8.01603761147e-09, 6.67441213409e-09, 6.02922334281e-09],
        "min": [1.72775151892e-24, 6.71927954632e-25, 5.37757752315e-25, 2.1472973306e-24, 1.02965517451e-24, 1.44162220226e-24, 2.34345508886e-24, 1.60974601332e-24, 2.23661196507e-24, 2.65270808801e-24, 3.69762811547e-24, 1.89897634219e-24, 2.75965277764e-24, 2.44622453493e-24, 2.57303412266e-24, 3.26118332548e-24, 2.97364727262e-24, 2.84867099763e-24, 2.74796895878e-24, 2.77051263129e-24, 4.01387061946e-24, 3.64315056465e-24, 4.25400027344e-24, 4.3330409807e-24, 4.7419221818e-24, 4.71755663502e-24, 3.78462724597e-24, 3.84352557331e-24, 4.34689377263e-24, 5.70438415656e-24, 5.96588563019e-24, 5.45305149444e-24, 6.17868717026e-24, 5.77325368574e-24, 6.33436334788e-24, 5.8310902063e-24, 6.72745392024e-24, 5.22082307129e-24, 5.92897206742e-24, 5.9363909098e-24],
        "var": [5.22803986769e-07, 1.0340803783e-05, 3.11627854899e-06, 1.79986966486e-06, 1.03283866792e-06, 1.41626242112e-06, 2.2750032258e-06, 1.31947092541e-06, 6.91551917953e-07, 1.96702842459e-07, 1.28255337017e-07, 7.88783438566e-08, 1.02120715439e-07, 8.72082424053e-08, 5.59351143181e-08, 2.58714161205e-09, 5.542572179e-09, 1.88690729708e-09, 1.76480590142e-08, 5.90606408224e-09, 9.10439335033e-10, 7.57525597805e-10, 1.00729014019e-09, 8.7819035377e-10, 2.85639428776e-10, 8.26236717932e-11, 2.63785070176e-11, 7.24719503159e-12, 4.59823932403e-12, 1.19852600067e-11, 9.4146600238e-12, 6.36264912285e-13, 1.92401528195e-13, 1.2475164944e-13, 4.64930997618e-14, 2.94362075676e-14, 1.67392616153e-14, 1.73218644289e-14, 7.24383931745e-15, 5.0162849677e-15]
    },
    "mfcc": {
        "mean": [-707.531799316, 180.066986084, -26.0510425568, 15.2926311493, -7.98164701462, -8.13554000854, -11.8076105118, -7.4537320137, -5.34065628052, -6.86568450928, -6.89606571198, -6.76852369308, -5.6129117012],
        "cov": [[10323.2080078, 852.016662598, -719.369262695, 626.198364258, -244.170883179, 27.0532588959, 11.5432701111, 136.901885986, 143.60710144, 15.7957954407, 83.3235168457, 59.1953201294, -29.5149059296], [852.016662598, 3511.39331055, 523.961669922, 98.4985275269, 116.012901306, 145.959136963, 189.86315918, 135.118896484, 130.416793823, 154.168899536, 22.6655883789, 15.8179588318, 102.943305969], [-719.369262695, 523.961669922, 791.843811035, 102.75642395, 113.892105103, 178.261886597, 127.326591492, 96.8786239624, 106.758239746, 100.606040955, 20.4473838806, -31.6735610962, -18.8247432709], [626.198364258, 98.4985275269, 102.75642395, 320.912872314, 117.470672607, 71.494468689, 79.563873291, 73.7482299805, 50.8284606934, 33.5386047363, 20.21459198, 14.6106357574, -13.3334608078], [-244.170883179, 116.012901306, 113.892105103, 117.470672607, 233.097579956, 94.549621582, 68.0397109985, 49.8356895447, 23.2376346588, 18.284734726, -4.49936532974, -3.15117406845, 11.7352695465], [27.0532588959, 145.959136963, 178.261886597, 71.494468689, 94.549621582, 203.671218872, 116.985313416, 72.1613616943, 58.6124839783, 34.8416137695, 4.071144104, -10.1007995605, 14.7807121277], [11.5432701111, 189.86315918, 127.326591492, 79.563873291, 68.0397109985, 116.985313416, 232.587539673, 125.025154114, 72.3363494873, 50.5147590637, 36.1250343323, 8.62947750092, 11.8049869537], [136.901885986, 135.118896484, 96.8786239624, 73.7482299805, 49.8356895447, 72.1613616943, 125.025154114, 172.355529785, 89.8759994507, 57.2849502563, 32.8275260925, 3.84434056282, 20.2896366119], [143.60710144, 130.416793823, 106.758239746, 50.8284606934, 23.2376346588, 58.6124839783, 72.3363494873, 89.8759994507, 158.27494812, 93.2278213501, 54.4050292969, 14.8002300262, 3.89378452301], [15.7957954407, 154.168899536, 100.606040955, 33.5386047363, 18.284734726, 34.8416137695, 50.5147590637, 57.2849502563, 93.2278213501, 149.296936035, 76.9479141235, 22.8964252472, 9.4190826416], [83.3235168457, 22.6655883789, 20.4473838806, 20.21459198, -4.49936532974, 4.071144104, 36.1250343323, 32.8275260925, 54.4050292969, 76.9479141235, 172.01965332, 85.0862426758, 19.0075321198], [59.1953201294, 15.8179588318, -31.6735610962, 14.6106357574, -3.15117406845, -10.1007995605, 8.62947750092, 3.84434056282, 14.8002300262, 22.8964252472, 85.0862426758, 131.949951172, 42.3804855347], [-29.5149059296, 102.943305969, -18.8247432709, -13.3334608078, 11.7352695465, 14.7807121277, 11.8049869537, 20.2896366119, 3.89378452301, 9.4190826416, 19.0075321198, 42.3804855347, 110.824714661]],
