{
"lowlevel": {
    "average_loudness": 0.873320937157,
    "barkbands_crest": {
        "dmean": 2.75251436234,
        "dmean2": 4.31376934052,
        "dvar": 8.22249984741,
        "dvar2": 17.2390575409,
        "max": 25.3400497437,
        "mean": 12.796877861,
        "median": 12.5522842407,
        "min": 2.30472564697,
        "var": 26.7777843475
    },
    "barkbands_flatness_db": {
        "dmean": 0.0430715754628,
        "dmean2": 0.0572954975069,
        "dvar": 0.00170757854357,
        "dvar2": 0.00327924941666,
        "max": 0.542053580284,
        "mean": 0.213305920362,
        "median": 0.209797054529,
        "min": 0.0343648158014,
        "var": 0.00671229418367
    },
    "barkbands_kurtosis": {
        "dmean": 7.48312664032,
        "dmean2": 11.6220359802,
        "dvar": 335.132354736,
        "dvar2": 802.768066406,
        "max": 460.406616211,
        "mean": 10.001083374,
        "median": 3.80416321754,
        "min": -1.94686305523,
        "var": 461.422271729
    },
    "barkbands_skewness": {
        "dmean": 0.86326187849,
        "dmean2": 1.28742611408,
        "dvar": 1.12244141102,
        "dvar2": 2.56490659714,
        "max": 19.9089641571,
        "mean": 2.05430221558,
        "median": 1.76098024845,
        "min": -7.28655767441,
        "var": 3.3819360733
    },
    "barkbands_spread": {
        "dmean": 6.25767230988,
        "dmean2": 9.79027271271,
        "dvar": 84.6992340088,
        "dvar2": 193.075378418,
        "max": 96.8483123779,
        "mean": 12.783208847,
        "median": 9.27058029175,
        "min": 0.244905099273,
        "var": 131.039932251
    },
    "dissonance": {
        "dmean": 0.0250635724515,
        "dmean2": 0.041727297008,
        "dvar": 0.000630501541309,
        "dvar2": 0.00161835586186,
        "max": 0.500000059605,
        "mean": 0.450619280338,
        "median": 0.458979189396,
        "min": 0.225039288402,
        "var": 0.00144263112452
    },
    "dynamic_complexity": 4.44137382507,
    "erbbands_crest": {
        "dmean": 2.54850029945,
        "dmean2": 3.99097704887,
        "dvar": 7.08269786835,
        "dvar2": 16.3415412903,
        "max": 30.7963924408,
        "mean": 9.97133731842,
        "median": 8.61529922485,
        "min": 2.70930075645,
        "var": 24.6065731049
    },
    "erbbands_flatness_db": {
        "dmean": 0.0364933907986,
        "dmean2": 0.0482274964452,
        "dvar": 0.0013214154169,
        "dvar2": 0.00248667830601,
        "max": 0.448682665825,
        "mean": 0.21394610405,
        "median": 0.209094882011,
        "min": 0.0441119931638,
        "var": 0.00516739906743
    },
    "erbbands_kurtosis": {
        "dmean": 1.44715154171,
        "dmean2": 2.3383204937,
        "dvar": 4.07421112061,
        "dvar2": 10.3817338943,
        "max": 33.8731040955,
        "mean": 1.08325064182,
        "median": 0.440734982491,
        "min": -1.85900390148,
        "var": 5.74563169479
    },
    "erbbands_skewness": {
        "dmean": 0.498573035002,
        "dmean2": 0.76107698679,
        "dvar": 0.271694302559,
        "dvar2": 0.62610656023,
        "max": 4.942258358,
        "mean": 0.574103176594,
        "median": 0.557604491711,
        "min": -3.80553889275,
        "var": 0.7012565732
    },
    "erbbands_spread": {
        "dmean": 12.078754425,
        "dmean2": 18.6652317047,
        "dvar": 282.791107178,
        "dvar2": 620.31652832,
        "max": 175.151657104,
        "mean": 30.5512046814,
        "median": 23.660861969,
        "min": 2.83694314957,
        "var": 472.655792236
    },
    "hfc": {
        "dmean": 9.28292751312,
        "dmean2": 14.0655651093,
        "dvar": 261.46472168,
        "dvar2": 623.091125488,
        "max": 161.624420166,
        "mean": 17.2944469452,
        "median": 12.3574943542,
        "min": 1.11480428173e-16,
        "var": 350.518280029
    },
    "melbands_crest": {
        "dmean": 3.29174470901,
        "dmean2": 5.0544629097,
        "dvar": 12.3980045319,
        "dvar2": 23.7443981171,
        "max": 35.0173187256,
        "mean": 16.6602668762,
        "median": 15.9451589584,
        "min": 1.7896463871,
        "var": 49.9970207214
    },
    "melbands_flatness_db": {
        "dmean": 0.0484900474548,
        "dmean2": 0.063232049346,
        "dvar": 0.0022618076764,
        "dvar2": 0.00418387632817,
        "max": 0.676468849182,
        "mean": 0.271030396223,
        "median": 0.264946341515,
        "min": 0.00249221292324,
        "var": 0.0127185471356
    },
    "melbands_kurtosis": {
        "dmean": 14.2818832397,
        "dmean2": 22.6007347107,
        "dvar": 1261.68518066,
        "dvar2": 3190.65478516,
        "max": 1237.39440918,
        "mean": 21.0254936218,
        "median": 8.35448360443,
        "min": -1.88892483711,
        "var": 1603.34558105
    },
    "melbands_skewness": {
        "dmean": 1.03870213032,
        "dmean2": 1.56903004646,
        "dvar": 1.69593405724,
        "dvar2": 3.88470554352,
        "max": 23.9298820496,
        "mean": 2.90532803535,
        "median": 2.41050004959,
        "min": -4.8455786705,
        "var": 4.87178373337
    },
    "melbands_spread": {
        "dmean": 7.73292541504,
        "dmean2": 12.0426168442,
        "dvar": 247.69921875,
        "dvar2": 566.301696777,
        "max": 243.913452148,
        "mean": 16.4294090271,
        "median": 10.4526100159,
        "min": 0.232591569424,
        "var": 423.282409668
    },
    "pitch_salience": {
        "dmean": 0.076189532876,
        "dmean2": 0.118294715881,
        "dvar": 0.00583468843251,
        "dvar2": 0.0124747473747,
        "max": 0.926892161369,
        "mean": 0.515878677368,
        "median": 0.517145037651,
        "min": 0.0510891117156,
        "var": 0.0227195415646
    },
    "silence_rate_20dB": {
        "dmean": 0.00502746505663,
        "dmean2": 0.0100558660924,
        "dvar": 0.00500248651952,
        "dvar2": 0.0140516189858,
        "max": 1,
        "mean": 0.997021019459,
        "median": 1,
        "min": 0,
        "var": 0.00297042331658
    },
    "silence_rate_30dB": {
        "dmean": 0.085653103888,
        "dmean2": 0.17132216692,
        "dvar": 0.0783106312156,
        "dvar2": 0.160953760147,
        "max": 1,
        "mean": 0.743902444839,
        "median": 1,
        "min": 0,
        "var": 0.190496772528
    },
    "silence_rate_60dB": {
        "dmean": 0.0443161725998,
        "dmean2": 0.0886405929923,
        "dvar": 0.0423481278121,
        "dvar2": 0.0914019197226,
        "max": 1,
        "mean": 0.156767830253,
        "median": 0,
        "min": 0,
        "var": 0.132190331817
    },
    "spectral_centroid": {
        "dmean": 246.177398682,
        "dmean2": 362.785552979,
        "dvar": 155005.03125,
        "dvar2": 307873.34375,
        "max": 11659.2861328,
        "mean": 996.037231445,
        "median": 748.989379883,
        "min": 137.952560425,
        "var": 728367.4375
    },
    "spectral_complexity": {
        "dmean": 3.70580029488,
        "dmean2": 5.36163854599,
        "dvar": 30.0924110413,
        "dvar2": 50.8247375488,
        "max": 56,
        "mean": 13.3145599365,
        "median": 12,
        "min": 0,
        "var": 90.4187850952
    },
    "spectral_decrease": {
        "dmean": 5.46375478194e-09,
        "dmean2": 7.70486341395e-09,
        "dvar": 1.02353893012e-16,
        "dvar2": 1.75994136735e-16,
        "max": 1.57664858598e-28,
        "mean": -1.40780311852e-08,
        "median": -4.4502801444e-09,
        "min": -1.11750487974e-07,
        "var": 3.25493321108e-16
    },
    "spectral_energy": {
        "dmean": 0.0212487038225,
        "dmean2": 0.0300025753677,
        "dvar": 0.00149867823347,
        "dvar2": 0.00259178667329,
        "max": 0.42457011342,
        "mean": 0.0547023192048,
        "median": 0.0182543881238,
        "min": 1.03043706441e-20,
        "var": 0.00475562084466
    },
    "spectral_energyband_high": {
        "dmean": 0.000538897060324,
        "dmean2": 0.000877709651832,
        "dvar": 1.01005002762e-06,
        "dvar2": 2.41662087319e-06,
        "max": 0.00822312105447,
        "mean": 0.000517663254868,
        "median": 6.23129308224e-05,
        "min": 7.35230278621e-21,
        "var": 1.04561036096e-06
    },
    "spectral_energyband_low": {
        "dmean": 0.0163241755217,
        "dmean2": 0.0225374754518,
        "dvar": 0.00135870906524,
        "dvar2": 0.0023029576987,
        "max": 0.410857409239,
        "mean": 0.0377119518816,
        "median": 0.000836644205265,
        "min": 3.94753002057e-23,
        "var": 0.00391990784556
    },
    "spectral_energyband_middle_high": {
        "dmean": 0.00246867304668,
        "dmean2": 0.00376154156402,
        "dvar": 2.51756173384e-05,
        "dvar2": 5.89741575823e-05,
        "max": 0.0664773955941,
        "mean": 0.00438401149586,
        "median": 0.00212586158887,
        "min": 1.13451031991e-21,
        "var": 3.77978249162e-05
    },
    "spectral_energyband_middle_low": {
        "dmean": 0.00552180688828,
        "dmean2": 0.00885108485818,
        "dvar": 0.000149647676153,
        "dvar2": 0.000374816241674,
        "max": 0.171989843249,
        "mean": 0.0137158222497,
        "median": 0.0101430099458,
        "min": 1.95048850176e-22,
        "var": 0.000220916830585
    },
    "spectral_entropy": {
        "dmean": 0.356637269258,
        "dmean2": 0.477621346712,
        "dvar": 0.148624181747,
        "dvar2": 0.267612338066,
        "max": 9.81009292603,
        "mean": 7.13048791885,
        "median": 7.17873954773,
        "min": 4.94402742386,
        "var": 0.536697924137
    },
    "spectral_flux": {
        "dmean": 0.0468705408275,
        "dmean2": 0.0730293989182,
        "dvar": 0.00391514366493,
        "dvar2": 0.00954261887819,
        "max": 0.463693737984,
        "mean": 0.0872722640634,
        "median": 0.0551928877831,
        "min": 6.34699168223e-11,
        "var": 0.00684877717867
    },
    "spectral_kurtosis": {
        "dmean": 7.50805044174,
        "dmean2": 11.3007125854,
        "dvar": 143.004013062,
        "dvar2": 306.621368408,
        "max": 208.70539856,
        "mean": 11.525267601,
        "median": 6.08858966827,
        "min": -1.20851314068,
        "var": 237.062698364
    },
    "spectral_rms": {
        "dmean": 0.00128686218522,
        "dmean2": 0.00176689762156,
        "dvar": 3.65185610463e-06,
        "dvar2": 5.82517122893e-06,
        "max": 0.0203522667289,
        "mean": 0.00585949514061,
        "median": 0.00422008987516,
        "min": 3.1706536268e-12,
        "var": 1.90345272131e-05
    },
    "spectral_rolloff": {
        "dmean": 622.071899414,
        "dmean2": 1034.13916016,
        "dvar": 2110423.25,
        "dvar2": 4701501.5,
        "max": 19207.6171875,
        "mean": 1401.43371582,
        "median": 775.1953125,
        "min": 64.599609375,
        "var": 4402905.5
    },
    "spectral_skewness": {
        "dmean": 0.660871326923,
        "dmean2": 0.953253269196,
        "dvar": 0.626545548439,
        "dvar2": 1.28565323353,
        "max": 11.0766601562,
        "mean": 2.29753613472,
        "median": 1.94545996189,
        "min": -0.0725088194013,
        "var": 1.62058806419
    },
    "spectral_spread": {
        "dmean": 1315936.625,
        "dmean2": 1808022.125,
        "dvar": 2.3410203689e+12,
        "dvar2": 4.26464011878e+12,
        "max": 40970304,
        "mean": 4125375.25,
        "median": 3604237,
        "min": 508535.21875,
        "var": 6.84906407526e+12
    },
    "spectral_strongpeak": {
        "dmean": 0.353323578835,
        "dmean2": 0.588725864887,
        "dvar": 0.342202752829,
        "dvar2": 0.829140841961,
        "max": 9.01926898956,
        "mean": 0.884294807911,
        "median": 0.655081033707,
        "min": 0,
        "var": 0.685458183289
    },
    "zerocrossingrate": {
        "dmean": 0.0155109418556,
        "dmean2": 0.0181805212051,
        "dvar": 0.000531711848453,
        "dvar2": 0.000694305053912,
        "max": 0.52099609375,
        "mean": 0.0515096709132,
        "median": 0.0361328125,
        "min": 0.001953125,
        "var": 0.00302674877457
    },
    "barkbands": {
        "dmean": [0.0010358717991, 0.0141242230311, 0.00303747574799, 0.00149568624329, 0.00163598230574, 0.00189013930503, 0.000781859445851, 0.000732085492928, 0.000735282548703, 0.00045406940626, 0.000867685826961, 0.00036978701246, 0.000524532748386, 0.0002289370168, 0.000245645176619, 0.000176593224751, 0.000151812942931, 0.000100092416687, 7.30222236598e-05, 5.14015955559e-05, 6.81570891174e-05, 7.27523802198e-05, 9.696673078e-05, 0.000185755678103, 0.000122368815937, 7.32669104764e-06, 4.12108465753e-06],
        "dmean2": [0.00147809588816, 0.0202725790441, 0.00516049703583, 0.00256966031156, 0.00270685902797, 0.00326722650789, 0.00129110738635, 0.00108442339115, 0.00112267013174, 0.000704500766005, 0.00132436433341, 0.000592469412368, 0.000839607208036, 0.000366830383427, 0.000389903783798, 0.000293175166007, 0.00024846708402, 0.000161028190632, 0.000114244532597, 7.68705431256e-05, 0.000110790439066, 0.000117604868137, 0.00016109617718, 0.000316138291964, 0.000209639969398, 1.19385913422e-05, 7.33671504349e-06],
        "dvar": [7.37018126529e-06, 0.00127404672094, 7.09929445293e-05, 1.23447607621e-05, 7.31634054318e-06, 3.93002555938e-05, 9.51040874497e-06, 3.01409909298e-06, 3.25008159052e-06, 8.61759076543e-07, 4.15692966271e-06, 1.23501172311e-06, 1.18408684102e-06, 3.05476675067e-07, 4.43287831331e-07, 2.53513434245e-07, 1.51857278752e-07, 9.30772330321e-08, 3.37780718951e-08, 1.75705565653e-08, 2.60132093644e-08, 2.38939446007e-08, 6.98036259905e-08, 1.21166451095e-07, 7.6076915434e-08, 1.12658948836e-09, 2.62893595782e-09],
        "dvar2": [1.3479439076e-05, 0.0023088271264, 0.000177381909452, 2.99091589113e-05, 1.83126176125e-05, 0.000108696462121, 2.58141881204e-05, 7.03567047822e-06, 7.92553510109e-06, 1.95151437765e-06, 9.40651989367e-06, 3.00886972582e-06, 3.03118235934e-06, 7.57813722885e-07, 1.1133430462e-06, 6.53711254017e-07, 3.79819795171e-07, 2.33742326827e-07, 8.28530986041e-08, 3.964067119e-08, 6.77360816326e-08, 5.96427156552e-08, 1.78842910259e-07, 3.07961272483e-07, 1.99773054987e-07, 2.52931631195e-09, 7.51272466459e-09],
        "max": [0.0342743434012, 0.374463200569, 0.101107940078, 0.0658980533481, 0.0514124706388, 0.108904033899, 0.0662175267935, 0.0318791605532, 0.0368752628565, 0.0144046917558, 0.045671120286, 0.0192103236914, 0.0168256238103, 0.0081948954612, 0.0117731997743, 0.00648751854897, 0.005072042346, 0.00410094857216, 0.00406287517399, 0.00169721967541, 0.0023432050366, 0.00179251993541, 0.00272886105813, 0.00273367739283, 0.00233095418662, 0.00117777555715, 0.00169818010181],
        "mean": [0.00176566757727, 0.0281718205661, 0.00634735729545, 0.00228191819042, 0.00351579790004, 0.00290798931383, 0.00115256872959, 0.00182507943828, 0.00159692892339, 0.000923749699723, 0.00130876118783, 0.000462802825496, 0.0007005892694, 0.000268392410362, 0.000336560973665, 0.00019344566681, 0.000186735953321, 0.000112171444925, 9.35947755352e-05, 6.72476307955e-05, 8.03967632237e-05, 7.6097145211e-05, 8.47089759191e-05, 0.000140943782753, 8.97047430044e-05, 8.15495695861e-06, 2.94526171274e-06],
        "median": [2.43851945925e-06, 0.000200803682674, 0.00013565615518, 0.000388283340726, 0.00232757627964, 0.00133476103656, 0.000276076141745, 0.000445368408691, 0.000462526048068, 0.000281788030406, 0.000151374639245, 0.000102816768049, 0.000243417045567, 5.32731137355e-05, 0.000104335893411, 3.74364462914e-05, 4.46533813374e-05, 1.77888286998e-05, 1.99502355827e-05, 1.08179301606e-05, 1.11958079287e-05, 7.55850578571e-06, 5.71060172661e-06, 6.75923456583e-06, 4.23653273174e-06, 2.65361023821e-07, 2.83863599293e-08],
        "min": [2.34821251176e-24, 1.01020991097e-23, 2.66031329879e-24, 2.10608210931e-24, 5.46435113804e-24, 2.19414939692e-23, 1.60129186988e-23, 1.19386548606e-23, 2.2713746197e-23, 4.01830409664e-23, 2.66972397551e-23, 3.73489666565e-23, 3.20379890111e-23, 4.66695160239e-23, 7.67925609647e-23, 4.99451978239e-23, 9.40777718865e-23, 9.69673252061e-23, 1.12046079554e-22, 2.21759781401e-22, 3.49660791325e-22, 4.01609642206e-22, 4.54780457562e-22, 5.73100354206e-22, 1.01030155768e-21, 1.34201996646e-21, 2.14858225406e-21],
        "var": [1.55638936121e-05, 0.00287976884283, 0.000172410465893, 2.61446239165e-05, 1.6872987544e-05, 3.30461116391e-05, 8.64143021317e-06, 9.48336946749e-06, 8.05894251243e-06, 2.74978174275e-06, 8.29061900731e-06, 1.49757784129e-06, 1.49996026266e-06, 3.57218851832e-07, 4.79005223042e-07, 2.38344370018e-07, 1.76795481366e-07, 9.57730819096e-08, 4.80740105502e-08, 2.58086814142e-08, 3.21647988244e-08, 2.74912235199e-08, 5.75288403581e-08, 9.75608216436e-08, 5.56934942608e-08, 1.84193382768e-09, 1.62785274149e-09]
    },
    "erbbands": {
        "dmean": [0.618419766426, 2.56757044792, 3.33676195145, 4.48011684418, 5.353764534, 5.25855922699, 9.16258049011, 18.0689945221, 12.1783027649, 11.8786411285, 15.5347337723, 19.1664276123, 11.8779630661, 21.7677402496, 28.705619812, 16.4107093811, 24.3220043182, 13.0320034027, 12.1100244522, 12.0325689316, 8.7600736618, 7.58391237259, 6.01062393188, 4.49804401398, 3.0579264164, 2.4920334816, 2.70920395851, 2.5595369339, 2.66076588631, 2.11325740814, 3.32570624352, 5.77589082718, 1.33697295189, 1.72387969494, 0.639978408813, 0.0542174242437, 0.0118611194193, 0.0042493767105, 0.000733171124011, 6.09132621321e-05],
        "dmean2": [0.861941993237, 3.84191226959, 5.46920967102, 7.68116140366, 9.37010669708, 8.42908668518, 14.989397049, 31.7083015442, 19.8445415497, 18.3877887726, 23.3758792877, 28.6247997284, 18.1651515961, 34.5288124084, 43.2258872986, 26.2853145599, 38.9105262756, 20.705373764, 18.7327194214, 19.729888916, 14.1580581665, 12.3389930725, 9.64333057404, 7.09032964706, 4.75322055817, 3.7407989502, 4.30682563782, 4.11506843567, 4.30856895447, 3.45073866844, 5.56767463684, 9.84213542938, 2.20627641678, 2.95194792747, 1.10025012493, 0.0881665199995, 0.0198532640934, 0.00699234427884, 0.00133652077056, 0.000101691337477],
        "dvar": [2.83125209808, 40.9598236084, 72.9095077515, 124.001525879, 102.490257263, 83.2204666138, 520.757263184, 3845.62475586, 2200.31665039, 1171.70727539, 1335.81420898, 2023.66723633, 750.580810547, 2636.21264648, 4858.04003906, 2038.21618652, 2425.79321289, 1079.49719238, 737.607543945, 1236.56958008, 595.010742188, 396.091552734, 313.174987793, 150.221725464, 60.1990852356, 42.5459976196, 48.9449234009, 32.3105354309, 32.5105552673, 21.0097503662, 76.6324920654, 120.560050964, 6.52621603012, 14.9223117828, 2.16661715508, 0.025039371103, 0.0030015190132, 0.000626035849564, 0.00011390446889, 3.76758123366e-07],
        "dvar2": [4.59979867935, 92.5959854126, 170.173690796, 300.319610596, 275.742401123, 197.038085938, 1380.15002441, 10757.3212891, 5952.08105469, 2987.9934082, 3181.32104492, 4753.27392578, 1692.9354248, 6638.34863281, 10213.8134766, 4961.33984375, 6217.01367188, 2658.94458008, 1684.63110352, 3263.26220703, 1497.39038086, 972.136047363, 778.36138916, 370.10748291, 146.766738892, 98.6996383667, 124.783241272, 81.6642608643, 81.6844329834, 53.5883140564, 194.829849243, 305.341400146, 15.699930191, 39.0956230164, 5.70600605011, 0.0584533140063, 0.00670471414924, 0.00148788373917, 0.000331628165441, 1.10116536689e-06],
        "max": [18.3046798706, 75.5537872314, 113.182289124, 163.938415527, 255.479385376, 223.609375, 358.32623291, 1047.92199707, 953.693237305, 607.330200195, 635.058837891, 1003.24847412, 558.690979004, 750.840454102, 2441.71777344, 978.342712402, 737.464416504, 484.012634277, 457.222015381, 586.238891602, 254.14932251, 211.057449341, 264.514343262, 264.036071777, 168.343719482, 85.4385375977, 106.970726013, 75.5196456909, 69.4857330322, 54.0709342957, 93.7490081787, 93.8943939209, 22.6906261444, 32.1346969604, 13.9650068283, 4.77153491974, 1.84497869015, 0.908451378345, 0.34994700551, 0.0196160133928],
        "mean": [1.14172971249, 4.95920324326, 7.85450077057, 7.9292473793, 8.10527324677, 12.4971561432, 17.1947212219, 25.7890605927, 19.4622306824, 23.9059753418, 38.7844543457, 45.2750282288, 26.1072311401, 33.3711624146, 47.0203781128, 23.1291351318, 33.5796089172, 16.2020874023, 17.2264347076, 14.7771310806, 10.3086252213, 9.19371032715, 7.04112291336, 5.41410160065, 4.04664230347, 3.26041507721, 3.37058830261, 3.03497242928, 2.77848410606, 2.0587553978, 2.80233335495, 4.30863571167, 1.17555654049, 1.26218914986, 0.47236892581, 0.0528355240822, 0.0131949987262, 0.003874596674, 0.000517341599334, 8.62078159116e-05],
        "median": [0.0035211625509, 0.066310480237, 0.216656044126, 0.847447216511, 4.15311193466, 7.76375579834, 9.95952606201, 11.83253479, 5.11923360825, 6.56145811081, 13.4171848297, 15.2684774399, 8.90168476105, 8.38465690613, 9.1488494873, 7.72538661957, 12.5533237457, 4.42621040344, 4.82631158829, 4.49444007874, 2.27341032028, 2.15792894363, 1.5352973938, 1.04591345787, 0.803736269474, 0.593065023422, 0.503617107868, 0.376844316721, 0.271736741066, 0.198776781559, 0.182187289, 0.187969103456, 0.0698373019695, 0.0577346272767, 0.0236060470343, 0.00272476230748, 0.000370124413166, 7.3815775977e-05, 4.10121792811e-05, 2.54658098129e-05],
        "min": [2.57904555042e-22, 2.63824308638e-21, 4.45648765281e-21, 7.51220633058e-21, 2.29258179713e-20, 2.04561733173e-20, 5.56314181741e-20, 1.35576517985e-19, 1.87673929776e-19, 2.50312504779e-19, 3.77964981462e-19, 5.83248823923e-19, 1.0058885378e-18, 9.92428965065e-19, 1.44928453969e-18, 1.90794067971e-18, 2.28678050807e-18, 2.6880679503e-18, 3.80440629638e-18, 3.4030741864e-18, 4.375375986e-18, 5.53327788311e-18, 6.4884845478e-18, 5.61578749486e-18, 7.03075148375e-18, 1.10532596651e-17, 1.45489737374e-17, 1.41976453158e-17, 1.29929254096e-17, 1.20259363843e-17, 1.33535000561e-17, 1.11271715615e-17, 1.10200988215e-17, 9.33918427154e-18, 7.73036926532e-18, 4.20105139422e-18, 2.55689075363e-18, 1.14016507683e-18, 2.75023439905e-19, 3.05211422209e-20],
        "var": [5.91683959961, 82.8905029297, 203.914245605, 282.57208252, 151.986343384, 230.057327271, 618.33581543, 2974.52978516, 2089.95483398, 1890.11035156, 3681.28442383, 5963.65087891, 2298.25439453, 3927.33984375, 11435.5498047, 2667.58569336, 3190.37597656, 1246.57275391, 1094.80419922, 1056.54553223, 605.900512695, 450.82913208, 328.51461792, 187.755966187, 87.5176391602, 56.6812667847, 61.4435501099, 43.0223274231, 37.210521698, 21.1102466583, 62.9150543213, 95.5595092773, 6.56799983978, 11.0087966919, 1.58246088028, 0.0332874767482, 0.00550944870338, 0.000762101379223, 6.50696383673e-05, 2.15282682348e-07]
    },
    "gfcc": {
        "mean": [-71.2150344849, 112.225234985, -128.041107178, 6.11501741409, -69.6439208984, 11.6648321152, -39.7525558472, -1.03565311432, -20.6239852905, -6.13158035278, -7.43319320679, -8.13519287109, -1.66433632374],
        "cov": [[17542.203125, 1234.69970703, 2560.45776367, 1939.15478516, 376.360412598, 1308.00305176, -24.5355758667, 561.073791504, 162.085983276, 246.311889648, -98.1485061646, -7.75485801697, -67.7038192749], [1234.69970703, 4900.1796875, 1316.31835938, 119.577690125, 1315.11669922, -82.295715332, 762.003295898, -248.971481323, 417.22543335, -281.008880615, 277.457641602, -219.336654663, 288.772918701], [2560.45776367, 1316.31835938, 2809.55761719, 920.769836426, 411.952514648, 709.41583252, 258.063201904, 154.989868164, 100.042114258, 44.9627418518, 104.833724976, -18.1499404907, 92.2964782715], [1939.15478516, 119.577690125, 920.769836426, 967.06817627, 314.70916748, 353.729522705, 133.400848389, 140.070617676, 85.2857437134, 86.2208404541, -4.30250453949, 24.3348274231, -3.58171844482], [376.360412598, 1315.11669922, 411.952514648, 314.70916748, 832.880432129, 110.949333191, 420.176239014, 81.8142089844, 252.985198975, -8.25783538818, 114.28338623, -25.7234363556, 93.1070632935], [1308.00305176, -82.295715332, 709.41583252, 353.729522705, 110.949333191, 496.152069092, 115.501998901, 192.286026001, 77.5975723267, 85.1170959473, 38.2390670776, 29.1573791504, 10.0301866531], [-24.5355758667, 762.003295898, 258.063201904, 133.400848389, 420.176239014, 115.501998901, 444.737548828, 103.230888367, 191.138061523, 19.8181438446, 89.6999435425, 18.0941123962, 66.1743011475], [561.073791504, -248.971481323, 154.989868164, 140.070617676, 81.8142089844, 192.286026001, 103.230888367, 235.360900879, 100.68788147, 92.5821762085, 24.3151760101, 32.9470672607, -6.62358760834], [162.085983276, 417.22543335, 100.042114258, 85.2857437134, 252.985198975, 77.5975723267, 191.138061523, 100.68788147, 244.109970093, 61.9184379578, 80.2311935425, -4.59907722473, 30.0070648193], [246.311889648, -281.008880615, 44.9627418518, 86.2208404541, -8.25783538818, 85.1170959473, 19.8181438446, 92.5821762085, 61.9184379578, 146.6277771, 34.4184989929, 59.3414993286, -14.1986722946], [-98.1485061646, 277.457641602, 104.833724976, -4.30250453949, 114.28338623, 38.2390670776, 89.6999435425, 24.3151760101, 80.2311935425, 34.4184989929, 121.603218079, 23.5731964111, 44.339515686], [-7.75485801697, -219.336654663, -18.1499404907, 24.3348274231, -25.7234363556, 29.1573791504, 18.0941123962, 32.9470672607, -4.59907722473, 59.3414993286, 23.5731964111, 114.564796448, 24.3303775787], [-67.7038192749, 288.772918701, 92.2964782715, -3.58171844482, 93.1070632935, 10.0301866531, 66.1743011475, -6.62358760834, 30.0070648193, -14.1986722946, 44.339515686, 24.3303775787, 93.331741333]],
        "icov": [[0.000110163877252, -0.000179659342393, 7.26155703887e-05, -0.000199419126147, 0.000130552216433, -0.000247828982538, 0.000254977639997, -0.000323626794852, 9.71436384134e-05, -0.000138002302265, 0.000214681131183, -0.000133776440634, 0.000129626540001], [-0.000179659342393, 0.00120702234562, -0.000597592326812, 0.000647301378194, -0.00102922937367, 0.000854318670463, -0.000955661002081, 0.0017134968657, -0.000912873016205, 0.000936219352297, -0.000823885551654, 0.0011328747496, -0.000982972094789], [7.26155703887e-05, -0.000597592326812, 0.00106196850538, -0.000789418292698, 0.000531649857294, -0.00130236253608, 0.000310548843117, -0.000453038257547, 0.000773540465161, -0.000411447515944, -0.000117087234685, 1.42641929415e-05, -8.09611447039e-05], [-0.000199419126147, 0.000647301378194, -0.000789418292698, 0.00255347741768, -0.00148953206372, -1.04643704617e-05, -0.00024906307226, 0.00105707312468, -0.000452725478681, -0.000353919633199, 0.000860277039465, -8.72961827554e-05, 0.000175667795702], [0.000130552216433, -0.00102922937367, 0.000531649857294, -0.00148953206372, 0.00411642901599, -0.000233203230891, -0.00127036275808, -0.00134237704333, -0.000626902794465, 0.000207109740586, -0.000196793378564, -3.05944522552e-05, -0.000245203729719], [-0.000247828982538, 0.000854318670463, -0.00130236253608, -1.04643704617e-05, -0.000233203230891, 0.00571999698877, -0.00113150360994, -0.00177095283289, -0.000337201432558, 0.000463478412712, -0.00122376519721, 0.000735630106647, -0.000672528345603], [0.000254977639997, -0.000955661002081, 0.000310548843117, -0.00024906307226, -0.00127036275808, -0.00113150360994, 0.0062895170413, -0.0024408174213, -0.00121821672656, 0.000544172886293, 0.000468675716547, -0.00253085047007, 0.000492996652611], [-0.000323626794852, 0.0017134968657, -0.000453038257547, 0.00105707312468, -0.00134237704333, -0.00177095283289, -0.0024408174213, 0.0113732935861, -0.00328401825391, -0.00171018810943, 0.000261674489593, 0.0010503201047, -0.000583070330322], [9.71436384134e-05, -0.000912873016205, 0.000773540465161, -0.000452725478681, -0.000626902794465, -0.000337201432558, -0.00121821672656, -0.00328401825391, 0.0105355829, -0.00458485540003, -0.00237598503008, 0.0029120137915, -0.000310224917484], [-0.000138002302265, 0.000936219352297, -0.000411447515944, -0.000353919633199, 0.000207109740586, 0.000463478412712, 0.000544172886293, -0.00171018810943, -0.00458485540003, 0.0157079137862, -0.00398190226406, -0.00622538290918, 0.00401118164882], [0.000214681131183, -0.000823885551654, -0.000117087234685, 0.000860277039465, -0.000196793378564, -0.00122376519721, 0.000468675716547, 0.000261674489593, -0.00237598503008, -0.00398190226406, 0.0149602051824, -0.00200126273558, -0.00355959497392], [-0.000133776440634, 0.0011328747496, 1.42641929415e-05, -8.72961827554e-05, -3.05944522552e-05, 0.000735630106647, -0.00253085047007, 0.0010503201047, 0.0029120137915, -0.00622538290918, -0.00200126273558, 0.0160340256989, -0.00691166566685], [0.000129626540001, -0.000982972094789, -8.09611447039e-05, 0.000175667795702, -0.000245203729719, -0.000672528345603, 0.000492996652611, -0.000583070330322, -0.000310224917484, 0.00401118164882, -0.00355959497392, -0.00691166566685, 0.0180654525757]]
    },
    "melbands": {
        "dmean": [0.0045332768932, 0.00203915406018, 0.000772052502725, 0.000375229632482, 0.000308384944219, 0.000386455707485, 0.000177781577804, 0.000136540023959, 0.000132615852635, 0.000110667497211, 5.6843735365e-05, 8.40654029162e-05, 0.000116196591989, 4.50856823591e-05, 5.31048426637e-05, 4.38780443801e-05, 2.41807101702e-05, 1.92846018763e-05, 1.73977132363e-05, 1.52473703565e-05, 9.71230838331e-06, 8.36907202029e-06, 7.18042383596e-06, 4.44941861133e-06, 3.75259310204e-06, 2.66897291112e-06, 1.70940563748e-06, 1.67486859937e-06, 1.59832188729e-06, 1.95553593585e-06, 1.39373025831e-06, 1.53039741235e-06, 1.45800083828e-06, 1.05781771254e-06, 1.66033510141e-06, 3.00404212794e-06, 3.82325060855e-06, 9.64968762673e-07, 4.58824672478e-07, 2.02243472813e-06],
        "dmean2": [0.00642643636093, 0.00309651414864, 0.0013225619914, 0.000634926662315, 0.000494133273605, 0.000673609378282, 0.000288272945909, 0.000208581157494, 0.000199391608476, 0.00016611252795, 8.7213687948e-05, 0.000133434514282, 0.000174487533513, 7.17336588423e-05, 8.50321011967e-05, 7.11253960617e-05, 3.86328465538e-05, 3.00877982227e-05, 2.80577878584e-05, 2.54600690823e-05, 1.58662478498e-05, 1.38251571116e-05, 1.16058927233e-05, 7.25993049855e-06, 5.98593123868e-06, 4.27479153586e-06, 2.57488136413e-06, 2.56687599176e-06, 2.5064152851e-06, 3.23005383507e-06, 2.22742664846e-06, 2.47940965892e-06, 2.39897030951e-06, 1.73251271463e-06, 2.77470439869e-06, 5.08199855176e-06, 6.61545391267e-06, 1.59044225256e-06, 7.58001874601e-07, 3.50970276486e-06],
        "dvar": [0.000141245429404, 2.00528411369e-05, 3.04158425024e-06, 3.8503964106e-07, 4.85822795326e-07, 1.71329168097e-06, 4.76985519526e-07, 1.36824283459e-07, 9.13469975217e-08, 6.73474644941e-08, 1.76955481379e-08, 3.9129083973e-08, 7.35622123216e-08, 1.85415185427e-08, 1.47632475134e-08, 1.07956443784e-08, 3.6918426094e-09, 1.76342518365e-09, 2.93571744692e-09, 1.73549508098e-09, 7.86137377418e-10, 5.27839882913e-10, 3.60593832571e-10, 1.90351789886e-10, 1.11028103378e-10, 5.34295871435e-11, 1.60155465279e-11, 2.17776664757e-11, 1.8593453166e-11, 2.19154486225e-11, 9.73565499052e-12, 1.11799744809e-11, 9.94245137609e-12, 5.37865845612e-12, 2.38429224281e-11, 3.72851680086e-11, 5.72819187916e-11, 3.65747493056e-12, 1.04047347994e-12, 2.20412785246e-11],
        "dvar2": [0.000241342379013, 4.35353977082e-05, 7.46506339055e-06, 9.85634869721e-07, 1.26298027681e-06, 4.76664035887e-06, 1.28533895349e-06, 3.40150478451e-07, 2.19883702357e-07, 1.59510420872e-07, 3.97502297744e-08, 9.80420011842e-08, 1.60312410458e-07, 4.14650997982e-08, 3.81580917974e-08, 2.84156715935e-08, 9.02728469754e-09, 4.05796107827e-09, 7.69715846616e-09, 4.59197790903e-09, 1.99002303525e-09, 1.33938626856e-09, 8.58634385814e-10, 4.87580975594e-10, 2.78065737103e-10, 1.38157263407e-10, 3.31782275265e-11, 5.27924683136e-11, 4.69301819628e-11, 5.782927609e-11, 2.41548083618e-11, 2.83416450031e-11, 2.53224403252e-11, 1.38307516481e-11, 6.1774391158e-11, 9.30081359152e-11, 1.49103701608e-10, 8.97904754021e-12, 2.63029810606e-12, 5.8516649859e-11],
        "max": [0.127841860056, 0.0495816655457, 0.025749636814, 0.0127111915499, 0.0106772985309, 0.0222814120352, 0.0144652165473, 0.00642944173887, 0.00456501124427, 0.00550592411309, 0.00273338356055, 0.00293152686208, 0.00643075583503, 0.00336016900837, 0.00184012739919, 0.0017978772521, 0.000947140622884, 0.00068209960591, 0.00104478385765, 0.000602211570367, 0.000352700066287, 0.000224672839977, 0.000277624989394, 0.000236559935729, 0.000244880095124, 0.000170812607394, 9.13644544198e-05, 6.5412656113e-05, 6.56855190755e-05, 0.000100199671579, 4.27667837357e-05, 3.95433307858e-05, 3.59750883945e-05, 3.03757369693e-05, 5.18835731782e-05, 6.17228797637e-05, 6.64437829982e-05, 2.04831067094e-05, 1.52136926772e-05, 4.14306778111e-05],
        "mean": [0.00874196831137, 0.00493642268702, 0.00136679434218, 0.0007525026449, 0.000637977616861, 0.000568330346141, 0.0002769077837, 0.000288413779344, 0.000329989386955, 0.000252581347013, 0.000120487187814, 0.000126734361402, 0.000187240555533, 6.13140509813e-05, 7.16623253538e-05, 5.6764081819e-05, 2.80875738099e-05, 2.67431460088e-05, 2.1554515115e-05, 1.76833600563e-05, 1.11006947918e-05, 9.66562038229e-06, 8.69195264386e-06, 4.89257263325e-06, 4.337638984e-06, 3.3192909541e-06, 2.29478337133e-06, 2.09914333027e-06, 2.00584372578e-06, 2.13842827179e-06, 1.6564337102e-06, 1.61922002917e-06, 1.37635652209e-06, 1.02702108506e-06, 1.41882708249e-06, 2.3251420771e-06, 2.73241744253e-06, 8.4910715259e-07, 4.32271576756e-07, 1.41375994644e-06],
        "median": [4.47201673524e-05, 0.000118187468615, 0.000248575059231, 0.000468838610686, 0.00038965465501, 0.000261517765466, 6.31974689895e-05, 7.7087788668e-05, 0.000121091448818, 7.7592638263e-05, 3.57973476639e-05, 2.98068571283e-05, 2.39600412897e-05, 1.50861287693e-05, 2.66369679593e-05, 1.91825747606e-05, 5.31522073288e-06, 7.21905598766e-06, 6.53203551337e-06, 4.45273963123e-06, 1.95407551473e-06, 1.94880340132e-06, 2.07665743801e-06, 7.99351710157e-07, 7.62577883506e-07, 6.74457282912e-07, 3.98919610234e-07, 3.54302756023e-07, 2.96274748735e-07, 2.87480361294e-07, 1.854627385e-07, 1.55163178306e-07, 1.26848846094e-07, 8.83809292418e-08, 7.87736595953e-08, 1.09815026406e-07, 1.10494312366e-07, 4.71703387461e-08, 2.56402774568e-08, 5.22742524822e-08],
        "min": [4.27830626122e-24, 2.0919510467e-24, 1.78641890722e-24, 1.57723735124e-24, 2.2840305913e-24, 3.52694070369e-24, 3.78940261546e-24, 3.35896894557e-24, 2.94602728017e-24, 3.13278891619e-24, 4.05767922097e-24, 3.65861066067e-24, 4.28535670556e-24, 5.15891050643e-24, 5.71075302508e-24, 3.65643853217e-24, 3.87425170557e-24, 5.8228927582e-24, 4.38371069994e-24, 4.90404926948e-24, 4.57386956544e-24, 5.94110948131e-24, 6.67325049858e-24, 4.75114554351e-24, 4.6041850956e-24, 3.24290739046e-24, 6.48085324025e-24, 6.21218062657e-24, 7.23543222269e-24, 8.33770362125e-24, 7.4256455196e-24, 5.98825930318e-24, 7.81125887387e-24, 6.85256252664e-24, 6.49766426058e-24, 8.36531611951e-24, 5.70935319141e-24, 7.55997669884e-24, 6.931772839e-24, 7.4127295e-24],
        "var": [0.000308544869768, 6.0754671722e-05, 6.57927466818e-06, 8.5904326852e-07, 6.83953828684e-07, 1.37004678891e-06, 4.59769950112e-07, 2.71748291425e-07, 2.40184760969e-07, 1.97914715727e-07, 5.44742739805e-08, 6.28415151027e-08, 1.66326188378e-07, 2.85644414788e-08, 1.73563368122e-08, 1.16082841117e-08, 4.49707870942e-09, 2.59893373489e-09, 2.53681786688e-09, 1.55587420725e-09, 7.96469390441e-10, 5.51058476628e-10, 4.37213043547e-10, 1.838989655e-10, 1.36981412324e-10, 6.68528635228e-11, 2.99842928264e-11, 2.5401899334e-11, 2.34465918902e-11, 2.48458233154e-11, 1.35815421409e-11, 1.32644476999e-11, 9.7289771725e-12, 5.37558539349e-12, 1.9034310586e-11, 3.11837257405e-11, 4.22967043334e-11, 3.75983185558e-12, 9.97324727144e-13, 1.54964392013e-11]
    },
    "mfcc": {
        "mean": [-708.098205566, 141.676849365, -3.01842856407, -2.9530005455, -6.05779027939, -0.963565528393, -5.39346313477, -3.6187646389, -5.42158317566, -2.67306089401, -5.59914255142, -0.178427711129, -5.87788677216],
        "cov": [[11756.7490234, 541.216003418, 1410.57824707, 1013.79211426, 731.211608887, 646.653564453, 220.180984497, 365.4715271, 340.994567871, 395.953735352, 282.971069336, 174.409057617, 33.0470237732], [541.216003418, 4582.32617188, 540.350036621, 592.451416016, 513.808288574, 423.761535645, 385.52154541, 257.597137451, 237.846633911, 109.912742615, 58.2573738098, 14.3317337036, 126.927116394], [1410.57824707, 540.350036621, 2071.74658203, 489.044372559, 443.312927246, 462.079101562, 315.87411499, 209.777786255, 122.398460388, 113.642280579, 25.9367027283, 83.6608123779, -12.2809171677], [1013.79211426, 592.451416016, 489.044372559, 776.744140625, 377.67489624, 332.655578613, 204.022781372, 176.789749146, 165.83152771, 124.725318909, 107.737838745, 41.8380088806, 53.4091567993], [731.211608887, 513.808288574, 443.312927246, 377.67489624, 467.637542725, 269.802825928, 185.086013794, 164.938232422, 147.861373901, 136.107452393, 86.0242156982, 77.4240112305, 49.3704032898], [646.653564453, 423.761535645, 462.079101562, 332.655578613, 269.802825928, 359.258636475, 211.323806763, 180.056671143, 145.889907837, 107.055595398, 97.6891021729, 57.7932319641, 72.7295379639], [220.180984497, 385.52154541, 315.87411499, 204.022781372, 185.086013794, 211.323806763, 278.453948975, 182.862976074, 128.249313354, 99.6270751953, 64.2576980591, 43.3706741333, 62.2682113647], [365.4715271, 257.597137451, 209.777786255, 176.789749146, 164.938232422, 180.056671143, 182.862976074, 233.883132935, 163.668991089, 118.605422974, 100.250022888, 52.7298622131, 61.537322998], [340.994567871, 237.846633911, 122.398460388, 165.83152771, 147.861373901, 145.889907837, 128.249313354, 163.668991089, 195.558959961, 132.68939209, 104.242851257, 64.9139404297, 63.7141342163], [395.953735352, 109.912742615, 113.642280579, 124.725318909, 136.107452393, 107.055595398, 99.6270751953, 118.605422974, 132.68939209, 172.68699646, 113.376174927, 71.2814025879, 39.1281242371], [282.971069336, 58.2573738098, 25.9367027283, 107.737838745, 86.0242156982, 97.6891021729, 64.2576980591, 100.250022888, 104.242851257, 113.376174927, 158.718673706, 81.7677688599, 58.9074401855], [174.409057617, 14.3317337036, 83.6608123779, 41.8380088806, 77.4240112305, 57.7932319641, 43.3706741333, 52.7298622131, 64.9139404297, 71.2814025879, 81.7677688599, 131.34967041, 69.6229629517], [33.0470237732, 126.927116394, -12.2809171677, 53.4091567993, 49.3704032898, 72.7295379639, 62.2682113647, 61.537322998, 63.7141342163, 39.1281242371, 58.9074401855, 69.6229629517, 144.269744873]],
