{
"lowlevel": {
    "average_loudness": 0.968351900578,
    "barkbands_crest": {
        "dmean": 1.09432268143,
        "dmean2": 1.31229162216,
        "dvar": 1.07097935677,
        "dvar2": 2.2257771492,
        "max": 25.2282276154,
        "mean": 12.5072240829,
        "median": 11.9436721802,
        "min": 4.65866613388,
        "var": 12.3833713531
    },
    "barkbands_flatness_db": {
        "dmean": 0.0128811793402,
        "dmean2": 0.0161791983992,
        "dvar": 0.0001786598732,
        "dvar2": 0.000296133803204,
        "max": 0.563690721989,
        "mean": 0.282609283924,
        "median": 0.282250285149,
        "min": 0.0682114809752,
        "var": 0.00392298633233
    },
    "barkbands_kurtosis": {
        "dmean": 5.45628499985,
        "dmean2": 7.87428188324,
        "dvar": 48.1012306213,
        "dvar2": 104.115318298,
        "max": 181.75944519,
        "mean": 20.3338851929,
        "median": 14.3394470215,
        "min": -1.91494715214,
        "var": 381.152984619
    },
    "barkbands_skewness": {
        "dmean": 0.491956710815,
        "dmean2": 0.693050146103,
        "dvar": 0.235478699207,
        "dvar2": 0.50550287962,
        "max": 11.1449213028,
        "mean": 3.13137125969,
        "median": 2.94099760056,
        "min": -3.8090763092,
        "var": 2.97652387619
    },
    "barkbands_spread": {
        "dmean": 1.54681134224,
        "dmean2": 2.29631710052,
        "dvar": 11.5830335617,
        "dvar2": 23.0166378021,
        "max": 118.28314209,
        "mean": 6.83740711212,
        "median": 4.774518013,
        "min": 0.42115342617,
        "var": 61.191318512
    },
    "dissonance": {
        "dmean": 0.0245941244066,
        "dmean2": 0.0408561080694,
        "dvar": 0.000653729541227,
        "dvar2": 0.00187097187154,
        "max": 0.499966025352,
        "mean": 0.409532010555,
        "median": 0.415898382664,
        "min": 0.141955316067,
        "var": 0.00192149193026
    },
    "dynamic_complexity": 1.86532175541,
    "erbbands_crest": {
        "dmean": 2.44830870628,
        "dmean2": 3.6830239296,
        "dvar": 5.92908382416,
        "dvar2": 14.5899534225,
        "max": 33.262348175,
        "mean": 12.9640398026,
        "median": 11.805188179,
        "min": 2.79935836792,
        "var": 29.0034160614
    },
    "erbbands_flatness_db": {
        "dmean": 0.0124445836991,
        "dmean2": 0.0179861821234,
        "dvar": 0.000142356366268,
        "dvar2": 0.000316086487146,
        "max": 0.505032896996,
        "mean": 0.213881701231,
        "median": 0.200529813766,
        "min": 0.0549736097455,
        "var": 0.00357950618491
    },
    "erbbands_kurtosis": {
        "dmean": 1.6119068861,
        "dmean2": 2.46442389488,
        "dvar": 6.3341012001,
        "dvar2": 14.1318454742,
        "max": 58.5394630432,
        "mean": 2.7622718811,
        "median": 0.492431521416,
        "min": -1.91627585888,
        "var": 36.6143531799
    },
    "erbbands_skewness": {
        "dmean": 0.396687328815,
        "dmean2": 0.60860222578,
        "dvar": 0.147632002831,
        "dvar2": 0.352883249521,
        "max": 5.47684764862,
        "mean": 1.00221180916,
        "median": 0.887410104275,
        "min": -3.95984911919,
        "var": 1.4660820961
    },
    "erbbands_spread": {
        "dmean": 6.46180486679,
        "dmean2": 9.9129076004,
        "dvar": 57.5214080811,
        "dvar2": 131.893600464,
        "max": 166.116409302,
        "mean": 37.4641990662,
        "median": 34.948135376,
        "min": 1.58293557167,
        "var": 498.324645996
    },
    "hfc": {
        "dmean": 1.94648456573,
        "dmean2": 2.694460392,
        "dvar": 26.7407531738,
        "dvar2": 61.5807533264,
        "max": 177.58140564,
        "mean": 12.0465526581,
        "median": 10.5711975098,
        "min": 1.12641816223e-16,
        "var": 74.2174987793
    },
    "melbands_crest": {
        "dmean": 1.69033265114,
        "dmean2": 1.88353967667,
        "dvar": 3.40022397041,
        "dvar2": 5.98756742477,
        "max": 34.723739624,
        "mean": 19.2526092529,
        "median": 18.9170913696,
        "min": 2.02489900589,
        "var": 30.6136493683
    },
    "melbands_flatness_db": {
        "dmean": 0.0141851948574,
        "dmean2": 0.0175309702754,
        "dvar": 0.000233750601183,
        "dvar2": 0.000376951036742,
        "max": 0.643315315247,
        "mean": 0.396215468645,
        "median": 0.39552205801,
        "min": 0.0112671852112,
        "var": 0.00514847692102
    },
    "melbands_kurtosis": {
        "dmean": 12.3546380997,
        "dmean2": 17.7683601379,
        "dvar": 284.154876709,
        "dvar2": 605.78717041,
        "max": 475.751342773,
        "mean": 47.201965332,
        "median": 31.890417099,
        "min": -1.91112053394,
        "var": 2358.71166992
    },
    "melbands_skewness": {
        "dmean": 0.696008980274,
        "dmean2": 0.964077115059,
        "dvar": 0.494946599007,
        "dvar2": 1.01016938686,
        "max": 17.5668029785,
        "mean": 4.51649904251,
        "median": 4.24196338654,
        "min": -2.81729960442,
        "var": 6.08599567413
    },
    "melbands_spread": {
        "dmean": 1.39580488205,
        "dmean2": 2.02954339981,
        "dvar": 14.1455230713,
        "dvar2": 27.5179100037,
        "max": 168.097625732,
        "mean": 5.85683202744,
        "median": 3.77095317841,
        "min": 0.405014395714,
        "var": 70.1887664795
    },
    "pitch_salience": {
        "dmean": 0.0446607172489,
        "dmean2": 0.0521627217531,
        "dvar": 0.00172327342443,
        "dvar2": 0.00294140959159,
        "max": 0.87522226572,
        "mean": 0.465943962336,
        "median": 0.469324022532,
        "min": 0.094484873116,
        "var": 0.0159140788019
    },
    "silence_rate_20dB": {
        "dmean": 0,
        "dmean2": 0,
        "dvar": 0,
        "dvar2": 0,
        "max": 1,
        "mean": 1,
        "median": 1,
        "min": 1,
        "var": 0
    },
    "silence_rate_30dB": {
        "dmean": 0.0292504578829,
        "dmean2": 0.0585065446794,
        "dvar": 0.0283938236535,
        "dvar2": 0.066627189517,
        "max": 1,
        "mean": 0.965845704079,
        "median": 1,
        "min": 0,
        "var": 0.0329841189086
    },
    "silence_rate_60dB": {
        "dmean": 0.00115462334361,
        "dmean2": 0.00230946880765,
        "dvar": 0.00115291366819,
        "dvar2": 0.00249697640538,
        "max": 1,
        "mean": 0.0135655188933,
        "median": 0,
        "min": 0,
        "var": 0.0133805880323
    },
    "spectral_centroid": {
        "dmean": 75.8122711182,
        "dmean2": 111.363258362,
        "dvar": 23936.2558594,
        "dvar2": 42700.1640625,
        "max": 10770.3378906,
        "mean": 520.090454102,
        "median": 404.804992676,
        "min": 133.418487549,
        "var": 172465.71875
    },
    "spectral_complexity": {
        "dmean": 1.29202342033,
        "dmean2": 2.17590451241,
        "dvar": 1.36031401157,
        "dvar2": 3.46470808983,
        "max": 24,
        "mean": 9.38733863831,
        "median": 9,
        "min": 0,
        "var": 9.50951194763
    },
    "spectral_decrease": {
        "dmean": 1.8437812388e-09,
        "dmean2": 1.72215397498e-09,
        "dvar": 4.07289423397e-18,
        "dvar2": 4.63630349279e-18,
        "max": 7.47110956998e-30,
        "mean": -1.48051482185e-08,
        "median": -1.43524285789e-08,
        "min": -4.16500220979e-08,
        "var": 4.17900777536e-17
    },
    "spectral_energy": {
        "dmean": 0.00706754298881,
        "dmean2": 0.0066513363272,
        "dvar": 5.95611672907e-05,
        "dvar2": 6.88343425281e-05,
        "max": 0.158200576901,
        "mean": 0.0569705218077,
        "median": 0.0552983917296,
        "min": 1.01887503431e-20,
        "var": 0.000604647677392
    },
    "spectral_energyband_high": {
        "dmean": 9.40194440773e-05,
        "dmean2": 0.000142467761179,
        "dvar": 4.79007326248e-07,
        "dvar2": 1.07915877834e-06,
        "max": 0.0268868561834,
        "mean": 0.000235572675592,
        "median": 5.57424318686e-05,
        "min": 7.51397943746e-21,
        "var": 1.0395509662e-06
    },
    "spectral_energyband_low": {
        "dmean": 0.00572784943506,
        "dmean2": 0.00493064988405,
        "dvar": 5.34251594217e-05,
        "dvar2": 4.85916934849e-05,
        "max": 0.150957792997,
        "mean": 0.036732442677,
        "median": 0.032024294138,
        "min": 7.01332606824e-24,
        "var": 0.000593033328187
    },
    "spectral_energyband_middle_high": {
        "dmean": 0.000527359894477,
        "dmean2": 0.000859840540215,
        "dvar": 1.6925437194e-06,
        "dvar2": 3.93056643588e-06,
        "max": 0.0640553832054,
        "mean": 0.00207122741267,
        "median": 0.00101803953294,
        "min": 1.61134480403e-21,
        "var": 1.78641075763e-05
    },
    "spectral_energyband_middle_low": {
        "dmean": 0.00369370100088,
        "dmean2": 0.00380735425279,
        "dvar": 2.4635646696e-05,
        "dvar2": 3.78689110221e-05,
        "max": 0.101754397154,
        "mean": 0.019473509863,
        "median": 0.0135393245146,
        "min": 1.85210858542e-22,
        "var": 0.000292643904686
    },
    "spectral_entropy": {
        "dmean": 0.114134095609,
        "dmean2": 0.15036098659,
        "dvar": 0.0159598421305,
        "dvar2": 0.0345292724669,
        "max": 9.79195690155,
        "mean": 6.21200275421,
        "median": 6.21822452545,
        "min": 4.4053311348,
        "var": 0.289453923702
    },
    "spectral_flux": {
        "dmean": 0.0123825110495,
        "dmean2": 0.0197763536125,
        "dvar": 0.00021234495216,
        "dvar2": 0.000587802613154,
        "max": 0.254029244184,
        "mean": 0.0474317036569,
        "median": 0.0424414612353,
        "min": 1.0093934022e-10,
        "var": 0.000498282839544
    },
    "spectral_kurtosis": {
        "dmean": 4.8392496109,
        "dmean2": 8.55267906189,
        "dvar": 36.2155647278,
        "dvar2": 109.937789917,
        "max": 79.903717041,
        "mean": 13.5505685806,
        "median": 10.058423996,
        "min": -1.17573559284,
        "var": 127.727333069
    },
    "spectral_rms": {
        "dmean": 0.000463177799247,
        "dmean2": 0.000437960843556,
        "dvar": 2.31504813542e-07,
        "dvar2": 2.77839518503e-07,
        "max": 0.012423446402,
        "mean": 0.00724283000454,
        "median": 0.00734504265711,
        "min": 3.15281524846e-12,
        "var": 3.12245879286e-06
    },
    "spectral_rolloff": {
        "dmean": 71.6620178223,
        "dmean2": 120.77507782,
        "dvar": 152143.640625,
        "dvar2": 296291.25,
        "max": 18906.1523438,
        "mean": 368.734619141,
        "median": 215.33203125,
        "min": 64.599609375,
        "var": 543467.0625
    },
    "spectral_skewness": {
        "dmean": 0.394605070353,
        "dmean2": 0.685851514339,
        "dvar": 0.172847270966,
        "dvar2": 0.515104413033,
        "max": 6.9995265007,
        "mean": 2.69840335846,
        "median": 2.54735946655,
        "min": 0.0175939872861,
        "var": 1.03367567062
    },
    "spectral_spread": {
        "dmean": 372891.5,
        "dmean2": 626175.75,
        "dvar": 305499471872,
        "dvar2": 654831321088,
        "max": 39385376,
        "mean": 3342995.75,
        "median": 3194097.5,
        "min": 968097.25,
        "var": 1.7747214336e+12
    },
    "spectral_strongpeak": {
        "dmean": 0.229788929224,
        "dmean2": 0.366686016321,
        "dvar": 0.76175481081,
        "dvar2": 1.96244955063,
        "max": 31.0597991943,
        "mean": 0.914414048195,
        "median": 0.663120627403,
        "min": 0,
        "var": 1.71414077282
    },
    "zerocrossingrate": {
        "dmean": 0.00376455299556,
        "dmean2": 0.00454296078533,
        "dvar": 5.41644949408e-05,
        "dvar2": 6.28185152891e-05,
        "max": 0.5263671875,
        "mean": 0.0206606760621,
        "median": 0.015625,
        "min": 0.001953125,
        "var": 0.000439278868726
    },
    "barkbands": {
        "dmean": [8.81460873643e-05, 0.00371521152556, 0.00258274935186, 0.000761700386647, 0.00244097854011, 0.00116138148587, 0.000382669037208, 0.000119735806948, 7.63549542171e-05, 0.000342070299666, 4.22076227551e-05, 0.000136621834827, 5.9292462538e-05, 0.000109037020593, 0.000207378485356, 1.65016135725e-05, 2.39470318775e-05, 2.8140775612e-05, 1.34682686621e-05, 1.49411744133e-05, 2.25328203669e-05, 3.53205905412e-05, 1.98737561732e-05, 9.74056092673e-06, 9.34738545766e-06, 2.3762836463e-06, 1.08752101369e-06],
        "dmean2": [6.86067651259e-05, 0.00328087131493, 0.00226002465934, 0.000746805511881, 0.00223547196947, 0.00127784791403, 0.000584717316087, 0.000179305759957, 0.000112067973532, 0.000514469458722, 5.88634538872e-05, 0.000213285587961, 9.01692328625e-05, 0.000183255440788, 0.000365672894986, 2.61024124484e-05, 3.98657430196e-05, 4.82391187688e-05, 2.28646331379e-05, 2.3393844458e-05, 3.5838533222e-05, 5.30995348527e-05, 3.05510111502e-05, 1.51985905177e-05, 1.48393937707e-05, 3.83486940336e-06, 1.89158606645e-06],
        "dvar": [1.68120770638e-08, 1.85888602573e-05, 1.10777718874e-05, 7.51178788505e-07, 1.02799767774e-05, 5.92375499764e-06, 1.5038813217e-06, 4.14596641463e-08, 1.45604994728e-08, 1.0411687299e-06, 9.78017133946e-09, 6.63875482587e-07, 2.27068124303e-08, 1.15060352357e-07, 1.45612006008e-07, 1.0213028645e-08, 2.69429833999e-09, 2.07267962793e-08, 1.45668532792e-09, 1.18474030586e-08, 3.55158835674e-09, 1.50299982238e-07, 1.36781096671e-07, 8.29861690477e-09, 6.03614358496e-09, 3.24909987803e-10, 6.2856005123e-11],
        "dvar2": [1.58168251829e-08, 1.64597568073e-05, 1.0400111023e-05, 9.0316797241e-07, 1.12663010441e-05, 1.20089262055e-05, 3.42311341228e-06, 1.04670931478e-07, 3.11021608468e-08, 2.25529879572e-06, 1.74424599209e-08, 1.4204300669e-06, 5.1718544114e-08, 3.18197351135e-07, 4.4924689746e-07, 2.30942056589e-08, 7.09933312137e-09, 5.94395146436e-08, 3.68713237719e-09, 2.86182171294e-08, 8.74989147803e-09, 3.1665467759e-07, 3.3161063584e-07, 1.94761540229e-08, 1.45087160064e-08, 8.16960443739e-10, 1.77411307867e-10],
        "max": [0.0104769235477, 0.132051095366, 0.0613517276943, 0.0194459073246, 0.0820354223251, 0.0533258169889, 0.0418964400887, 0.00441741012037, 0.0035440584179, 0.0215146243572, 0.00348959770054, 0.0413121879101, 0.00378663418815, 0.00848044455051, 0.00416137650609, 0.00566961802542, 0.00198728009127, 0.00461490964517, 0.00164496933576, 0.00506109232083, 0.00264444272034, 0.0180350262672, 0.0188969634473, 0.00457881484181, 0.00282902340405, 0.000643896521069, 0.000297021091683],
        "mean": [0.000961407087743, 0.0218585859984, 0.0126443170011, 0.00296243652701, 0.01133821439, 0.00341466651298, 0.000849900650792, 0.000220074871322, 0.000140396063216, 0.000622094958089, 0.000109151544166, 0.000817267864477, 0.000162877957337, 0.000166469922988, 0.000308872316964, 3.27150773956e-05, 4.85834170831e-05, 4.29118663305e-05, 2.71254320978e-05, 3.0221814086e-05, 7.37792506698e-05, 7.93693470769e-05, 2.8238098821e-05, 1.65366927831e-05, 1.04570435724e-05, 3.07732557303e-06, 1.16910780434e-06],
        "median": [0.000437125301687, 0.0181178096682, 0.00953138805926, 0.00230641057715, 0.00678078364581, 0.00152883515693, 0.000197719258722, 0.000130454369355, 7.44041753933e-05, 0.000104975042632, 1.17636736832e-05, 6.79000804666e-05, 8.85888312041e-06, 9.53831022343e-06, 4.80423077533e-05, 1.34132978928e-05, 3.03497599816e-05, 7.14450470696e-06, 1.34409347083e-05, 6.86325802235e-06, 8.87959777174e-06, 3.61247998626e-06, 3.42512885254e-06, 2.09651852856e-06, 1.41206191984e-06, 4.39232564986e-07, 9.08980197778e-08],
        "min": [1.04806215905e-24, 1.22902892147e-24, 3.86060204533e-24, 3.44516580453e-24, 2.64867085567e-23, 6.59604215743e-23, 2.59117094206e-23, 3.30402115476e-23, 2.63154294993e-23, 8.62762341455e-23, 8.15661602506e-23, 8.32931219225e-23, 1.32730340655e-22, 1.88594365006e-22, 2.009154762e-22, 1.51686642964e-22, 1.42830738981e-22, 1.92615952658e-22, 1.82400872889e-22, 2.68463855844e-22, 3.42712731664e-22, 5.02115040127e-22, 5.37470952861e-22, 1.00378084606e-21, 1.40542620788e-21, 1.55743225747e-21, 2.28249625211e-21],
        "var": [1.76741480118e-06, 0.000271148659522, 0.000122321143863, 6.01538704359e-06, 0.000154567707796, 3.11109397444e-05, 4.01428360419e-06, 1.09308210483e-07, 4.15173637691e-08, 2.06125650948e-06, 6.02838454711e-08, 1.28328001665e-05, 1.38425463092e-07, 1.76553342612e-07, 2.47173346679e-07, 2.14804209975e-08, 5.76682168685e-09, 2.83915202459e-08, 2.11166129027e-09, 1.8699477522e-08, 3.01522327106e-08, 4.68854437941e-07, 1.61037561952e-07, 1.50038292901e-08, 5.97443694517e-09, 3.24295867937e-10, 4.52346875235e-11]
    },
    "erbbands": {
        "dmean": [0.0611891448498, 1.0317196846, 3.38597989082, 1.68936502934, 9.51958465576, 4.50563621521, 16.626329422, 4.57959747314, 5.67117881775, 5.91363096237, 2.65553283691, 2.42573881149, 13.4134979248, 1.56737852097, 1.70812821388, 6.79278516769, 3.39898586273, 5.89374780655, 12.2251281738, 2.30590724945, 1.02708661556, 1.04726862907, 0.773537635803, 1.30990636349, 0.836189210415, 0.785958170891, 0.733506858349, 0.920740187168, 1.40555298328, 0.668134212494, 0.856723845005, 0.327668100595, 0.123011030257, 0.118540868163, 0.0313738286495, 0.00762475747615, 0.0054593407549, 0.00176882720552, 0.00014177110279, 9.92672721623e-06],
        "dmean2": [0.0474872589111, 0.909327626228, 2.79302787781, 1.68847692013, 8.19859313965, 4.59351587296, 16.8396701813, 6.25987243652, 8.51314544678, 9.23068523407, 3.85332131386, 3.6119389534, 20.0356082916, 2.38722872734, 2.42535567284, 10.6106920242, 5.10266256332, 9.89830112457, 21.4880466461, 3.97771573067, 1.66990232468, 1.73179888725, 1.30339646339, 2.23823809624, 1.42384290695, 1.21007657051, 1.18135976791, 1.46931827068, 2.09684443474, 1.04459404945, 1.29219305515, 0.499806553125, 0.198134675622, 0.191989451647, 0.0508654303849, 0.0124464631081, 0.0087709678337, 0.00298721715808, 0.00024477270199, 1.1397205526e-05],
        "dvar": [0.0053715785034, 1.603754282, 22.9506206512, 2.39168596268, 195.639846802, 35.0754928589, 986.927368164, 218.960845947, 529.353759766, 279.93548584, 14.2612352371, 14.0691509247, 1615.125, 12.264330864, 22.6198005676, 1668.37280273, 72.9894790649, 284.486480713, 453.399780273, 28.4440784454, 6.58382606506, 8.09482860565, 8.32001686096, 41.927482605, 6.56333303452, 48.3939323425, 3.20644783974, 8.35635757446, 309.45993042, 18.6328678131, 285.329437256, 12.3163175583, 0.627680242062, 0.878811836243, 0.0297609996051, 0.00166878383607, 0.00289058382623, 0.000174780434463, 8.94556535513e-07, 3.12616738052e-10],
        "dvar2": [0.00343181751668, 1.41901135445, 20.9667263031, 2.97574210167, 179.141113281, 49.0010414124, 1613.03210449, 551.048828125, 1174.66650391, 727.487854004, 33.4251213074, 31.4532299042, 3445.66699219, 26.8449039459, 46.1376609802, 3557.63598633, 162.276641846, 791.318115234, 1393.04980469, 74.708190918, 15.3538732529, 22.0120201111, 23.8328018188, 119.744590759, 16.9909915924, 117.010299683, 7.86983823776, 21.9884262085, 655.037902832, 39.5812187195, 690.320068359, 29.038482666, 1.53289115429, 2.18135452271, 0.0674016028643, 0.00410172482952, 0.00733069563285, 0.000476548739243, 2.4863429644e-06, 7.52536422066e-10],
        "max": [6.43263721466, 23.8125190735, 85.6026992798, 49.4599075317, 369.659790039, 172.82762146, 790.171569824, 451.47277832, 848.053771973, 371.335662842, 86.7426376343, 89.7184371948, 864.496826172, 66.5006637573, 200.387664795, 2032.51281738, 208.679443359, 359.273895264, 225.756942749, 232.555801392, 128.903396606, 119.877960205, 86.7624511719, 210.100357056, 114.951271057, 333.53894043, 61.9076499939, 112.074050903, 813.4765625, 194.950927734, 872.723327637, 168.338134766, 25.5459957123, 30.2527256012, 5.45534181595, 1.36347424984, 2.19066810608, 0.518578410149, 0.0240706671029, 0.000499010551721],
        "mean": [0.625946581364, 4.7753443718, 17.276517868, 9.14335918427, 37.6764640808, 21.4906578064, 45.5133705139, 12.6541500092, 10.6475372314, 13.5196857452, 5.02758073807, 4.74453878403, 24.4450359344, 3.93547558784, 7.01914262772, 41.4677391052, 11.2307329178, 10.0921096802, 18.642665863, 3.9621629715, 2.2508559227, 2.23043012619, 1.61298966408, 2.01425337791, 1.69756138325, 1.59919857979, 2.23227548599, 2.93021965027, 3.3271150589, 1.43028438091, 1.16813790798, 0.52965593338, 0.168692573905, 0.132464036345, 0.0427299179137, 0.0118415886536, 0.00621839240193, 0.00211906409822, 0.000175626104465, 6.58824646962e-05],
        "median": [0.327982187271, 3.96435213089, 12.932141304, 8.48812770844, 17.661989212, 13.5178890228, 23.0413551331, 5.11871623993, 3.16856455803, 2.68283176422, 3.20823431015, 2.90203905106, 4.42683410645, 1.5556448698, 1.05142354965, 3.50703668594, 0.878441691399, 1.42539405823, 5.36132049561, 1.54996538162, 1.52541160583, 1.38607609272, 0.452912092209, 0.457174122334, 0.768200278282, 0.416960954666, 0.400867342949, 0.36437985301, 0.147117525339, 0.246995836496, 0.100183084607, 0.0436826348305, 0.0347072482109, 0.021504689008, 0.00496954238042, 0.00246888399124, 0.000598477723543, 0.00015774340136, 4.63197357021e-05, 6.34517273284e-05],
        "min": [3.62114734074e-23, 3.9786940653e-22, 3.04652295775e-21, 8.35063789194e-21, 2.97474213866e-20, 1.38819363254e-19, 2.17017476998e-19, 6.08754886412e-19, 4.23445775534e-19, 4.90368280155e-19, 7.69126130333e-19, 5.40124021181e-19, 9.69282900562e-19, 3.80604990426e-18, 3.43469399249e-18, 4.54774843154e-18, 5.87549077433e-18, 9.62789842946e-18, 1.06252449833e-17, 8.83104804843e-18, 8.04800165746e-18, 8.23975618552e-18, 9.94271509879e-18, 8.60945546131e-18, 1.16573678644e-17, 1.46148950691e-17, 1.36552671241e-17, 1.50273984601e-17, 1.65568190167e-17, 1.51895440581e-17, 1.63931001212e-17, 1.98692191119e-17, 1.6871713441e-17, 1.42956562922e-17, 1.07138467802e-17, 4.92150792337e-18, 3.0000016884e-18, 1.3527529758e-18, 3.46035603023e-19, 3.02598145397e-20],
        "var": [0.618472456932, 12.726275444, 233.427078247, 27.7016544342, 2564.47900391, 443.246673584, 4842.20605469, 768.77142334, 1171.78808594, 814.340881348, 36.2497673035, 35.1028671265, 3286.78515625, 34.8716430664, 266.226928711, 32966.9960938, 508.043914795, 492.438873291, 770.17791748, 55.5561637878, 15.9050559998, 11.6768960953, 16.9713764191, 56.901260376, 9.09198570251, 71.4161834717, 20.921628952, 57.9825744629, 961.022033691, 54.397026062, 336.073516846, 21.2937088013, 0.668105959892, 0.81962954998, 0.0428307950497, 0.00210672616959, 0.00261029787362, 0.00014410901349, 6.57460532238e-07, 9.02213137532e-10]
    },
    "gfcc": {
        "mean": [-61.8648681641, 151.747360229, -74.6130905151, 41.1226730347, -31.895488739, 11.0184087753, -26.3303222656, -6.538189888, -17.1907787323, -3.35081505775, -11.5204124451, -9.52367687225, -1.35935485363],
        "cov": [[4155.77148438, 144.757583618, 46.3695983887, 518.291015625, -172.235855103, 390.532440186, -7.00963926315, -173.399612427, -19.7226028442, 112.541854858, -119.219665527, 80.6822433472, -149.006637573], [144.757583618, 1646.83288574, 37.0058822632, -73.1181564331, 495.685852051, -482.43057251, -196.530517578, -166.060241699, 110.009849548, -92.3395767212, 205.401565552, -128.309432983, 88.7205734253], [46.3695983887, 37.0058822632, 864.574157715, 145.019546509, 39.6234550476, -73.4374084473, -229.540100098, 154.440582275, 5.16491985321, 44.6284294128, -7.83131980896, -84.6409454346, 12.9375524521], [518.291015625, -73.1181564331, 145.019546509, 485.734436035, -43.8974113464, -58.8639526367, 11.4941158295, -100.258041382, 117.724571228, 81.2557449341, -78.5470428467, -54.7373771667, 15.3804798126], [-172.235855103, 495.685852051, 39.6234550476, -43.8974113464, 703.529602051, -163.370651245, -248.982589722, 42.5225448608, -8.70552349091, 9.41351127625, 28.5276966095, -178.046127319, 35.7886505127], [390.532440186, -482.43057251, -73.4374084473, -58.8639526367, -163.370651245, 542.974609375, 162.497817993, -41.8538665771, -109.43560791, 21.8167877197, -24.399646759, 80.2201004028, -77.3701553345], [-7.00963926315, -196.530517578, -229.540100098, 11.4941158295, -248.982589722, 162.497817993, 395.309020996, -92.0929718018, -9.99639987946, 3.37438774109, -50.5501823425, 114.336624146, -18.5736789703], [-173.399612427, -166.060241699, 154.440582275, -100.258041382, 42.5225448608, -41.8538665771, -92.0929718018, 337.280822754, 3.78557467461, -37.6986236572, -8.4358253479, -57.1418914795, -11.1798019409], [-19.7226028442, 110.009849548, 5.16491985321, 117.724571228, -8.70552349091, -109.43560791, -9.99639987946, 3.78557467461, 174.353607178, 24.0648498535, 9.83148574829, -42.0296783447, -1.35959255695], [112.541854858, -92.3395767212, 44.6284294128, 81.2557449341, 9.41351127625, 21.8167877197, 3.37438774109, -37.6986236572, 24.0648498535, 165.205810547, -15.2236919403, -32.3413391113, 12.6139411926], [-119.219665527, 205.401565552, -7.83131980896, -78.5470428467, 28.5276966095, -24.399646759, -50.5501823425, -8.4358253479, 9.83148574829, -15.2236919403, 147.439727783, 29.0843143463, -5.49231290817], [80.6822433472, -128.309432983, -84.6409454346, -54.7373771667, -178.046127319, 80.2201004028, 114.336624146, -57.1418914795, -42.0296783447, -32.3413391113, 29.0843143463, 204.903778076, -33.9859313965], [-149.006637573, 88.7205734253, 12.9375524521, 15.3804798126, 35.7886505127, -77.3701553345, -18.5736789703, -11.1798019409, -1.35959255695, 12.6139411926, -5.49231290817, -33.9859313965, 115.911682129]],
        "icov": [[0.00055526162032, -0.000787414202932, 0.000360150210327, -0.00100949534681, 0.00046751750051, -0.000903355132323, 0.000755254470278, -0.000687573978212, 0.000612458097748, -0.000678527518176, 0.00106026115827, -0.000711666769348, 0.000640221580397], [-0.000787414202932, 0.00295402738266, -0.00100335560273, 0.00201441044919, -0.00166295818053, 0.00247745960951, -0.00176388944965, 0.002608389128, -0.00162789609749, 0.00224042031914, -0.00353592867032, 0.00190890557133, -0.00116327393334], [0.000360150210327, -0.00100335560273, 0.00207232148387, -0.00160713470541, 0.000860081869178, -0.000907730078325, 0.0016528138658, -0.00171966012567, 0.00125550210942, -0.00117847102229, 0.00103271054104, -0.000644017360173, 0.000443513126811], [-0.00100949534681, 0.00201441044919, -0.00160713470541, 0.00569920474663, -0.00100066058803, 0.00206469581462, -0.00162482366432, 0.0032576250378, -0.00375568191521, 0.000970945227891, -0.000580546678975, 0.0019054536242, -0.00129400298465], [0.00046751750051, -0.00166295818053, 0.000860081869178, -0.00100066058803, 0.00322781992145, -0.00103548204061, 0.0020030811429, -0.00125528068747, 0.00166162406094, -0.00139215216041, 0.00167953048367, 0.00062990229344, 0.000858008046634], [-0.000903355132323, 0.00247745960951, -0.000907730078325, 0.00206469581462, -0.00103548204061, 0.00511161005124, -0.00256451405585, 0.00227249157615, 0.000445700919954, 0.00118911301252, -0.00312574789859, 0.00207746168599, 0.000646542175673], [0.000755254470278, -0.00176388944965, 0.0016528138658, -0.00162482366432, 0.0020030811429, -0.00256451405585, 0.00604513240978, -0.00117797986604, 0.000454824534245, -0.00159750855528, 0.00384541600943, -0.00274308188818, 0.000434020388639], [-0.000687573978212, 0.002608389128, -0.00171966012567, 0.0032576250378, -0.00125528068747, 0.00227249157615, -0.00117797986604, 0.00650748889893, -0.00232613924891, 0.00278506334871, -0.00207211938687, 0.00274569634348, -0.000400861812523], [0.000612458097748, -0.00162789609749, 0.00125550210942, -0.00375568191521, 0.00166162406094, 0.000445700919954, 0.000454824534245, -0.00232613924891, 0.0103141330183, -0.00207396713085, -0.000377396703698, 0.000897469290067, 0.00261647813022], [-0.000678527518176, 0.00224042031914, -0.00117847102229, 0.000970945227891, -0.00139215216041, 0.00118911301252, -0.00159750855528, 0.00278506334871, -0.00207396713085, 0.00887905526906, -0.00263976911083, 0.00249915686436, -0.00173110666219], [0.00106026115827, -0.00353592867032, 0.00103271054104, -0.000580546678975, 0.00167953048367, -0.00312574789859, 0.00384541600943, -0.00207211938687, -0.000377396703698, -0.00263976911083, 0.0133734419942, -0.00455693108961, 0.0014229642693], [-0.000711666769348, 0.00190890557133, -0.000644017360173, 0.0019054536242, 0.00062990229344, 0.00207746168599, -0.00274308188818, 0.00274569634348, 0.000897469290067, 0.00249915686436, -0.00455693108961, 0.0100067434832, 0.000917221826967], [0.000640221580397, -0.00116327393334, 0.000443513126811, -0.00129400298465, 0.000858008046634, 0.000646542175673, 0.000434020388639, -0.000400861812523, 0.00261647813022, -0.00173110666219, 0.0014229642693, 0.000917221826967, 0.0112158264965]]
    },
    "melbands": {
        "dmean": [0.000758967013098, 0.0016258925898, 0.000509803823661, 0.000539297878277, 0.000474565458717, 0.000129280335386, 8.52190350997e-05, 5.38350141142e-05, 1.91142589756e-05, 1.67359048646e-05, 6.63875907776e-05, 4.63511469206e-06, 6.24283165962e-06, 1.61430089065e-05, 8.49126627145e-06, 6.33867057331e-06, 1.2778295968e-05, 1.76042212843e-05, 1.06337583929e-05, 1.08950371214e-06, 1.37637221087e-06, 1.24397422496e-06, 7.73362557993e-07, 1.25889084757e-06, 1.08836434265e-06, 5.78584604227e-07, 4.15861023839e-07, 6.22488357749e-07, 3.82634112839e-07, 7.70552105678e-07, 3.81077171596e-07, 5.60972353014e-07, 1.02293040527e-06, 1.71318745856e-07, 5.48269383671e-07, 3.10219121502e-07, 1.40956359473e-07, 5.18166416441e-08, 1.73985924334e-07, 7.5132916777e-08],
        "dmean2": [0.000664279796183, 0.00135893153492, 0.000481673632748, 0.000479016249301, 0.000484104879433, 0.000167054691701, 0.000129524065414, 8.40379943838e-05, 2.75887687167e-05, 2.46757372224e-05, 9.93088397081e-05, 7.20672096577e-06, 8.65758738655e-06, 2.51531000686e-05, 1.31411607072e-05, 9.70784367382e-06, 2.14701140067e-05, 3.08855669573e-05, 1.86872439372e-05, 1.69084933077e-06, 2.27219379667e-06, 2.07939319807e-06, 1.26481245388e-06, 2.15955901695e-06, 1.85883629911e-06, 9.95324739961e-07, 6.78651872477e-07, 9.56666781349e-07, 6.43019632207e-07, 1.19530579923e-06, 6.20293178599e-07, 8.37891718675e-07, 1.52892880578e-06, 2.95466691114e-07, 8.25034646823e-07, 4.75040252468e-07, 2.18754067305e-07, 8.73237269161e-08, 2.76629094742e-07, 1.24237288901e-07],
        "dvar": [6.22545428541e-07, 5.23996322954e-06, 3.60333473282e-07, 5.3643850606e-07, 7.69807229517e-07, 1.44867883023e-07, 1.02893636722e-07, 2.23180922632e-08, 7.51697426526e-10, 8.08099642757e-10, 3.94866788156e-08, 8.67213523215e-11, 2.21593091099e-10, 9.03671271146e-09, 1.79193859751e-09, 2.58498972228e-10, 1.50417156508e-09, 8.93186524742e-10, 3.81288473017e-10, 1.09403514026e-10, 4.49000992636e-12, 8.59369866935e-12, 5.56830016124e-12, 4.52909064419e-11, 2.89912590462e-11, 1.53431770327e-12, 8.10968219661e-12, 2.51956303043e-11, 1.04555166608e-12, 4.56606974453e-12, 1.66055765059e-12, 5.21842499768e-11, 1.27015425955e-10, 2.38526510826e-13, 1.24514551447e-10, 1.45575461408e-11, 2.91080701209e-12, 5.35225787573e-14, 3.61336069572e-12, 3.75172440857e-13],
        "dvar2": [5.20086302913e-07, 4.72708188681e-06, 3.77989749722e-07, 4.83918711325e-07, 1.27300097574e-06, 3.52265459469e-07, 2.35293128981e-07, 5.82110430969e-08, 1.70510561226e-09, 1.69072600364e-09, 8.44731928851e-08, 2.00676503193e-10, 3.93950788657e-10, 1.9263886486e-08, 3.86026588473e-09, 5.94410243249e-10, 4.18799439572e-09, 2.71670241858e-09, 1.17594367577e-09, 2.43841058456e-10, 1.04687924996e-11, 2.33832172375e-11, 1.56180363781e-11, 1.3057148418e-10, 8.26423304789e-11, 4.1935075204e-12, 1.98036274879e-11, 6.01360142238e-11, 3.00811328971e-12, 1.00605287989e-11, 4.40393077908e-12, 1.1058694932e-10, 2.67239369522e-10, 6.77369672939e-13, 2.9808466806e-10, 3.58326215921e-11, 6.83705782961e-12, 1.37006454359e-13, 8.79687555438e-12, 9.73376977978e-13],
        "max": [0.0442302376032, 0.0410576201975, 0.0156221203506, 0.0199580006301, 0.0224611572921, 0.012052109465, 0.0117572490126, 0.00315813953057, 0.000611492665485, 0.00064871046925, 0.004254267551, 0.000199620975764, 0.000525387469679, 0.00483128428459, 0.00211510527879, 0.000408159772633, 0.00083156657638, 0.000356032745913, 0.000228538963711, 0.000590700015891, 0.000101585108496, 0.000125278500491, 6.38921846985e-05, 0.000210342986975, 0.000173934968188, 4.60281553387e-05, 0.000117585535918, 0.000220826477744, 3.98787997256e-05, 9.89113468677e-05, 4.49918152299e-05, 0.000337054108968, 0.000516949745361, 1.88155208889e-05, 0.000583880930208, 0.000166543555679, 8.80226361915e-05, 9.00521899894e-06, 6.86452549417e-05, 2.44706243393e-05],
        "mean": [0.00540960114449, 0.00817032065243, 0.0025294800289, 0.00226816977374, 0.00135183497332, 0.000364606414223, 0.000171165404026, 0.000122685320093, 3.2329448004e-05, 3.07151167362e-05, 0.000120602249808, 1.2430865354e-05, 1.63005206559e-05, 9.55552313826e-05, 4.89656049467e-05, 1.76516678039e-05, 1.93439500435e-05, 2.68483290711e-05, 1.57926642714e-05, 2.23797496801e-06, 2.73111595561e-06, 2.44357170232e-06, 1.63881031767e-06, 1.95360553334e-06, 1.56367730142e-06, 1.1674524103e-06, 7.91887885043e-07, 1.21172718082e-06, 9.30478165628e-07, 2.59802004621e-06, 1.09815493943e-06, 1.31449371565e-06, 2.25226403927e-06, 3.61537729532e-07, 7.56287590775e-07, 4.22950563461e-07, 2.34564112134e-07, 8.31749531471e-08, 1.74277133169e-07, 8.77069012972e-08],
        "median": [0.0039446214214, 0.00625626882538, 0.00203202990815, 0.00122001254931, 0.000736934016459, 0.000152050095494, 4.80043236166e-05, 2.76838691207e-05, 1.95454140339e-05, 1.59148767125e-05, 2.04406314879e-05, 5.29390581505e-06, 1.80849588105e-06, 7.77219247539e-06, 4.98875624544e-06, 9.17731426853e-07, 9.42125154779e-07, 8.16144984128e-06, 2.7827913982e-06, 8.05778768154e-07, 1.95133839043e-06, 1.61696016221e-06, 3.10937821268e-07, 3.68766166048e-07, 2.23039393177e-07, 4.53709162684e-07, 4.03316164466e-07, 1.91376045677e-07, 9.72641203134e-08, 2.89112904284e-07, 1.06458429627e-07, 3.20214823546e-08, 4.34587121845e-08, 1.03138738439e-07, 4.1749558477e-08, 1.98757348358e-08, 1.90317983595e-08, 2.05388701602e-08, 2.14160067458e-08, 1.5548430099e-08],
        "min": [5.41609217774e-25, 1.23399805492e-24, 2.06420661145e-24, 5.52718154256e-24, 7.5602338675e-24, 1.348918858e-23, 6.54704695324e-24, 5.99312815269e-24, 5.97760928653e-24, 3.41285800616e-24, 5.20793821169e-24, 1.57469574001e-23, 1.28482580271e-23, 7.93212261974e-24, 1.71943388786e-23, 1.08063815041e-23, 1.86773689814e-23, 1.7110711734e-23, 1.18960997591e-23, 1.25100410138e-23, 8.04803310799e-24, 7.89736304168e-24, 1.04840797595e-23, 7.66887026934e-24, 6.80167389851e-24, 6.51027183556e-24, 1.05213471264e-23, 8.9249537672e-24, 7.18873481254e-24, 9.43426997774e-24, 8.62368384319e-24, 1.0006001652e-23, 8.94392587197e-24, 7.79730471332e-24, 8.53969224489e-24, 1.25010834982e-23, 1.09446443661e-23, 1.16664276397e-23, 1.05249971858e-23, 1.36494740719e-23],
        "var": [2.63760448433e-05, 4.72249012091e-05, 3.87781119571e-06, 7.84492658568e-06, 3.78186564376e-06, 5.37454411642e-07, 2.3678799721e-07, 6.43620907681e-08, 1.61995405978e-09, 2.1448509635e-09, 8.0123570001e-08, 3.16300180492e-10, 1.36022715314e-09, 1.70461845528e-07, 3.54532154745e-08, 1.59729351967e-09, 2.32884200813e-09, 1.53107615475e-09, 6.38086805616e-10, 2.35217706424e-10, 1.50372804486e-11, 1.28367099936e-11, 1.43600704244e-11, 6.10949138502e-11, 3.92562475582e-11, 2.8422897716e-12, 1.10240766169e-11, 4.04970709744e-11, 3.92686144018e-12, 4.38128457125e-11, 1.03483306993e-11, 1.61534827181e-10, 3.96167626482e-10, 3.36338324813e-13, 1.58487112323e-10, 1.61430244172e-11, 5.25046455965e-12, 1.03460276912e-13, 3.26394618798e-12, 3.57348780558e-13]
    },
    "mfcc": {
        "mean": [-725.965576172, 181.483566284, 29.3782749176, 42.0043144226, 21.5992107391, 18.3736686707, 6.84570026398, 0.269537508488, 2.86899995804, 4.02911996841, -4.75948476791, -4.91245985031, -0.873265504837],
        "cov": [[3025.31689453, -107.856643677, -22.0903396606, 74.2527999878, -236.62852478, 606.637268066, -43.4468002319, 21.2508125305, -57.3066711426, -144.000854492, 263.025115967, 159.771057129, -147.527328491], [-107.856643677, 1503.24108887, -140.054428101, 220.200897217, 439.647827148, -243.656021118, -96.5581512451, -127.81893158, -156.717086792, 20.3993263245, -110.498764038, -69.6457138062, 260.589996338], [-22.0903396606, -140.054428101, 670.306396484, 68.9054031372, 11.8178262711, -91.1123275757, -9.35225582123, -81.5165405273, 79.2141342163, 25.4226036072, -33.4283218384, 134.11289978, 5.78374576569], [74.2527999878, 220.200897217, 68.9054031372, 487.739593506, 116.734390259, -83.7016830444, -128.680145264, -155.642684937, 74.2711868286, 70.0809860229, -29.0691356659, -37.9645118713, 41.3665466309], [-236.62852478, 439.647827148, 11.8178262711, 116.734390259, 720.708679199, -234.732345581, -21.9140415192, -110.511543274, -57.4133491516, 194.667449951, -57.3717002869, -168.261276245, 94.9812088013], [606.637268066, -243.656021118, -91.1123275757, -83.7016830444, -234.732345581, 541.444580078, 74.651725769, -6.85958385468, -8.24322795868, -119.563613892, 79.0987472534, 76.0449447632, -38.9191207886], [-43.4468002319, -96.5581512451, -9.35225582123, -128.680145264, -21.9140415192, 74.651725769, 200.086425781, 27.3993797302, 44.1082572937, -9.33876800537, -12.0146894455, -0.700799524784, -4.45996236801], [21.2508125305, -127.81893158, -81.5165405273, -155.642684937, -110.511543274, -6.85958385468, 27.3993797302, 293.092651367, -49.3468437195, -48.2174377441, 63.7409210205, -7.7183637619, -84.0295562744], [-57.3066711426, -156.717086792, 79.2141342163, 74.2711868286, -57.4133491516, -8.24322795868, 44.1082572937, -49.3468437195, 194.651702881, 51.6655197144, -1.46881270409, -12.6643447876, -31.3392543793], [-144.000854492, 20.3993263245, 25.4226036072, 70.0809860229, 194.667449951, -119.563613892, -9.33876800537, -48.2174377441, 51.6655197144, 285.814819336, -29.8153381348, -121.409805298, 29.220872879], [263.025115967, -110.498764038, -33.4283218384, -29.0691356659, -57.3717002869, 79.0987472534, -12.0146894455, 63.7409210205, -1.46881270409, -29.8153381348, 206.151565552, 29.4686870575, -59.4937095642], [159.771057129, -69.6457138062, 134.11289978, -37.9645118713, -168.261276245, 76.0449447632, -0.700799524784, -7.7183637619, -12.6643447876, -121.409805298, 29.4686870575, 234.433578491, 6.49735450745], [-147.527328491, 260.589996338, 5.78374576569, 41.3665466309, 94.9812088013, -38.9191207886, -4.45996236801, -84.0295562744, -31.3392543793, 29.220872879, -59.4937095642, 6.49735450745, 173.661483765]],
