{
"lowlevel": {
    "average_loudness": 0.665816605091,
    "barkbands_crest": {
        "dmean": 2.5671787262,
        "dmean2": 4.15705442429,
        "dvar": 4.64922618866,
        "dvar2": 11.9795427322,
        "max": 24.5505104065,
        "mean": 12.1887102127,
        "median": 11.8958244324,
        "min": 3.36827325821,
        "var": 15.0001630783
    },
    "barkbands_flatness_db": {
        "dmean": 0.0270347483456,
        "dmean2": 0.0420243926346,
        "dvar": 0.000545434595551,
        "dvar2": 0.00137613376137,
        "max": 0.621293604374,
        "mean": 0.340782284737,
        "median": 0.345086306334,
        "min": 0.0647541955113,
        "var": 0.00772578734905
    },
    "barkbands_kurtosis": {
        "dmean": 4.13435554504,
        "dmean2": 6.82292509079,
        "dvar": 42.5561332703,
        "dvar2": 107.901039124,
        "max": 178.496749878,
        "mean": 5.70862483978,
        "median": 1.71464109421,
        "min": -1.94353628159,
        "var": 112.111282349
    },
    "barkbands_skewness": {
        "dmean": 0.748981356621,
        "dmean2": 1.1959695816,
        "dvar": 0.427475512028,
        "dvar2": 1.10910391808,
        "max": 10.1197319031,
        "mean": 1.52461409569,
        "median": 1.3812122345,
        "min": -4.33214473724,
        "var": 2.06469798088
    },
    "barkbands_spread": {
        "dmean": 2.36406087875,
        "dmean2": 3.90025949478,
        "dvar": 7.32626771927,
        "dvar2": 19.5755786896,
        "max": 67.431388855,
        "mean": 9.06606864929,
        "median": 9.09028625488,
        "min": 0.199888169765,
        "var": 38.1484336853
    },
    "dissonance": {
        "dmean": 0.0559618324041,
        "dmean2": 0.0978560224175,
        "dvar": 0.00263560237363,
        "dvar2": 0.00747971236706,
        "max": 0.500000059605,
        "mean": 0.415019601583,
        "median": 0.428641796112,
        "min": 0.114660620689,
        "var": 0.00398587202653
    },
    "dynamic_complexity": 3.70839309692,
    "erbbands_crest": {
        "dmean": 3.89681982994,
        "dmean2": 6.65385246277,
        "dvar": 10.9365720749,
        "dvar2": 30.7780303955,
        "max": 33.3353118896,
        "mean": 15.2091226578,
        "median": 13.7911176682,
        "min": 2.31092190742,
        "var": 46.4630126953
    },
    "erbbands_flatness_db": {
        "dmean": 0.0256544537842,
        "dmean2": 0.0426605120301,
        "dvar": 0.000544790469576,
        "dvar2": 0.00146844796836,
        "max": 0.552707493305,
        "mean": 0.298853069544,
        "median": 0.295352041721,
        "min": 0.0292127542198,
        "var": 0.00625491794199
    },
    "erbbands_kurtosis": {
        "dmean": 3.5190050602,
        "dmean2": 5.98062181473,
        "dvar": 28.5706882477,
        "dvar2": 79.1551513672,
        "max": 100.212867737,
        "mean": 4.98821926117,
        "median": 2.66199064255,
        "min": -1.66543233395,
        "var": 57.4219665527
    },
    "erbbands_skewness": {
        "dmean": 0.515435755253,
        "dmean2": 0.859397292137,
        "dvar": 0.224581673741,
        "dvar2": 0.605809092522,
        "max": 3.70663428307,
        "mean": -0.090035520494,
        "median": 0.00326804560609,
        "min": -6.53463888168,
        "var": 1.7807059288
    },
    "erbbands_spread": {
        "dmean": 3.68256759644,
        "dmean2": 6.16645622253,
        "dvar": 11.842795372,
        "dvar2": 32.4571685791,
        "max": 79.500869751,
        "mean": 11.8594989777,
        "median": 10.5958499908,
        "min": 0.484272003174,
        "var": 50.7099990845
    },
    "hfc": {
        "dmean": 5.64287233353,
        "dmean2": 9.47482776642,
        "dvar": 89.6956558228,
        "dvar2": 234.342407227,
        "max": 178.20640564,
        "mean": 13.9174947739,
        "median": 9.551197052,
        "min": 1.073067395e-16,
        "var": 235.18170166
    },
    "melbands_crest": {
        "dmean": 4.97602891922,
        "dmean2": 8.0491771698,
        "dvar": 18.0196819305,
        "dvar2": 45.7604370117,
        "max": 39.0303611755,
        "mean": 21.7214317322,
        "median": 21.0840892792,
        "min": 1.78732705116,
        "var": 68.7694549561
    },
    "melbands_flatness_db": {
        "dmean": 0.0283779799938,
        "dmean2": 0.0446387454867,
        "dvar": 0.000596515892539,
        "dvar2": 0.00154591386672,
        "max": 0.73089748621,
        "mean": 0.457051903009,
        "median": 0.461676418781,
        "min": 0.00429831119254,
        "var": 0.00936934351921
    },
    "melbands_kurtosis": {
        "dmean": 7.93167114258,
        "dmean2": 13.2613611221,
        "dvar": 243.610809326,
        "dvar2": 668.136413574,
        "max": 300.699859619,
        "mean": 11.8057088852,
        "median": 3.69649124146,
        "min": -1.94154024124,
        "var": 534.729064941
    },
    "melbands_skewness": {
        "dmean": 0.954767763615,
        "dmean2": 1.55182564259,
        "dvar": 0.87165671587,
        "dvar2": 2.3717250824,
        "max": 14.8114871979,
        "mean": 2.19964313507,
        "median": 1.85670387745,
        "min": -3.69561505318,
        "var": 3.66931605339
    },
    "melbands_spread": {
        "dmean": 3.23311281204,
        "dmean2": 5.3875670433,
        "dvar": 16.1271076202,
        "dvar2": 39.9427909851,
        "max": 138.531173706,
        "mean": 11.2011642456,
        "median": 10.940656662,
        "min": 0.135119870305,
        "var": 70.1382751465
    },
    "pitch_salience": {
        "dmean": 0.0873907804489,
        "dmean2": 0.141461759806,
        "dvar": 0.00531279155985,
        "dvar2": 0.0135496966541,
        "max": 0.934853613377,
        "mean": 0.421235531569,
        "median": 0.426613539457,
        "min": 0.0656620487571,
        "var": 0.0171503722668
    },
    "silence_rate_20dB": {
        "dmean": 0.00118483416736,
        "dmean2": 0.00236986880191,
        "dvar": 0.00118332088459,
        "dvar2": 0.0033797097858,
        "max": 1,
        "mean": 0.999323010445,
        "median": 1,
        "min": 0,
        "var": 0.000676549272612
    },
    "silence_rate_30dB": {
        "dmean": 0.0670277625322,
        "dmean2": 0.134066864848,
        "dvar": 0.0625394955277,
        "dvar2": 0.147561967373,
        "max": 1,
        "mean": 0.889312028885,
        "median": 1,
        "min": 0,
        "var": 0.0984358489513
    },
    "silence_rate_60dB": {
        "dmean": 0.00118483416736,
        "dmean2": 0.00236986880191,
        "dvar": 0.00118298362941,
        "dvar2": 0.00253363419324,
        "max": 1,
        "mean": 0.0060929171741,
        "median": 0,
        "min": 0,
        "var": 0.00605681026354
    },
    "spectral_centroid": {
        "dmean": 70.6581726074,
        "dmean2": 117.478904724,
        "dvar": 15164.65625,
        "dvar2": 22091.1796875,
        "max": 11052.1494141,
        "mean": 567.002563477,
        "median": 594.398376465,
        "min": 139.742828369,
        "var": 83762.171875
    },
    "spectral_complexity": {
        "dmean": 1.59309411049,
        "dmean2": 2.76343631744,
        "dvar": 1.83998703957,
        "dvar2": 5.15410518646,
        "max": 26,
        "mean": 10.253194809,
        "median": 11,
        "min": 0,
        "var": 18.2227249146
    },
    "spectral_decrease": {
        "dmean": 6.06029448846e-09,
        "dmean2": 9.31509536173e-09,
        "dvar": 5.89072636588e-17,
        "dvar2": 1.46724767659e-16,
        "max": -5.13080009346e-31,
        "mean": -1.56475756796e-08,
        "median": -1.23140990738e-08,
        "min": -1.25350595681e-07,
        "var": 1.62252258011e-16
    },
    "spectral_energy": {
        "dmean": 0.0232148654759,
        "dmean2": 0.0357648395002,
        "dvar": 0.000853966688737,
        "dvar2": 0.00212759687565,
        "max": 0.478554427624,
        "mean": 0.0603197999299,
        "median": 0.0477296747267,
        "min": 9.90034138251e-21,
        "var": 0.00237568002194
    },
    "spectral_energyband_high": {
        "dmean": 2.36688606492e-06,
        "dmean2": 3.67732968698e-06,
        "dvar": 6.2301726278e-11,
        "dvar2": 1.49505768876e-10,
        "max": 0.000279628351564,
        "mean": 8.39517633722e-06,
        "median": 8.79344042914e-07,
        "min": 7.23152310767e-21,
        "var": 4.28657859208e-10
    },
    "spectral_energyband_low": {
        "dmean": 0.0170659143478,
        "dmean2": 0.0255253780633,
        "dvar": 0.000525549810845,
        "dvar2": 0.00133417220786,
        "max": 0.364854574203,
        "mean": 0.035086221993,
        "median": 0.02321254462,
        "min": 5.96031177569e-23,
        "var": 0.00138987833634
    },
    "spectral_energyband_middle_high": {
        "dmean": 0.00353149767034,
        "dmean2": 0.00601843371987,
        "dvar": 7.31231120881e-05,
        "dvar2": 0.000197240689886,
        "max": 0.18230445683,
        "mean": 0.00603715982288,
        "median": 0.0023502651602,
        "min": 1.51444956178e-21,
        "var": 0.000128214014694
    },
    "spectral_energyband_middle_low": {
        "dmean": 0.00574591290206,
        "dmean2": 0.00967962853611,
        "dvar": 8.6398817075e-05,
        "dvar2": 0.000224463248742,
        "max": 0.246344804764,
        "mean": 0.0139638073742,
        "median": 0.00748478574678,
        "min": 3.31491065381e-22,
        "var": 0.000305180758005
    },
    "spectral_entropy": {
        "dmean": 0.194773137569,
        "dmean2": 0.323862612247,
        "dvar": 0.0272588636726,
        "dvar2": 0.0732405334711,
        "max": 9.79817962646,
        "mean": 6.11699533463,
        "median": 6.06499290466,
        "min": 4.33075284958,
        "var": 0.291739016771
    },
    "spectral_flux": {
        "dmean": 0.0327580198646,
        "dmean2": 0.0558998584747,
        "dvar": 0.00109437247738,
        "dvar2": 0.00336879794486,
        "max": 0.412172228098,
        "mean": 0.111439548433,
        "median": 0.103297561407,
        "min": 9.95004564852e-11,
        "var": 0.00235964450985
    },
    "spectral_kurtosis": {
        "dmean": 19.3817100525,
        "dmean2": 33.3092041016,
        "dvar": 459.721984863,
        "dvar2": 1340.62280273,
        "max": 274.102813721,
        "mean": 56.9452323914,
        "median": 43.3895301819,
        "min": -1.23135364056,
        "var": 2015.64624023
    },
    "spectral_rms": {
        "dmean": 0.00141879403964,
        "dmean2": 0.00217027775943,
        "dvar": 1.82015730843e-06,
        "dvar2": 4.60269302494e-06,
        "max": 0.0216074604541,
        "mean": 0.00717050675303,
        "median": 0.00682389456779,
        "min": 3.10787224948e-12,
        "var": 7.43223608879e-06
    },
    "spectral_rolloff": {
        "dmean": 136.012329102,
        "dmean2": 241.482009888,
        "dvar": 94379.625,
        "dvar2": 157179.5,
        "max": 18755.4199219,
        "mean": 483.43145752,
        "median": 473.73046875,
        "min": 21.533203125,
        "var": 185279.9375
    },
    "spectral_skewness": {
        "dmean": 1.04794847965,
        "dmean2": 1.81501638889,
        "dvar": 1.04620075226,
        "dvar2": 3.08612966537,
        "max": 12.885974884,
        "mean": 5.11940956116,
        "median": 4.69037055969,
        "min": -0.00803051143885,
        "var": 4.73433828354
    },
    "spectral_spread": {
        "dmean": 269635.21875,
        "dmean2": 461537.875,
        "dvar": 255933644800,
        "dvar2": 328308359168,
        "max": 44358804,
        "mean": 1486064,
        "median": 1284374.25,
        "min": 272397.59375,
        "var": 870857113600
    },
    "spectral_strongpeak": {
        "dmean": 0.633115172386,
        "dmean2": 1.11083436012,
        "dvar": 1.75989055634,
        "dvar2": 4.32731056213,
        "max": 15.6680498123,
        "mean": 0.719921767712,
        "median": 0.192384064198,
        "min": 0,
        "var": 2.55565166473
    },
    "zerocrossingrate": {
        "dmean": 0.00323577248491,
        "dmean2": 0.00426054839045,
        "dvar": 4.30072832387e-05,
        "dvar2": 5.05245006934e-05,
        "max": 0.4970703125,
        "mean": 0.0170231107622,
        "median": 0.01708984375,
        "min": 0.00048828125,
        "var": 0.000148727180203
    },
    "barkbands": {
        "dmean": [0.0129133546725, 0.00826347339898, 0.00173526175786, 0.00112836575136, 0.00137973460369, 0.00168941449374, 0.000641483406071, 0.000710694817826, 0.00282061123289, 0.00201426050626, 0.00201748148538, 9.07154972083e-05, 0.000119020980492, 0.000148186838487, 8.36093458929e-05, 5.63047542528e-05, 2.10235921259e-05, 9.61325258686e-06, 2.53477992374e-06, 1.8472485408e-06, 7.51925995246e-07, 5.79284233027e-07, 4.68322042479e-07, 3.36776508902e-07, 2.83428477132e-07, 1.97730898321e-07, 1.34104496397e-07],
        "dmean2": [0.0192477907985, 0.0122354459018, 0.00292737758718, 0.00194778875448, 0.00235365517437, 0.00292188697495, 0.00111720792484, 0.00122104398906, 0.00467603467405, 0.00353974546306, 0.00336920190603, 0.000154285444296, 0.000202224866371, 0.000245791219641, 0.000144019839354, 9.36693249969e-05, 3.60045487469e-05, 1.59507526405e-05, 4.18578974859e-06, 3.01704540107e-06, 1.22129722513e-06, 9.26469624574e-07, 7.49240939513e-07, 5.27023360064e-07, 4.41751723201e-07, 2.99831498296e-07, 2.07650799666e-07],
        "dvar": [0.000413232221035, 9.8185344541e-05, 4.93412062497e-06, 1.39328551541e-06, 3.05893308905e-06, 1.69718823599e-05, 2.22314702114e-06, 2.33375226344e-06, 5.57082275918e-05, 2.38475277001e-05, 5.19278728461e-05, 4.06615470183e-08, 9.0952141818e-08, 4.13249125586e-07, 5.41597025006e-08, 1.30693535993e-07, 1.75070038466e-08, 2.18276352548e-09, 4.72723110656e-11, 4.26291293931e-11, 7.64630112698e-12, 4.73633111897e-12, 3.22970166236e-12, 2.83768364709e-12, 1.5312686015e-12, 9.78925382596e-13, 3.40666297255e-13],
        "dvar2": [0.00102505646646, 0.000237298983848, 1.2533347217e-05, 3.86189685742e-06, 8.52395623951e-06, 4.81810602651e-05, 6.47197020953e-06, 6.45966338197e-06, 0.000136740374728, 7.0756788773e-05, 0.000133851048304, 1.15940430589e-07, 2.62332179091e-07, 8.99794372344e-07, 1.62344292676e-07, 3.50649145275e-07, 5.43392246755e-08, 6.23580342918e-09, 1.28135710376e-10, 1.12711374955e-10, 1.97771642813e-11, 1.16205005687e-11, 8.09742897734e-12, 6.45639704894e-12, 3.67604731377e-12, 2.07581868361e-12, 7.84497141727e-13],
        "max": [0.297487437725, 0.165327623487, 0.0289205498993, 0.0129891801625, 0.0311066620052, 0.0573399737477, 0.048578273505, 0.034163929522, 0.222388878465, 0.0772743970156, 0.175817593932, 0.00644855340943, 0.00550763681531, 0.0386601388454, 0.0055344379507, 0.0121528524905, 0.00516995368525, 0.00307299639098, 0.000170975166839, 0.000250891724136, 0.000157549176947, 6.74539696774e-05, 5.76393213123e-05, 8.05075251264e-05, 5.1779577916e-05, 5.51783741685e-05, 2.44920101977e-05],
        "mean": [0.0224382765591, 0.0162148121744, 0.00216725398786, 0.0015247912379, 0.00237020454369, 0.00255311536603, 0.000931562273763, 0.00100906717125, 0.00450664479285, 0.00278811180033, 0.00283025647514, 0.000153703382239, 0.000215325475438, 0.000304229994072, 0.000145677156979, 8.41343862703e-05, 4.64526819997e-05, 1.99351379706e-05, 5.7430634115e-06, 4.57907617601e-06, 1.62269520843e-06, 1.24515452171e-06, 9.79600145001e-07, 7.22112645235e-07, 6.40153643872e-07, 4.71729691753e-07, 3.17552263596e-07],
        "median": [0.0129237761721, 0.00975173152983, 0.00139144354034, 0.00107481400482, 0.00145833031274, 0.000446202931926, 0.000307666923618, 0.000163683667779, 0.000417302304413, 0.000436552974861, 0.000304154353216, 7.45406505303e-05, 7.97192915343e-05, 5.48166535737e-05, 2.26893243962e-05, 7.43542796044e-06, 3.87141199099e-06, 3.28788223669e-06, 7.96762719801e-07, 5.79703851145e-07, 2.86055922061e-07, 1.37694399882e-07, 6.93966768495e-08, 4.37066773884e-08, 2.26369483158e-08, 1.31134205716e-08, 6.4294787272e-09],
        "min": [1.32518219113e-24, 2.23754242651e-23, 1.18017441062e-23, 7.97903933322e-24, 1.27795356205e-23, 3.77933888024e-23, 8.12233023685e-23, 3.31718093238e-23, 6.53669583599e-23, 3.6179817997e-23, 4.88227434191e-23, 7.15018538891e-23, 6.49550215061e-23, 6.45460129039e-23, 1.02578518068e-22, 1.55777006664e-22, 1.32604791864e-22, 1.99646722807e-22, 3.2439982431e-22, 3.24024881877e-22, 3.22793122905e-22, 4.018450383e-22, 6.80371149467e-22, 7.10279049951e-22, 1.07595467691e-21, 1.4701269385e-21, 2.37126892809e-21],
        "var": [0.000823643349577, 0.000354461430106, 6.53735878586e-06, 2.03657850761e-06, 7.78824323788e-06, 2.86345366476e-05, 3.41760051015e-06, 4.03915100833e-06, 0.00013812079851, 3.62363352906e-05, 8.45482209115e-05, 7.35702201382e-08, 1.44869716223e-07, 1.43294960253e-06, 1.31831441763e-07, 2.18670933805e-07, 6.24639042712e-08, 1.02152002412e-08, 2.00822844465e-10, 2.57454391139e-10, 1.48510266584e-11, 1.3596729645e-11, 8.67612752475e-12, 5.90868153016e-12, 4.66934780771e-12, 2.52947944708e-12, 1.04283845014e-12]
    },
    "erbbands": {
        "dmean": [0.608741521835, 0.744641125202, 1.74367535114, 2.84409284592, 4.9708404541, 3.51584506035, 8.17224025726, 16.8650035858, 12.001335144, 7.06233406067, 18.3488922119, 54.1417160034, 74.089050293, 97.2530975342, 26.9371395111, 3.06902909279, 4.31637763977, 9.11685466766, 3.74438881874, 4.57354831696, 2.02171850204, 1.14558315277, 0.543546319008, 0.19571082294, 0.114603467286, 0.0870735123754, 0.0411269403994, 0.0277892686427, 0.0181896854192, 0.0229757539928, 0.0102841518819, 0.00945577025414, 0.00498096970841, 0.00255760899745, 0.00275697140023, 0.000844375055749, 0.000516779080499, 9.87539897324e-05, 3.14571443596e-05, 2.60653414443e-05],
        "dmean2": [0.891664326191, 1.1849745512, 2.91393923759, 4.86292171478, 8.53820133209, 6.04331541061, 13.8849048615, 28.9923324585, 20.9636898041, 12.1723394394, 31.306974411, 89.637512207, 126.272460938, 166.832260132, 44.8293113708, 5.17995023727, 7.18816709518, 15.0862379074, 6.47677326202, 7.88092184067, 3.26355791092, 1.94404792786, 0.913690388203, 0.331137895584, 0.187999561429, 0.141618147492, 0.0663688778877, 0.0458648689091, 0.0291133280843, 0.0367529913783, 0.0161020923406, 0.0148132452741, 0.00790520664304, 0.00391182489693, 0.00445863511413, 0.00130726071075, 0.000792095437646, 0.000148852210259, 4.85466298414e-05, 4.02162586397e-05],
        "dvar": [0.641010820866, 0.515930175781, 4.30878400803, 8.28947734833, 31.1572570801, 21.242723465, 578.979187012, 1904.11462402, 760.217651367, 262.24810791, 1515.96240234, 18838.890625, 40432.984375, 79138.9375, 6403.9453125, 32.1480674744, 87.1299591064, 1346.81201172, 97.5463180542, 435.423675537, 130.681793213, 47.8497886658, 6.49757432938, 0.920206785202, 0.0982439666986, 0.111506134272, 0.01876584813, 0.0113657079637, 0.00481414422393, 0.00802676007152, 0.00160909374245, 0.00257258256897, 0.000707537867129, 0.00011885476124, 0.00018784533313, 1.03693910205e-05, 1.07966479845e-05, 2.63266855427e-07, 1.05213562307e-08, 1.02895680865e-09],
        "dvar2": [1.55669879913, 1.32837724686, 10.7860498428, 22.4824752808, 86.0399093628, 60.5255699158, 1558.97436523, 5349.75244141, 2228.40380859, 750.051452637, 4228.85498047, 46762.5585938, 112013.109375, 217913.9375, 16138.5126953, 90.6364059448, 240.070297241, 2877.65478516, 296.647644043, 1244.79052734, 294.887176514, 149.27293396, 19.168132782, 2.81248569489, 0.268438309431, 0.301832020283, 0.0454143509269, 0.0304030012339, 0.0113495774567, 0.0205316878855, 0.00385608361103, 0.0056728227064, 0.00180555460975, 0.000257143663475, 0.000470869475976, 2.45673727477e-05, 2.31323101616e-05, 5.6838200635e-07, 2.43269244748e-08, 2.55747423239e-09],
        "max": [13.4112253189, 9.43946647644, 29.7783603668, 35.6269569397, 113.611885071, 81.2801589966, 470.755004883, 726.388977051, 711.967346191, 538.49041748, 608.165344238, 3889.50927734, 3795.67089844, 5853.8359375, 1896.1619873, 162.866043091, 201.761611938, 2234.3527832, 255.263061523, 660.897644043, 713.571838379, 275.858642578, 179.761688232, 58.5085716248, 11.8847007751, 16.1896495819, 5.34170770645, 5.87256336212, 3.19499158859, 2.53555560112, 1.31592750549, 3.0389778614, 1.62105846405, 0.526346027851, 0.625190794468, 0.090953566134, 0.190664052963, 0.0273696202785, 0.00556731456891, 0.000519663270097],
        "mean": [1.13310861588, 1.31834971905, 2.39231872559, 4.14434337616, 8.23574829102, 5.70669698715, 12.0051221848, 23.6609592438, 17.8590774536, 12.318857193, 28.3916683197, 90.9008407593, 115.265350342, 137.971069336, 46.7197990417, 6.86379718781, 8.79779434204, 18.9475460052, 7.31573963165, 7.46589517593, 3.60961866379, 2.63309502602, 1.29374480247, 0.446839749813, 0.290532022715, 0.226331666112, 0.0892594084144, 0.0608779862523, 0.0412793792784, 0.0457636974752, 0.0226671025157, 0.0183110795915, 0.0103179588914, 0.00601429631934, 0.00546235451475, 0.00204781303182, 0.00101984257344, 0.000237360334722, 7.87372264313e-05, 7.01598692103e-05],
        "median": [0.609741330147, 1.01528513432, 1.64772713184, 3.23689579964, 4.97772407532, 3.68537759781, 2.45734763145, 3.88587975502, 5.24558544159, 3.28086829185, 5.10851287842, 11.8030967712, 19.5638904572, 15.0772094727, 12.7354269028, 4.41423082352, 4.12847805023, 4.03780078888, 2.28136181831, 1.11607611179, 0.50401198864, 0.299097567797, 0.221443742514, 0.0750427916646, 0.0451679416001, 0.0268576387316, 0.0150069473311, 0.00932374410331, 0.00546236429363, 0.00338934850879, 0.00172941002529, 0.00116960157175, 0.000615956902038, 0.000341680948623, 0.000179470938747, 9.42177939578e-05, 4.19517600676e-05, 9.08925539989e-06, 2.82024284388e-05, 5.70821393922e-05],
        "min": [9.7308994117e-22, 2.89249166871e-21, 1.3892094491e-20, 2.22736684532e-20, 2.42309861933e-20, 6.40491958284e-20, 1.60770487814e-19, 5.18098062625e-19, 7.28302130465e-19, 1.23169168103e-18, 7.53910401459e-19, 1.24476392644e-18, 1.22244545614e-18, 1.37374826731e-18, 2.29796233559e-18, 2.91812424945e-18, 2.62451359589e-18, 2.24060769987e-18, 5.2431554502e-18, 5.43797096012e-18, 8.92870747309e-18, 8.62370033864e-18, 1.17923455424e-17, 1.53207299402e-17, 1.51123664526e-17, 1.63789404434e-17, 8.07766849013e-18, 1.68684162991e-17, 1.19749324277e-17, 1.49215193417e-17, 2.07913203541e-17, 1.44229329187e-17, 1.35888254957e-17, 1.16239960898e-17, 7.41467413018e-18, 4.98640106961e-18, 3.08007173772e-18, 1.21826064602e-18, 2.97594717279e-19, 3.58240000264e-20],
        "var": [2.13813614845, 1.23048961163, 6.17745113373, 11.3721752167, 100.616081238, 39.7730407715, 999.555664062, 2863.72167969, 1216.64160156, 526.487243652, 2793.08618164, 51020.7265625, 71860.125, 123696.875, 12120.1181641, 76.5831298828, 192.87953186, 4594.22021484, 255.59602356, 733.684204102, 364.239746094, 182.017776489, 40.3279838562, 2.90514731407, 0.631100833416, 0.76248639822, 0.0463902503252, 0.0226123314351, 0.0150005687028, 0.0204559974372, 0.00439134705812, 0.00462010176852, 0.00127206929028, 0.000419216317823, 0.000420054304413, 3.79729244742e-05, 1.88850408449e-05, 6.65507400299e-07, 2.94471327322e-08, 2.92314128458e-09]
    },
    "gfcc": {
        "mean": [-126.814804077, 208.749771118, -87.262298584, -10.9791736603, -20.9376525879, 8.47653961182, -5.09869909286, -2.10383009911, -5.9200630188, -8.30418395996, -4.53498506546, -6.0106678009, 3.36583685875],
        "cov": [[5470.04833984, -1067.45092773, -1624.95666504, -360.625183105, -528.913085938, 144.223175049, -84.3913421631, 432.11138916, 17.8284091949, 104.444145203, -278.165740967, 105.342597961, -45.097076416], [-1067.45092773, 1280.77099609, -53.8675384521, -497.132202148, 212.273742676, -149.430480957, 159.994567871, -188.84072876, 93.1632919312, -138.312576294, 126.689826965, -61.9422111511, 163.125946045], [-1624.95666504, -53.8675384521, 1222.50598145, 333.953857422, -70.8689346313, -84.715057373, -89.2641296387, -69.7740097046, -8.07087612152, 120.176223755, 117.211387634, -22.6887054443, -129.503707886], [-360.625183105, -497.132202148, 333.953857422, 638.446960449, 51.8698577881, -24.649848938, -144.290237427, -26.1472892761, -23.8739624023, 54.7712860107, 28.3573627472, 4.85359287262, -85.780380249], [-528.913085938, 212.273742676, -70.8689346313, 51.8698577881, 309.389801025, 73.2283096313, 82.2227172852, -87.9394683838, -0.0795751512051, -79.5171737671, 23.4095611572, 2.85983562469, 96.4600143433], [144.223175049, -149.430480957, -84.715057373, -24.649848938, 73.2283096313, 200.286193848, 95.1311798096, 18.0031375885, -58.839630127, -38.8873939514, -55.4205856323, 3.26911211014, 29.679359436], [-84.3913421631, 159.994567871, -89.2641296387, -144.290237427, 82.2227172852, 95.1311798096, 174.854797363, 17.8690433502, -10.2675189972, -68.0137710571, -11.5387372971, -8.33408641815, 66.5182647705], [432.11138916, -188.84072876, -69.7740097046, -26.1472892761, -87.9394683838, 18.0031375885, 17.8690433502, 125.416213989, 15.656211853, 14.2864332199, -39.0069885254, 9.13348007202, -28.1494216919], [17.8284091949, 93.1632919312, -8.07087612152, -23.8739624023, -0.0795751512051, -58.839630127, -10.2675189972, 15.656211853, 95.2725982666, 37.8798294067, 28.1168174744, -5.2594575882, 8.4147233963], [104.444145203, -138.312576294, 120.176223755, 54.7712860107, -79.5171737671, -38.8873939514, -68.0137710571, 14.2864332199, 37.8798294067, 114.278312683, 30.7267150879, 3.48007369041, -48.6268577576], [-278.165740967, 126.689826965, 117.211387634, 28.3573627472, 23.4095611572, -55.4205856323, -11.5387372971, -39.0069885254, 28.1168174744, 30.7267150879, 103.390274048, 20.0648117065, 4.661714077], [105.342597961, -61.9422111511, -22.6887054443, 4.85359287262, 2.85983562469, 3.26911211014, -8.33408641815, 9.13348007202, -5.2594575882, 3.48007369041, 20.0648117065, 72.1917037964, 25.9692401886], [-45.097076416, 163.125946045, -129.503707886, -85.780380249, 96.4600143433, 29.679359436, 66.5182647705, -28.1494216919, 8.4147233963, -48.6268577576, 4.661714077, 25.9692401886, 116.323875427]],
        "icov": [[0.000724168960005, 0.000107565640064, 0.00101211550646, -5.31257137482e-05, 0.00103503244463, -0.000607810274232, 0.000379620905733, -0.000838675710838, -0.000138027957291, -0.000774150190409, 0.000218974033487, -0.000497814384289, -0.000116992487165], [0.000107565640064, 0.00809904187918, -0.000983120989986, 0.00617142068222, -0.00227924133651, 0.00611146120355, -0.00225045834668, 0.00736554386094, -0.00523997284472, 0.00849867984653, -0.00612198468298, 0.00619974127039, -0.00166644039564], [0.00101211550646, -0.000983120989986, 0.00287673762068, -0.00158727541566, 0.00222958019003, -0.00144818751141, -0.000236993437284, -0.00121158210095, 0.000906815810595, -0.00317635759711, 0.000267363560852, -0.0014523176942, 0.00108631537296], [-5.31257137482e-05, 0.00617142068222, -0.00158727541566, 0.00761940749362, -0.00408180244267, 0.00439016474411, 0.00127757852897, 0.00410232506692, -0.00284566427581, 0.00648983661085, -0.00513249495998, 0.00495984405279, -0.000279385043541], [0.00103503244463, -0.00227924133651, 0.00222958019003, -0.00408180244267, 0.0110135162249, -0.00624919449911, -0.000726378522813, 0.00223173294216, -0.00348773458973, 0.000869312149007, 0.000381500576623, -0.00257103168406, -0.00233883340843], [-0.000607810274232, 0.00611146120355, -0.00144818751141, 0.00439016474411, -0.00624919449911, 0.0177763905376, -0.00919171702117, 0.00525508122519, 0.00366552756168, 0.00101830076892, 0.00132801837754, 0.00316364550963, -0.000605463283136], [0.000379620905733, -0.00225045834668, -0.000236993437284, 0.00127757852897, -0.000726378522813, -0.00919171702117, 0.018834894523, -0.010079625994, 0.00107201840729, 0.00384046882391, -0.00481808697805, 0.00448164250702, -0.00556031102315], [-0.000838675710838, 0.00736554386094, -0.00121158210095, 0.00410232506692, 0.00223173294216, 0.00525508122519, -0.010079625994, 0.0264337193221, -0.0127419065684, 0.00918806437403, 0.000901238527149, -0.00137670431286, 0.00502520380542], [-0.000138027957291, -0.00523997284472, 0.000906815810595, -0.00284566427581, -0.00348773458973, 0.00366552756168, 0.00107201840729, -0.0127419065684, 0.0257338471711, -0.0155398370698, 0.00135541835334, 0.00169218692463, -0.00432348949835], [-0.000774150190409, 0.00849867984653, -0.00317635759711, 0.00648983661085, 0.000869312149007, 0.00101830076892, 0.00384046882391, 0.00918806437403, -0.0155398370698, 0.0309243779629, -0.0127471024171, 0.00669542234391, 0.0011455216445], [0.000218974033487, -0.00612198468298, 0.000267363560852, -0.00513249495998, 0.000381500576623, 0.00132801837754, -0.00481808697805, 0.000901238527149, 0.00135541835334, -0.0127471024171, 0.0251791905612, -0.0136533817276, 0.00411321781576], [-0.000497814384289, 0.00619974127039, -0.0014523176942, 0.00495984405279, -0.00257103168406, 0.00316364550963, 0.00448164250702, -0.00137670431286, 0.00169218692463, 0.00669542234391, -0.0136533817276, 0.0274243243039, -0.0113164400682], [-0.000116992487165, -0.00166644039564, 0.00108631537296, -0.000279385043541, -0.00233883340843, -0.000605463283136, -0.00556031102315, 0.00502520380542, -0.00432348949835, 0.0011455216445, 0.00411321781576, -0.0113164400682, 0.0215343665332]]
    },
    "melbands": {
        "dmean": [0.00450252834707, 0.00082160445163, 0.00051551416982, 0.000311841577059, 0.000238749475102, 0.00035122394911, 0.000168983213371, 9.23551488086e-05, 0.000150239371578, 0.000408085616073, 0.000371294445358, 0.000380871875677, 0.000161317235325, 1.15219772852e-05, 7.0289274845e-06, 1.45425765368e-05, 1.69627837749e-05, 5.69951771467e-06, 7.30136616767e-06, 4.38740062236e-06, 2.35331117437e-06, 1.36266669415e-06, 7.1913211741e-07, 3.52965031425e-07, 1.5208020443e-07, 1.03568574161e-07, 6.73231781434e-08, 6.61312427042e-08, 3.27622515783e-08, 1.99716900795e-08, 1.56006514374e-08, 9.76858238744e-09, 1.57936010936e-08, 1.28026149682e-08, 5.64544810899e-09, 9.13711417638e-09, 4.76093431345e-09, 3.81783848979e-09, 2.91655832818e-09, 2.28536456426e-09],
        "dmean2": [0.00664616562426, 0.00135333871003, 0.000881277315784, 0.000536993436981, 0.000405001745094, 0.000604498141911, 0.00029456539778, 0.000160514275194, 0.000256825704128, 0.000675803225022, 0.000631761387922, 0.000655272800941, 0.000267465657089, 1.98557536351e-05, 1.19791811812e-05, 2.42459209403e-05, 2.81218453893e-05, 9.98570430966e-06, 1.24724974739e-05, 7.61896762924e-06, 3.70693783225e-06, 2.3472769044e-06, 1.22037215533e-06, 5.85054181101e-07, 2.57538658843e-07, 1.70303749769e-07, 1.09160339434e-07, 1.07897172086e-07, 5.31806136905e-08, 3.24664135576e-08, 2.59192400875e-08, 1.58082471557e-08, 2.53968703845e-08, 2.05757917371e-08, 8.95576146576e-09, 1.46054590644e-08, 7.44174455392e-09, 6.11801453942e-09, 4.63854243904e-09, 3.53042728385e-09],
        "dvar": [3.62541577488e-05, 7.3708332593e-07, 2.54417244605e-07, 1.22648089018e-07, 4.51311507277e-07, 7.85951840498e-07, 1.49230388047e-07, 4.35560743028e-08, 1.17886372664e-07, 1.1636917634e-06, 1.02001513369e-06, 1.15281181934e-06, 3.03742069718e-07, 5.91600546329e-10, 2.40953507147e-10, 1.45964629272e-09, 5.22112042489e-09, 3.39550332296e-10, 4.89829510286e-10, 9.44513023349e-10, 2.91568963418e-10, 8.60105597855e-11, 1.9107727553e-11, 3.01110395298e-12, 6.11081118432e-13, 9.53614425381e-14, 4.55820175712e-14, 7.94778061723e-14, 1.46317589392e-14, 7.9436613266e-15, 2.97379842309e-15, 1.29806030985e-15, 4.89213450159e-15, 2.40327196993e-15, 3.82752351296e-16, 3.07912294667e-15, 5.20799795806e-16, 5.147834796e-16, 1.57938650083e-16, 1.28215562514e-16],
        "dvar2": [9.06640998437e-05, 1.88285798686e-06, 7.03831119608e-07, 3.4537649185e-07, 1.2195795307e-06, 2.22106041292e-06, 4.37501228134e-07, 1.24490540543e-07, 3.33979954803e-07, 2.85044893644e-06, 2.81329698737e-06, 3.20181152347e-06, 7.70037843267e-07, 1.72672620646e-09, 6.92515156331e-10, 3.89921339661e-09, 1.15386500354e-08, 1.05007091911e-09, 1.42409339876e-09, 2.67898081496e-09, 6.39355623999e-10, 2.70368255562e-10, 6.01228858366e-11, 8.36125092774e-12, 1.88762677364e-12, 2.64524567615e-13, 1.24731998276e-13, 2.08729938173e-13, 3.54234497909e-14, 2.06769128051e-14, 7.97805509942e-15, 3.04015646648e-15, 1.24917217277e-14, 6.14417413499e-15, 9.26548059299e-16, 7.28585553976e-15, 1.14783764023e-15, 1.3277718963e-15, 3.90013329478e-16, 2.71344675312e-16],
        "max": [0.0965058431029, 0.01141208224, 0.00577318109572, 0.0063531617634, 0.0132324378937, 0.0141115644947, 0.0108736315742, 0.00710708415136, 0.00677860993892, 0.0323367863894, 0.0184671729803, 0.0215458497405, 0.0134148765355, 0.000766938203014, 0.000408705469454, 0.00134951656219, 0.00414524879307, 0.000463776872493, 0.000571807788219, 0.00113662693184, 0.00114393001422, 0.000411540619098, 0.00023244912154, 9.62041231105e-05, 4.90874008392e-05, 9.30362057261e-06, 1.23315367091e-05, 1.52344773596e-05, 5.89053934164e-06, 5.70973361391e-06, 2.53871053246e-06, 1.77524282208e-06, 2.27672262554e-06, 1.09511677238e-06, 6.92570722549e-07, 2.75942966255e-06, 1.17403783406e-06, 1.46155502989e-06, 5.59466570849e-07, 6.45192471893e-07],
        "mean": [0.00858210399747, 0.00131522328593, 0.000850492913742, 0.000525169481989, 0.00036351280869, 0.000514500541613, 0.000255032209679, 0.000148429826368, 0.000231776895816, 0.000666144303977, 0.00056601758115, 0.000536596577149, 0.000246000709012, 2.67977648036e-05, 1.1756830645e-05, 2.98220729746e-05, 3.37790988851e-05, 1.02113244793e-05, 1.226031236e-05, 6.44283363727e-06, 4.22154334956e-06, 2.90720595331e-06, 1.69572069808e-06, 7.76576030148e-07, 3.07799183474e-07, 2.2717011916e-07, 1.74170793343e-07, 1.49774521674e-07, 6.03439005431e-08, 3.95945818354e-08, 3.14099146692e-08, 2.01965306701e-08, 2.84899730474e-08, 2.37457769003e-08, 1.15110330157e-08, 1.50547148081e-08, 9.04466368468e-09, 7.19527681881e-09, 5.74156899802e-09, 4.78857575814e-09],
        "median": [0.00513645913452, 0.00101292063482, 0.000662065169308, 0.000346334651113, 9.02281171875e-05, 9.06451896299e-05, 7.55285800551e-05, 3.56907185051e-05, 3.32691088261e-05, 6.4923944592e-05, 6.16128381807e-05, 4.01248435082e-05, 4.02584773838e-05, 1.07761061372e-05, 5.10860490976e-06, 8.14364193502e-06, 6.19758247922e-06, 1.99603232431e-06, 1.52753386828e-06, 6.58946930798e-07, 2.8848452871e-07, 2.3520715331e-07, 1.92756672845e-07, 1.25189544065e-07, 4.38581047035e-08, 2.76136056243e-08, 2.5836223827e-08, 1.48064529526e-08, 9.38512467741e-09, 6.4916627629e-09, 4.67095162549e-09, 3.01494496036e-09, 1.87234361348e-09, 1.72403580301e-09, 9.60457824384e-10, 7.2645450766e-10, 6.0986543593e-10, 3.46613737712e-10, 3.45222878062e-10, 2.08637190857e-10],
        "min": [6.87570139471e-24, 5.51408842369e-24, 3.40835084938e-24, 3.50731502766e-24, 4.64399535561e-24, 9.793551155e-24, 1.36057648668e-23, 1.13967176739e-23, 5.42152151292e-24, 9.10146060588e-24, 5.87773160732e-24, 5.51250636314e-24, 6.69128228115e-24, 8.14541956446e-24, 4.03776166641e-24, 6.66556935995e-24, 3.56421319817e-24, 8.12564518815e-24, 7.24075545608e-24, 8.52125972098e-24, 1.04281865978e-23, 8.06226021442e-24, 8.08211820998e-24, 1.07386112526e-23, 1.20246391216e-23, 1.14566876688e-23, 9.39523398471e-24, 1.15017592366e-23, 5.67546491021e-24, 4.02847243482e-24, 7.92134520205e-24, 6.14737333663e-24, 5.98933570389e-24, 9.58237072409e-24, 1.23120377154e-23, 1.1404277328e-23, 7.0190090222e-24, 7.81189075146e-24, 1.20401607488e-23, 9.00042409e-24],
        "var": [0.000103740487248, 1.21759433114e-06, 4.56553721051e-07, 3.4531447568e-07, 8.10214487501e-07, 1.24774294363e-06, 2.44062050569e-07, 8.28883912618e-08, 2.24345413358e-07, 3.06080255541e-06, 1.84042960427e-06, 1.8160720856e-06, 5.39850532277e-07, 1.64414426518e-09, 4.2039682846e-10, 3.63421426286e-09, 1.65396976115e-08, 7.97649724049e-10, 1.12757625459e-09, 1.40626721379e-09, 8.35039648539e-10, 2.68870870013e-10, 1.0719816701e-10, 1.69036173947e-11, 1.63809113843e-12, 3.99423197425e-13, 4.23242306003e-13, 4.43946474634e-13, 2.85581190044e-14, 1.2184742588e-14, 6.11818123494e-15, 3.84544360669e-15, 1.01775667294e-14, 5.78071356787e-15, 1.04952633769e-15, 4.57497487295e-15, 1.03271188665e-15, 7.83222937783e-16, 3.43661621962e-16, 3.95804652557e-16]
    },
    "mfcc": {
        "mean": [-784.474853516, 243.783599854, 14.5689277649, 4.81851911545, 10.1894798279, 12.9565629959, 12.8116102219, 11.2798137665, 7.9437918663, 7.04834794998, 2.85488057137, -1.56146550179, -2.584887743],
        "cov": [[4906.39013672, -285.87097168, -1662.67016602, -312.905029297, -656.28302002, -306.166442871, -194.611968994, 98.4397125244, 150.105361938, 201.885223389, -23.9753665924, -114.803146362, -20.6148300171], [-285.87097168, 1123.32385254, -158.52835083, -406.963104248, -76.610168457, -104.861503601, 29.6382465363, -11.5450439453, 25.0978050232, -28.8085594177, 5.9959230423, -51.188785553, -98.3833770752], [-1662.67016602, -158.52835083, 1096.52050781, 227.77255249, 166.625808716, 27.3977413177, -53.8093032837, -117.208724976, -132.372497559, -56.2459259033, 85.4971160889, 157.731811523, 99.3393173218], [-312.905029297, -406.963104248, 227.77255249, 422.513275146, 145.08946228, 55.5814247131, -40.749546051, -46.0340385437, -58.2953681946, -24.6456375122, 14.5831508636, 72.5110778809, 84.3182373047], [-656.28302002, -76.610168457, 166.625808716, 145.08946228, 211.769607544, 112.029716492, 38.9194374084, -10.1973571777, -20.8653354645, -36.2839164734, -14.5090856552, 9.01744937897, 12.3932085037], [-306.166442871, -104.861503601, 27.3977413177, 55.5814247131, 112.029716492, 171.932434082, 93.4531707764, 21.1182785034, 15.713637352, -10.7256469727, -33.724067688, -31.6491374969, -15.1956348419], [-194.611968994, 29.6382465363, -53.8093032837, -40.749546051, 38.9194374084, 93.4531707764, 151.165863037, 78.0267410278, 36.4928970337, -6.03344917297, -42.8075408936, -50.4375114441, -37.57371521], [98.4397125244, -11.5450439453, -117.208724976, -46.0340385437, -10.1973571777, 21.1182785034, 78.0267410278, 117.522171021, 58.9113769531, -2.16229987144, -32.3143234253, -44.8990097046, -23.6813488007], [150.105361938, 25.0978050232, -132.372497559, -58.2953681946, -20.8653354645, 15.713637352, 36.4928970337, 58.9113769531, 98.2494049072, 34.1435546875, -27.2586078644, -50.7227859497, -37.4380989075], [201.885223389, -28.8085594177, -56.2459259033, -24.6456375122, -36.2839164734, -10.7256469727, -6.03344917297, -2.16229987144, 34.1435546875, 77.4522323608, 24.5328731537, -12.0376081467, -25.4479484558], [-23.9753665924, 5.9959230423, 85.4971160889, 14.5831508636, -14.5090856552, -33.724067688, -42.8075408936, -32.3143234253, -27.2586078644, 24.5328731537, 99.3771286011, 54.334148407, -1.66412866116], [-114.803146362, -51.188785553, 157.731811523, 72.5110778809, 9.01744937897, -31.6491374969, -50.4375114441, -44.8990097046, -50.7227859497, -12.0376081467, 54.334148407, 124.753662109, 61.2696037292], [-20.6148300171, -98.3833770752, 99.3393173218, 84.3182373047, 12.3932085037, -15.1956348419, -37.57371521, -23.6813488007, -37.4380989075, -25.4479484558, -1.66412866116, 61.2696037292, 121.677902222]],
