{
"lowlevel": {
    "average_loudness": 0.857182681561,
    "barkbands_crest": {
        "dmean": 2.62190794945,
        "dmean2": 4.27186250687,
        "dvar": 5.68855619431,
        "dvar2": 14.9884366989,
        "max": 25.7786083221,
        "mean": 11.3895807266,
        "median": 10.7371854782,
        "min": 3.46392250061,
        "var": 15.4911518097
    },
    "barkbands_flatness_db": {
        "dmean": 0.0250997003168,
        "dmean2": 0.0379127860069,
        "dvar": 0.000565950118471,
        "dvar2": 0.00123002124019,
        "max": 0.535582244396,
        "mean": 0.226396694779,
        "median": 0.221099734306,
        "min": 0.0473127216101,
        "var": 0.00340284663253
    },
    "barkbands_kurtosis": {
        "dmean": 4.46661472321,
        "dmean2": 6.87380504608,
        "dvar": 69.5491027832,
        "dvar2": 157.396514893,
        "max": 279.83013916,
        "mean": 7.36204338074,
        "median": 3.06417346001,
        "min": -1.87824618816,
        "var": 227.208312988
    },
    "barkbands_skewness": {
        "dmean": 0.647997021675,
        "dmean2": 0.971233785152,
        "dvar": 0.457669734955,
        "dvar2": 1.01307368279,
        "max": 12.4152812958,
        "mean": 1.90385389328,
        "median": 1.72180044651,
        "min": -3.26879620552,
        "var": 2.22774624825
    },
    "barkbands_spread": {
        "dmean": 3.82906150818,
        "dmean2": 5.83382558823,
        "dvar": 28.6825199127,
        "dvar2": 57.1653594971,
        "max": 121.08164978,
        "mean": 13.7164421082,
        "median": 11.8490476608,
        "min": 0.32418820262,
        "var": 101.930938721
    },
    "dissonance": {
        "dmean": 0.0274792220443,
        "dmean2": 0.0456867665052,
        "dvar": 0.000774344254751,
        "dvar2": 0.0020949409809,
        "max": 0.499899834394,
        "mean": 0.430831938982,
        "median": 0.441817015409,
        "min": 0.076250359416,
        "var": 0.00222887983546
    },
    "dynamic_complexity": 3.422570467,
    "erbbands_crest": {
        "dmean": 2.90035581589,
        "dmean2": 4.53260183334,
        "dvar": 7.96839475632,
        "dvar2": 19.3739147186,
        "max": 33.5314674377,
        "mean": 11.8402957916,
        "median": 10.5615577698,
        "min": 2.69230270386,
        "var": 28.7150344849
    },
    "erbbands_flatness_db": {
        "dmean": 0.018754478544,
        "dmean2": 0.0250335894525,
        "dvar": 0.000328097841702,
        "dvar2": 0.000587687070947,
        "max": 0.420725047588,
        "mean": 0.216771110892,
        "median": 0.21486338973,
        "min": 0.0533413924277,
        "var": 0.00313702155836
    },
    "erbbands_kurtosis": {
        "dmean": 1.13034820557,
        "dmean2": 1.75800919533,
        "dvar": 3.54930305481,
        "dvar2": 8.0442609787,
        "max": 155.16947937,
        "mean": 0.99644523859,
        "median": -0.121621727943,
        "min": -1.86140930653,
        "var": 38.7291259766
    },
    "erbbands_skewness": {
        "dmean": 0.397519439459,
        "dmean2": 0.584428966045,
        "dvar": 0.169364959002,
        "dvar2": 0.354693651199,
        "max": 9.43764400482,
        "mean": 0.26568120718,
        "median": 0.196485966444,
        "min": -3.69695925713,
        "var": 0.924250781536
    },
    "erbbands_spread": {
        "dmean": 6.98124265671,
        "dmean2": 10.2531328201,
        "dvar": 76.9991378784,
        "dvar2": 157.00138855,
        "max": 186.090316772,
        "mean": 32.2516975403,
        "median": 29.7923660278,
        "min": 0.986584484577,
        "var": 346.216094971
    },
    "hfc": {
        "dmean": 4.51958703995,
        "dmean2": 6.47734451294,
        "dvar": 49.7383460999,
        "dvar2": 105.754447937,
        "max": 138.670593262,
        "mean": 14.3419704437,
        "median": 11.4114151001,
        "min": 1.23630202594e-16,
        "var": 159.888076782
    },
    "melbands_crest": {
        "dmean": 3.38841462135,
        "dmean2": 5.58458709717,
        "dvar": 8.80182361603,
        "dvar2": 23.7937908173,
        "max": 32.9501228333,
        "mean": 15.8505239487,
        "median": 15.3122644424,
        "min": 1.51445150375,
        "var": 25.5931243896
    },
    "melbands_flatness_db": {
        "dmean": 0.0297966618091,
        "dmean2": 0.0448796339333,
        "dvar": 0.000823836715426,
        "dvar2": 0.00176029431168,
        "max": 0.691310048103,
        "mean": 0.309147149324,
        "median": 0.30389252305,
        "min": 0.00405767839402,
        "var": 0.00543078361079
    },
    "melbands_kurtosis": {
        "dmean": 9.93670845032,
        "dmean2": 15.2710037231,
        "dvar": 327.389221191,
        "dvar2": 740.11151123,
        "max": 473.80090332,
        "mean": 18.7135353088,
        "median": 9.25415802002,
        "min": -1.91555583477,
        "var": 831.811645508
    },
    "melbands_skewness": {
        "dmean": 0.86496502161,
        "dmean2": 1.30288481712,
        "dvar": 0.813817381859,
        "dvar2": 1.84563481808,
        "max": 17.350227356,
        "mean": 2.9566245079,
        "median": 2.68202590942,
        "min": -2.22539806366,
        "var": 3.82770085335
    },
    "melbands_spread": {
        "dmean": 4.74595499039,
        "dmean2": 7.28242349625,
        "dvar": 65.4967498779,
        "dvar2": 130.714599609,
        "max": 216.101669312,
        "mean": 14.9973287582,
        "median": 11.5581550598,
        "min": 0.419667214155,
        "var": 251.473144531
    },
    "pitch_salience": {
        "dmean": 0.0712730661035,
        "dmean2": 0.115396976471,
        "dvar": 0.00440416531637,
        "dvar2": 0.0119805242866,
        "max": 0.938445448875,
        "mean": 0.487434476614,
        "median": 0.483009397984,
        "min": 0.13378752768,
        "var": 0.0134168611839
    },
    "silence_rate_20dB": {
        "dmean": 0,
        "dmean2": 0,
        "dvar": 0,
        "dvar2": 0,
        "max": 1,
        "mean": 1,
        "median": 1,
        "min": 1,
        "var": 0
    },
    "silence_rate_30dB": {
        "dmean": 0.0422854907811,
        "dmean2": 0.08457647264,
        "dvar": 0.0404971167445,
        "dvar2": 0.0927357375622,
        "max": 1,
        "mean": 0.952788591385,
        "median": 1,
        "min": 0,
        "var": 0.0449883565307
    },
    "silence_rate_60dB": {
        "dmean": 0.00804202631116,
        "dmean2": 0.0160850957036,
        "dvar": 0.00797527190298,
        "dvar2": 0.0193223617971,
        "max": 1,
        "mean": 0.0601167306304,
        "median": 0,
        "min": 0,
        "var": 0.056496322155
    },
    "spectral_centroid": {
        "dmean": 159.741439819,
        "dmean2": 236.083908081,
        "dvar": 48681.6484375,
        "dvar2": 90310.5859375,
        "max": 10985.4667969,
        "mean": 881.621643066,
        "median": 755.50189209,
        "min": 124.804969788,
        "var": 288878.59375
    },
    "spectral_complexity": {
        "dmean": 1.8727543354,
        "dmean2": 2.9189260006,
        "dvar": 4.25316238403,
        "dvar2": 8.53120517731,
        "max": 44,
        "mean": 12.4799613953,
        "median": 12,
        "min": 0,
        "var": 30.8462677002
    },
    "spectral_decrease": {
        "dmean": 4.41708536414e-09,
        "dmean2": 6.98441660063e-09,
        "dvar": 4.47827278743e-17,
        "dvar2": 1.11298461673e-16,
        "max": 5.84489998092e-18,
        "mean": -1.02328643337e-08,
        "median": -8.05415112382e-09,
        "min": -9.80997612032e-08,
        "var": 8.7055253757e-17
    },
    "spectral_energy": {
        "dmean": 0.0169792883098,
        "dmean2": 0.0268087461591,
        "dvar": 0.000658823701087,
        "dvar2": 0.00163299951237,
        "max": 0.378538429737,
        "mean": 0.0399222485721,
        "median": 0.0314872190356,
        "min": 1.07325157749e-20,
        "var": 0.00129818706773
    },
    "spectral_energyband_high": {
        "dmean": 7.5688934885e-05,
        "dmean2": 0.000100041361293,
        "dvar": 7.47672004309e-08,
        "dvar2": 1.19885740446e-07,
        "max": 0.0121839670464,
        "mean": 0.000141133568832,
        "median": 4.15925387642e-05,
        "min": 7.59713128386e-21,
        "var": 2.40804411078e-07
    },
    "spectral_energyband_low": {
        "dmean": 0.0135484095663,
        "dmean2": 0.0217892397195,
        "dvar": 0.000449523184216,
        "dvar2": 0.00116751994938,
        "max": 0.340651452541,
        "mean": 0.0223734900355,
        "median": 0.0154549591243,
        "min": 4.30272915819e-23,
        "var": 0.000704851234332
    },
    "spectral_energyband_middle_high": {
        "dmean": 0.00160927930847,
        "dmean2": 0.00225780485198,
        "dvar": 1.01320902104e-05,
        "dvar2": 2.25970452448e-05,
        "max": 0.103773631155,
        "mean": 0.00422716559842,
        "median": 0.00241312198341,
        "min": 1.62298551322e-21,
        "var": 3.4077645978e-05
    },
    "spectral_energyband_middle_low": {
        "dmean": 0.00635021319613,
        "dmean2": 0.0101258615032,
        "dvar": 0.000173941021785,
        "dvar2": 0.000448863138445,
        "max": 0.275592416525,
        "mean": 0.0150185674429,
        "median": 0.0110937226564,
        "min": 2.60773989253e-22,
        "var": 0.000253429956501
    },
    "spectral_entropy": {
        "dmean": 0.184384554625,
        "dmean2": 0.259987980127,
        "dvar": 0.0388313494623,
        "dvar2": 0.0696175098419,
        "max": 9.80237483978,
        "mean": 6.68595552444,
        "median": 6.67595863342,
        "min": 4.33886289597,
        "var": 0.302185714245
    },
    "spectral_flux": {
        "dmean": 0.031361579895,
        "dmean2": 0.0514101870358,
        "dvar": 0.00139736721758,
        "dvar2": 0.00345674599521,
        "max": 0.465190052986,
        "mean": 0.0864663943648,
        "median": 0.0739195793867,
        "min": 1.03597859458e-10,
        "var": 0.00366116710939
    },
    "spectral_kurtosis": {
        "dmean": 4.85841464996,
        "dmean2": 8.29634284973,
        "dvar": 33.3748435974,
        "dvar2": 86.3602142334,
        "max": 182.918914795,
        "mean": 11.3785848618,
        "median": 9.04808425903,
        "min": -1.43561255932,
        "var": 106.212547302
    },
    "spectral_rms": {
        "dmean": 0.00118320039473,
        "dmean2": 0.00181848427746,
        "dvar": 1.91039998754e-06,
        "dvar2": 4.47584261565e-06,
        "max": 0.0192173309624,
        "mean": 0.00565449753776,
        "median": 0.00554249389097,
        "min": 3.23585342549e-12,
        "var": 6.97504083291e-06
    },
    "spectral_rolloff": {
        "dmean": 275.814422607,
        "dmean2": 471.375793457,
        "dvar": 462710.4375,
        "dvar2": 932411.5625,
        "max": 19315.2832031,
        "mean": 949.530090332,
        "median": 602.9296875,
        "min": 64.599609375,
        "var": 3144216.25
    },
    "spectral_skewness": {
        "dmean": 0.420878320932,
        "dmean2": 0.702031552792,
        "dvar": 0.175034716725,
        "dvar2": 0.445989608765,
        "max": 11.709438324,
        "mean": 2.21346306801,
        "median": 2.10244703293,
        "min": -0.319199085236,
        "var": 0.78503715992
    },
    "spectral_spread": {
        "dmean": 469162.53125,
        "dmean2": 637353.4375,
        "dvar": 579478028288,
        "dvar2": 793121325056,
        "max": 40852112,
        "mean": 3046359,
        "median": 2580062.25,
        "min": 597020.75,
        "var": 3.09667823616e+12
    },
    "spectral_strongpeak": {
        "dmean": 0.454360634089,
        "dmean2": 0.783857584,
        "dvar": 0.717344939709,
        "dvar2": 1.86747229099,
        "max": 9.89672660828,
        "mean": 0.812498807907,
        "median": 0.472661554813,
        "min": 0,
        "var": 1.01853775978
    },
    "zerocrossingrate": {
        "dmean": 0.00638857064769,
        "dmean2": 0.00760059896857,
        "dvar": 0.00012303944095,
        "dvar2": 0.000130544780404,
        "max": 0.52099609375,
        "mean": 0.036434110254,
        "median": 0.02880859375,
        "min": 0.0029296875,
        "var": 0.00206807837822
    },
    "barkbands": {
        "dmean": [5.70581833017e-05, 0.00820920430124, 0.00614643329754, 0.00228294590488, 0.00259881420061, 0.00085275422316, 0.000927036744542, 0.000730076048058, 0.00123270391487, 0.000748886377551, 0.000284556066617, 0.000298626779113, 0.000239859175053, 0.000318420352414, 0.000203318370041, 0.000170657804119, 0.000102601276012, 0.000107526131615, 4.04921920563e-05, 1.6946987671e-05, 1.22409810501e-05, 9.66509651334e-06, 1.51998810907e-05, 1.79749113158e-05, 1.74993347173e-05, 3.41502982337e-06, 5.9418505316e-07],
        "dmean2": [8.68125498528e-05, 0.0135237947106, 0.00995862483978, 0.00379260024056, 0.00426531815901, 0.00128323864192, 0.00143372942694, 0.00108315772377, 0.0018817356322, 0.00112803734373, 0.000429451436503, 0.000444106874056, 0.000362784689059, 0.000465521210572, 0.000318380945828, 0.000251749879681, 0.00015703162353, 0.000168356331415, 6.36645709164e-05, 2.63846250164e-05, 1.81467785296e-05, 1.3435503206e-05, 1.95246884687e-05, 2.48989508691e-05, 2.45612027356e-05, 4.86933276989e-06, 8.54954805618e-07],
        "dvar": [1.43278064968e-08, 0.000181162133231, 0.000137287875987, 3.27771085722e-05, 3.12913907692e-05, 3.81942163585e-06, 3.80971468985e-05, 5.28575401404e-06, 1.39907087942e-05, 6.4645855673e-06, 1.26100633224e-06, 8.62198760387e-07, 4.12164695263e-07, 1.05590379462e-06, 3.21247597412e-07, 1.76520629225e-07, 4.52997745981e-08, 6.27384793006e-08, 2.93440702848e-08, 3.02769831428e-09, 7.40793204557e-10, 1.86565163318e-09, 3.63203089826e-09, 8.1678930286e-09, 1.25893135916e-08, 3.38733679994e-10, 5.53320844005e-12],
        "dvar2": [3.41244046353e-08, 0.000485958909849, 0.000354117393726, 8.99949009181e-05, 8.58951243572e-05, 8.9820168796e-06, 9.07948196982e-05, 1.23115141832e-05, 3.5338318412e-05, 1.62946398632e-05, 2.87548982669e-06, 1.8672698161e-06, 9.32955686039e-07, 2.43386784859e-06, 7.62342608596e-07, 3.80802873678e-07, 1.00622777666e-07, 1.39579256597e-07, 7.0378526118e-08, 6.94837698489e-09, 1.61408264532e-09, 3.40170647206e-09, 5.89427662234e-09, 1.49608041511e-08, 2.31366552583e-08, 7.0717365297e-10, 1.09178742436e-11],
        "max": [0.00458646193147, 0.175267159939, 0.271628528833, 0.104879915714, 0.108638562262, 0.0911238193512, 0.237268015742, 0.0796774476767, 0.0962729156017, 0.0836462154984, 0.0491666570306, 0.0403263345361, 0.0209981333464, 0.0474206507206, 0.0160117857158, 0.0135451629758, 0.00468261679634, 0.00953382533044, 0.0076415729709, 0.00236928346567, 0.000819055072498, 0.00276722060516, 0.00334506179206, 0.00425561144948, 0.00787531584501, 0.00117408763617, 8.46706534503e-05],
        "mean": [7.88465040387e-05, 0.0120246009901, 0.00858609564602, 0.00343602872454, 0.004705268424, 0.0016188925365, 0.00126883410849, 0.00137768208515, 0.00228099175729, 0.00134592503309, 0.000456504960312, 0.000497109547723, 0.00038744698395, 0.000518770888448, 0.000345312582795, 0.000342272687703, 0.00019153750327, 0.000215918349568, 8.53058736539e-05, 3.62871651305e-05, 2.39985420194e-05, 1.64096418303e-05, 2.66563056357e-05, 2.57661213254e-05, 2.4819490136e-05, 4.30260024586e-06, 6.33508818737e-07],
        "median": [2.95951704175e-05, 0.00782739929855, 0.0033464927692, 0.00146280741319, 0.00284145027399, 0.000703882426023, 0.000107514832052, 0.000283561181277, 0.000449986138847, 0.000156029593199, 5.81810090807e-05, 8.24763556011e-05, 6.83421094436e-05, 7.37053414923e-05, 0.000115279493912, 0.000126860119053, 9.40658210311e-05, 0.00011330882262, 4.31755179306e-05, 1.56894402608e-05, 1.23378231365e-05, 4.06341587222e-06, 4.5202077672e-06, 1.75745663e-06, 6.25366283202e-07, 2.15555871819e-07, 2.5787329605e-08],
        "min": [3.39365476514e-24, 4.22676840056e-24, 1.62396357453e-23, 3.98860159029e-23, 2.20739137385e-23, 5.67845429861e-23, 6.24232765604e-23, 2.08959740131e-23, 4.36314233512e-23, 2.28322741257e-23, 3.07717000197e-23, 5.01844404038e-23, 1.13844089195e-22, 1.93395776372e-22, 1.29775873549e-22, 1.65149267442e-22, 1.21938117627e-22, 4.09214665229e-22, 1.84947290648e-22, 2.70055284901e-22, 4.46690354502e-22, 5.3458743275e-22, 4.13527475083e-22, 9.79661038914e-22, 1.2949608415e-21, 1.60879772994e-21, 2.53501555036e-21],
        "var": [1.83159034606e-08, 0.000220818867092, 0.000224848728976, 3.28595815517e-05, 3.94723574573e-05, 6.84473434376e-06, 4.04389538744e-05, 1.00585712062e-05, 3.00391056953e-05, 1.37015958899e-05, 2.39519545175e-06, 1.68008273249e-06, 8.10716699107e-07, 1.93336927623e-06, 5.87386750794e-07, 4.17647243012e-07, 9.96469964321e-08, 1.24790616951e-07, 5.05344672774e-08, 7.4688841778e-09, 1.73180692009e-09, 5.50927525822e-09, 1.27410313411e-08, 1.80125780957e-08, 3.69003991807e-08, 6.72245703548e-10, 7.85662767483e-12]
    },
    "erbbands": {
        "dmean": [0.153702184558, 2.17908287048, 7.21936750412, 6.19001913071, 9.17576789856, 8.62120056152, 5.27271747589, 7.90066194534, 12.2472400665, 12.1505155563, 19.7053089142, 28.1979789734, 22.4914455414, 22.2100963593, 9.73832893372, 12.7728261948, 10.4332437515, 18.3028106689, 10.1116285324, 8.70326519012, 9.46382141113, 4.71425247192, 6.10805416107, 2.45453000069, 1.96036481857, 0.839188814163, 0.609483659267, 0.388169825077, 0.341839939356, 0.374078810215, 0.444093465805, 0.389006108046, 0.317941635847, 0.234765842557, 0.102221660316, 0.0248258151114, 0.00469539919868, 0.00071170530282, 9.90384723991e-05, 2.27644941333e-05],
        "dmean2": [0.246187344193, 3.60068559647, 11.731880188, 10.1059951782, 15.1501960754, 14.1238861084, 8.41402053833, 11.9236097336, 18.7063312531, 19.0216960907, 28.9886322021, 42.5136108398, 34.2353553772, 32.9906921387, 14.3142271042, 18.5420017242, 15.5813093185, 26.383934021, 15.5065574646, 13.4187164307, 13.8541889191, 7.03961992264, 9.39653015137, 3.78331398964, 3.06542515755, 1.30093729496, 0.927051067352, 0.565561652184, 0.478048682213, 0.485865592957, 0.578845500946, 0.537479639053, 0.445486396551, 0.329087853432, 0.146490141749, 0.0347386598587, 0.00657378416508, 0.000991912209429, 0.000141288444865, 3.44967083947e-05],
        "dvar": [0.0758215487003, 12.5179777145, 169.516845703, 175.25932312, 425.446411133, 355.895965576, 115.602622986, 388.015594482, 4753.625, 6952.47509766, 2734.10644531, 8086.54003906, 6650.23876953, 8076.97412109, 838.872558594, 1727.5970459, 784.340148926, 3273.06640625, 872.123962402, 599.856262207, 503.830413818, 111.030540466, 206.340133667, 50.939617157, 79.1797409058, 7.28049707413, 2.42650532722, 1.10978055, 2.13256883621, 2.7984688282, 3.12332701683, 3.16860437393, 2.88494467735, 2.09233736992, 0.615012824535, 0.0214384552091, 0.000634563912172, 9.5901059467e-06, 1.48922495669e-07, 1.57922397381e-09],
        "dvar2": [0.182416200638, 34.2247390747, 432.662078857, 472.252655029, 1180.03723145, 946.190795898, 306.083465576, 914.117431641, 11497.6025391, 16998.09375, 6207.1875, 20429.8554688, 15956.4785156, 20104.4648438, 1854.74230957, 3638.19799805, 1791.13134766, 7167.41162109, 2021.72119141, 1421.64294434, 1057.4284668, 236.21723938, 459.503173828, 114.456062317, 187.343078613, 16.6955909729, 5.64630556107, 2.24880599976, 3.83188033104, 4.6583480835, 5.20886039734, 6.02724456787, 5.29252910614, 3.79002022743, 1.2619587183, 0.0395297855139, 0.00123538379557, 1.96247747226e-05, 2.87667461407e-07, 3.38734440497e-09],
        "max": [3.59217309952, 46.4349899292, 283.36505127, 231.387252808, 335.534545898, 489.920928955, 193.983261108, 818.0703125, 2369.40380859, 4382.92919922, 1388.29162598, 2485.33764648, 2291.66894531, 3491.06225586, 1072.90063477, 1977.26342773, 956.771057129, 2833.65844727, 758.996337891, 1038.82275391, 879.303039551, 270.875061035, 521.777709961, 428.459228516, 495.759887695, 113.3542099, 37.429813385, 46.0060310364, 99.0034561157, 93.2626113892, 111.888717651, 84.9501876831, 74.1224899292, 79.9724502563, 64.3140640259, 12.9384737015, 1.1680778265, 0.12337834388, 0.0178049635142, 0.000675806601066],
        "mean": [0.203046292067, 3.23094439507, 10.5196676254, 10.0509233475, 15.5173778534, 15.5608253479, 9.48607635498, 14.7020378113, 18.1787834167, 17.22914505, 40.3641967773, 52.6988677979, 40.8229408264, 42.7411422729, 18.7735462189, 21.8121891022, 18.0194034576, 31.2974510193, 17.4182777405, 16.1459751129, 20.3371658325, 9.76007652283, 12.658870697, 6.04616260529, 3.87632083893, 1.85500085354, 1.27187120914, 0.722845256329, 0.562887132168, 0.676304996014, 0.762228488922, 0.566154658794, 0.446340322495, 0.326076090336, 0.140514209867, 0.0337905660272, 0.00581985898316, 0.000847474148031, 0.000122607933008, 5.10568352183e-05],
        "median": [0.110422715545, 2.12950086594, 4.93406867981, 5.39766025543, 8.50091362, 8.89577293396, 5.47602176666, 5.24574232101, 3.2537355423, 3.74402689934, 12.2136650085, 12.4178504944, 8.09724998474, 5.38268280029, 4.05265760422, 3.90841960907, 4.19476604462, 4.23240756989, 5.37719869614, 6.42149925232, 7.61477565765, 5.46377849579, 6.58958530426, 3.79290533066, 2.03478431702, 0.854872107506, 0.612717151642, 0.338155031204, 0.145635604858, 0.139999240637, 0.129980817437, 0.0559604354203, 0.0233535114676, 0.00894374959171, 0.00336947804317, 0.00134903157596, 0.000307631271426, 5.02729380969e-05, 2.43567374127e-05, 3.75811287086e-05],
        "min": [8.57719500787e-23, 1.35790391429e-21, 1.24813363407e-20, 8.57182194876e-20, 8.54125180902e-20, 1.03353567976e-19, 1.28122948581e-19, 4.84055961504e-19, 9.81669309849e-19, 6.96996911497e-19, 6.55903250749e-19, 9.29472455438e-19, 1.08600697718e-18, 7.36476484375e-19, 1.21998314625e-18, 2.45991003067e-18, 4.82417151274e-18, 1.03992956359e-17, 8.50705132866e-18, 5.74314890736e-18, 1.01143939534e-17, 7.61470542745e-18, 1.94149513719e-17, 1.58172533746e-17, 1.19659699258e-17, 1.08449987479e-17, 1.80216119521e-17, 1.47351208081e-17, 2.12040123423e-17, 1.35746087425e-17, 1.29428677477e-17, 1.73447730703e-17, 1.76806017815e-17, 1.28293471348e-17, 9.22811790351e-18, 4.98673028749e-18, 3.4051349001e-18, 1.25253135919e-18, 3.73382892007e-19, 3.77639162774e-20],
        "var": [0.0910449847579, 15.6509332657, 282.70690918, 213.573486328, 495.566833496, 531.483642578, 167.193450928, 696.272644043, 5318.83105469, 6623.06933594, 6296.51953125, 16572.2167969, 12484.9316406, 18974.2714844, 2211.56787109, 3214.95361328, 1534.84423828, 6738.56201172, 1583.69140625, 1085.24084473, 1383.00158691, 242.619918823, 425.685272217, 102.475479126, 129.472412109, 17.716884613, 5.74770879745, 2.65589594841, 6.02130746841, 9.82303142548, 9.7807970047, 7.37507247925, 6.32254076004, 5.41020107269, 1.59238147736, 0.0623364038765, 0.00113443145528, 1.52201773744e-05, 2.28337697195e-07, 2.93017254904e-09]
    },
    "gfcc": {
        "mean": [-65.5220336914, 146.548065186, -117.497703552, 32.2974319458, -34.2371520996, 4.74504852295, -27.4738388062, 8.46561145782, -11.4997711182, -13.0046033859, -10.7320098877, -8.81344413757, -8.32556152344],
        "cov": [[14454.5087891, 1684.46264648, 476.247161865, 944.864624023, 93.0987625122, 947.568908691, -288.276916504, -142.433120728, -168.407592773, -292.729431152, -204.724868774, -169.738739014, -98.8640060425], [1684.46264648, 1845.62097168, -194.022598267, -106.143096924, 371.217010498, -59.7339248657, 405.561645508, -187.558197021, -18.2384338379, -231.68598938, 85.6903991699, -125.729736328, 37.2169723511], [476.247161865, -194.022598267, 1355.50500488, 252.339584351, 134.925064087, 406.859222412, -228.006164551, -66.0211410522, -191.021316528, -66.6885223389, -71.4115371704, 42.3341789246, -102.191841125], [944.864624023, -106.143096924, 252.339584351, 730.159912109, 190.771850586, 28.0643959045, -85.9611740112, -109.765213013, 127.608078003, 91.7389526367, -42.2123603821, 27.158493042, 76.5888519287], [93.0987625122, 371.217010498, 134.925064087, 190.771850586, 441.847869873, 92.746887207, 122.448692322, -88.0854034424, 1.33633124828, -0.204726561904, -3.30579328537, -0.694391489029, 21.3696746826], [947.568908691, -59.7339248657, 406.859222412, 28.0643959045, 92.746887207, 434.975891113, 5.13976430893, -56.6929588318, -122.454589844, -24.8794326782, -15.8000764847, 2.56098866463, -73.8640213013], [-288.276916504, 405.561645508, -228.006164551, -85.9611740112, 122.448692322, 5.13976430893, 454.127471924, 15.3262166977, 10.5847549438, -15.7778348923, 38.944858551, 17.813627243, 35.8781700134], [-142.433120728, -187.558197021, -66.0211410522, -109.765213013, -88.0854034424, -56.6929588318, 15.3262166977, 272.039215088, 33.7715835571, -9.15161991119, -28.0100345612, 40.3822059631, 14.4002771378], [-168.407592773, -18.2384338379, -191.021316528, 127.608078003, 1.33633124828, -122.454589844, 10.5847549438, 33.7715835571, 246.669067383, 89.670249939, -24.7136421204, 1.98896718025, 63.0253219604], [-292.729431152, -231.68598938, -66.6885223389, 91.7389526367, -0.204726561904, -24.8794326782, -15.7778348923, -9.15161991119, 89.670249939, 196.237472534, 28.3115406036, -0.883581280708, 5.48761224747], [-204.724868774, 85.6903991699, -71.4115371704, -42.2123603821, -3.30579328537, -15.8000764847, 38.944858551, -28.0100345612, -24.7136421204, 28.3115406036, 132.38571167, 18.0471363068, -31.3148670197], [-169.738739014, -125.729736328, 42.3341789246, 27.158493042, -0.694391489029, 2.56098866463, 17.813627243, 40.3822059631, 1.98896718025, -0.883581280708, 18.0471363068, 134.637588501, 35.4552841187], [-98.8640060425, 37.2169723511, -102.191841125, 76.5888519287, 21.3696746826, -73.8640213013, 35.8781700134, 14.4002771378, 63.0253219604, 5.48761224747, -31.3148670197, 35.4552841187, 155.980545044]],
        "icov": [[0.000254968035733, -0.000695222755894, 0.000364041217836, -0.000707618135493, 0.000646783504635, -0.000958524178714, 0.000583411601838, -0.000521716719959, 0.000481880269945, -0.00042446894804, 0.000752294843551, -0.000400847929996, 0.000347267196048], [-0.000695222755894, 0.00338494894095, -0.00115344021469, 0.00223391177133, -0.00275659770705, 0.002991336165, -0.00250044255517, 0.00215388531797, -0.00217556627467, 0.00335947144777, -0.0035499567166, 0.00273642269894, -0.00150420865975], [0.000364041217836, -0.00115344021469, 0.00199295743369, -0.00154861586634, 0.000774152867962, -0.00235468521714, 0.00156342529226, -0.000949536333792, 0.00152718659956, -0.000638646830339, 0.00185701332521, -0.00139034399763, 0.00117322360165], [-0.000707618135493, 0.00223391177133, -0.00154861586634, 0.00435728114098, -0.00277902465314, 0.00282303197309, -0.00137112231459, 0.00241914158687, -0.00271188351326, 0.000978704658337, -0.00211357697845, 0.00102578231599, -0.00192214536946], [0.000646783504635, -0.00275659770705, 0.000774152867962, -0.00277902465314, 0.0055069969967, -0.00302292988636, 0.000946551852394, -0.00117959582713, 0.0017623786116, -0.00234115635976, 0.00288058724254, -0.0018198536709, 0.00100685143843], [-0.000958524178714, 0.002991336165, -0.00235468521714, 0.00282303197309, -0.00302292988636, 0.00751061970368, -0.00304461293854, 0.00258670188487, -0.000934075040277, 0.00158904748969, -0.00234542135149, 0.00165341992397, -0.000343014544342], [0.000583411601838, -0.00250044255517, 0.00156342529226, -0.00137112231459, 0.000946551852394, -0.00304461293854, 0.00496863014996, -0.00195345026441, 0.00145084527321, -0.0019344316097, 0.00181443872862, -0.00222757109441, 0.000482385687064], [-0.000521716719959, 0.00215388531797, -0.000949536333792, 0.00241914158687, -0.00117959582713, 0.00258670188487, -0.00195345026441, 0.00623412756249, -0.00227172719315, 0.0019328254275, -0.000734418223146, -0.000186743971426, -0.00064929126529], [0.000481880269945, -0.00217556627467, 0.00152718659956, -0.00271188351326, 0.0017623786116, -0.000934075040277, 0.00145084527321, -0.00227172719315, 0.00867037195712, -0.004723707214, 0.0040254346095, -0.00158725783695, 0.00018066339544], [-0.00042446894804, 0.00335947144777, -0.000638646830339, 0.000978704658337, -0.00234115635976, 0.00158904748969, -0.0019344316097, 0.0019328254275, -0.004723707214, 0.0109091484919, -0.00567493075505, 0.00340988161042, -0.00101937470026], [0.000752294843551, -0.0035499567166, 0.00185701332521, -0.00211357697845, 0.00288058724254, -0.00234542135149, 0.00181443872862, -0.000734418223146, 0.0040254346095, -0.00567493075505, 0.0142321558669, -0.00565817393363, 0.00443995697424], [-0.000400847929996, 0.00273642269894, -0.00139034399763, 0.00102578231599, -0.0018198536709, 0.00165341992397, -0.00222757109441, -0.000186743971426, -0.00158725783695, 0.00340988161042, -0.00565817393363, 0.0118957189843, -0.00407815957442], [0.000347267196048, -0.00150420865975, 0.00117322360165, -0.00192214536946, 0.00100685143843, -0.000343014544342, 0.000482385687064, -0.00064929126529, 0.00018066339544, -0.00101937470026, 0.00443995697424, -0.00407815957442, 0.0101323528215]]
    },
    "melbands": {
        "dmean": [0.00184871430974, 0.00340205361135, 0.00114580837544, 0.000670163019095, 0.000203971096198, 0.000173439198988, 0.000195497806999, 0.00013345584739, 0.000172089945409, 0.00017662292521, 0.000112659923616, 9.44475614233e-05, 3.72855902242e-05, 3.30908187607e-05, 2.65807884716e-05, 2.76223945548e-05, 3.43844767485e-05, 1.60924937518e-05, 1.25025990201e-05, 1.14195499918e-05, 1.18107673188e-05, 4.68728148917e-06, 6.69183236823e-06, 5.51658922632e-06, 1.76262653895e-06, 1.74727995272e-06, 9.00216434729e-07, 5.5069466498e-07, 4.5744221211e-07, 2.98675502108e-07, 2.25202768434e-07, 1.90385279097e-07, 2.0746547591e-07, 2.20146972651e-07, 2.70667754876e-07, 2.86324933541e-07, 2.23008399303e-07, 2.22912220238e-07, 2.38238399675e-07, 1.90953088008e-07],
        "dmean2": [0.00302173802629, 0.0055417525582, 0.00187120074406, 0.0010964294197, 0.000330653390847, 0.000261258421233, 0.000299077946693, 0.000207546763704, 0.000253571022768, 0.000268255767878, 0.000171474239323, 0.000140830976306, 5.56587947358e-05, 4.93051375088e-05, 3.94569688069e-05, 4.02693658543e-05, 5.00390451634e-05, 2.50495741057e-05, 1.93856230908e-05, 1.72539239429e-05, 1.74500546564e-05, 7.14351790521e-06, 1.02023850559e-05, 8.74906527315e-06, 2.74284366242e-06, 2.76791479337e-06, 1.42062810937e-06, 8.60121303958e-07, 7.10369420176e-07, 4.44869385774e-07, 3.35234574322e-07, 2.74381022791e-07, 2.92336153507e-07, 2.88487768785e-07, 3.55688769105e-07, 4.12394456362e-07, 3.09450314262e-07, 3.16983658877e-07, 3.39510478398e-07, 2.72550124691e-07],
        "dvar": [9.84560665529e-06, 3.2147665479e-05, 5.90302033743e-06, 2.0459026473e-06, 1.88006680446e-07, 2.04588005204e-07, 1.27698513097e-06, 6.07834749644e-07, 1.88933412915e-07, 3.12098165978e-07, 1.67845229271e-07, 1.43367117289e-07, 1.50309773517e-08, 9.13834519167e-09, 6.94542512392e-09, 5.90265214484e-09, 1.15632632358e-08, 2.33608465905e-09, 1.3107518404e-09, 9.94876625526e-10, 7.4237205272e-10, 1.16517781534e-10, 2.65357902318e-10, 1.52222359717e-10, 3.38524208665e-11, 6.54760828889e-11, 1.48264768518e-11, 3.64961663321e-12, 1.65431915129e-12, 4.7213643585e-13, 4.90126602498e-13, 7.64824726988e-13, 8.7479334757e-13, 9.73909212824e-13, 9.96376375503e-13, 1.98417736234e-12, 1.13665403045e-12, 1.63922098551e-12, 1.67236678065e-12, 1.6627419927e-12],
        "dvar2": [2.52996105701e-05, 8.41825458338e-05, 1.60011240951e-05, 5.57447174288e-06, 5.11668645231e-07, 4.79475488646e-07, 3.04250602312e-06, 1.48139622524e-06, 4.34827313711e-07, 7.8994952446e-07, 4.03268245464e-07, 3.59704273478e-07, 3.35886340963e-08, 1.9817891328e-08, 1.54831365506e-08, 1.25337935586e-08, 2.53232901315e-08, 5.44436939975e-09, 3.08628345103e-09, 2.23684537559e-09, 1.5901785444e-09, 2.60779259298e-10, 5.76611924874e-10, 3.42543521326e-10, 7.95898624784e-11, 1.59427207547e-10, 3.55236985661e-11, 8.70960942256e-12, 3.96652719351e-12, 1.03968407234e-12, 1.03925017463e-12, 1.50400048318e-12, 1.62079995692e-12, 1.6396520643e-12, 1.66587772223e-12, 4.18841957645e-12, 2.27396010008e-12, 3.17410204023e-12, 3.06993211234e-12, 3.18689540903e-12],
        "max": [0.0406899638474, 0.110481798649, 0.0389838069677, 0.0278105791658, 0.0075301900506, 0.0203333664685, 0.0435869917274, 0.0398572683334, 0.0108927190304, 0.0145613960922, 0.0115528199822, 0.0149712497368, 0.00428352830932, 0.0029958281666, 0.00371792213991, 0.00299025839195, 0.00502440333366, 0.00140955182724, 0.00149966753088, 0.00114634435158, 0.00111378356814, 0.000287850270979, 0.000476197630633, 0.000518318149261, 0.000343751598848, 0.000396787450882, 0.000218764136662, 6.89692678861e-05, 3.82520956919e-05, 1.90703703993e-05, 3.09519891744e-05, 5.66475609958e-05, 5.67781644349e-05, 5.5932046962e-05, 5.98658880335e-05, 7.43502314435e-05, 4.33407112723e-05, 6.35616015643e-05, 6.61814774503e-05, 7.24094352336e-05],
        "mean": [0.00262668426149, 0.00522448960692, 0.00196687038988, 0.00120850210078, 0.000375242350856, 0.000321210041875, 0.000285631424049, 0.000197797140572, 0.000346632761648, 0.000323256419506, 0.0001982847607, 0.000178211717866, 6.53420793242e-05, 5.67181923543e-05, 4.28901257692e-05, 4.67564277642e-05, 5.71586315345e-05, 2.5499439289e-05, 2.23364349949e-05, 2.07042194234e-05, 2.42451478698e-05, 8.52154425957e-06, 1.22490828289e-05, 1.13177966341e-05, 3.93759046347e-06, 3.32541685566e-06, 1.71679698724e-06, 1.12467705549e-06, 8.79089441241e-07, 5.62059881304e-07, 3.68007391671e-07, 2.92814007707e-07, 3.43660985891e-07, 3.88637857895e-07, 4.62411946955e-07, 4.11698323433e-07, 3.08004899807e-07, 3.02235633853e-07, 3.22008844478e-07, 2.58699543565e-07],
        "median": [0.00166329927742, 0.00306210108101, 0.00116585858632, 0.000734224915504, 0.000230099147302, 0.000116606315714, 4.72564897791e-05, 5.0426042435e-05, 0.000106409803266, 6.34639218333e-05, 3.35752265528e-05, 1.92326187971e-05, 1.03028278318e-05, 1.02778403743e-05, 7.31407635612e-06, 7.66547236708e-06, 7.0688388405e-06, 6.63704804538e-06, 7.63896878198e-06, 8.16713964014e-06, 7.90580270404e-06, 4.04900265494e-06, 4.50402967545e-06, 6.34554908174e-06, 1.99116175281e-06, 1.63499362316e-06, 8.07385106327e-07, 3.99106909299e-07, 3.51835751644e-07, 2.59492594523e-07, 1.29430304696e-07, 6.9537378522e-08, 7.03398370661e-08, 6.29196748037e-08, 8.10455276223e-08, 4.34601190591e-08, 2.49451392875e-08, 1.62899045364e-08, 9.64009849724e-09, 6.02530914051e-09],
        "min": [1.48135456226e-24, 4.94908612742e-24, 1.54678773445e-23, 6.18809788643e-24, 4.23149525511e-24, 1.13580713782e-23, 1.524887378e-23, 6.73949114879e-24, 5.09698689752e-24, 6.20718950362e-24, 5.44502877903e-24, 2.59945583539e-24, 4.04254453008e-24, 4.81047616662e-24, 8.18275477338e-24, 1.37183258517e-23, 1.9443894079e-23, 1.3468981119e-23, 7.76608396527e-24, 6.87127115187e-24, 1.4017081676e-23, 7.47368793759e-24, 1.14760731367e-23, 2.10740577847e-23, 1.22288720545e-23, 5.48193248104e-24, 1.35825975998e-23, 4.8637187557e-24, 9.74681982383e-24, 1.20338269845e-23, 7.20240892747e-24, 1.17532244274e-23, 1.09132185142e-23, 6.01724402499e-24, 6.76866638051e-24, 9.65553126216e-24, 1.04216508852e-23, 1.22364001541e-23, 1.18980135357e-23, 1.07010717287e-23],
        "var": [1.16402425192e-05, 5.1193874242e-05, 7.08512607162e-06, 2.69683414444e-06, 2.40662302531e-07, 3.48598746314e-07, 1.42651185797e-06, 5.92694220813e-07, 4.24743319627e-07, 6.37960226868e-07, 3.14119915856e-07, 3.39106236424e-07, 3.59255416527e-08, 1.93650198099e-08, 1.24662085099e-08, 1.31051312025e-08, 2.40202595592e-08, 4.00069888329e-09, 2.48575626749e-09, 1.8965413684e-09, 2.03017536116e-09, 2.1317184129e-10, 6.51179554723e-10, 3.02219804738e-10, 6.07070158032e-11, 1.01859347346e-10, 2.56370289581e-11, 7.82755284201e-12, 3.53915161067e-12, 9.8745642739e-13, 1.06221520295e-12, 1.82949120263e-12, 2.59001175541e-12, 3.39046607629e-12, 3.01046275582e-12, 4.53087784305e-12, 2.29379362726e-12, 3.15372641196e-12, 4.03529987203e-12, 3.92283688172e-12]
    },
    "mfcc": {
        "mean": [-707.043579102, 170.032730103, -8.46683311462, 33.2266616821, 16.3656864166, 2.99382615089, 0.71234947443, 14.9846172333, 0.934538006783, 7.79962825775, -0.147532835603, -1.17517483234, -6.74010419846],
        "cov": [[8152.48730469, 1153.82116699, 203.47644043, 280.853759766, 209.282897949, 424.1746521, -84.6651916504, 127.94720459, 14.8694505692, 132.066452026, -198.326904297, -75.3163146973, -143.099578857], [1153.82116699, 2020.84155273, -224.969802856, -13.7952356339, -89.0645446777, 140.558029175, 296.982391357, 190.133102417, -63.5611419678, -3.17202401161, -57.3718719482, -65.2575912476, -113.71849823], [203.47644043, -224.969802856, 995.815795898, -7.41711330414, 314.173492432, 222.244720459, 58.8482704163, 49.7507553101, -91.3247909546, -79.2457351685, 3.52780151367, -9.96759319305, -33.6708335876], [280.853759766, -13.7952356339, -7.41711330414, 723.364013672, 168.97517395, 149.640563965, -106.788642883, -56.1197471619, 132.260681152, 63.4858551025, -38.2403411865, 13.1431674957, 87.1451797485], [209.282897949, -89.0645446777, 314.173492432, 168.97517395, 460.337188721, 173.324752808, -31.2849464417, -20.9635124207, -5.9609541893, -9.78021812439, -9.51461029053, -16.094991684, -15.2863674164], [424.1746521, 140.558029175, 222.244720459, 149.640563965, 173.324752808, 522.193237305, 129.8671875, -16.4304771423, -16.7516212463, 39.4717788696, 12.7624540329, -32.2797584534, -40.8812332153], [-84.6651916504, 296.982391357, 58.8482704163, -106.788642883, -31.2849464417, 129.8671875, 370.748779297, 115.669334412, -39.5560951233, -44.1741714478, 36.4204292297, 4.22034358978, -45.8992462158], [127.94720459, 190.133102417, 49.7507553101, -56.1197471619, -20.9635124207, -16.4304771423, 115.669334412, 238.289215088, 43.2467079163, -37.6308059692, -37.8677864075, 12.0244283676, 10.6511335373], [14.8694505692, -63.5611419678, -91.3247909546, 132.260681152, -5.9609541893, -16.7516212463, -39.5560951233, 43.2467079163, 246.942138672, 76.0880661011, -28.7828216553, -11.1372785568, 53.4711952209], [132.066452026, -3.17202401161, -79.2457351685, 63.4858551025, -9.78021812439, 39.4717788696, -44.1741714478, -37.6308059692, 76.0880661011, 166.951217651, 39.174785614, -25.0573406219, -2.48390579224], [-198.326904297, -57.3718719482, 3.52780151367, -38.2403411865, -9.51461029053, 12.7624540329, 36.4204292297, -37.8677864075, -28.7828216553, 39.174785614, 180.144287109, 55.3955917358, -14.3919706345], [-75.3163146973, -65.2575912476, -9.96759319305, 13.1431674957, -16.094991684, -32.2797584534, 4.22034358978, 12.0244283676, -11.1372785568, -25.0573406219, 55.3955917358, 148.003067017, 52.4526062012], [-143.099578857, -113.71849823, -33.6708335876, 87.1451797485, -15.2863674164, -40.8812332153, -45.8992462158, 10.6511335373, 53.4711952209, -2.48390579224, -14.3919706345, 52.4526062012, 140.904602051]],
