{
"lowlevel": {
    "average_loudness": 0.878215134144,
    "barkbands_crest": {
        "dmean": 2.50164651871,
        "dmean2": 3.93137574196,
        "dvar": 8.12800121307,
        "dvar2": 18.370092392,
        "max": 26.496837616,
        "mean": 16.0432853699,
        "median": 16.1623077393,
        "min": 3.13211464882,
        "var": 24.3743591309
    },
    "barkbands_flatness_db": {
        "dmean": 0.0248565375805,
        "dmean2": 0.0390292219818,
        "dvar": 0.000842776498757,
        "dvar2": 0.00204701605253,
        "max": 0.454686164856,
        "mean": 0.220925211906,
        "median": 0.220790147781,
        "min": 0.0443063154817,
        "var": 0.00319969747216
    },
    "barkbands_kurtosis": {
        "dmean": 10.902806282,
        "dmean2": 17.5044155121,
        "dvar": 360.11114502,
        "dvar2": 873.754516602,
        "max": 453.830810547,
        "mean": 24.876033783,
        "median": 14.0343580246,
        "min": -1.9687114954,
        "var": 1245.37890625
    },
    "barkbands_skewness": {
        "dmean": 0.930028915405,
        "dmean2": 1.45751368999,
        "dvar": 1.39123666286,
        "dvar2": 3.31284379959,
        "max": 19.9617805481,
        "mean": 3.51588320732,
        "median": 3.07592248917,
        "min": -2.26314902306,
        "var": 5.70215559006
    },
    "barkbands_spread": {
        "dmean": 4.27335166931,
        "dmean2": 7.13520765305,
        "dvar": 58.9030303955,
        "dvar2": 152.611663818,
        "max": 132.153366089,
        "mean": 10.3894987106,
        "median": 7.74135494232,
        "min": 0.597954750061,
        "var": 96.1609573364
    },
    "dissonance": {
        "dmean": 0.0271858759224,
        "dmean2": 0.0448396876454,
        "dvar": 0.000757667410653,
        "dvar2": 0.00200677593239,
        "max": 0.499501943588,
        "mean": 0.425408095121,
        "median": 0.435261934996,
        "min": 0.0339457318187,
        "var": 0.00246891519055
    },
    "dynamic_complexity": 3.77568817139,
    "erbbands_crest": {
        "dmean": 2.71680188179,
        "dmean2": 4.12331295013,
        "dvar": 8.44749069214,
        "dvar2": 20.3330612183,
        "max": 31.9629917145,
        "mean": 13.5395879745,
        "median": 12.3588562012,
        "min": 2.5217962265,
        "var": 38.8426551819
    },
    "erbbands_flatness_db": {
        "dmean": 0.0177374407649,
        "dmean2": 0.0257326755673,
        "dvar": 0.000372726266505,
        "dvar2": 0.0008058573585,
        "max": 0.403362363577,
        "mean": 0.155092433095,
        "median": 0.143418580294,
        "min": 0.0210432745516,
        "var": 0.00371642364189
    },
    "erbbands_kurtosis": {
        "dmean": 2.47634983063,
        "dmean2": 3.75434660912,
        "dvar": 17.2490100861,
        "dvar2": 38.4097251892,
        "max": 93.6581420898,
        "mean": 4.73297643661,
        "median": 1.62614679337,
        "min": -1.87136423588,
        "var": 74.1122436523
    },
    "erbbands_skewness": {
        "dmean": 0.547899603844,
        "dmean2": 0.849231481552,
        "dvar": 0.446779459715,
        "dvar2": 1.12856280804,
        "max": 8.20146560669,
        "mean": 1.21971595287,
        "median": 1.03346776962,
        "min": -5.99802207947,
        "var": 1.89859330654
    },
    "erbbands_spread": {
        "dmean": 9.87642860413,
        "dmean2": 15.5061502457,
        "dvar": 187.801498413,
        "dvar2": 490.938751221,
        "max": 219.646575928,
        "mean": 39.3291625977,
        "median": 32.9334373474,
        "min": 1.58480811119,
        "var": 817.053894043
    },
    "hfc": {
        "dmean": 4.86710166931,
        "dmean2": 7.95054197311,
        "dvar": 83.6980133057,
        "dvar2": 224.119125366,
        "max": 139.543075562,
        "mean": 14.6996383667,
        "median": 11.5898361206,
        "min": 1.1614188871e-16,
        "var": 164.646652222
    },
    "melbands_crest": {
        "dmean": 2.63500285149,
        "dmean2": 4.06378126144,
        "dvar": 8.9681520462,
        "dvar2": 18.7598133087,
        "max": 38.7753829956,
        "mean": 19.4755592346,
        "median": 18.8610687256,
        "min": 1.89791989326,
        "var": 35.6156768799
    },
    "melbands_flatness_db": {
        "dmean": 0.0287274364382,
        "dmean2": 0.0453393757343,
        "dvar": 0.00121635489631,
        "dvar2": 0.00291408551857,
        "max": 0.633112132549,
        "mean": 0.336917936802,
        "median": 0.337533652782,
        "min": 0.00526678329334,
        "var": 0.00405039964244
    },
    "melbands_kurtosis": {
        "dmean": 21.603351593,
        "dmean2": 34.012348175,
        "dvar": 1739.49108887,
        "dvar2": 4018.10302734,
        "max": 1133.70812988,
        "mean": 52.785533905,
        "median": 22.9798774719,
        "min": -1.79329311848,
        "var": 7775.35546875
    },
    "melbands_skewness": {
        "dmean": 1.11925446987,
        "dmean2": 1.69573867321,
        "dvar": 2.07226085663,
        "dvar2": 4.80750513077,
        "max": 28.137512207,
        "mean": 4.41865730286,
        "median": 3.61814427376,
        "min": -1.45976805687,
        "var": 12.3645935059
    },
    "melbands_spread": {
        "dmean": 2.9645254612,
        "dmean2": 4.99080276489,
        "dvar": 44.6591072083,
        "dvar2": 117.107139587,
        "max": 206.098510742,
        "mean": 7.31681919098,
        "median": 5.85748577118,
        "min": 0.392661243677,
        "var": 50.0035247803
    },
    "pitch_salience": {
        "dmean": 0.0634147301316,
        "dmean2": 0.0999650284648,
        "dvar": 0.00531669287011,
        "dvar2": 0.0131905972958,
        "max": 0.952241122723,
        "mean": 0.390953838825,
        "median": 0.402006447315,
        "min": 0.0293008685112,
        "var": 0.0140731129795
    },
    "silence_rate_20dB": {
        "dmean": 0,
        "dmean2": 0,
        "dvar": 0,
        "dvar2": 0,
        "max": 1,
        "mean": 1,
        "median": 1,
        "min": 1,
        "var": 0
    },
    "silence_rate_30dB": {
        "dmean": 0.112657189369,
        "dmean2": 0.225331157446,
        "dvar": 0.0999665632844,
        "dvar2": 0.206706047058,
        "max": 1,
        "mean": 0.821205377579,
        "median": 1,
        "min": 0,
        "var": 0.146840825677
    },
    "silence_rate_60dB": {
        "dmean": 0.00997097976506,
        "dmean2": 0.0199434440583,
        "dvar": 0.00987144280225,
        "dvar2": 0.0214795414358,
        "max": 1,
        "mean": 0.028497023508,
        "median": 0,
        "min": 0,
        "var": 0.0276823546737
    },
    "spectral_centroid": {
        "dmean": 154.970458984,
        "dmean2": 259.161102295,
        "dvar": 82051.1640625,
        "dvar2": 209252.171875,
        "max": 10900.8564453,
        "mean": 624.647888184,
        "median": 517.559570312,
        "min": 144.079238892,
        "var": 128887.46875
    },
    "spectral_complexity": {
        "dmean": 2.13125967979,
        "dmean2": 3.62196755409,
        "dvar": 12.473107338,
        "dvar2": 33.2151298523,
        "max": 47,
        "mean": 9.08035755157,
        "median": 9,
        "min": 0,
        "var": 22.3195171356
    },
    "spectral_decrease": {
        "dmean": 5.63979041246e-09,
        "dmean2": 9.11607678233e-09,
        "dvar": 1.27008606739e-16,
        "dvar2": 3.21034645553e-16,
        "max": 2.45876912726e-22,
        "mean": -1.48035388392e-08,
        "median": -1.01418748955e-08,
        "min": -9.51595211518e-08,
        "var": 1.91902077229e-16
    },
    "spectral_energy": {
        "dmean": 0.0215763859451,
        "dmean2": 0.0348201058805,
        "dvar": 0.00184653699398,
        "dvar2": 0.00466092769057,
        "max": 0.362581640482,
        "mean": 0.0572052821517,
        "median": 0.0394753478467,
        "min": 1.02503446026e-20,
        "var": 0.00282094278373
    },
    "spectral_energyband_high": {
        "dmean": 0.000163610675372,
        "dmean2": 0.0002735988528,
        "dvar": 1.87959926734e-07,
        "dvar2": 5.06799949562e-07,
        "max": 0.0135202398524,
        "mean": 0.000336224824423,
        "median": 0.000183888885658,
        "min": 7.32583219882e-21,
        "var": 2.50447385497e-07
    },
    "spectral_energyband_low": {
        "dmean": 0.019964473322,
        "dmean2": 0.0330927558243,
        "dvar": 0.00178930198308,
        "dvar2": 0.00457850983366,
        "max": 0.351223498583,
        "mean": 0.0404792092741,
        "median": 0.0189251452684,
        "min": 2.60258149951e-23,
        "var": 0.00223356601782
    },
    "spectral_energyband_middle_high": {
        "dmean": 0.00122522201855,
        "dmean2": 0.00213153590448,
        "dvar": 7.25627796783e-06,
        "dvar2": 2.04170682991e-05,
        "max": 0.0325539112091,
        "mean": 0.00204223301262,
        "median": 0.000849208678119,
        "min": 1.57140637936e-21,
        "var": 1.03876291178e-05
    },
    "spectral_energyband_middle_low": {
        "dmean": 0.003358354792,
        "dmean2": 0.00455012405291,
        "dvar": 1.98068992177e-05,
        "dvar2": 4.40755866293e-05,
        "max": 0.0936994627118,
        "mean": 0.015095599927,
        "median": 0.0103479772806,
        "min": 2.94826956208e-22,
        "var": 0.000230929217651
    },
    "spectral_entropy": {
        "dmean": 0.198752820492,
        "dmean2": 0.297575235367,
        "dvar": 0.0537696070969,
        "dvar2": 0.122624531388,
        "max": 9.79220104218,
        "mean": 7.01838159561,
        "median": 7.06738376617,
        "min": 4.81006765366,
        "var": 0.327321231365
    },
    "spectral_flux": {
        "dmean": 0.0456963852048,
        "dmean2": 0.0699489414692,
        "dvar": 0.00415029842407,
        "dvar2": 0.00862225610763,
        "max": 0.501761436462,
        "mean": 0.0788913816214,
        "median": 0.0492814779282,
        "min": 1.01243985418e-10,
        "var": 0.00641662115231
    },
    "spectral_kurtosis": {
        "dmean": 2.45277166367,
        "dmean2": 3.99018025398,
        "dvar": 22.1602191925,
        "dvar2": 50.4841079712,
        "max": 147.111740112,
        "mean": 8.29889774323,
        "median": 6.12720823288,
        "min": -1.29445147514,
        "var": 73.4318008423
    },
    "spectral_rms": {
        "dmean": 0.00121435220353,
        "dmean2": 0.00186873076018,
        "dvar": 3.8234047679e-06,
        "dvar2": 8.75649493537e-06,
        "max": 0.0188079290092,
        "mean": 0.00669821770862,
        "median": 0.00620584655553,
        "min": 3.16233085725e-12,
        "var": 1.09440088636e-05
    },
    "spectral_rolloff": {
        "dmean": 207.354141235,
        "dmean2": 378.244842529,
        "dvar": 743797.8125,
        "dvar2": 1947222.75,
        "max": 18906.1523438,
        "mean": 434.982849121,
        "median": 322.998046875,
        "min": 21.533203125,
        "var": 635127.625
    },
    "spectral_skewness": {
        "dmean": 0.281235307455,
        "dmean2": 0.446063041687,
        "dvar": 0.132321879268,
        "dvar2": 0.310579866171,
        "max": 9.33982086182,
        "mean": 2.28889632225,
        "median": 2.15922927856,
        "min": -0.015607223846,
        "var": 0.682870388031
    },
    "spectral_spread": {
        "dmean": 713448.8125,
        "dmean2": 1150426.125,
        "dvar": 905733210112,
        "dvar2": 2.23663357952e+12,
        "max": 39449880,
        "mean": 5568837,
        "median": 5343879,
        "min": 578610.9375,
        "var": 4.79638952346e+12
    },
    "spectral_strongpeak": {
        "dmean": 0.300796210766,
        "dmean2": 0.510529398918,
        "dvar": 0.342841565609,
        "dvar2": 0.800491571426,
        "max": 15.0725269318,
        "mean": 0.908720314503,
        "median": 0.638317227364,
        "min": 0,
        "var": 0.978857040405
    },
    "zerocrossingrate": {
        "dmean": 0.00855990964919,
        "dmean2": 0.0109013747424,
        "dvar": 0.000149532279465,
        "dvar2": 0.00020473836048,
        "max": 0.49560546875,
        "mean": 0.0327229462564,
        "median": 0.02587890625,
        "min": 0,
        "var": 0.000673146219924
    },
    "barkbands": {
        "dmean": [0.0011742048664, 0.0171475969255, 0.00351533177309, 0.000884783337824, 0.00130188209005, 0.000673650880344, 0.00135757809039, 0.000337257835781, 0.000203619536478, 0.000159968578373, 0.000114020593173, 0.000256551720668, 7.26850776118e-05, 8.84899200173e-05, 7.34865025152e-05, 0.000608738628216, 8.26551913633e-05, 3.05122321151e-05, 3.54293115379e-05, 2.83554818452e-05, 2.3597616746e-05, 1.82233488886e-05, 3.31626324623e-05, 2.3196105758e-05, 2.34518993238e-05, 3.589242624e-05, 3.01275813399e-05],
        "dmean2": [0.00202045217156, 0.0284950137138, 0.00623783608899, 0.00138304790016, 0.00187270063907, 0.000887157279067, 0.00155765970703, 0.00046425597975, 0.00029056952917, 0.000238555279793, 0.000172544692759, 0.000385059422115, 0.000111802961328, 0.000139750321978, 0.000132831148221, 0.00115449458826, 0.00015621149214, 5.5693613831e-05, 6.51793088764e-05, 5.00891110278e-05, 4.12809058616e-05, 3.06057991111e-05, 5.61377964914e-05, 3.74868868676e-05, 4.04291495215e-05, 6.23024243396e-05, 4.94204323331e-05],
        "dvar": [8.81573760125e-06, 0.00130632903893, 0.000105147155409, 3.84660279451e-06, 5.54772168471e-06, 1.93745859178e-06, 7.31579802959e-06, 1.07953167117e-06, 2.67135959575e-07, 2.60191796997e-07, 1.63187735325e-07, 6.52672383694e-07, 2.60780392836e-08, 7.99660284656e-08, 4.33569020686e-08, 3.98335123464e-06, 5.81489665308e-08, 6.61611743169e-09, 1.36389770589e-08, 9.68684066294e-09, 7.934121804e-09, 5.44486011833e-09, 5.69925191485e-08, 2.14458872883e-09, 6.76631728425e-09, 4.24769410756e-08, 1.23518821837e-08],
        "dvar2": [2.30775858654e-05, 0.00333260814659, 0.000303114473354, 1.0558469512e-05, 1.22888641272e-05, 3.70923612536e-06, 1.13037285701e-05, 1.8798466499e-06, 5.13173063155e-07, 5.89737965129e-07, 3.55846736966e-07, 1.46573586335e-06, 5.8014112625e-08, 1.79593897087e-07, 1.13603775276e-07, 1.15786624519e-05, 1.63282649623e-07, 1.89548927665e-08, 3.92250321113e-08, 2.69177657941e-08, 2.1990432586e-08, 1.4652559166e-08, 1.58987788268e-07, 5.16342035795e-09, 1.90224955787e-08, 1.22884131315e-07, 3.32343823573e-08],
        "max": [0.0437328927219, 0.307493001223, 0.107005052269, 0.0652295574546, 0.0512032322586, 0.0358577184379, 0.0870431140065, 0.0481974557042, 0.0272160544991, 0.0117234541103, 0.0100419390947, 0.0262907557189, 0.00578458886594, 0.0096356542781, 0.00629292614758, 0.0201702676713, 0.00500309327617, 0.000899774604477, 0.00294917286374, 0.002839689143, 0.00296198553406, 0.00235827174038, 0.0128408707678, 0.000847541552503, 0.00223160395399, 0.00978366099298, 0.00526944035664],
        "mean": [0.00170821882784, 0.0332306586206, 0.00481296563521, 0.00192133767996, 0.00327282445505, 0.00189209298696, 0.00680170068517, 0.000748551858123, 0.000421679898864, 0.000333239324391, 0.000216939515667, 0.000562255328987, 0.000139524228871, 0.000152068867465, 7.17240400263e-05, 0.000424500205554, 6.58011704218e-05, 3.70959678548e-05, 3.78942677344e-05, 3.30748844135e-05, 3.10494469886e-05, 3.27336274495e-05, 5.41646732017e-05, 5.58528372494e-05, 3.673734318e-05, 5.32813537575e-05, 5.72535536776e-05],
        "median": [0.000318461359711, 0.0125655764714, 0.00215329439379, 0.000663110986352, 0.0011177243432, 0.000754889566451, 0.000741140567698, 0.000121854813187, 0.000136087124702, 6.58477511024e-05, 3.72944268747e-05, 0.000130734304548, 5.90760391788e-05, 3.33332609443e-05, 2.00284703169e-05, 3.12981501338e-05, 1.69188679138e-05, 1.38015147968e-05, 1.26086779346e-05, 1.03441871033e-05, 9.13187250262e-06, 1.0703616681e-05, 1.8502221792e-05, 1.82776311703e-05, 1.21675193441e-05, 1.17427171062e-05, 7.8521143223e-06],
        "min": [1.50263862113e-24, 1.31590715904e-23, 7.71565129874e-24, 6.01228130104e-24, 4.17487089822e-23, 5.35382793869e-23, 8.64534438593e-23, 5.23628861045e-23, 2.59846269895e-23, 5.5679847418e-23, 6.8074979008e-23, 9.54969137223e-23, 7.14073104874e-23, 1.21248312407e-22, 1.05856929327e-22, 2.63529777006e-22, 1.62439385082e-22, 2.67509170065e-22, 3.05905693517e-22, 3.43448353925e-22, 3.18371008484e-22, 4.16375553252e-22, 5.17699044107e-22, 7.75271343557e-22, 8.91602654388e-22, 1.78438165816e-21, 2.56623354055e-21],
        "var": [1.18421376101e-05, 0.00168895255774, 8.18612752482e-05, 1.35847403726e-05, 2.83393546852e-05, 1.14557778943e-05, 0.000177350273589, 4.70695749755e-06, 8.24489063689e-07, 7.81391975124e-07, 5.54300243039e-07, 3.34364949595e-06, 6.49568789868e-08, 1.75068848307e-07, 3.71419517364e-08, 2.29450279221e-06, 3.6876869558e-08, 5.32246735574e-09, 9.13099729161e-09, 7.34747152009e-09, 6.87841650304e-09, 5.89173287935e-09, 4.21358450353e-08, 7.91403920175e-09, 6.18523543494e-09, 2.99568441164e-08, 1.84514608037e-08]
    },
    "erbbands": {
        "dmean": [0.503159105778, 3.83896446228, 5.17206001282, 2.84958577156, 4.21948814392, 3.56371641159, 5.42160367966, 5.81282711029, 18.0704860687, 11.5869522095, 7.76956415176, 3.33616113663, 4.80685758591, 5.58061408997, 4.85934877396, 7.22497558594, 3.68885922432, 4.17181491852, 3.58561134338, 10.7083826065, 33.7610092163, 5.86654520035, 1.98109090328, 1.40564775467, 1.88575160503, 1.364605546, 1.03121757507, 0.896407544613, 0.626445412636, 0.913540780544, 0.781699359417, 0.676908314228, 0.288679033518, 0.224948912859, 0.19866091013, 0.16167011857, 0.0642512962222, 0.0165543220937, 0.0055752787739, 0.000400659511797],
        "dmean2": [0.840285897255, 6.35539960861, 8.9105682373, 4.73402452469, 6.15895223618, 5.45767021179, 6.95035362244, 7.6889090538, 21.2626190186, 13.5822734833, 10.7954025269, 4.9038848877, 7.07042312622, 8.26521778107, 7.39079999924, 10.9930410385, 5.72843837738, 6.46281671524, 6.21065044403, 20.3481941223, 63.6245689392, 11.0398368835, 3.64794802666, 2.54450130463, 3.4759619236, 2.43086075783, 1.80557918549, 1.57030141354, 1.02337026596, 1.56411361694, 1.30715632439, 1.09118688107, 0.482951819897, 0.37922385335, 0.346381813288, 0.283768087626, 0.111738368869, 0.0275065228343, 0.00933451298624, 0.000647429609671],
        "dvar": [1.01709067822, 73.1238861084, 191.43850708, 47.7513999939, 78.7061843872, 52.9862976074, 129.59928894, 165.749557495, 1325.42663574, 818.637268066, 416.256225586, 65.947593689, 246.451004028, 281.566589355, 255.249099731, 476.750427246, 78.0590744019, 155.243026733, 112.415931702, 1148.51599121, 11693.5400391, 287.412109375, 28.8011646271, 15.5495080948, 44.958530426, 28.6942443848, 21.826631546, 11.1177558899, 4.55096817017, 38.5301704407, 17.8645706177, 2.19818854332, 0.392507851124, 0.526268482208, 0.824211359024, 1.72991621494, 0.0716253370047, 0.00163712189533, 0.00100490439218, 1.31844262796e-06],
        "dvar2": [2.47496891022, 186.326950073, 535.119262695, 137.524261475, 172.980041504, 135.18548584, 217.739471436, 330.187530518, 2028.47570801, 1318.35717773, 760.198913574, 139.318084717, 611.790710449, 608.325073242, 577.132385254, 1105.6739502, 187.628494263, 334.62298584, 271.319763184, 3330.08276367, 33887.3125, 806.059448242, 82.6205978394, 44.679271698, 128.245117188, 80.659324646, 60.6036605835, 30.5349082947, 11.8403358459, 107.508415222, 49.0571479797, 5.2375254631, 1.00836324692, 1.41219580173, 2.33383870125, 5.03775596619, 0.204387560487, 0.00432400079444, 0.00277514476329, 3.41080544786e-06],
        "max": [10.1494464874, 75.7517471313, 132.509674072, 153.731994629, 225.395324707, 135.477844238, 400.771392822, 418.111663818, 954.270690918, 1146.13916016, 835.696655273, 423.421417236, 417.244812012, 402.939819336, 592.889709473, 714.156188965, 311.886901855, 425.194549561, 388.060424805, 266.959350586, 1160.36462402, 343.728759766, 60.2974319458, 43.8942909241, 202.404373169, 183.071105957, 181.906066895, 92.1283111572, 77.1932296753, 330.059539795, 219.492538452, 30.3957862854, 12.095536232, 15.4932947159, 32.5447921753, 65.5552520752, 9.54873657227, 0.843889057636, 1.72921085358, 0.029461171478],
        "mean": [1.01707184315, 6.99593496323, 7.96682167053, 5.73773527145, 9.98798751831, 7.84145975113, 15.5487451553, 17.6030101776, 75.4036102295, 66.022277832, 19.6006622314, 7.44255161285, 10.547375679, 12.0131521225, 10.5358867645, 16.1496887207, 8.126704216, 7.67754077911, 4.73208045959, 7.93302679062, 24.4593677521, 4.86264801025, 2.26102733612, 1.74810409546, 1.9570864439, 1.54686164856, 1.33907938004, 1.19164299965, 1.16838884354, 1.45046782494, 1.41916882992, 1.60718977451, 0.61355727911, 0.404189407825, 0.275988996029, 0.215202361345, 0.0940814167261, 0.0308281555772, 0.00924015417695, 0.000844230584335],
        "median": [0.339768826962, 2.76980876923, 3.73325443268, 2.48139619827, 2.59531784058, 2.91790318489, 4.12756967545, 7.4115319252, 13.9241294861, 7.6949300766, 5.25747251511, 2.98625731468, 2.93105602264, 2.50762152672, 2.33557796478, 4.43021678925, 3.62509298325, 1.98948514462, 1.4545071125, 1.55992865562, 1.71456885338, 1.16226756573, 0.826105117798, 0.698714137077, 0.635537803173, 0.477272778749, 0.415662676096, 0.346917569637, 0.364273041487, 0.50676035881, 0.517687082291, 0.469923853874, 0.239894986153, 0.143466621637, 0.0817802101374, 0.0425918251276, 0.0215562116355, 0.00484664365649, 0.00112692313269, 0.000161453106557],
        "min": [7.0298103897e-22, 1.67128036039e-21, 6.71844090672e-21, 1.92866837184e-20, 4.42510059143e-20, 1.28166233392e-19, 2.76955914761e-19, 6.06954838001e-19, 1.2443604691e-18, 1.06116240069e-18, 1.04705080284e-18, 5.43731666025e-19, 1.8485759951e-18, 1.55937421421e-18, 3.08876768071e-18, 4.49143935211e-18, 3.17800950866e-18, 5.43347316554e-18, 6.59730222533e-18, 8.60590685648e-18, 1.33821080975e-17, 1.09739719218e-17, 1.4163572092e-17, 1.37632257745e-17, 1.49918148045e-17, 1.9135356053e-17, 9.85883567596e-18, 1.5801083648e-17, 1.41973888898e-17, 1.70725131891e-17, 1.47093442058e-17, 1.48267757286e-17, 1.3765243268e-17, 9.53346087328e-18, 7.33828400061e-18, 6.73584091586e-18, 3.00649443583e-18, 1.78127037661e-18, 3.09493038307e-19, 3.45977144618e-20],
        "var": [1.91618323326, 89.4510955811, 158.209213257, 88.4598236084, 435.542694092, 157.161056519, 1084.48583984, 994.444702148, 15023.2919922, 26042.328125, 1913.89416504, 195.615753174, 575.370727539, 1003.80151367, 1049.17614746, 2393.98217773, 283.715759277, 415.566802979, 162.034912109, 650.551940918, 7004.13769531, 186.074035645, 21.6645641327, 11.8664674759, 29.7816810608, 20.2459144592, 16.9698734283, 9.86162090302, 6.7103433609, 29.2162265778, 15.1529979706, 7.82726573944, 0.913212120533, 0.763019800186, 0.589517235756, 1.07021808624, 0.0596030317247, 0.00396407349035, 0.000908418849576, 3.3591538795e-06]
    },
    "gfcc": {
        "mean": [-30.8656082153, 102.143981934, -55.3992004395, 18.4485797882, -37.1310653687, 17.1961688995, -28.2614135742, 7.82877063751, -6.91859674454, 6.20109939575, -3.49382328987, 5.24964237213, -10.8549041748],
        "cov": [[5734.9296875, -773.252197266, -13.0494337082, -33.4799995422, -109.128318787, -114.566696167, -120.982177734, 52.7690582275, 106.947235107, 118.206085205, -110.026527405, 92.2369689941, -44.9505882263], [-773.252197266, 1417.18994141, -444.171447754, -157.548736572, -87.6972427368, -83.7257614136, -5.83950376511, -49.4449691772, 101.480995178, -78.3906555176, 210.182144165, -82.5407409668, 22.5656299591], [-13.0494337082, -444.171447754, 625.520874023, -37.7068710327, 29.9482707977, 36.797668457, 34.1422576904, 3.42840051651, -39.6334495544, 25.6039657593, -44.1243438721, 67.9220428467, -10.1442060471], [-33.4799995422, -157.548736572, -37.7068710327, 597.904541016, 108.890632629, 91.787437439, -3.62501811981, -14.5547428131, 20.5783405304, -47.9380645752, -101.7734375, -12.6175737381, 46.9418640137], [-109.128318787, -87.6972427368, 29.9482707977, 108.890632629, 386.463226318, 44.6022834778, 35.6098213196, -16.9599895477, -48.8243293762, -12.0956068039, -115.355064392, 26.2050685883, 47.6652526855], [-114.566696167, -83.7257614136, 36.797668457, 91.787437439, 44.6022834778, 241.303222656, 12.7868309021, 20.6143035889, -33.0079193115, -33.1381950378, -21.5916938782, 6.21805763245, 23.3798732758], [-120.982177734, -5.83950376511, 34.1422576904, -3.62501811981, 35.6098213196, 12.7868309021, 231.252609253, -2.38865804672, -4.07982206345, 21.0257644653, 13.0587892532, 9.89995765686, -5.83007717133], [52.7690582275, -49.4449691772, 3.42840051651, -14.5547428131, -16.9599895477, 20.6143035889, -2.38865804672, 156.861358643, 29.6724777222, 47.7079238892, 8.93562221527, -25.2929286957, 8.03745365143], [106.947235107, 101.480995178, -39.6334495544, 20.5783405304, -48.8243293762, -33.0079193115, -4.07982206345, 29.6724777222, 171.596099854, 23.6155948639, 53.1656799316, 2.24178004265, -4.13005590439], [118.206085205, -78.3906555176, 25.6039657593, -47.9380645752, -12.0956068039, -33.1381950378, 21.0257644653, 47.7079238892, 23.6155948639, 150.33114624, 41.8734855652, 4.34514808655, -33.967628479], [-110.026527405, 210.182144165, -44.1243438721, -101.7734375, -115.355064392, -21.5916938782, 13.0587892532, 8.93562221527, 53.1656799316, 41.8734855652, 211.74659729, -9.49663448334, -31.9383068085], [92.2369689941, -82.5407409668, 67.9220428467, -12.6175737381, 26.2050685883, 6.21805763245, 9.89995765686, -25.2929286957, 2.24178004265, 4.34514808655, -9.49663448334, 129.197265625, 37.4840583801], [-44.9505882263, 22.5656299591, -10.1442060471, 46.9418640137, 47.6652526855, 23.3798732758, -5.83007717133, 8.03745365143, -4.13005590439, -33.967628479, -31.9383068085, 37.4840583801, 137.538803101]],
        "icov": [[0.000208854922676, 0.000149841594975, 0.000114919042971, 4.9005040637e-05, 6.34175012237e-05, 7.20272728358e-05, 8.69341456564e-05, 4.89844342155e-06, -0.000185029071872, -6.96256756783e-05, 0.000104269995063, -0.000129848078359, 4.14512724092e-05], [0.000149841594975, 0.00138093391433, 0.000784169707913, 0.000377276388463, -0.000173025924596, 0.00024128977384, -3.6288627598e-05, 0.000411774148233, -0.000642358209006, 0.000777616514824, -0.00107337580994, 0.000552761193831, -0.000482317409478], [0.000114919042971, 0.000784169707913, 0.00226807361469, 0.000345495209331, -3.77383294108e-05, -0.000137987095513, -0.000204395517358, 4.74120643048e-05, -7.04084013705e-05, 0.000132928951643, -0.000117480238259, -0.000769343867432, 0.000196473498363], [4.9005040637e-05, 0.000377276388463, 0.000345495209331, 0.00221332209185, -0.000344885193044, -0.000735715264454, -4.28894827564e-06, 0.000576391874347, -0.0010404647328, 0.000267235795036, 0.00065365282353, 0.000679788645357, -0.000563808949664], [6.34175012237e-05, -0.000173025924596, -3.77383294108e-05, -0.000344885193044, 0.00345174432732, -0.00033677907777, -0.000501894275658, 0.000315918703564, 0.000483004550915, -0.000788444187492, 0.00181110377889, -0.000409740954638, -0.000662665755954], [7.20272728358e-05, 0.00024128977384, -0.000137987095513, -0.000735715264454, -0.00033677907777, 0.00504644401371, -0.00024530896917, -0.00136364647187, 0.00101165589876, 0.00144602463115, -0.000757643487304, -0.000404907623306, -0.000125038466649], [8.69341456564e-05, -3.6288627598e-05, -0.000204395517358, -4.28894827564e-06, -0.000501894275658, -0.00024530896917, 0.00459387758747, 0.000182416697498, 3.62236314686e-05, -0.000682899379171, -0.000403912359616, -0.000254544866038, 0.000228469754802], [4.89844342155e-06, 0.000411774148233, 4.74120643048e-05, 0.000576391874347, 0.000315918703564, -0.00136364647187, 0.000182416697498, 0.00853517651558, -0.00173910520971, -0.00300225871615, 0.000381805817597, 0.00270963320509, -0.00207139924169], [-0.000185029071872, -0.000642358209006, -7.04084013705e-05, -0.0010404647328, 0.000483004550915, 0.00101165589876, 3.62236314686e-05, -0.00173910520971, 0.00756561523303, -0.000414701644331, -0.00136263261084, -0.00113004771993, 0.000274962309049], [-6.96256756783e-05, 0.000777616514824, 0.000132928951643, 0.000267235795036, -0.000788444187492, 0.00144602463115, -0.000682899379171, -0.00300225871615, -0.000414701644331, 0.00968361459672, -0.00231067254208, -0.00102994299959, 0.00206540711224], [0.000104269995063, -0.00107337580994, -0.000117480238259, 0.00065365282353, 0.00181110377889, -0.000757643487304, -0.000403912359616, 0.000381805817597, -0.00136263261084, -0.00231067254208, 0.00794944446534, -0.000401548109949, 0.000783952593338], [-0.000129848078359, 0.000552761193831, -0.000769343867432, 0.000679788645357, -0.000409740954638, -0.000404907623306, -0.000254544866038, 0.00270963320509, -0.00113004771993, -0.00102994299959, -0.000401548109949, 0.0103754913434, -0.00358940684237], [4.14512724092e-05, -0.000482317409478, 0.000196473498363, -0.000563808949664, -0.000662665755954, -0.000125038466649, 0.000228469754802, -0.00207139924169, 0.000274962309049, 0.00206540711224, 0.000783952593338, -0.00358940684237, 0.00963053945452]]
    },
    "melbands": {
        "dmean": [0.00469010137022, 0.00350913428701, 0.00053925300017, 0.000286319467705, 0.000177594876732, 0.000145516256453, 0.000272950943327, 0.000115931412438, 6.12422008999e-05, 2.08127858059e-05, 2.5549908969e-05, 2.38675347646e-05, 1.39305966513e-05, 2.61600871454e-05, 1.82694075193e-05, 7.68930749473e-06, 7.66860102885e-06, 5.94498123974e-06, 6.72150417813e-06, 3.113400453e-05, 3.73800103262e-05, 5.4352249208e-06, 2.34519211517e-06, 1.28080080231e-06, 1.11928477509e-06, 1.46113916344e-06, 1.27198450173e-06, 8.2601155782e-07, 7.01781743828e-07, 5.12483836701e-07, 5.50991160253e-07, 3.77784459715e-07, 3.64895498706e-07, 6.66596861265e-07, 4.98697545481e-07, 4.74520248872e-07, 4.32710606901e-07, 2.0851426541e-07, 2.03546846933e-07, 1.97266601276e-07],
        "dmean2": [0.00782784074545, 0.00585205107927, 0.000874429941177, 0.000424859666964, 0.00023323566711, 0.000189433136256, 0.000318298029015, 0.00013933351147, 8.64928151714e-05, 3.02324824588e-05, 3.75462259399e-05, 3.5233431845e-05, 2.12014765566e-05, 3.84683080483e-05, 2.86011054413e-05, 1.18016296256e-05, 1.19954202091e-05, 1.00860825114e-05, 1.2178268662e-05, 5.97501384618e-05, 7.02425750205e-05, 1.02415397123e-05, 4.356907084e-06, 2.31682247431e-06, 2.02247679226e-06, 2.6976663321e-06, 2.31019294006e-06, 1.46498996401e-06, 1.22747951536e-06, 8.88943020527e-07, 9.69104462456e-07, 6.16728186742e-07, 6.20173921106e-07, 1.15021600777e-06, 8.35162325075e-07, 7.9729591107e-07, 6.95488267866e-07, 3.50442491026e-07, 3.47447979721e-07, 3.35337745128e-07],
        "dvar": [9.22214094317e-05, 7.10268723196e-05, 1.48328922478e-06, 3.20312551594e-07, 1.33101991651e-07, 8.34370226244e-08, 2.7644583156e-07, 7.55046869472e-08, 2.36323991487e-08, 2.76699729795e-09, 6.84392320593e-09, 4.43709780029e-09, 1.48393952681e-09, 9.4971168707e-09, 4.29486712861e-09, 3.83893139499e-10, 5.19750797956e-10, 4.42764075403e-10, 4.10693395958e-10, 1.11821893967e-08, 1.39781368702e-08, 2.64079147438e-10, 4.29116880918e-11, 1.06391328039e-11, 9.56603719848e-12, 2.62923086081e-11, 1.74487316956e-11, 1.15055430461e-11, 1.28030216637e-11, 2.34501545786e-12, 6.47894151523e-12, 1.95746825866e-12, 2.03050293593e-12, 3.81990550302e-11, 1.4351111445e-11, 2.01120825723e-12, 9.46326133774e-13, 1.9808446875e-13, 5.78519220376e-13, 5.30524083865e-13],
        "dvar2": [0.000233215614571, 0.00018716348859, 4.17325873059e-06, 7.43918178614e-07, 2.26361635214e-07, 1.63362798844e-07, 4.31381494082e-07, 1.23549867226e-07, 4.50247945594e-08, 5.9086131543e-09, 1.6705358874e-08, 9.47934175599e-09, 3.34920247091e-09, 2.02252348203e-08, 1.03902353388e-08, 8.44874226136e-10, 1.15366549647e-09, 1.02818054071e-09, 1.06109798725e-09, 3.25964926162e-08, 4.04382802799e-08, 7.27867544015e-10, 1.23487733927e-10, 3.02941699504e-11, 2.75092205959e-11, 7.53438908485e-11, 4.95588188543e-11, 3.22062723712e-11, 3.58471342887e-11, 6.34431483043e-12, 1.79046534543e-11, 5.08819982675e-12, 5.59909930919e-12, 1.07276569572e-10, 3.97435417909e-11, 5.47419401475e-12, 2.25249961912e-12, 5.06973857426e-13, 1.59307246214e-12, 1.4599546615e-12],
        "max": [0.0880348086357, 0.0704662203789, 0.023660980165, 0.0102678313851, 0.0144389588386, 0.00834380928427, 0.0131847690791, 0.0101238768548, 0.00564017659053, 0.00230622314848, 0.00215529394336, 0.00150419643614, 0.00108037877362, 0.00349274347536, 0.00267897266895, 0.000774924177676, 0.000719462055713, 0.000886342138983, 0.000657513621263, 0.000901133520529, 0.00130019057542, 0.000446602614829, 7.05340717104e-05, 4.00787939725e-05, 3.85867497243e-05, 0.000167977923411, 7.36264046282e-05, 0.00012099941523, 0.000147678336361, 3.56582677341e-05, 8.27102558105e-05, 4.81523093185e-05, 8.53295496199e-05, 0.000335911725415, 0.000205729636946, 4.99819034303e-05, 2.30622972595e-05, 7.78266530688e-06, 2.10596444958e-05, 2.10686721402e-05],
        "mean": [0.0092712752521, 0.00617632130161, 0.0011478374945, 0.000646514643449, 0.000499064801261, 0.000431192631368, 0.00126446259674, 0.000607181165833, 0.000136822884087, 4.42202217528e-05, 5.48420357518e-05, 5.10444333486e-05, 2.91353917419e-05, 5.56682098249e-05, 3.58978868462e-05, 1.49547695401e-05, 1.3321429833e-05, 7.9952105807e-06, 6.41757969788e-06, 2.03934559977e-05, 2.74521680694e-05, 4.29006786362e-06, 2.39399491875e-06, 1.58743125667e-06, 1.36685139296e-06, 1.51570998241e-06, 1.3063638562e-06, 9.34923150453e-07, 8.83568930021e-07, 6.82528821017e-07, 6.84176370669e-07, 6.55109545278e-07, 6.28686166237e-07, 9.51354479639e-07, 8.00098064246e-07, 9.44893145061e-07, 9.83641484709e-07, 4.1963573949e-07, 3.45425434034e-07, 3.28926887505e-07],
        "median": [0.00334032159299, 0.00297048687935, 0.000513582956046, 0.000198403722607, 0.000128247469547, 0.000160532043083, 0.000205035714316, 4.57617206848e-05, 3.35519507644e-05, 1.49890583998e-05, 1.29463969643e-05, 9.90961598291e-06, 6.81869005348e-06, 9.36438664212e-06, 6.52876678942e-06, 4.0996824282e-06, 2.98356962958e-06, 1.97722602024e-06, 1.68968335856e-06, 2.02199817068e-06, 1.81467044058e-06, 1.04580021798e-06, 7.99415090569e-07, 6.14154600953e-07, 5.15564352099e-07, 4.80568814964e-07, 3.52290072669e-07, 2.72443827498e-07, 2.5404040116e-07, 1.98215474256e-07, 1.76659341378e-07, 1.81082214112e-07, 1.97628011733e-07, 2.68495938371e-07, 2.64366320835e-07, 2.70279144843e-07, 2.65661867616e-07, 1.45175036437e-07, 1.13260725243e-07, 1.03578884136e-07],
        "min": [4.44749247071e-24, 3.04291182389e-24, 3.29323296912e-24, 6.38611853972e-24, 9.75014013938e-24, 1.35667856718e-23, 1.77351140732e-23, 1.13872395102e-23, 6.85938459575e-24, 3.92513757269e-24, 9.30201113609e-24, 5.63431319223e-24, 1.05592984357e-23, 9.16376799562e-24, 1.11124327141e-23, 6.10725936516e-24, 1.07736232662e-23, 1.13524594217e-23, 8.27248296819e-24, 1.58688711198e-23, 1.50774211731e-23, 1.17911189387e-23, 1.07890683738e-23, 1.2098563277e-23, 1.09755140711e-23, 1.17289953535e-23, 7.36285771357e-24, 1.561581243e-23, 5.46678635166e-24, 7.56190073059e-24, 8.78979270628e-24, 7.46954562897e-24, 8.82204686211e-24, 9.89135886319e-24, 8.85868708458e-24, 6.98144188817e-24, 9.92409816848e-24, 8.65591354434e-24, 9.9313296564e-24, 7.44766657177e-24],
        "var": [0.000132592685986, 7.23343619029e-05, 3.35100594384e-06, 1.28743647565e-06, 1.16287446872e-06, 5.0548692343e-07, 4.866481504e-06, 2.08948904401e-06, 1.02871361207e-07, 8.03482702594e-09, 1.71299738838e-08, 1.6168383965e-08, 5.53459722497e-09, 4.35947775657e-08, 1.63533151465e-08, 1.07745234956e-09, 1.30863997416e-09, 7.09261704923e-10, 3.51968260093e-10, 6.12013728585e-09, 8.5512983361e-09, 1.76222036963e-10, 2.95772954739e-11, 9.12252565155e-12, 7.5157137458e-12, 1.73101411677e-11, 1.21528342945e-11, 8.25563749307e-12, 9.34311916029e-12, 2.64152350167e-12, 4.99464922546e-12, 2.59643803853e-12, 2.30440037711e-12, 2.68828449085e-11, 1.06119540239e-11, 3.28631891665e-12, 3.11059424746e-12, 4.92898256932e-13, 6.25226812597e-13, 6.0862957469e-13]
    },
    "mfcc": {
        "mean": [-701.962341309, 150.343002319, 38.4949493408, 20.3676147461, 19.0587120056, 12.9847764969, 1.58109033108, 9.33777046204, 0.161562234163, 7.28732204437, 2.09694194794, 11.1273870468, 9.21990013123],
        "cov": [[5085.3515625, -501.768188477, -107.463500977, 71.2656478882, -49.541469574, -91.4703598022, -228.967727661, -71.1235275269, 61.5414543152, 76.3105010986, -58.9963989258, 58.9892272949, 119.594848633], [-501.768188477, 1183.90808105, -210.996459961, -201.073196411, -106.659843445, -138.708679199, -37.9129524231, -34.7959518433, -117.773414612, -22.9938850403, 20.946149826, 63.0213012695, 34.277507782], [-107.463500977, -210.996459961, 488.990264893, -47.4859657288, -27.5079975128, 6.38265323639, 0.474856853485, 28.7140903473, -38.3935508728, 4.94141387939, -4.88460922241, 6.07277441025, -7.7746295929], [71.2656478882, -201.073196411, -47.4859657288, 372.330841064, 76.8490829468, 109.525184631, 0.622760057449, 19.251121521, 71.8334732056, 8.93381977081, -18.4087314606, -31.0879364014, -33.6540031433], [-49.541469574, -106.659843445, -27.5079975128, 76.8490829468, 290.018890381, 76.0605010986, -3.44632554054, 21.2010612488, 68.1223373413, -16.642665863, -57.5677223206, -27.6774272919, -29.9254226685], [-91.4703598022, -138.708679199, 6.38265323639, 109.525184631, 76.0605010986, 233.623199463, 57.7006416321, 63.5671348572, 45.0926017761, -25.3856525421, -25.4362354279, -52.0811462402, -44.6326026917], [-228.967727661, -37.9129524231, 0.474856853485, 0.622760057449, -3.44632554054, 57.7006416321, 197.832199097, 20.6544704437, 23.6389122009, -5.64844036102, 30.3726577759, -22.1047134399, -23.6779670715], [-71.1235275269, -34.7959518433, 28.7140903473, 19.251121521, 21.2010612488, 63.5671348572, 20.6544704437, 131.075302124, 22.7420310974, 14.7014760971, -44.8898773193, -20.1650066376, -12.1754579544], [61.5414543152, -117.773414612, -38.3935508728, 71.8334732056, 68.1223373413, 45.0926017761, 23.6389122009, 22.7420310974, 190.798187256, -6.95348548889, -17.5122680664, -41.0509109497, -6.51479434967], [76.3105010986, -22.9938850403, 4.94141387939, 8.93381977081, -16.642665863, -25.3856525421, -5.64844036102, 14.7014760971, -6.95348548889, 133.073989868, 40.0484962463, 34.973613739, -4.34172344208], [-58.9963989258, 20.946149826, -4.88460922241, -18.4087314606, -57.5677223206, -25.4362354279, 30.3726577759, -44.8898773193, -17.5122680664, 40.0484962463, 163.77897644, 37.1733207703, 15.7600574493], [58.9892272949, 63.0213012695, 6.07277441025, -31.0879364014, -27.6774272919, -52.0811462402, -22.1047134399, -20.1650066376, -41.0509109497, 34.973613739, 37.1733207703, 159.531936646, 57.5092391968], [119.594848633, 34.277507782, -7.7746295929, -33.6540031433, -29.9254226685, -44.6326026917, -23.6779670715, -12.1754579544, -6.51479434967, -4.34172344208, 15.7600574493, 57.5092391968, 133.56678772]],
