{
"lowlevel": {
    "average_loudness": 0.605771660805,
    "barkbands_crest": {
        "dmean": 3.26284193993,
        "dmean2": 5.44180345535,
        "dvar": 9.41368293762,
        "dvar2": 25.2793064117,
        "max": 25.6492996216,
        "mean": 11.7833175659,
        "median": 10.924079895,
        "min": 2.83370566368,
        "var": 19.549539566
    },
    "barkbands_flatness_db": {
        "dmean": 0.0235354509205,
        "dmean2": 0.037643969059,
        "dvar": 0.000535006634891,
        "dvar2": 0.001268169377,
        "max": 0.390182703733,
        "mean": 0.187328219414,
        "median": 0.184376478195,
        "min": 0.039505276829,
        "var": 0.00188810599502
    },
    "barkbands_kurtosis": {
        "dmean": 2.56494498253,
        "dmean2": 4.12534379959,
        "dvar": 26.5686416626,
        "dvar2": 62.5613441467,
        "max": 109.487762451,
        "mean": 2.82880616188,
        "median": 0.665706157684,
        "min": -1.89609861374,
        "var": 43.121307373
    },
    "barkbands_skewness": {
        "dmean": 0.601418375969,
        "dmean2": 0.942448198795,
        "dvar": 0.412937521935,
        "dvar2": 0.928631603718,
        "max": 9.2643661499,
        "mean": 1.12115383148,
        "median": 0.899362564087,
        "min": -2.37764906883,
        "var": 1.58644151688
    },
    "barkbands_spread": {
        "dmean": 4.04073524475,
        "dmean2": 6.50222969055,
        "dvar": 15.6661510468,
        "dvar2": 38.4865531921,
        "max": 82.572052002,
        "mean": 16.6424102783,
        "median": 15.8013420105,
        "min": 0.793903708458,
        "var": 56.2038841248
    },
    "dissonance": {
        "dmean": 0.0296648107469,
        "dmean2": 0.0499048270285,
        "dvar": 0.000688537198585,
        "dvar2": 0.00188603380229,
        "max": 0.499699920416,
        "mean": 0.428076654673,
        "median": 0.433864980936,
        "min": 0.233568042517,
        "var": 0.00163578777574
    },
    "dynamic_complexity": 3.05082511902,
    "erbbands_crest": {
        "dmean": 2.86002635956,
        "dmean2": 4.2102432251,
        "dvar": 6.40327215195,
        "dvar2": 13.6239452362,
        "max": 32.5322990417,
        "mean": 14.0250730515,
        "median": 12.9567804337,
        "min": 3.1223526001,
        "var": 34.2355613708
    },
    "erbbands_flatness_db": {
        "dmean": 0.0163417775184,
        "dmean2": 0.0222978331149,
        "dvar": 0.000229827157455,
        "dvar2": 0.000408392108511,
        "max": 0.371367245913,
        "mean": 0.214538991451,
        "median": 0.217847645283,
        "min": 0.0633314028382,
        "var": 0.00264715519734
    },
    "erbbands_kurtosis": {
        "dmean": 1.15733861923,
        "dmean2": 1.69725036621,
        "dvar": 2.64526748657,
        "dvar2": 5.41198158264,
        "max": 35.8797569275,
        "mean": 1.43924736977,
        "median": 0.644900083542,
        "min": -1.66123270988,
        "var": 7.79119873047
    },
    "erbbands_skewness": {
        "dmean": 0.346436321735,
        "dmean2": 0.493661671877,
        "dvar": 0.0885119959712,
        "dvar2": 0.183165818453,
        "max": 5.03128767014,
        "mean": 0.0269866827875,
        "median": 0.0650760680437,
        "min": -4.01331281662,
        "var": 0.684826552868
    },
    "erbbands_spread": {
        "dmean": 4.43543672562,
        "dmean2": 6.51757049561,
        "dvar": 23.2103099823,
        "dvar2": 51.4772453308,
        "max": 88.3743667603,
        "mean": 19.822479248,
        "median": 18.1554031372,
        "min": 1.98434436321,
        "var": 90.9554901123
    },
    "hfc": {
        "dmean": 6.15976715088,
        "dmean2": 9.02513217926,
        "dvar": 212.614486694,
        "dvar2": 523.498779297,
        "max": 312.048156738,
        "mean": 19.6607189178,
        "median": 13.9637937546,
        "min": 3.91175480896e-10,
        "var": 427.409057617
    },
    "melbands_crest": {
        "dmean": 3.44016933441,
        "dmean2": 5.61958599091,
        "dvar": 10.0501699448,
        "dvar2": 26.48802948,
        "max": 37.0016860962,
        "mean": 15.3976659775,
        "median": 14.2676067352,
        "min": 3.25743842125,
        "var": 34.8445549011
    },
    "melbands_flatness_db": {
        "dmean": 0.0238393209875,
        "dmean2": 0.0365803167224,
        "dvar": 0.000618265999947,
        "dvar2": 0.0012447432382,
        "max": 0.527808725834,
        "mean": 0.274988025427,
        "median": 0.269130051136,
        "min": 0.0314510054886,
        "var": 0.00260404776782
    },
    "melbands_kurtosis": {
        "dmean": 4.34008598328,
        "dmean2": 6.74974393845,
        "dvar": 89.9046783447,
        "dvar2": 203.971893311,
        "max": 154.441665649,
        "mean": 6.36969566345,
        "median": 2.10095620155,
        "min": -1.85788571835,
        "var": 154.478042603
    },
    "melbands_skewness": {
        "dmean": 0.616707921028,
        "dmean2": 0.929762065411,
        "dvar": 0.561516880989,
        "dvar2": 1.12847781181,
        "max": 10.445400238,
        "mean": 1.67436218262,
        "median": 1.28129220009,
        "min": -1.75775170326,
        "var": 2.30696201324
    },
    "melbands_spread": {
        "dmean": 4.40364742279,
        "dmean2": 6.74594831467,
        "dvar": 19.7967014313,
        "dvar2": 40.535533905,
        "max": 107.619003296,
        "mean": 19.8692874908,
        "median": 18.428894043,
        "min": 0.666737258434,
        "var": 112.996047974
    },
    "pitch_salience": {
        "dmean": 0.0763737633824,
        "dmean2": 0.125422805548,
        "dvar": 0.00507399300113,
        "dvar2": 0.0132184112445,
        "max": 0.887409031391,
        "mean": 0.458107918501,
        "median": 0.461059510708,
        "min": 0.0879677534103,
        "var": 0.0134406639263
    },
    "silence_rate_20dB": {
        "dmean": 0.000347795838024,
        "dmean2": 0.000695652153809,
        "dvar": 0.000347736815456,
        "dvar2": 0.00104324193671,
        "max": 1,
        "mean": 0.999826133251,
        "median": 1,
        "min": 0,
        "var": 0.000173837921466
    },
    "silence_rate_30dB": {
        "dmean": 0.069211371243,
        "dmean2": 0.138434782624,
        "dvar": 0.0644113495946,
        "dvar2": 0.134925127029,
        "max": 1,
        "mean": 0.838549792767,
        "median": 1,
        "min": 0,
        "var": 0.13540519774
    },
    "silence_rate_60dB": {
        "dmean": 0.00295626465231,
        "dmean2": 0.00591304339468,
        "dvar": 0.00294825155288,
        "dvar2": 0.00657315738499,
        "max": 1,
        "mean": 0.0168666318059,
        "median": 0,
        "min": 0,
        "var": 0.0165837146342
    },
    "spectral_centroid": {
        "dmean": 125.479705811,
        "dmean2": 191.159667969,
        "dvar": 17408.3222656,
        "dvar2": 41228.5585938,
        "max": 2783.51489258,
        "mean": 944.621276855,
        "median": 915.622924805,
        "min": 193.830993652,
        "var": 81657.453125
    },
    "spectral_complexity": {
        "dmean": 2.26588988304,
        "dmean2": 3.54521727562,
        "dvar": 9.14524650574,
        "dvar2": 17.6406822205,
        "max": 65,
        "mean": 14.4123630524,
        "median": 14,
        "min": 0,
        "var": 44.1768379211
    },
    "spectral_decrease": {
        "dmean": 5.83438852786e-09,
        "dmean2": 9.47553235875e-09,
        "dvar": 1.01643702208e-16,
        "dvar2": 2.52409756702e-16,
        "max": -1.1655181828e-21,
        "mean": -1.3782041286e-08,
        "median": -7.31850313684e-09,
        "min": -1.2474620803e-07,
        "var": 2.33045842374e-16
    },
    "spectral_energy": {
        "dmean": 0.0224169827998,
        "dmean2": 0.0363369658589,
        "dvar": 0.00149293686263,
        "dvar2": 0.00370241119526,
        "max": 0.480050176382,
        "mean": 0.0537997372448,
        "median": 0.0290977042168,
        "min": 3.98797240077e-14,
        "var": 0.00345508288592
    },
    "spectral_energyband_high": {
        "dmean": 0.000166887228261,
        "dmean2": 0.000256267143413,
        "dvar": 6.39768188648e-07,
        "dvar2": 1.67185862665e-06,
        "max": 0.0143429646268,
        "mean": 0.000229698169278,
        "median": 2.94316923828e-05,
        "min": 2.36796378268e-14,
        "var": 6.89666364906e-07
    },
    "spectral_energyband_low": {
        "dmean": 0.0157188382,
        "dmean2": 0.0254088453948,
        "dvar": 0.00110188103281,
        "dvar2": 0.00265488796867,
        "max": 0.435852140188,
        "mean": 0.029544217512,
        "median": 0.0067154718563,
        "min": 6.90577385688e-16,
        "var": 0.0023791026324
    },
    "spectral_energyband_middle_high": {
        "dmean": 0.00255716964602,
        "dmean2": 0.00360693689436,
        "dvar": 2.07690645766e-05,
        "dvar2": 4.61612835352e-05,
        "max": 0.0735620334744,
        "mean": 0.00768194068223,
        "median": 0.00509374402463,
        "min": 1.08763511232e-14,
        "var": 6.67206186336e-05
    },
    "spectral_energyband_middle_low": {
        "dmean": 0.00426695775241,
        "dmean2": 0.00646322639659,
        "dvar": 5.72009812458e-05,
        "dvar2": 0.000146701117046,
        "max": 0.133233249187,
        "mean": 0.0123632885516,
        "median": 0.00861104018986,
        "min": 2.38551879463e-15,
        "var": 0.00013765800395
    },
    "spectral_entropy": {
        "dmean": 0.147701740265,
        "dmean2": 0.209116593003,
        "dvar": 0.023692259565,
        "dvar2": 0.0435838587582,
        "max": 8.52360916138,
        "mean": 6.8691368103,
        "median": 6.82263469696,
        "min": 5.3491973877,
        "var": 0.158534839749
    },
    "spectral_flux": {
        "dmean": 0.0400474779308,
        "dmean2": 0.0659457445145,
        "dvar": 0.00294653978199,
        "dvar2": 0.00653165811673,
        "max": 0.556071162224,
        "mean": 0.100214026868,
        "median": 0.0745607018471,
        "min": 4.52788299299e-05,
        "var": 0.00608156807721
    },
    "spectral_kurtosis": {
        "dmean": 3.75731730461,
        "dmean2": 6.41447544098,
        "dvar": 12.6764087677,
        "dvar2": 36.6149139404,
        "max": 36.371799469,
        "mean": 11.2625646591,
        "median": 10.4243745804,
        "min": 0.380282640457,
        "var": 28.6881980896
    },
    "spectral_rms": {
        "dmean": 0.00129926716909,
        "dmean2": 0.00206824601628,
        "dvar": 2.93536686513e-06,
        "dvar2": 6.84726956024e-06,
        "max": 0.021641202271,
        "mean": 0.00636461237445,
        "median": 0.0053280396387,
        "min": 6.23755136431e-09,
        "var": 1.19793594422e-05
    },
    "spectral_rolloff": {
        "dmean": 208.774078369,
        "dmean2": 366.157897949,
        "dvar": 135537.75,
        "dvar2": 258056.546875,
        "max": 18669.2871094,
        "mean": 912.365783691,
        "median": 990.52734375,
        "min": 21.533203125,
        "var": 302167.375
    },
    "spectral_skewness": {
        "dmean": 0.335411071777,
        "dmean2": 0.562375485897,
        "dvar": 0.0873934328556,
        "dvar2": 0.238934025168,
        "max": 4.27717733383,
        "mean": 2.35737609863,
        "median": 2.33930873871,
        "min": 0.765066623688,
        "var": 0.25341874361
    },
    "spectral_spread": {
        "dmean": 337134,
        "dmean2": 475299.40625,
        "dvar": 266849517568,
        "dvar2": 418990718976,
        "max": 32132630,
        "mean": 2951089,
        "median": 2629620,
        "min": 1234222.125,
        "var": 1.06713985843e+12
    },
    "spectral_strongpeak": {
        "dmean": 0.815645456314,
        "dmean2": 1.43546402454,
        "dvar": 2.02126574516,
        "dvar2": 5.04384851456,
        "max": 14.1500988007,
        "mean": 1.21948182583,
        "median": 0.536764919758,
        "min": 0,
        "var": 3.33148980141
    },
    "zerocrossingrate": {
        "dmean": 0.00544861750677,
        "dmean2": 0.0067610819824,
        "dvar": 4.52677595604e-05,
        "dvar2": 5.96671561652e-05,
        "max": 0.49658203125,
        "mean": 0.0355343669653,
        "median": 0.03466796875,
        "min": 0.0029296875,
        "var": 0.000243341608439
    },
    "barkbands": {
        "dmean": [0.00861106719822, 0.0117343533784, 0.00370733789168, 0.00103372393642, 0.00160041358322, 0.000874683260918, 0.000688943022396, 0.00132509355899, 0.000533179962076, 0.000393057969632, 0.000739765178878, 0.000501232803799, 0.00119223853108, 0.000450986030046, 0.000147185957758, 0.000144156234455, 0.000114995316835, 7.48255115468e-05, 6.95689741406e-05, 4.45148070867e-05, 3.26551999024e-05, 1.91920971702e-05, 1.49374882312e-05, 1.51349013322e-05, 2.2967617042e-05, 3.49580441252e-05, 2.76361315628e-05],
        "dmean2": [0.0151758845896, 0.0189730916172, 0.00657582096756, 0.0018129470991, 0.00232492154464, 0.00132655235939, 0.00100745540112, 0.00188765733037, 0.000746611156501, 0.00058132619597, 0.00109557074029, 0.000786618038546, 0.00160993309692, 0.000681859382894, 0.000234604332945, 0.000228179706028, 0.00018303579418, 0.000122793935589, 0.000113739239168, 6.99463998899e-05, 5.21034744452e-05, 2.95278168778e-05, 2.21951140702e-05, 2.4238597689e-05, 3.52407914761e-05, 5.70860647713e-05, 4.93194747833e-05],
        "dvar": [0.000342763174558, 0.000730103231035, 0.000155654357513, 1.2351206351e-05, 9.27673409024e-06, 4.28877547165e-06, 1.86488784948e-06, 3.91280036638e-06, 1.04318075955e-06, 7.94046229657e-07, 2.47480943472e-06, 2.15885438593e-06, 7.08309607944e-06, 1.77034758053e-06, 2.27015362952e-07, 1.20356233424e-07, 6.77507543401e-08, 4.12448599718e-08, 2.57889496424e-08, 2.07584882617e-08, 2.13545963135e-08, 8.62711857508e-09, 3.85244947054e-09, 1.09179687513e-08, 2.16191917701e-08, 1.12929399165e-07, 1.305287185e-07],
        "dvar2": [0.000983991660178, 0.00179809308611, 0.000447107100626, 3.54042604158e-05, 2.03304789466e-05, 1.02435496956e-05, 3.61240722668e-06, 7.6195319707e-06, 2.31846138377e-06, 1.73147361693e-06, 5.38649965165e-06, 5.32231888428e-06, 1.3387951185e-05, 3.82235884899e-06, 5.85334191783e-07, 2.95962621522e-07, 1.61480741667e-07, 1.08307517621e-07, 6.49039648692e-08, 5.06058874805e-08, 5.55573897998e-08, 2.24148610783e-08, 1.02989829998e-08, 3.00980325108e-08, 5.47911156445e-08, 3.06588788135e-07, 3.72296369733e-07],
        "max": [0.248316437006, 0.292194634676, 0.215213552117, 0.0557710826397, 0.0840020179749, 0.0548029318452, 0.0455610789359, 0.0376529172063, 0.0230201240629, 0.0205503553152, 0.0389878451824, 0.0393127799034, 0.0691537335515, 0.0480929501355, 0.0175905190408, 0.00868785846978, 0.00692440569401, 0.00400224188343, 0.00405572587624, 0.00391564145684, 0.0041520614177, 0.00390842417255, 0.00246083620004, 0.00390245229937, 0.00433973781765, 0.00900983810425, 0.00943178683519],
        "mean": [0.00911730248481, 0.0204343758523, 0.00424060691148, 0.00129259610549, 0.00324840564281, 0.00172736332752, 0.00161738600582, 0.00270400079899, 0.0011973711662, 0.000855967227835, 0.00139420665801, 0.000858129700646, 0.00284807570279, 0.000862413377035, 0.000298362981994, 0.000367517815903, 0.00021879527776, 0.000119633601571, 0.000128188316012, 6.87654828653e-05, 4.40360963694e-05, 2.74888934655e-05, 1.95722168428e-05, 1.84219170478e-05, 2.87300008495e-05, 3.81733007089e-05, 2.39535656874e-05],
        "median": [0.00278334529139, 0.00236889603548, 0.00097566191107, 0.000161052841577, 0.00152846961282, 0.000428040802944, 0.000682672834955, 0.00133214355446, 0.000603982363828, 0.000263240828644, 0.000441088224761, 0.000190582257346, 0.000578308477998, 0.000183763186214, 6.97730283719e-05, 0.000112148089102, 9.82660712907e-05, 5.95847268414e-05, 6.06805842835e-05, 1.58664188348e-05, 6.90918886903e-06, 5.16063118994e-06, 2.71198291557e-06, 1.57733961714e-06, 9.27149812924e-07, 1.25620829294e-06, 7.15780970495e-07],
        "min": [2.04923700016e-16, 3.09390060111e-16, 1.92910972879e-16, 1.6222711172e-16, 2.95759447105e-16, 3.20703402731e-16, 3.24350329555e-16, 4.98840784286e-16, 5.51211190288e-16, 9.57173488419e-16, 2.92307523147e-16, 3.19393294225e-17, 4.58651082642e-16, 7.20816461905e-16, 1.76217147937e-17, 2.06045899557e-16, 3.15211114046e-15, 3.15252364551e-15, 1.55661192893e-15, 1.14291881403e-15, 1.14693798536e-15, 1.37931798043e-15, 1.49517302937e-15, 1.86853117648e-15, 2.1641683332e-15, 4.88021547747e-15, 1.12190750532e-14],
        "var": [0.000337400881108, 0.00147849018686, 0.000116558599984, 1.2915793377e-05, 2.8376805858e-05, 1.27712046378e-05, 8.2849055616e-06, 1.33054181788e-05, 2.81677284875e-06, 2.70294390248e-06, 6.37765288047e-06, 4.68177313451e-06, 3.21762745443e-05, 5.96734298597e-06, 5.74724651869e-07, 6.91865864155e-07, 1.47165451381e-07, 5.31918580293e-08, 4.93675500479e-08, 3.08230454493e-08, 2.23414886591e-08, 9.99727145512e-09, 4.71066918806e-09, 1.01573123246e-08, 2.20500204762e-08, 8.95744918239e-08, 8.76025723073e-08]
    },
    "erbbands": {
        "dmean": [0.390591084957, 2.68454051018, 4.83963775635, 3.47728466988, 3.0780608654, 6.04659461975, 7.63541078568, 8.01044654846, 7.15406322479, 29.5604057312, 14.2717313766, 13.3052330017, 13.0440998077, 11.8988189697, 32.1994171143, 25.6850948334, 55.9466285706, 28.841386795, 9.41753673553, 7.02956342697, 5.99602556229, 5.03847837448, 4.38414716721, 4.78057193756, 2.55704402924, 2.03756999969, 1.45333850384, 1.08201372623, 0.697670400143, 0.539207577705, 0.438400059938, 0.315749555826, 0.249803170562, 0.312965214252, 0.133124217391, 0.160218432546, 0.065711684525, 0.0215741749853, 0.00448977760971, 0.000274778343737],
        "dmean2": [0.649450361729, 4.30838537216, 8.19172382355, 6.18427705765, 5.02559947968, 8.63028335571, 11.5441942215, 12.0449934006, 10.4465503693, 42.8053283691, 20.6486434937, 18.8193511963, 19.5076828003, 17.9825973511, 48.0425338745, 38.6015930176, 75.1955184937, 42.7310638428, 14.6932115555, 11.106546402, 9.43241214752, 8.00178432465, 7.05992031097, 7.85574817657, 4.11611461639, 3.21139168739, 2.31425356865, 1.71649968624, 1.0692152977, 0.811906397343, 0.662373542786, 0.49575483799, 0.38982257247, 0.474384248257, 0.212789714336, 0.245721831918, 0.113133303821, 0.0385194756091, 0.00802671443671, 0.000479678245028],
        "dvar": [0.857589066029, 42.2133522034, 219.825668335, 145.946075439, 92.0216522217, 138.187652588, 169.636001587, 439.904022217, 280.129730225, 1792.51989746, 485.094848633, 622.647888184, 777.686096191, 1433.52185059, 4664.44238281, 5052.41162109, 15565.2773438, 5298.91943359, 740.274841309, 261.543029785, 273.499359131, 182.512969971, 129.824645996, 102.683113098, 66.0096206665, 44.7890281677, 36.2724075317, 23.5495471954, 10.8804750443, 5.93482780457, 4.56893444061, 5.14002466202, 2.11179113388, 2.95448875427, 1.90861546993, 1.75100886822, 0.951354026794, 0.0917276963592, 0.00419172691181, 2.07504326681e-05],
        "dvar2": [2.37555789948, 99.4856872559, 597.773376465, 420.808868408, 243.887557983, 276.457641602, 399.201568604, 991.209594727, 667.590270996, 3709.84204102, 1042.70214844, 1472.74157715, 1669.88903809, 3544.6640625, 9609.86132812, 12349.7558594, 28668.0800781, 11508.5458984, 1819.42724609, 646.460021973, 664.544433594, 432.950622559, 333.865509033, 259.161621094, 169.595245361, 109.163825989, 95.0913009644, 59.2599945068, 27.4170894623, 15.9472923279, 13.2090778351, 14.428812027, 5.70229530334, 7.60941934586, 5.04562282562, 4.31395292282, 2.66820526123, 0.26263487339, 0.0120540186763, 5.84556910326e-05],
        "max": [13.4295911789, 71.0344696045, 250.693023682, 163.493774414, 179.305496216, 317.239105225, 344.468475342, 701.251403809, 318.086761475, 922.467834473, 452.666473389, 574.6484375, 651.301147461, 1369.27441406, 1793.4597168, 1960.67089844, 3432.39331055, 2569.02978516, 1009.61187744, 406.886993408, 528.970947266, 391.690643311, 265.322998047, 191.188400269, 260.225799561, 185.175537109, 132.290039062, 149.31652832, 133.277755737, 128.900772095, 101.852127075, 92.9115219116, 48.2440185547, 45.6972808838, 59.1957015991, 61.5361862183, 35.8424949646, 11.2985572815, 1.79011130333, 0.193347200751],
        "mean": [0.6874807477, 4.12859630585, 6.23939323425, 4.38640785217, 4.36203193665, 12.9148750305, 15.315694809, 15.9784097672, 16.9560165405, 61.8290176392, 33.2235984802, 31.7351989746, 30.6317710876, 21.682800293, 63.8191070557, 52.9884529114, 136.164413452, 62.6606788635, 19.4578990936, 19.9099712372, 15.1774082184, 9.68663215637, 7.79843950272, 8.20501232147, 4.81941699982, 3.29509496689, 2.0910282135, 1.49042999744, 0.97837138176, 0.755871117115, 0.559272408485, 0.39403128624, 0.313073068857, 0.401683270931, 0.155869558454, 0.196850165725, 0.0630874559283, 0.0195469371974, 0.00384597899392, 0.00028466511867],
        "median": [0.0926348417997, 0.452810496092, 1.28819012642, 0.9652094841, 0.706855177879, 5.06804895401, 7.8345041275, 3.39777350426, 6.66828250885, 33.621509552, 19.567943573, 17.947145462, 12.0523118973, 6.43273305893, 22.04870224, 18.5210266113, 32.4089050293, 22.0308494568, 7.08175134659, 7.46836471558, 6.39838695526, 4.70960235596, 3.97210884094, 4.33349084854, 1.61807918549, 0.835115909576, 0.379731118679, 0.218645915389, 0.179605156183, 0.145805060863, 0.0686500072479, 0.0398822501302, 0.0204050987959, 0.0117700211704, 0.00690865609795, 0.0050199246034, 0.00235223839991, 0.00057685165666, 0.000146487174788, 4.74484550068e-05],
        "min": [1.12876051008e-14, 6.26250624709e-14, 2.01437147128e-13, 4.27131013935e-13, 6.90488410806e-13, 1.02588933442e-12, 1.73962114245e-12, 2.889622569e-12, 4.04660593228e-12, 7.03773801389e-12, 1.20358037772e-11, 1.22883361472e-11, 2.29703079474e-11, 2.77775129287e-11, 6.10710744128e-12, 1.89488485666e-12, 1.66900486487e-11, 4.72964896414e-11, 6.20019400405e-12, 4.97158390844e-12, 1.80929750349e-11, 1.88045398697e-10, 1.95118698976e-10, 8.34675384365e-11, 1.00611068088e-10, 4.7206325654e-11, 6.50944020908e-11, 3.64407809483e-11, 4.76523993875e-11, 7.08233749425e-11, 2.74744168388e-11, 2.47202171927e-11, 3.78787175237e-11, 1.98818097402e-11, 2.06809239872e-11, 1.99217951163e-11, 7.30975349694e-12, 3.35745689063e-12, 1.52046821314e-12, 1.83471076873e-13],
        "var": [2.14645385742, 69.8596954346, 206.358810425, 117.803352356, 112.213592529, 584.66217041, 532.271850586, 1416.6920166, 763.581787109, 6153.05371094, 1545.2052002, 1546.03845215, 3129.83959961, 2739.59228516, 13029.4658203, 11991.0898438, 72498.28125, 18335.1835938, 2141.42041016, 1138.32946777, 837.130859375, 338.949005127, 198.703872681, 156.96295166, 126.945266724, 68.5756607056, 40.2746543884, 27.1301803589, 12.9314222336, 6.97406816483, 4.71509552002, 4.68385076523, 2.14779853821, 3.2782561779, 1.64033782482, 1.79017233849, 0.666934907436, 0.0612676292658, 0.00272433366627, 1.4552067114e-05]
    },
    "gfcc": {
        "mean": [-26.1131763458, 132.747528076, -120.151268005, 3.03294444084, -34.6161231995, 7.55234622955, -21.3495063782, 6.32220935822, -12.0656108856, 8.35356616974, -2.80061388016, 1.51505887508, -14.4100427628],
        "cov": [[4840.54589844, -942.601257324, 833.219787598, 443.007904053, 153.714797974, 436.207458496, -139.652191162, 258.124694824, -271.741577148, 185.014175415, -20.5524539948, 53.6292114258, -37.9289665222], [-942.601257324, 650.071105957, -143.552307129, -40.4015808105, 65.1050796509, -138.188659668, 94.6314315796, -43.2260017395, 79.8138961792, -98.4365158081, 38.5007743835, -50.9491844177, 4.89557552338], [833.219787598, -143.552307129, 522.796081543, 157.249023438, 37.0452041626, 126.647140503, 12.1384296417, 95.1513595581, -86.9587020874, 52.2204322815, 14.952539444, 29.737821579, 51.1207847595], [443.007904053, -40.4015808105, 157.249023438, 282.684509277, 26.0114059448, 95.7257537842, 31.3931484222, 32.7249488831, -8.66687488556, 0.578523755074, 16.8140125275, -13.6498527527, 27.8772068024], [153.714797974, 65.1050796509, 37.0452041626, 26.0114059448, 228.721389771, 43.7350082397, 33.3544082642, 5.41281700134, 3.22888326645, 20.055475235, 10.692820549, -12.2345705032, -38.3322219849], [436.207458496, -138.188659668, 126.647140503, 95.7257537842, 43.7350082397, 198.756652832, 37.8354759216, 10.2431640625, -19.9112491608, 39.8057250977, -3.16747331619, 9.94112014771, 9.13936519623], [-139.652191162, 94.6314315796, 12.1384296417, 31.3931484222, 33.3544082642, 37.8354759216, 135.250457764, 22.8972587585, 8.6007976532, -4.5673365593, 17.9419307709, -2.9543800354, 13.3340377808], [258.124694824, -43.2260017395, 95.1513595581, 32.7249488831, 5.41281700134, 10.2431640625, 22.8972587585, 148.273925781, 27.6777210236, 1.24979937077, -0.0240015704185, -5.84240436554, 8.00946807861], [-271.741577148, 79.8138961792, -86.9587020874, -8.66687488556, 3.22888326645, -19.9112491608, 8.6007976532, 27.6777210236, 173.403015137, 6.42793893814, -25.664358139, -29.4269294739, -20.1521492004], [185.014175415, -98.4365158081, 52.2204322815, 0.578523755074, 20.055475235, 39.8057250977, -4.5673365593, 1.24979937077, 6.42793893814, 116.360458374, 24.6977481842, 5.23842287064, -23.974023819], [-20.5524539948, 38.5007743835, 14.952539444, 16.8140125275, 10.692820549, -3.16747331619, 17.9419307709, -0.0240015704185, -25.664358139, 24.6977481842, 107.926856995, 16.7400856018, -12.8713979721], [53.6292114258, -50.9491844177, 29.737821579, -13.6498527527, -12.2345705032, 9.94112014771, -2.9543800354, -5.84240436554, -29.4269294739, 5.23842287064, 16.7400856018, 78.8431167603, 30.2832794189], [-37.9289665222, 4.89557552338, 51.1207847595, 27.8772068024, -38.3322219849, 9.13936519623, 13.3340377808, 8.00946807861, -20.1521492004, -23.974023819, -12.8713979721, 30.2832794189, 117.380271912]],
        "icov": [[0.000505039293785, 0.000310675270157, -0.000265079841483, -0.000457589892903, -0.00026154963416, -0.000437834678451, 0.000617889745627, -0.000712112116162, 0.000605183362495, -0.000187697936781, 0.000259357155301, -0.000117226118164, 0.000425682083005], [0.000310675270157, 0.00376792531461, -0.000676103227306, 0.000119723306852, -0.00145273690578, 0.00218137376942, -0.00222964282148, 0.00160576985218, -0.00159805896692, 0.00266836956143, -0.0020181236323, 0.00197793985717, -0.000752245367039], [-0.000265079841483, -0.000676103227306, 0.00376206845976, -0.00111259042751, -6.10937495367e-05, -0.00110963860061, 0.000664458842948, -0.0022228457965, 0.00181013531983, -0.00179583556019, 0.000538436230272, -0.000780355650932, -0.0010846623918], [-0.000457589892903, 0.000119723306852, -0.00111259042751, 0.00571183441207, 3.72402087123e-06, -0.00142620468978, -0.0009038830176, 0.000963452388532, -0.00147304218262, 0.00182731973473, -0.00208999379538, 0.00240397406742, -0.00160470418632], [-0.00026154963416, -0.00145273690578, -6.10937495367e-05, 3.72402087123e-06, 0.00570220779628, -0.00136080244556, -0.000599792401772, -0.000129659878439, 0.000306267495034, -0.00102082127705, 0.000595108780544, -0.000453352899058, 0.00207317620516], [-0.000437834678451, 0.00218137376942, -0.00110963860061, -0.00142620468978, -0.00136080244556, 0.00986195635051, -0.00434316555038, 0.00276447460055, -0.00136866082903, -0.000427799270255, 0.000331611867296, 0.00016172794858, -0.000645704858471], [0.000617889745627, -0.00222964282148, 0.000664458842948, -0.0009038830176, -0.000599792401772, -0.00434316555038, 0.0116768823937, -0.00372538389638, 0.00162287580315, -0.00116862752475, -0.000351487833541, -0.000689567124937, -0.000532729434781], [-0.000712112116162, 0.00160576985218, -0.0022228457965, 0.000963452388532, -0.000129659878439, 0.00276447460055, -0.00372538389638, 0.0109724579379, -0.00435415748507, 0.00264217425138, -0.00188018206973, 0.00182454427704, -0.00102569407318], [0.000605183362495, -0.00159805896692, 0.00181013531983, -0.00147304218262, 0.000306267495034, -0.00136866082903, 0.00162287580315, -0.00435415748507, 0.00957927387208, -0.00359239778481, 0.00357986218296, 8.2691112766e-05, 0.00142513017636], [-0.000187697936781, 0.00266836956143, -0.00179583556019, 0.00182731973473, -0.00102082127705, -0.000427799270255, -0.00116862752475, 0.00264217425138, -0.00359239778481, 0.0135846110061, -0.00475452281535, 0.00121724873316, 0.00115100038238], [0.000259357155301, -0.0020181236323, 0.000538436230272, -0.00208999379538, 0.000595108780544, 0.000331611867296, -0.000351487833541, -0.00188018206973, 0.00357986218296, -0.00475452281535, 0.0132889468223, -0.00447789346799, 0.00302258250304], [-0.000117226118164, 0.00197793985717, -0.000780355650932, 0.00240397406742, -0.000453352899058, 0.00016172794858, -0.000689567124937, 0.00182454427704, 8.2691112766e-05, 0.00121724873316, -0.00447789346799, 0.0177302416414, -0.00536074722186], [0.000425682083005, -0.000752245367039, -0.0010846623918, -0.00160470418632, 0.00207317620516, -0.000645704858471, -0.000532729434781, -0.00102569407318, 0.00142513017636, 0.00115100038238, 0.00302258250304, -0.00536074722186, 0.0125937750563]]
    },
    "melbands": {
        "dmean": [0.00345284794457, 0.00283380364999, 0.000603765831329, 0.000285946705844, 0.000300358515233, 0.000174264292582, 0.000115164053568, 0.000339910970069, 0.000102795973362, 8.16060273792e-05, 6.38582932879e-05, 4.44040160801e-05, 9.57595111686e-05, 6.88360596541e-05, 0.000100800934888, 0.000109781176434, 5.47476520296e-05, 1.57474551088e-05, 1.0140147424e-05, 1.32200830194e-05, 6.17541627435e-06, 5.39792881682e-06, 6.10818779023e-06, 3.23077142639e-06, 4.33210016126e-06, 1.81861003057e-06, 1.88506180621e-06, 1.28411795686e-06, 9.18794398785e-07, 9.82039637165e-07, 5.44208830888e-07, 4.28818452747e-07, 3.32723601559e-07, 2.94290089187e-07, 2.86646098857e-07, 1.92572642277e-07, 2.01041430614e-07, 1.40968580808e-07, 3.18897832585e-07, 2.2685354395e-07],
        "dmean2": [0.00566905690357, 0.00454781018198, 0.00105842517223, 0.000425385602284, 0.000441333570052, 0.000262560293777, 0.00016535515897, 0.000487744488055, 0.000146446924191, 0.000117089664855, 9.5338182291e-05, 6.76602430758e-05, 0.000143624187331, 0.000104757047666, 0.000142583667184, 0.000150382169522, 8.25770039228e-05, 2.46532454184e-05, 1.64913835761e-05, 2.08049277717e-05, 9.75828606897e-06, 8.58284238348e-06, 9.85690985544e-06, 5.27329802935e-06, 7.13678400643e-06, 2.97453425446e-06, 2.99781618196e-06, 2.06990353036e-06, 1.47927994476e-06, 1.61312652835e-06, 8.59995566316e-07, 6.76984143411e-07, 5.05228967995e-07, 4.45095309942e-07, 4.44918953235e-07, 2.89290198907e-07, 3.26165292108e-07, 2.18901561766e-07, 4.96475593081e-07, 3.45015251924e-07],
        "dvar": [5.44361755601e-05, 5.66345406696e-05, 4.16325383412e-06, 4.49766787369e-07, 2.41071063556e-07, 1.89174016896e-07, 7.01000431036e-08, 2.45138096489e-07, 3.0238513915e-08, 2.3760813761e-08, 1.90760083285e-08, 2.27773391259e-08, 4.0976729565e-08, 2.36557919919e-08, 6.02331766686e-08, 7.01306959172e-08, 2.49621798787e-08, 1.99478855656e-09, 1.0132852335e-09, 7.78616338071e-10, 3.63573560147e-10, 2.10972600501e-10, 1.96025820576e-10, 7.44915101825e-11, 7.97687679799e-11, 3.67654136302e-11, 3.29620740425e-11, 1.98501163423e-11, 1.38005761333e-11, 2.72455235456e-11, 4.93145715236e-12, 6.7287659819e-12, 2.22661103964e-12, 1.45706146801e-12, 2.94731556869e-12, 9.69778727808e-13, 4.07166184449e-12, 1.04156321155e-12, 3.80281049706e-12, 2.31549198218e-12],
        "dvar2": [0.000140579417348, 0.000139431460411, 1.19462220027e-05, 1.10518840302e-06, 5.03636670146e-07, 4.37463057779e-07, 1.51901318191e-07, 4.96291249874e-07, 6.33754595469e-08, 5.6857064834e-08, 4.08042737376e-08, 5.57093287057e-08, 8.67420979489e-08, 5.31278061544e-08, 1.2544883532e-07, 1.4174355556e-07, 5.33507282796e-08, 4.92913887484e-09, 2.64908539549e-09, 1.91260318694e-09, 8.9443624729e-10, 5.02942132385e-10, 4.8461290536e-10, 1.9508442084e-10, 2.03385711051e-10, 9.30178573055e-11, 8.17716241941e-11, 5.03454118672e-11, 3.52647563928e-11, 7.33466898328e-11, 1.1623277861e-11, 1.75379051559e-11, 6.1417928035e-12, 3.48427168194e-12, 9.02726591395e-12, 2.66635151458e-12, 1.13949500877e-11, 2.66166537595e-12, 1.03965525425e-11, 6.16277688603e-12],
        "max": [0.0858341827989, 0.116955220699, 0.0270397700369, 0.0138255134225, 0.0146638518199, 0.0134613020346, 0.00695605529472, 0.00943766534328, 0.00504355737939, 0.0031130684074, 0.00321714160964, 0.00509132817388, 0.00479805609211, 0.00330738653429, 0.00636901706457, 0.0067987870425, 0.00590093713254, 0.00144909415394, 0.000964713166468, 0.000830644916277, 0.000649002962746, 0.000424667523475, 0.000319195387419, 0.00018105309573, 0.000176512432517, 0.000200390510145, 0.000147490834934, 0.000111972425657, 0.000109234475531, 0.00019093255105, 7.78534013079e-05, 0.000122576951981, 7.12029941496e-05, 5.39613429282e-05, 9.25060958252e-05, 4.63252981717e-05, 9.61315090535e-05, 4.44657816843e-05, 7.09961750545e-05, 6.32200171822e-05],
        "mean": [0.00628362828866, 0.00419991323724, 0.000782752467785, 0.000543029047549, 0.000634240044747, 0.000344645552104, 0.000278154911939, 0.000707407016307, 0.000243782473262, 0.000188816760783, 0.000145071986481, 7.35090288799e-05, 0.000184346950846, 0.000131293476443, 0.00022511514544, 0.000257797568338, 0.000107302330434, 3.01970412693e-05, 1.93815631064e-05, 3.74230767193e-05, 1.33269668368e-05, 9.91015258478e-06, 1.01850464489e-05, 5.29089129486e-06, 7.01890940036e-06, 3.3060127862e-06, 3.02719604406e-06, 1.97788517653e-06, 1.28858732751e-06, 1.24287203107e-06, 7.34265029223e-07, 5.73534691739e-07, 4.6719677016e-07, 3.95658986463e-07, 3.45289663528e-07, 2.46401469894e-07, 2.3833808882e-07, 1.73253098978e-07, 3.89048466332e-07, 2.89616878035e-07],
        "median": [0.00108730909415, 0.000705471436959, 0.000175880210008, 0.00020996000967, 0.000323575048242, 7.0117006544e-05, 0.000104049351648, 0.000373534567188, 0.000142241886351, 0.000102529360447, 5.15571373398e-05, 1.31060151034e-05, 5.93464537815e-05, 4.97763721796e-05, 4.89417579956e-05, 4.60487717646e-05, 2.66569804808e-05, 9.22995877772e-06, 4.50896914117e-06, 1.19473506857e-05, 5.01697650179e-06, 4.05652281188e-06, 4.49327444585e-06, 2.78571792478e-06, 3.49602919414e-06, 1.0779041304e-06, 7.0275308417e-07, 4.62932348455e-07, 2.49562333465e-07, 1.47586519006e-07, 1.08957550538e-07, 9.35892146003e-08, 9.29634325075e-08, 6.94670276857e-08, 3.91534555888e-08, 2.34910118024e-08, 2.47127438513e-08, 1.38104878644e-08, 9.39800415267e-09, 9.27491861091e-09],
        "min": [1.03162366108e-16, 9.94782095384e-17, 8.16801679622e-17, 6.10170308245e-17, 5.87277456136e-17, 6.47581503594e-17, 6.32518610814e-17, 8.38272045776e-17, 9.97805341261e-17, 7.63079011989e-17, 1.18111518245e-16, 1.2004328276e-16, 2.93553098331e-17, 4.01540394062e-18, 5.16500342593e-18, 6.70625101099e-17, 8.92090467837e-17, 9.62943946694e-18, 1.98792801097e-18, 1.16093682278e-17, 1.41014905327e-17, 1.75502566458e-16, 1.81712231169e-16, 1.88086815842e-16, 4.69379304167e-17, 7.43119342332e-17, 5.06073234663e-17, 2.97380992421e-17, 4.31687132107e-17, 3.0582346245e-17, 1.66346881452e-17, 2.96973093117e-17, 2.82802198822e-17, 4.21809900762e-17, 1.5048589173e-17, 1.22671017191e-17, 1.62875204421e-17, 2.84061994895e-17, 2.62036673268e-17, 1.16933700734e-17],
        "var": [0.000130775908474, 7.48574675526e-05, 3.46606543644e-06, 1.01343823644e-06, 9.14824738629e-07, 5.79427876346e-07, 2.34281984035e-07, 8.21274909413e-07, 9.95198590203e-08, 5.82693964191e-08, 7.68715437971e-08, 4.45698518092e-08, 1.118331312e-07, 5.71888705281e-08, 2.33419683582e-07, 2.84343627754e-07, 8.83802400153e-08, 5.64421487326e-09, 2.15393325398e-09, 6.07425576504e-09, 6.90544066373e-10, 4.08300726562e-10, 3.47258111155e-10, 9.47640368953e-11, 1.19072335325e-10, 7.25120449796e-11, 5.45552457376e-11, 2.78980311075e-11, 1.66663870205e-11, 2.38545121156e-11, 6.64507945197e-12, 6.79234012785e-12, 2.55598775652e-12, 2.02752701781e-12, 2.50661340642e-12, 1.14278909686e-12, 3.37291024104e-12, 1.03369732479e-12, 3.91027748375e-12, 2.22897221513e-12]
    },
    "mfcc": {
        "mean": [-680.276550293, 177.250854492, -17.2280654907, 14.9343576431, 3.26302838326, 7.35769605637, 4.10750961304, 5.53782176971, -3.32063579559, 4.76730537415, 12.1415367126, 9.7820558548, 5.58477401733],
        "cov": [[4285.28271484, -726.21887207, 438.471740723, 178.659378052, 363.090026855, 134.391372681, 351.081939697, -41.2396125793, 101.114936829, -29.1837062836, -40.3274230957, -7.06739234924, 81.8508758545], [-726.21887207, 576.463928223, -178.278961182, 13.9608039856, -27.1279239655, -75.7304840088, -40.0087738037, 42.1890563965, -37.6846923828, 15.4430904388, 29.8977584839, -14.4186468124, -10.2961511612], [438.471740723, -178.278961182, 415.428649902, 25.3238258362, 62.6073379517, 30.4148139954, 97.3235015869, -12.635802269, 71.4640808105, -9.30150127411, -37.6780128479, -32.7797851562, 33.7057037354], [178.659378052, 13.9608039856, 25.3238258362, 160.894058228, 56.8533592224, 5.91188621521, 27.9370498657, 14.0422801971, 5.26178264618, 14.6924943924, 8.06284141541, 2.41845774651, 1.16877818108], [363.090026855, -27.1279239655, 62.6073379517, 56.8533592224, 176.144775391, 24.0331707001, 58.8763198853, 5.04289722443, 5.03744029999, 6.24228048325, 6.0676279068, -3.78006362915, 2.83753085136], [134.391372681, -75.7304840088, 30.4148139954, 5.91188621521, 24.0331707001, 199.971496582, 47.3088874817, -9.81791782379, 4.46382474899, -10.1043577194, 11.3511228561, 25.5223522186, 2.70021367073], [351.081939697, -40.0087738037, 97.3235015869, 27.9370498657, 58.8763198853, 47.3088874817, 212.745498657, 0.791358053684, 15.4422187805, -40.1422691345, -4.48514032364, 13.9866886139, 11.8532924652], [-41.2396125793, 42.1890563965, -12.635802269, 14.0422801971, 5.04289722443, -9.81791782379, 0.791358053684, 123.936889648, 28.6807937622, 35.9996643066, -10.8725271225, -4.07518720627, -9.2336730957], [101.114936829, -37.6846923828, 71.4640808105, 5.26178264618, 5.03744029999, 4.46382474899, 15.4422187805, 28.6807937622, 136.70199585, 27.520368576, -23.1267910004, -21.271112442, 15.9332027435], [-29.1837062836, 15.4430904388, -9.30150127411, 14.6924943924, 6.24228048325, -10.1043577194, -40.1422691345, 35.9996643066, 27.520368576, 146.803665161, 17.4919757843, -15.320605278, -24.5742893219], [-40.3274230957, 29.8977584839, -37.6780128479, 8.06284141541, 6.0676279068, 11.3511228561, -4.48514032364, -10.8725271225, -23.1267910004, 17.4919757843, 121.664581299, 46.7321090698, 7.60225248337], [-7.06739234924, -14.4186468124, -32.7797851562, 2.41845774651, -3.78006362915, 25.5223522186, 13.9866886139, -4.07518720627, -21.271112442, -15.320605278, 46.7321090698, 127.62701416, 34.223110199], [81.8508758545, -10.2961511612, 33.7057037354, 1.16877818108, 2.83753085136, 2.70021367073, 11.8532924652, -9.2336730957, 15.9332027435, -24.5742893219, 7.60225248337, 34.223110199, 125.943229675]],
