{
"lowlevel": {
    "average_loudness": 0.0931517407298,
    "barkbands_crest": {
        "dmean": 1.66322517395,
        "dmean2": 2.59425616264,
        "dvar": 2.72881674767,
        "dvar2": 6.89821863174,
        "max": 26.1119747162,
        "mean": 11.4819765091,
        "median": 10.5782279968,
        "min": 3.72358822823,
        "var": 17.7223358154
    },
    "barkbands_flatness_db": {
        "dmean": 0.0166129339486,
        "dmean2": 0.0273969359696,
        "dvar": 0.000237072235905,
        "dvar2": 0.000644135579932,
        "max": 0.510196626186,
        "mean": 0.346168547869,
        "median": 0.348216354847,
        "min": 0.053439989686,
        "var": 0.00187198305503
    },
    "barkbands_kurtosis": {
        "dmean": 1.64688956738,
        "dmean2": 2.42164039612,
        "dvar": 15.302447319,
        "dvar2": 31.4927997589,
        "max": 232.328659058,
        "mean": 4.62559652328,
        "median": 1.93494033813,
        "min": -1.85977232456,
        "var": 125.025138855
    },
    "barkbands_skewness": {
        "dmean": 0.322785496712,
        "dmean2": 0.487314969301,
        "dvar": 0.139194488525,
        "dvar2": 0.327142179012,
        "max": 10.8779430389,
        "mean": 0.800418198109,
        "median": 0.818089902401,
        "min": -9.78630256653,
        "var": 2.0027616024
    },
    "barkbands_spread": {
        "dmean": 0.873107254505,
        "dmean2": 1.34587228298,
        "dvar": 1.72151446342,
        "dvar2": 3.87391591072,
        "max": 127.738632202,
        "mean": 5.71972131729,
        "median": 4.76563692093,
        "min": 0.138878434896,
        "var": 56.8357925415
    },
    "dissonance": {
        "dmean": 0.0379015170038,
        "dmean2": 0.0650128796697,
        "dvar": 0.00139241386205,
        "dvar2": 0.00396402459592,
        "max": 0.500000119209,
        "mean": 0.387527853251,
        "median": 0.400736421347,
        "min": 0.0947607606649,
        "var": 0.00532096950337
    },
    "dynamic_complexity": 7.75065374374,
    "erbbands_crest": {
        "dmean": 2.10180091858,
        "dmean2": 3.21324563026,
        "dvar": 5.14703130722,
        "dvar2": 12.1176872253,
        "max": 34.6395263672,
        "mean": 13.6060562134,
        "median": 12.2043418884,
        "min": 2.57550120354,
        "var": 38.1050491333
    },
    "erbbands_flatness_db": {
        "dmean": 0.0116550764069,
        "dmean2": 0.0183685608208,
        "dvar": 0.000138253424666,
        "dvar2": 0.000336908386089,
        "max": 0.570676028728,
        "mean": 0.374368101358,
        "median": 0.378371566534,
        "min": 0.0311066284776,
        "var": 0.00405986653641
    },
    "erbbands_kurtosis": {
        "dmean": 0.99544107914,
        "dmean2": 1.38833975792,
        "dvar": 3.94591522217,
        "dvar2": 7.19128274918,
        "max": 96.3323974609,
        "mean": 2.08617949486,
        "median": 0.612634658813,
        "min": -1.74824094772,
        "var": 37.9769706726
    },
    "erbbands_skewness": {
        "dmean": 0.265247225761,
        "dmean2": 0.381122350693,
        "dvar": 0.0870434418321,
        "dvar2": 0.173576906323,
        "max": 4.82816314697,
        "mean": 0.55352550745,
        "median": 0.555777609348,
        "min": -4.35901021957,
        "var": 0.691092789173
    },
    "erbbands_spread": {
        "dmean": 1.50132012367,
        "dmean2": 2.26955389977,
        "dvar": 5.1619143486,
        "dvar2": 12.3634595871,
        "max": 163.729492188,
        "mean": 11.8656244278,
        "median": 10.0237321854,
        "min": 0.204939723015,
        "var": 185.386611938
    },
    "hfc": {
        "dmean": 1.78788840771,
        "dmean2": 2.48056316376,
        "dvar": 19.3495101929,
        "dvar2": 36.3182067871,
        "max": 100.40738678,
        "mean": 7.73863649368,
        "median": 3.53058218956,
        "min": 1.15520656217e-16,
        "var": 116.664016724
    },
    "melbands_crest": {
        "dmean": 2.11823868752,
        "dmean2": 3.28644442558,
        "dvar": 4.88148880005,
        "dvar2": 11.4086151123,
        "max": 38.9827003479,
        "mean": 14.8234930038,
        "median": 13.0157232285,
        "min": 1.80108606815,
        "var": 47.0173110962
    },
    "melbands_flatness_db": {
        "dmean": 0.0162985492498,
        "dmean2": 0.0260913837701,
        "dvar": 0.000267628900474,
        "dvar2": 0.000656044285279,
        "max": 0.603896021843,
        "mean": 0.446589976549,
        "median": 0.446819752455,
        "min": 0.00484769279137,
        "var": 0.00329040572979
    },
    "melbands_kurtosis": {
        "dmean": 3.16668629646,
        "dmean2": 4.92661094666,
        "dvar": 272.611968994,
        "dvar2": 674.377441406,
        "max": 1212.16247559,
        "mean": 13.0987224579,
        "median": 2.66167831421,
        "min": -1.80650877953,
        "var": 5461.81298828
    },
    "melbands_skewness": {
        "dmean": 0.342040389776,
        "dmean2": 0.520622253418,
        "dvar": 0.211082175374,
        "dvar2": 0.48399117589,
        "max": 32.6568069458,
        "mean": 1.30558717251,
        "median": 1.04667890072,
        "min": -7.4429063797,
        "var": 8.46621131897
    },
    "melbands_spread": {
        "dmean": 1.35867083073,
        "dmean2": 2.06556820869,
        "dvar": 3.85278105736,
        "dvar2": 8.03602313995,
        "max": 180.471588135,
        "mean": 8.28930187225,
        "median": 7.12906599045,
        "min": 0.35125797987,
        "var": 87.415725708
    },
    "pitch_salience": {
        "dmean": 0.0480332188308,
        "dmean2": 0.0756741836667,
        "dvar": 0.00244012009352,
        "dvar2": 0.00603696797043,
        "max": 0.871900618076,
        "mean": 0.552397072315,
        "median": 0.574523925781,
        "min": 0.046806011349,
        "var": 0.0179828274995
    },
    "silence_rate_20dB": {
        "dmean": 0,
        "dmean2": 0,
        "dvar": 0,
        "dvar2": 0,
        "max": 1,
        "mean": 1,
        "median": 1,
        "min": 1,
        "var": 0
    },
    "silence_rate_30dB": {
        "dmean": 0.00501392735168,
        "dmean2": 0.0100287860259,
        "dvar": 0.00498939119279,
        "dvar2": 0.0112275667489,
        "max": 1,
        "mean": 0.990994334221,
        "median": 1,
        "min": 0,
        "var": 0.0089255804196
    },
    "silence_rate_60dB": {
        "dmean": 0.0239554308355,
        "dmean2": 0.0479153133929,
        "dvar": 0.0233852565289,
        "dvar2": 0.051001843065,
        "max": 1,
        "mean": 0.30340731144,
        "median": 0,
        "min": 0,
        "var": 0.211343348026
    },
    "spectral_centroid": {
        "dmean": 35.2102432251,
        "dmean2": 51.0318565369,
        "dvar": 7469.69873047,
        "dvar2": 11101.2880859,
        "max": 10840.140625,
        "mean": 587.741333008,
        "median": 485.456817627,
        "min": 197.115097046,
        "var": 211027.375
    },
    "spectral_complexity": {
        "dmean": 1.03602600098,
        "dmean2": 1.70396506786,
        "dvar": 1.47814881802,
        "dvar2": 3.20445799828,
        "max": 28,
        "mean": 9.37322425842,
        "median": 10,
        "min": 0,
        "var": 34.0924072266
    },
    "spectral_decrease": {
        "dmean": 8.99776808616e-10,
        "dmean2": 1.29673138893e-09,
        "dvar": 3.22234866424e-18,
        "dvar2": 6.24912205317e-18,
        "max": 1.0602862484e-19,
        "mean": -4.18125578605e-09,
        "median": -2.0130790368e-09,
        "min": -5.10020718991e-08,
        "var": 3.04132043534e-17
    },
    "spectral_energy": {
        "dmean": 0.00354916206561,
        "dmean2": 0.0051083327271,
        "dvar": 5.08236589667e-05,
        "dvar2": 9.81933771982e-05,
        "max": 0.20074570179,
        "mean": 0.0164828989655,
        "median": 0.00790831912309,
        "min": 1.03880540187e-20,
        "var": 0.000473357533338
    },
    "spectral_energyband_high": {
        "dmean": 1.04390437627e-06,
        "dmean2": 1.47972104969e-06,
        "dvar": 6.86003823192e-11,
        "dvar2": 1.27808374994e-10,
        "max": 0.00063164770836,
        "mean": 1.87580906186e-06,
        "median": 1.22800599911e-07,
        "min": 7.51332270129e-21,
        "var": 1.32103064598e-10
    },
    "spectral_energyband_low": {
        "dmean": 0.000499824585859,
        "dmean2": 0.00075270870002,
        "dvar": 3.56818236469e-06,
        "dvar2": 7.00827513356e-06,
        "max": 0.0763337314129,
        "mean": 0.00138077419251,
        "median": 0.000336512457579,
        "min": 1.51148854397e-22,
        "var": 1.2926177078e-05
    },
    "spectral_energyband_middle_high": {
        "dmean": 0.000713643967174,
        "dmean2": 0.000945768202655,
        "dvar": 6.2967615122e-06,
        "dvar2": 1.21290295283e-05,
        "max": 0.0608778074384,
        "mean": 0.00221135420725,
        "median": 0.000693651905749,
        "min": 1.30028177773e-21,
        "var": 1.86257311725e-05
    },
    "spectral_energyband_middle_low": {
        "dmean": 0.00309191946872,
        "dmean2": 0.00449938792735,
        "dvar": 3.46096603607e-05,
        "dvar2": 7.34370187274e-05,
        "max": 0.190419450402,
        "mean": 0.0136779891327,
        "median": 0.00683211674914,
        "min": 4.35565825394e-22,
        "var": 0.000318704493111
    },
    "spectral_entropy": {
        "dmean": 0.113858565688,
        "dmean2": 0.179348737001,
        "dvar": 0.0212992560118,
        "dvar2": 0.0519365407526,
        "max": 9.8145866394,
        "mean": 5.79016685486,
        "median": 5.78327894211,
        "min": 3.66112709045,
        "var": 0.395003676414
    },
    "spectral_flux": {
        "dmean": 0.0115472450852,
        "dmean2": 0.0191234610975,
        "dvar": 0.000362485501682,
        "dvar2": 0.000913234776817,
        "max": 0.274758338928,
        "mean": 0.0321239978075,
        "median": 0.0238697268069,
        "min": 1.0192180433e-10,
        "var": 0.000958496180829
    },
    "spectral_kurtosis": {
        "dmean": 28.8263645172,
        "dmean2": 50.2027015686,
        "dvar": 730.485961914,
        "dvar2": 2057.45922852,
        "max": 340.681732178,
        "mean": 97.4254455566,
        "median": 92.3304595947,
        "min": -1.19203186035,
        "var": 2992.26757812
    },
    "spectral_rms": {
        "dmean": 0.000356905540684,
        "dmean2": 0.000508309865836,
        "dvar": 2.79747609966e-07,
        "dvar2": 5.15151327818e-07,
        "max": 0.0139946229756,
        "mean": 0.00322592351586,
        "median": 0.00277766701765,
        "min": 3.18350228991e-12,
        "var": 5.6742360357e-06
    },
    "spectral_rolloff": {
        "dmean": 65.522277832,
        "dmean2": 110.477737427,
        "dvar": 26080.015625,
        "dvar2": 55724.8632812,
        "max": 19207.6171875,
        "mean": 773.087158203,
        "median": 624.462890625,
        "min": 43.06640625,
        "var": 1433765.375
    },
    "spectral_skewness": {
        "dmean": 1.55656921864,
        "dmean2": 2.73867630959,
        "dvar": 1.83412325382,
        "dvar2": 5.27381134033,
        "max": 14.678071022,
        "mean": 6.79705190659,
        "median": 6.76524543762,
        "min": -0.00413521984592,
        "var": 6.59128522873
    },
    "spectral_spread": {
        "dmean": 259961.125,
        "dmean2": 463348.6875,
        "dvar": 136149475328,
        "dvar2": 236002426880,
        "max": 39627816,
        "mean": 1179536.25,
        "median": 886711.125,
        "min": 206759.625,
        "var": 2.39821940326e+12
    },
    "spectral_strongpeak": {
        "dmean": 0.298293054104,
        "dmean2": 0.484992682934,
        "dvar": 0.332413136959,
        "dvar2": 0.782162725925,
        "max": 10.2196712494,
        "mean": 0.979696810246,
        "median": 0.727442085743,
        "min": 0,
        "var": 0.976149499416
    },
    "zerocrossingrate": {
        "dmean": 0.00213465490378,
        "dmean2": 0.00272546987981,
        "dvar": 8.74091529113e-06,
        "dvar2": 1.41267100844e-05,
        "max": 0.51318359375,
        "mean": 0.0281213466078,
        "median": 0.02392578125,
        "min": 0.00634765625,
        "var": 0.000940495287068
    },
    "barkbands": {
        "dmean": [6.88868624366e-07, 0.000228877630434, 0.000287541624857, 0.000173813954461, 0.00104636489414, 0.00128655892331, 0.000842385925353, 0.000630418304354, 0.000284951762296, 0.000420465745265, 0.000202384122531, 0.000185436350876, 0.000178031885298, 6.46445696475e-05, 2.7909194614e-05, 6.91234072292e-06, 7.68654081185e-06, 2.31114631788e-06, 1.46017316638e-06, 1.18805598959e-06, 1.54940920538e-07, 8.86669226929e-08, 5.19431715418e-08, 4.46235270957e-09, 1.45138889796e-09, 7.55031259736e-10, 7.7891332273e-10],
        "dmean2": [1.20559423067e-06, 0.000340365193551, 0.000436170288594, 0.000277033017483, 0.00157771189697, 0.00195160869043, 0.00138034776319, 0.000934643670917, 0.000408008636441, 0.000547203177121, 0.000247530610068, 0.000257650128333, 0.000259645195911, 8.98743164726e-05, 4.11887631344e-05, 9.95532718662e-06, 1.10729479275e-05, 3.58708780368e-06, 2.16758462557e-06, 1.7256799083e-06, 2.27893153237e-07, 1.21404454489e-07, 6.33642329717e-08, 6.97660285098e-09, 2.46758791178e-09, 1.38212152834e-09, 1.42773393108e-09],
        "dvar": [3.14338377376e-12, 7.14650866485e-07, 1.40788938552e-06, 2.44883381129e-07, 5.16427053299e-06, 8.23826849228e-06, 5.16002273798e-06, 2.71421686193e-06, 9.25406197894e-07, 2.78048173641e-06, 4.2482085405e-07, 1.42546059578e-06, 1.93723690245e-06, 5.84852841712e-08, 6.20928242157e-09, 5.90382964738e-10, 7.70799368777e-10, 7.73445960056e-11, 2.80027008526e-11, 5.55126986046e-11, 7.64427692153e-13, 3.16547352566e-13, 1.26819214852e-12, 2.85750736394e-15, 2.88959598953e-16, 3.56918342713e-18, 3.14055022103e-18],
        "dvar2": [9.67985674255e-12, 1.4539143649e-06, 2.79889650301e-06, 5.15733518114e-07, 1.16710616567e-05, 2.07696448342e-05, 1.3564152141e-05, 5.51396806259e-06, 1.43952388498e-06, 4.98049030284e-06, 6.39775350919e-07, 2.86590375254e-06, 4.19314983446e-06, 9.56253103368e-08, 1.65192215462e-08, 1.18544796202e-09, 1.57442525683e-09, 1.83610182614e-10, 5.40399912319e-11, 1.09252849823e-10, 1.7110979517e-12, 6.48576027953e-13, 1.61558049924e-12, 7.01790090206e-15, 7.41659031061e-16, 1.13999012813e-17, 1.02627355614e-17],
        "max": [4.04719648941e-05, 0.0242083407938, 0.0471113100648, 0.0208363682032, 0.085660263896, 0.0727484673262, 0.0778239443898, 0.106515862048, 0.0308069270104, 0.0456223525107, 0.0203066468239, 0.0409276336432, 0.0426463000476, 0.0103454133496, 0.00328627950512, 0.00075439340435, 0.000838900741655, 0.000277512590401, 0.000232640653849, 0.00048942147987, 4.55861627415e-05, 3.27387315338e-05, 0.000111873792775, 3.00473448078e-06, 1.43089982885e-06, 7.72766739487e-08, 4.42133867296e-08],
        "mean": [1.08615518002e-06, 0.000504400406498, 0.000661454570945, 0.000484968040837, 0.00327704194933, 0.00392702082172, 0.00192910048645, 0.00224277633242, 0.000648934044875, 0.0014484943822, 0.000432338303654, 0.000372847513063, 0.00027928777854, 0.000146834776388, 8.54032477946e-05, 1.41583914228e-05, 1.57020531333e-05, 5.52198707737e-06, 2.86749832412e-06, 2.09304175769e-06, 3.43042756867e-07, 1.58368933967e-07, 8.57360831219e-08, 6.98072843974e-09, 1.84950965654e-09, 9.40920563686e-10, 9.1335594643e-10],
        "median": [2.41566169734e-07, 4.01362449338e-05, 0.000163107644767, 0.000142937875353, 0.00132270227186, 0.00148525740951, 0.000468276557513, 0.000774091226049, 0.000158922906849, 0.000247680698521, 9.30237001739e-05, 6.80384255247e-05, 3.8237307308e-05, 2.49063123192e-05, 1.86815632333e-05, 2.1611676857e-06, 2.38718439505e-06, 6.78989749758e-07, 3.6505153389e-07, 1.52514957108e-07, 2.93619049074e-08, 4.32883240364e-09, 9.01204444403e-10, 5.05994024458e-10, 5.48563972025e-10, 6.84680590002e-10, 6.30073326846e-10],
        "min": [4.97468703037e-24, 7.74685768952e-23, 4.13871582521e-23, 5.14913020893e-23, 5.77915460197e-23, 5.05285857069e-23, 5.76435178486e-23, 3.60941792571e-23, 1.56953722078e-22, 3.60224339355e-23, 1.20674185752e-22, 4.24666260485e-23, 5.84875043538e-23, 7.33704381817e-23, 1.12142295341e-22, 2.36011885251e-22, 1.31126315067e-22, 1.91761105115e-22, 1.67407189301e-22, 2.5233085516e-22, 4.24553731054e-22, 5.15846066639e-22, 6.71742349072e-22, 1.06380263438e-21, 9.58540266365e-22, 1.49231935019e-21, 2.55157006782e-21],
        "var": [8.00031048354e-12, 2.66975484919e-06, 3.90782133763e-06, 1.24993039208e-06, 2.36782834691e-05, 4.45038858743e-05, 1.84552700375e-05, 1.93474643311e-05, 2.69756401394e-06, 1.45856784002e-05, 1.27902353597e-06, 2.44432567342e-06, 2.30775117416e-06, 1.97048933614e-07, 2.90809740733e-08, 1.64456692708e-09, 1.93685867345e-09, 2.06968456262e-10, 7.71215660778e-11, 1.01144315146e-10, 1.4714212921e-12, 7.0072593561e-13, 3.38698491996e-12, 5.64241722803e-15, 3.87373815996e-16, 2.83182925243e-18, 2.11828236973e-18]
    },
    "erbbands": {
        "dmean": [0.00260589178652, 0.0650364086032, 0.278729081154, 0.438300281763, 1.29512965679, 3.05064344406, 10.5183095932, 10.2701702118, 14.4525051117, 11.0042724609, 10.2737522125, 7.44782161713, 15.7016267776, 3.9922106266, 8.46169090271, 9.72042751312, 8.92364025116, 3.81106686592, 1.9930229187, 0.61141371727, 0.35884347558, 0.288335591555, 0.142787262797, 0.0870131999254, 0.0641872882843, 0.0659308284521, 0.0106005007401, 0.00566588761285, 0.00378187606111, 0.00261503714137, 0.000740643416066, 0.000154762878083, 7.81512426329e-05, 2.27157597692e-05, 8.63022705744e-06, 3.93651271224e-06, 1.89831769148e-06, 5.8642700651e-07, 1.70595365034e-06, 3.99500868298e-06],
        "dmean2": [0.0038948750589, 0.0971110984683, 0.423666298389, 0.665538668633, 1.92988824844, 4.72412776947, 15.3263254166, 16.4279022217, 23.6842651367, 15.7314805984, 16.2960262299, 10.2259759903, 20.4760322571, 5.56581735611, 9.94585418701, 13.3800315857, 12.871638298, 5.29706954956, 2.98724198341, 0.888290941715, 0.503093898296, 0.417761355639, 0.210216030478, 0.136211901903, 0.0906748995185, 0.0964953303337, 0.0149482926354, 0.00833112839609, 0.00518961576745, 0.00315986969508, 0.00108268857002, 0.000235677376622, 0.000122137658764, 3.57349235856e-05, 1.49897323354e-05, 6.53609504297e-06, 3.0763687846e-06, 9.93618414213e-07, 2.43218846663e-06, 5.73850320507e-06],
        "dvar": [8.09260600363e-05, 0.0602067969739, 1.30036365986, 2.16869473457, 8.78748321533, 41.160030365, 618.761108398, 701.625427246, 1632.04956055, 1023.71051025, 562.564453125, 695.578674316, 4110.25097656, 121.550170898, 1008.42755127, 3821.64868164, 4761.95507812, 221.017913818, 29.4591083527, 2.76973557472, 1.39485454559, 0.993609249592, 0.288755714893, 0.0740089267492, 0.0969774276018, 0.250059217215, 0.00361256790347, 0.00145376834553, 0.000582172651775, 0.00288507738151, 0.000102284400782, 6.26968630968e-06, 1.33520268264e-06, 6.35619628042e-08, 8.23585732945e-09, 1.84512724544e-10, 1.48559359259e-11, 1.50992196177e-12, 1.21395853439e-11, 6.55646370529e-11],
        "dvar2": [0.000165549339727, 0.121859803796, 2.59659147263, 4.10886335373, 18.5610713959, 99.6627349854, 1241.17053223, 1951.66125488, 4422.75830078, 2077.00439453, 1417.67321777, 993.080200195, 7280.35449219, 263.913604736, 1415.73132324, 7725.74609375, 10168.9208984, 408.425140381, 73.279800415, 5.70490598679, 2.55286741257, 2.06746077538, 0.573501169682, 0.182891130447, 0.164840936661, 0.506716489792, 0.0068286517635, 0.00308691640384, 0.00116108695511, 0.00364751112647, 0.00017206906341, 1.3580549421e-05, 3.30341777044e-06, 1.54209303105e-07, 2.3967949403e-08, 5.25312626731e-10, 3.89040535898e-11, 4.28574667075e-12, 2.29691664994e-11, 1.26026161729e-10],
        "max": [0.380605280399, 7.31506586075, 45.2431144714, 49.9840698242, 118.610733032, 215.235992432, 654.968139648, 762.831420898, 1532.70556641, 2123.56518555, 795.384216309, 884.364746094, 1739.46691895, 273.716125488, 1082.89208984, 2089.13354492, 2166.62402344, 566.360717773, 188.527130127, 67.7205352783, 42.9425163269, 29.9031219482, 17.9699554443, 10.5499858856, 15.4033708572, 32.1080741882, 4.20474863052, 2.50565099716, 1.47478067875, 5.4474401474, 0.864298343658, 0.220405817032, 0.0785026401281, 0.0171438530087, 0.00754332309589, 0.00100648112129, 0.000117359988508, 3.62364517059e-05, 9.54659335548e-05, 0.000225212730584],
        "mean": [0.00918433908373, 0.137263759971, 0.595342755318, 1.39995086193, 4.19346666336, 10.0297574997, 31.5681228638, 28.7403392792, 34.3326072693, 38.4211616516, 32.2274551392, 19.761838913, 53.8468589783, 13.2833795547, 17.8252925873, 19.7850456238, 14.3455953598, 8.87075138092, 6.27420282364, 1.93557572365, 0.856661021709, 0.650754332542, 0.35411080718, 0.195572033525, 0.133787095547, 0.109735876322, 0.0241850111634, 0.0116918655112, 0.00675655296072, 0.00446711992845, 0.00129855214618, 0.000293763529044, 0.000124883910757, 3.90102759411e-05, 1.9836877982e-05, 1.20397471619e-05, 6.73956310493e-06, 1.63227718986e-06, 8.01967144071e-06, 1.85469962162e-05],
        "median": [0.000597762758844, 0.0136792520061, 0.142694160342, 0.466924935579, 1.23851680756, 3.80773591995, 7.66218852997, 12.1297559738, 9.78528118134, 9.97739028931, 13.3748569489, 6.2090473175, 8.57981586456, 4.34896278381, 3.53883957863, 3.68919444084, 2.39090919495, 1.72038280964, 1.69101881981, 0.483254820108, 0.147259861231, 0.111516334116, 0.0525230653584, 0.0317217744887, 0.013064628467, 0.00764871807769, 0.00257618632168, 0.000708929379471, 0.00019756895199, 7.68556128605e-05, 3.10778923449e-05, 1.82373623829e-05, 1.33654220917e-05, 1.06348134068e-05, 8.47631872603e-06, 6.19541333435e-06, 3.55153201781e-06, 9.1092834964e-07, 3.85592784369e-06, 8.86715133674e-06],
        "min": [3.03028509536e-21, 1.39869213779e-20, 4.13479541623e-20, 1.26139485795e-19, 1.46247264209e-19, 2.10907584951e-19, 2.67161243279e-19, 5.13964279213e-19, 5.32919174648e-19, 1.1123268303e-18, 1.4913439855e-18, 4.16043682614e-18, 1.72803179162e-18, 3.04859255233e-18, 2.55806514331e-18, 2.12301673797e-18, 2.61378299539e-18, 2.99913004683e-18, 5.59439908576e-18, 8.38851634688e-18, 1.2389727109e-17, 8.97030225019e-18, 1.04901415738e-17, 7.79529798032e-18, 1.14825051916e-17, 1.16809540924e-17, 1.7729388894e-17, 1.51742412168e-17, 1.91150735844e-17, 1.91361038243e-17, 1.83831924502e-17, 2.13541770563e-17, 1.65467439569e-17, 9.89828722809e-18, 8.04169440529e-18, 5.2055369303e-18, 3.03062391468e-18, 1.20780787482e-18, 3.69066456776e-19, 3.65464905926e-20],
        "var": [0.00101256987546, 0.191095992923, 3.33354091644, 9.17631435394, 62.7904853821, 227.945083618, 3568.65209961, 2789.62670898, 4924.3515625, 6831.38574219, 2679.6652832, 2219.58178711, 21652.2226562, 546.158874512, 2968.15356445, 6494.43798828, 5732.54101562, 642.76373291, 130.956207275, 13.3626213074, 5.37396669388, 2.69869446754, 0.909725964069, 0.204642981291, 0.241627916694, 0.418432235718, 0.00824705418199, 0.00259478646331, 0.00124521192629, 0.00813521444798, 0.000234093356994, 1.34629781314e-05, 2.01674288292e-06, 8.61322959622e-08, 1.35955948721e-08, 4.07716110873e-10, 6.46121350867e-11, 3.61564337498e-12, 1.10137975129e-10, 6.00643867976e-10]
    },
    "gfcc": {
        "mean": [-248.611297607, 233.062210083, -124.955459595, -52.0963134766, -32.7697563171, -27.2414188385, -18.9316082001, -16.4248046875, -12.9800071716, -4.38975286484, -4.3509478569, -12.9527873993, -4.61747598648],
        "cov": [[21051.6035156, 6077.72070312, -3673.22338867, 367.611572266, 366.362701416, -2696.73413086, -131.009017944, -1954.85083008, -404.197265625, -968.756347656, 46.7130241394, -435.241210938, 362.685424805], [6077.72070312, 2932.18554688, -638.919250488, -476.779663086, 165.919326782, -867.07623291, -281.201904297, -626.574707031, -215.42767334, -325.843353271, 19.8016357422, -219.739624023, 104.380653381], [-3673.22338867, -638.919250488, 1386.33654785, 17.5694694519, -90.9724121094, 572.564086914, -81.0504837036, 264.159759521, 61.4253311157, 181.923034668, 18.0028591156, 88.8393478394, -57.8035125732], [367.611572266, -476.779663086, 17.5694694519, 720.516174316, 94.4233703613, -24.5564899445, 122.232368469, -77.5989456177, 18.4819660187, 16.9524993896, 8.71879386902, 69.6830062866, 17.2828445435], [366.362701416, 165.919326782, -90.9724121094, 94.4233703613, 235.499328613, -68.539024353, -32.8408966064, -28.8924331665, -38.5449180603, -32.2126426697, 22.6164302826, -2.29443359375, 24.980966568], [-2696.73413086, -867.07623291, 572.564086914, -24.5564899445, -68.539024353, 627.880065918, 128.02154541, 288.081665039, 102.499794006, 144.696395874, -2.28064823151, 86.1975021362, -82.155418396], [-131.009017944, -281.201904297, -81.0504837036, 122.232368469, -32.8408966064, 128.02154541, 234.627212524, 115.322563171, 38.9323310852, 7.74753379822, -33.6354789734, 30.3189468384, -4.18931531906], [-1954.85083008, -626.574707031, 264.159759521, -77.5989456177, -28.8924331665, 288.081665039, 115.322563171, 372.675720215, 113.50428009, 67.8222198486, -20.59308815, 42.8498878479, -34.0559997559], [-404.197265625, -215.42767334, 61.4253311157, 18.4819660187, -38.5449180603, 102.499794006, 38.9323310852, 113.50428009, 123.323348999, 50.1603660583, -10.7578964233, 19.1617259979, -22.3753471375], [-968.756347656, -325.843353271, 181.923034668, 16.9524993896, -32.2126426697, 144.696395874, 7.74753379822, 67.8222198486, 50.1603660583, 149.921646118, 45.8354759216, 12.5072469711, -35.3954963684], [46.7130241394, 19.8016357422, 18.0028591156, 8.71879386902, 22.6164302826, -2.28064823151, -33.6354789734, -20.59308815, -10.7578964233, 45.8354759216, 88.8266448975, 15.7892570496, -9.97292709351], [-435.241210938, -219.739624023, 88.8393478394, 69.6830062866, -2.29443359375, 86.1975021362, 30.3189468384, 42.8498878479, 19.1617259979, 12.5072469711, 15.7892570496, 91.0310897827, 29.1043205261], [362.685424805, 104.380653381, -57.8035125732, 17.2828445435, 24.980966568, -82.155418396, -4.18931531906, -34.0559997559, -22.3753471375, -35.3954963684, -9.97292709351, 29.1043205261, 104.774688721]],
        "icov": [[0.00106220890302, -0.00187756423838, 0.00166673923377, -0.00181672303006, 0.00128330441657, -0.000459924573079, -0.000605317414738, 0.00138912501279, -0.00210560718551, 0.00210970081389, -0.00223157624714, 0.00122318137437, -0.001115642488], [-0.00187756423838, 0.00588647415861, -0.00493939593434, 0.00647793384269, -0.00499331951141, 0.00378785608336, -0.00304643111303, 0.00275414879434, -0.000536003033631, 0.000439545721747, 0.000714934663847, 0.000469443679322, 0.00174713146407], [0.00166673923377, -0.00493939593434, 0.00610540434718, -0.00624387757853, 0.00507390871644, -0.0049104327336, 0.00495965778828, -0.0031132157892, 0.00148215971421, -0.000581725267693, -0.000438756105723, 2.2325961254e-05, -0.0022521361243], [-0.00181672303006, 0.00647793384269, -0.00624387757853, 0.00990224257112, -0.00739017920569, 0.00591796077788, -0.00708741741255, 0.00615704618394, -0.00329124438576, 0.000870108837262, 0.000274874822935, -0.00124592008069, 0.00284065259621], [0.00128330441657, -0.00499331951141, 0.00507390871644, -0.00739017920569, 0.0105257602409, -0.00484337890521, 0.00629363069311, -0.00579459453002, 0.00411310046911, -0.000344511703588, -0.00139538210351, 0.000632730778307, -0.00293523515575], [-0.000459924573079, 0.00378785608336, -0.0049104327336, 0.00591796077788, -0.00484337890521, 0.00959670450538, -0.00797517690808, 0.00503335893154, -0.0044830464758, 0.00131888361648, -0.000949577835854, -0.00210326211527, 0.00411211373284], [-0.000605317414738, -0.00304643111303, 0.00495965778828, -0.00708741741255, 0.00629363069311, -0.00797517690808, 0.0175238102674, -0.0130530036986, 0.0107445688918, -0.00766832241789, 0.00841130781919, -0.00411596847698, -0.000612489762716], [0.00138912501279, 0.00275414879434, -0.0031132157892, 0.00615704618394, -0.00579459453002, 0.00503335893154, -0.0130530036986, 0.0193963572383, -0.0162546467036, 0.0112742492929, -0.00912336632609, 0.00579572143033, -0.0013154206099], [-0.00210560718551, -0.000536003033631, 0.00148215971421, -0.00329124438576, 0.00411310046911, -0.0044830464758, 0.0107445688918, -0.0162546467036, 0.0261437948793, -0.0153920724988, 0.0135178575292, -0.00886831432581, 0.00396709470078], [0.00210970081389, 0.000439545721747, -0.000581725267693, 0.000870108837262, -0.000344511703588, 0.00131888361648, -0.00766832241789, 0.0112742492929, -0.0153920724988, 0.024835260585, -0.0183995887637, 0.0111717795953, -0.00348273501731], [-0.00223157624714, 0.000714934663847, -0.000438756105723, 0.000274874822935, -0.00139538210351, -0.000949577835854, 0.00841130781919, -0.00912336632609, 0.0135178575292, -0.0183995887637, 0.028078339994, -0.0137454848737, 0.00684593059123], [0.00122318137437, 0.000469443679322, 2.2325961254e-05, -0.00124592008069, 0.000632730778307, -0.00210326211527, -0.00411596847698, 0.00579572143033, -0.00886831432581, 0.0111717795953, -0.0137454848737, 0.0258360505104, -0.0111696468666], [-0.001115642488, 0.00174713146407, -0.0022521361243, 0.00284065259621, -0.00293523515575, 0.00411211373284, -0.000612489762716, -0.0013154206099, 0.00396709470078, -0.00348273501731, 0.00684593059123, -0.0111696468666, 0.016851676628]]
    },
    "melbands": {
        "dmean": [4.41945376224e-05, 0.00012552338012, 9.54299684963e-05, 0.000118951102195, 0.000330880488036, 0.000239863074967, 0.000198595807888, 0.000127785737277, 7.94133302406e-05, 4.56620073237e-05, 7.8058190411e-05, 1.51354915943e-05, 2.72648740065e-05, 2.41391535383e-05, 2.2079619157e-05, 1.49242396219e-05, 7.3177361628e-06, 3.39739585797e-06, 1.56057785716e-06, 7.03372847966e-07, 4.37267914322e-07, 3.96431715899e-07, 2.12311761061e-07, 9.04890384845e-08, 7.97080801362e-08, 3.9710343458e-08, 4.60257254531e-08, 4.58996325392e-08, 6.05920691399e-09, 5.35926680811e-09, 2.59884114229e-09, 2.44134845673e-09, 1.34521627171e-09, 1.58909196912e-09, 4.49691200943e-10, 2.2761760532e-10, 5.64512186996e-11, 6.5700271612e-11, 3.66224481296e-11, 1.33274597955e-11],
        "dmean2": [6.60827790853e-05, 0.000190597158507, 0.000144935082062, 0.000181939976756, 0.000489937316161, 0.000376638519811, 0.000323019747157, 0.000181773735676, 0.00012671375589, 6.22607840342e-05, 0.000101843463199, 2.13457424252e-05, 3.3458120015e-05, 3.09704919346e-05, 3.14352218993e-05, 2.19198682316e-05, 1.01653668025e-05, 5.12681799592e-06, 2.26407723858e-06, 1.02782689737e-06, 6.2384026478e-07, 5.87037050082e-07, 3.09132531129e-07, 1.40024695838e-07, 1.25894274561e-07, 5.57531762979e-08, 6.67689903366e-08, 6.70014088655e-08, 8.96088003799e-09, 7.98204613517e-09, 3.76342201847e-09, 3.26709881371e-09, 1.93837612628e-09, 1.84194470787e-09, 6.87562839996e-10, 3.35263983242e-10, 9.09451125519e-11, 1.05011041529e-10, 5.7380520474e-11, 2.27829786287e-11],
        "dvar": [2.58531134278e-08, 2.46740398779e-07, 7.08447629449e-08, 5.81048986703e-08, 5.91930245264e-07, 3.381228737e-07, 2.93560589171e-07, 1.39814602562e-07, 3.21823208083e-08, 2.97886320055e-08, 1.01162711985e-07, 1.92422233702e-09, 7.88786458372e-09, 1.78394863326e-08, 1.88596747108e-08, 1.11048059637e-08, 8.41490599424e-10, 8.35066946148e-11, 1.76763100684e-11, 5.36441984583e-12, 2.22510096286e-12, 2.15539435258e-12, 9.42467241402e-13, 9.45080602319e-14, 6.73883488616e-14, 4.84884180062e-14, 3.70411573592e-14, 1.50196573386e-13, 1.14779200633e-15, 6.4860462675e-16, 5.72142750843e-16, 2.31471340474e-16, 1.34626172557e-16, 1.45041877306e-15, 1.37189716117e-17, 2.27445535151e-17, 3.16473899839e-19, 7.9640933867e-19, 4.58741546422e-19, 7.72081821145e-21],
        "dvar2": [5.31025712291e-08, 4.89359592848e-07, 1.41771437256e-07, 1.32202444547e-07, 1.22998949337e-06, 9.24235052935e-07, 7.8310625895e-07, 2.75252745041e-07, 8.25859629572e-08, 4.24693844536e-08, 1.79527802402e-07, 4.387067154e-09, 1.2078843703e-08, 3.45463995188e-08, 3.9612057634e-08, 2.39239668076e-08, 1.40245148827e-09, 1.99920635602e-10, 4.25083024336e-11, 1.09402946771e-11, 4.25627632097e-12, 4.7008603607e-12, 1.68022659588e-12, 2.21913362252e-13, 1.71969955095e-13, 7.92961209932e-14, 7.84528353197e-14, 3.04472620076e-13, 2.20149008717e-15, 1.52644887392e-15, 1.17704164219e-15, 4.24327481204e-16, 2.60100630575e-16, 1.80374459096e-15, 3.18858108368e-17, 4.62909825334e-17, 7.51956187262e-19, 1.98860443792e-18, 1.0213122509e-18, 2.1059144363e-20],
        "max": [0.00485635781661, 0.0193267669529, 0.00790488068014, 0.0103623485193, 0.0205572620034, 0.0151128480211, 0.0198409575969, 0.0260572955012, 0.00438422570005, 0.00601510796696, 0.00866394210607, 0.00135681766551, 0.0027839045506, 0.00447760988027, 0.00386533164419, 0.00281562539749, 0.00127735675778, 0.000315199315082, 0.000240403096541, 8.02007489256e-05, 4.64453769382e-05, 4.72316896776e-05, 2.90273146675e-05, 9.65013714449e-06, 1.03443617263e-05, 1.60034724104e-05, 8.2158458099e-06, 2.56442945101e-05, 1.86829970517e-06, 1.02361548215e-06, 1.74296781097e-06, 9.62716740105e-07, 8.89612692845e-07, 3.82151074518e-06, 2.72505332077e-07, 4.33823998947e-07, 4.35901092999e-08, 5.17862481786e-08, 4.70388812346e-08, 4.75909622821e-09],
        "mean": [0.00011485881987, 0.000281259650365, 0.00032300958992, 0.000432385451859, 0.00101367710158, 0.000692850153428, 0.000475224864203, 0.000451105530374, 0.000234050618019, 0.000116316317872, 0.000266133894911, 4.77235371363e-05, 5.61981432838e-05, 4.94190244353e-05, 3.82188009098e-05, 2.54628321272e-05, 1.6363850591e-05, 1.03471038528e-05, 4.99585985381e-06, 1.44979890138e-06, 9.49178513565e-07, 7.92320690834e-07, 4.69979511308e-07, 2.25125631914e-07, 1.58248695925e-07, 8.33897999541e-08, 8.6920501019e-08, 6.95832156339e-08, 1.32888393622e-08, 1.04554729319e-08, 5.1227426745e-09, 4.30308677579e-09, 2.20404872131e-09, 2.59142129977e-09, 6.92790602663e-10, 3.7934855257e-10, 8.53361548092e-11, 9.10517980457e-11, 4.59564816757e-11, 1.57380636301e-11],
        "median": [8.42711506266e-06, 6.11043215031e-05, 0.000120059208712, 0.000171915933606, 0.000285900547169, 0.000295553152682, 0.00012774609786, 0.000114926733659, 9.66520965449e-05, 2.98331924569e-05, 4.04775273637e-05, 1.49368697748e-05, 1.08739741336e-05, 8.54898007674e-06, 7.78450976213e-06, 3.53334394276e-06, 2.67224891104e-06, 2.70415580417e-06, 1.13707869787e-06, 2.63290729663e-07, 1.30907892526e-07, 1.27142854467e-07, 5.3530989419e-08, 2.64794852711e-08, 2.45317668401e-08, 7.2956876096e-09, 5.93951021699e-09, 3.43400308189e-09, 1.2011356354e-09, 7.89857679262e-10, 1.99740543549e-10, 8.92152948739e-11, 3.98951080505e-11, 2.63329393013e-11, 1.24495604797e-11, 9.23440837686e-12, 6.5469695637e-12, 5.84222297276e-12, 5.17513852952e-12, 4.83535347179e-12],
        "min": [2.29129398864e-23, 2.08851792404e-23, 2.2509473821e-23, 1.23452676922e-23, 9.56940816169e-24, 1.07045600716e-23, 9.15319015974e-24, 1.05456022327e-23, 1.6370686052e-23, 2.42381836087e-23, 7.27799521283e-24, 1.12090389871e-23, 1.28731039902e-23, 5.2112735156e-24, 4.66243497927e-24, 5.81791820133e-24, 5.34717255589e-24, 9.48414570847e-24, 7.83060332099e-24, 1.58355543684e-23, 1.26607481566e-23, 8.84303766194e-24, 8.46376832707e-24, 9.48825330721e-24, 5.72446539977e-24, 6.52880927797e-24, 1.01047244388e-23, 6.57066702647e-24, 1.24107731241e-23, 7.89093461416e-24, 8.82595487904e-24, 1.11199608137e-23, 8.56009455448e-24, 1.23450286673e-23, 1.07271940687e-23, 1.13643696437e-23, 1.37774036449e-23, 1.42250585428e-23, 5.94121006107e-24, 9.43782852929e-24],
        "var": [1.43265566521e-07, 6.88599584464e-07, 3.71489420559e-07, 4.39227846982e-07, 3.12099132316e-06, 1.43754914461e-06, 9.91001570583e-07, 9.77874947239e-07, 1.34943391572e-07, 9.33944193093e-08, 5.31655302893e-07, 8.22771717424e-09, 2.3235726232e-08, 3.41458061826e-08, 2.50549501146e-08, 1.4830742856e-08, 2.73769229509e-09, 3.54285961679e-10, 9.72793304244e-11, 1.31448255059e-11, 7.57069840845e-12, 4.83047759778e-12, 3.00545981331e-12, 2.8838484877e-13, 1.5250306443e-13, 1.27880263887e-13, 7.24420930144e-14, 2.45050887134e-13, 2.8484004892e-15, 1.30217000784e-15, 9.58414709324e-16, 5.53350848453e-16, 3.2315963946e-16, 3.98716323019e-15, 2.2781384559e-17, 4.14734131628e-17, 6.92821148668e-19, 1.22288851476e-18, 5.38913287258e-19, 1.1360376556e-20]
    },
    "mfcc": {
        "mean": [-846.213806152, 228.965072632, 1.30263388157, -22.0157604218, -7.38326597214, -9.09969806671, -7.32564020157, -11.7310876846, -8.40041446686, -0.715569496155, -0.463365614414, -3.22852015495, -4.36126947403],
        "cov": [[10490.0371094, 5530.60107422, -2189.18676758, 518.842224121, 527.793762207, -269.911010742, -208.747024536, -656.946594238, -628.586791992, -477.768432617, -533.520324707, -395.242156982, -152.022262573], [5530.60107422, 3532.17504883, -746.33001709, 61.1557159424, 343.1847229, -135.83883667, -210.157730103, -413.665740967, -403.723114014, -311.010253906, -327.003967285, -253.205993652, -103.892654419], [-2189.18676758, -746.33001709, 953.33416748, -76.1953201294, -84.0507736206, 109.527580261, -17.6061820984, 92.3138198853, 93.2705535889, 62.7119674683, 95.3587112427, 66.0513763428, 36.8167076111], [518.842224121, 61.1557159424, -76.1953201294, 393.243682861, 123.047676086, 3.53962397575, 37.6704521179, -25.7258968353, -21.0359153748, -13.6484260559, -17.4074764252, -5.35807228088, 13.3066186905], [527.793762207, 343.1847229, -84.0507736206, 123.047676086, 233.149459839, 32.4600143433, -36.194229126, -63.1939125061, -89.0617294312, -62.9647102356, -51.4912528992, -38.9528617859, -9.50732803345], [-269.911010742, -135.83883667, 109.527580261, 3.53962397575, 32.4600143433, 143.029602051, 62.1443634033, 7.73851060867, -5.93719768524, -11.9261884689, 19.3186092377, 31.3672618866, 20.1652679443], [-208.747024536, -210.157730103, -17.6061820984, 37.6704521179, -36.194229126, 62.1443634033, 161.192184448, 92.4997940063, 40.5989685059, 26.0453662872, 30.161272049, 43.1003761292, 11.7822999954], [-656.946594238, -413.665740967, 92.3138198853, -25.7258968353, -63.1939125061, 7.73851060867, 92.4997940063, 207.632537842, 148.432052612, 52.7574501038, 53.0663375854, 47.1534805298, 11.3231201172], [-628.586791992, -403.723114014, 93.2705535889, -21.0359153748, -89.0617294312, -5.93719768524, 40.5989685059, 148.432052612, 192.439422607, 94.6558990479, 39.6802558899, 38.5712928772, 15.5874462128], [-477.768432617, -311.010253906, 62.7119674683, -13.6484260559, -62.9647102356, -11.9261884689, 26.0453662872, 52.7574501038, 94.6558990479, 132.887634277, 75.3712310791, 15.8955936432, 4.11605548859], [-533.520324707, -327.003967285, 95.3587112427, -17.4074764252, -51.4912528992, 19.3186092377, 30.161272049, 53.0663375854, 39.6802558899, 75.3712310791, 132.867980957, 69.4597549438, -0.260891795158], [-395.242156982, -253.205993652, 66.0513763428, -5.35807228088, -38.9528617859, 31.3672618866, 43.1003761292, 47.1534805298, 38.5712928772, 15.8955936432, 69.4597549438, 113.520484924, 48.0799789429], [-152.022262573, -103.892654419, 36.8167076111, 13.3066186905, -9.50732803345, 20.1652679443, 11.7822999954, 11.3231201172, 15.5874462128, 4.11605548859, -0.260891795158, 48.0799789429, 85.5284805298]],
