{
"lowlevel": {
    "average_loudness": 0.657389879227,
    "barkbands_crest": {
        "dmean": 1.81300890446,
        "dmean2": 2.90049934387,
        "dvar": 3.46194529533,
        "dvar2": 8.53949165344,
        "max": 25.4991283417,
        "mean": 9.60583972931,
        "median": 8.41915893555,
        "min": 2.19142460823,
        "var": 17.9713153839
    },
    "barkbands_flatness_db": {
        "dmean": 0.0160572770983,
        "dmean2": 0.0253069382161,
        "dvar": 0.00029002878,
        "dvar2": 0.000673431670293,
        "max": 0.407185763121,
        "mean": 0.149106413126,
        "median": 0.134621068835,
        "min": 0.0244029108435,
        "var": 0.00369043136016
    },
    "barkbands_kurtosis": {
        "dmean": 2.07435297966,
        "dmean2": 3.27819228172,
        "dvar": 17.296754837,
        "dvar2": 43.1627388,
        "max": 89.2333984375,
        "mean": 5.31908178329,
        "median": 3.65834474564,
        "min": -1.81616485119,
        "var": 40.2987060547
    },
    "barkbands_skewness": {
        "dmean": 0.357463210821,
        "dmean2": 0.564621508121,
        "dvar": 0.203988879919,
        "dvar2": 0.47834572196,
        "max": 8.54567623138,
        "mean": 1.59578585625,
        "median": 1.54996812344,
        "min": -4.80461406708,
        "var": 1.0241894722
    },
    "barkbands_spread": {
        "dmean": 2.88841176033,
        "dmean2": 4.66492176056,
        "dvar": 16.3217792511,
        "dvar2": 39.9196434021,
        "max": 106.653091431,
        "mean": 14.4949970245,
        "median": 12.1564903259,
        "min": 0.869904100895,
        "var": 103.962898254
    },
    "dissonance": {
        "dmean": 0.0204247310758,
        "dmean2": 0.0350634641945,
        "dvar": 0.00048029111349,
        "dvar2": 0.00138217012864,
        "max": 0.500000298023,
        "mean": 0.460455417633,
        "median": 0.470344305038,
        "min": 0.229067280889,
        "var": 0.00118425220717
    },
    "dynamic_complexity": 4.41222667694,
    "erbbands_crest": {
        "dmean": 1.90472054482,
        "dmean2": 3.01280856133,
        "dvar": 3.91490221024,
        "dvar2": 8.78568172455,
        "max": 33.1427536011,
        "mean": 10.3709878922,
        "median": 8.84188747406,
        "min": 2.37493348122,
        "var": 27.4000854492
    },
    "erbbands_flatness_db": {
        "dmean": 0.0144326854497,
        "dmean2": 0.0225729085505,
        "dvar": 0.000229339610087,
        "dvar2": 0.000486572360387,
        "max": 0.417320460081,
        "mean": 0.187812298536,
        "median": 0.175923600793,
        "min": 0.0353270508349,
        "var": 0.00278721330687
    },
    "erbbands_kurtosis": {
        "dmean": 1.1361618042,
        "dmean2": 1.77083790302,
        "dvar": 4.05961370468,
        "dvar2": 8.92972183228,
        "max": 79.8403778076,
        "mean": 2.61058878899,
        "median": 1.30987739563,
        "min": -1.67938256264,
        "var": 21.4309940338
    },
    "erbbands_skewness": {
        "dmean": 0.264085948467,
        "dmean2": 0.417310506105,
        "dvar": 0.0727202519774,
        "dvar2": 0.167521446943,
        "max": 6.18346405029,
        "mean": 1.08758175373,
        "median": 1.07798314095,
        "min": -2.23229432106,
        "var": 0.803311944008
    },
    "erbbands_spread": {
        "dmean": 4.70710039139,
        "dmean2": 7.68379640579,
        "dvar": 33.9914131165,
        "dvar2": 85.6442489624,
        "max": 108.859985352,
        "mean": 26.9965572357,
        "median": 25.538230896,
        "min": 0.701566636562,
        "var": 190.956268311
    },
    "hfc": {
        "dmean": 2.85232281685,
        "dmean2": 4.33537912369,
        "dvar": 21.7825603485,
        "dvar2": 47.2509536743,
        "max": 108.244560242,
        "mean": 14.8399143219,
        "median": 12.842912674,
        "min": 1.3068053427e-16,
        "var": 123.684272766
    },
    "melbands_crest": {
        "dmean": 2.45965003967,
        "dmean2": 3.95665383339,
        "dvar": 6.3583521843,
        "dvar2": 15.4993181229,
        "max": 33.2381668091,
        "mean": 12.6374845505,
        "median": 11.3004989624,
        "min": 2.35126233101,
        "var": 31.7289142609
    },
    "melbands_flatness_db": {
        "dmean": 0.0174450371414,
        "dmean2": 0.0277865622193,
        "dvar": 0.000392207613913,
        "dvar2": 0.000909175665583,
        "max": 0.558401405811,
        "mean": 0.200028151274,
        "median": 0.18411308527,
        "min": 0.00581573834643,
        "var": 0.0063242027536
    },
    "melbands_kurtosis": {
        "dmean": 3.80167078972,
        "dmean2": 6.11853790283,
        "dvar": 96.4985809326,
        "dvar2": 240.531555176,
        "max": 252.352127075,
        "mean": 9.79384422302,
        "median": 7.09806728363,
        "min": -1.61507749557,
        "var": 145.746444702
    },
    "melbands_skewness": {
        "dmean": 0.454591661692,
        "dmean2": 0.727232098579,
        "dvar": 0.371752083302,
        "dvar2": 0.872859716415,
        "max": 13.6409692764,
        "mean": 1.9699703455,
        "median": 1.85347795486,
        "min": -4.31322526932,
        "var": 1.38179457188
    },
    "melbands_spread": {
        "dmean": 3.49200487137,
        "dmean2": 5.61928701401,
        "dvar": 32.1299552917,
        "dvar2": 75.9682769775,
        "max": 180.222854614,
        "mean": 18.4423789978,
        "median": 14.1704301834,
        "min": 1.37113451958,
        "var": 322.181396484
    },
    "pitch_salience": {
        "dmean": 0.0528789199889,
        "dmean2": 0.0860119611025,
        "dvar": 0.00249920669012,
        "dvar2": 0.00607811659575,
        "max": 0.862039208412,
        "mean": 0.59938710928,
        "median": 0.618870019913,
        "min": 0.0844561234117,
        "var": 0.0129273664206
    },
    "silence_rate_20dB": {
        "dmean": 0,
        "dmean2": 0,
        "dvar": 0,
        "dvar2": 0,
        "max": 1,
        "mean": 1,
        "median": 1,
        "min": 1,
        "var": 0
    },
    "silence_rate_30dB": {
        "dmean": 0.00861518830061,
        "dmean2": 0.0172317512333,
        "dvar": 0.00854102242738,
        "dvar2": 0.022358186543,
        "max": 1,
        "mean": 0.993858158588,
        "median": 1,
        "min": 0,
        "var": 0.00610450375825
    },
    "silence_rate_60dB": {
        "dmean": 0.00781748536974,
        "dmean2": 0.0156362187117,
        "dvar": 0.00775629933923,
        "dvar2": 0.0173060614616,
        "max": 1,
        "mean": 0.106165751815,
        "median": 0,
        "min": 0,
        "var": 0.0949043482542
    },
    "spectral_centroid": {
        "dmean": 129.001800537,
        "dmean2": 206.288009644,
        "dvar": 30681.1914062,
        "dvar2": 68481.09375,
        "max": 10562.1064453,
        "mean": 1061.44494629,
        "median": 909.671020508,
        "min": 300.522583008,
        "var": 402080.0625
    },
    "spectral_complexity": {
        "dmean": 1.97654759884,
        "dmean2": 3.28887104988,
        "dvar": 3.48288583755,
        "dvar2": 8.8144569397,
        "max": 40,
        "mean": 16.3342895508,
        "median": 17,
        "min": 0,
        "var": 51.5205383301
    },
    "spectral_decrease": {
        "dmean": 1.50118917297e-09,
        "dmean2": 2.34255903564e-09,
        "dvar": 1.59321752315e-17,
        "dvar2": 4.18278832163e-17,
        "max": 1.7694440203e-20,
        "mean": -5.62532864734e-09,
        "median": -4.29050039941e-09,
        "min": -7.62458540748e-08,
        "var": 2.88095261388e-17
    },
    "spectral_energy": {
        "dmean": 0.00588001636788,
        "dmean2": 0.00915628764778,
        "dvar": 0.000234018167248,
        "dvar2": 0.000612079107668,
        "max": 0.290846705437,
        "mean": 0.0225772894919,
        "median": 0.0174017883837,
        "min": 1.09339067891e-20,
        "var": 0.000443246739451
    },
    "spectral_energyband_high": {
        "dmean": 0.000118311661936,
        "dmean2": 0.000201393064344,
        "dvar": 3.84629110783e-08,
        "dvar2": 9.90505952814e-08,
        "max": 0.00450783362612,
        "mean": 0.000346038868884,
        "median": 0.00028295716038,
        "min": 8.37961344718e-21,
        "var": 9.90714568161e-08
    },
    "spectral_energyband_low": {
        "dmean": 0.00215782527812,
        "dmean2": 0.0037289573811,
        "dvar": 0.000189919184777,
        "dvar2": 0.00051913264906,
        "max": 0.277681201696,
        "mean": 0.00247817509808,
        "median": 0.000428146624472,
        "min": 6.03528574721e-23,
        "var": 0.000137414128403
    },
    "spectral_energyband_middle_high": {
        "dmean": 0.00111516634934,
        "dmean2": 0.00169531779829,
        "dvar": 7.09237747287e-06,
        "dvar2": 1.55723500939e-05,
        "max": 0.0805089250207,
        "mean": 0.00450696330518,
        "median": 0.00305176735856,
        "min": 1.23657806632e-21,
        "var": 3.13431810355e-05
    },
    "spectral_energyband_middle_low": {
        "dmean": 0.00381522555836,
        "dmean2": 0.00574608333409,
        "dvar": 3.8817350287e-05,
        "dvar2": 8.37289626361e-05,
        "max": 0.154188841581,
        "mean": 0.0156527739018,
        "median": 0.0112618682906,
        "min": 1.72701796505e-22,
        "var": 0.000233072772971
    },
    "spectral_entropy": {
        "dmean": 0.134626954794,
        "dmean2": 0.221074745059,
        "dvar": 0.0215888805687,
        "dvar2": 0.05313712731,
        "max": 9.79729938507,
        "mean": 7.34800386429,
        "median": 7.47232198715,
        "min": 5.20765829086,
        "var": 0.277451276779
    },
    "spectral_flux": {
        "dmean": 0.0156693346798,
        "dmean2": 0.0251149348915,
        "dvar": 0.000904511252884,
        "dvar2": 0.00198726495728,
        "max": 0.50716906786,
        "mean": 0.054044958204,
        "median": 0.0486773960292,
        "min": 1.04565321679e-10,
        "var": 0.00158547412138
    },
    "spectral_kurtosis": {
        "dmean": 2.47389483452,
        "dmean2": 4.32637071609,
        "dvar": 42.7781524658,
        "dvar2": 133.869888306,
        "max": 146.512710571,
        "mean": 8.35144329071,
        "median": 4.12247943878,
        "min": -1.1996961832,
        "var": 271.324432373
    },
    "spectral_rms": {
        "dmean": 0.000506182666868,
        "dmean2": 0.000769785197917,
        "dvar": 7.97923974005e-07,
        "dvar2": 1.89117577065e-06,
        "max": 0.0168449655175,
        "mean": 0.00423310371116,
        "median": 0.00412035826594,
        "min": 3.2660720916e-12,
        "var": 4.10736311096e-06
    },
    "spectral_rolloff": {
        "dmean": 225.315689087,
        "dmean2": 382.509185791,
        "dvar": 268101.875,
        "dvar2": 654230.0625,
        "max": 19336.8164062,
        "mean": 1247.66894531,
        "median": 968.994140625,
        "min": 64.599609375,
        "var": 1697683.375
    },
    "spectral_skewness": {
        "dmean": 0.234154209495,
        "dmean2": 0.39861112833,
        "dvar": 0.132095649838,
        "dvar2": 0.406682163477,
        "max": 9.73696041107,
        "mean": 1.98608028889,
        "median": 1.71996593475,
        "min": 0.0502204298973,
        "var": 1.30890107155
    },
    "spectral_spread": {
        "dmean": 460533.53125,
        "dmean2": 754709.1875,
        "dvar": 360277311488,
        "dvar2": 759102504960,
        "max": 41250424,
        "mean": 4357091.5,
        "median": 4414677.5,
        "min": 484260.96875,
        "var": 1.80055139942e+12
    },
    "spectral_strongpeak": {
        "dmean": 0.421678841114,
        "dmean2": 0.685629367828,
        "dvar": 0.398276567459,
        "dvar2": 0.963934838772,
        "max": 12.7091302872,
        "mean": 1.30390405655,
        "median": 0.917017817497,
        "min": 0,
        "var": 1.71907866001
    },
    "zerocrossingrate": {
        "dmean": 0.0059937145561,
        "dmean2": 0.00784861017019,
        "dvar": 5.03205119458e-05,
        "dvar2": 7.39852912375e-05,
        "max": 0.52001953125,
        "mean": 0.0556691661477,
        "median": 0.048828125,
        "min": 0.00927734375,
        "var": 0.00133599468973
    },
    "barkbands": {
        "dmean": [0.000172635700437, 0.00150650937576, 0.00053819391178, 0.000355314434273, 0.00112184288446, 0.0013889207039, 0.00075794645818, 0.00136431353167, 0.000736894493457, 0.000550662691239, 0.000546779017895, 0.000234954859479, 0.000179439841304, 7.66623124946e-05, 6.07847323408e-05, 8.9729190222e-05, 6.45993131911e-05, 3.5700682929e-05, 4.94215237268e-05, 4.87325087306e-05, 3.7811427319e-05, 2.70028649538e-05, 2.30189070862e-05, 2.03617764782e-05, 1.02369249362e-05, 6.05373043072e-06, 1.10056305402e-06],
        "dmean2": [0.000286553899059, 0.00263479049318, 0.000949138775468, 0.000632831302937, 0.00186667777598, 0.0019923299551, 0.00119954335969, 0.00199256371707, 0.00115730124526, 0.000793099810835, 0.000874975172337, 0.000389307766454, 0.000277076294878, 0.000121867924463, 9.70792025328e-05, 0.000141244847327, 0.000105117411294, 5.92612486798e-05, 8.27777039376e-05, 8.06568277767e-05, 6.2933198933e-05, 4.59184775536e-05, 4.03843259846e-05, 3.59231707989e-05, 1.74740343937e-05, 1.00959441625e-05, 1.8807345441e-06],
        "dvar": [1.94502240447e-06, 0.000111621448013, 1.01299929156e-05, 2.89239937956e-06, 3.53213977178e-06, 8.55607868289e-06, 1.74646891082e-06, 1.49665747813e-05, 3.56879354513e-06, 4.2564784053e-06, 2.19091361942e-06, 2.77588043218e-07, 1.06281277112e-06, 2.33874697386e-08, 1.47495278213e-08, 4.14757685974e-08, 2.05847197066e-08, 5.32123589636e-09, 6.69466970749e-09, 1.21795755703e-08, 3.52211348975e-09, 2.56849785885e-09, 1.55628598897e-09, 1.32141386722e-09, 3.85012299819e-10, 1.9142631924e-10, 7.24678823893e-12],
        "dvar2": [5.02927150592e-06, 0.000310014234856, 2.91080632451e-05, 8.44611349748e-06, 9.67463529378e-06, 1.86869947356e-05, 4.290517154e-06, 2.75625952781e-05, 8.66350001161e-06, 8.1846555986e-06, 5.21881293025e-06, 6.90492242938e-07, 2.53928601524e-06, 5.17685059265e-08, 3.7521434848e-08, 7.73763417783e-08, 4.79295252376e-08, 1.40674973892e-08, 1.78094339276e-08, 3.24945865771e-08, 9.24474807817e-09, 6.68388322467e-09, 4.24845270075e-09, 3.69484243201e-09, 1.0360931002e-09, 5.08266151389e-10, 1.88734340656e-11],
        "max": [0.0287568680942, 0.214494019747, 0.0848743617535, 0.0479965880513, 0.0431076996028, 0.0661262944341, 0.0646058320999, 0.133093729615, 0.0509179793298, 0.0755949020386, 0.077188372612, 0.0127325803041, 0.0532667338848, 0.00478711677715, 0.00392011227086, 0.0189017560333, 0.0061043202877, 0.00192295538727, 0.0024285025429, 0.00333150848746, 0.00239548832178, 0.0013346519554, 0.000980268698186, 0.000550660071895, 0.000275775120826, 0.000193319632672, 4.03724698117e-05],
        "mean": [0.000155664718477, 0.00160735461395, 0.000561713124625, 0.000405966275139, 0.00247278925963, 0.00438259495422, 0.00222251750529, 0.00386230484582, 0.0017549591139, 0.00157118134666, 0.00127740355674, 0.000552740180865, 0.000417674164055, 0.000202875424293, 0.000173924025148, 0.000217404522118, 0.000155178378918, 8.0373887613e-05, 0.000117041578051, 0.000103083802969, 9.96756352833e-05, 6.15343087702e-05, 4.92125363962e-05, 4.3760810513e-05, 2.05095511774e-05, 6.90682372806e-06, 9.95961840999e-07],
        "median": [1.11404665404e-06, 0.000137351627927, 0.000102346253698, 0.000200473776204, 0.00138996297028, 0.00143799185753, 0.00138865807094, 0.00131047482137, 0.000730459927581, 0.000563170120586, 0.000599443155807, 0.00030686383252, 0.00015587665257, 0.000108999061922, 7.77757086325e-05, 9.44923449424e-05, 7.06497376086e-05, 4.5676722948e-05, 8.21493013063e-05, 5.80399755563e-05, 8.33556623547e-05, 4.14436071878e-05, 3.5306216887e-05, 3.77601281798e-05, 1.54632343765e-05, 3.33310686074e-06, 1.90897040397e-07],
        "min": [3.08251879445e-23, 2.77448849026e-23, 5.85097817858e-24, 1.98463488247e-23, 1.52262161171e-23, 3.64119892277e-23, 3.22131918627e-23, 1.86459865169e-23, 3.10670779416e-23, 5.98867858275e-23, 3.57631889985e-23, 6.72190270605e-23, 5.80234521932e-23, 3.71357280875e-23, 9.4832920032e-23, 1.27023329592e-22, 2.26544393186e-22, 2.00873395204e-22, 2.21155375109e-22, 1.83421090921e-22, 3.84875971275e-22, 5.41947845784e-22, 7.22930712797e-22, 7.09920238146e-22, 1.48731395833e-21, 1.86655789188e-21, 2.90479719202e-21],
        "var": [1.62248511515e-06, 7.60895636631e-05, 6.42286568109e-06, 1.78100981429e-06, 1.11829358502e-05, 5.18461347383e-05, 7.86459713709e-06, 7.59159956942e-05, 1.20059776236e-05, 1.68711685546e-05, 6.53510596749e-06, 6.10664699252e-07, 2.83840495285e-06, 9.38385369409e-08, 6.7473806098e-08, 2.24463988729e-07, 6.73172948495e-08, 1.35109701205e-08, 1.59134714295e-08, 2.35002719506e-08, 8.17234102612e-09, 6.31563645825e-09, 2.81654188861e-09, 1.45064571466e-09, 4.50648462991e-10, 1.56973559151e-10, 5.9720223558e-12]
    },
    "erbbands": {
        "dmean": [0.0526859238744, 0.304604202509, 0.602043271065, 0.893838584423, 2.25784444809, 3.62386512756, 10.7761917114, 9.22136116028, 9.91934585571, 22.7432575226, 25.4090938568, 19.4246463776, 13.5290899277, 16.1126098633, 21.8424415588, 10.3226032257, 9.03279876709, 4.39987468719, 3.00341391563, 3.16931772232, 4.97130298615, 3.12598466873, 1.58761286736, 2.91172432899, 1.8002063036, 1.63509213924, 2.28749132156, 1.09344148636, 0.906028628349, 1.01078593731, 0.637149512768, 0.482339948416, 0.305911928415, 0.136675059795, 0.0661619827151, 0.0350793078542, 0.00917975138873, 0.00139530119486, 0.000194174892385, 1.56073238031e-05],
        "dmean2": [0.0915231183171, 0.552349805832, 1.06891989708, 1.60835921764, 4.07578992844, 6.02115631104, 15.2636642456, 14.1181840897, 14.7788562775, 35.5517616272, 37.1192512512, 29.746465683, 19.9478549957, 23.5307312012, 35.1132507324, 17.0727806091, 13.8417215347, 7.00716161728, 4.84087324142, 5.01496744156, 7.94445562363, 5.01473426819, 2.61368012428, 4.81430578232, 3.03939628601, 2.68774390221, 3.73787522316, 1.86867725849, 1.52564525604, 1.76446938515, 1.10541892052, 0.842868626118, 0.54061794281, 0.237682431936, 0.109705500305, 0.0579399205744, 0.0154751241207, 0.00232474063523, 0.000332134281052, 2.5909357646e-05],
        "dvar": [0.170137733221, 4.27910232544, 11.6890621185, 27.6865730286, 28.1962223053, 47.0011558533, 490.459838867, 509.816497803, 524.865844727, 2934.81738281, 7452.703125, 2262.31835938, 3407.61157227, 3377.35522461, 3068.40136719, 617.366943359, 2743.63623047, 80.2338256836, 40.2167472839, 60.5878601074, 91.222038269, 47.3300704956, 12.3258647919, 30.5130939484, 8.42086696625, 9.81872177124, 23.7662715912, 3.00189614296, 3.07714557648, 3.68271970749, 1.1421405077, 0.67668902874, 0.337483584881, 0.0681692659855, 0.0161360893399, 0.00601274939254, 0.000466540572233, 9.41367579799e-06, 2.33210045053e-07, 1.00156072325e-09],
        "dvar2": [0.456696003675, 12.3599634171, 33.7531929016, 79.9561920166, 85.2662734985, 133.888137817, 896.264465332, 1322.97546387, 972.267272949, 5658.55273438, 14736.8857422, 5245.37304688, 7195.54345703, 6059.66162109, 7368.44921875, 1509.07629395, 6547.75439453, 180.53553772, 105.035301208, 104.013809204, 213.289794922, 109.123023987, 30.1220607758, 79.3225708008, 22.7701091766, 24.5682868958, 62.3197860718, 8.07818126678, 8.0183467865, 10.0110349655, 3.1031639576, 1.90062010288, 0.941070318222, 0.18830576539, 0.0424955748022, 0.0158600062132, 0.00125145062339, 2.44434431806e-05, 6.0775255406e-07, 2.68512345691e-09],
        "max": [7.36306381226, 44.6751441956, 65.3398895264, 158.772354126, 193.826080322, 141.312423706, 710.297668457, 534.47467041, 916.588378906, 2619.89990234, 2333.58789062, 1265.97473145, 3011.63012695, 2072.6706543, 2538.91601562, 656.545227051, 2703.13500977, 280.34564209, 227.831039429, 902.067626953, 310.213989258, 271.990020752, 147.768966675, 136.697387695, 97.1636047363, 69.0924758911, 147.668487549, 46.440662384, 48.2409629822, 50.7227706909, 25.8480243683, 13.6519918442, 8.14531517029, 4.5252327919, 1.96840894222, 1.26273465157, 0.323819637299, 0.0663324296474, 0.00857506040484, 0.000628596695606],
        "mean": [0.0507642999291, 0.337807267904, 0.681437373161, 1.0506503582, 3.40394377708, 7.88638067245, 31.2677898407, 28.9040966034, 34.0774993896, 60.1646614075, 69.0723953247, 49.7524414062, 36.3425445557, 48.2761077881, 55.4163284302, 25.4981822968, 22.2815341949, 12.0324163437, 9.15797519684, 8.66830158234, 12.6186876297, 8.03054141998, 4.09866952896, 7.01598644257, 4.68525314331, 3.97864627838, 5.69094991684, 2.66668200493, 2.13252139091, 1.98270821571, 1.40493309498, 1.09851157665, 0.608667016029, 0.275931715965, 0.12393014133, 0.0431433990598, 0.0104477219284, 0.00163027422968, 0.000181208888534, 3.48008288711e-05],
        "median": [0.00246704509482, 0.0364570729434, 0.133989155293, 0.496497303247, 1.81850516796, 4.41485023499, 9.5858335495, 10.4001426697, 17.4458236694, 28.1660747528, 24.3546695709, 21.7217636108, 16.6717834473, 18.8252639771, 30.41340065, 15.480890274, 8.9483537674, 6.80011796951, 4.68312883377, 4.75536823273, 5.70544099808, 3.73421525955, 2.39746546745, 4.55060720444, 3.66307926178, 2.43739295006, 4.05431652069, 2.20155262947, 1.47253882885, 1.31323266029, 1.00759804249, 0.955674827099, 0.502937138081, 0.221168830991, 0.0859971866012, 0.0224287565798, 0.00496701803058, 0.000712534645572, 4.10751781601e-05, 2.63467718469e-05],
        "min": [7.7842623182e-22, 6.48300745215e-21, 6.94593980898e-21, 4.56604861352e-20, 5.16929818644e-20, 5.57637670722e-20, 1.01231197007e-19, 3.60507799924e-19, 6.46643222286e-19, 2.35443959118e-19, 4.42510866937e-19, 5.79109405342e-19, 1.8416899233e-18, 1.64325167249e-18, 1.27759534534e-18, 2.67309701519e-18, 2.23229536189e-18, 2.65525597015e-18, 4.73929244213e-18, 5.37154008512e-18, 6.56943326972e-18, 1.19935059412e-17, 1.25886607376e-17, 8.3909987159e-18, 1.21808557325e-17, 9.4022840902e-18, 1.46129859363e-17, 1.55095736196e-17, 1.7575349666e-17, 1.79977990767e-17, 2.20500824513e-17, 1.77687990871e-17, 1.22366656084e-17, 1.33064533315e-17, 1.19153125579e-17, 5.82624540375e-18, 3.74570625139e-18, 1.53163305801e-18, 4.20265705519e-19, 4.16293797475e-20],
        "var": [0.122645750642, 2.69366836548, 7.57168292999, 16.949224472, 27.9602584839, 132.482116699, 4047.1184082, 2476.69897461, 3081.09204102, 17177.796875, 25289.1113281, 8320.9609375, 8760.07128906, 16921.296875, 10187.1074219, 1209.57043457, 7301.02880859, 300.906066895, 165.545684814, 335.681854248, 421.878875732, 185.146102905, 32.8092765808, 75.8993377686, 21.8519153595, 28.863735199, 50.185874939, 5.79593515396, 7.5055975914, 6.23830032349, 2.31189894676, 0.837865948677, 0.341498315334, 0.0742490291595, 0.0196101162583, 0.00524672679603, 0.000371503963834, 8.56964015838e-06, 1.90276793433e-07, 1.14527265449e-09]
    },
    "gfcc": {
        "mean": [-36.9072036743, 97.849822998, -125.745300293, 6.97048473358, -86.4991607666, 6.58804273605, -38.5505409241, 3.68134474754, -23.687166214, -0.161584600806, -9.85153102875, -1.62343323231, -6.29781675339],
        "cov": [[15343.7412109, -1249.70361328, -1944.00085449, 496.251831055, -834.498962402, -375.78213501, -644.212768555, -45.4788169861, -428.84854126, -241.991409302, -199.026977539, 234.022674561, 114.22403717], [-1249.70361328, 2253.14941406, 305.165222168, -337.591461182, 466.692016602, 120.347679138, 190.276885986, -157.173538208, 289.874359131, -53.7337379456, 243.101760864, -163.747436523, 173.559371948], [-1944.00085449, 305.165222168, 717.614562988, 11.8504772186, 168.823867798, 148.697235107, 132.858825684, 37.2198181152, 64.1219406128, 95.8107147217, 34.7254066467, -2.64528250694, -9.47744655609], [496.251831055, -337.591461182, 11.8504772186, 453.377746582, -37.2468795776, 68.0497436523, 33.1310119629, 63.6361618042, 5.79599189758, 27.3380565643, 23.9840717316, 25.5178260803, 18.9355640411], [-834.498962402, 466.692016602, 168.823867798, -37.2468795776, 367.031494141, 96.1705474854, 123.185028076, 12.4912490845, 102.106422424, 25.1635723114, 35.2055969238, -22.0541324615, 12.0198125839], [-375.78213501, 120.347679138, 148.697235107, 68.0497436523, 96.1705474854, 194.650421143, 83.4728469849, 59.243976593, 38.6800727844, 38.4054412842, 19.0779323578, -13.7605543137, 7.76437616348], [-644.212768555, 190.276885986, 132.858825684, 33.1310119629, 123.185028076, 83.4728469849, 188.026168823, 61.6553573608, 81.1792755127, 29.4882469177, 34.3726615906, -18.1805877686, -3.06358194351], [-45.4788169861, -157.173538208, 37.2198181152, 63.6361618042, 12.4912490845, 59.243976593, 61.6553573608, 132.875411987, 32.4944915771, 32.5004997253, -14.8317317963, 0.885248780251, -22.6402454376], [-428.84854126, 289.874359131, 64.1219406128, 5.79599189758, 102.106422424, 38.6800727844, 81.1792755127, 32.4944915771, 145.718276978, 32.3693466187, 66.7590332031, -33.7840194702, 30.3802223206], [-241.991409302, -53.7337379456, 95.8107147217, 27.3380565643, 25.1635723114, 38.4054412842, 29.4882469177, 32.5004997253, 32.3693466187, 91.49584198, 24.8902282715, 13.4802865982, -15.4218139648], [-199.026977539, 243.101760864, 34.7254066467, 23.9840717316, 35.2055969238, 19.0779323578, 34.3726615906, -14.8317317963, 66.7590332031, 24.8902282715, 127.315460205, 3.28647351265, 64.3835372925], [234.022674561, -163.747436523, -2.64528250694, 25.5178260803, -22.0541324615, -13.7605543137, -18.1805877686, 0.885248780251, -33.7840194702, 13.4802865982, 3.28647351265, 93.5858840942, 27.2001953125], [114.22403717, 173.559371948, -9.47744655609, 18.9355640411, 12.0198125839, 7.76437616348, -3.06358194351, -22.6402454376, 30.3802223206, -15.4218139648, 64.3835372925, 27.2001953125, 124.508987427]],
        "icov": [[0.00013673621288, -0.000172922285856, 0.00036621541949, -0.000242369933403, 0.000162957207067, 8.15978546598e-06, 0.000242447975324, -0.000253779668128, 0.000231493831961, -0.000197103319806, 0.000287729868433, -0.000369835819583, -2.49701679422e-05], [-0.000172922285856, 0.00186405691784, -0.000851065211464, 0.00129263708368, -0.0011983064469, -0.000664222810883, -0.000674798793625, 0.00203599152155, -0.00173237547278, 0.00191326998174, -0.00202117511071, 0.00224043405615, -0.000975033617578], [0.00036621541949, -0.000851065211464, 0.00306735606864, -0.000751146231778, 0.000304088171106, -0.000755963847041, -0.000122970115626, -0.000486988021294, 0.00122605811339, -0.00265247980133, 0.00137037842069, -0.00142441422213, 9.91626584437e-05], [-0.000242369933403, 0.00129263708368, -0.000751146231778, 0.00362261221744, -0.000382024503779, -0.001262780861, -0.000879064784385, 0.000509920122568, -0.000985380029306, 0.00115698354784, -0.00206327834167, 0.00119328754954, -0.000810940691736], [0.000162957207067, -0.0011983064469, 0.000304088171106, -0.000382024503779, 0.0052587557584, -0.00117964914534, -0.00121423171367, 0.000305962603306, -0.00162105541676, -0.000674643204547, 0.00221576471813, -0.0023863571696, 0.000881310610566], [8.15978546598e-06, -0.000664222810883, -0.000755963847041, -0.001262780861, -0.00117964914534, 0.00891835987568, -0.00134525692556, -0.00351085909642, 0.00287058693357, -0.00267424201593, 0.00053770118393, 0.00186490349006, -0.00177796813659], [0.000242447975324, -0.000674798793625, -0.000122970115626, -0.000879064784385, -0.00121423171367, -0.00134525692556, 0.0106370477006, -0.00394392618909, -0.00229578930885, 0.00117511639837, -0.000996458926238, -0.00151611410547, 0.00214043585584], [-0.000253779668128, 0.00203599152155, -0.000486988021294, 0.000509920122568, 0.000305962603306, -0.00351085909642, -0.00394392618909, 0.0148339644074, -0.00577745446935, -0.000177069203346, 0.00183044618461, 0.000449137674877, 0.000412964232964], [0.000231493831961, -0.00173237547278, 0.00122605811339, -0.000985380029306, -0.00162105541676, 0.00287058693357, -0.00229578930885, -0.00577745446935, 0.0180774964392, -0.00609613955021, -0.00331656285562, 0.00478692725301, -0.00318064237945], [-0.000197103319806, 0.00191326998174, -0.00265247980133, 0.00115698354784, -0.000674643204547, -0.00267424201593, 0.00117511639837, -0.000177069203346, -0.00609613955021, 0.0203951150179, -0.00674656359479, -0.00340432510711, 0.00561054190621], [0.000287729868433, -0.00202117511071, 0.00137037842069, -0.00206327834167, 0.00221576471813, 0.00053770118393, -0.000996458926238, 0.00183044618461, -0.00331656285562, -0.00674656359479, 0.0180072709918, -0.00244471128099, -0.00577143253759], [-0.000369835819583, 0.00224043405615, -0.00142441422213, 0.00119328754954, -0.0023863571696, 0.00186490349006, -0.00151611410547, 0.000449137674877, 0.00478692725301, -0.00340432510711, -0.00244471128099, 0.0190323367715, -0.00739854108542], [-2.49701679422e-05, -0.000975033617578, 9.91626584437e-05, -0.000810940691736, 0.000881310610566, -0.00177796813659, 0.00214043585584, 0.000412964232964, -0.00318064237945, 0.00561054190621, -0.00577143253759, -0.00739854108542, 0.0157697275281]]
    },
    "melbands": {
        "dmean": [0.000442045129603, 0.000344508618582, 0.000184529984836, 0.000207497883821, 0.000325506378431, 0.000223134891712, 0.000149752217112, 0.000258853513515, 0.000203846837394, 0.000108289343189, 6.72477690387e-05, 6.64863400743e-05, 7.85371958045e-05, 3.60193444067e-05, 2.03289400815e-05, 1.52111861098e-05, 8.22322817839e-06, 4.68114330943e-06, 4.18818399339e-06, 5.79430115977e-06, 6.05645891483e-06, 4.16388684243e-06, 1.5136500906e-06, 1.99334544959e-06, 2.70086547971e-06, 1.59112994425e-06, 1.34045387767e-06, 1.2872184243e-06, 1.72692568867e-06, 1.23084021197e-06, 5.73057548081e-07, 5.26197197814e-07, 6.27606141279e-07, 5.53151437543e-07, 4.07168158745e-07, 3.45589626249e-07, 3.02632969351e-07, 2.38656099327e-07, 1.6594748331e-07, 1.05569768039e-07],
        "dmean2": [0.000770888989791, 0.000614082091488, 0.000328959547915, 0.000367939413991, 0.000471164559713, 0.000332057417836, 0.000226063435548, 0.00039816921344, 0.000300447863992, 0.00016759421851, 9.91353517747e-05, 9.69349275692e-05, 0.000125385733554, 5.93257900618e-05, 3.16589066642e-05, 2.37643653236e-05, 1.32137092805e-05, 7.6220730989e-06, 6.70230747346e-06, 9.0741123131e-06, 9.76096816885e-06, 6.71396810503e-06, 2.50408038482e-06, 3.30615557687e-06, 4.47858292318e-06, 2.69045881396e-06, 2.27377063311e-06, 2.10824350688e-06, 2.83064696305e-06, 2.04147977456e-06, 9.92077843875e-07, 8.85257236405e-07, 1.07686548745e-06, 9.69621396507e-07, 7.08805259819e-07, 5.95868755227e-07, 5.31408318238e-07, 4.23432481966e-07, 2.90132192049e-07, 1.82677496241e-07],
        "dvar": [1.05903445728e-05, 4.32342039858e-06, 7.4294314345e-07, 1.65947867004e-07, 3.96421057758e-07, 2.72643717381e-07, 1.07473574928e-07, 4.20525168465e-07, 4.54148988638e-07, 7.10391248049e-08, 8.40441458649e-08, 6.44268780547e-08, 4.5956191741e-08, 5.41107514351e-09, 8.90999185543e-09, 4.97349850193e-09, 2.71548228348e-10, 8.67685923112e-11, 6.76393316357e-11, 2.59806731684e-10, 1.27472130074e-10, 8.05092797984e-11, 4.04169406276e-11, 1.60691217277e-11, 2.77209765559e-11, 5.91150999679e-12, 5.76520992404e-12, 7.90793992789e-12, 2.31777912835e-11, 4.33805161931e-12, 9.18168752834e-13, 1.21577856289e-12, 1.58524712454e-12, 1.07279408881e-12, 5.37849712684e-13, 2.82915780647e-13, 2.92608222808e-13, 2.15908318784e-13, 9.49410228169e-14, 4.11274475847e-14],
        "dvar2": [2.88174687739e-05, 1.25043161461e-05, 2.14858664549e-06, 4.96160794228e-07, 7.62591866987e-07, 6.44226474833e-07, 2.07392346852e-07, 7.60531520427e-07, 9.29577254283e-07, 1.66489144249e-07, 1.77224990239e-07, 1.13150647962e-07, 1.09356967926e-07, 1.3338832261e-08, 2.10622026486e-08, 1.19687326716e-08, 6.22314200172e-10, 2.28819269088e-10, 1.68093955422e-10, 3.81607079269e-10, 3.07178393832e-10, 1.88926485567e-10, 9.18976283959e-11, 4.17409232178e-11, 7.23817880632e-11, 1.53259401697e-11, 1.60711097208e-11, 1.97441698407e-11, 6.17613807319e-11, 1.11270671496e-11, 2.5404474531e-12, 3.22268600694e-12, 4.25557158956e-12, 2.94053084833e-12, 1.46585619077e-12, 7.83616986404e-13, 8.26900830794e-13, 6.04781144869e-13, 2.63718165144e-13, 1.13046202987e-13],
        "max": [0.0603532642126, 0.0429651401937, 0.0236847214401, 0.0120896873996, 0.0196041557938, 0.0118361227214, 0.0143519453704, 0.0322234779596, 0.017813872546, 0.00706990575418, 0.0148730259389, 0.00919171515852, 0.0118753248826, 0.00195168319624, 0.00475148297846, 0.00355858099647, 0.000476319954032, 0.000323779997416, 0.000282202003291, 0.00187752197962, 0.000408202438848, 0.00037290333421, 0.000380477751605, 0.000101191137219, 0.000131268810946, 5.49315445824e-05, 0.000118933923659, 6.47631532047e-05, 0.000152399617946, 9.96627786662e-05, 2.17266515392e-05, 3.48938519892e-05, 4.18974377681e-05, 2.41313864535e-05, 2.18977620534e-05, 8.67496419232e-06, 9.25943459151e-06, 7.41141411709e-06, 6.18869262325e-06, 3.0093017358e-06],
        "mean": [0.000456165289506, 0.000399577256758, 0.000241982270381, 0.000363518251106, 0.000942414626479, 0.000708807550836, 0.000500106543768, 0.000707511557266, 0.000544327718671, 0.000267162860837, 0.000173974665813, 0.000192869672901, 0.000186124467291, 9.1250949481e-05, 5.03480441694e-05, 3.68749788322e-05, 2.08204128285e-05, 1.32614823087e-05, 1.19009255286e-05, 1.36267926791e-05, 1.47004184328e-05, 9.87708426692e-06, 3.20549861499e-06, 4.31786702393e-06, 6.05077048021e-06, 3.72115664504e-06, 2.92661502499e-06, 2.64793357019e-06, 3.77908600058e-06, 2.87160492007e-06, 1.09009636162e-06, 1.12052907753e-06, 1.29302418372e-06, 9.89235104498e-07, 7.91167281022e-07, 7.93791684828e-07, 6.18292517629e-07, 4.27877324682e-07, 3.3876017369e-07, 1.97080026965e-07],
        "median": [3.20465696859e-05, 6.89894150128e-05, 0.00013616256183, 0.000203155912459, 0.00034370936919, 0.000243896472966, 0.000264814851107, 0.00030275050085, 0.00019792119565, 0.000115245915367, 7.29073362891e-05, 6.60314181005e-05, 9.26316788536e-05, 5.68381656194e-05, 2.10072466871e-05, 1.67909529409e-05, 1.08688509499e-05, 6.70518556944e-06, 5.60736316402e-06, 6.51165601084e-06, 6.48416335025e-06, 4.11430391978e-06, 1.47905177528e-06, 2.39355472331e-06, 3.67753750652e-06, 2.77497906609e-06, 1.96885139303e-06, 1.27241844439e-06, 2.22474932343e-06, 2.29002557717e-06, 8.09899745491e-07, 6.88292573159e-07, 9.0078191306e-07, 6.15821932115e-07, 4.75836174019e-07, 6.69787993957e-07, 5.10046106683e-07, 3.37859546562e-07, 2.68265296199e-07, 1.50117344333e-07],
        "min": [9.81178488596e-24, 5.76315192742e-24, 7.76181386119e-24, 4.0729929833e-24, 2.85869623645e-24, 8.39443376439e-24, 8.78560464374e-24, 2.43746699559e-24, 3.41045868571e-24, 4.23365752285e-24, 9.62581487186e-24, 6.94147661699e-24, 4.63196443795e-24, 5.20137646668e-24, 8.12053652493e-24, 5.15667014146e-24, 4.33387559554e-24, 6.9362685573e-24, 6.47574852134e-24, 8.69056583732e-24, 7.68418521495e-24, 1.02956350888e-23, 1.86422473162e-23, 7.42500338682e-24, 6.06833341823e-24, 9.27047721027e-24, 8.2517737917e-24, 5.26309063302e-24, 8.28981266455e-24, 8.97658629117e-24, 9.43784351764e-24, 9.1620048915e-24, 1.16246495662e-23, 9.02781412949e-24, 1.29114000317e-23, 1.25537525854e-23, 9.87971764282e-24, 7.84884572942e-24, 9.83793010294e-24, 1.10490004087e-23],
        "var": [7.49750233808e-06, 2.77456206277e-06, 4.73711196491e-07, 2.78106767837e-07, 3.112607601e-06, 1.4728525457e-06, 6.18130457042e-07, 2.64958134721e-06, 1.47546768403e-06, 2.50065653518e-07, 2.16805347009e-07, 3.23954054693e-07, 1.34393914664e-07, 1.57316595306e-08, 2.4568260315e-08, 1.28759811702e-08, 1.00188046748e-09, 3.38455458104e-10, 3.25886956309e-10, 1.4375078905e-09, 5.75496983402e-10, 3.15603765344e-10, 5.80264725158e-11, 4.09496603293e-11, 6.45182726688e-11, 1.44222472506e-11, 1.39655760914e-11, 1.9183772626e-11, 3.86571295807e-11, 8.71437297323e-12, 1.31140335136e-12, 2.63577094178e-12, 3.05813751059e-12, 1.62049768136e-12, 1.08874758167e-12, 4.46167408574e-13, 3.23097044995e-13, 2.03120587841e-13, 1.08246968518e-13, 4.44737799918e-14]
    },
    "mfcc": {
        "mean": [-668.412719727, 124.999488831, 4.80451011658, -1.4077501297, -20.8379592896, -7.75810527802, -7.64454460144, -3.9821023941, -7.09047079086, -1.51246082783, -7.78591442108, 2.11498475075, 0.574133634567],
        "cov": [[9406.43847656, 261.311706543, -865.770324707, 40.1475601196, -367.291748047, -332.541168213, -347.199584961, -107.877761841, -228.131958008, -277.480773926, -364.83190918, -90.3135070801, -7.79380369186], [261.311706543, 1748.15368652, 110.152183533, -155.828079224, 176.73727417, 122.899299622, 23.2472114563, -17.5593910217, 38.9276199341, 55.6252288818, 7.27458238602, 16.9025974274, 55.2430267334], [-865.770324707, 110.152183533, 490.036468506, 52.143825531, 59.5990982056, 103.240943909, 89.1590805054, 23.7061653137, 35.0685462952, 54.724155426, 68.4069213867, 14.9480724335, 0.899930477142], [40.1475601196, -155.828079224, 52.143825531, 230.129150391, 37.3289451599, 48.0352020264, 37.6536598206, 38.9299278259, 20.1472415924, 28.3811149597, 27.6927146912, 23.5589160919, 7.20764398575], [-367.291748047, 176.73727417, 59.5990982056, 37.3289451599, 193.542236328, 94.5220794678, 48.4315757751, 27.8007011414, 47.2492179871, 43.2395553589, 31.3087749481, 16.4938373566, 20.6849937439], [-332.541168213, 122.899299622, 103.240943909, 48.0352020264, 94.5220794678, 162.206161499, 76.6783676147, 36.7813186646, 40.2192459106, 49.2773857117, 36.3033332825, 12.5183420181, 23.5306911469], [-347.199584961, 23.2472114563, 89.1590805054, 37.6536598206, 48.4315757751, 76.6783676147, 126.555130005, 61.3773574829, 45.5153923035, 48.1877708435, 41.5886039734, 14.8904294968, 9.15830612183], [-107.877761841, -17.5593910217, 23.7061653137, 38.9299278259, 27.8007011414, 36.7813186646, 61.3773574829, 105.016868591, 59.5616111755, 40.0201683044, 32.152759552, 6.23013782501, 9.414311409], [-228.131958008, 38.9276199341, 35.0685462952, 20.1472415924, 47.2492179871, 40.2192459106, 45.5153923035, 59.5616111755, 100.11895752, 64.4041442871, 32.4431114197, 13.0689411163, 12.1688632965], [-277.480773926, 55.6252288818, 54.724155426, 28.3811149597, 43.2395553589, 49.2773857117, 48.1877708435, 40.0201683044, 64.4041442871, 110.760749817, 68.6906890869, 20.9669971466, 11.6725912094], [-364.83190918, 7.27458238602, 68.4069213867, 27.6927146912, 31.3087749481, 36.3033332825, 41.5886039734, 32.152759552, 32.4431114197, 68.6906890869, 108.786598206, 41.6999435425, 6.68611526489], [-90.3135070801, 16.9025974274, 14.9480724335, 23.5589160919, 16.4938373566, 12.5183420181, 14.8904294968, 6.23013782501, 13.0689411163, 20.9669971466, 41.6999435425, 71.2333297729, 22.1884269714], [-7.79380369186, 55.2430267334, 0.899930477142, 7.20764398575, 20.6849937439, 23.5306911469, 9.15830612183, 9.414311409, 12.1688632965, 11.6725912094, 6.68611526489, 22.1884269714, 60.6303901672]],
