{
"lowlevel": {
    "average_loudness": 0.591250300407,
    "barkbands_crest": {
        "dmean": 2.10076189041,
        "dmean2": 3.31709122658,
        "dvar": 4.70991325378,
        "dvar2": 12.0702161789,
        "max": 26.6304931641,
        "mean": 12.2087965012,
        "median": 11.2702054977,
        "min": 3.24756336212,
        "var": 22.9837837219
    },
    "barkbands_flatness_db": {
        "dmean": 0.0205301269889,
        "dmean2": 0.0299204327166,
        "dvar": 0.000427205697633,
        "dvar2": 0.000896439247299,
        "max": 0.490788549185,
        "mean": 0.196274071932,
        "median": 0.18662711978,
        "min": 0.0365399643779,
        "var": 0.00381343555637
    },
    "barkbands_kurtosis": {
        "dmean": 4.13790082932,
        "dmean2": 6.53667879105,
        "dvar": 110.92338562,
        "dvar2": 297.87399292,
        "max": 326.232727051,
        "mean": 10.8441352844,
        "median": 3.30122327805,
        "min": -1.89836776257,
        "var": 1091.12268066
    },
    "barkbands_skewness": {
        "dmean": 0.481207191944,
        "dmean2": 0.727366447449,
        "dvar": 0.336543172598,
        "dvar2": 0.836385250092,
        "max": 11.3808813095,
        "mean": 1.38582181931,
        "median": 1.62276506424,
        "min": -17.3939495087,
        "var": 6.91374111176
    },
    "barkbands_spread": {
        "dmean": 2.93758893013,
        "dmean2": 4.4182639122,
        "dvar": 20.3055477142,
        "dvar2": 47.3548355103,
        "max": 146.379928589,
        "mean": 12.9729633331,
        "median": 11.3612289429,
        "min": 0.289813578129,
        "var": 74.9824676514
    },
    "dissonance": {
        "dmean": 0.0227976515889,
        "dmean2": 0.0382876172662,
        "dvar": 0.000757605303079,
        "dvar2": 0.00207148282789,
        "max": 0.500000119209,
        "mean": 0.442630320787,
        "median": 0.450407207012,
        "min": 0.0666164904833,
        "var": 0.0014411190059
    },
    "dynamic_complexity": 5.78102445602,
    "erbbands_crest": {
        "dmean": 2.43204021454,
        "dmean2": 3.72977828979,
        "dvar": 6.30008268356,
        "dvar2": 14.9159317017,
        "max": 33.6889801025,
        "mean": 11.53951931,
        "median": 9.93336105347,
        "min": 2.85864257812,
        "var": 34.5863075256
    },
    "erbbands_flatness_db": {
        "dmean": 0.0187558140606,
        "dmean2": 0.025873279199,
        "dvar": 0.000382083409932,
        "dvar2": 0.000740804767702,
        "max": 0.540828287601,
        "mean": 0.207324638963,
        "median": 0.204497396946,
        "min": 0.035510186106,
        "var": 0.00391725823283
    },
    "erbbands_kurtosis": {
        "dmean": 1.49766039848,
        "dmean2": 2.31825089455,
        "dvar": 30.9650363922,
        "dvar2": 69.9012451172,
        "max": 248.482711792,
        "mean": 1.96484696865,
        "median": -0.114854216576,
        "min": -1.89135098457,
        "var": 76.1772537231
    },
    "erbbands_skewness": {
        "dmean": 0.320822894573,
        "dmean2": 0.487888932228,
        "dvar": 0.179973721504,
        "dvar2": 0.425225973129,
        "max": 12.2164812088,
        "mean": 0.465675085783,
        "median": 0.320584654808,
        "min": -3.15379738808,
        "var": 0.889365971088
    },
    "erbbands_spread": {
        "dmean": 5.39621400833,
        "dmean2": 7.9345126152,
        "dvar": 49.2684822083,
        "dvar2": 107.892822266,
        "max": 177.522644043,
        "mean": 31.931137085,
        "median": 30.3709259033,
        "min": 0.422562688589,
        "var": 344.057434082
    },
    "hfc": {
        "dmean": 2.9755153656,
        "dmean2": 4.13874387741,
        "dvar": 22.0444850922,
        "dvar2": 40.4082679749,
        "max": 92.6996231079,
        "mean": 14.0743503571,
        "median": 9.46211242676,
        "min": 1.26448241505e-16,
        "var": 211.520217896
    },
    "melbands_crest": {
        "dmean": 2.48331022263,
        "dmean2": 3.96984815598,
        "dvar": 5.99657011032,
        "dvar2": 15.7768259048,
        "max": 38.5277175903,
        "mean": 15.3216896057,
        "median": 14.9690361023,
        "min": 1.98183763027,
        "var": 25.3963012695
    },
    "melbands_flatness_db": {
        "dmean": 0.0211922675371,
        "dmean2": 0.0309520699084,
        "dvar": 0.000499861780554,
        "dvar2": 0.00105938350316,
        "max": 0.602136909962,
        "mean": 0.259267389774,
        "median": 0.249292954803,
        "min": 0.00531131727621,
        "var": 0.00644713267684
    },
    "melbands_kurtosis": {
        "dmean": 6.34811925888,
        "dmean2": 9.83092403412,
        "dvar": 200.775222778,
        "dvar2": 505.666381836,
        "max": 628.67791748,
        "mean": 14.6530656815,
        "median": 7.89955759048,
        "min": -1.75234138966,
        "var": 593.459777832
    },
    "melbands_skewness": {
        "dmean": 0.583388566971,
        "dmean2": 0.873368263245,
        "dvar": 0.465602576733,
        "dvar2": 1.11052906513,
        "max": 18.0340366364,
        "mean": 2.57974338531,
        "median": 2.47578525543,
        "min": -4.04127311707,
        "var": 3.45013022423
    },
    "melbands_spread": {
        "dmean": 3.40843725204,
        "dmean2": 5.21592473984,
        "dvar": 25.8015193939,
        "dvar2": 61.905582428,
        "max": 222.836425781,
        "mean": 17.5850372314,
        "median": 13.4876289368,
        "min": 0.333147883415,
        "var": 481.493164062
    },
    "pitch_salience": {
        "dmean": 0.0524649173021,
        "dmean2": 0.0833436474204,
        "dvar": 0.00260662287474,
        "dvar2": 0.00671656150371,
        "max": 0.977782249451,
        "mean": 0.492905586958,
        "median": 0.488126218319,
        "min": 0.0891698077321,
        "var": 0.0109803481027
    },
    "silence_rate_20dB": {
        "dmean": 0,
        "dmean2": 0,
        "dvar": 0,
        "dvar2": 0,
        "max": 1,
        "mean": 1,
        "median": 1,
        "min": 1,
        "var": 0
    },
    "silence_rate_30dB": {
        "dmean": 0.000343672145391,
        "dmean2": 0.00068740331335,
        "dvar": 0.000343468447682,
        "dvar2": 0.000858439365402,
        "max": 1,
        "mean": 0.999742269516,
        "median": 1,
        "min": 0,
        "var": 0.000257617677562
    },
    "silence_rate_60dB": {
        "dmean": 0.00824813172221,
        "dmean2": 0.0164976809174,
        "dvar": 0.00818040966988,
        "dvar2": 0.0179447494447,
        "max": 1,
        "mean": 0.145103096962,
        "median": 0,
        "min": 0,
        "var": 0.124047525227
    },
    "spectral_centroid": {
        "dmean": 135.894302368,
        "dmean2": 203.445602417,
        "dvar": 44591.1210938,
        "dvar2": 90399.2265625,
        "max": 10599.3398438,
        "mean": 902.617553711,
        "median": 770.719848633,
        "min": 186.385818481,
        "var": 397796.875
    },
    "spectral_complexity": {
        "dmean": 1.81596362591,
        "dmean2": 2.84756827354,
        "dvar": 3.97753000259,
        "dvar2": 8.59582710266,
        "max": 40,
        "mean": 13.8050689697,
        "median": 14,
        "min": 0,
        "var": 47.5848922729
    },
    "spectral_decrease": {
        "dmean": 1.41384060015e-09,
        "dmean2": 2.18428453103e-09,
        "dvar": 3.8614412268e-18,
        "dvar2": 9.72448003778e-18,
        "max": 1.99732486545e-15,
        "mean": -6.13405282124e-09,
        "median": -5.30740118521e-09,
        "min": -3.96948109938e-08,
        "var": 2.50608792603e-17
    },
    "spectral_energy": {
        "dmean": 0.00555490655825,
        "dmean2": 0.00854615401477,
        "dvar": 5.92526084802e-05,
        "dvar2": 0.000147258804645,
        "max": 0.153461322188,
        "mean": 0.0244279261678,
        "median": 0.0209155157208,
        "min": 1.14328832988e-20,
        "var": 0.0004004049988
    },
    "spectral_energyband_high": {
        "dmean": 0.000103871287138,
        "dmean2": 0.000153069602675,
        "dvar": 7.95043959556e-08,
        "dvar2": 1.95921771251e-07,
        "max": 0.0103484708816,
        "mean": 0.000224073359277,
        "median": 0.000103692182165,
        "min": 8.58154891422e-21,
        "var": 1.38362366897e-07
    },
    "spectral_energyband_low": {
        "dmean": 0.00152728124522,
        "dmean2": 0.00244499929249,
        "dvar": 6.56901102047e-06,
        "dvar2": 1.75611294253e-05,
        "max": 0.0388560481369,
        "mean": 0.00445809401572,
        "median": 0.00346829858609,
        "min": 3.3217582189e-23,
        "var": 1.75270924956e-05
    },
    "spectral_energyband_middle_high": {
        "dmean": 0.00166379055008,
        "dmean2": 0.00217578979209,
        "dvar": 1.37558390634e-05,
        "dvar2": 2.14522606257e-05,
        "max": 0.0806505233049,
        "mean": 0.00652116863057,
        "median": 0.00207236362621,
        "min": 1.70208587099e-21,
        "var": 0.000125661681523
    },
    "spectral_energyband_middle_low": {
        "dmean": 0.00443593272939,
        "dmean2": 0.00701864855364,
        "dvar": 4.57216738141e-05,
        "dvar2": 0.000123852543766,
        "max": 0.148564577103,
        "mean": 0.0145631255582,
        "median": 0.0111449230462,
        "min": 2.28531237194e-22,
        "var": 0.000184432341484
    },
    "spectral_entropy": {
        "dmean": 0.176828414202,
        "dmean2": 0.255870223045,
        "dvar": 0.0375195741653,
        "dvar2": 0.07916983217,
        "max": 9.80477428436,
        "mean": 6.89045715332,
        "median": 6.88588094711,
        "min": 3.95641994476,
        "var": 0.389683097601
    },
    "spectral_flux": {
        "dmean": 0.0172603782266,
        "dmean2": 0.0267839133739,
        "dvar": 0.000426620739745,
        "dvar2": 0.000998783740215,
        "max": 0.261573642492,
        "mean": 0.052058223635,
        "median": 0.0463304594159,
        "min": 1.06924663568e-10,
        "var": 0.00154333258979
    },
    "spectral_kurtosis": {
        "dmean": 3.79598855972,
        "dmean2": 6.40269231796,
        "dvar": 35.2876625061,
        "dvar2": 99.400177002,
        "max": 154.806976318,
        "mean": 9.46444129944,
        "median": 6.17470788956,
        "min": -1.17412102222,
        "var": 130.524520874
    },
    "spectral_rms": {
        "dmean": 0.000502036418766,
        "dmean2": 0.000763122516219,
        "dvar": 3.71654692799e-07,
        "dvar2": 8.82455651663e-07,
        "max": 0.012235946022,
        "mean": 0.00431723846123,
        "median": 0.00451723160222,
        "min": 3.33976531326e-12,
        "var": 5.19335435456e-06
    },
    "spectral_rolloff": {
        "dmean": 206.43850708,
        "dmean2": 348.862365723,
        "dvar": 280057.96875,
        "dvar2": 646923.5,
        "max": 19918.2128906,
        "mean": 1334.65734863,
        "median": 796.728515625,
        "min": 21.533203125,
        "var": 8995169
    },
    "spectral_skewness": {
        "dmean": 0.341632157564,
        "dmean2": 0.559629380703,
        "dvar": 0.153472006321,
        "dvar2": 0.415483176708,
        "max": 9.64177799225,
        "mean": 2.06421709061,
        "median": 1.8313485384,
        "min": 0.047145511955,
        "var": 0.903206527233
    },
    "spectral_spread": {
        "dmean": 465731.25,
        "dmean2": 668071.0625,
        "dvar": 392759017472,
        "dvar2": 714482843648,
        "max": 40057636,
        "mean": 3770635.5,
        "median": 3166948.5,
        "min": 548289.5625,
        "var": 8.157200384e+12
    },
    "spectral_strongpeak": {
        "dmean": 0.445370525122,
        "dmean2": 0.725827753544,
        "dvar": 0.65558218956,
        "dvar2": 1.44407844543,
        "max": 10.8647470474,
        "mean": 1.24754214287,
        "median": 0.572542309761,
        "min": 0,
        "var": 3.04089355469
    },
    "zerocrossingrate": {
        "dmean": 0.00557338725775,
        "dmean2": 0.00679100304842,
        "dvar": 7.57774178055e-05,
        "dvar2": 8.88547001523e-05,
        "max": 0.83642578125,
        "mean": 0.0573551766574,
        "median": 0.03662109375,
        "min": 0.0009765625,
        "var": 0.0146620003507
    },
    "barkbands": {
        "dmean": [1.37703364089e-05, 0.000321272091242, 0.00112567667384, 0.000985998543911, 0.00338053423911, 0.000479026959511, 0.000366816326277, 0.000221012509428, 0.000308340037009, 0.000931925489567, 0.000663365761284, 0.000320269551594, 0.000183094380191, 0.000175623354153, 0.000171739215148, 9.10103481147e-05, 8.36545077618e-05, 4.93663610541e-05, 6.00191669946e-05, 4.11779401475e-05, 5.22253722011e-05, 1.57685044542e-05, 1.27933799376e-05, 1.27111261463e-05, 7.69190683059e-06, 4.37006883658e-06, 4.76217394407e-07],
        "dmean2": [2.3111473638e-05, 0.000536016770639, 0.0018327847356, 0.00158273696434, 0.00539899617434, 0.000725565885659, 0.000520264729857, 0.000305396039039, 0.000429689651355, 0.00127369887196, 0.00087132549379, 0.00047437439207, 0.000274300808087, 0.000248921016464, 0.000253224308835, 0.000128213039716, 0.000127106104628, 7.25369754946e-05, 8.97956633708e-05, 6.34078678559e-05, 8.133774827e-05, 2.40008957917e-05, 1.92526349565e-05, 1.92619772861e-05, 1.14030435725e-05, 6.79283220961e-06, 7.4881160117e-07],
        "dvar": [5.28770893737e-09, 4.26577116741e-07, 3.72875479115e-06, 2.68762528322e-06, 3.72113681806e-05, 1.49019922446e-06, 1.07494849999e-06, 5.46744786334e-07, 9.84860434983e-07, 8.21271532914e-06, 6.56891597828e-06, 6.68368898005e-07, 2.77865524367e-07, 3.1258619515e-07, 2.00716371523e-07, 6.3781726567e-08, 4.73319694549e-08, 1.8909938504e-08, 3.10793915048e-08, 1.70740221961e-08, 3.97010815334e-08, 2.82417533803e-09, 3.38468142402e-09, 1.68168545756e-09, 5.41336309112e-10, 1.65976302147e-10, 3.99830429182e-12],
        "dvar2": [1.19790941611e-08, 1.14657063932e-06, 1.02424210127e-05, 7.42351721783e-06, 0.000105897037429, 3.08615972244e-06, 2.20495121539e-06, 1.07253288206e-06, 1.95817892745e-06, 1.38012728712e-05, 1.05541530502e-05, 1.46990998928e-06, 6.0811566982e-07, 5.78703918563e-07, 4.21390694783e-07, 1.23105095895e-07, 9.93513040726e-08, 3.99232256143e-08, 7.38434593472e-08, 4.23700612373e-08, 1.05345002055e-07, 6.82524969875e-09, 8.81479600423e-09, 4.09984401983e-09, 1.17072118666e-09, 4.20071394336e-10, 1.03960806977e-11],
        "max": [0.0043085552752, 0.010970483534, 0.0278687998652, 0.0225377120078, 0.146344512701, 0.0287336856127, 0.0300746373832, 0.0239165369421, 0.0483264215291, 0.0692187696695, 0.0706237331033, 0.0331254713237, 0.0150404153392, 0.0183892399073, 0.0121937142685, 0.0108574386686, 0.0100202225149, 0.00320240156725, 0.00620297109708, 0.0077552725561, 0.00994031503797, 0.00196355069056, 0.00318690040149, 0.00123592733871, 0.000631859351415, 0.000314738485031, 7.49038008507e-05],
        "mean": [1.44783871292e-05, 0.000610456743743, 0.00291244825348, 0.00213031074964, 0.00783712044358, 0.00125882145949, 0.00102173816413, 0.000571421871427, 0.000863452325575, 0.0026117535308, 0.00187627447303, 0.000730820698664, 0.000390779430745, 0.000381499557989, 0.000330749637214, 0.000203263552976, 0.000175942768692, 0.000100609468063, 0.000133255016408, 8.59571591718e-05, 0.000102678372059, 2.86982613034e-05, 1.99993719434e-05, 1.90135142475e-05, 1.09895245259e-05, 4.82715813632e-06, 4.97317671488e-07],
        "median": [1.25399287754e-06, 0.000209181278478, 0.00211267382838, 0.00135776982643, 0.00378177408129, 0.000524056726135, 0.000220282498049, 0.000225714291446, 0.000260210916167, 0.000269504351309, 0.000101599784102, 0.000289028772386, 9.22716571949e-05, 8.72804230312e-05, 0.000141585798701, 9.33911214815e-05, 7.43028285797e-05, 2.76673745248e-05, 5.67512615817e-05, 3.64942316082e-05, 4.03844715038e-05, 8.95016546565e-06, 5.41226381756e-06, 3.87839963878e-06, 1.8516648197e-06, 3.3294142554e-07, 3.80197811012e-08],
        "min": [2.470666404e-24, 9.78364700633e-24, 1.71152871273e-23, 4.5395182229e-24, 3.50301289583e-23, 3.96154492342e-23, 4.8449997175e-23, 3.84098678226e-23, 4.31106142262e-23, 1.06255209421e-22, 5.42432118027e-23, 1.15491243386e-22, 1.48748180268e-22, 2.38403181402e-22, 1.56549623346e-22, 9.08598189274e-23, 1.51353036843e-22, 1.52842671289e-22, 3.57814053745e-22, 3.20718481833e-22, 4.03398475817e-22, 6.04652367034e-22, 6.69446650242e-22, 1.02641269745e-21, 1.41001710067e-21, 1.93144532378e-21, 2.61441559954e-21],
        "var": [7.26126048178e-09, 1.08950814592e-06, 8.81831692823e-06, 5.88743660046e-06, 0.000115462033136, 5.58852389076e-06, 5.48916523258e-06, 1.71709416463e-06, 4.65724724563e-06, 4.9391608627e-05, 4.6089389798e-05, 2.16090734284e-06, 7.27447797999e-07, 1.10609960302e-06, 5.6834045381e-07, 1.53586000806e-07, 1.38139100159e-07, 5.09073103672e-08, 5.68632998466e-08, 2.50171172667e-08, 4.92380038963e-08, 4.79246642371e-09, 3.78495101927e-09, 2.70724687113e-09, 1.13690723502e-09, 1.97642596733e-10, 3.80816255266e-12]
    },
    "erbbands": {
        "dmean": [0.00191426894162, 0.108857013285, 1.07877218723, 1.91210114956, 9.58279323578, 11.8659276962, 5.62914514542, 3.38198924065, 4.55221796036, 6.44817399979, 4.111577034, 5.85447502136, 20.2346534729, 29.8728866577, 24.0047416687, 14.8733930588, 7.88345813751, 9.7423992157, 9.76302242279, 5.10337209702, 5.02456951141, 3.30587363243, 2.05113482475, 3.68012070656, 2.228266716, 2.19105648994, 2.37071990967, 1.33801114559, 0.620350122452, 0.459245562553, 0.366551220417, 0.352317303419, 0.154591441154, 0.0991918668151, 0.0490111671388, 0.0235668625683, 0.00747142499313, 0.0010372683173, 8.53613455547e-05, 8.01380519988e-06],
        "dmean2": [0.00319367949851, 0.179910048842, 1.76079654694, 3.00910401344, 14.7628355026, 19.6932525635, 8.44558334351, 5.29441308975, 6.59266710281, 9.18297481537, 5.53214073181, 7.9217877388, 28.314043045, 39.119972229, 30.431646347, 22.0673370361, 11.6485500336, 13.6906929016, 14.1595687866, 7.49361801147, 7.02337026596, 4.95331144333, 3.03211092949, 5.33154201508, 3.28976607323, 3.33505940437, 3.65589666367, 2.07726597786, 0.939732789993, 0.72815144062, 0.543697297573, 0.539710700512, 0.224719271064, 0.145150467753, 0.074268065393, 0.0366730690002, 0.0115485331044, 0.00160142732784, 0.000133508030558, 1.22137516883e-05],
        "dvar": [1.44331697811e-05, 0.045878469944, 3.62616729736, 8.11639118195, 256.127441406, 785.855834961, 264.548522949, 86.0644454956, 185.909835815, 604.547607422, 96.0760574341, 275.056884766, 3242.75048828, 11425.2373047, 8823.55957031, 1346.41296387, 501.114837646, 858.253356934, 713.350097656, 219.61869812, 222.955856323, 55.1334266663, 24.2958450317, 123.423652649, 32.8073806763, 61.2389640808, 39.5017356873, 66.6160736084, 3.67684674263, 14.0879049301, 1.50521671772, 1.64070105553, 0.241238728166, 0.0965637415648, 0.0267425905913, 0.00566053995863, 0.000492947991006, 9.87987277767e-06, 1.47433013353e-07, 2.11865511246e-10],
        "dvar2": [3.79359153158e-05, 0.119992233813, 9.61649703979, 22.5009002686, 645.972717285, 2322.62524414, 543.596313477, 197.326843262, 366.725341797, 1229.60253906, 175.453811646, 508.790039062, 6279.58203125, 18312.5585938, 12979.7792969, 3070.38867188, 1085.96740723, 1573.38781738, 1499.72241211, 513.231811523, 393.094085693, 112.759040833, 51.6377449036, 284.056915283, 66.7629623413, 153.774078369, 90.2966995239, 191.23097229, 8.44953918457, 40.458770752, 3.4819188118, 4.24535131454, 0.518218576908, 0.209769785404, 0.0623568631709, 0.0143736405298, 0.00122650468256, 2.47751795541e-05, 3.80428673452e-07, 5.34577881961e-10],
        "max": [0.0595396272838, 3.39858031273, 28.2497692108, 38.1919746399, 304.132507324, 844.677124023, 480.761566162, 250.286636353, 445.935241699, 932.699829102, 349.339294434, 709.32019043, 1844.56677246, 2667.1027832, 2978.12280273, 1412.60559082, 659.468505859, 1059.76171875, 967.566955566, 578.930908203, 742.063903809, 260.804534912, 115.846679688, 397.527832031, 178.480270386, 492.529846191, 208.595779419, 473.542053223, 78.6455383301, 255.964431763, 43.3282928467, 45.59973526, 18.6506824493, 9.85284233093, 5.55944538116, 2.01243782043, 0.733037769794, 0.0878447368741, 0.0204269830137, 0.000468020967674],
        "mean": [0.00415698206052, 0.233383238316, 2.74287247658, 5.70594215393, 19.187921524, 27.3206996918, 14.9142131805, 8.82269477844, 12.7097787857, 16.7093219757, 13.1485834122, 19.2532672882, 56.1891441345, 84.6251525879, 71.0825576782, 35.6243515015, 19.1556224823, 23.2081642151, 20.0387039185, 11.6361885071, 11.7022199631, 7.73613357544, 4.75208711624, 8.2064704895, 5.24568557739, 4.64760923386, 4.92483329773, 2.47250008583, 1.14685130119, 0.698930621147, 0.574304938316, 0.51348400116, 0.245596498251, 0.149254769087, 0.0634548217058, 0.0266262255609, 0.00816879607737, 0.00112203892786, 0.000100589568319, 3.15293946187e-05],
        "median": [0.00205273646861, 0.102092832327, 1.8043667078, 4.71435213089, 9.22287940979, 11.2970685959, 5.5104637146, 3.82814407349, 2.79599428177, 3.88883376122, 6.32904148102, 7.2701921463, 9.44971466064, 7.40714931488, 7.16234016418, 14.8942079544, 6.04650115967, 6.11617469788, 9.19255447388, 5.43796539307, 5.73778915405, 3.61712932587, 1.95519661903, 3.11390829086, 2.18563961983, 1.96772789955, 2.13395643234, 1.03707551956, 0.37283372879, 0.195140093565, 0.153404891491, 0.103914000094, 0.054571673274, 0.0291881151497, 0.00788288284093, 0.00186174130067, 0.00057541183196, 8.92738753464e-05, 2.38385764533e-05, 2.7350786695e-05],
        "min": [4.21257933301e-22, 1.56182140382e-21, 1.204688315e-20, 2.84563733962e-20, 4.28772075509e-20, 1.52906417107e-19, 3.09478717742e-19, 2.66008644643e-19, 5.33727381806e-19, 9.24493241741e-19, 7.01962476714e-19, 1.21212317267e-18, 2.54988184551e-18, 2.79301959245e-18, 2.44934982937e-18, 5.58204845203e-18, 6.93797614702e-18, 9.04112214551e-18, 1.08277966999e-17, 7.6090458577e-18, 5.75562982203e-18, 8.31698755777e-18, 8.79294645505e-18, 1.16340504701e-17, 2.03387400625e-17, 1.42278671867e-17, 1.67890301214e-17, 1.7055210225e-17, 2.60540551694e-17, 1.46776085944e-17, 2.06184578041e-17, 1.73345822051e-17, 1.837285931e-17, 1.31158411399e-17, 1.12362725484e-17, 7.30429845796e-18, 4.08548929956e-18, 1.23440431645e-18, 3.46910553316e-19, 3.96417067408e-20],
        "var": [3.25662076648e-05, 0.121344059706, 9.1513710022, 25.0531654358, 651.641357422, 2434.26538086, 1061.18481445, 264.147583008, 907.381286621, 2280.51733398, 531.419006348, 1764.54626465, 19514.2675781, 64309.0351562, 61357.9375, 4692.43310547, 1425.60107422, 3264.37329102, 1898.46630859, 589.609924316, 608.985778809, 199.574203491, 75.3433990479, 247.860626221, 87.0172348022, 81.7400588989, 87.12059021, 47.3520126343, 7.33641529083, 9.27630710602, 2.53172445297, 2.16505551338, 0.515843331814, 0.194462731481, 0.0484428070486, 0.00687989545986, 0.000569769588765, 1.19028909467e-05, 1.42142255299e-07, 7.41863681597e-10]
    },
    "gfcc": {
        "mean": [-93.1452026367, 125.942581177, -124.667388916, 18.9537029266, -55.2166290283, 1.97951066494, -28.4113502502, -11.7624340057, -31.9289779663, -12.836435318, -18.4131622314, -13.8487892151, -8.25580215454],
        "cov": [[35679.6835938, 3796.15234375, -3789.19384766, 2026.28820801, -674.986572266, 586.018310547, -2143.35131836, 247.044692993, -1551.27978516, -554.411560059, -1691.36938477, -828.460510254, -277.358428955], [3796.15234375, 2743.48046875, -970.526733398, 50.2958106995, 109.264930725, -331.28729248, 43.6277770996, -228.945983887, 41.232334137, -226.296035767, -37.730052948, -306.845184326, 38.4418067932], [-3789.19384766, -970.526733398, 1281.09643555, -159.718383789, 67.5530166626, 170.258453369, 111.960212708, 86.3909072876, 36.239616394, 143.434799194, 108.302055359, 236.546829224, -61.73828125], [2026.28820801, 50.2958106995, -159.718383789, 603.610656738, 116.520545959, 53.6975898743, -207.085128784, -26.667181015, -21.9004135132, -88.9674530029, -206.178131104, -128.747589111, -27.0257225037], [-674.986572266, 109.264930725, 67.5530166626, 116.520545959, 429.166931152, 13.1969299316, 27.8516902924, -11.8225164413, 50.836555481, -91.6470565796, -56.460357666, -95.6222839355, -6.98989725113], [586.018310547, -331.28729248, 170.258453369, 53.6975898743, 13.1969299316, 281.916564941, -35.1730728149, 52.2558097839, -87.0802383423, 10.7953090668, -46.8233833313, 24.9962387085, -36.4299201965], [-2143.35131836, 43.6277770996, 111.960212708, -207.085128784, 27.8516902924, -35.1730728149, 320.855010986, -18.4471702576, 83.5390472412, 15.0618505478, 153.135391235, 48.0938873291, 31.2034511566], [247.044692993, -228.945983887, 86.3909072876, -26.667181015, -11.8225164413, 52.2558097839, -18.4471702576, 190.078704834, -47.0678215027, -2.21897506714, -16.5403766632, 23.3821868896, -0.299445420504], [-1551.27978516, 41.232334137, 36.239616394, -21.9004135132, 50.836555481, -87.0802383423, 83.5390472412, -47.0678215027, 208.196212769, 26.7390022278, 69.6724395752, -1.60344862938, 6.84471273422], [-554.411560059, -226.296035767, 143.434799194, -88.9674530029, -91.6470565796, 10.7953090668, 15.0618505478, -2.21897506714, 26.7390022278, 173.096282959, 57.5134773254, 80.6338348389, -24.8870582581], [-1691.36938477, -37.730052948, 108.302055359, -206.178131104, -56.460357666, -46.8233833313, 153.135391235, -16.5403766632, 69.6724395752, 57.5134773254, 248.728668213, 62.3396377563, 26.6304206848], [-828.460510254, -306.845184326, 236.546829224, -128.747589111, -95.6222839355, 24.9962387085, 48.0938873291, 23.3821868896, -1.60344862938, 80.6338348389, 62.3396377563, 175.155914307, -2.03647732735], [-277.358428955, 38.4418067932, -61.73828125, -27.0257225037, -6.98989725113, -36.4299201965, 31.2034511566, -0.299445420504, 6.84471273422, -24.8870582581, 26.6304206848, -2.03647732735, 91.5176544189]],
        "icov": [[0.00032780438778, -0.000482323230244, 0.000627095520031, -0.000453304470284, 0.000375610019546, -0.000714735651854, 0.00103168433998, -0.000626762048341, 0.00127266393974, -0.000298104248941, 0.000537304207683, -0.000403269339586, 0.000534035556484], [-0.000482323230244, 0.001376273809, -0.000620623526629, 0.000818871252704, -0.000595776655246, 0.00153935689013, -0.00171820935793, 0.00143250857946, -0.00169419473968, 0.000860396947246, -0.00078383658547, 0.00116758735385, -0.000444182776846], [0.000627095520031, -0.000620623526629, 0.00269612926058, -0.000823384034447, 2.57698229689e-05, -0.00175268307794, 0.00180359254591, -0.00135098653845, 0.00225565698929, -0.000784334493801, 0.000717402435839, -0.002271090867, 0.00178051192779], [-0.000453304470284, 0.000818871252704, -0.000823384034447, 0.0036000830587, -0.000759194197599, 0.000504823110532, -0.000212356389966, 0.00148638268001, -0.00251783733256, 0.00105172360782, 0.000650328991469, 0.00167561555281, -0.000667508982588], [0.000375610019546, -0.000595776655246, 2.57698229689e-05, -0.000759194197599, 0.00393106229603, -0.00104061327875, 0.000478271627799, -0.000672470021527, 0.000493679603096, 0.00101435615215, 0.00135948508978, 0.00145580223761, 0.000778254296165], [-0.000714735651854, 0.00153935689013, -0.00175268307794, 0.000504823110532, -0.00104061327875, 0.00689654285088, -0.00279982481152, 0.00106813700404, -0.000544031034224, 0.00058211304713, -0.000893391901627, 0.00117612362374, 0.000263010355411], [0.00103168433998, -0.00171820935793, 0.00180359254591, -0.000212356389966, 0.000478271627799, -0.00279982481152, 0.00878573860973, -0.00175617774948, 0.00260087824427, -0.000120207965665, -0.000434536021203, -0.00199657166377, 0.000777942419518], [-0.000626762048341, 0.00143250857946, -0.00135098653845, 0.00148638268001, -0.000672470021527, 0.00106813700404, -0.00175617774948, 0.00760053610429, -0.0014518906828, 0.00136213039514, -0.000601029372774, 0.000968562264461, -0.00130074645858], [0.00127266393974, -0.00169419473968, 0.00225565698929, -0.00251783733256, 0.000493679603096, -0.000544031034224, 0.00260087824427, -0.0014518906828, 0.0122243566439, -0.00261496123858, 0.000804663053714, -0.000961421872489, 0.00239548622631], [-0.000298104248941, 0.000860396947246, -0.000784334493801, 0.00105172360782, 0.00101435615215, 0.00058211304713, -0.000120207965665, 0.00136213039514, -0.00261496123858, 0.00963291339576, -0.00148163235281, -0.00165552040562, 0.00208066031337], [0.000537304207683, -0.00078383658547, 0.000717402435839, 0.000650328991469, 0.00135948508978, -0.000893391901627, -0.000434536021203, -0.000601029372774, 0.000804663053714, -0.00148163235281, 0.00845576822758, -0.000578188337386, -0.000408435123973], [-0.000403269339586, 0.00116758735385, -0.002271090867, 0.00167561555281, 0.00145580223761, 0.00117612362374, -0.00199657166377, 0.000968562264461, -0.000961421872489, -0.00165552040562, -0.000578188337386, 0.0121343256906, -0.00142663822044], [0.000534035556484, -0.000444182776846, 0.00178051192779, -0.000667508982588, 0.000778254296165, 0.000263010355411, 0.000777942419518, -0.00130074645858, 0.00239548622631, 0.00208066031337, -0.000408435123973, -0.00142663822044, 0.0141043197364]]
    },
    "melbands": {
        "dmean": [4.85793098051e-05, 0.000413433968788, 0.000504453841131, 0.000836596707813, 0.000252124125836, 7.9845340224e-05, 7.04110498191e-05, 6.44528263365e-05, 3.34977121383e-05, 4.20873875555e-05, 0.000104922408354, 0.000123650170281, 9.75484726951e-05, 4.16520342696e-05, 2.21681111725e-05, 1.95348511625e-05, 1.83024385478e-05, 1.58116054081e-05, 8.70357052918e-06, 7.51132029109e-06, 6.42612349111e-06, 4.3922009354e-06, 2.15497857425e-06, 2.64964614871e-06, 3.27974021275e-06, 2.12885811379e-06, 1.36638971071e-06, 1.4442344991e-06, 1.59346495821e-06, 1.49879269884e-06, 6.19453999207e-07, 3.49681130274e-07, 3.3373083852e-07, 2.38964645405e-07, 2.01288969492e-07, 2.5964982342e-07, 1.94524858443e-07, 1.06672821687e-07, 1.11609473663e-07, 7.6624822043e-08],
        "dmean2": [8.13311344245e-05, 0.000673991802614, 0.000785062438808, 0.00135626457632, 0.000388780899812, 0.000123417572468, 0.000101760910184, 9.12041068659e-05, 4.4718854042e-05, 5.77091741434e-05, 0.000145802579937, 0.000161443953402, 0.000123860387248, 5.98028782406e-05, 3.26457775373e-05, 2.90974912787e-05, 2.57334268099e-05, 2.30537079915e-05, 1.29322452267e-05, 1.07934192783e-05, 9.13594703889e-06, 6.69305336487e-06, 3.33487719217e-06, 3.88325861422e-06, 4.83987696498e-06, 3.18962497659e-06, 2.0824359126e-06, 2.22767857849e-06, 2.47561411015e-06, 2.3890686407e-06, 9.85765950645e-07, 5.40912878932e-07, 5.24686981862e-07, 3.88458829548e-07, 3.05615543539e-07, 3.946493905e-07, 3.0095867487e-07, 1.59337929517e-07, 1.63915188978e-07, 1.14190527256e-07],
        "dvar": [9.73599512122e-09, 5.35490869424e-07, 5.75696105898e-07, 2.3910076834e-06, 3.9875942548e-07, 4.41916014893e-08, 3.98798682966e-08, 6.23112299536e-08, 6.17527495805e-09, 1.63789977137e-08, 8.49826378158e-08, 2.05329527603e-07, 1.47239376247e-07, 1.33581492534e-08, 2.59535437586e-09, 3.54076856723e-09, 3.42467054715e-09, 2.10013206825e-09, 5.86564796734e-10, 3.99880795143e-10, 4.08192174506e-10, 1.18162757357e-10, 3.03128182277e-11, 5.59481454221e-11, 1.11556569538e-10, 3.42657777153e-11, 1.84126429381e-11, 2.42833166769e-11, 2.08583306877e-11, 2.94557364611e-11, 1.84989436963e-11, 1.20097063804e-12, 1.89310199461e-12, 4.78075305038e-12, 5.29308422179e-13, 6.93206071972e-13, 5.19145490485e-13, 1.32529837799e-13, 1.21770771092e-13, 6.69741226453e-14],
        "dvar2": [2.63165027548e-08, 1.41211216942e-06, 1.48472133787e-06, 6.94482378094e-06, 9.35020523229e-07, 9.93221931367e-08, 7.96941108661e-08, 1.25517360061e-07, 1.11606626163e-08, 3.17553663365e-08, 1.6244379708e-07, 3.24656298289e-07, 2.24500652735e-07, 2.67688022859e-08, 5.50744339023e-09, 8.09515299238e-09, 6.50156595228e-09, 4.51846515759e-09, 1.2945842176e-09, 9.24869347774e-10, 7.43326178387e-10, 2.48339598885e-10, 6.58183507696e-11, 1.19121032482e-10, 2.63969346381e-10, 7.35501520799e-11, 4.49120775292e-11, 6.10132708245e-11, 4.63619906355e-11, 7.90781745641e-11, 5.33468165476e-11, 2.59544946299e-12, 5.07958345525e-12, 1.37593322153e-11, 1.23725639109e-12, 1.65782069062e-12, 1.36099226507e-12, 2.96253229197e-13, 2.65784166594e-13, 1.5014988493e-13],
        "max": [0.00162107707001, 0.0109075335786, 0.0127629544586, 0.0330900587142, 0.0175614673644, 0.00514605687931, 0.00689712772146, 0.00960233993828, 0.00320547190495, 0.00632118806243, 0.00922305881977, 0.0117160370573, 0.0114031974226, 0.0046039968729, 0.00118197849952, 0.00183938920964, 0.00232074828818, 0.00185439316556, 0.000751361658331, 0.000803656992503, 0.00087678222917, 0.000413956469856, 0.0002101539867, 0.000204589421628, 0.000400096731028, 0.000177997950232, 0.000211772479815, 0.000306419620756, 0.00017379183555, 0.000280303385807, 0.00022904999787, 5.15894207638e-05, 6.43930688966e-05, 0.000148249077029, 2.73720288533e-05, 2.25021503866e-05, 2.89546023851e-05, 1.31107717607e-05, 1.38886334753e-05, 8.67383278091e-06],
        "mean": [9.40878744586e-05, 0.00104681460653, 0.00133327324875, 0.00183854741044, 0.000655818032101, 0.000207679229788, 0.000200321155717, 0.00016353749379, 0.000108654225187, 0.00012619762856, 0.000282362714643, 0.000340873812092, 0.000277444603853, 0.000100049212051, 5.13484301337e-05, 4.37334092567e-05, 4.18308991357e-05, 3.10968680424e-05, 1.69571394508e-05, 1.70485564013e-05, 1.32566337925e-05, 9.37524873734e-06, 4.13596035287e-06, 5.39181110071e-06, 6.80630182615e-06, 4.69068527309e-06, 2.81020084003e-06, 2.85611122308e-06, 3.11322583002e-06, 2.67689119937e-06, 1.00631154965e-06, 6.28705606687e-07, 5.30861086645e-07, 3.29452888082e-07, 3.00130267306e-07, 3.85850654538e-07, 2.74151318536e-07, 1.61963839673e-07, 1.65601832691e-07, 1.09206261811e-07],
        "median": [3.55366573785e-05, 0.000685050326865, 0.000996585004032, 0.00088367855642, 0.000230181845836, 8.51173826959e-05, 4.44030956714e-05, 4.22385492129e-05, 4.98130139022e-05, 3.97842377424e-05, 4.31947482866e-05, 2.61201894318e-05, 1.83469564945e-05, 3.48595131072e-05, 2.0138322725e-05, 1.06588704512e-05, 9.27573819354e-06, 1.31843862619e-05, 7.2901002568e-06, 7.16661907063e-06, 5.5439550124e-06, 4.0198865463e-06, 1.81501468433e-06, 1.47778337123e-06, 2.48481683229e-06, 1.8336222638e-06, 1.11994472718e-06, 1.08996937342e-06, 1.17281501844e-06, 9.93799972093e-07, 3.64737900327e-07, 1.9247077887e-07, 1.30385203079e-07, 8.44045047188e-08, 7.33019760446e-08, 8.69990230967e-08, 4.92616933911e-08, 3.41733539244e-08, 3.41248203028e-08, 1.86638136057e-08],
        "min": [2.94348340097e-24, 5.58205155169e-24, 4.39147269681e-24, 7.78241417487e-24, 9.54611704347e-24, 6.38485439012e-24, 8.45427833038e-24, 1.03384875909e-23, 5.28545326196e-24, 7.36754196962e-24, 1.35377839895e-23, 1.24094304828e-23, 7.21584638413e-24, 1.46720050435e-23, 1.26534014949e-23, 1.55557122731e-23, 1.7650974169e-23, 2.04469859402e-23, 9.83744574235e-24, 8.67329609438e-24, 6.57496040194e-24, 9.7528901085e-24, 6.06804311741e-24, 8.92494430087e-24, 8.13370971318e-24, 1.73631077807e-23, 1.16265641316e-23, 9.08125156721e-24, 9.78424338518e-24, 9.94094744856e-24, 1.00965321183e-23, 1.8170349145e-23, 7.13778149781e-24, 8.42978104383e-24, 1.24331089317e-23, 1.1680587693e-23, 1.01584647991e-23, 1.33055244063e-23, 1.23600612008e-23, 1.09354998905e-23],
        "var": [2.39001582969e-08, 1.35707330173e-06, 1.62611820542e-06, 6.59456782159e-06, 1.63045501722e-06, 1.43118683127e-07, 2.07771108762e-07, 2.19413777813e-07, 3.81045452968e-08, 8.38835205741e-08, 4.98002464155e-07, 1.19570040624e-06, 1.01546129372e-06, 5.76293786025e-08, 8.76183481324e-09, 9.10687347755e-09, 1.30272148624e-08, 4.96083263357e-09, 1.48390855159e-09, 9.66472235575e-10, 1.08157471868e-09, 3.72626429712e-10, 6.60632382132e-11, 1.51512816182e-10, 1.9649196159e-10, 8.17599807301e-11, 2.94907744058e-11, 3.22909303463e-11, 4.70023499288e-11, 3.39831322804e-11, 1.2157451261e-11, 2.45255638714e-12, 2.31792926866e-12, 3.00044863087e-12, 8.73673475146e-13, 1.08882239162e-12, 6.65959475066e-13, 2.56755012217e-13, 2.38033144627e-13, 1.24761475023e-13]
    },
    "mfcc": {
        "mean": [-716.441772461, 150.34526062, -9.06935310364, 18.2205753326, -4.66229629517, 5.65903520584, 3.95117735863, -4.24269342422, -4.01819515228, -4.37765169144, -13.8161287308, -7.07435703278, -9.05418109894],
        "cov": [[17716.3046875, 1782.85974121, -1540.95214844, 934.060913086, 378.67489624, 462.824737549, 202.877761841, -126.550491333, 27.1949748993, -22.5979118347, -527.453125, -440.12020874, -777.974731445], [1782.85974121, 1929.265625, -371.733917236, 135.947357178, 58.6961135864, 34.7459144592, 81.6534042358, -54.3172683716, -9.89786720276, 29.0839176178, -33.5511894226, -114.032051086, -128.338684082], [-1540.95214844, -371.733917236, 722.805847168, -133.054870605, 36.6052780151, 21.2334156036, 26.3444213867, 90.9633865356, 1.17658376694, -20.6679706573, 51.6035423279, 74.7059860229, 64.3606338501], [934.060913086, 135.947357178, -133.054870605, 371.794006348, 139.810791016, 72.1811752319, -63.9735641479, -32.7494468689, 39.7185821533, 16.8912715912, -32.7465744019, -26.8046226501, -75.6652908325], [378.67489624, 58.6961135864, 36.6052780151, 139.810791016, 268.631469727, 77.9523010254, -3.7625348568, 1.37160801888, 17.1069793701, 19.9413738251, 3.89981651306, 1.003215909, -63.4316291809], [462.824737549, 34.7459144592, 21.2334156036, 72.1811752319, 77.9523010254, 225.780715942, 22.8551940918, 1.66180586815, 26.7474060059, -9.58850765228, 18.9978981018, 1.18561756611, -58.5333404541], [202.877761841, 81.6534042358, 26.3444213867, -63.9735641479, -3.7625348568, 22.8551940918, 199.814498901, 66.4959106445, -15.4104328156, 8.99552249908, 1.52628421783, -18.5383090973, -15.2899885178], [-126.550491333, -54.3172683716, 90.9633865356, -32.7494468689, 1.37160801888, 1.66180586815, 66.4959106445, 130.594467163, 19.7781143188, -1.70812082291, -6.03713989258, -3.83922147751, 7.54319620132], [27.1949748993, -9.89786720276, 1.17658376694, 39.7185821533, 17.1069793701, 26.7474060059, -15.4104328156, 19.7781143188, 108.762283325, 2.81129217148, -11.3444261551, -2.30476093292, -14.067647934], [-22.5979118347, 29.0839176178, -20.6679706573, 16.8912715912, 19.9413738251, -9.58850765228, 8.99552249908, -1.70812082291, 2.81129217148, 100.08719635, 14.1433973312, -18.9090576172, -6.13252449036], [-527.453125, -33.5511894226, 51.6035423279, -32.7465744019, 3.89981651306, 18.9978981018, 1.52628421783, -6.03713989258, -11.3444261551, 14.1433973312, 114.716964722, 38.4794578552, 24.2548465729], [-440.12020874, -114.032051086, 74.7059860229, -26.8046226501, 1.003215909, 1.18561756611, -18.5383090973, -3.83922147751, -2.30476093292, -18.9090576172, 38.4794578552, 126.19594574, 57.7471656799], [-777.974731445, -128.338684082, 64.3606338501, -75.6652908325, -63.4316291809, -58.5333404541, -15.2899885178, 7.54319620132, -14.067647934, -6.13252449036, 24.2548465729, 57.7471656799, 143.854110718]],
