{
"lowlevel": {
    "average_loudness": 0.908255815506,
    "barkbands_crest": {
        "dmean": 3.2292766571,
        "dmean2": 4.84515857697,
        "dvar": 10.323928833,
        "dvar2": 23.3101177216,
        "max": 26.9087429047,
        "mean": 12.8932971954,
        "median": 12.1220293045,
        "min": 2.30543804169,
        "var": 29.9203453064
    },
    "barkbands_flatness_db": {
        "dmean": 0.0438637062907,
        "dmean2": 0.060461115092,
        "dvar": 0.00285180448554,
        "dvar2": 0.00560826295987,
        "max": 0.735951781273,
        "mean": 0.199473366141,
        "median": 0.176743835211,
        "min": 0.0204205382615,
        "var": 0.0133819496259
    },
    "barkbands_kurtosis": {
        "dmean": 34.154914856,
        "dmean2": 50.9543418884,
        "dvar": 50014.0039062,
        "dvar2": 100454.21875,
        "max": 10401.1308594,
        "mean": 40.1354255676,
        "median": 2.4591960907,
        "min": -1.98782396317,
        "var": 81065.1015625
    },
    "barkbands_skewness": {
        "dmean": 1.40323376656,
        "dmean2": 1.97905337811,
        "dvar": 8.21713733673,
        "dvar2": 15.0747509003,
        "max": 96.5196456909,
        "mean": 2.49399995804,
        "median": 1.46049284935,
        "min": -13.5975866318,
        "var": 21.7935314178
    },
    "barkbands_spread": {
        "dmean": 11.792766571,
        "dmean2": 18.804769516,
        "dvar": 264.282806396,
        "dvar2": 634.532226562,
        "max": 162.09815979,
        "mean": 25.5319156647,
        "median": 21.0356655121,
        "min": 0.043805655092,
        "var": 502.743927002
    },
    "dissonance": {
        "dmean": 0.0245260074735,
        "dmean2": 0.0401541776955,
        "dvar": 0.000884959066752,
        "dvar2": 0.00216995808296,
        "max": 0.500000178814,
        "mean": 0.443420559168,
        "median": 0.463209688663,
        "min": 0.0314783453941,
        "var": 0.00357341975905
    },
    "dynamic_complexity": 4.46832227707,
    "erbbands_crest": {
        "dmean": 2.97679233551,
        "dmean2": 4.73747348785,
        "dvar": 9.38824176788,
        "dvar2": 21.5632896423,
        "max": 34.8607788086,
        "mean": 11.197722435,
        "median": 9.94858264923,
        "min": 1.8970528841,
        "var": 37.5362281799
    },
    "erbbands_flatness_db": {
        "dmean": 0.0379079580307,
        "dmean2": 0.0490681007504,
        "dvar": 0.00218346598558,
        "dvar2": 0.00392521265894,
        "max": 0.670769095421,
        "mean": 0.193694099784,
        "median": 0.176093623042,
        "min": 0.0310826972127,
        "var": 0.0104534588754
    },
    "erbbands_kurtosis": {
        "dmean": 4.0779542923,
        "dmean2": 6.11717700958,
        "dvar": 294.64932251,
        "dvar2": 600.429077148,
        "max": 525.850769043,
        "mean": 4.59667444229,
        "median": -0.274360179901,
        "min": -1.94807231426,
        "var": 549.519958496
    },
    "erbbands_skewness": {
        "dmean": 0.649748027325,
        "dmean2": 0.944303810596,
        "dvar": 0.906144857407,
        "dvar2": 1.80356395245,
        "max": 17.6562366486,
        "mean": 0.549910783768,
        "median": 0.143711477518,
        "min": -8.08935165405,
        "var": 3.04902076721
    },
    "erbbands_spread": {
        "dmean": 14.6409931183,
        "dmean2": 22.6834201813,
        "dvar": 412.552764893,
        "dvar2": 908.247070312,
        "max": 239.046463013,
        "mean": 45.1286849976,
        "median": 40.3479309082,
        "min": 0.149055868387,
        "var": 951.736755371
    },
    "hfc": {
        "dmean": 19.8487682343,
        "dmean2": 33.8314361572,
        "dvar": 1735.33166504,
        "dvar2": 4652.84423828,
        "max": 406.865142822,
        "mean": 24.0942344666,
        "median": 11.1452636719,
        "min": 2.98443261215e-08,
        "var": 1535.8059082
    },
    "melbands_crest": {
        "dmean": 3.9001762867,
        "dmean2": 6.10622358322,
        "dvar": 16.9342536926,
        "dvar2": 40.4180335999,
        "max": 39.9397735596,
        "mean": 17.8358078003,
        "median": 16.3780632019,
        "min": 2.84312653542,
        "var": 48.8103637695
    },
    "melbands_flatness_db": {
        "dmean": 0.0507389083505,
        "dmean2": 0.0684995874763,
        "dvar": 0.0036564997863,
        "dvar2": 0.00699479039758,
        "max": 0.882608294487,
        "mean": 0.280706882477,
        "median": 0.25266289711,
        "min": 0.0164188668132,
        "var": 0.019950594753
    },
    "melbands_kurtosis": {
        "dmean": 37.4961204529,
        "dmean2": 58.9948272705,
        "dvar": 35162.0390625,
        "dvar2": 65882.1953125,
        "max": 12574.2822266,
        "mean": 55.621963501,
        "median": 12.5914611816,
        "min": -1.83445179462,
        "var": 73207.4296875
    },
    "melbands_skewness": {
        "dmean": 1.59073281288,
        "dmean2": 2.40029287338,
        "dvar": 7.24288988113,
        "dvar2": 15.5867443085,
        "max": 104.684890747,
        "mean": 3.83538508415,
        "median": 2.98319029808,
        "min": -10.9066333771,
        "var": 19.6710681915
    },
    "melbands_spread": {
        "dmean": 9.39030075073,
        "dmean2": 14.3291044235,
        "dvar": 239.33757019,
        "dvar2": 515.325927734,
        "max": 303.039276123,
        "mean": 21.5594863892,
        "median": 15.2381620407,
        "min": 0.0608558245003,
        "var": 553.298156738
    },
    "pitch_salience": {
        "dmean": 0.0876955911517,
        "dmean2": 0.137742996216,
        "dvar": 0.00978330522776,
        "dvar2": 0.0230674538761,
        "max": 0.877003014088,
        "mean": 0.463622361422,
        "median": 0.48051327467,
        "min": 0.00691462960094,
        "var": 0.0251097735018
    },
    "silence_rate_20dB": {
        "dmean": 0.000178364396561,
        "dmean2": 0.000356760603609,
        "dvar": 0.000178301677806,
        "dvar2": 0.000534889928531,
        "max": 1,
        "mean": 0.999910831451,
        "median": 1,
        "min": 0,
        "var": 8.91585659701e-05
    },
    "silence_rate_30dB": {
        "dmean": 0.0722375810146,
        "dmean2": 0.144398853183,
        "dvar": 0.0670108795166,
        "dvar2": 0.134976759553,
        "max": 1,
        "mean": 0.900927424431,
        "median": 1,
        "min": 0,
        "var": 0.0892639458179
    },
    "silence_rate_60dB": {
        "dmean": 0.0479800216854,
        "dmean2": 0.0958794131875,
        "dvar": 0.0456715151668,
        "dvar2": 0.0956119298935,
        "max": 1,
        "mean": 0.140181913972,
        "median": 0,
        "min": 0,
        "var": 0.120530501008
    },
    "spectral_centroid": {
        "dmean": 365.573852539,
        "dmean2": 554.822143555,
        "dvar": 222306.515625,
        "dvar2": 479672.90625,
        "max": 9978.88085938,
        "mean": 1487.18493652,
        "median": 1424.1159668,
        "min": 56.1135787964,
        "var": 806220.5625
    },
    "spectral_complexity": {
        "dmean": 4.22919845581,
        "dmean2": 6.5134677887,
        "dvar": 44.625793457,
        "dvar2": 92.0754928589,
        "max": 58,
        "mean": 12.8908510208,
        "median": 11,
        "min": 0,
        "var": 115.194168091
    },
    "spectral_decrease": {
        "dmean": 5.57940404988e-09,
        "dmean2": 8.94757690162e-09,
        "dvar": 1.31095778937e-16,
        "dvar2": 3.22592603841e-16,
        "max": 5.63241675522e-10,
        "mean": -8.57938697862e-09,
        "median": -3.27055982297e-09,
        "min": -1.16929193439e-07,
        "var": 1.90340386702e-16
    },
    "spectral_energy": {
        "dmean": 0.0221961513162,
        "dmean2": 0.0355636551976,
        "dvar": 0.00200698059052,
        "dvar2": 0.00495803589001,
        "max": 0.450051158667,
        "mean": 0.0345660336316,
        "median": 0.014199485071,
        "min": 2.97312586876e-12,
        "var": 0.0028943081852
    },
    "spectral_energyband_high": {
        "dmean": 0.00148155703209,
        "dmean2": 0.00259122229181,
        "dvar": 1.05496383185e-05,
        "dvar2": 2.84971229121e-05,
        "max": 0.0287262573838,
        "mean": 0.00141892023385,
        "median": 0.000231146317674,
        "min": 1.96792972543e-12,
        "var": 9.05680008145e-06
    },
    "spectral_energyband_low": {
        "dmean": 0.0164860356599,
        "dmean2": 0.0264413934201,
        "dvar": 0.00161313882563,
        "dvar2": 0.00392994098365,
        "max": 0.42663833499,
        "mean": 0.0222387984395,
        "median": 0.00062551459996,
        "min": 6.10337179559e-14,
        "var": 0.00234597548842
    },
    "spectral_energyband_middle_high": {
        "dmean": 0.00163816206623,
        "dmean2": 0.00266275345348,
        "dvar": 7.38360495234e-06,
        "dvar2": 1.8783233827e-05,
        "max": 0.0347616076469,
        "mean": 0.00351110333577,
        "median": 0.0019332121592,
        "min": 5.70241445209e-13,
        "var": 1.68491606019e-05
    },
    "spectral_energyband_middle_low": {
        "dmean": 0.00612059095874,
        "dmean2": 0.0104520749301,
        "dvar": 0.000230878824368,
        "dvar2": 0.000623920641374,
        "max": 0.149371579289,
        "mean": 0.0081640696153,
        "median": 0.00443200208247,
        "min": 4.13979797437e-14,
        "var": 0.000180753471795
    },
    "spectral_entropy": {
        "dmean": 0.360578477383,
        "dmean2": 0.491268604994,
        "dvar": 0.210024818778,
        "dvar2": 0.40290671587,
        "max": 9.44107818604,
        "mean": 7.13085985184,
        "median": 7.15462732315,
        "min": 2.67163681984,
        "var": 0.89685189724
    },
    "spectral_flux": {
        "dmean": 0.048171646893,
        "dmean2": 0.0743351951241,
        "dvar": 0.00542655913159,
        "dvar2": 0.0113494135439,
        "max": 0.626467943192,
        "mean": 0.0902625024319,
        "median": 0.0520738661289,
        "min": 2.27236778301e-05,
        "var": 0.00978528801352
    },
    "spectral_kurtosis": {
        "dmean": 6.46813821793,
        "dmean2": 9.71132946014,
        "dvar": 412.16796875,
        "dvar2": 861.175537109,
        "max": 515.682067871,
        "mean": 13.0243177414,
        "median": 4.26949977875,
        "min": -1.33496677876,
        "var": 1300.82714844
    },
    "spectral_rms": {
        "dmean": 0.00144229712896,
        "dmean2": 0.00212074443698,
        "dvar": 5.28291730006e-06,
        "dvar2": 1.14602671601e-05,
        "max": 0.0209541004151,
        "mean": 0.00463973544538,
        "median": 0.00372198293917,
        "min": 5.38573168285e-08,
        "var": 1.2196021089e-05
    },
    "spectral_rolloff": {
        "dmean": 1240.05102539,
        "dmean2": 2196.33984375,
        "dvar": 6240062.5,
        "dvar2": 14987301,
        "max": 18755.4199219,
        "mean": 2004.8157959,
        "median": 979.760742188,
        "min": 21.533203125,
        "var": 7443301.5
    },
    "spectral_skewness": {
        "dmean": 0.543844640255,
        "dmean2": 0.792280197144,
        "dvar": 0.89448428154,
        "dvar2": 1.7290173769,
        "max": 20.0429496765,
        "mean": 2.0298178196,
        "median": 1.46612143517,
        "min": -0.812642991543,
        "var": 4.22246551514
    },
    "spectral_spread": {
        "dmean": 1486590,
        "dmean2": 2170790.75,
        "dvar": 5.01017319834e+12,
        "dvar2": 1.07237070602e+13,
        "max": 30912950,
        "mean": 5323236.5,
        "median": 4858973.5,
        "min": 260138.453125,
        "var": 1.01551240643e+13
    },
    "spectral_strongpeak": {
        "dmean": 0.510720431805,
        "dmean2": 0.873006224632,
        "dvar": 1.68261158466,
        "dvar2": 4.43187141418,
        "max": 23.9810428619,
        "mean": 0.923471748829,
        "median": 0.545259594917,
        "min": 0,
        "var": 1.92386388779
    },
    "zerocrossingrate": {
        "dmean": 0.0204468052834,
        "dmean2": 0.0245616957545,
        "dvar": 0.000716429436579,
        "dvar2": 0.000973416725174,
        "max": 0.693359375,
        "mean": 0.0708130151033,
        "median": 0.06005859375,
        "min": 0,
        "var": 0.00316723412834
    },
    "barkbands": {
        "dmean": [0.00044665535097, 0.0121721560135, 0.00590378791094, 0.0016797662247, 0.00316870701499, 0.00100511161145, 0.000436569796875, 0.000433280714788, 0.000136965929414, 0.000361670507118, 0.00017971311172, 0.0003524843778, 0.000216518732486, 0.000265405484242, 9.47480511968e-05, 0.000138716190122, 0.000109019099909, 0.000239273984334, 0.000373187096557, 0.000198426030693, 0.000186447927263, 0.000135098132887, 0.000114795708214, 0.000154707755428, 0.000254560116446, 0.000415961520048, 0.000186001547263],
        "dmean2": [0.000626125605777, 0.0190947260708, 0.0104285320267, 0.00312776560895, 0.00546519365162, 0.00154957326595, 0.000706985185388, 0.000718597264495, 0.000226411662879, 0.000568037794437, 0.000315627577947, 0.000549161050003, 0.000374263618141, 0.000437913171481, 0.000162041731528, 0.000246924697421, 0.000186146033229, 0.000370416761143, 0.000619648664724, 0.000356643693522, 0.000334214011673, 0.000229133060202, 0.000186404315173, 0.000271988363238, 0.000448401726317, 0.00075618684059, 0.000318671896821],
        "dvar": [8.58851421981e-07, 0.000865713634994, 0.000389924622141, 3.00928022625e-05, 0.000103696380393, 3.37213555213e-06, 7.44708415823e-07, 1.83671568266e-06, 1.1068125616e-07, 8.17963666577e-07, 1.80497863767e-07, 6.784301263e-07, 1.9664915385e-07, 4.62159420067e-07, 8.31004882684e-08, 1.25674674223e-07, 5.40850848552e-08, 1.66738360008e-07, 4.66888138817e-07, 2.20456541911e-07, 1.93418188132e-07, 1.13772209431e-07, 6.74653009014e-08, 1.62648035484e-07, 3.4143951666e-07, 1.01059129065e-06, 5.73225577227e-07],
        "dvar2": [1.75437116923e-06, 0.00197260966524, 0.00106308993418, 8.69045106811e-05, 0.000278725026874, 8.47591854836e-06, 1.97557801584e-06, 4.9078257689e-06, 2.90064178898e-07, 2.10449843507e-06, 5.09239100666e-07, 1.66867437201e-06, 5.54406824449e-07, 1.15825525882e-06, 2.27794032526e-07, 3.49908248154e-07, 1.46776116594e-07, 3.90343160461e-07, 1.19218896089e-06, 6.28275415693e-07, 5.35943229352e-07, 3.01877037145e-07, 1.49294905327e-07, 4.37623270955e-07, 9.28214433316e-07, 2.75839465758e-06, 1.41879058901e-06],
        "max": [0.0181762631983, 0.302080929279, 0.217133417726, 0.060447242111, 0.119822055101, 0.0247412770987, 0.0118721537292, 0.0174947232008, 0.0043596951291, 0.0175771303475, 0.00662345159799, 0.028340600431, 0.00629771640524, 0.0132031962276, 0.00500593427569, 0.00360925262794, 0.00253409263678, 0.00693384185433, 0.0112373176962, 0.00426393561065, 0.0046488372609, 0.00416493974626, 0.00296654901467, 0.00444105500355, 0.00549782626331, 0.0114065352827, 0.0129559943452],
        "mean": [0.000854565645568, 0.0159682892263, 0.00474281143397, 0.0014762339415, 0.0029177821707, 0.00199127569795, 0.000751016486902, 0.000645913591143, 0.000175833134563, 0.000696394650731, 0.000214144674828, 0.000682775338646, 0.000262048735749, 0.000346822169377, 9.67602827586e-05, 0.000122432611533, 0.00013289382332, 0.000435024907347, 0.000543470203411, 0.000198082998395, 0.00019202286785, 0.000156093185069, 0.000147664293763, 0.000160006660735, 0.000224868097575, 0.00028370457585, 0.000146927763126],
        "median": [0.000340607424732, 0.000328994472511, 4.02515506721e-05, 3.50946575054e-05, 0.000522746006027, 0.00104395346716, 0.000398201373173, 0.000126721686684, 4.19592179242e-05, 0.000118723874039, 6.10434799455e-05, 8.73349708854e-05, 8.09626362752e-05, 9.9020122434e-05, 2.37780041061e-05, 2.15741729335e-05, 3.97494404751e-05, 0.000168670099811, 0.00017165436293, 5.64703696e-05, 2.86479662464e-05, 1.76164794539e-05, 3.69936992684e-06, 4.13527868659e-06, 7.52493997425e-06, 5.18000251759e-06, 2.40320969169e-06],
        "min": [9.37059606884e-14, 2.12388734258e-14, 9.69798090981e-16, 1.26547929342e-15, 3.56511212357e-15, 2.66215657883e-15, 1.02375019337e-14, 1.04662626629e-14, 9.26334458765e-15, 8.5122643797e-15, 3.92447440647e-14, 3.09323116979e-14, 7.72715835003e-14, 4.11633075716e-14, 2.41506559082e-14, 5.80207743287e-14, 1.18263146671e-13, 7.43508648204e-14, 6.6967481907e-14, 9.87687579293e-14, 1.41381061047e-13, 2.12158293863e-13, 1.15944607431e-13, 2.69361057981e-13, 2.6769854237e-13, 3.7183751629e-13, 5.92784773091e-13],
        "var": [1.9412796064e-06, 0.00131395610515, 0.000271874130704, 1.88969952433e-05, 7.57224261179e-05, 6.96596907801e-06, 1.08523136078e-06, 2.02879596145e-06, 1.39992963e-07, 2.50989455708e-06, 1.82254296988e-07, 2.89029662781e-06, 2.28219050769e-07, 5.75329409003e-07, 6.36702068846e-08, 8.99595491433e-08, 5.70143399159e-08, 4.18759668719e-07, 7.37237996873e-07, 1.58896938274e-07, 1.63095990047e-07, 1.21740853842e-07, 1.22606166997e-07, 1.65672389585e-07, 2.61201762441e-07, 6.72164901516e-07, 5.68066525375e-07]
    },
    "erbbands": {
        "dmean": [0.403719365597, 2.82858538628, 7.27584838867, 5.81037759781, 7.58633947372, 12.8849143982, 6.67633771896, 8.74205970764, 8.68900585175, 7.65988254547, 5.95987558365, 3.27358341217, 6.38256883621, 11.1006727219, 8.50518131256, 17.2616939545, 10.8927059174, 14.099694252, 7.0026049614, 4.43588447571, 7.39877176285, 6.42250490189, 8.32621097565, 26.4214191437, 13.8070583344, 8.45253562927, 8.74670600891, 6.41122961044, 5.80200242996, 4.00771808624, 3.41111016273, 3.53969931602, 2.25675344467, 1.74293315411, 2.14812350273, 2.34492397308, 0.627344667912, 0.183511972427, 0.0345891676843, 0.00148097926285],
        "dmean2": [0.576619505882, 4.6328792572, 12.7936086655, 10.5355224609, 13.5819835663, 22.2668609619, 10.5223226547, 13.6084480286, 13.6620178223, 12.3717107773, 10.1287984848, 5.43845462799, 9.67653942108, 17.9191093445, 14.574678421, 26.8490657806, 18.6306705475, 23.2987823486, 12.0979890823, 7.68627214432, 12.9324054718, 11.0503044128, 13.1035327911, 40.7338447571, 24.253080368, 15.2071847916, 15.8852500916, 11.2254943848, 9.77828121185, 6.70060873032, 5.70870447159, 6.32850074768, 3.73301625252, 3.03162384033, 3.81397557259, 4.20961332321, 1.15506756306, 0.29742962122, 0.0630277395248, 0.00272667128593],
        "dvar": [0.796210229397, 53.2342414856, 575.07421875, 360.255249023, 467.469360352, 2003.02954102, 175.201721191, 275.026031494, 304.232269287, 416.269989014, 378.863677979, 66.9991912842, 183.484161377, 958.829467773, 341.016540527, 1646.1842041, 490.808654785, 1409.13256836, 372.125427246, 121.353431702, 338.283966064, 209.293670654, 192.39112854, 2892.08251953, 971.490661621, 433.886077881, 499.610107422, 196.163955688, 221.998748779, 79.3905105591, 60.8601722717, 88.9272155762, 27.8434352875, 14.3186073303, 27.3850822449, 39.9333992004, 2.24071478844, 0.940027952194, 0.0130187785253, 1.82113144547e-05],
        "dvar2": [1.77762651443, 128.328048706, 1575.47875977, 1022.84875488, 1293.2253418, 5370.42431641, 428.641113281, 695.66003418, 797.790161133, 1078.63232422, 1047.53259277, 178.213104248, 468.552185059, 2423.62011719, 957.438476562, 4030.22412109, 1384.71630859, 3542.00830078, 1013.54101562, 334.342254639, 935.128173828, 567.55871582, 478.041870117, 6490.95117188, 2727.97094727, 1235.49389648, 1427.36694336, 534.646911621, 608.637145996, 201.235412598, 141.098953247, 244.095809937, 72.0094909668, 37.5468978882, 74.5767059326, 108.477836609, 6.23467540741, 2.20904040337, 0.0363545827568, 5.15613719472e-05],
        "max": [9.02663230896, 65.4684677124, 263.173553467, 203.553726196, 220.248123169, 555.985778809, 232.548339844, 196.178100586, 220.740921021, 252.471359253, 251.022247314, 89.4458465576, 290.688171387, 632.018432617, 235.875411987, 1411.17834473, 309.570129395, 731.079040527, 249.132476807, 168.330322266, 178.720672607, 188.866394043, 243.13470459, 1002.63867188, 327.069335938, 223.384475708, 250.104614258, 238.340316772, 201.244689941, 76.2437057495, 100.849372864, 108.113639832, 61.4517745972, 35.9770050049, 52.9741210938, 79.6693115234, 12.1373949051, 17.9885864258, 1.52269077301, 0.0526871718466],
        "mean": [0.498219043016, 3.39574337006, 6.12675094604, 5.13991355896, 6.6057267189, 11.2557897568, 10.3898983002, 16.4038848877, 16.7313404083, 12.1242895126, 8.8570318222, 4.40460968018, 13.0427742004, 19.4701213837, 12.5956001282, 34.3455162048, 14.6222505569, 19.1126041412, 7.94928359985, 5.03059911728, 7.26471948624, 7.74807929993, 15.9437465668, 43.0940971375, 16.906873703, 8.66116523743, 8.07044506073, 7.3559346199, 6.39590978622, 4.59517431259, 4.19233322144, 3.71517038345, 2.41821956635, 1.84358048439, 1.74826872349, 1.64157092571, 0.423609286547, 0.163538262248, 0.0231794305146, 0.00101071002427],
        "median": [0.0148321641609, 0.0506758876145, 0.0557388588786, 0.11481012404, 0.319822818041, 1.63608026505, 3.87016010284, 8.63755893707, 8.51104164124, 4.82536411285, 1.70219635963, 1.26862645149, 3.60651016235, 2.76031112671, 4.58304309845, 5.58921051025, 5.88181591034, 6.08495187759, 2.71346950531, 1.34591209888, 1.75746130943, 2.83116436005, 7.30544757843, 10.9822235107, 5.54059505463, 2.67435455322, 1.53566133976, 1.31603622437, 0.89018034935, 0.208464741707, 0.104704603553, 0.0767820626497, 0.0747174546123, 0.0626722425222, 0.0560059398413, 0.0299060605466, 0.0071377470158, 0.00106468866579, 0.000328417663695, 7.68818717916e-05],
        "min": [1.55111817488e-12, 2.12016190194e-12, 1.40665029538e-12, 2.47527540999e-12, 3.30208495096e-12, 1.33728887339e-11, 2.03088136586e-11, 2.83094433312e-11, 9.3033587778e-11, 2.59238214229e-10, 2.41466319162e-10, 1.90439566894e-10, 2.8834973298e-10, 5.95094806766e-10, 1.46229162112e-09, 1.74477843284e-09, 3.6738241338e-09, 2.4376680674e-09, 9.35196031726e-10, 2.01141991951e-09, 4.56861526388e-09, 6.25024787482e-09, 4.64948435308e-09, 3.80530362776e-09, 3.02377389794e-09, 4.05076905352e-09, 5.23427035048e-09, 6.76999212246e-09, 8.08387579099e-09, 4.84831019776e-09, 3.49725004511e-09, 5.87239368244e-09, 3.6957956695e-09, 2.5841166984e-09, 2.09337103207e-09, 1.30166777357e-09, 6.65615784712e-10, 3.08584019448e-10, 7.5857785331e-11, 9.32561406569e-12],
        "var": [1.09360527992, 73.4300231934, 425.635284424, 229.429992676, 316.721069336, 1449.95422363, 321.524414062, 479.187805176, 536.694824219, 499.853942871, 416.077087402, 72.2254943848, 615.239807129, 2989.07958984, 442.788696289, 7105.07714844, 582.62286377, 1728.04089355, 304.368255615, 110.956604004, 251.12310791, 192.848022461, 458.867401123, 6234.02880859, 870.259155273, 308.552978516, 367.44152832, 197.751174927, 210.196502686, 114.779960632, 101.087402344, 92.2037734985, 32.4524765015, 15.7499885559, 19.3740711212, 26.9601249695, 1.42046809196, 1.06594836712, 0.0085078207776, 1.11478411782e-05]
    },
    "gfcc": {
        "mean": [-78.2025222778, 77.2724914551, -100.371902466, 17.4593429565, -45.2406654358, -6.21136188507, -24.7486591339, 1.21406447887, -26.3003253937, 8.26357460022, 1.38081586361, 10.8342266083, -8.67239093781],
        "cov": [[22571.7519531, -3575.35717773, -28.6205997467, 970.573425293, 128.312164307, 338.650970459, -633.948913574, 241.006469727, -783.28704834, 368.596862793, -224.357620239, 204.765792847, -418.413574219], [-3575.35717773, 4367.16162109, -883.755310059, -10.5916919708, 528.105041504, -833.592285156, 830.456970215, -409.375335693, 322.279449463, -169.88067627, 380.728851318, -116.810546875, 136.635040283], [-28.6205997467, -883.755310059, 3416.2109375, 415.047058105, 562.877441406, 646.284240723, -415.571533203, 450.545898438, -81.6026229858, 72.3525772095, -504.22946167, -155.339813232, -88.862411499], [970.573425293, -10.5916919708, 415.047058105, 1702.93530273, 954.341308594, 299.301849365, 399.404693604, 50.4117088318, -87.6643676758, 40.5761489868, 89.2647094727, 33.4749488831, -10.4595031738], [128.312164307, 528.105041504, 562.877441406, 954.341308594, 1477.12670898, 353.977050781, 552.485534668, 130.946334839, -99.3325805664, 30.5805435181, 50.120765686, 24.7389640808, -77.041885376], [338.650970459, -833.592285156, 646.284240723, 299.301849365, 353.977050781, 798.160339355, 35.6214408875, 278.202850342, -48.216884613, 32.7005119324, -86.1775817871, 5.67513227463, -40.4363212585], [-633.948913574, 830.456970215, -415.571533203, 399.404693604, 552.485534668, 35.6214408875, 693.463195801, -8.726146698, 37.8260650635, 14.8581695557, 214.957550049, 71.5920715332, 28.1802845001], [241.006469727, -409.375335693, 450.545898438, 50.4117088318, 130.946334839, 278.202850342, -8.726146698, 371.515106201, 25.5587215424, 93.690612793, -61.0996322632, 34.0571937561, -1.04679727554], [-783.28704834, 322.279449463, -81.6026229858, -87.6643676758, -99.3325805664, -48.216884613, 37.8260650635, 25.5587215424, 281.113311768, 12.6621961594, 33.7730445862, -36.3609085083, 59.0958442688], [368.596862793, -169.88067627, 72.3525772095, 40.5761489868, 30.5805435181, 32.7005119324, 14.8581695557, 93.690612793, 12.6621961594, 164.178588867, 57.0338897705, 64.3669433594, -3.10588574409], [-224.357620239, 380.728851318, -504.22946167, 89.2647094727, 50.120765686, -86.1775817871, 214.957550049, -61.0996322632, 33.7730445862, 57.0338897705, 289.820587158, 108.760765076, 29.3189105988], [204.765792847, -116.810546875, -155.339813232, 33.4749488831, 24.7389640808, 5.67513227463, 71.5920715332, 34.0571937561, -36.3609085083, 64.3669433594, 108.760765076, 148.829483032, 34.3557319641], [-418.413574219, 136.635040283, -88.862411499, -10.4595031738, -77.041885376, -40.4363212585, 28.1802845001, -1.04679727554, 59.0958442688, -3.10588574409, 29.3189105988, 34.3557319641, 103.327522278]],
        "icov": [[6.15465178271e-05, 2.66253318841e-05, 3.52666065737e-05, -5.32261838089e-05, -1.55526677759e-07, 2.68335625151e-05, 4.81509669044e-05, -2.37448402913e-05, 8.48502168083e-05, -0.000114527058031, 7.43861455703e-05, -6.00342755206e-05, 0.000182855466846], [2.66253318841e-05, 0.000677646079566, -0.000102173100458, 0.000220989400987, -0.000371508533135, 0.000685903185513, -0.000539455097169, 9.52600676101e-05, -0.000226907432079, 0.000398058182327, -0.000844292284455, 0.00116808176972, -0.000721330288798], [3.52666065737e-05, -0.000102173100458, 0.000620231206995, -0.000141111886478, -0.000232398408116, -0.000259144173469, 0.00053786591161, -0.000318383041304, 9.02459505596e-05, -0.000504536437802, 0.000859675172251, 1.17019899335e-05, 5.78260805923e-05], [-5.32261838089e-05, 0.000220989400987, -0.000141111886478, 0.00112657190766, -0.000708759063855, 3.3465323213e-05, -0.000305966270389, 0.000310063478537, 9.51533365878e-05, 3.11964458888e-06, -0.000713832268957, 0.000829654920381, -0.00107148452662], [-1.55526677759e-07, -0.000371508533135, -0.000232398408116, -0.000708759063855, 0.0019995700568, -0.00051935215015, -0.00106247176882, -0.000179300215677, 0.000354481249815, -5.01446338603e-05, 0.000696827832144, -0.000928665569518, 0.00170143367723], [2.68335625151e-05, 0.000685903185513, -0.000259144173469, 3.3465323213e-05, -0.00051935215015, 0.00270356470719, -0.000563755689654, -0.00128191849217, -7.55411165301e-05, 0.00100357318297, -0.000833481259178, 0.000979007571004, -0.000221919632168], [4.81509669044e-05, -0.000539455097169, 0.00053786591161, -0.000305966270389, -0.00106247176882, -0.000563755689654, 0.00384688260965, -0.000389273220208, -0.000111818124424, -4.32343258581e-05, -0.000802030961495, -0.000806565687526, -0.000167573380168], [-2.37448402913e-05, 9.52600676101e-05, -0.000318383041304, 0.000310063478537, -0.000179300215677, -0.00128191849217, -0.000389273220208, 0.00516246911138, -0.00104744569398, -0.00225148512982, 0.00136207102332, -0.00141206150874, -0.000327030051267], [8.48502168083e-05, -0.000226907432079, 9.02459505596e-05, 9.51533365878e-05, 0.000354481249815, -7.55411165301e-05, -0.000111818124424, -0.00104744569398, 0.00565992109478, -0.001437539584, -0.00112829601858, 0.00357461394742, -0.00316314655356], [-0.000114527058031, 0.000398058182327, -0.000504536437802, 3.11964458888e-06, -5.01446338603e-05, 0.00100357318297, -4.32343258581e-05, -0.00225148512982, -0.001437539584, 0.0102336835116, -0.00258073699661, -0.00284119206481, 0.00172734132502], [7.43861455703e-05, -0.000844292284455, 0.000859675172251, -0.000713832268957, 0.000696827832144, -0.000833481259178, -0.000802030961495, 0.00136207102332, -0.00112829601858, -0.00258073699661, 0.00968320388347, -0.00653043715283, 0.00250213034451], [-6.00342755206e-05, 0.00116808176972, 1.17019899335e-05, 0.000829654920381, -0.000928665569518, 0.000979007571004, -0.000806565687526, -0.00141206150874, 0.00357461394742, -0.00284119206481, -0.00653043715283, 0.0170327089727, -0.00773738743737], [0.000182855466846, -0.000721330288798, 5.78260805923e-05, -0.00107148452662, 0.00170143367723, -0.000221919632168, -0.000167573380168, -0.000327030051267, -0.00316314655356, 0.00172734132502, 0.00250213034451, -0.00773738743737, 0.0162613522261]]
    },
    "melbands": {
        "dmean": [0.0033412987832, 0.00373952160589, 0.00104005821049, 0.000812640995719, 0.000278210180113, 0.000199228394195, 0.000119949283544, 9.33198753046e-05, 4.23916389991e-05, 2.04791504075e-05, 3.34560754709e-05, 4.82856994495e-05, 2.46734598477e-05, 4.27933882747e-05, 3.04641798721e-05, 2.03330982913e-05, 3.01424424833e-05, 1.20285794765e-05, 5.79347306484e-06, 8.46733837534e-06, 8.89061266207e-06, 6.94665413903e-06, 6.9865450314e-06, 1.02420481198e-05, 2.41291545535e-05, 1.03761958599e-05, 7.56522922529e-06, 5.65326490687e-06, 5.67724191569e-06, 4.48224864158e-06, 3.62183163816e-06, 3.04746413349e-06, 3.00943747789e-06, 2.11664041672e-06, 2.01876559913e-06, 1.67162443176e-06, 2.53060011346e-06, 1.69303973507e-06, 1.37626864216e-06, 1.50386904352e-06],
        "dmean2": [0.00499085476622, 0.00640915008262, 0.0018791827606, 0.00142960599624, 0.000444192904979, 0.000307821232127, 0.000188318008441, 0.000152042397531, 7.2045266279e-05, 3.39450489264e-05, 5.10487589054e-05, 7.80332484283e-05, 4.35377369286e-05, 6.71354719088e-05, 4.9872603995e-05, 3.52702336386e-05, 4.96857246617e-05, 2.09123718378e-05, 9.85834503808e-06, 1.52046404764e-05, 1.5511737729e-05, 1.19410733532e-05, 1.17221406981e-05, 1.55272573465e-05, 3.71921596525e-05, 1.81454415724e-05, 1.34703905132e-05, 1.02372123365e-05, 1.02730364233e-05, 8.09123594081e-06, 6.31150214758e-06, 5.12244423589e-06, 5.3179983297e-06, 3.42631506101e-06, 3.41028930961e-06, 2.60400429397e-06, 4.65036782771e-06, 2.93370339932e-06, 2.20422543862e-06, 2.66223719336e-06],
        "dvar": [6.1041857407e-05, 0.000123119491036, 1.02783315015e-05, 7.45574152461e-06, 3.89284281255e-07, 1.37038767889e-07, 5.66998643592e-08, 7.05459015649e-08, 1.82701072049e-08, 2.35547958916e-09, 4.94164087428e-09, 1.93547133875e-08, 3.82817955114e-09, 9.04307029259e-09, 4.37111946638e-09, 1.73240077839e-09, 6.62518617744e-09, 9.97327664898e-10, 2.61361987608e-10, 4.83033391063e-10, 4.76340855649e-10, 2.55973270358e-10, 1.87059728818e-10, 3.13468473401e-10, 2.50455722828e-09, 5.34990995948e-10, 3.94449639618e-10, 1.83000337106e-10, 2.04485497979e-10, 1.05342533308e-10, 7.3170226822e-11, 5.79284467617e-11, 5.8390819957e-11, 2.10519050109e-11, 2.10612673135e-11, 1.44393559609e-11, 5.48456800809e-11, 1.91157315671e-11, 7.9573648018e-12, 1.16080582646e-11],
        "dvar2": [0.000132852524985, 0.00033208593959, 2.89623785648e-05, 2.01103011932e-05, 9.6770008895e-07, 3.45535056567e-07, 1.47595415001e-07, 1.84970630812e-07, 5.06187518567e-08, 6.20617912617e-09, 1.27373800396e-08, 4.90342024762e-08, 1.0886207491e-08, 2.20758114011e-08, 1.17704876956e-08, 4.96099072933e-09, 1.65722955359e-08, 2.71449995815e-09, 7.18014592227e-10, 1.37162947667e-09, 1.3082473993e-09, 6.99727109588e-10, 4.95542329393e-10, 7.11034620071e-10, 5.6517448499e-09, 1.47867051936e-09, 1.12610787362e-09, 5.22871634878e-10, 5.88875115337e-10, 2.95086871605e-10, 2.0107707166e-10, 1.54899940097e-10, 1.59794510957e-10, 5.18845140463e-11, 5.05769731651e-11, 3.04046648969e-11, 1.579326947e-10, 5.21862900116e-11, 1.87293635462e-11, 3.14707357396e-11],
        "max": [0.0851795300841, 0.12036113441, 0.0335436351597, 0.0334062241018, 0.0106738489121, 0.00457098707557, 0.00295640691184, 0.00329920160584, 0.00168477499392, 0.00051610294031, 0.00145721342415, 0.00283557013609, 0.000887963979039, 0.00343317096122, 0.00138413032982, 0.0005619446747, 0.00157828035299, 0.000382383004762, 0.000405536440667, 0.000258627609583, 0.00027609107201, 0.000184943928616, 0.000204093492357, 0.00029392488068, 0.000939847028349, 0.000214848143514, 0.000232563266763, 0.000154036810272, 0.000164712851983, 0.000104178383481, 0.000199556467123, 0.000113034693641, 7.33155757189e-05, 4.01452343795e-05, 5.98219885433e-05, 4.33275708929e-05, 8.37274565129e-05, 5.66456910747e-05, 3.87317995774e-05, 3.34961769113e-05],
        "mean": [0.0044750762172, 0.00371850840747, 0.000927820336074, 0.000678284151945, 0.000390089902794, 0.000388593238313, 0.000232843507547, 0.000139683383168, 6.22658117209e-05, 2.70135842584e-05, 6.68223001412e-05, 8.26153627713e-05, 2.93962730211e-05, 8.46645853017e-05, 5.08897792315e-05, 2.4265027605e-05, 3.96740069846e-05, 1.31551923914e-05, 6.55418534734e-06, 7.92834634922e-06, 8.7877488113e-06, 7.7453760241e-06, 1.01985915535e-05, 1.96596884052e-05, 3.80662240786e-05, 1.20002314361e-05, 7.83795076131e-06, 5.52040182811e-06, 5.12600354341e-06, 4.54475457445e-06, 4.08203095503e-06, 3.55571046384e-06, 2.99253883895e-06, 2.50663924817e-06, 2.37557719629e-06, 2.24702466767e-06, 2.33155446949e-06, 1.7110492081e-06, 1.5716600501e-06, 1.51247661506e-06],
        "median": [0.000123825331684, 4.75892193208e-05, 2.30708610616e-05, 6.98882722645e-05, 0.000136003276566, 0.000205199117772, 0.000119611693663, 4.62233147118e-05, 1.0699665836e-05, 7.12957853466e-06, 1.76699322765e-05, 8.58433668327e-06, 8.28960219224e-06, 1.5141627955e-05, 1.63309814525e-05, 7.5950538303e-06, 1.11795861812e-05, 3.95539791498e-06, 1.58715738507e-06, 1.65253300111e-06, 1.80872052624e-06, 2.08318897421e-06, 4.23750316259e-06, 7.44842964195e-06, 8.31874604046e-06, 2.32489469454e-06, 2.05986953006e-06, 1.18910861602e-06, 8.28383235785e-07, 4.45368726787e-07, 6.57963596495e-07, 4.72542012631e-07, 1.26574533965e-07, 6.78276492749e-08, 5.75310892259e-08, 4.94678502605e-08, 4.35010392152e-08, 4.75787302889e-08, 5.3002985112e-08, 4.73485748387e-08],
        "min": [1.44894743447e-14, 1.29758364206e-15, 4.87665349217e-16, 4.88361451481e-16, 7.88605143948e-16, 6.73351435458e-16, 1.51419241305e-15, 2.63294707116e-15, 2.18439209185e-15, 1.05978104795e-15, 1.39738476968e-15, 2.06190816306e-15, 5.39884231613e-15, 2.40510219637e-15, 9.57646641023e-15, 5.92471255704e-15, 4.39568764417e-15, 1.29311808437e-15, 1.97003833433e-15, 2.91659955871e-15, 6.53967329982e-15, 6.75483999722e-15, 5.83336894752e-15, 2.46750883106e-15, 3.3653082745e-15, 1.73300918717e-15, 2.53365935139e-15, 2.946795648e-15, 3.17261590229e-15, 4.08649478392e-15, 3.52310458334e-15, 5.66460525608e-15, 2.63553475681e-15, 2.49112453315e-15, 2.10975557194e-15, 1.60033725197e-15, 4.78495010541e-15, 2.19768945033e-15, 3.03018773573e-15, 1.81714465218e-15],
        "var": [9.38996527111e-05, 0.000114215450594, 6.70053441354e-06, 5.12698443345e-06, 5.65637378713e-07, 2.59650477119e-07, 1.02490155029e-07, 7.91443852677e-08, 2.13461586185e-08, 2.72560907177e-09, 1.59911266451e-08, 5.96050071522e-08, 3.68156016783e-09, 4.13324805493e-08, 9.05984709476e-09, 1.85376836104e-09, 8.23651191695e-09, 8.36406666149e-10, 2.28015606396e-10, 3.53994250579e-10, 3.71541325483e-10, 2.25298626977e-10, 2.53778054127e-10, 8.92292906229e-10, 5.2558646324e-09, 5.36573230292e-10, 2.67891209216e-10, 1.34534550167e-10, 1.52838547374e-10, 8.98892349444e-11, 6.74395886358e-11, 5.9905268246e-11, 5.46116485367e-11, 3.52505663548e-11, 3.31185669167e-11, 2.76420865364e-11, 4.51716511418e-11, 1.87307391819e-11, 1.15351183466e-11, 1.13838244387e-11]
    },
    "mfcc": {
        "mean": [-729.505554199, 119.956336975, 3.33629274368, 27.9886646271, -0.573088228703, 0.208727255464, 8.37066555023, -1.79822480679, -11.3885116577, -8.72609710693, 9.00231266022, 5.27966594696, 1.48445081711],
        "cov": [[18220.4121094, -1375.75378418, -1679.23071289, 619.755126953, -135.638397217, 112.951927185, 61.3291091919, -305.874664307, -477.534118652, -236.097045898, -112.08177948, -305.759735107, -213.07623291], [-1375.75378418, 3074.65332031, -526.331420898, 380.216278076, -243.68371582, -144.680328369, 103.020889282, -73.1182632446, -27.2039451599, -118.585472107, 197.702392578, 15.4869308472, -39.8931884766], [-1679.23071289, -526.331420898, 2281.26855469, -201.09992981, 593.348693848, 7.77154445648, -227.230529785, 43.7404022217, 267.14743042, 254.640869141, -224.603668213, -34.9436798096, -15.9921293259], [619.755126953, 380.216278076, -201.09992981, 1391.49731445, 469.686645508, 476.392272949, 533.899597168, 149.280853271, 17.7771492004, -22.2954082489, 142.523651123, -108.316230774, -29.4392776489], [-135.638397217, -243.68371582, 593.348693848, 469.686645508, 895.806213379, 416.373901367, 322.734893799, 237.937210083, 198.981033325, 142.562164307, -7.82651853561, -5.04091739655, -4.55682039261], [112.951927185, -144.680328369, 7.77154445648, 476.392272949, 416.373901367, 504.550201416, 409.549621582, 206.7059021, 89.2442626953, 39.3846206665, 58.438949585, -3.25984168053, 26.1168289185], [61.3291091919, 103.020889282, -227.230529785, 533.899597168, 322.734893799, 409.549621582, 645.561157227, 277.690948486, 55.0967178345, 4.86881351471, 151.030807495, -11.9617843628, 40.5410308838], [-305.874664307, -73.1182632446, 43.7404022217, 149.280853271, 237.937210083, 206.7059021, 277.690948486, 267.334442139, 133.272079468, 74.5074386597, 54.6731643677, 11.119679451, 34.5927505493], [-477.534118652, -27.2039451599, 267.14743042, 17.7771492004, 198.981033325, 89.2442626953, 55.0967178345, 133.272079468, 245.31803894, 137.054275513, 2.48353123665, 2.25714492798, 5.23233890533], [-236.097045898, -118.585472107, 254.640869141, -22.2954082489, 142.562164307, 39.3846206665, 4.86881351471, 74.5074386597, 137.054275513, 185.749343872, 18.4518852234, -16.4338912964, 0.819773495197], [-112.08177948, 197.702392578, -224.603668213, 142.523651123, -7.82651853561, 58.438949585, 151.030807495, 54.6731643677, 2.48353123665, 18.4518852234, 175.28994751, 60.3693771362, 27.4993457794], [-305.759735107, 15.4869308472, -34.9436798096, -108.316230774, -5.04091739655, -3.25984168053, -11.9617843628, 11.119679451, 2.25714492798, -16.4338912964, 60.3693771362, 162.94770813, 68.5596313477], [-213.07623291, -39.8931884766, -15.9921293259, -29.4392776489, -4.55682039261, 26.1168289185, 40.5410308838, 34.5927505493, 5.23233890533, 0.819773495197, 27.4993457794, 68.5596313477, 119.411888123]],
