{
"lowlevel": {
    "average_loudness": 0.947323977947,
    "barkbands_crest": {
        "dmean": 2.29051351547,
        "dmean2": 3.70619344711,
        "dvar": 5.75406980515,
        "dvar2": 14.9627866745,
        "max": 26.0783615112,
        "mean": 9.51830291748,
        "median": 8.96854400635,
        "min": 2.18066096306,
        "var": 13.418129921
    },
    "barkbands_flatness_db": {
        "dmean": 0.0190834086388,
        "dmean2": 0.0282614734024,
        "dvar": 0.000434235756984,
        "dvar2": 0.000930415117182,
        "max": 0.510648429394,
        "mean": 0.148143097758,
        "median": 0.127208381891,
        "min": 0.0168133992702,
        "var": 0.00514458771795
    },
    "barkbands_kurtosis": {
        "dmean": 2.3541302681,
        "dmean2": 3.74360823631,
        "dvar": 32.0713157654,
        "dvar2": 82.5251846313,
        "max": 184.823791504,
        "mean": 2.81149792671,
        "median": 0.569163680077,
        "min": -1.92662572861,
        "var": 74.0444030762
    },
    "barkbands_skewness": {
        "dmean": 0.523457467556,
        "dmean2": 0.796098172665,
        "dvar": 0.403520286083,
        "dvar2": 0.932293772697,
        "max": 11.4397201538,
        "mean": 1.2910784483,
        "median": 1.18853604794,
        "min": -6.64028120041,
        "var": 1.37013173103
    },
    "barkbands_spread": {
        "dmean": 6.3766541481,
        "dmean2": 9.63331317902,
        "dvar": 60.0570106506,
        "dvar2": 128.511154175,
        "max": 114.82976532,
        "mean": 27.3034667969,
        "median": 26.4668464661,
        "min": 0.191955924034,
        "var": 206.567657471
    },
    "dissonance": {
        "dmean": 0.012871587649,
        "dmean2": 0.0209196321666,
        "dvar": 0.00024668435799,
        "dvar2": 0.000615079305135,
        "max": 0.5,
        "mean": 0.468789964914,
        "median": 0.479096412659,
        "min": 0.145735889673,
        "var": 0.0014132905053
    },
    "dynamic_complexity": 2.67199921608,
    "erbbands_crest": {
        "dmean": 2.619597435,
        "dmean2": 4.14607715607,
        "dvar": 7.940117836,
        "dvar2": 18.7088165283,
        "max": 32.8645439148,
        "mean": 9.14772224426,
        "median": 7.49578762054,
        "min": 2.28974151611,
        "var": 27.1834011078
    },
    "erbbands_flatness_db": {
        "dmean": 0.0175579730421,
        "dmean2": 0.025134826079,
        "dvar": 0.00037208685535,
        "dvar2": 0.000724138575606,
        "max": 0.448507517576,
        "mean": 0.17274171114,
        "median": 0.156164973974,
        "min": 0.0480345003307,
        "var": 0.00358925084583
    },
    "erbbands_kurtosis": {
        "dmean": 1.09778261185,
        "dmean2": 1.67383849621,
        "dvar": 4.47609615326,
        "dvar2": 9.51508712769,
        "max": 82.2356643677,
        "mean": 0.696793854237,
        "median": -0.505874276161,
        "min": -1.8409153223,
        "var": 28.2606773376
    },
    "erbbands_skewness": {
        "dmean": 0.402862071991,
        "dmean2": 0.589656412601,
        "dvar": 0.175769716501,
        "dvar2": 0.372237086296,
        "max": 6.98088026047,
        "mean": -0.238471582532,
        "median": -0.391003221273,
        "min": -5.14716529846,
        "var": 1.08943510056
    },
    "erbbands_spread": {
        "dmean": 8.40839290619,
        "dmean2": 12.9667625427,
        "dvar": 91.4961166382,
        "dvar2": 219.523391724,
        "max": 165.884384155,
        "mean": 41.0654296875,
        "median": 40.7178115845,
        "min": 0.969834804535,
        "var": 271.48840332
    },
    "hfc": {
        "dmean": 7.68011617661,
        "dmean2": 10.7256631851,
        "dvar": 197.84564209,
        "dvar2": 358.907623291,
        "max": 372.284729004,
        "mean": 23.8348865509,
        "median": 19.1733131409,
        "min": 1.13450957681e-16,
        "var": 587.662902832
    },
    "melbands_crest": {
        "dmean": 2.91203427315,
        "dmean2": 4.6504817009,
        "dvar": 8.95290470123,
        "dvar2": 22.4368743896,
        "max": 33.6901168823,
        "mean": 14.3315839767,
        "median": 13.4012012482,
        "min": 2.50041103363,
        "var": 29.6681861877
    },
    "melbands_flatness_db": {
        "dmean": 0.0242968257517,
        "dmean2": 0.0355959273875,
        "dvar": 0.000747928395867,
        "dvar2": 0.0015623907093,
        "max": 0.631673514843,
        "mean": 0.209945395589,
        "median": 0.195231944323,
        "min": 0.00694267591462,
        "var": 0.00752007216215
    },
    "melbands_kurtosis": {
        "dmean": 6.55804157257,
        "dmean2": 10.4980630875,
        "dvar": 180.566055298,
        "dvar2": 449.495361328,
        "max": 550.665161133,
        "mean": 12.2362947464,
        "median": 6.87257575989,
        "min": -1.83311450481,
        "var": 433.360046387
    },
    "melbands_skewness": {
        "dmean": 0.73864197731,
        "dmean2": 1.14009130001,
        "dvar": 0.864008486271,
        "dvar2": 2.08985185623,
        "max": 17.7906246185,
        "mean": 2.68127799034,
        "median": 2.48818302155,
        "min": -3.44400453568,
        "var": 2.67743372917
    },
    "melbands_spread": {
        "dmean": 9.15425777435,
        "dmean2": 13.9902982712,
        "dvar": 179.565826416,
        "dvar2": 392.496459961,
        "max": 228.333877563,
        "mean": 29.2668628693,
        "median": 24.4615688324,
        "min": 0.393115341663,
        "var": 555.335449219
    },
    "pitch_salience": {
        "dmean": 0.0654895678163,
        "dmean2": 0.103008963168,
        "dvar": 0.00423219567165,
        "dvar2": 0.0103633711115,
        "max": 0.878465056419,
        "mean": 0.540708363056,
        "median": 0.545460939407,
        "min": 0.0790684372187,
        "var": 0.0150115191936
    },
    "silence_rate_20dB": {
        "dmean": 0,
        "dmean2": 0,
        "dvar": 0,
        "dvar2": 0,
        "max": 1,
        "mean": 1,
        "median": 1,
        "min": 1,
        "var": 0
    },
    "silence_rate_30dB": {
        "dmean": 0,
        "dmean2": 0,
        "dvar": 0,
        "dvar2": 0,
        "max": 1,
        "mean": 1,
        "median": 1,
        "min": 1,
        "var": 0
    },
    "silence_rate_60dB": {
        "dmean": 0.0193379446864,
        "dmean2": 0.0386784859002,
        "dvar": 0.0189681053162,
        "dvar2": 0.041352968663,
        "max": 1,
        "mean": 0.0588156320155,
        "median": 0,
        "min": 0,
        "var": 0.0553504154086
    },
    "spectral_centroid": {
        "dmean": 278.928314209,
        "dmean2": 417.044647217,
        "dvar": 98172.71875,
        "dvar2": 198352.859375,
        "max": 11182.2128906,
        "mean": 1688.08618164,
        "median": 1672.18566895,
        "min": 170.733505249,
        "var": 487541.0625
    },
    "spectral_complexity": {
        "dmean": 4.22426652908,
        "dmean2": 6.06244945526,
        "dvar": 21.2243022919,
        "dvar2": 35.9649543762,
        "max": 63,
        "mean": 23.6204509735,
        "median": 24,
        "min": 0,
        "var": 154.038330078
    },
    "spectral_decrease": {
        "dmean": 2.11897122071e-09,
        "dmean2": 3.3318967585e-09,
        "dvar": 9.40297230447e-18,
        "dvar2": 2.3647518761e-17,
        "max": -3.42282829915e-29,
        "mean": -6.7234542378e-09,
        "median": -6.3522396232e-09,
        "min": -3.06092680091e-08,
        "var": 1.85041626517e-17
    },
    "spectral_energy": {
        "dmean": 0.00841573718935,
        "dmean2": 0.0131163503975,
        "dvar": 0.000141286538565,
        "dvar2": 0.000352489034412,
        "max": 0.11721458286,
        "mean": 0.0275377351791,
        "median": 0.0262665562332,
        "min": 1.04195159625e-20,
        "var": 0.000295993580949
    },
    "spectral_energyband_high": {
        "dmean": 0.000581506174058,
        "dmean2": 0.000795981322881,
        "dvar": 2.54491396845e-06,
        "dvar2": 4.45626710643e-06,
        "max": 0.0397792905569,
        "mean": 0.00107957446016,
        "median": 0.000369664950995,
        "min": 7.40177448763e-21,
        "var": 6.45903674013e-06
    },
    "spectral_energyband_low": {
        "dmean": 0.00430820323527,
        "dmean2": 0.00722340820357,
        "dvar": 8.61007574713e-05,
        "dvar2": 0.000234253777307,
        "max": 0.105924725533,
        "mean": 0.0103646134958,
        "median": 0.00794897042215,
        "min": 4.42375556718e-23,
        "var": 0.000116845665616
    },
    "spectral_energyband_middle_high": {
        "dmean": 0.00199777632952,
        "dmean2": 0.00289945583791,
        "dvar": 1.1157912013e-05,
        "dvar2": 2.41294528678e-05,
        "max": 0.0703755766153,
        "mean": 0.00566215999424,
        "median": 0.00455714389682,
        "min": 1.70388745259e-21,
        "var": 2.84487632598e-05
    },
    "spectral_energyband_middle_low": {
        "dmean": 0.00513081951067,
        "dmean2": 0.00804283469915,
        "dvar": 6.32708106423e-05,
        "dvar2": 0.00015465755132,
        "max": 0.103910006583,
        "mean": 0.0115213766694,
        "median": 0.0088654011488,
        "min": 2.73454177308e-22,
        "var": 0.000107308034785
    },
    "spectral_entropy": {
        "dmean": 0.148606449366,
        "dmean2": 0.206474766135,
        "dvar": 0.031852658838,
        "dvar2": 0.0575788393617,
        "max": 9.79325294495,
        "mean": 7.48246335983,
        "median": 7.59083127975,
        "min": 4.15217256546,
        "var": 0.35373789072
    },
    "spectral_flux": {
        "dmean": 0.0256049521267,
        "dmean2": 0.038495529443,
        "dvar": 0.000900063838344,
        "dvar2": 0.0018020455027,
        "max": 0.3509734869,
        "mean": 0.0814697369933,
        "median": 0.0712579339743,
        "min": 1.02076028186e-10,
        "var": 0.00248126359656
    },
    "spectral_kurtosis": {
        "dmean": 2.31372642517,
        "dmean2": 3.88421988487,
        "dvar": 16.8551559448,
        "dvar2": 46.4040145874,
        "max": 126.959320068,
        "mean": 6.13389968872,
        "median": 4.64568901062,
        "min": -1.1997396946,
        "var": 88.2763595581
    },
    "spectral_rms": {
        "dmean": 0.000749625905883,
        "dmean2": 0.00112248631194,
        "dvar": 8.9105844836e-07,
        "dvar2": 2.07079096981e-06,
        "max": 0.0106937214732,
        "mean": 0.00486424379051,
        "median": 0.00506220385432,
        "min": 3.188319617e-12,
        "var": 3.20521257891e-06
    },
    "spectral_rolloff": {
        "dmean": 623.724060059,
        "dmean2": 1011.43359375,
        "dvar": 991694.8125,
        "dvar2": 1968936,
        "max": 18970.7519531,
        "mean": 1938.46972656,
        "median": 1808.7890625,
        "min": 86.1328125,
        "var": 3523216
    },
    "spectral_skewness": {
        "dmean": 0.272859632969,
        "dmean2": 0.438611358404,
        "dvar": 0.112340159714,
        "dvar2": 0.293770134449,
        "max": 9.08987522125,
        "mean": 1.37470018864,
        "median": 1.25740003586,
        "min": -0.212311610579,
        "var": 0.717412352562
    },
    "spectral_spread": {
        "dmean": 441492.90625,
        "dmean2": 633721.3125,
        "dvar": 485815582720,
        "dvar2": 748475777024,
        "max": 40037888,
        "mean": 3700227.25,
        "median": 3497523,
        "min": 700417.9375,
        "var": 2.08295742669e+12
    },
    "spectral_strongpeak": {
        "dmean": 0.469126462936,
        "dmean2": 0.784597098827,
        "dvar": 0.768374323845,
        "dvar2": 1.89861154556,
        "max": 11.9921875,
        "mean": 0.828548908234,
        "median": 0.462684333324,
        "min": 0,
        "var": 1.06859409809
    },
    "zerocrossingrate": {
        "dmean": 0.0112867951393,
        "dmean2": 0.0126639343798,
        "dvar": 0.000249728967901,
        "dvar2": 0.000254680111539,
        "max": 0.48779296875,
        "mean": 0.066071793437,
        "median": 0.05712890625,
        "min": 0.005859375,
        "var": 0.00218449463136
    },
    "barkbands": {
        "dmean": [4.26108490501e-05, 0.00269176671281, 0.00175343977753, 0.00139088672586, 0.00211663218215, 0.000973463989794, 0.000892496085726, 0.0010778993601, 0.000853140663821, 0.000596966245212, 0.000332401366904, 0.000182610936463, 0.000258363259491, 0.000277074606856, 0.00038163177669, 0.000423712393967, 0.000440744217485, 0.000281035958324, 0.000287011702312, 0.000252534257015, 0.000126339131384, 0.000129971012939, 0.000127791325212, 8.60718428157e-05, 4.65468474431e-05, 2.54835595115e-05, 8.23236223368e-06],
        "dmean2": [7.31728650862e-05, 0.00460968771949, 0.00291603594087, 0.00241241161712, 0.00338608166203, 0.00152504153084, 0.00138439086732, 0.00173046067357, 0.00130412552971, 0.000926270615309, 0.00051973835798, 0.000294489902444, 0.000415251997765, 0.000443507655291, 0.000596047728322, 0.000676500261761, 0.000695186841767, 0.000446530000772, 0.000450920895673, 0.0003841247526, 0.000185402997886, 0.000189174505067, 0.000178238115041, 0.000123939986224, 6.87325227773e-05, 3.60341618943e-05, 1.16830960906e-05],
        "dvar": [1.6371313194e-08, 4.20241703978e-05, 1.26296490635e-05, 8.97293739399e-06, 1.90398513951e-05, 3.68169207832e-06, 6.68143866278e-06, 1.45830699694e-05, 7.65635741118e-06, 7.70742553868e-06, 1.38230677749e-06, 3.86473431035e-07, 6.44993804144e-07, 7.01308238149e-07, 6.06555317972e-07, 5.75452759222e-07, 4.55283696965e-07, 1.7411453257e-07, 4.02594224624e-07, 4.70442955702e-07, 7.91625680563e-08, 1.46318072325e-07, 2.90750364229e-07, 2.29302017374e-07, 6.46578115493e-08, 3.88656147265e-08, 1.91940663363e-09],
        "dvar2": [4.35703455537e-08, 0.000116216440802, 3.43578685715e-05, 2.45341307163e-05, 4.70840568596e-05, 8.73304816196e-06, 1.50512123582e-05, 3.71243586414e-05, 1.76876583282e-05, 1.82413732546e-05, 3.1951199162e-06, 1.00153249605e-06, 1.58481850576e-06, 1.75448258233e-06, 1.4335925016e-06, 1.4299976101e-06, 1.06551169665e-06, 4.1677017748e-07, 9.67588789536e-07, 1.13363796572e-06, 1.60886258982e-07, 2.80064881508e-07, 5.21959350408e-07, 4.38496044808e-07, 1.33568036631e-07, 7.08232121838e-08, 3.52623619193e-09],
        "max": [0.00219797040336, 0.0925107300282, 0.0474124439061, 0.0435255169868, 0.0952538102865, 0.0458697974682, 0.0520372726023, 0.0693552568555, 0.0662291944027, 0.0978652983904, 0.0320224426687, 0.0197807364166, 0.0269978605211, 0.0430982150137, 0.0246786829084, 0.0168248508126, 0.0188076756895, 0.00916292890906, 0.0303009003401, 0.0266112517565, 0.00801204517484, 0.0133063718677, 0.0184558648616, 0.0188268087804, 0.00766831869259, 0.0121166873723, 0.00195896928199],
        "mean": [4.62902207801e-05, 0.00553047237918, 0.00393094774336, 0.00183505401947, 0.00335154449567, 0.00202400097623, 0.00134915986564, 0.00121756887529, 0.00127305381466, 0.000773297972046, 0.000484696676722, 0.000247948832111, 0.000344838714227, 0.000405766011681, 0.000603660359047, 0.000768568250351, 0.000847327231895, 0.000577406026423, 0.000596785510425, 0.000475439883303, 0.00022586324485, 0.000201107002795, 0.000184147240361, 0.000126124796225, 6.50260990369e-05, 3.89566012018e-05, 1.26714649014e-05],
        "median": [7.76350861997e-06, 0.00327804731205, 0.00205136695877, 0.000875807425473, 0.00166563410312, 0.000951602240093, 0.000468351936433, 0.000249696575338, 0.000205533433473, 9.2426824267e-05, 0.000125681428472, 6.92483736202e-05, 8.87130809133e-05, 0.000195244778297, 0.000352298782673, 0.000478992238641, 0.000638780416921, 0.000434562331066, 0.000402065634262, 0.000232589649386, 8.21382855065e-05, 3.99777090934e-05, 2.51837136602e-05, 2.04439911613e-05, 9.372990462e-06, 5.78784374738e-06, 2.43425165536e-06],
        "min": [3.12910079425e-24, 2.86291979773e-23, 1.13623343825e-23, 3.44921936629e-24, 2.50644728084e-23, 5.16748574001e-23, 3.84860591643e-23, 7.00854320457e-23, 6.13421269126e-23, 9.40737455404e-23, 1.27521498409e-22, 8.12599875561e-23, 6.68275437922e-23, 1.27844350778e-22, 2.86923554436e-22, 1.72472698676e-22, 1.41511902387e-22, 2.3936917629e-22, 1.80862404797e-22, 3.83202172517e-22, 7.93421909648e-22, 3.82615108542e-22, 4.40666536899e-22, 9.79254920699e-22, 9.05041714013e-22, 1.54275363862e-21, 2.31229818017e-21],
        "var": [1.67977969312e-08, 4.81934512209e-05, 2.30435780395e-05, 8.38277537696e-06, 2.59299195022e-05, 1.13158939712e-05, 9.82932760962e-06, 1.33162993734e-05, 1.24549460452e-05, 9.89034469967e-06, 1.97436156668e-06, 5.46904516341e-07, 9.6036933428e-07, 7.37599350487e-07, 8.02830754765e-07, 9.9635190054e-07, 8.23091852453e-07, 3.59123305316e-07, 6.79264701375e-07, 7.43256066471e-07, 1.68262431544e-07, 3.33048745915e-07, 6.24920346581e-07, 4.60944221459e-07, 1.08177907521e-07, 6.84428300701e-08, 3.56872509322e-09]
    },
    "erbbands": {
        "dmean": [0.0505277477205, 0.700474798679, 2.00075721741, 2.98128461838, 6.95292615891, 7.35235309601, 7.49790096283, 8.07108879089, 8.35579586029, 23.4832992554, 18.1668338776, 17.9165325165, 25.7740268707, 10.3122291565, 11.821352005, 7.57624292374, 11.3149290085, 12.5413818359, 16.2698364258, 23.6449584961, 21.5950012207, 21.6045780182, 15.1659555435, 13.8273773193, 13.8131837845, 12.0312271118, 6.78171920776, 4.37161207199, 4.45713853836, 4.80227231979, 3.2657251358, 1.95541834831, 1.42559695244, 0.645357787609, 0.282540261745, 0.115746878088, 0.0466629303992, 0.0112611204386, 0.00145533145405, 7.91756101535e-05],
        "dmean2": [0.0846208631992, 1.20776844025, 3.35760569572, 5.07916927338, 11.9760808945, 11.6056079865, 11.6120548248, 12.7378530502, 13.1988277435, 36.0790519714, 29.5265197754, 27.3045825958, 39.2750473022, 15.8912172318, 18.4306049347, 11.960896492, 17.9330158234, 19.8878211975, 25.79438591, 36.5212020874, 34.1626434326, 33.7892913818, 23.8706207275, 21.9304828644, 21.6363792419, 18.3126754761, 10.2522096634, 6.28374671936, 6.44821691513, 6.8792309761, 4.55924654007, 2.82673716545, 2.04855799675, 0.954867839813, 0.413090288639, 0.166039481759, 0.0661948695779, 0.0160755701363, 0.0020735275466, 0.000111006760562],
        "dvar": [0.0161189883947, 2.84974050522, 18.3338356018, 31.7425899506, 285.302185059, 326.389404297, 282.158966064, 293.568115234, 715.349914551, 4228.29736328, 5440.94287109, 3767.09960938, 11498.4873047, 1833.27563477, 1566.32885742, 633.870361328, 1271.03552246, 1458.80883789, 1607.67407227, 2231.23779297, 1148.10083008, 1244.13647461, 514.669616699, 582.344909668, 1272.02392578, 1120.14050293, 269.993469238, 110.913459778, 157.284484863, 386.669494629, 192.364929199, 99.0301818848, 72.8133926392, 12.5079441071, 2.99196243286, 0.871367990971, 0.121257461607, 0.00501852389425, 7.03734622221e-05, 1.34716486855e-07],
        "dvar2": [0.0432524867356, 7.90398073196, 49.8557777405, 87.3014678955, 776.825622559, 786.898681641, 691.06262207, 687.427001953, 1642.34765625, 9628.69335938, 14458.4345703, 8654.62597656, 27067.5410156, 4499.78808594, 3619.07861328, 1650.08459473, 3155.67553711, 3688.10571289, 3934.63720703, 5081.82128906, 2807.76318359, 2792.71240234, 1205.4486084, 1410.20275879, 3082.42431641, 2749.6027832, 599.054504395, 218.501831055, 302.385620117, 735.07623291, 347.884979248, 199.296585083, 138.697967529, 24.8931713104, 6.50033140182, 1.67178618908, 0.218468725681, 0.00926029216498, 0.000129256877699, 2.24216478273e-07],
        "max": [1.82564127445, 23.4549064636, 55.6204109192, 69.4711608887, 201.632629395, 564.209411621, 480.234985352, 494.905517578, 916.943359375, 1767.38745117, 1537.0098877, 1640.90869141, 3893.49291992, 2229.38769531, 954.700561523, 913.442932129, 1476.8182373, 1467.8548584, 1543.98376465, 1133.88244629, 793.044372559, 1322.83691406, 581.93572998, 786.295288086, 2079.96972656, 1368.55371094, 617.33807373, 346.269500732, 469.623077393, 770.216186523, 437.042236328, 451.879547119, 367.390777588, 91.58618927, 78.2252044678, 62.616519928, 19.6368961334, 3.67539691925, 0.453385353088, 0.0194478072226],
        "mean": [0.0829977989197, 1.49540185928, 4.57759904861, 5.47792196274, 8.48375701904, 12.1268043518, 14.3617248535, 16.1366348267, 13.0235538483, 33.6336021423, 21.452375412, 27.3743991852, 36.9919281006, 15.100320816, 18.0568237305, 11.3218727112, 15.9055356979, 18.8066139221, 26.379983902, 40.6707992554, 43.6480331421, 44.8889808655, 33.3995056152, 30.9586963654, 27.8230113983, 22.9132614136, 12.6257667542, 7.51342773438, 6.94482326508, 6.94732046127, 4.75523233414, 2.87388944626, 2.0012857914, 0.882804393768, 0.392847508192, 0.168113708496, 0.0718837529421, 0.017335658893, 0.00222218036652, 0.000147583938087],
        "median": [0.0518186278641, 0.835181593895, 2.71453213692, 4.03447246552, 3.88619351387, 5.79456806183, 6.94316625595, 7.30619525909, 6.00994873047, 9.03256988525, 6.03591108322, 5.23007488251, 4.61668872833, 4.24156904221, 5.15962314606, 3.46827316284, 4.56185531616, 8.457447052, 14.9274101257, 23.8896102905, 31.6450691223, 34.8908615112, 26.013551712, 22.0174655914, 18.6090011597, 10.7749795914, 5.16499185562, 2.29276776314, 1.41448330879, 1.00106692314, 0.698217511177, 0.53085064888, 0.273059546947, 0.124774590135, 0.0549787655473, 0.0234601031989, 0.0103104356676, 0.0029442566447, 0.000439273891971, 6.14394957665e-05],
        "min": [1.39115057705e-21, 4.22276429723e-21, 1.41547404914e-20, 8.59398893515e-21, 1.25628419039e-20, 1.24931970121e-19, 3.02349454838e-19, 3.97876045987e-19, 3.65033279205e-19, 8.23885486884e-19, 1.67344055952e-18, 1.01719837152e-18, 2.94854795238e-18, 2.89493589534e-18, 6.3307316924e-18, 3.94308395326e-18, 3.18023834682e-18, 5.56056408998e-18, 9.80954894634e-18, 1.37264625594e-17, 9.6785367722e-18, 9.47131562104e-18, 1.43785447527e-17, 1.03243902955e-17, 8.58754013816e-18, 2.00037219883e-17, 2.66490941605e-17, 2.87862955984e-17, 1.4057951054e-17, 1.38812106812e-17, 1.38835598741e-17, 1.81581711995e-17, 1.55128442918e-17, 1.05524621883e-17, 6.29640411057e-18, 3.98290773667e-18, 3.43754900638e-18, 1.36126735264e-18, 3.34856101948e-19, 3.35424711071e-20],
        "var": [0.0157107226551, 3.46523213387, 32.3957672119, 37.09608078, 241.601882935, 446.341247559, 550.987731934, 780.060119629, 976.232055664, 5934.72607422, 4436.56835938, 5842.42675781, 16159.4853516, 2249.23706055, 2494.10498047, 951.058654785, 1907.95397949, 1609.08178711, 2026.19702148, 3446.22290039, 2217.97119141, 2356.25317383, 1113.51879883, 1252.61047363, 1845.9543457, 1707.32470703, 518.799072266, 238.259521484, 363.863739014, 790.587158203, 411.880432129, 192.647338867, 137.375732422, 21.2260875702, 4.53153514862, 1.30462014675, 0.242847800255, 0.0102098509669, 0.000122259341879, 2.93789952366e-07]
    },
    "gfcc": {
        "mean": [-11.9607181549, 97.2109069824, -124.634361267, 44.9951171875, -38.0565071106, -11.7244615555, -35.018371582, 4.25048875809, -15.4084835052, -3.78000640869, -14.8874292374, -4.20076990128, -9.70133972168],
        "cov": [[13658.6201172, -1854.55114746, -179.167144775, 256.893218994, -309.077514648, 1156.80810547, -93.5088500977, 537.760009766, -129.450271606, 166.960968018, -315.34185791, 92.27684021, -321.916259766], [-1854.55114746, 2685.22558594, -459.444366455, 216.476028442, 530.961914062, -674.266906738, 370.700317383, -180.553100586, 240.11807251, -109.82775116, 185.538101196, -165.163513184, 187.435577393], [-179.167144775, -459.444366455, 1153.9855957, 38.5811805725, 216.838302612, 284.72265625, -172.820236206, 158.9425354, -7.77317619324, 59.3773460388, -16.3002815247, 84.0118560791, -60.0252876282], [256.893218994, 216.476028442, 38.5811805725, 668.269226074, 94.4834594727, 52.0886688232, 66.7361221313, -78.7796783447, 120.162704468, -0.915589034557, 64.3263092041, -3.77582406998, 28.6620426178], [-309.077514648, 530.961914062, 216.838302612, 94.4834594727, 521.80267334, -84.5564880371, 53.5756874084, 50.5458564758, 82.1024703979, 2.23702025414, 31.8634376526, 19.1416854858, 25.9351024628], [1156.80810547, -674.266906738, 284.72265625, 52.0886688232, -84.5564880371, 490.211303711, -28.784160614, 125.84009552, -36.2386856079, 40.7997398376, -43.4872703552, 35.777557373, -63.5774612427], [-93.5088500977, 370.700317383, -172.820236206, 66.7361221313, 53.5756874084, -28.784160614, 274.880249023, 6.89876651764, 52.1042442322, -9.60981273651, 19.6782016754, -28.5052890778, 14.1546220779], [537.760009766, -180.553100586, 158.9425354, -78.7796783447, 50.5458564758, 125.84009552, 6.89876651764, 223.466598511, 24.6015167236, 40.8690490723, -28.4470310211, -4.04072141647, -23.1276569366], [-129.450271606, 240.11807251, -7.77317619324, 120.162704468, 82.1024703979, -36.2386856079, 52.1042442322, 24.6015167236, 154.585800171, 27.518409729, 31.7656822205, -26.065530777, 8.05471515656], [166.960968018, -109.82775116, 59.3773460388, -0.915589034557, 2.23702025414, 40.7997398376, -9.60981273651, 40.8690490723, 27.518409729, 89.0156097412, 17.5391368866, 3.63215589523, -21.3864860535], [-315.34185791, 185.538101196, -16.3002815247, 64.3263092041, 31.8634376526, -43.4872703552, 19.6782016754, -28.4470310211, 31.7656822205, 17.5391368866, 100.392807007, 16.849357605, 24.9234352112], [92.27684021, -165.163513184, 84.0118560791, -3.77582406998, 19.1416854858, 35.777557373, -28.5052890778, -4.04072141647, -26.065530777, 3.63215589523, 16.849357605, 105.084457397, 18.6015644073], [-321.916259766, 187.435577393, -60.0252876282, 28.6620426178, 25.9351024628, -63.5774612427, 14.1546220779, -23.1276569366, 8.05471515656, -21.3864860535, 24.9234352112, 18.6015644073, 98.2777862549]],
        "icov": [[0.000128990461235, -8.16898973426e-05, 0.000185400102055, -0.000153295433847, 2.68651456281e-05, -0.000276417034911, 0.000161170304636, -0.000317208177876, 0.000157562710228, -0.000202414681553, 0.00038952587056, -0.000355471274815, 0.00036402817932], [-8.16898973426e-05, 0.00152187433559, -0.000136438262416, 0.000229983590543, -0.00110729993321, 0.00117874029092, -0.00123558414634, 0.000716714188457, -0.000801178684924, 0.00131020892877, -0.00193033763207, 0.00241105956957, -0.00153516535647], [0.000185400102055, -0.000136438262416, 0.00173297023866, -0.000340908154612, -0.000697500247043, -0.00105767056812, 0.00117570906878, -0.000985595281236, 0.000331005605403, -0.000483858777443, 0.000495259242598, -0.00118018174544, 0.0010893085273], [-0.000153295433847, 0.000229983590543, -0.000340908154612, 0.00241794553585, -0.000405839964515, -0.000494353182148, -0.000524285365827, 0.00186068285257, -0.00205785827711, 0.000760882219765, -0.00133743067272, 0.000890396360774, -0.00104858924169], [2.68651456281e-05, -0.00110729993321, -0.000697500247043, -0.000405839964515, 0.00357667659409, 0.000201789735002, 0.000191142928088, -0.00123176688794, -0.000311967858579, -0.000392902875319, 0.00119462015573, -0.00234097172506, 0.000841658562422], [-0.000276417034911, 0.00117874029092, -0.00105767056812, -0.000494353182148, 0.000201789735002, 0.00489678699523, -0.00156011618674, -0.000861320586409, 0.000267309485935, 0.000661391415633, -0.00107746059075, 0.00103570369538, -0.000319547369145], [0.000161170304636, -0.00123558414634, 0.00117570906878, -0.000524285365827, 0.000191142928088, -0.00156011618674, 0.0057683349587, -0.00140478787944, -0.000141063603223, -0.000385099032428, 0.00104578712489, -0.00148627709132, 0.00147820112761], [-0.000317208177876, 0.000716714188457, -0.000985595281236, 0.00186068285257, -0.00123176688794, -0.000861320586409, -0.00140478787944, 0.0083264131099, -0.00254066777416, -0.00126159691717, 0.000128848143504, 0.00249744090252, -0.00219264347106], [0.000157562710228, -0.000801178684924, 0.000331005605403, -0.00205785827711, -0.000311967858579, 0.000267309485935, -0.000141063603223, -0.00254066777416, 0.0109605137259, -0.00368106900714, -0.000280188338365, 0.000854601501487, 0.000734069035389], [-0.000202414681553, 0.00131020892877, -0.000483858777443, 0.000760882219765, -0.000392902875319, 0.000661391415633, -0.000385099032428, -0.00126159691717, -0.00368106900714, 0.0164473932236, -0.00587674370036, 0.00150491087697, 0.00169719941914], [0.00038952587056, -0.00193033763207, 0.000495259242598, -0.00133743067272, 0.00119462015573, -0.00107746059075, 0.00104578712489, 0.000128848143504, -0.000280188338365, -0.00587674370036, 0.0167557131499, -0.00595998298377, 0.000140333417221], [-0.000355471274815, 0.00241105956957, -0.00118018174544, 0.000890396360774, -0.00234097172506, 0.00103570369538, -0.00148627709132, 0.00249744090252, 0.000854601501487, 0.00150491087697, -0.00595998298377, 0.0165404137224, -0.00601546326652], [0.00036402817932, -0.00153516535647, 0.0010893085273, -0.00104858924169, 0.000841658562422, -0.000319547369145, 0.00147820112761, -0.00219264347106, 0.000734069035389, 0.00169719941914, 0.000140333417221, -0.00601546326652, 0.0155210783705]]
    },
    "melbands": {
        "dmean": [0.000607725407463, 0.000998365576379, 0.000646271451842, 0.000491417187732, 0.00027970422525, 0.000181591443834, 0.000140299933264, 0.000262685993221, 0.000136576898512, 0.000122128461953, 0.000128978092107, 4.26320002589e-05, 4.46689518867e-05, 2.149649481e-05, 2.50348275586e-05, 2.43373233388e-05, 2.48494689004e-05, 2.71829976555e-05, 2.8992037187e-05, 3.33392490575e-05, 2.8471218684e-05, 2.65682228928e-05, 1.84407017514e-05, 1.39818375828e-05, 1.21487346405e-05, 1.15298389574e-05, 1.00811239463e-05, 8.19357956061e-06, 5.14965904586e-06, 2.91882679448e-06, 2.62430944531e-06, 2.60796127804e-06, 2.68252210844e-06, 2.84666293737e-06, 2.0234870135e-06, 1.55824193371e-06, 1.11753786314e-06, 1.06534469069e-06, 8.54737152167e-07, 4.70457280244e-07],
        "dmean2": [0.00103336304892, 0.00168574985582, 0.00111004151404, 0.000803512637503, 0.000431626394857, 0.000285328831524, 0.000219855646719, 0.000406219478464, 0.000222074639169, 0.000186009157915, 0.000197139554075, 6.66589476168e-05, 7.0002861321e-05, 3.46241031366e-05, 4.05502396461e-05, 3.91512658098e-05, 3.98798110837e-05, 4.35835790995e-05, 4.52154126833e-05, 5.27941374457e-05, 4.54502478533e-05, 4.19554307882e-05, 2.93152970698e-05, 2.22615944949e-05, 1.95370685105e-05, 1.82094772754e-05, 1.58470629685e-05, 1.26104641822e-05, 7.95237883722e-06, 4.4150579015e-06, 3.84664235753e-06, 3.90441800846e-06, 3.99653163186e-06, 4.1304961087e-06, 2.89093031824e-06, 2.27920872931e-06, 1.65110986927e-06, 1.52866982717e-06, 1.26726502003e-06, 7.04329522705e-07],
        "dvar": [2.20096467274e-06, 4.87524539494e-06, 1.72997681602e-06, 1.13426563075e-06, 3.70787745396e-07, 1.37098112418e-07, 1.84300731121e-07, 5.49389881144e-07, 2.99310556784e-07, 1.69331684674e-07, 2.89200016823e-07, 3.43371624467e-08, 2.15043982621e-08, 6.0467688634e-09, 6.8984493673e-09, 5.74981040558e-09, 6.10532824297e-09, 5.24360777021e-09, 3.83871601173e-09, 4.56894388989e-09, 1.97933691659e-09, 1.95040983364e-09, 8.95821916647e-10, 4.46538139798e-10, 4.52970383424e-10, 8.70552352428e-10, 6.54011622636e-10, 5.46284184555e-10, 1.78726103361e-10, 4.24876835103e-11, 4.50309997624e-11, 5.29738405919e-11, 8.77427852597e-11, 1.64809263459e-10, 7.94239327084e-11, 5.38441756459e-11, 3.82872206162e-11, 4.16295851957e-11, 2.65923272985e-11, 6.39996129009e-12],
        "dvar2": [6.07268339081e-06, 1.32946288431e-05, 4.74062971989e-06, 2.91258947982e-06, 8.73211661201e-07, 3.19897367262e-07, 4.2253304855e-07, 1.28139038225e-06, 7.90396427419e-07, 3.89682270452e-07, 6.81648486989e-07, 8.49397565617e-08, 4.87622529022e-08, 1.54613726266e-08, 1.82561805673e-08, 1.40122358161e-08, 1.56116168881e-08, 1.31214514809e-08, 9.19266529564e-09, 1.09741407073e-08, 4.80423878457e-09, 4.38760361376e-09, 2.13640150015e-09, 1.06934661126e-09, 1.12708675726e-09, 2.14133732968e-09, 1.61695301593e-09, 1.33774746836e-09, 4.08935024732e-10, 9.17639575437e-11, 9.25192492063e-11, 1.07236532154e-10, 1.81941600674e-10, 3.26848687004e-10, 1.48315748572e-10, 1.1116001869e-10, 7.95797525099e-11, 8.01755328794e-11, 5.30994970216e-11, 1.32463354521e-11],
        "max": [0.0213697198778, 0.0257062539458, 0.0173520259559, 0.024697188288, 0.0182483252138, 0.0100754965097, 0.0124155180529, 0.0187781266868, 0.0110602006316, 0.00956932362169, 0.0192670021206, 0.0102070840076, 0.00344205182046, 0.00262367539108, 0.00253709894605, 0.00285122054629, 0.00324428267777, 0.00319609022699, 0.0021328299772, 0.00152623851318, 0.00111798744183, 0.00162182818167, 0.000568961608224, 0.000512040045578, 0.000677732634358, 0.00161846261472, 0.0012266272679, 0.00101878622081, 0.000568730814848, 0.000211090416997, 0.000214165120269, 0.000289758987492, 0.000352663744707, 0.000586324254982, 0.000278766965494, 0.000287005357677, 0.000274705875199, 0.000290870171739, 0.000174820728716, 6.25328029855e-05],
        "mean": [0.00115817820188, 0.00238129962236, 0.00107870646752, 0.000727271835785, 0.000538264866918, 0.000369394663721, 0.000216390850255, 0.000358623539796, 0.000160862502526, 0.000182153031346, 0.00018185476074, 5.64954061701e-05, 6.71885354677e-05, 2.99731182167e-05, 3.37178207701e-05, 3.31755218212e-05, 3.49410511262e-05, 4.11237924709e-05, 4.59875263914e-05, 5.57043567824e-05, 5.24235802004e-05, 5.01704198541e-05, 3.46000888385e-05, 2.71610224445e-05, 2.48018313869e-05, 2.15869040403e-05, 1.82596049854e-05, 1.44719188029e-05, 8.88695285539e-06, 4.91094624522e-06, 4.15451722802e-06, 3.91614184991e-06, 3.84291661248e-06, 3.89563047065e-06, 2.84616157842e-06, 2.1489147457e-06, 1.59468686434e-06, 1.46007948842e-06, 1.11852421014e-06, 6.16300667389e-07],
        "median": [0.000775080989115, 0.00159408967011, 0.000770360697061, 0.000365530315321, 0.000281884742435, 0.000170264363987, 9.31650065468e-05, 9.07319481485e-05, 3.80335368391e-05, 2.98150062008e-05, 1.95304437511e-05, 1.41611535582e-05, 1.80820170499e-05, 8.15798557596e-06, 9.30077749217e-06, 9.85077349469e-06, 1.5318437363e-05, 2.08490746445e-05, 2.64804984909e-05, 2.90233365376e-05, 3.69721092284e-05, 3.69249974028e-05, 2.49592958426e-05, 2.02743467526e-05, 1.64584453159e-05, 1.39895910252e-05, 1.08320182335e-05, 5.87476006331e-06, 3.37348046742e-06, 1.72126237885e-06, 1.07510550151e-06, 7.79602601142e-07, 6.50259551094e-07, 4.9778822131e-07, 3.91775699882e-07, 3.36827696401e-07, 3.03184094719e-07, 1.93954662109e-07, 1.32360895577e-07, 8.87272335603e-08],
        "min": [9.41943544842e-24, 6.4697654058e-24, 1.78219889581e-24, 3.89264005327e-24, 1.00995029685e-23, 9.13460538568e-24, 6.57572756917e-24, 9.29135756957e-24, 1.32055031544e-23, 7.37442951419e-24, 1.50700674118e-23, 1.11184359456e-23, 1.93932902296e-23, 1.20137583631e-23, 8.12776327968e-24, 8.09552805651e-24, 9.65542713252e-24, 1.25144846673e-23, 2.64148322842e-23, 1.13937326243e-23, 1.11334755787e-23, 7.55903716551e-24, 1.55071026641e-23, 9.76796839584e-24, 8.59497403941e-24, 4.16466848124e-24, 1.00552131618e-23, 1.35337529102e-23, 1.32529026508e-23, 2.08682928839e-23, 1.60944679838e-23, 6.1606037173e-24, 8.88553912093e-24, 7.58434540107e-24, 7.85203588292e-24, 8.85637808871e-24, 1.20891166677e-23, 1.19239268275e-23, 8.46765662247e-24, 9.17394114585e-24],
        "var": [2.22114272219e-06, 7.64974356571e-06, 1.69006113993e-06, 1.31899571443e-06, 6.78719516145e-07, 3.87328014995e-07, 2.50553654269e-07, 6.98993403603e-07, 2.53962014085e-07, 2.66257899284e-07, 4.06548565479e-07, 4.01977047204e-08, 3.33234453365e-08, 8.63140847684e-09, 8.93201335117e-09, 8.45707148756e-09, 6.20789109007e-09, 6.21246032395e-09, 4.88264895182e-09, 7.18949788592e-09, 3.58385365828e-09, 3.52368023648e-09, 1.56218094016e-09, 8.33102642428e-10, 9.26867638196e-10, 1.21124221764e-09, 9.26156096259e-10, 8.15922385211e-10, 3.11374870332e-10, 8.11560402214e-11, 8.78849909514e-11, 1.13541329116e-10, 1.69971495212e-10, 3.09273412435e-10, 1.60266189209e-10, 9.97513599499e-11, 6.96371085795e-11, 7.83920775516e-11, 4.45291893636e-11, 9.86007369502e-12]
    },
    "mfcc": {
        "mean": [-647.922973633, 121.540466309, -17.9353466034, 49.1012191772, 12.8723325729, -2.17419409752, -6.78883123398, 1.56609535217, -1.03898763657, 3.51274466515, -4.21419858932, -2.6236178875, -0.660564363003],
        "cov": [[8168.69042969, -832.529296875, -348.996307373, -106.580085754, -71.4466934204, 303.446990967, 190.715866089, 375.155792236, 158.245422363, 228.133743286, 35.444026947, 96.7314453125, 46.0642356873], [-832.529296875, 1783.7532959, -416.198608398, 411.237609863, 162.246368408, -159.88041687, 95.0922927856, -27.6243476868, 112.693496704, 21.4450111389, 69.7635192871, 8.40357303619, 15.6780595779], [-348.996307373, -416.198608398, 849.456542969, -55.9951934814, 199.503890991, 159.572113037, -8.5402431488, 68.9323883057, -17.54728508, 43.2606964111, 10.7679605484, 50.1731033325, 18.0073566437], [-106.580085754, 411.237609863, -55.9951934814, 625.246826172, 149.438476562, 84.1230697632, 9.96739768982, 7.40959787369, 53.1791229248, 4.57981061935, 51.524723053, 39.3263282776, 32.2590026855], [-71.4466934204, 162.246368408, 199.503890991, 149.438476562, 453.869140625, 54.9032058716, 13.0449619293, 57.3537864685, 34.1522521973, 43.6151313782, 6.33642530441, 33.2618331909, 39.6454925537], [303.446990967, -159.88041687, 159.572113037, 84.1230697632, 54.9032058716, 255.057907104, 45.3250656128, 68.1971817017, 9.22651290894, 7.38594055176, 32.2717475891, 21.7359981537, 16.0956516266], [190.715866089, 95.0922927856, -8.5402431488, 9.96739768982, 13.0449619293, 45.3250656128, 158.633056641, 65.7642822266, 38.5656852722, 26.2641048431, 16.6739902496, 10.9931249619, 0.359670728445], [375.155792236, -27.6243476868, 68.9323883057, 7.40959787369, 57.3537864685, 68.1971817017, 65.7642822266, 151.066864014, 58.4172363281, 41.8163261414, 15.7230844498, 18.7532653809, 15.5163316727], [158.245422363, 112.693496704, -17.54728508, 53.1791229248, 34.1522521973, 9.22651290894, 38.5656852722, 58.4172363281, 123.746902466, 61.5809783936, 27.123506546, 11.7719869614, 3.19863963127], [228.133743286, 21.4450111389, 43.2606964111, 4.57981061935, 43.6151313782, 7.38594055176, 26.2641048431, 41.8163261414, 61.5809783936, 136.426376343, 44.0830917358, 33.886390686, 6.42989301682], [35.444026947, 69.7635192871, 10.7679605484, 51.524723053, 6.33642530441, 32.2717475891, 16.6739902496, 15.7230844498, 27.123506546, 44.0830917358, 106.82988739, 38.4931221008, 6.56855916977], [96.7314453125, 8.40357303619, 50.1731033325, 39.3263282776, 33.2618331909, 21.7359981537, 10.9931249619, 18.7532653809, 11.7719869614, 33.886390686, 38.4931221008, 94.5510482788, 35.9371566772], [46.0642356873, 15.6780595779, 18.0073566437, 32.2590026855, 39.6454925537, 16.0956516266, 0.359670728445, 15.5163316727, 3.19863963127, 6.42989301682, 6.56855916977, 35.9371566772, 77.8692855835]],
