{
"lowlevel": {
    "average_loudness": 0.935359835625,
    "barkbands_crest": {
        "dmean": 1.85014784336,
        "dmean2": 3.01605296135,
        "dvar": 3.93596172333,
        "dvar2": 10.5177993774,
        "max": 26.221200943,
        "mean": 10.1600856781,
        "median": 9.34913063049,
        "min": 1.92067468166,
        "var": 16.5669765472
    },
    "barkbands_flatness_db": {
        "dmean": 0.0188391115516,
        "dmean2": 0.0278408955783,
        "dvar": 0.000526844291016,
        "dvar2": 0.0011062255362,
        "max": 0.665845096111,
        "mean": 0.192112147808,
        "median": 0.159975245595,
        "min": 0.0157866161317,
        "var": 0.00982827227563
    },
    "barkbands_kurtosis": {
        "dmean": 3.35186648369,
        "dmean2": 5.31321763992,
        "dvar": 69.6666259766,
        "dvar2": 178.99005127,
        "max": 262.347747803,
        "mean": 6.50769853592,
        "median": 1.32474970818,
        "min": -1.94024837017,
        "var": 169.755020142
    },
    "barkbands_skewness": {
        "dmean": 0.46349799633,
        "dmean2": 0.717388749123,
        "dvar": 0.41379275918,
        "dvar2": 0.990130662918,
        "max": 13.5733146667,
        "mean": 1.77334690094,
        "median": 1.42688953876,
        "min": -5.05323123932,
        "var": 2.03594303131
    },
    "barkbands_spread": {
        "dmean": 4.39654016495,
        "dmean2": 6.62222194672,
        "dvar": 46.4760627747,
        "dvar2": 90.2300109863,
        "max": 118.016204834,
        "mean": 23.6157112122,
        "median": 23.9194965363,
        "min": 0.181192278862,
        "var": 285.685699463
    },
    "dissonance": {
        "dmean": 0.0159053336829,
        "dmean2": 0.0259823650122,
        "dvar": 0.000350535701727,
        "dvar2": 0.00091450358741,
        "max": 0.500000059605,
        "mean": 0.456256985664,
        "median": 0.469777911901,
        "min": 0.187685579062,
        "var": 0.00152566982433
    },
    "dynamic_complexity": 2.70993566513,
    "erbbands_crest": {
        "dmean": 2.13153839111,
        "dmean2": 3.37008261681,
        "dvar": 4.03524971008,
        "dvar2": 9.78971481323,
        "max": 31.1438102722,
        "mean": 9.27457618713,
        "median": 8.48676109314,
        "min": 2.55192661285,
        "var": 14.3287611008
    },
    "erbbands_flatness_db": {
        "dmean": 0.0146986059844,
        "dmean2": 0.0212655458599,
        "dvar": 0.00029635723331,
        "dvar2": 0.00060260941973,
        "max": 0.45553034544,
        "mean": 0.185626134276,
        "median": 0.172040402889,
        "min": 0.0453920699656,
        "var": 0.00335425580852
    },
    "erbbands_kurtosis": {
        "dmean": 0.989066898823,
        "dmean2": 1.50937652588,
        "dvar": 3.85526752472,
        "dvar2": 8.75860214233,
        "max": 65.9779663086,
        "mean": 0.684252858162,
        "median": -0.41738319397,
        "min": -1.87786960602,
        "var": 13.2575531006
    },
    "erbbands_skewness": {
        "dmean": 0.333227843046,
        "dmean2": 0.485474646091,
        "dvar": 0.145406782627,
        "dvar2": 0.305901110172,
        "max": 5.49757909775,
        "mean": 0.0653324201703,
        "median": -0.10155749321,
        "min": -7.76197719574,
        "var": 1.19782984257
    },
    "erbbands_spread": {
        "dmean": 7.31742143631,
        "dmean2": 11.2395610809,
        "dvar": 105.336280823,
        "dvar2": 248.777862549,
        "max": 191.093551636,
        "mean": 40.3665885925,
        "median": 38.7368545532,
        "min": 1.09327983856,
        "var": 311.404022217
    },
    "hfc": {
        "dmean": 4.78066158295,
        "dmean2": 7.09812402725,
        "dvar": 93.6155319214,
        "dvar2": 189.989364624,
        "max": 268.444946289,
        "mean": 23.3567371368,
        "median": 19.4608383179,
        "min": 1.16877761818e-16,
        "var": 507.824890137
    },
    "melbands_crest": {
        "dmean": 2.3798520565,
        "dmean2": 3.86088681221,
        "dvar": 5.84003448486,
        "dvar2": 15.1935834885,
        "max": 33.3481025696,
        "mean": 15.1589002609,
        "median": 14.7475318909,
        "min": 2.99579596519,
        "var": 25.0531425476
    },
    "melbands_flatness_db": {
        "dmean": 0.0232280660421,
        "dmean2": 0.0340099409223,
        "dvar": 0.000809020362794,
        "dvar2": 0.00169397494756,
        "max": 0.814711749554,
        "mean": 0.263053387403,
        "median": 0.225196272135,
        "min": 0.00864583160728,
        "var": 0.0146323302761
    },
    "melbands_kurtosis": {
        "dmean": 7.85909414291,
        "dmean2": 12.5434656143,
        "dvar": 327.872589111,
        "dvar2": 824.011291504,
        "max": 425.939453125,
        "mean": 18.1164093018,
        "median": 8.7657661438,
        "min": -1.91245317459,
        "var": 747.687927246
    },
    "melbands_skewness": {
        "dmean": 0.643882453442,
        "dmean2": 1.00663173199,
        "dvar": 0.828875184059,
        "dvar2": 2.00120949745,
        "max": 15.9544811249,
        "mean": 3.04850411415,
        "median": 2.65507316589,
        "min": -4.05670213699,
        "var": 3.0492811203
    },
    "melbands_spread": {
        "dmean": 5.51625680923,
        "dmean2": 8.45432472229,
        "dvar": 94.918006897,
        "dvar2": 203.660369873,
        "max": 232.183059692,
        "mean": 23.5027618408,
        "median": 19.9367713928,
        "min": 0.34289419651,
        "var": 478.959411621
    },
    "pitch_salience": {
        "dmean": 0.0585989318788,
        "dmean2": 0.0948999524117,
        "dvar": 0.00315854186192,
        "dvar2": 0.00825437624007,
        "max": 0.936543345451,
        "mean": 0.487635314465,
        "median": 0.486984372139,
        "min": 0.0715743899345,
        "var": 0.0116820372641
    },
    "silence_rate_20dB": {
        "dmean": 0,
        "dmean2": 0,
        "dvar": 0,
        "dvar2": 0,
        "max": 1,
        "mean": 1,
        "median": 1,
        "min": 1,
        "var": 0
    },
    "silence_rate_30dB": {
        "dmean": 0,
        "dmean2": 0,
        "dvar": 0,
        "dvar2": 0,
        "max": 1,
        "mean": 1,
        "median": 1,
        "min": 1,
        "var": 0
    },
    "silence_rate_60dB": {
        "dmean": 0.0096173947677,
        "dmean2": 0.0192361306399,
        "dvar": 0.00952399894595,
        "dvar2": 0.0227670818567,
        "max": 1,
        "mean": 0.0349825769663,
        "median": 0,
        "min": 0,
        "var": 0.0337557308376
    },
    "spectral_centroid": {
        "dmean": 205.42590332,
        "dmean2": 307.191467285,
        "dvar": 74322.9140625,
        "dvar2": 142576.859375,
        "max": 11293.5605469,
        "mean": 1415.01599121,
        "median": 1533.71728516,
        "min": 104.224937439,
        "var": 619172.6875
    },
    "spectral_complexity": {
        "dmean": 2.92313051224,
        "dmean2": 4.58126544952,
        "dvar": 11.5450983047,
        "dvar2": 25.1801261902,
        "max": 60,
        "mean": 19.7429962158,
        "median": 19,
        "min": 0,
        "var": 147.287384033
    },
    "spectral_decrease": {
        "dmean": 1.62163249495e-09,
        "dmean2": 2.64192068222e-09,
        "dvar": 5.76879150635e-18,
        "dvar2": 1.53561150724e-17,
        "max": -3.850175001e-29,
        "mean": -8.01144661722e-09,
        "median": -8.20668155654e-09,
        "min": -3.36048096017e-08,
        "var": 1.74385803148e-17
    },
    "spectral_energy": {
        "dmean": 0.00633102189749,
        "dmean2": 0.0103057660162,
        "dvar": 8.52115408634e-05,
        "dvar2": 0.000227067212109,
        "max": 0.12864883244,
        "mean": 0.0323554202914,
        "median": 0.0332332365215,
        "min": 1.07464704088e-20,
        "var": 0.000275919388514
    },
    "spectral_energyband_high": {
        "dmean": 0.000437954382505,
        "dmean2": 0.000661430764012,
        "dvar": 1.36744301926e-06,
        "dvar2": 2.72131887868e-06,
        "max": 0.0254350230098,
        "mean": 0.00100599753205,
        "median": 0.000367595814168,
        "min": 7.68116847201e-21,
        "var": 4.58938620795e-06
    },
    "spectral_energyband_low": {
        "dmean": 0.00483549758792,
        "dmean2": 0.00802796054631,
        "dvar": 7.71243066993e-05,
        "dvar2": 0.000207178673008,
        "max": 0.118369601667,
        "mean": 0.0157694984227,
        "median": 0.013931022957,
        "min": 2.00633597266e-23,
        "var": 0.000160658266395
    },
    "spectral_energyband_middle_high": {
        "dmean": 0.00086603796808,
        "dmean2": 0.00130367022939,
        "dvar": 1.38618452183e-06,
        "dvar2": 3.27195880345e-06,
        "max": 0.0228510908782,
        "mean": 0.00494331726804,
        "median": 0.00409201765433,
        "min": 1.68614133864e-21,
        "var": 1.98725319933e-05
    },
    "spectral_energyband_middle_low": {
        "dmean": 0.00305206119083,
        "dmean2": 0.00479672290385,
        "dvar": 1.4081109839e-05,
        "dvar2": 3.57125427399e-05,
        "max": 0.0538240931928,
        "mean": 0.0117817763239,
        "median": 0.0112376455218,
        "min": 4.85049643718e-22,
        "var": 5.06635769852e-05
    },
    "spectral_entropy": {
        "dmean": 0.169683337212,
        "dmean2": 0.241786643863,
        "dvar": 0.0499308183789,
        "dvar2": 0.0968767032027,
        "max": 9.78999233246,
        "mean": 7.16862821579,
        "median": 7.41385364532,
        "min": 4.11380195618,
        "var": 0.568217813969
    },
    "spectral_flux": {
        "dmean": 0.019881375134,
        "dmean2": 0.0305724646896,
        "dvar": 0.000497130153235,
        "dvar2": 0.00106593361124,
        "max": 0.284277021885,
        "mean": 0.0695700347424,
        "median": 0.0645479857922,
        "min": 1.03665187545e-10,
        "var": 0.00152106955647
    },
    "spectral_kurtosis": {
        "dmean": 3.37421941757,
        "dmean2": 5.638651371,
        "dvar": 44.4173736572,
        "dvar2": 113.716117859,
        "max": 164.007888794,
        "mean": 8.31509780884,
        "median": 4.90063285828,
        "min": -1.29319000244,
        "var": 179.973098755
    },
    "spectral_rms": {
        "dmean": 0.000543833419215,
        "dmean2": 0.000867418013513,
        "dvar": 4.89574802032e-07,
        "dvar2": 1.23606071156e-06,
        "max": 0.0112031716853,
        "mean": 0.0053615453653,
        "median": 0.00569409038872,
        "min": 3.23795634402e-12,
        "var": 2.82019914266e-06
    },
    "spectral_rolloff": {
        "dmean": 382.209838867,
        "dmean2": 633.124084473,
        "dvar": 742120.9375,
        "dvar2": 1447205.875,
        "max": 18755.4199219,
        "mean": 1589.58691406,
        "median": 1098.19335938,
        "min": 86.1328125,
        "var": 3470511.75
    },
    "spectral_skewness": {
        "dmean": 0.338565081358,
        "dmean2": 0.546373546124,
        "dvar": 0.231568440795,
        "dvar2": 0.573885858059,
        "max": 10.5178070068,
        "mean": 1.66699004173,
        "median": 1.36856865883,
        "min": -0.200115576386,
        "var": 1.30837869644
    },
    "spectral_spread": {
        "dmean": 436294.1875,
        "dmean2": 636418.9375,
        "dvar": 512282001408,
        "dvar2": 852641579008,
        "max": 39110668,
        "mean": 3691787.25,
        "median": 3480909,
        "min": 517247.8125,
        "var": 2.62823922893e+12
    },
    "spectral_strongpeak": {
        "dmean": 0.327634006739,
        "dmean2": 0.572008132935,
        "dvar": 0.619106411934,
        "dvar2": 1.62698853016,
        "max": 14.9025144577,
        "mean": 0.743420004845,
        "median": 0.509276807308,
        "min": 0,
        "var": 0.793538510799
    },
    "zerocrossingrate": {
        "dmean": 0.00796181894839,
        "dmean2": 0.00913002248853,
        "dvar": 0.000173131760675,
        "dvar2": 0.000161007788847,
        "max": 0.49658203125,
        "mean": 0.0533013604581,
        "median": 0.04931640625,
        "min": 0.0029296875,
        "var": 0.00219719321467
    },
    "barkbands": {
        "dmean": [2.48627784458e-05, 0.00312929344364, 0.00212172488682, 0.00123119971249, 0.00134871318005, 0.00102098088246, 0.000693115056492, 0.000583402288612, 0.0004676579847, 0.000117515934107, 7.38878297852e-05, 9.00538798305e-05, 9.72181151155e-05, 0.000133200912387, 0.00031395201222, 0.000404022604926, 0.000410163862398, 0.00025934149744, 0.000205170639674, 0.000203317598789, 0.0001167667142, 0.000102355101262, 7.5279167504e-05, 6.1819468101e-05, 6.63026366965e-05, 1.33913172249e-05, 2.05895821637e-06],
        "dmean2": [3.87294385291e-05, 0.00523493112996, 0.00349824782461, 0.00206312397495, 0.00217562518083, 0.00159487256315, 0.00102685019374, 0.000877044338267, 0.000697471492458, 0.00017456120986, 0.000110091648821, 0.000136147646117, 0.000153202068759, 0.00020847505948, 0.00047153851483, 0.000600119645242, 0.000632280251011, 0.000406379811466, 0.000325122207869, 0.000322185078403, 0.000195049811737, 0.000170318118762, 0.000111594345071, 8.99068036233e-05, 9.38972953008e-05, 1.99616424652e-05, 3.18426168633e-06],
        "dvar": [7.69917285481e-09, 4.2054522055e-05, 1.29570580611e-05, 4.35391666542e-06, 3.75346962755e-06, 2.84470706902e-06, 1.74246144979e-06, 1.52452810198e-06, 1.95607321984e-06, 1.16083072044e-07, 4.57239224261e-08, 5.41474172167e-08, 7.59588871801e-08, 7.72970238927e-08, 2.78943900867e-07, 4.88768932883e-07, 4.41868763801e-07, 1.8161755122e-07, 1.18417496253e-07, 1.7474783931e-07, 8.638755844e-08, 1.05328531674e-07, 8.73648033917e-08, 7.65355565591e-08, 1.54878918579e-07, 6.71222766258e-09, 4.56652458902e-11],
        "dvar2": [1.5396002695e-08, 0.0001145213173, 3.54457442882e-05, 1.19780252135e-05, 9.85033329925e-06, 7.04462991052e-06, 3.65466644325e-06, 3.47117452293e-06, 4.25367397838e-06, 2.47188097546e-07, 8.9360661093e-08, 1.16830996433e-07, 1.79209052931e-07, 1.7702565458e-07, 6.29760620541e-07, 1.07205733002e-06, 1.08460812953e-06, 4.29139447533e-07, 2.85058405325e-07, 4.25936377724e-07, 2.2778112907e-07, 2.7039331485e-07, 1.63088969884e-07, 1.41246303542e-07, 3.15972471299e-07, 1.44065532837e-08, 1.15135352641e-10],
        "max": [0.00306238466874, 0.0907475501299, 0.0489493533969, 0.0264589264989, 0.0272504612803, 0.0347440503538, 0.0347114689648, 0.0311883762479, 0.0315756984055, 0.0117146633565, 0.0071137258783, 0.00779054593295, 0.00968815665692, 0.0077883163467, 0.0116641791537, 0.0110788596794, 0.0158410202712, 0.0122135542333, 0.00975186564028, 0.0109118372202, 0.00547194061801, 0.0114948516712, 0.0140756629407, 0.00956263393164, 0.0173407234251, 0.00403848057613, 0.000278714025626],
        "mean": [3.6968736822e-05, 0.00955688115209, 0.00509831495583, 0.00207036151551, 0.00297786016017, 0.00237119104713, 0.00158721883781, 0.00144476653077, 0.00120188842993, 0.000260848290054, 0.00016325742763, 0.000216409025597, 0.000191901548533, 0.00026800314663, 0.00071180507075, 0.000892518146429, 0.00098481378518, 0.000586856156588, 0.000482481642393, 0.000473817664897, 0.000218482149648, 0.000164366327226, 0.000133964887937, 0.000113160662295, 0.000119340256788, 2.43750764639e-05, 3.721378107e-06],
        "median": [7.48957154428e-06, 0.00793501455337, 0.00349263334647, 0.00127369258553, 0.00203231256455, 0.00135713489726, 0.000645890366286, 0.000453197280876, 0.000221695343498, 4.46519588877e-05, 3.29841786879e-05, 5.31424338988e-05, 4.97740184073e-05, 0.000126180733787, 0.00027010840131, 0.00028314901283, 0.000539622735232, 0.000334566633683, 0.000320682796882, 0.000254489539657, 9.90697444649e-05, 3.65123560186e-05, 1.63235272339e-05, 1.76112334884e-05, 7.67614983488e-06, 2.10898338082e-06, 2.16024844235e-07],
        "min": [1.23012555646e-23, 5.5049313263e-24, 1.02108696179e-24, 1.14112626913e-23, 4.71390239465e-23, 7.36120315671e-23, 1.52309906188e-22, 6.59898555524e-23, 7.74104473128e-23, 1.20266237378e-22, 2.76807473555e-23, 9.89102075741e-23, 1.1521343813e-22, 1.36236089005e-22, 9.60748773977e-23, 1.87146079493e-22, 1.5779370117e-22, 2.39786679346e-22, 3.32882085903e-22, 3.45312514285e-22, 4.54288460792e-22, 5.2281717366e-22, 6.58148596979e-22, 8.01378625796e-22, 1.04053666504e-21, 1.83481685536e-21, 2.41992778724e-21],
        "var": [1.67472915535e-08, 8.46556868055e-05, 2.7089174182e-05, 5.81181575399e-06, 8.82264430402e-06, 8.65338188305e-06, 6.37489210931e-06, 6.39760992271e-06, 8.91266881808e-06, 4.32804455386e-07, 2.23219871032e-07, 3.28826644136e-07, 2.41342405616e-07, 2.13479708577e-07, 1.1241698985e-06, 1.84603686648e-06, 1.66157167314e-06, 5.80312587317e-07, 3.4371799984e-07, 5.40660323622e-07, 1.39764281926e-07, 1.97649455913e-07, 2.94168330583e-07, 2.10447410609e-07, 4.19865045842e-07, 1.62076680965e-08, 8.68546762289e-11]
    },
    "erbbands": {
        "dmean": [0.0517357997596, 0.839304864407, 2.40953445435, 3.03631997108, 4.91400384903, 4.47046852112, 5.81677627563, 9.3412437439, 7.45920562744, 14.0999250412, 11.6649885178, 9.67529964447, 8.68451404572, 2.41072392464, 3.15360879898, 3.04782748222, 4.07829713821, 5.29366493225, 10.7597875595, 18.1851940155, 23.927444458, 19.51795578, 13.5356178284, 10.93592453, 9.64878845215, 9.22965526581, 6.31736707687, 3.62687492371, 3.85920929909, 2.70755934715, 2.18669033051, 1.37655460835, 1.06797146797, 0.814040541649, 0.456538438797, 0.106244549155, 0.0163297858089, 0.00330579164438, 0.000349387526512, 2.18337536353e-05],
        "dmean2": [0.0849721357226, 1.40680265427, 4.00798225403, 5.06500339508, 8.14190483093, 7.09365320206, 9.23260974884, 14.5419454575, 11.4299154282, 20.4622898102, 17.1178359985, 14.2264347076, 12.5413141251, 3.57014298439, 4.57157325745, 4.63100290298, 6.42144918442, 8.2016992569, 17.0060997009, 27.267408371, 34.6479454041, 29.9290103912, 21.1798496246, 17.3730869293, 15.296298027, 14.6256093979, 10.3978662491, 6.08166122437, 6.48209667206, 4.22379398346, 3.22564911842, 2.01476049423, 1.53839409351, 1.16374695301, 0.661141574383, 0.155015558004, 0.0243165567517, 0.00515207368881, 0.00054222298786, 3.36059383699e-05],
        "dvar": [0.0145046077669, 2.93996047974, 18.0359611511, 24.2192974091, 83.6006698608, 50.1551361084, 113.839508057, 270.959869385, 207.114471436, 837.606506348, 613.579833984, 990.838745117, 544.909912109, 35.2393951416, 76.1858520508, 57.0493507385, 131.096450806, 131.232635498, 344.121154785, 1106.38562012, 1573.93347168, 1021.88989258, 496.605682373, 306.762969971, 317.996002197, 414.981414795, 222.069869995, 113.476478577, 170.814453125, 85.81590271, 80.9605407715, 34.1104850769, 24.9513530731, 18.7888240814, 9.45932865143, 0.578348696232, 0.00792823545635, 0.00020531823975, 1.3112327224e-06, 2.69335176384e-09],
        "dvar2": [0.0387171432376, 8.03203487396, 49.0668258667, 66.3602676392, 227.112792969, 123.260902405, 300.958587646, 660.611083984, 473.35534668, 1729.4239502, 1347.01831055, 2054.52587891, 1135.55639648, 72.8972396851, 139.315124512, 125.513252258, 315.992401123, 290.869628906, 824.024414062, 2407.14819336, 3166.62866211, 2433.84204102, 1202.38916016, 737.300048828, 770.517883301, 1013.00537109, 563.169372559, 304.340637207, 461.191650391, 185.973800659, 148.612258911, 62.8095207214, 47.7583084106, 37.8508911133, 20.1208553314, 1.2592536211, 0.0180526375771, 0.000502904760651, 3.3229418932e-06, 6.58706600376e-09],
        "max": [1.79971945286, 22.7098274231, 64.8082427979, 92.5115737915, 143.354705811, 152.582519531, 257.837646484, 402.524078369, 393.200958252, 657.34576416, 582.463439941, 860.543395996, 669.059936523, 242.808532715, 290.062957764, 213.361129761, 441.445861816, 356.283416748, 393.994873047, 554.829956055, 629.995910645, 831.945617676, 538.55279541, 534.139038086, 570.868164062, 600.539672852, 360.684173584, 192.301925659, 509.957824707, 307.27154541, 485.15222168, 235.097549438, 170.639144897, 113.019470215, 161.416610718, 45.1115608215, 4.30524873734, 0.784786999226, 0.0404178574681, 0.00146270648111],
        "mean": [0.13343320787, 2.59243559837, 6.60541629791, 6.36444234848, 8.31494808197, 10.112487793, 13.2056856155, 21.0949172974, 16.7886943817, 35.6539764404, 28.7950744629, 23.9018974304, 22.1482849121, 6.21028137207, 8.05079555511, 6.9847574234, 8.59135246277, 12.0420761108, 24.5756988525, 42.7501029968, 58.8873596191, 51.9925765991, 35.1062812805, 28.0635547638, 23.2971725464, 21.866350174, 12.9169178009, 6.54449081421, 5.95485639572, 4.59327411652, 3.87113404274, 2.44911432266, 1.910120368, 1.39169573784, 0.808862328529, 0.189602941275, 0.0303236413747, 0.00604899972677, 0.000653373776004, 7.0002002758e-05],
        "median": [0.0836984291673, 2.12931489944, 4.56434202194, 4.5655837059, 4.78798389435, 6.06703615189, 7.05171871185, 11.4396820068, 9.57177448273, 12.777586937, 9.99263191223, 6.21333122253, 4.23851585388, 1.80632090569, 2.0269985199, 2.46942973137, 2.73407459259, 6.07222557068, 13.6991643906, 16.165058136, 25.6131248474, 30.3626365662, 21.7708206177, 19.4160957336, 14.9086017609, 12.1549987793, 6.45478820801, 2.68405008316, 1.41329538822, 0.678248763084, 0.472893774509, 0.382020741701, 0.263836026192, 0.112146310508, 0.0411836728454, 0.0129424631596, 0.00301972730085, 0.000544312875718, 5.93508630118e-05, 4.966130291e-05],
        "min": [2.7771170379e-22, 8.85318020437e-22, 1.54826682971e-21, 2.289147382e-20, 3.05431820606e-20, 2.22132942851e-19, 2.67147853293e-19, 8.07676727685e-19, 2.17522899861e-18, 1.51979868838e-18, 1.62546522137e-18, 1.68302324013e-18, 4.12067135897e-18, 1.93170040883e-18, 3.01830057792e-18, 3.03449325879e-18, 4.51305275434e-18, 7.01724527871e-18, 7.44886481362e-18, 8.25053683044e-18, 7.26590073393e-18, 1.00246018435e-17, 1.46535872694e-17, 1.49737607604e-17, 1.90566200392e-17, 1.38839321054e-17, 1.96309596627e-17, 1.58191079136e-17, 1.7532486821e-17, 1.93507671194e-17, 1.93662287794e-17, 1.62617851989e-17, 1.44065183466e-17, 1.04987566599e-17, 8.08960636073e-18, 6.02712828346e-18, 3.40046587913e-18, 1.49775846096e-18, 3.01593928746e-19, 3.71242213205e-20],
        "var": [0.0249757766724, 6.1553401947, 42.311542511, 39.3785018921, 115.135162354, 165.086761475, 327.044433594, 742.837158203, 601.270568848, 3423.47802734, 2369.24804688, 3318.05834961, 2639.92504883, 184.643325806, 383.519378662, 215.453536987, 419.656341553, 443.078399658, 1108.53466797, 4113.66357422, 6834.65771484, 4602.73486328, 1864.45214844, 1016.13354492, 908.724121094, 1231.65332031, 478.683654785, 151.513961792, 272.236083984, 238.255233765, 266.901489258, 93.0566101074, 67.287651062, 47.5609703064, 24.6495494843, 1.40053570271, 0.0181206874549, 0.000411176850321, 2.47034199674e-06, 6.37370956014e-09]
    },
    "gfcc": {
        "mean": [-28.5008869171, 115.648117065, -107.966346741, 51.3109054565, -39.1310653687, -10.9116792679, -40.8414535522, 13.7448863983, -12.3333854675, -0.765486061573, -11.1547527313, -10.739484787, -7.61599302292],
        "cov": [[14984.7988281, -2886.8894043, -1546.90087891, 685.159545898, -900.667419434, 704.582702637, -131.565643311, 417.906433105, 107.211166382, 607.196594238, -501.157897949, 305.083953857, -180.656967163], [-2886.8894043, 2755.25268555, 197.405258179, -339.18963623, 574.541809082, -456.117279053, 270.15536499, -141.601379395, 57.6103553772, -327.653594971, 345.467010498, -225.127731323, 150.624435425], [-1546.90087891, 197.405258179, 1246.49951172, 139.436813354, 98.5141677856, 257.023468018, 22.3300971985, -32.2041511536, -71.7267837524, 22.1653594971, 132.929107666, 32.1765785217, 18.1049633026], [685.159545898, -339.18963623, 139.436813354, 506.230682373, -24.3854255676, 116.653419495, -31.65583992, -55.6924171448, 48.224067688, 62.9843444824, -9.83402252197, 49.4467010498, 19.9050960541], [-900.667419434, 574.541809082, 98.5141677856, -24.3854255676, 484.662994385, -176.354034424, 83.6149291992, -2.18733644485, 104.128967285, -26.9325714111, 48.3784942627, 19.0596008301, 48.8356170654], [704.582702637, -456.117279053, 257.023468018, 116.653419495, -176.354034424, 479.917449951, 115.071624756, -8.25922298431, -42.4307060242, 79.1373291016, 8.99338245392, 58.0252685547, -31.8670578003], [-131.565643311, 270.15536499, 22.3300971985, -31.65583992, 83.6149291992, 115.071624756, 335.941955566, -28.2283916473, 29.5911369324, 3.04860496521, 49.7985954285, 38.6381645203, -5.8854804039], [417.906433105, -141.601379395, -32.2041511536, -55.6924171448, -2.18733644485, -8.25922298431, -28.2283916473, 239.009780884, 14.8444852829, 2.83520412445, -33.9760360718, -13.0068874359, 9.98168849945], [107.211166382, 57.6103553772, -71.7267837524, 48.224067688, 104.128967285, -42.4307060242, 29.5911369324, 14.8444852829, 196.837478638, 22.3306808472, -51.1550750732, 42.6056022644, 20.4988994598], [607.196594238, -327.653594971, 22.1653594971, 62.9843444824, -26.9325714111, 79.1373291016, 3.04860496521, 2.83520412445, 22.3306808472, 170.067474365, -20.9057407379, 34.0280418396, -31.0907306671], [-501.157897949, 345.467010498, 132.929107666, -9.83402252197, 48.3784942627, 8.99338245392, 49.7985954285, -33.9760360718, -51.1550750732, -20.9057407379, 175.838821411, -16.1077651978, 12.6607885361], [305.083953857, -225.127731323, 32.1765785217, 49.4467010498, 19.0596008301, 58.0252685547, 38.6381645203, -13.0068874359, 42.6056022644, 34.0280418396, -16.1077651978, 164.735168457, 19.3469104767], [-180.656967163, 150.624435425, 18.1049633026, 19.9050960541, 48.8356170654, -31.8670578003, -5.8854804039, 9.98168849945, 20.4988994598, -31.0907306671, 12.6607885361, 19.3469104767, 99.8631362915]],
        "icov": [[0.000148431150592, -0.00014179367281, 0.000259235850535, -0.000252350670053, 0.000153828572365, -0.000269762182143, 0.000148135382915, -0.000350403046468, 0.000168630038388, -0.000459818984382, 0.000297186721582, -0.000374776049284, 0.000225290772505], [-0.00014179367281, 0.00190120725892, -0.000604708038736, 0.000979224336334, -0.000882776686922, 0.00126499612816, -0.00140908942558, 0.00130515301134, -0.00138369947672, 0.00216407491826, -0.00256988988258, 0.00264808302745, -0.00181722885463], [0.000259235850535, -0.000604708038736, 0.00165931449737, -0.000753523374442, -0.000213677572901, -0.00154280778952, 0.000947936670855, -0.000795117171947, 0.000919649552088, -0.00107403704897, 0.000331517629093, -0.00118028989527, 0.000641407736111], [-0.000252350670053, 0.000979224336334, -0.000753523374442, 0.00320975878276, -0.000518095446751, 0.000261846726062, -0.000196669381694, 0.0016772573581, -0.00158738554455, 0.000886940164492, -0.00148372352123, 0.00142511469312, -0.00176498375367], [0.000153828572365, -0.000882776686922, -0.000213677572901, -0.000518095446751, 0.00399796850979, 0.00108380825259, -0.000512035097927, -0.000870001444127, -0.00090621272102, -0.00134679197799, 0.000547603936866, -0.0015438204864, 0.000195698128664], [-0.000269762182143, 0.00126499612816, -0.00154280778952, 0.000261846726062, 0.00108380825259, 0.0051812697202, -0.00284511293285, 0.000836425810121, -0.000594253302552, 0.00077293429058, -0.00157175085042, 0.00118766585365, -0.000964612350799], [0.000148135382915, -0.00140908942558, 0.000947936670855, -0.000196669381694, -0.000512035097927, -0.00284511293285, 0.00534911360592, -0.000609911978245, 0.000290497351671, -0.00122532085516, 0.000681615900248, -0.00255146087147, 0.00194616022054], [-0.000350403046468, 0.00130515301134, -0.000795117171947, 0.0016772573581, -0.000870001444127, 0.000836425810121, -0.000609911978245, 0.00594743201509, -0.00144779658876, 0.00173177639954, -0.00115684943739, 0.00267277634703, -0.00226547615603], [0.000168630038388, -0.00138369947672, 0.000919649552088, -0.00158738554455, -0.00090621272102, -0.000594253302552, 0.000290497351671, -0.00144779658876, 0.00853427313268, -0.00254382821731, 0.00419417116791, -0.00310307205655, 0.000482762377942], [-0.000459818984382, 0.00216407491826, -0.00107403704897, 0.000886940164492, -0.00134679197799, 0.00077293429058, -0.00122532085516, 0.00173177639954, -0.00254382821731, 0.0105038294569, -0.00299960724078, 0.00221699965186, 0.0003251080052], [0.000297186721582, -0.00256988988258, 0.000331517629093, -0.00148372352123, 0.000547603936866, -0.00157175085042, 0.000681615900248, -0.00115684943739, 0.00419417116791, -0.00299960724078, 0.0112539501861, -0.00297069945373, 0.00138982210774], [-0.000374776049284, 0.00264808302745, -0.00118028989527, 0.00142511469312, -0.0015438204864, 0.00118766585365, -0.00255146087147, 0.00267277634703, -0.00310307205655, 0.00221699965186, -0.00297069945373, 0.0113406833261, -0.00451900996268], [0.000225290772505, -0.00181722885463, 0.000641407736111, -0.00176498375367, 0.000195698128664, -0.000964612350799, 0.00194616022054, -0.00226547615603, 0.000482762377942, 0.0003251080052, 0.00138982210774, -0.00451900996268, 0.0140367541462]]
    },
    "melbands": {
        "dmean": [0.000675365969073, 0.00119221769273, 0.000574591918848, 0.000314039498335, 0.000199866597541, 0.000203561095987, 0.000122025616292, 0.000149724495714, 8.59805440996e-05, 6.70002191328e-05, 4.39809737145e-05, 1.0020742593e-05, 1.08726344479e-05, 1.11368935904e-05, 7.64401829656e-06, 1.0427504094e-05, 1.05330291262e-05, 1.70529092429e-05, 2.42836940743e-05, 2.51257461059e-05, 3.3287484257e-05, 2.42502919718e-05, 1.70219245774e-05, 1.42039962157e-05, 9.75384500634e-06, 7.75083299231e-06, 7.94514471636e-06, 6.57402870274e-06, 4.79126083519e-06, 2.78719380731e-06, 2.0886072889e-06, 2.3590064302e-06, 1.97410440705e-06, 1.4390193428e-06, 1.3631715774e-06, 1.09151926608e-06, 8.25946187888e-07, 8.21941455342e-07, 6.96199549566e-07, 7.33026524813e-07],
        "dmean2": [0.00112394918688, 0.00198667147197, 0.000956569507252, 0.000511275255121, 0.000315079698339, 0.000316368736094, 0.000185475699254, 0.000218612723984, 0.000126988030388, 9.86955710687e-05, 6.39785212115e-05, 1.47832979565e-05, 1.58273505804e-05, 1.66694171639e-05, 1.21238063002e-05, 1.60702747962e-05, 1.64679604495e-05, 2.71164917649e-05, 3.63864128303e-05, 3.81547979487e-05, 4.89710291731e-05, 3.78039840143e-05, 2.67834111582e-05, 2.224801392e-05, 1.56194946612e-05, 1.22933797684e-05, 1.26682534756e-05, 1.05483095467e-05, 7.8662433225e-06, 4.70623444926e-06, 3.51903804585e-06, 3.9996475607e-06, 3.24284496855e-06, 2.24808104576e-06, 2.0354004846e-06, 1.66652137068e-06, 1.21947380194e-06, 1.20986362617e-06, 1.02425542536e-06, 1.05733181499e-06],
        "dvar": [2.10331131711e-06, 4.68797179565e-06, 8.38800644942e-07, 2.37943325487e-07, 1.05461559485e-07, 1.21465163261e-07, 4.76426151863e-08, 8.65582592269e-08, 3.65362495813e-08, 4.68662655351e-08, 1.4297466322e-08, 6.81896927812e-10, 1.01248054385e-09, 9.29030241625e-10, 5.06323261096e-10, 8.49213810383e-10, 5.23809440267e-10, 9.57206536256e-10, 1.88612170327e-09, 2.6362585448e-09, 2.95904278858e-09, 1.80827619545e-09, 7.29403037969e-10, 6.19188034179e-10, 2.56332011173e-10, 1.93464591569e-10, 2.38382563689e-10, 2.29949156938e-10, 1.26774826747e-10, 5.38537686667e-11, 3.89409858526e-11, 6.05622635375e-11, 4.63127591832e-11, 2.92108733035e-11, 3.46357040271e-11, 2.23770845603e-11, 1.39094005411e-11, 1.60193889404e-11, 1.15100281736e-11, 1.71112620601e-11],
        "dvar2": [5.69147141505e-06, 1.27244647956e-05, 2.31053445532e-06, 6.30371403076e-07, 2.74257388355e-07, 2.96663046129e-07, 1.07786583214e-07, 1.84013373428e-07, 8.10584595001e-08, 9.87007950926e-08, 3.01642408829e-08, 1.39915190545e-09, 1.88007809321e-09, 1.96807259378e-09, 1.28103416763e-09, 1.90776527909e-09, 1.17950538225e-09, 2.28268182134e-09, 4.30788649197e-09, 6.26652552072e-09, 6.23270102196e-09, 4.42847358784e-09, 1.80312853537e-09, 1.396167848e-09, 6.23827434154e-10, 4.70234740035e-10, 5.81020453971e-10, 5.64890023647e-10, 3.18940124311e-10, 1.44540934777e-10, 1.04850045313e-10, 1.65371119576e-10, 1.16355966528e-10, 6.43829226044e-11, 6.6829958234e-11, 4.75820216561e-11, 2.71641632799e-11, 3.26929872063e-11, 2.44751944406e-11, 3.55052445777e-11],
        "max": [0.0215743873268, 0.032361086458, 0.0137021839619, 0.00655393861234, 0.00668747443706, 0.00808064825833, 0.00509498082101, 0.00663297530264, 0.00581912416965, 0.00588142452762, 0.0033611592371, 0.000909279915504, 0.00118835980538, 0.00106303277425, 0.000700099219102, 0.00108379195444, 0.000631609291304, 0.000772508094087, 0.00111262721475, 0.000893500691745, 0.000770568556618, 0.00111682200804, 0.00062795530539, 0.000570766453166, 0.000437809911091, 0.000475916400319, 0.000443917233497, 0.000355535536073, 0.00033160741441, 0.000149024883285, 0.000133066743729, 0.000263004098088, 0.000281874934444, 0.000191347120563, 0.0003045402118, 0.0001762627071, 0.00014333044237, 0.000155663947226, 0.000102417645394, 0.000119982287288],
        "mean": [0.0019767973572, 0.00366502068937, 0.00120828510262, 0.000634867348708, 0.000475930224638, 0.000468044308946, 0.000280873588054, 0.000388625514461, 0.00020496812067, 0.000164092925843, 0.000109992492071, 2.30881905736e-05, 2.61554050667e-05, 2.68583153229e-05, 1.378156594e-05, 2.12538125197e-05, 2.17959986912e-05, 3.47203713318e-05, 5.54064936296e-05, 5.35976178071e-05, 7.32983244234e-05, 5.60537628189e-05, 3.89604465454e-05, 2.91299238597e-05, 2.20225720113e-05, 1.71805659193e-05, 1.69117574842e-05, 1.40714573718e-05, 9.13258918445e-06, 4.84465772388e-06, 3.39351163348e-06, 3.42496446137e-06, 3.02155103782e-06, 2.34576259572e-06, 2.31845365306e-06, 1.79572441539e-06, 1.40096778978e-06, 1.40153622397e-06, 1.1366336139e-06, 1.20343690924e-06],
        "median": [0.00154925778043, 0.00296731921844, 0.000927047163714, 0.000413532136008, 0.00028115772875, 0.000258871063124, 0.000157964939717, 0.000144622666994, 5.62645218452e-05, 3.12899901473e-05, 1.81900504685e-05, 5.39335223948e-06, 6.22419111096e-06, 5.53603013032e-06, 4.73395220979e-06, 6.23621235718e-06, 9.9274184322e-06, 1.80005263246e-05, 2.01643852051e-05, 1.42928811329e-05, 2.92899749184e-05, 3.04971981677e-05, 2.04106509045e-05, 1.57156900968e-05, 1.45738176798e-05, 1.08429794636e-05, 9.3480648502e-06, 6.60094792693e-06, 4.19433354182e-06, 2.12493569052e-06, 1.14629108339e-06, 7.99210283731e-07, 5.08831817569e-07, 2.90784356594e-07, 2.57397203995e-07, 2.34522303799e-07, 2.19491482767e-07, 1.87296251397e-07, 1.2973995922e-07, 7.57546700925e-08],
        "min": [2.86845050154e-24, 8.94435935104e-25, 4.06416957407e-24, 7.39538165983e-24, 1.10561411776e-23, 1.8084869755e-23, 3.28882201393e-23, 1.41412972918e-23, 1.24745659389e-23, 1.1611294151e-23, 2.109314033e-23, 8.25613067048e-24, 6.90111060447e-24, 1.09270472459e-23, 6.25068611065e-24, 1.30474816933e-23, 1.34992986213e-23, 1.25323610442e-23, 7.73224893219e-24, 1.4359174363e-23, 6.68098606862e-24, 1.07446862705e-23, 1.11210778407e-23, 1.11059048901e-23, 1.17354655907e-23, 1.53137433899e-23, 1.25774720551e-23, 8.30852050092e-24, 1.03006064902e-23, 1.22167251743e-23, 8.43448581027e-24, 9.49680455942e-24, 1.09666212421e-23, 1.02939705923e-23, 1.08819953996e-23, 1.07143616684e-23, 9.66029598203e-24, 8.64792553881e-24, 1.26191010339e-23, 7.22666640031e-24],
        "var": [3.96638733946e-06, 1.06460875031e-05, 1.24156304082e-06, 4.65470407107e-07, 3.31402759457e-07, 3.56964619641e-07, 1.48323579197e-07, 3.63705339623e-07, 1.27314535803e-07, 1.75308059625e-07, 6.83377479049e-08, 3.21414561633e-09, 4.6093595607e-09, 5.9030940136e-09, 1.09611875132e-09, 2.76593925541e-09, 1.55786439304e-09, 2.49270093455e-09, 7.69900942998e-09, 8.09083111619e-09, 1.13064002605e-08, 6.30568353088e-09, 2.68887401234e-09, 1.65643643246e-09, 6.91444623779e-10, 4.99726260372e-10, 6.09988282108e-10, 6.54998333349e-10, 2.85080181683e-10, 7.54327780794e-11, 4.8850236356e-11, 8.56881440803e-11, 9.68672919655e-11, 7.51092660289e-11, 1.06978828573e-10, 5.68123187383e-11, 3.38154226842e-11, 3.95067520365e-11, 2.45724829373e-11, 4.15533510378e-11]
    },
    "mfcc": {
        "mean": [-669.207763672, 135.573425293, 0.558086633682, 54.0865097046, 22.2810554504, -10.1125764847, -6.19044351578, -1.04947400093, 1.50489807129, 8.81710243225, -1.58609223366, 2.45377421379, 0.250065118074],
        "cov": [[11529.9902344, -2597.45532227, -1447.04077148, 50.2071037292, -705.896728516, 355.941711426, -351.983062744, 46.4336509705, 411.487030029, 314.658935547, 117.465789795, 169.82572937, 4.44191265106], [-2597.45532227, 2319.89135742, 15.332242012, 62.2609100342, 234.890136719, -276.410308838, 257.621154785, 66.7214202881, -118.976974487, -4.27403879166, -8.98149681091, -6.36596155167, 33.146522522], [-1447.04077148, 15.332242012, 1169.49230957, -11.8613681793, 130.180953979, 266.03616333, 188.822235107, 51.4113349915, -60.152141571, -43.014415741, 4.26319885254, 36.735080719, 63.0898590088], [50.2071037292, 62.2609100342, -11.8613681793, 424.266876221, 153.162918091, 51.2561454773, -39.4307937622, -0.0191284008324, 35.2905158997, -5.47685003281, 21.9520397186, 14.8934173584, 38.1436424255], [-705.896728516, 234.890136719, 130.180953979, 153.162918091, 363.338226318, -68.8119430542, -26.9885311127, -7.15824985504, 22.644952774, -4.56606388092, -8.22224617004, 2.99004507065, 22.1478691101], [355.941711426, -276.410308838, 266.03616333, 51.2561454773, -68.8119430542, 513.81036377, 65.5989761353, 58.8392524719, 44.4343147278, -7.7033290863, 89.8546524048, 27.4464187622, 45.4167976379], [-351.983062744, 257.621154785, 188.822235107, -39.4307937622, -26.9885311127, 65.5989761353, 329.075683594, 43.7797393799, -63.3859939575, 20.3152828217, 20.1062927246, 46.1362075806, 17.8246688843], [46.4336509705, 66.7214202881, 51.4113349915, -0.0191284008324, -7.15824985504, 58.8392524719, 43.7797393799, 194.364227295, 70.1794891357, -2.82346987724, 22.3593978882, 9.72504329681, 37.6240768433], [411.487030029, -118.976974487, -60.152141571, 35.2905158997, 22.644952774, 44.4343147278, -63.3859939575, 70.1794891357, 198.840881348, 42.3827629089, 21.031167984, 4.19143915176, 19.0966529846], [314.658935547, -4.27403879166, -43.014415741, -5.47685003281, -4.56606388092, -7.7033290863, 20.3152828217, -2.82346987724, 42.3827629089, 136.204452515, 36.4748649597, 5.05484247208, -4.15942382812], [117.465789795, -8.98149681091, 4.26319885254, 21.9520397186, -8.22224617004, 89.8546524048, 20.1062927246, 22.3593978882, 21.031167984, 36.4748649597, 124.235481262, 16.5839576721, 9.88568878174], [169.82572937, -6.36596155167, 36.735080719, 14.8934173584, 2.99004507065, 27.4464187622, 46.1362075806, 9.72504329681, 4.19143915176, 5.05484247208, 16.5839576721, 102.661170959, 35.1607551575], [4.44191265106, 33.146522522, 63.0898590088, 38.1436424255, 22.1478691101, 45.4167976379, 17.8246688843, 37.6240768433, 19.0966529846, -4.15942382812, 9.88568878174, 35.1607551575, 105.384292603]],
