{
"lowlevel": {
    "average_loudness": 0.102053210139,
    "barkbands_crest": {
        "dmean": 1.92263627052,
        "dmean2": 3.23376131058,
        "dvar": 3.93355751038,
        "dvar2": 11.5039281845,
        "max": 26.537727356,
        "mean": 13.3889169693,
        "median": 12.735742569,
        "min": 4.09527444839,
        "var": 18.475528717
    },
    "barkbands_flatness_db": {
        "dmean": 0.0227705556899,
        "dmean2": 0.0387115292251,
        "dvar": 0.000473369291285,
        "dvar2": 0.0012959188316,
        "max": 0.739240348339,
        "mean": 0.429499745369,
        "median": 0.426331162453,
        "min": 0.0522708669305,
        "var": 0.00447273580357
    },
    "barkbands_kurtosis": {
        "dmean": 2.27777695656,
        "dmean2": 3.87603402138,
        "dvar": 91.3830413818,
        "dvar2": 256.809783936,
        "max": 712.127502441,
        "mean": 5.0595407486,
        "median": 2.90271067619,
        "min": -1.86408448219,
        "var": 111.389671326
    },
    "barkbands_skewness": {
        "dmean": 0.372195094824,
        "dmean2": 0.607363879681,
        "dvar": 0.214619442821,
        "dvar2": 0.596869766712,
        "max": 13.7700929642,
        "mean": 1.14446568489,
        "median": 1.06459999084,
        "min": -2.88218808174,
        "var": 1.3186173439
    },
    "barkbands_spread": {
        "dmean": 0.659876227379,
        "dmean2": 1.07527375221,
        "dvar": 1.15991735458,
        "dvar2": 3.18117237091,
        "max": 103.709739685,
        "mean": 3.79672288895,
        "median": 3.31484603882,
        "min": 0.039782308042,
        "var": 15.7023506165
    },
    "dissonance": {
        "dmean": 0.0408896133304,
        "dmean2": 0.0716496780515,
        "dvar": 0.00166819267906,
        "dvar2": 0.00491845980287,
        "max": 0.5,
        "mean": 0.359139144421,
        "median": 0.367542535067,
        "min": 0.0780150592327,
        "var": 0.0053032822907
    },
    "dynamic_complexity": 5.3304438591,
    "erbbands_crest": {
        "dmean": 2.16535925865,
        "dmean2": 3.63260483742,
        "dvar": 6.08655023575,
        "dvar2": 18.2779636383,
        "max": 33.5069007874,
        "mean": 15.2077560425,
        "median": 13.8609409332,
        "min": 2.60413193703,
        "var": 37.8565254211
    },
    "erbbands_flatness_db": {
        "dmean": 0.0151861067861,
        "dmean2": 0.0259947553277,
        "dvar": 0.000238275970332,
        "dvar2": 0.00068940204801,
        "max": 0.543748676777,
        "mean": 0.396294683218,
        "median": 0.396907150745,
        "min": 0.0501545295119,
        "var": 0.00238206563517
    },
    "erbbands_kurtosis": {
        "dmean": 1.49095642567,
        "dmean2": 2.42193412781,
        "dvar": 14.160074234,
        "dvar2": 37.5447921753,
        "max": 228.367019653,
        "mean": 3.7929110527,
        "median": 1.98087954521,
        "min": -1.67104482651,
        "var": 64.3612594604
    },
    "erbbands_skewness": {
        "dmean": 0.293963372707,
        "dmean2": 0.475178807974,
        "dvar": 0.118681237102,
        "dvar2": 0.322373121977,
        "max": 9.63248825073,
        "mean": 0.908864796162,
        "median": 0.902164578438,
        "min": -5.30159425735,
        "var": 0.988240361214
    },
    "erbbands_spread": {
        "dmean": 1.56116318703,
        "dmean2": 2.57295942307,
        "dvar": 4.37258052826,
        "dvar2": 12.4484605789,
        "max": 127.334213257,
        "mean": 9.40997028351,
        "median": 8.37888717651,
        "min": 0.542277157307,
        "var": 49.239528656
    },
    "hfc": {
        "dmean": 1.55337405205,
        "dmean2": 2.44767808914,
        "dvar": 9.81579875946,
        "dvar2": 24.2477169037,
        "max": 93.1361236572,
        "mean": 7.30653047562,
        "median": 4.45669412613,
        "min": 1.29346907364e-16,
        "var": 68.7195968628
    },
    "melbands_crest": {
        "dmean": 2.20158743858,
        "dmean2": 3.63895249367,
        "dvar": 5.06670475006,
        "dvar2": 13.5940742493,
        "max": 32.5890884399,
        "mean": 16.581943512,
        "median": 15.9697742462,
        "min": 1.88739800453,
        "var": 23.2570285797
    },
    "melbands_flatness_db": {
        "dmean": 0.0253240950406,
        "dmean2": 0.0422678850591,
        "dvar": 0.000664739578497,
        "dvar2": 0.00164662685711,
        "max": 0.929186999798,
        "mean": 0.561155200005,
        "median": 0.55750143528,
        "min": 0.00575906829908,
        "var": 0.00733878649771
    },
    "melbands_kurtosis": {
        "dmean": 2.46883153915,
        "dmean2": 4.13820075989,
        "dvar": 21.5332660675,
        "dvar2": 60.8382530212,
        "max": 161.563827515,
        "mean": 6.6183385849,
        "median": 4.17001628876,
        "min": -1.82448148727,
        "var": 94.8723754883
    },
    "melbands_skewness": {
        "dmean": 0.372704565525,
        "dmean2": 0.605262041092,
        "dvar": 0.173833250999,
        "dvar2": 0.473274290562,
        "max": 10.7268590927,
        "mean": 1.43641161919,
        "median": 1.36156201363,
        "min": -2.75176382065,
        "var": 1.34488677979
    },
    "melbands_spread": {
        "dmean": 0.848449230194,
        "dmean2": 1.35092520714,
        "dvar": 3.43408131599,
        "dvar2": 5.44951295853,
        "max": 138.270767212,
        "mean": 4.76356172562,
        "median": 4.12551498413,
        "min": 0.232962325215,
        "var": 11.8838768005
    },
    "pitch_salience": {
        "dmean": 0.0485034510493,
        "dmean2": 0.0804111137986,
        "dvar": 0.00265054521151,
        "dvar2": 0.00704971328378,
        "max": 0.833361625671,
        "mean": 0.469809293747,
        "median": 0.478157401085,
        "min": 0.073307543993,
        "var": 0.0140014197677
    },
    "silence_rate_20dB": {
        "dmean": 0,
        "dmean2": 0,
        "dvar": 0,
        "dvar2": 0,
        "max": 1,
        "mean": 1,
        "median": 1,
        "min": 1,
        "var": 0
    },
    "silence_rate_30dB": {
        "dmean": 0.00473798904568,
        "dmean2": 0.00947687681764,
        "dvar": 0.00471582077444,
        "dvar2": 0.0112831909209,
        "max": 1,
        "mean": 0.984555602074,
        "median": 1,
        "min": 0,
        "var": 0.0152070689946
    },
    "silence_rate_60dB": {
        "dmean": 0.014213967137,
        "dmean2": 0.0284306295216,
        "dvar": 0.0140088563785,
        "dvar2": 0.0338688530028,
        "max": 1,
        "mean": 0.134451389313,
        "median": 0,
        "min": 0,
        "var": 0.116362966597
    },
    "spectral_centroid": {
        "dmean": 23.6016292572,
        "dmean2": 36.3390045166,
        "dvar": 12714.5898438,
        "dvar2": 14325.8427734,
        "max": 11131.796875,
        "mean": 354.250305176,
        "median": 335.73236084,
        "min": 79.903137207,
        "var": 24818.3125
    },
    "spectral_complexity": {
        "dmean": 0.8824031353,
        "dmean2": 1.50151634216,
        "dvar": 1.07027506828,
        "dvar2": 2.44028043747,
        "max": 25,
        "mean": 7.75895404816,
        "median": 8,
        "min": 0,
        "var": 13.3062791824
    },
    "spectral_decrease": {
        "dmean": 1.2842005237e-09,
        "dmean2": 2.11237716208e-09,
        "dvar": 4.8295576993e-18,
        "dvar2": 1.41380171742e-17,
        "max": 2.36912999876e-28,
        "mean": -6.27774632278e-09,
        "median": -4.07206579567e-09,
        "min": -5.54440831024e-08,
        "var": 4.33079343253e-17
    },
    "spectral_energy": {
        "dmean": 0.00497825909406,
        "dmean2": 0.00818102154881,
        "dvar": 7.29106614017e-05,
        "dvar2": 0.000212845290662,
        "max": 0.21464805305,
        "mean": 0.0243563577533,
        "median": 0.0158305466175,
        "min": 1.08379764562e-20,
        "var": 0.000650794885587
    },
    "spectral_energyband_high": {
        "dmean": 8.3200455947e-07,
        "dmean2": 1.16975070341e-06,
        "dvar": 5.1154941394e-11,
        "dvar2": 1.15267712042e-10,
        "max": 0.000394202972529,
        "mean": 1.53720645812e-06,
        "median": 2.53167584674e-08,
        "min": 7.98324045299e-21,
        "var": 7.93128271392e-11
    },
    "spectral_energyband_low": {
        "dmean": 0.00229656510055,
        "dmean2": 0.0037443570327,
        "dvar": 2.08463061426e-05,
        "dvar2": 5.55652331968e-05,
        "max": 0.155542999506,
        "mean": 0.00888137146831,
        "median": 0.00376148149371,
        "min": 4.25587050488e-23,
        "var": 0.000198100722628
    },
    "spectral_energyband_middle_high": {
        "dmean": 0.000162168566021,
        "dmean2": 0.000209683086723,
        "dvar": 2.32311236914e-07,
        "dvar2": 3.49012481138e-07,
        "max": 0.0174534209073,
        "mean": 0.000641578750219,
        "median": 0.000243891205173,
        "min": 1.32070229423e-21,
        "var": 1.30064086079e-06
    },
    "spectral_energyband_middle_low": {
        "dmean": 0.00405779900029,
        "dmean2": 0.00670176604763,
        "dvar": 5.97708349233e-05,
        "dvar2": 0.000179757611477,
        "max": 0.180366292596,
        "mean": 0.0160673279315,
        "median": 0.00984542258084,
        "min": 2.70697253595e-22,
        "var": 0.000323652406223
    },
    "spectral_entropy": {
        "dmean": 0.131183475256,
        "dmean2": 0.216932922602,
        "dvar": 0.0270043034106,
        "dvar2": 0.0674665570259,
        "max": 9.79865169525,
        "mean": 5.2792263031,
        "median": 5.28041553497,
        "min": 3.28643727303,
        "var": 0.210151270032
    },
    "spectral_flux": {
        "dmean": 0.013399315998,
        "dmean2": 0.0219320878386,
        "dvar": 0.000322743784636,
        "dvar2": 0.000844723079354,
        "max": 0.281725674868,
        "mean": 0.0377609468997,
        "median": 0.0288629680872,
        "min": 1.04105599141e-10,
        "var": 0.00108167424332
    },
    "spectral_kurtosis": {
        "dmean": 48.3567619324,
        "dmean2": 84.3686752319,
        "dvar": 2476.39404297,
        "dvar2": 7095.86816406,
        "max": 713.87512207,
        "mean": 172.013153076,
        "median": 159.536987305,
        "min": -1.17576742172,
        "var": 10617.9267578
    },
    "spectral_rms": {
        "dmean": 0.000440069241449,
        "dmean2": 0.000712848268449,
        "dvar": 3.18170947367e-07,
        "dvar2": 9.04181661099e-07,
        "max": 0.0144711006433,
        "mean": 0.00425218977034,
        "median": 0.00392994098365,
        "min": 3.25171270119e-12,
        "var": 5.68115683564e-06
    },
    "spectral_rolloff": {
        "dmean": 41.5249099731,
        "dmean2": 73.1136398315,
        "dvar": 64534.5117188,
        "dvar2": 126209.453125,
        "max": 19143.0175781,
        "mean": 425.036621094,
        "median": 366.064453125,
        "min": 86.1328125,
        "var": 318921.3125
    },
    "spectral_skewness": {
        "dmean": 1.88003361225,
        "dmean2": 3.30587220192,
        "dvar": 3.00609993935,
        "dvar2": 8.14853191376,
        "max": 22.1649017334,
        "mean": 9.45306682587,
        "median": 9.51208114624,
        "min": -0.0100550018251,
        "var": 13.663561821
    },
    "spectral_spread": {
        "dmean": 286773.625,
        "dmean2": 504469.75,
        "dvar": 173210812416,
        "dvar2": 257438384128,
        "max": 39977000,
        "mean": 819334.6875,
        "median": 710797.625,
        "min": 115175.359375,
        "var": 813543456768
    },
    "spectral_strongpeak": {
        "dmean": 0.268667012453,
        "dmean2": 0.457072287798,
        "dvar": 0.231754809618,
        "dvar2": 0.550290942192,
        "max": 8.00326919556,
        "mean": 0.903338193893,
        "median": 0.559721946716,
        "min": 4.95023888547e-09,
        "var": 0.918085694313
    },
    "zerocrossingrate": {
        "dmean": 0.00150088767987,
        "dmean2": 0.00197339290753,
        "dvar": 1.83189040399e-05,
        "dvar2": 1.22345099953e-05,
        "max": 0.515625,
        "mean": 0.0158064514399,
        "median": 0.0146484375,
        "min": 0.001953125,
        "var": 0.000221577196498
    },
    "barkbands": {
        "dmean": [2.27259488383e-06, 0.000867503578775, 0.00138023833279, 0.000614726508502, 0.00158167327754, 0.002311083721, 0.00030137176509, 0.000533307669684, 0.000324357737554, 8.58639687067e-05, 5.3579784435e-05, 2.32499714912e-05, 5.4018029914e-05, 9.44426119531e-06, 1.31001652335e-05, 4.58103068013e-06, 4.16994180341e-06, 1.50391747411e-06, 1.04555851976e-06, 5.80630171498e-07, 4.43490677071e-07, 7.48340767132e-08, 2.73047096044e-08, 5.70769875807e-09, 1.11576525796e-09, 7.50961404172e-10, 7.6952894057e-10],
        "dmean2": [3.3948554119e-06, 0.00132229924202, 0.00231263553724, 0.00103574502282, 0.0024945307523, 0.00413053948432, 0.000470321712783, 0.000727659848053, 0.000401530967792, 0.00011233339319, 6.55919211567e-05, 3.10301002173e-05, 7.79428883106e-05, 1.33063404064e-05, 1.89971906366e-05, 7.27558426661e-06, 5.52816118216e-06, 2.03305648938e-06, 1.43604506775e-06, 7.60594332405e-07, 6.59301008454e-07, 1.0887453783e-07, 4.49275177061e-08, 9.55631929145e-09, 1.96151273002e-09, 1.37103450815e-09, 1.40908229529e-09],
        "dvar": [2.67252487501e-11, 4.10754364566e-06, 8.04078263172e-06, 2.21472009798e-06, 1.32951863634e-05, 3.79606499337e-05, 8.60481065956e-07, 3.26574377141e-06, 5.21567790202e-06, 1.73919900703e-07, 6.44870468136e-08, 1.00657837621e-08, 2.98575777435e-08, 2.01027527957e-09, 2.4063970816e-09, 3.85648490919e-09, 5.9935612029e-10, 5.48433798375e-11, 4.09336280149e-11, 1.24008346994e-11, 2.94920962651e-11, 1.03054858484e-12, 2.76685954963e-13, 6.06132160726e-15, 3.28239891614e-17, 2.24904659648e-18, 1.87571248228e-18],
        "dvar2": [5.45057714241e-11, 8.34669481264e-06, 2.42364003498e-05, 5.96724203206e-06, 3.58668221452e-05, 0.000136055459734, 1.87399928109e-06, 5.10119434693e-06, 8.28471274872e-06, 2.52992151673e-07, 6.22149656238e-08, 1.86819733017e-08, 6.43352890961e-08, 4.09741929275e-09, 4.76478501099e-09, 1.10416387145e-08, 1.0975981235e-09, 9.91529705563e-11, 8.94861268419e-11, 2.20810106311e-11, 7.21946460946e-11, 1.86675588182e-12, 7.24613891025e-13, 1.49895490443e-14, 8.69625499714e-17, 6.86710372572e-18, 5.95582820979e-18],
        "max": [0.000190384380403, 0.125815108418, 0.0533014461398, 0.0537680871785, 0.081765204668, 0.154175922275, 0.0250037275255, 0.0882602035999, 0.0970138534904, 0.0278988741338, 0.0154928052798, 0.0050999042578, 0.00536858988926, 0.00276735238731, 0.0026105302386, 0.0050999247469, 0.0011908976594, 0.0003864421451, 0.000317902682582, 0.000185440308996, 0.000283317291178, 8.65515103214e-05, 3.6819910747e-05, 3.15046463584e-06, 2.05531364372e-07, 4.64237217557e-08, 1.82465935694e-08],
        "mean": [2.97457722809e-06, 0.00384469470009, 0.00391629571095, 0.00151019007899, 0.00412368122488, 0.00597291719168, 0.000795994477812, 0.00250110356137, 0.000908900343347, 0.000319472863339, 0.000150941676111, 9.77542367764e-05, 0.000116938586871, 2.69602132903e-05, 3.87123182009e-05, 9.78799198492e-06, 1.11182353066e-05, 3.80048550142e-06, 2.1881360226e-06, 1.2480809346e-06, 5.91686614371e-07, 9.22006506698e-08, 3.10226937472e-08, 5.272006387e-09, 1.13746523311e-09, 8.21071710622e-10, 7.62447327496e-10],
        "median": [8.08650042927e-07, 0.00074824783951, 0.00189221720211, 0.000502084789332, 0.00144590740092, 0.00187008199282, 0.000256442261161, 0.000577872735448, 0.000110807231977, 8.86523339432e-05, 3.22825690091e-05, 1.67453345057e-05, 2.3089505703e-05, 5.56382565264e-06, 6.01024157731e-06, 1.99857640837e-06, 1.05929814254e-06, 2.49909362537e-07, 1.19130547205e-07, 2.75310352293e-08, 3.77264885998e-09, 1.1361898089e-09, 5.14158937648e-10, 3.69978714332e-10, 3.64110630535e-10, 3.80899922714e-10, 3.2411950901e-10],
        "min": [1.69600440343e-23, 1.5169763653e-23, 1.46672292796e-23, 8.07694328244e-24, 6.98505282008e-23, 5.01059708318e-23, 1.02814308593e-23, 2.56615064073e-23, 9.41810306235e-23, 5.56107432027e-23, 6.4256709211e-23, 3.90376180874e-23, 4.69671690206e-23, 9.24464580216e-23, 8.89405140342e-23, 1.17637942169e-22, 1.88228636469e-22, 2.59693237191e-22, 2.44010909587e-22, 2.10495112732e-22, 2.34986997163e-22, 4.65243807634e-22, 6.70650313144e-22, 8.34515832525e-22, 1.38704890424e-21, 1.760876279e-21, 2.91742421716e-21],
        "var": [4.70332314761e-11, 8.32584410091e-05, 3.02419339278e-05, 9.01514886209e-06, 4.54588043795e-05, 0.000109396765765, 2.8561344152e-06, 3.79848825105e-05, 1.94062340597e-05, 8.59326519276e-07, 3.50589544951e-07, 9.69511404492e-08, 7.3154190261e-08, 4.94844654142e-09, 1.08322382175e-08, 3.91543419909e-09, 1.84315818164e-09, 2.12365208752e-10, 9.022444597e-11, 3.58382420962e-11, 3.2258442445e-11, 1.67449572003e-12, 2.49852683031e-13, 5.39750273353e-15, 2.79588933015e-17, 1.93338434177e-18, 1.49419134797e-18]
    },
    "erbbands": {
        "dmean": [0.00651408871636, 0.257903456688, 1.35317134857, 2.16451573372, 1.11793780327, 6.64855241776, 12.5667734146, 22.5933990479, 4.32717084885, 10.3628931046, 8.89856529236, 9.30934524536, 3.51795291901, 1.10829746723, 2.36637568474, 1.35655641556, 2.643273592, 0.585040390491, 0.680860936642, 0.478130072355, 0.17722505331, 0.206599414349, 0.0977926999331, 0.0599550306797, 0.0463038422167, 0.0295815095305, 0.015531655401, 0.0139830010012, 0.0034909977112, 0.0011769750854, 0.00056996877538, 0.000252108147833, 7.22317272448e-05, 1.6674213839e-05, 7.30612828193e-06, 3.95704682887e-06, 1.97370286514e-06, 5.23364349192e-07, 2.27438772527e-06, 5.48922344024e-06],
        "dmean2": [0.0102801127359, 0.394474476576, 2.20167708397, 3.73524236679, 1.79659974575, 10.6940145493, 19.9960174561, 42.0828590393, 6.98058652878, 15.5681362152, 11.3419799805, 11.2688703537, 4.47311449051, 1.5324754715, 2.87206697464, 1.77460336685, 3.794049263, 0.85186290741, 0.933444023132, 0.732572793961, 0.270284175873, 0.268727511168, 0.13097089529, 0.081566400826, 0.0606520883739, 0.0406744033098, 0.0222367700189, 0.020809514448, 0.00508590694517, 0.00175823294558, 0.000915238109883, 0.000411946588429, 0.000119704774988, 2.83348654193e-05, 1.26729573822e-05, 6.7635569394e-06, 3.3296410038e-06, 9.1032995897e-07, 3.7229838199e-06, 9.00946815818e-06],
        "dvar": [0.000244178139837, 0.348005771637, 7.3570728302, 27.0774536133, 4.83931112289, 312.915557861, 676.076538086, 4248.33789062, 155.640869141, 1171.89819336, 1526.04333496, 4062.67797852, 259.680114746, 23.3515949249, 149.027130127, 27.1765613556, 72.0499191284, 5.79706287384, 7.22752475739, 4.05110931396, 4.19397830963, 1.88697898388, 0.229842707515, 0.117232277989, 0.106299497187, 0.0288418699056, 0.0210283026099, 0.0313490703702, 0.00243186042644, 0.000516459171195, 7.07777944626e-05, 1.64194152603e-05, 7.83257632975e-07, 1.2827355178e-08, 7.1038697147e-10, 7.78793834977e-11, 1.0522326066e-11, 8.14526451929e-13, 1.53535864578e-11, 8.91191287433e-11],
        "dvar2": [0.000548527634237, 0.714129686356, 19.837059021, 79.8690567017, 11.8395519257, 874.927978516, 1760.58984375, 15562.4169922, 354.364135742, 2579.71386719, 1984.82922363, 6399.29492188, 366.218658447, 42.6427116394, 134.849395752, 49.5027732849, 154.268112183, 12.2950696945, 13.5234556198, 10.6902036667, 11.615732193, 3.12582397461, 0.44773170352, 0.265125095844, 0.194481745362, 0.0588528327644, 0.0476681254804, 0.0773000046611, 0.00435988465324, 0.00131471070927, 0.000169290651684, 3.71259920939e-05, 1.92774109564e-06, 3.25150892877e-08, 1.90213533813e-09, 2.15474804666e-10, 2.89701145018e-11, 2.365906299e-12, 4.41295298914e-11, 2.59103433153e-10],
        "max": [0.940208792686, 34.83360672, 63.5223083496, 167.399932861, 59.3738479614, 456.691162109, 917.795532227, 1785.95666504, 360.104705811, 1297.26745605, 2352.67333984, 2657.17089844, 1096.95007324, 393.126831055, 787.090881348, 263.360046387, 271.432037354, 144.752105713, 142.18309021, 125.727386475, 167.663223267, 77.4515380859, 23.3041725159, 20.2433948517, 21.3221797943, 5.2080321312, 7.63423347473, 9.38978767395, 4.25126838684, 1.66098022461, 0.454861968756, 0.206774055958, 0.0378459617496, 0.00459788553417, 0.00123914307915, 0.000404995516874, 8.03261718829e-05, 1.68540082086e-05, 9.8331758636e-05, 0.000236405889154],
        "mean": [0.0273943841457, 1.13283526897, 4.34827899933, 5.71423912048, 3.46319699287, 17.660484314, 35.658115387, 53.7385177612, 14.8367500305, 34.8659820557, 44.258644104, 28.4916477203, 13.7196826935, 3.63252496719, 6.88701486588, 5.57130765915, 5.98137903214, 1.71389877796, 2.15056061745, 1.24671137333, 0.448846071959, 0.558043122292, 0.260130524635, 0.146706521511, 0.0989049002528, 0.063293106854, 0.0273234974593, 0.0183385908604, 0.00445275381207, 0.00149124918971, 0.000669029250275, 0.000263130728854, 8.52911180118e-05, 3.00074570987e-05, 1.98347534024e-05, 1.42646003951e-05, 8.2849219325e-06, 1.45638000504e-06, 1.13071500891e-05, 2.6903779144e-05],
        "median": [0.00540453381836, 0.265606284142, 1.98873519897, 2.21969485283, 1.57119596004, 5.06486797333, 16.2934112549, 12.9079532623, 5.89431190491, 10.1856193542, 9.22218704224, 4.22188282013, 3.88886880875, 1.29338097572, 1.62041473389, 1.23091459274, 1.33902728558, 0.488662481308, 0.320780038834, 0.272915035486, 0.0868998393416, 0.0512306019664, 0.0251084826887, 0.0101420078427, 0.00416647549719, 0.00158132473007, 0.000401645316742, 0.00012681161752, 5.34165956196e-05, 3.08047237922e-05, 2.23701226787e-05, 1.8447295588e-05, 1.62251089932e-05, 1.44421646837e-05, 1.23353802337e-05, 9.39334131544e-06, 5.54404323339e-06, 9.34971581046e-07, 7.39643655834e-06, 1.74711312866e-05],
        "min": [4.25210517711e-22, 3.82264596816e-21, 1.54936486351e-20, 2.26314854605e-20, 1.60929254793e-19, 1.65268695985e-19, 3.95971255832e-19, 4.04630104936e-19, 1.86027543089e-19, 2.48687896207e-19, 6.25037988469e-19, 2.30109259383e-18, 2.33128199785e-18, 1.71159137015e-18, 2.01221858325e-18, 1.98209369932e-18, 2.11306534161e-18, 3.19040708489e-18, 6.25974387942e-18, 4.81292061564e-18, 6.97502515306e-18, 1.14409302668e-17, 1.60971712939e-17, 1.05563689624e-17, 1.21442860776e-17, 1.09458428179e-17, 1.06215962896e-17, 8.80083031347e-18, 1.49000258806e-17, 1.62084188145e-17, 2.12413446577e-17, 1.84968421033e-17, 1.30770703574e-17, 1.32864372151e-17, 1.1340068826e-17, 5.95069224536e-18, 3.52226160688e-18, 1.57881171783e-18, 4.05905927633e-19, 4.01001457459e-20],
        "var": [0.00437114248052, 6.59054231644, 40.5724983215, 96.8274917603, 28.6243095398, 1075.68286133, 2666.25097656, 11994.125, 629.445068359, 6158.85009766, 18678.1367188, 15477.0361328, 1393.26367188, 86.7372360229, 817.937194824, 262.341949463, 181.525558472, 13.9229230881, 36.2920608521, 8.65045070648, 4.80493211746, 6.30712938309, 0.770485877991, 0.356842339039, 0.227245494723, 0.071419544518, 0.0331391692162, 0.0336086452007, 0.00398665526882, 0.000540453882422, 7.31932232156e-05, 1.63451568369e-05, 7.92500088664e-07, 1.25913128812e-08, 9.35895250187e-10, 2.45162307122e-10, 7.14839576421e-11, 2.51153937057e-12, 1.38938957561e-10, 7.92856280629e-10]
    },
    "gfcc": {
        "mean": [-247.698760986, 267.775848389, -77.0018692017, -42.7498474121, -14.2152757645, -27.6171360016, -23.1514129639, -12.9851894379, -10.5994005203, -8.82055854797, -1.75877130032, -15.0127296448, -3.33077645302],
        "cov": [[14474.7841797, 824.599914551, -4510.22070312, 344.281341553, 471.794616699, -1265.25817871, 468.426086426, -38.6305961609, -63.4727668762, 119.373054504, -9.81068325043, -358.368865967, 25.3779811859], [824.599914551, 800.321594238, 102.74823761, -388.921173096, 221.138900757, 24.1985435486, -85.4662322998, -4.39729690552, 13.8515825272, -47.0086555481, 48.397026062, -18.1747455597, 45.0709075928], [-4510.22070312, 102.74823761, 1978.47851562, -108.617073059, -50.5382728577, 567.469421387, -125.093299866, 13.8289632797, 83.1248626709, -27.0241107941, 38.372631073, 128.366912842, 36.9566955566], [344.281341553, -388.921173096, -108.617073059, 527.692626953, -21.5847225189, -32.5920906067, 193.893218994, 40.0018196106, 17.9041481018, 62.0264015198, -27.0843505859, 5.91140794754, -12.1373901367], [471.794616699, 221.138900757, -50.5382728577, -21.5847225189, 301.942871094, 31.384185791, -33.8907546997, 36.6447868347, -3.71603822708, -9.1376581192, 37.2332878113, 24.9925308228, 49.9208679199], [-1265.25817871, 24.1985435486, 567.469421387, -32.5920906067, 31.384185791, 306.689788818, 16.1597576141, 2.36343741417, 65.7737579346, -7.72786998749, 3.95435643196, 57.9559822083, 25.5902023315], [468.426086426, -85.4662322998, -125.093299866, 193.893218994, -33.8907546997, 16.1597576141, 253.28704834, 84.0619812012, 30.1421222687, 47.5754928589, -27.7547016144, -49.9737167358, -27.0207366943], [-38.6305961609, -4.39729690552, 13.8289632797, 40.0018196106, 36.6447868347, 2.36343741417, 84.0619812012, 131.255081177, 39.7489585876, 1.17545425892, 3.87393903732, -28.9611434937, -43.6004371643], [-63.4727668762, 13.8515825272, 83.1248626709, 17.9041481018, -3.71603822708, 65.7737579346, 30.1421222687, 39.7489585876, 99.3683395386, 28.1222076416, -0.079704284668, 8.33184432983, -13.146941185], [119.373054504, -47.0086555481, -27.0241107941, 62.0264015198, -9.1376581192, -7.72786998749, 47.5754928589, 1.17545425892, 28.1222076416, 81.0160751343, 22.9003810883, -6.89274024963, 12.0007858276], [-9.81068325043, 48.397026062, 38.372631073, -27.0843505859, 37.2332878113, 3.95435643196, -27.7547016144, 3.87393903732, -0.079704284668, 22.9003810883, 76.4349136353, 39.6273498535, 4.26010990143], [-358.368865967, -18.1747455597, 128.366912842, 5.91140794754, 24.9925308228, 57.9559822083, -49.9737167358, -28.9611434937, 8.33184432983, -6.89274024963, 39.6273498535, 104.072738647, 41.6767921448], [25.3779811859, 45.0709075928, 36.9566955566, -12.1373901367, 49.9208679199, 25.5902023315, -27.0207366943, -43.6004371643, -13.146941185, 12.0007858276, 4.26010990143, 41.6767921448, 99.6444015503]],
        "icov": [[0.000744283490349, -0.00136655790266, 0.00163239159156, -0.00128321885131, 5.43537753401e-05, 0.000192800463992, -0.000489152676892, 0.00124310853425, -0.00156621914357, 0.00125759758521, -0.00176711776294, 0.0016437828308, -0.000968706212007], [-0.00136655790266, 0.00867883861065, -0.00545559683815, 0.00776584353298, -0.00647554406896, 0.00686768814921, -0.00720928516239, 0.00646540522575, -0.00606243824586, 0.00641737738624, -0.00290419254452, 0.00127681612503, -0.000236327614402], [0.00163239159156, -0.00545559683815, 0.0062520140782, -0.0054900101386, 0.00397977139801, -0.00630321120843, 0.00461852224544, -0.00326202716678, 0.00183788628783, -0.00176322855987, -0.00174714985769, 0.00230301590636, -0.00191928457934], [-0.00128321885131, 0.00776584353298, -0.0054900101386, 0.0105863017961, -0.00673659518361, 0.00802776496857, -0.00961439218372, 0.00641802186146, -0.00463576382026, 0.00267394841649, 0.00128831202164, -0.0033446890302, 0.00206445832737], [5.43537753401e-05, -0.00647554406896, 0.00397977139801, -0.00673659518361, 0.0124497245997, -0.0110633699223, 0.0116386096925, -0.0138180414215, 0.0106331631541, -0.00783765967935, 0.00263027474284, -0.00186457624659, -0.00265328190289], [0.000192800463992, 0.00686768814921, -0.00630321120843, 0.00802776496857, -0.0110633699223, 0.0221595894545, -0.0171820111573, 0.0177242308855, -0.01850678958, 0.0147804412991, -0.00646544340998, 0.00172724004369, -0.00155987252947], [-0.000489152676892, -0.00720928516239, 0.00461852224544, -0.00961439218372, 0.0116386096925, -0.0171820111573, 0.0241242535412, -0.0220667440444, 0.0175636895001, -0.0184334423393, 0.0110300704837, -0.00326507794671, 0.00140092312358], [0.00124310853425, 0.00646540522575, -0.00326202716678, 0.00641802186146, -0.0138180414215, 0.0177242308855, -0.0220667440444, 0.0349075086415, -0.0255878213793, 0.0231676585972, -0.0170050356537, 0.0116530265659, 9.85330334515e-05], [-0.00156621914357, -0.00606243824586, 0.00183788628783, -0.00463576382026, 0.0106331631541, -0.01850678958, 0.0175636895001, -0.0255878213793, 0.037659548223, -0.0293595641851, 0.0212015081197, -0.016116656363, 0.00922614522278], [0.00125759758521, 0.00641737738624, -0.00176322855987, 0.00267394841649, -0.00783765967935, 0.0147804412991, -0.0184334423393, 0.0231676585972, -0.0293595641851, 0.0453856922686, -0.030830424279, 0.0214017461985, -0.0139469830319], [-0.00176711776294, -0.00290419254452, -0.00174714985769, 0.00128831202164, 0.00263027474284, -0.00646544340998, 0.0110300704837, -0.0170050356537, 0.0212015081197, -0.030830424279, 0.0421331711113, -0.0264611151069, 0.0142381591722], [0.0016437828308, 0.00127681612503, 0.00230301590636, -0.0033446890302, -0.00186457624659, 0.00172724004369, -0.00326507794671, 0.0116530265659, -0.016116656363, 0.0214017461985, -0.0264611151069, 0.0327161289752, -0.0148100266233], [-0.000968706212007, -0.000236327614402, -0.00191928457934, 0.00206445832737, -0.00265328190289, -0.00155987252947, 0.00140092312358, 9.85330334515e-05, 0.00922614522278, -0.0139469830319, 0.0142381591722, -0.0148100266233, 0.02198811993]]
    },
    "melbands": {
        "dmean": [0.000145486934343, 0.000585914240219, 0.000317261146847, 0.000219452660531, 0.000455874134786, 0.000472122279461, 5.70242082176e-05, 0.00011626577907, 7.16967479093e-05, 5.13994455105e-05, 1.59211576829e-05, 4.2326169023e-06, 7.52418918637e-06, 3.9214737626e-06, 5.44739623365e-06, 3.94392827729e-06, 9.72553038991e-07, 1.07284199657e-06, 7.64368792261e-07, 5.50378672415e-07, 1.7214048853e-07, 2.47295787403e-07, 1.46365451315e-07, 7.81262627925e-08, 4.96447185583e-08, 3.65000225599e-08, 2.35882726685e-08, 2.0848318627e-08, 6.37418473559e-09, 2.05386463392e-08, 3.39731864862e-09, 2.1139194839e-09, 1.0090982494e-09, 6.00415717145e-10, 2.65809790845e-10, 3.74466069264e-10, 9.95438106943e-11, 5.32667104869e-11, 2.20296905717e-11, 1.08486709199e-11],
        "dmean2": [0.000224149320275, 0.000940587837249, 0.00054500537226, 0.000354179326678, 0.000736438902095, 0.000869146955665, 8.89851799002e-05, 0.000173127016751, 8.96156270755e-05, 6.24286403763e-05, 2.04508050956e-05, 6.05199738857e-06, 9.29384987103e-06, 4.8086658353e-06, 7.69720281824e-06, 5.78926574235e-06, 1.40237398227e-06, 1.45930914641e-06, 1.12719851586e-06, 8.74711872711e-07, 2.55495422152e-07, 3.15077386404e-07, 2.08938473634e-07, 1.04286556279e-07, 6.78878890881e-08, 5.01753234516e-08, 3.11090282423e-08, 2.87690600231e-08, 8.6193843174e-09, 3.05217504604e-08, 5.04142860791e-09, 3.18299453461e-09, 1.33916944201e-09, 9.95132642956e-10, 4.33556052171e-10, 6.0352900455e-10, 1.7594138646e-10, 8.86020631863e-11, 3.76125276758e-11, 1.90598856142e-11],
        "dvar": [1.17185386728e-07, 1.38498319302e-06, 5.28332975591e-07, 3.13898738113e-07, 8.50915000683e-07, 1.77256390543e-06, 3.03412406311e-08, 1.42353357546e-07, 1.06085600748e-07, 1.23937510921e-07, 6.08765082788e-09, 4.16976980722e-10, 1.21067922354e-09, 3.15909381987e-10, 2.75832273688e-10, 1.5219198124e-10, 2.61936652923e-11, 1.74548049625e-11, 7.46763328258e-12, 3.24166943289e-11, 2.17334050062e-12, 2.9620626698e-12, 9.19326355493e-13, 1.65478240377e-13, 9.40604134836e-14, 6.10364013563e-14, 2.04650563125e-14, 1.5209145724e-14, 3.10937303432e-15, 7.27827967708e-14, 1.40793361212e-15, 8.09837507079e-16, 3.50788345422e-16, 2.96700950696e-16, 1.40589337445e-17, 4.28642015575e-17, 2.59259124848e-18, 4.125717109e-19, 3.51024465006e-20, 4.04044690475e-21],
        "dvar2": [2.42727537625e-07, 3.48300068254e-06, 1.55013026415e-06, 8.8196827619e-07, 2.2978429115e-06, 6.47134129395e-06, 6.577570133e-08, 3.02518202488e-07, 1.44973114402e-07, 1.93762403455e-07, 8.57204174309e-09, 7.77331032875e-10, 1.22418952753e-09, 3.62993191061e-10, 5.92533411226e-10, 3.27602250882e-10, 5.53045803597e-11, 3.25627788622e-11, 1.57580927473e-11, 9.36879393509e-11, 5.62335334547e-12, 4.49920699655e-12, 2.09651523572e-12, 2.89801196278e-13, 2.19114304608e-13, 1.23187145705e-13, 3.63447031531e-14, 3.04762352778e-14, 5.74508863266e-15, 1.79505512559e-13, 3.37880997967e-15, 1.59869559624e-15, 5.08747999274e-16, 8.10498722173e-16, 3.42658708482e-17, 9.78331458234e-17, 6.8297379095e-18, 1.03431356557e-18, 8.79440849678e-20, 1.06833566896e-20],
        "max": [0.021894948557, 0.0389529913664, 0.0228727888316, 0.0151426959783, 0.0272446423769, 0.035436231643, 0.00511448225006, 0.0147733436897, 0.0175134576857, 0.0142666120082, 0.0054325805977, 0.00175442756154, 0.00206861854531, 0.000999554526061, 0.00047743570758, 0.000358147604857, 0.000330650247633, 0.000203194358619, 0.000121880759252, 0.000459361472167, 0.00011150532373, 0.000110684370156, 6.17407204118e-05, 2.73638070212e-05, 1.8934973923e-05, 1.5602889107e-05, 6.65884454065e-06, 4.19965363108e-06, 3.42889757121e-06, 1.43930783452e-05, 1.92598690774e-06, 2.0469356059e-06, 2.03365038942e-06, 1.38298878483e-06, 1.90184394455e-07, 4.17515281015e-07, 7.39446406328e-08, 2.65111523845e-08, 7.02793956364e-09, 2.49436649113e-09],
        "mean": [0.000644538376946, 0.00215950002894, 0.000905021501239, 0.000611559255049, 0.00130531436298, 0.00116134213749, 0.000194786989596, 0.000423151243012, 0.000335473683663, 0.000151372601977, 6.16826873738e-05, 1.22991505123e-05, 2.11641399801e-05, 1.48690069182e-05, 1.42403259815e-05, 9.23105744732e-06, 2.64000686911e-06, 3.38900440511e-06, 2.3024604161e-06, 1.13009821234e-06, 4.22969890224e-07, 6.57223608869e-07, 3.39521733395e-07, 1.93230192735e-07, 1.1054898863e-07, 7.41026653373e-08, 4.78228976419e-08, 4.27590549634e-08, 1.22539081104e-08, 2.6143418097e-08, 4.4222563389e-09, 2.48937648273e-09, 1.32290556287e-09, 7.11317282853e-10, 3.1953509283e-10, 3.67420038838e-10, 8.44020686674e-11, 5.29832948348e-11, 2.19029672871e-11, 1.09210314403e-11],
        "median": [0.000116870978673, 0.000882674532477, 0.000382688769605, 0.000218965185923, 0.000601013889536, 0.000302579632262, 6.85620107106e-05, 0.000115038783406, 6.40329235466e-05, 2.01867951546e-05, 1.59481296578e-05, 3.62231276085e-06, 4.67558902528e-06, 2.92067829832e-06, 3.28864621224e-06, 2.05456331059e-06, 6.21153844804e-07, 4.35113946651e-07, 4.22162599989e-07, 2.19991846961e-07, 5.57011787805e-08, 4.58097986211e-08, 3.19580735209e-08, 1.00694457217e-08, 6.50098375132e-09, 3.31618599247e-09, 1.35831157433e-09, 7.08257452686e-10, 1.57689028502e-10, 1.0010680479e-10, 4.44958167534e-11, 2.51036136323e-11, 1.63545080256e-11, 1.09336793092e-11, 8.01493767189e-12, 6.13707262093e-12, 4.8805824833e-12, 4.13302725377e-12, 3.64140575332e-12, 3.30387778767e-12],
        "min": [5.57161886621e-24, 7.28537579546e-24, 7.62671669801e-24, 1.27060737376e-23, 1.27502665144e-23, 8.89761579253e-24, 2.62314552559e-24, 3.28668305703e-24, 4.16311521412e-24, 1.60437789375e-23, 1.1739904511e-23, 7.03281408804e-24, 8.78367745654e-24, 3.69697967181e-24, 5.84458603867e-24, 4.22514098052e-24, 5.66536630733e-24, 1.11121716011e-23, 6.39100789961e-24, 7.81765890239e-24, 7.26754675014e-24, 1.22816791924e-23, 1.37137536139e-23, 1.17234165292e-23, 8.0029891503e-24, 9.55408690519e-24, 8.4426047667e-24, 6.67107245362e-24, 6.7473545143e-24, 5.66146539015e-24, 4.75918088069e-24, 7.51222852597e-24, 1.04067445695e-23, 8.57936327095e-24, 1.19575338798e-23, 1.24641080099e-23, 1.11960212045e-23, 1.00588032678e-23, 7.57303707999e-24, 1.21822913958e-23],
        "var": [2.4394751108e-06, 1.254261133e-05, 2.10684697777e-06, 1.17116337606e-06, 3.30771149493e-06, 4.99800808029e-06, 1.21885250337e-07, 8.96559981811e-07, 1.08908693619e-06, 4.9059281082e-07, 3.22141708864e-08, 1.43728151603e-09, 6.50833920091e-09, 2.27275331888e-09, 9.21357323769e-10, 4.07765238242e-10, 5.44935520319e-11, 9.23803464281e-11, 2.84935425948e-11, 3.323918224e-11, 3.20097962893e-12, 1.06775933581e-11, 1.88794466172e-12, 7.00685332238e-13, 2.58089610881e-13, 1.30143603685e-13, 4.99039252576e-14, 3.72104623047e-14, 8.87393728378e-15, 7.85165660787e-14, 1.62833793775e-15, 1.13349419606e-15, 7.27323580764e-16, 2.56156951052e-16, 1.51970614755e-17, 4.16938204001e-17, 2.01487300584e-18, 4.11095581248e-19, 3.44662024379e-20, 3.33776303284e-21]
    },
    "mfcc": {
        "mean": [-851.486816406, 248.955795288, 38.0311737061, -0.0212525986135, 9.92336654663, -0.589059948921, -5.39789247513, -7.53027868271, -6.03132104874, -1.40054857731, 0.173297062516, 0.444302707911, -1.19644963741],
        "cov": [[6291.87548828, 2773.7019043, -2449.56420898, -277.492248535, 152.848510742, -452.173187256, -102.064102173, -173.16633606, -113.182907104, 76.2888717651, -6.91543579102, -25.7654190063, -50.3764801025], [2773.7019043, 1764.37658691, -741.828674316, -384.104675293, 136.971359253, -106.974014282, -107.853118896, -83.6064605713, -71.5353546143, -5.83366012573, -21.2681159973, -42.5192680359, -34.2277107239], [-2449.56420898, -741.828674316, 1378.68005371, 118.821083069, -57.0651817322, 277.488739014, 55.4734039307, 78.0547637939, 66.1452636719, -21.3857135773, 15.6903457642, 16.625207901, 18.7630062103], [-277.492248535, -384.104675293, 118.821083069, 428.865447998, 44.1981773376, -8.54631710052, 121.827072144, 60.2986717224, 45.1557121277, 51.7133522034, 39.7552566528, 43.7780036926, 36.4871559143], [152.848510742, 136.971359253, -57.0651817322, 44.1981773376, 206.99055481, 52.1252708435, -2.13939189911, 40.887134552, 1.33396601677, -17.8919239044, -5.98515987396, -3.35405039787, 14.8438673019], [-452.173187256, -106.974014282, 277.488739014, -8.54631710052, 52.1252708435, 187.995788574, 46.968460083, 20.1887016296, 45.5937652588, -3.69227862358, -9.76456832886, 4.82929706573, 1.14957809448], [-102.064102173, -107.853118896, 55.4734039307, 121.827072144, -2.13939189911, 46.968460083, 141.869338989, 67.6876296997, 33.7548065186, 47.1852836609, 22.8632106781, 15.9663228989, 25.2647266388], [-173.16633606, -83.6064605713, 78.0547637939, 60.2986717224, 40.887134552, 20.1887016296, 67.6876296997, 129.335220337, 58.9019584656, 10.9703025818, 30.3481941223, 23.497428894, 26.8178653717], [-113.182907104, -71.5353546143, 66.1452636719, 45.1557121277, 1.33396601677, 45.5937652588, 33.7548065186, 58.9019584656, 110.821937561, 54.2651748657, 18.8137969971, 27.9629688263, 6.86736536026], [76.2888717651, -5.83366012573, -21.3857135773, 51.7133522034, -17.8919239044, -3.69227862358, 47.1852836609, 10.9703025818, 54.2651748657, 117.094413757, 53.2741508484, 0.756348967552, 3.53710722923], [-6.91543579102, -21.2681159973, 15.6903457642, 39.7552566528, -5.98515987396, -9.76456832886, 22.8632106781, 30.3481941223, 18.8137969971, 53.2741508484, 93.3093948364, 53.9753036499, 11.4446687698], [-25.7654190063, -42.5192680359, 16.625207901, 43.7780036926, -3.35405039787, 4.82929706573, 15.9663228989, 23.497428894, 27.9629688263, 0.756348967552, 53.9753036499, 112.069450378, 50.7113571167], [-50.3764801025, -34.2277107239, 18.7630062103, 36.4871559143, 14.8438673019, 1.14957809448, 25.2647266388, 26.8178653717, 6.86736536026, 3.53710722923, 11.4446687698, 50.7113571167, 81.7216949463]],
