{
"lowlevel": {
    "average_loudness": 0.963751196861,
    "barkbands_crest": {
        "dmean": 2.98698735237,
        "dmean2": 4.75006341934,
        "dvar": 6.88133716583,
        "dvar2": 17.7448043823,
        "max": 25.9478988647,
        "mean": 12.687122345,
        "median": 11.9801454544,
        "min": 3.29619979858,
        "var": 22.0608940125
    },
    "barkbands_flatness_db": {
        "dmean": 0.0288715157658,
        "dmean2": 0.0434758961201,
        "dvar": 0.000976678100415,
        "dvar2": 0.00211104680784,
        "max": 0.512251496315,
        "mean": 0.187921091914,
        "median": 0.176595047116,
        "min": 0.0646842047572,
        "var": 0.00459163123742
    },
    "barkbands_kurtosis": {
        "dmean": 3.5022623539,
        "dmean2": 5.58597612381,
        "dvar": 50.6012458801,
        "dvar2": 122.135650635,
        "max": 301.591217041,
        "mean": 5.34851455688,
        "median": 2.30603599548,
        "min": -1.96585917473,
        "var": 140.682525635
    },
    "barkbands_skewness": {
        "dmean": 0.597605109215,
        "dmean2": 0.934253156185,
        "dvar": 0.351176321507,
        "dvar2": 0.848588109016,
        "max": 13.729514122,
        "mean": 1.81674420834,
        "median": 1.58541846275,
        "min": -4.20524740219,
        "var": 1.41782057285
    },
    "barkbands_spread": {
        "dmean": 4.33838224411,
        "dmean2": 6.86418771744,
        "dvar": 15.5080442429,
        "dvar2": 37.5421905518,
        "max": 112.711364746,
        "mean": 16.8443489075,
        "median": 16.3284091949,
        "min": 0.207215294242,
        "var": 77.7084121704
    },
    "dissonance": {
        "dmean": 0.0291309524328,
        "dmean2": 0.0476686321199,
        "dvar": 0.000720070092939,
        "dvar2": 0.00183435971849,
        "max": 0.499999940395,
        "mean": 0.432984352112,
        "median": 0.442320853472,
        "min": 0.160496473312,
        "var": 0.0019012974808
    },
    "dynamic_complexity": 2.26451563835,
    "erbbands_crest": {
        "dmean": 3.83757090569,
        "dmean2": 6.33076190948,
        "dvar": 11.8058834076,
        "dvar2": 30.8327331543,
        "max": 32.5564727783,
        "mean": 11.1986465454,
        "median": 9.98923397064,
        "min": 2.7128534317,
        "var": 26.5430450439
    },
    "erbbands_flatness_db": {
        "dmean": 0.0232340730727,
        "dmean2": 0.0364072062075,
        "dvar": 0.00059497077018,
        "dvar2": 0.00132823956665,
        "max": 0.481404453516,
        "mean": 0.194636970758,
        "median": 0.187168344855,
        "min": 0.0754416808486,
        "var": 0.00223088869825
    },
    "erbbands_kurtosis": {
        "dmean": 1.2839962244,
        "dmean2": 2.07908034325,
        "dvar": 9.41272830963,
        "dvar2": 21.0747146606,
        "max": 150.157608032,
        "mean": 0.764479756355,
        "median": -0.115881443024,
        "min": -1.78641855717,
        "var": 27.2478237152
    },
    "erbbands_skewness": {
        "dmean": 0.434496581554,
        "dmean2": 0.679235100746,
        "dvar": 0.166641712189,
        "dvar2": 0.386618077755,
        "max": 10.2835979462,
        "mean": 0.333202928305,
        "median": 0.273093223572,
        "min": -3.20370149612,
        "var": 0.646890580654
    },
    "erbbands_spread": {
        "dmean": 7.9311876297,
        "dmean2": 12.4377784729,
        "dvar": 52.7802009583,
        "dvar2": 121.35269165,
        "max": 148.31489563,
        "mean": 32.7526359558,
        "median": 31.630109787,
        "min": 0.660824298859,
        "var": 192.671127319
    },
    "hfc": {
        "dmean": 6.73439455032,
        "dmean2": 10.8368358612,
        "dvar": 86.4291992188,
        "dvar2": 216.080886841,
        "max": 96.9017181396,
        "mean": 18.6841812134,
        "median": 15.974822998,
        "min": 1.13715059907e-16,
        "var": 172.356658936
    },
    "melbands_crest": {
        "dmean": 3.49711275101,
        "dmean2": 5.71180200577,
        "dvar": 10.0409612656,
        "dvar2": 27.9677371979,
        "max": 33.8790931702,
        "mean": 16.9845962524,
        "median": 16.6462402344,
        "min": 2.42540955544,
        "var": 27.5491447449
    },
    "melbands_flatness_db": {
        "dmean": 0.0316141620278,
        "dmean2": 0.0470539107919,
        "dvar": 0.00122361804824,
        "dvar2": 0.00253345654346,
        "max": 0.661006867886,
        "mean": 0.270496159792,
        "median": 0.260260313749,
        "min": 0.0101856244728,
        "var": 0.0066745406948
    },
    "melbands_kurtosis": {
        "dmean": 7.60948991776,
        "dmean2": 11.9995985031,
        "dvar": 164.575088501,
        "dvar2": 394.945709229,
        "max": 631.494018555,
        "mean": 14.3979110718,
        "median": 8.17144584656,
        "min": -1.82191824913,
        "var": 627.778320312
    },
    "melbands_skewness": {
        "dmean": 0.805090904236,
        "dmean2": 1.24252307415,
        "dvar": 0.573373734951,
        "dvar2": 1.34339869022,
        "max": 20.941986084,
        "mean": 2.83222436905,
        "median": 2.52370619774,
        "min": -1.15342152119,
        "var": 2.44976663589
    },
    "melbands_spread": {
        "dmean": 5.08239889145,
        "dmean2": 8.02530765533,
        "dvar": 26.0359897614,
        "dvar2": 60.6290435791,
        "max": 137.038330078,
        "mean": 16.394908905,
        "median": 15.2629995346,
        "min": 0.2811011374,
        "var": 88.986946106
    },
    "pitch_salience": {
        "dmean": 0.0715609714389,
        "dmean2": 0.115013606846,
        "dvar": 0.00424364116043,
        "dvar2": 0.0107619594783,
        "max": 0.832455575466,
        "mean": 0.43669128418,
        "median": 0.440383017063,
        "min": 0.0487827546895,
        "var": 0.0108565269038
    },
    "silence_rate_20dB": {
        "dmean": 0,
        "dmean2": 0,
        "dvar": 0,
        "dvar2": 0,
        "max": 1,
        "mean": 1,
        "median": 1,
        "min": 1,
        "var": 0
    },
    "silence_rate_30dB": {
        "dmean": 0.0173926912248,
        "dmean2": 0.0347881577909,
        "dvar": 0.017091717571,
        "dvar2": 0.0461899712682,
        "max": 1,
        "mean": 0.988193035126,
        "median": 1,
        "min": 0,
        "var": 0.0116666266695
    },
    "silence_rate_60dB": {
        "dmean": 0.00718046911061,
        "dmean2": 0.014282294549,
        "dvar": 0.00713071366772,
        "dvar2": 0.0161473862827,
        "max": 1,
        "mean": 0.024890307337,
        "median": 0,
        "min": 0,
        "var": 0.0242764987051
    },
    "spectral_centroid": {
        "dmean": 222.041412354,
        "dmean2": 344.634521484,
        "dvar": 49897.5195312,
        "dvar2": 104147.304688,
        "max": 10964.6640625,
        "mean": 1103.28808594,
        "median": 1074.18981934,
        "min": 144.111587524,
        "var": 217467.703125
    },
    "spectral_complexity": {
        "dmean": 3.67640018463,
        "dmean2": 5.68235874176,
        "dvar": 18.2830543518,
        "dvar2": 40.3409118652,
        "max": 52,
        "mean": 16.633266449,
        "median": 16,
        "min": 0,
        "var": 52.0972213745
    },
    "spectral_decrease": {
        "dmean": 3.59793528304e-09,
        "dmean2": 5.86249537804e-09,
        "dvar": 2.18031458774e-17,
        "dvar2": 5.72542259227e-17,
        "max": 3.2797438649e-16,
        "mean": -1.07121103099e-08,
        "median": -9.90125847977e-09,
        "min": -4.88448073099e-08,
        "var": 3.9905475768e-17
    },
    "spectral_energy": {
        "dmean": 0.0140358163044,
        "dmean2": 0.0228587370366,
        "dvar": 0.000330197886797,
        "dvar2": 0.000865457870532,
        "max": 0.186822637916,
        "mean": 0.0421246401966,
        "median": 0.0391887649894,
        "min": 1.02994624904e-20,
        "var": 0.000604813278187
    },
    "spectral_energyband_high": {
        "dmean": 0.000199524714844,
        "dmean2": 0.000321707950206,
        "dvar": 1.13349784669e-07,
        "dvar2": 2.53793245975e-07,
        "max": 0.00726568792015,
        "mean": 0.000432866392657,
        "median": 0.000202101829927,
        "min": 6.92947778388e-21,
        "var": 3.69310527049e-07
    },
    "spectral_energyband_low": {
        "dmean": 0.00981107912958,
        "dmean2": 0.0159378964454,
        "dvar": 0.00020811081049,
        "dvar2": 0.000563986366615,
        "max": 0.172099649906,
        "mean": 0.0223469715565,
        "median": 0.0177870392799,
        "min": 1.39968726373e-22,
        "var": 0.000400160817662
    },
    "spectral_energyband_middle_high": {
        "dmean": 0.00329302228056,
        "dmean2": 0.00532054901123,
        "dvar": 1.96828077605e-05,
        "dvar2": 4.98696535942e-05,
        "max": 0.0516915097833,
        "mean": 0.00621229503304,
        "median": 0.00444287480786,
        "min": 1.7564810742e-21,
        "var": 3.36863668053e-05
    },
    "spectral_energyband_middle_low": {
        "dmean": 0.00597881386057,
        "dmean2": 0.00908502656966,
        "dvar": 7.10806270945e-05,
        "dvar2": 0.00017779013433,
        "max": 0.0855748280883,
        "mean": 0.0144203128293,
        "median": 0.0115523766726,
        "min": 2.38885888545e-22,
        "var": 0.000129194901092
    },
    "spectral_entropy": {
        "dmean": 0.225061118603,
        "dmean2": 0.33259421587,
        "dvar": 0.0675737708807,
        "dvar2": 0.144161477685,
        "max": 9.79677295685,
        "mean": 7.06111240387,
        "median": 7.10378551483,
        "min": 4.04711389542,
        "var": 0.251035273075
    },
    "spectral_flux": {
        "dmean": 0.0337107330561,
        "dmean2": 0.0543484650552,
        "dvar": 0.00139477313496,
        "dvar2": 0.00306000956334,
        "max": 0.33033272624,
        "mean": 0.0941642895341,
        "median": 0.0835033804178,
        "min": 1.01486270776e-10,
        "var": 0.00281775789335
    },
    "spectral_kurtosis": {
        "dmean": 3.19456291199,
        "dmean2": 5.26747894287,
        "dvar": 35.9794502258,
        "dvar2": 81.6335296631,
        "max": 156.858139038,
        "mean": 7.11872577667,
        "median": 4.60843133926,
        "min": -1.22458362579,
        "var": 115.236709595
    },
    "spectral_rms": {
        "dmean": 0.00099367974326,
        "dmean2": 0.0015923732426,
        "dvar": 1.23898905713e-06,
        "dvar2": 3.15494389724e-06,
        "max": 0.01350059174,
        "mean": 0.00610141083598,
        "median": 0.00618327921256,
        "min": 3.16989837157e-12,
        "var": 3.86991177947e-06
    },
    "spectral_rolloff": {
        "dmean": 309.179443359,
        "dmean2": 529.332641602,
        "dvar": 175153.390625,
        "dvar2": 369071.6875,
        "max": 19745.9472656,
        "mean": 877.664916992,
        "median": 753.662109375,
        "min": 64.599609375,
        "var": 1097665.375
    },
    "spectral_skewness": {
        "dmean": 0.339423060417,
        "dmean2": 0.538044512272,
        "dvar": 0.186603337526,
        "dvar2": 0.401014715433,
        "max": 10.2154512405,
        "mean": 1.66970717907,
        "median": 1.46301245689,
        "min": -0.142944172025,
        "var": 0.8660364151
    },
    "spectral_spread": {
        "dmean": 340342.15625,
        "dmean2": 525838.3125,
        "dvar": 239952101376,
        "dvar2": 367833645056,
        "max": 41688824,
        "mean": 3349660.5,
        "median": 3372776,
        "min": 529998.8125,
        "var": 1.04599938662e+12
    },
    "spectral_strongpeak": {
        "dmean": 0.39522305131,
        "dmean2": 0.681701242924,
        "dvar": 0.432138592005,
        "dvar2": 1.13035237789,
        "max": 7.32735395432,
        "mean": 0.742918014526,
        "median": 0.503549277782,
        "min": 0,
        "var": 0.518304944038
    },
    "zerocrossingrate": {
        "dmean": 0.00580647215247,
        "dmean2": 0.00712704379112,
        "dvar": 4.23469537054e-05,
        "dvar2": 4.81845745526e-05,
        "max": 0.73974609375,
        "mean": 0.0365161150694,
        "median": 0.0341796875,
        "min": 0.00244140625,
        "var": 0.000775894615799
    },
    "barkbands": {
        "dmean": [0.000391957582906, 0.00818965304643, 0.00248892977834, 0.00174622912891, 0.00239260401577, 0.00103365199175, 0.000703921192326, 0.00142329756636, 0.0012296536006, 0.00130366394296, 0.000966335937846, 0.000559459498618, 0.000738334376365, 0.000328924419591, 0.000444132689154, 0.000370436377125, 0.000343864230672, 0.000193649073481, 0.000210196652915, 0.000111436784209, 8.84444161784e-05, 6.52902235743e-05, 2.51590663538e-05, 1.28869978653e-05, 4.11378414356e-06, 1.83970223588e-06, 3.205560688e-06],
        "dmean2": [0.000605422537774, 0.0130991842598, 0.00428323866799, 0.00269691203721, 0.00368987745605, 0.00125643715728, 0.000937203643844, 0.00220508384518, 0.00192106922623, 0.0021212962456, 0.00160191091709, 0.000938020762987, 0.00126615352929, 0.000571837765165, 0.000792607606854, 0.000645207299385, 0.000601113715675, 0.000333148782374, 0.000355162861524, 0.000182321295142, 0.000144832069054, 0.00010802133329, 4.13358757214e-05, 2.0282506739e-05, 6.62017646391e-06, 3.0521134704e-06, 6.08181198913e-06],
        "dvar": [3.72239611579e-07, 0.000132942208438, 4.69656224595e-05, 1.92049792531e-05, 2.95717454719e-05, 3.86836109101e-06, 2.32354545915e-06, 6.23678988632e-06, 6.55953499518e-06, 7.7342010627e-06, 4.09244285038e-06, 1.87313048627e-06, 2.15608451981e-06, 7.37528921491e-07, 9.50360913521e-07, 4.70615759696e-07, 2.66967845164e-07, 9.62941655303e-08, 1.21815645571e-07, 3.77122262307e-08, 2.59237022959e-08, 1.31289334959e-08, 3.18843329516e-09, 8.67407090599e-10, 9.09832140183e-11, 1.14379668931e-11, 8.25606458199e-11],
        "dvar2": [8.88622196271e-07, 0.000368647044525, 0.000129449050291, 4.22088778578e-05, 7.59728791309e-05, 6.31205784885e-06, 4.08905088989e-06, 1.43813567774e-05, 1.5461946532e-05, 1.97043991648e-05, 1.07106689029e-05, 5.03535102325e-06, 5.99155191594e-06, 2.09557197195e-06, 2.93109360427e-06, 1.35045127081e-06, 7.68943721141e-07, 2.65291475898e-07, 3.35757789571e-07, 9.52929752884e-08, 6.17179125584e-08, 3.33744409886e-08, 8.26174684221e-09, 2.02247552039e-09, 2.0138120338e-10, 2.95680493978e-11, 2.3642182656e-10],
        "max": [0.00864375196397, 0.105233833194, 0.092047765851, 0.0623758547008, 0.0752027481794, 0.0503882467747, 0.0351443998516, 0.0441644564271, 0.0451151914895, 0.0387528203428, 0.0433833114803, 0.026281023398, 0.0181487519294, 0.0167470257729, 0.0171547923237, 0.0114405797794, 0.00773070193827, 0.0037976806052, 0.00461549684405, 0.00416688015684, 0.00391027005389, 0.00200286717154, 0.000762544863392, 0.000235496612731, 8.24929447845e-05, 3.47512723238e-05, 9.69339962467e-05],
        "mean": [0.000920501828659, 0.0169627536088, 0.00331897428259, 0.00237490492873, 0.00428149010986, 0.00237592938356, 0.00132634979673, 0.0019756378606, 0.00172129354905, 0.0014851243468, 0.0012264852412, 0.000606243032962, 0.000791655038483, 0.000335202290444, 0.000477567082271, 0.000418638170231, 0.000457809393993, 0.000263265828835, 0.000291545904474, 0.000165461853612, 0.00016168190632, 0.000126269995235, 3.38628087775e-05, 1.5579020328e-05, 5.32118247065e-06, 2.65186668003e-06, 2.56023713519e-06],
        "median": [0.000473941181554, 0.0118483603001, 0.00175003823824, 0.000659877492581, 0.00149811070878, 0.000693578564096, 0.000531277502887, 0.000578646082431, 0.000492109335028, 0.000385296560125, 0.000299112492939, 0.000165046585607, 0.000231781348702, 9.02516767383e-05, 0.000179765032954, 0.00016510685964, 0.000266748102149, 0.000130174405058, 0.000140044619911, 7.17796647223e-05, 6.26061591902e-05, 4.61352065031e-05, 9.41605776461e-06, 3.91067487726e-06, 1.67280768437e-06, 8.29920168144e-07, 1.58688280294e-07],
        "min": [4.80555288571e-23, 9.08688876724e-23, 3.49736496729e-23, 3.64231358323e-24, 5.01928906818e-23, 8.89299496089e-23, 1.20983471291e-23, 7.21252527972e-24, 4.07272287732e-23, 6.88120149072e-23, 1.61055874516e-22, 6.7282634493e-23, 6.75875008339e-23, 1.43235279475e-22, 1.45711217245e-22, 1.95675988285e-22, 1.49989102648e-22, 3.0654723307e-22, 2.81984527863e-22, 4.27950200081e-22, 2.17755220524e-22, 5.50328603066e-22, 6.56307938363e-22, 6.14431515955e-22, 1.17978179771e-21, 1.47462443016e-21, 2.36180057775e-21],
        "var": [1.06094353214e-06, 0.000270894466667, 3.80841047445e-05, 2.60761389654e-05, 4.19607276854e-05, 1.73069201992e-05, 6.34070875094e-06, 1.15907341751e-05, 1.07744890556e-05, 8.26269024401e-06, 5.52063102077e-06, 1.9054476752e-06, 2.30281239055e-06, 6.97649170434e-07, 8.68653046382e-07, 4.76756781609e-07, 3.25482261587e-07, 1.33721627549e-07, 1.83889284244e-07, 7.02234430605e-08, 7.18342363371e-08, 3.8537500302e-08, 4.09035783022e-09, 9.89767823256e-10, 1.1789361154e-10, 1.70779466957e-11, 5.30465948945e-11]
    },
    "erbbands": {
        "dmean": [0.30308303237, 1.63936877251, 2.67453098297, 4.42053222656, 5.41708850861, 10.2701330185, 11.2671508789, 6.71271848679, 8.94761943817, 17.8426914215, 30.157245636, 30.7604236603, 30.1322383881, 34.2637252808, 43.4844818115, 28.1672821045, 35.5305709839, 19.2691001892, 21.6945362091, 22.5511951447, 14.7887201309, 14.1942901611, 11.3549547195, 13.6204681396, 7.74099254608, 5.67651414871, 3.23056125641, 3.80711960793, 2.12685251236, 1.44675815105, 0.612232208252, 0.352669030428, 0.160447388887, 0.0709773227572, 0.0153405694291, 0.00873921811581, 0.00322999828495, 0.00147638830822, 0.000593039381783, 5.32315134478e-05],
        "dmean2": [0.500372290611, 2.55307364464, 4.56716489792, 6.97477722168, 8.43293762207, 16.2262783051, 14.9213514328, 8.50927066803, 11.6549062729, 26.1030483246, 47.6746330261, 47.6874961853, 48.7143440247, 55.781955719, 71.9534835815, 47.281879425, 60.9726333618, 33.1796646118, 38.6968917847, 39.5417785645, 25.7389335632, 24.7049274445, 19.6144618988, 23.040725708, 13.2194843292, 9.37063884735, 5.36854410172, 6.15667152405, 3.5228073597, 2.32092642784, 1.02589559555, 0.597689449787, 0.243822455406, 0.10845451057, 0.0240871589631, 0.0138214183971, 0.00546676525846, 0.00269733252935, 0.00112481880933, 9.71189147094e-05],
        "dvar": [0.201328828931, 6.25293779373, 44.1473655701, 118.131591797, 149.201873779, 839.354980469, 500.396209717, 214.731048584, 442.509094238, 1096.35900879, 3308.96850586, 3817.25268555, 8357.31640625, 4736.44140625, 7174.71533203, 4343.39013672, 5138.79443359, 2240.15405273, 2811.45849609, 1862.1496582, 559.908081055, 449.932037354, 343.572052002, 707.230834961, 221.106124878, 97.5784378052, 33.3334541321, 61.631942749, 13.2899188995, 7.94298839569, 2.05617213249, 0.774514198303, 0.127292498946, 0.0264250263572, 0.00112777692266, 0.000255082355579, 3.64280531358e-05, 1.17881181723e-05, 2.89616673399e-06, 1.67604969903e-08],
        "dvar2": [0.570543527603, 16.8864879608, 125.231918335, 285.931182861, 344.142974854, 2173.92602539, 1035.08996582, 391.135131836, 743.467590332, 2318.99755859, 7897.80957031, 8912.48339844, 22025.8359375, 11711.5087891, 18715.4746094, 11814.8232422, 14391.0498047, 6390.54833984, 8695.3671875, 5524.25244141, 1612.89575195, 1275.40966797, 948.755432129, 1967.29931641, 607.883483887, 251.971038818, 80.7183761597, 145.341644287, 32.9549980164, 18.6514320374, 5.47100830078, 1.99983966351, 0.278278440237, 0.0568253993988, 0.00218378892168, 0.000615544500761, 9.49507666519e-05, 3.33176867571e-05, 8.30630324344e-06, 4.79878856652e-08],
        "max": [3.6522974968, 28.8590679169, 102.019691467, 129.314315796, 171.0337677, 357.178436279, 576.226135254, 402.230865479, 566.971374512, 911.961364746, 1215.69519043, 1107.85900879, 1715.81848145, 975.788208008, 1270.36499023, 1309.84460449, 961.625610352, 974.752380371, 968.443054199, 732.635498047, 380.112548828, 333.386962891, 219.417510986, 515.243713379, 207.851654053, 169.585891724, 159.736557007, 165.921798706, 69.0653686523, 51.5043754578, 18.8525390625, 7.20145225525, 2.46274018288, 1.31038892269, 0.389411985874, 0.202156379819, 0.0664486736059, 0.0389123894274, 0.0187565106899, 0.00133054540493],
        "mean": [0.534130573273, 3.53613638878, 4.52415370941, 6.36886024475, 7.86162614822, 16.6386852264, 25.5797386169, 15.0585613251, 17.5973072052, 30.1950511932, 42.8147735596, 45.3418464661, 32.1667175293, 42.942440033, 58.043422699, 33.1569404602, 39.2170600891, 20.9851074219, 23.5023784637, 26.1465969086, 18.7994003296, 19.5121307373, 16.221698761, 20.6760463715, 10.2194547653, 8.71012401581, 5.90599632263, 7.12042140961, 4.16640853882, 2.67810535431, 0.822640180588, 0.38480129838, 0.204162508249, 0.0868629962206, 0.0250189267099, 0.0130524924025, 0.00460434239358, 0.00162297370844, 0.000475702225231, 7.70236074459e-05],
        "median": [0.366373330355, 2.19028687477, 2.76819610596, 2.66939783096, 2.61081290245, 4.81196117401, 6.9282708168, 5.73195075989, 6.61002349854, 12.6127853394, 16.0584564209, 15.7150001526, 9.97413444519, 12.7972354889, 17.5299472809, 13.152056694, 12.3742408752, 7.55263948441, 8.51858711243, 12.0564594269, 10.4137248993, 11.7986660004, 9.48857021332, 8.39098739624, 4.90296602249, 3.87216472626, 2.62644791603, 2.18607568741, 1.49545121193, 0.963215231895, 0.271194398403, 0.0942767709494, 0.0520130693913, 0.0227403193712, 0.00950688589364, 0.00479125417769, 0.0012747355504, 0.000244427501457, 4.95051644975e-05, 5.22609589098e-05],
        "min": [2.59142559267e-21, 2.04268294081e-20, 4.58943488352e-20, 1.85792908139e-20, 4.62028128867e-20, 1.52124421235e-19, 3.39745152958e-19, 8.91851660794e-19, 4.68639227741e-19, 1.24314738288e-19, 2.42351925359e-19, 8.16921918596e-19, 2.3457392538e-18, 3.3235449064e-18, 5.25414123592e-18, 3.20946243107e-18, 3.81818588462e-18, 8.30466504818e-18, 7.00106645311e-18, 6.97202910488e-18, 1.01283344282e-17, 1.01996589037e-17, 1.60566907291e-17, 1.31870018336e-17, 1.6172446384e-17, 2.14096941103e-17, 1.04175548207e-17, 1.07194716084e-17, 1.87335001309e-17, 1.48766745719e-17, 1.95287300651e-17, 1.45419890243e-17, 1.1266419973e-17, 1.03219261244e-17, 9.85378408395e-18, 4.87443431548e-18, 2.64272811298e-18, 1.18563881401e-18, 3.21903978669e-19, 3.55752319195e-20],
        "var": [0.329060435295, 13.9779253006, 41.2309799194, 132.078720093, 210.948669434, 953.693603516, 1824.29772949, 800.673461914, 1267.65148926, 2470.71728516, 5625.93652344, 6611.11621094, 6885.01171875, 6217.58837891, 10442.6279297, 4408.21191406, 5437.77783203, 2111.02124023, 2500.54614258, 1853.72167969, 597.709594727, 545.641235352, 423.853057861, 1290.38146973, 250.817962646, 184.027877808, 92.4254760742, 164.821792603, 41.8069000244, 20.5228271484, 2.30246734619, 0.713724315166, 0.16364595294, 0.0337176956236, 0.00197933986783, 0.000415790011175, 5.57364110136e-05, 1.07883834062e-05, 1.81574694125e-06, 1.10381845886e-08]
    },
    "gfcc": {
        "mean": [-19.8418140411, 136.010482788, -127.180183411, 36.4158706665, -43.7096099854, 3.34099054337, -12.9251375198, 0.480595141649, -8.08763027191, -1.99471974373, -9.15810871124, 2.96924209595, -5.07067394257],
        "cov": [[9444.6640625, -1221.64050293, -597.92767334, 759.413452148, -15.1359453201, 862.839538574, 66.7602996826, 741.752685547, -183.354568481, 196.092330933, -280.261108398, -24.2237491608, -357.354553223], [-1221.64050293, 1202.21179199, 85.447845459, -9.86288928986, 151.179428101, -109.72013092, 213.296798706, -149.92906189, 158.212982178, -111.185577393, 77.9826812744, -80.266166687, 86.8120498657], [-597.92767334, 85.447845459, 706.058654785, -92.1078262329, 164.684112549, 78.7634124756, 34.8992424011, 68.9861907959, 4.24586582184, -4.54919624329, -18.2034168243, -13.1529836655, -22.4944572449], [759.413452148, -9.86288928986, -92.1078262329, 498.184906006, -38.9536018372, 101.058601379, 68.7981109619, 12.1714277267, 61.889541626, -14.4951028824, 20.2355289459, -20.862039566, -9.45282459259], [-15.1359453201, 151.179428101, 164.684112549, -38.9536018372, 350.714141846, 62.941822052, 87.3231735229, 104.132659912, -6.65289211273, 14.7160310745, 8.7138004303, -20.3504009247, -21.1343650818], [862.839538574, -109.72013092, 78.7634124756, 101.058601379, 62.941822052, 378.025878906, 87.3758010864, 131.488555908, 16.3100948334, -11.1805238724, -28.8537330627, -21.1554813385, -54.4009399414], [66.7602996826, 213.296798706, 34.8992424011, 68.7981109619, 87.3231735229, 87.3758010864, 248.062942505, 33.1463928223, 72.363861084, -7.1445274353, -6.69623565674, -13.7203454971, -13.449640274], [741.752685547, -149.92906189, 68.9861907959, 12.1714277267, 104.132659912, 131.488555908, 33.1463928223, 300.653991699, -2.92504072189, 38.6997375488, -19.741973877, -30.4253997803, -49.2558135986], [-183.354568481, 158.212982178, 4.24586582184, 61.889541626, -6.65289211273, 16.3100948334, 72.363861084, -2.92504072189, 161.124923706, 14.1703481674, 13.3235549927, -11.7464008331, -8.81884288788], [196.092330933, -111.185577393, -4.54919624329, -14.4951028824, 14.7160310745, -11.1805238724, -7.1445274353, 38.6997375488, 14.1703481674, 123.535301208, 15.1162824631, 12.9914445877, -24.1675987244], [-280.261108398, 77.9826812744, -18.2034168243, 20.2355289459, 8.7138004303, -28.8537330627, -6.69623565674, -19.741973877, 13.3235549927, 15.1162824631, 123.6824646, 26.2063388824, 22.2213153839], [-24.2237491608, -80.266166687, -13.1529836655, -20.862039566, -20.3504009247, -21.1554813385, -13.7203454971, -30.4253997803, -11.7464008331, 12.9914445877, 26.2063388824, 111.92276001, 33.3794517517], [-357.354553223, 86.8120498657, -22.4944572449, -9.45282459259, -21.1343650818, -54.4009399414, -13.449640274, -49.2558135986, -8.81884288788, -24.1675987244, 22.2213153839, 33.3794517517, 140.079299927]],
        "icov": [[0.000268404226517, -6.62401362206e-05, 0.000270736520179, -0.000376947486075, 7.69861871959e-05, -0.000410228269175, 9.50679459493e-05, -0.000474782107631, 0.000485357450088, -0.000425328413257, 0.000586221925914, -0.000361678306945, 0.000388658372685], [-6.62401362206e-05, 0.00195478321984, -0.000168762082467, 0.00041780032916, -0.000830345612485, 0.000709451269358, -0.00132295826916, 0.000976819428615, -0.00159983010963, 0.00164842174854, -0.0013932363363, 0.00180892122444, -0.00103899405804], [0.000270736520179, -0.000168762082467, 0.00194634567015, -7.33274500817e-05, -0.000610969087575, -0.00073577434523, 0.000292469194392, -0.000564571819268, 0.000307996611809, -0.000304814835545, 0.000833082362078, -0.000493653584272, 0.000506780634169], [-0.000376947486075, 0.00041780032916, -7.33274500817e-05, 0.00299664656632, 0.000109122709546, 8.43965790409e-06, -0.000763245683629, 0.000814437808003, -0.00154078030027, 0.00111550791189, -0.00163414620329, 0.00122796650976, -0.000735195237212], [7.69861871959e-05, -0.000830345612485, -0.000610969087575, 0.000109122709546, 0.00435748836026, -0.000347344146576, -0.000948245404288, -0.00152313429862, 0.00160646799486, -0.00103916146327, -0.000178035130375, -0.000260601751506, 0.000528355478309], [-0.000410228269175, 0.000709451269358, -0.00073577434523, 8.43965790409e-06, -0.000347344146576, 0.00456160772592, -0.00145437777974, -0.000411180866649, -0.00102487846743, 0.00192138238344, -0.000823973445222, 0.000687046733219, 6.5088221163e-05], [9.50679459493e-05, -0.00132295826916, 0.000292469194392, -0.000763245683629, -0.000948245404288, -0.00145437777974, 0.00660039484501, -0.00055376032833, -0.00132128002588, -0.000641034857836, 0.00162328255828, -0.00147468456998, 0.000689116714057], [-0.000474782107631, 0.000976819428615, -0.000564571819268, 0.000814437808003, -0.00152313429862, -0.000411180866649, -0.00055376032833, 0.00588883738965, -0.00122971564997, -0.000100144621683, -0.00119407905731, 0.00222008302808, -0.000658554257825], [0.000485357450088, -0.00159983010963, 0.000307996611809, -0.00154078030027, 0.00160646799486, -0.00102487846743, -0.00132128002588, -0.00122971564997, 0.00986390560865, -0.00319360010326, 0.00103853736073, -0.00100723700598, 0.00160550919827], [-0.000425328413257, 0.00164842174854, -0.000304814835545, 0.00111550791189, -0.00103916146327, 0.00192138238344, -0.000641034857836, -0.000100144621683, -0.00319360010326, 0.0114996274933, -0.00296951155178, 0.000169260732946, 0.000626016000751], [0.000586221925914, -0.0013932363363, 0.000833082362078, -0.00163414620329, -0.000178035130375, -0.000823973445222, 0.00162328255828, -0.00119407905731, 0.00103853736073, -0.00296951155178, 0.0113659277558, -0.00372217549011, 0.000408567924751], [-0.000361678306945, 0.00180892122444, -0.000493653584272, 0.00122796650976, -0.000260601751506, 0.000687046733219, -0.00147468456998, 0.00222008302808, -0.00100723700598, 0.000169260732946, -0.00372217549011, 0.0126598021016, -0.00363402417861], [0.000388658372685, -0.00103899405804, 0.000506780634169, -0.000735195237212, 0.000528355478309, 6.5088221163e-05, 0.000689116714057, -0.000658554257825, 0.00160550919827, 0.000626016000751, 0.000408567924751, -0.00363402417861, 0.00975579582155]]
    },
    "melbands": {
        "dmean": [0.00243939971551, 0.00151700852439, 0.000788736157119, 0.000532397825737, 0.000421136879595, 0.000158452254254, 0.000138849398354, 0.000217668784899, 0.000256272847764, 0.000175180539372, 0.000156427980983, 0.000151127736899, 0.000136636532261, 8.73736280482e-05, 7.68328463892e-05, 5.73424986214e-05, 3.80727142328e-05, 3.38791651302e-05, 2.41358611675e-05, 3.78233235097e-05, 1.52368747877e-05, 1.47047603605e-05, 1.77789734153e-05, 8.94566437637e-06, 1.21377897813e-05, 6.24569156571e-06, 4.40200938101e-06, 3.82631014872e-06, 2.16603530134e-06, 1.85504620731e-06, 3.07012396661e-06, 1.48480410189e-06, 8.94708762189e-07, 7.95350274529e-07, 3.90379739201e-07, 2.45513263053e-07, 1.93930731029e-07, 9.73443761154e-08, 1.29057312392e-07, 3.88439254095e-08],
        "dmean2": [0.00395607715473, 0.00246875337325, 0.00123445037752, 0.000822689384222, 0.000587725720834, 0.000197230940103, 0.000180895920494, 0.000324713211739, 0.000405166181736, 0.000272775650956, 0.000253092846833, 0.000247063027928, 0.000226138741709, 0.000145773374243, 0.000130857370095, 9.82941055554e-05, 6.62049933453e-05, 6.03481603321e-05, 4.2810515879e-05, 6.61699959892e-05, 2.66149854724e-05, 2.56831990555e-05, 3.07837872242e-05, 1.54694589583e-05, 2.05191990972e-05, 1.07728237708e-05, 7.38900689612e-06, 6.32125329503e-06, 3.62955279343e-06, 3.06136553263e-06, 5.00715395901e-06, 2.47934303843e-06, 1.48896299379e-06, 1.28129568111e-06, 6.55378528336e-07, 4.18056970375e-07, 3.29248933895e-07, 1.49009892425e-07, 1.94412123733e-07, 6.0399031554e-08],
        "dvar": [1.1879322301e-05, 9.23508196138e-06, 3.52990923602e-06, 1.36982112053e-06, 7.81905953318e-07, 1.08001522392e-07, 1.04645792476e-07, 1.5337208481e-07, 2.09908193938e-07, 1.29309881913e-07, 2.14594280123e-07, 9.95241222768e-08, 8.20843339966e-08, 2.94114332888e-08, 1.91008950878e-08, 1.56310591137e-08, 1.103519498e-08, 6.72102506982e-09, 2.46710607499e-09, 4.7138777326e-09, 6.32373597931e-10, 5.1128279388e-10, 9.58667478734e-10, 2.00741492873e-10, 6.15739681464e-10, 1.41807537934e-10, 8.04915578634e-11, 4.50815600128e-11, 1.70092846058e-11, 1.6620895632e-11, 4.50927177542e-11, 6.7100686986e-12, 2.55876938561e-12, 2.62383842951e-12, 8.27718590283e-13, 3.87185455138e-13, 2.37412438884e-13, 4.36509721869e-14, 9.33357869617e-14, 1.06181509169e-14],
        "dvar2": [3.32639501721e-05, 2.58680538536e-05, 8.24239941721e-06, 3.32648073709e-06, 1.91709796127e-06, 1.88123252087e-07, 1.76828777398e-07, 3.28844691921e-07, 5.02451655393e-07, 3.06685194573e-07, 5.6415092331e-07, 2.47008358656e-07, 2.1467735678e-07, 7.75034578737e-08, 5.23294687582e-08, 4.33583089432e-08, 3.15910213544e-08, 2.07456523071e-08, 7.47482431507e-09, 1.37099531727e-08, 1.83230319806e-09, 1.46827783265e-09, 2.73132005901e-09, 5.53141421555e-10, 1.71767566837e-09, 4.00231903175e-10, 2.11688375162e-10, 1.17459042492e-10, 4.0625055403e-11, 4.36311820007e-11, 1.10071979309e-10, 1.71147193639e-11, 6.35276076535e-12, 6.33931579105e-12, 2.21038486993e-12, 1.03560075012e-12, 6.00606749664e-13, 9.33788094591e-14, 2.11796725991e-13, 2.15957097718e-14],
        "max": [0.0281895659864, 0.0467983447015, 0.0245913974941, 0.0132020972669, 0.0158631335944, 0.00919537805021, 0.00836938433349, 0.0107541987672, 0.00930270273238, 0.005948449485, 0.00848614331335, 0.00432318123057, 0.00623484235257, 0.00301346369088, 0.00167188013438, 0.00187758298125, 0.00211047451012, 0.00136481714435, 0.000828443851788, 0.00102803623304, 0.000354017829522, 0.000274940568488, 0.000459879578557, 0.000198739668122, 0.000480974995298, 0.000214806132135, 0.000116767827421, 0.00015231987345, 0.000129896900035, 0.000132587229018, 0.00014311990526, 4.73726395285e-05, 3.35377953888e-05, 2.67739687843e-05, 1.41640166476e-05, 5.07952427142e-06, 4.12885810874e-06, 1.71283397776e-06, 2.41348584495e-06, 9.74939780463e-07],
        "mean": [0.00480408081785, 0.00329172168858, 0.00114763609599, 0.000842479697894, 0.000908042478841, 0.000356600270607, 0.000265765265794, 0.000351303693606, 0.000369352288544, 0.000248296477366, 0.000159492876264, 0.000178360161954, 0.00017729056708, 0.000105301900476, 8.60911313794e-05, 6.13594529568e-05, 3.82302896469e-05, 3.57238459401e-05, 2.64582431555e-05, 4.26617370977e-05, 1.84276777873e-05, 1.89564634638e-05, 2.30322093557e-05, 1.22515175462e-05, 1.76359080797e-05, 7.77803325036e-06, 5.37648747923e-06, 5.81207586947e-06, 3.622931672e-06, 3.07430354951e-06, 5.21909078088e-06, 2.62480057245e-06, 1.65467702118e-06, 1.30142041144e-06, 4.99097041029e-07, 2.55174597896e-07, 2.04191266562e-07, 1.29945661342e-07, 1.42516256574e-07, 5.07376611836e-08],
        "median": [0.00354239600711, 0.00230046967044, 0.000462897500256, 0.000230025674682, 0.000294013734674, 0.000123453399283, 9.70748878899e-05, 0.000150099178427, 0.00014056803775, 7.56480876589e-05, 3.98623778892e-05, 3.94227645302e-05, 4.5329619752e-05, 3.56691962224e-05, 2.92530548904e-05, 1.86017623491e-05, 9.5072628028e-06, 1.2309671547e-05, 1.07263294922e-05, 1.68796268554e-05, 9.72501038632e-06, 1.10193441287e-05, 1.07267196654e-05, 5.88056946071e-06, 5.85382713325e-06, 3.09956044475e-06, 2.2517697289e-06, 2.41617112806e-06, 1.59393914601e-06, 9.24982714423e-07, 1.23361985516e-06, 8.45687964102e-07, 6.78788126152e-07, 3.4924960346e-07, 1.50507148078e-07, 5.92742104288e-08, 4.72002348317e-08, 3.28731815102e-08, 3.1372085374e-08, 1.26110091259e-08],
        "min": [2.57365949214e-23, 2.5865542125e-23, 4.15411667778e-24, 6.45484370735e-24, 1.16371064687e-23, 1.89489990347e-23, 7.16976428549e-24, 1.22810526396e-24, 1.9302872176e-24, 6.34936038255e-24, 1.11457999526e-23, 1.20473133506e-23, 2.28750098764e-23, 6.39840070958e-24, 8.72654105004e-24, 9.04763978176e-24, 1.54961280312e-23, 9.37005906664e-24, 1.04475342004e-23, 1.16303979956e-23, 1.06984243115e-23, 9.638064304e-24, 1.329527237e-23, 1.48634536966e-23, 9.9151729962e-24, 1.01465127675e-23, 1.32968201151e-23, 1.50338555408e-23, 7.82351225031e-24, 3.9800734517e-24, 6.94087471612e-24, 1.00432871627e-23, 1.23462245805e-23, 6.64079281664e-24, 1.04995445887e-23, 1.23690644703e-23, 7.81014815772e-24, 8.03357959848e-24, 7.7562445032e-24, 8.78564881995e-24],
        "var": [2.20522924792e-05, 1.36201715577e-05, 4.37762491856e-06, 1.94844551515e-06, 1.90868217942e-06, 4.35139327237e-07, 2.986999732e-07, 3.38299201985e-07, 3.63961191852e-07, 2.11879580547e-07, 1.77577561544e-07, 1.26184133364e-07, 1.11945261949e-07, 3.43738797426e-08, 2.13968096574e-08, 1.59273216838e-08, 1.01511261619e-08, 6.06790040436e-09, 2.27631402616e-09, 4.83782436334e-09, 6.48890330357e-10, 5.55922197165e-10, 1.19149556888e-09, 2.88308432683e-10, 1.10830822297e-09, 1.68068489681e-10, 8.74854286237e-11, 8.75532701894e-11, 4.09240662191e-11, 3.94444928109e-11, 1.06251049625e-10, 1.86819813092e-11, 6.62342186306e-12, 5.64418000185e-12, 9.49982930862e-13, 3.25156459917e-13, 2.23263519217e-13, 6.52226821271e-14, 1.01331696669e-13, 1.50891872239e-14]
    },
    "mfcc": {
        "mean": [-658.866760254, 157.584197998, -13.8366336823, 38.5543022156, -4.83090162277, 13.9488248825, -1.52624344826, 11.6921291351, 5.75594854355, -0.687750756741, 4.91582298279, 3.57050466537, 3.5892624855],
        "cov": [[6119.75488281, -789.54486084, -561.610168457, 102.398078918, -57.9878234863, 153.62677002, 131.483963013, 290.038879395, 75.686340332, 198.78843689, 66.9139709473, 31.6958618164, -33.8997383118], [-789.54486084, 1077.95495605, 94.4842605591, 25.1455821991, 93.864151001, 7.61146259308, 94.6975402832, 35.7809715271, 98.3097305298, 14.0756559372, 10.6428537369, 17.0373744965, 58.5045318604], [-561.610168457, 94.4842605591, 557.3984375, -61.4999313354, 90.2308349609, 42.3631477356, 29.5164146423, 52.6546936035, 35.4592247009, 10.0976276398, 16.7131557465, -0.0122069232166, -19.0982685089], [102.398078918, 25.1455821991, -61.4999313354, 336.039215088, -9.91131401062, 31.3463459015, -11.8424358368, -7.15630054474, -2.79269576073, 6.13469600677, 16.6878089905, 11.8986024857, 20.2413902283], [-57.9878234863, 93.864151001, 90.2308349609, -9.91131401062, 253.201446533, -12.178153038, 92.2998657227, 53.5677070618, 16.3539352417, 70.4970855713, -13.9255285263, 6.28321361542, 28.2189598083], [153.62677002, 7.61146259308, 42.3631477356, 31.3463459015, -12.178153038, 239.058319092, 19.5704650879, 57.2064285278, 39.8438529968, -33.4063072205, 58.7841072083, 13.6664676666, -18.7492427826], [131.483963013, 94.6975402832, 29.5164146423, -11.8424358368, 92.2998657227, 19.5704650879, 213.147720337, 82.8069229126, 44.5390777588, 63.6800537109, -11.5725440979, 16.4216938019, 17.501121521], [290.038879395, 35.7809715271, 52.6546936035, -7.15630054474, 53.5677070618, 57.2064285278, 82.8069229126, 206.423568726, 76.5404052734, 42.6922569275, 21.1417217255, 14.8064804077, 33.1545715332], [75.686340332, 98.3097305298, 35.4592247009, -2.79269576073, 16.3539352417, 39.8438529968, 44.5390777588, 76.5404052734, 167.544692993, 46.199344635, 17.0989017487, 0.440658211708, 0.238446429372], [198.78843689, 14.0756559372, 10.0976276398, 6.13469600677, 70.4970855713, -33.4063072205, 63.6800537109, 42.6922569275, 46.199344635, 172.248962402, 29.277048111, 0.244729548693, -0.4006074965], [66.9139709473, 10.6428537369, 16.7131557465, 16.6878089905, -13.9255285263, 58.7841072083, -11.5725440979, 21.1417217255, 17.0989017487, 29.277048111, 151.634094238, 63.24061203, -22.859413147], [31.6958618164, 17.0373744965, -0.0122069232166, 11.8986024857, 6.28321361542, 13.6664676666, 16.4216938019, 14.8064804077, 0.440658211708, 0.244729548693, 63.24061203, 139.088165283, 42.7106285095], [-33.8997383118, 58.5045318604, -19.0982685089, 20.2413902283, 28.2189598083, -18.7492427826, 17.501121521, 33.1545715332, 0.238446429372, -0.4006074965, -22.859413147, 42.7106285095, 137.187744141]],
