{
"lowlevel": {
    "average_loudness": 0.942135751247,
    "barkbands_crest": {
        "dmean": 3.10291695595,
        "dmean2": 4.86234951019,
        "dvar": 8.5571231842,
        "dvar2": 20.1490306854,
        "max": 26.5037117004,
        "mean": 12.2180452347,
        "median": 11.5275564194,
        "min": 2.52872872353,
        "var": 25.1797199249
    },
    "barkbands_flatness_db": {
        "dmean": 0.0337130576372,
        "dmean2": 0.0505655072629,
        "dvar": 0.00107534881681,
        "dvar2": 0.00257895351388,
        "max": 0.518726408482,
        "mean": 0.165053278208,
        "median": 0.15311421454,
        "min": 0.0371058806777,
        "var": 0.00407122727484
    },
    "barkbands_kurtosis": {
        "dmean": 7.72455835342,
        "dmean2": 11.847527504,
        "dvar": 259.249359131,
        "dvar2": 583.741271973,
        "max": 512.041992188,
        "mean": 10.2304725647,
        "median": 2.57207536697,
        "min": -1.95954024792,
        "var": 525.920654297
    },
    "barkbands_skewness": {
        "dmean": 0.930801153183,
        "dmean2": 1.38543701172,
        "dvar": 1.16236901283,
        "dvar2": 2.66893196106,
        "max": 18.5432548523,
        "mean": 1.9667648077,
        "median": 1.64826250076,
        "min": -13.265958786,
        "var": 5.18950510025
    },
    "barkbands_spread": {
        "dmean": 7.6052980423,
        "dmean2": 11.8602552414,
        "dvar": 59.4168357849,
        "dvar2": 149.202697754,
        "max": 80.6508026123,
        "mean": 19.4865570068,
        "median": 17.663766861,
        "min": 0.159241810441,
        "var": 135.9868927
    },
    "dissonance": {
        "dmean": 0.019410725683,
        "dmean2": 0.0325847379863,
        "dvar": 0.000338185549481,
        "dvar2": 0.000921876810025,
        "max": 0.500000059605,
        "mean": 0.464983314276,
        "median": 0.471268594265,
        "min": 0.233774706721,
        "var": 0.000787946919445
    },
    "dynamic_complexity": 3.02654409409,
    "erbbands_crest": {
        "dmean": 3.49079823494,
        "dmean2": 5.60423707962,
        "dvar": 10.4198093414,
        "dvar2": 25.3328762054,
        "max": 31.3252086639,
        "mean": 9.8625497818,
        "median": 8.67603397369,
        "min": 2.69994974136,
        "var": 22.6607437134
    },
    "erbbands_flatness_db": {
        "dmean": 0.0213283766061,
        "dmean2": 0.0324649102986,
        "dvar": 0.000465613411507,
        "dvar2": 0.00100276083685,
        "max": 0.43790820241,
        "mean": 0.177410706878,
        "median": 0.157700061798,
        "min": 0.0524076297879,
        "var": 0.0038813163992
    },
    "erbbands_kurtosis": {
        "dmean": 1.17159056664,
        "dmean2": 1.87722599506,
        "dvar": 3.77334666252,
        "dvar2": 9.45826530457,
        "max": 54.1144523621,
        "mean": 0.293645888567,
        "median": -0.320608854294,
        "min": -1.82382047176,
        "var": 5.08254528046
    },
    "erbbands_skewness": {
        "dmean": 0.493606418371,
        "dmean2": 0.732897341251,
        "dvar": 0.222192212939,
        "dvar2": 0.514576792717,
        "max": 3.598934412,
        "mean": 0.139621704817,
        "median": 0.111422009766,
        "min": -6.4490032196,
        "var": 0.611226677895
    },
    "erbbands_spread": {
        "dmean": 11.2478370667,
        "dmean2": 17.0909004211,
        "dvar": 123.243522644,
        "dvar2": 281.172912598,
        "max": 146.351852417,
        "mean": 44.1775665283,
        "median": 42.1433792114,
        "min": 1.09810101986,
        "var": 513.041931152
    },
    "hfc": {
        "dmean": 11.486987114,
        "dmean2": 17.7708816528,
        "dvar": 190.492462158,
        "dvar2": 475.217834473,
        "max": 110.976379395,
        "mean": 23.1160850525,
        "median": 19.3572311401,
        "min": 1.26461701388e-16,
        "var": 339.647460938
    },
    "melbands_crest": {
        "dmean": 3.25837302208,
        "dmean2": 5.16220474243,
        "dvar": 9.5769367218,
        "dvar2": 22.9270877838,
        "max": 32.2461013794,
        "mean": 15.86764431,
        "median": 16.0280456543,
        "min": 2.36004734039,
        "var": 32.7327270508
    },
    "melbands_flatness_db": {
        "dmean": 0.0406030490994,
        "dmean2": 0.0601785480976,
        "dvar": 0.0015816175146,
        "dvar2": 0.00386820361018,
        "max": 0.666254758835,
        "mean": 0.232126921415,
        "median": 0.225086718798,
        "min": 0.00687684724107,
        "var": 0.00703382398933
    },
    "melbands_kurtosis": {
        "dmean": 17.8171310425,
        "dmean2": 27.38397789,
        "dvar": 1078.77807617,
        "dvar2": 2477.27441406,
        "max": 365.139862061,
        "mean": 27.8419513702,
        "median": 10.701584816,
        "min": -1.84213423729,
        "var": 2089.4074707
    },
    "melbands_skewness": {
        "dmean": 1.20173108578,
        "dmean2": 1.80143511295,
        "dvar": 1.85630476475,
        "dvar2": 4.2481751442,
        "max": 15.9026327133,
        "mean": 3.51178574562,
        "median": 2.92301440239,
        "min": -3.56479024887,
        "var": 7.3637638092
    },
    "melbands_spread": {
        "dmean": 8.53593540192,
        "dmean2": 13.4201478958,
        "dvar": 92.4031906128,
        "dvar2": 227.499176025,
        "max": 206.270080566,
        "mean": 21.661901474,
        "median": 17.3065414429,
        "min": 0.290217220783,
        "var": 387.583465576
    },
    "pitch_salience": {
        "dmean": 0.0850891694427,
        "dmean2": 0.138173371553,
        "dvar": 0.00634252978489,
        "dvar2": 0.0160939972848,
        "max": 0.939112305641,
        "mean": 0.495946824551,
        "median": 0.485969752073,
        "min": 0.058258857578,
        "var": 0.0194371826947
    },
    "silence_rate_20dB": {
        "dmean": 0,
        "dmean2": 0,
        "dvar": 0,
        "dvar2": 0,
        "max": 1,
        "mean": 1,
        "median": 1,
        "min": 1,
        "var": 0
    },
    "silence_rate_30dB": {
        "dmean": 0.0120595442131,
        "dmean2": 0.0241213608533,
        "dvar": 0.0119137065485,
        "dvar2": 0.0297568645328,
        "max": 1,
        "mean": 0.986340105534,
        "median": 1,
        "min": 0,
        "var": 0.0134721361101
    },
    "silence_rate_60dB": {
        "dmean": 0.0131901260465,
        "dmean2": 0.0263827387244,
        "dvar": 0.0130145438015,
        "dvar2": 0.0313455797732,
        "max": 1,
        "mean": 0.0690532252192,
        "median": 0,
        "min": 0,
        "var": 0.0642776787281
    },
    "spectral_centroid": {
        "dmean": 323.444519043,
        "dmean2": 496.046936035,
        "dvar": 101461.765625,
        "dvar2": 241369.109375,
        "max": 11238.4082031,
        "mean": 1273.27954102,
        "median": 1192.1998291,
        "min": 136.185394287,
        "var": 448684.28125
    },
    "spectral_complexity": {
        "dmean": 5.66478252411,
        "dmean2": 8.24290943146,
        "dvar": 29.5416431427,
        "dvar2": 63.7633514404,
        "max": 49,
        "mean": 18.3412151337,
        "median": 18,
        "min": 0,
        "var": 85.4106292725
    },
    "spectral_decrease": {
        "dmean": 2.88533641424e-09,
        "dmean2": 4.32510072201e-09,
        "dvar": 1.38354808282e-17,
        "dvar2": 3.07074887455e-17,
        "max": 2.89854886309e-16,
        "mean": -1.11108295897e-08,
        "median": -1.02233412846e-08,
        "min": -4.3087627688e-08,
        "var": 6.55230608155e-17
    },
    "spectral_energy": {
        "dmean": 0.0114899696782,
        "dmean2": 0.0172880664468,
        "dvar": 0.000212038299651,
        "dvar2": 0.000466210301965,
        "max": 0.165441855788,
        "mean": 0.0440315082669,
        "median": 0.0410975106061,
        "min": 1.11869004641e-20,
        "var": 0.0009870887734
    },
    "spectral_energyband_high": {
        "dmean": 0.000873373646755,
        "dmean2": 0.00139886513352,
        "dvar": 1.91415597328e-06,
        "dvar2": 4.81595361634e-06,
        "max": 0.0182286594063,
        "mean": 0.0012387362076,
        "median": 0.000647174718324,
        "min": 8.15201357073e-21,
        "var": 3.06675156025e-06
    },
    "spectral_energyband_low": {
        "dmean": 0.00903461873531,
        "dmean2": 0.0137285050005,
        "dvar": 0.000160978495842,
        "dvar2": 0.00037259128294,
        "max": 0.150768905878,
        "mean": 0.0275477766991,
        "median": 0.0210026521236,
        "min": 1.43410570679e-22,
        "var": 0.00074647431029
    },
    "spectral_energyband_middle_high": {
        "dmean": 0.003452738747,
        "dmean2": 0.00541536742821,
        "dvar": 2.04290772672e-05,
        "dvar2": 4.9467489589e-05,
        "max": 0.0483909994364,
        "mean": 0.00550872832537,
        "median": 0.0037911310792,
        "min": 1.56350353295e-21,
        "var": 3.14887874993e-05
    },
    "spectral_energyband_middle_low": {
        "dmean": 0.00628423318267,
        "dmean2": 0.0101141491905,
        "dvar": 8.5871120973e-05,
        "dvar2": 0.000219508568989,
        "max": 0.0893836989999,
        "mean": 0.0135958902538,
        "median": 0.0106896245852,
        "min": 2.188286772e-22,
        "var": 0.000154624853167
    },
    "spectral_entropy": {
        "dmean": 0.236173734069,
        "dmean2": 0.351209312677,
        "dvar": 0.0567377917469,
        "dvar2": 0.136330753565,
        "max": 9.79152679443,
        "mean": 7.50805616379,
        "median": 7.57733249664,
        "min": 5.27087593079,
        "var": 0.205618798733
    },
    "spectral_flux": {
        "dmean": 0.0352240130305,
        "dmean2": 0.0543979555368,
        "dvar": 0.00145974045154,
        "dvar2": 0.00293545331806,
        "max": 0.349458247423,
        "mean": 0.0971139967442,
        "median": 0.0879521369934,
        "min": 1.05768144243e-10,
        "var": 0.00319107575342
    },
    "spectral_kurtosis": {
        "dmean": 2.74928450584,
        "dmean2": 4.59576463699,
        "dvar": 30.3780441284,
        "dvar2": 84.9315719604,
        "max": 133.552703857,
        "mean": 4.69508123398,
        "median": 2.40631866455,
        "min": -1.22519600391,
        "var": 78.5062179565
    },
    "spectral_rms": {
        "dmean": 0.000869188981596,
        "dmean2": 0.00127734744456,
        "dvar": 1.0605059515e-06,
        "dvar2": 2.11993597077e-06,
        "max": 0.0127045931295,
        "mean": 0.00596732692793,
        "median": 0.00633207149804,
        "min": 3.30364186528e-12,
        "var": 7.34843933969e-06
    },
    "spectral_rolloff": {
        "dmean": 544.324890137,
        "dmean2": 932.348693848,
        "dvar": 642915.4375,
        "dvar2": 1568617.125,
        "max": 19810.546875,
        "mean": 1398.87561035,
        "median": 925.927734375,
        "min": 64.599609375,
        "var": 5165950
    },
    "spectral_skewness": {
        "dmean": 0.318167507648,
        "dmean2": 0.504410982132,
        "dvar": 0.157435834408,
        "dvar2": 0.41925534606,
        "max": 8.54518699646,
        "mean": 1.32578003407,
        "median": 1.18986666203,
        "min": -0.42602083087,
        "var": 0.481027692556
    },
    "spectral_spread": {
        "dmean": 561764.75,
        "dmean2": 862927.6875,
        "dvar": 510677450752,
        "dvar2": 984290426880,
        "max": 41425744,
        "mean": 4162893.5,
        "median": 4212755,
        "min": 550764.0625,
        "var": 3.02862250803e+12
    },
    "spectral_strongpeak": {
        "dmean": 0.494576245546,
        "dmean2": 0.837165892124,
        "dvar": 1.01597118378,
        "dvar2": 2.57488632202,
        "max": 21.1535396576,
        "mean": 0.912512242794,
        "median": 0.618640720844,
        "min": 0,
        "var": 1.24733412266
    },
    "zerocrossingrate": {
        "dmean": 0.0101512726396,
        "dmean2": 0.0123947896063,
        "dvar": 9.12560572033e-05,
        "dvar2": 0.00012201298523,
        "max": 0.8203125,
        "mean": 0.0563941597939,
        "median": 0.044921875,
        "min": 0.00244140625,
        "var": 0.00657700607553
    },
    "barkbands": {
        "dmean": [0.000126339873532, 0.00400416878983, 0.00634097214788, 0.0032526536379, 0.00195526052266, 0.00114838976879, 0.00103791197762, 0.00101348292083, 0.000604216591455, 0.000666555191856, 0.000820951419882, 0.000508358061779, 0.000348098401446, 0.000583315675613, 0.000650786736514, 0.000616782461293, 0.000494712498039, 0.000287829752779, 0.000163162578247, 7.80287009547e-05, 0.000242236419581, 0.000380236306228, 0.000220315880142, 7.71920822444e-05, 9.19425201573e-06, 3.47529112332e-06, 8.05011404736e-06],
        "dmean2": [0.000212108250707, 0.00614138739184, 0.00975874159485, 0.00563001725823, 0.00319183804095, 0.001801110222, 0.00163107947446, 0.0014822203666, 0.000980615848675, 0.00107984838542, 0.00131943204906, 0.000862284039613, 0.000575521669816, 0.000959527445957, 0.00105521071237, 0.00102788815275, 0.000837812258396, 0.000476069253637, 0.000274224963505, 0.000128984582261, 0.000392375164665, 0.000614618940745, 0.000370136694983, 0.000134721412905, 1.5947574866e-05, 5.82045231567e-06, 1.38876102938e-05],
        "dvar": [3.2809357009e-08, 3.49652436853e-05, 0.000107001971628, 4.25458783866e-05, 1.16019255074e-05, 7.56689223635e-06, 5.07569666297e-06, 4.89534750159e-06, 1.81029486157e-06, 1.99796818379e-06, 2.77652839031e-06, 1.71677424987e-06, 8.90557316779e-07, 1.66390736922e-06, 1.87470232049e-06, 1.73607008946e-06, 1.25761266645e-06, 2.83812966018e-07, 1.0262085226e-07, 1.8284952219e-08, 2.35523813785e-07, 7.66665095853e-07, 1.46725071204e-07, 2.06071444353e-08, 2.45582748581e-10, 1.42896958155e-10, 4.17916840023e-10],
        "dvar2": [8.7746784061e-08, 8.11660574982e-05, 0.00024468547781, 0.000115411567094, 2.93543726002e-05, 1.55083762365e-05, 1.11655535875e-05, 9.37061486184e-06, 3.76040975425e-06, 4.71373459732e-06, 6.30188105788e-06, 4.46797139375e-06, 2.1586015464e-06, 4.34859794041e-06, 4.18381796408e-06, 4.45341174782e-06, 3.30567650053e-06, 6.88593388531e-07, 2.63652196963e-07, 4.85211835155e-08, 5.71189559651e-07, 1.85764633898e-06, 3.78315377247e-07, 5.56467867341e-08, 6.62887134073e-10, 3.35205863067e-10, 1.05103004078e-09],
        "max": [0.00266742077656, 0.125515371561, 0.125679969788, 0.0585879459977, 0.0427640937269, 0.0529211945832, 0.0524669513106, 0.047150336206, 0.0367958433926, 0.0239132605493, 0.0378573611379, 0.0275662653148, 0.0252619665116, 0.0237076878548, 0.0359928645194, 0.0198095757514, 0.0242560021579, 0.0152549408376, 0.00754783721641, 0.00195197074208, 0.0132026104257, 0.0149595718831, 0.00417446624488, 0.00116964953486, 0.000189567275811, 0.000173620690475, 0.000353191309841],
        "mean": [0.000168494952959, 0.00899235904217, 0.0147406971082, 0.00497811147943, 0.0027884200681, 0.00169168820139, 0.00135642639361, 0.00161654851399, 0.000675899151247, 0.000725172401872, 0.00103559484705, 0.000566340750083, 0.000415451446315, 0.000633576128166, 0.000726721948013, 0.000613030628301, 0.000509224366397, 0.000346569024259, 0.000193881918676, 0.000105408718809, 0.000385856139474, 0.000454151915619, 0.000221404494368, 7.00280215824e-05, 9.23563948163e-06, 3.40159044754e-06, 7.87651333667e-06],
        "median": [0.000104640057543, 0.00624711904675, 0.00298584485427, 0.000928738794755, 0.00140305852983, 0.000567964918446, 0.00038339861203, 0.000342564249877, 0.000163123972015, 0.000191748433281, 0.000308006885462, 0.000188057369087, 0.000183142867172, 0.000257193896687, 0.000256156694377, 0.000202309543965, 0.000188526159036, 0.000137246213853, 7.54473367124e-05, 4.94707128382e-05, 0.000171654421138, 0.000188005680684, 7.08653751644e-05, 2.11558053707e-05, 3.22349387716e-06, 1.05256344796e-06, 1.59298201652e-06],
        "min": [4.74692916086e-23, 7.57011119489e-23, 2.47871140473e-23, 1.18122548889e-23, 2.53462491906e-23, 2.10824339098e-23, 3.67924726195e-23, 6.71703827416e-23, 4.45187845845e-23, 3.29214154062e-23, 2.56191177554e-23, 8.62738991172e-23, 8.69424745116e-23, 2.08861249269e-22, 1.67047998843e-22, 1.90578369116e-22, 1.44344910157e-22, 2.00602115405e-22, 2.75207341784e-22, 2.93935505519e-22, 4.8102395399e-22, 3.95687126965e-22, 5.27962010888e-22, 9.92253833804e-22, 1.5405204933e-21, 1.91027244855e-21, 2.52029371455e-21],
        "var": [4.04725568615e-08, 0.000135505266371, 0.000395597948227, 5.4433792684e-05, 1.48055833051e-05, 1.44558644024e-05, 8.81952109921e-06, 1.60086310643e-05, 3.37885376211e-06, 2.69682550424e-06, 4.70987970402e-06, 1.89432876141e-06, 9.75870193543e-07, 1.55745192387e-06, 2.47186926572e-06, 1.66337565588e-06, 1.08298877421e-06, 4.03859246489e-07, 1.18421446871e-07, 2.45692746148e-08, 5.44816316506e-07, 7.86865712143e-07, 1.49097047597e-07, 1.77333578932e-08, 2.63828764391e-10, 1.27668056682e-10, 4.56227639001e-10]
    },
    "erbbands": {
        "dmean": [0.114091083407, 0.952811062336, 4.96636343002, 10.7706842422, 6.62074565887, 7.48592662811, 7.03163290024, 10.6110477448, 13.0518846512, 22.4644832611, 15.4241790771, 12.4691019058, 24.5192375183, 20.321056366, 29.6515922546, 21.1217556, 16.4396457672, 30.2472362518, 22.6781425476, 41.7597808838, 28.9314022064, 22.9152526855, 16.0796737671, 14.6537294388, 3.13926887512, 3.94958114624, 8.1935338974, 10.6863079071, 14.7647829056, 9.14894866943, 5.35487318039, 3.10109353065, 0.876345038414, 0.186859041452, 0.0356918051839, 0.0129227899015, 0.00622964929789, 0.0037021075841, 0.00197181827389, 7.49911632738e-05],
        "dmean2": [0.145819753408, 1.5181170702, 7.61208629608, 17.7601642609, 11.5399675369, 11.9459838867, 11.506688118, 16.49659729, 20.4087677002, 33.1966400146, 22.979757309, 19.8841304779, 39.072353363, 33.0179100037, 48.5864639282, 35.3108062744, 26.7079315186, 49.7324790955, 36.391204834, 68.2530517578, 47.9363708496, 38.8413314819, 26.5038604736, 24.5606651306, 5.16940879822, 6.5177230835, 13.2043266296, 17.6340332031, 23.8031768799, 15.2199659348, 9.01315307617, 5.40596008301, 1.520165205, 0.324219912291, 0.0635245218873, 0.0214121174067, 0.0106046237051, 0.00610127579421, 0.00338213052601, 0.000129221894895],
        "dvar": [0.0252962429076, 2.01174712181, 61.5965194702, 371.496917725, 216.925689697, 202.644744873, 257.861419678, 789.29864502, 816.35736084, 1948.64685059, 1390.66064453, 682.197814941, 2945.08984375, 2123.39282227, 5031.35888672, 2916.15209961, 1634.22851562, 5186.60205078, 1447.87792969, 7753.36425781, 3596.71459961, 2178.05053711, 1058.96936035, 835.450744629, 28.747751236, 44.401134491, 272.720367432, 341.59274292, 1608.41394043, 230.569030762, 82.2008666992, 40.0883178711, 2.41356921196, 0.0966939106584, 0.00421303929761, 0.00406284350902, 0.000237062267843, 4.29673273175e-05, 3.77874530386e-05, 2.54824570334e-08],
        "dvar2": [0.0451291054487, 5.08194160461, 145.191131592, 903.028991699, 614.608459473, 476.722991943, 600.423095703, 1623.52929688, 1962.43310547, 3726.97924805, 2675.61206055, 1414.93945312, 6875.01513672, 4803.9296875, 11904.3066406, 7599.02099609, 3834.59350586, 13691.1044922, 3567.3984375, 17772.3085938, 9344.47558594, 5887.62060547, 2514.09130859, 2117.72851562, 74.4369888306, 116.786994934, 649.795654297, 855.655639648, 3828.40527344, 583.923217773, 213.245681763, 105.600463867, 6.42830371857, 0.260035783052, 0.0114853614941, 0.00926110334694, 0.000594972108956, 0.000109972519567, 9.09062364371e-05, 7.26398567963e-08],
        "max": [3.35829544067, 30.076965332, 115.841316223, 159.074905396, 187.102264404, 231.772537231, 347.043151855, 583.280761719, 581.589782715, 1069.92126465, 1230.3782959, 1046.85998535, 932.355651855, 1243.60302734, 1891.60070801, 1027.79089355, 900.962036133, 1377.63378906, 931.427185059, 2445.95166016, 1125.36022949, 1312.08850098, 1061.62963867, 592.628295898, 80.1688079834, 92.2185134888, 427.260559082, 362.149597168, 732.226013184, 149.441207886, 78.6108932495, 72.750289917, 13.4683456421, 3.5244538784, 0.485486716032, 0.907249450684, 0.189266592264, 0.0699911415577, 0.110801696777, 0.00246429303661],
        "mean": [0.266822069883, 2.19914364815, 11.8100500107, 22.6368560791, 10.0741539001, 9.91528320312, 8.73120594025, 15.650935173, 18.4816226959, 34.4187088013, 24.7323513031, 15.1760997772, 27.4104976654, 24.66015625, 37.0860366821, 25.3634243011, 21.1108512878, 34.0467414856, 27.4637680054, 44.6277389526, 31.2212963104, 24.5296363831, 19.4789848328, 17.6445980072, 4.32725381851, 5.50335168839, 13.143611908, 15.5638046265, 17.3656845093, 10.4865217209, 5.31086301804, 2.63674235344, 0.817729949951, 0.191771611571, 0.0322567857802, 0.0118976514786, 0.00632616877556, 0.00406835926697, 0.00186735682655, 0.000112591413199],
        "median": [0.165845051408, 1.72054839134, 3.78331017494, 4.35446166992, 5.57659769058, 3.39169549942, 3.03690695763, 5.09398698807, 6.68631601334, 9.32279586792, 5.09392881393, 4.51999759674, 6.5608716011, 7.68713617325, 11.6989030838, 9.43082714081, 9.75096321106, 14.4838266373, 13.1800298691, 16.7399139404, 12.5793628693, 10.5252046585, 8.09241485596, 6.86787939072, 1.94644272327, 2.70207118988, 5.86882066727, 7.45799207687, 6.94333744049, 4.06917047501, 1.76406872272, 0.713108360767, 0.246151611209, 0.0695974305272, 0.0104241222143, 0.00243832985871, 0.00237887096591, 0.00137964531314, 0.000318861624692, 7.73862702772e-05],
        "min": [4.0143983895e-21, 1.01332533095e-20, 2.99989133734e-20, 3.62821740752e-20, 3.31001298121e-20, 1.07195531115e-19, 9.25909723917e-20, 2.34926144055e-19, 4.83218337736e-19, 7.55806919809e-19, 1.63788678583e-18, 1.35957307995e-18, 8.48616791332e-19, 1.38226254075e-18, 1.55771044381e-18, 3.48050594315e-18, 4.38604289359e-18, 8.44988901243e-18, 1.36195014887e-17, 6.06093556868e-18, 1.07387763495e-17, 9.08142155778e-18, 8.40317895042e-18, 1.46874321914e-17, 1.41276492924e-17, 1.45551378873e-17, 1.5872355184e-17, 2.03048124225e-17, 1.3825990585e-17, 1.70099502106e-17, 1.38089911963e-17, 2.01489715951e-17, 1.60362312438e-17, 1.36211889372e-17, 1.16054027239e-17, 6.07390576069e-18, 3.70006862905e-18, 1.58106382045e-18, 3.63291495329e-19, 3.70570969063e-20],
        "var": [0.135437563062, 6.72046327591, 226.488525391, 942.744995117, 190.774246216, 296.136962891, 356.515014648, 1423.15307617, 1301.69848633, 5674.40478516, 4815.53857422, 1314.60876465, 4150.45898438, 3322.04272461, 7979.39453125, 3324.71606445, 1999.72399902, 4670.13183594, 1777.37976074, 8873.69726562, 3344.27368164, 1829.82763672, 1478.98486328, 1025.27185059, 40.2400436401, 63.1493034363, 626.182617188, 634.773132324, 1567.95874023, 285.891845703, 83.7213058472, 31.8859329224, 2.27058792114, 0.102630011737, 0.00341489329003, 0.00371015584096, 0.000211347301956, 5.31933146704e-05, 3.9172002289e-05, 2.72264895074e-08]
    },
    "gfcc": {
        "mean": [-22.5445976257, 109.058784485, -128.60975647, 41.6553688049, -48.3417434692, 10.4509572983, -22.6878185272, -16.5867500305, 0.179968938231, -10.4733276367, -13.4327630997, -2.50640153885, -10.328371048],
        "cov": [[19335.734375, -28.9036655426, 987.751098633, 2110.81469727, -751.581054688, 1304.109375, 37.619392395, 639.40838623, 188.523071289, 216.095962524, -261.917510986, 258.453613281, -231.363204956], [-28.9036655426, 1950.08728027, -491.085693359, -351.993835449, 269.862335205, -354.229003906, 21.1058559418, -265.04888916, -17.8687877655, -144.921478271, -6.66962862015, -137.639175415, 22.6563720703], [987.751098633, -491.085693359, 1429.7142334, 663.893188477, 191.839111328, 351.51385498, 255.323822021, 215.079925537, 126.172805786, 98.8347320557, 9.50540542603, 78.8866271973, -11.6754817963], [2110.81469727, -351.993835449, 663.893188477, 880.499816895, -9.16077899933, 388.959686279, 102.028892517, 160.959518433, 83.7098464966, 58.4443702698, 2.48446083069, 35.1313781738, 12.6518096924], [-751.581054688, 269.862335205, 191.839111328, -9.16077899933, 424.396697998, -38.8101158142, 129.624923706, -19.2411460876, 32.4301567078, 4.96133518219, 11.793132782, 1.26967656612, 17.1263084412], [1304.109375, -354.229003906, 351.51385498, 388.959686279, -38.8101158142, 479.338287354, 71.524559021, 133.453552246, 66.4497451782, 36.0942344666, 11.8343963623, 52.9212646484, 33.4451446533], [37.619392395, 21.1058559418, 255.323822021, 102.028892517, 129.624923706, 71.524559021, 273.213226318, 75.0628128052, 61.73802948, 42.2227935791, 31.4399433136, 34.8054504395, 8.08523368835], [639.40838623, -265.04888916, 215.079925537, 160.959518433, -19.2411460876, 133.453552246, 75.0628128052, 236.528945923, 76.4560165405, 64.2144088745, 26.3799781799, 49.2690162659, 2.66232609749], [188.523071289, -17.8687877655, 126.172805786, 83.7098464966, 32.4301567078, 66.4497451782, 61.73802948, 76.4560165405, 158.495407104, 61.2692451477, 31.5470428467, 9.81660461426, 7.16875982285], [216.095962524, -144.921478271, 98.8347320557, 58.4443702698, 4.96133518219, 36.0942344666, 42.2227935791, 64.2144088745, 61.2692451477, 147.970046997, 41.1017303467, 30.6280059814, -4.82668542862], [-261.917510986, -6.66962862015, 9.50540542603, 2.48446083069, 11.793132782, 11.8343963623, 31.4399433136, 26.3799781799, 31.5470428467, 41.1017303467, 129.947235107, 36.1248855591, 14.199054718], [258.453613281, -137.639175415, 78.8866271973, 35.1313781738, 1.26967656612, 52.9212646484, 34.8054504395, 49.2690162659, 9.81660461426, 30.6280059814, 36.1248855591, 134.964477539, 31.4153499603], [-231.363204956, 22.6563720703, -11.6754817963, 12.6518096924, 17.1263084412, 33.4451446533, 8.08523368835, 2.66232609749, 7.16875982285, -4.82668542862, 14.199054718, 31.4153499603, 108.115921021]],
        "icov": [[0.000126060738694, -0.00018260050274, 4.73961044918e-05, -0.000264177273493, 0.000232188132941, -0.000217213397264, 6.97118521202e-05, -0.00021705776453, 6.04544402449e-05, -0.000206156139029, 0.000388138287235, -0.000403352431022, 0.000427622988354], [-0.00018260050274, 0.00110705767293, 0.000181561990757, 0.00029430698487, -0.00079189077951, 0.000669364351779, -0.000414983573137, 0.00086414872203, -0.00056373415282, 0.000914455682505, -0.000750082312152, 0.0010626091389, -0.000841500353999], [4.73961044918e-05, 0.000181561990757, 0.0014846175909, -0.000936698401347, -0.000580278749112, -0.000175526845851, -0.00061528000515, -0.000264263362624, -0.000216953616473, -7.86755263107e-05, 0.000412654073443, -0.000419029442128, 0.000610490387771], [-0.000264177273493, 0.00029430698487, -0.000936698401347, 0.00288778101094, -0.000173931461177, -0.000838553649373, 4.42524924438e-06, 0.000193082887563, -0.000119062278827, 0.000245563162025, -0.000735875102691, 0.00125081092119, -0.0010321654845], [0.000232188132941, -0.00079189077951, -0.000580278749112, -0.000173931461177, 0.00383870536461, -0.000101641206129, -0.00107920635492, 7.7049000538e-05, -9.18789373827e-05, -0.00049365038285, 0.000740581424907, -0.000746023724787, 0.000226245480007], [-0.000217213397264, 0.000669364351779, -0.000175526845851, -0.000838553649373, -0.000101641206129, 0.00421767588705, -0.000450124352938, -0.00017601151194, -0.000761898118071, 0.000965067069046, -0.000636447803117, 0.000349635258317, -0.00170095008798], [6.97118521202e-05, -0.000414983573137, -0.00061528000515, 4.42524924438e-06, -0.00107920635492, -0.000450124352938, 0.00554099446163, -0.00116399978288, -0.000526518851984, -0.000533369195182, -0.000307228037855, -0.000866407703143, 0.000396870658733], [-0.00021705776453, 0.00086414872203, -0.000264263362624, 0.000193082887563, 7.7049000538e-05, -0.00017601151194, -0.00116399978288, 0.00735429348424, -0.00224157446064, -0.000347644760041, -0.000778373971116, -0.000370416761143, -0.000405553320888], [6.04544402449e-05, -0.00056373415282, -0.000216953616473, -0.000119062278827, -9.18789373827e-05, -0.000761898118071, -0.000526518851984, -0.00224157446064, 0.00929990038276, -0.00299186585471, -0.000783528026659, 0.00101684813853, -0.000359949219273], [-0.000206156139029, 0.000914455682505, -7.86755263107e-05, 0.000245563162025, -0.00049365038285, 0.000965067069046, -0.000533369195182, -0.000347644760041, -0.00299186585471, 0.0100085921586, -0.00261692586355, -0.00020090705948, 0.000205341653782], [0.000388138287235, -0.000750082312152, 0.000412654073443, -0.000735875102691, 0.000740581424907, -0.000636447803117, -0.000307228037855, -0.000778373971116, -0.000783528026659, -0.00261692586355, 0.0104953218251, -0.00328516727313, 0.00075149879558], [-0.000403352431022, 0.0010626091389, -0.000419029442128, 0.00125081092119, -0.000746023724787, 0.000349635258317, -0.000866407703143, -0.000370416761143, 0.00101684813853, -0.00020090705948, -0.00328516727313, 0.0112182125449, -0.00409815600142], [0.000427622988354, -0.000841500353999, 0.000610490387771, -0.0010321654845, 0.000226245480007, -0.00170095008798, 0.000396870658733, -0.000405553320888, -0.000359949219273, 0.000205341653782, 0.00075149879558, -0.00409815600142, 0.0121232718229]]
    },
    "melbands": {
        "dmean": [0.00107157940511, 0.00198998767883, 0.00162282085512, 0.000460567243863, 0.000270546064712, 0.000236973646679, 0.000207665594644, 0.000251120072789, 0.000117509924166, 8.44614914968e-05, 0.000121276571008, 7.60091206757e-05, 9.653413872e-05, 6.13859447185e-05, 4.92621984449e-05, 3.9224876673e-05, 6.18732519797e-05, 3.33152747771e-05, 5.33581805939e-05, 5.93936492805e-05, 3.19037681038e-05, 2.73071000265e-05, 1.80658244062e-05, 1.27174334921e-05, 1.28960027723e-05, 3.35781783178e-06, 9.40753182022e-07, 3.27927227772e-06, 4.13043699155e-06, 7.15430087439e-06, 7.01288581695e-06, 8.15214025351e-06, 8.35755872686e-06, 4.3610693865e-06, 2.83924009636e-06, 3.47769150721e-06, 1.32678849241e-06, 6.78494188833e-07, 2.37995863017e-07, 1.47430839093e-07],
        "dmean2": [0.00151710503269, 0.00305123371072, 0.00265926681459, 0.000772797153331, 0.00043415260734, 0.000366932159523, 0.00032232326339, 0.000368926150259, 0.000175367764314, 0.000137020891998, 0.000194032079889, 0.000124848185806, 0.000158023933182, 0.000103141792351, 8.04626179161e-05, 6.37286648271e-05, 0.000102493962913, 5.42836678505e-05, 8.62814922584e-05, 9.84522848739e-05, 5.3578747611e-05, 4.68495782115e-05, 2.99592284136e-05, 2.09306017496e-05, 2.17568176595e-05, 5.56809709451e-06, 1.55702343818e-06, 5.45340026292e-06, 6.66451569487e-06, 1.16857481771e-05, 1.18088801173e-05, 1.30415855892e-05, 1.41071750477e-05, 7.26368762116e-06, 4.79357413496e-06, 6.04720162301e-06, 2.33790774473e-06, 1.17966010293e-06, 4.09775736898e-07, 2.60812385022e-07],
        "dvar": [2.50006496572e-06, 8.45704107633e-06, 8.78294667928e-06, 7.03302191596e-07, 3.09815959554e-07, 3.43270045278e-07, 1.92166623947e-07, 2.49336665092e-07, 9.51862162424e-08, 2.99503000178e-08, 7.33983043233e-08, 3.10524725933e-08, 4.25862509701e-08, 1.80349015722e-08, 2.8181313283e-08, 1.207559297e-08, 2.32641603759e-08, 3.21446025353e-09, 1.4075232535e-08, 1.62222697497e-08, 5.99167293558e-09, 3.93232513218e-09, 1.15910048226e-09, 5.72523195519e-10, 7.15138781526e-10, 3.89457702199e-11, 2.62839598177e-12, 3.43060822805e-11, 5.06355062047e-11, 3.83048426311e-10, 1.31177221863e-10, 3.75314807011e-10, 4.59121102248e-10, 4.63492438874e-11, 2.12709572178e-11, 9.36507052463e-11, 6.32913556634e-12, 1.46124182632e-12, 1.5517532463e-13, 6.7280125156e-14],
        "dvar2": [5.16129603056e-06, 2.01783404918e-05, 2.14907959162e-05, 1.85227520433e-06, 7.32960586447e-07, 7.08636548552e-07, 4.41487259195e-07, 4.67282120553e-07, 1.74467771785e-07, 6.4300820668e-08, 1.72009336552e-07, 7.1224178555e-08, 1.01037329614e-07, 4.70863454893e-08, 7.03875073782e-08, 2.73588049993e-08, 6.14787225572e-08, 8.25235790813e-09, 3.13739967339e-08, 3.99103967652e-08, 1.55402997137e-08, 1.07228075308e-08, 2.8277409303e-09, 1.39271194577e-09, 1.81310888525e-09, 1.00834139649e-10, 6.73260319023e-12, 9.03108698935e-11, 1.28496116525e-10, 9.320856309e-10, 3.31826816025e-10, 8.6224144491e-10, 1.16516951643e-09, 1.15334956863e-10, 5.61205283633e-11, 2.3986945763e-10, 1.71025346662e-11, 3.85147686313e-12, 4.04807887515e-13, 1.86133253992e-13],
        "max": [0.0345019362867, 0.0422571785748, 0.0269903223962, 0.0109049053863, 0.00918008200824, 0.0116879194975, 0.00821221619844, 0.0116599053144, 0.00924642942846, 0.00712383212522, 0.00456055020913, 0.00465470459312, 0.00509439082816, 0.0022404093761, 0.00474827270955, 0.00313761876896, 0.00294977752492, 0.00148265785538, 0.00306845153682, 0.0019769074861, 0.00161549635231, 0.00180810876191, 0.000793654820882, 0.000574458914343, 0.000562676752452, 9.67730084085e-05, 3.10463146889e-05, 8.99089791346e-05, 0.000140652569826, 0.000578584615141, 0.000155668880325, 0.000347038556356, 0.00035075773485, 6.31042712484e-05, 5.42386696907e-05, 0.00015027243353, 2.13063667616e-05, 1.39119792948e-05, 5.65099571759e-06, 2.32417141888e-06],
        "mean": [0.00251496094279, 0.00526685221121, 0.00356418895535, 0.00064989348175, 0.00035043945536, 0.000352399918484, 0.00029026743141, 0.000388443411794, 0.000182988675078, 9.53934722929e-05, 0.000132247587317, 8.73787721503e-05, 0.000119174779684, 7.41460753488e-05, 5.71215423406e-05, 4.63056348963e-05, 6.68785942253e-05, 3.80218953069e-05, 5.95973178861e-05, 5.85074303672e-05, 3.32029267156e-05, 2.75557013083e-05, 1.98678626475e-05, 1.56409423653e-05, 1.48448170876e-05, 4.10200118495e-06, 1.34917081596e-06, 4.19357547798e-06, 6.46389435133e-06, 1.07983187263e-05, 8.85485496838e-06, 9.79072956397e-06, 8.58845487528e-06, 4.94334017276e-06, 2.89437070933e-06, 2.76747391581e-06, 1.16093008273e-06, 6.30340252883e-07, 2.48363960509e-07, 1.36861629585e-07],
        "median": [0.00164551835041, 0.00299736205488, 0.000782034010626, 0.00031571573345, 0.000116085881018, 0.000117426403449, 9.78929892881e-05, 9.98097093543e-05, 3.28260939568e-05, 2.57816973317e-05, 2.82507662632e-05, 2.26775264309e-05, 3.76451462216e-05, 2.82324181171e-05, 1.86861889233e-05, 1.83281736099e-05, 2.53255002463e-05, 1.83186366485e-05, 2.0420518922e-05, 1.75954864972e-05, 1.21528400996e-05, 1.05710842035e-05, 7.45272154745e-06, 6.01337978878e-06, 5.32581361767e-06, 1.62100752732e-06, 6.12008307144e-07, 1.8808442519e-06, 3.20035292134e-06, 3.79052107746e-06, 4.10510347137e-06, 4.0348472794e-06, 2.95514632853e-06, 1.82335463705e-06, 9.79790911515e-07, 6.04935621595e-07, 3.21309187257e-07, 1.78379153226e-07, 8.40936422719e-08, 4.51957369307e-08],
        "min": [2.97562940397e-23, 1.46627453942e-23, 5.64648531599e-24, 5.36649570377e-24, 3.82564249102e-24, 4.82035270515e-24, 7.51605607908e-24, 9.13989312032e-24, 1.27355014048e-23, 7.63013483231e-24, 3.69642786361e-24, 5.34217748864e-24, 3.81787812756e-24, 9.89075065144e-24, 9.3085870806e-24, 8.13343676731e-24, 1.69672747334e-23, 2.47031934465e-23, 8.06004351527e-24, 9.16847276206e-24, 1.26255018513e-23, 9.30445581604e-24, 8.33726343686e-24, 7.86394689373e-24, 1.23992013234e-23, 1.07501357216e-23, 1.00443970899e-23, 9.14661421524e-24, 1.09256549064e-23, 8.69719226892e-24, 1.23547324453e-23, 7.31634331915e-24, 7.91582948661e-24, 1.03624752733e-23, 7.47921943025e-24, 9.57067743889e-24, 1.36293565411e-23, 1.04980591636e-23, 1.04562171924e-23, 1.24571226465e-23],
        "var": [1.13499754661e-05, 3.41793383996e-05, 2.11410297197e-05, 8.29653799883e-07, 4.36948113247e-07, 6.48427374017e-07, 3.33335009373e-07, 7.72428052187e-07, 3.17819115025e-07, 5.24012122582e-08, 1.0201947731e-07, 4.70924597096e-08, 6.75540263728e-08, 2.16621582894e-08, 3.28759703905e-08, 1.47980747656e-08, 2.10685104918e-08, 3.36841399218e-09, 1.941512906e-08, 1.67155942421e-08, 5.34862865109e-09, 3.09723535707e-09, 1.40811351468e-09, 8.32415469887e-10, 8.46534287113e-10, 4.63489767399e-11, 4.73829482595e-12, 4.38356330401e-11, 9.9987913782e-11, 7.86632037286e-10, 1.72844447088e-10, 4.04861061343e-10, 3.92207238908e-10, 6.45486580853e-11, 2.4280693775e-11, 7.12389591762e-11, 5.4594128697e-12, 1.46487108468e-12, 1.92212605966e-13, 5.75738526407e-14]
    },
    "mfcc": {
        "mean": [-649.866760254, 124.78465271, -6.09081506729, 27.0573539734, 2.68695545197, 26.300491333, -15.484046936, 8.65739917755, 3.22125458717, -4.49912881851, 0.0778373330832, 4.57353878021, -5.27573204041],
        "cov": [[9873.06738281, -570.473266602, 1021.23937988, 992.507995605, -51.0240058899, 737.642272949, -45.4330749512, 640.695617676, 306.924560547, 313.244293213, 206.430465698, 196.662963867, 14.2480306625], [-570.473266602, 1488.80371094, -391.618530273, -141.762985229, 68.0314712524, -113.981002808, 12.1195459366, -136.217758179, -48.210559845, -86.0843887329, -57.7171897888, -43.2411460876, -23.5850429535], [1021.23937988, -391.618530273, 957.316589355, 429.121124268, 109.140708923, 287.437713623, 90.6202926636, 225.602218628, 129.567687988, 118.583648682, 81.1265258789, 65.9162750244, 33.7212982178], [992.507995605, -141.762985229, 429.121124268, 619.904968262, 100.248657227, 226.272399902, 117.44140625, 149.265792847, 110.512130737, 103.052322388, 85.6330947876, 57.661945343, 24.4154891968], [-51.0240058899, 68.0314712524, 109.140708923, 100.248657227, 243.747970581, 84.2797241211, 31.4838752747, 37.4490852356, 31.1218681335, 22.3751811981, -5.51729011536, -4.78693437576, 4.54390382767], [737.642272949, -113.981002808, 287.437713623, 226.272399902, 84.2797241211, 355.600982666, 86.9753417969, 137.964279175, 93.6516265869, 53.2452964783, 50.1156959534, 34.0300827026, 23.5465335846], [-45.4330749512, 12.1195459366, 90.6202926636, 117.44140625, 31.4838752747, 86.9753417969, 176.353271484, 72.3563995361, 38.901348114, 28.3610477448, 19.5007381439, 12.2633485794, 17.7010002136], [640.695617676, -136.217758179, 225.602218628, 149.265792847, 37.4490852356, 137.964279175, 72.3563995361, 237.360733032, 87.8079986572, 56.7322807312, 44.2361106873, 34.4373893738, 27.9847011566], [306.924560547, -48.210559845, 129.567687988, 110.512130737, 31.1218681335, 93.6516265869, 38.901348114, 87.8079986572, 156.560974121, 64.4912338257, 28.4357357025, 24.5993080139, 12.8513641357], [313.244293213, -86.0843887329, 118.583648682, 103.052322388, 22.3751811981, 53.2452964783, 28.3610477448, 56.7322807312, 64.4912338257, 150.841293335, 60.3405570984, 34.8293571472, 16.5770130157], [206.430465698, -57.7171897888, 81.1265258789, 85.6330947876, -5.51729011536, 50.1156959534, 19.5007381439, 44.2361106873, 28.4357357025, 60.3405570984, 121.522743225, 60.1193237305, 25.2572250366], [196.662963867, -43.2411460876, 65.9162750244, 57.661945343, -4.78693437576, 34.0300827026, 12.2633485794, 34.4373893738, 24.5993080139, 34.8293571472, 60.1193237305, 112.684509277, 55.3597793579], [14.2480306625, -23.5850429535, 33.7212982178, 24.4154891968, 4.54390382767, 23.5465335846, 17.7010002136, 27.9847011566, 12.8513641357, 16.5770130157, 25.2572250366, 55.3597793579, 96.7083740234]],
