{
"lowlevel": {
    "average_loudness": 0.893112301826,
    "barkbands_crest": {
        "dmean": 2.33889651299,
        "dmean2": 3.52238869667,
        "dvar": 4.87045574188,
        "dvar2": 10.949174881,
        "max": 26.2576713562,
        "mean": 11.7562952042,
        "median": 11.0652742386,
        "min": 2.1775803566,
        "var": 19.9834976196
    },
    "barkbands_flatness_db": {
        "dmean": 0.0196952521801,
        "dmean2": 0.0286932773888,
        "dvar": 0.00044310168596,
        "dvar2": 0.000939564080909,
        "max": 0.484470039606,
        "mean": 0.159977525473,
        "median": 0.148629024625,
        "min": 0.0436974093318,
        "var": 0.00344648724422
    },
    "barkbands_kurtosis": {
        "dmean": 3.58773612976,
        "dmean2": 5.47584295273,
        "dvar": 64.564453125,
        "dvar2": 155.297622681,
        "max": 313.723480225,
        "mean": 5.97046899796,
        "median": 2.53227615356,
        "min": -1.78572416306,
        "var": 177.895782471
    },
    "barkbands_skewness": {
        "dmean": 0.575627148151,
        "dmean2": 0.848718941212,
        "dvar": 0.404840409756,
        "dvar2": 0.917228162289,
        "max": 15.09116745,
        "mean": 1.81185030937,
        "median": 1.66342794895,
        "min": -12.1548051834,
        "var": 2.26170802116
    },
    "barkbands_spread": {
        "dmean": 4.36672925949,
        "dmean2": 6.60633325577,
        "dvar": 21.2225494385,
        "dvar2": 47.7432289124,
        "max": 89.0019683838,
        "mean": 18.5077648163,
        "median": 17.2352046967,
        "min": 0.401317059994,
        "var": 94.8784942627
    },
    "dissonance": {
        "dmean": 0.0163932833821,
        "dmean2": 0.02630065009,
        "dvar": 0.000207058910746,
        "dvar2": 0.000516718893778,
        "max": 0.500000178814,
        "mean": 0.455145329237,
        "median": 0.462475180626,
        "min": 0.246565848589,
        "var": 0.00102396169677
    },
    "dynamic_complexity": 3.05815815926,
    "erbbands_crest": {
        "dmean": 2.84505057335,
        "dmean2": 4.50082111359,
        "dvar": 7.84550237656,
        "dvar2": 18.5653781891,
        "max": 28.6748371124,
        "mean": 9.77767467499,
        "median": 8.76356506348,
        "min": 2.53325819969,
        "var": 17.7023677826
    },
    "erbbands_flatness_db": {
        "dmean": 0.0152887376025,
        "dmean2": 0.0229823924601,
        "dvar": 0.000261270586634,
        "dvar2": 0.000597602804191,
        "max": 0.420123964548,
        "mean": 0.169758439064,
        "median": 0.157619968057,
        "min": 0.0510483644903,
        "var": 0.00255506578833
    },
    "erbbands_kurtosis": {
        "dmean": 0.79382532835,
        "dmean2": 1.22492420673,
        "dvar": 1.273878932,
        "dvar2": 3.05956864357,
        "max": 32.4042816162,
        "mean": 0.254098802805,
        "median": -0.152959823608,
        "min": -1.81740891933,
        "var": 3.15204405785
    },
    "erbbands_skewness": {
        "dmean": 0.33829960227,
        "dmean2": 0.513346672058,
        "dvar": 0.12514770031,
        "dvar2": 0.306106328964,
        "max": 4.12130069733,
        "mean": 0.172845348716,
        "median": 0.120320409536,
        "min": -4.45342350006,
        "var": 0.473560065031
    },
    "erbbands_spread": {
        "dmean": 7.84702444077,
        "dmean2": 11.9586439133,
        "dvar": 64.3438339233,
        "dvar2": 149.114486694,
        "max": 129.771087646,
        "mean": 36.0252151489,
        "median": 34.0801811218,
        "min": 2.09033465385,
        "var": 210.774353027
    },
    "hfc": {
        "dmean": 6.76438379288,
        "dmean2": 9.91252803802,
        "dvar": 101.454681396,
        "dvar2": 231.097915649,
        "max": 121.04045105,
        "mean": 18.0566272736,
        "median": 12.6478738785,
        "min": 1.19320393079e-16,
        "var": 258.938690186
    },
    "melbands_crest": {
        "dmean": 3.23738980293,
        "dmean2": 4.91978740692,
        "dvar": 8.81422615051,
        "dvar2": 21.9482955933,
        "max": 35.9926185608,
        "mean": 17.5900001526,
        "median": 17.5979614258,
        "min": 2.06109571457,
        "var": 36.4652786255
    },
    "melbands_flatness_db": {
        "dmean": 0.0240529235452,
        "dmean2": 0.0342513360083,
        "dvar": 0.000661101657897,
        "dvar2": 0.00133561075199,
        "max": 0.609081149101,
        "mean": 0.24372856319,
        "median": 0.232169955969,
        "min": 0.00438173906878,
        "var": 0.00532843219116
    },
    "melbands_kurtosis": {
        "dmean": 8.67417526245,
        "dmean2": 13.1393222809,
        "dvar": 292.254455566,
        "dvar2": 693.282226562,
        "max": 601.817382812,
        "mean": 15.8284473419,
        "median": 8.99982070923,
        "min": -1.83031654358,
        "var": 576.367614746
    },
    "melbands_skewness": {
        "dmean": 0.796219885349,
        "dmean2": 1.16237127781,
        "dvar": 0.820105195045,
        "dvar2": 1.83853268623,
        "max": 19.2118091583,
        "mean": 3.01140570641,
        "median": 2.64192056656,
        "min": -2.69856548309,
        "var": 2.88759684563
    },
    "melbands_spread": {
        "dmean": 5.40752124786,
        "dmean2": 8.21260738373,
        "dvar": 37.2566833496,
        "dvar2": 85.0918273926,
        "max": 178.500289917,
        "mean": 18.7134952545,
        "median": 16.0874156952,
        "min": 0.352415651083,
        "var": 195.483734131
    },
    "pitch_salience": {
        "dmean": 0.0740166604519,
        "dmean2": 0.117440253496,
        "dvar": 0.00547266798094,
        "dvar2": 0.0138372378424,
        "max": 0.860950946808,
        "mean": 0.460818558931,
        "median": 0.461602538824,
        "min": 0.0508044548333,
        "var": 0.0153583958745
    },
    "silence_rate_20dB": {
        "dmean": 0,
        "dmean2": 0,
        "dvar": 0,
        "dvar2": 0,
        "max": 1,
        "mean": 1,
        "median": 1,
        "min": 1,
        "var": 0
    },
    "silence_rate_30dB": {
        "dmean": 0.0518183223903,
        "dmean2": 0.103644736111,
        "dvar": 0.0491334348917,
        "dvar2": 0.103205673397,
        "max": 1,
        "mean": 0.94358175993,
        "median": 1,
        "min": 0,
        "var": 0.0532323531806
    },
    "silence_rate_60dB": {
        "dmean": 0.00655533000827,
        "dmean2": 0.01311168354,
        "dvar": 0.00651186751202,
        "dvar2": 0.0143470205367,
        "max": 1,
        "mean": 0.0490831062198,
        "median": 0,
        "min": 0,
        "var": 0.0466753430665
    },
    "spectral_centroid": {
        "dmean": 223.319213867,
        "dmean2": 339.318115234,
        "dvar": 61163.1914062,
        "dvar2": 126432.601562,
        "max": 10561.9804688,
        "mean": 1205.46716309,
        "median": 1152.60742188,
        "min": 142.646560669,
        "var": 275907.5625
    },
    "spectral_complexity": {
        "dmean": 3.70063996315,
        "dmean2": 5.6427063942,
        "dvar": 20.8576087952,
        "dvar2": 39.2897987366,
        "max": 61,
        "mean": 17.2955131531,
        "median": 16,
        "min": 0,
        "var": 71.8500213623
    },
    "spectral_decrease": {
        "dmean": 4.01358724034e-09,
        "dmean2": 5.96404037267e-09,
        "dvar": 4.5112948301e-17,
        "dvar2": 1.03741597677e-16,
        "max": 4.43633876701e-16,
        "mean": -9.89262449735e-09,
        "median": -7.31909688412e-09,
        "min": -7.65539169834e-08,
        "var": 8.87197661426e-17
    },
    "spectral_energy": {
        "dmean": 0.0156209096313,
        "dmean2": 0.0232043005526,
        "dvar": 0.000668158463668,
        "dvar2": 0.00153053551912,
        "max": 0.292281270027,
        "mean": 0.0389749445021,
        "median": 0.0290374215692,
        "min": 1.06953976605e-20,
        "var": 0.00133593031205
    },
    "spectral_energyband_high": {
        "dmean": 0.000282189808786,
        "dmean2": 0.000430835294537,
        "dvar": 2.88447182584e-07,
        "dvar2": 6.60887110371e-07,
        "max": 0.00726562831551,
        "mean": 0.000551144767087,
        "median": 0.000315241020871,
        "min": 7.54957243761e-21,
        "var": 5.25501832271e-07
    },
    "spectral_energyband_low": {
        "dmean": 0.0128825483844,
        "dmean2": 0.0190867744386,
        "dvar": 0.000548677227926,
        "dvar2": 0.0013055994641,
        "max": 0.272706329823,
        "mean": 0.0234728064388,
        "median": 0.0129211014137,
        "min": 6.37953770427e-23,
        "var": 0.000946621992625
    },
    "spectral_energyband_middle_high": {
        "dmean": 0.0025163567625,
        "dmean2": 0.00382815068588,
        "dvar": 1.28023748402e-05,
        "dvar2": 3.03477754642e-05,
        "max": 0.0527342557907,
        "mean": 0.00575969833881,
        "median": 0.00356112909503,
        "min": 1.74228793928e-21,
        "var": 3.37822675647e-05
    },
    "spectral_energyband_middle_low": {
        "dmean": 0.00488122552633,
        "dmean2": 0.00801723916084,
        "dvar": 0.000115330556582,
        "dvar2": 0.000321019382682,
        "max": 0.135924741626,
        "mean": 0.0107990708202,
        "median": 0.00807420443743,
        "min": 2.86527129743e-22,
        "var": 0.000120099975902
    },
    "spectral_entropy": {
        "dmean": 0.14328160882,
        "dmean2": 0.2114944309,
        "dvar": 0.0251443907619,
        "dvar2": 0.0498134568334,
        "max": 9.80092334747,
        "mean": 7.27791404724,
        "median": 7.38692951202,
        "min": 4.51298093796,
        "var": 0.266104727983
    },
    "spectral_flux": {
        "dmean": 0.0335671156645,
        "dmean2": 0.0528246723115,
        "dvar": 0.0019822283648,
        "dvar2": 0.0041689677164,
        "max": 0.401439756155,
        "mean": 0.0870914682746,
        "median": 0.0689584836364,
        "min": 1.03418558439e-10,
        "var": 0.00447587901726
    },
    "spectral_kurtosis": {
        "dmean": 2.63874173164,
        "dmean2": 4.49928092957,
        "dvar": 20.5926456451,
        "dvar2": 56.9760055542,
        "max": 196.586273193,
        "mean": 7.15968751907,
        "median": 4.19932413101,
        "min": -1.18588590622,
        "var": 116.095115662
    },
    "spectral_rms": {
        "dmean": 0.00104197079781,
        "dmean2": 0.00148084119428,
        "dvar": 1.86890940768e-06,
        "dvar2": 3.9712385842e-06,
        "max": 0.0168864578009,
        "mean": 0.00556455273181,
        "median": 0.00532251736149,
        "min": 3.23025308759e-12,
        "var": 7.05998490957e-06
    },
    "spectral_rolloff": {
        "dmean": 317.506469727,
        "dmean2": 534.976379395,
        "dvar": 216226.734375,
        "dvar2": 438186.5625,
        "max": 19767.4804688,
        "mean": 1112.80883789,
        "median": 861.328125,
        "min": 64.599609375,
        "var": 3350788.75
    },
    "spectral_skewness": {
        "dmean": 0.301409393549,
        "dmean2": 0.488631665707,
        "dvar": 0.116364508867,
        "dvar2": 0.310015022755,
        "max": 10.9112911224,
        "mean": 1.69206905365,
        "median": 1.49781084061,
        "min": 0.0214808378369,
        "var": 0.806168675423
    },
    "spectral_spread": {
        "dmean": 337680.46875,
        "dmean2": 541021.3125,
        "dvar": 212592394240,
        "dvar2": 365194412032,
        "max": 40038620,
        "mean": 3771702.5,
        "median": 3866845,
        "min": 541188.6875,
        "var": 2.20660996506e+12
    },
    "spectral_strongpeak": {
        "dmean": 0.346437484026,
        "dmean2": 0.600659489632,
        "dvar": 0.640290439129,
        "dvar2": 1.71760106087,
        "max": 14.0886697769,
        "mean": 0.649319708347,
        "median": 0.434548258781,
        "min": 0,
        "var": 0.591752648354
    },
    "zerocrossingrate": {
        "dmean": 0.00660258065909,
        "dmean2": 0.00779234059155,
        "dvar": 4.60647679574e-05,
        "dvar2": 5.79319203098e-05,
        "max": 0.818359375,
        "mean": 0.0467378683388,
        "median": 0.03955078125,
        "min": 0.001953125,
        "var": 0.00455171894282
    },
    "barkbands": {
        "dmean": [0.000318983191391, 0.00807781983167, 0.00571071542799, 0.00263200886548, 0.00168456975371, 0.000556476123165, 0.00083009316586, 0.000328057503793, 0.000299137755064, 0.000864668400027, 0.000342412211467, 0.000405034457799, 0.000302716100123, 0.000465484976303, 0.000774655025452, 0.000381233752705, 0.000148710198118, 0.000148012113641, 0.000295079749776, 0.000144040299347, 0.000110459128337, 7.4467228842e-05, 4.64106269646e-05, 1.66263325809e-05, 7.33446768209e-06, 4.30598265666e-06, 1.80382767212e-06],
        "dmean2": [0.000468587910291, 0.0119774667546, 0.00933252088726, 0.00470287585631, 0.00286260899156, 0.000700063770637, 0.00110429606866, 0.000509551842697, 0.000436084956164, 0.00126770883799, 0.000544987560716, 0.000627962290309, 0.000477701803902, 0.000729777908418, 0.0012789380271, 0.000655878568068, 0.000253271631664, 0.000246835697908, 0.000471321312943, 0.000239645320107, 0.00017111779016, 0.000115543043648, 7.26831058273e-05, 2.76102637145e-05, 1.23730833366e-05, 7.00393320585e-06, 3.05128924083e-06],
        "dvar": [2.19957954073e-07, 0.000207460936508, 0.000144402147271, 7.51996703912e-05, 9.98364430416e-06, 6.99368570167e-07, 1.67320695255e-06, 4.1207121626e-07, 3.06561815933e-07, 2.25005032917e-06, 4.56732749399e-07, 1.32573848077e-06, 6.24975086794e-07, 1.08245319552e-06, 2.54003339251e-06, 8.28327245017e-07, 9.87342261283e-08, 1.03108753535e-07, 3.76636734245e-07, 6.96639617104e-08, 5.30384518527e-08, 2.34997621362e-08, 1.48339562855e-08, 1.55431922888e-09, 3.38521266574e-10, 1.03256000972e-10, 1.67763650194e-11],
        "dvar2": [4.3430472374e-07, 0.000495143292937, 0.000376865209546, 0.000210548430914, 2.68491057795e-05, 1.17436752589e-06, 2.98001737065e-06, 9.50696289692e-07, 6.93734875767e-07, 4.69988162877e-06, 1.15167404147e-06, 2.79304936157e-06, 1.35952075198e-06, 2.54395263255e-06, 6.72672877045e-06, 2.44604689215e-06, 2.70961152182e-07, 2.72860972927e-07, 9.18936507333e-07, 1.81151477818e-07, 1.21583610735e-07, 5.22458982744e-08, 3.43962724969e-08, 4.15001721876e-09, 9.47600109491e-10, 2.70358735399e-10, 4.51898934939e-11],
        "max": [0.00461188610643, 0.14531993866, 0.136761158705, 0.109002783895, 0.0504389293492, 0.0269022323191, 0.0244499742985, 0.0105912117288, 0.0199783090502, 0.0324959307909, 0.0131250293925, 0.0205367412418, 0.0160344429314, 0.0259679704905, 0.0406023077667, 0.0261390563101, 0.00432617822662, 0.00555350724608, 0.0108297625557, 0.00361159746535, 0.00461956113577, 0.00242890114896, 0.00331933121197, 0.000638655328657, 0.000314475997584, 0.000147772414493, 6.57033815514e-05],
        "mean": [0.000595990451984, 0.0142629174516, 0.00727729685605, 0.00245634932071, 0.00298649747856, 0.0016546275001, 0.00196311250329, 0.000518351560459, 0.000625475193374, 0.0014240341261, 0.000552144832909, 0.0005456727813, 0.000408167368732, 0.000645390013233, 0.00109183159657, 0.000532894802745, 0.000205193733564, 0.000186646531802, 0.000377070275135, 0.00022335020185, 0.000196176522877, 0.000121732220578, 6.53469032841e-05, 3.0030067137e-05, 1.493907439e-05, 9.02670399228e-06, 4.7121930038e-06],
        "median": [0.000312757794745, 0.00841143913567, 0.00113234587479, 0.000468902988359, 0.00198142020963, 0.00090239540441, 0.00111805729102, 0.000187155135791, 0.000295501260553, 0.000714794616215, 0.000182386138476, 0.000167655671248, 0.000159857765539, 0.000224994510063, 0.000295215722872, 0.000143509707414, 8.1939942902e-05, 7.70712431404e-05, 0.000116937284474, 8.4918930952e-05, 8.8307162514e-05, 5.98322185397e-05, 2.04956668313e-05, 1.05650242403e-05, 5.02763714394e-06, 1.90480216133e-06, 9.48567958403e-07],
        "min": [2.80034387974e-23, 1.54060716703e-23, 3.86635938887e-23, 1.64586613979e-23, 5.1904084602e-23, 2.7985717826e-23, 2.17194217358e-23, 3.23535807048e-23, 1.00950422756e-22, 7.76673950868e-23, 8.01201151025e-23, 6.68153385363e-23, 1.23545084088e-22, 8.74554297375e-23, 1.39605509569e-22, 1.26874253813e-22, 1.22597428638e-22, 3.92507600999e-22, 4.02499704499e-22, 2.95013051651e-22, 4.17346798798e-22, 4.76268422775e-22, 5.52282150834e-22, 8.89306198251e-22, 1.09870446616e-21, 1.56803828408e-21, 2.76226827753e-21],
        "var": [5.46768092136e-07, 0.000372416863684, 0.000179996350198, 5.85390953347e-05, 1.34316005642e-05, 5.15665806233e-06, 5.93301137997e-06, 7.16539375389e-07, 1.09769700884e-06, 4.221295967e-06, 9.3426552894e-07, 1.97907161237e-06, 8.63856257638e-07, 1.85572082501e-06, 4.20557671532e-06, 1.3591085235e-06, 1.25950705865e-07, 1.04802168721e-07, 4.76052974818e-07, 1.25603477841e-07, 1.03921010464e-07, 3.75425521781e-08, 1.95933367308e-08, 2.44962272689e-09, 5.50261169963e-10, 2.22061119493e-10, 5.90353807506e-11]
    },
    "erbbands": {
        "dmean": [0.18078443408, 2.13955903053, 7.00373744965, 6.72948169708, 7.80585432053, 5.04095458984, 3.00379157066, 4.65583658218, 12.3439655304, 10.2085905075, 6.00245094299, 7.7227306366, 20.9957618713, 21.1692485809, 13.4941530228, 20.4305915833, 14.7908716202, 24.1707992554, 37.5011177063, 32.0850028992, 14.6921348572, 5.84435796738, 6.08145618439, 14.6855306625, 13.6150417328, 7.70832443237, 4.7634601593, 3.88695859909, 2.15101361275, 2.35468459129, 1.6923854351, 0.500687599182, 0.206862390041, 0.107929639518, 0.0361306406558, 0.0234903357923, 0.00856820400804, 0.001943776384, 0.000316023128107, 3.16308942274e-05],
        "dmean2": [0.228822618723, 3.31021380424, 11.382982254, 11.1905984879, 13.849858284, 8.48166751862, 4.27005910873, 6.0244550705, 15.6509332657, 15.0876121521, 9.15243244171, 10.9994106293, 31.4131546021, 31.1774921417, 21.3159999847, 31.5261325836, 23.1740760803, 37.60105896, 60.4423141479, 54.8741645813, 24.6735496521, 9.81739044189, 10.2604436874, 23.696680069, 21.6836128235, 12.8761796951, 7.54703235626, 6.01341295242, 3.34467029572, 3.63039064407, 2.65378308296, 0.815129458904, 0.348550915718, 0.183704510331, 0.0601947791874, 0.0375297442079, 0.0140288444236, 0.00331916916184, 0.000531182682607, 5.04673080286e-05],
        "dvar": [0.0736612156034, 17.7905521393, 221.202468872, 348.215667725, 381.448730469, 98.2149887085, 26.6110496521, 52.5437507629, 338.001922607, 428.273803711, 185.437515259, 207.178695679, 1825.76135254, 1618.64868164, 667.08605957, 3340.88256836, 1475.62597656, 3008.23388672, 7688.69384766, 4598.58105469, 950.552734375, 145.482711792, 204.441879272, 1366.99707031, 960.860534668, 205.664993286, 86.9314041138, 62.3025512695, 16.6377086639, 33.9633293152, 23.7368679047, 1.31843030453, 0.289440006018, 0.0739673823118, 0.00780766643584, 0.00306988041848, 0.000578448176384, 2.6051668101e-05, 4.75101330721e-07, 2.89775803353e-09],
        "dvar2": [0.124493680894, 42.5244026184, 567.781860352, 934.993896484, 1082.14074707, 257.129211426, 58.833366394, 90.8604354858, 562.573059082, 899.838684082, 423.635986328, 456.102600098, 3893.55688477, 3368.5612793, 1636.15673828, 7029.24755859, 3228.99829102, 7084.38037109, 20313.734375, 12985.2441406, 2722.15820312, 387.334106445, 562.857543945, 3550.19360352, 2297.52490234, 546.80682373, 206.46156311, 141.527084351, 36.2329902649, 78.2094573975, 54.8843421936, 3.43588852882, 0.79647320509, 0.209549680352, 0.021772949025, 0.00780441565439, 0.00146736053284, 7.09609812475e-05, 1.2742641502e-06, 7.50280904072e-09],
        "max": [2.99327516556, 40.6786499023, 156.161209106, 272.715820312, 232.499130249, 205.67666626, 141.08241272, 236.230880737, 365.001312256, 539.530212402, 272.297576904, 553.106750488, 862.789306641, 749.27130127, 456.543548584, 1058.70495605, 796.778137207, 1398.48632812, 2478.04492188, 1343.39160156, 796.833007812, 174.501571655, 212.534301758, 961.464172363, 679.193664551, 210.244155884, 165.297775269, 131.035720825, 51.6156349182, 90.9077529907, 141.077255249, 16.958272934, 7.947453022, 4.93495559692, 1.31122159958, 0.840696871281, 0.395380169153, 0.0775795951486, 0.010541937314, 0.000767799909227],
        "mean": [0.434390813112, 3.0516166687, 8.97291946411, 7.90025520325, 11.0336408615, 8.40923881531, 6.91279363632, 13.6410837173, 31.6228466034, 19.6884288788, 11.0540037155, 17.3263683319, 32.1235084534, 35.851146698, 24.116109848, 28.7244586945, 20.9623241425, 35.9777374268, 52.5975875854, 44.9233360291, 22.8548240662, 8.87134742737, 8.51740932465, 17.9891300201, 18.1724796295, 12.0826482773, 7.73657846451, 7.07935237885, 3.69014787674, 3.71010756493, 2.38416719437, 0.845667600632, 0.358814239502, 0.196404308081, 0.0777957811952, 0.0506009347737, 0.0169294551015, 0.00384625140578, 0.00074939179467, 9.88065585261e-05],
        "median": [0.269975602627, 1.2214859724, 1.40039277077, 1.84059035778, 5.39929294586, 4.94019794464, 3.58347010612, 7.30928659439, 17.4814910889, 9.66721057892, 5.65300273895, 8.54906463623, 13.6984262466, 18.2677135468, 10.4243516922, 9.46717357635, 8.42079544067, 14.7759132385, 16.1756896973, 11.1341342926, 8.83314800262, 4.00419950485, 4.18716669083, 5.92107105255, 5.41253232956, 4.7246837616, 3.96232199669, 3.13026666641, 2.06956124306, 1.4513040781, 0.671689450741, 0.287478983402, 0.130598947406, 0.0527798645198, 0.0278106108308, 0.0115430578589, 0.00256438413635, 0.000570120930206, 0.00017451257736, 4.90898128191e-05],
        "min": [7.12896906953e-22, 3.14038251178e-21, 3.54378520831e-20, 4.35018872409e-20, 1.27933937811e-19, 2.13929702244e-19, 1.37940367531e-19, 2.80541044783e-19, 3.54290555343e-19, 3.71076221321e-19, 8.67560881721e-19, 2.12888765236e-18, 3.21293803721e-18, 2.20501535888e-18, 2.9619141571e-18, 3.16155667948e-18, 5.47040843425e-18, 5.09113454286e-18, 4.6886582353e-18, 8.61916077144e-18, 7.07188055817e-18, 7.34580555392e-18, 1.7578807281e-17, 2.39388501184e-17, 1.80094259273e-17, 1.30445778758e-17, 1.95989361924e-17, 1.43700330642e-17, 1.68956437762e-17, 1.53349938426e-17, 1.79637887186e-17, 1.60546095427e-17, 1.70653051372e-17, 1.02611796346e-17, 8.70515777664e-18, 5.54204558402e-18, 2.9519815791e-18, 1.26632314834e-18, 3.91127105219e-19, 3.92263942186e-20],
        "var": [0.280280917883, 25.2689666748, 273.141387939, 345.330444336, 344.257751465, 130.98576355, 95.3612289429, 362.166870117, 1584.12207031, 877.548339844, 298.853363037, 810.521911621, 2996.80322266, 3026.09960938, 1437.03845215, 5045.08154297, 2049.05981445, 5168.85400391, 11733.1855469, 7215.88427734, 1626.00671387, 196.880783081, 196.504898071, 1416.71118164, 1286.96826172, 361.721343994, 141.560440063, 135.267669678, 28.6558876038, 50.9019126892, 30.4551448822, 2.00733852386, 0.409994632006, 0.114375256002, 0.0124527746812, 0.00660234643146, 0.00107562204357, 4.51212727057e-05, 1.41027351219e-06, 1.30074990778e-08]
    },
    "gfcc": {
        "mean": [-19.3024597168, 113.061965942, -117.132972717, 29.631975174, -44.2846755981, 9.70086669922, -22.2399139404, -4.61981248856, -12.8309326172, 2.82103419304, -12.3524103165, -0.819175124168, -6.82832622528],
        "cov": [[16797.7246094, -516.812194824, -322.550262451, 2119.86035156, -251.358474731, 983.484802246, 358.015960693, 990.908935547, -211.362472534, 418.68371582, -285.03704834, -289.710906982, -306.559112549], [-516.812194824, 1210.90197754, -186.613250732, -182.275161743, 163.00213623, -163.211959839, -5.12115287781, -224.01234436, 24.3702793121, -169.810424805, 50.771572113, 55.7074012756, 22.250087738], [-322.550262451, -186.613250732, 363.596954346, 71.8354034424, 95.3756713867, 66.6784210205, 42.441608429, 65.6988525391, 31.8255195618, 28.2852706909, -7.43392276764, 12.5392370224, -8.60137557983], [2119.86035156, -182.275161743, 71.8354034424, 672.601928711, 14.7554349899, 207.005615234, 189.948379517, 173.698104858, -4.83850574493, 69.6957168579, 3.9430038929, -62.3064117432, -34.8803520203], [-251.358474731, 163.00213623, 95.3756713867, 14.7554349899, 406.995056152, 64.9131240845, 64.253036499, 20.2625637054, 41.448097229, -55.1647911072, 6.23017120361, 56.9837532043, -32.3434257507], [983.484802246, -163.211959839, 66.6784210205, 207.005615234, 64.9131240845, 270.228515625, 123.352622986, 139.352157593, 5.14324951172, 44.0437965393, -26.5081939697, -21.0399799347, -9.78158569336], [358.015960693, -5.12115287781, 42.441608429, 189.948379517, 64.253036499, 123.352622986, 228.946914673, 113.740753174, 20.3735046387, 24.2036762238, 34.4747924805, -8.65388298035, 8.97284889221], [990.908935547, -224.01234436, 65.6988525391, 173.698104858, 20.2625637054, 139.352157593, 113.740753174, 232.139373779, 38.8842048645, 73.5628890991, 2.02812719345, -17.22615242, 0.275766462088], [-211.362472534, 24.3702793121, 31.8255195618, -4.83850574493, 41.448097229, 5.14324951172, 20.3735046387, 38.8842048645, 129.087844849, 47.858379364, 30.3590049744, 31.4029483795, 23.6456508636], [418.68371582, -169.810424805, 28.2852706909, 69.6957168579, -55.1647911072, 44.0437965393, 24.2036762238, 73.5628890991, 47.858379364, 160.414810181, 47.5038719177, 7.05802869797, 13.1925611496], [-285.03704834, 50.771572113, -7.43392276764, 3.9430038929, 6.23017120361, -26.5081939697, 34.4747924805, 2.02812719345, 30.3590049744, 47.5038719177, 164.535766602, 39.492275238, 19.6780414581], [-289.710906982, 55.7074012756, 12.5392370224, -62.3064117432, 56.9837532043, -21.0399799347, -8.65388298035, -17.22615242, 31.4029483795, 7.05802869797, 39.492275238, 119.047897339, 11.0507040024], [-306.559112549, 22.250087738, -8.60137557983, -34.8803520203, -32.3434257507, -9.78158569336, 8.97284889221, 0.275766462088, 23.6456508636, 13.1925611496, 19.6780414581, 11.0507040024, 107.68371582]],
        "icov": [[0.000222308575758, -0.000266479473794, 0.00031223759288, -0.000582653447054, 0.000115664683108, -0.000320557039231, 0.000597670092247, -0.000915136304684, 0.000538246240467, -0.000498387031257, 0.000358734221663, -0.000139271680382, 0.000373920076527], [-0.000266479473794, 0.00176326266956, 0.000284712936264, 0.000684168131556, -0.000655902724247, 0.000730224361178, -0.00141372240614, 0.00229178951122, -0.00144378677942, 0.00165569095407, -0.000761336763389, 0.000122552126413, -0.000656607910059], [0.00031223759288, 0.000284712936264, 0.00389026175253, -0.00095217989292, -0.000782354327384, -0.000481444003526, 0.000586852722336, -0.00119999598246, 0.000110106811917, -0.00073010782944, 0.000722835655324, -0.000393296853872, 0.000481374154333], [-0.000582653447054, 0.000684168131556, -0.00095217989292, 0.00394602725282, -0.000133861001814, -5.22613117937e-05, -0.00282878358848, 0.00190863723401, -0.0010834322311, 0.000828646938317, -0.00108861119952, 0.00116890051868, -0.000196738445084], [0.000115664683108, -0.000655902724247, -0.000782354327384, -0.000133861001814, 0.00389001658186, -0.00129411451053, -0.000177870548214, -0.000711492728442, -0.000896766840015, 0.0014518549433, -2.22183047072e-07, -0.00160477426834, 0.00161020550877], [-0.000320557039231, 0.000730224361178, -0.000481444003526, -5.22613117937e-05, -0.00129411451053, 0.00761692831293, -0.00285736843944, -0.000703872879967, 0.000200825132197, -0.000427834747825, 0.00121745141223, 0.000201387767447, -0.000810575380456], [0.000597670092247, -0.00141372240614, 0.000586852722336, -0.00282878358848, -0.000177870548214, -0.00285736843944, 0.0098730539903, -0.00516798859462, 0.00158838694915, -0.000483985466417, -0.00105593970511, 9.34031631914e-05, -0.000104362559796], [-0.000915136304684, 0.00229178951122, -0.00119999598246, 0.00190863723401, -0.000711492728442, -0.000703872879967, -0.00516798859462, 0.0129776950926, -0.00441399822012, 0.00066784984665, -0.00103345932439, 0.00114901689813, -0.00147828937043], [0.000538246240467, -0.00144378677942, 0.000110106811917, -0.0010834322311, -0.000896766840015, 0.000200825132197, 0.00158838694915, -0.00441399822012, 0.0124163813889, -0.00486031081527, 0.000867301714607, -0.0018350535538, -0.000984843703918], [-0.000498387031257, 0.00165569095407, -0.00073010782944, 0.000828646938317, 0.0014518549433, -0.000427834747825, -0.000483985466417, 0.00066784984665, -0.00486031081527, 0.0121224103495, -0.00390524603426, -0.000253631907981, -0.000793241662905], [0.000358734221663, -0.000761336763389, 0.000722835655324, -0.00108861119952, -2.22183047072e-07, 0.00121745141223, -0.00105593970511, -0.00103345932439, 0.000867301714607, -0.00390524603426, 0.00896845757961, -0.00239819101989, -1.99399546545e-05], [-0.000139271680382, 0.000122552126413, -0.000393296853872, 0.00116890051868, -0.00160477426834, 0.000201387767447, 9.34031631914e-05, 0.00114901689813, -0.0018350535538, -0.000253631907981, -0.00239819101989, 0.0110031608492, -0.000805933086667], [0.000373920076527, -0.000656607910059, 0.000481374154333, -0.000196738445084, 0.00161020550877, -0.000810575380456, -0.000104362559796, -0.00147828937043, -0.000984843703918, -0.000793241662905, -1.99399546545e-05, -0.000805933086667, 0.011283618398]]
    },
    "melbands": {
        "dmean": [0.00180740049109, 0.00332991476171, 0.00120165408589, 0.000463320378913, 0.00011440058006, 0.000113182446512, 0.000184260890819, 9.96137896436e-05, 4.97188520967e-05, 4.68355829071e-05, 0.0001058037451, 9.15047276067e-05, 4.88572950417e-05, 5.01103422721e-05, 4.19316857005e-05, 2.18692093767e-05, 5.27603660885e-05, 5.66664675716e-05, 4.39001087216e-05, 4.17060909967e-05, 1.4339811969e-05, 6.79167806084e-06, 5.76413640374e-06, 7.2361549428e-06, 1.25613714772e-05, 1.17966183097e-05, 5.6098033383e-06, 5.21459696756e-06, 3.13537520924e-06, 2.88279466076e-06, 2.25685175792e-06, 1.17181025416e-06, 1.56095654802e-06, 1.02493561371e-06, 1.32943080189e-06, 3.57838501941e-07, 2.67508568186e-07, 1.73919914914e-07, 1.07893242784e-07, 9.01362113837e-08],
        "dmean2": [0.00254142493941, 0.00525888195261, 0.00202348618768, 0.000798040826339, 0.000170925166458, 0.00014372075384, 0.00023451045854, 0.000149583487655, 7.43957207305e-05, 6.75976843922e-05, 0.000158359020134, 0.000134579706355, 7.77493478381e-05, 7.77513123467e-05, 6.51104492135e-05, 3.4528937249e-05, 8.2380756794e-05, 9.12368923309e-05, 7.32691187295e-05, 7.23363627912e-05, 2.39343753492e-05, 1.1451111277e-05, 1.00775541796e-05, 1.19401947813e-05, 2.04274274438e-05, 1.88075700862e-05, 9.14939028007e-06, 8.83756638359e-06, 5.05653588334e-06, 4.53363827546e-06, 3.55256747753e-06, 1.84495331723e-06, 2.43843442149e-06, 1.60834667895e-06, 2.09278664443e-06, 5.88163516113e-07, 4.40489145603e-07, 2.94435636761e-07, 1.83837016721e-07, 1.5384942742e-07],
        "dvar": [8.28467545944e-06, 4.78748042951e-05, 1.07399628178e-05, 8.42961185299e-07, 3.49838025215e-08, 3.1185379612e-08, 7.50981712372e-08, 3.99419697317e-08, 1.21577716783e-08, 7.34061833541e-09, 4.53637092335e-08, 3.16390469379e-08, 9.39977162773e-09, 1.82404455984e-08, 8.96217411395e-09, 2.2933968058e-09, 1.57018202884e-08, 1.74091017158e-08, 7.38363326036e-09, 9.39235889064e-09, 8.98027874285e-10, 2.35320457564e-10, 1.50669782206e-10, 2.2842987224e-10, 1.12946518804e-09, 8.31694602077e-10, 9.9400342124e-11, 1.03326992795e-10, 3.52784398916e-11, 4.29643091937e-11, 1.94461963893e-11, 5.39517866147e-12, 1.13268587218e-11, 6.34628504262e-12, 1.75474409309e-11, 7.71869059554e-13, 3.8472862591e-13, 1.7818708206e-13, 9.94362063392e-14, 4.46874728519e-14],
        "dvar2": [1.84344371519e-05, 0.000118229952932, 2.9155800803e-05, 2.29039937949e-06, 8.52012504993e-08, 5.16242835147e-08, 1.251746653e-07, 8.57538182686e-08, 2.76683440603e-08, 1.66255915701e-08, 9.70365761077e-08, 6.53355058944e-08, 2.39218351794e-08, 3.87674070623e-08, 1.89014652818e-08, 5.0787871686e-09, 3.70336223909e-08, 4.59032492017e-08, 1.97840126503e-08, 2.7629045718e-08, 2.45852183056e-09, 6.34431840396e-10, 4.37312491774e-10, 5.96155069754e-10, 2.95214275248e-09, 1.98324312528e-09, 2.37008079829e-10, 2.79756717791e-10, 8.6939955235e-11, 1.04062973516e-10, 4.25842520968e-11, 1.16968422795e-11, 2.5907196527e-11, 1.47960931701e-11, 4.05735479936e-11, 2.0612506927e-12, 9.99633101989e-13, 4.86479942701e-13, 2.7816873696e-13, 1.27863038625e-13],
        "max": [0.0291381794959, 0.0722317546606, 0.0438629053533, 0.0144946360961, 0.00426219636574, 0.0060709239915, 0.00542592490092, 0.00491611519828, 0.00213605863973, 0.00297481776215, 0.00429156702012, 0.00332348421216, 0.0019425082719, 0.00225697155111, 0.00165988237131, 0.000991224660538, 0.00320356362499, 0.0036824697163, 0.00153593800496, 0.00244580069557, 0.000477328023408, 0.00021247130644, 0.000158715236466, 0.000291291449685, 0.000890237162821, 0.000657882774249, 0.000136850052513, 0.000139971991302, 9.9623342976e-05, 0.000185733355465, 7.44452045183e-05, 2.98083887174e-05, 5.14596358698e-05, 3.77544420189e-05, 0.000127257022541, 1.07114356069e-05, 1.20628155855e-05, 6.60033811073e-06, 5.09714936925e-06, 3.41500663126e-06],
        "mean": [0.00377405667678, 0.00454855291173, 0.00150283635594, 0.000762218260206, 0.000241053799982, 0.000329852773575, 0.000472690269817, 0.000184971198905, 9.61339246714e-05, 9.98813193291e-05, 0.000159695700859, 0.000148513223394, 8.05229501566e-05, 7.12437613402e-05, 5.88875300309e-05, 3.11871372105e-05, 7.3556904681e-05, 7.8283053881e-05, 5.93342920183e-05, 5.83737710258e-05, 2.07982357097e-05, 9.16380759008e-06, 7.6866181189e-06, 9.54829101829e-06, 1.44855021063e-05, 1.50643263623e-05, 8.03809416539e-06, 7.88951092545e-06, 4.78627862321e-06, 4.66910250907e-06, 4.0397317207e-06, 1.89707782283e-06, 2.46922945735e-06, 1.5368465256e-06, 1.77905360488e-06, 5.06965761815e-07, 4.55711472114e-07, 2.83606141238e-07, 1.71620996525e-07, 1.61311646707e-07],
        "median": [0.00252175843343, 0.00104324705899, 0.000515108346008, 0.000464698590804, 0.000136125410791, 0.000171600055182, 0.000264520291239, 8.84829496499e-05, 4.65374869236e-05, 5.02570655954e-05, 6.68622669764e-05, 6.92579487804e-05, 2.87699986075e-05, 2.32312686421e-05, 2.06441582122e-05, 1.51912045112e-05, 2.46971503657e-05, 2.34006183746e-05, 1.64544781001e-05, 1.24244761537e-05, 8.56954829942e-06, 3.59703312824e-06, 3.42952625942e-06, 3.92769516111e-06, 3.98468228013e-06, 3.53482846549e-06, 3.09340703097e-06, 2.70734540209e-06, 2.24562040785e-06, 1.80468839517e-06, 1.60946774486e-06, 9.79457013273e-07, 1.08652375275e-06, 5.1418652447e-07, 3.87363428445e-07, 1.82351655553e-07, 1.38429712138e-07, 8.91881697385e-08, 5.47169101139e-08, 3.52708937612e-08],
        "min": [5.687821233e-24, 1.37248165992e-23, 1.15917635328e-23, 1.15563539333e-23, 6.54189056394e-24, 5.86373918701e-24, 5.35347831554e-24, 5.05765547608e-24, 7.85439536589e-24, 1.41340713259e-23, 1.60295037105e-23, 8.3134343155e-24, 1.14149230059e-23, 7.07762769835e-24, 7.94286611641e-24, 1.48001239432e-23, 8.12159990943e-24, 6.26644479052e-24, 1.24495669368e-23, 9.70423001242e-24, 8.01407816805e-24, 6.68267265323e-24, 1.10460808345e-23, 2.08561444259e-23, 1.97605870226e-23, 1.21679712038e-23, 1.1517897753e-23, 7.46715222499e-24, 1.51072353822e-23, 6.27986883654e-24, 9.00722801531e-24, 9.20869125759e-24, 1.04009559082e-23, 7.48177218414e-24, 1.02563442937e-23, 1.07874859189e-23, 8.57794647677e-24, 1.18887807076e-23, 1.07477076077e-23, 8.01555885997e-24],
        "var": [2.11132228287e-05, 6.32915325696e-05, 1.01940850072e-05, 1.0272773352e-06, 9.43075235682e-08, 2.29547978847e-07, 3.42409606446e-07, 8.03413513495e-08, 2.2933873467e-08, 2.51169343102e-08, 7.45195549712e-08, 5.8678928383e-08, 1.88587616634e-08, 2.7549218018e-08, 1.4076297461e-08, 3.22123905327e-09, 2.64778954318e-08, 2.64201407418e-08, 1.10508775464e-08, 1.58487001301e-08, 1.24345878039e-09, 2.80462736368e-10, 1.68266081624e-10, 2.55379078995e-10, 1.13693443549e-09, 1.09896469702e-09, 1.61463592496e-10, 1.73337844078e-10, 5.41623690342e-11, 8.81920231288e-11, 4.62335794649e-11, 8.85112989846e-12, 1.7669976593e-11, 9.52190670062e-12, 2.19637797533e-11, 8.37275778223e-13, 6.80622875768e-13, 2.87496968506e-13, 1.22912557953e-13, 7.97018226699e-14]
    },
    "mfcc": {
        "mean": [-659.420776367, 142.654968262, -6.90194511414, 27.7380409241, 0.36016869545, 18.4330749512, -1.36087298393, 2.22936296463, 1.30051076412, 7.0365562439, -1.14864885807, -5.83304548264, 1.66214001179],
        "cov": [[9465.19238281, -713.809204102, 40.5791816711, 872.172302246, -160.500701904, 356.186096191, 437.676177979, 364.680999756, 374.948852539, 622.506164551, 137.315200806, 182.248062134, 159.281326294], [-713.809204102, 1192.91638184, -142.893966675, -117.419197083, 176.489227295, 12.8653812408, -63.5062446594, 13.9146413803, -87.9299240112, -127.560707092, -12.0679140091, -91.8219299316, -32.4440345764], [40.5791816711, -142.893966675, 263.993408203, 52.6043968201, -41.8602981567, 13.6356935501, 8.60192298889, -13.3069591522, 40.2548408508, 11.9859342575, 16.4191703796, 37.1289596558, -21.2904205322], [872.172302246, -117.419197083, 52.6043968201, 368.784423828, 1.12227618694, 101.497207642, 99.15574646, 91.0846176147, 30.6855754852, 113.445770264, 42.6425628662, 25.695646286, 16.9897212982], [-160.500701904, 176.489227295, -41.8602981567, 1.12227618694, 276.809417725, 55.1370277405, 16.4211940765, 66.1150665283, -0.645315766335, 13.669834137, -27.8797721863, -46.8578071594, 53.8095436096], [356.186096191, 12.8653812408, 13.6356935501, 101.497207642, 55.1370277405, 192.440704346, 70.5698623657, 82.7134094238, 41.8516159058, 47.454410553, 32.247177124, -0.921633005142, 1.11342060566], [437.676177979, -63.5062446594, 8.60192298889, 99.15574646, 16.4211940765, 70.5698623657, 210.074508667, 97.5196914673, 38.4920120239, 65.2784347534, 13.4270658493, 36.8528709412, 18.4762039185], [364.680999756, 13.9146413803, -13.3069591522, 91.0846176147, 66.1150665283, 82.7134094238, 97.5196914673, 212.406845093, 54.7101516724, 75.650970459, 19.9415645599, -20.9068908691, 34.9315223694], [374.948852539, -87.9299240112, 40.2548408508, 30.6855754852, -0.645315766335, 41.8516159058, 38.4920120239, 54.7101516724, 183.388000488, 51.1154174805, 14.3541040421, 26.9710712433, 7.19982433319], [622.506164551, -127.560707092, 11.9859342575, 113.445770264, 13.669834137, 47.454410553, 65.2784347534, 75.650970459, 51.1154174805, 201.471405029, 36.260559082, -12.2262687683, 45.110206604], [137.315200806, -12.0679140091, 16.4191703796, 42.6425628662, -27.8797721863, 32.247177124, 13.4270658493, 19.9415645599, 14.3541040421, 36.260559082, 137.37336731, 23.270275116, -18.5741958618], [182.248062134, -91.8219299316, 37.1289596558, 25.695646286, -46.8578071594, -0.921633005142, 36.8528709412, -20.9068908691, 26.9710712433, -12.2262687683, 23.270275116, 182.45161438, 37.3311424255], [159.281326294, -32.4440345764, -21.2904205322, 16.9897212982, 53.8095436096, 1.11342060566, 18.4762039185, 34.9315223694, 7.19982433319, 45.110206604, -18.5741958618, 37.3311424255, 164.292938232]],
