{
"lowlevel": {
    "average_loudness": 0.851387560368,
    "barkbands_crest": {
        "dmean": 2.69772696495,
        "dmean2": 4.44631671906,
        "dvar": 5.43383216858,
        "dvar2": 14.3859062195,
        "max": 26.1535243988,
        "mean": 10.6645803452,
        "median": 10.0515270233,
        "min": 3.62083029747,
        "var": 12.5472412109
    },
    "barkbands_flatness_db": {
        "dmean": 0.0273244958371,
        "dmean2": 0.04120497033,
        "dvar": 0.000705041456968,
        "dvar2": 0.00154544925317,
        "max": 0.607710659504,
        "mean": 0.176746070385,
        "median": 0.176198840141,
        "min": 0.0421299152076,
        "var": 0.00315867154859
    },
    "barkbands_kurtosis": {
        "dmean": 8.1304731369,
        "dmean2": 12.8887243271,
        "dvar": 229.742782593,
        "dvar2": 578.140625,
        "max": 724.713195801,
        "mean": 16.9668998718,
        "median": 13.4464826584,
        "min": -1.95447826385,
        "var": 405.948608398
    },
    "barkbands_skewness": {
        "dmean": 0.772878348827,
        "dmean2": 1.17993152142,
        "dvar": 0.700919985771,
        "dvar2": 1.70125055313,
        "max": 23.0038108826,
        "mean": 2.96961760521,
        "median": 2.93412852287,
        "min": -3.55337715149,
        "var": 2.49372506142
    },
    "barkbands_spread": {
        "dmean": 5.01754188538,
        "dmean2": 7.64905118942,
        "dvar": 61.6586532593,
        "dvar2": 117.260696411,
        "max": 108.486129761,
        "mean": 14.0519075394,
        "median": 8.50164794922,
        "min": 0.15376020968,
        "var": 260.497131348
    },
    "dissonance": {
        "dmean": 0.0222764089704,
        "dmean2": 0.0370063409209,
        "dvar": 0.000463341566501,
        "dvar2": 0.00122095888946,
        "max": 0.500000178814,
        "mean": 0.455648362637,
        "median": 0.463642776012,
        "min": 0.153877571225,
        "var": 0.00110971159302
    },
    "dynamic_complexity": 4.83036851883,
    "erbbands_crest": {
        "dmean": 2.88837361336,
        "dmean2": 4.70481395721,
        "dvar": 7.34990358353,
        "dvar2": 18.6311435699,
        "max": 32.4148635864,
        "mean": 9.84474945068,
        "median": 8.86121177673,
        "min": 2.48719000816,
        "var": 18.6805648804
    },
    "erbbands_flatness_db": {
        "dmean": 0.0209642909467,
        "dmean2": 0.0303966887295,
        "dvar": 0.000407825806178,
        "dvar2": 0.0008482451085,
        "max": 0.449511110783,
        "mean": 0.148960962892,
        "median": 0.145268246531,
        "min": 0.0352734439075,
        "var": 0.00192235014401
    },
    "erbbands_kurtosis": {
        "dmean": 1.91553354263,
        "dmean2": 3.00858402252,
        "dvar": 9.41558933258,
        "dvar2": 21.8621406555,
        "max": 107.76688385,
        "mean": 2.15084838867,
        "median": 1.0328412056,
        "min": -1.88828384876,
        "var": 20.40533638
    },
    "erbbands_skewness": {
        "dmean": 0.489902377129,
        "dmean2": 0.740344464779,
        "dvar": 0.233084157109,
        "dvar2": 0.495808005333,
        "max": 9.05551242828,
        "mean": 1.17597138882,
        "median": 1.24598765373,
        "min": -5.59158611298,
        "var": 1.16679430008
    },
    "erbbands_spread": {
        "dmean": 12.6088218689,
        "dmean2": 18.8998813629,
        "dvar": 186.100006104,
        "dvar2": 404.975189209,
        "max": 181.34753418,
        "mean": 49.5812072754,
        "median": 45.1119689941,
        "min": 1.30820322037,
        "var": 692.226379395
    },
    "hfc": {
        "dmean": 6.62217187881,
        "dmean2": 9.60754013062,
        "dvar": 166.745529175,
        "dvar2": 361.922607422,
        "max": 517.781921387,
        "mean": 11.916759491,
        "median": 4.89479160309,
        "min": 7.68816299512e-09,
        "var": 428.85748291
    },
    "melbands_crest": {
        "dmean": 3.64829587936,
        "dmean2": 5.98905754089,
        "dvar": 10.7114772797,
        "dvar2": 27.9147720337,
        "max": 39.1790237427,
        "mean": 14.936829567,
        "median": 14.1694431305,
        "min": 2.65103840828,
        "var": 24.3352394104
    },
    "melbands_flatness_db": {
        "dmean": 0.0316899381578,
        "dmean2": 0.046980317682,
        "dvar": 0.000966044899542,
        "dvar2": 0.00202188128605,
        "max": 0.672502458096,
        "mean": 0.261553764343,
        "median": 0.264000177383,
        "min": 0.0152272861451,
        "var": 0.00517096556723
    },
    "melbands_kurtosis": {
        "dmean": 19.0230293274,
        "dmean2": 30.0986251831,
        "dvar": 5977.63085938,
        "dvar2": 15733.3251953,
        "max": 6810.06640625,
        "mean": 40.8590888977,
        "median": 30.7643642426,
        "min": -1.90567731857,
        "var": 5453.17626953
    },
    "melbands_skewness": {
        "dmean": 1.09099674225,
        "dmean2": 1.67239952087,
        "dvar": 1.55695569515,
        "dvar2": 3.73105740547,
        "max": 62.543888092,
        "mean": 4.25031328201,
        "median": 4.03840255737,
        "min": -1.34693849087,
        "var": 4.70760440826
    },
    "melbands_spread": {
        "dmean": 4.64038705826,
        "dmean2": 6.95046901703,
        "dvar": 113.470596313,
        "dvar2": 207.821746826,
        "max": 256.362701416,
        "mean": 12.5732364655,
        "median": 6.63810348511,
        "min": 0.0669437125325,
        "var": 508.774505615
    },
    "pitch_salience": {
        "dmean": 0.080562710762,
        "dmean2": 0.130219250917,
        "dvar": 0.00504929479212,
        "dvar2": 0.0129670826718,
        "max": 0.895752847195,
        "mean": 0.59862691164,
        "median": 0.613909125328,
        "min": 0.022977752611,
        "var": 0.0136239500716
    },
    "silence_rate_20dB": {
        "dmean": 0,
        "dmean2": 0,
        "dvar": 0,
        "dvar2": 0,
        "max": 1,
        "mean": 1,
        "median": 1,
        "min": 1,
        "var": 0
    },
    "silence_rate_30dB": {
        "dmean": 0.061792794615,
        "dmean2": 0.123595505953,
        "dvar": 0.0579818636179,
        "dvar2": 0.132225960493,
        "max": 1,
        "mean": 0.948724150658,
        "median": 1,
        "min": 0,
        "var": 0.0486436970532
    },
    "silence_rate_60dB": {
        "dmean": 0.0255196206272,
        "dmean2": 0.0509630814195,
        "dvar": 0.0248688384891,
        "dvar2": 0.0543088503182,
        "max": 1,
        "mean": 0.116754934192,
        "median": 0,
        "min": 0,
        "var": 0.103125795722
    },
    "spectral_centroid": {
        "dmean": 205.212783813,
        "dmean2": 308.890228271,
        "dvar": 79622.9609375,
        "dvar2": 151350.890625,
        "max": 5814.06689453,
        "mean": 814.72845459,
        "median": 591.25958252,
        "min": 112.240333557,
        "var": 475826.34375
    },
    "spectral_complexity": {
        "dmean": 2.88419866562,
        "dmean2": 4.07800960541,
        "dvar": 22.5703678131,
        "dvar2": 38.402053833,
        "max": 55,
        "mean": 9.91454029083,
        "median": 8,
        "min": 0,
        "var": 60.6439208984
    },
    "spectral_decrease": {
        "dmean": 4.72093120152e-09,
        "dmean2": 7.37664196393e-09,
        "dvar": 1.0824376308e-16,
        "dvar2": 2.72629677233e-16,
        "max": -2.72164050203e-21,
        "mean": -6.67543087474e-09,
        "median": -3.4174227892e-09,
        "min": -1.13897705489e-07,
        "var": 1.08752882821e-16
    },
    "spectral_energy": {
        "dmean": 0.0183278732002,
        "dmean2": 0.0285618528724,
        "dvar": 0.00159285892732,
        "dvar2": 0.00401123519987,
        "max": 0.438490569592,
        "mean": 0.0262754727155,
        "median": 0.0137319378555,
        "min": 7.07611378346e-13,
        "var": 0.00162056263071
    },
    "spectral_energyband_high": {
        "dmean": 0.000372473179596,
        "dmean2": 0.000523074122611,
        "dvar": 1.00584668417e-06,
        "dvar2": 1.66139113844e-06,
        "max": 0.064018279314,
        "mean": 0.000657030963339,
        "median": 0.000115511138574,
        "min": 4.98278013902e-13,
        "var": 4.36355458078e-06
    },
    "spectral_energyband_low": {
        "dmean": 0.0116434684023,
        "dmean2": 0.0189793519676,
        "dvar": 0.00113597721793,
        "dvar2": 0.0029008325655,
        "max": 0.375861942768,
        "mean": 0.0119296722114,
        "median": 0.00387914897874,
        "min": 2.07812418532e-14,
        "var": 0.000931806687731
    },
    "spectral_energyband_middle_high": {
        "dmean": 0.000607572961599,
        "dmean2": 0.000880048668478,
        "dvar": 2.1593002657e-06,
        "dvar2": 4.80443304696e-06,
        "max": 0.0344779938459,
        "mean": 0.00106882455293,
        "median": 0.000322525884258,
        "min": 9.93778220522e-14,
        "var": 4.4667867769e-06
    },
    "spectral_energyband_middle_low": {
        "dmean": 0.00760520109907,
        "dmean2": 0.0118134031072,
        "dvar": 0.000187024095794,
        "dvar2": 0.000445773854153,
        "max": 0.205751165748,
        "mean": 0.0132155390456,
        "median": 0.00746194645762,
        "min": 1.93693937842e-14,
        "var": 0.000302248401567
    },
    "spectral_entropy": {
        "dmean": 0.246223434806,
        "dmean2": 0.359987467527,
        "dvar": 0.0614571087062,
        "dvar2": 0.127681553364,
        "max": 8.90070724487,
        "mean": 7.22736167908,
        "median": 7.19427394867,
        "min": 3.94804215431,
        "var": 0.342592328787
    },
    "spectral_flux": {
        "dmean": 0.0360262319446,
        "dmean2": 0.0521964281797,
        "dvar": 0.0030680524651,
        "dvar2": 0.00576036749408,
        "max": 0.565019845963,
        "mean": 0.0836659371853,
        "median": 0.0578256323934,
        "min": 1.52182747115e-05,
        "var": 0.00634984998032
    },
    "spectral_kurtosis": {
        "dmean": 1.73209440708,
        "dmean2": 2.70033359528,
        "dvar": 10.8160448074,
        "dvar2": 24.8928947449,
        "max": 159.661895752,
        "mean": 4.28059959412,
        "median": 3.33031368256,
        "min": -1.34314024448,
        "var": 23.7581253052
    },
    "spectral_rms": {
        "dmean": 0.00130219710991,
        "dmean2": 0.00185575510841,
        "dvar": 3.90081049773e-06,
        "dvar2": 8.82074618858e-06,
        "max": 0.020683221519,
        "mean": 0.00421695364639,
        "median": 0.0036601931788,
        "min": 2.62745611934e-08,
        "var": 7.85193515185e-06
    },
    "spectral_rolloff": {
        "dmean": 293.784881592,
        "dmean2": 501.43951416,
        "dvar": 820787.625,
        "dvar2": 1667859.75,
        "max": 18583.1542969,
        "mean": 904.872558594,
        "median": 366.064453125,
        "min": 21.533203125,
        "var": 3999967.75
    },
    "spectral_skewness": {
        "dmean": 0.265589982271,
        "dmean2": 0.38274332881,
        "dvar": 0.0931427404284,
        "dvar2": 0.189910501242,
        "max": 10.2220287323,
        "mean": 1.63951802254,
        "median": 1.59196615219,
        "min": -0.457740306854,
        "var": 0.434523791075
    },
    "spectral_spread": {
        "dmean": 664913.0625,
        "dmean2": 935812.8125,
        "dvar": 499536855040,
        "dvar2": 969044131840,
        "max": 15552122,
        "mean": 5417699,
        "median": 5226507,
        "min": 659332.8125,
        "var": 2.87918601011e+12
    },
    "spectral_strongpeak": {
        "dmean": 0.305048167706,
        "dmean2": 0.496730566025,
        "dvar": 0.265213042498,
        "dvar2": 0.627810060978,
        "max": 19.7397155762,
        "mean": 0.52489054203,
        "median": 0.318420410156,
        "min": 0,
        "var": 0.542292833328
    },
    "zerocrossingrate": {
        "dmean": 0.0101835308596,
        "dmean2": 0.0113144088537,
        "dvar": 0.000182576230145,
        "dvar2": 0.000161651856615,
        "max": 0.50341796875,
        "mean": 0.0476738363504,
        "median": 0.033203125,
        "min": 0,
        "var": 0.00301742157899
    },
    "barkbands": {
        "dmean": [0.00201384164393, 0.00645909877494, 0.00416508177295, 0.00157422514167, 0.0034684794955, 0.000963827304076, 0.00207425025292, 0.00119832798373, 0.000355949974619, 9.27002110984e-05, 6.49252178846e-05, 0.000101831894426, 9.2853915703e-05, 9.13578405743e-05, 5.27040938323e-05, 4.58007234556e-05, 5.77983591938e-05, 8.34624952404e-05, 9.57790252869e-05, 7.08670631866e-05, 9.2362104624e-05, 5.44658178114e-05, 7.47534868424e-05, 0.000101913938124, 4.106970664e-05, 1.63567474374e-05, 5.0500971156e-06],
        "dmean2": [0.00347547605634, 0.010753412731, 0.00728248618543, 0.00268429750577, 0.0055604018271, 0.00147879298311, 0.00331442081369, 0.00199181050994, 0.00055728701409, 0.000145152240293, 9.74126160145e-05, 0.000157853806741, 0.000148321181769, 0.000154793495312, 8.03894290584e-05, 7.2624286986e-05, 8.5160630988e-05, 0.000128132742248, 0.000146540216519, 0.00011266614456, 0.000143139084685, 8.09253106127e-05, 0.000106457446236, 0.000137092400109, 6.76159979776e-05, 2.70673590421e-05, 7.5724638009e-06],
        "dvar": [5.32101294084e-05, 0.000424065423431, 0.000138039351441, 9.95643404167e-06, 4.17154260504e-05, 4.07698553317e-06, 3.03649176203e-05, 2.08350120374e-05, 1.74956687715e-06, 1.04847266869e-07, 6.2284001956e-08, 1.05916761584e-07, 9.7122970999e-08, 1.29303401764e-07, 2.86166077501e-08, 1.62072293364e-08, 4.90739395786e-08, 6.39054036355e-08, 1.43566623478e-07, 4.03437248053e-08, 5.77216994202e-08, 2.32564083547e-08, 7.00833311384e-08, 2.73617814628e-07, 1.09107896051e-08, 1.80466763755e-09, 1.42225634048e-10],
        "dvar2": [0.000141507844091, 0.00109539332334, 0.000392576737795, 2.69514821412e-05, 0.00010396802827, 9.69750817603e-06, 7.09704036126e-05, 4.96068023494e-05, 4.03207195632e-06, 2.31578951571e-07, 1.3604967819e-07, 2.62320924094e-07, 2.40817115582e-07, 2.66967560947e-07, 6.81209542108e-08, 4.10584171107e-08, 1.15296110437e-07, 1.44402065416e-07, 3.48595165178e-07, 9.177011151e-08, 1.35319083938e-07, 4.44092123075e-08, 1.28037257241e-07, 4.08702618415e-07, 2.75035283437e-08, 4.89976059725e-09, 3.21166399031e-10],
        "max": [0.0597088709474, 0.24968996644, 0.131578713655, 0.0550393983722, 0.183636218309, 0.0574076622725, 0.15333840251, 0.183529958129, 0.0456015728414, 0.0168895367533, 0.0124016124755, 0.00939367990941, 0.0116368718445, 0.0188960861415, 0.00531757064164, 0.00499527016655, 0.0104289297014, 0.00998252164572, 0.014339976944, 0.00659596174955, 0.0105806160718, 0.00624541565776, 0.0146268941462, 0.0432147197425, 0.00239567947574, 0.000404407415772, 0.000137884198921],
        "mean": [0.00150813499931, 0.00557313999161, 0.00427685119212, 0.00204472523183, 0.00520215230063, 0.00167314847931, 0.00256869453005, 0.00120468530804, 0.000471542181913, 0.00013789323566, 9.74068243522e-05, 0.000143837940414, 0.000125018443214, 0.000100228549854, 7.10083986633e-05, 5.66378366784e-05, 8.32674049889e-05, 0.000111016379378, 0.000120488824905, 9.26809734665e-05, 0.000117164490803, 9.17772122193e-05, 0.000131236854941, 0.000202822600841, 4.94799351145e-05, 1.54351455421e-05, 5.04653598909e-06],
        "median": [6.8163513788e-05, 0.000958556949627, 0.00169950607233, 0.00105061789509, 0.00286712078378, 0.000876217382029, 0.000344323081663, 0.000135008944198, 5.64853180549e-05, 4.02439072786e-05, 1.98357629415e-05, 2.83872177533e-05, 2.66976348939e-05, 1.01175010059e-05, 1.01177665783e-05, 1.00324541563e-05, 1.7286180082e-05, 2.05404812732e-05, 3.01495001622e-05, 2.05696451303e-05, 2.13264720514e-05, 1.93586674868e-05, 2.14655028685e-05, 1.86782417586e-05, 5.71993223275e-06, 1.23744223401e-06, 2.01477760697e-07],
        "min": [1.72220161851e-14, 4.99507653325e-15, 9.54705657927e-16, 5.74520901722e-16, 2.25078168722e-15, 3.34794536963e-15, 2.96334180135e-15, 2.32881226815e-15, 7.12451185694e-15, 4.81661346753e-15, 5.5792334406e-16, 7.53413699023e-15, 1.45755328922e-14, 3.56572622245e-15, 3.93203154972e-15, 1.99885257407e-14, 1.54968404645e-14, 1.41356949407e-14, 4.97834255035e-15, 2.07592494898e-14, 1.25835384051e-14, 3.46590567661e-14, 3.96848657722e-14, 8.63736979075e-14, 6.43913904402e-14, 8.72410054354e-14, 1.8897925759e-13],
        "var": [3.81622048735e-05, 0.000324189662933, 9.42498081713e-05, 1.00523875517e-05, 5.85371453781e-05, 6.75857882015e-06, 5.07789300173e-05, 3.01387790387e-05, 3.20616391036e-06, 2.04492408784e-07, 1.13152992753e-07, 1.88496670717e-07, 1.53111813006e-07, 2.19636490328e-07, 4.8813525666e-08, 2.01547720735e-08, 6.92406985081e-08, 1.03183090516e-07, 1.70017827372e-07, 5.99483627184e-08, 7.6615329192e-08, 6.86929908511e-08, 2.95163886221e-07, 1.25150745589e-06, 1.79118799792e-08, 1.51169154972e-09, 1.66937866308e-10]
    },
    "erbbands": {
        "dmean": [0.236039355397, 1.37038064003, 4.48843193054, 5.04799079895, 10.1054506302, 12.3401422501, 5.93748569489, 10.0771694183, 25.7508583069, 29.5638065338, 24.2694187164, 8.88340473175, 3.719394207, 2.45921468735, 3.05819511414, 3.74450922012, 4.42181253433, 4.28777360916, 3.08471655846, 2.48481845856, 2.60428929329, 3.20430517197, 4.76166391373, 3.48042082787, 5.57367753983, 3.29280734062, 4.49527740479, 2.67860412598, 1.97468161583, 2.09260773659, 2.10142970085, 2.50561952591, 1.49270570278, 0.448580771685, 0.306161701679, 0.11446364224, 0.023096093908, 0.0047868792899, 0.000959945318755, 6.2515042373e-05],
        "dmean2": [0.397838741541, 2.36335945129, 7.80246734619, 8.80989933014, 15.9608621597, 20.4212665558, 9.47173500061, 15.3882865906, 40.7761154175, 47.1575431824, 41.4564056396, 13.9652471542, 5.61098384857, 3.80881595612, 4.56679153442, 5.79389619827, 7.02090263367, 7.08519506454, 5.0109744072, 3.94529151917, 3.84886002541, 4.66704130173, 7.3979511261, 5.10812902451, 8.94996547699, 5.08699941635, 6.9949593544, 4.21421384811, 2.93829011917, 3.08621287346, 2.97247505188, 3.53752970695, 1.97302913666, 0.651005089283, 0.536961257458, 0.200226932764, 0.0363880544901, 0.00727715855464, 0.00139956676867, 9.4589231594e-05],
        "dvar": [0.606547951698, 20.6546554565, 169.115234375, 154.946670532, 407.906982422, 591.692626953, 113.564674377, 521.35559082, 4947.40185547, 10100.4345703, 7656.30419922, 1059.77197266, 254.331329346, 54.8327980042, 139.870666504, 149.223098755, 197.690719604, 296.449737549, 100.242195129, 53.9584465027, 56.4260139465, 106.526092529, 221.784164429, 231.85484314, 297.653381348, 90.5849914551, 125.583312988, 75.7275695801, 28.5420131683, 46.2989120483, 64.2565002441, 145.992874146, 68.1474990845, 1.7570220232, 0.744203925133, 0.105174548924, 0.00326944654807, 0.000124593178043, 5.08433595314e-06, 1.71607812405e-08],
        "dvar2": [1.52487063408, 57.0990104675, 479.384033203, 433.999481201, 969.498046875, 1564.65710449, 301.458007812, 1233.82128906, 11905.7089844, 22953.0742188, 20169.3164062, 2522.5949707, 516.533874512, 130.733520508, 330.225952148, 373.550872803, 485.435302734, 555.541748047, 253.287094116, 133.149887085, 131.600219727, 239.815109253, 532.818359375, 538.701904297, 726.701599121, 204.586761475, 294.223327637, 186.979598999, 55.3895683289, 90.691619873, 114.572723389, 263.11618042, 101.621078491, 3.06330704689, 2.08664560318, 0.29633769393, 0.00839312374592, 0.000293955614325, 1.13502865133e-05, 4.0000010415e-08],
        "max": [7.52072620392, 56.8303184509, 159.444046021, 194.476135254, 717.604919434, 486.083709717, 217.355712891, 513.298095703, 1757.62316895, 3254.32592773, 2152.27783203, 1145.73168945, 984.651000977, 350.327758789, 509.561401367, 337.055145264, 517.37487793, 1088.10583496, 284.877990723, 249.448959351, 202.580307007, 430.931640625, 648.84375, 526.92388916, 684.754577637, 287.273010254, 337.198486328, 526.136291504, 200.346710205, 286.341888428, 459.694671631, 930.87109375, 737.333007812, 59.9910812378, 8.30979919434, 3.04662227631, 0.660933196545, 0.123591080308, 0.0268258210272, 0.00135604443494],
        "mean": [0.188781842589, 1.17704284191, 4.60565471649, 6.13051605225, 14.8797521591, 16.694026947, 10.5905361176, 16.1612071991, 33.5347442627, 34.2912063599, 23.792930603, 11.4581480026, 5.72992277145, 3.93040728569, 4.96375846863, 5.60398483276, 6.09879350662, 5.28042316437, 4.04263687134, 3.40244841576, 3.42549061775, 4.68688440323, 6.32872390747, 4.98708057404, 6.69544649124, 4.28088569641, 5.32752084732, 3.77124762535, 3.28176999092, 3.53278684616, 3.79506611824, 4.55807065964, 2.90000891685, 0.756817758083, 0.283099979162, 0.0976391583681, 0.0237582381815, 0.00507175782695, 0.000967132335063, 7.37235532142e-05],
        "median": [0.0179406441748, 0.273248612881, 1.77024483681, 3.29086446762, 7.25483798981, 8.54847145081, 6.53448295593, 7.02037906647, 6.42643451691, 3.8727273941, 3.1504278183, 1.47950530052, 1.39286184311, 1.30355787277, 1.12097251415, 1.26214849949, 1.39477086067, 0.66153627634, 0.557173132896, 0.525839447975, 0.714476525784, 0.965532541275, 1.24452543259, 1.3326587677, 1.5000333786, 0.961443781853, 0.98225235939, 0.658989429474, 0.700775384903, 0.63449048996, 0.585054159164, 0.454502165318, 0.256634414196, 0.0944254472852, 0.0245344750583, 0.00741591583937, 0.00208601215854, 0.000358546210919, 4.4270647777e-05, 2.04758107429e-05],
        "min": [5.84866465154e-13, 1.55376601342e-12, 1.93104061387e-12, 1.84340758803e-12, 3.28065699606e-12, 8.31951087882e-12, 1.80645238351e-11, 2.98787314335e-11, 3.17270272554e-11, 6.51158224563e-11, 6.21315152105e-11, 1.75698164351e-10, 1.24404667123e-10, 1.15900539166e-10, 7.24175580613e-11, 3.43123307545e-10, 5.94023163991e-10, 3.82568393631e-10, 1.6346388132e-10, 5.41370337448e-10, 9.98459537271e-10, 9.7117625053e-10, 6.87708612279e-10, 5.19749909778e-10, 5.37354882812e-10, 6.26992291419e-10, 4.82960615944e-10, 9.36445365696e-10, 1.02611530384e-09, 1.52459256331e-09, 1.04696340486e-09, 1.44210376973e-09, 1.46648870825e-09, 6.54192311433e-10, 6.03250671638e-10, 2.01795469223e-10, 1.51594833908e-10, 8.70997787783e-11, 3.04604223789e-11, 2.59081579974e-12],
        "var": [0.474888414145, 13.7778987885, 115.330879211, 116.940948486, 636.347351074, 674.375305176, 174.06477356, 826.486999512, 7986.88623047, 16699.7949219, 9121.2109375, 1736.79699707, 575.620666504, 106.744239807, 240.34954834, 276.528991699, 325.608642578, 619.342102051, 143.986984253, 86.0636138916, 74.573425293, 171.11076355, 343.369873047, 290.971282959, 378.932312012, 129.91078186, 161.600860596, 98.3644180298, 75.2653274536, 147.734527588, 286.03125, 596.678405762, 278.127716064, 6.91901397705, 0.59991312027, 0.0744026228786, 0.00325360544957, 0.000142076518387, 6.16803936282e-06, 1.97216074582e-08]
    },
    "gfcc": {
        "mean": [-71.3980712891, 100.42364502, -75.9629058838, 48.6765022278, -68.230430603, 4.63844871521, -40.0217094421, 0.00777712557465, -23.501373291, -5.30258560181, -7.2769446373, -4.7410902977, -13.573641777],
        "cov": [[18665.1914062, 341.22644043, -569.819396973, 15.153260231, -537.694580078, -174.4112854, -333.703063965, 103.254974365, -79.2501907349, 203.199707031, -128.313613892, -34.2186317444, -197.434677124], [341.22644043, 1700.19128418, -245.597320557, -88.4051971436, 41.9898223877, -104.310829163, 58.9854507446, -123.439422607, 55.8154640198, -252.402938843, 158.652420044, -116.527267456, 61.145236969], [-569.819396973, -245.597320557, 695.672180176, 143.157104492, 122.392883301, 66.8469848633, 59.2321739197, 13.4859495163, -34.3802223206, 65.03540802, -65.6461868286, 85.7268753052, 7.75723934174], [15.153260231, -88.4051971436, 143.157104492, 352.257843018, 31.73097229, 50.3902206421, -23.2678279877, -4.15351295471, -1.63500714302, -32.9308509827, -18.8980312347, 13.3564348221, 61.6749725342], [-537.694580078, 41.9898223877, 122.392883301, 31.73097229, 284.721160889, -31.2069988251, 52.8959693909, 14.8174591064, 28.3650455475, 8.87178039551, -35.544380188, 32.4818191528, 25.2643756866], [-174.4112854, -104.310829163, 66.8469848633, 50.3902206421, -31.2069988251, 174.419372559, 31.2439212799, 6.18476009369, -8.17479133606, 0.0666869282722, 12.4600191116, -12.8691291809, 6.71449184418], [-333.703063965, 58.9854507446, 59.2321739197, -23.2678279877, 52.8959693909, 31.2439212799, 169.706283569, 16.2727336884, -14.4744415283, 11.2661361694, 17.2701377869, 18.3487033844, -0.663915097713], [103.254974365, -123.439422607, 13.4859495163, -4.15351295471, 14.8174591064, 6.18476009369, 16.2727336884, 100.505004883, 31.5868835449, 26.014093399, -0.385211318731, 11.1906061172, -12.2558546066], [-79.2501907349, 55.8154640198, -34.3802223206, -1.63500714302, 28.3650455475, -8.17479133606, -14.4744415283, 31.5868835449, 111.22693634, 21.1407871246, 19.815864563, -20.4183502197, -0.152217209339], [203.199707031, -252.402938843, 65.03540802, -32.9308509827, 8.87178039551, 0.0666869282722, 11.2661361694, 26.014093399, 21.1407871246, 150.668609619, -14.78332901, 21.614774704, -28.0001926422], [-128.313613892, 158.652420044, -65.6461868286, -18.8980312347, -35.544380188, 12.4600191116, 17.2701377869, -0.385211318731, 19.815864563, -14.78332901, 105.844818115, -3.56891155243, -0.0428422912955], [-34.2186317444, -116.527267456, 85.7268753052, 13.3564348221, 32.4818191528, -12.8691291809, 18.3487033844, 11.1906061172, -20.4183502197, 21.614774704, -3.56891155243, 93.0662155151, 15.856918335], [-197.434677124, 61.145236969, 7.75723934174, 61.6749725342, 25.2643756866, 6.71449184418, -0.663915097713, -12.2558546066, -0.152217209339, -28.0001926422, -0.0428422912955, 15.856918335, 78.3795776367]],
        "icov": [[7.42018091842e-05, -0.000128591418616, 8.90907685971e-05, -0.00011763421935, 0.000139744443004, -3.08393682644e-05, 0.000153460656293, -0.000221757858526, 0.000163113931194, -0.000289400748443, 0.000264683680143, -0.000181399242138, 0.000228970922763], [-0.000128591418616, 0.00160975009203, -0.00032142107375, 0.000629386340734, -0.000516115338542, 0.00109181250446, -0.00106002413668, 0.00173616386019, -0.00115137081593, 0.00241902051494, -0.00216419319622, 0.00181481987238, -0.00121422717348], [8.90907685971e-05, -0.00032142107375, 0.00232189008966, -0.00101909332443, -0.000469839171274, -0.00103123253211, -0.000100570774521, -0.000181324547157, 0.000612188887317, -0.0012386868475, 0.00147169199772, -0.00203000078909, 0.00122802064288], [-0.00011763421935, 0.000629386340734, -0.00101909332443, 0.00423197075725, -0.000398971955292, -0.00052252097521, 0.000436487433035, 0.000472516403534, -0.000700806558598, 0.00175630277954, -0.000696207978763, 0.000980718992651, -0.00333826919086], [0.000139744443004, -0.000516115338542, -0.000469839171274, -0.000398971955292, 0.00525417923927, 0.000978618045337, -0.00143221986946, -0.000560893618967, -0.00176756479777, -0.00042420317186, 0.00268087186851, -0.00153688737191, -0.000604770088103], [-3.08393682644e-05, 0.00109181250446, -0.00103123253211, -0.00052252097521, 0.000978618045337, 0.00792635604739, -0.00217964407057, 0.0003507725487, -0.000147814134834, 0.0012482526945, -0.00233880546875, 0.00338578084484, -0.00161489844322], [0.000153460656293, -0.00106002413668, -0.000100570774521, 0.000436487433035, -0.00143221986946, -0.00217964407057, 0.00836184434593, -0.00256270356476, 0.00289365486242, -0.00207124394365, -0.000686225306708, -0.00142122770194, 0.000751325627789], [-0.000221757858526, 0.00173616386019, -0.000181324547157, 0.000472516403534, -0.000560893618967, 0.0003507725487, -0.00256270356476, 0.0142280412838, -0.00556421419606, 0.00208238954656, -0.00134931120556, -0.000689300883096, 0.000958754506428], [0.000163113931194, -0.00115137081593, 0.000612188887317, -0.000700806558598, -0.00176756479777, -0.000147814134834, 0.00289365486242, -0.00556421419606, 0.0140092521906, -0.00442547537386, -0.00203111791052, 0.00297932722606, -0.000620790757239], [-0.000289400748443, 0.00241902051494, -0.0012386868475, 0.00175630277954, -0.00042420317186, 0.0012482526945, -0.00207124394365, 0.00208238954656, -0.00442547537386, 0.0123822269961, -0.00180915289093, 0.000232629856328, 0.00082912563812], [0.000264683680143, -0.00216419319622, 0.00147169199772, -0.000696207978763, 0.00268087186851, -0.00233880546875, -0.000686225306708, -0.00134931120556, -0.00203111791052, -0.00180915289093, 0.0150554422289, -0.00464838696644, 0.00217504706234], [-0.000181399242138, 0.00181481987238, -0.00203000078909, 0.000980718992651, -0.00153688737191, 0.00338578084484, -0.00142122770194, -0.000689300883096, 0.00297932722606, 0.000232629856328, -0.00464838696644, 0.0174576807767, -0.00580348260701], [0.000228970922763, -0.00121422717348, 0.00122802064288, -0.00333826919086, -0.000604770088103, -0.00161489844322, 0.000751325627789, 0.000958754506428, -0.000620790757239, 0.00082912563812, 0.00217504706234, -0.00580348260701, 0.0187475346029]]
    },
    "melbands": {
        "dmean": [0.00196622684598, 0.002179692965, 0.000958829186857, 0.000865828071255, 0.00025479827309, 0.000223492766963, 0.000397690571845, 0.000304051063722, 0.000181861047167, 4.70541635877e-05, 1.80495935638e-05, 1.0210095752e-05, 9.58489636105e-06, 1.12295801955e-05, 1.07899841169e-05, 8.75769819686e-06, 8.3458962763e-06, 5.22396749147e-06, 4.26796350439e-06, 3.11694020638e-06, 3.13793157147e-06, 3.41511531587e-06, 3.95930055674e-06, 4.29474175689e-06, 2.72373699772e-06, 3.69134590983e-06, 3.95552979171e-06, 1.95649090529e-06, 2.48063656727e-06, 2.61775562649e-06, 1.40296526752e-06, 1.19221192563e-06, 1.07183325326e-06, 1.28124645471e-06, 1.23168160826e-06, 1.41338773574e-06, 1.70025032276e-06, 1.26253155486e-06, 6.12576457115e-07, 3.11746987336e-07],
        "dmean2": [0.00322237890214, 0.00377057748847, 0.00161288247909, 0.001396732172, 0.00041243902524, 0.00034018419683, 0.000631518429145, 0.000485882832436, 0.000311287323711, 7.2555783845e-05, 2.74448011623e-05, 1.60788295034e-05, 1.42849321492e-05, 1.75966706593e-05, 1.67093221535e-05, 1.40051097333e-05, 1.39442790896e-05, 8.75167825143e-06, 6.54357063468e-06, 5.04021591041e-06, 4.71479779662e-06, 4.96586562804e-06, 6.21666094958e-06, 6.81683059156e-06, 4.0467857616e-06, 5.65401524e-06, 6.69984910928e-06, 3.00336637338e-06, 3.85278190151e-06, 4.11539485867e-06, 2.22724725063e-06, 1.81123027687e-06, 1.6000026335e-06, 1.92526567844e-06, 1.81671941846e-06, 2.0113905066e-06, 2.46191484621e-06, 1.72519003172e-06, 8.59467093051e-07, 4.82530538193e-07],
        "dvar": [3.8834168663e-05, 4.35309120803e-05, 4.32656861449e-06, 2.67542509391e-06, 2.14101518736e-07, 2.55315285358e-07, 1.12336442726e-06, 1.13569024052e-06, 4.40433467475e-07, 3.5327328618e-08, 6.22310825094e-09, 1.04049202587e-09, 1.3437267965e-09, 1.3378094188e-09, 1.72104741569e-09, 7.32126359537e-10, 1.16023579633e-09, 3.30998922715e-10, 2.04580741237e-10, 8.00352215058e-11, 1.12167844457e-10, 1.27066857036e-10, 3.4735525567e-10, 1.58662791239e-10, 1.64906810429e-10, 2.70889366494e-10, 9.77346051312e-11, 3.98685078007e-11, 4.69594745034e-11, 5.09964188933e-11, 1.82723228909e-11, 1.02352501474e-11, 1.17834977886e-11, 1.77172599508e-11, 2.33926523985e-11, 3.52749288113e-11, 8.10455313971e-11, 5.50436120295e-11, 6.94709090601e-12, 6.61531213923e-13],
        "dvar2": [9.68299427768e-05, 0.000122510493384, 1.16819610412e-05, 6.73845579513e-06, 5.59905515729e-07, 6.02319403242e-07, 2.68488929578e-06, 2.56340717897e-06, 1.16709747999e-06, 8.06320841207e-08, 1.24789396594e-08, 2.46710185614e-09, 2.92984303485e-09, 3.32633565137e-09, 3.9891703274e-09, 1.75603043218e-09, 2.20494866809e-09, 8.41849367994e-10, 4.78478034971e-10, 2.07965450416e-10, 2.68211286514e-10, 2.71547451192e-10, 9.5601426775e-10, 3.60519059051e-10, 3.93475668714e-10, 6.63131882739e-10, 2.56227594697e-10, 8.85660642047e-11, 1.08069282689e-10, 1.24140656088e-10, 4.52644796645e-11, 2.10544585239e-11, 2.18513419165e-11, 3.72238802282e-11, 4.89430856954e-11, 5.96563493049e-11, 1.67233754622e-10, 8.77388647846e-11, 1.2635685033e-11, 1.37746931916e-12],
        "max": [0.0698049217463, 0.0840373337269, 0.0318586491048, 0.0452254712582, 0.00945479795337, 0.0126019259915, 0.0244154017419, 0.038753207773, 0.0194791499525, 0.00620055757463, 0.00481326319277, 0.00154029438272, 0.00184574269224, 0.00113295740448, 0.00162532797549, 0.000763396150433, 0.00207410706207, 0.000640729442239, 0.000558674801141, 0.000425272242865, 0.000334661803208, 0.000353431067197, 0.00120543024968, 0.000420403986936, 0.000467570294859, 0.000639714126009, 0.000264716072707, 0.000201074697543, 0.000257366278674, 0.000321082479786, 0.000234075021581, 0.000121933117043, 0.000159688235726, 0.000165562305483, 0.000229032026255, 0.000334946613293, 0.000699441879988, 0.000661834841594, 0.000141580458148, 2.22873477469e-05],
        "mean": [0.00167315267026, 0.0021417089738, 0.00131626136135, 0.00124658644199, 0.000421248201746, 0.000359141326044, 0.000518759363331, 0.000346502201864, 0.000176694389665, 6.3163235609e-05, 2.71394510492e-05, 1.56370751938e-05, 1.52955453814e-05, 1.62321375683e-05, 1.53851597133e-05, 1.12456646093e-05, 9.62300509855e-06, 6.36245931673e-06, 5.63823368793e-06, 3.89666729461e-06, 4.01469969802e-06, 4.84339852846e-06, 5.38113499715e-06, 5.38231142855e-06, 3.77467426915e-06, 4.68902544526e-06, 4.44788793175e-06, 2.48506194112e-06, 3.11397957375e-06, 2.99035377793e-06, 1.93446066987e-06, 1.86679494618e-06, 1.75232105448e-06, 2.0556058189e-06, 2.06933782465e-06, 2.45592855208e-06, 2.97048109132e-06, 2.35454717767e-06, 1.09402174076e-06, 4.70563662702e-07],
        "median": [0.000219649373321, 0.000757061759941, 0.000725450168829, 0.000655522278976, 0.000255734892562, 0.000157578673679, 9.6692412626e-05, 3.71594978787e-05, 2.17487868213e-05, 7.93919025455e-06, 6.58475300952e-06, 4.93766583531e-06, 3.35523736794e-06, 3.60498393093e-06, 3.08656467496e-06, 2.23749020734e-06, 1.06249831333e-06, 7.96660060587e-07, 6.80728931002e-07, 6.46816602057e-07, 8.42733072659e-07, 9.03930981622e-07, 1.13484929898e-06, 9.48677552515e-07, 1.01855869161e-06, 1.02371927824e-06, 9.47629075654e-07, 4.57313916513e-07, 6.06430148764e-07, 4.53060607697e-07, 3.22933772168e-07, 3.84128156838e-07, 3.37733240485e-07, 3.47499195641e-07, 3.23638033706e-07, 2.87931783305e-07, 2.61334491825e-07, 1.9494312653e-07, 1.08259143872e-07, 6.42578328325e-08],
        "min": [4.95370024433e-15, 1.35766125379e-15, 3.52208475567e-16, 3.95183142132e-16, 5.96972304082e-16, 6.59713569733e-16, 5.27607717241e-16, 6.83709430793e-16, 6.12771109675e-16, 1.08326249531e-15, 6.28793108449e-16, 5.28191322941e-16, 1.14480711516e-16, 7.88565121642e-16, 8.46011901976e-16, 1.62578932149e-15, 5.62879333834e-16, 2.10127446927e-16, 3.81651923149e-16, 1.08616220673e-15, 1.17800154227e-15, 1.00142958348e-15, 5.37953536477e-16, 8.51867758378e-16, 3.67961064924e-16, 1.90969904236e-16, 6.45230894521e-16, 3.89359446513e-16, 4.27901960242e-16, 2.44399286711e-16, 6.23286017864e-16, 5.86587838968e-16, 6.57844115079e-16, 9.26035180849e-16, 6.80111340712e-16, 4.86655844763e-16, 1.02669054119e-15, 1.09578735974e-15, 6.87170989751e-16, 5.16467169341e-16],
        "var": [3.16072218993e-05, 2.92107160931e-05, 4.14894157075e-06, 3.64568677469e-06, 2.92573758998e-07, 4.12010621176e-07, 1.86431623206e-06, 1.90125024346e-06, 5.26576684479e-07, 6.28036715966e-08, 1.42146028281e-08, 1.99588168215e-09, 2.55748489053e-09, 2.22435070363e-09, 3.4606704169e-09, 1.20319498809e-09, 2.26443441775e-09, 4.58161286687e-10, 3.89416443536e-10, 9.6978897135e-11, 1.30062086101e-10, 2.07800734953e-10, 3.77523096118e-10, 2.44378017822e-10, 1.89650239957e-10, 3.30142968519e-10, 1.04142514057e-10, 5.59669949274e-11, 6.79779774138e-11, 5.74316497137e-11, 2.48017006238e-11, 2.28896814697e-11, 3.53230882044e-11, 5.11309779239e-11, 8.22572981951e-11, 1.52100790296e-10, 2.75114458992e-10, 2.0249991961e-10, 2.59815571835e-11, 1.82741538915e-12]
    },
    "mfcc": {
        "mean": [-716.192687988, 121.349555969, 43.6981506348, 37.949798584, 4.59419250488, 2.09217572212, -2.08588814735, 0.988727509975, -11.4786176682, -2.52530932426, -3.04349923134, 3.47547507286, -2.67373514175],
        "cov": [[12328.7597656, 91.4441375732, -258.195495605, 25.0253734589, -262.601623535, -208.042358398, -227.956985474, -76.0516281128, -154.217254639, 116.086257935, 107.112945557, 72.1086425781, -68.6331558228], [91.4441375732, 1363.07739258, -126.561347961, 15.9485473633, -6.19724082947, -47.0656433105, 39.6457710266, 84.321762085, -81.1376419067, -29.2659854889, 10.3415260315, -4.14484262466, -34.9702453613], [-258.195495605, -126.561347961, 517.866760254, 95.5829925537, 48.0371818542, 102.55796814, 53.6308250427, 20.795425415, 19.4101219177, -7.36598539352, -24.1115550995, 13.161108017, 3.34130454063], [25.0253734589, 15.9485473633, 95.5829925537, 294.743988037, 101.105392456, 41.4853935242, 10.5707235336, 24.1998615265, 52.9148406982, -27.2056808472, -42.736618042, -5.74565029144, 14.4660921097], [-262.601623535, -6.19724082947, 48.0371818542, 101.105392456, 207.439056396, 31.1715927124, -30.1458530426, 18.8634319305, 39.4264411926, 18.8404541016, -24.9670238495, -21.4991474152, -10.738524437], [-208.042358398, -47.0656433105, 102.55796814, 41.4853935242, 31.1715927124, 138.879562378, 52.8222198486, -0.455938607454, 28.8016529083, -0.040822699666, -4.80516576767, -5.8749165535, -13.4458770752], [-227.956985474, 39.6457710266, 53.6308250427, 10.5707235336, -30.1458530426, 52.8222198486, 140.235870361, 42.5906028748, 6.78659296036, -16.9232940674, -5.04597473145, 15.415266037, 5.01002788544], [-76.0516281128, 84.321762085, 20.795425415, 24.1998615265, 18.8634319305, -0.455938607454, 42.5906028748, 117.248878479, 3.56143260002, -8.47250461578, -11.9635229111, -1.27797198296, 1.73632514477], [-154.217254639, -81.1376419067, 19.4101219177, 52.9148406982, 39.4264411926, 28.8016529083, 6.78659296036, 3.56143260002, 101.937080383, 18.5757598877, -6.61572790146, -4.46979093552, 2.457498312], [116.086257935, -29.2659854889, -7.36598539352, -27.2056808472, 18.8404541016, -0.040822699666, -16.9232940674, -8.47250461578, 18.5757598877, 100.851806641, 37.4943580627, -0.838523387909, -4.91097021103], [107.112945557, 10.3415260315, -24.1115550995, -42.736618042, -24.9670238495, -4.80516576767, -5.04597473145, -11.9635229111, -6.61572790146, 37.4943580627, 97.3213043213, 28.7521133423, 5.5980758667], [72.1086425781, -4.14484262466, 13.161108017, -5.74565029144, -21.4991474152, -5.8749165535, 15.415266037, -1.27797198296, -4.46979093552, -0.838523387909, 28.7521133423, 77.6874008179, 34.7062225342], [-68.6331558228, -34.9702453613, 3.34130454063, 14.4660921097, -10.738524437, -13.4458770752, 5.01002788544, 1.73632514477, 2.457498312, -4.91097021103, 5.5980758667, 34.7062225342, 88.2199172974]],
