{
"lowlevel": {
    "average_loudness": 0.586224377155,
    "barkbands_crest": {
        "dmean": 1.62375664711,
        "dmean2": 2.64333200455,
        "dvar": 3.62301230431,
        "dvar2": 9.54039478302,
        "max": 26.3846149445,
        "mean": 17.1743049622,
        "median": 17.9726333618,
        "min": 4.05413389206,
        "var": 23.0172042847
    },
    "barkbands_flatness_db": {
        "dmean": 0.0262941122055,
        "dmean2": 0.0409005321562,
        "dvar": 0.000983083620667,
        "dvar2": 0.00225227582268,
        "max": 0.776375114918,
        "mean": 0.411685079336,
        "median": 0.417134314775,
        "min": 0.0478320494294,
        "var": 0.0193996746093
    },
    "barkbands_kurtosis": {
        "dmean": 5.69900941849,
        "dmean2": 9.05070304871,
        "dvar": 117.746025085,
        "dvar2": 274.626953125,
        "max": 387.090454102,
        "mean": 16.6584472656,
        "median": 8.54825782776,
        "min": -1.98647975922,
        "var": 729.386413574
    },
    "barkbands_skewness": {
        "dmean": 0.548116385937,
        "dmean2": 0.865907609463,
        "dvar": 0.425073117018,
        "dvar2": 1.01980781555,
        "max": 15.5965194702,
        "mean": 2.69146800041,
        "median": 2.49786806107,
        "min": -4.66875123978,
        "var": 4.20796537399
    },
    "barkbands_spread": {
        "dmean": 1.13373410702,
        "dmean2": 1.79722869396,
        "dvar": 8.47720623016,
        "dvar2": 20.370092392,
        "max": 82.5149078369,
        "mean": 4.7349858284,
        "median": 2.73891735077,
        "min": 0.163545355201,
        "var": 34.0687561035
    },
    "dissonance": {
        "dmean": 0.0434982702136,
        "dmean2": 0.0742548555136,
        "dvar": 0.00189291196875,
        "dvar2": 0.00506083155051,
        "max": 0.500000119209,
        "mean": 0.369880974293,
        "median": 0.384790182114,
        "min": 0.0430080033839,
        "var": 0.00728053273633
    },
    "dynamic_complexity": 5.41495418549,
    "erbbands_crest": {
        "dmean": 2.15947389603,
        "dmean2": 3.46569776535,
        "dvar": 5.35431003571,
        "dvar2": 13.266283989,
        "max": 34.7223052979,
        "mean": 13.2450046539,
        "median": 12.0543136597,
        "min": 2.65200304985,
        "var": 34.6426239014
    },
    "erbbands_flatness_db": {
        "dmean": 0.0208753049374,
        "dmean2": 0.0326182469726,
        "dvar": 0.000613916432485,
        "dvar2": 0.00132896541618,
        "max": 0.612080574036,
        "mean": 0.333813011646,
        "median": 0.342824161053,
        "min": 0.0535518117249,
        "var": 0.0176241025329
    },
    "erbbands_kurtosis": {
        "dmean": 1.54702270031,
        "dmean2": 2.4322385788,
        "dvar": 8.02583885193,
        "dvar2": 18.6901378632,
        "max": 123.961540222,
        "mean": 2.99099397659,
        "median": 1.17383646965,
        "min": -1.85785663128,
        "var": 39.9193496704
    },
    "erbbands_skewness": {
        "dmean": 0.345854401588,
        "dmean2": 0.537646234035,
        "dvar": 0.16977481544,
        "dvar2": 0.395655423403,
        "max": 7.92049217224,
        "mean": 0.669493675232,
        "median": 0.709518313408,
        "min": -7.58647489548,
        "var": 1.32645976543
    },
    "erbbands_spread": {
        "dmean": 3.85546064377,
        "dmean2": 5.98596334457,
        "dvar": 71.1395721436,
        "dvar2": 156.460144043,
        "max": 170.911605835,
        "mean": 17.5284500122,
        "median": 12.0679130554,
        "min": 0.505849480629,
        "var": 301.172027588
    },
    "hfc": {
        "dmean": 2.16146230698,
        "dmean2": 3.27058339119,
        "dvar": 37.2335472107,
        "dvar2": 85.4702758789,
        "max": 195.590621948,
        "mean": 9.50029563904,
        "median": 5.12754535675,
        "min": 1.07704064127e-16,
        "var": 173.061676025
    },
    "melbands_crest": {
        "dmean": 1.85913908482,
        "dmean2": 2.96862483025,
        "dvar": 4.94851541519,
        "dvar2": 12.2700576782,
        "max": 36.4016494751,
        "mean": 21.7003574371,
        "median": 21.6705513,
        "min": 1.58414852619,
        "var": 48.9378242493
    },
    "melbands_flatness_db": {
        "dmean": 0.030386114493,
        "dmean2": 0.0473126657307,
        "dvar": 0.00138805713505,
        "dvar2": 0.00319168227725,
        "max": 0.980439424515,
        "mean": 0.540655314922,
        "median": 0.54875421524,
        "min": 0.00282471021637,
        "var": 0.0266903229058
    },
    "melbands_kurtosis": {
        "dmean": 7.90280056,
        "dmean2": 12.6574621201,
        "dvar": 339.911407471,
        "dvar2": 803.522888184,
        "max": 708.678161621,
        "mean": 23.4019012451,
        "median": 11.1387825012,
        "min": -1.94272661209,
        "var": 1967.67590332
    },
    "melbands_skewness": {
        "dmean": 0.567934751511,
        "dmean2": 0.899329721928,
        "dvar": 0.580798923969,
        "dvar2": 1.34773719311,
        "max": 17.7936820984,
        "mean": 3.01124763489,
        "median": 2.68393945694,
        "min": -3.88208317757,
        "var": 4.8171505928
    },
    "melbands_spread": {
        "dmean": 1.25677800179,
        "dmean2": 2.03216505051,
        "dvar": 12.9768829346,
        "dvar2": 30.6489658356,
        "max": 160.037277222,
        "mean": 6.9487118721,
        "median": 3.16804242134,
        "min": 0.2468354702,
        "var": 298.969329834
    },
    "pitch_salience": {
        "dmean": 0.0466797575355,
        "dmean2": 0.0767413675785,
        "dvar": 0.00270617124625,
        "dvar2": 0.00707842875272,
        "max": 0.920071601868,
        "mean": 0.39820715785,
        "median": 0.380406528711,
        "min": 0.0848193019629,
        "var": 0.020351935178
    },
    "silence_rate_20dB": {
        "dmean": 0,
        "dmean2": 0,
        "dvar": 0,
        "dvar2": 0,
        "max": 1,
        "mean": 1,
        "median": 1,
        "min": 1,
        "var": 0
    },
    "silence_rate_30dB": {
        "dmean": 0.0303462147713,
        "dmean2": 0.0606975182891,
        "dvar": 0.0294234547764,
        "dvar2": 0.0699173957109,
        "max": 1,
        "mean": 0.857502102852,
        "median": 1,
        "min": 0,
        "var": 0.122185662389
    },
    "silence_rate_60dB": {
        "dmean": 0.0159275718033,
        "dmean2": 0.0318578146398,
        "dvar": 0.0156779363751,
        "dvar2": 0.0360354222357,
        "max": 1,
        "mean": 0.262447625399,
        "median": 0,
        "min": 0,
        "var": 0.193545520306
    },
    "spectral_centroid": {
        "dmean": 65.0612182617,
        "dmean2": 103.82711792,
        "dvar": 36689.0351562,
        "dvar2": 74430.109375,
        "max": 11703.0712891,
        "mean": 621.883850098,
        "median": 374.343109131,
        "min": 112.294334412,
        "var": 1938045.625
    },
    "spectral_complexity": {
        "dmean": 1.03898060322,
        "dmean2": 1.73977196217,
        "dvar": 1.59006774426,
        "dvar2": 3.60647153854,
        "max": 34,
        "mean": 7.8162612915,
        "median": 7,
        "min": 0,
        "var": 20.9559860229
    },
    "spectral_decrease": {
        "dmean": 1.89281701424e-09,
        "dmean2": 2.95481461521e-09,
        "dvar": 1.82689902405e-17,
        "dvar2": 4.37864913969e-17,
        "max": 2.18060673503e-28,
        "mean": -1.37080196083e-08,
        "median": -1.37761739794e-08,
        "min": -9.14179096867e-08,
        "var": 1.6048864277e-16
    },
    "spectral_energy": {
        "dmean": 0.00728372205049,
        "dmean2": 0.0113586680964,
        "dvar": 0.000269637792371,
        "dvar2": 0.000644912593998,
        "max": 0.353231668472,
        "mean": 0.0525989681482,
        "median": 0.0526180490851,
        "min": 1.00114251149e-20,
        "var": 0.00237270514481
    },
    "spectral_energyband_high": {
        "dmean": 9.34030686039e-05,
        "dmean2": 0.000145530182635,
        "dvar": 2.10408700241e-07,
        "dvar2": 5.26248186361e-07,
        "max": 0.0117981182411,
        "mean": 0.000141505079227,
        "median": 1.33586453899e-07,
        "min": 6.68081509406e-21,
        "var": 3.28100213665e-07
    },
    "spectral_energyband_low": {
        "dmean": 0.00552003039047,
        "dmean2": 0.00862944032997,
        "dvar": 0.000207693388802,
        "dvar2": 0.000509517209139,
        "max": 0.279065787792,
        "mean": 0.0401357226074,
        "median": 0.0440203882754,
        "min": 7.74656675762e-24,
        "var": 0.0015059246216
    },
    "spectral_energyband_middle_high": {
        "dmean": 0.000441589188995,
        "dmean2": 0.000655808486044,
        "dvar": 7.28760960556e-06,
        "dvar2": 1.83115826076e-05,
        "max": 0.127905160189,
        "mean": 0.00129074265715,
        "median": 0.000216868429561,
        "min": 1.07316607254e-21,
        "var": 1.48031358549e-05
    },
    "spectral_energyband_middle_low": {
        "dmean": 0.00311590405181,
        "dmean2": 0.00497404299676,
        "dvar": 4.00239623559e-05,
        "dvar2": 9.84743892332e-05,
        "max": 0.214701756835,
        "mean": 0.012091874145,
        "median": 0.0051956474781,
        "min": 1.5836643943e-22,
        "var": 0.000307641224936
    },
    "spectral_entropy": {
        "dmean": 0.164358273149,
        "dmean2": 0.252713978291,
        "dvar": 0.0571215450764,
        "dvar2": 0.116003744304,
        "max": 9.83215332031,
        "mean": 5.67827320099,
        "median": 5.54060268402,
        "min": 3.72603583336,
        "var": 1.04380548
    },
    "spectral_flux": {
        "dmean": 0.0170399211347,
        "dmean2": 0.0276362691075,
        "dvar": 0.0009444723255,
        "dvar2": 0.00237842206843,
        "max": 0.454807966948,
        "mean": 0.0437960959971,
        "median": 0.0309305209666,
        "min": 6.3753974322e-11,
        "var": 0.00208109919913
    },
    "spectral_kurtosis": {
        "dmean": 63.0190048218,
        "dmean2": 109.068809509,
        "dvar": 10979.1484375,
        "dvar2": 32922.0195312,
        "max": 1407.34521484,
        "mean": 176.246566772,
        "median": 103.275505066,
        "min": -1.28057527542,
        "var": 39397.9765625
    },
    "spectral_rms": {
        "dmean": 0.000456013454823,
        "dmean2": 0.000701611337718,
        "dvar": 7.81391520377e-07,
        "dvar2": 1.75416357706e-06,
        "max": 0.0185638424009,
        "mean": 0.00605057179928,
        "median": 0.00716482242569,
        "min": 3.12525916604e-12,
        "var": 1.47068776641e-05
    },
    "spectral_rolloff": {
        "dmean": 71.1458969116,
        "dmean2": 124.636734009,
        "dvar": 143098.125,
        "dvar2": 306991.09375,
        "max": 19853.6132812,
        "mean": 672.464233398,
        "median": 301.46484375,
        "min": 64.599609375,
        "var": 5837055.5
    },
    "spectral_skewness": {
        "dmean": 1.60926365852,
        "dmean2": 2.72176766396,
        "dvar": 3.85626840591,
        "dvar2": 10.5325021744,
        "max": 28.4241504669,
        "mean": 8.86998081207,
        "median": 7.28790187836,
        "min": -0.0760410800576,
        "var": 39.2382164001
    },
    "spectral_spread": {
        "dmean": 490640.125,
        "dmean2": 761473.375,
        "dvar": 753733992448,
        "dvar2": 1.32399720038e+12,
        "max": 44112492,
        "mean": 2609425.5,
        "median": 967180.1875,
        "min": 75763.75,
        "var": 2.95353114952e+13
    },
    "spectral_strongpeak": {
        "dmean": 0.133191108704,
        "dmean2": 0.228185281157,
        "dvar": 0.198780328035,
        "dvar2": 0.500564038754,
        "max": 8.47753620148,
        "mean": 0.595125794411,
        "median": 0.483028531075,
        "min": 0,
        "var": 0.50763386488
    },
    "zerocrossingrate": {
        "dmean": 0.00306374067441,
        "dmean2": 0.00401403382421,
        "dvar": 5.58067113161e-05,
        "dvar2": 7.38174203434e-05,
        "max": 0.73046875,
        "mean": 0.0242160074413,
        "median": 0.01318359375,
        "min": 0.00146484375,
        "var": 0.00427947752178
    },
    "barkbands": {
        "dmean": [0.000337689416483, 0.00506418431178, 0.000961133511737, 0.000746611447539, 0.00135361973662, 0.000602805695962, 0.000926968641579, 0.000502539449371, 0.000308590882923, 0.000207806078834, 0.000161307951203, 0.00014911913604, 2.67669183813e-05, 1.4632220882e-05, 2.04263997148e-05, 6.66607684252e-06, 7.85229258327e-06, 1.09390848593e-05, 1.64386819961e-05, 3.18274978781e-05, 2.3863338356e-05, 9.88894134935e-06, 7.67978235672e-06, 1.38649666042e-05, 1.54011231643e-05, 1.12957413876e-05, 1.90429341274e-06],
        "dmean2": [0.000449180719443, 0.00774626340717, 0.00153770321049, 0.00127181166317, 0.00224004127085, 0.000997510040179, 0.00154698442202, 0.000688983825967, 0.000457774178358, 0.000280056119664, 0.000255577499047, 0.000220869143959, 3.96704817831e-05, 2.06399508897e-05, 2.80475233012e-05, 1.01398682091e-05, 1.22342853501e-05, 1.58913589985e-05, 2.44282855419e-05, 4.96991015098e-05, 3.73477196263e-05, 1.6563668396e-05, 1.19818469102e-05, 2.12523791561e-05, 2.36977357417e-05, 1.79346352525e-05, 2.89188619718e-06],
        "dvar": [1.19423179967e-06, 0.000164192402735, 6.81654910295e-06, 3.28023065777e-06, 7.38543803891e-06, 2.16194052882e-06, 1.46324118759e-05, 4.95813765156e-06, 1.85227986549e-06, 1.22747610476e-06, 2.38053280555e-06, 2.86780345959e-06, 1.1827244073e-08, 3.4606992827e-09, 2.66947566274e-08, 1.04298680803e-09, 7.93174470548e-10, 5.56074075675e-09, 1.20710073048e-08, 5.74064884518e-08, 2.65561332924e-08, 4.37974279066e-09, 1.88136972668e-09, 6.32471763851e-09, 8.67355787193e-09, 5.05366459791e-09, 1.21729459845e-10],
        "dvar2": [2.60514025285e-06, 0.000410261884099, 1.83087904588e-05, 9.49556942942e-06, 2.02015162358e-05, 5.34749597136e-06, 4.12948647863e-05, 8.88478462002e-06, 4.10076654589e-06, 2.21220057028e-06, 6.39652898826e-06, 6.93284391673e-06, 2.480670247e-08, 6.95734181377e-09, 5.50755459017e-08, 1.90701388014e-09, 1.82830317552e-09, 1.07456008536e-08, 2.44530191651e-08, 1.52751852056e-07, 6.48355467092e-08, 1.16429239583e-08, 4.5856123343e-09, 1.51934411718e-08, 2.12212238893e-08, 1.26942278911e-08, 2.97684821238e-10],
        "max": [0.0363771542907, 0.23645631969, 0.0760822594166, 0.0538317412138, 0.0633433312178, 0.0669977664948, 0.129158705473, 0.12966093421, 0.0755945518613, 0.0591717883945, 0.107163697481, 0.125540539622, 0.00497066834942, 0.00376093620434, 0.011058437638, 0.00239817425609, 0.00110732996836, 0.00325459334999, 0.00426848232746, 0.00806397013366, 0.00492461910471, 0.00174822646659, 0.00086362141883, 0.00179861823563, 0.00173687888309, 0.00133302307222, 0.00022768531926],
        "mean": [0.00247599603608, 0.0337912514806, 0.00305808288977, 0.00147352053318, 0.00322377611883, 0.00185587385204, 0.00244019064121, 0.00168965477496, 0.00088533089729, 0.000686512503307, 0.000313864817144, 0.000291219126666, 6.38954079477e-05, 3.98423762817e-05, 4.6847791964e-05, 1.62843880389e-05, 1.57567355927e-05, 2.39079854509e-05, 3.40410260833e-05, 6.05573040957e-05, 3.95773568016e-05, 1.18651159937e-05, 1.10430983113e-05, 1.81603845704e-05, 1.76457469934e-05, 1.18718899103e-05, 2.49546997111e-06],
        "median": [0.000649292953312, 0.037270244211, 0.00135505874641, 0.000615698634647, 0.00155223184265, 0.000699825701304, 0.000188391888514, 0.000128227868117, 6.96139904903e-05, 7.05003621988e-05, 2.13945895666e-05, 1.46027687151e-05, 6.04195838605e-06, 2.89694366984e-06, 2.20797710426e-06, 7.93909180175e-07, 5.50834613477e-07, 1.69630084201e-07, 1.09239600476e-07, 4.17289527377e-08, 2.1614068757e-08, 1.18650209657e-08, 7.41422745421e-09, 5.37956790225e-09, 4.35675984178e-09, 4.44149961254e-09, 7.14544512448e-09],
        "min": [3.27090376816e-25, 2.21212177827e-24, 7.1302819944e-25, 8.55038939598e-25, 6.00807943342e-24, 5.22487387203e-24, 4.926354706e-24, 9.43162808257e-24, 8.83876598014e-24, 1.15670769196e-23, 1.5979848072e-23, 2.06731081856e-23, 2.67600993475e-23, 2.93758958449e-23, 2.59995869477e-23, 6.1944210799e-23, 5.85539075094e-23, 9.06194119889e-23, 1.23483123798e-22, 1.333423705e-22, 2.41510687523e-22, 2.86185231115e-22, 3.31835942747e-22, 5.449233029e-22, 8.50004718813e-22, 1.303555967e-21, 2.00420490594e-21],
        "var": [1.10531018436e-05, 0.00112042354885, 2.26219581236e-05, 8.35180162539e-06, 2.27205437113e-05, 1.37638990054e-05, 7.34745990485e-05, 3.83598344342e-05, 1.03728934846e-05, 7.727283446e-06, 3.05987282445e-06, 4.52158928965e-06, 4.6674262677e-08, 1.7173542588e-08, 6.25378007157e-08, 4.04632949369e-09, 2.45773379426e-09, 2.12516919618e-08, 4.36972946716e-08, 1.40517258274e-07, 4.97647114628e-08, 4.16368628464e-09, 2.79182499341e-09, 7.59588481003e-09, 9.34963662047e-09, 4.81621897919e-09, 1.65325156343e-10]
    },
    "erbbands": {
        "dmean": [0.16237218678, 1.11577987671, 1.24964547157, 1.76900875568, 2.87891316414, 5.91557455063, 5.47204303741, 4.90083789825, 11.1161050797, 11.0382795334, 11.6506843567, 7.80369138718, 8.18327140808, 5.43803882599, 5.28751325607, 6.59669923782, 1.5450117588, 0.85077881813, 0.953633069992, 0.668609857559, 0.397105127573, 0.299090504646, 0.35523673892, 1.20892989635, 1.14100265503, 1.08273434639, 1.25345289707, 0.536667764187, 0.363345682621, 0.244420677423, 0.238479077816, 0.269684761763, 0.246892809868, 0.180936530232, 0.0943525508046, 0.0626716986299, 0.0172542799264, 0.00280460808426, 0.000380997778848, 2.19142420974e-05],
        "dmean2": [0.244272723794, 1.72449636459, 2.08646726608, 2.93383908272, 4.89904975891, 9.91314888, 8.73832035065, 8.03234672546, 18.3845176697, 17.5135650635, 16.2211532593, 11.686753273, 10.7941980362, 8.61015129089, 8.33237075806, 9.42126655579, 2.28831934929, 1.16828024387, 1.3465051651, 0.916219472885, 0.600781440735, 0.460033923388, 0.517198741436, 1.74187207222, 1.70821964741, 1.71524643898, 1.96677875519, 0.859665095806, 0.614711463451, 0.393240004778, 0.380172610283, 0.444017380476, 0.365305125713, 0.276684224606, 0.14298851788, 0.104497343302, 0.0258213840425, 0.00418864469975, 0.000598686863668, 3.37100536854e-05],
        "dvar": [0.19898019731, 8.03199005127, 11.6777334213, 19.286403656, 40.8862075806, 167.736206055, 122.579216003, 211.061843872, 2033.46887207, 1529.15478516, 2916.86181641, 1169.90466309, 1626.80688477, 2220.91333008, 3550.94165039, 6017.46289062, 56.2627716064, 10.5312614441, 76.782409668, 13.2019710541, 2.21741056442, 1.29180717468, 2.80296278, 112.261886597, 76.2554244995, 78.4122467041, 64.4315185547, 8.62083625793, 6.02625703812, 1.91908085346, 1.89765322208, 2.68516564369, 1.99298942089, 1.16739368439, 0.315593123436, 0.166528970003, 0.0110903857276, 0.000270852819085, 5.04958370584e-06, 1.06653974541e-08],
        "dvar2": [0.449917286634, 20.7712135315, 32.5739021301, 52.5154953003, 121.841094971, 466.964538574, 299.470733643, 493.06149292, 5542.83691406, 3726.96606445, 5360.99560547, 2650.00341797, 2681.74731445, 5884.57568359, 9471.19335938, 14056.2841797, 129.526245117, 19.2862586975, 162.978607178, 24.216091156, 4.43623065948, 2.75140190125, 5.75862073898, 208.295455933, 194.025177002, 211.624343872, 159.398101807, 21.2984428406, 16.1806735992, 4.66539478302, 4.74638271332, 7.09192705154, 4.49379205704, 2.81143546104, 0.741553246975, 0.440271258354, 0.0261035691947, 0.000644672429189, 1.26409368022e-05, 2.53172700582e-08],
        "max": [10.1062345505, 51.1972389221, 97.7305831909, 155.870513916, 133.34576416, 244.171737671, 299.316711426, 850.485656738, 1614.57922363, 1754.21203613, 2973.16088867, 1917.83203125, 2288.67138672, 3461.75805664, 4490.01220703, 6301.95556641, 462.916137695, 189.235351562, 628.944519043, 218.202728271, 87.1513595581, 52.3705406189, 59.4724578857, 483.552062988, 369.723052979, 379.355407715, 231.285003662, 70.5400314331, 63.6893539429, 29.9521903992, 36.9409675598, 34.92395401, 31.7036190033, 19.0358486176, 11.5934114456, 7.35508060455, 2.25491690636, 0.32598310709, 0.0488346517086, 0.00476874224842],
        "mean": [1.44072389603, 5.62894964218, 4.66490030289, 4.59863901138, 6.39186811447, 11.865609169, 14.9911489487, 14.4898586273, 32.630279541, 31.5514564514, 38.3964881897, 22.5269489288, 29.1233215332, 12.8995494843, 10.6657190323, 13.8422336578, 3.70982384682, 2.55885887146, 2.25380635262, 1.71093094349, 0.925581037998, 0.663260817528, 0.812729179859, 2.78776979446, 2.23300600052, 2.0645172596, 2.18367600441, 0.843874692917, 0.427805453539, 0.337522298098, 0.345298945904, 0.312047868967, 0.323223650455, 0.210852220654, 0.114858515561, 0.0641352012753, 0.0191702693701, 0.00339803285897, 0.000494067266118, 7.87538083387e-05],
        "median": [1.6459710598, 4.39992141724, 2.20881319046, 2.10369253159, 2.8961763382, 5.10407876968, 6.93459129333, 4.4650349617, 3.69441699982, 2.95394206047, 2.99094581604, 2.33403563499, 3.08657693863, 1.74952101707, 0.853587448597, 0.785652637482, 0.462091386318, 0.258875012398, 0.172543942928, 0.12146666646, 0.0685317292809, 0.0303486175835, 0.013821516186, 0.00917823798954, 0.00422512087971, 0.00237034866586, 0.00144574721344, 0.000797050539404, 0.000479045149405, 0.000329865142703, 0.000230004676268, 0.000161858246429, 0.000116559946036, 8.88770446181e-05, 6.82220270392e-05, 4.9582675274e-05, 2.8228321753e-05, 5.19234527019e-06, 2.9008002457e-05, 6.01792125963e-05],
        "min": [9.06133661589e-23, 5.99356118999e-22, 8.44576699453e-22, 5.16615207284e-21, 1.15623580672e-20, 2.27580764059e-20, 4.08951503251e-20, 2.09617066873e-20, 8.38923863065e-20, 1.53179089441e-19, 2.015648772e-19, 2.49113584029e-19, 3.56819401572e-19, 4.82091717741e-19, 8.44280503766e-19, 1.12464354962e-18, 1.35287446795e-18, 1.6705148217e-18, 1.92297323978e-18, 2.5618755508e-18, 3.54139388086e-18, 4.59026758298e-18, 4.11580009234e-18, 6.55643164485e-18, 6.95561618717e-18, 7.18443502412e-18, 8.67299616724e-18, 8.62008473218e-18, 9.31638717386e-18, 1.10663208469e-17, 8.77431007585e-18, 1.00234462722e-17, 9.73031910572e-18, 7.54321468865e-18, 5.39607467568e-18, 4.06839478502e-18, 2.28106944633e-18, 9.53463484937e-19, 2.56898129075e-19, 2.61917790612e-20],
        "var": [1.82282567024, 51.4793968201, 42.2219543457, 67.5169677734, 106.652648926, 370.953857422, 520.032165527, 1301.69189453, 10768.8271484, 11247.2539062, 19851.2089844, 5651.06396484, 11978.1201172, 3244.15820312, 4647.04345703, 10372.1533203, 144.686218262, 62.5601158142, 167.847824097, 45.5593299866, 7.25887537003, 4.68213415146, 10.5152273178, 472.966522217, 192.053588867, 190.804992676, 125.931655884, 15.1545763016, 5.5131149292, 2.47140979767, 3.08938336372, 2.62339448929, 2.54811501503, 1.26816475391, 0.371474176645, 0.143678799272, 0.0119633022696, 0.000329715607222, 6.26868495601e-06, 2.0200502604e-08]
    },
    "gfcc": {
        "mean": [-221.820144653, 205.052032471, -45.1318778992, -31.2218780518, -43.1535186768, -4.04950809479, -21.7765769958, -8.63606739044, -15.0655632019, -6.20485687256, -5.50978946686, -6.39938306808, 1.05773937702],
        "cov": [[41159.0117188, -3237.98730469, -2582.90722656, 6644.10498047, 958.026855469, 2216.25878906, 1205.36914062, 3376.97851562, 784.523620605, 1755.61132812, 447.316467285, 833.363342285, 52.6748580933], [-3237.98730469, 4460.37744141, 66.4816513062, -2327.11328125, 439.398010254, -633.058837891, -88.2572631836, -927.826782227, 166.418731689, -450.530395508, 101.752449036, -340.760040283, 144.079208374], [-2582.90722656, 66.4816513062, 2311.69360352, 235.474227905, -218.197433472, 497.894714355, 197.332809448, 76.3056411743, 191.871505737, 108.062690735, 30.4782543182, -11.1603088379, 14.1634950638], [6644.10498047, -2327.11328125, 235.474227905, 2794.13696289, 487.503936768, 808.095336914, 565.555053711, 1108.92675781, 282.942169189, 547.676391602, 205.126663208, 316.85345459, 45.3496589661], [958.026855469, 439.398010254, -218.197433472, 487.503936768, 1083.91320801, 218.217941284, 295.851531982, 235.119796753, 330.196655273, 141.875808716, 253.247711182, 102.619384766, 104.951187134], [2216.25878906, -633.058837891, 497.894714355, 808.095336914, 218.217941284, 704.031616211, 273.382965088, 395.242004395, 185.491348267, 242.623016357, 114.385498047, 157.314743042, 53.2105102539], [1205.36914062, -88.2572631836, 197.332809448, 565.555053711, 295.851531982, 273.382965088, 479.715942383, 343.186920166, 165.393218994, 113.372367859, 110.853302002, 65.3773193359, 52.4410667419], [3376.97851562, -927.826782227, 76.3056411743, 1108.92675781, 235.119796753, 395.242004395, 343.186920166, 718.751342773, 227.186187744, 254.135742188, 89.3203125, 124.486839294, 5.84825849533], [784.523620605, 166.418731689, 191.871505737, 282.942169189, 330.196655273, 185.491348267, 165.393218994, 227.186187744, 365.968933105, 186.065155029, 103.481575012, 7.32095241547, 30.8169765472], [1755.61132812, -450.530395508, 108.062690735, 547.676391602, 141.875808716, 242.623016357, 113.372367859, 254.135742188, 186.065155029, 321.777252197, 91.9280014038, 55.3141937256, -22.7501335144], [447.316467285, 101.752449036, 30.4782543182, 205.126663208, 253.247711182, 114.385498047, 110.853302002, 89.3203125, 103.481575012, 91.9280014038, 157.988204956, 49.3302078247, 11.0537385941], [833.363342285, -340.760040283, -11.1603088379, 316.85345459, 102.619384766, 157.314743042, 65.3773193359, 124.486839294, 7.32095241547, 55.3141937256, 49.3302078247, 131.585983276, 25.2561225891], [52.6748580933, 144.079208374, 14.1634950638, 45.3496589661, 104.951187134, 53.2105102539, 52.4410667419, 5.84825849533, 30.8169765472, -22.7501335144, 11.0537385941, 25.2561225891, 118.945884705]],
        "icov": [[0.000164025157574, -0.000484904507175, 0.000355284078978, -0.00052748149028, 0.000343235122273, -0.000428682309575, 0.000327457673848, -0.000550666241907, 0.000288747804007, -0.000526000687387, 0.000541199289728, -0.000449439889053, 0.000314876699122], [-0.000484904507175, 0.00228837435134, -0.00113206717651, 0.00216701626778, -0.00131869909819, 0.00144935213029, -0.00138971523847, 0.00197745184414, -0.00139521236997, 0.00198902608827, -0.00263356301002, 0.00235963147134, -0.00173230143264], [0.000355284078978, -0.00113206717651, 0.0014576605754, -0.00132728449535, 0.00121206371114, -0.00162692868616, 0.000486766104586, -0.000718543364201, 1.44807099787e-05, -0.000799668661784, 0.00106402451638, -0.000662661332171, 0.000910607399419], [-0.00052748149028, 0.00216701626778, -0.00132728449535, 0.0034600791987, -0.00162083958276, 0.00147336011287, -0.00141696911305, 0.000382952071959, -0.000278645486105, 0.000727748440113, -0.0023437847849, 0.00133009941783, -0.00202878005803], [0.000343235122273, -0.00131869909819, 0.00121206371114, -0.00162083958276, 0.00313679664396, -0.00105403386988, 0.000343235122273, -0.000659762765281, -0.00111954961903, -0.000321265921229, -0.000911866372917, -0.00181525712833, 0.000202671115403], [-0.000428682309575, 0.00144935213029, -0.00162692868616, 0.00147336011287, -0.00105403386988, 0.00480899959803, -0.00137327751145, 0.000780217058491, -0.00077818823047, 9.57136435318e-05, -0.00161811744329, -0.00121483195107, -0.00195972318761], [0.000327457673848, -0.00138971523847, 0.000486766104586, -0.00141696911305, 0.000343235122273, -0.00137327751145, 0.00502465805039, -0.00304799084552, 0.00103512604255, -0.000536734238267, 9.15534546948e-05, -0.000315761251841, -4.56124871562e-05], [-0.000550666241907, 0.00197745184414, -0.000718543364201, 0.000382952071959, -0.000659762765281, 0.000780217058491, -0.00304799084552, 0.00748130306602, -0.00373304146342, 0.00252104736865, -0.00106848264113, 0.00113366812002, 0.000305140740238], [0.000288747804007, -0.00139521236997, 1.44807099787e-05, -0.000278645486105, -0.00111954961903, -0.00077818823047, 0.00103512604255, -0.00373304146342, 0.00839650724083, -0.00486390572041, 0.00114605366252, 0.00134647858795, -0.000768309284467], [-0.000526000687387, 0.00198902608827, -0.000799668661784, 0.000727748440113, -0.000321265921229, 9.57136435318e-05, -0.000536734238267, 0.00252104736865, -0.00486390572041, 0.00984384398907, -0.00452090566978, 0.00230193487369, 0.00106901302934], [0.000541199289728, -0.00263356301002, 0.00106402451638, -0.0023437847849, -0.000911866372917, -0.00161811744329, 9.15534546948e-05, -0.00106848264113, 0.00114605366252, -0.00452090566978, 0.0159171670675, -0.00577053939924, 0.00384234939702], [-0.000449439889053, 0.00235963147134, -0.000662661332171, 0.00133009941783, -0.00181525712833, -0.00121483195107, -0.000315761251841, 0.00113366812002, 0.00134647858795, 0.00230193487369, -0.00577053939924, 0.0171124748886, -0.00386464223266], [0.000314876699122, -0.00173230143264, 0.000910607399419, -0.00202878005803, 0.000202671115403, -0.00195972318761, -4.56124871562e-05, 0.000305140740238, -0.000768309284467, 0.00106901302934, 0.00384234939702, -0.00386464223266, 0.0126011511311]]
    },
    "melbands": {
        "dmean": [0.00142429105472, 0.00089460745221, 0.000315164681524, 0.00029616089887, 0.000209366946365, 0.000109920430987, 0.000187495039427, 0.000114795191621, 9.00575396372e-05, 4.99473499076e-05, 3.96395662392e-05, 2.09800200537e-05, 1.78708232852e-05, 1.88938229257e-05, 8.65770743985e-06, 2.39597693508e-06, 1.62556068517e-06, 1.37722008731e-06, 1.42712997331e-06, 6.49766491279e-07, 5.17718092397e-07, 3.9494466364e-07, 2.6206149073e-07, 4.93816969538e-07, 1.08486767658e-06, 4.98552822137e-07, 1.08591336812e-06, 7.52530354475e-07, 6.46599971788e-07, 9.31950751237e-07, 1.81862873205e-07, 2.23036195734e-07, 1.65749980852e-07, 1.20084919786e-07, 1.28635477381e-07, 1.68670297285e-07, 1.63078468063e-07, 1.5186539315e-07, 2.13532814541e-07, 1.40431694717e-07],
        "dmean2": [0.00217973417602, 0.00142887595575, 0.000528713571839, 0.000495711865369, 0.000339383812388, 0.00018010030908, 0.000312117917929, 0.000178618167411, 0.000126424507471, 7.44956050767e-05, 5.22465488757e-05, 3.33670795953e-05, 2.87979673885e-05, 2.80528092844e-05, 1.25766982819e-05, 3.50827053808e-06, 2.25755616157e-06, 1.98105408344e-06, 1.94097992789e-06, 9.56667918217e-07, 7.98122925971e-07, 6.13509200775e-07, 4.03342738764e-07, 7.10603501375e-07, 1.5737944068e-06, 7.51100969865e-07, 1.64684377069e-06, 1.21946277432e-06, 1.02346700714e-06, 1.46024819969e-06, 3.04119225802e-07, 3.82490696893e-07, 2.73354203273e-07, 1.89980184473e-07, 2.03197615178e-07, 2.85822778778e-07, 2.6378631901e-07, 2.27128680308e-07, 3.31328209313e-07, 2.1920622828e-07],
        "dvar": [1.36222706715e-05, 5.59600130146e-06, 5.52954816158e-07, 4.11779012666e-07, 1.65018178677e-07, 9.65372635164e-08, 5.86336454944e-07, 1.67037455867e-07, 1.77496076503e-07, 4.98766077328e-08, 3.97264443563e-08, 3.29518634601e-08, 3.05511207443e-08, 4.35215206096e-08, 8.12415201779e-09, 1.13517757694e-10, 4.40462492868e-11, 1.55658999579e-10, 9.66413477022e-11, 1.07307643674e-11, 3.57007218926e-12, 2.29627341447e-12, 1.4342884519e-12, 1.20237552553e-11, 9.52732615023e-11, 1.40647554367e-11, 9.90755949504e-11, 6.53141152274e-11, 1.70154758339e-11, 4.50431567045e-11, 1.21912831393e-12, 2.24414974451e-12, 1.22850069961e-12, 4.37082038314e-13, 5.54044440534e-13, 1.07767321542e-12, 9.69225134179e-13, 7.90918925405e-13, 1.508941843e-12, 7.45006378637e-13],
        "dvar2": [3.32495255861e-05, 1.48116305354e-05, 1.57154534008e-06, 1.13641237931e-06, 4.17654604234e-07, 2.28600725904e-07, 1.64471850894e-06, 3.78683353119e-07, 3.37973972364e-07, 1.12043572642e-07, 6.57466472376e-08, 8.66927294396e-08, 8.26321837621e-08, 1.0714173726e-07, 1.92432967339e-08, 2.27910232353e-10, 8.40637282007e-11, 3.34095223709e-10, 1.88433671444e-10, 1.94428136785e-11, 8.15848083535e-12, 5.1275385847e-12, 3.34711533663e-12, 2.28407154301e-11, 1.76964470855e-10, 3.26018968766e-11, 2.58664922814e-10, 1.7709805844e-10, 4.41027908638e-11, 1.09847526908e-10, 3.12576158533e-12, 6.05113138416e-12, 3.27174420368e-12, 1.0346847077e-12, 1.35974369785e-12, 2.89344676691e-12, 2.55629935622e-12, 1.74212608315e-12, 3.66644128252e-12, 1.81887263497e-12],
        "max": [0.0705842375755, 0.0557475276291, 0.0241365227848, 0.013485959731, 0.0092282583937, 0.0163913555443, 0.0263167861849, 0.0205541271716, 0.0208418145776, 0.0135714439675, 0.0113046998158, 0.0127725796774, 0.011194229126, 0.0136475265026, 0.00737820751965, 0.000542678521015, 0.000435840134742, 0.000894824741408, 0.000575677899178, 0.000212718441617, 7.64623910072e-05, 5.80817759328e-05, 3.70391571778e-05, 0.00015032805095, 0.000446293939603, 0.000183586846106, 0.00046274138731, 0.000369373243302, 0.000147830272908, 0.000205840580747, 3.00169776892e-05, 3.95571951231e-05, 2.85585119855e-05, 1.3105061953e-05, 3.39718535542e-05, 1.91128492588e-05, 2.08847613976e-05, 2.21667014557e-05, 2.22185408347e-05, 1.52605025505e-05],
        "mean": [0.010850998573, 0.00411774450913, 0.000829307129607, 0.000637370045297, 0.00054737739265, 0.000330116105033, 0.000527505821083, 0.000337033328833, 0.000288009468932, 0.000139153577038, 0.000140679447213, 4.69789520139e-05, 3.44823201885e-05, 3.78370277758e-05, 1.85129156307e-05, 5.98863061896e-06, 4.560538855e-06, 3.15120769301e-06, 3.2798088796e-06, 1.70717225956e-06, 1.03308002508e-06, 7.87257988577e-07, 5.29766396085e-07, 1.15253180866e-06, 2.45920136877e-06, 9.21600417314e-07, 2.0563813905e-06, 1.375888246e-06, 1.15672912671e-06, 1.52314999013e-06, 2.16975777789e-07, 2.44141148187e-07, 2.08527112022e-07, 1.64369197364e-07, 2.00285484198e-07, 1.98567434495e-07, 1.81934140642e-07, 1.96842421474e-07, 2.72272956181e-07, 1.5079731952e-07],
        "median": [0.0127680841833, 0.0025438349694, 0.000388850923628, 0.000297954509733, 0.000257531995885, 0.000106283841887, 5.44825597899e-05, 3.31416886183e-05, 1.83439715329e-05, 1.20341810543e-05, 1.4027385987e-05, 6.01337342232e-06, 2.53153211816e-06, 1.90539549294e-06, 1.37813378842e-06, 5.22425864347e-07, 3.29544576516e-07, 2.01078051987e-07, 1.60426225193e-07, 7.19922184089e-08, 5.6236707735e-08, 2.71532130114e-08, 7.98140842306e-09, 8.01096433634e-09, 5.23386400886e-09, 2.2808686051e-09, 1.56917590033e-09, 1.09581743679e-09, 7.46352757375e-10, 5.30100741081e-10, 3.35873218127e-10, 2.56122151265e-10, 1.67857117095e-10, 1.46618189811e-10, 1.07376371683e-10, 9.5862678906e-11, 6.74789113475e-11, 5.50107945307e-11, 4.80757343657e-11, 4.0800269413e-11],
        "min": [1.17647382467e-24, 5.25448909092e-25, 1.4964030701e-24, 1.84771576614e-24, 1.17301299327e-24, 5.45919997494e-25, 1.2689041639e-24, 1.3458406833e-24, 1.90611474452e-24, 1.24229835076e-24, 1.45724007046e-24, 1.51747660172e-24, 2.13677136232e-24, 2.43384494075e-24, 1.10871116595e-24, 2.77441887328e-24, 1.93861344724e-24, 2.87261391218e-24, 2.07110579171e-24, 3.18825589581e-24, 2.94051176194e-24, 3.78876245484e-24, 2.14810058821e-24, 4.08133084863e-24, 4.66618009642e-24, 4.45753072572e-24, 3.69333040126e-24, 4.47259205256e-24, 5.04466412026e-24, 3.9669475951e-24, 4.68502361686e-24, 4.61615763756e-24, 4.03498053729e-24, 4.75784257816e-24, 3.50251638677e-24, 4.75342969026e-24, 5.76133399746e-24, 5.77146297149e-24, 5.47813253806e-24, 6.15089836158e-24],
        "var": [0.000100860001112, 3.13290838676e-05, 1.7317545371e-06, 9.65537196862e-07, 6.56269207866e-07, 6.18216574821e-07, 2.94436767945e-06, 1.2865360759e-06, 1.13660303214e-06, 2.56767577866e-07, 2.9040788263e-07, 4.81905608751e-08, 3.81410316663e-08, 6.75713920373e-08, 1.37686626545e-08, 4.59229460015e-10, 2.32583757809e-10, 3.373122337e-10, 2.60299531929e-10, 4.69373741263e-11, 9.19261802096e-12, 6.99917814678e-12, 3.93300843282e-12, 5.02728865481e-11, 4.00695893132e-10, 3.37893636682e-11, 2.44095493818e-10, 1.57338850282e-10, 3.79880744916e-11, 8.40127273305e-11, 1.29960473806e-12, 1.95817559216e-12, 1.23589235634e-12, 5.8733936768e-13, 1.4174520932e-12, 1.03296624726e-12, 9.61781218903e-13, 1.01606104173e-12, 1.80369141931e-12, 7.56969031727e-13]
    },
    "mfcc": {
        "mean": [-840.010070801, 207.552322388, 56.0470657349, 3.24516224861, -5.34940052032, -2.97794103622, -0.636575818062, -3.39850211143, -3.60172939301, -4.22901344299, -5.11711168289, -2.74336123466, -2.71988916397],
        "cov": [[14839.5195312, 844.02355957, -1104.45446777, 1490.74645996, 1509.42077637, 1172.38012695, 1237.50170898, 1105.56396484, 1387.06066895, 1331.77416992, 956.716918945, 998.337341309, 847.641052246], [844.02355957, 3464.25439453, -161.279571533, -248.344787598, 611.498718262, 534.054931641, 253.816772461, 227.644958496, 284.053222656, 348.847717285, 299.797393799, 228.301834106, 244.25982666], [-1104.45446777, -161.279571533, 1527.04589844, 356.102020264, -137.731933594, 74.1090011597, 111.030982971, 114.52230072, 85.066368103, 47.5135345459, 71.533164978, 32.7397460938, -32.8801841736], [1490.74645996, -248.344787598, 356.102020264, 905.10369873, 393.938262939, 199.32019043, 322.941162109, 293.713531494, 290.912994385, 256.89654541, 229.87991333, 227.720550537, 140.767364502], [1509.42077637, 611.498718262, -137.731933594, 393.938262939, 825.315368652, 536.907958984, 318.326202393, 294.138580322, 334.248260498, 312.392700195, 293.047210693, 286.16317749, 263.483459473], [1172.38012695, 534.054931641, 74.1090011597, 199.32019043, 536.907958984, 614.339599609, 363.435211182, 249.422729492, 293.734832764, 259.487243652, 232.867019653, 260.32131958, 230.156860352], [1237.50170898, 253.816772461, 111.030982971, 322.941162109, 318.326202393, 363.435211182, 457.337921143, 348.955078125, 271.278778076, 215.342483521, 186.753601074, 203.272293091, 165.697402954], [1105.56396484, 227.644958496, 114.52230072, 293.713531494, 294.138580322, 249.422729492, 348.955078125, 409.722595215, 302.24899292, 213.695755005, 183.383560181, 153.614852905, 127.470993042], [1387.06066895, 284.053222656, 85.066368103, 290.912994385, 334.248260498, 293.734832764, 271.278778076, 302.24899292, 404.610809326, 312.13659668, 190.037979126, 191.229049683, 163.560943604], [1331.77416992, 348.847717285, 47.5135345459, 256.89654541, 312.392700195, 259.487243652, 215.342483521, 213.695755005, 312.13659668, 398.996185303, 278.314331055, 170.41519165, 155.50138855], [956.716918945, 299.797393799, 71.533164978, 229.87991333, 293.047210693, 232.867019653, 186.753601074, 183.383560181, 190.037979126, 278.314331055, 309.43637085, 200.228134155, 132.513198853], [998.337341309, 228.301834106, 32.7397460938, 227.720550537, 286.16317749, 260.32131958, 203.272293091, 153.614852905, 191.229049683, 170.41519165, 200.228134155, 282.974334717, 194.852935791], [847.641052246, 244.25982666, -32.8801841736, 140.767364502, 263.483459473, 230.156860352, 165.697402954, 127.470993042, 163.560943604, 155.50138855, 132.513198853, 194.852935791, 230.091064453]],
