{
"lowlevel": {
    "average_loudness": 0.966756820679,
    "barkbands_crest": {
        "dmean": 3.14295148849,
        "dmean2": 4.36500120163,
        "dvar": 10.632106781,
        "dvar2": 17.4000778198,
        "max": 26.8987751007,
        "mean": 13.7264308929,
        "median": 11.9489679337,
        "min": 2.00689268112,
        "var": 41.5288772583
    },
    "barkbands_flatness_db": {
        "dmean": 0.0513878017664,
        "dmean2": 0.068583548069,
        "dvar": 0.00270226574503,
        "dvar2": 0.00441934354603,
        "max": 0.753208100796,
        "mean": 0.191247791052,
        "median": 0.174972385168,
        "min": 0.0177761483938,
        "var": 0.0118243033066
    },
    "barkbands_kurtosis": {
        "dmean": 24.3081684113,
        "dmean2": 37.9746856689,
        "dvar": 6684.72802734,
        "dvar2": 13553.5283203,
        "max": 3037.70727539,
        "mean": 38.5813713074,
        "median": 10.7117519379,
        "min": -1.94388127327,
        "var": 15306.9794922
    },
    "barkbands_skewness": {
        "dmean": 1.75761270523,
        "dmean2": 2.55550575256,
        "dvar": 6.98374271393,
        "dvar2": 13.5082511902,
        "max": 45.9426269531,
        "mean": 3.65837812424,
        "median": 2.96882271767,
        "min": -6.48990345001,
        "var": 18.4254417419
    },
    "barkbands_spread": {
        "dmean": 20.2577152252,
        "dmean2": 31.3849716187,
        "dvar": 716.972106934,
        "dvar2": 1405.13745117,
        "max": 131.405380249,
        "mean": 26.2643070221,
        "median": 11.25203228,
        "min": 0.0330701433122,
        "var": 962.41796875
    },
    "dissonance": {
        "dmean": 0.0172472596169,
        "dmean2": 0.0279533471912,
        "dvar": 0.000361225917004,
        "dvar2": 0.000890982802957,
        "max": 0.500000119209,
        "mean": 0.468072623014,
        "median": 0.475278437138,
        "min": 0.168760210276,
        "var": 0.000906262081116
    },
    "dynamic_complexity": 2.80806827545,
    "erbbands_crest": {
        "dmean": 2.41014838219,
        "dmean2": 3.82958269119,
        "dvar": 5.73879241943,
        "dvar2": 12.4606657028,
        "max": 27.0838413239,
        "mean": 7.33557128906,
        "median": 6.33745861053,
        "min": 2.11816859245,
        "var": 13.0941305161
    },
    "erbbands_flatness_db": {
        "dmean": 0.0287565328181,
        "dmean2": 0.0421688519418,
        "dvar": 0.00094811571762,
        "dvar2": 0.0017934916541,
        "max": 0.401691854,
        "mean": 0.117878556252,
        "median": 0.106918118894,
        "min": 0.0291377026588,
        "var": 0.00323123228736
    },
    "erbbands_kurtosis": {
        "dmean": 1.55641567707,
        "dmean2": 2.48519515991,
        "dvar": 20.9468517303,
        "dvar2": 41.0890274048,
        "max": 202.181503296,
        "mean": 1.09002244473,
        "median": 0.0829477310181,
        "min": -1.85157334805,
        "var": 66.936958313
    },
    "erbbands_skewness": {
        "dmean": 0.609475970268,
        "dmean2": 0.93685144186,
        "dvar": 0.429892241955,
        "dvar2": 0.929800570011,
        "max": 10.8523654938,
        "mean": 0.143585860729,
        "median": 0.201555639505,
        "min": -3.08901309967,
        "var": 1.20521914959
    },
    "erbbands_spread": {
        "dmean": 19.9883003235,
        "dmean2": 31.6274166107,
        "dvar": 493.829345703,
        "dvar2": 1095.93811035,
        "max": 200.51953125,
        "mean": 53.8041229248,
        "median": 48.0021400452,
        "min": 1.10932970047,
        "var": 828.231567383
    },
    "hfc": {
        "dmean": 45.4536972046,
        "dmean2": 71.5873565674,
        "dvar": 5295.03515625,
        "dvar2": 12327.9824219,
        "max": 599.762329102,
        "mean": 44.2848815918,
        "median": 10.4355010986,
        "min": 1.43614356518e-11,
        "var": 5615.25
    },
    "melbands_crest": {
        "dmean": 3.88157463074,
        "dmean2": 5.82270002365,
        "dvar": 15.1842918396,
        "dvar2": 31.0379295349,
        "max": 39.9780578613,
        "mean": 22.5680522919,
        "median": 21.291229248,
        "min": 2.53162789345,
        "var": 70.8230514526
    },
    "melbands_flatness_db": {
        "dmean": 0.0646899491549,
        "dmean2": 0.0864124968648,
        "dvar": 0.00414183596149,
        "dvar2": 0.00729238940403,
        "max": 0.901294589043,
        "mean": 0.281024515629,
        "median": 0.276740819216,
        "min": 0.0177459511906,
        "var": 0.0154423536733
    },
    "melbands_kurtosis": {
        "dmean": 52.8739814758,
        "dmean2": 82.766998291,
        "dvar": 24747.0898438,
        "dvar2": 50202.2109375,
        "max": 3641.46557617,
        "mean": 93.8625717163,
        "median": 31.9700431824,
        "min": -1.84967541695,
        "var": 60544.7773438
    },
    "melbands_skewness": {
        "dmean": 2.08000278473,
        "dmean2": 3.1469233036,
        "dvar": 11.8181648254,
        "dvar2": 23.7864665985,
        "max": 46.6199493408,
        "mean": 6.17080926895,
        "median": 4.8897986412,
        "min": -4.19042539597,
        "var": 33.9782180786
    },
    "melbands_spread": {
        "dmean": 16.4108905792,
        "dmean2": 26.7365264893,
        "dvar": 817.220336914,
        "dvar2": 2019.19384766,
        "max": 266.472747803,
        "mean": 18.7550868988,
        "median": 7.09995079041,
        "min": 0.0759639963508,
        "var": 874.478027344
    },
    "pitch_salience": {
        "dmean": 0.0981442481279,
        "dmean2": 0.141784220934,
        "dvar": 0.0112179387361,
        "dvar2": 0.0201978459954,
        "max": 0.949228405952,
        "mean": 0.427274942398,
        "median": 0.463725805283,
        "min": 0.00279374350794,
        "var": 0.0418226122856
    },
    "silence_rate_20dB": {
        "dmean": 0,
        "dmean2": 0,
        "dvar": 0,
        "dvar2": 0,
        "max": 1,
        "mean": 1,
        "median": 1,
        "min": 1,
        "var": 0
    },
    "silence_rate_30dB": {
        "dmean": 0.0382648557425,
        "dmean2": 0.0765364617109,
        "dvar": 0.036801174283,
        "dvar2": 0.0821426138282,
        "max": 1,
        "mean": 0.961209535599,
        "median": 1,
        "min": 0,
        "var": 0.0372837968171
    },
    "silence_rate_60dB": {
        "dmean": 0.0179862454534,
        "dmean2": 0.0358874872327,
        "dvar": 0.0176598038524,
        "dvar2": 0.0363571867347,
        "max": 1,
        "mean": 0.0447853319347,
        "median": 0,
        "min": 0,
        "var": 0.0427876599133
    },
    "spectral_centroid": {
        "dmean": 571.367736816,
        "dmean2": 875.370056152,
        "dvar": 572537,
        "dvar2": 1153715.875,
        "max": 10861.0517578,
        "mean": 1396.93835449,
        "median": 889.831237793,
        "min": 49.6573829651,
        "var": 1503442.25
    },
    "spectral_complexity": {
        "dmean": 5.4540643692,
        "dmean2": 8.26646709442,
        "dvar": 61.2913665771,
        "dvar2": 108.343132019,
        "max": 64,
        "mean": 14.16979599,
        "median": 11,
        "min": 0,
        "var": 155.788375854
    },
    "spectral_decrease": {
        "dmean": 3.8038447947e-09,
        "dmean2": 5.33018962301e-09,
        "dvar": 1.50018716664e-17,
        "dvar2": 4.14921239882e-17,
        "max": 2.19215173791e-10,
        "mean": -1.01873034453e-08,
        "median": -8.22514856225e-09,
        "min": -4.98145880101e-08,
        "var": 5.653755664e-17
    },
    "spectral_energy": {
        "dmean": 0.0158435106277,
        "dmean2": 0.023100277409,
        "dvar": 0.000249084434472,
        "dvar2": 0.000673271017149,
        "max": 0.189340740442,
        "mean": 0.0424659885466,
        "median": 0.0345141962171,
        "min": 1.47386983311e-15,
        "var": 0.000888150825631
    },
    "spectral_energyband_high": {
        "dmean": 0.0042830244638,
        "dmean2": 0.00684047909454,
        "dvar": 5.11258112965e-05,
        "dvar2": 0.000117539930216,
        "max": 0.0561549775302,
        "mean": 0.00380543572828,
        "median": 0.000363352213753,
        "min": 1.02298392501e-15,
        "var": 5.54367761652e-05
    },
    "spectral_energyband_low": {
        "dmean": 0.0133222816512,
        "dmean2": 0.0176484584808,
        "dvar": 0.000209876874578,
        "dvar2": 0.000559249834623,
        "max": 0.184035286307,
        "mean": 0.0309253726155,
        "median": 0.0227106101811,
        "min": 4.51350307146e-17,
        "var": 0.000745388737414
    },
    "spectral_energyband_middle_high": {
        "dmean": 0.00189734320156,
        "dmean2": 0.0028248433955,
        "dvar": 1.28075298562e-05,
        "dvar2": 2.63371075562e-05,
        "max": 0.0378459692001,
        "mean": 0.00261423061602,
        "median": 0.00124082213733,
        "min": 2.47055105577e-16,
        "var": 1.74335291376e-05
    },
    "spectral_energyband_middle_low": {
        "dmean": 0.00264395121485,
        "dmean2": 0.00418496783823,
        "dvar": 1.33507392093e-05,
        "dvar2": 3.44256040989e-05,
        "max": 0.0491584166884,
        "mean": 0.00660825287923,
        "median": 0.00608199648559,
        "min": 4.3818056609e-17,
        "var": 3.1097613828e-05
    },
    "spectral_entropy": {
        "dmean": 0.420117408037,
        "dmean2": 0.590646386147,
        "dvar": 0.216279119253,
        "dvar2": 0.366995722055,
        "max": 9.81027889252,
        "mean": 7.70345306396,
        "median": 7.7719502449,
        "min": 4.21653366089,
        "var": 0.610688984394
    },
    "spectral_flux": {
        "dmean": 0.0367708168924,
        "dmean2": 0.0562012605369,
        "dvar": 0.00127234740648,
        "dvar2": 0.00256160763092,
        "max": 0.323738157749,
        "mean": 0.0968444943428,
        "median": 0.0837603062391,
        "min": 9.53876588028e-06,
        "var": 0.00342606892809
    },
    "spectral_kurtosis": {
        "dmean": 2.60450315475,
        "dmean2": 3.91650891304,
        "dvar": 16.5900325775,
        "dvar2": 34.258430481,
        "max": 112.019599915,
        "mean": 5.05591535568,
        "median": 3.21881151199,
        "min": -1.21434307098,
        "var": 48.2653617859
    },
    "spectral_rms": {
        "dmean": 0.0012260095682,
        "dmean2": 0.00176423997618,
        "dvar": 1.14720012334e-06,
        "dvar2": 3.27951988766e-06,
        "max": 0.0135912718251,
        "mean": 0.00598704069853,
        "median": 0.0058027911,
        "min": 1.19913379226e-09,
        "var": 5.58572037335e-06
    },
    "spectral_rolloff": {
        "dmean": 2264.19091797,
        "dmean2": 3984.22460938,
        "dvar": 14792741,
        "dvar2": 31326714,
        "max": 18992.2851562,
        "mean": 2319.46313477,
        "median": 258.3984375,
        "min": 21.533203125,
        "var": 16539835
    },
    "spectral_skewness": {
        "dmean": 0.423336833715,
        "dmean2": 0.615904867649,
        "dvar": 0.25186342001,
        "dvar2": 0.463184297085,
        "max": 8.71594810486,
        "mean": 1.70374953747,
        "median": 1.56760239601,
        "min": 0.0323529914021,
        "var": 0.701796770096
    },
    "spectral_spread": {
        "dmean": 1864338.875,
        "dmean2": 2738086.25,
        "dvar": 5.34524670771e+12,
        "dvar2": 9.63126388326e+12,
        "max": 41599316,
        "mean": 6930062,
        "median": 6256672,
        "min": 729689.1875,
        "var": 9.64894077747e+12
    },
    "spectral_strongpeak": {
        "dmean": 0.216704875231,
        "dmean2": 0.352097570896,
        "dvar": 0.317446410656,
        "dvar2": 0.86371076107,
        "max": 9.01379776001,
        "mean": 0.43941038847,
        "median": 0.350017040968,
        "min": 0,
        "var": 0.248312309384
    },
    "zerocrossingrate": {
        "dmean": 0.0405630320311,
        "dmean2": 0.0495738275349,
        "dvar": 0.00201247842051,
        "dvar2": 0.00262646609917,
        "max": 0.50927734375,
        "mean": 0.0732752904296,
        "median": 0.044921875,
        "min": 0,
        "var": 0.00615653581917
    },
    "barkbands": {
        "dmean": [0.000606743386015, 0.00986458919942, 0.00496945017949, 0.00128449196927, 0.00119788618758, 0.000249011907727, 0.000207467775908, 0.000372346461518, 0.000252577039646, 0.000360039266525, 0.000159367918968, 0.000316178338835, 0.000294073543046, 0.000246687588515, 0.000179528229637, 0.000164048280567, 0.000103699356259, 0.000189292244613, 0.000263236637693, 0.0002856371284, 0.000304913381115, 0.000484870863147, 0.0005651548272, 0.00079365435522, 0.00099104270339, 0.000790406425949, 0.000345844135154],
        "dmean2": [0.000511629856192, 0.0118641965091, 0.00804580375552, 0.00204497366212, 0.00200799573213, 0.00038785423385, 0.000305383407976, 0.000557832012419, 0.000374139868654, 0.000605716661084, 0.000256628321949, 0.00049650715664, 0.000485016294988, 0.000408192339819, 0.000300882384181, 0.00026923592668, 0.000151754342369, 0.000290866679279, 0.000370532565285, 0.000463822885649, 0.000470884289825, 0.000695775088388, 0.000896104786079, 0.00137693143915, 0.00164457352366, 0.00125856313389, 0.000538646185305],
        "dvar": [8.03103148428e-07, 0.000155424320837, 5.67497954762e-05, 3.28037617692e-06, 5.00114265378e-06, 1.87834800158e-07, 1.2641133651e-07, 4.24057020609e-07, 2.54540481137e-07, 1.50180221681e-06, 1.61756517514e-07, 1.0939297681e-06, 8.31285717595e-07, 2.04191266562e-07, 1.33904762833e-07, 1.4257571479e-07, 4.0746819252e-08, 1.96086148208e-07, 5.55892825105e-07, 6.37352854937e-07, 3.94965582018e-07, 1.04322271e-06, 9.31107365432e-07, 2.4044481961e-06, 3.36672928825e-06, 1.84280906979e-06, 6.16207728399e-07],
        "dvar2": [6.79333652442e-07, 0.000281633139821, 0.000156568334205, 8.82081712916e-06, 1.36928019856e-05, 4.67787486969e-07, 3.01503462197e-07, 9.76565047495e-07, 5.92562912516e-07, 4.11480823459e-06, 3.97447678324e-07, 2.53937719208e-06, 2.15921409108e-06, 5.29092460511e-07, 3.29760155182e-07, 2.96969147939e-07, 6.7779815538e-08, 4.21426506136e-07, 1.15959562663e-06, 1.59031810654e-06, 7.2188544209e-07, 1.83901056516e-06, 2.10329858419e-06, 6.318769465e-06, 8.72550390341e-06, 4.47223828814e-06, 1.42755027355e-06],
        "max": [0.00845656078309, 0.159862101078, 0.0718873888254, 0.0316431000829, 0.032602686435, 0.0107971280813, 0.00900088623166, 0.0117488997057, 0.0104389823973, 0.0224807448685, 0.00757318688557, 0.023669809103, 0.0159952938557, 0.00626536086202, 0.00434012850747, 0.00511462334543, 0.00274626514874, 0.00372809288092, 0.00691951159388, 0.0072776498273, 0.00561149371788, 0.00916863512248, 0.00685837771744, 0.0120843620971, 0.0161504484713, 0.0106625305489, 0.0069971056655],
        "mean": [0.0014778439654, 0.0213852990419, 0.00660015689209, 0.00255137309432, 0.00208134320565, 0.000438565009972, 0.000441278039943, 0.000645172025543, 0.000412973866332, 0.000384025683161, 0.000194809632376, 0.000352850620402, 0.000292606244329, 0.000308358954499, 0.000200400434551, 0.000185300930752, 0.000136755261337, 0.000192360705114, 0.000261966895778, 0.000302518572425, 0.000355596042937, 0.000461331102997, 0.000507112825289, 0.000622252060566, 0.000762957963161, 0.000628605252132, 0.00028209737502],
        "median": [0.000299252162222, 0.00982125569135, 0.00420882832259, 0.00218853820115, 0.00112841965165, 0.000195433429326, 0.000212837141589, 0.00026435329346, 0.00016039070033, 0.000134190369863, 4.98747394886e-05, 0.00010585833661, 8.72473465279e-05, 0.000133532041218, 6.65254556225e-05, 5.08345583512e-05, 2.89099443762e-05, 2.81687152892e-05, 2.8877200748e-05, 3.5882992961e-05, 4.29996180173e-05, 4.12420995417e-05, 4.61298586742e-05, 4.20037977165e-05, 4.58325375803e-05, 3.50636910298e-05, 8.52911125548e-06],
        "min": [1.60982515918e-17, 2.1616661317e-17, 1.11172578019e-17, 8.05473738918e-18, 1.00766844436e-17, 4.56448477687e-18, 2.30754791133e-18, 6.16593818583e-19, 1.21198007043e-17, 1.79654960194e-17, 2.82932000004e-18, 2.38744441815e-17, 2.90047573069e-17, 2.13722873486e-17, 8.42021473513e-18, 1.13126792216e-17, 5.28852134371e-17, 2.65846021969e-17, 3.90619434491e-17, 3.65805670476e-17, 9.47298288629e-17, 1.20218420057e-16, 1.09387383291e-16, 1.16113698394e-16, 1.43531916669e-16, 1.83960124262e-16, 2.45800252736e-16],
        "var": [4.57375153928e-06, 0.000651374168228, 6.97215727996e-05, 7.57704128773e-06, 7.22615732229e-06, 4.28118966056e-07, 3.683081502e-07, 9.39128653954e-07, 4.78456797737e-07, 1.06084792151e-06, 2.03801690191e-07, 1.08129779619e-06, 6.67712527047e-07, 2.40351994307e-07, 1.42956224636e-07, 1.69505966596e-07, 7.94623886691e-08, 2.4395598075e-07, 6.80775315232e-07, 7.22835409306e-07, 7.23484333776e-07, 1.50733023929e-06, 1.03875538571e-06, 1.86745239716e-06, 2.70684017778e-06, 1.68739404671e-06, 5.72644069052e-07]
    },
    "erbbands": {
        "dmean": [0.375176668167, 2.24470376968, 5.92202854156, 4.46664476395, 4.61245727539, 3.34854435921, 2.49731731415, 1.9165211916, 2.99752211571, 3.90043330193, 8.33874225616, 4.71735668182, 9.40274143219, 7.62230539322, 6.94926691055, 12.6743011475, 14.4838676453, 8.91676235199, 10.4722280502, 10.4280900955, 8.52772712708, 6.1038980484, 8.50866794586, 10.818154335, 15.2002182007, 13.2157249451, 12.2539691925, 14.8754997253, 17.0128822327, 14.3499908447, 17.5133514404, 13.5267286301, 14.8564310074, 11.0816431046, 6.8358502388, 3.74995970726, 1.42768955231, 0.426605969667, 0.0580994784832, 0.00201065349393],
        "dmean2": [0.341467887163, 3.16573548317, 9.69679641724, 6.86438369751, 7.73452329636, 5.67173433304, 3.98541307449, 2.91949295998, 4.46206760406, 5.77654647827, 12.38052845, 7.13183498383, 15.5753030777, 12.721786499, 11.1457262039, 19.745136261, 23.3172416687, 14.4093198776, 16.9248104095, 17.3255977631, 13.1731863022, 9.26151275635, 13.8710069656, 15.664522171, 21.0462150574, 20.1350822449, 20.2965869904, 21.1148967743, 25.1352920532, 21.5236759186, 28.4481563568, 23.2193260193, 25.5019454956, 18.6341075897, 11.2480659485, 6.12080669403, 2.25835800171, 0.683565914631, 0.0886391475797, 0.00300801405683],
        "dvar": [0.283996969461, 10.7992248535, 84.7073287964, 34.2170143127, 59.3790397644, 48.1110191345, 18.1819419861, 12.6568088531, 28.7646522522, 41.3532981873, 230.928161621, 67.2136535645, 802.558654785, 497.173431396, 239.339935303, 1844.83898926, 2058.76220703, 302.331115723, 340.138214111, 495.88092041, 415.362091064, 141.248214722, 349.851226807, 785.250244141, 1849.40905762, 1317.60217285, 723.612670898, 1068.09924316, 1168.02087402, 677.300720215, 966.286804199, 679.309143066, 861.988037109, 470.365844727, 146.777557373, 43.3044548035, 6.41184568405, 0.871263206005, 0.0164626538754, 1.78300324478e-05],
        "dvar2": [0.325499355793, 22.8182048798, 243.23576355, 83.5551223755, 167.495376587, 131.573394775, 44.7406158447, 29.0417327881, 68.8660583496, 95.3545227051, 542.407653809, 161.24760437, 2145.51196289, 1340.5123291, 585.488464355, 4185.77050781, 5194.81542969, 738.769958496, 835.213500977, 1205.90808105, 897.849731445, 264.187530518, 752.815368652, 1559.32849121, 3812.73852539, 3123.54052734, 1620.27404785, 1837.05969238, 2033.65820312, 1285.9909668, 2283.8527832, 1720.26879883, 2286.87695312, 1240.80615234, 371.459075928, 108.215614319, 15.5947237015, 2.12034988403, 0.0362881496549, 3.83164551749e-05],
        "max": [5.16132640839, 34.789516449, 91.5310211182, 80.8240585327, 100.394752502, 98.6629333496, 117.569274902, 122.172149658, 118.859077454, 134.370300293, 296.689880371, 161.703094482, 472.423828125, 378.979949951, 234.915588379, 983.821777344, 778.436279297, 238.05418396, 279.461853027, 317.16229248, 334.664398193, 161.081253052, 162.716873169, 252.632247925, 406.447998047, 333.492492676, 261.028320312, 304.687805176, 298.87286377, 204.157623291, 235.940643311, 198.687210083, 237.086593628, 201.893997192, 99.6017913818, 52.1211547852, 17.8688621521, 8.04362392426, 1.13008928299, 0.0393447801471],
        "mean": [0.843801498413, 3.86170363426, 8.02523422241, 8.09201335907, 8.26089763641, 5.7661447525, 4.15216636658, 3.77138805389, 5.95069026947, 8.34415817261, 15.1853494644, 7.91061544418, 11.2560997009, 8.89131546021, 9.02789402008, 14.481836319, 15.0696992874, 11.5084114075, 13.4352502823, 11.9371347427, 9.52991008759, 8.11045742035, 9.62982368469, 10.8284673691, 15.2688617706, 14.4561433792, 14.126159668, 16.090965271, 16.2848548889, 14.0675792694, 15.3166513443, 11.5008211136, 11.2520542145, 8.47963237762, 5.32187986374, 2.8931312561, 1.13578903675, 0.333391457796, 0.0494393482804, 0.00180211872794],
        "median": [0.247498869896, 1.82571101189, 5.11307048798, 6.61984825134, 7.25138711929, 2.58013892174, 2.26528453827, 1.7202539444, 2.70360255241, 4.31802082062, 6.36499261856, 3.72941994667, 4.3788819313, 3.85188364983, 3.09759640694, 4.41822052002, 4.55113601685, 5.09376955032, 5.89714956284, 4.42861557007, 2.45794081688, 1.91714274883, 1.64725458622, 1.45296216011, 1.68888711929, 1.62212657928, 1.7075561285, 1.51862835884, 1.52983617783, 1.42058134079, 1.22363591194, 0.912174105644, 0.697835743427, 0.534772694111, 0.302362829447, 0.162025660276, 0.0586251057684, 0.0148868057877, 0.0020005418919, 0.00014959051623],
        "min": [8.31965236974e-16, 4.20028561357e-15, 1.19432407893e-14, 2.21446396376e-14, 3.04997523006e-14, 3.33504721777e-14, 3.3959749753e-14, 3.83820647249e-14, 3.85871280133e-14, 1.87386371475e-14, 3.74764543671e-14, 2.5272926113e-13, 5.53325451864e-13, 3.88837453989e-13, 2.02580248583e-13, 1.13601760377e-12, 1.37614279781e-12, 1.0660632533e-12, 7.00973730016e-13, 6.40223388627e-13, 1.03439750255e-12, 2.93252011216e-12, 1.78267123285e-12, 1.18166218997e-12, 2.5926179606e-12, 1.72179089562e-12, 4.55171924457e-12, 2.85631370986e-12, 4.60088954782e-12, 2.68570842649e-12, 3.77110582345e-12, 1.87856414452e-12, 2.73196591218e-12, 1.80131571551e-12, 6.59291523285e-13, 4.93328088883e-13, 3.43330995144e-13, 1.61883852677e-13, 2.36299813673e-14, 4.42871981153e-15],
        "var": [1.40026915073, 24.4946479797, 100.381896973, 70.7505950928, 85.8248443604, 63.6625938416, 32.2624435425, 34.2569160461, 75.1595916748, 133.56942749, 502.72845459, 126.160858154, 649.851013184, 379.065490723, 293.876464844, 1866.60437012, 1755.96520996, 347.392364502, 428.863494873, 512.833740234, 489.171478271, 254.326461792, 481.749664307, 996.06463623, 2309.79321289, 1643.34985352, 1112.42004395, 1820.14208984, 1689.27819824, 1006.91387939, 968.612976074, 603.669616699, 640.581970215, 361.744171143, 124.217582703, 37.3662147522, 5.85292339325, 0.749315798283, 0.016437696293, 1.86413635674e-05]
    },
    "gfcc": {
        "mean": [-22.4476490021, 56.7940292358, -67.4801559448, 26.7327308655, -34.7932739258, 28.3722839355, -22.9436817169, 10.4676380157, -14.7151021957, 9.62306213379, -16.2013034821, -1.73445439339, -12.153301239],
        "cov": [[23019.3222656, -669.611816406, 757.35546875, 131.356719971, -805.831420898, -235.791244507, -807.593383789, -232.631484985, -732.449707031, -233.602355957, -687.98260498, -211.507598877, -663.965148926], [-669.611816406, 4797.74023438, 25.8598518372, -314.342773438, 371.483459473, -317.586151123, 115.919151306, -204.470840454, 279.449462891, -134.078948975, 75.2505950928, -298.95413208, 117.502548218], [757.35546875, 25.8598518372, 1181.21435547, 98.9823760986, 113.569816589, 52.56483078, -30.4812755585, -56.823135376, -38.1931381226, -64.7027130127, -120.582305908, -41.1011276245, -111.236763], [131.356719971, -314.342773438, 98.9823760986, 639.036315918, 159.879806519, 118.730880737, 30.2432994843, 66.1373519897, -74.331817627, 1.66145014763, -7.3932390213, -16.5415744781, -12.9216918945], [-805.831420898, 371.483459473, 113.569816589, 159.879806519, 395.761108398, 108.162155151, 117.581298828, -15.3322486877, 88.4826049805, 27.3410396576, 50.0468788147, -2.70671892166, 25.7187747955], [-235.791244507, -317.586151123, 52.56483078, 118.730880737, 108.162155151, 178.167190552, 62.4788360596, 57.2772712708, 16.9096469879, 48.5974578857, 20.5982131958, 34.1303291321, 9.38630867004], [-807.593383789, 115.919151306, -30.4812755585, 30.2432994843, 117.581298828, 62.4788360596, 204.169784546, 88.5684280396, 139.593231201, 64.584854126, 105.591163635, 42.2485694885, 79.1042098999], [-232.631484985, -204.470840454, -56.823135376, 66.1373519897, -15.3322486877, 57.2772712708, 88.5684280396, 170.538513184, 92.4762802124, 83.9285049438, 61.661529541, 62.463218689, 49.4377822876], [-732.449707031, 279.449462891, -38.1931381226, -74.331817627, 88.4826049805, 16.9096469879, 139.593231201, 92.4762802124, 241.883224487, 133.495330811, 138.064941406, 56.5250892639, 112.845245361], [-233.602355957, -134.078948975, -64.7027130127, 1.66145014763, 27.3410396576, 48.5974578857, 64.584854126, 83.9285049438, 133.495330811, 162.106491089, 116.069862366, 79.2100067139, 72.1794128418], [-687.98260498, 75.2505950928, -120.582305908, -7.3932390213, 50.0468788147, 20.5982131958, 105.591163635, 61.661529541, 138.064941406, 116.069862366, 167.910705566, 88.0200881958, 107.20703125], [-211.507598877, -298.95413208, -41.1011276245, -16.5415744781, -2.70671892166, 34.1303291321, 42.2485694885, 62.463218689, 56.5250892639, 79.2100067139, 88.0200881958, 119.72278595, 73.051361084], [-663.965148926, 117.502548218, -111.236763, -12.9216918945, 25.7187747955, 9.38630867004, 79.1042098999, 49.4377822876, 112.845245361, 72.1794128418, 107.20703125, 73.051361084, 139.409179688]],
        "icov": [[6.26693945378e-05, -4.45231053163e-05, -3.10492600875e-06, -9.080000018e-05, 0.000167607649928, -3.23379549627e-06, 8.40653592604e-06, 0.00012144142238, -3.35103941325e-05, -0.000220391360926, 0.000334276410285, -0.00035219732672, 0.000315295037581], [-4.45231053163e-05, 0.000549962685909, -0.000124175785459, 0.0004376154684, -0.000881294196006, 0.000795057683717, 0.000398442440201, -0.000578000734095, 2.02629653359e-05, 0.000676398805808, -0.00137152522802, 0.00257622264326, -0.00130802229978], [-3.10492600875e-06, -0.000124175785459, 0.00116124248598, -0.000499393325299, 0.000225035779295, -0.000480625225464, -0.000247800926445, 0.00109117873944, -0.00161845923867, 0.000399261334678, 0.00173977448139, -0.00205464614555, 0.00155674945563], [-9.080000018e-05, 0.0004376154684, -0.000499393325299, 0.00342207541689, -0.00265689636581, 0.000391625973862, 0.000734952453058, -0.00392429158092, 0.00466535100713, -0.000716276234016, -0.00315534928814, 0.00543808750808, -0.00327281607315], [0.000167607649928, -0.000881294196006, 0.000225035779295, -0.00265689636581, 0.00724670570344, -0.00415200321004, -0.00266236276366, 0.00597702851519, -0.00506676360965, 0.000548777927179, 0.00303937029094, -0.00590520584956, 0.004382354673], [-3.23379549627e-06, 0.000795057683717, -0.000480625225464, 0.000391625973862, -0.00415200321004, 0.0117581514642, -0.00251931976527, -0.0033574202098, 0.00483809318393, -0.00475797057152, 0.00146579905413, 0.00216224114411, -0.00215127202682], [8.40653592604e-06, 0.000398442440201, -0.000247800926445, 0.000734952453058, -0.00266236276366, -0.00251931976527, 0.0143606103957, -0.0058556064032, -0.00446904357523, 0.00719621684402, -0.0086284764111, 0.00432616611943, -0.00157656881493], [0.00012144142238, -0.000578000734095, 0.00109117873944, -0.00392429158092, 0.00597702851519, -0.0033574202098, -0.0058556064032, 0.0171830877662, -0.008589762263, -0.00231804372743, 0.00836661737412, -0.0110949762166, 0.00545798521489], [-3.35103941325e-05, 2.02629653359e-05, -0.00161845923867, 0.00466535100713, -0.00506676360965, 0.00483809318393, -0.00446904357523, -0.008589762263, 0.0246303398162, -0.0127417268232, -0.00514192227274, 0.0114781120792, -0.0102451536804], [-0.000220391360926, 0.000676398805808, 0.000399261334678, -0.000716276234016, 0.000548777927179, -0.00475797057152, 0.00719621684402, -0.00231804372743, -0.0127417268232, 0.0248791072518, -0.0117971785367, -0.0024594203569, 0.00338376895525], [0.000334276410285, -0.00137152522802, 0.00173977448139, -0.00315534928814, 0.00303937029094, 0.00146579905413, -0.0086284764111, 0.00836661737412, -0.00514192227274, -0.0117971785367, 0.0318577438593, -0.0175951123238, 0.000104598337202], [-0.00035219732672, 0.00257622264326, -0.00205464614555, 0.00543808750808, -0.00590520584956, 0.00216224114411, 0.00432616611943, -0.0110949762166, 0.0114781120792, -0.0024594203569, -0.0175951123238, 0.0368440002203, -0.0163539126515], [0.000315295037581, -0.00130802229978, 0.00155674945563, -0.00327281607315, 0.004382354673, -0.00215127202682, -0.00157656881493, 0.00545798521489, -0.0102451536804, 0.00338376895525, 0.000104598337202, -0.0163539126515, 0.0240416377783]]
    },
    "melbands": {
        "dmean": [0.00285237445496, 0.0029913559556, 0.000771612045355, 0.000302785891108, 9.22508479562e-05, 4.45050936833e-05, 4.2518506234e-05, 5.39618667972e-05, 6.31697621429e-05, 3.02162206935e-05, 5.13063569088e-05, 3.63692524843e-05, 2.45474966505e-05, 2.75479633274e-05, 4.57507812825e-05, 2.25807161769e-05, 1.74970882654e-05, 2.03930740099e-05, 1.46831234815e-05, 1.17721974675e-05, 9.93858429865e-06, 5.95894516664e-06, 7.5548418863e-06, 9.12567702471e-06, 8.39633776195e-06, 1.07428068077e-05, 9.15398686629e-06, 9.74952581601e-06, 8.30094631965e-06, 7.35002186047e-06, 9.51531819737e-06, 1.06212346509e-05, 7.67729943618e-06, 8.06698881206e-06, 1.11671170089e-05, 7.15393207429e-06, 9.25110816752e-06, 1.15776711027e-05, 8.30576937005e-06, 1.00471534097e-05],
        "dmean2": [0.00274663162418, 0.00455853110179, 0.00119859760161, 0.000507785996888, 0.000149147483171, 6.76341587678e-05, 6.3611267251e-05, 7.96758467914e-05, 9.24018822843e-05, 4.64025324618e-05, 8.52258090163e-05, 6.11227151239e-05, 3.97847688873e-05, 4.2920550186e-05, 7.21828037058e-05, 3.66205895261e-05, 2.89797462756e-05, 3.3353411709e-05, 2.45556602749e-05, 1.95858883671e-05, 1.51345011545e-05, 8.93083142728e-06, 1.301768134e-05, 1.36368253152e-05, 1.22266492326e-05, 1.57129979925e-05, 1.25982896861e-05, 1.60372837854e-05, 1.42755925481e-05, 1.10747896542e-05, 1.35588006742e-05, 1.61451316671e-05, 1.08837029984e-05, 1.24703838082e-05, 1.83667980309e-05, 1.14506401587e-05, 1.62686264957e-05, 2.03262698051e-05, 1.37079077831e-05, 1.71375559148e-05],
        "dvar": [1.25533497339e-05, 1.76163594006e-05, 1.02025751403e-06, 3.2727729149e-07, 2.49130529539e-08, 6.27839824574e-09, 5.75409231374e-09, 7.1902928056e-09, 1.35632136633e-08, 3.59302232411e-09, 2.51979432875e-08, 1.30122925768e-08, 3.7607907899e-09, 5.57071277996e-09, 2.88708488227e-08, 4.11423828339e-09, 1.10347075921e-09, 1.39105826857e-09, 9.08398856136e-10, 6.39872488328e-10, 6.09612749169e-10, 1.41443079471e-10, 2.60053478751e-10, 4.56443410846e-10, 4.72681227492e-10, 1.0266273387e-09, 4.87913098812e-10, 8.72782512928e-10, 3.95649790708e-10, 2.26121552038e-10, 4.87273388305e-10, 4.97124841292e-10, 2.38404296304e-10, 2.01563529756e-10, 4.16977730122e-10, 1.60005036998e-10, 3.70156377771e-10, 6.00982763554e-10, 2.22308463305e-10, 4.15487394489e-10],
        "dvar2": [1.6126266928e-05, 5.01965441799e-05, 2.5439746878e-06, 8.89168916274e-07, 6.30753049791e-08, 1.4818247962e-08, 1.40477958155e-08, 1.62343489762e-08, 3.14711989802e-08, 8.79118999819e-09, 6.77205207467e-08, 3.54753417753e-08, 9.32927157749e-09, 1.27956063523e-08, 7.01426614569e-08, 1.05086854774e-08, 2.77481992939e-09, 3.59521901139e-09, 2.26888730026e-09, 1.4225977063e-09, 1.33120037216e-09, 2.70317157547e-10, 6.41084463293e-10, 9.56453805045e-10, 9.25113430306e-10, 2.26640506362e-09, 7.93320853454e-10, 2.25855734115e-09, 9.88590320716e-10, 3.88232529458e-10, 9.14017639353e-10, 9.02079022591e-10, 3.96846916439e-10, 4.01878863521e-10, 1.00925712232e-09, 3.63200858278e-10, 9.74480496296e-10, 1.62930169356e-09, 5.63109281426e-10, 1.10760511873e-09],
        "max": [0.0450188852847, 0.042940158397, 0.014579679817, 0.00848051626235, 0.00446159066632, 0.00250205700286, 0.00163377961144, 0.00177013303619, 0.00267366692424, 0.00123966066167, 0.00269258604385, 0.00202033529058, 0.00112547597382, 0.00100809487049, 0.00432649394497, 0.0012596542947, 0.000462510506622, 0.000557071703952, 0.000352141010808, 0.000290041760309, 0.000417006551288, 0.000183682757779, 0.000152588894707, 0.000190520862816, 0.000194111518795, 0.000306464993628, 0.00021099789592, 0.000264864473138, 0.00020690310339, 0.000142864388181, 0.000219759298488, 0.000199087924557, 0.000139081894304, 0.000108881169581, 0.000156888534548, 0.000101200901554, 0.000141615470056, 0.00019145704573, 0.000138574119774, 0.000185259894351],
        "mean": [0.00651411945, 0.00450633745641, 0.00143999117427, 0.000546414172277, 0.000152922308189, 8.82891035872e-05, 8.52042576298e-05, 0.000108331667434, 0.000118432850286, 4.66560741188e-05, 5.98978112976e-05, 4.09546119045e-05, 3.05419016513e-05, 3.15073339152e-05, 4.7175486543e-05, 2.37587428273e-05, 2.21235150093e-05, 2.46340332524e-05, 1.61699335877e-05, 1.36564613058e-05, 1.05791923488e-05, 7.91179263615e-06, 8.42236204335e-06, 9.29690668272e-06, 8.35831724544e-06, 1.0444837244e-05, 1.01986115624e-05, 9.84724465525e-06, 8.96592337085e-06, 8.88288013812e-06, 9.51167567109e-06, 9.91475189949e-06, 7.60732928029e-06, 7.82308597991e-06, 9.52398750087e-06, 6.7365558607e-06, 7.39427605367e-06, 8.43383350002e-06, 6.68216534905e-06, 7.50230583435e-06],
        "median": [0.00267184898257, 0.00296734343283, 0.00123524677474, 0.000342508341419, 8.08130644145e-05, 4.31582666351e-05, 4.10032189393e-05, 5.26498370164e-05, 5.09313249495e-05, 1.95748616534e-05, 2.20606234507e-05, 1.65231704159e-05, 8.78524679138e-06, 9.15801047086e-06, 1.1717610505e-05, 8.0368736235e-06, 9.47577518673e-06, 9.89530963125e-06, 5.2824384511e-06, 4.5204651542e-06, 2.14704346035e-06, 1.83151848887e-06, 1.474561941e-06, 1.40875306442e-06, 1.07972164187e-06, 1.14947624752e-06, 1.29746445054e-06, 9.00619170352e-07, 1.01600664948e-06, 9.86316422313e-07, 8.09356833997e-07, 8.65790923399e-07, 7.19067713817e-07, 8.01618057267e-07, 7.12170276529e-07, 6.08003915659e-07, 5.05153423092e-07, 4.70324351909e-07, 4.63855002408e-07, 4.40831712467e-07],
        "min": [7.48813190448e-18, 6.12581506644e-18, 4.12187490676e-18, 2.33720833335e-18, 1.25386673889e-18, 8.66669129322e-19, 5.62994169251e-19, 1.59511751566e-19, 3.9807604275e-19, 1.79943505607e-18, 2.83189914919e-18, 1.7001248891e-18, 4.05278536988e-19, 2.07567160804e-18, 3.73978984206e-18, 2.48858466019e-18, 1.97323335419e-18, 1.32517756591e-18, 5.95128171495e-19, 8.44930771125e-19, 1.40579190007e-18, 3.57839284248e-18, 1.57166570452e-18, 1.39889910742e-18, 8.57940977992e-19, 1.44105522997e-18, 1.79103069425e-18, 8.6952057599e-19, 3.35609839262e-18, 1.1219012391e-18, 2.00999760331e-18, 2.50210968359e-18, 2.54148099921e-18, 1.12862673446e-18, 2.37354182816e-18, 1.34355927688e-18, 1.21861457593e-18, 1.99682475205e-18, 2.16091008862e-18, 1.22398277131e-18],
        "var": [6.88426880515e-05, 2.59079442912e-05, 2.13421390072e-06, 4.81535948893e-07, 4.27457642616e-08, 1.68405911438e-08, 1.44624019427e-08, 2.19565929882e-08, 3.14516270805e-08, 5.44871259223e-09, 1.98369924931e-08, 9.44607059239e-09, 4.6323251901e-09, 6.27767171579e-09, 2.52576661808e-08, 3.51056494985e-09, 1.25625365666e-09, 1.63943125742e-09, 9.41213995631e-10, 7.24774351646e-10, 7.09264480481e-10, 2.46529685555e-10, 3.22650267615e-10, 5.85990034274e-10, 6.02968952546e-10, 1.13542741875e-09, 8.0883272302e-10, 8.84561257575e-10, 4.94060847789e-10, 4.54769000235e-10, 7.19032833274e-10, 6.65307975378e-10, 3.74642927792e-10, 2.84510748294e-10, 3.88569926235e-10, 1.87190901668e-10, 2.86992457577e-10, 4.14045964181e-10, 1.87890217274e-10, 3.07768532881e-10]
    },
    "mfcc": {
        "mean": [-678.974853516, 105.33694458, 27.6687965393, 17.8442764282, 16.3249378204, 21.0912017822, 10.691950798, 6.93879508972, 9.29703235626, 10.7077636719, 7.37239313126, 2.95512032509, 0.78590464592],
        "cov": [[12893.6162109, -1264.21777344, 720.671447754, 209.514572144, 26.5965557098, -103.950370789, -51.109539032, -26.7449073792, -179.470214844, -120.276123047, -158.830596924, -144.394821167, -146.609298706], [-1264.21777344, 3941.9855957, 73.8550872803, 88.4954833984, 106.299133301, 57.0846786499, -98.6437225342, -68.1544265747, 90.8874511719, 108.556716919, 83.3522109985, 4.48708581924, -9.13153648376], [720.671447754, 73.8550872803, 760.792907715, 76.8757629395, 89.8926086426, 14.4470596313, -7.4166893959, 12.231174469, -9.16905593872, -12.1191797256, -9.80485534668, -70.2102661133, -63.7726249695], [209.514572144, 88.4954833984, 76.8757629395, 386.988372803, 155.568725586, 92.8304977417, 88.2084579468, 41.9917030334, 31.5283870697, 19.499376297, 2.2388780117, 25.1009273529, -5.42990159988], [26.5965557098, 106.299133301, 89.8926086426, 155.568725586, 234.741714478, 147.932678223, 67.6450881958, 30.9137477875, 22.4996757507, 14.0365276337, 20.5171451569, -6.14495372772, -2.49986720085], [-103.950370789, 57.0846786499, 14.4470596313, 92.8304977417, 147.932678223, 183.843032837, 84.958152771, 28.7218322754, 27.2828655243, 23.0463523865, 27.7691268921, 13.2899923325, 14.7904787064], [-51.109539032, -98.6437225342, -7.4166893959, 88.2084579468, 67.6450881958, 84.958152771, 114.777427673, 62.2892189026, 26.7555408478, 8.44275188446, 8.65662479401, 23.7672309875, 14.332654953], [-26.7449073792, -68.1544265747, 12.231174469, 41.9917030334, 30.9137477875, 28.7218322754, 62.2892189026, 93.6522140503, 53.1775131226, 17.6842136383, 17.1738891602, 22.5387897491, 20.6956291199], [-179.470214844, 90.8874511719, -9.16905593872, 31.5283870697, 22.4996757507, 27.2828655243, 26.7555408478, 53.1775131226, 91.9415740967, 68.658241272, 44.1477546692, 35.5534439087, 27.0599212646], [-120.276123047, 108.556716919, -12.1191797256, 19.499376297, 14.0365276337, 23.0463523865, 8.44275188446, 17.6842136383, 68.658241272, 98.769493103, 69.7401885986, 42.8930740356, 29.4401340485], [-158.830596924, 83.3522109985, -9.80485534668, 2.2388780117, 20.5171451569, 27.7691268921, 8.65662479401, 17.1738891602, 44.1477546692, 69.7401885986, 100.682235718, 67.3123931885, 44.5828018188], [-144.394821167, 4.48708581924, -70.2102661133, 25.1009273529, -6.14495372772, 13.2899923325, 23.7672309875, 22.5387897491, 35.5534439087, 42.8930740356, 67.3123931885, 111.985725403, 72.0887832642], [-146.609298706, -9.13153648376, -63.7726249695, -5.42990159988, -2.49986720085, 14.7904787064, 14.332654953, 20.6956291199, 27.0599212646, 29.4401340485, 44.5828018188, 72.0887832642, 92.9086151123]],
