{
"lowlevel": {
    "average_loudness": 0.966815471649,
    "barkbands_crest": {
        "dmean": 3.21519374847,
        "dmean2": 4.70508575439,
        "dvar": 9.98356151581,
        "dvar2": 18.8215999603,
        "max": 26.9127445221,
        "mean": 14.4544811249,
        "median": 13.8010149002,
        "min": 2.47957491875,
        "var": 37.7691040039
    },
    "barkbands_flatness_db": {
        "dmean": 0.0524484068155,
        "dmean2": 0.0628645047545,
        "dvar": 0.00246288231574,
        "dvar2": 0.00337604060769,
        "max": 0.762800335884,
        "mean": 0.218099489808,
        "median": 0.193963602185,
        "min": 0.0211237352341,
        "var": 0.0162446312606
    },
    "barkbands_kurtosis": {
        "dmean": 58.3529548645,
        "dmean2": 89.4197235107,
        "dvar": 67955.484375,
        "dvar2": 179686.390625,
        "max": 7071.30078125,
        "mean": 73.4032058716,
        "median": 14.9864730835,
        "min": -1.85939288139,
        "var": 69177.96875
    },
    "barkbands_skewness": {
        "dmean": 2.00850200653,
        "dmean2": 2.87954139709,
        "dvar": 13.4557914734,
        "dvar2": 32.3189888,
        "max": 73.1013336182,
        "mean": 4.39380264282,
        "median": 3.10015654564,
        "min": -2.79418802261,
        "var": 25.6560096741
    },
    "barkbands_spread": {
        "dmean": 7.84806728363,
        "dmean2": 11.1345911026,
        "dvar": 128.839736938,
        "dvar2": 261.653320312,
        "max": 120.295379639,
        "mean": 14.2054281235,
        "median": 6.60333013535,
        "min": 0.0155493924394,
        "var": 319.422515869
    },
    "dissonance": {
        "dmean": 0.0285437181592,
        "dmean2": 0.0455459207296,
        "dvar": 0.00080127856927,
        "dvar2": 0.001894766232,
        "max": 0.500000298023,
        "mean": 0.437157005072,
        "median": 0.450173139572,
        "min": 0.205461278558,
        "var": 0.002333215205
    },
    "dynamic_complexity": 3.97966361046,
    "erbbands_crest": {
        "dmean": 3.08767056465,
        "dmean2": 4.69738435745,
        "dvar": 9.24636650085,
        "dvar2": 19.297750473,
        "max": 32.2188186646,
        "mean": 11.9581127167,
        "median": 10.3179683685,
        "min": 2.06706571579,
        "var": 42.110824585
    },
    "erbbands_flatness_db": {
        "dmean": 0.040066126734,
        "dmean2": 0.0536350943148,
        "dvar": 0.00127676571719,
        "dvar2": 0.00272577023134,
        "max": 0.472614169121,
        "mean": 0.151396751404,
        "median": 0.138388887048,
        "min": 0.0329991988838,
        "var": 0.00422233948484
    },
    "erbbands_kurtosis": {
        "dmean": 3.85760831833,
        "dmean2": 5.83833169937,
        "dvar": 52.9619522095,
        "dvar2": 110.739730835,
        "max": 202.744750977,
        "mean": 4.85201787949,
        "median": 1.74137544632,
        "min": -1.81309628487,
        "var": 96.7325439453
    },
    "erbbands_skewness": {
        "dmean": 0.682482719421,
        "dmean2": 0.968716740608,
        "dvar": 0.499147593975,
        "dvar2": 0.918117463589,
        "max": 12.1814193726,
        "mean": 1.47111177444,
        "median": 1.24285244942,
        "min": -2.1409304142,
        "var": 1.86523973942
    },
    "erbbands_spread": {
        "dmean": 16.4038257599,
        "dmean2": 23.7440853119,
        "dvar": 322.793487549,
        "dvar2": 637.769104004,
        "max": 190.523544312,
        "mean": 38.6035614014,
        "median": 34.0786209106,
        "min": 0.567502737045,
        "var": 659.486877441
    },
    "hfc": {
        "dmean": 7.99220132828,
        "dmean2": 12.0982379913,
        "dvar": 90.9179916382,
        "dvar2": 211.034973145,
        "max": 109.015266418,
        "mean": 13.9345636368,
        "median": 10.7608299255,
        "min": 3.26896371083e-10,
        "var": 152.37059021
    },
    "melbands_crest": {
        "dmean": 3.8302526474,
        "dmean2": 5.7659406662,
        "dvar": 14.3862314224,
        "dvar2": 28.5631084442,
        "max": 39.9422721863,
        "mean": 19.391954422,
        "median": 18.2702732086,
        "min": 2.96909046173,
        "var": 55.6905555725
    },
    "melbands_flatness_db": {
        "dmean": 0.0609978660941,
        "dmean2": 0.0705094635487,
        "dvar": 0.00320590799674,
        "dvar2": 0.00417197588831,
        "max": 0.927795827389,
        "mean": 0.321115404367,
        "median": 0.298187345266,
        "min": 0.0197716020048,
        "var": 0.0244085285813
    },
    "melbands_kurtosis": {
        "dmean": 47.4347000122,
        "dmean2": 70.798614502,
        "dvar": 14049.7333984,
        "dvar2": 30152.625,
        "max": 2792.09643555,
        "mean": 72.3205032349,
        "median": 26.8564281464,
        "min": -1.76433169842,
        "var": 22156.9726562
    },
    "melbands_skewness": {
        "dmean": 1.75944983959,
        "dmean2": 2.5646750927,
        "dvar": 5.41018438339,
        "dvar2": 10.5788097382,
        "max": 49.3439064026,
        "mean": 4.65190839767,
        "median": 3.69901275635,
        "min": -0.72252112627,
        "var": 12.6420354843
    },
    "melbands_spread": {
        "dmean": 7.29287910461,
        "dmean2": 10.1359977722,
        "dvar": 290.055389404,
        "dvar2": 528.866333008,
        "max": 222.966323853,
        "mean": 12.7183132172,
        "median": 4.8263001442,
        "min": 0.115872420371,
        "var": 579.804931641
    },
    "pitch_salience": {
        "dmean": 0.0911219492555,
        "dmean2": 0.137246161699,
        "dvar": 0.00966183282435,
        "dvar2": 0.0191144607961,
        "max": 0.897772371769,
        "mean": 0.435050398111,
        "median": 0.464035958052,
        "min": 0.00596618233249,
        "var": 0.0303855463862
    },
    "silence_rate_20dB": {
        "dmean": 0.000140706339153,
        "dmean2": 0.000281432498014,
        "dvar": 0.000140681149787,
        "dvar2": 0.000422047945904,
        "max": 1,
        "mean": 0.999929666519,
        "median": 1,
        "min": 0,
        "var": 7.03419282218e-05
    },
    "silence_rate_30dB": {
        "dmean": 0.116504855454,
        "dmean2": 0.233026102185,
        "dvar": 0.10291980952,
        "dvar2": 0.190809682012,
        "max": 1,
        "mean": 0.693844556808,
        "median": 1,
        "min": 0,
        "var": 0.212440207601
    },
    "silence_rate_60dB": {
        "dmean": 0.0620514973998,
        "dmean2": 0.124041371047,
        "dvar": 0.0581973269582,
        "dvar2": 0.116532959044,
        "max": 1,
        "mean": 0.166584596038,
        "median": 0,
        "min": 0,
        "var": 0.138811990619
    },
    "spectral_centroid": {
        "dmean": 243.032821655,
        "dmean2": 329.434844971,
        "dvar": 136062.140625,
        "dvar2": 232238.671875,
        "max": 4692.53027344,
        "mean": 743.466003418,
        "median": 499.928253174,
        "min": 56.5003509521,
        "var": 470564.875
    },
    "spectral_complexity": {
        "dmean": 2.74067831039,
        "dmean2": 3.97016811371,
        "dvar": 10.1767406464,
        "dvar2": 18.6251487732,
        "max": 35,
        "mean": 8.63728427887,
        "median": 7,
        "min": 0,
        "var": 38.0205917358
    },
    "spectral_decrease": {
        "dmean": 8.59977777878e-09,
        "dmean2": 1.25377210836e-08,
        "dvar": 1.32494693555e-16,
        "dvar2": 2.88057429455e-16,
        "max": 1.02094820116e-22,
        "mean": -1.83513702012e-08,
        "median": -1.01875379244e-08,
        "min": -1.00173231488e-07,
        "var": 3.93548368544e-16
    },
    "spectral_energy": {
        "dmean": 0.0329679772258,
        "dmean2": 0.0480456203222,
        "dvar": 0.00191296543926,
        "dvar2": 0.00416892906651,
        "max": 0.382765442133,
        "mean": 0.0705259665847,
        "median": 0.0400348678231,
        "min": 2.92651170766e-14,
        "var": 0.00569020118564
    },
    "spectral_energyband_high": {
        "dmean": 0.000446987571195,
        "dmean2": 0.000694630027283,
        "dvar": 3.87563659388e-07,
        "dvar2": 9.17366037356e-07,
        "max": 0.00564613658935,
        "mean": 0.000414930313127,
        "median": 0.000116529627121,
        "min": 1.97647057547e-14,
        "var": 4.04357251682e-07
    },
    "spectral_energyband_low": {
        "dmean": 0.0294917114079,
        "dmean2": 0.0432511009276,
        "dvar": 0.0018610174302,
        "dvar2": 0.00395749416202,
        "max": 0.328553974628,
        "mean": 0.0558501854539,
        "median": 0.0161866471171,
        "min": 9.77906737385e-16,
        "var": 0.0050856587477
    },
    "spectral_energyband_middle_high": {
        "dmean": 0.000660489953589,
        "dmean2": 0.000960553938057,
        "dvar": 1.48885067119e-06,
        "dvar2": 2.99805083159e-06,
        "max": 0.015038413927,
        "mean": 0.00110261619557,
        "median": 0.000420066644438,
        "min": 3.91226900051e-15,
        "var": 2.68833605332e-06
    },
    "spectral_energyband_middle_low": {
        "dmean": 0.00724566122517,
        "dmean2": 0.0116170886904,
        "dvar": 0.000152325446834,
        "dvar2": 0.00039653739077,
        "max": 0.151098042727,
        "mean": 0.0144668668509,
        "median": 0.00921202450991,
        "min": 9.6725328637e-16,
        "var": 0.000279530038824
    },
    "spectral_entropy": {
        "dmean": 0.465564548969,
        "dmean2": 0.612679898739,
        "dvar": 0.193882644176,
        "dvar2": 0.367049396038,
        "max": 8.79869556427,
        "mean": 7.10259008408,
        "median": 7.25151109695,
        "min": 3.19964790344,
        "var": 0.776162266731
    },
    "spectral_flux": {
        "dmean": 0.058531973511,
        "dmean2": 0.0912943333387,
        "dvar": 0.00449613621458,
        "dvar2": 0.00895295292139,
        "max": 0.442071288824,
        "mean": 0.113755114377,
        "median": 0.0802704915404,
        "min": 6.28480920568e-05,
        "var": 0.00888269115239
    },
    "spectral_kurtosis": {
        "dmean": 5.95891904831,
        "dmean2": 8.74145507812,
        "dvar": 113.889808655,
        "dvar2": 246.206375122,
        "max": 365.443481445,
        "mean": 9.08457279205,
        "median": 5.27040863037,
        "min": -0.113001823425,
        "var": 224.279251099
    },
    "spectral_rms": {
        "dmean": 0.00182956713252,
        "dmean2": 0.00248023169115,
        "dvar": 4.26748556492e-06,
        "dvar2": 7.86777673056e-06,
        "max": 0.0193243287504,
        "mean": 0.00690449867398,
        "median": 0.00624967273325,
        "min": 5.34334487767e-09,
        "var": 2.11338592635e-05
    },
    "spectral_rolloff": {
        "dmean": 738.84387207,
        "dmean2": 1184.4864502,
        "dvar": 3855507.5,
        "dvar2": 7327130,
        "max": 19939.7460938,
        "mean": 1179.66357422,
        "median": 366.064453125,
        "min": 21.533203125,
        "var": 6489675.5
    },
    "spectral_skewness": {
        "dmean": 0.622458577156,
        "dmean2": 0.84054172039,
        "dvar": 0.520956993103,
        "dvar2": 1.03237366676,
        "max": 16.461730957,
        "mean": 2.27152371407,
        "median": 1.98549580574,
        "min": 0.568143785,
        "var": 1.40543448925
    },
    "spectral_spread": {
        "dmean": 1780593.625,
        "dmean2": 2391131.75,
        "dvar": 2.59974155469e+12,
        "dvar2": 4.89048558797e+12,
        "max": 36120516,
        "mean": 5991060.5,
        "median": 5679583,
        "min": 244796.46875,
        "var": 6.15892700365e+12
    },
    "spectral_strongpeak": {
        "dmean": 0.329881042242,
        "dmean2": 0.548307001591,
        "dvar": 0.207046791911,
        "dvar2": 0.511043131351,
        "max": 4.75201654434,
        "mean": 0.705409407616,
        "median": 0.549002587795,
        "min": 0,
        "var": 0.374648451805
    },
    "zerocrossingrate": {
        "dmean": 0.0227017812431,
        "dmean2": 0.0239266753197,
        "dvar": 0.000918176141568,
        "dvar2": 0.0011603377061,
        "max": 0.51953125,
        "mean": 0.0520106963813,
        "median": 0.029296875,
        "min": 0,
        "var": 0.00398236513138
    },
    "barkbands": {
        "dmean": [0.00250437227078, 0.0240015778691, 0.00851864181459, 0.00207592151128, 0.00224002706818, 0.00284945475869, 0.000975930946879, 0.000339712452842, 0.000380513607524, 0.000188108009752, 0.000211449252674, 7.55683213356e-05, 9.58935270319e-05, 9.0140318207e-05, 4.85874916194e-05, 5.34310129297e-05, 4.67664358439e-05, 2.80348012893e-05, 3.11957883241e-05, 3.95306742575e-05, 4.97402215842e-05, 4.04319071095e-05, 5.54628677492e-05, 7.36280562705e-05, 9.54750285018e-05, 8.20977365947e-05, 3.98761585529e-05],
        "dmean2": [0.00412912527099, 0.0347291901708, 0.0140464631841, 0.00352516025305, 0.00372244557366, 0.00450359191746, 0.00154011312407, 0.000543779460713, 0.00055465369951, 0.000287506525638, 0.000327703921357, 0.000124314887216, 0.000143188648508, 0.000143595563713, 7.60259354138e-05, 8.23215086712e-05, 7.72530329414e-05, 4.36843583884e-05, 5.06512733409e-05, 6.38032724964e-05, 8.01082496764e-05, 6.57138371025e-05, 8.24645539979e-05, 0.000115633069072, 0.000146029196912, 0.000133682027808, 6.33246891084e-05],
        "dvar": [2.08497076528e-05, 0.001533453702, 0.000343016930856, 2.15079562622e-05, 2.11270453292e-05, 4.26407750638e-05, 8.36429990159e-06, 5.31813043381e-07, 1.1914123661e-06, 1.7069415037e-07, 1.69138075989e-07, 2.52611442875e-08, 5.04974302373e-08, 9.09763713253e-08, 2.02776302416e-08, 1.26482833096e-08, 1.23463035351e-08, 2.82503842541e-09, 3.46743500579e-09, 4.63416771623e-09, 5.27330845657e-09, 4.03860189735e-09, 5.38489031143e-09, 1.19979608471e-08, 1.71741323385e-08, 5.26340251383e-08, 3.81059406251e-09],
        "dvar2": [5.81558815611e-05, 0.00334591977298, 0.000920036516618, 6.03157641308e-05, 5.57541716262e-05, 0.000109357533802, 2.00243775907e-05, 1.38390362281e-06, 2.30707337323e-06, 3.56896691756e-07, 3.74540604753e-07, 5.62103608104e-08, 9.06834500825e-08, 2.05686475852e-07, 4.25935802184e-08, 2.65802295729e-08, 3.10428909245e-08, 6.08738792707e-09, 8.56882476086e-09, 1.1288721069e-08, 1.29647030889e-08, 1.02225339305e-08, 1.15438041348e-08, 2.88597536979e-08, 3.89562906378e-08, 1.49143133399e-07, 8.54312087739e-09],
        "max": [0.0345653556287, 0.293323010206, 0.133428439498, 0.0393520519137, 0.0907985940576, 0.114704325795, 0.066063426435, 0.00942857936025, 0.0133347027004, 0.00484912190586, 0.0045492532663, 0.00349229155108, 0.00273192650639, 0.00530793424696, 0.00385268963873, 0.00211770110764, 0.00162210036069, 0.000625618326012, 0.000816485786345, 0.00067593541462, 0.000705220794771, 0.000825613562483, 0.000533484562766, 0.00132773455698, 0.000774626911152, 0.00475197983906, 0.000488972698804],
        "mean": [0.00304989237338, 0.0419478230178, 0.00959225837141, 0.00235675508156, 0.00347050908022, 0.00578677468002, 0.00185543007683, 0.00044047794654, 0.000431446620496, 0.000253935024375, 0.000282388500636, 0.000108030471893, 0.000129866326461, 0.000105352388346, 6.81405799696e-05, 7.29539096938e-05, 5.7350476709e-05, 4.01191791752e-05, 3.99973250751e-05, 4.25513972004e-05, 4.88937002956e-05, 3.84175764339e-05, 5.43696805835e-05, 6.51203372399e-05, 8.46205148264e-05, 6.64102190058e-05, 3.60237318091e-05],
        "median": [0.000212729981286, 0.0119526050985, 0.00078531698091, 0.00020202381711, 0.00152824283578, 0.00120185769629, 0.000269996962743, 0.000148627295857, 8.17814216134e-05, 7.37056034268e-05, 6.48615241516e-05, 3.03117412841e-05, 3.46244960383e-05, 2.01023885893e-05, 2.33804948948e-05, 2.1253585146e-05, 1.75186396518e-05, 1.10194823719e-05, 1.23747877296e-05, 1.13468804557e-05, 1.4095109691e-05, 9.72783982434e-06, 1.59047285706e-05, 1.46996535477e-05, 2.23854003707e-05, 1.44309624375e-05, 8.42433291837e-06],
        "min": [3.26605369489e-16, 4.61448938346e-16, 2.52383260453e-16, 1.85054332011e-16, 2.59060421176e-16, 2.18238541786e-16, 1.90858056182e-16, 5.68590718179e-17, 4.83412985742e-17, 1.09834603452e-16, 2.23551820645e-16, 4.18226819046e-17, 1.63838750721e-16, 1.4687355429e-16, 4.2847860439e-16, 1.60875035378e-16, 7.17070299877e-16, 1.06688278393e-15, 3.3374514255e-16, 6.89861060512e-16, 8.06783635667e-16, 1.49852823276e-15, 2.78406939565e-15, 1.83552823175e-15, 2.49241541136e-15, 4.55042912869e-15, 7.305220407e-15],
        "var": [2.64389527729e-05, 0.00361703173257, 0.000293107208563, 1.85205408343e-05, 3.02291591652e-05, 9.51650290517e-05, 2.03541731025e-05, 7.00917780705e-07, 1.61640923579e-06, 2.64554188334e-07, 2.84629209091e-07, 4.00609216911e-08, 7.95923966734e-08, 9.04171741922e-08, 2.66308877173e-08, 1.9577527155e-08, 1.17320313464e-08, 4.26086899097e-09, 4.06073974446e-09, 4.98420549278e-09, 5.48925838117e-09, 3.84054210656e-09, 6.70067112907e-09, 1.17735137195e-08, 1.87387225736e-08, 3.25450777439e-08, 4.05744682297e-09]
    },
    "erbbands": {
        "dmean": [0.968724012375, 4.79798030853, 9.81871509552, 8.19986534119, 5.12234210968, 7.10118436813, 17.5623378754, 25.5984325409, 18.8733520508, 9.69790649414, 5.84890794754, 9.61471652985, 5.5073184967, 4.74662971497, 9.35627937317, 3.65248394012, 4.64332389832, 5.01368093491, 2.20473480225, 3.44825220108, 2.47540855408, 1.94245064259, 1.35057353973, 2.0551815033, 1.52929496765, 1.99260509014, 1.76430726051, 2.00053715706, 1.56765627861, 1.49965488911, 1.62187373638, 1.13937854767, 1.47419023514, 0.97744178772, 0.70776039362, 0.392256498337, 0.144476383924, 0.0429330654442, 0.00595030514523, 0.000352496746927],
        "dmean2": [1.32589495182, 6.95291757584, 15.3097295761, 13.780629158, 8.8616437912, 11.7156705856, 28.1688766479, 40.6815643311, 28.8380947113, 15.6831188202, 9.0937204361, 13.9091720581, 8.4518995285, 7.44414186478, 14.5777072906, 5.7144818306, 6.92337417603, 7.94689559937, 3.49508261681, 5.28329372406, 3.88889026642, 3.14206647873, 2.09120464325, 3.31468772888, 2.51092720032, 3.20411515236, 2.85417079926, 3.21963000298, 2.54191803932, 2.32855606079, 2.42069935799, 1.75454294682, 2.35898160934, 1.50160157681, 1.06242096424, 0.62770730257, 0.24256272614, 0.0696505755186, 0.00936308689415, 0.000538968248293],
        "dvar": [2.61764478683, 67.6958007812, 385.047302246, 330.666534424, 140.487518311, 251.200820923, 1803.16833496, 4604.66503906, 3008.04077148, 397.689147949, 148.303771973, 831.145080566, 142.668792725, 159.808502197, 318.996246338, 57.3891677856, 120.258911133, 283.388671875, 16.5922679901, 97.5178527832, 28.2018375397, 14.3003768921, 4.88646602631, 18.8521900177, 7.68789339066, 13.1681184769, 8.02511310577, 9.20214366913, 5.09657001495, 4.2234992981, 4.63458824158, 2.5771021843, 5.3486366272, 1.90223300457, 0.913511514664, 0.818028926849, 0.1857509166, 0.00413293996826, 8.17106192699e-05, 5.61475872018e-07],
        "dvar2": [5.66516447067, 150.807998657, 966.346008301, 921.517822266, 398.797332764, 652.016967773, 4504.44921875, 11905.6513672, 7186.16943359, 1028.91333008, 311.327362061, 1607.19396973, 257.103851318, 383.968414307, 692.87097168, 118.521026611, 218.589141846, 642.871337891, 36.6344642639, 201.383422852, 65.5271148682, 34.2223014832, 10.4031972885, 43.2272071838, 19.2416915894, 32.5011024475, 20.3216266632, 23.0600013733, 12.1695718765, 9.95297336578, 9.92938327789, 5.90072011948, 13.2495746613, 4.43525218964, 1.9747120142, 2.23208761215, 0.532510399818, 0.00982294417918, 0.000185275159311, 1.23339350466e-06],
        "max": [13.3764410019, 62.94871521, 152.848937988, 138.896331787, 127.353515625, 407.028137207, 910.165100098, 1310.77648926, 1048.28674316, 305.005981445, 224.040847778, 345.492401123, 156.246322632, 190.266555786, 176.014099121, 159.345855713, 132.692962646, 297.916900635, 51.6201019287, 248.989181519, 75.5527572632, 46.1859474182, 26.2544574738, 45.8597564697, 31.9433345795, 38.9002914429, 43.2904510498, 31.1989307404, 21.8397808075, 19.2463607788, 12.4283256531, 17.1251163483, 27.8949375153, 11.1611537933, 10.6353673935, 18.2995948792, 8.77649211884, 0.568336606026, 0.0796367898583, 0.00855875294656],
        "mean": [1.57789981365, 7.90889310837, 12.4445171356, 9.21671676636, 5.64176893234, 11.6940832138, 33.2672615051, 50.9875640869, 39.7297973633, 14.5814580917, 7.76028728485, 11.087428093, 7.74540042877, 6.45773220062, 13.0840263367, 5.65091657639, 6.35994815826, 5.90997505188, 3.21316194534, 4.72431850433, 3.41099691391, 2.70824098587, 2.08952593803, 2.53540658951, 1.92390716076, 2.14278316498, 1.81762349606, 1.92809057236, 1.49109458923, 1.43584096432, 1.5739402771, 1.08003151417, 1.24357247353, 0.857933282852, 0.652682960033, 0.328649252653, 0.111079700291, 0.0353422015905, 0.0054704756476, 0.00041090961895],
        "median": [0.232824057341, 2.7105846405, 2.8863298893, 1.13793110847, 1.6696574688, 4.72264480591, 8.63121414185, 8.73078155518, 6.15147733688, 4.60505723953, 2.60794758797, 2.18505954742, 2.17692494392, 1.65239882469, 3.42071723938, 1.83189570904, 1.7589263916, 1.20330655575, 1.06544518471, 1.437312603, 1.0771034956, 0.798258244991, 0.651305794716, 0.724820196629, 0.559925377369, 0.588111042976, 0.519890785217, 0.534294426441, 0.391096383333, 0.396560281515, 0.447537094355, 0.279618322849, 0.269880235195, 0.212637722492, 0.182496637106, 0.0721206218004, 0.0231163557619, 0.00766199920326, 0.00141772150528, 0.000165081844898],
        "min": [1.73616919181e-14, 9.11514109634e-14, 2.69037613368e-13, 5.08045103383e-13, 7.06991811015e-13, 8.73310158998e-13, 1.24257331854e-12, 1.95625200067e-12, 2.67851257667e-12, 2.37071733772e-12, 8.74410841043e-13, 1.10274842643e-12, 1.64399071613e-12, 8.283870985e-12, 5.51166100607e-12, 2.41995009101e-12, 7.27643032633e-12, 6.69653872284e-12, 1.40541233165e-11, 2.0072093293e-11, 1.06159126628e-11, 4.34274421979e-11, 5.52107456975e-11, 3.90532016448e-11, 1.94434485873e-11, 3.25941149071e-11, 2.10171723775e-11, 4.39262758112e-11, 6.54421031254e-11, 3.18937549981e-11, 1.01908773087e-10, 4.29736246588e-11, 3.25193864892e-11, 2.18769065363e-11, 1.90986549492e-11, 1.65036959793e-11, 8.92279826414e-12, 2.69081892185e-12, 6.12086336477e-13, 1.369546566e-13],
        "var": [6.36552762985, 129.003158569, 402.510620117, 270.662017822, 104.224403381, 386.872802734, 4026.64501953, 10744.7460938, 7816.04785156, 672.246704102, 241.192398071, 1113.93530273, 286.651550293, 180.630493164, 560.679504395, 98.9568557739, 186.205963135, 281.195098877, 24.4461345673, 128.625854492, 36.5484428406, 18.4765586853, 9.13326072693, 21.0499172211, 9.33868122101, 13.2689800262, 8.01828289032, 9.08302593231, 5.29713058472, 4.72105169296, 5.71146917343, 2.83780360222, 4.84044694901, 1.9839425087, 1.06982922554, 0.564202487469, 0.110076121986, 0.00384016265161, 8.59614592628e-05, 6.48789864499e-07]
    },
    "gfcc": {
        "mean": [-46.0033988953, 80.473449707, -59.5237197876, 14.8623075485, -46.2351799011, 4.7639875412, -34.7071723938, 3.20073699951, -18.7673416138, 7.72006702423, -6.36405086517, 7.81878757477, -4.63270950317],
        "cov": [[8296.59179688, -463.997772217, 279.646453857, 122.736328125, -489.056213379, 389.103424072, -30.5950756073, 51.2296066284, -265.133575439, 143.837005615, -225.725662231, 15.7869749069, -181.305755615], [-463.997772217, 3182.32080078, 954.942321777, 562.946472168, 1045.65625, 301.24822998, 642.197875977, 141.181060791, 343.323455811, -25.085773468, 276.777740479, -46.6683998108, 161.104248047], [279.646453857, 954.942321777, 1361.45532227, 709.562805176, 524.656738281, 499.017669678, 381.491088867, 190.806564331, 180.315444946, 72.3169174194, 73.5684432983, -16.125617981, 50.4480781555], [122.736328125, 562.946472168, 709.562805176, 683.761169434, 499.296783447, 394.08380127, 309.027160645, 218.019134521, 166.415557861, 53.9807319641, 4.38564014435, -51.1913261414, -15.355928421], [-489.056213379, 1045.65625, 524.656738281, 499.296783447, 730.593383789, 319.191894531, 404.486480713, 205.597564697, 252.313217163, 18.0855293274, 84.7454299927, -69.2947845459, 29.9322338104], [389.103424072, 301.24822998, 499.017669678, 394.08380127, 319.191894531, 399.239105225, 261.811309814, 178.290481567, 108.007598877, 62.6212730408, 1.85085272789, -32.7015914917, -13.8041563034], [-30.5950756073, 642.197875977, 381.491088867, 309.027160645, 404.486480713, 261.811309814, 355.21496582, 168.042175293, 158.50177002, 23.7071247101, 54.3498458862, -45.2128715515, 22.7457408905], [51.2296066284, 141.181060791, 190.806564331, 218.019134521, 205.597564697, 178.290481567, 168.042175293, 172.865692139, 117.255455017, 41.4923553467, 2.75756621361, -24.7014827728, -20.0238189697], [-265.133575439, 343.323455811, 180.315444946, 166.415557861, 252.313217163, 108.007598877, 158.50177002, 117.255455017, 170.710342407, 59.0956993103, 72.2454681396, -6.94779777527, 12.7434997559], [143.837005615, -25.085773468, 72.3169174194, 53.9807319641, 18.0855293274, 62.6212730408, 23.7071247101, 41.4923553467, 59.0956993103, 110.0675354, 67.3844680786, 37.9834327698, -6.65671157837], [-225.725662231, 276.777740479, 73.5684432983, 4.38564014435, 84.7454299927, 1.85085272789, 54.3498458862, 2.75756621361, 72.2454681396, 67.3844680786, 150.048416138, 73.5322113037, 50.8902015686], [15.7869749069, -46.6683998108, -16.125617981, -51.1913261414, -69.2947845459, -32.7015914917, -45.2128715515, -24.7014827728, -6.94779777527, 37.9834327698, 73.5322113037, 110.271911621, 57.611541748], [-181.305755615, 161.104248047, 50.4480781555, -15.355928421, 29.9322338104, -13.8041563034, 22.7457408905, -20.0238189697, 12.7434997559, -6.65671157837, 50.8902015686, 57.611541748, 102.062950134]],
        "icov": [[0.000180848641321, -0.000111691522761, 1.0137128811e-05, 1.96469300136e-05, 0.000254062033491, -0.000227300814004, -0.000197303903406, -7.99919962446e-06, 0.000339143618476, -0.000523775990587, 0.000562219647691, -0.000376875657821, 0.000288556242594], [-0.000111691522761, 0.0010090341093, -0.000408836815041, 0.000157427974045, -0.0011957003735, 0.000763140677009, -0.000832916179206, 0.000833824859001, -0.000117453753774, 0.000907264125999, -0.0013975960901, 0.000544865382835, -0.000299146631733], [1.0137128811e-05, -0.000408836815041, 0.00238544866443, -0.00223254202865, 0.00150071398821, -0.00219561345875, 5.90425843257e-05, 0.0016171715688, -0.00131856207736, 0.000811098318081, -0.000878629914951, 0.000522453687154, -0.000923875661101], [1.96469300136e-05, 0.000157427974045, -0.00223254202865, 0.00714444555342, -0.00420099124312, -0.000636624288745, 0.000894342258107, -0.00298945535906, 0.00222345371731, -0.00247734063305, 0.00329125020653, -0.00199516513385, 0.00137089577038], [0.000254062033491, -0.0011957003735, 0.00150071398821, -0.00420099124312, 0.010072728619, -0.00338038126938, -0.00206484785303, 0.00241270591505, -0.0077644684352, 0.0052672396414, -0.00267230160534, 0.00231830938719, -0.000176027300768], [-0.000227300814004, 0.000763140677009, -0.00219561345875, -0.000636624288745, -0.00338038126938, 0.0128643261269, -0.00512917619199, -0.00480909179896, 0.00690428493544, -0.00707453442737, 0.00349670206197, -0.00115734152496, -0.000101732461189], [-0.000197303903406, -0.000832916179206, 5.90425843257e-05, 0.000894342258107, -0.00206484785303, -0.00512917619199, 0.0153673989698, -0.00816546566784, 0.000374339171685, 0.00385437346995, -0.00705917272717, 0.00755001464859, -0.00458260765299], [-7.99919962446e-06, 0.000833824859001, 0.0016171715688, -0.00298945535906, 0.00241270591505, -0.00480909179896, -0.00816546566784, 0.0283111035824, -0.0180101338774, 0.00153523485642, 0.00897760968655, -0.00857674889266, 0.00615041842684], [0.000339143618476, -0.000117453753774, -0.00131856207736, 0.00222345371731, -0.0077644684352, 0.00690428493544, 0.000374339171685, -0.0180101338774, 0.0326505973935, -0.0133000435308, -0.00577528262511, 0.00692372210324, -0.00460456917062], [-0.000523775990587, 0.000907264125999, 0.000811098318081, -0.00247734063305, 0.0052672396414, -0.00707453442737, 0.00385437346995, 0.00153523485642, -0.0133000435308, 0.0297853183001, -0.0154085690156, -0.00130295322742, 0.00582617148757], [0.000562219647691, -0.0013975960901, -0.000878629914951, 0.00329125020653, -0.00267230160534, 0.00349670206197, -0.00705917272717, 0.00897760968655, -0.00577528262511, -0.0154085690156, 0.0322256609797, -0.018946364522, 0.00306803360581], [-0.000376875657821, 0.000544865382835, 0.000522453687154, -0.00199516513385, 0.00231830938719, -0.00115734152496, 0.00755001464859, -0.00857674889266, 0.00692372210324, -0.00130295322742, -0.018946364522, 0.032842092216, -0.016330583021], [0.000288556242594, -0.000299146631733, -0.000923875661101, 0.00137089577038, -0.000176027300768, -0.000101732461189, -0.00458260765299, 0.00615041842684, -0.00460456917062, 0.00582617148757, 0.00306803360581, -0.016330583021, 0.0223546624184]]
    },
    "melbands": {
        "dmean": [0.00744669046253, 0.00517435604706, 0.00136381923221, 0.000370205903891, 0.00057350541465, 0.00056110706646, 0.000267079187324, 9.93775538518e-05, 5.31753721589e-05, 5.50680670131e-05, 2.65116832452e-05, 1.9089979105e-05, 3.00640076603e-05, 1.32111481435e-05, 1.04052187453e-05, 7.08990364728e-06, 1.06314428194e-05, 3.39399866789e-06, 3.33831053467e-06, 5.7677480072e-06, 2.57009332927e-06, 2.16538364839e-06, 1.75735874564e-06, 1.27498378788e-06, 1.75878824393e-06, 1.04738523987e-06, 1.2676565575e-06, 1.34956792408e-06, 9.76572891886e-07, 1.25468136503e-06, 1.21656466945e-06, 9.63445359048e-07, 6.51705533983e-07, 9.62404101301e-07, 1.05803303541e-06, 6.59135196202e-07, 6.60792750296e-07, 8.46491843731e-07, 1.40672113957e-06, 6.22805544026e-07],
        "dmean2": [0.0104625904933, 0.00735278241336, 0.00229124189354, 0.00062671629712, 0.000922096718568, 0.000887636095285, 0.00040941365296, 0.000161148200277, 8.03463990451e-05, 8.02843860583e-05, 4.13100824517e-05, 3.02887656289e-05, 4.66506098746e-05, 2.10696616705e-05, 1.56096266437e-05, 1.08764124889e-05, 1.70212260855e-05, 5.49500191482e-06, 5.22390655533e-06, 8.88131035026e-06, 4.16368129663e-06, 3.5805353491e-06, 2.78943593912e-06, 1.98473662749e-06, 2.86356657853e-06, 1.718028102e-06, 2.09829113373e-06, 2.17764295485e-06, 1.59699277447e-06, 2.03349054573e-06, 2.00594922717e-06, 1.57899876285e-06, 1.04776609078e-06, 1.46920035604e-06, 1.55939403612e-06, 1.03265017515e-06, 1.02361582321e-06, 1.36389701311e-06, 2.24832660933e-06, 9.35111017952e-07],
        "dvar": [0.000146097663674, 7.11909306119e-05, 9.15689361136e-06, 6.5845432573e-07, 1.74011245235e-06, 1.99219425667e-06, 6.06242338108e-07, 4.01316384568e-08, 1.42829774674e-08, 2.49906424443e-08, 3.40954375844e-09, 2.92945978586e-09, 3.52946472049e-09, 6.1184435296e-10, 5.08458719573e-10, 2.13777148761e-10, 1.4459914377e-09, 3.61744904864e-11, 8.45226666435e-11, 1.80825576734e-10, 4.13263347154e-11, 2.37791453195e-11, 1.05338342216e-11, 5.16964986444e-12, 1.43950277046e-11, 3.82222508852e-12, 4.77346070657e-12, 6.39230335331e-12, 3.04880578249e-12, 3.15786025801e-12, 4.54450149387e-12, 2.19199745161e-12, 8.88903642533e-13, 1.85147123327e-12, 1.93948329619e-12, 8.10059267928e-13, 1.04662231572e-12, 2.52618087039e-12, 4.30145415814e-12, 8.64420785385e-13],
        "dvar2": [0.000315992656397, 0.000161491960171, 2.54397946264e-05, 1.79149162705e-06, 4.39801942775e-06, 5.13459144713e-06, 1.44332773289e-06, 1.06416202073e-07, 2.77033063156e-08, 4.86444129422e-08, 6.24806073546e-09, 7.0717116607e-09, 7.89936027701e-09, 1.355950352e-09, 9.14365583249e-10, 4.0518233213e-10, 3.28685390016e-09, 8.03773644864e-11, 1.73406095039e-10, 3.82565645829e-10, 1.04194791684e-10, 5.99627569819e-11, 2.41574017734e-11, 1.11965645089e-11, 3.31110104612e-11, 9.51544485567e-12, 1.19601533538e-11, 1.58033690301e-11, 7.87060000507e-12, 7.67776380667e-12, 1.20709258561e-11, 5.38576388348e-12, 2.17252474691e-12, 4.29647680281e-12, 3.91400280242e-12, 1.90294394825e-12, 2.45270904281e-12, 6.48668618819e-12, 1.02592474446e-11, 2.07523017867e-12],
        "max": [0.0929503589869, 0.0657666325569, 0.0230834167451, 0.015223165974, 0.0263565536588, 0.0258647520095, 0.0156164327636, 0.00268864119425, 0.00160411058459, 0.00187045778148, 0.000765969452914, 0.000822987465654, 0.000677038682625, 0.000429101317422, 0.000273849931546, 0.000178207861609, 0.000675170682371, 6.35909236735e-05, 0.00023929629242, 0.000219641791773, 0.00010409294191, 6.82293757563e-05, 5.05171301484e-05, 2.76464616036e-05, 4.11187502323e-05, 2.55135801126e-05, 2.23890256166e-05, 2.46436575253e-05, 2.77512172033e-05, 1.57251524797e-05, 2.65873513854e-05, 1.94705480681e-05, 8.93225751497e-06, 1.69115046447e-05, 8.27415533422e-06, 6.04909564572e-06, 1.36470034704e-05, 3.19074897561e-05, 1.11562467282e-05, 1.27145458464e-05],
        "mean": [0.0127596519887, 0.00786703173071, 0.00152869743761, 0.000517766107805, 0.00108262884896, 0.0011268206872, 0.000556392595172, 0.000138507806696, 6.68497741572e-05, 6.33579766145e-05, 3.66001295333e-05, 2.42667611019e-05, 4.06752478739e-05, 2.0296241928e-05, 1.4519026081e-05, 1.00288370959e-05, 1.18981988635e-05, 4.82286850456e-06, 4.86392445964e-06, 7.32258877179e-06, 3.3284914025e-06, 2.81238817479e-06, 2.48478272624e-06, 1.80112647286e-06, 2.08786491385e-06, 1.35778475396e-06, 1.40804922921e-06, 1.40913925861e-06, 1.03298680187e-06, 1.18898969959e-06, 1.11777603706e-06, 8.8938350018e-07, 6.42063241685e-07, 9.20404943372e-07, 1.04616844965e-06, 6.18116189344e-07, 6.26992516572e-07, 7.15608564406e-07, 1.15224372621e-06, 5.71942052829e-07],
        "median": [0.00297939172015, 0.00346017442644, 0.000223323702812, 0.00024918775307, 0.000300876359688, 0.000206826065551, 8.46143520903e-05, 4.2237843445e-05, 1.94150125026e-05, 1.26292688947e-05, 1.00543657027e-05, 5.29040107722e-06, 9.91102933767e-06, 6.95804237694e-06, 4.67513336844e-06, 2.7761225283e-06, 2.15872660192e-06, 1.56788075856e-06, 1.45060676005e-06, 2.17063916352e-06, 1.04554158042e-06, 7.96205597453e-07, 7.73006377131e-07, 4.93766094678e-07, 5.87979286593e-07, 4.03317528708e-07, 3.97785044015e-07, 3.71077618411e-07, 2.78694642475e-07, 3.42298534406e-07, 2.8784873507e-07, 2.25339107374e-07, 1.65296029309e-07, 2.56662019638e-07, 3.0625417935e-07, 1.70201275296e-07, 1.53221463961e-07, 1.57482020313e-07, 2.22726939114e-07, 1.55296390858e-07],
        "min": [1.57267072069e-16, 1.36498485947e-16, 9.45392530672e-17, 5.67522464049e-17, 4.29814990771e-17, 4.40239054676e-17, 4.08967557792e-17, 2.32978298114e-17, 5.72050318373e-18, 7.39149983814e-18, 7.73267130896e-18, 3.21774283987e-17, 2.55296342416e-17, 5.61445325253e-18, 8.49305874141e-18, 1.76440701769e-17, 1.15385400607e-17, 1.92356153063e-17, 3.58027459566e-17, 1.50009783113e-17, 9.56337503296e-18, 3.69975223246e-17, 5.50787210593e-17, 5.48611361623e-17, 3.00737823695e-17, 7.06059119717e-18, 2.69816389647e-17, 1.8940647663e-17, 7.94283391438e-18, 2.57191429743e-17, 2.48913370132e-17, 4.35605420495e-17, 1.74509532824e-17, 1.62971769486e-17, 7.09825190328e-17, 3.83323966187e-17, 1.9704527452e-17, 2.7628687764e-17, 1.71716491311e-17, 1.59038955807e-17],
        "var": [0.000361592421541, 0.000117463307106, 7.42127576814e-06, 6.92399225954e-07, 3.67431744053e-06, 4.58746171716e-06, 1.59642274866e-06, 5.90187916316e-08, 2.23335518967e-08, 3.37168870601e-08, 6.74442324211e-09, 3.13904502391e-09, 5.85786397167e-09, 1.07843178832e-09, 8.3161616482e-10, 3.49739875949e-10, 1.40182809805e-09, 5.51952233918e-11, 1.22164722782e-10, 2.40476388802e-10, 4.13493302098e-11, 2.50436251598e-11, 1.55289218984e-11, 8.37579051255e-12, 1.55431674476e-11, 4.87525558118e-12, 5.24421738674e-12, 6.20476846985e-12, 2.93130623941e-12, 3.30353214402e-12, 3.79054166527e-12, 2.08121887779e-12, 9.74931507053e-13, 2.04460450307e-12, 2.5112145436e-12, 8.95007863395e-13, 1.07183391936e-12, 2.07561658833e-12, 4.12829969862e-12, 8.73701122301e-13]
    },
    "mfcc": {
        "mean": [-714.778503418, 131.902328491, 35.0340957642, 21.493139267, 11.0032320023, 4.94429206848, -0.112385295331, -1.68208789825, -2.62271571159, -2.544257164, -1.76258039474, 3.59894871712, 7.79169225693],
        "cov": [[7972.39111328, -552.307922363, 127.478012085, -285.191253662, -386.953613281, 27.4079494476, 15.4562730789, -137.841156006, -46.5706329346, -88.419342041, 6.52832221985, -80.1386413574, -188.812820435], [-552.307922363, 2467.62768555, 360.859985352, 554.013122559, 453.098236084, 371.037384033, 365.267120361, 297.694732666, 189.90864563, 157.017776489, 131.967193604, 102.330718994, 106.582252502], [127.478012085, 360.859985352, 978.969665527, 374.975616455, 313.558685303, 348.802703857, 270.802307129, 187.97416687, 179.717529297, 114.023132324, 84.4568099976, 72.1299362183, 46.7627220154], [-285.191253662, 554.013122559, 374.975616455, 460.631378174, 351.643341064, 266.35345459, 230.834121704, 217.795547485, 194.126815796, 150.498596191, 108.749153137, 76.2513198853, 52.1416473389], [-386.953613281, 453.098236084, 313.558685303, 351.643341064, 393.73626709, 271.45223999, 216.331375122, 211.098709106, 190.383651733, 159.20211792, 109.703392029, 87.7995376587, 66.2098312378], [27.4079494476, 371.037384033, 348.802703857, 266.35345459, 271.45223999, 304.072357178, 246.233657837, 183.668426514, 168.470046997, 139.80796814, 99.3776016235, 70.8878631592, 48.4276275635], [15.4562730789, 365.267120361, 270.802307129, 230.834121704, 216.331375122, 246.233657837, 262.47366333, 199.05368042, 166.505966187, 140.231872559, 96.0288696289, 62.794303894, 30.5247688293], [-137.841156006, 297.694732666, 187.97416687, 217.795547485, 211.098709106, 183.668426514, 199.05368042, 223.880157471, 181.531982422, 135.993515015, 88.2365646362, 55.3714332581, 22.2145576477], [-46.5706329346, 189.90864563, 179.717529297, 194.126815796, 190.383651733, 168.470046997, 166.505966187, 181.531982422, 202.985031128, 151.697189331, 87.9899368286, 47.1175880432, 9.9819393158], [-88.419342041, 157.017776489, 114.023132324, 150.498596191, 159.20211792, 139.80796814, 140.231872559, 135.993515015, 151.697189331, 167.991271973, 102.775741577, 53.4468078613, 15.5113601685], [6.52832221985, 131.967193604, 84.4568099976, 108.749153137, 109.703392029, 99.3776016235, 96.0288696289, 88.2365646362, 87.9899368286, 102.775741577, 115.25553894, 80.2660751343, 37.6893692017], [-80.1386413574, 102.330718994, 72.1299362183, 76.2513198853, 87.7995376587, 70.8878631592, 62.794303894, 55.3714332581, 47.1175880432, 53.4468078613, 80.2660751343, 116.952285767, 82.9958648682], [-188.812820435, 106.582252502, 46.7627220154, 52.1416473389, 66.2098312378, 48.4276275635, 30.5247688293, 22.2145576477, 9.9819393158, 15.5113601685, 37.6893692017, 82.9958648682, 119.262985229]],
