{
"lowlevel": {
    "average_loudness": 0.881457686424,
    "barkbands_crest": {
        "dmean": 3.7336037159,
        "dmean2": 5.61703157425,
        "dvar": 10.4615058899,
        "dvar2": 23.8106822968,
        "max": 26.8892059326,
        "mean": 15.4540719986,
        "median": 15.2994709015,
        "min": 2.51866817474,
        "var": 34.5297279358
    },
    "barkbands_flatness_db": {
        "dmean": 0.0604437366128,
        "dmean2": 0.0801634564996,
        "dvar": 0.00433367025107,
        "dvar2": 0.00827239826322,
        "max": 0.694442808628,
        "mean": 0.243796780705,
        "median": 0.223722279072,
        "min": 0.0211233440787,
        "var": 0.0167343989015
    },
    "barkbands_kurtosis": {
        "dmean": 66.4070968628,
        "dmean2": 97.7111129761,
        "dvar": 67986.8828125,
        "dvar2": 153889.90625,
        "max": 8205.88769531,
        "mean": 91.3651199341,
        "median": 23.5358448029,
        "min": -1.93084180355,
        "var": 89808.2109375
    },
    "barkbands_skewness": {
        "dmean": 2.28775286674,
        "dmean2": 3.1947991848,
        "dvar": 10.7431993484,
        "dvar2": 21.9375572205,
        "max": 71.1747131348,
        "mean": 5.36688041687,
        "median": 4.09493494034,
        "min": -3.1960170269,
        "var": 28.2805671692
    },
    "barkbands_spread": {
        "dmean": 10.7288217545,
        "dmean2": 16.570022583,
        "dvar": 298.826599121,
        "dvar2": 649.724609375,
        "max": 123.93636322,
        "mean": 15.2835922241,
        "median": 6.12195158005,
        "min": 0.0288436170667,
        "var": 475.83782959
    },
    "dissonance": {
        "dmean": 0.0274781137705,
        "dmean2": 0.0449251905084,
        "dvar": 0.000670549226925,
        "dvar2": 0.00175774830859,
        "max": 0.500000059605,
        "mean": 0.447716891766,
        "median": 0.457657366991,
        "min": 0.0978328585625,
        "var": 0.00171470688656
    },
    "dynamic_complexity": 5.33001375198,
    "erbbands_crest": {
        "dmean": 3.77877211571,
        "dmean2": 5.95632600784,
        "dvar": 12.5951766968,
        "dvar2": 27.7766647339,
        "max": 32.1636047363,
        "mean": 11.1145305634,
        "median": 9.59382534027,
        "min": 1.87529933453,
        "var": 37.0324630737
    },
    "erbbands_flatness_db": {
        "dmean": 0.0332665592432,
        "dmean2": 0.046212490648,
        "dvar": 0.00157083384693,
        "dvar2": 0.00270999758504,
        "max": 0.495764106512,
        "mean": 0.147436186671,
        "median": 0.120762556791,
        "min": 0.033664163202,
        "var": 0.00598963350058
    },
    "erbbands_kurtosis": {
        "dmean": 5.65519428253,
        "dmean2": 8.52767086029,
        "dvar": 185.13293457,
        "dvar2": 389.341308594,
        "max": 271.699676514,
        "mean": 6.84967088699,
        "median": 0.985925912857,
        "min": -1.89857125282,
        "var": 339.6512146
    },
    "erbbands_skewness": {
        "dmean": 0.84654545784,
        "dmean2": 1.22902560234,
        "dvar": 1.35635375977,
        "dvar2": 2.61218214035,
        "max": 12.6469478607,
        "mean": 1.40519058704,
        "median": 0.879921913147,
        "min": -3.61357665062,
        "var": 3.79153251648
    },
    "erbbands_spread": {
        "dmean": 20.5118846893,
        "dmean2": 29.1316280365,
        "dvar": 626.113769531,
        "dvar2": 1263.48803711,
        "max": 199.706466675,
        "mean": 50.9859085083,
        "median": 40.0828323364,
        "min": 0.679865658283,
        "var": 1467.30725098
    },
    "hfc": {
        "dmean": 18.6235542297,
        "dmean2": 29.6557426453,
        "dvar": 1172.68237305,
        "dvar2": 3016.22875977,
        "max": 230.438446045,
        "mean": 22.1614875793,
        "median": 10.6203775406,
        "min": 1.12430269744e-16,
        "var": 1123.29870605
    },
    "melbands_crest": {
        "dmean": 4.25294923782,
        "dmean2": 6.72918224335,
        "dvar": 14.6883831024,
        "dvar2": 37.9303970337,
        "max": 39.9759864807,
        "mean": 21.4249095917,
        "median": 21.69713974,
        "min": 2.62639713287,
        "var": 38.4910240173
    },
    "melbands_flatness_db": {
        "dmean": 0.0728117749095,
        "dmean2": 0.0976780354977,
        "dvar": 0.00633946247399,
        "dvar2": 0.0124735087156,
        "max": 0.858305513859,
        "mean": 0.358178347349,
        "median": 0.342338651419,
        "min": 0.00755859026685,
        "var": 0.0226639807224
    },
    "melbands_kurtosis": {
        "dmean": 69.2888717651,
        "dmean2": 102.308883667,
        "dvar": 13801.7050781,
        "dvar2": 31606.1835938,
        "max": 2067.66845703,
        "mean": 115.635520935,
        "median": 50.2594985962,
        "min": -1.83905935287,
        "var": 31745.9824219
    },
    "melbands_skewness": {
        "dmean": 2.33239507675,
        "dmean2": 3.42166137695,
        "dvar": 7.68977069855,
        "dvar2": 17.4254207611,
        "max": 44.8563232422,
        "mean": 6.30531454086,
        "median": 5.00394201279,
        "min": -1.04061734676,
        "var": 20.5335235596
    },
    "melbands_spread": {
        "dmean": 7.22469806671,
        "dmean2": 11.7736530304,
        "dvar": 274.818572998,
        "dvar2": 629.424987793,
        "max": 240.940338135,
        "mean": 9.45810127258,
        "median": 3.38000798225,
        "min": 0.126708388329,
        "var": 363.340362549
    },
    "pitch_salience": {
        "dmean": 0.113447472453,
        "dmean2": 0.169286295772,
        "dvar": 0.0126087656245,
        "dvar2": 0.0280834175646,
        "max": 0.872786223888,
        "mean": 0.377112090588,
        "median": 0.366590052843,
        "min": 0.0031451927498,
        "var": 0.0343318618834
    },
    "silence_rate_20dB": {
        "dmean": 0.00273443781771,
        "dmean2": 0.00546931568533,
        "dvar": 0.00272704917006,
        "dvar2": 0.00801354460418,
        "max": 1,
        "mean": 0.998552501202,
        "median": 1,
        "min": 0,
        "var": 0.00144535198342
    },
    "silence_rate_30dB": {
        "dmean": 0.137847840786,
        "dmean2": 0.2757178545,
        "dvar": 0.118849791586,
        "dvar2": 0.235079795122,
        "max": 1,
        "mean": 0.745878577232,
        "median": 1,
        "min": 0,
        "var": 0.189550742507
    },
    "silence_rate_60dB": {
        "dmean": 0.025575036183,
        "dmean2": 0.0511541850865,
        "dvar": 0.0249140355736,
        "dvar2": 0.0540126226842,
        "max": 1,
        "mean": 0.140249297023,
        "median": 0,
        "min": 0,
        "var": 0.120565354824
    },
    "spectral_centroid": {
        "dmean": 369.906829834,
        "dmean2": 586.296813965,
        "dvar": 329626.78125,
        "dvar2": 693018.8125,
        "max": 10853.8710938,
        "mean": 704.360900879,
        "median": 499.820953369,
        "min": 60.3539581299,
        "var": 515541.6875
    },
    "spectral_complexity": {
        "dmean": 4.25591135025,
        "dmean2": 6.60725498199,
        "dvar": 35.2556610107,
        "dvar2": 79.7260437012,
        "max": 49,
        "mean": 10.0610370636,
        "median": 8,
        "min": 0,
        "var": 82.463973999
    },
    "spectral_decrease": {
        "dmean": 8.24887269602e-09,
        "dmean2": 1.20892797995e-08,
        "dvar": 1.4689945497e-16,
        "dvar2": 3.64057698875e-16,
        "max": -9.7664611648e-29,
        "mean": -1.69157470253e-08,
        "median": -1.10989226698e-08,
        "min": -1.42788238122e-07,
        "var": 3.39960776196e-16
    },
    "spectral_energy": {
        "dmean": 0.0318913906813,
        "dmean2": 0.0470854230225,
        "dvar": 0.00213134731166,
        "dvar2": 0.00530331768095,
        "max": 0.5440928936,
        "mean": 0.0658539459109,
        "median": 0.044431630522,
        "min": 1.05663704096e-20,
        "var": 0.00497282203287
    },
    "spectral_energyband_high": {
        "dmean": 0.00143133231904,
        "dmean2": 0.00229256390594,
        "dvar": 9.33303363126e-06,
        "dvar2": 2.34999024542e-05,
        "max": 0.0185666009784,
        "mean": 0.00126886426006,
        "median": 0.000131393506308,
        "min": 7.36373629636e-21,
        "var": 8.07729611552e-06
    },
    "spectral_energyband_low": {
        "dmean": 0.030385017395,
        "dmean2": 0.0450827814639,
        "dvar": 0.00213297922164,
        "dvar2": 0.00524436030537,
        "max": 0.534169316292,
        "mean": 0.0549993552268,
        "median": 0.0278712660074,
        "min": 3.91317197271e-23,
        "var": 0.00446803029627
    },
    "spectral_energyband_middle_high": {
        "dmean": 0.00135325221345,
        "dmean2": 0.0022682370618,
        "dvar": 8.37621792016e-06,
        "dvar2": 2.26698975894e-05,
        "max": 0.0266330912709,
        "mean": 0.00159659364726,
        "median": 0.000559733016416,
        "min": 1.76266675344e-21,
        "var": 7.73005649535e-06
    },
    "spectral_energyband_middle_low": {
        "dmean": 0.0078409621492,
        "dmean2": 0.01220541168,
        "dvar": 0.000163868171512,
        "dvar2": 0.000386072031688,
        "max": 0.124653346837,
        "mean": 0.011250000447,
        "median": 0.00537025090307,
        "min": 4.77943180787e-22,
        "var": 0.000221213602345
    },
    "spectral_entropy": {
        "dmean": 0.505183577538,
        "dmean2": 0.703740954399,
        "dvar": 0.361665844917,
        "dvar2": 0.676619470119,
        "max": 9.80212020874,
        "mean": 7.04105997086,
        "median": 7.27533626556,
        "min": 3.33448290825,
        "var": 1.20824980736
    },
    "spectral_flux": {
        "dmean": 0.0493039861321,
        "dmean2": 0.0751589685678,
        "dvar": 0.00283942883834,
        "dvar2": 0.00630468036979,
        "max": 0.569268584251,
        "mean": 0.12809112668,
        "median": 0.111125320196,
        "min": 1.0279285062e-10,
        "var": 0.00962176173925
    },
    "spectral_kurtosis": {
        "dmean": 6.05561161041,
        "dmean2": 9.0448102951,
        "dvar": 209.446594238,
        "dvar2": 428.449157715,
        "max": 344.784912109,
        "mean": 10.9001579285,
        "median": 4.95712566376,
        "min": -1.20062816143,
        "var": 412.806121826
    },
    "spectral_rms": {
        "dmean": 0.00174721435178,
        "dmean2": 0.00243578781374,
        "dvar": 3.70114094039e-06,
        "dvar2": 8.25591359899e-06,
        "max": 0.0230395812541,
        "mean": 0.00674983067438,
        "median": 0.00658391462639,
        "min": 3.21070925922e-12,
        "var": 1.86875895452e-05
    },
    "spectral_rolloff": {
        "dmean": 994.259216309,
        "dmean2": 1793.71337891,
        "dvar": 6769241,
        "dvar2": 16493217,
        "max": 18540.0878906,
        "mean": 1105.05615234,
        "median": 172.265625,
        "min": 21.533203125,
        "var": 7787517
    },
    "spectral_skewness": {
        "dmean": 0.632346689701,
        "dmean2": 0.89632165432,
        "dvar": 0.842048108578,
        "dvar2": 1.66464686394,
        "max": 15.5604791641,
        "mean": 2.34897255898,
        "median": 2.01220321655,
        "min": 0.0261701382697,
        "var": 2.30152821541
    },
    "spectral_spread": {
        "dmean": 1590286,
        "dmean2": 2173836,
        "dvar": 3.39083290214e+12,
        "dvar2": 6.48308536115e+12,
        "max": 41278960,
        "mean": 6563215,
        "median": 6248342,
        "min": 404146.6875,
        "var": 9.93943198106e+12
    },
    "spectral_strongpeak": {
        "dmean": 0.27489823103,
        "dmean2": 0.430491507053,
        "dvar": 0.132136613131,
        "dvar2": 0.349331140518,
        "max": 8.17136478424,
        "mean": 0.570630908012,
        "median": 0.470160335302,
        "min": 0,
        "var": 0.219163641334
    },
    "zerocrossingrate": {
        "dmean": 0.0198423843831,
        "dmean2": 0.0233122576028,
        "dvar": 0.00084971007891,
        "dvar2": 0.00109900301322,
        "max": 0.51904296875,
        "mean": 0.0458748005331,
        "median": 0.0244140625,
        "min": 0,
        "var": 0.0032923638355
    },
    "barkbands": {
        "dmean": [0.000429429404903, 0.0212837159634, 0.0159696545452, 0.00524531444535, 0.00229598255828, 0.000644908577669, 0.000807907548733, 0.000595725316089, 0.000409385684179, 0.000330490380293, 0.000276001635939, 0.000208888712223, 0.000160428957315, 0.000125947684865, 8.68143542903e-05, 0.000130830361741, 7.80600457801e-05, 0.000109970569611, 9.24569831113e-05, 9.89428444882e-05, 0.000148898325278, 0.000126802697196, 0.000144108387758, 0.000211478487472, 0.000352505798219, 0.000371271366021, 6.83408579789e-05],
        "dmean2": [0.000613179174252, 0.0319540351629, 0.0255610477179, 0.00879488885403, 0.0039496938698, 0.00104133761488, 0.00136406917591, 0.000981497112662, 0.0006721203099, 0.000549871532712, 0.000481421331642, 0.000334383570589, 0.000270810589427, 0.000223650669795, 0.000146311009303, 0.00023435386538, 0.000134792353492, 0.0001995961793, 0.000163486110978, 0.00017143972218, 0.000249402160989, 0.000203932359, 0.000218890985707, 0.000342997635016, 0.000577482394874, 0.000624181702733, 0.000111676083179],
        "dvar": [5.64706851947e-07, 0.00129949604161, 0.000756814028136, 0.000111233021016, 2.17685264943e-05, 1.1364608099e-06, 3.90518789573e-06, 1.30705859647e-06, 6.99087308931e-07, 6.52637595522e-07, 4.12363192481e-07, 2.44392026616e-07, 9.97873641495e-08, 9.56486445602e-08, 2.80520193741e-08, 1.37565947966e-07, 3.33782814721e-08, 1.01985420997e-07, 5.80275418827e-08, 4.79457433755e-08, 8.16874603515e-08, 5.89195749967e-08, 9.06658073063e-08, 2.24232039159e-07, 6.65979882797e-07, 9.16291185149e-07, 2.27420642318e-08],
        "dvar2": [1.30309922497e-06, 0.00321740400977, 0.00182809017133, 0.000293374323519, 6.06941248407e-05, 2.82773839899e-06, 9.09005757421e-06, 3.28338546751e-06, 1.75229115484e-06, 1.6025333025e-06, 1.12665270535e-06, 5.24138044966e-07, 2.57783142388e-07, 2.71363603588e-07, 7.36377074873e-08, 3.89703956216e-07, 8.99948986444e-08, 2.89457858571e-07, 1.64043001405e-07, 1.31886281451e-07, 2.07817663522e-07, 1.40621565947e-07, 2.18123290097e-07, 5.70315592086e-07, 1.74069600689e-06, 2.38129950958e-06, 5.76019942855e-08],
        "max": [0.011176854372, 0.466670095921, 0.261524856091, 0.105075255036, 0.0498801991343, 0.016833378002, 0.0263307522982, 0.0184093397111, 0.0172833744437, 0.0191789828241, 0.0119918165728, 0.0102731790394, 0.00481416005641, 0.00309941545129, 0.00456999056041, 0.00342821166851, 0.00203598570079, 0.00283058802597, 0.00217873440124, 0.00209732167423, 0.00221361219883, 0.00233894446865, 0.00265172822401, 0.00293075968511, 0.00594759080559, 0.00600524898618, 0.00118660693988],
        "mean": [0.000644196290523, 0.0344103164971, 0.0167611055076, 0.00507691735402, 0.00256546400487, 0.00106876739301, 0.00106760743074, 0.000725263962522, 0.000548277574126, 0.000398912699893, 0.000255675200606, 0.000259352411376, 0.000165743942489, 0.000121418910567, 9.48271044763e-05, 0.000118053125334, 7.74347718107e-05, 9.22659310163e-05, 8.04661467555e-05, 9.01631938177e-05, 0.000131992943352, 0.000139180672704, 0.000142830409459, 0.000181057737791, 0.000287587230559, 0.000287751696305, 6.16089382675e-05],
        "median": [9.81292541837e-05, 0.0094730835408, 0.00446456158534, 0.00107464042958, 0.000795180385467, 0.00049126642989, 0.000119449017802, 0.000164080876857, 0.000152197506395, 9.0436078608e-05, 3.85194798582e-05, 4.96336069773e-05, 3.42679813912e-05, 3.1222407415e-05, 2.53252510447e-05, 2.25219300773e-05, 1.95556058316e-05, 1.28497986225e-05, 1.09979309855e-05, 1.08240064947e-05, 1.30195312522e-05, 1.43222687257e-05, 1.29644022309e-05, 1.21522461995e-05, 2.16586195165e-05, 2.03956569749e-05, 6.54478981232e-06],
        "min": [1.98570221128e-23, 1.78446679203e-23, 5.74284230898e-24, 2.46631918877e-23, 3.44926149147e-23, 1.41229528048e-22, 1.54514526294e-22, 3.35223254676e-23, 6.4560729893e-23, 8.90459942035e-23, 7.09956954888e-23, 5.241011994e-23, 4.28413980873e-23, 1.55446909396e-22, 1.88245070019e-22, 1.85545487027e-22, 1.4685487623e-22, 3.19225351155e-22, 3.8132160385e-22, 3.3494950732e-22, 4.08844064687e-22, 4.39966230363e-22, 6.7085705781e-22, 9.22887691442e-22, 1.00836224727e-21, 1.61930621547e-21, 2.29337824119e-21],
        "var": [1.13336682261e-06, 0.00248131738044, 0.000833753903862, 9.63031197898e-05, 1.88479007193e-05, 2.37594986174e-06, 7.57411635277e-06, 1.72282261701e-06, 1.0080609627e-06, 7.60431987601e-07, 3.34808191838e-07, 4.88636658247e-07, 1.03219051084e-07, 6.74788083188e-08, 2.96306748027e-08, 9.37913569032e-08, 2.73873990153e-08, 6.74860203276e-08, 4.10061815614e-08, 3.89508585386e-08, 7.25771940324e-08, 7.35637541993e-08, 9.62195869647e-08, 1.86714927963e-07, 5.18353715506e-07, 6.84254814587e-07, 1.93596569886e-08]
    },
    "erbbands": {
        "dmean": [0.571271300316, 5.27773952484, 16.7995166779, 18.086271286, 11.3469829559, 6.10557413101, 5.78967094421, 5.23924398422, 11.6872930527, 9.21871185303, 13.6752891541, 10.0745811462, 10.7502698898, 10.1544332504, 11.0902175903, 9.19745540619, 7.29086589813, 5.71629810333, 6.57845401764, 4.66315364838, 6.80349683762, 4.40238285065, 5.59891080856, 6.30816268921, 3.68575644493, 4.52329444885, 6.25648117065, 4.95988178253, 5.13408327103, 4.2881398201, 3.79935503006, 3.38460183144, 3.89011502266, 2.8497171402, 3.14938211441, 1.95068395138, 0.652087986469, 0.0967710986733, 0.0115090142936, 0.000817759544589],
        "dmean2": [0.76738524437, 8.03691768646, 26.1977558136, 28.6530723572, 18.9743881226, 10.3722305298, 9.07743835449, 8.6579914093, 19.4590702057, 15.9166231155, 22.1892242432, 16.3160839081, 17.695898056, 17.400686264, 18.7152080536, 14.591750145, 12.2388439178, 9.83135890961, 11.4437789917, 8.09877586365, 12.0596599579, 7.59576749802, 10.0256137848, 11.5348215103, 6.29919099808, 7.78662061691, 10.7855043411, 8.18364334106, 8.24091911316, 6.33113479614, 5.91577672958, 5.47822618484, 6.27154541016, 4.44184970856, 5.29035139084, 3.32841062546, 1.09035110474, 0.160022184253, 0.0188109837472, 0.00134668080136],
        "dvar": [0.85109180212, 83.527633667, 798.165527344, 1095.30505371, 477.052185059, 158.632888794, 119.956764221, 82.5168838501, 791.212646484, 372.50680542, 788.087768555, 445.334136963, 562.962402344, 738.76171875, 578.966491699, 553.050415039, 209.409820557, 134.004074097, 217.874725342, 137.729827881, 341.31149292, 112.642791748, 253.517044067, 344.192321777, 69.6840438843, 111.577781677, 156.071670532, 82.768913269, 95.1677322388, 79.8622894287, 60.2057876587, 52.0254135132, 76.8073043823, 36.0512161255, 61.4720458984, 26.9510784149, 2.82622337341, 0.0493241660297, 0.000630435941275, 3.52854135599e-06],
        "dvar2": [2.03449440002, 206.734802246, 1922.98388672, 2684.85791016, 1283.68725586, 431.381896973, 280.063812256, 208.890411377, 1776.88952637, 989.843566895, 1967.33776855, 1098.76550293, 1362.27075195, 1944.65844727, 1511.45849609, 1150.78625488, 538.069519043, 365.536468506, 591.991821289, 381.424987793, 959.487304688, 306.416229248, 715.053588867, 992.422973633, 189.32144165, 307.400146484, 415.270904541, 197.825469971, 222.127502441, 191.17930603, 147.491867065, 133.184310913, 192.42199707, 87.1996307373, 163.931549072, 71.8851928711, 7.22203779221, 0.125614747405, 0.00159213435836, 8.95436369319e-06],
        "max": [9.80564308167, 118.457168579, 323.139648438, 341.178253174, 239.581085205, 143.822341919, 165.83694458, 176.387191772, 367.838348389, 267.834381104, 502.330718994, 440.484161377, 783.676513672, 702.751220703, 608.899169922, 519.256408691, 218.850830078, 167.254730225, 271.344146729, 124.73109436, 157.411514282, 111.924331665, 142.052154541, 155.86100769, 75.7855148315, 105.629875183, 87.0279006958, 77.4184570312, 95.87159729, 87.1605834961, 66.4686813354, 46.4825630188, 56.2084655762, 54.4343223572, 50.6282081604, 33.7074317932, 10.9220695496, 1.58248889446, 0.197613909841, 0.015552924946],
        "mean": [0.943462431431, 7.93004226685, 19.1996650696, 19.1908187866, 12.7048501968, 6.43276023865, 8.51378440857, 8.25888156891, 16.9962215424, 10.2563028336, 17.6817970276, 14.2409543991, 14.1845798492, 10.239897728, 11.5534515381, 11.8388051987, 7.98379564285, 6.50767803192, 6.56081914902, 4.67391300201, 6.39199733734, 4.22654819489, 4.81487846375, 5.0478682518, 3.4979622364, 4.3632235527, 5.27059268951, 4.82521390915, 5.53007698059, 4.55117845535, 3.75118398666, 3.11316132545, 3.2954647541, 2.56801342964, 2.41805458069, 1.45369231701, 0.512827813625, 0.0822670087218, 0.0103922579437, 0.000768685131334],
        "median": [0.193519443274, 2.07858681679, 5.77976226807, 5.1235871315, 4.25747966766, 1.53483438492, 1.94129049778, 3.66407465935, 2.33961892128, 1.73856115341, 4.44095039368, 4.53788042068, 3.72051858902, 2.56642198563, 2.13528013229, 2.27218270302, 1.81081235409, 2.17104172707, 1.60517287254, 1.27179300785, 1.35064089298, 0.997759580612, 0.742464542389, 0.619129657745, 0.587293148041, 0.517428159714, 0.540596485138, 0.464397847652, 0.526446700096, 0.451040267944, 0.35105779767, 0.269947379827, 0.20132124424, 0.210101753473, 0.158841237426, 0.0894192531705, 0.0362814180553, 0.00868021789938, 0.000998840201646, 0.000154929846758],
        "min": [6.98214854977e-22, 3.23602728959e-21, 5.94080025414e-21, 5.25514563997e-20, 1.19783236097e-19, 8.15889338698e-20, 5.59767285983e-19, 1.38106385265e-18, 1.72473123757e-18, 2.08840336523e-18, 4.5401384733e-19, 1.38672941946e-18, 2.95838850653e-18, 2.46429264035e-18, 2.7614744394e-18, 1.6956918214e-18, 2.41070870744e-18, 7.30644581883e-18, 8.99883419106e-18, 1.02133495701e-17, 8.63161811146e-18, 9.01480953023e-18, 1.28778372894e-17, 1.78573471174e-17, 2.36174705981e-17, 1.75368080126e-17, 1.88248307967e-17, 1.29760236281e-17, 1.57379118647e-17, 1.97102366526e-17, 1.76911152471e-17, 1.55164292926e-17, 1.79319720435e-17, 1.02074071045e-17, 8.42675277069e-18, 6.74528483691e-18, 2.61950170856e-18, 1.12917649938e-18, 3.34151499162e-19, 3.50575848771e-20],
        "var": [1.95678412914, 140.452697754, 966.462097168, 1132.40246582, 460.247558594, 137.546295166, 266.011169434, 154.561187744, 1682.7668457, 425.475158691, 1083.4251709, 706.487304688, 786.323120117, 622.882629395, 575.00604248, 1158.48327637, 226.256210327, 124.872695923, 182.273757935, 105.148704529, 242.458465576, 88.8285293579, 172.047363281, 216.765090942, 57.8791122437, 94.2510147095, 123.282485962, 88.2069168091, 116.031944275, 92.8419647217, 61.682258606, 46.7014312744, 64.482421875, 34.7814903259, 44.2144470215, 19.0060558319, 2.17391991615, 0.0395846031606, 0.000540493696462, 2.94643041343e-06]
    },
    "gfcc": {
        "mean": [-69.0995864868, 84.434425354, -43.05884552, 25.5818786621, -34.401260376, 22.6563949585, -25.7735824585, 6.39341831207, -16.5554714203, 3.96234297752, -17.6805057526, -1.27486944199, -16.986448288],
        "cov": [[22521.7597656, -2283.57495117, -1909.16235352, 580.773986816, -1077.33679199, 326.400421143, 648.852111816, 1081.52685547, -324.563018799, 640.408569336, -271.511322021, 198.175811768, 548.618591309], [-2283.57495117, 3516.06762695, -188.641326904, -348.982666016, 542.727783203, -161.908432007, 292.759460449, -192.56362915, 304.283447266, -266.962463379, 164.985809326, -193.038238525, 195.501968384], [-1909.16235352, -188.641326904, 1231.00073242, 395.988128662, 318.421356201, 277.547851562, -10.2009325027, -52.2790336609, -0.400876313448, -9.99601459503, -49.8071212769, -36.1289978027, -145.580703735], [580.773986816, -348.982666016, 395.988128662, 1003.88183594, 186.10798645, 300.583740234, 109.133094788, 82.5863494873, 34.7633590698, 29.2544059753, -1.52137196064, -18.9849472046, 37.3951416016], [-1077.33679199, 542.727783203, 318.421356201, 186.10798645, 445.373718262, 88.1541519165, 73.8920440674, -40.9744262695, 90.5187988281, -39.6479530334, 32.6168785095, -41.6053733826, -19.1216869354], [326.400421143, -161.908432007, 277.547851562, 300.583740234, 88.1541519165, 266.939300537, 97.563659668, 80.8961334229, 30.0422992706, 34.3395195007, -0.178937792778, 10.1217012405, 28.344171524], [648.852111816, 292.759460449, -10.2009325027, 109.133094788, 73.8920440674, 97.563659668, 274.584320068, 143.144699097, 91.7538299561, 48.3581199646, 81.9922943115, 19.0032634735, 119.177711487], [1081.52685547, -192.56362915, -52.2790336609, 82.5863494873, -40.9744262695, 80.8961334229, 143.144699097, 217.918395996, 60.0205421448, 100.947784424, 35.693145752, 58.5076293945, 86.731010437], [-324.563018799, 304.283447266, -0.400876313448, 34.7633590698, 90.5187988281, 30.0422992706, 91.7538299561, 60.0205421448, 171.106323242, 36.9727745056, 75.9298934937, 11.0434617996, 77.7913818359], [640.408569336, -266.962463379, -9.99601459503, 29.2544059753, -39.6479530334, 34.3395195007, 48.3581199646, 100.947784424, 36.9727745056, 140.341567993, 41.5128517151, 50.8942375183, 38.5166740417], [-271.511322021, 164.985809326, -49.8071212769, -1.52137196064, 32.6168785095, -0.178937792778, 81.9922943115, 35.693145752, 75.9298934937, 41.5128517151, 132.719451904, 45.3265190125, 59.2044448853], [198.175811768, -193.038238525, -36.1289978027, -18.9849472046, -41.6053733826, 10.1217012405, 19.0032634735, 58.5076293945, 11.0434617996, 50.8942375183, 45.3265190125, 88.5948028564, 29.4367351532], [548.618591309, 195.501968384, -145.580703735, 37.3951416016, -19.1216869354, 28.344171524, 119.177711487, 86.731010437, 77.7913818359, 38.5166740417, 59.2044448853, 29.4367351532, 169.247650146]],
        "icov": [[0.0001057233967, -1.58704842761e-05, 0.000184998498298, -7.55829751142e-05, 6.28015186521e-05, -0.000104549049865, -0.000181613533641, -0.000247002986725, 0.00035488299909, -0.000405506318202, 0.000420922471676, 3.62311075151e-05, -9.3851951533e-05], [-1.58704842761e-05, 0.000879843195435, 3.74077935703e-05, 0.000414055190049, -0.000763432821259, 0.000366114574717, -0.000841672823299, 0.000703492783941, -0.000851118587889, 0.00129630183801, -0.000565790920518, 0.00131342571694, -0.000873917830177], [0.000184998498298, 3.74077935703e-05, 0.00188109639566, -0.000227290714975, -0.000651548907626, -0.00162202457432, -0.000396355753765, 0.000189649319509, 0.000367382221157, -0.00104833277874, 0.00104357860982, -0.00012851235806, 0.00113234145101], [-7.55829751142e-05, 0.000414055190049, -0.000227290714975, 0.00184137269389, -0.000775385415182, -0.00133666663896, 9.36053329497e-05, 5.92934629822e-05, -0.000177878246177, 0.000793921644799, -0.000868243747391, 0.00138941744808, -0.000832543242723], [6.28015186521e-05, -0.000763432821259, -0.000651548907626, -0.000775385415182, 0.00463252048939, -0.00037733008503, -0.000836588151287, 0.000680058961734, -0.00140728335828, -0.000425311998697, 0.00035923361429, -0.000665582192596, 0.00185006344691], [-0.000104549049865, 0.000366114574717, -0.00162202457432, -0.00133666663896, -0.00037733008503, 0.00845077820122, -0.00192480499391, -0.000713387911674, -0.00071109784767, 0.000752460153308, 0.00106238375884, -0.000726398546249, -0.00101051933598], [-0.000181613533641, -0.000841672823299, -0.000396355753765, 9.36053329497e-05, -0.000836588151287, -0.00192480499391, 0.0110401082784, -0.00644789449871, 0.00135795283131, 0.00111297995318, -0.00533601734787, 0.00292030861601, -0.00256141251884], [-0.000247002986725, 0.000703492783941, 0.000189649319509, 5.92934629822e-05, 0.000680058961734, -0.000713387911674, -0.00644789449871, 0.0148785663769, -0.00413074111566, -0.00376530131325, 0.00400721514598, -0.00506766978651, -0.000514640065376], [0.00035488299909, -0.000851118587889, 0.000367382221157, -0.000177878246177, -0.00140728335828, -0.00071109784767, 0.00135795283131, -0.00413074111566, 0.0131743876263, -0.00336013711058, -0.00331981224008, 0.00238173198886, -0.0032348355744], [-0.000405506318202, 0.00129630183801, -0.00104833277874, 0.000793921644799, -0.000425311998697, 0.000752460153308, 0.00111297995318, -0.00376530131325, -0.00336013711058, 0.0159392748028, -0.00504108564928, -0.00055212341249, -0.000511867983732], [0.000420922471676, -0.000565790920518, 0.00104357860982, -0.000868243747391, 0.00035923361429, 0.00106238375884, -0.00533601734787, 0.00400721514598, -0.00331981224008, -0.00504108564928, 0.0183863714337, -0.0094286845997, -0.000173502514372], [3.62311075151e-05, 0.00131342571694, -0.00012851235806, 0.00138941744808, -0.000665582192596, -0.000726398546249, 0.00292030861601, -0.00506766978651, 0.00238173198886, -0.00055212341249, -0.0094286845997, 0.0226713605225, -0.00307911681011], [-9.3851951533e-05, -0.000873917830177, 0.00113234145101, -0.000832543242723, 0.00185006344691, -0.00101051933598, -0.00256141251884, -0.000514640065376, -0.0032348355744, -0.000511867983732, -0.000173502514372, -0.00307911681011, 0.0130253387615]]
    },
    "melbands": {
        "dmean": [0.00550339091569, 0.00751427887008, 0.00280689448118, 0.000612693489529, 0.000197394634597, 0.000118362833746, 0.000177204681677, 0.000101800993434, 0.000104005375761, 6.58135395497e-05, 5.27079646417e-05, 4.09928798035e-05, 3.76939278794e-05, 2.64707759925e-05, 1.89902057173e-05, 1.42609005707e-05, 1.06823472379e-05, 1.16760174933e-05, 5.49551577933e-06, 8.44605801831e-06, 7.95627511252e-06, 5.02745342601e-06, 3.21538982462e-06, 6.36879804006e-06, 5.14736848345e-06, 2.97713540931e-06, 3.31694377564e-06, 2.60228011939e-06, 3.83574388252e-06, 3.93228492612e-06, 2.46486115429e-06, 3.20614321936e-06, 2.21460231842e-06, 2.58040881818e-06, 2.20587730837e-06, 2.1110220132e-06, 2.01321313398e-06, 2.38332540903e-06, 3.09558117806e-06, 2.20605784307e-06],
        "dmean2": [0.00785328354686, 0.0113399541005, 0.00431963987648, 0.00104910170194, 0.000314003060339, 0.000195136162802, 0.000295629608445, 0.0001754546538, 0.000169212871697, 0.000107025596662, 8.68406714289e-05, 7.02245451976e-05, 6.5019383328e-05, 4.22142875323e-05, 3.11137628159e-05, 2.3984193831e-05, 1.84760174307e-05, 2.0484554625e-05, 9.37604818319e-06, 1.49806373884e-05, 1.41160171552e-05, 8.78291757545e-06, 5.33451748197e-06, 1.18439675134e-05, 9.40914469538e-06, 5.16461795996e-06, 5.83288192502e-06, 4.44921897724e-06, 6.73069916957e-06, 6.57211694488e-06, 4.0825952965e-06, 5.29828548679e-06, 3.3582348351e-06, 3.86736746805e-06, 3.41636564372e-06, 3.42346629623e-06, 3.28651208292e-06, 3.83001633963e-06, 5.01451904711e-06, 3.418334245e-06],
        "dvar": [8.38968044263e-05, 0.000146335209138, 2.36748383031e-05, 1.52371978857e-06, 1.3616107708e-07, 4.09040730176e-08, 1.86323106277e-07, 4.07336600006e-08, 4.79448232227e-08, 1.94241618345e-08, 1.37208902018e-08, 1.29670425508e-08, 7.05216240959e-09, 3.68247277116e-09, 1.54428247967e-09, 7.10108194468e-10, 4.82184014938e-10, 7.63964058681e-10, 1.19132176346e-10, 5.15193387951e-10, 4.8979931222e-10, 1.54458668078e-10, 4.75332620486e-11, 3.91513377274e-10, 2.26944671389e-10, 4.511231666e-11, 7.10740771792e-11, 3.63306190687e-11, 6.29751459313e-11, 6.16393810993e-11, 1.98958228365e-11, 3.51337396676e-11, 2.10182583144e-11, 3.19291988682e-11, 1.94935075026e-11, 2.06423229204e-11, 1.82477036953e-11, 2.79841080864e-11, 4.98215323164e-11, 2.1626063787e-11],
        "dvar2": [0.000207363525988, 0.000351385649992, 5.59673280804e-05, 4.19382195105e-06, 3.3110470099e-07, 1.03569675503e-07, 4.19496586801e-07, 1.08673383181e-07, 1.21733989999e-07, 4.76054538012e-08, 3.33165246502e-08, 3.38912542475e-08, 1.9042817101e-08, 8.05731126263e-09, 3.7429903621e-09, 1.81701198532e-09, 1.33172750605e-09, 2.09948591845e-09, 3.19048981678e-10, 1.43336742475e-09, 1.37945999068e-09, 4.2211778517e-10, 1.21090623639e-10, 1.12786002759e-09, 6.55346776846e-10, 1.23915447348e-10, 1.96472102476e-10, 9.97376903289e-11, 1.71847661101e-10, 1.54752891057e-10, 4.83972445453e-11, 8.59231921724e-11, 4.79277485754e-11, 7.52383433333e-11, 4.64975905001e-11, 5.22833235039e-11, 4.71174869954e-11, 7.00897048733e-11, 1.25461099842e-10, 5.07366475222e-11],
        "max": [0.109460666776, 0.145587861538, 0.0509942770004, 0.011906798929, 0.00573005992919, 0.00345144141465, 0.0056561883539, 0.00265998695977, 0.00406090728939, 0.00318587291986, 0.00383024499752, 0.00307744857855, 0.0016794227995, 0.0011852014577, 0.000580089690629, 0.000416200928157, 0.000325689412421, 0.000407220824854, 0.000190894497791, 0.000256799830822, 0.00019673674251, 0.00013843261695, 8.36153849377e-05, 0.000162932279636, 0.000128362211399, 6.99569354765e-05, 8.02606664365e-05, 6.25613756711e-05, 5.47595009266e-05, 4.86892931804e-05, 4.49932012998e-05, 5.30357283424e-05, 4.94432388223e-05, 5.30632896698e-05, 4.05284990848e-05, 3.52790484612e-05, 2.7883454095e-05, 3.34844698955e-05, 4.57378591818e-05, 4.68437683594e-05],
        "mean": [0.00913030095398, 0.0104215275496, 0.003253236413, 0.000651571783237, 0.000276193983154, 0.000188316626009, 0.000255646125879, 0.000111376684799, 0.000133351248223, 9.01610183064e-05, 6.82713580318e-05, 3.97717194573e-05, 3.59635159839e-05, 3.37285055139e-05, 2.17239521589e-05, 1.5436537069e-05, 1.17016643344e-05, 1.10824566946e-05, 5.73147872274e-06, 7.82530878496e-06, 7.38476501283e-06, 4.69540782433e-06, 3.45379407918e-06, 4.78845140606e-06, 4.06300205213e-06, 2.73924842986e-06, 2.92147251457e-06, 2.61675654656e-06, 3.10571181217e-06, 3.41526447301e-06, 2.46107197199e-06, 3.28138048644e-06, 2.48328774433e-06, 2.66199049292e-06, 2.21007940127e-06, 1.98366478799e-06, 1.82514827429e-06, 2.04245520763e-06, 2.57906390289e-06, 2.05227365768e-06],
        "median": [0.00232145073824, 0.00377656309865, 0.00104597327299, 0.000193591738935, 6.30225913483e-05, 8.55173639138e-05, 3.24605425703e-05, 2.11668811971e-05, 3.26485969708e-05, 2.46007239184e-05, 1.65808432939e-05, 8.51399727253e-06, 5.70634574615e-06, 6.98556095813e-06, 3.8790230974e-06, 3.7484242057e-06, 3.42271096088e-06, 2.40214080804e-06, 1.59469516348e-06, 1.7261118046e-06, 1.44087823628e-06, 1.08876861304e-06, 7.02297484168e-07, 5.42276438864e-07, 4.69368075073e-07, 4.12552083162e-07, 3.98998366791e-07, 3.00446885149e-07, 3.05079055352e-07, 3.22648105566e-07, 2.33605476296e-07, 2.83753877284e-07, 2.97390926107e-07, 2.2964762536e-07, 2.01353742568e-07, 1.86504465205e-07, 1.51749546262e-07, 1.39375543995e-07, 1.47055104094e-07, 1.8231769161e-07],
        "min": [5.63746626926e-24, 3.45986267763e-24, 1.09918711019e-23, 7.23067144712e-24, 1.71520638227e-23, 3.01102433061e-23, 2.74423977662e-23, 1.95209515899e-23, 2.94848832898e-24, 9.64981833148e-24, 1.51290915624e-23, 1.04561485615e-23, 9.55681557506e-24, 6.1368570319e-24, 4.61021909266e-24, 6.4501491961e-24, 1.4268363851e-23, 1.43740680569e-23, 1.1708541768e-23, 1.56643321089e-23, 8.66758158598e-24, 8.30840848267e-24, 1.20759781893e-23, 1.27952205419e-23, 1.4169607932e-23, 1.63272955468e-23, 1.31142090707e-23, 1.14188199788e-23, 1.27440408241e-23, 9.62474596533e-24, 6.46982772581e-24, 8.72615371934e-24, 8.79613199252e-24, 1.21915471008e-23, 9.57322940392e-24, 1.07280278947e-23, 8.81177668199e-24, 1.30881750831e-23, 9.93902578339e-24, 8.51046652607e-24],
        "var": [0.00017685056082, 0.000220234214794, 2.7462543585e-05, 1.29512602598e-06, 2.5672656534e-07, 7.66843868405e-08, 3.95353396243e-07, 4.31543725199e-08, 6.35771542079e-08, 3.04999083767e-08, 1.8914001032e-08, 1.09434861173e-08, 6.05459105074e-09, 7.06070268919e-09, 2.24111262881e-09, 7.99563137921e-10, 4.35000202526e-10, 5.93579629893e-10, 1.10653056162e-10, 3.73807040877e-10, 3.45013240199e-10, 1.18113949177e-10, 4.91617753451e-11, 2.35150870997e-10, 1.42869091557e-10, 3.65496521937e-11, 5.19213699812e-11, 3.27194209226e-11, 4.65842503461e-11, 5.34769624416e-11, 2.26079328869e-11, 4.02189566373e-11, 2.68595874708e-11, 3.55995719015e-11, 2.09703157616e-11, 1.91443302183e-11, 1.60678553796e-11, 2.37179286627e-11, 4.13886112882e-11, 2.25032232432e-11]
    },
    "mfcc": {
        "mean": [-738.2578125, 129.919433594, 48.0494766235, 24.8361358643, 19.2232952118, 20.1661872864, 8.42690658569, 8.31558513641, 6.32744789124, 4.25374269485, 8.22761917114, 2.52589678764, 0.014243369922],
        "cov": [[21311.9199219, -1510.31103516, -1558.23901367, -318.509246826, -1074.62512207, -537.111572266, 185.179443359, 181.763595581, 660.125976562, 307.918182373, -534.182922363, 141.73387146, 515.624389648], [-1510.31103516, 2852.19946289, -263.261657715, -146.973999023, 69.0633926392, 34.4325065613, 8.81156349182, 86.0793075562, 75.516708374, 56.1622047424, -23.8325786591, 21.3347530365, 0.888278126717], [-1558.23901367, -263.261657715, 834.868286133, 261.031280518, 285.731414795, 273.401367188, 131.553115845, 75.8092727661, 39.9549942017, 27.8311405182, 79.3666610718, -0.295839339495, -22.3615341187], [-318.509246826, -146.973999023, 261.031280518, 493.628814697, 256.806243896, 213.774749756, 114.619216919, 98.021194458, 68.4423370361, 57.1504325867, 39.3872413635, 29.1271915436, 26.6216945648], [-1074.62512207, 69.0633926392, 285.731414795, 256.806243896, 371.538879395, 231.191223145, 65.149772644, 57.5490493774, 27.5643100739, 21.4072799683, 56.9274253845, -8.59984874725, -4.21419334412], [-537.111572266, 34.4325065613, 273.401367188, 213.774749756, 231.191223145, 260.455200195, 98.9664230347, 75.0258865356, 48.5825500488, 32.9867553711, 31.0402297974, -0.259071558714, 4.07870197296], [185.179443359, 8.81156349182, 131.553115845, 114.619216919, 65.149772644, 98.9664230347, 163.167892456, 85.9465255737, 67.0365829468, 44.9544410706, 11.2926464081, 37.3805389404, 31.6627559662], [181.763595581, 86.0793075562, 75.8092727661, 98.021194458, 57.5490493774, 75.0258865356, 85.9465255737, 134.718597412, 86.7276153564, 41.9314041138, 17.6215400696, 24.1793193817, 25.2230377197], [660.125976562, 75.516708374, 39.9549942017, 68.4423370361, 27.5643100739, 48.5825500488, 67.0365829468, 86.7276153564, 162.417251587, 95.8126678467, -11.0569534302, 32.9012184143, 46.0745887756], [307.918182373, 56.1622047424, 27.8311405182, 57.1504325867, 21.4072799683, 32.9867553711, 44.9544410706, 41.9314041138, 95.8126678467, 105.800674438, 14.8919181824, 38.188911438, 37.0874328613], [-534.182922363, -23.8325786591, 79.3666610718, 39.3872413635, 56.9274253845, 31.0402297974, 11.2926464081, 17.6215400696, -11.0569534302, 14.8919181824, 99.1248321533, 29.9407691956, -0.487396776676], [141.73387146, 21.3347530365, -0.295839339495, 29.1271915436, -8.59984874725, -0.259071558714, 37.3805389404, 24.1793193817, 32.9012184143, 38.188911438, 29.9407691956, 85.9180374146, 53.9456977844], [515.624389648, 0.888278126717, -22.3615341187, 26.6216945648, -4.21419334412, 4.07870197296, 31.6627559662, 25.2230377197, 46.0745887756, 37.0874328613, -0.487396776676, 53.9456977844, 91.2110824585]],
