{
"lowlevel": {
    "average_loudness": 0.921461999416,
    "barkbands_crest": {
        "dmean": 3.73155140877,
        "dmean2": 5.77556657791,
        "dvar": 10.8700971603,
        "dvar2": 23.5348510742,
        "max": 26.8804187775,
        "mean": 14.3774709702,
        "median": 13.4852409363,
        "min": 2.23848032951,
        "var": 30.99568367
    },
    "barkbands_flatness_db": {
        "dmean": 0.067778788507,
        "dmean2": 0.104689992964,
        "dvar": 0.00456405896693,
        "dvar2": 0.0113599216565,
        "max": 0.640283644199,
        "mean": 0.207325264812,
        "median": 0.191234916449,
        "min": 0.0229896865785,
        "var": 0.00940560363233
    },
    "barkbands_kurtosis": {
        "dmean": 34.2997169495,
        "dmean2": 57.522819519,
        "dvar": 8951.85546875,
        "dvar2": 24439.8847656,
        "max": 3336.74829102,
        "mean": 34.104019165,
        "median": 10.5004262924,
        "min": -1.91863119602,
        "var": 7441.06835938
    },
    "barkbands_skewness": {
        "dmean": 1.97486746311,
        "dmean2": 3.09903931618,
        "dvar": 6.4760427475,
        "dvar2": 16.0275859833,
        "max": 37.5971412659,
        "mean": 3.80561852455,
        "median": 2.94599151611,
        "min": -4.54608106613,
        "var": 10.3088550568
    },
    "barkbands_spread": {
        "dmean": 13.2123699188,
        "dmean2": 20.9520797729,
        "dvar": 239.705947876,
        "dvar2": 562.565979004,
        "max": 117.791992188,
        "mean": 19.8591747284,
        "median": 12.9166469574,
        "min": 0.0280396156013,
        "var": 383.108001709
    },
    "dissonance": {
        "dmean": 0.0370398461819,
        "dmean2": 0.0587303601205,
        "dvar": 0.00152187200729,
        "dvar2": 0.00367769435979,
        "max": 0.5,
        "mean": 0.429683089256,
        "median": 0.444334685802,
        "min": 0.0862781554461,
        "var": 0.00321755511686
    },
    "dynamic_complexity": 3.51369214058,
    "erbbands_crest": {
        "dmean": 3.74463558197,
        "dmean2": 6.09128904343,
        "dvar": 12.3067464828,
        "dvar2": 29.6049976349,
        "max": 33.1005973816,
        "mean": 9.93019580841,
        "median": 8.73867034912,
        "min": 2.14329481125,
        "var": 28.2606086731
    },
    "erbbands_flatness_db": {
        "dmean": 0.0370902493596,
        "dmean2": 0.0575988441706,
        "dvar": 0.00180360511877,
        "dvar2": 0.00423271814361,
        "max": 0.504854083061,
        "mean": 0.143229022622,
        "median": 0.129795596004,
        "min": 0.0195564310998,
        "var": 0.00452920049429
    },
    "erbbands_kurtosis": {
        "dmean": 4.76238632202,
        "dmean2": 7.99140453339,
        "dvar": 128.971572876,
        "dvar2": 344.880310059,
        "max": 201.241531372,
        "mean": 3.61348891258,
        "median": 0.475459337234,
        "min": -1.87732207775,
        "var": 112.579177856
    },
    "erbbands_skewness": {
        "dmean": 0.98771584034,
        "dmean2": 1.55940556526,
        "dvar": 1.12030899525,
        "dvar2": 2.95398497581,
        "max": 11.822057724,
        "mean": 1.07263612747,
        "median": 0.937244057655,
        "min": -4.82002639771,
        "var": 1.95902132988
    },
    "erbbands_spread": {
        "dmean": 22.9265155792,
        "dmean2": 35.7314949036,
        "dvar": 490.309265137,
        "dvar2": 1121.52416992,
        "max": 215.869491577,
        "mean": 58.5469207764,
        "median": 53.1777877808,
        "min": 0.49984151125,
        "var": 1181.1126709
    },
    "hfc": {
        "dmean": 23.4517650604,
        "dmean2": 35.5943031311,
        "dvar": 1907.78149414,
        "dvar2": 4013.95141602,
        "max": 377.948181152,
        "mean": 27.2587051392,
        "median": 9.01517677307,
        "min": 1.17159506152e-16,
        "var": 2266.37158203
    },
    "melbands_crest": {
        "dmean": 4.85337257385,
        "dmean2": 7.55091142654,
        "dvar": 19.5898895264,
        "dvar2": 42.2265586853,
        "max": 39.9663925171,
        "mean": 21.5183067322,
        "median": 21.3632106781,
        "min": 3.01567602158,
        "var": 55.1774711609
    },
    "melbands_flatness_db": {
        "dmean": 0.0794227421284,
        "dmean2": 0.123271144927,
        "dvar": 0.00605190964416,
        "dvar2": 0.0152331516147,
        "max": 0.788139462471,
        "mean": 0.301179111004,
        "median": 0.287974774837,
        "min": 0.00621101213619,
        "var": 0.0128267332911
    },
    "melbands_kurtosis": {
        "dmean": 63.0363044739,
        "dmean2": 106.467903137,
        "dvar": 19543.3203125,
        "dvar2": 54050.0859375,
        "max": 3327.91162109,
        "mean": 79.4515686035,
        "median": 41.3479309082,
        "min": -1.80379927158,
        "var": 17885.6777344
    },
    "melbands_skewness": {
        "dmean": 2.34430503845,
        "dmean2": 3.73249721527,
        "dvar": 8.65605735779,
        "dvar2": 22.3083896637,
        "max": 40.5943412781,
        "mean": 5.70577192307,
        "median": 4.92027282715,
        "min": -3.28749918938,
        "var": 15.2474966049
    },
    "melbands_spread": {
        "dmean": 7.57037305832,
        "dmean2": 12.564499855,
        "dvar": 160.306838989,
        "dvar2": 408.722900391,
        "max": 200.543823242,
        "mean": 11.3622236252,
        "median": 7.19467496872,
        "min": 0.120358392596,
        "var": 200.532653809
    },
    "pitch_salience": {
        "dmean": 0.120328955352,
        "dmean2": 0.183987006545,
        "dvar": 0.0127327833325,
        "dvar2": 0.0267484411597,
        "max": 0.937714219093,
        "mean": 0.444688349962,
        "median": 0.478942364454,
        "min": 0.00380117911845,
        "var": 0.0344866886735
    },
    "silence_rate_20dB": {
        "dmean": 0,
        "dmean2": 0,
        "dvar": 0,
        "dvar2": 0,
        "max": 1,
        "mean": 1,
        "median": 1,
        "min": 1,
        "var": 0
    },
    "silence_rate_30dB": {
        "dmean": 0.0686492100358,
        "dmean2": 0.137308567762,
        "dvar": 0.0639300793409,
        "dvar2": 0.143592238426,
        "max": 1,
        "mean": 0.915600240231,
        "median": 1,
        "min": 0,
        "var": 0.0772757455707
    },
    "silence_rate_60dB": {
        "dmean": 0.0522266589105,
        "dmean2": 0.104461051524,
        "dvar": 0.0495136678219,
        "dvar2": 0.116741701961,
        "max": 1,
        "mean": 0.101856648922,
        "median": 0,
        "min": 0,
        "var": 0.0914819613099
    },
    "spectral_centroid": {
        "dmean": 581.461669922,
        "dmean2": 984.676025391,
        "dvar": 546361.9375,
        "dvar2": 1400664.25,
        "max": 10858.8105469,
        "mean": 1006.70422363,
        "median": 661.49987793,
        "min": 72.1047134399,
        "var": 689843.5
    },
    "spectral_complexity": {
        "dmean": 5.62997484207,
        "dmean2": 9.06946849823,
        "dvar": 62.4964065552,
        "dvar2": 132.623901367,
        "max": 61,
        "mean": 10.8458461761,
        "median": 7,
        "min": 0,
        "var": 118.711196899
    },
    "spectral_decrease": {
        "dmean": 5.22932319669e-09,
        "dmean2": 7.99681121322e-09,
        "dvar": 3.99713921367e-17,
        "dvar2": 9.26873875816e-17,
        "max": -1.53341615318e-28,
        "mean": -1.09923572467e-08,
        "median": -8.26918711283e-09,
        "min": -6.4162556157e-08,
        "var": 1.04097305193e-16
    },
    "spectral_energy": {
        "dmean": 0.0210292395204,
        "dmean2": 0.031639572233,
        "dvar": 0.000631959934253,
        "dvar2": 0.00141529215034,
        "max": 0.250361531973,
        "mean": 0.0439600460231,
        "median": 0.033112782985,
        "min": 1.12054546745e-20,
        "var": 0.00167489924934
    },
    "spectral_energyband_high": {
        "dmean": 0.00185394810978,
        "dmean2": 0.00290981074795,
        "dvar": 9.91875094769e-06,
        "dvar2": 2.11370097531e-05,
        "max": 0.0242188647389,
        "mean": 0.00190026324708,
        "median": 0.000287242961349,
        "min": 8.0403611517e-21,
        "var": 1.18261195894e-05
    },
    "spectral_energyband_low": {
        "dmean": 0.0146172493696,
        "dmean2": 0.0230534505099,
        "dvar": 0.000477969908388,
        "dvar2": 0.00121776608285,
        "max": 0.202834516764,
        "mean": 0.0283774212003,
        "median": 0.0163981616497,
        "min": 1.82498161527e-22,
        "var": 0.0010932070436
    },
    "spectral_energyband_middle_high": {
        "dmean": 0.00104738469236,
        "dmean2": 0.00171036506072,
        "dvar": 2.96017174151e-06,
        "dvar2": 6.34978050584e-06,
        "max": 0.0139307994395,
        "mean": 0.00120679312386,
        "median": 0.000313358352287,
        "min": 1.75455569823e-21,
        "var": 4.84599331685e-06
    },
    "spectral_energyband_middle_low": {
        "dmean": 0.0107421018183,
        "dmean2": 0.0154347978532,
        "dvar": 0.000257784529822,
        "dvar2": 0.000470949104056,
        "max": 0.200365781784,
        "mean": 0.0157576892525,
        "median": 0.00679562147707,
        "min": 3.36606443387e-22,
        "var": 0.000451015454018
    },
    "spectral_entropy": {
        "dmean": 0.524342894554,
        "dmean2": 0.808049440384,
        "dvar": 0.305959194899,
        "dvar2": 0.73148059845,
        "max": 9.79610157013,
        "mean": 7.25064373016,
        "median": 7.44745159149,
        "min": 3.97542071342,
        "var": 0.827956497669
    },
    "spectral_flux": {
        "dmean": 0.0463256463408,
        "dmean2": 0.07897015661,
        "dvar": 0.00205284263939,
        "dvar2": 0.00559528451413,
        "max": 0.5116533041,
        "mean": 0.103962622583,
        "median": 0.0932252034545,
        "min": 1.05855817167e-10,
        "var": 0.00405844347551
    },
    "spectral_kurtosis": {
        "dmean": 5.06106328964,
        "dmean2": 8.82250499725,
        "dvar": 187.632492065,
        "dvar2": 517.78326416,
        "max": 291.335968018,
        "mean": 5.66891956329,
        "median": 2.5520939827,
        "min": -1.44738292694,
        "var": 148.337722778
    },
    "spectral_rms": {
        "dmean": 0.00157736428082,
        "dmean2": 0.00231216847897,
        "dvar": 2.22555149776e-06,
        "dvar2": 4.66919300379e-06,
        "max": 0.015628663823,
        "mean": 0.00576985208318,
        "median": 0.00568376248702,
        "min": 3.30638034313e-12,
        "var": 9.5966124718e-06
    },
    "spectral_rolloff": {
        "dmean": 918.412475586,
        "dmean2": 1676.2220459,
        "dvar": 4314987,
        "dvar2": 11579158,
        "max": 18540.0878906,
        "mean": 963.664550781,
        "median": 322.998046875,
        "min": 21.533203125,
        "var": 3735245.5
    },
    "spectral_skewness": {
        "dmean": 0.674487888813,
        "dmean2": 1.12346124649,
        "dvar": 1.01377058029,
        "dvar2": 2.71217107773,
        "max": 14.9668092728,
        "mean": 1.72087752819,
        "median": 1.41280639172,
        "min": -0.549957096577,
        "var": 1.24147903919
    },
    "spectral_spread": {
        "dmean": 1645756.875,
        "dmean2": 2447696,
        "dvar": 3.72004251238e+12,
        "dvar2": 7.80524270387e+12,
        "max": 40607612,
        "mean": 6928719,
        "median": 5711455,
        "min": 582574.3125,
        "var": 1.29588380303e+13
    },
    "spectral_strongpeak": {
        "dmean": 0.336365401745,
        "dmean2": 0.547338247299,
        "dvar": 0.270203351974,
        "dvar2": 0.597397685051,
        "max": 5.75013160706,
        "mean": 0.565291881561,
        "median": 0.361135423183,
        "min": 0,
        "var": 0.395285129547
    },
    "zerocrossingrate": {
        "dmean": 0.0214229691774,
        "dmean2": 0.0250213351101,
        "dvar": 0.000524545437656,
        "dvar2": 0.000711910659447,
        "max": 0.49755859375,
        "mean": 0.053525544703,
        "median": 0.04052734375,
        "min": 0,
        "var": 0.00197863881476
    },
    "barkbands": {
        "dmean": [0.00132709392346, 0.0120535716414, 0.00138358795084, 0.00521234143525, 0.00388345331885, 0.00220938539132, 0.000930780486669, 0.000414574577007, 0.000494905922096, 0.000119390766486, 0.000127929626615, 0.000174850443727, 0.000122381243273, 9.39060410019e-05, 8.78992068465e-05, 8.95987832337e-05, 0.0001309987274, 0.000133076988277, 0.00011336877651, 0.000170528481249, 0.000313480850309, 0.000148111284943, 0.000162931130035, 0.000235826722928, 0.000372947688447, 0.000338866491802, 0.000365694140783],
        "dmean2": [0.00207901187241, 0.0193893425167, 0.0021554203704, 0.00781787745655, 0.00611972343177, 0.00323479808867, 0.00131202035118, 0.000626543420367, 0.000730567611754, 0.000204935582587, 0.000216399130295, 0.000312962336466, 0.000219605353777, 0.000161046569701, 0.00013806176139, 0.00015309554874, 0.000193151965505, 0.000219675101107, 0.000196158667677, 0.000298150844174, 0.000567483890336, 0.000233165643294, 0.000246322888415, 0.000378212920623, 0.000598473649006, 0.000511091551743, 0.000605045992415],
        "dvar": [5.60490298085e-06, 0.000419291318394, 5.1857764447e-06, 0.000137206036015, 3.72130562027e-05, 2.68329713435e-05, 6.31540751783e-06, 1.86519480394e-06, 1.83697864031e-06, 3.56304035165e-08, 4.47275176896e-08, 9.7721489567e-08, 5.03046848621e-08, 3.03863316731e-08, 3.66156811538e-08, 2.94085875652e-08, 1.05907929537e-07, 8.03044244435e-08, 5.00549326432e-08, 9.214811314e-08, 2.85939137257e-07, 7.14673333846e-08, 7.70346630929e-08, 1.66345259345e-07, 4.60626409904e-07, 5.4741542499e-07, 2.40815484176e-06],
        "dvar2": [1.24633124869e-05, 0.00111388112418, 1.12846610136e-05, 0.000277370185358, 8.29137279652e-05, 4.96331776958e-05, 8.61311491462e-06, 3.89463320971e-06, 3.1503855098e-06, 9.58434398513e-08, 1.15575254256e-07, 2.67914401775e-07, 1.35358732223e-07, 7.71954447032e-08, 7.97314925194e-08, 7.93172176827e-08, 1.95520172497e-07, 1.71975017338e-07, 1.2363140911e-07, 2.42822125074e-07, 7.8013977145e-07, 1.72748073624e-07, 1.89999056488e-07, 4.10674800833e-07, 1.05927927052e-06, 1.16421676921e-06, 5.98954466113e-06],
        "max": [0.0270925983787, 0.200123295188, 0.0291879344732, 0.177897885442, 0.0661903321743, 0.0885742753744, 0.0988977327943, 0.0393541641533, 0.0431708842516, 0.00220841588452, 0.003004954895, 0.00354468636215, 0.0024783234112, 0.0014267655788, 0.00214319862425, 0.00140447041485, 0.00343050272204, 0.00257262494415, 0.00167268980294, 0.00207500811666, 0.00484936498106, 0.00255961576477, 0.00216044043191, 0.0029556453228, 0.00453090993688, 0.00589831918478, 0.0134546058252],
        "mean": [0.0029260867741, 0.0205719172955, 0.00161445734557, 0.00587876327336, 0.00438428390771, 0.0026410901919, 0.00126458203886, 0.000779919268098, 0.000765412987676, 0.000113740432425, 0.000120490258269, 0.000152045904542, 0.000110179804324, 9.23490006244e-05, 9.2203154054e-05, 8.71608790476e-05, 0.000147929444211, 0.000141912081745, 0.000118278112495, 0.000152141277795, 0.000248954282142, 0.000158112117788, 0.000171490028151, 0.000244307768298, 0.000391565059545, 0.000314266508212, 0.00027635099832],
        "median": [0.00140036502853, 0.00979445688426, 0.000419767457061, 0.000671924615745, 0.00133266148623, 0.000487337092636, 0.000300768879242, 0.000142515797052, 0.000243016154855, 2.85550195258e-05, 2.79868945654e-05, 3.2207062759e-05, 1.8370566977e-05, 1.7269194359e-05, 1.85548906302e-05, 1.58257898875e-05, 1.60024446814e-05, 1.83782740351e-05, 1.81630548468e-05, 2.81492066279e-05, 3.72102440451e-05, 2.68543844868e-05, 2.83590361505e-05, 3.36238008458e-05, 1.98826837732e-05, 5.44458544027e-06, 2.20036031351e-06],
        "min": [1.9419347252e-22, 6.56680886555e-23, 2.9009630882e-23, 4.88587470308e-24, 2.99807438999e-23, 6.68510392254e-23, 7.52260157356e-23, 5.18416541499e-23, 5.87235567802e-23, 1.0121960103e-22, 6.03676817462e-23, 2.14785089796e-22, 1.65357501477e-22, 1.3699912576e-22, 1.19531359803e-22, 1.7816826179e-22, 2.02494157265e-22, 1.73088111157e-22, 3.05320598539e-22, 3.94832127962e-22, 3.72570776139e-22, 7.95445028637e-22, 5.26948128987e-22, 9.56977387761e-22, 1.22906639394e-21, 1.38161709834e-21, 2.62091207735e-21],
        "var": [1.72239087988e-05, 0.000790555321146, 7.63226398703e-06, 0.000186836114153, 4.86409735458e-05, 3.72416616301e-05, 1.82862404472e-05, 6.83779717292e-06, 4.40709709437e-06, 3.6203541498e-08, 4.78218034061e-08, 8.69500809131e-08, 4.88049209935e-08, 3.60185801185e-08, 5.06049104843e-08, 3.62854777336e-08, 1.85924733387e-07, 1.26208220763e-07, 6.55013892015e-08, 9.85688757282e-08, 2.30777772003e-07, 8.49913845968e-08, 8.93077753972e-08, 1.75439367922e-07, 5.45082173176e-07, 6.12508188169e-07, 1.89952856999e-06]
    },
    "erbbands": {
        "dmean": [0.562966227531, 1.96814703941, 1.50381445885, 10.8857727051, 13.6361532211, 14.42274189, 20.5812301636, 10.0931768417, 12.0309343338, 10.0068273544, 9.06098556519, 11.4901828766, 5.78283119202, 4.93846035004, 4.86103010178, 6.90672922134, 5.87136077881, 4.92526435852, 4.28417825699, 4.0560092926, 5.88767814636, 7.14864206314, 7.35330533981, 5.89533281326, 6.38876581192, 7.38737869263, 12.3777656555, 10.2387304306, 5.46680641174, 5.19052505493, 4.76978445053, 4.23483562469, 4.35351324081, 4.11810016632, 2.73745560646, 1.56548547745, 0.598695635796, 0.174097001553, 0.0674538165331, 0.00463302852586],
        "dmean2": [0.91452986002, 3.17909669876, 2.27612233162, 16.0356216431, 21.3341941833, 22.4788322449, 30.4062862396, 14.7268686295, 16.6699199677, 14.6601924896, 13.7401266098, 16.9271602631, 8.95759296417, 8.26431751251, 8.55479431152, 12.4317808151, 10.4047355652, 8.64339637756, 6.7010345459, 6.41487979889, 10.276049614, 10.2809123993, 11.9297323227, 9.78601837158, 11.3634729385, 12.8366098404, 22.2348022461, 18.239572525, 8.54343128204, 8.0446767807, 7.31199073792, 6.76373434067, 6.93803215027, 6.62765359879, 4.34977388382, 2.44178056717, 0.924510121346, 0.277036964893, 0.112868800759, 0.00775773683563],
        "dvar": [0.770443677902, 16.3914146423, 5.44336795807, 632.227844238, 514.63079834, 641.528564453, 2354.34423828, 377.5078125, 1683.52490234, 457.589782715, 498.061065674, 1497.09289551, 120.129272461, 59.9845466614, 76.8672103882, 147.342575073, 104.13735199, 80.1652679443, 76.3171157837, 60.3421859741, 162.299880981, 277.949951172, 241.037414551, 151.675354004, 154.668807983, 184.433105469, 442.845794678, 290.653076172, 103.70059967, 84.8829879761, 66.7100372314, 50.2505874634, 63.204624176, 55.4600868225, 25.6992530823, 10.8894805908, 1.85737133026, 0.358913689852, 0.0819055140018, 0.000400374818128],
        "dvar2": [1.90804243088, 46.0912055969, 13.4376564026, 1236.38671875, 1152.43859863, 1368.22399902, 4453.48095703, 695.407043457, 2080.3762207, 889.940368652, 1027.48803711, 2512.17480469, 237.005615234, 152.845550537, 211.720733643, 403.705200195, 274.528045654, 215.548202515, 176.464248657, 109.049446106, 433.536834717, 424.734100342, 502.823272705, 327.306060791, 428.571655273, 472.151672363, 1176.88964844, 794.162536621, 259.890441895, 207.162857056, 166.845748901, 122.566871643, 152.57421875, 131.640594482, 56.9260482788, 22.1184844971, 4.2499756813, 0.824719250202, 0.205877035856, 0.00101835140958],
        "max": [6.77150297165, 41.6631317139, 30.4110431671, 385.017303467, 264.713165283, 310.449584961, 790.197753906, 309.270263672, 1774.05200195, 633.576599121, 705.434204102, 1275.4152832, 233.523376465, 113.16809845, 88.7981185913, 133.059844971, 98.8175735474, 77.5817947388, 98.5655288696, 85.3885498047, 121.790420532, 161.120742798, 152.112213135, 103.482650757, 96.3251724243, 101.419715881, 170.332504272, 153.163391113, 102.84929657, 115.030410767, 64.8012466431, 64.5435180664, 64.8248443604, 55.211265564, 35.7493591309, 24.3211784363, 11.0545692444, 5.54672622681, 2.46479940414, 0.173730179667],
        "mean": [0.981202602386, 3.04306006432, 2.30394077301, 12.596824646, 14.9656066895, 17.2041740417, 24.465839386, 13.0729427338, 17.4112758636, 15.5332679749, 16.1253643036, 18.4499034882, 7.9612531662, 4.91796255112, 4.26077508926, 5.86157178879, 5.43426704407, 4.70117425919, 4.39063978195, 4.86871671677, 5.66767454147, 8.34061813354, 7.80654525757, 6.72916078568, 5.91027402878, 6.71304512024, 9.91452693939, 8.6707868576, 5.76314973831, 5.39714431763, 4.80552244186, 4.34395599365, 4.65798902512, 4.2817401886, 2.88790750504, 1.57170569897, 0.52733284235, 0.139944046736, 0.0501710437238, 0.00348179065622],
        "median": [0.543831050396, 0.929515421391, 0.810173809528, 1.75207960606, 4.55804872513, 4.36247825623, 4.31598711014, 3.9437186718, 4.16528987885, 4.77424001694, 5.04087305069, 4.89425039291, 2.64904999733, 1.45507323742, 0.860212147236, 1.20914852619, 1.01665174961, 0.906603872776, 0.915008604527, 0.957208514214, 0.941068053246, 0.979372560978, 1.08438706398, 0.990333616734, 1.02053916454, 1.21158981323, 1.44122743607, 1.50464987755, 1.10872876644, 0.82412314415, 0.774079442024, 0.697169482708, 0.559559822083, 0.288657516241, 0.113535195589, 0.0327008739114, 0.0069798710756, 0.00157003372442, 0.00040553661529, 0.0001041242067],
        "min": [4.26042444111e-21, 7.456075179e-21, 3.11898208109e-20, 2.14489257616e-20, 3.36835797185e-20, 7.72481614337e-20, 5.26153716117e-19, 4.50368358973e-19, 6.86514671979e-19, 1.44729258538e-18, 1.07405380374e-18, 1.79079929047e-18, 2.64737045737e-18, 3.14328963642e-18, 2.43690923976e-18, 9.11182044529e-18, 6.60654803662e-18, 6.18674312241e-18, 8.80889367008e-18, 8.2763853974e-18, 1.01797015171e-17, 1.20474050299e-17, 1.05549809533e-17, 1.0130980579e-17, 1.58275997498e-17, 2.09956488547e-17, 1.94724536593e-17, 1.37803972169e-17, 3.06705931815e-17, 2.2640356882e-17, 1.51489443793e-17, 1.73625839232e-17, 1.5986554085e-17, 1.13987109684e-17, 1.00206446115e-17, 5.16382841587e-18, 2.5903973587e-18, 1.57554673256e-18, 3.40318104779e-19, 3.72152919673e-20],
        "var": [1.51453852654, 26.0087585449, 11.2715520859, 881.393432617, 619.427124023, 922.278991699, 3223.25219727, 598.046325684, 5436.77441406, 1389.90856934, 1774.64880371, 3624.60327148, 251.807388306, 69.0999069214, 64.0722351074, 125.137374878, 107.26524353, 87.4733810425, 96.6875152588, 120.880340576, 186.40574646, 556.068908691, 385.153045654, 254.893814087, 150.684326172, 208.644790649, 374.331695557, 256.225097656, 114.68120575, 98.7187576294, 73.546913147, 55.8473968506, 67.4694976807, 62.7634239197, 31.2882556915, 12.7679643631, 1.86171007156, 0.334246844053, 0.0629781335592, 0.000301831314573]
    },
    "gfcc": {
        "mean": [-45.1504936218, 77.5447387695, -59.1755218506, 36.7927932739, -61.908657074, 7.77552843094, -29.8132896423, 5.10989761353, -14.9590826035, 1.93656682968, -11.1990909576, -2.66792011261, -5.92219924927],
        "cov": [[13475.2539062, -2723.76831055, 677.194763184, 267.081665039, 750.73651123, 982.830322266, -139.769073486, 1052.03564453, -366.39251709, 770.31048584, -200.807556152, 503.277038574, 78.7049102783], [-2723.76831055, 2443.61450195, -330.171722412, 260.010253906, -23.2642612457, -268.877044678, 371.98260498, -293.007080078, 352.591766357, -278.906402588, 133.444290161, -206.053207397, 80.7439727783], [677.194763184, -330.171722412, 2128.27270508, -62.6393432617, 14.1770172119, 50.4036026001, -44.7477836609, 309.733917236, 118.522644043, 157.390380859, 3.54686689377, 57.8304290771, -0.644477367401], [267.081665039, 260.010253906, -62.6393432617, 680.193725586, 268.942230225, 92.5510177612, 122.593688965, 43.1518936157, 47.2339935303, 37.6248283386, 7.23227357864, 70.4933776855, 18.9809646606], [750.73651123, -23.2642612457, 14.1770172119, 268.942230225, 604.975219727, 331.221191406, 225.126144409, 197.745361328, 95.4941177368, 174.063995361, 71.8191833496, 118.209106445, 78.3388900757], [982.830322266, -268.877044678, 50.4036026001, 92.5510177612, 331.221191406, 512.578308105, 173.087860107, 283.884429932, 104.473449707, 135.564453125, 110.876472473, 71.0634765625, 97.6500015259], [-139.769073486, 371.98260498, -44.7477836609, 122.593688965, 225.126144409, 173.087860107, 447.804931641, 122.402023315, 181.676223755, 89.8406600952, 70.2445220947, 18.7447738647, 82.9249343872], [1052.03564453, -293.007080078, 309.733917236, 43.1518936157, 197.745361328, 283.884429932, 122.402023315, 480.224700928, 141.069396973, 222.374389648, 39.1595191956, 74.1480331421, 82.080039978], [-366.39251709, 352.591766357, 118.522644043, 47.2339935303, 95.4941177368, 104.473449707, 181.676223755, 141.069396973, 294.854858398, 48.2018852234, 104.944511414, 0.249117493629, 40.8093681335], [770.31048584, -278.906402588, 157.390380859, 37.6248283386, 174.063995361, 135.564453125, 89.8406600952, 222.374389648, 48.2018852234, 269.954101562, 21.1036872864, 107.252883911, 52.7505149841], [-200.807556152, 133.444290161, 3.54686689377, 7.23227357864, 71.8191833496, 110.876472473, 70.2445220947, 39.1595191956, 104.944511414, 21.1036872864, 183.415847778, 11.0743780136, 64.7621994019], [503.277038574, -206.053207397, 57.8304290771, 70.4933776855, 118.209106445, 71.0634765625, 18.7447738647, 74.1480331421, 0.249117493629, 107.252883911, 11.0743780136, 136.96736145, 20.5075054169], [78.7049102783, 80.7439727783, -0.644477367401, 18.9809646606, 78.3388900757, 97.6500015259, 82.9249343872, 82.080039978, 40.8093681335, 52.7505149841, 64.7621994019, 20.5075054169, 124.074104309]],
        "icov": [[0.000127146660816, 3.71389505744e-05, -5.92548167333e-06, -3.17930862366e-05, -8.36631807033e-06, -0.000165070188814, 4.77100038552e-05, -0.000167458405485, 0.000198399895453, -9.97542301775e-05, 0.000122772791656, -0.0001555577619, 5.28842501808e-05], [3.71389505744e-05, 0.00111907860264, 4.61823656224e-05, -0.000390837463783, -0.000283687957563, 0.000881766201928, -0.000579143350478, 0.00043490290409, -0.00125345319975, 0.000712091219611, -8.1447782577e-05, 0.000978390686214, -0.00111696065869], [-5.92548167333e-06, 4.61823656224e-05, 0.000552557525225, 3.11235198751e-05, 2.69247743745e-06, 0.000196068853256, 0.000134545611218, -0.00037936453009, -0.000260857021203, -4.48430400866e-05, -2.01571037906e-05, -5.30669858563e-05, 0.000100999219285], [-3.17930862366e-05, -0.000390837463783, 3.11235198751e-05, 0.00204034196213, -0.000833830912597, -6.99957809047e-07, -2.0067769583e-05, -0.000197242625291, 0.000248694355832, 0.000372176553356, 0.000273831188679, -0.00108322047163, 0.000429538922617], [-8.36631807033e-06, -0.000283687957563, 2.69247743745e-06, -0.000833830912597, 0.00378095707856, -0.00203087017871, -0.000648739980534, 0.000352232920704, 0.000316395162372, -0.00122895755339, 7.54375432734e-05, -0.00137391523458, 0.000335311429808], [-0.000165070188814, 0.000881766201928, 0.000196068853256, -6.99957809047e-07, -0.00203087017871, 0.00564026506618, -0.00102863134816, -0.00189635960851, -0.000493946368806, 0.00186092325021, -0.00215573445894, 0.000758773763664, -0.00131168880034], [4.77100038552e-05, -0.000579143350478, 0.000134545611218, -2.0067769583e-05, -0.000648739980534, -0.00102863134816, 0.00428221467882, 0.000344411557307, -0.00152592116501, -0.00132300751284, 0.00100488669705, 0.000340782280546, -0.00103676272556], [-0.000167458405485, 0.00043490290409, -0.00037936453009, -0.000197242625291, 0.000352232920704, -0.00189635960851, 0.000344411557307, 0.00613511912525, -0.0029921780806, -0.00301607954316, 0.00178547482938, 0.00137401628308, -0.00205991440453], [0.000198399895453, -0.00125345319975, -0.000260857021203, 0.000248694355832, 0.000316395162372, -0.000493946368806, -0.00152592116501, -0.0029921780806, 0.00844010710716, -0.000233358819969, -0.00329597480595, -0.000839120417368, 0.00302097853273], [-9.97542301775e-05, 0.000712091219611, -4.48430400866e-05, 0.000372176553356, -0.00122895755339, 0.00186092325021, -0.00132300751284, -0.00301607954316, -0.000233358819969, 0.00937760900706, -0.000371673842892, -0.00393917644396, -0.00133154471405], [0.000122772791656, -8.1447782577e-05, -2.01571037906e-05, 0.000273831188679, 7.54375432734e-05, -0.00215573445894, 0.00100488669705, 0.00178547482938, -0.00329597480595, -0.000371673842892, 0.00947632081807, -0.000646844564471, -0.00386793678626], [-0.0001555577619, 0.000978390686214, -5.30669858563e-05, -0.00108322047163, -0.00137391523458, 0.000758773763664, 0.000340782280546, 0.00137401628308, -0.000839120417368, -0.00393917644396, -0.000646844564471, 0.0132348239422, -0.00113815953955], [5.28842501808e-05, -0.00111696065869, 0.000100999219285, 0.000429538922617, 0.000335311429808, -0.00131168880034, -0.00103676272556, -0.00205991440453, 0.00302097853273, -0.00133154471405, -0.00386793678626, -0.00113815953955, 0.0133436368778]]
    },
    "melbands": {
        "dmean": [0.00403686705977, 0.00120003230404, 0.00191168964375, 0.00100542849395, 0.000632557377685, 0.000279348692857, 0.000187991739949, 0.000108474043373, 7.26667349227e-05, 7.58808309911e-05, 2.7081627195e-05, 1.92653405975e-05, 1.58996444952e-05, 1.82440035132e-05, 1.87846253539e-05, 1.06605493784e-05, 9.2487771326e-06, 6.75082083035e-06, 7.2418038144e-06, 5.05232992509e-06, 7.69214693719e-06, 8.11665449874e-06, 6.61067178953e-06, 6.75946557749e-06, 4.5576557568e-06, 4.66671872346e-06, 4.59083958049e-06, 5.10096742801e-06, 7.21032120055e-06, 1.03607317214e-05, 3.9801825551e-06, 2.92287654702e-06, 3.11483313453e-06, 2.86219551526e-06, 2.94054257211e-06, 2.42494729719e-06, 2.696115871e-06, 2.98675877275e-06, 3.32569356942e-06, 3.63981962437e-06],
        "dmean2": [0.0065371543169, 0.00187979859766, 0.00283907679841, 0.00156884628814, 0.000938256911468, 0.000405252387282, 0.000263813417405, 0.000160888972459, 0.00011182056187, 0.000110755798232, 4.25190810347e-05, 3.24047286995e-05, 2.75031434285e-05, 3.29205431626e-05, 3.3301388612e-05, 1.87754249055e-05, 1.63446984516e-05, 1.06369780042e-05, 1.13478208732e-05, 8.41748078528e-06, 1.36697799462e-05, 1.17623121696e-05, 1.10155551738e-05, 1.09219399747e-05, 7.62533500165e-06, 8.17892941996e-06, 8.20277364255e-06, 8.85299232323e-06, 1.27979819808e-05, 1.91995222849e-05, 6.78498827256e-06, 4.51780033472e-06, 5.06528613187e-06, 4.49550907433e-06, 4.61965055365e-06, 3.82429152523e-06, 4.34221556134e-06, 4.69838141726e-06, 5.47002537132e-06, 5.67896995562e-06],
        "dvar": [4.28513776569e-05, 5.54778443984e-06, 1.64473603945e-05, 2.49407366937e-06, 1.71214117017e-06, 3.31826868205e-07, 3.03443840721e-07, 6.75242475268e-08, 2.47783553675e-08, 6.67417054956e-08, 2.43961761903e-09, 9.12439901413e-10, 7.38209438023e-10, 1.20656673541e-09, 1.15909726262e-09, 3.59528185001e-10, 2.98434665869e-10, 1.84203929887e-10, 2.46398595971e-10, 9.0945043163e-11, 3.34823946346e-10, 4.09304812266e-10, 1.77541939483e-10, 2.45234138552e-10, 9.19067530414e-11, 8.36998595433e-11, 8.571229837e-11, 9.15941489321e-11, 1.54146986842e-10, 3.57174984034e-10, 3.7540928699e-11, 3.19867535237e-11, 3.39808667316e-11, 2.67265931608e-11, 2.79513738544e-11, 1.73783765156e-11, 2.06785456813e-11, 2.89279676602e-11, 3.56174534311e-11, 4.43194335398e-11],
        "dvar2": [0.00011031878239, 1.54867175297e-05, 3.30634575221e-05, 5.5144973885e-06, 3.27538555212e-06, 6.01827764513e-07, 3.94138140791e-07, 1.36256744554e-07, 5.24226742016e-08, 1.11063954478e-07, 5.09495023948e-09, 2.34271801958e-09, 1.9879937696e-09, 3.35728000955e-09, 3.14351678021e-09, 9.22255605218e-10, 8.14732059595e-10, 4.32066660228e-10, 5.25955556885e-10, 2.01593602922e-10, 9.38074284917e-10, 6.93924251394e-10, 4.03005712135e-10, 4.94301932719e-10, 2.01738473149e-10, 2.2174069525e-10, 2.45833020607e-10, 2.28478486131e-10, 4.0139977453e-10, 9.99815341629e-10, 9.42927680381e-11, 7.92507032221e-11, 8.55995274662e-11, 6.52258108635e-11, 7.08787958881e-11, 4.2907420672e-11, 5.09607772647e-11, 6.97083779588e-11, 8.96900609337e-11, 1.04574959803e-10],
        "max": [0.0594233572483, 0.0280346963555, 0.0618651211262, 0.0149193210527, 0.0204693116248, 0.00949899572879, 0.0228733811527, 0.00748388189822, 0.00464474549517, 0.00856187567115, 0.000830797944218, 0.000416984781623, 0.000277445476968, 0.000511698133778, 0.000502506911289, 0.000180151735549, 0.000139813593705, 0.00017005999689, 0.000225704308832, 9.46472137002e-05, 0.000183410695172, 0.000205087315408, 0.000109379368951, 0.000167434947798, 8.15417224658e-05, 6.97181167197e-05, 7.27737206034e-05, 8.02589711384e-05, 9.99605836114e-05, 0.000186440593097, 5.59845575481e-05, 6.18348130956e-05, 5.434144623e-05, 6.86929051881e-05, 4.2182233301e-05, 3.27279194607e-05, 4.4294163672e-05, 4.35668662249e-05, 4.24305399065e-05, 4.70723971375e-05],
        "mean": [0.0070935213007, 0.00205795140937, 0.0022068717517, 0.00115013029426, 0.000783657422289, 0.000357001117663, 0.000262403365923, 0.000179572263733, 0.000119433461805, 0.000120346849144, 3.55296870111e-05, 1.85706358025e-05, 1.44612604345e-05, 1.49276993398e-05, 1.63670756592e-05, 9.87496605376e-06, 8.6406353148e-06, 6.70296549288e-06, 7.7967542893e-06, 5.65684786125e-06, 6.84653196004e-06, 8.96455730981e-06, 7.08599009158e-06, 7.12114342605e-06, 5.19454715686e-06, 4.60489400211e-06, 3.9738652049e-06, 4.59464035885e-06, 5.81509675612e-06, 7.40557743484e-06, 3.89459910366e-06, 3.11037319989e-06, 3.16979981108e-06, 2.94841584036e-06, 2.86592489829e-06, 2.49873619396e-06, 2.72045394922e-06, 3.15904458148e-06, 3.32323747898e-06, 3.74615297005e-06],
        "median": [0.00374269927852, 0.000766951532569, 0.000394095579395, 0.000369387242245, 0.000164883502293, 9.3431721325e-05, 6.7258704803e-05, 4.93412735523e-05, 3.95537208533e-05, 2.98129725707e-05, 1.13169744509e-05, 4.95297445013e-06, 3.13871919388e-06, 2.7111543659e-06, 3.17582521348e-06, 1.47903483594e-06, 1.58267710049e-06, 1.28857402615e-06, 1.47014577578e-06, 9.66144398262e-07, 9.79494643616e-07, 9.66738298303e-07, 9.28173164993e-07, 8.38313610529e-07, 7.54459733798e-07, 7.205940733e-07, 7.46714135857e-07, 8.21449248178e-07, 8.74133547768e-07, 8.75960381563e-07, 7.60879345307e-07, 5.70060990412e-07, 4.53771093589e-07, 4.53979453141e-07, 4.34884071865e-07, 4.25561296424e-07, 4.20744896701e-07, 4.03872803645e-07, 2.82151120246e-07, 2.22722363219e-07],
        "min": [3.68396307244e-23, 1.42616569556e-23, 4.54109318369e-24, 2.99645225531e-24, 1.53467146203e-23, 1.09728950529e-23, 1.20680201605e-23, 1.60479409676e-23, 8.22731673706e-24, 1.03384568253e-23, 1.29540837176e-23, 1.24232174048e-23, 8.05749628341e-24, 1.4820014282e-23, 2.40096837366e-23, 1.60056611785e-23, 1.00862761377e-23, 1.57280420933e-23, 9.9780239111e-24, 1.04253459097e-23, 1.25940878323e-23, 1.15461886717e-23, 1.36000361589e-23, 6.73646507836e-24, 7.91714451773e-24, 1.31274990104e-23, 8.17504208031e-24, 1.580487399e-23, 1.23570919283e-23, 8.9894975776e-24, 7.49932591701e-24, 1.73616499657e-23, 1.60230776496e-23, 1.11231675333e-23, 9.46633086265e-24, 7.20201370816e-24, 1.23477084278e-23, 1.22884436746e-23, 8.84209655088e-24, 9.51187574702e-24],
        "var": [8.35776081658e-05, 1.03322317955e-05, 2.26998381549e-05, 3.28151872964e-06, 2.45130763687e-06, 5.2292870123e-07, 9.38852906529e-07, 2.344360297e-07, 8.06911231166e-08, 1.61801153808e-07, 4.67911309698e-09, 1.02146224812e-09, 6.85958678748e-10, 9.60849178e-10, 1.13197851093e-09, 3.97779392758e-10, 3.1011337942e-10, 2.26770269229e-10, 3.60804858213e-10, 1.48850223813e-10, 3.28251759107e-10, 7.25196680484e-10, 2.84801987549e-10, 3.84451359636e-10, 1.50857853987e-10, 9.42455835595e-11, 7.35012328779e-11, 1.03241429295e-10, 1.36521058347e-10, 2.48240678014e-10, 4.61850037381e-11, 3.55168186528e-11, 3.55590418222e-11, 3.05752992369e-11, 2.86520009107e-11, 1.88307494597e-11, 2.2551830195e-11, 3.11340987713e-11, 3.64579373635e-11, 5.06817643409e-11]
    },
    "mfcc": {
        "mean": [-706.077392578, 112.907730103, 50.5080566406, 31.017583847, 2.97157788277, 4.36425495148, -1.21504509449, 0.507076144218, 1.56163346767, 2.92005586624, 0.798976302147, 3.25930047035, -2.83994889259],
        "cov": [[12185.7763672, -1805.99926758, -626.436523438, 48.7407798767, 632.204101562, 345.151428223, 649.813659668, 298.643463135, 453.244354248, 86.8939361572, 264.136627197, 220.487091064, 112.220489502], [-1805.99926758, 1594.89697266, 172.958755493, 192.992645264, -167.516036987, 28.9026432037, -80.7252120972, 56.4311904907, 52.1260452271, 132.697753906, 21.5228786469, 37.8840789795, -17.7467842102], [-626.436523438, 172.958755493, 1588.89245605, 60.7622756958, 153.830657959, -195.086898804, -90.7128448486, -0.50144803524, 37.5444831848, 106.767745972, 123.812614441, -54.4583473206, 20.0884170532], [48.7407798767, 192.992645264, 60.7622756958, 639.835327148, 79.1016769409, 138.435852051, 17.2759132385, 52.797706604, 75.8495407104, 13.5096769333, 28.7594451904, 67.9455337524, -7.36392402649], [632.204101562, -167.516036987, 153.830657959, 79.1016769409, 465.868591309, 126.48853302, 157.021713257, 129.317382812, 122.982048035, 78.4785842896, 119.541923523, 72.409866333, 85.6449890137], [345.151428223, 28.9026432037, -195.086898804, 138.435852051, 126.48853302, 341.896911621, 183.413085938, 139.800033569, 95.7275390625, 49.1854362488, 37.1270675659, 95.6917037964, 62.0319709778], [649.813659668, -80.7252120972, -90.7128448486, 17.2759132385, 157.021713257, 183.413085938, 343.444000244, 123.669487, 186.0131073, 85.7883911133, 94.9283676147, 108.305183411, 75.3770294189], [298.643463135, 56.4311904907, -0.50144803524, 52.797706604, 129.317382812, 139.800033569, 123.669487, 248.522445679, 132.870117188, 144.300857544, 104.290603638, 65.2127914429, 52.8798561096], [453.244354248, 52.1260452271, 37.5444831848, 75.8495407104, 122.982048035, 95.7275390625, 186.0131073, 132.870117188, 302.767425537, 166.619155884, 157.454177856, 126.977989197, 61.7588615417], [86.8939361572, 132.697753906, 106.767745972, 13.5096769333, 78.4785842896, 49.1854362488, 85.7883911133, 144.300857544, 166.619155884, 225.152450562, 137.975067139, 89.9343566895, 61.5309028625], [264.136627197, 21.5228786469, 123.812614441, 28.7594451904, 119.541923523, 37.1270675659, 94.9283676147, 104.290603638, 157.454177856, 137.975067139, 199.734115601, 93.4345169067, 77.2714996338], [220.487091064, 37.8840789795, -54.4583473206, 67.9455337524, 72.409866333, 95.6917037964, 108.305183411, 65.2127914429, 126.977989197, 89.9343566895, 93.4345169067, 184.503112793, 68.6394195557], [112.220489502, -17.7467842102, 20.0884170532, -7.36392402649, 85.6449890137, 62.0319709778, 75.3770294189, 52.8798561096, 61.7588615417, 61.5309028625, 77.2714996338, 68.6394195557, 110.814758301]],
