{
"lowlevel": {
    "average_loudness": 0.821547627449,
    "barkbands_crest": {
        "dmean": 2.42574620247,
        "dmean2": 3.87823295593,
        "dvar": 4.38209342957,
        "dvar2": 10.6362943649,
        "max": 25.2248916626,
        "mean": 11.563293457,
        "median": 10.8161745071,
        "min": 3.07086062431,
        "var": 16.9881248474
    },
    "barkbands_flatness_db": {
        "dmean": 0.0293376483023,
        "dmean2": 0.043640922755,
        "dvar": 0.000853846315295,
        "dvar2": 0.00172863807529,
        "max": 0.521993875504,
        "mean": 0.304397553205,
        "median": 0.306778162718,
        "min": 0.0359112620354,
        "var": 0.00899050943553
    },
    "barkbands_kurtosis": {
        "dmean": 3.46983838081,
        "dmean2": 5.51558732986,
        "dvar": 20.4070625305,
        "dvar2": 47.5205612183,
        "max": 69.158821106,
        "mean": 7.47038602829,
        "median": 5.61553144455,
        "min": -1.78556346893,
        "var": 52.5603218079
    },
    "barkbands_skewness": {
        "dmean": 0.492598801851,
        "dmean2": 0.782316625118,
        "dvar": 0.238733589649,
        "dvar2": 0.565354645252,
        "max": 7.67047071457,
        "mean": 1.92669713497,
        "median": 1.79223716259,
        "min": -1.67135238647,
        "var": 0.855378627777
    },
    "barkbands_spread": {
        "dmean": 3.09873247147,
        "dmean2": 5.02420854568,
        "dvar": 62.4365844727,
        "dvar2": 162.001739502,
        "max": 98.3571395874,
        "mean": 7.72130584717,
        "median": 5.68709754944,
        "min": 0.514001905918,
        "var": 70.705581665
    },
    "dissonance": {
        "dmean": 0.0310098472983,
        "dmean2": 0.0515332221985,
        "dvar": 0.000724196550436,
        "dvar2": 0.0020026168786,
        "max": 0.498683840036,
        "mean": 0.40615478158,
        "median": 0.413207113743,
        "min": 0.137686640024,
        "var": 0.00253270496614
    },
    "dynamic_complexity": 2.92707037926,
    "erbbands_crest": {
        "dmean": 2.38670945168,
        "dmean2": 3.86254453659,
        "dvar": 4.88338136673,
        "dvar2": 12.7656526566,
        "max": 28.1189117432,
        "mean": 10.8046388626,
        "median": 10.0304927826,
        "min": 2.81212997437,
        "var": 18.9555397034
    },
    "erbbands_flatness_db": {
        "dmean": 0.0243170466274,
        "dmean2": 0.0356285609305,
        "dvar": 0.000855601974763,
        "dvar2": 0.00161974388175,
        "max": 0.466918677092,
        "mean": 0.288486421108,
        "median": 0.307457327843,
        "min": 0.0437285192311,
        "var": 0.0064595178701
    },
    "erbbands_kurtosis": {
        "dmean": 1.19761574268,
        "dmean2": 1.8618491888,
        "dvar": 3.81970191002,
        "dvar2": 9.2824678421,
        "max": 40.1814155579,
        "mean": 1.45650982857,
        "median": 0.186595797539,
        "min": -1.74466729164,
        "var": 13.3650445938
    },
    "erbbands_skewness": {
        "dmean": 0.339805960655,
        "dmean2": 0.521425843239,
        "dvar": 0.103733368218,
        "dvar2": 0.247269377112,
        "max": 5.2343416214,
        "mean": 0.97251522541,
        "median": 0.853165090084,
        "min": -1.79892230034,
        "var": 0.68367421627
    },
    "erbbands_spread": {
        "dmean": 5.38421773911,
        "dmean2": 8.32988357544,
        "dvar": 85.3047103882,
        "dvar2": 206.925170898,
        "max": 122.295776367,
        "mean": 23.7452201843,
        "median": 21.8118438721,
        "min": 1.67990458012,
        "var": 194.878677368
    },
    "hfc": {
        "dmean": 3.84067797661,
        "dmean2": 6.24149799347,
        "dvar": 91.3656539917,
        "dvar2": 241.036209106,
        "max": 100.608444214,
        "mean": 10.9356460571,
        "median": 7.45458316803,
        "min": 1.15246429301e-16,
        "var": 118.687461853
    },
    "melbands_crest": {
        "dmean": 2.82166194916,
        "dmean2": 4.57454776764,
        "dvar": 6.1183962822,
        "dvar2": 15.5240745544,
        "max": 31.4603672028,
        "mean": 14.1918392181,
        "median": 13.2395610809,
        "min": 2.3402132988,
        "var": 21.7705669403
    },
    "melbands_flatness_db": {
        "dmean": 0.0327007547021,
        "dmean2": 0.0485587604344,
        "dvar": 0.00112946145236,
        "dvar2": 0.00239413790405,
        "max": 0.68408036232,
        "mean": 0.414095371962,
        "median": 0.413772642612,
        "min": 0.0123520661145,
        "var": 0.0120794139802
    },
    "melbands_kurtosis": {
        "dmean": 5.45925283432,
        "dmean2": 8.67055988312,
        "dvar": 67.6415023804,
        "dvar2": 153.822479248,
        "max": 174.884658813,
        "mean": 13.0922689438,
        "median": 9.29179954529,
        "min": -1.52632987499,
        "var": 190.55128479
    },
    "melbands_skewness": {
        "dmean": 0.556576132774,
        "dmean2": 0.87819224596,
        "dvar": 0.330380797386,
        "dvar2": 0.752267479897,
        "max": 10.8172149658,
        "mean": 2.48860907555,
        "median": 2.26953983307,
        "min": -0.4438329041,
        "var": 1.40112531185
    },
    "melbands_spread": {
        "dmean": 2.43517994881,
        "dmean2": 3.8705842495,
        "dvar": 19.1182842255,
        "dvar2": 48.1382598877,
        "max": 118.916046143,
        "mean": 7.96734571457,
        "median": 6.38184261322,
        "min": 0.598903715611,
        "var": 39.7730751038
    },
    "pitch_salience": {
        "dmean": 0.0639733150601,
        "dmean2": 0.10210429877,
        "dvar": 0.00311986170709,
        "dvar2": 0.00748069956899,
        "max": 0.829980790615,
        "mean": 0.555292487144,
        "median": 0.575447499752,
        "min": 0.122621931136,
        "var": 0.014497670345
    },
    "silence_rate_20dB": {
        "dmean": 0,
        "dmean2": 0,
        "dvar": 0,
        "dvar2": 0,
        "max": 1,
        "mean": 1,
        "median": 1,
        "min": 1,
        "var": 0
    },
    "silence_rate_30dB": {
        "dmean": 0.0239700376987,
        "dmean2": 0.0479440651834,
        "dvar": 0.0233979355544,
        "dvar2": 0.047816362232,
        "max": 1,
        "mean": 0.955476045609,
        "median": 1,
        "min": 0,
        "var": 0.0425422601402
    },
    "silence_rate_60dB": {
        "dmean": 0.00149812735617,
        "dmean2": 0.00299650407396,
        "dvar": 0.00149590964429,
        "dvar2": 0.00381989195012,
        "max": 1,
        "mean": 0.0109853530303,
        "median": 0,
        "min": 0,
        "var": 0.0108646359295
    },
    "spectral_centroid": {
        "dmean": 90.6904373169,
        "dmean2": 147.737548828,
        "dvar": 43858.7773438,
        "dvar2": 102202.726562,
        "max": 11278.7958984,
        "mean": 481.188323975,
        "median": 428.165466309,
        "min": 166.077606201,
        "var": 73673.265625
    },
    "spectral_complexity": {
        "dmean": 1.92992091179,
        "dmean2": 3.19477272034,
        "dvar": 10.5630893707,
        "dvar2": 25.4319725037,
        "max": 54,
        "mean": 11.8975534439,
        "median": 12,
        "min": 0,
        "var": 34.4520721436
    },
    "spectral_decrease": {
        "dmean": 2.34437091962e-09,
        "dmean2": 3.44275519204e-09,
        "dvar": 1.2331059324e-17,
        "dvar2": 2.46488787951e-17,
        "max": -9.39167700318e-29,
        "mean": -8.43103897807e-09,
        "median": -5.60322943599e-09,
        "min": -5.43903553307e-08,
        "var": 6.40889943311e-17
    },
    "spectral_energy": {
        "dmean": 0.00906315725297,
        "dmean2": 0.0133946919814,
        "dvar": 0.000182582240086,
        "dvar2": 0.000369346293155,
        "max": 0.207928404212,
        "mean": 0.0328126251698,
        "median": 0.0219497457147,
        "min": 1.08076478468e-20,
        "var": 0.000947813270614
    },
    "spectral_energyband_high": {
        "dmean": 0.000200746319024,
        "dmean2": 0.000343674008036,
        "dvar": 7.1006621738e-07,
        "dvar2": 1.90667299194e-06,
        "max": 0.00827812962234,
        "mean": 0.000157504618983,
        "median": 1.38923496706e-06,
        "min": 7.81743516882e-21,
        "var": 5.39945233413e-07
    },
    "spectral_energyband_low": {
        "dmean": 0.00626211473718,
        "dmean2": 0.00849454943091,
        "dvar": 0.000144691643072,
        "dvar2": 0.000222835602472,
        "max": 0.185577183962,
        "mean": 0.0139618050307,
        "median": 0.00593588687479,
        "min": 3.58449181437e-23,
        "var": 0.000656540039927
    },
    "spectral_energyband_middle_high": {
        "dmean": 0.000595929042902,
        "dmean2": 0.000904251472093,
        "dvar": 1.31327146846e-06,
        "dvar2": 3.16516661769e-06,
        "max": 0.0162848085165,
        "mean": 0.00182339607272,
        "median": 0.00139821553603,
        "min": 1.63771986983e-21,
        "var": 3.57406634066e-06
    },
    "spectral_energyband_middle_low": {
        "dmean": 0.00569209363312,
        "dmean2": 0.00902197137475,
        "dvar": 8.32087753224e-05,
        "dvar2": 0.000206002558116,
        "max": 0.139069035649,
        "mean": 0.018640562892,
        "median": 0.01323449146,
        "min": 4.04079824447e-22,
        "var": 0.000249742297456
    },
    "spectral_entropy": {
        "dmean": 0.224195465446,
        "dmean2": 0.342455774546,
        "dvar": 0.0730668604374,
        "dvar2": 0.156272962689,
        "max": 9.81523036957,
        "mean": 6.16092681885,
        "median": 6.11651992798,
        "min": 4.26290130615,
        "var": 0.538213372231
    },
    "spectral_flux": {
        "dmean": 0.0206492301077,
        "dmean2": 0.0329646132886,
        "dvar": 0.000610120245256,
        "dvar2": 0.00120227911975,
        "max": 0.3301846385,
        "mean": 0.0699135735631,
        "median": 0.0580476000905,
        "min": 1.03959840736e-10,
        "var": 0.00220644101501
    },
    "spectral_kurtosis": {
        "dmean": 19.964925766,
        "dmean2": 34.3501472473,
        "dvar": 417.370147705,
        "dvar2": 1210.75561523,
        "max": 231.458602905,
        "mean": 46.3955421448,
        "median": 36.2193603516,
        "min": -1.19625234604,
        "var": 1426.63427734
    },
    "spectral_rms": {
        "dmean": 0.000721406191587,
        "dmean2": 0.00108631153125,
        "dvar": 6.35703202079e-07,
        "dvar2": 1.26178724713e-06,
        "max": 0.0142427869141,
        "mean": 0.00519649777561,
        "median": 0.00462756771594,
        "min": 3.24715970258e-12,
        "var": 5.00869691678e-06
    },
    "spectral_rolloff": {
        "dmean": 296.645233154,
        "dmean2": 550.577880859,
        "dvar": 1499006.5,
        "dvar2": 4280154.5,
        "max": 18518.5546875,
        "mean": 596.115112305,
        "median": 473.73046875,
        "min": 64.599609375,
        "var": 958208.5
    },
    "spectral_skewness": {
        "dmean": 1.24531877041,
        "dmean2": 2.15770626068,
        "dvar": 1.295789361,
        "dvar2": 3.91499423981,
        "max": 13.153383255,
        "mean": 4.29083442688,
        "median": 3.83364796638,
        "min": -0.00557208573446,
        "var": 4.4047794342
    },
    "spectral_spread": {
        "dmean": 657112.3125,
        "dmean2": 985776,
        "dvar": 1.87283223347e+12,
        "dvar2": 3.53723691827e+12,
        "max": 40941360,
        "mean": 1956713.5,
        "median": 1311553.25,
        "min": 368414.3125,
        "var": 3.85317548851e+12
    },
    "spectral_strongpeak": {
        "dmean": 0.299364775419,
        "dmean2": 0.503886759281,
        "dvar": 0.138594999909,
        "dvar2": 0.353834092617,
        "max": 5.50570201874,
        "mean": 0.718204021454,
        "median": 0.598750293255,
        "min": 1.21961674093e-09,
        "var": 0.304386377335
    },
    "zerocrossingrate": {
        "dmean": 0.00551113672554,
        "dmean2": 0.00731149781495,
        "dvar": 0.000168198239408,
        "dvar2": 0.000254208687693,
        "max": 0.484375,
        "mean": 0.0233484264463,
        "median": 0.01953125,
        "min": 0.0029296875,
        "var": 0.000356252188794
    },
    "barkbands": {
        "dmean": [9.34009513003e-05, 0.00422834558412, 0.00282060960308, 0.00213465024717, 0.00353480363265, 0.00136688537896, 0.000942362879869, 0.0001944086398, 0.000345892389305, 9.6973584732e-05, 0.000140604111948, 0.000160444993526, 5.69070434722e-05, 8.62627202878e-05, 0.000195819346118, 9.43064660532e-05, 4.03598605772e-05, 2.71688713838e-05, 1.79212765943e-05, 2.51961482718e-05, 2.40730823862e-05, 3.99633136112e-05, 2.41361340159e-05, 2.329875133e-05, 2.94111632684e-05, 3.74714800273e-05, 1.35100417538e-05],
        "dmean2": [0.000138881427119, 0.00575462915003, 0.00449044303969, 0.00367633812129, 0.00572720123455, 0.00190339633264, 0.00148184585851, 0.000292842101771, 0.000488629448228, 0.000158531183843, 0.000212913146242, 0.00022719988192, 9.23156694626e-05, 0.000132700879476, 0.000301861524349, 0.000147606813698, 6.36328040855e-05, 4.49321742053e-05, 3.12358570227e-05, 4.31424450653e-05, 4.12217814301e-05, 7.07300423528e-05, 4.00580538553e-05, 3.90864515794e-05, 5.02552538819e-05, 6.67030762997e-05, 2.40718018176e-05],
        "dvar": [8.06708158052e-08, 0.000170678904396, 3.42058920069e-05, 2.33319569816e-05, 4.13040907006e-05, 6.17461819274e-06, 2.85720307147e-06, 1.20106577128e-07, 3.34342246333e-07, 7.15786256933e-08, 7.41384837966e-08, 1.32053912694e-07, 1.987034004e-08, 4.14000922433e-08, 1.73588503571e-07, 4.02319209059e-08, 1.86009216918e-08, 1.45501157789e-08, 1.02428954207e-08, 2.35917774205e-08, 1.85421065169e-08, 4.78092054834e-08, 1.16544960349e-08, 1.10332596392e-08, 1.84352515475e-08, 4.05714573048e-08, 5.4782067771e-09],
        "dvar2": [1.59661837529e-07, 0.000278153864201, 7.82544520916e-05, 6.5125132096e-05, 0.000110252636659, 1.11921699499e-05, 7.61289538787e-06, 2.96932171295e-07, 7.02793101937e-07, 1.86979264072e-07, 1.74465981218e-07, 2.4246310204e-07, 4.57385702646e-08, 9.90397452938e-08, 3.98997769935e-07, 9.24782597167e-08, 4.61180142963e-08, 3.85356457855e-08, 2.89458359504e-08, 6.36776178453e-08, 5.071270337e-08, 1.33096420996e-07, 3.07111100994e-08, 2.95058626421e-08, 4.99831678269e-08, 1.13299023496e-07, 1.51009658111e-08],
        "max": [0.00294801895507, 0.177342414856, 0.112919583917, 0.0680436193943, 0.116163149476, 0.0542198270559, 0.0427236184478, 0.00552332773805, 0.0108988527209, 0.00802399870008, 0.00438529765233, 0.0120825879276, 0.0038598398678, 0.00588247692212, 0.00654306821525, 0.00362345506437, 0.00395669043064, 0.00355017208494, 0.00345928454772, 0.00326280575246, 0.00170702463947, 0.00236544921063, 0.00138156069443, 0.000957994430792, 0.00132023519836, 0.00241315644234, 0.000938676705118],
        "mean": [0.000130034357426, 0.00759564060718, 0.00447763223201, 0.0031808365602, 0.00759649835527, 0.00399685604498, 0.00247835880145, 0.000520428060554, 0.000820613640826, 0.000177333553438, 0.000314096250804, 0.0003787468886, 0.00010743423627, 0.000173556400114, 0.000369715271518, 0.000191586179426, 7.56422887207e-05, 3.87607906305e-05, 1.81502691703e-05, 2.37039312196e-05, 2.14026258618e-05, 3.07960763166e-05, 2.05380492844e-05, 1.89549500647e-05, 2.17923825403e-05, 2.47445859713e-05, 8.80689276528e-06],
        "median": [2.07085531656e-06, 0.00125844450668, 0.00215140567161, 0.00173059036024, 0.00471198745072, 0.00175578682683, 0.0015023581218, 0.00033736275509, 0.000348978152033, 6.11870927969e-05, 0.000131526525365, 0.000141580210766, 4.75622073282e-05, 5.79541665502e-05, 0.000154568362632, 8.09840930742e-05, 2.7032361686e-05, 1.01425303001e-05, 2.54631504504e-06, 1.15685043056e-06, 2.76171789437e-07, 1.10335491854e-07, 2.70450133399e-08, 1.0952733831e-08, 6.61925980694e-09, 5.79757930552e-09, 2.99668156956e-09],
        "min": [1.57098793598e-23, 2.32606808175e-23, 8.73144480664e-25, 1.86361999085e-24, 1.05015080635e-23, 3.27690863654e-23, 5.92847019411e-23, 8.14863085943e-23, 1.55015219466e-22, 1.7352941888e-22, 4.85027877468e-23, 1.0789914506e-22, 1.14954641266e-22, 4.50947161542e-23, 1.3109546745e-22, 1.95532314626e-22, 2.07999346155e-22, 2.26426985439e-22, 2.70035519203e-22, 3.02643949311e-22, 6.02673575718e-22, 4.54159314796e-22, 8.58217152111e-22, 7.33258605985e-22, 1.39123650609e-21, 1.6025901393e-21, 2.33674403299e-21],
        "var": [1.59589561122e-07, 0.000531266327016, 5.0556158385e-05, 2.2655705834e-05, 8.76730846358e-05, 3.51477538061e-05, 1.05138224171e-05, 3.67987126992e-07, 1.27284545215e-06, 1.61139553256e-07, 1.88345481433e-07, 3.66972528809e-07, 3.88035132914e-08, 9.47983238575e-08, 3.31534238285e-07, 9.66234949829e-08, 2.3551487871e-08, 1.28364012753e-08, 7.09998726478e-09, 1.84789819002e-08, 1.44736160834e-08, 3.31644116613e-08, 1.0227245717e-08, 8.37040481372e-09, 1.26575052661e-08, 2.4782798036e-08, 3.42945472021e-09]
    },
    "erbbands": {
        "dmean": [0.102638080716, 1.09361982346, 2.86509776115, 5.34084129333, 7.86183023453, 15.5554122925, 14.2930526733, 9.29829025269, 6.7775759697, 17.90599823, 4.27443933487, 4.84347343445, 6.9557056427, 4.07274198532, 4.51274204254, 5.26116371155, 3.11736392975, 4.40179872513, 5.26906967163, 9.79786872864, 4.80570030212, 2.67483353615, 1.63932728767, 1.20677256584, 0.82751083374, 1.13529753685, 1.10996925831, 0.869390964508, 1.37860846519, 1.07596027851, 0.628338754177, 0.441387683153, 0.440550506115, 0.341219186783, 0.20924705267, 0.124579392374, 0.0724287629128, 0.0241091605276, 0.00226607476361, 5.74090590817e-05],
        "dmean2": [0.113554507494, 1.50774240494, 4.26419830322, 8.84907341003, 13.65163517, 24.3128871918, 21.1745948792, 13.1859636307, 10.201292038, 27.4201107025, 6.58679389954, 7.07742643356, 9.75467205048, 6.40813398361, 6.87965154648, 7.50211286545, 4.66968202591, 6.79317998886, 8.00862884521, 15.0489521027, 7.48222923279, 4.15581321716, 2.73165297508, 2.05886054039, 1.42333233356, 1.95480632782, 1.94500362873, 1.47871589661, 2.45515751839, 1.87669062614, 1.01846539974, 0.723517537117, 0.75900042057, 0.585591733456, 0.3612383008, 0.217360362411, 0.129693388939, 0.0434800311923, 0.00402535172179, 9.87579114735e-05],
        "dvar": [0.0975241139531, 12.2360439301, 40.0632133484, 114.913505554, 334.160339355, 653.23223877, 641.144958496, 237.752105713, 134.471466064, 979.316101074, 56.6736106873, 69.6812973022, 157.801544189, 69.119644165, 65.5942306519, 163.648193359, 68.8209075928, 93.4755020142, 124.023155212, 424.963623047, 136.998245239, 84.3104324341, 47.6084518433, 37.1283569336, 25.3176727295, 50.517375946, 42.5576133728, 24.1739330292, 55.3063087463, 32.2466773987, 7.38130807877, 3.47774291039, 4.20781183243, 2.45094537735, 1.01465809345, 0.384807229042, 0.154897764325, 0.0199951734394, 0.000143935802043, 6.07410015618e-08],
        "dvar2": [0.106176868081, 20.6568813324, 79.9991455078, 296.5027771, 942.644348145, 1612.71887207, 1399.51489258, 473.092529297, 281.849182129, 2552.52563477, 136.090148926, 153.743347168, 331.67388916, 168.701904297, 160.553329468, 288.886413574, 128.798904419, 230.047409058, 277.763092041, 966.620361328, 306.409301758, 208.702651978, 129.287582397, 102.053825378, 69.7783660889, 136.8152771, 119.4896698, 65.8042526245, 154.277984619, 89.2652206421, 18.7301578522, 8.93686485291, 11.5312681198, 6.62182378769, 2.77862215042, 1.05359888077, 0.436608046293, 0.0563651435077, 0.000395008915802, 1.59257893984e-07],
        "max": [4.54244470596, 46.2635765076, 101.902328491, 164.062896729, 275.481231689, 687.68951416, 466.107208252, 380.178588867, 324.379394531, 761.291870117, 148.03994751, 200.025543213, 222.520812988, 170.543167114, 160.911499023, 435.436798096, 257.443786621, 224.776947021, 250.157745361, 398.999938965, 244.043411255, 275.158813477, 134.6040802, 145.106323242, 145.051971436, 213.041351318, 83.1470031738, 72.9610595703, 77.4852294922, 65.3982315063, 31.8183383942, 19.475774765, 18.6646728516, 14.0220537186, 10.6569032669, 6.9666724205, 4.77095794678, 1.7867565155, 0.153895229101, 0.00320417061448],
        "mean": [0.203301116824, 1.76672816277, 4.53999567032, 9.26012706757, 14.0148839951, 31.8057956696, 31.845451355, 31.7387104034, 23.0961799622, 46.3075675964, 11.1800870895, 11.5795030594, 16.0623493195, 8.69302558899, 11.7919588089, 12.6426343918, 7.06926822662, 9.57842445374, 9.87219333649, 20.2368488312, 9.23480701447, 5.4722161293, 2.36720752716, 1.39897191525, 0.859110474586, 1.09520971775, 0.94938570261, 0.777540206909, 1.09240686893, 0.821134507656, 0.560316801071, 0.37676653266, 0.344525575638, 0.256593227386, 0.150295227766, 0.0853168442845, 0.0473327934742, 0.0153784137219, 0.0014958914835, 7.0642628998e-05],
        "median": [0.0201043318957, 0.385130345821, 2.27066755295, 5.49960708618, 8.66789245605, 18.0811691284, 13.6182861328, 13.3644266129, 11.1610355377, 28.6935405731, 6.86194753647, 5.22820520401, 5.64986610413, 4.68868732452, 6.31325054169, 4.97159337997, 3.25813102722, 3.746342659, 4.15388011932, 8.90014457703, 4.1558265686, 1.9554464817, 0.817715525627, 0.307783305645, 0.109329283237, 0.0606043413281, 0.0191503707319, 0.00923886150122, 0.00452695228159, 0.00142107356805, 0.000779428635724, 0.000310688832542, 0.000211509541259, 0.0001133060141, 5.93297299929e-05, 3.99870878027e-05, 2.01228103833e-05, 3.75034551325e-06, 1.30723838083e-05, 2.61914356088e-05],
        "min": [1.05282219545e-21, 3.77140237155e-21, 2.61838772245e-21, 5.09616766547e-21, 2.67447848436e-20, 2.29679815643e-20, 1.46878480564e-19, 2.24264535591e-19, 5.61039799957e-19, 1.88859995622e-18, 1.43915602328e-18, 3.55543527176e-18, 4.76638095283e-18, 5.70670084803e-18, 1.28052077297e-18, 4.8001439839e-18, 5.345083954e-18, 3.06292076811e-18, 4.00340196352e-18, 8.49310175481e-18, 1.16984911485e-17, 1.23801036897e-17, 1.25170326868e-17, 1.36364040974e-17, 1.18989500982e-17, 1.39326580066e-17, 2.04915467914e-17, 2.55750745814e-17, 1.58196025676e-17, 1.17429860209e-17, 2.16188665805e-17, 1.97958333024e-17, 1.39040044701e-17, 1.54091290779e-17, 8.96081366138e-18, 6.03734520479e-18, 3.08639077722e-18, 1.42520531206e-18, 2.94245230335e-19, 3.3724082488e-20],
        "var": [0.439534038305, 29.0485439301, 64.1631698608, 145.684875488, 351.404876709, 1979.77514648, 2468.30883789, 1975.41589355, 893.324462891, 3442.7565918, 166.946075439, 241.136459351, 605.633666992, 157.255508423, 210.533599854, 440.030181885, 162.526077271, 242.022964478, 255.647735596, 926.714538574, 278.50491333, 114.79535675, 39.130115509, 27.0585136414, 19.2725448608, 40.3774299622, 30.5411949158, 19.16755867, 38.9308242798, 22.8904914856, 7.0553021431, 3.04284381866, 2.97908949852, 1.71564602852, 0.665874838829, 0.247862130404, 0.0924890786409, 0.0118645317852, 9.11439346964e-05, 4.34482174683e-08]
    },
    "gfcc": {
        "mean": [-121.984596252, 217.287155151, -108.474494934, -6.4923043251, -11.4858875275, -22.0293979645, -37.2871131897, -11.6423053741, -9.18856143951, -10.5393066406, -12.4278249741, -7.49527788162, -1.53970015049],
        "cov": [[8978.0859375, -4591.08691406, -286.792022705, 632.84967041, -1775.36767578, 1405.046875, -168.251815796, 518.247924805, -214.649871826, 590.936218262, -128.086013794, 432.504821777, -227.234619141], [-4591.08691406, 3605.78955078, -411.170623779, -581.578918457, 1274.20532227, -1029.44921875, 156.868774414, -353.20690918, 235.263977051, -445.007629395, 143.82460022, -290.205322266, 211.296966553], [-286.792022705, -411.170623779, 958.755371094, 105.860725403, 4.17727231979, 203.909484863, -49.1201057434, 109.750579834, -50.4821891785, 73.7767715454, -23.984380722, 59.4867286682, -50.4142799377], [632.84967041, -581.578918457, 105.860725403, 413.395324707, -223.091537476, 182.727218628, 90.1754455566, 32.0890274048, -20.0868968964, 84.6984786987, 14.2629957199, 48.8639259338, -17.0622558594], [-1775.36767578, 1274.20532227, 4.17727231979, -223.091537476, 616.921264648, -364.12979126, 30.8586330414, -87.8259124756, 81.2807312012, -154.053543091, 33.292427063, -89.3115768433, 76.3908538818], [1405.046875, -1029.44921875, 203.909484863, 182.727218628, -364.12979126, 468.554321289, 15.82579422, 143.619812012, -45.2696228027, 164.46333313, -2.37827062607, 116.028205872, -44.6993293762], [-168.251815796, 156.868774414, -49.1201057434, 90.1754455566, 30.8586330414, 15.82579422, 167.852676392, -7.31298685074, 26.4481620789, 3.85023999214, 46.9003334045, 2.13965249062, 12.0651855469], [518.247924805, -353.20690918, 109.750579834, 32.0890274048, -87.8259124756, 143.619812012, -7.31298685074, 144.933349609, 11.2790145874, 63.7760658264, -2.19198083878, 45.3515777588, -13.6137161255], [-214.649871826, 235.263977051, -50.4821891785, -20.0868968964, 81.2807312012, -45.2696228027, 26.4481620789, 11.2790145874, 109.68976593, 22.77394104, 17.4077987671, -21.60546875, 30.8469810486], [590.936218262, -445.007629395, 73.7767715454, 84.6984786987, -154.053543091, 164.46333313, 3.85023999214, 63.7760658264, 22.77394104, 141.356536865, 16.6392917633, 36.9758491516, -22.3731098175], [-128.086013794, 143.82460022, -23.984380722, 14.2629957199, 33.292427063, -2.37827062607, 46.9003334045, -2.19198083878, 17.4077987671, 16.6392917633, 95.8606719971, 31.3416099548, 15.7901010513], [432.504821777, -290.205322266, 59.4867286682, 48.8639259338, -89.3115768433, 116.028205872, 2.13965249062, 45.3515777588, -21.60546875, 36.9758491516, 31.3416099548, 109.4868927, 19.4579620361], [-227.234619141, 211.296966553, -50.4142799377, -17.0622558594, 76.3908538818, -44.6993293762, 12.0651855469, -13.6137161255, 30.8469810486, -22.3731098175, 15.7901010513, 19.4579620361, 101.180107117]],
        "icov": [[0.000487172103021, 0.000377730262699, 0.000506885931827, -7.74263207859e-06, 0.000181227209396, -0.000420988770202, 0.000236753927311, -0.000440500123659, -0.000138510760735, -4.78007605125e-05, 0.00017824646784, -0.000530411605723, 0.000252078549238], [0.000377730262699, 0.00466867769137, 8.41828659759e-05, 0.00212102197111, -0.00348771153949, 0.00147038768046, -0.00233580684289, 0.00231784535572, -0.00422164844349, 0.00528739765286, -0.00542812421918, 0.00387566629797, -0.00207057315856], [0.000506885931827, 8.41828659759e-05, 0.00211246637627, -0.000783953233622, -0.000833775091451, -0.00135740812402, 0.00119653111324, -0.00121317559388, 0.00101166008972, -0.00107344076969, 0.00107462494634, -0.00128782191314, 0.0011410281295], [-7.74263207859e-06, 0.00212102197111, -0.000783953233622, 0.00512337312102, -0.000215596388443, 0.000964136619586, -0.0039231358096, 0.00195922120474, -0.00179677514825, 0.00171283876989, -0.00240344181657, 0.00192028132733, -0.00172096164897], [0.000181227209396, -0.00348771153949, -0.000833775091451, -0.000215596388443, 0.00816141534597, 0.000848806288559, 0.000642087019514, -0.00271210819483, 0.0011653607944, -0.00188502250239, 0.00302755087614, -0.00258929352276, 0.000263702415396], [-0.000420988770202, 0.00147038768046, -0.00135740812402, 0.000964136619586, 0.000848806288559, 0.00902869645506, -0.00346919614822, -0.00160710990895, 0.000403768732212, -0.00214277440682, -0.000825369963422, -0.00101137522142, -0.00125819456298], [0.000236753927311, -0.00233580684289, 0.00119653111324, -0.0039231358096, 0.000642087019514, -0.00346919614822, 0.0110695408657, -0.00126865610946, 0.000454306660686, -0.000981441233307, -0.000883208005689, -0.00117002171464, 0.00184349541087], [-0.000440500123659, 0.00231784535572, -0.00121317559388, 0.00195922120474, -0.00271210819483, -0.00160710990895, -0.00126865610946, 0.0137788746506, -0.00592440506443, 0.00250327959657, -0.00220421655104, 0.000106928746391, -7.77930326876e-05], [-0.000138510760735, -0.00422164844349, 0.00101166008972, -0.00179677514825, 0.0011653607944, 0.000403768732212, 0.000454306660686, -0.00592440506443, 0.0206126812845, -0.0130853001028, 0.00485131377354, 0.000175683861016, -0.00281513808295], [-4.78007605125e-05, 0.00528739765286, -0.00107344076969, 0.00171283876989, -0.00188502250239, -0.00214277440682, -0.000981441233307, 0.00250327959657, -0.0130853001028, 0.024525301531, -0.0111971059814, 0.00616538058966, -0.000490608799737], [0.00017824646784, -0.00542812421918, 0.00107462494634, -0.00240344181657, 0.00302755087614, -0.000825369963422, -0.000883208005689, -0.00220421655104, 0.00485131377354, -0.0111971059814, 0.023414677009, -0.012987752445, 0.00391310732812], [-0.000530411605723, 0.00387566629797, -0.00128782191314, 0.00192028132733, -0.00258929352276, -0.00101137522142, -0.00117002171464, 0.000106928746391, 0.000175683861016, 0.00616538058966, -0.012987752445, 0.0235769022256, -0.00913819018751], [0.000252078549238, -0.00207057315856, 0.0011410281295, -0.00172096164897, 0.000263702415396, -0.00125819456298, 0.00184349541087, -7.77930326876e-05, -0.00281513808295, -0.000490608799737, 0.00391310732812, -0.00913819018751, 0.0159630756825]]
    },
    "melbands": {
        "dmean": [0.000997173483483, 0.00139415124431, 0.000941180798691, 0.000759990536608, 0.000548196316231, 0.000213890103623, 0.000128714207676, 0.000161431220477, 3.5339162423e-05, 3.80233104806e-05, 3.5471697629e-05, 1.60607778525e-05, 1.75152890733e-05, 1.38534678626e-05, 1.7162592485e-05, 6.88102090862e-06, 7.7515906014e-06, 6.12818075751e-06, 1.88577269e-05, 7.29309385861e-06, 5.88482816966e-06, 2.920948873e-06, 1.73439093487e-06, 1.32992397539e-06, 1.00311171991e-06, 5.00011481108e-07, 8.24361620744e-07, 7.23678567738e-07, 6.98287522027e-07, 6.41819099201e-07, 4.54203927802e-07, 6.15687099526e-07, 1.06730192329e-06, 4.56877103261e-07, 3.69259794297e-07, 2.95840976605e-07, 2.63205492956e-07, 2.85601259975e-07, 3.35783141736e-07, 2.79683632698e-07],
        "dmean2": [0.00128730770666, 0.00200365670025, 0.00154746498447, 0.00124757306185, 0.00082348077558, 0.000296822632663, 0.000200447597308, 0.000245831848588, 5.52164929104e-05, 5.39105312782e-05, 4.97877081216e-05, 2.55225768342e-05, 2.67013274424e-05, 2.0150677301e-05, 2.41546749749e-05, 1.08882913992e-05, 1.20398235595e-05, 9.33693536354e-06, 2.93833036267e-05, 1.1205032024e-05, 9.16980752663e-06, 4.51766936749e-06, 2.87098805529e-06, 2.21560640057e-06, 1.72487978034e-06, 8.84976316229e-07, 1.41529392295e-06, 1.24883808894e-06, 1.23806603369e-06, 1.09325230824e-06, 7.80246352861e-07, 1.10427595246e-06, 1.90706725789e-06, 7.98087341991e-07, 6.01812473633e-07, 4.82721645767e-07, 4.36850143615e-07, 4.96756172197e-07, 5.83235589602e-07, 4.82652353639e-07],
        "dvar": [9.58650980465e-06, 1.03930096884e-05, 3.28341934619e-06, 2.1497819489e-06, 7.72831469931e-07, 1.25294661757e-07, 4.73797818756e-08, 7.66944552311e-08, 4.71327243901e-09, 4.45876446875e-09, 4.17744505654e-09, 1.16924825377e-09, 1.13153264536e-09, 6.04848393593e-10, 3.56650464717e-09, 1.9107464222e-10, 3.00417690724e-10, 2.48109005563e-10, 1.79304227022e-09, 2.7733026986e-10, 2.39591430029e-10, 1.15612491802e-10, 3.66741741142e-11, 4.69934438585e-11, 2.7108907133e-11, 8.35370141117e-12, 3.67790728428e-11, 2.1871350217e-11, 1.71305452462e-11, 1.37645242426e-11, 7.16525883765e-12, 1.01754542292e-11, 3.6866898423e-11, 5.62958880901e-12, 2.74743660982e-12, 1.53198395809e-12, 1.27580476565e-12, 1.72861746618e-12, 2.56701821258e-12, 1.66487765414e-12],
        "dvar2": [1.34066222017e-05, 1.61345360539e-05, 8.29783584777e-06, 5.86646774536e-06, 1.75120703716e-06, 2.34407508515e-07, 1.14776369742e-07, 1.96960456833e-07, 1.1114678955e-08, 9.48690015434e-09, 8.89058338061e-09, 2.90033419503e-09, 2.72204703222e-09, 1.26286958668e-09, 6.10463279926e-09, 4.83932061091e-10, 7.45917216882e-10, 5.27646759618e-10, 4.15577661173e-09, 6.44754083456e-10, 5.29834842666e-10, 2.85515500131e-10, 9.75626662791e-11, 1.23281773678e-10, 7.48636222458e-11, 2.37070415382e-11, 9.87620124571e-11, 5.93706889207e-11, 4.84573665915e-11, 3.75337053105e-11, 1.97893645915e-11, 2.82456748962e-11, 1.03136603424e-10, 1.56369604765e-11, 6.91724108548e-12, 3.9355524048e-12, 3.31354778685e-12, 4.73020450933e-12, 7.07557666971e-12, 4.51372880045e-12],
        "max": [0.0417676046491, 0.046028342098, 0.0267161764205, 0.0241892393678, 0.0176082216203, 0.00784645788372, 0.00524614704773, 0.00672562001273, 0.00158465804998, 0.00147844606545, 0.0011321635684, 0.000720356067177, 0.000679783057421, 0.000451588188298, 0.00207260879688, 0.000265767623205, 0.000387732376112, 0.000546099967323, 0.000708155857865, 0.000403563608415, 0.000317588855978, 0.000334472686518, 8.46671828185e-05, 0.000256131432252, 0.000137359413202, 0.000133039677166, 0.000213014165638, 0.000137272727443, 5.16183754371e-05, 4.9560876505e-05, 3.99884629587e-05, 3.74688279408e-05, 6.67860440444e-05, 3.15033939842e-05, 2.10267517105e-05, 1.51836366058e-05, 1.11527833724e-05, 1.19004989756e-05, 1.54440276674e-05, 1.17883218991e-05],
        "mean": [0.00199960032478, 0.00245067826472, 0.00172744074371, 0.0015760374954, 0.00123589008581, 0.000709874555469, 0.000413633562857, 0.000422035140218, 7.68850150052e-05, 8.97044228623e-05, 8.07147516753e-05, 3.21856205119e-05, 4.32625711255e-05, 3.40414517268e-05, 3.2773874409e-05, 1.47968494275e-05, 1.60259278346e-05, 1.04644259409e-05, 3.35125478159e-05, 1.55032303155e-05, 9.80319691735e-06, 5.73266243009e-06, 2.62465118794e-06, 1.77353365416e-06, 1.09653331037e-06, 5.30894112671e-07, 8.04495471129e-07, 6.82339873492e-07, 5.8707809103e-07, 5.46217847841e-07, 4.07590903251e-07, 5.3442454373e-07, 7.48026252495e-07, 3.61256496717e-07, 3.30960659767e-07, 2.6348786264e-07, 2.17941646952e-07, 2.31039166465e-07, 2.48772579425e-07, 2.07520770346e-07],
        "median": [0.000278524297755, 0.00111090380233, 0.00111485389061, 0.00101454474498, 0.000630362075754, 0.000313116353936, 0.000228587450692, 0.000265985203441, 3.07313894155e-05, 3.70121197193e-05, 2.749275518e-05, 1.48459612319e-05, 2.07903394767e-05, 1.3752034647e-05, 8.31694342196e-06, 6.58898443362e-06, 5.7824763644e-06, 2.93323228107e-06, 1.29815125547e-05, 6.14337250227e-06, 3.51092398887e-06, 1.81469636118e-06, 9.65601657299e-07, 3.95120338226e-07, 2.0584340632e-07, 7.81315279141e-08, 3.46590596223e-08, 3.53745157611e-08, 1.01412576115e-08, 5.2337387757e-09, 4.34046842912e-09, 2.63199129158e-09, 9.03668362362e-10, 5.89663429196e-10, 4.48476422665e-10, 2.40671094165e-10, 1.39566080914e-10, 1.17980278325e-10, 1.17581791526e-10, 5.75834727123e-11],
        "min": [8.88741897647e-24, 2.66588029019e-24, 1.38681727416e-24, 1.70256733173e-24, 4.00666161408e-24, 5.50198177538e-24, 9.41121788437e-24, 2.13311633309e-23, 1.00187094123e-23, 2.54154559578e-23, 2.32179371782e-23, 2.32793389556e-23, 4.67147966398e-24, 8.46676757623e-24, 1.13683833679e-23, 1.42083725569e-23, 4.12366664683e-24, 5.09175477757e-24, 1.20975701011e-23, 8.26767170553e-24, 1.57206946428e-23, 1.20410750385e-23, 1.34585791991e-23, 1.08860525112e-23, 1.06499361871e-23, 1.12518425798e-23, 8.65898379098e-24, 8.81166466374e-24, 1.07339325186e-23, 1.65934193509e-23, 1.43169987035e-23, 9.8216653688e-24, 6.99186274073e-24, 5.90967968512e-24, 8.68226544287e-24, 2.10804601798e-23, 9.27708076491e-24, 9.22909830035e-24, 1.12611842707e-23, 1.39154101271e-23],
        "var": [3.83518381568e-05, 2.40115004999e-05, 4.28121029472e-06, 3.57879912372e-06, 3.01239174405e-06, 9.8128521131e-07, 2.51809296969e-07, 2.79263730363e-07, 1.30715536173e-08, 1.62868936116e-08, 1.56868456003e-08, 2.66819899508e-09, 3.24308468969e-09, 2.60453547618e-09, 7.83962494921e-09, 5.06999719985e-10, 7.30224769541e-10, 5.25851473476e-10, 3.20382231855e-09, 6.45796804921e-10, 4.40840308702e-10, 1.53972043448e-10, 3.39957471895e-11, 3.91472826378e-11, 1.91873652383e-11, 6.02038688e-12, 2.87530572268e-11, 1.72095254714e-11, 1.19800142029e-11, 1.0517317052e-11, 5.47024057995e-12, 7.908055287e-12, 2.37039970985e-11, 4.14066133811e-12, 2.59963990439e-12, 1.45134783098e-12, 1.05732621009e-12, 1.27158309923e-12, 1.71786977005e-12, 1.14728072962e-12]
    },
    "mfcc": {
        "mean": [-759.209289551, 234.44380188, -1.62890946865, 13.899766922, 30.1139297485, -1.55670273304, -13.4901885986, -3.55116844177, 0.0674269273877, -7.53945112228, -7.70975828171, -2.00229024887, 1.27983558178],
        "cov": [[6325.53222656, -2037.22363281, -809.972839355, -116.370361328, -880.818481445, 87.8414611816, 265.072570801, -37.6536865234, 56.3082618713, 204.797210693, 163.621780396, 36.6263999939, 14.6959285736], [-2037.22363281, 2162.65795898, -616.500305176, -24.4858036041, 428.60055542, -250.124588013, -102.440437317, -12.6113777161, -26.6027755737, -155.353439331, -57.8536872864, -11.9899225235, -65.9733428955], [-809.972839355, -616.500305176, 1080.69714355, 47.8187637329, 98.2482070923, 210.670593262, -20.3427772522, 81.3924865723, 32.373790741, 37.2103843689, 23.7498722076, 31.1060657501, 49.9085350037], [-116.370361328, -24.4858036041, 47.8187637329, 219.901977539, 15.991191864, 13.5912599564, 39.7043266296, 5.75769090652, -6.89777946472, 2.75624346733, 11.7160711288, 1.97354364395, 6.13823080063], [-880.818481445, 428.60055542, 98.2482070923, 15.991191864, 314.122009277, -36.1813545227, -70.804107666, 26.256357193, 1.58116388321, -33.7372283936, -33.5018577576, -6.55153274536, -1.924888134], [87.8414611816, -250.124588013, 210.670593262, 13.5912599564, -36.1813545227, 152.635681152, 40.880191803, 14.5532112122, 29.0495548248, 28.5895633698, 25.1375312805, 22.6601333618, 21.972234726], [265.072570801, -102.440437317, -20.3427772522, 39.7043266296, -70.804107666, 40.880191803, 145.619430542, 43.697265625, -17.464849472, 10.6838779449, 24.3680114746, 16.4615001678, 16.0640296936], [-37.6536865234, -12.6113777161, 81.3924865723, 5.75769090652, 26.256357193, 14.5532112122, 43.697265625, 97.5532684326, 21.209318161, -3.87695145607, 9.98182296753, 10.3767118454, 11.7167224884], [56.3082618713, -26.6027755737, 32.373790741, -6.89777946472, 1.58116388321, 29.0495548248, -17.464849472, 21.209318161, 92.1175842285, 41.9417915344, -2.12659883499, 1.83369076252, 12.6298484802], [204.797210693, -155.353439331, 37.2103843689, 2.75624346733, -33.7372283936, 28.5895633698, 10.6838779449, -3.87695145607, 41.9417915344, 95.1574783325, 24.9732990265, 5.36974525452, 21.4217758179], [163.621780396, -57.8536872864, 23.7498722076, 11.7160711288, -33.5018577576, 25.1375312805, 24.3680114746, 9.98182296753, -2.12659883499, 24.9732990265, 100.310447693, 47.4371566772, -5.83631706238], [36.6263999939, -11.9899225235, 31.1060657501, 1.97354364395, -6.55153274536, 22.6601333618, 16.4615001678, 10.3767118454, 1.83369076252, 5.36974525452, 47.4371566772, 77.409866333, 32.0263252258], [14.6959285736, -65.9733428955, 49.9085350037, 6.13823080063, -1.924888134, 21.972234726, 16.0640296936, 11.7167224884, 12.6298484802, 21.4217758179, -5.83631706238, 32.0263252258, 79.9288635254]],
