{
"lowlevel": {
    "average_loudness": 0.953738212585,
    "barkbands_crest": {
        "dmean": 3.38038635254,
        "dmean2": 5.35175514221,
        "dvar": 8.92507648468,
        "dvar2": 22.0776786804,
        "max": 26.3292560577,
        "mean": 14.4295024872,
        "median": 14.4969549179,
        "min": 2.54838871956,
        "var": 27.4389438629
    },
    "barkbands_flatness_db": {
        "dmean": 0.0595629774034,
        "dmean2": 0.0863629952073,
        "dvar": 0.00355985248461,
        "dvar2": 0.00764115015045,
        "max": 0.667930483818,
        "mean": 0.231366127729,
        "median": 0.218696296215,
        "min": 0.0207092110068,
        "var": 0.0122468648478
    },
    "barkbands_kurtosis": {
        "dmean": 26.4293994904,
        "dmean2": 42.0734443665,
        "dvar": 2739.94897461,
        "dvar2": 6828.29052734,
        "max": 935.009216309,
        "mean": 32.4294204712,
        "median": 12.0282173157,
        "min": -1.92683184147,
        "var": 3626.87426758
    },
    "barkbands_skewness": {
        "dmean": 1.63968455791,
        "dmean2": 2.4901201725,
        "dvar": 3.66780138016,
        "dvar2": 9.03547954559,
        "max": 24.1198959351,
        "mean": 3.70574474335,
        "median": 3.04548120499,
        "min": -5.88856458664,
        "var": 8.11634635925
    },
    "barkbands_spread": {
        "dmean": 7.81446218491,
        "dmean2": 12.4953641891,
        "dvar": 165.085922241,
        "dvar2": 382.124816895,
        "max": 134.045822144,
        "mean": 12.0850248337,
        "median": 6.90566301346,
        "min": 0.0958789139986,
        "var": 235.755737305
    },
    "dissonance": {
        "dmean": 0.0289898533374,
        "dmean2": 0.0481386072934,
        "dvar": 0.00106190564111,
        "dvar2": 0.002795397304,
        "max": 0.500000178814,
        "mean": 0.445246934891,
        "median": 0.456533163786,
        "min": 0.108831502497,
        "var": 0.00211754487827
    },
    "dynamic_complexity": 4.29064464569,
    "erbbands_crest": {
        "dmean": 2.9903383255,
        "dmean2": 4.77797794342,
        "dvar": 9.69608306885,
        "dvar2": 23.5064353943,
        "max": 34.5765075684,
        "mean": 9.06017208099,
        "median": 7.78993034363,
        "min": 2.34644436836,
        "var": 20.7800235748
    },
    "erbbands_flatness_db": {
        "dmean": 0.0388357490301,
        "dmean2": 0.0551434159279,
        "dvar": 0.00179982418194,
        "dvar2": 0.00384122994728,
        "max": 0.503027975559,
        "mean": 0.158318147063,
        "median": 0.142405048013,
        "min": 0.0308014247566,
        "var": 0.00545814400539
    },
    "erbbands_kurtosis": {
        "dmean": 2.98270487785,
        "dmean2": 4.98807764053,
        "dvar": 165.879882812,
        "dvar2": 409.740142822,
        "max": 420.894866943,
        "mean": 2.14113259315,
        "median": 0.607521057129,
        "min": -1.9241849184,
        "var": 146.522842407
    },
    "erbbands_skewness": {
        "dmean": 0.620699584484,
        "dmean2": 0.979217767715,
        "dvar": 0.820005893707,
        "dvar2": 2.04799699783,
        "max": 14.8167562485,
        "mean": 0.846372127533,
        "median": 0.792895615101,
        "min": -4.08758354187,
        "var": 1.16680765152
    },
    "erbbands_spread": {
        "dmean": 15.365281105,
        "dmean2": 23.9569988251,
        "dvar": 436.288665771,
        "dvar2": 1022.21600342,
        "max": 181.913665771,
        "mean": 39.2799987793,
        "median": 33.1749153137,
        "min": 0.488462328911,
        "var": 655.765197754
    },
    "hfc": {
        "dmean": 5.15359210968,
        "dmean2": 7.05628108978,
        "dvar": 91.2991104126,
        "dvar2": 178.537750244,
        "max": 197.987548828,
        "mean": 7.9236330986,
        "median": 3.79834485054,
        "min": 1.08653859376e-16,
        "var": 141.210861206
    },
    "melbands_crest": {
        "dmean": 4.5250878334,
        "dmean2": 7.20374774933,
        "dvar": 18.6713943481,
        "dvar2": 42.9775505066,
        "max": 38.7510566711,
        "mean": 20.8135890961,
        "median": 21.0375709534,
        "min": 1.61736500263,
        "var": 61.8617706299
    },
    "melbands_flatness_db": {
        "dmean": 0.0689301639795,
        "dmean2": 0.0993671342731,
        "dvar": 0.00486492877826,
        "dvar2": 0.0103951571509,
        "max": 0.842906951904,
        "mean": 0.336264312267,
        "median": 0.323525130749,
        "min": 0.00315202283673,
        "var": 0.0179856251925
    },
    "melbands_kurtosis": {
        "dmean": 43.9889411926,
        "dmean2": 70.183555603,
        "dvar": 7304.19580078,
        "dvar2": 18486.5546875,
        "max": 1981.49853516,
        "mean": 57.7836456299,
        "median": 23.3593826294,
        "min": -1.8015127182,
        "var": 9174.08496094
    },
    "melbands_skewness": {
        "dmean": 1.82463216782,
        "dmean2": 2.77532076836,
        "dvar": 4.72987270355,
        "dvar2": 10.8732557297,
        "max": 30.4650783539,
        "mean": 4.70817089081,
        "median": 3.90354251862,
        "min": -4.75298786163,
        "var": 10.5970430374
    },
    "melbands_spread": {
        "dmean": 5.24048852921,
        "dmean2": 8.4222612381,
        "dvar": 110.504776001,
        "dvar2": 267.088043213,
        "max": 219.252975464,
        "mean": 10.3023395538,
        "median": 5.7333688736,
        "min": 0.133445709944,
        "var": 310.58996582
    },
    "pitch_salience": {
        "dmean": 0.108323864639,
        "dmean2": 0.171658217907,
        "dvar": 0.010712094605,
        "dvar2": 0.0249099247158,
        "max": 0.892728328705,
        "mean": 0.4348102808,
        "median": 0.424829781055,
        "min": 0.0460015907884,
        "var": 0.0332463681698
    },
    "silence_rate_20dB": {
        "dmean": 0,
        "dmean2": 0,
        "dvar": 0,
        "dvar2": 0,
        "max": 1,
        "mean": 1,
        "median": 1,
        "min": 1,
        "var": 0
    },
    "silence_rate_30dB": {
        "dmean": 0.0848548561335,
        "dmean2": 0.169720858335,
        "dvar": 0.0776555538177,
        "dvar2": 0.148537352681,
        "max": 1,
        "mean": 0.912852168083,
        "median": 1,
        "min": 0,
        "var": 0.0795398578048
    },
    "silence_rate_60dB": {
        "dmean": 0.0584526471794,
        "dmean2": 0.116847291589,
        "dvar": 0.0550374612212,
        "dvar2": 0.123037949204,
        "max": 1,
        "mean": 0.0959479883313,
        "median": 0,
        "min": 0,
        "var": 0.0867427513003
    },
    "spectral_centroid": {
        "dmean": 274.401031494,
        "dmean2": 439.937591553,
        "dvar": 223899.625,
        "dvar2": 537066.5625,
        "max": 11626.5800781,
        "mean": 776.924743652,
        "median": 549.13079834,
        "min": 87.6772918701,
        "var": 991400.5
    },
    "spectral_complexity": {
        "dmean": 2.82963347435,
        "dmean2": 4.11402320862,
        "dvar": 13.5037250519,
        "dvar2": 26.9860992432,
        "max": 56,
        "mean": 8.68010807037,
        "median": 9,
        "min": 0,
        "var": 33.0659217834
    },
    "spectral_decrease": {
        "dmean": 5.03007147046e-09,
        "dmean2": 6.93008228581e-09,
        "dvar": 4.89466359639e-17,
        "dvar2": 7.56823210453e-17,
        "max": 5.40100367952e-17,
        "mean": -8.94896601267e-09,
        "median": -4.77933292942e-09,
        "min": -6.12955375345e-08,
        "var": 1.1535344662e-16
    },
    "spectral_energy": {
        "dmean": 0.0192952863872,
        "dmean2": 0.0264908149838,
        "dvar": 0.000714656081982,
        "dvar2": 0.00109849160071,
        "max": 0.233321726322,
        "mean": 0.0344941914082,
        "median": 0.0185209456831,
        "min": 1.00792208056e-20,
        "var": 0.00169366120826
    },
    "spectral_energyband_high": {
        "dmean": 0.000265218201093,
        "dmean2": 0.000411249726312,
        "dvar": 3.24644844341e-07,
        "dvar2": 8.02909028152e-07,
        "max": 0.0110244099051,
        "mean": 0.000248088297667,
        "median": 3.95224378735e-05,
        "min": 6.84502862101e-21,
        "var": 3.06446537479e-07
    },
    "spectral_energyband_low": {
        "dmean": 0.0167127978057,
        "dmean2": 0.0248508937657,
        "dvar": 0.000759425631259,
        "dvar2": 0.00143428891897,
        "max": 0.204505994916,
        "mean": 0.0234368182719,
        "median": 0.0104621779174,
        "min": 1.89193110433e-23,
        "var": 0.00119868572801
    },
    "spectral_energyband_middle_high": {
        "dmean": 0.000663439219352,
        "dmean2": 0.00096226320602,
        "dvar": 5.02547527503e-06,
        "dvar2": 1.03677402876e-05,
        "max": 0.054798129946,
        "mean": 0.000955201103352,
        "median": 0.000480493152281,
        "min": 1.22721745544e-21,
        "var": 7.77490731707e-06
    },
    "spectral_energyband_middle_low": {
        "dmean": 0.00912450719625,
        "dmean2": 0.0149591164663,
        "dvar": 0.00050110736629,
        "dvar2": 0.00125708337873,
        "max": 0.146161645651,
        "mean": 0.00920240860432,
        "median": 0.00351788685657,
        "min": 1.51751720833e-22,
        "var": 0.000411242159316
    },
    "spectral_entropy": {
        "dmean": 0.410883784294,
        "dmean2": 0.615059912205,
        "dvar": 0.253591805696,
        "dvar2": 0.588101804256,
        "max": 9.82200717926,
        "mean": 7.14414358139,
        "median": 7.18207502365,
        "min": 3.51506590843,
        "var": 0.583731353283
    },
    "spectral_flux": {
        "dmean": 0.0453107953072,
        "dmean2": 0.060439389199,
        "dvar": 0.00257918261923,
        "dvar2": 0.00390348047949,
        "max": 0.482591837645,
        "mean": 0.102269880474,
        "median": 0.0642744228244,
        "min": 6.29259561125e-11,
        "var": 0.00931679364294
    },
    "spectral_kurtosis": {
        "dmean": 9.8576631546,
        "dmean2": 15.5647935867,
        "dvar": 864.241577148,
        "dvar2": 1873.51184082,
        "max": 619.830688477,
        "mean": 14.8463020325,
        "median": 6.49066066742,
        "min": -1.28139698505,
        "var": 1352.55554199
    },
    "spectral_rms": {
        "dmean": 0.00151518185157,
        "dmean2": 0.00203242176212,
        "dvar": 2.79110895463e-06,
        "dvar2": 4.3698069021e-06,
        "max": 0.0150874434039,
        "mean": 0.00492170453072,
        "median": 0.00425078999251,
        "min": 3.13582298149e-12,
        "var": 9.42980477703e-06
    },
    "spectral_rolloff": {
        "dmean": 481.785797119,
        "dmean2": 823.387207031,
        "dvar": 2307924.75,
        "dvar2": 5726942.5,
        "max": 19853.6132812,
        "mean": 793.717407227,
        "median": 236.865234375,
        "min": 21.533203125,
        "var": 5165638.5
    },
    "spectral_skewness": {
        "dmean": 0.761600017548,
        "dmean2": 1.17301821709,
        "dvar": 1.74806809425,
        "dvar2": 3.74152898788,
        "max": 21.2145042419,
        "mean": 2.43988585472,
        "median": 2.07247829437,
        "min": -0.0811073556542,
        "var": 3.34247350693
    },
    "spectral_spread": {
        "dmean": 1526852,
        "dmean2": 2079107.75,
        "dvar": 3.54625467187e+12,
        "dvar2": 6.57347837952e+12,
        "max": 51917120,
        "mean": 5177832.5,
        "median": 4611266.5,
        "min": 125271.6875,
        "var": 1.54301607444e+13
    },
    "spectral_strongpeak": {
        "dmean": 0.233034819365,
        "dmean2": 0.367567539215,
        "dvar": 0.123584315181,
        "dvar2": 0.256910175085,
        "max": 6.67417430878,
        "mean": 0.347428709269,
        "median": 0.208848968148,
        "min": 0,
        "var": 0.195490419865
    },
    "zerocrossingrate": {
        "dmean": 0.0157128367573,
        "dmean2": 0.0195623263717,
        "dvar": 0.000516642059665,
        "dvar2": 0.000655454117805,
        "max": 0.72021484375,
        "mean": 0.0382677875459,
        "median": 0.02099609375,
        "min": 0,
        "var": 0.003715967061
    },
    "barkbands": {
        "dmean": [0.00312284799293, 0.00997289083898, 0.00820482242852, 0.00569068780169, 0.00335695780814, 0.000638201425318, 0.000456452253275, 0.000345791515429, 0.000348724250216, 0.000202135925065, 0.000124763872009, 0.000124859536299, 8.44418100314e-05, 7.4991810834e-05, 6.32055380265e-05, 5.39922511962e-05, 4.61499075755e-05, 3.4928896639e-05, 4.15628674091e-05, 3.28871974489e-05, 3.15098623105e-05, 5.00220194226e-05, 3.50845111825e-05, 4.23655146733e-05, 2.69223601208e-05, 3.22014129779e-05, 5.50048316654e-05],
        "dmean2": [0.00458127446473, 0.0164727326483, 0.0135156624019, 0.0104535724968, 0.00600795308128, 0.000988672254607, 0.00069580564741, 0.000502563198097, 0.000553507823497, 0.000301038235193, 0.000191616098164, 0.000199678528588, 0.000133346373332, 0.000117498435429, 9.68531021499e-05, 8.47059272928e-05, 7.0825961302e-05, 5.20859393873e-05, 6.86772618792e-05, 5.10963618581e-05, 5.17964690516e-05, 8.36131657707e-05, 5.95679994149e-05, 7.46051955502e-05, 4.42221717094e-05, 5.07459153596e-05, 8.60144718899e-05],
        "dvar": [4.08400119341e-05, 0.000246330106165, 0.000512229220476, 0.000316228572046, 8.40633219923e-05, 2.32349361795e-06, 2.49964750765e-06, 1.3864223547e-06, 1.11473036668e-06, 4.62004493329e-07, 1.93693139749e-07, 2.20156877617e-07, 5.79709400483e-08, 1.26970590486e-07, 6.87485197659e-08, 4.37502762907e-08, 6.23843163794e-08, 3.57692115927e-08, 2.78042620039e-08, 1.9879001556e-08, 1.36753319779e-08, 1.42513814083e-08, 7.79715936261e-09, 1.21625882699e-08, 3.21337756404e-09, 4.30906821336e-09, 1.65032840727e-08],
        "dvar2": [8.94661716302e-05, 0.000674074923154, 0.00125964637846, 0.000885028974153, 0.000235109328059, 5.14857674716e-06, 5.11598636876e-06, 2.72068973572e-06, 2.66207894128e-06, 1.04764490061e-06, 4.563151208e-07, 5.49174956177e-07, 1.29384687853e-07, 2.89781866059e-07, 1.51066458898e-07, 8.58151665284e-08, 1.41272721521e-07, 6.67851622893e-08, 6.34072705452e-08, 4.26235118312e-08, 3.25552065306e-08, 3.77945319485e-08, 2.05520915841e-08, 3.43452342122e-08, 8.49374703904e-09, 9.37005495416e-09, 3.99547985808e-08],
        "max": [0.0691999644041, 0.137184008956, 0.143169909716, 0.117272675037, 0.0677852481604, 0.0251770690084, 0.0339236781001, 0.0247800946236, 0.0201654490083, 0.0135537814349, 0.0108190085739, 0.00834452267736, 0.00464115291834, 0.011553235352, 0.00643216026947, 0.00662146043032, 0.00795152317733, 0.00520129129291, 0.00414740573615, 0.00419533159584, 0.00297463545576, 0.00338114472106, 0.0016825114144, 0.00093251693761, 0.00110903044697, 0.00154624716379, 0.00325351534411],
        "mean": [0.00474090129137, 0.0129897352308, 0.00642430922017, 0.00374932331033, 0.00293961167336, 0.000833804835565, 0.000579479732551, 0.000529808690771, 0.000420134078013, 0.000272698875051, 0.000161389267305, 0.00013315344404, 0.00010271496285, 8.83529210114e-05, 7.60033290135e-05, 5.74608930037e-05, 5.33886559424e-05, 3.96772520617e-05, 3.8419089833e-05, 3.16470577673e-05, 2.89518957288e-05, 4.36092777818e-05, 2.92498771159e-05, 3.05530811602e-05, 2.3013972168e-05, 3.17080593959e-05, 4.50807528978e-05],
        "median": [0.00128630816471, 0.00636742077768, 0.000392360903788, 0.000288666196866, 0.00093871896388, 0.000350092479493, 0.000194361971808, 0.000215246662265, 0.000141345430166, 0.000110969289381, 6.70623703627e-05, 3.85137864214e-05, 3.88935077353e-05, 2.53345333476e-05, 2.59238404396e-05, 1.41277578223e-05, 1.38540635817e-05, 9.86214399745e-06, 7.69405323808e-06, 6.44460851618e-06, 7.00610371496e-06, 8.1558509919e-06, 4.93315565109e-06, 3.06128231387e-06, 2.01347620532e-06, 1.15905481834e-06, 5.73509339574e-07],
        "min": [7.82460038532e-26, 4.60138976698e-24, 4.96304689468e-25, 7.17802089816e-25, 8.61874557392e-24, 1.16903601019e-23, 8.05814078277e-24, 8.22957366811e-24, 1.5827905573e-23, 1.5114450304e-23, 1.41343679376e-23, 2.90984124437e-23, 3.43128713797e-23, 3.01437635837e-23, 2.96260120835e-23, 5.69174250279e-23, 3.79696045514e-23, 8.27991309128e-23, 1.07924401231e-22, 1.47256804017e-22, 2.059571178e-22, 2.36186217201e-22, 3.8090877085e-22, 6.18341640716e-22, 8.51824576745e-22, 1.29653987598e-21, 1.83167898124e-21],
        "var": [7.01251410646e-05, 0.000299047882436, 0.000419137475546, 0.000191225277376, 5.33579441253e-05, 3.11418421006e-06, 3.34182072947e-06, 1.99113219423e-06, 1.24533983126e-06, 5.58656779504e-07, 2.07536530183e-07, 2.21817771262e-07, 8.56462776255e-08, 1.71226986367e-07, 9.65193578395e-08, 6.36747614635e-08, 7.26172615373e-08, 5.13932825186e-08, 2.97927567061e-08, 2.22430287522e-08, 1.28449038073e-08, 1.1383228582e-08, 6.54607390516e-09, 7.57389440054e-09, 2.52275111912e-09, 4.49833947869e-09, 1.48940602074e-08]
    },
    "erbbands": {
        "dmean": [0.301960885525, 2.23109507561, 8.16475296021, 14.4474973679, 17.5587844849, 7.63621234894, 4.06007003784, 5.89873027802, 5.96951436996, 8.44375038147, 6.31473064423, 8.5817527771, 7.41263484955, 4.74656486511, 5.84284639359, 4.70713233948, 4.03317403793, 3.90712070465, 3.14322566986, 2.94005393982, 2.93486738205, 2.62365865707, 1.96898078918, 2.21331691742, 1.8293902874, 1.43634903431, 1.44418752193, 1.15961933136, 1.8012573719, 1.38596940041, 0.893860161304, 0.850576043129, 0.721736133099, 0.370268672705, 0.18681755662, 0.111206009984, 0.0622213706374, 0.0355711020529, 0.00900692399591, 0.000667907763273],
        "dmean2": [0.484871208668, 3.64320325851, 13.0367622375, 24.8631858826, 31.7221984863, 13.2521810532, 6.58296775818, 9.11862182617, 9.11439990997, 12.5621147156, 9.29896640778, 13.4847221375, 11.2009019852, 7.2819647789, 8.77585411072, 7.52647638321, 6.2907409668, 6.1173286438, 4.88667726517, 4.32881546021, 4.51606273651, 3.99654746056, 2.93904447556, 3.50175380707, 2.9737637043, 2.22049832344, 2.39438772202, 1.90831232071, 3.00328493118, 2.31745314598, 1.5027794838, 1.49261760712, 1.27637887001, 0.627661645412, 0.296872764826, 0.174150079489, 0.093534745276, 0.0554909408092, 0.0141845345497, 0.00104905804619],
        "dvar": [0.234466776252, 15.915017128, 454.234100342, 1758.15136719, 2726.48120117, 320.19039917, 69.7286453247, 226.946670532, 413.724822998, 676.579101562, 558.966308594, 699.415649414, 457.998626709, 288.835144043, 393.346099854, 342.712280273, 133.759140015, 247.870056152, 210.479675293, 122.168479919, 157.078598022, 213.601196289, 91.1054840088, 133.45741272, 51.9024009705, 33.1470909119, 30.4666137695, 15.3574342728, 18.916217804, 13.5744285583, 4.92932605743, 4.887196064, 3.44019818306, 0.738002836704, 0.140834391117, 0.0545526966453, 0.0162138361484, 0.00553552154452, 0.000381268910132, 3.57068461199e-06],
        "dvar2": [0.63312548399, 41.0906944275, 1057.22363281, 4572.65917969, 7551.91503906, 879.333129883, 175.18057251, 499.20501709, 852.59564209, 1296.06933594, 1145.31848145, 1656.98669434, 1025.46862793, 685.709289551, 910.16204834, 879.836853027, 292.372589111, 581.415588379, 476.412231445, 229.854064941, 300.818847656, 470.12109375, 170.517745972, 283.562805176, 118.394081116, 71.0145568848, 71.5266799927, 35.9911613464, 49.9047660828, 36.1131439209, 12.7663211823, 13.7342758179, 9.68463802338, 2.04418945312, 0.359866827726, 0.121076829731, 0.0373831093311, 0.0136788450181, 0.000916494056582, 8.79999333847e-06],
        "max": [6.64980268478, 36.1702270508, 142.302520752, 274.931427002, 357.536010742, 202.750015259, 115.56287384, 311.251708984, 462.380371094, 514.575134277, 623.183776855, 517.864257812, 445.72744751, 301.198608398, 344.855773926, 399.626403809, 249.882949829, 518.799316406, 364.538665771, 287.259338379, 455.882171631, 449.905426025, 252.854995728, 340.014770508, 184.472595215, 192.735565186, 145.325317383, 107.951210022, 143.569610596, 104.799003601, 56.1128730774, 23.2495059967, 13.6967086792, 15.4615268707, 8.12124824524, 10.1389923096, 2.98259949684, 1.37147176266, 0.42118036747, 0.0639971643686],
        "mean": [0.450666427612, 2.64705991745, 7.09829568863, 10.7879838943, 12.8563919067, 7.90096473694, 5.34300470352, 7.60202598572, 8.03474712372, 11.6421756744, 9.44401168823, 10.868355751, 9.81635856628, 6.13698720932, 7.22121238708, 5.44913482666, 5.10691547394, 4.68202495575, 3.88686752319, 3.57410812378, 3.26540446281, 3.00218987465, 2.26151657104, 2.20373392105, 1.71838819981, 1.4165135622, 1.30597007275, 1.07276690006, 1.59917187691, 1.18620967865, 0.759887695312, 0.633194029331, 0.516311764717, 0.285562962294, 0.166656270623, 0.110390998423, 0.0569935180247, 0.0288859531283, 0.007439320907, 0.000575743208174],
        "median": [0.218493744731, 1.11834442616, 0.874751091003, 0.880750775337, 2.11760997772, 3.07610797882, 2.41100072861, 2.97015047073, 2.76250958443, 4.3904504776, 4.35600376129, 4.09398460388, 3.94482445717, 2.37938261032, 2.79123020172, 1.9563421011, 2.00718569756, 1.62466418743, 1.3770018816, 1.12174391747, 0.909276485443, 0.731495440006, 0.604035913944, 0.451336085796, 0.394222676754, 0.311851501465, 0.290111094713, 0.272300720215, 0.310756921768, 0.219844594598, 0.135222673416, 0.0712393522263, 0.0462772771716, 0.0250304415822, 0.0135738542303, 0.00595012260601, 0.0017722081393, 0.000527796568349, 0.000106632091047, 4.96313805343e-05],
        "min": [1.91991730179e-22, 1.08866591453e-21, 2.51789254817e-21, 4.36248108036e-21, 8.66444388227e-21, 1.89363791913e-20, 4.73402863953e-20, 1.19767080226e-19, 1.10733143488e-19, 1.30807692506e-19, 2.58681116886e-19, 4.30414229358e-19, 4.20780160161e-19, 7.02590358498e-19, 1.11513335072e-18, 1.14739939167e-18, 1.81389417318e-18, 2.00701148129e-18, 1.64561771924e-18, 3.40721546613e-18, 4.41042114701e-18, 2.78269699879e-18, 4.77783574996e-18, 6.53174774819e-18, 7.60075916232e-18, 8.81529852956e-18, 1.02633848981e-17, 9.82125686073e-18, 8.68025798584e-18, 1.14589214452e-17, 1.15963277254e-17, 1.1699999926e-17, 9.56000344478e-18, 7.71545602606e-18, 6.61817240577e-18, 3.97926400607e-18, 2.25011490024e-18, 1.00722288352e-18, 2.20736610279e-19, 2.74613203557e-20],
        "var": [0.392470419407, 16.5874710083, 413.093841553, 1276.46984863, 1712.23657227, 236.895187378, 80.8942718506, 301.4815979, 583.523254395, 968.638122559, 720.584594727, 804.331176758, 588.688476562, 322.641876221, 434.469146729, 371.715637207, 219.630645752, 311.170318604, 289.396911621, 207.908370972, 233.136535645, 260.619812012, 131.829864502, 160.463546753, 54.2559242249, 37.6542396545, 29.9425449371, 14.8123750687, 15.2780885696, 10.316485405, 4.55154848099, 3.16500353813, 2.14458179474, 0.509216666222, 0.121892049909, 0.0617290474474, 0.0160428825766, 0.00491390377283, 0.000348863366526, 3.05386333821e-06]
    },
    "gfcc": {
        "mean": [-95.7890777588, 116.362380981, -66.2062454224, 17.565032959, -39.6526184082, 9.9302110672, -16.5413475037, 2.25699090958, -9.70122051239, 1.42565774918, -9.9230222702, 1.31661486626, -6.47928762436],
        "cov": [[17883.1738281, -2005.92858887, -740.264831543, 102.312538147, -547.26940918, 242.724349976, -363.059051514, 117.934509277, -449.429473877, -25.6499824524, -577.179443359, -117.050544739, -484.822814941], [-2005.92858887, 4319.30957031, -837.062133789, -443.77722168, 810.411987305, -402.246063232, 248.812042236, 20.9887161255, 345.812988281, -134.394256592, 360.778930664, -166.206771851, 230.348327637], [-740.264831543, -837.062133789, 1997.12548828, 196.22505188, -99.6792144775, 150.240814209, 15.4603691101, -22.179485321, -81.8318099976, 101.45614624, -71.3043899536, 16.3735370636, -80.8365707397], [102.312538147, -443.77722168, 196.22505188, 591.850952148, -78.3358535767, 155.435745239, 44.5556373596, 43.3897781372, -31.8030567169, 32.3170089722, -9.73644256592, 2.19317984581, -2.14706945419], [-547.26940918, 810.411987305, -99.6792144775, -78.3358535767, 709.592407227, -65.6079101562, 210.796218872, 91.7382507324, 109.515655518, -36.6518440247, 79.0592193604, -24.0501346588, 32.3766937256], [242.724349976, -402.246063232, 150.240814209, 155.435745239, -65.6079101562, 279.694488525, 50.4762229919, 41.9824028015, -10.1949081421, 26.1321144104, -49.0831298828, 26.50872612, -14.7550725937], [-363.059051514, 248.812042236, 15.4603691101, 44.5556373596, 210.796218872, 50.4762229919, 201.409545898, 81.0354537964, 71.797203064, 5.39321994781, 38.6614837646, 6.1553196907, 34.6495094299], [117.934509277, 20.9887161255, -22.179485321, 43.3897781372, 91.7382507324, 41.9824028015, 81.0354537964, 116.111808777, 42.9319267273, 25.0101184845, 10.3862581253, -3.75647950172, 9.46141433716], [-449.429473877, 345.812988281, -81.8318099976, -31.8030567169, 109.515655518, -10.1949081421, 71.797203064, 42.9319267273, 139.779754639, 31.4113464355, 53.6042518616, 20.3218517303, 31.8125534058], [-25.6499824524, -134.394256592, 101.45614624, 32.3170089722, -36.6518440247, 26.1321144104, 5.39321994781, 25.0101184845, 31.4113464355, 99.0582427979, 37.9158592224, 28.0373573303, 7.23956680298], [-577.179443359, 360.778930664, -71.3043899536, -9.73644256592, 79.0592193604, -49.0831298828, 38.6614837646, 10.3862581253, 53.6042518616, 37.9158592224, 116.654777527, 25.7180309296, 60.8243865967], [-117.050544739, -166.206771851, 16.3735370636, 2.19317984581, -24.0501346588, 26.50872612, 6.1553196907, -3.75647950172, 20.3218517303, 28.0373573303, 25.7180309296, 85.9957733154, 31.0452404022], [-484.822814941, 230.348327637, -80.8365707397, -2.14706945419, 32.3766937256, -14.7550725937, 34.6495094299, 9.46141433716, 31.8125534058, 7.23956680298, 60.8243865967, 31.0452404022, 92.5128860474]],
        "icov": [[8.58439016156e-05, -5.29461322003e-05, 6.79520235281e-05, -2.28933804465e-05, 9.82427445706e-06, 1.4008585822e-05, 5.82069478696e-05, -0.000248498545261, 0.000332564522978, -0.000280179345282, 0.000446105957963, -0.000259369262494, 0.000344261527061], [-5.29461322003e-05, 0.000817611580715, -5.47233094039e-06, 0.000318345060805, -0.000300549407257, -2.28210610658e-05, -3.55084957846e-05, 0.000717359711416, -0.00164410972502, 0.00150857015979, -0.00231569935568, 0.00245231459849, -0.00112229108345], [6.79520235281e-05, -5.47233094039e-06, 0.000678335665725, -0.000118989504699, -7.16483555152e-05, -6.16766774328e-05, -0.000364616833394, 0.00035093279439, 0.000624914944638, -0.00119287206326, 0.000731924839783, -0.000173129621544, 0.000530941819306], [-2.28933804465e-05, 0.000318345060805, -0.000118989504699, 0.00226936186664, 0.000185466677067, -0.00104332854971, -0.000447590427939, -0.000269093405223, 0.000100098986877, 0.000470963743282, -0.00164163624868, 0.00142632063944, -0.000470669881906], [9.82427445706e-06, -0.000300549407257, -7.16483555152e-05, 0.000185466677067, 0.00272836722434, 0.000584662018809, -0.00230445270427, -0.00112996704411, -3.69397298527e-06, 0.00125128123909, -0.000861059990712, -0.00055665941909, 0.00151486787945], [1.4008585822e-05, -2.28210610658e-05, -6.16766774328e-05, -0.00104332854971, 0.000584662018809, 0.00581018952653, -0.00215286575258, -0.000932400813326, 0.000452846143162, -0.00149625400081, 0.00362873985432, -0.00220174668357, -9.67998948909e-06], [5.82069478696e-05, -3.55084957846e-05, -0.000364616833394, -0.000447590427939, -0.00230445270427, -0.00215286575258, 0.0114001194015, -0.00461295712739, -0.00243281247094, 0.00210978253745, -0.00119644869119, -8.85501140147e-06, -0.00180932995863], [-0.000248498545261, 0.000717359711416, 0.00035093279439, -0.000269093405223, -0.00112996704411, -0.000932400813326, -0.00461295712739, 0.0157471969724, -0.00351168075576, -0.00345741584897, 0.000387609761674, 0.00483855744824, -0.00282448879443], [0.000332564522978, -0.00164410972502, 0.000624914944638, 0.000100098986877, -3.69397298527e-06, 0.000452846143162, -0.00243281247094, -0.00351168075576, 0.0155095020309, -0.00646726600826, 0.00333822565153, -0.00657267635688, 0.00291239912622], [-0.000280179345282, 0.00150857015979, -0.00119287206326, 0.000470963743282, 0.00125128123909, -0.00149625400081, 0.00210978253745, -0.00345741584897, -0.00646726600826, 0.0216628797352, -0.0139499735087, 0.00119965767954, 0.00192875089124], [0.000446105957963, -0.00231569935568, 0.000731924839783, -0.00164163624868, -0.000861059990712, 0.00362873985432, -0.00119644869119, 0.000387609761674, 0.00333822565153, -0.0139499735087, 0.0287526864558, -0.00776612944901, -0.00636038742959], [-0.000259369262494, 0.00245231459849, -0.000173129621544, 0.00142632063944, -0.00055665941909, -0.00220174668357, -8.85501140147e-06, 0.00483855744824, -0.00657267635688, 0.00119965767954, -0.00776612944901, 0.0234141107649, -0.00881631206721], [0.000344261527061, -0.00112229108345, 0.000530941819306, -0.000470669881906, 0.00151486787945, -9.67998948909e-06, -0.00180932995863, -0.00282448879443, 0.00291239912622, 0.00192875089124, -0.00636038742959, -0.00881631206721, 0.0222835615277]]
    },
    "melbands": {
        "dmean": [0.00267151906155, 0.00361726130359, 0.00246683438309, 0.000912452931516, 0.000159760194947, 0.000129053340061, 9.22276012716e-05, 8.94216427696e-05, 4.97001710755e-05, 5.4424184782e-05, 3.6443114368e-05, 1.93063733605e-05, 1.78002064786e-05, 1.57700105774e-05, 9.41046164371e-06, 7.95624782768e-06, 7.83321866038e-06, 4.94404048368e-06, 4.82790937895e-06, 3.87691761716e-06, 3.47336981577e-06, 2.82188352685e-06, 2.06657500712e-06, 1.61396701515e-06, 1.87732780432e-06, 1.54183794621e-06, 1.0987234873e-06, 9.17425268199e-07, 1.01211128367e-06, 6.81948222336e-07, 6.69775261031e-07, 8.17239254047e-07, 1.31304091155e-06, 6.1844599486e-07, 4.48878353154e-07, 6.06337437148e-07, 5.1508652632e-07, 5.25986024513e-07, 4.38500279643e-07, 2.71435396826e-07],
        "dmean2": [0.00434623798355, 0.00563266687095, 0.00407791882753, 0.0016318942653, 0.000263887137407, 0.00019955044263, 0.00013962421508, 0.000132031083922, 7.30512329028e-05, 8.63203749759e-05, 5.53732170374e-05, 2.98056911561e-05, 2.71653261734e-05, 2.5082481443e-05, 1.4875049601e-05, 1.23861773318e-05, 1.24308853628e-05, 7.76544038672e-06, 7.41009262129e-06, 5.8935584093e-06, 5.38282120033e-06, 4.4009893827e-06, 3.13553641718e-06, 2.41577026827e-06, 3.02226817439e-06, 2.57730107478e-06, 1.70983571479e-06, 1.44073237607e-06, 1.71006740857e-06, 1.1105142903e-06, 1.12109205475e-06, 1.34282527142e-06, 2.24596260523e-06, 1.03212278191e-06, 7.38737924166e-07, 1.06912625597e-06, 9.11152824301e-07, 9.28816120904e-07, 7.7864189052e-07, 4.48213739901e-07],
        "dvar": [1.50262721945e-05, 6.87993815518e-05, 4.61513118353e-05, 6.43621388008e-06, 1.04394949574e-07, 1.06437191505e-07, 9.88454118556e-08, 7.58774305609e-08, 3.42635715356e-08, 2.64854840282e-08, 1.12924789519e-08, 5.0322426226e-09, 3.33024585686e-09, 3.2222258195e-09, 9.85744486037e-10, 5.61759361251e-10, 1.09789588532e-09, 6.40086594839e-10, 3.97188143486e-10, 1.82235324053e-10, 2.66418470618e-10, 2.74487044205e-10, 9.23888604509e-11, 8.04796437825e-11, 1.0370349024e-10, 2.97424480877e-11, 2.91624120685e-11, 1.190908136e-11, 1.42547579643e-11, 7.42303093992e-12, 4.61811101513e-12, 4.72284407763e-12, 8.98516504255e-12, 3.3682991292e-12, 1.32036937807e-12, 2.55007321683e-12, 1.83978049809e-12, 1.83913453043e-12, 1.21762029712e-12, 4.3611156895e-13],
        "dvar2": [4.14813839598e-05, 0.000149903644342, 0.000114002265036, 1.77966412593e-05, 2.72460368933e-07, 2.34403685795e-07, 2.00249914428e-07, 1.44096475196e-07, 7.1240755517e-08, 6.40320081402e-08, 2.53881236034e-08, 1.19494734108e-08, 7.7673911747e-09, 7.84133291631e-09, 2.41406850066e-09, 1.21638199513e-09, 2.6276296694e-09, 1.44133982527e-09, 8.77719841252e-10, 3.7357961169e-10, 5.11788667001e-10, 6.2785160404e-10, 1.84642814927e-10, 1.5554513233e-10, 2.25393870235e-10, 7.03655536616e-11, 6.43327613403e-11, 2.57055661479e-11, 3.35724503753e-11, 1.77039372745e-11, 1.10478249812e-11, 1.22625815752e-11, 2.4459389375e-11, 8.88164802121e-12, 3.32514593117e-12, 7.00509919169e-12, 5.19001551805e-12, 5.16850885007e-12, 3.4420740997e-12, 1.21277684076e-12],
        "max": [0.0473988130689, 0.0568296015263, 0.045198738575, 0.0181073639542, 0.00385294598527, 0.00621017580852, 0.00684044836089, 0.00517429038882, 0.00463843019679, 0.00305378600024, 0.0022148732096, 0.00132301053964, 0.00120074662846, 0.00101920613088, 0.000668195949402, 0.000504392141011, 0.00114150519948, 0.000698193267453, 0.000527892494574, 0.000359335157555, 0.000674185284879, 0.000541610002983, 0.000241503905272, 0.000259392807493, 0.000303715583868, 0.0001334403496, 0.000160103008966, 0.000118754796858, 9.99024778139e-05, 9.19399390114e-05, 6.20311984676e-05, 8.81468440639e-05, 5.15702340635e-05, 5.75591875531e-05, 3.12201264023e-05, 3.72846152459e-05, 1.40411257235e-05, 9.0921193987e-06, 7.29305475033e-06, 1.69297927641e-05],
        "mean": [0.00393287977204, 0.00370010570623, 0.00199333485216, 0.00076042348519, 0.0002122894075, 0.000167928810697, 0.000123145684483, 0.000127649458591, 7.29535968276e-05, 6.68226202833e-05, 4.72958054161e-05, 2.38941775024e-05, 2.26475603995e-05, 1.74735523615e-05, 1.14424983622e-05, 9.93051889964e-06, 8.90499177331e-06, 6.12632311459e-06, 5.52053734282e-06, 4.34303910879e-06, 3.72587351194e-06, 3.17625131174e-06, 2.37999188357e-06, 1.80926508619e-06, 1.8023189341e-06, 1.38882592182e-06, 1.07593666598e-06, 8.8953845534e-07, 8.789999697e-07, 6.48427999295e-07, 5.96454299284e-07, 7.58916883115e-07, 1.07988319087e-06, 5.34845241873e-07, 4.03302493623e-07, 4.60917249256e-07, 3.72031195184e-07, 3.7414849885e-07, 3.11991840363e-07, 2.15926249325e-07],
        "median": [0.00215019355528, 0.000942440412473, 0.000198568755877, 0.000206751705264, 9.88131869235e-05, 6.77136995364e-05, 4.14877285948e-05, 4.86501339765e-05, 3.43402898579e-05, 2.30070563703e-05, 1.78491318366e-05, 8.30614499137e-06, 9.1517540568e-06, 6.14536702415e-06, 4.27599115937e-06, 3.54444978257e-06, 2.68983512797e-06, 1.96718451662e-06, 1.67915447946e-06, 1.29627051138e-06, 9.02120632418e-07, 7.35537923902e-07, 5.93623894929e-07, 4.42944354972e-07, 3.18088012818e-07, 2.7643486078e-07, 2.35710757579e-07, 1.86639667277e-07, 1.73969453954e-07, 1.70158244828e-07, 1.36570761811e-07, 1.62621830668e-07, 1.62135222581e-07, 9.90294424241e-08, 7.77926558726e-08, 5.33143378334e-08, 3.78002731338e-08, 3.412294447e-08, 2.43921896015e-08, 1.8535720514e-08],
        "min": [2.24983840144e-24, 1.905825627e-24, 7.673637553e-25, 1.07663687041e-24, 1.05131404092e-24, 2.5176533261e-24, 1.46256724816e-24, 1.64521369266e-24, 2.09121464505e-24, 2.76078222924e-24, 1.94730846935e-24, 2.59908960672e-24, 2.47656649193e-24, 3.30641562371e-24, 1.90495866887e-24, 3.61030712972e-24, 2.87178343886e-24, 2.65325674077e-24, 3.04649206911e-24, 4.51521696828e-24, 4.07454270054e-24, 1.99549722104e-24, 4.42738716724e-24, 4.20148304197e-24, 4.83832295657e-24, 3.77276475011e-24, 4.23547190293e-24, 5.33217354907e-24, 5.63597295557e-24, 4.49482018071e-24, 5.3029367862e-24, 3.79164731917e-24, 5.59907990319e-24, 5.72883095602e-24, 6.26768054113e-24, 5.14081995372e-24, 6.12902324868e-24, 6.21521024688e-24, 6.12771413401e-24, 6.19217866389e-24],
        "var": [2.41690340772e-05, 7.15328424121e-05, 3.74978299078e-05, 4.14039595853e-06, 1.13289097214e-07, 1.42669833281e-07, 1.39715282899e-07, 1.12210550185e-07, 4.31440057014e-08, 2.98850544311e-08, 1.44408343061e-08, 5.62731328202e-09, 3.79718123611e-09, 3.25572080406e-09, 1.30667276999e-09, 8.91314411167e-10, 1.30077282279e-09, 8.89088969114e-10, 5.42421052518e-10, 2.68091826516e-10, 3.91902427177e-10, 3.13439968425e-10, 1.28056162896e-10, 1.09734110687e-10, 1.20292290018e-10, 2.98143905397e-11, 3.09080191996e-11, 1.36388782213e-11, 1.40266956036e-11, 6.97918849449e-12, 4.31415580343e-12, 4.04689042693e-12, 6.50886245943e-12, 2.57250275769e-12, 1.27918585013e-12, 1.96889032855e-12, 1.14498688308e-12, 1.14796204227e-12, 7.56345181797e-13, 3.04260468816e-13]
    },
    "mfcc": {
        "mean": [-750.827087402, 155.74810791, 32.4477157593, 23.4225177765, 6.44075918198, 14.2782669067, 3.34025907516, 8.80214595795, 5.03460121155, 4.44383382797, 4.8249912262, 1.37653839588, 2.40013647079],
        "cov": [[9692.1015625, -763.94708252, -961.606994629, -194.66255188, -242.9790802, -102.539894104, -2.41548895836, -36.744556427, -38.0580329895, 27.7339992523, -83.2596359253, -135.370819092, -151.441329956], [-763.94708252, 3076.10400391, -668.33416748, -42.3970336914, 343.413726807, -162.635604858, 51.6291313171, 71.4687728882, 72.1604385376, 107.734024048, 84.113243103, 117.038352966, 49.4588317871], [-961.606994629, -668.33416748, 1591.73095703, 169.281951904, -17.5321941376, 159.534088135, 28.603313446, -65.3693389893, 8.31144332886, -24.2132453918, 9.60849952698, -9.72494602203, 1.03947341442], [-194.66255188, -42.3970336914, 169.281951904, 418.441864014, 111.193252563, 54.0701789856, 107.851036072, 49.4873657227, 42.4138679504, 44.7897338867, 17.3598518372, 29.2682323456, 16.2226314545], [-242.9790802, 343.413726807, -17.5321941376, 111.193252563, 255.051177979, 46.4244308472, 93.7706222534, 52.4189300537, 44.4393959045, 35.3267936707, 21.8737945557, 34.3410720825, 9.01453971863], [-102.539894104, -162.635604858, 159.534088135, 54.0701789856, 46.4244308472, 187.902389526, 60.7079925537, 68.0722503662, 42.3674507141, 12.7451257706, 21.1151180267, 10.9555101395, 12.0201444626], [-2.41548895836, 51.6291313171, 28.603313446, 107.851036072, 93.7706222534, 60.7079925537, 188.394943237, 69.6411209106, 61.3476028442, 46.0265312195, 3.5311729908, 21.988866806, 8.93179607391], [-36.744556427, 71.4687728882, -65.3693389893, 49.4873657227, 52.4189300537, 68.0722503662, 69.6411209106, 135.745681763, 71.8162078857, 33.4082984924, 25.981546402, 11.7100009918, 9.49286079407], [-38.0580329895, 72.1604385376, 8.31144332886, 42.4138679504, 44.4393959045, 42.3674507141, 61.3476028442, 71.8162078857, 91.0030441284, 52.0001792908, 25.8271694183, 20.8429088593, 15.7356567383], [27.7339992523, 107.734024048, -24.2132453918, 44.7897338867, 35.3267936707, 12.7451257706, 46.0265312195, 33.4082984924, 52.0001792908, 73.1804733276, 36.1611785889, 23.3049526215, 14.1648492813], [-83.2596359253, 84.113243103, 9.60849952698, 17.3598518372, 21.8737945557, 21.1151180267, 3.5311729908, 25.981546402, 25.8271694183, 36.1611785889, 63.9974708557, 36.0313644409, 20.9209842682], [-135.370819092, 117.038352966, -9.72494602203, 29.2682323456, 34.3410720825, 10.9555101395, 21.988866806, 11.7100009918, 20.8429088593, 23.3049526215, 36.0313644409, 59.815486908, 35.3267173767], [-151.441329956, 49.4588317871, 1.03947341442, 16.2226314545, 9.01453971863, 12.0201444626, 8.93179607391, 9.49286079407, 15.7356567383, 14.1648492813, 20.9209842682, 35.3267173767, 55.7901229858]],
