{
"lowlevel": {
    "average_loudness": 0.521275699139,
    "barkbands_crest": {
        "dmean": 2.33621191978,
        "dmean2": 3.57787561417,
        "dvar": 4.74713850021,
        "dvar2": 11.5225019455,
        "max": 26.5971794128,
        "mean": 12.5921916962,
        "median": 11.5304470062,
        "min": 2.74697780609,
        "var": 24.78033638
    },
    "barkbands_flatness_db": {
        "dmean": 0.0188366398215,
        "dmean2": 0.0284064263105,
        "dvar": 0.000302930013277,
        "dvar2": 0.000717547954991,
        "max": 0.764274895191,
        "mean": 0.343448191881,
        "median": 0.330685675144,
        "min": 0.0447359681129,
        "var": 0.0123763848096
    },
    "barkbands_kurtosis": {
        "dmean": 2.24250745773,
        "dmean2": 3.37719368935,
        "dvar": 18.8752613068,
        "dvar2": 39.6458778381,
        "max": 248.67956543,
        "mean": 4.3878531456,
        "median": 1.47522449493,
        "min": -1.84986042976,
        "var": 129.536941528
    },
    "barkbands_skewness": {
        "dmean": 0.459106147289,
        "dmean2": 0.677564501762,
        "dvar": 0.209480971098,
        "dvar2": 0.481866776943,
        "max": 13.032995224,
        "mean": 0.755536079407,
        "median": 0.696069478989,
        "min": -6.90668773651,
        "var": 1.68879747391
    },
    "barkbands_spread": {
        "dmean": 1.44868433475,
        "dmean2": 2.24631810188,
        "dvar": 4.81500291824,
        "dvar2": 11.707118988,
        "max": 112.57434845,
        "mean": 6.70980215073,
        "median": 5.04024124146,
        "min": 0.0863123983145,
        "var": 48.6583175659
    },
    "dissonance": {
        "dmean": 0.0459945686162,
        "dmean2": 0.0779121890664,
        "dvar": 0.0019916833844,
        "dvar2": 0.00547821493819,
        "max": 0.499873250723,
        "mean": 0.361914813519,
        "median": 0.376141726971,
        "min": 0.0214273352176,
        "var": 0.00720283575356
    },
    "dynamic_complexity": 5.13297271729,
    "erbbands_crest": {
        "dmean": 2.68925857544,
        "dmean2": 4.21307373047,
        "dvar": 6.44193887711,
        "dvar2": 16.2222137451,
        "max": 32.6192893982,
        "mean": 13.6100206375,
        "median": 12.5924682617,
        "min": 2.42879462242,
        "var": 31.0716571808
    },
    "erbbands_flatness_db": {
        "dmean": 0.017689594999,
        "dmean2": 0.026507973671,
        "dvar": 0.000267766998149,
        "dvar2": 0.000630192516837,
        "max": 0.716583251953,
        "mean": 0.370145142078,
        "median": 0.359015494585,
        "min": 0.0722576603293,
        "var": 0.0104112122208
    },
    "erbbands_kurtosis": {
        "dmean": 1.97287976742,
        "dmean2": 3.00739789009,
        "dvar": 14.4298744202,
        "dvar2": 32.7908058167,
        "max": 144.539352417,
        "mean": 3.67638134956,
        "median": 1.2425198555,
        "min": -1.87955272198,
        "var": 84.2955322266
    },
    "erbbands_skewness": {
        "dmean": 0.428915083408,
        "dmean2": 0.644496977329,
        "dvar": 0.177239432931,
        "dvar2": 0.416081219912,
        "max": 7.229824543,
        "mean": 0.563396692276,
        "median": 0.470644891262,
        "min": -3.14457416534,
        "var": 0.988197743893
    },
    "erbbands_spread": {
        "dmean": 2.62189769745,
        "dmean2": 4.05921602249,
        "dvar": 10.5849885941,
        "dvar2": 26.3268280029,
        "max": 92.3305358887,
        "mean": 11.3359556198,
        "median": 8.90779590607,
        "min": 0.196148723364,
        "var": 90.2171707153
    },
    "hfc": {
        "dmean": 3.66548609734,
        "dmean2": 5.50807571411,
        "dvar": 24.1826572418,
        "dvar2": 61.6853713989,
        "max": 96.3649978638,
        "mean": 15.4008550644,
        "median": 13.1240730286,
        "min": 1.21393135641e-16,
        "var": 182.633071899
    },
    "melbands_crest": {
        "dmean": 2.58148789406,
        "dmean2": 3.94638800621,
        "dvar": 6.39382410049,
        "dvar2": 15.4562063217,
        "max": 36.8579444885,
        "mean": 14.709227562,
        "median": 13.5801095963,
        "min": 1.49666392803,
        "var": 35.1725196838
    },
    "melbands_flatness_db": {
        "dmean": 0.0186613239348,
        "dmean2": 0.027655210346,
        "dvar": 0.000305628054775,
        "dvar2": 0.000708992069121,
        "max": 0.837174296379,
        "mean": 0.395182281733,
        "median": 0.393343806267,
        "min": 0.00341629725881,
        "var": 0.0160157177597
    },
    "melbands_kurtosis": {
        "dmean": 2.44748425484,
        "dmean2": 3.71346449852,
        "dvar": 17.8002643585,
        "dvar2": 38.7021255493,
        "max": 128.288101196,
        "mean": 4.66284656525,
        "median": 1.88105201721,
        "min": -1.83124029636,
        "var": 86.2487945557
    },
    "melbands_skewness": {
        "dmean": 0.465243905783,
        "dmean2": 0.69427216053,
        "dvar": 0.219831496477,
        "dvar2": 0.51958411932,
        "max": 9.97469615936,
        "mean": 0.879268169403,
        "median": 0.810260057449,
        "min": -6.12959480286,
        "var": 1.55685245991
    },
    "melbands_spread": {
        "dmean": 2.43943715096,
        "dmean2": 3.77430295944,
        "dvar": 12.5710945129,
        "dvar2": 30.7615070343,
        "max": 152.573638916,
        "mean": 11.5345411301,
        "median": 8.05942153931,
        "min": 0.217293545604,
        "var": 227.792785645
    },
    "pitch_salience": {
        "dmean": 0.0558772459626,
        "dmean2": 0.0862084627151,
        "dvar": 0.0025521828793,
        "dvar2": 0.00647660903633,
        "max": 0.824015438557,
        "mean": 0.487848758698,
        "median": 0.498097062111,
        "min": 0.0243025477976,
        "var": 0.0156938619912
    },
    "silence_rate_20dB": {
        "dmean": 0,
        "dmean2": 0,
        "dvar": 0,
        "dvar2": 0,
        "max": 1,
        "mean": 1,
        "median": 1,
        "min": 1,
        "var": 0
    },
    "silence_rate_30dB": {
        "dmean": 0.000350232032361,
        "dmean2": 0.000700525415596,
        "dvar": 0.000350157439243,
        "dvar2": 0.000875358353369,
        "max": 1,
        "mean": 0.999474704266,
        "median": 1,
        "min": 0,
        "var": 0.000525109644514
    },
    "silence_rate_60dB": {
        "dmean": 0.01698625274,
        "dmean2": 0.033975481987,
        "dvar": 0.0166987031698,
        "dvar2": 0.0393048301339,
        "max": 1,
        "mean": 0.172474175692,
        "median": 0,
        "min": 0,
        "var": 0.142724841833
    },
    "spectral_centroid": {
        "dmean": 78.9110412598,
        "dmean2": 119.500419617,
        "dvar": 16069.6796875,
        "dvar2": 29851.5976562,
        "max": 10651.1816406,
        "mean": 867.747680664,
        "median": 710.270141602,
        "min": 214.973739624,
        "var": 326240.375
    },
    "spectral_complexity": {
        "dmean": 1.16872429848,
        "dmean2": 1.98563921452,
        "dvar": 1.36769223213,
        "dvar2": 3.63052082062,
        "max": 30,
        "mean": 10.0980567932,
        "median": 10,
        "min": 0,
        "var": 30.0441665649
    },
    "spectral_decrease": {
        "dmean": 1.22252041823e-09,
        "dmean2": 1.74276881815e-09,
        "dvar": 2.41683480706e-18,
        "dvar2": 5.77711831999e-18,
        "max": 2.34800552188e-18,
        "mean": -5.77756686937e-09,
        "median": -4.94718221944e-09,
        "min": -3.26198730249e-08,
        "var": 2.36451166285e-17
    },
    "spectral_energy": {
        "dmean": 0.00492487894371,
        "dmean2": 0.00704561686143,
        "dvar": 3.90931963921e-05,
        "dvar2": 9.40406316658e-05,
        "max": 0.131795138121,
        "mean": 0.0232027880847,
        "median": 0.0199776180089,
        "min": 1.10350578917e-20,
        "var": 0.000377617194317
    },
    "spectral_energyband_high": {
        "dmean": 3.25197579514e-05,
        "dmean2": 5.68242503505e-05,
        "dvar": 1.91711340136e-08,
        "dvar2": 5.87114925565e-08,
        "max": 0.00418356619775,
        "mean": 7.85430529504e-05,
        "median": 1.55645375344e-06,
        "min": 8.02053224301e-21,
        "var": 5.30140056298e-08
    },
    "spectral_energyband_low": {
        "dmean": 0.000272284611128,
        "dmean2": 0.000342813757015,
        "dvar": 8.79674473708e-07,
        "dvar2": 1.19658557196e-06,
        "max": 0.0559001043439,
        "mean": 0.00106651382521,
        "median": 8.08921686257e-06,
        "min": 1.17389608756e-22,
        "var": 9.7271076811e-06
    },
    "spectral_energyband_middle_high": {
        "dmean": 0.00247703539208,
        "dmean2": 0.00375448050909,
        "dvar": 1.9880659238e-05,
        "dvar2": 5.04397467012e-05,
        "max": 0.0945751518011,
        "mean": 0.00652445014566,
        "median": 0.00333587871864,
        "min": 1.53337707382e-21,
        "var": 9.3436538009e-05
    },
    "spectral_energyband_middle_low": {
        "dmean": 0.00371763017029,
        "dmean2": 0.0050408183597,
        "dvar": 2.55619088421e-05,
        "dvar2": 5.49546675757e-05,
        "max": 0.119055435061,
        "mean": 0.0159037001431,
        "median": 0.0121233975515,
        "min": 4.94512894868e-22,
        "var": 0.000244980648858
    },
    "spectral_entropy": {
        "dmean": 0.127180993557,
        "dmean2": 0.188324987888,
        "dvar": 0.0144160855561,
        "dvar2": 0.0320658795536,
        "max": 9.78640651703,
        "mean": 5.78234386444,
        "median": 5.77564573288,
        "min": 2.81587076187,
        "var": 0.745723724365
    },
    "spectral_flux": {
        "dmean": 0.0130591336638,
        "dmean2": 0.0222237873822,
        "dvar": 0.000217064080061,
        "dvar2": 0.000625802902505,
        "max": 0.187525361776,
        "mean": 0.0479893274605,
        "median": 0.0442503765225,
        "min": 1.05047887056e-10,
        "var": 0.00103012740146
    },
    "spectral_kurtosis": {
        "dmean": 18.6585941315,
        "dmean2": 32.4336471558,
        "dvar": 941.907043457,
        "dvar2": 2934.47680664,
        "max": 941.758605957,
        "mean": 64.0762252808,
        "median": 40.4061050415,
        "min": -1.16159617901,
        "var": 4742.34716797
    },
    "spectral_rms": {
        "dmean": 0.000477124267491,
        "dmean2": 0.000680161465425,
        "dvar": 2.54532238841e-07,
        "dvar2": 6.08764082699e-07,
        "max": 0.0113393394276,
        "mean": 0.00421366654336,
        "median": 0.00441478844732,
        "min": 3.2811446702e-12,
        "var": 4.88183559355e-06
    },
    "spectral_rolloff": {
        "dmean": 153.309112549,
        "dmean2": 266.995788574,
        "dvar": 134764.3125,
        "dvar2": 308471.875,
        "max": 18755.4199219,
        "mean": 1238.84448242,
        "median": 925.927734375,
        "min": 129.19921875,
        "var": 3818045.5
    },
    "spectral_skewness": {
        "dmean": 0.909904181957,
        "dmean2": 1.57773971558,
        "dvar": 0.984207332134,
        "dvar2": 2.99006295204,
        "max": 26.0336437225,
        "mean": 5.39354133606,
        "median": 4.70908164978,
        "min": 0.0185859166086,
        "var": 11.6553688049
    },
    "spectral_spread": {
        "dmean": 260811.8125,
        "dmean2": 451499.53125,
        "dvar": 119635861504,
        "dvar2": 205745389568,
        "max": 38572268,
        "mean": 1778770.625,
        "median": 1453117.625,
        "min": 114555.164062,
        "var": 2.00027458765e+12
    },
    "spectral_strongpeak": {
        "dmean": 0.63864928484,
        "dmean2": 1.00512099266,
        "dvar": 0.761477708817,
        "dvar2": 1.89659368992,
        "max": 11.9317150116,
        "mean": 1.98990440369,
        "median": 1.51459169388,
        "min": 0,
        "var": 3.05540919304
    },
    "zerocrossingrate": {
        "dmean": 0.00324858166277,
        "dmean2": 0.00415543606505,
        "dvar": 2.43431786657e-05,
        "dvar2": 3.58401157428e-05,
        "max": 0.51318359375,
        "mean": 0.0434342473745,
        "median": 0.0341796875,
        "min": 0.00439453125,
        "var": 0.00266622146592
    },
    "barkbands": {
        "dmean": [3.12416119641e-08, 3.61590355169e-05, 0.000167500882526, 0.000213922045077, 0.000795231782831, 0.00116114632692, 0.0011567362817, 0.000796922016889, 0.00167820847128, 0.000900585611816, 0.000798504799604, 0.00107541226316, 0.000276121951174, 0.000107917505375, 7.3133072874e-05, 5.60559128644e-05, 8.04007941042e-05, 6.33230883977e-05, 7.14406360203e-06, 1.50523055709e-05, 2.50320772466e-05, 1.23479276226e-05, 1.68713734183e-06, 7.48768286485e-07, 3.39489474754e-07, 3.22918793927e-08, 1.07439808161e-08],
        "dmean2": [5.35685344971e-08, 4.68912658107e-05, 0.000210656347917, 0.000275551807135, 0.00105001067277, 0.00158863549586, 0.00144623359665, 0.00122665881645, 0.00226816022769, 0.00142676196992, 0.00106166361365, 0.00174484634772, 0.000443066150183, 0.000173164793523, 0.000126492188429, 9.17076031328e-05, 0.000131624241476, 0.000103977901745, 1.13499063445e-05, 2.33567043324e-05, 4.29505416832e-05, 2.27741329581e-05, 2.86813110506e-06, 1.32052457502e-06, 5.49598269117e-07, 5.47951017893e-08, 1.77090360154e-08],
        "dvar": [1.18874628226e-14, 4.52089494729e-08, 4.06890450222e-07, 4.5632242518e-07, 2.78701804746e-06, 7.32043736207e-06, 5.06605965711e-06, 4.54870723843e-06, 9.71085592028e-06, 9.39166420721e-06, 4.05173250329e-06, 7.93333310867e-06, 5.27343502199e-07, 8.31251369959e-08, 1.11236396094e-07, 3.60062060167e-08, 7.36294083481e-08, 4.704957135e-08, 4.8585357959e-10, 3.94732868614e-09, 1.37147280199e-08, 4.30368674031e-09, 7.13918091311e-11, 1.01607663255e-11, 2.05660445271e-12, 1.21705149756e-14, 7.19691125695e-16],
        "dvar2": [3.37803380103e-14, 7.01281379634e-08, 5.37504547538e-07, 6.75428282193e-07, 5.03326918988e-06, 1.4526056475e-05, 8.48685158417e-06, 1.20866634461e-05, 1.84625823749e-05, 2.55152481259e-05, 7.42121619624e-06, 2.07038356166e-05, 1.2607933968e-06, 2.00006596174e-07, 3.43626112453e-07, 9.21423932709e-08, 1.86571455174e-07, 1.21370973716e-07, 1.35988253991e-09, 1.02013126835e-08, 3.96768768951e-08, 1.4223268785e-08, 2.07199812863e-10, 3.13743198088e-11, 5.20680287081e-12, 3.56267139813e-14, 1.94228593509e-15],
        "max": [5.46847059013e-06, 0.0165593214333, 0.0513221025467, 0.0173154044896, 0.0393843799829, 0.065457560122, 0.0713923051953, 0.0410027503967, 0.115308560431, 0.0682379677892, 0.0846263095737, 0.0550413057208, 0.0214421898127, 0.00803072564304, 0.0124673591927, 0.00445277336985, 0.00927943922579, 0.00438051298261, 0.000779055815656, 0.00227981153876, 0.00359705206938, 0.00122949364595, 0.00042182704783, 6.84526748955e-05, 4.69431579404e-05, 3.69656390831e-06, 7.89398541201e-07],
        "mean": [3.66655186212e-08, 0.00014485543943, 0.000630705209915, 0.000582463282626, 0.002485957928, 0.00279875868, 0.00369849498384, 0.00148822960909, 0.00470409309492, 0.00154966232367, 0.00223282235675, 0.00169363070745, 0.000461480813101, 0.000176504545379, 0.000106506646262, 0.000105244747829, 0.000119796430226, 0.000104811530036, 1.61894713528e-05, 3.65094638255e-05, 4.25098915002e-05, 1.72054351424e-05, 3.7196575704e-06, 1.57171223236e-06, 8.73896794928e-07, 1.19063166437e-07, 3.63482222099e-08],
        "median": [1.04537178913e-08, 8.95404497214e-08, 1.30542252919e-06, 2.11277147173e-05, 0.000317572179483, 0.000604700879194, 0.000770478858612, 0.00036030553747, 0.00120740348939, 0.000369964924175, 0.000187741155969, 0.000362162070815, 0.000107816085801, 2.675271935e-05, 5.94326411374e-06, 4.63922151539e-06, 3.81420363738e-06, 4.835409527e-06, 9.20930006032e-07, 1.12820544018e-06, 2.76240257335e-07, 1.41322885838e-07, 8.47212362487e-08, 9.81677104051e-08, 7.36900034326e-08, 1.95115212875e-08, 5.61060087279e-09],
        "min": [5.89109569992e-24, 4.20739594888e-23, 5.61809255541e-23, 2.42402725124e-23, 2.28109385936e-23, 9.83508799487e-23, 2.31611884179e-22, 3.91646688694e-23, 6.65005956569e-23, 5.96911293904e-23, 9.66611020244e-23, 6.70480272598e-23, 1.15080947363e-22, 8.6570655968e-23, 8.71630841969e-23, 3.11126210905e-22, 1.07560149441e-22, 1.53043067202e-22, 2.50850977346e-22, 3.77938816827e-22, 4.75898907705e-22, 4.31122859802e-22, 7.53510848989e-22, 8.04270476278e-22, 1.20926495023e-21, 1.56315799925e-21, 2.78138026943e-21],
        "var": [1.00274225162e-14, 3.09002899712e-07, 5.13259192303e-06, 2.63199945039e-06, 2.04396146728e-05, 3.04375389533e-05, 4.87395918753e-05, 9.97834649752e-06, 8.79549988895e-05, 1.72684358404e-05, 4.72311767226e-05, 1.51541726154e-05, 1.1777334521e-06, 1.55249750833e-07, 1.42927646607e-07, 8.11443712223e-08, 1.12768674398e-07, 8.70593268587e-08, 1.47558887331e-09, 9.61354107432e-09, 2.36180461854e-08, 4.69918370882e-09, 2.29528562823e-10, 2.51211308699e-11, 7.84038285684e-12, 1.09118484105e-13, 5.60417750211e-15]
    },
    "erbbands": {
        "dmean": [0.000207824719837, 0.0123611753806, 0.136713325977, 0.468887716532, 1.54225850105, 2.29972648621, 7.52839279175, 10.5493249893, 16.612449646, 11.724237442, 21.4986057281, 29.0462245941, 36.555896759, 39.9522743225, 22.861782074, 29.9476013184, 14.3954553604, 6.2577586174, 3.84977912903, 2.82282304764, 3.54594254494, 5.63296413422, 4.26159000397, 0.591981172562, 0.659090816975, 0.41355368495, 1.01780569553, 0.959975302219, 0.680529296398, 0.0574491098523, 0.0418830700219, 0.019565468654, 0.0140313860029, 0.00622355053201, 0.00239587947726, 0.000218035740545, 6.13588636043e-05, 1.44833920785e-05, 3.6531985188e-06, 5.7048519011e-06],
        "dmean2": [0.00027791064349, 0.0156470835209, 0.169047579169, 0.603923499584, 2.14274668694, 3.03282785416, 9.45752048492, 15.0334596634, 21.9008274078, 15.1460199356, 32.6568603516, 39.592464447, 51.9902038574, 55.5847892761, 35.3331565857, 48.6431159973, 22.88463974, 10.1484413147, 6.33956956863, 4.84626865387, 5.75323629379, 9.24976539612, 7.00319290161, 0.967510044575, 1.03578293324, 0.649396836758, 1.67955601215, 1.74425756931, 1.25298821926, 0.0996459871531, 0.0729944854975, 0.0346588492393, 0.0250952001661, 0.00987693481147, 0.00410115206614, 0.000357613258529, 0.000108540036308, 2.38301308855e-05, 5.55922770218e-06, 8.21899902803e-06],
        "dvar": [1.25090309666e-06, 0.00482776388526, 0.365389227867, 1.93177521229, 24.3741550446, 25.7881507874, 374.40435791, 698.830566406, 1184.25378418, 547.370910645, 2620.63720703, 3485.50073242, 6962.23144531, 8101.90283203, 3202.25488281, 5335.50048828, 1211.11657715, 248.544570923, 123.282119751, 123.420478821, 157.114028931, 358.293487549, 219.758255005, 2.85646700859, 7.98633813858, 2.24740099907, 25.9858436584, 28.5557174683, 13.2620038986, 0.0527769513428, 0.062924079597, 0.00773592619225, 0.00457125622779, 0.000791958591435, 0.000132071771077, 6.53779409276e-07, 4.52774067128e-08, 2.557123846e-09, 3.29770342977e-11, 5.17666222388e-11],
        "dvar2": [2.37736662712e-06, 0.00660873670131, 0.426023453474, 3.02622103691, 42.5591430664, 46.1677856445, 617.214538574, 1580.68579102, 2318.57861328, 978.592224121, 6825.84326172, 6401.99804688, 16753.6582031, 16707.1582031, 8281.16601562, 13869.3076172, 2933.22827148, 641.492553711, 333.189544678, 375.481658936, 402.127990723, 917.480651855, 567.138122559, 8.03219509125, 20.8088817596, 5.88886070251, 68.0262374878, 87.6357498169, 43.913444519, 0.162918925285, 0.185315459967, 0.0237523205578, 0.0141405975446, 0.00195768498816, 0.000370152847609, 1.75908962774e-06, 1.49505552827e-07, 6.88736401244e-09, 8.94661636441e-11, 1.25287558106e-10],
        "max": [0.0706220343709, 5.79646587372, 46.6656303406, 46.2077293396, 122.913032532, 228.65562439, 599.298217773, 575.333312988, 850.455749512, 866.648742676, 1044.3293457, 2755.32275391, 1618.15527344, 3465.00366211, 1312.44165039, 1455.66333008, 897.237365723, 356.773193359, 312.70602417, 374.272155762, 307.64654541, 652.444946289, 317.41986084, 41.8580551147, 105.199317932, 48.7995414734, 153.157485962, 166.101348877, 67.990272522, 7.96967554092, 13.7361516953, 2.44686341286, 1.6794885397, 0.880123138428, 0.304157614708, 0.022404268384, 0.00648750178516, 0.00201096874662, 0.00015017275291, 0.000152328138938],
        "mean": [0.000835298968013, 0.0518727004528, 0.552889347076, 1.56185054779, 3.84577727318, 7.59750843048, 19.9950637817, 24.7002468109, 47.7532081604, 38.5930671692, 44.3087348938, 88.7628936768, 86.2110977173, 105.336837769, 48.9784698486, 49.2781410217, 25.0435810089, 11.1954917908, 6.4151673317, 4.72425174713, 6.97768878937, 9.1838092804, 7.24151659012, 1.41132628918, 1.48405885696, 1.16992652416, 1.68785297871, 1.48169529438, 0.954638838768, 0.133525952697, 0.0922368168831, 0.045279879123, 0.0269423238933, 0.0138173159212, 0.00505073973909, 0.000739679497201, 0.000214437779505, 4.55570079794e-05, 1.76829580596e-05, 2.72355755442e-05],
        "median": [1.11210410978e-05, 0.000180643837666, 0.00402300059795, 0.0679251551628, 0.415774583817, 0.777665138245, 2.30636787415, 5.93520355225, 15.8245925903, 10.1325435638, 15.9654712677, 21.6496734619, 23.6516189575, 20.1583175659, 10.533821106, 12.3792629242, 6.87421321869, 2.2944560051, 1.69958496094, 0.749423503876, 0.484415113926, 0.477364122868, 0.428313970566, 0.142653405666, 0.0803115069866, 0.0412856414914, 0.0202571637928, 0.00987330637872, 0.00573818897828, 0.00508387526497, 0.00254851160571, 0.00213866168633, 0.00177765474655, 0.00108649407048, 0.000401800090913, 0.000135686714202, 4.35327747255e-05, 9.79133164947e-06, 1.48025192175e-05, 2.39758046519e-05],
        "min": [1.36100866886e-21, 9.94887765898e-21, 5.41946409931e-20, 8.20697326008e-20, 7.82280925786e-20, 6.22074071087e-20, 3.49804082797e-19, 9.39377633081e-19, 3.04745269745e-18, 2.29189724055e-18, 9.77751472275e-19, 1.53106457813e-18, 1.65527267474e-18, 2.28480065128e-18, 4.28240088515e-18, 2.60087835745e-18, 3.38318173344e-18, 6.03855164772e-18, 4.40714385743e-18, 1.06597276615e-17, 1.26752607574e-17, 7.49336630339e-18, 8.6721871846e-18, 9.29549755467e-18, 1.49840409611e-17, 1.97900992863e-17, 2.31080745789e-17, 1.28641118815e-17, 1.51020812888e-17, 2.62127266089e-17, 1.74647920141e-17, 1.56351909218e-17, 1.46593824968e-17, 1.18987350312e-17, 9.28355968407e-18, 5.85709179597e-18, 3.08304297048e-18, 1.28524097574e-18, 3.68078544631e-19, 4.2694613893e-20],
        "var": [7.91660295363e-06, 0.0366913452744, 4.29439592361, 17.0029315948, 97.6029815674, 271.871368408, 1893.76257324, 2321.37744141, 5914.54736328, 6435.68359375, 6496.24853516, 40204.6757812, 25416.390625, 80246.6953125, 9666.19238281, 10980.2783203, 2736.52612305, 524.752502441, 191.372161865, 169.351379395, 362.222808838, 596.381347656, 413.301300049, 8.82712459564, 16.63646698, 8.27666473389, 40.1688079834, 33.5093688965, 14.6708803177, 0.166878893971, 0.180080786347, 0.0214113667607, 0.0100217638537, 0.00212217541412, 0.000323986721924, 4.46612557425e-06, 3.22586828361e-07, 1.30810668963e-08, 2.67153132949e-10, 4.90748885973e-10]
    },
    "gfcc": {
        "mean": [-185.040344238, 148.427627563, -155.383514404, -59.2629241943, -80.3502960205, -20.5346240997, -32.9598846436, -13.229265213, -23.1920719147, -18.0033187866, -8.18723297119, -8.91908359528, -5.09466695786],
        "cov": [[25956.9257812, 2223.4777832, -2663.23217773, 2937.28808594, 783.763244629, -370.92074585, -780.465820312, -588.680480957, -435.08984375, -479.154327393, -489.191436768, -435.554504395, -104.271331787], [2223.4777832, 3756.46582031, 1625.43054199, -878.753173828, 611.792480469, 3.69628357887, -191.987472534, -60.9358863831, 225.633773804, -184.857757568, 49.5373535156, -176.711639404, 46.2078857422], [-2663.23217773, 1625.43054199, 3013.93847656, -290.869049072, 34.1008491516, 528.028869629, -154.468841553, 144.172988892, 203.242355347, 77.0399627686, -15.8483562469, 44.8867912292, -8.05569076538], [2937.28808594, -878.753173828, -290.869049072, 2319.93969727, 520.435668945, 13.2983798981, -10.8829879761, -274.356811523, -246.252761841, 202.014419556, -197.347518921, -61.4280548096, -121.695167542], [783.763244629, 611.792480469, 34.1008491516, 520.435668945, 996.961120605, -41.9641571045, -19.2299671173, 86.015296936, -43.743144989, 27.2150154114, -60.3674812317, -63.3345909119, -37.7662200928], [-370.92074585, 3.69628357887, 528.028869629, 13.2983798981, -41.9641571045, 529.320922852, 0.674280226231, -70.2070846558, -0.0522865056992, -33.1386070251, 25.0063037872, -1.25969803333, -63.3971405029], [-780.465820312, -191.987472534, -154.468841553, -10.8829879761, -19.2299671173, 0.674280226231, 439.116149902, 63.3690910339, -11.2979888916, 53.4917297363, 43.9836959839, 1.26305317879, 8.38759231567], [-588.680480957, -60.9358863831, 144.172988892, -274.356811523, 86.015296936, -70.2070846558, 63.3690910339, 407.502929688, 74.5680236816, 25.9723777771, -27.8779602051, 12.7033262253, 39.9795570374], [-435.08984375, 225.633773804, 203.242355347, -246.252761841, -43.743144989, -0.0522865056992, -11.2979888916, 74.5680236816, 274.975738525, 57.5547065735, -6.63843870163, -4.26900911331, -9.64912223816], [-479.154327393, -184.857757568, 77.0399627686, 202.014419556, 27.2150154114, -33.1386070251, 53.4917297363, 25.9723777771, 57.5547065735, 262.570709229, 8.01611995697, -31.9087543488, -20.6140632629], [-489.191436768, 49.5373535156, -15.8483562469, -197.347518921, -60.3674812317, 25.0063037872, 43.9836959839, -27.8779602051, -6.63843870163, 8.01611995697, 223.013549805, 23.1005496979, -10.2098093033], [-435.554504395, -176.711639404, 44.8867912292, -61.4280548096, -63.3345909119, -1.25969803333, 1.26305317879, 12.7033262253, -4.26900911331, -31.9087543488, 23.1005496979, 146.204833984, 36.2767677307], [-104.271331787, 46.2078857422, -8.05569076538, -121.695167542, -37.7662200928, -63.3971405029, 8.38759231567, 39.9795570374, -9.64912223816, -20.6140632629, -10.2098093033, 36.2767677307, 133.494140625]],
        "icov": [[0.000155417466885, -0.000468141952297, 0.000437041628174, -0.000450970983366, 0.000421618606197, -0.000343637017068, 0.000292341399472, -0.000511179910973, 0.000118187141197, 2.37548028963e-05, 0.000138749106554, -0.000237250540522, 7.68013487686e-05], [-0.000468141952297, 0.00234878133051, -0.00195663934574, 0.00180036062375, -0.00209928303957, 0.00173443916719, -0.00095158291515, 0.0025299123954, -0.000837734085508, 0.000774920627009, -0.000656727876049, 0.00211482611485, -0.000689415552188], [0.000437041628174, -0.00195663934574, 0.00214028474875, -0.00151903613005, 0.00168856407981, -0.0019849576056, 0.00108257122338, -0.00227718381211, 0.000445454585133, -0.000766985933296, 0.000626393943094, -0.00179867108818, 0.000362478574971], [-0.000450970983366, 0.00180036062375, -0.00151903613005, 0.00234049139544, -0.0019925837405, 0.00126913224813, -0.000910296861548, 0.00250055524521, 0.000128779851366, -0.000509588280693, 0.000302255648421, 0.00104465114418, 8.37028128444e-05], [0.000421618606197, -0.00209928303957, 0.00168856407981, -0.0019925837405, 0.00315534230322, -0.00140553887468, 0.000933107570745, -0.0028126896359, 0.000753559113946, -0.000372098846128, 0.000434976012912, -0.00135985214729, 0.000750111183152], [-0.000343637017068, 0.00173443916719, -0.0019849576056, 0.00126913224813, -0.00140553887468, 0.00397427752614, -0.00102756125852, 0.00230502849445, -0.000472905347124, 0.00120609533042, -0.000687862630002, 0.00163686217275, 0.000687055347953], [0.000292341399472, -0.00095158291515, 0.00108257122338, -0.000910296861548, 0.000933107570745, -0.00102756125852, 0.00312858377583, -0.00161145662423, 0.000455406610854, -0.000623787520453, -0.00023694812262, -0.000552199780941, -7.62322961236e-05], [-0.000511179910973, 0.0025299123954, -0.00227718381211, 0.00250055524521, -0.0028126896359, 0.00230502849445, -0.00161145662423, 0.00608218181878, -0.00119342457037, 0.000298548780847, 0.000138406016049, 0.00184957869351, -0.00108638533857], [0.000118187141197, -0.000837734085508, 0.000445454585133, 0.000128779851366, 0.000753559113946, -0.000472905347124, 0.000455406610854, -0.00119342457037, 0.00521373422816, -0.00191805767827, 0.00100262986962, -0.0010661073029, 0.00129103357904], [2.37548028963e-05, 0.000774920627009, -0.000766985933296, -0.000509588280693, -0.000372098846128, 0.00120609533042, -0.000623787520453, 0.000298548780847, -0.00191805767827, 0.00602777861059, -0.00123533478472, 0.00238498602994, -0.00029364405782], [0.000138749106554, -0.000656727876049, 0.000626393943094, 0.000302255648421, 0.000434976012912, -0.000687862630002, -0.00023694812262, 0.000138406016049, 0.00100262986962, -0.00123533478472, 0.00581472413614, -0.00173412880395, 0.00121653708629], [-0.000237250540522, 0.00211482611485, -0.00179867108818, 0.00104465114418, -0.00135985214729, 0.00163686217275, -0.000552199780941, 0.00184957869351, -0.0010661073029, 0.00238498602994, -0.00173412880395, 0.0104259327054, -0.0028747736942], [7.68013487686e-05, -0.000689415552188, 0.000362478574971, 8.37028128444e-05, 0.000750111183152, 0.000687055347953, -7.62322961236e-05, -0.00108638533857, 0.00129103357904, -0.00029364405782, 0.00121653708629, -0.0028747736942, 0.00967864133418]]
    },
    "melbands": {
        "dmean": [5.43721944268e-06, 5.41450390301e-05, 0.000110413864604, 0.000124475045595, 0.000230790436035, 0.000236274048802, 0.000248477008427, 0.000140589458169, 0.000184772768989, 0.000213155566598, 0.000191853556316, 0.000167733975104, 7.18836672604e-05, 0.000123145015095, 6.53173265164e-05, 2.92007080134e-05, 9.34249146667e-06, 6.75593946653e-06, 7.74088584876e-06, 2.21530376621e-06, 4.19399611928e-06, 6.92569528837e-06, 3.42807948073e-06, 2.64923937721e-06, 3.62057164693e-07, 3.01379571965e-07, 8.35996047499e-07, 1.74176363998e-07, 8.61130956764e-07, 4.21706175757e-07, 4.88898365347e-07, 5.45740874713e-07, 6.09807955243e-08, 3.09475467475e-08, 2.40773374571e-08, 3.33469714064e-08, 1.15469545037e-08, 1.33646569367e-08, 4.05350641941e-09, 5.87236614891e-09],
        "dmean2": [7.14899397281e-06, 6.67066997266e-05, 0.000142466102261, 0.000174172077095, 0.000288338749669, 0.000331883871695, 0.000319905026117, 0.000192103267182, 0.000281854969217, 0.000286036432954, 0.000274669902865, 0.000237623491557, 0.000103278995084, 0.000199087968213, 0.000106118524855, 4.64413460577e-05, 1.52210568558e-05, 1.08904396257e-05, 1.33981830004e-05, 3.683828254e-06, 6.81758410792e-06, 1.13450751087e-05, 5.65935079067e-06, 4.3662880671e-06, 5.87207921399e-07, 4.76420183304e-07, 1.3170974853e-06, 2.76622728279e-07, 1.42231306199e-06, 7.4491487112e-07, 8.86353575424e-07, 1.00818601823e-06, 1.09392289005e-07, 5.1809148971e-08, 4.12792786619e-08, 6.11062631606e-08, 2.02425880502e-08, 2.39466082519e-08, 6.81824019466e-09, 9.382285171e-09],
        "dvar": [9.91411619466e-10, 5.48235838949e-08, 1.03820823938e-07, 1.00914967049e-07, 3.12511303946e-07, 3.07741686356e-07, 2.28400494962e-07, 9.82395604865e-08, 2.04122954983e-07, 1.87066547142e-07, 2.08005289437e-07, 1.4178230856e-07, 2.45964493217e-08, 1.43966786936e-07, 3.21380859702e-08, 8.50473291791e-09, 5.92072446626e-10, 4.07230527077e-10, 1.22177756801e-09, 4.49780560019e-11, 2.59156696103e-10, 5.07014985551e-10, 1.23949711606e-10, 9.14679235131e-11, 1.14222542015e-12, 9.24495723031e-13, 1.60945874683e-11, 4.60677503089e-13, 1.83692939332e-11, 4.5936063113e-12, 7.68687023756e-12, 8.62183935357e-12, 1.0220017649e-13, 1.73381477903e-14, 2.13248625166e-14, 3.91087139615e-14, 2.65795868354e-15, 4.07403238817e-15, 3.8113896529e-16, 6.34391837412e-16],
        "dvar2": [1.66736990881e-09, 6.41575539362e-08, 1.55615538233e-07, 2.00665297712e-07, 5.12773340233e-07, 6.74871500905e-07, 4.26103525797e-07, 2.29185332046e-07, 5.26019732661e-07, 3.30911490209e-07, 5.10097379447e-07, 3.16153375479e-07, 5.2835673614e-08, 3.69849061599e-07, 8.23576442599e-08, 1.98974223764e-08, 1.54423740462e-09, 9.66116520118e-10, 3.76048570061e-09, 1.23474494518e-10, 6.61013410674e-10, 1.28522881226e-09, 3.2545591222e-10, 2.39574748928e-10, 3.22963769443e-12, 2.53666684012e-12, 4.18537496327e-11, 1.19260471724e-12, 4.85603224298e-11, 1.38033126595e-11, 2.33839163311e-11, 2.83794203415e-11, 3.21403466992e-13, 4.65631324459e-14, 5.75839153921e-14, 1.27951292682e-13, 7.96050203566e-15, 1.26412188077e-14, 1.05795495079e-15, 1.55234711804e-15],
        "max": [0.00229518138804, 0.0183752030134, 0.00807883776724, 0.0105161191896, 0.0154119953513, 0.0115705067292, 0.0115101896226, 0.00777510832995, 0.0108020994812, 0.0198718197644, 0.00883175060153, 0.0128069380298, 0.00533162336797, 0.00790597312152, 0.00395280402154, 0.00298354704864, 0.000595275079831, 0.000679846270941, 0.00127131654881, 0.000187468220247, 0.000368736014934, 0.000676475465298, 0.000281442073174, 0.000215132065932, 3.35192598868e-05, 2.73032255791e-05, 0.000142296019476, 1.85985336429e-05, 0.000118859308714, 6.19605634711e-05, 8.86895868462e-05, 5.37229825568e-05, 9.78326806944e-06, 7.71436498326e-06, 9.0550583991e-06, 6.69178552926e-06, 1.51062761233e-06, 1.54706810918e-06, 5.93749007294e-07, 6.52194728445e-07],
        "mean": [2.14914580283e-05, 0.000219310692046, 0.000326772802509, 0.000381817109883, 0.000631596718449, 0.000569023017306, 0.000760816445109, 0.000400509801693, 0.000364815758076, 0.000644519925117, 0.000424713332905, 0.000413234782172, 0.000190041813767, 0.000188254402019, 9.23383340705e-05, 4.79148511658e-05, 1.54698191182e-05, 1.02308513306e-05, 1.12205680125e-05, 4.15066278947e-06, 7.55843529987e-06, 1.03163174572e-05, 5.94979564994e-06, 4.52603444501e-06, 8.18011869796e-07, 7.36556557968e-07, 1.56211103786e-06, 5.66505207189e-07, 1.35387790579e-06, 6.9444320161e-07, 7.00149996646e-07, 7.02024465227e-07, 9.97725067009e-08, 5.97294871341e-08, 5.06505060116e-08, 5.05996204936e-08, 2.27156338184e-08, 2.36262156506e-08, 8.66958593804e-09, 1.19662262321e-08],
        "median": [2.23101359609e-08, 4.8344111292e-07, 2.12286322494e-05, 4.2174506234e-05, 6.22611260042e-05, 0.00013060522906, 0.000239897781285, 8.1799342297e-05, 9.84330690699e-05, 0.000132290122565, 9.72852722043e-05, 7.69520993344e-05, 2.95969148283e-05, 2.83062872768e-05, 1.65520395967e-05, 6.67420772515e-06, 2.68428061645e-06, 1.92657989828e-06, 5.1700271797e-07, 3.99470820867e-07, 2.72093018339e-07, 3.18117088227e-07, 3.71779918851e-07, 1.89821648178e-07, 4.90549290078e-08, 4.43958612095e-08, 3.60606300376e-08, 8.49848724727e-09, 1.08821165412e-08, 4.11908462894e-09, 3.7629472871e-09, 2.17998596952e-09, 2.20064011458e-09, 1.53290291571e-09, 1.13861364781e-09, 1.18648191272e-09, 1.10317976976e-09, 1.19892473727e-09, 8.91720197682e-10, 8.25160384466e-10],
        "min": [1.234720829e-23, 2.28653841956e-23, 1.42512739684e-23, 4.92548064812e-24, 8.90199160397e-24, 2.29202368498e-23, 4.71319273538e-23, 2.05632356387e-23, 8.48022238783e-24, 9.65494592737e-24, 8.30221355798e-24, 9.06670576098e-24, 1.28578844968e-23, 1.12256658084e-23, 3.32252081074e-24, 1.31248089947e-23, 9.99715063261e-24, 6.73125386322e-24, 6.31406201248e-24, 2.6152577054e-23, 1.10514285226e-23, 7.90021792929e-24, 6.90455950435e-24, 6.98838701958e-24, 6.93448178735e-24, 1.10966767952e-23, 1.14768675196e-23, 1.24025247944e-23, 1.77264255592e-23, 7.01456615758e-24, 7.42279852059e-24, 8.18980403443e-24, 8.19381933644e-24, 1.78375334622e-23, 9.98255749472e-24, 8.75347512793e-24, 9.64394841749e-24, 1.25530307777e-23, 6.25401825911e-24, 1.15676180782e-23],
        "var": [6.57786491942e-09, 6.18566787125e-07, 6.36140100596e-07, 7.53140568577e-07, 1.67199618772e-06, 1.11762847155e-06, 1.57572264925e-06, 6.17751084064e-07, 5.46849150851e-07, 2.17096908273e-06, 6.78627770867e-07, 1.14092176773e-06, 2.09563779663e-07, 2.60671470187e-07, 5.40008642247e-08, 1.87023623255e-08, 1.15651443977e-09, 6.45832276547e-10, 1.5700414302e-09, 9.56691739717e-11, 5.48700807013e-10, 8.02038879755e-10, 2.57827620365e-10, 1.73581760077e-10, 3.33015451152e-12, 2.92730097974e-12, 2.71663126022e-11, 2.62129359017e-12, 2.59856407225e-11, 6.48345179627e-12, 8.3942601134e-12, 8.65921136878e-12, 1.7225228134e-13, 5.06443167568e-14, 6.82697306889e-14, 5.26453880489e-14, 5.34346838424e-15, 8.28614554629e-15, 9.6102727657e-16, 1.51959468331e-15]
    },
    "mfcc": {
        "mean": [-813.119567871, 183.280487061, -28.8821372986, -36.886756897, -41.3819541931, -28.1624088287, -14.5884284973, -9.44853401184, -14.6688518524, -18.3037185669, -10.3669471741, -3.65023684502, -10.8067817688],
        "cov": [[11915.6875, 1808.86791992, -2201.95605469, 1178.82287598, 325.902404785, 209.55506897, -437.092559814, -574.032531738, -438.87121582, -654.480407715, -439.45892334, -127.759880066, -457.050689697], [1808.86791992, 4749.02636719, 1180.34570312, -424.168548584, 711.057067871, 111.816246033, -13.3816404343, 190.947860718, -5.4292383194, 271.641326904, 33.1140556335, -359.212768555, 185.495605469], [-2201.95605469, 1180.34570312, 2186.70629883, -73.3525390625, 166.335266113, 354.66897583, 73.4529953003, 135.530487061, 107.913009644, 300.519561768, 103.99168396, -77.2644424438, 156.77406311], [1178.82287598, -424.168548584, -73.3525390625, 1374.84436035, 479.557250977, 393.132904053, 301.870391846, -132.195602417, 68.2420959473, -35.6933708191, 1.54850018024, 214.087036133, -0.990962743759], [325.902404785, 711.057067871, 166.335266113, 479.557250977, 905.712402344, 325.646820068, 90.0986022949, 6.63851547241, 33.3488807678, 85.3385620117, 34.6943206787, -16.2848644257, 62.0514945984], [209.55506897, 111.816246033, 354.66897583, 393.132904053, 325.646820068, 553.06036377, 217.260131836, -67.213508606, -50.5583534241, -17.6743412018, 34.8148765564, 103.402183533, 28.5360794067], [-437.092559814, -13.3816404343, 73.4529953003, 301.870391846, 90.0986022949, 217.260131836, 477.68081665, 110.21169281, 2.54165887833, 24.9461650848, 39.7027778625, 156.940841675, 97.2113952637], [-574.032531738, 190.947860718, 135.530487061, -132.195602417, 6.63851547241, -67.213508606, 110.21169281, 299.617523193, 112.650863647, 73.5882492065, -3.91436338425, -46.2261734009, 82.2979202271], [-438.87121582, -5.4292383194, 107.913009644, 68.2420959473, 33.3488807678, -50.5583534241, 2.54165887833, 112.650863647, 348.09588623, 169.936264038, 40.3688392639, -18.0376930237, 48.712020874], [-654.480407715, 271.641326904, 300.519561768, -35.6933708191, 85.3385620117, -17.6743412018, 24.9461650848, 73.5882492065, 169.936264038, 347.324401855, 131.580535889, -66.921257019, 97.9099502563], [-439.45892334, 33.1140556335, 103.99168396, 1.54850018024, 34.6943206787, 34.8148765564, 39.7027778625, -3.91436338425, 40.3688392639, 131.580535889, 215.749389648, 109.160461426, 14.9731397629], [-127.759880066, -359.212768555, -77.2644424438, 214.087036133, -16.2848644257, 103.402183533, 156.940841675, -46.2261734009, -18.0376930237, -66.921257019, 109.160461426, 365.398712158, 15.1495084763], [-457.050689697, 185.495605469, 156.77406311, -0.990962743759, 62.0514945984, 28.5360794067, 97.2113952637, 82.2979202271, 48.712020874, 97.9099502563, 14.9731397629, 15.1495084763, 238.720993042]],
