{
"lowlevel": {
    "average_loudness": 0.963264226913,
    "barkbands_crest": {
        "dmean": 3.15827202797,
        "dmean2": 5.15337562561,
        "dvar": 7.57050848007,
        "dvar2": 20.1804199219,
        "max": 25.5795135498,
        "mean": 11.8904314041,
        "median": 11.1885814667,
        "min": 2.66033101082,
        "var": 22.4008808136
    },
    "barkbands_flatness_db": {
        "dmean": 0.0257290154696,
        "dmean2": 0.0385374091566,
        "dvar": 0.000639246660285,
        "dvar2": 0.0014717936283,
        "max": 0.629697799683,
        "mean": 0.143225327134,
        "median": 0.12445320189,
        "min": 0.0187601242214,
        "var": 0.00818820111454
    },
    "barkbands_kurtosis": {
        "dmean": 6.15149450302,
        "dmean2": 10.2988996506,
        "dvar": 541.191650391,
        "dvar2": 1947.04150391,
        "max": 1250.98242188,
        "mean": 10.299282074,
        "median": 4.63377666473,
        "min": -1.86710679531,
        "var": 764.101135254
    },
    "barkbands_skewness": {
        "dmean": 0.667885959148,
        "dmean2": 1.03703403473,
        "dvar": 0.547406673431,
        "dvar2": 1.38153505325,
        "max": 26.5281791687,
        "mean": 2.33035588264,
        "median": 2.07588171959,
        "min": -1.84742569923,
        "var": 2.00925731659
    },
    "barkbands_spread": {
        "dmean": 5.42904520035,
        "dmean2": 8.09006977081,
        "dvar": 45.5178337097,
        "dvar2": 95.1906890869,
        "max": 103.634864807,
        "mean": 19.7209682465,
        "median": 17.1232299805,
        "min": 0.113820537925,
        "var": 195.289093018
    },
    "dissonance": {
        "dmean": 0.0168257970363,
        "dmean2": 0.0277365781367,
        "dvar": 0.000290375959594,
        "dvar2": 0.000747149286326,
        "max": 0.500000059605,
        "mean": 0.464182704687,
        "median": 0.471476763487,
        "min": 0.173954695463,
        "var": 0.000764886848629
    },
    "dynamic_complexity": 2.83209109306,
    "erbbands_crest": {
        "dmean": 2.19865608215,
        "dmean2": 3.50659656525,
        "dvar": 4.5574131012,
        "dvar2": 11.1334838867,
        "max": 30.1200199127,
        "mean": 7.88870096207,
        "median": 6.83388900757,
        "min": 2.17718958855,
        "var": 15.0205926895
    },
    "erbbands_flatness_db": {
        "dmean": 0.0197093021125,
        "dmean2": 0.0265083089471,
        "dvar": 0.000433664361481,
        "dvar2": 0.000836340885144,
        "max": 0.381590157747,
        "mean": 0.12237740308,
        "median": 0.113085076213,
        "min": 0.0332818813622,
        "var": 0.00276135886088
    },
    "erbbands_kurtosis": {
        "dmean": 1.0250531435,
        "dmean2": 1.72601735592,
        "dvar": 9.57525730133,
        "dvar2": 34.8774909973,
        "max": 118.080795288,
        "mean": 1.75759744644,
        "median": -0.143885493279,
        "min": -1.77988100052,
        "var": 100.726264954
    },
    "erbbands_skewness": {
        "dmean": 0.30253174901,
        "dmean2": 0.458130389452,
        "dvar": 0.0844767838717,
        "dvar2": 0.202084764838,
        "max": 9.21429443359,
        "mean": 0.530910074711,
        "median": 0.388251721859,
        "min": -2.57828259468,
        "var": 1.02412855625
    },
    "erbbands_spread": {
        "dmean": 9.05460262299,
        "dmean2": 13.402504921,
        "dvar": 111.208824158,
        "dvar2": 236.009368896,
        "max": 147.828521729,
        "mean": 43.5717964172,
        "median": 41.7816085815,
        "min": 2.00641226768,
        "var": 382.042755127
    },
    "hfc": {
        "dmean": 8.05044364929,
        "dmean2": 11.5824565887,
        "dvar": 110.783454895,
        "dvar2": 253.210220337,
        "max": 118.030212402,
        "mean": 22.5220012665,
        "median": 17.5031547546,
        "min": 1.21649892503e-16,
        "var": 334.82421875
    },
    "melbands_crest": {
        "dmean": 3.51653051376,
        "dmean2": 5.75219297409,
        "dvar": 10.3515119553,
        "dvar2": 25.6782226562,
        "max": 33.7001457214,
        "mean": 16.0016460419,
        "median": 15.0729131699,
        "min": 2.2994351387,
        "var": 31.6031360626
    },
    "melbands_flatness_db": {
        "dmean": 0.0305950064212,
        "dmean2": 0.0453534722328,
        "dvar": 0.000866139482241,
        "dvar2": 0.00191077939235,
        "max": 0.796158075333,
        "mean": 0.239755123854,
        "median": 0.220711529255,
        "min": 0.00710461009294,
        "var": 0.0120836589485
    },
    "melbands_kurtosis": {
        "dmean": 11.6218624115,
        "dmean2": 18.2568511963,
        "dvar": 351.195373535,
        "dvar2": 806.168823242,
        "max": 543.407897949,
        "mean": 23.3499107361,
        "median": 14.2914361954,
        "min": -1.52568328381,
        "var": 784.835998535
    },
    "melbands_skewness": {
        "dmean": 0.900726377964,
        "dmean2": 1.38162076473,
        "dvar": 1.03449678421,
        "dvar2": 2.29834604263,
        "max": 15.7671718597,
        "mean": 3.52203917503,
        "median": 3.18298459053,
        "min": -0.778475701809,
        "var": 3.37085199356
    },
    "melbands_spread": {
        "dmean": 4.77309751511,
        "dmean2": 7.18210029602,
        "dvar": 38.7514038086,
        "dvar2": 81.4173202515,
        "max": 167.894775391,
        "mean": 15.827589035,
        "median": 12.8340167999,
        "min": 0.234860420227,
        "var": 171.60824585
    },
    "pitch_salience": {
        "dmean": 0.0782688707113,
        "dmean2": 0.129710271955,
        "dvar": 0.00475980481133,
        "dvar2": 0.0131224794313,
        "max": 0.955162405968,
        "mean": 0.516742348671,
        "median": 0.524969220161,
        "min": 0.127612411976,
        "var": 0.0134469680488
    },
    "silence_rate_20dB": {
        "dmean": 0,
        "dmean2": 0,
        "dvar": 0,
        "dvar2": 0,
        "max": 1,
        "mean": 1,
        "median": 1,
        "min": 1,
        "var": 0
    },
    "silence_rate_30dB": {
        "dmean": 0.050338819623,
        "dmean2": 0.100686497986,
        "dvar": 0.0478066913784,
        "dvar2": 0.112547256052,
        "max": 1,
        "mean": 0.956881403923,
        "median": 1,
        "min": 0,
        "var": 0.0412611067295
    },
    "silence_rate_60dB": {
        "dmean": 0.00352019723505,
        "dmean2": 0.00704101379961,
        "dvar": 0.00350689888,
        "dvar2": 0.00892604701221,
        "max": 1,
        "mean": 0.028687082231,
        "median": 0,
        "min": 0,
        "var": 0.0278651751578
    },
    "spectral_centroid": {
        "dmean": 212.330825806,
        "dmean2": 311.327819824,
        "dvar": 63841.5703125,
        "dvar2": 121117.84375,
        "max": 11118.3125,
        "mean": 1093.37658691,
        "median": 1029.80224609,
        "min": 90.0631561279,
        "var": 365138.8125
    },
    "spectral_complexity": {
        "dmean": 3.61049008369,
        "dmean2": 5.29748296738,
        "dvar": 13.2738571167,
        "dvar2": 25.0147743225,
        "max": 55,
        "mean": 20.2443675995,
        "median": 19,
        "min": 0,
        "var": 109.267028809
    },
    "spectral_decrease": {
        "dmean": 4.39973257826e-09,
        "dmean2": 7.06464220457e-09,
        "dvar": 3.91581577893e-17,
        "dvar2": 8.83533251313e-17,
        "max": 4.90665289979e-29,
        "mean": -1.09774189738e-08,
        "median": -9.00835672724e-09,
        "min": -6.0849608019e-08,
        "var": 6.49140375089e-17
    },
    "spectral_energy": {
        "dmean": 0.0170835182071,
        "dmean2": 0.0273712798953,
        "dvar": 0.000587194692343,
        "dvar2": 0.00132545898668,
        "max": 0.232160240412,
        "mean": 0.0434741340578,
        "median": 0.0359587036073,
        "min": 1.08488041212e-20,
        "var": 0.000976911745965
    },
    "spectral_energyband_high": {
        "dmean": 0.000509778794367,
        "dmean2": 0.000727570732124,
        "dvar": 5.78355638936e-07,
        "dvar2": 1.21435255096e-06,
        "max": 0.0127825373784,
        "mean": 0.00105527683627,
        "median": 0.000479966111016,
        "min": 8.10189159548e-21,
        "var": 2.23620259021e-06
    },
    "spectral_energyband_low": {
        "dmean": 0.0125691387802,
        "dmean2": 0.0204496085644,
        "dvar": 0.000441672455054,
        "dvar2": 0.000990797881968,
        "max": 0.222102463245,
        "mean": 0.0252988580614,
        "median": 0.0182564351708,
        "min": 3.27796760342e-23,
        "var": 0.000701155804563
    },
    "spectral_energyband_middle_high": {
        "dmean": 0.00138446118217,
        "dmean2": 0.00187658425421,
        "dvar": 3.60240596819e-06,
        "dvar2": 6.61972671878e-06,
        "max": 0.0597151964903,
        "mean": 0.00462641194463,
        "median": 0.00317844795063,
        "min": 1.50358807045e-21,
        "var": 2.03498639166e-05
    },
    "spectral_energyband_middle_low": {
        "dmean": 0.00715989153832,
        "dmean2": 0.0115429600701,
        "dvar": 0.000171346764546,
        "dvar2": 0.000439758383436,
        "max": 0.142119839787,
        "mean": 0.0147891398519,
        "median": 0.0113810859621,
        "min": 1.93496586485e-22,
        "var": 0.000203161689569
    },
    "spectral_entropy": {
        "dmean": 0.184138253331,
        "dmean2": 0.250035434961,
        "dvar": 0.0452606864274,
        "dvar2": 0.0850913450122,
        "max": 9.78554344177,
        "mean": 7.57058191299,
        "median": 7.7245554924,
        "min": 4.29615402222,
        "var": 0.431732922792
    },
    "spectral_flux": {
        "dmean": 0.0379207544029,
        "dmean2": 0.0588760487735,
        "dvar": 0.00227996124886,
        "dvar2": 0.0044821226038,
        "max": 0.455647557974,
        "mean": 0.104044288397,
        "median": 0.0897181481123,
        "min": 1.04157592273e-10,
        "var": 0.00427745608613
    },
    "spectral_kurtosis": {
        "dmean": 1.68101000786,
        "dmean2": 2.60363721848,
        "dvar": 8.92443084717,
        "dvar2": 22.3748092651,
        "max": 77.1999664307,
        "mean": 5.93077325821,
        "median": 4.02112436295,
        "min": -1.18644189835,
        "var": 61.4485321045
    },
    "spectral_rms": {
        "dmean": 0.00117178622168,
        "dmean2": 0.00184375362005,
        "dvar": 1.99164674086e-06,
        "dvar2": 4.29540841651e-06,
        "max": 0.0150498440489,
        "mean": 0.00611686287448,
        "median": 0.00592297734693,
        "min": 3.2533366192e-12,
        "var": 4.99760335515e-06
    },
    "spectral_rolloff": {
        "dmean": 340.963226318,
        "dmean2": 549.784667969,
        "dvar": 472274.875,
        "dvar2": 977398.8125,
        "max": 20198.1445312,
        "mean": 905.832519531,
        "median": 581.396484375,
        "min": 64.599609375,
        "var": 1257525.125
    },
    "spectral_skewness": {
        "dmean": 0.222595274448,
        "dmean2": 0.32485935092,
        "dvar": 0.0741057544947,
        "dvar2": 0.161147162318,
        "max": 7.47663784027,
        "mean": 1.80495738983,
        "median": 1.63544678688,
        "min": 0.0325970649719,
        "var": 0.706821024418
    },
    "spectral_spread": {
        "dmean": 818744.75,
        "dmean2": 1095390.625,
        "dvar": 1.1083129815e+12,
        "dvar2": 1.92338971853e+12,
        "max": 40042608,
        "mean": 5187780,
        "median": 4960794.5,
        "min": 1165775.75,
        "var": 2.78026728243e+12
    },
    "spectral_strongpeak": {
        "dmean": 0.337370365858,
        "dmean2": 0.574317932129,
        "dvar": 0.311293005943,
        "dvar2": 0.768343687057,
        "max": 8.53445720673,
        "mean": 0.576522886753,
        "median": 0.392653346062,
        "min": 0,
        "var": 0.431422561407
    },
    "zerocrossingrate": {
        "dmean": 0.011012733914,
        "dmean2": 0.012971512042,
        "dvar": 0.000164290191606,
        "dvar2": 0.000219943860429,
        "max": 0.5,
        "mean": 0.0497170761228,
        "median": 0.04443359375,
        "min": 0.001953125,
        "var": 0.0010097399354
    },
    "barkbands": {
        "dmean": [0.000686637707986, 0.00987682491541, 0.00511069595814, 0.0019656540826, 0.00465893326327, 0.00102981971577, 0.000635514967144, 0.000780117581598, 0.000610777758993, 0.000542453606613, 0.000308436749037, 0.000440734933363, 0.000212557788473, 0.000311797601171, 0.00024708089768, 0.000181090959813, 0.000167340418557, 0.000126130573335, 0.000102934485767, 0.000115491908218, 8.48377749207e-05, 9.35132338782e-05, 8.9288027084e-05, 8.39127242216e-05, 7.66590746935e-05, 7.10403619451e-05, 7.5542848208e-05],
        "dmean2": [0.0010903540533, 0.0162540692836, 0.00928751565516, 0.00335014122538, 0.00771569041535, 0.00158248143271, 0.000979215605184, 0.00116997980513, 0.000895441160537, 0.000808654876892, 0.000471577106509, 0.000647960870992, 0.000336274097208, 0.00049595994642, 0.000387857551686, 0.0002919898252, 0.000268875737675, 0.000203738847631, 0.000160266121384, 0.000177343128598, 0.000129627078422, 0.00013906195818, 0.000128825893626, 0.000119237156468, 0.000114605980343, 0.000104797385575, 0.000124412996229],
        "dvar": [1.44423063375e-06, 0.000280758191366, 0.000169436374563, 1.10785867946e-05, 0.000134779867949, 2.69895849669e-06, 1.53271332692e-06, 2.4694691092e-06, 2.49393224294e-06, 1.50454877712e-06, 4.39237851424e-07, 6.7271878379e-07, 1.59071703365e-07, 3.79616722057e-07, 2.05707380019e-07, 9.86020438631e-08, 7.19175972108e-08, 3.33777663286e-08, 2.87375758745e-08, 7.10738206067e-08, 3.15466905931e-08, 2.67789204145e-08, 2.7443524786e-08, 2.83603469597e-08, 1.94023588307e-08, 1.360994073e-08, 2.0826195879e-08],
        "dvar2": [3.35457116307e-06, 0.000718080438673, 0.000488258083351, 3.10149953293e-05, 0.000347796390997, 6.40857751932e-06, 3.52261008629e-06, 5.40981636732e-06, 5.01941576658e-06, 3.30424768435e-06, 9.54069491854e-07, 1.49947425143e-06, 3.95196991576e-07, 9.28033671244e-07, 4.74069452139e-07, 2.38590843082e-07, 1.66820456116e-07, 8.18698708827e-08, 6.90698200856e-08, 1.81553758694e-07, 7.47279855773e-08, 5.75632412847e-08, 5.80436534392e-08, 5.48077068174e-08, 4.41594814049e-08, 3.03764906562e-08, 5.29420312034e-08],
        "max": [0.0130399921909, 0.193863302469, 0.135152757168, 0.0369809418917, 0.12853115797, 0.0308055710047, 0.0299944449216, 0.0399729907513, 0.0488546676934, 0.0533063486218, 0.0204386040568, 0.0214368402958, 0.0143350679427, 0.0116312755272, 0.0100395791233, 0.00745388166979, 0.0105121033266, 0.00409724935889, 0.00367630110122, 0.00653552636504, 0.00430246442556, 0.00469599897042, 0.00470270588994, 0.00558216450736, 0.00331342709251, 0.00129137677141, 0.00125461141579],
        "mean": [0.00100857170764, 0.0166794806719, 0.00552362762392, 0.00307862949558, 0.00544726569206, 0.00208755023777, 0.00112768053077, 0.00154941214714, 0.00106307375245, 0.000961847836152, 0.00052395608509, 0.000750571198296, 0.000373703747755, 0.000489369616844, 0.000432207103586, 0.00032194738742, 0.000332032272127, 0.000258443236817, 0.000239811139181, 0.000281599845039, 0.000182240415597, 0.000194855470909, 0.000167995851371, 0.000148333565448, 0.000112691370305, 7.94448060333e-05, 5.77211976633e-05],
        "median": [0.000385935185477, 0.0112840766087, 0.00280398270115, 0.00187366548926, 0.00219601439312, 0.00138687214348, 0.000556296727154, 0.000769075355493, 0.000340960046742, 0.000431559979916, 0.00021496010595, 0.000310329109197, 0.0001827521628, 0.000179890310392, 0.000198219931917, 0.000163983335369, 0.000187085286598, 0.00016568916908, 0.000155909598107, 0.000115994247608, 8.50352080306e-05, 8.09574630694e-05, 5.80837513553e-05, 5.39624379599e-05, 4.15636131947e-05, 2.2218155209e-05, 4.38862662122e-06],
        "min": [1.82931732102e-23, 1.05507495501e-23, 5.92526521003e-24, 4.35677267774e-24, 1.16445612043e-23, 4.63952480198e-23, 4.61648280602e-23, 1.86816556516e-23, 4.78129541288e-23, 4.35108538505e-23, 4.72046193085e-23, 6.52940297469e-23, 1.97957336158e-22, 1.13988785217e-22, 8.35514328482e-23, 1.87102231449e-22, 9.1695620212e-23, 2.69689379659e-22, 3.02769182558e-22, 2.93149093238e-22, 6.29341466692e-22, 4.6975351717e-22, 7.08272490731e-22, 8.38230269294e-22, 1.20462155086e-21, 2.04899867482e-21, 2.22563243175e-21],
        "var": [2.46615695687e-06, 0.000377047981601, 0.000109332759166, 1.34750807774e-05, 0.000122001678392, 5.65073241887e-06, 3.37206165568e-06, 6.12579469816e-06, 6.53269626127e-06, 4.38997221863e-06, 1.09840368623e-06, 1.4984631207e-06, 3.15958914143e-07, 6.81900189647e-07, 4.29856783057e-07, 2.12603325167e-07, 2.44942384597e-07, 9.50187342141e-08, 9.77611875896e-08, 2.43706125502e-07, 1.1117438703e-07, 1.01335508873e-07, 8.61807762931e-08, 7.49558424218e-08, 3.36322969474e-08, 1.72970704426e-08, 1.70931784282e-08]
    },
    "erbbands": {
        "dmean": [0.361051678658, 2.16607522964, 5.34849214554, 6.72460031509, 9.9608373642, 19.4613494873, 9.83486938477, 7.87373161316, 9.59715747833, 11.361746788, 17.4419517517, 13.6907644272, 17.2925319672, 12.4984512329, 13.9261856079, 17.0412635803, 9.83301830292, 16.2322635651, 13.1363115311, 10.0166387558, 9.1843624115, 8.27984333038, 6.73251247406, 5.29025650024, 5.69636011124, 5.57372951508, 3.19017601013, 3.56219482422, 3.19122862816, 3.39998435974, 2.38212776184, 1.93906795979, 1.3667229414, 0.93382447958, 0.505840241909, 0.265269100666, 0.134346678853, 0.047530952841, 0.0124962730333, 0.00101365579758],
        "dmean2": [0.581880569458, 3.64695262909, 9.60488510132, 11.7167329788, 16.7401752472, 32.2703170776, 15.8839130402, 12.0953054428, 14.6365203857, 17.636680603, 25.8447780609, 19.8014755249, 26.1071853638, 18.4965667725, 20.8082504272, 25.3401298523, 15.6623849869, 25.7084846497, 20.2887821198, 15.7115259171, 14.613902092, 13.1546258926, 10.7024364471, 8.41396522522, 8.91802692413, 8.69449329376, 4.74158906937, 5.44335746765, 4.73352050781, 5.23905086517, 3.388859272, 2.7636756897, 1.98801839352, 1.3833335638, 0.772193551064, 0.387079924345, 0.199857845902, 0.0732444152236, 0.0207439176738, 0.00169746670872],
        "dvar": [0.464805752039, 12.9658050537, 179.438430786, 164.937179565, 384.953216553, 2850.46264648, 432.707550049, 138.400100708, 305.959747314, 558.841674805, 1470.52856445, 1604.42785645, 1591.43359375, 1120.8638916, 842.699401855, 979.872924805, 328.583343506, 1070.40637207, 615.414123535, 333.856170654, 242.754776001, 167.482559204, 96.6837615967, 56.707775116, 138.451721191, 193.578674316, 36.6684303284, 71.955657959, 35.3811225891, 38.6419639587, 20.4746513367, 15.9304447174, 6.66503477097, 3.00948262215, 0.909795820713, 0.195401400328, 0.0511770024896, 0.00704596797004, 0.000564619957004, 4.08631376558e-06],
        "dvar2": [1.08113157749, 35.613193512, 506.222991943, 473.226776123, 999.789306641, 7389.43359375, 1081.18920898, 332.982940674, 709.628295898, 1295.60705566, 3214.76953125, 3133.25854492, 3691.55053711, 2416.19360352, 1843.3449707, 2240.67553711, 799.798034668, 2651.39916992, 1479.70007324, 788.724975586, 579.791259766, 409.123535156, 229.48046875, 139.054946899, 349.737640381, 505.866973877, 78.7229156494, 181.65234375, 75.7989349365, 84.2194366455, 43.7282714844, 32.0562210083, 13.3684663773, 6.61477899551, 2.19141221046, 0.432607144117, 0.116866402328, 0.01630891487, 0.00145047076512, 1.06763736767e-05],
        "max": [6.96879720688, 43.0305366516, 138.541717529, 147.037261963, 234.85899353, 576.99230957, 410.841583252, 227.718444824, 392.911712646, 592.253112793, 1117.9699707, 1345.19763184, 1448.00305176, 2087.37109375, 876.789855957, 1107.38781738, 761.519714355, 639.067443848, 542.401184082, 461.764007568, 463.579406738, 316.708862305, 237.161911011, 172.673706055, 311.518127441, 362.741149902, 185.100738525, 206.201660156, 196.616912842, 153.119430542, 117.391616821, 133.657470703, 83.5680999756, 46.9695281982, 17.3539066315, 5.73058223724, 2.7526614666, 0.865936040878, 0.211718812585, 0.0178747586906],
        "mean": [0.536142289639, 3.45530867577, 6.33611345291, 10.3147268295, 12.2461271286, 20.7330780029, 16.1942043304, 15.8736305237, 18.7137470245, 20.2628936768, 36.2462501526, 25.8835639954, 30.7054672241, 24.2594356537, 25.7952136993, 31.2232589722, 18.8215560913, 27.2503223419, 22.3209667206, 19.9739131927, 17.8992996216, 17.8248462677, 15.2488584518, 12.2767276764, 13.632815361, 13.1680755615, 7.33000659943, 7.44097042084, 6.83657836914, 6.40273761749, 4.4809679985, 3.42427182198, 2.30554389954, 1.39778518677, 0.706745326519, 0.342850446701, 0.141118526459, 0.0425478257239, 0.00950424745679, 0.000772919447627],
        "median": [0.2705475986, 2.44698572159, 3.54761266708, 6.8501534462, 5.52928686142, 6.4581413269, 8.45119476318, 10.3993577957, 10.5420150757, 9.69787025452, 16.3689136505, 9.47117519379, 13.6218862534, 11.1533937454, 12.3791399002, 14.2603664398, 9.70018577576, 10.2893371582, 9.52013778687, 10.4669189453, 9.67432785034, 10.1354799271, 10.1436100006, 8.25375366211, 7.83176898956, 5.51508617401, 3.7583065033, 3.08859395981, 2.80159521103, 2.496519804, 1.55021977425, 1.21078372002, 0.865769267082, 0.506630241871, 0.265921115875, 0.12113121897, 0.0350247658789, 0.00598267326131, 0.00079144409392, 9.14153788472e-05],
        "min": [6.02589666161e-22, 1.51098695465e-21, 7.71071190614e-21, 1.29491150551e-20, 4.66086192941e-20, 1.98131098612e-20, 4.20160608344e-20, 5.02744763276e-19, 7.84285300733e-19, 3.83385832059e-19, 7.89669781231e-19, 1.04760470366e-18, 1.2257367044e-18, 1.27820911335e-18, 2.64208353249e-18, 2.68232194018e-18, 7.65404779174e-18, 7.68121653896e-18, 4.69933713701e-18, 5.44957919924e-18, 1.06040964565e-17, 6.36409271369e-18, 1.31455245162e-17, 1.55828138454e-17, 1.36546260591e-17, 1.60806210642e-17, 1.97439475712e-17, 2.71034595079e-17, 1.66123178727e-17, 2.11387924597e-17, 1.93614460211e-17, 1.51393341949e-17, 1.58301226506e-17, 1.1991920236e-17, 9.18877223049e-18, 5.49786379955e-18, 4.36477111696e-18, 1.35941115934e-18, 3.23310831945e-19, 3.51516831341e-20],
        "var": [0.65069425106, 14.4943265915, 120.330879211, 154.601654053, 385.411743164, 2505.00415039, 693.175964355, 304.552520752, 712.705749512, 1202.41235352, 3889.55200195, 4140.62451172, 3414.71533203, 4278.65527344, 1857.38171387, 2328.10693359, 692.799804688, 2022.84228516, 1145.23693848, 913.031921387, 633.039978027, 621.176696777, 323.383911133, 195.272369385, 410.30355835, 587.703552246, 130.244232178, 225.208374023, 137.59979248, 112.600372314, 63.1728172302, 40.2376403809, 16.9332866669, 5.62739515305, 1.35123753548, 0.29245018959, 0.0605169422925, 0.00709365261719, 0.000455070403405, 3.14901330967e-06]
    },
    "gfcc": {
        "mean": [18.0855236053, 90.3234634399, -84.0406188965, 29.9669513702, -42.7476196289, 16.5307235718, -27.10222435, 10.2617931366, -17.3294239044, 3.01403594017, -11.9248409271, 2.13824248314, -10.8687095642],
        "cov": [[14745.4638672, -2380.15722656, -1886.69787598, -360.146087646, -1138.48681641, 78.6801376343, -564.119750977, -102.007919312, -393.32434082, 104.710075378, -265.989929199, 165.956665039, -81.3269805908], [-2380.15722656, 1231.10656738, 24.9197559357, -32.40001297, 157.981445312, -59.8671226501, 123.327903748, 12.1256761551, 97.9146270752, -21.4611644745, 66.5103683472, -59.8264503479, 20.9935779572], [-1886.69787598, 24.9197559357, 995.679016113, 60.6086158752, 318.448272705, -3.20569467545, 103.373458862, -8.46155261993, 58.7698554993, -56.6386642456, 4.82355308533, -9.65340805054, -7.70534992218], [-360.146087646, -32.40001297, 60.6086158752, 408.985076904, 9.187541008, 48.1069717407, -5.94196414948, 20.429315567, -31.7481632233, -13.7009363174, 6.03221988678, -8.81297397614, 23.2061290741], [-1138.48681641, 157.981445312, 318.448272705, 9.187541008, 297.648681641, 12.7257852554, 46.566280365, -11.3609828949, 57.3070373535, -29.6154975891, -2.53347301483, -16.9843845367, -0.192007735372], [78.6801376343, -59.8671226501, -3.20569467545, 48.1069717407, 12.7257852554, 133.823028564, 28.8827171326, 11.036772728, -4.76694488525, 11.7621450424, -2.85968995094, 6.73794078827, -2.21847867966], [-564.119750977, 123.327903748, 103.373458862, -5.94196414948, 46.566280365, 28.8827171326, 167.434326172, 34.7063369751, 22.3455314636, -3.36483478546, 24.3044261932, -12.5035982132, -10.9832553864], [-102.007919312, 12.1256761551, -8.46155261993, 20.429315567, -11.3609828949, 11.036772728, 34.7063369751, 100.862304688, 24.4553928375, 24.1747951508, 10.4537944794, 1.81856775284, 0.622211754322], [-393.32434082, 97.9146270752, 58.7698554993, -31.7481632233, 57.3070373535, -4.76694488525, 22.3455314636, 24.4553928375, 86.6212081909, 22.1934299469, 8.84288692474, -5.98892879486, 2.62835764885], [104.710075378, -21.4611644745, -56.6386642456, -13.7009363174, -29.6154975891, 11.7621450424, -3.36483478546, 24.1747951508, 22.1934299469, 64.6186218262, 22.341999054, 9.72006225586, -1.40391850471], [-265.989929199, 66.5103683472, 4.82355308533, 6.03221988678, -2.53347301483, -2.85968995094, 24.3044261932, 10.4537944794, 8.84288692474, 22.341999054, 63.2712516785, 18.6042900085, 2.01339888573], [165.956665039, -59.8264503479, -9.65340805054, -8.81297397614, -16.9843845367, 6.73794078827, -12.5035982132, 1.81856775284, -5.98892879486, 9.72006225586, 18.6042900085, 53.1492233276, 17.8708362579], [-81.3269805908, 20.9935779572, -7.70534992218, 23.2061290741, -0.192007735372, -2.21847867966, -10.9832553864, 0.622211754322, 2.62835764885, -1.40391850471, 2.01339888573, 17.8708362579, 49.8698196411]],
        "icov": [[0.000184513468412, 0.000236651569139, 0.000219834022573, 0.000121426477563, 0.000272985169431, -5.03519695485e-05, 0.000121253862744, 7.28612794774e-05, 0.000153252141899, -6.72753667459e-05, 0.000559167703614, -0.00040207625716, 0.00031488618697], [0.000236651569139, 0.00157921318896, 0.000634773576166, 0.000240041306824, -0.000239756642259, 0.000377589312848, -0.000437864888227, 0.000214298212086, -0.000824053655379, 0.000940042198636, -0.00118951429613, 0.00136125006247, -0.000745609228034], [0.000219834022573, 0.000634773576166, 0.00202187383547, -0.000167799560586, -0.00143556925468, 0.00050125492271, -0.000708595616743, 0.000240193374339, -0.000401268887799, 0.000899004051462, 0.000289487914415, -0.000871520023793, 0.000686557148583], [0.000121426477563, 0.000240041306824, -0.000167799560586, 0.00314676435664, 0.000166503101354, -0.00137900153641, 0.000880420440808, -0.00115079176612, 0.00159293983597, 0.000746116740629, -0.00124394975137, 0.00199939613231, -0.0019749077037], [0.000272985169431, -0.000239756642259, -0.00143556925468, 0.000166503101354, 0.00692149344832, -0.00144956586882, 0.000404793885536, 0.00111932191066, -0.00320567539893, 0.00204601278529, 0.0011370634893, -0.000218950634007, 0.000543277827092], [-5.03519695485e-05, 0.000377589312848, 0.00050125492271, -0.00137900153641, -0.00144956586882, 0.00937607232481, -0.0027403361164, 0.000263989873929, 0.000949069974013, -0.00306583102793, 0.00247477833182, -0.00235953228548, 0.00089206971461], [0.000121253862744, -0.000437864888227, -0.000708595616743, 0.000880420440808, 0.000404793885536, -0.0027403361164, 0.00902728736401, -0.00305263209157, -0.000192336752662, 0.0025542746298, -0.00370818702504, 0.00225951592438, 0.00119084666949], [7.28612794774e-05, 0.000214298212086, 0.000240193374339, -0.00115079176612, 0.00111932191066, 0.000263989873929, -0.00305263209157, 0.0129553396255, -0.00336566613987, -0.00376363378018, 0.00141729472671, -0.00123894540593, 0.000241517249378], [0.000153252141899, -0.000824053655379, -0.000401268887799, 0.00159293983597, -0.00320567539893, 0.000949069974013, -0.000192336752662, -0.00336566613987, 0.0193488989025, -0.0084823044017, 0.00185488222633, 0.00147858087439, -0.00204021693207], [-6.72753667459e-05, 0.000940042198636, 0.000899004051462, 0.000746116740629, 0.00204601278529, -0.00306583102793, 0.0025542746298, -0.00376363378018, -0.0084823044017, 0.0262130778283, -0.0101576885208, 0.000767675053794, 0.00108726974577], [0.000559167703614, -0.00118951429613, 0.000289487914415, -0.00124394975137, 0.0011370634893, 0.00247477833182, -0.00370818702504, 0.00141729472671, 0.00185488222633, -0.0101576885208, 0.0279652141035, -0.0133779738098, 0.00459754560143], [-0.00040207625716, 0.00136125006247, -0.000871520023793, 0.00199939613231, -0.000218950634007, -0.00235953228548, 0.00225951592438, -0.00123894540593, 0.00147858087439, 0.000767675053794, -0.0133779738098, 0.0315627381206, -0.0127132097259], [0.00031488618697, -0.000745609228034, 0.000686557148583, -0.0019749077037, 0.000543277827092, 0.00089206971461, 0.00119084666949, 0.000241517249378, -0.00204021693207, 0.00108726974577, 0.00459754560143, -0.0127132097259, 0.026713995263]]
    },
    "melbands": {
        "dmean": [0.00291788275354, 0.00264983135276, 0.00112996436656, 0.00117988465354, 0.000408777152188, 0.000182848249096, 0.00014178919082, 0.000129663516418, 0.000140537740663, 8.52497250889e-05, 8.66810078151e-05, 5.2834097005e-05, 4.52575513918e-05, 5.37922205694e-05, 2.83523768303e-05, 2.29759389185e-05, 3.19856517308e-05, 2.20190831897e-05, 1.56044643518e-05, 1.41704040288e-05, 1.12994812298e-05, 9.22543858906e-06, 8.29758755572e-06, 6.35391143078e-06, 4.56250518255e-06, 4.05665696235e-06, 4.93619609188e-06, 3.7786142002e-06, 2.17707997763e-06, 2.13046450881e-06, 2.24185737352e-06, 1.84727798569e-06, 2.1543735329e-06, 1.96507676264e-06, 1.41918246754e-06, 1.28787587528e-06, 1.26761369756e-06, 1.02243427591e-06, 9.24020412185e-07, 7.53921540309e-07],
        "dmean2": [0.0047649955377, 0.00456033181399, 0.00196759775281, 0.00195755413733, 0.00067040452268, 0.000280460430076, 0.00021589093376, 0.000200239999685, 0.000206860131584, 0.000124893194879, 0.000131059612613, 7.83200739534e-05, 6.91613895469e-05, 7.56875306251e-05, 4.54719083791e-05, 3.64262559742e-05, 5.09520759806e-05, 3.48910325556e-05, 2.46334711846e-05, 2.28378467e-05, 1.82271396625e-05, 1.48357594298e-05, 1.35083855639e-05, 1.02741687442e-05, 7.36784568289e-06, 6.38004848952e-06, 7.76222714194e-06, 5.98266024099e-06, 3.36232756126e-06, 3.27570796799e-06, 3.5535722418e-06, 2.81376992461e-06, 3.3453220567e-06, 3.06733841171e-06, 2.06623712984e-06, 1.87105513305e-06, 1.86746876807e-06, 1.51575659402e-06, 1.38427651564e-06, 1.12645659556e-06],
        "dvar": [2.67605373665e-05, 3.11048752337e-05, 4.51438154414e-06, 9.21845548874e-06, 7.92905552771e-07, 7.30701188445e-08, 6.60383392415e-08, 6.85180410187e-08, 9.92666571165e-08, 5.75362726352e-08, 3.9383053263e-08, 2.11043253984e-08, 9.54063672509e-09, 9.54380929841e-09, 2.70787325896e-09, 2.13056239318e-09, 4.1618974933e-09, 1.8732402296e-09, 9.91902227021e-10, 6.0657739942e-10, 3.89195869976e-10, 2.44583686637e-10, 1.56648249927e-10, 8.18910703138e-11, 4.67341512711e-11, 5.57045451433e-11, 1.29911734148e-10, 9.25992754697e-11, 1.92099842977e-11, 2.08103430321e-11, 2.98307697988e-11, 1.46798267986e-11, 1.44837813618e-11, 1.40547903177e-11, 8.00864496248e-12, 6.51274997474e-12, 7.34279304027e-12, 4.1845259896e-12, 2.79165969855e-12, 2.13940172002e-12],
        "dvar2": [6.68064458296e-05, 8.38965352159e-05, 1.2816313756e-05, 2.35853749473e-05, 2.09442123378e-06, 1.75783625878e-07, 1.51105510326e-07, 1.56662352424e-07, 2.15127499814e-07, 1.13641704047e-07, 9.12656048513e-08, 4.49329036201e-08, 2.07956993847e-08, 2.00678194062e-08, 6.86401824268e-09, 5.28173460523e-09, 1.04736139761e-08, 4.75114791954e-09, 2.28913887845e-09, 1.47834844366e-09, 9.20696574536e-10, 5.93927351744e-10, 3.69326291771e-10, 2.04452274555e-10, 1.15693434e-10, 1.3503607954e-10, 3.33803595876e-10, 2.40194586443e-10, 4.35711119962e-11, 4.62862838335e-11, 8.13970210678e-11, 3.34260674695e-11, 3.44705097799e-11, 3.11463493885e-11, 1.76943303759e-11, 1.41346300983e-11, 1.51119776415e-11, 8.65886442408e-12, 6.04949770833e-12, 4.81335500971e-12],
        "max": [0.054860047996, 0.0579117722809, 0.022877857089, 0.0355273783207, 0.0132548604161, 0.00547835184261, 0.00639356952161, 0.00538508035243, 0.00900514423847, 0.00768871698529, 0.00723489187658, 0.00909236259758, 0.00331572489813, 0.00215451302938, 0.00152095616795, 0.00163361092564, 0.0012043339666, 0.000841197441332, 0.000787657336332, 0.000620867649559, 0.000659712066408, 0.000409499625675, 0.000411657063523, 0.000135855851113, 0.000159471412189, 0.000194372711121, 0.000294256227789, 0.000231451471336, 0.000149670697283, 0.000129501218908, 0.000147849830682, 0.000127878083731, 7.32760527171e-05, 8.64393368829e-05, 6.34483949398e-05, 8.72050368343e-05, 8.63348977873e-05, 6.80437879055e-05, 5.44579343114e-05, 4.72452411486e-05],
        "mean": [0.0047217910178, 0.00389217003249, 0.00172937172465, 0.00127414416056, 0.000616419652943, 0.00037321151467, 0.000278573279502, 0.000232523118029, 0.000290914846119, 0.000151175321662, 0.000150519772433, 9.68216190813e-05, 7.99635090516e-05, 9.32113616727e-05, 5.17423650308e-05, 4.14716923842e-05, 5.04952658957e-05, 3.42696366715e-05, 2.85304740828e-05, 2.52131285379e-05, 2.00092090381e-05, 1.81926079676e-05, 1.68901424331e-05, 1.21188031699e-05, 9.54900497163e-06, 9.07530738914e-06, 1.10533164843e-05, 7.99315967015e-06, 4.52200038126e-06, 4.17336877945e-06, 4.37317794422e-06, 3.81569361707e-06, 3.84806708098e-06, 3.47450122717e-06, 2.59669400293e-06, 2.225767048e-06, 2.10831058212e-06, 1.68898509401e-06, 1.39052872328e-06, 1.08279687083e-06],
        "median": [0.00295963697135, 0.00268029421568, 0.0012167658424, 0.000439964060206, 0.000308180227876, 0.000245629140409, 0.00015808569151, 0.000112743247882, 0.000121648263303, 5.21405017935e-05, 6.49085923214e-05, 4.03962621931e-05, 3.49047186319e-05, 4.14864625782e-05, 2.58640320681e-05, 1.83962547453e-05, 1.82608546311e-05, 1.38425166369e-05, 1.38225605042e-05, 1.3263834262e-05, 1.00867855508e-05, 9.19231933949e-06, 1.06008028524e-05, 7.53050608182e-06, 6.01322062721e-06, 5.54121470486e-06, 4.62371963295e-06, 3.10480754706e-06, 2.30398677559e-06, 1.87899081538e-06, 1.71277588379e-06, 1.47523519445e-06, 1.63019626598e-06, 1.24038092508e-06, 8.70814005793e-07, 8.10404571894e-07, 6.912198387e-07, 6.17086129751e-07, 5.0219955483e-07, 3.91274909362e-07],
        "min": [5.4417423845e-24, 3.20277034482e-24, 3.14233018884e-24, 2.39610741276e-24, 1.19867266637e-24, 1.10618454308e-23, 1.18554781556e-23, 3.20245677261e-24, 8.14113841633e-24, 6.22396186976e-24, 6.02018963161e-24, 4.80120271225e-24, 8.32909399333e-24, 6.3711506929e-24, 1.08389867031e-23, 2.1742458052e-23, 1.272486046e-23, 7.08640062047e-24, 7.31862707147e-24, 9.35655140136e-24, 1.26413137793e-23, 5.43122923522e-24, 9.68284399328e-24, 1.4094360068e-23, 1.23636852278e-23, 1.01266879041e-23, 8.47321178096e-24, 1.10038381219e-23, 1.25565467307e-23, 1.2436407948e-23, 1.6703659507e-23, 9.56648148774e-24, 7.59782072305e-24, 1.38573531199e-23, 1.20022835924e-23, 8.0425323809e-24, 9.61993706926e-24, 1.14193540376e-23, 1.01896658256e-23, 1.00662177714e-23],
        "var": [3.60620069841e-05, 2.60055167018e-05, 4.06031176681e-06, 8.25058305054e-06, 9.66118818724e-07, 1.67978285504e-07, 1.55635220267e-07, 1.45919571537e-07, 2.69320707957e-07, 1.39186127512e-07, 8.4671128775e-08, 8.06952797916e-08, 2.29061303259e-08, 2.17821707338e-08, 5.63396840292e-09, 4.33896119034e-09, 7.30465821164e-09, 3.09097480944e-09, 2.01861394267e-09, 1.3697161183e-09, 9.96101312545e-10, 7.86552212251e-10, 4.98224850265e-10, 2.09814582375e-10, 1.4014450711e-10, 1.59319682447e-10, 3.96019911308e-10, 2.40745007263e-10, 5.17285207724e-11, 6.0920171685e-11, 8.29646421008e-11, 5.03311975431e-11, 3.63684291016e-11, 3.76459072249e-11, 2.3067502769e-11, 1.54880257924e-11, 1.73987126789e-11, 1.00715425583e-11, 5.87788975479e-12, 3.52751920556e-12]
    },
    "mfcc": {
        "mean": [-632.429382324, 125.980628967, 17.8896923065, 24.5828132629, 11.18009758, 10.906165123, 5.0301399231, 9.07910823822, 2.34154272079, 4.36880636215, 3.23877286911, 1.98806929588, 3.31004500389],
        "cov": [[9772.31445312, -868.879150391, -920.712036133, -388.671356201, -466.62097168, -279.365112305, -290.981018066, -201.575119019, -273.139770508, -174.092849731, -190.246871948, -188.555221558, -176.933273315], [-868.879150391, 1116.31616211, -97.72996521, -88.8856124878, -26.2076721191, -51.499168396, -37.2948455811, 0.0328147187829, 12.3299207687, 19.8173561096, 40.0737190247, 1.22451281548, 48.4580917358], [-920.712036133, -97.72996521, 499.254699707, 136.825073242, 105.047294617, 65.4172668457, 68.8045501709, 47.0287628174, 35.5619621277, 3.1240735054, -3.09323716164, 20.3011569977, 19.3953380585], [-388.671356201, -88.8856124878, 136.825073242, 259.541046143, 71.0144271851, 33.614200592, 38.7334442139, 23.8688640594, 13.727771759, 4.46972608566, -11.416135788, -3.36647939682, -6.00288772583], [-466.62097168, -26.2076721191, 105.047294617, 71.0144271851, 218.231811523, 62.1227111816, -2.37224626541, 8.90079498291, 36.4532928467, -8.01696872711, -9.2655544281, 13.0047111511, -10.744052887], [-279.365112305, -51.499168396, 65.4172668457, 33.614200592, 62.1227111816, 136.821380615, 48.9201812744, 20.8463993073, 16.3467388153, 1.37820470333, 5.57678699493, 2.99542140961, -15.3426475525], [-290.981018066, -37.2948455811, 68.8045501709, 38.7334442139, -2.37224626541, 48.9201812744, 111.293968201, 49.0210227966, 11.2192201614, 15.8226289749, 16.1936721802, 3.01548337936, 9.75585460663], [-201.575119019, 0.0328147187829, 47.0287628174, 23.8688640594, 8.90079498291, 20.8463993073, 49.0210227966, 74.6223678589, 27.5814285278, 10.3194417953, 10.8122558594, 3.84694433212, 8.39476680756], [-273.139770508, 12.3299207687, 35.5619621277, 13.727771759, 36.4532928467, 16.3467388153, 11.2192201614, 27.5814285278, 81.8924789429, 29.1624317169, 12.504119873, 5.55253601074, -3.27571749687], [-174.092849731, 19.8173561096, 3.1240735054, 4.46972608566, -8.01696872711, 1.37820470333, 15.8226289749, 10.3194417953, 29.1624317169, 65.3596725464, 30.3618183136, 2.98956108093, 10.2554531097], [-190.246871948, 40.0737190247, -3.09323716164, -11.416135788, -9.2655544281, 5.57678699493, 16.1936721802, 10.8122558594, 12.504119873, 30.3618183136, 64.3255615234, 20.4484176636, 11.37495327], [-188.555221558, 1.22451281548, 20.3011569977, -3.36647939682, 13.0047111511, 2.99542140961, 3.01548337936, 3.84694433212, 5.55253601074, 2.98956108093, 20.4484176636, 64.4995956421, 28.7511119843], [-176.933273315, 48.4580917358, 19.3953380585, -6.00288772583, -10.744052887, -15.3426475525, 9.75585460663, 8.39476680756, -3.27571749687, 10.2554531097, 11.37495327, 28.7511119843, 66.5540771484]],
