{
"lowlevel": {
    "average_loudness": 0.927924752235,
    "barkbands_crest": {
        "dmean": 2.61781549454,
        "dmean2": 4.15492630005,
        "dvar": 6.38928174973,
        "dvar2": 15.3911619186,
        "max": 25.5788631439,
        "mean": 8.07600212097,
        "median": 7.22672891617,
        "min": 2.22284507751,
        "var": 14.5617303848
    },
    "barkbands_flatness_db": {
        "dmean": 0.0218391753733,
        "dmean2": 0.035997133702,
        "dvar": 0.000558914674912,
        "dvar2": 0.00147295487113,
        "max": 0.469454348087,
        "mean": 0.172080278397,
        "median": 0.166114404798,
        "min": 0.0317324325442,
        "var": 0.00208615208976
    },
    "barkbands_kurtosis": {
        "dmean": 1.84735846519,
        "dmean2": 3.13848185539,
        "dvar": 16.4887828827,
        "dvar2": 43.231426239,
        "max": 78.8132781982,
        "mean": 0.694894194603,
        "median": -0.700860261917,
        "min": -1.94297623634,
        "var": 22.9987392426
    },
    "barkbands_skewness": {
        "dmean": 0.585395038128,
        "dmean2": 0.907437086105,
        "dvar": 0.485962152481,
        "dvar2": 1.20055198669,
        "max": 7.54040718079,
        "mean": 0.460969567299,
        "median": 0.304720282555,
        "min": -5.4989156723,
        "var": 1.30500864983
    },
    "barkbands_spread": {
        "dmean": 6.62322807312,
        "dmean2": 10.575012207,
        "dvar": 49.2903823853,
        "dvar2": 121.37588501,
        "max": 113.560089111,
        "mean": 30.0475234985,
        "median": 28.9964637756,
        "min": 1.15005421638,
        "var": 164.177337646
    },
    "dissonance": {
        "dmean": 0.0129671804607,
        "dmean2": 0.0217048414052,
        "dvar": 0.000177549271029,
        "dvar2": 0.000466552621219,
        "max": 0.500000059605,
        "mean": 0.47767958045,
        "median": 0.482015013695,
        "min": 0.315505474806,
        "var": 0.000321993487887
    },
    "dynamic_complexity": 2.83672332764,
    "erbbands_crest": {
        "dmean": 2.78126764297,
        "dmean2": 4.51494789124,
        "dvar": 9.38386631012,
        "dvar2": 22.5744228363,
        "max": 32.985584259,
        "mean": 8.78942012787,
        "median": 7.59501600266,
        "min": 2.39817428589,
        "var": 19.7983036041
    },
    "erbbands_flatness_db": {
        "dmean": 0.0172644928098,
        "dmean2": 0.0260517466813,
        "dvar": 0.000305138615659,
        "dvar2": 0.000672752328683,
        "max": 0.420548737049,
        "mean": 0.232965916395,
        "median": 0.230354085565,
        "min": 0.0675959736109,
        "var": 0.00217893603258
    },
    "erbbands_kurtosis": {
        "dmean": 1.18763387203,
        "dmean2": 1.92865049839,
        "dvar": 6.94082117081,
        "dvar2": 17.0299739838,
        "max": 75.5096893311,
        "mean": 0.701439499855,
        "median": -0.147673368454,
        "min": -1.83294832706,
        "var": 11.0791788101
    },
    "erbbands_skewness": {
        "dmean": 0.374424308538,
        "dmean2": 0.585917949677,
        "dvar": 0.164218813181,
        "dvar2": 0.394444793463,
        "max": 3.71451544762,
        "mean": -0.378685593605,
        "median": -0.340979635715,
        "min": -5.66369104385,
        "var": 0.493761152029
    },
    "erbbands_spread": {
        "dmean": 7.60737466812,
        "dmean2": 12.2481575012,
        "dvar": 76.1725845337,
        "dvar2": 196.894607544,
        "max": 138.837661743,
        "mean": 31.189825058,
        "median": 29.1983547211,
        "min": 1.05262970924,
        "var": 231.569778442
    },
    "hfc": {
        "dmean": 9.7572555542,
        "dmean2": 15.2151966095,
        "dvar": 226.22795105,
        "dvar2": 557.433288574,
        "max": 209.52204895,
        "mean": 27.4650802612,
        "median": 21.360830307,
        "min": 1.1838590398e-16,
        "var": 542.442749023
    },
    "melbands_crest": {
        "dmean": 3.4852309227,
        "dmean2": 5.44356584549,
        "dvar": 10.0082769394,
        "dvar2": 22.5892391205,
        "max": 37.7104301453,
        "mean": 12.1409044266,
        "median": 11.1759729385,
        "min": 2.54391956329,
        "var": 27.6815280914
    },
    "melbands_flatness_db": {
        "dmean": 0.0288690812886,
        "dmean2": 0.0455797277391,
        "dvar": 0.0010046713287,
        "dvar2": 0.00243636383675,
        "max": 0.596060574055,
        "mean": 0.202992871404,
        "median": 0.194407790899,
        "min": 0.00683465413749,
        "var": 0.00500532239676
    },
    "melbands_kurtosis": {
        "dmean": 4.69353342056,
        "dmean2": 7.86414337158,
        "dvar": 104.428344727,
        "dvar2": 276.824432373,
        "max": 187.301864624,
        "mean": 4.83865356445,
        "median": 1.02479124069,
        "min": -1.88870334625,
        "var": 149.10748291
    },
    "melbands_skewness": {
        "dmean": 0.75068539381,
        "dmean2": 1.1754771471,
        "dvar": 0.887388527393,
        "dvar2": 2.19363260269,
        "max": 11.4180736542,
        "mean": 1.54362988472,
        "median": 1.26893365383,
        "min": -3.99185657501,
        "var": 2.14854192734
    },
    "melbands_spread": {
        "dmean": 12.0762023926,
        "dmean2": 18.4665794373,
        "dvar": 162.170303345,
        "dvar2": 365.591491699,
        "max": 223.069564819,
        "mean": 45.4269256592,
        "median": 43.5311088562,
        "min": 0.950414836407,
        "var": 646.617858887
    },
    "pitch_salience": {
        "dmean": 0.0746864974499,
        "dmean2": 0.118489019573,
        "dvar": 0.00480429502204,
        "dvar2": 0.0113931763917,
        "max": 0.932402312756,
        "mean": 0.567006409168,
        "median": 0.568348228931,
        "min": 0.0783110931516,
        "var": 0.0110318316147
    },
    "silence_rate_20dB": {
        "dmean": 0,
        "dmean2": 0,
        "dvar": 0,
        "dvar2": 0,
        "max": 1,
        "mean": 1,
        "median": 1,
        "min": 1,
        "var": 0
    },
    "silence_rate_30dB": {
        "dmean": 0.0180283859372,
        "dmean2": 0.0360602289438,
        "dvar": 0.017702434212,
        "dvar2": 0.0491487123072,
        "max": 1,
        "mean": 0.989164829254,
        "median": 1,
        "min": 0,
        "var": 0.0107168182731
    },
    "silence_rate_60dB": {
        "dmean": 0.0189873408526,
        "dmean2": 0.0379783250391,
        "dvar": 0.0186319556087,
        "dvar2": 0.0428584963083,
        "max": 1,
        "mean": 0.0412311814725,
        "median": 0,
        "min": 0,
        "var": 0.039538551122
    },
    "spectral_centroid": {
        "dmean": 321.351318359,
        "dmean2": 504.262817383,
        "dvar": 129105.445312,
        "dvar2": 307203.09375,
        "max": 10689.9023438,
        "mean": 2009.07702637,
        "median": 2015.48901367,
        "min": 192.36315918,
        "var": 466141.125
    },
    "spectral_complexity": {
        "dmean": 5.2059841156,
        "dmean2": 7.84252405167,
        "dvar": 29.2882270813,
        "dvar2": 58.2303352356,
        "max": 58,
        "mean": 25.4645690918,
        "median": 25,
        "min": 0,
        "var": 115.991333008
    },
    "spectral_decrease": {
        "dmean": 3.80546527623e-09,
        "dmean2": 6.54335785555e-09,
        "dvar": 6.50067809992e-17,
        "dvar2": 1.78675644523e-16,
        "max": 1.45897308649e-20,
        "mean": -5.79604586548e-09,
        "median": -4.07592226637e-09,
        "min": -7.02075126924e-08,
        "var": 5.00650404003e-17
    },
    "spectral_energy": {
        "dmean": 0.0150873064995,
        "dmean2": 0.0258532203734,
        "dvar": 0.000967231811956,
        "dvar2": 0.00265120482072,
        "max": 0.271118193865,
        "mean": 0.0243668053299,
        "median": 0.0177179127932,
        "min": 1.10210200551e-20,
        "var": 0.000769207428675
    },
    "spectral_energyband_high": {
        "dmean": 0.000525794283021,
        "dmean2": 0.000739754817914,
        "dvar": 1.60096783475e-06,
        "dvar2": 3.56780992661e-06,
        "max": 0.0193454176188,
        "mean": 0.00138837180566,
        "median": 0.000469850027002,
        "min": 7.90496040959e-21,
        "var": 6.12864232608e-06
    },
    "spectral_energyband_low": {
        "dmean": 0.00854943320155,
        "dmean2": 0.0149314058945,
        "dvar": 0.000578392297029,
        "dvar2": 0.0016074879095,
        "max": 0.213634595275,
        "mean": 0.00802086200565,
        "median": 0.00256214686669,
        "min": 1.4621463672e-22,
        "var": 0.000403469573939
    },
    "spectral_energyband_middle_high": {
        "dmean": 0.00335421715863,
        "dmean2": 0.00537753291428,
        "dvar": 3.52627903339e-05,
        "dvar2": 8.91040399438e-05,
        "max": 0.104762993753,
        "mean": 0.0084162959829,
        "median": 0.0068439966999,
        "min": 1.74947730203e-21,
        "var": 5.33870334039e-05
    },
    "spectral_energyband_middle_low": {
        "dmean": 0.0064797103405,
        "dmean2": 0.0114934174344,
        "dvar": 0.00017992935318,
        "dvar2": 0.000496877124533,
        "max": 0.108349576592,
        "mean": 0.00816879235208,
        "median": 0.0042043463327,
        "min": 2.51573674909e-22,
        "var": 0.000135645706905
    },
    "spectral_entropy": {
        "dmean": 0.137875393033,
        "dmean2": 0.213516190648,
        "dvar": 0.021154647693,
        "dvar2": 0.0478699319065,
        "max": 9.79704189301,
        "mean": 7.51049900055,
        "median": 7.51427841187,
        "min": 5.27098703384,
        "var": 0.116924457252
    },
    "spectral_flux": {
        "dmean": 0.0378657877445,
        "dmean2": 0.0609280057251,
        "dvar": 0.0031224724371,
        "dvar2": 0.00550958001986,
        "max": 0.456230729818,
        "mean": 0.0962922647595,
        "median": 0.0777219906449,
        "min": 1.04981044691e-10,
        "var": 0.00476537365466
    },
    "spectral_kurtosis": {
        "dmean": 3.27905440331,
        "dmean2": 5.85229873657,
        "dvar": 16.7327423096,
        "dvar2": 49.8840446472,
        "max": 86.2794876099,
        "mean": 3.9038734436,
        "median": 2.40304851532,
        "min": -1.1896584034,
        "var": 25.8125782013
    },
    "spectral_rms": {
        "dmean": 0.00117796368431,
        "dmean2": 0.00189844274428,
        "dvar": 3.3436663216e-06,
        "dvar2": 8.65762103786e-06,
        "max": 0.0162636265159,
        "mean": 0.00440991204232,
        "median": 0.00415761582553,
        "min": 3.2790569305e-12,
        "var": 4.32521756011e-06
    },
    "spectral_rolloff": {
        "dmean": 588.222839355,
        "dmean2": 943.309753418,
        "dvar": 609278.125,
        "dvar2": 1322876,
        "max": 19336.8164062,
        "mean": 2529.56323242,
        "median": 2304.05273438,
        "min": 21.533203125,
        "var": 2307605.75
    },
    "spectral_skewness": {
        "dmean": 0.336158782244,
        "dmean2": 0.583396732807,
        "dvar": 0.128542259336,
        "dvar2": 0.381454825401,
        "max": 6.70687818527,
        "mean": 0.84345549345,
        "median": 0.778996944427,
        "min": -0.443315923214,
        "var": 0.236860245466
    },
    "spectral_spread": {
        "dmean": 286340.53125,
        "dmean2": 456252.75,
        "dvar": 182914891776,
        "dvar2": 288957628416,
        "max": 40446336,
        "mean": 2788927.75,
        "median": 2529249.75,
        "min": 695011.0625,
        "var": 993498365952
    },
    "spectral_strongpeak": {
        "dmean": 0.975460290909,
        "dmean2": 1.67180836201,
        "dvar": 2.92554020882,
        "dvar2": 7.5013666153,
        "max": 21.4538784027,
        "mean": 1.38055980206,
        "median": 0.614216268063,
        "min": 0,
        "var": 3.55770015717
    },
    "zerocrossingrate": {
        "dmean": 0.00971369724721,
        "dmean2": 0.0107664912939,
        "dvar": 0.00010993880278,
        "dvar2": 0.000118845193356,
        "max": 0.49365234375,
        "mean": 0.082016736269,
        "median": 0.076171875,
        "min": 0.0048828125,
        "var": 0.00149050273467
    },
    "barkbands": {
        "dmean": [0.000145116136991, 0.00311756436713, 0.00419584102929, 0.00281968619674, 0.00204610871151, 0.000709133513737, 0.000828614050988, 0.000837457657326, 0.000430916377809, 0.000588654598687, 0.00077122595394, 0.000433613749919, 0.000424011290306, 0.000592578260694, 0.000843869172968, 0.000895158620551, 0.000471024482977, 0.000308663089527, 0.00022882023768, 0.000238623295445, 0.000178601898369, 0.000196725508431, 0.000151613901835, 8.47196570248e-05, 1.077539169e-09, 2.40397790563e-09, 5.09748909749e-09],
        "dmean2": [0.000252698984696, 0.00502887414768, 0.00779600162059, 0.00522020366043, 0.00367051921785, 0.00119060918223, 0.00137055560481, 0.00141369074117, 0.00068789353827, 0.000957534648478, 0.00124471832532, 0.000703620782588, 0.000695623399224, 0.000989228719845, 0.00139025633689, 0.00145127356518, 0.000778601155616, 0.000505325617269, 0.000372862035874, 0.000382539845305, 0.000255593506154, 0.000293874123599, 0.000254028447671, 0.000138209201396, 2.01871652727e-09, 4.10138634166e-09, 8.05842592655e-09],
        "dvar": [8.45536689553e-08, 5.85202215007e-05, 0.000159632953, 6.55312396702e-05, 2.47254647547e-05, 2.54196265814e-06, 5.65936807106e-06, 5.01657768837e-06, 7.77343473146e-07, 2.19998946704e-06, 7.77280001785e-06, 1.74151728061e-06, 7.24772576177e-07, 6.92745607012e-06, 3.74192131858e-06, 6.01274496148e-06, 6.28356076504e-07, 4.24482493599e-07, 1.31771471956e-07, 1.15564802172e-07, 1.48570066472e-07, 2.53836589081e-07, 1.86060944429e-07, 6.75499904901e-08, 3.40693257036e-18, 3.3657261132e-17, 6.72283035744e-17],
        "dvar2": [2.48209460096e-07, 0.000149179599248, 0.000456509325886, 0.000187611731235, 6.82265381329e-05, 6.3529637373e-06, 1.34568945214e-05, 1.21399662021e-05, 1.79369828857e-06, 5.38472431799e-06, 1.80229217221e-05, 4.34629191659e-06, 1.82534074611e-06, 1.79726921488e-05, 9.59668432188e-06, 1.4729988834e-05, 1.599432494e-06, 1.16240835268e-06, 3.46041389321e-07, 2.97259049375e-07, 3.05574900494e-07, 5.11251869284e-07, 4.89997887598e-07, 1.85837578215e-07, 1.11565116578e-17, 8.94406904424e-17, 1.67862196925e-16],
        "max": [0.00300217350014, 0.0729742646217, 0.105004221201, 0.0699883401394, 0.0675548389554, 0.0368949323893, 0.060041654855, 0.0662831515074, 0.0293462853879, 0.047088149935, 0.077700138092, 0.0567052662373, 0.0152431596071, 0.0967982932925, 0.0562034361064, 0.0848493725061, 0.0142880473286, 0.0306967068464, 0.0072227595374, 0.0058616749011, 0.00704988464713, 0.00869296863675, 0.00675942003727, 0.0048255501315, 2.60763322046e-08, 8.9646569279e-08, 1.97258643198e-07],
        "mean": [0.000159588700626, 0.00329699204303, 0.00304494611919, 0.00229296833277, 0.00178267527372, 0.00105254375376, 0.00114382745232, 0.00102369883098, 0.000658842327539, 0.000841539178509, 0.00098634744063, 0.000567326438613, 0.000622585124802, 0.000712934299372, 0.00128792016767, 0.00136625184678, 0.000818168977275, 0.000544469512533, 0.000455577595858, 0.000486675126012, 0.000369952555047, 0.000398049625801, 0.000289152172627, 0.000163810327649, 8.69907146317e-10, 4.35299130075e-09, 1.09050777297e-08],
        "median": [6.46722473903e-05, 0.000762187875807, 0.000753961503506, 0.000806750147603, 0.000421300268499, 0.000231736848946, 0.000253359641647, 0.000290902040433, 0.000287847738946, 0.000341279548593, 0.000410473207012, 0.000287997652777, 0.000356088450644, 0.000310383620672, 0.000717750168405, 0.000702199235093, 0.000493486062624, 0.00036420286051, 0.000331592571456, 0.000322334497469, 0.000129092863062, 6.64704784867e-05, 1.33896019179e-05, 4.96085476698e-06, 3.24688081976e-10, 1.227183688e-09, 8.01197597156e-09],
        "min": [7.14584097414e-23, 5.09338077767e-23, 5.73308323184e-23, 2.92618297134e-23, 2.09715453101e-23, 5.49782219071e-23, 4.27500795489e-23, 1.61308108057e-23, 7.43121235323e-23, 3.77644470735e-23, 9.56965018422e-23, 1.09790076205e-22, 1.22163555141e-22, 2.05789727826e-22, 1.54506423114e-22, 2.26268077299e-22, 2.40739951486e-22, 2.3595781357e-22, 2.61837550458e-22, 1.83720441546e-22, 4.11507486295e-22, 6.77890768833e-22, 5.39569146164e-22, 9.57513762689e-22, 1.39455734544e-21, 1.75821783037e-21, 2.23729919229e-21],
        "var": [7.26911935089e-08, 5.73353245272e-05, 9.29784364416e-05, 3.8761729229e-05, 1.75822697202e-05, 4.62576872451e-06, 7.51746711103e-06, 6.04472324994e-06, 1.27922851334e-06, 3.43492365573e-06, 8.22739093564e-06, 1.76666776497e-06, 8.65664731009e-07, 5.88438524574e-06, 4.59834745925e-06, 6.85965642333e-06, 1.07609901079e-06, 4.37967827338e-07, 2.0991670624e-07, 2.66505793434e-07, 4.71946435709e-07, 8.23411880901e-07, 4.22636674102e-07, 1.40328197062e-07, 2.4507612063e-18, 7.06815907259e-17, 1.1206570147e-16]
    },
    "erbbands": {
        "dmean": [0.0848769471049, 0.810345828533, 3.79493355751, 8.74374580383, 7.59712219238, 6.77190685272, 5.27932071686, 6.49015808105, 10.4118642807, 16.2103404999, 14.7746992111, 9.52861309052, 13.7127876282, 21.6727752686, 29.2629489899, 20.3399372101, 19.1289730072, 25.6177577972, 40.4181976318, 46.7765731812, 40.5033798218, 23.390001297, 16.480556488, 13.4400787354, 11.4584636688, 10.882062912, 7.83517551422, 5.59044933319, 5.28356742859, 7.94972896576, 4.07193851471, 2.938975811, 0.487898647785, 0.0121631473303, 0.000703910307493, 9.9133598269e-05, 2.88737319352e-05, 8.51181994221e-06, 9.16710723686e-06, 1.77870224434e-05],
        "dmean2": [0.124187536538, 1.41044199467, 7.09729623795, 16.1699562073, 13.799539566, 12.3879318237, 8.73024845123, 10.974565506, 17.2400302887, 27.1978778839, 24.7535400391, 15.3058395386, 21.9725704193, 34.9171333313, 47.5878791809, 32.7250480652, 31.4509048462, 42.5691490173, 66.5788345337, 76.0651092529, 65.1484069824, 38.1577339172, 27.135427475, 21.8591251373, 18.3913173676, 17.4621276855, 11.4664678574, 8.18773174286, 7.95098590851, 12.2341957092, 6.80265712738, 4.72159862518, 0.81668138504, 0.0201902929693, 0.0011468695011, 0.000157960123033, 4.50485640613e-05, 1.29657391881e-05, 1.51474214363e-05, 3.01979016513e-05],
        "dvar": [0.0351581759751, 4.74405813217, 138.217102051, 645.924560547, 344.192871094, 313.093200684, 132.724716187, 249.566955566, 1373.44616699, 1513.77331543, 1705.24438477, 329.113098145, 771.322814941, 4520.52539062, 11490.9628906, 3980.13500977, 1335.54650879, 10655.3359375, 10374.7714844, 18167.4941406, 8305.44335938, 1666.38708496, 1415.95117188, 532.432373047, 306.479949951, 251.431930542, 235.409713745, 172.065338135, 155.225296021, 532.885559082, 128.57421875, 79.2750015259, 3.78957033157, 0.002315902384, 6.66590267429e-06, 1.03580624966e-07, 6.71188526979e-09, 5.23880605563e-10, 2.66790867176e-10, 1.20158238914e-09],
        "dvar2": [0.0779914036393, 13.0027275085, 397.302062988, 1848.67541504, 961.561035156, 877.39666748, 308.818634033, 622.850646973, 3252.32910156, 3735.78173828, 4146.43310547, 789.947814941, 1778.25585938, 10681.5009766, 26497.4863281, 9907.93652344, 3363.95507812, 27857.9296875, 27166.4355469, 47885.3671875, 20554.2558594, 4305.71923828, 3937.72973633, 1412.9765625, 778.871948242, 642.321228027, 510.045227051, 375.533355713, 371.26171875, 1088.27294922, 333.968414307, 217.792648315, 10.6880865097, 0.00650695664808, 1.85219068953e-05, 2.82070175217e-07, 1.77895529418e-08, 1.3218055539e-09, 7.04669267382e-10, 3.27005245104e-09],
        "max": [1.92504894733, 20.7560653687, 98.4647140503, 206.688842773, 167.837631226, 232.904464722, 297.424194336, 448.777191162, 1053.73132324, 1076.5760498, 887.370178223, 382.53427124, 723.787414551, 2388.28564453, 3578.43920898, 2838.47949219, 678.622497559, 3892.59155273, 3412.04394531, 4856.42822266, 3229.76269531, 852.639953613, 1871.74609375, 524.265380859, 440.910736084, 234.927764893, 319.724700928, 192.181427002, 183.898788452, 340.549346924, 174.723205566, 145.945098877, 43.9696769714, 1.07937407494, 0.0524778403342, 0.00628834497184, 0.00147948844824, 0.000382192723919, 0.000171207560925, 0.000301345222397],
        "mean": [0.0982870385051, 0.747255265713, 2.77656817436, 7.10629463196, 5.80111694336, 5.70124435425, 7.69408321381, 8.76676082611, 13.8709545135, 22.6964931488, 18.7452163696, 15.1488695145, 21.15558815, 31.5885276794, 39.1829109192, 28.8129024506, 29.8498420715, 35.2931251526, 59.4822921753, 72.7438430786, 67.9311141968, 43.769153595, 30.6658744812, 25.8527870178, 24.7261619568, 22.6510753632, 16.6053371429, 11.5652780533, 11.1449356079, 15.1322631836, 8.23996067047, 6.16577386856, 0.834897816181, 0.0222817305475, 0.00145656208042, 0.000226046191528, 6.91355307936e-05, 2.20707406697e-05, 1.96413275262e-05, 3.2103554986e-05],
        "median": [0.0184096395969, 0.185728952289, 0.699009239674, 2.51774072647, 1.29095101357, 1.42049324512, 2.07110476494, 1.93705415726, 3.40083026886, 5.66253089905, 6.40058422089, 6.54559993744, 10.2223510742, 13.9789772034, 17.831943512, 15.9750757217, 18.220199585, 18.4155693054, 32.7565155029, 38.8129005432, 39.194770813, 27.5373497009, 21.2497272491, 18.9339447021, 18.154050827, 14.854186058, 7.95341682434, 3.44888591766, 2.56435108185, 0.822160959244, 0.360612511635, 0.176984250546, 0.0347946286201, 0.00101452681702, 0.000120193762996, 4.61969757453e-05, 2.20628917305e-05, 8.08528693597e-06, 1.35447080538e-05, 2.36516607401e-05],
        "min": [8.02285525536e-22, 1.47036426825e-20, 7.07884107623e-20, 7.20534154881e-20, 8.45609098001e-20, 7.82582717463e-20, 1.82571401544e-19, 5.4665792084e-19, 8.20481431868e-19, 2.640244193e-19, 5.29920334735e-19, 1.84387926359e-18, 1.3257881286e-18, 2.36490792372e-18, 3.9304359481e-18, 3.71492189772e-18, 5.21176435954e-18, 7.94828420743e-18, 1.29812795338e-17, 6.02426168904e-18, 1.44988168137e-17, 1.37207839645e-17, 1.30759536636e-17, 1.46802092503e-17, 1.12828899662e-17, 9.62036446844e-18, 1.74496926592e-17, 1.5768080796e-17, 2.11226310049e-17, 1.8794976194e-17, 1.50793123153e-17, 1.72459167153e-17, 1.76581918044e-17, 1.41401794243e-17, 1.06766195167e-17, 6.18393194909e-18, 3.13742616665e-18, 1.26061301717e-18, 3.34896763045e-19, 3.38309309586e-20],
        "var": [0.0468585826457, 3.6179921627, 79.3714065552, 381.142425537, 217.42048645, 212.884811401, 330.354919434, 367.380371094, 1544.13806152, 2403.30200195, 1982.82189941, 618.119812012, 1352.17492676, 5691.21044922, 12551.0107422, 4135.79394531, 1681.95690918, 9525.38964844, 10266.8945312, 20831.2773438, 10387.3945312, 2918.45996094, 1391.65966797, 695.35369873, 603.075012207, 583.38885498, 700.24407959, 493.941986084, 434.577819824, 1587.39660645, 287.199584961, 180.13130188, 5.25295209885, 0.00340121984482, 1.15481561807e-05, 2.11704474395e-07, 1.56434083465e-08, 1.45587086831e-09, 3.82536891053e-10, 1.07161346463e-09]
    },
    "gfcc": {
        "mean": [-44.793182373, 141.543945312, -189.546386719, 62.7137489319, -47.8334121704, 0.912429630756, -8.46474456787, -18.9569606781, 5.27565574646, -22.388130188, -1.37739920616, -15.1482753754, -4.03708314896],
        "cov": [[10311.5302734, -457.023345947, -295.399261475, 780.382568359, -1248.77111816, 737.764892578, -704.760375977, -251.239852905, 312.381530762, -395.346435547, 210.650390625, -191.430892944, -106.79006958], [-457.023345947, 1817.59973145, -225.731704712, -360.46182251, 1041.54504395, -679.015014648, 332.791473389, -76.5466384888, -118.334396362, 86.3849334717, -90.2210540771, -2.52420043945, 52.3574981689], [-295.399261475, -225.731704712, 653.542358398, 182.023178101, -260.393920898, 290.890594482, -117.912521362, 52.4616661072, 28.0407886505, -47.3581428528, 70.8967132568, -28.680557251, 2.45476555824], [780.382568359, -360.46182251, 182.023178101, 302.7315979, -240.761703491, 258.955596924, -83.2579956055, 10.8275842667, 64.1716918945, -46.5045471191, 54.5842437744, -19.6358718872, -10.113196373], [-1248.77111816, 1041.54504395, -260.393920898, -240.761703491, 1020.67059326, -435.907073975, 352.626251221, 12.7621364594, -124.580612183, 122.317321777, -110.666099548, 10.572098732, 53.1387901306], [737.764892578, -679.015014648, 290.890594482, 258.955596924, -435.907073975, 560.169067383, -154.581237793, 40.4678459167, 79.0757064819, -111.109024048, 91.7565612793, -27.6353206635, -19.1566429138], [-704.760375977, 332.791473389, -117.912521362, -83.2579956055, 352.626251221, -154.581237793, 292.943786621, 37.6175918579, -30.9243888855, 70.7390594482, -73.8077163696, 39.6138839722, 8.96722507477], [-251.239852905, -76.5466384888, 52.4616661072, 10.8275842667, 12.7621364594, 40.4678459167, 37.6175918579, 119.506355286, 40.4570884705, 11.8671951294, 7.25940608978, -11.7395925522, 7.91209125519], [312.381530762, -118.334396362, 28.0407886505, 64.1716918945, -124.580612183, 79.0757064819, -30.9243888855, 40.4570884705, 137.879898071, 24.1942424774, 30.7064552307, -2.51740717888, -22.1258621216], [-395.346435547, 86.3849334717, -47.3581428528, -46.5045471191, 122.317321777, -111.109024048, 70.7390594482, 11.8671951294, 24.1942424774, 144.960723877, 6.72286081314, 15.953294754, -7.75923347473], [210.650390625, -90.2210540771, 70.8967132568, 54.5842437744, -110.666099548, 91.7565612793, -73.8077163696, 7.25940608978, 30.7064552307, 6.72286081314, 124.564323425, 20.0286617279, -0.665833353996], [-191.430892944, -2.52420043945, -28.680557251, -19.6358718872, 10.572098732, -27.6353206635, 39.6138839722, -11.7395925522, -2.51740717888, 15.953294754, 20.0286617279, 103.151504517, 32.3905448914], [-106.79006958, 52.3574981689, 2.45476555824, -10.113196373, 53.1387901306, -19.1566429138, 8.96722507477, 7.91209125519, -22.1258621216, -7.75923347473, -0.665833353996, 32.3905448914, 80.58253479]],
        "icov": [[0.000325522269122, -0.00079709320562, 0.000838381471112, -0.00105233769864, 0.000727761187591, -0.000696505536325, 0.000669470988214, -0.0002085629676, 0.000127753388369, -0.000191713494132, 0.000405126513215, -6.57441660223e-06, 0.000114782182209], [-0.00079709320562, 0.00518968328834, -0.00345488381572, 0.00392997777089, -0.00432262616232, 0.00466195400804, -0.00360227003694, 0.00421300856397, -0.0034637004137, 0.00390151585452, -0.00408218195662, 0.00257456372492, -0.00152779906057], [0.000838381471112, -0.00345488381572, 0.00497552193701, -0.00396180711687, 0.00306400330737, -0.00381436664611, 0.00302105839364, -0.00314783980139, 0.00255265645683, -0.0024166109506, 0.00214271480218, -0.000925523345359, 0.000610563845839], [-0.00105233769864, 0.00392997777089, -0.00396180711687, 0.0100539717823, -0.00306115136482, 0.00143601489253, -0.00384312216192, 0.00371931190602, -0.00356741598807, 0.00236934632994, -0.00343281542882, 0.00235298951156, -0.00186862249393], [0.000727761187591, -0.00432262616232, 0.00306400330737, -0.00306115136482, 0.0062004243955, -0.00288260751404, 0.000350585585693, -0.00312569667585, 0.00366323953494, -0.00352245080285, 0.00255746929906, -9.42220212892e-05, -0.00048498637625], [-0.000696505536325, 0.00466195400804, -0.00381436664611, 0.00143601489253, -0.00288260751404, 0.00879097543657, -0.0038492216263, 0.00296017411165, -0.00367532181554, 0.00581768760458, -0.00527562992647, 0.00290824403055, -0.0011887649307], [0.000669470988214, -0.00360227003694, 0.00302105839364, -0.00384312216192, 0.000350585585693, -0.0038492216263, 0.0117037622258, -0.00635528564453, 0.00331438332796, -0.00461486494169, 0.00724468799308, -0.00693510938436, 0.00414188299328], [-0.0002085629676, 0.00421300856397, -0.00314783980139, 0.00371931190602, -0.00312569667585, 0.00296017411165, -0.00635528564453, 0.0166650898755, -0.0080824624747, 0.00430041784421, -0.00549612846226, 0.00684224115685, -0.00521607231349], [0.000127753388369, -0.0034637004137, 0.00255265645683, -0.00356741598807, 0.00366323953494, -0.00367532181554, 0.00331438332796, -0.0080824624747, 0.0147121259943, -0.00672799628228, 0.00315684289671, -0.00383588299155, 0.00398936821148], [-0.000191713494132, 0.00390151585452, -0.0024166109506, 0.00236934632994, -0.00352245080285, 0.00581768760458, -0.00461486494169, 0.00430041784421, -0.00672799628228, 0.0144787672907, -0.00645536277443, 0.00260487105697, -0.000174472254002], [0.000405126513215, -0.00408218195662, 0.00214271480218, -0.00343281542882, 0.00255746929906, -0.00527562992647, 0.00724468799308, -0.00549612846226, 0.00315684289671, -0.00645536277443, 0.0162278395146, -0.0074643031694, 0.00286555569619], [-6.57441660223e-06, 0.00257456372492, -0.000925523345359, 0.00235298951156, -9.42220212892e-05, 0.00290824403055, -0.00693510938436, 0.00684224115685, -0.00383588299155, 0.00260487105697, -0.0074643031694, 0.0177954174578, -0.00852162297815], [0.000114782182209, -0.00152779906057, 0.000610563845839, -0.00186862249393, -0.00048498637625, -0.0011887649307, 0.00414188299328, -0.00521607231349, 0.00398936821148, -0.000174472254002, 0.00286555569619, -0.00852162297815, 0.0179173182696]]
    },
    "melbands": {
        "dmean": [0.000796208216343, 0.00169803656172, 0.00145671982318, 0.000511735561304, 0.00020034595218, 0.00014485482825, 0.000158797571203, 0.000181953568244, 0.000108602500404, 6.26047112746e-05, 7.02911856933e-05, 8.85332774487e-05, 0.000104755126813, 5.49933538423e-05, 4.6888802899e-05, 4.00402059313e-05, 5.34710488864e-05, 6.78771466482e-05, 5.69253897993e-05, 7.40136529203e-05, 4.60934170405e-05, 2.90104580927e-05, 1.69403574546e-05, 1.55232592078e-05, 1.16125002023e-05, 9.15972032089e-06, 1.02883141153e-05, 6.91190552971e-06, 4.9398572628e-06, 5.34647188033e-06, 3.01382920043e-06, 2.98393388221e-06, 4.55917324871e-06, 4.1265816435e-06, 2.27150803767e-06, 2.72920919997e-06, 1.70470912053e-06, 5.0839355481e-07, 1.28701424518e-11, 1.01272575395e-11],
        "dmean2": [0.0012230342254, 0.00311846914701, 0.0026873908937, 0.000932130904403, 0.000340686936397, 0.000244357768679, 0.00026120187249, 0.000306100875605, 0.000181300187251, 9.96354938252e-05, 0.000112727939268, 0.000142747870996, 0.00016995902115, 8.91331656021e-05, 7.71288760006e-05, 6.54418909107e-05, 8.90683804755e-05, 0.00011226505012, 9.39379169722e-05, 0.000120272212371, 7.48740785639e-05, 4.76480781799e-05, 2.77927556454e-05, 2.54874048551e-05, 1.89816419152e-05, 1.48854715007e-05, 1.6596100977e-05, 1.1245119822e-05, 7.61917954151e-06, 7.89208570495e-06, 4.76347213407e-06, 4.84795964439e-06, 6.39761492494e-06, 6.6362886173e-06, 3.71376063413e-06, 4.45687328465e-06, 2.78716925095e-06, 8.66636071351e-07, 2.39727300511e-11, 1.89630360026e-11],
        "dvar": [3.38586869475e-06, 2.64918162429e-05, 1.70521107066e-05, 1.68036399373e-06, 1.66808746371e-07, 1.19742040283e-07, 2.68068475862e-07, 1.99414671442e-07, 8.93949660963e-08, 1.49913379488e-08, 2.06388683921e-08, 7.54432107897e-08, 1.56217311087e-07, 2.77555347594e-08, 1.01505888139e-08, 7.72548069961e-09, 5.62760185119e-08, 3.66826036213e-08, 1.66518319134e-08, 4.94821819075e-08, 7.99721444622e-09, 2.40275732644e-09, 1.19917065167e-09, 1.08759934392e-09, 3.75454195511e-10, 2.00323146959e-10, 2.4486421224e-10, 1.02736749663e-10, 8.24995072257e-11, 1.61201663129e-10, 5.54829723831e-11, 4.9040656952e-11, 1.53349097309e-10, 1.42939771131e-10, 3.61465475607e-11, 6.12472988992e-11, 3.02759553539e-11, 4.17647557163e-12, 5.46156046371e-22, 3.02779683874e-22],
        "dvar2": [7.99741246738e-06, 7.57288216846e-05, 4.87063116452e-05, 4.6659133659e-06, 4.1784906557e-07, 2.97966352036e-07, 6.24403924121e-07, 4.88518026032e-07, 2.16166554878e-07, 3.45500907883e-08, 4.81407518294e-08, 1.77765443254e-07, 3.66989979739e-07, 6.91859511903e-08, 2.51874734403e-08, 1.94310221246e-08, 1.46516498489e-07, 9.54629442163e-08, 4.44381562659e-08, 1.22033029015e-07, 2.00453342813e-08, 6.09956440911e-09, 3.26503424297e-09, 2.9693658643e-09, 9.9407493348e-10, 4.9731035956e-10, 6.3036043052e-10, 2.65474919825e-10, 1.99194924444e-10, 3.42306571977e-10, 1.36035030462e-10, 1.28183533232e-10, 2.68654626323e-10, 3.21255744229e-10, 9.30224924867e-11, 1.57595797523e-10, 8.48034767409e-11, 1.18496514684e-11, 1.79266962015e-21, 9.92057338019e-22],
        "max": [0.0176972616464, 0.043944530189, 0.033515650779, 0.0171272158623, 0.00796714704484, 0.00881929881871, 0.0142071079463, 0.0117853181437, 0.00687230844051, 0.00340547249652, 0.00357932690531, 0.00928082223982, 0.0118955532089, 0.00648109382018, 0.00303635979071, 0.00215514213778, 0.00927336513996, 0.00518198078498, 0.00355387246236, 0.00694833230227, 0.00248348736204, 0.000795592030045, 0.0014056499349, 0.00151525158435, 0.000402984733228, 0.000243626971496, 0.000374032504624, 0.000168542377651, 0.000177377049113, 0.00024166458752, 0.000118281997857, 8.81144296727e-05, 0.000202109498787, 0.000217961845919, 0.00010378377192, 0.000103871927422, 0.000109578650154, 4.86984135932e-05, 5.58448398635e-10, 2.49214343606e-10],
        "mean": [0.000901776133105, 0.00133066275157, 0.0011723046191, 0.000394034344936, 0.00026862861705, 0.000199585017981, 0.000217959459405, 0.00024719783687, 0.000136627597385, 9.7616633866e-05, 0.000105949031422, 0.000125044869492, 0.000133608016768, 7.58786773076e-05, 6.86008934281e-05, 6.01596439083e-05, 6.6158347181e-05, 9.33493502089e-05, 8.30337667139e-05, 0.000111596549687, 7.20075695426e-05, 5.07308468514e-05, 2.76046921499e-05, 2.656029028e-05, 2.00506237888e-05, 1.69159739016e-05, 2.01788716367e-05, 1.3127364582e-05, 9.62334888754e-06, 1.0074227248e-05, 5.60126227356e-06, 5.57974135518e-06, 8.86144789547e-06, 7.37682012186e-06, 4.28525981988e-06, 5.00854685015e-06, 3.31982801072e-06, 7.23361495147e-07, 1.16302427758e-11, 8.27017274108e-12],
        "median": [0.000202161900233, 0.000351337017491, 0.00040868142969, 8.23940717964e-05, 7.46067526052e-05, 4.27723643952e-05, 5.13849845447e-05, 6.28412890364e-05, 4.45237019449e-05, 4.12603585573e-05, 4.91020909976e-05, 5.0025733799e-05, 5.62626082683e-05, 3.97486401198e-05, 4.16067923652e-05, 3.37411001965e-05, 2.88774444925e-05, 4.83751136926e-05, 4.51015293947e-05, 5.4826370615e-05, 4.02880796173e-05, 2.87325183308e-05, 1.7105943698e-05, 1.73514035851e-05, 1.35892687467e-05, 1.11461813503e-05, 1.24830730783e-05, 8.10462461232e-06, 5.18705428476e-06, 2.62663502326e-06, 1.62693515904e-06, 1.51765925693e-06, 6.96305392012e-07, 3.21162019645e-07, 2.16952912524e-07, 1.28656481024e-07, 9.87698385302e-08, 2.06821937354e-08, 4.55148635795e-12, 3.14593620251e-12],
        "min": [1.38008375469e-23, 3.151759956e-23, 1.41844400947e-23, 5.04852322781e-24, 5.70187676218e-24, 1.2689420095e-23, 1.09556237322e-23, 2.67368054682e-24, 5.20939602664e-24, 1.18014680049e-23, 5.94889790502e-24, 8.74404666239e-24, 1.42969900355e-23, 1.30869034393e-23, 6.68939690359e-24, 1.58359724646e-23, 1.28030712856e-23, 2.41867766989e-23, 9.11549523025e-24, 9.34185255611e-24, 1.75086115969e-23, 1.35719006459e-23, 1.25919216203e-23, 1.24479308393e-23, 1.16486443483e-23, 1.01797798208e-23, 5.31757765017e-24, 6.61354161667e-24, 9.00466973939e-24, 1.35149922202e-23, 8.43999521483e-24, 1.13537547313e-23, 1.50852514065e-23, 8.01724465572e-24, 7.82617465587e-24, 9.38847739105e-24, 1.0917303236e-23, 1.20351806699e-23, 1.26779500575e-23, 1.11451349429e-23],
        "var": [3.95475126425e-06, 1.59640967468e-05, 1.00703682619e-05, 1.08773861029e-06, 3.23481089026e-07, 1.7997186319e-07, 3.24773623106e-07, 2.92928490353e-07, 1.06648784026e-07, 2.83053065431e-08, 3.71117998554e-08, 9.89249713257e-08, 1.60637299018e-07, 2.85503141129e-08, 1.19873542204e-08, 9.2345402436e-09, 4.95415797275e-08, 3.33657901308e-08, 1.97960847714e-08, 5.64774218503e-08, 1.06219291141e-08, 4.49276971182e-09, 1.31989452701e-09, 1.13574116778e-09, 4.94400076434e-10, 3.68224034597e-10, 5.19539522514e-10, 2.1746825174e-10, 1.87485527103e-10, 4.66137684008e-10, 1.14933174089e-10, 9.55299866989e-11, 5.18745379985e-10, 3.86889881243e-10, 7.5026464208e-11, 1.29174088093e-10, 5.88320087092e-11, 5.02498693697e-12, 4.26659648883e-22, 2.18155810402e-22]
    },
    "mfcc": {
        "mean": [-651.226135254, 137.128814697, -57.5169906616, 49.5628013611, -12.8138465881, 25.1854152679, -11.3455572128, 16.8448677063, -6.15195465088, 14.4245271683, -13.2439918518, 5.94828414917, -4.37063741684],
        "cov": [[6724.50732422, -537.70098877, -32.7098312378, 357.779876709, -844.992492676, 687.641906738, -966.870239258, 577.378845215, -686.424316406, 512.544433594, -457.232452393, 351.506469727, -260.257202148], [-537.70098877, 1566.90136719, -618.184875488, 199.369979858, 411.598388672, -383.268493652, 487.32144165, -390.437347412, 408.5887146, -323.3253479, 256.085540771, -211.263168335, 195.70501709], [-32.7098312378, -618.184875488, 1005.11553955, -128.935287476, -127.209510803, 255.861495972, -293.309448242, 281.985351562, -293.31237793, 216.225616455, -163.553939819, 142.965194702, -135.894073486], [357.779876709, 199.369979858, -128.935287476, 225.028076172, 25.6035766602, -14.9351644516, 63.30027771, -56.8126754761, 75.7806167603, -26.8634567261, 41.3212013245, -8.05648517609, 28.6687736511], [-844.992492676, 411.598388672, -127.209510803, 25.6035766602, 368.267944336, -107.282112122, 251.612609863, -110.432731628, 152.062988281, -78.3965072632, 77.3640899658, -60.1724205017, 52.1779174805], [687.641906738, -383.268493652, 255.861495972, -14.9351644516, -107.282112122, 314.327636719, -141.918228149, 191.387527466, -147.041656494, 133.560562134, -87.0237121582, 79.6280059814, -66.2156066895], [-966.870239258, 487.32144165, -293.309448242, 63.30027771, 251.612609863, -141.918228149, 422.375152588, -154.919052124, 251.571029663, -158.256118774, 132.843612671, -98.3296661377, 83.7686538696], [577.378845215, -390.437347412, 281.985351562, -56.8126754761, -110.432731628, 191.387527466, -154.919052124, 293.291137695, -140.869216919, 144.060073853, -115.129989624, 67.6605148315, -64.1086120605], [-686.424316406, 408.5887146, -293.31237793, 75.7806167603, 152.062988281, -147.041656494, 251.571029663, -140.869216919, 322.377746582, -119.024559021, 144.780654907, -91.5732650757, 67.8553390503], [512.544433594, -323.3253479, 216.225616455, -26.8634567261, -78.3965072632, 133.560562134, -158.256118774, 144.060073853, -119.024559021, 206.043487549, -62.4708709717, 91.0098114014, -67.2992019653], [-457.232452393, 256.085540771, -163.553939819, 41.3212013245, 77.3640899658, -87.0237121582, 132.843612671, -115.129989624, 144.780654907, -62.4708709717, 181.875076294, -25.2243442535, 66.5486984253], [351.506469727, -211.263168335, 142.965194702, -8.05648517609, -60.1724205017, 79.6280059814, -98.3296661377, 67.6605148315, -91.5732650757, 91.0098114014, -25.2243442535, 141.838470459, -25.2891769409], [-260.257202148, 195.70501709, -135.894073486, 28.6687736511, 52.1779174805, -66.2156066895, 83.7686538696, -64.1086120605, 67.8553390503, -67.2992019653, 66.5486984253, -25.2891769409, 126.902297974]],
