{
"lowlevel": {
    "average_loudness": 0.312425464392,
    "barkbands_crest": {
        "dmean": 1.61707270145,
        "dmean2": 2.44713258743,
        "dvar": 2.43848156929,
        "dvar2": 5.72921085358,
        "max": 26.4742927551,
        "mean": 8.95265579224,
        "median": 8.11430931091,
        "min": 2.71200799942,
        "var": 12.3780403137
    },
    "barkbands_flatness_db": {
        "dmean": 0.0107557969168,
        "dmean2": 0.0156663712114,
        "dvar": 9.41565740504e-05,
        "dvar2": 0.000203823801712,
        "max": 0.471287667751,
        "mean": 0.192476928234,
        "median": 0.193291813135,
        "min": 0.0136945890263,
        "var": 0.00225654500537
    },
    "barkbands_kurtosis": {
        "dmean": 0.737180531025,
        "dmean2": 1.12584578991,
        "dvar": 1.75234937668,
        "dvar2": 3.68652009964,
        "max": 89.8166046143,
        "mean": 0.278642088175,
        "median": -0.244014263153,
        "min": -1.77472698689,
        "var": 7.09006500244
    },
    "barkbands_skewness": {
        "dmean": 0.274174898863,
        "dmean2": 0.410847812891,
        "dvar": 0.0651082769036,
        "dvar2": 0.149055287242,
        "max": 8.99824333191,
        "mean": 0.758068144321,
        "median": 0.724928021431,
        "min": -2.50853419304,
        "var": 0.43172082305
    },
    "barkbands_spread": {
        "dmean": 2.29303741455,
        "dmean2": 3.45842432976,
        "dvar": 5.00378751755,
        "dvar2": 11.1292419434,
        "max": 68.1778259277,
        "mean": 15.8786993027,
        "median": 14.2531681061,
        "min": 0.727642595768,
        "var": 46.6332359314
    },
    "dissonance": {
        "dmean": 0.0220047477633,
        "dmean2": 0.0364551320672,
        "dvar": 0.000402052653953,
        "dvar2": 0.00109376432374,
        "max": 0.499999850988,
        "mean": 0.436717122793,
        "median": 0.442575901747,
        "min": 0.211093693972,
        "var": 0.00124539167155
    },
    "dynamic_complexity": 2.71089982986,
    "erbbands_crest": {
        "dmean": 2.23273038864,
        "dmean2": 3.52070713043,
        "dvar": 4.66884994507,
        "dvar2": 11.1218357086,
        "max": 31.7129878998,
        "mean": 9.54675960541,
        "median": 8.72110939026,
        "min": 3.22162914276,
        "var": 14.2121620178
    },
    "erbbands_flatness_db": {
        "dmean": 0.0105842221528,
        "dmean2": 0.0157303288579,
        "dvar": 9.26214197534e-05,
        "dvar2": 0.000211736740312,
        "max": 0.467862218618,
        "mean": 0.250924855471,
        "median": 0.253424167633,
        "min": 0.083558909595,
        "var": 0.00163710396737
    },
    "erbbands_kurtosis": {
        "dmean": 0.507631182671,
        "dmean2": 0.803704977036,
        "dvar": 0.579117417336,
        "dvar2": 1.46614944935,
        "max": 18.0928153992,
        "mean": -0.346725344658,
        "median": -0.585793495178,
        "min": -1.74003517628,
        "var": 1.01750087738
    },
    "erbbands_skewness": {
        "dmean": 0.276874393225,
        "dmean2": 0.417303204536,
        "dvar": 0.0674250721931,
        "dvar2": 0.156231239438,
        "max": 3.97662067413,
        "mean": -0.0808670520782,
        "median": -0.0954198390245,
        "min": -2.49325180054,
        "var": 0.246942490339
    },
    "erbbands_spread": {
        "dmean": 3.24238061905,
        "dmean2": 5.03602695465,
        "dvar": 9.03285598755,
        "dvar2": 22.1371593475,
        "max": 59.6252708435,
        "mean": 22.6316165924,
        "median": 21.6287708282,
        "min": 1.86244511604,
        "var": 43.4030151367
    },
    "hfc": {
        "dmean": 3.31284880638,
        "dmean2": 4.76100111008,
        "dvar": 26.8914699554,
        "dvar2": 59.6483001709,
        "max": 208.489959717,
        "mean": 15.6811733246,
        "median": 11.4361915588,
        "min": 1.16544996983e-16,
        "var": 218.090713501
    },
    "melbands_crest": {
        "dmean": 1.96398639679,
        "dmean2": 3.01190304756,
        "dvar": 3.60992026329,
        "dvar2": 9.10156917572,
        "max": 33.1804046631,
        "mean": 11.5434989929,
        "median": 10.9520950317,
        "min": 1.65674102306,
        "var": 14.4483623505
    },
    "melbands_flatness_db": {
        "dmean": 0.0116706294939,
        "dmean2": 0.0171861574054,
        "dvar": 0.000108717584226,
        "dvar2": 0.000239826826146,
        "max": 0.518966913223,
        "mean": 0.250615268946,
        "median": 0.256311386824,
        "min": 0.00285025802441,
        "var": 0.00273084267974
    },
    "melbands_kurtosis": {
        "dmean": 1.30665373802,
        "dmean2": 1.99623072147,
        "dvar": 3.42673778534,
        "dvar2": 7.56493091583,
        "max": 97.4217300415,
        "mean": 2.31293988228,
        "median": 1.44488382339,
        "min": -1.80851995945,
        "var": 14.7614498138
    },
    "melbands_skewness": {
        "dmean": 0.303790986538,
        "dmean2": 0.456100732088,
        "dvar": 0.0814020782709,
        "dvar2": 0.186421081424,
        "max": 7.88803958893,
        "mean": 1.38547837734,
        "median": 1.32974159718,
        "min": -2.06854891777,
        "var": 0.47450324893
    },
    "melbands_spread": {
        "dmean": 3.89232826233,
        "dmean2": 5.89746189117,
        "dvar": 16.833738327,
        "dvar2": 37.8404121399,
        "max": 153.359161377,
        "mean": 22.9781837463,
        "median": 20.0165729523,
        "min": 0.96268081665,
        "var": 138.051483154
    },
    "pitch_salience": {
        "dmean": 0.0442916713655,
        "dmean2": 0.0678911283612,
        "dvar": 0.00141477712896,
        "dvar2": 0.00339451408945,
        "max": 0.873707771301,
        "mean": 0.502754330635,
        "median": 0.502151846886,
        "min": 0.0871737599373,
        "var": 0.00816008634865
    },
    "silence_rate_20dB": {
        "dmean": 0,
        "dmean2": 0,
        "dvar": 0,
        "dvar2": 0,
        "max": 1,
        "mean": 1,
        "median": 1,
        "min": 1,
        "var": 0
    },
    "silence_rate_30dB": {
        "dmean": 0.00341019802727,
        "dmean2": 0.00682095019147,
        "dvar": 0.00339840282686,
        "dvar2": 0.00791058782488,
        "max": 1,
        "mean": 0.990419745445,
        "median": 1,
        "min": 0,
        "var": 0.00948828086257
    },
    "silence_rate_60dB": {
        "dmean": 0.0113673266023,
        "dmean2": 0.0227365009487,
        "dvar": 0.0112376818433,
        "dvar2": 0.025143796578,
        "max": 1,
        "mean": 0.0298774056137,
        "median": 0,
        "min": 0,
        "var": 0.0289815086871
    },
    "spectral_centroid": {
        "dmean": 119.453224182,
        "dmean2": 182.841003418,
        "dvar": 20373.0546875,
        "dvar2": 38981.9765625,
        "max": 11223.0175781,
        "mean": 1102.82775879,
        "median": 904.150390625,
        "min": 314.483184814,
        "var": 298915.3125
    },
    "spectral_complexity": {
        "dmean": 1.62000644207,
        "dmean2": 2.71165251732,
        "dvar": 1.75370168686,
        "dvar2": 4.62651252747,
        "max": 28,
        "mean": 15.6343269348,
        "median": 16,
        "min": 0,
        "var": 14.3707046509
    },
    "spectral_decrease": {
        "dmean": 9.28384535914e-10,
        "dmean2": 1.23881749303e-09,
        "dvar": 1.73118252257e-18,
        "dvar2": 3.09738835026e-18,
        "max": -9.34350106933e-29,
        "mean": -5.29551291706e-09,
        "median": -3.87008114444e-09,
        "min": -8.35552498302e-08,
        "var": 2.62040610648e-17
    },
    "spectral_energy": {
        "dmean": 0.00376520305872,
        "dmean2": 0.00504424981773,
        "dvar": 2.87097245746e-05,
        "dvar2": 5.21867004863e-05,
        "max": 0.332644045353,
        "mean": 0.0214086472988,
        "median": 0.0157183073461,
        "min": 1.09236146912e-20,
        "var": 0.000420516938902
    },
    "spectral_energyband_high": {
        "dmean": 2.96857433568e-05,
        "dmean2": 4.5504715672e-05,
        "dvar": 1.07656523696e-08,
        "dvar2": 2.53948542195e-08,
        "max": 0.0035203085281,
        "mean": 8.06515527074e-05,
        "median": 2.41995221586e-05,
        "min": 8.11470885601e-21,
        "var": 3.6376871293e-08
    },
    "spectral_energyband_low": {
        "dmean": 0.00066778837936,
        "dmean2": 0.00100144091994,
        "dvar": 9.87250814433e-07,
        "dvar2": 2.76851073977e-06,
        "max": 0.0330609492958,
        "mean": 0.00231091724709,
        "median": 0.00130913266912,
        "min": 9.28115365376e-23,
        "var": 1.01523146441e-05
    },
    "spectral_energyband_middle_high": {
        "dmean": 0.00193420564756,
        "dmean2": 0.00283381086774,
        "dvar": 1.19912183436e-05,
        "dvar2": 2.63015699602e-05,
        "max": 0.124424338341,
        "mean": 0.00699397316203,
        "median": 0.00474635604769,
        "min": 1.59661680879e-21,
        "var": 6.00540006417e-05
    },
    "spectral_energyband_middle_low": {
        "dmean": 0.00251120096073,
        "dmean2": 0.00326636224054,
        "dvar": 1.31525102915e-05,
        "dvar2": 2.14000374399e-05,
        "max": 0.250429421663,
        "mean": 0.0128175858408,
        "median": 0.00865417998284,
        "min": 3.12829342666e-22,
        "var": 0.000222003436647
    },
    "spectral_entropy": {
        "dmean": 0.0869891121984,
        "dmean2": 0.126077190042,
        "dvar": 0.00611030310392,
        "dvar2": 0.0126187698916,
        "max": 9.80299282074,
        "mean": 6.66985797882,
        "median": 6.70677661896,
        "min": 4.8510684967,
        "var": 0.0780331492424
    },
    "spectral_flux": {
        "dmean": 0.0101971067488,
        "dmean2": 0.0171966198832,
        "dvar": 0.000109559819975,
        "dvar2": 0.000318779464578,
        "max": 0.225699111819,
        "mean": 0.046786557883,
        "median": 0.0429400727153,
        "min": 1.04516097166e-10,
        "var": 0.000402899488108
    },
    "spectral_kurtosis": {
        "dmean": 5.71611356735,
        "dmean2": 10.0757989883,
        "dvar": 27.8562812805,
        "dvar2": 82.9258346558,
        "max": 57.1830711365,
        "mean": 13.2705125809,
        "median": 11.0669746399,
        "min": -1.1869134903,
        "var": 60.7231063843
    },
    "spectral_rms": {
        "dmean": 0.00038948020665,
        "dmean2": 0.000518945336808,
        "dvar": 1.46292634895e-07,
        "dvar2": 2.69983502221e-07,
        "max": 0.0180147383362,
        "mean": 0.00422644009814,
        "median": 0.00391598418355,
        "min": 3.26453447608e-12,
        "var": 3.02376906802e-06
    },
    "spectral_rolloff": {
        "dmean": 213.304992676,
        "dmean2": 372.772186279,
        "dvar": 117097.492188,
        "dvar2": 221028.9375,
        "max": 18906.1523438,
        "mean": 1459.21472168,
        "median": 1291.9921875,
        "min": 236.865234375,
        "var": 431945.125
    },
    "spectral_skewness": {
        "dmean": 0.444909930229,
        "dmean2": 0.778913795948,
        "dvar": 0.143371149898,
        "dvar2": 0.42760270834,
        "max": 5.78251981735,
        "mean": 2.26788377762,
        "median": 2.17657756805,
        "min": -0.0517484806478,
        "var": 0.462103068829
    },
    "spectral_spread": {
        "dmean": 166907.359375,
        "dmean2": 279412.5625,
        "dvar": 113510449152,
        "dvar2": 146407063552,
        "max": 40178144,
        "mean": 2176069,
        "median": 2033851.125,
        "min": 1150927.5,
        "var": 372007272448
    },
    "spectral_strongpeak": {
        "dmean": 0.593013942242,
        "dmean2": 0.972591936588,
        "dvar": 1.0539137125,
        "dvar2": 2.59509515762,
        "max": 17.4574642181,
        "mean": 1.38619923592,
        "median": 0.946851551533,
        "min": 0,
        "var": 2.01127648354
    },
    "zerocrossingrate": {
        "dmean": 0.00393087044358,
        "dmean2": 0.00485208444297,
        "dvar": 4.23388992203e-05,
        "dvar2": 5.36235311301e-05,
        "max": 0.50439453125,
        "mean": 0.0465063601732,
        "median": 0.041015625,
        "min": 0.0107421875,
        "var": 0.000391229696106
    },
    "barkbands": {
        "dmean": [1.84754946986e-06, 0.000231833590078, 0.000320434279274, 0.000321778323269, 0.000944673200138, 0.000763877818827, 0.000786054413766, 0.000400001357775, 0.000349663721863, 0.000551312579773, 0.000986218103208, 0.000278469524346, 0.000298264378216, 0.000386668834835, 0.000351016962668, 0.000428043829743, 0.000270501943305, 7.10500462446e-05, 7.61947885621e-05, 5.95433739363e-05, 1.25568794829e-05, 3.90792047256e-06, 1.72756870143e-06, 8.60788134105e-07, 4.51024476433e-07, 1.11829365324e-07, 2.24742091604e-08],
        "dmean2": [3.16001660394e-06, 0.000314102362609, 0.000468309910502, 0.000535566941835, 0.0011363402009, 0.000988155952655, 0.00104868423659, 0.000560975575354, 0.000444183911895, 0.00071286741877, 0.00142460933421, 0.000399340846343, 0.00045026303269, 0.000635891279671, 0.000563781126402, 0.000688648200594, 0.000443715514848, 0.000117203009722, 0.000120068099932, 9.07961948542e-05, 1.9361725208e-05, 6.0650559135e-06, 2.72451939054e-06, 1.32720754209e-06, 6.48508148515e-07, 1.61239412932e-07, 3.36139045487e-08],
        "dvar": [7.43114944579e-12, 3.68402140793e-07, 2.28390561574e-07, 4.74975848874e-07, 3.25489395436e-06, 1.94899826056e-06, 3.05431194647e-06, 1.0902174381e-06, 3.40358781159e-07, 1.2294303815e-06, 7.13127838026e-06, 3.19613405964e-07, 5.18323531651e-07, 1.23432266719e-06, 5.28381235654e-07, 1.44276486935e-06, 5.06756123286e-07, 2.36281092469e-08, 3.21639888057e-08, 3.47160877823e-08, 1.17827769763e-09, 2.29519542261e-10, 4.22022972124e-11, 5.32926220514e-12, 2.39095548915e-12, 1.43448770115e-13, 3.43401132861e-15],
        "dvar2": [2.04912510571e-11, 9.73072246779e-07, 5.13270549618e-07, 1.50835353452e-06, 3.90960485674e-06, 3.26802251038e-06, 5.18187016496e-06, 2.67233235718e-06, 5.55993437956e-07, 2.1150340217e-06, 1.41865120895e-05, 6.54276959722e-07, 1.20325262287e-06, 3.49454080606e-06, 1.31729711939e-06, 3.58903389497e-06, 1.22209166875e-06, 6.79777727441e-08, 7.53410915877e-08, 7.14340657737e-08, 2.57230015066e-09, 4.38764774513e-10, 1.03938177509e-10, 1.23983219524e-11, 5.16813978765e-12, 2.59524850612e-13, 8.03537805413e-15],
        "max": [4.26736696681e-05, 0.0251753162593, 0.0250796824694, 0.0145243313164, 0.173958316445, 0.112830474973, 0.0560811720788, 0.0614888966084, 0.0126091260463, 0.0547164529562, 0.109186396003, 0.0396400913596, 0.0207736883312, 0.0355720072985, 0.0223894622177, 0.0491346381605, 0.016619304195, 0.00590864010155, 0.0044205468148, 0.00544428359717, 0.000955137307756, 0.00106782710645, 0.000382990430808, 8.02970753284e-05, 9.44786661421e-05, 2.58699401456e-05, 2.57429587691e-06],
        "mean": [3.19851596942e-06, 0.000852777273394, 0.00111222919077, 0.000680329976603, 0.00441920943558, 0.00301848002709, 0.00195941748098, 0.000901705061551, 0.000887144182343, 0.00140260905027, 0.00189129763748, 0.000609614537098, 0.000753140135203, 0.000626771012321, 0.00065290031489, 0.000734290515538, 0.000479535752675, 0.000123543402879, 0.000142747550854, 0.000115232149255, 2.5445366191e-05, 9.20639740798e-06, 3.89355591324e-06, 2.34904359786e-06, 1.22440906125e-06, 3.5223305872e-07, 7.47373292143e-08],
        "median": [2.14775718632e-06, 0.000130455329781, 0.000564691785257, 0.000336998928105, 0.00190000142902, 0.00128984893672, 0.000798943568952, 0.000418303476181, 0.000408141349908, 0.000594584387727, 0.000671185844112, 0.000280299776932, 0.000243678936386, 0.000195324319066, 0.000311293028062, 0.000186860968824, 0.000149426501594, 4.54271576018e-05, 3.9508115151e-05, 1.94264921447e-05, 7.87221051723e-06, 2.68405119641e-06, 1.05232800252e-06, 4.73463217077e-07, 2.10396976286e-07, 7.72024435491e-08, 1.63205182702e-08],
        "min": [2.89353170293e-23, 5.17340756106e-23, 1.20340265664e-23, 3.05376513e-23, 5.97770205657e-23, 4.31577313103e-23, 3.40660115589e-23, 2.41531633358e-23, 1.05204345721e-22, 8.23475995524e-23, 9.19831757891e-23, 9.52869063275e-23, 1.07489454882e-22, 7.12689569064e-23, 1.04149177996e-22, 1.65983591979e-22, 1.85045197752e-22, 2.8706292407e-22, 3.0118550327e-22, 4.54609558735e-22, 3.11003956397e-22, 5.91076790296e-22, 8.13362596771e-22, 9.33190795466e-22, 1.32864674201e-21, 1.54839850007e-21, 2.37079172404e-21],
        "var": [1.29808065338e-11, 4.59492957816e-06, 3.20164781442e-06, 1.08733240722e-06, 8.56826954987e-05, 2.88438259304e-05, 1.20122294902e-05, 3.27452858073e-06, 1.48518097376e-06, 7.1209719863e-06, 1.7427966668e-05, 9.07218975499e-07, 2.52782501775e-06, 2.2058632112e-06, 1.28527881316e-06, 3.38172390002e-06, 1.02565797988e-06, 4.36479332677e-08, 8.23034653763e-08, 9.66140660807e-08, 2.88141777105e-09, 7.00851265911e-10, 9.48675790702e-11, 2.3971425539e-11, 9.31302170798e-12, 8.26442755376e-13, 2.23392793386e-14]
    },
    "erbbands": {
        "dmean": [0.00229387381114, 0.0674807503819, 0.316101312637, 0.806240737438, 1.2005302906, 3.95944809914, 5.60111284256, 6.5965385437, 11.6089744568, 11.0945339203, 7.16106081009, 8.25197887421, 17.7531852722, 14.4364900589, 39.4096565247, 13.3631248474, 14.4382810593, 17.8812789917, 14.7971553802, 21.5066680908, 17.2330207825, 11.316028595, 4.08217096329, 4.44912481308, 3.00821590424, 2.42241382599, 0.866571187973, 0.28957349062, 0.122638143599, 0.0979650765657, 0.0552073195577, 0.0249704327434, 0.0100664356723, 0.00665319245309, 0.00253465934657, 0.000792545324657, 0.000185322016478, 3.34787473548e-05, 4.85241798742e-06, 4.45136038252e-06],
        "dmean2": [0.00310595869087, 0.0914782807231, 0.456959843636, 1.32315778732, 1.785394907, 4.78145027161, 6.78548145294, 8.58834838867, 15.600976944, 15.0827064514, 9.55307388306, 10.6703586578, 22.6116600037, 18.9364891052, 58.368888855, 19.6526756287, 21.9748706818, 29.4011135101, 23.551530838, 34.7585830688, 27.4429912567, 18.6195316315, 6.72394895554, 7.23987054825, 4.73475074768, 3.82922768593, 1.37217199802, 0.456694066525, 0.194203257561, 0.150118872523, 0.0885486379266, 0.0397712178528, 0.0150308553129, 0.00942001119256, 0.0038228884805, 0.00119461142458, 0.000268976029474, 4.99266316183e-05, 6.8643994382e-06, 5.97691860094e-06],
        "dvar": [3.68780638382e-05, 0.0286087822169, 0.242450296879, 2.17116904259, 4.70380401611, 63.6208496094, 102.901939392, 182.131988525, 746.738952637, 721.354003906, 116.940055847, 246.467224121, 1659.80810547, 933.146789551, 15391.0136719, 727.606140137, 1069.36181641, 2621.81933594, 977.196838379, 1771.4798584, 1745.49597168, 916.465820312, 88.5806808472, 126.418609619, 57.0393028259, 60.9779815674, 10.5249958038, 0.45876660943, 0.17934191227, 0.256292611361, 0.0602211616933, 0.00454893521965, 0.000722014287021, 0.000567325565498, 6.42556187813e-05, 6.9937632361e-06, 5.02159423377e-07, 1.32183686219e-08, 9.52071477212e-11, 3.99427713127e-11],
        "dvar2": [7.63900170568e-05, 0.0769769474864, 0.603049099445, 6.91734790802, 12.7088432312, 76.5205764771, 149.589569092, 305.795623779, 1314.21484375, 1670.59130859, 229.446258545, 415.70098877, 2697.26074219, 1634.36633301, 31025.0644531, 1516.77770996, 2561.22363281, 7680.97119141, 2356.57128906, 4481.23730469, 4123.07177734, 2359.11694336, 227.776153564, 334.969329834, 143.115585327, 137.261077881, 25.1802272797, 1.23335683346, 0.384083449841, 0.470283329487, 0.151143968105, 0.0113980751485, 0.0015581396874, 0.00113914988469, 0.00014327475219, 1.52511174747e-05, 9.92245418274e-07, 2.9241290278e-08, 1.97499488985e-10, 7.4027318997e-11],
        "max": [0.319065004587, 6.76152276993, 16.0545578003, 45.7617988586, 104.314117432, 776.606872559, 652.46081543, 885.482299805, 1004.31896973, 1069.9152832, 486.847686768, 351.727844238, 2224.74926758, 1203.05700684, 5131.0546875, 1924.28601074, 983.945068359, 1838.51074219, 989.449768066, 1195.85400391, 1600.24865723, 1021.48724365, 234.456893921, 444.591308594, 205.926803589, 236.189865112, 105.613807678, 21.692407608, 20.9116783142, 44.7675590515, 14.0811672211, 2.35126638412, 1.0209852457, 1.13337516785, 0.48491615057, 0.141896009445, 0.0512982830405, 0.00716571742669, 0.00051491818158, 0.000378971541068],
        "mean": [0.00910118874162, 0.251762628555, 1.12212657928, 2.00289368629, 3.80162549019, 17.8915023804, 24.8019752502, 25.52592659, 32.4376220703, 25.1250534058, 17.4143161774, 22.0566425323, 47.3830184937, 37.3842811584, 71.7206420898, 31.622171402, 37.4440498352, 32.6118011475, 30.6921958923, 42.9714126587, 32.4643135071, 21.1042404175, 8.37673950195, 8.99454021454, 6.19978761673, 5.21977376938, 1.98880529404, 0.664997220039, 0.307842105627, 0.236117124557, 0.12476786226, 0.062590174377, 0.0279158502817, 0.0170143451542, 0.00694133527577, 0.00219711102545, 0.000601319479756, 0.0001152121622, 2.36997257161e-05, 2.55672584899e-05],
        "median": [0.00222620693967, 0.0534083098173, 0.606318116188, 1.12545907497, 1.96326363087, 7.02772331238, 9.48072338104, 9.66734218597, 12.2444114685, 10.9719791412, 11.0780000687, 10.0845909119, 16.9668750763, 16.2704143524, 21.2787075043, 16.8689632416, 14.4700641632, 13.8645715714, 14.6991662979, 18.7381210327, 11.4703712463, 7.30456161499, 3.71544361115, 2.39008903503, 1.73316383362, 0.898305773735, 0.494612812996, 0.242280572653, 0.111401855946, 0.0594552084804, 0.0268920809031, 0.013618376106, 0.00591524597257, 0.00297970394604, 0.00129184790421, 0.00043837269186, 0.000133646448376, 2.86499434878e-05, 1.36936123454e-05, 1.90698101505e-05],
        "min": [2.25992205698e-21, 8.51327581753e-21, 1.15894781207e-20, 6.81594692169e-20, 1.95939273553e-19, 1.44269630461e-19, 2.17487057092e-19, 4.02952401708e-19, 3.89821581568e-19, 5.04855159512e-19, 8.40514919124e-19, 2.82887890598e-18, 2.17591038864e-18, 2.28176510522e-18, 4.08572918194e-18, 4.86883512991e-18, 4.17123897776e-18, 4.38805583761e-18, 6.06729493323e-18, 7.57837234622e-18, 8.68970356126e-18, 9.76646524413e-18, 1.41721383744e-17, 1.74784404942e-17, 1.25410473943e-17, 2.11467449741e-17, 1.57196427536e-17, 1.62313366806e-17, 2.21316325335e-17, 1.89943995135e-17, 2.56850647874e-17, 1.58759302586e-17, 1.73930125892e-17, 1.23527562715e-17, 1.05345950871e-17, 5.6718145057e-18, 2.91547437635e-18, 1.42855384258e-18, 3.66333994869e-19, 3.12671718917e-20],
        "var": [0.000668049266096, 0.338093161583, 2.37489128113, 9.57100486755, 40.4350585938, 1599.04248047, 1910.08666992, 2298.72607422, 3446.1184082, 2058.33984375, 420.568878174, 1050.77514648, 10292.4609375, 3461.37304688, 37087.359375, 2041.25097656, 4938.28955078, 4097.36328125, 3207.63476562, 5171.89404297, 4085.59106445, 1689.74133301, 205.589187622, 360.556213379, 159.076766968, 199.591598511, 30.6417179108, 1.33738815784, 0.540730237961, 0.893339514732, 0.136003926396, 0.0169953256845, 0.00330926617607, 0.00192476890516, 0.000282167020487, 3.04219483951e-05, 2.73782529803e-06, 6.47369446938e-08, 8.1847650879e-10, 5.62940971616e-10]
    },
    "gfcc": {
        "mean": [-60.5786705017, 151.116195679, -164.400894165, 2.58881354332, -46.5639648438, -12.8949890137, -36.2946968079, -10.4669027328, -21.8272132874, -9.53163146973, -12.7952413559, -7.68644094467, -2.50548243523],
        "cov": [[2831.41064453, 187.315383911, 322.365875244, 499.963897705, 130.354888916, 206.895355225, 45.7530555725, 137.399658203, -28.1031627655, -3.41033983231, -47.6098098755, 23.825296402, -51.1471824646], [187.315383911, 2191.73706055, 566.151672363, -275.634399414, 353.230621338, 16.4472885132, 82.9076843262, -448.665466309, 106.829902649, 74.5849456787, 225.666717529, -88.5699462891, -14.650595665], [322.365875244, 566.151672363, 405.894439697, 177.881744385, 160.438079834, 92.9077148438, 65.8881454468, -26.0679073334, 12.2938318253, 27.7687263489, 38.6505470276, -20.2682228088, -35.4454650879], [499.963897705, -275.634399414, 177.881744385, 415.985107422, 78.0878448486, 113.035820007, 50.2507820129, 187.494491577, 9.74390983582, 25.5318279266, -51.8609924316, 15.9823226929, -47.228061676], [130.354888916, 353.230621338, 160.438079834, 78.0878448486, 177.070602417, 82.4249267578, 68.1850280762, -7.70749092102, 40.3422775269, 28.0438270569, 32.1442222595, -1.52085721493, 0.699762761593], [206.895355225, 16.4472885132, 92.9077148438, 113.035820007, 82.4249267578, 156.512268066, 73.4457244873, 57.1874542236, 31.0514125824, 18.7066307068, 2.48869967461, 24.3060855865, 4.29792118073], [45.7530555725, 82.9076843262, 65.8881454468, 50.2507820129, 68.1850280762, 73.4457244873, 113.457710266, 47.7365379333, 23.3969688416, 25.5186500549, 14.7248077393, 11.9355478287, 9.1163816452], [137.399658203, -448.665466309, -26.0679073334, 187.494491577, -7.70749092102, 57.1874542236, 47.7365379333, 218.830307007, 25.7749042511, 9.5663766861, -50.6847801208, 17.9416542053, -6.24219083786], [-28.1031627655, 106.829902649, 12.2938318253, 9.74390983582, 40.3422775269, 31.0514125824, 23.3969688416, 25.7749042511, 141.593643188, 58.8577003479, 25.2053661346, 7.24093580246, 9.46052742004], [-3.41033983231, 74.5849456787, 27.7687263489, 25.5318279266, 28.0438270569, 18.7066307068, 25.5186500549, 9.5663766861, 58.8577003479, 91.7105789185, 45.0324516296, 8.80117797852, -10.4656276703], [-47.6098098755, 225.666717529, 38.6505470276, -51.8609924316, 32.1442222595, 2.48869967461, 14.7248077393, -50.6847801208, 25.2053661346, 45.0324516296, 90.220993042, 20.9357700348, 1.60200810432], [23.825296402, -88.5699462891, -20.2682228088, 15.9823226929, -1.52085721493, 24.3060855865, 11.9355478287, 17.9416542053, 7.24093580246, 8.80117797852, 20.9357700348, 73.0713424683, 30.0322570801], [-51.1471824646, -14.650595665, -35.4454650879, -47.228061676, 0.699762761593, 4.29792118073, 9.1163816452, -6.24219083786, 9.46052742004, -10.4656276703, 1.60200810432, 30.0322570801, 81.2292098999]],
        "icov": [[0.000606395245995, -0.000877876183949, 0.000895727658644, -0.00134257029276, 0.000980614218861, -0.00088337744819, 0.000633661926258, -0.000749068509322, 0.000713203044143, -2.76089522231e-05, 0.000430551241152, -0.000437666400103, -0.000189924394363], [-0.000877876183949, 0.00605716416612, -0.00672958651558, 0.00504908477888, -0.00618270365521, 0.0033001138363, -0.00302682304755, 0.00678845448419, -0.00436033727601, 0.00140581035521, -0.00365473493002, 0.00321899540722, 0.000849714502692], [0.000895727658644, -0.00672958651558, 0.0136530576274, -0.00958497449756, 0.0045562684536, -0.00416449876502, 0.00154928350821, -0.003943443764, 0.00475932983682, -1.46482125274e-05, 0.000830487522762, -0.000721961201634, -0.000866386631969], [-0.00134257029276, 0.00504908477888, -0.00958497449756, 0.0142238466069, -0.0074919979088, 0.0016801240854, 0.000777720124461, -0.00182077102363, -0.00175776530523, -0.00279842177406, 0.00260153855197, -0.00160262652207, 0.00428657606244], [0.000980614218861, -0.00618270365521, 0.0045562684536, -0.0074919979088, 0.0190766081214, -0.00623645493761, -0.00122904486489, -0.00385805452242, 0.00185304146726, 0.000132189539727, 0.000718652212527, -0.000512857513968, -0.00288169784471], [-0.00088337744819, 0.0033001138363, -0.00416449876502, 0.0016801240854, -0.00623645493761, 0.0146276280284, -0.00685653137043, 0.00331435143016, -0.00383533583954, 0.0015170823317, -0.000415703601902, -0.00196949811652, 0.000881086278241], [0.000633661926258, -0.00302682304755, 0.00154928350821, 0.000777720124461, -0.00122904486489, -0.00685653137043, 0.0188791379333, -0.00944427214563, 0.00441672513261, -0.00418537762016, 0.0011868638685, -0.0015849142801, -0.00198097364046], [-0.000749068509322, 0.00678845448419, -0.003943443764, -0.00182077102363, -0.00385805452242, 0.00331435143016, -0.00944427214563, 0.021071953699, -0.0076901819557, 0.00277980579995, -0.00221347017214, 0.00386924343184, 0.000377334654331], [0.000713203044143, -0.00436033727601, 0.00475932983682, -0.00175776530523, 0.00185304146726, -0.00383533583954, 0.00441672513261, -0.0076901819557, 0.0144076086581, -0.0085858842358, 0.00333360349759, -0.0016914953012, -0.00240682554431], [-2.76089522231e-05, 0.00140581035521, -1.46482125274e-05, -0.00279842177406, 0.000132189539727, 0.0015170823317, -0.00418537762016, 0.00277980579995, -0.0085858842358, 0.0227966438979, -0.0125859938562, 0.00252109812573, 0.00245788600296], [0.000430551241152, -0.00365473493002, 0.000830487522762, 0.00260153855197, 0.000718652212527, -0.000415703601902, 0.0011868638685, -0.00221347017214, 0.00333360349759, -0.0125859938562, 0.0281359422952, -0.0126415714622, 0.00330853881314], [-0.000437666400103, 0.00321899540722, -0.000721961201634, -0.00160262652207, -0.000512857513968, -0.00196949811652, -0.0015849142801, 0.00386924343184, -0.0016914953012, 0.00252109812573, -0.0126415714622, 0.0249390099198, -0.00880736298859], [-0.000189924394363, 0.000849714502692, -0.000866386631969, 0.00428657606244, -0.00288169784471, 0.000881086278241, -0.00198097364046, 0.000377334654331, -0.00240682554431, 0.00245788600296, 0.00330853881314, -0.00880736298859, 0.018476286903]]
    },
    "melbands": {
        "dmean": [4.26073384006e-05, 0.000142059361679, 0.000143719124026, 0.00015601607447, 0.000209236692172, 0.000157218659297, 0.000168895014212, 0.000115269664093, 6.25140892225e-05, 5.23344897374e-05, 8.87471614988e-05, 5.3100335208e-05, 0.000123540870845, 5.15120118507e-05, 3.64011466445e-05, 2.96897578664e-05, 3.88319094782e-05, 2.31968133448e-05, 2.99296061712e-05, 4.05465216318e-05, 1.6722789951e-05, 1.49215866259e-05, 5.84180679652e-06, 3.13304053634e-06, 3.93060008719e-06, 2.72448573924e-06, 2.300333108e-06, 1.54069459768e-06, 7.22938978015e-07, 2.94167307402e-07, 1.6032774397e-07, 8.63186642164e-08, 6.98143054478e-08, 4.73413592772e-08, 3.8265824287e-08, 2.55983074737e-08, 1.43128522367e-08, 8.78699601969e-09, 6.79759715183e-09, 7.35139149555e-09],
        "dmean2": [5.70598058403e-05, 0.0002020282991, 0.00023052447068, 0.000200721609872, 0.000246416486334, 0.000205840769922, 0.00022513481963, 0.000157226517331, 8.11110076029e-05, 6.77576099406e-05, 0.000113284673716, 6.9633781095e-05, 0.000180823830306, 7.66738739912e-05, 5.26531948708e-05, 4.53735920019e-05, 6.41718434053e-05, 3.69231020159e-05, 4.76182649436e-05, 6.6171225626e-05, 2.64422451437e-05, 2.42927108047e-05, 9.75121292868e-06, 5.17331045558e-06, 6.39149175186e-06, 4.30988666267e-06, 3.43377382706e-06, 2.44030752583e-06, 1.14430679332e-06, 4.62209754915e-07, 2.58564710975e-07, 1.38519666848e-07, 1.06151311741e-07, 7.32683744786e-08, 6.14118889075e-08, 4.08694198484e-08, 2.2774571562e-08, 1.36919684479e-08, 1.0244902704e-08, 1.05428989983e-08],
        "dvar": [1.26709300829e-08, 5.78469965262e-08, 6.34713259728e-08, 6.76869831295e-08, 1.58758851398e-07, 9.48744727225e-08, 1.41809948673e-07, 8.54990389598e-08, 8.10085154512e-09, 9.87524817475e-09, 4.11573957138e-08, 1.3782295305e-08, 1.37017437396e-07, 1.54548658315e-08, 4.73284167413e-09, 6.83286405234e-09, 1.37556641633e-08, 3.86927689888e-09, 5.50506706887e-09, 1.24904753207e-08, 1.71192560128e-09, 1.67242342197e-09, 5.23003085284e-10, 3.72149012995e-11, 1.13462149398e-10, 7.48211492763e-11, 6.51022083464e-11, 2.42152287805e-11, 1.20834392839e-11, 5.36013074204e-13, 2.68091755393e-13, 9.61466827378e-14, 1.65471437008e-13, 3.55975116734e-14, 3.17092306459e-14, 9.65003715093e-15, 1.63729922869e-15, 6.53131647277e-16, 3.95965694696e-16, 8.99229235046e-16],
        "dvar2": [2.99283549055e-08, 1.58509294579e-07, 1.97893115228e-07, 1.00967852745e-07, 1.99553838343e-07, 1.61120340181e-07, 2.45588410053e-07, 2.06481132636e-07, 1.40398448423e-08, 1.71311071995e-08, 6.76066278515e-08, 2.44092852597e-08, 2.71494513981e-07, 3.33347571768e-08, 9.77754766041e-09, 1.67230851389e-08, 4.03916153857e-08, 9.48254985644e-09, 1.37152396107e-08, 3.19600808041e-08, 3.95220789429e-09, 4.19269907681e-09, 1.33683786263e-09, 1.03042567534e-10, 2.96180385773e-10, 1.79745898721e-10, 1.28526661536e-10, 5.78553663311e-11, 2.85574827674e-11, 1.26780357046e-12, 7.68751219366e-13, 1.99129151753e-13, 2.81679248069e-13, 7.49855838772e-14, 7.55249473529e-14, 2.50430051181e-14, 3.99086095253e-15, 1.52048756191e-15, 8.52214936007e-16, 1.87784578604e-15],
        "max": [0.00533270277083, 0.00629531778395, 0.00645945221186, 0.0227585788816, 0.0335594564676, 0.0203959830105, 0.0129579911008, 0.0137813882902, 0.00282797776163, 0.00213271775283, 0.0109088262543, 0.00454814126715, 0.0160218980163, 0.00501284282655, 0.00209928164259, 0.0025906781666, 0.00422874931246, 0.00214423565194, 0.00245590880513, 0.00444613303989, 0.00104343495332, 0.00135450775269, 0.000739094102755, 0.000199309361051, 0.000399450073019, 0.000237189626205, 0.000265945098363, 0.00016863833298, 0.000115449249279, 4.4605381845e-05, 1.97490408027e-05, 1.87530931726e-05, 3.27144953189e-05, 1.56280802912e-05, 1.28187448354e-05, 5.40731525689e-06, 2.13138810068e-06, 1.14893703085e-06, 7.07111553311e-07, 1.51145911786e-06],
        "mean": [0.000162981625181, 0.000525484967511, 0.000393186375732, 0.000667300191708, 0.000991055276245, 0.000603089632932, 0.000465872697532, 0.000255032879068, 0.000145481913933, 0.000137698007165, 0.000231515106861, 0.000132102461066, 0.000229675948503, 0.000101340097899, 8.37305924506e-05, 7.64932410675e-05, 6.1398561229e-05, 4.55076551589e-05, 5.45350412722e-05, 7.20153475413e-05, 2.97221213259e-05, 2.63598485617e-05, 1.04890686998e-05, 5.98919677941e-06, 7.3619480645e-06, 4.90936054121e-06, 4.2613964979e-06, 3.09752317662e-06, 1.51024323714e-06, 5.82589507303e-07, 3.20853075664e-07, 1.85102763339e-07, 1.46513457366e-07, 1.06761589791e-07, 7.56370042154e-08, 5.03501560445e-08, 3.34313909889e-08, 2.03915604402e-08, 1.56623496395e-08, 1.49753223155e-08],
        "median": [2.90137322736e-05, 0.000269645999651, 0.000236696752836, 0.000334273645421, 0.000365967716789, 0.000244966067839, 0.000186465491424, 9.84724756563e-05, 8.48338313517e-05, 6.12353251199e-05, 7.84130534157e-05, 4.82637115056e-05, 7.63585412642e-05, 4.59371440229e-05, 3.97675466957e-05, 1.91860053746e-05, 2.26331540034e-05, 1.7075726646e-05, 2.13025359699e-05, 1.82030016731e-05, 9.47783064476e-06, 7.90048306953e-06, 2.51276310337e-06, 2.17539877667e-06, 1.40797192216e-06, 1.04957302938e-06, 7.93536628407e-07, 5.30088982487e-07, 3.16965355296e-07, 2.01000588618e-07, 9.59327408623e-08, 6.36501198414e-08, 3.87595555651e-08, 2.67245248153e-08, 1.54761163884e-08, 9.54853884849e-09, 6.64534116623e-09, 4.26783097751e-09, 2.88167001372e-09, 2.21947327184e-09],
        "min": [1.8196891159e-23, 8.20261276895e-24, 1.53683893626e-23, 1.34682869214e-23, 6.71873306293e-24, 8.67124505603e-24, 6.92609698478e-24, 5.38639274795e-24, 7.98397444704e-24, 1.76095526606e-23, 1.11162957659e-23, 9.1829538817e-24, 1.44965513342e-23, 9.94607977761e-24, 8.35973808405e-24, 1.28800207226e-23, 7.15302150164e-24, 9.74396888052e-24, 8.44972344751e-24, 1.14083360174e-23, 1.04452843691e-23, 1.08131956846e-23, 1.12519214659e-23, 1.35505162045e-23, 1.44108447523e-23, 1.05312110432e-23, 8.15165156561e-24, 1.63400861375e-23, 1.13456767956e-23, 6.08829081027e-24, 1.04951222345e-23, 1.2791851317e-23, 1.10636629663e-23, 1.04040103776e-23, 1.48169976779e-23, 1.26011970468e-23, 8.61050197747e-24, 1.30128775208e-23, 1.1683360539e-23, 9.66468678183e-24],
        "var": [1.9679747254e-07, 5.32130229658e-07, 2.76220248452e-07, 1.41513589824e-06, 3.80307687919e-06, 1.19716105473e-06, 6.56310760405e-07, 2.43018234869e-07, 3.14349613006e-08, 4.18126084867e-08, 2.53628826385e-07, 5.02112165179e-08, 3.29109326458e-07, 3.71603299243e-08, 1.75392926849e-08, 3.64087462401e-08, 1.9571379184e-08, 1.26330732542e-08, 1.2753505807e-08, 3.00120426289e-08, 3.8516612122e-09, 3.12376702283e-09, 1.05660635796e-09, 9.77065373053e-11, 3.1770228115e-10, 1.89508492232e-10, 1.73893469069e-10, 7.11582112678e-11, 3.25217283659e-11, 1.53787247693e-12, 5.78716382541e-13, 2.63988673586e-13, 4.03777028089e-13, 1.4250543291e-13, 6.33605377908e-14, 1.75781884572e-14, 6.23853487587e-15, 1.9877510638e-15, 1.45667517016e-15, 2.19744105792e-15]
    },
    "mfcc": {
        "mean": [-696.850463867, 184.029464722, -49.7989807129, 15.195971489, -6.01398134232, -2.75049257278, -9.2609539032, -7.70117950439, -6.54808282852, -5.02864551544, -13.9608716965, -6.88115692139, -0.853200137615],
        "cov": [[2550.66064453, 115.340545654, 243.169692993, 347.999145508, 187.017349243, 201.816268921, 104.913963318, 171.280487061, 71.1372299194, 31.6344051361, -15.6122703552, 122.690422058, 68.6464004517], [115.340545654, 2190.13354492, 122.223861694, -98.1045074463, 155.305053711, 361.601135254, 71.8977355957, -226.495941162, -199.636688232, -84.9125671387, 164.381347656, 57.642250061, -53.5373802185], [243.169692993, 122.223861694, 236.129608154, 138.169174194, 102.420791626, 89.7664031982, 64.2854537964, 60.3478240967, 26.4911270142, 36.1344146729, 25.4892749786, 24.9816265106, 24.9150714874], [347.999145508, -98.1045074463, 138.169174194, 255.286483765, 101.811843872, 57.1881484985, 62.7011070251, 83.9218978882, 69.4538116455, 65.2055435181, 31.2648048401, 60.5289878845, 33.0710487366], [187.017349243, 155.305053711, 102.420791626, 101.811843872, 145.077590942, 88.1088790894, 46.375202179, 47.8185653687, 33.538974762, 28.4011497498, 28.9371337891, 33.1579284668, 24.6284351349], [201.816268921, 361.601135254, 89.7664031982, 57.1881484985, 88.1088790894, 193.563491821, 62.1280784607, 17.4755764008, 8.35916900635, 10.1748218536, 63.3894996643, 36.79504776, 11.8723564148], [104.913963318, 71.8977355957, 64.2854537964, 62.7011070251, 46.375202179, 62.1280784607, 141.917999268, 53.1131057739, 23.9287757874, 12.0569314957, 21.4534263611, 19.5186424255, 14.3509120941], [171.280487061, -226.495941162, 60.3478240967, 83.9218978882, 47.8185653687, 17.4755764008, 53.1131057739, 153.470901489, 88.9236068726, 41.943939209, 1.15290439129, 9.47264289856, 28.4266662598], [71.1372299194, -199.636688232, 26.4911270142, 69.4538116455, 33.538974762, 8.35916900635, 23.9287757874, 88.9236068726, 149.996398926, 65.4015884399, -9.88351631165, 18.9364376068, 25.3921604156], [31.6344051361, -84.9125671387, 36.1344146729, 65.2055435181, 28.4011497498, 10.1748218536, 12.0569314957, 41.943939209, 65.4015884399, 126.353050232, 32.1600074768, 11.9777069092, 14.1696901321], [-15.6122703552, 164.381347656, 25.4892749786, 31.2648048401, 28.9371337891, 63.3894996643, 21.4534263611, 1.15290439129, -9.88351631165, 32.1600074768, 126.880073547, 42.1026039124, 3.62822556496], [122.690422058, 57.642250061, 24.9816265106, 60.5289878845, 33.1579284668, 36.79504776, 19.5186424255, 9.47264289856, 18.9364376068, 11.9777069092, 42.1026039124, 122.589233398, 48.5456581116], [68.6464004517, -53.5373802185, 24.9150714874, 33.0710487366, 24.6284351349, 11.8723564148, 14.3509120941, 28.4266662598, 25.3921604156, 14.1696901321, 3.62822556496, 48.5456581116, 116.794212341]],
