{
"lowlevel": {
    "average_loudness": 0.880755543709,
    "barkbands_crest": {
        "dmean": 3.30488777161,
        "dmean2": 5.21557569504,
        "dvar": 9.43401622772,
        "dvar2": 22.1396217346,
        "max": 26.6500110626,
        "mean": 16.8421916962,
        "median": 16.90599823,
        "min": 2.84033846855,
        "var": 25.3907356262
    },
    "barkbands_flatness_db": {
        "dmean": 0.0601573251188,
        "dmean2": 0.0889096781611,
        "dvar": 0.00626700650901,
        "dvar2": 0.0135144572705,
        "max": 1,
        "mean": 0.331837147474,
        "median": 0.311413645744,
        "min": 0.0163077507168,
        "var": 0.0223389863968
    },
    "barkbands_kurtosis": {
        "dmean": 32.8858947754,
        "dmean2": 53.2103271484,
        "dvar": 5693.23632812,
        "dvar2": 14717.5292969,
        "max": 1804.40405273,
        "mean": 45.7274589539,
        "median": 19.9741325378,
        "min": -1.850507617,
        "var": 7328.86279297
    },
    "barkbands_skewness": {
        "dmean": 1.63479709625,
        "dmean2": 2.55387449265,
        "dvar": 4.42864370346,
        "dvar2": 10.7707042694,
        "max": 29.8975067139,
        "mean": 4.13432741165,
        "median": 3.57669591904,
        "min": -3.2384288311,
        "var": 10.6470661163
    },
    "barkbands_spread": {
        "dmean": 3.55017495155,
        "dmean2": 5.83449363708,
        "dvar": 46.2998886108,
        "dvar2": 116.323753357,
        "max": 111.255783081,
        "mean": 6.18812942505,
        "median": 2.76464700699,
        "min": 0.0199305303395,
        "var": 83.153717041
    },
    "dissonance": {
        "dmean": 0.0402057096362,
        "dmean2": 0.0662533342838,
        "dvar": 0.00183222081978,
        "dvar2": 0.00488356081769,
        "max": 0.500000059605,
        "mean": 0.417861759663,
        "median": 0.436908364296,
        "min": 0.0584464333951,
        "var": 0.00428330618888
    },
    "dynamic_complexity": 4.02954006195,
    "erbbands_crest": {
        "dmean": 3.5376701355,
        "dmean2": 5.76960229874,
        "dvar": 12.2617454529,
        "dvar2": 30.4990119934,
        "max": 32.9232292175,
        "mean": 11.6958456039,
        "median": 10.5905303955,
        "min": 2.06057977676,
        "var": 31.9754219055
    },
    "erbbands_flatness_db": {
        "dmean": 0.037087071687,
        "dmean2": 0.0554972440004,
        "dvar": 0.00281328544952,
        "dvar2": 0.00588844064623,
        "max": 0.576702654362,
        "mean": 0.222281262279,
        "median": 0.208684951067,
        "min": 0.0348823554814,
        "var": 0.0131851360202
    },
    "erbbands_kurtosis": {
        "dmean": 4.10112047195,
        "dmean2": 6.55011749268,
        "dvar": 120.177009583,
        "dvar2": 282.285003662,
        "max": 301.657836914,
        "mean": 4.70715856552,
        "median": 0.968663692474,
        "min": -1.93237185478,
        "var": 219.059249878
    },
    "erbbands_skewness": {
        "dmean": 0.701758086681,
        "dmean2": 1.07724428177,
        "dvar": 0.773879528046,
        "dvar2": 1.85065579414,
        "max": 13.2560358047,
        "mean": 1.14049482346,
        "median": 0.875349521637,
        "min": -2.9569478035,
        "var": 1.74694871902
    },
    "erbbands_spread": {
        "dmean": 11.8890800476,
        "dmean2": 18.0777835846,
        "dvar": 315.964569092,
        "dvar2": 644.850524902,
        "max": 205.080963135,
        "mean": 34.6119117737,
        "median": 24.1452217102,
        "min": 0.437942564487,
        "var": 1113.76928711
    },
    "hfc": {
        "dmean": 8.60917663574,
        "dmean2": 13.1196184158,
        "dvar": 226.237716675,
        "dvar2": 534.208557129,
        "max": 168.483688354,
        "mean": 18.8257961273,
        "median": 13.8153247833,
        "min": 1.14251258232e-16,
        "var": 461.654174805
    },
    "melbands_crest": {
        "dmean": 3.85244274139,
        "dmean2": 6.14733600616,
        "dvar": 12.5477190018,
        "dvar2": 30.5835971832,
        "max": 39.9120674133,
        "mean": 22.2502784729,
        "median": 21.970123291,
        "min": 1.56575202942,
        "var": 40.0598258972
    },
    "melbands_flatness_db": {
        "dmean": 0.0681297704577,
        "dmean2": 0.100649096072,
        "dvar": 0.00816259998828,
        "dvar2": 0.0176412574947,
        "max": 1,
        "mean": 0.457237154245,
        "median": 0.432572305202,
        "min": 0.00083779724082,
        "var": 0.0293819829822
    },
    "melbands_kurtosis": {
        "dmean": 52.1963691711,
        "dmean2": 81.0584640503,
        "dvar": 165478.59375,
        "dvar2": 216993.78125,
        "max": 44252.375,
        "mean": 80.9511413574,
        "median": 33.981048584,
        "min": -1.70662951469,
        "var": 338908.28125
    },
    "melbands_skewness": {
        "dmean": 1.72154140472,
        "dmean2": 2.63680911064,
        "dvar": 6.57777500153,
        "dvar2": 13.2457857132,
        "max": 163.063705444,
        "mean": 5.0626001358,
        "median": 4.37622261047,
        "min": -3.09480214119,
        "var": 18.783290863
    },
    "melbands_spread": {
        "dmean": 2.32428216934,
        "dmean2": 3.88851952553,
        "dvar": 22.4654541016,
        "dvar2": 58.8655433655,
        "max": 155.345352173,
        "mean": 4.54846811295,
        "median": 2.25727725029,
        "min": 0.00572471227497,
        "var": 56.6679420471
    },
    "pitch_salience": {
        "dmean": 0.102999061346,
        "dmean2": 0.163767769933,
        "dvar": 0.011594299227,
        "dvar2": 0.0270261093974,
        "max": 0.996882677078,
        "mean": 0.369142144918,
        "median": 0.38050109148,
        "min": 0.00241505610757,
        "var": 0.027070613578
    },
    "silence_rate_20dB": {
        "dmean": 0.00325657124631,
        "dmean2": 0.00651364773512,
        "dvar": 0.00324643868953,
        "dvar2": 0.00957451481372,
        "max": 1,
        "mean": 0.99829429388,
        "median": 1,
        "min": 0,
        "var": 0.00170291319955
    },
    "silence_rate_30dB": {
        "dmean": 0.0959913134575,
        "dmean2": 0.191997513175,
        "dvar": 0.0867775604129,
        "dvar2": 0.185065969825,
        "max": 1,
        "mean": 0.408512949944,
        "median": 0,
        "min": 0,
        "var": 0.241659164429
    },
    "silence_rate_60dB": {
        "dmean": 0.0234162975103,
        "dmean2": 0.0468362271786,
        "dvar": 0.0228688791394,
        "dvar2": 0.0528652183712,
        "max": 1,
        "mean": 0.0873778909445,
        "median": 0,
        "min": 0,
        "var": 0.0797398909926
    },
    "spectral_centroid": {
        "dmean": 183.581680298,
        "dmean2": 300.962188721,
        "dvar": 94115.4921875,
        "dvar2": 237816.9375,
        "max": 11184.0097656,
        "mean": 495.658355713,
        "median": 349.94317627,
        "min": 35.4701042175,
        "var": 271921.03125
    },
    "spectral_complexity": {
        "dmean": 3.39009070396,
        "dmean2": 5.42990064621,
        "dvar": 24.099357605,
        "dvar2": 58.2922554016,
        "max": 51,
        "mean": 9.527135849,
        "median": 9,
        "min": 0,
        "var": 47.695514679
    },
    "spectral_decrease": {
        "dmean": 1.02081827436e-08,
        "dmean2": 1.61316915381e-08,
        "dvar": 1.6096370914e-16,
        "dvar2": 4.21674918121e-16,
        "max": 1.93767020625e-23,
        "mean": -2.93736786006e-08,
        "median": -3.0248912708e-08,
        "min": -1.44252581435e-07,
        "var": 4.95934296606e-16
    },
    "spectral_energy": {
        "dmean": 0.0389406345785,
        "dmean2": 0.0614142268896,
        "dvar": 0.00232905265875,
        "dvar2": 0.00609278865159,
        "max": 0.550279855728,
        "mean": 0.112570725381,
        "median": 0.115966975689,
        "min": 1.0424057378e-20,
        "var": 0.00724254222587
    },
    "spectral_energyband_high": {
        "dmean": 0.000489964091685,
        "dmean2": 0.000755124376155,
        "dvar": 1.56485521075e-06,
        "dvar2": 3.57417866326e-06,
        "max": 0.0117539493367,
        "mean": 0.000616941950284,
        "median": 2.08830570045e-05,
        "min": 7.33567435564e-21,
        "var": 2.6128218451e-06
    },
    "spectral_energyband_low": {
        "dmean": 0.0375598184764,
        "dmean2": 0.0601380206645,
        "dvar": 0.00234109885059,
        "dvar2": 0.00622605765238,
        "max": 0.5388276577,
        "mean": 0.100311882794,
        "median": 0.101900108159,
        "min": 2.14700060057e-23,
        "var": 0.00648760423064
    },
    "spectral_energyband_middle_high": {
        "dmean": 0.000983186648227,
        "dmean2": 0.00166881189216,
        "dvar": 3.44648537975e-06,
        "dvar2": 9.24508367461e-06,
        "max": 0.0208144392818,
        "mean": 0.00129101402126,
        "median": 0.00046982706408,
        "min": 1.08268258758e-21,
        "var": 4.04857473768e-06
    },
    "spectral_energyband_middle_low": {
        "dmean": 0.00866394303739,
        "dmean2": 0.0140121076256,
        "dvar": 0.000215382140595,
        "dvar2": 0.000552819226868,
        "max": 0.173959359527,
        "mean": 0.014406288974,
        "median": 0.00739808753133,
        "min": 2.49050834625e-22,
        "var": 0.000289458723273
    },
    "spectral_entropy": {
        "dmean": 0.471317887306,
        "dmean2": 0.715767383575,
        "dvar": 0.413863539696,
        "dvar2": 0.928402423859,
        "max": 9.81352233887,
        "mean": 6.44457244873,
        "median": 6.4976067543,
        "min": 2.62858819962,
        "var": 1.30021214485
    },
    "spectral_flux": {
        "dmean": 0.0590670257807,
        "dmean2": 0.0894284024835,
        "dvar": 0.00412946380675,
        "dvar2": 0.00811319798231,
        "max": 0.691558659077,
        "mean": 0.13090954721,
        "median": 0.108523607254,
        "min": 6.63993374173e-11,
        "var": 0.0100532649085
    },
    "spectral_kurtosis": {
        "dmean": 24.7337150574,
        "dmean2": 39.7400283813,
        "dvar": 3655.87744141,
        "dvar2": 8674.58789062,
        "max": 1337.29589844,
        "mean": 45.8194007874,
        "median": 12.2335262299,
        "min": -1.22361183167,
        "var": 6534.29541016
    },
    "spectral_rms": {
        "dmean": 0.00173423753586,
        "dmean2": 0.0026577974204,
        "dvar": 3.68279529539e-06,
        "dvar2": 8.75205205375e-06,
        "max": 0.0231702048331,
        "mean": 0.00927910581231,
        "median": 0.0106366593391,
        "min": 3.18901415691e-12,
        "var": 2.37230669882e-05
    },
    "spectral_rolloff": {
        "dmean": 137.657852173,
        "dmean2": 244.741989136,
        "dvar": 269574.5625,
        "dvar2": 687358.125,
        "max": 19099.9511719,
        "mean": 323.824645996,
        "median": 150.732421875,
        "min": 21.533203125,
        "var": 595006.5625
    },
    "spectral_skewness": {
        "dmean": 1.23175096512,
        "dmean2": 1.94593775272,
        "dvar": 4.21397972107,
        "dvar2": 8.89535427094,
        "max": 32.534198761,
        "mean": 4.15148735046,
        "median": 2.78619432449,
        "min": -0.0393680110574,
        "var": 12.4104557037
    },
    "spectral_spread": {
        "dmean": 995422.8125,
        "dmean2": 1495175.75,
        "dvar": 2.24660632371e+12,
        "dvar2": 4.2785528873e+12,
        "max": 41503044,
        "mean": 3903764.5,
        "median": 2852497,
        "min": 107857.9375,
        "var": 1.05868815237e+13
    },
    "spectral_strongpeak": {
        "dmean": 0.297628253698,
        "dmean2": 0.500536084175,
        "dvar": 0.123256802559,
        "dvar2": 0.322522521019,
        "max": 7.35300636292,
        "mean": 0.770621538162,
        "median": 0.771633327007,
        "min": 0,
        "var": 0.228739082813
    },
    "zerocrossingrate": {
        "dmean": 0.00596057483926,
        "dmean2": 0.00767657160759,
        "dvar": 9.56839940045e-05,
        "dvar2": 0.000147199403727,
        "max": 0.52197265625,
        "mean": 0.0204420164227,
        "median": 0.01123046875,
        "min": 0.00146484375,
        "var": 0.000701710931025
    },
    "barkbands": {
        "dmean": [0.00145887292456, 0.0302917081863, 0.0165238678455, 0.00558856129646, 0.00191826396622, 0.00126698450185, 0.000802768860012, 0.000714924361091, 0.000518269953318, 0.00028524568188, 0.000174605040229, 0.000160269119078, 0.00014810745779, 0.000106472143671, 7.95308078523e-05, 5.71260825382e-05, 6.90984234097e-05, 4.32396118413e-05, 5.52130077267e-05, 5.45259390492e-05, 5.54095895495e-05, 6.11737705185e-05, 5.14171697432e-05, 9.2191832664e-05, 0.00013387951185, 8.31618017401e-05, 2.93682096526e-05],
        "dmean2": [0.00195625377819, 0.0488993152976, 0.0276489686221, 0.00927743967623, 0.00335277733393, 0.00204064790159, 0.00130222388543, 0.00114968570415, 0.000847655406687, 0.000470487808343, 0.000296706595691, 0.000271495460765, 0.000254777347436, 0.000186400488019, 0.000136707021738, 9.83440622804e-05, 0.000126168350107, 7.58442402002e-05, 9.35980788199e-05, 9.11931347218e-05, 9.33704795898e-05, 0.000101318844827, 8.13130609458e-05, 0.000137318158522, 0.00020963101997, 0.00013070863497, 4.8248879466e-05],
        "dvar": [4.07077277487e-06, 0.00150895235129, 0.0010014870204, 0.000114511414722, 1.62102787726e-05, 6.63926630295e-06, 1.91916615222e-06, 1.5177242858e-06, 1.00129034308e-06, 3.12778070111e-07, 1.4266133519e-07, 1.50542035726e-07, 1.35666127221e-07, 8.51378345601e-08, 5.60673996119e-08, 1.70910290365e-08, 3.26123625882e-08, 1.75325016727e-08, 2.08920294398e-08, 1.62284621297e-08, 2.37662849401e-08, 2.67922679598e-08, 1.76777508187e-08, 8.3912532034e-08, 1.82634053658e-07, 5.4054289933e-08, 1.34428024268e-08],
        "dvar2": [7.86224518379e-06, 0.00410466967151, 0.00265549332835, 0.00029693407123, 4.51338637504e-05, 1.61030657182e-05, 4.73467525808e-06, 3.49540187017e-06, 2.35489915212e-06, 7.6944564853e-07, 3.54311509909e-07, 3.65673827218e-07, 3.35194840773e-07, 2.03986218139e-07, 1.1946599443e-07, 4.53933814981e-08, 9.23234182437e-08, 4.04827922296e-08, 4.94069389845e-08, 4.20892334319e-08, 6.29980547728e-08, 7.08660436999e-08, 4.16415737448e-08, 1.8341319219e-07, 3.77093130055e-07, 1.41886346228e-07, 3.4187529252e-08],
        "max": [0.0456350445747, 0.324547052383, 0.325342178345, 0.132573932409, 0.0534736514091, 0.0560450181365, 0.0197385065258, 0.0225570313632, 0.0190192330629, 0.00815155636519, 0.0116972252727, 0.0109776677564, 0.0109138963744, 0.012784413062, 0.0118829039857, 0.00241214316338, 0.00244360230863, 0.00809737481177, 0.00638350704685, 0.00168800575193, 0.00221646414138, 0.00215829093941, 0.00133517803624, 0.00372064998373, 0.00514398794621, 0.00249391025864, 0.00133651355281],
        "mean": [0.00292570120655, 0.0724586471915, 0.0209275744855, 0.00731270620599, 0.00221820943989, 0.00168236589525, 0.00120937544852, 0.00118115160149, 0.000681053439621, 0.000359006895451, 0.000197796995053, 0.000175496577867, 0.000157203117851, 0.000106250932731, 9.77795134531e-05, 6.08240588917e-05, 6.38685232843e-05, 4.90941056341e-05, 6.17380719632e-05, 5.58070132683e-05, 6.12075527897e-05, 6.87832944095e-05, 6.79678705637e-05, 0.000106312385469, 0.000145377693116, 0.000104412436485, 3.49983674823e-05],
        "median": [0.000876793405041, 0.0667220652103, 0.00869285687804, 0.0013481565984, 0.000926010077819, 0.000690876157023, 0.000530654331669, 0.000413944973843, 0.00021638761973, 8.36988037918e-05, 4.60222800029e-05, 3.07351729134e-05, 2.78189545497e-05, 1.35485170176e-05, 1.7728372768e-05, 1.25470369312e-05, 1.18833086162e-05, 6.91291552357e-06, 6.91378545525e-06, 4.39904260929e-06, 3.46232809534e-06, 2.24066661758e-06, 1.34938613883e-06, 1.00401541658e-06, 5.70257952859e-07, 2.85871777805e-07, 1.80077819323e-07],
        "min": [1.09124460222e-24, 6.25035045033e-24, 1.03228444791e-24, 7.07547331921e-24, 2.25513418247e-23, 1.41025168897e-23, 2.30875747582e-23, 5.06764718831e-24, 3.10930630198e-23, 1.9183038288e-23, 2.54967480741e-23, 5.51178565982e-23, 5.05248212626e-23, 5.57157311228e-23, 7.90616720269e-23, 7.39307881708e-23, 8.41622005155e-23, 1.15058543714e-22, 1.34944540687e-22, 2.40483830438e-22, 2.76452984708e-22, 3.97016250305e-22, 5.50993568633e-22, 6.81573095808e-22, 9.79242399898e-22, 1.42429141885e-21, 1.9889537634e-21],
        "var": [1.60822073667e-05, 0.00405469117686, 0.00100602942985, 0.000141660129884, 1.32258892336e-05, 8.87482292455e-06, 3.18904631058e-06, 4.05972650697e-06, 1.7231941456e-06, 4.70223483262e-07, 1.85548060472e-07, 2.14980161672e-07, 1.875990705e-07, 1.13311116934e-07, 1.39432387414e-07, 1.76018488673e-08, 2.42045548049e-08, 3.98195538764e-08, 4.08174614108e-08, 1.8794896306e-08, 2.58232937256e-08, 3.51854119174e-08, 3.08101739677e-08, 1.19500214169e-07, 2.37367174805e-07, 8.50453787393e-08, 1.72643961349e-08]
    },
    "erbbands": {
        "dmean": [0.952705442905, 7.22266340256, 18.679019928, 17.8211917877, 11.1657934189, 5.80374622345, 6.66019153595, 11.39731884, 10.9671220779, 15.7671422958, 12.8994531631, 13.0852870941, 8.04527378082, 8.26323413849, 7.03059625626, 7.18316030502, 7.05764341354, 5.55189990997, 4.55810022354, 3.72879815102, 3.20602869987, 3.74052810669, 2.42457437515, 2.53906059265, 2.88187623024, 2.50738334656, 2.40706801414, 2.05288481712, 2.09937763214, 2.02761268616, 1.45801210403, 1.74376440048, 1.64359354973, 1.48361027241, 0.916167140007, 0.400270909071, 0.154848515987, 0.0337631925941, 0.0048672654666, 0.000293650402455],
        "dmean2": [1.38163995743, 11.592581749, 30.4406299591, 29.7082424164, 18.3300666809, 10.2885951996, 10.9722795486, 18.4817905426, 17.7547092438, 25.5589904785, 20.9462776184, 21.294511795, 13.2209148407, 13.9205770493, 11.8306770325, 12.0620527267, 12.0392589569, 9.60299968719, 8.01127243042, 6.24385595322, 5.60945129395, 6.84704446793, 4.26939868927, 4.25674533844, 4.98737955093, 4.18386411667, 4.04566383362, 3.46574902534, 3.48448061943, 3.33829236031, 2.26310443878, 2.73610782623, 2.47126460075, 2.33688926697, 1.45235848427, 0.633789122105, 0.246550664306, 0.0550345517695, 0.00798402354121, 0.000474944565212],
        "dvar": [1.72212040424, 90.7642288208, 1088.37463379, 1184.39501953, 450.381378174, 160.682113647, 181.044570923, 588.172729492, 397.821289062, 726.370422363, 599.241088867, 655.017211914, 263.354919434, 270.147033691, 227.802856445, 327.749755859, 313.882415771, 223.267578125, 178.308547974, 140.570800781, 59.4617271423, 98.4635162354, 42.1948776245, 61.8833465576, 51.5944519043, 33.6025886536, 38.2752952576, 41.6678390503, 31.8781833649, 29.749256134, 14.2434139252, 29.9021549225, 29.8914432526, 26.2691955566, 6.91261577606, 1.21226847172, 0.182376697659, 0.0142752397805, 0.000327581772581, 1.21388336538e-06],
        "dvar2": [3.99782776833, 248.986541748, 2817.33935547, 3186.72265625, 1159.24829102, 452.466705322, 458.193237305, 1455.84729004, 992.026855469, 1765.06933594, 1366.88977051, 1518.36474609, 659.04699707, 690.228515625, 566.375244141, 781.489929199, 765.80065918, 525.953430176, 410.936737061, 289.281585693, 161.897262573, 279.923706055, 104.695388794, 122.800704956, 135.699325562, 85.8087387085, 98.330696106, 112.524864197, 86.5942153931, 77.2636184692, 32.5525360107, 70.180847168, 65.368888855, 52.6703910828, 14.8095436096, 2.92630338669, 0.496904969215, 0.0371846146882, 0.000825641443953, 3.01654131363e-06],
        "max": [12.3319864273, 83.783416748, 371.513000488, 397.826812744, 298.167266846, 200.354598999, 288.024047852, 569.009216309, 349.982391357, 430.02734375, 486.191223145, 522.306640625, 301.425598145, 242.833740234, 385.752441406, 568.497558594, 553.271484375, 653.44744873, 724.991577148, 575.423095703, 93.7694015503, 110.180999756, 345.155944824, 614.388916016, 164.850448608, 106.149765015, 86.0555801392, 98.0180130005, 86.6893844604, 50.6277732849, 37.8288459778, 68.5910797119, 73.3346405029, 62.8148498535, 29.2151451111, 10.514210701, 5.2681055069, 1.34425461292, 0.210950568318, 0.013066525571],
        "mean": [2.31112909317, 14.9945135117, 27.7693157196, 23.2977790833, 15.6245441437, 6.07822179794, 8.44686794281, 14.9748020172, 16.0187397003, 24.894411087, 21.0744915009, 18.1936645508, 10.2510499954, 9.64709854126, 8.46275615692, 8.5734462738, 7.91931581497, 5.88024044037, 4.81335735321, 4.85910892487, 3.30192303658, 3.38534736633, 2.72986388206, 3.31661367416, 2.81414198875, 2.69950532913, 2.61403417587, 2.31947183609, 2.36574530602, 2.35933685303, 1.92421913147, 2.10886192322, 1.80963873863, 1.58599901199, 1.01108705997, 0.502433598042, 0.190108135343, 0.0384308993816, 0.00602708430961, 0.000458357506432],
        "median": [1.22202396393, 11.6102399826, 14.7009181976, 10.2836923599, 4.5210647583, 2.84813594818, 3.4957652092, 5.82422590256, 7.03225517273, 9.68528175354, 8.95907402039, 6.13259267807, 2.93341255188, 2.48936319351, 2.26035881042, 1.75570881367, 1.60696160793, 0.960795283318, 0.899538040161, 0.876618623734, 0.715604543686, 0.635273575783, 0.450230956078, 0.415020823479, 0.291294395924, 0.226408317685, 0.165907606483, 0.118932157755, 0.0844439789653, 0.0596859902143, 0.0373681783676, 0.0238037593663, 0.0143607938662, 0.00765565037727, 0.00339557696134, 0.00145454495214, 0.00049509172095, 0.000137869239552, 0.000109395630716, 0.000160733135999],
        "min": [1.75978144104e-22, 1.69036660387e-21, 2.56749632384e-21, 1.86756686643e-20, 3.18448283026e-20, 6.88997183169e-20, 7.79594592123e-20, 2.22234737766e-19, 2.3640852926e-19, 3.62149701741e-19, 1.68800434083e-19, 7.68701528185e-19, 7.61662221172e-19, 9.4053816748e-19, 9.35252173173e-19, 2.3091530553e-18, 2.24703323887e-18, 2.99239079959e-18, 4.7063301219e-18, 3.0086928751e-18, 5.71780740211e-18, 5.10343637293e-18, 6.62767009357e-18, 9.08613814163e-18, 7.67920152699e-18, 1.1447374831e-17, 1.15779990574e-17, 1.23249323972e-17, 1.38716856964e-17, 1.1724974163e-17, 1.51644904117e-17, 1.35807398052e-17, 9.82183588716e-18, 8.71991964185e-18, 7.60799533832e-18, 4.6219585266e-18, 2.65610941375e-18, 1.12274672108e-18, 2.73617413809e-19, 2.76414260094e-20],
        "var": [6.40301799774, 206.872116089, 1326.39489746, 1196.03015137, 589.455322266, 114.635902405, 220.859146118, 741.106750488, 624.377197266, 1461.88183594, 1494.00476074, 1232.48791504, 381.654785156, 335.63079834, 302.96194458, 524.187316895, 462.464660645, 315.685791016, 342.285583496, 359.51940918, 50.6614341736, 68.5077896118, 75.8853225708, 242.969467163, 51.3208770752, 44.0594291687, 43.5432128906, 42.3700294495, 39.4974784851, 40.9485054016, 25.1567993164, 43.4214477539, 38.4822616577, 33.4540596008, 9.30134868622, 1.9400087595, 0.289146929979, 0.0173234846443, 0.000459527946077, 1.71056331055e-06]
    },
    "gfcc": {
        "mean": [-97.8018112183, 151.130828857, -53.7376174927, 18.0039463043, -30.003364563, 6.70536756516, -12.1810331345, 8.32413387299, -5.59105348587, 3.07030105591, -5.37937498093, -4.16794061661, -7.74350500107],
        "cov": [[21867.7128906, -6605.11572266, -206.867797852, 2117.37158203, -1090.09521484, 1854.30102539, -1029.27526855, 1025.64489746, -819.996765137, 567.381774902, -1093.46643066, 273.666259766, -931.897094727], [-6605.11572266, 4767.49560547, -123.099845886, -1016.49920654, 745.610351562, -861.166442871, 745.944030762, -542.678344727, 472.426971436, -417.056365967, 465.359466553, -355.953735352, 337.816345215], [-206.867797852, -123.099845886, 2250.44604492, 501.171234131, 552.085632324, 436.540893555, 64.1251831055, 196.414047241, 5.23925876617, 13.2329940796, -139.443130493, -35.9300193787, -41.1005821228], [2117.37158203, -1016.49920654, 501.171234131, 1180.05285645, 119.791366577, 438.541748047, -37.1256866455, 140.170639038, -74.8048019409, 15.6964893341, -109.862129211, -1.56625962257, -54.2747764587], [-1090.09521484, 745.610351562, 552.085632324, 119.791366577, 595.544921875, 62.0340881348, 243.631896973, -13.8746557236, 123.609069824, -72.5286712646, 56.8002929688, -80.8805999756, 51.2698440552], [1854.30102539, -861.166442871, 436.540893555, 438.541748047, 62.0340881348, 511.527526855, -26.444814682, 201.620223999, -43.5619468689, 93.9821395874, -108.355323792, 27.648355484, -91.1281661987], [-1029.27526855, 745.944030762, 64.1251831055, -37.1256866455, 243.631896973, -26.444814682, 338.244750977, -4.55987119675, 125.297035217, -62.2868995667, 113.473655701, -70.3651809692, 52.0080680847], [1025.64489746, -542.678344727, 196.414047241, 140.170639038, -13.8746557236, 201.620223999, -4.55987119675, 216.136779785, 0.748827397823, 76.0930938721, -56.6737670898, 43.437587738, -51.9551429749], [-819.996765137, 472.426971436, 5.23925876617, -74.8048019409, 123.609069824, -43.5619468689, 125.297035217, 0.748827397823, 183.921127319, 9.04766368866, 80.5932769775, -33.2665214539, 55.5602264404], [567.381774902, -417.056365967, 13.2329940796, 15.6964893341, -72.5286712646, 93.9821395874, -62.2868995667, 76.0930938721, 9.04766368866, 145.559387207, 0.0709997937083, 46.7034988403, -31.2693367004], [-1093.46643066, 465.359466553, -139.443130493, -109.862129211, 56.8002929688, -108.355323792, 113.473655701, -56.6737670898, 80.5932769775, 0.0709997937083, 173.945968628, 9.19769477844, 69.9815292358], [273.666259766, -355.953735352, -35.9300193787, -1.56625962257, -80.8805999756, 27.648355484, -70.3651809692, 43.437587738, -33.2665214539, 46.7034988403, 9.19769477844, 116.217025757, 18.3945922852], [-931.897094727, 337.816345215, -41.1005821228, -54.2747764587, 51.2698440552, -91.1281661987, 52.0080680847, -51.9551429749, 55.5602264404, -31.2693367004, 69.9815292358, 18.3945922852, 126.406005859]],
        "icov": [[0.000147077444126, -7.43337950553e-05, 0.000144967096276, -0.000181295428774, 5.16492582392e-05, -0.000242701324169, 6.78266733303e-05, -0.000263929046923, 0.000206730896025, -0.000251462421147, 0.000541856570635, -0.000260793487541, 0.000504832481965], [-7.43337950553e-05, 0.00138513022102, -0.000293351651635, 0.000789288722444, -0.000460377050331, 0.00065596337663, -0.000873069977388, 0.00129185221158, -0.00127454719041, 0.00171351421159, -0.00150055228733, 0.00206390861422, -0.000941913283896], [0.000144967096276, -0.000293351651635, 0.000942028244026, -0.000331131246639, -0.000723901670426, -0.00060222868342, 0.000492872088216, -0.000883856147993, 0.000622223946266, -0.000586013833527, 0.0010867821984, -0.000412655703258, 0.000350142741809], [-0.000181295428774, 0.000789288722444, -0.000331131246639, 0.00193307851441, -0.000433698296547, -0.000681051518768, -0.000180289833224, 0.000817054649815, -0.000464497192297, 0.00166490545962, -0.00149291404523, 0.00175805785693, -0.00144194497261], [5.16492582392e-05, -0.000460377050331, -0.000723901670426, -0.000433698296547, 0.00391157949343, -0.000724454526789, -0.00152353686281, 0.000616334087681, -0.000897510093637, 0.000282058172161, 0.000527835625689, -0.000463290140033, 0.000200351219974], [-0.000242701324169, 0.00065596337663, -0.00060222868342, -0.000681051518768, -0.000724454526789, 0.00577543629333, -0.00117822259199, -0.00141942547634, -0.00018435822858, -0.00110508257058, -2.30557598115e-05, 0.000710207095835, 4.53447610198e-05], [6.78266733303e-05, -0.000873069977388, 0.000492872088216, -0.000180289833224, -0.00152353686281, -0.00117822259199, 0.00814081169665, -0.00373086286709, -0.00049470749218, 0.00204535597004, -0.00371228554286, 0.00214741751552, 0.000267924624495], [-0.000263929046923, 0.00129185221158, -0.000883856147993, 0.000817054649815, 0.000616334087681, -0.00141942547634, -0.00373086286709, 0.0121288541704, -0.00385552993976, -0.000617019657511, 0.0015153127024, -0.00284818862565, 0.00102973752655], [0.000206730896025, -0.00127454719041, 0.000622223946266, -0.000464497192297, -0.000897510093637, -0.00018435822858, -0.00049470749218, -0.00385552993976, 0.0120658334345, -0.00512375263497, -0.000377947493689, 0.00236160494387, -0.00292217894457], [-0.000251462421147, 0.00171351421159, -0.000586013833527, 0.00166490545962, 0.000282058172161, -0.00110508257058, 0.00204535597004, -0.000617019657511, -0.00512375263497, 0.0152319232002, -0.00613339059055, 0.000276273844065, 0.00146037479863], [0.000541856570635, -0.00150055228733, 0.0010867821984, -0.00149291404523, 0.000527835625689, -2.30557598115e-05, -0.00371228554286, 0.0015153127024, -0.000377947493689, -0.00613339059055, 0.0162508301437, -0.00697481725365, 0.00030372213223], [-0.000260793487541, 0.00206390861422, -0.000412655703258, 0.00175805785693, -0.000463290140033, 0.000710207095835, 0.00214741751552, -0.00284818862565, 0.00236160494387, 0.000276273844065, -0.00697481725365, 0.0197164155543, -0.00814933516085], [0.000504832481965, -0.000941913283896, 0.000350142741809, -0.00144194497261, 0.000200351219974, 4.53447610198e-05, 0.000267924624495, 0.00102973752655, -0.00292217894457, 0.00146037479863, 0.00030372213223, -0.00814933516085, 0.0165725685656]]
    },
    "melbands": {
        "dmean": [0.00813852623105, 0.00889013335109, 0.00292879738845, 0.000546257244423, 0.000227389740758, 0.000249556003837, 0.000165525532793, 0.00017134322843, 0.000103264450445, 7.63028947404e-05, 3.99232449126e-05, 3.49347610609e-05, 2.40991321334e-05, 1.89817783394e-05, 1.71819028765e-05, 1.29641130115e-05, 1.06725265141e-05, 7.70440783526e-06, 5.44776730749e-06, 4.37066228187e-06, 3.79779430659e-06, 4.13515863329e-06, 3.02668422592e-06, 1.88061233075e-06, 2.0877314455e-06, 2.22002972805e-06, 1.922101319e-06, 1.60738966315e-06, 1.56997305112e-06, 1.40162990192e-06, 1.16196713407e-06, 1.18215086786e-06, 1.24994380712e-06, 1.07282392037e-06, 8.56436372487e-07, 8.51588538353e-07, 1.20072456866e-06, 1.1965549902e-06, 1.20624770261e-06, 1.29335307975e-06],
        "dmean2": [0.0128214815632, 0.0140712102875, 0.00481549510732, 0.000925900239963, 0.000380393961677, 0.000403839774663, 0.000268425501417, 0.000276976992609, 0.000168488157215, 0.000124613914522, 6.56141419313e-05, 5.87754038861e-05, 4.07449297199e-05, 3.20412764268e-05, 2.90590396617e-05, 2.25880303333e-05, 1.84346208698e-05, 1.37186207212e-05, 9.4420138339e-06, 7.25211293684e-06, 6.74701732351e-06, 7.62122635933e-06, 5.44740669284e-06, 3.23402650793e-06, 3.48517164639e-06, 3.83610949939e-06, 3.34155856763e-06, 2.67880955107e-06, 2.61804848378e-06, 2.42010878537e-06, 1.95748452825e-06, 1.96550399778e-06, 2.09506811188e-06, 1.77579659066e-06, 1.33891194309e-06, 1.44965281379e-06, 1.83404597465e-06, 1.83037457191e-06, 1.8513555915e-06, 2.08069104701e-06],
        "dvar": [0.000114879854664, 0.000183529045898, 2.96547532344e-05, 1.18599211874e-06, 1.99177421223e-07, 2.68923969315e-07, 8.85407871465e-08, 8.62329727624e-08, 3.65763455079e-08, 2.20191438416e-08, 6.64643406978e-09, 5.03341635039e-09, 2.77650435976e-09, 1.94465377135e-09, 1.52064638659e-09, 9.57850798677e-10, 9.34951449594e-10, 4.91731710905e-10, 2.17824022708e-10, 1.53137044712e-10, 8.99370786178e-11, 1.24239660226e-10, 5.84279707949e-11, 6.27445179147e-11, 5.11534425929e-11, 3.18846546388e-11, 2.2279818615e-11, 1.36873273132e-11, 1.85994206148e-11, 1.69374670539e-11, 1.32502021508e-11, 9.43284079319e-12, 1.24151097389e-11, 8.22314005083e-12, 4.9986425589e-12, 6.1039242237e-12, 1.45212019492e-11, 1.57620236307e-11, 2.12894077367e-11, 1.90066174605e-11],
        "dvar2": [0.00029697973514, 0.000465292541776, 7.90443154983e-05, 3.22690857502e-06, 5.17320358995e-07, 6.61129604396e-07, 2.19840785576e-07, 2.07240290706e-07, 8.53100701192e-08, 5.18311651376e-08, 1.64912705714e-08, 1.27710606534e-08, 6.80764866701e-09, 4.75586903192e-09, 3.76880260333e-09, 2.47116482832e-09, 2.12842476977e-09, 1.18454113185e-09, 5.05614938806e-10, 3.33339633674e-10, 2.48441545114e-10, 3.55744350644e-10, 1.60399887816e-10, 1.2991134557e-10, 9.6913102543e-11, 8.34350158407e-11, 5.91124718619e-11, 3.48658359128e-11, 4.81149842191e-11, 4.55952879619e-11, 3.55800805485e-11, 2.49733532465e-11, 3.38203597072e-11, 2.12872497407e-11, 1.12257607723e-11, 1.64953953274e-11, 3.21955899441e-11, 3.50636984725e-11, 4.84042389504e-11, 3.78254164102e-11],
        "max": [0.0932890102267, 0.160525411367, 0.0602550506592, 0.0138749927282, 0.00811919756234, 0.0121670635417, 0.00492961099371, 0.00492251804098, 0.00371532188728, 0.00281071173958, 0.00146814808249, 0.00107224762905, 0.00178578682244, 0.00119636487216, 0.00100026756991, 0.000710057036486, 0.00150330492761, 0.00106849416625, 0.000480429385789, 0.000545544200577, 0.000120889249956, 0.000120346121548, 0.000157987975399, 0.000626635272056, 0.000570504926145, 0.000142876888276, 7.86315504229e-05, 6.37706034468e-05, 5.98611004534e-05, 7.85046504461e-05, 5.42464404134e-05, 3.18090460496e-05, 7.06303253537e-05, 3.11877520289e-05, 2.30897767324e-05, 2.78626284853e-05, 4.93591178383e-05, 5.39523680345e-05, 6.19739803369e-05, 5.43804999324e-05],
        "mean": [0.0200965330005, 0.0168010611087, 0.00405336683616, 0.00069640611764, 0.000283070083242, 0.000328981404891, 0.000243286995101, 0.000273483397905, 0.000166323690792, 0.000101394216472, 4.89606645715e-05, 4.00356839236e-05, 2.78158076981e-05, 2.20028341573e-05, 2.03971958399e-05, 1.33288549478e-05, 1.10887940536e-05, 7.63634852774e-06, 6.3806273829e-06, 5.58086503588e-06, 3.62230730389e-06, 3.57507019544e-06, 2.93836365017e-06, 2.4375144676e-06, 2.69016868515e-06, 2.1452681267e-06, 1.84517000434e-06, 1.73321961938e-06, 1.63122444974e-06, 1.48608216932e-06, 1.30539933707e-06, 1.32295258481e-06, 1.35962136483e-06, 1.27608348066e-06, 1.11994290819e-06, 1.05211699974e-06, 1.39293649681e-06, 1.29670365823e-06, 1.25246754124e-06, 1.36071935231e-06],
        "median": [0.0166676770896, 0.0118585480377, 0.00196411833167, 0.000267092545982, 0.000124236845295, 0.000128981220769, 0.000105451370473, 0.000106017192593, 6.87816936988e-05, 3.23308631778e-05, 1.18022089737e-05, 9.15406326385e-06, 6.67014410283e-06, 4.3908439693e-06, 4.1726038944e-06, 2.47667594522e-06, 1.39543112709e-06, 1.30280022859e-06, 1.14099350412e-06, 1.04417733837e-06, 7.0475573466e-07, 6.24781137049e-07, 4.7936748615e-07, 3.05102219045e-07, 3.06544563955e-07, 2.14958376432e-07, 1.56319686084e-07, 1.3477725247e-07, 9.58590433697e-08, 7.95891565986e-08, 5.9444658973e-08, 4.80591317853e-08, 3.6877118248e-08, 2.92217592346e-08, 2.15622684152e-08, 1.56813229069e-08, 1.32305615352e-08, 9.61296642288e-09, 7.7734902959e-09, 5.68544589186e-09],
        "min": [3.72137992847e-24, 1.78614300312e-24, 4.99370173363e-24, 5.13277515021e-24, 2.86457226411e-24, 4.78216986519e-24, 3.65024676292e-24, 3.14229922605e-24, 1.17225647567e-24, 4.26391586059e-24, 3.73968031818e-24, 3.50879966388e-24, 2.76292773369e-24, 5.59984312611e-24, 4.64538059536e-24, 5.02427246029e-24, 4.7027181614e-24, 6.70047882159e-24, 4.79412308006e-24, 4.5936743129e-24, 5.59539395061e-24, 4.9071684255e-24, 5.82724766483e-24, 5.23929464381e-24, 6.2239105938e-24, 5.09557799195e-24, 6.92737730603e-24, 7.24698114634e-24, 7.19612801695e-24, 6.88751222019e-24, 7.48559342637e-24, 7.3912780054e-24, 7.23275956194e-24, 6.70271997542e-24, 7.42775572252e-24, 9.11133872214e-24, 7.64817292577e-24, 6.57687102306e-24, 5.86147318406e-24, 7.07189110184e-24],
        "var": [0.000351923314156, 0.000318393023917, 3.0972485547e-05, 1.14583201594e-06, 2.23044736458e-07, 3.46604110746e-07, 1.41612275684e-07, 1.85088936178e-07, 9.08265604949e-08, 3.82342868477e-08, 9.45946609932e-09, 6.34322683268e-09, 3.75211639536e-09, 2.79532841319e-09, 2.36170349943e-09, 1.15279952251e-09, 1.37583378024e-09, 8.15618517169e-10, 4.38186209539e-10, 3.48328615951e-10, 6.8939499942e-11, 8.16309450591e-11, 5.29221909351e-11, 1.94996283009e-10, 1.96472699221e-10, 3.29984303771e-11, 2.17936189928e-11, 1.82326532344e-11, 1.88197322309e-11, 1.79232479552e-11, 1.39189319792e-11, 1.18006559385e-11, 1.55163694393e-11, 1.16241131304e-11, 8.6329624005e-12, 8.51517988065e-12, 2.11579087583e-11, 1.98976859295e-11, 2.33368567526e-11, 2.4172077534e-11]
    },
    "mfcc": {
        "mean": [-754.090454102, 179.339599609, 45.479598999, 28.2050895691, 13.5939798355, 10.3347864151, 8.00618648529, 9.00755691528, 8.12692642212, 8.60255050659, 8.05340194702, 8.1460647583, 6.04512453079],
        "cov": [[16742.8769531, -3517.21435547, -1307.77612305, 343.983215332, 65.3987045288, 356.097320557, 65.1602249146, 154.681991577, 194.796340942, 119.487823486, -41.6477279663, -132.876281738, -162.645309448], [-3517.21435547, 3362.99511719, -101.150924683, -117.160194397, -77.3530197144, -97.6028747559, 53.6045303345, 42.8358230591, 31.619884491, 24.4295082092, 40.2644081116, 42.0413284302, 36.4785881042], [-1307.77612305, -101.150924683, 1367.77954102, 330.373352051, 374.640991211, 249.522094727, 153.012481689, 129.876907349, 128.53465271, 56.9278144836, 28.6799621582, 15.9036016464, -26.4376468658], [343.983215332, -117.160194397, 330.373352051, 701.058837891, 295.954345703, 257.339385986, 189.236434937, 148.159362793, 97.2643508911, 81.8624649048, 7.73791980743, -57.5090141296, -42.8162689209], [65.3987045288, -77.3530197144, 374.640991211, 295.954345703, 408.00692749, 219.040237427, 133.253585815, 114.846260071, 106.210174561, 57.853099823, 14.9286832809, -10.1417064667, -21.5859146118], [356.097320557, -97.6028747559, 249.522094727, 257.339385986, 219.040237427, 297.216491699, 144.380508423, 108.325286865, 94.7444000244, 69.6526641846, 37.7708930969, 18.9885120392, -10.7708053589], [65.1602249146, 53.6045303345, 153.012481689, 189.236434937, 133.253585815, 144.380508423, 223.185668945, 128.556594849, 65.4666366577, 61.6047058105, 38.3971672058, -0.841152369976, 5.62186050415], [154.681991577, 42.8358230591, 129.876907349, 148.159362793, 114.846260071, 108.325286865, 128.556594849, 170.067977905, 98.9033279419, 51.2948684692, 30.2128334045, 12.5572452545, 1.93489599228], [194.796340942, 31.619884491, 128.53465271, 97.2643508911, 106.210174561, 94.7444000244, 65.4666366577, 98.9033279419, 143.551422119, 74.0181808472, 26.8381328583, 17.9690876007, 6.71667146683], [119.487823486, 24.4295082092, 56.9278144836, 81.8624649048, 57.853099823, 69.6526641846, 61.6047058105, 51.2948684692, 74.0181808472, 115.351997375, 58.5558128357, 10.8852834702, 7.01107978821], [-41.6477279663, 40.2644081116, 28.6799621582, 7.73791980743, 14.9286832809, 37.7708930969, 38.3971672058, 30.2128334045, 26.8381328583, 58.5558128357, 98.7030258179, 63.8115692139, 20.299741745], [-132.876281738, 42.0413284302, 15.9036016464, -57.5090141296, -10.1417064667, 18.9885120392, -0.841152369976, 12.5572452545, 17.9690876007, 10.8852834702, 63.8115692139, 118.942260742, 56.6461448669], [-162.645309448, 36.4785881042, -26.4376468658, -42.8162689209, -21.5859146118, -10.7708053589, 5.62186050415, 1.93489599228, 6.71667146683, 7.01107978821, 20.299741745, 56.6461448669, 85.4084472656]],
