{
"lowlevel": {
    "average_loudness": 0.0129818757996,
    "barkbands_crest": {
        "dmean": 2.48963117599,
        "dmean2": 3.90639019012,
        "dvar": 5.2437877655,
        "dvar2": 12.5388231277,
        "max": 26.6750087738,
        "mean": 12.6414852142,
        "median": 11.5663127899,
        "min": 2.47331595421,
        "var": 27.7411594391
    },
    "barkbands_flatness_db": {
        "dmean": 0.0266139432788,
        "dmean2": 0.0395818315446,
        "dvar": 0.000814484839793,
        "dvar2": 0.00177989294752,
        "max": 0.600655257702,
        "mean": 0.23285612464,
        "median": 0.213085412979,
        "min": 0.0188392605633,
        "var": 0.0102353719994
    },
    "barkbands_kurtosis": {
        "dmean": 5.94460344315,
        "dmean2": 9.25431919098,
        "dvar": 208.207717896,
        "dvar2": 545.741455078,
        "max": 654.163085938,
        "mean": 11.9252853394,
        "median": 3.5522146225,
        "min": -1.91413724422,
        "var": 866.727844238
    },
    "barkbands_skewness": {
        "dmean": 0.648455381393,
        "dmean2": 0.982227385044,
        "dvar": 0.551819980145,
        "dvar2": 1.33589184284,
        "max": 22.8021335602,
        "mean": 1.65979611874,
        "median": 1.35016727448,
        "min": -10.7089920044,
        "var": 4.41906118393
    },
    "barkbands_spread": {
        "dmean": 2.62446522713,
        "dmean2": 4.03060770035,
        "dvar": 13.2824258804,
        "dvar2": 30.9404640198,
        "max": 69.7417831421,
        "mean": 9.74241542816,
        "median": 8.22314739227,
        "min": 0.161542609334,
        "var": 61.8946800232
    },
    "dissonance": {
        "dmean": 0.0333411283791,
        "dmean2": 0.0558364018798,
        "dvar": 0.00130312447436,
        "dvar2": 0.00354088214226,
        "max": 0.500000119209,
        "mean": 0.420896500349,
        "median": 0.43936175108,
        "min": 0.103031255305,
        "var": 0.00427374755964
    },
    "dynamic_complexity": 8.89376163483,
    "erbbands_crest": {
        "dmean": 2.95283150673,
        "dmean2": 4.60024499893,
        "dvar": 7.9900560379,
        "dvar2": 18.8675575256,
        "max": 34.9778404236,
        "mean": 13.2732906342,
        "median": 11.5836076736,
        "min": 2.60289096832,
        "var": 49.0592803955
    },
    "erbbands_flatness_db": {
        "dmean": 0.0228460971266,
        "dmean2": 0.0338398404419,
        "dvar": 0.000644629937597,
        "dvar2": 0.00143635366112,
        "max": 0.573920249939,
        "mean": 0.243643209338,
        "median": 0.225778490305,
        "min": 0.0455685071647,
        "var": 0.00833550468087
    },
    "erbbands_kurtosis": {
        "dmean": 2.82289195061,
        "dmean2": 4.28721046448,
        "dvar": 51.3132400513,
        "dvar2": 108.581199646,
        "max": 213.274749756,
        "mean": 4.90548658371,
        "median": 0.694765329361,
        "min": -1.83886599541,
        "var": 240.547348022
    },
    "erbbands_skewness": {
        "dmean": 0.481248557568,
        "dmean2": 0.723358929157,
        "dvar": 0.278458029032,
        "dvar2": 0.634175956249,
        "max": 9.00194644928,
        "mean": 0.974753201008,
        "median": 0.768856048584,
        "min": -6.14653015137,
        "var": 1.52368831635
    },
    "erbbands_spread": {
        "dmean": 5.07245254517,
        "dmean2": 7.84916067123,
        "dvar": 46.2399520874,
        "dvar2": 112.984405518,
        "max": 163.210922241,
        "mean": 21.8033008575,
        "median": 19.76512146,
        "min": 0.21081738174,
        "var": 233.779388428
    },
    "hfc": {
        "dmean": 2.14017343521,
        "dmean2": 3.02208423615,
        "dvar": 47.8923072815,
        "dvar2": 98.7499923706,
        "max": 218.874938965,
        "mean": 6.8340382576,
        "median": 1.59142482281,
        "min": 1.10819252783e-16,
        "var": 237.911361694
    },
    "melbands_crest": {
        "dmean": 3.2027964592,
        "dmean2": 5.05992460251,
        "dvar": 8.99625110626,
        "dvar2": 22.3282337189,
        "max": 36.1745529175,
        "mean": 16.6376533508,
        "median": 15.6050767899,
        "min": 1.5332480669,
        "var": 45.5328216553
    },
    "melbands_flatness_db": {
        "dmean": 0.0300446990877,
        "dmean2": 0.0440646111965,
        "dvar": 0.00105803715996,
        "dvar2": 0.00226328126155,
        "max": 0.781054198742,
        "mean": 0.317251414061,
        "median": 0.302458822727,
        "min": 0.00293532130308,
        "var": 0.0152580654249
    },
    "melbands_kurtosis": {
        "dmean": 8.43250751495,
        "dmean2": 13.0208740234,
        "dvar": 376.194732666,
        "dvar2": 910.265014648,
        "max": 1194.47607422,
        "mean": 19.1417007446,
        "median": 6.1996421814,
        "min": -1.93911707401,
        "var": 2545.67260742
    },
    "melbands_skewness": {
        "dmean": 0.724727451801,
        "dmean2": 1.09327220917,
        "dvar": 0.690559387207,
        "dvar2": 1.59451830387,
        "max": 24.2388191223,
        "mean": 2.22469043732,
        "median": 1.82258975506,
        "min": -8.49029350281,
        "var": 5.64532852173
    },
    "melbands_spread": {
        "dmean": 3.44219946861,
        "dmean2": 5.29754066467,
        "dvar": 26.2933158875,
        "dvar2": 61.1821327209,
        "max": 163.124130249,
        "mean": 13.2742471695,
        "median": 9.53745079041,
        "min": 0.279250502586,
        "var": 326.654846191
    },
    "pitch_salience": {
        "dmean": 0.0737200081348,
        "dmean2": 0.11702953279,
        "dvar": 0.0047631310299,
        "dvar2": 0.0116810854524,
        "max": 0.898451507092,
        "mean": 0.491434723139,
        "median": 0.502086162567,
        "min": 0.0356966629624,
        "var": 0.0223753936589
    },
    "silence_rate_20dB": {
        "dmean": 0.00101334229112,
        "dmean2": 0.00202685594559,
        "dvar": 0.00101228093263,
        "dvar2": 0.00202262448147,
        "max": 1,
        "mean": 0.998480141163,
        "median": 1,
        "min": 0,
        "var": 0.00151739979628
    },
    "silence_rate_30dB": {
        "dmean": 0.0131734507158,
        "dmean2": 0.02634912543,
        "dvar": 0.0129981264472,
        "dvar2": 0.0276849921793,
        "max": 1,
        "mean": 0.964704871178,
        "median": 1,
        "min": 0,
        "var": 0.0340516529977
    },
    "silence_rate_60dB": {
        "dmean": 0.0601249784231,
        "dmean2": 0.120260111988,
        "dvar": 0.0565010011196,
        "dvar2": 0.121330015361,
        "max": 1,
        "mean": 0.487798690796,
        "median": 0,
        "min": 0,
        "var": 0.249868765473
    },
    "spectral_centroid": {
        "dmean": 127.664596558,
        "dmean2": 193.752548218,
        "dvar": 41565.0117188,
        "dvar2": 88912.9765625,
        "max": 10696.1611328,
        "mean": 784.67980957,
        "median": 667.777709961,
        "min": 110.061859131,
        "var": 341873.21875
    },
    "spectral_complexity": {
        "dmean": 1.55885827541,
        "dmean2": 2.44320583344,
        "dvar": 6.7433180809,
        "dvar2": 12.7860651016,
        "max": 49,
        "mean": 7.69897842407,
        "median": 5,
        "min": 0,
        "var": 55.0707626343
    },
    "spectral_decrease": {
        "dmean": 1.4600847198e-09,
        "dmean2": 2.13805417815e-09,
        "dvar": 1.6839443471e-17,
        "dvar2": 3.40481933069e-17,
        "max": 3.90528758953e-18,
        "mean": -4.40613678876e-09,
        "median": -8.33964786118e-10,
        "min": -1.23914247752e-07,
        "var": 9.52023408985e-17
    },
    "spectral_energy": {
        "dmean": 0.00567941041663,
        "dmean2": 0.00830525625497,
        "dvar": 0.000254855112871,
        "dvar2": 0.000514868239406,
        "max": 0.487532615662,
        "mean": 0.0172495804727,
        "median": 0.00331015768461,
        "min": 1.03085081628e-20,
        "var": 0.00144906446803
    },
    "spectral_energyband_high": {
        "dmean": 3.56190284947e-05,
        "dmean2": 5.67786410102e-05,
        "dvar": 2.92211286279e-08,
        "dvar2": 7.63012195648e-08,
        "max": 0.00540037546307,
        "mean": 5.99870836595e-05,
        "median": 4.63624382974e-06,
        "min": 7.35414374775e-21,
        "var": 4.27921946766e-08
    },
    "spectral_energyband_low": {
        "dmean": 0.00349411997013,
        "dmean2": 0.00526794372126,
        "dvar": 0.000129306441522,
        "dvar2": 0.000275086815236,
        "max": 0.374470472336,
        "mean": 0.00708133261651,
        "median": 0.000375806208467,
        "min": 8.41690478282e-23,
        "var": 0.000412706052884
    },
    "spectral_energyband_middle_high": {
        "dmean": 0.000676284020301,
        "dmean2": 0.000914875767194,
        "dvar": 6.35571541352e-06,
        "dvar2": 1.17976269394e-05,
        "max": 0.107074536383,
        "mean": 0.00179860962089,
        "median": 0.000372574257199,
        "min": 1.62466814722e-21,
        "var": 2.38697903114e-05
    },
    "spectral_energyband_middle_low": {
        "dmean": 0.00331125454977,
        "dmean2": 0.00510309636593,
        "dvar": 0.000120643024275,
        "dvar2": 0.000291955569992,
        "max": 0.43326112628,
        "mean": 0.00896013900638,
        "median": 0.00181101250928,
        "min": 3.26931045452e-22,
        "var": 0.000498779874761
    },
    "spectral_entropy": {
        "dmean": 0.23312176764,
        "dmean2": 0.348518550396,
        "dvar": 0.0752292573452,
        "dvar2": 0.169352456927,
        "max": 9.81861209869,
        "mean": 6.61422014236,
        "median": 6.76365280151,
        "min": 3.90778470039,
        "var": 0.77553498745
    },
    "spectral_flux": {
        "dmean": 0.0142446849495,
        "dmean2": 0.0223825890571,
        "dvar": 0.000745016208384,
        "dvar2": 0.00147285463754,
        "max": 0.669384717941,
        "mean": 0.0420950874686,
        "median": 0.0231375377625,
        "min": 1.01530825414e-10,
        "var": 0.00280035077594
    },
    "spectral_kurtosis": {
        "dmean": 7.3063249588,
        "dmean2": 12.2795066833,
        "dvar": 114.814567566,
        "dvar2": 291.36605835,
        "max": 322.763793945,
        "mean": 20.5296573639,
        "median": 10.3119831085,
        "min": -1.21699130535,
        "var": 801.442260742
    },
    "spectral_rms": {
        "dmean": 0.00049898319412,
        "dmean2": 0.000714236637577,
        "dvar": 7.74232091771e-07,
        "dvar2": 1.48802087097e-06,
        "max": 0.0218092091382,
        "mean": 0.00284782540984,
        "median": 0.00179705931805,
        "min": 3.17129005348e-12,
        "var": 8.71870452102e-06
    },
    "spectral_rolloff": {
        "dmean": 172.63444519,
        "dmean2": 289.104766846,
        "dvar": 129188.023438,
        "dvar2": 274820,
        "max": 19336.8164062,
        "mean": 1060.88305664,
        "median": 689.0625,
        "min": 43.06640625,
        "var": 5846845.5
    },
    "spectral_skewness": {
        "dmean": 0.542707800865,
        "dmean2": 0.898777723312,
        "dvar": 0.409639388323,
        "dvar2": 1.03594815731,
        "max": 14.6041650772,
        "mean": 2.94978046417,
        "median": 2.37914299965,
        "min": 0.0156408529729,
        "var": 3.31560277939
    },
    "spectral_spread": {
        "dmean": 427456.40625,
        "dmean2": 685548.125,
        "dvar": 359106281472,
        "dvar2": 760274878464,
        "max": 40694820,
        "mean": 2900751.25,
        "median": 2638020.5,
        "min": 357981.46875,
        "var": 2.4135991296e+12
    },
    "spectral_strongpeak": {
        "dmean": 0.256194978952,
        "dmean2": 0.413427859545,
        "dvar": 0.251874089241,
        "dvar2": 0.608066082001,
        "max": 11.0500860214,
        "mean": 0.611705362797,
        "median": 0.339047312737,
        "min": 0,
        "var": 0.784732580185
    },
    "zerocrossingrate": {
        "dmean": 0.0045547215268,
        "dmean2": 0.00566708948463,
        "dvar": 4.2622541514e-05,
        "dvar2": 5.59409381822e-05,
        "max": 0.53076171875,
        "mean": 0.0386947728693,
        "median": 0.02880859375,
        "min": 0.001953125,
        "var": 0.00417825486511
    },
    "barkbands": {
        "dmean": [0.000348831497831, 0.00239171460271, 0.00145954289474, 0.00080467609223, 0.00101820973214, 0.00115575548261, 0.00058089394588, 0.000630821217783, 0.000305704772472, 0.000289780873572, 0.000168967526406, 0.000162911324878, 7.95993328211e-05, 0.000120111159049, 7.3637769674e-05, 5.94001357967e-05, 6.25413958915e-05, 3.32473282469e-05, 2.6026955311e-05, 1.50221057993e-05, 1.10036289698e-05, 8.8219958343e-06, 6.1628493313e-06, 3.22920323015e-06, 2.24248879022e-06, 5.12570295541e-07, 1.5393172248e-07],
        "dmean2": [0.000559093372431, 0.00353446602821, 0.00237456453033, 0.00143360439688, 0.00174409884494, 0.00174151349347, 0.000929786649067, 0.000887609901838, 0.000470453232992, 0.00036044564331, 0.000249581760727, 0.000243979869992, 0.000124168829643, 0.000188535443158, 0.000112421541417, 9.19803133002e-05, 9.85910373856e-05, 5.10952086188e-05, 4.09781096096e-05, 2.36792948272e-05, 1.76935755007e-05, 1.52033762788e-05, 1.02960912045e-05, 5.49097421754e-06, 3.79483822144e-06, 8.33918250009e-07, 2.38890208948e-07],
        "dvar": [1.45169065036e-06, 8.40391949168e-05, 4.14910500695e-05, 2.03658073588e-05, 1.8686754629e-05, 2.05824853765e-05, 5.84823010286e-06, 8.92604111868e-06, 2.13834618989e-06, 2.52857012129e-06, 3.74524631752e-07, 9.01570899714e-07, 1.39389840115e-07, 2.3368352231e-07, 8.23625185831e-08, 4.01089828017e-08, 7.12674790293e-08, 1.31519559687e-08, 7.06775971082e-09, 4.1139665008e-09, 2.05324202085e-09, 2.04314165586e-09, 1.79599146666e-09, 3.43843398198e-10, 1.44048467599e-10, 5.59903902755e-12, 2.73379382283e-13],
        "dvar2": [3.6404499042e-06, 0.000165665638633, 0.000107318512164, 6.1077553255e-05, 5.21997244505e-05, 3.96216564695e-05, 1.77261590579e-05, 1.99297010113e-05, 4.87989245812e-06, 2.68485086963e-06, 7.73799570197e-07, 2.0718914584e-06, 3.01433971117e-07, 5.33313823325e-07, 1.75743366526e-07, 9.17967994951e-08, 1.77337966534e-07, 3.02783433881e-08, 1.68879044082e-08, 9.94288118505e-09, 5.17971354697e-09, 5.82330583754e-09, 4.91401674907e-09, 9.28700616409e-10, 3.58288981817e-10, 1.40598227505e-11, 6.1521209134e-13],
        "max": [0.0282176584005, 0.359555542469, 0.23143273592, 0.179641395807, 0.121015489101, 0.278345137835, 0.0895123779774, 0.136968687177, 0.114492282271, 0.135946527123, 0.0239383988082, 0.0647286325693, 0.0186259411275, 0.0155465109274, 0.0113629968837, 0.00566591415554, 0.0103312516585, 0.00282444292679, 0.00263606244698, 0.00268843048252, 0.00128408358432, 0.0012505663326, 0.00176482205279, 0.000687475199811, 0.00039961602306, 7.89003679529e-05, 1.63798849826e-05],
        "mean": [0.000521052803379, 0.00397174293175, 0.00216438807547, 0.000977898715064, 0.00153657479677, 0.00280405092053, 0.001024144236, 0.00159723556135, 0.000558819214348, 0.000651143316645, 0.000324465625454, 0.000282105465885, 0.000141479016747, 0.000206508571864, 0.000128641404444, 9.80994591373e-05, 9.75891380222e-05, 4.97809269291e-05, 4.19691350544e-05, 2.39267556026e-05, 1.76584053406e-05, 1.19204769362e-05, 8.58054409036e-06, 5.31712885277e-06, 3.36609377882e-06, 8.59884551119e-07, 2.84869884126e-07],
        "median": [1.10667051558e-05, 8.95906487131e-05, 7.90509657236e-05, 5.7371762523e-05, 0.00013362095342, 0.000299628649373, 9.50683024712e-05, 7.72340281401e-05, 7.13999688742e-05, 6.07804577157e-05, 3.99411292165e-05, 2.91198393825e-05, 1.24396583487e-05, 1.26599716168e-05, 1.17959780255e-05, 8.40955908643e-06, 7.66691209719e-06, 5.10000199938e-06, 3.48991216015e-06, 1.99850751414e-06, 1.4951654066e-06, 7.62559295708e-07, 3.3353714457e-07, 1.91191347199e-07, 6.88894203904e-08, 3.07056247095e-08, 2.2688521284e-08],
        "min": [3.81784254993e-23, 3.70460977114e-23, 1.11436558287e-23, 5.13975735808e-24, 8.22220381399e-23, 5.20714556425e-23, 3.73032600556e-23, 6.99362426713e-23, 7.52457120147e-23, 1.65397247445e-23, 9.23561113598e-23, 9.22191146196e-23, 1.66545778436e-22, 2.1541617852e-22, 1.24322875697e-22, 1.48584841885e-22, 1.70317379222e-22, 2.52980422162e-22, 2.26945109282e-22, 2.08933534171e-22, 3.92795049291e-22, 6.51894457235e-22, 7.43065270375e-22, 6.94112323886e-22, 1.1665132835e-21, 1.51520111272e-21, 2.40552159676e-21],
        "var": [2.74197964245e-06, 0.000212967162952, 5.22772388649e-05, 1.46094853335e-05, 2.26455722441e-05, 0.00013178907102, 1.10293431135e-05, 4.1977957153e-05, 5.07985669174e-06, 1.45533358591e-05, 1.09836582851e-06, 1.85208580206e-06, 3.24041280919e-07, 5.44553870441e-07, 1.94218088723e-07, 8.62397584456e-08, 1.03631343507e-07, 2.01006820078e-08, 1.37160158786e-08, 6.60724719381e-09, 2.99928260006e-09, 2.19253371014e-09, 1.83872783666e-09, 6.08834260785e-10, 3.14836656745e-10, 1.11436060032e-11, 6.12754801326e-13]
    },
    "erbbands": {
        "dmean": [0.0835759490728, 0.533001065254, 1.50559365749, 2.41150259972, 2.49635720253, 3.68363165855, 6.56300401688, 10.2136230469, 9.75144195557, 10.467297554, 11.4356498718, 8.1071023941, 10.6287746429, 4.66928768158, 6.48794364929, 7.22750663757, 4.14707899094, 6.4961438179, 3.53013944626, 3.70804238319, 3.13079810143, 2.8741338253, 1.93602371216, 1.57270073891, 1.06735646725, 0.714931488037, 0.563971877098, 0.355094850063, 0.338853895664, 0.23393677175, 0.168192267418, 0.0849422886968, 0.048701595515, 0.0322290919721, 0.0114140845835, 0.00332124088891, 0.000806502357591, 0.0001593275083, 2.96208963846e-05, 7.45114039091e-06],
        "dmean2": [0.123233035207, 0.834223568439, 2.39482092857, 4.16171121597, 4.38033866882, 6.34643602371, 10.925948143, 14.5794668198, 15.2371339798, 14.4017553329, 17.4494609833, 12.3893899918, 12.9727878571, 6.87121152878, 9.49821376801, 10.6934041977, 6.2810792923, 10.3300333023, 5.30474758148, 5.67636489868, 4.7829003334, 4.42433691025, 2.94478726387, 2.53231596947, 1.66139614582, 1.12074029446, 0.90452080965, 0.568838238716, 0.588322937489, 0.387519985437, 0.283033072948, 0.146412059665, 0.0819080993533, 0.0549406930804, 0.0187480356544, 0.00543210562319, 0.00130785559304, 0.000254470331129, 4.62357929791e-05, 1.09429993245e-05],
        "dvar": [0.131975829601, 4.50962638855, 34.7663993835, 165.446289062, 158.340927124, 277.7762146, 597.605957031, 2322.67651367, 2142.61987305, 1332.23388672, 5246.74560547, 1624.1920166, 3626.78930664, 269.386535645, 647.582397461, 1547.57104492, 469.185516357, 711.72479248, 268.856903076, 135.461044312, 134.074462891, 147.033691406, 43.1633338928, 28.7639369965, 13.2085704803, 12.4984455109, 5.81972646713, 2.22616958618, 2.96945500374, 1.87677812576, 1.55623841286, 0.275372296572, 0.0617835596204, 0.024365933612, 0.00508247828111, 0.00030092211091, 1.17207810035e-05, 2.72412847835e-07, 9.88328086038e-09, 3.66890601233e-10],
        "dvar2": [0.27059212327, 9.93240356445, 83.7361679077, 478.059112549, 448.914916992, 781.822387695, 1644.08666992, 3767.66870117, 6734.40087891, 2474.34985352, 13057.9921875, 3656.26391602, 3806.08154297, 507.93927002, 1387.79345703, 3563.84423828, 989.600036621, 1828.56970215, 549.853515625, 297.150482178, 315.094787598, 344.2371521, 96.8193588257, 71.8077163696, 31.9739208221, 29.6181087494, 15.0319023132, 5.61573553085, 8.50168991089, 5.13397979736, 4.31626701355, 0.761716425419, 0.158915266395, 0.0611821189523, 0.0127303097397, 0.000743612239603, 2.85537662421e-05, 6.47570743695e-07, 2.23190905757e-08, 7.52596762688e-10],
        "max": [13.0154924393, 73.5729370117, 170.416885376, 414.115264893, 604.381103516, 486.346160889, 1069.50402832, 3203.61767578, 2025.8873291, 2066.40649414, 3736.46020508, 3133.93896484, 5239.00732422, 785.934020996, 1242.75476074, 2417.01586914, 1506.92016602, 848.825561523, 667.191833496, 478.896911621, 307.967895508, 453.146270752, 126.205688477, 178.526641846, 124.817398071, 180.875793457, 79.5846252441, 35.9273986816, 44.922832489, 48.6439743042, 53.688709259, 19.4218673706, 9.20984172821, 5.06887483597, 2.59695577621, 0.627105712891, 0.111500695348, 0.0115410303697, 0.00334688159637, 0.000574536970817],
        "mean": [0.120010942221, 0.855311512947, 2.32694458961, 3.41646528244, 3.36112499237, 5.19575405121, 11.988284111, 26.32746315, 18.9926815033, 23.9512786865, 28.5825748444, 16.4060115814, 24.3394470215, 9.94468021393, 12.89158535, 12.4745330811, 8.17412567139, 11.3006258011, 6.3301115036, 7.29563951492, 5.2827501297, 4.69444847107, 3.15921068192, 2.48774862289, 1.74979865551, 1.12855732441, 0.875310122967, 0.575459420681, 0.454158961773, 0.330577999353, 0.231545999646, 0.131176650524, 0.0786818787456, 0.0471800267696, 0.0181266833097, 0.00544840376824, 0.00131786498241, 0.000275880447589, 5.69022522541e-05, 2.24866362259e-05],
        "median": [0.00229923264123, 0.0208580456674, 0.0940462425351, 0.227402731776, 0.291959553957, 0.414375990629, 1.13069963455, 2.34776186943, 2.08117675781, 1.40055811405, 2.13142991066, 2.33053922653, 2.80681180954, 1.5105830431, 1.71364653111, 1.46332597733, 0.904054224491, 0.902838408947, 0.632048010826, 0.79076898098, 0.548200547695, 0.404825478792, 0.329830765724, 0.227522805333, 0.141043812037, 0.097906678915, 0.0764137730002, 0.0460300557315, 0.0298440027982, 0.0168680921197, 0.00955953542143, 0.00512238545343, 0.00258129206486, 0.00102184922434, 0.000408308434999, 0.000166710902704, 5.68341565668e-05, 1.46368101923e-05, 7.67981873651e-06, 4.95579206472e-06],
        "min": [2.33285430502e-21, 3.7860129338e-21, 1.55033599294e-20, 1.25662516005e-20, 1.39329824165e-19, 2.40154675158e-19, 3.07851705176e-19, 5.6092962984e-19, 4.35046906077e-19, 8.52406984598e-19, 1.88569324355e-18, 1.85865229573e-18, 6.46637690515e-19, 1.15296321527e-18, 4.76761841503e-18, 4.14491850426e-18, 5.18368612724e-18, 1.40906362687e-17, 7.4749301019e-18, 5.04851819771e-18, 9.36201362926e-18, 1.07801453063e-17, 1.19329497029e-17, 1.29647888611e-17, 1.18228461731e-17, 7.93775088951e-18, 1.44109884307e-17, 1.67278237191e-17, 2.21055928878e-17, 2.11642150286e-17, 2.31941344498e-17, 1.37091322984e-17, 1.25920918827e-17, 1.16547804434e-17, 9.22218536416e-18, 5.88359094048e-18, 2.92560051462e-18, 1.18315386006e-18, 3.33532354474e-19, 3.39337243056e-20],
        "var": [0.294404864311, 9.00829219818, 51.820728302, 151.820129395, 141.061126709, 289.788269043, 1885.50537109, 17159.671875, 5210.79980469, 6761.28662109, 19736.9589844, 4285.06445312, 21482.59375, 918.576599121, 1825.04382324, 2986.56933594, 1217.31921387, 1435.40600586, 544.355773926, 435.334320068, 242.603927612, 244.495742798, 73.1697616577, 47.6709938049, 26.3444061279, 18.1715126038, 7.46469783783, 3.6171309948, 3.13076782227, 2.1000752449, 1.48299479485, 0.398194909096, 0.128101363778, 0.0550525002182, 0.010082504712, 0.000649168679956, 2.22429880523e-05, 5.52959136257e-07, 2.19383196054e-08, 2.04664574177e-09]
    },
    "gfcc": {
        "mean": [-196.283462524, 140.218765259, -118.680130005, 5.21356678009, -49.4953193665, -2.2358019352, -22.9962425232, 0.43064904213, -11.326379776, -2.77431321144, -6.14138221741, -1.75139772892, -4.36521291733],
        "cov": [[34526.9804688, 1967.23339844, -2265.62524414, 1737.46850586, -725.366394043, -231.126724243, -1255.05615234, -186.49357605, -310.987426758, 93.4693145752, -317.672576904, -297.643493652, -104.370101929], [1967.23339844, 2939.41333008, 429.640350342, -171.970397949, 352.316680908, -297.783111572, 129.93397522, -405.00881958, 70.0187759399, -291.096466064, 98.8163299561, -193.565505981, 110.861045837], [-2265.62524414, 429.640350342, 1996.66040039, 577.347961426, 625.929260254, 328.212615967, -54.9883270264, -158.555938721, -150.479141235, -102.410675049, -130.114059448, -89.5441436768, -101.191955566], [1737.46850586, -171.970397949, 577.347961426, 929.215087891, 279.246520996, 259.297210693, -103.480712891, 13.935508728, -82.7639312744, -24.5463657379, -97.936958313, -63.4201316833, -60.2759513855], [-725.366394043, 352.316680908, 625.929260254, 279.246520996, 574.442260742, 174.464935303, 85.8906784058, -53.1524543762, -39.4704818726, -46.0781822205, -30.0259437561, -34.3956069946, -16.3492507935], [-231.126724243, -297.783111572, 328.212615967, 259.297210693, 174.464935303, 490.146942139, 134.259307861, 132.702728271, -14.0270004272, 22.2341690063, -28.2801895142, 6.99121522903, -2.73965883255], [-1255.05615234, 129.93397522, -54.9883270264, -103.480712891, 85.8906784058, 134.259307861, 377.129760742, 139.991012573, 105.954452515, -11.0335044861, 78.6522445679, 26.1440048218, 54.1690979004], [-186.49357605, -405.00881958, -158.555938721, 13.935508728, -53.1524543762, 132.702728271, 139.991012573, 279.145172119, 92.8297653198, 79.2199554443, 11.9176645279, 27.9140739441, 9.43259525299], [-310.987426758, 70.0187759399, -150.479141235, -82.7639312744, -39.4704818726, -14.0270004272, 105.954452515, 92.8297653198, 211.565063477, 54.3499298096, 64.7987213135, 3.02962994576, 1.84100234509], [93.4693145752, -291.096466064, -102.410675049, -24.5463657379, -46.0781822205, 22.2341690063, -11.0335044861, 79.2199554443, 54.3499298096, 166.101913452, 64.938873291, 44.4416732788, 1.07602870464], [-317.672576904, 98.8163299561, -130.114059448, -97.936958313, -30.0259437561, -28.2801895142, 78.6522445679, 11.9176645279, 64.7987213135, 64.938873291, 178.453262329, 71.8222961426, 52.8646430969], [-297.643493652, -193.565505981, -89.5441436768, -63.4201316833, -34.3956069946, 6.99121522903, 26.1440048218, 27.9140739441, 3.02962994576, 44.4416732788, 71.8222961426, 147.511932373, 49.3984603882], [-104.370101929, 110.861045837, -101.191955566, -60.2759513855, -16.3492507935, -2.73965883255, 54.1690979004, 9.43259525299, 1.84100234509, 1.07602870464, 52.8646430969, 49.3984603882, 129.932403564]],
        "icov": [[8.47336486913e-05, -0.000234414372244, 0.000219182576984, -0.000267394440016, 0.00012520821474, -0.000141878219438, 0.000267906783847, -0.000165719553479, 0.000216932196054, -0.000328879163135, 0.000243066941039, -0.000189668659004, 0.000200693611987], [-0.000234414372244, 0.00149356562179, -0.000739797309507, 0.000869153009262, -0.00073836982483, 0.000743503624108, -0.000925194646697, 0.00131839781534, -0.00128029554617, 0.00197459058836, -0.00152923108544, 0.00178992329165, -0.00147934840061], [0.000219182576984, -0.000739797309507, 0.00152591580991, -0.000894260534551, -0.000368028326193, -0.00083787512267, 0.000861885026097, -0.00012556425645, 0.000768771918956, -0.00089509296231, 0.000860048050527, -0.000686388986651, 0.00107418512926], [-0.000267394440016, 0.000869153009262, -0.000894260534551, 0.00259727356024, -0.00104700413067, -0.000227716009249, 0.000210414378671, -3.10364448524e-05, -0.000690187385771, 0.00161579495762, -0.00110724265687, 0.00120455806609, -0.000681016943417], [0.00012520821474, -0.00073836982483, -0.000368028326193, -0.00104700413067, 0.00358258187771, -0.000568424060475, -0.000952421978582, 0.000462225085357, 0.000700270524248, -0.0014080775436, 0.00107413320802, -0.000765731558204, 0.000616390490904], [-0.000141878219438, 0.000743503624108, -0.00083787512267, -0.000227716009249, -0.000568424060475, 0.00400648824871, -0.00193541834597, -0.000672114023473, 0.000268495816272, 0.000146898571984, -7.21197429812e-05, 0.00048291074927, -0.000797164801043], [0.000267906783847, -0.000925194646697, 0.000861885026097, 0.000210414378671, -0.000952421978582, -0.00193541834597, 0.00704057188705, -0.00369058968499, -0.00077869463712, 0.00210632779635, -0.00186997035053, -0.000397889933083, -0.000148827573867], [-0.000165719553479, 0.00131839781534, -0.00012556425645, -3.10364448524e-05, 0.000462225085357, -0.000672114023473, -0.00369058968499, 0.0089698266238, -0.00287214829586, -0.00188025424723, 0.00173223181628, 0.00062858738238, -0.0013262538705], [0.000216932196054, -0.00128029554617, 0.000768771918956, -0.000690187385771, 0.000700270524248, 0.000268495816272, -0.00077869463712, -0.00287214829586, 0.00853599049151, -0.00305677996948, -0.000743015552871, 8.07916367194e-05, 0.00234805280343], [-0.000328879163135, 0.00197459058836, -0.00089509296231, 0.00161579495762, -0.0014080775436, 0.000146898571984, 0.00210632779635, -0.00188025424723, -0.00305677996948, 0.0131729943678, -0.00640663178638, 0.00118060247041, -0.00072019250365], [0.000243066941039, -0.00152923108544, 0.000860048050527, -0.00110724265687, 0.00107413320802, -7.21197429812e-05, -0.00186997035053, 0.00173223181628, -0.000743015552871, -0.00640663178638, 0.0126791140065, -0.00521689793095, -0.00066802976653], [-0.000189668659004, 0.00178992329165, -0.000686388986651, 0.00120455806609, -0.000765731558204, 0.00048291074927, -0.000397889933083, 0.00062858738238, 8.07916367194e-05, 0.00118060247041, -0.00521689793095, 0.0121636185795, -0.00413403660059], [0.000200693611987, -0.00147934840061, 0.00107418512926, -0.000681016943417, 0.000616390490904, -0.000797164801043, -0.000148827573867, -0.0013262538705, 0.00234805280343, -0.00072019250365, -0.00066802976653, -0.00413403660059, 0.0116756577045]]
    },
    "melbands": {
        "dmean": [0.000676771509461, 0.000723657780327, 0.000396085408283, 0.000212310857023, 0.000215804349864, 0.000231437050388, 0.00013779377332, 0.000119778611406, 8.7427564722e-05, 5.08742996317e-05, 5.24286188011e-05, 1.8459475541e-05, 2.1630901756e-05, 1.70139737747e-05, 1.69291870407e-05, 8.25075767352e-06, 1.35474692797e-05, 5.78106801186e-06, 5.03535602547e-06, 5.33577667738e-06, 3.8053683511e-06, 3.41828695127e-06, 2.41795805778e-06, 1.5320734974e-06, 1.36230971748e-06, 8.46005491439e-07, 6.33551223927e-07, 4.83022120079e-07, 3.72741055799e-07, 3.09048971303e-07, 1.9380669869e-07, 2.08192176387e-07, 1.57118662969e-07, 1.27632532099e-07, 1.08991699221e-07, 6.87013113065e-08, 4.81050541623e-08, 3.48704212172e-08, 3.43540023096e-08, 2.62005173113e-08],
        "dmean2": [0.000974597583991, 0.00112222949974, 0.000678644340951, 0.000369854213204, 0.000357071898179, 0.000337620353093, 0.000214830302866, 0.000162133568665, 0.000136062109959, 7.70398546592e-05, 6.38344645267e-05, 2.75135153061e-05, 3.19851133099e-05, 2.51131750701e-05, 2.4656243113e-05, 1.32489531097e-05, 2.15055351873e-05, 8.88873546501e-06, 7.66911307437e-06, 8.25368442747e-06, 5.92753940509e-06, 5.35867911822e-06, 3.82034158974e-06, 2.38545408138e-06, 2.21388586397e-06, 1.32409354592e-06, 1.00341026155e-06, 7.63628747791e-07, 6.02558827723e-07, 5.04703109527e-07, 3.13558984999e-07, 3.63494990552e-07, 2.67378794661e-07, 2.12371389807e-07, 1.84017849847e-07, 1.19207257399e-07, 8.26168289336e-08, 5.96981593048e-08, 5.88539030844e-08, 4.49171615458e-08],
        "dvar": [7.26157941244e-06, 6.67908443575e-06, 4.44277839051e-06, 9.06639172626e-07, 6.38062260805e-07, 1.02940407487e-06, 3.68726347233e-07, 1.84559496574e-07, 3.25962673742e-07, 7.13738614877e-08, 8.96159377817e-08, 4.29304325422e-09, 6.53750520385e-09, 5.9179519063e-09, 1.50804222443e-08, 1.38999101118e-09, 2.83531020884e-09, 8.48267012188e-10, 3.44470008073e-10, 2.70276245828e-10, 2.58939258924e-10, 2.44863684884e-10, 9.87146475673e-11, 2.6742783335e-11, 2.27136261188e-11, 7.20542115556e-12, 5.08305723901e-12, 7.72464644333e-12, 2.63357369766e-12, 1.74398538146e-12, 7.42383043061e-13, 1.16771284482e-12, 6.26598003085e-13, 6.39024803125e-13, 7.12729788382e-13, 1.5867634897e-13, 9.70337837316e-14, 3.14327794208e-14, 2.85237159142e-14, 1.58570869651e-14],
        "dvar2": [1.40608472066e-05, 1.503821386e-05, 1.27728808366e-05, 2.53863663602e-06, 1.74425952082e-06, 1.87337502666e-06, 1.13677515401e-06, 3.33019386289e-07, 8.31945101254e-07, 1.58559785746e-07, 9.36291328912e-08, 8.25490076295e-09, 1.3814767108e-08, 1.4640671786e-08, 2.94875217577e-08, 3.68434838194e-09, 6.9705561323e-09, 1.85439597011e-09, 7.22503779027e-10, 6.32036423198e-10, 6.43158859504e-10, 6.05256345043e-10, 2.47518477936e-10, 6.30025476234e-11, 5.74816201582e-11, 1.73723934543e-11, 1.25397765088e-11, 1.85616383375e-11, 6.73518229036e-12, 4.7275417088e-12, 1.90403465564e-12, 3.37491232877e-12, 1.762590616e-12, 1.73963003291e-12, 1.9846522429e-12, 4.427268014e-13, 2.65320832795e-13, 8.32219764022e-14, 7.34334603758e-14, 3.95456406608e-14],
        "max": [0.108662419021, 0.0852143764496, 0.0787750482559, 0.0282684713602, 0.0295449290425, 0.0656271502376, 0.0264746583998, 0.0251749623567, 0.0292558316141, 0.0217899829149, 0.0260584373027, 0.00290020275861, 0.00328198145144, 0.00320442183875, 0.0117012877017, 0.00116207171232, 0.00182122620754, 0.00115994783118, 0.00062384858029, 0.000485536904307, 0.00046873226529, 0.000619680795353, 0.000210624886677, 0.000148750492372, 0.00017991779896, 7.88025208749e-05, 6.98488001944e-05, 0.00015905930195, 6.02100080869e-05, 5.16870204592e-05, 2.15420077438e-05, 2.80756412394e-05, 2.25505227718e-05, 2.94201072393e-05, 3.61999445886e-05, 1.43866309372e-05, 1.1855446246e-05, 5.71531154492e-06, 6.63405717205e-06, 3.63745721188e-06],
        "mean": [0.00108506390825, 0.0012408697512, 0.00058658933267, 0.000286718073767, 0.000393204070861, 0.000580880558118, 0.000267178169452, 0.000280456151813, 0.000207551362109, 9.82007550192e-05, 0.000118700314488, 3.71634923795e-05, 4.15452414018e-05, 3.00114970742e-05, 3.03650485876e-05, 1.40769152495e-05, 2.27631517191e-05, 9.76734645519e-06, 8.90758747119e-06, 9.84981943475e-06, 5.63061485082e-06, 5.26708572579e-06, 3.6035166886e-06, 2.38155735133e-06, 2.01363081942e-06, 1.3066368183e-06, 1.01831733446e-06, 6.95156870734e-07, 5.43172745893e-07, 4.7981939133e-07, 2.87613374894e-07, 2.66084327905e-07, 2.06033078598e-07, 1.75041535044e-07, 1.4485603117e-07, 9.30322769932e-08, 7.5269021238e-08, 5.55602568397e-08, 4.79259369968e-08, 3.72364290513e-08],
        "median": [2.58994641626e-05, 4.49392246082e-05, 4.75825836475e-05, 2.30624827964e-05, 3.74748124159e-05, 5.63149005757e-05, 2.91119922622e-05, 1.39936619235e-05, 1.570313907e-05, 1.26214517877e-05, 1.23217250803e-05, 4.42645205112e-06, 4.96023903906e-06, 4.24712470704e-06, 2.34895924223e-06, 1.32518778173e-06, 1.37231859298e-06, 8.50863386859e-07, 8.19751790004e-07, 9.2767481874e-07, 4.95519770993e-07, 4.18709902306e-07, 3.09752181238e-07, 2.37670562342e-07, 1.63767495565e-07, 1.07765139035e-07, 7.24940392161e-08, 5.60076109934e-08, 4.53340689432e-08, 3.76191380269e-08, 2.02178771502e-08, 1.66169726867e-08, 1.17659180177e-08, 7.70412089679e-09, 5.30546895305e-09, 3.848504182e-09, 2.55134935401e-09, 1.87820292652e-09, 1.17823606427e-09, 7.08004155303e-10],
        "min": [1.79679132372e-23, 6.9201158414e-24, 5.14450432858e-24, 1.45114371395e-23, 1.26637268953e-23, 1.19107244514e-23, 7.00618845477e-24, 1.04093683209e-23, 1.64026207192e-23, 1.03972316959e-23, 2.65655378493e-24, 3.44226634627e-24, 1.54655612489e-23, 1.0691775003e-23, 1.12999110302e-23, 1.47939566286e-23, 2.80634143143e-23, 1.18665198417e-23, 7.68006499444e-24, 7.96704549202e-24, 1.1012735684e-23, 1.08692024423e-23, 7.53414308192e-24, 1.55431220531e-23, 9.29973842783e-24, 1.00440870676e-23, 7.68830543546e-24, 4.1826288719e-24, 8.10862078095e-24, 1.07471609271e-23, 9.5815755523e-24, 1.28864822823e-23, 1.28946383152e-23, 1.1388556119e-23, 1.50331155892e-23, 8.93998314517e-24, 8.16085441693e-24, 8.60553530921e-24, 9.11484757544e-24, 1.00736251753e-23],
        "var": [1.8592854758e-05, 1.32838576974e-05, 4.03638523494e-06, 8.57833811096e-07, 1.77190099748e-06, 7.07980507286e-06, 9.32337172799e-07, 1.00310239759e-06, 1.1112398397e-06, 1.82214961342e-07, 5.28924090304e-07, 1.36016700125e-08, 1.83428401357e-08, 9.32471966308e-09, 4.01145534568e-08, 2.59400079194e-09, 6.19460571727e-09, 1.50741497063e-09, 8.42775571552e-10, 7.83168863094e-10, 3.61321528253e-10, 3.56979057425e-10, 1.28869678817e-10, 4.42789416244e-11, 3.57583199162e-11, 1.39055164952e-11, 9.85315821989e-12, 9.79802176893e-12, 3.2165776119e-12, 2.39576414263e-12, 1.09765560356e-12, 1.16672405244e-12, 6.77067939475e-13, 6.88303797639e-13, 6.54512034848e-13, 1.71750160209e-13, 1.5499079342e-13, 6.27461881823e-14, 5.34010159768e-14, 3.60142688241e-14]
    },
    "mfcc": {
        "mean": [-818.708190918, 157.381210327, 0.141819566488, 12.5027618408, -2.94435596466, -2.06193304062, -2.65495157242, 2.19882202148, 0.201052099466, 0.268317073584, -0.767809808254, 1.95920944214, 1.89469861984],
        "cov": [[19868.5878906, 2782.68408203, -2144.51757812, 1148.67590332, 34.4316520691, 172.142242432, -712.737182617, -394.704101562, -294.004364014, -37.5648117065, -128.291641235, -36.3584442139, -282.321350098], [2782.68408203, 2252.04125977, -63.6231956482, 274.928833008, 155.238479614, 50.1275558472, -41.085018158, -91.7349700928, -87.5991592407, -64.5181274414, -68.9760894775, -57.3763809204, -107.132369995], [-2144.51757812, -63.6231956482, 1250.74035645, 323.749084473, 342.783752441, 319.572479248, 257.730133057, 86.5364761353, 13.731338501, -5.30274581909, 0.358569562435, -72.2513275146, -72.6023025513], [1148.67590332, 274.928833008, 323.749084473, 681.82019043, 365.929321289, 299.128448486, 102.993606567, 11.1946697235, -20.1222438812, -6.53317832947, -18.5614204407, -61.0834159851, -113.491256714], [34.4316520691, 155.238479614, 342.783752441, 365.929321289, 433.074554443, 290.201202393, 138.905319214, 34.4399185181, 11.3579063416, -2.95458674431, -11.4487905502, -49.5492515564, -76.0908355713], [172.142242432, 50.1275558472, 319.572479248, 299.128448486, 290.201202393, 377.971588135, 183.740631104, 77.7167663574, 34.1415290833, 11.3467674255, -16.1024074554, -41.4915351868, -45.8142585754], [-712.737182617, -41.085018158, 257.730133057, 102.993606567, 138.905319214, 183.740631104, 265.762512207, 140.791229248, 79.8681259155, 35.8331451416, -3.69635057449, -7.14873552322, 13.3946676254], [-394.704101562, -91.7349700928, 86.5364761353, 11.1946697235, 34.4399185181, 77.7167663574, 140.791229248, 210.492950439, 127.878036499, 54.6471138, 31.9275035858, 19.1389274597, 33.1396484375], [-294.004364014, -87.5991592407, 13.731338501, -20.1222438812, 11.3579063416, 34.1415290833, 79.8681259155, 127.878036499, 175.019088745, 96.486289978, 40.9917564392, 27.8353843689, 18.7412776947], [-37.5648117065, -64.5181274414, -5.30274581909, -6.53317832947, -2.95458674431, 11.3467674255, 35.8331451416, 54.6471138, 96.486289978, 142.378341675, 79.4567947388, 34.4340896606, 18.084148407], [-128.291641235, -68.9760894775, 0.358569562435, -18.5614204407, -11.4487905502, -16.1024074554, -3.69635057449, 31.9275035858, 40.9917564392, 79.4567947388, 133.865539551, 74.1227111816, 39.3869743347], [-36.3584442139, -57.3763809204, -72.2513275146, -61.0834159851, -49.5492515564, -41.4915351868, -7.14873552322, 19.1389274597, 27.8353843689, 34.4340896606, 74.1227111816, 133.739654541, 101.806442261], [-282.321350098, -107.132369995, -72.6023025513, -113.491256714, -76.0908355713, -45.8142585754, 13.3946676254, 33.1396484375, 18.7412776947, 18.084148407, 39.3869743347, 101.806442261, 188.281585693]],
