{
"lowlevel": {
    "average_loudness": 0.936970889568,
    "barkbands_crest": {
        "dmean": 3.49007844925,
        "dmean2": 5.54128503799,
        "dvar": 10.6897354126,
        "dvar2": 25.4311084747,
        "max": 26.5637874603,
        "mean": 16.5361347198,
        "median": 16.5964698792,
        "min": 2.97337722778,
        "var": 28.5386447906
    },
    "barkbands_flatness_db": {
        "dmean": 0.0443330816925,
        "dmean2": 0.0664413124323,
        "dvar": 0.00185766012874,
        "dvar2": 0.00410938309506,
        "max": 0.781608760357,
        "mean": 0.220799535513,
        "median": 0.202892869711,
        "min": 0.0313148535788,
        "var": 0.0105177853256
    },
    "barkbands_kurtosis": {
        "dmean": 29.3408870697,
        "dmean2": 45.8644218445,
        "dvar": 2809.20239258,
        "dvar2": 6853.55859375,
        "max": 1218.15209961,
        "mean": 42.8065109253,
        "median": 22.8843345642,
        "min": -1.93859910965,
        "var": 4661.55419922
    },
    "barkbands_skewness": {
        "dmean": 1.80892455578,
        "dmean2": 2.74309039116,
        "dvar": 3.73434090614,
        "dvar2": 8.51996707916,
        "max": 29.0337581635,
        "mean": 4.87054252625,
        "median": 4.41916942596,
        "min": -2.94977211952,
        "var": 10.1934270859
    },
    "barkbands_spread": {
        "dmean": 11.8293104172,
        "dmean2": 18.5548706055,
        "dvar": 258.355865479,
        "dvar2": 558.047729492,
        "max": 118.393066406,
        "mean": 19.7928314209,
        "median": 10.7000923157,
        "min": 0.0575451925397,
        "var": 516.093444824
    },
    "dissonance": {
        "dmean": 0.0195822026581,
        "dmean2": 0.0325214751065,
        "dvar": 0.000516108586453,
        "dvar2": 0.0012913455721,
        "max": 0.500000119209,
        "mean": 0.466290384531,
        "median": 0.475007772446,
        "min": 0.079874239862,
        "var": 0.00106450554449
    },
    "dynamic_complexity": 2.04042744637,
    "erbbands_crest": {
        "dmean": 2.83945202827,
        "dmean2": 4.49490594864,
        "dvar": 7.47317218781,
        "dvar2": 17.4133033752,
        "max": 30.2909507751,
        "mean": 9.10941886902,
        "median": 8.06265068054,
        "min": 2.16409254074,
        "var": 19.5432815552
    },
    "erbbands_flatness_db": {
        "dmean": 0.0224326755852,
        "dmean2": 0.0330321900547,
        "dvar": 0.000673141272273,
        "dvar2": 0.00145086995326,
        "max": 0.49953559041,
        "mean": 0.108456023037,
        "median": 0.0920586884022,
        "min": 0.0292659793049,
        "var": 0.00447005266324
    },
    "erbbands_kurtosis": {
        "dmean": 2.44361281395,
        "dmean2": 3.82122612,
        "dvar": 25.6078968048,
        "dvar2": 59.7574005127,
        "max": 146.333831787,
        "mean": 1.55781590939,
        "median": -0.38416492939,
        "min": -1.94714438915,
        "var": 39.1422691345
    },
    "erbbands_skewness": {
        "dmean": 0.730126678944,
        "dmean2": 1.06452918053,
        "dvar": 0.68004745245,
        "dvar2": 1.43867921829,
        "max": 8.68578147888,
        "mean": 0.542614877224,
        "median": 0.436697900295,
        "min": -4.85013198853,
        "var": 1.87503385544
    },
    "erbbands_spread": {
        "dmean": 24.5323486328,
        "dmean2": 37.3737373352,
        "dvar": 588.356811523,
        "dvar2": 1395.00244141,
        "max": 195.448394775,
        "mean": 84.5386352539,
        "median": 86.072555542,
        "min": 1.11494922638,
        "var": 1543.77844238
    },
    "hfc": {
        "dmean": 24.1517486572,
        "dmean2": 37.2822227478,
        "dvar": 1314.84960938,
        "dvar2": 3258.87109375,
        "max": 327.629638672,
        "mean": 37.9752922058,
        "median": 24.4605712891,
        "min": 1.38123878654e-11,
        "var": 1652.77355957
    },
    "melbands_crest": {
        "dmean": 4.25785160065,
        "dmean2": 6.78063678741,
        "dvar": 14.5681905746,
        "dvar2": 35.5161094666,
        "max": 36.787311554,
        "mean": 22.5986614227,
        "median": 22.3156013489,
        "min": 1.89463865757,
        "var": 42.185749054
    },
    "melbands_flatness_db": {
        "dmean": 0.051551066339,
        "dmean2": 0.0769328996539,
        "dvar": 0.00253377831541,
        "dvar2": 0.00555280782282,
        "max": 0.969712615013,
        "mean": 0.330993741751,
        "median": 0.316350281239,
        "min": 0.00496206525713,
        "var": 0.0148486252874
    },
    "melbands_kurtosis": {
        "dmean": 78.0026931763,
        "dmean2": 121.365867615,
        "dvar": 13285.6074219,
        "dvar2": 29822.1816406,
        "max": 2458.65356445,
        "mean": 141.260116577,
        "median": 97.5316772461,
        "min": -1.87643301487,
        "var": 24934.7929688
    },
    "melbands_skewness": {
        "dmean": 2.55779457092,
        "dmean2": 3.92142558098,
        "dvar": 6.90312957764,
        "dvar2": 16.1507492065,
        "max": 37.247428894,
        "mean": 8.38401126862,
        "median": 7.86321640015,
        "min": -0.486015975475,
        "var": 18.7011241913
    },
    "melbands_spread": {
        "dmean": 6.11538267136,
        "dmean2": 9.74960231781,
        "dvar": 166.692199707,
        "dvar2": 387.681518555,
        "max": 279.132141113,
        "mean": 10.1588087082,
        "median": 4.00091838837,
        "min": 0.0966474339366,
        "var": 422.271850586
    },
    "pitch_salience": {
        "dmean": 0.10529217869,
        "dmean2": 0.163946911693,
        "dvar": 0.0109255770221,
        "dvar2": 0.0252120047808,
        "max": 0.962125480175,
        "mean": 0.41213747859,
        "median": 0.423879444599,
        "min": 0.0162781160325,
        "var": 0.0276790522039
    },
    "silence_rate_20dB": {
        "dmean": 0,
        "dmean2": 0,
        "dvar": 0,
        "dvar2": 0,
        "max": 1,
        "mean": 1,
        "median": 1,
        "min": 1,
        "var": 0
    },
    "silence_rate_30dB": {
        "dmean": 0.168396964669,
        "dmean2": 0.336821466684,
        "dvar": 0.140030950308,
        "dvar2": 0.288287132978,
        "max": 1,
        "mean": 0.592692494392,
        "median": 1,
        "min": 0,
        "var": 0.241433724761
    },
    "silence_rate_60dB": {
        "dmean": 0.00376032036729,
        "dmean2": 0.00743950298056,
        "dvar": 0.00374665018171,
        "dvar2": 0.00885491725057,
        "max": 1,
        "mean": 0.0170017983764,
        "median": 0,
        "min": 0,
        "var": 0.0167130306363
    },
    "spectral_centroid": {
        "dmean": 394.014312744,
        "dmean2": 586.826782227,
        "dvar": 261154.046875,
        "dvar2": 541184.4375,
        "max": 5635.43359375,
        "mean": 1053.39929199,
        "median": 780.224365234,
        "min": 68.5204696655,
        "var": 764072.4375
    },
    "spectral_complexity": {
        "dmean": 3.73514270782,
        "dmean2": 5.97768163681,
        "dvar": 24.0734977722,
        "dvar2": 59.2046699524,
        "max": 50,
        "mean": 10.7897663116,
        "median": 9,
        "min": 0,
        "var": 47.470161438
    },
    "spectral_decrease": {
        "dmean": 8.06431454947e-09,
        "dmean2": 1.28829107382e-08,
        "dvar": 7.30199509083e-17,
        "dvar2": 1.82720094497e-16,
        "max": 6.98499795272e-19,
        "mean": -2.32818386792e-08,
        "median": -2.16738502701e-08,
        "min": -7.63773613244e-08,
        "var": 2.01041748018e-16
    },
    "spectral_energy": {
        "dmean": 0.0307268612087,
        "dmean2": 0.049068339169,
        "dvar": 0.00105722644366,
        "dvar2": 0.00265510566533,
        "max": 0.290026158094,
        "mean": 0.0913154706359,
        "median": 0.086196526885,
        "min": 1.19919240079e-15,
        "var": 0.00291572231799
    },
    "spectral_energyband_high": {
        "dmean": 0.00251060514711,
        "dmean2": 0.00387554848567,
        "dvar": 1.79538110388e-05,
        "dvar2": 4.37456001237e-05,
        "max": 0.040364921093,
        "mean": 0.00320758670568,
        "median": 0.00137537089176,
        "min": 9.09190554264e-16,
        "var": 2.19822231884e-05
    },
    "spectral_energyband_low": {
        "dmean": 0.0299094412476,
        "dmean2": 0.0471213571727,
        "dvar": 0.00105654099025,
        "dvar2": 0.00260639283806,
        "max": 0.284429758787,
        "mean": 0.0755157917738,
        "median": 0.0669155567884,
        "min": 2.51289860032e-17,
        "var": 0.00282935705036
    },
    "spectral_energyband_middle_high": {
        "dmean": 0.000672470720019,
        "dmean2": 0.0011228666408,
        "dvar": 2.2373237698e-06,
        "dvar2": 6.07957508691e-06,
        "max": 0.0262085050344,
        "mean": 0.00114139041398,
        "median": 0.000608617905527,
        "min": 1.26428309761e-16,
        "var": 2.65308017333e-06
    },
    "spectral_energyband_middle_low": {
        "dmean": 0.0103623364121,
        "dmean2": 0.0176116023213,
        "dvar": 0.000420379656134,
        "dvar2": 0.00116334680934,
        "max": 0.201330244541,
        "mean": 0.0171429309994,
        "median": 0.0101880207658,
        "min": 3.71206729742e-17,
        "var": 0.000417759001721
    },
    "spectral_entropy": {
        "dmean": 0.348734438419,
        "dmean2": 0.514302611351,
        "dvar": 0.155434027314,
        "dvar2": 0.33231768012,
        "max": 9.13320636749,
        "mean": 7.65546178818,
        "median": 7.85408973694,
        "min": 3.93405222893,
        "var": 0.692881703377
    },
    "spectral_flux": {
        "dmean": 0.0533795207739,
        "dmean2": 0.0829049944878,
        "dvar": 0.00307862460613,
        "dvar2": 0.00611233757809,
        "max": 0.537017166615,
        "mean": 0.136096090078,
        "median": 0.114492475986,
        "min": 6.28111865808e-06,
        "var": 0.00768149504438
    },
    "spectral_kurtosis": {
        "dmean": 4.95872449875,
        "dmean2": 8.0382566452,
        "dvar": 965.868286133,
        "dvar2": 2580.04638672,
        "max": 1141.83117676,
        "mean": 10.6994361877,
        "median": 1.50537538528,
        "min": -1.22440838814,
        "var": 3762.63891602
    },
    "spectral_rms": {
        "dmean": 0.00158615177497,
        "dmean2": 0.00248782127164,
        "dvar": 2.51960886999e-06,
        "dvar2": 6.04675460636e-06,
        "max": 0.0168211869895,
        "mean": 0.00890769064426,
        "median": 0.00917028822005,
        "min": 1.08163944468e-09,
        "var": 9.74141858023e-06
    },
    "spectral_rolloff": {
        "dmean": 750.199768066,
        "dmean2": 1362.94677734,
        "dvar": 3607690.25,
        "dvar2": 8717318,
        "max": 19530.6152344,
        "mean": 990.565856934,
        "median": 150.732421875,
        "min": 64.599609375,
        "var": 6755744.5
    },
    "spectral_skewness": {
        "dmean": 0.396273732185,
        "dmean2": 0.59649091959,
        "dvar": 0.638851106167,
        "dvar2": 1.42232978344,
        "max": 27.6636886597,
        "mean": 1.62588024139,
        "median": 1.20252013206,
        "min": -0.177789673209,
        "var": 5.5698800087
    },
    "spectral_spread": {
        "dmean": 1397058.75,
        "dmean2": 2117557.5,
        "dvar": 2.25723888435e+12,
        "dvar2": 5.19124759347e+12,
        "max": 19303086,
        "mean": 8537282,
        "median": 8688832,
        "min": 90058.15625,
        "var": 6.979715072e+12
    },
    "spectral_strongpeak": {
        "dmean": 0.258336007595,
        "dmean2": 0.425214022398,
        "dvar": 0.111670985818,
        "dvar2": 0.309309750795,
        "max": 9.09266757965,
        "mean": 0.675888001919,
        "median": 0.615300893784,
        "min": 0,
        "var": 0.174707129598
    },
    "zerocrossingrate": {
        "dmean": 0.0185021199286,
        "dmean2": 0.0220558065921,
        "dvar": 0.000378788565286,
        "dvar2": 0.000505581498146,
        "max": 0.513671875,
        "mean": 0.0541811771691,
        "median": 0.03955078125,
        "min": 0.001953125,
        "var": 0.00337782525457
    },
    "barkbands": {
        "dmean": [0.00179789867252, 0.0288685206324, 0.00878821033984, 0.00549024902284, 0.00425359699875, 0.00106469448656, 0.00065645435825, 0.000380638957722, 0.000311436451739, 0.000233814746025, 9.09353984753e-05, 4.57469759567e-05, 5.53439094801e-05, 5.21142901562e-05, 8.77165293787e-05, 0.000116566057841, 7.59923132136e-05, 7.91847269284e-05, 8.37589032017e-05, 0.000159855830134, 0.000208473516977, 0.000306179164909, 0.000752111140173, 0.000460797833512, 0.000435222871602, 0.000347358378349, 8.80902953213e-05],
        "dmean2": [0.0025804003235, 0.0455562137067, 0.0150855462998, 0.00925012677908, 0.00721520185471, 0.0018238814082, 0.00117156165652, 0.00068868190283, 0.000531536003109, 0.000398517469876, 0.000150623789523, 7.67048259149e-05, 9.2955189757e-05, 8.789585263e-05, 0.000150933032273, 0.000208449389902, 0.00012340687681, 0.000134016401717, 0.000132871282403, 0.000271439261269, 0.000326975161443, 0.000472509709653, 0.00119609280955, 0.000704812642653, 0.000716542534065, 0.000560268817935, 0.000133690002258],
        "dvar": [4.18456420448e-06, 0.00109250051901, 0.000341523264069, 0.000131894994411, 8.98072685231e-05, 4.52509311799e-06, 2.85527562482e-06, 1.08072856619e-06, 6.31930674899e-07, 4.58769619627e-07, 6.86484895596e-08, 1.45817091735e-08, 4.44632455299e-08, 3.63385517232e-08, 6.4945311351e-08, 9.57447667815e-08, 5.25545615915e-08, 2.32048265048e-08, 2.49481804104e-08, 1.0192469091e-07, 1.32814790277e-07, 2.95636937153e-07, 2.6709130907e-06, 6.18593105628e-07, 5.85665759445e-07, 4.2234267994e-07, 2.45849172131e-08],
        "dvar2": [9.5196737675e-06, 0.00282776588574, 0.00100548041519, 0.000357984710718, 0.000253796286415, 1.24550269902e-05, 7.99949157226e-06, 3.06433366859e-06, 1.64349796705e-06, 1.18915158964e-06, 1.66454398709e-07, 3.76166724436e-08, 1.0631798375e-07, 9.55393417712e-08, 1.76574602051e-07, 2.70895185395e-07, 1.39064155746e-07, 6.26581027063e-08, 6.42713970933e-08, 2.75403834848e-07, 3.32106139922e-07, 6.68605764531e-07, 6.65233255859e-06, 1.33823118631e-06, 1.54333963565e-06, 1.05991216515e-06, 5.76700678323e-08],
        "max": [0.0275687985122, 0.270264536142, 0.167969435453, 0.121747583151, 0.113301210105, 0.0294882692397, 0.0225639417768, 0.0153052918613, 0.0139917414635, 0.0155415944755, 0.0101553853601, 0.00484813610092, 0.00796435121447, 0.00437699956819, 0.00672695506364, 0.00538544589654, 0.00682076765224, 0.00382197508588, 0.00341898109764, 0.00326646631584, 0.00482302112505, 0.00480866199359, 0.0149969449267, 0.00746743101627, 0.0079229241237, 0.00748166488484, 0.00228208419867],
        "mean": [0.0031405990012, 0.0550349988043, 0.0117002483457, 0.00824648141861, 0.00605132849887, 0.00133717316203, 0.000650543137453, 0.000344712956576, 0.000385702878702, 0.000267176685156, 0.000111549139547, 5.71992750338e-05, 6.72858077451e-05, 5.79449915676e-05, 0.000112580222776, 0.000127855309984, 0.000104318416561, 0.000113543486805, 0.00012994511053, 0.000191370942048, 0.000277977698715, 0.000394522270653, 0.000827562704217, 0.000646428321488, 0.000484984600917, 0.000349399342667, 0.000102009260445],
        "median": [0.00206779665314, 0.0418487787247, 0.00479114800692, 0.00278323609382, 0.00290034106001, 0.000612208736129, 0.000197211120394, 9.72046836978e-05, 0.000107200452476, 7.25240388419e-05, 3.77718642994e-05, 2.71145436272e-05, 2.36358500842e-05, 2.36450759985e-05, 3.5091630707e-05, 3.74993833248e-05, 3.82942525903e-05, 4.54396358691e-05, 5.54949801881e-05, 7.46405712562e-05, 0.000122519471915, 0.000128821382532, 0.000183740077773, 0.000255762715824, 0.000181534531293, 0.000128943953314, 4.74084663438e-05],
        "min": [8.6482560223e-18, 1.17959098636e-17, 6.36926672842e-18, 4.99279103984e-18, 7.51223429316e-18, 3.05081208471e-18, 5.04325091836e-19, 2.64908809791e-18, 1.39919916719e-17, 1.1247051539e-17, 1.34168023272e-18, 2.54201990737e-18, 8.23808362632e-18, 8.33418298834e-18, 1.170090238e-17, 2.60798168824e-17, 1.29901626264e-17, 1.29570315613e-17, 3.01038255694e-17, 5.29258859079e-18, 5.21273571774e-17, 6.25512192502e-17, 6.88870918702e-17, 9.88633893501e-17, 1.42141842958e-16, 2.11582318658e-16, 2.97311952618e-16],
        "var": [1.0867214769e-05, 0.00230695912614, 0.000323970307363, 0.000199576912564, 8.34882666823e-05, 4.74993157695e-06, 2.34210051531e-06, 7.82301299296e-07, 8.66252264586e-07, 4.97217286011e-07, 1.09399486803e-07, 1.70878315942e-08, 7.38246583865e-08, 2.89805921483e-08, 6.97248054848e-08, 9.05222208303e-08, 6.18726900825e-08, 3.29975691216e-08, 3.56313876182e-08, 1.0435115172e-07, 1.72082252448e-07, 4.08732915957e-07, 2.86562612928e-06, 9.40166842156e-07, 5.76008574171e-07, 3.93804384657e-07, 2.8084460979e-08]
    },
    "erbbands": {
        "dmean": [1.19413328171, 5.61603164673, 8.85937976837, 15.3887653351, 16.5888309479, 12.7590837479, 11.0789241791, 7.58598136902, 8.64267730713, 9.73018169403, 7.71944284439, 6.78167533875, 8.29167175293, 5.20798969269, 2.86298322678, 1.959597826, 2.626547575, 2.63961648941, 3.28834939003, 5.4631114006, 5.58213949203, 3.9538295269, 3.89867925644, 4.80988121033, 4.33731460571, 7.24313163757, 7.4286737442, 9.06754684448, 10.3558006287, 21.8838768005, 19.2327098846, 11.5581121445, 7.06444358826, 5.37933444977, 2.74115967751, 1.62015271187, 0.630273520947, 0.118981942534, 0.0153550589457, 0.000826021365356],
        "dmean2": [1.83475065231, 9.18364334106, 14.440404892, 25.4302616119, 28.3950042725, 21.7550354004, 18.536359787, 13.3212528229, 15.2040805817, 17.7335987091, 13.8725605011, 11.5864467621, 14.1998748779, 8.69736862183, 4.81170940399, 3.27218222618, 4.36101484299, 4.51662731171, 5.51020383835, 9.52068328857, 9.87219238281, 6.38751602173, 6.48742723465, 7.7586183548, 7.09954166412, 12.2994499207, 11.7821035385, 14.3633832932, 16.2251987457, 34.9764251709, 30.4998054504, 17.9532089233, 10.9865541458, 8.62954616547, 4.5436372757, 2.65221095085, 1.01386225224, 0.182683378458, 0.023435851559, 0.00129723304417],
        "dvar": [1.73551702499, 55.8258552551, 313.644287109, 873.046813965, 1575.23913574, 733.652526855, 463.186187744, 286.407012939, 448.547363281, 824.065124512, 410.987579346, 275.451477051, 785.535095215, 191.262115479, 67.3156509399, 29.507686615, 107.69178009, 111.511634827, 135.481430054, 212.579238892, 217.456085205, 148.438491821, 56.0364265442, 87.2320327759, 78.7973327637, 204.601669312, 153.615066528, 298.557006836, 355.227416992, 2407.57836914, 1427.11425781, 517.005187988, 138.881362915, 104.581375122, 19.2893753052, 8.41956138611, 1.45801305771, 0.0533169172704, 0.000753741594963, 1.99850092031e-06],
        "dvar2": [4.36672496796, 141.716003418, 848.887817383, 2330.78808594, 4427.5, 2078.93798828, 1238.75439453, 808.959228516, 1238.40710449, 2332.03491211, 1162.99621582, 703.716064453, 2073.38085938, 476.364990234, 174.37097168, 76.525428772, 250.628265381, 298.822174072, 362.294036865, 594.082214355, 605.963195801, 398.974578857, 145.158554077, 232.638427734, 210.025466919, 555.556640625, 382.392944336, 762.431518555, 827.747192383, 6049.05224609, 3310.87573242, 1219.64306641, 320.384918213, 272.15057373, 49.7415657043, 21.2863426208, 3.70432901382, 0.127539590001, 0.00178586121183, 4.75305523651e-06],
        "max": [11.1846704483, 64.7945556641, 173.087493896, 300.781585693, 478.402191162, 324.892852783, 276.631866455, 267.423156738, 303.233276367, 536.539428711, 338.373565674, 411.102233887, 586.855285645, 406.810668945, 195.846603394, 238.427536011, 428.4012146, 238.978530884, 333.269378662, 251.397323608, 334.884002686, 439.443817139, 184.33454895, 232.072555542, 107.104347229, 141.433166504, 282.968170166, 205.445724487, 168.535125732, 548.322143555, 345.543914795, 211.501602173, 137.15864563, 132.974945068, 39.1019058228, 27.2009868622, 14.9384336472, 3.3415055275, 0.405699908733, 0.0177053883672],
        "mean": [2.18147468567, 9.9236907959, 13.1762580872, 25.7316818237, 22.3755550385, 17.8532295227, 14.9702196121, 8.91023635864, 9.24726963043, 8.92802429199, 8.05555343628, 8.71590805054, 9.40078163147, 6.6655125618, 3.57099366188, 2.51624155045, 3.26949858665, 3.04243397713, 4.14834022522, 7.01786899567, 7.07958602905, 5.80233860016, 5.83078432083, 7.48158073425, 5.89061689377, 8.82108879089, 10.6470184326, 11.2344150543, 13.1642684937, 24.1422157288, 22.2614250183, 14.5907449722, 9.94009113312, 6.42459487915, 2.91747426987, 1.62292718887, 0.624750256538, 0.130330219865, 0.0176668930799, 0.00100785726681],
        "median": [1.54755532742, 7.07049560547, 7.16900444031, 9.34751319885, 9.49377346039, 9.39052677155, 6.44270133972, 4.32846641541, 3.29883003235, 2.44193315506, 2.51646447182, 2.56805801392, 2.34675788879, 2.1885008812, 1.57649087906, 1.2326426506, 1.1539362669, 1.29554414749, 1.76390337944, 1.98080348969, 2.23078608513, 2.22506999969, 2.39934158325, 3.28002691269, 2.52070260048, 3.68208479881, 4.98541307449, 4.37502861023, 4.40410327911, 5.08915901184, 5.34907722473, 4.86311006546, 4.51017856598, 2.47800374031, 1.04340815544, 0.556320726871, 0.23024854064, 0.0584813915193, 0.00861086323857, 0.000469218473881],
        "min": [4.4982754043e-16, 2.31046701682e-15, 6.78532471299e-15, 1.33844749723e-14, 2.03657704985e-14, 2.56141526582e-14, 2.74859904395e-14, 2.33822614997e-14, 1.13855034748e-14, 1.37650536518e-14, 1.02357717842e-13, 3.04445162656e-13, 4.09554145155e-13, 2.14382981853e-13, 4.18274491648e-14, 1.33381085582e-13, 3.5387158156e-13, 4.51448015255e-13, 4.37532985103e-13, 1.16062443944e-12, 1.06861893466e-12, 8.42160976372e-13, 7.914455224e-13, 1.56872681078e-12, 9.07642830252e-13, 3.40825891815e-13, 8.26783520119e-13, 3.0586631318e-12, 2.14852051081e-12, 3.12435776036e-12, 1.23243776295e-12, 1.92163385898e-12, 1.45933709995e-12, 1.23060632864e-12, 1.26922691107e-12, 5.18695763424e-13, 4.77636539261e-13, 1.797269473e-13, 3.06840598936e-14, 5.19726414479e-15],
        "var": [4.15291833878, 92.5521087646, 324.531402588, 1554.66906738, 1390.77453613, 655.995239258, 622.744689941, 237.053924561, 390.785888672, 657.483276367, 338.388916016, 443.56552124, 824.116333008, 282.029418945, 76.3335418701, 32.0189170837, 188.435012817, 86.1968154907, 117.700241089, 236.20753479, 260.210449219, 174.771255493, 88.7277145386, 126.709480286, 82.1705551147, 204.855834961, 234.713378906, 339.22164917, 477.159667969, 2514.80029297, 1772.84997559, 659.104797363, 195.438690186, 107.238502502, 19.623714447, 7.89972734451, 1.32471084595, 0.0547479018569, 0.00084149785107, 2.29146712627e-06]
    },
    "gfcc": {
        "mean": [2.78757810593, 55.5855064392, -25.9482898712, 53.9065628052, -45.0684967041, 21.5709514618, -27.538608551, 12.0457458496, -15.220492363, 1.88599312305, -14.9236097336, 2.80782723427, -6.92071008682],
        "cov": [[19854.8203125, -2294.93505859, -1036.46533203, 605.636535645, -549.899597168, 553.403869629, -647.449707031, 307.36227417, -370.719970703, 118.513931274, -553.790771484, 179.590087891, -226.688247681], [-2294.93505859, 2418.53149414, 482.016601562, -325.542999268, 171.036178589, -307.990112305, 210.548294067, -163.836654663, 112.488975525, -160.450531006, 154.597137451, -171.99961853, 115.879882812], [-1036.46533203, 482.016601562, 912.283630371, -70.1896820068, -2.27906847, -61.5828132629, 38.3991203308, -111.6717453, -6.2974653244, -24.5732555389, 3.2908346653, 3.43668699265, -55.7823600769], [605.636535645, -325.542999268, -70.1896820068, 418.431091309, -49.1081542969, 44.3061332703, -29.5568637848, 19.0374126434, 16.393901825, 19.9669151306, 16.6314811707, 19.5833282471, -6.37340450287], [-549.899597168, 171.036178589, -2.27906847, -49.1081542969, 342.555419922, -9.89196395874, 71.1216812134, 7.57681179047, 43.7290992737, 2.25414705276, 0.678954958916, 11.2948732376, 23.9270858765], [553.403869629, -307.990112305, -61.5828132629, 44.3061332703, -9.89196395874, 181.749359131, 13.8416147232, 35.2283744812, -11.0324277878, 28.6263046265, -13.7717657089, 23.0395889282, -7.91597270966], [-647.449707031, 210.548294067, 38.3991203308, -29.5568637848, 71.1216812134, 13.8416147232, 145.290969849, 18.4321708679, 50.9096183777, 6.640583992, 34.543384552, -10.8551635742, 25.9557266235], [307.36227417, -163.836654663, -111.6717453, 19.0374126434, 7.57681179047, 35.2283744812, 18.4321708679, 135.784088135, 44.3905258179, 32.6085319519, -0.0252149831504, 14.2801160812, 18.7288455963], [-370.719970703, 112.488975525, -6.2974653244, 16.393901825, 43.7290992737, -11.0324277878, 50.9096183777, 44.3905258179, 121.575439453, 35.1702537537, 28.6994552612, 4.39185285568, 21.7993125916], [118.513931274, -160.450531006, -24.5732555389, 19.9669151306, 2.25414705276, 28.6263046265, 6.640583992, 32.6085319519, 35.1702537537, 102.506240845, 39.1134567261, 25.1811637878, -1.74724662304], [-553.790771484, 154.597137451, 3.2908346653, 16.6314811707, 0.678954958916, -13.7717657089, 34.543384552, -0.0252149831504, 28.6994552612, 39.1134567261, 114.67098999, 20.4324760437, 34.4022674561], [179.590087891, -171.99961853, 3.43668699265, 19.5833282471, 11.2948732376, 23.0395889282, -10.8551635742, 14.2801160812, 4.39185285568, 25.1811637878, 20.4324760437, 88.4558639526, 18.71717453], [-226.688247681, 115.879882812, -55.7823600769, -6.37340450287, 23.9270858765, -7.91597270966, 25.9557266235, 18.7288455963, 21.7993125916, -1.74724662304, 34.4022674561, 18.71717453, 91.2145462036]],
        "icov": [[0.000105230152258, -0.000186955963727, 0.000139464114909, -0.000191658356925, 0.000128056650283, -0.000274066522252, 0.000298155267956, -0.00027817953378, 0.000377821619622, -0.00049543636851, 0.000763879390433, -0.000500246940646, 0.000200590162422], [-0.000186955963727, 0.00181735737715, -0.000810236146208, 0.00107050163206, -0.000574358913582, 0.0015077390708, -0.00109065300785, 0.00137009855825, -0.00199322821572, 0.00307717197575, -0.00363143812865, 0.003452219069, -0.00168703612871], [0.000139464114909, -0.000810236146208, 0.00176340027247, -0.000372863956727, 0.00045896883239, -0.000372541428078, -0.00013075384777, 0.000377516698791, 0.000727531092707, -0.00131827767473, 0.00191017962061, -0.00236637773924, 0.00180127040949], [-0.000191658356925, 0.00107050163206, -0.000372863956727, 0.00335544999689, -0.000116636212624, 0.000279955944279, -6.12138974248e-05, 0.000934809911996, -0.00216905004345, 0.00228421809152, -0.00318687828258, 0.0018384763971, -0.000562656030525], [0.000128056650283, -0.000574358913582, 0.00045896883239, -0.000116636212624, 0.00372164160945, -0.000199492453248, -0.00126162241213, -6.14600430708e-05, -3.07666705339e-05, -0.00123651314061, 0.00249420548789, -0.00220042350702, 0.000192999330466], [-0.000274066522252, 0.0015077390708, -0.000372541428078, 0.000279955944279, -0.000199492453248, 0.00857845507562, -0.00353651260957, 0.000120968201372, 0.000300392537611, 0.000519823050126, -0.00151823251508, 0.00112398155034, -0.000746385427192], [0.000298155267956, -0.00109065300785, -0.00013075384777, -6.12138974248e-05, -0.00126162241213, -0.00353651260957, 0.0119324373081, -0.00196315092035, -0.0019154563779, -0.000551531324163, -0.00039176933933, 0.000594509590883, -0.000453043845482], [-0.00027817953378, 0.00137009855825, 0.000377516698791, 0.000934809911996, -6.14600430708e-05, 0.000120968201372, -0.00196315092035, 0.0118302255869, -0.00512261968106, 0.000390344910556, -0.00108784728218, 0.00180013256613, -0.00270692445338], [0.000377821619622, -0.00199322821572, 0.000727531092707, -0.00216905004345, -3.07666705339e-05, 0.000300392537611, -0.0019154563779, -0.00512261968106, 0.0153580615297, -0.00742844073102, 0.00455622421578, -0.00349672976881, 0.000581965956371], [-0.00049543636851, 0.00307717197575, -0.00131827767473, 0.00228421809152, -0.00123651314061, 0.000519823050126, -0.000551531324163, 0.000390344910556, -0.00742844073102, 0.0206936728209, -0.0127119403332, 0.00365566485561, 0.000875114230439], [0.000763879390433, -0.00363143812865, 0.00191017962061, -0.00318687828258, 0.00249420548789, -0.00151823251508, -0.00039176933933, -0.00108784728218, 0.00455622421578, -0.0127119403332, 0.0228091198951, -0.00944265909493, -0.000991261098534], [-0.000500246940646, 0.003452219069, -0.00236637773924, 0.0018384763971, -0.00220042350702, 0.00112398155034, 0.000594509590883, 0.00180013256613, -0.00349672976881, 0.00365566485561, -0.00944265909493, 0.0212205406278, -0.00669906148687], [0.000200590162422, -0.00168703612871, 0.00180127040949, -0.000562656030525, 0.000192999330466, -0.000746385427192, -0.000453043845482, -0.00270692445338, 0.000581965956371, 0.000875114230439, -0.000991261098534, -0.00669906148687, 0.0168626625091]]
    },
    "melbands": {
        "dmean": [0.00903232581913, 0.00461716437712, 0.00259333872236, 0.00106580008287, 0.000400062970584, 0.000176134810317, 0.000132736589876, 0.0001011174827, 6.1403028667e-05, 4.22331031587e-05, 4.13823108829e-05, 2.18370551011e-05, 1.11863282655e-05, 5.36816605745e-06, 5.37888672625e-06, 5.67747383684e-06, 5.03493538417e-06, 5.0546896091e-06, 7.04780404703e-06, 8.18153603177e-06, 6.57208511257e-06, 4.52639460491e-06, 3.44633667737e-06, 4.03835974794e-06, 4.23155142926e-06, 3.05120897792e-06, 4.18929948864e-06, 5.17553326063e-06, 4.89114654556e-06, 5.12044653078e-06, 5.37094456377e-06, 5.27777638126e-06, 7.2105185609e-06, 1.51846679728e-05, 1.22799383462e-05, 8.2208071035e-06, 6.72563010085e-06, 4.89855074193e-06, 5.28715509063e-06, 4.35911988461e-06],
        "dmean2": [0.0141096748412, 0.00733530241996, 0.00429029017687, 0.00181624642573, 0.000675136456266, 0.000307096226607, 0.000234155580983, 0.000184486983926, 0.00010957649647, 7.20104580978e-05, 7.09516389179e-05, 3.64941661246e-05, 1.86325523828e-05, 8.97182326298e-06, 9.20360616874e-06, 9.57915199251e-06, 8.61787157191e-06, 8.38587129692e-06, 1.22817682495e-05, 1.46556585605e-05, 1.15161819849e-05, 7.36628453524e-06, 5.6861927078e-06, 6.84850601829e-06, 6.84972474119e-06, 4.94826963404e-06, 7.23229823052e-06, 8.82492349774e-06, 7.93236722529e-06, 8.00108318799e-06, 8.68060578796e-06, 8.3998647824e-06, 1.1171215192e-05, 2.48669675784e-05, 1.93946489162e-05, 1.3034163203e-05, 1.05287263068e-05, 7.61632963986e-06, 8.43536963657e-06, 7.03421983417e-06],
        "dvar": [9.9638957181e-05, 5.43164496776e-05, 2.43796257564e-05, 6.12476196693e-06, 5.90537240441e-07, 1.42853366469e-07, 1.06827627633e-07, 8.74097949577e-08, 2.48320670693e-08, 1.10820312926e-08, 1.94230374007e-08, 3.50770767987e-09, 1.05195263611e-09, 1.6680234971e-10, 3.59083318635e-10, 5.20617715605e-10, 4.24450308234e-10, 3.30967447892e-10, 3.75313252698e-10, 5.11206021958e-10, 3.561448636e-10, 2.07345335346e-10, 5.45166550792e-11, 7.62900645435e-11, 7.13034631339e-11, 3.51788979891e-11, 9.97613727738e-11, 1.01123165397e-10, 7.25874499397e-11, 8.16079148702e-11, 1.17806764344e-10, 9.792356509e-11, 1.58360435876e-10, 1.39982392344e-09, 5.58390056415e-10, 3.15808518225e-10, 1.68261626854e-10, 6.58768664619e-11, 9.44989572704e-11, 7.1491292053e-11],
        "dvar2": [0.000259398977505, 0.000124030804727, 6.54316681903e-05, 1.73566677404e-05, 1.61419006872e-06, 4.02404907618e-07, 2.9676681379e-07, 2.47769804673e-07, 6.99860649434e-08, 2.84507901682e-08, 5.12332682945e-08, 8.79041106572e-09, 2.64299049313e-09, 4.45549597217e-10, 9.35662547441e-10, 1.29150135031e-09, 1.14037379539e-09, 8.77281469691e-10, 1.0387767313e-09, 1.48504886166e-09, 9.71137392725e-10, 5.23215359927e-10, 1.44218331721e-10, 2.10273978785e-10, 1.89741042322e-10, 9.18923132032e-11, 2.77758982481e-10, 2.73291472785e-10, 1.8027650206e-10, 1.95436430928e-10, 3.09217013106e-10, 2.37824426819e-10, 3.40409284094e-10, 3.64012353593e-09, 1.23988397327e-09, 7.97312771361e-10, 3.92192334164e-10, 1.53494855715e-10, 2.41054232131e-10, 1.86219373255e-10],
        "max": [0.0865428000689, 0.0725961104035, 0.0444113872945, 0.0286610797048, 0.00848505925387, 0.00585602456704, 0.00438745040447, 0.00542664155364, 0.00287184282206, 0.00226165074855, 0.0028729562182, 0.00181920267642, 0.00073861744022, 0.000403131212806, 0.000647019303869, 0.00103408156428, 0.000465501274448, 0.000601730425842, 0.000426940358011, 0.000375628907932, 0.000532235775609, 0.000481128896354, 0.000239929300733, 0.000263647583779, 0.000230165402172, 9.97117895167e-05, 0.000107812731585, 0.000115334281872, 0.000221756621613, 0.000125959893921, 0.000117899115139, 8.64491521497e-05, 0.0001120584202, 0.000409577740356, 0.000225818788749, 0.000173259351868, 0.000127528168377, 0.000113014226372, 0.000108809086669, 0.000112653884571],
        "mean": [0.0171166695654, 0.00905978586525, 0.00422457652166, 0.0014859882649, 0.000547754170839, 0.000210579150007, 0.000140535164974, 9.11322931643e-05, 6.7342974944e-05, 5.32659141754e-05, 4.55993213109e-05, 2.67875348072e-05, 1.36846520036e-05, 6.87161991664e-06, 6.30966178505e-06, 6.82927156959e-06, 5.46669025425e-06, 5.89146975472e-06, 8.95653465705e-06, 9.11183815333e-06, 8.26964605949e-06, 6.15038197793e-06, 5.02210923514e-06, 5.5325822359e-06, 6.25633174423e-06, 4.32445904153e-06, 4.391110906e-06, 6.26789551461e-06, 6.76054196447e-06, 6.8314575401e-06, 6.13810470895e-06, 6.47391834718e-06, 9.2038699222e-06, 1.56533824338e-05, 1.38589120979e-05, 9.65237541095e-06, 8.46406237542e-06, 6.86970588504e-06, 6.64467870592e-06, 5.00214628119e-06],
        "median": [0.0128019973636, 0.00672780256718, 0.00191376393195, 0.000688231200911, 0.000263423484284, 0.00010093896708, 4.88234982186e-05, 2.47400785156e-05, 2.01114053198e-05, 1.53377695824e-05, 1.042749318e-05, 8.30174303701e-06, 5.14031762577e-06, 3.36758330377e-06, 2.69515203399e-06, 2.35232573687e-06, 2.19573576032e-06, 2.43611248152e-06, 2.58267391473e-06, 2.54984661296e-06, 2.43070803663e-06, 2.20133051698e-06, 1.95076472664e-06, 2.21570212489e-06, 2.63494530373e-06, 1.84434600214e-06, 1.57646741172e-06, 2.48051082963e-06, 2.93846255772e-06, 2.85965279545e-06, 2.16787361751e-06, 2.18678633246e-06, 2.75880120171e-06, 2.7692774438e-06, 2.96440384773e-06, 3.03691058434e-06, 2.76405216937e-06, 3.20150093103e-06, 2.67790824182e-06, 1.84064742825e-06],
        "min": [4.06008947808e-18, 3.44257288783e-18, 2.53379256221e-18, 1.68105785899e-18, 1.01503353646e-18, 5.29401950985e-19, 1.51572484971e-19, 1.98328985418e-19, 1.0014896947e-18, 2.05091161076e-18, 2.05617806293e-18, 9.37932755346e-19, 1.3953802811e-19, 2.14353722781e-19, 5.48004208985e-19, 8.92228544961e-19, 8.2249561666e-19, 6.30820653035e-19, 1.0225322389e-18, 2.08882398657e-18, 9.3765823478e-19, 7.24520364102e-19, 1.00505990962e-18, 4.9259866928e-19, 1.43728566452e-18, 8.51741983084e-19, 3.39402958678e-19, 1.85670562956e-19, 2.39539718072e-19, 1.13658617651e-18, 2.06361131471e-18, 1.17724458516e-18, 1.20032954169e-18, 2.15682236883e-18, 7.38793934259e-19, 7.89871458204e-19, 1.21722222416e-18, 1.29514460242e-18, 6.31097396649e-19, 1.05517898973e-18],
        "var": [0.000226786156418, 8.3302751591e-05, 3.51962771674e-05, 5.42873021914e-06, 6.90557214966e-07, 1.23979191358e-07, 9.16315840982e-08, 6.76532252442e-08, 2.3185528164e-08, 1.62191771125e-08, 2.02400816107e-08, 4.92403451346e-09, 1.41022948874e-09, 1.97461894058e-10, 3.72536890225e-10, 8.61946680697e-10, 3.20187737435e-10, 2.77320583164e-10, 4.17344131476e-10, 4.50797926765e-10, 4.58454135766e-10, 2.55029358742e-10, 8.15916362251e-11, 9.13810624392e-11, 9.94245172303e-11, 4.40796565915e-11, 7.53031734191e-11, 1.09255333947e-10, 1.15763454378e-10, 1.12300398147e-10, 1.18781068315e-10, 1.23402718599e-10, 2.29015931219e-10, 1.30705823942e-09, 7.14920456168e-10, 3.41171479956e-10, 2.19010906632e-10, 9.29155710705e-11, 1.0624098129e-10, 7.08024194829e-11]
    },
    "mfcc": {
        "mean": [-661.165710449, 91.8181838989, 72.586517334, 42.2573814392, 22.347990036, 15.3749246597, 6.85930776596, 11.7486810684, 8.12375831604, 6.86117982864, 0.0487591587007, 1.01303601265, -0.0886883512139],
        "cov": [[10500.65625, -1872.59924316, -662.604553223, -220.793792725, 73.3659057617, 99.3440093994, -73.9256286621, 94.6858825684, 48.0938072205, 95.1768035889, -152.7215271, -125.623184204, -46.9251365662], [-1872.59924316, 1807.32019043, 290.893096924, 70.0995483398, 41.3083877563, -61.7979507446, 50.0719108582, -27.7605018616, 34.4138641357, -23.6356143951, -4.80797100067, 15.6450328827, -30.2773208618], [-662.604553223, 290.893096924, 777.148681641, 110.465339661, -39.6942138672, 41.4046554565, -21.5137634277, -13.3885316849, -65.0240097046, -39.6005706787, 13.8698921204, -1.53818631172, 17.0215587616], [-220.793792725, 70.0995483398, 110.465339661, 294.598999023, 63.1473999023, 19.74792099, -10.7106637955, 9.97481822968, 4.24963951111, -5.24805259705, 22.0483646393, 30.0292034149, 1.98092234135], [73.3659057617, 41.3083877563, -39.6942138672, 63.1473999023, 159.28326416, 36.9938278198, 14.2732877731, 24.1792354584, 25.8298435211, 0.664427697659, 0.968382000923, 6.00893068314, 5.91759204865], [99.3440093994, -61.7979507446, 41.4046554565, 19.74792099, 36.9938278198, 152.627578735, 30.2985038757, 20.4810752869, -3.4896607399, 0.842521727085, 21.3643035889, -5.83432865143, 13.9132184982], [-73.9256286621, 50.0719108582, -21.5137634277, -10.7106637955, 14.2732877731, 30.2985038757, 110.880218506, 14.1406879425, 12.8304300308, 7.0656504631, -0.902664363384, 9.69418048859, 6.64676237106], [94.6858825684, -27.7605018616, -13.3885316849, 9.97481822968, 24.1792354584, 20.4810752869, 14.1406879425, 93.3902130127, 40.5162849426, 10.0005674362, 3.09885430336, 0.800613999367, 6.25733089447], [48.0938072205, 34.4138641357, -65.0240097046, 4.24963951111, 25.8298435211, -3.4896607399, 12.8304300308, 40.5162849426, 104.426071167, 41.2944450378, 7.43624019623, 6.99660348892, 1.74545204639], [95.1768035889, -23.6356143951, -39.6005706787, -5.24805259705, 0.664427697659, 0.842521727085, 7.0656504631, 10.0005674362, 41.2944450378, 92.9568481445, 26.5096073151, 7.81906080246, 5.67467975616], [-152.7215271, -4.80797100067, 13.8698921204, 22.0483646393, 0.968382000923, 21.3643035889, -0.902664363384, 3.09885430336, 7.43624019623, 26.5096073151, 86.4568710327, 33.2291793823, 20.4708213806], [-125.623184204, 15.6450328827, -1.53818631172, 30.0292034149, 6.00893068314, -5.83432865143, 9.69418048859, 0.800613999367, 6.99660348892, 7.81906080246, 33.2291793823, 69.5374526978, 23.4442253113], [-46.9251365662, -30.2773208618, 17.0215587616, 1.98092234135, 5.91759204865, 13.9132184982, 6.64676237106, 6.25733089447, 1.74545204639, 5.67467975616, 20.4708213806, 23.4442253113, 64.8446273804]],
