{
"lowlevel": {
    "average_loudness": 0.810362696648,
    "barkbands_crest": {
        "dmean": 1.77503395081,
        "dmean2": 2.63279223442,
        "dvar": 5.11071872711,
        "dvar2": 13.6282262802,
        "max": 26.1524505615,
        "mean": 13.5806245804,
        "median": 12.7702646255,
        "min": 2.26173949242,
        "var": 24.104593277
    },
    "barkbands_flatness_db": {
        "dmean": 0.0177059266716,
        "dmean2": 0.025466946885,
        "dvar": 0.000524101371411,
        "dvar2": 0.0011005931301,
        "max": 0.568935751915,
        "mean": 0.269838571548,
        "median": 0.266946792603,
        "min": 0.0133934877813,
        "var": 0.00640826206654
    },
    "barkbands_kurtosis": {
        "dmean": 4.35300064087,
        "dmean2": 6.60606527328,
        "dvar": 153.162017822,
        "dvar2": 410.064971924,
        "max": 434.960357666,
        "mean": 10.1801395416,
        "median": 4.319211483,
        "min": -1.68839430809,
        "var": 374.771270752
    },
    "barkbands_skewness": {
        "dmean": 0.479906141758,
        "dmean2": 0.693199396133,
        "dvar": 0.459189683199,
        "dvar2": 1.17923986912,
        "max": 18.7937221527,
        "mean": 2.08433175087,
        "median": 1.73134541512,
        "min": -2.28798222542,
        "var": 2.81624102592
    },
    "barkbands_spread": {
        "dmean": 1.83641934395,
        "dmean2": 2.4492623806,
        "dvar": 23.4541683197,
        "dvar2": 32.9093780518,
        "max": 89.8879470825,
        "mean": 8.15915298462,
        "median": 6.36119747162,
        "min": 0.172743156552,
        "var": 86.9295883179
    },
    "dissonance": {
        "dmean": 0.0317461304367,
        "dmean2": 0.0527722761035,
        "dvar": 0.000878528866451,
        "dvar2": 0.00235719326884,
        "max": 0.500000119209,
        "mean": 0.396900624037,
        "median": 0.407885998487,
        "min": 0.128392592072,
        "var": 0.00363583490252
    },
    "dynamic_complexity": 2.83179354668,
    "erbbands_crest": {
        "dmean": 1.8896459341,
        "dmean2": 2.83255839348,
        "dvar": 3.65967559814,
        "dvar2": 8.66565990448,
        "max": 31.5622673035,
        "mean": 11.7954740524,
        "median": 11.059384346,
        "min": 2.30517792702,
        "var": 20.2747573853
    },
    "erbbands_flatness_db": {
        "dmean": 0.0126220211387,
        "dmean2": 0.0174944028258,
        "dvar": 0.000251736812061,
        "dvar2": 0.000464859796921,
        "max": 0.474424391985,
        "mean": 0.237842708826,
        "median": 0.218127071857,
        "min": 0.0440203547478,
        "var": 0.0073142577894
    },
    "erbbands_kurtosis": {
        "dmean": 1.01019656658,
        "dmean2": 1.48657858372,
        "dvar": 2.08048319817,
        "dvar2": 4.26949548721,
        "max": 40.8571434021,
        "mean": 2.07533049583,
        "median": 1.2969045639,
        "min": -1.76493120193,
        "var": 9.30894947052
    },
    "erbbands_skewness": {
        "dmean": 0.271231889725,
        "dmean2": 0.380496412516,
        "dvar": 0.0753412768245,
        "dvar2": 0.156935200095,
        "max": 5.00633525848,
        "mean": 0.570108532906,
        "median": 0.502098023891,
        "min": -2.04553246498,
        "var": 0.490214496851
    },
    "erbbands_spread": {
        "dmean": 3.41881680489,
        "dmean2": 4.8707075119,
        "dvar": 32.895942688,
        "dvar2": 65.4733428955,
        "max": 129.043716431,
        "mean": 19.2657222748,
        "median": 15.5881538391,
        "min": 1.54392826557,
        "var": 180.395492554
    },
    "hfc": {
        "dmean": 5.66825962067,
        "dmean2": 8.12110328674,
        "dvar": 496.952056885,
        "dvar2": 1075.64611816,
        "max": 374.516876221,
        "mean": 18.2143325806,
        "median": 14.6924352646,
        "min": 1.15446051144e-16,
        "var": 712.923461914
    },
    "melbands_crest": {
        "dmean": 2.29559850693,
        "dmean2": 3.35078406334,
        "dvar": 7.16658163071,
        "dvar2": 18.5494155884,
        "max": 37.0905265808,
        "mean": 18.386341095,
        "median": 17.2796840668,
        "min": 1.00117111206,
        "var": 44.1376686096
    },
    "melbands_flatness_db": {
        "dmean": 0.0204522572458,
        "dmean2": 0.0286774951965,
        "dvar": 0.000794145162217,
        "dvar2": 0.00156185799278,
        "max": 0.74992620945,
        "mean": 0.38634455204,
        "median": 0.389311760664,
        "min": 2.45917107122e-07,
        "var": 0.00817445851862
    },
    "melbands_kurtosis": {
        "dmean": 6.03026866913,
        "dmean2": 8.87126541138,
        "dvar": 243.990036011,
        "dvar2": 503.854888916,
        "max": 1270.0871582,
        "mean": 15.371295929,
        "median": 6.04895019531,
        "min": -1.68269813061,
        "var": 1364.81103516
    },
    "melbands_skewness": {
        "dmean": 0.523167073727,
        "dmean2": 0.751142323017,
        "dvar": 0.456280648708,
        "dvar2": 1.10716617107,
        "max": 26.2387123108,
        "mean": 2.53729748726,
        "median": 2.13289284706,
        "min": -1.70590925217,
        "var": 3.73482871056
    },
    "melbands_spread": {
        "dmean": 1.97598493099,
        "dmean2": 2.77282357216,
        "dvar": 31.6996517181,
        "dvar2": 62.574306488,
        "max": 143.304870605,
        "mean": 8.53987121582,
        "median": 7.31927490234,
        "min": 0.157445132732,
        "var": 71.5416030884
    },
    "pitch_salience": {
        "dmean": 0.0496094934642,
        "dmean2": 0.0759671404958,
        "dvar": 0.00396543275565,
        "dvar2": 0.0102923624218,
        "max": 0.996064662933,
        "mean": 0.430966973305,
        "median": 0.431367993355,
        "min": 0.0524413399398,
        "var": 0.0191916804761
    },
    "silence_rate_20dB": {
        "dmean": 0,
        "dmean2": 0,
        "dvar": 0,
        "dvar2": 0,
        "max": 1,
        "mean": 1,
        "median": 1,
        "min": 1,
        "var": 0
    },
    "silence_rate_30dB": {
        "dmean": 0.0631811991334,
        "dmean2": 0.126373156905,
        "dvar": 0.0591842494905,
        "dvar2": 0.134596958756,
        "max": 1,
        "mean": 0.787484049797,
        "median": 1,
        "min": 0,
        "var": 0.167352125049
    },
    "silence_rate_60dB": {
        "dmean": 0.00170299725141,
        "dmean2": 0.00340628460981,
        "dvar": 0.00170013331808,
        "dvar2": 0.00339452386834,
        "max": 1,
        "mean": 0.0349084734917,
        "median": 0,
        "min": 0,
        "var": 0.0336916856468
    },
    "spectral_centroid": {
        "dmean": 65.0855636597,
        "dmean2": 87.2135314941,
        "dvar": 31496.5507812,
        "dvar2": 45776.875,
        "max": 11272.0517578,
        "mean": 540.433288574,
        "median": 489.270263672,
        "min": 122.139152527,
        "var": 134583.421875
    },
    "spectral_complexity": {
        "dmean": 1.65514302254,
        "dmean2": 2.60359358788,
        "dvar": 9.0727853775,
        "dvar2": 14.1213932037,
        "max": 60,
        "mean": 12.5302686691,
        "median": 12,
        "min": 0,
        "var": 33.1376152039
    },
    "spectral_decrease": {
        "dmean": 4.05614430932e-09,
        "dmean2": 6.44173248077e-09,
        "dvar": 5.19782562176e-17,
        "dvar2": 1.57305532659e-16,
        "max": 3.06558093339e-28,
        "mean": -1.70505440877e-08,
        "median": -1.43709888434e-08,
        "min": -8.93468197205e-08,
        "var": 1.8810140069e-16
    },
    "spectral_energy": {
        "dmean": 0.0156150124967,
        "dmean2": 0.0247899536043,
        "dvar": 0.000751421612222,
        "dvar2": 0.00227215746418,
        "max": 0.339002996683,
        "mean": 0.0660048052669,
        "median": 0.056901242584,
        "min": 1.03411890671e-20,
        "var": 0.00272016995586
    },
    "spectral_energyband_high": {
        "dmean": 0.000313217868097,
        "dmean2": 0.000421056902269,
        "dvar": 4.4762628022e-06,
        "dvar2": 9.47649095906e-06,
        "max": 0.0355897583067,
        "mean": 0.000392463407479,
        "median": 3.4280539694e-05,
        "min": 7.4348916005e-21,
        "var": 6.02713726039e-06
    },
    "spectral_energyband_low": {
        "dmean": 0.0137126492336,
        "dmean2": 0.021659867838,
        "dvar": 0.000750926497858,
        "dvar2": 0.00226113619283,
        "max": 0.337091863155,
        "mean": 0.0453192256391,
        "median": 0.0274151861668,
        "min": 2.87461134744e-23,
        "var": 0.00267744367011
    },
    "spectral_energyband_middle_high": {
        "dmean": 0.000980285229161,
        "dmean2": 0.00133086647838,
        "dvar": 6.59981742501e-06,
        "dvar2": 1.35520358526e-05,
        "max": 0.110511735082,
        "mean": 0.00337049597874,
        "median": 0.0021722111851,
        "min": 1.35233528836e-21,
        "var": 2.09884456126e-05
    },
    "spectral_energyband_middle_low": {
        "dmean": 0.00449034292251,
        "dmean2": 0.00685344077647,
        "dvar": 5.4790332797e-05,
        "dvar2": 0.000142187767779,
        "max": 0.147453263402,
        "mean": 0.0187766849995,
        "median": 0.0151226175949,
        "min": 1.84220882283e-22,
        "var": 0.000200758629944
    },
    "spectral_entropy": {
        "dmean": 0.132773280144,
        "dmean2": 0.189817562699,
        "dvar": 0.0403592959046,
        "dvar2": 0.0753332525492,
        "max": 9.80543899536,
        "mean": 6.32123088837,
        "median": 6.28836631775,
        "min": 4.63038444519,
        "var": 0.498703271151
    },
    "spectral_flux": {
        "dmean": 0.0254709981382,
        "dmean2": 0.0386013500392,
        "dvar": 0.00164465489797,
        "dvar2": 0.00336147053167,
        "max": 0.473885297775,
        "mean": 0.068439155817,
        "median": 0.0479033663869,
        "min": 6.51448478495e-11,
        "var": 0.00412748102099
    },
    "spectral_kurtosis": {
        "dmean": 10.0388059616,
        "dmean2": 17.1198577881,
        "dvar": 286.819915771,
        "dvar2": 817.169433594,
        "max": 219.562103271,
        "mean": 37.792591095,
        "median": 19.4326343536,
        "min": -1.23793148994,
        "var": 1733.65710449
    },
    "spectral_rms": {
        "dmean": 0.000825702911243,
        "dmean2": 0.00127398909535,
        "dvar": 1.50000084886e-06,
        "dvar2": 4.35938954979e-06,
        "max": 0.0181861110032,
        "mean": 0.00734708830714,
        "median": 0.00745073193684,
        "min": 3.1763129453e-12,
        "var": 1.04154205474e-05
    },
    "spectral_rolloff": {
        "dmean": 154.038528442,
        "dmean2": 240.228408813,
        "dvar": 493042.6875,
        "dvar2": 858996.125,
        "max": 19272.2167969,
        "mean": 600.184997559,
        "median": 516.796875,
        "min": 64.599609375,
        "var": 1025831.3125
    },
    "spectral_skewness": {
        "dmean": 0.633677482605,
        "dmean2": 1.05683076382,
        "dvar": 0.772758960724,
        "dvar2": 2.17234516144,
        "max": 12.0715045929,
        "mean": 4.30341100693,
        "median": 3.80063843727,
        "min": -0.02906332165,
        "var": 4.39805746078
    },
    "spectral_spread": {
        "dmean": 432865.21875,
        "dmean2": 648604.625,
        "dvar": 549458411520,
        "dvar2": 988822044672,
        "max": 41520540,
        "mean": 3211927.25,
        "median": 2958200.75,
        "min": 415942.21875,
        "var": 5.2653284393e+12
    },
    "spectral_strongpeak": {
        "dmean": 0.281596183777,
        "dmean2": 0.476019054651,
        "dvar": 0.314931660891,
        "dvar2": 0.70559155941,
        "max": 15.5591058731,
        "mean": 0.949451208115,
        "median": 0.687611758709,
        "min": 0,
        "var": 0.905790448189
    },
    "zerocrossingrate": {
        "dmean": 0.0050549833104,
        "dmean2": 0.00562286423519,
        "dvar": 0.000134785237606,
        "dvar2": 0.000135851645609,
        "max": 0.5029296875,
        "mean": 0.0250045321882,
        "median": 0.02099609375,
        "min": 0.00146484375,
        "var": 0.00072940508835
    },
    "barkbands": {
        "dmean": [0.00101573334541, 0.0117838522419, 0.00338194612414, 0.00110339245293, 0.000945872045122, 0.00125410663895, 0.00126137770712, 0.00103980931453, 0.000617204816081, 0.000443829776486, 0.000405637983931, 0.000221330643399, 0.000112682238978, 0.000111911162094, 7.88429897511e-05, 4.30262007285e-05, 4.88590594614e-05, 2.51138335443e-05, 3.10991817969e-05, 2.75154234259e-05, 2.97096248687e-05, 3.4828644857e-05, 5.00189598824e-05, 6.89247317496e-05, 5.60784174013e-05, 5.12570877618e-05, 1.93626638065e-05],
        "dmean2": [0.00146425166167, 0.0188995953649, 0.00548176700249, 0.00180314900354, 0.00135052925907, 0.00186533876695, 0.00198691780679, 0.00135465047788, 0.000874405319337, 0.000554023892619, 0.000540498294868, 0.000305819208734, 0.000169382736203, 0.000172395390109, 0.000123967722175, 6.0878090153e-05, 8.27839248814e-05, 3.93182635889e-05, 4.76413988508e-05, 4.41614320152e-05, 4.10370594182e-05, 4.73106920253e-05, 7.55164437578e-05, 0.000101550183899, 8.21852008812e-05, 6.77369534969e-05, 2.94720048259e-05],
        "dvar": [7.43998134567e-06, 0.000711968983524, 6.6778055043e-05, 1.16373439596e-05, 4.50131256002e-06, 6.08558002568e-06, 4.89093281431e-06, 7.00118062014e-06, 4.24910058427e-06, 2.33764467339e-06, 7.31651368824e-07, 1.25777216908e-06, 1.54979659328e-07, 7.64896128658e-08, 9.5950959178e-08, 2.27647110052e-08, 7.46691171116e-08, 9.89984538791e-09, 2.69200786107e-08, 3.01428855209e-08, 3.95109722717e-08, 5.55372423605e-08, 1.26548798107e-07, 2.61533017465e-07, 1.34573298283e-07, 1.0984678056e-07, 2.11489901147e-08],
        "dvar2": [1.76371777343e-05, 0.00216646771878, 0.000190896782442, 3.28012902173e-05, 1.08136637209e-05, 1.45911226355e-05, 1.31378856167e-05, 1.49410234371e-05, 8.77298498381e-06, 3.6441656448e-06, 1.38556868023e-06, 2.03046397473e-06, 3.60483852546e-07, 1.86015114423e-07, 2.29787431749e-07, 4.25626431877e-08, 2.10813468016e-07, 2.34057839776e-08, 5.92536331112e-08, 6.56957155343e-08, 7.76038007189e-08, 1.15224359831e-07, 2.88673419391e-07, 6.01640863351e-07, 3.06862887101e-07, 2.12685236534e-07, 4.92859371093e-08],
        "max": [0.067445486784, 0.321160286665, 0.138133868575, 0.0646372064948, 0.0546706020832, 0.0678493604064, 0.0950158089399, 0.0758322030306, 0.119632802904, 0.0983296483755, 0.0252952463925, 0.0843495726585, 0.0251855440438, 0.00618284521624, 0.00560504617169, 0.00515866558999, 0.00489467801526, 0.00264774635434, 0.0048631359823, 0.00309727713466, 0.00446902448311, 0.00427984679118, 0.00597090506926, 0.00989131722599, 0.00650360295549, 0.00769290188327, 0.00282221054658],
        "mean": [0.00235046516173, 0.0321951285005, 0.00938690453768, 0.00231908774003, 0.00271340250038, 0.00389678264037, 0.00374888442457, 0.00326165067963, 0.00182282668538, 0.00151507812552, 0.00108076969627, 0.000505571486428, 0.00022937436006, 0.000228690085351, 0.000111354835099, 8.28196571092e-05, 6.13490046817e-05, 3.78885524697e-05, 4.736585106e-05, 3.55943957402e-05, 3.95152201236e-05, 4.26564365625e-05, 5.21324291185e-05, 7.40474642953e-05, 7.50979670556e-05, 7.12613909855e-05, 1.9227136363e-05],
        "median": [5.47523195564e-05, 0.0118201933801, 0.00427606655285, 0.000603950233199, 0.00133504031692, 0.00185185915325, 0.00183078262489, 0.00114389613736, 0.000471553561511, 0.00044700858416, 0.000453436281532, 0.000201425180421, 8.53274104884e-05, 8.24281669338e-05, 2.70492364507e-05, 1.51045269376e-05, 1.33399826154e-05, 7.67756682762e-06, 9.75917282631e-06, 3.8909702198e-06, 1.96483165382e-06, 1.43467320868e-06, 1.27240184611e-06, 2.65536300503e-06, 7.79803121986e-06, 7.6985816122e-06, 4.31920483379e-07],
        "min": [1.01836598331e-24, 1.54189837456e-23, 1.03170731727e-23, 1.78149759847e-24, 1.87632680454e-23, 1.53338908975e-23, 1.5402897294e-23, 1.68831884718e-23, 4.17215658561e-23, 3.91433475368e-23, 8.28722677851e-23, 2.61723159316e-23, 7.30854132703e-23, 7.66503514316e-23, 6.62242545264e-23, 8.98778196291e-23, 1.17039240918e-22, 1.82305149351e-22, 2.42830874647e-22, 2.56003463369e-22, 3.55047663701e-22, 3.09070578225e-22, 5.33003854436e-22, 5.99751584437e-22, 1.08155137366e-21, 1.46202375928e-21, 2.16749734628e-21],
        "var": [2.78253737633e-05, 0.00207987963222, 0.00019434648857, 2.16251537495e-05, 1.78989048436e-05, 3.24927386828e-05, 3.33108946506e-05, 3.1458614103e-05, 2.02479841391e-05, 1.51187778101e-05, 3.4784534364e-06, 3.49471361005e-06, 3.14410925739e-07, 1.9875074031e-07, 1.15668505885e-07, 5.77852254935e-08, 5.48303482617e-08, 1.34393234319e-08, 4.07695779359e-08, 4.36212168609e-08, 6.35834354057e-08, 7.80169671089e-08, 1.37119968713e-07, 2.841754565e-07, 1.68371329323e-07, 1.7492557447e-07, 2.12487023532e-08]
    },
    "erbbands": {
        "dmean": [0.496120035648, 2.19884228706, 3.81051516533, 3.83534049988, 3.31626558304, 2.8447163105, 5.45892333984, 11.396982193, 19.877790451, 19.696105957, 18.4936141968, 14.3487281799, 15.2037067413, 8.84685707092, 16.7830123901, 10.3978433609, 5.8772649765, 6.10287046432, 4.04369401932, 3.17801070213, 2.26176428795, 2.33075737953, 1.50243186951, 1.76543390751, 1.44048511982, 1.21595978737, 0.991114258766, 1.3006850481, 1.23438429832, 1.43699836731, 1.34808290005, 1.65307700634, 0.967371940613, 0.634354889393, 0.394600361586, 0.202731534839, 0.100135937333, 0.0304293651134, 0.00280965352431, 0.000155201763846],
        "dmean2": [0.778869330883, 3.55002522469, 6.08733272552, 6.32133817673, 4.93601512909, 4.18552780151, 8.23162841797, 16.810092926, 31.9713230133, 27.0755443573, 24.5740947723, 20.2418727875, 19.4602813721, 11.4891195297, 22.3699550629, 14.0687093735, 8.70678520203, 9.31088638306, 6.34432220459, 4.75816774368, 3.27151274681, 3.9677927494, 2.39731645584, 2.68228888512, 2.36251282692, 1.94145202637, 1.46728098392, 1.68783712387, 1.6811773777, 2.07481598854, 2.03364562988, 2.53847956657, 1.39911770821, 0.971145033836, 0.547038137913, 0.260322928429, 0.136728495359, 0.0453137792647, 0.00417468789965, 0.000244431226747],
        "dvar": [1.49453246593, 23.9787826538, 69.8473129272, 133.857131958, 76.2841567993, 38.3170890808, 251.146697998, 421.48538208, 1386.80700684, 1844.61083984, 3040.99487305, 1931.1685791, 2442.12475586, 802.482971191, 1471.28186035, 2379.75024414, 545.159729004, 201.179702759, 285.534790039, 102.810043335, 69.963973999, 197.985900879, 42.9513511658, 75.5982894897, 74.0883407593, 59.6793479919, 42.0102653503, 76.0504074097, 69.3488235474, 97.9346466064, 96.5831298828, 166.678527832, 45.5253677368, 18.5810089111, 5.90181446075, 1.30021607876, 0.489448159933, 0.0613587200642, 0.000399373413529, 9.92366267383e-07],
        "dvar2": [4.52540922165, 69.8038787842, 198.951461792, 375.745422363, 190.80897522, 98.1182861328, 741.323242188, 908.739501953, 4168.31982422, 4215.19677734, 5423.57470703, 3940.67578125, 4230.15576172, 1069.6315918, 2654.14404297, 3739.45336914, 1147.95849609, 480.175964355, 707.435180664, 230.163116455, 140.009872437, 563.457519531, 107.894035339, 172.031417847, 178.223388672, 129.781982422, 73.502532959, 147.746658325, 145.840484619, 209.699203491, 229.214248657, 410.93081665, 94.8722229004, 43.8069801331, 12.7314901352, 2.31934094429, 0.980287313461, 0.144182994962, 0.000907363719307, 2.37763742916e-06],
        "max": [15.5305652618, 67.9555969238, 147.97038269, 257.166717529, 200.390472412, 142.413970947, 578.793945312, 538.246643066, 1683.41442871, 1274.2388916, 2068.49780273, 2054.18554688, 2244.78369141, 2851.17285156, 1258.74938965, 3243.3125, 1962.8692627, 332.685150146, 339.710754395, 165.572387695, 342.144744873, 255.270294189, 186.531356812, 318.723358154, 147.288757324, 149.33114624, 150.243606567, 181.59085083, 153.843688965, 169.227142334, 186.94670105, 239.712234497, 120.971870422, 78.3488311768, 42.7902641296, 22.2374324799, 17.1558437347, 6.09624147415, 0.34615701437, 0.016581621021],
        "mean": [1.21797883511, 6.03480815887, 11.3707046509, 9.43821907043, 8.32766246796, 8.27424621582, 15.6148405075, 35.9199295044, 55.3636436462, 65.8363952637, 58.3690299988, 47.0246963501, 54.7499160767, 29.2592563629, 41.1546554565, 25.4551086426, 13.0722808838, 13.5093631744, 6.42959880829, 5.40398597717, 4.36452960968, 3.00195026398, 2.31544876099, 2.62935256958, 2.01253819466, 1.57775247097, 1.44203817844, 1.64943146706, 1.50833332539, 1.55076706409, 1.43514847755, 1.62859594822, 1.13783562183, 0.77030134201, 0.563160479069, 0.317637503147, 0.130125626922, 0.0325212664902, 0.00294639496133, 0.000204002993996],
        "median": [0.19397932291, 2.73234915733, 6.39530563354, 4.05799198151, 2.87832355499, 4.44698619843, 7.64092826843, 16.9623031616, 27.439535141, 33.2617645264, 21.2131977081, 14.095664978, 16.2387504578, 13.4111232758, 16.3779354095, 11.0312023163, 6.26588630676, 6.06677007675, 2.22441124916, 1.59270250797, 1.09405219555, 0.717670083046, 0.559109866619, 0.448259025812, 0.415449947119, 0.179420515895, 0.109299376607, 0.0594107545912, 0.0466648675501, 0.0384121537209, 0.0379261858761, 0.0381774716079, 0.0502115264535, 0.0457346998155, 0.0729501321912, 0.0523358769715, 0.00959753897041, 0.00129895331338, 0.000114898786705, 7.40373579902e-05],
        "min": [1.85649111796e-22, 4.40746427682e-21, 1.25629008728e-20, 1.18174487744e-20, 1.81244287187e-20, 4.71912969498e-20, 9.88717806322e-20, 2.12756294846e-19, 1.71695837645e-19, 2.53128744572e-19, 4.48333184473e-19, 8.96415836619e-19, 9.61556103062e-19, 1.76158347803e-18, 2.07699013394e-18, 1.09336712688e-18, 2.94672443272e-18, 4.99566962837e-18, 4.395957894e-18, 3.59879235716e-18, 5.99523509417e-18, 6.30451503007e-18, 7.3322298657e-18, 1.25626037211e-17, 1.13118404605e-17, 1.21260500538e-17, 1.39212131356e-17, 1.24002926869e-17, 1.25706116566e-17, 1.30813146211e-17, 1.58790156423e-17, 1.38589702761e-17, 1.02900052246e-17, 1.11831477007e-17, 7.25305296465e-18, 5.53378535842e-18, 2.44689082821e-18, 1.18466480884e-18, 2.59993490626e-19, 3.25243022459e-20],
        "var": [4.38710260391, 68.9248580933, 235.989013672, 261.517700195, 270.745269775, 122.932342529, 720.74432373, 2880.90087891, 6713.39648438, 8437.61230469, 15571.0634766, 11592.40625, 16586.8183594, 5044.40380859, 6580.32275391, 6965.77148438, 1147.20178223, 565.762512207, 321.148223877, 167.671875, 159.264892578, 145.253326416, 51.139175415, 116.581726074, 92.0256881714, 85.6807327271, 76.5748748779, 116.757553101, 96.4367370605, 118.069816589, 102.079277039, 158.834487915, 57.1980667114, 20.9697723389, 8.30423545837, 2.36542630196, 0.731468617916, 0.0644544363022, 0.000434295419836, 9.40762902246e-07]
    },
    "gfcc": {
        "mean": [-64.8501739502, 160.919372559, -77.532409668, -19.5232276917, -37.4463882446, 8.63627433777, -28.6202316284, 14.0132865906, -20.6698188782, 6.70589208603, -6.77140140533, -1.61532354355, -12.7911128998],
        "cov": [[15138.3378906, -3468.23779297, 1078.65039062, 1786.87573242, -577.061584473, 1323.28320312, 318.635284424, 1199.63024902, -107.351753235, 1043.95983887, -38.7882499695, 699.104797363, 23.1490459442], [-3468.23779297, 2921.1328125, -861.887573242, -1067.12438965, 518.578491211, -797.996948242, -98.8748092651, -455.775024414, 71.4224243164, -549.207824707, 94.6555252075, -289.984893799, 142.353622437], [1078.65039062, -861.887573242, 1258.484375, 449.5128479, -39.1497650146, 588.012145996, 157.892700195, 239.930435181, -62.1358795166, 339.275604248, 46.3573188782, 170.484115601, -40.5495262146], [1786.87573242, -1067.12438965, 449.5128479, 851.722839355, -26.4832496643, 397.666717529, 145.461761475, 197.499526978, 110.134773254, 263.496520996, 21.261680603, 110.640296936, -73.9082641602], [-577.061584473, 518.578491211, -39.1497650146, -26.4832496643, 316.809509277, -58.2812347412, 57.692363739, -31.9277858734, 95.3717193604, -33.3555488586, 63.2061195374, -35.2864494324, 20.0798416138], [1323.28320312, -797.996948242, 588.012145996, 397.666717529, -58.2812347412, 485.54776001, 152.780807495, 234.533065796, 2.9410340786, 268.469207764, 24.354265213, 119.574645996, -48.1785964966], [318.635284424, -98.8748092651, 157.892700195, 145.461761475, 57.692363739, 152.780807495, 203.260284424, 119.903938293, 68.7760162354, 97.9550170898, 45.3654937744, 33.4114685059, -7.89864063263], [1199.63024902, -455.775024414, 239.930435181, 197.499526978, -31.9277858734, 234.533065796, 119.903938293, 312.857788086, 28.2084064484, 204.713027954, 20.3285274506, 103.889984131, -0.526990830898], [-107.351753235, 71.4224243164, -62.1358795166, 110.134773254, 95.3717193604, 2.9410340786, 68.7760162354, 28.2084064484, 190.91619873, 27.5441017151, 56.1303787231, -4.61950016022, 9.46527767181], [1043.95983887, -549.207824707, 339.275604248, 263.496520996, -33.3555488586, 268.469207764, 97.9550170898, 204.713027954, 27.5441017151, 293.775634766, 58.199005127, 90.2683486938, -27.4756317139], [-38.7882499695, 94.6555252075, 46.3573188782, 21.261680603, 63.2061195374, 24.354265213, 45.3654937744, 20.3285274506, 56.1303787231, 58.199005127, 128.63269043, 43.4283752441, 19.0526256561], [699.104797363, -289.984893799, 170.484115601, 110.640296936, -35.2864494324, 119.574645996, 33.4114685059, 103.889984131, -4.61950016022, 90.2683486938, 43.4283752441, 156.620758057, 50.8081932068], [23.1490459442, 142.353622437, -40.5495262146, -73.9082641602, 20.0798416138, -48.1785964966, -7.89864063263, -0.526990830898, 9.46527767181, -27.4756317139, 19.0526256561, 50.8081932068, 128.380523682]],
        "icov": [[0.000143395664054, -8.84004912223e-05, 0.000155554997036, -0.000290730589768, 0.000160517825861, -0.000197103116079, 0.000124422367662, -0.00029851536965, 0.000231703466852, -0.000202142997296, 0.000168915794347, -0.000298717379337, -0.000105912229628], [-8.84004912223e-05, 0.00204188516364, -0.00033834320493, 0.00165187229868, -0.00220784335397, 0.00134852190968, -0.000908225018065, 0.000257147679804, -0.000152701541083, 0.00141036440618, -0.00162195670418, 0.0017467943253, -0.000745004741475], [0.000155554997036, -0.00033834320493, 0.00228092027828, -0.000508901546709, -9.04896805878e-05, -0.00284923613071, 0.000310077797621, 0.000333809148287, 0.00123592815362, -0.000994677538984, 0.000248743162956, -0.000964932143688, -0.000219106324948], [-0.000290730589768, 0.00165187229868, -0.000508901546709, 0.00412149820477, -0.00189292884897, -8.86934503797e-05, -0.000905942288227, 0.00129365222529, -0.00227081449702, 0.000470348692033, -0.000226934454986, 0.000450549676316, 0.000768565922044], [0.000160517825861, -0.00220784335397, -9.04896805878e-05, -0.00189292884897, 0.00700571294874, -0.000731618492864, -0.000171426770976, -0.000461874937173, -0.00125140568707, -0.000764457159676, -0.000108186410216, -0.000471044972073, 4.92442813993e-05], [-0.000197103116079, 0.00134852190968, -0.00284923613071, -8.86934503797e-05, -0.000731618492864, 0.0105959679931, -0.00335457851179, -0.000915883341804, 0.000181799405254, -0.00132775725797, 2.07276680158e-05, -5.86738678976e-06, 0.00117165152915], [0.000124422367662, -0.000908225018065, 0.000310077797621, -0.000905942288227, -0.000171426770976, -0.00335457851179, 0.00939248409122, -0.00274297990836, -0.00154419289902, 0.000379012082703, -0.0010635984363, 0.000406295614084, 8.75711339177e-05], [-0.00029851536965, 0.000257147679804, 0.000333809148287, 0.00129365222529, -0.000461874937173, -0.000915883341804, -0.00274297990836, 0.0087379924953, -0.00119974277914, -0.00399704882875, 0.00255472795106, -0.00254958332516, 7.74196814746e-05], [0.000231703466852, -0.000152701541083, 0.00123592815362, -0.00227081449702, -0.00125140568707, 0.000181799405254, -0.00154419289902, -0.00119974277914, 0.00947856903076, -0.000373710179701, -0.00278908386827, 0.00141795666423, -0.00155143334996], [-0.000202142997296, 0.00141036440618, -0.000994677538984, 0.000470348692033, -0.000764457159676, -0.00132775725797, 0.000379012082703, -0.00399704882875, -0.000373710179701, 0.011792531237, -0.00571513315663, 0.00227216212079, 0.000557671883143], [0.000168915794347, -0.00162195670418, 0.000248743162956, -0.000226934454986, -0.000108186410216, 2.07276680158e-05, -0.0010635984363, 0.00255472795106, -0.00278908386827, -0.00571513315663, 0.0148704061285, -0.0066404803656, 0.00108937628102], [-0.000298717379337, 0.0017467943253, -0.000964932143688, 0.000450549676316, -0.000471044972073, -5.86738678976e-06, 0.000406295614084, -0.00254958332516, 0.00141795666423, 0.00227216212079, -0.0066404803656, 0.0159647502005, -0.00679346080869], [-0.000105912229628, -0.000745004741475, -0.000219106324948, 0.000768565922044, 4.92442813993e-05, 0.00117165152915, 8.75711339177e-05, 7.74196814746e-05, -0.00155143334996, 0.000557671883143, 0.00108937628102, -0.00679346080869, 0.0122061502188]]
    },
    "melbands": {
        "dmean": [0.00369617994875, 0.00207966426387, 0.000633071234915, 0.000222835602472, 0.000173418840859, 0.000275688042166, 0.000278780469671, 0.000219629568164, 0.000150616528117, 8.75783080119e-05, 7.50647450332e-05, 3.52199240297e-05, 5.05985917698e-05, 3.04100503854e-05, 2.28645549214e-05, 1.1851596355e-05, 1.24310045067e-05, 6.54691348245e-06, 5.14259454576e-06, 4.14796431869e-06, 2.47094226324e-06, 2.60138904196e-06, 1.79120240773e-06, 1.34530989726e-06, 1.52970585532e-06, 1.06774859887e-06, 1.04234152332e-06, 8.05867216513e-07, 6.13487088685e-07, 9.03738737179e-07, 6.74630371122e-07, 6.61110107103e-07, 7.76241734002e-07, 8.73570513704e-07, 7.36930417133e-07, 8.66905168095e-07, 1.12591158086e-06, 7.46654791328e-07, 5.64716913232e-07, 5.24434483395e-07],
        "dmean2": [0.00588671630248, 0.0032971855253, 0.00102828152012, 0.000322880659951, 0.000256824248936, 0.000417714152718, 0.000440153991804, 0.000296611338854, 0.000201283110073, 0.00012382643763, 9.59607787081e-05, 4.57940150227e-05, 6.82972822688e-05, 4.02192017646e-05, 3.21775078191e-05, 1.79317776201e-05, 1.90033697436e-05, 1.04023638414e-05, 7.9017600001e-06, 6.07337051406e-06, 3.73584703084e-06, 4.38716915596e-06, 3.06420429297e-06, 2.12545637623e-06, 2.3428399345e-06, 1.70333328242e-06, 1.73776447809e-06, 1.25644578475e-06, 9.12508482998e-07, 1.30316470859e-06, 8.93845935934e-07, 8.8676500809e-07, 1.17029890134e-06, 1.3118528841e-06, 1.11525901048e-06, 1.32740910885e-06, 1.7762574771e-06, 1.10043981749e-06, 8.36763774714e-07, 8.0759514276e-07],
        "dvar": [7.675888628e-05, 1.66317149706e-05, 3.4365564261e-06, 2.81896888055e-07, 1.95269905134e-07, 2.33550551343e-07, 2.56790428921e-07, 2.70457746865e-07, 2.36856863012e-07, 7.40983310266e-08, 6.24558964546e-08, 1.68041669468e-08, 1.34438336019e-08, 7.83381981506e-09, 2.57057699571e-08, 1.51511381219e-09, 8.53509374288e-10, 7.87718501538e-10, 3.0752256297e-10, 1.70112424147e-10, 8.71007571623e-11, 2.06126921087e-10, 1.15552518942e-10, 2.89353090099e-11, 5.95224147748e-11, 4.00059915751e-11, 4.12192953381e-11, 2.69081753407e-11, 1.50721657377e-11, 4.27009504145e-11, 1.90900403124e-11, 1.8809820021e-11, 3.31111978114e-11, 3.59982668674e-11, 2.80166931321e-11, 4.25835651463e-11, 8.34302141262e-11, 2.79872201803e-11, 1.3709316668e-11, 1.29055394843e-11],
        "dvar2": [0.000234264880419, 4.54725413874e-05, 9.7180609373e-06, 6.87914905484e-07, 5.58989768251e-07, 5.50363779439e-07, 7.39475296996e-07, 6.26856547115e-07, 4.3257907123e-07, 1.47788071558e-07, 1.07496546775e-07, 2.21607692197e-08, 2.65612047912e-08, 1.10138396181e-08, 4.94788814365e-08, 3.31806715437e-09, 1.99246263932e-09, 1.99550020952e-09, 6.98131497057e-10, 3.33308824985e-10, 1.81824957868e-10, 5.80652637083e-10, 3.28204408095e-10, 7.1746684982e-11, 1.34785474448e-10, 9.38950930895e-11, 1.03888994629e-10, 5.6231110046e-11, 2.67296428047e-11, 8.93331936203e-11, 3.6081190119e-11, 3.56045332106e-11, 7.99264612827e-11, 7.83347345323e-11, 6.68022373529e-11, 1.02368252763e-10, 2.13340192734e-10, 5.94825369515e-11, 3.01989613871e-11, 3.08930971082e-11],
        "max": [0.10297318548, 0.0705607384443, 0.0388423092663, 0.0137416943908, 0.015444454737, 0.012334308587, 0.021836951375, 0.0161244384944, 0.0218673944473, 0.0115628875792, 0.0126787116751, 0.0127470223233, 0.00336189405061, 0.00693462369964, 0.0152471698821, 0.00200330209918, 0.000764960655943, 0.00054614758119, 0.000458570255432, 0.000408812687965, 0.000374012044631, 0.000268730742391, 0.000183198062587, 0.000105859086034, 0.000314666482154, 0.00011128281767, 0.000108182088297, 0.000106937921373, 9.15648706723e-05, 0.000152781882207, 7.89397599874e-05, 8.13327060314e-05, 0.000109389198769, 0.00010533965542, 0.000104807877506, 0.000115248978545, 0.00017611507792, 9.5781921118e-05, 6.78873475408e-05, 6.42706800136e-05],
        "mean": [0.00974512193352, 0.00669402861968, 0.00164608750492, 0.000596034980845, 0.000519911583979, 0.000837363069877, 0.000822339672595, 0.000723029312212, 0.000448907201644, 0.00028663003468, 0.000264152680757, 0.000108737011033, 0.000125215417938, 7.6856049418e-05, 4.87452161906e-05, 2.35489242186e-05, 2.63480524154e-05, 9.99144049274e-06, 7.94829247752e-06, 7.46536261431e-06, 4.42652617494e-06, 3.33334605784e-06, 2.25452163249e-06, 1.9502865598e-06, 2.21925938604e-06, 1.47172659126e-06, 1.30485329919e-06, 9.99488520392e-07, 8.38988114538e-07, 1.12074894787e-06, 8.73679880442e-07, 8.53954134072e-07, 8.26109271657e-07, 9.02034969386e-07, 7.86025566413e-07, 9.02900637811e-07, 1.04655032374e-06, 8.28691440802e-07, 6.94608104368e-07, 6.26226096756e-07],
        "median": [0.00257976795547, 0.00435456633568, 0.00078820559429, 0.000273587036645, 0.000279590545688, 0.000412602938013, 0.000406365288654, 0.00033986766357, 0.000144954930875, 7.54642096581e-05, 7.45186771383e-05, 4.19199714088e-05, 5.16107429576e-05, 3.6638972233e-05, 2.13587190956e-05, 7.25647214495e-06, 9.8120281109e-06, 3.17806825478e-06, 2.09525910577e-06, 1.50514279085e-06, 1.06630147911e-06, 7.17030616215e-07, 4.64963818558e-07, 3.94407607018e-07, 3.34329513407e-07, 3.01054541296e-07, 1.95082179744e-07, 9.13597801855e-08, 6.82877825398e-08, 5.13781586164e-08, 2.71310476307e-08, 2.37836168537e-08, 2.37861357277e-08, 1.81669808086e-08, 1.93323117514e-08, 2.05758325933e-08, 2.17744524633e-08, 3.19220418987e-08, 3.39746648592e-08, 3.03054470407e-08],
        "min": [3.31259181295e-24, 6.70203445529e-24, 2.61788658437e-24, 3.42371943753e-24, 3.61251554583e-24, 4.13525698568e-24, 3.38898549744e-24, 2.73218720472e-24, 2.60354213488e-24, 4.56562754671e-24, 4.35595778443e-24, 6.33966725417e-24, 9.17305762164e-24, 3.00363996145e-24, 3.6340340936e-24, 8.16258044459e-24, 8.56248480303e-24, 7.20095978999e-24, 4.77949326014e-24, 5.84697865379e-24, 6.32159484527e-24, 5.64668410894e-24, 7.9040052505e-24, 7.68768854623e-24, 9.58043407057e-24, 8.84190880199e-24, 7.3648748309e-24, 8.36298897984e-24, 7.26091637423e-24, 8.43988083e-24, 7.51808660705e-24, 6.35383282945e-24, 6.28528160565e-24, 7.91985267722e-24, 8.85998791621e-24, 8.35909200697e-24, 7.24913710319e-24, 6.55771866357e-24, 9.65192853441e-24, 8.96330502897e-24],
        "var": [0.000225040654186, 5.90026538703e-05, 6.35748028799e-06, 1.03277182006e-06, 6.34031550817e-07, 1.42139049331e-06, 1.42912062984e-06, 1.11079043563e-06, 1.10345661142e-06, 4.94581456678e-07, 4.15860256453e-07, 1.00468149355e-07, 5.43107425699e-08, 2.97849140907e-08, 5.3904834374e-08, 4.05406730408e-09, 2.63677968348e-09, 8.47709014096e-10, 4.79851991475e-10, 3.8541855818e-10, 1.83397866338e-10, 1.58536461736e-10, 8.76962391594e-11, 3.67484896679e-11, 9.63847959778e-11, 4.9283039455e-11, 4.9747716363e-11, 3.7534454711e-11, 2.66249435693e-11, 5.82262918436e-11, 3.05109409959e-11, 2.92517433886e-11, 3.55875606761e-11, 4.11435746583e-11, 2.97623731216e-11, 4.35891843453e-11, 7.25870474838e-11, 3.33419923615e-11, 1.74080437565e-11, 1.40332103576e-11]
    },
    "mfcc": {
        "mean": [-724.480529785, 207.470306396, 20.0140075684, -2.73340296745, 8.36019134521, -2.11486649513, 7.21375799179, 2.78130316734, -1.18696630001, 2.45048594475, 5.2657289505, 4.5053730011, 5.23186588287],
        "cov": [[7876.91064453, -1404.94689941, 453.421783447, 642.858154297, 58.9881858826, 221.413894653, 528.266357422, 250.543121338, 347.538269043, 444.646575928, 277.002655029, 213.405822754, 295.738555908], [-1404.94689941, 2652.04467773, -508.201416016, -409.798492432, 76.4700546265, -249.946166992, -158.220489502, -49.8546485901, -130.813858032, -185.159500122, -123.002120972, -82.104057312, -57.1266479492], [453.421783447, -508.201416016, 858.089050293, 98.8764572144, 58.6332473755, 261.458496094, 252.256988525, 25.7678890228, 55.3840637207, 95.4583740234, 88.6796798706, 61.4074516296, 53.1391677856], [642.858154297, -409.798492432, 98.8764572144, 409.801696777, 118.350952148, 135.824935913, 109.202690125, 69.1668243408, 78.8269729614, 124.729652405, 112.832672119, 92.6200714111, 69.6045761108], [58.9881858826, 76.4700546265, 58.6332473755, 118.350952148, 193.15133667, 80.556930542, 31.6266040802, 26.9430828094, 20.3547306061, 33.4988250732, 50.7003059387, 35.8806343079, 26.0630645752], [221.413894653, -249.946166992, 261.458496094, 135.824935913, 80.556930542, 232.378707886, 114.275382996, 33.9030075073, 37.0966796875, 77.8116455078, 73.4884185791, 58.0805206299, 34.9250793457], [528.266357422, -158.220489502, 252.256988525, 109.202690125, 31.6266040802, 114.275382996, 283.597137451, 55.4592285156, 68.6410598755, 125.40045929, 86.7133865356, 64.0525970459, 86.4180831909], [250.543121338, -49.8546485901, 25.7678890228, 69.1668243408, 26.9430828094, 33.9030075073, 55.4592285156, 138.517547607, 66.834236145, 29.7657661438, 41.9453315735, 46.8784713745, 35.3408927917], [347.538269043, -130.813858032, 55.3840637207, 78.8269729614, 20.3547306061, 37.0966796875, 68.6410598755, 66.834236145, 143.964111328, 81.5455703735, 35.9636192322, 39.5827484131, 35.9735565186], [444.646575928, -185.159500122, 95.4583740234, 124.729652405, 33.4988250732, 77.8116455078, 125.40045929, 29.7657661438, 81.5455703735, 197.780807495, 118.142082214, 59.1488304138, 60.554485321], [277.002655029, -123.002120972, 88.6796798706, 112.832672119, 50.7003059387, 73.4884185791, 86.7133865356, 41.9453315735, 35.9636192322, 118.142082214, 163.459671021, 87.4445953369, 36.6141815186], [213.405822754, -82.104057312, 61.4074516296, 92.6200714111, 35.8806343079, 58.0805206299, 64.0525970459, 46.8784713745, 39.5827484131, 59.1488304138, 87.4445953369, 122.006729126, 74.1589355469], [295.738555908, -57.1266479492, 53.1391677856, 69.6045761108, 26.0630645752, 34.9250793457, 86.4180831909, 35.3408927917, 35.9735565186, 60.554485321, 36.6141815186, 74.1589355469, 132.649124146]],
