{
"lowlevel": {
    "average_loudness": 0.771289110184,
    "barkbands_crest": {
        "dmean": 2.227861166,
        "dmean2": 3.39427614212,
        "dvar": 5.7854719162,
        "dvar2": 13.5054998398,
        "max": 26.4491138458,
        "mean": 14.394536972,
        "median": 14.055100441,
        "min": 2.45668983459,
        "var": 26.9957084656
    },
    "barkbands_flatness_db": {
        "dmean": 0.0240484755486,
        "dmean2": 0.0348579473794,
        "dvar": 0.000652336282656,
        "dvar2": 0.00133537047077,
        "max": 0.735292255878,
        "mean": 0.256960183382,
        "median": 0.232261255383,
        "min": 0.0176928099245,
        "var": 0.01346544642
    },
    "barkbands_kurtosis": {
        "dmean": 6.06610536575,
        "dmean2": 9.12533760071,
        "dvar": 107.234283447,
        "dvar2": 227.968093872,
        "max": 212.252410889,
        "mean": 11.0139799118,
        "median": 6.12095451355,
        "min": -1.91477239132,
        "var": 240.045806885
    },
    "barkbands_skewness": {
        "dmean": 0.730703234673,
        "dmean2": 1.09412574768,
        "dvar": 0.722663640976,
        "dvar2": 1.53063058853,
        "max": 13.4845733643,
        "mean": 2.1146261692,
        "median": 1.85772585869,
        "min": -4.14503860474,
        "var": 2.89389419556
    },
    "barkbands_spread": {
        "dmean": 7.86777925491,
        "dmean2": 12.0649013519,
        "dvar": 240.078674316,
        "dvar2": 535.468811035,
        "max": 126.380729675,
        "mean": 14.1532764435,
        "median": 7.52582359314,
        "min": 0.156747490168,
        "var": 350.671203613
    },
    "dissonance": {
        "dmean": 0.0406990498304,
        "dmean2": 0.0683263912797,
        "dvar": 0.00150258047506,
        "dvar2": 0.00408055447042,
        "max": 0.499999970198,
        "mean": 0.391553252935,
        "median": 0.408167511225,
        "min": 0.0737048909068,
        "var": 0.00536952493712
    },
    "dynamic_complexity": 3.72592496872,
    "erbbands_crest": {
        "dmean": 2.69146084785,
        "dmean2": 4.22223329544,
        "dvar": 6.94850158691,
        "dvar2": 16.1240615845,
        "max": 32.9503250122,
        "mean": 14.3427553177,
        "median": 13.1706972122,
        "min": 2.10052037239,
        "var": 39.7127304077
    },
    "erbbands_flatness_db": {
        "dmean": 0.022009247914,
        "dmean2": 0.0308124609292,
        "dvar": 0.000581221829634,
        "dvar2": 0.00102840247564,
        "max": 0.633614361286,
        "mean": 0.247831121087,
        "median": 0.213734939694,
        "min": 0.0421629175544,
        "var": 0.0159474592656
    },
    "erbbands_kurtosis": {
        "dmean": 2.9651889801,
        "dmean2": 4.59966135025,
        "dvar": 18.7699451447,
        "dvar2": 44.1938514709,
        "max": 81.3760986328,
        "mean": 5.14761734009,
        "median": 2.87263536453,
        "min": -1.8767362833,
        "var": 53.6932754517
    },
    "erbbands_skewness": {
        "dmean": 0.51043343544,
        "dmean2": 0.77712982893,
        "dvar": 0.251375883818,
        "dvar2": 0.603326618671,
        "max": 7.1508731842,
        "mean": 1.32238125801,
        "median": 1.19698953629,
        "min": -2.86139321327,
        "var": 1.32892417908
    },
    "erbbands_spread": {
        "dmean": 9.78488445282,
        "dmean2": 14.8514165878,
        "dvar": 322.694549561,
        "dvar2": 691.871032715,
        "max": 183.838424683,
        "mean": 23.9763565063,
        "median": 15.9233837128,
        "min": 0.5345505476,
        "var": 645.38269043
    },
    "hfc": {
        "dmean": 16.4468250275,
        "dmean2": 26.7926197052,
        "dvar": 1244.09875488,
        "dvar2": 3133.37768555,
        "max": 347.577270508,
        "mean": 23.327299118,
        "median": 10.7639131546,
        "min": 1.06532650648e-16,
        "var": 1215.6607666
    },
    "melbands_crest": {
        "dmean": 2.50096917152,
        "dmean2": 3.76061630249,
        "dvar": 9.28642272949,
        "dvar2": 19.5408496857,
        "max": 38.2084274292,
        "mean": 19.4288024902,
        "median": 18.4429664612,
        "min": 1.68369162083,
        "var": 63.7679901123
    },
    "melbands_flatness_db": {
        "dmean": 0.0268005523831,
        "dmean2": 0.0380999371409,
        "dvar": 0.000899553939234,
        "dvar2": 0.00174992484972,
        "max": 0.831258118153,
        "mean": 0.350326597691,
        "median": 0.334264159203,
        "min": 0.0034273203928,
        "var": 0.0160170011222
    },
    "melbands_kurtosis": {
        "dmean": 10.9874782562,
        "dmean2": 16.6659622192,
        "dvar": 889.106384277,
        "dvar2": 2072.75048828,
        "max": 650.30267334,
        "mean": 19.5538845062,
        "median": 8.65072345734,
        "min": -1.65381574631,
        "var": 1442.46838379
    },
    "melbands_skewness": {
        "dmean": 0.787054419518,
        "dmean2": 1.1336659193,
        "dvar": 1.24972140789,
        "dvar2": 2.50530958176,
        "max": 21.6923065186,
        "mean": 2.53548669815,
        "median": 2.0014193058,
        "min": -2.43048763275,
        "var": 5.42117023468
    },
    "melbands_spread": {
        "dmean": 3.78806424141,
        "dmean2": 5.77832460403,
        "dvar": 67.5653839111,
        "dvar2": 167.744857788,
        "max": 216.667190552,
        "mean": 10.1906757355,
        "median": 7.09270429611,
        "min": 0.373871684074,
        "var": 143.924194336
    },
    "pitch_salience": {
        "dmean": 0.0566472187638,
        "dmean2": 0.0876967310905,
        "dvar": 0.00388448336162,
        "dvar2": 0.00874964240938,
        "max": 0.936681449413,
        "mean": 0.440476745367,
        "median": 0.462190002203,
        "min": 0.0537775196135,
        "var": 0.0234412122518
    },
    "silence_rate_20dB": {
        "dmean": 0,
        "dmean2": 0,
        "dvar": 0,
        "dvar2": 0,
        "max": 1,
        "mean": 1,
        "median": 1,
        "min": 1,
        "var": 0
    },
    "silence_rate_30dB": {
        "dmean": 0.0360569469631,
        "dmean2": 0.072119474411,
        "dvar": 0.0347606912255,
        "dvar2": 0.0803814455867,
        "max": 1,
        "mean": 0.9418181777,
        "median": 1,
        "min": 0,
        "var": 0.0547906123102
    },
    "silence_rate_60dB": {
        "dmean": 0.0176415964961,
        "dmean2": 0.03528592363,
        "dvar": 0.0173267759383,
        "dvar2": 0.0400807633996,
        "max": 1,
        "mean": 0.11272726953,
        "median": 0,
        "min": 0,
        "var": 0.100008398294
    },
    "spectral_centroid": {
        "dmean": 118.981147766,
        "dmean2": 178.552871704,
        "dvar": 54137.890625,
        "dvar2": 116963.84375,
        "max": 11575.203125,
        "mean": 729.646484375,
        "median": 597.272583008,
        "min": 235.880081177,
        "var": 437370.90625
    },
    "spectral_complexity": {
        "dmean": 1.70550918579,
        "dmean2": 2.61363458633,
        "dvar": 8.31605052948,
        "dvar2": 11.22955513,
        "max": 62,
        "mean": 10.0830945969,
        "median": 10,
        "min": 0,
        "var": 29.6254692078
    },
    "spectral_decrease": {
        "dmean": 2.59782373391e-09,
        "dmean2": 3.85661147462e-09,
        "dvar": 4.45155386103e-17,
        "dvar2": 9.65649786827e-17,
        "max": 1.87769502893e-28,
        "mean": -9.52318046643e-09,
        "median": -5.4523972004e-09,
        "min": -1.02726332329e-07,
        "var": 1.16825417828e-16
    },
    "spectral_energy": {
        "dmean": 0.0107137700543,
        "dmean2": 0.0160260498524,
        "dvar": 0.000668133841828,
        "dvar2": 0.0014514636714,
        "max": 0.394816637039,
        "mean": 0.0380587875843,
        "median": 0.0227606911212,
        "min": 1.02730201758e-20,
        "var": 0.00175167934503
    },
    "spectral_energyband_high": {
        "dmean": 0.00118169630878,
        "dmean2": 0.00195299950428,
        "dvar": 8.23774098535e-06,
        "dvar2": 2.08851688512e-05,
        "max": 0.0302252583206,
        "mean": 0.00107863568701,
        "median": 7.84866861068e-05,
        "min": 7.25463488941e-21,
        "var": 7.13511917638e-06
    },
    "spectral_energyband_low": {
        "dmean": 0.00712940469384,
        "dmean2": 0.0103906942531,
        "dvar": 0.00063980667619,
        "dvar2": 0.00137746508699,
        "max": 0.383271634579,
        "mean": 0.0204733163118,
        "median": 0.000429898733273,
        "min": 1.87477369519e-23,
        "var": 0.00144320074469
    },
    "spectral_energyband_middle_high": {
        "dmean": 0.00094094092492,
        "dmean2": 0.00134179205634,
        "dvar": 2.76316200143e-06,
        "dvar2": 5.69108124182e-06,
        "max": 0.0298237167299,
        "mean": 0.00218856451102,
        "median": 0.00151263154112,
        "min": 1.23429029396e-21,
        "var": 5.91506341152e-06
    },
    "spectral_energyband_middle_low": {
        "dmean": 0.00363444769755,
        "dmean2": 0.0054730232805,
        "dvar": 4.18968484155e-05,
        "dvar2": 9.7857810033e-05,
        "max": 0.16382239759,
        "mean": 0.0143222417682,
        "median": 0.00805957056582,
        "min": 1.51569008026e-22,
        "var": 0.000272147037322
    },
    "spectral_entropy": {
        "dmean": 0.242969304323,
        "dmean2": 0.33638471365,
        "dvar": 0.0926206856966,
        "dvar2": 0.175518885255,
        "max": 9.8202123642,
        "mean": 6.59173488617,
        "median": 6.73171567917,
        "min": 3.22381162643,
        "var": 1.03691077232
    },
    "spectral_flux": {
        "dmean": 0.0272144749761,
        "dmean2": 0.042374804616,
        "dvar": 0.00190006231423,
        "dvar2": 0.00410300027579,
        "max": 0.530404865742,
        "mean": 0.0587368123233,
        "median": 0.0411508604884,
        "min": 6.46309117336e-11,
        "var": 0.00338041922078
    },
    "spectral_kurtosis": {
        "dmean": 15.7738628387,
        "dmean2": 26.9250335693,
        "dvar": 2334.61108398,
        "dvar2": 6936.44873047,
        "max": 1059.36828613,
        "mean": 46.15026474,
        "median": 9.08185386658,
        "min": -1.43816924095,
        "var": 9119.08496094
    },
    "spectral_rms": {
        "dmean": 0.000739843351766,
        "dmean2": 0.00107460119762,
        "dvar": 1.54152587584e-06,
        "dvar2": 3.04741843138e-06,
        "max": 0.01962617971,
        "mean": 0.00525825936347,
        "median": 0.00471227662638,
        "min": 3.16582675873e-12,
        "var": 9.48120850808e-06
    },
    "spectral_rolloff": {
        "dmean": 966.614257812,
        "dmean2": 1763.33740234,
        "dvar": 7757725,
        "dvar2": 18862080,
        "max": 19401.4160156,
        "mean": 1365.09460449,
        "median": 581.396484375,
        "min": 43.06640625,
        "var": 7920043.5
    },
    "spectral_skewness": {
        "dmean": 0.738669633865,
        "dmean2": 1.17470765114,
        "dvar": 1.31017482281,
        "dvar2": 3.74413633347,
        "max": 25.9651432037,
        "mean": 4.07357168198,
        "median": 2.76020026207,
        "min": -0.116595953703,
        "var": 13.5679836273
    },
    "spectral_spread": {
        "dmean": 1594961.125,
        "dmean2": 2217147.5,
        "dvar": 6.62089813197e+12,
        "dvar2": 1.13659734917e+13,
        "max": 41756344,
        "mean": 6020617.5,
        "median": 4910485,
        "min": 76178.9296875,
        "var": 2.59402225418e+13
    },
    "spectral_strongpeak": {
        "dmean": 0.312289983034,
        "dmean2": 0.513693571091,
        "dvar": 0.350016564131,
        "dvar2": 0.807116806507,
        "max": 8.80486392975,
        "mean": 1.1506061554,
        "median": 0.724133551121,
        "min": 0,
        "var": 1.2280806303
    },
    "zerocrossingrate": {
        "dmean": 0.0172789376229,
        "dmean2": 0.0211117882282,
        "dvar": 0.000857707171235,
        "dvar2": 0.00122322072275,
        "max": 0.52783203125,
        "mean": 0.0527927055955,
        "median": 0.03173828125,
        "min": 0.00146484375,
        "var": 0.00314997904934
    },
    "barkbands": {
        "dmean": [0.000864501809701, 0.00664405664429, 0.000591489195358, 0.00018809325411, 0.000341576902429, 0.000909646041691, 0.00154129357543, 0.00130604964215, 0.000482746894704, 0.00048658112064, 8.07845062809e-05, 0.000175601235242, 0.000133013119921, 0.000218781366129, 0.000171634339495, 5.26420953975e-05, 1.66283225553e-05, 1.85788867384e-05, 2.27353448281e-05, 2.26495230891e-05, 2.30897985602e-05, 2.28804838116e-05, 5.44364120287e-05, 0.00016040817718, 0.000404121121392, 0.000288504699711, 0.000237639978877],
        "dmean2": [0.00133162364364, 0.00978831574321, 0.00105776789133, 0.000314492586767, 0.000546637747902, 0.00131750770379, 0.00254587689415, 0.00172837858554, 0.000676025112625, 0.000712704146281, 0.000116182382044, 0.000230894860579, 0.000199048125069, 0.000334310403559, 0.000265627197223, 8.20669229142e-05, 2.50827943091e-05, 2.89960426016e-05, 3.00328647427e-05, 3.52335737261e-05, 3.41047125403e-05, 3.13291347993e-05, 8.79969811649e-05, 0.000275121303275, 0.000689878070261, 0.000479734124383, 0.00039284923696],
        "dvar": [8.15610383142e-06, 0.000613572949078, 1.19031683425e-05, 5.24855920503e-07, 1.41271766552e-06, 7.45398028812e-06, 1.22190176626e-05, 1.3906543245e-05, 2.00254680749e-06, 6.43645876153e-07, 5.75120466806e-08, 1.58371747716e-07, 2.13969258311e-07, 4.87776162572e-07, 2.65030706714e-07, 2.97375759573e-08, 5.04290476044e-09, 1.22510082079e-08, 1.51669965476e-08, 2.55310155239e-08, 1.97803018409e-08, 2.02688053008e-08, 3.35628129733e-08, 2.48445331863e-07, 1.25627241232e-06, 4.77470678106e-07, 4.22497151931e-07],
        "dvar2": [1.96023265744e-05, 0.00140303326771, 3.36419943778e-05, 1.41744817483e-06, 3.81353083867e-06, 1.67870712175e-05, 3.44429645338e-05, 2.37075473706e-05, 3.58427109859e-06, 1.22695416849e-06, 1.16210316037e-07, 2.9855698358e-07, 4.78521428704e-07, 1.10535893327e-06, 6.34880336747e-07, 6.69242155027e-08, 8.67928751092e-09, 2.35387069836e-08, 2.22926832549e-08, 5.54472165959e-08, 4.25141593041e-08, 3.11741032988e-08, 8.41344700575e-08, 6.55983171782e-07, 3.32488343702e-06, 1.20083268484e-06, 1.0741183587e-06],
        "max": [0.0706204250455, 0.373810440302, 0.0603904090822, 0.0128166070208, 0.0349064357579, 0.109525039792, 0.100176505744, 0.139666676521, 0.0603019781411, 0.017660567537, 0.00837664026767, 0.00780739774927, 0.0128586571664, 0.0191289614886, 0.0161253158003, 0.00508162984625, 0.00225183344446, 0.00293622980826, 0.00437883241102, 0.00486264005303, 0.00432435935363, 0.00460370210931, 0.00366611941718, 0.00571322441101, 0.0120796952397, 0.00611350173131, 0.00492213573307],
        "mean": [0.00287859514356, 0.0165256578475, 0.00115840591025, 0.000314987264574, 0.000727577775251, 0.00281221466139, 0.00498547265306, 0.00434913858771, 0.000926923647057, 0.000865437032189, 0.000173664448084, 0.00038036389742, 0.000181344032171, 0.000263756606728, 0.000257616338786, 8.27392359497e-05, 2.06877120945e-05, 2.69672909781e-05, 3.15652359859e-05, 3.04155419144e-05, 2.65576400125e-05, 3.13839700539e-05, 6.01480969635e-05, 0.000140507981996, 0.000334321142873, 0.000264501490165, 0.000207572375075],
        "median": [1.72952659341e-05, 7.21173928468e-05, 2.42951100518e-05, 6.61188969389e-05, 0.000198924448341, 0.000913889496587, 0.0017590377247, 0.000810200523119, 0.000272150646197, 0.000476761633763, 2.64941172645e-05, 8.1201797002e-05, 3.12018783006e-05, 4.96824504808e-05, 4.60420815216e-05, 8.30344288261e-06, 4.98153303852e-06, 4.48841183243e-06, 6.21018716629e-06, 2.99078601529e-06, 2.13201678889e-06, 2.26238171308e-06, 7.21108790458e-06, 1.95152042579e-05, 1.69043050846e-05, 1.25642964122e-05, 3.96894802179e-06],
        "min": [2.70250261538e-25, 2.64189753817e-24, 3.93510640795e-25, 1.17399995687e-24, 1.12374608567e-23, 1.17458201789e-23, 1.12533067057e-23, 9.51576877558e-24, 8.13638789596e-24, 2.26841008041e-23, 1.76184052577e-23, 1.55587430767e-23, 2.81144094387e-23, 4.62193446597e-23, 5.70606569247e-23, 6.8698242232e-23, 9.87004904802e-23, 1.23391931477e-22, 1.15632695613e-22, 2.17445482178e-22, 2.67678226113e-22, 3.30413645467e-22, 3.73549519019e-22, 6.32198228641e-22, 1.00759040052e-21, 1.4405618959e-21, 1.98018092331e-21],
        "var": [5.95242272539e-05, 0.00106053741183, 2.77651906799e-05, 5.15537294632e-07, 1.87046668998e-06, 3.20864928653e-05, 8.63355453475e-05, 0.000103299738839, 7.01515000401e-06, 1.459133955e-06, 1.63130266628e-07, 5.11810185344e-07, 2.76972144775e-07, 5.54507039396e-07, 3.69971161263e-07, 7.4668008665e-08, 8.2787821043e-09, 2.11068620359e-08, 2.80966645505e-08, 3.68580295174e-08, 2.64892747737e-08, 3.51132918297e-08, 3.56641507437e-08, 1.85334045e-07, 9.11512017865e-07, 4.16602205178e-07, 3.68323583189e-07]
    },
    "erbbands": {
        "dmean": [0.285318791866, 1.23025155067, 0.931156218052, 0.61033219099, 0.80045747757, 0.86024749279, 3.99486875534, 8.82417297363, 25.3475093842, 12.4644470215, 30.4277877808, 11.7359409332, 12.4498271942, 10.7167043686, 4.38669013977, 6.09453630447, 5.60963058472, 9.70683574677, 11.8600893021, 4.05781078339, 3.23313879967, 0.962579965591, 0.840561449528, 1.31077611446, 1.10301554203, 0.978565633297, 0.921145915985, 0.841456949711, 0.869455814362, 1.13803195953, 1.56242096424, 2.656021595, 3.17830348015, 3.44494795799, 3.46244454384, 1.34144747257, 0.487636446953, 0.230174437165, 0.0388536639512, 0.00191730167717],
        "dmean2": [0.406049579382, 1.91740548611, 1.57229793072, 1.06248700619, 1.25169312954, 1.39560222626, 6.23301696777, 12.7758674622, 42.0037345886, 18.7083511353, 40.4023170471, 16.0770568848, 17.6355018616, 15.9348812103, 6.1348862648, 7.86072301865, 8.23384857178, 14.6826314926, 18.2603034973, 6.29085731506, 4.98640871048, 1.46120500565, 1.21112549305, 1.79079985619, 1.49569427967, 1.51156973839, 1.36011707783, 1.17931258678, 1.18280446529, 1.68631076813, 2.52832722664, 4.43750047684, 5.51003742218, 5.98580598831, 5.85815191269, 2.30125260353, 0.797513246536, 0.377495706081, 0.0636728703976, 0.00319047248922],
        "dvar": [0.973021507263, 27.4768428802, 23.4213848114, 9.14079284668, 5.79820537567, 8.53577136993, 410.007110596, 505.611694336, 3687.94799805, 588.131469727, 7931.85253906, 1412.87475586, 571.760803223, 359.23928833, 92.7827224731, 229.897155762, 415.450469971, 1126.77612305, 1169.31665039, 164.593658447, 115.001548767, 15.8904752731, 19.5635375977, 64.4181594849, 40.7688598633, 47.6631393433, 50.1495170593, 15.9876775742, 24.7400035858, 25.771396637, 28.8592567444, 61.7104454041, 104.675804138, 98.6600494385, 86.1894073486, 12.4442090988, 1.41704750061, 0.348441779613, 0.0113926706836, 2.90358184429e-05],
        "dvar2": [2.1573779583, 68.2177963257, 63.6546821594, 25.8150253296, 13.9756526947, 22.7833423615, 1079.55371094, 1126.45776367, 10446.4296875, 1294.65136719, 13236.7167969, 2497.68261719, 1026.91381836, 736.001098633, 192.565429688, 439.877685547, 918.047668457, 2499.515625, 2784.39892578, 392.660614014, 255.69480896, 25.7720737457, 31.05327034, 112.408721924, 67.4155502319, 99.5142745972, 109.796012878, 28.4155082703, 38.3871955872, 48.3744888306, 72.3854904175, 159.887832642, 283.081298828, 265.56552124, 224.299530029, 33.1985664368, 3.4336578846, 0.861681044102, 0.0289897564799, 7.40180330467e-05],
        "max": [15.5326213837, 75.6309509277, 77.3904571533, 57.0219535828, 63.6871109009, 74.9154434204, 640.21282959, 816.164306641, 1805.47167969, 538.511169434, 3763.04296875, 1701.33630371, 691.068847656, 459.076690674, 244.563964844, 394.792938232, 619.883972168, 1053.14587402, 1026.10241699, 613.062072754, 346.230682373, 117.177108765, 152.318664551, 243.706726074, 240.312759399, 207.186859131, 216.687927246, 122.383911133, 158.739242554, 148.872665405, 104.275505066, 103.531394958, 120.734489441, 116.365921021, 96.8869628906, 33.7708015442, 10.7460899353, 4.320977211, 0.834314405918, 0.0416537262499],
        "mean": [0.746781468391, 2.60043525696, 2.06134963036, 0.97992670536, 1.56046795845, 1.86808800697, 8.50636768341, 30.3899765015, 83.3690109253, 43.4335021973, 100.318115234, 27.6929721832, 24.3691635132, 20.3065853119, 10.3983726501, 13.1420125961, 8.35755348206, 12.3525037766, 17.1748428345, 6.39852046967, 5.25780820847, 1.39020872116, 1.2787078619, 1.75572836399, 1.58197081089, 1.39390540123, 1.08979034424, 1.01467072964, 1.14662337303, 1.45648896694, 1.6904989481, 2.47885990143, 2.67933106422, 2.8269610405, 2.86062049866, 1.1429040432, 0.464835673571, 0.210672691464, 0.0338984057307, 0.00162210594863],
        "median": [0.00113774358761, 0.01923889108, 0.0858417823911, 0.218993410468, 0.454265117645, 0.551871538162, 2.62867045403, 10.8354873657, 29.601568222, 18.8715286255, 18.7039108276, 7.66252470016, 12.4822006226, 11.4653940201, 4.29116344452, 3.55024290085, 2.20332241058, 2.7420361042, 4.40091371536, 1.59729969501, 0.587145805359, 0.329624891281, 0.284945368767, 0.284677505493, 0.313378632069, 0.161683753133, 0.0968040525913, 0.0673006474972, 0.0814573168755, 0.112085022032, 0.212176725268, 0.321996748447, 0.327857702971, 0.156957060099, 0.120469324291, 0.0684010460973, 0.0167667325586, 0.0059678023681, 0.00070231675636, 6.30301001365e-05],
        "min": [1.53041110827e-22, 6.88222448554e-22, 1.79320761067e-21, 6.9846630092e-21, 1.34839575991e-20, 5.38372666567e-20, 5.97779065638e-20, 1.05949209039e-19, 1.32974866937e-19, 1.35916191948e-19, 2.6669996084e-19, 2.94290311678e-19, 4.73968442235e-19, 1.16162514045e-18, 8.39746623431e-19, 9.32122121735e-19, 1.5588539176e-18, 2.55052249689e-18, 2.96136098007e-18, 3.62362307838e-18, 4.51291751031e-18, 5.34853743306e-18, 5.65994818622e-18, 7.30931365401e-18, 6.50186791652e-18, 9.45704013803e-18, 1.17199937086e-17, 1.17869688684e-17, 1.13017662278e-17, 1.19849049172e-17, 1.13279200244e-17, 1.12043442039e-17, 1.01844801395e-17, 8.6325850856e-18, 7.58199870603e-18, 4.39739884263e-18, 2.48101368284e-18, 1.10033250462e-18, 2.63160791041e-19, 2.87850516739e-20],
        "var": [2.34619140625, 34.5153541565, 45.4786758423, 8.5439863205, 9.87792015076, 12.1248292923, 564.024780273, 2981.79785156, 25672.7949219, 4012.20678711, 58984.0273438, 5565.11328125, 1457.51489258, 769.643615723, 255.737808228, 655.696166992, 556.469177246, 1347.87756348, 1520.97583008, 256.162017822, 316.035797119, 29.3562011719, 37.5139694214, 105.147521973, 69.37134552, 73.330116272, 65.1008758545, 27.7909812927, 42.8437957764, 40.3780174255, 29.5485267639, 50.2929191589, 72.8801116943, 69.1295852661, 64.4892044067, 9.18443489075, 1.36341130733, 0.320586264133, 0.00997132062912, 2.40241715801e-05]
    },
    "gfcc": {
        "mean": [-88.455329895, 110.718475342, -80.7138214111, -42.2434806824, -61.5441741943, 1.10324513912, -38.5304031372, 11.0956888199, -8.52707958221, 9.23875617981, -4.5100569725, -2.59219121933, -6.94000911713],
        "cov": [[20804.4179688, -8578.04980469, 2209.31079102, 2245.51635742, 89.990486145, 3172.45678711, -16.3686218262, 1822.17626953, 228.28553772, 2099.52929688, 240.502944946, 863.430419922, -452.370483398], [-8578.04980469, 6270.37744141, -1209.37597656, -1026.70788574, 152.968399048, -1652.50354004, 206.35874939, -884.871582031, 18.0703735352, -1090.63562012, 35.6575813293, -494.434844971, 271.214233398], [2209.31079102, -1209.37597656, 1582.70617676, 363.571044922, 310.378936768, 809.832763672, 241.674713135, 366.899841309, 195.478408813, 416.766998291, 74.9268341064, 236.841384888, -39.4331207275], [2245.51635742, -1026.70788574, 363.571044922, 1055.45019531, 142.13394165, 546.605529785, 182.60559082, 310.16998291, 51.6720962524, 303.721496582, 68.5844726562, 167.151901245, -39.6692085266], [89.990486145, 152.968399048, 310.378936768, 142.13394165, 466.550018311, 247.976898193, 204.403320312, 191.025924683, 135.289123535, 126.740386963, 71.4140090942, 43.0567245483, 100.601036072], [3172.45678711, -1652.50354004, 809.832763672, 546.605529785, 247.976898193, 986.730102539, 182.051208496, 497.370941162, 146.771270752, 513.39453125, 107.02822113, 219.881011963, -77.6873855591], [-16.3686218262, 206.35874939, 241.674713135, 182.60559082, 204.403320312, 182.051208496, 359.725616455, 160.730484009, 159.083999634, 114.404563904, 89.7982177734, 88.4139175415, 38.5974617004], [1822.17626953, -884.871582031, 366.899841309, 310.16998291, 191.025924683, 497.370941162, 160.730484009, 464.406890869, 145.986572266, 356.726287842, 95.8980712891, 140.097488403, 27.6994132996], [228.28553772, 18.0703735352, 195.478408813, 51.6720962524, 135.289123535, 146.771270752, 159.083999634, 145.986572266, 223.747848511, 136.17565918, 83.6922988892, 59.4929199219, 37.5014533997], [2099.52929688, -1090.63562012, 416.766998291, 303.721496582, 126.740386963, 513.39453125, 114.404563904, 356.726287842, 136.17565918, 427.503570557, 113.15662384, 164.329193115, -2.04470825195], [240.502944946, 35.6575813293, 74.9268341064, 68.5844726562, 71.4140090942, 107.02822113, 89.7982177734, 95.8980712891, 83.6922988892, 113.15662384, 140.700317383, 58.5990447998, 20.9658985138], [863.430419922, -494.434844971, 236.841384888, 167.151901245, 43.0567245483, 219.881011963, 88.4139175415, 140.097488403, 59.4929199219, 164.329193115, 58.5990447998, 198.912704468, 31.8194637299], [-452.370483398, 271.214233398, -39.4331207275, -39.6692085266, 100.601036072, -77.6873855591, 38.5974617004, 27.6994132996, 37.5014533997, -2.04470825195, 20.9658985138, 31.8194637299, 183.041748047]],
        "icov": [[0.00015496078413, 7.05513375578e-05, 1.47337977978e-05, -9.07965877559e-05, 6.32985684206e-05, -0.000154184846906, 0.000172854197444, -0.000111324523459, 2.27340351557e-05, -0.000311865878757, 4.82892792206e-05, -6.59687502775e-05, 0.000139894458698], [7.05513375578e-05, 0.000715701491572, 1.20914228319e-05, 5.48047719349e-05, -0.000350876682205, 0.000416190450778, -0.00061723968247, 0.000201397924684, -0.000298165599816, 0.00118852732703, -0.00123325735331, 0.000680112512782, -0.000305057532387], [1.47337977978e-05, 1.20914228319e-05, 0.00127637211699, 0.000156016409164, -0.000383063423214, -0.00102767231874, -0.000204556563403, 0.000549410877284, -0.000428181170719, -0.000228892677114, 0.000634496391285, -0.000661894155201, 0.000189193393453], [-9.07965877559e-05, 5.48047719349e-05, 0.000156016409164, 0.00154220010154, -0.00012431803043, -0.000493493047543, -0.000816768326331, -4.33586901636e-05, 0.000605973531492, 0.000157979447977, -8.07691467344e-05, -0.000278962572338, 3.52654133167e-05], [6.32985684206e-05, -0.000350876682205, -0.000383063423214, -0.00012431803043, 0.00451389886439, -0.00157592038158, -0.0009339612443, -0.000703253608663, -0.000345242791809, 0.000184627468116, 6.2568593421e-05, 0.00141484080814, -0.00245982292108], [-0.000154184846906, 0.000416190450778, -0.00102767231874, -0.000493493047543, -0.00157592038158, 0.00566947041079, -0.000314083677949, -0.00161676248536, 0.000532768201083, -0.00165092991665, -0.000451350206276, -0.000326041656081, 0.00223800144158], [0.000172854197444, -0.00061723968247, -0.000204556563403, -0.000816768326331, -0.0009339612443, -0.000314083677949, 0.00639959145337, -0.0013043776853, -0.00228531425819, -3.18778729707e-05, 1.55043853738e-05, -0.00221785856411, 0.00120024278294], [-0.000111324523459, 0.000201397924684, 0.000549410877284, -4.33586901636e-05, -0.000703253608663, -0.00161676248536, -0.0013043776853, 0.00797582697123, -0.000958038959652, -0.00368775334209, 0.000316325924359, 0.000781800132245, -0.00171322689857], [2.27340351557e-05, -0.000298165599816, -0.000428181170719, 0.000605973531492, -0.000345242791809, 0.000532768201083, -0.00228531425819, -0.000958038959652, 0.00886583793908, -0.00254231318831, -0.00145612552296, 0.000237021056819, -0.000139435331221], [-0.000311865878757, 0.00118852732703, -0.000228892677114, 0.000157979447977, 0.000184627468116, -0.00165092991665, -3.18778729707e-05, -0.00368775334209, -0.00254231318831, 0.0145612936467, -0.00581872556359, -0.000495068146847, -0.00134817871731], [4.82892792206e-05, -0.00123325735331, 0.000634496391285, -8.07691467344e-05, 6.2568593421e-05, -0.000451350206276, 1.55043853738e-05, 0.000316325924359, -0.00145612552296, -0.00581872556359, 0.0136275365949, -0.00262585585006, 0.000917646219023], [-6.59687502775e-05, 0.000680112512782, -0.000661894155201, -0.000278962572338, 0.00141484080814, -0.000326041656081, -0.00221785856411, 0.000781800132245, 0.000237021056819, -0.000495068146847, -0.00262585585006, 0.0101818386465, -0.00346373929642], [0.000139894458698, -0.000305057532387, 0.000189193393453, 3.52654133167e-05, -0.00245982292108, 0.00223800144158, 0.00120024278294, -0.00171322689857, -0.000139435331221, -0.00134817871731, 0.000917646219023, -0.00346373929642, 0.00912786927074]]
    },
    "melbands": {
        "dmean": [0.00213378062472, 0.000828291696962, 0.000113141912152, 5.22730515513e-05, 0.000119326257845, 0.000203204501304, 0.000359863799531, 0.000165384379216, 0.000222541435505, 6.65866973577e-05, 6.54720279272e-05, 4.9382339057e-05, 1.31232891363e-05, 2.22513863264e-05, 1.15157981782e-05, 1.30971484396e-05, 1.95649572561e-05, 2.05863070732e-05, 8.78742685018e-06, 3.51084736394e-06, 3.70937254957e-06, 9.60040551945e-07, 8.4219090013e-07, 8.70657459018e-07, 1.1277890053e-06, 8.9253404667e-07, 8.35396292587e-07, 6.43213127205e-07, 5.55889016596e-07, 5.52421624889e-07, 5.21940648923e-07, 4.8994803592e-07, 4.47083920108e-07, 7.68919505845e-07, 9.31572913032e-07, 9.62028366303e-07, 1.97483223019e-06, 1.84902455658e-06, 3.10596624331e-06, 2.76758783002e-06],
        "dmean2": [0.00310123944655, 0.00130230211653, 0.000192229636014, 8.22980073281e-05, 0.000185205150046, 0.000294282304822, 0.00059766479535, 0.000232857710216, 0.00029429155984, 9.23678744584e-05, 9.32763214223e-05, 7.36901347409e-05, 1.85615845112e-05, 2.93976991088e-05, 1.603907549e-05, 1.96290529857e-05, 2.97931255773e-05, 3.18369857268e-05, 1.35578693516e-05, 5.55713495487e-06, 5.69199391975e-06, 1.430605721e-06, 1.24858854633e-06, 1.35379161748e-06, 1.54108624884e-06, 1.26688996716e-06, 1.31651756874e-06, 9.92424133983e-07, 8.00347663699e-07, 8.68590632308e-07, 7.43893622257e-07, 6.6574733637e-07, 6.32050273452e-07, 1.20914683066e-06, 1.51491860834e-06, 1.57551039592e-06, 3.34546143677e-06, 3.21804145642e-06, 5.45687544218e-06, 4.78904030388e-06],
        "dvar": [5.83668334002e-05, 1.37006973091e-05, 2.45588012149e-07, 2.43098661201e-08, 3.44527194329e-07, 2.79784813983e-07, 6.98088342688e-07, 1.39909474228e-07, 4.04156452305e-07, 4.2699042524e-08, 1.48469796457e-08, 7.60092699892e-09, 1.1233848296e-09, 2.54671350675e-09, 1.74377012829e-09, 1.77775127952e-09, 5.07237674086e-09, 3.66676156105e-09, 5.96619920135e-10, 1.34624839054e-10, 1.59015883794e-10, 1.91681913397e-11, 1.88333237894e-11, 2.04320640268e-11, 4.99889712957e-11, 2.30614884827e-11, 3.15245746174e-11, 2.26913193097e-11, 1.74231427896e-11, 1.87852945005e-11, 3.80695865457e-12, 7.25838486537e-12, 8.84964844461e-12, 8.99371549457e-12, 1.13282430311e-11, 8.35094233348e-12, 3.35907725246e-11, 4.31382742028e-11, 7.45370293265e-11, 6.8557097499e-11],
        "dvar2": [0.000132518616738, 3.40035148838e-05, 6.83399662194e-07, 6.13132442595e-08, 9.02802980818e-07, 6.27228303074e-07, 1.99415376301e-06, 2.64171859499e-07, 6.65992217819e-07, 7.59826548347e-08, 2.67937014797e-08, 1.54885739789e-08, 2.29730701129e-09, 4.82180073647e-09, 3.77302900034e-09, 3.981696306e-09, 1.12961027199e-08, 8.70130367758e-09, 1.37658773269e-09, 3.21218579513e-10, 3.49996559512e-10, 3.17242447589e-11, 3.64207553005e-11, 3.70561810403e-11, 8.87470166799e-11, 3.59857144083e-11, 7.47401654455e-11, 4.88994990333e-11, 3.70801063465e-11, 4.28838527189e-11, 6.43315522381e-12, 1.12273766673e-11, 1.40594636627e-11, 1.95370386535e-11, 2.87695700596e-11, 2.11951532714e-11, 8.69845931395e-11, 1.16450654675e-10, 2.0213487828e-10, 1.84406628856e-10],
        "max": [0.112826555967, 0.0563925541937, 0.00949325505644, 0.00307730771601, 0.0180325005203, 0.0192140750587, 0.0234414823353, 0.0109071461484, 0.0280339941382, 0.0091669941321, 0.00329907867126, 0.00204835599288, 0.00118481554091, 0.00108895113226, 0.00131516775582, 0.000958516786341, 0.00240418640897, 0.0015971964458, 0.000754675886128, 0.000511968799401, 0.000403005629778, 0.000141808923217, 0.000122338402434, 0.000128970088554, 0.000215827400098, 0.000174699889612, 0.000170559404069, 0.000130540880491, 0.000124250131194, 0.000138140079798, 5.22203554283e-05, 8.6021842435e-05, 9.06411587493e-05, 8.40746724862e-05, 6.86615603627e-05, 5.00942587678e-05, 7.64360738685e-05, 8.17234467831e-05, 0.000101555990113, 8.88584909262e-05],
        "mean": [0.00561729958281, 0.00187239993829, 0.000198514579097, 0.000110609296826, 0.000256345490925, 0.000705486512743, 0.00118365464732, 0.000560642802157, 0.000731898238882, 0.00013396673603, 0.000123654288473, 9.07132271095e-05, 2.98647682939e-05, 4.83416697534e-05, 1.90329810721e-05, 1.80932438525e-05, 2.36157175095e-05, 2.84710076812e-05, 1.39745025081e-05, 5.07511413161e-06, 5.87712975175e-06, 1.17712488645e-06, 1.13039857297e-06, 1.28200804284e-06, 1.429275585e-06, 1.23808399621e-06, 1.0986379948e-06, 8.80616028098e-07, 6.59721877128e-07, 6.0064775198e-07, 6.26326880138e-07, 6.40312180167e-07, 6.13218333001e-07, 9.18307307529e-07, 9.81934022093e-07, 1.01191596968e-06, 1.7733156028e-06, 1.55317127337e-06, 2.55526924775e-06, 2.24945483751e-06],
        "median": [1.65213423315e-05, 4.59065558971e-05, 4.36572336184e-05, 3.27941452269e-05, 7.40610994399e-05, 0.000229829645832, 0.000451568193967, 0.000209626130527, 0.000133869849378, 3.84321247111e-05, 6.39473873889e-05, 4.97013606946e-05, 9.04206808627e-06, 9.83677637123e-06, 3.44604404745e-06, 3.43425335814e-06, 3.90671266359e-06, 6.36227605355e-06, 2.57177703133e-06, 6.62615491365e-07, 4.70078163062e-07, 2.48403665637e-07, 2.55473366906e-07, 2.08571890425e-07, 1.94476712068e-07, 2.6114287266e-07, 1.34503977733e-07, 8.52678567753e-08, 5.83937698195e-08, 3.3537876476e-08, 3.41360113509e-08, 4.03064106536e-08, 4.28880788661e-08, 6.41336228568e-08, 1.00063779485e-07, 1.33705782446e-07, 2.02081110956e-07, 2.22384855419e-07, 1.74690569565e-07, 1.13035298455e-07],
        "min": [1.05193714243e-24, 1.08400335215e-24, 1.54676897928e-24, 2.02518521234e-24, 2.94815976842e-24, 2.25307884482e-24, 2.24018787155e-24, 1.34553687325e-24, 2.11790378162e-24, 1.43773301939e-24, 2.19852931044e-24, 4.678282406e-24, 2.13254701218e-24, 2.13107342001e-24, 2.3207709991e-24, 2.80263327242e-24, 4.70908584662e-24, 3.47266352354e-24, 4.10086422794e-24, 3.91096805311e-24, 4.73111044867e-24, 4.52931904025e-24, 5.9103529779e-24, 4.52287799096e-24, 4.82871108088e-24, 4.18035537477e-24, 5.21136462903e-24, 4.99938113772e-24, 4.2143813122e-24, 6.06521465664e-24, 5.94845062089e-24, 5.81620952861e-24, 6.62330219265e-24, 4.88748437376e-24, 5.70138687955e-24, 6.24926734431e-24, 6.16850376483e-24, 6.62097741956e-24, 5.85134302675e-24, 6.86092050793e-24],
        "var": [0.000122507262859, 1.96760483959e-05, 2.59702630956e-07, 4.12474570055e-08, 4.94244602578e-07, 1.6491584347e-06, 4.67739164378e-06, 9.78957814368e-07, 3.15298279929e-06, 1.53885906684e-07, 3.69600883232e-08, 1.61230744311e-08, 2.88143375826e-09, 8.44180991777e-09, 2.64696886632e-09, 2.32298269509e-09, 5.88002269097e-09, 4.57249837993e-09, 1.19336540649e-09, 2.01556021873e-10, 4.35759539563e-10, 3.1459165134e-11, 3.02716358924e-11, 3.80441927961e-11, 7.73137456833e-11, 4.01280154938e-11, 3.80684442303e-11, 3.38533680255e-11, 2.33896426532e-11, 2.25679232246e-11, 7.11812032927e-12, 1.28025264001e-11, 1.45729279338e-11, 1.2346591631e-11, 1.13583135952e-11, 7.93905132607e-12, 2.660627621e-11, 2.96776318798e-11, 5.4093483165e-11, 4.73832847958e-11]
    },
    "mfcc": {
        "mean": [-743.692321777, 162.231338501, 28.2829322815, -26.8094806671, -4.62118721008, -17.3155860901, -9.2531671524, -8.7241859436, -2.99202132225, 12.334107399, 3.28747844696, -1.02525663376, 4.22672557831],
        "cov": [[10081.9199219, -2925.54956055, 502.481323242, -6.2291560173, 1230.3449707, 899.642456055, 884.235168457, 542.327697754, 437.280395508, 882.485168457, 846.972595215, 673.805297852, 602.275817871], [-2925.54956055, 2447.2109375, -263.15335083, 97.2702331543, -334.34072876, -327.37588501, -199.926300049, -155.401428223, -141.44581604, -216.913818359, -222.669219971, -149.297668457, -135.232818604], [502.481323242, -263.15335083, 948.276611328, 66.1529159546, 143.503051758, 350.018066406, 139.790100098, 166.986190796, 140.383377075, 69.3318710327, 187.10269165, 114.383621216, 60.5544242859], [-6.2291560173, 97.2702331543, 66.1529159546, 462.283416748, 104.997718811, 97.8187942505, 110.658920288, 114.550323486, 68.2776641846, 3.84438323975, 32.729801178, 24.1526985168, 62.6778717041], [1230.3449707, -334.34072876, 143.503051758, 104.997718811, 419.738983154, 210.567260742, 233.321029663, 112.402572632, 149.798095703, 220.723464966, 134.563690186, 111.098625183, 94.3129196167], [899.642456055, -327.37588501, 350.018066406, 97.8187942505, 210.567260742, 407.243652344, 204.451828003, 193.566345215, 118.557937622, 131.621017456, 205.181930542, 114.1771698, 91.0565261841], [884.235168457, -199.926300049, 139.790100098, 110.658920288, 233.321029663, 204.451828003, 320.850463867, 151.22845459, 167.335128784, 183.892059326, 141.534545898, 132.674926758, 131.536956787], [542.327697754, -155.401428223, 166.986190796, 114.550323486, 112.402572632, 193.566345215, 151.22845459, 229.878601074, 111.117332458, 103.035591125, 151.326217651, 120.918869019, 100.492767334], [437.280395508, -141.44581604, 140.383377075, 68.2776641846, 149.798095703, 118.557937622, 167.335128784, 111.117332458, 290.249572754, 150.607528687, 77.7258453369, 99.4266662598, 147.376480103], [882.485168457, -216.913818359, 69.3318710327, 3.84438323975, 220.723464966, 131.621017456, 183.892059326, 103.035591125, 150.607528687, 296.810638428, 149.931381226, 121.694946289, 100.851470947], [846.972595215, -222.669219971, 187.10269165, 32.729801178, 134.563690186, 205.181930542, 141.534545898, 151.326217651, 77.7258453369, 149.931381226, 284.279693604, 171.921051025, 95.7171478271], [673.805297852, -149.297668457, 114.383621216, 24.1526985168, 111.098625183, 114.1771698, 132.674926758, 120.918869019, 99.4266662598, 121.694946289, 171.921051025, 213.296539307, 142.96131897], [602.275817871, -135.232818604, 60.5544242859, 62.6778717041, 94.3129196167, 91.0565261841, 131.536956787, 100.492767334, 147.376480103, 100.851470947, 95.7171478271, 142.96131897, 225.235595703]],
