{
"lowlevel": {
    "average_loudness": 0.928915321827,
    "barkbands_crest": {
        "dmean": 1.9981752634,
        "dmean2": 3.2307062149,
        "dvar": 3.10942053795,
        "dvar2": 8.97017669678,
        "max": 24.2348079681,
        "mean": 10.0732135773,
        "median": 9.3136806488,
        "min": 3.8091609478,
        "var": 11.378657341
    },
    "barkbands_flatness_db": {
        "dmean": 0.0147591168061,
        "dmean2": 0.0244384407997,
        "dvar": 0.000139969182783,
        "dvar2": 0.000409643194871,
        "max": 0.439759373665,
        "mean": 0.329735726118,
        "median": 0.330750107765,
        "min": 0.0542335771024,
        "var": 0.00131771503948
    },
    "barkbands_kurtosis": {
        "dmean": 1.77146136761,
        "dmean2": 2.7711212635,
        "dvar": 3.62816143036,
        "dvar2": 9.25876998901,
        "max": 38.8030891418,
        "mean": 3.20517253876,
        "median": 2.4850153923,
        "min": -1.59781956673,
        "var": 9.96147346497
    },
    "barkbands_skewness": {
        "dmean": 0.351957917213,
        "dmean2": 0.538722515106,
        "dvar": 0.0876916199923,
        "dvar2": 0.221206754446,
        "max": 4.9634475708,
        "mean": 1.29035043716,
        "median": 1.28036665916,
        "min": -4.20679998398,
        "var": 0.472853571177
    },
    "barkbands_spread": {
        "dmean": 1.09959495068,
        "dmean2": 1.72406053543,
        "dvar": 2.50087213516,
        "dvar2": 5.49092388153,
        "max": 131.984527588,
        "mean": 5.73795366287,
        "median": 5.36510705948,
        "min": 1.09913575649,
        "var": 9.87482261658
    },
    "dissonance": {
        "dmean": 0.0379314571619,
        "dmean2": 0.0630800127983,
        "dvar": 0.000937075121328,
        "dvar2": 0.00255706929602,
        "max": 0.500000119209,
        "mean": 0.410001784563,
        "median": 0.414264887571,
        "min": 0.22473923862,
        "var": 0.00207617599517
    },
    "dynamic_complexity": 1.37234377861,
    "erbbands_crest": {
        "dmean": 2.21252989769,
        "dmean2": 3.5746049881,
        "dvar": 3.79212188721,
        "dvar2": 9.53559303284,
        "max": 24.1751270294,
        "mean": 9.14167404175,
        "median": 8.62259578705,
        "min": 2.53302812576,
        "var": 7.95925045013
    },
    "erbbands_flatness_db": {
        "dmean": 0.0108301872388,
        "dmean2": 0.0170344654471,
        "dvar": 7.05290804035e-05,
        "dvar2": 0.000174103974132,
        "max": 0.414580911398,
        "mean": 0.336907327175,
        "median": 0.339547604322,
        "min": 0.0549290552735,
        "var": 0.000865748093929
    },
    "erbbands_kurtosis": {
        "dmean": 0.620602607727,
        "dmean2": 0.98761343956,
        "dvar": 0.346616119146,
        "dvar2": 0.860643088818,
        "max": 7.58337211609,
        "mean": 0.15442623198,
        "median": -0.00188732147217,
        "min": -1.45751452446,
        "var": 0.694289326668
    },
    "erbbands_skewness": {
        "dmean": 0.315269470215,
        "dmean2": 0.479654937983,
        "dvar": 0.0593212582171,
        "dvar2": 0.141368165612,
        "max": 2.38876342773,
        "mean": 0.455588907003,
        "median": 0.450501412153,
        "min": -1.63409543037,
        "var": 0.221815124154
    },
    "erbbands_spread": {
        "dmean": 2.32684230804,
        "dmean2": 3.60724067688,
        "dvar": 3.85500121117,
        "dvar2": 9.16666507721,
        "max": 88.9670944214,
        "mean": 15.2245340347,
        "median": 14.8284959793,
        "min": 4.92395162582,
        "var": 16.359670639
    },
    "hfc": {
        "dmean": 2.47874712944,
        "dmean2": 3.78331780434,
        "dvar": 4.78788852692,
        "dvar2": 11.4176425934,
        "max": 48.8546295166,
        "mean": 13.7374715805,
        "median": 13.174621582,
        "min": 1.05315007699e-16,
        "var": 29.6117362976
    },
    "melbands_crest": {
        "dmean": 2.42503738403,
        "dmean2": 3.8913693428,
        "dvar": 4.55503940582,
        "dvar2": 13.0605545044,
        "max": 31.4953403473,
        "mean": 12.8555727005,
        "median": 12.2419528961,
        "min": 1.65075623989,
        "var": 15.3114976883
    },
    "melbands_flatness_db": {
        "dmean": 0.0148296030238,
        "dmean2": 0.0240350756794,
        "dvar": 0.000150492545799,
        "dvar2": 0.00042337688501,
        "max": 0.57965028286,
        "mean": 0.438297629356,
        "median": 0.441765010357,
        "min": 0.00254068849608,
        "var": 0.0031746334862
    },
    "melbands_kurtosis": {
        "dmean": 2.42389726639,
        "dmean2": 3.7693965435,
        "dvar": 6.33270645142,
        "dvar2": 16.2715873718,
        "max": 44.3565864563,
        "mean": 5.17424964905,
        "median": 4.27360486984,
        "min": -1.43054246902,
        "var": 18.0161190033
    },
    "melbands_skewness": {
        "dmean": 0.380622595549,
        "dmean2": 0.585672676563,
        "dvar": 0.101317040622,
        "dvar2": 0.261355876923,
        "max": 5.30842542648,
        "mean": 1.75636363029,
        "median": 1.72302806377,
        "min": -0.41003921628,
        "var": 0.43317759037
    },
    "melbands_spread": {
        "dmean": 1.62953686714,
        "dmean2": 2.52618193626,
        "dvar": 4.45619010925,
        "dvar2": 10.3538227081,
        "max": 162.121627808,
        "mean": 8.4903459549,
        "median": 6.96896457672,
        "min": 1.60325908661,
        "var": 141.392227173
    },
    "pitch_salience": {
        "dmean": 0.0542507320642,
        "dmean2": 0.0872475206852,
        "dvar": 0.00195037107915,
        "dvar2": 0.00527957361192,
        "max": 0.848926007748,
        "mean": 0.617631494999,
        "median": 0.622566282749,
        "min": 0.238594844937,
        "var": 0.00631870562211
    },
    "silence_rate_20dB": {
        "dmean": 0,
        "dmean2": 0,
        "dvar": 0,
        "dvar2": 0,
        "max": 1,
        "mean": 1,
        "median": 1,
        "min": 1,
        "var": 0
    },
    "silence_rate_30dB": {
        "dmean": 0.00155719136819,
        "dmean2": 0.003114603227,
        "dvar": 0.0015547425719,
        "dvar2": 0.00353000825271,
        "max": 1,
        "mean": 0.997593581676,
        "median": 1,
        "min": 0,
        "var": 0.00240057404153
    },
    "silence_rate_60dB": {
        "dmean": 0.000141562850331,
        "dmean2": 0.000283145753201,
        "dvar": 0.000141522905324,
        "dvar2": 0.000283065572148,
        "max": 1,
        "mean": 0.018331091851,
        "median": 0,
        "min": 0,
        "var": 0.0179946962744
    },
    "spectral_centroid": {
        "dmean": 41.8060379028,
        "dmean2": 65.4288330078,
        "dvar": 14485.2050781,
        "dvar2": 31476.6757812,
        "max": 11548.5917969,
        "mean": 476.23526001,
        "median": 390.597045898,
        "min": 216.013366699,
        "var": 724910.8125
    },
    "spectral_complexity": {
        "dmean": 1.65996599197,
        "dmean2": 2.81928229332,
        "dvar": 1.81173324585,
        "dvar2": 4.94589948654,
        "max": 23,
        "mean": 13.8585176468,
        "median": 14,
        "min": 0,
        "var": 8.08261966705
    },
    "spectral_decrease": {
        "dmean": 2.06583905538e-09,
        "dmean2": 3.20502691054e-09,
        "dvar": 3.51053673529e-18,
        "dvar2": 9.69025543994e-18,
        "max": 9.3415862386e-17,
        "mean": -1.0854691368e-08,
        "median": -1.03136823526e-08,
        "min": -3.53352049842e-08,
        "var": 1.98960197638e-17
    },
    "spectral_energy": {
        "dmean": 0.00799018051475,
        "dmean2": 0.0123925749213,
        "dvar": 5.22078371432e-05,
        "dvar2": 0.000143917102832,
        "max": 0.136535227299,
        "mean": 0.0422142893076,
        "median": 0.0401455126703,
        "min": 1.02447966764e-20,
        "var": 0.000296892743791
    },
    "spectral_energyband_high": {
        "dmean": 2.06943624903e-07,
        "dmean2": 3.61379761671e-07,
        "dvar": 2.46247114496e-13,
        "dvar2": 7.49348337287e-13,
        "max": 1.59163719218e-05,
        "mean": 6.58575572743e-07,
        "median": 4.29581433536e-07,
        "min": 7.17617470805e-21,
        "var": 7.71527319029e-13
    },
    "spectral_energyband_low": {
        "dmean": 0.00342503655702,
        "dmean2": 0.00500855315477,
        "dvar": 1.3519958884e-05,
        "dvar2": 3.03415690723e-05,
        "max": 0.0853316634893,
        "mean": 0.0110006406903,
        "median": 0.00849934015423,
        "min": 8.64570331764e-24,
        "var": 8.7713204266e-05
    },
    "spectral_energyband_middle_high": {
        "dmean": 0.00117693666834,
        "dmean2": 0.00175954354927,
        "dvar": 1.88221554254e-06,
        "dvar2": 3.83810765925e-06,
        "max": 0.0281408242881,
        "mean": 0.00304437009618,
        "median": 0.00240576313809,
        "min": 1.0969978003e-21,
        "var": 5.66507696931e-06
    },
    "spectral_energyband_middle_low": {
        "dmean": 0.00705475732684,
        "dmean2": 0.0111104724929,
        "dvar": 4.43862336397e-05,
        "dvar2": 0.000129236388602,
        "max": 0.115482449532,
        "mean": 0.0310242958367,
        "median": 0.0289746914059,
        "min": 1.5424228724e-22,
        "var": 0.000209497113246
    },
    "spectral_entropy": {
        "dmean": 0.100780896842,
        "dmean2": 0.162667527795,
        "dvar": 0.00699941487983,
        "dvar2": 0.0192441437393,
        "max": 9.8279876709,
        "mean": 6.10254192352,
        "median": 6.0813331604,
        "min": 5.07068061829,
        "var": 0.148796141148
    },
    "spectral_flux": {
        "dmean": 0.0148614505306,
        "dmean2": 0.0250867735595,
        "dvar": 0.000152508509927,
        "dvar2": 0.000429066480137,
        "max": 0.202202215791,
        "mean": 0.0742890015244,
        "median": 0.0726185441017,
        "min": 6.43983755211e-11,
        "var": 0.000457031739643
    },
    "spectral_kurtosis": {
        "dmean": 27.2327346802,
        "dmean2": 47.9238586426,
        "dvar": 450.64932251,
        "dvar2": 1318.53442383,
        "max": 158.610580444,
        "mean": 59.5096130371,
        "median": 60.3710823059,
        "min": -1.25630640984,
        "var": 821.86315918
    },
    "spectral_rms": {
        "dmean": 0.000604339584243,
        "dmean2": 0.00093724852195,
        "dvar": 2.62021245589e-07,
        "dvar2": 7.3418334523e-07,
        "max": 0.0115414513275,
        "mean": 0.00625015841797,
        "median": 0.00625830283388,
        "min": 3.16147498805e-12,
        "var": 2.12015720535e-06
    },
    "spectral_rolloff": {
        "dmean": 104.735298157,
        "dmean2": 175.134002686,
        "dvar": 42610.3710938,
        "dvar2": 67227.5703125,
        "max": 19832.0800781,
        "mean": 723.131347656,
        "median": 538.330078125,
        "min": 150.732421875,
        "var": 3401501.25
    },
    "spectral_skewness": {
        "dmean": 1.53342008591,
        "dmean2": 2.69515490532,
        "dvar": 1.29860067368,
        "dvar2": 3.88022994995,
        "max": 10.5324554443,
        "mean": 4.92210245132,
        "median": 4.91976356506,
        "min": -0.0441113896668,
        "var": 2.48615932465
    },
    "spectral_spread": {
        "dmean": 207202.3125,
        "dmean2": 363540.03125,
        "dvar": 199120732160,
        "dvar2": 394081566720,
        "max": 43316392,
        "mean": 1243076.75,
        "median": 941045.4375,
        "min": 451208.09375,
        "var": 1.00220629156e+13
    },
    "spectral_strongpeak": {
        "dmean": 0.352052092552,
        "dmean2": 0.592347383499,
        "dvar": 0.181985318661,
        "dvar2": 0.457616597414,
        "max": 5.35579442978,
        "mean": 0.844037592411,
        "median": 0.699038743973,
        "min": 0,
        "var": 0.345353722572
    },
    "zerocrossingrate": {
        "dmean": 0.00221551395953,
        "dmean2": 0.00290877651423,
        "dvar": 1.52228358274e-05,
        "dvar2": 1.37624083436e-05,
        "max": 0.69775390625,
        "mean": 0.0244121272117,
        "median": 0.0185546875,
        "min": 0.0068359375,
        "var": 0.00290309125558
    },
    "barkbands": {
        "dmean": [1.58113016369e-05, 0.00128254923038, 0.00184781162534, 0.00260370643809, 0.00422160467133, 0.00266211293638, 0.00100375793409, 0.000882956257556, 0.00120394467376, 0.000992740504444, 0.000438276678324, 0.000190662700334, 0.000177174908458, 5.52709170734e-05, 8.49730276968e-05, 2.87927559839e-05, 1.57422418852e-05, 5.89255250816e-06, 2.28206067732e-06, 4.15627852135e-07, 9.7660205256e-08, 1.99037017978e-08, 4.80668482794e-09, 1.77174486193e-09, 1.44874257035e-09, 1.36949418472e-09, 1.49376488956e-09],
        "dmean2": [2.77292328974e-05, 0.00179596012458, 0.00252086576074, 0.00421909289435, 0.00633140141144, 0.00408806977794, 0.00129543046933, 0.00126697414089, 0.00175623677205, 0.00146056280937, 0.000686396670062, 0.000305784487864, 0.000292512908345, 9.32278126129e-05, 0.000145591009641, 4.86655844725e-05, 2.72661418421e-05, 1.01101095424e-05, 3.96198493036e-06, 7.21559160866e-07, 1.69991324128e-07, 3.4254533432e-08, 8.37020319722e-09, 3.15585069188e-09, 2.61141641644e-09, 2.4857866876e-09, 2.69509858875e-09],
        "dvar": [6.11331207878e-10, 3.17391913995e-06, 4.56094494439e-06, 1.16077217172e-05, 2.81852808257e-05, 9.51725996856e-06, 1.64101652445e-06, 1.00345289411e-06, 1.86763384136e-06, 1.61386537911e-06, 4.11561472902e-07, 1.42287703397e-07, 6.21445011006e-08, 4.99316588076e-09, 1.3459693804e-08, 1.02835739924e-09, 4.90020246602e-10, 6.41015088232e-11, 1.16426581917e-11, 4.52353405385e-13, 3.32671546289e-14, 7.76336189345e-16, 6.60082121709e-17, 3.99878133262e-18, 3.08018961096e-18, 2.9682245112e-18, 3.34824451949e-18],
        "dvar2": [1.90247440024e-09, 5.6741764638e-06, 9.93580215436e-06, 3.48545909219e-05, 8.80243242136e-05, 2.76294358628e-05, 2.66397591986e-06, 1.91850722331e-06, 3.78768368137e-06, 3.08797916659e-06, 9.13708163353e-07, 3.2931785654e-07, 1.5646592999e-07, 1.36619799918e-08, 3.64059324909e-08, 2.86911983061e-09, 1.39193390147e-09, 1.81181139536e-10, 3.37306051146e-11, 1.3324604007e-12, 9.85557935176e-14, 2.29609858518e-15, 1.97263703141e-16, 1.19904677068e-17, 9.22122914337e-18, 8.87003637942e-18, 1.00320009741e-17],
        "max": [0.000431105087046, 0.0412248149514, 0.0460718199611, 0.0476288795471, 0.0931774526834, 0.0478496327996, 0.0401029698551, 0.0308100897819, 0.0213395189494, 0.0259776413441, 0.017126666382, 0.0138417761773, 0.00438616424799, 0.00127080501989, 0.00287393596955, 0.000600234547164, 0.000486455275677, 0.000226180607569, 7.69305115682e-05, 1.69352260855e-05, 4.17636783823e-06, 8.26629559469e-07, 2.84690770513e-07, 3.84175038448e-08, 2.58535877151e-08, 2.51747458435e-08, 2.77007732308e-08],
        "mean": [3.23134518112e-05, 0.00341487699188, 0.00490597449243, 0.00530425645411, 0.0127615286037, 0.00632553733885, 0.00239865574986, 0.001633659238, 0.00217476347461, 0.00167769216932, 0.000662445265334, 0.000303756532958, 0.000286125956336, 9.51805704972e-05, 0.000133005014504, 5.54919242859e-05, 3.0507444535e-05, 1.23277532111e-05, 4.8731149036e-06, 9.58540567808e-07, 2.53015571161e-07, 6.29938696761e-08, 1.55063766272e-08, 4.48040848866e-09, 2.3820569961e-09, 1.64735358688e-09, 2.23572382829e-09],
        "median": [1.12533662104e-05, 0.00164167757612, 0.00332926306874, 0.00344010721892, 0.00976279191673, 0.00495111290365, 0.00152880093083, 0.00114972435404, 0.00151107669808, 0.00104985269718, 0.000397120660637, 0.00018700621149, 0.000183188298251, 7.16049908078e-05, 9.4465984148e-05, 4.47541024187e-05, 2.38572793023e-05, 9.48242541199e-06, 3.6822139009e-06, 6.32937371847e-07, 1.61585887781e-07, 4.83597091261e-08, 1.15189129346e-08, 3.73296193956e-09, 1.80330572697e-09, 1.07989728271e-09, 1.64605995501e-09],
        "min": [8.35515125232e-25, 2.26824686509e-24, 4.35691625043e-25, 1.5829591566e-24, 9.08658111149e-24, 8.42052218338e-24, 6.56674638777e-24, 7.89069795589e-24, 1.58231802962e-23, 1.45033039835e-23, 1.84105904228e-23, 2.67746617198e-23, 1.715652562e-23, 2.88393095017e-23, 4.70664645205e-23, 4.4208301554e-23, 6.50856126958e-23, 8.4105307867e-23, 1.34527870668e-22, 1.93102938583e-22, 2.47326119629e-22, 3.00886064292e-22, 4.05281568839e-22, 6.00468753664e-22, 9.1470211728e-22, 1.34320550449e-21, 1.84400712277e-21],
        "var": [2.42995334965e-09, 2.26003048738e-05, 2.33678201766e-05, 3.18994134432e-05, 0.000119862874271, 2.85139358311e-05, 7.36012270863e-06, 2.80965991806e-06, 4.56306679553e-06, 3.84370741813e-06, 8.27354369903e-07, 2.30551975733e-07, 1.04936027867e-07, 7.59732188271e-09, 2.04277306182e-08, 1.88536164458e-09, 7.60854990123e-10, 1.32156202648e-10, 2.44811722977e-11, 1.23572625656e-12, 7.86722846157e-14, 2.94848653752e-15, 2.75501013045e-16, 1.05321416694e-17, 3.61250535735e-18, 2.6236214816e-18, 2.99626221165e-18]
    },
    "erbbands": {
        "dmean": [0.0186208747327, 0.3584395051, 1.71436524391, 5.41553783417, 10.5104999542, 16.1480331421, 16.9644184113, 26.3732299805, 15.0897512436, 11.771282196, 19.0991706848, 34.274772644, 17.4168319702, 31.7699203491, 16.5259132385, 8.85932254791, 8.37076663971, 3.01705622673, 4.93631601334, 2.36366224289, 1.27501344681, 0.59005510807, 0.377697467804, 0.198485478759, 0.0763654187322, 0.0226602293551, 0.00611693458632, 0.00202580937184, 0.000823075359222, 0.000303333159536, 0.00011276423902, 4.51542109658e-05, 2.74910980806e-05, 1.77844358404e-05, 1.13375363071e-05, 6.84044880472e-06, 3.54648818757e-06, 9.8588009223e-07, 3.65502000932e-06, 8.79184972291e-06],
        "dmean2": [0.0283612255007, 0.496239840984, 2.3652613163, 8.653008461, 16.926399231, 23.3455200195, 23.5709819794, 42.1220474243, 19.4407405853, 16.0265274048, 27.7234420776, 50.1720237732, 25.3398399353, 47.1423072815, 26.3065071106, 14.1437692642, 13.7720422745, 5.03692674637, 8.43902015686, 4.07603502274, 2.17604231834, 1.01509869099, 0.649315059185, 0.339943319559, 0.132375851274, 0.0394452661276, 0.0106288520619, 0.00350412190892, 0.00141947995871, 0.000523327442352, 0.000196730150492, 7.9668177932e-05, 4.86941135023e-05, 3.12416232191e-05, 1.97132212634e-05, 1.16614537546e-05, 5.93985578234e-06, 1.7256652427e-06, 5.64912170375e-06, 1.36284752443e-05],
        "dvar": [0.000920866092201, 0.23348121345, 3.92196035385, 45.4495811462, 212.46522522, 460.381652832, 310.833709717, 1084.30773926, 320.822113037, 250.225723267, 528.050415039, 1556.00854492, 636.050720215, 2017.46984863, 546.565979004, 357.295959473, 147.06678772, 12.8489265442, 48.0505599976, 9.25148296356, 2.6534576416, 0.515074312687, 0.242403432727, 0.0759963989258, 0.0204803254455, 0.00141093810089, 0.000119959571748, 1.02600306491e-05, 1.30260912101e-06, 2.14830720324e-07, 2.71522484496e-08, 2.80619461002e-09, 9.05978125854e-10, 3.98339694563e-10, 1.56582580235e-10, 5.09036181262e-11, 1.23271757385e-11, 1.32061896141e-12, 1.0742080836e-11, 6.27764576433e-11],
        "dvar2": [0.00193625630345, 0.416888356209, 8.60248851776, 130.606552124, 705.687133789, 1304.54089355, 666.101013184, 3209.9375, 513.826660156, 421.846557617, 1077.82836914, 3181.16674805, 1235.13671875, 3874.04101562, 1316.89489746, 826.778625488, 367.950378418, 34.4723815918, 130.219223022, 26.4170207977, 7.24574041367, 1.47250556946, 0.680661976337, 0.214028358459, 0.0591431744397, 0.0041992161423, 0.000356796808774, 3.06930269289e-05, 3.80429332836e-06, 6.28772284017e-07, 7.98606194508e-08, 8.46972803004e-09, 2.70480238207e-09, 1.17855658566e-09, 4.63631744108e-10, 1.47306083997e-10, 3.49876655426e-11, 3.90285156623e-12, 2.93963117737e-11, 1.72727263048e-10],
        "max": [0.78090941906, 10.9773788452, 42.6368522644, 112.242469788, 241.240737915, 347.420837402, 504.026550293, 598.119873047, 390.068054199, 592.107116699, 459.712799072, 632.840942383, 591.885070801, 985.564819336, 582.133239746, 691.930969238, 204.896575928, 70.748008728, 174.742797852, 56.5117835999, 27.5302562714, 12.7793731689, 13.0230817795, 7.3717083931, 4.6403594017, 0.98544049263, 0.286669462919, 0.0773351565003, 0.0262633413076, 0.0119028063491, 0.00630286475644, 0.00131224631332, 0.000476757617434, 0.000334589974955, 0.000224358431296, 0.000136189846671, 6.92316752975e-05, 2.28087192227e-05, 6.31397488178e-05, 0.000150230713189],
        "mean": [0.0478617139161, 0.999397158623, 5.00759506226, 12.8105621338, 26.6298046112, 47.0435142517, 48.7745056152, 55.3420219421, 40.0048561096, 28.0692043304, 37.7370071411, 62.7924537659, 35.927936554, 51.5105247498, 27.4667949677, 15.0058336258, 13.943110466, 6.23460912704, 7.88152360916, 4.43058681488, 2.63413906097, 1.35655212402, 0.852020382881, 0.443019121885, 0.16870701313, 0.0537427850068, 0.016869418323, 0.00633016368374, 0.00267235189676, 0.00107532914262, 0.000402327510528, 0.000154260284035, 8.5651568952e-05, 5.55048536626e-05, 3.7543981307e-05, 2.61707773461e-05, 1.50199084601e-05, 2.72779629995e-06, 1.97281278815e-05, 4.67945028504e-05],
        "median": [0.0189584922045, 0.544979035854, 3.46556258202, 8.938788414, 19.6690921783, 33.4653167725, 38.0075950623, 39.5458145142, 27.225610733, 18.8931846619, 26.8020992279, 43.6752128601, 23.014793396, 30.2213153839, 19.1926116943, 9.11535739899, 8.80092811584, 5.12028932571, 5.67483901978, 3.33117127419, 2.0641336441, 1.13822865486, 0.683929204941, 0.341157019138, 0.123831637204, 0.0364177636802, 0.0112736988813, 0.00430290354416, 0.00197096820921, 0.000838473322801, 0.00031639484223, 0.000130981119582, 7.50903200242e-05, 4.96315478813e-05, 3.45163898601e-05, 2.44910297624e-05, 1.41650361911e-05, 2.44934017246e-06, 1.87905625353e-05, 4.45019068138e-05],
        "min": [6.00062067468e-23, 3.83091454311e-22, 6.08304149315e-22, 8.10206123213e-21, 1.88520310026e-20, 3.04389734593e-20, 4.31162950597e-20, 8.16668697931e-20, 1.15848919535e-19, 1.8118623591e-19, 2.8904107521e-19, 3.36157437997e-19, 3.60974484885e-19, 5.59417853873e-19, 1.03889852431e-18, 1.12289602718e-18, 1.13015650161e-18, 1.75550328694e-18, 2.0336690309e-18, 3.12491609386e-18, 3.98250572689e-18, 4.37006631365e-18, 5.3038647169e-18, 6.99839135101e-18, 6.20658139504e-18, 8.39062813898e-18, 8.7337244591e-18, 9.8966783618e-18, 1.1518514018e-17, 1.254846555e-17, 1.10880914135e-17, 1.11540325975e-17, 1.09096263691e-17, 8.08378714512e-18, 6.15849159576e-18, 4.46923865165e-18, 2.12950266115e-18, 1.02955603628e-18, 2.44998308783e-19, 2.62278987428e-20],
        "var": [0.00595096778125, 1.63119351864, 22.4754562378, 155.848098755, 593.132507324, 2032.08166504, 1606.63842773, 2819.32983398, 1606.30627441, 1017.61193848, 1321.68041992, 3749.59643555, 1772.67053223, 4219.79980469, 975.616271973, 578.842956543, 250.881286621, 22.0418758392, 68.6789169312, 14.1892795563, 4.70420217514, 1.01498949528, 0.517788469791, 0.150093987584, 0.0399098359048, 0.00356315658428, 0.000341441977071, 4.07875813835e-05, 5.78426670472e-06, 9.38685218443e-07, 1.27796852212e-07, 1.22311600848e-08, 2.17293938398e-09, 7.94433907547e-10, 2.94739593842e-10, 1.23189305978e-10, 3.8218265358e-11, 1.94177074593e-12, 6.2467711559e-11, 3.5882966043e-10]
    },
    "gfcc": {
        "mean": [-131.016067505, 260.565826416, -124.302398682, -27.9793071747, -12.7436990738, -32.1634864807, -17.6574993134, -15.9250183105, -14.1523714066, -20.344367981, -8.85854530334, -12.2976160049, -1.13599956036],
        "cov": [[10081.7529297, 2675.93383789, -1240.91345215, -244.736175537, -100.699905396, -393.817749023, -98.8822555542, -195.786437988, -129.103027344, -222.905075073, -47.1539611816, -116.099243164, 9.8933095932], [2675.93383789, 955.734558105, -178.46496582, -87.8347091675, 50.6537284851, -88.0669937134, -22.9670639038, -26.7872886658, -18.1976852417, -59.8487014771, -22.3447418213, -43.9881820679, 3.87937569618], [-1240.91345215, -178.46496582, 403.10055542, 47.8895111084, 101.880210876, 84.572517395, 11.6833019257, 59.0495376587, 27.5211391449, 26.9347705841, -4.38830184937, 2.97760772705, 0.739213705063], [-244.736175537, -87.8347091675, 47.8895111084, 85.8017120361, 35.3741188049, 29.4850673676, 18.2943897247, 9.58246040344, 17.105134964, 17.2713851929, 13.4629096985, 8.4975643158, 0.0645499974489], [-100.699905396, 50.6537284851, 101.880210876, 35.3741188049, 93.5216827393, 49.8943710327, 13.3881311417, 19.7937545776, 14.1589183807, 6.31505870819, -0.246418207884, -2.05266952515, 3.62951636314], [-393.817749023, -88.0669937134, 84.572517395, 29.4850673676, 49.8943710327, 87.601776123, 43.6264610291, 30.8243980408, 19.3521137238, 17.5748615265, 7.16572237015, 9.6346244812, -1.42606174946], [-98.8822555542, -22.9670639038, 11.6833019257, 18.2943897247, 13.3881311417, 43.6264610291, 66.5251693726, 36.1921920776, 14.4577074051, 9.16431808472, 8.96582984924, 7.91901731491, 2.40476942062], [-195.786437988, -26.7872886658, 59.0495376587, 9.58246040344, 19.7937545776, 30.8243980408, 36.1921920776, 61.4031219482, 36.9832000732, 14.671210289, 3.68692922592, 4.02305555344, 0.0216002389789], [-129.103027344, -18.1976852417, 27.5211391449, 17.105134964, 14.1589183807, 19.3521137238, 14.4577074051, 36.9832000732, 56.7210769653, 33.6161422729, 8.0235748291, 4.22115468979, -1.77988731861], [-222.905075073, -59.8487014771, 26.9347705841, 17.2713851929, 6.31505870819, 17.5748615265, 9.16431808472, 14.671210289, 33.6161422729, 52.1145477295, 29.2832126617, 10.0770797729, 0.461767107248], [-47.1539611816, -22.3447418213, -4.38830184937, 13.4629096985, -0.246418207884, 7.16572237015, 8.96582984924, 3.68692922592, 8.0235748291, 29.2832126617, 43.5991592407, 27.5924530029, 4.80067682266], [-116.099243164, -43.9881820679, 2.97760772705, 8.4975643158, -2.05266952515, 9.6346244812, 7.91901731491, 4.02305555344, 4.22115468979, 10.0770797729, 27.5924530029, 42.0923538208, 22.6913414001], [9.8933095932, 3.87937569618, 0.739213705063, 0.0645499974489, 3.62951636314, -1.42606174946, 2.40476942062, 0.0216002389789, -1.77988731861, 0.461767107248, 4.80067682266, 22.6913414001, 38.3450737]],
        "icov": [[0.00109486759175, -0.00296556320973, 0.00212908349931, -0.00192192371469, 0.00168569257949, -0.00115390878636, 0.00155345164239, -0.00131964532193, 0.00129651487805, 0.000355260446668, -0.000415342772612, 0.000748232938349, -0.000654294737615], [-0.00296556320973, 0.0105713484809, -0.00504844076931, 0.00870110560209, -0.00961920060217, 0.00665223039687, -0.00665469095111, 0.00627026101574, -0.00856930110604, 0.00555303040892, -0.00577034521848, 0.00378148350865, -0.000629954447504], [0.00212908349931, -0.00504844076931, 0.00973975099623, -0.00424126768485, -0.00219035241753, -0.0032193469815, 0.0075146718882, -0.0106865642592, 0.00967203918844, -0.00645188288763, 0.00624192180112, -0.00301970820874, 0.000935296935495], [-0.00192192371469, 0.00870110560209, -0.00424126768485, 0.0247385371476, -0.0148790897802, 0.00760815106332, -0.0122202578932, 0.0139180459082, -0.0162215158343, 0.00972734950483, -0.0125526636839, 0.00530532281846, -0.000332515483024], [0.00168569257949, -0.00961920060217, -0.00219035241753, -0.0148790897802, 0.0376302227378, -0.0236668344587, 0.0131067149341, -0.00468952255324, 0.000698146875948, 0.00652735400945, -0.00840482395142, 0.0129734650254, -0.0113270394504], [-0.00115390878636, 0.00665223039687, -0.0032193469815, 0.00760815106332, -0.0236668344587, 0.0404251404107, -0.0249209646136, 0.00669138785452, -0.00117986893747, -0.0104458071291, 0.0146780777723, -0.0185472592711, 0.0141856996343], [0.00155345164239, -0.00665469095111, 0.0075146718882, -0.0122202578932, 0.0131067149341, -0.0249209646136, 0.0443801023066, -0.0311032552272, 0.0181243699044, -0.00462296931073, -0.00136638048571, 0.00355527084321, -0.00582085363567], [-0.00131964532193, 0.00627026101574, -0.0106865642592, 0.0139180459082, -0.00468952255324, 0.00669138785452, -0.0311032552272, 0.0633288547397, -0.0527091398835, 0.0347422026098, -0.0281967669725, 0.0185689721256, -0.00782700255513], [0.00129651487805, -0.00856930110604, 0.00967203918844, -0.0162215158343, 0.000698146875948, -0.00117986893747, 0.0181243699044, -0.0527091398835, 0.089944280684, -0.0798209607601, 0.0700386911631, -0.0503180027008, 0.0253005232662], [0.000355260446668, 0.00555303040892, -0.00645188288763, 0.00972734950483, 0.00652735400945, -0.0104458071291, -0.00462296931073, 0.0347422026098, -0.0798209607601, 0.121420249343, -0.114435426891, 0.0811148732901, -0.0401228666306], [-0.000415342772612, -0.00577034521848, 0.00624192180112, -0.0125526636839, -0.00840482395142, 0.0146780777723, -0.00136638048571, -0.0281967669725, 0.0700386911631, -0.114435426891, 0.15807826817, -0.120524056256, 0.058195117861], [0.000748232938349, 0.00378148350865, -0.00301970820874, 0.00530532281846, 0.0129734650254, -0.0185472592711, 0.00355527084321, 0.0185689721256, -0.0503180027008, 0.0811148732901, -0.120524056256, 0.133743271232, -0.0700456053019], [-0.000654294737615, -0.000629954447504, 0.000935296935495, -0.000332515483024, -0.0113270394504, 0.0141856996343, -0.00582085363567, -0.00782700255513, 0.0253005232662, -0.0401228666306, 0.058195117861, -0.0700456053019, 0.0640856102109]]
    },
    "melbands": {
        "dmean": [0.000258933199802, 0.000737868598662, 0.00101254240144, 0.00101640366483, 0.00059843249619, 0.000544928014278, 0.000229779630899, 0.00013672663772, 0.000154351015226, 0.000209448146052, 8.77571146702e-05, 0.000139308074722, 5.71205710003e-05, 2.97247206618e-05, 1.8263959646e-05, 1.53989349201e-05, 5.66406379221e-06, 8.02737122285e-06, 4.14260830439e-06, 2.95175937026e-06, 1.54105271122e-06, 7.52048833874e-07, 6.32375702025e-07, 3.10111090585e-07, 1.68236113041e-07, 7.8155700578e-08, 2.74231002351e-08, 1.48115022469e-08, 5.31453592245e-09, 2.6394191277e-09, 1.16211018586e-09, 6.01559080327e-10, 3.06611097622e-10, 1.62025712291e-10, 8.5676847561e-11, 4.09550622582e-11, 2.65099955876e-11, 2.02222683043e-11, 1.70939842142e-11, 1.39057680301e-11],
        "dmean2": [0.000371452770196, 0.00101420062128, 0.00163393537514, 0.00152424711268, 0.000850934360642, 0.000861707667354, 0.000295414531138, 0.000190260077943, 0.000222365095397, 0.000305470224703, 0.00012805913866, 0.000206993281608, 9.02507745195e-05, 4.75380511489e-05, 2.96924463328e-05, 2.53982525464e-05, 9.4964816526e-06, 1.37281676871e-05, 7.0899432103e-06, 5.09404708282e-06, 2.63016931967e-06, 1.29693694362e-06, 1.09142081328e-06, 5.35556011982e-07, 2.8945700592e-07, 1.35311765348e-07, 4.72214800595e-08, 2.59910528655e-08, 9.28131704825e-09, 4.58928939295e-09, 2.00526639738e-09, 1.03817476838e-09, 5.30041954772e-10, 2.81826229021e-10, 1.49638870739e-10, 7.20387152708e-11, 4.66744316807e-11, 3.59828312979e-11, 3.04920255711e-11, 2.48792601104e-11],
        "dvar": [1.43468355418e-07, 7.21144999716e-07, 1.42107774082e-06, 1.8184050532e-06, 3.98365955334e-07, 4.44986284265e-07, 7.74663462266e-08, 3.11828749489e-08, 3.13802530627e-08, 6.04362995205e-08, 1.59261244193e-08, 3.89142478241e-08, 5.74115599505e-09, 2.39925812551e-09, 7.77134245844e-10, 4.42398007117e-10, 5.49391920845e-11, 1.12786481543e-10, 2.70894313925e-11, 1.09140118817e-11, 4.24855116365e-12, 9.0547090225e-13, 7.08162803571e-13, 2.13549650511e-13, 5.84002789704e-14, 1.90427287518e-14, 2.51173453882e-15, 8.85137359661e-16, 7.71184654073e-17, 3.94431413626e-17, 3.66773744762e-18, 6.81826160569e-19, 1.65004256683e-19, 7.92578872048e-20, 1.76476495684e-20, 3.38993801543e-21, 8.89574688638e-22, 4.85194440715e-22, 3.74710293132e-22, 2.64479035422e-22],
        "dvar2": [2.67272952215e-07, 1.50328196469e-06, 4.12141116612e-06, 5.76696857024e-06, 9.14236579774e-07, 1.31915930979e-06, 1.24899216303e-07, 5.30640136276e-08, 6.36806305465e-08, 1.22773855082e-07, 3.09196579451e-08, 7.47413579916e-08, 1.33454287621e-08, 5.64009150494e-09, 1.86576065708e-09, 1.12327447344e-09, 1.48464157634e-10, 3.06125125249e-10, 7.34920735379e-11, 3.11914279127e-11, 1.16524021335e-11, 2.60240418624e-12, 1.97862256093e-12, 6.03825312234e-13, 1.6567297664e-13, 5.46449346818e-14, 7.2947671734e-15, 2.65102381304e-15, 2.25079444566e-16, 1.17265504384e-16, 1.06741735437e-17, 1.97612703876e-18, 4.75987228218e-19, 2.35586260033e-19, 5.16288139746e-20, 1.03073796752e-20, 2.67417475398e-21, 1.4585054144e-21, 1.12366902342e-21, 7.90527433837e-22],
        "max": [0.0100264195353, 0.0185988340527, 0.0177367962897, 0.0248744376004, 0.0137871727347, 0.0115561075509, 0.00648644380271, 0.00731308711693, 0.0033964952454, 0.00421435618773, 0.0029222893063, 0.00434634834528, 0.0015662991209, 0.00171155866701, 0.000686104467604, 0.000401758181397, 0.000158037641086, 0.000263437948888, 0.000109862347017, 5.28527889401e-05, 3.64118241123e-05, 1.94505009858e-05, 1.72083709913e-05, 1.45315825648e-05, 6.67814038025e-06, 4.55986764791e-06, 1.18059824672e-06, 7.43722125662e-07, 1.661740896e-07, 1.53674037051e-07, 5.79764360964e-08, 1.93122069447e-08, 9.57363877063e-09, 7.31358973383e-09, 4.51429071902e-09, 1.45449030597e-09, 6.12679296186e-10, 3.10014985905e-10, 2.70236250044e-10, 2.3708021657e-10],
        "mean": [0.000713015848305, 0.00220326613635, 0.00249619688839, 0.0028804379981, 0.00182055972982, 0.00118990580086, 0.000587369198911, 0.000308837450575, 0.000310180184897, 0.000375956180505, 0.000170595492818, 0.000217825741856, 8.90515220817e-05, 4.9259786465e-05, 2.91419382847e-05, 2.59072312474e-05, 9.8994369182e-06, 1.23991858345e-05, 7.10104677637e-06, 5.04914032717e-06, 2.77156914308e-06, 1.50855987613e-06, 1.07822381779e-06, 6.03235832841e-07, 3.29315270164e-07, 1.51979520524e-07, 6.10958892366e-08, 2.88948527327e-08, 1.17039951064e-08, 5.81902748209e-09, 2.8637510141e-09, 1.61883118022e-09, 8.69804728243e-10, 4.55813109479e-10, 2.39730346685e-10, 1.11025598437e-10, 6.56635024132e-11, 4.46105062613e-11, 3.38620624596e-11, 2.39203934438e-11],
        "median": [0.00030944912578, 0.00160287006292, 0.00187698728405, 0.00214363029227, 0.00140180450398, 0.000871584925335, 0.000389538588934, 0.000214178406168, 0.000227374810493, 0.000253858102951, 0.00010488920816, 0.000125548933283, 5.93820041104e-05, 3.27851230395e-05, 1.77404454007e-05, 1.75056757143e-05, 7.70913629822e-06, 9.04853641259e-06, 5.30989700565e-06, 3.97340772906e-06, 1.96300106836e-06, 1.21307539303e-06, 7.92514526893e-07, 4.69565605954e-07, 2.4575030011e-07, 1.11486585297e-07, 4.37029292755e-08, 1.79151768975e-08, 7.61477103595e-09, 3.6098579681e-09, 1.95113081247e-09, 1.18617138334e-09, 6.58000931519e-10, 3.38635786079e-10, 1.80252049398e-10, 8.62784843569e-11, 5.45537157115e-11, 3.64811375553e-11, 2.63332411432e-11, 1.83235440709e-11],
        "min": [8.64006808976e-25, 2.28414182069e-25, 2.02307126233e-24, 1.92774136624e-24, 1.96339570979e-24, 1.82604832087e-24, 1.40488682345e-24, 1.6442571002e-24, 2.37944193728e-24, 1.88031130153e-24, 1.35579403717e-24, 2.01596402001e-24, 2.62099765456e-24, 2.39114232223e-24, 1.51872467828e-24, 1.10464015064e-24, 2.50970989122e-24, 2.4422749056e-24, 4.05487363716e-24, 3.19354698311e-24, 4.00713808607e-24, 4.1942807419e-24, 4.05427291958e-24, 3.97575838255e-24, 5.40117284587e-24, 3.36837098427e-24, 3.02988871642e-24, 4.93434468368e-24, 4.77704108601e-24, 4.86422244338e-24, 4.94085120843e-24, 5.71130049455e-24, 5.37626140734e-24, 5.3176103879e-24, 6.39710224453e-24, 6.10507816476e-24, 6.95469792576e-24, 6.5138587861e-24, 6.13647956195e-24, 6.05051699468e-24],
        "var": [1.14671524898e-06, 4.08118876294e-06, 4.61875242763e-06, 7.26543748897e-06, 2.34763956541e-06, 1.20181414331e-06, 3.75883843162e-07, 1.1905357411e-07, 8.33390600974e-08, 1.47604183098e-07, 4.39877005931e-08, 8.04481032901e-08, 1.05346256163e-08, 4.1172714127e-09, 1.32466715375e-09, 7.56795848211e-10, 8.04818225952e-11, 1.58875940182e-10, 4.67843472296e-11, 1.65260669732e-11, 6.84187125358e-12, 1.56636465951e-12, 1.09868342722e-12, 3.91512858374e-13, 9.69523465959e-14, 3.31666965214e-14, 5.19183381657e-15, 1.57401369143e-15, 1.57822010999e-16, 6.72554748032e-17, 9.42855617364e-18, 2.20051901187e-18, 5.95186591125e-19, 2.22821131272e-19, 5.45488455475e-20, 1.15560605086e-20, 2.52722619894e-21, 9.67551506526e-22, 6.43184826997e-22, 3.60307510538e-22]
    },
    "mfcc": {
        "mean": [-757.082092285, 278.189941406, -17.5226745605, 0.758917152882, 17.8675670624, -14.0481758118, -0.284711450338, 0.365555346012, -5.41649389267, -3.50098586082, -7.34972333908, -8.85054397583, -6.32380771637],
        "cov": [[2304.27319336, 1349.68457031, -411.657836914, 20.7503681183, -10.7545003891, -124.567932129, 35.992980957, -37.421295166, -28.7097892761, -48.3397674561, -68.0997619629, -24.6436080933, -4.32015180588], [1349.68457031, 1016.93707275, -60.6266288757, -18.0195350647, 89.6549377441, -49.5554618835, 5.35442399979, 29.8660392761, -7.66650104523, 5.49300336838, -16.8957824707, -29.9934635162, -16.5290088654], [-411.657836914, -60.6266288757, 254.070632935, 9.67262458801, 74.8366622925, 50.5080413818, -10.3890724182, 46.6315078735, 18.0282497406, 37.0743522644, 37.1436080933, -0.670243442059, -6.71237039566], [20.7503681183, -18.0195350647, 9.67262458801, 68.7569122314, 16.8809452057, 5.97485113144, 11.4341068268, -5.10291290283, 3.21583104134, 2.16003489494, 2.58122801781, 6.5532336235, 6.85603713989], [-10.7545003891, 89.6549377441, 74.8366622925, 16.8809452057, 104.220222473, 38.9253845215, -4.53989315033, 27.9426269531, 6.98880624771, 22.7216567993, 17.2951755524, -6.3082690239, -2.84336233139], [-124.567932129, -49.5554618835, 50.5080413818, 5.97485113144, 38.9253845215, 67.9190063477, 27.219619751, 13.2683382034, 10.6843214035, 9.9128036499, 16.4128761292, 10.3480224609, 4.76695966721], [35.992980957, 5.35442399979, -10.3890724182, 11.4341068268, -4.53989315033, 27.219619751, 56.6443595886, 25.9716033936, 4.90599012375, -0.234068781137, -0.737253963947, 6.9019947052, 8.58740234375], [-37.421295166, 29.8660392761, 46.6315078735, -5.10291290283, 27.9426269531, 13.2683382034, 25.9716033936, 63.4091758728, 29.1554756165, 14.3358449936, 12.5431270599, 0.122696742415, 0.738662540913], [-28.7097892761, -7.66650104523, 18.0282497406, 3.21583104134, 6.98880624771, 10.6843214035, 4.90599012375, 29.1554756165, 48.7858314514, 29.3155632019, 9.846118927, 4.69072723389, 2.34572148323], [-48.3397674561, 5.49300336838, 37.0743522644, 2.16003489494, 22.7216567993, 9.9128036499, -0.234068781137, 14.3358449936, 29.3155632019, 52.2356185913, 29.3404273987, 0.177712708712, 2.39602613449], [-68.0997619629, -16.8957824707, 37.1436080933, 2.58122801781, 17.2951755524, 16.4128761292, -0.737253963947, 12.5431270599, 9.846118927, 29.3404273987, 53.4054985046, 26.2283744812, 3.01135635376], [-24.6436080933, -29.9934635162, -0.670243442059, 6.5532336235, -6.3082690239, 10.3480224609, 6.9019947052, 0.122696742415, 4.69072723389, 0.177712708712, 26.2283744812, 47.6986541748, 24.1673603058], [-4.32015180588, -16.5290088654, -6.71237039566, 6.85603713989, -2.84336233139, 4.76695966721, 8.58740234375, 0.738662540913, 2.34572148323, 2.39602613449, 3.01135635376, 24.1673603058, 41.1601295471]],
