{
"lowlevel": {
    "average_loudness": 0.880400300026,
    "barkbands_crest": {
        "dmean": 2.30582475662,
        "dmean2": 3.47602844238,
        "dvar": 6.57352256775,
        "dvar2": 15.4203891754,
        "max": 26.8938980103,
        "mean": 15.5694789886,
        "median": 15.3665857315,
        "min": 3.47597622871,
        "var": 28.9072608948
    },
    "barkbands_flatness_db": {
        "dmean": 0.0303404703736,
        "dmean2": 0.0408517532051,
        "dvar": 0.00101745745633,
        "dvar2": 0.00193043565378,
        "max": 0.611612677574,
        "mean": 0.263857901096,
        "median": 0.248704820871,
        "min": 0.0332142822444,
        "var": 0.00999712292105
    },
    "barkbands_kurtosis": {
        "dmean": 8.25126647949,
        "dmean2": 12.01304245,
        "dvar": 1104.390625,
        "dvar2": 2239.8527832,
        "max": 2238.05932617,
        "mean": 15.3562078476,
        "median": 6.60190534592,
        "min": -1.94108057022,
        "var": 1968.92724609
    },
    "barkbands_skewness": {
        "dmean": 0.777316212654,
        "dmean2": 1.10253608227,
        "dvar": 0.984788835049,
        "dvar2": 2.02978563309,
        "max": 37.7647171021,
        "mean": 2.47325325012,
        "median": 2.08872675896,
        "min": -4.13700342178,
        "var": 4.84756278992
    },
    "barkbands_spread": {
        "dmean": 7.93079471588,
        "dmean2": 11.9447412491,
        "dvar": 266.761901855,
        "dvar2": 570.773925781,
        "max": 134.079071045,
        "mean": 14.2336130142,
        "median": 7.00780296326,
        "min": 0.0687011256814,
        "var": 391.721435547
    },
    "dissonance": {
        "dmean": 0.0375986285508,
        "dmean2": 0.0618628710508,
        "dvar": 0.001220695558,
        "dvar2": 0.00317561812699,
        "max": 0.499990403652,
        "mean": 0.397903114557,
        "median": 0.410513907671,
        "min": 0.0705705061555,
        "var": 0.00463025318459
    },
    "dynamic_complexity": 4.54099464417,
    "erbbands_crest": {
        "dmean": 2.63461089134,
        "dmean2": 4.1322722435,
        "dvar": 6.69409370422,
        "dvar2": 16.7352581024,
        "max": 31.0736198425,
        "mean": 12.0700054169,
        "median": 11.0799922943,
        "min": 2.61655497551,
        "var": 27.4438037872
    },
    "erbbands_flatness_db": {
        "dmean": 0.0263919569552,
        "dmean2": 0.0367118269205,
        "dvar": 0.000938745681196,
        "dvar2": 0.0017122332938,
        "max": 0.615803599358,
        "mean": 0.220739260316,
        "median": 0.190984889865,
        "min": 0.0358967669308,
        "var": 0.0143546676263
    },
    "erbbands_kurtosis": {
        "dmean": 2.55342936516,
        "dmean2": 3.88078045845,
        "dvar": 18.9411678314,
        "dvar2": 41.6094207764,
        "max": 145.718811035,
        "mean": 4.26322364807,
        "median": 2.29996800423,
        "min": -1.8799725771,
        "var": 66.8595352173
    },
    "erbbands_skewness": {
        "dmean": 0.520513117313,
        "dmean2": 0.771768689156,
        "dvar": 0.335417360067,
        "dvar2": 0.781022310257,
        "max": 8.01245117188,
        "mean": 1.17691767216,
        "median": 1.08407902718,
        "min": -2.62277412415,
        "var": 1.1507794857
    },
    "erbbands_spread": {
        "dmean": 13.0934867859,
        "dmean2": 19.0516281128,
        "dvar": 422.343017578,
        "dvar2": 851.299438477,
        "max": 209.699417114,
        "mean": 34.9951171875,
        "median": 17.531288147,
        "min": 0.426562339067,
        "var": 1398.97827148
    },
    "hfc": {
        "dmean": 24.797460556,
        "dmean2": 42.0768089294,
        "dvar": 4408.29589844,
        "dvar2": 11866.1806641,
        "max": 620.354980469,
        "mean": 32.5881347656,
        "median": 15.9614257812,
        "min": 1.09932468844e-16,
        "var": 3549.86352539
    },
    "melbands_crest": {
        "dmean": 2.32746648788,
        "dmean2": 3.39634156227,
        "dvar": 7.31767177582,
        "dvar2": 15.2194213867,
        "max": 35.5075759888,
        "mean": 19.4396705627,
        "median": 18.6414451599,
        "min": 2.23374295235,
        "var": 49.5512199402
    },
    "melbands_flatness_db": {
        "dmean": 0.0336259156466,
        "dmean2": 0.0450048707426,
        "dvar": 0.00132328679319,
        "dvar2": 0.00258131627925,
        "max": 0.733543694019,
        "mean": 0.367335319519,
        "median": 0.357670605183,
        "min": 0.00578686501831,
        "var": 0.0130217205733
    },
    "melbands_kurtosis": {
        "dmean": 16.0619049072,
        "dmean2": 21.9655189514,
        "dvar": 1597.98059082,
        "dvar2": 2833.32788086,
        "max": 1566.47631836,
        "mean": 34.1673240662,
        "median": 11.3171653748,
        "min": -1.78268909454,
        "var": 6000.64746094
    },
    "melbands_skewness": {
        "dmean": 0.918782293797,
        "dmean2": 1.26453030109,
        "dvar": 1.5204167366,
        "dvar2": 2.80259847641,
        "max": 30.9269256592,
        "mean": 3.26083707809,
        "median": 2.37365674973,
        "min": -3.3200917244,
        "var": 10.3584623337
    },
    "melbands_spread": {
        "dmean": 3.57479476929,
        "dmean2": 5.52746391296,
        "dvar": 109.702987671,
        "dvar2": 264.270568848,
        "max": 250.620010376,
        "mean": 8.93006420135,
        "median": 6.17560005188,
        "min": 0.178100764751,
        "var": 141.077957153
    },
    "pitch_salience": {
        "dmean": 0.0621269419789,
        "dmean2": 0.092818506062,
        "dvar": 0.00494212424383,
        "dvar2": 0.0115509489551,
        "max": 0.986353337765,
        "mean": 0.418932914734,
        "median": 0.436753928661,
        "min": 0.0258471090347,
        "var": 0.0193346496671
    },
    "silence_rate_20dB": {
        "dmean": 0,
        "dmean2": 0,
        "dvar": 0,
        "dvar2": 0,
        "max": 1,
        "mean": 1,
        "median": 1,
        "min": 1,
        "var": 0
    },
    "silence_rate_30dB": {
        "dmean": 0.0704820975661,
        "dmean2": 0.140977442265,
        "dvar": 0.065513022244,
        "dvar2": 0.14066028595,
        "max": 1,
        "mean": 0.737079501152,
        "median": 1,
        "min": 0,
        "var": 0.193792879581
    },
    "silence_rate_60dB": {
        "dmean": 0.0137205151841,
        "dmean2": 0.0274436082691,
        "dvar": 0.0135313449427,
        "dvar2": 0.0293238013983,
        "max": 1,
        "mean": 0.130990415812,
        "median": 0,
        "min": 0,
        "var": 0.11382573843
    },
    "spectral_centroid": {
        "dmean": 154.649505615,
        "dmean2": 233.449432373,
        "dvar": 140483.34375,
        "dvar2": 304512.875,
        "max": 11735.0322266,
        "mean": 653.246643066,
        "median": 523.528808594,
        "min": 125.979759216,
        "var": 256494.78125
    },
    "spectral_complexity": {
        "dmean": 2.00131559372,
        "dmean2": 3.1859023571,
        "dvar": 10.7751522064,
        "dvar2": 22.7203121185,
        "max": 48,
        "mean": 10.2033452988,
        "median": 9,
        "min": 0,
        "var": 34.1174430847
    },
    "spectral_decrease": {
        "dmean": 3.84559495359e-09,
        "dmean2": 5.50555689927e-09,
        "dvar": 4.42351872483e-17,
        "dvar2": 9.99982414459e-17,
        "max": 4.60927906953e-10,
        "mean": -1.57069024453e-08,
        "median": -1.04523287803e-08,
        "min": -8.23799055638e-08,
        "var": 2.24656642776e-16
    },
    "spectral_energy": {
        "dmean": 0.0155250513926,
        "dmean2": 0.022872755304,
        "dvar": 0.000674916547723,
        "dvar2": 0.00155029329471,
        "max": 0.316620767117,
        "mean": 0.0622372366488,
        "median": 0.0445653013885,
        "min": 1.05184924849e-20,
        "var": 0.00334351765923
    },
    "spectral_energyband_high": {
        "dmean": 0.00194957759231,
        "dmean2": 0.00331911398098,
        "dvar": 3.15411525662e-05,
        "dvar2": 8.45993345138e-05,
        "max": 0.0532763078809,
        "mean": 0.0018401700072,
        "median": 0.000105024548247,
        "min": 7.37128512724e-21,
        "var": 2.42787918978e-05
    },
    "spectral_energyband_low": {
        "dmean": 0.0115313502029,
        "dmean2": 0.0160737056285,
        "dvar": 0.000548421230633,
        "dvar2": 0.001170813106,
        "max": 0.272111386061,
        "mean": 0.0421705134213,
        "median": 0.0150844752789,
        "min": 6.40365160442e-23,
        "var": 0.00274629401974
    },
    "spectral_energyband_middle_high": {
        "dmean": 0.000723327917513,
        "dmean2": 0.0010953580495,
        "dvar": 3.13827990794e-06,
        "dvar2": 7.7281938502e-06,
        "max": 0.0454798154533,
        "mean": 0.00171989505179,
        "median": 0.000833161058836,
        "min": 1.41748646486e-21,
        "var": 6.90121487423e-06
    },
    "spectral_energyband_middle_low": {
        "dmean": 0.0054029552266,
        "dmean2": 0.00842650886625,
        "dvar": 8.17701220512e-05,
        "dvar2": 0.000203997406061,
        "max": 0.216602265835,
        "mean": 0.0173265580088,
        "median": 0.0122563950717,
        "min": 2.70397966079e-22,
        "var": 0.000306583649945
    },
    "spectral_entropy": {
        "dmean": 0.290057957172,
        "dmean2": 0.403897613287,
        "dvar": 0.140807062387,
        "dvar2": 0.271379232407,
        "max": 9.80624675751,
        "mean": 6.68955898285,
        "median": 6.7980632782,
        "min": 3.48257517815,
        "var": 1.0913323164
    },
    "spectral_flux": {
        "dmean": 0.0310304686427,
        "dmean2": 0.047089278698,
        "dvar": 0.00230201240629,
        "dvar2": 0.00483286613598,
        "max": 0.504157304764,
        "mean": 0.0715170651674,
        "median": 0.055412273854,
        "min": 6.63632065967e-11,
        "var": 0.00454966258258
    },
    "spectral_kurtosis": {
        "dmean": 13.6869306564,
        "dmean2": 23.166633606,
        "dvar": 1060.63232422,
        "dvar2": 3156.67749023,
        "max": 652.886413574,
        "mean": 41.7883338928,
        "median": 7.93863534927,
        "min": -1.31797015667,
        "var": 6773.61474609
    },
    "spectral_rms": {
        "dmean": 0.000859617546666,
        "dmean2": 0.00124592508655,
        "dvar": 1.4111276414e-06,
        "dvar2": 3.00019996757e-06,
        "max": 0.0175755023956,
        "mean": 0.00673002982512,
        "median": 0.00659381039441,
        "min": 3.20342689007e-12,
        "var": 1.54257450049e-05
    },
    "spectral_rolloff": {
        "dmean": 785.674194336,
        "dmean2": 1410.72937012,
        "dvar": 7062052,
        "dvar2": 16672184,
        "max": 19164.5507812,
        "mean": 1061.67736816,
        "median": 473.73046875,
        "min": 64.599609375,
        "var": 6662105
    },
    "spectral_skewness": {
        "dmean": 0.753834724426,
        "dmean2": 1.19950151443,
        "dvar": 1.08549964428,
        "dvar2": 2.93800163269,
        "max": 20.3617858887,
        "mean": 3.76475405693,
        "median": 2.48428463936,
        "min": -0.0810886919498,
        "var": 12.2113866806
    },
    "spectral_spread": {
        "dmean": 1484829,
        "dmean2": 2121352.5,
        "dvar": 5.05493009203e+12,
        "dvar2": 9.10990770176e+12,
        "max": 41374428,
        "mean": 6019375.5,
        "median": 4651683,
        "min": 113986.6875,
        "var": 2.38583420027e+13
    },
    "spectral_strongpeak": {
        "dmean": 0.260527521372,
        "dmean2": 0.422543227673,
        "dvar": 0.285836547613,
        "dvar2": 0.737010776997,
        "max": 10.3483171463,
        "mean": 0.856853842735,
        "median": 0.702658057213,
        "min": 0,
        "var": 0.595758259296
    },
    "zerocrossingrate": {
        "dmean": 0.0165124963969,
        "dmean2": 0.0193907320499,
        "dvar": 0.000855308084283,
        "dvar2": 0.00113147171214,
        "max": 0.50830078125,
        "mean": 0.0448039099574,
        "median": 0.02685546875,
        "min": 0.001953125,
        "var": 0.00248633301817
    },
    "barkbands": {
        "dmean": [0.000648319721222, 0.00961919501424, 0.00291524222121, 0.00107370468322, 0.00101314042695, 0.00210099620745, 0.00178987777326, 0.000633178337011, 0.000740809773561, 0.000170149927726, 0.000316738703987, 0.000225589188631, 6.05516652286e-05, 5.80119267397e-05, 4.89376252517e-05, 3.13205564453e-05, 4.11905966757e-05, 2.39402361331e-05, 2.69086540357e-05, 3.23697422573e-05, 6.0067504819e-05, 6.88065265422e-05, 0.000193651969312, 0.000180054848897, 0.000446793739684, 0.00079913524678, 0.000254567159573],
        "dmean2": [0.00077980174683, 0.0132158771157, 0.00498281372711, 0.00190775375813, 0.00171290163416, 0.00349531928077, 0.00251493300311, 0.000870231247973, 0.00102996802889, 0.000257777108345, 0.000447123748017, 0.00037488740054, 9.61094192462e-05, 9.08503134269e-05, 8.09858684079e-05, 5.07341355842e-05, 6.69133878546e-05, 3.7751688069e-05, 4.18128329329e-05, 5.28245109308e-05, 0.000102233483631, 0.000110599139589, 0.000326408247929, 0.000310986011755, 0.000765138131101, 0.00136267929338, 0.000449392973678],
        "dvar": [2.05467108572e-06, 0.000368562730728, 0.000138739982503, 2.09429854294e-05, 8.58507155499e-06, 1.45659232658e-05, 1.36936323543e-05, 2.21822438107e-06, 1.938645255e-06, 2.14194784576e-07, 8.39372546579e-07, 4.51844528015e-07, 2.37269137671e-08, 3.2536043193e-08, 1.64793636515e-08, 5.18025977669e-09, 2.46064804088e-08, 3.73143205223e-09, 5.36190825073e-09, 9.34537691677e-09, 3.68767487657e-08, 4.05111784119e-08, 3.74344978127e-07, 2.89548069077e-07, 1.55837437887e-06, 6.72923624734e-06, 4.9970009286e-07],
        "dvar2": [4.04945831178e-06, 0.000752898340579, 0.000367596745491, 5.82303327974e-05, 2.33854589169e-05, 4.31792141171e-05, 2.45991559495e-05, 4.02115392717e-06, 3.64180800716e-06, 5.28550913259e-07, 1.7012276885e-06, 1.25865426526e-06, 5.89841917531e-08, 8.1579131006e-08, 4.34489102474e-08, 1.2252656667e-08, 6.32518109001e-08, 8.23195023258e-09, 1.13168177052e-08, 2.2781929232e-08, 1.02563930682e-07, 1.01089177917e-07, 9.96123276309e-07, 8.07695869298e-07, 4.17626597482e-06, 1.82697331184e-05, 1.35553250402e-06],
        "max": [0.028743006289, 0.254995673895, 0.143748834729, 0.0515342876315, 0.0457665845752, 0.092899017036, 0.152616858482, 0.0512429997325, 0.0311261191964, 0.0141571890563, 0.0411290638149, 0.00928506068885, 0.00244178064167, 0.00599641865119, 0.00272614602, 0.00137233012356, 0.00244879745878, 0.00102951726876, 0.00121326104272, 0.00207488122396, 0.00218704948202, 0.00289320666343, 0.00725763523951, 0.00526677863672, 0.0128728309646, 0.0232495442033, 0.00739716831595],
        "mean": [0.00141095777508, 0.0369772464037, 0.00298175960779, 0.00139936001506, 0.00190450565424, 0.00558464229107, 0.00491894083098, 0.00150067580398, 0.00196433719248, 0.000319691607729, 0.000663301208988, 0.000328265945427, 0.000100955927337, 9.35770876822e-05, 7.10852982593e-05, 4.42191048933e-05, 4.75474116683e-05, 3.28873647959e-05, 3.53021205228e-05, 4.15130307374e-05, 5.78772014705e-05, 6.9690599048e-05, 0.000183103024028, 0.000203751173103, 0.000452926033176, 0.000668475287966, 0.000180530914804],
        "median": [0.000203221366974, 0.0125400032848, 0.000254212442087, 0.000128298910568, 0.000593958655372, 0.00231457431801, 0.00178357539698, 0.000421283039032, 0.000959689205047, 9.61021287367e-05, 0.00018082963652, 9.73409332801e-05, 2.8335947718e-05, 2.091782153e-05, 9.09270420379e-06, 5.45655530004e-06, 5.28178043169e-06, 5.31026398676e-06, 7.66515040596e-06, 9.93102730718e-06, 9.98421364784e-06, 7.84728763392e-06, 1.28988367578e-05, 1.39556404974e-05, 7.89054683992e-06, 1.06283532659e-05, 1.2399825664e-06],
        "min": [4.40594001138e-24, 1.82888108094e-23, 1.56992833801e-23, 6.57866923149e-24, 9.16114108881e-24, 3.53360145074e-23, 3.42692789261e-23, 1.80928546051e-23, 4.113200277e-23, 4.27147480467e-23, 2.26423574405e-23, 3.83252356692e-23, 4.78137871659e-23, 6.37122815904e-23, 9.85783306358e-23, 1.16251389755e-22, 1.64911460589e-22, 1.44825522085e-22, 2.05993152966e-22, 1.79097514693e-22, 3.49564487186e-22, 4.02557057842e-22, 4.64456915726e-22, 7.7616446032e-22, 1.06254015401e-21, 1.48785285761e-21, 2.14346165064e-21],
        "var": [7.54116717872e-06, 0.00214751437306, 0.000100894321804, 1.50820278577e-05, 1.31084880195e-05, 6.10858987784e-05, 8.429648733e-05, 1.04695691334e-05, 8.43198176881e-06, 3.90023018326e-07, 2.72872921414e-06, 4.57399011111e-07, 3.80081353057e-08, 5.14796596462e-08, 2.92862694096e-08, 8.86790818555e-09, 2.25359428896e-08, 5.82615866662e-09, 8.08523115126e-09, 1.26505534936e-08, 2.77164868834e-08, 4.38347314002e-08, 3.0613446711e-07, 2.26874405485e-07, 1.36940172979e-06, 4.84403199152e-06, 3.42496690564e-07]
    },
    "erbbands": {
        "dmean": [0.410510778427, 1.88345789909, 3.45428538322, 3.55410861969, 3.09995508194, 3.47383379936, 8.74352741241, 21.397687912, 16.0381240845, 29.2964305878, 15.5960197449, 14.2960729599, 9.34206008911, 10.3918161392, 8.83822917938, 7.1058139801, 2.98230099678, 2.70385098457, 2.37737464905, 2.24733185768, 1.84958207607, 2.3397321701, 1.35217905045, 1.41277241707, 1.30192232132, 1.45476365089, 1.86681008339, 2.80960130692, 2.46148753166, 4.7384223938, 5.43416786194, 3.29133009911, 3.49646425247, 3.94349217415, 3.8943362236, 3.34450793266, 1.47394001484, 0.343025833368, 0.0425249040127, 0.00186894566286],
        "dmean2": [0.514240562916, 2.75030708313, 5.74184179306, 6.26427173615, 5.53828859329, 5.57429933548, 13.8177518845, 36.6538200378, 22.1491413116, 42.149810791, 20.6879730225, 20.3414859772, 13.2855291367, 14.6263771057, 13.946762085, 11.78956604, 4.65765714645, 4.23424339294, 3.82349634171, 3.62256932259, 2.9894824028, 3.81093263626, 2.1274459362, 2.23320126534, 2.06465101242, 2.36447286606, 3.09579753876, 4.71169805527, 3.99499607086, 7.85135030746, 9.31055450439, 5.68981933594, 6.02541542053, 6.85277175903, 6.628657341, 5.63902711868, 2.55534172058, 0.59095287323, 0.075145624578, 0.00331656192429],
        "dvar": [0.720754742622, 15.1493587494, 163.03024292, 225.456985474, 155.436309814, 91.2373809814, 353.43270874, 1865.97570801, 841.775878906, 5425.53662109, 994.880249023, 896.932434082, 395.00289917, 1025.56408691, 662.814575195, 554.802490234, 51.9705963135, 45.8238105774, 50.6916007996, 33.670135498, 18.6875801086, 79.3747558594, 12.5255250931, 14.2909784317, 13.5196027756, 19.311170578, 38.9618148804, 78.1334991455, 50.720375061, 205.917999268, 304.780151367, 87.9347686768, 110.214630127, 134.725601196, 125.013305664, 100.581512451, 26.7589797974, 0.910830438137, 0.0143397096545, 2.77841809293e-05],
        "dvar2": [1.12252926826, 36.9375572205, 429.850891113, 621.168212891, 434.965362549, 230.316894531, 1065.26904297, 5778.29931641, 1540.82666016, 9422.27636719, 1689.44140625, 1786.44348145, 855.700195312, 1986.66333008, 1802.38171387, 1553.13513184, 126.896194458, 109.633056641, 127.846496582, 83.9250793457, 45.6987037659, 204.204559326, 27.0571861267, 30.5082855225, 29.4982223511, 47.0385856628, 103.093772888, 214.15486145, 125.912841797, 531.363830566, 844.219543457, 245.487869263, 305.286193848, 368.39175415, 335.682098389, 269.359375, 73.4298858643, 2.42705512047, 0.038926795125, 7.53810090828e-05],
        "max": [11.9014863968, 56.7439575195, 162.843551636, 159.083343506, 145.623916626, 259.365447998, 307.337585449, 1096.05395508, 1060.21020508, 4091.71777344, 872.650817871, 896.676391602, 512.40246582, 1553.69641113, 391.366027832, 327.246765137, 159.520767212, 160.536422729, 225.272079468, 123.704299927, 84.0078048706, 140.132125854, 58.9745903015, 56.8124046326, 48.5448455811, 80.6257629395, 89.9731292725, 106.020179749, 151.180801392, 172.189544678, 208.37008667, 91.2268371582, 92.8375930786, 100.628105164, 132.94519043, 95.4782943726, 44.7135810852, 8.48461914062, 1.17088484764, 0.0659138187766],
        "mean": [1.40175879002, 6.86712121964, 4.91388082504, 4.49718332291, 3.8793463707, 7.90758371353, 25.7049217224, 49.0329208374, 50.2728157043, 74.3576507568, 40.9964179993, 36.2299308777, 23.1642971039, 23.1277008057, 16.2694721222, 10.7418899536, 5.68910074234, 4.60235023499, 3.76004505157, 3.46447181702, 2.59373402596, 2.78668236732, 1.87027597427, 1.92628669739, 1.72651183605, 1.87448763847, 2.03615546227, 2.68592071533, 2.57969427109, 4.410633564, 4.93818616867, 3.62015628815, 3.89405584335, 4.07616186142, 3.90118789673, 3.04946112633, 1.14263248444, 0.255849987268, 0.0299695488065, 0.00139694090467],
        "median": [0.355605989695, 2.02479958534, 1.15137171745, 0.673129320145, 1.16470599174, 2.35547494888, 9.98200035095, 20.3560886383, 23.0982952118, 24.3488101959, 16.6559352875, 17.3588886261, 9.38435459137, 7.86504840851, 6.48161506653, 3.56322526932, 1.7397326231, 1.50058281422, 0.657325923443, 0.525717675686, 0.349278569221, 0.327906787395, 0.287587940693, 0.353701621294, 0.416349172592, 0.483961701393, 0.397727966309, 0.386350393295, 0.290716528893, 0.305774182081, 0.369002521038, 0.327407419682, 0.204195737839, 0.100013375282, 0.0502214804292, 0.0530629828572, 0.0144663313404, 0.00246409559622, 0.000283958332147, 9.37354780035e-05],
        "min": [1.20141168215e-21, 1.78556749911e-21, 1.62986100778e-20, 2.19565529326e-20, 5.36733039496e-20, 2.1110699364e-20, 1.10287706728e-19, 3.86033663049e-19, 3.24144914346e-19, 5.37355809562e-19, 4.60574785455e-19, 7.14199218009e-19, 1.06782079103e-18, 1.13284432161e-18, 1.61684341445e-18, 1.61181301895e-18, 2.18938019774e-18, 3.2193724684e-18, 6.03124019828e-18, 4.89201438504e-18, 6.24032953685e-18, 9.33177521479e-18, 6.89052906708e-18, 1.10905878446e-17, 1.16885360299e-17, 1.04462927295e-17, 8.82592201017e-18, 1.37535651321e-17, 1.51016809334e-17, 1.37268232101e-17, 1.3631657735e-17, 1.57991894044e-17, 1.11884491013e-17, 1.01788958432e-17, 8.98509472108e-18, 5.59965664573e-18, 2.75963685767e-18, 1.13507450394e-18, 2.82025058501e-19, 3.03772321814e-20],
        "var": [4.21884346008, 74.67628479, 144.506790161, 155.128723145, 102.938781738, 281.971801758, 1386.62841797, 5879.36376953, 6300.99121094, 33461.0195312, 4561.63964844, 3393.47045898, 1401.5411377, 3555.8737793, 875.903503418, 523.190307617, 113.924545288, 77.8427124023, 83.0121078491, 59.0632629395, 30.3389072418, 73.3589019775, 19.4156551361, 21.47224617, 18.722076416, 25.2914924622, 37.1747550964, 61.1705627441, 67.3661727905, 172.408401489, 231.868133545, 68.0458908081, 89.3767852783, 112.937438965, 108.688713074, 78.6355743408, 18.2345314026, 0.673172831535, 0.00978779885918, 1.90104710782e-05]
    },
    "gfcc": {
        "mean": [-74.8394622803, 123.425216675, -61.9095726013, -12.8964643478, -63.1795730591, 3.39400005341, -22.749256134, 9.77478122711, -12.6769943237, 7.57807445526, -5.91939163208, 3.74822640419, -7.396276474],
        "cov": [[25767.71875, -8960.50585938, 3220.62890625, 3605.46533203, -484.796020508, 2870.48144531, -278.461364746, 2501.36669922, 376.061981201, 2115.22290039, 576.208679199, 2042.67919922, 300.588134766], [-8960.50585938, 6421.28759766, -1965.39587402, -1787.84887695, 762.02545166, -1537.27563477, 104.631187439, -1428.58032227, -1.52165365219, -1060.18786621, -53.4457397461, -910.651062012, 14.2194252014], [3220.62890625, -1965.39587402, 2035.44067383, 611.532165527, -107.774665833, 821.129333496, 124.276321411, 594.176086426, 11.7533636093, 367.433929443, -9.43087768555, 409.510162354, -16.1205005646], [3605.46533203, -1787.84887695, 611.532165527, 1158.13012695, -200.393218994, 663.422302246, 92.4804458618, 528.673217773, 68.9102554321, 369.730865479, 113.21056366, 348.436950684, 66.3677139282], [-484.796020508, 762.02545166, -107.774665833, -200.393218994, 594.127868652, -115.700218201, 80.7657318115, -102.019958496, 60.403427124, -67.6622543335, 8.01390457153, -65.4716720581, -8.994597435], [2870.48144531, -1537.27563477, 821.129333496, 663.422302246, -115.700218201, 855.24987793, 28.4819412231, 581.079956055, 93.9753875732, 372.819000244, 97.9298019409, 323.978088379, 51.3764152527], [-278.461364746, 104.631187439, 124.276321411, 92.4804458618, 80.7657318115, 28.4819412231, 280.513519287, 49.021522522, 53.7133827209, 20.4516601562, 35.8397598267, 21.2376689911, 4.81797933578], [2501.36669922, -1428.58032227, 594.176086426, 528.673217773, -102.019958496, 581.079956055, 49.021522522, 621.530456543, 104.821517944, 366.944854736, 96.6623077393, 283.712341309, 42.7035903931], [376.061981201, -1.52165365219, 11.7533636093, 68.9102554321, 60.403427124, 93.9753875732, 53.7133827209, 104.821517944, 163.923477173, 94.6801681519, 65.3651275635, 47.0257072449, 40.9273338318], [2115.22290039, -1060.18786621, 367.433929443, 369.730865479, -67.6622543335, 372.819000244, 20.4516601562, 366.944854736, 94.6801681519, 364.494781494, 108.657737732, 239.433303833, 40.5566253662], [576.208679199, -53.4457397461, -9.43087768555, 113.21056366, 8.01390457153, 97.9298019409, 35.8397598267, 96.6623077393, 65.3651275635, 108.657737732, 163.553619385, 96.1694259644, 41.8541030884], [2042.67919922, -910.651062012, 409.510162354, 348.436950684, -65.4716720581, 323.978088379, 21.2376689911, 283.712341309, 47.0257072449, 239.433303833, 96.1694259644, 295.443695068, 60.4107208252], [300.588134766, 14.2194252014, -16.1205005646, 66.3677139282, -8.994597435, 51.3764152527, 4.81797933578, 42.7035903931, 40.9273338318, 40.5566253662, 41.8541030884, 60.4107208252, 105.64730835]],
        "icov": [[0.000134468893521, 5.49215328647e-05, -1.99690839509e-05, -0.000202690687729, -0.000120649507153, 4.12561494159e-05, 0.000277774233837, 2.25760177273e-05, -8.11609861557e-05, -0.00018235979951, 7.19402578397e-07, -0.000455845816759, 4.39934628957e-05], [5.49215328647e-05, 0.000817266060039, 5.99161649006e-05, 0.000360000878572, -0.000478460075101, -4.80636008433e-05, -0.000237146596191, 0.000648285495117, -0.000530029938091, 0.00100823573302, -0.00114101683721, 0.000804064038675, -0.000941319973208], [-1.99690839509e-05, 5.99161649006e-05, 0.00109663291369, 0.000274723162875, -2.71591106866e-05, -0.00089933356503, -0.000629759219009, -1.67895123013e-05, 0.000298912927974, 0.000170029030414, 0.000901429331861, -0.00107982906047, 0.000593319709878], [-0.000202690687729, 0.000360000878572, 0.000274723162875, 0.00244851293974, 0.000292629294563, -0.00111515494063, -0.00129232776817, 6.28080306342e-05, 0.000251760531683, 0.000600803003181, -0.00046202170779, 0.000329542177496, -0.000700802484062], [-0.000120649507153, -0.000478460075101, -2.71591106866e-05, 0.000292629294563, 0.00235219323076, -0.00010658732208, -0.000605136388913, -0.000112057823571, -0.000603781954851, -0.0002067124733, 0.000523475697264, -0.000224916555453, 0.000779165187851], [4.12561494159e-05, -4.80636008433e-05, -0.00089933356503, -0.00111515494063, -0.00010658732208, 0.00458892807364, 0.00100259180181, -0.00248525477946, -0.000473168562166, -0.000222526301513, -0.00042839939124, -0.000156115624122, -0.000301719672279], [0.000277774233837, -0.000237146596191, -0.000629759219009, -0.00129232776817, -0.000605136388913, 0.00100259180181, 0.00521859247237, -0.000711308268365, -0.00132200191729, -4.81934512209e-05, -0.000599860795774, -0.000887315371074, 0.000743451470044], [2.25760177273e-05, 0.000648285495117, -1.67895123013e-05, 6.28080306342e-05, -0.000112057823571, -0.00248525477946, -0.000711308268365, 0.00694006867707, -0.00129055220168, -0.00236842199229, -0.000285604241071, 0.000165674777236, -0.00033969047945], [-8.11609861557e-05, -0.000530029938091, 0.000298912927974, 0.000251760531683, -0.000603781954851, -0.000473168562166, -0.00132200191729, -0.00129055220168, 0.0101860128343, -0.00295278686099, -0.0011023923289, 0.00153732218314, -0.00230446248315], [-0.00018235979951, 0.00100823573302, 0.000170029030414, 0.000600803003181, -0.0002067124733, -0.000222526301513, -4.81934512209e-05, -0.00236842199229, -0.00295278686099, 0.0115308286622, -0.00326548842713, -0.00195457972586, 0.00021052309603], [7.19402578397e-07, -0.00114101683721, 0.000901429331861, -0.00046202170779, 0.000523475697264, -0.00042839939124, -0.000599860795774, -0.000285604241071, -0.0011023923289, -0.00326548842713, 0.0117147378623, -0.00442628888413, 0.00054566754261], [-0.000455845816759, 0.000804064038675, -0.00107982906047, 0.000329542177496, -0.000224916555453, -0.000156115624122, -0.000887315371074, 0.000165674777236, 0.00153732218314, -0.00195457972586, -0.00442628888413, 0.0140028512105, -0.00525146722794], [4.39934628957e-05, -0.000941319973208, 0.000593319709878, -0.000700802484062, 0.000779165187851, -0.000301719672279, 0.000743451470044, -0.00033969047945, -0.00230446248315, 0.00021052309603, 0.00054566754261, -0.00525146722794, 0.0139128379524]]
    },
    "melbands": {
        "dmean": [0.00307732168585, 0.00195399392396, 0.00061051803641, 0.000228726392379, 0.000256528990576, 0.000442481221398, 0.000286241731374, 0.000276002218015, 0.000130042608362, 9.68790773186e-05, 4.68482139695e-05, 4.02262448915e-05, 3.42220773746e-05, 2.80958101939e-05, 1.13488340503e-05, 7.21274727766e-06, 4.81881761516e-06, 3.97917165174e-06, 4.62416301161e-06, 2.10720418181e-06, 2.21455934479e-06, 2.69309839496e-06, 1.57118279276e-06, 1.14582417154e-06, 1.19094602269e-06, 1.00830652627e-06, 1.04120442757e-06, 9.88739657259e-07, 1.04330672457e-06, 1.49112247527e-06, 1.76648586603e-06, 1.39438918723e-06, 1.35760660669e-06, 3.43888973475e-06, 3.68446922039e-06, 2.05940091291e-06, 2.02458681997e-06, 1.84136104053e-06, 3.76506409339e-06, 3.15617239721e-06],
        "dmean2": [0.00412099855021, 0.002998578595, 0.00107075867709, 0.000389815686503, 0.000403188052587, 0.000746326521039, 0.000400259392336, 0.000392533780541, 0.000172278829268, 0.000138191157021, 6.67415661155e-05, 5.68485702388e-05, 5.0547238061e-05, 4.80101844005e-05, 1.70845760294e-05, 1.130399869e-05, 7.54029588279e-06, 6.33528270555e-06, 7.57118777983e-06, 3.41354893862e-06, 3.60084004569e-06, 4.49630852017e-06, 2.43887325269e-06, 1.82511814728e-06, 1.89840386611e-06, 1.57837030201e-06, 1.7322149688e-06, 1.60457511811e-06, 1.70527403043e-06, 2.61297805082e-06, 2.97776728075e-06, 2.27614805226e-06, 2.27509963224e-06, 5.72152521272e-06, 6.37966377326e-06, 3.53690029442e-06, 3.50841787622e-06, 3.15162424158e-06, 6.56807196719e-06, 5.47952595298e-06],
        "dvar": [3.82767757401e-05, 2.90937550744e-05, 6.65555353407e-06, 5.79087668484e-07, 2.72320050954e-07, 7.30079989353e-07, 2.57641914914e-07, 4.55886862483e-07, 7.24762045934e-08, 4.13303808955e-08, 1.03341273316e-08, 1.44562184445e-08, 7.94407384319e-09, 9.96326665614e-09, 9.26295373738e-10, 3.32972593942e-10, 1.56110444016e-10, 2.08215306108e-10, 1.67883776325e-10, 3.14026409043e-11, 2.94151300539e-11, 1.11512715728e-10, 2.541484731e-11, 8.42976556614e-12, 1.04802937162e-11, 7.79506060394e-12, 1.01536695718e-11, 9.40385616599e-12, 1.20524449795e-11, 2.30711890564e-11, 3.2386794635e-11, 1.69262399236e-11, 1.93691035433e-11, 1.17712242731e-10, 1.62961755201e-10, 2.90387436319e-11, 3.73214723015e-11, 2.71106054273e-11, 1.4722796593e-10, 7.72331712473e-11],
        "dvar2": [7.18096707715e-05, 7.47962039895e-05, 1.82638868864e-05, 1.59750743478e-06, 7.94123195647e-07, 2.22028165808e-06, 4.77518312891e-07, 7.9786735796e-07, 1.24947291624e-07, 8.24895565188e-08, 2.24798508697e-08, 2.82561423148e-08, 1.8652146494e-08, 2.82988281697e-08, 1.96403915353e-09, 8.14400102911e-10, 3.76989689466e-10, 5.29873422916e-10, 4.43659414762e-10, 7.44779446449e-11, 7.39120570303e-11, 2.9736091367e-10, 5.44696510119e-11, 1.93101524354e-11, 2.26571851558e-11, 1.7076834738e-11, 2.5242920601e-11, 2.27732919328e-11, 3.07912063902e-11, 6.43754355378e-11, 8.8628049344e-11, 4.03271478711e-11, 5.15240593246e-11, 3.02914082706e-10, 4.59091459293e-10, 7.91453916293e-11, 1.04924603728e-10, 7.42119074526e-11, 4.09776212962e-10, 2.11029374531e-10],
        "max": [0.0805310457945, 0.070139169693, 0.0268587935716, 0.0102745238692, 0.00841574650258, 0.0223471578211, 0.0136787025258, 0.0374697446823, 0.0063325855881, 0.00610644044355, 0.0026429456193, 0.00573837943375, 0.00275637651794, 0.00143243721686, 0.00121753429994, 0.000276352686342, 0.000330781185767, 0.000479565642308, 0.000285463931505, 0.000131888969918, 9.49783498072e-05, 0.000165030127391, 7.89759360487e-05, 5.62619570701e-05, 5.4264710343e-05, 5.58184692636e-05, 4.01947690989e-05, 7.02601901139e-05, 7.42898555472e-05, 4.90154525323e-05, 6.84501574142e-05, 0.000110235159809, 5.14911698701e-05, 0.000140677337185, 0.000151553555042, 6.43834137009e-05, 7.7026328654e-05, 5.99049744778e-05, 0.000100729703263, 7.71783161326e-05],
        "mean": [0.0113327847794, 0.00481737218797, 0.000748233112972, 0.000382807222195, 0.000756796391215, 0.00108627043664, 0.000869225361384, 0.000708332692739, 0.000325832836097, 0.000240327601205, 0.000111283741717, 8.8002801931e-05, 6.90822780598e-05, 3.53289942723e-05, 2.15151831071e-05, 1.13733831313e-05, 7.79051242716e-06, 5.88095281273e-06, 6.67785616315e-06, 3.03705223814e-06, 2.84498901237e-06, 2.98542363453e-06, 1.98265456675e-06, 1.54252165885e-06, 1.54911617756e-06, 1.37749043461e-06, 1.18889374789e-06, 1.27927648919e-06, 1.19111359709e-06, 1.3563152379e-06, 1.65821097653e-06, 1.47755486068e-06, 1.27262887872e-06, 3.13217174153e-06, 3.1831079923e-06, 2.04922207558e-06, 2.25571216106e-06, 2.21796290134e-06, 3.68413498109e-06, 3.26490794578e-06],
        "median": [0.00367143983021, 0.0015065119369, 0.000152589054778, 0.000126836457639, 0.00030807137955, 0.000479528214782, 0.000394643197069, 0.000225868381676, 0.000128649015096, 0.000106823325041, 3.96585783164e-05, 2.75468628388e-05, 2.3783861252e-05, 1.05625167635e-05, 3.24923462358e-06, 3.21256811731e-06, 2.1424566512e-06, 7.52045366426e-07, 8.02782437859e-07, 4.02021072432e-07, 3.26195220168e-07, 3.11843592726e-07, 2.64919435722e-07, 2.39609107666e-07, 2.65343231831e-07, 3.07213326778e-07, 2.74454009741e-07, 3.08923517878e-07, 2.43332237915e-07, 2.24391413894e-07, 2.14430599499e-07, 1.59389557552e-07, 1.40228252121e-07, 1.78426489583e-07, 2.20988269461e-07, 1.83888801075e-07, 1.8232151433e-07, 1.46498848608e-07, 1.19087545158e-07, 6.81963427951e-08],
        "min": [8.78252729734e-24, 5.64744812073e-24, 5.82237289887e-24, 2.70703043045e-24, 3.50753945859e-24, 8.70340218197e-24, 5.48283888222e-24, 5.96915190877e-24, 3.53286741567e-24, 5.10581898422e-24, 5.38184772584e-24, 4.75391010655e-24, 4.5177468452e-24, 4.86761927844e-24, 4.01197419785e-24, 4.19059912806e-24, 6.40894501887e-24, 9.80622262772e-24, 8.72630596949e-24, 3.75895219009e-24, 7.0341022979e-24, 1.09728398326e-23, 3.98962221853e-24, 7.88452985247e-24, 8.02914383361e-24, 8.89007270455e-24, 6.16477876364e-24, 6.65225654331e-24, 5.17578700221e-24, 7.13231784718e-24, 7.74744002664e-24, 8.77668972665e-24, 7.14146547824e-24, 8.07729748099e-24, 7.92493451917e-24, 7.20169500835e-24, 1.00596086948e-23, 6.2297986516e-24, 7.35687735905e-24, 7.99925152733e-24],
        "var": [0.000221105612582, 5.44619106222e-05, 4.5382148528e-06, 6.46062687792e-07, 1.17815977774e-06, 2.57949500337e-06, 1.76588196155e-06, 2.8751019272e-06, 2.99537560977e-07, 1.56386377625e-07, 3.55944038688e-08, 4.96263119487e-08, 1.93483913336e-08, 7.49052553317e-09, 3.40702621671e-09, 5.12589082291e-10, 2.56130838761e-10, 3.21529636249e-10, 2.99150343386e-10, 5.21287596422e-11, 4.28248408957e-11, 9.38049429799e-11, 3.26031736331e-11, 1.27724887958e-11, 1.51086521766e-11, 1.312597947e-11, 1.00187930868e-11, 1.39630555382e-11, 1.4185452292e-11, 1.66249063127e-11, 2.48299471262e-11, 2.74371619174e-11, 1.56590313632e-11, 9.83161468904e-11, 1.16894785518e-10, 2.40143634145e-11, 2.82558212938e-11, 2.417000107e-11, 1.08995319714e-10, 6.89824100619e-11]
    },
    "mfcc": {
        "mean": [-728.881958008, 159.361633301, 50.1143302917, -1.21253395081, -11.1570520401, -6.71766662598, -0.658028244972, 1.5756688118, -0.505440711975, 3.97513341904, 2.23098254204, 4.90045499802, 5.11395215988],
        "cov": [[14768.0195312, -2999.69628906, 1049.49267578, 831.329406738, 1099.51916504, 686.555480957, 607.395385742, 871.883728027, 692.848327637, 736.854797363, 676.822509766, 892.453063965, 993.979675293], [-2999.69628906, 3333.13745117, -893.903320312, -342.296569824, -239.373580933, -181.453292847, -316.722229004, -323.446075439, -327.881164551, -269.324066162, -251.663589478, -242.093688965, -282.753326416], [1049.49267578, -893.903320312, 1269.45349121, 166.618362427, 58.1529998779, 167.564865112, 240.405502319, 212.924087524, 179.137023926, 103.569732666, 88.6275482178, 97.9926452637, 102.425056458], [831.329406738, -342.296569824, 166.618362427, 422.432281494, 75.9972305298, 135.753143311, 130.16519165, 147.029724121, 102.523010254, 77.8226776123, 64.0172958374, 82.4690551758, 70.6880264282], [1099.51916504, -239.373580933, 58.1529998779, 75.9972305298, 366.078063965, 122.112091064, 105.972724915, 127.076271057, 105.080116272, 107.579856873, 92.3987579346, 91.5542984009, 85.5489578247], [686.555480957, -181.453292847, 167.564865112, 135.753143311, 122.112091064, 231.369155884, 117.878242493, 125.04119873, 91.7669067383, 74.6395874023, 70.017036438, 87.9410171509, 69.5246887207], [607.395385742, -316.722229004, 240.405502319, 130.16519165, 105.972724915, 117.878242493, 227.129776001, 159.128204346, 107.096183777, 84.0111694336, 75.0552749634, 102.469772339, 91.0924377441], [871.883728027, -323.446075439, 212.924087524, 147.029724121, 127.076271057, 125.04119873, 159.128204346, 219.406524658, 137.695083618, 108.825721741, 85.1731109619, 110.170753479, 104.237289429], [692.848327637, -327.881164551, 179.137023926, 102.523010254, 105.080116272, 91.7669067383, 107.096183777, 137.695083618, 180.104431152, 132.033416748, 74.7079849243, 88.8189926147, 91.5002975464], [736.854797363, -269.324066162, 103.569732666, 77.8226776123, 107.579856873, 74.6395874023, 84.0111694336, 108.825721741, 132.033416748, 182.968841553, 112.706680298, 106.337585449, 106.55670166], [676.822509766, -251.663589478, 88.6275482178, 64.0172958374, 92.3987579346, 70.017036438, 75.0552749634, 85.1731109619, 74.7079849243, 112.706680298, 134.700683594, 111.986610413, 93.1242446899], [892.453063965, -242.093688965, 97.9926452637, 82.4690551758, 91.5542984009, 87.9410171509, 102.469772339, 110.170753479, 88.8189926147, 106.337585449, 111.986610413, 180.122955322, 148.693161011], [993.979675293, -282.753326416, 102.425056458, 70.6880264282, 85.5489578247, 69.5246887207, 91.0924377441, 104.237289429, 91.5002975464, 106.55670166, 93.1242446899, 148.693161011, 190.097564697]],
