{
"lowlevel": {
    "average_loudness": 0.726767301559,
    "barkbands_crest": {
        "dmean": 1.56947040558,
        "dmean2": 2.38386368752,
        "dvar": 3.04384541512,
        "dvar2": 7.51657438278,
        "max": 26.8066711426,
        "mean": 15.6163635254,
        "median": 15.1724462509,
        "min": 3.4601585865,
        "var": 20.2916698456
    },
    "barkbands_flatness_db": {
        "dmean": 0.0159429740161,
        "dmean2": 0.024947008118,
        "dvar": 0.000306775211357,
        "dvar2": 0.000805720395874,
        "max": 0.785189688206,
        "mean": 0.344931513071,
        "median": 0.31122982502,
        "min": 0.0385521054268,
        "var": 0.013828728348
    },
    "barkbands_kurtosis": {
        "dmean": 3.36817979813,
        "dmean2": 5.10577297211,
        "dvar": 91.3236465454,
        "dvar2": 193.904907227,
        "max": 413.890991211,
        "mean": 9.39319992065,
        "median": 5.28080701828,
        "min": -1.82699096203,
        "var": 316.328216553
    },
    "barkbands_skewness": {
        "dmean": 0.424203842878,
        "dmean2": 0.63355410099,
        "dvar": 0.317339271307,
        "dvar2": 0.73246127367,
        "max": 17.6839885712,
        "mean": 1.88128328323,
        "median": 1.77218723297,
        "min": -3.14869785309,
        "var": 2.44717812538
    },
    "barkbands_spread": {
        "dmean": 0.824639439583,
        "dmean2": 1.23876857758,
        "dvar": 1.63231909275,
        "dvar2": 3.36293911934,
        "max": 65.5905914307,
        "mean": 4.90055274963,
        "median": 4.49963665009,
        "min": 0.0462020039558,
        "var": 13.9758930206
    },
    "dissonance": {
        "dmean": 0.0327616147697,
        "dmean2": 0.0550048314035,
        "dvar": 0.00116325553972,
        "dvar2": 0.00321625242941,
        "max": 0.499999850988,
        "mean": 0.364312142134,
        "median": 0.38804769516,
        "min": 0.0344878360629,
        "var": 0.00740367826074
    },
    "dynamic_complexity": 5.63437843323,
    "erbbands_crest": {
        "dmean": 1.85119783878,
        "dmean2": 2.83786654472,
        "dvar": 3.97047543526,
        "dvar2": 10.02257061,
        "max": 32.3843421936,
        "mean": 13.7710962296,
        "median": 12.0905590057,
        "min": 3.0077111721,
        "var": 37.4006919861
    },
    "erbbands_flatness_db": {
        "dmean": 0.0116533571854,
        "dmean2": 0.0179684851319,
        "dvar": 0.000162023192388,
        "dvar2": 0.000398474949179,
        "max": 0.654816746712,
        "mean": 0.311229676008,
        "median": 0.273472905159,
        "min": 0.076670512557,
        "var": 0.0141455158591
    },
    "erbbands_kurtosis": {
        "dmean": 1.56803977489,
        "dmean2": 2.3619556427,
        "dvar": 9.6507101059,
        "dvar2": 17.6804656982,
        "max": 172.466110229,
        "mean": 3.82759952545,
        "median": 1.62773728371,
        "min": -1.7580395937,
        "var": 51.915802002
    },
    "erbbands_skewness": {
        "dmean": 0.309660851955,
        "dmean2": 0.459233880043,
        "dvar": 0.107238464057,
        "dvar2": 0.223271548748,
        "max": 10.2741603851,
        "mean": 1.24137318134,
        "median": 1.09169626236,
        "min": -2.14903211594,
        "var": 0.994732439518
    },
    "erbbands_spread": {
        "dmean": 2.30729174614,
        "dmean2": 3.54915690422,
        "dvar": 7.29339265823,
        "dvar2": 16.8710269928,
        "max": 84.7483520508,
        "mean": 14.7205638885,
        "median": 14.0434112549,
        "min": 0.387383937836,
        "var": 93.3680953979
    },
    "hfc": {
        "dmean": 1.41991841793,
        "dmean2": 2.02447795868,
        "dvar": 13.2522497177,
        "dvar2": 24.0584716797,
        "max": 104.90599823,
        "mean": 8.70569133759,
        "median": 7.10107660294,
        "min": 1.09571626191e-16,
        "var": 75.2984924316
    },
    "melbands_crest": {
        "dmean": 2.07532072067,
        "dmean2": 3.13591957092,
        "dvar": 5.82108306885,
        "dvar2": 14.4340267181,
        "max": 35.9718093872,
        "mean": 20.8073940277,
        "median": 20.3432807922,
        "min": 1.72742557526,
        "var": 34.0766105652
    },
    "melbands_flatness_db": {
        "dmean": 0.0176702402532,
        "dmean2": 0.0273889899254,
        "dvar": 0.000409349653637,
        "dvar2": 0.00108828465454,
        "max": 0.915118277073,
        "mean": 0.450985968113,
        "median": 0.423243880272,
        "min": 0.00347738130949,
        "var": 0.0172247346491
    },
    "melbands_kurtosis": {
        "dmean": 3.97791910172,
        "dmean2": 5.93935060501,
        "dvar": 104.954399109,
        "dvar2": 238.00012207,
        "max": 473.791717529,
        "mean": 11.6217794418,
        "median": 7.48479557037,
        "min": -1.73532402515,
        "var": 372.139007568
    },
    "melbands_skewness": {
        "dmean": 0.439430713654,
        "dmean2": 0.648650407791,
        "dvar": 0.274343371391,
        "dvar2": 0.597770571709,
        "max": 17.5309925079,
        "mean": 2.12953257561,
        "median": 2.04647302628,
        "min": -2.47362518311,
        "var": 2.40441632271
    },
    "melbands_spread": {
        "dmean": 1.05013859272,
        "dmean2": 1.55535876751,
        "dvar": 4.88057851791,
        "dvar2": 8.41304683685,
        "max": 159.328033447,
        "mean": 5.78078126907,
        "median": 4.89104175568,
        "min": 0.306367278099,
        "var": 39.0357322693
    },
    "pitch_salience": {
        "dmean": 0.0446128174663,
        "dmean2": 0.0681212693453,
        "dvar": 0.00255779502913,
        "dvar2": 0.00638146465644,
        "max": 0.931374192238,
        "mean": 0.433785647154,
        "median": 0.442747026682,
        "min": 0.0557621046901,
        "var": 0.0140351634473
    },
    "silence_rate_20dB": {
        "dmean": 0,
        "dmean2": 0,
        "dvar": 0,
        "dvar2": 0,
        "max": 1,
        "mean": 1,
        "median": 1,
        "min": 1,
        "var": 0
    },
    "silence_rate_30dB": {
        "dmean": 0.0217716116458,
        "dmean2": 0.0435463227332,
        "dvar": 0.0212992951274,
        "dvar2": 0.0518928728998,
        "max": 1,
        "mean": 0.967700600624,
        "median": 1,
        "min": 0,
        "var": 0.0312522165477
    },
    "silence_rate_60dB": {
        "dmean": 0.0135183213279,
        "dmean2": 0.0270385649055,
        "dvar": 0.0133359106258,
        "dvar2": 0.0295818634331,
        "max": 1,
        "mean": 0.178286850452,
        "median": 0,
        "min": 0,
        "var": 0.146476238966
    },
    "spectral_centroid": {
        "dmean": 35.770816803,
        "dmean2": 54.1389846802,
        "dvar": 8653.62207031,
        "dvar2": 16982.7324219,
        "max": 11446.4023438,
        "mean": 457.112823486,
        "median": 393.938781738,
        "min": 191.954177856,
        "var": 154569.71875
    },
    "spectral_complexity": {
        "dmean": 1.15517604351,
        "dmean2": 1.94037282467,
        "dvar": 1.41329419613,
        "dvar2": 3.60211801529,
        "max": 23,
        "mean": 8.72317886353,
        "median": 9,
        "min": 0,
        "var": 21.8565406799
    },
    "spectral_decrease": {
        "dmean": 1.82309523034e-09,
        "dmean2": 2.65761523899e-09,
        "dvar": 1.20890949328e-17,
        "dvar2": 2.42742950178e-17,
        "max": 1.22597514134e-28,
        "mean": -1.01974162448e-08,
        "median": -9.45034184241e-09,
        "min": -8.34838971286e-08,
        "var": 8.2164134795e-17
    },
    "spectral_energy": {
        "dmean": 0.00699209887534,
        "dmean2": 0.0101879229769,
        "dvar": 0.000179565846338,
        "dvar2": 0.000359333382221,
        "max": 0.324602991343,
        "mean": 0.0392768494785,
        "median": 0.0363753587008,
        "min": 1.0271383586e-20,
        "var": 0.00121874338947
    },
    "spectral_energyband_high": {
        "dmean": 2.29274246522e-06,
        "dmean2": 3.93204936699e-06,
        "dvar": 2.98350788519e-11,
        "dvar2": 8.82642084421e-11,
        "max": 0.000160611074534,
        "mean": 9.58197051659e-06,
        "median": 2.03774288821e-06,
        "min": 7.27239584657e-21,
        "var": 2.40806430352e-10
    },
    "spectral_energyband_low": {
        "dmean": 0.00455610407516,
        "dmean2": 0.00680799596012,
        "dvar": 7.19840900274e-05,
        "dvar2": 0.000168576472788,
        "max": 0.137524321675,
        "mean": 0.0193263795227,
        "median": 0.0156001392752,
        "min": 3.79048674701e-23,
        "var": 0.000427895021858
    },
    "spectral_energyband_middle_high": {
        "dmean": 0.000239948974922,
        "dmean2": 0.000330316950567,
        "dvar": 1.37484747142e-07,
        "dvar2": 2.40740234858e-07,
        "max": 0.0152685279027,
        "mean": 0.000914229720365,
        "median": 0.000620381033514,
        "min": 1.27199728988e-21,
        "var": 1.08185554382e-06
    },
    "spectral_energyband_middle_low": {
        "dmean": 0.00369359715842,
        "dmean2": 0.00517348293215,
        "dvar": 0.000116508170322,
        "dvar2": 0.00020924792625,
        "max": 0.321627885103,
        "mean": 0.0193864088506,
        "median": 0.0137833114713,
        "min": 1.71416155178e-22,
        "var": 0.000542066700291
    },
    "spectral_entropy": {
        "dmean": 0.100277803838,
        "dmean2": 0.151611477137,
        "dvar": 0.0130886342376,
        "dvar2": 0.0265189856291,
        "max": 9.81505203247,
        "mean": 5.79092359543,
        "median": 6.06129741669,
        "min": 3.04832315445,
        "var": 0.752037167549
    },
    "spectral_flux": {
        "dmean": 0.0144789097831,
        "dmean2": 0.0253047607839,
        "dvar": 0.000641551043373,
        "dvar2": 0.00180249661207,
        "max": 0.403925389051,
        "mean": 0.0408119037747,
        "median": 0.0352265872061,
        "min": 6.68541194626e-11,
        "var": 0.00131121301092
    },
    "spectral_kurtosis": {
        "dmean": 40.2919273376,
        "dmean2": 69.7395858765,
        "dvar": 10207.1494141,
        "dvar2": 29602.5566406,
        "max": 1419.96630859,
        "mean": 99.0040588379,
        "median": 28.5426139832,
        "min": -1.27731847763,
        "var": 30617.3222656
    },
    "spectral_rms": {
        "dmean": 0.000478829548229,
        "dmean2": 0.000691719877068,
        "dvar": 5.65671427921e-07,
        "dvar2": 1.13075134323e-06,
        "max": 0.0177956689149,
        "mean": 0.0053779440932,
        "median": 0.00595719367266,
        "min": 3.16557457331e-12,
        "var": 9.39685651247e-06
    },
    "spectral_rolloff": {
        "dmean": 59.1883430481,
        "dmean2": 99.9976425171,
        "dvar": 57078.3203125,
        "dvar2": 89140.625,
        "max": 19013.8183594,
        "mean": 458.107116699,
        "median": 344.53125,
        "min": 21.533203125,
        "var": 485279.5
    },
    "spectral_skewness": {
        "dmean": 1.07646799088,
        "dmean2": 1.8636187315,
        "dvar": 2.72345614433,
        "dvar2": 8.15859699249,
        "max": 31.544260025,
        "mean": 6.20476150513,
        "median": 4.02652263641,
        "min": -0.0828128755093,
        "var": 29.3908786774
    },
    "spectral_spread": {
        "dmean": 258330.84375,
        "dmean2": 443730.40625,
        "dvar": 123471937536,
        "dvar2": 298453073920,
        "max": 42723860,
        "mean": 1926351,
        "median": 1765105.25,
        "min": 64766.625,
        "var": 2.69574288179e+12
    },
    "spectral_strongpeak": {
        "dmean": 0.180892974138,
        "dmean2": 0.290344774723,
        "dvar": 0.184924602509,
        "dvar2": 0.390730410814,
        "max": 7.41626834869,
        "mean": 0.764822006226,
        "median": 0.449377775192,
        "min": 0,
        "var": 0.818218588829
    },
    "zerocrossingrate": {
        "dmean": 0.00220749666914,
        "dmean2": 0.00287406356074,
        "dvar": 2.26301144721e-05,
        "dvar2": 2.50758457696e-05,
        "max": 0.5185546875,
        "mean": 0.0179683044553,
        "median": 0.01513671875,
        "min": 0.001953125,
        "var": 0.000440042989794
    },
    "barkbands": {
        "dmean": [0.000460420938907, 0.00402979226783, 0.000544884591363, 0.000404018879635, 0.00131440313999, 0.00219300272875, 0.000583548506256, 0.000430541636888, 0.000165502904565, 0.000154068577103, 0.00010454729636, 4.32379529229e-05, 5.01353642903e-05, 4.09262574976e-05, 4.21224249294e-05, 2.05838550755e-05, 2.11699261854e-05, 7.88813485997e-06, 8.53924393596e-06, 2.99120279124e-06, 1.2648753227e-06, 5.29092574197e-07, 2.28760072218e-07, 2.01144700895e-07, 3.8061801888e-07, 2.98809595733e-07, 3.20501847284e-08],
        "dmean2": [0.000718463910744, 0.00597669929266, 0.000904994376469, 0.000637852936052, 0.00165481423028, 0.00309836491942, 0.000857097795233, 0.000602908548899, 0.000216760337935, 0.000194509659195, 0.000140758609632, 6.33425006527e-05, 7.98854598543e-05, 6.90817687428e-05, 6.81954261381e-05, 3.42656385328e-05, 3.64799016097e-05, 1.33958392325e-05, 1.46049133036e-05, 5.18345086675e-06, 2.18553168452e-06, 9.04482931219e-07, 3.93280686239e-07, 3.41917768765e-07, 6.43646671961e-07, 5.16543025242e-07, 5.50722987214e-08],
        "dvar": [6.95898449976e-07, 5.74432160647e-05, 2.06812774195e-06, 1.09647385216e-06, 5.13445002071e-06, 0.000102226593299, 6.00979910814e-06, 1.44053979056e-06, 7.50058646304e-08, 8.90996574299e-08, 6.03294196821e-08, 1.15061853379e-08, 1.43875151792e-08, 7.54545848025e-09, 8.30015700615e-09, 2.43994091598e-09, 2.27947150044e-09, 4.81127804264e-10, 4.62910765275e-10, 9.06580019389e-11, 1.53645863393e-11, 2.8949826477e-12, 3.27202457837e-13, 2.93700258341e-13, 2.63804364638e-12, 1.91678725843e-12, 2.01533380235e-14],
        "dvar2": [1.77377216914e-06, 0.000131564869662, 6.08617347098e-06, 3.04700733977e-06, 1.07603591459e-05, 0.000173384250957, 1.43200859384e-05, 3.36125253853e-06, 1.25763307324e-07, 1.17970110125e-07, 1.04054208805e-07, 2.27724772373e-08, 3.3166724478e-08, 2.01447605264e-08, 2.03454710856e-08, 6.69659261376e-09, 6.6368435192e-09, 1.29114907654e-09, 1.28423516266e-09, 2.6639881967e-10, 4.52131804218e-11, 8.22219983071e-12, 9.53492059613e-13, 8.58850371464e-13, 7.68561689984e-12, 5.83956537639e-12, 5.86541923429e-14],
        "max": [0.031943615526, 0.109010688961, 0.0425501465797, 0.0406268499792, 0.0614965744317, 0.307752102613, 0.065134383738, 0.0345101393759, 0.00614542094991, 0.0144221382216, 0.0101426867768, 0.00501347705722, 0.00385737512261, 0.00235391617753, 0.00207685609348, 0.00107785733417, 0.00109553593211, 0.000658456468955, 0.000470497994684, 0.000226266376558, 8.22659494588e-05, 5.05228308612e-05, 1.34286719913e-05, 1.75035656866e-05, 8.12848011265e-05, 6.22303195996e-05, 5.67151573705e-06],
        "mean": [0.00191328977235, 0.0160014238209, 0.00116922671441, 0.000821008172352, 0.00735664414242, 0.00658984808251, 0.00272422586568, 0.00126231706236, 0.000392300717067, 0.000401946512284, 0.000229968252825, 8.68667702889e-05, 7.33179113013e-05, 6.40447760816e-05, 7.4621370004e-05, 3.73560324078e-05, 3.46155320585e-05, 1.41219743455e-05, 1.64114280778e-05, 5.55175665795e-06, 2.51434039455e-06, 1.33114406253e-06, 6.63201433326e-07, 7.13053793788e-07, 1.44117586842e-06, 1.15636839837e-06, 8.65787868065e-08],
        "median": [0.000895883073099, 0.0124307554215, 0.000270794087555, 0.000204749434488, 0.00463123014197, 0.00167144427542, 0.000653589901049, 0.000429031671956, 0.000196900131414, 0.000160624447744, 5.92573560425e-05, 2.94445708278e-05, 2.28067438002e-05, 2.63082019956e-05, 3.00669562421e-05, 1.15912680485e-05, 1.0544568795e-05, 4.41501833848e-06, 5.10802556164e-06, 1.16885121315e-06, 4.87979605168e-07, 1.9350976288e-07, 1.1820421264e-07, 1.01345946746e-07, 8.15102936258e-08, 3.85821863347e-08, 6.19802431601e-09],
        "min": [1.91275813664e-24, 8.05348571457e-24, 4.43767154687e-24, 4.10241118417e-24, 1.4419716282e-23, 5.50238685545e-24, 2.16522454966e-23, 1.28015984823e-23, 3.00433163469e-23, 2.2735138527e-23, 2.62561608017e-23, 3.40139972262e-23, 5.78791789999e-23, 3.79666131908e-23, 5.08129353533e-23, 7.55739286383e-23, 5.33465230781e-23, 1.47914789743e-22, 1.42590369907e-22, 1.82787742899e-22, 2.92030122443e-22, 4.26103735448e-22, 3.72669958043e-22, 6.14373708228e-22, 9.5111220062e-22, 1.4636538867e-21, 2.03655219154e-21],
        "var": [8.12872167444e-06, 0.000309551105602, 5.21803622178e-06, 2.62514117821e-06, 7.8101787949e-05, 0.000380802608561, 5.36087172804e-05, 5.65790878682e-06, 2.98601577242e-07, 5.37396147138e-07, 2.79079273469e-07, 3.12501278188e-08, 2.56162824286e-08, 1.18389218429e-08, 1.90940223632e-08, 4.66436667068e-09, 3.71444874858e-09, 8.61461457724e-10, 8.6518620046e-10, 1.54509419148e-10, 2.80689395338e-11, 9.81897289171e-12, 1.42681797367e-12, 1.93613397884e-12, 2.04459192632e-11, 1.69390491217e-11, 1.02091817259e-13]
    },
    "erbbands": {
        "dmean": [0.198573514819, 0.629649937153, 0.767309010029, 0.794197142124, 1.98302340508, 5.41097164154, 12.5214500427, 17.994096756, 9.47348499298, 10.0282850266, 3.90338468552, 4.60271501541, 4.82424926758, 2.92916154861, 4.55294752121, 2.25786709785, 2.53641438484, 1.96475124359, 2.01987743378, 2.05917096138, 0.952310621738, 0.747455537319, 0.513285577297, 0.548698484898, 0.255196154118, 0.179535672069, 0.0611125640571, 0.0287411101162, 0.0196758341044, 0.0128127466887, 0.00734160281718, 0.00420160917565, 0.00342726125382, 0.002496865578, 0.0040515018627, 0.00236104871146, 0.00027772312751, 5.81633066759e-05, 6.7699866122e-06, 7.63236130297e-06],
        "dmean2": [0.298054605722, 0.929050028324, 1.25706326962, 1.24924647808, 2.97046995163, 6.4087305069, 17.1139202118, 26.5396690369, 13.9495735168, 14.105383873, 5.59411239624, 5.9891834259, 6.25471353531, 3.65933346748, 6.14365291595, 3.28282904625, 4.02697753906, 3.31455898285, 3.29226613045, 3.34858369827, 1.63823664188, 1.28581881523, 0.879389882088, 0.928960382938, 0.434280008078, 0.311943590641, 0.105259552598, 0.0495893284678, 0.033848322928, 0.021926837042, 0.0126130068675, 0.00720363529399, 0.00586025230587, 0.00424975715578, 0.00688216974959, 0.00407685991377, 0.000473842170322, 9.86075538094e-05, 1.09117381726e-05, 1.11182062028e-05],
        "dvar": [0.148274824023, 1.46026074886, 3.82787299156, 4.18118953705, 15.3333148956, 89.0895233154, 2745.18994141, 5234.95703125, 1715.0513916, 650.116699219, 95.3467025757, 60.0429420471, 101.01600647, 42.0198936462, 113.366622925, 30.467590332, 36.3916931152, 18.1012001038, 23.3798675537, 23.8971138, 3.79150509834, 2.66194367409, 1.52539753914, 2.44330954552, 0.279598116875, 0.329547762871, 0.0308364704251, 0.0059789265506, 0.00371867511421, 0.00179076881614, 0.000410111359088, 0.000116988223454, 0.000100619436125, 4.74431799375e-05, 0.000416514114477, 0.000129969223053, 1.3003384538e-06, 5.77026462167e-08, 4.37937380804e-10, 2.15849935148e-10],
        "dvar2": [0.340967267752, 3.32138490677, 10.7406797409, 10.9812812805, 42.370388031, 170.315307617, 5070.48486328, 8922.64453125, 4272.83984375, 1496.97509766, 231.874053955, 99.8755950928, 143.37739563, 50.2889709473, 193.230728149, 59.5935668945, 84.1362228394, 48.3348655701, 57.9015197754, 59.1436691284, 10.7570266724, 7.73045492172, 4.17762231827, 6.66898822784, 0.786767363548, 0.967550575733, 0.091107852757, 0.0176824480295, 0.0106740985066, 0.00519406469539, 0.0012014741078, 0.000344823638443, 0.000292659504339, 0.000136068338179, 0.00123159633949, 0.000391565117752, 3.75747504222e-06, 1.69830983054e-07, 1.22394716584e-09, 4.30370433735e-10],
        "max": [4.19033908844, 23.0517692566, 50.5396347046, 83.1418304443, 116.78842926, 310.173431396, 1581.8215332, 2100.98608398, 1096.95117188, 622.52154541, 282.644866943, 179.64894104, 308.33416748, 528.327331543, 488.534393311, 261.300689697, 193.917938232, 119.11341095, 118.508987427, 198.927688599, 36.0652198792, 29.2843914032, 31.8625469208, 35.274520874, 11.325340271, 13.16431427, 3.42774200439, 1.84503889084, 1.60411834717, 1.02051627636, 0.403352975845, 0.259863734245, 0.376107633114, 0.23529843986, 1.02910399437, 0.496882230043, 0.0538987889886, 0.00912004429847, 0.000740055693313, 0.000358897348633],
        "mean": [0.779297590256, 2.29207062721, 1.87081551552, 1.83312022686, 6.78151893616, 31.5998344421, 45.8649940491, 55.005191803, 45.5220909119, 36.4668312073, 11.8125019073, 11.3512420654, 12.2655057907, 7.74084377289, 10.4129619598, 4.69677448273, 3.92447519302, 3.24002075195, 3.61052703857, 3.70331287384, 1.8290926218, 1.33712399006, 0.985313475132, 0.990773499012, 0.542364180088, 0.33866250515, 0.132109537721, 0.0694665238261, 0.0464764013886, 0.0326435491443, 0.0200784560293, 0.0135870119557, 0.0116450125352, 0.00906056072563, 0.0145459668711, 0.00841017533094, 0.00124894466717, 0.000233099664911, 3.04020650219e-05, 4.3345913582e-05],
        "median": [0.652308106422, 1.19087600708, 0.635091483593, 0.710219621658, 3.58726930618, 18.2060470581, 21.1072616577, 16.3019371033, 10.8075284958, 14.6378116608, 6.15855073929, 5.84576702118, 4.87817621231, 3.29233932495, 3.35307979584, 1.85336065292, 1.46691608429, 1.59887742996, 1.54062473774, 1.31747603416, 0.750150382519, 0.489520788193, 0.341768741608, 0.263972908258, 0.199810862541, 0.0701416879892, 0.0289724171162, 0.0143839027733, 0.00744414841756, 0.00573282502592, 0.00318362656981, 0.00222207442857, 0.00158405222464, 0.00100316933822, 0.000552561949007, 0.000219859168283, 7.58261376177e-05, 1.63103359228e-05, 1.96088494704e-05, 4.01185534429e-05],
        "min": [2.58853434804e-22, 1.29351620368e-21, 6.32984979186e-21, 1.13587343117e-20, 4.30068164131e-20, 4.2274112105e-20, 1.68901476133e-20, 7.61759867258e-20, 2.33146413268e-19, 2.45968927684e-19, 5.91149329351e-19, 6.59826413298e-19, 6.29211476551e-19, 8.14273854961e-19, 2.00715520393e-18, 1.84102238854e-18, 2.66254363814e-18, 2.56947485909e-18, 2.84431306223e-18, 3.26139779301e-18, 3.68312424779e-18, 3.98432386988e-18, 7.6574797641e-18, 6.77318315743e-18, 9.14147983333e-18, 8.64021830829e-18, 1.0973624506e-17, 1.43221095282e-17, 1.41921362929e-17, 1.49339138159e-17, 1.04931624374e-17, 1.12211674032e-17, 1.14287731934e-17, 9.76649915854e-18, 7.06940397941e-18, 4.95034468029e-18, 2.7680964338e-18, 9.05199357351e-19, 2.46847109151e-19, 3.10798994935e-20],
        "var": [0.681126058102, 8.21185112, 10.7729539871, 10.8187227249, 95.3925933838, 1630.47839355, 8793.38085938, 22419.1347656, 13074.9472656, 3320.02124023, 318.328125, 242.347946167, 509.106964111, 281.738677979, 509.128295898, 81.9596633911, 65.1141662598, 28.4801082611, 47.5438652039, 56.1677780151, 7.65925264359, 4.79271602631, 3.02886581421, 4.14577245712, 0.690273284912, 0.571531236172, 0.0665698125958, 0.0166238248348, 0.00996400415897, 0.00522058317438, 0.00147707853466, 0.000594123557676, 0.000613646756392, 0.000374992756406, 0.00284512690268, 0.0010317520937, 1.5913075913e-05, 4.94326116041e-07, 2.43272757494e-09, 1.47809398054e-09]
    },
    "gfcc": {
        "mean": [-175.722045898, 192.90385437, -87.8485107422, -20.1714801788, -43.8084182739, -18.125333786, -35.017074585, -4.43767166138, -15.6659440994, -2.61407661438, -1.19563376904, -1.91763579845, 4.01048898697],
        "cov": [[28590.0195312, -899.292419434, -1685.53662109, 5023.77050781, 2069.51416016, 1598.16149902, 733.021179199, 1828.78344727, 453.03225708, 1256.34020996, 664.175476074, 821.914245605, 318.326263428], [-899.292419434, 2552.76123047, 1038.11413574, -935.035644531, 243.541137695, -227.95123291, 275.006896973, -357.934020996, 332.086730957, -183.810394287, 228.215530396, -48.2908058167, 226.532302856], [-1685.53662109, 1038.11413574, 1876.43334961, -588.205444336, 5.85566759109, 162.533813477, 202.483291626, -44.8985137939, 3.55518722534, 75.4382705688, 35.2328643799, 69.1022109985, 96.390083313], [5023.77050781, -935.035644531, -588.205444336, 1829.00585938, 653.366333008, 443.95135498, 250.959869385, 493.524017334, 96.0102615356, 289.227996826, 53.879825592, 176.558807373, 40.267539978], [2069.51416016, 243.541137695, 5.85566759109, 653.366333008, 662.957458496, 262.873321533, 204.709320068, 211.017425537, 128.175079346, 122.616325378, 96.6517410278, 107.653495789, 101.480941772], [1598.16149902, -227.95123291, 162.533813477, 443.95135498, 262.873321533, 389.470581055, 124.542625427, 226.101211548, -33.4656410217, 135.368041992, 6.28396177292, 79.5256195068, 9.06142711639], [733.021179199, 275.006896973, 202.483291626, 250.959869385, 204.709320068, 124.542625427, 260.920501709, 112.458030701, 97.844909668, 75.4040374756, 69.5711135864, 56.4328384399, 53.663444519], [1828.78344727, -357.934020996, -44.8985137939, 493.524017334, 211.017425537, 226.101211548, 112.458030701, 349.117614746, 26.1522102356, 176.402618408, 41.1516456604, 101.260726929, 1.67547917366], [453.03225708, 332.086730957, 3.55518722534, 96.0102615356, 128.175079346, -33.4656410217, 97.844909668, 26.1522102356, 269.262207031, 54.2524223328, 100.282104492, 58.2593383789, 63.86977005], [1256.34020996, -183.810394287, 75.4382705688, 289.227996826, 122.616325378, 135.368041992, 75.4040374756, 176.402618408, 54.2524223328, 209.201507568, 66.4149627686, 94.5531997681, 12.2265253067], [664.175476074, 228.215530396, 35.2328643799, 53.879825592, 96.6517410278, 6.28396177292, 69.5711135864, 41.1516456604, 100.282104492, 66.4149627686, 142.02746582, 71.5817565918, 52.6692199707], [821.914245605, -48.2908058167, 69.1022109985, 176.558807373, 107.653495789, 79.5256195068, 56.4328384399, 101.260726929, 58.2593383789, 94.5531997681, 71.5817565918, 145.917098999, 64.4345855713], [318.326263428, 226.532302856, 96.390083313, 40.267539978, 101.480941772, 9.06142711639, 53.663444519, 1.67547917366, 63.86977005, 12.2265253067, 52.6692199707, 64.4345855713, 116.484260559]],
        "icov": [[0.000181103896466, -0.000662601552904, 0.000314080854878, -0.00065777101554, 0.000542142137419, -0.000460381823359, 0.000675678369589, -0.000471246574307, 0.000416012306232, -0.000648812158033, 6.9844922109e-05, -0.000502601033077, 0.000106592480734], [-0.000662601552904, 0.00481425737962, -0.0019653281197, 0.00355468341149, -0.00375944050029, 0.00225969986059, -0.00413805060089, 0.00265313615091, -0.00286430912092, 0.0038896559272, -0.00295595848002, 0.00422338256612, -0.00202402821742], [0.000314080854878, -0.0019653281197, 0.00182028498966, -0.000843334011734, 0.00150582566857, -0.00169319461565, 0.00071077659959, -0.000720748386811, 0.00134950841311, -0.00251534511335, 0.00165040313732, -0.00200339755975, 0.000137791139423], [-0.00065777101554, 0.00355468341149, -0.000843334011734, 0.00460352608934, -0.00369506701827, 0.00140625506174, -0.00408217636868, 0.00157907325774, -0.00214427895844, 0.00207458343357, -0.000385927240131, 0.00240049255081, -0.00123667297885], [0.000542142137419, -0.00375944050029, 0.00150582566857, -0.00369506701827, 0.00649750092998, -0.00341260200366, 0.00281623890623, -0.00230246363208, 0.00142390083056, -0.0022623357363, 0.00095394346863, -0.00231916387565, -0.000490301346872], [-0.000460381823359, 0.00225969986059, -0.00169319461565, 0.00140625506174, -0.00341260200366, 0.00787878315896, -0.00292538921349, -0.000436348404037, 0.000543413392734, 0.00107689597644, 0.000521002977621, 0.000734740810003, 0.000439699157141], [0.000675678369589, -0.00413805060089, 0.00071077659959, -0.00408217636868, 0.00281623890623, -0.00292538921349, 0.0111021855846, -0.0036043766886, 0.000781706126872, -0.00242395489477, -3.19013051922e-05, -0.0018348810263, 0.000590411596932], [-0.000471246574307, 0.00265313615091, -0.000720748386811, 0.00157907325774, -0.00230246363208, -0.000436348404037, -0.0036043766886, 0.00933462847024, -0.00130023621023, -0.0012414654484, -0.000703301921021, 0.000111498608021, 0.000844343448989], [0.000416012306232, -0.00286430912092, 0.00134950841311, -0.00214427895844, 0.00142390083056, 0.000543413392734, 0.000781706126872, -0.00130023621023, 0.00798731390387, -0.00356456334703, -0.000497239641845, -0.00280925049447, 0.000207234334084], [-0.000648812158033, 0.0038896559272, -0.00251534511335, 0.00207458343357, -0.0022623357363, 0.00107689597644, -0.00242395489477, -0.0012414654484, -0.00356456334703, 0.0151919815689, -0.00552639784291, 0.000201344053494, 0.00134199240711], [6.9844922109e-05, -0.00295595848002, 0.00165040313732, -0.000385927240131, 0.00095394346863, 0.000521002977621, -3.19013051922e-05, -0.000703301921021, -0.000497239641845, -0.00552639784291, 0.0170066915452, -0.00695209903643, 0.000487278361106], [-0.000502601033077, 0.00422338256612, -0.00200339755975, 0.00240049255081, -0.00231916387565, 0.000734740810003, -0.0018348810263, 0.000111498608021, -0.00280925049447, 0.000201344053494, -0.00695209903643, 0.0196191687137, -0.00939483381808], [0.000106592480734, -0.00202402821742, 0.000137791139423, -0.00123667297885, -0.000490301346872, 0.000439699157141, 0.000590411596932, 0.000844343448989, 0.000207234334084, 0.00134199240711, 0.000487278361106, -0.00939483381808, 0.0173741076142]]
    },
    "melbands": {
        "dmean": [0.00135152367875, 0.000500984315295, 0.000163538672496, 0.000239154076553, 0.000417802715674, 0.000405379745644, 0.000132841712912, 0.000113601738121, 2.68889962172e-05, 2.70435848506e-05, 2.38832071773e-05, 1.21576822494e-05, 1.47701302922e-05, 7.31767522666e-06, 6.04915840086e-06, 3.49497304342e-06, 4.36174514107e-06, 3.38519862453e-06, 2.451886985e-06, 2.530507345e-06, 1.19260744214e-06, 8.54771258219e-07, 8.67553580974e-07, 4.73116671174e-07, 4.87623253775e-07, 2.32204399708e-07, 1.59867951766e-07, 1.14914236349e-07, 3.07346716966e-08, 4.78294879258e-08, 1.61313700175e-08, 1.41597329417e-08, 9.14204356661e-09, 7.07393699173e-09, 5.2875801515e-09, 3.21663895519e-09, 2.83497714193e-09, 2.91329138591e-09, 2.519858322e-09, 2.58088217464e-09],
        "dmean2": [0.0020184321329, 0.000773395004217, 0.000259232154349, 0.000298258644762, 0.000555619364604, 0.000586955749895, 0.000193019295693, 0.00015862636792, 3.81500358344e-05, 3.51176531694e-05, 3.09181414195e-05, 1.52100028572e-05, 2.00088707061e-05, 1.02868134491e-05, 9.33444971452e-06, 5.57695193493e-06, 7.38776907383e-06, 5.55171118322e-06, 3.95412280341e-06, 4.16213015342e-06, 2.05974743039e-06, 1.46815352764e-06, 1.5147643353e-06, 7.9825724697e-07, 8.27461860808e-07, 3.98934474788e-07, 2.74304369441e-07, 1.99728958705e-07, 5.29427985896e-08, 8.2701596682e-08, 2.80319447654e-08, 2.43978810488e-08, 1.56459769585e-08, 1.21420162813e-08, 9.1140162084e-09, 5.5661550924e-09, 4.85668971706e-09, 5.00801888847e-09, 4.3459760235e-09, 4.41985070765e-09],
        "dvar": [6.67956101097e-06, 1.20736001463e-06, 1.45689739384e-07, 1.77329184226e-07, 2.25371331908e-06, 2.92220738629e-06, 3.45177596728e-07, 8.92658462703e-08, 3.47738149387e-09, 2.0872397144e-09, 2.5044821772e-09, 8.10403799623e-10, 1.22172483241e-09, 2.34106706243e-10, 1.52276441456e-10, 6.23507981357e-11, 9.54563442179e-11, 5.72317367109e-11, 2.45439935737e-11, 3.58588332638e-11, 6.65983197409e-12, 3.63220803261e-12, 4.91246713447e-12, 2.38582070766e-12, 2.11680000785e-12, 2.94647634199e-13, 1.53000279546e-13, 1.23246885245e-13, 4.43114317279e-15, 2.81747264814e-14, 1.57839105183e-15, 2.65479607427e-15, 6.77063927926e-16, 4.39841366089e-16, 2.28473029129e-16, 6.43284598097e-17, 5.16318594468e-17, 7.90411971104e-17, 5.48234498136e-17, 5.88336379669e-17],
        "dvar2": [1.53418859554e-05, 3.05648563881e-06, 3.93108422259e-07, 3.66419527609e-07, 4.11924929722e-06, 4.90277989229e-06, 8.32749435631e-07, 2.07551636322e-07, 8.43221759084e-09, 3.42493189365e-09, 3.54025142535e-09, 9.55190926355e-10, 2.15325157704e-09, 4.21031570719e-10, 3.33232857974e-10, 1.45354464576e-10, 2.55505783198e-10, 1.42888659238e-10, 6.07486491666e-11, 9.36747693303e-11, 1.90937023137e-11, 1.04621112121e-11, 1.44030065652e-11, 6.33728226146e-12, 5.79141075374e-12, 8.1345894647e-13, 4.43608284871e-13, 3.62113523845e-13, 1.28618014337e-14, 8.31587132055e-14, 4.58993220425e-15, 7.59128799724e-15, 1.98812947577e-15, 1.27613105037e-15, 6.70301163936e-16, 1.89385462934e-16, 1.50462154955e-16, 2.30018414272e-16, 1.58079667833e-16, 1.71151292034e-16],
        "max": [0.0332703739405, 0.0266495328397, 0.0140626998618, 0.0172542054206, 0.0456807203591, 0.0509402491152, 0.0156230274588, 0.00791353639215, 0.0016396328574, 0.00114431255497, 0.00153305835556, 0.00235630152747, 0.00141023739707, 0.000622670573648, 0.000356148026185, 0.000247784453677, 0.000271088123554, 0.000176585032023, 0.000159584014909, 0.000198387817363, 6.49980283924e-05, 4.8673726269e-05, 3.7622929085e-05, 5.30273973709e-05, 3.34559153998e-05, 1.46036954902e-05, 7.99409735919e-06, 7.42106249163e-06, 1.01565433397e-06, 3.80209417017e-06, 1.00452098195e-06, 1.42174098983e-06, 5.13307043093e-07, 4.35868344084e-07, 3.45105831911e-07, 1.72779678564e-07, 2.18686622588e-07, 3.54200693664e-07, 1.86603074326e-07, 2.3617249667e-07],
        "mean": [0.00548373302445, 0.00160503201187, 0.000398359290557, 0.00133292062674, 0.00176634255331, 0.00122846930753, 0.000654362258501, 0.000386137980968, 7.70918413764e-05, 6.6748187237e-05, 5.90059826209e-05, 2.9938919397e-05, 3.32419076585e-05, 1.5945177438e-05, 1.00383776953e-05, 5.43336682313e-06, 6.62482398184e-06, 5.63253252039e-06, 4.61688932774e-06, 4.27590794061e-06, 1.97563122128e-06, 1.44455418649e-06, 1.26953375457e-06, 8.16303099782e-07, 8.06738967185e-07, 4.4578609959e-07, 2.93313775046e-07, 1.98300924126e-07, 6.68959003747e-08, 7.78121957978e-08, 3.31858167613e-08, 2.89344086468e-08, 2.02301038144e-08, 1.58610991008e-08, 1.22692860316e-08, 8.1061903856e-09, 8.25531731863e-09, 8.41288816389e-09, 7.02735603042e-09, 7.54987095064e-09],
        "median": [0.00445497734472, 0.000699919881299, 0.000163940596394, 0.000811935169622, 0.000936943804845, 0.000336791563313, 0.000138024654007, 0.000151863700012, 4.27493650932e-05, 3.37048368237e-05, 2.19534340431e-05, 1.09443599285e-05, 9.06827153813e-06, 6.03797934673e-06, 3.92428137275e-06, 2.05271021514e-06, 2.80485573967e-06, 2.22205790124e-06, 1.86138856861e-06, 1.30202670334e-06, 6.93821107234e-07, 5.13962163495e-07, 3.24560346598e-07, 2.32055498373e-07, 1.8616769637e-07, 1.56016810138e-07, 7.72814416905e-08, 3.48801165728e-08, 1.85774773342e-08, 1.14997895651e-08, 6.57146959071e-09, 4.06610567438e-09, 3.2732028199e-09, 2.75257860949e-09, 1.81432358026e-09, 1.31169386464e-09, 1.29176336294e-09, 1.10896380967e-09, 9.46704492577e-10, 7.66238850147e-10],
        "min": [3.29734490659e-24, 4.57829152525e-24, 2.97824278182e-24, 3.81889891357e-24, 6.86865923341e-25, 1.46172651965e-24, 4.55067034951e-24, 2.58276768016e-24, 4.30228487173e-24, 4.47408457739e-24, 2.73294490562e-24, 2.96743164033e-24, 5.09525377011e-24, 4.6633263921e-24, 5.96727284209e-24, 6.74032576363e-24, 3.60946068197e-24, 4.27047208357e-24, 2.99882297955e-24, 3.56501625857e-24, 4.01642258449e-24, 2.48088866083e-24, 5.80333452978e-24, 5.34232224462e-24, 5.0937044473e-24, 4.38997741097e-24, 5.71807325985e-24, 6.10978963652e-24, 6.21959552465e-24, 6.19618016083e-24, 8.52011666153e-24, 6.51150955832e-24, 8.46847230465e-24, 7.67248009684e-24, 5.68132220243e-24, 6.31188830626e-24, 6.19704435795e-24, 7.12909613925e-24, 6.83134374601e-24, 8.03335871743e-24],
        "var": [3.46413362422e-05, 4.98293456985e-06, 4.18419261905e-07, 2.96189546134e-06, 8.47513365443e-06, 1.20011491163e-05, 2.97426731777e-06, 3.92176787045e-07, 1.12159090904e-08, 8.95595508865e-09, 1.25452119804e-08, 5.32402300024e-09, 5.64181501517e-09, 8.90704343615e-10, 3.17552206752e-10, 1.14958542685e-10, 1.42056755248e-10, 1.13268977531e-10, 6.18455842094e-11, 7.46150155551e-11, 1.09411715798e-11, 6.13213342951e-12, 7.06502087736e-12, 4.02346081799e-12, 3.39936065408e-12, 5.74202469426e-13, 2.91481113334e-13, 2.07308671098e-13, 1.14824904413e-14, 4.30265801557e-14, 3.91069944846e-15, 5.48347530712e-15, 1.74919132811e-15, 1.14373058923e-15, 6.29115880942e-16, 2.15579281848e-16, 2.57918488414e-16, 3.63519541786e-16, 2.19441712383e-16, 3.03439547777e-16]
    },
    "mfcc": {
        "mean": [-805.255432129, 209.179168701, 16.011680603, 12.812713623, 1.46883189678, -11.9345579147, -7.7236366272, -8.21789932251, -7.71189641953, -2.90729379654, -3.75251150131, -4.25343608856, 0.555100023746],
        "cov": [[12768.1259766, 2985.27026367, -1984.26257324, 1775.32641602, 1627.00866699, 899.796142578, 828.71282959, 695.018981934, 653.272949219, 684.321044922, 385.39151001, 343.068267822, 648.75958252], [2985.27026367, 2867.26782227, 229.36416626, 251.296508789, 503.266021729, 258.918579102, 300.815032959, 186.225112915, 157.514266968, 162.722015381, 108.906326294, 84.0471115112, 191.536346436], [-1984.26257324, 229.36416626, 1395.09423828, -197.693191528, -387.645324707, -101.414428711, 10.342124939, -98.9354019165, -79.8034667969, -76.3918533325, -63.0671615601, -43.2085838318, -49.9840660095], [1775.32641602, 251.296508789, -197.693191528, 662.044067383, 352.18762207, 234.023803711, 210.486801147, 181.550811768, 187.408889771, 165.552459717, 91.3791656494, 75.535118103, 128.761566162], [1627.00866699, 503.266021729, -387.645324707, 352.18762207, 601.187988281, 310.386932373, 237.773513794, 195.327285767, 184.7993927, 164.26739502, 78.395111084, 51.2396583557, 118.167419434], [899.796142578, 258.918579102, -101.414428711, 234.023803711, 310.386932373, 312.658233643, 202.451583862, 129.925430298, 127.56426239, 107.137512207, 53.0805397034, 29.7952957153, 64.6390304565], [828.71282959, 300.815032959, 10.342124939, 210.486801147, 237.773513794, 202.451583862, 321.967163086, 153.4324646, 111.461433411, 115.607078552, 45.510597229, 23.3301067352, 70.6060714722], [695.018981934, 186.225112915, -98.9354019165, 181.550811768, 195.327285767, 129.925430298, 153.4324646, 176.413070679, 119.749038696, 84.7324676514, 42.0298576355, 34.0139389038, 63.1506080627], [653.272949219, 157.514266968, -79.8034667969, 187.408889771, 184.7993927, 127.56426239, 111.461433411, 119.749038696, 161.597595215, 113.399101257, 51.6824645996, 37.148979187, 63.0764007568], [684.321044922, 162.722015381, -76.3918533325, 165.552459717, 164.26739502, 107.137512207, 115.607078552, 84.7324676514, 113.399101257, 148.00743103, 76.4029464722, 42.4875183105, 69.1480407715], [385.39151001, 108.906326294, -63.0671615601, 91.3791656494, 78.395111084, 53.0805397034, 45.510597229, 42.0298576355, 51.6824645996, 76.4029464722, 95.7175369263, 63.1937065125, 52.7176399231], [343.068267822, 84.0471115112, -43.2085838318, 75.535118103, 51.2396583557, 29.7952957153, 23.3301067352, 34.0139389038, 37.148979187, 42.4875183105, 63.1937065125, 103.992958069, 95.8814620972], [648.75958252, 191.536346436, -49.9840660095, 128.761566162, 118.167419434, 64.6390304565, 70.6060714722, 63.1506080627, 63.0764007568, 69.1480407715, 52.7176399231, 95.8814620972, 170.038360596]],
