{
"lowlevel": {
    "average_loudness": 0.882490515709,
    "barkbands_crest": {
        "dmean": 2.25337433815,
        "dmean2": 3.70196413994,
        "dvar": 4.84263515472,
        "dvar2": 12.7694826126,
        "max": 24.3388214111,
        "mean": 9.72326469421,
        "median": 9.15068149567,
        "min": 2.72906279564,
        "var": 10.8995265961
    },
    "barkbands_flatness_db": {
        "dmean": 0.0288448352367,
        "dmean2": 0.0416645109653,
        "dvar": 0.00072989432374,
        "dvar2": 0.00163735484239,
        "max": 0.457300931215,
        "mean": 0.155786111951,
        "median": 0.146862596273,
        "min": 0.0244654156268,
        "var": 0.00422257417813
    },
    "barkbands_kurtosis": {
        "dmean": 3.97248339653,
        "dmean2": 6.5030670166,
        "dvar": 58.1213111877,
        "dvar2": 150.183898926,
        "max": 222.506072998,
        "mean": 5.37141561508,
        "median": 2.6267645359,
        "min": -1.87555396557,
        "var": 85.5339889526
    },
    "barkbands_skewness": {
        "dmean": 0.627368271351,
        "dmean2": 0.981614291668,
        "dvar": 0.554874777794,
        "dvar2": 1.34804463387,
        "max": 12.4257116318,
        "mean": 1.8409011364,
        "median": 1.64053559303,
        "min": -2.14917349815,
        "var": 1.50673389435
    },
    "barkbands_spread": {
        "dmean": 8.26712417603,
        "dmean2": 12.6857318878,
        "dvar": 153.743118286,
        "dvar2": 324.625701904,
        "max": 107.306594849,
        "mean": 21.8473129272,
        "median": 16.761297226,
        "min": 0.368046700954,
        "var": 294.639465332
    },
    "dissonance": {
        "dmean": 0.0203555840999,
        "dmean2": 0.0332686193287,
        "dvar": 0.000393463618821,
        "dvar2": 0.00102673342917,
        "max": 0.500000119209,
        "mean": 0.448705464602,
        "median": 0.455901622772,
        "min": 0.176461219788,
        "var": 0.00117486983072
    },
    "dynamic_complexity": 3.93155407906,
    "erbbands_crest": {
        "dmean": 2.10241675377,
        "dmean2": 3.09639620781,
        "dvar": 4.28978204727,
        "dvar2": 8.80232048035,
        "max": 30.6871776581,
        "mean": 9.51739120483,
        "median": 8.54063034058,
        "min": 2.4778239727,
        "var": 19.6979980469
    },
    "erbbands_flatness_db": {
        "dmean": 0.0283280164003,
        "dmean2": 0.0349321700633,
        "dvar": 0.000720944546629,
        "dvar2": 0.00127341516782,
        "max": 0.412413865328,
        "mean": 0.156698837876,
        "median": 0.152839899063,
        "min": 0.0365018062294,
        "var": 0.00459651276469
    },
    "erbbands_kurtosis": {
        "dmean": 0.592154204845,
        "dmean2": 0.894784331322,
        "dvar": 0.556148946285,
        "dvar2": 1.20228254795,
        "max": 19.6839675903,
        "mean": -0.00918492395431,
        "median": -0.373821020126,
        "min": -1.75491178036,
        "var": 1.92445218563
    },
    "erbbands_skewness": {
        "dmean": 0.295847594738,
        "dmean2": 0.446724355221,
        "dvar": 0.0895924940705,
        "dvar2": 0.207829505205,
        "max": 4.28482627869,
        "mean": 0.284176141024,
        "median": 0.304698735476,
        "min": -3.33999538422,
        "var": 0.415921956301
    },
    "erbbands_spread": {
        "dmean": 11.2912874222,
        "dmean2": 15.8191871643,
        "dvar": 177.498519897,
        "dvar2": 334.668334961,
        "max": 144.475631714,
        "mean": 45.1181983948,
        "median": 38.3519325256,
        "min": 4.17712831497,
        "var": 618.847229004
    },
    "hfc": {
        "dmean": 11.507771492,
        "dmean2": 16.9573345184,
        "dvar": 646.538391113,
        "dvar2": 1508.1940918,
        "max": 324.98147583,
        "mean": 20.0596046448,
        "median": 10.7947940826,
        "min": 1.2364204782e-16,
        "var": 825.692077637
    },
    "melbands_crest": {
        "dmean": 3.29562711716,
        "dmean2": 5.45657444,
        "dvar": 9.82369327545,
        "dvar2": 25.2219696045,
        "max": 32.9609451294,
        "mean": 14.4789247513,
        "median": 13.8614559174,
        "min": 1.49184334278,
        "var": 22.5325546265
    },
    "melbands_flatness_db": {
        "dmean": 0.0332562811673,
        "dmean2": 0.0496045388281,
        "dvar": 0.00105905381497,
        "dvar2": 0.00243959994987,
        "max": 0.569011926651,
        "mean": 0.235016092658,
        "median": 0.224736168981,
        "min": 0.0028403995093,
        "var": 0.00601476430893
    },
    "melbands_kurtosis": {
        "dmean": 10.1598424911,
        "dmean2": 16.0187282562,
        "dvar": 361.985595703,
        "dvar2": 892.206054688,
        "max": 336.626739502,
        "mean": 18.3944168091,
        "median": 10.0553359985,
        "min": -1.63660931587,
        "var": 604.226318359
    },
    "melbands_skewness": {
        "dmean": 0.860561966896,
        "dmean2": 1.29256594181,
        "dvar": 1.0308662653,
        "dvar2": 2.25190377235,
        "max": 13.8093452454,
        "mean": 3.1616268158,
        "median": 2.75849199295,
        "min": -1.05673217773,
        "var": 3.48295283318
    },
    "melbands_spread": {
        "dmean": 5.47008562088,
        "dmean2": 8.64258384705,
        "dvar": 52.4724502563,
        "dvar2": 130.32421875,
        "max": 153.955947876,
        "mean": 18.2689399719,
        "median": 15.4408073425,
        "min": 0.38155195117,
        "var": 228.847564697
    },
    "pitch_salience": {
        "dmean": 0.060878187418,
        "dmean2": 0.100949659944,
        "dvar": 0.00349681312218,
        "dvar2": 0.00934920553118,
        "max": 0.827031195164,
        "mean": 0.501446485519,
        "median": 0.501553654671,
        "min": 0.0726673826575,
        "var": 0.00993179436773
    },
    "silence_rate_20dB": {
        "dmean": 0,
        "dmean2": 0,
        "dvar": 0,
        "dvar2": 0,
        "max": 1,
        "mean": 1,
        "median": 1,
        "min": 1,
        "var": 0
    },
    "silence_rate_30dB": {
        "dmean": 0.0151722878218,
        "dmean2": 0.0303473491222,
        "dvar": 0.0149413198233,
        "dvar2": 0.0374675877392,
        "max": 1,
        "mean": 0.988119184971,
        "median": 1,
        "min": 0,
        "var": 0.0117407497019
    },
    "silence_rate_60dB": {
        "dmean": 0.0149894887581,
        "dmean2": 0.02998171933,
        "dvar": 0.0147681785747,
        "dvar2": 0.0329099036753,
        "max": 1,
        "mean": 0.0819777026772,
        "median": 0,
        "min": 0,
        "var": 0.0752518177032
    },
    "spectral_centroid": {
        "dmean": 249.099380493,
        "dmean2": 389.861785889,
        "dvar": 85572.578125,
        "dvar2": 194263.890625,
        "max": 10906.4882812,
        "mean": 1069.3729248,
        "median": 952.70526123,
        "min": 179.371810913,
        "var": 333463.71875
    },
    "spectral_complexity": {
        "dmean": 2.33762907982,
        "dmean2": 3.5967092514,
        "dvar": 6.38877153397,
        "dvar2": 14.1544713974,
        "max": 41,
        "mean": 13.0746660233,
        "median": 13,
        "min": 0,
        "var": 29.323923111
    },
    "spectral_decrease": {
        "dmean": 3.2334945832e-09,
        "dmean2": 5.14972864352e-09,
        "dvar": 2.94933199552e-17,
        "dvar2": 7.28828573023e-17,
        "max": 2.83467103142e-18,
        "mean": -6.54720233584e-09,
        "median": -4.57763071893e-09,
        "min": -6.51872724688e-08,
        "var": 4.50484679179e-17
    },
    "spectral_energy": {
        "dmean": 0.0129215875641,
        "dmean2": 0.0203665941954,
        "dvar": 0.000451255706139,
        "dvar2": 0.00110495253466,
        "max": 0.249267280102,
        "mean": 0.0265300925821,
        "median": 0.0186358373612,
        "min": 1.10129542364e-20,
        "var": 0.000717360817362
    },
    "spectral_energyband_high": {
        "dmean": 0.00085129350191,
        "dmean2": 0.0013108602725,
        "dvar": 4.63598689748e-06,
        "dvar2": 1.08825424832e-05,
        "max": 0.0296914502978,
        "mean": 0.000953552487772,
        "median": 0.00015420926502,
        "min": 8.0724305563e-21,
        "var": 4.75444539916e-06
    },
    "spectral_energyband_low": {
        "dmean": 0.00733688892797,
        "dmean2": 0.0123093165457,
        "dvar": 0.00025375423138,
        "dvar2": 0.000674183247611,
        "max": 0.2364141047,
        "mean": 0.00981858000159,
        "median": 0.00514850905165,
        "min": 2.62754279405e-23,
        "var": 0.000241731278948
    },
    "spectral_energyband_middle_high": {
        "dmean": 0.00129533011932,
        "dmean2": 0.00175732572097,
        "dvar": 1.13505566333e-05,
        "dvar2": 2.09277022805e-05,
        "max": 0.0684117898345,
        "mean": 0.00395884085447,
        "median": 0.00179950054735,
        "min": 1.59331929448e-21,
        "var": 3.97725161747e-05
    },
    "spectral_energyband_middle_low": {
        "dmean": 0.00770985009149,
        "dmean2": 0.0122705269605,
        "dvar": 0.000168266211404,
        "dvar2": 0.000409796804888,
        "max": 0.201985165477,
        "mean": 0.014611614868,
        "median": 0.00998623482883,
        "min": 4.49497538121e-22,
        "var": 0.000247007003054
    },
    "spectral_entropy": {
        "dmean": 0.306647598743,
        "dmean2": 0.409767091274,
        "dvar": 0.0882041603327,
        "dvar2": 0.17234647274,
        "max": 9.79209423065,
        "mean": 7.21380567551,
        "median": 7.18757534027,
        "min": 4.70443916321,
        "var": 0.398370742798
    },
    "spectral_flux": {
        "dmean": 0.0326748080552,
        "dmean2": 0.0503138452768,
        "dvar": 0.00184690917376,
        "dvar2": 0.00377337308601,
        "max": 0.467441558838,
        "mean": 0.0742361396551,
        "median": 0.0564870685339,
        "min": 1.04942624035e-10,
        "var": 0.00359023641795
    },
    "spectral_kurtosis": {
        "dmean": 3.2404088974,
        "dmean2": 5.14606714249,
        "dvar": 35.4669570923,
        "dvar2": 103.612510681,
        "max": 157.368759155,
        "mean": 6.86278152466,
        "median": 4.65655517578,
        "min": -1.19860291481,
        "var": 107.246238708
    },
    "spectral_rms": {
        "dmean": 0.00104989111423,
        "dmean2": 0.00159530050587,
        "dvar": 1.95165375771e-06,
        "dvar2": 4.4994203563e-06,
        "max": 0.0155944731086,
        "mean": 0.00452033616602,
        "median": 0.0042639542371,
        "min": 3.27785693553e-12,
        "var": 5.44958675164e-06
    },
    "spectral_rolloff": {
        "dmean": 778.110839844,
        "dmean2": 1338.3684082,
        "dvar": 3433883.25,
        "dvar2": 8102611.5,
        "max": 19078.4179688,
        "mean": 1514.07397461,
        "median": 990.52734375,
        "min": 107.666015625,
        "var": 5982033.5
    },
    "spectral_skewness": {
        "dmean": 0.339911133051,
        "dmean2": 0.518685400486,
        "dvar": 0.150687500834,
        "dvar2": 0.413166195154,
        "max": 9.27990245819,
        "mean": 1.76467990875,
        "median": 1.64549422264,
        "min": -0.0090916370973,
        "var": 0.531117379665
    },
    "spectral_spread": {
        "dmean": 1225225,
        "dmean2": 1582085,
        "dvar": 2.03443784909e+12,
        "dvar2": 3.42229201715e+12,
        "max": 40305528,
        "mean": 4957717,
        "median": 4144992.75,
        "min": 477972.78125,
        "var": 6.53294462566e+12
    },
    "spectral_strongpeak": {
        "dmean": 0.43053856492,
        "dmean2": 0.726100504398,
        "dvar": 0.689287364483,
        "dvar2": 1.55907046795,
        "max": 18.0609111786,
        "mean": 0.848121762276,
        "median": 0.457013428211,
        "min": 0,
        "var": 1.48868393898
    },
    "zerocrossingrate": {
        "dmean": 0.016962742433,
        "dmean2": 0.0205048229545,
        "dvar": 0.000492887105793,
        "dvar2": 0.000657740107272,
        "max": 0.52490234375,
        "mean": 0.064645409584,
        "median": 0.048828125,
        "min": 0.0029296875,
        "var": 0.00327541958541
    },
    "barkbands": {
        "dmean": [4.28924977314e-05, 0.00343260471709, 0.00278572877869, 0.00494203763083, 0.00277864420786, 0.000278333056485, 0.000321255531162, 0.000738777511287, 0.000217169814277, 0.000208866229514, 0.000679938297253, 0.000162346128491, 8.62298838911e-05, 7.52924315748e-05, 0.000103395432234, 0.000113530106319, 0.000186502074939, 0.000121778954053, 0.000121273384138, 8.05142553872e-05, 7.52069245209e-05, 0.000116972260003, 9.23431507545e-05, 8.25888200779e-05, 0.000156417954713, 0.000226763586397, 0.000108676955278],
        "dmean2": [6.90400847816e-05, 0.00576928537339, 0.00489829201251, 0.00797277782112, 0.00473331613466, 0.000424446276156, 0.000502611277625, 0.00104360759724, 0.000305346475216, 0.000284671899863, 0.000894281838555, 0.000239792498178, 0.000126301965793, 0.000110388464236, 0.000155830202857, 0.000169699895196, 0.000285158894258, 0.00018413644284, 0.000181492840056, 0.000120794436953, 0.000115249218652, 0.000178425718332, 0.000144459379953, 0.00012610880367, 0.000248961441685, 0.000351636466803, 0.000179067035788],
        "dvar": [1.19924008501e-08, 8.96140336408e-05, 4.26196565968e-05, 7.60948314564e-05, 3.09026545438e-05, 3.64895441862e-07, 1.00604279396e-06, 5.81939912081e-06, 9.43428403843e-07, 4.25755843025e-07, 5.67922779737e-06, 3.31620128691e-07, 5.3656361132e-08, 2.95354247726e-08, 7.74065256337e-08, 9.52631964424e-08, 2.5727857178e-07, 3.38759150509e-07, 5.26005266011e-08, 5.97381131229e-08, 2.42579005771e-08, 6.98224695839e-08, 5.03776256267e-08, 4.7952376292e-08, 1.99103141085e-07, 3.89112670973e-07, 1.16384015314e-07],
        "dvar2": [2.66127972992e-08, 0.000237830769038, 0.000121347606182, 0.000185175827937, 8.44966052682e-05, 7.410688454e-07, 2.02338060262e-06, 1.19599935715e-05, 1.86192880847e-06, 7.86941598108e-07, 1.00073430076e-05, 6.60945886466e-07, 9.45490654658e-08, 6.63428210146e-08, 1.42476906717e-07, 1.74658850938e-07, 5.45851207789e-07, 6.78562116718e-07, 1.10105389695e-07, 1.31811859205e-07, 5.46584573158e-08, 1.63983372659e-07, 1.25615557067e-07, 1.13210411712e-07, 4.79249308682e-07, 8.86170312242e-07, 2.91752968451e-07],
        "max": [0.00113498920109, 0.0965895280242, 0.119267880917, 0.138528704643, 0.0944061651826, 0.0138650918379, 0.0226157791913, 0.0707794651389, 0.0234474595636, 0.0230303462595, 0.0539131984115, 0.021804086864, 0.00806964468211, 0.00679682102054, 0.0143186338246, 0.0174818858504, 0.0199488271028, 0.0419282875955, 0.00656782370061, 0.00983770750463, 0.00646775448695, 0.00688550202176, 0.00573694799095, 0.00676654884592, 0.00420680595562, 0.00548764457926, 0.00353823788464],
        "mean": [4.24795325671e-05, 0.00364762591198, 0.00347013049759, 0.00590038159862, 0.00407785223797, 0.00073271029396, 0.000931912101805, 0.0021571055986, 0.000528919626959, 0.000561889319215, 0.00162215647288, 0.000306930684019, 0.000176627247129, 0.000147947474034, 0.000209091507713, 0.000211671271245, 0.000360669015208, 0.000208660159842, 0.000217873894144, 0.000121683522593, 0.000112344147055, 0.000139600073453, 0.000100220531749, 9.04470434762e-05, 0.000151773914695, 0.000214893065277, 8.65134570631e-05],
        "median": [3.95322967961e-06, 0.00129349273629, 0.00159213738516, 0.00246486929245, 0.00244080740958, 0.00034027575748, 0.00018560962053, 0.000446157646365, 8.14333034214e-05, 0.000120172524475, 0.00034495833097, 6.20301507297e-05, 4.81284223497e-05, 8.71097799973e-05, 7.07086292095e-05, 0.000104513805127, 0.000143272045534, 5.46646515431e-05, 0.000104169303086, 4.52397944173e-05, 3.6515208194e-05, 2.9146185625e-05, 1.9888897441e-05, 9.59647331911e-06, 5.76290858589e-06, 4.4727266868e-06, 8.51932952628e-07],
        "min": [1.43014076566e-23, 1.22572174045e-23, 6.61069678703e-25, 2.20531351423e-23, 6.15825717165e-23, 2.27967851668e-22, 8.07615221273e-23, 2.3630016027e-23, 2.88116110176e-23, 2.14485821212e-23, 9.6503014299e-23, 1.42611801681e-22, 8.14517691085e-23, 1.4848053554e-22, 1.49797642951e-22, 1.52656878769e-22, 1.63983154319e-22, 1.36351540376e-22, 3.14141931482e-22, 4.15939622405e-22, 3.66217681683e-22, 4.10523063616e-22, 6.18795671188e-22, 8.37816729475e-22, 1.09865296932e-21, 1.71455759782e-21, 3.01369422719e-21],
        "var": [1.31440183182e-08, 7.13402259862e-05, 3.49760230165e-05, 9.3024034868e-05, 2.99344228551e-05, 1.34079925829e-06, 5.36226025361e-06, 2.33662976825e-05, 3.27791394739e-06, 1.86279635273e-06, 1.82693456736e-05, 8.16781323465e-07, 2.22362302793e-07, 5.81178376535e-08, 3.05763450115e-07, 2.57518337321e-07, 6.53396966754e-07, 9.19270519262e-07, 1.64809847547e-07, 9.93318280962e-08, 4.2823234736e-08, 8.28137771691e-08, 4.92512413075e-08, 5.23061167712e-08, 1.8430786497e-07, 3.85642834999e-07, 9.26404126744e-08]
    },
    "erbbands": {
        "dmean": [0.0667227357626, 0.907044231892, 2.97531795502, 9.80650234222, 14.9687986374, 7.33784103394, 3.41018366814, 2.14264678955, 2.48162412643, 16.0995731354, 6.8424038887, 6.05608654022, 5.2442908287, 6.85554122925, 32.854675293, 6.45953845978, 4.40112829208, 3.8575565815, 3.4912378788, 7.08600187302, 6.27206230164, 7.7062163353, 6.69476413727, 7.4948182106, 5.23879766464, 3.86764907837, 3.47302246094, 3.13326597214, 4.36594867706, 3.34731674194, 2.13646578789, 2.07340764999, 1.35147416592, 1.06683290005, 1.49565625191, 1.01015233994, 0.402671068907, 0.136500075459, 0.0195598434657, 0.00054756004829],
        "dmean2": [0.107257291675, 1.57820785046, 5.2552895546, 16.0471343994, 24.637966156, 12.5192785263, 5.34362459183, 3.37566924095, 3.77162289619, 23.0895118713, 9.79284191132, 8.49214267731, 7.04213666916, 9.4994430542, 43.3451271057, 9.42757987976, 6.45450162888, 5.65670871735, 5.01345348358, 10.8488092422, 9.49408817291, 11.7449178696, 9.98551368713, 11.3429050446, 7.85112524033, 5.75080251694, 5.31992959976, 4.80724382401, 6.72938776016, 5.10788631439, 3.34031462669, 3.24165511131, 2.07817292213, 1.69892001152, 2.37975692749, 1.56645536423, 0.635252892971, 0.221772834659, 0.0320877060294, 0.000897565158084],
        "dvar": [0.0295396242291, 6.67261695862, 58.1943206787, 264.50189209, 723.728515625, 265.623779297, 58.4829978943, 21.2172431946, 28.4259757996, 2295.43310547, 443.936462402, 719.23236084, 201.590209961, 673.793945312, 14893.9902344, 495.432373047, 133.794647217, 83.0810394287, 119.193733215, 354.012939453, 327.96496582, 448.107757568, 809.50012207, 376.196044922, 112.800086975, 134.535247803, 53.0367889404, 43.4234733582, 93.0559844971, 71.7538909912, 23.5018539429, 31.5780143738, 12.644156456, 8.6692905426, 19.1172103882, 6.85058116913, 1.32423067093, 0.167530491948, 0.00387674104422, 2.99772659673e-06],
        "dvar2": [0.0671290978789, 18.4233589172, 165.470275879, 665.588439941, 1819.70690918, 733.504150391, 127.219963074, 48.3261184692, 58.3551139832, 4628.03613281, 946.16607666, 1429.86730957, 345.415679932, 1289.37475586, 26057.5390625, 1036.93688965, 237.388031006, 179.945327759, 212.250183105, 629.649841309, 618.021850586, 986.42364502, 1796.81958008, 747.460754395, 256.062011719, 296.38482666, 115.56816864, 108.131584167, 223.46005249, 172.698410034, 57.7225189209, 76.2708206177, 30.6004772186, 21.5142364502, 45.7784309387, 15.1420049667, 3.11420202255, 0.410652518272, 0.00973332393914, 7.56452618589e-06],
        "max": [1.48219370842, 26.8116855621, 123.41255188, 243.706359863, 504.200805664, 194.978317261, 199.264923096, 123.980682373, 158.686660767, 1249.43737793, 548.73248291, 652.148010254, 436.881317139, 963.592834473, 2853.92333984, 1086.26416016, 399.590301514, 428.672576904, 905.097167969, 1153.37097168, 1192.33618164, 572.91003418, 1608.65148926, 1145.76782227, 372.590240479, 556.570678711, 266.214691162, 165.339950562, 137.891174316, 199.114532471, 91.4844589233, 165.627075195, 60.9633331299, 28.9801521301, 41.315700531, 23.3746032715, 11.8867988586, 3.96277999878, 0.67948025465, 0.0182791538537],
        "mean": [0.0768489763141, 0.935512185097, 3.50582265854, 12.5880527496, 18.7734203339, 11.5009841919, 8.11268615723, 5.70167016983, 8.28068065643, 49.139415741, 20.163444519, 15.5906486511, 14.3673086166, 19.2687320709, 77.1899414062, 13.74289608, 9.50212097168, 7.76793766022, 7.80442380905, 14.6026277542, 13.0734586716, 15.5623760223, 12.7570095062, 13.8936977386, 8.09086608887, 6.04440975189, 5.18450164795, 4.31343173981, 5.00286149979, 3.93881702423, 2.40027928352, 2.26018285751, 1.4415282011, 1.11777842045, 1.39005553722, 0.979452848434, 0.368421316147, 0.112505219877, 0.0157821942121, 0.000459002912976],
        "median": [0.0193626713008, 0.356924802065, 1.66388463974, 6.44429683685, 9.1307182312, 6.56497383118, 4.41633176804, 2.89125776291, 2.6439011097, 10.9218530655, 5.48082113266, 3.33914613724, 4.74006128311, 4.11293125153, 16.0651607513, 4.08190441132, 3.05441904068, 4.65647315979, 3.33778810501, 7.01124858856, 6.62761688232, 6.40636396408, 3.73065471649, 6.032538414, 3.67635631561, 2.36832737923, 1.49869704247, 1.49372339249, 1.07129693031, 0.879576981068, 0.458211958408, 0.261013090611, 0.137062370777, 0.0697193443775, 0.0371066257358, 0.0214970391244, 0.00730699952692, 0.00170046673156, 0.000163056509336, 3.51360431523e-05],
        "min": [5.98949495913e-22, 1.89941307768e-21, 2.08582719523e-21, 3.04497655813e-20, 1.46522534407e-19, 2.96035921264e-19, 8.35551421858e-19, 2.04468873102e-18, 1.43734098222e-18, 6.91477497161e-19, 5.00468930917e-19, 6.95686450611e-19, 5.87892305689e-19, 1.18483396728e-18, 5.41808057511e-18, 6.27860566533e-18, 3.61094736267e-18, 5.02791436942e-18, 8.32647862812e-18, 8.79521210275e-18, 7.72183524294e-18, 9.63139326755e-18, 8.08351086679e-18, 1.2438516703e-17, 1.61029069643e-17, 2.006491681e-17, 1.84577578193e-17, 1.15899501629e-17, 1.41841573087e-17, 1.73500571e-17, 1.59890935295e-17, 1.52791227553e-17, 1.73510894214e-17, 1.254242465e-17, 7.51697403807e-18, 6.57546796588e-18, 2.85208897358e-18, 1.56479565934e-18, 4.55383916918e-19, 4.19589756786e-20],
        "var": [0.0304370038211, 4.79952192307, 43.2338600159, 321.477325439, 798.360900879, 269.453979492, 174.70791626, 71.3801193237, 160.086364746, 10167.4833984, 1582.02160645, 2545.640625, 912.164489746, 2843.41137695, 47403.5625, 1176.34985352, 569.725219727, 161.833190918, 424.227233887, 1553.70080566, 831.288269043, 1070.91394043, 2090.73901367, 1115.75061035, 200.073913574, 242.89994812, 108.902061462, 51.4346847534, 98.4247512817, 81.9456176758, 25.8797492981, 33.2149734497, 12.9167385101, 8.29580116272, 17.2574291229, 7.21419095993, 1.24010169506, 0.141001343727, 0.00308436481282, 2.36405094256e-06]
    },
    "gfcc": {
        "mean": [-35.4417686462, 97.0545730591, -103.252944946, 27.3715591431, -44.0227890015, 0.341045379639, -31.9780654907, -0.774453222752, -27.2806587219, -8.93030357361, -23.9453105927, -1.66263628006, -17.6702041626],
        "cov": [[20341.7304688, -2960.25439453, 2115.18041992, 420.74041748, -978.846801758, 916.278320312, -418.634307861, 897.981750488, -421.83972168, 129.606521606, -323.652923584, 382.261962891, -414.980133057], [-2960.25439453, 3442.20556641, -1491.19006348, -161.371932983, 331.18927002, -460.590026855, 187.616012573, -396.320220947, 254.868591309, -320.961395264, 204.550003052, -236.214355469, 166.27961731], [2115.18041992, -1491.19006348, 1481.02893066, 118.802757263, 35.0673217773, 324.444854736, -24.9678897858, 241.218734741, -128.918930054, 239.869888306, -101.088905334, 120.686058044, -35.606300354], [420.74041748, -161.371932983, 118.802757263, 353.051879883, 32.1614303589, 78.8550567627, 28.482219696, 8.77873134613, 11.2083892822, 28.9394683838, -16.9490280151, -6.67868232727, 18.2742099762], [-978.846801758, 331.18927002, 35.0673217773, 32.1614303589, 368.2109375, -10.1491231918, 85.4180603027, -46.6082038879, 46.4920578003, 36.9254417419, 24.3695240021, -32.2088356018, 40.2215461731], [916.278320312, -460.590026855, 324.444854736, 78.8550567627, -10.1491231918, 231.341995239, -5.04995441437, 112.579597473, -24.9094028473, 68.8565597534, -9.65820598602, 45.7129364014, -19.6993026733], [-418.634307861, 187.616012573, -24.9678897858, 28.482219696, 85.4180603027, -5.04995441437, 133.04876709, -0.115104295313, 43.3841934204, 7.16372346878, 35.8795204163, -11.4109268188, 8.14355945587], [897.981750488, -396.320220947, 241.218734741, 8.77873134613, -46.6082038879, 112.579597473, -0.115104295313, 181.622299194, 2.52240943909, 55.8646202087, -1.45716440678, 52.4477272034, -35.3033790588], [-421.83972168, 254.868591309, -128.918930054, 11.2083892822, 46.4920578003, -24.9094028473, 43.3841934204, 2.52240943909, 105.36832428, 9.97698020935, 32.6732635498, -22.3256473541, 16.6608314514], [129.606521606, -320.961395264, 239.869888306, 28.9394683838, 36.9254417419, 68.8565597534, 7.16372346878, 55.8646202087, 9.97698020935, 140.835647583, 2.54292535782, 17.5625038147, -13.594004631], [-323.652923584, 204.550003052, -101.088905334, -16.9490280151, 24.3695240021, -9.65820598602, 35.8795204163, -1.45716440678, 32.6732635498, 2.54292535782, 82.8544082642, 9.82279586792, 4.36775493622], [382.261962891, -236.214355469, 120.686058044, -6.67868232727, -32.2088356018, 45.7129364014, -11.4109268188, 52.4477272034, -22.3256473541, 17.5625038147, 9.82279586792, 92.9746627808, 5.4006280899], [-414.980133057, 166.27961731, -35.606300354, 18.2742099762, 40.2215461731, -19.6993026733, 8.14355945587, -35.3033790588, 16.6608314514, -13.594004631, 4.36775493622, 5.4006280899, 84.517616272]],
        "icov": [[0.000102594611235, -0.000116370123578, -0.000107742096588, -0.000146969716297, 0.000200459588086, -0.000170628045453, 0.000175764245796, -0.0003132619604, 0.00015837122919, 5.6676195527e-05, 0.000311564392177, -0.000266242859652, 0.000414924899815], [-0.000116370123578, 0.00118781242054, 0.000483408162836, 0.000436334579717, -0.000796435459051, 0.000518861226737, -0.000479570182506, 0.000809677003417, -0.0010917786276, 0.00132412661333, -0.00191607873421, 0.0016302682925, -0.00149154884275], [-0.000107742096588, 0.000483408162836, 0.00193553359713, 0.00016663466522, -0.000771577062551, -0.000603509368375, -0.00071742181899, -0.000592180644162, 0.00136519980151, -0.00159838132095, 0.000806038500741, 6.18204430793e-05, -0.00122419686522], [-0.000146969716297, 0.000436334579717, 0.00016663466522, 0.00364872300997, -0.000322698033415, -0.00118816120084, -0.00115873839241, 0.00126084464137, -0.00105954147875, 8.61393928062e-05, 0.000139814481372, 0.00118759472389, -0.00164422718808], [0.000200459588086, -0.000796435459051, -0.000771577062551, -0.000322698033415, 0.00450716167688, -0.000680873112287, -0.00146919616964, 0.000440205767518, 4.46345875389e-05, -0.00156225764658, 0.00103470205795, -0.000206241034903, 1.73075095518e-05], [-0.000170628045453, 0.000518861226737, -0.000603509368375, -0.00118816120084, -0.000680873112287, 0.00861430261284, 6.51183436275e-05, -0.00284926407039, 0.000731131003704, -0.000439900672063, -0.00207677739672, 0.000389430642826, -0.000852961908095], [0.000175764245796, -0.000479570182506, -0.00071742181899, -0.00115873839241, -0.00146919616964, 6.51183436275e-05, 0.01116306521, -0.0012450220529, -0.00224824319594, 0.00085762218805, -0.00287622679025, -5.29569042556e-05, 0.00160667137243], [-0.0003132619604, 0.000809677003417, -0.000592180644162, 0.00126084464137, 0.000440205767518, -0.00284926407039, -0.0012450220529, 0.012720188126, -0.0053967917338, 0.000158911279868, -0.00103464268614, -0.00291714025661, 0.00223577558063], [0.00015837122919, -0.0010917786276, 0.00136519980151, -0.00105954147875, 4.46345875389e-05, 0.000731131003704, -0.00224824319594, -0.0053967917338, 0.0174816716462, -0.00461868522689, -0.00120480160695, 0.00249081337824, -0.00244458648376], [5.6676195527e-05, 0.00132412661333, -0.00159838132095, 8.61393928062e-05, -0.00156225764658, -0.000439900672063, 0.00085762218805, 0.000158911279868, -0.00461868522689, 0.0135627081618, -0.00376484612934, 0.0015835580416, 0.000791180762462], [0.000311564392177, -0.00191607873421, 0.000806038500741, 0.000139814481372, 0.00103470205795, -0.00207677739672, -0.00287622679025, -0.00103464268614, -0.00120480160695, -0.00376484612934, 0.0210138205439, -0.00757708353922, 0.00350746209733], [-0.000266242859652, 0.0016302682925, 6.18204430793e-05, 0.00118759472389, -0.000206241034903, 0.000389430642826, -5.29569042556e-05, -0.00291714025661, 0.00249081337824, 0.0015835580416, -0.00757708353922, 0.0188690777868, -0.00682030618191], [0.000414924899815, -0.00149154884275, -0.00122419686522, -0.00164422718808, 1.73075095518e-05, -0.000852961908095, 0.00160667137243, 0.00223577558063, -0.00244458648376, 0.000791180762462, 0.00350746209733, -0.00682030618191, 0.0180791113526]]
    },
    "melbands": {
        "dmean": [0.000775294844061, 0.00142832193524, 0.00188367976807, 0.000789204612374, 0.000146021615365, 4.87731776957e-05, 4.31548942288e-05, 0.000189983518794, 4.81969000248e-05, 3.42099228874e-05, 2.5497203751e-05, 2.39468754444e-05, 9.54370989348e-05, 4.42358323198e-05, 9.017481716e-06, 7.20973548596e-06, 8.27358235256e-06, 5.47346962776e-06, 6.49849516776e-06, 1.17042200145e-05, 8.03414968686e-06, 9.28775352804e-06, 7.67159417592e-06, 6.2865046857e-06, 6.51217987979e-06, 4.08588721257e-06, 3.06340984935e-06, 2.5668393846e-06, 2.25871258408e-06, 1.85802230135e-06, 2.02348519451e-06, 2.73810292128e-06, 1.98562315745e-06, 1.9417823296e-06, 1.02983676697e-06, 1.59881346917e-06, 1.17604304251e-06, 1.00197439679e-06, 8.94825404885e-07, 8.72985481237e-07],
        "dmean2": [0.00125717744231, 0.00252795149572, 0.00302305212244, 0.00132148526609, 0.000234166625887, 7.5470750744e-05, 6.65819970891e-05, 0.000270925374934, 6.8752822699e-05, 4.83086805616e-05, 3.41610502801e-05, 3.34581527568e-05, 0.000126260070829, 5.97308498982e-05, 1.33356679726e-05, 1.08040094347e-05, 1.21053299154e-05, 7.86567488831e-06, 9.91786055238e-06, 1.77532911039e-05, 1.23535410239e-05, 1.45062631418e-05, 1.12458246804e-05, 9.52403661358e-06, 9.9310909718e-06, 6.09506741966e-06, 4.61188574263e-06, 3.92503989133e-06, 3.4788947687e-06, 2.84735756395e-06, 3.15283227792e-06, 4.24930976806e-06, 3.06002152684e-06, 2.99851649288e-06, 1.59657076892e-06, 2.59552984971e-06, 1.81110965514e-06, 1.56429337039e-06, 1.39910457619e-06, 1.40442568863e-06],
        "dvar": [4.24749941885e-06, 1.4896592802e-05, 1.0067702533e-05, 2.33489890888e-06, 8.8485279548e-08, 1.08617541628e-08, 1.04030881687e-08, 3.31409410137e-07, 2.02758148049e-08, 2.31514629689e-08, 4.96341590051e-09, 1.11651532464e-08, 1.12756694648e-07, 2.8072673075e-08, 6.60111187933e-10, 3.52455092889e-10, 3.62067431592e-10, 2.85233864306e-10, 2.86310697373e-10, 7.60133345157e-10, 6.54629350727e-10, 7.6131873028e-10, 6.77919387293e-10, 1.25104160364e-09, 2.58101373607e-10, 5.41435681012e-11, 1.1755754703e-10, 5.08440650693e-11, 2.15383683111e-11, 2.17205715219e-11, 2.13484785405e-11, 3.77430968423e-11, 1.84649188301e-11, 2.82138236385e-11, 5.68669026799e-12, 1.84725342661e-11, 1.06837880556e-11, 7.40110576991e-12, 5.43160221661e-12, 5.61849091557e-12],
        "dvar2": [1.06827847048e-05, 4.21450713475e-05, 2.45702904067e-05, 6.23825962975e-06, 2.12387817555e-07, 2.38052422219e-08, 2.1879039025e-08, 6.74118609822e-07, 4.27442863327e-08, 4.63978757637e-08, 8.47675352134e-09, 2.10666790679e-08, 2.01725953275e-07, 4.81407624875e-08, 1.26901966713e-09, 6.71786848372e-10, 8.0678241865e-10, 5.0462373169e-10, 5.42975109319e-10, 1.39192635196e-09, 1.30668520448e-09, 1.70178382497e-09, 1.44333733854e-09, 2.35483832434e-09, 5.37111632948e-10, 1.14871903656e-10, 2.67949940014e-10, 1.15397344458e-10, 4.85139602102e-11, 4.60856144913e-11, 5.48577433479e-11, 8.81092629412e-11, 4.43315800736e-11, 7.00271923781e-11, 1.38464387525e-11, 4.6959828387e-11, 2.55877367905e-11, 1.83833608058e-11, 1.29679192731e-11, 1.418824086e-11],
        "max": [0.020475031808, 0.0567905828357, 0.0459005385637, 0.0269845575094, 0.0057585099712, 0.00271584605798, 0.00248247152194, 0.0158228036016, 0.00374256796204, 0.00361753348261, 0.00217552366666, 0.00410676328465, 0.00731824943796, 0.00395819731057, 0.00118328700773, 0.000707079598214, 0.000725366990082, 0.0014484745916, 0.000896528246813, 0.0014864486875, 0.00140348786954, 0.000953519018367, 0.00107561075129, 0.00284201558679, 0.000729097868316, 0.000217520107981, 0.000419878313551, 0.000340896251146, 0.000212286497117, 0.00030082007288, 0.000110694418254, 9.21844111872e-05, 0.000133621288114, 0.000173956505023, 6.80470911902e-05, 0.000133431138238, 0.000102661077108, 5.9977221099e-05, 2.15008130908e-05, 2.51866895269e-05],
        "mean": [0.000863633933477, 0.00166095991153, 0.00250313128345, 0.00107341469266, 0.0003378643014, 0.000131958629936, 0.000134119924041, 0.000576827325858, 0.000136661416036, 8.57724007801e-05, 6.76416384522e-05, 6.46824337309e-05, 0.000228308868827, 9.6074953035e-05, 1.80115985131e-05, 1.45758758663e-05, 1.54867848323e-05, 1.17240888358e-05, 1.31293472805e-05, 2.26023639698e-05, 1.48613680722e-05, 1.75621753442e-05, 1.43249990288e-05, 1.04180180642e-05, 1.16569572128e-05, 6.39546897219e-06, 4.51853520644e-06, 3.78052118322e-06, 3.20834305967e-06, 2.72645502264e-06, 2.56500629803e-06, 3.05209982798e-06, 2.37348672272e-06, 2.1147334337e-06, 1.1975854477e-06, 1.60412116657e-06, 1.27720238652e-06, 1.03535592189e-06, 9.30213730044e-07, 8.95354787644e-07],
        "median": [0.000275375525234, 0.000781219336204, 0.00131136993878, 0.000628039008006, 0.000188701465959, 6.10045317444e-05, 3.17079575325e-05, 0.000126598170027, 3.75928611902e-05, 1.5300925952e-05, 1.96572891582e-05, 8.93226751941e-06, 4.97807377542e-05, 1.7967497115e-05, 5.53834388484e-06, 4.05883429266e-06, 8.57996019477e-06, 4.93614788866e-06, 5.21313404533e-06, 1.1202630958e-05, 6.3471698013e-06, 7.25751579012e-06, 3.16437308356e-06, 3.03431670545e-06, 4.83091662318e-06, 2.47675461651e-06, 1.89389447769e-06, 1.37117933718e-06, 9.43799136621e-07, 7.38533799449e-07, 9.10588596525e-07, 6.26647761237e-07, 4.67071231469e-07, 4.52416941243e-07, 2.37687146409e-07, 2.05749273618e-07, 1.34888665571e-07, 1.10166872958e-07, 5.72021505718e-08, 5.53142847082e-08],
        "min": [5.30650559294e-24, 1.46912317532e-24, 9.1354423671e-24, 1.60211591399e-23, 2.5809968452e-23, 4.56004264815e-23, 2.03037240667e-23, 6.63621190136e-24, 4.11999528818e-24, 4.3770112987e-24, 3.01210503061e-24, 3.93964985233e-24, 1.46118891094e-23, 2.00679366976e-23, 9.92131427835e-24, 8.00272172645e-24, 9.28186678402e-24, 1.47958593611e-23, 1.20915881689e-23, 1.0611870493e-23, 8.7890275112e-24, 9.46455434789e-24, 9.25320115644e-24, 6.49067416409e-24, 1.02574147779e-23, 1.26584454716e-23, 1.12745909618e-23, 1.40591847602e-23, 1.11565655374e-23, 1.04517751166e-23, 5.57176519991e-24, 7.68105501488e-24, 8.53176655938e-24, 1.016069412e-23, 8.86883893557e-24, 1.04468289587e-23, 8.28489569453e-24, 1.41853662174e-23, 9.15165424756e-24, 1.11751148127e-23],
        "var": [3.79368179892e-06, 1.07787900561e-05, 1.27522725961e-05, 2.20604943024e-06, 2.53214693657e-07, 4.15340153381e-08, 5.62762600964e-08, 1.4082160078e-06, 6.9904274369e-08, 8.25291053275e-08, 2.25136673748e-08, 4.80172666073e-08, 3.5817933508e-07, 8.95359804076e-08, 2.17130557978e-09, 1.2094678592e-09, 6.89872658999e-10, 9.93177429187e-10, 1.15012011026e-09, 2.75805511762e-09, 1.56821389208e-09, 1.6409270609e-09, 1.82291526318e-09, 3.4438576435e-09, 7.42585215541e-10, 1.53916934753e-10, 1.66898883602e-10, 8.76315409126e-11, 4.3182700471e-11, 3.78802718359e-11, 2.12705322106e-11, 4.00960618874e-11, 2.3787987205e-11, 2.81910449845e-11, 6.81378087633e-12, 1.71210216143e-11, 1.12289674087e-11, 7.20972413715e-12, 5.76876610717e-12, 5.23373705485e-12]
    },
    "mfcc": {
        "mean": [-680.96282959, 128.902023315, 3.24333381653, 30.4216403961, 6.75333166122, 5.92979574203, -2.30928111076, 6.54642438889, -1.74749028683, -6.0140414238, -7.50878143311, -4.7216553688, -0.882825911045],
        "cov": [[10146.3857422, -914.541748047, 757.010986328, 487.629180908, -188.182357788, 80.3416061401, 170.028442383, 383.437469482, 137.91947937, 122.090896606, 103.075256348, 176.543212891, 114.005210876], [-914.541748047, 1923.72412109, -638.100830078, -7.00269365311, -12.7131519318, -75.8057098389, -108.152519226, 25.1226806641, -51.3029136658, -64.9401168823, -57.876121521, -9.92444229126, -18.7619228363], [757.010986328, -638.100830078, 773.725463867, 73.1838531494, 107.390548706, 114.730186462, 150.744842529, -10.267209053, 90.0040969849, 65.3953857422, 56.6875343323, 13.6380968094, 29.791349411], [487.629180908, -7.00269365311, 73.1838531494, 232.196395874, 48.7734146118, 44.0259361267, 46.0042953491, 31.7941379547, 33.5114898682, 31.153093338, 13.1857452393, 4.65497875214, -1.00461471081], [-188.182357788, -12.7131519318, 107.390548706, 48.7734146118, 215.083221436, 87.4825744629, 63.1554527283, -11.4662942886, 40.4498748779, 35.8888549805, 19.7088947296, -3.25107073784, 10.3359012604], [80.3416061401, -75.8057098389, 114.730186462, 44.0259361267, 87.4825744629, 145.722473145, 66.9357910156, 0.904922127724, 24.24817276, 41.9045944214, 20.2765579224, -6.09467172623, 4.02525997162], [170.028442383, -108.152519226, 150.744842529, 46.0042953491, 63.1554527283, 66.9357910156, 124.826560974, 21.7591362, 28.2212123871, 28.6799049377, 28.1724681854, 18.5273303986, 19.1693668365], [383.437469482, 25.1226806641, -10.267209053, 31.7941379547, -11.4662942886, 0.904922127724, 21.7591362, 113.494598389, 16.019323349, 0.810367822647, 8.7369966507, 28.9065589905, 15.3269386292], [137.91947937, -51.3029136658, 90.0040969849, 33.5114898682, 40.4498748779, 24.24817276, 28.2212123871, 16.019323349, 89.7938766479, 34.3729019165, 10.9580430984, 9.87804222107, 6.39468431473], [122.090896606, -64.9401168823, 65.3953857422, 31.153093338, 35.8888549805, 41.9045944214, 28.6799049377, 0.810367822647, 34.3729019165, 105.440086365, 43.1096382141, 8.59525489807, 6.28915882111], [103.075256348, -57.876121521, 56.6875343323, 13.1857452393, 19.7088947296, 20.2765579224, 28.1724681854, 8.7369966507, 10.9580430984, 43.1096382141, 84.7545318604, 44.3474769592, 18.6375217438], [176.543212891, -9.92444229126, 13.6380968094, 4.65497875214, -3.25107073784, -6.09467172623, 18.5273303986, 28.9065589905, 9.87804222107, 8.59525489807, 44.3474769592, 118.51889801, 65.209274292], [114.005210876, -18.7619228363, 29.791349411, -1.00461471081, 10.3359012604, 4.02525997162, 19.1693668365, 15.3269386292, 6.39468431473, 6.28915882111, 18.6375217438, 65.209274292, 99.2137374878]],
