{
"lowlevel": {
    "average_loudness": 0.645315170288,
    "barkbands_crest": {
        "dmean": 1.47844910622,
        "dmean2": 2.14949631691,
        "dvar": 2.53285861015,
        "dvar2": 5.92346954346,
        "max": 25.4729747772,
        "mean": 11.4693021774,
        "median": 10.7247114182,
        "min": 3.4153649807,
        "var": 18.118812561
    },
    "barkbands_flatness_db": {
        "dmean": 0.0142346974462,
        "dmean2": 0.0195865370333,
        "dvar": 0.000294441939332,
        "dvar2": 0.000594289391302,
        "max": 0.485037267208,
        "mean": 0.227677866817,
        "median": 0.230952829123,
        "min": 0.0436223074794,
        "var": 0.00302861956879
    },
    "barkbands_kurtosis": {
        "dmean": 1.07895302773,
        "dmean2": 1.58516132832,
        "dvar": 3.76033639908,
        "dvar2": 8.75299358368,
        "max": 72.48046875,
        "mean": 1.68912184238,
        "median": 0.578238368034,
        "min": -1.89471673965,
        "var": 14.5803556442
    },
    "barkbands_skewness": {
        "dmean": 0.289169460535,
        "dmean2": 0.411451786757,
        "dvar": 0.113574780524,
        "dvar2": 0.241717875004,
        "max": 7.16522121429,
        "mean": 0.687901616096,
        "median": 0.570489406586,
        "min": -2.59191918373,
        "var": 0.942279458046
    },
    "barkbands_spread": {
        "dmean": 1.95834875107,
        "dmean2": 2.80141592026,
        "dvar": 9.61055850983,
        "dvar2": 20.9096355438,
        "max": 131.726501465,
        "mean": 12.6061201096,
        "median": 11.5882511139,
        "min": 0.885792613029,
        "var": 42.1777839661
    },
    "dissonance": {
        "dmean": 0.0332095138729,
        "dmean2": 0.0557898916304,
        "dvar": 0.000951434310991,
        "dvar2": 0.0026064531412,
        "max": 0.498174488544,
        "mean": 0.398821741343,
        "median": 0.403404533863,
        "min": 0.195994704962,
        "var": 0.00237768772058
    },
    "dynamic_complexity": 4.31268930435,
    "erbbands_crest": {
        "dmean": 2.42132949829,
        "dmean2": 3.59774518013,
        "dvar": 5.47161149979,
        "dvar2": 12.1212596893,
        "max": 33.1113433838,
        "mean": 14.0245389938,
        "median": 12.8070583344,
        "min": 3.24782204628,
        "var": 35.4808692932
    },
    "erbbands_flatness_db": {
        "dmean": 0.016249647364,
        "dmean2": 0.0215591005981,
        "dvar": 0.000353457697202,
        "dvar2": 0.000660129822791,
        "max": 0.546842157841,
        "mean": 0.256841570139,
        "median": 0.259844332933,
        "min": 0.0556315109134,
        "var": 0.00394221581519
    },
    "erbbands_kurtosis": {
        "dmean": 1.28335082531,
        "dmean2": 1.89447569847,
        "dvar": 4.25392866135,
        "dvar2": 9.01207542419,
        "max": 46.0047912598,
        "mean": 2.07834863663,
        "median": 1.15483808517,
        "min": -1.80052232742,
        "var": 11.3850898743
    },
    "erbbands_skewness": {
        "dmean": 0.353738665581,
        "dmean2": 0.497102886438,
        "dvar": 0.114284433424,
        "dvar2": 0.238216936588,
        "max": 5.94956827164,
        "mean": 0.361411988735,
        "median": 0.33032771945,
        "min": -4.79800319672,
        "var": 0.906167209148
    },
    "erbbands_spread": {
        "dmean": 2.68237805367,
        "dmean2": 3.88434934616,
        "dvar": 17.2821750641,
        "dvar2": 37.1450424194,
        "max": 186.135665894,
        "mean": 14.9685239792,
        "median": 13.3659915924,
        "min": 1.27632582188,
        "var": 114.296859741
    },
    "hfc": {
        "dmean": 3.72021698952,
        "dmean2": 4.87882375717,
        "dvar": 58.4590873718,
        "dvar2": 122.708213806,
        "max": 209.719802856,
        "mean": 16.1786518097,
        "median": 10.7385597229,
        "min": 1.27974330178e-16,
        "var": 284.577056885
    },
    "melbands_crest": {
        "dmean": 1.6756362915,
        "dmean2": 2.46275281906,
        "dvar": 4.26684617996,
        "dvar2": 9.99398326874,
        "max": 31.0001354218,
        "mean": 14.1107883453,
        "median": 12.9763507843,
        "min": 2.74482226372,
        "var": 28.7444763184
    },
    "melbands_flatness_db": {
        "dmean": 0.0149801094085,
        "dmean2": 0.0206859856844,
        "dvar": 0.000354945892468,
        "dvar2": 0.000753979431465,
        "max": 0.556387543678,
        "mean": 0.320163339376,
        "median": 0.320346921682,
        "min": 0.00613026320934,
        "var": 0.00368146295659
    },
    "melbands_kurtosis": {
        "dmean": 1.53183960915,
        "dmean2": 2.27789950371,
        "dvar": 14.5306959152,
        "dvar2": 30.4574279785,
        "max": 221.421676636,
        "mean": 3.58194160461,
        "median": 1.24828958511,
        "min": -1.8748497963,
        "var": 131.078643799
    },
    "melbands_skewness": {
        "dmean": 0.310233414173,
        "dmean2": 0.437288612127,
        "dvar": 0.143911093473,
        "dvar2": 0.303767800331,
        "max": 12.0376443863,
        "mean": 1.14523100853,
        "median": 0.969824194908,
        "min": -2.41432785988,
        "var": 1.36568486691
    },
    "melbands_spread": {
        "dmean": 2.61017727852,
        "dmean2": 3.67291879654,
        "dvar": 13.3649721146,
        "dvar2": 25.8764343262,
        "max": 188.199035645,
        "mean": 16.8106498718,
        "median": 15.4513969421,
        "min": 1.44930827618,
        "var": 77.1531600952
    },
    "pitch_salience": {
        "dmean": 0.0381573848426,
        "dmean2": 0.057502258569,
        "dvar": 0.00156723987311,
        "dvar2": 0.00373392854817,
        "max": 0.878512263298,
        "mean": 0.464135885239,
        "median": 0.458272784948,
        "min": 0.148174107075,
        "var": 0.00937933288515
    },
    "silence_rate_20dB": {
        "dmean": 0,
        "dmean2": 0,
        "dvar": 0,
        "dvar2": 0,
        "max": 1,
        "mean": 1,
        "median": 1,
        "min": 1,
        "var": 0
    },
    "silence_rate_30dB": {
        "dmean": 0.0095711061731,
        "dmean2": 0.0191439408809,
        "dvar": 0.0094794658944,
        "dvar2": 0.02184760198,
        "max": 1,
        "mean": 0.989346325397,
        "median": 1,
        "min": 0,
        "var": 0.0105406101793
    },
    "silence_rate_60dB": {
        "dmean": 0.0048758466728,
        "dmean2": 0.00975257344544,
        "dvar": 0.00485126953572,
        "dvar2": 0.0114606171846,
        "max": 1,
        "mean": 0.0514626204967,
        "median": 0,
        "min": 0,
        "var": 0.0488203726709
    },
    "spectral_centroid": {
        "dmean": 64.0569915771,
        "dmean2": 89.8917617798,
        "dvar": 12263.5429688,
        "dvar2": 20109.5410156,
        "max": 11042.5439453,
        "mean": 724.916320801,
        "median": 697.518249512,
        "min": 275.021240234,
        "var": 55564.453125
    },
    "spectral_complexity": {
        "dmean": 1.44505643845,
        "dmean2": 2.37547397614,
        "dvar": 4.26085424423,
        "dvar2": 9.83715629578,
        "max": 53,
        "mean": 12.8576202393,
        "median": 13,
        "min": 0,
        "var": 23.5090332031
    },
    "spectral_decrease": {
        "dmean": 1.3352576822e-09,
        "dmean2": 1.8305172933e-09,
        "dvar": 7.82905439394e-18,
        "dvar2": 1.67236100611e-17,
        "max": 1.51846498243e-20,
        "mean": -7.04222458126e-09,
        "median": -5.58465362843e-09,
        "min": -6.50178080264e-08,
        "var": 3.31042181006e-17
    },
    "spectral_energy": {
        "dmean": 0.00533540314063,
        "dmean2": 0.00728695513681,
        "dvar": 0.000121049044537,
        "dvar2": 0.000256543513387,
        "max": 0.261542618275,
        "mean": 0.0280464142561,
        "median": 0.0220808535814,
        "min": 1.10893505052e-20,
        "var": 0.000531491823494
    },
    "spectral_energyband_high": {
        "dmean": 7.1404974733e-05,
        "dmean2": 0.000105272447399,
        "dvar": 2.15688331195e-07,
        "dvar2": 5.25952145836e-07,
        "max": 0.0101976143196,
        "mean": 0.000120849726954,
        "median": 7.66512675909e-06,
        "min": 8.03915673149e-21,
        "var": 3.27424913849e-07
    },
    "spectral_energyband_low": {
        "dmean": 0.00219990918413,
        "dmean2": 0.00340800173581,
        "dvar": 7.03913974576e-05,
        "dvar2": 0.000168177110027,
        "max": 0.163754537702,
        "mean": 0.00845191534609,
        "median": 0.00622935872525,
        "min": 3.0665733912e-23,
        "var": 0.000100025710708
    },
    "spectral_energyband_middle_high": {
        "dmean": 0.00209408602677,
        "dmean2": 0.0027628550306,
        "dvar": 1.33776002258e-05,
        "dvar2": 2.35100305872e-05,
        "max": 0.0929405912757,
        "mean": 0.00674911262468,
        "median": 0.00331606832333,
        "min": 1.35737501145e-21,
        "var": 8.52881275932e-05
    },
    "spectral_energyband_middle_low": {
        "dmean": 0.00275072618388,
        "dmean2": 0.00358012411743,
        "dvar": 2.929157381e-05,
        "dvar2": 5.34856480954e-05,
        "max": 0.246816709638,
        "mean": 0.0135188940912,
        "median": 0.00847412925214,
        "min": 3.30906853927e-22,
        "var": 0.000213886538404
    },
    "spectral_entropy": {
        "dmean": 0.121685110033,
        "dmean2": 0.169846370816,
        "dvar": 0.0251823440194,
        "dvar2": 0.0515681430697,
        "max": 9.79956245422,
        "mean": 6.46639204025,
        "median": 6.43646526337,
        "min": 4.45733308792,
        "var": 0.222510546446
    },
    "spectral_flux": {
        "dmean": 0.0139519562945,
        "dmean2": 0.022311327979,
        "dvar": 0.000457944901427,
        "dvar2": 0.00104625709355,
        "max": 0.326769739389,
        "mean": 0.0433811098337,
        "median": 0.0347172580659,
        "min": 1.05305986153e-10,
        "var": 0.00123074278235
    },
    "spectral_kurtosis": {
        "dmean": 8.63039302826,
        "dmean2": 14.7891101837,
        "dvar": 80.5367050171,
        "dvar2": 235.051071167,
        "max": 175.495956421,
        "mean": 23.7351226807,
        "median": 20.5345497131,
        "min": -1.18935310841,
        "var": 248.456710815
    },
    "spectral_rms": {
        "dmean": 0.000428133556852,
        "dmean2": 0.000575019861571,
        "dvar": 4.33526992083e-07,
        "dvar2": 8.67501739776e-07,
        "max": 0.0159738380462,
        "mean": 0.00481368694454,
        "median": 0.00464136805385,
        "min": 3.28920636387e-12,
        "var": 4.19086245529e-06
    },
    "spectral_rolloff": {
        "dmean": 127.931694031,
        "dmean2": 222.895629883,
        "dvar": 156004.609375,
        "dvar2": 345507.1875,
        "max": 20219.6777344,
        "mean": 870.882629395,
        "median": 818.26171875,
        "min": 86.1328125,
        "var": 285847.125
    },
    "spectral_skewness": {
        "dmean": 0.587409317493,
        "dmean2": 1.00472068787,
        "dvar": 0.30603942275,
        "dvar2": 0.910409092903,
        "max": 10.1519994736,
        "mean": 3.42996430397,
        "median": 3.31885480881,
        "min": -0.0147343873978,
        "var": 1.01116132736
    },
    "spectral_spread": {
        "dmean": 407256.4375,
        "dmean2": 599575.4375,
        "dvar": 511322095616,
        "dvar2": 957384622080,
        "max": 40454584,
        "mean": 2547087.5,
        "median": 1891351.75,
        "min": 508289.09375,
        "var": 3.96051192218e+12
    },
    "spectral_strongpeak": {
        "dmean": 0.582454800606,
        "dmean2": 0.938475489616,
        "dvar": 1.12207365036,
        "dvar2": 2.44650363922,
        "max": 12.6801109314,
        "mean": 1.71252739429,
        "median": 0.796282052994,
        "min": 0,
        "var": 3.73049378395
    },
    "zerocrossingrate": {
        "dmean": 0.00396462343633,
        "dmean2": 0.00473250076175,
        "dvar": 4.61827512481e-05,
        "dvar2": 5.63563153264e-05,
        "max": 0.517578125,
        "mean": 0.0333004631102,
        "median": 0.03076171875,
        "min": 0.00244140625,
        "var": 0.000365852029063
    },
    "barkbands": {
        "dmean": [0.000174372587935, 0.00176549318712, 0.000429015111877, 0.000226324380492, 0.000401460711146, 0.00049395323731, 0.000564452551771, 0.00109786912799, 0.000996156595647, 0.000647798296995, 0.000625750108156, 0.000828793854453, 0.000510125653818, 0.000219607623876, 0.00013943472004, 6.22699299129e-05, 5.05162788613e-05, 2.37005970121e-05, 2.03886975214e-05, 1.33325511342e-05, 1.05913022708e-05, 1.27111952679e-05, 1.4295265828e-05, 1.01276218629e-05, 1.32655950438e-05, 9.29413545236e-06, 5.07120785187e-06],
        "dmean2": [0.000287439819658, 0.00275460048579, 0.000687261403073, 0.000342762155924, 0.000632330193184, 0.000676247407682, 0.000792026577983, 0.00138698669616, 0.00124122062698, 0.000810049939901, 0.000818210362922, 0.00116027484182, 0.000717994058505, 0.00028768737684, 0.000205374337384, 9.8364718724e-05, 8.04977171356e-05, 3.71797468688e-05, 3.25656037603e-05, 2.22523249249e-05, 1.73673579411e-05, 2.20990023081e-05, 2.30428649957e-05, 1.55769503181e-05, 2.01715483854e-05, 1.31107399284e-05, 7.67372148403e-06],
        "dvar": [7.03689465809e-07, 4.85768650833e-05, 3.52129313796e-06, 5.55626854748e-07, 2.06735444408e-06, 1.48185256421e-06, 1.41344492022e-06, 6.02885711487e-06, 1.13254891403e-05, 2.89516242447e-06, 4.06302751799e-06, 3.7530589907e-06, 2.13831276596e-06, 3.54488747689e-07, 1.09652880553e-07, 3.21070494635e-08, 3.50257742809e-08, 4.61562654763e-09, 6.94821844505e-09, 1.01308303968e-08, 5.86253090518e-09, 1.37355780083e-08, 1.21722010249e-08, 3.63986885077e-09, 4.3697854224e-09, 1.44553025105e-09, 4.47522185976e-10],
        "dvar2": [1.75869445229e-06, 0.000120669574244, 9.32450893742e-06, 1.35002335355e-06, 5.33320599061e-06, 3.22523010254e-06, 3.05749358631e-06, 9.42208953347e-06, 1.53045912157e-05, 4.57432861367e-06, 6.6577886173e-06, 7.17933471606e-06, 4.1529756345e-06, 5.03622686665e-07, 2.41424743308e-07, 7.80053355243e-08, 8.35154807532e-08, 1.12882299064e-08, 1.73759140409e-08, 2.78191993885e-08, 1.52448045299e-08, 3.86867817781e-08, 3.24412923192e-08, 7.99436783439e-09, 9.13604658592e-09, 2.9249618283e-09, 1.02090835785e-09],
        "max": [0.0173226092011, 0.136875584722, 0.0585648268461, 0.0432271808386, 0.0386272333562, 0.0557913929224, 0.0386877804995, 0.0815552324057, 0.225563302636, 0.0586181282997, 0.0898391082883, 0.0503340400755, 0.0488537885249, 0.0226480215788, 0.00909469369799, 0.00561674218625, 0.0115006137639, 0.00190266221762, 0.00291527085938, 0.0022165379487, 0.00166154943872, 0.00251387711614, 0.00233035953715, 0.00141316256486, 0.00181285187136, 0.000961758079939, 0.000465706660179],
        "mean": [0.000293994293315, 0.00637137982994, 0.00127890740987, 0.000940009718761, 0.0013279899722, 0.00191762263421, 0.00196200376377, 0.00405874103308, 0.00272087799385, 0.0017902321415, 0.00142439827323, 0.00169777951669, 0.0010284188902, 0.000590209790971, 0.000253912206972, 0.000101999517938, 8.15198072814e-05, 4.32121414633e-05, 3.40075130225e-05, 1.63916720339e-05, 1.36633507282e-05, 1.30372618514e-05, 1.69568393176e-05, 1.89430011233e-05, 2.73945988738e-05, 1.64114262589e-05, 6.44798228677e-06],
        "median": [3.10734685627e-05, 0.00495502306148, 0.000574775680434, 0.000398501870222, 0.000741122814361, 0.000755873450544, 0.000816717278212, 0.000938919663895, 0.000514149374794, 0.00032727298094, 0.000281030952465, 0.00045279355254, 0.000135303620482, 8.83567408891e-05, 8.89294751687e-05, 3.3047679608e-05, 3.39221951435e-05, 1.59230767167e-05, 9.84366397461e-06, 4.01825900553e-06, 1.68010194557e-06, 8.50066612657e-07, 5.56876273095e-07, 4.33912873632e-07, 3.80425376534e-07, 1.05163834974e-07, 1.33406796721e-08],
        "min": [1.38812682271e-23, 1.3623861336e-23, 5.33029921556e-24, 1.15142816146e-23, 2.34153101767e-23, 3.85465048423e-23, 9.03558945812e-23, 1.10241897866e-22, 5.3144145546e-23, 4.01991589724e-23, 1.1060084851e-22, 1.0028524893e-22, 7.65452246719e-23, 4.57716124534e-23, 1.26128395294e-22, 1.34457744089e-22, 1.60830676815e-22, 1.39103099835e-22, 2.5137715388e-22, 3.18570912148e-22, 4.42233252522e-22, 6.25276952385e-22, 6.2131714832e-22, 8.88751546993e-22, 1.25728928753e-21, 1.77497470012e-21, 2.6149479355e-21],
        "var": [6.7204524612e-07, 5.61851120437e-05, 5.62942705074e-06, 2.25349094762e-06, 3.73305601897e-06, 1.2247272025e-05, 1.04461441879e-05, 6.62630118313e-05, 6.98424119037e-05, 1.86037304957e-05, 1.82749699889e-05, 1.3166248209e-05, 8.66664413479e-06, 2.98313375424e-06, 2.54341301797e-07, 4.96780572234e-08, 4.19699013321e-08, 7.50555173568e-09, 1.00815018556e-08, 7.57432339071e-09, 5.35803357238e-09, 9.75636815781e-09, 1.1654541332e-08, 8.13278777656e-09, 1.71117271464e-08, 5.42668932013e-09, 7.61134821836e-10]
    },
    "erbbands": {
        "dmean": [0.0666413828731, 0.349331468344, 0.550791144371, 0.583609342575, 0.868466079235, 1.61790680885, 2.77097272873, 4.07868242264, 7.89983654022, 13.1084957123, 26.349565506, 22.6440544128, 18.7862224579, 19.5159912109, 20.8454856873, 31.7359790802, 27.7277507782, 12.0695924759, 9.3083114624, 4.84719228745, 3.19869351387, 2.3123281002, 1.16166174412, 1.42616677284, 0.767938137054, 0.628177762032, 0.432363599539, 0.441248327494, 0.477736413479, 0.456066459417, 0.401806354523, 0.228747546673, 0.173996880651, 0.173578843474, 0.100601188838, 0.0446177124977, 0.0158178210258, 0.00583460740745, 0.000789908401202, 4.89807280246e-05],
        "dmean2": [0.10801114887, 0.538121759892, 0.894462287426, 0.855399727821, 1.3446804285, 2.58867049217, 3.74216985703, 5.75399494171, 11.6003675461, 16.3144874573, 33.7279052734, 27.477481842, 23.3134899139, 24.9855384827, 28.9260902405, 44.3955001831, 38.691493988, 16.0376644135, 12.6118888855, 7.49447059631, 4.97350311279, 3.73811554909, 1.84915208817, 2.16954183578, 1.24733495712, 1.066452384, 0.728428781033, 0.71815431118, 0.84853053093, 0.766870498657, 0.632077276707, 0.347136735916, 0.266568392515, 0.268248707056, 0.150590136647, 0.0622595064342, 0.0230492465198, 0.00911718700081, 0.00119154667482, 7.26619837224e-05],
        "dvar": [0.109050862491, 1.35414516926, 4.97843313217, 3.45077252388, 10.2618627548, 32.5754241943, 51.3453598022, 100.824523926, 311.54397583, 1096.56860352, 3352.66137695, 7608.82568359, 2246.41235352, 3408.01269531, 3888.90917969, 5152.45703125, 4546.06103516, 814.600158691, 551.893798828, 109.714584351, 67.3851852417, 112.82497406, 11.2091722488, 20.4262962341, 19.5375175476, 28.8257160187, 9.22771835327, 11.4353818893, 18.2601985931, 19.432516098, 8.52384567261, 2.00602698326, 0.99471861124, 0.809993624687, 0.245781973004, 0.041466448456, 0.0043914001435, 0.000659906305373, 1.04680575532e-05, 3.47186492888e-08],
        "dvar2": [0.272602528334, 3.43258070946, 13.5150575638, 7.96128177643, 26.1690864563, 86.7580795288, 109.000495911, 232.732910156, 766.597900391, 1642.90856934, 5251.04931641, 9314.94140625, 3595.43798828, 5620.25292969, 7174.94384766, 9531.6796875, 8978.05175781, 1249.21618652, 972.809570312, 269.143096924, 160.976730347, 261.748321533, 28.100566864, 45.1838188171, 53.0309524536, 81.2857284546, 25.4036121368, 29.1572799683, 51.7527046204, 53.7833328247, 22.2275753021, 4.36123371124, 2.33280825615, 1.98185288906, 0.548035085201, 0.0807980149984, 0.00980280153453, 0.00156959856395, 2.29238976317e-05, 7.81270017569e-08],
        "max": [6.8677854538, 23.2597122192, 68.1546859741, 92.9199981689, 69.8221206665, 161.285308838, 209.507965088, 488.226745605, 769.816589355, 1279.05200195, 2223.58251953, 6549.48486328, 1449.40771484, 2006.83959961, 2828.14453125, 1715.0390625, 2079.32592773, 828.559143066, 995.426879883, 193.306793213, 200.135528564, 780.657836914, 125.291320801, 190.345825195, 111.041267395, 114.967895508, 62.8031349182, 74.0216522217, 90.4470443726, 105.990264893, 71.1702575684, 29.3812847137, 30.2161159515, 24.8215942383, 13.4413642883, 6.52209043503, 1.18902742863, 0.604688465595, 0.0729293450713, 0.00416068546474],
        "mean": [0.214658841491, 1.27388143539, 1.8366215229, 2.37128543854, 2.98324465752, 5.25360679626, 10.1358861923, 15.370464325, 27.8018016815, 45.6649551392, 96.6701660156, 68.8174972534, 57.0622406006, 50.7829780579, 47.2531471252, 67.3436965942, 58.4840354919, 31.7080001831, 22.7031173706, 9.4389629364, 5.87848901749, 3.95384693146, 2.25960683823, 2.56696867943, 1.17031550407, 0.731339752674, 0.557858288288, 0.538473904133, 0.48627781868, 0.476238042116, 0.510174274445, 0.415873676538, 0.29744976759, 0.295460313559, 0.20089623332, 0.0839211717248, 0.0265961382538, 0.00778303155676, 0.00106565840542, 8.71162555995e-05],
        "median": [0.113655850291, 1.01780962944, 1.06127488613, 1.25128722191, 1.47626435757, 2.58749389648, 3.74514293671, 6.28826808929, 11.2375946045, 15.6992731094, 26.0317153931, 17.4698257446, 12.1008367538, 10.843372345, 13.9248332977, 21.8350334167, 11.2535858154, 6.85476303101, 6.90494918823, 4.54146432877, 2.70510077477, 1.86585068703, 1.01266050339, 0.834880232811, 0.391786128283, 0.191923677921, 0.0929180905223, 0.0526639148593, 0.031592823565, 0.0231294110417, 0.0151583841071, 0.0100717283785, 0.00699140829965, 0.00509452354163, 0.00222352263518, 0.000647855107673, 0.000165836638189, 2.59810803982e-05, 1.71875526576e-05, 2.8546062822e-05],
        "min": [6.26504495684e-22, 2.31285838501e-21, 6.43791399186e-21, 1.961556556e-20, 4.7090897903e-20, 8.51452741288e-20, 2.7301109042e-19, 2.99855634538e-19, 5.16021632493e-19, 2.5044131748e-18, 2.46571766575e-18, 1.21944620264e-18, 8.78833492314e-19, 2.91714114529e-18, 4.03466690914e-18, 4.0100417423e-18, 4.20448171222e-18, 2.38908599944e-18, 5.64004415273e-18, 7.14106263588e-18, 7.24246339845e-18, 7.59659348075e-18, 8.0059229797e-18, 8.91782591213e-18, 1.53496018523e-17, 1.4492167936e-17, 1.68375161401e-17, 1.82316231835e-17, 2.16841030067e-17, 1.88731414532e-17, 1.74709445835e-17, 1.67225231457e-17, 1.59110076796e-17, 1.44832012981e-17, 9.62857258166e-18, 6.86386117772e-18, 2.71858409067e-18, 1.32025077478e-18, 4.12466865758e-19, 3.5635334992e-20],
        "var": [0.1199234128, 1.70956385136, 7.78928470612, 11.7179069519, 21.9268550873, 61.5716590881, 355.192993164, 733.417236328, 2182.27709961, 8806.109375, 37567.0351562, 50848.3515625, 16292.4277344, 18088.9355469, 15490.1728516, 17831.5253906, 18036.3457031, 5480.73193359, 3329.59130859, 210.829116821, 112.421905518, 126.929748535, 18.4316062927, 40.9292602539, 16.5056304932, 19.5231208801, 7.88764286041, 10.2840147018, 12.4694004059, 14.617767334, 9.33491802216, 4.26486110687, 1.93944919109, 2.06344246864, 0.96800506115, 0.171680390835, 0.0129524003714, 0.00117619335651, 1.97556564672e-05, 5.90185322835e-08]
    },
    "gfcc": {
        "mean": [-81.1268539429, 170.365707397, -116.999267578, -10.4701032639, -36.043170929, 11.1360292435, -21.3590717316, 9.51877689362, -7.85350656509, 3.85532474518, -0.0821493715048, -3.84170556068, -5.3483042717],
        "cov": [[10073.953125, -1348.74389648, 177.719985962, 571.896606445, -280.982391357, 595.157531738, -119.796150208, 237.464645386, -240.56729126, 40.282623291, -387.922485352, -69.3816757202, -324.915802002], [-1348.74389648, 1907.97888184, -704.397705078, 85.1743927002, 308.162353516, -277.437164307, 208.180953979, -237.772415161, 170.466964722, -214.339279175, 188.788116455, -166.340255737, 167.227355957], [177.719985962, -704.397705078, 972.06427002, 49.0169792175, -100.679458618, 174.129394531, -129.329452515, 87.380531311, -124.047866821, 100.043579102, -95.2222442627, 99.0816268921, -47.250377655], [571.896606445, 85.1743927002, 49.0169792175, 322.071411133, 1.37641727924, 49.7792625427, 39.6462898254, -15.7828416824, 11.6975507736, -44.8299446106, -8.76056671143, -28.2378578186, 5.95048093796], [-280.982391357, 308.162353516, -100.679458618, 1.37641727924, 204.97076416, -7.32156038284, 48.7622451782, -17.5517597198, 36.5462989807, -11.5196504593, 44.7162361145, -35.6975975037, 0.972294569016], [595.157531738, -277.437164307, 174.129394531, 49.7792625427, -7.32156038284, 229.392547607, 1.38185989857, 33.3422470093, -50.3737258911, 35.9669685364, -18.3406524658, 25.2916202545, -35.444065094], [-119.796150208, 208.180953979, -129.329452515, 39.6462898254, 48.7622451782, 1.38185989857, 166.853134155, 10.5040683746, 37.6780281067, -43.572593689, 38.329334259, -14.9759302139, 18.369436264], [237.464645386, -237.772415161, 87.380531311, -15.7828416824, -17.5517597198, 33.3422470093, 10.5040683746, 171.596969604, 33.3071937561, 39.0266647339, -40.9432830811, -4.93572092056, -34.1882629395], [-240.56729126, 170.466964722, -124.047866821, 11.6975507736, 36.5462989807, -50.3737258911, 37.6780281067, 33.3071937561, 165.860748291, 32.419090271, 22.9652404785, -48.8171958923, 9.75348854065], [40.282623291, -214.339279175, 100.043579102, -44.8299446106, -11.5196504593, 35.9669685364, -43.572593689, 39.0266647339, 32.419090271, 128.09765625, 22.1837253571, 14.3679513931, -40.4022750854], [-387.922485352, 188.788116455, -95.2222442627, -8.76056671143, 44.7162361145, -18.3406524658, 38.329334259, -40.9432830811, 22.9652404785, 22.1837253571, 128.297485352, 21.8240795135, 6.27561664581], [-69.3816757202, -166.340255737, 99.0816268921, -28.2378578186, -35.6975975037, 25.2916202545, -14.9759302139, -4.93572092056, -48.8171958923, 14.3679513931, 21.8240795135, 103.997436523, 17.8306159973], [-324.915802002, 167.227355957, -47.250377655, 5.95048093796, 0.972294569016, -35.444065094, 18.369436264, -34.1882629395, 9.75348854065, -40.4022750854, 6.27561664581, 17.8306159973, 92.8254241943]],
        "icov": [[0.000183911557542, -4.21397562604e-05, 0.000205654418096, -0.000354130665073, 0.000168985963683, -0.000356153148459, 8.27191979624e-05, -0.000134875343065, 0.000237851156271, -0.000204535754165, 0.000562503002584, -0.000154089124408, 0.000520790170413], [-4.21397562604e-05, 0.00222310516983, 5.29124117747e-05, 1.78112532012e-05, -0.00174454902299, 0.00105210591573, -0.000433778011939, 0.00138546538074, -0.00087774329586, 0.00227544642985, -0.00263492600061, 0.00286888354458, -0.00240088952705], [0.000205654418096, 5.29124117747e-05, 0.00201796763577, -0.00100967509206, 4.97428991366e-05, -0.000850812939461, 0.000698918127455, -0.000646366795991, 0.00118893617764, -0.00156142329797, 0.0016833570553, -0.00132038432639, 0.00034996951581], [-0.000354130665073, 1.78112532012e-05, -0.00100967509206, 0.00460839690641, 0.000216246742639, -0.000575562706217, -0.000666097563226, 0.000897798454389, -0.00164883024991, 0.00250177131966, -0.00155993632507, 0.00150475744158, -0.000762005744036], [0.000168985963683, -0.00174454902299, 4.97428991366e-05, 0.000216246742639, 0.00761507358402, -0.00169981177896, -0.000465992925456, -0.000834179343656, 0.000210543745197, -0.00103227992076, 0.00012080380111, 7.46952864574e-05, 0.0023080392275], [-0.000356153148459, 0.00105210591573, -0.000850812939461, -0.000575562706217, -0.00169981177896, 0.00743301259354, -0.0019272613572, 0.000429514591815, 0.00141568586696, -0.00121906551067, -0.00103865086567, 0.000652536167763, -0.00087711866945], [8.27191979624e-05, -0.000433778011939, 0.000698918127455, -0.000666097563226, -0.000465992925456, -0.0019272613572, 0.0095927612856, -0.00266010081396, -0.00159780250397, 0.00403100904077, -0.00276901572943, -0.000664057617541, 9.75298535195e-05], [-0.000134875343065, 0.00138546538074, -0.000646366795991, 0.000897798454389, -0.000834179343656, 0.000429514591815, -0.00266010081396, 0.00964775215834, -0.00330205401406, -0.000101402038126, 0.00182255229447, 0.000585726753343, 0.000964963750448], [0.000237851156271, -0.00087774329586, 0.00118893617764, -0.00164883024991, 0.000210543745197, 0.00141568586696, -0.00159780250397, -0.00330205401406, 0.0121622858569, -0.00737184751779, 0.000961905927397, 0.00346183846705, -0.00245344312862], [-0.000204535754165, 0.00227544642985, -0.00156142329797, 0.00250177131966, -0.00103227992076, -0.00121906551067, 0.00403100904077, -0.000101402038126, -0.00737184751779, 0.0193558186293, -0.00838982965797, 0.0013957999181, 0.00243819248863], [0.000562503002584, -0.00263492600061, 0.0016833570553, -0.00155993632507, 0.00012080380111, -0.00103865086567, -0.00276901572943, 0.00182255229447, 0.000961905927397, -0.00838982965797, 0.018288590014, -0.00900963600725, 0.00523550761864], [-0.000154089124408, 0.00286888354458, -0.00132038432639, 0.00150475744158, 7.46952864574e-05, 0.000652536167763, -0.000664057617541, 0.000585726753343, 0.00346183846705, 0.0013957999181, -0.00900963600725, 0.0204247441143, -0.00895122718066], [0.000520790170413, -0.00240088952705, 0.00034996951581, -0.000762005744036, 0.0023080392275, -0.00087711866945, 9.75298535195e-05, 0.000964963750448, -0.00245344312862, 0.00243819248863, 0.00523550761864, -0.00895122718066, 0.0198095738888]]
    },
    "melbands": {
        "dmean": [0.000532970298082, 0.000337381963618, 0.000103869759187, 8.81056621438e-05, 8.83290194906e-05, 9.89287800621e-05, 0.000115925118735, 0.000163466873346, 0.000225505049457, 0.000138453484396, 9.66336083366e-05, 8.26531104394e-05, 7.06816790625e-05, 6.40411162749e-05, 0.000101487363281, 5.33268539584e-05, 2.01065304282e-05, 1.63431141118e-05, 1.04968030428e-05, 5.71326063437e-06, 3.5840421333e-06, 3.07259551846e-06, 1.03767388282e-06, 1.10536632292e-06, 1.24626092202e-06, 6.30594115592e-07, 5.28671648681e-07, 4.16630712152e-07, 2.62108784455e-07, 2.8873492397e-07, 2.45436979185e-07, 3.13545825747e-07, 2.0372020515e-07, 2.80238623418e-07, 2.53390993521e-07, 1.76858577561e-07, 1.43583392287e-07, 1.228486326e-07, 1.418755744e-07, 1.45463260992e-07],
        "dmean2": [0.00084357248852, 0.000525643117726, 0.000152733089635, 0.000140728327096, 0.000123570760479, 0.000140188087244, 0.000167651029187, 0.000202665309189, 0.000292080629151, 0.000166503334185, 0.00011962447752, 0.000105062848888, 9.49964742176e-05, 9.23249026528e-05, 0.000138821822475, 7.43399650673e-05, 2.6408039048e-05, 2.16950338654e-05, 1.5921661543e-05, 9.08606580197e-06, 5.55207270736e-06, 4.97325936522e-06, 1.63689981036e-06, 1.76099206328e-06, 1.89290767594e-06, 1.02678802705e-06, 8.75940997958e-07, 7.15536373264e-07, 4.3981754061e-07, 4.83262169837e-07, 3.93658638131e-07, 5.68152586311e-07, 3.39368739333e-07, 4.83373639781e-07, 4.08573413324e-07, 2.76246680642e-07, 2.22961944019e-07, 1.90476214357e-07, 2.24952458439e-07, 2.24551001793e-07],
        "dvar": [5.59539012102e-06, 1.2589536027e-06, 9.63281152622e-08, 1.33023576154e-07, 4.94879337509e-08, 5.68853977256e-08, 6.34838031033e-08, 1.77286338499e-07, 2.70856617135e-07, 3.38768273878e-07, 6.10910433352e-08, 5.41015943156e-08, 5.73540148707e-08, 2.75970695185e-08, 6.67346711225e-08, 3.85553029503e-08, 3.01318525686e-09, 2.1028876418e-09, 5.38896482993e-10, 2.58576604573e-10, 8.83792830586e-11, 1.7904561167e-10, 9.76813682024e-12, 1.3644754597e-11, 1.55544518238e-11, 9.78936549878e-12, 1.42771263562e-11, 1.26295423772e-11, 2.55763053965e-12, 4.84959208208e-12, 3.06371724865e-12, 8.18352590554e-12, 3.32626287625e-12, 7.60766102892e-12, 3.81880291278e-12, 1.39937497354e-12, 7.03836457432e-13, 5.97057830693e-13, 5.14993267215e-13, 5.6134838531e-13],
        "dvar2": [1.39409003168e-05, 3.28472924593e-06, 2.20696691144e-07, 3.47711363702e-07, 1.14312484811e-07, 1.31086579813e-07, 1.46871940387e-07, 2.69386390528e-07, 4.33579600667e-07, 4.08204925861e-07, 9.83849588465e-08, 8.85700686126e-08, 9.8855394981e-08, 5.86165143091e-08, 1.14099023563e-07, 7.44632515648e-08, 4.18039913797e-09, 3.4242342295e-09, 1.29294219775e-09, 6.46663278481e-10, 2.09128256379e-10, 4.24765889129e-10, 2.2396483973e-11, 3.48524126226e-11, 3.33403235575e-11, 2.53587446181e-11, 3.8374251693e-11, 3.60447366399e-11, 6.96111354323e-12, 1.32178556295e-11, 7.57958279474e-12, 2.35743351923e-11, 8.98808718425e-12, 2.1403517847e-11, 1.00907398756e-11, 3.48632429349e-12, 1.51341081594e-12, 1.43803653881e-12, 1.27443043098e-12, 1.38089659065e-12],
        "max": [0.0481809861958, 0.0285522900522, 0.0150341624394, 0.0101790865883, 0.00552104786038, 0.0126343062147, 0.0103984018788, 0.0156210092828, 0.0172701701522, 0.0442032217979, 0.00741943297908, 0.00739617180079, 0.0134814139456, 0.00720268860459, 0.00684770196676, 0.00679752370343, 0.00190366909374, 0.00226767268032, 0.000489709549583, 0.00050199823454, 0.000214189029066, 0.000956685224082, 0.000156906738994, 0.000133315930725, 0.00017880674568, 6.9990492193e-05, 8.93569522304e-05, 7.47271405999e-05, 3.24033535435e-05, 4.93897787237e-05, 3.72515460185e-05, 6.09207381785e-05, 3.96953473683e-05, 6.76554700476e-05, 4.35074580309e-05, 3.57222779712e-05, 1.64578614203e-05, 2.56359562627e-05, 1.9229371901e-05, 1.88732064998e-05],
        "mean": [0.0018266486004, 0.00123450858518, 0.000428492960054, 0.000285641319351, 0.000329397938913, 0.000373874092475, 0.000414026784711, 0.00056102918461, 0.000773286330514, 0.000404881837312, 0.000282048713416, 0.000210311205592, 0.00015823089052, 0.000136233502417, 0.000201905379072, 0.000110174718429, 5.33188795089e-05, 4.05804894399e-05, 1.79494072654e-05, 9.49998684519e-06, 6.13738529864e-06, 4.84965585201e-06, 1.95080019694e-06, 1.98482371161e-06, 2.1674547952e-06, 9.80624122349e-07, 6.4064460048e-07, 4.54517333992e-07, 3.40459195058e-07, 3.4663875681e-07, 2.84981979348e-07, 2.94792187105e-07, 2.27107946671e-07, 2.73752448265e-07, 2.95098203651e-07, 2.59052796991e-07, 2.65444867864e-07, 1.91249810655e-07, 2.44883381129e-07, 2.35497367385e-07],
        "median": [0.0012578482274, 0.000897902064025, 0.000222704111366, 0.000152056862134, 0.000135958907777, 0.000153127126396, 0.000169029139215, 0.000159158487804, 0.000205131014809, 7.85635638749e-05, 5.21671463503e-05, 3.67446336895e-05, 3.85280800401e-05, 5.07149161422e-05, 4.1321178287e-05, 8.4935400082e-06, 9.59287535807e-06, 8.14413215267e-06, 5.76378124606e-06, 3.49143329004e-06, 2.31816693486e-06, 1.88425462966e-06, 6.8482813731e-07, 8.50628396165e-07, 5.3111023135e-07, 2.54359690643e-07, 1.51652045588e-07, 9.61664241572e-08, 5.47119256566e-08, 3.96507147116e-08, 2.40608333257e-08, 1.57476449658e-08, 1.39248728104e-08, 1.16664260474e-08, 7.95438204193e-09, 7.60671348132e-09, 5.03398656093e-09, 4.97249352804e-09, 3.69937813716e-09, 4.05809519322e-09],
        "min": [5.50131755449e-24, 3.21415794641e-24, 4.70039654375e-24, 4.05552996944e-24, 8.40861827232e-24, 6.69105587807e-24, 1.06192755303e-23, 2.65521871673e-23, 1.87578801254e-23, 6.67116711693e-24, 4.46390787728e-24, 1.10811409686e-23, 1.52175354917e-23, 1.00914250328e-23, 1.17673071723e-23, 6.32581446225e-24, 4.08525267062e-24, 7.79827343451e-24, 9.90519942778e-24, 1.04390870778e-23, 8.14811115787e-24, 8.5224840331e-24, 6.51269758285e-24, 7.65297235552e-24, 6.498892517e-24, 1.15518108833e-23, 1.03614536984e-23, 8.95267670599e-24, 1.05216145503e-23, 1.24188597372e-23, 9.30021095551e-24, 1.27939946521e-23, 1.1406823771e-23, 9.78802991752e-24, 1.02631490078e-23, 9.46426878025e-24, 1.11465840804e-23, 9.90824758631e-24, 1.36811515704e-23, 1.17016573789e-23],
        "var": [6.12493568042e-06, 2.00560407393e-06, 3.62804826182e-07, 1.93862049969e-07, 2.90018931537e-07, 4.48643135087e-07, 4.79806146814e-07, 1.40017152717e-06, 2.36156665778e-06, 2.30156842917e-06, 4.29175031513e-07, 2.93740697543e-07, 2.19856175931e-07, 8.76461356825e-08, 2.30891416209e-07, 1.57726915972e-07, 2.33975701036e-08, 1.57975410531e-08, 1.02427311077e-09, 3.70483643763e-10, 1.47350062707e-10, 1.98154187503e-10, 1.73379106211e-11, 1.88647205496e-11, 3.3224107493e-11, 1.12255257173e-11, 1.06198591587e-11, 8.5003306477e-12, 2.48656130408e-12, 3.89790847169e-12, 2.9335279865e-12, 5.19019766401e-12, 2.73083357143e-12, 5.38176577955e-12, 3.65747016007e-12, 1.95747042707e-12, 1.73681587775e-12, 8.70025026415e-13, 1.41725086528e-12, 1.28040883018e-12]
    },
    "mfcc": {
        "mean": [-731.048400879, 208.632171631, -9.92062473297, -0.842687308788, 5.34617900848, 1.43772804737, 4.87772941589, 4.88268184662, 2.92415142059, 6.53909921646, 7.10871219635, 6.88752841949, 6.86322689056],
        "cov": [[7141.76660156, -229.418197632, -266.834991455, 80.0234909058, -93.2498016357, 117.093971252, 72.5100021362, 181.776596069, 83.3469390869, 33.3996620178, -7.48150587082, -88.5121688843, -153.821411133], [-229.418197632, 1548.37060547, -482.921142578, 153.749526978, 116.391548157, 43.2308044434, 63.1032295227, 20.0554542542, -14.8967018127, 26.9575443268, 13.554274559, -24.3246307373, -6.51628828049], [-266.834991455, -482.921142578, 676.761108398, -36.2713851929, 58.336265564, 9.5537519455, 10.8782720566, -36.5103149414, 17.9469184875, -46.0887298584, -39.4516601562, 9.76445102692, 16.9651470184], [80.0234909058, 153.749526978, -36.2713851929, 242.174530029, 32.6379814148, 14.7682590485, 17.1336650848, 31.1030101776, 11.5228347778, 9.37456035614, -11.1569337845, 3.83185076714, -0.747921466827], [-93.2498016357, 116.391548157, 58.336265564, 32.6379814148, 162.620346069, 37.1908035278, 15.0297746658, -23.8439540863, 3.29463839531, 8.59210681915, 10.2592754364, 15.3394412994, 15.7900323868], [117.093971252, 43.2308044434, 9.5537519455, 14.7682590485, 37.1908035278, 124.241828918, 48.8582572937, 7.13891029358, -17.7889842987, -21.3370170593, -10.3062849045, 1.92737197876, -2.8154194355], [72.5100021362, 63.1032295227, 10.8782720566, 17.1336650848, 15.0297746658, 48.8582572937, 141.358154297, 56.9832344055, -18.8159065247, -26.4933605194, 1.36899447441, -1.66782867908, -1.26503229141], [181.776596069, 20.0554542542, -36.5103149414, 31.1030101776, -23.8439540863, 7.13891029358, 56.9832344055, 119.181015015, 35.3335571289, -6.27344369888, -10.135137558, -16.3404788971, -4.65033531189], [83.3469390869, -14.8967018127, 17.9469184875, 11.5228347778, 3.29463839531, -17.7889842987, -18.8159065247, 35.3335571289, 117.625137329, 52.8676986694, -3.28355908394, -8.55642414093, 0.941624164581], [33.3996620178, 26.9575443268, -46.0887298584, 9.37456035614, 8.59210681915, -21.3370170593, -26.4933605194, -6.27344369888, 52.8676986694, 110.951164246, 50.1107749939, 17.1681480408, 7.12745189667], [-7.48150587082, 13.554274559, -39.4516601562, -11.1569337845, 10.2592754364, -10.3062849045, 1.36899447441, -10.135137558, -3.28355908394, 50.1107749939, 98.0372695923, 51.5112190247, 10.9280519485], [-88.5121688843, -24.3246307373, 9.76445102692, 3.83185076714, 15.3394412994, 1.92737197876, -1.66782867908, -16.3404788971, -8.55642414093, 17.1681480408, 51.5112190247, 124.017448425, 65.8829421997], [-153.821411133, -6.51628828049, 16.9651470184, -0.747921466827, 15.7900323868, -2.8154194355, -1.26503229141, -4.65033531189, 0.941624164581, 7.12745189667, 10.9280519485, 65.8829421997, 109.593185425]],
