{
"lowlevel": {
    "average_loudness": 0.201597109437,
    "barkbands_crest": {
        "dmean": 2.50666737556,
        "dmean2": 4.08548164368,
        "dvar": 5.44876289368,
        "dvar2": 13.1710166931,
        "max": 26.051492691,
        "mean": 10.0347681046,
        "median": 8.9472284317,
        "min": 2.41441035271,
        "var": 20.6782932281
    },
    "barkbands_flatness_db": {
        "dmean": 0.0263152234256,
        "dmean2": 0.0408645793796,
        "dvar": 0.000608466856647,
        "dvar2": 0.00135576410685,
        "max": 0.457945257425,
        "mean": 0.15081012249,
        "median": 0.146496772766,
        "min": 0.0159149672836,
        "var": 0.00462549459189
    },
    "barkbands_kurtosis": {
        "dmean": 4.91901779175,
        "dmean2": 7.94167566299,
        "dvar": 126.523841858,
        "dvar2": 325.512237549,
        "max": 473.305511475,
        "mean": 9.18560218811,
        "median": 4.85997343063,
        "min": -1.70541334152,
        "var": 362.816986084
    },
    "barkbands_skewness": {
        "dmean": 0.619893312454,
        "dmean2": 0.982783973217,
        "dvar": 0.480812042952,
        "dvar2": 1.15607905388,
        "max": 19.1306629181,
        "mean": 1.95161473751,
        "median": 1.71781396866,
        "min": -2.17452764511,
        "var": 2.5835211277
    },
    "barkbands_spread": {
        "dmean": 5.31400585175,
        "dmean2": 8.52400302887,
        "dvar": 59.9287834167,
        "dvar2": 149.890487671,
        "max": 118.282173157,
        "mean": 13.6313552856,
        "median": 8.78697013855,
        "min": 0.439285904169,
        "var": 163.555877686
    },
    "dissonance": {
        "dmean": 0.0263502132148,
        "dmean2": 0.0445823520422,
        "dvar": 0.000611020950601,
        "dvar2": 0.00170503964182,
        "max": 0.499999970198,
        "mean": 0.451123476028,
        "median": 0.459084838629,
        "min": 0.232665464282,
        "var": 0.00124810705893
    },
    "dynamic_complexity": 7.2861084938,
    "erbbands_crest": {
        "dmean": 2.27253699303,
        "dmean2": 3.68475341797,
        "dvar": 4.43276834488,
        "dvar2": 11.5786237717,
        "max": 29.1608428955,
        "mean": 8.14220237732,
        "median": 7.50214147568,
        "min": 2.08216071129,
        "var": 11.9658517838
    },
    "erbbands_flatness_db": {
        "dmean": 0.0224834699184,
        "dmean2": 0.0341964066029,
        "dvar": 0.000480585702462,
        "dvar2": 0.00108295667451,
        "max": 0.429033815861,
        "mean": 0.176725178957,
        "median": 0.170098826289,
        "min": 0.0339767299592,
        "var": 0.00385826942511
    },
    "erbbands_kurtosis": {
        "dmean": 1.54637277126,
        "dmean2": 2.46908426285,
        "dvar": 4.82070159912,
        "dvar2": 11.9454126358,
        "max": 63.2686233521,
        "mean": 2.01879453659,
        "median": 1.06124925613,
        "min": -1.65557813644,
        "var": 12.5495138168
    },
    "erbbands_skewness": {
        "dmean": 0.414784401655,
        "dmean2": 0.647812247276,
        "dvar": 0.146343320608,
        "dvar2": 0.362086236477,
        "max": 6.22629833221,
        "mean": 0.934657216072,
        "median": 0.934925436974,
        "min": -1.70209801197,
        "var": 0.665477752686
    },
    "erbbands_spread": {
        "dmean": 7.76329421997,
        "dmean2": 12.335234642,
        "dvar": 85.2958679199,
        "dvar2": 213.374267578,
        "max": 110.014709473,
        "mean": 27.8536338806,
        "median": 22.5451545715,
        "min": 2.07441806793,
        "var": 317.565765381
    },
    "hfc": {
        "dmean": 5.80768060684,
        "dmean2": 9.08085441589,
        "dvar": 205.951080322,
        "dvar2": 511.458892822,
        "max": 179.032119751,
        "mean": 11.2928771973,
        "median": 4.07664680481,
        "min": 1.12909637453e-16,
        "var": 357.461181641
    },
    "melbands_crest": {
        "dmean": 3.19681501389,
        "dmean2": 5.22322654724,
        "dvar": 10.3120508194,
        "dvar2": 24.1796855927,
        "max": 37.7911262512,
        "mean": 13.3240661621,
        "median": 11.1568698883,
        "min": 1.76827728748,
        "var": 51.0180854797
    },
    "melbands_flatness_db": {
        "dmean": 0.0322959795594,
        "dmean2": 0.0497266165912,
        "dvar": 0.00094592559617,
        "dvar2": 0.00214426591992,
        "max": 0.584601104259,
        "mean": 0.222352445126,
        "median": 0.222521483898,
        "min": 0.00378054077737,
        "var": 0.00740587478504
    },
    "melbands_kurtosis": {
        "dmean": 8.34066867828,
        "dmean2": 13.4008769989,
        "dvar": 442.492828369,
        "dvar2": 1142.21813965,
        "max": 608.408874512,
        "mean": 17.2971591949,
        "median": 7.4040222168,
        "min": -1.42398142815,
        "var": 1611.13012695
    },
    "melbands_skewness": {
        "dmean": 0.712077736855,
        "dmean2": 1.12285399437,
        "dvar": 0.749938845634,
        "dvar2": 1.75953865051,
        "max": 19.4233074188,
        "mean": 2.46668052673,
        "median": 1.92413580418,
        "min": -0.983466267586,
        "var": 5.0415520668
    },
    "melbands_spread": {
        "dmean": 5.7561507225,
        "dmean2": 9.29543685913,
        "dvar": 91.0843276978,
        "dvar2": 228.910873413,
        "max": 149.072769165,
        "mean": 15.5332193375,
        "median": 10.3509063721,
        "min": 0.442166060209,
        "var": 278.085205078
    },
    "pitch_salience": {
        "dmean": 0.0677884742618,
        "dmean2": 0.11145401001,
        "dvar": 0.00441053695977,
        "dvar2": 0.0106342174113,
        "max": 0.884555220604,
        "mean": 0.620834708214,
        "median": 0.660413563251,
        "min": 0.0692143589258,
        "var": 0.0237160287797
    },
    "silence_rate_20dB": {
        "dmean": 0.0047908606939,
        "dmean2": 0.0095826042816,
        "dvar": 0.00476786633953,
        "dvar2": 0.014097631909,
        "max": 1,
        "mean": 0.997512638569,
        "median": 1,
        "min": 0,
        "var": 0.0024808908347
    },
    "silence_rate_30dB": {
        "dmean": 0.0254284143448,
        "dmean2": 0.0508615113795,
        "dvar": 0.0247795898467,
        "dvar2": 0.0584070570767,
        "max": 1,
        "mean": 0.929157078266,
        "median": 1,
        "min": 0,
        "var": 0.0658181458712
    },
    "silence_rate_60dB": {
        "dmean": 0.054910633713,
        "dmean2": 0.109831385314,
        "dvar": 0.0518954358995,
        "dvar2": 0.117314696312,
        "max": 1,
        "mean": 0.33680331707,
        "median": 0,
        "min": 0,
        "var": 0.223359435797
    },
    "spectral_centroid": {
        "dmean": 255.941177368,
        "dmean2": 408.468566895,
        "dvar": 146331.5,
        "dvar2": 357791.03125,
        "max": 10578.9033203,
        "mean": 1019.61132812,
        "median": 769.020324707,
        "min": 158.737121582,
        "var": 445574.5625
    },
    "spectral_complexity": {
        "dmean": 3.22719740868,
        "dmean2": 4.93854236603,
        "dvar": 21.7688407898,
        "dvar2": 42.8537788391,
        "max": 58,
        "mean": 12.1640720367,
        "median": 10,
        "min": 0,
        "var": 106.15423584
    },
    "spectral_decrease": {
        "dmean": 2.76235923025e-09,
        "dmean2": 4.23474189049e-09,
        "dvar": 6.7411931053e-17,
        "dvar2": 1.44959034836e-16,
        "max": 4.16059440405e-18,
        "mean": -6.30030427828e-09,
        "median": -1.50915457908e-09,
        "min": -1.1959633639e-07,
        "var": 1.82895853834e-16
    },
    "spectral_energy": {
        "dmean": 0.0108478143811,
        "dmean2": 0.0166140198708,
        "dvar": 0.00101042166352,
        "dvar2": 0.00218390533701,
        "max": 0.46485221386,
        "mean": 0.0248031504452,
        "median": 0.00619305530563,
        "min": 1.03521887921e-20,
        "var": 0.00270710838959
    },
    "spectral_energyband_high": {
        "dmean": 0.000344023981597,
        "dmean2": 0.00057264912175,
        "dvar": 6.59397187519e-07,
        "dvar2": 1.74306705958e-06,
        "max": 0.0100307809189,
        "mean": 0.000425376783824,
        "median": 4.83716503368e-05,
        "min": 7.36278309995e-21,
        "var": 8.56370718338e-07
    },
    "spectral_energyband_low": {
        "dmean": 0.00669761747122,
        "dmean2": 0.0103026209399,
        "dvar": 0.00072057248326,
        "dvar2": 0.00150125613436,
        "max": 0.394396692514,
        "mean": 0.0134355286136,
        "median": 0.000125859354739,
        "min": 8.76442577947e-23,
        "var": 0.00212807068601
    },
    "spectral_energyband_middle_high": {
        "dmean": 0.00151119171642,
        "dmean2": 0.00240933755413,
        "dvar": 2.35566221818e-05,
        "dvar2": 6.01336723776e-05,
        "max": 0.0731862410903,
        "mean": 0.00283748446964,
        "median": 0.000743545184378,
        "min": 1.42631302322e-21,
        "var": 3.82936304959e-05
    },
    "spectral_energyband_middle_low": {
        "dmean": 0.00380652351305,
        "dmean2": 0.00600238004699,
        "dvar": 0.000115833216114,
        "dvar2": 0.000285054848064,
        "max": 0.218044310808,
        "mean": 0.00825132522732,
        "median": 0.00350301340222,
        "min": 4.0051235562e-22,
        "var": 0.000209239064134
    },
    "spectral_entropy": {
        "dmean": 0.235268488526,
        "dmean2": 0.360108524561,
        "dvar": 0.0545160286129,
        "dvar2": 0.129011705518,
        "max": 9.76566886902,
        "mean": 7.38871192932,
        "median": 7.45528507233,
        "min": 4.76756334305,
        "var": 0.382227092981
    },
    "spectral_flux": {
        "dmean": 0.0236790124327,
        "dmean2": 0.0385707058012,
        "dvar": 0.00244681653567,
        "dvar2": 0.00556968757883,
        "max": 0.611151576042,
        "mean": 0.0600536391139,
        "median": 0.0397346168756,
        "min": 1.0174570908e-10,
        "var": 0.00494095124304
    },
    "spectral_kurtosis": {
        "dmean": 3.34944462776,
        "dmean2": 5.47827482224,
        "dvar": 23.9833297729,
        "dvar2": 62.1326293945,
        "max": 179.875915527,
        "mean": 9.66147422791,
        "median": 6.36187362671,
        "min": -1.2501553297,
        "var": 109.831047058
    },
    "spectral_rms": {
        "dmean": 0.000758702284656,
        "dmean2": 0.00113903160673,
        "dvar": 2.25725284508e-06,
        "dvar2": 4.62949401481e-06,
        "max": 0.0212958771735,
        "mean": 0.00351783260703,
        "median": 0.00245804898441,
        "min": 3.17800191545e-12,
        "var": 1.18230209409e-05
    },
    "spectral_rolloff": {
        "dmean": 503.481536865,
        "dmean2": 852.635559082,
        "dvar": 1227647.125,
        "dvar2": 3114641,
        "max": 18949.21875,
        "mean": 1314.29516602,
        "median": 753.662109375,
        "min": 43.06640625,
        "var": 4475740
    },
    "spectral_skewness": {
        "dmean": 0.37258964777,
        "dmean2": 0.592225790024,
        "dvar": 0.15458227694,
        "dvar2": 0.396938383579,
        "max": 11.0816049576,
        "mean": 2.26562047005,
        "median": 2.05847644806,
        "min": 0.0345926433802,
        "var": 1.0499227047
    },
    "spectral_spread": {
        "dmean": 663561.8125,
        "dmean2": 1035926.8125,
        "dvar": 688308617216,
        "dvar2": 1.60383369216e+12,
        "max": 41331648,
        "mean": 4191416.25,
        "median": 4045367.5,
        "min": 464401.5,
        "var": 2.7977473065e+12
    },
    "spectral_strongpeak": {
        "dmean": 0.293518155813,
        "dmean2": 0.478528231382,
        "dvar": 0.188259959221,
        "dvar2": 0.474972814322,
        "max": 6.0863199234,
        "mean": 0.634659528732,
        "median": 0.422707080841,
        "min": 0,
        "var": 0.461093038321
    },
    "zerocrossingrate": {
        "dmean": 0.010123626329,
        "dmean2": 0.0128252897412,
        "dvar": 0.000162457406987,
        "dvar2": 0.000242787151365,
        "max": 0.5166015625,
        "mean": 0.053099449724,
        "median": 0.0390625,
        "min": 0.001953125,
        "var": 0.00280878716148
    },
    "barkbands": {
        "dmean": [0.000789328245446, 0.00610176194459, 0.00106601056177, 0.000441639596829, 0.00141351507045, 0.000770753598772, 0.00116220919881, 0.000463676697109, 0.000838896201458, 0.000350432790583, 0.000339529826306, 0.00025155080948, 0.000319890823448, 0.000232350328588, 0.000137670896947, 0.000126182232634, 9.68681270024e-05, 7.34772911528e-05, 7.96589811216e-05, 9.01732855709e-05, 8.91178569873e-05, 7.10164604243e-05, 4.58127469756e-05, 3.26826411765e-05, 4.23618585046e-05, 2.2295564122e-05, 1.06752650026e-05],
        "dmean2": [0.0011964206351, 0.009496034123, 0.00197867350653, 0.000796876847744, 0.0023870235309, 0.0012728421716, 0.00176510121673, 0.000754627399147, 0.00121085473802, 0.00057183613535, 0.000541354354937, 0.000411131564761, 0.000563003995921, 0.000394730624976, 0.000233797298279, 0.000209012563573, 0.000163490782143, 0.000121859891806, 0.000134586502099, 0.000154476801981, 0.000149979998241, 0.000121779936308, 7.25036516087e-05, 5.40815854038e-05, 7.58865353419e-05, 3.72373069695e-05, 1.72504987859e-05],
        "dvar": [1.10691435111e-05, 0.000606397516094, 5.74618534301e-05, 4.65301809527e-06, 2.53559574048e-05, 2.88349951916e-06, 7.30652436687e-06, 1.9731348857e-06, 5.3228136494e-06, 1.29050306441e-06, 1.12728707791e-06, 6.07148479048e-07, 2.55404438576e-06, 7.28193583655e-07, 3.79307749654e-07, 1.77702887072e-07, 1.25303714071e-07, 4.27775255218e-08, 5.40904743218e-08, 5.15013489633e-08, 4.45071535182e-08, 6.08673289548e-08, 1.23454055867e-08, 5.69166758169e-09, 1.77193246742e-08, 3.80991682647e-09, 2.34094521545e-09],
        "dvar2": [2.69427382591e-05, 0.00129820464645, 0.000170314742718, 1.38283721753e-05, 6.79935983499e-05, 7.27415135771e-06, 1.60870204127e-05, 5.13720078743e-06, 1.10251166916e-05, 3.30904867951e-06, 2.90589878205e-06, 1.54667065999e-06, 7.23052744434e-06, 1.88851834082e-06, 1.03450918232e-06, 4.80501682887e-07, 3.46224140912e-07, 1.16980494624e-07, 1.48751681195e-07, 1.4118093361e-07, 1.19586985647e-07, 1.70969570945e-07, 2.80394925056e-08, 1.46382221899e-08, 5.07018178553e-08, 9.29669319305e-09, 5.42760725253e-09],
        "max": [0.0764033794403, 0.380235135555, 0.160484164953, 0.0400897413492, 0.140306502581, 0.037607088685, 0.0666827335954, 0.0320035815239, 0.0653460398316, 0.0287800095975, 0.0241126604378, 0.0170505940914, 0.0360532179475, 0.0140697574243, 0.0148340193555, 0.00791408400983, 0.00595630891621, 0.00320222810842, 0.00481393979862, 0.00536008458585, 0.00454292725772, 0.00529505126178, 0.00213385163806, 0.000855332938954, 0.00127398350742, 0.00106241705362, 0.00118111702614],
        "mean": [0.00157355226111, 0.0108627015725, 0.000894040626008, 0.000425206002546, 0.00172343011945, 0.00147896446288, 0.00220045330934, 0.000738027098123, 0.00160302175209, 0.00058638479095, 0.000573103374336, 0.000355399941327, 0.000335732445819, 0.000313279451802, 0.000167268735822, 0.000167802660144, 0.000132184650283, 0.000102253477962, 0.000101106597867, 0.000108501088107, 0.00010822002514, 8.31082434161e-05, 6.51565933367e-05, 3.82344223908e-05, 3.47724599123e-05, 2.06098302442e-05, 1.06257548396e-05],
        "median": [2.11970905184e-06, 2.08668552659e-05, 4.29956453445e-05, 4.49092040071e-05, 0.00037208822323, 0.000563483452424, 0.000787450000644, 0.000255839724559, 0.000442998745712, 0.000104998602183, 0.000118668089272, 8.48737399792e-05, 5.54156540602e-05, 6.18730773567e-05, 3.73308830603e-05, 3.0769231671e-05, 2.30191435548e-05, 1.8144817659e-05, 1.30800581246e-05, 1.1366655599e-05, 1.0267075595e-05, 7.81956714491e-06, 6.02865793553e-06, 4.76376408187e-06, 3.89496290154e-06, 2.3424529445e-06, 5.54581731649e-07],
        "min": [6.95980126417e-25, 2.71534001513e-23, 5.05233192715e-23, 1.68682016923e-23, 3.53657356309e-23, 9.07275805962e-23, 3.11476237955e-23, 1.02041701378e-22, 9.25291685097e-23, 7.13398660354e-23, 2.1821931055e-23, 1.3067615948e-22, 6.28251349273e-23, 1.43782635347e-22, 1.17522781098e-22, 1.17324493021e-22, 1.38423076492e-22, 2.202053089e-22, 2.20214396577e-22, 3.8963491037e-22, 4.47076782749e-22, 5.37453837735e-22, 6.92287619193e-22, 8.91240157025e-22, 8.79783119891e-22, 1.82462835704e-21, 2.23420433319e-21],
        "var": [2.91754240607e-05, 0.00156658631749, 3.48609573848e-05, 3.05020762426e-06, 2.35936167883e-05, 6.39626387056e-06, 1.84588843695e-05, 2.61745458374e-06, 1.29379186546e-05, 2.17237538891e-06, 2.20678589358e-06, 8.17497607386e-07, 1.78788195626e-06, 8.214283298e-07, 3.14613998853e-07, 1.84613227816e-07, 1.21959217836e-07, 5.84848436347e-08, 6.44130508931e-08, 6.63939658807e-08, 5.7153929589e-08, 6.17406570314e-08, 2.61387231859e-08, 7.41597627751e-09, 1.14737810364e-08, 3.84836873479e-09, 2.44514275494e-09]
    },
    "erbbands": {
        "dmean": [0.316312402487, 1.03242301941, 1.39111042023, 1.37484967709, 2.38703465462, 5.6427321434, 7.65523576736, 5.52174186707, 16.1394691467, 13.6135034561, 16.0135784149, 13.7593517303, 11.5705013275, 12.4118394852, 10.1727361679, 9.82195568085, 13.303481102, 15.100353241, 8.27758216858, 6.32260656357, 6.38202857971, 5.63703632355, 4.05315065384, 3.95545744896, 3.81963920593, 4.08729410172, 4.61778974533, 3.09896445274, 2.38359069824, 2.02344846725, 1.36326348782, 0.852452516556, 0.476625829935, 0.379633665085, 0.33950522542, 0.122770324349, 0.0354757271707, 0.0108344266191, 0.00164227338973, 0.000127587569295],
        "dmean2": [0.511776149273, 1.637139678, 2.57777428627, 2.45322370529, 4.1730055809, 9.49927330017, 12.7978801727, 9.15501785278, 24.7277374268, 21.4521389008, 23.7455749512, 20.6399211884, 18.3061962128, 19.5912570953, 16.9950008392, 16.0769538879, 23.1241512299, 25.895734787, 13.9428710938, 10.3090000153, 10.6602897644, 9.4947271347, 6.71657466888, 6.58216905594, 6.43655967712, 6.9560956955, 7.94031620026, 5.22609710693, 4.04246282578, 3.34778761864, 2.21859693527, 1.4013582468, 0.790979266167, 0.663921415806, 0.616152524948, 0.214678481221, 0.0581758506596, 0.0172079727054, 0.00264792446978, 0.000205549877137],
        "dvar": [1.50316250324, 24.0774173737, 78.5435562134, 67.3042144775, 126.560493469, 371.980712891, 413.479278564, 207.866149902, 1418.67797852, 1282.13525391, 1689.25683594, 1568.74682617, 1553.72302246, 1586.74328613, 1461.52661133, 1062.31811523, 3847.25878906, 4123.11181641, 1044.78161621, 430.373138428, 539.379211426, 396.021057129, 144.582977295, 130.775222778, 119.179908752, 114.588676453, 128.906600952, 55.7138595581, 61.4057312012, 47.840801239, 11.6084699631, 3.8306427002, 1.28800356388, 1.14400196075, 1.2962770462, 0.132235780358, 0.0104007590562, 0.00219761370681, 4.8700509069e-05, 2.76121369325e-07],
        "dvar2": [3.74022340775, 55.0303421021, 232.273513794, 199.216766357, 325.700439453, 1029.13586426, 1084.70593262, 533.732727051, 3203.7434082, 3065.70507812, 3917.4440918, 3584.53857422, 3623.23681641, 3934.76904297, 3972.69555664, 2711.67285156, 10827.3974609, 10959.8505859, 2841.96118164, 1099.17626953, 1469.0501709, 1095.01977539, 394.369934082, 359.174743652, 323.849060059, 315.760375977, 353.204101562, 150.715774536, 171.410369873, 129.260116577, 28.7008666992, 9.72412872314, 3.36576223373, 3.22420907021, 3.72353005409, 0.366365849972, 0.0244540702552, 0.00487743737176, 0.000111514549644, 6.57098382817e-07],
        "max": [15.6793498993, 75.2206344604, 178.834518433, 172.156402588, 428.933044434, 457.014678955, 429.020507812, 395.109680176, 1100.13989258, 961.149047852, 778.659606934, 853.421875, 1107.83972168, 997.038391113, 969.002441406, 738.133789062, 1196.48352051, 1317.83813477, 667.51776123, 343.703948975, 520.58782959, 347.11050415, 232.99571228, 172.256835938, 280.278381348, 277.467529297, 158.427352905, 169.9427948, 159.792053223, 151.576843262, 66.0588684082, 29.2881755829, 14.2965068817, 10.581829071, 11.1882610321, 3.70055890083, 2.13873696327, 0.989368915558, 0.168566837907, 0.0147208413109],
        "mean": [0.515476465225, 1.62448525429, 1.24900531769, 1.38169872761, 2.74270606041, 6.87436819077, 11.6927785873, 10.9657411575, 28.592212677, 23.3753376007, 30.0392131805, 25.6941013336, 20.6232433319, 23.0558719635, 15.3470849991, 14.2247781754, 15.3488149643, 17.8684272766, 10.6562433243, 9.32998180389, 8.27847003937, 7.94389677048, 5.61466360092, 5.37377357483, 4.98096179962, 4.97405099869, 5.18927001953, 3.77142906189, 2.90552186966, 2.56849551201, 1.78936910629, 1.02565610409, 0.535305917263, 0.347736567259, 0.261974126101, 0.102611348033, 0.033920366317, 0.0109660560265, 0.00164816831239, 0.000142282384331],
        "median": [0.00045227969531, 0.00593643542379, 0.0404929257929, 0.151814222336, 0.543614923954, 1.24326145649, 3.89711689949, 4.10829734802, 10.2871294022, 7.32198190689, 9.5497303009, 7.60308265686, 4.22147321701, 4.24877738953, 3.91906499863, 3.44541549683, 2.97812747955, 3.55297064781, 2.28253889084, 1.98637843132, 1.59802258015, 1.38869380951, 1.01751732826, 0.816983938217, 0.646492362022, 0.555286169052, 0.43093764782, 0.392130792141, 0.294671475887, 0.213054344058, 0.167696028948, 0.113392427564, 0.0713546052575, 0.0436026267707, 0.0265626050532, 0.0118692759424, 0.00385827221908, 0.000835433776956, 0.000105809958768, 1.89846068679e-05],
        "min": [6.3352720052e-22, 7.36928018361e-21, 4.66013943885e-20, 6.66571347411e-20, 1.09488598558e-19, 9.75713945481e-20, 5.72557566204e-19, 6.23698059274e-19, 4.03969678765e-19, 1.56303883112e-18, 1.47902726618e-18, 2.07600268708e-18, 3.03944724348e-18, 1.2852425267e-18, 1.799275617e-18, 5.42605873212e-18, 2.97159382463e-18, 5.51256610776e-18, 7.74923973663e-18, 6.723205732e-18, 7.1710388341e-18, 7.79968369193e-18, 1.22371602624e-17, 1.35875731443e-17, 1.04195383998e-17, 1.73912903992e-17, 1.94250942605e-17, 1.54467492521e-17, 2.12629820481e-17, 1.94572831669e-17, 2.03876992286e-17, 1.96556344603e-17, 1.41292523684e-17, 1.09759166234e-17, 6.06548216692e-18, 6.63665906528e-18, 3.62351471772e-18, 1.11188708041e-18, 3.05779023206e-19, 3.29448686574e-20],
        "var": [3.40972232819, 43.9063873291, 51.5963249207, 42.2832794189, 121.915687561, 341.486206055, 511.619720459, 430.205932617, 3031.05273438, 2875.46826172, 3678.68530273, 3172.42822266, 2970.74658203, 3507.24169922, 1647.22363281, 1371.40209961, 2883.43383789, 3698.54858398, 985.875, 553.023254395, 499.538085938, 406.278808594, 179.279724121, 170.535720825, 143.83001709, 147.456222534, 144.700500488, 70.9873580933, 69.1682510376, 55.6884689331, 19.8432064056, 5.54087305069, 1.53322005272, 0.871505260468, 0.788084328175, 0.0943881198764, 0.0114269461483, 0.00250349543057, 5.25292416569e-05, 2.77632381085e-07]
    },
    "gfcc": {
        "mean": [-101.935501099, 94.1472396851, -113.977050781, -6.41936159134, -71.5834197998, -2.25255513191, -39.4541168213, -0.43132853508, -18.6954479218, 4.90275669098, -13.1522312164, 0.994602680206, -10.1995544434],
        "cov": [[29473.9980469, -1305.06982422, -507.181365967, 2049.71484375, -126.557601929, 362.236694336, 341.828033447, 460.745819092, -49.8724708557, 107.447090149, -193.677841187, 211.321517944, 13.2309112549], [-1305.06982422, 2315.18334961, 14.8689565659, -294.411682129, 46.4930114746, -81.5997695923, -130.03805542, -188.163208008, 48.11561203, -163.460571289, 46.4332695007, -150.35369873, -10.1268424988], [-507.181365967, 14.8689565659, 595.843200684, 245.164703369, 145.857833862, 103.119689941, 111.721366882, 39.0250930786, 50.9725914001, 41.4555435181, 23.2800483704, 6.41800403595, -4.2259516716], [2049.71484375, -294.411682129, 245.164703369, 817.615722656, 274.800109863, 304.083618164, 262.906219482, 183.271011353, 104.836662292, 68.9604949951, 50.5154304504, 67.3389053345, 50.6684074402], [-126.557601929, 46.4930114746, 145.857833862, 274.800109863, 367.720794678, 188.495605469, 194.119903564, 97.6139526367, 98.7068481445, 28.2358856201, 61.0458259583, 26.8973369598, 28.4056224823], [362.236694336, -81.5997695923, 103.119689941, 304.083618164, 188.495605469, 340.694366455, 195.863876343, 133.203918457, 96.9133529663, 59.4906311035, 48.3775901794, 59.401725769, 41.3968162537], [341.828033447, -130.03805542, 111.721366882, 262.906219482, 194.119903564, 195.863876343, 254.555786133, 143.2215271, 108.786827087, 49.367980957, 50.3761062622, 42.3905258179, 34.3108711243], [460.745819092, -188.163208008, 39.0250930786, 183.271011353, 97.6139526367, 133.203918457, 143.2215271, 153.597442627, 74.9192886353, 59.7145004272, 27.3964328766, 40.2680549622, 25.2581157684], [-49.8724708557, 48.11561203, 50.9725914001, 104.836662292, 98.7068481445, 96.9133529663, 108.786827087, 74.9192886353, 132.946578979, 35.2377319336, 49.9808959961, 22.3120498657, 25.0941047668], [107.447090149, -163.460571289, 41.4555435181, 68.9604949951, 28.2358856201, 59.4906311035, 49.367980957, 59.7145004272, 35.2377319336, 84.8846359253, 27.6233539581, 33.8375930786, 11.3407583237], [-193.677841187, 46.4332695007, 23.2800483704, 50.5154304504, 61.0458259583, 48.3775901794, 50.3761062622, 27.3964328766, 49.9808959961, 27.6233539581, 65.6202392578, 26.222820282, 22.4391231537], [211.321517944, -150.35369873, 6.41800403595, 67.3389053345, 26.8973369598, 59.401725769, 42.3905258179, 40.2680549622, 22.3120498657, 33.8375930786, 26.222820282, 61.3359146118, 25.6628093719], [13.2309112549, -10.1268424988, -4.2259516716, 50.6684074402, 28.4056224823, 41.3968162537, 34.3108711243, 25.2581157684, 25.0941047668, 11.3407583237, 22.4391231537, 25.6628093719, 47.7697372437]],
        "icov": [[5.41729787074e-05, -2.78076840914e-05, 0.000105011502455, -0.000218460627366, 0.000104820333945, 7.76811575633e-05, -5.18060369359e-05, -5.57680759812e-05, 2.48168453254e-05, -3.46423548763e-05, 0.000255605526036, -0.000241780755459, 0.000162166572409], [-2.78076840914e-05, 0.000757097965106, -0.000162467869814, 0.00031694417703, -0.00021233363077, -0.000464972312329, 0.000540595559869, 0.000409247848438, -0.000628463109024, 0.00112256326247, -0.00143843411934, 0.00199256255291, -0.000588940805756], [0.000105011502455, -0.000162467869814, 0.00237111072056, -0.00100941024721, -0.00017728858802, 0.000253078673268, -0.000902795873117, 0.00117468449753, -0.000144255405758, -0.00152216572315, 0.000968102191109, -0.000260318862274, 0.0012525729835], [-0.000218460627366, 0.00031694417703, -0.00100941024721, 0.00326828006655, -0.00108044745866, -0.00133362482302, -0.000199054426048, -0.000856483762618, 0.000316905090585, 0.00070581928594, -0.000981105375104, 0.0010406387737, -0.00146641442552], [0.000104820333945, -0.00021233363077, -0.00017728858802, -0.00108044745866, 0.0057111014612, -0.000771439634264, -0.00288561522029, 0.000316603691317, -0.000182555173524, 0.000986894010566, -0.00202544312924, 0.000389615568565, 0.000837697298266], [7.76811575633e-05, -0.000464972312329, 0.000253078673268, -0.00133362482302, -0.000771439634264, 0.00686688674614, -0.00250855856575, -0.00103634549305, -0.00032766253571, -0.00137534167152, 0.00189550896175, -0.00370534555987, -0.000226620060857], [-5.18060369359e-05, 0.000540595559869, -0.000902795873117, -0.000199054426048, -0.00288561522029, -0.00250855856575, 0.0144180944189, -0.00755973160267, -0.00320903700776, 0.00307303620502, -0.0025838217698, 0.00142264435999, -0.000803044182248], [-5.57680759812e-05, 0.000409247848438, 0.00117468449753, -0.000856483762618, 0.000316603691317, -0.00103634549305, -0.00755973160267, 0.0201011393219, -0.00393433123827, -0.00743589410558, 0.00460703438148, -0.0010537012713, -0.00114014511928], [2.48168453254e-05, -0.000628463109024, -0.000144255405758, 0.000316905090585, -0.000182555173524, -0.00032766253571, -0.00320903700776, -0.00393433123827, 0.0156278572977, -0.00130677421112, -0.00673022354022, 0.00172927451786, -0.00137819407973], [-3.46423548763e-05, 0.00112256326247, -0.00152216572315, 0.00070581928594, 0.000986894010566, -0.00137534167152, 0.00307303620502, -0.00743589410558, -0.00130677421112, 0.0225154887885, -0.00799021590501, -0.00380149693228, 0.00283046858385], [0.000255605526036, -0.00143843411934, 0.000968102191109, -0.000981105375104, -0.00202544312924, 0.00189550896175, -0.0025838217698, 0.00460703438148, -0.00673022354022, -0.00799021590501, 0.0321928337216, -0.0107815200463, -0.00416546640918], [-0.000241780755459, 0.00199256255291, -0.000260318862274, 0.0010406387737, 0.000389615568565, -0.00370534555987, 0.00142264435999, -0.0010537012713, 0.00172927451786, -0.00380149693228, -0.0107815200463, 0.0350962951779, -0.0119186360389], [0.000162166572409, -0.000588940805756, 0.0012525729835, -0.00146641442552, 0.000837697298266, -0.000226620060857, -0.000803044182248, -0.00114014511928, -0.00137819407973, 0.00283046858385, -0.00416546640918, -0.0119186360389, 0.0317196957767]]
    },
    "melbands": {
        "dmean": [0.00205862056464, 0.000912147923373, 0.000251552788541, 0.000282501219772, 0.000262692832621, 0.00013556999329, 0.000232066828175, 0.000128420928377, 0.000160799347213, 8.52126831887e-05, 5.99009763391e-05, 5.12338338012e-05, 3.93628724851e-05, 2.18207824219e-05, 3.45152511727e-05, 3.42461426044e-05, 2.67010273092e-05, 1.38591867653e-05, 1.0187692169e-05, 8.90034698386e-06, 7.32616672394e-06, 6.3740258156e-06, 4.03818739869e-06, 3.76550474357e-06, 3.27324141836e-06, 3.11060057356e-06, 2.48237347478e-06, 2.92413415082e-06, 3.33215825776e-06, 1.89476691048e-06, 1.9161518594e-06, 1.32785157803e-06, 1.43410261444e-06, 1.01665045804e-06, 8.50426147281e-07, 6.47890090022e-07, 4.61154030518e-07, 3.4937613691e-07, 3.12011366077e-07, 3.18229268714e-07],
        "dmean2": [0.00324758864008, 0.00156524928752, 0.000452057342045, 0.000478858972201, 0.000437705224613, 0.00022173722391, 0.000357518496457, 0.000206119730137, 0.000234921884839, 0.000126929604448, 9.48576416704e-05, 8.08940676507e-05, 6.41773076495e-05, 3.61711427104e-05, 5.65596455999e-05, 6.08199479757e-05, 4.56777306681e-05, 2.33670889429e-05, 1.71735246113e-05, 1.44679233927e-05, 1.246519696e-05, 1.07424684757e-05, 6.83430971549e-06, 6.27200552117e-06, 5.48850175619e-06, 5.28712826053e-06, 4.1311568566e-06, 5.04320496475e-06, 5.82316170039e-06, 3.12502970701e-06, 3.30039301843e-06, 2.25901590056e-06, 2.48292712968e-06, 1.65374933658e-06, 1.40354381983e-06, 1.04554965219e-06, 7.65208199027e-07, 5.80738515055e-07, 5.38867880095e-07, 5.60642320124e-07],
        "dvar": [6.54112300253e-05, 2.35828792938e-05, 1.91823664863e-06, 1.17388992749e-06, 5.81574624903e-07, 1.12571179045e-07, 2.94287389124e-07, 1.1998074001e-07, 1.59566411639e-07, 6.42449364818e-08, 3.91585750492e-08, 2.53338914291e-08, 1.65155249476e-08, 6.57761400902e-09, 1.47331640221e-08, 3.10537302539e-08, 1.17994805038e-08, 2.61765609189e-09, 1.82414705563e-09, 7.2021305586e-10, 8.3206314061e-10, 5.03382668882e-10, 1.8323173534e-10, 1.13527610923e-10, 9.45402228725e-11, 9.12517214569e-11, 4.49006977432e-11, 6.05371447415e-11, 7.09450623249e-11, 2.04711542856e-11, 2.24686450001e-11, 1.80784363174e-11, 3.19760433409e-11, 9.63820429717e-12, 4.69555600999e-12, 2.44383029438e-12, 1.12288021763e-12, 7.04122144705e-13, 6.53820313862e-13, 8.355724424e-13],
        "dvar2": [0.000146545775351, 6.39551726636e-05, 5.63346156923e-06, 3.17533499583e-06, 1.55394639023e-06, 2.82702814047e-07, 6.67579854507e-07, 2.97946030514e-07, 3.60737317351e-07, 1.4200942644e-07, 9.09739341637e-08, 6.26935801051e-08, 4.38542784309e-08, 1.75100236532e-08, 3.73237796225e-08, 8.75887806728e-08, 3.10746450793e-08, 7.16102910303e-09, 4.91701035443e-09, 1.85437643019e-09, 2.28565721905e-09, 1.38874323152e-09, 5.05206376733e-10, 3.10193093433e-10, 2.61681315505e-10, 2.51572984666e-10, 1.18599213783e-10, 1.6821416482e-10, 1.95883101406e-10, 5.43146083665e-11, 6.1968957743e-11, 5.06694373958e-11, 8.90536255849e-11, 2.4633781126e-11, 1.20766547804e-11, 6.00404535117e-12, 2.86558970997e-12, 1.8056701967e-12, 1.81187150786e-12, 2.35656568044e-12],
        "max": [0.121741652489, 0.0923536866903, 0.02692085132, 0.0331506580114, 0.0156098809093, 0.00940772797912, 0.0151190748438, 0.00965631473809, 0.0070587717928, 0.00637094769627, 0.00539902271703, 0.00382740492932, 0.0027772616595, 0.00197297381237, 0.00379162933677, 0.00385182048194, 0.00211483705789, 0.000914182339329, 0.000971263740212, 0.000454647379229, 0.000687735446263, 0.000410349486629, 0.000309398921672, 0.000175381166628, 0.000156814538059, 0.000232521546423, 0.000147601807839, 0.000194995009224, 0.000132998859044, 0.000122053032101, 8.16471438156e-05, 8.68790084496e-05, 0.000130388696562, 5.93670629314e-05, 4.61203781015e-05, 2.69392276095e-05, 1.83397678484e-05, 1.15203656605e-05, 1.05076214822e-05, 9.50109370024e-06],
        "mean": [0.00373827200383, 0.00112837878987, 0.000260864268057, 0.000345111620845, 0.000388287327951, 0.000282093737042, 0.00042217283044, 0.000207154967939, 0.000297977443552, 0.000155954257934, 0.000104766208096, 9.54984134296e-05, 6.37809935142e-05, 2.57940864685e-05, 5.11533980898e-05, 3.36981247528e-05, 3.17895501212e-05, 1.75315399247e-05, 1.24215011965e-05, 1.34892134156e-05, 8.41429755383e-06, 8.87933219929e-06, 4.97517294207e-06, 5.31997739017e-06, 4.17906949224e-06, 3.85301109418e-06, 3.26578719978e-06, 3.32340891873e-06, 3.52795177605e-06, 2.42338046519e-06, 2.13037719732e-06, 1.59331045779e-06, 1.60427509854e-06, 1.35023310577e-06, 1.05883611923e-06, 8.11415588942e-07, 5.43737201042e-07, 3.93641954588e-07, 3.05110745558e-07, 2.84705379272e-07],
        "median": [5.07199683852e-06, 1.7785190721e-05, 3.74412338715e-05, 6.5274129156e-05, 0.000120758326375, 0.000109047643491, 0.000152731430717, 6.21613653493e-05, 8.88554423e-05, 4.46265330538e-05, 1.97015706362e-05, 1.7178552298e-05, 1.51500971697e-05, 6.74642387821e-06, 9.54186543822e-06, 5.50990489501e-06, 6.42309305476e-06, 3.48571870745e-06, 2.70037662631e-06, 2.30770683629e-06, 1.58977695719e-06, 1.5005809928e-06, 9.17784518606e-07, 8.44110616072e-07, 6.11612165358e-07, 4.79686889321e-07, 4.06740696235e-07, 3.27138167222e-07, 2.66646537739e-07, 2.49366820526e-07, 2.11022097574e-07, 1.66168049986e-07, 1.36490399427e-07, 1.07762701873e-07, 9.74421183741e-08, 8.27563937378e-08, 6.32961842939e-08, 4.92861964574e-08, 4.11806482248e-08, 3.47719755212e-08],
        "min": [6.64176548213e-24, 1.97124601964e-23, 1.28169394603e-23, 7.75621452649e-24, 1.49960186163e-23, 1.42626998297e-23, 6.13235855259e-24, 2.04910469772e-23, 1.0753700584e-23, 1.40833696578e-23, 1.51508199472e-23, 5.31142335182e-24, 4.07666394752e-24, 1.40473534244e-23, 8.88740004381e-24, 6.82205490886e-24, 1.09725132442e-23, 1.39879869081e-23, 8.3028367581e-24, 8.4966985367e-24, 8.29246323719e-24, 9.16718928537e-24, 6.9967868105e-24, 1.28642845253e-23, 1.11310853302e-23, 5.95950926749e-24, 1.08469463096e-23, 1.15873143572e-23, 1.17179457788e-23, 1.22910548042e-23, 7.20004471134e-24, 1.1585518121e-23, 1.16211486015e-23, 1.09522158531e-23, 1.12614138292e-23, 1.12025166852e-23, 1.26908905317e-23, 9.90387493032e-24, 8.77308226573e-24, 9.30976721651e-24],
        "var": [0.000176830013515, 2.47948100878e-05, 1.25814790408e-06, 1.07839935026e-06, 6.41981500848e-07, 2.50267021329e-07, 6.53076313029e-07, 2.36116207475e-07, 3.71527306697e-07, 1.32454658797e-07, 7.71238006791e-08, 5.68670088796e-08, 2.46370639445e-08, 5.77182701633e-09, 2.21799307809e-08, 2.13491304635e-08, 1.09309210572e-08, 2.56316678993e-09, 1.58982704779e-09, 1.08175512992e-09, 6.72473077223e-10, 5.27346999402e-10, 1.76508127558e-10, 1.6204516895e-10, 1.15934241374e-10, 9.80998546285e-11, 6.41612526997e-11, 7.19779236213e-11, 7.43434966366e-11, 2.84752152413e-11, 2.47924424046e-11, 2.07618817971e-11, 2.94329803585e-11, 1.40886226296e-11, 7.25113719069e-12, 4.021608567e-12, 1.54081500163e-12, 8.76553983477e-13, 5.87178417867e-13, 6.14557016387e-13]
    },
    "mfcc": {
        "mean": [-737.509887695, 135.211608887, 1.70124399662, -1.30178081989, -14.3327007294, -5.87341880798, -13.0593490601, -7.38941526413, -6.11759757996, -1.42325186729, -1.85087859631, 0.80054038763, -2.81327772141],
        "cov": [[18147.9296875, -554.381225586, -842.840820312, 858.652832031, -205.157516479, 311.67489624, 120.085983276, 409.284637451, 239.131958008, 249.897476196, -8.54846858978, 46.6839256287, 155.645721436], [-554.381225586, 2260.81298828, 89.7601318359, -236.9584198, 21.9608345032, -133.673904419, -202.987670898, -179.091217041, -158.908508301, -103.634178162, -35.7537956238, -34.1975898743, -117.266975403], [-842.840820312, 89.7601318359, 447.00378418, 94.7305831909, 82.2758178711, 90.8061218262, 57.203163147, 37.2798805237, 36.9440002441, 30.7882671356, 29.1157493591, 30.8009567261, 14.8800230026], [858.652832031, -236.9584198, 94.7305831909, 386.318725586, 152.043701172, 143.85559082, 136.013763428, 129.049957275, 95.6136398315, 75.591835022, 49.5422897339, 44.6241111755, 50.7444648743], [-205.157516479, 21.9608345032, 82.2758178711, 152.043701172, 219.722229004, 150.453369141, 105.278007507, 96.2993850708, 58.2089653015, 56.3395805359, 39.1519470215, 38.571849823, 30.3382911682], [311.67489624, -133.673904419, 90.8061218262, 143.85559082, 150.453369141, 241.913619995, 148.755889893, 151.467224121, 94.7430648804, 88.4300384521, 50.1396827698, 55.4759979248, 48.3616447449], [120.085983276, -202.987670898, 57.203163147, 136.013763428, 105.278007507, 148.755889893, 179.766159058, 132.94480896, 97.9875869751, 71.3951187134, 47.0832901001, 48.7055358887, 49.2404518127], [409.284637451, -179.091217041, 37.2798805237, 129.049957275, 96.2993850708, 151.467224121, 132.94480896, 191.382354736, 114.861602783, 96.6630935669, 51.3658027649, 50.9218254089, 54.4033203125], [239.131958008, -158.908508301, 36.9440002441, 95.6136398315, 58.2089653015, 94.7430648804, 97.9875869751, 114.861602783, 118.208885193, 82.6340789795, 45.7177734375, 40.4785003662, 42.8414268494], [249.897476196, -103.634178162, 30.7882671356, 75.591835022, 56.3395805359, 88.4300384521, 71.3951187134, 96.6630935669, 82.6340789795, 100.230155945, 52.7009391785, 40.4228439331, 37.2227859497], [-8.54846858978, -35.7537956238, 29.1157493591, 49.5422897339, 39.1519470215, 50.1396827698, 47.0832901001, 51.3658027649, 45.7177734375, 52.7009391785, 64.2103347778, 38.5762557983, 28.4207038879], [46.6839256287, -34.1975898743, 30.8009567261, 44.6241111755, 38.571849823, 55.4759979248, 48.7055358887, 50.9218254089, 40.4785003662, 40.4228439331, 38.5762557983, 60.0307769775, 37.0985336304], [155.645721436, -117.266975403, 14.8800230026, 50.7444648743, 30.3382911682, 48.3616447449, 49.2404518127, 54.4033203125, 42.8414268494, 37.2227859497, 28.4207038879, 37.0985336304, 60.2586936951]],
