{
"lowlevel": {
    "average_loudness": 0.00682426523417,
    "barkbands_crest": {
        "dmean": 2.04936146736,
        "dmean2": 3.41005516052,
        "dvar": 5.47407484055,
        "dvar2": 15.4122238159,
        "max": 26.7621650696,
        "mean": 13.8874387741,
        "median": 12.9922895432,
        "min": 3.83822226524,
        "var": 25.5656642914
    },
    "barkbands_flatness_db": {
        "dmean": 0.0212092772126,
        "dmean2": 0.0346333347261,
        "dvar": 0.000796259322669,
        "dvar2": 0.00210181204602,
        "max": 0.608723461628,
        "mean": 0.397030800581,
        "median": 0.412458926439,
        "min": 0.0503951385617,
        "var": 0.00681633455679
    },
    "barkbands_kurtosis": {
        "dmean": 19.7766933441,
        "dmean2": 34.1740493774,
        "dvar": 9351.75585938,
        "dvar2": 28766.5195312,
        "max": 2431.21191406,
        "mean": 23.6566905975,
        "median": 1.85636997223,
        "min": -1.91251778603,
        "var": 13874.1015625
    },
    "barkbands_skewness": {
        "dmean": 0.895736098289,
        "dmean2": 1.4865219593,
        "dvar": 4.80558347702,
        "dvar2": 14.3092269897,
        "max": 43.4043922424,
        "mean": 1.2703243494,
        "median": 0.535414755344,
        "min": -11.2798786163,
        "var": 17.3817081451
    },
    "barkbands_spread": {
        "dmean": 1.78044748306,
        "dmean2": 3.01730036736,
        "dvar": 35.6948432922,
        "dvar2": 97.0414428711,
        "max": 135.354980469,
        "mean": 4.90048551559,
        "median": 3.14742231369,
        "min": 0.0779446810484,
        "var": 59.3394355774
    },
    "dissonance": {
        "dmean": 0.0487987697124,
        "dmean2": 0.084241129458,
        "dvar": 0.002806260949,
        "dvar2": 0.00744475470856,
        "max": 0.500000238419,
        "mean": 0.332517415285,
        "median": 0.33328717947,
        "min": 0.0578237250447,
        "var": 0.0101797692478
    },
    "dynamic_complexity": 11.8583564758,
    "erbbands_crest": {
        "dmean": 1.75218451023,
        "dmean2": 2.8095293045,
        "dvar": 4.54051685333,
        "dvar2": 11.294251442,
        "max": 34.1028137207,
        "mean": 14.1861038208,
        "median": 13.0562419891,
        "min": 1.80531668663,
        "var": 48.8401412964
    },
    "erbbands_flatness_db": {
        "dmean": 0.0113073978573,
        "dmean2": 0.0181887727231,
        "dvar": 0.000209591031307,
        "dvar2": 0.0004650906194,
        "max": 0.608897268772,
        "mean": 0.365072309971,
        "median": 0.395286738873,
        "min": 0.020264826715,
        "var": 0.0142867127433
    },
    "erbbands_kurtosis": {
        "dmean": 1.39751255512,
        "dmean2": 2.081813097,
        "dvar": 17.3742160797,
        "dvar2": 33.5795135498,
        "max": 287.212036133,
        "mean": 4.70745754242,
        "median": 0.696377754211,
        "min": -1.70200490952,
        "var": 294.467010498
    },
    "erbbands_skewness": {
        "dmean": 0.258593052626,
        "dmean2": 0.404695391655,
        "dvar": 0.117998160422,
        "dvar2": 0.268736153841,
        "max": 11.1478948593,
        "mean": 0.268956184387,
        "median": 0.217038288713,
        "min": -5.23191738129,
        "var": 1.6240401268
    },
    "erbbands_spread": {
        "dmean": 1.93998515606,
        "dmean2": 3.16028046608,
        "dvar": 20.0997104645,
        "dvar2": 54.2604560852,
        "max": 155.556808472,
        "mean": 14.854924202,
        "median": 6.89306592941,
        "min": 0.192300453782,
        "var": 677.645874023
    },
    "hfc": {
        "dmean": 1.62402701378,
        "dmean2": 2.27939343452,
        "dvar": 55.0127639771,
        "dvar2": 104.820365906,
        "max": 307.429504395,
        "mean": 5.77894258499,
        "median": 1.46622526646,
        "min": 1.15277253359e-16,
        "var": 227.304550171
    },
    "melbands_crest": {
        "dmean": 2.34907484055,
        "dmean2": 3.83123135567,
        "dvar": 7.6596288681,
        "dvar2": 20.5475559235,
        "max": 39.9164733887,
        "mean": 18.6509819031,
        "median": 17.4738769531,
        "min": 1.68840324879,
        "var": 57.7645606995
    },
    "melbands_flatness_db": {
        "dmean": 0.0200246647,
        "dmean2": 0.0319438539445,
        "dvar": 0.000602399290074,
        "dvar2": 0.00143379508518,
        "max": 0.738426923752,
        "mean": 0.531516373158,
        "median": 0.559470593929,
        "min": 0.00233118911274,
        "var": 0.0136121045798
    },
    "melbands_kurtosis": {
        "dmean": 39.426612854,
        "dmean2": 58.9249649048,
        "dvar": 100975.320312,
        "dvar2": 195912.5625,
        "max": 18600.8925781,
        "mean": 64.7721862793,
        "median": 2.33151865005,
        "min": -1.85528075695,
        "var": 229283.984375
    },
    "melbands_skewness": {
        "dmean": 0.890296518803,
        "dmean2": 1.34130609035,
        "dvar": 7.42757225037,
        "dvar2": 15.1072750092,
        "max": 121.968933105,
        "mean": 2.41681718826,
        "median": 1.12624132633,
        "min": -6.89862060547,
        "var": 45.2333145142
    },
    "melbands_spread": {
        "dmean": 1.34533369541,
        "dmean2": 2.20934820175,
        "dvar": 13.7602710724,
        "dvar2": 35.7323875427,
        "max": 178.930145264,
        "mean": 7.17820882797,
        "median": 4.05903530121,
        "min": 0.0367790460587,
        "var": 299.258453369
    },
    "pitch_salience": {
        "dmean": 0.0608173571527,
        "dmean2": 0.101798824966,
        "dvar": 0.00439418805763,
        "dvar2": 0.0119655551389,
        "max": 0.968900263309,
        "mean": 0.487807750702,
        "median": 0.510652124882,
        "min": 0.0123585974798,
        "var": 0.0257587041706
    },
    "silence_rate_20dB": {
        "dmean": 0.00141743442509,
        "dmean2": 0.00283512007445,
        "dvar": 0.00141535117291,
        "dvar2": 0.00300399493426,
        "max": 1,
        "mean": 0.997962594032,
        "median": 1,
        "min": 0,
        "var": 0.00203297915868
    },
    "silence_rate_30dB": {
        "dmean": 0.00974486209452,
        "dmean2": 0.0194914508611,
        "dvar": 0.00964805483818,
        "dvar2": 0.0215934999287,
        "max": 1,
        "mean": 0.973425447941,
        "median": 1,
        "min": 0,
        "var": 0.0258653331548
    },
    "silence_rate_60dB": {
        "dmean": 0.0299433022738,
        "dmean2": 0.0598919093609,
        "dvar": 0.0290480088443,
        "dvar2": 0.0664122477174,
        "max": 1,
        "mean": 0.371246337891,
        "median": 0,
        "min": 0,
        "var": 0.233437821269
    },
    "spectral_centroid": {
        "dmean": 46.8491477966,
        "dmean2": 76.4867553711,
        "dvar": 15814.0810547,
        "dvar2": 34002.5898438,
        "max": 11302.5332031,
        "mean": 557.365905762,
        "median": 359.492004395,
        "min": 135.551116943,
        "var": 414270.40625
    },
    "spectral_complexity": {
        "dmean": 0.650956749916,
        "dmean2": 1.12235319614,
        "dvar": 0.750846982002,
        "dvar2": 1.78085482121,
        "max": 20,
        "mean": 5.49357795715,
        "median": 5,
        "min": 0,
        "var": 13.6013221741
    },
    "spectral_decrease": {
        "dmean": 1.10426512379e-09,
        "dmean2": 1.63514846108e-09,
        "dvar": 1.53843649447e-17,
        "dvar2": 3.16279323178e-17,
        "max": 2.43835109828e-17,
        "mean": -4.27981428075e-09,
        "median": -1.46873813112e-09,
        "min": -1.51267897763e-07,
        "var": 8.38887600501e-17
    },
    "spectral_energy": {
        "dmean": 0.00430952664465,
        "dmean2": 0.00636859703809,
        "dvar": 0.000238149281358,
        "dvar2": 0.000487281824462,
        "max": 0.598804831505,
        "mean": 0.0166771784425,
        "median": 0.00569739425555,
        "min": 1.07828889739e-20,
        "var": 0.00128593901172
    },
    "spectral_energyband_high": {
        "dmean": 1.88325159911e-08,
        "dmean2": 2.8959886933e-08,
        "dvar": 1.71240534366e-14,
        "dvar2": 3.67104689204e-14,
        "max": 5.44042904949e-06,
        "mean": 5.29924406578e-08,
        "median": 3.24201359092e-08,
        "min": 7.84650119695e-21,
        "var": 3.07031282993e-14
    },
    "spectral_energyband_low": {
        "dmean": 0.00104784790892,
        "dmean2": 0.00163607625291,
        "dvar": 1.35281488838e-05,
        "dvar2": 2.9166949389e-05,
        "max": 0.29565128684,
        "mean": 0.00377718592063,
        "median": 0.000717068556696,
        "min": 5.83267029469e-23,
        "var": 0.000126799423015
    },
    "spectral_energyband_middle_high": {
        "dmean": 0.000177308626007,
        "dmean2": 0.000251328427112,
        "dvar": 2.4306702926e-06,
        "dvar2": 6.11104860582e-06,
        "max": 0.0927989780903,
        "mean": 0.000489256111905,
        "median": 3.53920258931e-05,
        "min": 1.5168505262e-21,
        "var": 4.02006980948e-06
    },
    "spectral_energyband_middle_low": {
        "dmean": 0.00360981910489,
        "dmean2": 0.00533948559314,
        "dvar": 0.000208137091249,
        "dvar2": 0.000425624748459,
        "max": 0.587974011898,
        "mean": 0.0126076051965,
        "median": 0.00329895596951,
        "min": 4.92614024628e-22,
        "var": 0.00094009260647
    },
    "spectral_entropy": {
        "dmean": 0.0994685068727,
        "dmean2": 0.161713898182,
        "dvar": 0.0180633570999,
        "dvar2": 0.0430264770985,
        "max": 9.79525375366,
        "mean": 5.40286302567,
        "median": 5.08749771118,
        "min": 2.88067245483,
        "var": 1.28889989853
    },
    "spectral_flux": {
        "dmean": 0.0112361162901,
        "dmean2": 0.0181408990175,
        "dvar": 0.000687961117364,
        "dvar2": 0.00174449163023,
        "max": 0.63093405962,
        "mean": 0.0276191215962,
        "median": 0.0176519695669,
        "min": 1.03840692989e-10,
        "var": 0.00129659264348
    },
    "spectral_kurtosis": {
        "dmean": 33.2139015198,
        "dmean2": 57.5916213989,
        "dvar": 1373.92236328,
        "dvar2": 4069.9362793,
        "max": 531.544372559,
        "mean": 168.739486694,
        "median": 177.404708862,
        "min": -1.19696748257,
        "var": 8361.36914062
    },
    "spectral_rms": {
        "dmean": 0.00037090483238,
        "dmean2": 0.000551709439605,
        "dvar": 5.54790403839e-07,
        "dvar2": 1.1214387996e-06,
        "max": 0.0241702273488,
        "mean": 0.00296604796313,
        "median": 0.00235763308592,
        "min": 3.24343828705e-12,
        "var": 7.47287367631e-06
    },
    "spectral_rolloff": {
        "dmean": 81.177116394,
        "dmean2": 149.177124023,
        "dvar": 308225.03125,
        "dvar2": 858009.5625,
        "max": 19229.1503906,
        "mean": 779.371887207,
        "median": 452.197265625,
        "min": 21.533203125,
        "var": 6145265
    },
    "spectral_skewness": {
        "dmean": 1.08956885338,
        "dmean2": 1.88263738155,
        "dvar": 1.37613296509,
        "dvar2": 3.97819876671,
        "max": 18.898891449,
        "mean": 10.0573654175,
        "median": 11.0820569992,
        "min": 0.0140327820554,
        "var": 15.0995912552
    },
    "spectral_spread": {
        "dmean": 295014.96875,
        "dmean2": 520779.4375,
        "dvar": 184202592256,
        "dvar2": 361923117056,
        "max": 40053024,
        "mean": 1809083.125,
        "median": 779112.0625,
        "min": 193763.1875,
        "var": 8.26867764429e+12
    },
    "spectral_strongpeak": {
        "dmean": 0.209420979023,
        "dmean2": 0.328996896744,
        "dvar": 0.283769130707,
        "dvar2": 0.563590109348,
        "max": 15.3844032288,
        "mean": 0.738951086998,
        "median": 0.354243755341,
        "min": 0,
        "var": 1.40091741085
    },
    "zerocrossingrate": {
        "dmean": 0.00340321823023,
        "dmean2": 0.00474723428488,
        "dvar": 8.45178874442e-05,
        "dvar2": 0.000150467225467,
        "max": 0.53173828125,
        "mean": 0.0273885168135,
        "median": 0.015625,
        "min": 0,
        "var": 0.00441104313359
    },
    "barkbands": {
        "dmean": [0.000112579458801, 0.000440605799668, 0.000629331043456, 0.000307072477881, 0.00136396544985, 0.000772376079112, 0.000576293037739, 0.0012402361026, 0.000338423909852, 6.28273992334e-05, 6.5868589445e-05, 6.64499893901e-05, 1.59698338393e-05, 6.73895965519e-06, 3.57384806193e-06, 1.26198915495e-06, 2.35303673435e-06, 8.69565184303e-08, 1.37348649787e-07, 2.05393053676e-08, 5.03765518189e-09, 1.95633220734e-09, 1.42014533466e-09, 1.30639821183e-09, 1.09617326327e-09, 1.29440569374e-09, 1.34546784825e-09],
        "dmean2": [0.0002060210536, 0.000656970194541, 0.00102430011611, 0.000480366521515, 0.00231092958711, 0.00124067347497, 0.000829344207887, 0.00163244339637, 0.000422178738518, 7.88939432823e-05, 8.77767743077e-05, 0.000117765579489, 2.39872570091e-05, 9.36579544941e-06, 5.1707061175e-06, 1.67152495578e-06, 3.38222025675e-06, 1.38019544238e-07, 1.60732639642e-07, 2.92252924083e-08, 8.18901746413e-09, 3.26428040154e-09, 2.38398767394e-09, 2.18821183395e-09, 1.90882332163e-09, 2.29703944754e-09, 2.33890684598e-09],
        "dvar": [5.27580148457e-08, 4.12649978898e-06, 4.74261787531e-06, 1.13715645966e-06, 2.69403408311e-05, 1.76476223714e-05, 9.51112724579e-06, 9.69606116996e-05, 1.23227782751e-05, 3.35552186925e-07, 3.91020591906e-07, 1.72314219071e-06, 3.33325580471e-08, 3.14540771207e-09, 9.86786319324e-10, 1.60736715604e-10, 2.83841106175e-09, 1.56893855546e-12, 6.87971858301e-12, 1.00502912199e-13, 2.80473043506e-15, 8.45573933003e-17, 3.06541918443e-17, 1.36541256148e-17, 4.74121605065e-18, 4.7335468456e-18, 4.42359854776e-18],
        "dvar2": [1.73672532355e-07, 6.69781320539e-06, 1.19816741062e-05, 2.69815836873e-06, 8.99618244148e-05, 3.65910091205e-05, 1.87642526726e-05, 0.0001658595138, 2.48199066846e-05, 4.96410677897e-07, 6.9128168434e-07, 4.98220651934e-06, 8.9023394878e-08, 5.40767963741e-09, 2.03937466914e-09, 2.9876118246e-10, 4.80218886878e-09, 3.67669089618e-12, 1.0609220967e-11, 2.04769808423e-13, 5.96617566684e-15, 2.27128523144e-16, 7.41455121114e-17, 3.64324719395e-17, 1.38513370534e-17, 1.43031124983e-17, 1.32403078339e-17],
        "max": [0.0044983420521, 0.223739683628, 0.0893057286739, 0.0377017334104, 0.149467796087, 0.220346301794, 0.243461772799, 0.509652733803, 0.257644355297, 0.0684911906719, 0.0356347076595, 0.0917327404022, 0.0114964721724, 0.00438017956913, 0.00140346307307, 0.000921709288377, 0.00564719643444, 0.000103487182059, 0.000248751923209, 2.56495641224e-05, 3.84696613764e-06, 5.10195150127e-07, 3.17379431181e-07, 1.48022564872e-07, 5.51619017131e-08, 5.44002816127e-08, 5.39486038065e-08],
        "mean": [0.000112476380309, 0.00136816839222, 0.00213906099088, 0.000672244292218, 0.00383382011205, 0.00184565980453, 0.002199140843, 0.00318949250504, 0.000783957890235, 0.000224663628615, 0.000154520283104, 8.64183457452e-05, 3.34078977176e-05, 1.52301836351e-05, 9.56153053266e-06, 3.17513990922e-06, 5.63074218007e-06, 1.88064376516e-07, 2.79037976725e-07, 4.05504287926e-08, 7.96771981726e-09, 4.0577297078e-09, 3.59634877434e-09, 4.10644096505e-09, 4.22676205147e-09, 6.04114847036e-09, 8.3595894651e-09],
        "median": [3.54470903403e-05, 0.000136164962896, 0.000334846408805, 0.00010543190001, 0.00089631654555, 0.000231070953305, 0.000276570004644, 0.000141426207847, 3.3542753954e-05, 1.79922026291e-05, 4.92949038744e-06, 1.63776678619e-06, 6.45731915938e-07, 3.36564113468e-07, 8.57481694538e-08, 3.87321428263e-08, 1.85713098233e-08, 4.47588721642e-09, 4.10476053148e-09, 2.42548758855e-09, 2.3067459054e-09, 2.36486430438e-09, 2.54846699299e-09, 3.63777807877e-09, 4.2380379206e-09, 6.33089625168e-09, 9.11918451862e-09],
        "min": [6.82163681258e-24, 2.09279812554e-23, 1.52382557122e-23, 2.02500105276e-23, 3.52403824776e-23, 1.57794647803e-22, 5.66127417027e-23, 4.57648755813e-23, 1.51619116471e-22, 7.29430838303e-23, 2.96970632075e-23, 9.51398184786e-23, 8.95436202843e-23, 1.34075708219e-22, 5.89554313993e-23, 9.07360750504e-23, 2.51843301256e-22, 2.73254803759e-22, 2.37310842551e-22, 4.61032931231e-22, 4.12793720845e-22, 7.08135923131e-22, 6.33061860938e-22, 9.22776821775e-22, 1.12502429908e-21, 1.60091538128e-21, 2.42977580056e-21],
        "var": [5.90403459455e-08, 4.26085643994e-05, 3.35529766744e-05, 3.70679549633e-06, 7.25713907741e-05, 6.266181299e-05, 4.79539412481e-05, 0.000318635924486, 2.85570949927e-05, 1.71604426669e-06, 9.85686710919e-07, 1.12315774459e-06, 5.2542556972e-08, 9.24720300333e-09, 3.48120887672e-09, 4.88435736301e-10, 9.51933998294e-09, 3.46307444526e-12, 2.32275882556e-11, 2.4186962112e-13, 3.89673695736e-15, 9.05808100243e-17, 4.72267686517e-17, 1.81779507423e-17, 7.80130744747e-18, 1.03531579828e-17, 1.52027872197e-17]
    },
    "erbbands": {
        "dmean": [0.00330515066162, 0.13205242157, 0.680908560753, 0.76554453373, 3.5348045826, 4.90582227707, 2.68454289436, 7.99134397507, 6.52643013, 24.0611572266, 16.593629837, 8.7218170166, 2.20403003693, 1.67596304417, 2.65678310394, 3.00274181366, 0.884567439556, 0.386674970388, 0.260122060776, 0.101362623274, 0.0648669153452, 0.137287974358, 0.0144907357171, 0.00727876136079, 0.00502631394193, 0.000990666565485, 0.000250041659456, 0.000209448393434, 7.93131548562e-05, 5.46340997971e-05, 4.01677789341e-05, 3.15848737955e-05, 2.30655896303e-05, 1.3481937458e-05, 9.11758070288e-06, 6.20882337898e-06, 3.06699348585e-06, 9.88161332316e-07, 2.04815819416e-06, 4.78899391965e-06],
        "dmean2": [0.00489016762003, 0.198087900877, 1.09617173672, 1.23639953136, 5.93063735962, 8.4465675354, 4.40119791031, 12.7404699326, 9.61575126648, 34.179473877, 21.0691795349, 10.6068048477, 2.67082262039, 2.26781797409, 3.65990281105, 5.26582050323, 1.33318126202, 0.54208111763, 0.365521281958, 0.13894572854, 0.0897825583816, 0.193895414472, 0.0216004159302, 0.00926114991307, 0.00543014286086, 0.00133130210452, 0.000378896656912, 0.000340752041666, 0.000131639215397, 9.06001587282e-05, 6.68142165523e-05, 5.29304597876e-05, 3.85170569643e-05, 2.27211039601e-05, 1.51620261022e-05, 1.04081227619e-05, 5.13542545377e-06, 1.68614417362e-06, 3.01879185827e-06, 7.06194987288e-06],
        "dvar": [0.00017391963047, 0.348928183317, 6.05288743973, 4.39786529541, 222.426467896, 344.734344482, 99.9281234741, 2404.72607422, 876.303527832, 31689.4296875, 18444.1855469, 8800.68652344, 474.078369141, 119.704666138, 574.849914551, 4129.43457031, 81.0950698853, 8.60373210907, 4.56437158585, 0.806645452976, 0.331827431917, 13.5036125183, 0.0775513350964, 0.0197407025844, 0.0177260432392, 0.000145822821651, 5.38868198419e-06, 5.11183679919e-06, 1.68193992067e-07, 6.98687045997e-08, 1.81747381589e-08, 1.21086243254e-08, 2.87398393972e-09, 7.52472306687e-10, 3.79215381319e-10, 1.66770416921e-10, 3.81266823668e-11, 2.62588410217e-12, 5.35949895575e-11, 2.99361507805e-10],
        "dvar2": [0.000246440264164, 0.591329038143, 14.4502372742, 11.0787210464, 699.77911377, 1137.0090332, 233.332489014, 4912.09472656, 1692.29638672, 57737.734375, 34967.3828125, 17485.3320312, 676.233825684, 251.747512817, 1137.36865234, 11997.6679688, 212.626937866, 15.0015945435, 9.30223178864, 1.45329856873, 0.629057765007, 22.440574646, 0.14329265058, 0.0350944437087, 0.0243159644306, 0.000253393605817, 1.09431575765e-05, 1.11558365461e-05, 4.4911155328e-07, 1.64540807646e-07, 4.57905748874e-08, 3.07997645166e-08, 7.54368922884e-09, 1.94152804944e-09, 9.44728184571e-10, 3.98475447083e-10, 8.51224021825e-11, 6.58462303779e-12, 1.07536618499e-10, 6.09282901909e-10],
        "max": [1.48007535934, 63.4429397583, 133.842437744, 57.5977325439, 422.596221924, 493.437103271, 573.526611328, 2578.96166992, 2078.34448242, 9341.70117188, 8575.13769531, 6865.66796875, 2660.3059082, 558.635253906, 1159.19238281, 4522.28808594, 502.560180664, 225.233032227, 83.1309356689, 60.2667808533, 33.8106460571, 397.33795166, 26.0620155334, 12.2248573303, 17.0170001984, 1.03360831738, 0.133689716458, 0.146994277835, 0.0212551765144, 0.0167394727468, 0.00636967876926, 0.00568457739428, 0.0019652703777, 0.000814873958007, 0.000709515705239, 0.000556027749553, 0.000240738532739, 5.88011898799e-05, 0.000291949458187, 0.000675876392052],
        "mean": [0.00964494794607, 0.433064341545, 2.51189494133, 2.04348921776, 9.0980463028, 13.346657753, 7.43914222717, 19.7904167175, 26.0969104767, 65.8826904297, 45.7494888306, 20.5066223145, 7.79813337326, 5.54419565201, 6.0941491127, 4.03542661667, 1.84593844414, 0.943607747555, 0.655193924904, 0.274702042341, 0.178112253547, 0.327855288982, 0.0341756604612, 0.0158587712795, 0.0103103658184, 0.00186698662583, 0.000474612810649, 0.000332399184117, 0.000161295116413, 0.000132822518935, 0.000107686610136, 9.37307122513e-05, 7.77684326749e-05, 5.51005796297e-05, 4.09219974244e-05, 2.92751792585e-05, 1.62188789545e-05, 5.43731403013e-06, 9.01413750398e-06, 1.86143442988e-05],
        "median": [0.00227767718025, 0.0467675179243, 0.383135646582, 0.55718755722, 1.62572872639, 3.06873822212, 1.70428407192, 2.33077025414, 3.99338889122, 5.75025463104, 2.61211037636, 1.04653549194, 0.63160431385, 0.546612501144, 0.220982030034, 0.080413877964, 0.0429016239941, 0.0288782436401, 0.00933956447989, 0.00455810455605, 0.00243268511258, 0.00121224403847, 0.000405464495998, 0.000261601235252, 0.000186195335118, 0.000119883392472, 0.000101908895886, 9.48234737734e-05, 8.75232144608e-05, 8.21169305709e-05, 7.56819063099e-05, 7.35473586246e-05, 6.68086577207e-05, 4.9338574172e-05, 3.64298648492e-05, 2.55727663898e-05, 1.42939243233e-05, 5.44688600712e-06, 4.02097111873e-06, 6.41040151095e-06],
        "min": [4.47993224551e-22, 5.22118462517e-21, 1.86508952512e-20, 5.51103008506e-20, 5.32730357749e-20, 1.5225538719e-19, 7.04280702079e-19, 1.19070725982e-18, 1.09468968528e-18, 7.21291981569e-19, 1.63967194499e-18, 2.93234162302e-18, 2.81186690271e-18, 2.02976453161e-18, 2.34879961527e-18, 3.09898542923e-18, 4.76626349319e-18, 7.39409470372e-18, 3.43222547875e-18, 3.86904880689e-18, 8.72699038173e-18, 1.20321303127e-17, 1.22212593695e-17, 1.2882923623e-17, 1.60442780568e-17, 2.09906460663e-17, 1.60159669732e-17, 1.7370263468e-17, 2.25159820051e-17, 2.4646519676e-17, 1.75020217591e-17, 1.70433153678e-17, 1.65662372952e-17, 1.29909633372e-17, 7.48978957442e-18, 6.16774733323e-18, 2.67797593324e-18, 1.31751704625e-18, 3.19766957557e-19, 3.58333898188e-20],
        "var": [0.0017575545935, 3.62668800354, 53.3358306885, 16.6446609497, 550.733520508, 954.109741211, 395.543273926, 8732.44140625, 5203.35986328, 103002.796875, 56237.1992188, 20805.8417969, 2422.2668457, 411.036407471, 1261.68884277, 2646.57763672, 132.184417725, 28.0797672272, 14.1562776566, 2.98668909073, 1.3074836731, 45.7721405029, 0.234685704112, 0.0598055124283, 0.0635264739394, 0.000417901464971, 1.13011274152e-05, 6.63479386276e-06, 1.84573735851e-07, 1.03159436549e-07, 3.14114032562e-08, 1.66187383854e-08, 5.86605430897e-09, 2.30002572543e-09, 1.31735855557e-09, 6.93082480296e-10, 2.08868491947e-10, 1.24397055157e-11, 2.91878826664e-10, 1.60096813584e-09]
    },
    "gfcc": {
        "mean": [-331.280883789, 209.989761353, -32.5806884766, -45.2606925964, -48.2622642517, -7.95600128174, -25.0238304138, -5.89170789719, -9.50780200958, -6.79806375504, -9.28041172028, -8.06954097748, -8.64071178436],
        "cov": [[27082.2988281, 12488.4150391, -978.049865723, -4076.33447266, -198.532562256, -1678.00012207, -916.584594727, -1363.27709961, 92.994758606, -1080.2265625, -41.2774391174, -946.070983887, -72.9763336182], [12488.4150391, 6379.10205078, 325.080627441, -1809.93017578, -257.455657959, -723.010070801, -377.174041748, -712.398254395, -67.7870330811, -567.591308594, -68.9898147583, -462.07800293, -40.5349197388], [-978.049865723, 325.080627441, 1422.32470703, 460.208770752, -261.80758667, 97.583366394, 165.522583008, -10.3342065811, -116.766288757, -32.9782333374, -60.3008575439, -38.7336082458, -40.5157966614], [-4076.33447266, -1809.93017578, 460.208770752, 981.660766602, 176.242996216, 275.466217041, 200.610778809, 250.378829956, -22.9300994873, 128.026031494, 1.58996534348, 142.24118042, -4.83817148209], [-198.532562256, -257.455657959, -261.80758667, 176.242996216, 344.467834473, 83.460899353, -5.47967576981, 24.6807556152, 27.8274383545, -17.1931095123, 9.05672836304, 22.8752632141, 15.8349628448], [-1678.00012207, -723.010070801, 97.583366394, 275.466217041, 83.460899353, 263.469146729, 135.611572266, 46.3778419495, -59.2126579285, 59.8708076477, -8.80113124847, 66.0386962891, 29.7238025665], [-916.584594727, -377.174041748, 165.522583008, 200.610778809, -5.47967576981, 135.611572266, 177.719284058, 97.661491394, -23.9395160675, 26.7017765045, -3.76599812508, 18.1037025452, 7.525431633], [-1363.27709961, -712.398254395, -10.3342065811, 250.378829956, 24.6807556152, 46.3778419495, 97.661491394, 235.336502075, 103.804450989, 73.1796951294, 10.5295000076, 61.47290802, -12.5547609329], [92.994758606, -67.7870330811, -116.766288757, -22.9300994873, 27.8274383545, -59.2126579285, -23.9395160675, 103.804450989, 163.788604736, 66.4211959839, 13.893445015, -8.03437137604, -13.2896757126], [-1080.2265625, -567.591308594, -32.9782333374, 128.026031494, -17.1931095123, 59.8708076477, 26.7017765045, 73.1796951294, 66.4211959839, 143.287948608, 47.5830154419, 39.0071716309, -6.02117061615], [-41.2774391174, -68.9898147583, -60.3008575439, 1.58996534348, 9.05672836304, -8.80113124847, -3.76599812508, 10.5295000076, 13.893445015, 47.5830154419, 76.3731536865, 43.1954345703, -9.1276807785], [-946.070983887, -462.07800293, -38.7336082458, 142.24118042, 22.8752632141, 66.0386962891, 18.1037025452, 61.47290802, -8.03437137604, 39.0071716309, 43.1954345703, 125.624954224, 37.981967926], [-72.9763336182, -40.5349197388, -40.5157966614, -4.83817148209, 15.8349628448, 29.7238025665, 7.525431633, -12.5547609329, -13.2896757126, -6.02117061615, -9.1276807785, 37.981967926, 76.2424621582]],
        "icov": [[0.0020589584019, -0.00416963314638, 0.00311014358886, -0.00186743866652, 0.00120915507432, 0.00117471290287, -0.00205014692619, 0.00232675578445, -0.00303021632135, 0.001915707835, -0.00216834526509, 0.00159974035341, -0.000268857605988], [-0.00416963314638, 0.00991977006197, -0.00809140317142, 0.00692961644381, -0.00493439333513, 0.000207299308386, 0.00207740603946, -0.0028815602418, 0.00525617785752, -0.00251722754911, 0.00424353173003, -0.00396441947669, 0.000887686037458], [0.00311014358886, -0.00809140317142, 0.00965715385973, -0.0105643281713, 0.0102164912969, -0.00456567155197, -0.000400690565584, 0.00494277197868, -0.00889689475298, 0.00861080922186, -0.00796150416136, 0.00673605734482, -0.00153154414147], [-0.00186743866652, 0.00692961644381, -0.0105643281713, 0.0172753874213, -0.0168569162488, 0.0114343333989, -0.00590240396559, -0.0047865496017, 0.0125949298963, -0.0149418292567, 0.0148706082255, -0.0123742716387, 0.00517692090943], [0.00120915507432, -0.00493439333513, 0.0102164912969, -0.0168569162488, 0.0235315077007, -0.0199272390455, 0.0117830494419, 0.00246068718843, -0.0167370438576, 0.0251423083246, -0.0241508446634, 0.0183039773256, -0.00792465731502], [0.00117471290287, 0.000207299308386, -0.00456567155197, 0.0114343333989, -0.0199272390455, 0.0347142219543, -0.0273646581918, 0.0116240028292, 0.0101720737293, -0.0268551986665, 0.0315575115383, -0.0263987760991, 0.0113355815411], [-0.00205014692619, 0.00207740603946, -0.000400690565584, -0.00590240396559, 0.0117830494419, -0.0273646581918, 0.0379430986941, -0.0254630893469, 0.00746178859845, 0.0136886211112, -0.0262443758547, 0.028049794957, -0.0158962588757], [0.00232675578445, -0.0028815602418, 0.00494277197868, -0.0047865496017, 0.00246068718843, 0.0116240028292, -0.0254630893469, 0.0365721099079, -0.026551483199, 0.00775694428012, 0.00902475137264, -0.0179058481008, 0.0124958790839], [-0.00303021632135, 0.00525617785752, -0.00889689475298, 0.0125949298963, -0.0167370438576, 0.0101720737293, 0.00746178859845, -0.026551483199, 0.0418046079576, -0.0339812859893, 0.0185901261866, -0.00375863886438, -0.000931487244088], [0.001915707835, -0.00251722754911, 0.00861080922186, -0.0149418292567, 0.0251423083246, -0.0268551986665, 0.0136886211112, 0.00775694428012, -0.0339812859893, 0.0579642392695, -0.0480884052813, 0.0285052992404, -0.0120061365888], [-0.00216834526509, 0.00424353173003, -0.00796150416136, 0.0148706082255, -0.0241508446634, 0.0315575115383, -0.0262443758547, 0.00902475137264, 0.0185901261866, -0.0480884052813, 0.0703313723207, -0.0487044043839, 0.0258089154959], [0.00159974035341, -0.00396441947669, 0.00673605734482, -0.0123742716387, 0.0183039773256, -0.0263987760991, 0.028049794957, -0.0179058481008, -0.00375863886438, 0.0285052992404, -0.0487044043839, 0.0527550242841, -0.0275250989944], [-0.000268857605988, 0.000887686037458, -0.00153154414147, 0.00517692090943, -0.00792465731502, 0.0113355815411, -0.0158962588757, 0.0124958790839, -0.000931487244088, -0.0120061365888, 0.0258089154959, -0.0275250989944, 0.0293901711702]]
    },
    "melbands": {
        "dmean": [7.41449621273e-05, 0.000297374092042, 0.00019326749316, 0.000344046362443, 0.000109918495582, 0.000168293016031, 0.000102777121356, 0.000283429428237, 0.000124004422105, 4.54806504422e-05, 9.70251221588e-06, 6.76064564686e-06, 9.56822441367e-06, 8.58450130181e-06, 4.09099629906e-06, 1.20407275972e-06, 7.15544160812e-07, 4.35620648886e-07, 1.92085636286e-07, 1.20627092315e-07, 6.71945414865e-08, 1.69906769543e-07, 3.47044313287e-08, 3.51128415232e-09, 6.66506450031e-09, 3.90191967625e-09, 1.768823088e-09, 4.69586813878e-10, 1.5828086064e-10, 1.47440906706e-10, 1.13789422329e-10, 4.74074529633e-11, 3.39757284806e-11, 3.02736342939e-11, 2.50148304848e-11, 2.22324745419e-11, 2.11904799263e-11, 1.75458172297e-11, 1.31141781462e-11, 1.17770706382e-11],
        "dmean2": [0.00010971143638, 0.000466934463475, 0.000311780138873, 0.00058654329041, 0.000183111973456, 0.000268557370873, 0.000150940250023, 0.000395508337533, 0.000156123700435, 5.56173108635e-05, 1.2032435734e-05, 9.142707313e-06, 1.27061066451e-05, 1.49513489305e-05, 6.76386525811e-06, 1.76174330591e-06, 9.98117343443e-07, 6.05523496233e-07, 2.79811899873e-07, 1.5922807961e-07, 9.73336895527e-08, 2.40256724737e-07, 5.28321351112e-08, 5.24337062657e-09, 8.59472049086e-09, 4.25238733115e-09, 2.16605400283e-09, 6.6662397824e-10, 2.46322878761e-10, 2.30570160187e-10, 1.90638185793e-10, 7.88106108152e-11, 5.74827963007e-11, 5.05518196747e-11, 4.20007396917e-11, 3.75026121269e-11, 3.61960565687e-11, 2.97166076468e-11, 2.22351113216e-11, 2.06927287805e-11],
        "dvar": [1.09612457777e-07, 1.19082778838e-06, 3.83103468948e-07, 1.88984529359e-06, 1.30406462517e-07, 9.70236897047e-07, 2.27765440286e-07, 4.70728127766e-06, 1.00432293948e-06, 2.56847471292e-07, 1.10328421954e-08, 1.86369364386e-09, 8.54184722954e-09, 2.39032207361e-08, 5.0773301119e-09, 1.11756277843e-10, 3.59290930341e-11, 1.3479788466e-11, 2.29333782867e-12, 1.6148917056e-12, 3.12788315214e-13, 2.03102742957e-11, 5.06020247405e-13, 3.9222127438e-15, 1.9292056288e-14, 1.27704294486e-14, 1.20656317562e-15, 2.6669586733e-17, 3.63698824912e-18, 4.09410728077e-18, 1.50727744865e-18, 6.53236678948e-20, 2.10210762833e-20, 2.76956645007e-20, 7.72714646626e-21, 3.78770889639e-21, 4.31285710985e-21, 1.82940282092e-21, 6.12694305403e-22, 4.17205258219e-22],
        "dvar2": [1.67119679872e-07, 2.63216224994e-06, 9.93855223896e-07, 6.40836015009e-06, 3.34258032808e-07, 1.99132136913e-06, 4.33132953503e-07, 8.30610588309e-06, 1.95988332052e-06, 5.09662072545e-07, 1.52836392431e-08, 4.08413081132e-09, 1.49608858635e-08, 6.90368366918e-08, 1.44315093209e-08, 2.52726645167e-10, 5.82612638689e-11, 2.72248092126e-11, 4.72280808211e-12, 2.94673812261e-12, 6.55081620459e-13, 3.36899605435e-11, 9.46385005952e-13, 8.40452263584e-15, 3.45421289499e-14, 1.72770750207e-14, 1.88858828139e-15, 5.49424314729e-17, 7.36582911501e-18, 7.89456544409e-18, 3.74103433529e-18, 1.71384326597e-19, 5.58667575208e-20, 6.19215709706e-20, 1.98733324873e-20, 9.70073882329e-21, 1.12414362234e-20, 4.98344895893e-21, 1.75298272221e-21, 1.21428902232e-21],
        "max": [0.0372325368226, 0.0825826227665, 0.0218866411597, 0.0408195219934, 0.0160040818155, 0.0523073673248, 0.0310361590236, 0.117943458259, 0.0652021244168, 0.0370322540402, 0.0132135031745, 0.00236430810764, 0.0054380572401, 0.0105865495279, 0.00481394305825, 0.000644853455015, 0.000515735475346, 0.000163542194059, 6.24806052656e-05, 7.89709738456e-05, 2.54289188888e-05, 0.000489021476824, 6.51814043522e-05, 5.66673816138e-06, 1.27779194372e-05, 1.45939384311e-05, 3.80302731173e-06, 2.88012898864e-07, 1.28961460177e-07, 1.76822425146e-07, 7.17052301979e-08, 1.27119257343e-08, 8.03384292425e-09, 1.20878560494e-08, 4.37327773994e-09, 2.02624605983e-09, 3.31317662194e-09, 2.07956385445e-09, 7.30612237376e-10, 4.35290220535e-10],
        "mean": [0.000227286014706, 0.00107331317849, 0.000523374881595, 0.000947230088059, 0.000308738526655, 0.000409857137129, 0.000410585431382, 0.000762154639233, 0.000330679438775, 0.000105406186776, 3.56254458893e-05, 2.25567655434e-05, 2.27959262702e-05, 1.16262008305e-05, 6.31079092273e-06, 2.83514987132e-06, 1.63429115219e-06, 1.03191655398e-06, 5.30838576651e-07, 2.90662882207e-07, 1.7259554852e-07, 4.06287227861e-07, 7.46326591639e-08, 8.29494961607e-09, 1.36212818802e-08, 7.88988785416e-09, 3.63330410202e-09, 7.54665663294e-10, 2.89301860246e-10, 2.17240989087e-10, 1.69881289591e-10, 8.71036368033e-11, 7.07217548412e-11, 6.85715165205e-11, 5.85945666987e-11, 5.16394080274e-11, 5.24816960723e-11, 4.93520398159e-11, 4.1462368261e-11, 3.750767405e-11],
        "median": [3.70269626728e-05, 0.000159103685291, 0.000139443669468, 0.000213773091673, 7.27308142814e-05, 4.67310092063e-05, 6.20787905063e-05, 5.9255897213e-05, 1.65328237927e-05, 4.42538430434e-06, 2.57428291661e-06, 2.01636885322e-06, 7.62422075695e-07, 2.37322026919e-07, 9.01916479279e-08, 7.12221250865e-08, 3.87683236625e-08, 1.14037623788e-08, 5.93556137574e-09, 3.37706596021e-09, 1.43146439147e-09, 1.12363129912e-09, 4.20816964608e-10, 2.07085834592e-10, 1.82426254658e-10, 1.29759356038e-10, 9.9111330254e-11, 6.87006493361e-11, 6.20666157358e-11, 5.28240125253e-11, 5.32568225631e-11, 4.8063355379e-11, 4.38726520391e-11, 4.38014485793e-11, 4.07165794136e-11, 3.98868507667e-11, 4.29910655686e-11, 4.38636661715e-11, 4.00939177692e-11, 3.6587170793e-11],
        "min": [5.51412431686e-24, 9.00925538784e-24, 8.24692624144e-24, 7.0655660151e-24, 1.88055367904e-23, 2.88612240576e-23, 1.55615908646e-23, 7.01608865913e-24, 1.58146164222e-23, 1.9803545232e-23, 1.433063022e-23, 8.28414233237e-24, 6.58117544258e-24, 9.53700806659e-24, 9.06731002843e-24, 1.15700619693e-23, 1.3394141885e-23, 4.881964714e-24, 4.90534655123e-24, 6.30130218734e-24, 1.2074777543e-23, 1.45649739736e-23, 8.70888870956e-24, 1.31684787567e-23, 9.96524278672e-24, 9.82419445686e-24, 1.34370496073e-23, 1.47595102283e-23, 9.68816643781e-24, 1.18058146285e-23, 9.11447838854e-24, 1.1433479381e-23, 1.7869991933e-23, 1.17225882253e-23, 1.07212776119e-23, 8.57607056553e-24, 1.12935291455e-23, 1.04446311922e-23, 1.26623668991e-23, 1.03092405728e-23],
        "var": [1.13185240025e-06, 1.1327851098e-05, 1.37541815093e-06, 4.66823803436e-06, 5.82740653954e-07, 3.4739689454e-06, 1.32756974836e-06, 1.53321198013e-05, 2.88526553049e-06, 6.0635909449e-07, 5.82336028288e-08, 6.64142518758e-09, 2.19177724858e-08, 1.58356883162e-08, 3.81987375064e-09, 3.10041270435e-10, 1.12604855995e-10, 3.81380586834e-11, 8.88484077977e-12, 4.89974640722e-12, 1.36743817224e-12, 6.93050408729e-11, 1.45336769963e-12, 1.01723515475e-14, 5.72651192958e-14, 4.61228277793e-14, 3.9276320606e-15, 4.85644785209e-17, 7.40181312601e-18, 6.48552572274e-18, 1.50457329183e-18, 6.87473490631e-20, 2.28718993663e-20, 4.10685060557e-20, 1.21309526499e-20, 5.2092514947e-21, 5.03557587781e-21, 2.49000084994e-21, 9.57001924491e-22, 6.97199559438e-22]
    },
    "mfcc": {
        "mean": [-932.688110352, 211.97756958, 70.2383270264, -3.21050834656, -9.32444286346, -5.27693986893, -5.59050369263, -3.56096148491, -1.25857830048, -0.7774066329, 0.0449870228767, 1.29030740261, 0.824855685234],
        "cov": [[8532.88769531, 7447.19580078, 458.891876221, -1193.07214355, -131.437210083, -113.207687378, -458.986877441, -370.549499512, -245.575454712, -232.299194336, -226.201690674, -184.298919678, -194.990188599], [7447.19580078, 6983.61376953, 1207.32141113, -810.093200684, -274.982330322, -123.757316589, -346.433532715, -321.163757324, -224.684066772, -209.229598999, -211.365341187, -197.711837769, -221.916687012], [458.891876221, 1207.32141113, 1455.0715332, 476.130096436, -227.654983521, -85.8106307983, 76.0153656006, 19.5641555786, -25.5826740265, -28.1939144135, -30.8633918762, -63.0401992798, -90.9872131348], [-1193.07214355, -810.093200684, 476.130096436, 589.158447266, 84.42943573, -45.4836044312, 97.0613479614, 124.808334351, 51.657245636, 18.6150512695, 31.2659091949, 28.230255127, 16.5252437592], [-131.437210083, -274.982330322, -227.654983521, 84.42943573, 212.756286621, 75.7930374146, 1.47520816326, 35.995639801, 32.9102287292, -2.11639857292, -4.13805961609, 18.0305786133, 27.1318855286], [-113.207687378, -123.757316589, -85.8106307983, -45.4836044312, 75.7930374146, 158.130996704, 93.0871200562, 9.34198284149, -1.28454911709, -5.54771327972, -27.8702602386, -28.2617301941, -6.44318628311], [-458.986877441, -346.433532715, 76.0153656006, 97.0613479614, 1.47520816326, 93.0871200562, 170.386795044, 93.0672912598, 6.43545198441, -10.8009195328, -14.8217563629, -23.7206401825, -11.9368505478], [-370.549499512, -321.163757324, 19.5641555786, 124.808334351, 35.995639801, 9.34198284149, 93.0672912598, 134.739944458, 69.6230621338, 0.164011061192, -5.1270198822, 7.07654333115, 6.77074384689], [-245.575454712, -224.684066772, -25.5826740265, 51.657245636, 32.9102287292, -1.28454911709, 6.43545198441, 69.6230621338, 103.72013092, 58.3739089966, 7.78746843338, 3.77121448517, 14.6715774536], [-232.299194336, -209.229598999, -28.1939144135, 18.6150512695, -2.11639857292, -5.54771327972, -10.8009195328, 0.164011061192, 58.3739089966, 97.0894012451, 59.93334198, 11.1987962723, 7.10063457489], [-226.201690674, -211.365341187, -30.8633918762, 31.2659091949, -4.13805961609, -27.8702602386, -14.8217563629, -5.1270198822, 7.78746843338, 59.93334198, 103.75088501, 76.5195083618, 21.2124481201], [-184.298919678, -197.711837769, -63.0401992798, 28.230255127, 18.0305786133, -28.2617301941, -23.7206401825, 7.07654333115, 3.77121448517, 11.1987962723, 76.5195083618, 117.396339417, 70.527633667], [-194.990188599, -221.916687012, -90.9872131348, 16.5252437592, 27.1318855286, -6.44318628311, -11.9368505478, 6.77074384689, 14.6715774536, 7.10063457489, 21.2124481201, 70.527633667, 95.7643966675]],
