{
"lowlevel": {
    "average_loudness": 0.61659693718,
    "barkbands_crest": {
        "dmean": 2.27410459518,
        "dmean2": 3.60863137245,
        "dvar": 6.20915079117,
        "dvar2": 16.4848155975,
        "max": 26.7180786133,
        "mean": 13.4978256226,
        "median": 12.2565059662,
        "min": 3.14062929153,
        "var": 31.3861865997
    },
    "barkbands_flatness_db": {
        "dmean": 0.0269871223718,
        "dmean2": 0.0384039469063,
        "dvar": 0.0010017916793,
        "dvar2": 0.00213748123497,
        "max": 0.641128718853,
        "mean": 0.256408572197,
        "median": 0.257329285145,
        "min": 0.0192755367607,
        "var": 0.0102968756109
    },
    "barkbands_kurtosis": {
        "dmean": 6.52590417862,
        "dmean2": 10.2871599197,
        "dvar": 307.768463135,
        "dvar2": 794.565490723,
        "max": 534.840942383,
        "mean": 12.0851125717,
        "median": 4.16484880447,
        "min": -1.8714812994,
        "var": 691.428039551
    },
    "barkbands_skewness": {
        "dmean": 0.652212321758,
        "dmean2": 0.994412243366,
        "dvar": 0.778178870678,
        "dvar2": 1.9362783432,
        "max": 17.8032875061,
        "mean": 2.19035696983,
        "median": 1.74972498417,
        "min": -3.09735965729,
        "var": 3.46646022797
    },
    "barkbands_spread": {
        "dmean": 3.30175757408,
        "dmean2": 5.15619945526,
        "dvar": 41.3528366089,
        "dvar2": 100.141876221,
        "max": 113.609260559,
        "mean": 10.1317386627,
        "median": 7.14958000183,
        "min": 0.0999050587416,
        "var": 106.224281311
    },
    "dissonance": {
        "dmean": 0.0302642248571,
        "dmean2": 0.0502042807639,
        "dvar": 0.000770576414652,
        "dvar2": 0.00199876027182,
        "max": 0.49999126792,
        "mean": 0.430941730738,
        "median": 0.440398544073,
        "min": 0.181452453136,
        "var": 0.00211631250568
    },
    "dynamic_complexity": 5.86544847488,
    "erbbands_crest": {
        "dmean": 2.47877120972,
        "dmean2": 3.8331952095,
        "dvar": 5.58036661148,
        "dvar2": 13.330078125,
        "max": 30.2437038422,
        "mean": 10.8545131683,
        "median": 9.92870616913,
        "min": 2.87065577507,
        "var": 20.1518707275
    },
    "erbbands_flatness_db": {
        "dmean": 0.0236388407648,
        "dmean2": 0.0307218655944,
        "dvar": 0.000837770639919,
        "dvar2": 0.0014098334359,
        "max": 0.42746463418,
        "mean": 0.23574256897,
        "median": 0.235571891069,
        "min": 0.0338176079094,
        "var": 0.0069865914993
    },
    "erbbands_kurtosis": {
        "dmean": 1.35385870934,
        "dmean2": 2.07708907127,
        "dvar": 3.21496033669,
        "dvar2": 7.42763519287,
        "max": 43.3249359131,
        "mean": 1.85684359074,
        "median": 0.813505649567,
        "min": -1.75215339661,
        "var": 12.5767526627
    },
    "erbbands_skewness": {
        "dmean": 0.376024931669,
        "dmean2": 0.562133252621,
        "dvar": 0.130387157202,
        "dvar2": 0.308074980974,
        "max": 4.89786958694,
        "mean": 0.828160524368,
        "median": 0.771047174931,
        "min": -1.93378257751,
        "var": 0.599109947681
    },
    "erbbands_spread": {
        "dmean": 5.87770366669,
        "dmean2": 8.84586429596,
        "dvar": 76.3033676147,
        "dvar2": 168.251266479,
        "max": 132.323867798,
        "mean": 23.965461731,
        "median": 17.98528862,
        "min": 1.99311971664,
        "var": 302.914642334
    },
    "hfc": {
        "dmean": 5.02305030823,
        "dmean2": 8.06963348389,
        "dvar": 141.798599243,
        "dvar2": 364.28225708,
        "max": 175.964859009,
        "mean": 13.8991622925,
        "median": 8.65007400513,
        "min": 1.13392009481e-16,
        "var": 278.238830566
    },
    "melbands_crest": {
        "dmean": 2.71304297447,
        "dmean2": 4.21167802811,
        "dvar": 7.86390638351,
        "dvar2": 20.5732593536,
        "max": 38.0318489075,
        "mean": 16.7069168091,
        "median": 15.3324222565,
        "min": 1.72671496868,
        "var": 46.6316947937
    },
    "melbands_flatness_db": {
        "dmean": 0.0287576187402,
        "dmean2": 0.041721958667,
        "dvar": 0.00121721602045,
        "dvar2": 0.00262224301696,
        "max": 0.822579324245,
        "mean": 0.360152810812,
        "median": 0.362662911415,
        "min": 0.00626211008057,
        "var": 0.0154065899551
    },
    "melbands_kurtosis": {
        "dmean": 7.98616600037,
        "dmean2": 12.5244960785,
        "dvar": 293.533050537,
        "dvar2": 708.002746582,
        "max": 428.961334229,
        "mean": 15.671877861,
        "median": 7.60632514954,
        "min": -1.4096133709,
        "var": 600.5234375
    },
    "melbands_skewness": {
        "dmean": 0.684927284718,
        "dmean2": 1.0408219099,
        "dvar": 0.73709499836,
        "dvar2": 1.798432827,
        "max": 14.1036691666,
        "mean": 2.56490254402,
        "median": 2.18130898476,
        "min": -1.44535720348,
        "var": 3.18721580505
    },
    "melbands_spread": {
        "dmean": 2.66459536552,
        "dmean2": 4.16571617126,
        "dvar": 18.5707626343,
        "dvar2": 44.9944381714,
        "max": 168.679168701,
        "mean": 10.1450195312,
        "median": 7.9186258316,
        "min": 0.266285151243,
        "var": 119.309684753
    },
    "pitch_salience": {
        "dmean": 0.063098795712,
        "dmean2": 0.0999142304063,
        "dvar": 0.00456062098965,
        "dvar2": 0.0113473813981,
        "max": 0.894236505032,
        "mean": 0.466599106789,
        "median": 0.488682031631,
        "min": 0.0484020002186,
        "var": 0.0261861458421
    },
    "silence_rate_20dB": {
        "dmean": 0.000621890532784,
        "dmean2": 0.0012438778067,
        "dvar": 0.000621540879365,
        "dvar2": 0.00186427228618,
        "max": 1,
        "mean": 0.999689102173,
        "median": 1,
        "min": 0,
        "var": 0.000310824427288
    },
    "silence_rate_30dB": {
        "dmean": 0.0435323379934,
        "dmean2": 0.0870714485645,
        "dvar": 0.0416353940964,
        "dvar2": 0.0928555801511,
        "max": 1,
        "mean": 0.902448475361,
        "median": 1,
        "min": 0,
        "var": 0.0880377292633
    },
    "silence_rate_60dB": {
        "dmean": 0.0256529841572,
        "dmean2": 0.0513099581003,
        "dvar": 0.0249992702156,
        "dvar2": 0.0542687065899,
        "max": 1,
        "mean": 0.173882633448,
        "median": 0,
        "min": 0,
        "var": 0.143678233027
    },
    "spectral_centroid": {
        "dmean": 119.337608337,
        "dmean2": 182.203491211,
        "dvar": 48650.7617188,
        "dvar2": 106050.203125,
        "max": 10737.3203125,
        "mean": 700.69934082,
        "median": 550.054382324,
        "min": 97.1608352661,
        "var": 293062.59375
    },
    "spectral_complexity": {
        "dmean": 2.03824615479,
        "dmean2": 3.32939434052,
        "dvar": 12.0444288254,
        "dvar2": 25.3685588837,
        "max": 56,
        "mean": 12.0553436279,
        "median": 11,
        "min": 0,
        "var": 57.7210845947
    },
    "spectral_decrease": {
        "dmean": 3.7993053148e-09,
        "dmean2": 6.15627060441e-09,
        "dvar": 6.43601242836e-17,
        "dvar2": 1.71777209677e-16,
        "max": 1.73524990695e-15,
        "mean": -1.12709477307e-08,
        "median": -7.76344144526e-09,
        "min": -1.10606926285e-07,
        "var": 1.6516353672e-16
    },
    "spectral_energy": {
        "dmean": 0.0146064097062,
        "dmean2": 0.0236535426229,
        "dvar": 0.000930263195187,
        "dvar2": 0.00248101865873,
        "max": 0.420024782419,
        "mean": 0.0437998324633,
        "median": 0.0309412255883,
        "min": 1.04909184515e-20,
        "var": 0.00242116395384
    },
    "spectral_energyband_high": {
        "dmean": 0.00029591540806,
        "dmean2": 0.000487775920192,
        "dvar": 9.91399701888e-07,
        "dvar2": 2.54133578892e-06,
        "max": 0.0147043131292,
        "mean": 0.000398111093091,
        "median": 1.0197818483e-05,
        "min": 7.72248145841e-21,
        "var": 1.2959886817e-06
    },
    "spectral_energyband_low": {
        "dmean": 0.012584798038,
        "dmean2": 0.0205756481737,
        "dvar": 0.0009623435908,
        "dvar2": 0.00257791439071,
        "max": 0.415272563696,
        "mean": 0.028026195243,
        "median": 0.00840168818831,
        "min": 6.53763994472e-23,
        "var": 0.00200811726972
    },
    "spectral_energyband_middle_high": {
        "dmean": 0.000841382425278,
        "dmean2": 0.00132306828164,
        "dvar": 3.30279499394e-06,
        "dvar2": 8.15015027911e-06,
        "max": 0.0410523451865,
        "mean": 0.00226546754129,
        "median": 0.00111480662599,
        "min": 1.71954855037e-21,
        "var": 1.00881425169e-05
    },
    "spectral_energyband_middle_low": {
        "dmean": 0.00438961712644,
        "dmean2": 0.00676068104804,
        "dvar": 6.0402759118e-05,
        "dvar2": 0.000151482701767,
        "max": 0.162535011768,
        "mean": 0.0139537816867,
        "median": 0.00897100940347,
        "min": 2.58512142022e-22,
        "var": 0.000221932888962
    },
    "spectral_entropy": {
        "dmean": 0.198311537504,
        "dmean2": 0.280697733164,
        "dvar": 0.0638747364283,
        "dvar2": 0.126348435879,
        "max": 9.79804039001,
        "mean": 6.60104322433,
        "median": 6.54956674576,
        "min": 4.47327375412,
        "var": 0.567707121372
    },
    "spectral_flux": {
        "dmean": 0.0251702666283,
        "dmean2": 0.039158012718,
        "dvar": 0.00195965543389,
        "dvar2": 0.00403469149023,
        "max": 0.568721354008,
        "mean": 0.06970205158,
        "median": 0.0543716624379,
        "min": 1.02425186388e-10,
        "var": 0.00492023210973
    },
    "spectral_kurtosis": {
        "dmean": 10.5007648468,
        "dmean2": 17.5421142578,
        "dvar": 210.483230591,
        "dvar2": 588.271728516,
        "max": 268.629089355,
        "mean": 27.7802639008,
        "median": 14.9309215546,
        "min": -1.21629345417,
        "var": 1098.07006836
    },
    "spectral_rms": {
        "dmean": 0.000849419389851,
        "dmean2": 0.00133940088563,
        "dvar": 1.88234878351e-06,
        "dvar2": 5.01318891111e-06,
        "max": 0.0202430300415,
        "mean": 0.00548495072871,
        "median": 0.00549422996119,
        "min": 3.19922538981e-12,
        "var": 1.26468385133e-05
    },
    "spectral_rolloff": {
        "dmean": 215.961212158,
        "dmean2": 381.956817627,
        "dvar": 510050.5625,
        "dvar2": 1388687.875,
        "max": 19056.8847656,
        "mean": 690.608703613,
        "median": 516.796875,
        "min": 43.06640625,
        "var": 1666355.5
    },
    "spectral_skewness": {
        "dmean": 0.682500183582,
        "dmean2": 1.11814236641,
        "dvar": 0.594774186611,
        "dvar2": 1.63866090775,
        "max": 13.1539907455,
        "mean": 3.36637735367,
        "median": 2.84681296349,
        "min": -0.0418373644352,
        "var": 4.07885885239
    },
    "spectral_spread": {
        "dmean": 682695.5625,
        "dmean2": 951504,
        "dvar": 1.59669144781e+12,
        "dvar2": 2.90939653325e+12,
        "max": 41078464,
        "mean": 2978118.25,
        "median": 2351406,
        "min": 365413.90625,
        "var": 5.04232725709e+12
    },
    "spectral_strongpeak": {
        "dmean": 0.332419395447,
        "dmean2": 0.558437943459,
        "dvar": 0.475784033537,
        "dvar2": 1.191229105,
        "max": 17.5331668854,
        "mean": 0.749679505825,
        "median": 0.483701854944,
        "min": 0,
        "var": 0.949448168278
    },
    "zerocrossingrate": {
        "dmean": 0.00595400249586,
        "dmean2": 0.00736229261383,
        "dvar": 9.82674246188e-05,
        "dvar2": 0.000137081762659,
        "max": 0.53564453125,
        "mean": 0.0299307480454,
        "median": 0.0224609375,
        "min": 0.001953125,
        "var": 0.00136714510154
    },
    "barkbands": {
        "dmean": [0.000679361808579, 0.0118278358132, 0.00159221084323, 0.000903942622244, 0.00150068476796, 0.00119703123346, 0.000847021117806, 0.00110314250924, 0.000709894113243, 0.00067823874997, 0.000188403646462, 8.20073764771e-05, 8.22195870569e-05, 0.000125852660858, 0.000133074965561, 8.97922946024e-05, 8.67604248924e-05, 0.000103626356577, 6.12873336649e-05, 0.00012627763499, 5.16943291586e-05, 3.68581349903e-05, 3.46547094523e-05, 2.97655933537e-05, 3.68595865439e-05, 5.55017286388e-05, 1.69798986462e-05],
        "dmean2": [0.000832186080515, 0.0197214148939, 0.00287538394332, 0.00160015642177, 0.00239622918889, 0.00166147551499, 0.00129718251992, 0.00154526671395, 0.00104561529588, 0.00100929639302, 0.000295150530292, 0.000135395705001, 0.000134642585181, 0.0002096863318, 0.000215133637539, 0.000146002857946, 0.000145441706991, 0.000175584165845, 0.000103631646198, 0.000209606369026, 8.25594252092e-05, 6.07701585977e-05, 5.82432330702e-05, 4.9157813919e-05, 6.28420311841e-05, 9.26095599425e-05, 2.78131337836e-05],
        "dvar": [3.08680864691e-06, 0.000922217674088, 4.87867619086e-05, 1.50713221956e-05, 9.28582994675e-06, 4.52820268038e-06, 2.68772259915e-06, 6.33866147837e-06, 7.29021394363e-06, 3.49178731085e-06, 2.58503092709e-07, 4.55201636385e-08, 9.05607748791e-08, 1.85100958561e-07, 1.01135974262e-07, 5.48031380276e-08, 7.0131207508e-08, 1.49794090021e-07, 7.13949930287e-08, 3.84278393994e-07, 4.69841161532e-08, 1.80004651185e-08, 1.55923931544e-08, 1.24660104461e-08, 2.20517311078e-08, 5.48388534583e-08, 5.02222485821e-09],
        "dvar2": [4.50576317235e-06, 0.00255582784303, 0.000144025689224, 4.14977948822e-05, 2.60162651102e-05, 8.9789791673e-06, 6.58470798953e-06, 1.1967028513e-05, 1.3847394257e-05, 7.34465811547e-06, 5.64832021155e-07, 1.1613763462e-07, 2.22550539775e-07, 4.94325490763e-07, 2.60385121464e-07, 1.40749392585e-07, 1.95741719722e-07, 3.97626592985e-07, 1.86920416922e-07, 1.02112244349e-06, 1.14386047301e-07, 4.57991404801e-08, 4.04377225038e-08, 3.1249516752e-08, 5.8570257977e-08, 1.37885706408e-07, 1.25588988098e-08],
        "max": [0.0342767499387, 0.402766287327, 0.0889549553394, 0.125310510397, 0.0508029609919, 0.0516865625978, 0.0315124429762, 0.0856398716569, 0.108466096222, 0.0606981888413, 0.0186621546745, 0.00996301323175, 0.014747033827, 0.0170272737741, 0.00830507371575, 0.00539234420285, 0.00567960646003, 0.00742402300239, 0.00559437274933, 0.0211405400187, 0.00327645614743, 0.00264793704264, 0.0019102912629, 0.00323519133963, 0.00265048863366, 0.00384768191725, 0.00123774423264],
        "mean": [0.00164999812841, 0.0237958915532, 0.00223669828847, 0.000839370302856, 0.00323743373156, 0.00301423994824, 0.00176284532063, 0.00258081057109, 0.00148013595026, 0.00117797742132, 0.000331875693519, 0.000134984918986, 0.000134652655106, 0.000184182223165, 0.000228271208471, 0.000150783511344, 0.000140838543302, 0.000145072466694, 8.06740426924e-05, 0.000204038893571, 7.64824217185e-05, 5.15730134794e-05, 3.98101765313e-05, 3.58051365765e-05, 3.24259963236e-05, 4.03486374125e-05, 1.26166632981e-05],
        "median": [0.000117124916869, 0.00583961652592, 0.000541061745025, 0.000231370344409, 0.00168009172194, 0.00125692645088, 0.000706352875568, 0.00111411872786, 0.000172780375578, 0.000352771981852, 0.000130830594571, 4.74136213597e-05, 3.40035803674e-05, 4.27593222412e-05, 5.9154961491e-05, 4.35840629507e-05, 2.30090572586e-05, 7.77527202445e-06, 7.06149739926e-06, 4.47466300102e-06, 1.309113145e-06, 9.51957986217e-07, 5.6242743085e-07, 3.44818033682e-07, 2.04627824019e-07, 7.58892682029e-08, 1.59438506842e-08],
        "min": [9.00061499434e-24, 4.20809519519e-23, 1.73483119055e-23, 1.07884577955e-24, 1.42627392727e-23, 4.39863129398e-23, 3.97993200894e-23, 7.19530444616e-23, 8.05079948541e-23, 6.30431445271e-23, 9.07213012634e-23, 5.69108932596e-23, 1.37008655199e-22, 1.59955243159e-22, 2.04120460286e-22, 8.8334719346e-23, 1.52396428452e-22, 1.29400211675e-22, 3.91037315733e-22, 4.03096285292e-22, 2.24208102729e-22, 5.86850414354e-22, 6.85388153363e-22, 9.1097202951e-22, 1.1660675834e-21, 1.93139625032e-21, 2.21119998799e-21],
        "var": [1.53792443598e-05, 0.00162232015282, 3.23593558278e-05, 1.01877703855e-05, 1.9427301595e-05, 2.05537562579e-05, 7.8429993664e-06, 2.54929746006e-05, 3.14107965096e-05, 9.21122773434e-06, 5.76462696245e-07, 9.03770214222e-08, 1.91003920236e-07, 2.92349369602e-07, 1.86687046266e-07, 1.10692106148e-07, 1.30984986413e-07, 1.89210140888e-07, 8.59725659552e-08, 9.7733277471e-07, 6.269706887e-08, 2.56653862607e-08, 1.67704587994e-08, 2.07620747261e-08, 1.92890343698e-08, 4.29737774255e-08, 4.05514422042e-09]
    },
    "erbbands": {
        "dmean": [0.492345362902, 2.27649068832, 2.23196983337, 2.3231241703, 3.41959905624, 5.36950445175, 6.71833133698, 10.6722354889, 17.7472133636, 19.2092933655, 12.822936058, 18.7546310425, 28.3910770416, 4.23645544052, 8.74425506592, 3.61937475204, 3.75796532631, 6.59763813019, 5.13752698898, 5.9481086731, 4.11000156403, 4.89231491089, 5.44064855576, 3.36605763435, 4.44154119492, 5.416847229, 3.49935555458, 1.59228682518, 1.10834228992, 1.40692818165, 0.929646670818, 0.637122094631, 0.493762850761, 0.345922589302, 0.288280397654, 0.272155821323, 0.0986045822501, 0.0181447640061, 0.00289062783122, 0.00019862462068],
        "dmean2": [0.83252042532, 3.75124812126, 3.8458313942, 4.1595249176, 5.8830447197, 8.38704586029, 10.7996025085, 14.9083356857, 25.5799198151, 27.3921928406, 18.7351436615, 26.8976650238, 42.7988357544, 6.5684928894, 13.7128133774, 5.87436294556, 6.13911819458, 11.0707712173, 8.32587146759, 9.61717414856, 6.599609375, 8.36801528931, 9.2476272583, 5.53393745422, 7.59755563736, 9.01368045807, 5.76088190079, 2.56481099129, 1.79056227207, 2.39116168022, 1.55300116539, 1.06884050369, 0.806856930256, 0.57747811079, 0.496196001768, 0.454723894596, 0.165343478322, 0.0301087219268, 0.00480036064982, 0.000322838110151],
        "dvar": [1.60259580612, 38.784828186, 75.4652404785, 92.5711669922, 103.89553833, 121.657302856, 257.831848145, 370.773162842, 1154.01147461, 2050.71313477, 623.473999023, 5579.62744141, 5959.64794922, 82.6819152832, 681.493103027, 96.0790939331, 211.156402588, 544.371887207, 198.620407104, 176.03918457, 110.286605835, 302.005523682, 396.291503906, 156.383148193, 543.15222168, 735.507568359, 204.965957642, 45.7268600464, 16.4731006622, 26.0325489044, 11.2103643417, 5.72674894333, 3.57929325104, 1.71269774437, 1.52171063423, 1.30919337273, 0.177614063025, 0.00596686638892, 0.000150324587594, 5.99146176228e-07],
        "dvar2": [4.62307929993, 104.57926178, 216.406616211, 261.379760742, 292.930114746, 326.284545898, 710.347595215, 769.527587891, 2510.68359375, 3957.25537109, 1351.14501953, 10175.0898438, 13182.1689453, 183.993103027, 1509.46508789, 242.001220703, 521.887145996, 1471.31481934, 505.358734131, 458.86618042, 278.65737915, 862.636169434, 1080.76159668, 397.293914795, 1461.26574707, 1914.46130371, 547.50970459, 111.405525208, 39.1773757935, 69.707244873, 29.0583438873, 14.795715332, 8.5386133194, 4.31939315796, 4.06318044662, 3.29942965508, 0.452073454857, 0.0151406805962, 0.00038440444041, 1.4727144162e-06],
        "max": [15.7489337921, 83.1354370117, 108.863960266, 235.868667603, 271.892669678, 219.339111328, 413.215179443, 378.940246582, 751.356018066, 1477.90722656, 680.217041016, 3066.32983398, 2549.94750977, 314.474243164, 977.032287598, 484.272186279, 792.295959473, 969.846252441, 415.244140625, 363.407775879, 324.807220459, 375.209381104, 317.51348877, 473.854888916, 366.495941162, 1029.50756836, 415.070922852, 111.169868469, 78.3815612793, 84.1586990356, 57.3890953064, 45.0781173706, 74.5744781494, 39.1161727905, 21.3566665649, 18.7799949646, 7.24947738647, 1.38677835464, 0.223305135965, 0.0127711668611],
        "mean": [0.815772891045, 4.70013666153, 4.15355873108, 2.5192501545, 5.16181755066, 11.2344589233, 13.354929924, 26.7894134521, 39.5716133118, 44.4956436157, 31.7858085632, 41.1090164185, 53.8561019897, 9.2414484024, 15.1138381958, 6.57153272629, 6.51093149185, 10.294631958, 9.26229763031, 11.2477674484, 7.83466768265, 7.6470580101, 7.83738136292, 5.41447973251, 5.03586244583, 8.68824481964, 5.88225746155, 2.35219907761, 1.68902301788, 1.75563466549, 1.06088590622, 0.725580394268, 0.615678012371, 0.380021333694, 0.215713873506, 0.197696194053, 0.0708591043949, 0.0132566699758, 0.00212677824311, 0.000188625825103],
        "median": [0.126723140478, 1.22589194775, 1.34214138985, 0.932304084301, 2.23611712456, 5.24189424515, 5.2769780159, 11.1108951569, 15.8242864609, 15.7645235062, 17.5581016541, 6.55606937408, 14.2015628815, 4.1653342247, 5.72780847549, 2.51716113091, 1.91124522686, 2.66595220566, 2.79328846931, 3.56556558609, 2.23018789291, 1.19364345074, 0.615205705166, 0.3921200037, 0.327297121286, 0.220621868968, 0.105869442225, 0.0441205315292, 0.0325257405639, 0.0257162023336, 0.015836276114, 0.00946235191077, 0.00441940361634, 0.00283507723361, 0.00112865807023, 0.000434951856732, 0.000147379250848, 2.48818778346e-05, 3.0742619856e-05, 4.51669548056e-05],
        "min": [9.53627568813e-22, 1.03846637091e-20, 2.24576288978e-20, 9.45552339252e-21, 2.36159741766e-20, 5.34908589258e-20, 1.6707580128e-19, 3.72185599769e-19, 5.10414020024e-19, 1.16183307297e-18, 1.8446510231e-18, 1.80929918487e-18, 1.72975294768e-18, 2.16193599938e-18, 3.68735155431e-18, 2.72001366556e-18, 5.48681225298e-18, 7.50964190912e-18, 8.50178384252e-18, 1.00618944543e-17, 5.31254928615e-18, 9.096609421e-18, 7.51030034489e-18, 1.85285528993e-17, 1.72000015738e-17, 1.8785486778e-17, 1.03532026506e-17, 1.05064668104e-17, 2.43956870814e-17, 1.95738213347e-17, 2.00579469861e-17, 1.98121601933e-17, 1.37672268471e-17, 1.2125290702e-17, 9.0734847598e-18, 6.25576224554e-18, 3.606948358e-18, 1.45259274515e-18, 3.17012213472e-19, 3.27797621147e-20],
        "var": [2.7154211998, 60.1151809692, 64.6877212524, 59.6184844971, 97.989692688, 278.799194336, 607.717712402, 1593.85229492, 3898.38110352, 8398.5078125, 2334.83398438, 24048.5507812, 17395.0839844, 247.306488037, 1469.83215332, 205.666656494, 412.171478271, 849.125549316, 362.1925354, 382.174194336, 304.534851074, 415.815948486, 453.502258301, 320.947387695, 492.519470215, 1684.45532227, 471.840698242, 62.5301628113, 29.1301403046, 30.4332199097, 11.9344234467, 7.32372760773, 7.17982339859, 2.52956962585, 1.09404933453, 1.01938843727, 0.136251121759, 0.00465895561501, 0.000116898336273, 5.03520880102e-07]
    },
    "gfcc": {
        "mean": [-111.305519104, 165.45173645, -95.2718429565, 2.47137546539, -41.8797950745, -7.04029846191, -24.5380706787, 3.85253810883, -5.33387422562, 0.780961751938, -8.70744895935, -3.48537778854, -0.0154291344807],
        "cov": [[23396.7382812, -4011.69018555, -2287.27807617, 2511.66796875, -1041.2532959, 1004.22137451, -115.538703918, 1128.82312012, 544.252868652, 551.544067383, 70.5395965576, 365.204101562, -275.13760376], [-4011.69018555, 3823.87524414, -653.170349121, -968.770080566, 677.244812012, -725.153991699, 306.226165771, -450.538024902, 140.264846802, -321.370056152, 211.316467285, -243.726547241, 374.439758301], [-2287.27807617, -653.170349121, 2060.36010742, 70.3984680176, 114.804397583, 570.968139648, 46.7579879761, 144.014587402, -45.9089851379, 140.429336548, 57.8414230347, 217.202575684, -154.757324219], [2511.66796875, -968.770080566, 70.3984680176, 968.411743164, -179.872528076, 372.841003418, 92.5131835938, 231.49432373, 112.654716492, 133.80065918, 92.6864624023, 58.4736442566, -31.8514575958], [-1041.2532959, 677.244812012, 114.804397583, -179.872528076, 454.719085693, -72.8843231201, 156.130981445, 7.19379472733, 89.9228286743, 1.46558725834, 61.9862174988, -7.10449409485, 43.5677528381], [1004.22137451, -725.153991699, 570.968139648, 372.841003418, -72.8843231201, 520.493408203, 39.180267334, 204.719558716, 84.2634887695, 99.9234085083, 66.3299789429, 99.6020812988, -82.8245697021], [-115.538703918, 306.226165771, 46.7579879761, 92.5131835938, 156.130981445, 39.180267334, 259.981384277, 46.3220710754, 70.1515045166, 38.7268791199, 78.3787765503, 4.86633825302, 24.7616271973], [1128.82312012, -450.538024902, 144.014587402, 231.49432373, 7.19379472733, 204.719558716, 46.3220710754, 240.704681396, 114.746871948, 70.9094924927, 22.2279090881, 74.3730926514, -54.7882575989], [544.252868652, 140.264846802, -45.9089851379, 112.654716492, 89.9228286743, 84.2634887695, 70.1515045166, 114.746871948, 206.980804443, 30.3202590942, 54.5128898621, 14.7061395645, 28.812297821], [551.544067383, -321.370056152, 140.429336548, 133.80065918, 1.46558725834, 99.9234085083, 38.7268791199, 70.9094924927, 30.3202590942, 162.110855103, 41.0934906006, 34.0468482971, -28.8287620544], [70.5395965576, 211.316467285, 57.8414230347, 92.6864624023, 61.9862174988, 66.3299789429, 78.3787765503, 22.2279090881, 54.5128898621, 41.0934906006, 176.889816284, 32.9358520508, 25.2753639221], [365.204101562, -243.726547241, 217.202575684, 58.4736442566, -7.10449409485, 99.6020812988, 4.86633825302, 74.3730926514, 14.7061395645, 34.0468482971, 32.9358520508, 128.016052246, -23.928850174], [-275.13760376, 374.439758301, -154.757324219, -31.8514575958, 43.5677528381, -82.8245697021, 24.7616271973, -54.7882575989, 28.812297821, -28.8287620544, 25.2753639221, -23.928850174, 127.895484924]],
        "icov": [[0.000122519064462, -5.95000456087e-05, 0.000280976964859, -0.000184698641533, 8.30445933389e-05, -0.000242076770519, 0.000145630780025, -0.000257486128248, 4.09532949561e-05, -0.000320063030813, 0.000170659346622, -0.000442326534539, 0.000210351790884], [-5.95000456087e-05, 0.00156469503418, -0.000293952936772, 0.0010005813092, -0.000658036384266, 0.000923375831917, -0.00130827038083, 0.00140004663263, -0.00158687774092, 0.00207160576247, -0.00202780170366, 0.00152008095756, -0.00163068366237], [0.000280976964859, -0.000293952936772, 0.00170675769914, -0.000258878048044, -0.000357751123374, -0.00207520881668, 0.000453887187177, -0.000147013604874, 0.000896054203622, -0.00129027164076, 0.000837840314489, -0.0022621776443, 0.00101141026244], [-0.000184698641533, 0.0010005813092, -0.000258878048044, 0.00284686428495, 0.000423956400482, -0.000270933960564, -0.00164925993886, -9.83217159956e-06, -0.000831437646411, 0.00097372737946, -0.00190252473112, 0.0018622088246, -0.00180458370596], [8.30445933389e-05, -0.000658036384266, -0.000357751123374, 0.000423956400482, 0.00438690464944, 0.000680587429088, -0.0014446915593, -0.00145440769847, -0.000916358781978, -0.000887332484126, 0.000134786649141, -9.17844590731e-05, 0.000343495688867], [-0.000242076770519, 0.000923375831917, -0.00207520881668, -0.000270933960564, 0.000680587429088, 0.00661621196195, -0.000906411849428, -0.00111262849532, -0.00208353972994, 0.00183877570089, -0.00247703352943, 0.0019949413836, -0.000304406130454], [0.000145630780025, -0.00130827038083, 0.000453887187177, -0.00164925993886, -0.0014446915593, -0.000906411849428, 0.00711935618892, -0.00178763503209, 0.00127345207147, -0.00242442800663, 0.00034455145942, -0.00093966384884, 0.000965713872574], [-0.000257486128248, 0.00140004663263, -0.000147013604874, -9.83217159956e-06, -0.00145440769847, -0.00111262849532, -0.00178763503209, 0.0133918160573, -0.00641789287329, 0.00106458750088, 0.000411310611526, -0.00252172467299, 0.00215735868551], [4.09532949561e-05, -0.00158687774092, 0.000896054203622, -0.000831437646411, -0.000916358781978, -0.00208353972994, 0.00127345207147, -0.00641789287329, 0.0111875720322, -0.00207557808608, 0.000670544221066, -0.000230268240557, -0.00158559519332], [-0.000320063030813, 0.00207160576247, -0.00129027164076, 0.00097372737946, -0.000887332484126, 0.00183877570089, -0.00242442800663, 0.00106458750088, -0.00207557808608, 0.0113213248551, -0.00416951626539, 0.0026497982908, -0.00131457438692], [0.000170659346622, -0.00202780170366, 0.000837840314489, -0.00190252473112, 0.000134786649141, -0.00247703352943, 0.00034455145942, 0.000411310611526, 0.000670544221066, -0.00416951626539, 0.0108909150586, -0.00476923165843, 0.00116785860155], [-0.000442326534539, 0.00152008095756, -0.0022621776443, 0.0018622088246, -9.17844590731e-05, 0.0019949413836, -0.00093966384884, -0.00252172467299, -0.000230268240557, 0.0026497982908, -0.00476923165843, 0.0149109922349, -0.00286911055446], [0.000210351790884, -0.00163068366237, 0.00101141026244, -0.00180458370596, 0.000343495688867, -0.000304406130454, 0.000965713872574, 0.00215735868551, -0.00158559519332, -0.00131457438692, 0.00116785860155, -0.00286911055446, 0.0135363275185]]
    },
    "melbands": {
        "dmean": [0.00369558529928, 0.00169323361479, 0.00044125833665, 0.000268353527645, 0.000266976974672, 0.000265067676082, 0.000240886743995, 0.000237042637309, 8.81347004906e-05, 0.000128609739477, 0.000139220355777, 1.43037150337e-05, 2.48410251515e-05, 1.5199815607e-05, 6.64832305119e-06, 8.84169912752e-06, 1.43181396197e-05, 7.67867550167e-06, 1.01696796264e-05, 8.31186207506e-06, 4.2693782234e-06, 5.26777557752e-06, 5.9837389017e-06, 3.9881806515e-06, 2.73830642072e-06, 2.64653817794e-06, 4.73591126138e-06, 3.29442991642e-06, 2.97707356367e-06, 1.1860278164e-06, 8.75799969435e-07, 6.10052438788e-07, 8.0822212567e-07, 7.796677437e-07, 5.67931920159e-07, 4.78889944588e-07, 3.59054240562e-07, 3.44103824546e-07, 3.25104707599e-07, 2.86858352183e-07],
        "dmean2": [0.00621506385505, 0.00277909007855, 0.000785309821367, 0.000444066070486, 0.000417337869294, 0.000366455293261, 0.000346160348272, 0.000334237789502, 0.000130672720843, 0.000185981363757, 0.000209790567169, 2.25073399633e-05, 3.89702472603e-05, 2.4182969355e-05, 1.08091735456e-05, 1.46302727444e-05, 2.40233857767e-05, 1.24954585772e-05, 1.63365075423e-05, 1.35551463245e-05, 6.8147815e-06, 8.95624543773e-06, 1.03442544059e-05, 6.62229604131e-06, 4.49100753031e-06, 4.56158522866e-06, 8.09914126876e-06, 5.40919108971e-06, 4.96353368362e-06, 1.94409858523e-06, 1.42361750477e-06, 9.90957573777e-07, 1.37197423555e-06, 1.33225000809e-06, 9.44430894378e-07, 8.13126291632e-07, 5.99756958763e-07, 5.61072624805e-07, 5.33698710115e-07, 4.85502084757e-07],
        "dvar": [9.01755338418e-05, 2.62765042862e-05, 2.96705388791e-06, 3.71757153061e-07, 3.65022884807e-07, 2.29908877714e-07, 2.0966282932e-07, 3.22972113054e-07, 3.13386010475e-08, 2.6316615731e-07, 1.43658340335e-07, 1.05280528739e-09, 4.72923256112e-09, 1.66789226874e-09, 5.43776690343e-10, 1.0271754558e-09, 2.73027800368e-09, 4.729988623e-10, 5.67553615216e-10, 4.17898826655e-10, 1.2754837464e-10, 3.21015075633e-10, 4.65990135368e-10, 2.13993364695e-10, 9.69294644548e-11, 1.77705850035e-10, 6.45450026759e-10, 2.46867332132e-10, 1.8528643897e-10, 2.43483913587e-11, 1.44513333591e-11, 4.6933589827e-12, 1.01971564873e-11, 7.8618717439e-12, 4.09873263801e-12, 3.07486848483e-12, 1.90857854694e-12, 1.67438621562e-12, 1.77209007017e-12, 1.16535231985e-12],
        "dvar2": [0.000255519669736, 6.98454896337e-05, 8.37675725052e-06, 1.04803052636e-06, 1.01177568013e-06, 4.60361803789e-07, 4.56884521327e-07, 6.11964537711e-07, 7.10793344183e-08, 4.83254780193e-07, 3.17001735084e-07, 2.43882758433e-09, 1.04476898244e-08, 3.87768173127e-09, 1.37792099952e-09, 2.50331377849e-09, 7.36296490444e-09, 1.20714371832e-09, 1.4601165832e-09, 1.08170405966e-09, 3.16746157081e-10, 9.05904296022e-10, 1.30623789563e-09, 5.51656775816e-10, 2.46791087566e-10, 4.83617756952e-10, 1.72935610276e-09, 6.40391184525e-10, 5.17647313902e-10, 6.01979091575e-11, 3.6436680062e-11, 1.07700116186e-11, 2.77501788909e-11, 2.09446800181e-11, 1.06612574671e-11, 7.93633735119e-12, 4.95962515848e-12, 3.96366489977e-12, 4.35909164667e-12, 3.00253572005e-12],
        "max": [0.119118489325, 0.0737647786736, 0.0442201122642, 0.00978692993522, 0.0123430658132, 0.0100488150492, 0.00992505066097, 0.0190391037613, 0.00493743317202, 0.0210299585015, 0.012528703548, 0.00115665304475, 0.00251553487033, 0.001332767657, 0.00112446304411, 0.00170862313826, 0.00214309594594, 0.000694746733643, 0.000620566192083, 0.00038856518222, 0.00034308078466, 0.000435598631157, 0.000342288200045, 0.000466021563625, 0.00041754427366, 0.000222331553232, 0.000561532971915, 0.000609857728705, 0.000457399641164, 0.000124728569062, 6.45672917017e-05, 5.52143792447e-05, 6.61535741528e-05, 4.37139096903e-05, 3.67103202734e-05, 2.83823064819e-05, 3.48817375198e-05, 5.42473171663e-05, 6.2960323703e-05, 2.70442196779e-05],
        "mean": [0.00703802844509, 0.00368207949214, 0.000522731570527, 0.000534354883712, 0.000549198477529, 0.000658747565467, 0.000546303926967, 0.000536515552085, 0.000211227190448, 0.000275243772194, 0.000259337655734, 2.87055154331e-05, 4.3675674533e-05, 2.65197486442e-05, 1.15208276839e-05, 1.42181961564e-05, 2.06842123589e-05, 1.30402368086e-05, 1.76024695975e-05, 1.41611226354e-05, 7.91750971985e-06, 8.02385238785e-06, 8.02674912848e-06, 5.99477152718e-06, 4.19790376327e-06, 2.87413399747e-06, 5.13477152708e-06, 5.86750002185e-06, 4.89854573971e-06, 1.70255646026e-06, 1.17252466225e-06, 8.95432833659e-07, 1.06322966076e-06, 9.16173178211e-07, 6.37163623196e-07, 5.04818956415e-07, 4.08788849882e-07, 4.31340254181e-07, 3.94026898221e-07, 2.93596770007e-07],
        "median": [0.00142983300611, 0.00116101105232, 0.000212557395571, 0.00028741726419, 0.000218357396079, 0.000273739220574, 0.000214377665543, 0.000177970403456, 0.000118353877042, 3.15971337841e-05, 6.86481507728e-05, 1.13124178824e-05, 1.74355154741e-05, 9.66946572589e-06, 4.13079169448e-06, 3.11319718094e-06, 4.56367479273e-06, 3.79329685529e-06, 4.80862490804e-06, 4.11467863159e-06, 1.88917374544e-06, 1.19509456908e-06, 7.4898633784e-07, 3.36041523497e-07, 2.87040080593e-07, 2.08031735838e-07, 1.80226919611e-07, 1.25564866948e-07, 7.02553180076e-08, 3.14755723707e-08, 2.18666968976e-08, 1.67833480447e-08, 1.72247744956e-08, 1.18994680776e-08, 8.97905483299e-09, 7.1727601636e-09, 4.68613237103e-09, 3.0590221467e-09, 2.29634511406e-09, 2.2872828076e-09],
        "min": [1.11665880152e-23, 1.30430041188e-23, 1.94787566034e-24, 3.13709313851e-24, 4.57126080243e-24, 8.68000930069e-24, 7.96812386487e-24, 1.37743333982e-23, 1.57176449066e-23, 1.01639923475e-23, 8.79945546351e-24, 8.93777670121e-24, 1.09993337261e-23, 8.56741360596e-24, 4.86675508132e-24, 1.75113804987e-23, 1.38390373474e-23, 1.44553522845e-23, 1.57388841976e-23, 9.69395352141e-24, 4.97604505442e-24, 8.92619227882e-24, 8.19830874385e-24, 5.92805698877e-24, 1.65360028988e-23, 1.35396094136e-23, 1.29065753584e-23, 1.20059328629e-23, 6.94764708699e-24, 5.52769982418e-24, 5.70420114083e-24, 1.43357104842e-23, 1.13147889469e-23, 1.12741578771e-23, 1.25314861975e-23, 9.80589130614e-24, 1.24252992088e-23, 1.02660709486e-23, 7.61831611823e-24, 1.1310455734e-23],
        "var": [0.00016075054009, 3.42609018844e-05, 1.97640883925e-06, 5.28913517428e-07, 8.87973669705e-07, 9.92292029878e-07, 7.47839862925e-07, 1.31126387259e-06, 1.02389769552e-07, 1.14720899091e-06, 4.10803011164e-07, 2.87288748346e-09, 1.04477839713e-08, 3.6278042792e-09, 9.23952747645e-10, 2.49557197129e-09, 4.10717415633e-09, 8.33923652355e-10, 1.10147935217e-09, 8.31920254907e-10, 3.77439024479e-10, 5.02941688296e-10, 4.70293470833e-10, 3.38422512236e-10, 2.14722212233e-10, 1.57818313973e-10, 6.92499779742e-10, 7.58540064094e-10, 4.47551745664e-10, 3.31281287125e-11, 1.84928218572e-11, 9.1662077234e-12, 1.17957674878e-11, 8.8934293957e-12, 4.40450367151e-12, 3.30633480664e-12, 2.56702731988e-12, 3.5648619473e-12, 3.25944783316e-12, 1.47321358671e-12]
    },
    "mfcc": {
        "mean": [-749.616149902, 188.374816895, 14.1206226349, 16.3437023163, 5.6886382103, -2.48664593697, -7.94390487671, 0.661666154861, 5.27873849869, 6.1561870575, -1.25421905518, 0.550188183784, 4.73155403137],
        "cov": [[16829.4082031, -1543.61425781, -1661.07897949, 946.723205566, -366.608062744, 96.0898361206, -171.359603882, 331.0703125, 319.988891602, 449.020568848, 559.460571289, 306.641357422, 114.42440033], [-1543.61425781, 2950.55712891, -550.734069824, -458.628570557, 98.9752960205, -191.856124878, -72.0230560303, -57.4003868103, -13.4599075317, -65.9699630737, -119.683769226, -29.7883968353, 130.032714844], [-1661.07897949, -550.734069824, 1239.19641113, 37.9797973633, 104.382354736, 228.861557007, 150.285385132, 86.2624282837, -30.2924537659, -76.1777420044, 68.4500732422, 33.1970062256, -38.9848670959], [946.723205566, -458.628570557, 37.9797973633, 616.672912598, 23.0292510986, 140.47756958, 168.670974731, 114.811897278, 85.3782424927, 101.533096313, 161.821762085, 100.848686218, 36.0493736267], [-366.608062744, 98.9752960205, 104.382354736, 23.0292510986, 221.909957886, 49.697517395, 30.9351139069, 62.4215965271, 44.2401275635, 39.2236099243, 13.1585407257, 58.1242713928, 39.2850112915], [96.0898361206, -191.856124878, 228.861557007, 140.47756958, 49.697517395, 207.6222229, 124.604804993, 73.5365829468, 37.6859893799, 50.2615814209, 97.9355926514, 50.9786949158, 3.3482632637], [-171.359603882, -72.0230560303, 150.285385132, 168.670974731, 30.9351139069, 124.604804993, 221.562484741, 59.3239746094, 3.00689220428, 42.8612365723, 82.8281021118, 65.6292495728, 31.5599021912], [331.0703125, -57.4003868103, 86.2624282837, 114.811897278, 62.4215965271, 73.5365829468, 59.3239746094, 214.41456604, 74.183013916, 35.1456336975, 108.883834839, 56.2044067383, 7.762342453], [319.988891602, -13.4599075317, -30.2924537659, 85.3782424927, 44.2401275635, 37.6859893799, 3.00689220428, 74.183013916, 156.022216797, 73.790222168, 41.9872322083, 28.7491989136, 15.6607551575], [449.020568848, -65.9699630737, -76.1777420044, 101.533096313, 39.2236099243, 50.2615814209, 42.8612365723, 35.1456336975, 73.790222168, 155.988082886, 61.7157707214, 31.0143890381, 21.3642578125], [559.460571289, -119.683769226, 68.4500732422, 161.821762085, 13.1585407257, 97.9355926514, 82.8281021118, 108.883834839, 41.9872322083, 61.7157707214, 210.74987793, 81.5460662842, 11.4342212677], [306.641357422, -29.7883968353, 33.1970062256, 100.848686218, 58.1242713928, 50.9786949158, 65.6292495728, 56.2044067383, 28.7491989136, 31.0143890381, 81.5460662842, 141.647964478, 66.2720794678], [114.42440033, 130.032714844, -38.9848670959, 36.0493736267, 39.2850112915, 3.3482632637, 31.5599021912, 7.762342453, 15.6607551575, 21.3642578125, 11.4342212677, 66.2720794678, 134.550109863]],
