{
"lowlevel": {
    "average_loudness": 0.85472881794,
    "barkbands_crest": {
        "dmean": 2.89505314827,
        "dmean2": 4.38060522079,
        "dvar": 8.26563549042,
        "dvar2": 17.7572669983,
        "max": 25.9362373352,
        "mean": 13.3369941711,
        "median": 12.3997058868,
        "min": 2.73309230804,
        "var": 25.6131515503
    },
    "barkbands_flatness_db": {
        "dmean": 0.0341711677611,
        "dmean2": 0.0504346936941,
        "dvar": 0.00121484801639,
        "dvar2": 0.0026647769846,
        "max": 0.398859679699,
        "mean": 0.180048540235,
        "median": 0.178924158216,
        "min": 0.0336656682193,
        "var": 0.00433507654816
    },
    "barkbands_kurtosis": {
        "dmean": 4.30226993561,
        "dmean2": 6.34924411774,
        "dvar": 52.6870155334,
        "dvar2": 107.554237366,
        "max": 227.662368774,
        "mean": 8.02434253693,
        "median": 4.77558755875,
        "min": -1.91025984287,
        "var": 121.49156189
    },
    "barkbands_skewness": {
        "dmean": 0.60647803545,
        "dmean2": 0.885503768921,
        "dvar": 0.423666477203,
        "dvar2": 0.849832236767,
        "max": 12.9379358292,
        "mean": 2.18542695045,
        "median": 1.925147295,
        "min": -11.7751655579,
        "var": 1.68092095852
    },
    "barkbands_spread": {
        "dmean": 5.54537963867,
        "dmean2": 8.74371147156,
        "dvar": 64.4841384888,
        "dvar2": 147.091598511,
        "max": 102.425827026,
        "mean": 15.3716011047,
        "median": 11.371805191,
        "min": 0.726576209068,
        "var": 146.107788086
    },
    "dissonance": {
        "dmean": 0.0238886531442,
        "dmean2": 0.0391298867762,
        "dvar": 0.000485095166368,
        "dvar2": 0.00122406787705,
        "max": 0.499999910593,
        "mean": 0.444888621569,
        "median": 0.45242229104,
        "min": 0.207248717546,
        "var": 0.00134945823811
    },
    "dynamic_complexity": 2.04062628746,
    "erbbands_crest": {
        "dmean": 2.40502476692,
        "dmean2": 3.74461197853,
        "dvar": 4.65472984314,
        "dvar2": 11.0303144455,
        "max": 27.0440425873,
        "mean": 9.24626159668,
        "median": 8.59659004211,
        "min": 2.24816560745,
        "var": 12.6937627792
    },
    "erbbands_flatness_db": {
        "dmean": 0.0225856415927,
        "dmean2": 0.0338126122952,
        "dvar": 0.000593300093897,
        "dvar2": 0.00125455413945,
        "max": 0.356322735548,
        "mean": 0.167785152793,
        "median": 0.160487323999,
        "min": 0.027927832678,
        "var": 0.00224972655997
    },
    "erbbands_kurtosis": {
        "dmean": 1.06366300583,
        "dmean2": 1.67689800262,
        "dvar": 1.89282572269,
        "dvar2": 4.54135227203,
        "max": 27.5104446411,
        "mean": 0.878018200397,
        "median": 0.263199329376,
        "min": -1.84830272198,
        "var": 4.82572889328
    },
    "erbbands_skewness": {
        "dmean": 0.362355023623,
        "dmean2": 0.554464101791,
        "dvar": 0.115617603064,
        "dvar2": 0.265001922846,
        "max": 4.80700016022,
        "mean": 0.740543603897,
        "median": 0.738401591778,
        "min": -3.21151566505,
        "var": 0.429356515408
    },
    "erbbands_spread": {
        "dmean": 8.5644569397,
        "dmean2": 13.2237291336,
        "dvar": 90.4104232788,
        "dvar2": 204.378295898,
        "max": 140.193710327,
        "mean": 36.5272941589,
        "median": 35.1302719116,
        "min": 2.97856068611,
        "var": 272.318450928
    },
    "hfc": {
        "dmean": 7.60999345779,
        "dmean2": 11.8918628693,
        "dvar": 147.450958252,
        "dvar2": 365.019042969,
        "max": 164.344573975,
        "mean": 19.5778045654,
        "median": 14.9073495865,
        "min": 1.19942088793e-16,
        "var": 258.371795654
    },
    "melbands_crest": {
        "dmean": 3.62277626991,
        "dmean2": 5.22225999832,
        "dvar": 11.5911531448,
        "dvar2": 24.8667926788,
        "max": 35.5693511963,
        "mean": 18.8058395386,
        "median": 17.7737579346,
        "min": 2.54682374001,
        "var": 50.3957748413
    },
    "melbands_flatness_db": {
        "dmean": 0.0381693616509,
        "dmean2": 0.0564596280456,
        "dvar": 0.00165074574761,
        "dvar2": 0.00347376288846,
        "max": 0.506167292595,
        "mean": 0.253301084042,
        "median": 0.252968162298,
        "min": 0.00545531325042,
        "var": 0.00690406141803
    },
    "melbands_kurtosis": {
        "dmean": 8.54012680054,
        "dmean2": 12.6242055893,
        "dvar": 187.254486084,
        "dvar2": 377.93081665,
        "max": 429.873535156,
        "mean": 18.4470252991,
        "median": 11.5352754593,
        "min": -1.65333783627,
        "var": 471.431945801
    },
    "melbands_skewness": {
        "dmean": 0.774564802647,
        "dmean2": 1.13122439384,
        "dvar": 0.680284619331,
        "dvar2": 1.33250284195,
        "max": 16.0215415955,
        "mean": 3.09965968132,
        "median": 2.72693610191,
        "min": -0.971665024757,
        "var": 2.85839128494
    },
    "melbands_spread": {
        "dmean": 5.31207084656,
        "dmean2": 8.37082195282,
        "dvar": 69.1005401611,
        "dvar2": 155.111923218,
        "max": 198.612945557,
        "mean": 14.611661911,
        "median": 10.7936811447,
        "min": 0.51128745079,
        "var": 162.466384888
    },
    "pitch_salience": {
        "dmean": 0.0757622867823,
        "dmean2": 0.117375001311,
        "dvar": 0.00644725281745,
        "dvar2": 0.0145802041516,
        "max": 0.859140634537,
        "mean": 0.461830884218,
        "median": 0.478995352983,
        "min": 0.0880149379373,
        "var": 0.0190152712166
    },
    "silence_rate_20dB": {
        "dmean": 0,
        "dmean2": 0,
        "dvar": 0,
        "dvar2": 0,
        "max": 1,
        "mean": 1,
        "median": 1,
        "min": 1,
        "var": 0
    },
    "silence_rate_30dB": {
        "dmean": 0.0651762709022,
        "dmean2": 0.130363747478,
        "dvar": 0.0609309449792,
        "dvar2": 0.116621993482,
        "max": 1,
        "mean": 0.85289311409,
        "median": 1,
        "min": 0,
        "var": 0.125468373299
    },
    "silence_rate_60dB": {
        "dmean": 0.000515907129738,
        "dmean2": 0.00103190296795,
        "dvar": 0.000515617721248,
        "dvar2": 0.00103076652158,
        "max": 1,
        "mean": 0.019602784887,
        "median": 0,
        "min": 0,
        "var": 0.0192186143249
    },
    "spectral_centroid": {
        "dmean": 237.684310913,
        "dmean2": 381.742889404,
        "dvar": 95969.4453125,
        "dvar2": 219975.296875,
        "max": 10579.1962891,
        "mean": 1023.40881348,
        "median": 859.193725586,
        "min": 209.329086304,
        "var": 346047.1875
    },
    "spectral_complexity": {
        "dmean": 4.0022354126,
        "dmean2": 6.31335449219,
        "dvar": 23.5646495819,
        "dvar2": 53.2323074341,
        "max": 50,
        "mean": 16.4070148468,
        "median": 15,
        "min": 0,
        "var": 51.8894081116
    },
    "spectral_decrease": {
        "dmean": 3.82906506502e-09,
        "dmean2": 5.15702947013e-09,
        "dvar": 2.91120856458e-17,
        "dvar2": 5.19818494902e-17,
        "max": 4.61944240862e-16,
        "mean": -1.35028725978e-08,
        "median": -9.34345933956e-09,
        "min": -6.51569607157e-08,
        "var": 1.30391471042e-16
    },
    "spectral_energy": {
        "dmean": 0.0147504387423,
        "dmean2": 0.0199743341655,
        "dvar": 0.000420909374952,
        "dvar2": 0.000753382628318,
        "max": 0.247603476048,
        "mean": 0.0527386851609,
        "median": 0.037180211395,
        "min": 1.05335852999e-20,
        "var": 0.00189079961274
    },
    "spectral_energyband_high": {
        "dmean": 0.000578573904932,
        "dmean2": 0.000940877071116,
        "dvar": 1.97738177121e-06,
        "dvar2": 4.81094411953e-06,
        "max": 0.0214178990573,
        "mean": 0.000772800587583,
        "median": 0.00022587874264,
        "min": 7.73219356046e-21,
        "var": 2.57162491835e-06
    },
    "spectral_energyband_low": {
        "dmean": 0.0125514389947,
        "dmean2": 0.0166242755949,
        "dvar": 0.000432615343016,
        "dvar2": 0.000756756926421,
        "max": 0.240377262235,
        "mean": 0.0320912674069,
        "median": 0.0154478000477,
        "min": 9.32095831286e-23,
        "var": 0.00172040029429
    },
    "spectral_energyband_middle_high": {
        "dmean": 0.00158468144946,
        "dmean2": 0.00242462498136,
        "dvar": 5.15659030498e-06,
        "dvar2": 1.21006360132e-05,
        "max": 0.0432982109487,
        "mean": 0.00417967280373,
        "median": 0.00281225703657,
        "min": 1.25888225645e-21,
        "var": 2.1326028218e-05
    },
    "spectral_energyband_middle_low": {
        "dmean": 0.00631102127954,
        "dmean2": 0.0102633135393,
        "dvar": 0.000104920822196,
        "dvar2": 0.000281920918496,
        "max": 0.146692678332,
        "mean": 0.0169320311397,
        "median": 0.0128469960764,
        "min": 2.49754271361e-22,
        "var": 0.000221364709432
    },
    "spectral_entropy": {
        "dmean": 0.274852395058,
        "dmean2": 0.424392670393,
        "dvar": 0.0891440957785,
        "dvar2": 0.205592498183,
        "max": 9.79617977142,
        "mean": 7.29783964157,
        "median": 7.36300802231,
        "min": 5.52046728134,
        "var": 0.296091347933
    },
    "spectral_flux": {
        "dmean": 0.0420206077397,
        "dmean2": 0.0625330433249,
        "dvar": 0.00243636639789,
        "dvar2": 0.00422058301046,
        "max": 0.483992546797,
        "mean": 0.0962535887957,
        "median": 0.0732748061419,
        "min": 1.02633256061e-10,
        "var": 0.00524462712929
    },
    "spectral_kurtosis": {
        "dmean": 2.76066803932,
        "dmean2": 4.60631132126,
        "dvar": 16.3833694458,
        "dvar2": 44.6438865662,
        "max": 59.1853561401,
        "mean": 5.72508955002,
        "median": 3.86831569672,
        "min": -1.16690611839,
        "var": 33.0677986145
    },
    "spectral_rms": {
        "dmean": 0.000955951400101,
        "dmean2": 0.00130238465499,
        "dvar": 1.33860021378e-06,
        "dvar2": 2.33503533309e-06,
        "max": 0.0155423413962,
        "mean": 0.00661932397634,
        "median": 0.00602273829281,
        "min": 3.20572431448e-12,
        "var": 7.63701245887e-06
    },
    "spectral_rolloff": {
        "dmean": 372.533935547,
        "dmean2": 641.774475098,
        "dvar": 697406.5,
        "dvar2": 1631119.375,
        "max": 19918.2128906,
        "mean": 871.248840332,
        "median": 559.86328125,
        "min": 64.599609375,
        "var": 1444588.625
    },
    "spectral_skewness": {
        "dmean": 0.329229325056,
        "dmean2": 0.531775593758,
        "dvar": 0.142918586731,
        "dvar2": 0.356006234884,
        "max": 6.11307144165,
        "mean": 1.74454379082,
        "median": 1.60734522343,
        "min": -0.169756621122,
        "var": 0.438842892647
    },
    "spectral_spread": {
        "dmean": 700121.75,
        "dmean2": 1066035.875,
        "dvar": 819099664384,
        "dvar2": 1.56991763251e+12,
        "max": 40618472,
        "mean": 4430985.5,
        "median": 4214241.5,
        "min": 1238922.375,
        "var": 2.71119233843e+12
    },
    "spectral_strongpeak": {
        "dmean": 0.321931630373,
        "dmean2": 0.540999054909,
        "dvar": 0.261784285307,
        "dvar2": 0.632485508919,
        "max": 9.24481964111,
        "mean": 0.792723596096,
        "median": 0.612338006496,
        "min": 0,
        "var": 0.473960548639
    },
    "zerocrossingrate": {
        "dmean": 0.0099954912439,
        "dmean2": 0.0116875525564,
        "dvar": 0.000163927281392,
        "dvar2": 0.000210738857277,
        "max": 0.81591796875,
        "mean": 0.0396417528391,
        "median": 0.03125,
        "min": 0.001953125,
        "var": 0.00120127259288
    },
    "barkbands": {
        "dmean": [0.000920045364182, 0.0114890951663, 0.00404867436737, 0.00215677614324, 0.00261009833775, 0.00181347399484, 0.00111298065167, 0.000657665310428, 0.000792553299107, 0.000457437156001, 0.000258898799075, 0.000440749718109, 0.000300324201817, 0.000253071921179, 0.000208841898711, 0.00012964157213, 0.000145646830788, 8.69208161021e-05, 0.000164329947438, 0.000115924565762, 0.000103878766822, 0.000129435313283, 0.000123298887047, 0.000115381299111, 8.24971866678e-05, 1.33969360832e-05, 3.84729673897e-06],
        "dmean2": [0.00113545998465, 0.016147037968, 0.00732768280432, 0.00387772382237, 0.00393701251596, 0.00287021906115, 0.00169350777287, 0.000937088392675, 0.00114662991837, 0.000636420911178, 0.000385038758395, 0.000682531506754, 0.000477796013001, 0.000424954778282, 0.000345971056959, 0.000215185471461, 0.000240544846747, 0.000140557385748, 0.000260226457613, 0.000195178770809, 0.000169983162777, 0.000214863859583, 0.000199270099984, 0.00019171621534, 0.000141737604281, 2.24867198995e-05, 6.57243481328e-06],
        "dvar": [2.83232702714e-06, 0.000495181418955, 0.000175679640961, 3.86937717849e-05, 2.30854802794e-05, 1.38858204082e-05, 2.86013505502e-06, 9.62761532719e-07, 1.00001284409e-06, 8.29999976304e-07, 2.53243314319e-07, 7.91704451331e-07, 6.30516979072e-07, 4.97317557802e-07, 1.27398905647e-07, 4.92725114043e-08, 5.85421631172e-08, 1.95199056918e-08, 7.36508312116e-08, 5.37212123675e-08, 7.81009248385e-08, 1.46963571979e-07, 9.97006708303e-08, 7.75222517291e-08, 3.94802377457e-08, 1.112898107e-09, 1.22724400087e-10],
        "dvar2": [5.76091906623e-06, 0.000980794080533, 0.000492672144901, 0.000109474887722, 5.56454688194e-05, 3.54750445695e-05, 6.91631703376e-06, 1.88605247331e-06, 2.05274204745e-06, 1.52998029535e-06, 5.10693837441e-07, 1.80008578354e-06, 1.48292770064e-06, 1.34624542625e-06, 3.19172784202e-07, 1.26765542063e-07, 1.4533870285e-07, 4.79104826923e-08, 1.72838340973e-07, 1.34484849923e-07, 1.92634473706e-07, 3.60143928901e-07, 2.22193065724e-07, 1.86467687513e-07, 1.03437763244e-07, 2.82835910248e-09, 3.22650017814e-10],
        "max": [0.0192029755563, 0.237432360649, 0.0988043919206, 0.118365958333, 0.131787896156, 0.0601241737604, 0.0279913134873, 0.0213475767523, 0.0272649396211, 0.0313691720366, 0.0121172582731, 0.0186151918024, 0.0295085087419, 0.0299482438713, 0.00828173663467, 0.00677907280624, 0.00607508141547, 0.00361565360799, 0.00639713415876, 0.00802096258849, 0.00345359160565, 0.00544888200238, 0.0111146289855, 0.00806252099574, 0.00245594861917, 0.000553262769245, 0.000140586445923],
        "mean": [0.00181454455014, 0.0260507818311, 0.00303417048417, 0.00223176693544, 0.00607392052189, 0.00320440414362, 0.00214161723852, 0.0014495421201, 0.00177980342414, 0.00112087023444, 0.000444578501629, 0.000625864893664, 0.00042033669888, 0.000303799955873, 0.000292675918899, 0.000180255447049, 0.000213707215153, 0.000135371068609, 0.000324984168401, 0.000208889294299, 0.000143199838931, 0.000149349565618, 0.000146998427226, 0.000142499484355, 8.98541329661e-05, 1.18285461213e-05, 3.04949162455e-06],
        "median": [0.000463400996523, 0.0121652409434, 0.000273934740108, 0.000476252287626, 0.00307642086409, 0.00125917093828, 0.00123769999482, 0.000853984383866, 0.00114383583423, 0.000294082681648, 0.000142285352922, 0.000272844947176, 0.000150572290295, 0.000132022643811, 0.00016088821576, 9.03190230019e-05, 0.000114257527457, 6.73991817166e-05, 0.000110961052997, 6.0395374021e-05, 4.7012570576e-05, 3.7605776015e-05, 3.50515183527e-05, 2.53309572145e-05, 1.45434732985e-05, 1.37402571454e-06, 1.75518565015e-07],
        "min": [9.2961230783e-24, 7.61196815452e-23, 6.48665491778e-24, 1.35214056593e-23, 3.86345133203e-23, 1.54051818352e-23, 5.33908570609e-23, 7.01255882212e-23, 4.61288812465e-23, 4.17553606573e-23, 8.61341192757e-23, 3.73403396736e-23, 6.24040788414e-23, 1.18124587306e-22, 8.92016269938e-23, 7.71728928952e-23, 1.65869503759e-22, 1.61159373066e-22, 3.43670269964e-22, 2.65551532843e-22, 3.25772366554e-22, 6.56973610749e-22, 7.07112196246e-22, 9.59302823492e-22, 1.26001145088e-21, 1.53191607818e-21, 2.28011063575e-21],
        "var": [9.62362901191e-06, 0.00138262019027, 0.00011172703671, 3.76491880161e-05, 8.04366209195e-05, 2.83508979919e-05, 6.88473892296e-06, 3.2960176668e-06, 3.92158744944e-06, 6.34281423117e-06, 6.92062826602e-07, 1.19415699373e-06, 9.15494581477e-07, 4.30362860016e-07, 1.67387739225e-07, 7.81391449323e-08, 8.9489532229e-08, 3.7436290512e-08, 3.57272625706e-07, 2.59297877392e-07, 9.31048447228e-08, 1.54055456392e-07, 1.66136118196e-07, 1.28921129772e-07, 4.22421031487e-08, 1.02773733968e-09, 9.26593107797e-11]
    },
    "erbbands": {
        "dmean": [0.502502977848, 2.38789772987, 4.02597427368, 6.72795963287, 7.13841485977, 8.90075683594, 14.5121307373, 13.2965497971, 15.4464206696, 13.7500619888, 16.0886268616, 16.6357421875, 11.0816335678, 12.3793478012, 9.95140838623, 15.0472698212, 15.5535268784, 8.47660541534, 12.3409519196, 10.4153108597, 7.59005355835, 8.05087947845, 4.94931840897, 6.87879896164, 8.25759983063, 5.37019205093, 4.91169881821, 3.84463143349, 5.47757768631, 2.99453735352, 3.73878979683, 2.69808840752, 1.88950228691, 1.4175567627, 0.268454581499, 0.0712992176414, 0.0265631955117, 0.00488482415676, 0.000784167379607, 3.08060698444e-05],
        "dmean2": [0.622588217258, 3.5862326622, 6.8543753624, 12.2426319122, 11.7053537369, 13.3683977127, 22.4338645935, 20.7031955719, 24.1170940399, 19.7844486237, 22.7305545807, 24.0507736206, 15.5572891235, 17.7152290344, 15.0550956726, 23.3594036102, 24.422416687, 14.0894641876, 20.6070079803, 16.9632015228, 12.7303752899, 13.2485170364, 7.9584774971, 11.2566022873, 13.1587266922, 8.87035274506, 8.01718997955, 6.36571264267, 9.23020935059, 4.77058267593, 6.13787508011, 4.52605199814, 3.13044762611, 2.44484448433, 0.451716214418, 0.118943035603, 0.0449023097754, 0.00833767466247, 0.00133484310936, 4.77873836644e-05],
        "dvar": [0.721445262432, 24.5458698273, 138.049026489, 436.932403564, 331.516876221, 323.56829834, 708.809204102, 772.31854248, 700.199462891, 498.274902344, 460.155517578, 498.183288574, 333.690429688, 619.754821777, 310.503875732, 928.598022461, 1587.91638184, 337.894165039, 764.67791748, 311.493927002, 180.447769165, 190.473754883, 55.023059845, 140.100265503, 213.515655518, 119.035675049, 119.744689941, 144.225326538, 296.307128906, 63.9114646912, 94.4891891479, 46.2953872681, 21.358631134, 11.8572397232, 0.364526897669, 0.0320635885, 0.00460328487679, 0.000166715937667, 5.48466960026e-06, 2.84588597133e-09],
        "dvar2": [1.04627788067, 56.2515525818, 362.402008057, 1253.97851562, 840.884399414, 701.786132812, 1853.17980957, 1864.34899902, 1727.26403809, 1080.64074707, 940.86895752, 991.836547852, 622.612792969, 1146.34765625, 660.557617188, 2132.96069336, 3686.72827148, 887.850708008, 2065.65087891, 755.036804199, 470.085174561, 475.925415039, 127.528213501, 343.933258057, 513.347900391, 294.068359375, 295.206573486, 354.743133545, 740.431274414, 138.636444092, 216.202209473, 109.464241028, 52.8315582275, 31.0892543793, 0.934695243835, 0.0812636837363, 0.0118215279654, 0.000434816611232, 1.43927854879e-05, 7.32859062325e-09],
        "max": [11.8851070404, 50.193447113, 90.2387924194, 326.36050415, 477.470306396, 579.744445801, 567.102600098, 573.516967773, 456.760437012, 472.498657227, 426.446899414, 733.771789551, 622.534790039, 1028.4519043, 408.862731934, 503.352935791, 1344.88220215, 623.979431152, 1007.00219727, 518.198120117, 435.661682129, 419.321777344, 187.597442627, 262.124908447, 425.685302734, 280.719207764, 197.753723145, 152.372817993, 219.201400757, 351.022399902, 352.619110107, 232.571075439, 98.8260879517, 45.0719680786, 10.3199520111, 3.3635866642, 0.999215662479, 0.135616600513, 0.0358162894845, 0.000731990730856],
        "mean": [1.1715400219, 4.15418672562, 3.73566126823, 6.28005123138, 12.9729633331, 19.811214447, 28.3177204132, 24.9756278992, 28.4176826477, 31.0709877014, 39.5658683777, 37.281162262, 26.3042602539, 32.6198883057, 18.6672115326, 22.3376903534, 23.1241645813, 11.0783996582, 16.3521442413, 15.2631072998, 10.6953325272, 12.1334953308, 8.33915996552, 11.7238616943, 17.5923690796, 10.1644334793, 7.36393785477, 4.70653438568, 5.98148393631, 3.92939066887, 4.34730958939, 3.06907010078, 2.39692258835, 1.56227779388, 0.287734091282, 0.0650904476643, 0.0233785193413, 0.00419675372541, 0.000641427002847, 7.31003528927e-05],
        "median": [0.499933511019, 1.87079918385, 0.675623357296, 1.50741255283, 3.80050134659, 9.24736785889, 13.9659566879, 9.55663967133, 14.4678688049, 17.8691444397, 26.3106861115, 23.7031040192, 12.3436870575, 11.4368782043, 9.13931941986, 10.6205825806, 9.12351226807, 5.62896823883, 8.5972442627, 8.25797653198, 5.72143983841, 6.62200260162, 4.6073384285, 5.03677988052, 5.20788431168, 3.03884363174, 2.35006475449, 1.40540289879, 1.45716428757, 0.940323829651, 1.04209339619, 0.577274739742, 0.406270891428, 0.25667822361, 0.0494713149965, 0.009556398727, 0.00265446933918, 0.000332126335707, 7.706341421e-05, 5.0358754379e-05],
        "min": [3.27593592687e-21, 1.21367211038e-20, 1.2471278503e-20, 1.86910894435e-20, 8.89226525572e-20, 7.65777121602e-20, 2.264273027e-19, 1.81751226117e-19, 9.58620749261e-19, 8.89644536125e-19, 1.13155298928e-18, 1.26303624278e-18, 1.07415957946e-18, 2.15309219786e-18, 2.78098432133e-18, 1.64340159898e-18, 2.83907328664e-18, 5.59409344252e-18, 3.93324133115e-18, 5.63629785173e-18, 7.07936985143e-18, 7.61198813913e-18, 8.43175886776e-18, 1.01534070998e-17, 2.04482091448e-17, 1.26545688344e-17, 1.10612948975e-17, 1.72315717491e-17, 2.48944075076e-17, 1.95526769438e-17, 2.12911310044e-17, 1.61501489034e-17, 1.96755215366e-17, 1.47981867123e-17, 8.10233584317e-18, 5.62700985423e-18, 3.19506266417e-18, 1.15881220938e-18, 3.26503826658e-19, 3.2378030218e-20],
        "var": [3.01047444344, 41.4813194275, 107.17137146, 304.765441895, 973.835510254, 1134.89221191, 1654.56567383, 1830.25891113, 1586.63867188, 1384.56750488, 1618.19482422, 2123.91259766, 1759.78710938, 5652.65136719, 789.91204834, 1353.91784668, 2384.38769531, 339.673065186, 744.38293457, 494.445709229, 272.44921875, 295.35244751, 110.634765625, 381.667388916, 1276.8984375, 583.295410156, 203.343139648, 140.292358398, 278.198028564, 114.59122467, 150.866622925, 77.734413147, 32.6328964233, 13.1168928146, 0.387034446001, 0.0292314235121, 0.00428028265014, 0.000143929486512, 4.05045830121e-06, 3.89923338062e-09]
    },
    "gfcc": {
        "mean": [-3.41141724586, 115.280769348, -111.854560852, 31.6804447174, -62.310760498, 10.7702131271, -30.7998428345, 10.4816551208, -11.4967594147, 0.903387725353, -2.4926609993, -2.63836216927, 0.15466094017],
        "cov": [[6755.31201172, -1397.4732666, 374.568969727, 520.991333008, -128.326507568, 831.061035156, -80.6674118042, 432.965209961, -197.490707397, 438.379760742, 70.7958297729, 157.123321533, -167.207611084], [-1397.4732666, 2013.24499512, 29.9548492432, 70.3933181763, 480.082336426, -394.204528809, 302.397705078, -105.702270508, 305.663024902, -205.542495728, 35.6644134521, -136.601028442, 141.710678101], [374.568969727, 29.9548492432, 522.39440918, 131.76335144, 157.768203735, 139.8671875, 17.0871238708, 77.4281005859, 72.873588562, 74.7080993652, 2.16466498375, 25.1436481476, -25.2325344086], [520.991333008, 70.3933181763, 131.76335144, 368.679870605, 152.435562134, 76.3893890381, 79.2952575684, 54.5803833008, 35.9287948608, 25.0469856262, 37.2184715271, -30.3912677765, -4.49463844299], [-128.326507568, 480.082336426, 157.768203735, 152.435562134, 391.693725586, 38.9849967957, 157.901016235, 45.0754699707, 124.618980408, 14.3199310303, 27.6108493805, -28.3591861725, 12.3933334351], [831.061035156, -394.204528809, 139.8671875, 76.3893890381, 38.9849967957, 412.210906982, 106.726020813, 134.273269653, -32.7064208984, 118.632606506, 74.6114959717, 34.4809074402, -17.5270729065], [-80.6674118042, 302.397705078, 17.0871238708, 79.2952575684, 157.901016235, 106.726020813, 336.372375488, 88.8909072876, 81.6787109375, 3.78370833397, 56.0490608215, -18.2063655853, 36.8018341064], [432.965209961, -105.702270508, 77.4281005859, 54.5803833008, 45.0754699707, 134.273269653, 88.8909072876, 189.394042969, 38.7131156921, 72.9682693481, 46.7839202881, -2.70790410042, 18.2300872803], [-197.490707397, 305.663024902, 72.873588562, 35.9287948608, 124.618980408, -32.7064208984, 81.6787109375, 38.7131156921, 180.447845459, 11.1198759079, 13.7383003235, 7.90274477005, 9.03736591339], [438.379760742, -205.542495728, 74.7080993652, 25.0469856262, 14.3199310303, 118.632606506, 3.78370833397, 72.9682693481, 11.1198759079, 142.098587036, 65.4405288696, 31.9048900604, 7.08722639084], [70.7958297729, 35.6644134521, 2.16466498375, 37.2184715271, 27.6108493805, 74.6114959717, 56.0490608215, 46.7839202881, 13.7383003235, 65.4405288696, 143.923980713, 29.5990142822, 51.967754364], [157.123321533, -136.601028442, 25.1436481476, -30.3912677765, -28.3591861725, 34.4809074402, -18.2063655853, -2.70790410042, 7.90274477005, 31.9048900604, 29.5990142822, 115.175010681, 8.03185081482], [-167.207611084, 141.710678101, -25.2325344086, -4.49463844299, 12.3933334351, -17.5270729065, 36.8018341064, 18.2300872803, 9.03736591339, 7.08722639084, 51.967754364, 8.03185081482, 119.95072937]],
        "icov": [[0.000356905715307, -0.000346690037986, 0.000166151628946, -0.000652571208775, 0.000437053793576, -0.000586202077102, 0.000342017709045, -0.00072969176108, 0.00064646510873, -0.00102240766864, 0.000777138455305, -0.000783662660979, 0.000520236149896], [-0.000346690037986, 0.0026035036426, -0.000689838198014, 0.00122126273345, -0.00219015497714, 0.00209573027678, -0.00141924037598, 0.00201789452694, -0.00267684017308, 0.00337231508456, -0.00266485149041, 0.00276563572697, -0.00202538748272], [0.000166151628946, -0.000689838198014, 0.00305532850325, -0.00104324310087, -0.000332192663336, -0.00147966924123, 0.00121548445895, -0.00102883914951, -4.68415128125e-05, -0.00171838304959, 0.00186547380872, -0.0015034469543, 0.000649293884635], [-0.000652571208775, 0.00122126273345, -0.00104324310087, 0.00495422724634, -0.00231502600946, 0.00131024525035, -0.00100212346297, 0.0013197993394, -0.0013749061618, 0.00280310190283, -0.00296908803284, 0.00292213005014, -0.000820131972432], [0.000437053793576, -0.00219015497714, -0.000332192663336, -0.00231502600946, 0.006536279805, -0.00192857778165, -0.000196022127056, -0.00103714794386, 0.000241868285229, -0.00327352806926, 0.00227258400992, -0.00140514341183, 0.00158541474957], [-0.000586202077102, 0.00209573027678, -0.00147966924123, 0.00131024525035, -0.00192857778165, 0.00703679444268, -0.00301329512149, 7.27858641767e-05, 0.000240573717747, 0.000968557724264, -0.00340540567413, 0.00149624887854, -0.000114485628728], [0.000342017709045, -0.00141924037598, 0.00121548445895, -0.00100212346297, -0.000196022127056, -0.00301329512149, 0.00610163714737, -0.00268972665071, -0.000128950443468, 0.000165829565958, 0.000578806095291, -0.00113218021579, 0.00031327054603], [-0.00072969176108, 0.00201789452694, -0.00102883914951, 0.0013197993394, -0.00103714794386, 7.27858641767e-05, -0.00268972665071, 0.0113086774945, -0.00441734632477, 0.000396473915316, -0.00244993600063, 0.00457671005279, -0.00327941123396], [0.00064646510873, -0.00267684017308, -4.68415128125e-05, -0.0013749061618, 0.000241868285229, 0.000240573717747, -0.000128950443468, -0.00441734632477, 0.0120956599712, -0.00490898545831, 0.00298836431466, -0.00500322505832, 0.00314234918915], [-0.00102240766864, 0.00337231508456, -0.00171838304959, 0.00280310190283, -0.00327352806926, 0.000968557724264, 0.000165829565958, 0.000396473915316, -0.00490898545831, 0.0187110491097, -0.00890866387635, 0.00305770058185, -0.0023779196199], [0.000777138455305, -0.00266485149041, 0.00186547380872, -0.00296908803284, 0.00227258400992, -0.00340540567413, 0.000578806095291, -0.00244993600063, 0.00298836431466, -0.00890866387635, 0.0154846273363, -0.00537062715739, -0.00207266467623], [-0.000783662660979, 0.00276563572697, -0.0015034469543, 0.00292213005014, -0.00140514341183, 0.00149624887854, -0.00113218021579, 0.00457671005279, -0.00500322505832, 0.00305770058185, -0.00537062715739, 0.014350538142, -0.00298873684369], [0.000520236149896, -0.00202538748272, 0.000649293884635, -0.000820131972432, 0.00158541474957, -0.000114485628728, 0.00031327054603, -0.00327941123396, 0.00314234918915, -0.0023779196199, -0.00207266467623, -0.00298873684369, 0.0127842035145]]
    },
    "melbands": {
        "dmean": [0.00363746332005, 0.00208700075746, 0.00113968644291, 0.000572331948206, 0.000477141351439, 0.00031213319744, 0.000225673968089, 0.00015000908752, 0.000146525242599, 9.50493704295e-05, 6.01641913818e-05, 5.60250591661e-05, 3.74141345674e-05, 3.58798752131e-05, 5.89303599554e-05, 1.98727138923e-05, 1.71207375388e-05, 2.35588377109e-05, 1.49761272041e-05, 1.02427939055e-05, 9.15263808565e-06, 8.8345086624e-06, 7.05307593307e-06, 4.35683386968e-06, 6.05551394983e-06, 6.5284007178e-06, 5.30532679477e-06, 3.3945980249e-06, 3.19371338264e-06, 2.47603134085e-06, 2.27725695368e-06, 3.81515292247e-06, 1.61616787864e-06, 1.82484222933e-06, 2.52806262324e-06, 1.5042760424e-06, 1.69085694779e-06, 1.42803185099e-06, 1.17837271318e-06, 1.21603034131e-06],
        "dmean2": [0.00491024972871, 0.00315390317701, 0.00205137673765, 0.000877610815223, 0.000733818393201, 0.000488598190714, 0.000351198104909, 0.000213657855056, 0.000208030047361, 0.00013793555263, 8.3989558334e-05, 7.94140505604e-05, 5.57946223125e-05, 5.5541171605e-05, 9.22602921491e-05, 3.17479352816e-05, 2.86752947432e-05, 3.96018076572e-05, 2.46346735366e-05, 1.66183599504e-05, 1.55476263899e-05, 1.45688673001e-05, 1.16393648568e-05, 7.04066860635e-06, 1.00199695225e-05, 1.03313150248e-05, 8.72915552463e-06, 5.58323745281e-06, 5.22516575074e-06, 4.11870587413e-06, 3.76406364921e-06, 6.48207287668e-06, 2.63541755885e-06, 2.9051943784e-06, 4.13872339777e-06, 2.54234350905e-06, 2.83372673948e-06, 2.38374400396e-06, 2.00999716071e-06, 2.10433449865e-06],
        "dvar": [4.38968272647e-05, 2.09400895983e-05, 1.13212718134e-05, 1.47536616169e-06, 6.56057238757e-07, 3.99419235464e-07, 1.38359183666e-07, 5.09177802144e-08, 3.55434934818e-08, 1.59744821815e-08, 1.03920818617e-08, 1.27926691462e-08, 4.70573002787e-09, 6.0737099794e-09, 1.90130720057e-08, 2.71028799403e-09, 1.69386138449e-09, 3.7188145896e-09, 7.86907816686e-10, 2.78348982752e-10, 3.00518970819e-10, 2.71024619414e-10, 1.43434375488e-10, 5.60366614222e-11, 1.19573587143e-10, 1.35959840608e-10, 9.05293340292e-11, 5.38757025104e-11, 3.91322842186e-11, 5.63737702353e-11, 4.75521011456e-11, 1.5777743001e-10, 1.68961667574e-11, 2.41040364751e-11, 4.51396073298e-11, 1.55285281161e-11, 1.84760071825e-11, 1.28015193931e-11, 9.16769785086e-12, 8.17090839433e-12],
        "dvar2": [7.55011642468e-05, 4.6161836508e-05, 3.22341438732e-05, 3.47228160535e-06, 1.69027941865e-06, 9.82007009043e-07, 3.41844611285e-07, 1.08535630261e-07, 7.35470209179e-08, 3.19183470765e-08, 1.91972180374e-08, 2.37434267802e-08, 9.72573310776e-09, 1.37177220694e-08, 4.33345661577e-08, 6.24507023872e-09, 4.52252324479e-09, 1.00760386701e-08, 1.94303639844e-09, 6.83957168679e-10, 7.97441501721e-10, 6.89929446906e-10, 3.54562379457e-10, 1.3716587588e-10, 2.94596402828e-10, 3.09779563112e-10, 2.23905213814e-10, 1.31677488358e-10, 9.68146396385e-11, 1.40530143078e-10, 1.16036916187e-10, 3.95448895851e-10, 4.00683930479e-11, 5.09575333318e-11, 1.03997109535e-10, 3.74855771423e-11, 4.31600311046e-11, 3.16443676818e-11, 2.41945959795e-11, 2.14314989366e-11],
        "max": [0.0780201628804, 0.0371785610914, 0.0500747933984, 0.0377365015447, 0.0183945763856, 0.0119208861142, 0.00633124634624, 0.00453276513144, 0.00346795655787, 0.00398331461474, 0.00356450071558, 0.00443518534303, 0.00184131332207, 0.00251441658475, 0.00311658158898, 0.00185984454583, 0.0016141316155, 0.00243165018037, 0.0008417275385, 0.000318929582136, 0.000446630525403, 0.000553059449885, 0.000280551757896, 0.000212576123886, 0.000247108604526, 0.000411622575484, 0.00034415954724, 0.00018943658506, 0.000180127768544, 9.29570524022e-05, 9.5790164778e-05, 0.000165776160429, 0.000139910087455, 0.000229594035773, 0.000256992323557, 0.00012583383068, 0.000155442656251, 7.02877077856e-05, 6.22860752628e-05, 3.17014528264e-05],
        "mean": [0.00858700089157, 0.00307103665546, 0.00121935119387, 0.00125767698046, 0.000980213982984, 0.000576282385737, 0.000423582911026, 0.000338116835337, 0.000355321040843, 0.000210116559174, 0.000135900307214, 0.000147034414113, 6.76965137245e-05, 5.08820230607e-05, 8.27454350656e-05, 2.83305580524e-05, 2.0761099222e-05, 2.92143449769e-05, 2.04903481063e-05, 1.54156987264e-05, 1.14611129902e-05, 1.23666031868e-05, 1.02950871224e-05, 6.61948570269e-06, 9.40784229897e-06, 1.34799638545e-05, 1.03735510493e-05, 5.78493654757e-06, 4.8187853281e-06, 3.14645717481e-06, 2.66194024334e-06, 3.92534730054e-06, 2.06497247746e-06, 2.33397531701e-06, 2.89437753054e-06, 1.596933771e-06, 1.96747510017e-06, 1.78479581336e-06, 1.41602879467e-06, 1.2686291484e-06],
        "median": [0.00394793273881, 0.00102389592212, 0.000311556155793, 0.000454458902823, 0.000499465095345, 0.000235727406107, 0.000238212043769, 0.000202876763069, 0.000241774207097, 0.00013289306662, 5.63349822187e-05, 4.90376769449e-05, 2.74616049865e-05, 2.26034389925e-05, 2.98239374388e-05, 1.07427176772e-05, 9.63085949479e-06, 1.3517304069e-05, 1.10378950922e-05, 8.01516944193e-06, 5.32470812686e-06, 6.16821125732e-06, 4.80358994537e-06, 3.2855414247e-06, 3.73222405869e-06, 4.47173806606e-06, 2.97637961921e-06, 1.50072128235e-06, 1.51645360802e-06, 9.47670628193e-07, 7.4372957215e-07, 9.0878171477e-07, 5.39706888958e-07, 5.12125268415e-07, 6.89984403834e-07, 3.36169847515e-07, 3.34564902005e-07, 2.90805928671e-07, 2.32642989317e-07, 1.99343148211e-07],
        "min": [2.42658789374e-23, 1.00656371698e-23, 6.38240931574e-24, 4.94909796033e-24, 7.54097146191e-24, 5.05088704951e-24, 1.24827061946e-23, 1.20103370734e-23, 8.57740216274e-24, 7.30656933254e-24, 5.12832163597e-24, 8.34123535152e-24, 1.22741045499e-23, 4.0756948319e-24, 4.59138543298e-24, 6.46448003774e-24, 1.17002098191e-23, 6.56956577664e-24, 7.51509445764e-24, 5.7695164572e-24, 9.87077353787e-24, 9.26933967284e-24, 4.90263681403e-24, 9.10864397329e-24, 7.38743783051e-24, 1.60072530998e-23, 9.84038503808e-24, 9.01271927607e-24, 6.27024276135e-24, 8.06947750284e-24, 9.95675464338e-24, 1.68413346676e-23, 1.00701005448e-23, 1.01894457334e-23, 1.19872605253e-23, 1.14319986891e-23, 9.26597754767e-24, 1.39552176261e-23, 1.26152916246e-23, 1.27505512931e-23],
        "var": [0.000151765329065, 2.89517502097e-05, 9.89173349808e-06, 5.02046987094e-06, 1.7796243128e-06, 9.04285229808e-07, 3.15599550049e-07, 1.5170644474e-07, 1.25713455645e-07, 6.70059776553e-08, 5.64778659395e-08, 1.1499506769e-07, 1.31751161092e-08, 9.83912595842e-09, 2.74867346661e-08, 4.02174782366e-09, 1.5586069102e-09, 3.39832850749e-09, 9.89947124275e-10, 4.91439666739e-10, 3.91480181605e-10, 3.81455117493e-10, 2.36674929655e-10, 1.04461404804e-10, 2.98650548736e-10, 7.48751782798e-10, 5.36576394428e-10, 2.22806981198e-10, 8.93214183173e-11, 5.63034445455e-11, 4.71739938779e-11, 1.38944383776e-10, 2.61203211838e-11, 4.52905317416e-11, 6.88917187186e-11, 2.3809768393e-11, 3.26713447962e-11, 1.94760423067e-11, 1.15358902986e-11, 8.75795876792e-12]
    },
    "mfcc": {
        "mean": [-643.967346191, 138.856964111, 11.0864391327, 21.2901496887, 0.473588526249, -0.820148587227, 0.0902683958411, 3.254093647, 0.999746084213, 6.1580953598, 2.66559958458, 0.656370520592, 3.19255256653],
        "cov": [[5543.00585938, -1370.22875977, 286.420074463, -73.7150726318, 148.994033813, 266.738342285, 339.591064453, 73.2683181763, -34.3744468689, 184.535293579, 143.65788269, 119.328910828, 159.588668823], [-1370.22875977, 1901.97827148, -203.664230347, 407.719787598, 83.5782852173, -4.26797056198, -88.6636428833, 110.21370697, 173.041503906, 6.2646241188, 50.5209465027, 19.3162555695, -29.1779823303], [286.420074463, -203.664230347, 395.187835693, -11.0651760101, 100.998046875, 58.8591880798, 42.6389389038, 21.1373271942, 19.9857788086, 35.8923034668, 26.6602611542, 41.0019836426, 33.3684654236], [-73.7150726318, 407.719787598, -11.0651760101, 423.774414062, 107.535804749, 51.217540741, -0.786360681057, 56.4149780273, 68.5053024292, 42.8591499329, 35.3691825867, 17.1079883575, 2.78066420555], [148.994033813, 83.5782852173, 100.998046875, 107.535804749, 273.675323486, 76.7304458618, 33.4357872009, 14.2528495789, 46.75548172, 28.9927444458, 48.6487312317, 60.1060791016, 41.8386535645], [266.738342285, -4.26797056198, 58.8591880798, 51.217540741, 76.7304458618, 221.328353882, 112.224357605, 81.9034042358, 28.3622093201, 41.2590484619, 59.1970672607, 37.7856445312, 28.2503929138], [339.591064453, -88.6636428833, 42.6389389038, -0.786360681057, 33.4357872009, 112.224357605, 305.044372559, 68.1223297119, 60.477809906, 97.0134048462, 52.5732536316, 29.4182472229, 53.6231956482], [73.2683181763, 110.21370697, 21.1373271942, 56.4149780273, 14.2528495789, 81.9034042358, 68.1223297119, 172.610092163, 67.8567733765, 49.0062675476, 56.091999054, 28.375005722, 4.80452728271], [-34.3744468689, 173.041503906, 19.9857788086, 68.5053024292, 46.75548172, 28.3622093201, 60.477809906, 67.8567733765, 158.970321655, 68.4882659912, 40.7517356873, 34.896446228, 14.5630187988], [184.535293579, 6.2646241188, 35.8923034668, 42.8591499329, 28.9927444458, 41.2590484619, 97.0134048462, 49.0062675476, 68.4882659912, 123.811256409, 61.2693481445, 30.2520065308, 26.4535636902], [143.65788269, 50.5209465027, 26.6602611542, 35.3691825867, 48.6487312317, 59.1970672607, 52.5732536316, 56.091999054, 40.7517356873, 61.2693481445, 114.868721008, 59.8907356262, 22.7014102936], [119.328910828, 19.3162555695, 41.0019836426, 17.1079883575, 60.1060791016, 37.7856445312, 29.4182472229, 28.375005722, 34.896446228, 30.2520065308, 59.8907356262, 101.972892761, 48.3961410522], [159.588668823, -29.1779823303, 33.3684654236, 2.78066420555, 41.8386535645, 28.2503929138, 53.6231956482, 4.80452728271, 14.5630187988, 26.4535636902, 22.7014102936, 48.3961410522, 95.4842300415]],
