{
"lowlevel": {
    "average_loudness": 0.818368971348,
    "barkbands_crest": {
        "dmean": 2.43516182899,
        "dmean2": 3.95329976082,
        "dvar": 6.3704791069,
        "dvar2": 16.7785358429,
        "max": 26.441740036,
        "mean": 13.2612352371,
        "median": 12.5593748093,
        "min": 2.14377093315,
        "var": 27.3099937439
    },
    "barkbands_flatness_db": {
        "dmean": 0.0301687382162,
        "dmean2": 0.0422525405884,
        "dvar": 0.000932485505473,
        "dvar2": 0.00203514308669,
        "max": 0.647351026535,
        "mean": 0.216410428286,
        "median": 0.208624660969,
        "min": 0.0237567517906,
        "var": 0.0109047563747
    },
    "barkbands_kurtosis": {
        "dmean": 6.63575172424,
        "dmean2": 10.2014026642,
        "dvar": 211.831680298,
        "dvar2": 461.689666748,
        "max": 955.23425293,
        "mean": 13.0206537247,
        "median": 5.59321451187,
        "min": -1.87856781483,
        "var": 831.49029541
    },
    "barkbands_skewness": {
        "dmean": 0.696928322315,
        "dmean2": 1.05098676682,
        "dvar": 0.753922939301,
        "dvar2": 1.79437530041,
        "max": 24.9934139252,
        "mean": 2.2415573597,
        "median": 1.8309776783,
        "min": -9.79237270355,
        "var": 3.99576759338
    },
    "barkbands_spread": {
        "dmean": 5.06384325027,
        "dmean2": 7.70404815674,
        "dvar": 84.9140090942,
        "dvar2": 200.257415771,
        "max": 120.756942749,
        "mean": 13.888967514,
        "median": 8.53467750549,
        "min": 0.113713957369,
        "var": 207.197357178
    },
    "dissonance": {
        "dmean": 0.0267705284059,
        "dmean2": 0.044298350811,
        "dvar": 0.000677695439663,
        "dvar2": 0.00175213604234,
        "max": 0.500000178814,
        "mean": 0.438959956169,
        "median": 0.448081254959,
        "min": 0.158749043941,
        "var": 0.00185375008732
    },
    "dynamic_complexity": 4.20291757584,
    "erbbands_crest": {
        "dmean": 2.5123963356,
        "dmean2": 3.80304884911,
        "dvar": 5.86451148987,
        "dvar2": 12.9707670212,
        "max": 32.742225647,
        "mean": 11.1881818771,
        "median": 10.0936012268,
        "min": 2.43084740639,
        "var": 27.5809383392
    },
    "erbbands_flatness_db": {
        "dmean": 0.0256619527936,
        "dmean2": 0.0313730984926,
        "dvar": 0.000577600731049,
        "dvar2": 0.000987281324342,
        "max": 0.470350921154,
        "mean": 0.187327250838,
        "median": 0.174728780985,
        "min": 0.03383833915,
        "var": 0.00711803371087
    },
    "erbbands_kurtosis": {
        "dmean": 1.64327728748,
        "dmean2": 2.50333142281,
        "dvar": 6.91259622574,
        "dvar2": 16.7588920593,
        "max": 72.0845489502,
        "mean": 2.23156428337,
        "median": 0.993271946907,
        "min": -1.85545861721,
        "var": 20.3356018066
    },
    "erbbands_skewness": {
        "dmean": 0.426025271416,
        "dmean2": 0.634353995323,
        "dvar": 0.199410408735,
        "dvar2": 0.458766847849,
        "max": 6.71142435074,
        "mean": 0.772344350815,
        "median": 0.736919105053,
        "min": -2.69212245941,
        "var": 0.960749089718
    },
    "erbbands_spread": {
        "dmean": 9.35996818542,
        "dmean2": 13.2249889374,
        "dvar": 222.749267578,
        "dvar2": 461.300964355,
        "max": 187.396865845,
        "mean": 30.9665737152,
        "median": 23.4441261292,
        "min": 1.39865779877,
        "var": 572.029174805
    },
    "hfc": {
        "dmean": 7.38316917419,
        "dmean2": 11.0612449646,
        "dvar": 232.562133789,
        "dvar2": 545.873962402,
        "max": 192.097290039,
        "mean": 14.3213272095,
        "median": 6.26326608658,
        "min": 1.1442263682e-16,
        "var": 421.752929688
    },
    "melbands_crest": {
        "dmean": 2.69483590126,
        "dmean2": 4.27938365936,
        "dvar": 7.1709690094,
        "dvar2": 18.0380134583,
        "max": 33.6945915222,
        "mean": 16.5028991699,
        "median": 15.9726848602,
        "min": 1.87024235725,
        "var": 31.9215507507
    },
    "melbands_flatness_db": {
        "dmean": 0.0347014293075,
        "dmean2": 0.0492649450898,
        "dvar": 0.00135613291059,
        "dvar2": 0.00296627450734,
        "max": 0.837867558002,
        "mean": 0.319725722075,
        "median": 0.313020348549,
        "min": 0.00726466951892,
        "var": 0.0166228991002
    },
    "melbands_kurtosis": {
        "dmean": 12.182682991,
        "dmean2": 18.5975513458,
        "dvar": 722.66229248,
        "dvar2": 1723.05078125,
        "max": 468.56060791,
        "mean": 23.5531272888,
        "median": 10.3007316589,
        "min": -1.56797122955,
        "var": 1517.14221191
    },
    "melbands_skewness": {
        "dmean": 0.818510711193,
        "dmean2": 1.20630538464,
        "dvar": 1.1987811327,
        "dvar2": 2.64097070694,
        "max": 16.5432472229,
        "mean": 2.94617414474,
        "median": 2.42594480515,
        "min": -2.05678415298,
        "var": 4.88191604614
    },
    "melbands_spread": {
        "dmean": 3.67836356163,
        "dmean2": 5.53190135956,
        "dvar": 40.1328468323,
        "dvar2": 77.3405380249,
        "max": 145.977218628,
        "mean": 13.0602464676,
        "median": 7.90064573288,
        "min": 0.286967009306,
        "var": 209.718444824
    },
    "pitch_salience": {
        "dmean": 0.0665846168995,
        "dmean2": 0.107589907944,
        "dvar": 0.00479077734053,
        "dvar2": 0.0126214250922,
        "max": 0.866986751556,
        "mean": 0.471891760826,
        "median": 0.479540854692,
        "min": 0.0725875645876,
        "var": 0.0189441237599
    },
    "silence_rate_20dB": {
        "dmean": 0,
        "dmean2": 0,
        "dvar": 0,
        "dvar2": 0,
        "max": 1,
        "mean": 1,
        "median": 1,
        "min": 1,
        "var": 0
    },
    "silence_rate_30dB": {
        "dmean": 0.0181356538087,
        "dmean2": 0.0362739413977,
        "dvar": 0.017808360979,
        "dvar2": 0.0456983558834,
        "max": 1,
        "mean": 0.986798226833,
        "median": 1,
        "min": 0,
        "var": 0.013026624918
    },
    "silence_rate_60dB": {
        "dmean": 0.0162495467812,
        "dmean2": 0.0325014516711,
        "dvar": 0.0159839205444,
        "dvar2": 0.0352250523865,
        "max": 1,
        "mean": 0.0673146694899,
        "median": 0,
        "min": 0,
        "var": 0.0627698525786
    },
    "spectral_centroid": {
        "dmean": 177.459793091,
        "dmean2": 270.450042725,
        "dvar": 103162.601562,
        "dvar2": 225233.546875,
        "max": 10874.9970703,
        "mean": 768.427124023,
        "median": 546.908203125,
        "min": 105.43371582,
        "var": 394496.3125
    },
    "spectral_complexity": {
        "dmean": 2.98353290558,
        "dmean2": 4.66395807266,
        "dvar": 25.1977119446,
        "dvar2": 50.0658988953,
        "max": 64,
        "mean": 12.3353404999,
        "median": 10,
        "min": 0,
        "var": 95.0996017456
    },
    "spectral_decrease": {
        "dmean": 2.67484856487e-09,
        "dmean2": 4.17125578522e-09,
        "dvar": 2.74879065869e-17,
        "dvar2": 6.91941744008e-17,
        "max": 5.08128659371e-16,
        "mean": -6.74052769156e-09,
        "median": -5.26172794224e-09,
        "min": -5.88089328346e-08,
        "var": 4.12918139311e-17
    },
    "spectral_energy": {
        "dmean": 0.0106210261583,
        "dmean2": 0.016465106979,
        "dvar": 0.000420916534495,
        "dvar2": 0.0010512333829,
        "max": 0.227095142007,
        "mean": 0.0267393980175,
        "median": 0.0207961313426,
        "min": 1.05730952911e-20,
        "var": 0.000646660570055
    },
    "spectral_energyband_high": {
        "dmean": 0.000469416147098,
        "dmean2": 0.000752614170779,
        "dvar": 1.20381764646e-06,
        "dvar2": 2.90081879939e-06,
        "max": 0.00979819335043,
        "mean": 0.000605076551437,
        "median": 3.02949210891e-05,
        "min": 7.36103826584e-21,
        "var": 1.94444919543e-06
    },
    "spectral_energyband_low": {
        "dmean": 0.0071418909356,
        "dmean2": 0.0117267547175,
        "dvar": 0.00032828465919,
        "dvar2": 0.000869508599862,
        "max": 0.194843903184,
        "mean": 0.0129265803844,
        "median": 0.00757786724716,
        "min": 2.81006201501e-23,
        "var": 0.000321545667248
    },
    "spectral_energyband_middle_high": {
        "dmean": 0.00150412600487,
        "dmean2": 0.00219892966561,
        "dvar": 1.60887775564e-05,
        "dvar2": 3.84932027373e-05,
        "max": 0.0522527806461,
        "mean": 0.00316370814107,
        "median": 0.000778986897785,
        "min": 1.56861999643e-21,
        "var": 3.36381708621e-05
    },
    "spectral_energyband_middle_low": {
        "dmean": 0.00376197742298,
        "dmean2": 0.00578174414113,
        "dvar": 3.90346031054e-05,
        "dvar2": 9.48400120251e-05,
        "max": 0.126306116581,
        "mean": 0.0105669107288,
        "median": 0.0061670653522,
        "min": 2.55484405515e-22,
        "var": 0.000147984857904
    },
    "spectral_entropy": {
        "dmean": 0.286154925823,
        "dmean2": 0.376780867577,
        "dvar": 0.0954297780991,
        "dvar2": 0.180694952607,
        "max": 9.78960323334,
        "mean": 6.85240125656,
        "median": 6.79048728943,
        "min": 4.43643426895,
        "var": 0.642160534859
    },
    "spectral_flux": {
        "dmean": 0.0269860904664,
        "dmean2": 0.0407839119434,
        "dvar": 0.00160678324755,
        "dvar2": 0.00319330510683,
        "max": 0.403644710779,
        "mean": 0.0634515807033,
        "median": 0.0470029935241,
        "min": 1.04297730175e-10,
        "var": 0.00313671887852
    },
    "spectral_kurtosis": {
        "dmean": 8.51114082336,
        "dmean2": 13.1707267761,
        "dvar": 394.951263428,
        "dvar2": 1078.16784668,
        "max": 553.88067627,
        "mean": 24.7002696991,
        "median": 8.92357826233,
        "min": -1.20205008984,
        "var": 2926.18188477
    },
    "spectral_rms": {
        "dmean": 0.000860786763951,
        "dmean2": 0.00127435661852,
        "dvar": 1.61839943758e-06,
        "dvar2": 3.70329439647e-06,
        "max": 0.0148847652599,
        "mean": 0.00462450552732,
        "median": 0.00450432114303,
        "min": 3.21173079451e-12,
        "var": 4.70117356599e-06
    },
    "spectral_rolloff": {
        "dmean": 330.619781494,
        "dmean2": 567.267211914,
        "dvar": 1279682.125,
        "dvar2": 3350471.5,
        "max": 19939.7460938,
        "mean": 857.294189453,
        "median": 452.197265625,
        "min": 64.599609375,
        "var": 1849978.75
    },
    "spectral_skewness": {
        "dmean": 0.610186576843,
        "dmean2": 0.894920825958,
        "dvar": 0.655944526196,
        "dvar2": 1.68998968601,
        "max": 18.7579650879,
        "mean": 3.11637663841,
        "median": 2.57301712036,
        "min": -0.00813456159085,
        "var": 6.03302955627
    },
    "spectral_spread": {
        "dmean": 1083577,
        "dmean2": 1318681.875,
        "dvar": 1.90508027085e+12,
        "dvar2": 3.0927683584e+12,
        "max": 42298612,
        "mean": 4363581,
        "median": 4082721,
        "min": 187949.484375,
        "var": 6.6048664535e+12
    },
    "spectral_strongpeak": {
        "dmean": 0.298716127872,
        "dmean2": 0.496357023716,
        "dvar": 0.405137181282,
        "dvar2": 0.952845513821,
        "max": 10.6125106812,
        "mean": 0.696145474911,
        "median": 0.383146136999,
        "min": 5.17829057411e-10,
        "var": 0.814467310905
    },
    "zerocrossingrate": {
        "dmean": 0.00965479202569,
        "dmean2": 0.0114138219506,
        "dvar": 0.000213801540667,
        "dvar2": 0.000273693876807,
        "max": 0.822265625,
        "mean": 0.0383253321052,
        "median": 0.0283203125,
        "min": 0.00244140625,
        "var": 0.00142097752541
    },
    "barkbands": {
        "dmean": [0.000156261245138, 0.00617706403136, 0.001399444649, 0.000570988864638, 0.00189804029651, 0.000649795751087, 0.000946435029618, 0.000695828464814, 0.000196429900825, 0.00040643979446, 0.000257425970631, 0.000157408663654, 0.000122996818391, 0.000377601827495, 0.000100034245406, 0.000169963619555, 0.000139934170875, 0.000126450016978, 0.000135807422339, 0.000165391276823, 8.65892143338e-05, 7.07221261109e-05, 4.01115939894e-05, 3.6772875319e-05, 0.000121976772789, 3.41489394486e-05, 3.38661920978e-05],
        "dmean2": [0.000243918286287, 0.0105079403147, 0.0021738128271, 0.000971473229583, 0.0031398688443, 0.00106036057696, 0.00130691402592, 0.000980036216788, 0.000312317919452, 0.000570786593016, 0.000358216726454, 0.00023884208349, 0.000192403735127, 0.000518067798112, 0.000164857454365, 0.000288760318654, 0.000233479499002, 0.000222785849473, 0.000223720431677, 0.000251495075645, 0.000143827433931, 0.000115088318125, 6.23595842626e-05, 5.16794571013e-05, 0.00020390318241, 5.8137360611e-05, 5.22896698385e-05],
        "dvar": [1.78999357558e-07, 0.000278409250313, 1.04535638457e-05, 2.1475423182e-06, 1.68761616806e-05, 2.14100168705e-06, 5.12071028425e-06, 4.33827517554e-06, 4.30533759754e-07, 1.58861530508e-06, 5.77481955588e-07, 2.01221865836e-07, 1.08074125649e-07, 1.48329127114e-06, 1.23274972452e-07, 4.93132290558e-07, 3.80906101327e-07, 2.63509235765e-07, 2.38781382222e-07, 2.53132583339e-07, 7.01258997537e-08, 4.46856205372e-08, 9.65846780332e-09, 6.01409366752e-09, 1.29119058556e-07, 1.12982494471e-08, 1.47728771438e-08],
        "dvar2": [4.32131400885e-07, 0.000762850046158, 2.38450684265e-05, 5.73918214286e-06, 4.51895211881e-05, 5.85365069128e-06, 9.50599951466e-06, 7.79754191171e-06, 1.11648978418e-06, 3.08508651869e-06, 1.0192877653e-06, 3.73017201127e-07, 2.58272137899e-07, 2.2683429961e-06, 3.17165557817e-07, 1.35118932576e-06, 1.03137892893e-06, 7.61803505611e-07, 5.78210460844e-07, 4.99768589179e-07, 1.61325900194e-07, 1.14873920154e-07, 2.15316600105e-08, 1.20188374808e-08, 3.42501067507e-07, 3.10669996395e-08, 3.6717040075e-08],
        "max": [0.00494400691241, 0.182055056095, 0.0589774623513, 0.0346798449755, 0.101634979248, 0.0358315333724, 0.0544711612165, 0.0792458280921, 0.0178272612393, 0.0486719533801, 0.020693089813, 0.0162874367088, 0.0043011889793, 0.0301872827113, 0.00625698501244, 0.00995648279786, 0.00905288103968, 0.00640402222052, 0.00635311752558, 0.00715069100261, 0.0030450001359, 0.00186565855984, 0.00115969101898, 0.000985749647953, 0.00322511349805, 0.0010658778483, 0.0017504125135],
        "mean": [0.000207510485779, 0.0101336371154, 0.00228163017891, 0.00084305589553, 0.00373931764625, 0.00141643953975, 0.00228059035726, 0.00151184108108, 0.000322362058796, 0.000869447423611, 0.000586261216085, 0.000276645034319, 0.000157724716701, 0.000652259623166, 0.000128171726828, 0.000172070402186, 0.000153053784743, 0.00012776470976, 0.000167202699231, 0.000221119684284, 0.000107613086584, 8.96126512089e-05, 6.82584868628e-05, 5.36366133019e-05, 0.000109431690362, 2.8838392609e-05, 3.39243888448e-05],
        "median": [0.000101473997347, 0.0054095396772, 0.000658761826344, 0.000284631241811, 0.00150773988571, 0.000590818468481, 0.000567058275919, 0.000172116153408, 0.000141648633871, 0.000131340610096, 6.47871202091e-05, 5.50290096726e-05, 3.07866139337e-05, 0.000101598794572, 2.67280447588e-05, 2.06798522413e-05, 1.54954341269e-05, 9.13219173526e-06, 7.33904835215e-06, 7.06662376615e-06, 2.69686870524e-06, 3.27094312524e-06, 2.8280155675e-06, 4.36271147919e-06, 5.74130081077e-06, 1.37958272717e-06, 6.06905700806e-07],
        "min": [2.67408732295e-23, 3.1058923092e-24, 3.84422174306e-24, 3.39690289992e-24, 2.27821246602e-23, 2.24099795282e-23, 3.03716686547e-23, 2.11438009773e-23, 6.28463395084e-23, 4.241577923e-23, 4.72457946923e-23, 7.69246478347e-23, 1.47388234555e-22, 8.93845354387e-23, 9.24409233734e-23, 1.15299872042e-22, 1.18702929634e-22, 1.45144436461e-22, 2.01222664947e-22, 3.01135596773e-22, 3.4723453286e-22, 4.20112784946e-22, 5.24266658242e-22, 9.24085043457e-22, 1.21803385233e-21, 1.66868794889e-21, 2.27132446707e-21],
        "var": [1.69625124613e-07, 0.000240551788011, 2.49397489824e-05, 3.45352646036e-06, 3.76412499463e-05, 5.67162805964e-06, 2.31341127801e-05, 2.26593510888e-05, 4.68421234245e-07, 6.16298939349e-06, 2.93072707791e-06, 5.48085893115e-07, 1.44826060477e-07, 3.73125271835e-06, 1.54022217203e-07, 3.94924256852e-07, 3.41798795489e-07, 2.46501258516e-07, 3.15134570883e-07, 4.97464213822e-07, 1.0950252971e-07, 6.38031067979e-08, 2.85141776857e-08, 1.34714053246e-08, 9.91322295363e-08, 7.98665489299e-09, 1.45202516677e-08]
    },
    "erbbands": {
        "dmean": [0.166506648064, 1.44216871262, 1.9858186245, 1.37485277653, 5.10493326187, 7.23028755188, 3.32933187485, 5.82931566238, 10.1450786591, 20.9556446075, 10.7965488434, 4.661028862, 10.8485403061, 10.219367981, 10.2471504211, 7.05585670471, 6.34733963013, 20.0687904358, 5.74983692169, 8.26965427399, 9.31355571747, 7.1785697937, 6.50937891006, 6.2728972435, 7.13328790665, 7.28620100021, 5.27873706818, 3.0906867981, 2.83785033226, 1.51765847206, 1.07160508633, 0.560300350189, 0.822715103626, 1.00921154022, 0.9006524086, 0.350085675716, 0.0307729020715, 0.0197728667408, 0.00809817109257, 0.00015398436517],
        "dmean2": [0.275931090117, 2.48246097565, 3.10324263573, 2.2584733963, 8.33724975586, 12.2612419128, 5.45334529877, 9.65234184265, 13.987279892, 29.8504180908, 14.5421915054, 7.01571130753, 15.2237215042, 14.5551557541, 14.3238115311, 10.4908599854, 9.50463676453, 27.6288108826, 8.7278175354, 13.6749572754, 16.2278575897, 12.0153713226, 11.4589891434, 10.6210956573, 11.4758911133, 11.3430767059, 8.53555870056, 4.97303819656, 4.67575311661, 2.52604436874, 1.65509843826, 0.79920142889, 1.1570738554, 1.58435559273, 1.54245817661, 0.619017660618, 0.0477525256574, 0.0298379119486, 0.0126546928659, 0.000236832449446],
        "dvar": [0.200863599777, 14.9551744461, 20.0746097565, 9.98338985443, 175.270950317, 220.473724365, 45.9386062622, 216.846405029, 474.952941895, 3517.45751953, 1373.32995605, 181.157394409, 1382.42419434, 1204.58886719, 831.745422363, 458.901184082, 254.181732178, 4297.49462891, 305.048828125, 908.934997559, 1747.27844238, 896.136291504, 643.110839844, 508.547851562, 619.535522461, 485.819549561, 239.919769287, 79.8402175903, 76.3206710815, 18.5748767853, 6.89833021164, 1.67488467693, 3.11212110519, 5.56557416916, 9.40229225159, 1.59407782555, 0.00597104104236, 0.00446079624817, 0.000890693045221, 2.79619570165e-07],
        "dvar2": [0.540954470634, 41.4307479858, 48.908454895, 25.8317699432, 413.94921875, 650.94140625, 119.680923462, 600.526367188, 795.267822266, 7470.64697266, 1996.61218262, 460.59072876, 2451.79736328, 2503.64135742, 1524.95324707, 804.154663086, 556.693786621, 6695.47363281, 661.640808105, 2378.72485352, 4903.35693359, 2368.40844727, 1807.59326172, 1284.59436035, 1376.9979248, 1038.32958984, 558.985107422, 180.680648804, 196.506088257, 47.7413787842, 15.0539140701, 3.21024680138, 6.40900564194, 13.4400196075, 25.3727531433, 4.4370932579, 0.0143405608833, 0.011099781841, 0.0022467339877, 7.01551812199e-07],
        "max": [5.33600568771, 43.6463890076, 60.2173080444, 58.0547599792, 382.308105469, 271.024810791, 123.555801392, 368.062988281, 647.934326172, 1326.89794922, 2168.17016602, 322.063232422, 1949.1262207, 1256.10668945, 693.044799805, 839.25378418, 259.667388916, 1484.48950195, 345.296356201, 498.115661621, 568.62298584, 421.10824585, 312.818389893, 299.36416626, 313.50970459, 294.627349854, 184.447494507, 112.626792908, 83.2948760986, 38.4882736206, 36.5258636475, 21.1981544495, 24.5992240906, 31.5578994751, 24.9230175018, 11.5276870728, 0.800724625587, 0.957220673561, 0.460295855999, 0.0081735169515],
        "mean": [0.253719776869, 2.34460687637, 3.53549766541, 2.36061811447, 8.18701457977, 14.65259552, 7.46663999557, 12.69120121, 26.3846950531, 44.440284729, 24.2773151398, 9.3984708786, 23.7589588165, 20.6623706818, 24.4569416046, 12.5836572647, 9.70492839813, 34.0067672729, 9.16171169281, 9.87303352356, 8.9052734375, 8.23603725433, 6.91005039215, 7.63728809357, 9.24397468567, 9.34046649933, 7.03795051575, 3.89571452141, 3.49883294106, 2.04888725281, 1.89837145805, 0.949377298355, 1.14944720268, 1.12432610989, 0.724026381969, 0.255503088236, 0.0338575765491, 0.0204959530383, 0.00797849148512, 0.000174524233444],
        "median": [0.0972174555063, 1.16696727276, 1.36384499073, 1.01567029953, 2.5641283989, 5.83806419373, 3.85782051086, 5.42684936523, 7.48598003387, 7.43718099594, 4.01757955551, 4.10660934448, 4.61516571045, 3.15144920349, 3.80557990074, 3.07868361473, 2.3868303299, 5.29493713379, 2.06203460693, 1.80013334751, 1.0309844017, 0.817964434624, 0.628511309624, 0.482237637043, 0.3406663239, 0.353117972612, 0.168506920338, 0.108896747231, 0.126806005836, 0.076916128397, 0.085070759058, 0.073576040566, 0.0861020386219, 0.0673594772816, 0.0348545983434, 0.0100071653724, 0.00196232181042, 0.000606459681876, 0.000134006957524, 3.19928076351e-05],
        "min": [4.07219162683e-22, 4.9428373393e-22, 4.90507198031e-21, 7.91299957117e-21, 3.76921809775e-20, 4.10459298411e-20, 9.63356319494e-20, 2.02717411212e-19, 3.02341622472e-19, 5.90268485396e-19, 5.94331648264e-19, 1.36286277724e-18, 1.28552056279e-18, 1.05261690118e-18, 3.39601792218e-18, 3.46916054067e-18, 6.25710393249e-18, 6.07568833491e-18, 4.45888483192e-18, 5.65721766302e-18, 5.36488707146e-18, 6.57602838074e-18, 8.67352473566e-18, 8.09630652369e-18, 1.25178507684e-17, 1.4660775469e-17, 1.53012481824e-17, 9.38325728175e-18, 1.3781140025e-17, 1.79229144158e-17, 1.14757777317e-17, 1.69247621881e-17, 1.54653608159e-17, 1.11832155296e-17, 9.19089560312e-18, 5.83037013987e-18, 3.16001440123e-18, 1.1855327281e-18, 2.91555936916e-19, 3.25849740051e-20],
        "var": [0.186387568712, 12.7401742935, 36.4217987061, 15.7342729568, 351.217437744, 558.425231934, 122.534545898, 470.608428955, 2813.21606445, 11800.8310547, 8625.41015625, 313.292358398, 5861.68457031, 3588.06176758, 4099.73144531, 1206.41186523, 451.358917236, 10610.2646484, 571.510314941, 877.308044434, 1268.93066406, 889.784912109, 619.97467041, 693.153259277, 972.863342285, 847.292785645, 449.479003906, 135.501754761, 103.572402954, 28.1864547729, 22.3692626953, 5.04686307907, 6.0322599411, 6.68008756638, 6.44301700592, 1.00198817253, 0.00681467028335, 0.00452559767291, 0.000845372502226, 2.72410886737e-07]
    },
    "gfcc": {
        "mean": [-69.456413269, 127.655845642, -76.2058334351, 9.1444683075, -41.5591545105, 13.5224924088, -32.0944252014, 5.93326997757, -16.4810276031, 6.58099269867, -5.87268638611, -4.11305379868, -4.19708919525],
        "cov": [[15066.7617188, -5219.49609375, -1134.17346191, 2175.06494141, -1106.75439453, 207.972839355, -286.234527588, 623.665405273, -544.190979004, 370.474151611, -148.033874512, 366.462158203, -266.995422363], [-5219.49609375, 3788.72924805, -30.0298843384, -1039.37341309, 736.085021973, -190.305206299, 256.867034912, -276.812286377, 381.50088501, -183.101211548, 195.904205322, -223.90776062, 146.781890869], [-1134.17346191, -30.0298843384, 1542.95141602, 201.187606812, 54.965637207, 149.707855225, -86.7785797119, 17.5690670013, -12.3181877136, 14.2910938263, -74.4350509644, -36.6924133301, -8.60962200165], [2175.06494141, -1039.37341309, 201.187606812, 855.293579102, -152.608779907, 44.9449043274, -33.8050003052, 94.4215164185, -110.630180359, 52.6010246277, -55.2623023987, 54.3889770508, -28.4360198975], [-1106.75439453, 736.085021973, 54.965637207, -152.608779907, 466.087982178, 13.5948429108, 154.996078491, -45.0315589905, 91.6093292236, -40.806060791, 52.2134475708, -21.227514267, 42.2864112854], [207.972839355, -190.305206299, 149.707855225, 44.9449043274, 13.5948429108, 215.823120117, -24.1423130035, 69.9941177368, -33.4354133606, 26.5800800323, -4.27998781204, 24.322095871, -15.4913845062], [-286.234527588, 256.867034912, -86.7785797119, -33.8050003052, 154.996078491, -24.1423130035, 234.276367188, -4.73048448563, 66.3397979736, -23.3303184509, 54.6465454102, 7.67879772186, 19.5960006714], [623.665405273, -276.812286377, 17.5690670013, 94.4215164185, -45.0315589905, 69.9941177368, -4.73048448563, 169.080764771, 0.756639122963, 34.5585212708, -1.06557810307, 20.2045059204, -30.779542923], [-544.190979004, 381.50088501, -12.3181877136, -110.630180359, 91.6093292236, -33.4354133606, 66.3397979736, 0.756639122963, 143.028167725, 12.0520277023, 33.5447540283, -24.6055774689, 16.9392166138], [370.474151611, -183.101211548, 14.2910938263, 52.6010246277, -40.806060791, 26.5800800323, -23.3303184509, 34.5585212708, 12.0520277023, 84.4159164429, 14.690656662, 5.1669921875, -11.5382299423], [-148.033874512, 195.904205322, -74.4350509644, -55.2623023987, 52.2134475708, -4.27998781204, 54.6465454102, -1.06557810307, 33.5447540283, 14.690656662, 92.4194412231, 28.4864044189, 15.9044084549], [366.462158203, -223.90776062, -36.6924133301, 54.3889770508, -21.227514267, 24.322095871, 7.67879772186, 20.2045059204, -24.6055774689, 5.1669921875, 28.4864044189, 95.8912200928, 25.0102100372], [-266.995422363, 146.781890869, -8.60962200165, -28.4360198975, 42.2864112854, -15.4913845062, 19.5960006714, -30.779542923, 16.9392166138, -11.5382299423, 15.9044084549, 25.0102100372, 77.5887756348]],
        "icov": [[0.000207412507734, 9.76757219178e-05, 0.000201025846764, -0.00033938040724, 6.04281158303e-05, 2.87063758151e-05, 9.4821998573e-06, -0.000280489563011, 0.000192108142073, -0.000371918227756, 6.41040533083e-05, -0.000247011048486, 0.000255247898167], [9.76757219178e-05, 0.00113745150156, -6.34608738892e-07, 0.000406272913096, -0.000730357249267, 7.06542632543e-05, 0.000465665361844, 0.000231489306316, -0.0011674198322, 0.00171487173066, -0.00225682230666, 0.00234205042943, -0.00106294103898], [0.000201025846764, -6.34608738892e-07, 0.000986968982033, -0.000615574244875, -7.29508683435e-05, -0.000574405421503, 0.000297655642498, -0.00011503904534, -2.29502038565e-05, -0.00046638524509, 0.000678415643051, -0.000154622233822, 0.000227567681577], [-0.00033938040724, 0.000406272913096, -0.000615574244875, 0.00249503180385, -0.000301775085973, 0.000400892982725, -0.000423481600592, -2.28037642955e-05, 0.000263361900579, 0.00035471690353, -0.000209295467357, 0.000830762030091, -0.000977547839284], [6.04281158303e-05, -0.000730357249267, -7.29508683435e-05, -0.000301775085973, 0.00403823703527, -0.00111310638022, -0.00203365250491, 0.000311302457703, -0.000201338320039, -9.6771029348e-05, 0.000615096883848, -0.000700243690517, -0.000185859054909], [2.87063758151e-05, 7.06542632543e-05, -0.000574405421503, 0.000400892982725, -0.00111310638022, 0.00667570950463, 0.000346984015778, -0.00257844710723, 0.00209792656824, -0.00179304834455, 0.000234678809647, -0.00139541993849, 0.0005543573061], [9.4821998573e-06, 0.000465665361844, 0.000297655642498, -0.000423481600592, -0.00203365250491, 0.000346984015778, 0.00713525479659, -0.000304600514937, -0.00270160310902, 0.00317293708213, -0.00374594400637, 0.00063186121406, -8.9943416242e-05], [-0.000280489563011, 0.000231489306316, -0.00011503904534, -2.28037642955e-05, 0.000311302457703, -0.00257844710723, -0.000304600514937, 0.00912131927907, -0.00281634647399, -0.000268010131549, -0.000138909323141, -0.000907695386559, 0.00248270342126], [0.000192108142073, -0.0011674198322, -2.29502038565e-05, 0.000263361900579, -0.000201338320039, 0.00209792656824, -0.00270160310902, -0.00281634647399, 0.0134485792369, -0.00613189814612, 0.000847264018375, 0.000432261673268, -0.00110374158248], [-0.000371918227756, 0.00171487173066, -0.00046638524509, 0.00035471690353, -9.6771029348e-05, -0.00179304834455, 0.00317293708213, -0.000268010131549, -0.00613189814612, 0.0204591657966, -0.00882403552532, 0.00555571867153, -0.00125957117416], [6.41040533083e-05, -0.00225682230666, 0.000678415643051, -0.000209295467357, 0.000615096883848, 0.000234678809647, -0.00374594400637, -0.000138909323141, 0.000847264018375, -0.00882403552532, 0.0221217237413, -0.0113153401762, 0.00270684878342], [-0.000247011048486, 0.00234205042943, -0.000154622233822, 0.000830762030091, -0.000700243690517, -0.00139541993849, 0.00063186121406, -0.000907695386559, 0.000432261673268, 0.00555571867153, -0.0113153401762, 0.0223146788776, -0.00955171324313], [0.000255247898167, -0.00106294103898, 0.000227567681577, -0.000977547839284, -0.000185859054909, 0.0005543573061, -8.9943416242e-05, 0.00248270342126, -0.00110374158248, -0.00125957117416, 0.00270684878342, -0.00955171324313, 0.0192419737577]]
    },
    "melbands": {
        "dmean": [0.00163424771745, 0.00132315780502, 0.000330080860294, 0.000477383029647, 0.000146520367707, 0.000131922788569, 0.000164448938449, 0.00021415197989, 7.52926207497e-05, 2.85185396933e-05, 5.47999552509e-05, 4.2364186811e-05, 3.78887598345e-05, 1.99110709218e-05, 1.38266705108e-05, 1.95291740965e-05, 3.97953153879e-05, 9.7713100331e-06, 8.28549946164e-06, 1.13699052235e-05, 1.18858570204e-05, 7.88942816143e-06, 6.29511396255e-06, 6.21245226284e-06, 5.03393539475e-06, 5.92864125792e-06, 5.54578127776e-06, 4.71239809485e-06, 4.04079037253e-06, 1.59368562436e-06, 2.03991635317e-06, 1.91860431187e-06, 8.85016959273e-07, 8.99385497632e-07, 6.71007114761e-07, 4.61707344357e-07, 3.07643546194e-07, 5.07671245487e-07, 7.93204321781e-07, 8.57592795001e-07],
        "dmean2": [0.00276386528276, 0.00216002482921, 0.000532102945726, 0.000795913918409, 0.000243518967181, 0.000216224594624, 0.000225969954045, 0.000305682508042, 0.000101863173768, 4.4311855163e-05, 7.71474296926e-05, 6.08607952017e-05, 5.21983347426e-05, 2.96132184303e-05, 2.14595220314e-05, 2.78963489109e-05, 5.50696968276e-05, 1.48783774421e-05, 1.37406186695e-05, 1.85949338629e-05, 2.11934402614e-05, 1.29278623717e-05, 1.10334285637e-05, 1.11371164166e-05, 8.36210529087e-06, 9.93873163679e-06, 8.21120829642e-06, 7.65996264818e-06, 6.56629026707e-06, 2.56794601228e-06, 3.33667207997e-06, 3.12523525281e-06, 1.49251741277e-06, 1.48691378854e-06, 1.04491152797e-06, 6.81402639202e-07, 4.41475009438e-07, 7.10664096459e-07, 1.19324818115e-06, 1.35817799674e-06],
        "dvar": [1.96729288291e-05, 1.02425610748e-05, 5.44638226074e-07, 1.10855955882e-06, 7.80907285503e-08, 9.88597719243e-08, 1.24512624211e-07, 3.65337285757e-07, 7.79795357175e-08, 8.20792500633e-09, 3.42119044205e-08, 2.27908163453e-08, 1.25414931773e-08, 2.79454681618e-09, 1.36317523936e-09, 4.43576952947e-09, 1.69361715763e-08, 9.35736821361e-10, 9.0303370337e-10, 1.74766778827e-09, 3.3026239521e-09, 1.2353297274e-09, 6.21628026831e-10, 5.3139925793e-10, 3.12528641855e-10, 4.68071581494e-10, 4.29119489942e-10, 1.86534857005e-10, 1.4626337641e-10, 2.51751258729e-11, 3.38944393385e-11, 3.49098180918e-11, 7.34420597254e-12, 6.00866058298e-12, 2.66492210244e-12, 1.48931290477e-12, 4.58235229275e-13, 1.12811658886e-12, 3.16702588633e-12, 4.18832720242e-12],
        "dvar2": [5.37578380317e-05, 2.69471001957e-05, 1.35302877879e-06, 3.01059435515e-06, 2.1577187681e-07, 2.72082161246e-07, 2.12972196323e-07, 7.75785622409e-07, 1.13492760079e-07, 2.11466826272e-08, 6.08997794416e-08, 4.7194735231e-08, 2.16064730552e-08, 5.09268538451e-09, 3.0713775967e-09, 7.37172545229e-09, 2.67743587301e-08, 1.91346494205e-09, 2.38737762892e-09, 4.5208148336e-09, 9.37937638668e-09, 3.26929217032e-09, 1.71827940765e-09, 1.55984158923e-09, 7.64161900424e-10, 1.22005427983e-09, 8.26001378407e-10, 4.35335129056e-10, 3.45351858222e-10, 5.26755236652e-11, 8.17204290349e-11, 8.99729943327e-11, 1.96550362791e-11, 1.52594985259e-11, 6.02455498683e-12, 2.95493252263e-12, 8.87364617549e-13, 2.34595394326e-12, 7.07572108544e-12, 1.03383109365e-11],
        "max": [0.0511083565652, 0.0388553403318, 0.0163352042437, 0.0250760130584, 0.00502983992919, 0.00794993527234, 0.0101395053789, 0.0126872574911, 0.0163675863296, 0.00211837165989, 0.00962124485523, 0.00549904163927, 0.00320124137215, 0.00174514169339, 0.00098591146525, 0.00172783725429, 0.00342310336418, 0.000751036044676, 0.000414957030443, 0.000694827758707, 0.000770867103711, 0.000503706396557, 0.000344054948073, 0.000287070026388, 0.000230684992857, 0.000294750003377, 0.000335766060743, 0.000157277056132, 0.000169498933246, 6.32183218841e-05, 6.40331272734e-05, 5.79848892812e-05, 2.33410501096e-05, 2.30336190725e-05, 1.77801430254e-05, 2.1486013793e-05, 1.08707017716e-05, 1.42293865792e-05, 2.02510673262e-05, 3.05730864056e-05],
        "mean": [0.00259275385179, 0.00239086220972, 0.000563541834708, 0.000894338649232, 0.000347769760992, 0.000289450108539, 0.000424213212682, 0.000456060544821, 0.000165534467669, 5.21937472513e-05, 0.000118042538816, 8.06461684988e-05, 8.88080903678e-05, 3.92124638893e-05, 2.01186139748e-05, 2.97222650261e-05, 6.69582295814e-05, 1.52753800648e-05, 1.00615916381e-05, 1.30795069708e-05, 1.02984267869e-05, 8.63793138706e-06, 6.97433370078e-06, 6.11190307609e-06, 5.95934125158e-06, 7.14155976311e-06, 6.90060642228e-06, 5.92528749621e-06, 5.35230265086e-06, 2.23550591727e-06, 2.35935658566e-06, 2.32638785747e-06, 1.07968674001e-06, 1.2046723441e-06, 1.15857289984e-06, 7.76653791945e-07, 4.91186597174e-07, 7.26484870484e-07, 9.48405727286e-07, 9.26619350139e-07],
        "median": [0.00124955456704, 0.001265507075, 0.000230310950428, 0.000343486201018, 0.000176421628566, 0.000118138428661, 0.000121059434605, 7.28861923562e-05, 2.80028798443e-05, 2.25338553719e-05, 2.16561784327e-05, 1.03967049654e-05, 1.1121600437e-05, 7.56048939365e-06, 5.07164577357e-06, 4.2116057557e-06, 1.013653673e-05, 2.83200915874e-06, 1.82719850272e-06, 2.03130980481e-06, 8.91027582384e-07, 7.73137628585e-07, 6.55382905279e-07, 3.87470578289e-07, 3.67944124946e-07, 2.279143132e-07, 2.36619015936e-07, 2.23524637022e-07, 1.06661275368e-07, 6.18514306439e-08, 6.2950405777e-08, 8.35964897306e-08, 3.98702653115e-08, 4.11639717868e-08, 5.09374444846e-08, 3.90658101423e-08, 4.29514344091e-08, 5.96180811385e-08, 5.6416588734e-08, 5.62736772736e-08],
        "min": [5.48993784151e-24, 2.13613849866e-24, 1.31723629106e-24, 5.5907491376e-24, 3.05319738681e-24, 4.2794962579e-24, 5.39797677591e-24, 6.49790407429e-24, 5.43097679973e-24, 8.68361991705e-24, 6.34799841419e-24, 4.17109888091e-24, 9.34385389623e-24, 1.15465026383e-23, 6.98758001488e-24, 1.79732443592e-23, 1.03327541498e-23, 6.93998172558e-24, 6.75034508599e-24, 9.44100053899e-24, 5.4799346908e-24, 6.81825969904e-24, 6.14743329005e-24, 8.33015895555e-24, 6.06838666634e-24, 8.18371402824e-24, 1.14945813913e-23, 8.58584691873e-24, 9.00926564303e-24, 8.3836382029e-24, 4.20978185869e-24, 6.82641415422e-24, 8.34244704187e-24, 8.90880815105e-24, 4.95623360165e-24, 9.99880724051e-24, 9.34602247486e-24, 1.06790128112e-23, 8.72351340189e-24, 9.87767528193e-24],
        "var": [1.7240527086e-05, 1.17468871395e-05, 1.00660145108e-06, 2.34423623624e-06, 2.44783365133e-07, 2.44631792157e-07, 7.13470626579e-07, 1.27229714053e-06, 4.75685681067e-07, 1.04522008826e-08, 1.44420795323e-07, 6.58719301327e-08, 6.57694769757e-08, 9.52689305223e-09, 2.38729569446e-09, 1.02744310837e-08, 4.06483415816e-08, 1.85067550174e-09, 9.293024128e-10, 1.73679171045e-09, 2.194424642e-09, 1.1519920573e-09, 5.78430137121e-10, 5.17708598213e-10, 4.42365200026e-10, 5.77838499272e-10, 7.62874541316e-10, 2.97426749896e-10, 2.83200629614e-10, 4.79458174552e-11, 5.05208444523e-11, 4.76188706522e-11, 8.73643084959e-12, 9.85205406839e-12, 7.98401796065e-12, 4.51256827044e-12, 1.33417777694e-12, 2.31246792548e-12, 4.68638322593e-12, 4.69660898714e-12]
    },
    "mfcc": {
        "mean": [-723.658569336, 162.622512817, 28.6030731201, 13.2259740829, 13.8569021225, 6.19834089279, 6.17940378189, -3.12324094772, 1.28799116611, 4.53592681885, 3.82880568504, 1.05434691906, 2.30961847305],
        "cov": [[11293.5185547, -3049.65576172, -1345.05834961, 546.945007324, -369.657897949, -274.612030029, -11.4567918777, -47.658744812, -32.6267356873, -120.172264099, -48.7654533386, -0.780892550945, 250.913391113], [-3049.65576172, 2533.21069336, -79.373374939, -380.687011719, 228.46144104, 53.6720085144, 1.9627352953, 27.1679534912, 17.834651947, 76.6539535522, 65.0727844238, 63.2977142334, -33.7003707886], [-1345.05834961, -79.373374939, 1147.10229492, 189.087173462, 107.645050049, 115.794143677, 9.58172607422, -18.4718112946, 20.8164215088, 17.6859893799, 27.9302349091, -32.2350997925, -77.5615005493], [546.945007324, -380.687011719, 189.087173462, 437.75491333, 48.7817764282, 57.8028068542, 17.7649745941, 8.1376953125, 19.75415802, 1.25126707554, -4.8008480072, -22.7195930481, 4.66176319122], [-369.657897949, 228.46144104, 107.645050049, 48.7817764282, 259.707641602, 74.4677047729, 40.1216239929, 24.1763248444, 38.5395851135, 7.67451190948, 11.5972480774, 11.1382465363, -6.87961149216], [-274.612030029, 53.6720085144, 115.794143677, 57.8028068542, 74.4677047729, 153.510955811, 52.6056442261, 16.7940216064, 15.3544769287, 9.71358966827, -6.2674202919, -0.45486342907, -11.1405706406], [-11.4567918777, 1.9627352953, 9.58172607422, 17.7649745941, 40.1216239929, 52.6056442261, 129.940490723, 64.313949585, 10.7779054642, 0.589260339737, 3.27251625061, 20.9178390503, 13.6364412308], [-47.658744812, 27.1679534912, -18.4718112946, 8.1376953125, 24.1763248444, 16.7940216064, 64.313949585, 119.944915771, 40.1831703186, -9.12485408783, 14.3264884949, 32.0406112671, 10.9644289017], [-32.6267356873, 17.834651947, 20.8164215088, 19.75415802, 38.5395851135, 15.3544769287, 10.7779054642, 40.1831703186, 84.9859466553, 33.2478790283, 16.720117569, 11.9319820404, 5.34399461746], [-120.172264099, 76.6539535522, 17.6859893799, 1.25126707554, 7.67451190948, 9.71358966827, 0.589260339737, -9.12485408783, 33.2478790283, 90.3478317261, 29.3385238647, 3.34697842598, -0.773873090744], [-48.7654533386, 65.0727844238, 27.9302349091, -4.8008480072, 11.5972480774, -6.2674202919, 3.27251625061, 14.3264884949, 16.720117569, 29.3385238647, 84.1510620117, 31.1746101379, 5.87803554535], [-0.780892550945, 63.2977142334, -32.2350997925, -22.7195930481, 11.1382465363, -0.45486342907, 20.9178390503, 32.0406112671, 11.9319820404, 3.34697842598, 31.1746101379, 88.3316192627, 36.8310279846], [250.913391113, -33.7003707886, -77.5615005493, 4.66176319122, -6.87961149216, -11.1405706406, 13.6364412308, 10.9644289017, 5.34399461746, -0.773873090744, 5.87803554535, 36.8310279846, 76.724067688]],
