{
"lowlevel": {
    "average_loudness": 0.80827832222,
    "barkbands_crest": {
        "dmean": 2.30695009232,
        "dmean2": 3.7156059742,
        "dvar": 8.44686412811,
        "dvar2": 19.8446655273,
        "max": 26.3721904755,
        "mean": 18.0417137146,
        "median": 19.2975120544,
        "min": 2.71009516716,
        "var": 41.452091217
    },
    "barkbands_flatness_db": {
        "dmean": 0.0311917550862,
        "dmean2": 0.0442931577563,
        "dvar": 0.00133498874493,
        "dvar2": 0.00256114616059,
        "max": 0.792652308941,
        "mean": 0.261832773685,
        "median": 0.25322881341,
        "min": 0.0315675884485,
        "var": 0.0113805606961
    },
    "barkbands_kurtosis": {
        "dmean": 32.2555198669,
        "dmean2": 46.2279510498,
        "dvar": 8870.07714844,
        "dvar2": 17272.6972656,
        "max": 2031.22180176,
        "mean": 68.1806869507,
        "median": 15.5206537247,
        "min": -1.99405121803,
        "var": 25852.3164062
    },
    "barkbands_skewness": {
        "dmean": 1.37609517574,
        "dmean2": 1.99316036701,
        "dvar": 4.52732276917,
        "dvar2": 8.99464035034,
        "max": 38.617565155,
        "mean": 4.73761415482,
        "median": 3.22997140884,
        "min": -13.432888031,
        "var": 26.4408321381
    },
    "barkbands_spread": {
        "dmean": 3.90790367126,
        "dmean2": 5.68122148514,
        "dvar": 55.3012962341,
        "dvar2": 108.325019836,
        "max": 167.303634644,
        "mean": 9.44897270203,
        "median": 5.39304637909,
        "min": 0.0340830497444,
        "var": 162.207946777
    },
    "dissonance": {
        "dmean": 0.0297868605703,
        "dmean2": 0.0493216365576,
        "dvar": 0.000789487326983,
        "dvar2": 0.00207030633464,
        "max": 0.500000119209,
        "mean": 0.430339515209,
        "median": 0.440738022327,
        "min": 0.148728325963,
        "var": 0.00243121921085
    },
    "dynamic_complexity": 4.8671336174,
    "erbbands_crest": {
        "dmean": 2.79313611984,
        "dmean2": 4.47776699066,
        "dvar": 7.97365570068,
        "dvar2": 18.9283180237,
        "max": 30.8142356873,
        "mean": 11.5534410477,
        "median": 10.4698162079,
        "min": 2.20078206062,
        "var": 25.0336380005
    },
    "erbbands_flatness_db": {
        "dmean": 0.0233437623829,
        "dmean2": 0.0329159386456,
        "dvar": 0.000582591746934,
        "dvar2": 0.00114199635573,
        "max": 0.503185331821,
        "mean": 0.177577719092,
        "median": 0.165274679661,
        "min": 0.0235658530146,
        "var": 0.005513405893
    },
    "erbbands_kurtosis": {
        "dmean": 2.21463918686,
        "dmean2": 3.38771533966,
        "dvar": 13.6488313675,
        "dvar2": 30.6677722931,
        "max": 91.7657089233,
        "mean": 3.82570266724,
        "median": 1.84445333481,
        "min": -1.85196697712,
        "var": 46.7090072632
    },
    "erbbands_skewness": {
        "dmean": 0.472075164318,
        "dmean2": 0.708442211151,
        "dvar": 0.257020056248,
        "dvar2": 0.536185920238,
        "max": 7.28994226456,
        "mean": 1.08517944813,
        "median": 0.960069537163,
        "min": -4.33315849304,
        "var": 1.46110665798
    },
    "erbbands_spread": {
        "dmean": 9.34717273712,
        "dmean2": 13.6724042892,
        "dvar": 165.457504272,
        "dvar2": 339.680419922,
        "max": 187.186935425,
        "mean": 33.5889549255,
        "median": 26.7244796753,
        "min": 0.747494518757,
        "var": 610.217651367
    },
    "hfc": {
        "dmean": 6.27858924866,
        "dmean2": 9.54832172394,
        "dvar": 187.081481934,
        "dvar2": 449.57131958,
        "max": 280.288696289,
        "mean": 14.4276313782,
        "median": 10.3413715363,
        "min": 1.1223321547e-16,
        "var": 259.894897461
    },
    "melbands_crest": {
        "dmean": 2.36303925514,
        "dmean2": 3.78121256828,
        "dvar": 9.32263755798,
        "dvar2": 21.1761569977,
        "max": 39.3266792297,
        "mean": 20.5303764343,
        "median": 20.6113986969,
        "min": 1.71412110329,
        "var": 56.9714927673
    },
    "melbands_flatness_db": {
        "dmean": 0.0345643684268,
        "dmean2": 0.048784725368,
        "dvar": 0.00182458793279,
        "dvar2": 0.00337523780763,
        "max": 0.982076823711,
        "mean": 0.360251456499,
        "median": 0.35583075881,
        "min": 0.00823572929949,
        "var": 0.0175272412598
    },
    "melbands_kurtosis": {
        "dmean": 33.5293235779,
        "dmean2": 50.0221710205,
        "dvar": 5845.1640625,
        "dvar2": 12389.4599609,
        "max": 1914.22644043,
        "mean": 81.3771209717,
        "median": 24.2897071838,
        "min": -1.76332509518,
        "var": 27628.0625
    },
    "melbands_skewness": {
        "dmean": 1.26249587536,
        "dmean2": 1.88167214394,
        "dvar": 2.89731740952,
        "dvar2": 6.1703543663,
        "max": 33.4617042542,
        "mean": 4.87371778488,
        "median": 3.79996919632,
        "min": -3.99882340431,
        "var": 16.2145442963
    },
    "melbands_spread": {
        "dmean": 3.29252266884,
        "dmean2": 5.0563044548,
        "dvar": 44.3507156372,
        "dvar2": 97.3013076782,
        "max": 205.358856201,
        "mean": 9.07012176514,
        "median": 4.87261390686,
        "min": 0.154132530093,
        "var": 223.185760498
    },
    "pitch_salience": {
        "dmean": 0.0676046535373,
        "dmean2": 0.106486611068,
        "dvar": 0.00612189946696,
        "dvar2": 0.0144807528704,
        "max": 0.958515226841,
        "mean": 0.372927755117,
        "median": 0.381006419659,
        "min": 0.0142829753458,
        "var": 0.037092808634
    },
    "silence_rate_20dB": {
        "dmean": 0.00517107639462,
        "dmean2": 0.0103430440649,
        "dvar": 0.0051443031989,
        "dvar2": 0.0136835919693,
        "max": 1,
        "mean": 0.995777308941,
        "median": 1,
        "min": 0,
        "var": 0.00420509744436
    },
    "silence_rate_30dB": {
        "dmean": 0.0586055330932,
        "dmean2": 0.117221169174,
        "dvar": 0.0551745779812,
        "dvar2": 0.112964786589,
        "max": 1,
        "mean": 0.701999306679,
        "median": 1,
        "min": 0,
        "var": 0.20919072628
    },
    "silence_rate_60dB": {
        "dmean": 0.0306817200035,
        "dmean2": 0.0613687299192,
        "dvar": 0.0297432467341,
        "dvar2": 0.0651872828603,
        "max": 1,
        "mean": 0.120389521122,
        "median": 0,
        "min": 0,
        "var": 0.105878524482
    },
    "spectral_centroid": {
        "dmean": 153.71585083,
        "dmean2": 222.124832153,
        "dvar": 65347.9492188,
        "dvar2": 120352.25,
        "max": 10954.2119141,
        "mean": 652.016784668,
        "median": 480.059387207,
        "min": 61.6517562866,
        "var": 329180.6875
    },
    "spectral_complexity": {
        "dmean": 2.30354213715,
        "dmean2": 3.58731245995,
        "dvar": 15.7615671158,
        "dvar2": 31.6001281738,
        "max": 54,
        "mean": 9.68519496918,
        "median": 8,
        "min": 0,
        "var": 47.8343009949
    },
    "spectral_decrease": {
        "dmean": 4.78456918529e-09,
        "dmean2": 7.406440794e-09,
        "dvar": 1.27273079542e-16,
        "dvar2": 2.80573813957e-16,
        "max": 9.04233293941e-16,
        "mean": -1.99331680051e-08,
        "median": -1.09341087295e-08,
        "min": -1.19801242704e-07,
        "var": 4.64577878053e-16
    },
    "spectral_energy": {
        "dmean": 0.0185233466327,
        "dmean2": 0.0286622922868,
        "dvar": 0.00185181596316,
        "dvar2": 0.00408180616796,
        "max": 0.459109783173,
        "mean": 0.076540723443,
        "median": 0.0428526327014,
        "min": 1.05237584912e-20,
        "var": 0.00672783656046
    },
    "spectral_energyband_high": {
        "dmean": 0.000198232519324,
        "dmean2": 0.000299945764709,
        "dvar": 4.75357609275e-07,
        "dvar2": 1.22516019019e-06,
        "max": 0.022431422025,
        "mean": 0.000224086397793,
        "median": 7.63180287322e-05,
        "min": 7.92392255578e-21,
        "var": 3.75237078742e-07
    },
    "spectral_energyband_low": {
        "dmean": 0.0140429977328,
        "dmean2": 0.0219781268388,
        "dvar": 0.00167264661286,
        "dvar2": 0.00372079666704,
        "max": 0.423542141914,
        "mean": 0.061130899936,
        "median": 0.0205157045275,
        "min": 8.41909213633e-23,
        "var": 0.00631238194183
    },
    "spectral_energyband_middle_high": {
        "dmean": 0.00234915548936,
        "dmean2": 0.00369509193115,
        "dvar": 6.27752087894e-05,
        "dvar2": 0.000149220213643,
        "max": 0.236994326115,
        "mean": 0.00330771296285,
        "median": 0.000879767234437,
        "min": 1.59262853e-21,
        "var": 7.01719181961e-05
    },
    "spectral_energyband_middle_low": {
        "dmean": 0.00512126553804,
        "dmean2": 0.00783524103463,
        "dvar": 0.000103674574348,
        "dvar2": 0.000245012663072,
        "max": 0.238752305508,
        "mean": 0.0125370286405,
        "median": 0.00642555486411,
        "min": 1.67213268358e-22,
        "var": 0.00029885242111
    },
    "spectral_entropy": {
        "dmean": 0.26230147481,
        "dmean2": 0.369698315859,
        "dvar": 0.0837031155825,
        "dvar2": 0.15646995604,
        "max": 9.80497360229,
        "mean": 6.84831666946,
        "median": 6.86384248734,
        "min": 3.31451678276,
        "var": 0.626026630402
    },
    "spectral_flux": {
        "dmean": 0.039554849267,
        "dmean2": 0.063025444746,
        "dvar": 0.00485750613734,
        "dvar2": 0.0104159209877,
        "max": 0.646848499775,
        "mean": 0.071008451283,
        "median": 0.0430097728968,
        "min": 1.02585370754e-10,
        "var": 0.00643020728603
    },
    "spectral_kurtosis": {
        "dmean": 5.24572038651,
        "dmean2": 8.80986785889,
        "dvar": 371.212799072,
        "dvar2": 1193.47509766,
        "max": 616.424926758,
        "mean": 17.4841346741,
        "median": 7.19004154205,
        "min": -1.18693804741,
        "var": 1773.59985352
    },
    "spectral_rms": {
        "dmean": 0.00103596923873,
        "dmean2": 0.00154238205869,
        "dvar": 4.25536882176e-06,
        "dvar2": 8.58089060785e-06,
        "max": 0.0211639311165,
        "mean": 0.00726588070393,
        "median": 0.00646586809307,
        "min": 3.204228766e-12,
        "var": 2.18804489123e-05
    },
    "spectral_rolloff": {
        "dmean": 299.742675781,
        "dmean2": 492.525085449,
        "dvar": 1273211,
        "dvar2": 2774295,
        "max": 20090.4785156,
        "mean": 846.568359375,
        "median": 322.998046875,
        "min": 64.599609375,
        "var": 6170305
    },
    "spectral_skewness": {
        "dmean": 0.397116661072,
        "dmean2": 0.609974741936,
        "dvar": 0.353216081858,
        "dvar2": 0.973412513733,
        "max": 20.5256347656,
        "mean": 2.86356782913,
        "median": 2.36637496948,
        "min": -0.00696472916752,
        "var": 4.45247888565
    },
    "spectral_spread": {
        "dmean": 856611.6875,
        "dmean2": 1215165,
        "dvar": 1.1652333568e+12,
        "dvar2": 2.21871105638e+12,
        "max": 39649896,
        "mean": 5440899,
        "median": 5084188,
        "min": 182347.75,
        "var": 7.80021635482e+12
    },
    "spectral_strongpeak": {
        "dmean": 0.246092513204,
        "dmean2": 0.396528154612,
        "dvar": 0.500581562519,
        "dvar2": 1.15955781937,
        "max": 17.7552318573,
        "mean": 0.819163858891,
        "median": 0.693070173264,
        "min": 0,
        "var": 0.728061437607
    },
    "zerocrossingrate": {
        "dmean": 0.00966971926391,
        "dmean2": 0.0114238541573,
        "dvar": 0.000264369824436,
        "dvar2": 0.000331454677507,
        "max": 0.85595703125,
        "mean": 0.0410778187215,
        "median": 0.021484375,
        "min": 0.00244140625,
        "var": 0.00792941078544
    },
    "barkbands": {
        "dmean": [0.000888517010026, 0.0125205712393, 0.00122697919142, 0.00124878506176, 0.0030044852756, 0.0011515050428, 0.000540219421964, 0.000444542616606, 0.000305022345856, 0.000310725707095, 0.00117886601947, 0.000269986223429, 8.62512533786e-05, 0.000363438099157, 0.000288375798846, 0.000150272579049, 9.27287692321e-05, 5.23547932971e-05, 4.06482649851e-05, 3.43989668181e-05, 4.03530539188e-05, 2.00279137061e-05, 2.21965838136e-05, 2.44452112383e-05, 2.83717981802e-05, 1.73342614289e-05, 4.07598054153e-05],
        "dmean2": [0.00158318830654, 0.0194264315069, 0.00212570815347, 0.00199645711109, 0.00458403863013, 0.0018722191453, 0.000789169920608, 0.000659624463879, 0.000423542544013, 0.000426652812166, 0.00191729620565, 0.000440617703134, 0.000136345697683, 0.000585544854403, 0.00049734825734, 0.000249634555075, 0.000156155161676, 8.12301368569e-05, 6.46744665573e-05, 5.56362501811e-05, 6.54113900964e-05, 3.18993006658e-05, 3.5647808545e-05, 3.76171410608e-05, 4.36937734776e-05, 2.57635329035e-05, 6.26822511549e-05],
        "dvar": [1.24266416606e-05, 0.0013614052441, 3.36701996275e-05, 1.41174059536e-05, 4.7707464546e-05, 7.96887252363e-06, 1.17057061289e-06, 1.21157256672e-06, 1.38943630645e-06, 6.68675454563e-07, 2.63020174316e-05, 7.65284221416e-06, 1.0697082331e-07, 4.69263159175e-06, 1.48982519477e-06, 7.00475538906e-07, 1.78827946229e-07, 1.44035055882e-07, 9.74868896719e-08, 6.73099123105e-08, 1.01240452466e-07, 1.24661188039e-08, 7.515160938e-09, 4.87402296301e-09, 4.50930093265e-09, 1.31598232311e-09, 5.62353497102e-09],
        "dvar2": [3.44572872564e-05, 0.00294100097381, 7.45141951484e-05, 3.77060605388e-05, 0.00010504128295, 1.99046025955e-05, 2.34713843383e-06, 2.12592408388e-06, 2.31120634453e-06, 1.34808794883e-06, 6.41123770038e-05, 1.70439161593e-05, 2.46273401672e-07, 1.06014940684e-05, 3.99462942369e-06, 1.83169220236e-06, 4.5775379931e-07, 3.36831845971e-07, 2.48867905839e-07, 1.81934510124e-07, 2.74952441259e-07, 3.33336842573e-08, 1.9338497026e-08, 1.1928656285e-08, 1.1104305031e-08, 3.28532157035e-09, 1.20308740748e-08],
        "max": [0.0585310980678, 0.409552752972, 0.281178116798, 0.114183843136, 0.183537319303, 0.101979978383, 0.027779635042, 0.0696634501219, 0.058193102479, 0.0178595352918, 0.213256552815, 0.174772650003, 0.0125365573913, 0.0922502055764, 0.030305031687, 0.021160043776, 0.015434531495, 0.0156558938324, 0.0121840741485, 0.0108055993915, 0.0145369842649, 0.00417782040313, 0.00138606317341, 0.00103577307891, 0.000988571788184, 0.000455955712823, 0.00057003449183],
        "mean": [0.00132986065, 0.0572354011238, 0.00207193684764, 0.00149197725113, 0.00575503939763, 0.00210143974982, 0.00129522837233, 0.000892066163942, 0.000672866706736, 0.000671011279337, 0.00131095922552, 0.000256473373156, 0.000129102918436, 0.000406267936341, 0.000299914594507, 0.000155290734256, 0.000114115136967, 6.36737822788e-05, 4.40824733232e-05, 3.26954213961e-05, 3.83527476515e-05, 2.03297331609e-05, 2.41629077209e-05, 3.21100378642e-05, 3.762036431e-05, 2.02700757654e-05, 3.81770405511e-05],
        "median": [1.45546900967e-05, 0.0185012184083, 7.48121965444e-05, 0.000251904566539, 0.00151247344911, 0.000508892582729, 0.00042916520033, 0.000174557077116, 9.40994141274e-05, 0.000144744073623, 0.000174159562448, 2.2711152269e-05, 2.57988212979e-05, 3.59511832357e-05, 2.64583050011e-05, 1.18225698316e-05, 2.51577621384e-05, 6.20108403382e-06, 4.21533513872e-06, 4.84491738462e-06, 6.0464208218e-06, 5.11684083904e-06, 9.95087066258e-06, 1.47465962073e-05, 1.81730447366e-05, 7.29222392692e-06, 2.48759124588e-06],
        "min": [2.8253640233e-23, 3.09579437685e-23, 1.31370529048e-23, 2.64043688332e-23, 2.59918908208e-23, 1.65672118139e-23, 1.63877096704e-23, 2.66807809612e-23, 2.53018915419e-23, 1.04899668707e-22, 7.7562893105e-23, 1.0287726916e-22, 6.63855860478e-23, 1.31095883968e-22, 1.16182209809e-22, 1.16377001654e-22, 1.34519186887e-22, 2.75364836286e-22, 2.99344541731e-22, 3.03078567494e-22, 4.87656040149e-22, 8.07879748422e-22, 6.72789602945e-22, 9.56783416331e-22, 1.30651239048e-21, 1.53105052737e-21, 2.2055733019e-21],
        "var": [1.0477030628e-05, 0.00563562987372, 0.000115006885608, 1.38548339237e-05, 0.000130835498567, 1.80080696737e-05, 4.43979115516e-06, 5.37997811989e-06, 4.67001245852e-06, 1.90521916466e-06, 2.51413621299e-05, 7.69326379668e-06, 1.4882891719e-07, 4.92654680784e-06, 1.43379986639e-06, 6.33163153907e-07, 2.1822992835e-07, 2.02261389859e-07, 1.03113514172e-07, 4.84541153867e-08, 6.86352308321e-08, 8.68467520121e-09, 5.83269565979e-09, 4.40740821617e-09, 4.42381331567e-09, 1.2925541748e-09, 6.18756867965e-09]
    },
    "erbbands": {
        "dmean": [0.42021459341, 2.62232232094, 2.0216255188, 2.7612631321, 5.4345498085, 13.2618103027, 8.15819835663, 10.7890520096, 6.32947778702, 13.0226602554, 6.53853464127, 8.04487419128, 7.91225385666, 21.4389076233, 39.8563995361, 9.52489852905, 5.12491321564, 16.7592334747, 16.8568992615, 11.1954164505, 7.64589595795, 4.89193248749, 2.84930038452, 2.08847498894, 2.30552840233, 1.68046402931, 1.64880931377, 1.38925528526, 0.846521377563, 0.53700107336, 0.653293132782, 0.359859585762, 0.576451063156, 0.439533740282, 0.117089666426, 0.0544899217784, 0.0369709096849, 0.0398709401488, 0.00587812066078, 0.000136250891956],
        "dmean2": [0.653342843056, 4.05959320068, 3.32011151314, 4.61656951904, 8.34903907776, 20.3273468018, 12.7431917191, 18.3247585297, 8.90352916718, 20.104724884, 8.9871673584, 10.9320487976, 11.344701767, 33.5675964355, 63.6737747192, 15.0550098419, 8.05323123932, 26.7617034912, 28.3417778015, 18.4949893951, 12.6954040527, 8.25211238861, 4.41443157196, 3.38088464737, 3.60554242134, 2.71929836273, 2.69042778015, 2.23152208328, 1.35161888599, 0.859119355679, 1.04809856415, 0.564127147198, 0.884611606598, 0.659535586834, 0.187121272087, 0.084910005331, 0.0539898686111, 0.0605628192425, 0.00907980557531, 0.000204809184652],
        "dvar": [1.63551878929, 61.0029678345, 53.8848075867, 85.5011825562, 203.172775269, 922.025939941, 382.966308594, 695.699768066, 241.484359741, 701.798095703, 553.601074219, 1037.3651123, 667.785583496, 9974.61816406, 28265.5976562, 7155.81640625, 1161.64318848, 12733.2402344, 3887.98632812, 3972.87792969, 1786.3425293, 451.946960449, 301.448425293, 321.857635498, 338.106323242, 144.965332031, 226.912826538, 89.7065124512, 20.3769760132, 5.74551105499, 6.48982572556, 1.33476126194, 2.08375310898, 0.978964209557, 0.0942212194204, 0.0169835314155, 0.00550704542547, 0.0052231005393, 0.000119182637718, 5.34615836045e-08],
        "dvar2": [3.63040709496, 128.208145142, 119.790855408, 232.622787476, 531.735961914, 2058.7644043, 731.664611816, 1981.74121094, 481.81942749, 1690.77722168, 717.027770996, 1721.91809082, 1448.47265625, 23316.3417969, 67357.5546875, 16007.9365234, 2503.11816406, 28169.5761719, 10112.8564453, 10494.0488281, 4694.22216797, 1194.87316895, 655.64251709, 891.855895996, 829.10546875, 392.579589844, 631.004943848, 240.492675781, 53.7225265503, 14.4595689774, 16.8469581604, 3.285187006, 5.08677482605, 2.34383058548, 0.237201720476, 0.0434127189219, 0.0136905377731, 0.0113050462678, 0.000259235705016, 1.17200045224e-07],
        "max": [18.849981308, 100.496009827, 287.58770752, 363.614227295, 323.29473877, 803.570068359, 788.552062988, 812.826171875, 424.444732666, 475.819915771, 1912.78356934, 1651.07836914, 682.502075195, 3566.98266602, 6541.37744141, 3694.93701172, 1761.53479004, 5161.97021484, 964.14263916, 2028.70141602, 918.286315918, 675.73638916, 737.725341797, 859.363464355, 806.930480957, 502.458618164, 686.114990234, 444.188537598, 167.210800171, 39.7076873779, 40.4597091675, 17.7272129059, 22.2149295807, 14.4623327255, 4.56564617157, 1.89518070221, 0.940980613232, 0.652311444283, 0.0815828964114, 0.00173123157583],
        "mean": [1.81375932693, 11.8962049484, 6.43363809586, 3.54737520218, 9.90177249908, 23.5153694153, 16.7303524017, 18.6875858307, 16.5828933716, 25.5184822083, 15.6629238129, 18.6396179199, 18.9077720642, 27.6483783722, 46.5293655396, 10.5815858841, 7.17568016052, 19.306722641, 17.9052371979, 12.4596948624, 8.05170345306, 5.95676660538, 3.72414827347, 2.30329394341, 2.57127666473, 1.65063238144, 1.56103503704, 1.3039034605, 0.856175839901, 0.483471602201, 0.745884954929, 0.435531973839, 0.783170700073, 0.593631803989, 0.154155790806, 0.0652150288224, 0.0436672903597, 0.0388825200498, 0.00544748129323, 0.000195455242647],
        "median": [0.531362891197, 3.48562240601, 1.01129961014, 0.765679717064, 2.17717766762, 5.7890753746, 4.50246715546, 4.67634010315, 5.441198349, 7.70616960526, 3.4146091938, 2.80472970009, 3.89881181717, 5.38198280334, 7.10933256149, 1.64173078537, 1.52363657951, 2.17608976364, 1.82207345963, 1.07740187645, 0.829172134399, 1.33309078217, 0.481388837099, 0.277466833591, 0.214803010225, 0.27827745676, 0.274510264397, 0.220088645816, 0.222202688456, 0.0924517661333, 0.337760180235, 0.201585263014, 0.368805587292, 0.268525898457, 0.0900719612837, 0.0290848053992, 0.0152860470116, 0.00427947100252, 0.000381473335437, 9.75633447524e-05],
        "min": [1.53021617759e-21, 4.30158192724e-21, 1.40844446796e-20, 7.34040851061e-20, 8.68532793091e-20, 6.84333758595e-20, 4.18098020562e-20, 1.45859432824e-19, 3.05750976613e-19, 2.48631906419e-19, 8.178859976e-19, 5.5752019815e-19, 2.57599965976e-18, 2.3395014848e-18, 3.82293721005e-18, 4.49001453351e-18, 3.05501126709e-18, 4.82178468308e-18, 8.13234181989e-18, 4.88713443302e-18, 8.01013746492e-18, 6.89061550746e-18, 1.27722700181e-17, 1.81278566844e-17, 1.60315444385e-17, 1.10141265775e-17, 1.31158982154e-17, 2.67016978844e-17, 2.80757970831e-17, 1.88172306612e-17, 1.93371682701e-17, 2.33494491904e-17, 1.42170377381e-17, 1.3676352785e-17, 9.61452374613e-18, 5.84821945672e-18, 2.84307435927e-18, 1.19704956377e-18, 3.33047885129e-19, 3.11807864477e-20],
        "var": [6.97934627533, 271.888214111, 223.614395142, 90.5698242188, 391.42666626, 2334.36962891, 1228.21008301, 1333.81079102, 849.44732666, 1901.93481445, 2714.16040039, 3508.97900391, 1869.40551758, 10101.9960938, 28740.5390625, 7380.77636719, 1358.68811035, 13187.9794922, 4309.92919922, 3566.47167969, 1624.14758301, 477.001159668, 516.849243164, 237.57635498, 409.883453369, 101.235832214, 145.555160522, 61.498664856, 14.5981369019, 4.5447678566, 4.98348474503, 1.15956199169, 1.97321045399, 1.03256869316, 0.0838778540492, 0.0148913403973, 0.0056516667828, 0.00579096376896, 0.000128344428958, 6.5474146993e-08]
    },
    "gfcc": {
        "mean": [-71.3735046387, 98.0731124878, -61.2610397339, 1.41940581799, -47.7237014771, 16.530424118, -34.6124763489, 7.35986804962, -17.4013309479, 2.2272875309, -9.53914642334, 3.09468078613, 1.2391102314],
        "cov": [[20446.6601562, 359.717834473, -505.408203125, 1366.90234375, 291.447418213, 799.231811523, -167.167098999, 834.039794922, 111.009361267, 478.007873535, -117.345504761, 297.951507568, -109.49924469], [359.717834473, 2843.76074219, 80.141166687, -348.497528076, 171.721542358, -33.9900550842, -15.8649463654, -93.959815979, 116.419914246, -144.885894775, 76.7388763428, -132.516891479, 178.59185791], [-505.408203125, 80.141166687, 1980.29919434, 794.28137207, 425.905426025, 420.696014404, 450.115356445, 233.126602173, 276.346099854, 169.176574707, 147.264816284, 119.788909912, 77.994140625], [1366.90234375, -348.497528076, 794.28137207, 1148.22558594, 550.810852051, 430.886535645, 386.12979126, 432.55770874, 275.776824951, 208.607727051, 161.092056274, 131.750808716, 27.1135158539], [291.447418213, 171.721542358, 425.905426025, 550.810852051, 773.185546875, 407.876495361, 410.27911377, 283.661437988, 317.062713623, 162.697021484, 183.649429321, 70.2026824951, 55.9494361877], [799.231811523, -33.9900550842, 420.696014404, 430.886535645, 407.876495361, 542.197875977, 298.627380371, 273.411895752, 198.106826782, 180.818145752, 118.496139526, 103.117645264, 41.3777770996], [-167.167098999, -15.8649463654, 450.115356445, 386.12979126, 410.27911377, 298.627380371, 536.610290527, 250.299880981, 254.467224121, 154.875900269, 191.670379639, 82.216545105, 39.8547859192], [834.039794922, -93.959815979, 233.126602173, 432.55770874, 283.661437988, 273.411895752, 250.299880981, 389.963592529, 232.854171753, 174.613143921, 137.991882324, 106.897743225, 15.338353157], [111.009361267, 116.419914246, 276.346099854, 275.776824951, 317.062713623, 198.106826782, 254.467224121, 232.854171753, 294.816101074, 177.072219849, 150.371200562, 67.7714538574, 43.7794036865], [478.007873535, -144.885894775, 169.176574707, 208.607727051, 162.697021484, 180.818145752, 154.875900269, 174.613143921, 177.072219849, 210.828079224, 128.695678711, 80.3346939087, 23.4931049347], [-117.345504761, 76.7388763428, 147.264816284, 161.092056274, 183.649429321, 118.496139526, 191.670379639, 137.991882324, 150.371200562, 128.695678711, 177.83656311, 85.7521362305, 47.8502693176], [297.951507568, -132.516891479, 119.788909912, 131.750808716, 70.2026824951, 103.117645264, 82.216545105, 106.897743225, 67.7714538574, 80.3346939087, 85.7521362305, 130.328735352, 49.6523895264], [-109.49924469, 178.59185791, 77.994140625, 27.1135158539, 55.9494361877, 41.3777770996, 39.8547859192, 15.338353157, 43.7794036865, 23.4931049347, 47.8502693176, 49.6523895264, 100.236198425]],
        "icov": [[9.59973913268e-05, -0.000148897190229, 0.000103197977296, -0.000187694618944, -2.0601457436e-05, 2.09417758015e-05, -3.69232257071e-05, -8.11654244899e-05, 0.000313054479193, -0.000643910607323, 0.000696991803125, -0.00053728412604, 0.000318194768624], [-0.000148897190229, 0.000922677689232, -0.000286414375296, 0.000624843523838, 1.99362621061e-05, -0.000394154398236, 0.000590240291785, -0.000176012850716, -0.0012394314399, 0.00244796602055, -0.0024950185325, 0.00247543142177, -0.00187649554573], [0.000103197977296, -0.000286414375296, 0.00101010140497, -0.000934983894695, 0.000391441717511, -0.000346037006238, -0.000572214659769, 0.00087238359265, -0.000438248884166, -0.000604573637247, 0.00122464634478, -0.00117431860417, 0.000438560236944], [-0.000187694618944, 0.000624843523838, -0.000934983894695, 0.00292624346912, -0.00125369848683, 0.000137434937642, 0.000320611521602, -0.00225100200623, 0.000599180872086, 0.0010659636464, -0.00138618098572, 0.00155490089674, -0.00114236306399], [-2.0601457436e-05, 1.99362621061e-05, 0.000391441717511, -0.00125369848683, 0.0043196673505, -0.00223588151857, -0.000602250685915, 0.00145982380491, -0.00396658619866, 0.00287422677502, -0.00194730202202, 0.00121316383593, -0.000108118918433], [2.09417758015e-05, -0.000394154398236, -0.000346037006238, 0.000137434937642, -0.00223588151857, 0.00528708240017, -0.00136494846083, -0.00193984736688, 0.00327992020175, -0.00459660217166, 0.00369753525592, -0.00199929904193, -0.000267685769359], [-3.69232257071e-05, 0.000590240291785, -0.000572214659769, 0.000320611521602, -0.000602250685915, -0.00136494846083, 0.00530988490209, -0.000654474308249, -0.00215743063018, 0.00306161027402, -0.00516877928749, 0.00220725289546, -0.000246158073423], [-8.11654244899e-05, -0.000176012850716, 0.00087238359265, -0.00225100200623, 0.00145982380491, -0.00193984736688, -0.000654474308249, 0.0094232512638, -0.00572828017175, 0.000877523154486, -0.000399700831622, -0.00362095027231, 0.00323990033939], [0.000313054479193, -0.0012394314399, -0.000438248884166, 0.000599180872086, -0.00396658619866, 0.00327992020175, -0.00215743063018, -0.00572828017175, 0.0178063102067, -0.0119598610327, 0.0032158261165, -0.000159566348884, -0.00110644008964], [-0.000643910607323, 0.00244796602055, -0.000604573637247, 0.0010659636464, 0.00287422677502, -0.00459660217166, 0.00306161027402, 0.000877523154486, -0.0119598610327, 0.0232488587499, -0.0144630344585, 0.00493112951517, -0.0017050888855], [0.000696991803125, -0.0024950185325, 0.00122464634478, -0.00138618098572, -0.00194730202202, 0.00369753525592, -0.00516877928749, -0.000399700831622, 0.0032158261165, -0.0144630344585, 0.0262614637613, -0.0130185354501, 0.00220322608948], [-0.00053728412604, 0.00247543142177, -0.00117431860417, 0.00155490089674, 0.00121316383593, -0.00199929904193, 0.00220725289546, -0.00362095027231, -0.000159566348884, 0.00493112951517, -0.0130185354501, 0.0232592243701, -0.0110725453123], [0.000318194768624, -0.00187649554573, 0.000438560236944, -0.00114236306399, -0.000108118918433, -0.000267685769359, -0.000246158073423, 0.00323990033939, -0.00110644008964, -0.0017050888855, 0.00220322608948, -0.0110725453123, 0.0187240634114]]
    },
    "melbands": {
        "dmean": [0.00367229664698, 0.00188400910702, 0.000530412013177, 0.000670459878165, 0.000381105899578, 0.000232009668252, 9.90700427792e-05, 0.000134314846946, 5.281331687e-05, 4.59818475065e-05, 3.82419348171e-05, 7.84121148172e-05, 0.000159942821483, 3.80251112801e-05, 1.86199376913e-05, 9.19196463656e-06, 3.61557067663e-05, 2.80395906884e-05, 1.93595133169e-05, 1.23848121802e-05, 8.36707749841e-06, 5.47574927623e-06, 3.22261530528e-06, 2.65634776042e-06, 1.56516261995e-06, 1.73373928192e-06, 1.49582820086e-06, 9.87547537079e-07, 9.94525407805e-07, 9.80341610557e-07, 7.73860733716e-07, 5.32400463271e-07, 2.68339277909e-07, 3.39043111808e-07, 4.43117215809e-07, 2.50293453519e-07, 2.04314517305e-07, 3.56027527459e-07, 5.32129206476e-07, 2.94458516237e-07],
        "dmean2": [0.00570728024468, 0.00295240664855, 0.000865820620675, 0.00100580346771, 0.000598498794716, 0.000387397158192, 0.000138713396154, 0.000207474964554, 7.18476658221e-05, 6.29179412499e-05, 5.48315947526e-05, 0.000121591350762, 0.00025958486367, 6.03737244091e-05, 2.96335419989e-05, 1.4451721654e-05, 5.80948071729e-05, 4.7454093874e-05, 3.29507711285e-05, 2.03002291528e-05, 1.4036828361e-05, 9.29053931031e-06, 5.3701496654e-06, 4.06977960665e-06, 2.6045879622e-06, 2.71606836577e-06, 2.39994324147e-06, 1.61363368534e-06, 1.68709766513e-06, 1.50780510921e-06, 1.28683291223e-06, 8.50924948281e-07, 4.31003996937e-07, 5.53621362087e-07, 7.1970538329e-07, 4.01050812115e-07, 3.28419446305e-07, 5.54480038772e-07, 8.11679569779e-07, 4.36950841731e-07],
        "dvar": [0.00011823506793, 3.29524737026e-05, 2.54721089732e-06, 2.51825576925e-06, 8.06955711141e-07, 3.23114903722e-07, 5.35110054045e-08, 7.54917337531e-08, 3.78744253737e-08, 3.27922080601e-08, 1.62704854034e-08, 1.30166853296e-07, 4.56609512867e-07, 8.79434054468e-08, 8.01210902068e-08, 6.04872985033e-10, 6.66403181526e-08, 1.21151524368e-08, 9.08891628626e-09, 4.60010163295e-09, 2.20145790486e-09, 6.43995523575e-10, 1.89463750244e-10, 4.96375440751e-10, 2.05958361477e-10, 1.71095609902e-10, 1.71354708201e-10, 3.83126447234e-11, 1.19280821331e-10, 3.34782930544e-11, 3.1778232823e-11, 9.50399221128e-12, 1.6159963992e-12, 2.19604456148e-12, 3.28289782511e-12, 5.53443629901e-13, 4.85654593797e-13, 7.33105796121e-13, 1.95133080701e-12, 3.87586799678e-13],
        "dvar2": [0.000261117384071, 6.97597206454e-05, 6.78541482557e-06, 5.62787272429e-06, 1.65597805335e-06, 8.7748264832e-07, 1.05063712397e-07, 1.82852744501e-07, 5.12467721592e-08, 5.45284457587e-08, 3.54484726017e-08, 3.0057060485e-07, 1.12553573217e-06, 2.02882247891e-07, 1.73766821376e-07, 1.41779044061e-09, 1.48383264786e-07, 3.1575851267e-08, 2.45873632565e-08, 1.19311858171e-08, 5.78944270302e-09, 1.68375324794e-09, 4.48743125991e-10, 1.10622533356e-09, 5.83945003463e-10, 3.93961641088e-10, 4.56324422693e-10, 1.03043358568e-10, 3.4052072273e-10, 8.21937448658e-11, 8.66771307506e-11, 2.57931245806e-11, 3.9692407347e-12, 5.61199958032e-12, 8.54106108755e-12, 1.43390301802e-12, 1.17581422029e-12, 1.75378971328e-12, 4.97482567294e-12, 8.89184396686e-13],
        "max": [0.135667294264, 0.103526689112, 0.0611356720328, 0.0386932715774, 0.0315175876021, 0.018345233053, 0.00644308002666, 0.00466756895185, 0.0145373521373, 0.0090435501188, 0.00338657130487, 0.0131433801726, 0.0315988659859, 0.0236575957388, 0.01509684138, 0.000614361371845, 0.0118372980505, 0.00215733097866, 0.00265857833438, 0.00190712034237, 0.000945683801547, 0.000915085605811, 0.00048698214232, 0.00120800873265, 0.000695446040481, 0.000751710787881, 0.000513252569363, 0.00024634541478, 0.000507324468344, 0.000234212027863, 0.000267592869932, 0.000129421183374, 2.08323635889e-05, 2.42347832682e-05, 2.84488542093e-05, 1.14103286251e-05, 1.0421830666e-05, 1.33416533572e-05, 2.11126171052e-05, 8.81386404217e-06],
        "mean": [0.0164239462465, 0.00790136121213, 0.000731678330339, 0.00128042395227, 0.000743182201404, 0.000410093838582, 0.000256832572632, 0.00026311428519, 0.000126392653328, 0.000105056700704, 9.05654160306e-05, 0.000101832592918, 0.000182538744411, 4.04761631216e-05, 2.00964077521e-05, 1.4481686776e-05, 3.99976343033e-05, 2.91838878184e-05, 1.99786627491e-05, 1.35852978929e-05, 8.35312039271e-06, 6.53907227388e-06, 3.92268520955e-06, 3.41009194926e-06, 1.55198483753e-06, 1.88408000668e-06, 1.55636985255e-06, 9.47543981056e-07, 8.65817526119e-07, 1.03275795027e-06, 6.72295300319e-07, 5.53107270207e-07, 2.48468353448e-07, 2.88985177122e-07, 4.78161723549e-07, 3.15859722377e-07, 2.33120360349e-07, 5.1247434385e-07, 6.67885387884e-07, 4.06436953426e-07],
        "median": [0.00529984897003, 0.00202496349812, 0.000157261369168, 0.000332915777108, 0.000208384910366, 0.000100718156318, 8.3307546447e-05, 7.61560950195e-05, 2.07934426726e-05, 1.60923264048e-05, 1.70662133314e-05, 1.82025905815e-05, 2.50764132943e-05, 5.14442626809e-06, 2.02718183573e-06, 2.89987519864e-06, 3.6683950384e-06, 2.55304371422e-06, 1.57888302965e-06, 9.96891913019e-07, 6.96800270816e-07, 1.37510778586e-06, 7.14227439857e-07, 2.52078422136e-07, 1.92342056948e-07, 1.51963348571e-07, 1.29139152705e-07, 1.85091209914e-07, 1.62025742156e-07, 1.37613653806e-07, 1.12644386263e-07, 1.4274414184e-07, 5.79517696053e-08, 4.69099319389e-08, 1.90079674667e-07, 1.73854971308e-07, 9.67617950209e-08, 2.72261559076e-07, 2.53183742416e-07, 1.88983960925e-07],
        "min": [1.20764428284e-23, 7.12378947194e-24, 1.16172129744e-23, 6.57316929326e-24, 1.58715530497e-24, 3.27461604897e-24, 4.68111086677e-24, 2.58344156458e-24, 7.80143913332e-24, 2.79096740014e-24, 1.3893388286e-23, 1.01341087187e-23, 1.08175194312e-23, 1.36932369194e-23, 8.96861642944e-24, 6.07408894739e-24, 9.50183039225e-24, 1.4579127716e-23, 7.3375818213e-24, 7.31048444921e-24, 1.00503017138e-23, 7.52455211103e-24, 7.20995438203e-24, 1.54998009676e-23, 1.52134791689e-23, 8.69061316897e-24, 1.2600152595e-23, 6.21318681866e-24, 7.67537916067e-24, 1.13393122659e-23, 1.68032516185e-23, 1.66232414486e-23, 1.48554609579e-23, 8.20793205803e-24, 8.80538848638e-24, 1.66544235424e-23, 1.37809566744e-23, 9.51137876464e-24, 1.10218628047e-23, 1.14136127079e-23],
        "var": [0.00047368122614, 0.000150895983097, 3.06455103782e-06, 6.6697703005e-06, 2.43852946369e-06, 6.57530620174e-07, 1.94843337908e-07, 2.12241204167e-07, 1.72239055019e-07, 1.10677362386e-07, 4.53929054345e-08, 1.36586791655e-07, 4.40184066974e-07, 8.21618044711e-08, 8.72595720125e-08, 1.25135612983e-09, 6.77718787756e-08, 1.30504691498e-08, 8.24806001276e-09, 4.28627711102e-09, 2.0081443175e-09, 7.11363745687e-10, 2.64120003646e-10, 8.66781701969e-10, 1.28800067833e-10, 2.46483972122e-10, 1.43417583365e-10, 2.68153936556e-11, 6.98130303567e-11, 3.08481226674e-11, 2.06547504794e-11, 6.41763508655e-12, 1.30612361204e-12, 1.68777871453e-12, 2.49598258728e-12, 4.42739920246e-13, 4.25812136202e-13, 7.21756259359e-13, 1.72966567284e-12, 4.47796259708e-13]
    },
    "mfcc": {
        "mean": [-730.450561523, 143.516784668, 39.7951393127, 2.48246502876, 13.9898872375, 1.66145551205, 3.02422261238, -0.722736299038, 6.73363018036, -1.79739463329, -5.18709421158, 2.52543854713, -0.389860928059],
        "cov": [[10103.0097656, 998.000976562, -850.049804688, 77.7336807251, 601.203674316, 242.127548218, 258.116394043, 153.489761353, 419.418334961, 259.301483154, 195.220565796, 148.29826355, 124.899871826], [998.000976562, 1892.38269043, 158.598632812, -88.0543518066, 205.407821655, 78.8273696899, -3.71686005592, 51.9293823242, 79.5000152588, 85.8549118042, -15.2438631058, -20.8489093781, -6.90461111069], [-850.049804688, 158.598632812, 1414.40905762, 491.955322266, 271.753570557, 312.332733154, 252.382049561, 223.483215332, 187.961990356, 125.447555542, 136.807983398, 152.364685059, 48.565032959], [77.7336807251, -88.0543518066, 491.955322266, 711.541015625, 391.713226318, 246.971450806, 281.770263672, 284.960174561, 225.891616821, 188.839035034, 213.705307007, 189.098114014, 138.317443848], [601.203674316, 205.407821655, 271.753570557, 391.713226318, 599.617736816, 336.451507568, 244.317764282, 260.827667236, 251.60975647, 217.923278809, 183.147659302, 168.709335327, 130.869018555], [242.127548218, 78.8273696899, 312.332733154, 246.971450806, 336.451507568, 409.823242188, 283.909210205, 208.036819458, 214.058364868, 171.473190308, 148.484680176, 135.521133423, 106.924629211], [258.116394043, -3.71686005592, 252.382049561, 281.770263672, 244.317764282, 283.909210205, 335.055786133, 254.605880737, 193.019256592, 171.669631958, 155.690750122, 136.290802002, 138.432998657], [153.489761353, 51.9293823242, 223.483215332, 284.960174561, 260.827667236, 208.036819458, 254.605880737, 300.529510498, 213.201782227, 153.530502319, 158.170822144, 153.54850769, 140.289672852], [419.418334961, 79.5000152588, 187.961990356, 225.891616821, 251.60975647, 214.058364868, 193.019256592, 213.201782227, 244.922866821, 173.25994873, 156.088699341, 156.581161499, 117.016731262], [259.301483154, 85.8549118042, 125.447555542, 188.839035034, 217.923278809, 171.473190308, 171.669631958, 153.530502319, 173.25994873, 230.451583862, 166.567520142, 119.460151672, 128.014099121], [195.220565796, -15.2438631058, 136.807983398, 213.705307007, 183.147659302, 148.484680176, 155.690750122, 158.170822144, 156.088699341, 166.567520142, 210.164703369, 173.208068848, 126.244346619], [148.29826355, -20.8489093781, 152.364685059, 189.098114014, 168.709335327, 135.521133423, 136.290802002, 153.54850769, 156.581161499, 119.460151672, 173.208068848, 220.658752441, 134.108276367], [124.899871826, -6.90461111069, 48.565032959, 138.317443848, 130.869018555, 106.924629211, 138.432998657, 140.289672852, 117.016731262, 128.014099121, 126.244346619, 134.108276367, 187.217178345]],
