{
"lowlevel": {
    "average_loudness": 0.601808190346,
    "barkbands_crest": {
        "dmean": 2.17544436455,
        "dmean2": 3.63970160484,
        "dvar": 4.22510957718,
        "dvar2": 11.6518030167,
        "max": 25.5853939056,
        "mean": 12.9571580887,
        "median": 12.2870035172,
        "min": 3.45118665695,
        "var": 17.7847080231
    },
    "barkbands_flatness_db": {
        "dmean": 0.0247287191451,
        "dmean2": 0.0380106121302,
        "dvar": 0.000684210041072,
        "dvar2": 0.0015620905906,
        "max": 0.486094802618,
        "mean": 0.259992450476,
        "median": 0.25960996747,
        "min": 0.0358888916671,
        "var": 0.00499435001984
    },
    "barkbands_kurtosis": {
        "dmean": 8.39586257935,
        "dmean2": 13.7446537018,
        "dvar": 192.017425537,
        "dvar2": 486.295501709,
        "max": 410.776885986,
        "mean": 22.7493934631,
        "median": 14.4142856598,
        "min": -1.91397809982,
        "var": 678.360900879
    },
    "barkbands_skewness": {
        "dmean": 0.685600996017,
        "dmean2": 1.10450172424,
        "dvar": 0.550818622112,
        "dvar2": 1.38964533806,
        "max": 15.3682804108,
        "mean": 3.04462099075,
        "median": 2.79824352264,
        "min": -2.6855943203,
        "var": 2.71019792557
    },
    "barkbands_spread": {
        "dmean": 2.10773396492,
        "dmean2": 3.14319992065,
        "dvar": 20.2703914642,
        "dvar2": 36.1511993408,
        "max": 109.708732605,
        "mean": 6.62601327896,
        "median": 3.55666565895,
        "min": 0.274579823017,
        "var": 117.445747375
    },
    "dissonance": {
        "dmean": 0.0261828489602,
        "dmean2": 0.0433328896761,
        "dvar": 0.00062993215397,
        "dvar2": 0.00158883770928,
        "max": 0.500000178814,
        "mean": 0.422461599112,
        "median": 0.432089656591,
        "min": 0.207822188735,
        "var": 0.00236970419064
    },
    "dynamic_complexity": 4.82944726944,
    "erbbands_crest": {
        "dmean": 2.28804755211,
        "dmean2": 3.79132080078,
        "dvar": 5.60152721405,
        "dvar2": 15.7949523926,
        "max": 28.859746933,
        "mean": 10.8748836517,
        "median": 10.1314058304,
        "min": 2.90869569778,
        "var": 17.2516365051
    },
    "erbbands_flatness_db": {
        "dmean": 0.0184930991381,
        "dmean2": 0.0279362630099,
        "dvar": 0.000417487346567,
        "dvar2": 0.000921782106161,
        "max": 0.377908110619,
        "mean": 0.218064457178,
        "median": 0.219963863492,
        "min": 0.0400044545531,
        "var": 0.00284747220576
    },
    "erbbands_kurtosis": {
        "dmean": 2.2504901886,
        "dmean2": 3.65650200844,
        "dvar": 16.6167793274,
        "dvar2": 44.1244239807,
        "max": 87.5691680908,
        "mean": 4.89323759079,
        "median": 3.06015253067,
        "min": -1.91368174553,
        "var": 46.15442276
    },
    "erbbands_skewness": {
        "dmean": 0.39394903183,
        "dmean2": 0.619029343128,
        "dvar": 0.213000819087,
        "dvar2": 0.515339791775,
        "max": 8.18048095703,
        "mean": 1.54720950127,
        "median": 1.42739880085,
        "min": -2.75752925873,
        "var": 1.1155346632
    },
    "erbbands_spread": {
        "dmean": 6.74525356293,
        "dmean2": 9.9369354248,
        "dvar": 118.70841217,
        "dvar2": 221.819076538,
        "max": 139.973678589,
        "mean": 26.741941452,
        "median": 18.6074790955,
        "min": 1.91138601303,
        "var": 568.822937012
    },
    "hfc": {
        "dmean": 2.32407331467,
        "dmean2": 3.43728351593,
        "dvar": 19.2860107422,
        "dvar2": 39.9856033325,
        "max": 165.679885864,
        "mean": 8.05095386505,
        "median": 5.12171792984,
        "min": 1.20195298704e-16,
        "var": 84.9971542358
    },
    "melbands_crest": {
        "dmean": 2.85595965385,
        "dmean2": 4.75294733047,
        "dvar": 7.51567077637,
        "dvar2": 21.4204673767,
        "max": 36.0177688599,
        "mean": 18.1187744141,
        "median": 17.9502239227,
        "min": 1.87357032299,
        "var": 31.0330734253
    },
    "melbands_flatness_db": {
        "dmean": 0.0287768356502,
        "dmean2": 0.0438778884709,
        "dvar": 0.000959048164077,
        "dvar2": 0.00212847627699,
        "max": 0.618657708168,
        "mean": 0.35739377141,
        "median": 0.358578205109,
        "min": 0.00451642880216,
        "var": 0.00760512100533
    },
    "melbands_kurtosis": {
        "dmean": 11.9169931412,
        "dmean2": 19.0192756653,
        "dvar": 302.894195557,
        "dvar2": 742.221923828,
        "max": 449.936401367,
        "mean": 33.1442108154,
        "median": 20.4401092529,
        "min": -1.30770540237,
        "var": 1721.42370605
    },
    "melbands_skewness": {
        "dmean": 0.791598916054,
        "dmean2": 1.25763630867,
        "dvar": 0.76147788763,
        "dvar2": 1.85003995895,
        "max": 15.2298536301,
        "mean": 3.59245324135,
        "median": 3.21530389786,
        "min": -0.473986297846,
        "var": 4.16203737259
    },
    "melbands_spread": {
        "dmean": 1.82247292995,
        "dmean2": 2.84434056282,
        "dvar": 16.2931976318,
        "dvar2": 33.427986145,
        "max": 175.047821045,
        "mean": 5.90496826172,
        "median": 4.02683019638,
        "min": 0.330580472946,
        "var": 78.3785400391
    },
    "pitch_salience": {
        "dmean": 0.0703896284103,
        "dmean2": 0.117310084403,
        "dvar": 0.00455019064248,
        "dvar2": 0.0126956077293,
        "max": 0.933069348335,
        "mean": 0.490992605686,
        "median": 0.500875532627,
        "min": 0.0802002772689,
        "var": 0.0164629332721
    },
    "silence_rate_20dB": {
        "dmean": 0,
        "dmean2": 0,
        "dvar": 0,
        "dvar2": 0,
        "max": 1,
        "mean": 1,
        "median": 1,
        "min": 1,
        "var": 0
    },
    "silence_rate_30dB": {
        "dmean": 0.0109731964767,
        "dmean2": 0.0219483673573,
        "dvar": 0.0108533967286,
        "dvar2": 0.0259650517255,
        "max": 1,
        "mean": 0.988937854767,
        "median": 1,
        "min": 0,
        "var": 0.0109395692125
    },
    "silence_rate_60dB": {
        "dmean": 0.0278827119619,
        "dmean2": 0.0557704418898,
        "dvar": 0.0271014757454,
        "dvar2": 0.0614774413407,
        "max": 1,
        "mean": 0.115478008986,
        "median": 0,
        "min": 0,
        "var": 0.102123461664
    },
    "spectral_centroid": {
        "dmean": 95.6798553467,
        "dmean2": 144.771636963,
        "dvar": 41292.9296875,
        "dvar2": 71643.8203125,
        "max": 11444.5898438,
        "mean": 454.428497314,
        "median": 344.306335449,
        "min": 124.267662048,
        "var": 161662.78125
    },
    "spectral_complexity": {
        "dmean": 1.42903399467,
        "dmean2": 2.23837375641,
        "dvar": 3.67096042633,
        "dvar2": 6.95400953293,
        "max": 47,
        "mean": 9.25254058838,
        "median": 7,
        "min": 0,
        "var": 38.889995575
    },
    "spectral_decrease": {
        "dmean": 2.15029305473e-09,
        "dmean2": 3.41542394366e-09,
        "dvar": 1.16811741224e-17,
        "dvar2": 2.98611572474e-17,
        "max": 3.27805395352e-19,
        "mean": -6.66289468043e-09,
        "median": -4.51666659629e-09,
        "min": -4.87040523467e-08,
        "var": 4.37520542136e-17
    },
    "spectral_energy": {
        "dmean": 0.00828955788165,
        "dmean2": 0.0131514947861,
        "dvar": 0.000173425083631,
        "dvar2": 0.000442184100393,
        "max": 0.187072306871,
        "mean": 0.0258774925023,
        "median": 0.0175544843078,
        "min": 1.08633476366e-20,
        "var": 0.000657490745652
    },
    "spectral_energyband_high": {
        "dmean": 0.000105433078716,
        "dmean2": 0.0001395122963,
        "dvar": 1.52419247001e-07,
        "dvar2": 2.91052884904e-07,
        "max": 0.016359725967,
        "mean": 0.000166264115251,
        "median": 9.95757545752e-06,
        "min": 7.94070365934e-21,
        "var": 3.20651025731e-07
    },
    "spectral_energyband_low": {
        "dmean": 0.00317181227729,
        "dmean2": 0.00473272567615,
        "dvar": 3.51598064299e-05,
        "dvar2": 7.95866581029e-05,
        "max": 0.126488253474,
        "mean": 0.00854882225394,
        "median": 0.00348726892844,
        "min": 1.76792046609e-22,
        "var": 0.00015975732822
    },
    "spectral_energyband_middle_high": {
        "dmean": 0.000232303500525,
        "dmean2": 0.000327038607793,
        "dvar": 5.04249442201e-07,
        "dvar2": 9.90375497167e-07,
        "max": 0.0323239974678,
        "mean": 0.000792439386714,
        "median": 0.000179849666893,
        "min": 1.60192673883e-21,
        "var": 2.59987564277e-06
    },
    "spectral_energyband_middle_low": {
        "dmean": 0.00708194309846,
        "dmean2": 0.0117990151048,
        "dvar": 0.000146334074088,
        "dvar2": 0.000404850434279,
        "max": 0.169611275196,
        "mean": 0.0192051827908,
        "median": 0.0129290726036,
        "min": 2.70400288485e-22,
        "var": 0.000393174181227
    },
    "spectral_entropy": {
        "dmean": 0.243214771152,
        "dmean2": 0.371145635843,
        "dvar": 0.0785235986114,
        "dvar2": 0.174121618271,
        "max": 9.78479766846,
        "mean": 6.31284475327,
        "median": 6.27956628799,
        "min": 4.25639295578,
        "var": 0.55657941103
    },
    "spectral_flux": {
        "dmean": 0.0206701029092,
        "dmean2": 0.0325412377715,
        "dvar": 0.000697822135407,
        "dvar2": 0.00161055510398,
        "max": 0.311390697956,
        "mean": 0.0542883463204,
        "median": 0.0438502132893,
        "min": 1.04227383668e-10,
        "var": 0.00191406393424
    },
    "spectral_kurtosis": {
        "dmean": 6.53929853439,
        "dmean2": 10.5822706223,
        "dvar": 68.9063644409,
        "dvar2": 162.147399902,
        "max": 125.140823364,
        "mean": 19.4796600342,
        "median": 14.2088413239,
        "min": -1.21302747726,
        "var": 332.836395264
    },
    "spectral_rms": {
        "dmean": 0.00072531751357,
        "dmean2": 0.00113411189523,
        "dvar": 8.12845144083e-07,
        "dvar2": 1.99722376237e-06,
        "max": 0.0135096106678,
        "mean": 0.00442168256268,
        "median": 0.00413839658722,
        "min": 3.25551651609e-12,
        "var": 5.69517260374e-06
    },
    "spectral_rolloff": {
        "dmean": 132.664535522,
        "dmean2": 233.435699463,
        "dvar": 267117.625,
        "dvar2": 587187.625,
        "max": 20241.2109375,
        "mean": 542.515258789,
        "median": 344.53125,
        "min": 43.06640625,
        "var": 1378851
    },
    "spectral_skewness": {
        "dmean": 0.555405795574,
        "dmean2": 0.857195496559,
        "dvar": 0.372538924217,
        "dvar2": 0.785936236382,
        "max": 9.42251205444,
        "mean": 3.20865321159,
        "median": 2.98752331734,
        "min": -0.0943014770746,
        "var": 2.47897219658
    },
    "spectral_spread": {
        "dmean": 530311.25,
        "dmean2": 776067.375,
        "dvar": 501094973440,
        "dvar2": 800827179008,
        "max": 41194452,
        "mean": 3374858,
        "median": 2858031.5,
        "min": 822236.1875,
        "var": 3.694067712e+12
    },
    "spectral_strongpeak": {
        "dmean": 0.220282718539,
        "dmean2": 0.373311579227,
        "dvar": 0.0898882821202,
        "dvar2": 0.243442863226,
        "max": 6.61853599548,
        "mean": 0.569076597691,
        "median": 0.479249507189,
        "min": 0,
        "var": 0.162215828896
    },
    "zerocrossingrate": {
        "dmean": 0.00497881742194,
        "dmean2": 0.00596461212263,
        "dvar": 7.56772060413e-05,
        "dvar2": 8.39943022584e-05,
        "max": 0.51513671875,
        "mean": 0.0250310562551,
        "median": 0.01708984375,
        "min": 0.00439453125,
        "var": 0.00102165492717
    },
    "barkbands": {
        "dmean": [1.57068825501e-05, 0.000353231269401, 0.00211201026104, 0.00399265857413, 0.0037612777669, 0.000665470201056, 0.000849475385621, 0.000263443595031, 0.000281200977042, 3.73966649931e-05, 3.58755314664e-05, 3.89043052564e-05, 6.09390408499e-05, 4.19216958107e-05, 3.89422275475e-05, 2.94589390251e-05, 2.84116194962e-05, 3.42950988852e-05, 1.82127168955e-05, 2.876698818e-05, 3.30912262143e-05, 3.14818535117e-05, 1.86473389476e-05, 1.04965329228e-05, 7.08023435436e-06, 1.82521262104e-06, 5.08506957431e-07],
        "dmean2": [2.79241721728e-05, 0.000507961609401, 0.00307844555937, 0.00692229764536, 0.00645508058369, 0.00101172132418, 0.00139507185668, 0.000422193377744, 0.000415542453993, 5.92340402363e-05, 5.20711328136e-05, 6.29039495834e-05, 9.36425785767e-05, 6.58494609524e-05, 5.878743832e-05, 4.29929423262e-05, 4.35555739386e-05, 5.10155587108e-05, 2.62925241259e-05, 4.13521338487e-05, 4.66174751637e-05, 4.35026740888e-05, 2.61585846602e-05, 1.53881555889e-05, 9.94224683382e-06, 2.73384694083e-06, 7.2424921882e-07],
        "dvar": [7.76430209015e-09, 5.51900598111e-07, 2.09172958421e-05, 5.49017859157e-05, 4.57209243905e-05, 2.24571454055e-06, 2.43815725298e-06, 5.21517335983e-07, 3.99474686219e-07, 2.6264981301e-08, 1.19496403883e-08, 1.39798954635e-08, 7.96893147026e-08, 2.26226184452e-08, 2.25507719165e-08, 1.13808713564e-08, 1.88420319347e-08, 1.39623974604e-08, 7.42367189943e-09, 1.32655157969e-08, 2.15730970865e-08, 1.44641640887e-08, 7.4938126815e-09, 1.91787008497e-09, 8.41411496033e-10, 8.48968673139e-11, 1.11383229029e-11],
        "dvar2": [2.20721805277e-08, 1.14660258532e-06, 4.59482434962e-05, 0.00017085847503, 0.000127746388898, 5.57737894269e-06, 6.31337297818e-06, 1.35503296406e-06, 9.21646460483e-07, 6.32099883546e-08, 2.4960792544e-08, 3.46237243321e-08, 1.78775550808e-07, 5.33336326214e-08, 5.83421027045e-08, 2.59616097509e-08, 4.62871057039e-08, 3.02102414196e-08, 1.61297872836e-08, 2.75505680492e-08, 4.63357920921e-08, 2.84592971411e-08, 1.60236002245e-08, 4.12019884877e-09, 1.60611823841e-09, 1.86127266377e-10, 1.75065951319e-11],
        "max": [0.00256515666842, 0.0204516910017, 0.102354124188, 0.0933706089854, 0.121212504804, 0.0308058355004, 0.0289739985019, 0.028108458966, 0.0160558335483, 0.00906037259847, 0.00367788271978, 0.00348099321127, 0.0176836382598, 0.0057876794599, 0.00686494354159, 0.00443117786199, 0.00546853477135, 0.00341857410967, 0.00383569556288, 0.0043101683259, 0.0049701416865, 0.00301829422824, 0.00546270469204, 0.00140410359018, 0.000794872001279, 0.000297039659927, 0.000129936335725],
        "mean": [1.19651194836e-05, 0.000711065309588, 0.00500220665708, 0.00749546475708, 0.00636226031929, 0.00183441257104, 0.00217317114584, 0.000600417610258, 0.000711930450052, 6.79671284161e-05, 0.000108089072455, 9.07053690753e-05, 0.000145628408063, 7.92229984654e-05, 8.22019355837e-05, 6.26761175226e-05, 4.70051490993e-05, 7.00846576365e-05, 3.06905276375e-05, 4.42582131654e-05, 4.65641533083e-05, 4.7499928769e-05, 2.59701864707e-05, 1.32044842758e-05, 9.6835756267e-06, 2.41208385887e-06, 8.34022046092e-07],
        "median": [1.61987983915e-07, 0.000212040700717, 0.00090627418831, 0.0035248787608, 0.00345898000523, 0.000910941977054, 0.00105538300704, 0.000209519319469, 0.000254470854998, 1.12914576675e-05, 2.04585412575e-05, 1.68444894371e-05, 1.63856257132e-05, 9.95675782178e-06, 7.5295397437e-06, 6.63525997879e-06, 4.7624025683e-06, 8.04104638519e-06, 3.57663361683e-06, 2.99820771943e-06, 2.406632575e-06, 1.12643772354e-06, 1.23960114706e-06, 5.56718305234e-07, 4.20855172933e-07, 1.92800456489e-07, 1.42387463598e-07],
        "min": [1.76531403811e-23, 1.16356062131e-22, 2.98431570917e-23, 1.92964749085e-23, 4.3465547991e-23, 8.42467664045e-23, 6.43349705237e-23, 1.71001283761e-23, 2.20382745805e-23, 6.22407025925e-23, 3.80719482098e-23, 1.07716646823e-22, 5.30216954008e-23, 5.58276736407e-23, 2.15827118254e-22, 1.44288553934e-22, 2.60994037269e-22, 2.64478984935e-22, 2.71585649814e-22, 1.86461752124e-22, 3.89420441178e-22, 5.83767823615e-22, 6.82909337829e-22, 9.03313944547e-22, 1.32828777874e-21, 1.58402502364e-21, 2.59199589493e-21],
        "var": [5.37241184873e-09, 2.24028167395e-06, 9.07589492272e-05, 0.000104108359665, 6.98255826137e-05, 6.41310862193e-06, 7.87211683928e-06, 1.1405082887e-06, 1.3225632074e-06, 5.54037633549e-08, 4.88389169107e-08, 3.85849610041e-08, 2.66762924639e-07, 5.15809723822e-08, 5.92110254161e-08, 2.9858441053e-08, 2.83852550353e-08, 4.75873207506e-08, 1.40804390369e-08, 2.5021250849e-08, 3.54645699474e-08, 3.10288541527e-08, 1.24669732315e-08, 2.80706635714e-09, 1.69360003799e-09, 1.35595673578e-10, 2.69505216755e-11]
    },
    "erbbands": {
        "dmean": [0.00254272739403, 0.141141667962, 1.96399736404, 6.59083080292, 19.1050167084, 6.56666898727, 3.75397872925, 5.79105710983, 8.75326156616, 13.1701812744, 5.75521993637, 5.57928562164, 2.21885585785, 0.911334395409, 1.29456961155, 1.5500805378, 2.91262769699, 1.69022870064, 1.77819466591, 2.08722186089, 1.76994478703, 1.59075677395, 1.88785409927, 1.01797509193, 0.986589610577, 1.32763075829, 1.30815219879, 1.36906301975, 1.22055137157, 0.731857061386, 0.48573115468, 0.318523585796, 0.147707149386, 0.0847344100475, 0.0486015863717, 0.0114563386887, 0.00299529288895, 0.00074168847641, 0.000101578159956, 1.23844583868e-05],
        "dmean2": [0.0037996340543, 0.197762355208, 2.75029420853, 11.0351219177, 32.9424324036, 10.7923650742, 5.7223405838, 8.80927848816, 14.1622390747, 21.4630794525, 8.76491260529, 8.28785514832, 3.47831225395, 1.40646457672, 1.86765778065, 2.46560406685, 4.41438817978, 2.61727404594, 2.75550985336, 3.16981101036, 2.58752703667, 2.3638010025, 2.73844432831, 1.46156620979, 1.40666615963, 1.9070854187, 1.81495034695, 1.94635236263, 1.71411132812, 1.00691068172, 0.681082367897, 0.460493505001, 0.212421402335, 0.120133318007, 0.0696709603071, 0.0169883072376, 0.00458122231066, 0.00109678716399, 0.000146228310768, 1.87448003999e-05],
        "dvar": [4.51285850431e-05, 0.0864245817065, 17.4771118164, 130.057144165, 1326.28076172, 111.947212219, 63.2775726318, 195.492156982, 385.919769287, 712.693786621, 211.738082886, 163.798248291, 74.027885437, 7.34008359909, 14.3576965332, 22.2848701477, 193.49382019, 37.8843574524, 33.9193878174, 80.9096603394, 51.5941085815, 46.8347702026, 40.8103904724, 23.6922245026, 17.3466472626, 27.1005725861, 33.2948570251, 39.5087585449, 22.4730453491, 8.640832901, 4.59662675858, 2.27035236359, 0.379061281681, 0.120079360902, 0.0426389016211, 0.00294738821685, 0.000271584343864, 2.19641879085e-05, 4.35395804743e-07, 9.7866270643e-10],
        "dvar2": [0.000108863161586, 0.163592398167, 34.6577720642, 375.923126221, 3759.73583984, 303.623291016, 151.724868774, 483.524291992, 992.811889648, 1901.34960938, 507.241149902, 372.127563477, 191.399856567, 17.6004676819, 29.7767715454, 52.6610145569, 433.695922852, 85.0547103882, 82.1380462646, 215.599304199, 123.41809082, 109.613540649, 84.6323394775, 54.6175613403, 36.651714325, 57.483757019, 71.5137481689, 83.9440155029, 45.0762825012, 16.9124736786, 9.64232540131, 4.95272445679, 0.772615373135, 0.233844444156, 0.0849230512977, 0.00640698056668, 0.000628091278486, 4.45229779871e-05, 7.23268954061e-07, 1.75274195158e-09],
        "max": [0.168654307723, 8.3269329071, 108.618843079, 183.948730469, 550.443908691, 247.180053711, 160.060760498, 331.469512939, 345.72744751, 570.191894531, 564.238037109, 299.536437988, 293.378570557, 104.23600769, 116.155235291, 165.660202026, 867.16204834, 265.417388916, 157.533966064, 474.800628662, 325.515289307, 237.256149292, 218.698638916, 259.963439941, 171.291549683, 177.63961792, 267.097717285, 245.165969849, 119.762748718, 117.754676819, 125.050361633, 61.3725852966, 15.3067388535, 8.70092391968, 5.82037639618, 1.91462099552, 0.60205489397, 0.1817355901, 0.0241966564208, 0.00108937791083],
        "mean": [0.00517218746245, 0.316975593567, 4.89162111282, 15.0205860138, 32.3331413269, 13.6541643143, 10.5616693497, 16.4907245636, 22.9781532288, 31.4725952148, 15.5316123962, 14.5940847397, 4.54895877838, 2.50966453552, 4.11901664734, 4.11575126648, 7.22034263611, 3.56516814232, 3.73007464409, 4.56785154343, 3.80996537209, 3.02269935608, 3.99826169014, 2.00507092476, 1.58444929123, 2.0609896183, 1.92894411087, 1.8873860836, 1.84342253208, 1.07551717758, 0.675992310047, 0.398655235767, 0.186438471079, 0.114194981754, 0.0651859119534, 0.0147744324058, 0.00381628982723, 0.0010570907034, 0.000167587422766, 3.64173502021e-05],
        "median": [0.00187291542534, 0.0912485644221, 1.11062002182, 8.2579460144, 17.2907466888, 8.637134552, 5.58418893814, 8.61349582672, 10.1105604172, 13.6780672073, 6.0070271492, 5.33528661728, 1.18428039551, 0.619907081127, 0.870796918869, 0.806685328484, 0.913330972195, 0.507762312889, 0.388450890779, 0.45276799798, 0.396404623985, 0.339001864195, 0.472429692745, 0.276156008244, 0.16118209064, 0.141321584582, 0.116065979004, 0.0772449448705, 0.0434334799647, 0.041093852371, 0.0353669412434, 0.0158518366516, 0.00782211218029, 0.00472140545025, 0.0028492542915, 0.000913300667889, 0.000342868734151, 0.000116900082503, 3.46094275301e-05, 2.30375862884e-05],
        "min": [3.51212850544e-21, 2.4856347661e-20, 3.66338356955e-20, 6.25268022227e-20, 5.05407128088e-20, 1.80385189035e-19, 4.54936257111e-19, 8.02693481482e-19, 1.08674968198e-18, 4.33188877475e-19, 4.26458470723e-19, 4.74261574364e-19, 1.52642874779e-18, 1.26673591146e-18, 3.02896872628e-18, 4.33154451252e-18, 2.7762114892e-18, 2.26261049737e-18, 9.70472531039e-18, 7.13545435133e-18, 9.83950860094e-18, 1.48403745779e-17, 1.44468450559e-17, 1.17800362677e-17, 1.56075366196e-17, 8.17152536551e-18, 9.22631630413e-18, 2.10427170859e-17, 2.03760260558e-17, 2.36453631283e-17, 1.62951569736e-17, 1.79877058188e-17, 1.73030368453e-17, 1.45427880807e-17, 9.17613042919e-18, 5.24693111611e-18, 3.1001128764e-18, 1.18537980309e-18, 3.73516636773e-19, 4.05132739942e-20],
        "var": [9.84759753919e-05, 0.414777606726, 86.6209640503, 346.329772949, 2039.93017578, 232.306472778, 198.56703186, 529.885559082, 1038.3425293, 2132.20605469, 622.958312988, 581.775085449, 146.190994263, 23.7927722931, 64.4801940918, 72.2841262817, 640.12512207, 90.829536438, 96.1996154785, 221.341552734, 117.770378113, 92.3719787598, 149.683563232, 52.6288833618, 30.6346206665, 49.653427124, 59.3826599121, 63.870300293, 47.0426139832, 17.9383239746, 7.89608001709, 3.19622731209, 0.603853225708, 0.229852586985, 0.0815444365144, 0.00455068843439, 0.000382290250855, 3.98296688218e-05, 9.96448761725e-07, 2.9815998559e-09]
    },
    "gfcc": {
        "mean": [-114.341362, 140.673202515, -71.850730896, 18.7646827698, -57.5025405884, -14.0070772171, -44.2472343445, -9.67693042755, -22.4321899414, -9.12299156189, -18.2480792999, -14.2759552002, -22.2692985535],
        "cov": [[12081.2666016, 758.927307129, -2419.04467773, 451.235595703, -732.31439209, -33.355884552, -60.9043159485, -188.674194336, 46.3849868774, -29.7282848358, -216.02255249, -188.490875244, -63.6500663757], [758.927307129, 1609.89440918, -199.867401123, -596.753173828, 373.475891113, -200.083602905, 36.4738197327, -59.5477142334, 36.269077301, -145.864654541, 99.3726196289, -75.6121826172, -13.8755722046], [-2419.04467773, -199.867401123, 1079.0032959, -58.6759757996, 28.0677261353, 97.6536560059, 4.97414445877, 33.5601730347, -55.4598045349, 35.4664421082, 8.70485019684, 43.8480262756, -3.25018048286], [451.235595703, -596.753173828, -58.6759757996, 636.707824707, -95.8665771484, 20.0217990875, 36.2579078674, -27.2822113037, 0.942663967609, 50.5793876648, -49.3263893127, -3.59498310089, -0.910100281239], [-732.31439209, 373.475891113, 28.0677261353, -95.8665771484, 423.946807861, -39.2992019653, 3.07949304581, 28.0486392975, 19.0529232025, -66.4878768921, 55.2212104797, -22.2068500519, -11.5181846619], [-33.355884552, -200.083602905, 97.6536560059, 20.0217990875, -39.2992019653, 214.838546753, 37.3076248169, 12.2779350281, 16.4779872894, 23.1075000763, -1.45023822784, 16.1428909302, -6.50506019592], [-60.9043159485, 36.4738197327, 4.97414445877, 36.2579078674, 3.07949304581, 37.3076248169, 142.845214844, 6.09027671814, -4.22633266449, 12.8281812668, 8.51089763641, -5.01121616364, 6.18801736832], [-188.674194336, -59.5477142334, 33.5601730347, -27.2822113037, 28.0486392975, 12.2779350281, 6.09027671814, 108.616668701, 11.6601495743, -6.11518192291, 11.6757335663, 11.3837776184, 6.86633253098], [46.3849868774, 36.269077301, -55.4598045349, 0.942663967609, 19.0529232025, 16.4779872894, -4.22633266449, 11.6601495743, 87.5619812012, 4.6939702034, -6.10317993164, 10.4703569412, 2.60896921158], [-29.7282848358, -145.864654541, 35.4664421082, 50.5793876648, -66.4878768921, 23.1075000763, 12.8281812668, -6.11518192291, 4.6939702034, 85.2071075439, -1.33149135113, 5.08467483521, 13.5814905167], [-216.02255249, 99.3726196289, 8.70485019684, -49.3263893127, 55.2212104797, -1.45023822784, 8.51089763641, 11.6757335663, -6.10317993164, -1.33149135113, 73.9708786011, 3.94422745705, -8.80648040771], [-188.490875244, -75.6121826172, 43.8480262756, -3.59498310089, -22.2068500519, 16.1428909302, -5.01121616364, 11.3837776184, 10.4703569412, 5.08467483521, 3.94422745705, 69.6187057495, 19.1388683319], [-63.6500663757, -13.8755722046, -3.25018048286, -0.910100281239, -11.5181846619, -6.50506019592, 6.18801736832, 6.86633253098, 2.60896921158, 13.5814905167, -8.80648040771, 19.1388683319, 53.1545181274]],
        "icov": [[0.000434036017396, -0.00104489387013, 0.000901702034753, -0.000945374777075, 0.00101895048283, -0.00111298414413, 0.000938804994803, -0.000855428515933, 0.00106285966467, -0.000709867104888, 0.00135880708694, -0.000189212005353, 0.000794187828433], [-0.00104489387013, 0.00472173886374, -0.00205888273194, 0.0040834271349, -0.00330716674216, 0.00425726175308, -0.00381600228138, 0.00415182067081, -0.00428800517693, 0.00374892214313, -0.004818148911, 0.00219726585783, -0.00269915047102], [0.000901702034753, -0.00205888273194, 0.00299099367112, -0.00173412449658, 0.00174748059362, -0.00272214924917, 0.00197039800696, -0.00198887451552, 0.00319614983164, -0.00215585296974, 0.00316094257869, -0.00119685113896, 0.0021171469707], [-0.000945374777075, 0.0040834271349, -0.00173412449658, 0.00535008078441, -0.00286356755532, 0.00371788768098, -0.00380295794457, 0.0037729437463, -0.00357075198554, 0.00213761092164, -0.00296982587315, 0.00160262652207, -0.00173069105949], [0.00101895048283, -0.00330716674216, 0.00174748059362, -0.00286356755532, 0.00606620591134, -0.00274452706799, 0.00258039985783, -0.00313879619353, 0.00168187136296, 0.000206590731977, 0.00120286364108, 0.000469583144877, 0.00139321549796], [-0.00111298414413, 0.00425726175308, -0.00272214924917, 0.00371788768098, -0.00274452706799, 0.00956650078297, -0.00503785535693, 0.00325288879685, -0.00530409114435, 0.00240990612656, -0.00440325727686, 0.000647208071314, -0.000899861915968], [0.000938804994803, -0.00381600228138, 0.00197039800696, -0.00380295794457, 0.00258039985783, -0.00503785535693, 0.0109281586483, -0.00368499243632, 0.00418552244082, -0.0035629090853, 0.00277387187816, -0.000357391632861, 0.000623002822977], [-0.000855428515933, 0.00415182067081, -0.00198887451552, 0.0037729437463, -0.00313879619353, 0.00325288879685, -0.00368499243632, 0.0137157486752, -0.00514761917293, 0.00434045260772, -0.00552576361224, 0.00119926349726, -0.00382604612969], [0.00106285966467, -0.00428800517693, 0.00319614983164, -0.00357075198554, 0.00168187136296, -0.00530409114435, 0.00418552244082, -0.00514761917293, 0.0174619685858, -0.00557635445148, 0.00709836976603, -0.0046810391359, 0.00360992178321], [-0.000709867104888, 0.00374892214313, -0.00215585296974, 0.00213761092164, 0.000206590731977, 0.00240990612656, -0.0035629090853, 0.00434045260772, -0.00557635445148, 0.0189556833357, -0.00696117198095, 0.00390478875488, -0.00690176850185], [0.00135880708694, -0.004818148911, 0.00316094257869, -0.00296982587315, 0.00120286364108, -0.00440325727686, 0.00277387187816, -0.00552576361224, 0.00709836976603, -0.00696117198095, 0.0228275209665, -0.00515785673633, 0.00769383367151], [-0.000189212005353, 0.00219726585783, -0.00119685113896, 0.00160262652207, 0.000469583144877, 0.000647208071314, -0.000357391632861, 0.00119926349726, -0.0046810391359, 0.00390478875488, -0.00515785673633, 0.0198755860329, -0.00841000117362], [0.000794187828433, -0.00269915047102, 0.0021171469707, -0.00173069105949, 0.00139321549796, -0.000899861915968, 0.000623002822977, -0.00382604612969, 0.00360992178321, -0.00690176850185, 0.00769383367151, -0.00841000117362, 0.0256618801504]]
    },
    "melbands": {
        "dmean": [5.18332817592e-05, 0.000727910432033, 0.00160545285325, 0.000977461691946, 0.000128616055008, 0.000131538588903, 0.000141901080497, 0.000125412028865, 5.20209177921e-05, 3.24081884173e-05, 1.09440643428e-05, 3.70359498447e-06, 5.16599311595e-06, 3.85807879866e-06, 6.8347026172e-06, 4.78608717458e-06, 3.3100852761e-06, 3.47044374394e-06, 2.79264691017e-06, 2.10251573662e-06, 2.29760848924e-06, 1.64248490364e-06, 2.08328242479e-06, 1.74511956175e-06, 7.95733456016e-07, 6.60768534999e-07, 9.63653292274e-07, 8.73230248999e-07, 7.96208155407e-07, 9.20717582176e-07, 7.32508340207e-07, 7.62140587085e-07, 5.70002896438e-07, 3.68196793943e-07, 2.87131484811e-07, 2.8767249205e-07, 1.55664210411e-07, 1.09945652582e-07, 8.05465063536e-08, 7.21215087651e-08],
        "dmean2": [7.47742888052e-05, 0.00102701969445, 0.00272227125242, 0.00166974053718, 0.000197608344024, 0.000200795620913, 0.000231189886108, 0.000203889969271, 7.77300374466e-05, 4.84937627334e-05, 1.72310519702e-05, 5.74699788558e-06, 7.38929111321e-06, 6.12229496255e-06, 1.06170791696e-05, 7.39256893212e-06, 5.19899913343e-06, 5.55524957235e-06, 4.23589744969e-06, 3.16124442179e-06, 3.42063913195e-06, 2.54359929386e-06, 3.08085395773e-06, 2.66974984697e-06, 1.17305205549e-06, 9.48103206611e-07, 1.4183217445e-06, 1.26287397961e-06, 1.13061969387e-06, 1.31046238039e-06, 1.06049481019e-06, 1.09363031697e-06, 7.93389915543e-07, 5.23019195953e-07, 4.09038477756e-07, 4.12754417312e-07, 2.29817601394e-07, 1.61860143066e-07, 1.15677998735e-07, 1.03701012222e-07],
        "dvar": [1.24011796387e-08, 2.40061422119e-06, 7.94365951151e-06, 3.00494980365e-06, 6.83166021531e-08, 9.54982368739e-08, 8.05718087804e-08, 6.32980743376e-08, 1.46989123095e-08, 5.78875347657e-09, 1.88643434207e-09, 1.32185692947e-10, 2.44699427387e-10, 1.98362368198e-10, 6.3735600131e-10, 4.43914682791e-10, 1.76846662314e-10, 1.44798312229e-10, 1.16252410476e-10, 6.36564134737e-11, 1.08419620504e-10, 5.96816832066e-11, 6.29862273449e-11, 5.03407593389e-11, 1.89682766022e-11, 9.94197432713e-12, 1.84443901124e-11, 1.17882934317e-11, 1.26950863016e-11, 1.97792199286e-11, 1.0370367759e-11, 9.11172873264e-12, 5.27732284955e-12, 2.58256914118e-12, 1.6329346729e-12, 2.54127101307e-12, 4.56669803969e-13, 2.32925983189e-13, 1.1737796336e-13, 9.25312682921e-14],
        "dvar2": [2.649023223e-08, 4.82793848278e-06, 2.34080853261e-05, 8.4909661382e-06, 1.6280075954e-07, 2.36050766489e-07, 2.0899477704e-07, 1.69575585574e-07, 3.36547003599e-08, 1.36786706406e-08, 4.87609863598e-09, 3.19180126773e-10, 5.01465591274e-10, 4.72961225739e-10, 1.39730127469e-09, 1.01819519482e-09, 4.09817652036e-10, 3.68041458421e-10, 2.9579497185e-10, 1.5908221962e-10, 2.72336486695e-10, 1.48165688052e-10, 1.36152464303e-10, 1.13311006411e-10, 4.59972511468e-11, 1.98570986043e-11, 4.10288400476e-11, 2.5076846849e-11, 2.64881172551e-11, 4.38059206964e-11, 2.19958027486e-11, 1.85660740254e-11, 1.09696080344e-11, 5.41540380247e-12, 3.48492827477e-12, 5.55125476837e-12, 1.01599783274e-12, 4.98548413923e-13, 2.33326785627e-13, 1.88414008787e-13],
        "max": [0.00305103394203, 0.039847496897, 0.0394481495023, 0.0296679139137, 0.00546805560589, 0.00684322463349, 0.00498627638444, 0.00508098630235, 0.00375792500563, 0.00186115747783, 0.00151440710761, 0.000404636986786, 0.000542479625437, 0.000476729735965, 0.00148408522364, 0.00125874497462, 0.00057554122759, 0.000333146104822, 0.000469790305942, 0.000391011795728, 0.000518947141245, 0.000246903306106, 0.000348569243215, 0.000231113444897, 0.000239548346144, 0.000192667575902, 0.000220059708226, 0.000101070421806, 0.00016994640464, 0.000153250424773, 0.000106555540697, 7.32263652026e-05, 6.75659030094e-05, 7.61352712288e-05, 7.757358253e-05, 8.13517326606e-05, 2.53381494986e-05, 1.38311861519e-05, 9.64621631283e-06, 8.24956987344e-06],
        "mean": [0.000104220162029, 0.00174510781653, 0.00335436873138, 0.00177973636892, 0.000366180960555, 0.000383859907743, 0.000359810277587, 0.000295238744002, 0.000133989829919, 8.2642713096e-05, 2.03736526601e-05, 9.22805520531e-06, 1.57287904585e-05, 9.52629761741e-06, 1.6867334125e-05, 1.12199013529e-05, 6.34039906799e-06, 6.46831995255e-06, 5.81850554227e-06, 4.64351887786e-06, 4.38937149738e-06, 2.73623481917e-06, 3.8597886487e-06, 3.40637370755e-06, 1.40037298024e-06, 1.04804291823e-06, 1.38981158671e-06, 1.31909246193e-06, 1.14796603157e-06, 1.23921233808e-06, 9.92971195046e-07, 1.13252497158e-06, 7.95767675754e-07, 5.15131375778e-07, 3.91534399569e-07, 3.55994473011e-07, 1.9055241296e-07, 1.33601147922e-07, 1.02988508388e-07, 9.48316269955e-08],
        "median": [3.31387782353e-05, 0.000345734355506, 0.001892933622, 0.00105393421836, 0.000202644077945, 0.000203443865757, 0.000170834362507, 0.000123882258777, 4.48227874585e-05, 2.93943339784e-05, 3.9459873733e-06, 2.16025887312e-06, 3.07982236336e-06, 1.64431912708e-06, 2.50585890171e-06, 1.35043649152e-06, 8.5442860609e-07, 6.22981360721e-07, 5.40562382412e-07, 5.00653300151e-07, 4.14388466652e-07, 2.7369367217e-07, 4.16650777879e-07, 3.48183789356e-07, 1.76535081664e-07, 1.09813385052e-07, 1.03699811405e-07, 8.18267906766e-08, 5.97574043582e-08, 6.10608026363e-08, 3.16397148481e-08, 2.00198257971e-08, 1.89831901309e-08, 2.04406251925e-08, 2.19842331006e-08, 1.12156817167e-08, 7.68570895815e-09, 5.19653964304e-09, 3.56073170948e-09, 3.7629801497e-09],
        "min": [3.38666695636e-23, 2.55438919795e-23, 1.03148619956e-23, 6.5151682952e-24, 1.53247132897e-23, 1.67778644969e-23, 1.60495675988e-23, 4.35011903044e-24, 3.65297858824e-24, 3.08618715543e-24, 7.94469864029e-24, 5.3961024424e-24, 6.80281222479e-24, 1.36968041485e-23, 6.85135793604e-24, 5.52674766906e-24, 3.66311466201e-24, 1.31033614444e-23, 1.70390137441e-23, 8.05452858868e-24, 1.20287104327e-23, 1.64286010642e-23, 1.24380937438e-23, 1.3589384959e-23, 8.28629434492e-24, 1.22492262436e-23, 9.63561646861e-24, 3.98926841441e-24, 4.38175984692e-24, 8.24132690674e-24, 1.37209322481e-23, 1.12294034314e-23, 1.20356232208e-23, 1.43109591844e-23, 8.28069185477e-24, 1.14534643832e-23, 1.04263824729e-23, 1.14150184581e-23, 1.22640023972e-23, 1.1969607396e-23],
        "var": [4.49514594436e-08, 1.15561888379e-05, 1.68939586729e-05, 4.85179725729e-06, 2.22218304202e-07, 2.73661214578e-07, 2.28158739901e-07, 1.84598533792e-07, 4.70042067491e-08, 1.9507327309e-08, 3.6146776683e-09, 3.85546400361e-10, 1.0375595938e-09, 5.41706624002e-10, 2.23216178874e-09, 1.44753453668e-09, 3.5750416516e-10, 3.35030614362e-10, 3.08054387554e-10, 1.96233196359e-10, 1.88356427677e-10, 8.82761780341e-11, 1.7509141359e-10, 1.42749742582e-10, 3.43831421667e-11, 1.73850014246e-11, 2.70381789874e-11, 2.18285493847e-11, 2.35534196313e-11, 2.99789394698e-11, 1.73802985892e-11, 1.87051971134e-11, 9.84478037286e-12, 4.67828597042e-12, 2.72375373124e-12, 3.54630929657e-12, 6.21107711703e-13, 3.33443938693e-13, 2.06437094524e-13, 1.67577323545e-13]
    },
    "mfcc": {
        "mean": [-773.141174316, 178.939178467, 31.7101268768, 32.1257476807, 4.36341381073, -3.032081604, -13.0280094147, -8.12055587769, -12.0418395996, -4.38705158234, -2.41057491302, 0.121913649142, -7.00935125351],
        "cov": [[11413.4912109, -397.332214355, -1498.08227539, 134.885971069, -767.552062988, 165.658126831, -447.240905762, -9.53435611725, -43.1128578186, 116.665512085, -81.3037033081, -28.3329143524, -22.5593605042], [-397.332214355, 2233.90405273, -292.084533691, -329.115600586, 215.76789856, -207.532043457, 51.2469177246, 17.7920131683, -89.5657806396, -43.436542511, -10.013756752, 45.3883247375, -0.286846607924], [-1498.08227539, -292.084533691, 883.864807129, 6.50746583939, -23.824968338, 70.0176544189, 50.0095100403, -30.2719173431, 33.4883651733, -45.4426383972, 42.1142272949, 6.3639087677, -22.0553379059], [134.885971069, -329.115600586, 6.50746583939, 446.556518555, 20.8371295929, 43.2985687256, 16.7252941132, -20.6984214783, 11.6176424026, 9.53882598877, 0.0368943996727, -15.7427816391, 11.48528862], [-767.552062988, 215.76789856, -23.824968338, 20.8371295929, 303.696380615, -15.4838027954, 36.6518325806, 47.6716079712, -10.1909151077, 5.26230144501, 2.94151329994, 1.93993270397, 14.0034275055], [165.658126831, -207.532043457, 70.0176544189, 43.2985687256, -15.4838027954, 189.981246948, 19.9457416534, 3.18024897575, 27.221572876, 1.7783011198, 13.8121004105, 12.2350540161, 5.89523792267], [-447.240905762, 51.2469177246, 50.0095100403, 16.7252941132, 36.6518325806, 19.9457416534, 162.498306274, 24.5902729034, -6.53713417053, 25.8979072571, 6.35050964355, 6.25469970703, -0.786682665348], [-9.53435611725, 17.7920131683, -30.2719173431, -20.6984214783, 47.6716079712, 3.18024897575, 24.5902729034, 120.291702271, 14.0265979767, 10.4838933945, 1.72882676125, 8.99350547791, -0.169812962413], [-43.1128578186, -89.5657806396, 33.4883651733, 11.6176424026, -10.1909151077, 27.221572876, -6.53713417053, 14.0265979767, 103.30165863, 1.33915841579, -5.23235225677, 8.32050991058, 13.6273994446], [116.665512085, -43.436542511, -45.4426383972, 9.53882598877, 5.26230144501, 1.7783011198, 25.8979072571, 10.4838933945, 1.33915841579, 100.342666626, 3.95223355293, -14.6094856262, 0.163661748171], [-81.3037033081, -10.013756752, 42.1142272949, 0.0368943996727, 2.94151329994, 13.8121004105, 6.35050964355, 1.72882676125, -5.23235225677, 3.95223355293, 68.7432861328, 11.9750547409, -16.1905097961], [-28.3329143524, 45.3883247375, 6.3639087677, -15.7427816391, 1.93993270397, 12.2350540161, 6.25469970703, 8.99350547791, 8.32050991058, -14.6094856262, 11.9750547409, 73.491897583, 6.31475162506], [-22.5593605042, -0.286846607924, -22.0553379059, 11.48528862, 14.0034275055, 5.89523792267, -0.786682665348, -0.169812962413, 13.6273994446, 0.163661748171, -16.1905097961, 6.31475162506, 89.9225540161]],
