{
"lowlevel": {
    "average_loudness": 0.70849364996,
    "barkbands_crest": {
        "dmean": 3.24024176598,
        "dmean2": 5.2238574028,
        "dvar": 7.94072151184,
        "dvar2": 19.8124084473,
        "max": 26.9345092773,
        "mean": 13.3581819534,
        "median": 12.7285985947,
        "min": 2.6036939621,
        "var": 23.1200695038
    },
    "barkbands_flatness_db": {
        "dmean": 0.0377648882568,
        "dmean2": 0.0556678250432,
        "dvar": 0.00122621969786,
        "dvar2": 0.00268002273515,
        "max": 0.849158227444,
        "mean": 0.19413870573,
        "median": 0.182973891497,
        "min": 0.025667540729,
        "var": 0.00700805429369
    },
    "barkbands_kurtosis": {
        "dmean": 44.5715103149,
        "dmean2": 73.4469146729,
        "dvar": 358307.8125,
        "dvar2": 836117.875,
        "max": 46933.0820312,
        "mean": 266.211730957,
        "median": 12.0455007553,
        "min": -1.92393422127,
        "var": 7309005
    },
    "barkbands_skewness": {
        "dmean": 1.27656173706,
        "dmean2": 1.90901792049,
        "dvar": 7.31763839722,
        "dvar2": 15.4121112823,
        "max": 162.200790405,
        "mean": 4.83956623077,
        "median": 3.30788040161,
        "min": -3.96361136436,
        "var": 157.374526978
    },
    "barkbands_spread": {
        "dmean": 8.34295654297,
        "dmean2": 13.0108556747,
        "dvar": 108.376502991,
        "dvar2": 254.465682983,
        "max": 113.907211304,
        "mean": 17.3120193481,
        "median": 12.941824913,
        "min": 0.00602855160832,
        "var": 228.917617798
    },
    "dissonance": {
        "dmean": 0.0160990487784,
        "dmean2": 0.0262641422451,
        "dvar": 0.000310971430736,
        "dvar2": 0.000787833414506,
        "max": 0.500000059605,
        "mean": 0.466546922922,
        "median": 0.473259657621,
        "min": 0.143498972058,
        "var": 0.000813679187559
    },
    "dynamic_complexity": 2.86907982826,
    "erbbands_crest": {
        "dmean": 2.50726699829,
        "dmean2": 4.02241277695,
        "dvar": 5.58277606964,
        "dvar2": 13.7495603561,
        "max": 33.6102027893,
        "mean": 8.07049942017,
        "median": 6.93458175659,
        "min": 2.42749452591,
        "var": 17.5059871674
    },
    "erbbands_flatness_db": {
        "dmean": 0.0190708786249,
        "dmean2": 0.0277561191469,
        "dvar": 0.000401173543651,
        "dvar2": 0.000828271615319,
        "max": 0.40929710865,
        "mean": 0.1285559237,
        "median": 0.119678176939,
        "min": 0.0304680243134,
        "var": 0.00151597184595
    },
    "erbbands_kurtosis": {
        "dmean": 1.25720798969,
        "dmean2": 1.94974541664,
        "dvar": 12.8125734329,
        "dvar2": 31.7460308075,
        "max": 111.405281067,
        "mean": 0.188918054104,
        "median": -0.874593496323,
        "min": -1.93589735031,
        "var": 19.7083568573
    },
    "erbbands_skewness": {
        "dmean": 0.474208950996,
        "dmean2": 0.703893601894,
        "dvar": 0.253428041935,
        "dvar2": 0.58707690239,
        "max": 8.27339553833,
        "mean": 0.388069629669,
        "median": 0.300240248442,
        "min": -5.88067245483,
        "var": 0.86654728651
    },
    "erbbands_spread": {
        "dmean": 16.521074295,
        "dmean2": 24.675113678,
        "dvar": 280.249969482,
        "dvar2": 621.549377441,
        "max": 189.849716187,
        "mean": 72.9737625122,
        "median": 72.9868850708,
        "min": 1.09944188595,
        "var": 891.302734375
    },
    "hfc": {
        "dmean": 9.65242099762,
        "dmean2": 14.3407592773,
        "dvar": 146.762069702,
        "dvar2": 370.155975342,
        "max": 128.185302734,
        "mean": 18.8364429474,
        "median": 13.9879207611,
        "min": 1.0658641077e-16,
        "var": 270.808532715
    },
    "melbands_crest": {
        "dmean": 3.686398983,
        "dmean2": 6.01836395264,
        "dvar": 10.8006887436,
        "dvar2": 28.4328098297,
        "max": 39.9996681213,
        "mean": 18.2960109711,
        "median": 17.8041133881,
        "min": 1.57047629356,
        "var": 32.5898475647
    },
    "melbands_flatness_db": {
        "dmean": 0.0444655753672,
        "dmean2": 0.0653064250946,
        "dvar": 0.00168267160188,
        "dvar2": 0.00371587858535,
        "max": 0.843300938606,
        "mean": 0.275258898735,
        "median": 0.268738925457,
        "min": 0.00320384628139,
        "var": 0.00929602049291
    },
    "melbands_kurtosis": {
        "dmean": 195.092453003,
        "dmean2": 354.315948486,
        "dvar": 20008812,
        "dvar2": 50547348,
        "max": 324955.3125,
        "mean": 544.476318359,
        "median": 49.1463699341,
        "min": -1.85185694695,
        "var": 55961568
    },
    "melbands_skewness": {
        "dmean": 1.95623683929,
        "dmean2": 3.01750826836,
        "dvar": 54.0056838989,
        "dvar2": 131.768218994,
        "max": 550.456848145,
        "mean": 7.78186798096,
        "median": 5.86987257004,
        "min": -1.72890543938,
        "var": 392.330474854
    },
    "melbands_spread": {
        "dmean": 5.90263462067,
        "dmean2": 9.22409057617,
        "dvar": 108.284606934,
        "dvar2": 230.433914185,
        "max": 250.525115967,
        "mean": 13.6492929459,
        "median": 7.58733463287,
        "min": 0.00283470423892,
        "var": 536.09197998
    },
    "pitch_salience": {
        "dmean": 0.0916914716363,
        "dmean2": 0.145371213555,
        "dvar": 0.00704292953014,
        "dvar2": 0.0168614201248,
        "max": 0.89878231287,
        "mean": 0.470611572266,
        "median": 0.482676327229,
        "min": 0.000418580224505,
        "var": 0.0206347107887
    },
    "silence_rate_20dB": {
        "dmean": 0.000176382396603,
        "dmean2": 0.000352795905201,
        "dvar": 0.000176332643605,
        "dvar2": 0.000528994773049,
        "max": 1,
        "mean": 0.99991184473,
        "median": 1,
        "min": 0,
        "var": 8.81709856912e-05
    },
    "silence_rate_30dB": {
        "dmean": 0.0910133197904,
        "dmean2": 0.182042688131,
        "dvar": 0.082732886076,
        "dvar2": 0.173052594066,
        "max": 1,
        "mean": 0.868783056736,
        "median": 1,
        "min": 0,
        "var": 0.113993123174
    },
    "silence_rate_60dB": {
        "dmean": 0.0107593266293,
        "dmean2": 0.0215205494314,
        "dvar": 0.010642291978,
        "dvar2": 0.0252876672894,
        "max": 1,
        "mean": 0.0515873022377,
        "median": 0,
        "min": 0,
        "var": 0.0489199347794
    },
    "spectral_centroid": {
        "dmean": 314.447784424,
        "dmean2": 482.76751709,
        "dvar": 121166.914062,
        "dvar2": 264796.3125,
        "max": 11687.4697266,
        "mean": 1118.90490723,
        "median": 899.803344727,
        "min": 95.8673324585,
        "var": 1235022.125
    },
    "spectral_complexity": {
        "dmean": 4.00793743134,
        "dmean2": 6.27835607529,
        "dvar": 21.9495182037,
        "dvar2": 53.6882095337,
        "max": 48,
        "mean": 13.6774253845,
        "median": 12,
        "min": 0,
        "var": 74.6906433105
    },
    "spectral_decrease": {
        "dmean": 5.90351723062e-09,
        "dmean2": 9.03728381019e-09,
        "dvar": 5.1545035261e-17,
        "dvar2": 1.17946108592e-16,
        "max": 1.90785452045e-21,
        "mean": -1.43214649029e-08,
        "median": -1.180331477e-08,
        "min": -9.24361032162e-08,
        "var": 1.40906048358e-16
    },
    "spectral_energy": {
        "dmean": 0.0227125734091,
        "dmean2": 0.034735750407,
        "dvar": 0.000758030451834,
        "dvar2": 0.00172426202334,
        "max": 0.352739095688,
        "mean": 0.0557611361146,
        "median": 0.0461596027017,
        "min": 1.01417076769e-20,
        "var": 0.00208599492908
    },
    "spectral_energyband_high": {
        "dmean": 0.000975304807071,
        "dmean2": 0.00150811427739,
        "dvar": 1.82411929472e-06,
        "dvar2": 4.70097029392e-06,
        "max": 0.0118439700454,
        "mean": 0.00127457862254,
        "median": 0.000592602416873,
        "min": 7.2307653973e-21,
        "var": 2.59953867499e-06
    },
    "spectral_energyband_low": {
        "dmean": 0.0206118002534,
        "dmean2": 0.0318400040269,
        "dvar": 0.00066944072023,
        "dvar2": 0.0016397574218,
        "max": 0.339755028486,
        "mean": 0.0419882647693,
        "median": 0.0325727760792,
        "min": 9.9100114793e-24,
        "var": 0.00155443244148
    },
    "spectral_energyband_middle_high": {
        "dmean": 0.000872754491866,
        "dmean2": 0.001331238891,
        "dvar": 1.56545195296e-06,
        "dvar2": 3.68158589481e-06,
        "max": 0.0284635368735,
        "mean": 0.00189100881107,
        "median": 0.00112073321361,
        "min": 1.17252245984e-21,
        "var": 5.31407476956e-06
    },
    "spectral_energyband_middle_low": {
        "dmean": 0.00844230782241,
        "dmean2": 0.0139148430899,
        "dvar": 0.000206646844163,
        "dvar2": 0.000542904483154,
        "max": 0.203704848886,
        "mean": 0.0142005747184,
        "median": 0.00877436250448,
        "min": 1.65707579014e-22,
        "var": 0.000287085975287
    },
    "spectral_entropy": {
        "dmean": 0.266677349806,
        "dmean2": 0.393398493528,
        "dvar": 0.0850981548429,
        "dvar2": 0.187367379665,
        "max": 9.82263660431,
        "mean": 7.59021043777,
        "median": 7.62904119492,
        "min": 4.39419603348,
        "var": 0.270980924368
    },
    "spectral_flux": {
        "dmean": 0.0401523634791,
        "dmean2": 0.0608544684947,
        "dvar": 0.00181001331657,
        "dvar2": 0.0031920382753,
        "max": 0.406776756048,
        "mean": 0.113417722285,
        "median": 0.0966598838568,
        "min": 6.33391186722e-11,
        "var": 0.00544229103252
    },
    "spectral_kurtosis": {
        "dmean": 1.43833053112,
        "dmean2": 2.2677590847,
        "dvar": 6.04900932312,
        "dvar2": 14.5320034027,
        "max": 50.7537536621,
        "mean": 2.21647977829,
        "median": 1.40534234047,
        "min": -1.27261590958,
        "var": 9.70402240753
    },
    "spectral_rms": {
        "dmean": 0.00142993987538,
        "dmean2": 0.00214675720781,
        "dvar": 2.09224458558e-06,
        "dvar2": 4.40029680249e-06,
        "max": 0.0185508951545,
        "mean": 0.0067078974098,
        "median": 0.00671071978286,
        "min": 3.14552832566e-12,
        "var": 9.40475092648e-06
    },
    "spectral_rolloff": {
        "dmean": 427.430023193,
        "dmean2": 751.051879883,
        "dvar": 1256021.75,
        "dvar2": 3055160,
        "max": 19466.015625,
        "mean": 837.201049805,
        "median": 236.865234375,
        "min": 21.533203125,
        "var": 4500743.5
    },
    "spectral_skewness": {
        "dmean": 0.281904101372,
        "dmean2": 0.417385131121,
        "dvar": 0.116699196398,
        "dvar2": 0.26745402813,
        "max": 5.99802827835,
        "mean": 1.17368352413,
        "median": 1.06515669823,
        "min": -0.309226810932,
        "var": 0.314356803894
    },
    "spectral_spread": {
        "dmean": 856953.375,
        "dmean2": 1200370.125,
        "dvar": 1.03489745715e+12,
        "dvar2": 2.05642924032e+12,
        "max": 42954912,
        "mean": 6069661,
        "median": 5916359,
        "min": 1122337.25,
        "var": 1.22038832333e+13
    },
    "spectral_strongpeak": {
        "dmean": 0.268155962229,
        "dmean2": 0.454677045345,
        "dvar": 0.150737687945,
        "dvar2": 0.390819221735,
        "max": 8.79821300507,
        "mean": 0.498453527689,
        "median": 0.357969343662,
        "min": 0,
        "var": 0.266917467117
    },
    "zerocrossingrate": {
        "dmean": 0.0134267220274,
        "dmean2": 0.016449065879,
        "dvar": 0.000239632165176,
        "dvar2": 0.000336275668815,
        "max": 0.52734375,
        "mean": 0.0479412972927,
        "median": 0.03662109375,
        "min": 0,
        "var": 0.00287141720764
    },
    "barkbands": {
        "dmean": [0.00131150730886, 0.0142487054691, 0.00904176943004, 0.00539211696014, 0.00362442363985, 0.000820372544695, 0.000580997555517, 0.000368529552361, 0.000218320899876, 0.000191945189727, 0.000229810655583, 0.000131141394377, 0.000133840207127, 0.000128205370856, 0.00010100207146, 9.29756643018e-05, 0.000104775223008, 0.00010945678514, 0.000103245598439, 0.00011861652456, 0.000126563420054, 0.000161371339345, 0.000488337536808, 0.000188991674804, 3.62137652701e-05, 1.90883711184e-05, 1.01448256373e-06],
        "dmean2": [0.00234658713453, 0.0230354573578, 0.0150599917397, 0.00956890452653, 0.00620011799037, 0.00120787788182, 0.000715884845704, 0.000538637978025, 0.000336578465067, 0.000296326063108, 0.000380745303119, 0.000203234172659, 0.000205649543204, 0.000202954484848, 0.00016581969976, 0.000152987486217, 0.000170658924617, 0.000174679778866, 0.000160950075951, 0.000187119279872, 0.000201561502763, 0.00024621936609, 0.000782040471677, 0.000284786714474, 5.82554130233e-05, 2.96312755381e-05, 1.64828850302e-06],
        "dvar": [5.59287082069e-06, 0.000345133623341, 0.000288500596071, 0.000116196191811, 5.26640433236e-05, 1.92246966435e-06, 3.85743169318e-06, 6.89320529546e-07, 3.17146941597e-07, 1.76773454541e-07, 4.06569085953e-07, 1.03102877347e-07, 2.33698699503e-07, 2.04235945489e-07, 4.95954779467e-08, 3.49199389404e-08, 5.48865237704e-08, 5.26109324994e-08, 4.30338609192e-08, 3.68874850665e-08, 3.94739849696e-08, 8.28832966704e-08, 5.20011781191e-07, 7.18419883583e-08, 3.51152706912e-09, 7.81987641307e-10, 4.66802247898e-12],
        "dvar2": [1.65047331393e-05, 0.000923113431782, 0.000783941068221, 0.000331979856128, 0.0001457202452, 4.17396449848e-06, 4.58620115751e-06, 1.39453254633e-06, 7.27048927729e-07, 4.0896722453e-07, 1.03377374217e-06, 2.12784584619e-07, 5.63558955946e-07, 4.54298174191e-07, 1.15461659789e-07, 8.90022420208e-08, 1.3334273774e-07, 1.19599292248e-07, 1.07277671191e-07, 8.43774472514e-08, 9.51431573526e-08, 1.87576318922e-07, 1.36432413456e-06, 1.74527471586e-07, 8.83593020973e-09, 1.93547622374e-09, 1.17242049402e-11],
        "max": [0.0312253106385, 0.324854433537, 0.223618343472, 0.145608201623, 0.101149335504, 0.0296583361924, 0.111840590835, 0.0312328208238, 0.0225391481072, 0.0167994704098, 0.0220301859081, 0.015984158963, 0.0263188574463, 0.0226150993258, 0.00702166743577, 0.00573509000242, 0.0102348867804, 0.00865518301725, 0.0077830706723, 0.00811698939651, 0.00276229227893, 0.00752283958718, 0.0071560763754, 0.00208627618849, 0.000350814982085, 0.00015948440705, 1.96822402359e-05],
        "mean": [0.00313479756005, 0.0234085358679, 0.0119064664468, 0.00586859695613, 0.0044535449706, 0.00153328408487, 0.00134412152693, 0.000576753693167, 0.000312058633426, 0.000268445553957, 0.000247516931267, 0.000192531369976, 0.00019944095402, 0.000183412703336, 0.000148956300109, 0.000129763007862, 0.000155102214194, 0.000175355860847, 0.000167438018252, 0.000171325300471, 0.000173605396412, 0.000223976006964, 0.000523358408827, 0.000211587554077, 3.25012442772e-05, 1.77356432687e-05, 8.55210203099e-07],
        "median": [0.000469146150863, 0.0172883551568, 0.00538122467697, 0.00230700918473, 0.00187689543236, 0.000650736037642, 0.000254249607679, 0.000225151074119, 0.000137406852446, 0.000111028515676, 7.07316285116e-05, 7.53307540435e-05, 6.33343079244e-05, 5.74724399485e-05, 5.99477280048e-05, 5.43979913346e-05, 6.54281029711e-05, 6.23369778623e-05, 7.8727665823e-05, 7.95819069026e-05, 7.60076218285e-05, 8.19504275569e-05, 0.000184074378922, 7.9544071923e-05, 6.94886239216e-06, 4.11694600189e-06, 1.43031968491e-07],
        "min": [5.06228954086e-25, 3.18620781568e-24, 6.55320065995e-25, 1.69979961325e-24, 6.79252232315e-24, 8.02751483585e-24, 7.20062136866e-24, 5.89604106893e-24, 1.36978596443e-23, 1.81107096828e-23, 1.43027897409e-23, 2.34300460984e-23, 3.20335524573e-23, 5.1750423964e-23, 4.57590506324e-23, 6.63769464432e-23, 3.44974963859e-23, 8.61264326151e-23, 1.21218411424e-22, 1.75986524962e-22, 2.50055654092e-22, 3.59595995867e-22, 4.09762778408e-22, 6.34119161743e-22, 6.67496636571e-22, 1.33009834705e-21, 2.00819944513e-21],
        "var": [1.88212525245e-05, 0.00070519966539, 0.000334724696586, 0.000107756859506, 5.26408621226e-05, 6.24080666967e-06, 2.86733848043e-05, 1.39310236591e-06, 4.84681436319e-07, 2.71637048854e-07, 3.96990628815e-07, 1.85182841506e-07, 3.34088127829e-07, 3.11171049816e-07, 9.08940549493e-08, 6.15578628071e-08, 9.6475687883e-08, 1.37428216362e-07, 9.86270904946e-08, 7.1171356808e-08, 6.07891337268e-08, 1.48467393046e-07, 5.97367375121e-07, 8.78741275301e-08, 3.26623039726e-09, 8.07382827261e-10, 3.85618490265e-12]
    },
    "erbbands": {
        "dmean": [0.464958637953, 3.1164932251, 8.35295677185, 15.5347003937, 14.9531755447, 10.1961669922, 8.50012779236, 5.92582845688, 8.66873168945, 7.0924372673, 6.98679542542, 5.23853254318, 5.18561649323, 6.42741060257, 9.48663806915, 5.64978599548, 5.72618627548, 6.56678199768, 5.77421283722, 4.93641138077, 5.12541007996, 5.16747236252, 5.7083067894, 6.02667093277, 5.26994466782, 5.10232400894, 5.12746238708, 5.25542497635, 5.50098991394, 8.30036067963, 16.8087253571, 4.34624671936, 3.117000103, 0.938074111938, 0.218671068549, 0.085560746491, 0.0356904901564, 0.00578464474529, 0.000166850644746, 2.92958229693e-05],
        "dmean2": [0.753964364529, 5.06996583939, 13.238781929, 26.4989833832, 26.3254318237, 17.0077056885, 12.8293886185, 8.9434261322, 10.6035203934, 9.52813243866, 10.7018575668, 7.96642494202, 8.02621746063, 10.0312194824, 15.6986627579, 8.7104845047, 8.82781791687, 10.3099555969, 9.24567222595, 8.03644657135, 8.43077659607, 8.38864994049, 8.97578907013, 9.57797145844, 8.25037193298, 7.90317392349, 8.18491649628, 8.42419815063, 8.44011211395, 12.8464756012, 27.2650413513, 6.92753076553, 4.68144035339, 1.40021121502, 0.358221977949, 0.136491343379, 0.0546232387424, 0.00897454936057, 0.000264330679784, 4.49435938208e-05],
        "dvar": [0.3289912045, 19.8267173767, 213.269042969, 802.277526855, 1162.16088867, 357.124633789, 192.250335693, 140.872329712, 821.346679688, 241.378799438, 288.621582031, 197.427810669, 193.05241394, 190.082397461, 761.573242188, 159.811660767, 502.638427734, 518.337097168, 216.611755371, 132.96395874, 122.066879272, 122.308280945, 138.72555542, 218.544509888, 77.8311538696, 73.7320175171, 62.9332962036, 75.9216384888, 79.9402389526, 173.623306274, 679.099365234, 40.7088928223, 22.6376686096, 1.93466305733, 0.125512734056, 0.0177546963096, 0.00275162002072, 7.92390928837e-05, 1.02770954413e-07, 1.15966969361e-09],
        "dvar2": [0.902238428593, 52.8482818604, 548.672668457, 2250.30517578, 3215.63378906, 925.842651367, 402.136627197, 332.258911133, 894.880249023, 398.21005249, 670.94342041, 453.711547852, 459.392669678, 413.079376221, 1927.82666016, 328.732727051, 1237.76623535, 1141.74060059, 475.681304932, 324.009979248, 303.840148926, 304.401062012, 316.479003906, 510.870574951, 189.52482605, 160.950317383, 153.105667114, 185.198913574, 181.04888916, 412.503570557, 1801.41333008, 105.015686035, 53.6102104187, 4.63194894791, 0.327437222004, 0.0446451939642, 0.00676839379594, 0.000195187079953, 2.6558063837e-07, 2.6047282109e-09],
        "max": [8.13876247406, 80.9344329834, 166.538742065, 416.34475708, 482.024475098, 349.527557373, 294.738708496, 368.284606934, 1502.9284668, 681.731567383, 684.159362793, 539.852722168, 702.43371582, 444.522033691, 1091.49682617, 503.012390137, 1396.03137207, 1088.22045898, 526.705627441, 419.407440186, 538.585876465, 541.436218262, 448.8019104, 816.696350098, 317.531951904, 479.844787598, 140.357116699, 160.825149536, 340.890899658, 302.473388672, 295.595428467, 61.0875205994, 34.9694137573, 8.86581993103, 1.92051339149, 0.714633405209, 0.331044346094, 0.0597440823913, 0.0033318256028, 0.000388083193684],
        "mean": [0.731491565704, 5.08540773392, 12.0288991928, 20.7147769928, 15.8790979385, 13.3823976517, 14.8186683655, 11.099448204, 20.4063510895, 14.3852844238, 10.7837629318, 7.94274568558, 7.52540254593, 8.50620555878, 10.6343631744, 8.66107082367, 8.72241687775, 9.73695087433, 8.84253311157, 7.49127817154, 7.59520292282, 8.07204818726, 9.50030612946, 9.51935005188, 8.28179168701, 7.76722192764, 7.11170291901, 6.91790533066, 7.66118478775, 10.6128778458, 16.9598674774, 4.57081127167, 3.55619597435, 0.952214479446, 0.191000014544, 0.0756451562047, 0.0340013578534, 0.00548254698515, 0.000170796251041, 6.93338079145e-05],
        "median": [0.54694378376, 3.23190641403, 6.42527198792, 9.70664596558, 5.56074380875, 5.51707458496, 7.22840595245, 4.84827899933, 4.09344387054, 4.94860363007, 4.87804889679, 3.71931385994, 3.28782534599, 3.22419023514, 3.28252983093, 3.43222761154, 3.05706763268, 3.32718753815, 3.34966135025, 3.19966864586, 3.31866669655, 3.48409128189, 3.6666841507, 3.81293439865, 4.22145080566, 3.69535446167, 3.26210927963, 2.92626523972, 3.02098321915, 3.35816335678, 5.69278430939, 1.45130205154, 1.37105369568, 0.279000252485, 0.0414619892836, 0.0147028015926, 0.00848978757858, 0.00143480591942, 6.22697043582e-05, 5.81226340728e-05],
        "min": [1.14793032066e-22, 5.15974556303e-22, 1.01765520544e-21, 4.96363378274e-21, 6.34038947842e-21, 2.30621412136e-20, 4.21983313749e-20, 6.02954049722e-20, 8.41606836306e-20, 1.25990813004e-19, 2.28296524089e-19, 3.12922658373e-19, 4.67899624876e-19, 9.71675210291e-19, 1.05339517474e-18, 8.3199599279e-19, 1.68233244092e-18, 2.12867796208e-18, 2.50286159077e-18, 3.14875399155e-18, 4.00146925602e-18, 2.85647034249e-18, 4.24924169594e-18, 6.48581482237e-18, 7.59315158223e-18, 8.64853147345e-18, 9.53659257908e-18, 8.48960857108e-18, 1.25584289405e-17, 1.24481070351e-17, 1.0764526482e-17, 1.11480123771e-17, 1.00441787271e-17, 7.27607257392e-18, 5.98927401708e-18, 4.54512420105e-18, 2.48823910549e-18, 9.83894218902e-19, 2.24671120712e-19, 2.80594430244e-20],
        "var": [0.569914221764, 40.3493537903, 272.094665527, 985.692138672, 955.470092773, 468.839141846, 511.831207275, 363.676940918, 6733.68115234, 968.426208496, 503.615570068, 300.812713623, 262.200653076, 318.192047119, 741.601135254, 325.264190674, 647.309387207, 820.945495605, 421.129241943, 219.70123291, 207.667221069, 231.200485229, 349.196350098, 489.916534424, 173.440826416, 152.887908936, 97.3635253906, 110.704582214, 148.925720215, 291.652832031, 702.683898926, 46.972492218, 27.1054821014, 2.16747403145, 0.109739206731, 0.0166644416749, 0.00294077466242, 8.06670141174e-05, 8.73415189062e-08, 2.95283997254e-09]
    },
    "gfcc": {
        "mean": [-24.7163887024, 92.1721496582, -80.8135986328, 61.7786026001, -56.5067405701, 27.0431957245, -29.7422561646, 5.59635019302, -12.3733243942, -3.84612202644, -8.85247612, -2.71494698524, -13.6694536209],
        "cov": [[23903.5898438, 1075.45727539, -1113.65087891, 996.488037109, -1285.39343262, 331.6277771, -796.676696777, -36.507938385, -447.477020264, -80.6727676392, -331.082580566, 144.478652954, -365.535125732], [1075.45727539, 1275.89099121, -239.921310425, -52.0405807495, 170.669143677, -177.210357666, 87.4829330444, -96.9591674805, 72.4917449951, -137.72088623, 117.61857605, -126.940391541, 65.0447692871], [-1113.65087891, -239.921310425, 1293.52319336, 17.8895988464, -61.2158241272, 180.458129883, -35.2384262085, 114.799621582, 113.002113342, 130.748977661, -4.78786420822, 96.3939361572, 31.8826370239], [996.488037109, -52.0405807495, 17.8895988464, 356.936920166, 12.4137907028, -13.049952507, 23.0642642975, -29.2253665924, -11.0308971405, -16.172077179, -18.1234798431, -5.53973150253, 0.772107064724], [-1285.39343262, 170.669143677, -61.2158241272, 12.4137907028, 436.642913818, -30.8836097717, 70.1186904907, 10.0732755661, 14.8416938782, -29.8694553375, 54.6428871155, -51.6833267212, 43.1013793945], [331.6277771, -177.210357666, 180.458129883, -13.049952507, -30.8836097717, 244.853622437, 5.56858062744, 18.7719783783, 13.1213207245, 30.7303504944, -20.0667438507, 35.6987609863, -18.782125473], [-796.676696777, 87.4829330444, -35.2384262085, 23.0642642975, 70.1186904907, 5.56858062744, 201.382110596, -0.887838900089, 20.4393825531, -22.8744277954, 22.3417510986, -28.2263374329, 29.8006763458], [-36.507938385, -96.9591674805, 114.799621582, -29.2253665924, 10.0732755661, 18.7719783783, -0.887838900089, 151.304550171, 29.4809951782, 28.1142883301, -5.8833899498, 8.69307136536, -0.378622442484], [-447.477020264, 72.4917449951, 113.002113342, -11.0308971405, 14.8416938782, 13.1213207245, 20.4393825531, 29.4809951782, 142.996170044, 45.5824203491, 35.3874359131, -3.45120000839, 13.0538959503], [-80.6727676392, -137.72088623, 130.748977661, -16.172077179, -29.8694553375, 30.7303504944, -22.8744277954, 28.1142883301, 45.5824203491, 148.220184326, 37.4194488525, 44.6809043884, 4.4290304184], [-331.082580566, 117.61857605, -4.78786420822, -18.1234798431, 54.6428871155, -20.0667438507, 22.3417510986, -5.8833899498, 35.3874359131, 37.4194488525, 109.63671875, 20.1231212616, 18.0409755707], [144.478652954, -126.940391541, 96.3939361572, -5.53973150253, -51.6833267212, 35.6987609863, -28.2263374329, 8.69307136536, -3.45120000839, 44.6809043884, 20.1231212616, 108.077278137, 26.4552345276], [-365.535125732, 65.0447692871, 31.8826370239, 0.772107064724, 43.1013793945, -18.782125473, 29.8006763458, -0.378622442484, 13.0538959503, 4.4290304184, 18.0409755707, 26.4552345276, 85.3482971191]],
        "icov": [[0.000247306947131, -0.000814362370875, 0.000359225727152, -0.000977676012553, 0.000596809200943, -0.00083049130626, 0.00083302881103, -0.000803092494607, 0.000818444299512, -0.000698645890225, 0.000813393271528, -0.000842180044856, 0.000776075408794], [-0.000814362370875, 0.00416513020173, -0.00120553944726, 0.00347094982862, -0.00188762450125, 0.003161333967, -0.00258924486116, 0.0033069732599, -0.00348236481659, 0.00380410254002, -0.00455164676532, 0.00442630890757, -0.00375011563301], [0.000359225727152, -0.00120553944726, 0.00157695403323, -0.00158221193124, 0.000896851939615, -0.00181075162254, 0.00139088544529, -0.00169332395308, 0.000570566859096, -0.00147177686449, 0.00154253817163, -0.00169569114223, 0.000726593250874], [-0.000977676012553, 0.00347094982862, -0.00158221193124, 0.00685870554298, -0.00252672098577, 0.00368788116612, -0.00374655192718, 0.00397969223559, -0.00333422631957, 0.00305225420743, -0.00278183910996, 0.00329879997298, -0.00297301681712], [0.000596809200943, -0.00188762450125, 0.000896851939615, -0.00252672098577, 0.00447235396132, -0.00227750791237, 0.00180448789615, -0.00249595963396, 0.00230739964172, -0.00111050251871, -8.92558455234e-05, 0.000180554023245, -5.08243247168e-05], [-0.00083049130626, 0.003161333967, -0.00181075162254, 0.00368788116612, -0.00227750791237, 0.00815981440246, -0.0038116236683, 0.00313694216311, -0.00336749316193, 0.00230863573961, -0.00157539080828, 0.000974979600869, -0.000606416957453], [0.00083302881103, -0.00258924486116, 0.00139088544529, -0.00374655192718, 0.00180448789615, -0.0038116236683, 0.0090212719515, -0.002960634185, 0.00218690000474, -0.00127069547307, 0.00097713212017, -0.000407395185903, -0.000206586788408], [-0.000803092494607, 0.0033069732599, -0.00169332395308, 0.00397969223559, -0.00249595963396, 0.00313694216311, -0.002960634185, 0.0105727566406, -0.00422005401924, 0.00194008159451, -0.00183818710502, 0.00277708400972, -0.00225927704014], [0.000818444299512, -0.00348236481659, 0.000570566859096, -0.00333422631957, 0.00230739964172, -0.00336749316193, 0.00218690000474, -0.00422005401924, 0.0125304292887, -0.00525157246739, 0.000847616349347, -0.000738879665732, 0.00169349764474], [-0.000698645890225, 0.00380410254002, -0.00147177686449, 0.00305225420743, -0.00111050251871, 0.00230863573961, -0.00127069547307, 0.00194008159451, -0.00525157246739, 0.0133317755535, -0.00708120875061, 0.00138190900907, -0.00266814813949], [0.000813393271528, -0.00455164676532, 0.00154253817163, -0.00278183910996, -8.92558455234e-05, -0.00157539080828, 0.00097713212017, -0.00183818710502, 0.000847616349347, -0.00708120875061, 0.018484082073, -0.00872989185154, 0.0047871330753], [-0.000842180044856, 0.00442630890757, -0.00169569114223, 0.00329879997298, 0.000180554023245, 0.000974979600869, -0.000407395185903, 0.00277708400972, -0.000738879665732, 0.00138190900907, -0.00872989185154, 0.0202947482467, -0.0105028245598], [0.000776075408794, -0.00375011563301, 0.000726593250874, -0.00297301681712, -5.08243247168e-05, -0.000606416957453, -0.000206586788408, -0.00225927704014, 0.00169349764474, -0.00266814813949, 0.0047871330753, -0.0105028245598, 0.0197313893586]]
    },
    "melbands": {
        "dmean": [0.00396920507774, 0.00385463563725, 0.00247324537486, 0.000906736764591, 0.000312642747303, 0.000135818307172, 0.000132855115226, 7.77314780862e-05, 5.66845410503e-05, 3.00831779896e-05, 2.5960178391e-05, 2.53256639553e-05, 3.08775306621e-05, 1.8212631403e-05, 1.37802535392e-05, 1.19026908578e-05, 1.34409565362e-05, 1.008365507e-05, 7.31742875359e-06, 7.19930949344e-06, 6.14644523012e-06, 5.70208612771e-06, 5.43940132047e-06, 5.65338359593e-06, 5.11270036441e-06, 4.00989165428e-06, 4.06317258239e-06, 3.43923147739e-06, 3.78429308512e-06, 2.84205998469e-06, 3.18356933349e-06, 3.08413359562e-06, 3.43349347531e-06, 5.0934063438e-06, 1.19717024063e-05, 5.06780270371e-06, 1.64038408457e-06, 1.74706929101e-06, 2.43458907789e-06, 3.73422579969e-07],
        "dmean2": [0.00644714105874, 0.00589475082234, 0.00411053933203, 0.00157225702424, 0.000474288099213, 0.000202922747121, 0.000162045675097, 0.000106306957605, 8.76714111655e-05, 4.57873975392e-05, 4.02821096941e-05, 3.93772716052e-05, 5.15128122061e-05, 2.85106871161e-05, 2.13890543819e-05, 1.83766824193e-05, 2.15328527702e-05, 1.60882209457e-05, 1.19892865769e-05, 1.18503439808e-05, 1.01295081549e-05, 9.39386882237e-06, 8.63865807332e-06, 8.99504448171e-06, 8.21993944555e-06, 6.32511591903e-06, 6.51618938718e-06, 5.32712556378e-06, 6.16014222032e-06, 4.5951805987e-06, 5.1189581427e-06, 4.82465293317e-06, 5.33084630661e-06, 7.93919116404e-06, 1.93015857803e-05, 8.42998269945e-06, 2.59567514149e-06, 2.64870936917e-06, 3.61527440873e-06, 6.04272941018e-07],
        "dvar": [2.47055995715e-05, 3.34476062562e-05, 1.9280709239e-05, 3.76865591534e-06, 2.34443120917e-07, 6.36916936969e-08, 1.97402741264e-07, 2.85203594075e-08, 1.9515486116e-08, 6.34751762263e-09, 4.92999996382e-09, 3.09841707846e-09, 8.29210478059e-09, 1.75056191765e-09, 1.55263268908e-09, 1.8212198416e-09, 2.55792143022e-09, 8.13515865783e-10, 2.89245377649e-10, 2.39737479868e-10, 2.03733266368e-10, 1.6062212671e-10, 1.26431962122e-10, 1.61588173397e-10, 1.75918279943e-10, 5.88433884952e-11, 4.26683167964e-11, 3.89434075265e-11, 3.80610092054e-11, 1.8945530908e-11, 3.09682626765e-11, 2.42035176623e-11, 4.61374549676e-11, 5.62227590872e-11, 3.52719159435e-10, 5.96545937648e-11, 6.13594418331e-12, 6.61864530196e-12, 1.55133839802e-11, 3.92379352751e-13],
        "dvar2": [6.65508268867e-05, 8.15704406705e-05, 5.10286190547e-05, 1.0434707292e-05, 5.00367775658e-07, 1.45969934806e-07, 2.20410669272e-07, 5.01579293655e-08, 4.65768827951e-08, 1.44684024761e-08, 1.18157075235e-08, 6.67019195433e-09, 2.13443431818e-08, 3.75064201918e-09, 3.53926332686e-09, 4.34972413643e-09, 5.81443204695e-09, 1.78436043718e-09, 6.85206169582e-10, 5.97095706212e-10, 5.03047659084e-10, 4.05599193121e-10, 2.96873359229e-10, 3.56944668267e-10, 4.1453121491e-10, 1.41785583274e-10, 1.05321529276e-10, 8.34401228667e-11, 9.52212475536e-11, 4.60827660753e-11, 7.34451180429e-11, 5.5818457495e-11, 1.06003678058e-10, 1.35045669092e-10, 9.31945853822e-10, 1.56905446969e-10, 1.51978169632e-11, 1.58851404253e-11, 3.59592668142e-11, 9.76889142495e-13],
        "max": [0.0816203504801, 0.0752003863454, 0.058868445456, 0.0259259883314, 0.00950716901571, 0.00698266271502, 0.0243669953197, 0.00570224039257, 0.00615798402578, 0.00287122093141, 0.00354597694241, 0.0017586373724, 0.00323865073733, 0.00200340920128, 0.00172687368467, 0.00234381016344, 0.00238117296249, 0.00110907712951, 0.000647664186545, 0.000559879699722, 0.000768248632085, 0.000622938736342, 0.000316562975058, 0.000535711471457, 0.000729298626538, 0.000291935983114, 0.000202293682378, 0.000401808152674, 0.000106491708721, 6.54511313769e-05, 0.000136191447382, 0.000141322132549, 0.000216127402382, 0.000132173052407, 0.000258101557847, 8.64292960614e-05, 2.99646399071e-05, 1.97456156457e-05, 3.00793799397e-05, 4.01782972403e-06],
        "mean": [0.00685253506526, 0.00667979056016, 0.00342787755653, 0.00103169633076, 0.00053809635574, 0.000253991602222, 0.000311175506795, 0.000149173065438, 8.49277639645e-05, 4.4707361667e-05, 3.62840692105e-05, 3.29195827362e-05, 3.32503441314e-05, 2.57144874922e-05, 2.03565086849e-05, 1.77600468305e-05, 1.83629290404e-05, 1.44705436469e-05, 1.05408926174e-05, 1.01559217001e-05, 8.51037202665e-06, 8.23109348858e-06, 8.58058047015e-06, 8.60145064507e-06, 7.62224044593e-06, 6.03655553277e-06, 5.74128989683e-06, 5.03532874063e-06, 4.8290671657e-06, 3.76725301976e-06, 4.05513446822e-06, 4.11734345107e-06, 4.61892432213e-06, 6.23374353381e-06, 1.19753012768e-05, 5.04042509419e-06, 1.73632247424e-06, 2.02297019314e-06, 2.59270655079e-06, 3.27032068981e-07],
        "median": [0.00543529400602, 0.00415833108127, 0.00165967224166, 0.000383153266739, 0.000272169098025, 0.000109706743388, 5.97056568949e-05, 5.45541988686e-05, 3.78061522497e-05, 2.03463168873e-05, 1.50557707457e-05, 1.16569772217e-05, 9.7875145002e-06, 9.88798092294e-06, 7.46890100345e-06, 5.64050787943e-06, 5.74910882278e-06, 5.01190561408e-06, 4.23615938416e-06, 4.20905234932e-06, 3.553109309e-06, 3.38722657034e-06, 3.43310398421e-06, 3.00301871903e-06, 2.83931217382e-06, 2.81589245787e-06, 2.85744181383e-06, 2.20961692321e-06, 2.03991203307e-06, 1.70067050931e-06, 1.57918907462e-06, 1.66436416293e-06, 1.55235431976e-06, 1.97820918402e-06, 3.89004526369e-06, 1.5855687252e-06, 4.97824601098e-07, 8.34080424283e-07, 7.95588448455e-07, 5.92323381454e-08],
        "min": [1.30847520184e-24, 5.53195069977e-25, 1.25929179516e-24, 6.46639194075e-25, 1.82769723738e-24, 1.66336508626e-24, 1.41021636773e-24, 1.53458906551e-24, 1.83993128673e-24, 1.8974597571e-24, 2.10038791408e-24, 3.20570786561e-24, 2.44466101262e-24, 2.25829715971e-24, 1.50509020361e-24, 3.43814770349e-24, 3.13458377197e-24, 3.4164165577e-24, 3.92206456503e-24, 3.1344831922e-24, 4.1346846671e-24, 1.83197128576e-24, 3.40597046159e-24, 3.49770788512e-24, 4.76741027765e-24, 4.77567004576e-24, 4.24950021641e-24, 5.14967136751e-24, 4.97473712304e-24, 5.15077971708e-24, 3.53951711867e-24, 5.78863962884e-24, 5.55501571074e-24, 5.35105493484e-24, 5.14509755198e-24, 5.61014209966e-24, 6.18482174709e-24, 5.96470431098e-24, 4.66368335166e-24, 6.07035842417e-24],
        "var": [5.13113882334e-05, 5.95410965616e-05, 2.4923692763e-05, 3.42232851835e-06, 5.80942298711e-07, 1.79824468205e-07, 1.56757539571e-06, 8.65687752594e-08, 3.16644026555e-08, 9.74894742711e-09, 6.52273124402e-09, 5.15478637553e-09, 7.64161178779e-09, 2.9736648699e-09, 2.71912314886e-09, 2.55777088398e-09, 3.5040703672e-09, 1.44076484077e-09, 4.95501917275e-10, 4.04321603975e-10, 3.08463976584e-10, 2.73160744024e-10, 2.62098315273e-10, 3.83062775944e-10, 3.61848495611e-10, 1.16637435821e-10, 7.89679988067e-11, 7.64136878773e-11, 5.07781559855e-11, 2.86869260985e-11, 4.70189269464e-11, 4.20240717225e-11, 7.57585869038e-11, 9.14422357279e-11, 3.6428518535e-10, 6.2267323242e-11, 7.40025402068e-12, 7.95191343328e-12, 1.79655925553e-11, 3.62623912018e-13]
    },
    "mfcc": {
        "mean": [-661.885925293, 107.716217041, 36.9318656921, 37.8847732544, 11.6550331116, 20.3047103882, 0.861486852169, 14.6753931046, -3.55641579628, 10.7515001297, -1.447894454, 4.67389154434, 0.0750503316522],
        "cov": [[9785.171875, 560.961853027, 250.78503418, 439.71081543, -55.1149940491, 194.45753479, -168.562652588, 91.9492492676, -252.398895264, -104.494941711, -160.413314819, -34.3293876648, -57.8395805359], [560.961853027, 1352.53320312, -112.049423218, 98.2375183105, 92.7428970337, -33.0000343323, 27.6339092255, 13.133849144, -32.7561988831, 35.7629547119, -26.8056297302, 38.4992866516, -25.2163276672], [250.78503418, -112.049423218, 1160.34716797, -27.1501197815, 30.420835495, 95.341506958, -99.390083313, 49.5324058533, 50.5906944275, 82.0796203613, 35.6973342896, 7.85417079926, 87.013168335], [439.71081543, 98.2375183105, -27.1501197815, 390.300109863, 47.7268486023, 6.88833618164, 28.6614265442, -0.770539224148, 8.14349365234, -5.87472295761, -18.1283397675, 5.56992387772, -22.5625076294], [-55.1149940491, 92.7428970337, 30.420835495, 47.7268486023, 281.935516357, 19.5248336792, 21.761631012, 12.1229228973, 13.7932138443, 29.5487499237, 18.0806674957, 14.5879468918, 2.84372806549], [194.45753479, -33.0000343323, 95.341506958, 6.88833618164, 19.5248336792, 207.032348633, 29.1646976471, 14.7570734024, 4.06850862503, -4.2774515152, 8.28336143494, 12.6672420502, 7.47131729126], [-168.562652588, 27.6339092255, -99.390083313, 28.6614265442, 21.761631012, 29.1646976471, 157.454467773, 32.9969787598, 18.2708530426, -0.865116536617, -5.93548965454, -1.49998950958, -6.55403089523], [91.9492492676, 13.133849144, 49.5324058533, -0.770539224148, 12.1229228973, 14.7570734024, 32.9969787598, 117.558303833, 32.1852302551, 8.94225311279, -13.6642932892, -6.5353012085, -2.49118947983], [-252.398895264, -32.7561988831, 50.5906944275, 8.14349365234, 13.7932138443, 4.06850862503, 18.2708530426, 32.1852302551, 114.667709351, 38.0845451355, 9.0559720993, -0.527978003025, 6.63944673538], [-104.494941711, 35.7629547119, 82.0796203613, -5.87472295761, 29.5487499237, -4.2774515152, -0.865116536617, 8.94225311279, 38.0845451355, 102.328437805, 30.3677768707, 17.4537258148, 9.45950603485], [-160.413314819, -26.8056297302, 35.6973342896, -18.1283397675, 18.0806674957, 8.28336143494, -5.93548965454, -13.6642932892, 9.0559720993, 30.3677768707, 99.0526733398, 35.3223953247, 26.0727882385], [-34.3293876648, 38.4992866516, 7.85417079926, 5.56992387772, 14.5879468918, 12.6672420502, -1.49998950958, -6.5353012085, -0.527978003025, 17.4537258148, 35.3223953247, 75.7313995361, 31.8612537384], [-57.8395805359, -25.2163276672, 87.013168335, -22.5625076294, 2.84372806549, 7.47131729126, -6.55403089523, -2.49118947983, 6.63944673538, 9.45950603485, 26.0727882385, 31.8612537384, 72.1935882568]],
