{
"lowlevel": {
    "average_loudness": 0.488056719303,
    "barkbands_crest": {
        "dmean": 2.04853463173,
        "dmean2": 3.24469399452,
        "dvar": 5.24083185196,
        "dvar2": 13.1690540314,
        "max": 26.381111145,
        "mean": 10.453332901,
        "median": 9.6894903183,
        "min": 2.43177223206,
        "var": 20.271024704
    },
    "barkbands_flatness_db": {
        "dmean": 0.0184318572283,
        "dmean2": 0.0276288203895,
        "dvar": 0.000433242850704,
        "dvar2": 0.000884871580638,
        "max": 0.48601347208,
        "mean": 0.195063903928,
        "median": 0.182250827551,
        "min": 0.0267076101154,
        "var": 0.00767400115728
    },
    "barkbands_kurtosis": {
        "dmean": 2.59087991714,
        "dmean2": 4.0005402565,
        "dvar": 31.4096851349,
        "dvar2": 72.0034332275,
        "max": 326.839172363,
        "mean": 5.5653886795,
        "median": 2.81278085709,
        "min": -1.88565027714,
        "var": 89.1669692993
    },
    "barkbands_skewness": {
        "dmean": 0.450139760971,
        "dmean2": 0.67835277319,
        "dvar": 0.309334248304,
        "dvar2": 0.664796948433,
        "max": 15.7728376389,
        "mean": 1.72779226303,
        "median": 1.66237437725,
        "min": -6.17976236343,
        "var": 1.67537260056
    },
    "barkbands_spread": {
        "dmean": 4.12737178802,
        "dmean2": 6.32781648636,
        "dvar": 39.246295929,
        "dvar2": 82.814163208,
        "max": 103.308502197,
        "mean": 18.3166255951,
        "median": 15.2737045288,
        "min": 0.301580220461,
        "var": 188.462493896
    },
    "dissonance": {
        "dmean": 0.0170762334019,
        "dmean2": 0.0276434160769,
        "dvar": 0.000401839846745,
        "dvar2": 0.000998773030005,
        "max": 0.500000059605,
        "mean": 0.447864621878,
        "median": 0.464442491531,
        "min": 0.172160238028,
        "var": 0.00229565799236
    },
    "dynamic_complexity": 6.09586572647,
    "erbbands_crest": {
        "dmean": 2.14937138557,
        "dmean2": 3.34797525406,
        "dvar": 5.79851913452,
        "dvar2": 13.3672828674,
        "max": 33.2149848938,
        "mean": 9.46656227112,
        "median": 8.095952034,
        "min": 2.29817175865,
        "var": 25.2810516357
    },
    "erbbands_flatness_db": {
        "dmean": 0.0144140589982,
        "dmean2": 0.0206200778484,
        "dvar": 0.000277282000752,
        "dvar2": 0.000516398227774,
        "max": 0.499737948179,
        "mean": 0.209591671824,
        "median": 0.206096947193,
        "min": 0.0407135114074,
        "var": 0.00543426116928
    },
    "erbbands_kurtosis": {
        "dmean": 1.00425851345,
        "dmean2": 1.54409182072,
        "dvar": 5.82430934906,
        "dvar2": 14.1000385284,
        "max": 122.524795532,
        "mean": 0.723833799362,
        "median": -0.470724821091,
        "min": -1.85255432129,
        "var": 13.587808609
    },
    "erbbands_skewness": {
        "dmean": 0.343708366156,
        "dmean2": 0.50375777483,
        "dvar": 0.157627955079,
        "dvar2": 0.312826365232,
        "max": 5.78319263458,
        "mean": 0.266755372286,
        "median": 0.210058614612,
        "min": -5.44402074814,
        "var": 1.16561746597
    },
    "erbbands_spread": {
        "dmean": 6.32348299026,
        "dmean2": 9.67979717255,
        "dvar": 60.2592124939,
        "dvar2": 136.875076294,
        "max": 131.396011353,
        "mean": 36.6625862122,
        "median": 35.9873886108,
        "min": 0.662680208683,
        "var": 284.847320557
    },
    "hfc": {
        "dmean": 3.74497175217,
        "dmean2": 5.56948709488,
        "dvar": 69.052154541,
        "dvar2": 152.802124023,
        "max": 156.236343384,
        "mean": 12.6311197281,
        "median": 5.88307952881,
        "min": 1.09308053361e-16,
        "var": 289.501556396
    },
    "melbands_crest": {
        "dmean": 2.59600400925,
        "dmean2": 4.16350221634,
        "dvar": 7.87989473343,
        "dvar2": 20.7644538879,
        "max": 34.1197929382,
        "mean": 14.6253051758,
        "median": 13.6414222717,
        "min": 1.66613042355,
        "var": 31.7104587555
    },
    "melbands_flatness_db": {
        "dmean": 0.0217167343944,
        "dmean2": 0.0322039015591,
        "dvar": 0.000678539508954,
        "dvar2": 0.00133371714037,
        "max": 0.633761107922,
        "mean": 0.264237165451,
        "median": 0.245986938477,
        "min": 0.00319537310861,
        "var": 0.0113557437435
    },
    "melbands_kurtosis": {
        "dmean": 5.48489522934,
        "dmean2": 8.66244506836,
        "dvar": 91.9888916016,
        "dvar2": 222.53616333,
        "max": 188.368469238,
        "mean": 14.0771179199,
        "median": 9.90878677368,
        "min": -1.9061255455,
        "var": 264.058288574
    },
    "melbands_skewness": {
        "dmean": 0.579753816128,
        "dmean2": 0.891517817974,
        "dvar": 0.511236488819,
        "dvar2": 1.1857881546,
        "max": 11.2744083405,
        "mean": 2.79052305222,
        "median": 2.69793963432,
        "min": -3.16899752617,
        "var": 2.30967092514
    },
    "melbands_spread": {
        "dmean": 5.7419667244,
        "dmean2": 8.82764053345,
        "dvar": 126.74559021,
        "dvar2": 244.61769104,
        "max": 234.375595093,
        "mean": 20.8623199463,
        "median": 14.5274124146,
        "min": 0.5181671381,
        "var": 498.776977539
    },
    "pitch_salience": {
        "dmean": 0.056891631335,
        "dmean2": 0.0903243348002,
        "dvar": 0.0036152668763,
        "dvar2": 0.00934012420475,
        "max": 0.959954082966,
        "mean": 0.560543835163,
        "median": 0.576428174973,
        "min": 0.0875269249082,
        "var": 0.015402619727
    },
    "silence_rate_20dB": {
        "dmean": 0,
        "dmean2": 0,
        "dvar": 0,
        "dvar2": 0,
        "max": 1,
        "mean": 1,
        "median": 1,
        "min": 1,
        "var": 0
    },
    "silence_rate_30dB": {
        "dmean": 0.000335345393978,
        "dmean2": 0.000670747016557,
        "dvar": 0.000335178890964,
        "dvar2": 0.00100545445457,
        "max": 1,
        "mean": 0.999832332134,
        "median": 1,
        "min": 0,
        "var": 0.000167616410181
    },
    "silence_rate_60dB": {
        "dmean": 0.0216297786683,
        "dmean2": 0.0432631857693,
        "dvar": 0.0211652331054,
        "dvar2": 0.0480962060392,
        "max": 1,
        "mean": 0.334227502346,
        "median": 0,
        "min": 0,
        "var": 0.222522035241
    },
    "spectral_centroid": {
        "dmean": 200.101898193,
        "dmean2": 306.032623291,
        "dvar": 90452.078125,
        "dvar2": 179545.8125,
        "max": 11562.6572266,
        "mean": 1181.20043945,
        "median": 997.504699707,
        "min": 161.689956665,
        "var": 792053.625
    },
    "spectral_complexity": {
        "dmean": 2.49966454506,
        "dmean2": 3.86920428276,
        "dvar": 12.806271553,
        "dvar2": 27.5565738678,
        "max": 59,
        "mean": 15.1182832718,
        "median": 11,
        "min": 0,
        "var": 168.256408691
    },
    "spectral_decrease": {
        "dmean": 1.41172962209e-09,
        "dmean2": 2.29196062129e-09,
        "dvar": 1.03454991175e-17,
        "dvar2": 2.66238767324e-17,
        "max": 5.58535355557e-20,
        "mean": -4.00774080589e-09,
        "median": -2.84921441995e-09,
        "min": -3.5585802749e-08,
        "var": 2.07125578706e-17
    },
    "spectral_energy": {
        "dmean": 0.00557175604627,
        "dmean2": 0.00900154467672,
        "dvar": 0.000157393995323,
        "dvar2": 0.000403143174481,
        "max": 0.140207841992,
        "mean": 0.0162717495114,
        "median": 0.0115240234882,
        "min": 1.02455156126e-20,
        "var": 0.000335236487444
    },
    "spectral_energyband_high": {
        "dmean": 0.00027498754207,
        "dmean2": 0.000412511086324,
        "dvar": 6.95877758972e-07,
        "dvar2": 1.44416276271e-06,
        "max": 0.020230025053,
        "mean": 0.000507100485265,
        "median": 5.2734878409e-05,
        "min": 7.25193362772e-21,
        "var": 1.57893896358e-06
    },
    "spectral_energyband_low": {
        "dmean": 0.00251200585626,
        "dmean2": 0.00425233552232,
        "dvar": 8.44782480272e-05,
        "dvar2": 0.000222475020564,
        "max": 0.126222372055,
        "mean": 0.00446217460558,
        "median": 0.000935005955398,
        "min": 1.07924052555e-23,
        "var": 8.32487421576e-05
    },
    "spectral_energyband_middle_high": {
        "dmean": 0.000871301395819,
        "dmean2": 0.00128375075292,
        "dvar": 4.2669753384e-06,
        "dvar2": 8.42372537591e-06,
        "max": 0.0589701943099,
        "mean": 0.00325061334297,
        "median": 0.00114236376248,
        "min": 1.29431925146e-21,
        "var": 2.80578260572e-05
    },
    "spectral_energyband_middle_low": {
        "dmean": 0.00353075284511,
        "dmean2": 0.00574043020606,
        "dvar": 6.35738033452e-05,
        "dvar2": 0.000167357342434,
        "max": 0.114154554904,
        "mean": 0.00911743659526,
        "median": 0.00641700904816,
        "min": 1.88260834616e-22,
        "var": 0.000118130927149
    },
    "spectral_entropy": {
        "dmean": 0.151427522302,
        "dmean2": 0.217441380024,
        "dvar": 0.0375598520041,
        "dvar2": 0.0655508339405,
        "max": 9.81859588623,
        "mean": 7.04834747314,
        "median": 7.2166967392,
        "min": 4.56766796112,
        "var": 0.588270545006
    },
    "spectral_flux": {
        "dmean": 0.0159492250532,
        "dmean2": 0.0245814789087,
        "dvar": 0.00071815319825,
        "dvar2": 0.00139832904097,
        "max": 0.336869388819,
        "mean": 0.0511582009494,
        "median": 0.0384207479656,
        "min": 6.41890637865e-11,
        "var": 0.00249019567855
    },
    "spectral_kurtosis": {
        "dmean": 5.14787626266,
        "dmean2": 8.80070877075,
        "dvar": 70.4521636963,
        "dvar2": 195.441711426,
        "max": 201.654312134,
        "mean": 11.5541734695,
        "median": 5.58113956451,
        "min": -1.27503490448,
        "var": 307.132568359
    },
    "spectral_rms": {
        "dmean": 0.000508872733917,
        "dmean2": 0.000790534191765,
        "dvar": 7.70865085542e-07,
        "dvar2": 1.86210888842e-06,
        "max": 0.0116956457496,
        "mean": 0.00335028138943,
        "median": 0.00335305090994,
        "min": 3.16158579351e-12,
        "var": 4.65052062282e-06
    },
    "spectral_rolloff": {
        "dmean": 367.414031982,
        "dmean2": 602.777587891,
        "dvar": 668027.9375,
        "dvar2": 1271255.875,
        "max": 19293.75,
        "mean": 1319.87475586,
        "median": 732.12890625,
        "min": 107.666015625,
        "var": 2965631.75
    },
    "spectral_skewness": {
        "dmean": 0.448509007692,
        "dmean2": 0.748545765877,
        "dvar": 0.331989824772,
        "dvar2": 0.90209287405,
        "max": 11.367316246,
        "mean": 1.88356602192,
        "median": 1.54379141331,
        "min": -0.0866268500686,
        "var": 1.77846777439
    },
    "spectral_spread": {
        "dmean": 374980.25,
        "dmean2": 560128.1875,
        "dvar": 559321251840,
        "dvar2": 814399356928,
        "max": 53851856,
        "mean": 3248487.75,
        "median": 2858476.75,
        "min": 389183.625,
        "var": 6.57666395341e+12
    },
    "spectral_strongpeak": {
        "dmean": 0.319565206766,
        "dmean2": 0.534987092018,
        "dvar": 0.493827581406,
        "dvar2": 1.23517084122,
        "max": 13.6657657623,
        "mean": 0.697652518749,
        "median": 0.367398113012,
        "min": 0,
        "var": 1.01873254776
    },
    "zerocrossingrate": {
        "dmean": 0.00781712587923,
        "dmean2": 0.00903310067952,
        "dvar": 0.00021212392312,
        "dvar2": 0.000223823997658,
        "max": 0.52880859375,
        "mean": 0.0489512905478,
        "median": 0.0400390625,
        "min": 0.00439453125,
        "var": 0.00204541441053
    },
    "barkbands": {
        "dmean": [8.16236752144e-06, 0.00137783761602, 0.00111947883852, 0.000943275575992, 0.00202163658105, 0.000684840255417, 0.000452748296084, 0.00047707449994, 0.000399421987822, 0.000353562849341, 0.000151751868543, 0.000136089642183, 7.63624848332e-05, 9.21729297261e-05, 0.000140359159559, 0.000133726702188, 0.000202131297556, 0.000166030120454, 0.000139411509736, 0.000119651238492, 7.94661755208e-05, 6.90814631525e-05, 4.70969353046e-05, 2.25289350055e-05, 1.98195284611e-05, 1.24766784211e-05, 4.22514722231e-06],
        "dmean2": [1.29698637465e-05, 0.00238670315593, 0.00198073452339, 0.00163555948529, 0.00332907098345, 0.00109158561099, 0.000698587973602, 0.000745246303268, 0.000594008830376, 0.000491158280056, 0.000236237727222, 0.000216830900172, 0.000122361452668, 0.000146610065713, 0.000222203641897, 0.000214445826714, 0.000330757407937, 0.00027169342502, 0.000231765661738, 0.000192954074009, 0.000129641382955, 0.000106779472844, 7.00644013705e-05, 3.27040906996e-05, 2.89089330181e-05, 1.87241275853e-05, 6.34715615888e-06],
        "dvar": [6.24194473886e-10, 3.50151749444e-05, 1.82553358172e-05, 8.29061264085e-06, 3.2802210626e-05, 2.24621044254e-06, 1.87631871995e-06, 2.90789193969e-06, 1.92571383195e-06, 2.72916236099e-06, 6.74075238294e-07, 1.76278859954e-07, 3.7075921e-08, 6.00886806978e-08, 1.43598882119e-07, 1.39030817081e-07, 3.70663485683e-07, 2.04064576792e-07, 1.54876389047e-07, 1.0410833795e-07, 5.4631417612e-08, 5.79365568854e-08, 7.12131580372e-08, 1.45413761032e-08, 1.26644410514e-08, 2.91147550513e-09, 6.09809536201e-10],
        "dvar2": [1.53539958525e-09, 9.56945659709e-05, 5.10527897859e-05, 2.41709985858e-05, 8.78160499269e-05, 5.89855471844e-06, 4.3176737563e-06, 7.07078834239e-06, 4.09078484154e-06, 4.7580078899e-06, 1.54300948907e-06, 4.27483854537e-07, 8.61247357875e-08, 1.45443792121e-07, 3.4422942008e-07, 3.59004758366e-07, 9.00756731426e-07, 5.22328093666e-07, 4.18148772496e-07, 2.60662744722e-07, 1.35290974868e-07, 1.35352621555e-07, 1.47468583123e-07, 2.89455961422e-08, 2.46258302639e-08, 5.97299631977e-09, 1.26728394445e-09],
        "max": [0.000495530781336, 0.077092975378, 0.0621131137013, 0.078719869256, 0.08790782094, 0.0327903814614, 0.0381650552154, 0.0474952273071, 0.0401332266629, 0.0598623231053, 0.0363554321229, 0.0151096954942, 0.00632594153285, 0.00725028524175, 0.0110396202654, 0.010296985507, 0.0231006648391, 0.0151099152863, 0.0170460361987, 0.00923235248774, 0.00835060421377, 0.00578869273886, 0.0122678913176, 0.00521851005033, 0.00520292762667, 0.00197275658138, 0.000963715137914],
        "mean": [1.78945811058e-05, 0.00201731082052, 0.00144814699888, 0.00183749571443, 0.0034450867679, 0.00136073597241, 0.000862589920871, 0.000718485971447, 0.000753661268391, 0.000686591607518, 0.000276883307379, 0.000255030114204, 0.000151746091433, 0.000183612908586, 0.00028722488787, 0.000275198370218, 0.00039423481212, 0.000349289271981, 0.000302672066027, 0.000259285618085, 0.000128207306261, 0.000103581536678, 7.18383525964e-05, 3.47939239873e-05, 2.93028824672e-05, 1.56583628268e-05, 5.21381571161e-06],
        "median": [1.60674701988e-07, 0.000238109831116, 0.000371088448446, 0.000479074602481, 0.00126632803585, 0.000564021756873, 0.000218423898332, 0.000115263777843, 0.00014007052232, 4.95110034535e-05, 4.93179832119e-05, 8.07012474979e-05, 4.66966739623e-05, 6.41884616925e-05, 9.04479165911e-05, 7.906119572e-05, 8.59207793837e-05, 9.24642954487e-05, 4.18406416429e-05, 3.48630710505e-05, 1.22810106404e-05, 6.34773277852e-06, 2.75148681794e-06, 1.15345210361e-06, 9.15086673103e-07, 2.35909283219e-07, 1.93030942341e-08],
        "min": [8.96465674213e-25, 8.57458474602e-25, 1.46076736339e-24, 3.1963522218e-25, 6.58901632555e-24, 9.77701584156e-24, 1.07608736962e-23, 8.29345089105e-24, 2.38211885787e-23, 1.17154726999e-23, 1.88299283696e-23, 4.10672025798e-23, 4.40154471508e-23, 5.19100263023e-23, 5.28081444429e-23, 6.40065961278e-23, 9.68889629192e-23, 1.22184835452e-22, 1.30319190454e-22, 1.73127491093e-22, 2.6358051654e-22, 3.42506971497e-22, 4.53523328823e-22, 5.29243272459e-22, 8.80608281019e-22, 1.47000274024e-21, 2.06836532364e-21],
        "var": [1.78553505314e-09, 2.68684707407e-05, 1.52708453243e-05, 1.32463528644e-05, 3.88948865293e-05, 5.02125612911e-06, 3.83194264941e-06, 4.08061396229e-06, 4.53562188341e-06, 9.78243770078e-06, 1.65300525623e-06, 3.88021305753e-07, 9.70955298385e-08, 1.53103172806e-07, 4.06461538205e-07, 4.31289294056e-07, 1.06707170744e-06, 4.55454141957e-07, 4.02119184173e-07, 2.89049381763e-07, 8.46399004217e-08, 9.39515629739e-08, 1.35834426374e-07, 2.80137335551e-08, 2.52705341097e-08, 5.45355627324e-09, 1.19408583021e-09]
    },
    "erbbands": {
        "dmean": [0.020186027512, 0.378032445908, 1.24711251259, 2.17078781128, 4.76069116592, 8.1501865387, 6.06698274612, 5.39259004593, 5.56386041641, 8.17292785645, 10.6294736862, 7.99097919464, 10.9888153076, 8.12168502808, 5.064432621, 4.57503080368, 3.37040734291, 3.83696341515, 5.65845870972, 6.99768924713, 6.98417854309, 12.2683677673, 8.64162063599, 7.11665916443, 6.73276042938, 5.27773237228, 3.9389026165, 2.90731883049, 2.57419800758, 1.93628811836, 1.23922550678, 0.636680722237, 0.320153951645, 0.226014271379, 0.138491332531, 0.0639425963163, 0.0212250370532, 0.00529567385092, 0.000743901298847, 3.87960462831e-05],
        "dmean2": [0.0335813015699, 0.661481916904, 2.21227383614, 3.75519132614, 8.19645309448, 13.6169233322, 9.34266090393, 8.74608612061, 8.48051738739, 12.7803001404, 16.4067249298, 11.7431325912, 15.2448749542, 11.5865678787, 7.69339609146, 7.35053348541, 5.3876991272, 5.96395540237, 8.91845607758, 11.0754537582, 11.074467659, 20.0405025482, 14.0796747208, 11.6643352509, 10.989777565, 8.40827178955, 6.5464925766, 4.62332248688, 4.03840065002, 2.90779137611, 1.86193168163, 0.945801317692, 0.463131427765, 0.328244179487, 0.203583687544, 0.0958017855883, 0.0322583131492, 0.00806534104049, 0.0011139435228, 5.80866144446e-05],
        "dvar": [0.00654404656962, 2.66471481323, 23.9073390961, 48.9823799133, 139.765853882, 649.198303223, 169.475265503, 195.839813232, 226.463272095, 839.557922363, 1871.83349609, 877.535705566, 2405.35473633, 1393.46655273, 474.439056396, 168.224822998, 65.3887786865, 105.469078064, 305.805419922, 342.600067139, 344.811187744, 1442.72473145, 542.920837402, 580.044921875, 290.277862549, 232.948898315, 119.064300537, 93.5302429199, 81.1836395264, 75.7246932983, 46.8084373474, 11.9331130981, 3.01887655258, 1.93361055851, 0.599897861481, 0.0982520356774, 0.00783126335591, 0.000691254856065, 1.92958596017e-05, 4.358865624e-08],
        "dvar2": [0.0173138268292, 7.31722211838, 67.3798828125, 135.14743042, 391.737182617, 1765.77526855, 396.037841797, 491.749511719, 537.616638184, 1876.57226562, 4660.31640625, 1794.15515137, 4284.19921875, 2685.54785156, 1082.73486328, 419.917022705, 155.02053833, 248.409973145, 721.907714844, 818.040893555, 838.510192871, 3571.47705078, 1385.48425293, 1558.08496094, 763.585144043, 565.870239258, 316.057739258, 219.156784058, 191.658508301, 166.403427124, 96.9591751099, 23.853805542, 5.75414419174, 3.84960436821, 1.25239956379, 0.207081764936, 0.0158323422074, 0.00146719114855, 3.98376105295e-05, 9.07344812617e-08],
        "max": [1.18198025227, 20.2500553131, 71.5677642822, 159.869949341, 178.99067688, 394.976013184, 250.704833984, 409.716308594, 469.408935547, 1072.96936035, 1649.17749023, 1192.02722168, 1990.06896973, 1769.5612793, 883.487487793, 585.551147461, 287.642791748, 358.381530762, 496.178955078, 468.264709473, 659.23449707, 1609.21362305, 790.799377441, 1429.35400391, 347.722015381, 519.566101074, 148.029083252, 449.841461182, 193.764862061, 353.76184082, 260.737976074, 110.293190002, 86.793006897, 75.6040039062, 28.704656601, 13.1095952988, 3.69107031822, 1.34043085575, 0.201012328267, 0.00998088810593],
        "mean": [0.035091586411, 0.532110035419, 1.68020892143, 4.3128361702, 7.75110769272, 12.3279848099, 13.6706171036, 10.3876523972, 11.317070961, 14.1222333908, 17.2638492584, 15.2286615372, 20.8187408447, 17.4919605255, 9.84545516968, 9.15353965759, 7.46231412888, 8.70326805115, 11.8116064072, 16.2854290009, 15.8101224899, 24.5989131927, 18.7711620331, 16.0721569061, 15.6910848618, 11.6799411774, 6.94253826141, 4.51315116882, 3.75009536743, 3.01633429527, 1.87088215351, 0.937421321869, 0.509326219559, 0.334929227829, 0.196422085166, 0.0821711942554, 0.0257784482092, 0.0063079027459, 0.000923738291021, 6.27734261798e-05],
        "median": [0.00182045949623, 0.0749799758196, 0.495822161436, 1.15903699398, 3.23713374138, 3.63365292549, 4.816655159, 4.31225681305, 3.35757279396, 3.65138339996, 3.76352572441, 2.77254033089, 2.59632539749, 2.1734597683, 2.53462958336, 3.01257348061, 2.6353533268, 3.43899083138, 4.25516366959, 4.72480297089, 4.98429441452, 6.01951265335, 5.16706752777, 3.22093963623, 2.25289487839, 1.54109823704, 0.703948438168, 0.402879655361, 0.221827819943, 0.168252795935, 0.0678045526147, 0.030551802367, 0.0157819855958, 0.0107132811099, 0.00541975675151, 0.00180620362516, 0.000334865268087, 4.88948608108e-05, 1.4731880583e-05, 1.58726052177e-05],
        "min": [1.44538771146e-23, 2.91803536348e-22, 1.34006298557e-21, 1.66446258269e-21, 2.47674273608e-20, 1.51100953248e-20, 4.48648547082e-20, 8.50185668611e-20, 1.02277761428e-19, 2.13097442225e-19, 2.86737816643e-19, 5.75520372062e-19, 6.30181862807e-19, 9.52211857273e-19, 1.13157697752e-18, 1.21814742568e-18, 1.93615002014e-18, 2.60082831302e-18, 2.70737310503e-18, 4.25460472144e-18, 4.34009673288e-18, 5.83532991482e-18, 6.28846110874e-18, 8.48724945197e-18, 7.01787062725e-18, 8.84627892505e-18, 8.58584689945e-18, 1.15217011449e-17, 1.15565295846e-17, 1.18937884912e-17, 1.22986222635e-17, 1.30383897376e-17, 8.22588353946e-18, 7.82671181844e-18, 5.29659793522e-18, 4.54279775557e-18, 2.13037616387e-18, 9.19298754289e-19, 2.5933970775e-19, 2.93780303132e-20],
        "var": [0.00629801349714, 1.98994600773, 18.1789836884, 72.4035263062, 169.283126831, 704.655273438, 565.770812988, 390.723907471, 464.702728271, 1408.38476562, 2443.98046875, 2120.98120117, 7358.25048828, 4899.38818359, 972.39050293, 413.80078125, 197.065811157, 315.215789795, 631.464111328, 1388.22155762, 1145.13671875, 3879.8840332, 1286.77819824, 1175.84765625, 994.720825195, 614.082946777, 221.649780273, 132.859283447, 123.642501831, 142.430343628, 88.9617919922, 22.1287956238, 6.03652191162, 3.68616747856, 1.0668245554, 0.162487596273, 0.0157647784799, 0.00131315679755, 3.87408399547e-05, 8.85965008024e-08]
    },
    "gfcc": {
        "mean": [-107.773643494, 139.20640564, -130.991912842, 29.7241668701, -39.0397644043, -18.9738445282, -35.1367340088, -5.78856658936, -20.4160308838, -7.34680509567, -16.2706031799, -5.52143859863, -9.48082065582],
        "cov": [[24156.1347656, -5961.04345703, 386.095977783, 1738.50939941, -2172.15942383, 2007.54772949, -395.002166748, 1507.26464844, -805.44329834, 413.440765381, -299.526184082, 350.754760742, -350.403656006], [-5961.04345703, 3586.61010742, -622.626831055, -469.711547852, 1032.5177002, -951.232788086, 283.096466064, -634.797973633, 226.32673645, -308.555267334, 147.740814209, -252.125747681, 211.813583374], [386.095977783, -622.626831055, 1292.8918457, 0.328252106905, -173.953155518, 366.520843506, -106.536277771, 218.891052246, -36.8943977356, 17.1862373352, -71.6536026001, 74.4509887695, -78.1590270996], [1738.50939941, -469.711547852, 0.328252106905, 740.677734375, -82.9401550293, 255.958709717, 95.7604370117, 109.780456543, 82.5897521973, 77.7578048706, 84.9719924927, -10.5988340378, 2.42131018639], [-2172.15942383, 1032.5177002, -173.953155518, -82.9401550293, 615.073425293, -293.469360352, 115.142158508, -178.774627686, 78.6699295044, -57.7133102417, 32.9953231812, -63.2898178101, 63.7755279541], [2007.54772949, -951.232788086, 366.520843506, 255.958709717, -293.469360352, 576.461242676, 6.01009893417, 268.257629395, -27.7875823975, 75.788192749, -13.7494888306, 38.9705085754, -73.04662323], [-395.002166748, 283.096466064, -106.536277771, 95.7604370117, 115.142158508, 6.01009893417, 265.338623047, -19.5254840851, 67.6308135986, -11.4288492203, 45.5767555237, -34.7097053528, 12.2415342331], [1507.26464844, -634.797973633, 218.891052246, 109.780456543, -178.774627686, 268.257629395, -19.5254840851, 313.223876953, -23.8673210144, 55.0339660645, -27.5923347473, 35.3168525696, -42.1959877014], [-805.44329834, 226.32673645, -36.8943977356, 82.5897521973, 78.6699295044, -27.7875823975, 67.6308135986, -23.8673210144, 185.679122925, 8.19431495667, 25.1284503937, -26.3379020691, 17.5088481903], [413.440765381, -308.555267334, 17.1862373352, 77.7578048706, -57.7133102417, 75.788192749, -11.4288492203, 55.0339660645, 8.19431495667, 141.299621582, 21.1652183533, 18.0081748962, -19.0430202484], [-299.526184082, 147.740814209, -71.6536026001, 84.9719924927, 32.9953231812, -13.7494888306, 45.5767555237, -27.5923347473, 25.1284503937, 21.1652183533, 132.212265015, -1.95248377323, 20.3368206024], [350.754760742, -252.125747681, 74.4509887695, -10.5988340378, -63.2898178101, 38.9705085754, -34.7097053528, 35.3168525696, -26.3379020691, 18.0081748962, -1.95248377323, 96.7899246216, -6.79091262817], [-350.403656006, 211.813583374, -78.1590270996, 2.42131018639, 63.7755279541, -73.04662323, 12.2415342331, -42.1959877014, 17.5088481903, -19.0430202484, 20.3368206024, -6.79091262817, 89.6493988037]],
        "icov": [[0.000133710738737, -2.38130687649e-05, 0.000118741227197, -0.000318196573062, 0.000232094840612, -0.000108144551632, 4.35077527072e-05, -0.000326837383909, 0.000525536306668, -4.74589833175e-05, 0.000339592748787, -0.000178667571163, 7.47084850445e-05], [-2.38130687649e-05, 0.0014456276549, -0.00013759903959, 0.000622787105385, -0.00114671443589, 0.000864183122758, -0.000534359191079, 0.000722034543287, -0.000809279154055, 0.00155478948727, -0.00138238165528, 0.00188188371249, -0.00076825520955], [0.000118741227197, -0.00013759903959, 0.00119035644457, -0.000157575384947, 8.7412801804e-05, -0.000895687728189, 0.000492138322443, -0.000569980067667, 0.000319322192809, 0.000130643398734, 0.000599448103458, -0.000811588775832, 0.000471712817671], [-0.000318196573062, 0.000622787105385, -0.000157575384947, 0.00296981935389, -0.000949747278355, -0.000404247344704, -0.000581190746743, 0.000923411455005, -0.00222684373148, 0.000253222475294, -0.00227125361562, 0.00145203829743, -0.000958576623816], [0.000232094840612, -0.00114671443589, 8.7412801804e-05, -0.000949747278355, 0.00385471386835, 0.000270174263278, -0.000490476493724, -0.000693960872013, 0.00104235904291, -0.00116580666509, 0.00151915254537, -0.000974383961875, 6.69982473482e-05], [-0.000108144551632, 0.000864183122758, -0.000895687728189, -0.000404247344704, 0.000270174263278, 0.00497171608731, -0.00119361933321, -0.00141214206815, -0.000395861745346, 0.000507358403411, -0.000952197238803, 0.00137253163848, 0.000627694826107], [4.35077527072e-05, -0.000534359191079, 0.000492138322443, -0.000581190746743, -0.000490476493724, -0.00119361933321, 0.00528829125687, -0.000417447503423, -0.00074730720371, 0.000211761929677, -0.000568504154216, 8.59428200783e-06, 0.000655645679217], [-0.000326837383909, 0.000722034543287, -0.000569980067667, 0.000923411455005, -0.000693960872013, -0.00141214206815, -0.000417447503423, 0.0068169767037, -0.00150570180267, -0.000108973843453, -0.000471296079922, 0.000650587608106, -0.000469509686809], [0.000525536306668, -0.000809279154055, 0.000319322192809, -0.00222684373148, 0.00104235904291, -0.000395861745346, -0.00074730720371, -0.00150570180267, 0.00901759415865, -0.00167979963589, 0.00188072910532, -0.000572120014112, 4.60324954474e-05], [-4.74589833175e-05, 0.00155478948727, 0.000130643398734, 0.000253222475294, -0.00116580666509, 0.000507358403411, 0.000211761929677, -0.000108973843453, -0.00167979963589, 0.0103102559224, -0.00311505328864, 0.000909586320631, 0.000704295525793], [0.000339592748787, -0.00138238165528, 0.000599448103458, -0.00227125361562, 0.00151915254537, -0.000952197238803, -0.000568504154216, -0.000471296079922, 0.00188072910532, -0.00311505328864, 0.011484243907, -0.00292116450146, -0.000678792537656], [-0.000178667571163, 0.00188188371249, -0.000811588775832, 0.00145203829743, -0.000974383961875, 0.00137253163848, 8.59428200783e-06, 0.000650587608106, -0.000572120014112, 0.000909586320631, -0.00292116450146, 0.0147379348055, -0.00169087410904], [7.47084850445e-05, -0.00076825520955, 0.000471712817671, -0.000958576623816, 6.69982473482e-05, 0.000627694826107, 0.000655645679217, -0.000469509686809, 4.60324954474e-05, 0.000704295525793, -0.000678792537656, -0.00169087410904, 0.0140186445788]]
    },
    "melbands": {
        "dmean": [0.000285575340968, 0.000600356957875, 0.000418897805503, 0.000493311439641, 0.000228989491006, 0.000120582502859, 8.63192399265e-05, 9.37706499826e-05, 8.57827399159e-05, 5.1689115935e-05, 5.77594255446e-05, 3.66815766029e-05, 1.79681028385e-05, 1.54641002155e-05, 1.25395481518e-05, 7.80374284659e-06, 7.4345948633e-06, 9.31379963731e-06, 1.19171099868e-05, 9.43962641031e-06, 8.76694139151e-06, 1.48522603922e-05, 9.03623094928e-06, 8.07239575806e-06, 6.12818439549e-06, 6.00560906605e-06, 4.83176881971e-06, 3.65571963812e-06, 2.9042666938e-06, 1.869711582e-06, 1.71747558397e-06, 1.54967017352e-06, 1.28696524371e-06, 1.07012829176e-06, 7.61971364227e-07, 5.86896817367e-07, 3.31380590524e-07, 2.32088680718e-07, 2.11939962469e-07, 1.89899509451e-07],
        "dmean2": [0.000488673453219, 0.00104759586975, 0.000727043079678, 0.000831514131278, 0.000356585485861, 0.000194852749701, 0.000132267232402, 0.000146153295645, 0.000131137756398, 7.61920236982e-05, 8.00535199232e-05, 5.21824840689e-05, 2.74840986094e-05, 2.4112247047e-05, 2.02966366487e-05, 1.23059226098e-05, 1.1671350876e-05, 1.47968621604e-05, 1.89643687918e-05, 1.51203394125e-05, 1.38143504955e-05, 2.42111946136e-05, 1.48247600009e-05, 1.32184377435e-05, 1.01883988464e-05, 9.95915706881e-06, 7.92349692347e-06, 5.88826515013e-06, 4.89874537379e-06, 3.05852859128e-06, 2.74592366623e-06, 2.45963178713e-06, 1.99521923605e-06, 1.61481523264e-06, 1.17624767881e-06, 8.96841640952e-07, 4.96775498959e-07, 3.38545078193e-07, 3.1398747069e-07, 2.77029045037e-07],
        "dvar": [1.46867523654e-06, 5.71986038267e-06, 1.40118652325e-06, 2.28978888117e-06, 2.47742917736e-07, 8.62293276782e-08, 5.60357165114e-08, 9.65816866483e-08, 1.36734726652e-07, 3.77846980371e-08, 6.50081730669e-08, 2.75662443983e-08, 7.50563433627e-09, 2.84063439437e-09, 1.37171651815e-09, 3.82728237991e-10, 4.31297580983e-10, 9.17070031026e-10, 9.79957448521e-10, 8.42083125452e-10, 6.23877560724e-10, 2.34382446784e-09, 6.73111233418e-10, 4.5595349718e-10, 4.87646090175e-10, 2.38181502299e-10, 1.51337761767e-10, 1.21552629073e-10, 6.30088758946e-11, 2.74934693067e-11, 3.76766152999e-11, 2.91814176989e-11, 2.24031140861e-11, 3.27308145864e-11, 1.81091114326e-11, 1.09056800049e-11, 3.44099445118e-12, 1.65876893384e-12, 1.62840986355e-12, 1.50071264009e-12],
        "dvar2": [3.96855557483e-06, 1.57514896273e-05, 3.99968939746e-06, 6.24090989731e-06, 5.89205455981e-07, 2.20664432504e-07, 1.31280472715e-07, 2.14531979736e-07, 3.38939429412e-07, 7.54897016009e-08, 1.15400645484e-07, 5.12607982728e-08, 1.66826215064e-08, 6.67622090944e-09, 3.43512973622e-09, 8.72862337964e-10, 1.02328179263e-09, 2.15661510872e-09, 2.33388486315e-09, 2.23680229894e-09, 1.43910250383e-09, 5.66458968621e-09, 1.77119585665e-09, 1.16210252532e-09, 1.32940536357e-09, 6.48752773724e-10, 3.94216381761e-10, 3.02102953764e-10, 1.70026673296e-10, 6.84817202945e-11, 8.8580955071e-11, 7.05116659505e-11, 5.23293873511e-11, 7.35240132665e-11, 3.81040858588e-11, 2.24146257111e-11, 7.29645250469e-12, 3.33274423683e-12, 3.29166143127e-12, 3.0708114003e-12],
        "max": [0.0166565235704, 0.0351070575416, 0.0263280719519, 0.024147670716, 0.0093897767365, 0.00794983841479, 0.00652981223539, 0.0110771441832, 0.0153988413513, 0.00794302299619, 0.0103674242273, 0.00667401356623, 0.0036660307087, 0.0020743762143, 0.00208877399564, 0.000536781270057, 0.00077085068915, 0.000938521930948, 0.000783133960795, 0.000948454253376, 0.00102248264011, 0.00200464227237, 0.0011623915052, 0.000826797506306, 0.00135074125137, 0.000317888479913, 0.000239591274294, 0.000428858096711, 0.000136611182825, 0.000133806606755, 0.000308625167236, 0.000119503150927, 0.000137372000609, 0.000288278039079, 0.000174891596544, 9.9670549389e-05, 6.7728185968e-05, 7.21954056644e-05, 7.29714593035e-05, 6.28256020718e-05],
        "mean": [0.000443719007308, 0.000843978021294, 0.000825267401524, 0.00074459676398, 0.000502313487232, 0.000239402550505, 0.000172680229298, 0.000157812668476, 0.000139081690577, 9.70104156295e-05, 0.000108099353383, 7.74659783929e-05, 3.38831050612e-05, 2.83095287159e-05, 2.12161976378e-05, 1.65282017406e-05, 1.53434884851e-05, 1.69860377355e-05, 2.41978414124e-05, 1.90646205738e-05, 1.7584707166e-05, 2.71808094112e-05, 1.73892349267e-05, 1.6546502593e-05, 1.23274048747e-05, 1.22215687952e-05, 1.01979376268e-05, 7.20536672816e-06, 4.9137820497e-06, 2.94479832519e-06, 2.45094929596e-06, 2.159914402e-06, 1.86834131455e-06, 1.6001347376e-06, 1.11737938369e-06, 8.14408110728e-07, 4.81214442516e-07, 3.58233563702e-07, 3.17102603731e-07, 2.69784493412e-07],
        "median": [4.09231797676e-05, 0.000218762885197, 0.0002744194353, 0.000293572607916, 0.000169332590303, 0.000101362886198, 5.14421844855e-05, 3.36395169143e-05, 2.67311916105e-05, 1.59886967595e-05, 1.21603134176e-05, 8.200980119e-06, 7.65635832067e-06, 8.08341246739e-06, 5.62321520192e-06, 5.45587954548e-06, 5.39879329153e-06, 5.13607210451e-06, 7.49144874135e-06, 4.34583444076e-06, 5.16834370501e-06, 5.52591018277e-06, 4.96965003549e-06, 4.02074192607e-06, 2.1765049496e-06, 1.53697328642e-06, 1.42507815326e-06, 8.44425301239e-07, 4.56138025129e-07, 2.68209561227e-07, 1.95470988729e-07, 1.16196929412e-07, 1.09903922407e-07, 7.61833760521e-08, 3.710776042e-08, 2.14727098324e-08, 1.39853328918e-08, 1.11160041172e-08, 8.18901568778e-09, 7.43619921195e-09],
        "min": [2.26977617056e-25, 9.32591657975e-25, 4.38407278709e-25, 1.2166936021e-24, 1.37627602171e-24, 2.25615559957e-24, 1.52238361237e-24, 2.09073284825e-24, 1.96462396622e-24, 3.323565657e-24, 2.61106865678e-24, 3.04502419618e-24, 3.73519446064e-24, 3.57091930472e-24, 2.89262889107e-24, 4.80265579404e-24, 4.21833271647e-24, 4.33582644856e-24, 4.49397018309e-24, 4.1395223566e-24, 5.27391064919e-24, 5.9848608904e-24, 3.26750289019e-24, 5.22454333931e-24, 6.80842812558e-24, 4.91972235794e-24, 4.52953558257e-24, 6.2691774047e-24, 4.90150716521e-24, 5.73327066519e-24, 6.11168684699e-24, 5.09094816729e-24, 5.04929197276e-24, 6.01274396796e-24, 6.45038467108e-24, 6.84465892923e-24, 6.71580244467e-24, 4.75357405181e-24, 6.02464866788e-24, 7.22073337744e-24],
        "var": [1.18573404961e-06, 4.45121531811e-06, 2.12191162063e-06, 2.25836470236e-06, 7.30266265236e-07, 1.77665526735e-07, 1.15054319849e-07, 1.61754826422e-07, 1.77816232849e-07, 9.7366765317e-08, 2.06682756243e-07, 9.97640086098e-08, 1.75443943817e-08, 6.29066532198e-09, 2.94274848933e-09, 1.13626374976e-09, 1.16021681151e-09, 1.68463354377e-09, 3.03868175067e-09, 2.70836597593e-09, 1.87601889579e-09, 5.99149219127e-09, 1.25687060759e-09, 1.06871878014e-09, 8.10056133282e-10, 6.61174281991e-10, 4.31688629288e-10, 2.62504601389e-10, 1.19685386601e-10, 4.41795454387e-11, 4.81857088952e-11, 4.16299529571e-11, 3.66635680149e-11, 5.60392322824e-11, 3.32853640483e-11, 1.9049322883e-11, 5.99495626752e-12, 3.0013411461e-12, 3.01793160774e-12, 2.69443451925e-12]
    },
    "mfcc": {
        "mean": [-733.521362305, 150.161331177, -12.2521400452, 34.5656051636, 10.0085935593, -5.17099666595, -6.9517531395, -2.82742071152, -4.88080596924, -4.91790771484, -4.99847650528, -4.86801147461, -3.41402316093],
        "cov": [[16927.046875, -2721.96264648, -776.672302246, 1110.18164062, -1197.58349609, 333.994873047, 518.45526123, 606.419250488, 121.350532532, 350.662445068, 248.694869995, 54.2985191345, 82.041809082], [-2721.96264648, 1788.17675781, -249.524581909, -154.433822632, 258.344238281, -187.777648926, -49.7450218201, -151.063156128, -72.235496521, -125.165817261, -137.224990845, -92.7983322144, -105.808235168], [-776.672302246, -249.524581909, 1182.82702637, -112.172080994, 98.2250366211, 141.706176758, -42.5993003845, 147.430831909, 60.4390983582, 35.618938446, 68.8620376587, 14.3067493439, 16.7988758087], [1110.18164062, -154.433822632, -112.172080994, 459.387115479, 1.61716282368, 68.2532119751, 78.8127441406, 6.15399360657, 45.1976394653, 52.263759613, 29.2318649292, 67.870475769, 41.8254508972], [-1197.58349609, 258.344238281, 98.2250366211, 1.61716282368, 353.050354004, 12.2931747437, -17.736032486, -21.7518596649, 20.1301593781, -2.21924734116, -18.9902114868, 32.9750099182, 14.9756793976], [333.994873047, -187.777648926, 141.706176758, 68.2532119751, 12.2931747437, 198.18397522, 70.5390701294, 41.6604270935, 45.2520637512, 47.9469795227, 56.3968544006, 30.7392692566, 11.4229030609], [518.45526123, -49.7450218201, -42.5993003845, 78.8127441406, -17.736032486, 70.5390701294, 208.860824585, 61.3472671509, 18.3792896271, 55.8965759277, 42.9993667603, 24.5887699127, 15.4525003433], [606.419250488, -151.063156128, 147.430831909, 6.15399360657, -21.7518596649, 41.6604270935, 61.3472671509, 194.510604858, 63.2438163757, 38.5350570679, 47.2504310608, -1.65291190147, 8.24559402466], [121.350532532, -72.235496521, 60.4390983582, 45.1976394653, 20.1301593781, 45.2520637512, 18.3792896271, 63.2438163757, 146.907943726, 68.6659011841, 25.2734355927, 16.4089794159, 6.9610004425], [350.662445068, -125.165817261, 35.618938446, 52.263759613, -2.21924734116, 47.9469795227, 55.8965759277, 38.5350570679, 68.6659011841, 136.31288147, 61.7894973755, 18.1492786407, 13.0095033646], [248.694869995, -137.224990845, 68.8620376587, 29.2318649292, -18.9902114868, 56.3968544006, 42.9993667603, 47.2504310608, 25.2734355927, 61.7894973755, 113.871353149, 33.3165130615, 5.56005430222], [54.2985191345, -92.7983322144, 14.3067493439, 67.870475769, 32.9750099182, 30.7392692566, 24.5887699127, -1.65291190147, 16.4089794159, 18.1492786407, 33.3165130615, 105.688591003, 50.6850166321], [82.041809082, -105.808235168, 16.7988758087, 41.8254508972, 14.9756793976, 11.4229030609, 15.4525003433, 8.24559402466, 6.9610004425, 13.0095033646, 5.56005430222, 50.6850166321, 94.5694656372]],
