{
"lowlevel": {
    "average_loudness": 0.96753436327,
    "barkbands_crest": {
        "dmean": 1.97871935368,
        "dmean2": 3.26922059059,
        "dvar": 3.21209812164,
        "dvar2": 8.78987312317,
        "max": 24.6623687744,
        "mean": 9.63674926758,
        "median": 9.17029666901,
        "min": 2.51936340332,
        "var": 9.7585849762
    },
    "barkbands_flatness_db": {
        "dmean": 0.0172233451158,
        "dmean2": 0.026979226619,
        "dvar": 0.000298877130263,
        "dvar2": 0.00072421785444,
        "max": 0.418002307415,
        "mean": 0.239706903696,
        "median": 0.241597667336,
        "min": 0.0388211719692,
        "var": 0.0020736202132
    },
    "barkbands_kurtosis": {
        "dmean": 1.56651973724,
        "dmean2": 2.55360913277,
        "dvar": 4.2529964447,
        "dvar2": 11.2276678085,
        "max": 44.4948654175,
        "mean": 2.79000520706,
        "median": 1.98875379562,
        "min": -1.64848136902,
        "var": 10.5963897705
    },
    "barkbands_skewness": {
        "dmean": 0.344914197922,
        "dmean2": 0.551043570042,
        "dvar": 0.118030935526,
        "dvar2": 0.302954465151,
        "max": 5.22356748581,
        "mean": 1.12373745441,
        "median": 1.07408511639,
        "min": -2.0803399086,
        "var": 0.444643169641
    },
    "barkbands_spread": {
        "dmean": 1.7333060503,
        "dmean2": 2.82695698738,
        "dvar": 4.7362446785,
        "dvar2": 13.1478843689,
        "max": 44.4778289795,
        "mean": 8.95067596436,
        "median": 8.19411945343,
        "min": 0.995607316494,
        "var": 17.1653022766
    },
    "dissonance": {
        "dmean": 0.0371659547091,
        "dmean2": 0.063140951097,
        "dvar": 0.000991187174805,
        "dvar2": 0.00279999454506,
        "max": 0.5,
        "mean": 0.406343132257,
        "median": 0.411824166775,
        "min": 0.137506917119,
        "var": 0.0023593462538
    },
    "dynamic_complexity": 2.20446753502,
    "erbbands_crest": {
        "dmean": 2.25043940544,
        "dmean2": 3.55711436272,
        "dvar": 4.32056570053,
        "dvar2": 11.2373723984,
        "max": 29.2138080597,
        "mean": 11.3868589401,
        "median": 10.6493453979,
        "min": 2.48705244064,
        "var": 15.1965713501
    },
    "erbbands_flatness_db": {
        "dmean": 0.0178117845207,
        "dmean2": 0.0264026969671,
        "dvar": 0.00038878977648,
        "dvar2": 0.0008700665785,
        "max": 0.458577752113,
        "mean": 0.254685997963,
        "median": 0.254855722189,
        "min": 0.0271868053824,
        "var": 0.00226469780318
    },
    "erbbands_kurtosis": {
        "dmean": 0.918188869953,
        "dmean2": 1.43840241432,
        "dvar": 1.05498969555,
        "dvar2": 2.55007743835,
        "max": 29.7397232056,
        "mean": 0.988913238049,
        "median": 0.537636041641,
        "min": -1.68877243996,
        "var": 3.61710762978
    },
    "erbbands_skewness": {
        "dmean": 0.320712298155,
        "dmean2": 0.501312434673,
        "dvar": 0.0822778195143,
        "dvar2": 0.213545098901,
        "max": 4.30061292648,
        "mean": 0.647618830204,
        "median": 0.647311210632,
        "min": -2.35002875328,
        "var": 0.398467630148
    },
    "erbbands_spread": {
        "dmean": 3.52668642998,
        "dmean2": 5.64393568039,
        "dvar": 37.6034393311,
        "dvar2": 104.672454834,
        "max": 123.697975159,
        "mean": 17.53358078,
        "median": 16.5358276367,
        "min": 2.8255815506,
        "var": 55.3673210144
    },
    "hfc": {
        "dmean": 3.12257122993,
        "dmean2": 5.06675577164,
        "dvar": 12.4053440094,
        "dvar2": 33.4494819641,
        "max": 66.3972473145,
        "mean": 18.3036212921,
        "median": 18.1616859436,
        "min": 1.08380333908e-16,
        "var": 48.1783790588
    },
    "melbands_crest": {
        "dmean": 2.64874339104,
        "dmean2": 4.38623952866,
        "dvar": 5.79872465134,
        "dvar2": 15.8318214417,
        "max": 30.6101169586,
        "mean": 12.9883975983,
        "median": 12.4483499527,
        "min": 1.45146846771,
        "var": 15.6587820053
    },
    "melbands_flatness_db": {
        "dmean": 0.0205936860293,
        "dmean2": 0.0324109233916,
        "dvar": 0.000414548238041,
        "dvar2": 0.00100610370282,
        "max": 0.560071051121,
        "mean": 0.343483924866,
        "median": 0.347304284573,
        "min": 0.00346445455216,
        "var": 0.00369461718947
    },
    "melbands_kurtosis": {
        "dmean": 2.43807506561,
        "dmean2": 3.98681378365,
        "dvar": 18.697227478,
        "dvar2": 50.1896743774,
        "max": 117.637275696,
        "mean": 4.62052059174,
        "median": 3.42385339737,
        "min": -1.62716889381,
        "var": 27.0346908569
    },
    "melbands_skewness": {
        "dmean": 0.399444758892,
        "dmean2": 0.643678188324,
        "dvar": 0.190366327763,
        "dvar2": 0.487195968628,
        "max": 9.13732910156,
        "mean": 1.50433194637,
        "median": 1.43084681034,
        "min": -0.733986735344,
        "var": 0.529903292656
    },
    "melbands_spread": {
        "dmean": 2.09145140648,
        "dmean2": 3.40112018585,
        "dvar": 7.05374860764,
        "dvar2": 18.0796012878,
        "max": 153.50970459,
        "mean": 11.4689083099,
        "median": 10.0348424911,
        "min": 1.29694151878,
        "var": 88.7818374634
    },
    "pitch_salience": {
        "dmean": 0.055213086307,
        "dmean2": 0.0910477042198,
        "dvar": 0.00242417142726,
        "dvar2": 0.00649947440252,
        "max": 0.962611556053,
        "mean": 0.54513078928,
        "median": 0.541597664356,
        "min": 0.185451135039,
        "var": 0.00751418014988
    },
    "silence_rate_20dB": {
        "dmean": 0,
        "dmean2": 0,
        "dvar": 0,
        "dvar2": 0,
        "max": 1,
        "mean": 1,
        "median": 1,
        "min": 1,
        "var": 0
    },
    "silence_rate_30dB": {
        "dmean": 0.000612510542851,
        "dmean2": 0.00122511480004,
        "dvar": 0.000612208037637,
        "dvar2": 0.0015300931409,
        "max": 1,
        "mean": 0.999540627003,
        "median": 1,
        "min": 0,
        "var": 0.000459029019112
    },
    "silence_rate_60dB": {
        "dmean": 0.000612510542851,
        "dmean2": 0.00122511480004,
        "dvar": 0.000612234813161,
        "dvar2": 0.00153028976638,
        "max": 1,
        "mean": 0.0473128147423,
        "median": 0,
        "min": 0,
        "var": 0.0450641363859
    },
    "spectral_centroid": {
        "dmean": 59.4258728027,
        "dmean2": 95.3921432495,
        "dvar": 13887.7412109,
        "dvar2": 29960.5488281,
        "max": 11760.0214844,
        "mean": 596.483215332,
        "median": 510.032043457,
        "min": 275.906799316,
        "var": 492475.25
    },
    "spectral_complexity": {
        "dmean": 1.49391317368,
        "dmean2": 2.52649307251,
        "dvar": 1.82369351387,
        "dvar2": 4.70759296417,
        "max": 34,
        "mean": 13.5210533142,
        "median": 14,
        "min": 0,
        "var": 13.2986850739
    },
    "spectral_decrease": {
        "dmean": 2.31243491022e-09,
        "dmean2": 3.89240772947e-09,
        "dvar": 5.2318445825e-18,
        "dvar2": 1.44537437422e-17,
        "max": 1.75281676837e-28,
        "mean": -1.28821389112e-08,
        "median": -1.31930004699e-08,
        "min": -4.68440894963e-08,
        "var": 2.12994160454e-17
    },
    "spectral_energy": {
        "dmean": 0.00889211799949,
        "dmean2": 0.0149651588872,
        "dvar": 7.70932238083e-05,
        "dvar2": 0.000213068386074,
        "max": 0.178891479969,
        "mean": 0.0502803772688,
        "median": 0.0515505373478,
        "min": 9.97195551339e-21,
        "var": 0.00031927152304
    },
    "spectral_energyband_high": {
        "dmean": 7.06592400093e-05,
        "dmean2": 0.000128449639305,
        "dvar": 1.04575185844e-07,
        "dvar2": 3.02717495515e-07,
        "max": 0.00602128868923,
        "mean": 5.91042153246e-05,
        "median": 1.55047891894e-05,
        "min": 7.0049038926e-21,
        "var": 5.90246003185e-08
    },
    "spectral_energyband_low": {
        "dmean": 0.00703970855102,
        "dmean2": 0.0115808555856,
        "dvar": 5.77420069021e-05,
        "dvar2": 0.000150076884893,
        "max": 0.154078111053,
        "mean": 0.0171144194901,
        "median": 0.0151647813618,
        "min": 2.46914441522e-23,
        "var": 0.00013960400247
    },
    "spectral_energyband_middle_high": {
        "dmean": 0.00131252163555,
        "dmean2": 0.00202745292336,
        "dvar": 2.70411987913e-06,
        "dvar2": 6.7565874815e-06,
        "max": 0.0331231243908,
        "mean": 0.00415243161842,
        "median": 0.00336866546422,
        "min": 1.28410833688e-21,
        "var": 1.07634477899e-05
    },
    "spectral_energyband_middle_low": {
        "dmean": 0.00603733584285,
        "dmean2": 0.00992565229535,
        "dvar": 4.11605506088e-05,
        "dvar2": 0.000117828494695,
        "max": 0.110054381192,
        "mean": 0.0307577755302,
        "median": 0.030364356935,
        "min": 1.64411070339e-22,
        "var": 0.000180893621291
    },
    "spectral_entropy": {
        "dmean": 0.140805080533,
        "dmean2": 0.222914069891,
        "dvar": 0.0306968353689,
        "dvar2": 0.0762494876981,
        "max": 9.8231086731,
        "mean": 6.31908750534,
        "median": 6.2625579834,
        "min": 4.90627813339,
        "var": 0.205856159329
    },
    "spectral_flux": {
        "dmean": 0.0207938887179,
        "dmean2": 0.0337161235511,
        "dvar": 0.000508572906256,
        "dvar2": 0.00128758046776,
        "max": 0.262560993433,
        "mean": 0.0799580141902,
        "median": 0.0776697546244,
        "min": 6.24148441264e-11,
        "var": 0.00113088509534
    },
    "spectral_kurtosis": {
        "dmean": 12.5381813049,
        "dmean2": 21.5919704437,
        "dvar": 149.534927368,
        "dvar2": 446.045715332,
        "max": 267.263000488,
        "mean": 31.848115921,
        "median": 25.6107673645,
        "min": -1.25589752197,
        "var": 578.046691895
    },
    "spectral_rms": {
        "dmean": 0.000612654665019,
        "dmean2": 0.00102567148861,
        "dvar": 3.41762614653e-07,
        "dvar2": 9.25276083308e-07,
        "max": 0.013210915029,
        "mean": 0.00678343046457,
        "median": 0.00709177041426,
        "min": 3.11909222409e-12,
        "var": 3.03874458041e-06
    },
    "spectral_rolloff": {
        "dmean": 113.015098572,
        "dmean2": 197.195236206,
        "dvar": 72207.5,
        "dvar2": 157520.40625,
        "max": 19401.4160156,
        "mean": 721.562683105,
        "median": 602.9296875,
        "min": 64.599609375,
        "var": 1479452.5
    },
    "spectral_skewness": {
        "dmean": 0.81912457943,
        "dmean2": 1.41425585747,
        "dvar": 0.514417231083,
        "dvar2": 1.54447603226,
        "max": 12.9289712906,
        "mean": 3.83739829063,
        "median": 3.59029459953,
        "min": -0.0650425329804,
        "var": 1.87997400761
    },
    "spectral_spread": {
        "dmean": 512199.65625,
        "dmean2": 848715.5625,
        "dvar": 1.02261161984e+12,
        "dvar2": 2.4571978711e+12,
        "max": 42879244,
        "mean": 2084047.625,
        "median": 1679437.75,
        "min": 314476.90625,
        "var": 7.08491712922e+12
    },
    "spectral_strongpeak": {
        "dmean": 0.473970502615,
        "dmean2": 0.827146172523,
        "dvar": 0.470331072807,
        "dvar2": 1.22674953938,
        "max": 6.65521287918,
        "mean": 1.13783955574,
        "median": 0.803949356079,
        "min": 0,
        "var": 0.827678561211
    },
    "zerocrossingrate": {
        "dmean": 0.00316865043715,
        "dmean2": 0.00435972353444,
        "dvar": 4.26620026701e-05,
        "dvar2": 9.00411105249e-05,
        "max": 0.5341796875,
        "mean": 0.0267971158028,
        "median": 0.02294921875,
        "min": 0.0048828125,
        "var": 0.00110283039976
    },
    "barkbands": {
        "dmean": [0.000469301448902, 0.00551045779139, 0.00199590809643, 0.00104736501817, 0.00290671084076, 0.00264384248294, 0.00165947864298, 0.00119207997341, 0.00117814424448, 0.000659722252749, 5.72628050577e-05, 0.000850724172778, 0.000226148287766, 0.000126969243865, 0.000110298438813, 3.25205692207e-05, 0.000102459925984, 1.12440948214e-05, 1.346820045e-05, 4.19061325374e-06, 2.07886296266e-05, 1.22409064716e-05, 1.77621332114e-05, 7.25117797629e-06, 9.64934861258e-06, 3.87328555007e-06, 3.46893443748e-07],
        "dmean2": [0.000631634728052, 0.00912493560463, 0.00336508546025, 0.00177000986878, 0.0048159873113, 0.00420024106279, 0.00233894237317, 0.00157106644474, 0.00175620790105, 0.00100983737502, 9.35740681598e-05, 0.00131673063152, 0.000354125455488, 0.000201118236873, 0.000168950326042, 5.28755845153e-05, 0.000151156971697, 1.74605447683e-05, 2.0113251594e-05, 6.47851356916e-06, 3.48605499312e-05, 2.26602624025e-05, 3.34155629389e-05, 1.33517423819e-05, 1.85033295566e-05, 7.40210407457e-06, 6.499248002e-07],
        "dvar": [3.50860432263e-07, 4.33295681432e-05, 8.07186279417e-06, 1.78569632681e-06, 2.03765430342e-05, 7.73289957579e-06, 5.42819770999e-06, 2.36213350036e-06, 3.63711205864e-06, 1.18624075185e-06, 3.66699737242e-08, 1.56039448029e-06, 2.82180678823e-07, 4.44026539981e-08, 2.87373733698e-08, 3.63426311267e-09, 4.03290982831e-08, 3.47831208281e-10, 8.180753297e-10, 1.4500871337e-10, 6.27286267374e-09, 3.60532692589e-09, 8.71255867452e-09, 1.53949952786e-09, 4.1259471395e-09, 6.10607397977e-10, 5.6809864972e-12],
        "dvar2": [6.48899572298e-07, 0.00011023098341, 2.14356787183e-05, 4.85051896248e-06, 5.92898140894e-05, 2.34360577451e-05, 1.28633782879e-05, 4.3234081204e-06, 9.1572137535e-06, 3.14336693918e-06, 9.91389725868e-08, 3.73760667571e-06, 7.151642194e-07, 1.08747144623e-07, 5.85207260428e-08, 9.32535026976e-09, 7.88914817917e-08, 7.77237052496e-10, 1.63188351721e-09, 3.41658645819e-10, 1.79216215201e-08, 1.03971542487e-08, 2.52699052794e-08, 4.47490533517e-09, 1.21566321454e-08, 1.78890091629e-09, 1.63962576155e-11],
        "max": [0.00735238194466, 0.135549753904, 0.0375739596784, 0.0212768986821, 0.0827181115746, 0.0451851375401, 0.0358614437282, 0.0440283492208, 0.0314178392291, 0.0249624960124, 0.0109038557857, 0.0238175708801, 0.0139596471563, 0.00601750751957, 0.00489315157756, 0.00201335991733, 0.00620370730758, 0.000881611660589, 0.0012012271909, 0.000514622137416, 0.00242284010164, 0.00110414880328, 0.00177102675661, 0.00134465785231, 0.00218611210585, 0.000529787153937, 6.5028143581e-05],
        "mean": [0.000730824831408, 0.0106787858531, 0.00410330016166, 0.00233379704878, 0.00860322173685, 0.00923489686102, 0.00453985203058, 0.00281508243643, 0.00277071585879, 0.00150100397877, 9.95853042696e-05, 0.00155999860726, 0.000452646519989, 0.000245324859861, 0.000210498212255, 7.18596202205e-05, 0.000211152757402, 2.4271885195e-05, 2.74134235951e-05, 9.59211229201e-06, 2.36491741816e-05, 8.68466850079e-06, 1.1011663446e-05, 5.0537619245e-06, 5.57650855626e-06, 2.33229525293e-06, 2.77586252651e-07],
        "median": [0.000355060736183, 0.00723529607058, 0.00239481381141, 0.00150665058754, 0.00645818095654, 0.00733943562955, 0.00316970003769, 0.00170902721584, 0.00142183364369, 0.000806104508229, 3.37735764333e-05, 0.00088689714903, 0.00017120182747, 0.00013419467723, 0.000124255311675, 3.46208107658e-05, 9.46547879721e-05, 1.52486773004e-05, 1.38480681926e-05, 1.93277082872e-06, 5.60525859328e-06, 1.45147373587e-06, 7.81420681051e-07, 6.77274556438e-07, 1.94803220666e-07, 1.3849742686e-07, 5.04806720869e-08],
        "min": [1.22256558686e-24, 6.6796244947e-24, 1.24098627786e-24, 3.51169833328e-24, 7.92731372366e-24, 7.8027431204e-24, 3.15975908447e-24, 1.11350887993e-23, 1.38778682366e-23, 9.53139295467e-24, 2.49579071665e-23, 2.03039007715e-23, 2.52416683227e-23, 3.74200840448e-23, 5.97108698457e-23, 5.51323527062e-23, 5.21627836472e-23, 9.13274746047e-23, 1.5006123609e-22, 1.404531627e-22, 2.7641302417e-22, 3.61026976927e-22, 3.86649961679e-22, 5.13348924288e-22, 8.96279476218e-22, 1.35042465463e-21, 1.99069799166e-21],
        "var": [8.67161418228e-07, 0.000108596890641, 2.09151367017e-05, 7.08759171175e-06, 6.46496919217e-05, 5.86829628446e-05, 2.09383470064e-05, 1.13616024464e-05, 1.26655068016e-05, 4.0321610868e-06, 8.60403872593e-08, 3.76177649741e-06, 7.66314713019e-07, 1.0863129063e-07, 8.02776796149e-08, 1.4257049763e-08, 1.20953515648e-07, 1.30916710805e-09, 2.90665047586e-09, 4.40775527188e-10, 4.13847489611e-09, 2.04604844178e-09, 4.81278039643e-09, 8.54974258058e-10, 2.16991735691e-09, 3.27314314541e-10, 3.22233190651e-12]
    },
    "erbbands": {
        "dmean": [0.166358202696, 1.28816199303, 2.33168673515, 3.24373722076, 3.92737865448, 9.5327835083, 29.1820144653, 17.1061458588, 27.715139389, 11.267906189, 32.6678199768, 20.3975868225, 26.9623641968, 18.5857391357, 5.15466785431, 42.1500740051, 10.5689945221, 8.81278991699, 6.55189752579, 1.79658997059, 3.91936063766, 3.27689623833, 0.819757044315, 0.315700769424, 0.908910810947, 0.18230599165, 0.472152411938, 1.01114714146, 0.484773159027, 0.197362780571, 0.672398328781, 0.195113822818, 0.12668043375, 0.155525937676, 0.0367231294513, 0.0164489448071, 0.00837481953204, 0.000746529432945, 6.89648659318e-05, 1.10221762952e-05],
        "dmean2": [0.252503097057, 2.16553354263, 3.94877481461, 5.52982378006, 6.75593757629, 15.6366281509, 43.9242286682, 28.8399333954, 41.3184547424, 16.4855976105, 43.2383995056, 31.301153183, 39.7978477478, 28.3149814606, 8.04839897156, 65.0996704102, 16.3794059753, 13.8833799362, 9.97254657745, 2.81362605095, 5.92242765427, 4.91196680069, 1.27688610554, 0.487132430077, 1.34943699837, 0.286355644464, 0.70469814539, 1.81757223606, 0.896353602409, 0.367014199495, 1.26585161686, 0.365399301052, 0.235142290592, 0.29706799984, 0.0700751021504, 0.0312565639615, 0.0160578545183, 0.00141574034933, 0.00012855247769, 1.86827055586e-05],
        "dvar": [0.0401458032429, 2.56991410255, 9.71599578857, 17.7114982605, 91.0429229736, 221.429931641, 1698.26660156, 565.639343262, 1209.50512695, 370.49041748, 1799.70996094, 1416.52661133, 2019.58813477, 826.712097168, 63.1269721985, 3931.05712891, 611.407348633, 237.960067749, 107.460380554, 8.62965202332, 46.5609436035, 41.4811553955, 2.633852005, 0.311097055674, 3.73401737213, 0.224742442369, 1.38147962093, 24.4964466095, 5.64648532867, 1.00129783154, 12.4824934006, 1.1415617466, 0.473779320717, 1.01087927818, 0.0577867403626, 0.0109940515831, 0.00298663857393, 2.67483483185e-05, 2.05061979841e-07, 2.3869484167e-10],
        "dvar2": [0.100407317281, 6.57131910324, 25.4112586975, 53.4659309387, 251.265960693, 587.419921875, 5025.39404297, 1779.00769043, 2903.41967773, 963.705383301, 3311.10083008, 3939.04345703, 4807.36914062, 2072.75463867, 152.060012817, 9416.25390625, 1574.9017334, 567.171203613, 218.583343506, 21.138048172, 93.7059402466, 90.9374008179, 5.60281801224, 0.707427084446, 7.59795761108, 0.528117418289, 3.37091898918, 70.6750564575, 16.2943496704, 2.89521384239, 36.2164077759, 3.30733036995, 1.38314974308, 2.97779321671, 0.169977650046, 0.0321206897497, 0.00878891255707, 7.80486880103e-05, 5.912009442e-07, 6.57029264328e-10],
        "max": [3.38350987434, 31.2497253418, 41.8081436157, 56.8762969971, 171.343338013, 311.789764404, 634.605895996, 507.543273926, 617.792907715, 406.571990967, 1200.69250488, 763.756286621, 869.774291992, 875.186218262, 221.141036987, 1158.78283691, 703.038818359, 499.25100708, 304.395355225, 107.369308472, 224.618408203, 197.599578857, 102.288543701, 26.419342041, 80.1784057617, 19.5454692841, 46.8790893555, 116.360580444, 39.5400772095, 25.725725174, 57.1635894775, 30.8349647522, 20.6718502045, 31.0550479889, 6.33294677734, 2.71593642235, 1.34935665131, 0.11145247519, 0.0115846553817, 0.000430131942267],
        "mean": [0.271641403437, 2.48022913933, 5.09836578369, 7.38638448715, 8.06743907928, 28.1225128174, 92.1399078369, 59.2494506836, 79.2285079956, 34.5827598572, 79.1042175293, 54.7212753296, 65.534942627, 39.0060348511, 12.211520195, 77.404800415, 24.278755188, 17.8749713898, 12.7647418976, 4.65705823898, 8.01506137848, 7.4662694931, 2.18347239494, 0.858016073704, 1.83580505848, 0.460983902216, 0.8005464077, 0.813743829727, 0.343249052763, 0.146827146411, 0.415094196796, 0.122899532318, 0.0865208134055, 0.0920397937298, 0.0221379734576, 0.0100495982915, 0.00502738263458, 0.000506113050506, 7.49509054003e-05, 5.79473817197e-05],
        "median": [0.194085419178, 1.49153888226, 3.76361012459, 5.34085035324, 4.47266387939, 18.2455196381, 60.4329147339, 33.2914810181, 60.6063499451, 22.9182338715, 47.3493499756, 29.7825737, 35.0336914062, 22.9197463989, 8.61857032776, 43.836151123, 11.9752569199, 10.6916694641, 7.24184417725, 2.89294576645, 4.84896802902, 3.52871894836, 1.24650263786, 0.627945780754, 0.950251281261, 0.2079641819, 0.220926657319, 0.166145652533, 0.0586373656988, 0.0295134168118, 0.0279390793294, 0.0058951061219, 0.0106836929917, 0.00535364914685, 0.00150194182061, 0.000687754712999, 0.000376513460651, 6.52731687296e-05, 3.3630636608e-05, 5.86659843975e-05],
        "min": [1.59253245306e-22, 9.00489393366e-22, 4.38961325068e-21, 1.07375499444e-20, 1.02420421003e-20, 2.43806719568e-20, 2.83956757876e-20, 7.24118238002e-20, 5.5673856417e-20, 1.43735827547e-19, 3.02304709537e-19, 3.23038379331e-19, 6.073474386e-19, 6.80242109695e-19, 1.30162287418e-18, 1.07956975426e-18, 1.55698438602e-18, 1.67494261612e-18, 3.23081072191e-18, 3.09784867627e-18, 5.48270406046e-18, 3.60642144395e-18, 5.7220446348e-18, 7.23216499982e-18, 8.24160245264e-18, 8.30561796025e-18, 8.75642312228e-18, 1.1202668336e-17, 1.21684835921e-17, 9.80321770593e-18, 1.12703499081e-17, 1.05428437322e-17, 9.26376525201e-18, 8.29841487147e-18, 5.91272465525e-18, 4.71467968301e-18, 2.46534688204e-18, 9.78118740467e-19, 2.3144609182e-19, 2.72548903253e-20],
        "var": [0.0641444846988, 7.09431743622, 22.4771289825, 51.1669883728, 134.736434937, 927.19152832, 8911.07714844, 4930.69042969, 5041.43261719, 1582.74829102, 8735.41015625, 5082.08105469, 7227.06152344, 2575.06835938, 171.14642334, 9461.0234375, 1746.20837402, 579.354797363, 308.5675354, 33.9954681396, 115.635093689, 148.117324829, 15.4168338776, 1.33729028702, 12.3666706085, 0.804499149323, 2.29027700424, 13.927277565, 3.19474315643, 0.566301822662, 6.87650299072, 0.638108313084, 0.258834064007, 0.531503617764, 0.030611269176, 0.00594761827961, 0.00157776905689, 1.4579103663e-05, 1.16870495503e-07, 5.04416286518e-10]
    },
    "gfcc": {
        "mean": [-56.0675773621, 187.230606079, -110.003570557, -3.69030714035, -41.2899093628, -4.97260379791, -25.1370105743, -2.64199924469, -12.0948324203, 0.66636300087, -4.5061211586, -1.38727498055, -0.665916264057],
        "cov": [[11336.9033203, 1627.06652832, -153.15927124, 585.158691406, -256.197784424, 434.731079102, 57.1153450012, -17.0054607391, 35.2295951843, 42.3377838135, 86.4560165405, 52.8714866638, 66.5587844849], [1627.06652832, 1529.80322266, -145.286529541, -222.217483521, 320.611968994, -139.235717773, 272.300292969, -115.417762756, 134.562393188, -20.8911571503, 136.029830933, -25.857749939, 111.294166565], [-153.15927124, -145.286529541, 389.518310547, 84.7666397095, -54.1730117798, 106.496833801, -19.803527832, 10.4231014252, 4.84453392029, 7.00916433334, -14.8309621811, 18.0785751343, -41.1847801208], [585.158691406, -222.217483521, 84.7666397095, 323.750976562, -50.3965950012, 89.4946136475, -14.6953792572, 20.0308628082, 8.4230260849, 25.6483211517, -0.662212848663, 7.32907533646, 18.0755348206], [-256.197784424, 320.611968994, -54.1730117798, -50.3965950012, 236.125350952, -43.2341842651, 72.3572006226, -15.0793275833, 31.7354507446, -8.72703170776, 39.0949134827, -4.56888341904, 24.4089241028], [434.731079102, -139.235717773, 106.496833801, 89.4946136475, -43.2341842651, 216.721847534, 9.93193244934, 12.5099687576, 8.81889533997, 35.6233482361, 14.8677368164, 32.3798751831, 5.30740308762], [57.1153450012, 272.300292969, -19.803527832, -14.6953792572, 72.3572006226, 9.93193244934, 170.438552856, -3.66925692558, 46.9404182434, 19.1853561401, 45.2502784729, 16.8151168823, 47.4326667786], [-17.0054607391, -115.417762756, 10.4231014252, 20.0308628082, -15.0793275833, 12.5099687576, -3.66925692558, 106.719619751, 16.6013278961, -0.171896204352, -9.23256874084, -5.1389966011, -3.55939650536], [35.2295951843, 134.562393188, 4.84453392029, 8.4230260849, 31.7354507446, 8.81889533997, 46.9404182434, 16.6013278961, 111.302619934, 36.495475769, 20.2066936493, 6.51322460175, 26.4768447876], [42.3377838135, -20.8911571503, 7.00916433334, 25.6483211517, -8.72703170776, 35.6233482361, 19.1853561401, -0.171896204352, 36.495475769, 90.5756759644, 30.8842658997, 8.73551464081, 19.811750412], [86.4560165405, 136.029830933, -14.8309621811, -0.662212848663, 39.0949134827, 14.8677368164, 45.2502784729, -9.23256874084, 20.2066936493, 30.8842658997, 104.049003601, 29.1111965179, 16.3254756927], [52.8714866638, -25.857749939, 18.0785751343, 7.32907533646, -4.56888341904, 32.3798751831, 16.8151168823, -5.1389966011, 6.51322460175, 8.73551464081, 29.1111965179, 82.0437088013, 15.0459384918], [66.5587844849, 111.294166565, -41.1847801208, 18.0755348206, 24.4089241028, 5.30740308762, 47.4326667786, -3.55939650536, 26.4768447876, 19.811750412, 16.3254756927, 15.0459384918, 109.854263306]],
        "icov": [[0.000552197045181, -0.00199189037085, 0.000855017919093, -0.00172598345671, 0.00171703076921, -0.00154122861568, 0.00146826321725, -0.00150052376557, 0.00146634900011, -0.000974514870904, 0.00127414357848, -0.00137906474993, 0.00112020538654], [-0.00199189037085, 0.00900528114289, -0.00317706121132, 0.00698678987101, -0.00716930394992, 0.00595934456214, -0.00689255911857, 0.00717264181003, -0.00698508089408, 0.00511526502669, -0.00623848382384, 0.00643738731742, -0.00493722036481], [0.000855017919093, -0.00317706121132, 0.00461232336238, -0.00323833525181, 0.00295507884584, -0.00376548757777, 0.00229592155665, -0.00228636711836, 0.00180769758299, -0.00135915738065, 0.00262670381926, -0.00276383082382, 0.00322021078318], [-0.00172598345671, 0.00698678987101, -0.00323833525181, 0.00945491623133, -0.00535700609908, 0.00382144190371, -0.00477920332924, 0.00496962526813, -0.00534715643153, 0.00334075908177, -0.00479194335639, 0.00533609185368, -0.00490461243317], [0.00171703076921, -0.00716930394992, 0.00295507884584, -0.00535700609908, 0.0115154404193, -0.00436342041939, 0.00371494004503, -0.0049725137651, 0.00421441206709, -0.00225401157513, 0.00299640069716, -0.00406644213945, 0.00360168865882], [-0.00154122861568, 0.00595934456214, -0.00376548757777, 0.00382144190371, -0.00436342041939, 0.0109171094373, -0.00507570197806, 0.00403413316235, -0.0038949039299, 0.00114617473446, -0.00409377366304, 0.00235749036074, -0.00336223770864], [0.00146826321725, -0.00689255911857, 0.00229592155665, -0.00477920332924, 0.00371494004503, -0.00507570197806, 0.0138550233096, -0.00543140200898, 0.00316719850525, -0.00363027607091, 0.00263399980031, -0.00518914591521, 0.00121257349383], [-0.00150052376557, 0.00717264181003, -0.00228636711836, 0.00496962526813, -0.0049725137651, 0.00403413316235, -0.00543140200898, 0.0158242769539, -0.00783441867679, 0.00510347448289, -0.00444664480165, 0.00580841302872, -0.00343142007478], [0.00146634900011, -0.00698508089408, 0.00180769758299, -0.00534715643153, 0.00421441206709, -0.0038949039299, 0.00316719850525, -0.00783441867679, 0.0178243461996, -0.00869182124734, 0.00521886814386, -0.00525168050081, 0.00259138271213], [-0.000974514870904, 0.00511526502669, -0.00135915738065, 0.00334075908177, -0.00225401157513, 0.00114617473446, -0.00363027607091, 0.00510347448289, -0.00869182124734, 0.0185866225511, -0.00790337380022, 0.00502055510879, -0.00424307305366], [0.00127414357848, -0.00623848382384, 0.00262670381926, -0.00479194335639, 0.00299640069716, -0.00409377366304, 0.00263399980031, -0.00444664480165, 0.00521886814386, -0.00790337380022, 0.0180825740099, -0.0087421676144, 0.0042497208342], [-0.00137906474993, 0.00643738731742, -0.00276383082382, 0.00533609185368, -0.00406644213945, 0.00235749036074, -0.00518914591521, 0.00580841302872, -0.00525168050081, 0.00502055510879, -0.0087421676144, 0.0194819457829, -0.00539080239832], [0.00112020538654, -0.00493722036481, 0.00322021078318, -0.00490461243317, 0.00360168865882, -0.00336223770864, 0.00121257349383, -0.00343142007478, 0.00259138271213, -0.00424307305366, 0.0042497208342, -0.00539080239832, 0.0144153302535]]
    },
    "melbands": {
        "dmean": [0.00146253884304, 0.00137598707806, 0.000523174123373, 0.000444151781267, 0.000892240321264, 0.000403449346777, 0.000419901451096, 0.000114077411126, 0.000255220016697, 0.000149293176946, 0.000136916743941, 8.28906995594e-05, 8.91767649591e-06, 9.59798635449e-05, 5.65247610211e-05, 2.10865364352e-05, 1.49157704072e-05, 9.79733977147e-06, 4.81237066197e-06, 1.98318593903e-06, 6.30273825664e-06, 4.66786059405e-06, 1.51343272137e-06, 7.28240536318e-07, 1.83363127348e-07, 7.79742720169e-07, 3.32411275394e-07, 9.58565564702e-08, 1.68931762801e-07, 4.83162523324e-07, 7.08821914941e-07, 3.32474570541e-07, 9.56987875611e-08, 9.7525813203e-08, 4.4654260023e-07, 2.13629093082e-07, 9.12091806526e-08, 7.54743609832e-08, 1.31476866727e-07, 1.29598603849e-07],
        "dmean2": [0.00233908277005, 0.00233156024478, 0.000892739568371, 0.000742478587199, 0.00136655382812, 0.000675248156767, 0.000625455402769, 0.000166910991538, 0.00034278750536, 0.000226621283218, 0.000202454553801, 0.000126430226373, 1.42537446663e-05, 0.000148808772792, 8.79250947037e-05, 3.27842353727e-05, 2.3525681172e-05, 1.49246061483e-05, 7.47958938518e-06, 3.16109799314e-06, 9.41344933381e-06, 6.95033349984e-06, 2.37248173107e-06, 1.13703913485e-06, 2.92396293844e-07, 1.15762361474e-06, 5.02891850829e-07, 1.54769224991e-07, 2.5226603384e-07, 7.45149918657e-07, 1.30786190766e-06, 6.18342994585e-07, 1.72363044726e-07, 1.82880540933e-07, 8.38223968458e-07, 4.04774965546e-07, 1.6960395044e-07, 1.39730758519e-07, 2.46826147077e-07, 2.48856650842e-07],
        "dvar": [3.03516571876e-06, 2.82185783362e-06, 4.42089287844e-07, 7.59269141781e-07, 1.65678909525e-06, 2.77478250155e-07, 2.79476438436e-07, 3.03094971343e-08, 1.10088016925e-07, 6.81634659827e-08, 5.15370466303e-08, 1.72683947142e-08, 5.0786935768e-10, 1.99919938382e-08, 7.19491444201e-09, 1.49456114151e-09, 6.71759925464e-10, 2.47068671078e-10, 4.94276251872e-11, 2.0587101468e-11, 1.3965770207e-10, 8.86516832166e-11, 2.08525956918e-11, 9.73027214357e-13, 2.02859281565e-13, 2.82117948794e-12, 7.53266698149e-13, 8.73344704389e-14, 1.89348130274e-13, 1.88424449654e-12, 1.45450596012e-11, 2.8878759193e-12, 1.72809263102e-13, 3.28663013688e-13, 5.45437610008e-12, 1.40493931593e-12, 2.89088658611e-13, 2.12155976381e-13, 6.15959865578e-13, 7.68116581625e-13],
        "dvar2": [7.56863164497e-06, 7.55540349928e-06, 1.28233364194e-06, 2.02351770895e-06, 4.97295332025e-06, 8.91877846243e-07, 6.77099990298e-07, 7.81066731292e-08, 2.12146730405e-07, 1.84148930771e-07, 1.2345250866e-07, 4.3708741515e-08, 1.28490806883e-09, 4.78191459763e-08, 1.81402945998e-08, 3.69927621868e-09, 1.6059434893e-09, 5.08025066459e-10, 1.09297078332e-10, 4.9630681509e-11, 2.69808508868e-10, 1.8762193188e-10, 4.36276327564e-11, 2.17476405807e-12, 4.75067901684e-13, 5.51309909183e-12, 1.76048205961e-12, 2.11061094817e-13, 4.62571279024e-13, 4.96280143716e-12, 4.19205538338e-11, 8.34376057829e-12, 4.99656902225e-13, 9.54422413497e-13, 1.58196459404e-11, 4.08718935432e-12, 8.37516742156e-13, 6.17905683217e-13, 1.81452433374e-12, 2.26346914302e-12],
        "max": [0.0355022251606, 0.0250476691872, 0.00788127910346, 0.0178179126233, 0.0201371945441, 0.010420835577, 0.00862789712846, 0.00365752051584, 0.00891754496843, 0.00435178587213, 0.00432098098099, 0.00391278974712, 0.000915074720979, 0.00299011706375, 0.00148125458509, 0.000962246209383, 0.000832346675452, 0.000452701380709, 0.000208109471714, 0.000156770503963, 0.000402082892833, 0.000260376720689, 0.000313544413075, 3.9609047235e-05, 2.32304537349e-05, 7.29398816475e-05, 3.37895726261e-05, 1.18543121062e-05, 1.80166662176e-05, 5.57121566089e-05, 8.31276920508e-05, 3.25461078319e-05, 9.76787032414e-06, 1.94038930204e-05, 4.5946573664e-05, 2.11987317016e-05, 1.87787318282e-05, 1.73080734385e-05, 3.12200645567e-05, 2.34725721384e-05],
        "mean": [0.00278888782486, 0.00301047274843, 0.00121075927746, 0.00107973930426, 0.00281670503318, 0.00137784599792, 0.00119527918287, 0.000348793517333, 0.000621264800429, 0.000361440412235, 0.000327751331497, 0.000165295248735, 1.83211031981e-05, 0.000174771077582, 0.000112870053272, 4.33583772974e-05, 2.88917108264e-05, 1.84572963917e-05, 9.86238774203e-06, 4.94324558531e-06, 1.19280339277e-05, 9.73846636043e-06, 3.48753928847e-06, 1.4290492345e-06, 4.21423095531e-07, 1.51362178258e-06, 7.22254185348e-07, 2.0754096397e-07, 3.00339905834e-07, 7.15265912277e-07, 4.6431392775e-07, 2.21230834541e-07, 8.77296741919e-08, 6.6202318294e-08, 2.78731761227e-07, 1.2826302509e-07, 5.85185873092e-08, 5.06036386128e-08, 8.82215900333e-08, 7.35033722776e-08],
        "median": [0.00198146281764, 0.0023805052042, 0.000911929295398, 0.000538117776159, 0.0019970908761, 0.000882711727172, 0.000925615080632, 0.000243655071245, 0.000375410716515, 0.000184741904377, 0.00017394463066, 9.04722692212e-05, 8.67801645654e-06, 0.000100182951428, 6.48252535029e-05, 2.27519740292e-05, 1.6058980691e-05, 9.75669172476e-06, 6.52296239423e-06, 1.63472009262e-06, 6.16236957285e-06, 4.04302272727e-06, 7.9615267623e-07, 9.31000215587e-07, 2.61190166384e-07, 7.3526223332e-07, 3.22635969496e-07, 5.74257157382e-08, 1.05289238661e-07, 1.4378312585e-07, 3.2364425806e-08, 2.46837679185e-08, 2.82231145121e-08, 4.0102881016e-09, 1.97673273306e-08, 2.0003019241e-09, 1.61480218086e-09, 5.28374677344e-09, 7.53449391766e-09, 1.08521125419e-09],
        "min": [2.2305053928e-24, 2.43603402976e-24, 3.09442877974e-24, 8.97199019032e-25, 1.21081136216e-24, 1.90833065481e-24, 7.51267097833e-25, 1.9515134924e-24, 2.63179104668e-24, 1.83888860983e-24, 2.46691990635e-24, 2.43382659973e-24, 4.36151530951e-24, 2.26968969169e-24, 3.90835140149e-24, 4.51753109174e-24, 1.7885596785e-24, 4.44509591128e-24, 3.79137042899e-24, 2.38238557175e-24, 5.42069163125e-24, 3.35465703186e-24, 3.64449478363e-24, 4.10915436719e-24, 5.17771695041e-24, 5.9630946403e-24, 5.71720117412e-24, 4.85775417839e-24, 5.33542838917e-24, 5.6954112582e-24, 6.20260109417e-24, 7.10243421837e-24, 5.60901560629e-24, 5.27376747094e-24, 5.19427553524e-24, 6.19275887109e-24, 5.91165223181e-24, 4.78811077667e-24, 6.63435807823e-24, 6.512251482e-24],
        "var": [6.72592022966e-06, 6.28781208434e-06, 1.24782127386e-06, 1.98254087991e-06, 7.43245846024e-06, 2.14086730921e-06, 1.13198689178e-06, 1.3695881762e-07, 5.32651824869e-07, 2.26090747901e-07, 1.83526879027e-07, 5.26481080954e-08, 1.48333345606e-09, 4.8000085684e-08, 1.8914981581e-08, 4.16658441083e-09, 1.64188906915e-09, 7.2967309972e-10, 1.32586622237e-10, 1.18459200782e-10, 3.47490591857e-10, 2.57849075425e-10, 1.14926027028e-10, 3.30280746329e-12, 6.79797201603e-13, 9.99726863793e-12, 1.9804333954e-12, 2.93785341107e-13, 3.21379994015e-13, 2.25428790218e-12, 8.25445961583e-12, 1.62611655911e-12, 1.00877090698e-13, 1.83155275885e-13, 3.00645467723e-12, 7.70603795618e-13, 1.62553577912e-13, 1.17493024316e-13, 3.24708061003e-13, 4.03561678432e-13]
    },
    "mfcc": {
        "mean": [-709.45526123, 228.078277588, -6.94282007217, 13.3923044205, 0.699329257011, 0.698483526707, -2.46932578087, -4.84988021851, 0.702034771442, -2.60114240646, 3.58993673325, 6.60348129272, -0.0611974671483],
        "cov": [[5768.85986328, 1307.85021973, -20.0182685852, 400.242584229, 64.9808197021, 227.569198608, 170.253356934, 86.9431915283, 54.8903427124, -17.5865821838, 26.625120163, 156.885925293, 51.0763397217], [1307.85021973, 1966.1373291, -378.751464844, 86.9418869019, 15.3379602432, 36.2389450073, 128.867401123, -22.8022937775, 37.4370651245, 4.25563335419, 83.9750595093, 35.4028282166, 27.1623897552], [-20.0182685852, -378.751464844, 409.463256836, -36.4964523315, -0.100206531584, 48.332988739, -38.5171508789, 38.1686897278, -14.9120512009, 2.56810498238, -1.9492661953, -7.85342502594, 1.91716647148], [400.242584229, 86.9418869019, -36.4964523315, 227.610809326, 23.9682636261, 4.60628271103, 21.8454818726, -4.10602617264, 16.3381614685, 10.513007164, -6.61474943161, 2.12566637993, 12.7272949219], [64.9808197021, 15.3379602432, -0.100206531584, 23.9682636261, 125.582603455, 21.3213672638, 4.48495292664, 9.56995391846, -6.84903478622, 11.1690406799, -2.91931819916, 7.53556108475, 2.86415910721], [227.569198608, 36.2389450073, 48.332988739, 4.60628271103, 21.3213672638, 151.00579834, 38.7449989319, -4.67825746536, 11.9142999649, -15.5384778976, 25.6194667816, 28.9878368378, 12.2161951065], [170.253356934, 128.867401123, -38.5171508789, 21.8454818726, 4.48495292664, 38.7449989319, 110.564109802, 9.01721286774, 8.52775287628, -6.63844108582, 7.004591465, 22.4192676544, 9.57684707642], [86.9431915283, -22.8022937775, 38.1686897278, -4.10602617264, 9.56995391846, -4.67825746536, 9.01721286774, 107.542533875, -5.95032930374, 8.33096218109, -2.45058679581, -6.13541316986, 17.5976543427], [54.8903427124, 37.4370651245, -14.9120512009, 16.3381614685, -6.84903478622, 11.9142999649, 8.52775287628, -5.95032930374, 123.917663574, 10.3379068375, -1.93585681915, 20.8491268158, -15.9553194046], [-17.5865821838, 4.25563335419, 2.56810498238, 10.513007164, 11.1690406799, -15.5384778976, -6.63844108582, 8.33096218109, 10.3379068375, 88.7958984375, 19.2372093201, -14.4959287643, 9.57200241089], [26.625120163, 83.9750595093, -1.9492661953, -6.61474943161, -2.91931819916, 25.6194667816, 7.004591465, -2.45058679581, -1.93585681915, 19.2372093201, 87.699432373, 20.295249939, -0.704276144505], [156.885925293, 35.4028282166, -7.85342502594, 2.12566637993, 7.53556108475, 28.9878368378, 22.4192676544, -6.13541316986, 20.8491268158, -14.4959287643, 20.295249939, 107.578887939, 33.2341117859], [51.0763397217, 27.1623897552, 1.91716647148, 12.7272949219, 2.86415910721, 12.2161951065, 9.57684707642, 17.5976543427, -15.9553194046, 9.57200241089, -0.704276144505, 33.2341117859, 94.2944717407]],
