{
"lowlevel": {
    "average_loudness": 0.820672333241,
    "barkbands_crest": {
        "dmean": 2.00429582596,
        "dmean2": 3.23042964935,
        "dvar": 4.29883432388,
        "dvar2": 10.9178857803,
        "max": 26.5587539673,
        "mean": 10.0823564529,
        "median": 8.99541282654,
        "min": 2.77757000923,
        "var": 18.9146957397
    },
    "barkbands_flatness_db": {
        "dmean": 0.015901574865,
        "dmean2": 0.0234641097486,
        "dvar": 0.000287766684778,
        "dvar2": 0.000622825231403,
        "max": 0.556491434574,
        "mean": 0.145731493831,
        "median": 0.125609636307,
        "min": 0.0223816297948,
        "var": 0.00624156370759
    },
    "barkbands_kurtosis": {
        "dmean": 2.44850373268,
        "dmean2": 3.84532284737,
        "dvar": 31.8492565155,
        "dvar2": 79.2618942261,
        "max": 284.451202393,
        "mean": 5.45831537247,
        "median": 2.37259054184,
        "min": -1.94168329239,
        "var": 151.64225769
    },
    "barkbands_skewness": {
        "dmean": 0.417480289936,
        "dmean2": 0.613425374031,
        "dvar": 0.271584808826,
        "dvar2": 0.574056982994,
        "max": 14.2058973312,
        "mean": 1.61665534973,
        "median": 1.54382276535,
        "min": -10.915096283,
        "var": 1.96334385872
    },
    "barkbands_spread": {
        "dmean": 3.72613477707,
        "dmean2": 5.62877368927,
        "dvar": 29.7169933319,
        "dvar2": 65.3729782104,
        "max": 90.7415771484,
        "mean": 18.9578666687,
        "median": 17.7547035217,
        "min": 0.364577621222,
        "var": 124.838470459
    },
    "dissonance": {
        "dmean": 0.0175328366458,
        "dmean2": 0.0295409150422,
        "dvar": 0.000413909438066,
        "dvar2": 0.00111824821215,
        "max": 0.5,
        "mean": 0.461013585329,
        "median": 0.471741020679,
        "min": 0.106650479138,
        "var": 0.00151140324306
    },
    "dynamic_complexity": 4.76676225662,
    "erbbands_crest": {
        "dmean": 2.09600758553,
        "dmean2": 3.18490219116,
        "dvar": 5.3976149559,
        "dvar2": 11.8984880447,
        "max": 34.4519729614,
        "mean": 9.5417137146,
        "median": 7.61632156372,
        "min": 2.20034527779,
        "var": 33.0968437195
    },
    "erbbands_flatness_db": {
        "dmean": 0.0146587714553,
        "dmean2": 0.0199386142194,
        "dvar": 0.00027728852001,
        "dvar2": 0.000502771232277,
        "max": 0.565714001656,
        "mean": 0.164835974574,
        "median": 0.145656660199,
        "min": 0.0478103123605,
        "var": 0.00566549459472
    },
    "erbbands_kurtosis": {
        "dmean": 0.987319350243,
        "dmean2": 1.3850928545,
        "dvar": 5.88921260834,
        "dvar2": 10.4066390991,
        "max": 200.409118652,
        "mean": 1.57256770134,
        "median": -0.0234787464142,
        "min": -1.82696688175,
        "var": 44.4037132263
    },
    "erbbands_skewness": {
        "dmean": 0.294002622366,
        "dmean2": 0.430066943169,
        "dvar": 0.119565561414,
        "dvar2": 0.239217609167,
        "max": 7.10855674744,
        "mean": 0.376945048571,
        "median": 0.353560805321,
        "min": -10.345697403,
        "var": 1.10024857521
    },
    "erbbands_spread": {
        "dmean": 5.72975158691,
        "dmean2": 8.25228500366,
        "dvar": 49.597858429,
        "dvar2": 98.9520263672,
        "max": 124.347412109,
        "mean": 35.7426109314,
        "median": 34.8305740356,
        "min": 0.309726804495,
        "var": 328.821014404
    },
    "hfc": {
        "dmean": 4.499376297,
        "dmean2": 5.99491882324,
        "dvar": 46.8683815002,
        "dvar2": 94.5489807129,
        "max": 150.736206055,
        "mean": 18.4951820374,
        "median": 14.9457607269,
        "min": 2.73346190127e-09,
        "var": 283.408874512
    },
    "melbands_crest": {
        "dmean": 2.41112279892,
        "dmean2": 3.90132546425,
        "dvar": 6.00947999954,
        "dvar2": 14.9653577805,
        "max": 33.7042503357,
        "mean": 13.9560499191,
        "median": 13.1814584732,
        "min": 3.56443071365,
        "var": 23.5318088531
    },
    "melbands_flatness_db": {
        "dmean": 0.0182614717633,
        "dmean2": 0.0266762860119,
        "dvar": 0.000409010332078,
        "dvar2": 0.000832181831356,
        "max": 0.650905251503,
        "mean": 0.218386650085,
        "median": 0.200812295079,
        "min": 0.0172937233001,
        "var": 0.00758488103747
    },
    "melbands_kurtosis": {
        "dmean": 4.98209142685,
        "dmean2": 7.69640636444,
        "dvar": 88.4267196655,
        "dvar2": 203.209121704,
        "max": 260.927307129,
        "mean": 13.5984888077,
        "median": 8.29085254669,
        "min": -1.95936739445,
        "var": 409.630004883
    },
    "melbands_skewness": {
        "dmean": 0.534126281738,
        "dmean2": 0.786504745483,
        "dvar": 0.420995116234,
        "dvar2": 0.879243791103,
        "max": 13.297164917,
        "mean": 2.58745789528,
        "median": 2.46395540237,
        "min": -6.3953037262,
        "var": 2.73906064034
    },
    "melbands_spread": {
        "dmean": 4.32604312897,
        "dmean2": 6.39503383636,
        "dvar": 56.7029304504,
        "dvar2": 105.522506714,
        "max": 192.593811035,
        "mean": 19.9082527161,
        "median": 17.0706863403,
        "min": 0.557999432087,
        "var": 247.361724854
    },
    "pitch_salience": {
        "dmean": 0.0581553950906,
        "dmean2": 0.0945627987385,
        "dvar": 0.00331692490727,
        "dvar2": 0.00842751841992,
        "max": 0.883319795132,
        "mean": 0.543479025364,
        "median": 0.550992131233,
        "min": 0.107939913869,
        "var": 0.0132291866466
    },
    "silence_rate_20dB": {
        "dmean": 0,
        "dmean2": 0,
        "dvar": 0,
        "dvar2": 0,
        "max": 1,
        "mean": 1,
        "median": 1,
        "min": 1,
        "var": 0
    },
    "silence_rate_30dB": {
        "dmean": 0.00135267153382,
        "dmean2": 0.0027055463288,
        "dvar": 0.00135090283584,
        "dvar2": 0.00390093354508,
        "max": 1,
        "mean": 0.999248564243,
        "median": 1,
        "min": 0,
        "var": 0.000750934123062
    },
    "silence_rate_60dB": {
        "dmean": 0.0129255279899,
        "dmean2": 0.0258529987186,
        "dvar": 0.0127592151985,
        "dvar2": 0.0284940507263,
        "max": 1,
        "mean": 0.181018933654,
        "median": 0,
        "min": 0,
        "var": 0.148236393929
    },
    "spectral_centroid": {
        "dmean": 160.096954346,
        "dmean2": 241.836120605,
        "dvar": 57386.3046875,
        "dvar2": 103186.9375,
        "max": 11220.2285156,
        "mean": 1110.08496094,
        "median": 1019.5413208,
        "min": 152.901565552,
        "var": 322610.96875
    },
    "spectral_complexity": {
        "dmean": 2.94266176224,
        "dmean2": 4.43626928329,
        "dvar": 11.7921934128,
        "dvar2": 23.3233966827,
        "max": 53,
        "mean": 18.2815608978,
        "median": 18,
        "min": 0,
        "var": 125.887420654
    },
    "spectral_decrease": {
        "dmean": 1.84857429364e-09,
        "dmean2": 2.8450988232e-09,
        "dvar": 8.9720765526e-18,
        "dvar2": 2.0239240161e-17,
        "max": 4.34005551925e-21,
        "mean": -7.18871495664e-09,
        "median": -6.79983003238e-09,
        "min": -3.31343308346e-08,
        "var": 3.07511374121e-17
    },
    "spectral_energy": {
        "dmean": 0.00728030968457,
        "dmean2": 0.0111197996885,
        "dvar": 0.00013619416859,
        "dvar2": 0.000305770925479,
        "max": 0.132473751903,
        "mean": 0.0288094058633,
        "median": 0.0271950103343,
        "min": 2.31552678507e-13,
        "var": 0.000491089478601
    },
    "spectral_energyband_high": {
        "dmean": 0.000235229279497,
        "dmean2": 0.000321591709508,
        "dvar": 3.45440952287e-07,
        "dvar2": 6.9074116027e-07,
        "max": 0.0178196989,
        "mean": 0.000658071017824,
        "median": 0.000261572480667,
        "min": 1.71609064849e-13,
        "var": 1.21538755593e-06
    },
    "spectral_energyband_low": {
        "dmean": 0.00413598353043,
        "dmean2": 0.00669966870919,
        "dvar": 7.74063519202e-05,
        "dvar2": 0.000178904723725,
        "max": 0.0917336940765,
        "mean": 0.0111880814657,
        "median": 0.010034958832,
        "min": 4.38988716255e-15,
        "var": 0.000135142588988
    },
    "spectral_energyband_middle_high": {
        "dmean": 0.00154941063374,
        "dmean2": 0.00200273492374,
        "dvar": 6.27241752227e-06,
        "dvar2": 1.12003581307e-05,
        "max": 0.0508722402155,
        "mean": 0.00527579663321,
        "median": 0.00310116074979,
        "min": 2.29827499398e-14,
        "var": 4.23777637479e-05
    },
    "spectral_energyband_middle_low": {
        "dmean": 0.00404130062088,
        "dmean2": 0.00640914728865,
        "dvar": 4.92214639962e-05,
        "dvar2": 0.000120497163152,
        "max": 0.109299793839,
        "mean": 0.0129210231826,
        "median": 0.0105320736766,
        "min": 3.95039607105e-15,
        "var": 0.000138058065204
    },
    "spectral_entropy": {
        "dmean": 0.124967865646,
        "dmean2": 0.177136808634,
        "dvar": 0.0224124211818,
        "dvar2": 0.0425389632583,
        "max": 9.80068206787,
        "mean": 7.3930182457,
        "median": 7.56277751923,
        "min": 3.75443434715,
        "var": 0.44868901372
    },
    "spectral_flux": {
        "dmean": 0.0196609999985,
        "dmean2": 0.0302329380065,
        "dvar": 0.00070461712312,
        "dvar2": 0.00151001475751,
        "max": 0.287465929985,
        "mean": 0.0672498941422,
        "median": 0.0583744198084,
        "min": 2.22612707148e-05,
        "var": 0.00247040414251
    },
    "spectral_kurtosis": {
        "dmean": 2.75566911697,
        "dmean2": 4.71702623367,
        "dvar": 57.427520752,
        "dvar2": 172.033676147,
        "max": 254.527893066,
        "mean": 9.41320991516,
        "median": 4.55342531204,
        "min": -1.17773652077,
        "var": 472.562133789
    },
    "spectral_rms": {
        "dmean": 0.00059042457724,
        "dmean2": 0.000885449000634,
        "dvar": 6.63448872729e-07,
        "dvar2": 1.41849261581e-06,
        "max": 0.0113684954122,
        "mean": 0.0047378311865,
        "median": 0.00515089463443,
        "min": 1.50301389112e-08,
        "var": 5.65983646084e-06
    },
    "spectral_rolloff": {
        "dmean": 307.783752441,
        "dmean2": 506.971282959,
        "dvar": 551928.9375,
        "dvar2": 1257160.875,
        "max": 19659.8144531,
        "mean": 1156.12036133,
        "median": 925.927734375,
        "min": 86.1328125,
        "var": 1154783.625
    },
    "spectral_skewness": {
        "dmean": 0.252158463001,
        "dmean2": 0.412505269051,
        "dvar": 0.171064808965,
        "dvar2": 0.492850273848,
        "max": 12.9734010696,
        "mean": 1.93625319004,
        "median": 1.66945409775,
        "min": -0.296787589788,
        "var": 1.73381698132
    },
    "spectral_spread": {
        "dmean": 414255.0625,
        "dmean2": 584350.625,
        "dvar": 390396706816,
        "dvar2": 630604955648,
        "max": 40179640,
        "mean": 4344972.5,
        "median": 4300283.5,
        "min": 317036.03125,
        "var": 2.41825008845e+12
    },
    "spectral_strongpeak": {
        "dmean": 0.42701613903,
        "dmean2": 0.72207480669,
        "dvar": 0.862923145294,
        "dvar2": 1.83162021637,
        "max": 12.649356842,
        "mean": 0.895763099194,
        "median": 0.475396931171,
        "min": 0,
        "var": 1.87853372097
    },
    "zerocrossingrate": {
        "dmean": 0.00738461641595,
        "dmean2": 0.0086940927431,
        "dvar": 0.000113663285447,
        "dvar2": 0.000128182611661,
        "max": 0.4912109375,
        "mean": 0.0514790713787,
        "median": 0.04541015625,
        "min": 0.00390625,
        "var": 0.000910548551474
    },
    "barkbands": {
        "dmean": [8.09612756711e-05, 0.00274963094853, 0.00193350482732, 0.000833504484035, 0.00172643666156, 0.0014728551032, 0.000780104717705, 0.000595451856498, 0.000938158831559, 0.000278760446236, 0.000356138625648, 0.00056191184558, 0.000381435849704, 0.000327005633153, 0.000206931421417, 0.000171982377651, 0.000135167239932, 0.000116371556942, 8.76285994309e-05, 7.72752173361e-05, 6.18308331468e-05, 5.05234966113e-05, 5.57614293939e-05, 3.90919558413e-05, 2.59400039795e-05, 1.65121546161e-05, 6.06746971243e-06],
        "dmean2": [0.000132781264256, 0.0044796844013, 0.00321280583739, 0.00141419423744, 0.00281874742359, 0.00244290125556, 0.0012423445005, 0.000937622739002, 0.00139589025639, 0.000412323453929, 0.00047177504166, 0.000827058043797, 0.000539375876542, 0.000459067174233, 0.000313065305818, 0.000263835361693, 0.000211929407669, 0.000184289048775, 0.00014121721324, 0.000120329743368, 9.66545558185e-05, 7.52021951484e-05, 8.13608348835e-05, 5.74924815737e-05, 3.70750240108e-05, 2.65223425231e-05, 9.26181110117e-06],
        "dvar": [2.14206643534e-08, 4.66870260425e-05, 1.29181398734e-05, 2.34295248447e-06, 1.62128362717e-05, 8.2175974967e-06, 3.87063482776e-06, 4.69790984425e-06, 7.72454586695e-06, 8.22274500933e-07, 9.24818095882e-07, 2.03145350497e-06, 1.28640442654e-06, 8.49650064083e-07, 3.16050062565e-07, 1.59600745064e-07, 7.23261806002e-08, 5.03775545724e-08, 2.54322749527e-08, 3.11012939846e-08, 1.3969484236e-08, 2.25233272033e-08, 5.40632214552e-08, 1.04573585347e-08, 5.59069812667e-09, 2.71166111787e-09, 3.03041480798e-10],
        "dvar2": [5.55175212469e-08, 0.000102474288724, 3.67840511899e-05, 6.38781830276e-06, 4.27346567449e-05, 2.17903998418e-05, 9.71456938714e-06, 1.13478045023e-05, 1.68359583768e-05, 1.65744143032e-06, 1.35243294608e-06, 4.13213683714e-06, 2.3156962925e-06, 1.32787477014e-06, 6.47896797545e-07, 3.68736920109e-07, 1.6128294078e-07, 1.2800930449e-07, 6.4146910006e-08, 7.08406702188e-08, 3.27576330506e-08, 5.02631216648e-08, 1.12070047464e-07, 2.18406679409e-08, 1.20267920067e-08, 7.09992020731e-09, 7.13419878728e-10],
        "max": [0.0023902496323, 0.0694711506367, 0.0480805821717, 0.0467840284109, 0.0768225267529, 0.0670883581042, 0.0608982555568, 0.0838411003351, 0.0779321044683, 0.0400221161544, 0.0360542722046, 0.0362192429602, 0.0399599075317, 0.0290546678007, 0.0303082056344, 0.00918999966234, 0.0075893974863, 0.0101306606084, 0.00294551299885, 0.00523384008557, 0.00333186378703, 0.00540320528671, 0.0097039071843, 0.0036249961704, 0.00286927237175, 0.000781480397563, 0.000246670242632],
        "mean": [0.000117824820336, 0.00417599920183, 0.00572153460234, 0.00199293671176, 0.0032690090593, 0.00298467813991, 0.00160192023031, 0.000976262439508, 0.00193373882212, 0.000530739489477, 0.000932765717153, 0.00101511215325, 0.000767670338973, 0.00063213420799, 0.000363643310266, 0.000331099843606, 0.000289984280244, 0.000249614851782, 0.00019138402422, 0.00017426571867, 0.000145139551023, 0.000105799976154, 0.000113874717499, 9.59434182732e-05, 6.37328193989e-05, 2.41441412072e-05, 8.42056124384e-06],
        "median": [4.1424522351e-05, 0.0018562625628, 0.00502174394205, 0.00151938782074, 0.00218550581485, 0.00142834894359, 0.000737942638807, 0.000328373222146, 0.000641495222226, 0.000139268639032, 0.000231877638726, 0.00028211006429, 0.000224655028433, 0.000187083758647, 0.000144240577356, 0.000132083136123, 0.000150877109263, 0.000141999291372, 0.000105963466922, 8.39280110085e-05, 5.96982281422e-05, 4.07029219787e-05, 3.14728531521e-05, 2.1442250727e-05, 1.73659609572e-05, 6.50009224046e-06, 1.03073330138e-06],
        "min": [3.19742274446e-15, 2.06640971966e-15, 5.85515971713e-16, 4.43909400637e-16, 5.05785554481e-16, 8.07696419546e-16, 1.24610817931e-15, 5.56487676154e-16, 2.59364903051e-16, 9.16195622617e-16, 8.36827894306e-16, 6.2879660246e-16, 5.75139902812e-15, 2.41395983165e-15, 1.99677492931e-15, 3.07323077373e-15, 6.99400133806e-16, 2.32499236131e-15, 2.59660702838e-15, 4.63670197547e-15, 1.02505242182e-14, 1.16773131014e-14, 1.76403132417e-14, 2.11458234684e-14, 1.87088114234e-14, 3.44377439976e-14, 5.74881600115e-14],
        "var": [3.56561749015e-08, 5.89087248954e-05, 2.98356644635e-05, 5.30084753336e-06, 1.99608821276e-05, 2.14638330363e-05, 7.88613579061e-06, 6.36134700471e-06, 1.7878061044e-05, 2.5337524221e-06, 7.45231545807e-06, 7.98986457085e-06, 4.54908604297e-06, 3.16771706821e-06, 7.52598339204e-07, 3.93269147025e-07, 2.2595538951e-07, 1.06688631263e-07, 6.77994478337e-08, 8.20397971779e-08, 4.7296754957e-08, 4.79610555715e-08, 9.77059144702e-08, 3.66311567745e-08, 1.51354537792e-08, 2.6755879734e-09, 4.12552714213e-10]
    },
    "erbbands": {
        "dmean": [0.0727866292, 0.664679825306, 1.96268033981, 2.59231495857, 4.43677854538, 6.04874944687, 8.92481517792, 12.6016530991, 9.83410835266, 14.1970157623, 13.6742992401, 22.0189781189, 11.9897413254, 8.73702144623, 15.7252225876, 19.8966426849, 17.5461196899, 14.2618322372, 12.41040802, 10.6911211014, 8.67018032074, 7.22316980362, 5.82325077057, 4.96981143951, 3.97069978714, 3.21258664131, 3.33473777771, 2.00866007805, 1.79372644424, 1.74856543541, 1.6939432621, 0.988729715347, 0.623876750469, 0.358565479517, 0.159613668919, 0.0734535232186, 0.0339016728103, 0.0054042590782, 0.00101203634404, 7.6611773693e-05],
        "dmean2": [0.111532844603, 1.09896349907, 3.29641008377, 4.31482076645, 7.50728654861, 10.0315485001, 15.005815506, 20.7574443817, 16.1896629333, 21.7259922028, 21.0900154114, 32.7709693909, 18.0960254669, 11.9600887299, 20.6315670013, 29.2434043884, 24.0513629913, 19.7635135651, 18.1120204926, 15.9897556305, 13.160741806, 11.1227655411, 9.07983589172, 8.14530944824, 6.19082832336, 4.97499465942, 5.23249435425, 3.0663061142, 2.70914030075, 2.51437973976, 2.48951363564, 1.50467383862, 0.899710476398, 0.512912929058, 0.23631593585, 0.115003153682, 0.0553907342255, 0.0086039211601, 0.00151589186862, 0.000115357906907],
        "dvar": [0.0404929853976, 2.53138709068, 13.792842865, 23.6556682587, 117.53200531, 195.946929932, 281.962188721, 729.894714355, 691.947143555, 1547.37683105, 2278.04321289, 5666.984375, 1074.64221191, 550.405517578, 1275.08569336, 2313.6081543, 2469.64355469, 1776.71569824, 1247.45825195, 866.281494141, 392.917022705, 204.434829712, 131.046310425, 90.5604782104, 53.6143989563, 46.4127845764, 51.8438568115, 17.0111484528, 27.3871059418, 47.6471939087, 46.3076286316, 6.75742816925, 3.19769024849, 1.40188097954, 0.153260648251, 0.0396024212241, 0.0132535248995, 0.000208726298297, 8.21959656605e-06, 4.56934685644e-08],
        "dvar2": [0.0889723673463, 5.75116682053, 39.0832481384, 64.5371704102, 321.253997803, 518.780334473, 765.846313477, 1882.56347656, 1815.89074707, 3542.83300781, 5543.92919922, 12283.1816406, 2256.70532227, 1007.35565186, 1968.94714355, 5135.48193359, 4137.50537109, 2904.70019531, 2101.39648438, 1826.1217041, 877.23651123, 468.324462891, 327.945922852, 238.584472656, 124.134963989, 106.329307556, 121.280670166, 38.5347290039, 63.5210342407, 102.532485962, 98.0577926636, 15.1467418671, 6.54352378845, 2.99496006966, 0.352984309196, 0.101068690419, 0.0350803472102, 0.000514410552569, 1.92732077267e-05, 1.08086602779e-07],
        "max": [1.97839772701, 16.8827476501, 51.5403251648, 120.957962036, 148.292938232, 294.179626465, 375.188934326, 760.836608887, 770.391601562, 1228.89343262, 1925.39599609, 2353.39282227, 873.587463379, 772.886291504, 1072.04699707, 1043.64294434, 1330.51208496, 1334.70776367, 1756.69677734, 2107.22436523, 595.169372559, 442.606719971, 557.628723145, 249.751434326, 158.075912476, 175.622070312, 221.870651245, 147.125518799, 175.969863892, 276.390991211, 244.348403931, 79.6603317261, 59.4395141602, 46.7855987549, 10.3718147278, 2.86502099037, 1.72543239594, 0.233874946833, 0.0387440361083, 0.00318406056613],
        "mean": [0.0901082605124, 1.10947322845, 5.57367324829, 7.56473731995, 8.10471343994, 11.2667942047, 17.3113594055, 25.687871933, 19.9786663055, 28.3209247589, 26.4662132263, 43.4459114075, 24.515253067, 21.841178894, 40.2375679016, 37.3776130676, 38.959690094, 29.2945671082, 24.8545188904, 19.4307060242, 18.794418335, 16.7143878937, 13.509929657, 10.9456644058, 9.50020503998, 7.57624197006, 7.81459856033, 4.5122461319, 3.73025536537, 3.55977106094, 3.41745829582, 2.19139528275, 1.49859368801, 0.84137648344, 0.372360944748, 0.127936527133, 0.0438868924975, 0.00813075527549, 0.00142605172005, 0.000127252525999],
        "median": [0.0324073582888, 0.568305492401, 4.4207983017, 6.57643318176, 5.81703472137, 6.79909515381, 9.60912322998, 11.7089529037, 9.98281288147, 11.0850687027, 10.1071510315, 13.0996370316, 9.31015491486, 7.66215515137, 11.5924043655, 12.800693512, 12.7588415146, 10.2373771667, 9.46651935577, 7.41137170792, 8.11175346375, 8.90375900269, 7.73654460907, 6.40247917175, 5.14897632599, 3.88394618034, 3.00248146057, 1.94797635078, 1.38285577297, 1.26987504959, 0.879763245583, 0.516381025314, 0.329858779907, 0.21334657073, 0.108150698245, 0.036787442863, 0.0108013050631, 0.0015358501114, 0.000194371386897, 5.18933229614e-05],
        "min": [1.06768435239e-13, 3.12176852294e-13, 6.45607319775e-13, 1.19994997012e-12, 1.65567841555e-12, 1.50890422119e-12, 2.72473233212e-12, 8.10733424839e-12, 1.70996931892e-11, 1.67643190996e-11, 9.47449497329e-12, 6.21369275478e-12, 1.61761142675e-11, 3.66666280671e-11, 2.92397148161e-11, 4.39871437885e-11, 2.54565368785e-10, 1.7919736528e-10, 1.07498884794e-10, 1.24498591991e-10, 1.24128027301e-10, 4.25342469579e-11, 9.37388361377e-11, 1.09348322064e-10, 1.9443839594e-10, 2.23190119164e-10, 2.8990695955e-10, 4.44982106718e-10, 5.28969923419e-10, 4.00799726741e-10, 4.79794037833e-10, 5.13453002338e-10, 3.00607594372e-10, 1.73187297836e-10, 1.44832257298e-10, 9.60965682029e-11, 7.78800079981e-11, 2.62168255855e-11, 8.34017317014e-12, 9.58689941669e-13],
        "var": [0.0483628883958, 3.1976313591, 30.4953041077, 56.0131111145, 121.293556213, 263.8230896, 597.913635254, 1990.3951416, 1394.62280273, 3026.18164062, 3711.28466797, 11680.2666016, 2891.44335938, 2439.36401367, 9717.53027344, 7048.91259766, 10017.5029297, 6160.20849609, 4208.77539062, 2086.99560547, 1218.45617676, 655.276550293, 307.852294922, 197.925857544, 176.338775635, 129.312240601, 170.633605957, 46.9932327271, 56.6632728577, 81.3768005371, 86.1296005249, 19.0458660126, 10.2920303345, 3.27118706703, 0.41324287653, 0.0542923547328, 0.0114982761443, 0.000280638487311, 1.13231872092e-05, 6.16843252033e-08]
    },
    "gfcc": {
        "mean": [-25.7892665863, 101.77217865, -113.455909729, 22.9597892761, -56.6014442444, 6.98455047607, -38.9824485779, 1.35412526131, -23.2294406891, -0.913412094116, -12.5080413818, -1.9721313715, -10.6509199142],
        "cov": [[17433.9628906, -2271.14770508, 1472.10864258, 1364.14099121, 324.135803223, 1283.21020508, 311.634643555, 968.307373047, -306.336395264, 278.189361572, -421.301879883, -229.727493286, -901.747558594], [-2271.14770508, 1935.78942871, 46.4303283691, -329.800994873, 377.861114502, -183.361526489, 261.534820557, -169.141540527, 140.422012329, -139.720916748, 163.322463989, -129.940872192, 129.778823853], [1472.10864258, 46.4303283691, 870.53302002, 177.213012695, 166.261459351, 150.259963989, 112.013824463, 118.631210327, -20.1213245392, 18.4603691101, -2.44086384773, -39.3691864014, -116.253662109], [1364.14099121, -329.800994873, 177.213012695, 493.464233398, -54.5056037903, 115.830810547, -20.511631012, 95.6530456543, -15.5603885651, 13.1385326385, -50.0917739868, -4.22424602509, -73.4641952515], [324.135803223, 377.861114502, 166.261459351, -54.5056037903, 506.512695312, 127.014266968, 177.026260376, 54.4978942871, 13.8922719955, 21.4178409576, 41.6680412292, -48.5237579346, -32.6980781555], [1283.21020508, -183.361526489, 150.259963989, 115.830810547, 127.014266968, 373.888031006, 95.7820892334, 98.1565628052, -49.586894989, 23.5785121918, -29.2618694305, -36.5080223083, -94.1271591187], [311.634643555, 261.534820557, 112.013824463, -20.511631012, 177.026260376, 95.7820892334, 197.205047607, 52.2627105713, 7.61564731598, -7.58316230774, 40.5775375366, -32.7484893799, -13.5498199463], [968.307373047, -169.141540527, 118.631210327, 95.6530456543, 54.4978942871, 98.1565628052, 52.2627105713, 171.245361328, 2.88168358803, 33.919254303, -9.5810174942, -7.58721923828, -39.0611381531], [-306.336395264, 140.422012329, -20.1213245392, -15.5603885651, 13.8922719955, -49.586894989, 7.61564731598, 2.88168358803, 120.880943298, 16.7441577911, -9.90830516815, -13.5526924133, 26.4289150238], [278.189361572, -139.720916748, 18.4603691101, 13.1385326385, 21.4178409576, 23.5785121918, -7.58316230774, 33.919254303, 16.7441577911, 95.0000762939, 29.0587863922, 6.41776180267, -21.5708580017], [-421.301879883, 163.322463989, -2.44086384773, -50.0917739868, 41.6680412292, -29.2618694305, 40.5775375366, -9.5810174942, -9.90830516815, 29.0587863922, 150.750335693, 34.6114234924, 44.0207252502], [-229.727493286, -129.940872192, -39.3691864014, -4.22424602509, -48.5237579346, -36.5080223083, -32.7484893799, -7.58721923828, -13.5526924133, 6.41776180267, 34.6114234924, 96.3514480591, 41.5301437378], [-901.747558594, 129.778823853, -116.253662109, -73.4641952515, -32.6980781555, -94.1271591187, -13.5498199463, -39.0611381531, 26.4289150238, -21.5708580017, 44.0207252502, 41.5301437378, 130.25680542]],
        "icov": [[0.000152140550199, 4.95429339935e-05, -5.70029733353e-05, -0.00016091040743, 1.21416851471e-05, -9.11364113563e-05, -0.000160105657415, -0.000427304883488, 0.00021245253447, -0.000166892335983, 0.000203152667382, 3.32302624884e-05, 0.000504657626152], [4.95429339935e-05, 0.00178057525773, -0.000223177645239, 0.000273309939075, -0.00079958839342, 0.000554586062208, -0.00116648327094, 0.00118639960419, -0.00180724845268, 0.00274463696405, -0.00210073916242, 0.0023780411575, -0.000268668634817], [-5.70029733353e-05, -0.000223177645239, 0.00157402106561, -0.000371704489226, -0.000197201385163, 3.38300633302e-05, -0.000235300656641, -0.000475851120427, 0.000124019148643, 3.04489349219e-05, -0.000116107534268, -0.000374625495169, 0.000969234155491], [-0.00016091040743, 0.000273309939075, -0.000371704489226, 0.00295153912157, 0.0002876126091, -0.000397446361603, 0.000660071265884, -0.000470957049401, -0.00085632794071, 0.00111805135384, -0.000464634329546, 4.6988196118e-05, 0.000160013805726], [1.21416851471e-05, -0.00079958839342, -0.000197201385163, 0.0002876126091, 0.00350163574331, -0.000737116730306, -0.00177027389873, -0.000557292893063, 0.000608973554336, -0.00200690259226, 0.000770142709371, -0.000462486001197, 0.000293271703413], [-9.11364113563e-05, 0.000554586062208, 3.38300633302e-05, -0.000397446361603, -0.000737116730306, 0.0047493535094, -0.00212152744643, -0.000314974313369, 0.00119366357103, -0.000100402852695, 0.00032097438816, 0.000877712271176, 0.000907257490326], [-0.000160105657415, -0.00116648327094, -0.000235300656641, 0.000660071265884, -0.00177027389873, -0.00212152744643, 0.0111695062369, -0.00269487430342, -0.000748537655454, 0.00235470058396, -0.00266873068176, 0.000634903088212, -0.00016631129256], [-0.000427304883488, 0.00118639960419, -0.000475851120427, -0.000470957049401, -0.000557292893063, -0.000314974313369, -0.00269487430342, 0.0109299113974, -0.00228167418391, -0.000558312283829, -0.000812094367575, 0.000683287100401, -0.0017736350419], [0.00021245253447, -0.00180724845268, 0.000124019148643, -0.00085632794071, 0.000608973554336, 0.00119366357103, -0.000748537655454, -0.00228167418391, 0.01341212634, -0.00751418853179, 0.00550453690812, -3.55717202183e-05, -0.00266213645227], [-0.000166892335983, 0.00274463696405, 3.04489349219e-05, 0.00111805135384, -0.00200690259226, -0.000100402852695, 0.00235470058396, -0.000558312283829, -0.00751418853179, 0.0205506086349, -0.00925333518535, 0.00244275503792, 0.00354520929977], [0.000203152667382, -0.00210073916242, -0.000116107534268, -0.000464634329546, 0.000770142709371, 0.00032097438816, -0.00266873068176, -0.000812094367575, 0.00550453690812, -0.00925333518535, 0.0139834312722, -0.00538061978295, -0.00262158899568], [3.32302624884e-05, 0.0023780411575, -0.000374625495169, 4.6988196118e-05, -0.000462486001197, 0.000877712271176, 0.000634903088212, 0.000683287100401, -3.55717202183e-05, 0.00244275503792, -0.00538061978295, 0.0178555268794, -0.00512079289183], [0.000504657626152, -0.000268668634817, 0.000969234155491, 0.000160013805726, 0.000293271703413, 0.000907257490326, -0.00016631129256, -0.0017736350419, -0.00266213645227, 0.00354520929977, -0.00262158899568, -0.00512079289183, 0.0162197202444]]
    },
    "melbands": {
        "dmean": [0.000712762237526, 0.000913651369046, 0.000433626875747, 0.000400757329771, 0.000292712589726, 0.000277865561657, 0.000150486986968, 0.000148813734995, 0.000124899321236, 0.000133508685394, 5.91942953179e-05, 3.55785305146e-05, 5.53297541046e-05, 6.33041490801e-05, 4.94367304782e-05, 3.43027386407e-05, 2.76500068139e-05, 2.36514042626e-05, 1.52740030899e-05, 1.23965555758e-05, 1.12357884063e-05, 8.64297453518e-06, 6.72510486766e-06, 5.96886411586e-06, 4.29470446761e-06, 3.28335841004e-06, 2.60436218014e-06, 2.44551279138e-06, 2.55593613474e-06, 1.49434185914e-06, 1.25532346829e-06, 1.07727123577e-06, 1.09729865017e-06, 9.86662712421e-07, 1.1213912785e-06, 7.80832010605e-07, 5.72751673644e-07, 4.87346312639e-07, 3.86627050375e-07, 3.05595506234e-07],
        "dmean2": [0.00113612657879, 0.0015162936179, 0.000726707687136, 0.000665959436446, 0.000489531026687, 0.000457586254925, 0.000245841714786, 0.00022880686447, 0.000191064274986, 0.000198318375624, 8.95234916243e-05, 4.92940052936e-05, 7.12047767593e-05, 9.47446606006e-05, 6.788680912e-05, 4.77213434351e-05, 3.8913483877e-05, 3.45862063114e-05, 2.32271886489e-05, 1.87751411431e-05, 1.72064137587e-05, 1.35513855639e-05, 1.05132403405e-05, 9.56897747528e-06, 7.13759118298e-06, 5.21857464264e-06, 4.146023457e-06, 3.85642397305e-06, 4.01126362704e-06, 2.36599862546e-06, 1.97468625629e-06, 1.67305302057e-06, 1.63221341154e-06, 1.45133947171e-06, 1.66293523307e-06, 1.2054644003e-06, 8.789710364e-07, 7.33050626422e-07, 5.74701516598e-07, 4.52664039585e-07],
        "dvar": [3.59683645001e-06, 3.26914391735e-06, 6.02722082022e-07, 1.01214345705e-06, 2.91322862722e-07, 3.30007793536e-07, 1.48265812072e-07, 1.82955247396e-07, 1.61419450251e-07, 1.99358211717e-07, 2.65699657831e-08, 1.02106287869e-08, 1.900387403e-08, 3.08765244483e-08, 1.76648455863e-08, 1.19485470407e-08, 6.7382419644e-09, 5.61648594299e-09, 1.79652603904e-09, 1.0820029317e-09, 7.48726969313e-10, 3.14002240875e-10, 1.85624141058e-10, 1.27344093603e-10, 6.84048095945e-11, 3.81915714331e-11, 2.42438777387e-11, 3.57279865415e-11, 3.68846862775e-11, 7.81003386963e-12, 7.41291576734e-12, 8.28574882317e-12, 1.41689368571e-11, 1.86135568764e-11, 2.10239534115e-11, 6.31849650726e-12, 1.99998156057e-12, 1.74394992804e-12, 1.81884184363e-12, 8.69516318756e-13],
        "dvar2": [7.82909228292e-06, 8.62408705871e-06, 1.66159748005e-06, 2.72284501079e-06, 7.88799127349e-07, 8.55663415678e-07, 3.87422119275e-07, 4.24469334348e-07, 3.88993612432e-07, 4.2815710799e-07, 5.57562493952e-08, 1.86905761979e-08, 2.69389648366e-08, 6.51743761182e-08, 2.92862178952e-08, 2.19679527902e-08, 1.14837126475e-08, 9.03365027227e-09, 3.94553278937e-09, 2.39098518762e-09, 1.660959148e-09, 7.27488902452e-10, 4.3799699978e-10, 3.24339222146e-10, 1.83481965732e-10, 9.00269234161e-11, 5.94850002589e-11, 8.43650635463e-11, 8.50304548994e-11, 1.86075321817e-11, 1.77274011443e-11, 1.95685880694e-11, 3.25762056219e-11, 3.98142525893e-11, 4.52008916407e-11, 1.38943882441e-11, 4.60289705656e-12, 3.75185993384e-12, 3.7801359265e-12, 1.93016392799e-12],
        "max": [0.0186486057937, 0.0233771111816, 0.0174884162843, 0.0192390196025, 0.010416614823, 0.0156357362866, 0.0121272401884, 0.0113330604509, 0.0128002809361, 0.0145722432062, 0.00457638315856, 0.00365485437214, 0.00524922134355, 0.00501003162935, 0.00402011489496, 0.00492125377059, 0.0028445192147, 0.00275039044209, 0.00200751586817, 0.00174273527227, 0.000924160587601, 0.000546574243344, 0.000481363764266, 0.000429941806942, 0.000208565223147, 0.000145764512126, 0.00016145988775, 0.000157359623699, 0.000217053486267, 8.0021120084e-05, 9.94687579805e-05, 8.47009578138e-05, 0.000159631599672, 0.000186357676284, 0.000171121559106, 7.42434276617e-05, 5.44886752323e-05, 4.1159655666e-05, 6.91732566338e-05, 2.76201953966e-05],
        "mean": [0.000992769724689, 0.00247927149758, 0.00133734266274, 0.000701606622897, 0.000595243123826, 0.000570514297578, 0.000312416435918, 0.00028709921753, 0.000243965041591, 0.000262292858679, 0.000115815011668, 8.24596936582e-05, 0.000147158192704, 0.000108491163701, 0.00010321760783, 6.91942113917e-05, 5.27022712049e-05, 4.40796902694e-05, 2.64108475676e-05, 2.18849745579e-05, 2.22871749429e-05, 1.77370839083e-05, 1.36871803988e-05, 1.18397092592e-05, 8.49272328196e-06, 7.06948048901e-06, 5.91278512729e-06, 4.97374639963e-06, 5.50633421881e-06, 3.37659389515e-06, 2.36462437897e-06, 2.04331240639e-06, 2.1287751224e-06, 1.890354838e-06, 2.14562442125e-06, 1.48833225921e-06, 1.27585781229e-06, 1.08090978301e-06, 8.61887315295e-07, 6.63492357944e-07],
        "median": [0.000419155752752, 0.0020181555301, 0.00125783029944, 0.000473679334391, 0.000356493896106, 0.000268021132797, 0.00015628527035, 0.000109750115371, 8.43438028824e-05, 8.15896564745e-05, 3.94810740545e-05, 2.64473965217e-05, 3.76002099074e-05, 2.67031664407e-05, 3.21869119944e-05, 2.25684452744e-05, 1.63875029102e-05, 1.38899722515e-05, 9.86886971077e-06, 8.54128938954e-06, 9.1801812232e-06, 9.2448972282e-06, 6.88358613843e-06, 6.45699992674e-06, 4.70113354822e-06, 3.85141674997e-06, 3.06994479615e-06, 2.3131949547e-06, 1.98678162633e-06, 1.39913595376e-06, 9.75362581812e-07, 7.4249555837e-07, 7.56894223741e-07, 6.39389440948e-07, 5.18719275533e-07, 3.70442222675e-07, 2.83745265506e-07, 2.32484666185e-07, 1.94286457145e-07, 1.7198337332e-07],
        "min": [9.16681396013e-16, 3.6335331157e-16, 2.25087782546e-16, 1.1394404997e-16, 8.72695530927e-17, 1.84553179674e-16, 2.61553980294e-16, 1.73349805753e-16, 6.61154743353e-17, 3.75209589075e-17, 8.44414689005e-17, 1.50690628858e-16, 1.09968666268e-16, 5.16663495697e-17, 2.96381010469e-16, 6.28850547871e-16, 2.8215871848e-16, 1.56287200533e-16, 1.46904298939e-16, 2.35244342859e-16, 1.0679210081e-16, 3.02590708267e-17, 6.72434773756e-17, 1.11623404687e-16, 7.88688391405e-17, 1.19973084905e-16, 1.25871028256e-16, 1.60474004982e-16, 1.19450492046e-16, 3.69720352356e-16, 1.87648979217e-16, 2.86323050086e-16, 2.27788150052e-16, 2.66623763651e-16, 2.31022280663e-16, 3.57055065742e-16, 2.99731555171e-16, 2.32837154632e-16, 1.60570857906e-16, 1.31201988928e-16],
        "var": [4.33778222941e-06, 6.21027538728e-06, 1.4413963072e-06, 1.05445417375e-06, 6.05004913723e-07, 8.99115661923e-07, 3.05958650415e-07, 3.30733939791e-07, 3.11397087671e-07, 4.06042886425e-07, 7.30707441221e-08, 3.9742715785e-08, 1.63470701864e-07, 1.16791959215e-07, 7.79025768338e-08, 3.49826940749e-08, 2.20151825658e-08, 1.87700752718e-08, 3.76095288246e-09, 2.41063324857e-09, 2.23210916417e-09, 8.73571659454e-10, 4.46818665401e-10, 2.53922799454e-10, 1.31067726117e-10, 1.03801231499e-10, 7.39052846699e-11, 7.75787628582e-11, 1.03224220838e-10, 2.59045979112e-11, 1.45189971157e-11, 1.58186849036e-11, 2.69242995954e-11, 2.85950794293e-11, 3.72894666534e-11, 1.25368665102e-11, 6.33641359868e-12, 5.42416719179e-12, 4.25117580027e-12, 1.91237347139e-12]
    },
    "mfcc": {
        "mean": [-667.205871582, 130.198135376, 3.03294253349, 17.4499340057, 2.57082533836, 2.56678295135, -3.04545021057, -0.678432703018, -5.71924257278, -2.94960188866, -1.68375325203, 0.470810949802, -2.58695197105],
        "cov": [[14240.0517578, -654.950256348, 106.991096497, 679.843566895, 526.753356934, 527.138061523, 762.999450684, 566.930175781, 393.393096924, 591.37677002, 132.846618652, 431.787780762, 215.378890991], [-654.950256348, 1450.26477051, 51.8220024109, 40.9905586243, 76.5115432739, 20.6952362061, 125.416404724, 41.5779190063, -10.8036985397, 68.5509719849, 26.1129550934, -4.5689163208, 30.7957668304], [106.991096497, 51.8220024109, 672.696655273, 95.8260421753, 75.0122528076, 57.0022621155, 65.6982192993, 52.2330970764, 19.8519859314, 36.3654518127, 17.7237586975, 20.9275684357, -4.1481590271], [679.843566895, 40.9905586243, 95.8260421753, 313.279937744, 102.84286499, 13.920334816, 30.6491222382, 40.1051101685, 40.5593070984, 31.7469463348, 1.42202758789, 45.3401260376, 37.7797737122], [526.753356934, 76.5115432739, 75.0122528076, 102.84286499, 211.691238403, 93.2222518921, 118.066268921, 59.6075248718, 41.8398780823, 65.343711853, 26.3434143066, 48.7110061646, 33.7714042664], [527.138061523, 20.6952362061, 57.0022621155, 13.920334816, 93.2222518921, 227.030731201, 122.509925842, 77.5374145508, 36.4010848999, 55.8587684631, 32.8177947998, 16.7677288055, -2.6256070137], [762.999450684, 125.416404724, 65.6982192993, 30.6491222382, 118.066268921, 122.509925842, 320.26953125, 113.052703857, 14.4721841812, 101.122848511, 30.1699581146, 59.6453094482, 42.7215843201], [566.930175781, 41.5779190063, 52.2330970764, 40.1051101685, 59.6075248718, 77.5374145508, 113.052703857, 136.242385864, 55.7574729919, 46.2409820557, 7.92720174789, 18.8760223389, 18.8849239349], [393.393096924, -10.8036985397, 19.8519859314, 40.5593070984, 41.8398780823, 36.4010848999, 14.4721841812, 55.7574729919, 114.663063049, 56.0087127686, 7.20203113556, 5.60580968857, 0.719230234623], [591.37677002, 68.5509719849, 36.3654518127, 31.7469463348, 65.343711853, 55.8587684631, 101.122848511, 46.2409820557, 56.0087127686, 148.198669434, 49.2011756897, 24.949754715, 8.31750869751], [132.846618652, 26.1129550934, 17.7237586975, 1.42202758789, 26.3434143066, 32.8177947998, 30.1699581146, 7.92720174789, 7.20203113556, 49.2011756897, 78.9511032104, 34.351776123, 2.97689843178], [431.787780762, -4.5689163208, 20.9275684357, 45.3401260376, 48.7110061646, 16.7677288055, 59.6453094482, 18.8760223389, 5.60580968857, 24.949754715, 34.351776123, 101.015266418, 47.6786842346], [215.378890991, 30.7957668304, -4.1481590271, 37.7797737122, 33.7714042664, -2.6256070137, 42.7215843201, 18.8849239349, 0.719230234623, 8.31750869751, 2.97689843178, 47.6786842346, 85.8636550903]],
