{
"lowlevel": {
    "average_loudness": 0.0229677520692,
    "barkbands_crest": {
        "dmean": 3.06611561775,
        "dmean2": 4.88282299042,
        "dvar": 8.56432628632,
        "dvar2": 20.6048374176,
        "max": 26.6444015503,
        "mean": 13.9982252121,
        "median": 13.1761569977,
        "min": 3.39826178551,
        "var": 29.0879859924
    },
    "barkbands_flatness_db": {
        "dmean": 0.0292878020555,
        "dmean2": 0.0440686419606,
        "dvar": 0.00088541128207,
        "dvar2": 0.0020986367017,
        "max": 0.489346146584,
        "mean": 0.258219361305,
        "median": 0.252457797527,
        "min": 0.0668218135834,
        "var": 0.00567877758294
    },
    "barkbands_kurtosis": {
        "dmean": 10.0842084885,
        "dmean2": 15.7166423798,
        "dvar": 680.055480957,
        "dvar2": 1589.43933105,
        "max": 792.115478516,
        "mean": 14.8955841064,
        "median": 3.76622343063,
        "min": -1.98117041588,
        "var": 1272.59387207
    },
    "barkbands_skewness": {
        "dmean": 0.915644824505,
        "dmean2": 1.38349676132,
        "dvar": 1.29779982567,
        "dvar2": 2.95160126686,
        "max": 22.6864967346,
        "mean": 2.04127049446,
        "median": 1.40853214264,
        "min": -23.3757171631,
        "var": 6.03999137878
    },
    "barkbands_spread": {
        "dmean": 2.10216760635,
        "dmean2": 3.29235601425,
        "dvar": 5.18615198135,
        "dvar2": 11.9126272202,
        "max": 109.779571533,
        "mean": 7.99291181564,
        "median": 6.53585529327,
        "min": 0.213882356882,
        "var": 76.4382858276
    },
    "dissonance": {
        "dmean": 0.0313853099942,
        "dmean2": 0.0527417883277,
        "dvar": 0.000905160442926,
        "dvar2": 0.00255377776921,
        "max": 0.499996095896,
        "mean": 0.404731810093,
        "median": 0.416928887367,
        "min": 0.173036724329,
        "var": 0.00308975623921
    },
    "dynamic_complexity": 9.40956401825,
    "erbbands_crest": {
        "dmean": 2.49831056595,
        "dmean2": 3.88709282875,
        "dvar": 5.31878757477,
        "dvar2": 12.7651548386,
        "max": 32.6371231079,
        "mean": 12.3822612762,
        "median": 11.1788311005,
        "min": 2.72587656975,
        "var": 28.1648616791
    },
    "erbbands_flatness_db": {
        "dmean": 0.0154125988483,
        "dmean2": 0.0232185404748,
        "dvar": 0.000235385523411,
        "dvar2": 0.000529922021087,
        "max": 0.511377334595,
        "mean": 0.247446328402,
        "median": 0.219820186496,
        "min": 0.0663412511349,
        "var": 0.007545996923
    },
    "erbbands_kurtosis": {
        "dmean": 1.4541413784,
        "dmean2": 2.20226693153,
        "dvar": 7.5829205513,
        "dvar2": 17.2112197876,
        "max": 100.899055481,
        "mean": 2.37903094292,
        "median": 0.906393051147,
        "min": -1.79315388203,
        "var": 30.9202785492
    },
    "erbbands_skewness": {
        "dmean": 0.366318047047,
        "dmean2": 0.555710434914,
        "dvar": 0.130158618093,
        "dvar2": 0.306531369686,
        "max": 7.72272109985,
        "mean": 0.617211222649,
        "median": 0.569149971008,
        "min": -3.32445502281,
        "var": 0.857039630413
    },
    "erbbands_spread": {
        "dmean": 3.83714532852,
        "dmean2": 5.87562608719,
        "dvar": 21.48686409,
        "dvar2": 51.0108070374,
        "max": 154.987960815,
        "mean": 18.5865764618,
        "median": 16.1883106232,
        "min": 0.754630446434,
        "var": 146.806854248
    },
    "hfc": {
        "dmean": 3.843095541,
        "dmean2": 5.76224565506,
        "dvar": 70.7922363281,
        "dvar2": 166.327484131,
        "max": 170.74017334,
        "mean": 10.2792224884,
        "median": 3.73953652382,
        "min": 1.20763803396e-16,
        "var": 221.63269043
    },
    "melbands_crest": {
        "dmean": 3.27293515205,
        "dmean2": 5.21524095535,
        "dvar": 7.67465591431,
        "dvar2": 19.5128231049,
        "max": 34.6198348999,
        "mean": 16.7161693573,
        "median": 16.7381725311,
        "min": 2.31911158562,
        "var": 30.8242969513
    },
    "melbands_flatness_db": {
        "dmean": 0.0331763364375,
        "dmean2": 0.0497951991856,
        "dvar": 0.00111824029591,
        "dvar2": 0.00262842187658,
        "max": 0.625303387642,
        "mean": 0.369777530432,
        "median": 0.367903828621,
        "min": 0.00501546496525,
        "var": 0.00806303136051
    },
    "melbands_kurtosis": {
        "dmean": 10.5047626495,
        "dmean2": 16.2913608551,
        "dvar": 367.257293701,
        "dvar2": 871.320495605,
        "max": 355.730865479,
        "mean": 17.9309711456,
        "median": 4.80246067047,
        "min": -1.76985180378,
        "var": 1018.73327637
    },
    "melbands_skewness": {
        "dmean": 0.848542451859,
        "dmean2": 1.29855597019,
        "dvar": 0.847849428654,
        "dvar2": 1.94637584686,
        "max": 13.8637266159,
        "mean": 2.34293150902,
        "median": 1.67710101604,
        "min": -3.38051748276,
        "var": 5.03742027283
    },
    "melbands_spread": {
        "dmean": 2.66324210167,
        "dmean2": 4.1885638237,
        "dvar": 8.98174381256,
        "dvar2": 21.9273090363,
        "max": 156.590881348,
        "mean": 8.90094089508,
        "median": 7.97873449326,
        "min": 0.309338361025,
        "var": 44.8139305115
    },
    "pitch_salience": {
        "dmean": 0.0790189802647,
        "dmean2": 0.125107899308,
        "dvar": 0.00599664961919,
        "dvar2": 0.0145250121132,
        "max": 0.896386444569,
        "mean": 0.430249243975,
        "median": 0.455485671759,
        "min": 0.0349961034954,
        "var": 0.0227144397795
    },
    "silence_rate_20dB": {
        "dmean": 0.0429119840264,
        "dmean2": 0.085829846561,
        "dvar": 0.0410675406456,
        "dvar2": 0.0944954529405,
        "max": 1,
        "mean": 0.944958508015,
        "median": 1,
        "min": 0,
        "var": 0.0520168468356
    },
    "silence_rate_30dB": {
        "dmean": 0.0551137924194,
        "dmean2": 0.110235139728,
        "dvar": 0.0520820058882,
        "dvar2": 0.121402919292,
        "max": 1,
        "mean": 0.81684833765,
        "median": 1,
        "min": 0,
        "var": 0.149594798684
    },
    "silence_rate_60dB": {
        "dmean": 0.023169727996,
        "dmean2": 0.0463426336646,
        "dvar": 0.0226321555674,
        "dvar2": 0.0535108968616,
        "max": 1,
        "mean": 0.366440474987,
        "median": 0,
        "min": 0,
        "var": 0.232152551413
    },
    "spectral_centroid": {
        "dmean": 84.7140350342,
        "dmean2": 128.142990112,
        "dvar": 11949.0859375,
        "dvar2": 23008.71875,
        "max": 11110.0986328,
        "mean": 598.362670898,
        "median": 570.912597656,
        "min": 118.833511353,
        "var": 62049.5039062
    },
    "spectral_complexity": {
        "dmean": 1.24828624725,
        "dmean2": 2.10982370377,
        "dvar": 1.8637291193,
        "dvar2": 4.69771194458,
        "max": 37,
        "mean": 9.19103431702,
        "median": 9,
        "min": 0,
        "var": 34.8088264465
    },
    "spectral_decrease": {
        "dmean": 1.07784066117e-08,
        "dmean2": 1.6547062387e-08,
        "dvar": 7.88627590321e-16,
        "dvar2": 1.91544811967e-15,
        "max": 1.7844986895e-14,
        "mean": -1.74864869251e-08,
        "median": -2.62342547686e-09,
        "min": -5.67845575006e-07,
        "var": 1.47523482671e-15
    },
    "spectral_energy": {
        "dmean": 0.041009362787,
        "dmean2": 0.0629444420338,
        "dvar": 0.0113860312849,
        "dvar2": 0.027647709474,
        "max": 2.15866136551,
        "mean": 0.0669303908944,
        "median": 0.0103013534099,
        "min": 1.08889223809e-20,
        "var": 0.0213735159487
    },
    "spectral_energyband_high": {
        "dmean": 1.02224948932e-05,
        "dmean2": 1.68209408002e-05,
        "dvar": 1.1967151714e-09,
        "dvar2": 3.14912362853e-09,
        "max": 0.000833730096929,
        "mean": 2.55626982835e-05,
        "median": 7.02054740032e-06,
        "min": 7.62761256632e-21,
        "var": 2.59349985932e-09
    },
    "spectral_energyband_low": {
        "dmean": 0.0402369126678,
        "dmean2": 0.0619501881301,
        "dvar": 0.0114838005975,
        "dvar2": 0.0279993824661,
        "max": 2.12130498886,
        "mean": 0.0563779100776,
        "median": 0.00320485676639,
        "min": 9.90640859377e-23,
        "var": 0.0198513492942
    },
    "spectral_energyband_middle_high": {
        "dmean": 0.000380392331863,
        "dmean2": 0.000558055879083,
        "dvar": 4.87833119678e-07,
        "dvar2": 1.01699492916e-06,
        "max": 0.0204325970262,
        "mean": 0.00158501975238,
        "median": 0.000769335834775,
        "min": 1.89748043157e-21,
        "var": 4.1877874537e-06
    },
    "spectral_energyband_middle_low": {
        "dmean": 0.00276285782456,
        "dmean2": 0.00432892050594,
        "dvar": 4.7893016017e-05,
        "dvar2": 0.00012570398394,
        "max": 0.200309753418,
        "mean": 0.00937946140766,
        "median": 0.0032899742946,
        "min": 3.33235318884e-22,
        "var": 0.000186407589354
    },
    "spectral_entropy": {
        "dmean": 0.152022495866,
        "dmean2": 0.229501947761,
        "dvar": 0.022519223392,
        "dvar2": 0.0551451258361,
        "max": 9.80169296265,
        "mean": 6.34989976883,
        "median": 6.49010658264,
        "min": 4.54550123215,
        "var": 0.271778464317
    },
    "spectral_flux": {
        "dmean": 0.0409287475049,
        "dmean2": 0.0704246535897,
        "dvar": 0.005944035016,
        "dvar2": 0.0167811140418,
        "max": 0.995914101601,
        "mean": 0.0843983963132,
        "median": 0.0420081019402,
        "min": 1.04350000862e-10,
        "var": 0.0125202797353
    },
    "spectral_kurtosis": {
        "dmean": 8.28583431244,
        "dmean2": 13.8176498413,
        "dvar": 156.493347168,
        "dvar2": 392.47857666,
        "max": 318.550292969,
        "mean": 44.8731536865,
        "median": 17.4867916107,
        "min": -1.23858511448,
        "var": 3503.57299805
    },
    "spectral_rms": {
        "dmean": 0.00157871621195,
        "dmean2": 0.00235130777583,
        "dvar": 7.75378248363e-06,
        "dvar2": 1.79260532605e-05,
        "max": 0.0458912961185,
        "mean": 0.00540377618745,
        "median": 0.0031701894477,
        "min": 3.25934635184e-12,
        "var": 3.60971389455e-05
    },
    "spectral_rolloff": {
        "dmean": 135.796096802,
        "dmean2": 236.755126953,
        "dvar": 237894.21875,
        "dvar2": 607474,
        "max": 19875.1464844,
        "mean": 824.893127441,
        "median": 538.330078125,
        "min": 64.599609375,
        "var": 4202528.5
    },
    "spectral_skewness": {
        "dmean": 0.510334253311,
        "dmean2": 0.860085785389,
        "dvar": 0.341298788786,
        "dvar2": 0.913748383522,
        "max": 14.5022373199,
        "mean": 4.29741716385,
        "median": 3.0804066658,
        "min": -0.0282288659364,
        "var": 7.5150718689
    },
    "spectral_spread": {
        "dmean": 250302.40625,
        "dmean2": 411786.375,
        "dvar": 98662244352,
        "dvar2": 202090807296,
        "max": 41623812,
        "mean": 2398060.25,
        "median": 2322385,
        "min": 330097.9375,
        "var": 3.05805420134e+12
    },
    "spectral_strongpeak": {
        "dmean": 0.335026025772,
        "dmean2": 0.547934651375,
        "dvar": 0.253616482019,
        "dvar2": 0.632422626019,
        "max": 7.38464689255,
        "mean": 0.703724086285,
        "median": 0.437679648399,
        "min": 1.00807815429e-08,
        "var": 0.582091629505
    },
    "zerocrossingrate": {
        "dmean": 0.00426466204226,
        "dmean2": 0.00548236025497,
        "dvar": 5.50993645447e-05,
        "dvar2": 6.84917831677e-05,
        "max": 0.82568359375,
        "mean": 0.0314410403371,
        "median": 0.0244140625,
        "min": 0.001953125,
        "var": 0.00305340671912
    },
    "barkbands": {
        "dmean": [0.000602299580351, 0.0364287011325, 0.00525896111503, 0.00069078640081, 0.000772909377702, 0.000863643363118, 0.000718615367077, 0.000653831462841, 0.000569818716031, 0.000136056652991, 0.000195849934244, 0.000118712778203, 9.09116788534e-05, 5.50769764232e-05, 2.47814314207e-05, 2.65727958322e-05, 1.73310490936e-05, 1.30910948428e-05, 1.86783163372e-05, 8.41811470309e-06, 2.06387835533e-06, 1.99559599423e-06, 9.3801361345e-07, 6.73190697853e-07, 5.30961870027e-07, 6.46586897801e-07, 5.02395437252e-07],
        "dmean2": [0.000593918724917, 0.0563336163759, 0.00860900618136, 0.00118198303971, 0.00123803666793, 0.0014637344284, 0.00113161059562, 0.000886266934685, 0.000810763915069, 0.000188380276086, 0.000274720048765, 0.000181188181159, 0.000132785862661, 9.05512133613e-05, 3.86075007555e-05, 4.42364398623e-05, 2.83955923805e-05, 2.16862736124e-05, 3.12993361149e-05, 1.40075253512e-05, 3.29155091094e-06, 3.52822735294e-06, 1.5775351585e-06, 9.94141828414e-07, 8.46584953251e-07, 1.04619789454e-06, 7.67579479088e-07],
        "dvar": [3.90871628042e-06, 0.0102139702067, 0.000162388198078, 3.96752375309e-06, 4.99783209307e-06, 9.59143562795e-06, 4.80735570818e-06, 4.29422425441e-06, 3.63287722394e-06, 1.0217118529e-07, 1.45048858258e-07, 1.02244477773e-07, 4.29619255726e-08, 3.61382781477e-08, 4.12199163691e-09, 3.77325415357e-09, 1.46832246362e-09, 9.662767253e-10, 2.09896167114e-09, 5.97045746176e-10, 2.94417858149e-11, 7.8209445864e-11, 1.09445091878e-11, 6.81510880715e-12, 2.41634121566e-12, 5.33380457857e-12, 2.46421654783e-12],
        "dvar2": [3.39017947226e-06, 0.0253260377795, 0.000411898974562, 1.13404021249e-05, 1.35247837534e-05, 2.70697364613e-05, 1.06111410787e-05, 9.70765995589e-06, 7.87610679254e-06, 2.17698456595e-07, 2.79504121181e-07, 2.33922705206e-07, 8.14147185224e-08, 9.37187962791e-08, 9.31862853548e-09, 1.01606731917e-08, 3.76241615641e-09, 2.470929239e-09, 5.48526690736e-09, 1.557953766e-09, 7.10211681132e-11, 2.24739560295e-10, 2.99860275499e-11, 1.38388007651e-11, 6.20417606179e-12, 1.37515849402e-11, 5.56273386729e-12],
        "max": [0.044666107744, 2.03450417519, 0.215574175119, 0.049700524658, 0.0844564139843, 0.108929738402, 0.119806714356, 0.0764331370592, 0.0937397107482, 0.011615713127, 0.0111808897927, 0.0107260039076, 0.00714189605787, 0.00494243344292, 0.00221596425399, 0.00109061750118, 0.00093774573179, 0.000812126556411, 0.00113000848796, 0.000590229697991, 0.000130478234496, 0.000175981564098, 6.55552503304e-05, 0.000107261541416, 4.64181830466e-05, 0.000116588875244, 9.47166627157e-05],
        "mean": [0.0012499204604, 0.0483504906297, 0.00643686344847, 0.000936329481192, 0.00186306273099, 0.00152136222459, 0.00185163505375, 0.00156499072909, 0.00143229379319, 0.000421423843363, 0.000488286779728, 0.000271991943009, 0.000224424162298, 8.37201660033e-05, 5.34310311195e-05, 4.37707058154e-05, 3.48210742231e-05, 2.71321241598e-05, 4.22580233135e-05, 1.61980769917e-05, 4.3215968617e-06, 3.33125990437e-06, 1.871041718e-06, 1.58121861205e-06, 1.32100774408e-06, 1.64607786246e-06, 2.06456229535e-06],
        "median": [1.58964721777e-05, 0.00178531964775, 0.000576519872993, 0.000125676422613, 0.000402954989113, 0.00035042813397, 0.000299829174764, 0.000334524171194, 0.000238562875893, 0.000105999737571, 0.00017138957628, 6.57931668684e-05, 6.14866949036e-05, 1.64491102623e-05, 1.11832214316e-05, 1.09281745608e-05, 1.02031881397e-05, 6.7654209488e-06, 1.05076860564e-05, 5.38742142453e-06, 1.23238282868e-06, 7.89753812569e-07, 4.57810102716e-07, 3.74374053536e-07, 3.06010633722e-07, 2.3376914271e-07, 2.9160364079e-07],
        "min": [8.57674030844e-24, 3.13301472763e-23, 2.7056449146e-23, 5.26844478975e-23, 4.58006267575e-23, 4.01883168681e-23, 7.64838323609e-23, 3.90412468476e-23, 7.0869925817e-23, 3.68906163824e-23, 6.79452776534e-23, 7.87784898946e-23, 1.60157519717e-22, 1.69667887951e-22, 1.83810624125e-22, 1.03384330017e-22, 1.83247793957e-22, 1.76490272603e-22, 2.96022768366e-22, 5.62515027305e-22, 4.48154934725e-22, 3.85648196681e-22, 3.61425976462e-22, 8.14759877693e-22, 1.31425095188e-21, 1.90538994228e-21, 2.51519673909e-21],
        "var": [1.88511367014e-05, 0.0161208640784, 0.000233924845816, 4.86031649416e-06, 1.33319472297e-05, 1.16631345008e-05, 3.13542404911e-05, 1.5759776943e-05, 1.79837315955e-05, 5.96238010075e-07, 7.01658450453e-07, 3.58816038215e-07, 2.34138781252e-07, 5.69898865876e-08, 1.34811770636e-08, 7.07474701045e-09, 3.81904508018e-09, 2.62425614572e-09, 6.39795194601e-09, 1.03621078384e-09, 6.70136446335e-11, 6.98566413049e-11, 1.78795693528e-11, 2.01152532131e-11, 7.0243381424e-12, 2.14569247786e-11, 2.58257807501e-11]
    },
    "erbbands": {
        "dmean": [0.645703554153, 9.50199985504, 11.2095708847, 2.15452671051, 3.1471452713, 2.16608667374, 2.18003606796, 9.5120344162, 13.2371454239, 12.6752176285, 8.60919761658, 13.1547021866, 5.87070131302, 4.11119890213, 7.8047003746, 4.85445547104, 4.48944568634, 1.94595122337, 2.54002141953, 1.0862634182, 0.959148943424, 0.999389350414, 0.811794161797, 0.565696299076, 1.02215671539, 0.383133620024, 0.162211850286, 0.0773887485266, 0.0797766894102, 0.0399552881718, 0.0256164018065, 0.0164633765817, 0.0109308725223, 0.00664793420583, 0.00365892332047, 0.00266464077868, 0.00148482609075, 0.000363484577974, 0.00010728595953, 4.77847388538e-05],
        "dmean2": [1.07935345173, 14.4993906021, 17.5958824158, 3.59520435333, 5.23979520798, 3.40264725685, 3.57884669304, 15.9695482254, 21.33984375, 17.4749450684, 12.1357440948, 18.7683563232, 8.39130020142, 5.90135478973, 10.9994955063, 7.23727321625, 6.65000629425, 3.10499477386, 4.10779237747, 1.76755535603, 1.57553517818, 1.6391838789, 1.34864616394, 0.947796165943, 1.73646759987, 0.635348796844, 0.262643963099, 0.128891959786, 0.141467869282, 0.0657410994172, 0.0433398112655, 0.0257972218096, 0.0158260911703, 0.0103560835123, 0.00584893673658, 0.0042036678642, 0.00245511624962, 0.000567083712667, 0.00016381230671, 7.30554311303e-05],
        "dvar": [4.38516616821, 658.309509277, 733.37689209, 34.8412666321, 94.8151550293, 35.7413291931, 58.1836433411, 1055.41015625, 1974.98339844, 1603.75939941, 959.945556641, 1557.81408691, 227.479125977, 102.014945984, 237.028869629, 170.520797729, 95.9500732422, 16.6513309479, 64.5077133179, 5.81124973297, 4.73908996582, 5.3292517662, 3.84494709969, 1.78364670277, 7.28322982788, 1.25878953934, 0.240143060684, 0.0551456399262, 0.122649893165, 0.0157967954874, 0.00861996971071, 0.00412073498592, 0.00216861465015, 0.000325707456795, 0.000126123632072, 9.39627789194e-05, 3.3024847653e-05, 1.56987982791e-06, 1.32016992893e-07, 1.32818014364e-08],
        "dvar2": [12.0839300156, 1584.1192627, 1729.8704834, 94.4142456055, 271.60269165, 94.519317627, 164.553985596, 2990.39306641, 4654.03662109, 3802.24902344, 2311.36767578, 3525.29199219, 549.049560547, 190.189804077, 482.396942139, 377.363983154, 186.480010986, 40.8352050781, 162.776123047, 15.447561264, 12.3987827301, 13.4996509552, 9.82611942291, 4.52924108505, 19.3714694977, 3.2746219635, 0.602173864841, 0.14704695344, 0.351735562086, 0.0417880825698, 0.0237797629088, 0.0101723447442, 0.00358974025585, 0.000779565540142, 0.000326927489368, 0.000228358694585, 8.83243337739e-05, 3.76955381398e-06, 3.1247728316e-07, 3.20603064097e-08],
        "max": [36.6382102966, 538.788452148, 444.206054688, 109.242721558, 318.402832031, 184.607070923, 376.367462158, 1163.69677734, 2137.92333984, 1509.62133789, 1206.046875, 1613.36730957, 441.118682861, 321.83404541, 375.594482422, 470.474243164, 309.281280518, 89.4424362183, 201.631668091, 80.1062316895, 62.6919670105, 59.4631271362, 49.2302932739, 35.5814323425, 53.188293457, 32.4634361267, 12.5001792908, 4.93227148056, 6.90534305573, 2.41187763214, 1.77535176277, 3.18550491333, 1.86077308655, 0.35738837719, 0.312088012695, 0.422559469938, 0.244887411594, 0.0504652447999, 0.021216750145, 0.00233717169613],
        "mean": [0.894719362259, 12.0321559906, 14.282122612, 3.54589819908, 5.44229078293, 5.5645198822, 5.48054742813, 18.2607650757, 32.5827026367, 31.5896530151, 22.6552810669, 33.0461387634, 17.7449417114, 12.9776859283, 17.2940635681, 12.6931705475, 11.5641050339, 4.17161226273, 4.50879716873, 2.47039914131, 1.88933587074, 2.09051918983, 1.78952944279, 1.38148832321, 2.16909193993, 0.808957278728, 0.321420460939, 0.149628594518, 0.126270085573, 0.0796465799212, 0.0506531819701, 0.0351425148547, 0.0267368983477, 0.0156453177333, 0.00869999919087, 0.0063792434521, 0.00339297880419, 0.00104654429015, 0.000360368256224, 0.000101048943179],
        "median": [0.0263519119471, 0.465247541666, 1.0898771286, 0.626366734505, 0.792636692524, 1.31062138081, 1.62095332146, 4.2553319931, 5.46192359924, 7.28426265717, 4.72753286362, 6.91932106018, 5.42877817154, 4.53384494781, 6.19804477692, 3.31839942932, 3.54606223106, 1.68996548653, 1.06180334091, 0.781015813351, 0.573919594288, 0.658787190914, 0.479553192854, 0.474480956793, 0.520442247391, 0.26140704751, 0.0975453779101, 0.0398662462831, 0.0297873783857, 0.0196434240788, 0.0132305463776, 0.00870055239648, 0.00593247590587, 0.00389462709427, 0.00186443619896, 0.000852597120684, 0.000457409914816, 0.000126882136101, 5.48237912881e-05, 2.84996094706e-05],
        "min": [5.9810282728e-22, 7.84334837865e-21, 2.12475686748e-20, 1.4020637712e-19, 9.90861884319e-20, 1.16122406125e-19, 3.22991798723e-19, 3.65046229752e-19, 1.01397495207e-18, 1.04290631778e-18, 1.26581215751e-18, 1.54717092203e-18, 7.22250735598e-19, 1.69327211131e-18, 3.77532717554e-18, 3.26622914817e-18, 6.15738813683e-18, 9.49961429698e-18, 9.2039824276e-18, 8.11641776592e-18, 6.42395122513e-18, 9.1808403956e-18, 9.51207990881e-18, 1.15258353936e-17, 2.31742639171e-17, 2.43529863639e-17, 1.76196170637e-17, 1.66712958504e-17, 1.43358837398e-17, 1.00783156438e-17, 1.28738362168e-17, 1.49654872999e-17, 1.45663048256e-17, 1.25862635681e-17, 9.82774774699e-18, 6.82617731056e-18, 3.43553358081e-18, 1.35410272776e-18, 3.44641751992e-19, 3.91744240117e-20],
        "var": [6.42440032959, 1028.43444824, 1205.66064453, 54.0726089478, 159.475402832, 107.990242004, 102.012611389, 1521.38024902, 10211.2011719, 6028.49121094, 3338.65844727, 7145.43554688, 1019.27416992, 589.376281738, 882.78918457, 690.385681152, 511.276550293, 45.6501502991, 122.096984863, 15.7482872009, 10.646402359, 13.9962844849, 11.3351173401, 6.19476747513, 18.0706863403, 2.49425935745, 0.413853377104, 0.0861357152462, 0.104884035885, 0.0286707803607, 0.0116098867729, 0.00803360249847, 0.00792223215103, 0.000976988463663, 0.000353129842551, 0.000349896261469, 9.7964068118e-05, 8.17284762888e-06, 8.41236783344e-07, 3.2227390534e-08]
    },
    "gfcc": {
        "mean": [-155.348602295, 162.309646606, -94.5500946045, -19.7966632843, -32.4301605225, -5.99867391586, -12.1729669571, 3.24920392036, -11.5775794983, -0.298993349075, 0.502846479416, -4.26738262177, -9.26917934418],
        "cov": [[28192.2734375, -804.577941895, -461.319976807, 6043.65966797, -238.743743896, 1450.97180176, 260.088348389, 1937.68493652, -545.499084473, 523.262451172, -315.015228271, 162.902130127, -346.085723877], [-804.577941895, 1723.05810547, -159.466033936, -647.47454834, 229.742233276, -17.837638855, 46.7961921692, -199.492156982, 112.877716064, -117.596313477, 147.044937134, -31.7496509552, 91.6782836914], [-461.319976807, -159.466033936, 686.71496582, 404.279693604, 140.264801025, -11.6229763031, 76.989402771, 82.8154754639, 116.373771667, 55.7916564941, 33.2025413513, 24.3510780334, 29.6163063049], [6043.65966797, -647.47454834, 404.279693604, 2339.75878906, 35.914024353, 331.646057129, 164.776824951, 607.565124512, -40.9227523804, 140.424850464, 3.39971446991, 21.6016559601, -60.0241088867], [-238.743743896, 229.742233276, 140.264801025, 35.914024353, 227.48538208, 55.3590583801, 72.1454620361, -15.0567426682, 51.6438827515, -0.412994861603, 36.8694610596, 11.9761095047, 22.2949771881], [1450.97180176, -17.837638855, -11.6229763031, 331.646057129, 55.3590583801, 208.637268066, 92.6728134155, 120.095420837, -9.38245201111, 33.6107368469, 7.42148017883, -5.22300434113, -29.6596946716], [260.088348389, 46.7961921692, 76.989402771, 164.776824951, 72.1454620361, 92.6728134155, 183.232147217, 105.314666748, 56.2941932678, 17.4521636963, 15.4664554596, -32.7756881714, -28.4529037476], [1937.68493652, -199.492156982, 82.8154754639, 607.565124512, -15.0567426682, 120.095420837, 105.314666748, 288.575286865, 35.6221961975, 60.0237960815, -28.2104129791, -21.029132843, -50.0567245483], [-545.499084473, 112.877716064, 116.373771667, -40.9227523804, 51.6438827515, -9.38245201111, 56.2941932678, 35.6221961975, 151.604995728, 37.8121643066, 24.7248058319, -43.8098297119, -9.15174674988], [523.262451172, -117.596313477, 55.7916564941, 140.424850464, -0.412994861603, 33.6107368469, 17.4521636963, 60.0237960815, 37.8121643066, 100.770820618, 8.89654922485, -10.4413347244, -34.0432853699], [-315.015228271, 147.044937134, 33.2025413513, 3.39971446991, 36.8694610596, 7.42148017883, 15.4664554596, -28.2104129791, 24.7248058319, 8.89654922485, 117.47794342, 28.363161087, 23.7433490753], [162.902130127, -31.7496509552, 24.3510780334, 21.6016559601, 11.9761095047, -5.22300434113, -32.7756881714, -21.029132843, -43.8098297119, -10.4413347244, 28.363161087, 103.23197937, 51.0867538452], [-346.085723877, 91.6782836914, 29.6163063049, -60.0241088867, 22.2949771881, -29.6596946716, -28.4529037476, -50.0567245483, -9.15174674988, -34.0432853699, 23.7433490753, 51.0867538452, 95.7065734863]],
        "icov": [[0.000337301811669, -0.000515201420058, 0.000376953277737, -0.000665913394187, 0.00039350183215, -0.000960293225944, 0.000551018980332, -0.00081972416956, 0.000751662417315, -0.00128539162688, 0.00124790053815, -0.0010820805328, 0.00040743581485], [-0.000515201420058, 0.00186261162162, -0.000147087630467, 0.00121091934852, -0.00166424398776, 0.00134691025596, -0.000652966846246, 0.00106740917545, -0.00175113684963, 0.00300445314497, -0.00312328664586, 0.0025220667012, -0.00134317146149], [0.000376953277737, -0.000147087630467, 0.00316876522265, -0.00146668241359, -0.00104729854502, 0.000390862900531, -0.000215911320993, -7.91999191279e-05, -0.00131779827643, -0.00181814772077, 0.00161891349126, -0.00212418125011, -0.000177446010639], [-0.000665913394187, 0.00121091934852, -0.00146668241359, 0.00285303848796, -0.00134603062179, 0.00113932113163, -5.11211474077e-05, -0.00173914711922, 0.000409652391681, 0.00238155666739, -0.00377079495229, 0.0031909942627, -0.00146447017323], [0.00039350183215, -0.00166424398776, -0.00104729854502, -0.00134603062179, 0.00900760293007, -0.00380719290115, -0.00192665925715, 0.00268745725043, -0.00128872215282, -0.00141771277413, 0.00292779575102, -0.00374571187422, 0.000697213690728], [-0.000960293225944, 0.00134691025596, 0.000390862900531, 0.00113932113163, -0.00380719290115, 0.0125455185771, -0.00484582036734, 0.00060989765916, 0.000421240372816, 0.001332898275, -0.00400403654203, 0.00296809966676, -0.000592603755649], [0.000551018980332, -0.000652966846246, -0.000215911320993, -5.11211474077e-05, -0.00192665925715, -0.00484582036734, 0.0121769979596, -0.00632768496871, 0.000329229398631, 0.000434311921708, -0.000548805110157, 0.00105504528619, 0.00166943378281], [-0.00081972416956, 0.00106740917545, -7.91999191279e-05, -0.00173914711922, 0.00268745725043, 0.00060989765916, -0.00632768496871, 0.0164275951684, -0.00763798039407, 0.00214473297819, 0.0018782193074, -0.00118135253433, 0.00141802325379], [0.000751662417315, -0.00175113684963, -0.00131779827643, 0.000409652391681, -0.00128872215282, 0.000421240372816, 0.000329229398631, -0.00763798039407, 0.0173143409193, -0.00806396268308, -0.000746814126614, 0.00499690137804, -0.00210070819594], [-0.00128539162688, 0.00300445314497, -0.00181814772077, 0.00238155666739, -0.00141771277413, 0.001332898275, 0.000434311921708, 0.00214473297819, -0.00806396268308, 0.0211699157953, -0.00721664819866, 0.0025556308683, 0.0037096561864], [0.00124790053815, -0.00312328664586, 0.00161891349126, -0.00377079495229, 0.00292779575102, -0.00400403654203, -0.000548805110157, 0.0018782193074, -0.000746814126614, -0.00721664819866, 0.0179861802608, -0.00962230470031, 0.00157052068971], [-0.0010820805328, 0.0025220667012, -0.00212418125011, 0.0031909942627, -0.00374571187422, 0.00296809966676, 0.00105504528619, -0.00118135253433, 0.00499690137804, 0.0025556308683, -0.00962230470031, 0.0229906477034, -0.0106800999492], [0.00040743581485, -0.00134317146149, -0.000177446010639, -0.00146447017323, 0.000697213690728, -0.000592603755649, 0.00166943378281, 0.00141802325379, -0.00210070819594, 0.0037096561864, 0.00157052068971, -0.0106800999492, 0.0196668431163]]
    },
    "melbands": {
        "dmean": [0.00810380466282, 0.00888777524233, 0.000418031588197, 0.000183448239113, 8.09083794593e-05, 0.000210242520552, 0.000177408248419, 0.000150381514686, 7.24309502402e-05, 8.49698335514e-05, 2.84776597255e-05, 1.65417150129e-05, 2.31209614867e-05, 1.30599310069e-05, 1.64888679137e-05, 8.85146073415e-06, 3.8011696688e-06, 5.0759063015e-06, 1.81583902759e-06, 2.40340477831e-06, 8.77490890616e-07, 1.242208441e-06, 8.01337137091e-07, 5.72539363475e-07, 4.62277910174e-07, 9.89961449704e-07, 3.38678461276e-07, 3.0535917972e-07, 1.51023471062e-07, 5.79510732734e-08, 4.0303923754e-08, 5.91727626897e-08, 2.58378456408e-08, 2.13861692799e-08, 1.57810227108e-08, 1.54733026392e-08, 9.55753431953e-09, 8.82659012547e-09, 5.58799628791e-09, 6.26280760585e-09],
        "dmean2": [0.0128821982071, 0.0135912764817, 0.00070212042192, 0.000293662800686, 0.000130801287014, 0.0003536605509, 0.000285867776256, 0.000205177668249, 0.000102366808278, 0.000121445234981, 4.07552543038e-05, 2.37713538809e-05, 3.26999725075e-05, 1.88351023098e-05, 2.43667273025e-05, 1.34075589813e-05, 6.1448431552e-06, 8.28089105198e-06, 2.80756376014e-06, 4.00472936235e-06, 1.42917133417e-06, 2.02673368221e-06, 1.3395415408e-06, 9.46772445332e-07, 7.73972431034e-07, 1.67562802744e-06, 5.78314882205e-07, 5.08586481374e-07, 2.47506676487e-07, 9.40668982707e-08, 6.88400376703e-08, 1.05150590457e-07, 4.45458638865e-08, 3.46215607294e-08, 2.65534048083e-08, 2.64528825511e-08, 1.45047671651e-08, 1.27653008164e-08, 8.42456504557e-09, 9.97062343799e-09],
        "dvar": [0.000574335979763, 0.000494890264235, 1.29613613353e-06, 3.27098859998e-07, 6.2191759298e-08, 5.07802269567e-07, 3.60906625474e-07, 2.3313516806e-07, 8.95636347309e-08, 6.25818188382e-08, 5.60069590705e-09, 1.54730261936e-09, 2.03076733207e-09, 8.29427082571e-10, 1.89029236708e-09, 4.48120679453e-10, 8.23518822579e-11, 3.2706570785e-10, 2.02862119464e-11, 3.20115531305e-11, 4.45045432798e-12, 8.51890433196e-12, 3.06650733452e-12, 2.07378623822e-12, 1.37016179652e-12, 7.03631163751e-12, 6.61141117981e-13, 9.45858083697e-13, 2.54808977737e-13, 2.30691439123e-14, 2.06992422877e-14, 6.7936494375e-14, 9.05857183155e-15, 4.20003531533e-15, 2.67881136415e-15, 3.56527305983e-15, 1.629330978e-15, 1.60031289977e-15, 2.26719168003e-16, 3.01320350752e-16],
        "dvar2": [0.00147278618533, 0.00115688354708, 3.61331808563e-06, 8.79046865521e-07, 1.73485418031e-07, 1.42896601574e-06, 8.58711871388e-07, 5.38672338735e-07, 2.02264487825e-07, 1.44649121125e-07, 1.34656552575e-08, 2.94666202549e-09, 4.14114786906e-09, 1.76453485157e-09, 4.17270618058e-09, 9.72085412165e-10, 2.10787179378e-10, 8.37787839103e-10, 4.81653016082e-11, 8.69602653775e-11, 1.14950852656e-11, 2.16708942458e-11, 8.07223385357e-12, 5.11896688232e-12, 3.50970533018e-12, 1.87296393672e-11, 1.81035069748e-12, 2.4586723716e-12, 6.51000846112e-13, 5.82284532548e-14, 5.65298777569e-14, 1.95753827102e-13, 2.55203081839e-14, 1.0599308669e-14, 7.34175463208e-15, 9.84601601097e-15, 3.84964277253e-15, 2.65090120502e-15, 4.78476788745e-16, 7.46249526119e-16],
        "max": [0.465673595667, 0.418430507183, 0.021694349125, 0.0228155739605, 0.0119154723361, 0.0253065805882, 0.0277299936861, 0.0185004863888, 0.0141551457345, 0.00879395101219, 0.00231955177151, 0.00116123224143, 0.00104893441312, 0.000919260724913, 0.00137365085538, 0.000981604796834, 0.000195883767447, 0.000469304504804, 0.000123023317428, 0.000104989128886, 7.96276144683e-05, 7.10888416506e-05, 3.56371383532e-05, 4.49515900982e-05, 3.1282161217e-05, 5.38452950423e-05, 1.96237215278e-05, 2.81576085399e-05, 1.34917399919e-05, 3.41668692272e-06, 3.15214265356e-06, 5.16721820532e-06, 2.03303511626e-06, 2.05550873034e-06, 9.74177055468e-07, 1.42762860378e-06, 2.58770319306e-06, 1.59720661941e-06, 3.9794690565e-07, 3.41980694429e-07],
        "mean": [0.011163758114, 0.0114220809191, 0.00070551072713, 0.000418805779191, 0.000216664469917, 0.000410490320064, 0.000430777407018, 0.000357915268978, 0.00018926183111, 0.000208499724977, 8.29929340398e-05, 4.91685204906e-05, 5.36723782716e-05, 3.26565132127e-05, 3.89136730519e-05, 1.86180841411e-05, 6.64533399686e-06, 8.19425895315e-06, 3.81181894227e-06, 3.8884386413e-06, 1.66147754044e-06, 2.37281710724e-06, 1.64130653957e-06, 1.26254144561e-06, 9.69442453425e-07, 1.94905942408e-06, 7.67441292737e-07, 5.34393564067e-07, 2.54583397918e-07, 1.12699666488e-07, 6.79707881091e-08, 8.34010265294e-08, 4.71327901153e-08, 4.11251299681e-08, 2.87932966359e-08, 2.76787002207e-08, 1.93546672023e-08, 2.04923420455e-08, 1.30516344399e-08, 1.33151498716e-08],
        "median": [0.00038867481635, 0.000707352824975, 0.000134610338137, 7.77042369009e-05, 6.32899391348e-05, 9.56574222073e-05, 6.91399400239e-05, 7.2331255069e-05, 2.74624326266e-05, 4.27980194218e-05, 2.25574440265e-05, 1.52117636389e-05, 1.91902199731e-05, 1.15322809506e-05, 7.2044326771e-06, 5.60386069992e-06, 2.15745717469e-06, 1.46091178976e-06, 7.44589613078e-07, 9.26230256937e-07, 4.48733061376e-07, 6.20952732788e-07, 4.91613718623e-07, 3.14827303782e-07, 2.64897806801e-07, 3.84589498026e-07, 2.10954709701e-07, 1.25406984353e-07, 6.71485551607e-08, 2.9939911883e-08, 1.70258012133e-08, 1.73916063773e-08, 1.10521263252e-08, 9.43516553775e-09, 7.21790227587e-09, 6.42641539983e-09, 4.34118252457e-09, 3.99228161641e-09, 3.27577720505e-09, 3.01961766702e-09],
        "min": [7.81938887436e-24, 1.22122468109e-23, 2.23549817236e-23, 6.15202840483e-24, 1.1702110185e-23, 9.02788986014e-24, 1.498103657e-23, 1.00727392845e-23, 1.29302743177e-23, 8.30963121707e-24, 3.50552786328e-24, 6.23970871672e-24, 1.14926250162e-23, 7.64604615677e-24, 1.25908282591e-23, 1.70183313889e-23, 1.68631545602e-23, 1.32495626137e-23, 1.29476836891e-23, 9.75939584439e-24, 7.64169637774e-24, 9.90079758392e-24, 8.20271847631e-24, 9.2757128801e-24, 8.76218730776e-24, 1.34531660356e-23, 2.48420471653e-23, 1.25972251322e-23, 1.05177972523e-23, 1.08661968823e-23, 8.64757922887e-24, 6.98208559867e-24, 8.81183663542e-24, 4.30946232268e-24, 7.54255865006e-24, 7.59652541344e-24, 1.00749196961e-23, 1.06605163896e-23, 1.06529914454e-23, 1.02619562501e-23],
        "var": [0.00089367851615, 0.000827768235467, 1.92028937818e-06, 7.9328395941e-07, 1.55956968229e-07, 7.58332248552e-07, 1.73922910562e-06, 8.88215254236e-07, 3.89082146057e-07, 2.65782830411e-07, 2.46080738009e-08, 8.64943139334e-09, 8.03737076893e-09, 3.26389848482e-09, 6.81463063756e-09, 1.75109948763e-09, 1.57495488873e-10, 5.53870116438e-10, 5.52265906617e-11, 5.82942305538e-11, 9.01294230221e-12, 2.09067832491e-11, 7.71835373392e-12, 6.82337563188e-12, 4.10586885671e-12, 1.63455585872e-11, 1.92892576911e-12, 1.55235839374e-12, 3.46564194443e-13, 4.71211408109e-14, 2.34544795288e-14, 5.36114901117e-14, 1.14622073904e-14, 9.00057802675e-15, 3.62269088222e-15, 4.51970809073e-15, 3.51063181143e-15, 5.76842057871e-15, 7.55625386751e-16, 7.77688636264e-16]
    },
    "mfcc": {
        "mean": [-791.540588379, 189.609085083, 8.27427387238, 6.94985342026, -4.74569702148, -0.455418407917, 9.00974845886, 3.81757450104, -2.21965646744, 4.6532087326, 3.35400557518, 4.55044841766, 7.59976243973],
        "cov": [[16352.8496094, 2749.70361328, -1278.08703613, 2513.02246094, 956.853759766, 310.930358887, 767.232177734, 804.840393066, 362.797515869, 622.004272461, 315.783599854, 123.892456055, 103.633010864], [2749.70361328, 1508.74694824, -234.143341064, 76.3201293945, 96.3397064209, 76.7055969238, 135.008956909, 111.013000488, 13.8973398209, 63.2051734924, -2.68784570694, 27.7159290314, 61.7369422913], [-1278.08703613, -234.143341064, 526.998168945, 57.78490448, 33.3605613708, 47.4176750183, -34.6044082642, -20.3602237701, 13.6560201645, 22.2383651733, 21.7355918884, 2.08615350723, 23.3657474518], [2513.02246094, 76.3201293945, 57.78490448, 1177.6015625, 462.410675049, 52.7978248596, 192.047683716, 258.248901367, 137.249221802, 238.264053345, 130.542205811, 21.5083236694, 53.0553436279], [956.853759766, 96.3397064209, 33.3605613708, 462.410675049, 285.302825928, 70.2481842041, 86.692024231, 106.043075562, 45.6714859009, 90.3461303711, 39.5613441467, 9.51942634583, 32.7299461365], [310.930358887, 76.7055969238, 47.4176750183, 52.7978248596, 70.2481842041, 157.844650269, 78.4008178711, 41.7775878906, 9.00388240814, 29.4147129059, 17.7194347382, 2.91425967216, 19.2814903259], [767.232177734, 135.008956909, -34.6044082642, 192.047683716, 86.692024231, 78.4008178711, 160.061981201, 111.611801147, 33.5004730225, 53.3649177551, 39.448589325, 17.7105503082, 22.7299213409], [804.840393066, 111.013000488, -20.3602237701, 258.248901367, 106.043075562, 41.7775878906, 111.611801147, 165.940307617, 76.5666656494, 77.1318664551, 47.8849945068, 17.5387001038, 27.4991550446], [362.797515869, 13.8973398209, 13.6560201645, 137.249221802, 45.6714859009, 9.00388240814, 33.5004730225, 76.5666656494, 123.081916809, 84.6366348267, 52.0551223755, 11.5625247955, 4.25810718536], [622.004272461, 63.2051734924, 22.2383651733, 238.264053345, 90.3461303711, 29.4147129059, 53.3649177551, 77.1318664551, 84.6366348267, 186.187072754, 115.255737305, 24.8415031433, -2.09824752808], [315.783599854, -2.68784570694, 21.7355918884, 130.542205811, 39.5613441467, 17.7194347382, 39.448589325, 47.8849945068, 52.0551223755, 115.255737305, 146.614471436, 47.0077896118, -4.29838275909], [123.892456055, 27.7159290314, 2.08615350723, 21.5083236694, 9.51942634583, 2.91425967216, 17.7105503082, 17.5387001038, 11.5625247955, 24.8415031433, 47.0077896118, 80.9489822388, 28.0895195007], [103.633010864, 61.7369422913, 23.3657474518, 53.0553436279, 32.7299461365, 19.2814903259, 22.7299213409, 27.4991550446, 4.25810718536, -2.09824752808, -4.29838275909, 28.0895195007, 94.26512146]],
