{
"lowlevel": {
    "average_loudness": 0.78229790926,
    "barkbands_crest": {
        "dmean": 2.12482666969,
        "dmean2": 3.27009439468,
        "dvar": 5.74126958847,
        "dvar2": 13.3859195709,
        "max": 26.842540741,
        "mean": 13.048989296,
        "median": 12.3264436722,
        "min": 2.50578188896,
        "var": 24.311296463
    },
    "barkbands_flatness_db": {
        "dmean": 0.0320322699845,
        "dmean2": 0.0456311665475,
        "dvar": 0.00199132668786,
        "dvar2": 0.0038847499527,
        "max": 0.762708604336,
        "mean": 0.269530326128,
        "median": 0.259997397661,
        "min": 0.0297858826816,
        "var": 0.0114955147728
    },
    "barkbands_kurtosis": {
        "dmean": 8.45476150513,
        "dmean2": 13.3640327454,
        "dvar": 1352.61291504,
        "dvar2": 3350.20556641,
        "max": 1403.19812012,
        "mean": 13.7186880112,
        "median": 4.91654729843,
        "min": -1.92718267441,
        "var": 1799.59240723
    },
    "barkbands_skewness": {
        "dmean": 0.723120033741,
        "dmean2": 1.0723336935,
        "dvar": 1.25191903114,
        "dvar2": 2.91827583313,
        "max": 22.244638443,
        "mean": 2.01262545586,
        "median": 1.6971373558,
        "min": -5.23185396194,
        "var": 3.75469040871
    },
    "barkbands_spread": {
        "dmean": 4.42939424515,
        "dmean2": 6.76808071136,
        "dvar": 84.6223983765,
        "dvar2": 176.299041748,
        "max": 132.569900513,
        "mean": 11.9338512421,
        "median": 7.01092815399,
        "min": 0.0621849894524,
        "var": 201.048141479
    },
    "dissonance": {
        "dmean": 0.031943615526,
        "dmean2": 0.0522546060383,
        "dvar": 0.00100301508792,
        "dvar2": 0.00260179373436,
        "max": 0.500000119209,
        "mean": 0.40763810277,
        "median": 0.416241496801,
        "min": 0.135471999645,
        "var": 0.00363718043081
    },
    "dynamic_complexity": 2.9511487484,
    "erbbands_crest": {
        "dmean": 2.14885258675,
        "dmean2": 3.22008919716,
        "dvar": 5.44885492325,
        "dvar2": 11.1367292404,
        "max": 34.5033454895,
        "mean": 13.0636568069,
        "median": 12.1663045883,
        "min": 2.69836449623,
        "var": 32.5953826904
    },
    "erbbands_flatness_db": {
        "dmean": 0.0281597338617,
        "dmean2": 0.0383716188371,
        "dvar": 0.00158216943964,
        "dvar2": 0.00289453356527,
        "max": 0.558122038841,
        "mean": 0.242233619094,
        "median": 0.239253759384,
        "min": 0.0414481572807,
        "var": 0.00779742607847
    },
    "erbbands_kurtosis": {
        "dmean": 3.20412397385,
        "dmean2": 5.03766012192,
        "dvar": 55.1695823669,
        "dvar2": 135.439697266,
        "max": 163.078567505,
        "mean": 6.98071098328,
        "median": 2.52233362198,
        "min": -1.88462758064,
        "var": 168.986450195
    },
    "erbbands_skewness": {
        "dmean": 0.511971533298,
        "dmean2": 0.752099633217,
        "dvar": 0.42183637619,
        "dvar2": 0.912014245987,
        "max": 10.7032880783,
        "mean": 1.26904499531,
        "median": 1.05466187,
        "min": -5.05117082596,
        "var": 2.15302801132
    },
    "erbbands_spread": {
        "dmean": 7.05015993118,
        "dmean2": 10.7112798691,
        "dvar": 168.176300049,
        "dvar2": 348.824737549,
        "max": 204.011947632,
        "mean": 24.5935897827,
        "median": 18.2794513702,
        "min": 0.418017983437,
        "var": 536.747253418
    },
    "hfc": {
        "dmean": 9.82546901703,
        "dmean2": 15.3664731979,
        "dvar": 1032.63818359,
        "dvar2": 2564.07006836,
        "max": 636.617858887,
        "mean": 19.9384365082,
        "median": 10.0416660309,
        "min": 1.14160241895e-16,
        "var": 1287.77319336
    },
    "melbands_crest": {
        "dmean": 2.22878336906,
        "dmean2": 3.30781459808,
        "dvar": 5.69993495941,
        "dvar2": 12.6233615875,
        "max": 35.8400764465,
        "mean": 15.8667373657,
        "median": 15.0087137222,
        "min": 2.4554681778,
        "var": 33.3084411621
    },
    "melbands_flatness_db": {
        "dmean": 0.0351184718311,
        "dmean2": 0.0495948754251,
        "dvar": 0.00263685290702,
        "dvar2": 0.00503888959065,
        "max": 0.964104831219,
        "mean": 0.356040149927,
        "median": 0.349978506565,
        "min": 0.00565306749195,
        "var": 0.0180915407836
    },
    "melbands_kurtosis": {
        "dmean": 8.9036655426,
        "dmean2": 13.5416526794,
        "dvar": 587.298706055,
        "dvar2": 1334.31921387,
        "max": 693.824584961,
        "mean": 20.5171394348,
        "median": 7.97242641449,
        "min": -1.88258647919,
        "var": 1951.41674805
    },
    "melbands_skewness": {
        "dmean": 0.684822201729,
        "dmean2": 1.00887346268,
        "dvar": 0.99364387989,
        "dvar2": 2.15145897865,
        "max": 20.7282085419,
        "mean": 2.45150303841,
        "median": 2.03073644638,
        "min": -3.86818027496,
        "var": 5.22733259201
    },
    "melbands_spread": {
        "dmean": 3.86356401443,
        "dmean2": 5.71631288528,
        "dvar": 90.2135009766,
        "dvar2": 187.710418701,
        "max": 222.632537842,
        "mean": 11.5730209351,
        "median": 7.40865564346,
        "min": 0.109604783356,
        "var": 244.32371521
    },
    "pitch_salience": {
        "dmean": 0.0613089948893,
        "dmean2": 0.0960290953517,
        "dvar": 0.00529034994543,
        "dvar2": 0.0126783866435,
        "max": 0.957486271858,
        "mean": 0.465806812048,
        "median": 0.46210205555,
        "min": 0.0140432342887,
        "var": 0.0165185965598
    },
    "silence_rate_20dB": {
        "dmean": 0,
        "dmean2": 0,
        "dvar": 0,
        "dvar2": 0,
        "max": 1,
        "mean": 1,
        "median": 1,
        "min": 1,
        "var": 0
    },
    "silence_rate_30dB": {
        "dmean": 0.0267975088209,
        "dmean2": 0.053600076586,
        "dvar": 0.0260793659836,
        "dvar2": 0.0603512190282,
        "max": 1,
        "mean": 0.944240033627,
        "median": 1,
        "min": 0,
        "var": 0.0526520907879
    },
    "silence_rate_60dB": {
        "dmean": 0.0158520471305,
        "dmean2": 0.031707085669,
        "dvar": 0.015596922487,
        "dvar2": 0.0350442752242,
        "max": 1,
        "mean": 0.0576469488442,
        "median": 0,
        "min": 0,
        "var": 0.0543258599937
    },
    "spectral_centroid": {
        "dmean": 140.706893921,
        "dmean2": 206.29107666,
        "dvar": 92821.9453125,
        "dvar2": 157922.015625,
        "max": 11554.984375,
        "mean": 731.421325684,
        "median": 514.239257812,
        "min": 58.4419326782,
        "var": 352214.75
    },
    "spectral_complexity": {
        "dmean": 2.59011125565,
        "dmean2": 3.84599423409,
        "dvar": 27.8328952789,
        "dvar2": 42.4198722839,
        "max": 57,
        "mean": 10.1732234955,
        "median": 8,
        "min": 0,
        "var": 71.1298217773
    },
    "spectral_decrease": {
        "dmean": 2.45378450892e-09,
        "dmean2": 3.68456576361e-09,
        "dvar": 1.81193433415e-17,
        "dvar2": 3.8644524951e-17,
        "max": 1.67077129909e-09,
        "mean": -9.31773147528e-09,
        "median": -7.0437371491e-09,
        "min": -6.08172214811e-08,
        "var": 7.41971811212e-17
    },
    "spectral_energy": {
        "dmean": 0.0099018458277,
        "dmean2": 0.0148958843201,
        "dvar": 0.000275315309409,
        "dvar2": 0.000587821530644,
        "max": 0.232312738895,
        "mean": 0.0369757600129,
        "median": 0.0281041767448,
        "min": 1.03653275545e-20,
        "var": 0.00109271204565
    },
    "spectral_energyband_high": {
        "dmean": 0.000630722381175,
        "dmean2": 0.00100308645051,
        "dvar": 6.80909670336e-06,
        "dvar2": 1.68434089574e-05,
        "max": 0.0613950863481,
        "mean": 0.000780229747761,
        "median": 2.08203418879e-05,
        "min": 7.85564218895e-21,
        "var": 8.49240404932e-06
    },
    "spectral_energyband_low": {
        "dmean": 0.00687287654728,
        "dmean2": 0.00992035772651,
        "dvar": 0.000224886563956,
        "dvar2": 0.000473451742437,
        "max": 0.224502876401,
        "mean": 0.0185945518315,
        "median": 0.0101932361722,
        "min": 2.78590677854e-23,
        "var": 0.000763494172134
    },
    "spectral_energyband_middle_high": {
        "dmean": 0.00124582264107,
        "dmean2": 0.00183937815018,
        "dvar": 1.06300667539e-05,
        "dvar2": 2.58585296251e-05,
        "max": 0.0442900396883,
        "mean": 0.0031628832221,
        "median": 0.000916857796255,
        "min": 1.4520233759e-21,
        "var": 2.68453241006e-05
    },
    "spectral_energyband_middle_low": {
        "dmean": 0.00400941167027,
        "dmean2": 0.00661603268236,
        "dvar": 5.47867930436e-05,
        "dvar2": 0.000149286264786,
        "max": 0.11842123419,
        "mean": 0.015167567879,
        "median": 0.0125388531014,
        "min": 2.61610409004e-22,
        "var": 0.000174205357325
    },
    "spectral_entropy": {
        "dmean": 0.278089225292,
        "dmean2": 0.404925733805,
        "dvar": 0.181487128139,
        "dvar2": 0.357063651085,
        "max": 9.79231357574,
        "mean": 6.50010633469,
        "median": 6.49465322495,
        "min": 3.7848315239,
        "var": 0.821663677692
    },
    "spectral_flux": {
        "dmean": 0.0267247073352,
        "dmean2": 0.0401316732168,
        "dvar": 0.00150333915371,
        "dvar2": 0.00295680621639,
        "max": 0.382806688547,
        "mean": 0.0614929758012,
        "median": 0.0442223325372,
        "min": 1.01810254671e-10,
        "var": 0.00296995672397
    },
    "spectral_kurtosis": {
        "dmean": 9.92318630219,
        "dmean2": 15.7541399002,
        "dvar": 415.442352295,
        "dvar2": 933.490722656,
        "max": 709.573852539,
        "mean": 22.8617916107,
        "median": 11.827334404,
        "min": -1.19323706627,
        "var": 1337.49780273
    },
    "spectral_rms": {
        "dmean": 0.000736090005375,
        "dmean2": 0.00108504306991,
        "dvar": 1.04746629859e-06,
        "dvar2": 2.16772673411e-06,
        "max": 0.0150547856465,
        "mean": 0.00547270616516,
        "median": 0.00523628760129,
        "min": 3.18001809781e-12,
        "var": 6.12331496086e-06
    },
    "spectral_rolloff": {
        "dmean": 423.497070312,
        "dmean2": 731.659790039,
        "dvar": 2637983.5,
        "dvar2": 5554411,
        "max": 18820.0195312,
        "mean": 1136.57189941,
        "median": 495.263671875,
        "min": 64.599609375,
        "var": 5207862
    },
    "spectral_skewness": {
        "dmean": 0.66610532999,
        "dmean2": 1.04348194599,
        "dvar": 0.822612762451,
        "dvar2": 1.79121077061,
        "max": 22.8311958313,
        "mean": 3.19479680061,
        "median": 2.6771068573,
        "min": -0.0479542054236,
        "var": 3.85721826553
    },
    "spectral_spread": {
        "dmean": 948127.3125,
        "dmean2": 1408622.375,
        "dvar": 2.94418330419e+12,
        "dvar2": 4.98966777037e+12,
        "max": 40762872,
        "mean": 4074028.25,
        "median": 2891176,
        "min": 184930.21875,
        "var": 1.07135023186e+13
    },
    "spectral_strongpeak": {
        "dmean": 0.427816420794,
        "dmean2": 0.743057549,
        "dvar": 2.62966489792,
        "dvar2": 7.3438501358,
        "max": 54.9349822998,
        "mean": 1.11489927769,
        "median": 0.630950629711,
        "min": 0,
        "var": 2.6221280098
    },
    "zerocrossingrate": {
        "dmean": 0.0121147930622,
        "dmean2": 0.0138457706198,
        "dvar": 0.000625721062534,
        "dvar2": 0.000723722099792,
        "max": 0.56201171875,
        "mean": 0.0456414669752,
        "median": 0.02734375,
        "min": 0.001953125,
        "var": 0.0031983347144
    },
    "barkbands": {
        "dmean": [0.000165544610354, 0.00597758404911, 0.00158686749637, 0.00107961695176, 0.00145021767821, 0.00154341827147, 0.000679289689288, 0.000350856716977, 0.000356090662535, 0.000160854891874, 0.000296030659229, 0.000181886178325, 0.000126029772218, 0.00010052518337, 0.000164833210874, 0.000162080308655, 0.000158246140927, 0.000144068675581, 0.000101530014945, 4.710390931e-05, 4.67879763164e-05, 8.39552085381e-05, 7.13257177267e-05, 6.37767880107e-05, 0.000130871805595, 0.000185959244845, 7.29210369173e-05],
        "dmean2": [0.000180333023309, 0.00886079203337, 0.00251752906479, 0.00186839490198, 0.00249684741721, 0.0024466495961, 0.00101119163446, 0.000584362773225, 0.000537764572073, 0.000246498791967, 0.000373429851606, 0.000297487655189, 0.000197847708478, 0.000156979614985, 0.000277045503026, 0.000259169464698, 0.000230032121181, 0.000213137012906, 0.000161345029483, 7.89466503193e-05, 6.50186120765e-05, 0.000124708982185, 0.000114555616165, 0.000103491031041, 0.000213352948776, 0.000312383723212, 0.000120650023746],
        "dvar": [2.34827339796e-07, 0.000198446257855, 1.77538313437e-05, 1.19344040286e-05, 1.15416778499e-05, 7.24229539628e-06, 2.17869705921e-06, 7.13274573627e-07, 9.2616778602e-07, 2.84825205199e-07, 6.0369171706e-07, 4.66919857445e-07, 1.49394523419e-07, 1.11140494141e-07, 4.07480172271e-07, 3.51387285491e-07, 3.09624454076e-07, 2.52220132779e-07, 1.39502787988e-07, 2.41445512472e-08, 1.93924911684e-08, 2.02593525955e-07, 6.03122998655e-07, 4.38934534941e-07, 4.6194281822e-07, 1.09543054805e-06, 1.87804829466e-07],
        "dvar2": [3.52634060619e-07, 0.000426006241469, 4.86282879137e-05, 3.39819780493e-05, 3.38989084412e-05, 1.94665972231e-05, 4.36842492491e-06, 1.93123491954e-06, 2.1277878659e-06, 6.66194125643e-07, 9.43201712289e-07, 1.18326192933e-06, 3.53500951178e-07, 2.79808375581e-07, 1.06402592337e-06, 8.33571732528e-07, 6.12176279446e-07, 4.70347998771e-07, 3.33053691293e-07, 6.59054393282e-08, 3.38227081897e-08, 5.34608659564e-07, 1.63300830991e-06, 1.03919796857e-06, 1.10508426587e-06, 2.85976761916e-06, 4.83270923723e-07],
        "max": [0.00792248453945, 0.201119944453, 0.0562842935324, 0.0513848289847, 0.0634239166975, 0.0532604642212, 0.0540678501129, 0.0155353061855, 0.0451893769205, 0.0181329119951, 0.0315692909062, 0.0307423230261, 0.0120081882924, 0.0109013784677, 0.0130970645696, 0.0119807440788, 0.0131690157577, 0.0126975476742, 0.0102602131665, 0.00323889171705, 0.00295497686602, 0.0208075791597, 0.035029809922, 0.0358445607126, 0.0280113741755, 0.0193123109639, 0.0142069086432],
        "mean": [0.000465006974991, 0.0146322399378, 0.00288270623423, 0.00134742294904, 0.00258685718291, 0.00544767547399, 0.00368394888937, 0.000832617864944, 0.00101700564846, 0.00034489526297, 0.00110088742804, 0.000412264605984, 0.000215975160245, 0.000164003518876, 0.000180802424438, 0.000193618398043, 0.000289405579679, 0.000229489116464, 0.000129602049128, 6.10155693721e-05, 5.72811477468e-05, 9.26049688132e-05, 8.63199675223e-05, 7.76671149652e-05, 0.000179948299774, 0.000196268534637, 6.81349119986e-05],
        "median": [7.06167429598e-06, 0.00703688431531, 0.000950288726017, 0.00041624889127, 0.000690681510605, 0.00373570853844, 0.00181263685226, 0.000424300960731, 0.000196744033019, 6.62124075461e-05, 9.4853923656e-05, 2.88526807708e-05, 2.71997469099e-05, 1.83031970664e-05, 2.0023826437e-05, 1.11961271614e-05, 1.09542597784e-05, 8.13371116237e-06, 9.68475342233e-06, 4.69745737064e-06, 3.13694386023e-06, 2.07468087865e-06, 1.82418978056e-06, 1.90143794043e-06, 2.0255522486e-06, 7.31781767627e-07, 1.48793915855e-07],
        "min": [1.42667687743e-23, 3.83968658172e-24, 1.02587684632e-23, 2.18043741667e-23, 3.66352621074e-23, 3.56387856337e-23, 9.2579971152e-23, 2.79023099848e-23, 3.87898747424e-23, 9.44420804743e-23, 6.83831901191e-23, 5.34637162541e-23, 3.72107172051e-23, 1.12852257534e-22, 9.78729122817e-23, 1.65562479095e-22, 1.74358404406e-22, 2.00111873062e-22, 3.25192017363e-22, 2.98909115755e-22, 7.64238095123e-22, 5.14481905253e-22, 4.7217987661e-22, 6.72006396594e-22, 1.07299037744e-21, 2.01224830844e-21, 2.37415961737e-21],
        "var": [1.44932346302e-06, 0.000595699297264, 2.06609111046e-05, 9.63916500041e-06, 2.16295866267e-05, 3.74362607545e-05, 2.30399455177e-05, 1.8334754941e-06, 1.00300085251e-05, 8.83954669462e-07, 6.64259368932e-06, 4.40639496446e-06, 4.3282381057e-07, 2.36209274362e-07, 4.17350349835e-07, 4.74559470831e-07, 9.03282284526e-07, 6.77224761603e-07, 2.16074326431e-07, 3.79136757545e-08, 3.22427560207e-08, 1.82231303825e-07, 5.10256086272e-07, 4.79811319565e-07, 8.03420164175e-07, 9.96290168587e-07, 1.62454853125e-07]
    },
    "erbbands": {
        "dmean": [0.167180418968, 1.45470297337, 1.99981796741, 2.66251802444, 5.36245584488, 4.38416337967, 5.02685642242, 13.9801912308, 11.5403909683, 13.0674209595, 6.66031599045, 8.50999259949, 6.4525847435, 5.29462575912, 10.8364143372, 7.64717674255, 6.2001748085, 5.63750076294, 7.10582542419, 7.99411725998, 10.3086566925, 6.57040166855, 7.80849266052, 5.03950643539, 4.44898843765, 2.35524487495, 1.94983744621, 1.66776072979, 2.02503180504, 3.02020740509, 2.7691192627, 1.62398064137, 0.784837245941, 1.14266824722, 1.07443118095, 0.61432492733, 0.426088362932, 0.0872333869338, 0.0150837013498, 0.000597756705247],
        "dmean2": [0.212549105287, 2.23236298561, 3.06369709969, 4.57054233551, 9.00402736664, 7.64534711838, 7.0380563736, 23.0530014038, 18.5353908539, 19.4084758759, 10.8135824203, 12.543088913, 10.1456890106, 7.38309907913, 14.6929035187, 11.9908542633, 9.62697696686, 8.85254955292, 11.9222078323, 13.1748256683, 15.7854404449, 9.61681270599, 11.6212720871, 7.46785879135, 7.22713899612, 3.83418607712, 2.64678788185, 2.47152400017, 2.99411916733, 4.75869464874, 4.51775312424, 2.58312416077, 1.26193571091, 1.87144172192, 1.75437057018, 1.01819825172, 0.722823023796, 0.145270645618, 0.0254947766662, 0.000977157149464],
        "dvar": [0.17877407372, 11.9412841797, 24.2263278961, 78.4054031372, 166.229553223, 108.994812012, 122.327926636, 643.372436523, 502.264160156, 892.225158691, 279.015228271, 562.363586426, 463.331939697, 177.834228516, 759.771911621, 692.089477539, 357.157409668, 339.415222168, 779.359191895, 943.23260498, 1093.47375488, 439.226226807, 814.629394531, 338.754699707, 277.805114746, 70.1475906372, 37.4772644043, 26.1258144379, 56.8636245728, 358.123443604, 1179.43615723, 256.576324463, 48.1354560852, 72.154624939, 29.7552242279, 9.44584560394, 5.73072433472, 0.266904473305, 0.00845875218511, 1.19861997518e-05],
        "dvar2": [0.270510911942, 28.3784999847, 63.9232521057, 222.575912476, 453.880157471, 327.581481934, 233.753707886, 1776.03222656, 1265.72802734, 1910.07177734, 749.704406738, 1216.59094238, 1150.78894043, 361.824676514, 1468.36157227, 1573.2677002, 832.695678711, 860.88494873, 2018.4161377, 2437.61035156, 2411.38671875, 851.273864746, 1498.74230957, 697.181640625, 693.179443359, 189.370300293, 67.3133239746, 47.9742393494, 125.791122437, 989.565063477, 3184.95239258, 579.284301758, 125.653465271, 178.183273315, 69.6841583252, 24.1053409576, 14.9967899323, 0.696126818657, 0.0223393123597, 3.08741691697e-05],
        "max": [6.4458527565, 42.8530082703, 67.9809646606, 128.41796875, 245.524658203, 188.387588501, 348.079437256, 592.074829102, 685.980163574, 993.732055664, 307.985198975, 1266.53063965, 797.432006836, 508.458374023, 950.606750488, 1567.46374512, 591.936096191, 579.951660156, 280.960083008, 974.974975586, 811.463806152, 479.114990234, 741.213256836, 929.026245117, 376.597442627, 187.330810547, 152.416259766, 76.8966522217, 199.968078613, 971.686828613, 1636.01757812, 787.712341309, 337.355194092, 481.941375732, 277.962890625, 55.7831382751, 43.2010154724, 11.4515953064, 2.05707240105, 0.0860221236944],
        "mean": [0.46406686306, 3.01372742653, 4.11081361771, 3.95003771782, 8.81981182098, 7.47006034851, 13.8367357254, 46.5078125, 50.0961227417, 60.662197113, 16.9618034363, 26.1592483521, 15.8786563873, 16.1971359253, 36.0781974792, 21.3962631226, 11.6654338837, 9.62333679199, 7.09572315216, 9.9917049408, 16.8702011108, 12.2541456223, 12.6098661423, 6.91696166992, 5.53569173813, 3.20454144478, 2.47219491005, 2.06005454063, 2.55429315567, 3.13615107536, 3.19445037842, 2.03370833397, 0.983855068684, 1.59365677834, 1.44328153133, 0.734481334686, 0.424606323242, 0.0871485993266, 0.01310366299, 0.000596328871325],
        "median": [0.081348374486, 1.81178092957, 2.13627481461, 1.51852917671, 2.10026693344, 2.24258589745, 6.79505586624, 30.9623165131, 26.0713100433, 26.5228919983, 8.87986564636, 5.31650257111, 3.95431566238, 3.02036452293, 4.3857884407, 2.62666916847, 1.79047560692, 1.24595820904, 1.03755223751, 1.00292909145, 0.739154577255, 0.588049888611, 0.477018117905, 0.479802727699, 0.437729597092, 0.233166024089, 0.168601959944, 0.104459322989, 0.0781164392829, 0.0601678006351, 0.0588681288064, 0.0449535138905, 0.0292602460831, 0.0229750499129, 0.0131264962256, 0.00475739501417, 0.00128338311333, 0.000208107987419, 5.07603690494e-05, 4.78290930914e-05],
        "min": [2.7327878513e-22, 6.84949369995e-22, 9.22410103691e-21, 3.4967509432e-20, 7.74933558619e-20, 1.30091948632e-19, 2.93214589141e-19, 2.99494389255e-19, 1.03798149121e-18, 1.07170853991e-18, 8.57437328397e-19, 1.01380558684e-18, 2.14569472164e-18, 2.12809355897e-18, 2.8854739831e-18, 2.55619488794e-18, 1.68124387123e-18, 4.54035302327e-18, 5.56449526584e-18, 7.29346321912e-18, 7.27428751816e-18, 1.09752929292e-17, 9.55913076923e-18, 1.65056744394e-17, 1.31274018162e-17, 1.75176670532e-17, 3.44652610805e-17, 2.01658775125e-17, 1.81050827477e-17, 1.47728303178e-17, 1.52894013016e-17, 1.31737975495e-17, 1.31606230439e-17, 1.17555500672e-17, 7.53449951371e-18, 5.24638269536e-18, 4.66768424369e-18, 1.53150825713e-18, 3.24659136344e-19, 3.21060978228e-20],
        "var": [1.01991605759, 21.6592102051, 32.8554496765, 63.253238678, 312.871398926, 159.082122803, 473.68661499, 2995.05957031, 4645.0546875, 6338.00634766, 676.14654541, 7395.72265625, 1412.95617676, 1110.66064453, 6230.54003906, 11089.7021484, 1095.41943359, 730.058349609, 643.10723877, 1296.12255859, 2578.08447266, 1264.14208984, 2137.14160156, 581.030212402, 412.431030273, 119.691795349, 63.9282722473, 40.7808952332, 76.1815948486, 286.071411133, 1002.00048828, 294.669403076, 46.4507484436, 100.297065735, 55.0690383911, 11.5536394119, 5.00014781952, 0.22587531805, 0.00652187131345, 1.00916722658e-05]
    },
    "gfcc": {
        "mean": [-81.0504150391, 125.476516724, -86.9932479858, -0.559828877449, -52.9903068542, -7.99438333511, -33.6692352295, 4.49394798279, -16.1901741028, 1.40543937683, -4.80567741394, 2.62112665176, -7.43138790131],
        "cov": [[10269.3515625, -4048.72363281, 358.555175781, 245.746337891, -813.662658691, 533.668823242, -437.76953125, 800.408447266, -367.919464111, 531.584106445, -314.909515381, 588.243347168, -331.83972168], [-4048.72363281, 6074.86962891, 351.81463623, 779.734130859, 1664.8236084, -228.098205566, 698.776733398, -228.709381104, 698.378967285, -282.095947266, 580.499450684, -412.037780762, 373.74609375], [358.555175781, 351.81463623, 2934.00976562, 685.507751465, 481.802276611, 608.372741699, 429.682403564, 265.726654053, 227.817398071, 319.895843506, 30.0443572998, 68.0045089722, -143.220672607], [245.746337891, 779.734130859, 685.507751465, 1002.52069092, 628.106140137, 271.560943604, 219.792785645, 167.91583252, 194.250442505, 12.744852066, 57.1430473328, -60.0082206726, 21.3343257904], [-813.662658691, 1664.8236084, 481.802276611, 628.106140137, 1197.74658203, 271.865600586, 359.327209473, -8.79040908813, 192.885421753, -107.758041382, 67.2344055176, -146.400756836, 126.42930603], [533.668823242, -228.098205566, 608.372741699, 271.560943604, 271.865600586, 644.357910156, 271.328094482, 107.047683716, -60.6264152527, 57.2263641357, -79.6739883423, 6.50260353088, -25.2480888367], [-437.76953125, 698.776733398, 429.682403564, 219.792785645, 359.327209473, 271.328094482, 402.40322876, 66.4455413818, 120.305587769, -21.0566730499, 61.6476173401, -52.0560493469, 55.93567276], [800.408447266, -228.709381104, 265.726654053, 167.91583252, -8.79040908813, 107.047683716, 66.4455413818, 332.309539795, 120.391998291, 107.873031616, 28.4058551788, 92.9608383179, 17.9849948883], [-367.919464111, 698.378967285, 227.817398071, 194.250442505, 192.885421753, -60.6264152527, 120.305587769, 120.391998291, 424.257263184, 162.908584595, 155.636322021, -0.309740126133, 47.0568504333], [531.584106445, -282.095947266, 319.895843506, 12.744852066, -107.758041382, 57.2263641357, -21.0566730499, 107.873031616, 162.908584595, 326.239135742, 106.901664734, 73.0594329834, -60.9564056396], [-314.909515381, 580.499450684, 30.0443572998, 57.1430473328, 67.2344055176, -79.6739883423, 61.6476173401, 28.4058551788, 155.636322021, 106.901664734, 260.373168945, 36.9215087891, 36.5377388], [588.243347168, -412.037780762, 68.0045089722, -60.0082206726, -146.400756836, 6.50260353088, -52.0560493469, 92.9608383179, -0.309740126133, 73.0594329834, 36.9215087891, 176.879470825, 2.03652048111], [-331.83972168, 373.74609375, -143.220672607, 21.3343257904, 126.42930603, -25.2480888367, 55.93567276, 17.9849948883, 47.0568504333, -60.9564056396, 36.5377388, 2.03652048111, 156.070663452]],
        "icov": [[0.000204958108952, 1.88114481716e-05, 7.55300643505e-05, -0.000135511843837, -3.13382151944e-05, -2.1923577151e-05, 5.73213619646e-05, -0.000382516416721, 0.000281509797787, -0.000342930055922, 0.000255374645349, -0.000434099929407, 0.000251010264037], [1.88114481716e-05, 0.000677069590893, -0.000126464583445, 2.41582383751e-05, -0.000492453225888, 0.000303012435324, -0.000272104924079, 0.000297274295008, -0.000561991240829, 0.000765739474446, -0.00126603303943, 0.000868444796652, -0.000435962283518], [7.55300643505e-05, -0.000126464583445, 0.000670803827234, -0.000330296810716, -1.99836886168e-05, -9.3785689387e-05, -0.00056596531067, -0.00018696168263, 0.000271133932984, -0.00089035811834, 0.000706751307007, -0.000785240787081, 0.000764860247727], [-0.000135511843837, 2.41582383751e-05, -0.000330296810716, 0.00213628169149, -0.000846617040224, -0.000629299727734, 0.000840469903778, -0.000766426848713, -0.000834172300529, 0.00116765045095, -0.000912628136575, 0.00103410345037, 0.000337734818459], [-3.13382151944e-05, -0.000492453225888, -1.99836886168e-05, -0.000846617040224, 0.00229364656843, -0.000700229662471, -0.000266716699116, 0.000532559817657, -0.000226837859373, 0.000111547829874, 0.000633264426142, 7.3435207014e-05, -0.000764290685765], [-2.1923577151e-05, 0.000303012435324, -9.3785689387e-05, -0.000629299727734, -0.000700229662471, 0.00437169196084, -0.00343202217482, -9.93753783405e-05, 0.00205589295365, -0.00221435260028, 0.00155404023826, -0.000501802074723, -9.83339414233e-05], [5.73213619646e-05, -0.000272104924079, -0.00056596531067, 0.000840469903778, -0.000266716699116, -0.00343202217482, 0.00721346773207, -0.00107440433931, -0.00188174087089, 0.00271119643003, -0.00215352396481, 0.00160398823209, -0.000551900127903], [-0.000382516416721, 0.000297274295008, -0.00018696168263, -0.000766426848713, 0.000532559817657, -9.93753783405e-05, -0.00107440433931, 0.00603113835678, -0.00190002832096, 0.00015115737915, -9.52598475124e-06, -0.00130921974778, -0.00169820396695], [0.000281509797787, -0.000561991240829, 0.000271133932984, -0.000834172300529, -0.000226837859373, 0.00205589295365, -0.00188174087089, -0.00190002832096, 0.0066517139785, -0.0047417092137, 0.00121851440053, -0.000730518368073, -0.000416342663812], [-0.000342930055922, 0.000765739474446, -0.00089035811834, 0.00116765045095, 0.000111547829874, -0.00221435260028, 0.00271119643003, 0.00015115737915, -0.0047417092137, 0.00962795782834, -0.00518832122907, 0.00163661933038, 0.00140610162634], [0.000255374645349, -0.00126603303943, 0.000706751307007, -0.000912628136575, 0.000633264426142, 0.00155404023826, -0.00215352396481, -9.52598475124e-06, 0.00121851440053, -0.00518832122907, 0.00992116518319, -0.00446969782934, 0.00020130869234], [-0.000434099929407, 0.000868444796652, -0.000785240787081, 0.00103410345037, 7.3435207014e-05, -0.000501802074723, 0.00160398823209, -0.00130921974778, -0.000730518368073, 0.00163661933038, -0.00446969782934, 0.0112988296896, -0.00267084874213], [0.000251010264037, -0.000435962283518, 0.000764860247727, 0.000337734818459, -0.000764290685765, -9.83339414233e-05, -0.000551900127903, -0.00169820396695, -0.000416342663812, 0.00140610162634, 0.00020130869234, -0.00267084874213, 0.0102999396622]]
    },
    "melbands": {
        "dmean": [0.00159900006838, 0.0013079586206, 0.000532338919584, 0.000370657624444, 0.000161068703164, 0.000315585610224, 0.000168752361787, 0.000129098043544, 5.58397841814e-05, 5.0535221817e-05, 3.16197365464e-05, 1.94282329176e-05, 4.51316773251e-05, 2.07234679692e-05, 1.69537597685e-05, 1.09293468995e-05, 1.04775244836e-05, 1.00823999674e-05, 1.14761196528e-05, 1.16051915029e-05, 1.30689340949e-05, 8.37211791804e-06, 7.36840911486e-06, 6.44433657726e-06, 3.82056578019e-06, 4.40777967015e-06, 1.97819758796e-06, 1.43374370509e-06, 1.20448567031e-06, 1.0461559441e-06, 9.84390339909e-07, 8.80214486187e-07, 2.22563676289e-06, 1.18584705433e-06, 1.75889272214e-06, 1.18712011954e-06, 9.82212668532e-07, 5.53147458504e-07, 6.64740014145e-07, 1.07046344056e-06],
        "dmean2": [0.00226931856014, 0.00197875616141, 0.000897270278074, 0.000643661478534, 0.000232880556723, 0.000512970495038, 0.000269900076091, 0.000195352200535, 8.86169509613e-05, 7.56921290304e-05, 4.99175039295e-05, 2.75948386843e-05, 5.76142265345e-05, 3.42546663887e-05, 2.67836931016e-05, 1.67443358805e-05, 1.65345427376e-05, 1.69225531863e-05, 1.91065719264e-05, 1.90957634914e-05, 1.93879113795e-05, 1.22460969578e-05, 1.0906859643e-05, 1.0052586731e-05, 5.65325126445e-06, 7.13914323569e-06, 3.37966162078e-06, 2.32985121329e-06, 1.60390163728e-06, 1.4955695633e-06, 1.48587582771e-06, 1.34514061756e-06, 3.39808707395e-06, 1.97666076929e-06, 2.93937523566e-06, 1.85939870789e-06, 1.57724616656e-06, 9.06765365016e-07, 1.08637118501e-06, 1.73800719949e-06],
        "dvar": [1.4944141185e-05, 8.83697339304e-06, 2.40381496042e-06, 7.70422388996e-07, 1.20128802905e-07, 3.22180767398e-07, 1.09592164677e-07, 8.42687271074e-08, 1.87471087543e-08, 1.92670963628e-08, 1.13159321913e-08, 2.58455790103e-09, 1.3560065959e-08, 6.38376906892e-09, 2.37277353321e-09, 9.1431112681e-10, 1.32975230827e-09, 1.51352896882e-09, 2.04859618158e-09, 1.9890207259e-09, 1.81179082848e-09, 8.09893430098e-10, 9.32007804266e-10, 4.41325642697e-10, 2.31527047534e-10, 3.26702553899e-10, 3.78084091812e-11, 2.64262414035e-11, 1.46053186906e-11, 1.11798027433e-11, 1.03866039033e-11, 8.5421140647e-12, 1.53913007339e-10, 5.72156211298e-11, 7.0816746911e-10, 1.04281625002e-10, 1.58035251552e-10, 4.859124908e-11, 3.03183797512e-11, 7.06966429842e-11],
        "dvar2": [2.88708597509e-05, 2.16417502088e-05, 6.74698276271e-06, 2.29446641242e-06, 2.55117100778e-07, 8.90752460236e-07, 2.72507179488e-07, 1.88856986938e-07, 4.90397376041e-08, 4.34889244616e-08, 2.80211089887e-08, 5.32131805286e-09, 2.16593800673e-08, 1.64371467548e-08, 5.76423175858e-09, 2.19597695583e-09, 3.36220895569e-09, 3.92217636147e-09, 5.36839062093e-09, 5.05166042331e-09, 3.79958775554e-09, 1.61505742113e-09, 1.61670121734e-09, 1.03745478874e-09, 4.65902649793e-10, 8.49945225312e-10, 1.0404827e-10, 7.23212115195e-11, 2.55972291974e-11, 2.04147896504e-11, 2.19400313889e-11, 1.56360254605e-11, 4.07804096048e-10, 1.61164678825e-10, 1.93693749928e-09, 2.27381655171e-10, 3.82167353319e-10, 1.23765733773e-10, 8.61001617225e-11, 1.58179205845e-10],
        "max": [0.0580200254917, 0.0386597588658, 0.0252741537988, 0.0163973551244, 0.00996753294021, 0.0121912574396, 0.0106932884082, 0.00910222809762, 0.00409252382815, 0.00683220056817, 0.00390985282138, 0.00222897296771, 0.00464219087735, 0.00345017132349, 0.00170701916795, 0.000766540353652, 0.00132845784537, 0.000378512311727, 0.000881912070327, 0.000859559106175, 0.00104902987368, 0.000678207725286, 0.000844364520162, 0.000313147873385, 0.000866460613906, 0.000452087988378, 0.000102634017821, 0.000109983433504, 5.94398079556e-05, 0.00011306185479, 7.42927295505e-05, 3.47164568666e-05, 0.000549305288587, 0.000414588983404, 0.00120450765826, 0.000574509613216, 0.00084161257837, 0.000391459674574, 0.000294855097309, 0.000473007094115],
        "mean": [0.0040724943392, 0.0028973959852, 0.000846057140734, 0.000626711931545, 0.000441814219812, 0.00112152402289, 0.000773771898821, 0.000551219505724, 0.000134724206873, 0.000148099046783, 7.31008694856e-05, 5.47714989807e-05, 0.000163484597579, 4.66838064312e-05, 3.76901152777e-05, 1.94920430658e-05, 1.75449204107e-05, 9.89294039755e-06, 1.23346590044e-05, 1.33602679853e-05, 2.33422215388e-05, 1.4869986444e-05, 1.21904249681e-05, 9.03757972992e-06, 4.98324152431e-06, 5.32214062332e-06, 2.38578058998e-06, 1.88264095868e-06, 1.50873131588e-06, 1.33912942601e-06, 1.16081992019e-06, 1.18661716897e-06, 2.30114687838e-06, 1.25858230149e-06, 1.92012976186e-06, 1.49593688548e-06, 1.17013610179e-06, 6.47816591481e-07, 8.39557571908e-07, 1.49356026213e-06],
        "median": [0.00143570743967, 0.00184291251935, 0.000342775922036, 0.000163075266755, 0.000217955515836, 0.000760664290283, 0.000414104841184, 0.000249789271038, 4.19614079874e-05, 2.92675704259e-05, 1.38950090331e-05, 9.68006042967e-06, 1.42661638165e-05, 3.53971063305e-06, 4.44024681201e-06, 2.70498685495e-06, 1.82382245839e-06, 1.23803158658e-06, 1.35138122914e-06, 1.01980276668e-06, 7.13014117082e-07, 6.02936495397e-07, 4.03062983878e-07, 4.0052665895e-07, 3.40236965712e-07, 3.23077358644e-07, 1.84536276038e-07, 1.31972640816e-07, 1.00248335855e-07, 6.73340636581e-08, 4.73120387312e-08, 4.05706224171e-08, 3.42550592336e-08, 2.93384285754e-08, 3.01821252435e-08, 3.07822034529e-08, 2.44822579987e-08, 1.89972464426e-08, 1.44297311877e-08, 1.88284676739e-08],
        "min": [2.92065849954e-24, 3.34890465814e-24, 8.13217537872e-24, 7.52520213242e-24, 9.14470832729e-24, 7.55586278922e-24, 1.65147714964e-23, 1.00915409954e-23, 7.76016987507e-24, 5.42443832611e-24, 1.16465901545e-23, 9.70010426989e-24, 1.01165463083e-23, 7.0686615053e-24, 3.80765330694e-24, 3.79865910933e-24, 1.00919693468e-23, 9.24460888347e-24, 8.37116867857e-24, 1.39039653331e-23, 6.70959884251e-24, 1.10747496175e-23, 1.28064318331e-23, 6.67308089349e-24, 1.41338630667e-23, 1.10037907902e-23, 8.70137244286e-24, 1.12847775226e-23, 2.31619848519e-23, 1.28127206322e-23, 1.24073005583e-23, 9.22230699681e-24, 1.12548773277e-23, 6.57579146691e-24, 8.79237149258e-24, 8.04830605386e-24, 8.04817115865e-24, 8.00663763199e-24, 9.66542515563e-24, 1.07608263646e-23],
        "var": [5.78632498218e-05, 1.48464832819e-05, 2.31618537327e-06, 1.32169179778e-06, 4.30766306181e-07, 1.65992616985e-06, 1.06552136003e-06, 5.30311581315e-07, 8.55061870197e-08, 2.18488239057e-07, 3.41093233658e-08, 1.36726168165e-08, 1.44908611333e-07, 5.73688652139e-08, 1.58847299758e-08, 2.40261410767e-09, 3.03559422044e-09, 1.26244326104e-09, 2.02220840073e-09, 2.11552197982e-09, 5.21756238214e-09, 2.24454632658e-09, 2.47442821788e-09, 8.37405145226e-10, 3.73767877759e-10, 4.82951567626e-10, 5.21927917552e-11, 4.21678560125e-11, 2.46984949853e-11, 1.90851761478e-11, 1.41895098102e-11, 1.4512053885e-11, 1.34134051089e-10, 4.40995850948e-11, 5.57885071473e-10, 1.22844776018e-10, 1.73128580916e-10, 4.73007778778e-11, 2.75327226296e-11, 1.11657183499e-10]
    },
    "mfcc": {
        "mean": [-740.475585938, 167.800521851, 18.2292690277, 14.312746048, 1.83548402786, -10.4743375778, -7.23227596283, -2.23668646812, -6.59664773941, -2.82396245003, -0.128300741315, 1.1598072052, 5.23049640656],
        "cov": [[8577.42285156, -2508.08178711, -656.13671875, -73.7460327148, -375.952087402, -313.346466064, -137.029067993, 84.700553894, 62.0340461731, -64.8372955322, -26.4115543365, 150.585876465, 148.867263794], [-2508.08178711, 3839.47265625, 367.081726074, 777.060546875, 842.094665527, 343.03717041, 343.961029053, 247.970581055, 170.425430298, 218.349563599, 203.621246338, 178.245620728, 89.0160903931], [-656.13671875, 367.081726074, 2082.23803711, 485.326293945, 323.497467041, 488.282745361, 311.305358887, 235.200698853, 189.214553833, 305.682037354, 316.780609131, 83.4938659668, 136.687683105], [-73.7460327148, 777.060546875, 485.326293945, 828.870361328, 576.538146973, 243.634246826, 206.935577393, 236.652740479, 164.194274902, 179.389892578, 126.636383057, 121.957115173, 97.3296737671], [-375.952087402, 842.094665527, 323.497467041, 576.538146973, 762.522521973, 409.512512207, 308.21585083, 234.281158447, 211.598297119, 168.761413574, 75.2201156616, 83.951210022, 43.1121559143], [-313.346466064, 343.03717041, 488.282745361, 243.634246826, 409.512512207, 601.687072754, 369.919281006, 189.545471191, 182.983596802, 180.771469116, 113.060920715, -10.5273065567, -13.308257103], [-137.029067993, 343.961029053, 311.305358887, 206.935577393, 308.21585083, 369.919281006, 460.053131104, 241.403259277, 158.739959717, 103.804718018, 13.705696106, 2.51628255844, -27.3221721649], [84.700553894, 247.970581055, 235.200698853, 236.652740479, 234.281158447, 189.545471191, 241.403259277, 330.107055664, 195.92199707, 108.11920929, 19.1421909332, -1.3351457119, 10.9837236404], [62.0340461731, 170.425430298, 189.214553833, 164.194274902, 211.598297119, 182.983596802, 158.739959717, 195.92199707, 288.996398926, 147.155685425, 48.9561843872, 13.9837436676, 27.369392395], [-64.8372955322, 218.349563599, 305.682037354, 179.389892578, 168.761413574, 180.771469116, 103.804718018, 108.11920929, 147.155685425, 250.802154541, 155.044921875, 48.5350914001, 52.871799469], [-26.4115543365, 203.621246338, 316.780609131, 126.636383057, 75.2201156616, 113.060920715, 13.705696106, 19.1421909332, 48.9561843872, 155.044921875, 286.299133301, 103.383384705, 91.4323654175], [150.585876465, 178.245620728, 83.4938659668, 121.957115173, 83.951210022, -10.5273065567, 2.51628255844, -1.3351457119, 13.9837436676, 48.5350914001, 103.383384705, 204.349975586, 137.169082642], [148.867263794, 89.0160903931, 136.687683105, 97.3296737671, 43.1121559143, -13.308257103, -27.3221721649, 10.9837236404, 27.369392395, 52.871799469, 91.4323654175, 137.169082642, 210.481124878]],
