{
"lowlevel": {
    "average_loudness": 0.953267157078,
    "barkbands_crest": {
        "dmean": 3.0159368515,
        "dmean2": 4.63306427002,
        "dvar": 7.81254482269,
        "dvar2": 17.2522525787,
        "max": 25.7177200317,
        "mean": 14.6129150391,
        "median": 14.3306388855,
        "min": 3.01677727699,
        "var": 25.9760780334
    },
    "barkbands_flatness_db": {
        "dmean": 0.0532358065248,
        "dmean2": 0.0677817612886,
        "dvar": 0.00281089148484,
        "dvar2": 0.00507314037532,
        "max": 0.755564332008,
        "mean": 0.233426496387,
        "median": 0.22915802896,
        "min": 0.0295942332596,
        "var": 0.0101645151153
    },
    "barkbands_kurtosis": {
        "dmean": 11.5670642853,
        "dmean2": 18.6116065979,
        "dvar": 618.220275879,
        "dvar2": 1564.54907227,
        "max": 937.239196777,
        "mean": 15.4624204636,
        "median": 8.50893878937,
        "min": -1.96407568455,
        "var": 774.440002441
    },
    "barkbands_skewness": {
        "dmean": 1.13963842392,
        "dmean2": 1.77418613434,
        "dvar": 1.64278936386,
        "dvar2": 4.06406641006,
        "max": 21.9489459991,
        "mean": 2.77157831192,
        "median": 2.52182269096,
        "min": -3.08416771889,
        "var": 3.59978532791
    },
    "barkbands_spread": {
        "dmean": 12.979218483,
        "dmean2": 20.2281246185,
        "dvar": 424.521636963,
        "dvar2": 900.365539551,
        "max": 119.971664429,
        "mean": 18.3041419983,
        "median": 8.33896064758,
        "min": 0.188761308789,
        "var": 538.901245117
    },
    "dissonance": {
        "dmean": 0.0306243374944,
        "dmean2": 0.0480111725628,
        "dvar": 0.00119113270193,
        "dvar2": 0.00258285552263,
        "max": 0.499999970198,
        "mean": 0.433327257633,
        "median": 0.450245857239,
        "min": 0.0655456483364,
        "var": 0.00339612993412
    },
    "dynamic_complexity": 3.46850585938,
    "erbbands_crest": {
        "dmean": 2.50222158432,
        "dmean2": 3.9928445816,
        "dvar": 5.53502511978,
        "dvar2": 13.2823562622,
        "max": 29.3234138489,
        "mean": 9.47559070587,
        "median": 8.79162406921,
        "min": 2.50276017189,
        "var": 15.8207550049
    },
    "erbbands_flatness_db": {
        "dmean": 0.0380390882492,
        "dmean2": 0.049017727375,
        "dvar": 0.00143049261533,
        "dvar2": 0.00255968864076,
        "max": 0.657090127468,
        "mean": 0.175778210163,
        "median": 0.160939127207,
        "min": 0.0420954152942,
        "var": 0.00866442732513
    },
    "erbbands_kurtosis": {
        "dmean": 2.22434926033,
        "dmean2": 3.70412135124,
        "dvar": 19.1450462341,
        "dvar2": 47.4847259521,
        "max": 82.6999969482,
        "mean": 1.53644192219,
        "median": 0.248891830444,
        "min": -1.93634748459,
        "var": 23.3796138763
    },
    "erbbands_skewness": {
        "dmean": 0.705063700676,
        "dmean2": 1.11206912994,
        "dvar": 0.757260680199,
        "dvar2": 1.80912208557,
        "max": 7.34235239029,
        "mean": 0.543930470943,
        "median": 0.573260128498,
        "min": -5.46661901474,
        "var": 1.30147194862
    },
    "erbbands_spread": {
        "dmean": 21.7760944366,
        "dmean2": 34.3005065918,
        "dvar": 712.168457031,
        "dvar2": 1624.18908691,
        "max": 184.689163208,
        "mean": 48.9972267151,
        "median": 38.3724403381,
        "min": 2.12586116791,
        "var": 1298.15881348
    },
    "hfc": {
        "dmean": 42.6340560913,
        "dmean2": 73.1059188843,
        "dvar": 10354.4277344,
        "dvar2": 28073.1601562,
        "max": 644.37878418,
        "mean": 35.0251846313,
        "median": 7.95237445831,
        "min": 1.21999399473e-16,
        "var": 7208.18261719
    },
    "melbands_crest": {
        "dmean": 3.50065374374,
        "dmean2": 5.64599180222,
        "dvar": 10.8741874695,
        "dvar2": 26.6801528931,
        "max": 36.6165542603,
        "mean": 19.4748477936,
        "median": 18.5600585938,
        "min": 2.57176947594,
        "var": 44.6597671509
    },
    "melbands_flatness_db": {
        "dmean": 0.0627193748951,
        "dmean2": 0.0806591212749,
        "dvar": 0.00396542018279,
        "dvar2": 0.00743070570752,
        "max": 0.866243422031,
        "mean": 0.332137048244,
        "median": 0.330620825291,
        "min": 0.00523912487552,
        "var": 0.0131311798468
    },
    "melbands_kurtosis": {
        "dmean": 27.3346805573,
        "dmean2": 43.5909538269,
        "dvar": 2422.90722656,
        "dvar2": 6063.70751953,
        "max": 864.632019043,
        "mean": 40.9443283081,
        "median": 23.0237922668,
        "min": -1.89348471165,
        "var": 3404.51489258
    },
    "melbands_skewness": {
        "dmean": 1.49992692471,
        "dmean2": 2.35816335678,
        "dvar": 3.00550794601,
        "dvar2": 7.55970144272,
        "max": 25.5002059937,
        "mean": 4.35889291763,
        "median": 3.81865406036,
        "min": -1.48448836803,
        "var": 7.34066295624
    },
    "melbands_spread": {
        "dmean": 10.2149143219,
        "dmean2": 17.4383106232,
        "dvar": 630.795593262,
        "dvar2": 1670.10314941,
        "max": 270.751251221,
        "mean": 13.0409622192,
        "median": 6.44360923767,
        "min": 0.185379460454,
        "var": 494.192138672
    },
    "pitch_salience": {
        "dmean": 0.0913662314415,
        "dmean2": 0.144877955317,
        "dvar": 0.00755993975326,
        "dvar2": 0.0173520389944,
        "max": 0.932129263878,
        "mean": 0.450352847576,
        "median": 0.454586207867,
        "min": 0.0488965958357,
        "var": 0.0227334983647
    },
    "silence_rate_20dB": {
        "dmean": 0,
        "dmean2": 0,
        "dvar": 0,
        "dvar2": 0,
        "max": 1,
        "mean": 1,
        "median": 1,
        "min": 1,
        "var": 0
    },
    "silence_rate_30dB": {
        "dmean": 0.0669710785151,
        "dmean2": 0.133954897523,
        "dvar": 0.0624793432653,
        "dvar2": 0.146455436945,
        "max": 1,
        "mean": 0.943498551846,
        "median": 1,
        "min": 0,
        "var": 0.0533103272319
    },
    "silence_rate_60dB": {
        "dmean": 0.0146499238908,
        "dmean2": 0.0293026361614,
        "dvar": 0.0144343702123,
        "dvar2": 0.0301527846605,
        "max": 1,
        "mean": 0.0607818886638,
        "median": 0,
        "min": 0,
        "var": 0.0570861250162
    },
    "spectral_centroid": {
        "dmean": 409.033721924,
        "dmean2": 654.996459961,
        "dvar": 460844.75,
        "dvar2": 1069549.5,
        "max": 10952.6220703,
        "mean": 891.399230957,
        "median": 578.352172852,
        "min": 144.813568115,
        "var": 633651.25
    },
    "spectral_complexity": {
        "dmean": 3.81925415993,
        "dmean2": 5.76120233536,
        "dvar": 39.0514335632,
        "dvar2": 75.711555481,
        "max": 60,
        "mean": 11.0328168869,
        "median": 9,
        "min": 0,
        "var": 75.0816345215
    },
    "spectral_decrease": {
        "dmean": 4.38309255557e-09,
        "dmean2": 7.01236535505e-09,
        "dvar": 3.44060514923e-17,
        "dvar2": 8.91841453385e-17,
        "max": 8.12169051076e-29,
        "mean": -1.08238804586e-08,
        "median": -9.04424979353e-09,
        "min": -4.84719890892e-08,
        "var": 7.12719793076e-17
    },
    "spectral_energy": {
        "dmean": 0.0196252353489,
        "dmean2": 0.0315952897072,
        "dvar": 0.000747050216887,
        "dvar2": 0.00193925190251,
        "max": 0.230939865112,
        "mean": 0.0440287180245,
        "median": 0.0357147939503,
        "min": 1.0759175386e-20,
        "var": 0.00130008219276
    },
    "spectral_energyband_high": {
        "dmean": 0.0046268356964,
        "dmean2": 0.00797152984887,
        "dvar": 0.00013409377425,
        "dvar2": 0.000365909334505,
        "max": 0.0734394192696,
        "mean": 0.00324339373037,
        "median": 8.79480212461e-05,
        "min": 7.67707376642e-21,
        "var": 9.11221795832e-05
    },
    "spectral_energyband_low": {
        "dmean": 0.0119425430894,
        "dmean2": 0.01882147789,
        "dvar": 0.000247369462159,
        "dvar2": 0.000666095176712,
        "max": 0.140240579844,
        "mean": 0.0278642885387,
        "median": 0.022001253441,
        "min": 1.22511146188e-22,
        "var": 0.000624805223197
    },
    "spectral_energyband_middle_high": {
        "dmean": 0.000757334753871,
        "dmean2": 0.00119951728266,
        "dvar": 1.76470052793e-06,
        "dvar2": 4.5530459829e-06,
        "max": 0.0122914547101,
        "mean": 0.00142168439925,
        "median": 0.00102911517024,
        "min": 1.46689950028e-21,
        "var": 2.43249587584e-06
    },
    "spectral_energyband_middle_low": {
        "dmean": 0.00694090640172,
        "dmean2": 0.0113862389699,
        "dvar": 0.000157299247803,
        "dvar2": 0.00038217389374,
        "max": 0.124185375869,
        "mean": 0.0120686842129,
        "median": 0.00825298111886,
        "min": 2.68417281496e-22,
        "var": 0.000189304977539
    },
    "spectral_entropy": {
        "dmean": 0.527914524078,
        "dmean2": 0.707149267197,
        "dvar": 0.328294873238,
        "dvar2": 0.548320353031,
        "max": 9.78829956055,
        "mean": 6.99469423294,
        "median": 6.93993139267,
        "min": 2.9915766716,
        "var": 0.965490937233
    },
    "spectral_flux": {
        "dmean": 0.0419806428254,
        "dmean2": 0.0645453110337,
        "dvar": 0.00252441619523,
        "dvar2": 0.00490555958822,
        "max": 0.389898449183,
        "mean": 0.0931386873126,
        "median": 0.0732324272394,
        "min": 1.03726444101e-10,
        "var": 0.00531384535134
    },
    "spectral_kurtosis": {
        "dmean": 7.90993022919,
        "dmean2": 11.975944519,
        "dvar": 301.010650635,
        "dvar2": 766.473815918,
        "max": 750.780517578,
        "mean": 13.2247114182,
        "median": 5.23368644714,
        "min": -1.4550267458,
        "var": 886.614379883
    },
    "spectral_rms": {
        "dmean": 0.00130949204322,
        "dmean2": 0.00204974459484,
        "dvar": 2.42891019298e-06,
        "dvar2": 5.98510087002e-06,
        "max": 0.0150102358311,
        "mean": 0.00596436718479,
        "median": 0.00590285565704,
        "min": 3.23986996086e-12,
        "var": 7.38106700737e-06
    },
    "spectral_rolloff": {
        "dmean": 1016.0447998,
        "dmean2": 1874.62109375,
        "dvar": 5426141.5,
        "dvar2": 12820754,
        "max": 19035.3515625,
        "mean": 1132.84936523,
        "median": 322.998046875,
        "min": 64.599609375,
        "var": 4726079
    },
    "spectral_skewness": {
        "dmean": 0.790292680264,
        "dmean2": 1.12308824062,
        "dvar": 0.824811816216,
        "dvar2": 1.6807141304,
        "max": 21.4851398468,
        "mean": 2.3204472065,
        "median": 1.90564548969,
        "min": -0.43453463912,
        "var": 3.12439966202
    },
    "spectral_spread": {
        "dmean": 1922632.25,
        "dmean2": 2672933.5,
        "dvar": 4.09613631488e+12,
        "dvar2": 7.12361639936e+12,
        "max": 40656520,
        "mean": 5607296.5,
        "median": 4740566,
        "min": 186177.03125,
        "var": 1.19305844818e+13
    },
    "spectral_strongpeak": {
        "dmean": 0.187281355262,
        "dmean2": 0.323397636414,
        "dvar": 0.0742975845933,
        "dvar2": 0.197354659438,
        "max": 4.23769950867,
        "mean": 0.454201757908,
        "median": 0.386288881302,
        "min": 0,
        "var": 0.0956807732582
    },
    "zerocrossingrate": {
        "dmean": 0.0218028817326,
        "dmean2": 0.0264550317079,
        "dvar": 0.00074273487553,
        "dvar2": 0.000988929648884,
        "max": 0.50927734375,
        "mean": 0.044424675405,
        "median": 0.02783203125,
        "min": 0.001953125,
        "var": 0.00184999697376
    },
    "barkbands": {
        "dmean": [0.000965495710261, 0.00989957060665, 0.00288911652751, 0.0017273518024, 0.00388991530053, 0.00193148769904, 0.000388532236684, 0.000283865665551, 0.000413477333495, 0.000153508401127, 0.000115572780487, 0.000127606210299, 6.76173731335e-05, 7.03150726622e-05, 5.12102087669e-05, 9.18293662835e-05, 6.71261295793e-05, 9.56462754402e-05, 8.26480900287e-05, 0.000167688704096, 0.000337275443599, 0.000443818775238, 0.00101363251451, 0.00145000230987, 0.000779222871643, 0.000469674356282, 6.8566063419e-05],
        "dmean2": [0.00163153652102, 0.0154984397814, 0.00484147574753, 0.00307621574029, 0.00660399021581, 0.00335957389325, 0.000595321122091, 0.000448911800049, 0.000656312622596, 0.000239083907218, 0.000182048956049, 0.000201715913136, 0.000113160880574, 0.000120497432363, 8.41197979753e-05, 0.000155840520165, 0.00010887546523, 0.000164634402608, 0.000134512010845, 0.000278039573459, 0.000582730281167, 0.000789988902397, 0.00175946042873, 0.00255984766409, 0.00137458089739, 0.000822179776151, 0.000113539470476],
        "dvar": [3.99216469305e-06, 0.000161716467119, 5.67413771932e-05, 2.52684712905e-05, 4.84158008476e-05, 2.75266174867e-05, 3.90876124357e-07, 5.9481453718e-07, 1.58008083417e-06, 1.20622459576e-07, 5.88167026194e-08, 8.6095880647e-08, 7.9800685171e-08, 2.99475217957e-08, 1.85208737236e-08, 7.29025231294e-08, 1.87269257879e-08, 6.50293117133e-08, 3.36256427147e-08, 1.91156331653e-07, 1.20620177313e-06, 9.9767271422e-07, 7.69397593103e-06, 2.09781155718e-05, 5.30370971319e-06, 1.57264696554e-06, 5.02834964777e-08],
        "dvar2": [1.14028889584e-05, 0.000460608687717, 0.000134894391522, 6.95156486472e-05, 0.000125018283143, 7.21678879927e-05, 9.80396066552e-07, 1.52589689151e-06, 4.09875929108e-06, 2.87912769181e-07, 1.46752356045e-07, 2.18143952679e-07, 2.27168527545e-07, 8.10087641412e-08, 4.69782186485e-08, 2.04599459153e-07, 4.52017197006e-08, 1.62562272976e-07, 7.66502878946e-08, 4.75995420857e-07, 3.31546516463e-06, 2.66129836746e-06, 2.11777496588e-05, 5.8789504692e-05, 1.47712999023e-05, 4.16842249251e-06, 1.23625497395e-07],
        "max": [0.0242349095643, 0.103245258331, 0.0734024867415, 0.0512927100062, 0.0667204707861, 0.0867145732045, 0.0114178983495, 0.0109628755599, 0.0141013721004, 0.00478645041585, 0.004932125099, 0.00701039703563, 0.00745659554377, 0.00328764412552, 0.0042761778459, 0.00625068834051, 0.00304781342857, 0.00230024848133, 0.00228759436868, 0.00426204921678, 0.0104845324531, 0.00653027184308, 0.0175678413361, 0.0316449254751, 0.015031256713, 0.0127386869863, 0.00275885430165],
        "mean": [0.00153447245248, 0.0218760408461, 0.00391463795677, 0.001655299915, 0.00580322742462, 0.00243186159059, 0.00102701201104, 0.000500707654282, 0.00058343145065, 0.0002442333207, 0.000241694346187, 0.000261244043941, 8.70050280355e-05, 8.76213089214e-05, 6.73687609378e-05, 0.000129852356622, 9.38267767197e-05, 8.94849727047e-05, 0.000104020291474, 0.000157080168719, 0.000262471090537, 0.000340093130944, 0.000695437483955, 0.00095860264264, 0.000518541550264, 0.000312542862957, 5.08026314492e-05],
        "median": [0.000739586190321, 0.0169729292393, 0.00125271605793, 0.000630056601949, 0.00311422999948, 0.000963229860645, 0.000425610051025, 9.98594623525e-05, 0.000153263565153, 5.34289647476e-05, 8.16439496703e-05, 7.38921953598e-05, 3.19005521305e-05, 3.22052619595e-05, 1.76638623088e-05, 2.44436705543e-05, 1.50077166836e-05, 1.03696793303e-05, 1.37521110446e-05, 1.57513404702e-05, 1.40819083754e-05, 1.11068738988e-05, 7.16080648999e-06, 1.06021316242e-05, 6.09605012869e-06, 1.9804783733e-06, 2.33673915773e-07],
        "min": [3.7613057566e-24, 3.05644378609e-23, 7.58858947274e-23, 1.65113431069e-23, 2.00252545894e-23, 7.14976760818e-23, 3.66545292462e-23, 6.57307115896e-23, 5.25037387968e-23, 1.93080443425e-23, 7.82409790065e-23, 1.28610303163e-22, 1.15669134676e-22, 9.4556717741e-23, 1.42670934694e-22, 1.39032935391e-22, 2.19558493444e-22, 2.14779233293e-22, 1.80557399617e-22, 2.32328245612e-22, 3.72007138178e-22, 4.0783454992e-22, 6.76168502461e-22, 9.52994763528e-22, 1.20035943006e-21, 1.97947248836e-21, 2.27158336491e-21],
        "var": [4.41313341071e-06, 0.000411797227571, 7.38850067137e-05, 1.75930108526e-05, 6.01589417784e-05, 2.56986895693e-05, 1.64507173395e-06, 1.00710417428e-06, 1.69115583049e-06, 2.35726133724e-07, 1.55819023462e-07, 2.45450763714e-07, 5.4403727745e-08, 2.97205833277e-08, 2.24912106717e-08, 8.28845259093e-08, 4.16987937513e-08, 5.65043585254e-08, 4.9706439853e-08, 1.90806488831e-07, 9.1317707529e-07, 8.08419997611e-07, 5.01748536408e-06, 1.28018009491e-05, 3.30099669554e-06, 1.10223311367e-06, 4.16366994216e-08]
    },
    "erbbands": {
        "dmean": [0.332058250904, 2.12799882889, 3.76386260986, 3.95858502388, 10.7724723816, 14.631477356, 11.4522008896, 15.6596498489, 7.31220436096, 5.81721067429, 7.94516992569, 7.89841985703, 7.02907705307, 4.09713840485, 4.04283952713, 4.44911527634, 3.41396355629, 3.38163232803, 2.48917198181, 3.57008481026, 5.1204791069, 3.77413678169, 4.6588640213, 4.98388290405, 4.64130496979, 7.68094110489, 13.7887382507, 12.4289283752, 16.0967235565, 19.6520442963, 30.5027770996, 37.1946220398, 20.2872772217, 9.64570903778, 5.00866413116, 2.97403645515, 0.599493920803, 0.103716462851, 0.0129651445895, 0.00065279455157],
        "dmean2": [0.493522644043, 3.42484164238, 6.4180226326, 6.36991691589, 18.0288162231, 25.5814208984, 20.0566654205, 26.810956955, 11.6387166977, 9.14403152466, 12.5712509155, 12.6383218765, 11.2076454163, 6.30621337891, 6.44218349457, 7.12464857101, 5.62290477753, 5.68075752258, 4.36971473694, 5.92403554916, 8.52118492126, 6.1172170639, 7.87171459198, 8.42340660095, 7.58869218826, 12.7670450211, 23.0588951111, 21.2635059357, 28.9187259674, 32.7474594116, 53.3157997131, 66.8605422974, 35.3546867371, 16.8792495728, 8.88142585754, 5.27186870575, 1.02988266945, 0.175875008106, 0.0217326898128, 0.00108705402818],
        "dvar": [0.204660192132, 8.64982223511, 78.8082122803, 125.922370911, 423.165802002, 756.440429688, 532.465637207, 2369.48730469, 315.313018799, 101.015151978, 627.070129395, 590.794372559, 363.025909424, 51.4910469055, 78.6118850708, 117.350334167, 162.093826294, 94.2805023193, 30.0919075012, 76.3345184326, 204.701171875, 58.6058540344, 144.256469727, 148.160873413, 131.719863892, 395.813232422, 2215.04956055, 1268.51745605, 1386.15344238, 1976.55444336, 7401.21142578, 14018.1748047, 4221.3359375, 855.233947754, 191.910400391, 58.1051940918, 2.65736556053, 0.0995668396354, 0.00182869157288, 4.33352397522e-06],
        "dvar2": [0.479777097702, 25.6622409821, 203.755371094, 299.321685791, 1082.9954834, 2095.31347656, 1467.9942627, 6030.05859375, 790.415405273, 256.215393066, 1637.71228027, 1527.6451416, 903.833496094, 127.565177917, 202.176818848, 309.35723877, 458.994110107, 251.507400513, 81.8976593018, 199.077224731, 568.936096191, 140.284927368, 352.72177124, 368.799865723, 331.23651123, 1023.92938232, 5916.14208984, 3439.48388672, 3774.7175293, 5113.68310547, 20521.7460938, 39617.8554688, 11743.5605469, 2379.51977539, 531.52557373, 156.466445923, 6.88124799728, 0.25575196743, 0.00455596484244, 1.07954192572e-05],
        "max": [5.67267417908, 25.823972702, 86.3776092529, 121.598770142, 306.86227417, 293.59286499, 346.155853271, 778.091674805, 205.456558228, 187.954223633, 318.773803711, 271.973846436, 216.197250366, 138.840332031, 190.52494812, 254.52154541, 362.863494873, 215.438446045, 103.186294556, 136.089187622, 338.819824219, 169.850906372, 107.507408142, 162.726806641, 120.825294495, 187.264648438, 460.866027832, 318.10546875, 267.465881348, 287.660064697, 565.804260254, 850.157409668, 443.615844727, 197.14012146, 92.5010604858, 73.2445831299, 16.7398700714, 3.72729253769, 0.53557407856, 0.0263904165477],
        "mean": [0.823251128197, 4.00134754181, 5.85640001297, 4.51694202423, 13.5555744171, 21.7897586823, 16.5719604492, 19.3789596558, 13.6786403656, 15.0165271759, 13.2861738205, 11.120267868, 10.3125457764, 8.32556247711, 8.32460594177, 8.73868751526, 5.42491865158, 4.72505521774, 3.0157790184, 4.64942979813, 8.03693389893, 5.42780971527, 4.43292427063, 5.4349656105, 5.46620988846, 7.04311037064, 11.0396327972, 10.0283813477, 12.2586364746, 14.5779867172, 20.6178703308, 23.7075519562, 13.815071106, 6.53815603256, 3.2851190567, 1.9303548336, 0.414233893156, 0.0733694434166, 0.00940250884742, 0.000512829108629],
        "median": [0.458839476109, 2.88997411728, 2.5469288826, 1.87457346916, 6.05713319778, 11.3317689896, 9.63118934631, 6.66433811188, 6.00889968872, 5.40168905258, 3.05438280106, 2.88151335716, 3.26632094383, 3.36417746544, 3.25476765633, 3.00308084488, 2.2303340435, 1.8100925684, 1.25380527973, 1.01956152916, 1.57760906219, 0.928436279297, 0.610754132271, 0.667591392994, 0.895410299301, 0.699870646, 0.560517549515, 0.614584088326, 0.384974181652, 0.299871295691, 0.185685828328, 0.239343568683, 0.156637370586, 0.0802721306682, 0.0393790751696, 0.0140278981999, 0.00238751620054, 0.00042557856068, 6.42464437988e-05, 5.14205967193e-05],
        "min": [1.26763601241e-21, 6.82056459283e-21, 6.7689818037e-20, 8.46674416158e-20, 2.52028474804e-20, 1.20075036983e-19, 1.28442434168e-19, 8.0991647429e-19, 5.42840430614e-19, 1.34298076744e-18, 8.72348292914e-19, 1.18223817112e-18, 9.51450540916e-19, 1.45120142736e-18, 4.01586840254e-18, 5.56621786947e-18, 4.81131464448e-18, 4.70212101336e-18, 5.36004475615e-18, 8.72631871107e-18, 7.15671868333e-18, 1.36258757425e-17, 1.35401500526e-17, 1.13145230072e-17, 1.02638133777e-17, 9.08775610691e-18, 1.34520023778e-17, 1.6736479337e-17, 1.41584468809e-17, 1.52345443378e-17, 1.88933759453e-17, 1.75499022816e-17, 1.90596078156e-17, 1.33102070772e-17, 9.3306527307e-18, 7.76812757874e-18, 3.4284518808e-18, 1.1560294704e-18, 3.59873895231e-19, 3.28969891171e-20],
        "var": [0.849516391754, 15.0042104721, 102.954315186, 119.850471497, 494.282073975, 847.164367676, 577.659423828, 2103.94091797, 415.273284912, 445.286132812, 769.521728516, 667.372802734, 413.966278076, 139.091659546, 166.263549805, 253.099380493, 137.080001831, 100.446372986, 26.8031272888, 87.9457778931, 292.180114746, 119.44720459, 132.52104187, 158.262420654, 155.209442139, 375.528198242, 1788.6796875, 1024.54040527, 1118.75463867, 1586.4432373, 4707.72949219, 8315.43261719, 2631.56176758, 534.776977539, 120.934783936, 39.0927124023, 1.97424614429, 0.0752963200212, 0.00147201516666, 3.57249200533e-06]
    },
    "gfcc": {
        "mean": [-55.1229476929, 109.96648407, -68.0170135498, 29.6530990601, -52.8343429565, 16.4856128693, -31.1379089355, 3.68247461319, -16.6197128296, 3.26977658272, -6.31703996658, 3.85375499725, -0.931367635727],
        "cov": [[16679.6386719, -5042.42529297, 2147.21899414, 2934.92895508, -480.25680542, 1017.26324463, -378.406768799, 974.760925293, -433.854736328, 152.195343018, -575.518615723, 436.658569336, -465.811981201], [-5042.42529297, 3694.80566406, -1140.44128418, -956.788024902, 685.016845703, -506.408966064, 495.311401367, -426.861206055, 200.682510376, -202.890365601, 280.328430176, -240.998855591, 266.116973877], [2147.21899414, -1140.44128418, 2092.94775391, 891.310913086, -152.06640625, 531.123046875, -219.427703857, 175.424072266, -78.8970413208, 74.3807144165, -58.7301368713, 95.0816497803, -137.92338562], [2934.92895508, -956.788024902, 891.310913086, 1492.25952148, 112.895095825, 240.198242188, -162.466751099, 216.925369263, -23.7861843109, 5.69514513016, -71.3294143677, 55.521030426, -11.1925477982], [-480.25680542, 685.016845703, -152.06640625, 112.895095825, 730.065124512, -94.2630004883, 125.699806213, -8.85046386719, 66.898475647, -15.8305330276, -19.7398052216, -14.0986890793, 42.2034454346], [1017.26324463, -506.408966064, 531.123046875, 240.198242188, -94.2630004883, 494.195159912, -33.8250617981, 130.98600769, 3.89818954468, 51.524684906, 13.5139694214, 22.1026706696, -59.7060623169], [-378.406768799, 495.311401367, -219.427703857, -162.466751099, 125.699806213, -33.8250617981, 312.041656494, 29.3909759521, 88.3869934082, 18.5853347778, 49.8720245361, -20.7704429626, 12.3225107193], [974.760925293, -426.861206055, 175.424072266, 216.925369263, -8.85046386719, 130.98600769, 29.3909759521, 259.859313965, 54.8909225464, 56.2371635437, -17.5562267303, 44.9587478638, -4.67201805115], [-433.854736328, 200.682510376, -78.8970413208, -23.7861843109, 66.898475647, 3.89818954468, 88.3869934082, 54.8909225464, 200.653579712, 41.5814094543, 57.1888122559, -7.81790733337, 38.714427948], [152.195343018, -202.890365601, 74.3807144165, 5.69514513016, -15.8305330276, 51.524684906, 18.5853347778, 56.2371635437, 41.5814094543, 125.600067139, 17.9461078644, 29.8458938599, -21.2306003571], [-575.518615723, 280.328430176, -58.7301368713, -71.3294143677, -19.7398052216, 13.5139694214, 49.8720245361, -17.5562267303, 57.1888122559, 17.9461078644, 170.578414917, 7.86714982986, 29.0676612854], [436.658569336, -240.998855591, 95.0816497803, 55.521030426, -14.0986890793, 22.1026706696, -20.7704429626, 44.9587478638, -7.81790733337, 29.8458938599, 7.86714982986, 123.9453125, 13.5700683594], [-465.811981201, 266.116973877, -137.92338562, -11.1925477982, 42.2034454346, -59.7060623169, 12.3225107193, -4.67201805115, 38.714427948, -21.2306003571, 29.0676612854, 13.5700683594, 135.660858154]],
        "icov": [[0.000180280170753, 7.78267567512e-05, 7.12141045369e-05, -0.000281084299786, 7.60920447647e-05, -0.00011994165834, -0.000183131211088, -0.000259383610683, 0.000240752735408, 0.0001137976069, 0.000294442084851, -0.000390700210119, 0.000371900619939], [7.78267567512e-05, 0.00124234950636, -0.000111382265459, 0.000335401855409, -0.000830330071039, 0.000263704278041, -0.00120419508312, 0.000946237181779, -9.64212013059e-05, 0.00116374110803, -0.00125902344007, 0.00133628735784, -0.00139329535887], [7.12141045369e-05, -0.000111382265459, 0.000954516115598, -0.000576858583372, 0.000213081148104, -0.000777799577918, 0.000297830876661, -5.25630566699e-05, 0.000152392865857, -0.000258031650446, 0.000368686101865, -0.000755303248297, 0.00086107122479], [-0.000281084299786, 0.000335401855409, -0.000576858583372, 0.00171540945303, -0.000769332575146, 0.000326233392116, 0.000327320682118, -2.44092661887e-05, -0.000379016099032, 0.000588541617617, -0.000942362705246, 0.00128662679344, -0.00144220492803], [7.60920447647e-05, -0.000830330071039, 0.000213081148104, -0.000769332575146, 0.00231554522179, -8.93575561349e-05, -2.69083229796e-05, -0.000478681671666, -0.000217479333514, -0.000654520117678, 0.00163717207033, -0.00132364046294, 0.00101075903513], [-0.00011994165834, 0.000263704278041, -0.000777799577918, 0.000326233392116, -8.93575561349e-05, 0.00339810736477, -0.000141362601425, -0.000811304838862, -0.000120589029393, -4.41858101112e-05, -0.00129942584317, 0.00112485757563, 8.66735445015e-06], [-0.000183131211088, -0.00120419508312, 0.000297830876661, 0.000327320682118, -2.69083229796e-05, -0.000141362601425, 0.0057394518517, -0.00174179463647, -0.00116422201972, -0.00117076025344, 8.71667543834e-06, -0.000424784811912, 0.00161766586825], [-0.000259383610683, 0.000946237181779, -5.25630566699e-05, -2.44092661887e-05, -0.000478681671666, -0.000811304838862, -0.00174179463647, 0.00754340225831, -0.00209314376116, -0.000658873002976, -4.05168721045e-05, 0.00012639691704, -0.00210214755498], [0.000240752735408, -9.64212013059e-05, 0.000152392865857, -0.000379016099032, -0.000217479333514, -0.000120589029393, -0.00116422201972, -0.00209314376116, 0.00785893015563, -0.00221052230336, -0.00125924579334, 0.000818876782432, -0.00121307617519], [0.0001137976069, 0.00116374110803, -0.000258031650446, 0.000588541617617, -0.000654520117678, -4.41858101112e-05, -0.00117076025344, -0.000658873002976, -0.00221052230336, 0.0116961319, -0.00179552473128, -0.00119289278518, 0.00112724734936], [0.000294442084851, -0.00125902344007, 0.000368686101865, -0.000942362705246, 0.00163717207033, -0.00129942584317, 8.71667543834e-06, -4.05168721045e-05, -0.00125924579334, -0.00179552473128, 0.00952519569546, -0.00327965547331, 0.0010599330999], [-0.000390700210119, 0.00133628735784, -0.000755303248297, 0.00128662679344, -0.00132364046294, 0.00112485757563, -0.000424784811912, 0.00012639691704, 0.000818876782432, -0.00119289278518, -0.00327965547331, 0.0126345222816, -0.00465627713129], [0.000371900619939, -0.00139329535887, 0.00086107122479, -0.00144220492803, 0.00101075903513, 8.66735445015e-06, 0.00161766586825, -0.00210214755498, -0.00121307617519, 0.00112724734936, 0.0010599330999, -0.00465627713129, 0.0123691689223]]
    },
    "melbands": {
        "dmean": [0.00285275420174, 0.00214203679934, 0.000843308400363, 0.000952124712057, 0.000427746068453, 0.000352461735019, 0.000108785723569, 6.0919977841e-05, 7.0555266575e-05, 4.94748201163e-05, 3.4736811358e-05, 1.65176734299e-05, 1.5095715753e-05, 1.17206791401e-05, 1.30669322971e-05, 6.76134732203e-06, 6.60705700284e-06, 4.23936398875e-06, 4.46352578365e-06, 5.68161158299e-06, 6.08331902185e-06, 4.2731026042e-06, 2.96667076327e-06, 5.36541938345e-06, 4.0182394514e-06, 3.08274957206e-06, 3.77436163035e-06, 5.39572010894e-06, 9.37217373576e-06, 6.97451469023e-06, 7.3692267506e-06, 9.31760041567e-06, 8.8588503786e-06, 1.10528317236e-05, 1.54655172082e-05, 2.19665416807e-05, 2.36296509684e-05, 1.67725302163e-05, 9.22856088437e-06, 7.000432106e-06],
        "dmean2": [0.00437034014612, 0.00357354269363, 0.00136449025013, 0.00162274390459, 0.000748521299101, 0.000606195535511, 0.000173057647771, 9.64034188655e-05, 0.000111738037958, 7.90220219642e-05, 5.51428929612e-05, 2.52766076301e-05, 2.38096035901e-05, 1.90256432688e-05, 2.03540075745e-05, 1.13957376016e-05, 1.10942628453e-05, 7.54694065108e-06, 7.32030139261e-06, 9.74495287664e-06, 1.00816123449e-05, 6.96276629242e-06, 4.85455529997e-06, 9.24061805563e-06, 6.79321783537e-06, 4.97216069562e-06, 6.28908537692e-06, 8.97581503523e-06, 1.6056412278e-05, 1.14712547656e-05, 1.27124339997e-05, 1.68246424437e-05, 1.56455389515e-05, 1.82896437764e-05, 2.70008822554e-05, 3.92846850445e-05, 4.26086007792e-05, 2.9605382224e-05, 1.57680606208e-05, 1.22679484775e-05],
        "dvar": [1.35553491418e-05, 1.53070795932e-05, 4.21142431151e-06, 2.79537766801e-06, 7.33555737042e-07, 1.10403186682e-06, 6.39878550146e-08, 1.10169864342e-08, 5.21478185078e-08, 2.22447091858e-08, 8.43484659896e-09, 8.06245681328e-10, 1.12413978126e-09, 9.9087271721e-10, 1.09143594162e-09, 1.23798793439e-09, 3.2482519452e-10, 8.5928320015e-11, 1.5536973097e-10, 2.99424707251e-10, 2.30373525811e-10, 7.71120112208e-11, 4.6110514712e-11, 2.31706390186e-10, 9.49914730208e-11, 4.89569287887e-11, 8.95952478874e-11, 1.89332521883e-10, 1.09073494681e-09, 5.2581788923e-10, 4.44084241602e-10, 5.25962884357e-10, 4.23986928899e-10, 6.31042607058e-10, 1.73167324924e-09, 4.69949146265e-09, 5.89790083438e-09, 3.12153014548e-09, 7.5831951829e-10, 4.31558816461e-10],
        "dvar2": [3.54923431587e-05, 4.23636265623e-05, 1.00560173451e-05, 7.1846834544e-06, 2.01133570954e-06, 2.83415010927e-06, 1.61554353895e-07, 2.80071432712e-08, 1.3673569299e-07, 5.73327518794e-08, 2.08626076414e-08, 1.94246241314e-09, 2.83808909707e-09, 2.544414901e-09, 2.7366773292e-09, 3.53370022133e-09, 8.62715066052e-10, 2.39028213889e-10, 3.91914306563e-10, 8.37106328699e-10, 6.25500595763e-10, 1.87073356805e-10, 1.00343469644e-10, 6.03596284066e-10, 2.3620527756e-10, 1.09702393003e-10, 2.39420649972e-10, 4.81152007126e-10, 2.93150037578e-09, 1.39945410815e-09, 1.21252763385e-09, 1.46881118379e-09, 1.14130893625e-09, 1.57153656755e-09, 4.76135841865e-09, 1.31989361662e-08, 1.67072560231e-08, 8.75551542379e-09, 2.07066319646e-09, 1.20313359275e-09],
        "max": [0.0365445688367, 0.0386165268719, 0.0219027493149, 0.0179475806653, 0.0107632707804, 0.0169432070106, 0.00270790164359, 0.00166149286088, 0.00300977844745, 0.00157978548668, 0.00106907892041, 0.000512970087584, 0.000684567959979, 0.000829821336083, 0.00103612837847, 0.000924707390368, 0.000370202906197, 0.000127435152535, 0.000453302549431, 0.000374097202439, 0.000326748064253, 0.000206842116313, 8.65665933816e-05, 0.000152567983605, 0.000162337339134, 8.09341363492e-05, 9.25872664084e-05, 0.000122441197163, 0.000323329673847, 0.000228067219723, 0.000186459394172, 0.000190276899957, 0.000152523934958, 0.000156889378559, 0.000283071392914, 0.000454223743873, 0.000553686695639, 0.000378717581043, 0.000181952287676, 0.000143526034663],
        "mean": [0.00649374630302, 0.00390512053855, 0.00102449953556, 0.00137766299304, 0.00065832445398, 0.000445495679742, 0.000209847057704, 0.000152137625264, 0.000112121357233, 6.78594078636e-05, 5.12050828547e-05, 3.35354488925e-05, 3.15246834361e-05, 2.22437010962e-05, 2.40995723289e-05, 8.36847539176e-06, 8.86522502697e-06, 4.53311940873e-06, 5.68823497815e-06, 7.12852670404e-06, 9.66675725067e-06, 6.17808700554e-06, 3.18623096973e-06, 4.64845106762e-06, 4.35143374489e-06, 4.01190936827e-06, 3.78081495001e-06, 4.83238500237e-06, 7.51961579226e-06, 5.74138721277e-06, 5.81829090152e-06, 7.13256895324e-06, 6.44348847345e-06, 8.34831917018e-06, 1.05661692942e-05, 1.42425778904e-05, 1.49684337885e-05, 1.11567369458e-05, 6.54240693621e-06, 4.73994759886e-06],
        "median": [0.00421732105315, 0.00240183272399, 0.000458352500573, 0.000715662317816, 0.000386390369385, 0.000168219426996, 9.4000955869e-05, 4.61957097286e-05, 1.7579211999e-05, 1.83876400115e-05, 1.43113829836e-05, 1.24959897221e-05, 1.17310992209e-05, 5.86691976423e-06, 6.69081146043e-06, 2.50462085205e-06, 3.08419203066e-06, 1.71709223196e-06, 1.37786162213e-06, 1.18285754525e-06, 1.71802992099e-06, 9.8250791325e-07, 4.79260620523e-07, 4.44984181058e-07, 4.70111189088e-07, 5.9290448462e-07, 5.71111854697e-07, 3.70915472558e-07, 3.22671496633e-07, 3.61858894848e-07, 3.08501995505e-07, 2.13455763287e-07, 1.70876802486e-07, 1.59579201409e-07, 8.59472706338e-08, 1.3769037821e-07, 1.45700710164e-07, 1.12597476232e-07, 7.83780436109e-08, 5.34715383083e-08],
        "min": [9.55087308586e-24, 2.617618135e-23, 1.30943542306e-23, 4.50093621931e-24, 4.97205696812e-24, 1.69198515712e-23, 8.09276467676e-24, 1.59664311257e-23, 6.86743807673e-24, 7.35600882319e-24, 4.43224970586e-24, 4.9622143506e-24, 1.28768447686e-23, 1.26776013809e-23, 1.51595305493e-23, 9.65136055455e-24, 8.36399004433e-24, 7.25057992979e-24, 1.33409915926e-23, 1.09516904717e-23, 7.08737249711e-24, 1.26109134466e-23, 1.27016640051e-23, 1.12757403321e-23, 9.18648561197e-24, 6.3934596793e-24, 8.81430498119e-24, 5.13987174291e-24, 8.27884592025e-24, 9.37564104641e-24, 9.8789753247e-24, 8.51976482956e-24, 6.26077643049e-24, 9.67841138386e-24, 1.08748341203e-23, 1.06078962118e-23, 1.06777616778e-23, 1.38689667301e-23, 1.13303003189e-23, 1.14050969545e-23],
        "var": [4.19945572503e-05, 2.3318149033e-05, 4.271119451e-06, 3.5834245864e-06, 7.92695573182e-07, 9.94645461105e-07, 8.81090045368e-08, 4.43806627004e-08, 6.18055366886e-08, 2.39388349144e-08, 1.02949000436e-08, 2.36394370745e-09, 2.61798116519e-09, 2.33219044077e-09, 2.9585685013e-09, 8.19030288035e-10, 3.57136376028e-10, 6.89454604519e-11, 1.94565225042e-10, 2.81368012223e-10, 4.09457800998e-10, 1.67831235021e-10, 5.63739228909e-11, 1.82330872622e-10, 1.04518366184e-10, 7.59798474137e-11, 8.64680757551e-11, 1.8134961588e-10, 8.74285255303e-10, 4.28656193874e-10, 3.49075157668e-10, 4.27159252414e-10, 3.04409608631e-10, 5.38226518909e-10, 1.13144527081e-09, 2.83744472362e-09, 3.47068263018e-09, 1.89624937974e-09, 4.99594254855e-10, 2.69222338867e-10]
    },
    "mfcc": {
        "mean": [-711.528320312, 138.607192993, 43.7304344177, 24.1838588715, 10.3270654678, 12.0025529861, 3.16771411896, 4.02781057358, 0.0792235210538, 0.657217204571, -4.20768642426, 4.10777950287, 3.78706932068],
        "cov": [[12779.8662109, -3176.04516602, 944.453979492, 1112.77478027, 307.027954102, 153.681884766, 97.7071075439, 481.966888428, 240.48651123, 194.870437622, -39.0363426208, -43.6059188843, -204.482666016], [-3176.04516602, 3287.99243164, -939.753417969, -98.3042678833, -62.2051696777, 73.7752761841, 170.169204712, -46.3782730103, 59.3975410461, -114.09311676, 18.6849346161, 87.8283615112, 71.6291046143], [944.453979492, -939.753417969, 1609.56945801, 169.559020996, 215.865341187, 212.989486694, 44.2378120422, 81.134552002, -80.0932922363, 72.4545135498, 1.43981635571, -17.885641098, -49.9878997803], [1112.77478027, -98.3042678833, 169.559020996, 1039.11047363, 397.708679199, 147.919616699, 78.9820556641, 94.7358398438, 97.585975647, 14.4358501434, -16.6619167328, -25.0468158722, -31.7640972137], [307.027954102, -62.2051696777, 215.865341187, 397.708679199, 518.93145752, 174.860321045, 57.2068099976, 60.1052246094, 42.3809547424, 41.8572845459, -17.347530365, -4.71496105194, -23.9269943237], [153.681884766, 73.7752761841, 212.989486694, 147.919616699, 174.860321045, 269.444885254, 79.4761657715, 56.4943161011, 14.7968940735, 35.0139350891, 35.2452926636, 1.35549426079, -19.2154502869], [97.7071075439, 170.169204712, 44.2378120422, 78.9820556641, 57.2068099976, 79.4761657715, 186.273910522, 65.5202484131, 34.7824211121, 22.9511394501, 15.8512716293, 31.1640052795, 6.9740023613], [481.966888428, -46.3782730103, 81.134552002, 94.7358398438, 60.1052246094, 56.4943161011, 65.5202484131, 172.587142944, 64.7855987549, 58.115814209, 23.7346687317, 27.0799388885, 37.4835319519], [240.48651123, 59.3975410461, -80.0932922363, 97.585975647, 42.3809547424, 14.7968940735, 34.7824211121, 64.7855987549, 188.064193726, 71.9114456177, 27.4250049591, 21.3446121216, 16.7173156738], [194.870437622, -114.09311676, 72.4545135498, 14.4358501434, 41.8572845459, 35.0139350891, 22.9511394501, 58.115814209, 71.9114456177, 162.27406311, 64.8002548218, 9.90678977966, 10.3340463638], [-39.0363426208, 18.6849346161, 1.43981635571, -16.6619167328, -17.347530365, 35.2452926636, 15.8512716293, 23.7346687317, 27.4250049591, 64.8002548218, 126.704940796, 58.5227012634, 22.5900363922], [-43.6059188843, 87.8283615112, -17.885641098, -25.0468158722, -4.71496105194, 1.35549426079, 31.1640052795, 27.0799388885, 21.3446121216, 9.90678977966, 58.5227012634, 132.00869751, 80.4486236572], [-204.482666016, 71.6291046143, -49.9878997803, -31.7640972137, -23.9269943237, -19.2154502869, 6.9740023613, 37.4835319519, 16.7173156738, 10.3340463638, 22.5900363922, 80.4486236572, 146.722885132]],
