{
"lowlevel": {
    "average_loudness": 0.192996621132,
    "barkbands_crest": {
        "dmean": 1.55679166317,
        "dmean2": 2.41720128059,
        "dvar": 2.38455820084,
        "dvar2": 6.42476797104,
        "max": 26.5706157684,
        "mean": 12.3498086929,
        "median": 11.4668483734,
        "min": 3.82540917397,
        "var": 21.6181716919
    },
    "barkbands_flatness_db": {
        "dmean": 0.0118108829483,
        "dmean2": 0.0189076699317,
        "dvar": 0.000150150270201,
        "dvar2": 0.000368694425561,
        "max": 0.613725066185,
        "mean": 0.265574097633,
        "median": 0.251037418842,
        "min": 0.0745946913958,
        "var": 0.00482757342979
    },
    "barkbands_kurtosis": {
        "dmean": 2.37937259674,
        "dmean2": 3.68749856949,
        "dvar": 66.865524292,
        "dvar2": 137.992797852,
        "max": 639.601989746,
        "mean": 6.69740629196,
        "median": 3.50141978264,
        "min": -1.88824164867,
        "var": 428.497406006
    },
    "barkbands_skewness": {
        "dmean": 0.330410480499,
        "dmean2": 0.50730907917,
        "dvar": 0.176099419594,
        "dvar2": 0.421270787716,
        "max": 19.4463481903,
        "mean": 1.70625638962,
        "median": 1.5863147974,
        "min": -7.23528528214,
        "var": 1.56553041935
    },
    "barkbands_spread": {
        "dmean": 1.24184799194,
        "dmean2": 1.93256139755,
        "dvar": 3.46607398987,
        "dvar2": 8.75109291077,
        "max": 105.807357788,
        "mean": 7.42374849319,
        "median": 6.60568475723,
        "min": 0.125105023384,
        "var": 24.9304561615
    },
    "dissonance": {
        "dmean": 0.0278141815215,
        "dmean2": 0.0463137924671,
        "dvar": 0.000850430165883,
        "dvar2": 0.00235962006263,
        "max": 0.499999880791,
        "mean": 0.411865442991,
        "median": 0.424802869558,
        "min": 0.0119941886514,
        "var": 0.00328511954285
    },
    "dynamic_complexity": 5.17834186554,
    "erbbands_crest": {
        "dmean": 1.73250567913,
        "dmean2": 2.58743619919,
        "dvar": 3.29575181007,
        "dvar2": 7.77207803726,
        "max": 33.9672584534,
        "mean": 11.7849378586,
        "median": 10.2429904938,
        "min": 2.99472570419,
        "var": 33.4023742676
    },
    "erbbands_flatness_db": {
        "dmean": 0.00920930039138,
        "dmean2": 0.0138274561614,
        "dvar": 0.000114958900667,
        "dvar2": 0.000250046548899,
        "max": 0.593881309032,
        "mean": 0.287793666124,
        "median": 0.271959543228,
        "min": 0.0410131700337,
        "var": 0.00421033008024
    },
    "erbbands_kurtosis": {
        "dmean": 0.97317558527,
        "dmean2": 1.5078701973,
        "dvar": 4.66487646103,
        "dvar2": 11.0873842239,
        "max": 99.8118438721,
        "mean": 1.60163640976,
        "median": 0.103752374649,
        "min": -1.70460176468,
        "var": 37.7542495728
    },
    "erbbands_skewness": {
        "dmean": 0.267755389214,
        "dmean2": 0.408479869366,
        "dvar": 0.0747547000647,
        "dvar2": 0.182077735662,
        "max": 7.65150260925,
        "mean": 0.773626923561,
        "median": 0.673667907715,
        "min": -3.21180987358,
        "var": 0.916124999523
    },
    "erbbands_spread": {
        "dmean": 2.49126982689,
        "dmean2": 3.82013559341,
        "dvar": 6.26270294189,
        "dvar2": 14.7167358398,
        "max": 98.6482467651,
        "mean": 18.3553333282,
        "median": 18.2588653564,
        "min": 0.409235328436,
        "var": 72.6558837891
    },
    "hfc": {
        "dmean": 1.47450339794,
        "dmean2": 2.2283000946,
        "dvar": 8.29933929443,
        "dvar2": 21.8631381989,
        "max": 76.0817337036,
        "mean": 8.24223899841,
        "median": 5.31406974792,
        "min": 1.20805122722e-16,
        "var": 74.8617248535
    },
    "melbands_crest": {
        "dmean": 1.79273283482,
        "dmean2": 2.79882264137,
        "dvar": 3.39600276947,
        "dvar2": 9.36671352386,
        "max": 33.2633628845,
        "mean": 14.4624357224,
        "median": 13.3559017181,
        "min": 2.79625964165,
        "var": 27.8544120789
    },
    "melbands_flatness_db": {
        "dmean": 0.0123075768352,
        "dmean2": 0.0194117389619,
        "dvar": 0.000160717667313,
        "dvar2": 0.000396359304432,
        "max": 0.699436545372,
        "mean": 0.344327718019,
        "median": 0.330681115389,
        "min": 0.00710013182834,
        "var": 0.00630546780303
    },
    "melbands_kurtosis": {
        "dmean": 2.41813421249,
        "dmean2": 3.73129272461,
        "dvar": 17.4924755096,
        "dvar2": 43.8935279846,
        "max": 166.758972168,
        "mean": 7.98741912842,
        "median": 5.45893192291,
        "min": -1.80498373508,
        "var": 117.436714172
    },
    "melbands_skewness": {
        "dmean": 0.331794261932,
        "dmean2": 0.508009791374,
        "dvar": 0.12326823175,
        "dvar2": 0.303994566202,
        "max": 9.2706451416,
        "mean": 1.93196892738,
        "median": 1.87464570999,
        "min": -2.88502216339,
        "var": 1.0859003067
    },
    "melbands_spread": {
        "dmean": 1.73648321629,
        "dmean2": 2.68968367577,
        "dvar": 8.86326885223,
        "dvar2": 21.4889087677,
        "max": 207.611740112,
        "mean": 9.88798236847,
        "median": 8.62387275696,
        "min": 0.258450359106,
        "var": 45.4646835327
    },
    "pitch_salience": {
        "dmean": 0.0431763827801,
        "dmean2": 0.0672651380301,
        "dvar": 0.00174385274295,
        "dvar2": 0.00447368994355,
        "max": 0.976867198944,
        "mean": 0.544380307198,
        "median": 0.561026513577,
        "min": 0.0406937226653,
        "var": 0.015779428184
    },
    "silence_rate_20dB": {
        "dmean": 0,
        "dmean2": 0,
        "dvar": 0,
        "dvar2": 0,
        "max": 1,
        "mean": 1,
        "median": 1,
        "min": 1,
        "var": 0
    },
    "silence_rate_30dB": {
        "dmean": 0.00393876992166,
        "dmean2": 0.00787824485451,
        "dvar": 0.00392303755507,
        "dvar2": 0.00906898546964,
        "max": 1,
        "mean": 0.992749750614,
        "median": 1,
        "min": 0,
        "var": 0.00719843897969
    },
    "silence_rate_60dB": {
        "dmean": 0.0191567447037,
        "dmean2": 0.0383169203997,
        "dvar": 0.0187891311944,
        "dvar2": 0.0413224287331,
        "max": 1,
        "mean": 0.195130690932,
        "median": 0,
        "min": 0,
        "var": 0.157063081861
    },
    "spectral_centroid": {
        "dmean": 55.2197113037,
        "dmean2": 86.9055404663,
        "dvar": 10184.9023438,
        "dvar2": 13382.3623047,
        "max": 11578.2646484,
        "mean": 584.537719727,
        "median": 537.828857422,
        "min": 208.138305664,
        "var": 56578.9101562
    },
    "spectral_complexity": {
        "dmean": 1.29066336155,
        "dmean2": 2.16204118729,
        "dvar": 1.49281990528,
        "dvar2": 3.76829528809,
        "max": 27,
        "mean": 10.5262260437,
        "median": 10,
        "min": 0,
        "var": 24.7972831726
    },
    "spectral_decrease": {
        "dmean": 8.23691670426e-10,
        "dmean2": 1.27045063358e-09,
        "dvar": 4.09013557306e-18,
        "dvar2": 1.13020069373e-17,
        "max": 4.86813721116e-15,
        "mean": -4.52180559662e-09,
        "median": -2.73686806551e-09,
        "min": -5.9423850729e-08,
        "var": 2.76480487534e-17
    },
    "spectral_energy": {
        "dmean": 0.00322874449193,
        "dmean2": 0.00497751869261,
        "dvar": 6.14707314526e-05,
        "dvar2": 0.000169666469446,
        "max": 0.228824108839,
        "mean": 0.0178138948977,
        "median": 0.0108085349202,
        "min": 1.06623233607e-20,
        "var": 0.000422334182076
    },
    "spectral_energyband_high": {
        "dmean": 6.08027539784e-06,
        "dmean2": 1.02517296909e-05,
        "dvar": 1.39367806185e-09,
        "dvar2": 3.87699694571e-09,
        "max": 0.0017435636837,
        "mean": 1.37598790388e-05,
        "median": 1.93242817659e-06,
        "min": 7.71297211254e-21,
        "var": 3.51427265066e-09
    },
    "spectral_energyband_low": {
        "dmean": 0.000461499410449,
        "dmean2": 0.000779930676799,
        "dvar": 3.7455790789e-06,
        "dvar2": 1.20389831864e-05,
        "max": 0.0571581870317,
        "mean": 0.0012743358966,
        "median": 0.000364877923857,
        "min": 5.25929810533e-23,
        "var": 9.6569156085e-06
    },
    "spectral_energyband_middle_high": {
        "dmean": 0.000517723499797,
        "dmean2": 0.000782821152825,
        "dvar": 1.34401523155e-06,
        "dvar2": 3.22312007484e-06,
        "max": 0.0276058930904,
        "mean": 0.00197663460858,
        "median": 0.000957941694651,
        "min": 1.53788446095e-21,
        "var": 7.86428154242e-06
    },
    "spectral_energyband_middle_low": {
        "dmean": 0.00294261216186,
        "dmean2": 0.00450740242377,
        "dvar": 5.92770957155e-05,
        "dvar2": 0.000164487384609,
        "max": 0.22786052525,
        "mean": 0.0151299349964,
        "median": 0.00821952708066,
        "min": 3.55745016741e-22,
        "var": 0.000359556637704
    },
    "spectral_entropy": {
        "dmean": 0.0888700038195,
        "dmean2": 0.139610156417,
        "dvar": 0.0104621462524,
        "dvar2": 0.0246484335512,
        "max": 9.7933139801,
        "mean": 6.28205966949,
        "median": 6.42756557465,
        "min": 2.9466817379,
        "var": 0.342883318663
    },
    "spectral_flux": {
        "dmean": 0.00844756141305,
        "dmean2": 0.0140552176163,
        "dvar": 0.000218333530938,
        "dvar2": 0.000604607805144,
        "max": 0.350403666496,
        "mean": 0.0321759581566,
        "median": 0.0258109234273,
        "min": 1.03258526729e-10,
        "var": 0.000697174284142
    },
    "spectral_kurtosis": {
        "dmean": 11.2852640152,
        "dmean2": 19.8201408386,
        "dvar": 176.358062744,
        "dvar2": 503.514221191,
        "max": 369.248291016,
        "mean": 35.9643135071,
        "median": 23.4269104004,
        "min": -1.16112351418,
        "var": 1434.28466797
    },
    "spectral_rms": {
        "dmean": 0.000311166368192,
        "dmean2": 0.000469013262773,
        "dvar": 2.41528681499e-07,
        "dvar2": 6.33192030364e-07,
        "max": 0.0149413198233,
        "mean": 0.00358925992623,
        "median": 0.00324729317799,
        "min": 3.22525448189e-12,
        "var": 4.49662502433e-06
    },
    "spectral_rolloff": {
        "dmean": 108.056427002,
        "dmean2": 187.427947998,
        "dvar": 70304.4140625,
        "dvar2": 148776.859375,
        "max": 19832.0800781,
        "mean": 763.524719238,
        "median": 645.99609375,
        "min": 172.265625,
        "var": 549776.75
    },
    "spectral_skewness": {
        "dmean": 0.715532541275,
        "dmean2": 1.25512170792,
        "dvar": 0.485955864191,
        "dvar2": 1.42707574368,
        "max": 15.8740243912,
        "mean": 3.80656886101,
        "median": 3.22733688354,
        "min": -0.0154769169167,
        "var": 3.93686532974
    },
    "spectral_spread": {
        "dmean": 192652.34375,
        "dmean2": 331401.5,
        "dvar": 111991054336,
        "dvar2": 193032519680,
        "max": 40344524,
        "mean": 1709129.125,
        "median": 1703314.375,
        "min": 297556.3125,
        "var": 603505033216
    },
    "spectral_strongpeak": {
        "dmean": 0.253040462732,
        "dmean2": 0.411188274622,
        "dvar": 0.297323614359,
        "dvar2": 0.768835663795,
        "max": 8.87520027161,
        "mean": 1.02620840073,
        "median": 0.764231443405,
        "min": 8.61013482734e-10,
        "var": 0.894376337528
    },
    "zerocrossingrate": {
        "dmean": 0.00274536362849,
        "dmean2": 0.00359439686872,
        "dvar": 2.82388427877e-05,
        "dvar2": 5.56346567464e-05,
        "max": 0.7099609375,
        "mean": 0.0292071476579,
        "median": 0.0263671875,
        "min": 0.0078125,
        "var": 0.000396405492211
    },
    "barkbands": {
        "dmean": [1.30819364585e-06, 3.81704921892e-05, 0.000279618048808, 0.00038389232941, 0.00145783997141, 0.00128256180324, 0.000446368358098, 0.000376105337637, 0.00028628014843, 0.000187312747585, 0.000166573809111, 0.000131330947625, 0.000109708351374, 5.51654557057e-05, 0.0001807588269, 8.42192675918e-05, 4.0182047087e-05, 2.19605790335e-05, 1.28722585941e-05, 8.30020508147e-06, 1.68026917891e-06, 5.92510389197e-07, 2.21763940544e-07, 1.20424431316e-07, 6.45693631895e-08, 2.14276187904e-08, 1.74289613852e-08],
        "dmean2": [2.1126743377e-06, 6.21968938503e-05, 0.000474593107356, 0.000639590201899, 0.00230962922797, 0.00190344103612, 0.000569628027733, 0.00045336803305, 0.000355531723471, 0.000262615038082, 0.000222183662117, 0.000189713915461, 0.000161121206474, 8.79218496266e-05, 0.00029495335184, 0.000143012744957, 6.52977614664e-05, 3.70176094293e-05, 2.20819874812e-05, 1.39557487273e-05, 2.87569491775e-06, 1.02169224192e-06, 3.8380446199e-07, 2.00677831685e-07, 1.09468068388e-07, 3.5581347646e-08, 2.98151192624e-08],
        "dvar": [1.21900892158e-10, 3.56414879832e-08, 1.5517967995e-06, 2.14489705286e-06, 3.11875846819e-05, 2.09574081964e-05, 1.23126517337e-06, 8.42822089453e-07, 8.9289284233e-07, 2.45335399995e-07, 2.96388549259e-07, 1.18649630565e-07, 6.58006342746e-08, 2.39751312137e-08, 4.87242061809e-07, 2.28367568411e-07, 1.16073204381e-08, 5.0647237515e-09, 3.05595948547e-09, 1.94520732855e-09, 5.43294055577e-11, 6.57706614865e-12, 1.27217073681e-12, 2.86571222481e-13, 1.30176739613e-13, 1.5218786653e-14, 2.36393793038e-16],
        "dvar2": [2.82468437529e-10, 1.06620944962e-07, 4.83130270368e-06, 6.66132200422e-06, 8.21952125989e-05, 6.4558647864e-05, 2.10046960092e-06, 1.38155280638e-06, 1.69548945905e-06, 5.02084390064e-07, 4.82063796881e-07, 2.52041388649e-07, 1.35050811423e-07, 5.78571111021e-08, 1.28583042169e-06, 6.25149084499e-07, 2.91306978539e-08, 1.39748959072e-08, 8.77843575608e-09, 5.35144017988e-09, 1.55861074047e-10, 1.96390473328e-11, 3.9545285449e-12, 8.03049955093e-13, 3.89092864915e-13, 4.35412712558e-14, 6.8591611044e-16],
        "max": [0.000487887271447, 0.00733474176377, 0.036706533283, 0.0425012968481, 0.206044405699, 0.204236328602, 0.123200714588, 0.0356709286571, 0.0445821620524, 0.013841480948, 0.0179914738983, 0.0124659789726, 0.00851931516081, 0.00416776398197, 0.0175458285958, 0.0221938118339, 0.00342859583907, 0.00178057537414, 0.00194338453002, 0.00159445800819, 0.00030548722134, 9.76930386969e-05, 6.3572981162e-05, 1.82034982572e-05, 1.89300353668e-05, 9.14031988941e-06, 3.64613526926e-07],
        "mean": [1.6434604504e-06, 0.00011295315926, 0.000697398849297, 0.00100680498872, 0.00478117121384, 0.00473906332627, 0.00195999140851, 0.00142737466376, 0.000952021102421, 0.00047790032113, 0.000457567133708, 0.000285914167762, 0.000229145720368, 0.000106276573206, 0.000296620972222, 0.000129865293275, 7.21748947399e-05, 3.71020578314e-05, 2.26777301577e-05, 1.46203346958e-05, 3.12134375235e-06, 1.25941880924e-06, 5.11540804382e-07, 3.59309410669e-07, 1.99494891717e-07, 8.91328824082e-08, 1.2228416324e-07],
        "median": [1.17866747473e-08, 5.8714313127e-06, 0.000152770880959, 0.000213870182051, 0.00145167554729, 0.00155122042634, 0.000406225619372, 0.00042314757593, 0.000201299015316, 0.000153853470692, 0.000106287589006, 9.27497603698e-05, 7.45172219467e-05, 3.10268005705e-05, 5.87518807151e-05, 2.53181351582e-05, 2.03091549338e-05, 8.93374817679e-06, 4.11720338889e-06, 1.8584053123e-06, 6.04083311373e-07, 2.30997912354e-07, 8.04551731903e-08, 5.14577180866e-08, 2.32734471695e-08, 1.45225467207e-08, 1.16991323296e-07],
        "min": [1.08942211659e-23, 1.98106907341e-23, 1.21852267472e-23, 2.2658767325e-23, 4.93374372944e-23, 3.11287700198e-23, 4.16661278672e-23, 8.79846354981e-23, 1.18863693176e-22, 4.17251599064e-23, 1.16262244481e-22, 6.73973474904e-23, 6.90736706031e-23, 1.12113681778e-22, 1.12878977831e-22, 8.80750137143e-23, 7.28298602023e-23, 4.32255537844e-22, 3.53518030851e-22, 2.85194598523e-22, 4.93178621844e-22, 3.25428221251e-22, 4.52392821726e-22, 9.57811131696e-22, 1.1902763488e-21, 1.56239382654e-21, 2.68228883841e-21],
        "var": [2.26328816799e-10, 1.48424533108e-07, 3.41331815434e-06, 7.12115706847e-06, 0.00010586497956, 9.02185420273e-05, 3.25218388753e-05, 8.25120332593e-06, 5.61431261303e-06, 1.02093997612e-06, 1.58562181696e-06, 4.00069581019e-07, 2.27338389891e-07, 6.39042028183e-08, 9.02299120753e-07, 3.45151846659e-07, 2.85655996635e-08, 8.51559001092e-09, 5.72116043429e-09, 3.74670339198e-09, 9.91011994689e-11, 1.44891095649e-11, 3.14717934873e-12, 1.39722901218e-12, 5.77241000225e-13, 1.43604014314e-13, 1.32134842195e-15]
    },
    "erbbands": {
        "dmean": [0.000352742208634, 0.0141967860982, 0.224634751678, 0.898650169373, 3.56805944443, 4.66479110718, 6.09440898895, 12.6735944748, 7.66964960098, 6.3506770134, 7.62538480759, 6.58811235428, 6.70893192291, 5.72217035294, 4.84079837799, 5.093729496, 5.35309553146, 3.45292806625, 5.12852430344, 7.30905580521, 3.24546504021, 2.10940885544, 0.963845968246, 1.27257323265, 0.438815712929, 0.317320019007, 0.132709503174, 0.0680701136589, 0.0249253157526, 0.0143144130707, 0.00713814655319, 0.00308898813091, 0.00203041057102, 0.00103888998274, 0.000398859585403, 0.000148869497934, 3.65947707905e-05, 8.10974052001e-06, 3.54302028427e-06, 3.70347106582e-06],
        "dmean2": [0.000568360497709, 0.0234050527215, 0.377868264914, 1.51312732697, 5.77960157394, 7.33806037903, 8.38642692566, 19.709728241, 10.2693033218, 7.81443166733, 9.02334403992, 7.88193416595, 9.33791542053, 8.1422328949, 6.48309278488, 7.26800584793, 7.99092388153, 5.404545784, 8.25539684296, 12.073513031, 5.42726039886, 3.44440364838, 1.60005104542, 2.16784954071, 0.741434514523, 0.535506904125, 0.228014141321, 0.115535750985, 0.0429804474115, 0.0243508219719, 0.0125160580501, 0.00524029880762, 0.00339862308465, 0.00174567569047, 0.000676802359521, 0.000249928241828, 6.09004782746e-05, 1.37193055707e-05, 5.99873192186e-06, 5.73861325392e-06],
        "dvar": [2.75198931377e-06, 0.00400237133726, 0.907326281071, 13.1331949234, 314.723999023, 241.365615845, 320.211853027, 2982.11694336, 355.9637146, 137.5912323, 596.774597168, 381.823059082, 250.125701904, 413.538543701, 278.489898682, 193.10043335, 137.033126831, 82.032081604, 295.171905518, 677.031677246, 192.170288086, 35.3573417664, 6.49767398834, 35.2037696838, 2.61479640007, 3.47403216362, 0.418179243803, 0.131510645151, 0.0131854955107, 0.00604144437239, 0.0017828126438, 0.000173969456227, 7.66254743212e-05, 3.28123132931e-05, 4.78935498904e-06, 1.00040767848e-06, 4.62225884235e-08, 8.83079942504e-10, 1.70148582723e-11, 7.43777262002e-11],
        "dvar2": [7.52402229409e-06, 0.012383765541, 2.82598876953, 41.8911437988, 821.88659668, 657.35534668, 740.392272949, 9732.63183594, 707.922424316, 216.962463379, 1010.61352539, 661.644836426, 556.676757812, 792.498901367, 496.227752686, 376.123046875, 297.730743408, 194.791564941, 765.285217285, 1800.39196777, 518.350463867, 92.8415374756, 16.9116134644, 100.028488159, 7.13124370575, 9.76352405548, 1.17519545555, 0.374575942755, 0.0375043824315, 0.0175573900342, 0.00570139335468, 0.000518328452017, 0.000209520905628, 9.50517787714e-05, 1.40704150908e-05, 2.8897370612e-06, 1.29234294377e-07, 2.50619613951e-09, 4.77747459648e-11, 2.04812666826e-10],
        "max": [0.0899945795536, 2.25430703163, 24.4998779297, 114.202095032, 702.289978027, 642.521728516, 769.005615234, 2546.26855469, 1923.47949219, 679.535522461, 1068.52111816, 741.859436035, 406.389709473, 633.966064453, 891.456542969, 642.112060547, 338.095977783, 230.315414429, 389.056304932, 640.765319824, 621.801818848, 131.749069214, 77.431022644, 184.071792603, 53.1384506226, 80.176864624, 23.0189323425, 15.8526887894, 5.15148258209, 2.47126317024, 2.6271584034, 0.39994981885, 0.26264205575, 0.278861761093, 0.115132808685, 0.0662264302373, 0.0154817197472, 0.00147471402306, 0.000114584545372, 0.00025142726372],
        "mean": [0.00111360824667, 0.0441408418119, 0.604886293411, 2.4331510067, 9.70936489105, 16.2563972473, 26.1534194946, 42.5235557556, 33.486415863, 26.4469184875, 29.7873058319, 23.0586700439, 17.9782428741, 15.356962204, 15.0173940659, 11.9685525894, 11.8711833954, 7.45942926407, 9.54825496674, 12.4388933182, 5.85182523727, 3.87865209579, 1.92296695709, 2.19064044952, 0.824741184711, 0.571566045284, 0.234461247921, 0.123592413962, 0.0514951571822, 0.0294808372855, 0.0164348818362, 0.00826471112669, 0.00552410725504, 0.00300320331007, 0.00127987295855, 0.000504594121594, 0.000156942842295, 4.1033661546e-05, 2.46962918027e-05, 2.22834351007e-05],
        "median": [0.00016274722293, 0.00697625987232, 0.14721339941, 0.709214925766, 2.29971265793, 4.93267345428, 7.71407175064, 13.3211746216, 8.94033050537, 9.77359580994, 7.9027299881, 5.81015110016, 6.7299785614, 4.50454139709, 4.29077768326, 4.21574687958, 4.31836366653, 2.63066697121, 2.65344548225, 2.6269967556, 1.77521944046, 1.17146551609, 0.591602444649, 0.357968747616, 0.162755340338, 0.0890212953091, 0.037233568728, 0.0172611810267, 0.00964040774852, 0.00394067913294, 0.0023170565255, 0.00133640575223, 0.00075486919377, 0.000344060186762, 0.000143458441016, 5.5964490457e-05, 3.12166521326e-05, 2.77927756542e-05, 2.18321583816e-05, 1.42999142554e-05],
        "min": [1.24366887825e-21, 2.33324022839e-21, 1.3329875823e-20, 4.36687870854e-20, 5.63939494519e-20, 2.2928720212e-19, 1.80271580947e-19, 3.35403256073e-19, 7.78595693986e-19, 5.29305119154e-19, 2.94259762864e-18, 2.65577233765e-18, 7.60475992475e-19, 2.62360287003e-18, 4.70101052338e-18, 3.39666064152e-18, 3.38738711967e-18, 4.57748350661e-18, 3.99235496644e-18, 7.25379577284e-18, 4.85006061155e-18, 6.97446349743e-18, 1.77120114837e-17, 2.09632217203e-17, 1.60037776397e-17, 1.20446596174e-17, 2.28690987912e-17, 1.65465470879e-17, 1.1239934477e-17, 1.23328013664e-17, 1.27239287559e-17, 1.55088390833e-17, 1.73221364456e-17, 1.19045807166e-17, 9.35534159044e-18, 4.8631954125e-18, 3.33856691992e-18, 1.48575451931e-18, 3.61507887133e-19, 3.84491901784e-20],
        "var": [1.54747540364e-05, 0.015630364418, 2.2538933754, 36.990398407, 742.162841797, 1250.90161133, 2731.53564453, 10529.8203125, 7968.67041016, 2275.29833984, 4546.10644531, 2760.76586914, 1166.76904297, 1590.18908691, 1734.68737793, 692.33013916, 472.092956543, 239.537841797, 618.326477051, 1261.90991211, 317.336212158, 76.1204376221, 14.7009334564, 66.3279266357, 4.96112251282, 6.36286640167, 0.743450522423, 0.244087472558, 0.026305058971, 0.0138779617846, 0.00449200812727, 0.00067103235051, 0.000322245905409, 0.000135624533868, 2.66961069428e-05, 5.01750537296e-06, 4.29721126238e-07, 5.56435564292e-09, 1.26289936841e-10, 5.2611154322e-10]
    },
    "gfcc": {
        "mean": [-143.612304688, 177.790145874, -137.973846436, -26.271812439, -43.2628517151, -33.9510536194, -41.2318725586, -20.5388088226, -20.0173416138, -17.2241744995, -12.7674207687, -12.5150737762, -9.06729888916],
        "cov": [[6851.44384766, 143.58782959, -981.790344238, 1264.4276123, -446.586334229, 285.507598877, -204.325149536, 115.61566925, -205.876983643, 68.5406417847, -77.6366577148, -90.0176010132, 171.068328857], [143.58782959, 856.976989746, 202.60949707, -284.301574707, 121.081077576, -68.2185974121, 102.069030762, -86.0668945312, 57.5320320129, -53.8213005066, 74.0169677734, 16.8786640167, 22.098733902], [-981.790344238, 202.60949707, 512.79296875, -102.884880066, 99.8374938965, -17.027097702, 66.6828613281, 14.8255720139, 64.8148193359, -1.4172565937, 19.8000144958, 18.5968322754, -9.0489654541], [1264.4276123, -284.301574707, -102.884880066, 731.684814453, -25.3508358002, 128.883239746, -26.5047855377, 85.6776657104, -50.0467224121, 32.8282203674, -65.2158355713, -28.8133583069, 35.0905761719], [-446.586334229, 121.081077576, 99.8374938965, -25.3508358002, 207.737289429, 45.9610862732, 46.939414978, -22.4919967651, 12.0143299103, 5.39885139465, 25.5508518219, 28.8926181793, -2.51981282234], [285.507598877, -68.2185974121, -17.027097702, 128.883239746, 45.9610862732, 153.784667969, 35.0458068848, 37.4862937927, -11.4216594696, 30.2418842316, -2.51997280121, 11.7463979721, 8.9454870224], [-204.325149536, 102.069030762, 66.6828613281, -26.5047855377, 46.939414978, 35.0458068848, 120.487823486, 49.1746482849, 34.3215713501, -8.7997713089, -5.18668603897, -5.52718782425, -1.61399412155], [115.61566925, -86.0668945312, 14.8255720139, 85.6776657104, -22.4919967651, 37.4862937927, 49.1746482849, 143.049118042, 74.6925506592, 43.008354187, -11.6766376495, -16.6404132843, -18.0294437408], [-205.876983643, 57.5320320129, 64.8148193359, -50.0467224121, 12.0143299103, -11.4216594696, 34.3215713501, 74.6925506592, 129.82081604, 58.7266807556, 22.279132843, -6.06028795242, -22.9676570892], [68.5406417847, -53.8213005066, -1.4172565937, 32.8282203674, 5.39885139465, 30.2418842316, -8.7997713089, 43.008354187, 58.7266807556, 114.900627136, 54.7277832031, 15.161450386, -14.8655462265], [-77.6366577148, 74.0169677734, 19.8000144958, -65.2158355713, 25.5508518219, -2.51997280121, -5.18668603897, -11.6766376495, 22.279132843, 54.7277832031, 94.2376022339, 45.9955711365, -3.91896247864], [-90.0176010132, 16.8786640167, 18.5968322754, -28.8133583069, 28.8926181793, 11.7463979721, -5.52718782425, -16.6404132843, -6.06028795242, 15.161450386, 45.9955711365, 77.9237442017, 33.0601196289], [171.068328857, 22.098733902, -9.0489654541, 35.0905761719, -2.51981282234, 8.9454870224, -1.61399412155, -18.0294437408, -22.9676570892, -14.8655462265, -3.91896247864, 33.0601196289, 79.9935150146]],
        "icov": [[0.00161147466861, -0.00339360022917, 0.00244925008155, -0.00218116235919, 0.00302450521849, -0.00270011904649, 0.00382663076743, -0.00337349018082, 0.00294120167382, -0.00198708986863, 0.000958621734753, 0.000645569583867, -0.001305355574], [-0.00339360022917, 0.00952061638236, -0.00549519201741, 0.00470808148384, -0.00681651988998, 0.00589909031987, -0.00988025590777, 0.00919398665428, -0.00835847575217, 0.00653434870765, -0.00537910638377, 0.000718151102774, 0.00119281455409], [0.00244925008155, -0.00549519201741, 0.00620532454923, -0.00329007254913, 0.00371891842224, -0.00359152583405, 0.0052204397507, -0.00528435315937, 0.00364667549729, -0.00290256598964, 0.00202077813447, 4.02840596507e-05, -0.00155143043958], [-0.00218116235919, 0.00470808148384, -0.00329007254913, 0.00519737647846, -0.0044995425269, 0.00250951829366, -0.00398612814024, 0.00259600277059, -0.00229513272643, 0.00158390775323, -0.000342791521689, 0.000327168876538, 0.000277406245004], [0.00302450521849, -0.00681651988998, 0.00371891842224, -0.0044995425269, 0.0131016615778, -0.00757303880528, 0.00472216447815, -0.00277541275136, 0.00388077017851, -0.00371114863083, 0.00218446156941, -0.00172930548433, -0.000214769985178], [-0.00270011904649, 0.00589909031987, -0.00359152583405, 0.00250951829366, -0.00757303880528, 0.0157761834562, -0.0101565159857, 0.00348442443646, -0.000520042784046, -0.00164002098609, 0.000702389574144, -0.00319143361412, 0.00211444171146], [0.00382663076743, -0.00988025590777, 0.0052204397507, -0.00398612814024, 0.00472216447815, -0.0101565159857, 0.0250801760703, -0.0156815759838, 0.00682606454939, -0.000934013980441, 0.00200726138428, 0.0034446734935, -0.00439756643027], [-0.00337349018082, 0.00919398665428, -0.00528435315937, 0.00259600277059, -0.00277541275136, 0.00348442443646, -0.0156815759838, 0.0264128278941, -0.017039867118, 0.00351555552334, -0.000469886232167, -0.00241872575134, 0.00483490014449], [0.00294120167382, -0.00835847575217, 0.00364667549729, -0.00229513272643, 0.00388077017851, -0.000520042784046, 0.00682606454939, -0.017039867118, 0.0264133550227, -0.0145028196275, 0.00527666276321, 0.00137370580342, -0.00150443566963], [-0.00198708986863, 0.00653434870765, -0.00290256598964, 0.00158390775323, -0.00371114863083, -0.00164002098609, -0.000934013980441, 0.00351555552334, -0.0145028196275, 0.0272069964558, -0.017843477428, 0.00366117851809, 0.000765829929151], [0.000958621734753, -0.00537910638377, 0.00202077813447, -0.000342791521689, 0.00218446156941, 0.000702389574144, 0.00200726138428, -0.000469886232167, 0.00527666276321, -0.017843477428, 0.0321920998394, -0.0171278566122, 0.0065947053954], [0.000645569583867, 0.000718151102774, 4.02840596507e-05, 0.000327168876538, -0.00172930548433, -0.00319143361412, 0.0034446734935, -0.00241872575134, 0.00137370580342, 0.00366117851809, -0.0171278566122, 0.0298202447593, -0.0139797339216], [-0.001305355574, 0.00119281455409, -0.00155143043958, 0.000277406245004, -0.000214769985178, 0.00211444171146, -0.00439756643027, 0.00483490014449, -0.00150443566963, 0.000765829929151, 0.0065947053954, -0.0139797339216, 0.0212346762419]]
    },
    "melbands": {
        "dmean": [6.42399390927e-06, 8.44431415317e-05, 0.000209487159736, 0.000319844461046, 0.000208668629057, 0.000267385272309, 0.000113640482596, 7.21551696188e-05, 6.21648359811e-05, 4.13570887758e-05, 3.32161398546e-05, 2.2498134058e-05, 1.77426754817e-05, 1.12520738185e-05, 1.56838104886e-05, 1.1900253412e-05, 6.47226306683e-06, 5.18839078723e-06, 1.75012028194e-05, 7.92861737864e-06, 2.77050548902e-06, 2.70513555733e-06, 1.04720572836e-06, 9.15165855986e-07, 1.12798534246e-06, 3.36811609714e-07, 2.82361327208e-07, 2.51083633884e-07, 1.279034052e-07, 4.61150051478e-08, 3.90186798427e-08, 1.95367526601e-08, 9.05949271157e-09, 6.43901199027e-09, 4.72080108338e-09, 3.63986996099e-09, 2.06189754159e-09, 1.69926939186e-09, 1.53701329442e-09, 1.01609487491e-09],
        "dmean2": [1.04808232209e-05, 0.000142293516546, 0.000347083172528, 0.000516009458806, 0.000293141929433, 0.000409275555285, 0.000151684347657, 8.97815989447e-05, 7.29487073841e-05, 5.06223259436e-05, 4.64076219941e-05, 3.2111616747e-05, 2.3491191314e-05, 1.54167682922e-05, 2.33492628468e-05, 1.77118708962e-05, 1.02960702861e-05, 8.27086023492e-06, 2.86167451122e-05, 1.35072405101e-05, 4.57908072349e-06, 4.41662132289e-06, 1.72054797076e-06, 1.53671157932e-06, 1.9259630335e-06, 5.70700933622e-07, 4.74676426165e-07, 4.27704918593e-07, 2.20712067289e-07, 7.96849803919e-08, 6.6399806542e-08, 3.35645431448e-08, 1.53663055613e-08, 1.09331583786e-08, 8.22947132662e-09, 6.36069419357e-09, 3.51235351914e-09, 2.83768919473e-09, 2.55479437605e-09, 1.74523340224e-09],
        "dvar": [1.05425013164e-09, 1.28797850607e-07, 6.01231533892e-07, 1.8107455162e-06, 3.64253310181e-07, 1.14579495403e-06, 7.59173630627e-08, 1.84959922933e-08, 4.6511356544e-08, 1.57785819965e-08, 6.27364915573e-09, 6.71071509473e-09, 3.4266152138e-09, 8.20255363632e-10, 2.08506345523e-09, 1.0131916417e-09, 3.74668435166e-10, 2.22725060617e-10, 5.42530109726e-09, 2.20079665603e-09, 7.83826406558e-11, 5.83892656447e-11, 1.18223781459e-11, 1.06420141796e-11, 2.94867880113e-11, 1.38527763479e-12, 2.60188962389e-12, 3.06883316502e-12, 4.76194008271e-13, 3.61813409908e-14, 6.94896343158e-14, 8.80673792491e-15, 2.16573979108e-15, 1.02345963989e-15, 5.38746253436e-16, 4.12206545608e-16, 9.59689851251e-17, 5.79506656764e-17, 7.17386746092e-17, 3.84966151313e-17],
        "dvar2": [3.05523850663e-09, 4.02618951512e-07, 1.7661009224e-06, 4.78440915685e-06, 8.89269415438e-07, 3.69283293367e-06, 1.4942064297e-07, 2.88176167373e-08, 8.02935247179e-08, 2.89974977363e-08, 1.40822820072e-08, 1.29478943123e-08, 5.9200671032e-09, 1.36299038722e-09, 4.86788920284e-09, 2.11781103765e-09, 9.16272779872e-10, 5.49008283279e-10, 1.43360319171e-08, 6.05639183249e-09, 2.04189484765e-10, 1.55256446588e-10, 2.78343181837e-11, 2.74392418509e-11, 8.38893399191e-11, 3.80741271844e-12, 7.0613315542e-12, 8.66898393348e-12, 1.34045075387e-12, 1.09522688228e-13, 1.89235102198e-13, 2.51655385983e-14, 6.20161482728e-15, 2.9650847834e-15, 1.67258609188e-15, 1.31439364618e-15, 2.80903786229e-16, 1.59905672344e-16, 2.00184431562e-16, 1.12682844381e-16],
        "max": [0.00152132974472, 0.00944673456252, 0.0235752426088, 0.0492026209831, 0.0287255123258, 0.0494374111295, 0.0290913339704, 0.00840308144689, 0.0112565197051, 0.00433103274554, 0.00207136990502, 0.0023291548714, 0.00232911505736, 0.00134017225355, 0.0015308894217, 0.00117940059863, 0.000492038496304, 0.000521318055689, 0.00188588083256, 0.00217202259228, 0.000319803744787, 0.000169161357917, 0.000167339865584, 0.000125452686916, 0.000169138089404, 3.9185393689e-05, 7.0385314757e-05, 7.75239896029e-05, 2.47885636782e-05, 6.565444437e-06, 1.45266003528e-05, 4.43167482445e-06, 1.46884462993e-06, 9.73651822278e-07, 1.2764718349e-06, 1.20404388326e-06, 2.77329633036e-07, 2.56260506148e-07, 3.00586378899e-07, 3.33359025717e-07],
        "mean": [1.94506847038e-05, 0.000226036820095, 0.000597742851824, 0.000963930680882, 0.000900225422811, 0.000927528250031, 0.000493984785862, 0.000287812523311, 0.000237824904616, 0.000136447037221, 8.50693468237e-05, 5.83387918596e-05, 5.42535271961e-05, 2.90888692689e-05, 3.37389210472e-05, 2.3174119633e-05, 1.25542082969e-05, 9.96487142402e-06, 2.76909213426e-05, 1.2132431948e-05, 4.93036350235e-06, 4.56407997262e-06, 1.98060592993e-06, 1.65407493569e-06, 1.83251358976e-06, 5.83670100696e-07, 4.67231245693e-07, 3.95448836343e-07, 1.96214443804e-07, 7.3629422559e-08, 6.56692549228e-08, 3.31628129402e-08, 1.75087162546e-08, 1.28100570151e-08, 9.44970146577e-09, 7.32445482043e-09, 4.49964865368e-09, 3.89085696995e-09, 3.44129813534e-09, 2.30710051063e-09],
        "median": [9.92196873995e-07, 5.26953299413e-05, 0.000188010497368, 0.00027242442593, 0.000287195260171, 0.000315459794365, 0.000124522106489, 0.000106309285911, 5.36230509169e-05, 3.28100140905e-05, 2.93351586151e-05, 1.50525766003e-05, 1.33207959152e-05, 1.1146500583e-05, 8.75961632119e-06, 6.28344423603e-06, 3.35214690494e-06, 3.40732049153e-06, 4.18721037931e-06, 2.32976572079e-06, 1.65530514096e-06, 1.26345503304e-06, 5.3627007901e-07, 4.07327775065e-07, 2.34703861679e-07, 1.19786506048e-07, 7.80616247198e-08, 4.73367904874e-08, 2.40747102254e-08, 1.35597222339e-08, 7.69747821039e-09, 5.99176130933e-09, 3.06937719685e-09, 1.62080071586e-09, 1.29037114327e-09, 1.10183406843e-09, 6.52155274228e-10, 5.46081402319e-10, 3.98676203162e-10, 2.26299839978e-10],
        "min": [8.79851277473e-24, 4.89320085431e-24, 7.99112941545e-24, 9.45841069916e-24, 8.08351607151e-24, 7.01648230072e-24, 1.14750570839e-23, 6.32280732448e-24, 2.78925123324e-23, 1.50758529176e-23, 3.05739945163e-24, 9.34897518123e-24, 1.75147599788e-23, 8.1526123982e-24, 8.62137090302e-24, 6.65964816999e-24, 9.36601930994e-24, 6.67884667784e-24, 9.53670277742e-24, 7.84782652113e-24, 4.97859307515e-24, 3.97504919659e-24, 1.78751921041e-23, 1.57283197723e-23, 1.68942262136e-23, 1.48505968416e-23, 6.08947725707e-24, 8.40095133318e-24, 1.66702307372e-23, 1.18618829173e-23, 8.25466575578e-24, 6.29931307457e-24, 6.28742572959e-24, 7.45276419094e-24, 6.75942881931e-24, 8.74359070078e-24, 1.00547643e-23, 1.23905246423e-23, 1.25072200472e-23, 9.13160534765e-24],
        "var": [5.00020291838e-09, 3.23231972743e-07, 1.75674915681e-06, 4.75363822261e-06, 3.16025420943e-06, 4.20723654315e-06, 1.77410242941e-06, 2.64643688297e-07, 3.19398509419e-07, 9.93348123757e-08, 2.88198940268e-08, 2.58547991905e-08, 2.30811956214e-08, 4.34691349582e-09, 6.11336270495e-09, 3.07347303163e-09, 9.86385972901e-10, 5.23224241711e-10, 9.87258452767e-09, 3.26400151351e-09, 1.53398488356e-10, 1.18131879279e-10, 2.87359667311e-11, 2.10794350725e-11, 5.53584678098e-11, 2.48018858055e-12, 4.35623499079e-12, 5.35605414187e-12, 7.64389311396e-13, 4.934806158e-14, 1.30589359855e-13, 1.29468570942e-14, 4.56443524199e-15, 2.30399081466e-15, 1.24032357955e-15, 8.70992068261e-16, 2.49361364534e-16, 1.62233570346e-16, 2.028448297e-16, 1.05476036603e-16]
    },
    "mfcc": {
        "mean": [-784.15612793, 211.125656128, -30.3299770355, -0.85577750206, -3.4063398838, -19.2925949097, -19.4896831512, -16.403219223, -14.7761468887, -14.35587883, -13.415687561, -10.4711265564, -8.59766578674],
        "cov": [[5783.16259766, 432.471832275, -996.132995605, 851.565673828, -155.266387939, 166.170318604, 100.366783142, 2.61384010315, 28.4099025726, 60.3084030151, -104.170578003, -86.7587661743, -53.1995620728], [432.471832275, 956.383056641, 64.5966873169, -106.581771851, 47.7805519104, -21.3239383698, 38.1751937866, 19.6724071503, -2.2077562809, -24.8776359558, 2.95021319389, 7.28835916519, -8.57381439209], [-996.132995605, 64.5966873169, 556.479125977, -75.9613494873, 73.2730255127, 22.7178344727, 18.0735168457, 74.7928848267, 66.0257720947, 48.1918640137, 75.1067504883, 80.9658279419, 43.795917511], [851.565673828, -106.581771851, -75.9613494873, 468.567810059, 77.9481277466, 80.8257598877, 89.4609451294, 53.181350708, 90.6651000977, 81.2441558838, 14.7404174805, 14.2321634293, 29.9963970184], [-155.266387939, 47.7805519104, 73.2730255127, 77.9481277466, 187.859817505, 99.1560211182, 69.5406723022, 51.889377594, 37.0232086182, 32.6764678955, 34.7039070129, 42.3921928406, 42.2947654724], [166.170318604, -21.3239383698, 22.7178344727, 80.8257598877, 99.1560211182, 167.757400513, 97.1985931396, 46.1786079407, 35.0904808044, 32.1860198975, 25.0008201599, 27.8758106232, 36.3468894958], [100.366783142, 38.1751937866, 18.0735168457, 89.4609451294, 69.5406723022, 97.1985931396, 151.477401733, 78.8751220703, 57.1511993408, 52.5995674133, 14.9430608749, 13.9750146866, 27.2200698853], [2.61384010315, 19.6724071503, 74.7928848267, 53.181350708, 51.889377594, 46.1786079407, 78.8751220703, 120.678863525, 88.6676483154, 53.8845825195, 34.94165802, 30.1069011688, 23.7461700439], [28.4099025726, -2.2077562809, 66.0257720947, 90.6651000977, 37.0232086182, 35.0904808044, 57.1511993408, 88.6676483154, 151.128585815, 108.686775208, 51.1878013611, 41.1132583618, 29.9318294525], [60.3084030151, -24.8776359558, 48.1918640137, 81.2441558838, 32.6764678955, 32.1860198975, 52.5995674133, 53.8845825195, 108.686775208, 153.836044312, 84.5738220215, 47.4430389404, 39.3904800415], [-104.170578003, 2.95021319389, 75.1067504883, 14.7404174805, 34.7039070129, 25.0008201599, 14.9430608749, 34.94165802, 51.1878013611, 84.5738220215, 139.462921143, 99.5621948242, 50.5187149048], [-86.7587661743, 7.28835916519, 80.9658279419, 14.2321634293, 42.3921928406, 27.8758106232, 13.9750146866, 30.1069011688, 41.1132583618, 47.4430389404, 99.5621948242, 138.027801514, 76.2087402344], [-53.1995620728, -8.57381439209, 43.795917511, 29.9963970184, 42.2947654724, 36.3468894958, 27.2200698853, 23.7461700439, 29.9318294525, 39.3904800415, 50.5187149048, 76.2087402344, 101.196990967]],
