{
"lowlevel": {
    "average_loudness": 0.960086286068,
    "barkbands_crest": {
        "dmean": 4.08602190018,
        "dmean2": 6.00324106216,
        "dvar": 13.3078956604,
        "dvar2": 26.4733791351,
        "max": 26.9145088196,
        "mean": 13.736989975,
        "median": 13.8489665985,
        "min": 2.21731209755,
        "var": 40.7641983032
    },
    "barkbands_flatness_db": {
        "dmean": 0.0538950376213,
        "dmean2": 0.073284894228,
        "dvar": 0.00239656004123,
        "dvar2": 0.00462945224717,
        "max": 0.67226088047,
        "mean": 0.17924529314,
        "median": 0.164605811238,
        "min": 0.0136797865853,
        "var": 0.0102018583566
    },
    "barkbands_kurtosis": {
        "dmean": 23.4549465179,
        "dmean2": 34.2660675049,
        "dvar": 15303.5302734,
        "dvar2": 40293.9179688,
        "max": 10051.5097656,
        "mean": 27.6233463287,
        "median": 6.44158220291,
        "min": -1.94466280937,
        "var": 12697.9335938
    },
    "barkbands_skewness": {
        "dmean": 1.74584388733,
        "dmean2": 2.32839655876,
        "dvar": 4.4107503891,
        "dvar2": 8.80495166779,
        "max": 96.814453125,
        "mean": 2.98241519928,
        "median": 2.35193800926,
        "min": -4.7147102356,
        "var": 13.9099988937
    },
    "barkbands_spread": {
        "dmean": 15.4603805542,
        "dmean2": 24.4505977631,
        "dvar": 369.221282959,
        "dvar2": 874.058288574,
        "max": 124.094703674,
        "mean": 27.3544902802,
        "median": 14.7787809372,
        "min": 0.0533089861274,
        "var": 819.979614258
    },
    "dissonance": {
        "dmean": 0.022049061954,
        "dmean2": 0.0362203419209,
        "dvar": 0.000751346058678,
        "dvar2": 0.00192958605476,
        "max": 0.500000119209,
        "mean": 0.457912772894,
        "median": 0.47453224659,
        "min": 0.165520623326,
        "var": 0.00189011299517
    },
    "dynamic_complexity": 3.71570467949,
    "erbbands_crest": {
        "dmean": 3.29619455338,
        "dmean2": 5.35694932938,
        "dvar": 13.1961183548,
        "dvar2": 31.2324752808,
        "max": 34.1423339844,
        "mean": 9.08463191986,
        "median": 6.96651554108,
        "min": 2.04517650604,
        "var": 34.0319786072
    },
    "erbbands_flatness_db": {
        "dmean": 0.0277433041483,
        "dmean2": 0.0399966090918,
        "dvar": 0.000914498581551,
        "dvar2": 0.00197041244246,
        "max": 0.538608670235,
        "mean": 0.134495139122,
        "median": 0.108804702759,
        "min": 0.0351636372507,
        "var": 0.00590914720669
    },
    "erbbands_kurtosis": {
        "dmean": 1.61969017982,
        "dmean2": 2.59380936623,
        "dvar": 13.7688798904,
        "dvar2": 33.3210067749,
        "max": 105.645378113,
        "mean": 1.17800712585,
        "median": 0.00798857212067,
        "min": -1.81492722034,
        "var": 20.0103816986
    },
    "erbbands_skewness": {
        "dmean": 0.522694826126,
        "dmean2": 0.811130285263,
        "dvar": 0.317595303059,
        "dvar2": 0.751039803028,
        "max": 6.89120769501,
        "mean": -0.0440297611058,
        "median": -0.0986306071281,
        "min": -4.74263858795,
        "var": 1.00765228271
    },
    "erbbands_spread": {
        "dmean": 13.9153223038,
        "dmean2": 21.4179401398,
        "dvar": 212.039138794,
        "dvar2": 514.955078125,
        "max": 182.640670776,
        "mean": 51.387928009,
        "median": 48.1507873535,
        "min": 0.521180093288,
        "var": 888.496520996
    },
    "hfc": {
        "dmean": 43.5742149353,
        "dmean2": 68.3367919922,
        "dvar": 4327.1953125,
        "dvar2": 10942.7832031,
        "max": 389.676086426,
        "mean": 56.9882736206,
        "median": 18.2491912842,
        "min": 1.15503133223e-16,
        "var": 6336.81884766
    },
    "melbands_crest": {
        "dmean": 5.30655193329,
        "dmean2": 8.15914535522,
        "dvar": 23.6165885925,
        "dvar2": 50.4003105164,
        "max": 39.9964561462,
        "mean": 21.0148239136,
        "median": 22.1610679626,
        "min": 2.05635523796,
        "var": 67.8053207397
    },
    "melbands_flatness_db": {
        "dmean": 0.0685669705272,
        "dmean2": 0.090728931129,
        "dvar": 0.00380407995544,
        "dvar2": 0.00695648696274,
        "max": 0.652883529663,
        "mean": 0.254172295332,
        "median": 0.248839050531,
        "min": 0.00610972754657,
        "var": 0.0186672508717
    },
    "melbands_kurtosis": {
        "dmean": 44.2037086487,
        "dmean2": 67.592628479,
        "dvar": 52576.8828125,
        "dvar2": 151420.453125,
        "max": 19089.2382812,
        "mean": 63.5631141663,
        "median": 25.1964530945,
        "min": -1.81465935707,
        "var": 36641.6835938
    },
    "melbands_skewness": {
        "dmean": 2.14653253555,
        "dmean2": 3.11350154877,
        "dvar": 6.37410402298,
        "dvar2": 15.3295402527,
        "max": 133.715362549,
        "mean": 5.12373828888,
        "median": 4.50043296814,
        "min": -3.87199521065,
        "var": 17.6244487762
    },
    "melbands_spread": {
        "dmean": 20.070268631,
        "dmean2": 31.7043361664,
        "dvar": 1063.82019043,
        "dvar2": 2342.75854492,
        "max": 258.951965332,
        "mean": 31.3696308136,
        "median": 10.0629682541,
        "min": 0.0485117323697,
        "var": 2039.50231934
    },
    "pitch_salience": {
        "dmean": 0.126011237502,
        "dmean2": 0.18197388947,
        "dvar": 0.0135679459199,
        "dvar2": 0.0283421967179,
        "max": 0.95642054081,
        "mean": 0.433163523674,
        "median": 0.431384205818,
        "min": 0.00107494206168,
        "var": 0.0384453050792
    },
    "silence_rate_20dB": {
        "dmean": 0,
        "dmean2": 0,
        "dvar": 0,
        "dvar2": 0,
        "max": 1,
        "mean": 1,
        "median": 1,
        "min": 1,
        "var": 0
    },
    "silence_rate_30dB": {
        "dmean": 0.104299090803,
        "dmean2": 0.208612442017,
        "dvar": 0.0934110432863,
        "dvar2": 0.185735717416,
        "max": 1,
        "mean": 0.81465280056,
        "median": 1,
        "min": 0,
        "var": 0.150986880064
    },
    "silence_rate_60dB": {
        "dmean": 0.0237851142883,
        "dmean2": 0.0475734807551,
        "dvar": 0.0232223682106,
        "dvar2": 0.0526875816286,
        "max": 1,
        "mean": 0.122129581869,
        "median": 0,
        "min": 0,
        "var": 0.107192002237
    },
    "spectral_centroid": {
        "dmean": 428.281341553,
        "dmean2": 637.946960449,
        "dvar": 284813.15625,
        "dvar2": 503864,
        "max": 10997.6933594,
        "mean": 1690.45983887,
        "median": 1216.08496094,
        "min": 108.958221436,
        "var": 1551858
    },
    "spectral_complexity": {
        "dmean": 7.24639463425,
        "dmean2": 11.4004096985,
        "dvar": 80.0997467041,
        "dvar2": 185.509078979,
        "max": 55,
        "mean": 16.6300582886,
        "median": 13,
        "min": 0,
        "var": 154.406158447
    },
    "spectral_decrease": {
        "dmean": 7.27663707067e-09,
        "dmean2": 1.02266390911e-08,
        "dvar": 5.99257546034e-17,
        "dvar2": 1.20036890308e-16,
        "max": 2.16708526237e-29,
        "mean": -1.5285122501e-08,
        "median": -1.22562422433e-08,
        "min": -6.42586357458e-08,
        "var": 1.99784896709e-16
    },
    "spectral_energy": {
        "dmean": 0.0284899044782,
        "dmean2": 0.0410346798599,
        "dvar": 0.000873474346008,
        "dvar2": 0.00176559761167,
        "max": 0.269887804985,
        "mean": 0.0628589242697,
        "median": 0.0530503205955,
        "min": 1.03946860039e-20,
        "var": 0.00287350802682
    },
    "spectral_energyband_high": {
        "dmean": 0.00409843493253,
        "dmean2": 0.00638191960752,
        "dvar": 4.07635852753e-05,
        "dvar2": 9.87975727185e-05,
        "max": 0.0516357645392,
        "mean": 0.0054499018006,
        "median": 0.000842589128297,
        "min": 7.40733210737e-21,
        "var": 7.33926572138e-05
    },
    "spectral_energyband_low": {
        "dmean": 0.0272935442626,
        "dmean2": 0.0372303538024,
        "dvar": 0.000854219659232,
        "dvar2": 0.00162974919658,
        "max": 0.238892748952,
        "mean": 0.0487869791687,
        "median": 0.0358845889568,
        "min": 6.13053091964e-23,
        "var": 0.0026724988129
    },
    "spectral_energyband_middle_high": {
        "dmean": 0.0019402714679,
        "dmean2": 0.00314704631455,
        "dvar": 7.59662862038e-06,
        "dvar2": 1.94578205992e-05,
        "max": 0.021776586771,
        "mean": 0.00292929983698,
        "median": 0.00184761243872,
        "min": 1.59064519485e-21,
        "var": 1.00026245491e-05
    },
    "spectral_energyband_middle_low": {
        "dmean": 0.00760852964595,
        "dmean2": 0.0136060984805,
        "dvar": 0.000384084851248,
        "dvar2": 0.00107221142389,
        "max": 0.139743968844,
        "mean": 0.00781518220901,
        "median": 0.00299801072106,
        "min": 2.2757082113e-22,
        "var": 0.000261410867097
    },
    "spectral_entropy": {
        "dmean": 0.30746948719,
        "dmean2": 0.450682044029,
        "dvar": 0.114743292332,
        "dvar2": 0.228546231985,
        "max": 9.79434490204,
        "mean": 7.74428892136,
        "median": 7.92547607422,
        "min": 4.57361984253,
        "var": 0.613154947758
    },
    "spectral_flux": {
        "dmean": 0.0606109946966,
        "dmean2": 0.0856494680047,
        "dvar": 0.00290044513531,
        "dvar2": 0.00593981146812,
        "max": 0.502654612064,
        "mean": 0.140293300152,
        "median": 0.122745491564,
        "min": 1.01954333864e-10,
        "var": 0.00941227190197
    },
    "spectral_kurtosis": {
        "dmean": 2.09625649452,
        "dmean2": 3.34239077568,
        "dvar": 25.6789913177,
        "dvar2": 62.043510437,
        "max": 124.179115295,
        "mean": 4.72353506088,
        "median": 2.01588821411,
        "min": -1.17595112324,
        "var": 62.890838623
    },
    "spectral_rms": {
        "dmean": 0.00185707316268,
        "dmean2": 0.00268050353043,
        "dvar": 3.16272439704e-06,
        "dvar2": 6.58717908664e-06,
        "max": 0.0162266809493,
        "mean": 0.0069231018424,
        "median": 0.00719419261441,
        "min": 3.18451840418e-12,
        "var": 1.33960575113e-05
    },
    "spectral_rolloff": {
        "dmean": 1666.30883789,
        "dmean2": 2734.6953125,
        "dvar": 7976266.5,
        "dvar2": 16504940,
        "max": 18863.0859375,
        "mean": 2753.9206543,
        "median": 516.796875,
        "min": 21.533203125,
        "var": 15218208
    },
    "spectral_skewness": {
        "dmean": 0.274161189795,
        "dmean2": 0.413674652576,
        "dvar": 0.178889632225,
        "dvar2": 0.393013447523,
        "max": 8.42358016968,
        "mean": 1.55853772163,
        "median": 1.27921938896,
        "min": -0.00429450394586,
        "var": 0.821247756481
    },
    "spectral_spread": {
        "dmean": 1041571.6875,
        "dmean2": 1575076.125,
        "dvar": 1.58290031411e+12,
        "dvar2": 3.32834956902e+12,
        "max": 39519564,
        "mean": 6618605,
        "median": 7182024,
        "min": 683809.625,
        "var": 6.01187627827e+12
    },
    "spectral_strongpeak": {
        "dmean": 0.489286720753,
        "dmean2": 0.841868281364,
        "dvar": 1.37631046772,
        "dvar2": 3.69938898087,
        "max": 17.4341773987,
        "mean": 0.699258089066,
        "median": 0.41961312294,
        "min": 0,
        "var": 1.2290790081
    },
    "zerocrossingrate": {
        "dmean": 0.0313197150826,
        "dmean2": 0.0376609675586,
        "dvar": 0.00145993521437,
        "dvar2": 0.00152670009993,
        "max": 0.50146484375,
        "mean": 0.0915303081274,
        "median": 0.0498046875,
        "min": 0,
        "var": 0.00858361460268
    },
    "barkbands": {
        "dmean": [0.00261249439791, 0.024038143456, 0.00888524390757, 0.00509953126311, 0.00195378437638, 0.000595357851125, 0.000332229363266, 0.000258669431787, 0.000211785634747, 0.00041915953625, 0.000430942687672, 0.000214521351154, 0.000275636732113, 0.000202793831704, 0.000216978995013, 0.000240105160628, 0.000123812365928, 0.000205561460461, 0.000166413534316, 0.000302146188915, 0.000343658146448, 0.000392559915781, 0.000710138701834, 0.000860480999108, 0.000852810684592, 0.000837891770061, 0.00021836378437],
        "dmean2": [0.003906942904, 0.0335030704737, 0.0147382793948, 0.00952854845673, 0.00343756610528, 0.000991236534901, 0.000553660851438, 0.000386257393984, 0.000330143840984, 0.000658776145428, 0.000692502304446, 0.000359291065251, 0.000467079575174, 0.000327969959471, 0.000374784140149, 0.000420886557549, 0.000211344653508, 0.000359262281563, 0.000272599660093, 0.000483156676637, 0.000559859676287, 0.000613595009781, 0.00110627082177, 0.00137299264316, 0.0013657604577, 0.00143442396075, 0.000373326911358],
        "dvar": [1.85899698408e-05, 0.000881987100001, 0.000424034136813, 0.000258491840214, 2.28307890211e-05, 8.19801186935e-07, 2.59128313473e-07, 3.72873330434e-07, 1.52545197807e-07, 6.41657493361e-07, 9.37730249007e-07, 1.85882711889e-07, 2.16280767518e-07, 1.16524162763e-07, 1.42294169336e-07, 2.16056704971e-07, 4.50004868924e-08, 1.60786782999e-07, 7.08780021341e-08, 2.32863897054e-07, 4.54540497685e-07, 5.8738186226e-07, 1.48599951899e-06, 1.9954165964e-06, 1.93522942027e-06, 2.09799009099e-06, 1.389047668e-07],
        "dvar2": [4.0471291868e-05, 0.00178258877713, 0.00110786757432, 0.000736659276299, 6.29634887446e-05, 2.17430806515e-06, 6.91522757279e-07, 6.86278951889e-07, 3.28532479443e-07, 1.4779528783e-06, 2.16139187614e-06, 4.6730002623e-07, 5.58210103918e-07, 2.85661428734e-07, 3.66942344954e-07, 5.92387436882e-07, 1.16733964717e-07, 4.45007884764e-07, 1.82452652098e-07, 5.29054943854e-07, 1.00854390439e-06, 1.24262192003e-06, 3.35297795573e-06, 4.61152649223e-06, 4.7207240641e-06, 5.50458935322e-06, 3.6527814018e-07],
        "max": [0.0539452582598, 0.223462462425, 0.135790869594, 0.116266667843, 0.0519753694534, 0.00892143044621, 0.00533553026617, 0.0183482728899, 0.0117412731051, 0.0138974618167, 0.015059995465, 0.00651187216863, 0.00583246350288, 0.00422443076968, 0.00458043906838, 0.00409355433658, 0.00205056346022, 0.00299905007705, 0.00245149503462, 0.00628958037123, 0.0149370525032, 0.0138491038233, 0.0181457120925, 0.0137509331107, 0.00994980428368, 0.00732850469649, 0.00199930183589],
        "mean": [0.00358463870361, 0.0343872196972, 0.00886210799217, 0.00370473670773, 0.00193594372831, 0.000680753437337, 0.000482912815642, 0.000410890294006, 0.000314911274472, 0.00055736588547, 0.000576422025915, 0.000237772881519, 0.000300970219541, 0.00025261475821, 0.000212977087358, 0.000210328755202, 0.00015169546532, 0.000191386672668, 0.000212777027627, 0.000516113941558, 0.000478899542941, 0.00075431028381, 0.000916898541618, 0.00111253315117, 0.000951554218773, 0.000682824233081, 0.000177038324182],
        "median": [0.000967561500147, 0.0203720014542, 0.00253714295104, 0.000417285104049, 0.000457922636997, 0.000300861953292, 0.000257459993009, 0.000152073902427, 0.000146044272697, 0.00022159195214, 0.000188802921912, 8.1499107182e-05, 0.000109086045995, 6.61849480821e-05, 7.32648768462e-05, 6.16192119196e-05, 6.70464869472e-05, 5.74878722546e-05, 7.6527663623e-05, 0.000122626093798, 0.000130854998133, 0.000103644677438, 0.000121679404401, 0.000137887254823, 0.000114079884952, 7.76441156631e-05, 2.71526332654e-05],
        "min": [1.67741931382e-23, 3.96321888626e-23, 1.11073934706e-23, 2.13186523914e-24, 5.39394751106e-23, 4.32447426682e-23, 4.04053924565e-23, 1.32801877717e-23, 4.40815978708e-23, 9.78487100291e-23, 5.9064754899e-23, 1.51078147216e-22, 7.1770117084e-23, 1.22674762251e-22, 1.06108102639e-22, 2.49384301907e-22, 2.91948484806e-22, 1.14660326729e-22, 2.34780252497e-22, 3.25218851256e-22, 4.28417357198e-22, 5.94901187965e-22, 4.55521911082e-22, 7.28349896915e-22, 1.36532087287e-21, 1.42931882308e-21, 2.66625615559e-21],
        "var": [3.16892073897e-05, 0.0018612385029, 0.000352681934601, 0.000154703302542, 1.79276958079e-05, 9.00087172795e-07, 3.85334203656e-07, 8.31588806705e-07, 2.91325022772e-07, 9.38814821438e-07, 1.47534990447e-06, 2.09172071663e-07, 2.34356278384e-07, 1.70241335695e-07, 1.35466294182e-07, 1.57230360287e-07, 4.58062707764e-08, 1.15750033558e-07, 9.54955794441e-08, 5.2605497558e-07, 9.1879331876e-07, 1.64524408319e-06, 2.51123947237e-06, 3.43480132869e-06, 2.72076590591e-06, 1.75870627572e-06, 1.1635351882e-07]
    },
    "erbbands": {
        "dmean": [0.94194227457, 4.91779613495, 9.80736732483, 14.3346605301, 9.71415138245, 6.28592252731, 5.44327497482, 4.89984893799, 5.17700433731, 4.67334651947, 5.24739789963, 5.45818376541, 11.8610162735, 10.0400676727, 18.3252696991, 9.96726226807, 12.2146348953, 11.7226343155, 9.61260700226, 11.278963089, 13.9822587967, 6.66610383987, 9.44306850433, 11.286529541, 8.23524284363, 15.863070488, 11.8647165298, 14.354642868, 12.8610296249, 17.9384765625, 20.9645938873, 18.5896377563, 14.1545829773, 10.5550222397, 5.59884309769, 3.30366230011, 1.56361925602, 0.357743084431, 0.0445904321969, 0.00154110905714],
        "dmean2": [1.30715942383, 6.81076431274, 15.0393209457, 25.6131954193, 17.6042118073, 11.1230459213, 9.35533905029, 8.19410228729, 8.65267276764, 7.58481407166, 7.62002515793, 8.34844112396, 18.5450382233, 16.1033554077, 29.3353824615, 16.5248279572, 20.4928874969, 19.596446991, 16.0256538391, 19.5445709229, 24.4366264343, 11.2514410019, 16.2958183289, 19.4279747009, 13.3613653183, 24.8737506866, 19.4073505402, 23.3184623718, 19.7106781006, 29.8101348877, 33.0306091309, 29.5355930328, 22.4327392578, 16.9158058167, 9.13149166107, 5.5887131691, 2.67480421066, 0.616159141064, 0.07678180933, 0.00265496410429],
        "dvar": [1.32611262798, 50.9931221008, 381.733428955, 1717.64990234, 742.260803223, 221.904281616, 123.676681519, 56.6216278076, 65.2689361572, 75.0947875977, 210.544677734, 102.395599365, 738.362731934, 363.305541992, 1799.46862793, 411.656402588, 436.076904297, 415.88659668, 261.209625244, 407.911987305, 795.084472656, 128.328109741, 321.316009521, 375.648803711, 175.534255981, 671.920959473, 417.809509277, 756.622375488, 558.572814941, 953.673278809, 1559.36694336, 939.708984375, 556.175842285, 292.821838379, 88.0204849243, 31.939447403, 7.17935037613, 0.402340292931, 0.00597564317286, 7.11353641236e-06],
        "dvar2": [2.77046847343, 107.801765442, 909.166687012, 4722.43017578, 2065.11669922, 622.109985352, 340.615692139, 148.623031616, 175.867446899, 184.405532837, 353.02947998, 219.403213501, 1661.76623535, 858.360839844, 4055.42382812, 1019.42749023, 1115.38562012, 1072.53930664, 659.233154297, 1064.86804199, 2185.56787109, 336.024291992, 876.097167969, 1015.51141357, 433.333496094, 1567.43981934, 970.201171875, 1646.75756836, 1152.78430176, 2208.69189453, 3564.28540039, 2083.22436523, 1325.48681641, 710.655517578, 219.061798096, 83.2805099487, 18.7148914337, 1.06938183308, 0.0157422665507, 1.8700658984e-05],
        "max": [9.26861381531, 50.0739212036, 139.705337524, 271.791412354, 262.46673584, 140.671951294, 126.035774231, 90.4665374756, 90.1051330566, 186.904556274, 499.673980713, 297.069976807, 542.954223633, 451.802581787, 725.55645752, 315.650390625, 278.510986328, 251.587661743, 207.640655518, 281.142486572, 249.83782959, 98.3319702148, 153.999435425, 149.650161743, 164.679321289, 291.405181885, 344.797210693, 591.836853027, 348.203948975, 533.485534668, 737.31237793, 238.563842773, 295.875061035, 177.319580078, 61.8536262512, 31.2044658661, 13.7610168457, 3.20203638077, 0.439240127802, 0.0141017707065],
        "mean": [1.25583958626, 6.54375553131, 11.582857132, 11.6040792465, 9.0244808197, 5.6307091713, 5.2028055191, 5.8235039711, 7.03952646255, 7.83772373199, 8.34021186829, 8.56063556671, 15.4585924149, 14.2659978867, 25.5417366028, 12.0408210754, 14.1768541336, 14.1067771912, 11.3338336945, 10.5455560684, 12.4409818649, 8.38866043091, 9.60279083252, 10.909239769, 11.5603485107, 26.7762527466, 18.776922226, 19.4446544647, 24.5010242462, 28.3620281219, 27.4479103088, 25.0690402985, 17.5256710052, 11.9210338593, 6.02464580536, 2.93467640877, 1.23477053642, 0.276952713728, 0.0346523821354, 0.00133188033942],
        "median": [0.562744140625, 3.27022814751, 4.23659896851, 2.306235075, 1.43869793415, 1.55254256725, 1.72189903259, 2.60823488235, 3.66480326653, 3.60383081436, 3.2885427475, 3.94590449333, 5.58423519135, 7.06847333908, 9.12230491638, 4.62754249573, 5.59318304062, 4.50789451599, 4.82959079742, 3.08968639374, 3.70753383636, 3.49277210236, 3.1534318924, 3.41029834747, 4.14796829224, 5.86529445648, 5.2081079483, 4.60298538208, 3.72746515274, 3.68887686729, 3.41113948822, 2.82063531876, 2.22557067871, 1.40251743793, 0.751291394234, 0.359367012978, 0.141238167882, 0.0318986549973, 0.0046725012362, 0.00033137522405],
        "min": [1.71137105414e-21, 6.79330883009e-21, 9.81660630915e-21, 1.29301512933e-20, 5.48649448637e-20, 2.95481089869e-19, 1.63263765276e-19, 4.38105664886e-19, 5.68071662345e-19, 4.5777483078e-19, 6.87619630181e-19, 9.56148616603e-19, 2.02940925754e-18, 3.57881677255e-18, 1.74091306171e-18, 6.95137688653e-18, 4.73334542712e-18, 6.61179194812e-18, 4.10219586639e-18, 1.01142285173e-17, 1.41509096112e-17, 1.57186766067e-17, 5.60690440226e-18, 1.03302119926e-17, 1.07802346418e-17, 1.42872438654e-17, 1.8568414733e-17, 1.74997867171e-17, 2.22191647859e-17, 1.61969375476e-17, 1.37928074076e-17, 1.25892563076e-17, 1.37128430306e-17, 1.44419167138e-17, 1.01204456067e-17, 5.6406128394e-18, 2.6021476661e-18, 1.35445365914e-18, 3.31563328574e-19, 3.63418086275e-20],
        "var": [2.6347887516, 89.9152145386, 426.018798828, 1144.07226562, 536.237670898, 150.913650513, 98.2196273804, 68.4282531738, 82.664390564, 171.751083374, 442.980102539, 204.555587769, 1077.31640625, 561.033752441, 2891.66870117, 490.211303711, 502.572143555, 509.504516602, 296.111206055, 360.910186768, 570.847351074, 134.455322266, 255.384811401, 310.202362061, 298.446411133, 1473.22827148, 1033.73376465, 1353.47253418, 1571.79467773, 2215.74487305, 2589.11328125, 1677.4453125, 915.023071289, 435.469818115, 112.119026184, 29.2770004272, 5.96318340302, 0.320334851742, 0.00480661774054, 5.88071952734e-06]
    },
    "gfcc": {
        "mean": [-3.84452223778, 47.6765556335, -80.7597427368, 24.7626457214, -50.4113235474, 25.1557655334, -21.7622261047, 10.4315853119, -16.9757385254, 7.44191074371, -10.0708303452, 3.85342741013, -7.90259408951],
        "cov": [[14720.7636719, -3802.6628418, 2978.15893555, 2317.65063477, 971.454101562, 968.718139648, -24.4546775818, 230.531784058, -386.672180176, 31.8168926239, -505.758789062, 14.1725444794, -594.959594727], [-3802.6628418, 4599.99707031, 314.099029541, -255.831985474, 761.061645508, 22.8106479645, 703.958740234, 118.57245636, 366.525665283, -179.496810913, 174.768951416, -130.872360229, 214.662841797], [2978.15893555, 314.099029541, 1821.7869873, 1015.27545166, 773.391174316, 455.752380371, 316.370422363, 200.902938843, 24.5636806488, -16.8793354034, -108.739959717, -40.9062194824, -144.750579834], [2317.65063477, -255.831985474, 1015.27545166, 1053.36242676, 514.334411621, 270.936889648, 131.52331543, 121.060447693, 14.4008769989, -16.9375534058, -97.068107605, -37.9039459229, -109.536079407], [971.454101562, 761.061645508, 773.391174316, 514.334411621, 779.473999023, 342.32434082, 361.586334229, 196.877380371, 148.385955811, -12.6887235641, 2.06211686134, 3.25660204887, -16.7880058289], [968.718139648, 22.8106479645, 455.752380371, 270.936889648, 342.32434082, 373.295593262, 272.428955078, 162.032806396, 75.3249588013, 32.6385498047, 1.04861187935, 31.8086147308, -12.0299110413], [-24.4546775818, 703.958740234, 316.370422363, 131.52331543, 361.586334229, 272.428955078, 466.828277588, 221.369674683, 160.191268921, -19.3645401001, 21.7487812042, 17.0425796509, 60.3553352356], [230.531784058, 118.57245636, 200.902938843, 121.060447693, 196.877380371, 162.032806396, 221.369674683, 221.322753906, 130.06993103, 36.786895752, 7.6415476799, 26.1498699188, 17.6864585876], [-386.672180176, 366.525665283, 24.5636806488, 14.4008769989, 148.385955811, 75.3249588013, 160.191268921, 130.06993103, 194.633743286, 66.6471633911, 51.3362045288, 5.87852954865, 25.7243824005], [31.8168926239, -179.496810913, -16.8793354034, -16.9375534058, -12.6887235641, 32.6385498047, -19.3645401001, 36.786895752, 66.6471633911, 149.573455811, 74.5352401733, 38.9337654114, -11.8552875519], [-505.758789062, 174.768951416, -108.739959717, -97.068107605, 2.06211686134, 1.04861187935, 21.7487812042, 7.6415476799, 51.3362045288, 74.5352401733, 127.225738525, 57.639503479, 40.1233596802], [14.1725444794, -130.872360229, -40.9062194824, -37.9039459229, 3.25660204887, 31.8086147308, 17.0425796509, 26.1498699188, 5.87852954865, 38.9337654114, 57.639503479, 110.277519226, 43.42345047], [-594.959594727, 214.662841797, -144.750579834, -109.536079407, -16.7880058289, -12.0299110413, 60.3553352356, 17.6864585876, 25.7243824005, -11.8552875519, 40.1233596802, 43.42345047, 102.931678772]],
        "icov": [[0.000208012599614, 0.000149099592818, -0.000180319111678, -8.38596752146e-05, -0.000129129461129, -0.000140688905958, -4.05739920097e-05, 4.92893777846e-05, 0.000189114391105, -3.97796211473e-05, 0.000330263283104, -0.000253452628385, 0.000452735781437], [0.000149099592818, 0.000894936267287, -0.000547068193555, 0.000525083742104, -0.000882180698682, 0.000964565202594, -0.00105110672303, 0.000959768774919, -0.00082226190716, 0.000994494417682, -0.00122382165864, 0.00124075659551, -0.000521195004694], [-0.000180319111678, -0.000547068193555, 0.00209732912481, -0.00118878588546, -0.000322371139191, -0.000741259602364, 4.02334590035e-05, -0.000765152974054, 0.00152507016901, -0.001088432502, 0.000840002205223, -0.000426408689236, 0.00109761988278], [-8.38596752146e-05, 0.000525083742104, -0.00118878588546, 0.00283399713226, -0.00131992087699, 0.000545140705071, 0.000196033128304, 0.000188590609469, -0.00083539908519, 0.000823943526484, -0.00043958085007, 0.0011759721674, -0.000555695674848], [-0.000129129461129, -0.000882180698682, -0.000322371139191, -0.00131992087699, 0.00486733252183, -0.00234193308279, 0.000217585911741, -0.00032596141682, -0.00164119584952, 0.00119222013745, -0.000289660383714, -0.00161388609558, 0.00102524249814], [-0.000140688905958, 0.000964565202594, -0.000741259602364, 0.000545140705071, -0.00234193308279, 0.00945258047432, -0.00544427800924, 0.000189036756638, 0.00130492437165, -0.00213713874109, -0.00062857568264, 0.000146597274579, 0.000206442651688], [-4.05739920097e-05, -0.00105110672303, 4.02334590035e-05, 0.000196033128304, 0.000217585911741, -0.00544427800924, 0.0102960197255, -0.00539482338354, -0.00174409453757, 0.0034109428525, -0.000536754901987, 0.000271334574791, -0.00256478856318], [4.92893777846e-05, 0.000959768774919, -0.000765152974054, 0.000188590609469, -0.00032596141682, 0.000189036756638, -0.00539482338354, 0.0147272991017, -0.00717954430729, -0.0011421861127, 0.0032825411763, -0.00250233896077, -0.000551471603103], [0.000189114391105, -0.00082226190716, 0.00152507016901, -0.00083539908519, -0.00164119584952, 0.00130492437165, -0.00174409453757, -0.00717954430729, 0.0165616571903, -0.00796267669648, -1.06755815068e-05, 0.00288119656034, -6.27270637779e-05], [-3.97796211473e-05, 0.000994494417682, -0.001088432502, 0.000823943526484, 0.00119222013745, -0.00213713874109, 0.0034109428525, -0.0011421861127, -0.00796267669648, 0.0186201985925, -0.0110134016722, -0.000509756268002, 0.00382586685009], [0.000330263283104, -0.00122382165864, 0.000840002205223, -0.00043958085007, -0.000289660383714, -0.00062857568264, -0.000536754901987, 0.0032825411763, -1.06755815068e-05, -0.0110134016722, 0.0220699291676, -0.00898494012654, -0.00127362983767], [-0.000253452628385, 0.00124075659551, -0.000426408689236, 0.0011759721674, -0.00161388609558, 0.000146597274579, 0.000271334574791, -0.00250233896077, 0.00288119656034, -0.000509756268002, -0.00898494012654, 0.0196135547012, -0.00892671570182], [0.000452735781437, -0.000521195004694, 0.00109761988278, -0.000555695674848, 0.00102524249814, 0.000206442651688, -0.00256478856318, -0.000551471603103, -6.27270637779e-05, 0.00382586685009, -0.00127362983767, -0.00892671570182, 0.0208798889071]]
    },
    "melbands": {
        "dmean": [0.00721474876627, 0.00498339673504, 0.00232179788873, 0.000519257562701, 0.00020825881802, 0.000108944768726, 7.67488309066e-05, 5.09642268298e-05, 4.19149037043e-05, 3.47078421328e-05, 5.92112446611e-05, 4.01343968406e-05, 6.06238390901e-05, 3.18002603308e-05, 2.43108934228e-05, 2.7653935831e-05, 2.20892652578e-05, 1.55379111675e-05, 1.48300068759e-05, 1.50439745994e-05, 1.72524105437e-05, 7.47279545976e-06, 6.21282970314e-06, 1.03795864561e-05, 9.48326032812e-06, 5.94555149291e-06, 7.13039389666e-06, 1.173743658e-05, 7.47841613702e-06, 7.79649417382e-06, 9.41251801123e-06, 7.17646025805e-06, 9.862479601e-06, 1.07407140604e-05, 1.14081267384e-05, 1.30578873723e-05, 1.11428544187e-05, 9.18690875551e-06, 1.09928841994e-05, 8.63836612552e-06],
        "dmean2": [0.00994909461588, 0.0071268947795, 0.0041047888808, 0.000918476085644, 0.000361645303201, 0.000182160802069, 0.000128134503029, 8.1282996689e-05, 6.12629810348e-05, 5.33683087269e-05, 9.27723303903e-05, 6.44493338768e-05, 9.74420108832e-05, 5.15759311384e-05, 4.05350037909e-05, 4.67504396511e-05, 3.66193162336e-05, 2.53188845818e-05, 2.59116950474e-05, 2.6108316888e-05, 3.0211846024e-05, 1.26642644318e-05, 1.04638784251e-05, 1.81960112968e-05, 1.64063676493e-05, 9.53607923293e-06, 1.19468559205e-05, 1.8186890884e-05, 1.22697665574e-05, 1.29308282339e-05, 1.54790341185e-05, 1.1197816093e-05, 1.54961853696e-05, 1.83561260201e-05, 1.84076470759e-05, 2.04500884138e-05, 1.78752034117e-05, 1.4574632587e-05, 1.79542639671e-05, 1.40706224556e-05],
        "dvar": [7.21253672964e-05, 6.46624976071e-05, 4.26566657552e-05, 1.6856001821e-06, 1.97913578859e-07, 2.76036100644e-08, 1.41086404781e-08, 9.30702181989e-09, 1.21751790871e-08, 3.62408236754e-09, 1.79727628336e-08, 6.8279062404e-09, 1.83853128277e-08, 3.67347086083e-09, 2.03852401626e-09, 2.13579420816e-09, 1.49591405929e-09, 6.21506401899e-10, 6.80502709738e-10, 7.10541681048e-10, 1.30925703612e-09, 1.63083421767e-10, 1.10851106072e-10, 4.51586074091e-10, 2.68506494816e-10, 8.26683374533e-11, 1.28247162889e-10, 3.86205289971e-10, 1.60353910705e-10, 2.12791839704e-10, 4.55433996072e-10, 1.7251446105e-10, 4.35347646821e-10, 3.09809983223e-10, 5.79353398589e-10, 5.27824839391e-10, 3.29975352598e-10, 2.26997892705e-10, 3.8042574646e-10, 1.99770255893e-10],
        "dvar2": [0.000140204894706, 0.000130045402329, 0.000115955524961, 4.64042705062e-06, 5.54442181055e-07, 7.26367872517e-08, 3.79645470616e-08, 2.22425988738e-08, 2.08255315215e-08, 7.85766296474e-09, 4.05445632623e-08, 1.61279221089e-08, 4.25211581501e-08, 8.68702088042e-09, 5.24288923387e-09, 5.53274226434e-09, 3.83054965525e-09, 1.5296696132e-09, 1.80206993772e-09, 1.88229254405e-09, 3.60851815095e-09, 4.25104090818e-10, 2.88915863456e-10, 1.26374199994e-09, 7.24418802722e-10, 2.02263789051e-10, 3.16150994273e-10, 8.88001838728e-10, 3.62161467482e-10, 5.17940579314e-10, 9.48970235726e-10, 3.68672481432e-10, 9.56814516506e-10, 7.51439854785e-10, 1.37703903835e-09, 1.16149700968e-09, 7.39493688506e-10, 5.35290589632e-10, 9.47428024922e-10, 4.91556961801e-10],
        "max": [0.0671170279384, 0.0594624616206, 0.0447272397578, 0.0132956486195, 0.00463643344119, 0.00180787139107, 0.00128791260067, 0.00240701250732, 0.00369145697914, 0.00159334437922, 0.00269746454433, 0.00204570731148, 0.00206458033063, 0.000839609012473, 0.00048823968973, 0.000631103874184, 0.000473004009109, 0.000327391084284, 0.000316796911648, 0.000287182308966, 0.000353944633389, 0.000111425513751, 0.000103067955934, 0.000174215863808, 0.000137577852001, 0.000132352797664, 0.000119845833979, 0.000262736633886, 0.000216027023271, 0.000273056240985, 0.000520396104548, 0.000210546859307, 0.000434245273937, 0.000191719474969, 0.000569403870031, 0.000203392497497, 0.000142539967783, 0.000127057122882, 0.000337368954206, 0.000111202600237],
        "mean": [0.0103084724396, 0.00708142062649, 0.00198941980489, 0.000502328854054, 0.000193472267711, 0.000128856860101, 0.000106241277535, 8.57644190546e-05, 6.46232510917e-05, 5.2697283536e-05, 7.59461836424e-05, 5.4086012824e-05, 8.27464100439e-05, 4.02564146498e-05, 2.74462217931e-05, 2.99978109979e-05, 2.64220780082e-05, 1.83545344044e-05, 1.36670605571e-05, 1.39778476296e-05, 1.49667594087e-05, 9.07276444195e-06, 7.48083220969e-06, 9.16542376217e-06, 8.71910651767e-06, 8.370580872e-06, 9.25171934796e-06, 2.05293199542e-05, 1.22419642139e-05, 9.5849218269e-06, 1.24259040604e-05, 1.20729919217e-05, 1.84885466297e-05, 1.41178106787e-05, 1.44012146848e-05, 1.72487161763e-05, 1.51268386617e-05, 1.18392563309e-05, 1.21249349831e-05, 9.52333994064e-06],
        "median": [0.0056360270828, 0.00355784874409, 0.000418717798311, 0.000103979000414, 6.81293022353e-05, 5.84069675824e-05, 5.6015815062e-05, 3.81585559808e-05, 2.46915260504e-05, 2.44960647251e-05, 2.61777004198e-05, 2.39375840465e-05, 2.7898213375e-05, 1.50199884956e-05, 1.04810887933e-05, 1.05106109913e-05, 6.85876693751e-06, 7.59625163482e-06, 4.30510863225e-06, 4.35051242675e-06, 4.09192398365e-06, 3.71692431145e-06, 3.03858769257e-06, 2.58055388258e-06, 2.4695814318e-06, 3.20909884977e-06, 2.97655105896e-06, 3.77417518393e-06, 3.30695797857e-06, 2.28392013923e-06, 2.69870611191e-06, 1.9503643216e-06, 2.09160089071e-06, 2.00240424419e-06, 1.89043964838e-06, 1.85680892173e-06, 1.67877533386e-06, 1.58227328484e-06, 1.34490869641e-06, 1.11716826723e-06],
        "min": [1.39726782733e-23, 6.79798281833e-24, 2.40289713857e-24, 1.37456015063e-23, 6.91286226538e-24, 8.90779683137e-24, 9.07408318817e-24, 4.16969707508e-24, 7.09521061906e-24, 5.52471911325e-24, 1.00982423688e-23, 1.46623888291e-23, 6.3562128228e-24, 1.17999344593e-23, 1.75628946935e-23, 9.10975232286e-24, 1.22060400533e-23, 5.81682168468e-24, 8.72513529991e-24, 1.66424281235e-23, 1.81940291716e-23, 2.03517735844e-23, 5.13705235404e-24, 5.14434103437e-24, 8.55300742811e-24, 9.30547029116e-24, 6.918983826e-24, 1.03817061244e-23, 1.1910550902e-23, 9.63334533806e-24, 1.06606078974e-23, 1.14357513004e-23, 1.3627972879e-23, 7.71296917166e-24, 8.79688772126e-24, 6.35319227439e-24, 7.86811050159e-24, 8.44446805616e-24, 1.07149304371e-23, 1.31519181997e-23],
        "var": [0.000161694013514, 0.000108999527583, 2.96407906717e-05, 1.2815212358e-06, 1.41900287076e-07, 3.25498135112e-08, 1.85026500787e-08, 2.22600835542e-08, 2.53164635922e-08, 7.16272818835e-09, 2.62242139115e-08, 1.02346442432e-08, 2.92856725537e-08, 5.17076070849e-09, 2.17070228459e-09, 2.26020402394e-09, 1.94160332256e-09, 7.77584774347e-10, 5.76421799181e-10, 6.0414329095e-10, 9.17748543827e-10, 1.6969159411e-10, 1.2015896611e-10, 3.07786657272e-10, 2.17194512375e-10, 1.45793765949e-10, 1.85146148413e-10, 8.920991168e-10, 4.23130058769e-10, 3.38662264898e-10, 7.50383088999e-10, 3.82305187507e-10, 1.14675569041e-09, 5.16936271566e-10, 8.99410157462e-10, 8.55638115915e-10, 6.03581740144e-10, 3.83320347686e-10, 5.69023772545e-10, 2.70335170915e-10]
    },
    "mfcc": {
        "mean": [-661.509887695, 91.4543380737, 25.5484428406, 13.4940195084, 4.46519088745, 13.8259468079, 8.99430751801, 8.14428710938, 5.60332250595, 6.40715456009, 1.72674775124, 3.76736283302, 5.63244152069],
        "cov": [[12310.2119141, -3594.60302734, 1683.30932617, 1204.54345703, 1178.04602051, 931.69329834, 527.45513916, 301.026000977, -11.212053299, 180.409164429, -107.928024292, 118.785232544, -90.6390533447], [-3594.60302734, 3991.40234375, 39.7990150452, 123.045005798, 135.477310181, 100.182060242, 301.917785645, 327.920257568, 373.866516113, 90.3908538818, 185.98815918, 65.2137832642, 76.8535385132], [1683.30932617, 39.7990150452, 1026.66662598, 611.978759766, 461.162384033, 361.309143066, 298.73348999, 226.641799927, 139.942367554, 113.91771698, 26.1004638672, 54.0163536072, -1.64910936356], [1204.54345703, 123.045005798, 611.978759766, 773.170227051, 505.705718994, 306.96661377, 224.041259766, 206.012771606, 144.885513306, 100.164550781, 31.1559944153, 56.7578544617, -4.20820140839], [1178.04602051, 135.477310181, 461.162384033, 505.705718994, 551.536865234, 321.175231934, 236.926849365, 202.12991333, 130.465942383, 104.571754456, 62.597328186, 64.8184890747, 13.6512393951], [931.69329834, 100.182060242, 361.309143066, 306.96661377, 321.175231934, 338.716827393, 245.32409668, 195.551223755, 132.291976929, 91.5578155518, 61.5531997681, 59.6878166199, 33.9898681641], [527.45513916, 301.917785645, 298.73348999, 224.041259766, 236.926849365, 245.32409668, 317.470062256, 252.547454834, 182.284667969, 95.0032501221, 49.0338630676, 49.6693534851, 41.7517623901], [301.026000977, 327.920257568, 226.641799927, 206.012771606, 202.12991333, 195.551223755, 252.547454834, 330.010467529, 243.588165283, 114.145584106, 52.9027252197, 45.8071365356, 37.0334739685], [-11.212053299, 373.866516113, 139.942367554, 144.885513306, 130.465942383, 132.291976929, 182.284667969, 243.588165283, 268.184875488, 131.134719849, 69.6637649536, 39.4675559998, 25.9205818176], [180.409164429, 90.3908538818, 113.91771698, 100.164550781, 104.571754456, 91.5578155518, 95.0032501221, 114.145584106, 131.134719849, 148.570144653, 88.4565734863, 48.9320716858, 19.0681362152], [-107.928024292, 185.98815918, 26.1004638672, 31.1559944153, 62.597328186, 61.5531997681, 49.0338630676, 52.9027252197, 69.6637649536, 88.4565734863, 142.397613525, 76.8648605347, 38.8341712952], [118.785232544, 65.2137832642, 54.0163536072, 56.7578544617, 64.8184890747, 59.6878166199, 49.6693534851, 45.8071365356, 39.4675559998, 48.9320716858, 76.8648605347, 104.583686829, 56.6013870239], [-90.6390533447, 76.8535385132, -1.64910936356, -4.20820140839, 13.6512393951, 33.9898681641, 41.7517623901, 37.0334739685, 25.9205818176, 19.0681362152, 38.8341712952, 56.6013870239, 105.10609436]],
