{
"lowlevel": {
    "average_loudness": 0.945107102394,
    "barkbands_crest": {
        "dmean": 2.16635012627,
        "dmean2": 3.67110800743,
        "dvar": 4.66392803192,
        "dvar2": 13.3309326172,
        "max": 23.3182849884,
        "mean": 9.07758522034,
        "median": 8.65616226196,
        "min": 2.8718829155,
        "var": 8.63195514679
    },
    "barkbands_flatness_db": {
        "dmean": 0.0210570376366,
        "dmean2": 0.0311381034553,
        "dvar": 0.000518816174008,
        "dvar2": 0.00104819785338,
        "max": 0.468861252069,
        "mean": 0.133126020432,
        "median": 0.10865636915,
        "min": 0.0251704491675,
        "var": 0.0053278291598
    },
    "barkbands_kurtosis": {
        "dmean": 2.78276729584,
        "dmean2": 4.53008651733,
        "dvar": 18.7134666443,
        "dvar2": 46.3942451477,
        "max": 104.160743713,
        "mean": 5.25765514374,
        "median": 3.09971141815,
        "min": -1.94987142086,
        "var": 63.5310630798
    },
    "barkbands_skewness": {
        "dmean": 0.474961638451,
        "dmean2": 0.766249060631,
        "dvar": 0.266247391701,
        "dvar2": 0.666361033916,
        "max": 9.525431633,
        "mean": 1.87345933914,
        "median": 1.79115879536,
        "min": -8.81386566162,
        "var": 1.13732552528
    },
    "barkbands_spread": {
        "dmean": 5.43177127838,
        "dmean2": 8.41923618317,
        "dvar": 44.4602508545,
        "dvar2": 97.067527771,
        "max": 120.262374878,
        "mean": 23.2548389435,
        "median": 21.8971195221,
        "min": 0.740992605686,
        "var": 200.551208496
    },
    "dissonance": {
        "dmean": 0.0171675812453,
        "dmean2": 0.0287502966821,
        "dvar": 0.00028537894832,
        "dvar2": 0.000768260506447,
        "max": 0.5,
        "mean": 0.459640175104,
        "median": 0.467891395092,
        "min": 0.252960622311,
        "var": 0.00101951998658
    },
    "dynamic_complexity": 2.06946229935,
    "erbbands_crest": {
        "dmean": 1.88469469547,
        "dmean2": 3.01608490944,
        "dvar": 3.70810985565,
        "dvar2": 9.51395511627,
        "max": 28.7259788513,
        "mean": 7.63754940033,
        "median": 6.53610038757,
        "min": 2.15324568748,
        "var": 16.0265769958
    },
    "erbbands_flatness_db": {
        "dmean": 0.0170730575919,
        "dmean2": 0.0229830853641,
        "dvar": 0.000482628005557,
        "dvar2": 0.000876744277775,
        "max": 0.393291145563,
        "mean": 0.135118320584,
        "median": 0.114922314882,
        "min": 0.0341745056212,
        "var": 0.00385975441895
    },
    "erbbands_kurtosis": {
        "dmean": 0.658615887165,
        "dmean2": 1.09058141708,
        "dvar": 3.52717232704,
        "dvar2": 11.1690206528,
        "max": 83.2938156128,
        "mean": 0.102040037513,
        "median": -0.794172286987,
        "min": -1.82188165188,
        "var": 25.0223960876
    },
    "erbbands_skewness": {
        "dmean": 0.2763415277,
        "dmean2": 0.433357864618,
        "dvar": 0.0889702215791,
        "dvar2": 0.217367455363,
        "max": 7.16850757599,
        "mean": 0.375767290592,
        "median": 0.262859672308,
        "min": -2.1822578907,
        "var": 0.604980051517
    },
    "erbbands_spread": {
        "dmean": 7.99282455444,
        "dmean2": 12.4103307724,
        "dvar": 82.5628356934,
        "dvar2": 191.014358521,
        "max": 163.326507568,
        "mean": 50.6615753174,
        "median": 50.8426933289,
        "min": 2.80433177948,
        "var": 404.983337402
    },
    "hfc": {
        "dmean": 5.9068365097,
        "dmean2": 8.77458572388,
        "dvar": 70.2996826172,
        "dvar2": 145.769104004,
        "max": 163.823226929,
        "mean": 27.2845287323,
        "median": 25.3506698608,
        "min": 1.1807247532e-16,
        "var": 345.54284668
    },
    "melbands_crest": {
        "dmean": 3.00016403198,
        "dmean2": 5.06258916855,
        "dvar": 8.42442798615,
        "dvar2": 23.1475391388,
        "max": 31.3803634644,
        "mean": 13.4679422379,
        "median": 12.8598489761,
        "min": 1.88896620274,
        "var": 17.1746940613
    },
    "melbands_flatness_db": {
        "dmean": 0.0258272700012,
        "dmean2": 0.0386247485876,
        "dvar": 0.000772659957875,
        "dvar2": 0.00161261670291,
        "max": 0.616447091103,
        "mean": 0.214654654264,
        "median": 0.1907145679,
        "min": 0.00578139256686,
        "var": 0.00800216477364
    },
    "melbands_kurtosis": {
        "dmean": 7.40350103378,
        "dmean2": 12.2703742981,
        "dvar": 137.491973877,
        "dvar2": 352.13671875,
        "max": 274.221466064,
        "mean": 16.5370311737,
        "median": 12.4294891357,
        "min": -1.45652401447,
        "var": 257.184844971
    },
    "melbands_skewness": {
        "dmean": 0.687072873116,
        "dmean2": 1.12172305584,
        "dvar": 0.616638123989,
        "dvar2": 1.61126840115,
        "max": 14.5943002701,
        "mean": 3.19135570526,
        "median": 3.04493880272,
        "min": -0.504539847374,
        "var": 1.51974594593
    },
    "melbands_spread": {
        "dmean": 5.22362422943,
        "dmean2": 8.35784626007,
        "dvar": 49.2016220093,
        "dvar2": 115.516563416,
        "max": 195.098403931,
        "mean": 18.8986167908,
        "median": 16.4315872192,
        "min": 0.731201410294,
        "var": 207.791412354
    },
    "pitch_salience": {
        "dmean": 0.0615001916885,
        "dmean2": 0.102653436363,
        "dvar": 0.00310210650787,
        "dvar2": 0.00863937009126,
        "max": 0.953244805336,
        "mean": 0.586356461048,
        "median": 0.59242016077,
        "min": 0.194785773754,
        "var": 0.00907291378826
    },
    "silence_rate_20dB": {
        "dmean": 0,
        "dmean2": 0,
        "dvar": 0,
        "dvar2": 0,
        "max": 1,
        "mean": 1,
        "median": 1,
        "min": 1,
        "var": 0
    },
    "silence_rate_30dB": {
        "dmean": 0,
        "dmean2": 0,
        "dvar": 0,
        "dvar2": 0,
        "max": 1,
        "mean": 1,
        "median": 1,
        "min": 1,
        "var": 0
    },
    "silence_rate_60dB": {
        "dmean": 0.00212728232145,
        "dmean2": 0.00425494182855,
        "dvar": 0.00212233490311,
        "dvar2": 0.0047691501677,
        "max": 1,
        "mean": 0.0368696264923,
        "median": 0,
        "min": 0,
        "var": 0.0355095155537
    },
    "spectral_centroid": {
        "dmean": 221.364898682,
        "dmean2": 354.065582275,
        "dvar": 63670.46875,
        "dvar2": 145720.796875,
        "max": 10947.4726562,
        "mean": 1211.91210938,
        "median": 1208.67382812,
        "min": 154.668319702,
        "var": 364624.28125
    },
    "spectral_complexity": {
        "dmean": 3.79755353928,
        "dmean2": 5.87767028809,
        "dvar": 17.3545761108,
        "dvar2": 36.3773155212,
        "max": 54,
        "mean": 24.0140914917,
        "median": 23,
        "min": 0,
        "var": 120.030555725
    },
    "spectral_decrease": {
        "dmean": 3.04769476323e-09,
        "dmean2": 5.03811747876e-09,
        "dvar": 1.6100418805e-17,
        "dvar2": 4.24744505965e-17,
        "max": 1.08967036573e-16,
        "mean": -1.00508925627e-08,
        "median": -9.57957002612e-09,
        "min": -3.49355211426e-08,
        "var": 2.72236339617e-17
    },
    "spectral_energy": {
        "dmean": 0.0117573691532,
        "dmean2": 0.019404206425,
        "dvar": 0.000237754444242,
        "dvar2": 0.000626693537924,
        "max": 0.13422845304,
        "mean": 0.0404090881348,
        "median": 0.038770776242,
        "min": 1.05963944809e-20,
        "var": 0.0004204781726
    },
    "spectral_energyband_high": {
        "dmean": 0.000521232141182,
        "dmean2": 0.000762949581258,
        "dvar": 8.27549627047e-07,
        "dvar2": 1.58185696364e-06,
        "max": 0.0164674296975,
        "mean": 0.00162189197727,
        "median": 0.00109665154014,
        "min": 7.99435650027e-21,
        "var": 3.32838817485e-06
    },
    "spectral_energyband_low": {
        "dmean": 0.00864841323346,
        "dmean2": 0.0143550848588,
        "dvar": 0.000201448827283,
        "dvar2": 0.000533656682819,
        "max": 0.117680765688,
        "mean": 0.0170481372625,
        "median": 0.0140857417136,
        "min": 6.46798668223e-23,
        "var": 0.000233101396589
    },
    "spectral_energyband_middle_high": {
        "dmean": 0.00117945228703,
        "dmean2": 0.00181408412755,
        "dvar": 2.1720939003e-06,
        "dvar2": 4.98676172356e-06,
        "max": 0.0271487589926,
        "mean": 0.00460024829954,
        "median": 0.00408825324848,
        "min": 1.38107900685e-21,
        "var": 1.12411125883e-05
    },
    "spectral_energyband_middle_low": {
        "dmean": 0.00636864965782,
        "dmean2": 0.0108241820708,
        "dvar": 8.05872186902e-05,
        "dvar2": 0.000225841649808,
        "max": 0.0942367985845,
        "mean": 0.0182786490768,
        "median": 0.0166660733521,
        "min": 2.68676557987e-22,
        "var": 0.00012228343985
    },
    "spectral_entropy": {
        "dmean": 0.170094057918,
        "dmean2": 0.237028166652,
        "dvar": 0.0437585785985,
        "dvar2": 0.0830560177565,
        "max": 9.79843521118,
        "mean": 7.51603841782,
        "median": 7.75792884827,
        "min": 4.79039525986,
        "var": 0.460551768541
    },
    "spectral_flux": {
        "dmean": 0.0267386361957,
        "dmean2": 0.0406494401395,
        "dvar": 0.000903471955098,
        "dvar2": 0.0018187565729,
        "max": 0.284977346659,
        "mean": 0.093788318336,
        "median": 0.0862680897117,
        "min": 1.02938789437e-10,
        "var": 0.00256115524098
    },
    "spectral_kurtosis": {
        "dmean": 3.00783228874,
        "dmean2": 4.90757369995,
        "dvar": 56.9672317505,
        "dvar2": 148.412857056,
        "max": 183.396606445,
        "mean": 7.00414705276,
        "median": 2.79652166367,
        "min": -1.21787917614,
        "var": 170.533309937
    },
    "spectral_rms": {
        "dmean": 0.000842528301291,
        "dmean2": 0.00136335496791,
        "dvar": 9.6494409263e-07,
        "dvar2": 2.46713148044e-06,
        "max": 0.0114435395226,
        "mean": 0.00601576454937,
        "median": 0.00615021493286,
        "min": 3.21526767884e-12,
        "var": 3.23389645018e-06
    },
    "spectral_rolloff": {
        "dmean": 483.667205811,
        "dmean2": 809.746276855,
        "dvar": 773052,
        "dvar2": 1725056.25,
        "max": 19681.3476562,
        "mean": 1280.4407959,
        "median": 753.662109375,
        "min": 107.666015625,
        "var": 3775156.5
    },
    "spectral_skewness": {
        "dmean": 0.289112478495,
        "dmean2": 0.453740090132,
        "dvar": 0.236764907837,
        "dvar2": 0.608050882816,
        "max": 10.5245790482,
        "mean": 1.69898474216,
        "median": 1.33975994587,
        "min": -0.0596915334463,
        "var": 1.06884264946
    },
    "spectral_spread": {
        "dmean": 596881,
        "dmean2": 828476.4375,
        "dvar": 598747709440,
        "dvar2": 1.04121126093e+12,
        "max": 41985492,
        "mean": 5071962,
        "median": 5220291.5,
        "min": 550701.25,
        "var": 4.30921534669e+12
    },
    "spectral_strongpeak": {
        "dmean": 0.346921175718,
        "dmean2": 0.601670205593,
        "dvar": 0.274495601654,
        "dvar2": 0.670613884926,
        "max": 7.20349121094,
        "mean": 0.679815232754,
        "median": 0.473666161299,
        "min": 0,
        "var": 0.570341467857
    },
    "zerocrossingrate": {
        "dmean": 0.0101467026398,
        "dmean2": 0.0120892133564,
        "dvar": 0.000147511527757,
        "dvar2": 0.00017087602464,
        "max": 0.76171875,
        "mean": 0.0634629279375,
        "median": 0.0556640625,
        "min": 0.00439453125,
        "var": 0.00374985882081
    },
    "barkbands": {
        "dmean": [0.00112350459676, 0.00472482247278, 0.00399076472968, 0.0015461887233, 0.00481673330069, 0.00137680117041, 0.000622119870968, 0.000770245329477, 0.000625624670647, 0.00041514946497, 0.000250277633313, 0.000241070141783, 0.000179195965757, 0.000173468899447, 0.000176840752829, 0.000183976240805, 0.000227930504479, 0.000194098698557, 0.000171079402207, 0.000152723994688, 0.000148671635543, 0.000139014649903, 0.00013365628547, 0.000102249367046, 6.38027486275e-05, 4.50173101854e-05, 1.49836459968e-05],
        "dmean2": [0.00196795281954, 0.00779674667865, 0.00685112597421, 0.00265342835337, 0.00827753357589, 0.00229270779528, 0.00103098060936, 0.00120686856098, 0.000978490104899, 0.00063539884286, 0.000398455827963, 0.000378881755751, 0.000285947346129, 0.00027888736804, 0.000281763874227, 0.000296793325106, 0.000371155707398, 0.000317134574289, 0.000280326028587, 0.000251007353654, 0.000242023394094, 0.000218464410864, 0.000204204610782, 0.000153040775331, 9.05846536625e-05, 6.52146554785e-05, 2.19112389459e-05],
        "dvar": [7.01427234162e-06, 6.43829553155e-05, 4.09372005379e-05, 4.26123961006e-06, 6.49758803775e-05, 2.85034229819e-06, 8.86881196038e-07, 1.92862603399e-06, 1.30534954224e-06, 7.91970080627e-07, 1.96288951315e-07, 1.86693384308e-07, 1.23277047237e-07, 8.41442826527e-08, 9.29107244474e-08, 7.18010610967e-08, 1.35117147693e-07, 1.02117205358e-07, 5.79364822784e-08, 4.64920404397e-08, 5.18318650222e-08, 6.61444374828e-08, 8.04617528161e-08, 6.85517065335e-08, 3.51034792345e-08, 1.06413784451e-08, 1.4298929818e-09],
        "dvar2": [1.88232061191e-05, 0.000170388928382, 0.000114423019113, 1.19373507914e-05, 0.00018570922839, 7.79099264037e-06, 2.23949245992e-06, 4.41421479991e-06, 3.07051755044e-06, 1.7391386109e-06, 4.67155558681e-07, 4.47405767545e-07, 3.09398870968e-07, 2.11748954371e-07, 2.29269602414e-07, 1.79926885835e-07, 3.46637818893e-07, 2.63296442427e-07, 1.50101683971e-07, 1.19563736689e-07, 1.31107753987e-07, 1.51394317527e-07, 1.64021926707e-07, 1.37471531048e-07, 6.78177087821e-08, 2.3012118433e-08, 3.14744075247e-09],
        "max": [0.020482769236, 0.0811888501048, 0.0627542734146, 0.0253730621189, 0.0771176964045, 0.0323727428913, 0.0291891507804, 0.0280142724514, 0.0282921735197, 0.0267537496984, 0.0201574657112, 0.00865575205535, 0.00891210604459, 0.00629677297547, 0.00988109596074, 0.00487956637517, 0.00986955780536, 0.00614268518984, 0.00384979904629, 0.00315427593887, 0.00395946623757, 0.00435029342771, 0.00653986912221, 0.00583807239309, 0.00614015152678, 0.00184232019819, 0.000598944898229],
        "mean": [0.00104820507113, 0.00766062363982, 0.00731541216373, 0.00236813863739, 0.00816117785871, 0.00291664758697, 0.00143099681009, 0.00174742704257, 0.00141543301288, 0.000823561276775, 0.000557328923605, 0.00047338224249, 0.000345280743204, 0.000315938435961, 0.000361128768418, 0.000377810763894, 0.000495930027682, 0.000389915599953, 0.000400554126827, 0.0003582535428, 0.000364151201211, 0.000296524725854, 0.000308072776534, 0.000234463950619, 0.000145973841427, 7.52221094444e-05, 2.16495973291e-05],
        "median": [0.000118060852401, 0.00503272935748, 0.00568881444633, 0.00166994170286, 0.00603513000533, 0.00227936636657, 0.000845570932142, 0.000688662519678, 0.000707044964656, 0.000369827903342, 0.00027929796488, 0.000274214165984, 0.00018526322674, 0.000194751701201, 0.000228490607697, 0.000257498788415, 0.000311973359203, 0.000249751406955, 0.000305294815917, 0.000272576289717, 0.000268839852652, 0.000149928848259, 0.000158789844136, 0.00010855968867, 6.57500786474e-05, 2.22442831728e-05, 4.24719655712e-06],
        "min": [2.91739979402e-23, 3.15831917666e-23, 1.14862596976e-23, 1.79554823671e-23, 3.61030807635e-23, 3.69976080093e-23, 1.451389523e-23, 9.06586972619e-23, 5.72614314914e-23, 2.14378441466e-23, 5.56803649107e-23, 1.25850261871e-22, 8.91497515007e-23, 1.06882536856e-22, 7.16515165801e-23, 2.12668418215e-22, 9.44724800181e-23, 3.07299364612e-22, 1.64367727166e-22, 3.80512573349e-22, 4.66235626673e-22, 5.50138317194e-22, 6.85609690749e-22, 7.93396868048e-22, 1.18548128619e-21, 1.69334726116e-21, 2.66474356214e-21],
        "var": [6.22108746029e-06, 7.75630032877e-05, 4.55793233414e-05, 6.07897845839e-06, 6.6252774559e-05, 6.22418656349e-06, 4.52171707366e-06, 9.28549070522e-06, 5.27743304701e-06, 2.60257570517e-06, 1.68251528976e-06, 4.28871885561e-07, 2.92794908319e-07, 1.67668403606e-07, 1.92039777858e-07, 1.71725801579e-07, 3.73976604351e-07, 2.29952831887e-07, 1.77366416665e-07, 1.37704873282e-07, 1.53346675802e-07, 1.54169441657e-07, 2.1679140616e-07, 1.7098395233e-07, 9.44796525459e-08, 1.88118214339e-08, 2.04617234267e-09]
    },
    "erbbands": {
        "dmean": [0.193446025252, 0.959994792938, 3.91230177879, 4.78240966797, 10.3946685791, 19.9277839661, 15.9629888535, 9.68136501312, 7.33876419067, 12.7126197815, 16.9475879669, 12.6218738556, 14.426735878, 11.1845445633, 9.1358499527, 10.7216739655, 8.45830440521, 6.84289836884, 9.35182189941, 9.57002639771, 11.0521554947, 11.6969499588, 9.83584308624, 9.52158546448, 7.74959230423, 7.20279932022, 5.96034002304, 5.86377096176, 4.63624429703, 4.98055076599, 3.72864937782, 2.56104302406, 1.49626600742, 0.891209363937, 0.403479725122, 0.204653859138, 0.0809372663498, 0.0204714946449, 0.00259574200027, 0.000122257202747],
        "dmean2": [0.315501868725, 1.62610828876, 6.68326950073, 8.25043582916, 17.5377044678, 34.36561203, 26.8494033813, 15.8974561691, 12.1328725815, 20.6361312866, 26.2160549164, 19.6594829559, 22.5818576813, 17.0626449585, 14.6914768219, 16.7678890228, 13.3991746902, 10.8883314133, 15.0531511307, 15.0910043716, 17.9365615845, 18.8732051849, 16.0005340576, 15.5372047424, 12.711183548, 11.8354120255, 9.64181041718, 9.64112186432, 7.29815626144, 7.71540784836, 5.64492511749, 3.87963938713, 2.26994538307, 1.3188970089, 0.577672958374, 0.29561522603, 0.118301771581, 0.0301704574376, 0.00382438674569, 0.00017918786034],
        "dvar": [0.15473857522, 2.53647279739, 39.6257019043, 41.1638183594, 250.36000061, 1377.47009277, 413.476654053, 178.807846069, 114.00945282, 415.964813232, 1061.90917969, 504.750305176, 936.918884277, 477.193054199, 229.779006958, 389.628356934, 256.458282471, 125.851486206, 263.324401855, 243.812576294, 285.632568359, 358.189025879, 298.007263184, 180.596130371, 135.508270264, 102.923042297, 82.0568389893, 86.4739761353, 82.3373718262, 92.1417160034, 63.6599388123, 40.9809417725, 15.1533317566, 6.96205997467, 1.28468966484, 0.210872083902, 0.0359791442752, 0.00256677553989, 4.3312964408e-05, 8.76633663438e-08],
        "dvar2": [0.395510703325, 7.04916381836, 109.889640808, 116.841850281, 691.69140625, 3916.75488281, 1151.53393555, 476.902099609, 295.935546875, 1030.90490723, 2299.38745117, 1201.04602051, 2159.53125, 1009.05133057, 530.710510254, 915.38092041, 639.167053223, 303.240264893, 685.825073242, 557.110107422, 723.096740723, 889.371337891, 777.164794922, 464.35760498, 347.192840576, 266.481292725, 204.708511353, 224.965866089, 193.287689209, 197.600921631, 128.793319702, 84.6212692261, 30.7307167053, 14.3026161194, 2.49878382683, 0.431455254555, 0.0767270326614, 0.00560454186052, 9.59755852818e-05, 1.92062643123e-07],
        "max": [3.80390453339, 14.3581199646, 58.4218254089, 74.7307739258, 184.672683716, 374.051727295, 314.590179443, 256.250579834, 262.708312988, 663.613220215, 755.965942383, 476.901489258, 1000.38043213, 600.718322754, 583.710571289, 445.047729492, 393.932220459, 240.873535156, 546.800415039, 586.171325684, 316.84664917, 442.214599609, 315.087799072, 272.423828125, 228.35307312, 212.2159729, 200.831588745, 160.751922607, 144.84815979, 222.579589844, 189.018341064, 143.731643677, 97.7638778687, 75.6240310669, 40.7939796448, 13.9119653702, 3.27833604813, 0.720144331455, 0.109670348465, 0.00442223902792],
        "mean": [0.251004397869, 1.6634529829, 7.51505422592, 8.64612865448, 16.4417877197, 30.1548709869, 29.6413402557, 21.1339702606, 16.03465271, 30.8368816376, 41.212688446, 30.0008087158, 32.9436073303, 25.28881073, 21.1301937103, 22.2233371735, 17.9778614044, 13.7245750427, 18.6127700806, 20.8580722809, 23.7853488922, 26.7294960022, 21.2896633148, 22.3672351837, 18.768989563, 17.1373252869, 14.4087982178, 13.8197135925, 9.83802127838, 11.387966156, 8.42014789581, 5.61165523529, 3.37786030769, 1.97736430168, 0.877619981766, 0.377342611551, 0.127957463264, 0.0299362614751, 0.00377245456912, 0.00021255966567],
        "median": [0.11774032563, 1.19114685059, 5.8581700325, 6.98490667343, 10.802192688, 19.0764217377, 21.3715324402, 15.3298130035, 11.7724599838, 16.2861022949, 16.4382209778, 16.1946125031, 15.1008329391, 14.13560009, 12.9937696457, 13.2980384827, 10.7209444046, 9.1452293396, 12.4953451157, 13.5626277924, 16.4354381561, 16.7936077118, 13.8480329514, 17.6305828094, 14.4699773788, 13.0496225357, 10.9889764786, 9.50294399261, 5.09182739258, 5.78039455414, 4.07341909409, 2.62933444977, 1.55281949043, 0.859967410564, 0.38076749444, 0.135820642114, 0.0308726727962, 0.00624678237364, 0.000748848950025, 9.04557236936e-05],
        "min": [7.50555637199e-22, 8.4479964038e-21, 1.23855958394e-20, 4.21052444754e-20, 9.67909431778e-20, 1.12525954068e-19, 1.50098294023e-19, 4.10765510334e-19, 2.70237217784e-19, 6.32764062185e-19, 2.15984323243e-18, 1.1061744677e-18, 1.35408587396e-18, 6.26738620109e-19, 3.24991342418e-18, 5.19557353982e-18, 4.07734529284e-18, 6.28900994308e-18, 2.81242835155e-18, 5.36603354379e-18, 1.30955264112e-17, 7.38681055124e-18, 1.36530205015e-17, 1.33728602183e-17, 8.82473417881e-18, 1.77697387643e-17, 2.24145084507e-17, 1.55336495386e-17, 1.84111230308e-17, 2.17492831846e-17, 1.95787744922e-17, 1.23635476698e-17, 1.72379013351e-17, 1.06444951305e-17, 1.01095251683e-17, 6.38011933806e-18, 3.13270193138e-18, 1.76527208318e-18, 3.31397220367e-19, 3.3719058012e-20],
        "var": [0.162892386317, 3.00859117508, 46.9277954102, 52.2010002136, 317.096221924, 1333.99536133, 795.951171875, 436.521850586, 237.334442139, 2522.61816406, 6059.52880859, 1767.41333008, 3969.39599609, 1553.00415039, 1509.36376953, 922.944274902, 668.223022461, 275.474182129, 457.956085205, 706.554931641, 696.890563965, 1135.60571289, 636.400085449, 495.565093994, 438.621246338, 317.996551514, 237.721435547, 240.437820435, 175.371765137, 254.929229736, 170.877624512, 95.1028900146, 38.3674240112, 16.9739151001, 3.47019886971, 0.48061978817, 0.0595085434616, 0.00378245464526, 6.11807408859e-05, 1.24493865883e-07]
    },
    "gfcc": {
        "mean": [21.7227191925, 97.142906189, -95.7598953247, 34.3816108704, -52.0598068237, 6.86181783676, -35.5492782593, 5.23230552673, -21.7196311951, -4.19088125229, -16.7505683899, -0.194490775466, -9.52572441101],
        "cov": [[18485.8476562, -2412.8762207, -1004.46234131, 917.877319336, -1365.95605469, 844.994750977, -197.235305786, 633.893493652, -299.565002441, 275.65423584, -374.63079834, 115.138626099, -411.866699219], [-2412.8762207, 2941.34667969, -575.53503418, -503.158081055, 658.157165527, -430.412475586, 59.3430633545, -244.428649902, 197.82383728, -215.022140503, 195.473587036, -115.201316833, 214.187667847], [-1004.46234131, -575.53503418, 731.51361084, 22.9012813568, 15.940656662, 71.6941070557, -5.56408214569, 7.88788080215, -23.4480304718, 74.4153823853, -30.2900753021, 66.7168884277, -44.4673194885], [917.877319336, -503.158081055, 22.9012813568, 532.221374512, -262.363830566, 180.560546875, 24.3275508881, 81.0729904175, -10.2588691711, 12.3829870224, 13.8037929535, -17.3313674927, 8.09750747681], [-1365.95605469, 658.157165527, 15.940656662, -262.363830566, 522.672668457, -195.891067505, 86.4900360107, -26.6525192261, 55.5121307373, 5.60403203964, 36.9515228271, -7.45984554291, 53.1445770264], [844.994750977, -430.412475586, 71.6941070557, 180.560546875, -195.891067505, 264.87197876, -10.2220191956, 62.2471694946, -0.839491546154, 15.7709226608, -0.00433712359518, 23.992231369, -22.2417755127], [-197.235305786, 59.3430633545, -5.56408214569, 24.3275508881, 86.4900360107, -10.2220191956, 138.072265625, 28.2003936768, -2.77208328247, 10.9409837723, 18.9875087738, -10.3501958847, 15.1020498276], [633.893493652, -244.428649902, 7.88788080215, 81.0729904175, -26.6525192261, 62.2471694946, 28.2003936768, 138.079727173, 10.2063512802, 32.9071159363, -10.9724817276, 7.46729183197, -28.6724338531], [-299.565002441, 197.82383728, -23.4480304718, -10.2588691711, 55.5121307373, -0.839491546154, -2.77208328247, 10.2063512802, 100.73601532, -0.0868870988488, 19.3312072754, -10.4110069275, 20.460193634], [275.65423584, -215.022140503, 74.4153823853, 12.3829870224, 5.60403203964, 15.7709226608, 10.9409837723, 32.9071159363, -0.0868870988488, 98.8522872925, -10.8343143463, 0.995550215244, -22.3176040649], [-374.63079834, 195.473587036, -30.2900753021, 13.8037929535, 36.9515228271, -0.00433712359518, 18.9875087738, -10.9724817276, 19.3312072754, -10.8343143463, 86.7134017944, 4.60148906708, 22.3247451782], [115.138626099, -115.201316833, 66.7168884277, -17.3313674927, -7.45984554291, 23.992231369, -10.3501958847, 7.46729183197, -10.4110069275, 0.995550215244, 4.60148906708, 73.803855896, -1.60529077053], [-411.866699219, 214.187667847, -44.4673194885, 8.09750747681, 53.1445770264, -22.2417755127, 15.1020498276, -28.6724338531, 20.460193634, -22.3176040649, 22.3247451782, -1.60529077053, 86.4046859741]],
        "icov": [[0.00014449057926, -0.000135038033477, 0.0003053828259, -0.000175873297849, 0.000148970008013, -0.000312388525344, 0.000147934886627, -0.000401755212806, 0.000436247850303, -0.000569114927202, 0.000665133818984, -0.000538371270522, 0.000433765904745], [-0.000135038033477, 0.001420407556, 0.000226521035074, 0.000703052559402, -0.00090490252478, 0.000827203097288, -0.000171244057128, 0.00127372378483, -0.00181230343878, 0.00216119154356, -0.00232271011919, 0.00170719833113, -0.00127271411475], [0.0003053828259, 0.000226521035074, 0.00264324992895, -0.000513560837135, -0.000568051298615, -0.00102258753031, 0.000361604616046, 0.000346317217918, 0.000492470979225, -0.00173285638448, 0.00144038710278, -0.00230736797675, 0.00146126036998], [-0.000175873297849, 0.000703052559402, -0.000513560837135, 0.00394392292947, 0.00126837776043, -0.000347733934177, -0.00116340362001, -0.000803154194728, -0.000896296347491, 0.00133070966695, -0.00258692866191, 0.00287600397132, -0.00287008052692], [0.000148970008013, -0.00090490252478, -0.000568051298615, 0.00126837776043, 0.0050743133761, 0.00158101110719, -0.00222506863065, -0.00188298872672, -0.000454539695056, -0.00192907848395, 0.000531742582098, -0.00104813778307, -0.000955459836405], [-0.000312388525344, 0.000827203097288, -0.00102258753031, -0.000347733934177, 0.00158101110719, 0.0076843034476, -0.000762813782785, -0.000551907869522, -0.00279814191163, 0.00184620183427, -0.0029321887996, -3.05724279315e-05, -0.0011810073629], [0.000147934886627, -0.000171244057128, 0.000361604616046, -0.00116340362001, -0.00222506863065, -0.000762813782785, 0.0100865447894, -0.00270589697175, 0.00296649918891, -0.00117170275189, -0.000923042825889, 0.00108740478754, -0.000810286263004], [-0.000401755212806, 0.00127372378483, 0.000346317217918, -0.000803154194728, -0.00188298872672, -0.000551907869522, -0.00270589697175, 0.0128774344921, -0.0043447627686, 0.00035440447391, -0.00090732955141, -9.11733150133e-05, 0.00229638838209], [0.000436247850303, -0.00181230343878, 0.000492470979225, -0.000896296347491, -0.000454539695056, -0.00279814191163, 0.00296649918891, -0.0043447627686, 0.0153218442574, -0.00375254452229, 0.00153944536578, -0.000340525089996, -0.000493015977554], [-0.000569114927202, 0.00216119154356, -0.00173285638448, 0.00133070966695, -0.00192907848395, 0.00184620183427, -0.00117170275189, 0.00035440447391, -0.00375254452229, 0.0166954547167, -0.00415660766885, 0.00463337963447, -0.000741602154449], [0.000665133818984, -0.00232271011919, 0.00144038710278, -0.00258692866191, 0.000531742582098, -0.0029321887996, -0.000923042825889, -0.00090732955141, 0.00153944536578, -0.00415660766885, 0.0193503107876, -0.0064903027378, 0.00213201274164], [-0.000538371270522, 0.00170719833113, -0.00230736797675, 0.00287600397132, -0.00104813778307, -3.05724279315e-05, 0.00108740478754, -9.11733150133e-05, -0.000340525089996, 0.00463337963447, -0.0064903027378, 0.0200769938529, -0.00451139174402], [0.000433765904745, -0.00127271411475, 0.00146126036998, -0.00287008052692, -0.000955459836405, -0.0011810073629, -0.000810286263004, 0.00229638838209, -0.000493015977554, -0.000741602154449, 0.00213201274164, -0.00451139174402, 0.0182948391885]]
    },
    "melbands": {
        "dmean": [0.0014726112131, 0.00170759076718, 0.000848783587571, 0.00112767342944, 0.00060000224039, 0.000220627640374, 0.000115943199489, 0.000142394186696, 0.000130165266455, 8.46974944579e-05, 7.3952585808e-05, 4.82996365463e-05, 3.54615731339e-05, 2.64173759206e-05, 2.44071143243e-05, 1.66576191987e-05, 1.33465164254e-05, 1.68596779986e-05, 1.27861230794e-05, 1.22473593365e-05, 1.49151483129e-05, 1.3746555851e-05, 9.64719220065e-06, 1.15374377856e-05, 8.24948074296e-06, 6.63537002765e-06, 5.79076322538e-06, 5.00741180076e-06, 4.0902668843e-06, 3.95154802391e-06, 3.51601192961e-06, 2.60827073362e-06, 3.30009333993e-06, 2.91122978524e-06, 2.42441205955e-06, 1.86797387869e-06, 1.55927705237e-06, 1.1616015172e-06, 9.98588006951e-07, 7.53219410399e-07],
        "dmean2": [0.00240694708191, 0.00290634785779, 0.00144228455611, 0.00194951333106, 0.00100901955739, 0.000363347469829, 0.000191870407434, 0.000229683399084, 0.000201336573809, 0.000131707667606, 0.000115395931061, 7.36487199902e-05, 5.63252651773e-05, 4.21045697294e-05, 3.7767811591e-05, 2.6679092116e-05, 2.13017774513e-05, 2.72812449111e-05, 2.02247993002e-05, 1.96302917175e-05, 2.43815338763e-05, 2.23382558033e-05, 1.56001005962e-05, 1.90332466445e-05, 1.35261425385e-05, 1.08412714326e-05, 9.56624626269e-06, 8.28709471534e-06, 6.67509948471e-06, 6.51540176477e-06, 5.8220525716e-06, 4.17822047893e-06, 5.24998768014e-06, 4.54216842627e-06, 3.75849981538e-06, 2.92543859359e-06, 2.38711754719e-06, 1.7922607185e-06, 1.53448638684e-06, 1.13722819606e-06],
        "dvar": [7.61464116295e-06, 7.45165380067e-06, 1.12853285827e-06, 4.26923270425e-06, 5.76014485887e-07, 8.39539566755e-08, 2.69414712761e-08, 5.03447310507e-08, 6.20867481871e-08, 2.31961596597e-08, 2.41312267946e-08, 9.49032319397e-09, 3.73126329833e-09, 2.29235852522e-09, 1.97144633951e-09, 9.85194814618e-10, 4.85974982478e-10, 8.79085582106e-10, 4.84909667975e-10, 3.56539242574e-10, 5.32149324606e-10, 5.43577238776e-10, 2.49860021562e-10, 4.2879103046e-10, 1.49508475045e-10, 8.98030053098e-11, 8.72501307314e-11, 4.8985263762e-11, 3.65722035989e-11, 3.57058931033e-11, 3.196174575e-11, 2.72670185042e-11, 3.79957870722e-11, 3.34418361059e-11, 2.7583803297e-11, 1.63639900241e-11, 1.81807069399e-11, 9.44008239634e-12, 7.11824869881e-12, 5.22053190607e-12],
        "dvar2": [1.96944729396e-05, 2.05079759326e-05, 3.1317435969e-06, 1.21871207739e-05, 1.62613343946e-06, 2.25508173912e-07, 6.89726036285e-08, 1.25824413999e-07, 1.36047219712e-07, 5.43991234281e-08, 5.52990258029e-08, 1.99757774766e-08, 8.74981598287e-09, 5.58229773517e-09, 4.74819072949e-09, 2.48974840744e-09, 1.18861975817e-09, 2.27462182423e-09, 1.17313281311e-09, 8.68174088176e-10, 1.35047018013e-09, 1.3614674943e-09, 6.29257035367e-10, 1.1210505857e-09, 3.88686749453e-10, 2.28370558575e-10, 2.28900162713e-10, 1.28220115081e-10, 9.33428820349e-11, 9.01622665417e-11, 8.43785388782e-11, 6.62763038894e-11, 8.79297329393e-11, 7.38443126092e-11, 5.76722419821e-11, 3.53589935109e-11, 3.87524248802e-11, 2.01208771866e-11, 1.55771836402e-11, 1.11437838124e-11],
        "max": [0.0270771160722, 0.0243944823742, 0.0118242762983, 0.020842988044, 0.0104501843452, 0.00526985386387, 0.004999732133, 0.00596161186695, 0.00558177148923, 0.00356602552347, 0.00504678813741, 0.00268414663151, 0.00290155108087, 0.00110035820398, 0.000914102827664, 0.001043231925, 0.000576894439291, 0.00080048822565, 0.000748923688661, 0.000410727545386, 0.000451006897492, 0.000620080623776, 0.000260970991803, 0.000485998316435, 0.000279201776721, 0.000167224046891, 0.000160081981448, 0.000139454219607, 0.000119922340673, 0.000121249897347, 8.57458508108e-05, 7.35491485102e-05, 0.000120343618619, 0.000141493525007, 0.000127199047711, 9.09269438125e-05, 0.000113463160233, 8.07232863735e-05, 6.8564862886e-05, 6.23792147962e-05],
        "mean": [0.00216942070983, 0.00338049046695, 0.00172544654924, 0.00170733267441, 0.0011286791414, 0.000480452377815, 0.000265220005531, 0.000340666796546, 0.000310455361614, 0.000193542888155, 0.00016405810311, 0.000102632227936, 7.99644185463e-05, 5.16157379025e-05, 5.00798705616e-05, 3.26866647811e-05, 2.44701295742e-05, 3.08015587507e-05, 2.57860774582e-05, 2.57180236076e-05, 2.88158607873e-05, 2.90947009489e-05, 1.92431234609e-05, 2.17041379074e-05, 1.74836732185e-05, 1.47092332554e-05, 1.23389581859e-05, 1.09885395432e-05, 8.80792049429e-06, 8.99526094145e-06, 7.47228432374e-06, 4.96072016176e-06, 6.57201690046e-06, 6.24767790214e-06, 5.05413117935e-06, 3.9819419726e-06, 3.15409988616e-06, 2.39394671553e-06, 2.08516985367e-06, 1.51511915192e-06],
        "median": [0.00126605993137, 0.00276068644598, 0.00145530863665, 0.00114879477769, 0.000852726458106, 0.000364986539353, 0.000192318009795, 0.000181877039722, 0.000121164041047, 9.82232086244e-05, 7.0864414738e-05, 5.35729486728e-05, 4.08064333897e-05, 3.09129027301e-05, 3.09672577714e-05, 1.85457975022e-05, 1.52241946125e-05, 1.91353883565e-05, 1.6333295207e-05, 1.69273062056e-05, 1.87603745871e-05, 1.73112912307e-05, 1.02935646282e-05, 1.29859881781e-05, 1.29286481751e-05, 1.08652211566e-05, 8.30148565001e-06, 8.0408381109e-06, 6.35611195321e-06, 6.4206751631e-06, 4.85691361973e-06, 2.6019051802e-06, 2.80511244455e-06, 3.29930639964e-06, 2.29889133152e-06, 1.95262282432e-06, 1.40998804454e-06, 1.06652976228e-06, 8.25603990506e-07, 6.34753746453e-07],
        "min": [1.08184502871e-23, 8.07169025768e-24, 8.3654454927e-24, 8.65177596889e-24, 4.72483387688e-24, 8.25664343007e-24, 3.72747387896e-24, 1.08196848544e-23, 1.58121031114e-23, 6.99892541241e-24, 6.41499518758e-24, 1.80877581692e-24, 9.16802626679e-24, 1.12640154925e-23, 1.33135770984e-23, 9.81522589723e-24, 1.17369691596e-23, 3.977859908e-24, 6.82046929844e-24, 9.78548347452e-24, 1.45391419344e-23, 7.24633033609e-24, 5.89004493719e-24, 1.81272915391e-23, 1.00977272426e-23, 5.60913945745e-24, 8.60454134447e-24, 1.22571629731e-23, 1.48628084084e-23, 1.05160302039e-23, 8.32039049096e-24, 8.36793592658e-24, 1.42916021156e-23, 1.17833857352e-23, 1.21112663042e-23, 7.02021755711e-24, 7.87687947941e-24, 1.10546652189e-23, 1.18249815819e-23, 7.86037572041e-24],
        "var": [8.48842046253e-06, 8.78529863257e-06, 1.66525262557e-06, 3.98424663217e-06, 9.7950385225e-07, 1.98955802944e-07, 7.11083032456e-08, 2.44526034976e-07, 3.3901221741e-07, 8.88218849582e-08, 1.02414382752e-07, 2.94969559889e-08, 3.43815251824e-08, 5.13121500845e-09, 4.17576417888e-09, 2.32205010775e-09, 1.04478392604e-09, 1.51732926224e-09, 1.01809127795e-09, 8.94359364345e-10, 1.16929876892e-09, 1.49920287296e-09, 6.69705679801e-10, 9.70361901942e-10, 3.5684766253e-10, 2.68309624518e-10, 2.25178403701e-10, 1.38608999278e-10, 9.65361332539e-11, 9.80566669528e-11, 7.79664596773e-11, 5.03710267941e-11, 8.8821311417e-11, 8.38188546348e-11, 6.8738063852e-11, 3.82298810664e-11, 3.75868572378e-11, 2.12004597905e-11, 1.63390880686e-11, 1.15127837819e-11]
    },
    "mfcc": {
        "mean": [-620.973327637, 126.547172546, 14.7008342743, 28.7477836609, 7.42798423767, 3.82529187202, -2.46476697922, 5.82014083862, -0.953427493572, -0.363190054893, -4.91063308716, -1.73142743111, -2.07828426361],
        "cov": [[10421.8554688, -2259.52514648, 225.838012695, 289.526306152, -557.115844727, 85.688117981, 82.0784301758, 152.64704895, 104.953956604, 251.372512817, 185.533401489, 68.3317947388, -87.9999160767], [-2259.52514648, 2671.46166992, -657.132080078, -126.04057312, 347.499938965, -117.81690979, -63.9334449768, -59.5718078613, -12.0958356857, -70.1591339111, -84.3141098022, 1.99586224556, 65.0237960815], [225.838012695, -657.132080078, 589.342956543, -0.43125975132, -63.7363929749, 96.5205841064, -12.4898014069, 41.6125946045, -24.8610515594, -11.3560943604, 19.6184234619, -7.71474552155, -8.55878257751], [289.526306152, -126.04057312, -0.43125975132, 251.321334839, 2.40266132355, 8.06245136261, 71.3137588501, 16.9309024811, 37.253616333, 34.2600975037, 12.6603727341, 14.8113422394, -4.4978017807], [-557.115844727, 347.499938965, -63.7363929749, 2.40266132355, 194.191116333, 3.42898368835, -8.70699691772, 3.49580025673, 17.8981895447, 10.2455759048, -7.87511062622, 7.76768445969, 23.0523586273], [85.688117981, -117.81690979, 96.5205841064, 8.06245136261, 3.42898368835, 114.962654114, 22.2002468109, 12.2332201004, 2.18579792976, 16.4446754456, 4.65707731247, -0.0131025500596, -2.17877745628], [82.0784301758, -63.9334449768, -12.4898014069, 71.3137588501, -8.70699691772, 22.2002468109, 134.606292725, 16.5790424347, 13.171497345, 28.4161682129, 12.7962188721, 8.95088672638, -0.755841970444], [152.64704895, -59.5718078613, 41.6125946045, 16.9309024811, 3.49580025673, 12.2332201004, 16.5790424347, 106.831535339, 11.1585941315, 0.795832753181, 15.5632925034, 9.23575115204, 1.73925960064], [104.953956604, -12.0958356857, -24.8610515594, 37.253616333, 17.8981895447, 2.18579792976, 13.171497345, 11.1585941315, 85.681892395, 37.7010116577, -0.465868443251, 5.78864860535, 3.32413506508], [251.372512817, -70.1591339111, -11.3560943604, 34.2600975037, 10.2455759048, 16.4446754456, 28.4161682129, 0.795832753181, 37.7010116577, 96.1856918335, 28.4785728455, 5.56666946411, -2.20894932747], [185.533401489, -84.3141098022, 19.6184234619, 12.6603727341, -7.87511062622, 4.65707731247, 12.7962188721, 15.5632925034, -0.465868443251, 28.4785728455, 78.5150146484, 23.0053081512, 0.0206588320434], [68.3317947388, 1.99586224556, -7.71474552155, 14.8113422394, 7.76768445969, -0.0131025500596, 8.95088672638, 9.23575115204, 5.78864860535, 5.56666946411, 23.0053081512, 70.2494049072, 18.8127994537], [-87.9999160767, 65.0237960815, -8.55878257751, -4.4978017807, 23.0523586273, -2.17877745628, -0.755841970444, 1.73925960064, 3.32413506508, -2.20894932747, 0.0206588320434, 18.8127994537, 67.7101821899]],
