{
"lowlevel": {
    "average_loudness": 0.157084986567,
    "barkbands_crest": {
        "dmean": 1.32104706764,
        "dmean2": 2.16862010956,
        "dvar": 1.48693537712,
        "dvar2": 4.17693424225,
        "max": 19.6442985535,
        "mean": 9.26087093353,
        "median": 8.82495594025,
        "min": 2.71077132225,
        "var": 6.7122130394
    },
    "barkbands_flatness_db": {
        "dmean": 0.0219746120274,
        "dmean2": 0.0357222035527,
        "dvar": 0.000494793464895,
        "dvar2": 0.00115441950038,
        "max": 0.577860891819,
        "mean": 0.336463689804,
        "median": 0.327966660261,
        "min": 0.0204177759588,
        "var": 0.00614508567378
    },
    "barkbands_kurtosis": {
        "dmean": 1.12818169594,
        "dmean2": 1.84944665432,
        "dvar": 1.62107920647,
        "dvar2": 4.44864368439,
        "max": 30.2294845581,
        "mean": 4.11976528168,
        "median": 3.47080993652,
        "min": -1.69490718842,
        "var": 9.45936489105
    },
    "barkbands_skewness": {
        "dmean": 0.228291064501,
        "dmean2": 0.377406597137,
        "dvar": 0.0457503311336,
        "dvar2": 0.131377235055,
        "max": 4.7025809288,
        "mean": 1.31952905655,
        "median": 1.29344677925,
        "min": -1.82414615154,
        "var": 0.425383806229
    },
    "barkbands_spread": {
        "dmean": 0.882388710976,
        "dmean2": 1.42786133289,
        "dvar": 3.36032938957,
        "dvar2": 8.05834770203,
        "max": 101.412750244,
        "mean": 5.53706073761,
        "median": 4.48333501816,
        "min": 1.2346881628,
        "var": 30.9770927429
    },
    "dissonance": {
        "dmean": 0.0317548289895,
        "dmean2": 0.0533881187439,
        "dvar": 0.000928523892071,
        "dvar2": 0.00251015345566,
        "max": 0.500000298023,
        "mean": 0.425599902868,
        "median": 0.43812033534,
        "min": 0.157517418265,
        "var": 0.00287389336154
    },
    "dynamic_complexity": 6.46870183945,
    "erbbands_crest": {
        "dmean": 1.61525964737,
        "dmean2": 2.51057004929,
        "dvar": 2.59940814972,
        "dvar2": 6.96504068375,
        "max": 30.4383125305,
        "mean": 11.6934261322,
        "median": 10.5208559036,
        "min": 2.22077775002,
        "var": 22.142124176
    },
    "erbbands_flatness_db": {
        "dmean": 0.0138912322,
        "dmean2": 0.0213633347303,
        "dvar": 0.000250006181886,
        "dvar2": 0.000523985479958,
        "max": 0.524497509003,
        "mean": 0.344244748354,
        "median": 0.337549358606,
        "min": 0.0389517955482,
        "var": 0.00446131639183
    },
    "erbbands_kurtosis": {
        "dmean": 0.702897489071,
        "dmean2": 1.11904728413,
        "dvar": 0.585328817368,
        "dvar2": 1.49777793884,
        "max": 17.560251236,
        "mean": 1.75342488289,
        "median": 1.35030412674,
        "min": -1.54209911823,
        "var": 4.04868936539
    },
    "erbbands_skewness": {
        "dmean": 0.198589995503,
        "dmean2": 0.32209661603,
        "dvar": 0.0357013382018,
        "dvar2": 0.097393527627,
        "max": 3.17924618721,
        "mean": 0.955523312092,
        "median": 0.958202540874,
        "min": -1.22391211987,
        "var": 0.266619712114
    },
    "erbbands_spread": {
        "dmean": 1.83844983578,
        "dmean2": 2.91286110878,
        "dvar": 6.30047178268,
        "dvar2": 14.4130992889,
        "max": 101.295761108,
        "mean": 13.5170440674,
        "median": 11.9398345947,
        "min": 2.60601806641,
        "var": 53.2453079224
    },
    "hfc": {
        "dmean": 1.11708772182,
        "dmean2": 1.69595754147,
        "dvar": 8.55011463165,
        "dvar2": 17.7774715424,
        "max": 70.9900741577,
        "mean": 6.58582353592,
        "median": 2.42198967934,
        "min": 1.21077033533e-16,
        "var": 85.4568481445
    },
    "melbands_crest": {
        "dmean": 1.86008501053,
        "dmean2": 3.14008712769,
        "dvar": 3.58043861389,
        "dvar2": 11.0711088181,
        "max": 28.878288269,
        "mean": 11.9709692001,
        "median": 11.3376102448,
        "min": 1.71400463581,
        "var": 12.2031164169
    },
    "melbands_flatness_db": {
        "dmean": 0.0265536475927,
        "dmean2": 0.0423391535878,
        "dvar": 0.000870926247444,
        "dvar2": 0.00189041590784,
        "max": 0.743779301643,
        "mean": 0.446717113256,
        "median": 0.440714269876,
        "min": 0.00612289179116,
        "var": 0.0122145572677
    },
    "melbands_kurtosis": {
        "dmean": 1.31775820255,
        "dmean2": 2.18476462364,
        "dvar": 2.9186296463,
        "dvar2": 8.47668361664,
        "max": 69.4219741821,
        "mean": 4.82655954361,
        "median": 3.90444040298,
        "min": -1.40775191784,
        "var": 16.1022338867
    },
    "melbands_skewness": {
        "dmean": 0.247692078352,
        "dmean2": 0.405880719423,
        "dvar": 0.0590418018401,
        "dvar2": 0.16878542304,
        "max": 5.94281244278,
        "mean": 1.40589475632,
        "median": 1.36983895302,
        "min": -0.742386639118,
        "var": 0.455705165863
    },
    "melbands_spread": {
        "dmean": 1.19300460815,
        "dmean2": 1.96244800091,
        "dvar": 6.18195009232,
        "dvar2": 16.3514976501,
        "max": 166.036132812,
        "mean": 8.06623458862,
        "median": 6.39892482758,
        "min": 1.35543513298,
        "var": 116.879882812
    },
    "pitch_salience": {
        "dmean": 0.0404522418976,
        "dmean2": 0.0667925104499,
        "dvar": 0.00135667482391,
        "dvar2": 0.00390643300489,
        "max": 0.910049080849,
        "mean": 0.637894690037,
        "median": 0.645808279514,
        "min": 0.252442896366,
        "var": 0.00703435391188
    },
    "silence_rate_20dB": {
        "dmean": 0,
        "dmean2": 0,
        "dvar": 0,
        "dvar2": 0,
        "max": 1,
        "mean": 1,
        "median": 1,
        "min": 1,
        "var": 0
    },
    "silence_rate_30dB": {
        "dmean": 0.00164024054538,
        "dmean2": 0.00328078004532,
        "dvar": 0.00163738662377,
        "dvar2": 0.0043639591895,
        "max": 1,
        "mean": 0.99790430069,
        "median": 1,
        "min": 0,
        "var": 0.00209103687666
    },
    "silence_rate_60dB": {
        "dmean": 0.0311645716429,
        "dmean2": 0.0623348206282,
        "dvar": 0.0301967039704,
        "dvar2": 0.0693902000785,
        "max": 1,
        "mean": 0.340045571327,
        "median": 0,
        "min": 0,
        "var": 0.224405407906
    },
    "spectral_centroid": {
        "dmean": 40.5571479797,
        "dmean2": 65.8319320679,
        "dvar": 11424.1318359,
        "dvar2": 18258.7265625,
        "max": 11487.4482422,
        "mean": 492.00579834,
        "median": 427.176574707,
        "min": 198.358673096,
        "var": 126158.6875
    },
    "spectral_complexity": {
        "dmean": 1.38254058361,
        "dmean2": 2.25626540184,
        "dvar": 3.24287104607,
        "dvar2": 6.45239973068,
        "max": 42,
        "mean": 10.5481548309,
        "median": 9,
        "min": 0,
        "var": 41.1815795898
    },
    "spectral_decrease": {
        "dmean": 6.76853684212e-10,
        "dmean2": 1.0702259079e-09,
        "dvar": 1.85016397508e-18,
        "dvar2": 4.50939827039e-18,
        "max": 2.95036528151e-22,
        "mean": -3.89676202417e-09,
        "median": -1.56581403399e-09,
        "min": -3.2026427732e-08,
        "var": 2.59928537303e-17
    },
    "spectral_energy": {
        "dmean": 0.00264526740648,
        "dmean2": 0.00417664088309,
        "dvar": 2.86239755951e-05,
        "dvar2": 6.90774613759e-05,
        "max": 0.125491037965,
        "mean": 0.0153046362102,
        "median": 0.0061235181056,
        "min": 1.09367502224e-20,
        "var": 0.000402004690841
    },
    "spectral_energyband_high": {
        "dmean": 1.13836022138e-05,
        "dmean2": 1.66156278283e-05,
        "dvar": 5.47750067525e-09,
        "dvar2": 1.30411734744e-08,
        "max": 0.00202197395265,
        "mean": 2.09963436646e-05,
        "median": 5.91134181605e-08,
        "min": 7.48568485219e-21,
        "var": 8.30859292478e-09
    },
    "spectral_energyband_low": {
        "dmean": 0.000908887712285,
        "dmean2": 0.00156394962687,
        "dvar": 5.15444708071e-06,
        "dvar2": 1.52090351548e-05,
        "max": 0.0578131116927,
        "mean": 0.00251265079714,
        "median": 0.00068678642856,
        "min": 3.54109373608e-23,
        "var": 2.17141368921e-05
    },
    "spectral_energyband_middle_high": {
        "dmean": 0.000319646933349,
        "dmean2": 0.00049160933122,
        "dvar": 9.40951736084e-07,
        "dvar2": 2.03837544177e-06,
        "max": 0.0207127779722,
        "mean": 0.00117892457638,
        "median": 0.000296971906209,
        "min": 1.82951611397e-21,
        "var": 4.32696515418e-06
    },
    "spectral_energyband_middle_low": {
        "dmean": 0.00229731155559,
        "dmean2": 0.00364599423483,
        "dvar": 1.99966234504e-05,
        "dvar2": 5.03817864228e-05,
        "max": 0.109325811267,
        "mean": 0.0124089885503,
        "median": 0.00519985379651,
        "min": 3.87474012091e-22,
        "var": 0.000262725312496
    },
    "spectral_entropy": {
        "dmean": 0.109886005521,
        "dmean2": 0.173742711544,
        "dvar": 0.0284356810153,
        "dvar2": 0.0628533288836,
        "max": 9.80379486084,
        "mean": 6.03168725967,
        "median": 5.95948886871,
        "min": 4.49034309387,
        "var": 0.293956816196
    },
    "spectral_flux": {
        "dmean": 0.00822131522,
        "dmean2": 0.0128995077685,
        "dvar": 0.000178356058314,
        "dvar2": 0.000399949261919,
        "max": 0.229973465204,
        "mean": 0.0303883254528,
        "median": 0.0216395929456,
        "min": 1.04578921911e-10,
        "var": 0.000765024335124
    },
    "spectral_kurtosis": {
        "dmean": 30.841583252,
        "dmean2": 52.2470970154,
        "dvar": 1506.73730469,
        "dvar2": 3998.56201172,
        "max": 695.175415039,
        "mean": 97.8055038452,
        "median": 64.269821167,
        "min": -1.21975517273,
        "var": 9994.38769531
    },
    "spectral_rms": {
        "dmean": 0.000280042382656,
        "dmean2": 0.000438043032773,
        "dvar": 1.73856008701e-07,
        "dvar2": 3.81647083714e-07,
        "max": 0.0110648218542,
        "mean": 0.00315700797364,
        "median": 0.00244421022944,
        "min": 3.26649666517e-12,
        "var": 4.96464008393e-06
    },
    "spectral_rolloff": {
        "dmean": 65.6691055298,
        "dmean2": 114.566047668,
        "dvar": 59991.8476562,
        "dvar2": 149387.28125,
        "max": 19702.8808594,
        "mean": 664.06439209,
        "median": 516.796875,
        "min": 172.265625,
        "var": 1156295.375
    },
    "spectral_skewness": {
        "dmean": 1.43628036976,
        "dmean2": 2.4787504673,
        "dvar": 2.19602322578,
        "dvar2": 5.9517583847,
        "max": 20.3578834534,
        "mean": 6.23045969009,
        "median": 5.46099424362,
        "min": -0.0532154776156,
        "var": 14.4136104584
    },
    "spectral_spread": {
        "dmean": 226272.5,
        "dmean2": 389168.65625,
        "dvar": 152093589504,
        "dvar2": 238319091712,
        "max": 41090768,
        "mean": 1206840.5,
        "median": 1023711,
        "min": 154431.734375,
        "var": 1.0160137175e+12
    },
    "spectral_strongpeak": {
        "dmean": 0.202126681805,
        "dmean2": 0.347993820906,
        "dvar": 0.0950755178928,
        "dvar2": 0.237134128809,
        "max": 5.30814313889,
        "mean": 0.617721021175,
        "median": 0.427769482136,
        "min": 0,
        "var": 0.383482784033
    },
    "zerocrossingrate": {
        "dmean": 0.00226787826978,
        "dmean2": 0.00301192048937,
        "dvar": 1.30876396724e-05,
        "dvar2": 1.83993470273e-05,
        "max": 0.5009765625,
        "mean": 0.0248500239104,
        "median": 0.0205078125,
        "min": 0.0068359375,
        "var": 0.00101164949592
    },
    "barkbands": {
        "dmean": [4.59929282215e-07, 7.91057027527e-05, 0.000482889648993, 0.000747235957533, 0.0009163186769, 0.000871830387041, 0.000677626812831, 0.000343637919286, 0.000271665718174, 0.000113114649139, 0.000118703363114, 4.57683017885e-05, 3.78751683456e-05, 7.02206671122e-05, 3.29709910147e-05, 2.43143585976e-05, 2.60442320723e-05, 1.46156207848e-05, 1.29700347316e-05, 5.31299156137e-06, 3.91388084608e-06, 3.9239889702e-06, 2.18322793444e-06, 2.05413002163e-07, 3.3704765201e-08, 2.76700284907e-09, 9.69775704185e-10],
        "dmean2": [7.94549862349e-07, 0.000115885857667, 0.000771850172896, 0.00134772539604, 0.00152492756024, 0.00130836316384, 0.000926531851292, 0.000565590511542, 0.000397625961341, 0.000164480792591, 0.000196534267161, 7.57459783927e-05, 6.11944706179e-05, 0.000113950547529, 5.1512306527e-05, 3.93821937905e-05, 4.3413543608e-05, 2.20911424549e-05, 1.93290161405e-05, 7.65143613535e-06, 5.79640118303e-06, 6.02605086897e-06, 3.3235724004e-06, 3.27726894511e-07, 5.51059713416e-08, 4.65895011459e-09, 1.70329017557e-09],
        "dvar": [9.0298065249e-13, 5.38646354187e-08, 2.21577056436e-06, 3.71413557332e-06, 3.41978488905e-06, 2.94523124467e-06, 1.99985584004e-06, 6.26296412065e-07, 4.6891710781e-07, 9.50080334405e-08, 1.7100207117e-07, 1.50887924377e-08, 1.29835848739e-08, 4.0023103054e-08, 1.6253881796e-08, 9.24389276236e-09, 1.47693111074e-08, 6.25778584507e-09, 3.91444743286e-09, 7.43419492633e-10, 4.84520812361e-10, 1.54058577007e-09, 3.84794501818e-10, 2.81811813468e-12, 1.459316473e-13, 1.63730045954e-17, 1.82142151675e-18],
        "dvar2": [2.40957275834e-12, 1.00761752719e-07, 5.89495857639e-06, 1.3004122593e-05, 9.56005897024e-06, 6.41147198621e-06, 3.79573816645e-06, 1.78783773208e-06, 1.0641664403e-06, 2.34355937323e-07, 4.37505946138e-07, 3.96332708874e-08, 3.12832781901e-08, 1.02888336073e-07, 3.96168431394e-08, 2.06135624126e-08, 3.98795449996e-08, 1.33355060328e-08, 8.81802275643e-09, 1.57556545588e-09, 1.07834796648e-09, 3.87165588478e-09, 9.45652223194e-10, 6.95036042608e-12, 3.76592799913e-13, 3.94222798676e-17, 5.43274483301e-18],
        "max": [2.80722324533e-05, 0.00848624389619, 0.0474916025996, 0.0360364243388, 0.0424182489514, 0.0550815165043, 0.0482693240047, 0.0136354612187, 0.0268701612949, 0.0105023859069, 0.011544495821, 0.00291622406803, 0.00467305164784, 0.00388679397292, 0.00347782671452, 0.00318131363019, 0.00281958910637, 0.00262132450007, 0.00225736200809, 0.000672559428494, 0.000685806095134, 0.00152788532432, 0.000513074803166, 3.88455482607e-05, 1.4130206182e-05, 5.45308260769e-08, 1.70338907424e-08],
        "mean": [5.68667871903e-07, 0.000233940198086, 0.00147779844701, 0.00153966469225, 0.0024465918541, 0.00350065575913, 0.00297408923507, 0.00101244822145, 0.000893042772077, 0.000256408646237, 0.000300277664792, 9.93421999738e-05, 8.842250827e-05, 0.000187764744624, 8.34115344333e-05, 6.42371014692e-05, 5.14432467753e-05, 3.56744894816e-05, 2.99518342217e-05, 1.18734296848e-05, 8.41676956043e-06, 5.69130997974e-06, 2.67835685008e-06, 2.18563073417e-07, 3.6042049345e-08, 8.81595063618e-09, 1.34197475354e-09],
        "median": [1.81938560218e-07, 4.36766167695e-05, 0.000378019874915, 0.000358498742571, 0.00103106396273, 0.00131441419944, 0.000944109633565, 0.000339724036166, 0.000259078195086, 7.13359113433e-05, 4.71890161862e-05, 2.11456317629e-05, 1.87414552784e-05, 3.98777774535e-05, 1.64098746609e-05, 7.58458099881e-06, 2.4013681923e-06, 1.3883657175e-06, 7.08356253654e-07, 5.469560449e-08, 5.84363668565e-09, 3.96561850025e-09, 1.70981773184e-09, 1.02117048151e-09, 1.00322627983e-09, 1.41799516573e-09, 7.18884896056e-10],
        "min": [1.07218256731e-24, 1.2666110833e-23, 6.07756664069e-24, 3.467040523e-23, 2.53816264468e-23, 8.5415580587e-23, 5.54499544175e-23, 9.56091339192e-23, 8.19099900093e-23, 9.24332367128e-23, 4.06523343189e-23, 7.77884820804e-23, 6.92845425894e-23, 1.52117815402e-22, 2.85650042634e-22, 1.61331660288e-22, 1.84011966671e-22, 2.8117882951e-22, 3.43568942358e-22, 3.05413040415e-22, 4.12038661052e-22, 3.26035782988e-22, 5.83935188345e-22, 8.34202509595e-22, 1.35468526082e-21, 1.82960517321e-21, 2.31549118619e-21],
        "var": [1.45301598444e-12, 3.43859852592e-07, 9.96130256681e-06, 8.30178487377e-06, 1.26012755572e-05, 2.84213438135e-05, 2.57742085523e-05, 2.83064991891e-06, 2.64971049546e-06, 2.6270924991e-07, 6.12550138612e-07, 3.93341395011e-08, 4.375259266e-08, 1.30334811388e-07, 3.94654051661e-08, 3.33970469057e-08, 2.19424300951e-08, 1.7624870452e-08, 9.53077794463e-09, 1.8426995485e-09, 1.06289521629e-09, 1.67090363767e-09, 4.34977082131e-10, 2.91169345579e-12, 1.42430067306e-13, 1.01411085784e-16, 2.43490746267e-18]
    },
    "erbbands": {
        "dmean": [0.000868102186359, 0.0267640389502, 0.382542639971, 1.78606069088, 1.63289737701, 3.57238268852, 8.21548843384, 6.11068868637, 6.19903993607, 14.7459411621, 4.89839744568, 7.43611335754, 3.14447116852, 3.48647379875, 4.28435850143, 1.87096714973, 1.92581439018, 2.85253310204, 3.06636738777, 1.17926371098, 1.44546532631, 1.25741565228, 0.704197406769, 0.712366819382, 0.595215082169, 0.265355557203, 0.193110689521, 0.164693385363, 0.110659271479, 0.0793049037457, 0.0789329633117, 0.0101800458506, 0.00239116186276, 0.000722748634871, 6.45144245937e-05, 1.0260127965e-05, 6.90113574819e-06, 1.95180791707e-06, 1.26478005313e-06, 2.9553539207e-06],
        "dmean2": [0.00131420674734, 0.0400691702962, 0.616164565086, 3.17737531662, 2.80951476097, 6.04777479172, 12.9550161362, 9.33217334747, 9.14863014221, 21.020898819, 7.43370008469, 11.1081809998, 4.34608078003, 5.52973508835, 7.00158643723, 3.06070327759, 3.06189870834, 4.47169303894, 4.99856948853, 1.83176672459, 2.36775541306, 2.10465788841, 1.06530761719, 1.08657300472, 0.86099332571, 0.388590037823, 0.281462579966, 0.248780742288, 0.167395412922, 0.119632914662, 0.12097427994, 0.0152020016685, 0.00396326091141, 0.00120200775564, 0.000104559869214, 1.6866129954e-05, 1.1537194041e-05, 3.26624876834e-06, 1.99005944523e-06, 4.66173423774e-06],
        "dvar": [6.99142356098e-06, 0.00647775782272, 1.50458276272, 19.5323848724, 13.2544269562, 65.4200820923, 285.125915527, 165.657699585, 185.105209351, 1217.14367676, 152.457550049, 406.530975342, 58.8350639343, 95.718963623, 247.890945435, 26.3901805878, 34.1010475159, 76.2306289673, 93.8918228149, 19.3068351746, 35.5775337219, 33.1404495239, 12.6685848236, 13.8386325836, 8.98220825195, 1.89528822899, 1.31285190582, 1.76968240738, 0.952860593796, 0.454935610294, 0.667293488979, 0.00713117513806, 0.000484389427584, 6.52783419355e-05, 2.92085843512e-07, 6.00671790085e-10, 9.33220167809e-11, 7.17688625543e-12, 6.96850042947e-12, 3.66379045158e-11],
        "dvar2": [1.35639456857e-05, 0.0135440444574, 3.98496341705, 66.1312484741, 40.9505577087, 183.105606079, 769.323730469, 403.232330322, 403.430023193, 2720.41381836, 364.094787598, 961.22467041, 116.7629776, 264.301818848, 580.511413574, 65.3515930176, 79.8291931152, 186.501556396, 240.845687866, 44.0888366699, 78.970161438, 89.3974380493, 25.8347415924, 31.8354816437, 18.4407196045, 4.16943979263, 2.92869019508, 4.37485742569, 2.33474969864, 1.13743758202, 1.65685534477, 0.0172785501927, 0.00128712446894, 0.000173871245352, 6.68115490043e-07, 1.41751688165e-09, 2.30901853193e-10, 1.80047504683e-11, 1.61310357433e-11, 8.7148850636e-11],
        "max": [0.109963834286, 2.46671271324, 37.7008476257, 86.868019104, 116.911758423, 173.736984253, 328.337188721, 513.703186035, 384.556152344, 1253.36254883, 330.318206787, 801.67578125, 212.093460083, 379.193756104, 550.964233398, 134.974273682, 201.608032227, 232.357879639, 226.610443115, 209.943725586, 203.338851929, 138.686248779, 144.713973999, 123.072540283, 65.9865951538, 29.0432319641, 41.0827598572, 52.026927948, 40.4822006226, 29.8627147675, 23.1605529785, 2.05451440811, 0.547849178314, 0.258010923862, 0.0201911702752, 0.000690470915288, 0.000131327658892, 3.21566985804e-05, 5.93761797063e-05, 0.000140217423905],
        "mean": [0.00281889853068, 0.0930468440056, 1.31399953365, 3.81550574303, 4.31856107712, 8.40084457397, 26.245223999, 26.1241111755, 23.6429023743, 63.0878067017, 16.93608284, 23.0356082916, 9.24696159363, 8.66759681702, 12.1788778305, 4.78113651276, 4.81630420685, 7.93148469925, 7.96898651123, 3.12793803215, 3.88938140869, 2.63375782967, 1.84846484661, 1.7012925148, 1.37685978413, 0.591105878353, 0.429208785295, 0.29050090909, 0.176874443889, 0.110971182585, 0.0943446606398, 0.0118445362896, 0.00222062692046, 0.000694612623192, 9.04939952306e-05, 3.36973171216e-05, 2.29764391406e-05, 5.79109428145e-06, 7.47929061617e-06, 1.71866322489e-05],
        "median": [0.000536778185051, 0.0203927904367, 0.342648416758, 1.03293299675, 1.35561144352, 3.31986737251, 9.9950799942, 9.60230922699, 8.71362876892, 15.9974546432, 6.65552091599, 6.09152078629, 3.02967953682, 2.6541697979, 1.84348869324, 1.09973096848, 1.14577817917, 1.90852713585, 1.59234035015, 0.558908939362, 0.420748144388, 0.175844490528, 0.0890758112073, 0.0543822087348, 0.0233186110854, 0.00355921452865, 0.000756253662985, 0.000237085390836, 0.000160880183103, 0.000119539792649, 7.7539938502e-05, 5.65551308682e-05, 4.15381837229e-05, 3.23653730447e-05, 2.87060011033e-05, 2.24805262405e-05, 1.54284862219e-05, 3.31891033056e-06, 3.01951786241e-06, 6.82639119987e-06],
        "min": [3.19169714373e-22, 2.96742805259e-21, 9.04750443847e-21, 6.26886065054e-20, 1.09943909786e-19, 6.40037978299e-20, 2.02736022776e-19, 1.02269684785e-18, 6.10499306926e-19, 1.41680570653e-18, 1.87812681569e-18, 1.63818725919e-18, 2.61930752791e-18, 3.07710402048e-18, 1.50988193021e-18, 3.04582997588e-18, 3.84714051478e-18, 6.17911444921e-18, 1.62107564269e-17, 1.10741468027e-17, 8.18941231908e-18, 1.09391782237e-17, 1.40547548281e-17, 1.77658129651e-17, 1.80945130339e-17, 1.44203074474e-17, 1.42381970181e-17, 1.58694501257e-17, 1.30951425994e-17, 1.36556145399e-17, 1.73647114318e-17, 1.82130463613e-17, 1.35815421704e-17, 1.49363821229e-17, 9.83245109596e-18, 6.90699202922e-18, 3.50566009199e-18, 1.05478059887e-18, 3.02794503857e-19, 3.65362089961e-20],
        "var": [4.8789264838e-05, 0.0444193184376, 7.74117517471, 46.1343231201, 50.5724105835, 179.929641724, 1570.47521973, 1727.28271484, 1396.63623047, 15181.2841797, 713.137756348, 2028.69067383, 247.467681885, 251.553970337, 1099.96350098, 80.3788223267, 112.922676086, 224.218139648, 271.321624756, 53.8024330139, 122.317733765, 51.9812316895, 39.9892425537, 33.7773742676, 24.0663070679, 4.34002113342, 2.93438363075, 2.27723073959, 1.15682244301, 0.54696804285, 0.717865586281, 0.00805848836899, 0.000395199080231, 5.59017644264e-05, 3.24594481071e-07, 1.56629709203e-09, 4.9004283964e-10, 3.3496958679e-11, 9.47709619115e-11, 5.09645381452e-10]
    },
    "gfcc": {
        "mean": [-223.141983032, 238.297012329, -113.211494446, -42.3077583313, -28.6190738678, -31.5002708435, -35.8264579773, -17.6345977783, -10.9146299362, -8.92032432556, -12.1559457779, -14.1428461075, -10.657242775],
        "cov": [[18203.5, -71.1339874268, -4951.93603516, 3367.76660156, -509.0284729, -1972.50244141, 1199.25683594, -589.661254883, 7.29739618301, -389.462860107, 203.34262085, -53.2691230774, -0.300577551126], [-71.1339874268, 2467.13232422, 443.984558105, -1252.14343262, 817.813354492, -196.363616943, -220.152481079, -28.9319820404, 76.6092300415, -133.81137085, 68.7226867676, -170.893325806, 131.469039917], [-4951.93603516, 443.984558105, 2090.47509766, -1203.04846191, 34.9947891235, 833.74420166, -420.630218506, 127.887954712, 35.2020378113, 179.856842041, -134.270141602, 18.5415878296, -66.7039031982], [3367.76660156, -1252.14343262, -1203.04846191, 1603.79492188, -491.983703613, -323.350006104, 535.314086914, -147.097122192, -18.3678131104, -6.31858825684, 40.3372421265, 68.8895111084, -23.9218616486], [-509.0284729, 817.813354492, 34.9947891235, -491.983703613, 596.862731934, -182.015579224, -123.042930603, 144.192230225, -43.528881073, -55.1472740173, 56.9009819031, -36.0058250427, 53.8853416443], [-1972.50244141, -196.363616943, 833.74420166, -323.350006104, -182.015579224, 580.015686035, -158.566558838, 3.48181080818, 93.0143432617, 58.7232666016, -79.8084869385, 41.0797805786, -46.0145759583], [1199.25683594, -220.152481079, -420.630218506, 535.314086914, -123.042930603, -158.566558838, 319.257354736, -85.7578125, -15.8130607605, 22.2748031616, 10.7407884598, 9.62984275818, 16.8963718414], [-589.661254883, -28.9319820404, 127.887954712, -147.097122192, 144.192230225, 3.48181080818, -85.7578125, 200.751953125, -66.4174346924, 6.87525463104, 34.5453681946, -2.08309984207, -28.7159023285], [7.29739618301, 76.6092300415, 35.2020378113, -18.3678131104, -43.528881073, 93.0143432617, -15.8130607605, -66.4174346924, 136.776809692, -24.8311576843, -14.0366516113, 7.6949224472, 8.83251476288], [-389.462860107, -133.81137085, 179.856842041, -6.31858825684, -55.1472740173, 58.7232666016, 22.2748031616, 6.87525463104, -24.8311576843, 130.207382202, -36.5539588928, 2.85901927948, -7.16307735443], [203.34262085, 68.7226867676, -134.270141602, 40.3372421265, 56.9009819031, -79.8084869385, 10.7407884598, 34.5453681946, -14.0366516113, -36.5539588928, 104.186325073, -21.5692081451, 10.6822376251], [-53.2691230774, -170.893325806, 18.5415878296, 68.8895111084, -36.0058250427, 41.0797805786, 9.62984275818, -2.08309984207, 7.6949224472, 2.85901927948, -21.5692081451, 113.361946106, -8.73838806152], [-0.300577551126, 131.469039917, -66.7039031982, -23.9218616486, 53.8853416443, -46.0145759583, 16.8963718414, -28.7159023285, 8.83251476288, -7.16307735443, 10.6822376251, -8.73838806152, 96.9332504272]],
        "icov": [[0.000625286484137, -0.00185945921112, 0.00175283220597, -0.00166524969973, 0.00162022653967, -0.000759847869631, 0.00153155357111, -0.000924052670598, 0.000959045544732, -0.00117943692021, 0.00100308307447, -0.000896929414012, 0.00115108920727], [-0.00185945921112, 0.00787988957018, -0.00610205344856, 0.0066628176719, -0.00678869569674, 0.00400140648708, -0.00648017134517, 0.00503079360351, -0.00449030986056, 0.00525419786572, -0.00379021279514, 0.00418289843947, -0.0033625010401], [0.00175283220597, -0.00610205344856, 0.0078702531755, -0.0037814322859, 0.00528883282095, -0.00574103370309, 0.00453169224784, -0.00368938525207, 0.00431515788659, -0.00585116865113, 0.00313854706474, -0.00331645901315, 0.00374554097652], [-0.00166524969973, 0.0066628176719, -0.0037814322859, 0.00910783093423, -0.00369539414532, 0.00281030940823, -0.0089507997036, 0.0028788477648, -0.00378406653181, 0.00412128772587, -0.00377000728622, 0.00222256709822, -0.00232974323444], [0.00162022653967, -0.00678869569674, 0.00528883282095, -0.00369539414532, 0.0104697952047, -0.00126496318262, 0.00415531825274, -0.00734404101968, 0.00281497766264, -0.00336687173694, 0.00306497747079, -0.00421148026362, 0.00139659794513], [-0.000759847869631, 0.00400140648708, -0.00574103370309, 0.00281030940823, -0.00126496318262, 0.0094372080639, -0.00255264318548, 0.00153218500782, -0.00608178647235, 0.00392194651067, -0.000977077288553, 0.00133956456557, -0.001532154507], [0.00153155357111, -0.00648017134517, 0.00453169224784, -0.0089507997036, 0.00415531825274, -0.00255264318548, 0.014469794929, -0.00118337455206, 0.00449300045148, -0.00645823962986, 0.00283268443309, -0.00281720305793, 0.00185594928917], [-0.000924052670598, 0.00503079360351, -0.00368938525207, 0.0028788477648, -0.00734404101968, 0.00153218500782, -0.00118337455206, 0.0136784473434, 0.0013092670124, 0.0020891642198, -0.00533363455907, 0.00240800506435, 0.00125385564752], [0.000959045544732, -0.00449030986056, 0.00431515788659, -0.00378406653181, 0.00281497766264, -0.00608178647235, 0.00449300045148, 0.0013092670124, 0.0143131548539, -0.00142637779936, 0.00179109862074, -0.00246721715666, 0.00145207764581], [-0.00117943692021, 0.00525419786572, -0.00585116865113, 0.00412128772587, -0.00336687173694, 0.00392194651067, -0.00645823962986, 0.0020891642198, -0.00142637779936, 0.0153220361099, 0.000753905274905, 0.00352535629645, -0.00316420872696], [0.00100308307447, -0.00379021279514, 0.00313854706474, -0.00377000728622, 0.00306497747079, -0.000977077288553, 0.00283268443309, -0.00533363455907, 0.00179109862074, 0.000753905274905, 0.0152307748795, 0.000310342380544, 0.000373649032554], [-0.000896929414012, 0.00418289843947, -0.00331645901315, 0.00222256709822, -0.00421148026362, 0.00133956456557, -0.00281720305793, 0.00240800506435, -0.00246721715666, 0.00352535629645, 0.000310342380544, 0.0123673360795, -0.00166216841899], [0.00115108920727, -0.0033625010401, 0.00374554097652, -0.00232974323444, 0.00139659794513, -0.001532154507, 0.00185594928917, 0.00125385564752, 0.00145207764581, -0.00316420872696, 0.000373649032554, -0.00166216841899, 0.0148700606078]]
    },
    "melbands": {
        "dmean": [1.39957464853e-05, 0.000142990320455, 0.000284501526039, 0.000163726115716, 0.000255480146734, 0.000139021271025, 0.000103474507341, 0.000143566983752, 3.59478508472e-05, 4.43216704298e-05, 1.57078375196e-05, 1.49379175127e-05, 1.7259924789e-05, 6.26536029813e-06, 4.35336687588e-06, 3.99889904656e-06, 5.6188155213e-06, 5.82193069931e-06, 1.6471174149e-06, 1.71473982391e-06, 1.99100077225e-06, 1.60763727308e-06, 5.82629240853e-07, 7.40875407246e-07, 5.92983269598e-07, 5.23966548371e-07, 3.14470014473e-07, 1.55316641326e-07, 1.09744277665e-07, 1.08518229069e-07, 1.16267877104e-07, 8.13338232319e-08, 3.44867103763e-08, 4.15240251073e-08, 5.25103054372e-08, 1.41041809343e-08, 3.98242194777e-09, 1.5746665083e-09, 1.20309440188e-09, 3.87196247287e-10],
        "dmean2": [2.06001641345e-05, 0.00022723445727, 0.000505193078425, 0.000274872028967, 0.000409608823247, 0.000211009813938, 0.000148721097503, 0.000210171652725, 5.39675311302e-05, 6.60972946207e-05, 2.15650998143e-05, 2.32904185395e-05, 2.84691759589e-05, 1.02020740087e-05, 7.14846964911e-06, 6.279029094e-06, 8.89172224561e-06, 9.61862042459e-06, 2.54502128882e-06, 2.77616163658e-06, 3.2388497857e-06, 2.70697250926e-06, 9.32100874707e-07, 1.11312522222e-06, 9.20960133044e-07, 7.79728168254e-07, 4.48802211395e-07, 2.38166251165e-07, 1.60042120001e-07, 1.61129079856e-07, 1.81002306476e-07, 1.25047620259e-07, 5.25651202565e-08, 6.27542675602e-08, 8.01782746862e-08, 2.18792912676e-08, 6.2114047239e-09, 2.64992894294e-09, 2.08519335132e-09, 6.40913988548e-10],
        "dvar": [1.71189196152e-09, 2.09923328498e-07, 4.72560486742e-07, 1.38717624054e-07, 2.61566896143e-07, 8.12178839737e-08, 4.79067736592e-08, 1.14562510589e-07, 9.21796505793e-09, 1.40519995639e-08, 1.51377843594e-09, 1.79834402925e-09, 3.70200337052e-09, 3.35894312364e-10, 1.47041157028e-10, 1.40778708135e-10, 2.96753815965e-10, 3.1201319306e-10, 3.83313138175e-11, 4.06736901104e-11, 6.82512171779e-11, 6.05561295552e-11, 6.16925000668e-12, 1.57823910191e-11, 9.97193647101e-12, 6.38807973533e-12, 3.02805870656e-12, 6.45189685098e-13, 4.1758388197e-13, 3.83560425175e-13, 1.39400220967e-12, 6.75067478046e-13, 6.28812052341e-14, 1.70819115146e-13, 3.28261642044e-13, 1.80113814352e-14, 1.04280724884e-15, 2.10326089388e-16, 1.94894671102e-16, 1.89818015528e-17],
        "dvar2": [3.12876857755e-09, 5.46683565972e-07, 1.60485660672e-06, 3.85090174859e-07, 7.22305287582e-07, 1.89347417745e-07, 1.00157230065e-07, 2.71432185173e-07, 2.18548326103e-08, 3.31944889354e-08, 2.98493985085e-09, 4.9486694742e-09, 9.43413702714e-09, 8.41000102891e-10, 3.62559759992e-10, 3.20361015493e-10, 7.38934469169e-10, 8.28623836213e-10, 9.33437493966e-11, 1.01840036404e-10, 1.51105974955e-10, 1.66559460668e-10, 1.43437709627e-11, 3.30515892433e-11, 2.33062059235e-11, 1.4153643535e-11, 6.22626863261e-12, 1.53727117841e-12, 9.09611795608e-13, 8.6447298972e-13, 3.53205377272e-12, 1.69471825896e-12, 1.52868399905e-13, 4.17155784742e-13, 8.12744511448e-13, 4.59500025648e-14, 2.51674855035e-15, 5.63480039013e-16, 5.33573952623e-16, 4.9789092948e-17],
        "max": [0.00166603329126, 0.0139713063836, 0.0137547971681, 0.0103199342266, 0.00936162285507, 0.010733586736, 0.00597263500094, 0.0115674268454, 0.00291802338324, 0.00479854503646, 0.00109883525874, 0.00169105059467, 0.00166548136622, 0.000487573153805, 0.000322356499964, 0.000583425106015, 0.000481722439872, 0.000367454020306, 0.000179443886736, 0.000233287282754, 0.000283215893432, 0.000189854996279, 7.15344867785e-05, 0.000139194380608, 0.000112088433525, 6.28565467196e-05, 4.2762963858e-05, 2.02122591872e-05, 2.16022090171e-05, 2.106579268e-05, 5.04133786308e-05, 3.62165083061e-05, 1.23231820908e-05, 1.69661179825e-05, 1.67067119037e-05, 3.75083027393e-06, 6.99918700775e-07, 3.43309892514e-07, 4.02677699185e-07, 1.44947790659e-07],
        "mean": [4.27492668678e-05, 0.000488298770506, 0.000681513978634, 0.000410792359617, 0.000818227301352, 0.00058910419466, 0.000422546901973, 0.000597284990363, 0.000117903327919, 0.000134832385811, 4.21892182203e-05, 3.47397653968e-05, 4.37450798927e-05, 1.60757062986e-05, 1.0001271221e-05, 1.02586691355e-05, 1.52995125973e-05, 1.42882045111e-05, 4.08547703046e-06, 4.23227584179e-06, 4.88361592943e-06, 3.0402916309e-06, 1.3760670754e-06, 1.80435017683e-06, 1.34307049393e-06, 1.10949952159e-06, 6.9966256433e-07, 3.12661967428e-07, 2.39849555328e-07, 2.23944240929e-07, 1.76077378455e-07, 1.2042748665e-07, 5.48171215087e-08, 5.64770701317e-08, 6.20441014121e-08, 1.57490855912e-08, 4.4178523062e-09, 1.3959632339e-09, 1.04575503812e-09, 3.64858199209e-10],
        "median": [7.65627009969e-06, 0.000124339712784, 0.000191144223209, 0.000143734592712, 0.000324179069139, 0.000219706955249, 0.000156564870849, 0.000156811016495, 4.35913243564e-05, 3.52650604327e-05, 1.30351536427e-05, 1.02879084807e-05, 6.29636588201e-06, 3.24711641042e-06, 2.50838002103e-06, 2.24421614803e-06, 3.5852901874e-06, 2.59689795712e-06, 8.15604607851e-07, 5.46064597984e-07, 4.47972553275e-07, 1.61177410973e-07, 8.07108762046e-08, 5.96028861821e-08, 3.81113629544e-08, 2.14980317992e-08, 4.75947281586e-09, 1.11829245864e-09, 2.83715329008e-10, 1.21579232792e-10, 9.34906596584e-11, 7.20197443349e-11, 6.71046412881e-11, 3.67944251456e-11, 2.45550021288e-11, 2.08414709102e-11, 1.18643948832e-11, 1.05449815546e-11, 8.83578279987e-12, 7.43090918659e-12],
        "min": [3.2050755936e-24, 4.17854020583e-24, 1.31210863601e-23, 5.51801024568e-24, 6.77104006298e-24, 2.01852371587e-23, 1.03046257365e-23, 1.70036065112e-23, 1.48177108082e-23, 1.10399600627e-23, 1.38846019533e-23, 1.3538875773e-23, 4.49894158451e-24, 7.73413983178e-24, 6.79958578369e-24, 9.85776916585e-24, 1.00325531323e-23, 2.72434849112e-23, 1.55396494874e-23, 1.24116329824e-23, 8.23660005219e-24, 9.24593022548e-24, 1.31526052975e-23, 1.45723182687e-23, 1.42502516046e-23, 1.40981387117e-23, 1.07825744709e-23, 9.57997574238e-24, 7.53468897367e-24, 1.05298983786e-23, 8.31951248877e-24, 6.84694189269e-24, 6.49128079813e-24, 8.29259497697e-24, 8.44022635107e-24, 1.26721440412e-23, 1.0418011081e-23, 9.7567926034e-24, 7.41969119749e-24, 1.56950787515e-23],
        "var": [1.18329177567e-08, 1.07557343654e-06, 1.36148412366e-06, 4.6405904186e-07, 1.41357884331e-06, 8.61238163452e-07, 4.20590282602e-07, 1.31517947466e-06, 4.0437683424e-08, 6.77248834791e-08, 5.6529754211e-09, 4.47716574925e-09, 1.32384849749e-08, 1.19578158486e-09, 3.99517169347e-10, 5.69336633394e-10, 8.51459069917e-10, 9.13684405912e-10, 8.72047573042e-11, 1.14410467211e-10, 2.21132348543e-10, 8.06687633359e-11, 1.65608325664e-11, 4.69339150877e-11, 2.33316074794e-11, 1.48871193151e-11, 7.63591880698e-12, 1.23693568409e-12, 1.01663317521e-12, 8.28808918198e-13, 1.4987804834e-12, 7.29205649856e-13, 9.10825573492e-14, 2.16374701901e-13, 3.56358741344e-13, 1.7889464595e-14, 1.16161823101e-15, 1.63470688436e-16, 1.53097406803e-16, 1.63290829592e-17]
    },
    "mfcc": {
        "mean": [-822.477355957, 229.00453186, 4.95208024979, -2.5204885006, -1.24454283714, -8.37431144714, -16.768863678, -14.9816770554, -9.00577354431, -2.27594900131, -2.34526801109, -7.31183099747, -5.76643133163],
        "cov": [[10679.1757812, 1561.82214355, -3537.40112305, 1776.73999023, -450.285797119, -318.961303711, -189.892181396, 126.768554688, -150.989242554, -212.284332275, -63.8900756836, -32.6820602417, 8.39015388489], [1561.82214355, 1498.53662109, -306.40246582, -163.038085938, 234.009017944, -170.170196533, -51.8900909424, -50.1556625366, -22.659078598, -64.7448959351, 3.2320356369, -20.9729595184, -26.382692337], [-3537.40112305, -306.40246582, 1674.05688477, -646.524597168, 42.5175971985, 261.718658447, 41.7099952698, -70.9876480103, 55.5752105713, 119.318580627, 31.7424736023, 19.7556877136, -2.92130732536], [1776.73999023, -163.038085938, -646.524597168, 674.094055176, -178.189056396, -26.4084396362, 65.9857940674, 49.7753601074, 3.99241638184, -40.9558486938, 18.7852573395, 20.7247638702, 19.2293968201], [-450.285797119, 234.009017944, 42.5175971985, -178.189056396, 273.383117676, -76.1798095703, 9.60289859772, 38.7051963806, 2.64148712158, -12.2062520981, 9.36612987518, 13.3324956894, -4.87350559235], [-318.961303711, -170.170196533, 261.718658447, -26.4084396362, -76.1798095703, 187.367446899, 5.23914575577, -4.32940483093, 40.5757484436, 21.1597671509, 7.20891189575, 14.3836812973, 15.7955312729], [-189.892181396, -51.8900909424, 41.7099952698, 65.9857940674, 9.60289859772, 5.23914575577, 119.403091431, 20.6086444855, 12.7737836838, 9.28355693817, 13.295750618, 19.0697193146, 7.20411539078], [126.768554688, -50.1556625366, -70.9876480103, 49.7753601074, 38.7051963806, -4.32940483093, 20.6086444855, 108.534881592, 8.68138599396, -23.7237129211, 15.4254016876, 16.6122512817, 8.87139606476], [-150.989242554, -22.659078598, 55.5752105713, 3.99241638184, 2.64148712158, 40.5757484436, 12.7737836838, 8.68138599396, 79.1212615967, 0.100888185203, -3.51092672348, 15.6231079102, 5.59678125381], [-212.284332275, -64.7448959351, 119.318580627, -40.9558486938, -12.2062520981, 21.1597671509, 9.28355693817, -23.7237129211, 0.100888185203, 103.110656738, 8.04885101318, -13.6202983856, 3.66655015945], [-63.8900756836, 3.2320356369, 31.7424736023, 18.7852573395, 9.36612987518, 7.20891189575, 13.295750618, 15.4254016876, -3.51092672348, 8.04885101318, 73.4644012451, 17.7038116455, -18.0720119476], [-32.6820602417, -20.9729595184, 19.7556877136, 20.7247638702, 13.3324956894, 14.3836812973, 19.0697193146, 16.6122512817, 15.6231079102, -13.6202983856, 17.7038116455, 57.3759346008, 7.95768356323], [8.39015388489, -26.382692337, -2.92130732536, 19.2293968201, -4.87350559235, 15.7955312729, 7.20411539078, 8.87139606476, 5.59678125381, 3.66655015945, -18.0720119476, 7.95768356323, 66.2606048584]],
