{
"lowlevel": {
    "average_loudness": 0.952439010143,
    "barkbands_crest": {
        "dmean": 1.82392895222,
        "dmean2": 3.00005483627,
        "dvar": 3.38186979294,
        "dvar2": 9.48798084259,
        "max": 22.5772476196,
        "mean": 8.94904613495,
        "median": 8.5024394989,
        "min": 2.35072398186,
        "var": 9.18156909943
    },
    "barkbands_flatness_db": {
        "dmean": 0.0184162929654,
        "dmean2": 0.0265459548682,
        "dvar": 0.000347931258148,
        "dvar2": 0.00068288174225,
        "max": 0.608845412731,
        "mean": 0.152651757002,
        "median": 0.123704992235,
        "min": 0.0283797979355,
        "var": 0.0102089773864
    },
    "barkbands_kurtosis": {
        "dmean": 2.23037624359,
        "dmean2": 3.4909863472,
        "dvar": 10.7898845673,
        "dvar2": 24.7129745483,
        "max": 85.2180099487,
        "mean": 4.78137540817,
        "median": 2.83272409439,
        "min": -1.91385853291,
        "var": 34.9106025696
    },
    "barkbands_skewness": {
        "dmean": 0.387304395437,
        "dmean2": 0.602234482765,
        "dvar": 0.186413228512,
        "dvar2": 0.433395236731,
        "max": 5.91883039474,
        "mean": 1.81978106499,
        "median": 1.74876630306,
        "min": -8.42792129517,
        "var": 0.834003388882
    },
    "barkbands_spread": {
        "dmean": 4.3073348999,
        "dmean2": 6.4462146759,
        "dvar": 29.942401886,
        "dvar2": 59.3828849792,
        "max": 95.7732009888,
        "mean": 21.2678108215,
        "median": 20.1873188019,
        "min": 1.43153178692,
        "var": 186.759597778
    },
    "dissonance": {
        "dmean": 0.0171059016138,
        "dmean2": 0.0283631701022,
        "dvar": 0.000291415199172,
        "dvar2": 0.000754935550503,
        "max": 0.5,
        "mean": 0.451714903116,
        "median": 0.464797198772,
        "min": 0.162587091327,
        "var": 0.00225959578529
    },
    "dynamic_complexity": 1.83541357517,
    "erbbands_crest": {
        "dmean": 1.5798586607,
        "dmean2": 2.48795723915,
        "dvar": 2.46306967735,
        "dvar2": 5.74611854553,
        "max": 28.6860160828,
        "mean": 7.58428668976,
        "median": 6.42707395554,
        "min": 1.98571527004,
        "var": 18.6639175415
    },
    "erbbands_flatness_db": {
        "dmean": 0.0150015978143,
        "dmean2": 0.0204141642898,
        "dvar": 0.000286594586214,
        "dvar2": 0.000516528729349,
        "max": 0.529564678669,
        "mean": 0.155705213547,
        "median": 0.134999096394,
        "min": 0.0486831106246,
        "var": 0.00605528429151
    },
    "erbbands_kurtosis": {
        "dmean": 0.557963430882,
        "dmean2": 0.844881892204,
        "dvar": 2.18999814987,
        "dvar2": 2.52591323853,
        "max": 186.853805542,
        "mean": 0.317785322666,
        "median": -0.6873087883,
        "min": -1.85332405567,
        "var": 23.8358764648
    },
    "erbbands_skewness": {
        "dmean": 0.244428887963,
        "dmean2": 0.375757932663,
        "dvar": 0.0630929917097,
        "dvar2": 0.128019228578,
        "max": 10.011715889,
        "mean": 0.436486721039,
        "median": 0.3880597651,
        "min": -2.74296450615,
        "var": 0.362259477377
    },
    "erbbands_spread": {
        "dmean": 7.38318538666,
        "dmean2": 11.1386041641,
        "dvar": 81.6948928833,
        "dvar2": 165.783569336,
        "max": 153.532562256,
        "mean": 47.9744529724,
        "median": 46.8034439087,
        "min": 0.664060294628,
        "var": 456.736938477
    },
    "hfc": {
        "dmean": 4.70161437988,
        "dmean2": 7.11179542542,
        "dvar": 48.7595710754,
        "dvar2": 111.845672607,
        "max": 108.14200592,
        "mean": 24.6160411835,
        "median": 21.9296169281,
        "min": 1.28777238003e-16,
        "var": 257.860748291
    },
    "melbands_crest": {
        "dmean": 2.58248829842,
        "dmean2": 4.15011310577,
        "dvar": 6.38571977615,
        "dvar2": 16.2679901123,
        "max": 29.2998790741,
        "mean": 12.9142856598,
        "median": 12.7065076828,
        "min": 1.72855436802,
        "var": 13.5127725601
    },
    "melbands_flatness_db": {
        "dmean": 0.0223258454353,
        "dmean2": 0.0323876664042,
        "dvar": 0.000538311433047,
        "dvar2": 0.00106751942076,
        "max": 0.756890177727,
        "mean": 0.235105365515,
        "median": 0.202104508877,
        "min": 0.00514201074839,
        "var": 0.015441711992
    },
    "melbands_kurtosis": {
        "dmean": 5.94427061081,
        "dmean2": 9.47172164917,
        "dvar": 80.6452407837,
        "dvar2": 199.338409424,
        "max": 142.058563232,
        "mean": 15.7149906158,
        "median": 12.1606111526,
        "min": -1.72524988651,
        "var": 177.821914673
    },
    "melbands_skewness": {
        "dmean": 0.58176779747,
        "dmean2": 0.91279643774,
        "dvar": 0.444792360067,
        "dvar2": 1.07598674297,
        "max": 9.49652957916,
        "mean": 3.0517282486,
        "median": 2.92411994934,
        "min": -0.847956478596,
        "var": 1.54420125484
    },
    "melbands_spread": {
        "dmean": 4.14435052872,
        "dmean2": 6.38341903687,
        "dvar": 32.8225250244,
        "dvar2": 80.0261077881,
        "max": 207.201675415,
        "mean": 17.4342136383,
        "median": 15.9435882568,
        "min": 1.39592528343,
        "var": 139.099243164
    },
    "pitch_salience": {
        "dmean": 0.0574746690691,
        "dmean2": 0.0929158851504,
        "dvar": 0.00260629272088,
        "dvar2": 0.00690802419558,
        "max": 0.838223934174,
        "mean": 0.585267007351,
        "median": 0.587026298046,
        "min": 0.266722470522,
        "var": 0.0064280340448
    },
    "silence_rate_20dB": {
        "dmean": 0,
        "dmean2": 0,
        "dvar": 0,
        "dvar2": 0,
        "max": 1,
        "mean": 1,
        "median": 1,
        "min": 1,
        "var": 0
    },
    "silence_rate_30dB": {
        "dmean": 0.00537139363587,
        "dmean2": 0.0107436114922,
        "dvar": 0.00534339202568,
        "dvar2": 0.0156952440739,
        "max": 1,
        "mean": 0.997161030769,
        "median": 1,
        "min": 0,
        "var": 0.0028305395972
    },
    "silence_rate_60dB": {
        "dmean": 0.000306936766719,
        "dmean2": 0.000613920623437,
        "dvar": 0.000306805159198,
        "dvar2": 0.000613586918917,
        "max": 1,
        "mean": 0.0140412794426,
        "median": 0,
        "min": 0,
        "var": 0.0138438530266
    },
    "spectral_centroid": {
        "dmean": 184.420852661,
        "dmean2": 282.77053833,
        "dvar": 44738.7070312,
        "dvar2": 95446.6484375,
        "max": 11149.9570312,
        "mean": 1138.38708496,
        "median": 1166.7755127,
        "min": 194.797866821,
        "var": 365503.53125
    },
    "spectral_complexity": {
        "dmean": 3.24754452705,
        "dmean2": 5.08326292038,
        "dvar": 12.2372837067,
        "dvar2": 27.5557765961,
        "max": 59,
        "mean": 23.589887619,
        "median": 22,
        "min": 0,
        "var": 126.806442261
    },
    "spectral_decrease": {
        "dmean": 2.55938736871e-09,
        "dmean2": 4.03607725019e-09,
        "dvar": 1.42036886974e-17,
        "dvar2": 3.47068871549e-17,
        "max": 1.20773729563e-16,
        "mean": -9.98777682781e-09,
        "median": -9.41163946777e-09,
        "min": -3.78807420987e-08,
        "var": 2.29624725931e-17
    },
    "spectral_energy": {
        "dmean": 0.00988994818181,
        "dmean2": 0.0156017225236,
        "dvar": 0.000210438825889,
        "dvar2": 0.000514594546985,
        "max": 0.145161256194,
        "mean": 0.0399288311601,
        "median": 0.0376011542976,
        "min": 1.12349803372e-20,
        "var": 0.000351558235707
    },
    "spectral_energyband_high": {
        "dmean": 0.000423079851316,
        "dmean2": 0.000624604523182,
        "dvar": 5.34830803645e-07,
        "dvar2": 1.10813311949e-06,
        "max": 0.00887073483318,
        "mean": 0.00137869245373,
        "median": 0.000726357218809,
        "min": 8.31678972589e-21,
        "var": 2.25832968681e-06
    },
    "spectral_energyband_low": {
        "dmean": 0.00733021134511,
        "dmean2": 0.0113805988804,
        "dvar": 0.000186540972209,
        "dvar2": 0.000453213608125,
        "max": 0.128967776895,
        "mean": 0.0171965323389,
        "median": 0.0149925751612,
        "min": 5.84745291697e-23,
        "var": 0.000222990449402
    },
    "spectral_energyband_middle_high": {
        "dmean": 0.000944979547057,
        "dmean2": 0.00147054763511,
        "dvar": 1.39461621984e-06,
        "dvar2": 3.35568665832e-06,
        "max": 0.02192793414,
        "mean": 0.0041678538546,
        "median": 0.00377685041167,
        "min": 1.49183113995e-21,
        "var": 9.98288487608e-06
    },
    "spectral_energyband_middle_low": {
        "dmean": 0.00518626021221,
        "dmean2": 0.00856962241232,
        "dvar": 5.16328909725e-05,
        "dvar2": 0.000142017990584,
        "max": 0.0937622711062,
        "mean": 0.0188654661179,
        "median": 0.0166209097952,
        "min": 3.56969379353e-22,
        "var": 0.000107931999082
    },
    "spectral_entropy": {
        "dmean": 0.156337201595,
        "dmean2": 0.214093327522,
        "dvar": 0.0341576486826,
        "dvar2": 0.0591894611716,
        "max": 9.81911373138,
        "mean": 7.3746099472,
        "median": 7.58560609818,
        "min": 3.62138557434,
        "var": 0.674583137035
    },
    "spectral_flux": {
        "dmean": 0.0226663853973,
        "dmean2": 0.0358574539423,
        "dvar": 0.000837725121528,
        "dvar2": 0.00177988852374,
        "max": 0.329139113426,
        "mean": 0.0838123112917,
        "median": 0.0756086409092,
        "min": 1.0599519179e-10,
        "var": 0.00202959240414
    },
    "spectral_kurtosis": {
        "dmean": 4.4620218277,
        "dmean2": 7.82730674744,
        "dvar": 181.453292847,
        "dvar2": 617.112548828,
        "max": 342.831237793,
        "mean": 11.1971988678,
        "median": 2.7884054184,
        "min": -1.1415168047,
        "var": 989.021789551
    },
    "spectral_rms": {
        "dmean": 0.000717936141882,
        "dmean2": 0.00110958085861,
        "dvar": 8.06068271686e-07,
        "dvar2": 1.88268973034e-06,
        "max": 0.0119004510343,
        "mean": 0.00606527598575,
        "median": 0.0060567362234,
        "min": 3.31073341485e-12,
        "var": 2.16751186599e-06
    },
    "spectral_rolloff": {
        "dmean": 395.775848389,
        "dmean2": 650.964111328,
        "dvar": 568755.4375,
        "dvar2": 1271959,
        "max": 19745.9472656,
        "mean": 1090.88623047,
        "median": 732.12890625,
        "min": 107.666015625,
        "var": 1509503.25
    },
    "spectral_skewness": {
        "dmean": 0.326893687248,
        "dmean2": 0.532670795918,
        "dvar": 0.303111344576,
        "dvar2": 0.857485294342,
        "max": 15.8347835541,
        "mean": 1.8900026083,
        "median": 1.33029174805,
        "min": -0.0270347446203,
        "var": 3.66229319572
    },
    "spectral_spread": {
        "dmean": 538717.6875,
        "dmean2": 765866.375,
        "dvar": 542930403328,
        "dvar2": 1.0138131497e+12,
        "max": 38263248,
        "mean": 4551814.5,
        "median": 4664878.5,
        "min": 286571.625,
        "var": 3.6633599017e+12
    },
    "spectral_strongpeak": {
        "dmean": 0.336609125137,
        "dmean2": 0.592724680901,
        "dvar": 0.295052498579,
        "dvar2": 0.69754087925,
        "max": 7.80190610886,
        "mean": 0.643431127071,
        "median": 0.35244935751,
        "min": 0,
        "var": 0.570482075214
    },
    "zerocrossingrate": {
        "dmean": 0.00818178337067,
        "dmean2": 0.00984322652221,
        "dvar": 0.000102758633147,
        "dvar2": 0.000115980590635,
        "max": 0.75634765625,
        "mean": 0.0544132180512,
        "median": 0.048828125,
        "min": 0.005859375,
        "var": 0.00140493561048
    },
    "barkbands": {
        "dmean": [0.000742520147469, 0.00392603501678, 0.00360961374827, 0.0016665130388, 0.00352942664176, 0.00116814533249, 0.000724657846149, 0.000640267622657, 0.000687266408931, 0.000429159874329, 0.00019577331841, 0.000237035215832, 0.000129819149151, 0.000167829814018, 0.00015344977146, 0.000148819191963, 0.000204510506592, 0.000120298209367, 0.000149048864841, 0.000155745394295, 0.000119931901281, 0.00013413040142, 0.000129194449983, 7.1910682891e-05, 3.93966292904e-05, 2.01298335014e-05, 5.258209967e-06],
        "dmean2": [0.00127405824605, 0.00602359976619, 0.00580276828259, 0.00273423595354, 0.00590776558965, 0.00197960971855, 0.00116821052507, 0.00102063571103, 0.00102705752943, 0.000646563596092, 0.000306684320094, 0.000383411505027, 0.000209126083064, 0.000269320880761, 0.000242357869865, 0.000240283552557, 0.000332619820256, 0.000194873224245, 0.000240626191953, 0.000253785692621, 0.000195199201698, 0.000208663404919, 0.00019225772121, 0.000106731313281, 5.72837088839e-05, 3.1457238947e-05, 8.3861496023e-06],
        "dvar": [6.55185249343e-06, 5.66115850233e-05, 3.55326083081e-05, 4.46403191745e-06, 3.6511442886e-05, 2.1335558813e-06, 1.07787468551e-06, 1.40716338137e-06, 1.52526592956e-06, 5.8489121102e-07, 1.01259601593e-07, 1.31750340415e-07, 5.72187772718e-08, 1.02415860681e-07, 5.66786155787e-08, 5.45472964575e-08, 1.04003269996e-07, 3.13631609572e-08, 4.59294433597e-08, 5.29412531591e-08, 4.16371506162e-08, 6.04317591524e-08, 6.65402026812e-08, 1.83494197614e-08, 8.84787620947e-09, 2.98567570667e-09, 2.53489174096e-10],
        "dvar2": [1.74509386852e-05, 0.000139034789754, 9.47786102188e-05, 1.17971203508e-05, 0.000102384590718, 5.99157147008e-06, 2.60497381532e-06, 3.26487270286e-06, 3.18192746818e-06, 1.31059118758e-06, 2.34763675167e-07, 3.28875046307e-07, 1.32717772772e-07, 2.65139021849e-07, 1.35621533559e-07, 1.36814875873e-07, 2.60373127503e-07, 7.79530893169e-08, 1.16147845119e-07, 1.3833314938e-07, 1.0890895652e-07, 1.43444381706e-07, 1.27726536903e-07, 3.79635700654e-08, 1.87180830835e-08, 7.22449211565e-09, 6.15529682779e-10],
        "max": [0.0263032596558, 0.0911475121975, 0.0736489370465, 0.0334887206554, 0.0739019215107, 0.0270278882235, 0.0309005826712, 0.0323461405933, 0.0261871274561, 0.0160278789699, 0.00876964908093, 0.0105949621648, 0.00772300548851, 0.00875233765692, 0.00825448334217, 0.00410010199994, 0.00898816622794, 0.00412537157536, 0.00474345451221, 0.00396353425458, 0.002500846982, 0.00375029817224, 0.00601259618998, 0.00301163690165, 0.00275767641142, 0.00113576301374, 0.000346170418197],
        "mean": [0.000864746398292, 0.00847442541271, 0.00652502430603, 0.00274764327332, 0.00778072560206, 0.00261747976765, 0.00174920598511, 0.00140746729448, 0.00181817112025, 0.0010188287124, 0.000413918314734, 0.000486243952764, 0.000292553944746, 0.000332131370669, 0.000338558485964, 0.000312876363751, 0.000462801835965, 0.000280591659248, 0.000379095552489, 0.000406829756685, 0.000298623170238, 0.000298664323054, 0.000319242361002, 0.000181682975381, 8.46885668579e-05, 2.94686924462e-05, 7.12496648703e-06],
        "median": [0.000307832582621, 0.00669179297984, 0.00534320902079, 0.00189590966329, 0.00598462484777, 0.00201396481134, 0.00119928712957, 0.000651781971101, 0.000733089051209, 0.000503414077684, 0.000258073036093, 0.000316284626024, 0.000148289211211, 0.000222621427383, 0.000191378901945, 0.000208437602851, 0.000278416846413, 0.000200769660296, 0.000251710589509, 0.000214477942791, 0.000145600657561, 0.000155802597874, 0.000122713754536, 7.7986434917e-05, 2.78680217889e-05, 4.22778884968e-06, 5.41388601505e-07],
        "min": [1.16952147519e-23, 1.15928308616e-23, 2.10459869582e-23, 3.94444778325e-23, 3.43944963953e-23, 3.02421313831e-23, 2.95959059959e-23, 9.1063174647e-23, 7.20689628385e-23, 1.02162113106e-22, 6.95201090775e-23, 1.18092048371e-22, 8.35290165768e-23, 1.38964336047e-22, 9.36164334073e-23, 6.33436248013e-23, 2.18856142181e-22, 2.14288549188e-22, 2.97426208714e-22, 3.18466555317e-22, 2.61777268863e-22, 4.85454600731e-22, 7.88123490669e-22, 9.02588243002e-22, 1.27087385097e-21, 1.91087284112e-21, 2.83576133625e-21],
        "var": [5.55715996597e-06, 7.52466803533e-05, 3.57076241926e-05, 7.54960228733e-06, 4.95245476486e-05, 5.66659491597e-06, 3.34694527737e-06, 6.23547566647e-06, 9.92550849332e-06, 2.2699703095e-06, 3.29100657837e-07, 3.11876931391e-07, 2.91664150609e-07, 1.57592950245e-07, 1.68855308402e-07, 1.38146901918e-07, 3.27938778355e-07, 9.57967785098e-08, 1.60531143933e-07, 2.34848769765e-07, 1.21054554825e-07, 1.42337441389e-07, 2.36312274637e-07, 6.49908713513e-08, 2.1688858709e-08, 4.47559678207e-09, 4.11082196061e-10]
    },
    "erbbands": {
        "dmean": [0.137915804982, 0.871850728989, 3.56804466248, 4.73626565933, 9.31113910675, 13.9644069672, 8.97174739838, 10.2163162231, 10.945019722, 14.4599628448, 12.2971038818, 12.5575723648, 21.4472866058, 6.61706542969, 7.22353935242, 10.7945833206, 6.21339607239, 7.71544885635, 8.60951328278, 6.56277894974, 10.3681211472, 9.30079841614, 6.125020504, 7.82714700699, 7.4103770256, 7.16274309158, 4.66703367233, 5.01572275162, 4.5624165535, 4.49510622025, 3.8839302063, 2.05662560463, 0.944275975227, 0.519665718079, 0.263433814049, 0.11379378289, 0.032278329134, 0.00650913408026, 0.000928698980715, 4.76450222777e-05],
        "dmean2": [0.213683873415, 1.36063849926, 5.71567583084, 7.67828416824, 15.3590459824, 23.5858383179, 14.7109870911, 17.4582118988, 18.299571991, 22.7725200653, 19.1068668365, 19.3731327057, 31.430223465, 10.2776842117, 11.5321207047, 17.5072479248, 9.96908664703, 12.1708221436, 13.8211221695, 10.5402965546, 16.7901096344, 15.1414642334, 9.83046150208, 12.8028078079, 11.9021940231, 11.7421884537, 7.62191581726, 8.13566589355, 7.14917373657, 6.85276174545, 5.76772928238, 3.09737157822, 1.41296803951, 0.763473808765, 0.387665271759, 0.177694618702, 0.0507405512035, 0.0101900324225, 0.00147854431998, 7.44417338865e-05],
        "dvar": [0.134050920606, 2.2000477314, 33.7648391724, 42.7733688354, 170.295425415, 757.934082031, 134.441314697, 187.027313232, 230.317962646, 544.609008789, 675.109985352, 367.626983643, 1365.35913086, 89.6619186401, 131.938949585, 288.987701416, 124.080459595, 190.681488037, 180.890151978, 132.659225464, 262.454162598, 171.246490479, 84.5289306641, 140.746520996, 128.537689209, 121.69278717, 60.8668174744, 73.7173156738, 75.4563369751, 63.4628601074, 61.6326599121, 16.8014850616, 3.33075547218, 1.47307765484, 0.404220670462, 0.0877657979727, 0.00843748822808, 0.000363587314496, 8.029147466e-06, 1.68421969704e-08],
        "dvar2": [0.316500067711, 5.88871860504, 89.3244628906, 113.217674255, 450.677947998, 2112.80126953, 355.085266113, 524.953369141, 596.205078125, 1260.30151367, 1426.21313477, 849.319396973, 2971.7421875, 213.16229248, 323.060852051, 729.732727051, 285.449890137, 467.180389404, 462.094238281, 323.730407715, 657.866394043, 430.973999023, 210.803741455, 367.205749512, 316.900848389, 321.85458374, 158.386871338, 189.492080688, 180.719589233, 135.398422241, 122.967201233, 35.384223938, 6.79503154755, 3.17046093941, 0.870162665844, 0.211074247956, 0.0206654127687, 0.000864036672283, 1.95522225113e-05, 4.08559408527e-08],
        "max": [3.80294656754, 17.5244216919, 72.9214172363, 76.5705032349, 247.633850098, 344.392608643, 197.973388672, 293.438262939, 543.813415527, 703.659667969, 837.063659668, 490.073760986, 784.453979492, 250.721115112, 263.151275635, 292.961975098, 394.292297363, 399.089080811, 282.559082031, 547.941650391, 295.104919434, 271.821960449, 250.585601807, 268.452056885, 243.46585083, 218.961959839, 113.216415405, 127.711494446, 113.928962708, 158.126113892, 186.373809814, 104.474395752, 45.3018722534, 36.9934501648, 15.3036880493, 6.55018949509, 2.00762462616, 0.487625271082, 0.0543528310955, 0.00226528127678],
        "mean": [0.260115504265, 1.84121763706, 7.15713739395, 8.82391548157, 17.425775528, 27.8902587891, 21.1818199158, 21.1269054413, 24.9521789551, 32.2885665894, 30.5433349609, 33.5990104675, 58.3841400146, 16.7849674225, 16.129907608, 22.6027698517, 15.5136423111, 16.7922554016, 19.2716808319, 14.6663141251, 23.3414897919, 22.1678619385, 15.4797410965, 18.9352226257, 20.0208415985, 18.5206756592, 11.8988656998, 12.0333766937, 9.96533107758, 10.971991539, 8.98208999634, 5.0576133728, 2.33597111702, 1.1865401268, 0.493274271488, 0.172574028373, 0.0455617271364, 0.00943017099053, 0.00126858439762, 9.85387305263e-05],
        "median": [0.120152503252, 1.55503058434, 5.9016661644, 6.46433162689, 12.2108402252, 17.2888202667, 16.9308929443, 14.9781541824, 18.2845401764, 17.8775691986, 13.9679365158, 18.6162128448, 23.4264965057, 12.5096197128, 11.0121517181, 13.963306427, 9.15299034119, 10.6455774307, 12.0677337646, 9.90556526184, 15.2543802261, 16.3756847382, 12.4579019547, 11.7993526459, 11.5163402557, 10.2876815796, 5.68398571014, 5.94651174545, 5.41211938858, 4.63022756577, 3.42019581795, 2.29836773872, 0.874500215054, 0.419572263956, 0.139247372746, 0.0303566064686, 0.00571395596489, 0.000927208340727, 0.000116582894407, 5.37357809662e-05],
        "min": [2.27726296148e-22, 3.28628618584e-21, 1.78749675249e-20, 9.30082397743e-20, 1.07217406165e-19, 1.18386942299e-19, 1.36733174975e-19, 2.97233187653e-19, 3.84637950861e-19, 1.39978263972e-18, 1.39271427798e-18, 1.85230575249e-18, 3.571987983e-18, 2.66598739783e-18, 2.98993386637e-18, 5.01630240798e-18, 4.26743677428e-18, 7.5302378792e-18, 3.94335857722e-18, 4.52417047536e-18, 6.19682686766e-18, 1.21233567537e-17, 1.31199960681e-17, 1.36957807761e-17, 1.37976613034e-17, 1.33584068915e-17, 1.49416826963e-17, 8.65813669472e-18, 2.01318952785e-17, 1.64391012894e-17, 2.27155740695e-17, 1.94744785975e-17, 1.54768668982e-17, 1.26606502663e-17, 9.77349131625e-18, 7.49183105617e-18, 3.38055626217e-18, 1.40233325113e-18, 3.27537699026e-19, 4.58330954646e-20],
        "var": [0.156640022993, 2.75764369965, 36.4315757751, 62.085269928, 313.642730713, 1128.51452637, 279.612030029, 463.896331787, 711.11315918, 1726.1184082, 3670.75048828, 1852.41833496, 7784.13134766, 281.284667969, 353.470550537, 691.533325195, 708.377197266, 402.586883545, 483.058502197, 326.131866455, 726.376403809, 496.510559082, 252.864898682, 423.892608643, 554.026245117, 502.587463379, 193.594604492, 203.589294434, 157.462341309, 214.942871094, 201.727676392, 53.1716995239, 11.4626703262, 3.88996315002, 0.871434092522, 0.130465179682, 0.012520076707, 0.000661607773509, 1.23036716104e-05, 2.41154101133e-08]
    },
    "gfcc": {
        "mean": [13.4138221741, 118.128417969, -101.913414001, 40.6366157532, -58.4175033569, 9.74587249756, -34.0895996094, 5.01114749908, -17.2376842499, -7.31377601624, -11.7913017273, -3.50487422943, -8.2910785675],
        "cov": [[12097.3212891, -4588.57910156, -1880.76086426, 870.913757324, -1535.6998291, 1255.72546387, -413.516052246, 571.37689209, -163.756774902, 409.208068848, -560.403747559, 75.9898605347, -414.097442627], [-4588.57910156, 3412.28369141, 167.649154663, -602.152832031, 1082.14685059, -795.436462402, 301.253448486, -255.230667114, 203.269607544, -277.175994873, 370.814453125, -135.787994385, 267.583984375], [-1880.76086426, 167.649154663, 1098.08276367, -43.636882782, 80.5028686523, 30.7351112366, 29.890253067, -66.2122497559, -14.071814537, 14.5304450989, 43.935508728, 98.2589416504, -3.94504475594], [870.913757324, -602.152832031, -43.636882782, 360.586120605, -282.922332764, 223.396270752, -52.9937667847, 41.094669342, 2.61014986038, 36.3750686646, -27.4838638306, 13.0080404282, -21.7245292664], [-1535.6998291, 1082.14685059, 80.5028686523, -282.922332764, 621.714904785, -360.007415771, 154.297729492, -54.2931442261, 28.279050827, -48.7517318726, 88.9265823364, -32.0458030701, 88.3566589355], [1255.72546387, -795.436462402, 30.7351112366, 223.396270752, -360.007415771, 436.299926758, -119.500099182, 84.5305023193, 30.8733386993, 33.6822166443, -48.5419578552, 57.2966461182, -73.8645095825], [-413.516052246, 301.253448486, 29.890253067, -52.9937667847, 154.297729492, -119.500099182, 174.141723633, -6.02790784836, -16.490737915, 13.0491600037, 34.774066925, -18.7306900024, 27.2504444122], [571.37689209, -255.230667114, -66.2122497559, 41.094669342, -54.2931442261, 84.5305023193, -6.02790784836, 110.750663757, 13.0807533264, 27.3612785339, -22.5262718201, 6.98018407822, -22.2952537537], [-163.756774902, 203.269607544, -14.071814537, 2.61014986038, 28.279050827, 30.8733386993, -16.490737915, 13.0807533264, 110.370162964, -20.5341205597, 28.0580215454, -1.14876401424, 13.3516187668], [409.208068848, -277.175994873, 14.5304450989, 36.3750686646, -48.7517318726, 33.6822166443, 13.0491600037, 27.3612785339, -20.5341205597, 95.6393508911, -19.6001930237, 8.40260410309, -22.4543094635], [-560.403747559, 370.814453125, 43.935508728, -27.4838638306, 88.9265823364, -48.5419578552, 34.774066925, -22.5262718201, 28.0580215454, -19.6001930237, 111.042427063, 1.42821645737, 25.2669181824], [75.9898605347, -135.787994385, 98.2589416504, 13.0080404282, -32.0458030701, 57.2966461182, -18.7306900024, 6.98018407822, -1.14876401424, 8.40260410309, 1.42821645737, 85.4831466675, -9.41902065277], [-414.097442627, 267.583984375, -3.94504475594, -21.7245292664, 88.3566589355, -73.8645095825, 27.2504444122, -22.2952537537, 13.3516187668, -22.4543094635, 25.2669181824, -9.41902065277, 80.2358932495]],
        "icov": [[0.000415570655605, 9.06700097403e-06, 0.000706393562723, -0.000144105317304, 7.93421349954e-05, -0.000668418419082, 6.41508231638e-05, -0.000612807751168, 0.000484737509396, -0.000912721385248, 0.000846889452077, -0.000459551782114, 0.000558723520953], [9.06700097403e-06, 0.00297803571448, -0.000252118712524, 0.00142391724512, -0.00160449242685, 0.00139553076588, -0.00140082440339, 0.00223466916941, -0.00383877218701, 0.00392188085243, -0.00458804704249, 0.00219684327021, -0.00192435656209], [0.000706393562723, -0.000252118712524, 0.00236396468244, -0.000265927432338, -3.42066632584e-05, -0.00173854886089, -1.13589740067e-05, -0.000289357674774, 0.0013448264217, -0.00221841270104, 0.00162357930094, -0.00218164897524, 0.00127936096396], [-0.000144105317304, 0.00142391724512, -0.000265927432338, 0.00579144293442, 0.000960638280958, -0.000833682483062, -0.00137862632982, 0.0013352468377, -0.00200517987832, 0.001241038437, -0.00297111272812, 0.00188283168245, -0.00308590009809], [7.93421349954e-05, -0.00160449242685, -3.42066632584e-05, 0.000960638280958, 0.00550141604617, 0.00152592931408, -0.000930969079491, -0.00223741168156, 0.000583315908443, -0.00175755831879, 0.00173070037272, -0.00158478366211, -0.000260136264842], [-0.000668418419082, 0.00139553076588, -0.00173854886089, -0.000833682483062, 0.00152592931408, 0.00864334218204, 0.000436563597759, -0.000851163757034, -0.0048685898073, 0.00377389928326, -0.00349139957689, -0.000455125642475, 0.00038921032683], [6.41508231638e-05, -0.00140082440339, -1.13589740067e-05, -0.00137862632982, -0.000930969079491, 0.000436563597759, 0.00947228074074, -0.00263230456039, 0.00366424722597, -0.00405445182696, 0.000403476005886, 5.72798344365e-05, 0.000242803551373], [-0.000612807751168, 0.00223466916941, -0.000289357674774, 0.0013352468377, -0.00223741168156, -0.000851163757034, -0.00263230456039, 0.0154127674177, -0.00532614905387, 0.00162080058362, -0.00291802641004, 0.00183497357648, -0.00093668064801], [0.000484737509396, -0.00383877218701, 0.0013448264217, -0.00200517987832, 0.000583315908443, -0.0048685898073, 0.00366424722597, -0.00532614905387, 0.0174306910485, -0.00454989634454, 0.00394121510908, -0.00229140813462, 0.00129433791153], [-0.000912721385248, 0.00392188085243, -0.00221841270104, 0.001241038437, -0.00175755831879, 0.00377389928326, -0.00405445182696, 0.00162080058362, -0.00454989634454, 0.0204988829792, -0.00683425134048, 0.00308605935425, -0.00131765229162], [0.000846889452077, -0.00458804704249, 0.00162357930094, -0.00297111272812, 0.00173070037272, -0.00349139957689, 0.000403476005886, -0.00291802641004, 0.00394121510908, -0.00683425134048, 0.0207450054586, -0.00541491014883, 0.00314240623266], [-0.000459551782114, 0.00219684327021, -0.00218164897524, 0.00188283168245, -0.00158478366211, -0.000455125642475, 5.72798344365e-05, 0.00183497357648, -0.00229140813462, 0.00308605935425, -0.00541491014883, 0.0168667118996, -0.00254883617163], [0.000558723520953, -0.00192435656209, 0.00127936096396, -0.00308590009809, -0.000260136264842, 0.00038921032683, 0.000242803551373, -0.00093668064801, 0.00129433791153, -0.00131765229162, 0.00314240623266, -0.00254883617163, 0.0194209720939]]
    },
    "melbands": {
        "dmean": [0.00112804002129, 0.00154776405543, 0.000866329239216, 0.000830800330732, 0.000387797539588, 0.000234452672885, 0.000161767093232, 0.000152952998178, 9.54767674557e-05, 9.00525628822e-05, 0.000107283689431, 2.64844875346e-05, 2.69593565463e-05, 2.54690166912e-05, 2.13925977732e-05, 1.19583764899e-05, 1.61222269526e-05, 1.50040923472e-05, 9.86737722997e-06, 8.70066105563e-06, 1.50506166392e-05, 1.15486718641e-05, 7.90156900621e-06, 5.96987092649e-06, 7.21719834473e-06, 5.2261430028e-06, 6.53369716019e-06, 4.72394685858e-06, 3.2705090689e-06, 3.2385760278e-06, 2.98556346934e-06, 2.52791619459e-06, 3.41416398442e-06, 2.61084710473e-06, 2.53653342952e-06, 1.80606343747e-06, 1.18108675906e-06, 7.4772191283e-07, 6.05158902545e-07, 4.28284863574e-07],
        "dmean2": [0.00172349694185, 0.0024623030331, 0.001400584355, 0.00140433455817, 0.000637149205431, 0.000399067183025, 0.000269519950962, 0.000242518479354, 0.00014773690782, 0.000136488248245, 0.000156978974701, 4.14306741732e-05, 4.25829166488e-05, 4.14133173763e-05, 3.46510532836e-05, 1.91636063391e-05, 2.54571914411e-05, 2.44173697865e-05, 1.57404065249e-05, 1.3960702745e-05, 2.45830342465e-05, 1.88557478396e-05, 1.28213505377e-05, 9.84367306955e-06, 1.19143924167e-05, 8.39332096803e-06, 1.06759644041e-05, 7.79590573075e-06, 5.39687061973e-06, 5.30192392034e-06, 4.86454973725e-06, 4.02021532864e-06, 5.41007011634e-06, 4.04107595386e-06, 3.83585211239e-06, 2.74510784948e-06, 1.80981453468e-06, 1.15028547043e-06, 9.17435954761e-07, 6.40652899619e-07],
        "dvar": [6.64084518576e-06, 6.51620257486e-06, 1.12805957997e-06, 2.39831888393e-06, 2.77976909047e-07, 9.23541279008e-08, 4.58576110418e-08, 5.94461369019e-08, 3.81842717445e-08, 2.35812667171e-08, 3.41148265193e-08, 1.55774515509e-09, 2.07158423748e-09, 1.56547985686e-09, 1.13619780251e-09, 4.21054691113e-10, 9.23215226489e-10, 6.08398720292e-10, 2.75818534679e-10, 1.94058394354e-10, 5.84741088883e-10, 3.01322855556e-10, 1.32000368969e-10, 8.85896148106e-11, 1.24976057281e-10, 6.29600468982e-11, 1.11446969708e-10, 5.41829428546e-11, 2.8962214571e-11, 2.6519309318e-11, 2.70592298568e-11, 2.61421041065e-11, 3.81123639592e-11, 2.26192346103e-11, 2.59413723142e-11, 1.4831582143e-11, 5.12802170519e-12, 1.94472931682e-12, 1.81680874772e-12, 1.19322151985e-12],
        "dvar2": [1.58453585755e-05, 1.70983639691e-05, 2.96835833069e-06, 6.7527594183e-06, 7.54761629196e-07, 2.59211674347e-07, 1.18865415288e-07, 1.43102980132e-07, 8.06902704653e-08, 5.15979401428e-08, 7.40734904525e-08, 3.71473851679e-09, 4.86979478964e-09, 3.83551768124e-09, 2.81999090745e-09, 1.00030628225e-09, 2.29090146853e-09, 1.62984803431e-09, 6.67802202425e-10, 4.86789608622e-10, 1.48258560984e-09, 7.54894147192e-10, 3.2888039514e-10, 2.2923825338e-10, 3.30536265025e-10, 1.54050161516e-10, 2.83218920538e-10, 1.44849701678e-10, 7.58333812412e-11, 6.96525545574e-11, 6.90418694438e-11, 6.37467231779e-11, 9.55256360125e-11, 4.85950168994e-11, 5.34076255443e-11, 3.10059720954e-11, 1.143905283e-11, 4.15788497382e-12, 4.11133583775e-12, 2.71411669181e-12],
        "max": [0.0299561601132, 0.0303784161806, 0.0168834961951, 0.0187345091254, 0.00770286517218, 0.0059203049168, 0.00724816275761, 0.00650610309094, 0.0060075246729, 0.00347580970265, 0.00388022209518, 0.000934728013817, 0.00127531425096, 0.00156231282745, 0.00073723035166, 0.000686259998474, 0.000894762051757, 0.000541689514648, 0.000731506152079, 0.000491146114655, 0.000469167018309, 0.000443861063104, 0.000219177643885, 0.000248764728894, 0.000254320970271, 0.000161383170052, 0.000192782114027, 0.000136534610647, 8.51642616908e-05, 7.04976991983e-05, 7.67292294768e-05, 6.9728201197e-05, 9.81999037322e-05, 8.50756259752e-05, 0.000137768685818, 9.66892112046e-05, 4.99434499943e-05, 4.14768146584e-05, 3.27167399519e-05, 4.47676866315e-05],
        "mean": [0.00227803061716, 0.00336538278498, 0.00179112551268, 0.00163721945137, 0.000910892907996, 0.000502740265802, 0.000379303353839, 0.000335608638125, 0.000231051497394, 0.000242075417191, 0.000289361807518, 5.96638201387e-05, 5.62033492315e-05, 5.29858043592e-05, 4.82648101752e-05, 2.74024769169e-05, 3.1688297895e-05, 3.19422069879e-05, 2.01724469662e-05, 1.91586750589e-05, 3.12344127451e-05, 2.53223333857e-05, 1.68743190443e-05, 1.288180556e-05, 1.57076810865e-05, 1.28264800878e-05, 1.62042178999e-05, 1.10763648991e-05, 7.25627614884e-06, 7.46110117689e-06, 6.5600038397e-06, 5.02626971866e-06, 6.82730160406e-06, 5.84932649872e-06, 5.37541291123e-06, 4.09646463595e-06, 2.66391589321e-06, 1.65993378687e-06, 1.31330534714e-06, 8.85381723492e-07],
        "median": [0.00148806849029, 0.00286957458593, 0.00147029967047, 0.00117520010099, 0.000706795894075, 0.000365017709555, 0.000287538336124, 0.000188833815628, 0.000105891886051, 0.00011312092829, 0.000112880203233, 4.14902460761e-05, 3.34388496412e-05, 3.67726679542e-05, 2.79305677395e-05, 1.43850065797e-05, 1.87667847058e-05, 1.9839106244e-05, 1.25734641188e-05, 1.20538652482e-05, 1.78544996743e-05, 1.63445038197e-05, 1.17063418656e-05, 8.46951115818e-06, 8.96454457688e-06, 7.18275805411e-06, 7.4884269452e-06, 5.78403569307e-06, 3.27792349708e-06, 3.4256715935e-06, 3.07001141664e-06, 2.67205973614e-06, 3.09679398924e-06, 2.25405665333e-06, 1.87244233985e-06, 1.80257791271e-06, 1.17722345294e-06, 6.44431281671e-07, 3.90599325328e-07, 3.25135459889e-07],
        "min": [3.2975379803e-24, 7.80200790203e-24, 1.60065746794e-23, 9.10577488617e-24, 4.77715665414e-24, 6.2880035702e-24, 5.90752451713e-24, 1.73519737979e-23, 1.05630139706e-23, 1.23200391316e-23, 1.73292498706e-23, 1.02509753063e-23, 9.44510892658e-24, 1.0724907161e-23, 1.5632566258e-23, 7.14318046185e-24, 1.48843348448e-23, 5.8230390919e-24, 6.75584896852e-24, 4.29826444213e-24, 8.32918707892e-24, 1.3646836121e-23, 1.15330044394e-23, 1.0511282839e-23, 1.11326172981e-23, 1.05261118463e-23, 8.91390182592e-24, 8.87941598258e-24, 1.15496927918e-23, 5.99620747123e-24, 3.90324352713e-24, 1.24301727914e-23, 8.77888591541e-24, 9.93611252007e-24, 1.28349743984e-23, 1.36086031884e-23, 1.12214761681e-23, 1.10382482346e-23, 9.86625888691e-24, 1.11939599109e-23],
        "var": [8.12365578895e-06, 7.25538984625e-06, 1.8785294742e-06, 2.85816372525e-06, 5.79588402161e-07, 2.53667025163e-07, 1.42406634041e-07, 1.72045986346e-07, 2.05203605219e-07, 1.41389662645e-07, 1.96957401499e-07, 4.41932757056e-09, 6.47710196588e-09, 3.42752448645e-09, 4.19626289272e-09, 1.7453213319e-09, 1.71441638663e-09, 1.37007294398e-09, 6.6484179273e-10, 5.54225887406e-10, 1.53533175062e-09, 8.48766001926e-10, 3.41635636447e-10, 2.56585142022e-10, 3.259349457e-10, 2.25263002696e-10, 4.55275400713e-10, 1.88264806522e-10, 7.93888635386e-11, 7.92960141993e-11, 6.64378344006e-11, 4.54341876621e-11, 8.85304884957e-11, 7.14853246042e-11, 7.90876045209e-11, 4.14621947886e-11, 1.51107928253e-11, 5.88388148967e-12, 4.88245208152e-12, 2.47355781691e-12]
    },
    "mfcc": {
        "mean": [-624.56427002, 135.075073242, 18.7852535248, 28.7749938965, 6.58995676041, 4.74347257614, -4.1085524559, 8.96080875397, -3.20032262802, 1.35816979408, -2.13195490837, -1.21666538715, -2.16267633438],
        "cov": [[9048.05175781, -3318.82324219, -862.409606934, -250.294235229, -908.467834473, 127.457199097, -102.025909424, 14.4682588577, 197.693084717, 326.683624268, -20.1343955994, 28.6214122772, -24.5074195862], [-3318.82324219, 2762.17041016, -324.120178223, 28.6350765228, 501.680175781, -250.95098877, 72.9393157959, 34.8116569519, -31.3551063538, -128.245986938, 64.1828384399, 19.8997058868, 10.5092487335], [-862.409606934, -324.120178223, 868.946655273, -24.8193531036, 27.942533493, 173.85168457, -27.934425354, 63.5893173218, -63.9348831177, -21.9014587402, 35.5138397217, 2.16222953796, 39.0618515015], [-250.294235229, 28.6350765228, -24.8193531036, 226.841156006, 3.94689178467, -3.39574813843, 58.9681510925, -51.3293151855, 18.0782546997, 1.41948950291, -27.4321098328, 3.30434632301, -3.64850306511], [-908.467834473, 501.680175781, 27.942533493, 3.94689178467, 264.504394531, -20.4505519867, -10.0072402954, 32.2153091431, -6.04818487167, -25.6305656433, 10.1550092697, 3.31303048134, 3.97033762932], [127.457199097, -250.95098877, 173.85168457, -3.39574813843, -20.4505519867, 138.429580688, -9.7704000473, 25.2312488556, -4.95450639725, 3.58874678612, 12.4875183105, 1.49719774723, 8.62277412415], [-102.025909424, 72.9393157959, -27.934425354, 58.9681510925, -10.0072402954, -9.7704000473, 143.141723633, -19.1349544525, 8.10294342041, 10.3008928299, -0.320324122906, 11.4770793915, -4.63510894775], [14.4682588577, 34.8116569519, 63.5893173218, -51.3293151855, 32.2153091431, 25.2312488556, -19.1349544525, 123.268486023, -5.64691877365, -3.5321586132, 33.378692627, -0.257681906223, 16.1544952393], [197.693084717, -31.3551063538, -63.9348831177, 18.0782546997, -6.04818487167, -4.95450639725, 8.10294342041, -5.64691877365, 89.309173584, 25.8379688263, -16.9220848083, 3.14322447777, -6.49994564056], [326.683624268, -128.245986938, -21.9014587402, 1.41948950291, -25.6305656433, 3.58874678612, 10.3008928299, -3.5321586132, 25.8379688263, 88.4585723877, 10.2359132767, 1.65254664421, -1.45765984058], [-20.1343955994, 64.1828384399, 35.5138397217, -27.4321098328, 10.1550092697, 12.4875183105, -0.320324122906, 33.378692627, -16.9220848083, 10.2359132767, 85.0446777344, 10.3210802078, 5.02245521545], [28.6214122772, 19.8997058868, 2.16222953796, 3.30434632301, 3.31303048134, 1.49719774723, 11.4770793915, -0.257681906223, 3.14322447777, 1.65254664421, 10.3210802078, 63.7816619873, 17.2227954865], [-24.5074195862, 10.5092487335, 39.0618515015, -3.64850306511, 3.97033762932, 8.62277412415, -4.63510894775, 16.1544952393, -6.49994564056, -1.45765984058, 5.02245521545, 17.2227954865, 58.1170158386]],
