{
"lowlevel": {
    "average_loudness": 0.00521384971216,
    "barkbands_crest": {
        "dmean": 1.81260180473,
        "dmean2": 2.75455498695,
        "dvar": 4.09676790237,
        "dvar2": 9.87809944153,
        "max": 26.8708648682,
        "mean": 12.6003093719,
        "median": 11.6225309372,
        "min": 2.6236011982,
        "var": 26.0665988922
    },
    "barkbands_flatness_db": {
        "dmean": 0.0142527958378,
        "dmean2": 0.0215137675405,
        "dvar": 0.000254308513831,
        "dvar2": 0.000550136959646,
        "max": 0.650896906853,
        "mean": 0.264697104692,
        "median": 0.220256462693,
        "min": 0.020641406998,
        "var": 0.0140623431653
    },
    "barkbands_kurtosis": {
        "dmean": 2.43121814728,
        "dmean2": 3.55168747902,
        "dvar": 88.5181655884,
        "dvar2": 159.661209106,
        "max": 855.638549805,
        "mean": 6.46566915512,
        "median": 2.74943304062,
        "min": -1.9078694582,
        "var": 432.803466797
    },
    "barkbands_skewness": {
        "dmean": 0.39699369669,
        "dmean2": 0.600020766258,
        "dvar": 0.304472655058,
        "dvar2": 0.675827503204,
        "max": 10.1565160751,
        "mean": 0.925450026989,
        "median": 1.00118172169,
        "min": -19.9520874023,
        "var": 2.68222308159
    },
    "barkbands_spread": {
        "dmean": 1.56674861908,
        "dmean2": 2.39930105209,
        "dvar": 3.90177559853,
        "dvar2": 9.02996635437,
        "max": 94.5613479614,
        "mean": 8.40498256683,
        "median": 7.60617256165,
        "min": 0.029308475554,
        "var": 38.2649078369
    },
    "dissonance": {
        "dmean": 0.0311376005411,
        "dmean2": 0.053012508899,
        "dvar": 0.00118974060751,
        "dvar2": 0.0033477274701,
        "max": 0.500000119209,
        "mean": 0.388234883547,
        "median": 0.42351359129,
        "min": 0.0580695830286,
        "var": 0.00868583936244
    },
    "dynamic_complexity": 7.98836374283,
    "erbbands_crest": {
        "dmean": 2.08374929428,
        "dmean2": 3.12155580521,
        "dvar": 5.26864290237,
        "dvar2": 11.9557361603,
        "max": 33.4508705139,
        "mean": 13.2743787766,
        "median": 11.9169960022,
        "min": 2.25319290161,
        "var": 38.2637672424
    },
    "erbbands_flatness_db": {
        "dmean": 0.011903423816,
        "dmean2": 0.0176989138126,
        "dvar": 0.000183980766451,
        "dvar2": 0.000390697125113,
        "max": 0.650419533253,
        "mean": 0.302039027214,
        "median": 0.256766676903,
        "min": 0.0567144080997,
        "var": 0.0124925067648
    },
    "erbbands_kurtosis": {
        "dmean": 1.18386816978,
        "dmean2": 1.75980746746,
        "dvar": 5.76992893219,
        "dvar2": 12.5224027634,
        "max": 63.2159423828,
        "mean": 2.44593095779,
        "median": 0.548281431198,
        "min": -1.81621789932,
        "var": 37.2724266052
    },
    "erbbands_skewness": {
        "dmean": 0.275698959827,
        "dmean2": 0.405883610249,
        "dvar": 0.0923972725868,
        "dvar2": 0.196186065674,
        "max": 7.24463272095,
        "mean": 0.681067347527,
        "median": 0.702928900719,
        "min": -6.78301000595,
        "var": 1.00962293148
    },
    "erbbands_spread": {
        "dmean": 2.65556335449,
        "dmean2": 3.9866976738,
        "dvar": 9.36428260803,
        "dvar2": 21.3374481201,
        "max": 82.547164917,
        "mean": 17.3035831451,
        "median": 15.9827384949,
        "min": 0.24978543818,
        "var": 137.591598511
    },
    "hfc": {
        "dmean": 2.44328761101,
        "dmean2": 3.72087144852,
        "dvar": 88.8736877441,
        "dvar2": 204.387695312,
        "max": 288.559326172,
        "mean": 8.03976726532,
        "median": 2.665610075,
        "min": 1.04435820587e-16,
        "var": 347.885681152
    },
    "melbands_crest": {
        "dmean": 2.13182663918,
        "dmean2": 3.20531511307,
        "dvar": 5.45756673813,
        "dvar2": 12.6149501801,
        "max": 38.2923240662,
        "mean": 15.1821460724,
        "median": 14.1858501434,
        "min": 1.56569051743,
        "var": 38.8246459961
    },
    "melbands_flatness_db": {
        "dmean": 0.0143994372338,
        "dmean2": 0.0216474216431,
        "dvar": 0.000254056765698,
        "dvar2": 0.00056209100876,
        "max": 0.751511633396,
        "mean": 0.342849582434,
        "median": 0.288258045912,
        "min": 0.00353133212775,
        "var": 0.0214825868607
    },
    "melbands_kurtosis": {
        "dmean": 2.32105660439,
        "dmean2": 3.46262645721,
        "dvar": 16.4340305328,
        "dvar2": 37.4746627808,
        "max": 149.189529419,
        "mean": 6.75169181824,
        "median": 3.98320245743,
        "min": -1.87454688549,
        "var": 83.4961395264
    },
    "melbands_skewness": {
        "dmean": 0.379902094603,
        "dmean2": 0.562550604343,
        "dvar": 0.18039919436,
        "dvar2": 0.390488296747,
        "max": 8.45051574707,
        "mean": 1.34587037563,
        "median": 1.33860433102,
        "min": -9.24464797974,
        "var": 2.26802039146
    },
    "melbands_spread": {
        "dmean": 2.18453526497,
        "dmean2": 3.33655261993,
        "dvar": 10.2035732269,
        "dvar2": 24.7605381012,
        "max": 166.15322876,
        "mean": 12.5499048233,
        "median": 10.1566295624,
        "min": 0.302348017693,
        "var": 227.779342651
    },
    "pitch_salience": {
        "dmean": 0.0462664365768,
        "dmean2": 0.0720552876592,
        "dvar": 0.00236414000392,
        "dvar2": 0.00560986064374,
        "max": 0.941957712173,
        "mean": 0.501416146755,
        "median": 0.509607434273,
        "min": 0.0614537708461,
        "var": 0.0165443439037
    },
    "silence_rate_20dB": {
        "dmean": 0,
        "dmean2": 0,
        "dvar": 0,
        "dvar2": 0,
        "max": 1,
        "mean": 1,
        "median": 1,
        "min": 1,
        "var": 0
    },
    "silence_rate_30dB": {
        "dmean": 0.0100755663589,
        "dmean2": 0.0201528258622,
        "dvar": 0.00997393205762,
        "dvar2": 0.0231051202863,
        "max": 1,
        "mean": 0.986818909645,
        "median": 1,
        "min": 0,
        "var": 0.0130070485175
    },
    "silence_rate_60dB": {
        "dmean": 0.0295549966395,
        "dmean2": 0.0591149553657,
        "dvar": 0.0286851935089,
        "dvar2": 0.0625004768372,
        "max": 1,
        "mean": 0.383175224066,
        "median": 0,
        "min": 0,
        "var": 0.236327201128
    },
    "spectral_centroid": {
        "dmean": 71.5352172852,
        "dmean2": 109.839500427,
        "dvar": 21186.265625,
        "dvar2": 41633.1679688,
        "max": 11532.0234375,
        "mean": 819.11517334,
        "median": 696.421813965,
        "min": 260.684509277,
        "var": 690365
    },
    "spectral_complexity": {
        "dmean": 1.12476909161,
        "dmean2": 1.88294565678,
        "dvar": 1.75531280041,
        "dvar2": 4.55270957947,
        "max": 38,
        "mean": 8.73889636993,
        "median": 8,
        "min": 0,
        "var": 43.2111473083
    },
    "spectral_decrease": {
        "dmean": 8.23407619865e-10,
        "dmean2": 1.23007448671e-09,
        "dvar": 7.03585436095e-18,
        "dvar2": 1.6240200748e-17,
        "max": 5.42976243331e-18,
        "mean": -3.00566926903e-09,
        "median": -1.24530386003e-09,
        "min": -7.38242533771e-08,
        "var": 3.16676369872e-17
    },
    "spectral_energy": {
        "dmean": 0.00332211679779,
        "dmean2": 0.00496864505112,
        "dvar": 0.000117825773486,
        "dvar2": 0.000271869823337,
        "max": 0.304801940918,
        "mean": 0.0120732970536,
        "median": 0.00496157212183,
        "min": 9.58088326059e-21,
        "var": 0.000524675182533
    },
    "spectral_energyband_high": {
        "dmean": 7.42494330552e-06,
        "dmean2": 1.21389757624e-05,
        "dvar": 5.08748820849e-10,
        "dvar2": 1.3163964363e-09,
        "max": 0.00144998834003,
        "mean": 3.268204091e-05,
        "median": 5.28701730218e-06,
        "min": 6.91003823169e-21,
        "var": 8.17154077737e-09
    },
    "spectral_energyband_low": {
        "dmean": 0.000271697848802,
        "dmean2": 0.000415791000705,
        "dvar": 4.15927218e-07,
        "dvar2": 1.17500007946e-06,
        "max": 0.0229474902153,
        "mean": 0.000936507072765,
        "median": 0.000170520681422,
        "min": 9.73658672017e-24,
        "var": 3.07017626255e-06
    },
    "spectral_energyband_middle_high": {
        "dmean": 0.0022245303262,
        "dmean2": 0.00348148168996,
        "dvar": 0.000106571984361,
        "dvar2": 0.00025160779478,
        "max": 0.273344635963,
        "mean": 0.0044800825417,
        "median": 0.000667701591738,
        "min": 1.23692440781e-21,
        "var": 0.000248163123615
    },
    "spectral_energyband_middle_low": {
        "dmean": 0.00192089902703,
        "dmean2": 0.00265749101527,
        "dvar": 3.03017131955e-05,
        "dvar2": 6.51480804663e-05,
        "max": 0.174581155181,
        "mean": 0.00720670213923,
        "median": 0.00320943677798,
        "min": 1.81577238995e-22,
        "var": 0.00014238426229
    },
    "spectral_entropy": {
        "dmean": 0.101632833481,
        "dmean2": 0.152674689889,
        "dvar": 0.0164545811713,
        "dvar2": 0.0366086177528,
        "max": 9.81755638123,
        "mean": 6.19668149948,
        "median": 6.59786701202,
        "min": 3.31488347054,
        "var": 1.06636929512
    },
    "spectral_flux": {
        "dmean": 0.0092327510938,
        "dmean2": 0.0152864446864,
        "dvar": 0.000416603987105,
        "dvar2": 0.00109604117461,
        "max": 0.381589353085,
        "mean": 0.0311527568847,
        "median": 0.0217769443989,
        "min": 6.32217125873e-11,
        "var": 0.00158193090465
    },
    "spectral_kurtosis": {
        "dmean": 15.8595170975,
        "dmean2": 27.5313968658,
        "dvar": 1087.14575195,
        "dvar2": 3156.484375,
        "max": 754.796630859,
        "mean": 64.2245941162,
        "median": 13.5403938293,
        "min": -1.2588365078,
        "var": 8799.18359375
    },
    "spectral_rms": {
        "dmean": 0.000306164030917,
        "dmean2": 0.000437582930317,
        "dvar": 3.57019615649e-07,
        "dvar2": 7.99983808975e-07,
        "max": 0.0172443538904,
        "mean": 0.00260179722682,
        "median": 0.00220012688078,
        "min": 3.05731958847e-12,
        "var": 5.00948726767e-06
    },
    "spectral_rolloff": {
        "dmean": 117.545707703,
        "dmean2": 199.914962769,
        "dvar": 71872.4765625,
        "dvar2": 163469.34375,
        "max": 19530.6152344,
        "mean": 1056.54345703,
        "median": 796.728515625,
        "min": 21.533203125,
        "var": 4110541.75
    },
    "spectral_skewness": {
        "dmean": 0.647657036781,
        "dmean2": 1.12130558491,
        "dvar": 0.742621183395,
        "dvar2": 2.07212710381,
        "max": 22.0832080841,
        "mean": 4.90280056,
        "median": 2.51768827438,
        "min": -0.0590630397201,
        "var": 18.5063972473
    },
    "spectral_spread": {
        "dmean": 239789.484375,
        "dmean2": 415160.28125,
        "dvar": 296211808256,
        "dvar2": 565681913856,
        "max": 42101384,
        "mean": 2261050.5,
        "median": 2194690,
        "min": 127790.320312,
        "var": 8.91232767181e+12
    },
    "spectral_strongpeak": {
        "dmean": 0.335473537445,
        "dmean2": 0.517160475254,
        "dvar": 0.592239141464,
        "dvar2": 1.22374010086,
        "max": 17.5627231598,
        "mean": 0.984249413013,
        "median": 0.516776323318,
        "min": 0,
        "var": 2.19184494019
    },
    "zerocrossingrate": {
        "dmean": 0.00294239679351,
        "dmean2": 0.00381289073266,
        "dvar": 2.79547639366e-05,
        "dvar2": 3.99741402362e-05,
        "max": 0.53369140625,
        "mean": 0.0387306921184,
        "median": 0.03173828125,
        "min": 0.00146484375,
        "var": 0.00294393394142
    },
    "barkbands": {
        "dmean": [2.38149532379e-05, 0.000190428458154, 8.68886418175e-05, 6.8938556069e-05, 0.000264574948233, 0.000376466865418, 0.000622393738013, 0.000306477100821, 0.000549723219592, 0.00145869224798, 0.00083072198322, 0.000110886627226, 9.37124568736e-05, 8.76955891727e-05, 6.854700041e-05, 5.67025454075e-05, 3.86442698073e-05, 2.19112698687e-05, 1.79576072696e-05, 9.43988379731e-06, 4.61030504084e-06, 1.9669807898e-06, 1.19192463899e-06, 6.57324562781e-07, 2.8386455142e-07, 9.82335777167e-08, 2.8421677456e-08],
        "dmean2": [3.37375058734e-05, 0.000291958625894, 0.000131452587084, 0.000104122394987, 0.000361490005162, 0.000552690064069, 0.000805933668744, 0.000374214025214, 0.000778655114118, 0.00222217012197, 0.00130833417643, 0.000161563555594, 0.000142688455526, 0.000144463629113, 0.000111897272291, 9.57232987275e-05, 6.61134763504e-05, 3.64544648619e-05, 3.03089818772e-05, 1.56325058924e-05, 7.74868294684e-06, 3.24782195094e-06, 1.98462089429e-06, 1.01919306417e-06, 4.14933737147e-07, 1.4208490029e-07, 3.25489715181e-08],
        "dvar": [8.28926260965e-09, 3.07018183321e-07, 4.73374264232e-08, 2.71575970601e-08, 3.32484944465e-07, 6.56480551697e-07, 2.55974964603e-06, 1.07233188373e-06, 1.14086669782e-05, 4.77639005112e-05, 5.72313838347e-05, 1.05030864006e-07, 1.19333606108e-07, 6.17647657464e-08, 4.36158416051e-08, 2.93184978517e-08, 1.0529765504e-08, 3.34994987305e-09, 2.14013740063e-09, 5.23736720659e-10, 2.17032045113e-10, 4.40717150274e-11, 2.60836005572e-11, 9.39727722721e-12, 1.94069825314e-12, 4.45135437841e-13, 1.4721677924e-13],
        "dvar2": [1.69321641152e-08, 8.75559749147e-07, 1.3047583991e-07, 7.43513055568e-08, 6.17427986072e-07, 1.8618023887e-06, 5.31983596375e-06, 1.73390458258e-06, 3.00150059047e-05, 0.000113721747766, 0.000133919602376, 2.11104975278e-07, 2.97094629786e-07, 1.67648877891e-07, 1.05942760342e-07, 8.58717967844e-08, 2.95998976441e-08, 8.49945447357e-09, 6.31967855824e-09, 1.45328837853e-09, 6.27395080333e-10, 1.19475970783e-10, 7.55153509169e-11, 2.37128199021e-11, 3.54775670647e-12, 8.0013404756e-13, 1.44509716151e-13],
        "max": [0.00669373013079, 0.017536893487, 0.00555092003196, 0.00543485302478, 0.0247643701732, 0.0254481397569, 0.058374684304, 0.0606107451022, 0.159929484129, 0.152557358146, 0.25221401453, 0.0123751424253, 0.0167372785509, 0.00769494101405, 0.00751606468111, 0.00484128622338, 0.0027401233092, 0.00245807925239, 0.00111540069338, 0.000704562640749, 0.000533146958333, 0.000380932993721, 0.000263553403784, 0.000164018390933, 0.000101459452708, 4.70506965939e-05, 3.18593447446e-05],
        "mean": [7.82779607107e-05, 0.0005510210176, 0.00022777049162, 0.000198026798898, 0.00106344476808, 0.00116835779045, 0.00192262150813, 0.000878870661836, 0.00124422390945, 0.00248000398278, 0.00130684988108, 0.000233662241953, 0.000184308824828, 0.000138308911119, 0.000113602269266, 9.2367605248e-05, 6.36932818452e-05, 4.37493072241e-05, 3.61276179319e-05, 2.20539659495e-05, 1.17473082355e-05, 6.21635990683e-06, 3.99839882448e-06, 2.46389367931e-06, 1.11424526494e-06, 3.67189301187e-07, 7.63145706628e-08],
        "median": [1.39844109981e-06, 1.0519161151e-05, 4.23554483859e-05, 3.89928609366e-05, 0.000384064536775, 0.000538451480679, 0.000323090353049, 0.000120965371025, 0.000148350591189, 0.00011120223644, 2.53137586697e-05, 4.7001245548e-05, 2.82006476482e-05, 2.80242693407e-05, 1.81889081432e-05, 2.20040201384e-05, 1.41654209074e-05, 1.41343489304e-05, 1.11792187454e-05, 5.57387193112e-06, 1.73856710717e-06, 6.82940083152e-07, 2.42235131509e-07, 1.20487442246e-07, 6.30933527646e-08, 2.25674448018e-08, 2.98277558208e-09],
        "min": [2.89289172966e-25, 1.99666217138e-24, 7.81393547892e-25, 1.2303025374e-24, 4.8847635925e-24, 4.26310333386e-24, 6.70883680288e-24, 7.83856687183e-24, 2.20892428836e-23, 2.00986722961e-23, 2.19658303282e-23, 2.5111746087e-23, 2.97693354882e-23, 4.60582592628e-23, 4.27786110701e-23, 5.1079305282e-23, 7.98381131061e-23, 1.24143305712e-22, 1.28939668368e-22, 2.05292038637e-22, 2.47065681934e-22, 3.64824515459e-22, 3.48376222849e-22, 6.21963383174e-22, 9.45122310347e-22, 1.26345638752e-21, 1.96812460433e-21],
        "var": [9.79971375159e-08, 1.69945644757e-06, 1.96482204728e-07, 1.84010943372e-07, 3.91088633478e-06, 3.00242322737e-06, 1.81286723091e-05, 6.56001066091e-06, 3.0174947824e-05, 0.00010958758503, 0.000115899332741, 3.82115132425e-07, 2.90209072773e-07, 1.035759567e-07, 9.20497740253e-08, 4.36043734453e-08, 2.09144044305e-08, 1.05825241903e-08, 5.03936670171e-09, 2.07802153263e-09, 1.03280795027e-09, 3.48747197787e-10, 1.95030089301e-10, 8.66095389851e-11, 1.99564514219e-11, 3.36313897738e-12, 7.26454270003e-13]
    },
    "erbbands": {
        "dmean": [0.00685791904107, 0.0416694991291, 0.0959263145924, 0.162467002869, 0.466368168592, 0.925024032593, 2.64311790466, 3.01107859612, 9.17961597443, 5.69542598724, 9.12797832489, 11.576218605, 38.6524963379, 42.0459785461, 16.1977806091, 3.80441975594, 4.72515392303, 2.69837450981, 3.87955904007, 3.29581618309, 2.56987500191, 2.4136967659, 1.15527999401, 1.04355859756, 0.678832769394, 0.39670920372, 0.223229125142, 0.15820761025, 0.0780840367079, 0.048933185637, 0.031930975616, 0.0171612333506, 0.00969310943037, 0.00464310823008, 0.00191463902593, 0.000616140197963, 0.000167187710758, 3.23396161548e-05, 5.50650338482e-06, 4.00108456233e-06],
        "dmean2": [0.00988878589123, 0.0654548332095, 0.146310925484, 0.253684699535, 0.677986264229, 1.31809341908, 3.65576648712, 4.37977933884, 12.0883979797, 6.96380996704, 11.873342514, 16.2689571381, 56.6489944458, 64.3824691772, 27.808380127, 5.84040212631, 7.09494543076, 4.32962322235, 6.45745229721, 5.43063783646, 4.37585306168, 4.12511634827, 1.94136822224, 1.73978924751, 1.13340747356, 0.663221597672, 0.377650976181, 0.269268423319, 0.129058152437, 0.0810393095016, 0.0527720227838, 0.026117708534, 0.0154853966087, 0.00710853980854, 0.00283157289959, 0.000929096131586, 0.000238083186559, 4.10521170124e-05, 6.90864726494e-06, 5.88554030401e-06],
        "dvar": [0.000528766075149, 0.0127461906523, 0.0499191582203, 0.172003492713, 1.40600347519, 5.76996088028, 30.5602283478, 36.4897842407, 671.142333984, 305.405700684, 1634.30895996, 6859.68212891, 40885.6601562, 65450.0859375, 18244.7226562, 135.206848145, 273.801971436, 55.6926422119, 98.0186004639, 113.741233826, 41.5447769165, 45.1866455078, 9.13495922089, 8.09530067444, 2.17013049126, 0.956475734711, 0.534648358822, 0.317454457283, 0.0698120072484, 0.0354574508965, 0.0202373377979, 0.00521720480174, 0.00238427426666, 0.000486461533001, 0.000114879199828, 1.30862608785e-05, 1.58520003879e-06, 8.51935766377e-08, 3.84054477109e-09, 1.89906007586e-10],
        "dvar2": [0.00143764016684, 0.0367868021131, 0.132096290588, 0.517799258232, 3.11505579948, 10.3411073685, 77.4730224609, 88.526473999, 1498.1862793, 397.903015137, 4266.10351562, 16671.5019531, 85346.6171875, 124356.242188, 54898.140625, 321.036682129, 660.070983887, 142.506744385, 267.051818848, 309.768768311, 118.996116638, 126.82938385, 23.161108017, 21.8398685455, 6.03557634354, 2.66687655449, 1.53931665421, 0.938920855522, 0.193612784147, 0.0968220606446, 0.0583562962711, 0.0125861344859, 0.00608083605766, 0.00104322656989, 0.000243740811129, 2.67412560788e-05, 2.54111341746e-06, 1.17296103497e-07, 4.18974099858e-09, 3.99777322357e-10],
        "max": [0.741873264313, 3.29624700546, 5.29836463928, 12.0582408905, 43.1866035461, 150.091674805, 150.081878662, 193.436782837, 1032.09936523, 965.410583496, 1470.35998535, 4845.875, 4816.32763672, 8235.04882812, 5523.16845703, 430.775604248, 763.328735352, 208.971725464, 318.65057373, 291.14239502, 176.801391602, 185.752624512, 167.755310059, 125.533432007, 38.9051856995, 20.5594539642, 27.8430500031, 17.1971511841, 13.6705532074, 9.30944824219, 7.64608287811, 3.87871956825, 2.48785448074, 1.47148323059, 0.72673279047, 0.220828324556, 0.0850409418344, 0.0230913348496, 0.0050265295431, 0.000498398207128],
        "mean": [0.0204005781561, 0.105152510107, 0.271433472633, 0.472718805075, 1.34102976322, 3.29781103134, 9.70560264587, 9.9274930954, 27.5981998444, 19.3657989502, 25.122838974, 26.252696991, 67.1010437012, 71.3010940552, 28.1957149506, 8.82770347595, 9.74337482452, 5.22996664047, 6.77356004715, 6.30303001404, 4.69456720352, 4.22007751465, 2.49064946175, 2.18890762329, 1.65002954006, 0.987066030502, 0.549897134304, 0.393206894398, 0.238181948662, 0.155642062426, 0.105636119843, 0.0622425973415, 0.0341934524477, 0.0159065779299, 0.00659848423675, 0.00223151245154, 0.000600532046519, 0.000110892942757, 1.88007870747e-05, 1.45970207086e-05],
        "median": [0.000200185153517, 0.00452820304781, 0.0532369948924, 0.150862365961, 0.472514331341, 1.19976425171, 4.06936836243, 4.35298681259, 5.69560289383, 2.62731480598, 3.72616887093, 2.97250318527, 4.34613466263, 3.53308200836, 1.95238184929, 1.88234293461, 1.76003789902, 1.39666640759, 1.59595954418, 1.68534040451, 1.32534348965, 1.17530965805, 0.930899679661, 0.804990947247, 0.54986935854, 0.256444454193, 0.101228766143, 0.0498237386346, 0.027708100155, 0.0128290411085, 0.00664826435968, 0.00311751500703, 0.00174868211616, 0.000876064645126, 0.000338908546837, 0.000126187194837, 3.85634193663e-05, 7.51525431042e-06, 3.36329912898e-06, 5.76590628043e-06],
        "min": [7.93656422218e-23, 4.25986504406e-22, 9.12065983948e-22, 6.88668572746e-21, 2.87805498403e-21, 1.93689009476e-20, 4.34366207519e-20, 5.64248524026e-20, 1.51327652435e-19, 2.25937120639e-19, 2.48134848419e-19, 4.5533180454e-19, 6.21605188927e-19, 6.90474644065e-19, 1.36723659813e-18, 1.34158076425e-18, 1.45338621816e-18, 2.11048226335e-18, 3.5490721849e-18, 3.49683696999e-18, 3.87182813375e-18, 5.06452538333e-18, 5.95365727427e-18, 5.24357607154e-18, 6.88374122297e-18, 9.81965295752e-18, 9.2456069832e-18, 1.11820276982e-17, 1.08128321754e-17, 9.70195508252e-18, 1.13941813273e-17, 1.27495208969e-17, 1.19364395779e-17, 8.78025585009e-18, 6.30397239959e-18, 3.67086005444e-18, 2.48912253438e-18, 9.65598017728e-19, 2.46507758305e-19, 2.7236492019e-20],
        "var": [0.00335180200636, 0.0526787303388, 0.247001394629, 0.754525780678, 7.16465139389, 49.8251876831, 239.291625977, 232.368041992, 3955.75390625, 3729.93261719, 5469.2578125, 17636.359375, 94599.5546875, 136283.46875, 34054.9179688, 491.480072021, 717.660583496, 126.924743652, 209.260574341, 293.565185547, 84.1734390259, 90.1100311279, 31.5018253326, 23.3369312286, 8.01120662689, 3.78707671165, 2.10897421837, 1.27596926689, 0.490501493216, 0.276687026024, 0.142980143428, 0.0487950108945, 0.0186306778342, 0.0040121730417, 0.000817873282358, 9.99141193461e-05, 1.13296373456e-05, 5.43916996776e-07, 1.94188949365e-08, 8.97153629165e-10]
    },
    "gfcc": {
        "mean": [-216.696334839, 163.855636597, -128.495407104, -27.1219806671, -59.9401359558, -11.7127733231, -33.6705055237, -4.6499209404, -14.2183160782, -4.89396762848, -7.54628324509, -3.65972471237, -0.7733964324],
        "cov": [[38976.8515625, -1734.81970215, -5766.19189453, 6800.27832031, -574.500183105, -573.222351074, -490.569213867, 669.951049805, -986.846862793, -567.566650391, -140.768661499, -165.314956665, 123.358970642], [-1734.81970215, 2380.94287109, 862.611694336, -1438.86132812, 150.243667603, -94.0422821045, 62.7270355225, -230.054519653, 269.751037598, -11.0069561005, 89.6120300293, -101.446502686, 39.6280517578], [-5766.19189453, 862.611694336, 1583.10461426, -1269.55285645, 14.9408969879, 188.485961914, 161.57875061, -70.3507766724, 283.52166748, 169.324539185, 57.910369873, 16.2511367798, -3.28877258301], [6800.27832031, -1438.86132812, -1269.55285645, 2661.15844727, 202.033706665, -51.3397789001, -22.0778083801, 243.182617188, -345.751220703, -124.005691528, -44.7125358582, -28.3293170929, -31.571308136], [-574.500183105, 150.243667603, 14.9408969879, 202.033706665, 382.500793457, 79.7774276733, 86.7149810791, 9.91216754913, 5.91359996796, -22.6464481354, 29.1626987457, -9.48452472687, -12.3072309494], [-573.222351074, -94.0422821045, 188.485961914, -51.3397789001, 79.7774276733, 352.2472229, 212.912384033, 134.215911865, 95.0346984863, 92.6881332397, 45.5670280457, 57.5372390747, -2.4852616787], [-490.569213867, 62.7270355225, 161.57875061, -22.0778083801, 86.7149810791, 212.912384033, 310.417663574, 194.512451172, 147.380050659, 72.2330551147, 60.4555587769, 16.4703388214, -6.20149517059], [669.951049805, -230.054519653, -70.3507766724, 243.182617188, 9.91216754913, 134.215911865, 194.512451172, 285.376068115, 141.845474243, 79.241104126, 17.4742069244, 6.985891819, -17.2887306213], [-986.846862793, 269.751037598, 283.52166748, -345.751220703, 5.91359996796, 95.0346984863, 147.380050659, 141.845474243, 275.995391846, 133.927444458, 49.0016784668, -9.75212955475, 3.81032943726], [-567.566650391, -11.0069561005, 169.324539185, -124.005691528, -22.6464481354, 92.6881332397, 72.2330551147, 79.241104126, 133.927444458, 163.647033691, 64.8655929565, 16.3636665344, -17.527130127], [-140.768661499, 89.6120300293, 57.910369873, -44.7125358582, 29.1626987457, 45.5670280457, 60.4555587769, 17.4742069244, 49.0016784668, 64.8655929565, 117.541130066, 50.2550735474, 7.42129039764], [-165.314956665, -101.446502686, 16.2511367798, -28.3293170929, -9.48452472687, 57.5372390747, 16.4703388214, 6.985891819, -9.75212955475, 16.3636665344, 50.2550735474, 110.400360107, 41.2128334045], [123.358970642, 39.6280517578, -3.28877258301, -31.571308136, -12.3072309494, -2.4852616787, -6.20149517059, -17.2887306213, 3.81032943726, -17.527130127, 7.42129039764, 41.2128334045, 110.482589722]],
        "icov": [[0.000183303258382, -0.000471351202577, 0.000487871846417, -0.000484728749143, 0.000696686794981, -0.00041984897689, 0.000411292014178, -0.000473116815556, 0.000188886435353, -3.99324999307e-05, -3.95345559809e-05, -1.16667906696e-05, -0.000148221617565], [-0.000471351202577, 0.00228784349747, -0.00142091687303, 0.00161840335932, -0.00219289236702, 0.00135531160049, -0.0013128137216, 0.00198522605933, -0.00158141413704, 0.00144667667337, -0.00136062374804, 0.00147068779916, -2.41365214606e-05], [0.000487871846417, -0.00142091687303, 0.00262382649817, -0.00094547419576, 0.00174972007517, -0.00135440879967, 0.000321353960317, -0.000209894933505, 2.10755715671e-05, -0.00118055951316, 0.000858474813867, -0.000552695943043, -0.000117019604659], [-0.000484728749143, 0.00161840335932, -0.00094547419576, 0.00245559564792, -0.00265784934163, 0.00136426871177, -0.000819291744847, -0.000454703724245, 0.00126947229728, -0.000185594893992, -0.000775485881604, 0.00133466091938, -0.000267227645963], [0.000696686794981, -0.00219289236702, 0.00174972007517, -0.00265784934163, 0.0064307958819, -0.0027190472465, 0.000742188305594, -0.000227503871429, -0.000539008178748, 0.00146670243703, -0.000849867879879, -2.0242681785e-05, 0.000278410880128], [-0.00041984897689, 0.00135531160049, -0.00135440879967, 0.00136426871177, -0.0027190472465, 0.00765883689746, -0.00537152308971, 0.00109566771425, 0.0010259791743, -0.00333913043141, 0.0026863082312, -0.00315145566128, 0.000501549919136], [0.000411292014178, -0.0013128137216, 0.000321353960317, -0.000819291744847, 0.000742188305594, -0.00537152308971, 0.0124947056174, -0.00810285378247, 3.07775844703e-05, 0.00372585607693, -0.00560333579779, 0.00303170760162, -0.000982182915322], [-0.000473116815556, 0.00198522605933, -0.000209894933505, -0.000454703724245, -0.000227503871429, 0.00109566771425, -0.00810285378247, 0.0161723271012, -0.00925123132765, -3.98637785111e-05, 0.00433738483116, -0.00328086828813, 0.0030004309956], [0.000188886435353, -0.00158141413704, 2.10755715671e-05, 0.00126947229728, -0.000539008178748, 0.0010259791743, 3.07775844703e-05, -0.00925123132765, 0.0162306968123, -0.00867332611233, -0.000202766837901, 0.00344601413235, -0.00397073710337], [-3.99324999307e-05, 0.00144667667337, -0.00118055951316, -0.000185594893992, 0.00146670243703, -0.00333913043141, 0.00372585607693, -3.98637785111e-05, -0.00867332611233, 0.0184987224638, -0.00945378188044, 0.00251066987403, 0.00266095576808], [-3.95345559809e-05, -0.00136062374804, 0.000858474813867, -0.000775485881604, -0.000849867879879, 0.0026863082312, -0.00560333579779, 0.00433738483116, -0.000202766837901, -0.00945378188044, 0.0200803205371, -0.0110271861777, 0.00193791743368], [-1.16667906696e-05, 0.00147068779916, -0.000552695943043, 0.00133466091938, -2.0242681785e-05, -0.00315145566128, 0.00303170760162, -0.00328086828813, 0.00344601413235, 0.00251066987403, -0.0110271861777, 0.0197433903813, -0.00691054575145], [-0.000148221617565, -2.41365214606e-05, -0.000117019604659, -0.000267227645963, 0.000278410880128, 0.000501549919136, -0.000982182915322, 0.0030004309956, -0.00397073710337, 0.00266095576808, 0.00193791743368, -0.00691054575145, 0.0126089099795]]
    },
    "melbands": {
        "dmean": [5.4440148233e-05, 5.01606155012e-05, 3.29423019139e-05, 4.82810646645e-05, 8.04650626378e-05, 7.40234609111e-05, 0.000129417079734, 6.34460229776e-05, 8.8888911705e-05, 7.10977838025e-05, 0.00020306436636, 0.000185368364328, 7.87699173088e-05, 1.37471342896e-05, 1.47941709656e-05, 7.19754780221e-06, 5.66527614865e-06, 7.59244449e-06, 5.47844138055e-06, 4.38678080172e-06, 2.65659650722e-06, 2.96825101032e-06, 1.34136098495e-06, 1.13259136469e-06, 9.08190429527e-07, 7.21051264918e-07, 4.73718841931e-07, 2.48601963904e-07, 1.89835020592e-07, 1.02472263563e-07, 8.8684281252e-08, 5.6332833509e-08, 3.56211984354e-08, 3.16633581576e-08, 2.26844178997e-08, 1.67729030665e-08, 1.09227187295e-08, 8.94828655618e-09, 5.68955371705e-09, 4.05403488557e-09],
        "dmean2": [8.1509235315e-05, 7.75514708948e-05, 5.04553790961e-05, 6.93099063938e-05, 0.000110974986455, 0.000106815627078, 0.000171023857547, 7.54359280108e-05, 0.000119906726468, 9.92815475911e-05, 0.00029882095987, 0.00028790772194, 0.000134602480102, 2.09305890166e-05, 2.22091366595e-05, 1.09711863843e-05, 9.21064474824e-06, 1.27311714095e-05, 8.85779536475e-06, 7.1980471148e-06, 4.54637029179e-06, 5.06142941958e-06, 2.27959958465e-06, 1.87287901099e-06, 1.51959056893e-06, 1.21591199331e-06, 7.82916742992e-07, 4.16392651914e-07, 3.21660479585e-07, 1.71100779767e-07, 1.51830249706e-07, 9.37742257179e-08, 5.85442414547e-08, 5.37427737868e-08, 3.78565694348e-08, 2.67210626959e-08, 1.73833161199e-08, 1.45828140674e-08, 8.77859296367e-09, 6.19285289716e-09],
        "dvar": [2.92412334346e-08, 1.28326558269e-08, 5.35329824913e-09, 1.60145070538e-08, 2.64593040811e-08, 2.2838857916e-08, 1.24881324837e-07, 3.38755548057e-08, 2.17518319801e-07, 2.32852300996e-07, 1.13065607366e-06, 1.00842930806e-06, 4.87000818339e-07, 3.60610807881e-09, 2.36288033584e-09, 5.66749647213e-10, 2.47524084562e-10, 4.38771657896e-10, 3.56345952746e-10, 2.04300174e-10, 5.00500856038e-11, 7.66700661292e-11, 1.24824569084e-11, 9.57930002682e-12, 6.67042593036e-12, 3.12152734216e-12, 1.57481764174e-12, 4.26581567379e-13, 3.87489953318e-13, 1.43505446784e-13, 9.77579697964e-14, 3.71068905041e-14, 1.68809160173e-14, 1.84764364046e-14, 1.12296248486e-14, 4.54113590671e-15, 2.46776188216e-15, 2.17789429035e-15, 8.66097329556e-16, 3.41311079063e-16],
        "dvar2": [8.21195982326e-08, 3.48120963167e-08, 1.47276502105e-08, 2.95493887137e-08, 6.45444160341e-08, 5.64506450473e-08, 2.78042534774e-07, 4.16296650485e-08, 6.06517346569e-07, 5.31341186161e-07, 2.41260568146e-06, 2.01056673177e-06, 1.36075357204e-06, 9.79759029462e-09, 5.27278665174e-09, 1.37498312736e-09, 6.56118881448e-10, 1.21643173312e-09, 8.57441062596e-10, 5.61509783115e-10, 1.43383471762e-10, 2.15224671418e-10, 3.44043959988e-11, 2.49739118274e-11, 1.81604800642e-11, 9.05753597125e-12, 4.40314668407e-12, 1.19483719793e-12, 1.09237109375e-12, 4.24472739943e-13, 2.84959312006e-13, 1.041388655e-13, 4.32056022632e-14, 5.39778691308e-14, 3.25764500824e-14, 1.22704182766e-14, 6.36016541896e-15, 5.86299350134e-15, 1.94831871549e-15, 7.63810424939e-16],
        "max": [0.00550677347928, 0.00335821509361, 0.00197632121854, 0.00693979207426, 0.00527496915311, 0.0045841592364, 0.0132902776822, 0.00875669438392, 0.0175058599561, 0.0293515678495, 0.0248191468418, 0.0303320717067, 0.0253500584513, 0.00275486125611, 0.00202286965214, 0.000885246437974, 0.000357160868589, 0.000733708497137, 0.000802400754765, 0.00041874370072, 0.000197111163288, 0.000248077325523, 0.000134378220537, 0.000101247307612, 0.000112466914288, 4.16199800384e-05, 4.16262773797e-05, 1.37592851388e-05, 2.66908100457e-05, 1.7539552573e-05, 9.98726227408e-06, 7.81482867751e-06, 7.31457294023e-06, 5.56932218387e-06, 5.60796115678e-06, 3.21263064507e-06, 2.6075056212e-06, 2.11579799725e-06, 1.61370496699e-06, 1.18253558412e-06],
        "mean": [0.000166201192769, 0.000141878655995, 0.000103445672721, 0.000150310093886, 0.000312870193738, 0.000248382566497, 0.000390938657802, 0.000202564915526, 0.000224690447794, 0.000152157939738, 0.000347261957359, 0.000302268977975, 0.00012995126599, 2.73694440693e-05, 2.81132579403e-05, 1.40845158967e-05, 9.72734960669e-06, 1.18640891742e-05, 9.1474630608e-06, 7.37033769838e-06, 4.36778054791e-06, 4.70529357699e-06, 2.45710430136e-06, 2.10186635741e-06, 1.72019917954e-06, 1.45109470395e-06, 1.01293642274e-06, 5.39507141184e-07, 3.93778378793e-07, 2.3397913651e-07, 2.06493311339e-07, 1.45325117273e-07, 9.73644063151e-08, 8.40569711613e-08, 6.40853059508e-08, 4.9156920312e-08, 3.32893250743e-08, 2.66191069187e-08, 1.66569957827e-08, 1.19255263442e-08],
        "median": [2.30526984524e-06, 2.14035626414e-05, 3.81814679713e-05, 5.76686143177e-05, 0.000129490552354, 0.000108678417746, 8.02684371592e-05, 2.2382266252e-05, 3.07331501972e-05, 1.71066112671e-05, 2.17159940803e-05, 1.61657371791e-05, 5.27903921466e-06, 4.108471785e-06, 4.76080822409e-06, 2.09919903682e-06, 2.07968719224e-06, 2.16820785681e-06, 1.68045244209e-06, 1.62556352734e-06, 9.78610955826e-07, 9.80898107628e-07, 6.64635535941e-07, 6.41288522729e-07, 5.28050577486e-07, 4.3090312829e-07, 2.63594728267e-07, 1.15716922267e-07, 5.98751483949e-08, 3.47744055773e-08, 2.38095854144e-08, 1.58628683522e-08, 8.82117223711e-09, 5.23553467247e-09, 3.82348197547e-09, 2.45804976373e-09, 1.52133050602e-09, 1.19252296926e-09, 9.25869603208e-10, 6.13333051014e-10],
        "min": [8.34199206634e-25, 4.13109051821e-25, 1.22099220378e-24, 4.66830725985e-25, 1.99844105272e-24, 1.15094046793e-24, 2.53493904347e-24, 2.57831732136e-24, 2.10817180185e-24, 2.94059183132e-24, 2.24351252584e-24, 1.5295013071e-24, 3.5538582155e-24, 3.82104579853e-24, 2.53285447853e-24, 2.76897849405e-24, 3.11498393113e-24, 5.07845182169e-24, 3.32140338926e-24, 3.39433712983e-24, 3.59012136245e-24, 5.02772727663e-24, 3.10544837772e-24, 3.835973019e-24, 3.62476182252e-24, 5.46462013961e-24, 4.91933857711e-24, 6.64839506918e-24, 4.58347434139e-24, 4.84938160317e-24, 5.57334726046e-24, 5.09472838875e-24, 5.34232540006e-24, 5.40194987386e-24, 5.72641033633e-24, 5.6286487765e-24, 7.09162603511e-24, 7.65891642244e-24, 6.21012130518e-24, 6.72178832122e-24],
        "var": [1.81386624831e-07, 6.74435156611e-08, 3.12975068084e-08, 1.04152491076e-07, 2.62594397782e-07, 1.43784518514e-07, 7.52749883759e-07, 3.6932834746e-07, 5.61889976325e-07, 6.0471955976e-07, 2.58541172116e-06, 2.03626700568e-06, 9.17559475511e-07, 9.73869784815e-09, 6.30686081138e-09, 1.38834077568e-09, 4.85765705438e-10, 7.89838361381e-10, 8.02945598899e-10, 3.53292534117e-10, 9.03932692586e-11, 1.45750314595e-10, 2.97647531622e-11, 2.36263647535e-11, 1.75604877861e-11, 7.32274310633e-12, 4.31215219782e-12, 1.35731280815e-12, 1.08829308412e-12, 5.69144612082e-13, 3.52802016117e-13, 1.85693081463e-13, 1.0989265189e-13, 8.92062031882e-14, 5.77401421489e-14, 2.7224931497e-14, 1.64326085833e-14, 1.17012502525e-14, 5.01238861614e-15, 2.31950104672e-15]
    },
    "mfcc": {
        "mean": [-818.309204102, 167.599365234, -7.11428594589, -0.211647450924, -19.4388046265, -14.7590370178, -9.99944210052, -6.37280511856, -6.93814849854, -2.28648924828, -4.58010292053, -4.764087677, -2.1571366787],
        "cov": [[19705.0996094, 2167.40576172, -3934.36938477, 2146.9855957, 893.069946289, 427.760070801, 11.701798439, 337.762481689, -47.759803772, 10.1581287384, -454.481109619, -319.50189209, -41.3530921936], [2167.40576172, 1875.60266113, -98.0762405396, 101.200798035, 132.18838501, 14.9803285599, 17.0311012268, -45.209487915, -28.2318935394, 7.58319616318, -0.0436950214207, -31.4498443604, -15.136715889], [-3934.36938477, -98.0762405396, 1479.40625, -627.399230957, -334.895263672, -77.3176193237, 5.69914150238, -27.9580078125, 90.6962738037, 105.619308472, 199.314743042, 171.662658691, 70.8621444702], [2146.9855957, 101.200798035, -627.399230957, 743.040161133, 359.6277771, 91.1630630493, 49.3838310242, 50.7919502258, -28.1856784821, -44.2774887085, -86.3997192383, -93.208114624, -30.9316387177], [893.069946289, 132.18838501, -334.895263672, 359.6277771, 369.548248291, 162.20375061, 100.197669983, 54.2917175293, 15.3323154449, -5.52425813675, -34.7551689148, -31.4308853149, -4.39650440216], [427.760070801, 14.9803285599, -77.3176193237, 91.1630630493, 162.20375061, 223.934417725, 131.06413269, 75.9818725586, 23.508890152, 4.3051700592, 3.23234248161, 27.6138114929, 39.110748291], [11.701798439, 17.0311012268, 5.69914150238, 49.3838310242, 100.197669983, 131.06413269, 186.204086304, 122.825889587, 54.2898139954, 20.0062503815, 23.5967597961, 47.4457092285, 52.6085205078], [337.762481689, -45.209487915, -27.9580078125, 50.7919502258, 54.2917175293, 75.9818725586, 122.825889587, 206.590301514, 132.754501343, 69.6289901733, 39.1980743408, 60.7915687561, 59.5133018494], [-47.759803772, -28.2318935394, 90.6962738037, -28.1856784821, 15.3323154449, 23.508890152, 54.2898139954, 132.754501343, 202.922103882, 150.184661865, 84.7635269165, 57.784450531, 48.6442756653], [10.1581287384, 7.58319616318, 105.619308472, -44.2774887085, -5.52425813675, 4.3051700592, 20.0062503815, 69.6289901733, 150.184661865, 210.493682861, 136.05430603, 67.5918731689, 23.131986618], [-454.481109619, -0.0436950214207, 199.314743042, -86.3997192383, -34.7551689148, 3.23234248161, 23.5967597961, 39.1980743408, 84.7635269165, 136.05430603, 200.369018555, 129.5703125, 37.7174377441], [-319.50189209, -31.4498443604, 171.662658691, -93.208114624, -31.4308853149, 27.6138114929, 47.4457092285, 60.7915687561, 57.784450531, 67.5918731689, 129.5703125, 186.255249023, 106.942855835], [-41.3530921936, -15.136715889, 70.8621444702, -30.9316387177, -4.39650440216, 39.110748291, 52.6085205078, 59.5133018494, 48.6442756653, 23.131986618, 37.7174377441, 106.942855835, 156.04057312]],
