{
"lowlevel": {
    "average_loudness": 0.917369484901,
    "barkbands_crest": {
        "dmean": 2.32469725609,
        "dmean2": 3.71187663078,
        "dvar": 6.10569858551,
        "dvar2": 14.2271633148,
        "max": 25.841375351,
        "mean": 8.76147174835,
        "median": 7.72850608826,
        "min": 2.47822928429,
        "var": 15.2386226654
    },
    "barkbands_flatness_db": {
        "dmean": 0.0211487114429,
        "dmean2": 0.0322756357491,
        "dvar": 0.000598405895289,
        "dvar2": 0.00133114715572,
        "max": 0.523687779903,
        "mean": 0.139114186168,
        "median": 0.126236692071,
        "min": 0.0211627185345,
        "var": 0.00502811465412
    },
    "barkbands_kurtosis": {
        "dmean": 2.94097828865,
        "dmean2": 4.77635717392,
        "dvar": 82.934463501,
        "dvar2": 219.097244263,
        "max": 288.063293457,
        "mean": 3.28134775162,
        "median": 0.809860229492,
        "min": -1.9410187006,
        "var": 106.263000488
    },
    "barkbands_skewness": {
        "dmean": 0.544886529446,
        "dmean2": 0.840737521648,
        "dvar": 0.594265580177,
        "dvar2": 1.33496379852,
        "max": 14.6238622665,
        "mean": 1.37186419964,
        "median": 1.21949005127,
        "min": -7.92490816116,
        "var": 1.69956469536
    },
    "barkbands_spread": {
        "dmean": 6.2428650856,
        "dmean2": 9.6069688797,
        "dvar": 59.1400642395,
        "dvar2": 128.352767944,
        "max": 112.616516113,
        "mean": 27.0088691711,
        "median": 22.4307289124,
        "min": 0.39654558897,
        "var": 293.650146484
    },
    "dissonance": {
        "dmean": 0.0170317646116,
        "dmean2": 0.0284957699478,
        "dvar": 0.000434643472545,
        "dvar2": 0.00118499167729,
        "max": 0.5,
        "mean": 0.466344594955,
        "median": 0.476124376059,
        "min": 0.0976781174541,
        "var": 0.00107825640589
    },
    "dynamic_complexity": 2.29684185982,
    "erbbands_crest": {
        "dmean": 2.35514450073,
        "dmean2": 3.81338238716,
        "dvar": 5.15453147888,
        "dvar2": 12.7987251282,
        "max": 30.5982494354,
        "mean": 8.55920028687,
        "median": 7.54832792282,
        "min": 2.32179450989,
        "var": 16.0532894135
    },
    "erbbands_flatness_db": {
        "dmean": 0.0157940350473,
        "dmean2": 0.0223857983947,
        "dvar": 0.000278116611298,
        "dvar2": 0.000522643094882,
        "max": 0.52236187458,
        "mean": 0.161489665508,
        "median": 0.148219794035,
        "min": 0.0533646792173,
        "var": 0.00332813966088
    },
    "erbbands_kurtosis": {
        "dmean": 0.821410238743,
        "dmean2": 1.30348134041,
        "dvar": 2.94611382484,
        "dvar2": 7.77101564407,
        "max": 68.8597869873,
        "mean": 0.349665850401,
        "median": -0.261151075363,
        "min": -1.85824537277,
        "var": 6.08228540421
    },
    "erbbands_skewness": {
        "dmean": 0.334716618061,
        "dmean2": 0.518406450748,
        "dvar": 0.120238617063,
        "dvar2": 0.297046542168,
        "max": 3.91739606857,
        "mean": -0.110712952912,
        "median": -0.0394748970866,
        "min": -6.44165754318,
        "var": 0.577162921429
    },
    "erbbands_spread": {
        "dmean": 7.80313205719,
        "dmean2": 11.8113269806,
        "dvar": 88.3431549072,
        "dvar2": 178.325683594,
        "max": 164.946502686,
        "mean": 40.2860107422,
        "median": 38.1925048828,
        "min": 0.940785527229,
        "var": 375.386627197
    },
    "hfc": {
        "dmean": 7.51703166962,
        "dmean2": 11.1322698593,
        "dvar": 133.015914917,
        "dvar2": 277.821655273,
        "max": 169.313201904,
        "mean": 29.7869625092,
        "median": 24.1443843842,
        "min": 1.10704519524e-16,
        "var": 504.558807373
    },
    "melbands_crest": {
        "dmean": 3.21605944633,
        "dmean2": 5.29048728943,
        "dvar": 10.7517261505,
        "dvar2": 27.1752262115,
        "max": 37.5312156677,
        "mean": 14.0006561279,
        "median": 12.8244228363,
        "min": 2.14264035225,
        "var": 30.3323612213
    },
    "melbands_flatness_db": {
        "dmean": 0.0270433593541,
        "dmean2": 0.0411846935749,
        "dvar": 0.00104378873948,
        "dvar2": 0.00229146913625,
        "max": 0.684430301189,
        "mean": 0.203678116202,
        "median": 0.190321981907,
        "min": 0.00553311407566,
        "var": 0.00831124000251
    },
    "melbands_kurtosis": {
        "dmean": 8.53850746155,
        "dmean2": 13.8050127029,
        "dvar": 824.053833008,
        "dvar2": 1888.67687988,
        "max": 730.257873535,
        "mean": 13.7256221771,
        "median": 6.57161951065,
        "min": -1.9345061779,
        "var": 1174.37353516
    },
    "melbands_skewness": {
        "dmean": 0.765170514584,
        "dmean2": 1.1738474369,
        "dvar": 1.30595910549,
        "dvar2": 2.76595568657,
        "max": 23.3221969604,
        "mean": 2.71192407608,
        "median": 2.36842513084,
        "min": -5.08703041077,
        "var": 3.66001939774
    },
    "melbands_spread": {
        "dmean": 8.28682899475,
        "dmean2": 12.9087514877,
        "dvar": 151.99055481,
        "dvar2": 317.951751709,
        "max": 288.557983398,
        "mean": 29.4577045441,
        "median": 22.363609314,
        "min": 0.429210156202,
        "var": 835.315612793
    },
    "pitch_salience": {
        "dmean": 0.0700490325689,
        "dmean2": 0.113718226552,
        "dvar": 0.00529252318665,
        "dvar2": 0.0125562278554,
        "max": 0.908258497715,
        "mean": 0.553118526936,
        "median": 0.564110517502,
        "min": 0.0801930874586,
        "var": 0.0149646373466
    },
    "silence_rate_20dB": {
        "dmean": 0,
        "dmean2": 0,
        "dvar": 0,
        "dvar2": 0,
        "max": 1,
        "mean": 1,
        "median": 1,
        "min": 1,
        "var": 0
    },
    "silence_rate_30dB": {
        "dmean": 0.0398834869266,
        "dmean2": 0.0797729343176,
        "dvar": 0.0382895432413,
        "dvar2": 0.0923755764961,
        "max": 1,
        "mean": 0.967961192131,
        "median": 1,
        "min": 0,
        "var": 0.0310141798109
    },
    "silence_rate_60dB": {
        "dmean": 0.0088132051751,
        "dmean2": 0.0176277272403,
        "dvar": 0.00873475614935,
        "dvar2": 0.018212929368,
        "max": 1,
        "mean": 0.0368932038546,
        "median": 0,
        "min": 0,
        "var": 0.0355427265167
    },
    "spectral_centroid": {
        "dmean": 260.527618408,
        "dmean2": 408.952758789,
        "dvar": 103592.046875,
        "dvar2": 245342.40625,
        "max": 10770.4111328,
        "mean": 1451.1427002,
        "median": 1281.3425293,
        "min": 122.006973267,
        "var": 639190.875
    },
    "spectral_complexity": {
        "dmean": 3.82134580612,
        "dmean2": 6.06139802933,
        "dvar": 16.9133853912,
        "dvar2": 37.5834884644,
        "max": 61,
        "mean": 23.9023151398,
        "median": 22,
        "min": 0,
        "var": 135.906707764
    },
    "spectral_decrease": {
        "dmean": 3.300985707e-09,
        "dmean2": 5.2607131984e-09,
        "dvar": 3.43733712406e-17,
        "dvar2": 8.49910212297e-17,
        "max": -1.43440252992e-28,
        "mean": -9.58919166294e-09,
        "median": -8.18397083435e-09,
        "min": -7.09382916853e-08,
        "var": 5.32678605711e-17
    },
    "spectral_energy": {
        "dmean": 0.0127922538668,
        "dmean2": 0.0202969051898,
        "dvar": 0.000491200422402,
        "dvar2": 0.00120881793555,
        "max": 0.27050280571,
        "mean": 0.0388936772943,
        "median": 0.0335569903255,
        "min": 1.05826030214e-20,
        "var": 0.000792181876022
    },
    "spectral_energyband_high": {
        "dmean": 0.000667673302814,
        "dmean2": 0.00099320022855,
        "dvar": 1.85883141057e-06,
        "dvar2": 3.9764831854e-06,
        "max": 0.0223174504936,
        "mean": 0.00161154766101,
        "median": 0.000610928167589,
        "min": 7.40970298149e-21,
        "var": 5.66554354009e-06
    },
    "spectral_energyband_low": {
        "dmean": 0.00948522239923,
        "dmean2": 0.015462375246,
        "dvar": 0.000492424296681,
        "dvar2": 0.00124296103604,
        "max": 0.267154604197,
        "mean": 0.0167195815593,
        "median": 0.00993409566581,
        "min": 5.05209779323e-23,
        "var": 0.000586654758081
    },
    "spectral_energyband_middle_high": {
        "dmean": 0.00196522567421,
        "dmean2": 0.00303844106384,
        "dvar": 7.15916485206e-06,
        "dvar2": 1.57853864948e-05,
        "max": 0.0451689921319,
        "mean": 0.00710715539753,
        "median": 0.00558759085834,
        "min": 1.95513185065e-21,
        "var": 3.65156993212e-05
    },
    "spectral_energyband_middle_low": {
        "dmean": 0.00535385403782,
        "dmean2": 0.00872464291751,
        "dvar": 9.05132110347e-05,
        "dvar2": 0.000232345337281,
        "max": 0.158115804195,
        "mean": 0.0151465339586,
        "median": 0.0135725475848,
        "min": 2.43774756186e-22,
        "var": 0.000137400187668
    },
    "spectral_entropy": {
        "dmean": 0.150650963187,
        "dmean2": 0.220516949892,
        "dvar": 0.0303614158183,
        "dvar2": 0.0626244619489,
        "max": 9.80341911316,
        "mean": 7.59229421616,
        "median": 7.64697647095,
        "min": 4.79742670059,
        "var": 0.292578071356
    },
    "spectral_flux": {
        "dmean": 0.0293306801468,
        "dmean2": 0.04592429474,
        "dvar": 0.00157846184447,
        "dvar2": 0.00318712228909,
        "max": 0.43323174119,
        "mean": 0.0983631983399,
        "median": 0.0849026143551,
        "min": 1.02871780538e-10,
        "var": 0.00357610499486
    },
    "spectral_kurtosis": {
        "dmean": 2.34067869186,
        "dmean2": 3.84816908836,
        "dvar": 23.1262283325,
        "dvar2": 58.9762115479,
        "max": 175.565231323,
        "mean": 5.60152006149,
        "median": 3.21360945702,
        "min": -1.22998833656,
        "var": 92.9660644531
    },
    "spectral_rms": {
        "dmean": 0.000888966256753,
        "dmean2": 0.00136446068063,
        "dvar": 1.45818421515e-06,
        "dvar2": 3.30064858645e-06,
        "max": 0.0162451583892,
        "mean": 0.00579378148541,
        "median": 0.00572175905108,
        "min": 3.21317451812e-12,
        "var": 4.37724247604e-06
    },
    "spectral_rolloff": {
        "dmean": 589.047851562,
        "dmean2": 958.322875977,
        "dvar": 1079267.375,
        "dvar2": 2243994.25,
        "max": 18647.7539062,
        "mean": 1914.53820801,
        "median": 1291.9921875,
        "min": 43.06640625,
        "var": 4222832
    },
    "spectral_skewness": {
        "dmean": 0.266010582447,
        "dmean2": 0.425720304251,
        "dvar": 0.134376093745,
        "dvar2": 0.338453769684,
        "max": 10.1270618439,
        "mean": 1.53289711475,
        "median": 1.36967885494,
        "min": -0.382754683495,
        "var": 0.628170013428
    },
    "spectral_spread": {
        "dmean": 513419,
        "dmean2": 706961.5625,
        "dvar": 612161486848,
        "dvar2": 887500242944,
        "max": 41999056,
        "mean": 4521577,
        "median": 4369133,
        "min": 398801.4375,
        "var": 4.28475364147e+12
    },
    "spectral_strongpeak": {
        "dmean": 0.52466994524,
        "dmean2": 0.916184365749,
        "dvar": 0.972409725189,
        "dvar2": 2.47084093094,
        "max": 13.9860563278,
        "mean": 0.806968152523,
        "median": 0.408457815647,
        "min": 0,
        "var": 1.35412502289
    },
    "zerocrossingrate": {
        "dmean": 0.0115800956264,
        "dmean2": 0.0130506185815,
        "dvar": 0.000222973743803,
        "dvar2": 0.000230580058997,
        "max": 0.4892578125,
        "mean": 0.0704107731581,
        "median": 0.05322265625,
        "min": 0.00146484375,
        "var": 0.00303030223586
    },
    "barkbands": {
        "dmean": [0.000217505556066, 0.00604949938133, 0.00422382215038, 0.00167261820752, 0.00282600289211, 0.00100594421383, 0.000911382085178, 0.00105357193388, 0.000718497321941, 0.000601901498158, 0.000406932842452, 0.000457103684312, 0.000471056322567, 0.000433343026089, 0.00032200635178, 0.000449254614068, 0.000322765641613, 0.000153580331244, 0.000177393900231, 0.000130066066049, 0.000182943243999, 0.000139239346026, 0.000195227825316, 0.000132195214974, 9.68869717326e-05, 4.79265108879e-05, 3.02265357277e-06],
        "dmean2": [0.000296069221804, 0.0098338611424, 0.00728074926883, 0.00277210818604, 0.00479308795184, 0.00163690128829, 0.00149004848208, 0.00165918027051, 0.0011395473266, 0.000925619038753, 0.000640855170786, 0.000714604568202, 0.000726047204807, 0.000682943093125, 0.000524573493749, 0.000731579610147, 0.000530060613528, 0.000250056269579, 0.000293632328976, 0.000217128967051, 0.000301927997498, 0.000219863853999, 0.000291239557555, 0.000199900037842, 0.000136320188176, 7.05665006535e-05, 4.7224230002e-06],
        "dvar": [2.17129851876e-07, 0.000235246669035, 0.000103799080534, 7.18567343938e-06, 5.67373790545e-05, 2.39951464209e-06, 3.30184479935e-06, 4.31180069427e-06, 2.34172898672e-06, 1.62306548646e-06, 9.93145135908e-07, 1.32833974931e-06, 1.61512400609e-06, 8.79709148194e-07, 4.02492787543e-07, 8.25125084702e-07, 2.87092774442e-07, 7.15491168535e-08, 7.44628607663e-08, 4.55302888724e-08, 1.1781973086e-07, 1.30655337216e-07, 3.24881852976e-07, 1.51558452899e-07, 1.14873088819e-07, 3.76861493123e-08, 1.35098834897e-10],
        "dvar2": [4.11861293514e-07, 0.000565217458643, 0.000286702153971, 1.83676838788e-05, 0.000153226050315, 6.33826539342e-06, 8.56739188748e-06, 1.06008083094e-05, 5.9361386775e-06, 3.55689394382e-06, 2.20527886086e-06, 2.97241967928e-06, 3.51200333171e-06, 1.96837754629e-06, 9.97241613732e-07, 2.05045353141e-06, 7.30963165552e-07, 1.74273026232e-07, 1.90551830315e-07, 1.20076478538e-07, 3.09478025429e-07, 3.0179813848e-07, 7.25697304915e-07, 3.40111995456e-07, 2.24131923687e-07, 7.502971755e-08, 3.1352004326e-10],
        "max": [0.00535083049908, 0.176051199436, 0.1023946926, 0.0518523007631, 0.14257748425, 0.0301012750715, 0.0311277098954, 0.0400661602616, 0.0315644666553, 0.036569301039, 0.0349359847605, 0.0338480845094, 0.0351834259927, 0.0225196797401, 0.0172447729856, 0.0227810479701, 0.0143943475559, 0.00628316868097, 0.00453848950565, 0.00311152660288, 0.00531932897866, 0.00907670799643, 0.0133619392291, 0.00840803049505, 0.0079785566777, 0.00593031058088, 0.000458460941445],
        "mean": [0.000439042953076, 0.00900228135288, 0.00580631848425, 0.00339942635037, 0.00438000215217, 0.00215810490772, 0.00162917072885, 0.00180264562368, 0.00133680249564, 0.00118788774125, 0.000824099755846, 0.00089273811318, 0.000826706818771, 0.000779802969191, 0.000560890825, 0.000817670195829, 0.000672759488225, 0.000300315703498, 0.000365091604181, 0.000245041592279, 0.000351971917553, 0.000234008941334, 0.000373328919522, 0.000246225885348, 0.000179898677743, 7.70303959143e-05, 4.35086349171e-06],
        "median": [2.83037261397e-05, 0.00329832779244, 0.00361806061119, 0.00216293241829, 0.00284399138764, 0.00124093308114, 0.000717587186955, 0.000685035891365, 0.000512871774845, 0.000407607294619, 0.000225436408073, 0.000292612006888, 0.000253944250289, 0.000308820279315, 0.000310723611619, 0.000465937075205, 0.000436001078924, 0.000208090437809, 0.000233671540627, 0.000143145123729, 0.000163596836501, 7.63019488659e-05, 9.88589963526e-05, 6.1919556174e-05, 2.50302600762e-05, 8.25276765681e-06, 4.86687895318e-07],
        "min": [1.86387873723e-23, 1.65717793185e-23, 1.9883579904e-23, 1.60059215026e-23, 4.91893270817e-23, 5.39481588915e-23, 4.07471617106e-23, 4.29517786606e-23, 3.82453966347e-23, 5.7400649664e-23, 1.1575757545e-22, 8.06941407842e-23, 2.67334787629e-22, 2.24786053782e-22, 1.31880693284e-22, 1.34225768496e-22, 8.50931889123e-23, 3.466063219e-22, 3.68991291382e-22, 3.08401018332e-22, 4.83228422635e-22, 6.24330925144e-22, 6.37837082122e-22, 1.00621523294e-21, 8.53293549347e-22, 1.6946137805e-21, 2.18800318597e-21],
        "var": [8.00117391009e-07, 0.000290329073323, 8.35625251057e-05, 1.59274022735e-05, 4.83843359689e-05, 7.1063282121e-06, 6.69084056426e-06, 8.16239753476e-06, 5.20646108271e-06, 5.49002243133e-06, 3.32491595145e-06, 3.90581408283e-06, 3.9434557948e-06, 2.34692129197e-06, 7.22522429442e-07, 1.42077351484e-06, 7.12044027296e-07, 1.38548415407e-07, 1.7224390092e-07, 8.4338417139e-08, 2.26492574029e-07, 2.37412507431e-07, 6.4252537868e-07, 2.90331541919e-07, 3.05524395117e-07, 7.49110355969e-08, 1.85602908043e-10]
    },
    "erbbands": {
        "dmean": [0.153470650315, 1.60361611843, 5.20206594467, 4.26355218887, 7.94680690765, 10.6392803192, 7.77840995789, 8.61494922638, 11.1611623764, 18.1368293762, 21.1932411194, 16.8186511993, 18.7024383545, 16.8033885956, 14.8230209351, 18.3175525665, 20.1356601715, 19.7180538177, 15.706035614, 21.3634185791, 23.605966568, 15.4419717789, 6.82757234573, 9.79268360138, 7.85765361786, 6.04664373398, 7.07769489288, 7.15862464905, 6.01549005508, 4.28475809097, 5.88517808914, 3.59295558929, 1.9531224966, 1.14690446854, 0.70777541399, 0.335857450962, 0.0588247701526, 0.00788351893425, 0.000478636997286, 2.48280375672e-05],
        "dmean2": [0.233527988195, 2.67788171768, 9.0327835083, 7.02173280716, 13.317483902, 18.1559143066, 12.9181232452, 14.0762529373, 18.2432289124, 29.5997962952, 33.0931510925, 26.5594539642, 29.3189735413, 25.1364498138, 22.9464836121, 28.3365592957, 31.0051250458, 30.7646980286, 24.8814258575, 34.8617286682, 38.3185577393, 25.4176807404, 11.0715894699, 16.1478996277, 13.0826044083, 10.1162424088, 11.7583217621, 11.7750072479, 9.58469676971, 6.48421812057, 8.85203361511, 5.47611045837, 2.95187807083, 1.6593568325, 1.02425289154, 0.48564773798, 0.0849243029952, 0.0119749745354, 0.000731154286768, 3.73200746253e-05],
        "dvar": [0.143028840423, 18.8270874023, 181.078491211, 46.3493690491, 235.951812744, 1074.24267578, 220.946990967, 198.199920654, 499.162384033, 1545.98815918, 1773.05053711, 1307.2253418, 1384.2364502, 1606.36950684, 1338.79272461, 2196.73242188, 3121.85961914, 2243.61694336, 1077.38378906, 2135.26293945, 1932.81738281, 570.484008789, 123.422660828, 250.539093018, 160.630447388, 95.2953262329, 168.389633179, 210.866271973, 265.868804932, 119.113975525, 302.628570557, 107.430976868, 39.783039093, 15.6424942017, 9.02719974518, 1.95429885387, 0.0548977069557, 0.000839920248836, 3.09379947794e-06, 2.47427278666e-09],
        "dvar2": [0.313384830952, 49.3811187744, 502.259674072, 120.471916199, 636.653991699, 2919.79736328, 599.752380371, 519.876098633, 1296.21911621, 4007.20800781, 4372.67333984, 3264.02416992, 3429.59643555, 3190.72119141, 2996.23339844, 4812.87353516, 6827.57519531, 5035.61035156, 2531.80737305, 5360.75537109, 4776.41748047, 1474.57751465, 306.354064941, 628.59576416, 419.008972168, 252.472412109, 445.045562744, 548.523498535, 624.765930176, 242.660720825, 695.770996094, 249.631240845, 92.0226974487, 33.3855819702, 19.4943141937, 3.84496879578, 0.108773991466, 0.00168536475394, 7.3201149462e-06, 5.74762060168e-09],
        "max": [4.18408632278, 50.4876899719, 138.300827026, 102.515167236, 330.317993164, 542.62878418, 288.501342773, 314.604705811, 431.119903564, 691.112976074, 882.089782715, 875.858032227, 825.266967773, 1172.15209961, 1476.75549316, 1542.67663574, 1836.67016602, 1454.71362305, 900.906738281, 1069.71789551, 1088.49829102, 582.805175781, 250.006713867, 310.557189941, 197.183898926, 154.432373047, 199.840057373, 299.609771729, 412.238647461, 250.067642212, 426.275299072, 248.104125977, 116.587989807, 97.7034759521, 97.2183837891, 46.6171150208, 9.17719268799, 1.36410057545, 0.0609155148268, 0.00140645192005],
        "mean": [0.229062139988, 2.13309121132, 6.87325525284, 8.61982536316, 14.0667495728, 14.777513504, 14.2527961731, 18.1729049683, 20.7672252655, 30.799041748, 38.5598449707, 32.9450836182, 36.2930526733, 37.6625595093, 32.2194328308, 37.8399353027, 38.8111953735, 39.7286682129, 30.1671180725, 40.1633338928, 46.9282035828, 34.4861755371, 16.3168106079, 20.099281311, 15.6889305115, 11.8299293518, 13.9861564636, 12.8065328598, 9.85838317871, 8.62655162811, 10.7789859772, 6.45050287247, 3.54626464844, 2.11215472221, 1.17168533802, 0.531011819839, 0.0966415330768, 0.0128890741616, 0.000754085544031, 6.89918306307e-05],
        "median": [0.0526620671153, 0.782067835331, 4.02025032043, 6.37340307236, 10.103811264, 8.42978096008, 7.73153209686, 10.4030971527, 10.2804107666, 13.5524234772, 16.9210281372, 14.0327577591, 16.295665741, 12.296295166, 12.3174152374, 13.4949417114, 13.5313777924, 15.3469676971, 16.3362960815, 23.5932407379, 30.1147460938, 24.0518131256, 12.4026899338, 13.5587711334, 9.81423187256, 7.12817907333, 6.68857192993, 5.19360733032, 3.21182799339, 2.5645532608, 2.81943416595, 1.68895936012, 0.772609889507, 0.346200764179, 0.133614376187, 0.0512075684965, 0.0119725167751, 0.00157690630294, 0.000106459308881, 5.08970442752e-05],
        "min": [7.78505849973e-22, 3.18177748922e-21, 1.94185479402e-20, 3.49269129585e-20, 1.04636841761e-19, 1.16517371943e-19, 5.02064148728e-19, 4.18362104435e-19, 4.61312475465e-19, 6.42825576964e-19, 1.16009702766e-18, 7.5755314978e-19, 7.6079151018e-19, 2.63199937364e-18, 5.76684515037e-18, 4.19207937971e-18, 1.1640131902e-17, 1.17993104031e-17, 9.70764112205e-18, 6.12861176409e-18, 6.88708758214e-18, 6.17119460843e-18, 1.71630646507e-17, 1.75448101578e-17, 1.8435475228e-17, 1.52751953018e-17, 1.75750353374e-17, 1.89815318919e-17, 2.49120562332e-17, 1.94577480424e-17, 1.78696754172e-17, 1.99839788414e-17, 1.71626709128e-17, 1.06456945424e-17, 5.23498580088e-18, 6.26257366429e-18, 3.4846807237e-18, 9.64496419947e-19, 3.13287703517e-19, 3.3015763852e-20],
        "var": [0.223384857178, 17.8586215973, 138.469116211, 79.9157180786, 282.237091064, 837.278869629, 381.416107178, 547.616027832, 942.584228516, 2668.55444336, 3336.36791992, 3095.09130859, 3102.1706543, 6831.51904297, 3873.77246094, 6538.62109375, 7884.61425781, 6772.96191406, 2343.61035156, 3670.08569336, 3722.70581055, 1408.48168945, 308.902801514, 524.064147949, 324.709777832, 183.767776489, 331.775909424, 384.627441406, 451.919372559, 304.585479736, 550.733642578, 185.312942505, 76.7122039795, 36.4382247925, 18.1403007507, 4.00854349136, 0.10656017065, 0.00156400247943, 4.21832055508e-06, 4.58421833827e-09]
    },
    "gfcc": {
        "mean": [17.9951515198, 100.82194519, -119.984619141, 37.1255722046, -51.6850814819, 14.0496788025, -34.5775566101, 5.99638843536, -17.7991695404, -0.984336912632, -16.5032749176, -4.01173353195, -10.2609090805],
        "cov": [[7400.80175781, -2677.57983398, 481.652862549, 601.31451416, -1246.62341309, 300.426574707, -862.510131836, 310.333435059, -213.737991333, 171.695053101, -441.42855835, 208.66885376, -282.853820801], [-2677.57983398, 3594.17382812, -667.588317871, -324.993865967, 976.120849609, -480.282104492, 561.676879883, -496.341339111, 132.920394897, -378.200897217, 241.25932312, -362.87612915, 239.088531494], [481.652862549, -667.588317871, 726.786315918, 59.3737068176, -110.952224731, 285.057434082, -104.801879883, 148.929534912, -54.7780647278, 110.749031067, -77.2673950195, 85.2572174072, -98.0992965698], [601.31451416, -324.993865967, 59.3737068176, 635.331787109, 72.622718811, -40.1188850403, 11.1591720581, 65.795539856, 98.4885101318, 2.70433831215, -61.3367614746, 0.0618752427399, -1.95360743999], [-1246.62341309, 976.120849609, -110.952224731, 72.622718811, 630.905456543, -121.878196716, 253.89100647, -68.1156005859, 95.0458755493, -72.3867874146, 57.7229957581, -102.814704895, 84.5786056519], [300.426574707, -480.282104492, 285.057434082, -40.1188850403, -121.878196716, 415.374267578, 2.99869036674, 92.31980896, -45.2232666016, 72.7936859131, 12.733496666, 45.5373916626, -57.6311531067], [-862.510131836, 561.676879883, -104.801879883, 11.1591720581, 253.89100647, 2.99869036674, 319.878112793, -23.9026737213, 77.4329223633, -23.3131904602, 80.2523345947, -49.9206886292, 43.2921180725], [310.333435059, -496.341339111, 148.929534912, 65.795539856, -68.1156005859, 92.31980896, -23.9026737213, 214.496307373, 38.8894348145, 76.3414764404, -32.7924308777, 55.3445472717, -26.2385082245], [-213.737991333, 132.920394897, -54.7780647278, 98.4885101318, 95.0458755493, -45.2232666016, 77.4329223633, 38.8894348145, 153.482910156, 24.9550266266, 14.6785907745, -17.3020572662, 11.0610332489], [171.695053101, -378.200897217, 110.749031067, 2.70433831215, -72.3867874146, 72.7936859131, -23.3131904602, 76.3414764404, 24.9550266266, 141.590866089, 12.767742157, 43.6857414246, -37.3700485229], [-441.42855835, 241.25932312, -77.2673950195, -61.3367614746, 57.7229957581, 12.733496666, 80.2523345947, -32.7924308777, 14.6785907745, 12.767742157, 130.35357666, 9.15200328827, 26.8714942932], [208.66885376, -362.87612915, 85.2572174072, 0.0618752427399, -102.814704895, 45.5373916626, -49.9206886292, 55.3445472717, -17.3020572662, 43.6857414246, 9.15200328827, 119.14692688, 0.73367702961], [-282.853820801, 239.088531494, -98.0992965698, -1.95360743999, 84.5786056519, -57.6311531067, 43.2921180725, -26.2385082245, 11.0610332489, -37.3700485229, 26.8714942932, 0.73367702961, 92.2661895752]],
        "icov": [[0.000371912436094, -0.000308350048726, 0.000262786867097, -0.000572756223846, 0.000599385064561, -0.000361822865671, 0.000618623802438, -0.000407732848544, 0.000470798113383, -0.000549115182366, 0.000939159828704, -0.000479481735965, 0.000476230779896], [-0.000308350048726, 0.00214755698107, -0.00078760436736, 0.00152578239795, -0.00162015354726, 0.00127678085119, -0.00147544895299, 0.00211761123501, -0.00174997060094, 0.00305637624115, -0.00273403339088, 0.00300017558038, -0.00151806545909], [0.000262786867097, -0.00078760436736, 0.00306243076921, -0.000915656273719, -2.94259025395e-05, -0.00200482807122, 0.00122647359967, -0.00131323479582, 0.00152874062769, -0.00206660106778, 0.00261300196871, -0.00241934787482, 0.00214690249413], [-0.000572756223846, 0.00152578239795, -0.000915656273719, 0.00339798303321, -0.00172810687218, 0.00122328498401, -0.00142960029189, 0.00139498536009, -0.00279489345849, 0.00263556139544, -0.00162968807854, 0.00185896619223, -0.00133313809056], [0.000599385064561, -0.00162015354726, -2.94259025395e-05, -0.00172810687218, 0.00479988381267, -0.000349071488017, -0.000305207940983, -0.00151891121641, 0.00089340476552, -0.0019280819688, 0.00212178612128, -0.000432726286817, -0.000441359035904], [-0.000361822865671, 0.00127678085119, -0.00200482807122, 0.00122328498401, -0.000349071488017, 0.00502642942593, -0.00232804147527, 0.000238427484874, 3.85571729566e-05, 0.00161372404546, -0.00330540677533, 0.00231748190708, -0.000310459668981], [0.000618623802438, -0.00147544895299, 0.00122647359967, -0.00142960029189, -0.000305207940983, -0.00232804147527, 0.00751610752195, -0.00184544885997, -0.000306985573843, -0.00162708573043, 0.00020999633125, -0.00129208667204, 0.00109464826528], [-0.000407732848544, 0.00211761123501, -0.00131323479582, 0.00139498536009, -0.00151891121641, 0.000238427484874, -0.00184544885997, 0.00994535721838, -0.00422522332519, 0.000690712186042, -0.000351316382876, 0.000480149727082, -0.00198381580412], [0.000470798113383, -0.00174997060094, 0.00152874062769, -0.00279489345849, 0.00089340476552, 3.85571729566e-05, -0.000306985573843, -0.00422522332519, 0.0121418619528, -0.00531381973997, 0.00207550707273, -0.00111357378773, 0.00148835312575], [-0.000549115182366, 0.00305637624115, -0.00206660106778, 0.00263556139544, -0.0019280819688, 0.00161372404546, -0.00162708573043, 0.000690712186042, -0.00531381973997, 0.0161860063672, -0.00702707050368, 0.0022905471269, 0.00121156976093], [0.000939159828704, -0.00273403339088, 0.00261300196871, -0.00162968807854, 0.00212178612128, -0.00330540677533, 0.00020999633125, -0.000351316382876, 0.00207550707273, -0.00702707050368, 0.0166744645685, -0.00690174894407, 0.000603104475886], [-0.000479481735965, 0.00300017558038, -0.00241934787482, 0.00185896619223, -0.000432726286817, 0.00231748190708, -0.00129208667204, 0.000480149727082, -0.00111357378773, 0.0022905471269, -0.00690174894407, 0.0176439657807, -0.0062591820024], [0.000476230779896, -0.00151806545909, 0.00214690249413, -0.00133313809056, -0.000441359035904, -0.000310459668981, 0.00109464826528, -0.00198381580412, 0.00148835312575, 0.00121156976093, 0.000603104475886, -0.0062591820024, 0.0178056117147]]
    },
    "melbands": {
        "dmean": [0.00140865368303, 0.00249307323247, 0.000807594449725, 0.000703875033651, 0.00029296943103, 0.000191105515114, 0.00017407228006, 0.000208221681532, 0.000160331939696, 0.000109961874841, 9.5345574664e-05, 7.0638336183e-05, 5.42669913557e-05, 5.24834249518e-05, 4.68168364023e-05, 4.72151768918e-05, 3.84671038773e-05, 2.95846348308e-05, 2.3944370696e-05, 3.19383798342e-05, 3.0179748137e-05, 1.95778065972e-05, 9.70317523752e-06, 7.01741055309e-06, 8.73323187989e-06, 6.70451163387e-06, 4.56379439129e-06, 4.30314958066e-06, 4.69242331746e-06, 5.1049337344e-06, 3.79421771868e-06, 3.48394860339e-06, 2.73168780041e-06, 2.83124199996e-06, 3.75068339054e-06, 3.06461242872e-06, 2.08118103728e-06, 1.30519072172e-06, 1.56486555625e-06, 8.78992864273e-07],
        "dmean2": [0.00224000005983, 0.00427759578452, 0.00132986635435, 0.00119546893984, 0.000486319971969, 0.000311182287987, 0.000284257344902, 0.000336867611622, 0.00025129201822, 0.000174330984009, 0.000149440616951, 0.000105943639937, 8.50453870953e-05, 8.33593221614e-05, 7.16899594408e-05, 7.25904756109e-05, 6.04983542871e-05, 4.68152938993e-05, 3.89898086723e-05, 5.22619920957e-05, 4.92507824674e-05, 3.23632302752e-05, 1.57948852575e-05, 1.15301709229e-05, 1.44610530697e-05, 1.1121857824e-05, 7.6416245065e-06, 7.23735183783e-06, 7.9057072071e-06, 8.44819805934e-06, 6.22724701316e-06, 5.60854914511e-06, 4.3310383262e-06, 4.34024605056e-06, 5.71983537156e-06, 4.78117044622e-06, 3.21159359373e-06, 2.00697536457e-06, 2.3994066396e-06, 1.27532746319e-06],
        "dvar": [1.1909092791e-05, 4.39639079559e-05, 1.53005998982e-06, 3.80971096092e-06, 3.64504103345e-07, 9.24828285065e-08, 1.13070036889e-07, 1.87164047816e-07, 1.00450314733e-07, 5.98397065232e-08, 3.60131302557e-08, 2.94268964751e-08, 1.85909740935e-08, 1.70090768137e-08, 1.66160241122e-08, 1.63513789175e-08, 8.09643729838e-09, 4.39090630522e-09, 2.41394992884e-09, 5.07678477035e-09, 3.10450509744e-09, 1.05996478261e-09, 2.49125359231e-10, 1.84145212967e-10, 1.9964944975e-10, 1.12983261635e-10, 6.42155981168e-11, 4.9460147783e-11, 7.66270311092e-11, 9.09519334846e-11, 5.95561100436e-11, 9.00181457153e-11, 5.09303710317e-11, 5.74379571683e-11, 1.20209023291e-10, 9.2883097047e-11, 3.90005458484e-11, 1.89216003976e-11, 3.15469976531e-11, 1.07372383554e-11],
        "dvar2": [2.54380211118e-05, 0.000120829303341, 3.97715666622e-06, 1.02871390482e-05, 9.92061814031e-07, 2.42319828203e-07, 2.91578345468e-07, 4.79563880162e-07, 2.48097336453e-07, 1.49916431269e-07, 8.86247235599e-08, 5.87559156884e-08, 4.09197653539e-08, 3.8321314122e-08, 3.72066111254e-08, 3.57582763399e-08, 1.82866877196e-08, 1.02831778648e-08, 5.98201888025e-09, 1.26707480064e-08, 7.61240315228e-09, 2.7375455236e-09, 6.2217669905e-10, 4.69277949833e-10, 5.04217112507e-10, 2.94339774776e-10, 1.70373631869e-10, 1.31770122591e-10, 2.02477243305e-10, 2.38811664888e-10, 1.55488386056e-10, 2.12711889769e-10, 1.16968157382e-10, 1.20229784462e-10, 2.75176492703e-10, 2.30310326366e-10, 9.15184317218e-11, 4.43659484151e-11, 7.70016342355e-11, 2.30302721338e-11],
        "max": [0.0369576215744, 0.0744849517941, 0.0176356583834, 0.0393074415624, 0.00994217582047, 0.00650475313887, 0.00600994331762, 0.00718283513561, 0.00653682043776, 0.00594704272225, 0.00404306314886, 0.00485490914434, 0.00574555760249, 0.00403766194358, 0.00373532995582, 0.0035298911389, 0.00246341596358, 0.0018256357871, 0.00151040405035, 0.00182754942216, 0.00159859238192, 0.000873314682394, 0.000529987912159, 0.000376397860236, 0.000271583849099, 0.000171406267327, 0.000134713627631, 0.000101619923953, 0.000138122530188, 0.000166548023117, 0.000169919090695, 0.000250572978985, 0.000170841056388, 0.000201892806217, 0.000236843188759, 0.000280181964627, 0.000184589225682, 7.81425987952e-05, 0.000139504802064, 8.54741811054e-05],
        "mean": [0.00227183895186, 0.00338944001123, 0.00173599133268, 0.00107492133975, 0.000523952010553, 0.000409353902796, 0.000326976238284, 0.000356068339897, 0.000290025782306, 0.00020589196356, 0.0001781785395, 0.000151030209963, 0.000112809168058, 0.000101908801298, 8.69034411153e-05, 8.49849166116e-05, 7.23906705389e-05, 5.0997503422e-05, 4.25723810622e-05, 5.6998902437e-05, 5.59102154511e-05, 3.93340815208e-05, 2.00339327421e-05, 1.331824933e-05, 1.67193120433e-05, 1.3035190932e-05, 8.18114222056e-06, 7.79859965405e-06, 8.5631663751e-06, 9.18161458685e-06, 6.25618258709e-06, 5.37531786904e-06, 4.50018433185e-06, 5.29457111043e-06, 6.57764803691e-06, 5.19753803019e-06, 3.46233832715e-06, 2.24949144467e-06, 2.56392968367e-06, 1.51087704126e-06],
        "median": [0.000740745745134, 0.0018743283581, 0.00138194137253, 0.000715016387403, 0.000311433715979, 0.000234956329223, 0.000160126190167, 0.000156903508469, 0.000127173902001, 7.8146753367e-05, 7.6002892456e-05, 4.50603001809e-05, 3.57470489689e-05, 3.55933188985e-05, 2.79585383396e-05, 2.55755439866e-05, 2.65676280833e-05, 2.340329047e-05, 2.40464123635e-05, 3.15517572744e-05, 3.38313766406e-05, 2.49453823926e-05, 1.28785777633e-05, 8.83897882886e-06, 1.06627976493e-05, 8.01718124421e-06, 4.83905614601e-06, 4.43665521743e-06, 3.92466154153e-06, 4.03901503887e-06, 2.32418960877e-06, 1.79289395419e-06, 1.28267879518e-06, 1.48687115598e-06, 1.65782785189e-06, 1.31539400172e-06, 8.86576401626e-07, 4.92286972076e-07, 4.40613007413e-07, 2.25779430707e-07],
        "min": [6.82293843307e-24, 7.86738632728e-24, 8.9309144002e-24, 6.82253769173e-24, 1.48130486402e-23, 9.04378461852e-24, 7.75136460964e-24, 7.54828814681e-24, 9.89307148022e-24, 4.38421438762e-24, 3.96520381807e-24, 1.03813251046e-23, 1.59106318384e-23, 1.27969355255e-23, 1.77044131845e-23, 2.42051256036e-23, 2.33653673928e-23, 1.76557988423e-23, 8.14057359192e-24, 1.01020383674e-23, 6.86051345571e-24, 4.30694506753e-24, 1.50014191581e-23, 1.44905954343e-23, 1.37595091241e-23, 1.59834784099e-23, 9.96631011552e-24, 9.92551417381e-24, 9.97872441959e-24, 9.64936868077e-24, 1.25010338e-23, 1.24856510123e-23, 1.35931446701e-23, 1.03021431912e-23, 1.01311362908e-23, 1.11246158819e-23, 1.27007670703e-23, 1.158639139e-23, 1.0677771933e-23, 8.74472902707e-24],
        "var": [1.85418139154e-05, 3.50948321284e-05, 2.76503897112e-06, 3.17484955303e-06, 4.79423874822e-07, 2.66248491698e-07, 2.30009348456e-07, 3.31688539745e-07, 1.86827648463e-07, 1.36234518777e-07, 8.0505046185e-08, 1.23511114225e-07, 6.06633818734e-08, 4.96211569612e-08, 4.39003002839e-08, 4.148765953e-08, 2.35963568684e-08, 9.26034893212e-09, 4.23154489226e-09, 7.89480214536e-09, 6.02168048758e-09, 2.35211539135e-09, 6.0996574458e-10, 3.25807214541e-10, 4.01962074736e-10, 2.40832687126e-10, 1.01919334083e-10, 9.14087069925e-11, 1.43426714949e-10, 1.75849335093e-10, 1.042643194e-10, 1.42609368758e-10, 9.70736060979e-11, 1.30523550301e-10, 2.18301765553e-10, 1.35535999091e-10, 6.11566908226e-11, 3.21459039943e-11, 5.62132389248e-11, 2.173946613e-11]
    },
    "mfcc": {
        "mean": [-620.220336914, 123.878494263, -2.02132201195, 25.0802879333, 6.75580263138, 8.92865085602, -2.32272076607, 5.20128107071, 1.55146694183, 4.47833204269, -4.2970085144, 3.44853258133, -1.22109138966],
        "cov": [[5925.40332031, -1646.78674316, 390.177520752, 22.1854724884, -123.096038818, -225.887969971, -536.49609375, -43.4083137512, -85.9421844482, 30.6630363464, -154.4271698, -122.725776672, -118.924217224], [-1646.78674316, 2813.67749023, -741.638183594, 154.716110229, 98.341468811, 76.5076293945, 214.60760498, -73.8902664185, -37.3510971069, -81.9362106323, -47.3585205078, -41.610458374, -83.131980896], [390.177520752, -741.638183594, 741.175354004, -215.254852295, 8.6548166275, 84.5887985229, 13.1603603363, 60.3305931091, -3.60889363289, 18.6775436401, 41.2448501587, 37.5039901733, 14.8952960968], [22.1854724884, 154.716110229, -215.254852295, 616.396728516, 158.451080322, 3.84972786903, -44.9818649292, 38.1932754517, 103.900367737, 39.3347206116, 5.28971195221, -12.2949609756, 7.359562397], [-123.096038818, 98.341468811, 8.6548166275, 158.451080322, 272.154052734, 37.6022071838, 40.4172363281, 20.341337204, 58.1034202576, 28.5188026428, -2.30040788651, -9.49122333527, -4.00223016739], [-225.887969971, 76.5076293945, 84.5887985229, 3.84972786903, 37.6022071838, 224.44984436, 107.946731567, 50.5778579712, 13.1986904144, 27.656961441, 43.8095855713, 14.0586671829, 8.33173561096], [-536.49609375, 214.60760498, 13.1603603363, -44.9818649292, 40.4172363281, 107.946731567, 234.688995361, 53.023525238, 19.7291698456, 12.4478702545, 31.0058784485, 20.0998516083, 15.5356760025], [-43.4083137512, -73.8902664185, 60.3305931091, 38.1932754517, 20.341337204, 50.5778579712, 53.023525238, 130.016937256, 57.9941711426, 22.9414539337, 22.7092056274, 15.4420747757, 23.1067752838], [-85.9421844482, -37.3510971069, -3.60889363289, 103.900367737, 58.1034202576, 13.1986904144, 19.7291698456, 57.9941711426, 134.956832886, 61.7381019592, 23.9389629364, 5.0017209053, 19.3742904663], [30.6630363464, -81.9362106323, 18.6775436401, 39.3347206116, 28.5188026428, 27.656961441, 12.4478702545, 22.9414539337, 61.7381019592, 117.500587463, 51.3040466309, 11.9880428314, 11.6538829803], [-154.4271698, -47.3585205078, 41.2448501587, 5.28971195221, -2.30040788651, 43.8095855713, 31.0058784485, 22.7092056274, 23.9389629364, 51.3040466309, 112.091011047, 45.4871788025, 20.4978408813], [-122.725776672, -41.610458374, 37.5039901733, -12.2949609756, -9.49122333527, 14.0586671829, 20.0998516083, 15.4420747757, 5.0017209053, 11.9880428314, 45.4871788025, 98.3363418579, 37.7592926025], [-118.924217224, -83.131980896, 14.8952960968, 7.359562397, -4.00223016739, 8.33173561096, 15.5356760025, 23.1067752838, 19.3742904663, 11.6538829803, 20.4978408813, 37.7592926025, 84.7834396362]],
