{
"lowlevel": {
    "average_loudness": 0.980266571045,
    "barkbands_crest": {
        "dmean": 2.73538994789,
        "dmean2": 4.40725946426,
        "dvar": 6.51624011993,
        "dvar2": 18.3222885132,
        "max": 24.5543193817,
        "mean": 10.3796272278,
        "median": 9.8638343811,
        "min": 2.09463310242,
        "var": 14.8441143036
    },
    "barkbands_flatness_db": {
        "dmean": 0.0260805990547,
        "dmean2": 0.042402241379,
        "dvar": 0.000878235616256,
        "dvar2": 0.00219523278065,
        "max": 0.53636354208,
        "mean": 0.106377102435,
        "median": 0.0972997844219,
        "min": 0.018817352131,
        "var": 0.002498596441
    },
    "barkbands_kurtosis": {
        "dmean": 4.20637989044,
        "dmean2": 6.89764213562,
        "dvar": 52.7623939514,
        "dvar2": 144.651992798,
        "max": 103.617355347,
        "mean": 5.19057416916,
        "median": 3.19592237473,
        "min": -1.8974313736,
        "var": 62.7996635437
    },
    "barkbands_skewness": {
        "dmean": 0.687249481678,
        "dmean2": 1.0968234539,
        "dvar": 0.591062247753,
        "dvar2": 1.50834870338,
        "max": 8.49622917175,
        "mean": 1.92369997501,
        "median": 1.88961660862,
        "min": -4.71446943283,
        "var": 1.3135381937
    },
    "barkbands_spread": {
        "dmean": 12.0647659302,
        "dmean2": 20.330450058,
        "dvar": 198.737960815,
        "dvar2": 522.980834961,
        "max": 110.805419922,
        "mean": 30.5707073212,
        "median": 27.7518692017,
        "min": 0.552589356899,
        "var": 302.259979248
    },
    "dissonance": {
        "dmean": 0.016043599695,
        "dmean2": 0.0265711005777,
        "dvar": 0.000294938450679,
        "dvar2": 0.00079792906763,
        "max": 0.500000178814,
        "mean": 0.461953371763,
        "median": 0.469511330128,
        "min": 0,
        "var": 0.000994944595732
    },
    "dynamic_complexity": 1.0988805294,
    "erbbands_crest": {
        "dmean": 2.10967159271,
        "dmean2": 3.3757622242,
        "dvar": 4.95275211334,
        "dvar2": 11.7450561523,
        "max": 28.0568790436,
        "mean": 7.11393642426,
        "median": 5.89043712616,
        "min": 1.93826472759,
        "var": 16.1164531708
    },
    "erbbands_flatness_db": {
        "dmean": 0.0143973547965,
        "dmean2": 0.0230221040547,
        "dvar": 0.000349271285813,
        "dvar2": 0.00082189089153,
        "max": 0.408687531948,
        "mean": 0.104191370308,
        "median": 0.0928329527378,
        "min": 0.0233481433243,
        "var": 0.00181950326078
    },
    "erbbands_kurtosis": {
        "dmean": 0.718469321728,
        "dmean2": 1.16188359261,
        "dvar": 1.25897049904,
        "dvar2": 3.08934760094,
        "max": 14.9706745148,
        "mean": -0.252772450447,
        "median": -0.709466814995,
        "min": -1.8390185833,
        "var": 2.40576839447
    },
    "erbbands_skewness": {
        "dmean": 0.415470927954,
        "dmean2": 0.663874745369,
        "dvar": 0.193070098758,
        "dvar2": 0.511252939701,
        "max": 3.3303463459,
        "mean": 0.306856393814,
        "median": 0.350487321615,
        "min": -2.89682865143,
        "var": 0.506820380688
    },
    "erbbands_spread": {
        "dmean": 12.7749624252,
        "dmean2": 20.3124980927,
        "dvar": 193.807220459,
        "dvar2": 453.240722656,
        "max": 159.238800049,
        "mean": 61.7972145081,
        "median": 60.2693939209,
        "min": 5.5836892128,
        "var": 485.204376221
    },
    "hfc": {
        "dmean": 18.8047370911,
        "dmean2": 32.1450462341,
        "dvar": 564.317382812,
        "dvar2": 1455.70739746,
        "max": 289.725830078,
        "mean": 42.1855773926,
        "median": 37.3526687622,
        "min": 1.09745155449e-16,
        "var": 676.192504883
    },
    "melbands_crest": {
        "dmean": 3.37102842331,
        "dmean2": 5.34046316147,
        "dvar": 9.9998922348,
        "dvar2": 26.9393424988,
        "max": 37.1324272156,
        "mean": 15.3409690857,
        "median": 14.9487380981,
        "min": 1.00254797935,
        "var": 24.7580165863
    },
    "melbands_flatness_db": {
        "dmean": 0.0336958616972,
        "dmean2": 0.0537098459899,
        "dvar": 0.00134297786281,
        "dvar2": 0.00329300411977,
        "max": 0.674104452133,
        "mean": 0.180380031466,
        "median": 0.175557211041,
        "min": -1.12172443778e-07,
        "var": 0.00346811464988
    },
    "melbands_kurtosis": {
        "dmean": 11.0124483109,
        "dmean2": 17.6496982574,
        "dvar": 293.031463623,
        "dvar2": 756.574645996,
        "max": 301.533325195,
        "mean": 22.2587890625,
        "median": 17.3969097137,
        "min": -1.83160400391,
        "var": 432.574066162
    },
    "melbands_skewness": {
        "dmean": 0.899074733257,
        "dmean2": 1.38403594494,
        "dvar": 0.923857748508,
        "dvar2": 2.11953854561,
        "max": 14.3085403442,
        "mean": 3.73211407661,
        "median": 3.60370969772,
        "min": -2.44516015053,
        "var": 2.54786276817
    },
    "melbands_spread": {
        "dmean": 10.8621311188,
        "dmean2": 18.0237503052,
        "dvar": 342.06262207,
        "dvar2": 807.682067871,
        "max": 255.118331909,
        "mean": 24.1024665833,
        "median": 18.284658432,
        "min": 0.380415439606,
        "var": 610.868225098
    },
    "pitch_salience": {
        "dmean": 0.082308255136,
        "dmean2": 0.13244330883,
        "dvar": 0.00591150904074,
        "dvar2": 0.0154278464615,
        "max": 0.995838344097,
        "mean": 0.544332683086,
        "median": 0.545274853706,
        "min": 0.132023945451,
        "var": 0.0127846971154
    },
    "silence_rate_20dB": {
        "dmean": 0,
        "dmean2": 0,
        "dvar": 0,
        "dvar2": 0,
        "max": 1,
        "mean": 1,
        "median": 1,
        "min": 1,
        "var": 0
    },
    "silence_rate_30dB": {
        "dmean": 0.000167182151927,
        "dmean2": 0.000334392243531,
        "dvar": 0.000167127640452,
        "dvar2": 0.000501370290294,
        "max": 1,
        "mean": 0.999916434288,
        "median": 1,
        "min": 0,
        "var": 8.35704631754e-05
    },
    "silence_rate_60dB": {
        "dmean": 0.00167182146106,
        "dmean2": 0.00326032447629,
        "dvar": 0.00166816439014,
        "dvar2": 0.00341769540682,
        "max": 1,
        "mean": 0.00543296569958,
        "median": 0,
        "min": 0,
        "var": 0.00540443463251
    },
    "spectral_centroid": {
        "dmean": 443.084716797,
        "dmean2": 722.293762207,
        "dvar": 277125.375,
        "dvar2": 678311.1875,
        "max": 11692.7548828,
        "mean": 1425.79272461,
        "median": 1286.89672852,
        "min": 149.142242432,
        "var": 725254.75
    },
    "spectral_complexity": {
        "dmean": 5.89517688751,
        "dmean2": 9.92258834839,
        "dvar": 36.2577171326,
        "dvar2": 94.7571792603,
        "max": 53,
        "mean": 22.3145275116,
        "median": 23,
        "min": 0,
        "var": 70.0205764771
    },
    "spectral_decrease": {
        "dmean": 2.8951887554e-09,
        "dmean2": 4.51985027183e-09,
        "dvar": 8.30713583667e-18,
        "dvar2": 1.93205469029e-17,
        "max": 5.36092653068e-19,
        "mean": -1.13613118913e-08,
        "median": -1.07325339727e-08,
        "min": -2.96868609695e-08,
        "var": 2.17863491479e-17
    },
    "spectral_energy": {
        "dmean": 0.0114964814857,
        "dmean2": 0.0180674921721,
        "dvar": 0.000128523490275,
        "dvar2": 0.000300925312331,
        "max": 0.116254463792,
        "mean": 0.0467065498233,
        "median": 0.0442088879645,
        "min": 1.02842299271e-20,
        "var": 0.000315669429256
    },
    "spectral_energyband_high": {
        "dmean": 0.0020747219678,
        "dmean2": 0.00356401479803,
        "dvar": 7.69879625295e-06,
        "dvar2": 1.94433978322e-05,
        "max": 0.0355881601572,
        "mean": 0.00328045501374,
        "median": 0.00240452587605,
        "min": 7.08207806661e-21,
        "var": 9.66615425568e-06
    },
    "spectral_energyband_low": {
        "dmean": 0.00803256686777,
        "dmean2": 0.0121625652537,
        "dvar": 9.96417948045e-05,
        "dvar2": 0.000220730755245,
        "max": 0.0932138115168,
        "mean": 0.0183917414397,
        "median": 0.0145839620382,
        "min": 1.67358544982e-23,
        "var": 0.000233726197621
    },
    "spectral_energyband_middle_high": {
        "dmean": 0.00183238473255,
        "dmean2": 0.0029374177102,
        "dvar": 4.92088202009e-06,
        "dvar2": 1.16942574095e-05,
        "max": 0.0462773479521,
        "mean": 0.00528701581061,
        "median": 0.00432338751853,
        "min": 1.2726882563e-21,
        "var": 1.6487621906e-05
    },
    "spectral_energyband_middle_low": {
        "dmean": 0.00830281805247,
        "dmean2": 0.0131000522524,
        "dvar": 8.94022450666e-05,
        "dvar2": 0.000243644593866,
        "max": 0.0987622663379,
        "mean": 0.0228953901678,
        "median": 0.0204306077212,
        "min": 1.41996818341e-22,
        "var": 0.000197577202925
    },
    "spectral_entropy": {
        "dmean": 0.235932439566,
        "dmean2": 0.389701455832,
        "dvar": 0.0786994770169,
        "dvar2": 0.201185494661,
        "max": 9.81929206848,
        "mean": 7.84368801117,
        "median": 7.91947078705,
        "min": 4.7883348465,
        "var": 0.255963623524
    },
    "spectral_flux": {
        "dmean": 0.0325346514583,
        "dmean2": 0.0523015521467,
        "dvar": 0.00109611416701,
        "dvar2": 0.00247510964982,
        "max": 0.302118390799,
        "mean": 0.106997333467,
        "median": 0.0955043435097,
        "min": 6.45665812482e-11,
        "var": 0.00223737419583
    },
    "spectral_kurtosis": {
        "dmean": 1.01811122894,
        "dmean2": 1.67482089996,
        "dvar": 6.30708312988,
        "dvar2": 14.2899198532,
        "max": 127.234817505,
        "mean": 2.38378930092,
        "median": 2.22699546814,
        "min": -1.31884407997,
        "var": 7.74360847473
    },
    "spectral_rms": {
        "dmean": 0.000847492716275,
        "dmean2": 0.00133127556182,
        "dvar": 6.86959879204e-07,
        "dvar2": 1.59170485858e-06,
        "max": 0.0106498347595,
        "mean": 0.0066095055081,
        "median": 0.00656739063561,
        "min": 3.16755345911e-12,
        "var": 1.88166109183e-06
    },
    "spectral_rolloff": {
        "dmean": 1121.15893555,
        "dmean2": 1962.75158691,
        "dvar": 2830357,
        "dvar2": 6855261.5,
        "max": 19336.8164062,
        "mean": 1793.57141113,
        "median": 904.39453125,
        "min": 21.533203125,
        "var": 4837460
    },
    "spectral_skewness": {
        "dmean": 0.209940239787,
        "dmean2": 0.341316431761,
        "dvar": 0.077035151422,
        "dvar2": 0.183170452714,
        "max": 8.89305019379,
        "mean": 1.27474498749,
        "median": 1.26538133621,
        "min": -0.0705197378993,
        "var": 0.146015167236
    },
    "spectral_spread": {
        "dmean": 737950.125,
        "dmean2": 1164130.375,
        "dvar": 1.27382821274e+12,
        "dvar2": 2.57324141773e+12,
        "max": 49276284,
        "mean": 6831008,
        "median": 6657748,
        "min": 532216.375,
        "var": 4.3167800361e+12
    },
    "spectral_strongpeak": {
        "dmean": 0.445042431355,
        "dmean2": 0.743919968605,
        "dvar": 0.504299342632,
        "dvar2": 1.27059280872,
        "max": 11.614115715,
        "mean": 0.979827284813,
        "median": 0.660072624683,
        "min": 0,
        "var": 1.07843029499
    },
    "zerocrossingrate": {
        "dmean": 0.0164206251502,
        "dmean2": 0.0205497331917,
        "dvar": 0.000358555349521,
        "dvar2": 0.000518404762261,
        "max": 0.5341796875,
        "mean": 0.0778073966503,
        "median": 0.0712890625,
        "min": 0.00146484375,
        "var": 0.00220866384916
    },
    "barkbands": {
        "dmean": [0.0012741634855, 0.00391223933548, 0.00379748828709, 0.00453469576314, 0.00441353302449, 0.00142125959974, 0.001098849345, 0.000999730313197, 0.000636837619822, 0.000761992821936, 0.000383298029192, 0.000409042288084, 0.000306610105326, 0.00029718640144, 0.000223527080379, 0.000176642119186, 0.000207389981369, 0.00023179067648, 0.000253485457506, 0.000318543083267, 0.000318688544212, 0.000368602748495, 0.000427724153269, 0.000621872604825, 0.000263341586106, 0.00013368728105, 2.10791477002e-05],
        "dmean2": [0.00200075958855, 0.00611529825255, 0.00597393000498, 0.00769367162138, 0.0064331907779, 0.0018999776803, 0.00157798430882, 0.00144238513894, 0.000965666025877, 0.00114445656072, 0.000611999013927, 0.000676858413499, 0.000508368306328, 0.000498484238051, 0.000372399546904, 0.000308759947075, 0.000336994387908, 0.000397344963858, 0.000429174251622, 0.00056983565446, 0.000549171527382, 0.000621331739239, 0.000732970249373, 0.00107100931928, 0.000452842738014, 0.000243591653998, 3.54520452674e-05],
        "dvar": [6.79008462612e-06, 3.87950603908e-05, 4.91645841976e-05, 6.6085573053e-05, 4.11204127886e-05, 4.25056396125e-06, 3.04797026729e-06, 3.52719007424e-06, 1.79491189556e-06, 2.63539959633e-06, 8.4279827206e-07, 5.81610038353e-07, 3.81241846981e-07, 2.83731310446e-07, 1.62899482348e-07, 7.75667672315e-08, 1.03109456973e-07, 1.4857303654e-07, 1.54179332412e-07, 2.37138351622e-07, 1.7845337652e-07, 2.47857315117e-07, 3.47812033397e-07, 8.49782225032e-07, 1.27421444063e-07, 3.68601789091e-08, 6.67691568701e-10],
        "dvar2": [1.40819029184e-05, 9.90067928797e-05, 0.000111181943794, 0.000185858720215, 9.55506402534e-05, 7.12787550583e-06, 5.4818483477e-06, 6.32329374639e-06, 3.04613149638e-06, 4.61540048491e-06, 1.65197866409e-06, 1.4133379409e-06, 8.75544060364e-07, 6.96659810728e-07, 4.36755556166e-07, 2.15619010646e-07, 2.58544076814e-07, 4.11628576558e-07, 4.19090412151e-07, 6.61473279706e-07, 4.65435334718e-07, 6.05103139151e-07, 8.702205605e-07, 2.11330802813e-06, 3.20551805544e-07, 1.00388518831e-07, 1.5841118417e-09],
        "max": [0.0461884364486, 0.0719953328371, 0.0674783289433, 0.0877528339624, 0.074272364378, 0.0342039689422, 0.0462289974093, 0.0512032583356, 0.0608663968742, 0.0592179335654, 0.0386759415269, 0.0177689008415, 0.0254242755473, 0.0149582279846, 0.0154140163213, 0.00544456485659, 0.0094697624445, 0.00477266823873, 0.00475469278172, 0.00454575289041, 0.00427293078974, 0.00815351773053, 0.00835004914552, 0.0180683266371, 0.00480434671044, 0.00148281164002, 0.000346155080479],
        "mean": [0.00154714286327, 0.00849995668977, 0.00551577284932, 0.00609144475311, 0.00780622940511, 0.00297269434668, 0.00227771908976, 0.00179645605385, 0.00127710506786, 0.00137897580862, 0.00062766764313, 0.000617405690718, 0.000509240140673, 0.00049455545377, 0.000399883632781, 0.000284247129457, 0.000376244774088, 0.000349719455699, 0.000396681920392, 0.000426844548201, 0.000496923632454, 0.000565422989894, 0.000580638297834, 0.000811043661088, 0.000386142695788, 0.000175029839738, 4.53068096249e-05],
        "median": [0.000431861088146, 0.00412092823535, 0.00235671596602, 0.00270369322971, 0.00473024789244, 0.00171396229416, 0.00119718862697, 0.000688750180416, 0.0005838801153, 0.00047499401262, 0.000225828320254, 0.000299526407616, 0.000266458257101, 0.000233985425439, 0.000245634408202, 0.000184652060852, 0.000228441815125, 0.000246674608206, 0.00027907139156, 0.000282514782157, 0.000347971508745, 0.000394582079025, 0.000368784792954, 0.000411213113694, 0.000280131585896, 0.00012522477482, 3.32900453941e-05],
        "min": [2.11665971716e-26, 2.11600637393e-24, 1.54801074495e-24, 3.44007489068e-24, 6.02085976895e-24, 8.13533634437e-24, 1.68919195843e-23, 1.00560659205e-23, 2.88032554029e-23, 8.79835500255e-24, 1.96500707652e-23, 2.61642727058e-23, 4.75663309662e-23, 5.251752493e-23, 5.41954131427e-23, 7.08449662579e-23, 9.15875588897e-23, 1.11293039245e-22, 1.24455366464e-22, 2.02135042538e-22, 3.18056044724e-22, 2.97910657662e-22, 4.3791100158e-22, 6.42752253542e-22, 8.65751139788e-22, 1.1470659563e-21, 1.98992675075e-21],
        "var": [1.07718678919e-05, 0.000119319432997, 6.86077182763e-05, 7.63014904805e-05, 8.55127582327e-05, 1.48232902575e-05, 1.10665223474e-05, 1.21554512589e-05, 9.81639459496e-06, 9.66038805927e-06, 2.67769496531e-06, 1.20781317037e-06, 1.15379964427e-06, 8.07479011655e-07, 3.47462133732e-07, 1.21818970911e-07, 2.19277623614e-07, 1.34192248424e-07, 1.6093311217e-07, 2.06708946848e-07, 2.28521074064e-07, 3.57706710474e-07, 4.66033895918e-07, 1.22113021916e-06, 1.61707291113e-07, 2.90335737674e-08, 1.81219084183e-09]
    },
    "erbbands": {
        "dmean": [0.121345289052, 0.912549614906, 3.15211844444, 10.1079711914, 14.8040485382, 14.8387317657, 12.2926511765, 12.702460289, 15.5360450745, 18.5012378693, 18.8782424927, 14.8351554871, 22.2934703827, 17.0888595581, 16.640750885, 15.430888176, 14.2336788177, 15.3085031509, 12.1759471893, 9.00643634796, 10.6759386063, 9.86617660522, 12.2799100876, 12.2837381363, 13.6532669067, 15.4238109589, 14.5343780518, 11.8300046921, 14.1484594345, 9.5416727066, 13.3177366257, 13.830283165, 9.65540599823, 3.48352313042, 1.84019482136, 0.836542487144, 0.191390186548, 0.0305099375546, 0.00334178027697, 0.00024197640596],
        "dmean2": [0.199842691422, 1.41633760929, 4.88753461838, 15.7044229507, 23.997209549, 21.5734291077, 18.4716491699, 16.7615146637, 21.2524337769, 26.9177398682, 27.5468559265, 22.3681812286, 33.0852394104, 26.168636322, 26.7020149231, 25.0834178925, 23.599155426, 25.307264328, 20.9159126282, 14.9201755524, 18.1016769409, 16.5226764679, 20.9964504242, 21.1855354309, 23.154838562, 27.4287910461, 25.7524452209, 20.1401882172, 24.0433979034, 15.9553766251, 22.8702392578, 23.8216934204, 16.6346549988, 5.9603228569, 3.18103098869, 1.53262758255, 0.339799821377, 0.0522576011717, 0.00559062650427, 0.000413611152908],
        "dvar": [0.0371943600476, 2.20651626587, 24.1040077209, 280.718597412, 475.292327881, 637.056396484, 526.636352539, 432.429901123, 632.248046875, 1139.20837402, 1533.47009277, 1010.08013916, 2830.11376953, 1499.76989746, 1035.09643555, 919.727905273, 918.675415039, 810.735534668, 534.563476562, 297.641479492, 286.586151123, 206.582107544, 391.106048584, 468.391784668, 414.494567871, 540.865722656, 443.802764893, 230.370346069, 391.532714844, 156.26675415, 347.341705322, 423.398529053, 196.251586914, 21.7000656128, 6.64383554459, 1.62415575981, 0.0612793490291, 0.00135501311161, 1.77419969987e-05, 8.78094965628e-08],
        "dvar2": [0.0966627672315, 5.60293912888, 55.9337005615, 636.429382324, 1247.23510742, 1486.27307129, 1240.05065918, 693.072875977, 1037.49450684, 2004.10766602, 2692.50097656, 1762.5838623, 4828.60400391, 2795.91699219, 2114.54614258, 2139.35253906, 2084.11206055, 1903.6895752, 1521.50744629, 713.681152344, 777.628601074, 555.201538086, 1076.63171387, 1311.69836426, 1112.74316406, 1487.66455078, 1215.01916504, 577.379638672, 976.668945312, 375.661010742, 865.149230957, 1050.6854248, 489.799102783, 54.0102729797, 16.7104110718, 4.46452760696, 0.162272065878, 0.00337792909704, 4.3167219701e-05, 2.20234994686e-07],
        "max": [2.91737055779, 17.4799823761, 45.7585487366, 181.931381226, 246.167907715, 277.108276367, 387.567810059, 416.940643311, 709.581665039, 1069.58666992, 1402.7598877, 1677.79724121, 2332.23144531, 1510.50585938, 1162.17004395, 873.542480469, 1260.47387695, 802.483093262, 987.714416504, 725.888427734, 372.304260254, 375.975250244, 297.59854126, 221.513198853, 237.117050171, 248.998657227, 180.152313232, 164.19329834, 298.444824219, 200.522125244, 280.920135498, 408.660308838, 254.470046997, 66.5600814819, 37.4170722961, 9.55526828766, 1.88620114326, 0.475210279226, 0.0608351193368, 0.00356623507105],
        "mean": [0.220804110169, 2.01602911949, 5.46652030945, 15.9275655746, 24.7541446686, 24.3873443604, 20.0517902374, 25.9071960449, 33.0920677185, 37.1180229187, 36.552772522, 31.0360412598, 43.7758598328, 32.1444168091, 28.7187709808, 26.1095371246, 25.2117557526, 27.6682491302, 21.5288047791, 17.0231952667, 19.0473327637, 18.1856384277, 20.0278530121, 19.1173973083, 20.9957790375, 21.2660598755, 19.7430515289, 19.1789283752, 21.278049469, 15.0644006729, 18.000535965, 17.770318985, 12.4751424789, 5.00026988983, 2.61306357384, 0.964026689529, 0.284069359303, 0.0579197444022, 0.00739143835381, 0.000494810810778],
        "median": [0.105152286589, 0.915319919586, 3.32047986984, 7.30889034271, 14.0045051575, 10.9332942963, 9.33358192444, 14.006860733, 18.0758171082, 17.4833030701, 15.539393425, 15.9483013153, 15.2297639847, 14.9907131195, 13.8741645813, 13.3219718933, 13.9764156342, 14.0417404175, 12.9419593811, 12.0501565933, 12.34815979, 12.73087883, 14.5789661407, 13.9207744598, 14.8076019287, 14.0815153122, 13.1843357086, 14.1604728699, 14.9387798309, 11.1120948792, 10.7623405457, 9.08868026733, 6.4910569191, 3.48440217972, 1.82693696022, 0.646177947521, 0.215748026967, 0.0420022681355, 0.00538939516991, 0.000407171377447],
        "min": [9.59670558891e-23, 3.06836675603e-22, 2.6757293527e-21, 5.08885471031e-21, 2.17401418049e-20, 1.66945985622e-20, 4.33198913503e-20, 5.97494593056e-20, 2.63607365174e-19, 1.71781541312e-19, 3.18935977083e-19, 6.00546307905e-19, 4.32438495413e-19, 8.70166293855e-19, 8.30665782968e-19, 1.13067793559e-18, 1.9094345679e-18, 2.26553271968e-18, 3.15604103916e-18, 4.6306666705e-18, 4.24095500056e-18, 5.4881936446e-18, 6.51503911341e-18, 6.72379840691e-18, 6.50702538764e-18, 9.658279119e-18, 1.05762692736e-17, 1.26252593438e-17, 9.74730195088e-18, 1.01719988112e-17, 1.27851765172e-17, 1.26151148007e-17, 9.45737349182e-18, 8.20361004711e-18, 6.47174902964e-18, 4.16192533766e-18, 2.28576597105e-18, 1.07750490466e-18, 2.561269641e-19, 2.77419090668e-20],
        "var": [0.0898216217756, 6.86752748489, 40.6502304077, 482.107727051, 900.844543457, 1119.55761719, 1016.42700195, 1421.25671387, 2202.45947266, 4564.08935547, 5631.91699219, 5262.33203125, 11804.2558594, 4829.77832031, 3239.03466797, 2411.88256836, 2813.05419922, 2464.78955078, 1035.6229248, 717.04675293, 511.361755371, 349.354400635, 398.919586182, 393.019561768, 457.030670166, 509.316162109, 428.544311523, 321.347473145, 520.171875, 239.33972168, 478.560272217, 599.683532715, 279.684204102, 29.9721603394, 7.94549942017, 1.16501128674, 0.0620588175952, 0.00283871893771, 4.92611980007e-05, 1.45233485682e-07]
    },
    "gfcc": {
        "mean": [68.9061050415, 48.5667533875, -85.2220230103, 29.9271907806, -60.5971031189, 14.8034915924, -35.7072868347, 7.71546983719, -23.9358291626, 1.68598043919, -16.3376541138, -0.675940155983, -13.5308179855],
        "cov": [[6323.93017578, -120.023864746, 20.2928733826, 258.100494385, -304.913726807, 138.151321411, -243.400543213, -8.98268318176, -143.858215332, 27.6991615295, -94.766418457, 10.189740181, -112.594795227], [-120.023864746, 1456.84643555, 333.48538208, 163.901397705, 329.688964844, -52.6352767944, 67.0244140625, -85.6657409668, -104.665916443, -89.365524292, -33.632850647, -78.8049697876, -6.10246896744], [20.2928733826, 333.48538208, 477.320709229, 339.546203613, 108.691703796, 106.690391541, -45.0889358521, -43.1655273438, -49.5241737366, -91.5566940308, -35.6864624023, -45.3499488831, -32.7437705994], [258.100494385, 163.901397705, 339.546203613, 457.359863281, 138.727645874, 125.950942993, -43.4354858398, -17.221944809, -68.3096847534, -95.2891235352, -55.3124427795, -52.8340072632, -26.2252826691], [-304.913726807, 329.688964844, 108.691703796, 138.727645874, 247.790664673, 20.5967693329, 74.8498458862, -5.0119099617, -39.1676063538, -29.1016597748, -29.9744243622, -31.0998439789, -3.3957221508], [138.151321411, -52.6352767944, 106.690391541, 125.950942993, 20.5967693329, 196.532394409, 20.6870918274, 44.2537765503, 40.3942451477, -33.6122894287, 2.81412482262, -15.9931650162, -11.2323474884], [-243.400543213, 67.0244140625, -45.0889358521, -43.4354858398, 74.8498458862, 20.6870918274, 159.129562378, 77.2278289795, 36.708732605, 48.4692840576, 13.3944454193, 5.47148656845, 13.36328125], [-8.98268318176, -85.6657409668, -43.1655273438, -17.221944809, -5.0119099617, 44.2537765503, 77.2278289795, 120.534866333, 70.3405227661, 45.9336357117, 31.5006446838, 16.9337272644, 14.9246034622], [-143.858215332, -104.665916443, -49.5241737366, -68.3096847534, -39.1676063538, 40.3942451477, 36.708732605, 70.3405227661, 133.557815552, 64.3168563843, 53.7036437988, 25.4077205658, 14.9559516907], [27.6991615295, -89.365524292, -91.5566940308, -95.2891235352, -29.1016597748, -33.6122894287, 48.4692840576, 45.9336357117, 64.3168563843, 134.859771729, 59.712928772, 33.1120948792, 7.4155664444], [-94.766418457, -33.632850647, -35.6864624023, -55.3124427795, -29.9744243622, 2.81412482262, 13.3944454193, 31.5006446838, 53.7036437988, 59.712928772, 97.127571106, 51.5974082947, 24.2023506165], [10.189740181, -78.8049697876, -45.3499488831, -52.8340072632, -31.0998439789, -15.9931650162, 5.47148656845, 16.9337272644, 25.4077205658, 33.1120948792, 51.5974082947, 97.3686904907, 60.9470443726], [-112.594795227, -6.10246896744, -32.7437705994, -26.2252826691, -3.3957221508, -11.2323474884, 13.36328125, 14.9246034622, 14.9559516907, 7.4155664444, 24.2023506165, 60.9470443726, 93.4619369507]],
        "icov": [[0.000261766923359, -0.000234232662478, 0.000333172443788, -0.00034144683741, 0.000574748206418, -0.000513344013598, 0.000495661981404, -0.0003974243009, 0.000575154204853, -0.000721374759451, 0.000737767666578, -0.000729323772248, 0.000522503338289], [-0.000234232662478, 0.00161792675499, -0.00152101088315, 0.00107564718928, -0.00207635038532, 0.0012702626409, -0.000875942816492, 0.000776798930019, -0.000290355121251, 0.00127814814914, -0.00183454644866, 0.00207012868486, -0.00125900097191], [0.000333172443788, -0.00152101088315, 0.00639693625271, -0.00460528582335, 0.0019846460782, -0.00169224629644, 0.00039484014269, 0.00124868785497, -0.000526215764694, -0.000215994252358, 0.000811612408143, -0.00229920237325, 0.00225432706065], [-0.00034144683741, 0.00107564718928, -0.00460528582335, 0.00795773230493, -0.00448492448777, -0.00166142021772, 0.00307188834995, -0.00285972072743, 0.00242351018824, 0.000232442864217, -0.000166664511198, 0.00227209622972, -0.00191154470667], [0.000574748206418, -0.00207635038532, 0.0019846460782, -0.00448492448777, 0.0108286309987, -0.000711680040695, -0.00493007432669, 0.00183382409159, 0.00107155181468, -0.00112685956992, 0.00220585428178, -0.00177939166315, 0.00122072431259], [-0.000513344013598, 0.0012702626409, -0.00169224629644, -0.00166142021772, -0.000711680040695, 0.0106243845075, -0.00357732409611, -0.000229747281992, -0.00522090587765, 0.00599928898737, -0.00368883507326, 0.00249542365782, -0.000107966952783], [0.000495661981404, -0.000875942816492, 0.00039484014269, 0.00307188834995, -0.00493007432669, -0.00357732409611, 0.0168917104602, -0.0103691043332, 0.00347092049196, -0.00590013898909, 0.00405019568279, -0.00111542025115, -0.000236934036366], [-0.0003974243009, 0.000776798930019, 0.00124868785497, -0.00285972072743, 0.00183382409159, -0.000229747281992, -0.0103691043332, 0.0204006023705, -0.00765573699027, 0.00114477809984, -0.00266006286256, 0.00125515519176, -0.00152452883776], [0.000575154204853, -0.000290355121251, -0.000526215764694, 0.00242351018824, 0.00107155181468, -0.00522090587765, 0.00347092049196, -0.00765573699027, 0.0176780074835, -0.00638565095142, -0.00170820450876, 0.000368424109183, -0.000812779704574], [-0.000721374759451, 0.00127814814914, -0.000215994252358, 0.000232442864217, -0.00112685956992, 0.00599928898737, -0.00590013898909, 0.00114477809984, -0.00638565095142, 0.0180105492473, -0.0087948590517, 0.000986313330941, 0.00177193130367], [0.000737767666578, -0.00183454644866, 0.000811612408143, -0.000166664511198, 0.00220585428178, -0.00368883507326, 0.00405019568279, -0.00266006286256, -0.00170820450876, -0.0087948590517, 0.0236125867814, -0.0120028387755, 0.0031727864407], [-0.000729323772248, 0.00207012868486, -0.00229920237325, 0.00227209622972, -0.00177939166315, 0.00249542365782, -0.00111542025115, 0.00125515519176, 0.000368424109183, 0.000986313330941, -0.0120028387755, 0.0276910830289, -0.0158036537468], [0.000522503338289, -0.00125900097191, 0.00225432706065, -0.00191154470667, 0.00122072431259, -0.000107966952783, -0.000236934036366, -0.00152452883776, -0.000812779704574, 0.00177193130367, 0.0031727864407, -0.0158036537468, 0.0212824326009]]
    },
    "melbands": {
        "dmean": [0.00111726357136, 0.00149889243767, 0.00179034890607, 0.00103777018376, 0.000492229941301, 0.000284717651084, 0.000238149732468, 0.000208700002986, 0.000142943215906, 9.33472183533e-05, 0.000112664558401, 7.22233380657e-05, 5.79331099289e-05, 5.07196564286e-05, 3.26253029925e-05, 3.00884603348e-05, 3.02674889099e-05, 2.05803662539e-05, 1.35629743454e-05, 1.20107006296e-05, 1.3383237274e-05, 1.01318046291e-05, 1.27221865114e-05, 1.2033544408e-05, 1.01440919025e-05, 1.00299266705e-05, 1.03096499515e-05, 1.06294728539e-05, 9.85950555332e-06, 7.48955426388e-06, 7.49277751311e-06, 8.79804338183e-06, 6.64943991069e-06, 5.07388540427e-06, 7.35240018912e-06, 9.42815677263e-06, 8.1227708506e-06, 7.43217697163e-06, 4.93346396979e-06, 2.33694481722e-06],
        "dmean2": [0.00177503621671, 0.00233535817824, 0.00284801214002, 0.00152538879775, 0.000747793645132, 0.000375377887394, 0.000329503702233, 0.000302168511553, 0.000210014739423, 0.000140722375363, 0.00016764641623, 0.00011118472321, 9.26564243855e-05, 8.38649502839e-05, 5.33645470568e-05, 5.02620678162e-05, 5.01098729728e-05, 3.58044271707e-05, 2.26081101573e-05, 2.06003896892e-05, 2.23337628995e-05, 1.67545804288e-05, 2.17208707909e-05, 2.0318901079e-05, 1.75407240022e-05, 1.69255672517e-05, 1.78811442311e-05, 1.89062557183e-05, 1.76027006091e-05, 1.2930912817e-05, 1.25987353385e-05, 1.49983625306e-05, 1.11336639748e-05, 8.55304006109e-06, 1.25799624584e-05, 1.63299082487e-05, 1.40597248901e-05, 1.28102237795e-05, 8.56183851283e-06, 3.97551366405e-06],
        "dvar": [3.04541913465e-06, 4.33997547589e-06, 7.54057055019e-06, 2.3350507945e-06, 9.52167056312e-07, 1.9894311265e-07, 1.37434199132e-07, 1.34079343184e-07, 8.39751237436e-08, 3.58865719363e-08, 7.00942734966e-08, 2.96345117334e-08, 1.80900787683e-08, 9.03691610432e-09, 4.08794020856e-09, 2.5159032635e-09, 3.34080074715e-09, 1.4856140762e-09, 4.21408158369e-10, 4.1015030261e-10, 4.66911953545e-10, 2.19350440589e-10, 5.00616492705e-10, 3.80540432499e-10, 3.29960225809e-10, 2.59423121873e-10, 2.34505387331e-10, 2.86648704773e-10, 2.1218937718e-10, 1.19568813184e-10, 9.3816975022e-11, 1.54284057752e-10, 8.30428711907e-11, 4.52948165086e-11, 1.06373902742e-10, 1.88638382692e-10, 1.56764032311e-10, 1.19662668663e-10, 4.93957999503e-11, 9.06087097713e-12],
        "dvar2": [7.68492645875e-06, 1.05537346826e-05, 1.88250724023e-05, 5.47791842109e-06, 2.38949746745e-06, 3.17901424296e-07, 2.35759173961e-07, 2.41986072069e-07, 1.46781459875e-07, 6.27805434306e-08, 1.19627301842e-07, 5.52429533229e-08, 3.55058027424e-08, 2.21337117523e-08, 9.52776879615e-09, 6.00298877274e-09, 7.80058329042e-09, 4.38825997762e-09, 1.09250819502e-09, 1.06205466643e-09, 1.22164700578e-09, 5.83467829607e-10, 1.35196664974e-09, 1.0157010788e-09, 9.21416387634e-10, 7.03446634276e-10, 6.40237196592e-10, 7.83102138691e-10, 5.76692082976e-10, 3.16361215003e-10, 2.22613733003e-10, 3.86015330811e-10, 1.98888863712e-10, 1.12062976954e-10, 2.6277371945e-10, 4.74102257453e-10, 3.89292320602e-10, 2.9787300404e-10, 1.25517291005e-10, 2.23526405718e-11],
        "max": [0.0223013199866, 0.0193151850253, 0.0305334758013, 0.0204036962241, 0.0122542809695, 0.00808587670326, 0.0107959005982, 0.0112552940845, 0.0104697374627, 0.00901596434414, 0.0115201566368, 0.00674755405635, 0.0056838914752, 0.00187550310511, 0.0023799543269, 0.00163157423958, 0.00184550695121, 0.00160872540437, 0.000638472323772, 0.000718315772247, 0.000452314852737, 0.000287157396087, 0.000768153753597, 0.00025781057775, 0.000188595644431, 0.00025773854577, 0.000193283412955, 0.000163515840541, 0.000131293723825, 0.000143467870657, 0.000126636048662, 0.000188784644706, 0.000141128446558, 0.000109167827759, 0.000162208132679, 0.000243077112827, 0.000271305674687, 0.000206515425816, 0.000100860270322, 4.17768351326e-05],
        "mean": [0.00233192183077, 0.0029099972453, 0.00299403327517, 0.00184532662388, 0.000772546045482, 0.000584303867072, 0.000508759636432, 0.000404648570111, 0.000278643099591, 0.000190850623767, 0.000216588538024, 0.000129428604851, 9.64812788879e-05, 7.75690496084e-05, 5.53471363673e-05, 5.15700230608e-05, 5.11624966748e-05, 3.36053853971e-05, 2.45507562795e-05, 2.04150910577e-05, 2.30544301303e-05, 1.83414977073e-05, 1.92384977709e-05, 1.84012114914e-05, 1.46227312143e-05, 1.54132630996e-05, 1.45248450281e-05, 1.39471303555e-05, 1.25357764773e-05, 1.07548939923e-05, 1.17052268251e-05, 1.26746808746e-05, 9.91805427475e-06, 7.58318947192e-06, 9.92197965388e-06, 1.18274019769e-05, 1.01722162071e-05, 9.45989540924e-06, 6.29799387752e-06, 3.42983025803e-06],
        "median": [0.00122436345555, 0.00196182867512, 0.00167153845541, 0.0010852497071, 0.000387779582525, 0.000325485423673, 0.000290415657219, 0.000190176418982, 0.000114647620649, 9.42497863434e-05, 7.36307047191e-05, 5.47966919839e-05, 4.100138176e-05, 3.50926347892e-05, 2.75385027635e-05, 2.889555617e-05, 2.2944452212e-05, 1.86853685591e-05, 1.6825953935e-05, 1.36135686262e-05, 1.3456443412e-05, 1.2166934539e-05, 1.11812205432e-05, 1.1984968296e-05, 9.89033105725e-06, 1.07823634607e-05, 9.55211271503e-06, 8.35205173644e-06, 7.78584126238e-06, 6.66278174322e-06, 8.26711948321e-06, 8.52450102684e-06, 6.65696279611e-06, 5.59391719435e-06, 6.02767886448e-06, 6.03734270044e-06, 5.09906840307e-06, 4.79883419757e-06, 3.63402841685e-06, 2.50897574006e-06],
        "min": [2.05422160454e-24, 1.33263337681e-24, 1.76212080805e-24, 1.22404894118e-24, 1.59232283694e-24, 1.34406170335e-24, 3.63968667641e-24, 1.825700236e-24, 2.48553603764e-24, 3.93951771813e-24, 1.75596986236e-24, 3.35647101751e-24, 2.58319090403e-24, 4.28883006013e-24, 2.54256220083e-24, 5.76731001325e-24, 3.90296269265e-24, 4.7493761285e-24, 4.68830370051e-24, 4.3710041229e-24, 3.99458020932e-24, 4.48627839483e-24, 5.66548542533e-24, 4.40543316825e-24, 4.67208905903e-24, 4.43741043391e-24, 4.69065016727e-24, 6.14613364171e-24, 5.56056771379e-24, 6.79945167734e-24, 5.90028080187e-24, 5.30966261428e-24, 5.64998549183e-24, 4.71329954715e-24, 5.3556382167e-24, 7.40374042998e-24, 6.58764410201e-24, 6.20679743975e-24, 6.47284985194e-24, 6.64821284231e-24],
        "var": [8.79978688317e-06, 8.27617986943e-06, 1.28146793941e-05, 5.07031199959e-06, 1.41959822031e-06, 6.71643988426e-07, 4.76311754483e-07, 5.07910840497e-07, 3.31635135353e-07, 1.88449064353e-07, 2.92118187417e-07, 9.37365101095e-08, 5.6690126371e-08, 1.82329173981e-08, 1.19253176223e-08, 7.00903202144e-09, 1.03226636128e-08, 2.67827648948e-09, 9.325918926e-10, 8.03659361281e-10, 8.90014228982e-10, 3.95263405339e-10, 7.78120901046e-10, 4.41236519544e-10, 2.86128815086e-10, 2.66030447671e-10, 2.4243468344e-10, 2.85938939193e-10, 1.99682020918e-10, 1.48155945845e-10, 1.46743492357e-10, 2.0402697587e-10, 1.25173454935e-10, 6.32785490673e-11, 1.47991521815e-10, 2.63208815854e-10, 2.12935641342e-10, 1.7075542369e-10, 6.44246461734e-11, 1.28336039712e-11]
    },
    "mfcc": {
        "mean": [-584.610351562, 87.7149276733, 26.1042842865, 19.8646507263, 3.83510255814, 5.06438732147, 0.677047908306, 3.30381679535, -1.09182858467, 2.29263448715, -0.287347495556, 1.00587999821, -3.5535299778],
        "cov": [[2984.73803711, -39.5708122253, 325.484924316, 91.2385864258, 79.2751464844, 96.9754867554, -7.31826400757, -38.2637748718, -93.7243041992, -62.8824386597, -100.00352478, -40.2849655151, -36.115688324], [-39.5708122253, 1317.15527344, 52.496673584, 245.589813232, 127.898605347, 91.2648696899, 157.325241089, -18.5113677979, -20.7772407532, -52.6458129883, -84.3741836548, -65.6374588013, -13.9079856873], [325.484924316, 52.496673584, 450.237365723, 113.627288818, 176.629058838, 119.836402893, 28.3507480621, 73.0688476562, -33.4765663147, -32.1498603821, -56.5902557373, -31.2067642212, -44.2988548279], [91.2385864258, 245.589813232, 113.627288818, 299.04586792, 132.215576172, 93.0721893311, 112.57346344, 18.8886089325, 1.62227630615, -33.643611908, -63.3101654053, -47.1805763245, -29.4433403015], [79.2751464844, 127.898605347, 176.629058838, 132.215576172, 213.499588013, 111.865615845, 60.1217193604, 63.1771621704, -17.4225025177, -30.1838855743, -50.7896728516, -41.3011169434, -40.0178337097], [96.9754867554, 91.2648696899, 119.836402893, 93.0721893311, 111.865615845, 145.412750244, 67.8471832275, 41.4621200562, 2.84218525887, -12.2800331116, -24.1238632202, -26.3673286438, -29.3120956421], [-7.31826400757, 157.325241089, 28.3507480621, 112.57346344, 60.1217193604, 67.8471832275, 143.892456055, 54.2690315247, 24.6125297546, 6.46332550049, -15.1949148178, -9.44082164764, -12.8952894211], [-38.2637748718, -18.5113677979, 73.0688476562, 18.8886089325, 63.1771621704, 41.4621200562, 54.2690315247, 124.550804138, 52.7831764221, 16.8109664917, -6.57932853699, -4.16683244705, -6.51166820526], [-93.7243041992, -20.7772407532, -33.4765663147, 1.62227630615, -17.4225025177, 2.84218525887, 24.6125297546, 52.7831764221, 99.0216293335, 63.6595535278, 25.6078281403, 4.04429292679, 8.04423618317], [-62.8824386597, -52.6458129883, -32.1498603821, -33.643611908, -30.1838855743, -12.2800331116, 6.46332550049, 16.8109664917, 63.6595535278, 109.846466064, 75.6804962158, 36.2621955872, 10.4501962662], [-100.00352478, -84.3741836548, -56.5902557373, -63.3101654053, -50.7896728516, -24.1238632202, -15.1949148178, -6.57932853699, 25.6078281403, 75.6804962158, 126.204780579, 78.8654632568, 28.8938655853], [-40.2849655151, -65.6374588013, -31.2067642212, -47.1805763245, -41.3011169434, -26.3673286438, -9.44082164764, -4.16683244705, 4.04429292679, 36.2621955872, 78.8654632568, 115.553268433, 61.7833366394], [-36.115688324, -13.9079856873, -44.2988548279, -29.4433403015, -40.0178337097, -29.3120956421, -12.8952894211, -6.51166820526, 8.04423618317, 10.4501962662, 28.8938655853, 61.7833366394, 105.693054199]],
