{
"lowlevel": {
    "average_loudness": 0.547283232212,
    "barkbands_crest": {
        "dmean": 1.88852989674,
        "dmean2": 2.88536119461,
        "dvar": 3.04359579086,
        "dvar2": 7.44712972641,
        "max": 25.5680236816,
        "mean": 11.0997276306,
        "median": 10.3755970001,
        "min": 4.09507751465,
        "var": 15.0657291412
    },
    "barkbands_flatness_db": {
        "dmean": 0.0150065701455,
        "dmean2": 0.0223773997277,
        "dvar": 0.000162538766745,
        "dvar2": 0.000384176761145,
        "max": 0.498600572348,
        "mean": 0.261517882347,
        "median": 0.263446778059,
        "min": 0.0423187799752,
        "var": 0.00409099040553
    },
    "barkbands_kurtosis": {
        "dmean": 1.85777890682,
        "dmean2": 2.83034968376,
        "dvar": 10.385102272,
        "dvar2": 21.8628387451,
        "max": 186.467544556,
        "mean": 3.50634407997,
        "median": 2.00634098053,
        "min": -1.80489778519,
        "var": 35.0866737366
    },
    "barkbands_skewness": {
        "dmean": 0.391411632299,
        "dmean2": 0.581355333328,
        "dvar": 0.129921466112,
        "dvar2": 0.291662335396,
        "max": 10.4686393738,
        "mean": 1.29749083519,
        "median": 1.22217774391,
        "min": -2.72913098335,
        "var": 1.03725862503
    },
    "barkbands_spread": {
        "dmean": 1.77490460873,
        "dmean2": 2.70799922943,
        "dvar": 3.97211575508,
        "dvar2": 9.0749912262,
        "max": 78.1828918457,
        "mean": 9.44634914398,
        "median": 8.61318778992,
        "min": 0.530449211597,
        "var": 26.4291763306
    },
    "dissonance": {
        "dmean": 0.0337580181658,
        "dmean2": 0.0567967258394,
        "dvar": 0.000816246785689,
        "dvar2": 0.00231433589943,
        "max": 0.499842256308,
        "mean": 0.41291514039,
        "median": 0.417204797268,
        "min": 0.197951585054,
        "var": 0.00196277815849
    },
    "dynamic_complexity": 3.6812851429,
    "erbbands_crest": {
        "dmean": 2.93333554268,
        "dmean2": 4.60621738434,
        "dvar": 7.22300958633,
        "dvar2": 16.3315429688,
        "max": 33.1530838013,
        "mean": 12.5507307053,
        "median": 11.1736783981,
        "min": 2.71094346046,
        "var": 30.796043396
    },
    "erbbands_flatness_db": {
        "dmean": 0.0139439022169,
        "dmean2": 0.0205117743462,
        "dvar": 0.000142343837069,
        "dvar2": 0.000303197622998,
        "max": 0.480305582285,
        "mean": 0.280537694693,
        "median": 0.281800210476,
        "min": 0.0464829988778,
        "var": 0.00336097902618
    },
    "erbbands_kurtosis": {
        "dmean": 1.05948531628,
        "dmean2": 1.60506737232,
        "dvar": 2.01230692863,
        "dvar2": 4.05590248108,
        "max": 43.0265388489,
        "mean": 1.34531259537,
        "median": 0.607611656189,
        "min": -1.65998256207,
        "var": 7.75459051132
    },
    "erbbands_skewness": {
        "dmean": 0.327794879675,
        "dmean2": 0.503283798695,
        "dvar": 0.0817532241344,
        "dvar2": 0.191001310945,
        "max": 5.21285438538,
        "mean": 0.47537624836,
        "median": 0.461261153221,
        "min": -5.1476111412,
        "var": 0.430084496737
    },
    "erbbands_spread": {
        "dmean": 3.75985884666,
        "dmean2": 5.77838468552,
        "dvar": 13.5464305878,
        "dvar2": 32.1437721252,
        "max": 117.108207703,
        "mean": 19.2870674133,
        "median": 18.3718795776,
        "min": 1.09784555435,
        "var": 68.2336578369
    },
    "hfc": {
        "dmean": 3.03456830978,
        "dmean2": 4.31910133362,
        "dvar": 18.530664444,
        "dvar2": 36.1498527527,
        "max": 129.518920898,
        "mean": 13.0195913315,
        "median": 10.5230503082,
        "min": 1.28217666862e-16,
        "var": 120.113647461
    },
    "melbands_crest": {
        "dmean": 2.40566253662,
        "dmean2": 3.56534934044,
        "dvar": 4.87291097641,
        "dvar2": 11.8643093109,
        "max": 33.9943199158,
        "mean": 15.5086669922,
        "median": 14.3087158203,
        "min": 1.66069090366,
        "var": 36.0979652405
    },
    "melbands_flatness_db": {
        "dmean": 0.0157987438142,
        "dmean2": 0.0223990902305,
        "dvar": 0.000185714612599,
        "dvar2": 0.000423516961746,
        "max": 0.637949943542,
        "mean": 0.330691128969,
        "median": 0.32736441493,
        "min": 0.00409658020362,
        "var": 0.00675270007923
    },
    "melbands_kurtosis": {
        "dmean": 3.04404973984,
        "dmean2": 4.61131620407,
        "dvar": 31.4071025848,
        "dvar2": 72.1562194824,
        "max": 240.56652832,
        "mean": 6.27595806122,
        "median": 3.61484146118,
        "min": -1.89032721519,
        "var": 91.7480316162
    },
    "melbands_skewness": {
        "dmean": 0.465513408184,
        "dmean2": 0.683370471001,
        "dvar": 0.204917624593,
        "dvar2": 0.459962457418,
        "max": 14.1274185181,
        "mean": 1.73416948318,
        "median": 1.58317708969,
        "min": -2.30164718628,
        "var": 1.44118952751
    },
    "melbands_spread": {
        "dmean": 2.54719805717,
        "dmean2": 3.88393187523,
        "dvar": 9.10343456268,
        "dvar2": 21.6907291412,
        "max": 158.356536865,
        "mean": 13.187830925,
        "median": 11.5189285278,
        "min": 0.487773030996,
        "var": 141.512664795
    },
    "pitch_salience": {
        "dmean": 0.0517684668303,
        "dmean2": 0.0796668753028,
        "dvar": 0.00201924028806,
        "dvar2": 0.00491505069658,
        "max": 0.823888421059,
        "mean": 0.489035993814,
        "median": 0.489134222269,
        "min": 0.0844716727734,
        "var": 0.0119791030884
    },
    "silence_rate_20dB": {
        "dmean": 0,
        "dmean2": 0,
        "dvar": 0,
        "dvar2": 0,
        "max": 1,
        "mean": 1,
        "median": 1,
        "min": 1,
        "var": 0
    },
    "silence_rate_30dB": {
        "dmean": 0.0075706592761,
        "dmean2": 0.0151425926015,
        "dvar": 0.00751424301416,
        "dvar2": 0.0167637094855,
        "max": 1,
        "mean": 0.982504844666,
        "median": 1,
        "min": 0,
        "var": 0.0171883571893
    },
    "silence_rate_60dB": {
        "dmean": 0.00891655497253,
        "dmean2": 0.0178346093744,
        "dvar": 0.00883504841477,
        "dvar2": 0.0205472763628,
        "max": 1,
        "mean": 0.0826814696193,
        "median": 0,
        "min": 0,
        "var": 0.0758455246687
    },
    "spectral_centroid": {
        "dmean": 81.2041168213,
        "dmean2": 122.368431091,
        "dvar": 12540.4472656,
        "dvar2": 22963.8691406,
        "max": 11108.4394531,
        "mean": 686.148986816,
        "median": 617.52545166,
        "min": 132.897262573,
        "var": 153274.34375
    },
    "spectral_complexity": {
        "dmean": 1.4932705164,
        "dmean2": 2.43593835831,
        "dvar": 1.72978484631,
        "dvar2": 4.18244314194,
        "max": 28,
        "mean": 12.4000339508,
        "median": 13,
        "min": 0,
        "var": 19.1109237671
    },
    "spectral_decrease": {
        "dmean": 1.52606860482e-09,
        "dmean2": 2.09345540902e-09,
        "dvar": 4.67552963821e-18,
        "dvar2": 1.06395204663e-17,
        "max": 1.13762058655e-17,
        "mean": -7.32373495183e-09,
        "median": -5.64469315734e-09,
        "min": -7.28300264541e-08,
        "var": 4.50292045358e-17
    },
    "spectral_energy": {
        "dmean": 0.00599977560341,
        "dmean2": 0.00824640411884,
        "dvar": 7.15900168871e-05,
        "dvar2": 0.000161830845173,
        "max": 0.285969465971,
        "mean": 0.0288223437965,
        "median": 0.0223521739244,
        "min": 1.10130285534e-20,
        "var": 0.000682360201608
    },
    "spectral_energyband_high": {
        "dmean": 3.60813428415e-05,
        "dmean2": 5.75053163629e-05,
        "dvar": 6.74599132111e-09,
        "dvar2": 1.75078458398e-08,
        "max": 0.00240797852166,
        "mean": 9.34108102228e-05,
        "median": 1.81941595656e-05,
        "min": 8.49460447702e-21,
        "var": 3.00207219084e-08
    },
    "spectral_energyband_low": {
        "dmean": 0.00227815331891,
        "dmean2": 0.00276549882255,
        "dvar": 1.64402208611e-05,
        "dvar2": 3.5382436181e-05,
        "max": 0.25393819809,
        "mean": 0.00948837585747,
        "median": 0.00352568179369,
        "min": 7.77675425565e-23,
        "var": 0.000280767213553
    },
    "spectral_energyband_middle_high": {
        "dmean": 0.00169414270204,
        "dmean2": 0.00254348828457,
        "dvar": 1.01532350527e-05,
        "dvar2": 2.02606006496e-05,
        "max": 0.0817110836506,
        "mean": 0.00468030245975,
        "median": 0.00280958949588,
        "min": 1.20617695738e-21,
        "var": 3.77118340111e-05
    },
    "spectral_energyband_middle_low": {
        "dmean": 0.00450698053464,
        "dmean2": 0.00631403364241,
        "dvar": 4.68690013804e-05,
        "dvar2": 0.000109343258373,
        "max": 0.149536862969,
        "mean": 0.0175045244396,
        "median": 0.0132189011201,
        "min": 2.31653005921e-22,
        "var": 0.000282755878288
    },
    "spectral_entropy": {
        "dmean": 0.109580025077,
        "dmean2": 0.160088181496,
        "dvar": 0.00905076228082,
        "dvar2": 0.0199561901391,
        "max": 9.79581260681,
        "mean": 6.35544395447,
        "median": 6.36921930313,
        "min": 4.69716596603,
        "var": 0.173282235861
    },
    "spectral_flux": {
        "dmean": 0.014529096894,
        "dmean2": 0.0242631174624,
        "dvar": 0.00034295846126,
        "dvar2": 0.000869473849889,
        "max": 0.273288697004,
        "mean": 0.0548126958311,
        "median": 0.0505109615624,
        "min": 1.04942977919e-10,
        "var": 0.000975882168859
    },
    "spectral_kurtosis": {
        "dmean": 11.1301193237,
        "dmean2": 19.7111148834,
        "dvar": 152.470214844,
        "dvar2": 464.236572266,
        "max": 237.663497925,
        "mean": 22.9711914062,
        "median": 15.6506633759,
        "min": -1.16110992432,
        "var": 430.407714844
    },
    "spectral_rms": {
        "dmean": 0.000522034300957,
        "dmean2": 0.000711626140401,
        "dvar": 3.34232396426e-07,
        "dvar2": 7.42030636047e-07,
        "max": 0.0167031306773,
        "mean": 0.00479247653857,
        "median": 0.00466979620978,
        "min": 3.27786799439e-12,
        "var": 5.15154806635e-06
    },
    "spectral_rolloff": {
        "dmean": 137.171539307,
        "dmean2": 238.202011108,
        "dvar": 93737.1640625,
        "dvar2": 195871.921875,
        "max": 19702.8808594,
        "mean": 944.264282227,
        "median": 775.1953125,
        "min": 129.19921875,
        "var": 2837177.75
    },
    "spectral_skewness": {
        "dmean": 0.758842110634,
        "dmean2": 1.33943474293,
        "dvar": 0.549841105938,
        "dvar2": 1.71214842796,
        "max": 11.5656833649,
        "mean": 3.02003455162,
        "median": 2.67970252037,
        "min": -0.0144921708852,
        "var": 1.55304884911
    },
    "spectral_spread": {
        "dmean": 241504.34375,
        "dmean2": 409440.125,
        "dvar": 110912978944,
        "dvar2": 185002934272,
        "max": 39072124,
        "mean": 2038968.875,
        "median": 1829109.125,
        "min": 360135.75,
        "var": 1.33840319283e+12
    },
    "spectral_strongpeak": {
        "dmean": 0.440506458282,
        "dmean2": 0.713693201542,
        "dvar": 0.526603281498,
        "dvar2": 1.18711912632,
        "max": 10.7469568253,
        "mean": 1.18045389652,
        "median": 0.799957871437,
        "min": 0,
        "var": 1.42530727386
    },
    "zerocrossingrate": {
        "dmean": 0.00352229527198,
        "dmean2": 0.00438233138993,
        "dvar": 2.32177517319e-05,
        "dvar2": 3.14685130434e-05,
        "max": 0.52978515625,
        "mean": 0.0344086512923,
        "median": 0.029296875,
        "min": 0.0048828125,
        "var": 0.00198189448565
    },
    "barkbands": {
        "dmean": [1.18397679216e-06, 0.000198360430659, 0.00159848877229, 0.00109948869795, 0.00158060959075, 0.0014305653749, 0.000892348354682, 0.000738103582989, 0.000978572177701, 0.00111969583668, 0.000440234638518, 0.000330883165589, 0.000414761452703, 0.000117448507808, 0.000125538164866, 8.77932325238e-05, 5.0419341278e-05, 1.66269383044e-05, 1.67141770362e-05, 1.54832032422e-05, 1.3667931853e-05, 1.09466800495e-05, 7.69204780227e-06, 1.49131994931e-06, 4.18655076828e-07, 2.93272989893e-07, 2.31874235368e-08],
        "dmean2": [1.9793710635e-06, 0.000312620511977, 0.00193453929387, 0.00146396458149, 0.00234806328081, 0.00193632661831, 0.00125385611318, 0.00109270133544, 0.00148902810179, 0.00160153501201, 0.000650120200589, 0.000511293066666, 0.000679478398524, 0.000188279562281, 0.000204289302928, 0.000123676058138, 8.26070681796e-05, 2.75524507742e-05, 2.74142912531e-05, 2.44988805207e-05, 2.18659170059e-05, 1.74749220605e-05, 1.25180813484e-05, 2.21920049626e-06, 6.18150693299e-07, 3.62884321703e-07, 3.04574641063e-08],
        "dvar": [4.42111234775e-12, 1.61872137028e-07, 1.02252897705e-05, 7.81469498179e-06, 1.19170190374e-05, 5.13118766321e-06, 2.69504857897e-06, 2.03733429771e-06, 3.68141013496e-06, 9.50626235863e-06, 2.20398965212e-06, 9.48005151713e-07, 8.1931028717e-07, 1.14619147951e-07, 1.43960093624e-07, 3.41890284972e-08, 3.2925708382e-08, 1.3898596718e-09, 1.28580612824e-09, 1.4477262722e-09, 2.30750973884e-09, 1.76412273678e-09, 1.73745584586e-09, 3.24309711031e-11, 1.63915625864e-12, 1.58711401226e-12, 9.09790550053e-15],
        "dvar2": [1.16154247679e-11, 4.04344490335e-07, 2.06879576581e-05, 1.82759067684e-05, 3.10213181365e-05, 1.14941240099e-05, 5.29282988282e-06, 4.02881187256e-06, 7.54451866669e-06, 1.710370816e-05, 4.11393284594e-06, 2.16759485738e-06, 2.11261954064e-06, 2.87966713586e-07, 3.49265945943e-07, 6.04643446422e-08, 7.69389814081e-08, 3.70737929245e-09, 3.42260420005e-09, 3.67877017737e-09, 6.0607581176e-09, 4.53561099789e-09, 4.51636683607e-09, 6.97609053857e-11, 3.62898600059e-12, 2.52500039107e-12, 1.51768026179e-14],
        "max": [6.65007901262e-05, 0.0194569546729, 0.193172991276, 0.119306921959, 0.0708306804299, 0.0603780373931, 0.0473749116063, 0.0458096936345, 0.0475154481828, 0.0836985260248, 0.0711725354195, 0.0273292344064, 0.0214534662664, 0.0159399621189, 0.0152445416898, 0.0028914604336, 0.00503645371646, 0.000994503265247, 0.000868487288244, 0.000989423482679, 0.00128637393937, 0.000881333777215, 0.00163547997363, 0.000112071247713, 2.96466841974e-05, 3.26170011249e-05, 3.308685109e-06],
        "mean": [1.96070118363e-06, 0.000689772772603, 0.00656262412667, 0.00350102107041, 0.00366469123401, 0.0037267243024, 0.00183513667434, 0.00129364733584, 0.00198580091819, 0.00271398760378, 0.000810901459772, 0.000523082911968, 0.000704535166733, 0.000204182040761, 0.00019669024914, 0.000141453303513, 9.16271965252e-05, 3.45042244589e-05, 3.62880236935e-05, 3.19846440107e-05, 2.77092494798e-05, 2.29336728808e-05, 1.66522931977e-05, 2.7328080705e-06, 1.12990358048e-06, 5.77162325044e-07, 4.96574301678e-08],
        "median": [7.66377809214e-07, 0.000224140370847, 0.00161199807189, 0.000630566384643, 0.00178475666326, 0.00203823042102, 0.000764166936278, 0.000544458918739, 0.000805178831797, 0.000670049514156, 0.000255335558904, 0.000105573803012, 0.000188373145647, 5.30450779479e-05, 7.74320142227e-05, 4.31719345215e-05, 2.67075447482e-05, 1.59116461873e-05, 1.22142428154e-05, 7.12889004717e-06, 4.1273970055e-06, 1.79637413567e-06, 3.33173375111e-07, 1.34195886403e-07, 2.82625318704e-08, 3.26982108056e-09, 1.2011416306e-09],
        "min": [1.64865002992e-23, 4.47161638939e-23, 1.42166366637e-23, 5.20880122552e-24, 2.74974697237e-23, 7.09112747502e-23, 1.20610971172e-23, 4.12768092332e-23, 5.36382059755e-23, 6.86825091901e-23, 8.36865994312e-23, 7.41106800116e-23, 1.81086113128e-22, 8.71059896001e-23, 9.76779184877e-23, 1.06910330004e-22, 1.46231196488e-22, 1.20255925389e-22, 9.96946950345e-23, 3.26587203071e-22, 2.80418392841e-22, 7.17142669941e-22, 3.77844405954e-22, 9.45859522951e-22, 1.74444050719e-21, 1.77781146918e-21, 2.66084555428e-21],
        "var": [1.25347284635e-11, 2.00171689357e-06, 0.000182969728485, 8.41375440359e-05, 2.7935291655e-05, 2.36487976508e-05, 9.38306948228e-06, 5.4551546782e-06, 1.25963933897e-05, 4.2503401346e-05, 5.84464669373e-06, 1.91626099877e-06, 1.82700705409e-06, 3.75137176434e-07, 3.06806811068e-07, 7.98852823891e-08, 7.37117176186e-08, 3.67458463657e-09, 3.96309607353e-09, 5.32533528386e-09, 6.79459644104e-09, 5.88216764186e-09, 5.66948488157e-09, 7.44116435136e-11, 8.81544923864e-12, 5.7093748132e-12, 4.20256582626e-14]
    },
    "erbbands": {
        "dmean": [0.00151893764269, 0.0772771239281, 1.31424403191, 3.16814184189, 3.86750268936, 5.78498077393, 10.0873966217, 11.9257287979, 12.0516042709, 12.4155321121, 17.8281936646, 27.7660198212, 28.1778430939, 27.4621620178, 16.5208835602, 17.3320808411, 19.8248119354, 7.84781932831, 6.4833111763, 5.91857385635, 3.11983990669, 1.88765788078, 1.08224248886, 0.746660232544, 0.769022285938, 0.83762305975, 0.655966818333, 0.311404705048, 0.456155925989, 0.382710397243, 0.0935143381357, 0.0324557311833, 0.0191254131496, 0.00739721907303, 0.002719754586, 0.00135676166974, 0.000515125517268, 7.99716071924e-05, 8.00983525551e-06, 6.8177337198e-06],
        "dmean2": [0.00225072354078, 0.111026115716, 1.57233297825, 3.99947118759, 6.05034971237, 8.63127803802, 12.8860569, 17.095746994, 16.6416931152, 17.9957695007, 26.1379795074, 42.1027946472, 39.4603996277, 40.5500526428, 24.7510795593, 26.6604957581, 32.525554657, 12.5717830658, 10.504693985, 8.85085964203, 4.66878604889, 3.05929660797, 1.79427337646, 1.23513257504, 1.24793601036, 1.3378341198, 1.05767190456, 0.501837968826, 0.742243349552, 0.625132381916, 0.145910516381, 0.0471870452166, 0.028826482594, 0.0110476240516, 0.00405216077343, 0.00186822784599, 0.000634637195617, 9.64257342275e-05, 1.02072781374e-05, 9.34609397518e-06],
        "dvar": [8.1860807768e-06, 0.0244142450392, 6.9636182785, 39.7256698608, 127.819709778, 163.450271606, 338.734558105, 403.21585083, 496.714324951, 625.264526367, 1323.30932617, 2950.9465332, 8804.95605469, 6273.95068359, 2432.55004883, 2347.52075195, 1864.93823242, 377.495666504, 520.9609375, 84.9276351929, 45.0628356934, 32.6126022339, 5.73897838593, 2.6082046032, 3.10582613945, 3.53361654282, 4.87173938751, 1.74994826317, 3.2273209095, 2.86520910263, 0.172988474369, 0.0146672418341, 0.00745405815542, 0.000619918049779, 9.47990629356e-05, 3.3884170989e-05, 6.07332731306e-06, 1.84650716051e-07, 7.96554378013e-10, 9.06458241801e-11],
        "dvar2": [2.04037114599e-05, 0.0529244653881, 13.79500103, 93.598487854, 335.155975342, 431.271057129, 560.88684082, 1018.24035645, 959.953308105, 1253.45959473, 2452.90844727, 6048.37207031, 15336.9228516, 11978.3847656, 4843.06103516, 5223.62890625, 4842.35888672, 947.170715332, 1248.25463867, 180.065582275, 95.134552002, 80.5073242188, 15.4142789841, 7.04524755478, 8.07277488708, 9.21469974518, 12.885928154, 4.60071706772, 8.87888526917, 7.69721508026, 0.410672128201, 0.0314147733152, 0.0167475789785, 0.00136515276972, 0.000217097127461, 6.60428922856e-05, 1.01245841506e-05, 2.53168991549e-07, 1.31991195751e-09, 2.01969468927e-10],
        "max": [0.134873643517, 8.20429611206, 133.862701416, 330.363830566, 233.449859619, 328.269012451, 930.00769043, 490.113952637, 729.963928223, 718.670654297, 1251.89416504, 1382.94006348, 2329.03564453, 2398.83447266, 2243.63208008, 1432.98620605, 890.896789551, 881.454528809, 909.525878906, 135.895370483, 159.472747803, 169.563186646, 61.4414176941, 37.865436554, 49.7507324219, 43.3618469238, 63.8542480469, 53.6547851562, 40.7599029541, 64.1361694336, 17.5597248077, 2.7950553894, 2.22671318054, 0.548457920551, 0.336228966713, 0.170584917068, 0.0810514986515, 0.0150716006756, 0.0011140279239, 0.000338226469466],
        "mean": [0.00770007679239, 0.320162624121, 5.67000102997, 11.5331850052, 8.29361534119, 13.0373048782, 29.9445896149, 26.6964035034, 26.5607337952, 24.9146461487, 33.6177444458, 58.2578010559, 75.2939071655, 56.2902565002, 32.2564620972, 29.5036716461, 34.1749763489, 15.3637857437, 11.1882514954, 9.60639095306, 5.64358329773, 3.75806045532, 2.30670428276, 1.76698863506, 1.68428862095, 1.78067469597, 1.411860466, 0.742981314659, 1.00702607632, 0.845816254616, 0.209191039205, 0.0640800446272, 0.0355229377747, 0.016054501757, 0.0074586882256, 0.0030724524986, 0.0010186303407, 0.000149918967509, 2.63621750491e-05, 3.299240052e-05],
        "median": [0.00322537659667, 0.0964248552918, 1.43301296234, 3.83226585388, 2.89315199852, 5.92423582077, 12.3425121307, 14.7368125916, 11.6470813751, 10.4139385223, 14.7144908905, 24.8489208221, 16.697309494, 19.4082984924, 13.0587387085, 8.23879814148, 9.51270961761, 5.12181043625, 3.53614211082, 5.02614355087, 2.52111577988, 1.34623849392, 1.1955755949, 0.903302311897, 0.547668099403, 0.439458012581, 0.260505139828, 0.144650518894, 0.0793899968266, 0.0274919942021, 0.0104446588084, 0.00462897494435, 0.00135593453888, 0.000580381019972, 0.000130896631163, 4.47615057055e-05, 1.76497997018e-05, 3.41471991305e-06, 1.2639506167e-05, 2.59401713265e-05],
        "min": [2.00614239881e-21, 7.42681528041e-21, 1.89415587637e-20, 1.46871927743e-20, 4.93034250958e-20, 7.89722449372e-20, 1.99442887511e-19, 8.25855520911e-19, 2.72697847462e-19, 4.75286347746e-19, 8.27270516746e-19, 1.24667740199e-18, 2.0232752997e-18, 2.14957585307e-18, 3.86282634073e-18, 3.25095153585e-18, 9.42710116294e-18, 4.37533876287e-18, 6.16577202593e-18, 3.63533347431e-18, 6.86943099838e-18, 7.59237320527e-18, 7.06305619539e-18, 7.48212243732e-18, 5.49799159895e-18, 1.56647196153e-17, 1.33847633473e-17, 1.24283556164e-17, 2.6988651802e-17, 1.58448249588e-17, 1.20682135854e-17, 1.45463052527e-17, 1.88573257599e-17, 2.04860162619e-17, 1.10981251143e-17, 6.78498206169e-18, 3.46330823783e-18, 1.37936999355e-18, 3.67187619412e-19, 3.87623168144e-20],
        "var": [0.00015803099086, 0.434058487415, 134.843780518, 506.257507324, 342.913208008, 393.87298584, 3015.68481445, 1176.29284668, 1923.10168457, 2066.63476562, 3635.02270508, 10123.2148438, 44777.0703125, 19399.5253906, 6416.91064453, 5061.60449219, 4056.46191406, 1324.17211914, 1120.50915527, 181.809326172, 95.6209411621, 83.1942825317, 15.5091619492, 7.80101728439, 9.37277603149, 13.0234069824, 15.4366455078, 7.01762866974, 11.09258461, 9.66792106628, 0.584467947483, 0.0358523018658, 0.0162279158831, 0.00183083396405, 0.000514219747856, 0.000133719790028, 2.17602100747e-05, 4.9742743613e-07, 3.81385190096e-09, 8.7270252136e-10]
    },
    "gfcc": {
        "mean": [-108.831169128, 187.18548584, -145.674926758, 0.701425671577, -49.3372383118, -16.0427570343, -17.4269828796, -17.3333587646, -17.7523860931, -14.287320137, -12.6189165115, -13.6962003708, -3.76339364052],
        "cov": [[15131.0400391, 710.597717285, -374.373809814, 853.66809082, -1135.95715332, 674.373718262, -400.182312012, -98.8125762939, 134.632080078, 38.5531997681, -53.3928108215, -190.504150391, -240.060379028], [710.597717285, 3222.58837891, -195.946472168, -431.281005859, 1130.53857422, -758.302001953, 529.643493652, -143.032592773, 318.589294434, -239.056655884, 103.982147217, -268.471008301, 63.5618782043], [-374.373809814, -195.946472168, 707.958007812, 168.555648804, 75.8269119263, 263.329498291, 10.4623594284, 74.023765564, -25.4385166168, 45.1095962524, -30.2003364563, 9.84373855591, -113.079788208], [853.66809082, -431.281005859, 168.555648804, 433.423919678, -222.320831299, 244.444152832, -59.7972412109, 25.6337871552, 19.3283214569, 11.0552129745, 6.3585691452, -11.086435318, -55.7041549683], [-1135.95715332, 1130.53857422, 75.8269119263, -222.320831299, 753.538879395, -257.858459473, 269.179870605, -3.29314136505, 109.262619019, -35.5466270447, 18.7837333679, -94.9191970825, -16.5650005341], [674.373718262, -758.302001953, 263.329498291, 244.444152832, -257.858459473, 456.855651855, -98.314453125, 60.3489646912, -56.0487251282, 75.9651412964, -35.8152008057, 39.6645622253, -85.3667297363], [-400.182312012, 529.643493652, 10.4623594284, -59.7972412109, 269.179870605, -98.314453125, 254.761016846, -8.05651664734, 70.8402557373, -35.5083580017, -17.0818405151, -27.127872467, 9.3675737381], [-98.8125762939, -143.032592773, 74.023765564, 25.6337871552, -3.29314136505, 60.3489646912, -8.05651664734, 137.197875977, 17.9028530121, 29.0394954681, -3.46360421181, -32.364364624, -12.2323255539], [134.632080078, 318.589294434, -25.4385166168, 19.3283214569, 109.262619019, -56.0487251282, 70.8402557373, 17.9028530121, 177.739089966, -22.9932842255, 17.2944793701, -34.8204040527, -22.4920845032], [38.5531997681, -239.056655884, 45.1095962524, 11.0552129745, -35.5466270447, 75.9651412964, -35.5083580017, 29.0394954681, -22.9932842255, 165.881744385, -4.19720029831, -6.86679267883, -38.2325057983], [-53.3928108215, 103.982147217, -30.2003364563, 6.3585691452, 18.7837333679, -35.8152008057, -17.0818405151, -3.46360421181, 17.2944793701, -4.19720029831, 116.616462708, 10.216176033, -4.39358520508], [-190.504150391, -268.471008301, 9.84373855591, -11.086435318, -94.9191970825, 39.6645622253, -27.127872467, -32.364364624, -34.8204040527, -6.86679267883, 10.216176033, 146.0131073, 12.7422609329], [-240.060379028, 63.5618782043, -113.079788208, -55.7041549683, -16.5650005341, -85.3667297363, 9.3675737381, -12.2323255539, -22.4920845032, -38.2325057983, -4.39358520508, 12.7422609329, 153.675354004]],
        "icov": [[0.000243131798925, -0.000775496067945, 0.000384291692171, -0.000455170607893, 0.000751643034164, -0.000744081859011, 0.000631365284789, -0.000377260264941, 0.000235899467953, -0.000422239885665, 0.000666929583531, -0.000490464270115, 0.000406723935157], [-0.000775496067945, 0.00402300758287, -0.00149311241694, 0.00193519971799, -0.00336850387976, 0.00323734921403, -0.00310385297053, 0.00277342437766, -0.00185180490371, 0.00236428622156, -0.00328506855294, 0.00363248260692, -0.00150532904081], [0.000384291692171, -0.00149311241694, 0.00304975360632, -0.00152308936231, 0.000280823209323, -0.00245053390972, 0.00134243560024, -0.00174747698475, 0.00126284081489, -0.000687806983478, 0.00173593859654, -0.00184492825065, 0.00157429871615], [-0.000455170607893, 0.00193519971799, -0.00152308936231, 0.00531784351915, -0.000335921329679, -0.000171106730704, -0.00205973698758, 0.00198201602325, -0.00211781868711, 0.00176394009031, -0.00279097002931, 0.00319579313509, -0.000768426863942], [0.000751643034164, -0.00336850387976, 0.000280823209323, -0.000335921329679, 0.00640773866326, -0.00176746980287, -9.1626898211e-06, -0.00187736924272, 0.00081777543528, -0.00200833496638, 0.00179551134352, -0.00122787838336, 0.00198547239415], [-0.000744081859011, 0.00323734921403, -0.00245053390972, -0.000171106730704, -0.00176746980287, 0.00814476143569, -0.00252986559644, 0.00063832802698, -0.000430217914982, 0.000749203027226, -0.00145077728666, 0.00146635947749, 0.000132716420921], [0.000631365284789, -0.00310385297053, 0.00134243560024, -0.00205973698758, -9.1626898211e-06, -0.00252986559644, 0.00957256089896, -0.00183685612865, -0.000144083591294, -0.00126992515288, 0.00438979128376, -0.00351847242564, 0.000455422210507], [-0.000377260264941, 0.00277342437766, -0.00174747698475, 0.00198201602325, -0.00187736924272, 0.00063832802698, -0.00183685612865, 0.011323120445, -0.00306552578695, 0.000635464559309, -0.00270144641399, 0.00530792912468, -0.00194629444741], [0.000235899467953, -0.00185180490371, 0.00126284081489, -0.00211781868711, 0.00081777543528, -0.000430217914982, -0.000144083591294, -0.00306552578695, 0.00876411236823, -0.000359810190275, 0.000736026617233, -0.00157598219812, 0.00225487188436], [-0.000422239885665, 0.00236428622156, -0.000687806983478, 0.00176394009031, -0.00200833496638, 0.000749203027226, -0.00126992515288, 0.000635464559309, -0.000359810190275, 0.00860354956239, -0.00204641185701, 0.00278007611632, 0.000622255261987], [0.000666929583531, -0.00328506855294, 0.00173593859654, -0.00279097002931, 0.00179551134352, -0.00145077728666, 0.00438979128376, -0.00270144641399, 0.000736026617233, -0.00204641185701, 0.0125393271446, -0.00468621356413, 0.00191695138346], [-0.000490464270115, 0.00363248260692, -0.00184492825065, 0.00319579313509, -0.00122787838336, 0.00146635947749, -0.00351847242564, 0.00530792912468, -0.00157598219812, 0.00278007611632, -0.00468621356413, 0.0128283724189, -0.00188525230624], [0.000406723935157, -0.00150532904081, 0.00157429871615, -0.000768426863942, 0.00198547239415, 0.000132716420921, 0.000455422210507, -0.00194629444741, 0.00225487188436, 0.000622255261987, 0.00191695138346, -0.00188525230624, 0.00944610405713]]
    },
    "melbands": {
        "dmean": [3.09041461151e-05, 0.000490403966978, 0.000545513292309, 0.000338110839948, 0.000325125933159, 0.000263131223619, 0.000185448021512, 0.000130558764795, 0.000152781358338, 0.000165664067026, 0.000139730123919, 0.000116789196909, 5.96727695665e-05, 4.20980577474e-05, 4.14790447394e-05, 3.68172550225e-05, 1.43942388604e-05, 1.01910009107e-05, 6.32405271972e-06, 1.00952047433e-05, 2.9607522265e-06, 2.47357070293e-06, 1.45707974752e-06, 9.38348364343e-07, 6.05630418704e-07, 7.6423776818e-07, 3.16560999636e-07, 6.63756679842e-07, 5.09180438257e-07, 2.5103767598e-07, 2.1511728221e-07, 2.21406992296e-07, 2.58340691062e-07, 2.76796214393e-07, 6.26122655945e-08, 1.27245591841e-08, 2.50962717274e-08, 1.13686349223e-08, 1.61537272447e-08, 4.12664169502e-09],
        "dmean2": [4.89098310936e-05, 0.000596033001784, 0.000719244533684, 0.000518343178555, 0.000427118531661, 0.000370265363017, 0.000256289698882, 0.000190761405975, 0.000224428396905, 0.000251826801104, 0.000196756664081, 0.000173345746589, 8.81611122168e-05, 6.54858959024e-05, 6.67393833282e-05, 5.95383498876e-05, 2.32848196902e-05, 1.64464818226e-05, 1.01622235888e-05, 1.44233035826e-05, 4.69129417979e-06, 4.01930083171e-06, 2.39986684392e-06, 1.57186866545e-06, 9.97377696876e-07, 1.25567373743e-06, 4.9723888651e-07, 1.05726644506e-06, 8.11357153907e-07, 4.10696060271e-07, 3.49342229811e-07, 3.59021868235e-07, 4.13021382428e-07, 4.55217218587e-07, 9.39733908467e-08, 1.93211757704e-08, 3.755750555e-08, 1.74102599004e-08, 2.45844482549e-08, 6.25291596279e-09],
        "dvar": [3.68981267762e-09, 9.62128638093e-07, 1.2771455431e-06, 7.57049178901e-07, 3.10287674665e-07, 1.84459253205e-07, 1.15087317454e-07, 6.19109243871e-08, 8.35771842844e-08, 1.08703396506e-07, 2.18206835711e-07, 1.20705777817e-07, 4.48722019541e-08, 1.16764997671e-08, 7.49144124512e-09, 7.99425503573e-09, 1.69329417155e-09, 1.16584875087e-09, 2.56416166078e-10, 3.8431965943e-10, 1.01012878617e-10, 7.71654476428e-11, 2.19527122175e-11, 5.59682465304e-12, 2.32421287077e-12, 3.51112476767e-12, 5.74368243939e-13, 2.73463955473e-12, 3.96241156206e-12, 1.34610324189e-12, 1.34144843671e-12, 6.27042471765e-13, 1.35704099867e-12, 2.37852467756e-12, 8.01513328906e-14, 1.9333613842e-15, 1.36111613178e-14, 1.88540576685e-15, 7.06288639837e-15, 1.5919884982e-16],
        "dvar2": [9.47086675751e-09, 1.91206800082e-06, 3.04945024254e-06, 1.99160990633e-06, 5.70647671339e-07, 4.51958811709e-07, 2.2314320347e-07, 1.30226837314e-07, 1.56580540533e-07, 2.22949310569e-07, 3.82337930205e-07, 2.3107533309e-07, 8.24220194318e-08, 2.74251128474e-08, 1.8672222879e-08, 1.9396814821e-08, 4.30117141903e-09, 2.79696599215e-09, 6.28266327851e-10, 6.78467948489e-10, 2.29812960328e-10, 1.87722518086e-10, 5.84178747043e-11, 1.60137649668e-11, 6.2292636327e-12, 9.26761011683e-12, 1.42208770801e-12, 7.12893633015e-12, 1.02448501071e-11, 3.7179139975e-12, 3.51614549109e-12, 1.74271632281e-12, 3.43285296023e-12, 6.36888155062e-12, 1.64598654259e-13, 4.25040412954e-15, 2.93692275903e-14, 4.30685760493e-15, 1.54662642692e-14, 3.52162047574e-16],
        "max": [0.00266368431039, 0.0495004765689, 0.0468037165701, 0.0182323120534, 0.0261331945658, 0.0109214400873, 0.011085966602, 0.00731000769883, 0.00933462381363, 0.00934708397835, 0.011571357958, 0.0106981154531, 0.0103752454743, 0.00280158477835, 0.00204118248075, 0.00294023333117, 0.00198340951465, 0.00133528269362, 0.000601266045123, 0.000308762741042, 0.000290746917017, 0.00025363927125, 0.000167896752828, 7.38384769647e-05, 3.6499081034e-05, 6.18255289737e-05, 2.72981942544e-05, 4.27887425758e-05, 6.53359966236e-05, 5.84798544878e-05, 4.99438719999e-05, 1.74178221641e-05, 2.64548507403e-05, 5.87964896113e-05, 1.15730836114e-05, 1.82198687071e-06, 2.75556817542e-06, 9.55055725171e-07, 2.22296353058e-06, 3.27737751604e-07],
        "mean": [0.000115712471597, 0.00209821923636, 0.00190247816499, 0.000709345855284, 0.000960251665674, 0.000617519777734, 0.000401855038945, 0.000258824933553, 0.000287786737317, 0.000347354711266, 0.000364719860954, 0.000227523196372, 0.000112632544187, 6.98372386978e-05, 6.98267103871e-05, 6.45689797238e-05, 2.49019012699e-05, 1.71732863237e-05, 1.02803951449e-05, 1.54794379341e-05, 5.12154656462e-06, 4.51644291388e-06, 2.53843040809e-06, 1.94002655007e-06, 1.26605732476e-06, 1.5697270328e-06, 6.93648189554e-07, 1.31776403123e-06, 1.03838783616e-06, 5.00373175782e-07, 4.74472699352e-07, 4.77156106626e-07, 5.34255661933e-07, 5.82017889883e-07, 1.25224403291e-07, 2.52223326669e-08, 4.35954170541e-08, 2.05898178507e-08, 2.67514757013e-08, 9.39365563113e-09],
        "median": [4.36889531557e-05, 0.000511913269293, 0.000660538556986, 0.000266203191131, 0.000455795379821, 0.000345264852513, 0.00017603035667, 0.000117461095215, 0.000124485552078, 0.000139558265801, 7.34510904294e-05, 7.08483858034e-05, 3.64347470168e-05, 1.77529109351e-05, 2.19715275307e-05, 1.56585283548e-05, 6.62430147713e-06, 4.75887372886e-06, 4.96032180308e-06, 5.77717264605e-06, 1.96960331778e-06, 1.25556732655e-06, 9.06747402496e-07, 8.13964845747e-07, 5.13858253726e-07, 3.40550911915e-07, 2.41050543082e-07, 2.25537377219e-07, 1.34423402187e-07, 7.61131673244e-08, 4.8955723031e-08, 4.10635223602e-08, 2.04026591177e-08, 6.79126976877e-09, 5.06404385092e-09, 2.3239270508e-09, 1.82339543464e-09, 6.56563525769e-10, 4.68537597609e-10, 2.47097980965e-10],
        "min": [1.61107595392e-23, 9.73739766918e-24, 3.1813742677e-24, 5.22785300524e-24, 6.67673647492e-24, 1.65114488142e-23, 3.68728851559e-24, 6.31910638354e-24, 6.48007108467e-24, 8.13656617852e-24, 1.07151284412e-23, 8.64092518714e-24, 1.23087371214e-23, 9.17764563666e-24, 1.11612056173e-23, 2.08119682153e-23, 5.48046874963e-24, 1.04931500822e-23, 5.59376298069e-24, 3.93522197607e-24, 9.40888916698e-24, 6.37326799557e-24, 1.04290787995e-23, 4.86382919622e-24, 6.43489262619e-24, 2.81441471282e-24, 7.59396477094e-24, 1.08201936697e-23, 7.71432127925e-24, 7.99412314259e-24, 6.7492714463e-24, 1.36124717622e-23, 1.58677824918e-23, 6.48712468445e-24, 6.62248256616e-24, 8.11363083656e-24, 9.18392496947e-24, 1.16856316696e-23, 1.54950962012e-23, 1.89848496074e-23],
        "var": [4.26080077887e-08, 1.85183143913e-05, 1.34569518195e-05, 1.51837571138e-06, 2.50285484071e-06, 6.09491394243e-07, 4.3719390419e-07, 1.99022792913e-07, 2.41238836907e-07, 3.77389284267e-07, 1.10073324322e-06, 3.68441476439e-07, 1.21038439715e-07, 2.39393465051e-08, 1.61807189869e-08, 2.05959480581e-08, 5.52011103494e-09, 2.53745890966e-09, 5.40376965397e-10, 8.66703986357e-10, 1.92193191917e-10, 1.66313865457e-10, 5.18035302155e-11, 1.63754756283e-11, 6.52489130434e-12, 1.02791464576e-11, 1.92736993899e-12, 9.73590912751e-12, 1.18103998803e-11, 4.12697480356e-12, 5.55400777452e-12, 2.13104447283e-12, 4.56142242033e-12, 7.74912859575e-12, 2.36402884031e-13, 4.91397524614e-15, 2.88374399772e-14, 4.33171124567e-15, 1.34478203313e-14, 6.23307564264e-16]
    },
    "mfcc": {
        "mean": [-735.522644043, 204.327697754, -20.920042038, 10.8042926788, -10.9829359055, -1.84057950974, -2.75363016129, -4.94426488876, -3.09412050247, -3.54121875763, -7.18444633484, -7.40980815887, -4.23724937439],
        "cov": [[7403.15087891, 1001.2633667, -83.0724945068, 377.890045166, -527.707641602, 391.432159424, -249.190170288, 7.92125797272, -71.6741943359, -1.544968009, 126.822311401, 27.9581298828, -15.2951622009], [1001.2633667, 2404.73095703, -270.090789795, 98.7909851074, 389.867767334, -205.638519287, 196.05027771, 37.6137809753, 131.073974609, 100.060112, -0.562775492668, -62.6446037292, -25.0694313049], [-83.0724945068, -270.090789795, 511.006378174, 68.8006515503, 75.2772369385, 160.410263062, 22.7921333313, 104.454772949, -4.23484039307, 26.7271461487, 48.4452285767, 36.3191146851, 36.6340370178], [377.890045166, 98.7909851074, 68.8006515503, 264.35357666, 7.51264810562, 78.3679733276, 9.57983493805, 22.1350917816, 47.2776908875, 9.76575469971, 40.3215789795, 40.4161720276, 3.73594856262], [-527.707641602, 389.867767334, 75.2772369385, 7.51264810562, 327.047058105, -20.7734947205, 109.64743042, 52.7279930115, 19.6593036652, 77.7161712646, 31.1966400146, 2.02463507652, 18.9241962433], [391.432159424, -205.638519287, 160.410263062, 78.3679733276, -20.7734947205, 247.761184692, 24.2496261597, 44.0245552063, 13.1250658035, -5.80947637558, 51.8832550049, 25.1811351776, 4.99219560623], [-249.190170288, 196.05027771, 22.7921333313, 9.57983493805, 109.64743042, 24.2496261597, 173.177307129, 21.4305820465, 41.5512771606, 25.1036987305, 7.06210374832, 12.4542379379, -4.43947315216], [7.92125797272, 37.6137809753, 104.454772949, 22.1350917816, 52.7279930115, 44.0245552063, 21.4305820465, 168.092956543, 11.6101160049, 4.09929800034, 10.3543920517, -5.84875154495, 21.1413993835], [-71.6741943359, 131.073974609, -4.23484039307, 47.2776908875, 19.6593036652, 13.1250658035, 41.5512771606, 11.6101160049, 174.378494263, 40.7084617615, -5.92136096954, 3.24957585335, -11.5300197601], [-1.544968009, 100.060112, 26.7271461487, 9.76575469971, 77.7161712646, -5.80947637558, 25.1036987305, 4.09929800034, 40.7084617615, 164.897705078, 44.643989563, -6.09574794769, 3.57655000687], [126.822311401, -0.562775492668, 48.4452285767, 40.3215789795, 31.1966400146, 51.8832550049, 7.06210374832, 10.3543920517, -5.92136096954, 44.643989563, 135.070129395, 34.4025306702, 4.26962757111], [27.9581298828, -62.6446037292, 36.3191146851, 40.4161720276, 2.02463507652, 25.1811351776, 12.4542379379, -5.84875154495, 3.24957585335, -6.09574794769, 34.4025306702, 115.733261108, 33.4345436096], [-15.2951622009, -25.0694313049, 36.6340370178, 3.73594856262, 18.9241962433, 4.99219560623, -4.43947315216, 21.1413993835, -11.5300197601, 3.57655000687, 4.26962757111, 33.4345436096, 117.10710144]],
