{
"lowlevel": {
    "average_loudness": 0.347937852144,
    "barkbands_crest": {
        "dmean": 1.60790205002,
        "dmean2": 2.57002449036,
        "dvar": 3.62935161591,
        "dvar2": 9.20044708252,
        "max": 26.7297172546,
        "mean": 12.7480268478,
        "median": 11.9732246399,
        "min": 3.80902171135,
        "var": 19.3637561798
    },
    "barkbands_flatness_db": {
        "dmean": 0.0177526324987,
        "dmean2": 0.0291968751699,
        "dvar": 0.000349004432792,
        "dvar2": 0.000875474303029,
        "max": 0.630927860737,
        "mean": 0.421034544706,
        "median": 0.42179146409,
        "min": 0.0713077262044,
        "var": 0.00237829633988
    },
    "barkbands_kurtosis": {
        "dmean": 1.65810310841,
        "dmean2": 2.44864988327,
        "dvar": 27.4515190125,
        "dvar2": 47.9868736267,
        "max": 261.64239502,
        "mean": 3.51242351532,
        "median": 1.81908750534,
        "min": -1.91907000542,
        "var": 74.8352661133
    },
    "barkbands_skewness": {
        "dmean": 0.338118880987,
        "dmean2": 0.506794631481,
        "dvar": 0.246582999825,
        "dvar2": 0.486767828465,
        "max": 15.9757051468,
        "mean": 0.581603348255,
        "median": 0.626341402531,
        "min": -5.25755262375,
        "var": 1.49263703823
    },
    "barkbands_spread": {
        "dmean": 0.824625313282,
        "dmean2": 1.25342643261,
        "dvar": 6.64420795441,
        "dvar2": 15.1294288635,
        "max": 131.878509521,
        "mean": 4.41806793213,
        "median": 3.52349352837,
        "min": 0.160171702504,
        "var": 27.701581955
    },
    "dissonance": {
        "dmean": 0.0505088493228,
        "dmean2": 0.0870080143213,
        "dvar": 0.00229347380809,
        "dvar2": 0.00624713674188,
        "max": 0.500000059605,
        "mean": 0.333845406771,
        "median": 0.338641732931,
        "min": 0.054666750133,
        "var": 0.00637474330142
    },
    "dynamic_complexity": 6.38648748398,
    "erbbands_crest": {
        "dmean": 1.66421592236,
        "dmean2": 2.59197378159,
        "dvar": 4.07840776443,
        "dvar2": 10.1829175949,
        "max": 33.129447937,
        "mean": 15.5237140656,
        "median": 14.5213079453,
        "min": 2.89264321327,
        "var": 36.3685035706
    },
    "erbbands_flatness_db": {
        "dmean": 0.0125124305487,
        "dmean2": 0.0206597447395,
        "dvar": 0.000179969487363,
        "dvar2": 0.000458523747511,
        "max": 0.582508325577,
        "mean": 0.422191232443,
        "median": 0.425246596336,
        "min": 0.0396081954241,
        "var": 0.00350332353264
    },
    "erbbands_kurtosis": {
        "dmean": 1.08596253395,
        "dmean2": 1.64163410664,
        "dvar": 4.39699840546,
        "dvar2": 9.92032718658,
        "max": 62.625869751,
        "mean": 2.9600148201,
        "median": 1.15478658676,
        "min": -1.80941104889,
        "var": 30.8767318726
    },
    "erbbands_skewness": {
        "dmean": 0.257254213095,
        "dmean2": 0.384421497583,
        "dvar": 0.109875708818,
        "dvar2": 0.233652815223,
        "max": 6.39386367798,
        "mean": 0.407572567463,
        "median": 0.507262885571,
        "min": -4.84473323822,
        "var": 1.22663009167
    },
    "erbbands_spread": {
        "dmean": 1.11172068119,
        "dmean2": 1.7062625885,
        "dvar": 2.99989008904,
        "dvar2": 7.10618162155,
        "max": 138.575317383,
        "mean": 8.56102180481,
        "median": 7.29000329971,
        "min": 0.526743650436,
        "var": 59.5586891174
    },
    "hfc": {
        "dmean": 1.68127179146,
        "dmean2": 2.34544754028,
        "dvar": 25.8200759888,
        "dvar2": 50.0648384094,
        "max": 151.796401978,
        "mean": 7.38493490219,
        "median": 3.56780576706,
        "min": 1.31678444961e-16,
        "var": 121.558952332
    },
    "melbands_crest": {
        "dmean": 1.8902310133,
        "dmean2": 2.99733805656,
        "dvar": 4.55802488327,
        "dvar2": 11.9404993057,
        "max": 38.6239395142,
        "mean": 15.5441293716,
        "median": 14.7910518646,
        "min": 1.82141578197,
        "var": 25.1930789948
    },
    "melbands_flatness_db": {
        "dmean": 0.0183972865343,
        "dmean2": 0.0307095441967,
        "dvar": 0.000379704521038,
        "dvar2": 0.000984958838671,
        "max": 0.69823795557,
        "mean": 0.552697777748,
        "median": 0.556167721748,
        "min": 0.00407998636365,
        "var": 0.00337041122839
    },
    "melbands_kurtosis": {
        "dmean": 1.52855181694,
        "dmean2": 2.33075046539,
        "dvar": 26.0347652435,
        "dvar2": 51.4947853088,
        "max": 397.166870117,
        "mean": 4.08168792725,
        "median": 2.32633495331,
        "min": -1.86456620693,
        "var": 91.5963668823
    },
    "melbands_skewness": {
        "dmean": 0.29032087326,
        "dmean2": 0.445433467627,
        "dvar": 0.146801829338,
        "dvar2": 0.318184107542,
        "max": 18.6894493103,
        "mean": 0.978863596916,
        "median": 0.998816847801,
        "min": -4.24122810364,
        "var": 1.51314687729
    },
    "melbands_spread": {
        "dmean": 1.0361969471,
        "dmean2": 1.56575787067,
        "dvar": 5.28327894211,
        "dvar2": 10.6596984863,
        "max": 216.090820312,
        "mean": 6.37264966965,
        "median": 5.07444906235,
        "min": 0.381888955832,
        "var": 41.6676750183
    },
    "pitch_salience": {
        "dmean": 0.046518240124,
        "dmean2": 0.0748786702752,
        "dvar": 0.00282914517447,
        "dvar2": 0.00705861952156,
        "max": 0.935372769833,
        "mean": 0.527858674526,
        "median": 0.53467476368,
        "min": 0.0524931065738,
        "var": 0.0140876872465
    },
    "silence_rate_20dB": {
        "dmean": 0,
        "dmean2": 0,
        "dvar": 0,
        "dvar2": 0,
        "max": 1,
        "mean": 1,
        "median": 1,
        "min": 1,
        "var": 0
    },
    "silence_rate_30dB": {
        "dmean": 0.0046913116239,
        "dmean2": 0.00938350334764,
        "dvar": 0.00467007514089,
        "dvar2": 0.0107996175066,
        "max": 1,
        "mean": 0.990993499756,
        "median": 1,
        "min": 0,
        "var": 0.00892667658627
    },
    "silence_rate_60dB": {
        "dmean": 0.0187652464956,
        "dmean2": 0.0375340133905,
        "dvar": 0.0184122826904,
        "dvar2": 0.0423150211573,
        "max": 1,
        "mean": 0.23388685286,
        "median": 0,
        "min": 0,
        "var": 0.179175317287
    },
    "spectral_centroid": {
        "dmean": 26.7228107452,
        "dmean2": 39.8576889038,
        "dvar": 9057.34472656,
        "dvar2": 13782.1074219,
        "max": 11821.8837891,
        "mean": 437.907165527,
        "median": 400.548583984,
        "min": 170.929977417,
        "var": 83770.6015625
    },
    "spectral_complexity": {
        "dmean": 0.879151821136,
        "dmean2": 1.49085104465,
        "dvar": 1.1324313879,
        "dvar2": 2.52627444267,
        "max": 24,
        "mean": 7.36616945267,
        "median": 7,
        "min": 0,
        "var": 14.3558645248
    },
    "spectral_decrease": {
        "dmean": 9.3397722889e-10,
        "dmean2": 1.34554045683e-09,
        "dvar": 5.33947401509e-18,
        "dvar2": 1.06014403796e-17,
        "max": 1.82494272442e-28,
        "mean": -4.47520553948e-09,
        "median": -2.71207811764e-09,
        "min": -7.65587770957e-08,
        "var": 3.18413945467e-17
    },
    "spectral_energy": {
        "dmean": 0.00367131247185,
        "dmean2": 0.00528137246147,
        "dvar": 8.36264589452e-05,
        "dvar2": 0.000165591860423,
        "max": 0.302718907595,
        "mean": 0.0175602789968,
        "median": 0.0105711789802,
        "min": 1.1254839942e-20,
        "var": 0.000494623498525
    },
    "spectral_energyband_high": {
        "dmean": 4.4139515154e-08,
        "dmean2": 6.68801121151e-08,
        "dvar": 2.49073927715e-13,
        "dvar2": 5.7066097724e-13,
        "max": 2.47667267104e-05,
        "mean": 6.74539606393e-08,
        "median": 7.53916307161e-09,
        "min": 8.07999877423e-21,
        "var": 3.39372871168e-13
    },
    "spectral_energyband_low": {
        "dmean": 0.000827580632176,
        "dmean2": 0.0012592432322,
        "dvar": 4.17744422521e-06,
        "dvar2": 9.64072751231e-06,
        "max": 0.0563008934259,
        "mean": 0.00267788395286,
        "median": 0.000991266220808,
        "min": 5.36244861066e-23,
        "var": 2.07056200452e-05
    },
    "spectral_energyband_middle_high": {
        "dmean": 0.000561658642255,
        "dmean2": 0.00079982256284,
        "dvar": 7.6326305134e-06,
        "dvar2": 1.55859706865e-05,
        "max": 0.0916099250317,
        "mean": 0.00162109232042,
        "median": 0.000292148877634,
        "min": 1.46849529647e-21,
        "var": 2.24762970902e-05
    },
    "spectral_energyband_middle_low": {
        "dmean": 0.00303247058764,
        "dmean2": 0.0044358423911,
        "dvar": 5.9917470935e-05,
        "dvar2": 0.000121128774481,
        "max": 0.28231215477,
        "mean": 0.0138229355216,
        "median": 0.00758770573884,
        "min": 4.03340137975e-22,
        "var": 0.000361600337783
    },
    "spectral_entropy": {
        "dmean": 0.0985509455204,
        "dmean2": 0.158231183887,
        "dvar": 0.0199094619602,
        "dvar2": 0.0483410693705,
        "max": 9.78417873383,
        "mean": 5.2403178215,
        "median": 5.22157239914,
        "min": 3.94100522995,
        "var": 0.227394074202
    },
    "spectral_flux": {
        "dmean": 0.0120225930586,
        "dmean2": 0.0192331392318,
        "dvar": 0.000634279625956,
        "dvar2": 0.00149955437519,
        "max": 0.399837225676,
        "mean": 0.0296075884253,
        "median": 0.0201028846204,
        "min": 1.06088832164e-10,
        "var": 0.00104396790266
    },
    "spectral_kurtosis": {
        "dmean": 52.7428474426,
        "dmean2": 92.3692474365,
        "dvar": 2679.06201172,
        "dvar2": 7876.02441406,
        "max": 648.204406738,
        "mean": 210.846237183,
        "median": 210.947479248,
        "min": -1.17845439911,
        "var": 7630.66992188
    },
    "spectral_rms": {
        "dmean": 0.000364394829376,
        "dmean2": 0.000516338739544,
        "dvar": 4.68006106757e-07,
        "dvar2": 8.6734667093e-07,
        "max": 0.0171853285283,
        "mean": 0.00347491865978,
        "median": 0.00321143982001,
        "min": 3.31365837547e-12,
        "var": 5.0569974519e-06
    },
    "spectral_rolloff": {
        "dmean": 56.5980491638,
        "dmean2": 99.282081604,
        "dvar": 154799.578125,
        "dvar2": 383133.15625,
        "max": 19250.6835938,
        "mean": 571.435424805,
        "median": 516.796875,
        "min": 21.533203125,
        "var": 534169.0625
    },
    "spectral_skewness": {
        "dmean": 1.83828020096,
        "dmean2": 3.2477684021,
        "dvar": 3.21818518639,
        "dvar2": 8.96910190582,
        "max": 20.1342716217,
        "mean": 10.9366130829,
        "median": 11.4334478378,
        "min": -0.0617596916854,
        "var": 9.60529518127
    },
    "spectral_spread": {
        "dmean": 286290.625,
        "dmean2": 506802.46875,
        "dvar": 178073239552,
        "dvar2": 302741454848,
        "max": 40764340,
        "mean": 758022,
        "median": 605466.75,
        "min": 153876.78125,
        "var": 1.12799239373e+12
    },
    "spectral_strongpeak": {
        "dmean": 0.28050455451,
        "dmean2": 0.447156518698,
        "dvar": 0.369946926832,
        "dvar2": 0.813329219818,
        "max": 11.9171886444,
        "mean": 1.11441993713,
        "median": 0.732398450375,
        "min": 0,
        "var": 1.52893078327
    },
    "zerocrossingrate": {
        "dmean": 0.00187858624849,
        "dmean2": 0.00233345921151,
        "dvar": 3.48009198206e-05,
        "dvar2": 3.90936329495e-05,
        "max": 0.50927734375,
        "mean": 0.0205990653485,
        "median": 0.01904296875,
        "min": 0,
        "var": 0.000419177988078
    },
    "barkbands": {
        "dmean": [2.60106608039e-05, 0.000277416984318, 0.000495255168062, 0.000423180899816, 0.00101426569745, 0.000990653992631, 0.000527973694261, 0.000755711749662, 0.000433403416537, 0.000180124203325, 0.000252351950621, 0.000112518740934, 4.7145276767e-05, 3.91225512431e-05, 1.23944164443e-05, 3.68547216567e-06, 1.68554743141e-06, 5.41766382867e-07, 1.26664247091e-07, 5.04454789052e-08, 9.91696502695e-09, 2.36254682484e-09, 1.18645526737e-09, 7.16501025178e-10, 6.65366484132e-10, 6.5025218543e-10, 6.80599465674e-10],
        "dmean2": [3.97741132474e-05, 0.000435492547695, 0.000748955470044, 0.000652101298328, 0.00157200987451, 0.00154969189316, 0.000814893923234, 0.00100692652632, 0.00057556538377, 0.000247808377026, 0.000386389991036, 0.000155060377438, 6.87470310368e-05, 5.98114056629e-05, 1.77001165866e-05, 4.86678482048e-06, 2.44100556301e-06, 7.88697377629e-07, 1.84895753819e-07, 7.39540269024e-08, 1.52595021063e-08, 3.80895537333e-09, 1.94962934685e-09, 1.2940341021e-09, 1.20974330553e-09, 1.18570619989e-09, 1.24703691817e-09],
        "dvar": [3.44048278755e-09, 6.57771181523e-07, 1.82515964298e-06, 1.14917736482e-06, 5.67560891795e-06, 1.18679663501e-05, 1.60738477462e-06, 1.40930678754e-05, 7.27591077521e-06, 1.66277550306e-06, 3.80347273676e-06, 8.71498684774e-07, 1.00096400502e-07, 3.7231328065e-07, 1.30175719093e-08, 5.06127750821e-10, 4.31798041767e-10, 1.57928340544e-11, 1.22783337317e-12, 3.27607298928e-13, 1.3507740289e-14, 2.32354504671e-16, 5.86688040318e-17, 1.8900344942e-18, 1.6091913734e-18, 1.54885671612e-18, 1.76275621335e-18],
        "dvar2": [6.41266684198e-09, 1.52981067458e-06, 4.19723482992e-06, 3.22077676174e-06, 1.414995495e-05, 2.9698245271e-05, 3.51017774847e-06, 2.59840762737e-05, 1.45857775351e-05, 3.17810463457e-06, 7.89471687312e-06, 1.81053235337e-06, 1.92471702576e-07, 8.90884109594e-07, 2.46435245543e-08, 8.06010147514e-10, 8.05341959786e-10, 3.68157934694e-11, 2.56443542616e-12, 7.30069487937e-13, 3.35667806755e-14, 5.5504094388e-16, 1.12276625909e-16, 5.85610703745e-18, 5.07299364485e-18, 4.89421592624e-18, 5.59512989983e-18],
        "max": [0.00162030360661, 0.0319711118937, 0.0410085320473, 0.0211442410946, 0.0661050528288, 0.100266069174, 0.0379898883402, 0.173939213157, 0.128082156181, 0.0582148469985, 0.0904324427247, 0.0648991465569, 0.014296643436, 0.0405188016593, 0.00886243022978, 0.00097648461815, 0.00181361765135, 0.000182691044756, 5.36973820999e-05, 2.7900792702e-05, 7.75785520091e-06, 8.84090013642e-07, 3.46411013652e-07, 2.47474201132e-08, 2.17266329372e-08, 2.08490664733e-08, 2.09672599283e-08],
        "mean": [3.43133397109e-05, 0.000858191226143, 0.00123486341909, 0.00106403860264, 0.0033539084252, 0.00309482775629, 0.00212277658284, 0.00297028967179, 0.00118997273967, 0.00057704304345, 0.000591428834014, 0.000240353954723, 0.000119798904052, 6.52268208796e-05, 2.9266688216e-05, 9.13803523872e-06, 3.15158899866e-06, 1.26293468838e-06, 2.87338934868e-07, 7.58391465183e-08, 1.44045575468e-08, 3.30701976914e-09, 1.72836145396e-09, 1.0939785744e-09, 1.05965103359e-09, 1.02973951588e-09, 8.76966610441e-10],
        "median": [5.60111993764e-06, 0.000148459090269, 0.000299888750305, 0.000304347515339, 0.00113185599912, 0.000718367635272, 0.000566422357224, 0.000242811103817, 0.000150609688717, 6.27437984804e-05, 6.36591139482e-05, 1.8470800569e-05, 7.91546790424e-06, 3.34721721629e-06, 1.4127376744e-06, 3.32707259076e-07, 1.12705905053e-07, 6.71704825095e-08, 1.09994013897e-08, 2.84371259873e-09, 1.35674516066e-09, 8.60183591023e-10, 6.24107265867e-10, 6.25212714933e-10, 6.46635467394e-10, 6.19492568354e-10, 4.61818583375e-10],
        "min": [1.85446305124e-23, 1.68303426797e-23, 1.29463552473e-23, 3.00447583846e-23, 4.73619970591e-23, 3.64208528688e-23, 7.30605925508e-23, 5.18258075121e-23, 1.150366828e-22, 7.4285668293e-23, 6.38170675622e-23, 8.07310089875e-23, 3.33377130831e-23, 9.4649683421e-23, 1.6464387897e-22, 1.75243089823e-22, 1.70426923603e-22, 2.51555928694e-22, 2.25193787585e-22, 2.83540868387e-22, 3.22648149203e-22, 4.11398636112e-22, 7.0731757776e-22, 7.61076340615e-22, 1.4864222552e-21, 1.83679393011e-21, 2.73434204613e-21],
        "var": [8.33171309722e-09, 4.25875668952e-06, 5.81589438298e-06, 3.41445479535e-06, 3.4685828723e-05, 4.819393871e-05, 1.21101566037e-05, 8.92574098543e-05, 2.20446945605e-05, 7.24056144463e-06, 9.51784022618e-06, 1.77118090505e-06, 5.08007190092e-07, 5.77164712467e-07, 2.85334298411e-08, 1.9458308298e-09, 8.40238045807e-10, 3.50998154153e-11, 2.62656237905e-12, 4.81429403721e-13, 1.44932046778e-14, 2.88315192169e-16, 9.40760650114e-17, 2.04618137843e-18, 1.60405468519e-18, 1.53308465658e-18, 1.54117737811e-18]
    },
    "erbbands": {
        "dmean": [0.00282418425195, 0.0822767466307, 0.477384954691, 1.00524663925, 1.84513831139, 4.01797389984, 6.0478105545, 9.40498733521, 7.58523178101, 8.8689250946, 18.5829658508, 8.28883934021, 5.5005402565, 8.08188724518, 7.22382116318, 3.77315282822, 2.5561568737, 1.97961807251, 0.771327137947, 0.641963005066, 0.167873203754, 0.0914394855499, 0.0282287336886, 0.0166418161243, 0.00435187714174, 0.00305089028552, 0.000753175700083, 0.000231994185015, 9.60097604548e-05, 6.18004851276e-05, 2.97221286019e-05, 1.7203276002e-05, 1.23128711493e-05, 8.49934440339e-06, 5.70519159737e-06, 3.53691916644e-06, 1.83414260846e-06, 5.33110494416e-07, 1.74470642378e-06, 4.11422934121e-06],
        "dmean2": [0.00452321348712, 0.128543660045, 0.733012378216, 1.53180801868, 2.95353531837, 6.41292047501, 9.09755134583, 14.7767591476, 12.0567455292, 12.6629533768, 24.9876251221, 11.4761314392, 6.95492458344, 11.8144807816, 10.3792982101, 5.35450315475, 3.64784193039, 2.9567232132, 1.14130806923, 0.880975842476, 0.227509096265, 0.13058423996, 0.0407242178917, 0.0242762975395, 0.00653660483658, 0.0044588688761, 0.00111521105282, 0.000360220175935, 0.000151047017425, 9.85385995591e-05, 4.9951751862e-05, 3.00885585602e-05, 2.15523941733e-05, 1.47047994687e-05, 9.65732306213e-06, 5.82581287745e-06, 2.95367885883e-06, 8.98040980246e-07, 2.49518006967e-06, 5.90771878706e-06],
        "dvar": [5.38397762284e-05, 0.0568329952657, 1.66024553776, 5.58545160294, 21.4834289551, 110.6068573, 395.345001221, 1417.76599121, 451.659118652, 642.159118652, 9358.91699219, 2027.2779541, 1091.70666504, 2633.54980469, 2608.79467773, 1605.11730957, 302.783905029, 1196.33605957, 67.085319519, 23.9087982178, 0.97862225771, 0.601476669312, 0.0316286422312, 0.0151606015861, 0.00208499608561, 0.00133976817597, 5.81242711633e-05, 9.11874576559e-06, 4.46164250434e-07, 1.86071048347e-07, 2.2072525141e-08, 1.16770937364e-09, 5.70886005136e-10, 2.46937914561e-10, 1.12464454416e-10, 4.58290176641e-11, 1.3345357805e-11, 1.08202314296e-12, 1.94760908789e-11, 1.06708891723e-10],
        "dvar2": [0.000114205395221, 0.133060783148, 3.95283508301, 14.2264547348, 62.0668754578, 298.035339355, 929.083862305, 3575.27490234, 991.631530762, 1240.30651855, 17633.546875, 4296.62109375, 1906.56896973, 5143.47460938, 4992.73242188, 3542.0402832, 579.254577637, 2825.45849609, 170.503845215, 42.9402275085, 1.69434404373, 1.17635071278, 0.0694044977427, 0.0353603102267, 0.00470882887021, 0.00298612285405, 0.000144045028719, 2.00492577278e-05, 1.00386967006e-06, 3.90069089917e-07, 4.69994994035e-08, 3.28790705773e-09, 1.66505664811e-09, 7.03966607229e-10, 3.00394514818e-10, 1.11454408203e-10, 3.01912869705e-11, 2.78677645196e-12, 3.81574945252e-11, 2.10645417775e-10],
        "max": [0.402560055256, 9.21048641205, 38.6081924438, 60.7679786682, 144.478912354, 267.988220215, 742.494567871, 1244.17883301, 690.289428711, 838.974060059, 4763.71484375, 1914.98193359, 1618.75439453, 2204.09594727, 2676.53491211, 3327.45263672, 764.37109375, 2398.03027344, 582.682983398, 325.772918701, 51.2292747498, 56.8727455139, 8.32171821594, 5.12637424469, 3.1976017952, 1.67199718952, 0.532010316849, 0.216606035829, 0.0436068475246, 0.0167754981667, 0.00998974964023, 0.000837362080347, 0.000690197688527, 0.000344209081959, 0.000251730496529, 0.000173052467289, 9.66746592894e-05, 2.45763785642e-05, 0.00014521292178, 0.000341306702467],
        "mean": [0.00826989486814, 0.256366997957, 1.25101399422, 2.84142923355, 4.82640314102, 12.425702095, 20.4031162262, 31.0404644012, 31.2393512726, 35.670627594, 69.1070785522, 24.6319255829, 18.3727664948, 22.531463623, 18.6589183807, 8.24615478516, 6.60453224182, 3.32788014412, 1.68169462681, 1.6671500206, 0.429930597544, 0.183939352632, 0.0687291622162, 0.0395906977355, 0.00882630981505, 0.00470085348934, 0.00113918632269, 0.000350639253156, 0.000152340173372, 9.57394877332e-05, 5.12005244673e-05, 3.47362765751e-05, 2.79900741589e-05, 2.24945433729e-05, 1.74972519744e-05, 1.24948983284e-05, 7.06357468516e-06, 1.55560383064e-06, 8.41001565277e-06, 1.96464225155e-05],
        "median": [0.00212231627665, 0.0558622144163, 0.363777428865, 0.964901089668, 1.91198301315, 3.383477211, 5.26543807983, 6.41218566895, 9.05187606812, 8.43485355377, 5.82237052917, 4.01036405563, 3.07506799698, 3.44863605499, 2.57803821564, 0.940099596977, 0.478419214487, 0.264665156603, 0.131189540029, 0.0901241376996, 0.0258206427097, 0.0101713314652, 0.00544942216948, 0.00174168101512, 0.000512512633577, 0.000165618752362, 8.18744010758e-05, 5.12505466759e-05, 3.89391971112e-05, 2.92792119581e-05, 2.38317934418e-05, 2.05954165722e-05, 1.74264168891e-05, 1.43695515362e-05, 1.12618672574e-05, 7.89576915849e-06, 4.43164617536e-06, 9.08722938675e-07, 5.03295905219e-06, 1.17881381811e-05],
        "min": [1.04904061084e-21, 1.98434732058e-21, 9.80983699906e-21, 6.22557907122e-20, 1.42379070396e-19, 9.5099746566e-20, 3.49198017902e-19, 3.21293777871e-19, 9.84294781113e-19, 1.29272468554e-18, 7.17513730724e-19, 2.12172943814e-18, 3.69093820944e-18, 2.41840645023e-18, 2.31384751208e-18, 3.18048484664e-18, 1.94796009134e-18, 4.29926378912e-18, 6.10452798696e-18, 9.04202459956e-18, 9.98037911362e-18, 1.1446188654e-17, 1.23649720748e-17, 1.37921456631e-17, 9.3401586903e-18, 1.52571478752e-17, 1.23391921638e-17, 1.33795537638e-17, 1.43188818695e-17, 2.08008130789e-17, 1.85882405979e-17, 1.30425446658e-17, 1.4374868762e-17, 1.41031200785e-17, 1.14737139161e-17, 7.0579400833e-18, 3.36895960357e-18, 1.38822620277e-18, 3.58240316919e-19, 4.49486649064e-20],
        "var": [0.000371128437109, 0.351078927517, 5.56564378738, 23.2199115753, 84.5555801392, 495.799926758, 1986.4954834, 6256.42480469, 2917.49804688, 5496.49023438, 48673.2382812, 6061.08007812, 5408.41113281, 8116.21972656, 7876.15869141, 2587.9921875, 1465.38208008, 1817.80371094, 126.226249695, 67.375579834, 3.5690202713, 1.22825157642, 0.0835357308388, 0.0347366034985, 0.00310419406742, 0.00196805549785, 6.85324630467e-05, 1.09956208689e-05, 6.30079114217e-07, 2.69967245003e-07, 3.09122007991e-08, 2.05552996846e-09, 1.094962232e-09, 6.35785646352e-10, 3.8121122925e-10, 2.02223751633e-10, 6.76472766692e-11, 3.63424438113e-12, 1.143404052e-10, 6.25263896215e-10]
    },
    "gfcc": {
        "mean": [-277.378295898, 261.632446289, -71.5155181885, -66.5875244141, -30.3751430511, -17.0768108368, -28.2529602051, -11.7271852493, -10.2548398972, -15.7841749191, -5.24805307388, -10.7198352814, -3.02457690239],
        "cov": [[11258.5908203, 2664.92749023, -2551.19213867, -1178.45349121, 1107.93347168, -894.736328125, -130.785614014, -224.044189453, 131.00920105, -171.160491943, 316.009399414, -91.8737716675, 33.1312713623], [2664.92749023, 1208.37719727, -283.201049805, -428.578826904, 277.654754639, -137.410247803, -80.1266174316, -144.362945557, 23.9792327881, -94.3307266235, 72.606300354, -45.1933174133, 22.4103393555], [-2551.19213867, -283.201049805, 1186.40856934, 377.348083496, -261.968811035, 292.571533203, 41.0968475342, 4.72733879089, -13.0188341141, -1.02262067795, -131.508331299, -15.9481477737, 25.2700557709], [-1178.45349121, -428.578826904, 377.348083496, 539.165161133, 70.8270645142, 178.421478271, 105.889892578, 72.1691131592, -46.0894737244, 7.12777757645, -74.8964538574, -6.88908338547, -29.0634670258], [1107.93347168, 277.654754639, -261.968811035, 70.8270645142, 394.469329834, 45.1467628479, 3.67398166656, -16.4867782593, -15.9372348785, -56.258140564, 11.768488884, -8.53947639465, -0.377048105001], [-894.736328125, -137.410247803, 292.571533203, 178.421478271, 45.1467628479, 312.878082275, 121.103500366, -6.34498167038, -40.9576072693, -11.6604013443, -95.5604248047, -34.5436820984, 10.5640573502], [-130.785614014, -80.1266174316, 41.0968475342, 105.889892578, 3.67398166656, 121.103500366, 204.213851929, 91.7382278442, -17.6542987823, -13.5585193634, -66.6992492676, -60.9878387451, -7.61991882324], [-224.044189453, -144.362945557, 4.72733879089, 72.1691131592, -16.4867782593, -6.34498167038, 91.7382278442, 164.776184082, 53.5680809021, -13.9377183914, -48.8538856506, -29.6939601898, -14.416475296], [131.00920105, 23.9792327881, -13.0188341141, -46.0894737244, -15.9372348785, -40.9576072693, -17.6542987823, 53.5680809021, 109.307632446, 40.7784805298, -8.85498523712, -11.6511859894, 11.9363956451], [-171.160491943, -94.3307266235, -1.02262067795, 7.12777757645, -56.258140564, -11.6604013443, -13.5585193634, -13.9377183914, 40.7784805298, 102.60622406, 57.2364768982, 11.1415615082, -9.5191526413], [316.009399414, 72.606300354, -131.508331299, -74.8964538574, 11.768488884, -95.5604248047, -66.6992492676, -48.8538856506, -8.85498523712, 57.2364768982, 166.239959717, 93.4934387207, -26.1448097229], [-91.8737716675, -45.1933174133, -15.9481477737, -6.88908338547, -8.53947639465, -34.5436820984, -60.9878387451, -29.6939601898, -11.6511859894, 11.1415615082, 93.4934387207, 127.251708984, 26.2215938568], [33.1312713623, 22.4103393555, 25.2700557709, -29.0634670258, -0.377048105001, 10.5640573502, -7.61991882324, -14.416475296, 11.9363956451, -9.5191526413, -26.1448097229, 26.2215938568, 92.5755615234]],
        "icov": [[0.000849652744364, -0.000992102432065, 0.000895038538147, -8.79721628735e-05, -0.00121394055896, 0.00222678482533, -0.00236797891557, 0.00231119943783, -0.00182504917029, 0.000638346362393, 0.0004055397294, -0.0002358075144, 5.23875605722e-05], [-0.000992102432065, 0.00519495178014, -0.00304200360551, 0.00343095837161, -0.00264957896434, 0.000280344916973, -0.00152535585221, 0.00294906948693, -0.00256431102753, 0.00463247578591, -0.00417861901224, 0.00321584637277, 1.18787957035e-05], [0.000895038538147, -0.00304200360551, 0.00559547031298, -0.0060383011587, 0.00601165415719, -0.00401197420433, 0.00245537655428, 0.00115774048027, -0.00531343510374, 0.00718279182911, -0.00623383698985, 0.00496692955494, -0.00388600910082], [-8.79721628735e-05, 0.00343095837161, -0.0060383011587, 0.0120955687016, -0.0114622963592, 0.00764013081789, -0.00638741627336, -0.000402462173952, 0.00831498391926, -0.0136711588129, 0.0145267909393, -0.0111442692578, 0.00792086683214], [-0.00121394055896, -0.00264957896434, 0.00601165415719, -0.0114622963592, 0.0179768782109, -0.0149290310219, 0.0122287804261, -0.00539242383093, -0.00517008220777, 0.0151186464354, -0.0176479127258, 0.0130279734731, -0.00867298431695], [0.00222678482533, 0.000280344916973, -0.00401197420433, 0.00764013081789, -0.0149290310219, 0.0224959179759, -0.0186510998756, 0.0126441149041, 0.000566562695894, -0.0118647310883, 0.0198504813015, -0.0145890191197, 0.0088801914826], [-0.00236797891557, -0.00152535585221, 0.00245537655428, -0.00638741627336, 0.0122287804261, -0.0186510998756, 0.0276005528867, -0.0224891062826, 0.0130328517407, -0.00173182692379, -0.00919512938708, 0.0112278722227, -0.00814659986645], [0.00231119943783, 0.00294906948693, 0.00115774048027, -0.000402462173952, -0.00539242383093, 0.0126441149041, -0.0224891062826, 0.0346218235791, -0.0287922136486, 0.0215387903154, -0.00563188549131, 0.00203218567185, 0.00385319814086], [-0.00182504917029, -0.00256431102753, -0.00531343510374, 0.00831498391926, -0.00517008220777, 0.000566562695894, 0.0130328517407, -0.0287922136486, 0.0468529462814, -0.0440826565027, 0.0303309168667, -0.0182763263583, 0.00500676874071], [0.000638346362393, 0.00463247578591, 0.00718279182911, -0.0136711588129, 0.0151186464354, -0.0118647310883, -0.00173182692379, 0.0215387903154, -0.0440826565027, 0.0693331584334, -0.0575117394328, 0.0400618351996, -0.0177518315613], [0.0004055397294, -0.00417861901224, -0.00623383698985, 0.0145267909393, -0.0176479127258, 0.0198504813015, -0.00919512938708, -0.00563188549131, 0.0303309168667, -0.0575117394328, 0.0724137276411, -0.0540910251439, 0.0291050244123], [-0.0002358075144, 0.00321584637277, 0.00496692955494, -0.0111442692578, 0.0130279734731, -0.0145890191197, 0.0112278722227, 0.00203218567185, -0.0182763263583, 0.0400618351996, -0.0540910251439, 0.0515340715647, -0.025987142697], [5.23875605722e-05, 1.18787957035e-05, -0.00388600910082, 0.00792086683214, -0.00867298431695, 0.0088801914826, -0.00814659986645, 0.00385319814086, 0.00500676874071, -0.0177518315613, 0.0291050244123, -0.025987142697, 0.0263182017952]]
    },
    "melbands": {
        "dmean": [5.09793317178e-05, 0.000200631868211, 0.000187465819181, 0.000200240174308, 0.000207636214327, 0.000200121547095, 0.000110927954665, 0.000113179521577, 0.000148204810102, 4.81468923681e-05, 2.84840662061e-05, 3.34847827617e-05, 3.15010074701e-05, 1.37553979584e-05, 7.55494329496e-06, 4.84484053231e-06, 3.37995675181e-06, 1.34451590839e-06, 1.0256007954e-06, 4.57242379071e-07, 1.77842622406e-07, 1.04800406575e-07, 3.39724053333e-08, 2.98555704603e-08, 1.23633894233e-08, 3.99757427161e-09, 1.88683668689e-09, 2.18093409998e-09, 4.17438861255e-10, 2.01133332212e-10, 1.22354015808e-10, 4.84161703784e-11, 4.85396028926e-11, 3.06516444171e-11, 1.77620834707e-11, 1.17423900464e-11, 9.52516104186e-12, 8.30998030804e-12, 7.17335696052e-12, 6.26716170279e-12],
        "dmean2": [8.0153469753e-05, 0.000308367394609, 0.000286354887066, 0.000325137400068, 0.00031192615279, 0.000312971795211, 0.000176059329533, 0.000157493093866, 0.000202323877602, 6.48103159619e-05, 3.61325000995e-05, 4.88175137434e-05, 4.61805502709e-05, 1.90014234249e-05, 1.10522341856e-05, 6.90784099788e-06, 5.08545417688e-06, 2.05115270546e-06, 1.44405908031e-06, 6.23936898592e-07, 2.4225460038e-07, 1.51605107135e-07, 4.94474257096e-08, 4.28503206251e-08, 1.81551520484e-08, 5.90157922531e-09, 2.85117218723e-09, 3.18460813276e-09, 6.36893648931e-10, 3.2236291414e-10, 1.85428561394e-10, 7.76197370267e-11, 7.88651921546e-11, 4.83224953107e-11, 3.01859232055e-11, 2.07822561243e-11, 1.7073823258e-11, 1.49957060658e-11, 1.29882771205e-11, 1.13607040442e-11],
        "dvar": [2.05144790044e-08, 2.91177997269e-07, 1.89136429185e-07, 2.53150801655e-07, 3.75004475472e-07, 5.73936290493e-07, 8.36578806229e-08, 1.68245605892e-07, 6.46849514396e-07, 6.95367390335e-08, 3.19508544067e-08, 4.2989157123e-08, 6.2139818624e-08, 1.1330775429e-08, 5.96510263406e-09, 2.59189003593e-09, 3.43392470015e-09, 3.00959535071e-10, 1.28956803569e-10, 9.01367001871e-12, 1.99876963938e-12, 1.27353184422e-12, 5.03641724679e-14, 5.79660288953e-14, 8.47473573793e-15, 1.30877347669e-15, 3.94731382404e-16, 8.63284386078e-16, 2.5820810089e-17, 5.98401356198e-18, 3.68083750698e-18, 8.54641781044e-20, 1.94405784095e-19, 7.54811033125e-20, 1.26128297854e-20, 8.21882698444e-22, 3.17106079489e-22, 2.68567834022e-22, 1.79961260586e-22, 1.36580625583e-22],
        "dvar2": [4.67603484822e-08, 6.84354233726e-07, 5.12500093919e-07, 7.21750893717e-07, 8.57357917994e-07, 1.43963325172e-06, 1.8702229454e-07, 3.14552693226e-07, 1.2574230368e-06, 1.37030866654e-07, 5.73998164555e-08, 8.19903362981e-08, 1.22317317164e-07, 2.28236238797e-08, 1.27627330926e-08, 5.96390714591e-09, 8.02342459139e-09, 7.86046894241e-10, 2.35294672635e-10, 1.48313566289e-11, 3.53382102226e-12, 2.4195853654e-12, 1.0478349823e-13, 1.35854923231e-13, 1.98767309442e-14, 2.64521359054e-15, 8.87712075123e-16, 1.94087075479e-15, 6.75464107682e-17, 1.5087934846e-17, 7.59613770424e-18, 1.96562515371e-19, 4.75554612758e-19, 1.34947860719e-19, 2.6825056906e-20, 2.23423078843e-21, 9.70400089566e-22, 8.25457184978e-22, 5.67104708404e-22, 4.30583607109e-22],
        "max": [0.00580222345889, 0.0145999602973, 0.00953574664891, 0.0166972521693, 0.0218730326742, 0.0240994766355, 0.00885304622352, 0.0172172691673, 0.0358095653355, 0.0102847646922, 0.00821549911052, 0.00973895378411, 0.0131279090419, 0.00679804896936, 0.00406571989879, 0.00335956388153, 0.00407265778631, 0.00133280723821, 0.000993058551103, 0.000125566599309, 9.49266905081e-05, 9.36330252443e-05, 9.52055779635e-06, 1.21127905004e-05, 3.49524907506e-06, 2.20536321649e-06, 1.16167564101e-06, 1.45124681694e-06, 4.02270615041e-07, 1.78632546977e-07, 1.61144640742e-07, 1.54666590646e-08, 2.79523177937e-08, 1.37962476998e-08, 8.84967210624e-09, 1.29922839154e-09, 3.00429403577e-10, 5.18311615849e-10, 2.19286297454e-10, 1.99058269867e-10],
        "mean": [0.000157510439749, 0.000570321688429, 0.000537773885299, 0.000572400225792, 0.000726978527382, 0.000668797001708, 0.00044605738367, 0.000461486022687, 0.000519519380759, 0.000138186078402, 9.36215292313e-05, 9.50342655415e-05, 7.82034258009e-05, 3.03807410091e-05, 1.65197398019e-05, 1.10242535811e-05, 5.38190988664e-06, 2.80484141513e-06, 2.43297927227e-06, 1.24236407828e-06, 3.98090122644e-07, 1.93921152913e-07, 7.33193488145e-08, 6.69742092896e-08, 2.87152328582e-08, 8.41882918934e-09, 2.8232836069e-09, 3.19748161282e-09, 5.98770921734e-10, 2.89290230659e-10, 1.72979852664e-10, 7.06108088666e-11, 6.46801015525e-11, 4.41488755276e-11, 2.48384889046e-11, 1.6701570682e-11, 1.4288409865e-11, 1.24968759299e-11, 1.08503544691e-11, 9.76252238771e-12],
        "median": [3.1006115023e-05, 0.00016467255773, 0.000208700686926, 0.000207486213185, 0.000210446669371, 0.000151947373524, 0.000137010356411, 6.85103004798e-05, 3.58311881428e-05, 1.97979443328e-05, 1.33291250677e-05, 1.33019302666e-05, 8.87244277692e-06, 2.45044907388e-06, 9.68174049376e-07, 7.25162919935e-07, 3.45506720123e-07, 1.33764288535e-07, 1.14784747041e-07, 4.44529142385e-08, 1.23695196308e-08, 6.82903511517e-09, 4.54385506998e-09, 2.85478529705e-09, 9.61238977304e-10, 3.23200660679e-10, 1.16722603805e-10, 7.70913888282e-11, 4.48329082192e-11, 3.0240303317e-11, 2.38771415834e-11, 1.84582071849e-11, 1.53849571971e-11, 1.17570016223e-11, 1.00546931892e-11, 8.76605125294e-12, 8.09625283482e-12, 7.27954415497e-12, 6.5025428618e-12, 6.0032603888e-12],
        "min": [7.98009088481e-24, 4.1396000594e-24, 1.3962244799e-23, 7.84086640137e-24, 1.05841294104e-23, 7.39201401263e-24, 1.46642426522e-23, 1.4199581491e-23, 5.47269531427e-24, 1.65934682603e-23, 1.79165410373e-23, 8.77253085195e-24, 8.05174627627e-24, 1.12779570312e-23, 4.18434898311e-24, 3.97948338374e-24, 8.47886475821e-24, 7.94792823684e-24, 1.36835228863e-23, 1.14921564328e-23, 1.06257284125e-23, 1.17531423859e-23, 1.01309374978e-23, 1.29175034485e-23, 1.12947290029e-23, 7.74940586801e-24, 8.09037285049e-24, 9.91885224346e-24, 6.82665948996e-24, 7.53375338463e-24, 8.46259371318e-24, 8.55775321532e-24, 8.49814451873e-24, 1.31229961923e-23, 1.19139445816e-23, 7.25783035037e-24, 7.92685145117e-24, 9.56485564541e-24, 1.11875180728e-23, 1.15164643928e-23],
        "var": [1.35760245712e-07, 1.16991373034e-06, 7.14388477263e-07, 1.07738378574e-06, 2.1878224743e-06, 2.51009782914e-06, 5.3038166925e-07, 1.23293921206e-06, 2.83818621938e-06, 2.42787677962e-07, 1.53512445422e-07, 1.46457011851e-07, 1.77300208293e-07, 2.65133497379e-08, 1.30347928007e-08, 5.74126302055e-09, 5.32013633148e-09, 5.61788449094e-10, 2.78227829664e-10, 3.46261734563e-11, 5.93862676049e-12, 2.49149637553e-12, 1.45731815287e-13, 1.22208978505e-13, 1.940378671e-14, 2.45271074196e-15, 5.61922345423e-16, 1.23041350583e-15, 2.60772294615e-17, 6.08272474679e-18, 4.73230442032e-18, 1.17807541054e-19, 2.18963083346e-19, 1.2974644563e-19, 1.6183434871e-20, 9.03478936383e-22, 3.67597897967e-22, 2.75933093817e-22, 1.82823664469e-22, 1.3838195475e-22]
    },
    "mfcc": {
        "mean": [-880.631652832, 245.129653931, 50.1785926819, -20.2150936127, -7.0469660759, -4.07933759689, -7.69508457184, -4.43465232849, -4.09154176712, -5.18902730942, -4.91231393814, -4.94501829147, -1.83165490627],
        "cov": [[5195.24511719, 3389.40405273, -1518.05981445, -1033.96936035, 381.70880127, -83.185836792, -319.511810303, -62.6930809021, -123.135047913, -142.63961792, 0.248811915517, 57.4966049194, 108.278686523], [3389.40405273, 2483.84350586, -642.870910645, -720.390808105, 151.032669067, 15.0618476868, -197.333389282, -87.9761047363, -80.9108734131, -94.8076324463, -24.9132671356, 17.9453449249, 52.9433097839], [-1518.05981445, -642.870910645, 963.941833496, 373.756652832, -201.713317871, 101.91481781, 137.749420166, -14.2466249466, 45.1398887634, 50.2176017761, -28.7494754791, -41.7004432678, -51.1243972778], [-1033.96936035, -720.390808105, 373.756652832, 484.551055908, 97.7796096802, 22.9255332947, 105.339157104, 89.0797958374, 59.2330131531, 39.0873069763, 3.05566120148, -7.98730182648, -8.57632064819], [381.70880127, 151.032669067, -201.713317871, 97.7796096802, 299.52142334, 104.323699951, 8.07039642334, 62.1665725708, 35.7183952332, -13.811173439, -10.900261879, 6.14408063889, 21.5442733765], [-83.185836792, 15.0618476868, 101.91481781, 22.9255332947, 104.323699951, 219.953948975, 123.660018921, 15.7247552872, 19.6769962311, 10.5598745346, -20.6288356781, -23.2087593079, -22.3772125244], [-319.511810303, -197.333389282, 137.749420166, 105.339157104, 8.07039642334, 123.660018921, 195.27243042, 95.7218704224, 22.6202220917, 26.7439975739, 11.7698926926, -27.6190414429, -44.9843788147], [-62.6930809021, -87.9761047363, -14.2466249466, 89.0797958374, 62.1665725708, 15.7247552872, 95.7218704224, 158.807922363, 105.264251709, 37.9349975586, -0.965487062931, -33.1788864136, -28.9904613495], [-123.135047913, -80.9108734131, 45.1398887634, 59.2330131531, 35.7183952332, 19.6769962311, 22.6202220917, 105.264251709, 192.055252075, 127.133735657, -24.9492893219, -78.1048126221, -28.9726085663], [-142.63961792, -94.8076324463, 50.2176017761, 39.0873069763, -13.811173439, 10.5598745346, 26.7439975739, 37.9349975586, 127.133735657, 166.990631104, 45.3428688049, -70.6566696167, -55.7158546448], [0.248811915517, -24.9132671356, -28.7494754791, 3.05566120148, -10.900261879, -20.6288356781, 11.7698926926, -0.965487062931, -24.9492893219, 45.3428688049, 113.888824463, 56.7346611023, -31.2543239594], [57.4966049194, 17.9453449249, -41.7004432678, -7.98730182648, 6.14408063889, -23.2087593079, -27.6190414429, -33.1788864136, -78.1048126221, -70.6566696167, 56.7346611023, 152.684463501, 81.5386886597], [108.278686523, 52.9433097839, -51.1243972778, -8.57632064819, 21.5442733765, -22.3772125244, -44.9843788147, -28.9904613495, -28.9726085663, -55.7158546448, -31.2543239594, 81.5386886597, 148.999511719]],
