{
"lowlevel": {
    "average_loudness": 0.00106395129114,
    "barkbands_crest": {
        "dmean": 2.50701451302,
        "dmean2": 4.1552939415,
        "dvar": 4.30512666702,
        "dvar2": 11.9616756439,
        "max": 25.0500583649,
        "mean": 12.8201732635,
        "median": 12.5693340302,
        "min": 4.81540632248,
        "var": 11.8639850616
    },
    "barkbands_flatness_db": {
        "dmean": 0.0253046546131,
        "dmean2": 0.0385767072439,
        "dvar": 0.000390932633309,
        "dvar2": 0.000950588088017,
        "max": 0.599066734314,
        "mean": 0.303717344999,
        "median": 0.295942813158,
        "min": 0.0555180869997,
        "var": 0.00681034708396
    },
    "barkbands_kurtosis": {
        "dmean": 10.5086622238,
        "dmean2": 16.9928588867,
        "dvar": 192.519302368,
        "dvar2": 466.990905762,
        "max": 402.246612549,
        "mean": 27.9321746826,
        "median": 16.4974098206,
        "min": -1.96992218494,
        "var": 1375.42932129
    },
    "barkbands_skewness": {
        "dmean": 0.747998535633,
        "dmean2": 1.23170852661,
        "dvar": 0.455894649029,
        "dvar2": 1.25817418098,
        "max": 15.4462060928,
        "mean": 2.21885299683,
        "median": 1.88987469673,
        "min": -14.5990953445,
        "var": 3.6516494751
    },
    "barkbands_spread": {
        "dmean": 0.858562767506,
        "dmean2": 1.36350429058,
        "dvar": 2.80518174171,
        "dvar2": 5.96501302719,
        "max": 121.826622009,
        "mean": 3.013910532,
        "median": 2.13523697853,
        "min": 0.150531753898,
        "var": 48.0559883118
    },
    "dissonance": {
        "dmean": 0.04750617221,
        "dmean2": 0.0800096094608,
        "dvar": 0.00165693974122,
        "dvar2": 0.00467259343714,
        "max": 0.5,
        "mean": 0.365098893642,
        "median": 0.380927979946,
        "min": 0.093101888895,
        "var": 0.00639951834455
    },
    "dynamic_complexity": 7.51661109924,
    "erbbands_crest": {
        "dmean": 3.69381642342,
        "dmean2": 5.91025876999,
        "dvar": 9.73689174652,
        "dvar2": 24.6298236847,
        "max": 31.7961425781,
        "mean": 16.231552124,
        "median": 15.1211433411,
        "min": 2.81944441795,
        "var": 40.6241073608
    },
    "erbbands_flatness_db": {
        "dmean": 0.0226814914495,
        "dmean2": 0.0343123339117,
        "dvar": 0.000318392092595,
        "dvar2": 0.00076596729923,
        "max": 0.559421241283,
        "mean": 0.284029275179,
        "median": 0.276123821735,
        "min": 0.0491787567735,
        "var": 0.00720524415374
    },
    "erbbands_kurtosis": {
        "dmean": 7.14133501053,
        "dmean2": 11.0068531036,
        "dvar": 81.55103302,
        "dvar2": 174.409805298,
        "max": 300.541656494,
        "mean": 16.3069076538,
        "median": 11.0190763474,
        "min": -1.74898052216,
        "var": 376.421142578
    },
    "erbbands_skewness": {
        "dmean": 0.680390894413,
        "dmean2": 1.06289410591,
        "dvar": 0.320250600576,
        "dvar2": 0.771081447601,
        "max": 11.9353132248,
        "mean": 2.44150710106,
        "median": 2.24063014984,
        "min": -2.41806602478,
        "var": 1.79934477806
    },
    "erbbands_spread": {
        "dmean": 2.8345348835,
        "dmean2": 4.56625747681,
        "dvar": 13.0264263153,
        "dvar2": 33.219379425,
        "max": 177.882324219,
        "mean": 9.09399032593,
        "median": 6.22881603241,
        "min": 0.314812898636,
        "var": 89.3831710815
    },
    "hfc": {
        "dmean": 1.22048914433,
        "dmean2": 1.65831100941,
        "dvar": 10.950507164,
        "dvar2": 17.0809860229,
        "max": 154.976379395,
        "mean": 3.91748094559,
        "median": 0.965211689472,
        "min": 1.22462673555e-16,
        "var": 93.0725097656
    },
    "melbands_crest": {
        "dmean": 3.6589550972,
        "dmean2": 5.84558153152,
        "dvar": 9.69103527069,
        "dvar2": 24.3400306702,
        "max": 34.8610191345,
        "mean": 17.5474395752,
        "median": 15.9540786743,
        "min": 2.33260297775,
        "var": 42.1916618347
    },
    "melbands_flatness_db": {
        "dmean": 0.0270328614861,
        "dmean2": 0.0412888340652,
        "dvar": 0.000450338324299,
        "dvar2": 0.00112061121035,
        "max": 0.722054839134,
        "mean": 0.417233884335,
        "median": 0.410358995199,
        "min": 0.00876295659691,
        "var": 0.00765608949587
    },
    "melbands_kurtosis": {
        "dmean": 7.80230140686,
        "dmean2": 12.6335067749,
        "dvar": 119.414657593,
        "dvar2": 292.044799805,
        "max": 256.702636719,
        "mean": 17.1199474335,
        "median": 11.0226230621,
        "min": -1.33442687988,
        "var": 428.082611084
    },
    "melbands_skewness": {
        "dmean": 0.689303934574,
        "dmean2": 1.13270878792,
        "dvar": 0.379904329777,
        "dvar2": 1.04341638088,
        "max": 11.1521492004,
        "mean": 1.68933689594,
        "median": 1.44007754326,
        "min": -1.36991751194,
        "var": 1.88647913933
    },
    "melbands_spread": {
        "dmean": 0.934456884861,
        "dmean2": 1.49267280102,
        "dvar": 3.72385191917,
        "dvar2": 8.65845775604,
        "max": 236.001541138,
        "mean": 3.17685055733,
        "median": 2.67911911011,
        "min": 0.162520617247,
        "var": 39.9567146301
    },
    "pitch_salience": {
        "dmean": 0.0900792330503,
        "dmean2": 0.144894748926,
        "dvar": 0.00538994418457,
        "dvar2": 0.0141596579924,
        "max": 0.920548915863,
        "mean": 0.60096436739,
        "median": 0.626610577106,
        "min": 0.0916392281651,
        "var": 0.018564177677
    },
    "silence_rate_20dB": {
        "dmean": 0.001314430614,
        "dmean2": 0.00262910802849,
        "dvar": 0.00131272454746,
        "dvar2": 0.00299786636606,
        "max": 1,
        "mean": 0.998310148716,
        "median": 1,
        "min": 0,
        "var": 0.00168686010875
    },
    "silence_rate_30dB": {
        "dmean": 0.00882546231151,
        "dmean2": 0.0176525823772,
        "dvar": 0.00874681770802,
        "dvar2": 0.0194066725671,
        "max": 1,
        "mean": 0.978220045567,
        "median": 1,
        "min": 0,
        "var": 0.0213046316057
    },
    "silence_rate_60dB": {
        "dmean": 0.0672237351537,
        "dmean2": 0.134460091591,
        "dvar": 0.0627027451992,
        "dvar2": 0.145101457834,
        "max": 1,
        "mean": 0.460476905107,
        "median": 0,
        "min": 0,
        "var": 0.248445928097
    },
    "spectral_centroid": {
        "dmean": 31.6233654022,
        "dmean2": 50.6016960144,
        "dvar": 6064.71728516,
        "dvar2": 9313.97070312,
        "max": 10456.6767578,
        "mean": 326.653747559,
        "median": 306.275024414,
        "min": 167.338424683,
        "var": 46764.1601562
    },
    "spectral_complexity": {
        "dmean": 0.878415167332,
        "dmean2": 1.55023479462,
        "dvar": 0.744641244411,
        "dvar2": 1.93326258659,
        "max": 12,
        "mean": 4.57097244263,
        "median": 4,
        "min": 0,
        "var": 4.56994009018
    },
    "spectral_decrease": {
        "dmean": 1.11606346387e-09,
        "dmean2": 1.51798662529e-09,
        "dvar": 8.41090729888e-18,
        "dvar2": 1.29096878789e-17,
        "max": 5.5562843958e-14,
        "mean": -3.49895823426e-09,
        "median": -9.44978317818e-10,
        "min": -1.38212314482e-07,
        "var": 7.03736677798e-17
    },
    "spectral_energy": {
        "dmean": 0.00432057678699,
        "dmean2": 0.00587564706802,
        "dvar": 0.000126412283862,
        "dvar2": 0.000194050357095,
        "max": 0.535700380802,
        "mean": 0.0135611826554,
        "median": 0.00365384737961,
        "min": 1.06546347815e-20,
        "var": 0.00105849513784
    },
    "spectral_energyband_high": {
        "dmean": 3.00637026385e-07,
        "dmean2": 4.84995894112e-07,
        "dvar": 3.58542947936e-13,
        "dvar2": 9.36847604702e-13,
        "max": 2.29791639867e-05,
        "mean": 1.45412911934e-06,
        "median": 1.36902576742e-06,
        "min": 7.51259487929e-21,
        "var": 5.93533360481e-13
    },
    "spectral_energyband_low": {
        "dmean": 0.000903062173165,
        "dmean2": 0.00149565876927,
        "dvar": 2.83213103103e-06,
        "dvar2": 7.55124756324e-06,
        "max": 0.0322486609221,
        "mean": 0.00132195325568,
        "median": 0.000536259147339,
        "min": 7.70974841036e-23,
        "var": 4.77055164083e-06
    },
    "spectral_energyband_middle_high": {
        "dmean": 1.97642220883e-05,
        "dmean2": 3.24221728079e-05,
        "dvar": 1.85637782923e-09,
        "dvar2": 4.41017711239e-09,
        "max": 0.00151617021766,
        "mean": 4.11549008277e-05,
        "median": 2.00908689294e-05,
        "min": 1.47562609418e-21,
        "var": 5.0216653058e-09
    },
    "spectral_energyband_middle_low": {
        "dmean": 0.00401046779007,
        "dmean2": 0.00535585451871,
        "dvar": 0.000125658203615,
        "dvar2": 0.00019004951173,
        "max": 0.534858703613,
        "mean": 0.0124133089557,
        "median": 0.0028190179728,
        "min": 3.29859600054e-22,
        "var": 0.00103793013841
    },
    "spectral_entropy": {
        "dmean": 0.228667661548,
        "dmean2": 0.350188434124,
        "dvar": 0.0335720069706,
        "dvar2": 0.081143155694,
        "max": 9.78594589233,
        "mean": 5.81408691406,
        "median": 5.8346862793,
        "min": 3.29174613953,
        "var": 0.57121694088
    },
    "spectral_flux": {
        "dmean": 0.0106550939381,
        "dmean2": 0.0179499145597,
        "dvar": 0.00019084669475,
        "dvar2": 0.000551848206669,
        "max": 0.260013014078,
        "mean": 0.0366859771311,
        "median": 0.0274957809597,
        "min": 1.03221292624e-10,
        "var": 0.000856011873111
    },
    "spectral_kurtosis": {
        "dmean": 10.0191478729,
        "dmean2": 16.2107906342,
        "dvar": 148.474746704,
        "dvar2": 381.266021729,
        "max": 246.483139038,
        "mean": 39.4640541077,
        "median": 25.8191795349,
        "min": -1.13668036461,
        "var": 1232.76599121
    },
    "spectral_rms": {
        "dmean": 0.000465450371848,
        "dmean2": 0.00066841696389,
        "dvar": 3.44210150161e-07,
        "dvar2": 6.53352913105e-07,
        "max": 0.0228612013161,
        "mean": 0.00268376106396,
        "median": 0.00188804906793,
        "min": 3.2240913498e-12,
        "var": 6.027805739e-06
    },
    "spectral_rolloff": {
        "dmean": 55.5563850403,
        "dmean2": 97.9395446777,
        "dvar": 141974.796875,
        "dvar2": 342671.125,
        "max": 19595.2148438,
        "mean": 472.971923828,
        "median": 322.998046875,
        "min": 129.19921875,
        "var": 2184772.25
    },
    "spectral_skewness": {
        "dmean": 0.629214942455,
        "dmean2": 1.01056098938,
        "dvar": 0.36373463273,
        "dvar2": 0.922047197819,
        "max": 13.4633169174,
        "mean": 4.73910331726,
        "median": 4.12752199173,
        "min": 0.071374617517,
        "var": 4.54989767075
    },
    "spectral_spread": {
        "dmean": 343599.78125,
        "dmean2": 574777.0625,
        "dvar": 134236299264,
        "dvar2": 273405362176,
        "max": 39285652,
        "mean": 2352247,
        "median": 2173417,
        "min": 450458.8125,
        "var": 2.08724780646e+12
    },
    "spectral_strongpeak": {
        "dmean": 0.209185123444,
        "dmean2": 0.30733320117,
        "dvar": 0.0867443531752,
        "dvar2": 0.171389088035,
        "max": 8.86555576324,
        "mean": 0.629428327084,
        "median": 0.339745312929,
        "min": 0,
        "var": 0.72987651825
    },
    "zerocrossingrate": {
        "dmean": 0.00269299652427,
        "dmean2": 0.00362112117,
        "dvar": 3.31740629917e-05,
        "dvar2": 3.27473899233e-05,
        "max": 0.7958984375,
        "mean": 0.020463347435,
        "median": 0.014892578125,
        "min": 0.00537109375,
        "var": 0.00162680924404
    },
    "barkbands": {
        "dmean": [3.0848800634e-06, 9.34795098146e-05, 0.000749535742216, 0.000276455568383, 0.00210640905425, 0.00215735752136, 0.000562853820156, 0.000147718703374, 3.72653303202e-05, 1.61917232617e-05, 4.705849733e-06, 2.49778940997e-06, 1.71753788436e-06, 1.20859215258e-06, 9.29092607294e-07, 2.8113066719e-07, 1.97087985043e-07, 1.53719270202e-07, 2.09950087537e-07, 1.79068848638e-07, 1.17059173022e-07, 1.05415772111e-07, 6.02888263757e-08, 2.45914435482e-08, 1.11664508751e-08, 3.75692366106e-09, 4.21087378299e-08],
        "dmean2": [5.41347344551e-06, 0.000163720120327, 0.00123283837456, 0.000463114934973, 0.00286700297147, 0.00298499246128, 0.000904198328499, 0.000237075437326, 6.15686585661e-05, 2.67726663878e-05, 7.67201800045e-06, 4.34367984781e-06, 3.004825885e-06, 2.08843653127e-06, 1.69134261796e-06, 4.80342635001e-07, 3.4054966136e-07, 2.50653300782e-07, 3.44041126255e-07, 2.94130586553e-07, 1.92995031512e-07, 1.76732669388e-07, 1.02231695109e-07, 4.12032363784e-08, 1.89694606689e-08, 6.50824283355e-09, 7.24835658161e-08],
        "dvar": [1.49280917489e-11, 1.84577437778e-08, 2.08485744224e-06, 2.25897878181e-07, 4.40980147687e-05, 3.62360224244e-05, 2.17731053453e-06, 2.17095987409e-07, 9.53155598893e-09, 1.57358992503e-09, 1.50893894602e-10, 1.47106025278e-11, 4.61363586224e-12, 3.6496894916e-12, 5.63709409013e-12, 1.47777799654e-13, 1.38296248368e-13, 5.36469231939e-14, 1.98755102003e-13, 1.82109928808e-13, 6.6477625813e-14, 3.47935283287e-14, 9.04706150083e-15, 1.51848951707e-15, 3.33158439885e-16, 9.31857341221e-18, 1.13954878757e-15],
        "dvar2": [4.35217244188e-11, 5.38811164574e-08, 5.4894189816e-06, 6.1107948568e-07, 6.67831700412e-05, 5.85335146752e-05, 5.43899432159e-06, 5.07738548094e-07, 2.52057148487e-08, 3.82017262268e-09, 3.43922584856e-10, 4.02326540139e-11, 1.22570313274e-11, 9.46621080133e-12, 1.63578907364e-11, 3.6377793681e-13, 3.67287851608e-13, 1.26453291198e-13, 4.82231442278e-13, 4.8959870446e-13, 1.78386344867e-13, 9.13859171171e-14, 2.42094755701e-14, 4.10153851258e-15, 8.89425569836e-16, 2.76894375626e-17, 3.30747392365e-15],
        "max": [6.39413774479e-05, 0.0021065378096, 0.0277973562479, 0.00829428061843, 0.358520656824, 0.268449425697, 0.0332356281579, 0.0133286658674, 0.00216224230826, 0.00149669055827, 0.000431061460404, 0.000133456036565, 2.61456061708e-05, 3.06960828311e-05, 3.39610633091e-05, 4.83085659653e-06, 5.68935001866e-06, 4.23659639637e-06, 1.02572003016e-05, 1.28707870317e-05, 1.0937762454e-05, 7.02049874235e-06, 3.49153333445e-06, 1.44599948726e-06, 7.46525813611e-07, 5.45766667415e-08, 8.36849039842e-07],
        "mean": [3.47719833371e-06, 0.000131296925247, 0.000975571048912, 0.000439568830188, 0.00562223792076, 0.00513398135081, 0.000895897275768, 0.000245810486376, 6.56375632389e-05, 2.70711716439e-05, 7.60229704611e-06, 4.16295915784e-06, 2.91045557788e-06, 1.83851659585e-06, 1.14307226795e-06, 4.87885813527e-07, 3.03510688582e-07, 2.9980330396e-07, 3.04934815176e-07, 2.89339055826e-07, 2.48708573736e-07, 3.4047252484e-07, 2.17131059799e-07, 1.03321234235e-07, 3.96676291814e-08, 1.99473078055e-08, 3.30905237433e-07],
        "median": [2.08313394978e-06, 7.2861861554e-05, 0.00029996590456, 0.000168675731402, 0.00113028276246, 0.000871196389198, 0.000152276174049, 3.70748857677e-05, 1.40423344419e-05, 6.65149264023e-06, 3.29392878484e-06, 3.10874202114e-06, 2.48263859248e-06, 1.45877061186e-06, 7.82319716564e-07, 3.88268205143e-07, 2.2067483485e-07, 2.31343705082e-07, 1.70281566625e-07, 1.83235329132e-07, 1.93425066186e-07, 3.25515600252e-07, 2.14939518628e-07, 1.05759006885e-07, 3.80591558269e-08, 1.90272668732e-08, 3.15720285471e-07],
        "min": [3.50237873054e-24, 5.86310959713e-23, 8.99623287201e-24, 8.67656750056e-24, 4.92896607226e-23, 2.07180590577e-23, 1.70994988651e-23, 4.77105757605e-23, 1.68838435419e-22, 4.49230884202e-23, 5.71545187506e-23, 1.59614228056e-22, 8.29912848075e-23, 9.54661670796e-23, 1.30074429003e-22, 1.15461380268e-22, 1.7541285269e-22, 1.71689429217e-22, 2.71992171926e-22, 3.75789707285e-22, 4.32423962803e-22, 4.43322562147e-22, 5.55464453591e-22, 8.18612447163e-22, 1.13089241447e-21, 1.62220518464e-21, 2.6654766348e-21],
        "var": [1.773573996e-11, 2.92992154982e-08, 3.24538291352e-06, 5.35601543561e-07, 0.00032549109892, 0.000214986663195, 4.57953365185e-06, 5.31055434294e-07, 2.32421815127e-08, 3.94998789233e-09, 3.25541649193e-10, 2.0484796151e-11, 5.95660890404e-12, 3.72442441471e-12, 3.59082099992e-12, 2.02270966361e-13, 1.28445065456e-13, 8.24270325931e-14, 2.28166091706e-13, 1.78276555844e-13, 7.5099418329e-14, 5.87112213772e-14, 1.82199599104e-14, 3.79587269752e-15, 6.69358733903e-16, 2.46187297162e-17, 5.25681225505e-15]
    },
    "erbbands": {
        "dmean": [0.00144105392974, 0.0333452261984, 0.581192195415, 1.03545594215, 2.14491534233, 5.1217417717, 30.6961936951, 9.25562763214, 11.5177211761, 2.14683389664, 3.52440929413, 0.845223426819, 0.542755663395, 0.405519723892, 0.123721949756, 0.100506410003, 0.0788595080376, 0.0635033398867, 0.0539711862803, 0.0297667384148, 0.0138096511364, 0.0112654240802, 0.0082362992689, 0.00879306253046, 0.0108765885234, 0.00884673092514, 0.0055714873597, 0.00439987145364, 0.00392713723704, 0.00311024510302, 0.00140841584653, 0.00069609680213, 0.000369704590412, 0.000219865381951, 2.2517357138e-05, 3.63938715964e-06, 7.03595924278e-06, 1.06474681161e-05, 7.38199150874e-06, 5.12351198267e-06],
        "dmean2": [0.00253950641491, 0.0571108721197, 0.953998863697, 1.73632848263, 3.04735088348, 7.45385360718, 39.8145065308, 14.132645607, 18.4771213531, 3.40182948112, 5.63151979446, 1.36143112183, 0.88908714056, 0.660809099674, 0.206523343921, 0.175321221352, 0.138136550784, 0.110317505896, 0.0961602553725, 0.053461547941, 0.023486411199, 0.0194949060678, 0.0134790884331, 0.0144891599193, 0.0174788404256, 0.014438547194, 0.00926434993744, 0.00727496575564, 0.00658236583695, 0.00524422852322, 0.00238138018176, 0.00116776162758, 0.000622111198027, 0.000373245595256, 3.79376833735e-05, 5.61151500733e-06, 1.18818052215e-05, 1.84202690434e-05, 1.21962311823e-05, 7.16567456038e-06],
        "dvar": [3.39378493663e-06, 0.00273260963149, 1.24372839928, 3.45940160751, 21.3604335785, 226.198684692, 8697.35449219, 573.061462402, 948.451721191, 29.3199501038, 125.564544678, 4.38220977783, 1.75335228443, 1.34199082851, 0.05175094679, 0.0252272579819, 0.0103558469564, 0.00955055374652, 0.0138452043757, 0.00389725132845, 0.00040358141996, 0.000494584790431, 0.000166671234183, 0.000261228473391, 0.000603316351771, 0.000460353447124, 0.000181810930371, 7.68830796005e-05, 5.40857909073e-05, 2.30371624639e-05, 4.89888043376e-06, 8.89862121767e-07, 4.4835488211e-07, 1.34794134965e-07, 2.20178675292e-09, 4.63925182992e-11, 3.79003495254e-11, 7.21416607008e-11, 4.66192466575e-11, 1.51311657648e-10],
        "dvar2": [1.03153179225e-05, 0.0075233108364, 3.2586183548, 9.60786437988, 36.1327667236, 405.400604248, 12342.6621094, 1261.50231934, 2394.03222656, 71.5641708374, 283.684844971, 11.078166008, 4.38730192184, 3.11305785179, 0.131779536605, 0.0691963508725, 0.0275125075132, 0.0243745837361, 0.0392856709659, 0.0110762184486, 0.00100688415114, 0.00131939956918, 0.000390009459807, 0.000618106801994, 0.00149951956701, 0.00123680487741, 0.000488311925437, 0.000205898220884, 0.000143775643664, 6.11789655522e-05, 1.28756428239e-05, 2.31278431784e-06, 1.23227857785e-06, 3.62241678431e-07, 5.79964787306e-09, 8.81810527376e-11, 1.00611123599e-10, 2.13935827387e-10, 1.07778293235e-10, 2.31107882831e-10],
        "max": [0.0305028576404, 1.17384588718, 24.040807724, 32.5351142883, 215.26776123, 737.350036621, 4311.28320312, 770.391601562, 629.457214355, 151.799194336, 325.568115234, 53.7058448792, 36.6403846741, 42.8823051453, 7.53003835678, 5.4947104454, 1.40521681309, 1.56133282185, 1.74289906025, 0.795284986496, 0.250211030245, 0.338146656752, 0.199145764112, 0.459921479225, 0.60070168972, 0.646942853928, 0.503662884235, 0.344011723995, 0.304361522198, 0.192856729031, 0.0756286159158, 0.0277932099998, 0.0255200881511, 0.0139776552096, 0.00229275901802, 0.000299789418932, 0.000202921844902, 0.000188560981769, 0.000289967516437, 0.000596189813223],
        "mean": [0.00224532955326, 0.0515330918133, 0.80614233017, 1.59418344498, 5.30623197556, 12.4526805878, 72.4756851196, 20.8627204895, 18.7601737976, 4.69895458221, 5.85947751999, 1.67594695091, 1.00986599922, 0.643778264523, 0.227538377047, 0.173842385411, 0.140535861254, 0.105254918337, 0.0752334743738, 0.0429054088891, 0.024239724502, 0.0176741238683, 0.0159414689988, 0.0156954452395, 0.0153760202229, 0.014066609554, 0.0105779450387, 0.0103721758351, 0.0117996372283, 0.0106282066554, 0.00517843198031, 0.00271907937713, 0.00146420509554, 0.000811994832475, 9.17163633858e-05, 2.04493917408e-05, 4.46934282081e-05, 6.92414760124e-05, 5.05138777953e-05, 2.10440921364e-05],
        "median": [0.00150560413022, 0.0257929116488, 0.270026981831, 0.670695960522, 1.32946109772, 2.7629737854, 9.98454475403, 4.15462017059, 3.33315634727, 0.899485647678, 0.877702653408, 0.361645936966, 0.24076256156, 0.182156011462, 0.134523510933, 0.12956790626, 0.121006727219, 0.0862091779709, 0.0541487112641, 0.0322241187096, 0.0189109090716, 0.0128344604746, 0.0122191589326, 0.0110911084339, 0.00794512592256, 0.0088566262275, 0.0076408740133, 0.00857243873179, 0.0110379569232, 0.0104317739606, 0.0051179183647, 0.00277421297505, 0.00146309530828, 0.000807725416962, 6.61074009258e-05, 1.5348650777e-05, 4.13714660681e-05, 6.60737423459e-05, 4.59327275166e-05, 1.04590662886e-05],
        "min": [1.07750220743e-21, 1.4203616849e-20, 1.70330382174e-20, 2.79275529532e-20, 1.2530704483e-19, 1.66309147024e-19, 4.15330132061e-20, 1.89405968431e-19, 3.03343700085e-19, 3.45524974091e-19, 2.13128688973e-18, 3.44533298274e-18, 1.84683209158e-18, 1.17781792472e-18, 3.15786683356e-18, 7.65316436285e-18, 4.60574413224e-18, 2.57419475166e-18, 9.5669443173e-18, 5.91563302228e-18, 6.19288245691e-18, 8.86156025968e-18, 1.04453480893e-17, 8.57418696153e-18, 1.62467652534e-17, 1.62294027323e-17, 2.20104092148e-17, 1.37256461321e-17, 1.65713376908e-17, 1.63455206923e-17, 1.67301878013e-17, 1.59277713219e-17, 1.43819312301e-17, 1.10406244812e-17, 8.80197595862e-18, 7.27198712887e-18, 2.67795132462e-18, 1.05376699242e-18, 3.88304428927e-19, 4.06911630624e-20],
        "var": [6.22574225417e-06, 0.00522783212364, 2.09881258011, 6.14824438095, 153.8855896, 1431.58752441, 57614.2265625, 2580.54418945, 2030.32495117, 103.561561584, 316.792480469, 14.3913850784, 4.96449184418, 2.77444076538, 0.121577456594, 0.0352236069739, 0.0135763231665, 0.0103133656085, 0.010172041133, 0.00291766528971, 0.000518647721037, 0.000445491838036, 0.000243008136749, 0.000337896868587, 0.000679535325617, 0.000440644274931, 0.000184215314221, 9.83193385764e-05, 8.12294092611e-05, 4.54033252026e-05, 1.03912834675e-05, 2.57511919699e-06, 8.61674152475e-07, 2.64119051963e-07, 7.42629424622e-09, 3.37682354301e-10, 1.88854015759e-10, 2.48546599968e-10, 3.15436288201e-10, 1.27206978284e-09]
    },
    "gfcc": {
        "mean": [-222.774734497, 164.363449097, -49.8258781433, 1.98125302792, -63.7066001892, -23.1772079468, -30.728597641, -35.5488967896, -8.69981479645, -15.6050701141, -2.13927078247, -7.70548582077, -7.00143289566],
        "cov": [[3749.24194336, 1556.78991699, -207.068847656, 227.387634277, -394.185180664, -9.0214099884, 94.4541854858, 76.5212860107, 157.661148071, -58.2603874207, 29.2891254425, -165.864089966, 18.4994373322], [1556.78991699, 982.674133301, 150.512939453, -138.978378296, -248.871261597, -131.807830811, -32.7479362488, 3.32615232468, 64.3237457275, -45.4462928772, -15.8054084778, -53.8202819824, 15.1712265015], [-207.068847656, 150.512939453, 361.842407227, -114.424827576, -91.1986465454, -117.827659607, -82.1276931763, -39.3814620972, -6.68097686768, -8.14634799957, -17.3360996246, 0.345882624388, -4.10049057007], [227.387634277, -138.978378296, -114.424827576, 361.278381348, 123.755073547, 158.997451782, 85.312461853, 28.3044815063, 17.4257392883, 20.3448257446, 29.5747909546, -45.9593772888, -37.9410705566], [-394.185180664, -248.871261597, -91.1986465454, 123.755073547, 227.856399536, 135.469863892, 30.1144618988, -8.33047485352, -26.0010070801, 8.03310108185, 1.93534016609, 17.4346313477, -20.4026107788], [-9.0214099884, -131.807830811, -117.827659607, 158.997451782, 135.469863892, 230.288299561, 87.3856048584, 36.9176292419, 30.4022064209, 11.0120134354, 3.59666156769, -14.2122135162, -33.624042511], [94.4541854858, -32.7479362488, -82.1276931763, 85.312461853, 30.1144618988, 87.3856048584, 109.349205017, 67.5439224243, 25.9272098541, 7.1709895134, -1.30535507202, -21.320848465, -19.1088428497], [76.5212860107, 3.32615232468, -39.3814620972, 28.3044815063, -8.33047485352, 36.9176292419, 67.5439224243, 84.8885650635, 42.1260566711, 11.1636638641, 0.0226070471108, -22.262260437, -15.2159566879], [157.661148071, 64.3237457275, -6.68097686768, 17.4257392883, -26.0010070801, 30.4022064209, 25.9272098541, 42.1260566711, 66.8887252808, 25.3008670807, 5.98282289505, -12.0392608643, -15.8364191055], [-58.2603874207, -45.4462928772, -8.14634799957, 20.3448257446, 8.03310108185, 11.0120134354, 7.1709895134, 11.1636638641, 25.3008670807, 44.1904335022, 21.7005672455, 4.65724515915, -6.31111240387], [29.2891254425, -15.8054084778, -17.3360996246, 29.5747909546, 1.93534016609, 3.59666156769, -1.30535507202, 0.0226070471108, 5.98282289505, 21.7005672455, 36.9002075195, 14.9539480209, 5.21067810059], [-165.864089966, -53.8202819824, 0.345882624388, -45.9593772888, 17.4346313477, -14.2122135162, -21.320848465, -22.262260437, -12.0392608643, 4.65724515915, 14.9539480209, 49.8150978088, 25.1546134949], [18.4994373322, 15.1712265015, -4.10049057007, -37.9410705566, -20.4026107788, -33.624042511, -19.1088428497, -15.2159566879, -15.8364191055, -6.31111240387, 5.21067810059, 25.1546134949, 43.5855484009]],
        "icov": [[0.00541004445404, -0.00878649111837, 0.00594429066405, -0.00647872500122, 0.00583349307999, -0.0016944744857, 0.00143635552377, 0.00090865814127, -0.000866086338647, 0.00155513267964, -0.00161775248125, 0.00290669803508, -0.00352153298445], [-0.00878649111837, 0.0164069421589, -0.0102062057704, 0.0117337191477, -0.00947106070817, 0.00356456986628, -0.00434847129509, 0.00190989358816, -0.00394939817488, 0.00258647510782, -0.00168583600316, 0.000336550088832, 0.00329596363008], [0.00594429066405, -0.0102062057704, 0.0106688216329, -0.00761854229495, 0.00776012893766, -0.00130889529828, 0.00462975725532, -9.48550878093e-05, 0.000716711510904, -0.000420071155531, 0.00198331801221, 0.000194265448954, -0.000128784944536], [-0.00647872500122, 0.0117337191477, -0.00761854229495, 0.0161568913609, -0.0114853028208, 0.00163153931499, -0.00808467064053, 0.0062952907756, -0.00526947202161, 0.00394018739462, -0.0125678097829, 0.0122034838423, -0.000335727527272], [0.00583349307999, -0.00947106070817, 0.00776012893766, -0.0114853028208, 0.0204787105322, -0.00890373531729, 0.00778420828283, -0.00514293275774, 0.0119735654444, -0.00682311085984, 0.0105972141027, -0.0123698748648, 0.00512226624414], [-0.0016944744857, 0.00356456986628, -0.00130889529828, 0.00163153931499, -0.00890373531729, 0.0139115005732, -0.00956584233791, 0.00685881264508, -0.0119072375819, 0.00688896793872, -0.00370543822646, 0.00286482367665, 0.00100100156851], [0.00143635552377, -0.00434847129509, 0.00462975725532, -0.00808467064053, 0.00778420828283, -0.00956584233791, 0.03481772542, -0.028409447521, 0.0167501661927, -0.0102640436962, 0.0153073947877, -0.0135153122246, 0.00648297788575], [0.00090865814127, 0.00190989358816, -9.48550878093e-05, 0.0062952907756, -0.00514293275774, 0.00685881264508, -0.028409447521, 0.04573719576, -0.030533619225, 0.0153417205438, -0.0192035567015, 0.0250438284129, -0.0102142300457], [-0.000866086338647, -0.00394939817488, 0.000716711510904, -0.00526947202161, 0.0119735654444, -0.0119072375819, 0.0167501661927, -0.030533619225, 0.055890943855, -0.0357917845249, 0.0244873147458, -0.0251949615777, 0.0170641373843], [0.00155513267964, 0.00258647510782, -0.000420071155531, 0.00394018739462, -0.00682311085984, 0.00688896793872, -0.0102640436962, 0.0153417205438, -0.0357917845249, 0.0605380050838, -0.0409791283309, 0.0192757546902, -0.00565790012479], [-0.00161775248125, -0.00168583600316, 0.00198331801221, -0.0125678097829, 0.0105972141027, -0.00370543822646, 0.0153073947877, -0.0192035567015, 0.0244873147458, -0.0409791283309, 0.0755641907454, -0.0448227860034, 0.0124273281544], [0.00290669803508, 0.000336550088832, 0.000194265448954, 0.0122034838423, -0.0123698748648, 0.00286482367665, -0.0135153122246, 0.0250438284129, -0.0251949615777, 0.0192757546902, -0.0448227860034, 0.0757763162255, -0.0362099073827], [-0.00352153298445, 0.00329596363008, -0.000128784944536, -0.000335727527272, 0.00512226624414, 0.00100100156851, 0.00648297788575, -0.0102142300457, 0.0170641373843, -0.00565790012479, 0.0124273281544, -0.0362099073827, 0.0502259023488]]
    },
    "melbands": {
        "dmean": [1.80399165401e-05, 0.000219547902816, 0.000187244018889, 0.000186568038771, 0.000894859957043, 0.000250716635492, 0.00015423426521, 2.21404770855e-05, 2.66476108663e-05, 4.46773719887e-06, 2.74477088169e-06, 1.7407140831e-06, 4.97310225001e-07, 2.89628474093e-07, 2.35791276282e-07, 1.58033216735e-07, 1.19890813721e-07, 9.03550301246e-08, 6.8015296506e-08, 2.34744437222e-08, 1.53520431923e-08, 1.28671162614e-08, 8.23897217117e-09, 8.32349300595e-09, 7.32658200775e-09, 8.15382339425e-09, 7.94466092913e-09, 5.79059111772e-09, 3.89008825152e-09, 2.87624768447e-09, 2.7791409174e-09, 2.541597377e-09, 2.40395126028e-09, 1.8214841857e-09, 1.05318231913e-09, 5.918522894e-10, 4.51767179221e-10, 3.0560587394e-10, 2.42818765095e-10, 1.96233362892e-10],
        "dmean2": [3.18552556564e-05, 0.000360891775927, 0.000297854101518, 0.000286229158519, 0.00116322946269, 0.00037307664752, 0.000247189105721, 3.55329466402e-05, 4.26080659963e-05, 7.35587764211e-06, 4.49142771686e-06, 2.84193606603e-06, 8.25277538752e-07, 4.99997895531e-07, 4.11432694136e-07, 2.75735260402e-07, 2.08294252957e-07, 1.59837640012e-07, 1.24588666495e-07, 4.05233144818e-08, 2.61663473111e-08, 2.24864855625e-08, 1.38425768625e-08, 1.37642164333e-08, 1.2155445539e-08, 1.33413902148e-08, 1.30815527299e-08, 9.59039336834e-09, 6.53078124913e-09, 4.79062123304e-09, 4.63087390656e-09, 4.27972457473e-09, 4.06240641126e-09, 3.09561731804e-09, 1.79082559892e-09, 1.00087171884e-09, 7.66711805156e-10, 5.18864506915e-10, 4.10782602378e-10, 3.35672600826e-10],
        "dvar": [6.12816630774e-10, 1.7428595811e-07, 9.88005623981e-08, 1.57973289561e-07, 7.63924890634e-06, 4.28237058259e-07, 1.69083676838e-07, 3.7095504446e-09, 6.59369270295e-09, 1.17560960966e-10, 4.50170040134e-11, 2.41271846252e-11, 1.08757317388e-12, 2.20295000774e-13, 9.91468666607e-14, 4.18174033541e-14, 3.42727792489e-14, 3.18764857717e-14, 3.28331146179e-14, 9.81280575493e-16, 5.05123492353e-16, 6.27787415643e-16, 1.84355966581e-16, 1.75435359688e-16, 1.79549901638e-16, 3.24397472233e-16, 3.06253391228e-16, 2.15062710864e-16, 9.47223379152e-17, 3.5153429028e-17, 2.89450414841e-17, 2.31401228645e-17, 1.1248746432e-17, 7.59488948869e-18, 2.38072465101e-18, 6.01148236897e-19, 3.52453774944e-19, 2.75836894489e-19, 1.66924142884e-19, 9.04280566485e-20],
        "dvar2": [1.84324222552e-09, 4.57559735878e-07, 2.45182263825e-07, 3.40898765216e-07, 1.08476669993e-05, 8.59358124217e-07, 4.2891610974e-07, 9.0788105922e-09, 1.50230707874e-08, 3.08141318017e-10, 1.12493146742e-10, 5.60070670397e-11, 2.65326259227e-12, 6.0053952913e-13, 2.7676165938e-13, 1.08970964847e-13, 8.76857180615e-14, 8.93902058494e-14, 9.54333115896e-14, 2.43297974473e-15, 1.29062759574e-15, 1.68523705834e-15, 4.69575478321e-16, 4.24787631853e-16, 4.32038472109e-16, 7.96531360631e-16, 7.92209057381e-16, 5.82643047714e-16, 2.56220346174e-16, 9.41792243599e-17, 7.84674447852e-17, 6.25025677953e-17, 2.93882051517e-17, 2.07835845611e-17, 6.43566492978e-18, 1.55282904422e-18, 9.38629655012e-19, 7.67409161875e-19, 4.53015285234e-19, 2.4554670368e-19],
        "max": [0.000340090540703, 0.00889117270708, 0.00638450216502, 0.017251463607, 0.134640529752, 0.0255483556539, 0.0084738060832, 0.0015256437473, 0.00218757078983, 0.000262391607976, 0.000179430426215, 0.000202840878046, 3.7064703065e-05, 1.9210485334e-05, 5.63906496609e-06, 2.61709510596e-06, 2.95558993457e-06, 2.63837750936e-06, 2.47727439273e-06, 4.22369510034e-07, 3.20126559927e-07, 3.93733017745e-07, 2.57071121723e-07, 2.2532724131e-07, 3.90714006926e-07, 4.89777846724e-07, 4.15310267954e-07, 4.66836354462e-07, 3.44294619481e-07, 2.0092963382e-07, 2.25416471267e-07, 2.05510886531e-07, 9.46651823597e-08, 1.16204212475e-07, 5.17333411665e-08, 2.09346779911e-08, 1.95311251616e-08, 1.99149017277e-08, 1.29070327759e-08, 1.19616414551e-08],
        "mean": [2.6608180633e-05, 0.000307612208417, 0.000372396054445, 0.000455017376225, 0.00213125976734, 0.000584428897128, 0.00025334986276, 4.39772993559e-05, 4.33237037214e-05, 8.30995213619e-06, 4.82673704028e-06, 2.67385689767e-06, 8.53327208006e-07, 4.82533380364e-07, 3.85962863447e-07, 2.69970968247e-07, 1.8573092575e-07, 1.24851737837e-07, 8.06469131476e-08, 3.92981860386e-08, 2.55614338585e-08, 1.86597137741e-08, 1.41664751041e-08, 1.48024730251e-08, 1.24035510751e-08, 1.12363984783e-08, 1.0613376844e-08, 9.0867375846e-09, 6.80420475518e-09, 5.51326451159e-09, 6.22213702783e-09, 6.6121041975e-09, 6.80834189026e-09, 5.56945689567e-09, 3.23529980584e-09, 1.90837345926e-09, 1.52093471151e-09, 1.03115105343e-09, 8.54090076441e-10, 6.14805928389e-10],
        "median": [1.65082783496e-05, 0.000110142776975, 0.000151936546899, 0.000119227363029, 0.000303922570311, 0.000110957567813, 4.47520542366e-05, 7.57615816838e-06, 6.5895796979e-06, 1.88176863958e-06, 1.13875239549e-06, 7.37589346045e-07, 4.45994203346e-07, 3.54096982846e-07, 2.9799883805e-07, 2.30734883644e-07, 1.48585783677e-07, 8.89504008228e-08, 5.43098437333e-08, 3.13324761692e-08, 1.95564560102e-08, 1.31829303029e-08, 1.04392761102e-08, 1.1170273595e-08, 8.64218208108e-09, 5.75715652928e-09, 5.62057422826e-09, 5.76937830843e-09, 4.80895900878e-09, 4.08598133106e-09, 5.2035131759e-09, 6.01221916696e-09, 6.43447251036e-09, 5.40284883499e-09, 3.12162118377e-09, 1.88230409037e-09, 1.52435797318e-09, 1.00779473655e-09, 8.38656144531e-10, 5.9336252578e-10],
        "min": [1.32564604134e-23, 1.41686960088e-23, 6.02678135334e-24, 1.34601348328e-23, 1.91022175161e-24, 4.470468439e-24, 4.54011420731e-24, 4.40883986407e-24, 2.32189043217e-23, 2.05228270277e-23, 8.99133325693e-24, 4.45031067629e-24, 8.81991930425e-24, 1.4637197345e-23, 1.94214099655e-23, 6.11979554824e-24, 3.50254518019e-24, 1.78396412986e-23, 6.8028524567e-24, 8.75314301749e-24, 6.78553774869e-24, 6.90379430927e-24, 1.59752474352e-23, 5.7576093907e-24, 6.4464798096e-24, 1.14678618835e-23, 1.20826842958e-23, 9.93802393004e-24, 1.69664590512e-23, 8.01796409687e-24, 8.01539162145e-24, 8.89125836249e-24, 9.21540525275e-24, 9.12587663976e-24, 9.65833014065e-24, 8.14021702679e-24, 1.04974367524e-23, 9.47887848421e-24, 9.8391962247e-24, 9.63779135812e-24],
        "var": [1.0130711825e-09, 2.92835693472e-07, 3.45689358028e-07, 9.93668550109e-07, 5.17038242833e-05, 2.17128649638e-06, 3.67935797385e-07, 1.10298010725e-08, 1.61826374523e-08, 3.48084672197e-10, 1.18876478106e-10, 4.87151742556e-11, 2.48251007424e-12, 3.04488449428e-13, 1.36038139846e-13, 5.31526828573e-14, 3.57877688259e-14, 2.53641932354e-14, 2.03377642011e-14, 1.32729311093e-15, 6.1813775161e-16, 5.45994843762e-16, 2.18700611493e-16, 2.38278229587e-16, 2.23949529084e-16, 3.6458563863e-16, 3.16327233479e-16, 1.96685695799e-16, 9.05228279721e-17, 4.05498461565e-17, 3.56148005952e-17, 3.07010301193e-17, 2.18031888908e-17, 1.32191138122e-17, 4.47809486088e-18, 1.47544950324e-18, 8.76787771261e-19, 4.71847499445e-19, 3.09117394911e-19, 1.68040759163e-19]
    },
    "mfcc": {
        "mean": [-883.313171387, 199.435317993, 57.2789497375, 21.3607330322, -6.31571245193, 3.20231318474, -16.2034397125, -14.2743787766, -16.5672664642, -10.4790315628, -4.52966785431, -9.01864624023, -3.52505064011],
        "cov": [[2524.95263672, 1360.75378418, 70.5316467285, 98.1125106812, -241.631072998, -12.9457740784, -110.06817627, 74.6420898438, 46.3017997742, 90.065284729, 66.9004440308, -30.9552879333, 18.0673236847], [1360.75378418, 1095.0057373, 277.414276123, -47.1722068787, -194.617019653, -126.795204163, -165.608093262, -17.6612529755, -5.13397169113, 11.7539262772, 15.9059810638, -42.7512397766, -11.3789358139], [70.5316467285, 277.414276123, 321.12387085, 23.4282493591, -89.9938583374, -98.0160293579, -108.289794922, -56.5981826782, -30.6793994904, -26.3055667877, -3.65208554268, -4.51937007904, -22.3103103638], [98.1125106812, -47.1722068787, 23.4282493591, 158.939987183, 36.6222038269, 30.2232074738, 27.6143722534, -0.824759721756, -6.17841339111, 9.78700637817, 9.65672206879, 9.08764266968, 4.04275512695], [-241.631072998, -194.617019653, -89.9938583374, 36.6222038269, 165.046508789, 119.470252991, 64.7946166992, 20.8440170288, -1.09659039974, -5.80397939682, 5.10235357285, 13.9835681915, 11.1560878754], [-12.9457740784, -126.795204163, -98.0160293579, 30.2232074738, 119.470252991, 181.427032471, 90.0857162476, 54.5324859619, 29.2627334595, 14.6245508194, 29.6818256378, 27.5640964508, 19.5743160248], [-110.06817627, -165.608093262, -108.289794922, 27.6143722534, 64.7946166992, 90.0857162476, 117.047035217, 57.647315979, 29.9024295807, 25.1884212494, 9.92618274689, 11.1497850418, 13.4677906036], [74.6420898438, -17.6612529755, -56.5981826782, -0.824759721756, 20.8440170288, 54.5324859619, 57.647315979, 82.0738754272, 50.9442253113, 32.8273162842, 27.7444839478, 11.2416315079, 11.0886392593], [46.3017997742, -5.13397169113, -30.6793994904, -6.17841339111, -1.09659039974, 29.2627334595, 29.9024295807, 50.9442253113, 64.4664230347, 42.0399436951, 28.8196201324, 17.40284729, 8.34365844727], [90.065284729, 11.7539262772, -26.3055667877, 9.78700637817, -5.80397939682, 14.6245508194, 25.1884212494, 32.8273162842, 42.0399436951, 59.8392715454, 38.5651931763, 18.1128864288, 14.1759796143], [66.9004440308, 15.9059810638, -3.65208554268, 9.65672206879, 5.10235357285, 29.6818256378, 9.92618274689, 27.7444839478, 28.8196201324, 38.5651931763, 60.5893325806, 35.1117172241, 16.744228363], [-30.9552879333, -42.7512397766, -4.51937007904, 9.08764266968, 13.9835681915, 27.5640964508, 11.1497850418, 11.2416315079, 17.40284729, 18.1128864288, 35.1117172241, 46.4402275085, 22.0024013519], [18.0673236847, -11.3789358139, -22.3103103638, 4.04275512695, 11.1560878754, 19.5743160248, 13.4677906036, 11.0886392593, 8.34365844727, 14.1759796143, 16.744228363, 22.0024013519, 33.2975120544]],
