{
"lowlevel": {
    "average_loudness": 0.711131989956,
    "barkbands_crest": {
        "dmean": 1.93762147427,
        "dmean2": 2.88199687004,
        "dvar": 3.39426445961,
        "dvar2": 8.12727832794,
        "max": 26.5567073822,
        "mean": 12.3179502487,
        "median": 11.7675971985,
        "min": 2.94163584709,
        "var": 23.1297683716
    },
    "barkbands_flatness_db": {
        "dmean": 0.017380271107,
        "dmean2": 0.0261682849377,
        "dvar": 0.000243654285441,
        "dvar2": 0.000555257254746,
        "max": 0.718053817749,
        "mean": 0.313505113125,
        "median": 0.268616676331,
        "min": 0.0313933081925,
        "var": 0.0289528258145
    },
    "barkbands_kurtosis": {
        "dmean": 2.3572537899,
        "dmean2": 3.43280649185,
        "dvar": 24.2206916809,
        "dvar2": 51.9462738037,
        "max": 239.006240845,
        "mean": 6.2149014473,
        "median": 2.50387048721,
        "min": -1.87590837479,
        "var": 187.758255005
    },
    "barkbands_skewness": {
        "dmean": 0.37597745657,
        "dmean2": 0.54048615694,
        "dvar": 0.140887007117,
        "dvar2": 0.32208225131,
        "max": 11.5409202576,
        "mean": 1.24430072308,
        "median": 1.11174106598,
        "min": -2.29326486588,
        "var": 2.14689803123
    },
    "barkbands_spread": {
        "dmean": 1.92365169525,
        "dmean2": 2.93834137917,
        "dvar": 9.54199314117,
        "dvar2": 22.5145549774,
        "max": 90.3375701904,
        "mean": 9.94935417175,
        "median": 6.52222537994,
        "min": 0.0523068197072,
        "var": 112.559913635
    },
    "dissonance": {
        "dmean": 0.0272341798991,
        "dmean2": 0.0458316467702,
        "dvar": 0.000920007296372,
        "dvar2": 0.00249758712016,
        "max": 0.500000059605,
        "mean": 0.417871743441,
        "median": 0.447825431824,
        "min": 0.0641800910234,
        "var": 0.00621794303879
    },
    "dynamic_complexity": 4.77463102341,
    "erbbands_crest": {
        "dmean": 2.41618037224,
        "dmean2": 3.59813737869,
        "dvar": 5.26730489731,
        "dvar2": 12.649066925,
        "max": 32.5109786987,
        "mean": 14.2805318832,
        "median": 13.519993782,
        "min": 2.04524350166,
        "var": 35.636138916
    },
    "erbbands_flatness_db": {
        "dmean": 0.0150160584599,
        "dmean2": 0.0225066933781,
        "dvar": 0.000200389957172,
        "dvar2": 0.000452525942819,
        "max": 0.63538736105,
        "mean": 0.334828406572,
        "median": 0.312318205833,
        "min": 0.0370579324663,
        "var": 0.0157299637794
    },
    "erbbands_kurtosis": {
        "dmean": 1.65896177292,
        "dmean2": 2.47002601624,
        "dvar": 11.1256322861,
        "dvar2": 25.4787197113,
        "max": 218.126953125,
        "mean": 3.51197195053,
        "median": 1.52428627014,
        "min": -1.83164513111,
        "var": 54.1011352539
    },
    "erbbands_skewness": {
        "dmean": 0.346786290407,
        "dmean2": 0.503429293633,
        "dvar": 0.128384843469,
        "dvar2": 0.30523955822,
        "max": 10.7060251236,
        "mean": 0.919113814831,
        "median": 0.810482859612,
        "min": -2.95372581482,
        "var": 1.40749847889
    },
    "erbbands_spread": {
        "dmean": 2.98858356476,
        "dmean2": 4.57054567337,
        "dvar": 20.0658664703,
        "dvar2": 48.1931037903,
        "max": 108.374130249,
        "mean": 16.2734222412,
        "median": 11.0076236725,
        "min": 0.333755582571,
        "var": 240.351669312
    },
    "hfc": {
        "dmean": 4.2297244072,
        "dmean2": 6.3439450264,
        "dvar": 58.9032592773,
        "dvar2": 143.775085449,
        "max": 194.727249146,
        "mean": 19.7148704529,
        "median": 11.3533725739,
        "min": 1.08974448111e-16,
        "var": 462.844726562
    },
    "melbands_crest": {
        "dmean": 2.34535193443,
        "dmean2": 3.45076918602,
        "dvar": 5.44819164276,
        "dvar2": 12.5100193024,
        "max": 33.5797615051,
        "mean": 15.210316658,
        "median": 14.6931591034,
        "min": 1.58658707142,
        "var": 41.614730835
    },
    "melbands_flatness_db": {
        "dmean": 0.0178913399577,
        "dmean2": 0.0270100161433,
        "dvar": 0.000295203004498,
        "dvar2": 0.000687917286996,
        "max": 0.82766777277,
        "mean": 0.354154169559,
        "median": 0.290331065655,
        "min": 0.00332314171828,
        "var": 0.0496337451041
    },
    "melbands_kurtosis": {
        "dmean": 2.97815513611,
        "dmean2": 4.43737125397,
        "dvar": 27.0189094543,
        "dvar2": 60.251033783,
        "max": 206.532424927,
        "mean": 7.88826370239,
        "median": 3.60598731041,
        "min": -1.67956888676,
        "var": 172.670257568
    },
    "melbands_skewness": {
        "dmean": 0.415996998549,
        "dmean2": 0.612930834293,
        "dvar": 0.194485798478,
        "dvar2": 0.447323679924,
        "max": 10.0515012741,
        "mean": 1.53395879269,
        "median": 1.31664013863,
        "min": -2.1209692955,
        "var": 2.0254778862
    },
    "melbands_spread": {
        "dmean": 3.28983163834,
        "dmean2": 5.00936794281,
        "dvar": 29.2569847107,
        "dvar2": 69.3995056152,
        "max": 172.245422363,
        "mean": 16.9331016541,
        "median": 10.3955821991,
        "min": 0.24968290329,
        "var": 566.722106934
    },
    "pitch_salience": {
        "dmean": 0.0491365864873,
        "dmean2": 0.0750561878085,
        "dvar": 0.00208037951961,
        "dvar2": 0.00504539301619,
        "max": 0.911591827869,
        "mean": 0.519540846348,
        "median": 0.527159333229,
        "min": 0.0571372136474,
        "var": 0.0159449391067
    },
    "silence_rate_20dB": {
        "dmean": 0,
        "dmean2": 0,
        "dvar": 0,
        "dvar2": 0,
        "max": 1,
        "mean": 1,
        "median": 1,
        "min": 1,
        "var": 0
    },
    "silence_rate_30dB": {
        "dmean": 0.00137247424573,
        "dmean2": 0.0027451578062,
        "dvar": 0.00137060938869,
        "dvar2": 0.00304271210916,
        "max": 1,
        "mean": 0.99817019701,
        "median": 1,
        "min": 0,
        "var": 0.00182666978799
    },
    "silence_rate_60dB": {
        "dmean": 0.0108272973448,
        "dmean2": 0.0216562449932,
        "dvar": 0.0107085909694,
        "dvar2": 0.0248488560319,
        "max": 1,
        "mean": 0.150808170438,
        "median": 0,
        "min": 0,
        "var": 0.128074407578
    },
    "spectral_centroid": {
        "dmean": 104.705749512,
        "dmean2": 158.831069946,
        "dvar": 37288.765625,
        "dvar2": 79496.28125,
        "max": 11673.4208984,
        "mean": 1105.23876953,
        "median": 841.841918945,
        "min": 186.533905029,
        "var": 1252913.125
    },
    "spectral_complexity": {
        "dmean": 1.39062142372,
        "dmean2": 2.33353662491,
        "dvar": 2.48341751099,
        "dvar2": 6.49338531494,
        "max": 44,
        "mean": 12.2359714508,
        "median": 13,
        "min": 0,
        "var": 61.8278160095
    },
    "spectral_decrease": {
        "dmean": 9.67385616057e-10,
        "dmean2": 1.33753352838e-09,
        "dvar": 1.96321123388e-18,
        "dvar2": 4.09427933434e-18,
        "max": 7.52137546611e-18,
        "mean": -4.7598538444e-09,
        "median": -3.83512510638e-09,
        "min": -3.49424809087e-08,
        "var": 1.76664652648e-17
    },
    "spectral_energy": {
        "dmean": 0.00399001734331,
        "dmean2": 0.00555617548525,
        "dvar": 3.38290519721e-05,
        "dvar2": 7.20556854503e-05,
        "max": 0.141987800598,
        "mean": 0.0197529308498,
        "median": 0.0161454714835,
        "min": 9.89745190492e-21,
        "var": 0.000294286932331
    },
    "spectral_energyband_high": {
        "dmean": 0.000158555456437,
        "dmean2": 0.000250638695434,
        "dvar": 2.25975767876e-07,
        "dvar2": 5.32989872681e-07,
        "max": 0.0176388509572,
        "mean": 0.000684076279867,
        "median": 1.84984764928e-05,
        "min": 7.05315824912e-21,
        "var": 1.83727979675e-06
    },
    "spectral_energyband_low": {
        "dmean": 4.80728886032e-05,
        "dmean2": 8.05045347079e-05,
        "dvar": 1.67740363821e-08,
        "dvar2": 4.8011301601e-08,
        "max": 0.00321682519279,
        "mean": 0.000117371804663,
        "median": 1.33957473736e-05,
        "min": 1.46010769818e-23,
        "var": 7.16845178772e-08
    },
    "spectral_energyband_middle_high": {
        "dmean": 0.00193194928579,
        "dmean2": 0.00299776042812,
        "dvar": 1.63578042702e-05,
        "dvar2": 4.16221664636e-05,
        "max": 0.111654855311,
        "mean": 0.00570161640644,
        "median": 0.00305689545348,
        "min": 1.20489680652e-21,
        "var": 6.59840661683e-05
    },
    "spectral_energyband_middle_low": {
        "dmean": 0.00283646094613,
        "dmean2": 0.00367276836187,
        "dvar": 2.16514308704e-05,
        "dvar2": 3.90239765693e-05,
        "max": 0.127474993467,
        "mean": 0.0134523687884,
        "median": 0.00855087675154,
        "min": 1.57121099429e-22,
        "var": 0.000227178417845
    },
    "spectral_entropy": {
        "dmean": 0.124492645264,
        "dmean2": 0.187964364886,
        "dvar": 0.0197740998119,
        "dvar2": 0.0447953827679,
        "max": 9.82320594788,
        "mean": 6.33711576462,
        "median": 6.58107852936,
        "min": 3.26849007607,
        "var": 1.94295072556
    },
    "spectral_flux": {
        "dmean": 0.010927380994,
        "dmean2": 0.0183116607368,
        "dvar": 0.000188036618056,
        "dvar2": 0.000508301018272,
        "max": 0.246846422553,
        "mean": 0.0447204113007,
        "median": 0.0413233451545,
        "min": 6.43614467277e-11,
        "var": 0.00100051984191
    },
    "spectral_kurtosis": {
        "dmean": 39.6591758728,
        "dmean2": 69.6068115234,
        "dvar": 8248.4453125,
        "dvar2": 25712.9980469,
        "max": 1043.78344727,
        "mean": 104.87550354,
        "median": 9.91255474091,
        "min": -1.25854825974,
        "var": 30341.3652344
    },
    "spectral_rms": {
        "dmean": 0.000398840784328,
        "dmean2": 0.000553057354409,
        "dvar": 2.14461010728e-07,
        "dvar2": 4.58031593098e-07,
        "max": 0.0117696514353,
        "mean": 0.00391125073656,
        "median": 0.0039688386023,
        "min": 3.10741861929e-12,
        "var": 3.97316625822e-06
    },
    "spectral_rolloff": {
        "dmean": 265.246520996,
        "dmean2": 446.135650635,
        "dvar": 509541.3125,
        "dvar2": 1123411.5,
        "max": 19422.9492188,
        "mean": 1954.75024414,
        "median": 1055.12695312,
        "min": 193.798828125,
        "var": 10904514
    },
    "spectral_skewness": {
        "dmean": 0.973479628563,
        "dmean2": 1.68791747093,
        "dvar": 2.42973017693,
        "dvar2": 7.54367113113,
        "max": 26.4697360992,
        "mean": 5.913397789,
        "median": 2.37119531631,
        "min": -0.0632072538137,
        "var": 40.3634109497
    },
    "spectral_spread": {
        "dmean": 351575.375,
        "dmean2": 570454.125,
        "dvar": 298136272896,
        "dvar2": 576942243840,
        "max": 42431028,
        "mean": 3474220.25,
        "median": 2580316.75,
        "min": 92985.875,
        "var": 1.7077135999e+13
    },
    "spectral_strongpeak": {
        "dmean": 0.644837379456,
        "dmean2": 1.02763187885,
        "dvar": 1.12813425064,
        "dvar2": 2.87063360214,
        "max": 21.6846885681,
        "mean": 1.9320384264,
        "median": 1.51055788994,
        "min": 0,
        "var": 3.13992476463
    },
    "zerocrossingrate": {
        "dmean": 0.00522898416966,
        "dmean2": 0.00642338953912,
        "dvar": 6.27238187008e-05,
        "dvar2": 8.34286256577e-05,
        "max": 0.52392578125,
        "mean": 0.0670404285192,
        "median": 0.04150390625,
        "min": 0.0068359375,
        "var": 0.00760614033788
    },
    "barkbands": {
        "dmean": [9.87508244066e-08, 1.69776703842e-05, 1.39845215017e-05, 0.000124759128084, 0.000401346740546, 0.000461785326479, 0.000504944648128, 0.000618628109805, 0.00168699666392, 0.000406436185585, 0.000664235500153, 0.000551664968953, 0.000259259220911, 0.000174915490788, 0.000447280413937, 0.000526895804796, 4.57866481156e-05, 8.18379194243e-05, 5.16416694154e-05, 6.04690794717e-05, 4.12326990045e-05, 5.02563234477e-05, 4.86596873088e-05, 2.9792830901e-05, 3.5032233427e-05, 7.41337180443e-06, 3.72289576944e-07],
        "dmean2": [1.69116617599e-07, 2.98566701531e-05, 2.15474974539e-05, 0.000167156642419, 0.00044858752517, 0.000611763796769, 0.000614453223534, 0.0008871248574, 0.00218242220581, 0.000596800120547, 0.000987598788925, 0.000840356573462, 0.000389504974009, 0.00027656450402, 0.000736259389669, 0.000859317136928, 7.16137656127e-05, 0.000127066246932, 8.22190777399e-05, 9.63139173109e-05, 6.98556468706e-05, 8.06489479146e-05, 7.76128799771e-05, 4.69895021524e-05, 5.48309653823e-05, 1.11023209683e-05, 5.68563677916e-07],
        "dvar": [1.97367377433e-13, 6.25470786275e-09, 2.24559371098e-09, 1.53289818172e-07, 7.81138396633e-07, 1.60469483035e-06, 1.25098517856e-06, 2.56799671661e-06, 1.50774048961e-05, 1.74812623754e-06, 3.13661666951e-06, 4.18514946432e-06, 3.81872865773e-07, 6.1052134015e-07, 2.63674360212e-06, 3.78473851015e-06, 2.06451566953e-08, 1.95008141191e-07, 5.82670942606e-08, 3.32063372355e-08, 2.84500547565e-08, 3.68624171188e-08, 2.24982290575e-08, 1.03546922148e-08, 3.0672637763e-08, 1.52509871398e-09, 3.33291489026e-12],
        "dvar2": [6.19947723799e-13, 1.863940291e-08, 5.84124615344e-09, 2.57799342762e-07, 8.56948133787e-07, 2.34757180806e-06, 2.05347623705e-06, 5.49143624085e-06, 2.76702194242e-05, 4.33629247709e-06, 8.22936999612e-06, 9.12964060262e-06, 8.67409937655e-07, 1.47325556554e-06, 7.13089912097e-06, 9.98913856165e-06, 4.88577889257e-08, 3.55553311238e-07, 1.2349140377e-07, 8.10295119891e-08, 8.00070836249e-08, 9.32816632826e-08, 5.13981106565e-08, 2.50669263124e-08, 6.5154338813e-08, 2.99888758271e-09, 7.85189187974e-12],
        "max": [1.20665226859e-05, 0.00192374968901, 0.00165351480246, 0.0482178814709, 0.0675193592906, 0.0995155498385, 0.0581381171942, 0.0611657910049, 0.103789076209, 0.0495097860694, 0.0512216761708, 0.104478828609, 0.0248797386885, 0.0474854633212, 0.0507113113999, 0.0436055734754, 0.00383682758547, 0.0260183289647, 0.0120217008516, 0.00496748182923, 0.00651367334649, 0.00746067939326, 0.00603035511449, 0.00431002955884, 0.00757923116907, 0.0017607222544, 9.92124405457e-05],
        "mean": [1.22673881719e-07, 2.32561451412e-05, 2.91936812573e-05, 0.000654942647088, 0.00256791384891, 0.00187544792425, 0.00168503518216, 0.0016368025681, 0.00475868023932, 0.000740435381886, 0.00138588040136, 0.000962574093137, 0.000517277920153, 0.000294583413051, 0.000745152879972, 0.000802358496003, 8.39847780298e-05, 0.000151113403263, 9.41576581681e-05, 0.000128262501676, 8.81700907485e-05, 0.00012963428162, 0.000159616669407, 0.000105283579614, 0.000107866420876, 2.39391774812e-05, 1.26614907003e-06],
        "median": [1.38237368219e-08, 4.63230264813e-07, 4.81041070088e-07, 2.11635979213e-05, 0.000450961262686, 0.000371165864635, 0.000522435177118, 0.000509650446475, 0.00110523193143, 0.000137835071655, 0.000258987362031, 9.80733602773e-05, 0.000113441579742, 4.09391941503e-05, 3.85860803362e-05, 2.0851393856e-05, 7.78702997195e-06, 8.80857351149e-06, 5.61646174901e-06, 7.02818579157e-06, 3.51535595655e-06, 2.13105090552e-06, 7.72720284203e-07, 2.40875294821e-07, 4.56915287828e-08, 1.50059165094e-08, 4.59549109877e-09],
        "min": [3.7433939795e-25, 2.0075942058e-24, 9.75946960288e-25, 3.51987221415e-25, 1.05477589784e-23, 6.22318878607e-24, 9.69948264749e-24, 7.15749434297e-24, 2.03858602641e-23, 1.37707551252e-23, 1.62077294771e-23, 2.77483937559e-23, 2.20769650525e-23, 3.01442968537e-23, 5.34205245419e-23, 6.26892993903e-23, 6.06343482866e-23, 7.62067086803e-23, 1.29096266724e-22, 1.28921089116e-22, 2.7479945652e-22, 3.44595622738e-22, 4.06447391661e-22, 6.31035056392e-22, 8.28861429017e-22, 1.23994404114e-21, 2.00940770236e-21],
        "var": [2.43450875778e-13, 9.98819249531e-09, 7.43361905364e-09, 7.54625307309e-06, 4.34930589108e-05, 2.55902195931e-05, 1.3224439499e-05, 1.38357418109e-05, 8.48921845318e-05, 3.53265568265e-06, 9.81155244517e-06, 1.0558132999e-05, 1.25236738313e-06, 8.96395476957e-07, 4.97339215144e-06, 7.43111468182e-06, 5.14154123721e-08, 3.68027770037e-07, 1.17889825901e-07, 9.70584466131e-08, 5.54116148521e-08, 1.10848901613e-07, 1.43039969203e-07, 9.35695041449e-08, 1.95381574031e-07, 8.91928575442e-09, 3.01062647035e-11]
    },
    "erbbands": {
        "dmean": [0.000321634463035, 0.00442461902276, 0.014130236581, 0.175987452269, 0.950603306293, 1.77162611485, 1.19669830799, 5.56048107147, 6.97830867767, 6.25383377075, 23.5562038422, 37.9224090576, 13.8167772293, 22.3870258331, 22.7743759155, 18.1707191467, 12.8918523788, 7.08892202377, 10.532409668, 34.7590408325, 15.4421081543, 2.55414414406, 3.37177205086, 4.37304592133, 2.58530688286, 2.76747751236, 1.52768349648, 2.04778838158, 2.01254892349, 1.33249628544, 1.35085201263, 0.623877704144, 0.598066449165, 0.5698595047, 0.211526915431, 0.0497170239687, 0.011103881523, 0.00106332963333, 7.31256150175e-05, 6.38102164885e-06],
        "dmean2": [0.000582770560868, 0.00771472649649, 0.0215987470001, 0.247170746326, 1.05146205425, 1.91595053673, 1.41648817062, 7.34726953506, 8.32468128204, 8.92587566376, 31.277381897, 48.6649093628, 18.6231784821, 34.3033866882, 33.3954772949, 27.5338687897, 19.4444446564, 11.1493148804, 16.5235881805, 57.5980300903, 25.1097373962, 3.99077343941, 5.40355014801, 6.76122951508, 4.15516042709, 4.36677455902, 2.51775145531, 3.40909981728, 3.2460038662, 2.18371009827, 2.20146894455, 0.98987275362, 0.93519538641, 0.928522527218, 0.307220339775, 0.0747031569481, 0.0167096927762, 0.00150647875853, 0.000109292195702, 9.12068753678e-06],
        "dvar": [2.28909198086e-06, 0.000417263334384, 0.0019993269816, 0.258692294359, 8.68852615356, 17.841053009, 4.93319559097, 257.354125977, 232.774414062, 206.33164978, 3886.32080078, 7834.29785156, 1115.74438477, 5439.78271484, 4010.81079102, 3750.70336914, 843.851074219, 420.485412598, 1814.3770752, 18934.4511719, 3186.16235352, 49.0804595947, 250.073867798, 828.939086914, 88.2978668213, 85.0819396973, 40.0149497986, 83.6272583008, 52.681476593, 15.4513339996, 17.9123535156, 3.68732476234, 5.53856754303, 6.57339143753, 2.17099523544, 0.0677602216601, 0.00387934036553, 4.46247213404e-05, 1.34471378033e-07, 1.55432250404e-10],
        "dvar2": [7.72667681304e-06, 0.00121218559798, 0.00530179264024, 0.495963960886, 9.58028793335, 17.1648159027, 6.1353430748, 373.752807617, 303.336975098, 451.326782227, 7138.60009766, 13800.3115234, 2259.60717773, 14480.3710938, 8458.05078125, 7928.50244141, 1927.63867188, 1018.63397217, 4500.46777344, 52268.6015625, 8259.54589844, 115.148208618, 579.476318359, 1518.87719727, 206.269470215, 211.83706665, 108.290985107, 236.886947632, 134.123153687, 39.2655639648, 43.6167488098, 8.71317958832, 12.9480447769, 16.6226978302, 4.15795516968, 0.131412446499, 0.00806399527937, 7.27328442736e-05, 2.95800390404e-07, 3.23475274344e-10],
        "max": [0.03518948704, 0.51483631134, 1.51279985905, 56.8195075989, 389.76663208, 378.335388184, 145.007583618, 1253.32556152, 1050.15759277, 389.632293701, 2400.44262695, 2757.83740234, 1535.61791992, 1967.52185059, 3049.05371094, 2111.36083984, 1061.75158691, 606.817565918, 2467.43920898, 5349.73974609, 1325.7421875, 213.816314697, 863.101928711, 1724.52612305, 321.323486328, 304.336853027, 215.463287354, 423.549804688, 271.398132324, 131.153747559, 169.211074829, 64.7539138794, 94.3491592407, 85.0306167603, 68.5341567993, 10.4801940918, 2.46744728088, 0.393453419209, 0.0227369368076, 0.000526093412191],
        "mean": [0.000431788212154, 0.00661686761305, 0.0376766659319, 0.852923929691, 6.2236905098, 10.5289983749, 6.03660535812, 23.2485275269, 26.9550533295, 17.5621471405, 67.1852264404, 103.381309509, 34.3883552551, 43.3281021118, 47.3572769165, 34.6593513489, 27.4138240814, 14.5385522842, 21.4741268158, 59.4077262878, 25.6463756561, 5.4605550766, 6.45564985275, 7.46949863434, 5.25677251816, 5.69075202942, 3.35611701012, 4.60829687119, 4.97142267227, 4.15183782578, 4.27366113663, 2.11153483391, 2.08115363121, 1.65071821213, 0.567431569099, 0.161055281758, 0.0342944376171, 0.00331221614033, 0.000274473452009, 3.36803750542e-05],
        "median": [3.41822378687e-05, 0.000409735221183, 0.0059158471413, 0.069033190608, 0.395750850439, 1.82126557827, 1.86091113091, 4.09155845642, 8.14196300507, 7.84014511108, 17.9970664978, 21.8650054932, 10.2804145813, 8.68013763428, 9.33432292938, 5.77680921555, 7.31324291229, 3.71622133255, 3.13244581223, 1.86181378365, 1.02400898933, 0.693577170372, 0.44229054451, 0.496190488338, 0.348483800888, 0.297604501247, 0.201980322599, 0.141566723585, 0.0842633396387, 0.0464350543916, 0.0212394744158, 0.00809760205448, 0.00279084825888, 0.000861528329551, 0.000304864952341, 7.70699189161e-05, 3.38061436196e-05, 1.02377798612e-05, 1.16434584925e-05, 2.13309904211e-05],
        "min": [1.0278359666e-22, 8.57031109207e-22, 4.13791002588e-21, 4.79074495678e-21, 1.59632497317e-20, 2.56704904854e-20, 4.09171158477e-20, 5.81858100668e-20, 1.82902092843e-19, 1.87848167617e-19, 2.44974940931e-19, 3.85942931675e-19, 5.46767108681e-19, 7.60153960723e-19, 1.18482631586e-18, 9.69001659153e-19, 1.40215395974e-18, 2.21166589101e-18, 2.24581500862e-18, 3.37242983304e-18, 3.34993775821e-18, 4.6180546477e-18, 3.78304063475e-18, 6.18193554869e-18, 6.82586918578e-18, 6.40365676239e-18, 9.7168931372e-18, 1.13142401114e-17, 1.15104448712e-17, 1.08593536402e-17, 1.2418030748e-17, 1.11804428201e-17, 1.05266111398e-17, 9.32183746691e-18, 5.87607517744e-18, 4.21600309738e-18, 2.23075122249e-18, 9.70200243861e-19, 2.37193342716e-19, 2.72855380132e-20],
        "var": [2.93423340736e-06, 0.000694449350704, 0.00796225946397, 10.5079307556, 495.705688477, 1054.1887207, 124.397323608, 4195.29345703, 3846.5859375, 830.684204102, 23762.0546875, 43274.5507812, 3983.70117188, 13008.1318359, 12525.4003906, 9163.22460938, 2881.68994141, 1062.85058594, 3450.05371094, 34482.4296875, 6363.24316406, 149.961624146, 456.819732666, 1377.71362305, 248.020782471, 227.582336426, 70.2568435669, 158.481414795, 164.823760986, 79.5805587769, 103.867118835, 25.6694965363, 47.0222206116, 38.6687545776, 9.00390815735, 0.398113846779, 0.0203577186912, 0.000214291081647, 1.22495407595e-06, 1.98084260106e-09]
    },
    "gfcc": {
        "mean": [-180.823791504, 119.458221436, -129.965194702, -35.8757247925, -87.1671981812, -22.2425918579, -44.1155128479, -12.9617891312, -17.9468669891, -9.53279781342, -16.5824012756, -11.186753273, -6.4027671814],
        "cov": [[45377.7617188, -6090.87109375, -10744.0068359, 1208.21728516, -3617.33276367, 3041.60205078, -399.388336182, 1084.43688965, 102.820892334, 387.312011719, -491.628448486, 3.02336215973, 233.001098633], [-6090.87109375, 9692.50097656, 4241.77148438, -1717.5559082, 1576.78942871, -2261.94018555, 201.146453857, -1553.6998291, -300.430267334, -848.178222656, 426.744567871, -394.582702637, -91.5752792358], [-10744.0068359, 4241.77148438, 5587.24560547, -1105.11523438, 1043.11804199, -1423.10803223, -404.631347656, -658.066711426, -326.812957764, -363.737426758, -11.7337760925, -34.3043174744, -154.475982666], [1208.21728516, -1717.5559082, -1105.11523438, 1032.11767578, -177.819107056, 551.42199707, 190.153152466, 210.466644287, 95.486618042, 68.0751724243, -47.6584510803, 8.59347343445, -10.1316280365], [-3617.33276367, 1576.78942871, 1043.11804199, -177.819107056, 904.451843262, -250.534515381, 244.146621704, -210.002197266, -72.8673019409, -90.3821792603, 83.4881439209, -18.2887706757, -7.85007286072], [3041.60205078, -2261.94018555, -1423.10803223, 551.42199707, -250.534515381, 1062.96228027, 176.304595947, 354.343322754, 63.4306716919, 165.569900513, -82.5999984741, 107.234901428, 8.39835643768], [-399.388336182, 201.146453857, -404.631347656, 190.153152466, 244.146621704, 176.304595947, 423.836303711, -32.4039077759, 2.10825133324, -9.93470001221, 115.32371521, 3.54773736, 0.638631343842], [1084.43688965, -1553.6998291, -658.066711426, 210.466644287, -210.002197266, 354.343322754, -32.4039077759, 473.309753418, 44.709072113, 137.056274414, -107.879211426, 64.8937988281, 54.8801002502], [102.820892334, -300.430267334, -326.812957764, 95.486618042, -72.8673019409, 63.4306716919, 2.10825133324, 44.709072113, 224.692260742, 48.0228996277, -26.3808403015, -55.1145591736, 16.0826816559], [387.312011719, -848.178222656, -363.737426758, 68.0751724243, -90.3821792603, 165.569900513, -9.93470001221, 137.056274414, 48.0228996277, 252.531936646, -6.81071805954, 15.6772203445, -20.9947338104], [-491.628448486, 426.744567871, -11.7337760925, -47.6584510803, 83.4881439209, -82.5999984741, 115.32371521, -107.879211426, -26.3808403015, -6.81071805954, 226.45703125, 47.5649833679, -1.67013096809], [3.02336215973, -394.582702637, -34.3043174744, 8.59347343445, -18.2887706757, 107.234901428, 3.54773736, 64.8937988281, -55.1145591736, 15.6772203445, 47.5649833679, 162.194091797, 28.4143276215], [233.001098633, -91.5752792358, -154.475982666, -10.1316280365, -7.85007286072, 8.39835643768, 0.638631343842, 54.8801002502, 16.0826816559, -20.9947338104, -1.67013096809, 28.4143276215, 119.485427856]],
        "icov": [[0.000101465237094, -0.000215366235352, 0.000227099531912, -5.13512677571e-05, 0.000282670836896, -0.000321702391375, 0.000329211325152, -9.95929876808e-05, 0.000246731186053, -0.000189819940715, 0.000248326861765, -0.000166392841493, -1.20268769024e-05], [-0.000215366235352, 0.00125702412333, -0.000565170601476, 0.000739058188628, -0.00106878683437, 0.0012479936704, -0.00117693888023, 0.0011292360723, -0.000354529940523, 0.001620616531, -0.00104432494845, 0.00156234507449, -8.59995725477e-06], [0.000227099531912, -0.000565170601476, 0.00100286805537, -7.11111206328e-05, 0.000135937822051, -0.000431922933785, 0.00131034431979, -0.000203059491469, 0.000725192949176, -0.0002954925003, 0.000893647375051, -0.000905217719264, 0.00061829254264], [-5.13512677571e-05, 0.000739058188628, -7.11111206328e-05, 0.00205226312391, -0.000392413552618, 0.000127844527015, -0.00106540205888, 0.000543330563232, -0.000313384458423, 0.0013659989927, -0.000310502480716, 0.00112049013842, 0.000481419934658], [0.000282670836896, -0.00106878683437, 0.000135937822051, -0.000392413552618, 0.00337611860596, -0.0011696764268, -0.00079223269131, -0.000570150325075, 0.000633468560409, -0.00155408354476, 0.00124951580074, -0.00102510990109, -0.000754841195885], [-0.000321702391375, 0.0012479936704, -0.000431922933785, 0.000127844527015, -0.0011696764268, 0.00372165278532, -0.00220081722364, 0.000439070310676, -0.000718648545444, 0.00107486860361, 9.15947603062e-05, -0.000302842759993, 0.000866798858624], [0.000329211325152, -0.00117693888023, 0.00131034431979, -0.00106540205888, -0.00079223269131, -0.00220081722364, 0.00661045033485, -0.000784293864854, 0.000982802477665, -0.000619560887571, -0.0013194445055, -0.000271237397101, 0.000292184442515], [-9.95929876808e-05, 0.0011292360723, -0.000203059491469, 0.000543330563232, -0.000570150325075, 0.000439070310676, -0.000784293864854, 0.00528073962778, -3.18750135193e-05, -3.38756854035e-06, 0.000981898978353, 0.0002232757397, -0.00168204819784], [0.000246731186053, -0.000354529940523, 0.000725192949176, -0.000313384458423, 0.000633468560409, -0.000718648545444, 0.000982802477665, -3.18750135193e-05, 0.00639153830707, -0.0011406049598, 0.000393997412175, 0.00223998934962, -0.00132823432796], [-0.000189819940715, 0.001620616531, -0.0002954925003, 0.0013659989927, -0.00155408354476, 0.00107486860361, -0.000619560887571, -3.38756854035e-06, -0.0011406049598, 0.00782630220056, -0.00223093200475, 0.00206878967583, 0.00217876490206], [0.000248326861765, -0.00104432494845, 0.000893647375051, -0.000310502480716, 0.00124951580074, 9.15947603062e-05, -0.0013194445055, 0.000981898978353, 0.000393997412175, -0.00223093200475, 0.00861702300608, -0.0048545524478, 0.000305961002596], [-0.000166392841493, 0.00156234507449, -0.000905217719264, 0.00112049013842, -0.00102510990109, -0.000302842759993, -0.000271237397101, 0.0002232757397, 0.00223998934962, 0.00206878967583, -0.0048545524478, 0.0121598104015, -0.00259810755961], [-1.20268769024e-05, -8.59995725477e-06, 0.00061829254264, 0.000481419934658, -0.000754841195885, 0.000866798858624, 0.000292184442515, -0.00168204819784, -0.00132823432796, 0.00217876490206, 0.000305961002596, -0.00259810755961, 0.0110704833642]]
    },
    "melbands": {
        "dmean": [4.02314663006e-06, 6.14698228674e-06, 5.50435142941e-05, 9.96325688902e-05, 4.80787457491e-05, 0.000111520115752, 0.000105348641227, 7.52579289838e-05, 0.000240893554292, 0.000241647547227, 6.54250470689e-05, 8.6698863015e-05, 7.18694645911e-05, 6.38143974356e-05, 4.14317146351e-05, 2.97603164654e-05, 1.32261147883e-05, 1.54002445925e-05, 4.10368957091e-05, 5.6064043747e-05, 1.0314294741e-05, 3.03467231788e-06, 2.6098869057e-06, 3.22365053762e-06, 3.87125328416e-06, 2.1700684556e-06, 2.04751381716e-06, 1.98643874683e-06, 1.22163100968e-06, 1.13384930955e-06, 1.2917046206e-06, 1.40646307045e-06, 8.42166116399e-07, 9.11118434033e-07, 9.21138678223e-07, 7.9966650901e-07, 3.34818764713e-07, 4.71421145676e-07, 4.69579788387e-07, 5.21558774835e-07],
        "dmean2": [7.2240541158e-06, 9.93166395347e-06, 6.71559973853e-05, 0.000109103901195, 5.56156228413e-05, 0.000147148472024, 0.00012960616732, 0.000109376065666, 0.000316526507959, 0.000308212824166, 8.92664975254e-05, 0.000132964676595, 0.00010727281915, 9.53488051891e-05, 6.32742594462e-05, 4.44141332991e-05, 2.12200211536e-05, 2.4002560167e-05, 6.72178866807e-05, 9.24544947338e-05, 1.66245590663e-05, 4.73896579933e-06, 4.1963453441e-06, 5.09000255988e-06, 5.99560462433e-06, 3.52224856215e-06, 3.3336928027e-06, 3.15948091156e-06, 2.00620866053e-06, 1.89398372186e-06, 2.14294504985e-06, 2.25141525334e-06, 1.41139503285e-06, 1.48613548845e-06, 1.51116739744e-06, 1.27893042645e-06, 5.40240250757e-07, 7.52549283334e-07, 7.63529101278e-07, 8.57688746692e-07],
        "dvar": [3.58684332236e-10, 5.11603093223e-10, 3.2297297281e-08, 5.42662839109e-08, 6.78281431021e-09, 9.70823776925e-08, 5.11172615347e-08, 3.24825712994e-08, 4.29382168932e-07, 3.22380287798e-07, 2.66631303703e-08, 8.34150739593e-08, 3.38712382586e-08, 6.25585556691e-08, 1.34321291867e-08, 5.68983526961e-09, 1.895349655e-09, 7.15127290718e-09, 1.94279348165e-08, 4.28721200763e-08, 1.42542666559e-09, 8.58765072942e-11, 8.90057264002e-11, 4.51096826559e-10, 6.64516219828e-10, 7.49385137278e-11, 4.75828092206e-11, 4.53389582822e-11, 2.29493854476e-11, 2.22493655444e-11, 3.4998885734e-11, 2.6437066078e-11, 8.69669614101e-12, 6.71891969145e-12, 7.52489130035e-12, 8.70106590944e-12, 1.07318624473e-12, 3.48424696213e-12, 4.04336243306e-12, 5.78891665506e-12],
        "dvar2": [1.14707909837e-09, 1.35635591647e-09, 4.29641282551e-08, 5.81971093538e-08, 8.0144353376e-09, 1.41315837254e-07, 7.69496253383e-08, 7.05457026129e-08, 7.78779963184e-07, 5.53887616661e-07, 5.49873213629e-08, 2.21416385671e-07, 8.02052539939e-08, 1.38308948294e-07, 3.04138083607e-08, 1.24723973371e-08, 4.64872584871e-09, 1.73536438552e-08, 5.22367251676e-08, 1.15423397062e-07, 3.63054453167e-09, 2.00641600556e-10, 2.33454922061e-10, 8.89673112958e-10, 1.26401700218e-09, 1.6873710762e-10, 1.16953946527e-10, 1.13172013427e-10, 6.23270116074e-11, 6.19562109949e-11, 9.91510068493e-11, 6.65809352096e-11, 2.4276886057e-11, 1.66360120124e-11, 1.88098859405e-11, 2.0540616083e-11, 2.73286233053e-12, 8.72258168472e-12, 1.01855945553e-11, 1.49430121055e-11],
        "max": [0.000447426107712, 0.000629339134321, 0.0239811651409, 0.0178726501763, 0.00521789724007, 0.0242039039731, 0.0134035050869, 0.00520838750526, 0.0232136528939, 0.0183904096484, 0.00746821286157, 0.00853391736746, 0.00631035445258, 0.0123961074278, 0.00329742301255, 0.00346440542489, 0.00140495877713, 0.00542514258996, 0.00415981980041, 0.0054311347194, 0.000947486667428, 0.000284310168354, 0.000403346610256, 0.00130124075804, 0.0015241636429, 0.000326924026012, 0.000215654959902, 0.000224669638555, 0.000149103652802, 0.000216609230847, 0.000280091859167, 0.000198242734768, 0.000131008186145, 7.91197671788e-05, 8.49005809869e-05, 0.000121905919514, 4.20381256845e-05, 7.0617235906e-05, 7.54889188102e-05, 7.66140874475e-05],
        "mean": [5.26198846273e-06, 1.23919699035e-05, 0.000323770189425, 0.000625997956377, 0.000270192278549, 0.000480465125293, 0.000378626515158, 0.000190674691112, 0.000661050726194, 0.000645533960778, 0.000147591490531, 0.00016181677347, 0.000152936787345, 0.000120595519547, 7.26909929654e-05, 5.44771610294e-05, 2.29527759075e-05, 2.71319786407e-05, 6.88126092427e-05, 8.66271366249e-05, 1.61754342116e-05, 5.42071757081e-06, 5.12056703883e-06, 5.72048156755e-06, 6.13313886788e-06, 3.85130624636e-06, 3.77330229639e-06, 3.80529695576e-06, 2.23998654292e-06, 2.16816783905e-06, 2.74567037195e-06, 3.06948913931e-06, 2.06921504287e-06, 2.55617646872e-06, 2.61416448666e-06, 2.01847660719e-06, 9.88259671431e-07, 1.42091880662e-06, 1.51167944296e-06, 1.31561466787e-06],
        "median": [1.14396520701e-07, 3.14878434438e-07, 1.62763535627e-05, 8.70006624609e-05, 8.21956200525e-05, 8.98409634829e-05, 0.0001227556495, 6.9595000241e-05, 0.000155197834829, 0.000130323373014, 3.75795752916e-05, 2.60868218902e-05, 3.22914856952e-05, 1.44835903484e-05, 1.25225942611e-05, 9.34557829169e-06, 4.15118574892e-06, 3.71400938093e-06, 3.14877615892e-06, 1.54977033162e-06, 7.06587343302e-07, 5.06776359543e-07, 3.29081217387e-07, 3.386758749e-07, 3.53539178377e-07, 1.9521829131e-07, 1.97454028239e-07, 1.6812636261e-07, 1.09480708943e-07, 8.0225191823e-08, 6.14176371982e-08, 4.57360052053e-08, 2.62477897195e-08, 2.14373354623e-08, 1.19412053579e-08, 7.70067920541e-09, 3.51666451515e-09, 2.0012980162e-09, 8.78140560268e-10, 3.86707166289e-10],
        "min": [1.36893340301e-24, 2.29473681429e-24, 1.18299602803e-24, 1.70275172797e-24, 1.65104583994e-24, 1.10384182341e-24, 2.27480920175e-24, 1.73171298117e-24, 1.96285534007e-24, 2.6392854225e-24, 2.28107591278e-24, 2.66715666714e-24, 3.46525966951e-24, 2.68509496969e-24, 1.99567727854e-24, 2.81373017877e-24, 3.28882461717e-24, 3.02508652566e-24, 3.77798188171e-24, 3.04777751796e-24, 2.99127890549e-24, 3.57251162046e-24, 3.57195862897e-24, 3.19444589011e-24, 4.62905906323e-24, 4.472773885e-24, 4.15066225587e-24, 4.01732583023e-24, 5.55504174315e-24, 5.53838257856e-24, 5.25844108684e-24, 5.99044878662e-24, 5.89610891097e-24, 5.65696296654e-24, 5.53114320203e-24, 5.96281972228e-24, 5.39346370267e-24, 6.39721939037e-24, 6.61134503347e-24, 7.18113887089e-24],
        "var": [5.03516839334e-10, 1.44463863094e-09, 1.85081046311e-06, 2.92617232844e-06, 2.92612384101e-07, 1.65106894201e-06, 6.82780296302e-07, 1.48616493334e-07, 2.4887035579e-06, 1.76536798335e-06, 8.10046145716e-08, 1.93573868046e-07, 1.10664188924e-07, 1.62746928822e-07, 3.11757908378e-08, 1.70669238742e-08, 3.93181487368e-09, 1.06780069231e-08, 3.90353562807e-08, 8.22808132739e-08, 2.52956389168e-09, 2.1527284122e-10, 2.42721592825e-10, 7.25171367399e-10, 1.04718400618e-09, 1.6527065827e-10, 1.17130624644e-10, 1.16069175105e-10, 3.56928445133e-11, 3.87849891093e-11, 6.31013019614e-11, 6.85206474893e-11, 2.81195240703e-11, 3.24091760373e-11, 3.96996671648e-11, 2.94644517118e-11, 6.39849197931e-12, 2.29598614426e-11, 2.81943184077e-11, 2.77504703244e-11]
    },
    "mfcc": {
        "mean": [-787.383483887, 135.995407104, -1.62859356403, -23.0764961243, -36.9700088501, -24.2792339325, -29.2995891571, -19.3846321106, -15.0255355835, -8.21433067322, -12.2415618896, -10.6331920624, -6.92362260818],
        "cov": [[25272.2207031, -4790.40673828, -6286.97216797, -2227.80175781, -1171.12805176, 1090.24316406, 307.595611572, 1385.39147949, 1094.48474121, 1355.85437012, 428.700683594, 66.0162200928, 523.094726562], [-4790.40673828, 6095.17773438, 2018.99035645, 407.46975708, 126.876686096, -351.322692871, 16.3948345184, -615.105651855, -732.493774414, -783.043212891, -413.064575195, -26.1631889343, -165.92199707], [-6286.97216797, 2018.99035645, 3184.24316406, 567.333312988, 186.551010132, -459.047058105, -362.095458984, -565.620483398, -521.853027344, -641.910949707, -344.991333008, -167.142303467, -218.212585449], [-2227.80175781, 407.46975708, 567.333312988, 774.135925293, 94.3255691528, -15.4469337463, -7.09069490433, -89.1235961914, -126.977584839, -113.528907776, -47.7287940979, -18.4306087494, -101.125564575], [-1171.12805176, 126.876686096, 186.551010132, 94.3255691528, 409.636169434, 105.275932312, 124.922821045, 59.6445922852, 86.5145797729, 21.8775844574, -7.19842624664, 14.9114179611, 21.3509159088], [1090.24316406, -351.322692871, -459.047058105, -15.4469337463, 105.275932312, 592.132080078, 267.218444824, 240.986160278, 107.6772995, 174.991043091, 68.2687606812, 72.1371994019, 74.0713577271], [307.595611572, 16.3948345184, -362.095458984, -7.09069490433, 124.922821045, 267.218444824, 495.991638184, 247.102615356, 74.323097229, 53.9869804382, 49.1337013245, 79.8145370483, 112.542701721], [1385.39147949, -615.105651855, -565.620483398, -89.1235961914, 59.6445922852, 240.986160278, 247.102615356, 422.866119385, 199.92741394, 131.285552979, 37.070400238, 38.2184715271, 70.7933273315], [1094.48474121, -732.493774414, -521.853027344, -126.977584839, 86.5145797729, 107.6772995, 74.323097229, 199.92741394, 338.230072021, 251.254074097, 67.0080947876, 3.22594594955, 41.2254295349], [1355.85437012, -783.043212891, -641.910949707, -113.528907776, 21.8775844574, 174.991043091, 53.9869804382, 131.285552979, 251.254074097, 354.658874512, 156.91267395, 42.8088493347, 43.4416923523], [428.700683594, -413.064575195, -344.991333008, -47.7287940979, -7.19842624664, 68.2687606812, 49.1337013245, 37.070400238, 67.0080947876, 156.91267395, 195.486083984, 94.0238265991, 20.2278862], [66.0162200928, -26.1631889343, -167.142303467, -18.4306087494, 14.9114179611, 72.1371994019, 79.8145370483, 38.2184715271, 3.22594594955, 42.8088493347, 94.0238265991, 133.33354187, 55.8940353394], [523.094726562, -165.92199707, -218.212585449, -101.125564575, 21.3509159088, 74.0713577271, 112.542701721, 70.7933273315, 41.2254295349, 43.4416923523, 20.2278862, 55.8940353394, 140.332550049]],
