{
"lowlevel": {
    "average_loudness": 0.937487304211,
    "barkbands_crest": {
        "dmean": 3.25081682205,
        "dmean2": 5.75149822235,
        "dvar": 6.9321846962,
        "dvar2": 21.6346855164,
        "max": 25.2395420074,
        "mean": 12.2811136246,
        "median": 11.7659082413,
        "min": 4.30293560028,
        "var": 13.7055187225
    },
    "barkbands_flatness_db": {
        "dmean": 0.0245375707746,
        "dmean2": 0.0429351180792,
        "dvar": 0.000391194480471,
        "dvar2": 0.00120182940736,
        "max": 0.518787443638,
        "mean": 0.352939486504,
        "median": 0.36402079463,
        "min": 0.0235886555165,
        "var": 0.00459589716047
    },
    "barkbands_kurtosis": {
        "dmean": 4.11727571487,
        "dmean2": 6.9382276535,
        "dvar": 30.0399837494,
        "dvar2": 84.1904449463,
        "max": 134.634277344,
        "mean": 7.24304580688,
        "median": 5.12511014938,
        "min": -1.7926889658,
        "var": 59.826713562
    },
    "barkbands_skewness": {
        "dmean": 0.593520581722,
        "dmean2": 1.01137590408,
        "dvar": 0.256567746401,
        "dvar2": 0.730896770954,
        "max": 8.30491161346,
        "mean": 1.31007063389,
        "median": 1.27148389816,
        "min": -2.38157892227,
        "var": 1.13440608978
    },
    "barkbands_spread": {
        "dmean": 0.975082695484,
        "dmean2": 1.61597633362,
        "dvar": 2.92942714691,
        "dvar2": 6.85172605515,
        "max": 130.756591797,
        "mean": 3.6044948101,
        "median": 2.34202480316,
        "min": 0.266387432814,
        "var": 29.7186050415
    },
    "dissonance": {
        "dmean": 0.0521955676377,
        "dmean2": 0.0875515416265,
        "dvar": 0.0018684444949,
        "dvar2": 0.00516988104209,
        "max": 0.500000059605,
        "mean": 0.376345902681,
        "median": 0.381415724754,
        "min": 0.148000523448,
        "var": 0.00432125246152
    },
    "dynamic_complexity": 3.3106944561,
    "erbbands_crest": {
        "dmean": 2.90431690216,
        "dmean2": 4.84864282608,
        "dvar": 6.34307527542,
        "dvar2": 17.102016449,
        "max": 32.1838302612,
        "mean": 11.6428642273,
        "median": 11.0797195435,
        "min": 1.93661940098,
        "var": 15.2117013931
    },
    "erbbands_flatness_db": {
        "dmean": 0.0163318943232,
        "dmean2": 0.0271230190992,
        "dvar": 0.000182316813152,
        "dvar2": 0.000506645941641,
        "max": 0.48245242238,
        "mean": 0.351132959127,
        "median": 0.362202525139,
        "min": 0.0308470819145,
        "var": 0.00360050075687
    },
    "erbbands_kurtosis": {
        "dmean": 2.29781699181,
        "dmean2": 3.63142418861,
        "dvar": 8.19721031189,
        "dvar2": 20.9063568115,
        "max": 71.5770568848,
        "mean": 3.52773475647,
        "median": 2.3933839798,
        "min": -1.75343883038,
        "var": 19.3220386505
    },
    "erbbands_skewness": {
        "dmean": 0.468376010656,
        "dmean2": 0.734587609768,
        "dvar": 0.156520083547,
        "dvar2": 0.408145606518,
        "max": 4.87831497192,
        "mean": 1.00630760193,
        "median": 0.969927489758,
        "min": -1.58033835888,
        "var": 0.612860321999
    },
    "erbbands_spread": {
        "dmean": 2.03612995148,
        "dmean2": 3.25607728958,
        "dvar": 5.13014173508,
        "dvar2": 13.0343542099,
        "max": 93.6229248047,
        "mean": 9.91575813293,
        "median": 7.60977983475,
        "min": 0.629493355751,
        "var": 58.246421814
    },
    "hfc": {
        "dmean": 3.32073783875,
        "dmean2": 5.60018873215,
        "dvar": 13.6714382172,
        "dvar2": 37.6471786499,
        "max": 75.2476425171,
        "mean": 10.7773771286,
        "median": 10.4625177383,
        "min": 1.07624085687e-16,
        "var": 45.9997062683
    },
    "melbands_crest": {
        "dmean": 3.78324246407,
        "dmean2": 6.60821580887,
        "dvar": 9.2492685318,
        "dvar2": 28.1591892242,
        "max": 38.6880874634,
        "mean": 14.7509803772,
        "median": 14.4266748428,
        "min": 1.58509421349,
        "var": 21.5521621704
    },
    "melbands_flatness_db": {
        "dmean": 0.0258294790983,
        "dmean2": 0.0451313257217,
        "dvar": 0.00044605138828,
        "dvar2": 0.00136368034873,
        "max": 0.648678779602,
        "mean": 0.461260288954,
        "median": 0.478318154812,
        "min": 0.00218945904635,
        "var": 0.00954869389534
    },
    "melbands_kurtosis": {
        "dmean": 3.55919528008,
        "dmean2": 6.0178732872,
        "dvar": 21.2740383148,
        "dvar2": 58.009552002,
        "max": 135.387161255,
        "mean": 6.06343126297,
        "median": 4.35246276855,
        "min": -1.60000646114,
        "var": 49.5780105591
    },
    "melbands_skewness": {
        "dmean": 0.564058959484,
        "dmean2": 0.959003448486,
        "dvar": 0.224804773927,
        "dvar2": 0.637850821018,
        "max": 9.94552898407,
        "mean": 1.48059499264,
        "median": 1.40223455429,
        "min": -1.91523385048,
        "var": 0.812872588634
    },
    "melbands_spread": {
        "dmean": 1.6067802906,
        "dmean2": 2.67199635506,
        "dvar": 9.61349105835,
        "dvar2": 24.6151809692,
        "max": 165.682510376,
        "mean": 7.79222631454,
        "median": 3.7350935936,
        "min": 0.553344130516,
        "var": 433.387695312
    },
    "pitch_salience": {
        "dmean": 0.0799431726336,
        "dmean2": 0.136944115162,
        "dvar": 0.00440636230633,
        "dvar2": 0.0127891255543,
        "max": 0.936413228512,
        "mean": 0.600353181362,
        "median": 0.607106804848,
        "min": 0.0567888095975,
        "var": 0.0101904347539
    },
    "silence_rate_20dB": {
        "dmean": 0,
        "dmean2": 0,
        "dvar": 0,
        "dvar2": 0,
        "max": 1,
        "mean": 1,
        "median": 1,
        "min": 1,
        "var": 0
    },
    "silence_rate_30dB": {
        "dmean": 0.00105883134529,
        "dmean2": 0.00211780285463,
        "dvar": 0.00105760502629,
        "dvar2": 0.00250997813419,
        "max": 1,
        "mean": 0.999007403851,
        "median": 1,
        "min": 0,
        "var": 0.000991577282548
    },
    "silence_rate_60dB": {
        "dmean": 0.00264707836322,
        "dmean2": 0.00529450690374,
        "dvar": 0.00263983616605,
        "dvar2": 0.00606137048453,
        "max": 1,
        "mean": 0.109250925481,
        "median": 0,
        "min": 0,
        "var": 0.0973138511181
    },
    "spectral_centroid": {
        "dmean": 47.9024238586,
        "dmean2": 81.435508728,
        "dvar": 13891.4365234,
        "dvar2": 22601.4667969,
        "max": 11942.2597656,
        "mean": 495.542022705,
        "median": 343.288696289,
        "min": 205.988037109,
        "var": 913876.1875
    },
    "spectral_complexity": {
        "dmean": 1.15942025185,
        "dmean2": 2.01323628426,
        "dvar": 1.17819464207,
        "dvar2": 3.18963527679,
        "max": 21,
        "mean": 7.89981460571,
        "median": 8,
        "min": 0,
        "var": 10.7018299103
    },
    "spectral_decrease": {
        "dmean": 3.13931947105e-09,
        "dmean2": 5.46826273151e-09,
        "dvar": 1.15118080648e-17,
        "dvar2": 3.37975840511e-17,
        "max": 2.71256449055e-18,
        "mean": -8.53418669067e-09,
        "median": -8.37760261163e-09,
        "min": -7.4386889537e-08,
        "var": 2.71393823076e-17
    },
    "spectral_energy": {
        "dmean": 0.012134635821,
        "dmean2": 0.0211232174188,
        "dvar": 0.000171920633875,
        "dvar2": 0.000504126248416,
        "max": 0.287577927113,
        "mean": 0.0331875421107,
        "median": 0.0325862467289,
        "min": 1.00614776199e-20,
        "var": 0.000409367028624
    },
    "spectral_energyband_high": {
        "dmean": 1.03765603399e-06,
        "dmean2": 1.59162152613e-06,
        "dvar": 4.80831069405e-11,
        "dvar2": 9.45368228145e-11,
        "max": 0.000461027695565,
        "mean": 3.39101165991e-06,
        "median": 6.39646373202e-07,
        "min": 7.06920668391e-21,
        "var": 3.05753339314e-10
    },
    "spectral_energyband_low": {
        "dmean": 0.00115266570356,
        "dmean2": 0.00198841583915,
        "dvar": 3.22452433466e-06,
        "dvar2": 9.58492000791e-06,
        "max": 0.0273006856441,
        "mean": 0.00207228213549,
        "median": 0.00153155357111,
        "min": 1.48113525893e-23,
        "var": 4.67988547825e-06
    },
    "spectral_energyband_middle_high": {
        "dmean": 0.000568513583858,
        "dmean2": 0.000735718291253,
        "dvar": 8.75688840551e-07,
        "dvar2": 1.67437610799e-06,
        "max": 0.0487883798778,
        "mean": 0.00130195054226,
        "median": 0.000679989403579,
        "min": 1.20051594006e-21,
        "var": 3.16763976116e-06
    },
    "spectral_energyband_middle_low": {
        "dmean": 0.0120774889365,
        "dmean2": 0.0210308041424,
        "dvar": 0.000170431711012,
        "dvar2": 0.000499930640217,
        "max": 0.286591529846,
        "mean": 0.0312908999622,
        "median": 0.0303364209831,
        "min": 1.50728814364e-22,
        "var": 0.000386493426049
    },
    "spectral_entropy": {
        "dmean": 0.170151367784,
        "dmean2": 0.293433725834,
        "dvar": 0.0197665598243,
        "dvar2": 0.0585744008422,
        "max": 9.81841659546,
        "mean": 5.69504880905,
        "median": 5.55464553833,
        "min": 4.48677396774,
        "var": 0.456929504871
    },
    "spectral_flux": {
        "dmean": 0.0219298508018,
        "dmean2": 0.0364773645997,
        "dvar": 0.000477171764942,
        "dvar2": 0.00128797430079,
        "max": 0.347583830357,
        "mean": 0.0859817415476,
        "median": 0.0877683907747,
        "min": 6.47341069637e-11,
        "var": 0.00182874093298
    },
    "spectral_kurtosis": {
        "dmean": 22.1267089844,
        "dmean2": 38.4334335327,
        "dvar": 373.554382324,
        "dvar2": 1093.49645996,
        "max": 175.208648682,
        "mean": 63.7820091248,
        "median": 65.1176300049,
        "min": -1.26434159279,
        "var": 1002.49627686
    },
    "spectral_rms": {
        "dmean": 0.000964343140367,
        "dmean2": 0.00167154450901,
        "dvar": 8.2828455561e-07,
        "dvar2": 2.45510386776e-06,
        "max": 0.0167500395328,
        "mean": 0.00526266451925,
        "median": 0.00563839171082,
        "min": 3.1330617354e-12,
        "var": 4.68253165309e-06
    },
    "spectral_rolloff": {
        "dmean": 97.883026123,
        "dmean2": 171.526138306,
        "dvar": 79741.7890625,
        "dvar2": 149844.5625,
        "max": 19422.9492188,
        "mean": 977.997497559,
        "median": 452.197265625,
        "min": 21.533203125,
        "var": 8687193
    },
    "spectral_skewness": {
        "dmean": 1.22107291222,
        "dmean2": 2.13518428802,
        "dvar": 1.01230108738,
        "dvar2": 2.9847176075,
        "max": 10.562579155,
        "mean": 5.61019277573,
        "median": 5.73144245148,
        "min": -0.0931759625673,
        "var": 3.2571644783
    },
    "spectral_spread": {
        "dmean": 286805.5,
        "dmean2": 512346.84375,
        "dvar": 199709655040,
        "dvar2": 393462284288,
        "max": 42657452,
        "mean": 1623950.625,
        "median": 1100582.75,
        "min": 488270.65625,
        "var": 1.06201717146e+13
    },
    "spectral_strongpeak": {
        "dmean": 0.428377568722,
        "dmean2": 0.727969527245,
        "dvar": 0.224602594972,
        "dvar2": 0.589658856392,
        "max": 7.3950843811,
        "mean": 0.862937927246,
        "median": 0.726133167744,
        "min": 0,
        "var": 0.437597185373
    },
    "zerocrossingrate": {
        "dmean": 0.00219815433957,
        "dmean2": 0.00308076059446,
        "dvar": 3.02763637592e-05,
        "dvar2": 4.50581464975e-05,
        "max": 0.52734375,
        "mean": 0.0309070199728,
        "median": 0.01611328125,
        "min": 0.0078125,
        "var": 0.00624733418226
    },
    "barkbands": {
        "dmean": [2.96399939543e-05, 0.000299442705, 0.000337564415531, 0.00289652566426, 0.0084316143766, 0.00373296323232, 0.0021940972656, 0.00114776450209, 0.000406780018238, 0.000487434066599, 5.69343792449e-05, 0.000108776017441, 1.20081012938e-05, 1.11581412057e-05, 4.18255767727e-05, 6.0348261286e-06, 1.74880242412e-05, 3.23195695273e-06, 2.48839819506e-06, 1.60157446771e-06, 5.86042176565e-07, 5.11269497849e-08, 2.13399431459e-08, 2.11743564904e-08, 1.20363537803e-07, 5.43318012802e-09, 1.38427269647e-09],
        "dmean2": [4.61899689981e-05, 0.000523340539075, 0.000582013046369, 0.00500126136467, 0.0152747957036, 0.00602537207305, 0.00334219820797, 0.00191334821284, 0.000657506869175, 0.000595685734879, 9.10995731829e-05, 0.000174344226252, 2.02721184905e-05, 1.88574704225e-05, 6.53932802379e-05, 9.73000078375e-06, 2.75762286037e-05, 5.11545158588e-06, 4.05011860494e-06, 2.54851738646e-06, 9.75975808615e-07, 8.63652189764e-08, 3.65491388266e-08, 3.47391093669e-08, 1.8153357928e-07, 9.45053724166e-09, 2.52635423692e-09],
        "dvar": [1.28884369843e-09, 1.29945718186e-07, 3.09540752141e-07, 1.57933845912e-05, 0.000101538811577, 3.79016601073e-05, 1.64828579727e-05, 4.01370880354e-06, 1.87239550087e-06, 5.79140646551e-07, 2.58431867906e-07, 1.03199006674e-07, 1.17092624485e-09, 2.50345566499e-09, 2.82050844902e-08, 5.29660038051e-10, 1.35269218049e-08, 8.05380484525e-11, 1.89902607528e-10, 1.27634014468e-10, 1.86182128742e-11, 1.50947247865e-13, 7.67187149312e-14, 5.0713942865e-14, 1.54964962303e-12, 2.69146455408e-15, 3.30560129097e-18],
        "dvar2": [2.91221624593e-09, 3.66061726709e-07, 9.18742500744e-07, 4.60327210021e-05, 0.00031628558645, 0.000106023653643, 4.21105141868e-05, 1.06883826447e-05, 4.73445697935e-06, 9.05627587144e-07, 6.38661333596e-07, 2.74532482081e-07, 3.19748050259e-09, 7.00769176021e-09, 6.06249130897e-08, 1.07913877834e-09, 2.8510928729e-08, 1.4920738256e-10, 4.58219073796e-10, 3.02448677214e-10, 4.92614699033e-11, 3.98443458132e-13, 2.08833750531e-13, 1.28643975897e-13, 3.23436655063e-12, 7.81293364965e-15, 1.03603916773e-17],
        "max": [0.000562791537959, 0.00489923870191, 0.010791329667, 0.0616756230593, 0.252823531628, 0.1127993837, 0.131211265922, 0.0752179995179, 0.0442386418581, 0.0178832486272, 0.039201091975, 0.00915712397546, 0.00122966140043, 0.00276486575603, 0.00582921784371, 0.000914531236049, 0.00586881581694, 0.00061901594745, 0.000979054486379, 0.000675463990774, 0.000234462786466, 2.66596780421e-05, 1.94786807697e-05, 1.40498023029e-05, 7.47912854422e-05, 5.25981931787e-06, 2.07720276535e-08],
        "mean": [4.27982704423e-05, 0.000387970823795, 0.000504790747073, 0.00366858369671, 0.0134294452146, 0.00704688485712, 0.00412729615346, 0.00203598942608, 0.000600974424742, 0.0008913311176, 7.94035877334e-05, 0.000190781909623, 2.18066725211e-05, 2.01121474674e-05, 7.96903404989e-05, 1.09461298052e-05, 2.95690242638e-05, 8.4702114691e-06, 5.23665676155e-06, 3.37569872499e-06, 1.55218754117e-06, 1.26448469473e-07, 4.58394744385e-08, 4.95515415366e-08, 3.43007940273e-07, 1.87437638743e-08, 1.5008299048e-09],
        "median": [2.54836049862e-05, 0.000264906790107, 0.000245539675234, 0.0022719213739, 0.0106819272041, 0.0047181607224, 0.00232649501413, 0.00143707660027, 0.000144829115015, 0.000460374110844, 5.84769804846e-06, 1.09345883175e-05, 5.5537402659e-06, 5.76058209845e-06, 5.51328685106e-06, 4.96672873851e-06, 4.66998608317e-06, 3.83103997592e-06, 2.57707006313e-06, 8.14151349005e-07, 2.21692403102e-07, 2.08402415325e-08, 8.41740011026e-09, 1.01699768607e-08, 2.08996553397e-08, 1.15535545575e-08, 9.01514030094e-10],
        "min": [9.06081136765e-26, 2.18127692244e-24, 3.05514069634e-25, 2.21554780118e-24, 5.25642475837e-24, 1.45599347302e-23, 5.71900411572e-24, 8.91417319407e-24, 1.62125841271e-23, 1.59720162609e-23, 2.40428711149e-23, 3.96548449478e-23, 2.06356152045e-23, 2.87113278639e-23, 3.37603248027e-23, 3.75912258405e-23, 6.53746450205e-23, 7.87478126717e-23, 9.52141922847e-23, 1.5967095031e-22, 2.61002291909e-22, 3.50511473682e-22, 3.76200747993e-22, 5.78825035753e-22, 8.33477716817e-22, 1.1168313538e-21, 1.92711050155e-21],
        "var": [2.57544119364e-09, 1.71406739469e-07, 5.1805517387e-07, 1.99856731342e-05, 0.000143119643326, 6.57380805933e-05, 3.50933951268e-05, 6.52875905871e-06, 3.70751922674e-06, 1.70343696482e-06, 3.67538774526e-07, 3.00869828607e-07, 3.01839730987e-09, 5.61133628452e-09, 9.29990520149e-08, 1.02986519313e-09, 3.38216104012e-08, 4.74840056164e-10, 4.02432559499e-10, 3.35169308974e-10, 8.46874514959e-11, 2.7018375059e-13, 9.70677870222e-14, 7.51384631598e-14, 7.51735479421e-12, 9.30010242943e-15, 3.03878632617e-18]
    },
    "erbbands": {
        "dmean": [0.00614975485951, 0.0794249624014, 0.333634793758, 4.17696619034, 26.2073669434, 26.022567749, 34.5122299194, 22.8935394287, 34.0298156738, 14.1845645905, 28.9064617157, 10.0755529404, 16.2846660614, 4.97636890411, 1.85818147659, 5.36251783371, 0.788468718529, 0.479740291834, 2.38877558708, 0.655599415302, 0.614157319069, 0.60220181942, 0.189116284251, 0.0955662950873, 0.15252648294, 0.0604072660208, 0.0350463055074, 0.00909857079387, 0.00209516985342, 0.000948072178289, 0.000599883496761, 0.000415985530708, 0.000452913780464, 0.00153794011567, 0.000847550400067, 6.31850489299e-05, 6.47210890747e-06, 1.09583720587e-06, 5.5040090956e-06, 1.33332996484e-05],
        "dmean2": [0.0107956696302, 0.138515457511, 0.577678561211, 7.1979432106, 47.4238204956, 46.4843482971, 54.1846466064, 37.5982666016, 52.0792198181, 21.5719108582, 49.4233016968, 16.5410652161, 19.8512001038, 6.77096986771, 2.96325230598, 8.56323432922, 1.28927242756, 0.79844892025, 3.68877840042, 1.07254815102, 0.964090585709, 0.958576738834, 0.300815790892, 0.155035123229, 0.249580457807, 0.0957049056888, 0.0559566840529, 0.0147471642122, 0.00351544166915, 0.00160604983103, 0.0010094512254, 0.000695721828379, 0.000743219803553, 0.00239601451904, 0.00127926026471, 9.88891188172e-05, 1.08231997729e-05, 1.88779313248e-06, 9.53859853325e-06, 2.3190088541e-05],
        "dvar": [5.13631021022e-05, 0.00948208197951, 0.227292001247, 37.0850563049, 955.150268555, 1207.90454102, 3072.09936523, 1631.10559082, 3995.40600586, 974.097595215, 2090.68041992, 950.000305176, 691.447509766, 145.873977661, 194.44581604, 259.934661865, 4.00195074081, 1.83636856079, 97.6873168945, 4.67527008057, 13.5502471924, 11.3039484024, 0.294675737619, 0.168216794729, 1.01080727577, 0.137159660459, 0.0609569661319, 0.0040218681097, 0.000283492205199, 7.21644464647e-05, 6.38114361209e-05, 2.61542827502e-05, 2.38100747083e-05, 0.00029080157401, 0.000133682377054, 2.73324303635e-07, 2.09517042604e-10, 2.12623408463e-12, 3.52253295977e-11, 2.07428560439e-10],
        "dvar2": [0.000149776504259, 0.0267858430743, 0.676387667656, 108.269439697, 2946.97460938, 3598.09765625, 8381.07226562, 4315.64794922, 10427.2353516, 2265.90698242, 5898.90283203, 2349.66381836, 1153.14477539, 328.476531982, 458.595123291, 682.437133789, 10.5466833115, 4.9538731575, 205.082000732, 11.4048986435, 28.0297603607, 24.6499137878, 0.600498795509, 0.3791847229, 2.41112041473, 0.291272968054, 0.134088516235, 0.00968179386109, 0.000736438960303, 0.000194721927983, 0.0001736926788, 6.77968637319e-05, 6.04112319706e-05, 0.000669037224725, 0.000288881565211, 5.752741572e-07, 4.59918492179e-10, 5.65643929265e-12, 1.02612487951e-10, 6.07317973689e-10],
        "max": [0.103842392564, 1.28062224388, 8.49962997437, 100.847320557, 400.601745605, 1196.14819336, 1135.0670166, 825.761779785, 2336.23291016, 1328.69909668, 900.020568848, 1185.73522949, 893.746276855, 610.726318359, 1085.18432617, 472.337127686, 68.4423828125, 49.2292251587, 419.487670898, 70.166229248, 187.673538208, 157.7159729, 24.1296634674, 34.6561965942, 69.767616272, 28.9020061493, 12.9582338333, 4.51401758194, 1.28019165993, 0.55936062336, 0.562789797783, 0.367578625679, 0.403920292854, 1.42546761036, 1.00021755695, 0.0317578688264, 0.000917815079447, 6.67759741191e-05, 0.000130870655994, 0.000316027115332],
        "mean": [0.00791987776756, 0.106138028204, 0.599601149559, 6.33922386169, 34.8830986023, 40.0347099304, 66.2486114502, 43.2371711731, 67.3796463013, 32.5998420715, 45.557598114, 15.9988870621, 30.0743656158, 9.24283695221, 3.19008803368, 9.38912296295, 1.69342803955, 0.980202078819, 4.50851392746, 1.42245852947, 1.1721919775, 1.13444793224, 0.5354129076, 0.260282367468, 0.286017805338, 0.14240282774, 0.100698404014, 0.027403505519, 0.00562350638211, 0.00231122924015, 0.00128158857115, 0.000920301536098, 0.00131935125683, 0.0048091490753, 0.0018929297803, 0.000206748823985, 3.01813452097e-05, 3.58885381502e-06, 1.55791458383e-05, 3.67565553461e-05],
        "median": [0.00574313756078, 0.0719722732902, 0.379930257797, 4.2655878067, 24.9280586243, 29.3200378418, 43.753162384, 27.3571357727, 41.3684692383, 23.4124622345, 29.6960544586, 6.02952575684, 15.2566757202, 4.38396072388, 0.560080826283, 0.481592029333, 0.323194384575, 0.32077935338, 0.31483772397, 0.272415757179, 0.301962196827, 0.268519222736, 0.229341775179, 0.142839431763, 0.103714160621, 0.0402426086366, 0.0190236344934, 0.00280451914296, 0.00090610596817, 0.000428007333539, 0.000247491232585, 0.000230974328588, 0.000194996333448, 0.00027142331237, 0.000162198499311, 7.81421913416e-05, 2.81402390101e-05, 3.32928607349e-06, 1.53564706125e-05, 3.61405982403e-05],
        "min": [1.29036389026e-22, 3.86654303569e-22, 1.48317240071e-21, 4.94595481663e-21, 1.7508387573e-20, 1.50614289936e-20, 5.46800506098e-20, 1.09540038852e-19, 7.57583380647e-20, 1.39771435214e-19, 2.34627169962e-19, 4.03597550887e-19, 4.94095039008e-19, 6.77294296486e-19, 1.37168155655e-18, 1.90482034765e-18, 1.42710493234e-18, 2.25917997257e-18, 2.4433968173e-18, 2.17115927e-18, 3.95682176887e-18, 3.64044172818e-18, 3.94228034729e-18, 4.66735998889e-18, 7.21418953793e-18, 8.37909393252e-18, 7.25185355276e-18, 1.05385763074e-17, 1.1188008214e-17, 1.02340737531e-17, 1.22222023554e-17, 1.18932615771e-17, 9.53648339124e-18, 9.21092743602e-18, 5.83142934465e-18, 4.31552202406e-18, 2.22188177837e-18, 1.00965727607e-18, 2.52557809004e-19, 2.46617534219e-20],
        "var": [6.10439019511e-05, 0.0130259776488, 0.477426052094, 52.0297431946, 1225.60351562, 1669.04516602, 5579.87646484, 3159.5144043, 8529.41699219, 1947.01525879, 3205.62817383, 2063.45361328, 2015.53234863, 299.437286377, 297.769805908, 759.078063965, 13.4317836761, 4.93453788757, 334.059020996, 16.0034255981, 35.0840644836, 29.1196880341, 2.01612472534, 0.514213323593, 1.97236132622, 0.433472275734, 0.322365492582, 0.024608399719, 0.000539848464541, 0.000118140786071, 7.99852132332e-05, 3.61229976988e-05, 6.27319022897e-05, 0.00176305742934, 0.000348154135281, 1.3126250451e-06, 1.08626307949e-09, 7.49549641105e-12, 8.86518775056e-11, 5.00498253952e-10]
    },
    "gfcc": {
        "mean": [-194.110855103, 222.283981323, -89.7090911865, -18.0821552277, -40.6819610596, -51.7120704651, -36.2579536438, -0.639637589455, -25.1594791412, -14.2172813416, -9.62467861176, -20.0721549988, 4.4175028801],
        "cov": [[26632.421875, 6823.63623047, -1915.13684082, -403.267211914, -383.127319336, -1141.82434082, -359.462615967, -516.47088623, -366.24041748, -453.708343506, 53.0040931702, -609.151550293, 332.907226562], [6823.63623047, 2945.66821289, -184.569381714, -374.022064209, 119.524360657, -685.787231445, -113.896186829, -18.6135311127, -125.499191284, -215.719497681, 7.8318734169, -270.375518799, 121.595283508], [-1915.13684082, -184.569381714, 546.690612793, 80.2645187378, -13.8316545486, -128.73815918, 7.78377008438, 119.402923584, 20.9175510406, -18.7575473785, -21.1155052185, -21.5115242004, -10.0095567703], [-403.267211914, -374.022064209, 80.2645187378, 217.780090332, -72.3237609863, 66.2231750488, -0.471619784832, -0.031752191484, 18.1439037323, 33.7316055298, -5.46669769287, 15.9632167816, -21.750038147], [-383.127319336, 119.524360657, -13.8316545486, -72.3237609863, 240.823776245, -25.3021144867, -3.13354110718, 21.5488128662, -22.4385585785, 22.0266838074, 15.1927804947, -26.139333725, 11.7388648987], [-1141.82434082, -685.787231445, -128.73815918, 66.2231750488, -25.3021144867, 354.920959473, 46.8483886719, -78.3502120972, 52.3583145142, 46.496131897, 1.49067676067, 96.1655197144, -45.2450904846], [-359.462615967, -113.896186829, 7.78377008438, -0.471619784832, -3.13354110718, 46.8483886719, 106.205528259, 42.9148826599, 4.62323188782, -12.5117464066, -3.7919857502, 23.8354797363, 4.9292473793], [-516.47088623, -18.6135311127, 119.402923584, -0.031752191484, 21.5488128662, -78.3502120972, 42.9148826599, 156.457458496, -11.2713661194, 5.7089138031, -16.2895126343, -24.2950496674, 28.1095905304], [-366.24041748, -125.499191284, 20.9175510406, 18.1439037323, -22.4385585785, 52.3583145142, 4.62323188782, -11.2713661194, 99.578453064, 24.8862438202, 15.7258396149, 28.3192367554, -27.4282932281], [-453.708343506, -215.719497681, -18.7575473785, 33.7316055298, 22.0266838074, 46.496131897, -12.5117464066, 5.7089138031, 24.8862438202, 101.764808655, 34.4304351807, 15.1248636246, -6.07051324844], [53.0040931702, 7.8318734169, -21.1155052185, -5.46669769287, 15.1927804947, 1.49067676067, -3.7919857502, -16.2895126343, 15.7258396149, 34.4304351807, 63.8802146912, 32.2697105408, -2.58350014687], [-609.151550293, -270.375518799, -21.5115242004, 15.9632167816, -26.139333725, 96.1655197144, 23.8354797363, -24.2950496674, 28.3192367554, 15.1248636246, 32.2697105408, 93.4443359375, -3.10391235352], [332.907226562, 121.595283508, -10.0095567703, -21.750038147, 11.7388648987, -45.2450904846, 4.9292473793, 28.1095905304, -27.4282932281, -6.07051324844, -2.58350014687, -3.10391235352, 64.7823028564]],
        "icov": [[0.000357174081728, -0.000771136721596, 0.00106770917773, -0.000991114648059, 0.000867754977662, -0.000129033520352, 5.53465833946e-05, 0.000298977887724, 7.27824808564e-05, 0.000414122390794, -0.0009137657471, 0.00114965881221, -0.00084887893172], [-0.000771136721596, 0.00309131806716, -0.00159933581017, 0.00301131047308, -0.00191038195044, 0.00212537217885, -0.000237982225372, 0.00030029512709, -0.00107347860467, 0.00155106163584, -0.000450977357104, 0.000693715002853, 0.000348786881659], [0.00106770917773, -0.00159933581017, 0.00638816598803, -0.00387996830977, 0.00222693756223, 0.00185747805517, 0.000522523070686, -0.000688887550496, -0.00117631244939, 0.00326497084461, -0.00302921328694, 0.00367994001135, -0.00178416562267], [-0.000991114648059, 0.00301131047308, -0.00387996830977, 0.00987992994487, -0.000384375482099, 0.000110401386337, 2.97792794299e-05, -8.35003520478e-05, 0.000154899797053, -0.00239003077149, 0.00182776618749, -0.000797036103904, 0.00221566436812], [0.000867754977662, -0.00191038195044, 0.00222693756223, -0.000384375482099, 0.00747561501339, -0.00134168181103, 0.000169933075085, 8.91614108696e-05, 0.00143996207044, -0.000428123865277, -0.00435046385974, 0.00521630374715, -0.0023557881359], [-0.000129033520352, 0.00212537217885, 0.00185747805517, 0.000110401386337, -0.00134168181103, 0.0101321386173, -0.00356775708497, 0.0040854588151, -0.002050870331, -0.00111055967864, 0.00447869859636, -0.00379725988023, 0.00184048211668], [5.53465833946e-05, -0.000237982225372, 0.000522523070686, 2.97792794299e-05, 0.000169933075085, -0.00356775708497, 0.0144968945533, -0.00667936634272, -5.59759100724e-05, 0.00458754366264, -0.00213868683204, -0.00192298914772, -0.000245643372182], [0.000298977887724, 0.00030029512709, -0.000688887550496, -8.35003520478e-05, 8.91614108696e-05, 0.0040854588151, -0.00667936634272, 0.0135512668639, -0.000622377207037, -0.003023566911, 0.00225749961101, 0.00345140323043, -0.00506055215374], [7.27824808564e-05, -0.00107347860467, -0.00117631244939, 0.000154899797053, 0.00143996207044, -0.002050870331, -5.59759100724e-05, -0.000622377207037, 0.0142041416839, -0.00420276261866, 0.000307212583721, -0.00410991534591, 0.00552758201957], [0.000414122390794, 0.00155106163584, 0.00326497084461, -0.00239003077149, -0.000428123865277, -0.00111055967864, 0.00458754366264, -0.003023566911, -0.00420276261866, 0.0224897116423, -0.0166954193264, 0.0106505583972, -0.00490005407482], [-0.0009137657471, -0.000450977357104, -0.00302921328694, 0.00182776618749, -0.00435046385974, 0.00447869859636, -0.00213868683204, 0.00225749961101, 0.000307212583721, -0.0166954193264, 0.0379618927836, -0.0232076123357, 0.00775487907231], [0.00114965881221, 0.000693715002853, 0.00367994001135, -0.000797036103904, 0.00521630374715, -0.00379725988023, -0.00192298914772, 0.00345140323043, -0.00410991534591, 0.0106505583972, -0.0232076123357, 0.0350840836763, -0.0118442103267], [-0.00084887893172, 0.000348786881659, -0.00178416562267, 0.00221566436812, -0.0023557881359, 0.00184048211668, -0.000245643372182, -0.00506055215374, 0.00552758201957, -0.00490005407482, 0.00775487907231, -0.0118442103267, 0.0251618828624]]
    },
    "melbands": {
        "dmean": [6.93476831657e-05, 0.00013862378546, 0.00128638173919, 0.00215667719021, 0.00102637708187, 0.000553808640689, 0.000510094163474, 0.000147354920045, 0.000239014290855, 5.05569551024e-05, 8.46606635605e-05, 2.4503466193e-05, 7.39884717404e-06, 1.20342529044e-05, 6.87997544446e-06, 1.01493878901e-06, 8.62892932219e-07, 3.57412568519e-06, 2.25931262321e-06, 5.40349674338e-07, 9.56434632826e-07, 8.95819823654e-07, 2.25732037507e-07, 1.58195533118e-07, 7.86199905178e-08, 1.10595948399e-07, 1.03136812868e-07, 3.21904849443e-08, 2.43842563918e-08, 1.81907271468e-08, 2.55584264863e-09, 1.34044286781e-09, 9.25222454207e-10, 4.60096682975e-10, 3.90014243123e-10, 3.02528696539e-10, 2.54022330948e-10, 3.03974151405e-10, 6.24661489201e-10, 1.57945767576e-09],
        "dmean2": [0.000121880249935, 0.000240419874899, 0.00223611318506, 0.00394469453022, 0.00163847545628, 0.000906228495296, 0.00078028003918, 0.000221070091357, 0.000411312590586, 8.1673169916e-05, 0.000103126389149, 3.30290640704e-05, 1.18116695376e-05, 1.94134954654e-05, 1.10029204734e-05, 1.73768125933e-06, 1.4628341205e-06, 5.50892900719e-06, 3.62835180567e-06, 8.70610904258e-07, 1.50233768181e-06, 1.41892712691e-06, 3.74698572614e-07, 2.44056451493e-07, 1.29922455017e-07, 1.7840748967e-07, 1.69146190387e-07, 5.0588162992e-08, 3.71332227189e-08, 3.02437115351e-08, 4.04608968552e-09, 2.26490626254e-09, 1.56613522151e-09, 7.86818110665e-10, 6.65250909915e-10, 5.0305853927e-10, 4.25890628319e-10, 5.01873376191e-10, 1.0103825554e-09, 2.39199993146e-09],
        "dvar": [6.573984912e-09, 3.57382106131e-08, 2.64219920609e-06, 6.72306896377e-06, 2.50447124017e-06, 8.65842025632e-07, 8.41415669584e-07, 1.18577716535e-07, 1.46095402442e-07, 3.49771944741e-08, 1.86596302854e-08, 2.81056000695e-09, 4.90930096575e-09, 1.28990018666e-09, 3.80549480816e-10, 8.97211471784e-12, 7.85358930666e-12, 2.26450219687e-10, 7.38238428721e-11, 5.09047318187e-12, 4.46060445525e-11, 2.93555041386e-11, 6.4548523861e-13, 2.59132748896e-13, 1.47172299846e-13, 3.7880684917e-13, 6.99321405905e-13, 5.57610056219e-14, 2.8524586664e-14, 2.58573408995e-14, 2.04077289108e-16, 1.66433093524e-16, 4.98067317474e-17, 2.18377104465e-17, 2.32965344466e-17, 1.82162525133e-17, 7.3868378482e-18, 1.05782495439e-17, 4.34941657684e-17, 3.08041663068e-16],
        "dvar2": [1.87480964087e-08, 1.0504830783e-07, 7.72019211581e-06, 2.11153401324e-05, 6.83369944454e-06, 2.34893627749e-06, 2.18186050915e-06, 2.78188878156e-07, 4.12638797798e-07, 8.56707060848e-08, 3.10532435321e-08, 6.12967188118e-09, 1.18459144716e-08, 3.57619600599e-09, 9.48928047251e-10, 2.64516863274e-11, 2.23448464592e-11, 4.70456396062e-10, 1.71105948854e-10, 1.02061484264e-11, 9.24989598805e-11, 6.34837876712e-11, 1.78379847785e-12, 4.49635066593e-13, 3.44406252649e-13, 9.22770865795e-13, 1.67349727825e-12, 1.11581567824e-13, 4.84217327964e-14, 6.91115865708e-14, 5.15431883322e-16, 4.30937779264e-16, 1.32640449396e-16, 5.99613829268e-17, 6.34919022777e-17, 4.94021643272e-17, 1.85443586664e-17, 2.69304596459e-17, 1.09167121637e-16, 6.4837402203e-16],
        "max": [0.00116469059139, 0.00319907465018, 0.0237801373005, 0.0428945459425, 0.0451823621988, 0.0170716904104, 0.0304565839469, 0.0167913660407, 0.00857570115477, 0.00785207282752, 0.00442016124725, 0.00277565093711, 0.00545582920313, 0.000978284399025, 0.000554188794922, 0.000115916111099, 0.000113691930892, 0.000747012789361, 0.000260939094005, 9.28577428567e-05, 0.00034324650187, 0.000262062938418, 5.34849204996e-05, 3.8924288674e-05, 3.25672626786e-05, 2.76599785138e-05, 5.44809372514e-05, 2.18679815589e-05, 1.27995645016e-05, 1.02034673546e-05, 6.97041627973e-07, 1.089345119e-06, 4.57523867681e-07, 3.13727895218e-07, 3.25299311044e-07, 3.1349881624e-07, 1.853167646e-07, 2.32587709093e-07, 6.23938149147e-07, 1.26484621887e-06],
        "mean": [9.29061789066e-05, 0.000223743074457, 0.00185913871974, 0.00299706147052, 0.00206340407021, 0.00103961373679, 0.000994135276414, 0.000349421432475, 0.000358713325113, 7.65217118897e-05, 0.000153916087584, 4.44824399892e-05, 1.05512244772e-05, 2.05547275982e-05, 1.29402305902e-05, 1.86706358818e-06, 1.5024431832e-06, 6.67607355354e-06, 4.35539413957e-06, 9.30659382448e-07, 1.67204586887e-06, 1.53329881414e-06, 5.39031987046e-07, 3.72218863731e-07, 1.86406666103e-07, 2.09431590292e-07, 1.78688893016e-07, 7.45936858948e-08, 6.30635739185e-08, 4.70449670331e-08, 6.30263485846e-09, 2.93348456637e-09, 2.07097183846e-09, 9.60992729837e-10, 7.48698048003e-10, 5.77098813181e-10, 5.1159765313e-10, 6.9333822017e-10, 1.84590154273e-09, 4.72713557187e-09],
        "median": [6.73309041304e-05, 0.00014044654381, 0.00134321406949, 0.00217178137973, 0.00148930016439, 0.000675532850437, 0.000605565612204, 0.000258143001702, 0.000222448143177, 1.72771196958e-05, 7.69823091105e-05, 2.14053106902e-05, 8.82665176505e-07, 1.21063681036e-06, 1.01283148979e-06, 5.14745238434e-07, 5.53658537683e-07, 4.92911340189e-07, 3.88233615922e-07, 3.37373279535e-07, 3.45168956528e-07, 2.79100277112e-07, 2.35054940845e-07, 1.58140281314e-07, 1.06137321154e-07, 8.53200177175e-08, 5.02371300115e-08, 2.04784456059e-08, 1.47331409295e-08, 3.45861184137e-09, 8.62718896322e-10, 4.92844764999e-10, 2.96180469039e-10, 1.86016521631e-10, 1.29537103266e-10, 1.00961697336e-10, 1.3863138415e-10, 1.15468495876e-10, 1.28761432072e-10, 2.44017861473e-10],
        "min": [7.74782400468e-25, 5.3499703497e-25, 2.10031967762e-24, 1.12303007607e-24, 2.09153926131e-24, 2.50408551018e-24, 9.51742439741e-25, 1.61309581255e-24, 1.74069002105e-24, 2.43775216881e-24, 2.31536749911e-24, 2.79869212334e-24, 4.06370611829e-24, 3.24946321901e-24, 2.47158444088e-24, 3.53909073935e-24, 3.63101946165e-24, 2.68756094888e-24, 2.3717097199e-24, 3.40131618225e-24, 4.27879259397e-24, 3.42877840252e-24, 3.14723828418e-24, 3.04700285655e-24, 3.74137755242e-24, 4.06158763233e-24, 5.34580269893e-24, 5.10268523427e-24, 3.98116484076e-24, 5.57813959046e-24, 5.21013795032e-24, 5.06424128135e-24, 5.40247209978e-24, 4.4231356014e-24, 5.84540329856e-24, 5.73738654696e-24, 6.50758221431e-24, 6.06701720381e-24, 5.94903477239e-24, 7.05970083427e-24],
        "var": [8.42517788868e-09, 6.93927972861e-08, 3.70252678294e-06, 8.91389663593e-06, 4.61879290015e-06, 1.63202707881e-06, 1.79656944965e-06, 2.2751628137e-07, 2.24136002203e-07, 7.6784104408e-08, 5.39402940092e-08, 6.07448003009e-09, 7.06712643961e-09, 3.44519190953e-09, 1.25737764645e-09, 2.13128559939e-11, 1.42249779664e-11, 8.06972322298e-10, 2.36730024472e-10, 9.84710663704e-12, 1.13433193394e-10, 7.32415447735e-11, 2.62624384045e-12, 1.09071887806e-12, 3.69988355274e-13, 7.30349266308e-13, 1.44054961102e-12, 1.70141922469e-13, 1.3737498823e-13, 1.14105190682e-13, 7.7205401428e-16, 2.08763022433e-16, 9.78879117974e-17, 3.00579567501e-17, 2.85306570845e-17, 2.18359485518e-17, 1.07708932912e-17, 1.83043340137e-17, 2.52521273884e-16, 1.78698180893e-15]
    },
    "mfcc": {
        "mean": [-818.797363281, 239.2134552, 17.3975372314, 25.139799118, 2.37675738335, -33.6016540527, -13.4236164093, -12.1490716934, -8.61593723297, -3.25775122643, -10.4602880478, -10.0366563797, -7.16973590851],
        "cov": [[7741.89013672, 4362.81445312, -1038.70288086, 262.181945801, -9.89507675171, -434.648956299, 117.145576477, -274.8984375, -83.831741333, -121.349327087, -151.771011353, -19.848028183, 6.44232130051], [4362.81445312, 3148.61914062, -228.836761475, 170.050491333, 62.8233375549, -401.619110107, -69.4066848755, -62.5313186646, -108.728881836, 29.6663608551, -123.729103088, -74.4290084839, -26.1937351227], [-1038.70288086, -228.836761475, 634.128540039, 139.258712769, -9.22859477997, -113.350746155, -122.660797119, 62.6111755371, 4.88216018677, 72.4204101562, 24.1500968933, -67.8314056396, -68.5752868652], [262.181945801, 170.050491333, 139.258712769, 202.631378174, 15.2821931839, -109.589530945, -14.5418071747, -21.0222263336, -2.99926972389, 11.3128671646, 9.45775508881, -14.826666832, -31.3581104279], [-9.89507675171, 62.8233375549, -9.22859477997, 15.2821931839, 121.189285278, 23.2491703033, -22.3921508789, -10.7584619522, -21.2044658661, 16.9529209137, -1.70230591297, -3.30391669273, 15.3158788681], [-434.648956299, -401.619110107, -113.350746155, -109.589530945, 23.2491703033, 203.63885498, 39.0751686096, -13.6983919144, -3.08768558502, -28.2142086029, 4.81563806534, 31.0039978027, 36.964805603], [117.145576477, -69.4066848755, -122.660797119, -14.5418071747, -22.3921508789, 39.0751686096, 106.394561768, 8.88424777985, 16.5364589691, -29.8250217438, -1.9071418047, 13.3463249207, 7.87767744064], [-274.8984375, -62.5313186646, 62.6111755371, -21.0222263336, -10.7584619522, -13.6983919144, 8.88424777985, 102.439552307, 20.2769603729, 23.1146888733, -9.35919857025, -8.96581172943, -10.3931779861], [-83.831741333, -108.728881836, 4.88216018677, -2.99926972389, -21.2044658661, -3.08768558502, 16.5364589691, 20.2769603729, 77.1558990479, 16.1886234283, 10.000243187, -11.4830503464, -15.9312591553], [-121.349327087, 29.6663608551, 72.4204101562, 11.3128671646, 16.9529209137, -28.2142086029, -29.8250217438, 23.1146888733, 16.1886234283, 77.9112701416, 17.0361747742, -20.1226291656, -10.5363636017], [-151.771011353, -123.729103088, 24.1500968933, 9.45775508881, -1.70230591297, 4.81563806534, -1.9071418047, -9.35919857025, 10.000243187, 17.0361747742, 55.2721557617, 27.4482192993, 2.6713283062], [-19.848028183, -74.4290084839, -67.8314056396, -14.826666832, -3.30391669273, 31.0039978027, 13.3463249207, -8.96581172943, -11.4830503464, -20.1226291656, 27.4482192993, 73.3545227051, 40.2430610657], [6.44232130051, -26.1937351227, -68.5752868652, -31.3581104279, 15.3158788681, 36.964805603, 7.87767744064, -10.3931779861, -15.9312591553, -10.5363636017, 2.6713283062, 40.2430610657, 61.4964599609]],
