{
"lowlevel": {
    "average_loudness": 0.936654746532,
    "barkbands_crest": {
        "dmean": 2.69594788551,
        "dmean2": 4.33461952209,
        "dvar": 6.30317831039,
        "dvar2": 15.4211893082,
        "max": 23.9102039337,
        "mean": 9.93523788452,
        "median": 9.18403816223,
        "min": 2.04688000679,
        "var": 15.8733596802
    },
    "barkbands_flatness_db": {
        "dmean": 0.0280004926026,
        "dmean2": 0.0401620902121,
        "dvar": 0.000742435629945,
        "dvar2": 0.00136181572452,
        "max": 0.44504699111,
        "mean": 0.128020882607,
        "median": 0.115497507155,
        "min": 0.01388441585,
        "var": 0.00414041057229
    },
    "barkbands_kurtosis": {
        "dmean": 4.63444757462,
        "dmean2": 6.99782848358,
        "dvar": 77.633895874,
        "dvar2": 169.066772461,
        "max": 472.735473633,
        "mean": 7.19354057312,
        "median": 3.65171861649,
        "min": -1.89155864716,
        "var": 128.06439209
    },
    "barkbands_skewness": {
        "dmean": 0.650456249714,
        "dmean2": 0.959270000458,
        "dvar": 0.480961233377,
        "dvar2": 0.911962866783,
        "max": 16.7360153198,
        "mean": 2.02516031265,
        "median": 1.76651251316,
        "min": -2.45349049568,
        "var": 1.52740037441
    },
    "barkbands_spread": {
        "dmean": 6.77842140198,
        "dmean2": 10.088262558,
        "dvar": 77.8942260742,
        "dvar2": 159.545028687,
        "max": 115.290786743,
        "mean": 18.9760341644,
        "median": 16.6413879395,
        "min": 0.528287947178,
        "var": 156.95954895
    },
    "dissonance": {
        "dmean": 0.0198022034019,
        "dmean2": 0.0337243191898,
        "dvar": 0.000315797427902,
        "dvar2": 0.000893740507308,
        "max": 0.500000178814,
        "mean": 0.465219378471,
        "median": 0.469173103571,
        "min": 0.278530836105,
        "var": 0.000492424995173
    },
    "dynamic_complexity": 2.89712238312,
    "erbbands_crest": {
        "dmean": 2.68875741959,
        "dmean2": 4.5178732872,
        "dvar": 6.35583639145,
        "dvar2": 17.1298236847,
        "max": 29.8659801483,
        "mean": 8.00692272186,
        "median": 6.93498420715,
        "min": 2.42031121254,
        "var": 16.0119228363
    },
    "erbbands_flatness_db": {
        "dmean": 0.0221994370222,
        "dmean2": 0.0316994637251,
        "dvar": 0.000487286830321,
        "dvar2": 0.000871340569574,
        "max": 0.519423723221,
        "mean": 0.129559099674,
        "median": 0.114585995674,
        "min": 0.0324447974563,
        "var": 0.00368715031072
    },
    "erbbands_kurtosis": {
        "dmean": 1.00919234753,
        "dmean2": 1.67890167236,
        "dvar": 7.71310043335,
        "dvar2": 23.4579944611,
        "max": 121.455497742,
        "mean": 0.899663746357,
        "median": 0.312307357788,
        "min": -1.80999422073,
        "var": 21.0366363525
    },
    "erbbands_skewness": {
        "dmean": 0.346941262484,
        "dmean2": 0.546851992607,
        "dvar": 0.0980276912451,
        "dvar2": 0.25649780035,
        "max": 8.66637420654,
        "mean": 0.546384692192,
        "median": 0.506511867046,
        "min": -1.80614376068,
        "var": 0.391384512186
    },
    "erbbands_spread": {
        "dmean": 9.54585075378,
        "dmean2": 14.3949680328,
        "dvar": 107.59287262,
        "dvar2": 218.444702148,
        "max": 175.079681396,
        "mean": 36.1228370667,
        "median": 33.9313278198,
        "min": 0.97192299366,
        "var": 246.708175659
    },
    "hfc": {
        "dmean": 12.0621395111,
        "dmean2": 18.2573394775,
        "dvar": 376.348693848,
        "dvar2": 882.597290039,
        "max": 161.679473877,
        "mean": 25.2014331818,
        "median": 19.7269573212,
        "min": 5.63048230262e-09,
        "var": 504.925323486
    },
    "melbands_crest": {
        "dmean": 3.56428408623,
        "dmean2": 5.57434225082,
        "dvar": 11.6745119095,
        "dvar2": 27.4457874298,
        "max": 35.6443862915,
        "mean": 14.3572435379,
        "median": 13.67486763,
        "min": 3.07322835922,
        "var": 27.5332336426
    },
    "melbands_flatness_db": {
        "dmean": 0.0343139320612,
        "dmean2": 0.048197183758,
        "dvar": 0.00114274444059,
        "dvar2": 0.00197998504154,
        "max": 0.540667355061,
        "mean": 0.219174295664,
        "median": 0.208151236176,
        "min": 0.0162282492965,
        "var": 0.00594581197947
    },
    "melbands_kurtosis": {
        "dmean": 9.62886714935,
        "dmean2": 14.413813591,
        "dvar": 342.056732178,
        "dvar2": 685.613525391,
        "max": 1204.49890137,
        "mean": 16.5818653107,
        "median": 9.11504650116,
        "min": -1.63366568089,
        "var": 601.402709961
    },
    "melbands_skewness": {
        "dmean": 0.871071338654,
        "dmean2": 1.29243421555,
        "dvar": 0.863747239113,
        "dvar2": 1.58059823513,
        "max": 22.4335613251,
        "mean": 2.88540959358,
        "median": 2.5460588932,
        "min": -1.12903320789,
        "var": 2.84236598015
    },
    "melbands_spread": {
        "dmean": 5.78188943863,
        "dmean2": 8.7520532608,
        "dvar": 57.8904953003,
        "dvar2": 118.927238464,
        "max": 164.813110352,
        "mean": 16.650604248,
        "median": 14.7521476746,
        "min": 0.252463698387,
        "var": 135.712493896
    },
    "pitch_salience": {
        "dmean": 0.0793360173702,
        "dmean2": 0.124917186797,
        "dvar": 0.00546633591875,
        "dvar2": 0.0122990859672,
        "max": 0.88459277153,
        "mean": 0.566056489944,
        "median": 0.57687908411,
        "min": 0.0818438977003,
        "var": 0.0121072735637
    },
    "silence_rate_20dB": {
        "dmean": 0.000141382726724,
        "dmean2": 0.00028278544778,
        "dvar": 0.00014135260426,
        "dvar2": 0.000424057681812,
        "max": 1,
        "mean": 0.999929308891,
        "median": 1,
        "min": 0,
        "var": 7.06788341631e-05
    },
    "silence_rate_30dB": {
        "dmean": 0.0928884521127,
        "dmean2": 0.185790032148,
        "dvar": 0.0842592418194,
        "dvar2": 0.167676448822,
        "max": 1,
        "mean": 0.886548399925,
        "median": 1,
        "min": 0,
        "var": 0.100572302938
    },
    "silence_rate_60dB": {
        "dmean": 0.00721051869914,
        "dmean2": 0.0143513604999,
        "dvar": 0.00715979235247,
        "dvar2": 0.0172502268106,
        "max": 1,
        "mean": 0.0364034771919,
        "median": 0,
        "min": 0,
        "var": 0.0350800007582
    },
    "spectral_centroid": {
        "dmean": 210.14654541,
        "dmean2": 310.38180542,
        "dvar": 59309.3046875,
        "dvar2": 107119.515625,
        "max": 4737.92578125,
        "mean": 971.439880371,
        "median": 909.956054688,
        "min": 180.661941528,
        "var": 184858
    },
    "spectral_complexity": {
        "dmean": 3.71016550064,
        "dmean2": 5.60325193405,
        "dvar": 19.5636672974,
        "dvar2": 33.5627250671,
        "max": 54,
        "mean": 21.1116847992,
        "median": 21,
        "min": 0,
        "var": 69.7609786987
    },
    "spectral_decrease": {
        "dmean": 5.55655521595e-09,
        "dmean2": 8.06680944265e-09,
        "dvar": 7.08870491552e-17,
        "dvar2": 1.40220692825e-16,
        "max": -6.34995415815e-22,
        "mean": -1.29627313328e-08,
        "median": -9.17485287744e-09,
        "min": -1.39311353564e-07,
        "var": 1.50698794785e-16
    },
    "spectral_energy": {
        "dmean": 0.0216260589659,
        "dmean2": 0.031435534358,
        "dvar": 0.00102967268322,
        "dvar2": 0.00203580688685,
        "max": 0.532368242741,
        "mean": 0.0512102432549,
        "median": 0.0372303500772,
        "min": 5.13098081818e-13,
        "var": 0.00221578706987
    },
    "spectral_energyband_high": {
        "dmean": 0.000843031099066,
        "dmean2": 0.00131258531474,
        "dvar": 2.8020181162e-06,
        "dvar2": 6.59659463054e-06,
        "max": 0.0113817453384,
        "mean": 0.00102020730264,
        "median": 0.000514672428835,
        "min": 3.44968845156e-13,
        "var": 2.85835835712e-06
    },
    "spectral_energyband_low": {
        "dmean": 0.0172002576292,
        "dmean2": 0.0245500057936,
        "dvar": 0.000936714874115,
        "dvar2": 0.001871292945,
        "max": 0.453373938799,
        "mean": 0.0290713980794,
        "median": 0.0144346151501,
        "min": 8.05220605769e-15,
        "var": 0.00162233144511
    },
    "spectral_energyband_middle_high": {
        "dmean": 0.00193455035333,
        "dmean2": 0.0031022769399,
        "dvar": 6.09134622209e-06,
        "dvar2": 1.45082685776e-05,
        "max": 0.035404805094,
        "mean": 0.00547817442566,
        "median": 0.00456106476486,
        "min": 8.27130451262e-14,
        "var": 1.71078754647e-05
    },
    "spectral_energyband_middle_low": {
        "dmean": 0.00888435356319,
        "dmean2": 0.0143766133115,
        "dvar": 0.000190915961866,
        "dvar2": 0.000494237698149,
        "max": 0.213652327657,
        "mean": 0.0181896854192,
        "median": 0.0132323484868,
        "min": 2.02128979922e-14,
        "var": 0.00029310802347
    },
    "spectral_entropy": {
        "dmean": 0.192989960313,
        "dmean2": 0.275794446468,
        "dvar": 0.0403549559414,
        "dvar2": 0.0741144493222,
        "max": 8.90471076965,
        "mean": 7.62794208527,
        "median": 7.67237901688,
        "min": 5.42853164673,
        "var": 0.181753903627
    },
    "spectral_flux": {
        "dmean": 0.0386695563793,
        "dmean2": 0.0610950961709,
        "dvar": 0.0021048230119,
        "dvar2": 0.00458908313885,
        "max": 0.574984371662,
        "mean": 0.116431996226,
        "median": 0.0941887050867,
        "min": 8.97930658539e-06,
        "var": 0.00516769988462
    },
    "spectral_kurtosis": {
        "dmean": 2.18221545219,
        "dmean2": 3.4459438324,
        "dvar": 19.1195449829,
        "dvar2": 56.0523834229,
        "max": 189.181472778,
        "mean": 7.30963754654,
        "median": 5.2856092453,
        "min": -0.433507204056,
        "var": 152.193969727
    },
    "spectral_rms": {
        "dmean": 0.00134481000714,
        "dmean2": 0.00193912535906,
        "dvar": 2.57715123553e-06,
        "dvar2": 4.5182773647e-06,
        "max": 0.0227899905294,
        "mean": 0.00640424387529,
        "median": 0.00602679792792,
        "min": 2.23737242067e-08,
        "var": 8.94690037967e-06
    },
    "spectral_rolloff": {
        "dmean": 581.684631348,
        "dmean2": 943.34362793,
        "dvar": 1643771.375,
        "dvar2": 4000176,
        "max": 19315.2832031,
        "mean": 1079.65344238,
        "median": 796.728515625,
        "min": 43.06640625,
        "var": 1798273.375
    },
    "spectral_skewness": {
        "dmean": 0.250135362148,
        "dmean2": 0.387220531702,
        "dvar": 0.089849755168,
        "dvar2": 0.22531375289,
        "max": 10.6494722366,
        "mean": 2.07648587227,
        "median": 2.00176310539,
        "min": 0.459020137787,
        "var": 0.574665307999
    },
    "spectral_spread": {
        "dmean": 975216.3125,
        "dmean2": 1389195.25,
        "dvar": 1.40470452224e+12,
        "dvar2": 2.44883206963e+12,
        "max": 13408528,
        "mean": 5427877,
        "median": 5618138,
        "min": 439596.4375,
        "var": 3.62589821338e+12
    },
    "spectral_strongpeak": {
        "dmean": 0.394351869822,
        "dmean2": 0.683200061321,
        "dvar": 0.307690143585,
        "dvar2": 0.791382730007,
        "max": 6.4867310524,
        "mean": 0.631175339222,
        "median": 0.407264858484,
        "min": 0,
        "var": 0.417226612568
    },
    "zerocrossingrate": {
        "dmean": 0.015989087522,
        "dmean2": 0.0188897009939,
        "dvar": 0.000328689435264,
        "dvar2": 0.000453876185929,
        "max": 0.51611328125,
        "mean": 0.0588074997067,
        "median": 0.05078125,
        "min": 0.001953125,
        "var": 0.00122740771621
    },
    "barkbands": {
        "dmean": [0.00307089369744, 0.0122788818553, 0.00443028658628, 0.00377790583298, 0.00396582251415, 0.00126827717759, 0.00127094180789, 0.000885844114237, 0.000929791654926, 0.00110974919517, 0.000671620597132, 0.000333508301992, 0.000356422155164, 0.000256650731899, 0.000273365527391, 0.000254291837336, 0.000199868300115, 0.000124706246424, 9.9952405435e-05, 7.26192156435e-05, 7.67544988776e-05, 8.78961436683e-05, 8.9480112365e-05, 0.000171699764905, 0.000222307469812, 0.000121810742712, 7.29714593035e-05],
        "dmean2": [0.00487117469311, 0.0182182807475, 0.00710461288691, 0.00606178771704, 0.00680941157043, 0.00195691874251, 0.00205457187258, 0.00143400451634, 0.00153404136654, 0.00183463073336, 0.00113102525938, 0.000566863280255, 0.000614935357589, 0.000442898715846, 0.00046223361278, 0.000417382252635, 0.000323180662235, 0.000201849907171, 0.000160616473295, 0.000107156680315, 0.000116845018056, 0.000135619484354, 0.000140511299833, 0.000270884687779, 0.000365151499864, 0.000191245097085, 0.000115736642329],
        "dvar": [5.4893502238e-05, 0.000613217125647, 6.88407380949e-05, 4.92236977152e-05, 6.05802997597e-05, 3.7812365008e-06, 4.29944975622e-06, 1.9562955913e-06, 2.39729752138e-06, 3.20315757563e-06, 1.74332160441e-06, 2.25026425937e-07, 2.07491567039e-07, 1.31031086426e-07, 1.4236805157e-07, 1.93244957813e-07, 1.34225459192e-07, 4.75120991439e-08, 4.07142195513e-08, 1.38952662709e-08, 2.10989732352e-08, 2.92651254341e-08, 3.20670565657e-08, 1.40062283549e-07, 2.32050069826e-07, 5.10222228911e-08, 2.56910723806e-08],
        "dvar2": [0.000132930275868, 0.00133269978687, 0.000172676984221, 0.000121539582324, 0.000169755439856, 9.1448537205e-06, 1.07705191112e-05, 4.72534293294e-06, 6.25172333457e-06, 8.33431295177e-06, 4.49294111604e-06, 6.08471395935e-07, 5.99412373958e-07, 3.83640070822e-07, 3.87751896369e-07, 4.68596027758e-07, 2.6587957791e-07, 1.02541669378e-07, 1.00316974283e-07, 2.58256029895e-08, 4.67844571972e-08, 6.83410235069e-08, 7.44886037296e-08, 3.32310406748e-07, 5.78135939122e-07, 1.22754599374e-07, 6.11210921875e-08],
        "max": [0.105207160115, 0.385424524546, 0.118426352739, 0.1387629807, 0.105346605182, 0.044410508126, 0.0363069996238, 0.037080667913, 0.0295885168016, 0.0312782749534, 0.0296250768006, 0.00804844684899, 0.00635716551915, 0.00611097039655, 0.00722464453429, 0.00581666873768, 0.00539917964488, 0.00338136963546, 0.00232308474369, 0.00146920373663, 0.00130794278812, 0.00134216283914, 0.0012227158295, 0.00241059716791, 0.00332877365872, 0.00172755494714, 0.00124548655003],
        "mean": [0.00278863310814, 0.0175705198199, 0.00649498589337, 0.00568398460746, 0.00524580292404, 0.00208881893195, 0.00174180010799, 0.00130764639471, 0.00142277218401, 0.00166678684764, 0.000990713131614, 0.000524056842551, 0.000583634711802, 0.000418852519942, 0.00046370390919, 0.000405149068683, 0.000347931869328, 0.000226201227633, 0.000157088245032, 0.000118011441373, 0.000110890185169, 0.000108113279566, 0.000100505363662, 0.000177481968421, 0.000236326814047, 0.000162533120601, 6.72194873914e-05],
        "median": [0.000257324776612, 0.00737233879045, 0.00291565014049, 0.00217575626448, 0.00256578531116, 0.00110445963219, 0.000920845777728, 0.000666774925776, 0.00069394876482, 0.000889312301297, 0.000488864083309, 0.000344346510246, 0.000420593860326, 0.000288735696813, 0.000326170469634, 0.000258656422375, 0.000222476926865, 0.000151397893205, 9.11119568627e-05, 6.66622072458e-05, 6.22551960987e-05, 5.1948321925e-05, 4.48253776995e-05, 6.52812959743e-05, 0.000108245978481, 9.40870959312e-05, 1.7224219846e-05],
        "min": [5.15319217352e-15, 4.30089025781e-15, 1.04544586235e-15, 3.23554303873e-16, 6.42472849366e-16, 1.77524807327e-15, 8.10630859313e-16, 7.61403760814e-15, 8.49374315727e-15, 3.61859166627e-15, 1.12681089435e-15, 2.85353689699e-15, 1.4217405668e-14, 1.87927578941e-15, 5.81757644174e-15, 1.22503173377e-14, 1.17931694209e-14, 7.8975065013e-15, 1.68783325668e-14, 1.53297428869e-14, 1.99991695567e-14, 2.62961954458e-14, 2.7174644845e-14, 3.00989159811e-14, 4.35697586679e-14, 7.3095290942e-14, 1.20976782736e-13],
        "var": [5.23228482052e-05, 0.000814232393168, 9.16985663935e-05, 8.32346850075e-05, 6.36239346932e-05, 7.62930585552e-06, 5.84363306189e-06, 3.47946843249e-06, 4.30079808211e-06, 5.40968767382e-06, 2.84636053038e-06, 3.51557076783e-07, 3.22149134035e-07, 1.99323054062e-07, 2.24084075739e-07, 2.47900032946e-07, 2.03753032224e-07, 7.19016242101e-08, 5.05377286686e-08, 2.62564672227e-08, 2.73816844754e-08, 3.2311803011e-08, 3.23548583481e-08, 1.30729119974e-07, 1.99943301027e-07, 5.52980559121e-08, 2.35712800389e-08]
    },
    "erbbands": {
        "dmean": [0.465522676706, 2.5684363842, 4.93435049057, 8.90909004211, 14.5451078415, 12.8115978241, 10.4019613266, 10.4401578903, 17.1624660492, 20.5714473724, 15.8009004593, 24.9004974365, 27.9799232483, 27.8190994263, 28.4306411743, 15.0395441055, 16.4869537354, 14.267203331, 13.6821174622, 13.0072164536, 12.5620212555, 9.9504032135, 7.25277423859, 6.17615270615, 3.88682746887, 3.47469329834, 3.08431053162, 2.82528185844, 2.79923439026, 3.38948297501, 2.64907670021, 3.64540529251, 2.62808299065, 2.72837972641, 1.43382406235, 0.519276857376, 0.225953564048, 0.0814549326897, 0.0122074717656, 0.000648344575893],
        "dmean2": [0.73187315464, 3.94506430626, 7.80488777161, 14.2106189728, 24.6268825531, 21.9105072021, 16.5740814209, 16.1941184998, 27.096578598, 34.0095787048, 25.1967372894, 40.9705886841, 46.1262359619, 46.6539077759, 47.6950874329, 25.4009609222, 28.4257850647, 24.6419277191, 23.2298774719, 21.9462127686, 20.2224655151, 15.8378734589, 11.6818256378, 9.81709003448, 6.19885206223, 5.11844015121, 4.62387132645, 4.27270936966, 4.26858186722, 5.38041973114, 4.18956661224, 5.96419095993, 4.12625312805, 4.49213981628, 2.32171297073, 0.811507642269, 0.354217767715, 0.131178468466, 0.0193568915129, 0.0010219537653],
        "dvar": [1.11211848259, 27.0923500061, 82.9980926514, 265.507904053, 866.572570801, 628.807495117, 274.376953125, 298.927001953, 840.770874023, 1051.43005371, 725.884887695, 1892.62475586, 2435.02099609, 2614.83129883, 3323.36499023, 506.434783936, 467.398956299, 375.915405273, 418.637908936, 371.46105957, 514.147888184, 509.123382568, 192.084793091, 140.546661377, 48.990146637, 26.2757949829, 32.2600822449, 30.6162452698, 27.6800327301, 48.2843437195, 29.0458698273, 68.603767395, 30.4427471161, 37.2004699707, 8.75304508209, 0.865919470787, 0.176787272096, 0.0306815207005, 0.000740611110814, 1.8629805254e-06],
        "dvar2": [2.46665239334, 64.9246292114, 199.657455444, 653.464538574, 2390.45581055, 1733.53088379, 661.176025391, 733.839660645, 2051.55957031, 2748.61157227, 1687.06726074, 4930.79296875, 6413.75537109, 6792.44970703, 8461.32128906, 1351.79418945, 1338.60449219, 1094.07824707, 1172.34265137, 938.19921875, 1163.47314453, 944.466247559, 392.693786621, 345.686431885, 101.316337585, 49.0970497131, 58.7440719604, 69.6062469482, 61.6156806946, 119.840545654, 67.7045135498, 172.472930908, 70.1461257935, 93.2301635742, 21.5184288025, 2.06071257591, 0.424569368362, 0.0746470913291, 0.00176723662298, 4.4335874918e-06],
        "max": [17.8901977539, 69.2612686157, 136.570419312, 316.577301025, 462.773742676, 505.896636963, 315.752197266, 377.455810547, 530.679382324, 634.750549316, 993.036132812, 818.960205078, 1212.41125488, 1001.02630615, 1272.92565918, 401.73260498, 286.353515625, 325.208129883, 386.475250244, 560.244262695, 220.090988159, 351.498077393, 219.595428467, 170.895202637, 73.3888626099, 68.8028564453, 55.0842590332, 55.6172370911, 41.8631591797, 48.8868789673, 37.5107460022, 55.457736969, 38.8559036255, 41.6973228455, 21.1019134521, 7.78863525391, 3.74742102623, 1.45959556103, 0.230454161763, 0.00966172479093],
        "mean": [0.606598615646, 3.48509263992, 7.805560112, 13.7016248703, 19.4671516418, 16.6861839294, 15.929854393, 17.0489597321, 23.7477207184, 30.3250274658, 25.3811187744, 38.6079368591, 44.0366783142, 41.7130622864, 44.9416046143, 25.6701126099, 27.8709335327, 25.7096385956, 23.4550971985, 22.7506141663, 20.9878559113, 17.9247512817, 13.9846820831, 10.1613969803, 6.80841684341, 5.79231357574, 4.8026227951, 4.03053331375, 3.61844706535, 3.66757941246, 2.95075178146, 3.46979284286, 2.86312198639, 2.71883559227, 1.62319552898, 0.723110377789, 0.297047734261, 0.0843793749809, 0.0112551730126, 0.000615522090811],
        "median": [0.192568391562, 1.55448329449, 3.95421862602, 5.89114284515, 7.79128408432, 7.77056407928, 8.09618473053, 8.55782699585, 11.6121578217, 16.4906768799, 14.2540140152, 18.1401157379, 24.2412261963, 22.7549438477, 23.9447803497, 17.3851490021, 20.1238975525, 18.7414245605, 16.356010437, 16.4563407898, 13.5260276794, 11.4652471542, 9.53930473328, 6.19593667984, 3.97739577293, 3.38383340836, 2.68333268166, 2.22195625305, 1.8679356575, 1.57776975632, 1.28147649765, 1.18697845936, 1.14872944355, 1.07488787174, 0.817427515984, 0.438812881708, 0.167434424162, 0.0334050878882, 0.00291231926531, 0.000168125669006],
        "min": [2.03172087444e-13, 7.0109564855e-13, 1.26010508451e-12, 1.26646599024e-12, 6.56135736021e-13, 2.46411029602e-12, 9.17203379219e-12, 1.54164840616e-11, 8.18509062611e-12, 6.06179620388e-11, 2.06983263862e-10, 2.10849657178e-10, 8.48771539164e-11, 1.20019910677e-10, 5.70904712394e-11, 1.52931195485e-10, 6.45117292919e-10, 2.11675177386e-10, 1.16385408255e-10, 7.94402821302e-10, 3.95735860748e-10, 6.53771481396e-10, 5.77607073282e-10, 6.20788698225e-10, 6.77648104297e-10, 9.11790198899e-10, 7.57451434907e-10, 8.5836465713e-10, 8.54020076879e-10, 7.62741703131e-10, 7.48461181921e-10, 6.31885765934e-10, 5.24170540306e-10, 4.25591339948e-10, 3.49436563019e-10, 2.32115895948e-10, 1.42967096495e-10, 6.27745008752e-11, 1.69406311895e-11, 1.87486853299e-12],
        "var": [1.3043602705, 31.2186222076, 113.690986633, 412.375488281, 1023.42333984, 679.885009766, 500.494354248, 579.669372559, 1171.56884766, 1752.06384277, 1248.59753418, 3359.91552734, 4160.92333984, 3848.39672852, 5514.90087891, 800.69909668, 716.407348633, 618.514160156, 634.526245117, 528.463500977, 666.497131348, 719.967773438, 289.74597168, 182.885864258, 83.1180877686, 53.1965141296, 51.9652252197, 37.9853286743, 33.0248069763, 45.1831436157, 28.8482303619, 57.3614006042, 29.9641532898, 31.1722183228, 7.99259233475, 0.990001142025, 0.191413059831, 0.0281639713794, 0.000674635637552, 1.70233909103e-06]
    },
    "gfcc": {
        "mean": [24.2839317322, 82.8811645508, -94.602432251, 5.12359952927, -42.4122047424, 16.14544487, -34.1209945679, 12.60151577, -22.7263908386, 2.57273960114, -19.1308631897, 2.24380230904, -11.920343399],
        "cov": [[17573.9453125, -1058.77148438, 1838.04614258, 2238.75585938, 926.494506836, 532.56427002, -476.762054443, 96.4980010986, -574.612670898, 73.5392303467, -367.541992188, 85.4437942505, -283.496124268], [-1058.77148438, 1912.51953125, -113.158859253, 306.870727539, 388.685821533, 89.4454421997, 167.071411133, -55.6162986755, 144.342529297, -114.646743774, 86.4399337769, -87.6425018311, 49.7207870483], [1838.04614258, -113.158859253, 971.343994141, 507.054992676, 305.616699219, 266.310546875, 88.0553970337, 85.2054519653, -11.832318306, 54.8522377014, -27.4160709381, 18.8229084015, -35.1530189514], [2238.75585938, 306.870727539, 507.054992676, 762.299316406, 377.898345947, 236.91104126, 85.2537841797, 70.3097000122, 10.2454624176, -10.9099054337, -12.4686546326, -17.6067676544, -25.8549537659], [926.494506836, 388.685821533, 305.616699219, 377.898345947, 340.342041016, 178.78956604, 109.583053589, 59.1389465332, 41.8465118408, -5.00504112244, 4.71530675888, -4.08843231201, -4.84394454956], [532.56427002, 89.4454421997, 266.310546875, 236.91104126, 178.78956604, 212.452774048, 116.481544495, 91.9467849731, 40.6507034302, 30.9754276276, 7.62347316742, 7.88634872437, -4.27560329437], [-476.762054443, 167.071411133, 88.0553970337, 85.2537841797, 109.583053589, 116.481544495, 163.790435791, 86.69506073, 82.5521469116, 22.6841030121, 32.0976104736, 0.0872535482049, 14.2253351212], [96.4980010986, -55.6162986755, 85.2054519653, 70.3097000122, 59.1389465332, 91.9467849731, 86.69506073, 115.86769104, 46.4661064148, 54.376209259, 7.1223783493, 21.1084423065, -3.30995178223], [-574.612670898, 144.342529297, -11.832318306, 10.2454624176, 41.8465118408, 40.6507034302, 82.5521469116, 46.4661064148, 119.285041809, 22.1815853119, 51.4141769409, -5.95893478394, 25.1623210907], [73.5392303467, -114.646743774, 54.8522377014, -10.9099054337, -5.00504112244, 30.9754276276, 22.6841030121, 54.376209259, 22.1815853119, 92.3146438599, 21.8567390442, 35.7824554443, -4.75038719177], [-367.541992188, 86.4399337769, -27.4160709381, -12.4686546326, 4.71530675888, 7.62347316742, 32.0976104736, 7.1223783493, 51.4141769409, 21.8567390442, 64.6582717896, 18.8887672424, 24.8299026489], [85.4437942505, -87.6425018311, 18.8229084015, -17.6067676544, -4.08843231201, 7.88634872437, 0.0872535482049, 21.1084423065, -5.95893478394, 35.7824554443, 18.8887672424, 56.3012619019, 19.0895347595], [-283.496124268, 49.7207870483, -35.1530189514, -25.8549537659, -4.84394454956, -4.27560329437, 14.2253351212, -3.30995178223, 25.1623210907, -4.75038719177, 24.8299026489, 19.0895347595, 49.5204696655]],
        "icov": [[0.00020326943195, 0.000126189217553, 3.44974250766e-05, -0.000497636327054, -0.000414851878304, -0.000198138106498, 0.00106535793748, -0.000297374266665, 0.000375337083824, -0.000216639775317, 0.000216733649722, -0.000115296403237, 0.000142328019137], [0.000126189217553, 0.00126796937548, 0.000550486147404, -0.000317355559673, -0.00218902318738, 0.00021354315686, -0.000149388390128, 0.00107659923378, 0.000229274184676, -0.000114279850095, -0.0010904839728, 0.00157036806922, -0.000592463300563], [3.44974250766e-05, 0.000550486147404, 0.0023260503076, -0.000880392093677, -0.00122482469305, -0.00172902760096, -0.000240302397287, 0.00189953821246, 9.78194802883e-05, -0.00152967334725, 0.000902928528376, -0.000190967970411, 0.000187651268789], [-0.000497636327054, -0.000317355559673, -0.000880392093677, 0.00506074400619, -0.00235068565235, -0.000731020350941, -0.000290982483421, -0.00143494189251, 0.000420877564466, 0.0016055572778, -0.0026946363505, 0.00273336516693, -0.000580743537284], [-0.000414851878304, -0.00218902318738, -0.00122482469305, -0.00235068565235, 0.0133280754089, -0.00300412159413, -0.00429784599692, 0.00178287306335, -0.00369158387184, 0.00248164124787, 0.00384357455187, -0.00660257926211, 0.00285610393621], [-0.000198138106498, 0.00021354315686, -0.00172902760096, -0.000731020350941, -0.00300412159413, 0.0162480790168, -0.00688513182104, -0.0051223449409, 0.00207318761386, -0.000465312507004, -0.00155978032853, 0.00188374053687, -0.00125544017646], [0.00106535793748, -0.000149388390128, -0.000240302397287, -0.000290982483421, -0.00429784599692, -0.00688513182104, 0.02596206218, -0.013373484835, -0.00159901112784, 0.00230038748123, -0.00418330030516, 0.00419099302962, -0.00192506203894], [-0.000297374266665, 0.00107659923378, 0.00189953821246, -0.00143494189251, 0.00178287306335, -0.0051223449409, -0.013373484835, 0.0321590229869, -0.0105689307675, -0.0094381859526, 0.0138624487445, -0.0118187712505, 0.00560935446993], [0.000375337083824, 0.000229274184676, 9.78194802883e-05, 0.000420877564466, -0.00369158387184, 0.00207318761386, -0.00159901112784, -0.0105689307675, 0.0273244976997, -0.00450337119401, -0.0175155587494, 0.018631702289, -0.0109374569729], [-0.000216639775317, -0.000114279850095, -0.00152967334725, 0.0016055572778, 0.00248164124787, -0.000465312507004, 0.00230038748123, -0.0094381859526, -0.00450337119401, 0.0256766658276, -0.00709053361788, -0.0131756467745, 0.0109234796837], [0.000216733649722, -0.0010904839728, 0.000902928528376, -0.0026946363505, 0.00384357455187, -0.00155978032853, -0.00418330030516, 0.0138624487445, -0.0175155587494, -0.00709053361788, 0.0406078398228, -0.0184682849795, -0.00108263664879], [-0.000115296403237, 0.00157036806922, -0.000190967970411, 0.00273336516693, -0.00660257926211, 0.00188374053687, 0.00419099302962, -0.0118187712505, 0.018631702289, -0.0131756467745, -0.0184682849795, 0.0496745854616, -0.0240421723574], [0.000142328019137, -0.000592463300563, 0.000187651268789, -0.000580743537284, 0.00285610393621, -0.00125544017646, -0.00192506203894, 0.00560935446993, -0.0109374569729, 0.0109234796837, -0.00108263664879, -0.0240421723574, 0.0389484427869]]
    },
    "melbands": {
        "dmean": [0.00371039193124, 0.00280344556086, 0.00169155967887, 0.000984568148851, 0.000395818322431, 0.000235864252318, 0.000262764253421, 0.000217571883695, 0.0001294263202, 0.000153251254233, 0.000140460164403, 0.000120528253319, 9.54818897299e-05, 4.98804402014e-05, 3.39170328516e-05, 3.29678696289e-05, 2.91626893159e-05, 2.18904278881e-05, 1.55943489517e-05, 1.9741617507e-05, 1.52756074385e-05, 1.03192114693e-05, 1.09093298306e-05, 5.06929336552e-06, 5.43196256331e-06, 3.44422915077e-06, 2.60670822172e-06, 2.27249188356e-06, 1.91520575754e-06, 2.05874039239e-06, 1.55417831138e-06, 1.60565184615e-06, 1.79722349003e-06, 1.79389894583e-06, 1.44287105286e-06, 1.87734644896e-06, 2.34006120081e-06, 1.64073912856e-06, 2.11041719922e-06, 2.37438848671e-06],
        "dmean2": [0.00560985971242, 0.00428670365363, 0.00269307219423, 0.00168914417736, 0.000639053701889, 0.000363453553291, 0.000415414309828, 0.000358989142114, 0.000207283956115, 0.000252480618656, 0.000231466648984, 0.000202515220735, 0.000161051517352, 8.36834515212e-05, 5.7857389038e-05, 5.68395007576e-05, 5.06379547005e-05, 3.73371949536e-05, 2.62551620835e-05, 3.33844363922e-05, 2.45584615186e-05, 1.63405347848e-05, 1.78529735422e-05, 8.35158243717e-06, 8.70710664458e-06, 5.67497363591e-06, 3.98658357881e-06, 3.39654411619e-06, 2.8831882446e-06, 3.30615944222e-06, 2.31460307987e-06, 2.46340232479e-06, 2.90293905891e-06, 2.82180076283e-06, 2.2943465865e-06, 3.04731838696e-06, 3.81912104785e-06, 2.55992222264e-06, 3.36245966537e-06, 3.93886875827e-06],
        "dvar": [6.06281791988e-05, 2.68403655355e-05, 8.71049996931e-06, 4.04575393986e-06, 3.67903425058e-07, 1.39868404858e-07, 1.9374634519e-07, 1.18026065365e-07, 4.48184742652e-08, 7.03651465983e-08, 6.00647283022e-08, 5.21512006912e-08, 3.51318902858e-08, 5.79126036016e-09, 1.67624147895e-09, 2.00960514896e-09, 1.77517089917e-09, 1.04375519339e-09, 4.65790850335e-10, 9.96040916412e-10, 8.26828217004e-10, 4.22618329221e-10, 6.35085484202e-10, 5.77686579128e-11, 1.12001047325e-10, 4.61890282966e-11, 1.97003455216e-11, 1.07110795927e-11, 1.37102629597e-11, 1.57861310829e-11, 8.58321486802e-12, 9.1780454764e-12, 1.33453283147e-11, 1.28484462653e-11, 8.31910235144e-12, 1.6253994678e-11, 2.86783201353e-11, 1.12636922359e-11, 2.00127848321e-11, 2.85775621917e-11],
        "dvar2": [0.000127467414131, 6.12550211372e-05, 2.13737457671e-05, 1.13117594083e-05, 9.25199572066e-07, 3.40391522968e-07, 4.74040916743e-07, 3.07149747414e-07, 1.05586522636e-07, 1.83296577916e-07, 1.5772421591e-07, 1.35235367793e-07, 9.20221765455e-08, 1.48302472525e-08, 4.58058169173e-09, 5.97242078015e-09, 5.20965715012e-09, 2.94439850279e-09, 1.21979204515e-09, 2.54447996006e-09, 1.88069670948e-09, 7.8662448777e-10, 1.26108135046e-09, 1.43304201838e-10, 2.75451189635e-10, 1.15152748448e-10, 3.46152759234e-11, 2.17452132689e-11, 2.26346181381e-11, 3.85816482928e-11, 1.87607741842e-11, 1.98465254647e-11, 3.41509980017e-11, 3.10046363583e-11, 1.90555540097e-11, 3.99855183686e-11, 7.20691353817e-11, 2.54014066725e-11, 4.66372253316e-11, 7.26431692577e-11],
        "max": [0.121755838394, 0.0700862854719, 0.0494485609233, 0.0286741461605, 0.00887761171907, 0.00839659478515, 0.00821818038821, 0.00689994683489, 0.00721500767395, 0.00475834030658, 0.00603194069117, 0.00445259222761, 0.00454420223832, 0.00140839989763, 0.000530374178197, 0.000802960305009, 0.000729417079128, 0.00063089793548, 0.000571667740587, 0.000584401190281, 0.000308345770463, 0.000297761900583, 0.00043784090667, 9.51248730416e-05, 0.000156390378834, 7.6693824667e-05, 4.61453964817e-05, 4.82282011944e-05, 3.87828986277e-05, 3.93640111724e-05, 3.17088706652e-05, 2.59202679445e-05, 3.0452179999e-05, 2.41629077209e-05, 2.24498598982e-05, 2.75127913483e-05, 3.75032286684e-05, 2.67414179689e-05, 3.07505324599e-05, 3.71196765627e-05],
        "mean": [0.00519295362756, 0.00438340660185, 0.00266033108346, 0.00129933783319, 0.000599750259425, 0.000386208004784, 0.000363675324479, 0.000323030981235, 0.000202282622922, 0.000235975443502, 0.000216164189624, 0.000169188046129, 0.000143816316267, 8.16045576357e-05, 5.73736651859e-05, 5.50266049686e-05, 4.74334156024e-05, 3.60484555131e-05, 2.70332639047e-05, 3.25692963088e-05, 2.33184000535e-05, 1.78103055077e-05, 1.81967716344e-05, 9.43161558098e-06, 8.15934163256e-06, 5.31758087163e-06, 4.19777506977e-06, 3.66487165593e-06, 3.04066315948e-06, 2.65807238975e-06, 2.27166219702e-06, 2.06940330827e-06, 2.00511499315e-06, 1.93877417587e-06, 1.6355330672e-06, 1.87074431324e-06, 2.19605158236e-06, 1.84529426406e-06, 2.21080176743e-06, 2.32033994507e-06],
        "median": [0.00198635202833, 0.00223580980673, 0.00121656910051, 0.000602333166171, 0.000324594817357, 0.000197682689759, 0.000181612951565, 0.00017819183995, 0.000111098685011, 0.000109660482849, 0.000115405709948, 8.36870895e-05, 7.32681874069e-05, 5.1286577218e-05, 4.27163176937e-05, 3.96322902816e-05, 3.18904712913e-05, 2.50257635344e-05, 1.99545393116e-05, 2.16299595195e-05, 1.42474518725e-05, 1.11136905616e-05, 1.11905183076e-05, 6.45720911052e-06, 4.56939324067e-06, 2.98573672808e-06, 2.25076382776e-06, 2.11882843359e-06, 1.59257501764e-06, 1.42127021263e-06, 1.19749972782e-06, 1.04164064396e-06, 9.23377342588e-07, 8.16171109363e-07, 7.23466257568e-07, 7.05603781626e-07, 7.11713539658e-07, 7.64455819535e-07, 8.45593092436e-07, 9.06306183879e-07],
        "min": [1.75166667602e-15, 7.60023287693e-16, 2.00693260135e-16, 8.7131288199e-17, 2.867069413e-16, 3.39462800233e-16, 1.25219858443e-16, 8.61655859358e-16, 1.82789477083e-15, 1.19181389679e-15, 3.98501155475e-16, 5.16391518711e-16, 1.47053429677e-16, 3.32392219175e-16, 7.77914370544e-16, 1.42242825168e-15, 2.61448074705e-16, 1.26135726052e-16, 5.8827973434e-16, 1.21590584315e-15, 3.19341109054e-16, 5.51519722039e-16, 8.72871316733e-16, 2.91220144601e-16, 5.20956126324e-16, 6.80584090976e-16, 3.14445523317e-16, 6.94460502355e-16, 3.28653124579e-16, 6.01612668205e-16, 5.10204790064e-16, 5.2817464698e-16, 4.73624825204e-16, 4.16713131465e-16, 4.40037877733e-16, 4.1209465785e-16, 3.80737868719e-16, 3.59566280203e-16, 3.70468997132e-16, 3.49527775108e-16],
        "var": [8.00865745987e-05, 3.72466092813e-05, 1.3762771232e-05, 4.18339459429e-06, 6.15121621195e-07, 2.79184632745e-07, 2.68240881951e-07, 1.99144650992e-07, 7.68204060364e-08, 1.28634340513e-07, 1.03255764827e-07, 7.47128581224e-08, 5.70727003435e-08, 1.00256389857e-08, 2.67920863273e-09, 3.08993741704e-09, 2.73261879791e-09, 1.54200885394e-09, 6.69756194949e-10, 1.42981093632e-09, 1.01058228452e-09, 6.34620300755e-10, 8.39223246452e-10, 9.80084069457e-11, 1.3991026393e-10, 5.83298478962e-11, 3.6845807655e-11, 2.07966716764e-11, 2.39178555433e-11, 1.69739361455e-11, 1.18328203139e-11, 1.11858872859e-11, 1.23125468154e-11, 1.25346590746e-11, 8.47577390217e-12, 1.44112751246e-11, 2.39815372421e-11, 1.16108294854e-11, 1.90206461692e-11, 2.33219450696e-11]
    },
    "mfcc": {
        "mean": [-626.909729004, 130.941574097, 3.84953737259, 6.28589105606, 11.6396627426, 3.94460916519, 3.16006660461, 5.93912792206, 5.00463008881, -0.194506332278, 0.585145235062, -0.186502352357, -1.39427804947],
        "cov": [[8290.44824219, 114.861694336, 726.866271973, 465.740570068, 561.723754883, 226.572235107, 266.73928833, 26.1198768616, 73.8833618164, -44.4535865784, -33.2594070435, -5.56560707092, 62.6512832642], [114.861694336, 1386.03955078, -35.5774383545, 296.146209717, 222.729293823, 226.402816772, 105.148033142, 148.074188232, 56.1559028625, 47.7729187012, 48.2216377258, 32.3959350586, 1.13399624825], [726.866271973, -35.5774383545, 566.444091797, 222.23324585, 241.24206543, 167.978652954, 143.949584961, 69.1532440186, 67.1422119141, 48.5935821533, 32.4305534363, 16.4190502167, 22.6592903137], [465.740570068, 296.146209717, 222.23324585, 344.645019531, 235.167114258, 176.264511108, 123.839202881, 101.319297791, 66.7611312866, 46.9619026184, 30.1597309113, 28.3724842072, 24.2929286957], [561.723754883, 222.729293823, 241.24206543, 235.167114258, 260.640350342, 177.723617554, 126.942977905, 101.001213074, 73.5443267822, 43.5883026123, 33.345916748, 30.5245609283, 20.8626232147], [226.572235107, 226.402816772, 167.978652954, 176.264511108, 177.723617554, 177.626083374, 121.310028076, 97.8707046509, 68.243057251, 48.8691177368, 35.4170379639, 30.395242691, 24.7949333191], [266.73928833, 105.148033142, 143.949584961, 123.839202881, 126.942977905, 121.310028076, 137.744125366, 92.2921600342, 68.7084503174, 44.6765899658, 34.0533676147, 26.9489059448, 20.7583408356], [26.1198768616, 148.074188232, 69.1532440186, 101.319297791, 101.001213074, 97.8707046509, 92.2921600342, 116.759880066, 77.6107406616, 49.703289032, 35.1042442322, 29.0570087433, 17.6348762512], [73.8833618164, 56.1559028625, 67.1422119141, 66.7611312866, 73.5443267822, 68.243057251, 68.7084503174, 77.6107406616, 89.1637954712, 58.6569404602, 35.2598228455, 26.6540775299, 16.8179359436], [-44.4535865784, 47.7729187012, 48.5935821533, 46.9619026184, 43.5883026123, 48.8691177368, 44.6765899658, 49.703289032, 58.6569404602, 73.9668655396, 48.1061477661, 26.1096229553, 16.5911846161], [-33.2594070435, 48.2216377258, 32.4305534363, 30.1597309113, 33.345916748, 35.4170379639, 34.0533676147, 35.1042442322, 35.2598228455, 48.1061477661, 60.8057403564, 38.9557266235, 18.5394229889], [-5.56560707092, 32.3959350586, 16.4190502167, 28.3724842072, 30.5245609283, 30.395242691, 26.9489059448, 29.0570087433, 26.6540775299, 26.1096229553, 38.9557266235, 57.2396469116, 34.3402252197], [62.6512832642, 1.13399624825, 22.6592903137, 24.2929286957, 20.8626232147, 24.7949333191, 20.7583408356, 17.6348762512, 16.8179359436, 16.5911846161, 18.5394229889, 34.3402252197, 56.5619354248]],
