{
"lowlevel": {
    "average_loudness": 0.9511500597,
    "barkbands_crest": {
        "dmean": 3.19828295708,
        "dmean2": 5.03957033157,
        "dvar": 12.8518505096,
        "dvar2": 26.0201702118,
        "max": 26.8675518036,
        "mean": 16.0657157898,
        "median": 15.6012248993,
        "min": 1.71994495392,
        "var": 44.0412445068
    },
    "barkbands_flatness_db": {
        "dmean": 0.0403242856264,
        "dmean2": 0.0574325621128,
        "dvar": 0.00290508428589,
        "dvar2": 0.00542164267972,
        "max": 0.691060721874,
        "mean": 0.165026798844,
        "median": 0.126818403602,
        "min": 0.0140598919243,
        "var": 0.0121087078005
    },
    "barkbands_kurtosis": {
        "dmean": 51.0741844177,
        "dmean2": 83.1205444336,
        "dvar": 42547.0898438,
        "dvar2": 98075.8671875,
        "max": 4309.72998047,
        "mean": 66.5401229858,
        "median": 7.24850749969,
        "min": -1.97256410122,
        "var": 62174.0234375
    },
    "barkbands_skewness": {
        "dmean": 1.81893825531,
        "dmean2": 2.81487202644,
        "dvar": 12.6979122162,
        "dvar2": 26.2054462433,
        "max": 52.5538291931,
        "mean": 4.29780721664,
        "median": 2.64866757393,
        "min": -27.8432712555,
        "var": 31.51420784
    },
    "barkbands_spread": {
        "dmean": 9.69187736511,
        "dmean2": 15.3140640259,
        "dvar": 181.859573364,
        "dvar2": 398.828887939,
        "max": 134.262313843,
        "mean": 23.4897670746,
        "median": 19.6410522461,
        "min": 0.06934569031,
        "var": 404.773834229
    },
    "dissonance": {
        "dmean": 0.0143443578854,
        "dmean2": 0.0236985310912,
        "dvar": 0.000331873568939,
        "dvar2": 0.000815018778667,
        "max": 0.500000059605,
        "mean": 0.474211156368,
        "median": 0.482436835766,
        "min": 0.131239295006,
        "var": 0.000901415012777
    },
    "dynamic_complexity": 3.95440816879,
    "erbbands_crest": {
        "dmean": 2.2264509201,
        "dmean2": 3.60654759407,
        "dvar": 7.50391149521,
        "dvar2": 16.8655529022,
        "max": 29.3315792084,
        "mean": 7.07101726532,
        "median": 5.53720331192,
        "min": 2.03884863853,
        "var": 20.4511566162
    },
    "erbbands_flatness_db": {
        "dmean": 0.0160246156156,
        "dmean2": 0.0229549854994,
        "dvar": 0.000509389850777,
        "dvar2": 0.000933458970394,
        "max": 0.468412399292,
        "mean": 0.098919659853,
        "median": 0.0861853808165,
        "min": 0.0275505129248,
        "var": 0.0023890840821
    },
    "erbbands_kurtosis": {
        "dmean": 1.84996020794,
        "dmean2": 2.74214673042,
        "dvar": 48.8810882568,
        "dvar2": 93.3604431152,
        "max": 246.357223511,
        "mean": 1.34995234013,
        "median": -0.560187578201,
        "min": -1.83378946781,
        "var": 92.334777832
    },
    "erbbands_skewness": {
        "dmean": 0.465741276741,
        "dmean2": 0.698670744896,
        "dvar": 0.539079487324,
        "dvar2": 1.10460805893,
        "max": 13.0815248489,
        "mean": 0.287191838026,
        "median": 0.00833479780704,
        "min": -3.98923397064,
        "var": 1.51991558075
    },
    "erbbands_spread": {
        "dmean": 14.3327169418,
        "dmean2": 20.4037456512,
        "dvar": 303.733093262,
        "dvar2": 649.251647949,
        "max": 218.845169067,
        "mean": 60.661026001,
        "median": 56.9414978027,
        "min": 1.43965160847,
        "var": 799.184448242
    },
    "hfc": {
        "dmean": 11.6445169449,
        "dmean2": 18.4981422424,
        "dvar": 419.336547852,
        "dvar2": 1015.60620117,
        "max": 242.467468262,
        "mean": 22.791601181,
        "median": 14.3832426071,
        "min": 1.12197957724e-16,
        "var": 693.155761719
    },
    "melbands_crest": {
        "dmean": 4.12244987488,
        "dmean2": 6.24903440475,
        "dvar": 17.362443924,
        "dvar2": 36.5707206726,
        "max": 38.9249763489,
        "mean": 20.70520401,
        "median": 20.5661563873,
        "min": 1.83614909649,
        "var": 55.7601928711
    },
    "melbands_flatness_db": {
        "dmean": 0.0494146943092,
        "dmean2": 0.0703689530492,
        "dvar": 0.00422053271905,
        "dvar2": 0.00789321027696,
        "max": 0.88918197155,
        "mean": 0.257040530443,
        "median": 0.221289172769,
        "min": 0.00493902666494,
        "var": 0.0174407903105
    },
    "melbands_kurtosis": {
        "dmean": 57.225025177,
        "dmean2": 89.7485809326,
        "dvar": 15215.7431641,
        "dvar2": 35735.953125,
        "max": 1832.25610352,
        "mean": 96.3021774292,
        "median": 30.1432113647,
        "min": -1.76718318462,
        "var": 26316.7324219
    },
    "melbands_skewness": {
        "dmean": 2.03313350677,
        "dmean2": 3.06539130211,
        "dvar": 8.65266609192,
        "dvar2": 18.8050746918,
        "max": 37.416217804,
        "mean": 6.3301897049,
        "median": 4.7128071785,
        "min": -1.42849981785,
        "var": 22.323797226
    },
    "melbands_spread": {
        "dmean": 8.65585422516,
        "dmean2": 14.1246490479,
        "dvar": 255.591644287,
        "dvar2": 595.367858887,
        "max": 251.933609009,
        "mean": 16.8410415649,
        "median": 10.8554162979,
        "min": 0.160239607096,
        "var": 453.623291016
    },
    "pitch_salience": {
        "dmean": 0.0934169739485,
        "dmean2": 0.138124972582,
        "dvar": 0.0126571310684,
        "dvar2": 0.0228647720069,
        "max": 0.893072783947,
        "mean": 0.392098635435,
        "median": 0.4197678864,
        "min": 0.0170464105904,
        "var": 0.0468025505543
    },
    "silence_rate_20dB": {
        "dmean": 0,
        "dmean2": 0,
        "dvar": 0,
        "dvar2": 0,
        "max": 1,
        "mean": 1,
        "median": 1,
        "min": 1,
        "var": 0
    },
    "silence_rate_30dB": {
        "dmean": 0.0579083822668,
        "dmean2": 0.115826778114,
        "dvar": 0.0545579083264,
        "dvar2": 0.140623569489,
        "max": 1,
        "mean": 0.944084346294,
        "median": 1,
        "min": 0,
        "var": 0.0527828969061
    },
    "silence_rate_60dB": {
        "dmean": 0.0267934314907,
        "dmean2": 0.0535050556064,
        "dvar": 0.0260788239539,
        "dvar2": 0.0542781054974,
        "max": 1,
        "mean": 0.0859044194221,
        "median": 0,
        "min": 0,
        "var": 0.0785292759538
    },
    "spectral_centroid": {
        "dmean": 369.528381348,
        "dmean2": 578.540039062,
        "dvar": 242914.328125,
        "dvar2": 500456.09375,
        "max": 11064.4863281,
        "mean": 1399.62219238,
        "median": 1395.9329834,
        "min": 72.8191375732,
        "var": 626799.3125
    },
    "spectral_complexity": {
        "dmean": 5.30164194107,
        "dmean2": 8.03863811493,
        "dvar": 48.8144721985,
        "dvar2": 97.232208252,
        "max": 65,
        "mean": 17.3911495209,
        "median": 17,
        "min": 0,
        "var": 168.891448975
    },
    "spectral_decrease": {
        "dmean": 3.32390781566e-09,
        "dmean2": 5.07220887513e-09,
        "dvar": 1.7777234675e-17,
        "dvar2": 3.59222570115e-17,
        "max": 1.09804883183e-15,
        "mean": -1.1732666394e-08,
        "median": -9.10706798862e-09,
        "min": -4.38277645287e-08,
        "var": 8.39363460964e-17
    },
    "spectral_energy": {
        "dmean": 0.0127246128395,
        "dmean2": 0.0193817596883,
        "dvar": 0.00024857284734,
        "dvar2": 0.000504171941429,
        "max": 0.167175382376,
        "mean": 0.0463491976261,
        "median": 0.0375691913068,
        "min": 1.04451642161e-20,
        "var": 0.00122851016931
    },
    "spectral_energyband_high": {
        "dmean": 0.000921528262552,
        "dmean2": 0.00148572318722,
        "dvar": 3.15435181619e-06,
        "dvar2": 7.64509513829e-06,
        "max": 0.0250508841127,
        "mean": 0.00150237279013,
        "median": 0.000695635797456,
        "min": 7.44655129284e-21,
        "var": 5.24496954313e-06
    },
    "spectral_energyband_low": {
        "dmean": 0.0118370046839,
        "dmean2": 0.0177945159376,
        "dvar": 0.000287185655907,
        "dvar2": 0.000557924970053,
        "max": 0.164175599813,
        "mean": 0.0358123704791,
        "median": 0.0218514595181,
        "min": 6.75195073347e-23,
        "var": 0.0011965171434
    },
    "spectral_energyband_middle_high": {
        "dmean": 0.00204876321368,
        "dmean2": 0.00343364430591,
        "dvar": 1.88073918252e-05,
        "dvar2": 4.83489275211e-05,
        "max": 0.0350699163973,
        "mean": 0.00307327508926,
        "median": 0.001846008352,
        "min": 1.49926314369e-21,
        "var": 2.06195581995e-05
    },
    "spectral_energyband_middle_low": {
        "dmean": 0.00600210484117,
        "dmean2": 0.00932176131755,
        "dvar": 0.000180188188097,
        "dvar2": 0.000405204336857,
        "max": 0.118691086769,
        "mean": 0.00779470801353,
        "median": 0.00361476955004,
        "min": 2.33316480067e-22,
        "var": 0.000185387500096
    },
    "spectral_entropy": {
        "dmean": 0.239705964923,
        "dmean2": 0.337659239769,
        "dvar": 0.127733826637,
        "dvar2": 0.245115607977,
        "max": 9.81070041656,
        "mean": 7.87149524689,
        "median": 8.0428647995,
        "min": 4.10622119904,
        "var": 0.483604043722
    },
    "spectral_flux": {
        "dmean": 0.0367083847523,
        "dmean2": 0.0519275441766,
        "dvar": 0.0016340300208,
        "dvar2": 0.00291528576054,
        "max": 0.370285242796,
        "mean": 0.0967968925834,
        "median": 0.072379656136,
        "min": 1.02548795844e-10,
        "var": 0.00539117492735
    },
    "spectral_kurtosis": {
        "dmean": 1.91405522823,
        "dmean2": 2.80835175514,
        "dvar": 123.83921814,
        "dvar2": 273.651306152,
        "max": 572.91784668,
        "mean": 4.75491380692,
        "median": 3.05459785461,
        "min": -1.17715239525,
        "var": 247.406799316
    },
    "spectral_rms": {
        "dmean": 0.000899733684491,
        "dmean2": 0.00131578010041,
        "dvar": 1.03959507669e-06,
        "dvar2": 1.78396464889e-06,
        "max": 0.0127709805965,
        "mean": 0.00608719605953,
        "median": 0.00605416111648,
        "min": 3.19224117626e-12,
        "var": 8.16458032205e-06
    },
    "spectral_rolloff": {
        "dmean": 767.333190918,
        "dmean2": 1289.1159668,
        "dvar": 2415643,
        "dvar2": 5546556.5,
        "max": 19832.0800781,
        "mean": 1349.11108398,
        "median": 387.59765625,
        "min": 43.06640625,
        "var": 7081555.5
    },
    "spectral_skewness": {
        "dmean": 0.243787392974,
        "dmean2": 0.346629679203,
        "dvar": 0.265464961529,
        "dvar2": 0.493787288666,
        "max": 18.3802223206,
        "mean": 1.57248520851,
        "median": 1.42689263821,
        "min": -0.00396966701373,
        "var": 0.872940540314
    },
    "spectral_spread": {
        "dmean": 931001.5,
        "dmean2": 1291203,
        "dvar": 1.47980864717e+12,
        "dvar2": 2.86143728845e+12,
        "max": 40206008,
        "mean": 6715985,
        "median": 6324958,
        "min": 229290.578125,
        "var": 5.1318268887e+12
    },
    "spectral_strongpeak": {
        "dmean": 0.167204871774,
        "dmean2": 0.266304850578,
        "dvar": 0.0552879013121,
        "dvar2": 0.134634882212,
        "max": 3.59167146683,
        "mean": 0.495120346546,
        "median": 0.415936559439,
        "min": 1.19417142841e-09,
        "var": 0.118896886706
    },
    "zerocrossingrate": {
        "dmean": 0.0175145678222,
        "dmean2": 0.0210318844765,
        "dvar": 0.000475783046568,
        "dvar2": 0.000575536862016,
        "max": 0.845703125,
        "mean": 0.0644950270653,
        "median": 0.048828125,
        "min": 0.001953125,
        "var": 0.00659581739455
    },
    "barkbands": {
        "dmean": [0.000319767888868, 0.0114594129845, 0.00455438531935, 0.0029758317396, 0.00291488668881, 0.000650265661534, 0.000688766362146, 0.000259902677499, 0.000207255914574, 0.000236542735365, 0.000343271211023, 0.000250417419011, 0.000194399399334, 0.000169842853211, 0.000315248296829, 0.000213177554542, 0.000312518939609, 0.000274372432614, 0.000163118325872, 0.000142054719618, 0.000157518297783, 0.000160990384757, 0.000146081729326, 0.000138882300234, 0.000156461421284, 0.000112310306577, 6.59193246975e-05],
        "dmean2": [0.000397052121116, 0.016339212656, 0.00664904527366, 0.00505607714877, 0.00533976359293, 0.00111487635877, 0.00111125886906, 0.000425532838563, 0.000359257508535, 0.000390763656469, 0.000600715633482, 0.000441277748905, 0.000321913743392, 0.000287416361971, 0.000545233371668, 0.00036782870302, 0.000552020967007, 0.000482962292153, 0.000280675536487, 0.000239199202042, 0.000268945092103, 0.000263702444499, 0.000244137219852, 0.000220945046749, 0.00025518934126, 0.000178439528099, 0.000106355902972],
        "dvar": [2.75953084383e-07, 0.000293241144391, 0.000110780922114, 7.35987050575e-05, 7.46772857383e-05, 2.30346358876e-06, 2.22100084102e-06, 2.50237548016e-07, 1.82249749514e-07, 3.75821429088e-07, 5.4982194797e-07, 3.6241374346e-07, 1.24669767843e-07, 1.20671273862e-07, 3.91040259728e-07, 2.02216156708e-07, 5.19397360677e-07, 4.43658422e-07, 1.57507287213e-07, 9.82681385153e-08, 1.14537883178e-07, 1.05276640738e-07, 1.48235429265e-07, 6.5943360994e-08, 9.29884720335e-08, 5.13759985665e-08, 1.99229788223e-08],
        "dvar2": [3.81780097314e-07, 0.000539239495993, 0.00020023091929, 0.00018535007257, 0.000213451785385, 6.24131371296e-06, 5.27394877281e-06, 6.39625795884e-07, 4.93474772156e-07, 9.48794706801e-07, 1.44615296449e-06, 9.86835516414e-07, 3.01531315472e-07, 3.17060340649e-07, 1.00723195828e-06, 5.44686145076e-07, 1.42477426834e-06, 1.2158888012e-06, 4.20493080355e-07, 2.45122720344e-07, 2.91713860179e-07, 2.61619845787e-07, 3.89230194742e-07, 1.57016273761e-07, 2.36185570657e-07, 1.2734459176e-07, 5.04923676203e-08],
        "max": [0.0055742636323, 0.160101741552, 0.0774582624435, 0.0714772418141, 0.0704706832767, 0.0221455898136, 0.0399753935635, 0.0101336445659, 0.0059562548995, 0.0166030488908, 0.00865459628403, 0.00626161135733, 0.00525172613561, 0.00652623223141, 0.00781054142863, 0.00399390654638, 0.00596555322409, 0.00592356082052, 0.00372679322027, 0.00482909195125, 0.00512108206749, 0.00536658894271, 0.00765922851861, 0.00358302867971, 0.00482037430629, 0.00301549746655, 0.00225778855383],
        "mean": [0.000509085133672, 0.0280926302075, 0.00543788634241, 0.00280581275001, 0.0026029762812, 0.000688612228259, 0.000948069384322, 0.000355366937583, 0.000272716308245, 0.000318494596286, 0.000348748202669, 0.000278729596175, 0.000286006688839, 0.000244357564952, 0.00040336031816, 0.000291115400614, 0.000349730020389, 0.000304981775116, 0.000202284252737, 0.000218114408199, 0.000235906452872, 0.00025203981204, 0.000227192547754, 0.000225821189815, 0.000219290537643, 0.000147639191709, 8.23482041596e-05],
        "median": [0.000117350849905, 0.0145855648443, 0.00127329060342, 0.000461399031337, 0.000869878334925, 0.000244842492975, 0.000376479292754, 0.000127453720779, 9.56908188527e-05, 0.00010114905308, 9.31582835619e-05, 0.000117036062875, 0.000178550413693, 0.00014790520072, 0.000212849030504, 0.000164310520631, 0.000160410258104, 0.000146686885273, 8.52055236464e-05, 0.000107966297946, 0.000109389897261, 0.000102132966276, 8.5957806732e-05, 8.92529133125e-05, 8.16146712168e-05, 5.39866414329e-05, 3.14238095598e-05],
        "min": [1.25888490071e-23, 1.49002177703e-23, 2.92315626982e-23, 1.4502773869e-23, 1.96098656803e-23, 1.99422459118e-23, 2.00571861011e-23, 2.46243515322e-23, 4.94146604662e-23, 7.89383446685e-23, 4.47564873079e-23, 5.02033856873e-23, 3.67793901503e-23, 8.80362396231e-23, 1.33837989719e-22, 8.95277547138e-23, 1.84945990605e-22, 2.18758222455e-22, 1.38885008194e-22, 3.27829337142e-22, 3.14928570955e-22, 5.17582873295e-22, 7.52147949781e-22, 7.3294503062e-22, 1.1160052839e-21, 1.49283654002e-21, 2.20309438539e-21],
        "var": [7.48150000618e-07, 0.00105094816536, 0.000149736661115, 5.87954782532e-05, 4.43635981355e-05, 1.94706331058e-06, 2.96566690849e-06, 3.77695016596e-07, 2.3426062512e-07, 5.02986893025e-07, 5.13098598276e-07, 3.16009135304e-07, 1.65421809584e-07, 1.47699225295e-07, 4.22044507786e-07, 2.05062931968e-07, 4.14756470946e-07, 3.43867498032e-07, 1.52889015226e-07, 1.52740994963e-07, 1.77683844527e-07, 1.66244007005e-07, 1.86852517459e-07, 1.18412167183e-07, 1.24967513671e-07, 6.14887412098e-08, 2.23816787326e-08]
    },
    "erbbands": {
        "dmean": [0.406339585781, 2.52827596664, 4.86357212067, 8.31631278992, 9.65905189514, 9.7209405899, 6.74493980408, 4.39549636841, 8.00684261322, 8.52871704102, 5.45495843887, 4.45790910721, 6.12080955505, 12.3844461441, 10.7097454071, 10.8185024261, 9.72793292999, 7.8214597702, 14.8258142471, 12.288274765, 12.8781442642, 19.0132827759, 16.641752243, 10.0561342239, 7.64901685715, 6.62285137177, 6.06400299072, 6.53161334991, 6.18253517151, 4.52126789093, 4.40963602066, 3.17437338829, 2.29386758804, 1.88379502296, 1.05771911144, 0.505545556545, 0.20760473609, 0.0564606674016, 0.0121316090226, 0.000656142015941],
        "dmean2": [0.510651767254, 3.54612708092, 6.26940917969, 13.2381296158, 17.1254673004, 17.6204147339, 12.0413236618, 7.38112688065, 12.9300289154, 13.6026439667, 8.94830513, 7.70119857788, 10.4160442352, 20.4190063477, 19.4967784882, 18.943031311, 16.2946224213, 13.0102910995, 25.7494735718, 21.0260391235, 22.0785484314, 33.841758728, 29.3710327148, 17.5434970856, 13.0000705719, 11.2208271027, 10.1477890015, 11.1621875763, 10.2533397675, 7.4849319458, 7.45875167847, 5.0813293457, 3.68889045715, 3.08950805664, 1.72884702682, 0.81446069479, 0.327009677887, 0.090044952929, 0.0195314269513, 0.00105911283754],
        "dvar": [0.416286110878, 13.7960538864, 91.0033798218, 494.247711182, 901.953735352, 755.670288086, 330.206848145, 100.371002197, 264.298583984, 303.249755859, 112.565437317, 79.8760375977, 155.534347534, 1011.24267578, 643.28527832, 670.40032959, 326.244842529, 220.821670532, 1000.2590332, 532.645385742, 811.531555176, 2181.28100586, 1663.38977051, 665.831481934, 290.530700684, 222.405761719, 153.835723877, 217.562850952, 140.801635742, 88.2428588867, 166.408111572, 32.3290748596, 18.7680149078, 13.3407087326, 4.60902738571, 1.01496040821, 0.190644457936, 0.0123888477683, 0.000667180400342, 2.45298770096e-06],
        "dvar2": [0.605353415012, 27.4279594421, 154.043258667, 1182.29553223, 2477.83520508, 2148.45336914, 922.354064941, 260.89630127, 649.960144043, 704.350402832, 290.306732178, 217.250762939, 403.27053833, 2507.65844727, 1826.12634277, 1821.47375488, 807.460083008, 551.921386719, 2628.07910156, 1370.3873291, 2172.61987305, 6051.59667969, 4580.55078125, 1811.03894043, 739.690551758, 561.514770508, 373.286987305, 568.087890625, 345.147155762, 213.412780762, 455.556610107, 74.4447555542, 46.149066925, 34.1060256958, 11.8630094528, 2.48820662498, 0.486585021019, 0.0311708562076, 0.00168142549228, 6.26856854069e-06],
        "max": [6.59648227692, 36.525806427, 88.8819046021, 179.155349731, 294.784057617, 224.069473267, 280.959991455, 132.600814819, 325.868743896, 532.096435547, 189.360641479, 150.894714355, 328.580474854, 681.521179199, 189.776199341, 287.664978027, 236.126693726, 285.556427002, 401.922912598, 335.547454834, 273.346862793, 388.462677002, 351.416137695, 249.758239746, 182.179824829, 241.102325439, 152.827529907, 245.409225464, 174.309295654, 159.385375977, 254.030471802, 75.6066131592, 60.3335533142, 51.7158813477, 31.7288188934, 10.0810108185, 7.20938587189, 1.50259816647, 0.398055523634, 0.0325156264007],
        "mean": [0.884880125523, 5.93426370621, 7.17614364624, 8.87845516205, 8.60658454895, 9.17529582977, 6.11720228195, 4.98394012451, 10.9440488815, 12.4525308609, 7.76140642166, 6.37202453613, 8.62229251862, 14.7305898666, 10.5297546387, 12.3233175278, 13.5411100388, 12.4864177704, 18.350320816, 18.4575214386, 17.5769500732, 20.1897239685, 18.1971530914, 12.0422916412, 10.2576284409, 10.0796451569, 9.4097661972, 9.39669132233, 9.44359111786, 7.3070640564, 6.58508014679, 5.12477970123, 3.64870023727, 2.66573834419, 1.40671384335, 0.657391369343, 0.26745274663, 0.0741220712662, 0.0147687103599, 0.000860069179907],
        "median": [0.340494185686, 3.28691887856, 2.82092237473, 1.84139716625, 2.64058756828, 2.43659234047, 1.56707859039, 2.12596130371, 5.17076349258, 4.89711141586, 3.16261458397, 2.70940113068, 3.00960731506, 4.08852100372, 3.97529315948, 5.64572954178, 8.2347574234, 8.14864635468, 9.90142917633, 11.1206989288, 9.98310184479, 9.14193344116, 8.74783229828, 5.65004825592, 4.21280813217, 4.98849201202, 4.68229150772, 4.06550788879, 3.79336500168, 2.88368463516, 2.4406516552, 2.01299715042, 1.45302474499, 1.05058932304, 0.499810129404, 0.222775653005, 0.0977026075125, 0.0315730758011, 0.00538355950266, 0.000351862894604],
        "min": [6.50982003915e-22, 3.43876065472e-21, 2.85938889419e-20, 3.47168252388e-20, 6.30603078684e-20, 8.27596012317e-20, 9.74811155391e-20, 1.73030209221e-19, 1.3158405321e-19, 5.48227909642e-19, 6.59245112123e-19, 1.3478677505e-18, 1.71200764879e-18, 2.23780976145e-18, 1.81220300241e-18, 2.3207668779e-18, 1.76369919924e-18, 4.21456214875e-18, 6.5863040319e-18, 6.21072805145e-18, 9.99913460683e-18, 1.16888768283e-17, 1.2449672888e-17, 8.1294317985e-18, 8.42802911038e-18, 1.7234451992e-17, 1.28754914052e-17, 1.50395315453e-17, 2.14932608589e-17, 1.7311856245e-17, 2.08357416074e-17, 1.52738155645e-17, 1.37154511311e-17, 1.16488024091e-17, 7.64560062333e-18, 4.69817039875e-18, 2.93480165816e-18, 1.33829303151e-18, 2.82536954053e-19, 3.06643187839e-20],
        "var": [1.53681850433, 44.8562316895, 165.210464478, 455.583526611, 585.688232422, 478.267822266, 233.670669556, 89.9215087891, 323.724029541, 450.68560791, 161.142578125, 108.891647339, 325.644561768, 1083.68005371, 451.440856934, 584.385070801, 387.191467285, 337.211395264, 950.861877441, 735.636657715, 785.297302246, 1600.98730469, 1254.43164062, 563.506469727, 358.250701904, 335.547912598, 249.37121582, 318.482696533, 228.552764893, 145.503570557, 178.247024536, 60.7613067627, 32.5521125793, 18.2365493774, 5.60131978989, 1.25210809708, 0.213050767779, 0.014351092279, 0.000763625430409, 2.64997174781e-06]
    },
    "gfcc": {
        "mean": [-7.4385471344, 50.0009231567, -70.6033935547, 34.9679145813, -31.0678195953, 22.1553916931, -26.5130519867, 10.0400743484, -12.601852417, 8.51070213318, -11.6454744339, 2.82653546333, -10.6376104355],
        "cov": [[20621.8222656, -895.313476562, -651.718322754, 1037.18530273, -296.470123291, 685.434509277, -493.745849609, 288.440948486, -369.82989502, 38.8930091858, -457.819824219, 287.4480896, -317.168334961], [-895.313476562, 1411.28063965, 401.440887451, 38.2553329468, 105.365264893, -178.542678833, 25.5984611511, -53.1178894043, -12.4935626984, -43.4959068298, -1.94202768803, -94.5858612061, 11.5776033401], [-651.718322754, 401.440887451, 1241.33239746, 235.616210938, 226.399337769, 231.501861572, 89.3104629517, 82.8427429199, 21.4559822083, 112.602409363, 39.9945259094, -13.3871421814, -11.3996973038], [1037.18530273, 38.2553329468, 235.616210938, 497.330413818, 175.587646484, 328.446136475, 56.8683815002, 70.8551483154, 32.0584907532, 53.0380172729, 17.7074337006, 12.8475627899, 0.0900485366583], [-296.470123291, 105.365264893, 226.399337769, 175.587646484, 343.796966553, 231.053451538, 123.337341309, 68.8115844727, 94.8327560425, 52.2470245361, 61.114315033, 19.4095363617, 24.8651504517], [685.434509277, -178.542678833, 231.501861572, 328.446136475, 231.053451538, 472.188720703, 106.220458984, 112.097610474, 86.7881851196, 116.548377991, 68.6760177612, 52.4644126892, 14.4554786682], [-493.745849609, 25.5984611511, 89.3104629517, 56.8683815002, 123.337341309, 106.220458984, 163.431106567, 73.6022338867, 88.1001586914, 44.7227325439, 46.7212677002, 11.0159111023, 31.1055450439], [288.440948486, -53.1178894043, 82.8427429199, 70.8551483154, 68.8115844727, 112.097610474, 73.6022338867, 141.761474609, 70.9453125, 72.7404327393, 21.4691867828, 31.8941516876, 9.86510944366], [-369.82989502, -12.4935626984, 21.4559822083, 32.0584907532, 94.8327560425, 86.7881851196, 88.1001586914, 70.9453125, 134.2449646, 75.0152664185, 60.2649154663, 16.5270366669, 22.5067176819], [38.8930091858, -43.4959068298, 112.602409363, 53.0380172729, 52.2470245361, 116.548377991, 44.7227325439, 72.7404327393, 75.0152664185, 119.360954285, 56.1545982361, 35.1037940979, 6.78561401367], [-457.819824219, -1.94202768803, 39.9945259094, 17.7074337006, 61.114315033, 68.6760177612, 46.7212677002, 21.4691867828, 60.2649154663, 56.1545982361, 89.4787139893, 37.3299713135, 29.6230010986], [287.4480896, -94.5858612061, -13.3871421814, 12.8475627899, 19.4095363617, 52.4644126892, 11.0159111023, 31.8941516876, 16.5270366669, 35.1037940979, 37.3299713135, 68.5009384155, 26.6392288208], [-317.168334961, 11.5776033401, -11.3996973038, 0.0900485366583, 24.8651504517, 14.4554786682, 31.1055450439, 9.86510944366, 22.5067176819, 6.78561401367, 29.6230010986, 26.6392288208, 57.4772148132]],
        "icov": [[0.000118257557915, -6.64922990836e-05, 0.000104229984572, -0.000212896004086, 0.000104434904642, -0.000172527594259, 0.000193765692529, -0.000141351352795, 6.81834308125e-06, -5.35482686246e-05, 0.000854684622027, -0.00109269993845, 0.00067417032551], [-6.64922990836e-05, 0.00115738320164, -0.000380337645765, -0.000388501153793, -0.000707954750396, 0.00129854725674, -8.90458177309e-05, 6.13287047599e-05, 0.000346507586073, -0.000240227294853, -0.00115627876949, 0.0021991727408, -0.00118817726616], [0.000104229984572, -0.000380337645765, 0.00134784833062, -0.000285811314825, -0.000491715793032, -0.000337311299518, -0.000161809264682, -0.000437986163888, 0.0016166260466, -0.00174295296893, 0.000579221115913, -0.000103401507658, 0.000701973971445], [-0.000212896004086, -0.000388501153793, -0.000285811314825, 0.00472047552466, -0.000275298254564, -0.0032562292181, 0.000262859277427, -0.00032053567702, 0.000224673029152, 0.00103469355963, -0.000635657110251, 0.00235604750924, -0.00128431187477], [0.000104434904642, -0.000707954750396, -0.000491715793032, -0.000275298254564, 0.00662882812321, -0.00292316800915, -0.00167131982744, 0.000233892831602, -0.00329042831436, 0.00347433192655, -9.23650804907e-05, -0.0024211127311, 0.00140163616743], [-0.000172527594259, 0.00129854725674, -0.000337311299518, -0.0032562292181, -0.00292316800915, 0.00793602131307, -0.00130794185679, -0.000244512601057, 0.00150094507262, -0.00368496053852, -0.00238214922138, 0.00125799677335, -0.000764933822211], [0.000193765692529, -8.90458177309e-05, -0.000161809264682, 0.000262859277427, -0.00167131982744, -0.00130794185679, 0.013547138311, -0.00494963023812, -0.00448471447453, 0.00288249971345, -0.00135104125366, 0.00220254482701, -0.0032839870546], [-0.000141351352795, 6.13287047599e-05, -0.000437986163888, -0.00032053567702, 0.000233892831602, -0.000244512601057, -0.00494963023812, 0.016183976084, -0.00503931799904, -0.00598167162389, 0.00781371630728, -0.00612758565694, 0.000474849337479], [6.81834308125e-06, 0.000346507586073, 0.0016166260466, 0.000224673029152, -0.00329042831436, 0.00150094507262, -0.00448471447453, -0.00503931799904, 0.0223886296153, -0.00951732788235, -0.00771639822051, 0.00839438661933, -0.00293086702004], [-5.35482686246e-05, -0.000240227294853, -0.00174295296893, 0.00103469355963, 0.00347433192655, -0.00368496053852, 0.00288249971345, -0.00598167162389, -0.00951732788235, 0.0252379700541, -0.00871300697327, -0.00456906761974, 0.00565148936585], [0.000854684622027, -0.00115627876949, 0.000579221115913, -0.000635657110251, -9.23650804907e-05, -0.00238214922138, -0.00135104125366, 0.00781371630728, -0.00771639822051, -0.00871300697327, 0.0347338654101, -0.0191726628691, 0.000129043095512], [-0.00109269993845, 0.0021991727408, -0.000103401507658, 0.00235604750924, -0.0024211127311, 0.00125799677335, 0.00220254482701, -0.00612758565694, 0.00839438661933, -0.00456906761974, -0.0191726628691, 0.0418006144464, -0.0181459374726], [0.00067417032551, -0.00118817726616, 0.000701973971445, -0.00128431187477, 0.00140163616743, -0.000764933822211, -0.0032839870546, 0.000474849337479, -0.00293086702004, 0.00565148936585, 0.000129043095512, -0.0181459374726, 0.0316048301756]]
    },
    "melbands": {
        "dmean": [0.00327442097478, 0.0022997057531, 0.00130056741182, 0.000732462911401, 0.000264223461272, 0.000105063219962, 0.000134338857606, 8.47998162499e-05, 4.21160220867e-05, 2.95116296911e-05, 2.99728271784e-05, 4.79942609672e-05, 4.06882099924e-05, 2.58559120994e-05, 2.60611177509e-05, 2.05567539524e-05, 1.46857410073e-05, 2.34115814237e-05, 2.31873600569e-05, 1.35859609145e-05, 1.57604517881e-05, 2.07295252039e-05, 1.61470907187e-05, 1.32605046019e-05, 7.96264885139e-06, 5.47958370589e-06, 5.46490628039e-06, 4.40668554802e-06, 4.05115360991e-06, 3.51691869582e-06, 4.01536954087e-06, 3.73942634724e-06, 3.18424645229e-06, 2.45822116085e-06, 2.89215154226e-06, 1.93149412553e-06, 2.13552630157e-06, 1.61427021794e-06, 1.74320723545e-06, 1.55031546001e-06],
        "dmean2": [0.00455648172647, 0.00307447253726, 0.00196295161732, 0.00133445381653, 0.000472356448881, 0.000176353205461, 0.000216451109736, 0.000135392794618, 6.88554646331e-05, 5.16641266586e-05, 5.10723912157e-05, 7.89769546827e-05, 7.31836771592e-05, 4.60382580059e-05, 4.46885569545e-05, 3.42849743902e-05, 2.46769668593e-05, 4.07901243307e-05, 3.99382333853e-05, 2.34370527323e-05, 2.67637897196e-05, 3.7060061004e-05, 2.840461093e-05, 2.34315939451e-05, 1.39154444696e-05, 9.27807104745e-06, 9.47597254708e-06, 7.49651553633e-06, 6.77305388308e-06, 5.89995806877e-06, 6.84505312165e-06, 6.20444598098e-06, 5.32055446456e-06, 4.05418813898e-06, 4.97113751408e-06, 3.09375013785e-06, 3.50281402461e-06, 2.59632042798e-06, 2.94054234473e-06, 2.53466282629e-06],
        "dvar": [2.5928582545e-05, 1.31429487737e-05, 1.05130475276e-05, 4.91772198075e-06, 5.07275615291e-07, 5.52807009058e-08, 7.72544694883e-08, 2.70612847686e-08, 7.04803948537e-09, 3.76351083631e-09, 3.77286779596e-09, 1.66100964094e-08, 8.45206393763e-09, 3.51269147103e-09, 3.46375772509e-09, 1.46893663899e-09, 8.46342995686e-10, 2.69202216074e-09, 2.09724282385e-09, 6.12889516916e-10, 1.33078537079e-09, 2.60875898661e-09, 1.38014777384e-09, 1.07711406461e-09, 4.23040769082e-10, 1.46002793189e-10, 1.52423434985e-10, 1.01334628189e-10, 7.0599144586e-11, 4.71709338257e-11, 9.48480530227e-11, 4.92869252355e-11, 4.46852485569e-11, 2.5759566355e-11, 9.18827028351e-11, 1.29927414314e-11, 1.48299879321e-11, 9.44470977121e-12, 1.13952016226e-11, 8.89893714273e-12],
        "dvar2": [4.35277543147e-05, 2.04369152925e-05, 2.24651103053e-05, 1.39797839438e-05, 1.42021644933e-06, 1.44741179042e-07, 1.87223733406e-07, 6.33463770328e-08, 1.78206054358e-08, 1.04004964641e-08, 9.75854241858e-09, 4.13695957491e-08, 2.35298340812e-08, 9.61366364294e-09, 9.17749343188e-09, 3.64277452647e-09, 2.16865569946e-09, 7.16160197811e-09, 5.39789057896e-09, 1.6197321262e-09, 3.57577301102e-09, 7.27127469347e-09, 3.76480535635e-09, 2.96281021939e-09, 1.15408504975e-09, 3.67935099055e-10, 4.03347966138e-10, 2.55076459954e-10, 1.73240088941e-10, 1.16648510295e-10, 2.54395227106e-10, 1.21225599004e-10, 1.16999715472e-10, 6.16574985512e-11, 2.57049326269e-10, 2.88393389031e-11, 3.63142224624e-11, 2.30253108247e-11, 2.96861146776e-11, 2.26686187182e-11],
        "max": [0.051616538316, 0.03793040663, 0.0267491266131, 0.0182171296328, 0.00763705233112, 0.00295020127669, 0.00613916525617, 0.00473264884204, 0.00153222423978, 0.00101878261194, 0.00162981951144, 0.00294664967805, 0.000654437928461, 0.000578136940021, 0.000579578976613, 0.000515661085956, 0.000589416769799, 0.000722575292457, 0.000708828505594, 0.000308306975057, 0.000369210261852, 0.000438092276454, 0.00028752538492, 0.00030959333526, 0.000201210263185, 0.000120301905554, 0.000159302129759, 0.000172504238435, 0.000101748548332, 9.89092222881e-05, 0.00017397798365, 9.8347903986e-05, 0.000106357496406, 8.7131280452e-05, 0.000192826351849, 5.19582645211e-05, 5.08916709805e-05, 4.41519187007e-05, 4.91424943903e-05, 3.86069332308e-05],
        "mean": [0.00797958672047, 0.00528427679092, 0.00151964672841, 0.000654839212075, 0.000244273862336, 0.000118011324957, 0.000185810160474, 0.000123866047943, 5.90828021814e-05, 3.99282616854e-05, 4.14645983255e-05, 5.69776457269e-05, 3.96519462811e-05, 2.89591680485e-05, 3.10719478875e-05, 2.95937425108e-05, 2.18184504774e-05, 2.76374212262e-05, 3.03437354887e-05, 2.01380953513e-05, 2.06054155569e-05, 2.14028095797e-05, 1.77685360541e-05, 1.41676700878e-05, 9.31389422476e-06, 7.09745791028e-06, 7.53817630539e-06, 6.48146306048e-06, 6.01686497248e-06, 5.23765720573e-06, 5.47077070223e-06, 5.3406843108e-06, 4.79982782053e-06, 3.79543553208e-06, 3.97137546315e-06, 3.22155642607e-06, 3.11572443934e-06, 2.57504348156e-06, 2.40472422774e-06, 2.1634600671e-06],
        "median": [0.00378079270013, 0.00311090936884, 0.000384725688491, 0.000207403645618, 6.62413949613e-05, 4.65457269456e-05, 8.3359729615e-05, 5.05180178152e-05, 2.10316029552e-05, 1.54874633154e-05, 1.33938165163e-05, 1.53691235028e-05, 1.23200252347e-05, 1.24541120385e-05, 1.53022701852e-05, 1.76593803189e-05, 1.30348535095e-05, 1.38168770718e-05, 1.59451865329e-05, 1.20079275803e-05, 1.1225119124e-05, 9.15211876418e-06, 8.43438283482e-06, 6.41273982183e-06, 4.21985578214e-06, 2.75485899692e-06, 3.23333824781e-06, 3.15760439662e-06, 2.89596437142e-06, 2.54783094533e-06, 2.2218716822e-06, 2.12899476537e-06, 1.88707156212e-06, 1.47410230511e-06, 1.38615791911e-06, 1.21165021483e-06, 1.20356048683e-06, 9.99486928777e-07, 9.16003386919e-07, 8.47611318022e-07],
        "min": [6.16266974401e-24, 1.12030531106e-23, 7.34219902418e-24, 6.23326648414e-24, 3.06264044627e-24, 3.74742062138e-24, 2.58979721968e-24, 6.30651774121e-24, 4.7950523582e-24, 8.00361945017e-24, 8.75331498916e-24, 9.331553977e-24, 5.44304124398e-24, 4.77560812018e-24, 5.41808917912e-24, 4.60968503383e-24, 7.23798418772e-24, 1.05420018715e-23, 9.81377597089e-24, 5.77607189133e-24, 1.4487143379e-23, 1.03008321044e-23, 1.13801792051e-23, 8.55395879436e-24, 6.36005654756e-24, 5.55445680279e-24, 9.80444847954e-24, 1.14563184819e-23, 7.68685708684e-24, 8.70035954546e-24, 8.13000364465e-24, 1.08004232377e-23, 1.08543608132e-23, 8.50840523253e-24, 1.29603740944e-23, 8.86708293119e-24, 9.6403322791e-24, 9.39783328139e-24, 9.74455184873e-24, 9.22667965281e-24],
        "var": [9.66563166003e-05, 4.01874531235e-05, 1.16476685434e-05, 2.96101916319e-06, 3.44401854591e-07, 5.01344779025e-08, 9.84924852787e-08, 4.12035348063e-08, 1.05287734087e-08, 4.72275862862e-09, 7.93715138059e-09, 1.75039396311e-08, 6.42826414321e-09, 3.11419379173e-09, 3.14240278243e-09, 1.89087723257e-09, 1.1833412028e-09, 2.42918507531e-09, 2.33305863517e-09, 8.33562996405e-10, 1.22899235233e-09, 1.88783566557e-09, 1.09730524667e-09, 8.11622602459e-10, 3.54781259926e-10, 1.77243428268e-10, 1.94399968345e-10, 1.47064888045e-10, 1.07697309404e-10, 7.79928482908e-11, 1.25751367652e-10, 7.64983840162e-11, 6.0245683442e-11, 4.31861213457e-11, 8.34514748971e-11, 2.69933034258e-11, 2.31371779374e-11, 1.66817289149e-11, 1.54402740593e-11, 1.20360561795e-11]
    },
    "mfcc": {
        "mean": [-664.06036377, 93.78465271, 24.1121883392, 27.2583618164, 22.922996521, 18.574672699, 7.25591373444, 7.48794603348, 7.21958065033, 5.82535409927, 5.51988601685, 6.77353477478, 4.63206005096],
        "cov": [[14492.0771484, -753.99029541, -1206.39648438, -7.56735086441, -116.830574036, 67.1379394531, -197.119659424, 187.456588745, -7.08573770523, -135.56489563, -114.887283325, -61.184627533, -62.1524848938], [-753.99029541, 1263.12585449, 357.056213379, 209.942260742, 66.2805938721, -74.6433258057, 17.2078742981, -55.2803268433, 13.3755903244, -15.5730104446, -0.915342748165, 5.94721746445, -51.9568595886], [-1206.39648438, 357.056213379, 834.61895752, 186.521408081, 183.708557129, 151.179367065, 135.663497925, 6.81408214569, 43.5552368164, 67.8524017334, 66.1186904907, 19.8315029144, 40.6336898804], [-7.56735086441, 209.942260742, 186.521408081, 225.960128784, 107.582603455, 76.9555892944, 67.5283508301, 40.9368667603, 41.1521682739, 30.8903923035, 14.5607938766, 13.6825304031, 4.6462597847], [-116.830574036, 66.2805938721, 183.708557129, 107.582603455, 293.571533203, 227.89630127, 134.053909302, 90.4394378662, 67.3423843384, 68.6277313232, 67.2169189453, 49.4067420959, 65.9143676758], [67.1379394531, -74.6433258057, 151.179367065, 76.9555892944, 227.89630127, 302.64553833, 154.686218262, 100.475349426, 72.6041259766, 82.3311080933, 65.9616470337, 55.4077301025, 87.6207885742], [-197.119659424, 17.2078742981, 135.663497925, 67.5283508301, 134.053909302, 154.686218262, 147.72102356, 86.4969024658, 63.6463661194, 58.094997406, 45.0530509949, 33.7591094971, 48.2312812805], [187.456588745, -55.2803268433, 6.81408214569, 40.9368667603, 90.4394378662, 100.475349426, 86.4969024658, 110.543746948, 70.6880340576, 50.9792671204, 36.6358375549, 28.6597232819, 36.4033813477], [-7.08573770523, 13.3755903244, 43.5552368164, 41.1521682739, 67.3423843384, 72.6041259766, 63.6463661194, 70.6880340576, 105.688873291, 73.9116973877, 49.8113441467, 42.7089118958, 32.8016204834], [-135.56489563, -15.5730104446, 67.8524017334, 30.8903923035, 68.6277313232, 82.3311080933, 58.094997406, 50.9792671204, 73.9116973877, 100.263961792, 68.200958252, 48.1797103882, 44.4916915894], [-114.887283325, -0.915342748165, 66.1186904907, 14.5607938766, 67.2169189453, 65.9616470337, 45.0530509949, 36.6358375549, 49.8113441467, 68.200958252, 84.3102493286, 57.1744651794, 43.6822662354], [-61.184627533, 5.94721746445, 19.8315029144, 13.6825304031, 49.4067420959, 55.4077301025, 33.7591094971, 28.6597232819, 42.7089118958, 48.1797103882, 57.1744651794, 76.3302841187, 53.2484016418], [-62.1524848938, -51.9568595886, 40.6336898804, 4.6462597847, 65.9143676758, 87.6207885742, 48.2312812805, 36.4033813477, 32.8016204834, 44.4916915894, 43.6822662354, 53.2484016418, 85.9456100464]],
