{
"lowlevel": {
    "average_loudness": 0.759549796581,
    "barkbands_crest": {
        "dmean": 2.12420654297,
        "dmean2": 3.45069956779,
        "dvar": 7.3864364624,
        "dvar2": 19.0607051849,
        "max": 25.6965656281,
        "mean": 13.874912262,
        "median": 13.2196378708,
        "min": 2.39021420479,
        "var": 28.3369522095
    },
    "barkbands_flatness_db": {
        "dmean": 0.0281600337476,
        "dmean2": 0.0388251058757,
        "dvar": 0.00127745408099,
        "dvar2": 0.002618834842,
        "max": 0.769836127758,
        "mean": 0.241097986698,
        "median": 0.207336127758,
        "min": 0.0248303338885,
        "var": 0.0181074198335
    },
    "barkbands_kurtosis": {
        "dmean": 10.4566907883,
        "dmean2": 16.9060058594,
        "dvar": 688.666809082,
        "dvar2": 1797.43347168,
        "max": 654.456237793,
        "mean": 21.7465381622,
        "median": 10.2595491409,
        "min": -1.9086149931,
        "var": 1286.00012207
    },
    "barkbands_skewness": {
        "dmean": 0.786814033985,
        "dmean2": 1.21246290207,
        "dvar": 1.3487226963,
        "dvar2": 3.44385361671,
        "max": 19.061958313,
        "mean": 3.10753035545,
        "median": 2.76820874214,
        "min": -2.48194146156,
        "var": 4.62400627136
    },
    "barkbands_spread": {
        "dmean": 4.17529201508,
        "dmean2": 6.34943056107,
        "dvar": 60.4658737183,
        "dvar2": 135.851669312,
        "max": 88.1370620728,
        "mean": 11.9185428619,
        "median": 7.57342863083,
        "min": 0.113661803305,
        "var": 168.079559326
    },
    "dissonance": {
        "dmean": 0.0211571101099,
        "dmean2": 0.0352388769388,
        "dvar": 0.000561587279662,
        "dvar2": 0.0014820874203,
        "max": 0.500000178814,
        "mean": 0.445453554392,
        "median": 0.461278349161,
        "min": 0.0903822109103,
        "var": 0.00289998785593
    },
    "dynamic_complexity": 5.38317489624,
    "erbbands_crest": {
        "dmean": 2.15653347969,
        "dmean2": 3.25143027306,
        "dvar": 6.15724086761,
        "dvar2": 13.1149396896,
        "max": 32.378036499,
        "mean": 10.0963916779,
        "median": 8.39942836761,
        "min": 2.28374218941,
        "var": 32.0824813843
    },
    "erbbands_flatness_db": {
        "dmean": 0.0225646812469,
        "dmean2": 0.0279065426439,
        "dvar": 0.000770025828388,
        "dvar2": 0.00120930059347,
        "max": 0.525981783867,
        "mean": 0.184330940247,
        "median": 0.173627182841,
        "min": 0.0330607742071,
        "var": 0.00739491218701
    },
    "erbbands_kurtosis": {
        "dmean": 1.6636326313,
        "dmean2": 2.4589548111,
        "dvar": 17.3575839996,
        "dvar2": 34.2260856628,
        "max": 131.892105103,
        "mean": 2.57137846947,
        "median": 0.0244445800781,
        "min": -1.80945551395,
        "var": 81.6884384155
    },
    "erbbands_skewness": {
        "dmean": 0.382130026817,
        "dmean2": 0.557346224785,
        "dvar": 0.226516753435,
        "dvar2": 0.455934792757,
        "max": 8.31427574158,
        "mean": 0.808482646942,
        "median": 0.645214021206,
        "min": -4.68992567062,
        "var": 1.45258617401
    },
    "erbbands_spread": {
        "dmean": 8.89261341095,
        "dmean2": 12.7690048218,
        "dvar": 184.989074707,
        "dvar2": 351.823181152,
        "max": 175.352264404,
        "mean": 38.0700912476,
        "median": 36.2026634216,
        "min": 0.62301504612,
        "var": 592.484924316
    },
    "hfc": {
        "dmean": 4.26871061325,
        "dmean2": 5.88395690918,
        "dvar": 83.1772155762,
        "dvar2": 157.453170776,
        "max": 157.397277832,
        "mean": 10.8850307465,
        "median": 4.28667259216,
        "min": 1.1697112073e-16,
        "var": 228.047225952
    },
    "melbands_crest": {
        "dmean": 2.25232672691,
        "dmean2": 3.65982508659,
        "dvar": 7.90579748154,
        "dvar2": 20.4584827423,
        "max": 32.8196144104,
        "mean": 17.0999546051,
        "median": 17.231962204,
        "min": 1.68888652325,
        "var": 30.8568630219
    },
    "melbands_flatness_db": {
        "dmean": 0.0310345217586,
        "dmean2": 0.043339278549,
        "dvar": 0.00164766295347,
        "dvar2": 0.00337231601588,
        "max": 0.954919219017,
        "mean": 0.343525290489,
        "median": 0.307455956936,
        "min": 0.00413479935378,
        "var": 0.0275361724198
    },
    "melbands_kurtosis": {
        "dmean": 17.5398235321,
        "dmean2": 28.2377300262,
        "dvar": 2008.55114746,
        "dvar2": 5249.74560547,
        "max": 716.395263672,
        "mean": 37.9400291443,
        "median": 21.877538681,
        "min": -1.7808328867,
        "var": 3237.84472656
    },
    "melbands_skewness": {
        "dmean": 0.913392603397,
        "dmean2": 1.38236701488,
        "dvar": 1.97012937069,
        "dvar2": 4.5465426445,
        "max": 21.8739814758,
        "mean": 3.94468307495,
        "median": 3.56043171883,
        "min": -1.12716650963,
        "var": 5.95664691925
    },
    "melbands_spread": {
        "dmean": 3.77925992012,
        "dmean2": 5.50126743317,
        "dvar": 90.228302002,
        "dvar2": 156.199661255,
        "max": 200.236862183,
        "mean": 11.7841014862,
        "median": 6.06246519089,
        "min": 0.288202464581,
        "var": 411.399017334
    },
    "pitch_salience": {
        "dmean": 0.0656241327524,
        "dmean2": 0.107506610453,
        "dvar": 0.00647532287985,
        "dvar2": 0.0171192102134,
        "max": 0.895743131638,
        "mean": 0.458451241255,
        "median": 0.471072077751,
        "min": 0.0689397975802,
        "var": 0.0298019275069
    },
    "silence_rate_20dB": {
        "dmean": 0,
        "dmean2": 0,
        "dvar": 0,
        "dvar2": 0,
        "max": 1,
        "mean": 1,
        "median": 1,
        "min": 1,
        "var": 0
    },
    "silence_rate_30dB": {
        "dmean": 0.051199182868,
        "dmean2": 0.102407075465,
        "dvar": 0.0485805533826,
        "dvar2": 0.120335288346,
        "max": 1,
        "mean": 0.962751924992,
        "median": 1,
        "min": 0,
        "var": 0.0358557999134
    },
    "silence_rate_60dB": {
        "dmean": 0.00986562296748,
        "dmean2": 0.0197329241782,
        "dvar": 0.00976920127869,
        "dvar2": 0.021388085559,
        "max": 1,
        "mean": 0.12637129426,
        "median": 0,
        "min": 0,
        "var": 0.110409356654
    },
    "spectral_centroid": {
        "dmean": 150.907623291,
        "dmean2": 222.391403198,
        "dvar": 69576.8046875,
        "dvar2": 127429.460938,
        "max": 11883.4638672,
        "mean": 757.561767578,
        "median": 534.794372559,
        "min": 90.5493240356,
        "var": 496827.71875
    },
    "spectral_complexity": {
        "dmean": 2.02483415604,
        "dmean2": 3.14110732079,
        "dvar": 8.69689083099,
        "dvar2": 16.8973464966,
        "max": 59,
        "mean": 10.9158945084,
        "median": 8,
        "min": 0,
        "var": 87.2885055542
    },
    "spectral_decrease": {
        "dmean": 3.04930591888e-09,
        "dmean2": 4.82482809261e-09,
        "dvar": 6.01593768782e-17,
        "dvar2": 1.45988179867e-16,
        "max": 2.03839656662e-16,
        "mean": -7.62001128862e-09,
        "median": -5.43845057877e-09,
        "min": -7.32346308041e-08,
        "var": 7.28904475116e-17
    },
    "spectral_energy": {
        "dmean": 0.011796859093,
        "dmean2": 0.018565332517,
        "dvar": 0.000882750260644,
        "dvar2": 0.00213150889613,
        "max": 0.279648214579,
        "mean": 0.0297469440848,
        "median": 0.0212194789201,
        "min": 1.0376387864e-20,
        "var": 0.00109516934026
    },
    "spectral_energyband_high": {
        "dmean": 0.000251366960583,
        "dmean2": 0.000348503002897,
        "dvar": 3.8907288058e-07,
        "dvar2": 7.50586593767e-07,
        "max": 0.00934724509716,
        "mean": 0.000327556655975,
        "median": 2.62459016085e-05,
        "min": 7.31650783767e-21,
        "var": 6.41300403004e-07
    },
    "spectral_energyband_low": {
        "dmean": 0.00943238474429,
        "dmean2": 0.0152851408347,
        "dvar": 0.000747373094782,
        "dvar2": 0.00184940022882,
        "max": 0.271144330502,
        "mean": 0.0189796816558,
        "median": 0.0121483197436,
        "min": 1.04255453337e-22,
        "var": 0.000722478958778
    },
    "spectral_energyband_middle_high": {
        "dmean": 0.000636812532321,
        "dmean2": 0.000926326494664,
        "dvar": 2.00945464712e-06,
        "dvar2": 4.11168775827e-06,
        "max": 0.0313440188766,
        "mean": 0.00192483887076,
        "median": 0.00056691019563,
        "min": 1.67722137915e-21,
        "var": 1.04837054096e-05
    },
    "spectral_energyband_middle_low": {
        "dmean": 0.00407314300537,
        "dmean2": 0.00652484688908,
        "dvar": 0.000148736551637,
        "dvar2": 0.000377832358936,
        "max": 0.170557275414,
        "mean": 0.00997831206769,
        "median": 0.00400327239186,
        "min": 2.44952241528e-22,
        "var": 0.000245347269811
    },
    "spectral_entropy": {
        "dmean": 0.226377308369,
        "dmean2": 0.295878410339,
        "dvar": 0.0946299508214,
        "dvar2": 0.160134091973,
        "max": 9.79695796967,
        "mean": 6.84707641602,
        "median": 7.0109744072,
        "min": 3.26419329643,
        "var": 0.95538431406
    },
    "spectral_flux": {
        "dmean": 0.0258744806051,
        "dmean2": 0.0398270599544,
        "dvar": 0.00248754001223,
        "dvar2": 0.00488232588395,
        "max": 0.430231690407,
        "mean": 0.0585916750133,
        "median": 0.0370540246367,
        "min": 1.01864558455e-10,
        "var": 0.00496293138713
    },
    "spectral_kurtosis": {
        "dmean": 8.26393222809,
        "dmean2": 13.1484079361,
        "dvar": 446.495666504,
        "dvar2": 1024.68994141,
        "max": 563.483337402,
        "mean": 23.8737564087,
        "median": 7.32535839081,
        "min": -1.22119534016,
        "var": 2770.53857422
    },
    "spectral_rms": {
        "dmean": 0.000804432376754,
        "dmean2": 0.00119408522733,
        "dvar": 2.60259753304e-06,
        "dvar2": 5.66278549741e-06,
        "max": 0.0165174920112,
        "mean": 0.00469313655049,
        "median": 0.00454993732274,
        "min": 3.18171422369e-12,
        "var": 6.99594193065e-06
    },
    "spectral_rolloff": {
        "dmean": 309.870452881,
        "dmean2": 492.390838623,
        "dvar": 1229184.25,
        "dvar2": 2219871.5,
        "max": 19509.0820312,
        "mean": 994.256408691,
        "median": 322.998046875,
        "min": 64.599609375,
        "var": 7131792.5
    },
    "spectral_skewness": {
        "dmean": 0.531772196293,
        "dmean2": 0.824033081532,
        "dvar": 0.675122439861,
        "dvar2": 1.45173335075,
        "max": 19.888174057,
        "mean": 2.92062473297,
        "median": 2.13397431374,
        "min": -0.0589823685586,
        "var": 6.76445579529
    },
    "spectral_spread": {
        "dmean": 855521.75,
        "dmean2": 1110297.25,
        "dvar": 1.63327613338e+12,
        "dvar2": 2.7038557143e+12,
        "max": 40815812,
        "mean": 4011011.25,
        "median": 3294176.75,
        "min": 173387.953125,
        "var": 6.45908502938e+12
    },
    "spectral_strongpeak": {
        "dmean": 0.204009905457,
        "dmean2": 0.349678188562,
        "dvar": 0.321408450603,
        "dvar2": 0.721626639366,
        "max": 19.432258606,
        "mean": 0.573968291283,
        "median": 0.399300962687,
        "min": 0,
        "var": 0.777412950993
    },
    "zerocrossingrate": {
        "dmean": 0.0100921150297,
        "dmean2": 0.0114862592891,
        "dvar": 0.000389545981307,
        "dvar2": 0.000418327806983,
        "max": 0.60498046875,
        "mean": 0.0421234853566,
        "median": 0.0244140625,
        "min": 0.00244140625,
        "var": 0.00531593058258
    },
    "barkbands": {
        "dmean": [0.000303244392853, 0.0072888545692, 0.00226331362501, 0.00173297221772, 0.00190152134746, 0.000791912956629, 0.000439364142949, 0.000206795652048, 0.000196496897843, 0.000230904493947, 0.000126261467813, 8.01184723969e-05, 8.22843721835e-05, 9.49764362304e-05, 7.9757614003e-05, 8.38944179122e-05, 9.79152609943e-05, 6.42807790427e-05, 0.000118515708891, 7.93768413132e-05, 3.77152609872e-05, 2.46435138251e-05, 3.79656921723e-05, 4.05368846259e-05, 4.07863772125e-05, 3.41796949215e-05, 2.83112531179e-05],
        "dmean2": [0.000474004657008, 0.0122732473537, 0.00381382089108, 0.00287573761307, 0.00324616162106, 0.00123040250037, 0.000697624811437, 0.000325262895785, 0.000295399571769, 0.000315617420711, 0.00019555707695, 0.000140245363582, 0.000139596202644, 0.000146089514601, 0.000124329249957, 0.000131544700707, 0.000154068897245, 9.85143778962e-05, 0.000173838416231, 0.000118378440675, 5.548160334e-05, 3.58318575309e-05, 5.54745420231e-05, 5.7709403336e-05, 5.8632256696e-05, 4.99024063174e-05, 4.25248945248e-05],
        "dvar": [1.1041416883e-06, 0.000637007469777, 3.31025366904e-05, 3.00726642308e-05, 3.50189984601e-05, 4.18941590397e-06, 1.98746465685e-06, 3.00562504663e-07, 2.33835848462e-07, 4.77757225781e-07, 1.8627594045e-07, 8.78153301187e-08, 6.29674730135e-08, 1.58229298108e-07, 1.22303646322e-07, 6.36455865788e-08, 8.88494184892e-08, 4.60179485628e-08, 1.83145601795e-07, 9.05814161456e-08, 1.0135769557e-08, 5.68370550624e-09, 1.12793516749e-08, 1.32483997106e-08, 1.51792534098e-08, 1.14806768536e-08, 5.90670490297e-09],
        "dvar2": [2.55899090007e-06, 0.00168190349359, 9.28575464059e-05, 7.11141547072e-05, 9.80288023129e-05, 9.84598773357e-06, 4.65628136226e-06, 6.85386169152e-07, 4.66153721845e-07, 7.46374269056e-07, 3.14026124215e-07, 2.50856857065e-07, 1.71988418174e-07, 2.9612436947e-07, 2.18515452843e-07, 1.46495352737e-07, 1.95611349341e-07, 1.00034348804e-07, 3.83907007517e-07, 1.90658624888e-07, 2.18396145613e-08, 1.26214771967e-08, 2.43984938919e-08, 2.69289373023e-08, 3.06513427972e-08, 2.45120155284e-08, 1.29743948918e-08],
        "max": [0.0136890225112, 0.253250032663, 0.0889230966568, 0.0792684406042, 0.0909406468272, 0.0716254711151, 0.0643847808242, 0.0224516801536, 0.0124642299488, 0.0174116715789, 0.0189957693219, 0.00742737855762, 0.00682500377297, 0.0153478011489, 0.0197562202811, 0.00845466740429, 0.0106347808614, 0.00942830834538, 0.0183025635779, 0.0162520259619, 0.00273529626429, 0.00198237993754, 0.00150349515025, 0.00186681235209, 0.00205259956419, 0.00256863934919, 0.000643551407848],
        "mean": [0.000286578346277, 0.0125471297652, 0.00479182740673, 0.00243163527921, 0.00359885720536, 0.00192900700495, 0.000983395031653, 0.000405010097893, 0.000402004341595, 0.000468305661343, 0.000211328195292, 0.000104781080154, 0.000121303812193, 0.000171406412846, 0.000149041443365, 0.000163813034305, 0.000180062939762, 0.000125091173686, 0.000246614072239, 0.000149020823301, 5.68245777686e-05, 3.22059713653e-05, 4.03522899433e-05, 4.61493727926e-05, 4.51353844255e-05, 3.42038547387e-05, 2.58695126831e-05],
        "median": [2.49855183938e-05, 0.00567185133696, 0.0032325249631, 0.00080042751506, 0.000931665534154, 0.000395166949602, 0.000116621587949, 9.22111867112e-05, 9.40270911087e-05, 8.68810748216e-05, 3.91369540012e-05, 2.80466865661e-05, 4.77400935779e-05, 4.84313313791e-05, 4.38184215454e-05, 3.13605087285e-05, 2.19490575546e-05, 1.08772910608e-05, 1.18831922009e-05, 6.03131275057e-06, 4.62173375126e-06, 3.41753366229e-06, 1.7354090005e-06, 2.05464857572e-06, 1.2317633491e-06, 4.70481921866e-07, 7.2074570312e-08],
        "min": [3.29193612124e-23, 6.49641091837e-23, 3.23680294812e-23, 3.25609142555e-24, 4.39910713488e-23, 4.68766109441e-23, 5.19935098742e-23, 2.00326335943e-23, 5.09928208833e-23, 8.8402555073e-23, 1.0195536844e-22, 8.88679703853e-23, 1.00405427156e-22, 1.49691342367e-22, 1.57081820467e-22, 1.68738546695e-22, 1.453043291e-22, 1.73373350638e-22, 3.06239892862e-22, 4.06185313135e-22, 2.36816498131e-22, 4.95774819881e-22, 4.72784863504e-22, 6.22990240258e-22, 1.34882330485e-21, 1.64660307471e-21, 2.47240690411e-21],
        "var": [1.12776513106e-06, 0.000523709109984, 3.61003876606e-05, 3.41022241628e-05, 5.877575677e-05, 2.32580805459e-05, 1.10175824375e-05, 1.04796492906e-06, 8.63038678744e-07, 1.66920597167e-06, 5.62956870453e-07, 6.91095181082e-08, 6.32261958344e-08, 3.3168080904e-07, 3.11388845375e-07, 1.96832758093e-07, 2.49752986292e-07, 1.35626649467e-07, 6.90998319897e-07, 3.0222693681e-07, 2.03324166392e-08, 8.011266317e-09, 1.43373588557e-08, 1.90486453278e-08, 2.09678088225e-08, 1.37909612619e-08, 6.59152821214e-09]
    },
    "erbbands": {
        "dmean": [0.21307978034, 1.63460016251, 2.60378623009, 4.60036373138, 5.99915838242, 7.0379281044, 5.61150598526, 6.60345602036, 5.94703483582, 7.47708272934, 3.59653401375, 4.09008026123, 7.43133020401, 5.44835519791, 5.10226678848, 3.29883766174, 3.98682379723, 4.82740020752, 4.01702690125, 3.61142635345, 5.55343389511, 4.35389375687, 3.35756969452, 3.53797411919, 7.66304254532, 3.26688408852, 1.75932741165, 1.21230995655, 0.895193636417, 0.984647750854, 1.08341050148, 0.794242501259, 0.716657817364, 0.448377788067, 0.313403069973, 0.148886993527, 0.0633433759212, 0.0224185530096, 0.00607984093949, 0.000206532218726],
        "dmean2": [0.366353094578, 2.78674983978, 4.3312959671, 7.6075129509, 10.0855760574, 12.0053014755, 9.25173568726, 10.2039957047, 9.87233734131, 11.5275993347, 5.61538553238, 6.22268104553, 10.3977003098, 7.76085805893, 8.02468681335, 5.71588850021, 6.77166175842, 7.38166952133, 6.16625881195, 5.76337718964, 8.43917560577, 6.86499452591, 5.03432321548, 5.22974157333, 11.1632127762, 4.80994129181, 2.62215018272, 1.73980987072, 1.30502653122, 1.42665588856, 1.59271633625, 1.11707258224, 1.03955328465, 0.642392635345, 0.459683746099, 0.218142613769, 0.0935321822762, 0.0333802439272, 0.00913375522941, 0.000310352363158],
        "dvar": [0.640475690365, 31.364156723, 46.4273147583, 186.948669434, 410.704101562, 436.694976807, 302.702209473, 328.8487854, 307.165405273, 648.268249512, 105.120483398, 97.1935195923, 494.34274292, 311.814819336, 337.456848145, 158.536849976, 144.177932739, 477.593170166, 450.23916626, 52.226234436, 307.804046631, 162.611907959, 115.251411438, 113.206710815, 976.981872559, 131.870147705, 27.9151058197, 8.70311737061, 7.18548154831, 9.20403289795, 9.11373615265, 4.74002170563, 4.47694015503, 1.63450884819, 1.01956117153, 0.231994196773, 0.0504822321236, 0.0036381885875, 0.000276846229099, 3.04540577645e-07],
        "dvar2": [1.67870151997, 84.9678421021, 129.449371338, 434.799224854, 1110.07336426, 1223.70776367, 802.776672363, 767.312438965, 779.889404297, 1327.10754395, 221.961410522, 210.856002808, 823.527587891, 474.00390625, 559.211853027, 449.529571533, 401.27633667, 881.522155762, 796.851501465, 120.709533691, 681.584472656, 375.860351562, 238.195770264, 242.157867432, 1913.34118652, 260.235137939, 61.6306228638, 18.1236896515, 15.7426948547, 20.9750900269, 19.8107872009, 9.30322933197, 9.33221340179, 3.29850196838, 2.15379595757, 0.49831071496, 0.113183893263, 0.00782122649252, 0.000611054361798, 6.67881636218e-07],
        "max": [7.33896589279, 60.6986999512, 85.8821563721, 200.465698242, 325.771881104, 413.176208496, 268.065368652, 842.905273438, 624.634460449, 1822.97814941, 461.631530762, 264.286956787, 665.960266113, 653.410461426, 904.49822998, 331.539550781, 298.200408936, 840.470397949, 1230.2878418, 185.75302124, 575.83392334, 342.552886963, 328.360168457, 338.853820801, 1653.94250488, 431.946807861, 160.850830078, 50.6152648926, 91.3370132446, 82.7923126221, 46.0251808167, 33.1636123657, 37.7555389404, 22.2396087646, 18.0076770782, 9.80237197876, 8.70987033844, 0.699255108833, 0.145864069462, 0.00497975340113],
        "mean": [0.24121594429, 3.14266824722, 6.12565088272, 7.64593029022, 9.55286216736, 13.9042625427, 10.8723497391, 17.207660675, 12.3512239456, 17.6500930786, 7.52485275269, 8.21143817902, 15.954823494, 11.4759674072, 8.29936027527, 4.77646255493, 6.17378997803, 8.58389949799, 7.74258232117, 7.31481361389, 11.6636428833, 8.63784694672, 6.97822666168, 7.86771392822, 16.1577148438, 6.43327474594, 2.9036924839, 1.72907686234, 1.20172226429, 1.11360824108, 1.15373909473, 0.932491183281, 0.790101706982, 0.503963470459, 0.331559836864, 0.151752248406, 0.0618458241224, 0.0212002936751, 0.00554936286062, 0.000212220838876],
        "median": [0.10190231353, 1.46500599384, 4.54827451706, 3.48103666306, 2.98555088043, 3.12504148483, 3.0481300354, 3.37985253334, 1.74096167088, 2.38691520691, 2.01522254944, 2.43933367729, 3.2040476799, 2.32869410515, 1.9950517416, 1.57719004154, 2.52503108978, 2.5108487606, 2.05254912376, 2.62587571144, 1.67328667641, 1.09916210175, 0.754909098148, 0.555142998695, 0.556834578514, 0.292065143585, 0.185111537576, 0.177232667804, 0.141738712788, 0.0751805901527, 0.0497592389584, 0.0471020117402, 0.0291365347803, 0.0156651120633, 0.0075644752942, 0.00274785840884, 0.000688929110765, 0.00012874006643, 3.02193166135e-05, 3.14006356348e-05],
        "min": [7.51859264555e-22, 1.84104668051e-20, 5.04415480705e-20, 1.05831062767e-20, 5.74517648214e-20, 1.95616802361e-19, 3.50396964501e-19, 3.42847235352e-19, 5.87191115023e-19, 6.72100274324e-19, 4.89453315e-19, 1.22750201123e-18, 2.17864959724e-18, 4.10325962066e-18, 2.76118099708e-18, 3.41898521228e-18, 5.44926776574e-18, 3.92505307026e-18, 1.10159422389e-17, 1.02412330013e-17, 7.83684064504e-18, 9.17669208483e-18, 6.99753687343e-18, 1.17498193599e-17, 2.00513990244e-17, 1.79644488087e-17, 9.60213175338e-18, 1.298229283e-17, 1.53826758419e-17, 2.03648673893e-17, 1.27499162893e-17, 1.16961609808e-17, 1.0195048199e-17, 1.2728339283e-17, 1.00965930266e-17, 5.13979302881e-18, 3.6277606358e-18, 1.76545923279e-18, 3.36397165278e-19, 3.01568693275e-20],
        "var": [0.459388792515, 26.8719329834, 48.3213539124, 223.631881714, 426.866943359, 1279.09753418, 501.171386719, 2453.11523438, 1367.20568848, 4848.75390625, 384.300964355, 297.625976562, 1718.79016113, 1206.91796875, 951.990539551, 127.929252625, 140.034225464, 968.633911133, 1128.75366211, 162.950424194, 1043.10522461, 455.492980957, 363.167694092, 435.195220947, 4515.6875, 417.966278076, 60.5178108215, 15.9178152084, 10.3903264999, 11.66086483, 11.4391374588, 7.22271966934, 6.06887531281, 2.30832648277, 1.29613649845, 0.278625369072, 0.0546792782843, 0.0043654278852, 0.000303142645862, 3.41428716411e-07]
    },
    "gfcc": {
        "mean": [-111.138572693, 130.161315918, -79.055015564, 23.5627574921, -33.2244758606, 6.20897626877, -28.0085487366, 2.32697105408, -17.5559234619, -4.15913057327, -12.1509256363, -6.8802113533, -6.22708272934],
        "cov": [[27293.7773438, -2238.02368164, -2087.74755859, 2070.51074219, -616.328125, 453.706542969, -717.725097656, 727.37878418, -713.287109375, 488.01348877, -307.340240479, 393.193725586, -99.7510299683], [-2238.02368164, 4342.21386719, 246.968231201, -42.8115653992, 1057.68530273, -137.100280762, 514.749084473, -44.2377548218, 426.502258301, -259.782989502, 202.563247681, -249.380279541, 265.136322021], [-2087.74755859, 246.968231201, 2003.23120117, -86.0743408203, 495.666809082, 458.305847168, 274.539276123, 51.6879425049, 229.470855713, -45.4597244263, -17.2232265472, 21.7301006317, -14.4338464737], [2070.51074219, -42.8115653992, -86.0743408203, 633.679931641, 119.11190033, 91.4179992676, 59.2964935303, 71.3366622925, -18.364812851, 46.6598396301, 38.8474159241, 10.4199314117, 38.0726089478], [-616.328125, 1057.68530273, 495.666809082, 119.11190033, 704.763244629, 132.019546509, 275.826446533, 52.6857719421, 177.18510437, -58.0280723572, 85.6906051636, -34.2261734009, 88.4006881714], [453.706542969, -137.100280762, 458.305847168, 91.4179992676, 132.019546509, 400.865447998, 76.3313522339, 78.7230529785, 49.3411331177, 21.7794475555, -35.8364868164, 50.610748291, -8.55606269836], [-717.725097656, 514.749084473, 274.539276123, 59.2964935303, 275.826446533, 76.3313522339, 278.927185059, 54.9358901978, 118.440330505, -41.8571205139, 43.9602737427, -40.0479316711, 54.8601341248], [727.37878418, -44.2377548218, 51.6879425049, 71.3366622925, 52.6857719421, 78.7230529785, 54.9358901978, 158.394729614, 27.6890048981, 31.0379600525, -16.6018619537, 15.3880643845, -1.29640614986], [-713.287109375, 426.502258301, 229.470855713, -18.364812851, 177.18510437, 49.3411331177, 118.440330505, 27.6890048981, 159.421325684, -7.37035036087, 31.2812252045, -32.8685684204, 27.779209137], [488.01348877, -259.782989502, -45.4597244263, 46.6598396301, -58.0280723572, 21.7794475555, -41.8571205139, 31.0379600525, -7.37035036087, 93.0617523193, 10.4580841064, 23.1190166473, -30.9352245331], [-307.340240479, 202.563247681, -17.2232265472, 38.8474159241, 85.6906051636, -35.8364868164, 43.9602737427, -16.6018619537, 31.2812252045, 10.4580841064, 85.0286026001, 1.499386549, 17.3525352478], [393.193725586, -249.380279541, 21.7301006317, 10.4199314117, -34.2261734009, 50.610748291, -40.0479316711, 15.3880643845, -32.8685684204, 23.1190166473, 1.499386549, 76.0643692017, 5.79982757568], [-99.7510299683, 265.136322021, -14.4338464737, 38.0726089478, 88.4006881714, -8.55606269836, 54.8601341248, -1.29640614986, 27.779209137, -30.9352245331, 17.3525352478, 5.79982757568, 82.2411727905]],
        "icov": [[8.59066421981e-05, -5.31012738065e-05, 6.63039973006e-05, -0.00025386174093, -2.43266877078e-05, -3.89669694414e-05, 0.000148734005052, -0.000267346185865, 0.000205859003472, -0.000192437859369, 0.000373499118723, -0.000324433436617, 0.000125366408611], [-5.31012738065e-05, 0.000689914333634, 8.66785121616e-05, 0.000333749660058, -0.000639367674012, -1.8137028519e-06, 0.000166082187206, 7.77450986789e-05, -0.000801952031907, 0.000987519975752, -0.00102720817085, 0.00170949869789, -0.00111188518349], [6.63039973006e-05, 8.66785121616e-05, 0.0010526990518, -2.1964606276e-05, -0.0005922105629, -0.000720470561646, -0.000369341112673, 0.000355712778401, -0.000931502087042, 0.000407010113122, 0.000883398985025, -0.00104221922811, 0.00116433796939], [-0.00025386174093, 0.000333749660058, -2.1964606276e-05, 0.00296809570864, -0.000429862411693, -0.000718491268344, -0.000463832257083, 1.92292591237e-05, 0.000823238748126, -0.000654560455587, -0.00251045590267, 0.00281905103475, -0.00225816247985], [-2.43266877078e-05, -0.000639367674012, -0.0005922105629, -0.000429862411693, 0.00384620693512, -0.000437373935711, -0.00126298423856, -0.000484116957523, -0.000355970405508, 0.000506078649778, -0.00181282497942, -0.000522413349245, -0.00048816591152], [-3.89669694414e-05, -1.8137028519e-06, -0.000720470561646, -0.000718491268344, -0.000437373935711, 0.00495980167761, -0.00119761249516, -5.1007453294e-05, -0.00121920672245, -0.000640620302875, 0.00344256055541, -0.00414591515437, 0.00168582773767], [0.000148734005052, 0.000166082187206, -0.000369341112673, -0.000463832257083, -0.00126298423856, -0.00119761249516, 0.00935936160386, -0.0036945042666, -0.0014252854744, 0.00269166892394, -0.00372415385209, 0.00474159838632, -0.00332837691531], [-0.000267346185865, 7.77450986789e-05, 0.000355712778401, 1.92292591237e-05, -0.000484116957523, -5.1007453294e-05, -0.0036945042666, 0.0107050957158, -0.00237136729993, -0.00315779889934, 0.00438044639304, -0.00303001492284, 0.00152951735072], [0.000205859003472, -0.000801952031907, -0.000931502087042, 0.000823238748126, -0.000355970405508, -0.00121920672245, -0.0014252854744, -0.00237136729993, 0.0148067753762, -0.00492149172351, -0.00204535992816, 0.0050275688991, -0.00331595516764], [-0.000192437859369, 0.000987519975752, 0.000407010113122, -0.000654560455587, 0.000506078649778, -0.000640620302875, 0.00269166892394, -0.00315779889934, -0.00492149172351, 0.0204456020147, -0.00725235557184, -0.00170192716178, 0.00550474086776], [0.000373499118723, -0.00102720817085, 0.000883398985025, -0.00251045590267, -0.00181282497942, 0.00344256055541, -0.00372415385209, 0.00438044639304, -0.00204535992816, -0.00725235557184, 0.0240432303399, -0.0105864685029, 0.00357834948227], [-0.000324433436617, 0.00170949869789, -0.00104221922811, 0.00281905103475, -0.000522413349245, -0.00414591515437, 0.00474159838632, -0.00303001492284, 0.0050275688991, -0.00170192716178, -0.0105864685029, 0.0298384390771, -0.0126821585], [0.000125366408611, -0.00111188518349, 0.00116433796939, -0.00225816247985, -0.00048816591152, 0.00168582773767, -0.00332837691531, 0.00152951735072, -0.00331595516764, 0.00550474086776, 0.00357834948227, -0.0126821585, 0.0234202500433]]
    },
    "melbands": {
        "dmean": [0.00198111729696, 0.00161641603336, 0.000795365776867, 0.000449828221463, 0.000219592286157, 0.000147717422806, 9.1531277576e-05, 7.35399880796e-05, 2.70584077953e-05, 2.70255968644e-05, 3.72155082005e-05, 2.24516625167e-05, 1.79280796146e-05, 9.79256856226e-06, 1.03270303953e-05, 7.18844330549e-06, 9.8195987448e-06, 6.69120572638e-06, 5.05293701281e-06, 4.62391471956e-06, 7.54901157052e-06, 5.44662771063e-06, 3.87023146686e-06, 3.28616033585e-06, 2.92660502055e-06, 5.33875027031e-06, 4.71308248962e-06, 1.88948388313e-06, 1.16823468943e-06, 1.11153099169e-06, 5.81758513363e-07, 5.38722588317e-07, 4.72326831868e-07, 6.01815941081e-07, 6.41322174033e-07, 5.75278136239e-07, 4.79584684854e-07, 5.31853459051e-07, 4.47384707059e-07, 3.55358736215e-07],
        "dmean2": [0.00335754873231, 0.00267626391724, 0.00131278263871, 0.00076713663293, 0.000364469073247, 0.000229146826314, 0.00015094736591, 0.000114203277917, 4.21637450927e-05, 4.06530707551e-05, 5.20148460055e-05, 3.19748105539e-05, 2.80796375591e-05, 1.65956953424e-05, 1.8164742869e-05, 1.1702329175e-05, 1.50156520249e-05, 1.03917809611e-05, 7.96687709226e-06, 7.45102397559e-06, 1.14722670332e-05, 8.69103041623e-06, 6.0912502704e-06, 5.03667115481e-06, 4.40206349595e-06, 7.88697525422e-06, 6.92097091815e-06, 2.86147951556e-06, 1.78914217486e-06, 1.67647965554e-06, 8.42658778311e-07, 8.08918912298e-07, 6.93869083079e-07, 8.89207285582e-07, 9.59108092502e-07, 8.42657698286e-07, 6.82075324221e-07, 7.78787125455e-07, 6.51834284326e-07, 5.14096882398e-07],
        "dvar": [5.06405485794e-05, 2.13669954974e-05, 5.64411948289e-06, 1.93756864064e-06, 4.11464725403e-07, 1.52838182998e-07, 7.46155066622e-08, 5.85265418351e-08, 5.92319260306e-09, 4.18516155065e-09, 1.2239340208e-08, 5.93257309944e-09, 3.67229024967e-09, 9.96388860308e-10, 2.0739419071e-09, 4.36723074371e-10, 2.24574869812e-09, 1.04312747329e-09, 2.19608164986e-10, 8.38120961522e-11, 6.13957162887e-10, 2.67769084683e-10, 2.26290916561e-10, 1.50146631239e-10, 8.3246902427e-11, 4.26879254167e-10, 3.70033392816e-10, 6.60988278001e-11, 1.54947513153e-11, 1.08841477497e-11, 2.26494929582e-12, 2.74847245657e-12, 2.29297722303e-12, 3.26585156488e-12, 3.20733088525e-12, 2.67935413439e-12, 1.87139713448e-12, 2.58202465485e-12, 1.72077250452e-12, 1.05934271771e-12],
        "dvar2": [0.00013278768165, 5.71692253288e-05, 1.33695912155e-05, 5.40067776456e-06, 1.11314329843e-06, 3.57481212632e-07, 1.89831538933e-07, 1.22582861195e-07, 1.24072112584e-08, 8.75014904977e-09, 2.04190584441e-08, 8.89434215168e-09, 6.3970841957e-09, 2.42048892041e-09, 5.99246874344e-09, 9.77289804638e-10, 4.11904022002e-09, 1.87133930574e-09, 4.30006447116e-10, 2.04532779602e-10, 1.35873134965e-09, 6.35940966554e-10, 4.77056172343e-10, 3.25901111653e-10, 1.8269311064e-10, 8.85200579503e-10, 7.36394945022e-10, 1.2623624368e-10, 3.54462535712e-11, 2.40982633154e-11, 4.80354991894e-12, 6.28155600452e-12, 5.21315195873e-12, 7.45437045424e-12, 7.21875684229e-12, 5.57536525628e-12, 3.83935504916e-12, 5.45958070419e-12, 3.69919416279e-12, 2.19482136458e-12],
        "max": [0.069059677422, 0.0498874485493, 0.035600155592, 0.0214001685381, 0.0133194252849, 0.016973733902, 0.00956087000668, 0.0168636981398, 0.00352439587004, 0.00147848622873, 0.003291036468, 0.0028771222569, 0.00253988709301, 0.000989970518276, 0.00125032302458, 0.00103449798189, 0.00192304863594, 0.0018840348348, 0.000656644871924, 0.000189864455024, 0.00083534384612, 0.000427454739111, 0.000856564438436, 0.000575968588237, 0.000249320466537, 0.00101206253748, 0.00116745836567, 0.000393618218368, 0.000149746323586, 0.000110159955511, 3.57697717845e-05, 6.00418425165e-05, 3.7598216295e-05, 3.94985872845e-05, 2.55450140685e-05, 2.80520398519e-05, 2.27724558499e-05, 2.94466572086e-05, 2.47777261393e-05, 2.0991987185e-05],
        "mean": [0.00290408427827, 0.00380989117548, 0.00139230070636, 0.000834625854623, 0.000451850297395, 0.000380178797059, 0.000195888016606, 0.000170150509803, 5.37242158316e-05, 5.51705197722e-05, 7.90667618276e-05, 4.57372370875e-05, 2.95738445857e-05, 1.362175135e-05, 1.35840018629e-05, 1.20500844787e-05, 1.66991721926e-05, 1.21987286548e-05, 9.67038431554e-06, 9.32297007239e-06, 1.50163341459e-05, 9.57449083216e-06, 6.8875388024e-06, 6.33107129033e-06, 5.92967990087e-06, 1.06277657324e-05, 9.58782675298e-06, 3.23369113175e-06, 1.78983009391e-06, 1.56228657033e-06, 7.66232631122e-07, 7.03011153291e-07, 5.76599518354e-07, 6.40782104711e-07, 6.59546685711e-07, 6.38288668142e-07, 5.53996358121e-07, 5.76805121e-07, 4.83155588427e-07, 3.96725596374e-07],
        "median": [0.00132036756258, 0.00262916460633, 0.000670425652061, 0.000219605659368, 0.000125694918097, 7.43915734347e-05, 2.51128130913e-05, 2.49765107583e-05, 1.49738743858e-05, 1.45634930959e-05, 1.49446022988e-05, 8.0638401414e-06, 6.20224818704e-06, 3.67219740838e-06, 4.84537349621e-06, 4.62444677396e-06, 4.50574771094e-06, 2.93701214105e-06, 3.18235402119e-06, 3.06437118525e-06, 1.58939258199e-06, 1.07428070351e-06, 9.52163759393e-07, 4.51423176173e-07, 4.12053140053e-07, 4.84437748582e-07, 2.61228763065e-07, 1.50178522063e-07, 1.02172528216e-07, 1.14335087176e-07, 8.20249823619e-08, 8.20203638341e-08, 4.61441409527e-08, 3.35801608742e-08, 2.48825173799e-08, 2.78996239444e-08, 2.65613788741e-08, 2.06093293542e-08, 1.46582204152e-08, 1.19538157151e-08],
        "min": [1.36228105733e-23, 2.68013125966e-23, 3.17363909209e-24, 8.97097433469e-24, 1.13310505256e-23, 7.66677268819e-24, 9.96643633327e-24, 6.87365824497e-24, 4.04844442079e-24, 8.261929587e-24, 1.0480260095e-23, 1.62999725605e-23, 1.25023275319e-23, 6.57030809475e-24, 1.26325613676e-23, 1.05256787616e-23, 5.48087225198e-24, 1.98312768483e-23, 1.32417592016e-23, 1.1116227135e-23, 8.92323405043e-24, 9.91234335213e-24, 5.36431647551e-24, 8.47609427871e-24, 8.79921407207e-24, 1.4341008474e-23, 1.48973636715e-23, 1.17730974113e-23, 6.78576020747e-24, 4.00740669321e-24, 9.67123432734e-24, 9.05900884513e-24, 8.85511748898e-24, 1.16593531351e-23, 7.21594735833e-24, 5.35381042598e-24, 8.68240901556e-24, 7.58507825285e-24, 6.51841721884e-24, 1.25470322793e-23],
        "var": [3.85199709854e-05, 2.19775229198e-05, 6.75433602737e-06, 3.07342497763e-06, 8.93113622169e-07, 1.07612129341e-06, 3.38698754376e-07, 4.11936184719e-07, 2.07655812545e-08, 1.41943878873e-08, 4.27493382915e-08, 2.26664766956e-08, 1.0767700509e-08, 1.48202694561e-09, 1.3698385759e-09, 7.49939887967e-10, 4.48832304656e-09, 2.60552046605e-09, 6.08298855731e-10, 2.71942190988e-10, 1.94096716477e-09, 6.27303931022e-10, 5.87195514434e-10, 4.41068459534e-10, 2.79370943046e-10, 1.76539405317e-09, 1.55230028831e-09, 1.65574651212e-10, 2.8659928597e-11, 1.94336179093e-11, 3.57643667286e-12, 3.70413855838e-12, 2.99869309071e-12, 4.00726500593e-12, 3.80122973029e-12, 3.57037511535e-12, 2.72008283952e-12, 3.3962262256e-12, 2.2377176067e-12, 1.44809847707e-12]
    },
    "mfcc": {
        "mean": [-755.077331543, 157.986495972, 21.858171463, 28.9436130524, 17.2473564148, 8.9103937149, 5.33840942383, 3.38397979736, 2.69647145271, 3.99792504311, -1.94405019283, -2.61329364777, -2.44667220116],
        "cov": [[18328.6738281, -682.207092285, -2322.68432617, 678.558105469, -99.3987960815, -451.490631104, 9.84398841858, -114.318977356, -172.870117188, 19.2287826538, -256.71282959, -53.5636329651, 58.9338760376], [-682.207092285, 2768.49438477, -16.0726470947, 307.583709717, 417.120483398, 241.332397461, 185.055892944, 211.161361694, 241.99571228, 126.539726257, 94.5275650024, 8.69827842712, 11.5192728043], [-2322.68432617, -16.0726470947, 1582.38598633, -81.4880752563, 284.914581299, 383.816223145, 143.266525269, 228.64666748, 185.623001099, 97.5917129517, 137.16468811, 46.846496582, -16.8654937744], [678.558105469, 307.583709717, -81.4880752563, 481.724731445, 102.736022949, 31.1854324341, 120.698249817, 42.6800994873, 47.4714431763, 52.9761161804, 7.47340726852, 31.9365196228, 39.2215919495], [-99.3987960815, 417.120483398, 284.914581299, 102.736022949, 352.981658936, 226.974563599, 124.267974854, 140.535751343, 107.191360474, 57.4056510925, 63.6522216797, 30.4604358673, 22.5952758789], [-451.490631104, 241.332397461, 383.816223145, 31.1854324341, 226.974563599, 296.892913818, 133.742202759, 136.632797241, 104.615211487, 51.3982925415, 64.0234909058, 35.4423942566, 5.27692699432], [9.84398841858, 185.055892944, 143.266525269, 120.698249817, 124.267974854, 133.742202759, 176.861663818, 119.954910278, 81.6818847656, 51.4257164001, 32.7887229919, 25.7193088531, 23.4804420471], [-114.318977356, 211.161361694, 228.64666748, 42.6800994873, 140.535751343, 136.632797241, 119.954910278, 180.141815186, 122.857269287, 61.1281738281, 47.013343811, 16.5452251434, 6.64264965057], [-172.870117188, 241.99571228, 185.623001099, 47.4714431763, 107.191360474, 104.615211487, 81.6818847656, 122.857269287, 156.501724243, 80.7695541382, 46.0993690491, 11.8669519424, 0.0689057931304], [19.2287826538, 126.539726257, 97.5917129517, 52.9761161804, 57.4056510925, 51.3982925415, 51.4257164001, 61.1281738281, 80.7695541382, 105.044036865, 51.5543708801, 8.72609901428, 7.26590156555], [-256.71282959, 94.5275650024, 137.16468811, 7.47340726852, 63.6522216797, 64.0234909058, 32.7887229919, 47.013343811, 46.0993690491, 51.5543708801, 87.8886413574, 39.3295974731, 9.50424003601], [-53.5636329651, 8.69827842712, 46.846496582, 31.9365196228, 30.4604358673, 35.4423942566, 25.7193088531, 16.5452251434, 11.8669519424, 8.72609901428, 39.3295974731, 82.1945571899, 34.4978256226], [58.9338760376, 11.5192728043, -16.8654937744, 39.2215919495, 22.5952758789, 5.27692699432, 23.4804420471, 6.64264965057, 0.0689057931304, 7.26590156555, 9.50424003601, 34.4978256226, 65.9790496826]],
