{
"lowlevel": {
    "average_loudness": 0.967207849026,
    "barkbands_crest": {
        "dmean": 3.28344869614,
        "dmean2": 5.45138406754,
        "dvar": 10.1101264954,
        "dvar2": 27.2983455658,
        "max": 26.8668861389,
        "mean": 13.5669145584,
        "median": 12.7874040604,
        "min": 2.58383870125,
        "var": 27.754617691
    },
    "barkbands_flatness_db": {
        "dmean": 0.0300241932273,
        "dmean2": 0.0468169786036,
        "dvar": 0.00113928096835,
        "dvar2": 0.00293857115321,
        "max": 0.650890171528,
        "mean": 0.168872237206,
        "median": 0.146763160825,
        "min": 0.0246013496071,
        "var": 0.00771089317277
    },
    "barkbands_kurtosis": {
        "dmean": 10.0358562469,
        "dmean2": 17.3162956238,
        "dvar": 845.013793945,
        "dvar2": 2316.69750977,
        "max": 1017.22229004,
        "mean": 13.9843406677,
        "median": 4.69846820831,
        "min": -1.94291186333,
        "var": 1188.88085938
    },
    "barkbands_skewness": {
        "dmean": 0.953487336636,
        "dmean2": 1.5291159153,
        "dvar": 1.94957280159,
        "dvar2": 5.03420782089,
        "max": 17.9289913177,
        "mean": 2.37583971024,
        "median": 2.01805686951,
        "min": -5.7621178627,
        "var": 4.05869626999
    },
    "barkbands_spread": {
        "dmean": 5.70131874084,
        "dmean2": 8.77350330353,
        "dvar": 80.8673248291,
        "dvar2": 168.882659912,
        "max": 117.070037842,
        "mean": 17.0715103149,
        "median": 13.7957935333,
        "min": 0.0304754786193,
        "var": 247.381378174
    },
    "dissonance": {
        "dmean": 0.0195217132568,
        "dmean2": 0.0313196144998,
        "dvar": 0.000403838930652,
        "dvar2": 0.000962343299761,
        "max": 0.5,
        "mean": 0.446235626936,
        "median": 0.458265334368,
        "min": 0.114899151027,
        "var": 0.00231019570492
    },
    "dynamic_complexity": 2.38532567024,
    "erbbands_crest": {
        "dmean": 2.64448928833,
        "dmean2": 4.20410442352,
        "dvar": 6.15911054611,
        "dvar2": 14.8547506332,
        "max": 29.9032249451,
        "mean": 10.40666008,
        "median": 9.24575138092,
        "min": 2.3429980278,
        "var": 25.1186656952
    },
    "erbbands_flatness_db": {
        "dmean": 0.023067208007,
        "dmean2": 0.0318940877914,
        "dvar": 0.000700995675288,
        "dvar2": 0.00133328302763,
        "max": 0.51716196537,
        "mean": 0.163520202041,
        "median": 0.15696516633,
        "min": 0.0332789085805,
        "var": 0.00452887453139
    },
    "erbbands_kurtosis": {
        "dmean": 1.47006714344,
        "dmean2": 2.2653234005,
        "dvar": 16.0880737305,
        "dvar2": 37.6932907104,
        "max": 132.550674438,
        "mean": 1.88581001759,
        "median": -0.149578809738,
        "min": -1.8692702055,
        "var": 62.5612335205
    },
    "erbbands_skewness": {
        "dmean": 0.410009264946,
        "dmean2": 0.603110492229,
        "dvar": 0.240136042237,
        "dvar2": 0.507583737373,
        "max": 7.59409141541,
        "mean": 0.565791666508,
        "median": 0.434468388557,
        "min": -3.75513720512,
        "var": 1.35181999207
    },
    "erbbands_spread": {
        "dmean": 11.3363285065,
        "dmean2": 16.9363613129,
        "dvar": 220.083053589,
        "dvar2": 492.238861084,
        "max": 170.615570068,
        "mean": 42.4746513367,
        "median": 37.7241592407,
        "min": 0.523933291435,
        "var": 619.726318359
    },
    "hfc": {
        "dmean": 8.76574039459,
        "dmean2": 12.4284620285,
        "dvar": 602.245117188,
        "dvar2": 938.776000977,
        "max": 663.04498291,
        "mean": 27.4599514008,
        "median": 18.3460617065,
        "min": 1.15085228343e-16,
        "var": 1904.83312988
    },
    "melbands_crest": {
        "dmean": 3.86995124817,
        "dmean2": 6.35595321655,
        "dvar": 12.2892131805,
        "dvar2": 33.317325592,
        "max": 35.135761261,
        "mean": 17.9210548401,
        "median": 17.1649131775,
        "min": 1.82705783844,
        "var": 40.578086853
    },
    "melbands_flatness_db": {
        "dmean": 0.0346120968461,
        "dmean2": 0.052694119513,
        "dvar": 0.00154022069182,
        "dvar2": 0.00383187341504,
        "max": 0.729400098324,
        "mean": 0.251254051924,
        "median": 0.227548897266,
        "min": 0.00542140752077,
        "var": 0.0103272115812
    },
    "melbands_kurtosis": {
        "dmean": 22.1824512482,
        "dmean2": 37.5942764282,
        "dvar": 2968.68481445,
        "dvar2": 7884.62207031,
        "max": 811.916503906,
        "mean": 30.5749206543,
        "median": 14.1421537399,
        "min": -1.87861657143,
        "var": 3536.23657227
    },
    "melbands_skewness": {
        "dmean": 1.27731251717,
        "dmean2": 2.02434897423,
        "dvar": 3.52332496643,
        "dvar2": 8.63199710846,
        "max": 21.0584602356,
        "mean": 3.62270116806,
        "median": 3.14817905426,
        "min": -4.15798950195,
        "var": 6.65724182129
    },
    "melbands_spread": {
        "dmean": 6.49042654037,
        "dmean2": 9.60556983948,
        "dvar": 182.344100952,
        "dvar2": 349.037963867,
        "max": 309.064086914,
        "mean": 17.3029270172,
        "median": 12.2752456665,
        "min": 0.171965241432,
        "var": 511.912353516
    },
    "pitch_salience": {
        "dmean": 0.0855504497886,
        "dmean2": 0.141191959381,
        "dvar": 0.00738865789026,
        "dvar2": 0.0202959794551,
        "max": 0.994681715965,
        "mean": 0.51530367136,
        "median": 0.527868747711,
        "min": 0.0563723780215,
        "var": 0.0179083198309
    },
    "silence_rate_20dB": {
        "dmean": 0,
        "dmean2": 0,
        "dvar": 0,
        "dvar2": 0,
        "max": 1,
        "mean": 1,
        "median": 1,
        "min": 1,
        "var": 0
    },
    "silence_rate_30dB": {
        "dmean": 0.0238114781678,
        "dmean2": 0.0476268678904,
        "dvar": 0.0232449471951,
        "dvar2": 0.0639107078314,
        "max": 1,
        "mean": 0.985467970371,
        "median": 1,
        "min": 0,
        "var": 0.0143223078921
    },
    "silence_rate_60dB": {
        "dmean": 0.00903194025159,
        "dmean2": 0.0179832484573,
        "dvar": 0.00895192101598,
        "dvar2": 0.019627770409,
        "max": 1,
        "mean": 0.022577997297,
        "median": 0,
        "min": 0,
        "var": 0.0220637172461
    },
    "spectral_centroid": {
        "dmean": 237.667236328,
        "dmean2": 352.550628662,
        "dvar": 113291.46875,
        "dvar2": 212191.4375,
        "max": 10769.7236328,
        "mean": 964.130615234,
        "median": 850.430847168,
        "min": 119.859085083,
        "var": 450192.6875
    },
    "spectral_complexity": {
        "dmean": 3.43804907799,
        "dmean2": 5.31885385513,
        "dvar": 12.9821710587,
        "dvar2": 29.1301269531,
        "max": 57,
        "mean": 18.1990966797,
        "median": 19,
        "min": 0,
        "var": 80.9579162598
    },
    "spectral_decrease": {
        "dmean": 3.88306320431e-09,
        "dmean2": 6.98460800308e-09,
        "dvar": 6.39389503854e-17,
        "dvar2": 1.81832708371e-16,
        "max": -4.44882564824e-29,
        "mean": -1.00170067796e-08,
        "median": -9.21681575505e-09,
        "min": -5.34866089197e-08,
        "var": 5.1154831005e-17
    },
    "spectral_energy": {
        "dmean": 0.0149564677849,
        "dmean2": 0.0268310587853,
        "dvar": 0.000918865960557,
        "dvar2": 0.00261788140051,
        "max": 0.203987658024,
        "mean": 0.0402972586453,
        "median": 0.0374677404761,
        "min": 1.06064757446e-20,
        "var": 0.000757293193601
    },
    "spectral_energyband_high": {
        "dmean": 0.000788859440945,
        "dmean2": 0.00107854662929,
        "dvar": 8.57629584061e-06,
        "dvar2": 1.31357201099e-05,
        "max": 0.0757822170854,
        "mean": 0.00144982640631,
        "median": 0.000327579211444,
        "min": 7.51767590082e-21,
        "var": 2.59317021118e-05
    },
    "spectral_energyband_low": {
        "dmean": 0.0129082351923,
        "dmean2": 0.0232269726694,
        "dvar": 0.00108522293158,
        "dvar2": 0.00301470630802,
        "max": 0.200245425105,
        "mean": 0.0120892943814,
        "median": 0.0046715172939,
        "min": 8.67647094398e-23,
        "var": 0.000730683153961
    },
    "spectral_energyband_middle_high": {
        "dmean": 0.00170158396941,
        "dmean2": 0.00235424051061,
        "dvar": 6.06588582741e-06,
        "dvar2": 1.10773589768e-05,
        "max": 0.0554483607411,
        "mean": 0.0055017718114,
        "median": 0.00327242398635,
        "min": 1.71729480632e-21,
        "var": 4.37779490312e-05
    },
    "spectral_energyband_middle_low": {
        "dmean": 0.00600995775312,
        "dmean2": 0.00943684205413,
        "dvar": 4.05003956985e-05,
        "dvar2": 0.000104122118501,
        "max": 0.0729495361447,
        "mean": 0.0215979143977,
        "median": 0.0216343607754,
        "min": 2.95473064843e-22,
        "var": 0.00017504459538
    },
    "spectral_entropy": {
        "dmean": 0.237831071019,
        "dmean2": 0.336398273706,
        "dvar": 0.0892974883318,
        "dvar2": 0.180696219206,
        "max": 9.80060768127,
        "mean": 7.25629234314,
        "median": 7.38525724411,
        "min": 2.98063588142,
        "var": 0.649215817451
    },
    "spectral_flux": {
        "dmean": 0.0373382605612,
        "dmean2": 0.0613780580461,
        "dvar": 0.00323587865569,
        "dvar2": 0.00645411061123,
        "max": 0.416113257408,
        "mean": 0.0986607819796,
        "median": 0.0810924395919,
        "min": 1.02987743333e-10,
        "var": 0.00491676852107
    },
    "spectral_kurtosis": {
        "dmean": 3.11894059181,
        "dmean2": 5.02926969528,
        "dvar": 51.3766746521,
        "dvar2": 123.063461304,
        "max": 252.717315674,
        "mean": 8.66067695618,
        "median": 5.22405481339,
        "min": -1.23966729641,
        "var": 324.845092773
    },
    "spectral_rms": {
        "dmean": 0.000996431917883,
        "dmean2": 0.0017376341857,
        "dvar": 2.79446021523e-06,
        "dvar2": 7.78864705353e-06,
        "max": 0.0141071742401,
        "mean": 0.00595835084096,
        "median": 0.00604598131031,
        "min": 3.21679662074e-12,
        "var": 3.8122384467e-06
    },
    "spectral_rolloff": {
        "dmean": 453.995391846,
        "dmean2": 742.712585449,
        "dvar": 1316638.25,
        "dvar2": 2541485.25,
        "max": 18927.6855469,
        "mean": 1151.02514648,
        "median": 602.9296875,
        "min": 64.599609375,
        "var": 3319175.5
    },
    "spectral_skewness": {
        "dmean": 0.347793012857,
        "dmean2": 0.534710407257,
        "dvar": 0.23819899559,
        "dvar2": 0.518389284611,
        "max": 13.0050611496,
        "mean": 1.93921148777,
        "median": 1.74859547615,
        "min": -0.0531376302242,
        "var": 1.64277791977
    },
    "spectral_spread": {
        "dmean": 773452.8125,
        "dmean2": 1091298.375,
        "dvar": 1.08962290074e+12,
        "dvar2": 1.94619598438e+12,
        "max": 41156676,
        "mean": 4647661,
        "median": 4364635.5,
        "min": 334869.65625,
        "var": 4.08611350118e+12
    },
    "spectral_strongpeak": {
        "dmean": 0.477044820786,
        "dmean2": 0.796509087086,
        "dvar": 0.609707832336,
        "dvar2": 1.47641837597,
        "max": 20.2747192383,
        "mean": 1.16731584072,
        "median": 0.978455305099,
        "min": 0,
        "var": 1.18205463886
    },
    "zerocrossingrate": {
        "dmean": 0.0106693804264,
        "dmean2": 0.0118063585833,
        "dvar": 0.000342440413078,
        "dvar2": 0.000330515147652,
        "max": 0.49609375,
        "mean": 0.046397022903,
        "median": 0.03662109375,
        "min": 0.00439453125,
        "var": 0.00212520547211
    },
    "barkbands": {
        "dmean": [0.000523907481693, 0.0103117395192, 0.00280728144571, 0.000555637234356, 0.00543197151273, 0.000744833319914, 0.000757247500587, 0.000838959240355, 0.000510203593876, 0.000633014482446, 0.0005414368934, 0.000261855631834, 0.000303748325678, 0.000352253264282, 0.000229975572438, 0.000217057240661, 0.000247204327025, 0.000144173434819, 0.000140217744047, 0.000110442008008, 0.000112800174975, 0.000186364646652, 0.000146985184983, 0.000162903786986, 0.000174650500412, 7.07809813321e-05, 2.37154290517e-05],
        "dmean2": [0.000808371871244, 0.0189519114792, 0.00486656557769, 0.000957358104642, 0.00868726428598, 0.00111623120029, 0.00112489296589, 0.00122288137209, 0.000738619128242, 0.00088056671666, 0.000791031052358, 0.000394206232158, 0.000477177702123, 0.000533817976248, 0.00035775147262, 0.00033699022606, 0.000398351839976, 0.0002263278584, 0.000222490998567, 0.000178130459972, 0.000176383487997, 0.0002664187341, 0.000206666096346, 0.000233005921473, 0.000251333462074, 0.000102484336821, 3.36604025506e-05],
        "dvar": [7.92563241703e-07, 0.000837616855279, 2.23152819672e-05, 8.86302530034e-07, 3.72052054445e-05, 1.24925691125e-06, 2.65539665634e-06, 4.50303605248e-06, 1.63164918376e-06, 2.62451817434e-06, 1.6655546915e-06, 2.96909121289e-07, 3.21098639233e-07, 7.38812786949e-07, 3.0029792697e-07, 2.41102327436e-07, 3.53909797468e-07, 9.06616435259e-08, 8.70977672207e-08, 5.15874383211e-08, 1.4783249469e-07, 6.5862491283e-07, 3.47345206819e-07, 5.09367396262e-07, 7.1311484362e-07, 1.19982317415e-07, 9.79384751076e-09],
        "dvar2": [1.71296335338e-06, 0.00234570121393, 6.25831380603e-05, 2.50880202657e-06, 9.87860767054e-05, 2.86551608042e-06, 5.44634667676e-06, 8.80675543158e-06, 3.10063342113e-06, 4.59408829556e-06, 3.57239332516e-06, 6.36014078736e-07, 6.80491837102e-07, 1.52181473823e-06, 6.08595200902e-07, 5.49285971374e-07, 8.77888226114e-07, 2.04174241958e-07, 1.77974740723e-07, 1.19368621654e-07, 3.1444668025e-07, 1.16982027976e-06, 6.57434043205e-07, 8.74137867868e-07, 1.21284676879e-06, 2.22731742383e-07, 1.89124058636e-08],
        "max": [0.00899305660278, 0.173312261701, 0.0434728749096, 0.0169888436794, 0.0710319131613, 0.0277554430068, 0.0369066223502, 0.042086109519, 0.0276128742844, 0.0483039580286, 0.0316317938268, 0.0171171743423, 0.017294421792, 0.0221897494048, 0.0172928590328, 0.0133364703506, 0.0192674472928, 0.0148419858888, 0.0221886765212, 0.00846720300615, 0.010377028957, 0.0455628558993, 0.0191044174135, 0.0270908921957, 0.0251164250076, 0.0136798173189, 0.00493575353175],
        "mean": [0.000524366623722, 0.00762095721439, 0.00379970809445, 0.000826085917652, 0.0147608565167, 0.0016515412135, 0.00142421678174, 0.00159046845511, 0.000939912977628, 0.00130685965996, 0.000983747537248, 0.000452136649983, 0.000530939723831, 0.000640586193185, 0.000374472147087, 0.000363066908903, 0.000421490462031, 0.000277863087831, 0.000265414244495, 0.000198931476916, 0.000182419433258, 0.000279394851532, 0.000232323713135, 0.000253210077062, 0.00025919318432, 0.000104980783362, 3.20981198456e-05],
        "median": [0.000136580900289, 0.00129456922878, 0.00218791980296, 0.000331464456394, 0.0132176540792, 0.00106304080691, 0.000572386546992, 0.00027395907091, 0.000245804752922, 0.000278339546639, 0.000231109734159, 0.000185602344573, 0.000267147494014, 0.000212842307519, 0.000177450463525, 0.000179891678272, 0.000196966197109, 0.000160839990713, 0.000152916094521, 0.000103064296127, 5.7577053667e-05, 2.14834672079e-05, 2.36551713897e-05, 3.97255280404e-05, 2.76521986962e-05, 9.223131201e-06, 2.85696069113e-06],
        "min": [4.13191521312e-23, 1.05580701793e-23, 5.29085159491e-23, 1.26557144351e-23, 2.83278184016e-23, 3.72428617093e-23, 8.54617889034e-23, 9.39225114385e-23, 3.13751407469e-23, 3.37194807404e-23, 2.74161539416e-23, 9.76901111219e-23, 2.17613124587e-22, 7.16929096895e-23, 9.08291985025e-23, 2.06202825884e-22, 1.73561314104e-22, 2.84338943188e-22, 2.14975804808e-22, 4.52204403877e-22, 5.27762940261e-22, 4.34919439079e-22, 6.50417255237e-22, 9.80093107498e-22, 1.06630558275e-21, 1.50331331966e-21, 2.37276415399e-21],
        "var": [9.84839743978e-07, 0.000532769830897, 2.23863444262e-05, 1.52353857175e-06, 0.000125257560285, 3.95464121539e-06, 7.47265585233e-06, 1.40668798849e-05, 4.6903051043e-06, 1.21850389405e-05, 5.47736408407e-06, 7.36139099899e-07, 8.00966574843e-07, 2.0995930754e-06, 6.67785172936e-07, 4.38911229139e-07, 5.98035626354e-07, 2.01912357056e-07, 2.42740554768e-07, 1.25899802583e-07, 2.72530627399e-07, 1.77313586391e-06, 8.19957165277e-07, 1.1352473166e-06, 1.67872030943e-06, 2.87666864551e-07, 2.08502317633e-08]
    },
    "erbbands": {
        "dmean": [0.305906325579, 2.29492402077, 3.87443232536, 1.82762849331, 11.0970573425, 23.3482666016, 8.70611667633, 5.363717556, 9.27601623535, 14.3545598984, 16.0868415833, 12.2836475372, 14.9071941376, 19.773481369, 19.3867359161, 10.0842123032, 13.2852363586, 18.7807197571, 12.4592447281, 9.79030990601, 11.6786737442, 12.747089386, 7.47513866425, 7.35144233704, 6.28097009659, 5.49429416656, 4.29763889313, 4.728120327, 6.43493175507, 6.14267969131, 3.84325051308, 3.12023639679, 3.00942134857, 2.38795757294, 1.03059577942, 0.35804232955, 0.127240985632, 0.0284342095256, 0.00392468087375, 0.000236788546317],
        "dmean2": [0.543872237206, 4.29414844513, 6.90461730957, 3.1432967186, 17.8803062439, 37.5860710144, 13.556927681, 8.04553318024, 13.8796434402, 21.0458774567, 23.0193557739, 17.5081787109, 20.9737815857, 27.4778690338, 27.9811973572, 15.0774831772, 20.6844654083, 28.129737854, 18.9123802185, 15.3241319656, 17.6086807251, 20.436460495, 11.6375980377, 11.2928695679, 10.0911073685, 8.83895111084, 6.70656347275, 7.13229084015, 9.3662815094, 8.65837001801, 5.42164134979, 4.59305953979, 4.24426937103, 3.47993397713, 1.46474587917, 0.527858138084, 0.188478127122, 0.0398004539311, 0.00548152904958, 0.000364104198525],
        "dvar": [0.65873581171, 42.8580207825, 62.96276474, 6.36837148666, 194.382644653, 800.898254395, 177.594787598, 74.1959381104, 357.890289307, 1572.63305664, 1894.01574707, 1064.98596191, 1392.77856445, 3293.07006836, 1919.45910645, 370.137664795, 588.764282227, 1932.5246582, 1026.95910645, 387.995574951, 741.063232422, 986.445007324, 233.175994873, 190.718231201, 178.0625, 130.008224487, 145.820922852, 330.922943115, 783.663757324, 734.746032715, 223.549926758, 161.233428955, 198.065322876, 136.112319946, 25.5204219818, 3.13551735878, 0.448616355658, 0.0210848599672, 0.000279497646261, 5.76515958528e-07],
        "dvar2": [1.78896069527, 121.990905762, 180.031799316, 17.8907108307, 524.740661621, 2131.21801758, 441.72277832, 167.312866211, 741.085754395, 3221.49853516, 3765.2355957, 2008.66809082, 2395.91894531, 5754.44775391, 3889.85839844, 785.818115234, 1279.94848633, 3869.55419922, 2075.26904297, 909.538208008, 1653.72180176, 2460.70263672, 546.404968262, 378.71472168, 347.809936523, 303.37020874, 330.069458008, 659.328369141, 1462.40258789, 1264.16381836, 434.561004639, 307.227722168, 333.533508301, 244.822738647, 43.3792076111, 5.60553121567, 0.897970080376, 0.0413328781724, 0.000544236332644, 1.23705910937e-06],
        "max": [5.46867752075, 39.6649742126, 61.4705848694, 29.3020458221, 201.530731201, 358.616821289, 251.660339355, 278.769104004, 545.074157715, 862.260009766, 1064.01330566, 857.422607422, 1200.20788574, 1848.06591797, 1243.41699219, 470.395690918, 918.882995605, 1265.7532959, 1017.71343994, 495.459899902, 863.769714355, 1041.91113281, 595.428039551, 830.437561035, 765.776977539, 370.651184082, 367.57522583, 480.8253479, 1376.37756348, 1305.46655273, 492.712890625, 522.918701172, 502.308837891, 308.90322876, 171.961929321, 87.1611099243, 23.2668113708, 6.33368825912, 0.730512499809, 0.0245574023575],
        "mean": [0.230620130897, 1.68386125565, 4.58861207962, 3.35690736771, 28.3734703064, 57.8738365173, 19.9245967865, 12.0568132401, 18.2969875336, 28.0673103333, 31.3040237427, 23.717300415, 30.1382541656, 43.6577262878, 39.4160346985, 20.1420326233, 25.367313385, 36.9741783142, 22.414560318, 17.1200714111, 22.0915260315, 22.9144763947, 15.2949867249, 15.2929420471, 11.4374628067, 9.90097141266, 7.60517120361, 7.24066400528, 9.37932300568, 9.79084587097, 6.16213321686, 4.69988822937, 4.58314847946, 3.50239658356, 1.49423062801, 0.525287568569, 0.183182641864, 0.0404153838754, 0.00551220308989, 0.000323780986946],
        "median": [0.0277279634029, 0.365943908691, 2.43262863159, 2.58119440079, 22.7921829224, 43.8552780151, 13.7140359879, 7.75442028046, 8.86238479614, 6.93277835846, 7.37451648712, 7.16444683075, 9.22236347198, 9.23943710327, 12.8529682159, 9.68132209778, 13.3979978561, 12.8281230927, 10.2212543488, 10.0077915192, 10.7449970245, 10.6951246262, 9.44469738007, 8.80956745148, 6.79792928696, 5.05542325974, 3.15333509445, 1.64238703251, 0.811321139336, 0.721717178822, 0.656233310699, 0.737093746662, 0.661886811256, 0.383173525333, 0.141908198595, 0.0481770932674, 0.0144673902541, 0.00345576740801, 0.000514328130521, 7.23379635019e-05],
        "min": [3.63341305496e-22, 3.53108580487e-21, 4.54586702216e-20, 6.15293258016e-20, 4.20935056193e-20, 1.4321431602e-19, 1.69736763762e-19, 4.36258829072e-19, 1.05320802513e-18, 1.23565015385e-18, 2.16125481614e-18, 6.7580594007e-19, 1.07444278543e-18, 1.16968570532e-18, 1.70337994821e-18, 4.35632436213e-18, 9.59018974687e-18, 5.62788377054e-18, 6.17151390015e-18, 6.313076763e-18, 1.18580303005e-17, 8.74417009587e-18, 1.26607801336e-17, 1.61940209088e-17, 1.58552490889e-17, 1.88861099908e-17, 2.26163736074e-17, 1.67399286802e-17, 1.5867908261e-17, 1.64507860427e-17, 1.97629694166e-17, 1.999593491e-17, 1.62358166908e-17, 1.26858801021e-17, 7.63495150012e-18, 4.53249563463e-18, 3.02548029884e-18, 1.28546751983e-18, 3.24472658815e-19, 3.50507444812e-20],
        "var": [0.462898164988, 25.8001995087, 46.942150116, 8.263256073, 653.330444336, 2628.0144043, 445.661193848, 237.240264893, 1039.5411377, 4446.6640625, 6023.39648438, 2950.58813477, 5165.98046875, 16425.9785156, 7793.49414062, 1148.52600098, 1518.66992188, 6431.85302734, 2341.28735352, 714.347717285, 1660.55090332, 1782.36169434, 521.883850098, 625.269775391, 488.860015869, 319.522949219, 289.423065186, 639.410522461, 1886.37280273, 2196.08813477, 521.851318359, 326.509887695, 442.547973633, 297.849395752, 60.9554405212, 7.46577072144, 0.956378281116, 0.0434296540916, 0.000624084670562, 1.08043002456e-06]
    },
    "gfcc": {
        "mean": [2.00075054169, 100.164657593, -97.6742172241, 27.3251571655, -45.0966758728, 4.83917284012, -40.1231613159, -1.56510782242, -29.0271224976, -7.67477607727, -14.4187793732, -5.17040729523, -8.53750705719],
        "cov": [[8521.74902344, -2872.42529297, -735.998046875, -246.702606201, -689.157165527, 670.169677734, -321.145294189, 577.099365234, -445.066009521, 327.563293457, -127.339912415, 193.594772339, -88.5080490112], [-2872.42529297, 2393.84277344, -445.357696533, -250.246078491, 391.956604004, -487.973358154, 77.6171035767, -246.563430786, 106.30027771, -217.792022705, 125.836914062, -158.481002808, 61.5706443787], [-735.998046875, -445.357696533, 1094.72131348, 212.777130127, -80.6028213501, 148.719924927, 67.4563064575, -18.9739284515, 108.119804382, 51.2885742188, -25.2331886292, 57.4204559326, -13.2326917648], [-246.702606201, -250.246078491, 212.777130127, 661.217773438, 69.9556503296, 111.324729919, 119.153785706, -31.0652618408, 187.409683228, 64.608795166, 24.9513511658, 80.5062179565, 18.7005615234], [-689.157165527, 391.956604004, -80.6028213501, 69.9556503296, 300.312805176, -76.1642608643, 63.8417320251, -48.0099868774, 52.7964820862, -26.7378883362, 33.7753982544, -9.59258079529, 14.2820482254], [670.169677734, -487.973358154, 148.719924927, 111.324729919, -76.1642608643, 390.518066406, 107.351898193, 78.3945465088, 7.80252075195, 76.3584289551, 6.23571062088, 73.0451812744, 4.6549744606], [-321.145294189, 77.6171035767, 67.4563064575, 119.153785706, 63.8417320251, 107.351898193, 231.969924927, 3.10900092125, 69.8127288818, 20.6281795502, 27.5616874695, 21.1309738159, 10.075966835], [577.099365234, -246.563430786, -18.9739284515, -31.0652618408, -48.0099868774, 78.3945465088, 3.10900092125, 214.018615723, -8.7458782196, 69.2797927856, 4.52451038361, -9.44999694824, -9.9894285202], [-445.066009521, 106.30027771, 108.119804382, 187.409683228, 52.7964820862, 7.80252075195, 69.8127288818, -8.7458782196, 193.45475769, 33.2418823242, 25.9756755829, 26.9915065765, -6.90204763412], [327.563293457, -217.792022705, 51.2885742188, 64.608795166, -26.7378883362, 76.3584289551, 20.6281795502, 69.2797927856, 33.2418823242, 129.639480591, 23.9007205963, 5.36612319946, -11.8427171707], [-127.339912415, 125.836914062, -25.2331886292, 24.9513511658, 33.7753982544, 6.23571062088, 27.5616874695, 4.52451038361, 25.9756755829, 23.9007205963, 78.7613601685, 3.99338984489, -2.38060641289], [193.594772339, -158.481002808, 57.4204559326, 80.5062179565, -9.59258079529, 73.0451812744, 21.1309738159, -9.44999694824, 26.9915065765, 5.36612319946, 3.99338984489, 106.92930603, 15.684009552], [-88.5080490112, 61.5706443787, -13.2326917648, 18.7005615234, 14.2820482254, 4.6549744606, 10.075966835, -9.9894285202, -6.90204763412, -11.8427171707, -2.38060641289, 15.684009552, 57.7167510986]],
        "icov": [[0.000384036422474, 0.000304758606944, 0.000413344183471, 4.74103835586e-05, 0.00026118682581, -0.000237685861066, 0.000263339810772, -0.000376373907784, 0.000399366515921, -0.000363499333616, 0.000102600402897, -0.000532456033397, 0.00030873331707], [0.000304758606944, 0.00158339901827, 0.000554140540771, 0.000750983366743, -0.000480454938952, 0.000600018538535, -0.000394400558434, 0.000456324982224, -0.00107342761476, 0.0011179469293, -0.00190960243344, 0.00108781608287, -0.00139307556674], [0.000413344183471, 0.000554140540771, 0.00158155208919, 1.05523322418e-05, 0.000483841955429, -0.000402677193051, 8.55308098835e-05, 1.41190585055e-05, -0.000300541258184, -0.000362475111615, 0.000321606785292, -0.000447334430646, 0.000326670618961], [4.74103835586e-05, 0.000750983366743, 1.05523322418e-05, 0.00284544541501, -0.000683816091623, 3.69210920326e-06, -0.000523905793671, 0.000889507704414, -0.00256697344594, -0.000161055693752, -0.000743963406421, -8.68112620083e-05, -0.0015807322925], [0.00026118682581, -0.000480454938952, 0.000483841955429, -0.000683816091623, 0.00499312998727, 0.000378919416107, -0.000806958414614, -0.000244872062467, 0.000348260771716, -0.000231067388086, -0.000314666511258, -0.000704349949956, 0.000250590790529], [-0.000237685861066, 0.000600018538535, -0.000402677193051, 3.69210920326e-06, 0.000378919416107, 0.00510889384896, -0.00265824003145, -0.00036110857036, 0.000348198256688, -0.000482063769596, -0.00101944094058, -0.00131668988615, -0.000943854392972], [0.000263339810772, -0.000394400558434, 8.55308098835e-05, -0.000523905793671, -0.000806958414614, -0.00265824003145, 0.00680243549868, -0.0004788612423, -0.000769503589254, -0.000284459005343, -0.000198497116799, -0.000145629514009, 3.85730891139e-05], [-0.000376373907784, 0.000456324982224, 1.41190585055e-05, 0.000889507704414, -0.000244872062467, -0.00036110857036, -0.0004788612423, 0.00707962689921, -0.00131560664158, -0.00198495690711, -0.000833827303723, 0.0022589226719, -0.00116314250045], [0.000399366515921, -0.00107342761476, -0.000300541258184, -0.00256697344594, 0.000348260771716, 0.000348198256688, -0.000769503589254, -0.00131560664158, 0.0104614971206, -0.0030916268006, 0.00102894741576, -0.00348976603709, 0.0039201406762], [-0.000363499333616, 0.0011179469293, -0.000362475111615, -0.000161055693752, -0.000231067388086, -0.000482063769596, -0.000284459005343, -0.00198495690711, -0.0030916268006, 0.0136734256521, -0.00539981806651, 0.00320973596536, -0.000637816672679], [0.000102600402897, -0.00190960243344, 0.000321606785292, -0.000743963406421, -0.000314666511258, -0.00101944094058, -0.000198497116799, -0.000833827303723, 0.00102894741576, -0.00539981806651, 0.018138833344, -0.0031263558194, 0.00317244743928], [-0.000532456033397, 0.00108781608287, -0.000447334430646, -8.68112620083e-05, -0.000704349949956, -0.00131668988615, -0.000145629514009, 0.0022589226719, -0.00348976603709, 0.00320973596536, -0.0031263558194, 0.0149116292596, -0.00529430480674], [0.00030873331707, -0.00139307556674, 0.000326670618961, -0.0015807322925, 0.000250590790529, -0.000943854392972, 3.85730891139e-05, -0.00116314250045, 0.0039201406762, -0.000637816672679, 0.00317244743928, -0.00529430480674, 0.0215861070901]]
    },
    "melbands": {
        "dmean": [0.00281322095543, 0.00239113229327, 0.000422927609179, 0.00142596231308, 0.000408924126532, 0.000125981823658, 0.000145060694194, 0.000164084107382, 0.000128606363432, 7.38477901905e-05, 7.61848132242e-05, 8.21789362817e-05, 7.42710835766e-05, 3.22596060869e-05, 2.97416190733e-05, 2.76711616607e-05, 3.85689272662e-05, 2.07377233892e-05, 1.51479562192e-05, 1.4652920072e-05, 1.48370709212e-05, 1.67241032614e-05, 8.37227707962e-06, 7.16557360647e-06, 6.35419519313e-06, 5.51546509087e-06, 4.04907495977e-06, 3.80200185646e-06, 2.70104374067e-06, 2.93639891424e-06, 2.85382111542e-06, 3.47847822013e-06, 4.34011417383e-06, 3.31657338393e-06, 2.40549411501e-06, 1.89750744539e-06, 1.99963869818e-06, 2.11398651118e-06, 2.25160124501e-06, 2.04350430977e-06],
        "dmean2": [0.00509057426825, 0.00437461119145, 0.000707815925125, 0.00227244431153, 0.000651940063108, 0.00018833107606, 0.000216200307477, 0.000240940615186, 0.000183537180419, 0.000105295752292, 0.000107315740024, 0.000113815258374, 0.000108145082777, 4.77268840768e-05, 4.62037933175e-05, 4.26404913014e-05, 5.81069507462e-05, 3.16098994517e-05, 2.37640415435e-05, 2.28392636927e-05, 2.28120261454e-05, 2.74061185337e-05, 1.35871196107e-05, 1.13083879114e-05, 9.86224767985e-06, 9.0409648692e-06, 6.63529135636e-06, 6.14348573436e-06, 4.26745964432e-06, 4.67209929411e-06, 4.30659929407e-06, 5.14070461577e-06, 6.39499194222e-06, 4.6627797019e-06, 3.45680268765e-06, 2.86864610644e-06, 2.99473549603e-06, 3.05644562104e-06, 3.22516689266e-06, 3.03045180772e-06],
        "dvar": [5.98323458689e-05, 3.40546503139e-05, 2.94717267479e-07, 2.69192833002e-06, 3.00266606246e-07, 3.90713701393e-08, 8.79401014231e-08, 1.93515191427e-07, 1.23745991232e-07, 3.83393832237e-08, 3.63717305163e-08, 5.9755173254e-08, 3.061402154e-08, 4.29498303589e-09, 3.10983327978e-09, 3.07688852175e-09, 8.33222379981e-09, 3.1470834827e-09, 1.24764576448e-09, 8.88974283075e-10, 1.26453991722e-09, 1.87416193675e-09, 2.78172124224e-10, 2.36151986854e-10, 1.53265039549e-10, 1.59149457502e-10, 7.67939253854e-11, 6.51562831466e-11, 5.33499876221e-11, 1.1033281927e-10, 1.31860314334e-10, 2.18258383589e-10, 4.40468633789e-10, 2.21156301605e-10, 9.4138030704e-11, 5.36932165396e-11, 7.70092253854e-11, 1.01833236288e-10, 1.22998833341e-10, 1.03934263973e-10],
        "dvar2": [0.00016526991385, 9.73616843112e-05, 7.89782347965e-07, 7.05625370756e-06, 7.80011362167e-07, 8.75129657629e-08, 1.80646964054e-07, 3.89821963154e-07, 2.45433398049e-07, 7.06025815589e-08, 6.27189180591e-08, 1.04004449497e-07, 6.61802772584e-08, 8.88214124473e-09, 6.96580748638e-09, 6.11011197194e-09, 1.67458278355e-08, 6.54273568657e-09, 2.54851206805e-09, 2.03563654821e-09, 2.81957168724e-09, 4.74788697247e-09, 7.09193592741e-10, 5.28306842718e-10, 3.20606319271e-10, 3.30658556091e-10, 1.69721195431e-10, 1.56642046556e-10, 1.2867562571e-10, 2.53554094387e-10, 2.6247523599e-10, 4.26620488936e-10, 8.47962644546e-10, 3.95872723491e-10, 1.89005366913e-10, 1.11468057007e-10, 1.50180812231e-10, 1.77962894421e-10, 2.35338609711e-10, 1.89321766597e-10],
        "max": [0.0488771721721, 0.0373177416623, 0.00821901299059, 0.0187526941299, 0.011574276723, 0.00597168039531, 0.00841011106968, 0.00946246739477, 0.00866424757987, 0.00485324254259, 0.00588305154815, 0.00813798326999, 0.00519327027723, 0.00213262951002, 0.00139174493961, 0.00158357026521, 0.00232896581292, 0.001858048141, 0.00112061854452, 0.000722323777154, 0.00102152116597, 0.00143938930705, 0.000663476530463, 0.000788435339928, 0.000726874626707, 0.000938739976846, 0.00040950771654, 0.000258929736447, 0.000225130934268, 0.000401367782615, 0.000344511732692, 0.00060802209191, 0.0013543633977, 0.000701690441929, 0.000329622562276, 0.000283412577119, 0.000383130391128, 0.000359994883183, 0.000364401494153, 0.000295568199363],
        "mean": [0.00210498343222, 0.00235437485389, 0.000981702120043, 0.00376303284429, 0.000951311842073, 0.00027937287814, 0.000282962602796, 0.000316829042276, 0.000245013128733, 0.000139143448905, 0.000147475569975, 0.000175732857315, 0.000140695017762, 6.12407602603e-05, 5.3263582231e-05, 5.24252609466e-05, 7.1900394687e-05, 3.45053813362e-05, 2.46237596002e-05, 2.36212836171e-05, 2.62469966401e-05, 2.67335908575e-05, 1.45525655171e-05, 1.34108013299e-05, 1.23660711324e-05, 9.3938806458e-06, 6.81038045514e-06, 6.48693776384e-06, 4.7545495363e-06, 4.25746293331e-06, 4.14490523326e-06, 4.89684589411e-06, 6.22302604825e-06, 5.10593872605e-06, 3.7242457438e-06, 2.77611593447e-06, 2.89519107355e-06, 3.14334374707e-06, 3.22233336192e-06, 2.90746606879e-06],
        "median": [0.000304035580484, 0.00107247754931, 0.000652989314403, 0.0032475925982, 0.000778017565608, 0.000178082642378, 0.000129450199893, 7.01551907696e-05, 5.48316675122e-05, 4.03933881898e-05, 4.16905459133e-05, 3.14646531479e-05, 3.93262162106e-05, 2.56905404967e-05, 2.65301277977e-05, 2.4312917958e-05, 2.35012994381e-05, 1.46937236423e-05, 1.30004755192e-05, 1.28381652758e-05, 1.17162835522e-05, 1.11868030217e-05, 8.34155798657e-06, 7.57926545703e-06, 6.58816952637e-06, 5.29973112862e-06, 3.78157483283e-06, 3.01010641124e-06, 1.9521971808e-06, 1.2974414858e-06, 7.61307717312e-07, 4.47364755018e-07, 3.88658975226e-07, 3.83388623959e-07, 3.36625532782e-07, 3.89549484225e-07, 4.36597559883e-07, 4.34619948919e-07, 3.85869327602e-07, 2.68950941518e-07],
        "min": [5.21903393475e-24, 1.75458347876e-23, 1.00990943385e-23, 6.5653000113e-24, 5.88881431418e-24, 9.05374714289e-24, 1.62551084631e-23, 1.57915106863e-23, 1.50276140733e-23, 3.96573827133e-24, 5.41276870674e-24, 4.82407218432e-24, 4.65571112335e-24, 9.42295850122e-24, 1.70267674674e-23, 1.95812458066e-23, 9.30427201145e-24, 1.00703987342e-23, 5.48429866932e-24, 1.13343235095e-23, 1.51740692558e-23, 1.0387288893e-23, 7.94748174157e-24, 1.3664213149e-23, 1.31454834613e-23, 7.8978024372e-24, 1.66590210238e-23, 1.09880048946e-23, 1.3608973953e-23, 1.30517462754e-23, 8.69722934539e-24, 9.04213747695e-24, 8.48961693235e-24, 9.37640150832e-24, 1.09643311789e-23, 1.00661459851e-23, 1.40840607e-23, 1.28304021606e-23, 9.4143851609e-24, 1.06771574104e-23],
        "var": [3.98640404455e-05, 2.17378637899e-05, 9.02586066331e-07, 9.32779494178e-06, 7.45623708553e-07, 1.31060645003e-07, 2.6044341439e-07, 5.62942261695e-07, 3.84351665161e-07, 1.08499079943e-07, 1.34203361313e-07, 3.02013063447e-07, 1.09013136296e-07, 1.28720110126e-08, 8.3535063311e-09, 9.35678290404e-09, 2.68352984278e-08, 6.39030917071e-09, 2.52200527129e-09, 1.46609924201e-09, 2.79313172591e-09, 2.95322455379e-09, 4.69241867584e-10, 5.36269861851e-10, 4.44537573419e-10, 4.0586894956e-10, 1.64417285342e-10, 1.50545728661e-10, 1.0153392016e-10, 1.68563663028e-10, 2.46010878335e-10, 4.78121042757e-10, 1.10988029878e-09, 5.92089655083e-10, 2.10509512599e-10, 1.02124170231e-10, 1.47206344336e-10, 2.15526763103e-10, 2.44456427323e-10, 2.21938592504e-10]
    },
    "mfcc": {
        "mean": [-648.348876953, 134.056503296, 8.19149398804, 25.4461765289, 14.3663654327, 3.86658883095, 3.10910344124, -0.714282810688, -6.190117836, -3.79214668274, -7.09232807159, -4.36627674103, -6.36641979218],
        "cov": [[8065.50097656, -1888.36242676, -966.414978027, -646.528137207, -356.871429443, -273.8671875, 216.302032471, -16.308839798, -41.9815673828, 84.0623474121, -73.2794189453, 29.0066146851, -31.3249645233], [-1888.36242676, 1905.25756836, -508.71282959, -12.8001422882, 53.3203468323, -189.245849609, -28.6875953674, -93.470161438, -88.9431304932, -77.0263214111, -46.5966300964, 2.20011878014, -61.4316444397], [-966.414978027, -508.71282959, 1082.18762207, 74.8227920532, 24.8638362885, 192.900131226, -42.7664718628, 68.3546981812, 60.8135566711, 37.0575904846, 62.8959999084, -23.4375724792, 53.4528083801], [-646.528137207, -12.8001422882, 74.8227920532, 498.792999268, 93.6819534302, 127.525733948, -76.5298538208, 34.7981910706, 49.9841003418, 9.77554893494, 52.4626312256, 35.2126655579, 53.6637611389], [-356.871429443, 53.3203468323, 24.8638362885, 93.6819534302, 192.517852783, 10.2824716568, -20.152803421, -3.5969877243, 7.81958627701, -9.37964344025, 9.61656188965, 18.263376236, 2.90618896484], [-273.8671875, -189.245849609, 192.900131226, 127.525733948, 10.2824716568, 346.29284668, 12.6816997528, 107.760276794, 36.7711296082, 12.5179405212, 33.5557327271, 10.0439910889, 68.5668792725], [216.302032471, -28.6875953674, -42.7664718628, -76.5298538208, -20.152803421, 12.6816997528, 203.436309814, 14.7194223404, 20.7345466614, 42.5649490356, 7.39835977554, -3.51168704033, -5.2244925499], [-16.308839798, -93.470161438, 68.3546981812, 34.7981910706, -3.5969877243, 107.760276794, 14.7194223404, 162.60383606, 34.549823761, 22.6868915558, 2.82411408424, 5.38868522644, 40.3216514587], [-41.9815673828, -88.9431304932, 60.8135566711, 49.9841003418, 7.81958627701, 36.7711296082, 20.7345466614, 34.549823761, 106.718017578, 37.4285545349, 24.3504905701, 3.97309947014, 19.4929618835], [84.0623474121, -77.0263214111, 37.0575904846, 9.77554893494, -9.37964344025, 12.5179405212, 42.5649490356, 22.6868915558, 37.4285545349, 141.567016602, 48.0623970032, 19.8876247406, 10.6904392242], [-73.2794189453, -46.5966300964, 62.8959999084, 52.4626312256, 9.61656188965, 33.5557327271, 7.39835977554, 2.82411408424, 24.3504905701, 48.0623970032, 93.1660919189, 32.2131500244, 26.5598964691], [29.0066146851, 2.20011878014, -23.4375724792, 35.2126655579, 18.263376236, 10.0439910889, -3.51168704033, 5.38868522644, 3.97309947014, 19.8876247406, 32.2131500244, 85.7273864746, 30.7990093231], [-31.3249645233, -61.4316444397, 53.4528083801, 53.6637611389, 2.90618896484, 68.5668792725, -5.2244925499, 40.3216514587, 19.4929618835, 10.6904392242, 26.5598964691, 30.7990093231, 83.7043228149]],
