{
"lowlevel": {
    "average_loudness": 0.97220146656,
    "barkbands_crest": {
        "dmean": 2.72048687935,
        "dmean2": 4.52769517899,
        "dvar": 5.6002612114,
        "dvar2": 15.414264679,
        "max": 26.1949195862,
        "mean": 12.9140224457,
        "median": 12.4502735138,
        "min": 3.83790898323,
        "var": 18.7756881714
    },
    "barkbands_flatness_db": {
        "dmean": 0.0334432534873,
        "dmean2": 0.046025596559,
        "dvar": 0.00138501054607,
        "dvar2": 0.00257234065793,
        "max": 0.698885083199,
        "mean": 0.207804277539,
        "median": 0.18136613071,
        "min": 0.0439810939133,
        "var": 0.0105326380581
    },
    "barkbands_kurtosis": {
        "dmean": 8.21363258362,
        "dmean2": 12.6841840744,
        "dvar": 466.145385742,
        "dvar2": 1251.71337891,
        "max": 1590.28991699,
        "mean": 15.2690916061,
        "median": 10.7543001175,
        "min": -1.90800607204,
        "var": 518.003051758
    },
    "barkbands_skewness": {
        "dmean": 0.788646101952,
        "dmean2": 1.21995306015,
        "dvar": 0.805433988571,
        "dvar2": 2.08733153343,
        "max": 28.8776817322,
        "mean": 2.80165576935,
        "median": 2.68643379211,
        "min": -2.07525134087,
        "var": 2.14504647255
    },
    "barkbands_spread": {
        "dmean": 6.69931840897,
        "dmean2": 9.86305999756,
        "dvar": 140.70791626,
        "dvar2": 305.469665527,
        "max": 115.004852295,
        "mean": 14.240606308,
        "median": 9.50450611115,
        "min": 0.0727098062634,
        "var": 225.309112549
    },
    "dissonance": {
        "dmean": 0.0186772365123,
        "dmean2": 0.0306610353291,
        "dvar": 0.000335067306878,
        "dvar2": 0.000849091098644,
        "max": 0.500000119209,
        "mean": 0.452657818794,
        "median": 0.461165159941,
        "min": 0.164250656962,
        "var": 0.00118232099339
    },
    "dynamic_complexity": 1.45434486866,
    "erbbands_crest": {
        "dmean": 2.97312426567,
        "dmean2": 4.75479364395,
        "dvar": 7.56528759003,
        "dvar2": 19.1080207825,
        "max": 27.8392658234,
        "mean": 11.1175518036,
        "median": 10.4159612656,
        "min": 2.35438537598,
        "var": 20.1106491089
    },
    "erbbands_flatness_db": {
        "dmean": 0.0262981113046,
        "dmean2": 0.0346911326051,
        "dvar": 0.00101631181315,
        "dvar2": 0.00176831486169,
        "max": 0.469074785709,
        "mean": 0.180062934756,
        "median": 0.175153315067,
        "min": 0.0494249127805,
        "var": 0.00518115237355
    },
    "erbbands_kurtosis": {
        "dmean": 1.97971975803,
        "dmean2": 2.95686388016,
        "dvar": 12.7270107269,
        "dvar2": 26.2232532501,
        "max": 104.716156006,
        "mean": 2.01032471657,
        "median": 0.0221827030182,
        "min": -1.87621283531,
        "var": 36.367641449
    },
    "erbbands_skewness": {
        "dmean": 0.550228893757,
        "dmean2": 0.796748638153,
        "dvar": 0.433635920286,
        "dvar2": 0.929648995399,
        "max": 7.35485887527,
        "mean": 1.03103125095,
        "median": 0.841506481171,
        "min": -2.68162608147,
        "var": 1.27413439751
    },
    "erbbands_spread": {
        "dmean": 14.5992326736,
        "dmean2": 19.6757698059,
        "dvar": 392.068969727,
        "dvar2": 641.807067871,
        "max": 165.881698608,
        "mean": 48.2777633667,
        "median": 39.3935165405,
        "min": 0.978633522987,
        "var": 971.326171875
    },
    "hfc": {
        "dmean": 6.97726583481,
        "dmean2": 10.5085306168,
        "dvar": 201.436660767,
        "dvar2": 477.424926758,
        "max": 211.043838501,
        "mean": 20.5916500092,
        "median": 14.7684431076,
        "min": 5.71026559371e-11,
        "var": 325.971466064
    },
    "melbands_crest": {
        "dmean": 3.24757289886,
        "dmean2": 5.45421934128,
        "dvar": 8.30608081818,
        "dvar2": 22.5868263245,
        "max": 39.6220359802,
        "mean": 15.5948419571,
        "median": 15.0830307007,
        "min": 3.95951747894,
        "var": 21.8774013519
    },
    "melbands_flatness_db": {
        "dmean": 0.0385219976306,
        "dmean2": 0.0527395233512,
        "dvar": 0.00184425734915,
        "dvar2": 0.00345371919684,
        "max": 0.891183316708,
        "mean": 0.300184845924,
        "median": 0.270337879658,
        "min": 0.0411605015397,
        "var": 0.0147136030719
    },
    "melbands_kurtosis": {
        "dmean": 17.9960289001,
        "dmean2": 28.9913921356,
        "dvar": 3086.39160156,
        "dvar2": 6875.59033203,
        "max": 4048.65698242,
        "mean": 38.5808792114,
        "median": 27.7896461487,
        "min": -1.45607542992,
        "var": 6708.85742188
    },
    "melbands_skewness": {
        "dmean": 1.05459868908,
        "dmean2": 1.64725410938,
        "dvar": 1.51864552498,
        "dvar2": 3.54863667488,
        "max": 46.1344146729,
        "mean": 4.23376321793,
        "median": 3.8941526413,
        "min": -0.757307469845,
        "var": 4.97469186783
    },
    "melbands_spread": {
        "dmean": 4.05972623825,
        "dmean2": 6.32604646683,
        "dvar": 44.5336608887,
        "dvar2": 106.191047668,
        "max": 156.428146362,
        "mean": 10.710682869,
        "median": 6.99290847778,
        "min": 0.0165796615183,
        "var": 110.673934937
    },
    "pitch_salience": {
        "dmean": 0.0738788917661,
        "dmean2": 0.125369593501,
        "dvar": 0.00429639127105,
        "dvar2": 0.0120442565531,
        "max": 0.953207135201,
        "mean": 0.55365139246,
        "median": 0.558861732483,
        "min": 0.0169620402157,
        "var": 0.0138348573819
    },
    "silence_rate_20dB": {
        "dmean": 0,
        "dmean2": 0,
        "dvar": 0,
        "dvar2": 0,
        "max": 1,
        "mean": 1,
        "median": 1,
        "min": 1,
        "var": 0
    },
    "silence_rate_30dB": {
        "dmean": 0,
        "dmean2": 0,
        "dvar": 0,
        "dvar2": 0,
        "max": 1,
        "mean": 1,
        "median": 1,
        "min": 1,
        "var": 0
    },
    "silence_rate_60dB": {
        "dmean": 0.000487092067488,
        "dmean2": 0.000893074611668,
        "dvar": 0.000486855686177,
        "dvar2": 0.000892303069122,
        "max": 1,
        "mean": 0.005844630301,
        "median": 0,
        "min": 0,
        "var": 0.00581051874906
    },
    "spectral_centroid": {
        "dmean": 218.218444824,
        "dmean2": 332.15838623,
        "dvar": 89070.015625,
        "dvar2": 200011.453125,
        "max": 4446.39501953,
        "mean": 771.574401855,
        "median": 601.781921387,
        "min": 83.3126983643,
        "var": 284784.1875
    },
    "spectral_complexity": {
        "dmean": 3.25556087494,
        "dmean2": 5.2484369278,
        "dvar": 11.5373516083,
        "dvar2": 27.8610134125,
        "max": 46,
        "mean": 12.8788862228,
        "median": 12,
        "min": 0,
        "var": 48.1375961304
    },
    "spectral_decrease": {
        "dmean": 1.51462686837e-09,
        "dmean2": 2.53564280683e-09,
        "dvar": 2.16287319501e-18,
        "dvar2": 6.09343590854e-18,
        "max": -2.93775557344e-21,
        "mean": -1.00118251467e-08,
        "median": -1.00761932131e-08,
        "min": -2.50595331153e-08,
        "var": 6.99128586955e-18
    },
    "spectral_energy": {
        "dmean": 0.00582569511607,
        "dmean2": 0.00975210033357,
        "dvar": 3.16000805469e-05,
        "dvar2": 8.89721923159e-05,
        "max": 0.0988511070609,
        "mean": 0.0396545603871,
        "median": 0.0398583859205,
        "min": 1.62671796606e-14,
        "var": 0.000107936015411
    },
    "spectral_energyband_high": {
        "dmean": 0.000732177926693,
        "dmean2": 0.00107856129762,
        "dvar": 2.67898508355e-06,
        "dvar2": 6.20301534582e-06,
        "max": 0.0226379558444,
        "mean": 0.000974190188572,
        "median": 0.000254929997027,
        "min": 2.11135794652e-15,
        "var": 3.83654196412e-06
    },
    "spectral_energyband_low": {
        "dmean": 0.00369446747936,
        "dmean2": 0.00613285368308,
        "dvar": 1.24136895465e-05,
        "dvar2": 3.4774580854e-05,
        "max": 0.0368378013372,
        "mean": 0.0100210914388,
        "median": 0.00917584449053,
        "min": 6.11871507745e-16,
        "var": 2.47839652729e-05
    },
    "spectral_energyband_middle_high": {
        "dmean": 0.000821080000605,
        "dmean2": 0.00125301722437,
        "dvar": 1.37991207794e-06,
        "dvar2": 2.89628269456e-06,
        "max": 0.037393566221,
        "mean": 0.00352190528065,
        "median": 0.00136584497523,
        "min": 1.00171895111e-14,
        "var": 2.67995674221e-05
    },
    "spectral_energyband_middle_low": {
        "dmean": 0.00605700351298,
        "dmean2": 0.0100922007114,
        "dvar": 3.57193348464e-05,
        "dvar2": 9.8487798823e-05,
        "max": 0.0881005004048,
        "mean": 0.028586184606,
        "median": 0.0288088042289,
        "min": 3.46377881923e-15,
        "var": 0.000123158548377
    },
    "spectral_entropy": {
        "dmean": 0.338676482439,
        "dmean2": 0.452711731195,
        "dvar": 0.16784723103,
        "dvar2": 0.303809344769,
        "max": 8.68470191956,
        "mean": 7.00165081024,
        "median": 7.116106987,
        "min": 3.9112739563,
        "var": 0.701577663422
    },
    "spectral_flux": {
        "dmean": 0.0250970236957,
        "dmean2": 0.0416003279388,
        "dvar": 0.000441831507487,
        "dvar2": 0.00121699005831,
        "max": 0.231685504317,
        "mean": 0.0849654078484,
        "median": 0.0838373377919,
        "min": 0.00061362987617,
        "var": 0.00113593647256
    },
    "spectral_kurtosis": {
        "dmean": 5.0232424736,
        "dmean2": 7.9285774231,
        "dvar": 184.470748901,
        "dvar2": 425.291290283,
        "max": 520.294006348,
        "mean": 10.9547863007,
        "median": 4.76164579391,
        "min": -0.837786436081,
        "var": 847.839538574
    },
    "spectral_rms": {
        "dmean": 0.000455153756775,
        "dmean2": 0.000760649912991,
        "dvar": 1.77778616717e-07,
        "dvar2": 4.99457883052e-07,
        "max": 0.00982039235532,
        "mean": 0.00615159096196,
        "median": 0.00623588263988,
        "min": 3.98376931443e-09,
        "var": 8.45278066208e-07
    },
    "spectral_rolloff": {
        "dmean": 477.466644287,
        "dmean2": 887.62890625,
        "dvar": 1936652.125,
        "dvar2": 5107473,
        "max": 15159.375,
        "mean": 789.427734375,
        "median": 301.46484375,
        "min": 21.533203125,
        "var": 1733937
    },
    "spectral_skewness": {
        "dmean": 0.495999753475,
        "dmean2": 0.715434849262,
        "dvar": 0.519304394722,
        "dvar2": 1.1290371418,
        "max": 19.10414505,
        "mean": 1.99092626572,
        "median": 1.59514069557,
        "min": 0.251214206219,
        "var": 2.73674678802
    },
    "spectral_spread": {
        "dmean": 920450.3125,
        "dmean2": 1147158.75,
        "dvar": 1.78641580851e+12,
        "dvar2": 2.63864687002e+12,
        "max": 20259454,
        "mean": 4519137,
        "median": 3880228.75,
        "min": 200851.9375,
        "var": 5.34857488794e+12
    },
    "spectral_strongpeak": {
        "dmean": 0.4292986691,
        "dmean2": 0.743416905403,
        "dvar": 0.371673583984,
        "dvar2": 1.01937294006,
        "max": 19.9714450836,
        "mean": 0.95303606987,
        "median": 0.841637730598,
        "min": 0,
        "var": 0.524439096451
    },
    "zerocrossingrate": {
        "dmean": 0.0116501729935,
        "dmean2": 0.0130374301225,
        "dvar": 0.000267389579676,
        "dvar2": 0.000338549114531,
        "max": 0.48681640625,
        "mean": 0.0377822816372,
        "median": 0.0302734375,
        "min": 0.00048828125,
        "var": 0.000879871367943
    },
    "barkbands": {
        "dmean": [0.000149476138176, 0.00164159957785, 0.00136305845808, 0.0048648766242, 0.00550773181021, 0.00107703334652, 0.000481328024762, 0.000252164929407, 0.00024327126448, 0.000283977482468, 0.000196037231945, 0.000151667976752, 0.000158039008966, 0.000153416534886, 9.0843255748e-05, 6.9537491072e-05, 7.35061767045e-05, 9.1443384008e-05, 0.000152622742462, 0.000106154111563, 0.000121505087009, 0.000127373219584, 0.000139323994517, 0.000146859252709, 0.000104118611489, 5.87234899285e-05, 3.13220516546e-05],
        "dmean2": [0.000254736311035, 0.00272533716634, 0.00229772529565, 0.0080019980669, 0.00928589981049, 0.0017389949644, 0.000717349001206, 0.00039045244921, 0.000366410502465, 0.000425127596827, 0.000302471831674, 0.000235849685851, 0.000247669202508, 0.00023228788632, 0.0001435601298, 0.000111390421807, 0.000119802520203, 0.000144833844388, 0.000236247797147, 0.000170114362845, 0.000175704626599, 0.000189989179489, 0.000208456636756, 0.000222585804295, 0.000161140327691, 9.02043175302e-05, 4.95583080919e-05],
        "dvar": [1.38983281772e-07, 3.40576207236e-06, 2.30176738114e-06, 2.52939353231e-05, 3.0301805964e-05, 3.99858299716e-06, 1.7517327251e-06, 6.21093818154e-07, 4.12439192132e-07, 5.3854489579e-07, 2.76049860304e-07, 1.11296415639e-07, 2.07391622098e-07, 1.72030809154e-07, 6.93646313721e-08, 3.87772871591e-08, 2.33393944171e-08, 4.98117884717e-08, 1.11993834651e-07, 3.7323264479e-08, 5.69704532438e-08, 1.01438239142e-07, 1.02705961069e-07, 1.75016566573e-07, 1.03052720135e-07, 3.00797928787e-08, 8.68884786343e-09],
        "dvar2": [3.97372247107e-07, 9.55233917921e-06, 6.25312395641e-06, 6.58912031213e-05, 8.64200192154e-05, 9.27689779928e-06, 3.29135195898e-06, 1.45289720876e-06, 8.75007913237e-07, 1.11564816052e-06, 6.03292448886e-07, 2.46733776521e-07, 4.88343403049e-07, 3.29426569579e-07, 1.4719370256e-07, 9.25175243083e-08, 5.6154306094e-08, 1.23121012052e-07, 2.56059792036e-07, 9.23278804521e-08, 1.21862555602e-07, 2.16165531697e-07, 2.46330188247e-07, 4.1089256797e-07, 2.30880871754e-07, 6.99471343069e-08, 2.24162697293e-08],
        "max": [0.0220191869885, 0.0185471586883, 0.0205062553287, 0.0645453110337, 0.0664949119091, 0.060119625181, 0.0634954422712, 0.022810921073, 0.0179998409003, 0.023435683921, 0.0221553985029, 0.0115772718564, 0.0158735103905, 0.0191566403955, 0.0137164378539, 0.0078939339146, 0.00659751985222, 0.00933554116637, 0.00994556955993, 0.00810792949051, 0.00810297392309, 0.0089387781918, 0.00465769926086, 0.00681364443153, 0.00709580723196, 0.00424329284579, 0.000915970769711],
        "mean": [0.000240840498009, 0.00424756668508, 0.00232274574228, 0.0083569958806, 0.0153269786388, 0.00209951680154, 0.00128133583348, 0.000593726581428, 0.000560104672331, 0.000853495032061, 0.000559704727493, 0.000363919185475, 0.000387332635, 0.000377353891963, 0.000163471107953, 0.000123495963635, 0.000136918111821, 0.000191345257917, 0.000404864462325, 0.000213688021176, 0.000195330256247, 0.000154567780555, 0.000148482766235, 0.000152132226503, 0.000114352762466, 5.73731449549e-05, 2.69938354904e-05],
        "median": [0.000150875886902, 0.00381521927193, 0.00155225256458, 0.00633635325357, 0.0144321490079, 0.000994213391095, 0.0002641218598, 7.71051418269e-05, 8.86774796527e-05, 0.000123652920593, 0.000104331098555, 0.000103799138742, 7.46374644223e-05, 8.64222820383e-05, 6.2562590756e-05, 6.95282287779e-05, 8.83954780875e-05, 0.000102863588836, 0.000123656922369, 8.58532293933e-05, 5.52032761334e-05, 1.32809518618e-05, 9.15748478292e-06, 1.62982250913e-05, 1.32402492454e-05, 3.56864939022e-06, 5.5360362694e-07],
        "min": [1.0812465569e-16, 2.1406400608e-16, 2.1165174889e-16, 2.78825935e-16, 9.11164776306e-16, 8.56305522807e-16, 4.65671027011e-16, 2.36980707461e-16, 5.2865380293e-16, 5.7369483284e-16, 2.62691995528e-16, 9.46643690979e-17, 1.26842733865e-16, 3.80343700614e-17, 5.05547776451e-17, 4.67201701573e-17, 1.05593689479e-15, 5.24502579159e-15, 2.38899417081e-15, 4.40973213865e-16, 1.58716266033e-16, 1.20719042998e-16, 1.66092745098e-16, 3.94553346666e-16, 1.10596324299e-16, 4.41713811829e-16, 5.34862607373e-16],
        "var": [1.87609614954e-07, 9.82510755421e-06, 4.92806930197e-06, 5.42018278793e-05, 8.64225075929e-05, 9.53976450546e-06, 7.7206923379e-06, 2.35618745137e-06, 1.82038263574e-06, 5.07229788127e-06, 3.05736944028e-06, 8.80875631992e-07, 1.42485771448e-06, 1.17264119126e-06, 1.82976606311e-07, 5.8355720256e-08, 3.92357613066e-08, 1.02895469922e-07, 6.75938849781e-07, 1.19750453109e-07, 1.31851919605e-07, 2.01130802679e-07, 1.262603746e-07, 1.9967217213e-07, 1.48433912273e-07, 3.86521001872e-08, 6.91364654415e-09]
    },
    "erbbands": {
        "dmean": [0.0548783503473, 0.36965495348, 1.23360538483, 8.37852954865, 17.668214798, 27.7815513611, 16.0790748596, 8.64267253876, 6.98199796677, 7.34756946564, 4.09019994736, 5.97177553177, 8.67216491699, 6.63248157501, 7.23023939133, 6.93035411835, 7.91004610062, 7.150203228, 5.30119466782, 4.37280893326, 3.55485343933, 3.90652656555, 4.20012187958, 8.07633113861, 5.94213485718, 4.77988910675, 4.63152837753, 4.83600282669, 4.90672206879, 4.91342830658, 3.47720694542, 3.03962445259, 2.42224764824, 1.39808297157, 0.640806674957, 0.275303483009, 0.0959420055151, 0.0357263833284, 0.00503563974053, 0.000268475065241],
        "dmean2": [0.0850268900394, 0.633371472359, 2.077511549, 13.8603973389, 29.5008049011, 47.0312576294, 26.6868152618, 13.7661104202, 10.5288820267, 11.0934648514, 6.26939058304, 9.05251598358, 12.9759483337, 9.73129463196, 10.9924325943, 10.6911840439, 12.363735199, 10.7647914886, 8.12757110596, 6.94048643112, 5.68238258362, 6.38642597198, 6.75844955444, 12.1937789917, 9.56888389587, 7.52741003036, 6.87376308441, 6.92302131653, 7.46903371811, 7.47961997986, 5.06799316406, 4.60181760788, 3.73844003677, 2.17542219162, 0.97704064846, 0.416434794664, 0.146492525935, 0.0580737702549, 0.00786872953176, 0.000405979255447],
        "dvar": [0.00623425096273, 0.142987787724, 1.48257124424, 81.7990722656, 345.21484375, 811.036315918, 363.121154785, 388.271789551, 487.157897949, 363.104431152, 157.111709595, 279.548492432, 536.217712402, 314.885223389, 384.148284912, 231.968521118, 522.65612793, 408.475891113, 193.754592896, 211.860351562, 53.1406135559, 67.7134933472, 105.263954163, 356.908782959, 116.894462585, 63.4869041443, 99.1999206543, 111.777732849, 138.640136719, 161.322418213, 61.7928390503, 65.6548538208, 55.0882797241, 19.2706222534, 3.80110096931, 0.659139871597, 0.0818550139666, 0.0133728887886, 0.000222210786887, 4.53024142644e-07],
        "dvar2": [0.01623551175, 0.420247197151, 4.14000225067, 217.794448853, 971.286987305, 2282.70336914, 978.352050781, 889.244384766, 915.760498047, 774.499389648, 339.700439453, 623.176879883, 1172.65527344, 587.834594727, 844.404907227, 516.751098633, 1264.23071289, 706.921813965, 389.498291016, 500.151367188, 123.851554871, 167.48576355, 272.211486816, 828.077636719, 290.130645752, 149.882919312, 237.627624512, 238.794403076, 301.928955078, 383.932891846, 138.581253052, 152.791091919, 130.312042236, 43.6720046997, 8.37771224976, 1.44659411907, 0.194188907743, 0.0347264111042, 0.000556088925805, 1.13478722596e-06],
        "max": [0.760204613209, 3.98374032974, 14.9265537262, 101.396240234, 242.03894043, 339.051361084, 385.539672852, 720.48223877, 1166.77429199, 791.570007324, 384.418182373, 502.156280518, 783.806518555, 932.938781738, 917.680725098, 599.69708252, 874.644775391, 1109.89025879, 573.348327637, 444.033660889, 286.489501953, 319.131713867, 486.980377197, 561.38482666, 283.491821289, 334.925567627, 506.684509277, 361.842346191, 285.910919189, 323.854278564, 164.330047607, 203.46307373, 150.40473938, 100.068527222, 50.9116706848, 30.2773895264, 5.43184089661, 1.14397394657, 0.145935744047, 0.0066383597441],
        "mean": [0.107723124325, 1.00026512146, 2.59981632233, 15.5699491501, 41.3534431458, 55.3994750977, 31.6122398376, 17.2163486481, 16.8073368073, 20.8889312744, 10.1105642319, 13.9055566788, 25.232831955, 21.6188793182, 22.4703731537, 17.9551563263, 21.1689434052, 18.1250858307, 12.4561624527, 7.94285106659, 6.98008298874, 7.60365009308, 9.37018489838, 21.7547264099, 14.2724094391, 10.8507146835, 9.11224746704, 6.65039253235, 5.87205123901, 5.28997755051, 3.86801195145, 3.04048538208, 2.52693486214, 1.49504578114, 0.723289072514, 0.292400032282, 0.0922159478068, 0.0292680021375, 0.00445438828319, 0.000290914002107],
        "median": [0.0738016366959, 0.900949299335, 2.1556634903, 12.0592746735, 32.1932182312, 47.251701355, 23.1595611572, 8.41599655151, 5.11095619202, 2.84563302994, 2.4513926506, 2.68492269516, 4.7807765007, 4.35326576233, 4.88958644867, 5.29393577576, 4.35872888565, 4.94816493988, 3.89092946053, 3.71073007584, 4.41351985931, 5.26951599121, 5.43565702438, 6.42661428452, 5.63570022583, 3.98067927361, 2.81195020676, 1.77180349827, 0.606575071812, 0.276117771864, 0.267711102962, 0.320302009583, 0.269413113594, 0.171659588814, 0.0770057216287, 0.022605612874, 0.00494350679219, 0.000891244388185, 0.000115312635899, 5.81760941714e-05],
        "min": [6.90528744821e-15, 4.74884075206e-14, 2.0732246757e-13, 6.52019183003e-13, 1.63251703822e-12, 3.333365051e-12, 5.53322058311e-12, 7.27748243612e-12, 7.25610804081e-12, 5.65956352963e-12, 5.9635738188e-12, 1.1542988787e-11, 1.76909997068e-11, 1.57003750278e-11, 8.4023959665e-12, 3.77305565263e-12, 5.49946112954e-12, 3.37920533569e-12, 2.76051100381e-12, 1.77908545101e-12, 5.62080156724e-12, 7.7667067222e-11, 2.97521313142e-10, 1.91981819331e-10, 5.49036753561e-11, 2.15127707315e-11, 1.0994747647e-11, 2.75529273876e-12, 2.92403731436e-12, 7.03271338734e-12, 4.58788302488e-12, 3.88583609734e-12, 9.45961104587e-12, 2.09480674994e-12, 6.55896561022e-13, 1.25029890954e-12, 7.63416565207e-13, 5.48799124634e-13, 5.85722334349e-14, 6.72298605269e-15],
        "var": [0.0111432056874, 0.506303071976, 2.9553976059, 155.794372559, 1051.43078613, 1590.8527832, 872.201049805, 777.019470215, 1566.21936035, 2274.85839844, 565.072021484, 1165.55285645, 4201.7578125, 4572.421875, 4565.47460938, 1966.58166504, 4013.91650391, 2435.90185547, 819.598327637, 357.66027832, 100.189575195, 107.483123779, 196.395828247, 2019.55871582, 587.015197754, 324.222106934, 252.98223877, 220.231628418, 261.482910156, 223.213241577, 88.5873336792, 70.6784973145, 65.4578399658, 24.7047348022, 6.25320148468, 1.19216382504, 0.0944639593363, 0.010449944064, 0.000186526449397, 3.95546351228e-07]
    },
    "gfcc": {
        "mean": [-16.7608242035, 116.634651184, -85.2010726929, 42.8070831299, -41.7220115662, -1.43102192879, -35.2327690125, -6.48467350006, -35.0733680725, -11.6305923462, -10.0986499786, -5.73214912415, -5.68533420563],
        "cov": [[8079.31982422, -3621.04956055, -1176.48986816, -62.2642478943, -1013.38366699, 627.430603027, -273.716094971, -33.7151031494, -689.343078613, 524.574523926, -740.102111816, -24.4109477997, -72.958442688], [-3621.04956055, 3309.13793945, -766.95526123, -281.098724365, 599.73425293, -586.341430664, 292.973327637, -101.990989685, 176.432174683, -280.111206055, 308.913970947, -252.58114624, 184.420181274], [-1176.48986816, -766.95526123, 1700.74682617, 186.757141113, -1.15542912483, 227.207199097, -153.497085571, 145.699645996, 283.43460083, -45.9519042969, 122.073348999, 238.887527466, -148.507583618], [-62.2642478943, -281.098724365, 186.757141113, 270.892669678, 3.25218391418, -24.1142177582, -20.170129776, -6.59228134155, 107.221282959, -16.4082679749, 36.1187744141, 67.273399353, -22.8361129761], [-1013.38366699, 599.73425293, -1.15542912483, 3.25218391418, 274.192016602, -88.2959060669, 61.4018516541, -23.7892189026, 67.2495346069, -82.3680038452, 82.5238037109, 6.53739976883, 34.5105552673], [627.430603027, -586.341430664, 227.207199097, -24.1142177582, -88.2959060669, 292.020080566, -40.9243354797, -1.853951931, -46.8232460022, 55.9819030762, -117.300933838, 42.2550392151, -22.204744339], [-273.716094971, 292.973327637, -153.497085571, -20.170129776, 61.4018516541, -40.9243354797, 171.785522461, -66.1680297852, -3.27640581131, -19.8644714355, 10.1953649521, -47.1978492737, 20.410364151], [-33.7151031494, -101.990989685, 145.699645996, -6.59228134155, -23.7892189026, -1.853951931, -66.1680297852, 297.864624023, -45.2203063965, 93.8004074097, 108.67049408, 3.74243450165, -27.2554950714], [-689.343078613, 176.432174683, 283.43460083, 107.221282959, 67.2495346069, -46.8232460022, -3.27640581131, -45.2203063965, 281.508148193, -78.213394165, 45.3859558105, 49.0891036987, -34.5484008789], [524.574523926, -280.111206055, -45.9519042969, -16.4082679749, -82.3680038452, 55.9819030762, -19.8644714355, 93.8004074097, -78.213394165, 169.744186401, -11.8529777527, -8.47859859467, -0.956325292587], [-740.102111816, 308.913970947, 122.073348999, 36.1187744141, 82.5238037109, -117.300933838, 10.1953649521, 108.67049408, 45.3859558105, -11.8529777527, 224.677429199, 26.502161026, -6.61150074005], [-24.4109477997, -252.58114624, 238.887527466, 67.273399353, 6.53739976883, 42.2550392151, -47.1978492737, 3.74243450165, 49.0891036987, -8.47859859467, 26.502161026, 135.696929932, -12.3281641006], [-72.958442688, 184.420181274, -148.507583618, -22.8361129761, 34.5105552673, -22.204744339, 20.410364151, -27.2554950714, -34.5484008789, -0.956325292587, -6.61150074005, -12.3281641006, 80.470741272]],
        "icov": [[0.000978727592155, 0.00100553559605, 0.00111208390445, 0.000408062071074, 0.000884920882527, -0.000161348289112, 0.000346939341398, -4.51363084721e-05, 8.22063157102e-05, -0.00039208328235, 0.000758477137424, -0.000158616690896, 0.000292379438179], [0.00100553559605, 0.00268845143728, 0.00137982948218, 0.00221555377357, -0.00101351353806, 0.00116139557213, -0.000147682774696, -7.35762150725e-05, -0.00133152736817, 0.000499642861541, -0.000427595165092, 0.00174276623875, -0.00164065300487], [0.00111208390445, 0.00137982948218, 0.00265202787705, 0.000584473658819, 0.000704344594851, -0.00135195686016, 0.000645696942229, -0.000578007427976, -0.00110217253678, 0.000239163346123, -9.12039104151e-05, -0.00101860822178, 0.00123760197312], [0.000408062071074, 0.00221555377357, 0.000584473658819, 0.00702617876232, -0.0012521535391, 0.00216102204286, -0.000507121847477, 0.000161801959621, -0.00291763455607, 0.000336913130013, -0.00106060528196, 2.53981015703e-05, -0.00165016949177], [0.000884920882527, -0.00101351353806, 0.000704344594851, -0.0012521535391, 0.00875939801335, -0.0013837905135, -0.000741131836548, -0.000428466999438, 0.000786064600106, 0.000779326597694, 0.000656731717754, -0.00295458291657, -7.79010006227e-05], [-0.000161348289112, 0.00116139557213, -0.00135195686016, 0.00216102204286, -0.0013837905135, 0.00809619575739, -0.000963949190918, -8.94165059435e-05, 0.000215148291318, -0.000856773811392, 0.00297393347137, -0.000180548260687, -0.00134913867805], [0.000346939341398, -0.000147682774696, 0.000645696942229, -0.000507121847477, -0.000741131836548, -0.000963949190918, 0.00854246411473, 0.00245611788705, 0.000547284143977, -0.00130371074192, -0.00113889633212, 0.00216407701373, 0.000875210855156], [-4.51363084721e-05, -7.35762150725e-05, -0.000578007427976, 0.000161801959621, -0.000428466999438, -8.94165059435e-05, 0.00245611788705, 0.00679610483348, 0.00117895705625, -0.00338637130335, -0.00362450629473, 0.00170220970176, 0.00137377530336], [8.22063157102e-05, -0.00133152736817, -0.00110217253678, -0.00291763455607, 0.000786064600106, 0.000215148291318, 0.000547284143977, 0.00117895705625, 0.0073731248267, 0.000109894681373, 0.0012017727131, -0.00162251468282, 0.00326379481703], [-0.00039208328235, 0.000499642861541, 0.000239163346123, 0.000336913130013, 0.000779326597694, -0.000856773811392, -0.00130371074192, -0.00338637130335, 0.000109894681373, 0.0104214530438, -0.000819084758405, 0.000717846211046, -0.0021367862355], [0.000758477137424, -0.000427595165092, -9.12039104151e-05, -0.00106060528196, 0.000656731717754, 0.00297393347137, -0.00113889633212, -0.00362450629473, 0.0012017727131, -0.000819084758405, 0.011075428687, -0.0037266262807, 0.00164379621856], [-0.000158616690896, 0.00174276623875, -0.00101860822178, 2.53981015703e-05, -0.00295458291657, -0.000180548260687, 0.00216407701373, 0.00170220970176, -0.00162251468282, 0.000717846211046, -0.0037266262807, 0.0143051454797, -0.00356820039451], [0.000292379438179, -0.00164065300487, 0.00123760197312, -0.00165016949177, -7.79010006227e-05, -0.00134913867805, 0.000875210855156, 0.00137377530336, 0.00326379481703, -0.0021367862355, 0.00164379621856, -0.00356820039451, 0.0191363412887]]
    },
    "melbands": {
        "dmean": [0.00045049842447, 0.000545116548892, 0.00180019333493, 0.0011612100061, 0.000809967634268, 0.000195942178834, 0.000101387377072, 7.47478406993e-05, 3.40923288604e-05, 3.70160778402e-05, 4.41339507233e-05, 2.79264604615e-05, 2.76578502962e-05, 1.71926658368e-05, 1.79663493327e-05, 1.5966112187e-05, 1.46242837218e-05, 1.00182242022e-05, 6.23586538495e-06, 5.21380252394e-06, 4.59977582068e-06, 4.39389168605e-06, 4.28767361882e-06, 4.3243262553e-06, 7.55057317292e-06, 5.13003624292e-06, 3.79693869945e-06, 3.25451856042e-06, 3.11573739964e-06, 3.17458693644e-06, 2.6765385428e-06, 2.95335462397e-06, 2.33609534916e-06, 3.0425476325e-06, 2.08114852285e-06, 1.64504911027e-06, 1.99012401936e-06, 1.58483692303e-06, 1.77797619472e-06, 9.96076892079e-07],
        "dmean2": [0.000726058206055, 0.000922459526919, 0.00298095191829, 0.0019734618254, 0.00134538277052, 0.00031149329152, 0.000152115200763, 0.000113800822874, 5.1933726354e-05, 5.58353058295e-05, 6.57335840515e-05, 4.05673235946e-05, 4.23315505031e-05, 2.63881629508e-05, 2.79482665064e-05, 2.47218995355e-05, 2.19293287955e-05, 1.53559885803e-05, 9.79069500318e-06, 8.37577408674e-06, 7.43876307752e-06, 7.19832496543e-06, 7.19796571502e-06, 6.83191865392e-06, 1.14183885671e-05, 8.18755052023e-06, 6.27229837846e-06, 5.14880048286e-06, 4.78202537124e-06, 4.6756372285e-06, 3.84068744097e-06, 4.5785718612e-06, 3.45045759786e-06, 4.77265348309e-06, 3.08034532281e-06, 2.38659254137e-06, 3.12707356898e-06, 2.40466192736e-06, 2.85215060103e-06, 1.54175779699e-06],
        "dvar": [3.36779976351e-07, 2.63500822939e-07, 3.11943517772e-06, 1.38028360652e-06, 8.11155814517e-07, 1.74583291823e-07, 8.9119161828e-08, 4.03816144967e-08, 1.07885664846e-08, 9.8798311754e-09, 1.40739846444e-08, 5.75044856177e-09, 6.13185546783e-09, 1.34862976342e-09, 1.57514723487e-09, 2.02331018606e-09, 1.96971816635e-09, 7.43946237947e-10, 3.91991356041e-10, 3.39295536111e-10, 9.28645840781e-11, 1.16562218211e-10, 8.05334618437e-11, 1.19711920932e-10, 3.43838402195e-10, 1.12878643932e-10, 3.94694936456e-11, 3.4331624349e-11, 6.85622392194e-11, 4.49662355961e-11, 3.81459343279e-11, 4.55918358622e-11, 5.28706106673e-11, 6.37342956189e-11, 2.54152636436e-11, 1.32211498693e-11, 3.31353486316e-11, 2.54378566822e-11, 3.48180199949e-11, 1.08124446896e-11],
        "dvar2": [9.17617512641e-07, 7.42875101878e-07, 8.27354324429e-06, 4.02584555559e-06, 2.23886240747e-06, 3.93919918906e-07, 1.67340544976e-07, 9.0846064893e-08, 2.2714168324e-08, 2.14268869314e-08, 3.05423881741e-08, 1.04403596879e-08, 1.34064652713e-08, 2.86636936409e-09, 3.6183753771e-09, 4.63835680975e-09, 3.38188033133e-09, 1.49016288198e-09, 8.02003519151e-10, 8.09152189696e-10, 2.31463959111e-10, 3.07802977551e-10, 2.05502309614e-10, 3.02065927826e-10, 7.87451159834e-10, 2.66522887094e-10, 1.02453420747e-10, 8.00061544792e-11, 1.76768225058e-10, 9.90085999297e-11, 8.28914784035e-11, 1.03091521431e-10, 1.1333384925e-10, 1.58662555316e-10, 5.39839353775e-11, 2.7175843173e-11, 8.22003853873e-11, 5.78083622638e-11, 8.21691673036e-11, 2.33125185822e-11],
        "max": [0.00589988427237, 0.00587113387883, 0.0218876712024, 0.017201738432, 0.0143573665991, 0.0144191551954, 0.0149936042726, 0.00704631768167, 0.00356406578794, 0.00274412869476, 0.00398342311382, 0.00397339602932, 0.00368144293316, 0.00110367010348, 0.00138985225931, 0.00144421018194, 0.00252809957601, 0.00116599327885, 0.00102545495611, 0.000750528764911, 0.000308140355628, 0.000439919007476, 0.000318075937685, 0.000476600631373, 0.00056145346025, 0.000277122337138, 0.000164108874742, 0.000282057211734, 0.000525575713255, 0.000285269517917, 0.000210975267692, 0.000163227130543, 0.000259622756857, 0.00014590495266, 0.000141251977766, 9.3243077572e-05, 0.000115372531582, 0.00013978255447, 0.000144358171383, 8.1748192315e-05],
        "mean": [0.00110402028076, 0.00134540838189, 0.00360001181252, 0.0034771815408, 0.00154409010429, 0.000384221231798, 0.000254721962847, 0.000208192461287, 7.71669510868e-05, 8.53185338201e-05, 0.000124499332742, 8.4613027866e-05, 8.26438626973e-05, 4.14881906181e-05, 4.62199059257e-05, 3.75646413886e-05, 3.52713868779e-05, 2.2712696591e-05, 1.11428389573e-05, 9.03048749024e-06, 8.30350927572e-06, 7.88551551523e-06, 7.6416772572e-06, 9.38719495025e-06, 1.94411732082e-05, 1.18061579997e-05, 7.51021798351e-06, 7.08680772732e-06, 6.05575314694e-06, 4.74277294416e-06, 3.4348902318e-06, 3.37362598657e-06, 2.81269103652e-06, 3.06787796944e-06, 2.33086052503e-06, 1.81472182703e-06, 1.84464227004e-06, 1.6911677676e-06, 1.76687001385e-06, 1.09273219095e-06],
        "median": [0.000933884002734, 0.0012246601982, 0.00313511071727, 0.00311899441294, 0.00119372888003, 0.000175650071469, 7.02766410541e-05, 2.23531624215e-05, 1.52538614202e-05, 1.45685053212e-05, 2.03435829462e-05, 1.56363312271e-05, 1.49247262016e-05, 1.26795384858e-05, 1.11863491838e-05, 8.05694708106e-06, 7.89239766164e-06, 5.94449375058e-06, 4.62116850031e-06, 4.5199253691e-06, 4.91553419124e-06, 5.13760824106e-06, 4.51463711215e-06, 4.75906381325e-06, 4.9356949603e-06, 4.21912636739e-06, 3.22742585013e-06, 2.4017101623e-06, 1.75071761532e-06, 1.33578123496e-06, 7.83400025739e-07, 3.36086714015e-07, 1.5579887247e-07, 1.35396788892e-07, 1.31626691768e-07, 1.60882365208e-07, 1.82054066045e-07, 1.80394607696e-07, 1.56548267682e-07, 1.22383795542e-07],
        "min": [6.55993798075e-17, 9.38260976477e-17, 1.37415941743e-16, 1.76510416551e-16, 1.90044216338e-16, 1.64023059796e-16, 1.0756489926e-16, 5.81032043988e-17, 5.08735333485e-17, 7.69766734155e-17, 8.92364297707e-17, 6.57188776275e-17, 3.24822411457e-17, 1.25868922254e-17, 9.15103542377e-18, 1.31035814961e-17, 4.93439498372e-18, 3.86315059553e-18, 3.34005191591e-18, 2.77393384738e-18, 4.86007611441e-18, 4.42269551469e-17, 2.33663726439e-16, 2.49200534154e-16, 1.53492706491e-16, 6.23189204645e-17, 1.80649744142e-17, 1.33631044502e-17, 7.13459491067e-18, 3.41434721058e-18, 1.02321197457e-18, 1.25499211811e-18, 3.04144943415e-18, 3.90774059363e-18, 2.51408002103e-18, 2.07317083425e-18, 2.16616268551e-18, 7.56724014954e-18, 3.82646968486e-18, 9.98877354927e-19],
        "var": [7.9882187265e-07, 6.43816520096e-07, 6.39258769297e-06, 4.47228831035e-06, 1.6944188701e-06, 3.78315831995e-07, 3.31522528541e-07, 2.33352338341e-07, 3.68455594923e-08, 4.31897682063e-08, 1.09972795315e-07, 8.00969814918e-08, 7.1031827531e-08, 9.54720302815e-09, 1.16414904383e-08, 1.18078187228e-08, 1.22242598266e-08, 3.35169869636e-09, 8.90664264563e-10, 5.14662257256e-10, 1.54506837879e-10, 1.47636541881e-10, 1.27386878823e-10, 2.50497983467e-10, 1.86303905636e-09, 4.90797624764e-10, 1.36837430276e-10, 1.54757109905e-10, 1.37502134678e-10, 8.61346480252e-11, 7.38500510744e-11, 7.9312646728e-11, 9.75796735081e-11, 7.28242258163e-11, 4.22404056177e-11, 1.76663891849e-11, 3.028676962e-11, 3.29561135326e-11, 4.30582028366e-11, 1.51980893148e-11]
    },
    "mfcc": {
        "mean": [-670.063049316, 144.056015015, 18.710729599, 45.3119659424, 14.2447338104, 7.33864212036, 11.1268215179, -1.21337819099, -9.73940563202, -9.15499591827, -9.47205638885, -6.93682289124, -9.19340991974],
        "cov": [[7897.671875, -2560.17993164, -1296.21105957, -646.575439453, -738.004699707, 22.9465408325, 108.982872009, -460.051849365, 28.0314292908, 149.766815186, -316.547515869, -278.831176758, -153.42364502], [-2560.17993164, 2475.7878418, -794.105834961, 190.044158936, 59.2064628601, -231.678146362, 116.309455872, -33.5777626038, 23.9581718445, -66.2366790771, 29.8461837769, 26.716835022, -14.3177947998], [-1296.21105957, -794.105834961, 1561.80407715, -9.28287315369, 303.921722412, 155.712814331, -208.196456909, 259.857818604, -25.7816162109, 26.4768199921, 132.07623291, 107.078575134, 98.7370376587], [-646.575439453, 190.044158936, -9.28287315369, 273.57510376, 40.2618370056, -14.7298278809, -33.1209030151, 21.8239383698, -3.1884701252, -34.1730079651, 45.6880874634, 51.5366783142, 13.7524442673], [-738.004699707, 59.2064628601, 303.921722412, 40.2618370056, 229.418395996, 11.100897789, -49.77891922, 87.2239532471, -5.35074996948, -5.73332357407, 27.0578594208, 42.9459838867, 24.5128631592], [22.9465408325, -231.678146362, 155.712814331, -14.7298278809, 11.100897789, 247.193008423, -76.8035430908, 69.4078903198, 20.9058799744, -16.358631134, -37.29845047, -38.3173980713, 22.4048957825], [108.982872009, 116.309455872, -208.196456909, -33.1209030151, -49.77891922, -76.8035430908, 248.168273926, -75.2427215576, 2.05407357216, 1.17692053318, 2.8058962822, -12.8836011887, -34.3151130676], [-460.051849365, -33.5777626038, 259.857818604, 21.8239383698, 87.2239532471, 69.4078903198, -75.2427215576, 148.850357056, -9.13567447662, -4.99641704559, 16.2955036163, 19.4934520721, 19.8978614807], [28.0314292908, 23.9581718445, -25.7816162109, -3.1884701252, -5.35074996948, 20.9058799744, 2.05407357216, -9.13567447662, 88.831703186, 21.6033973694, -3.78142666817, -9.63973045349, 0.587519288063], [149.766815186, -66.2366790771, 26.4768199921, -34.1730079651, -5.73332357407, -16.358631134, 1.17692053318, -4.99641704559, 21.6033973694, 104.223983765, 16.9604034424, 5.88648986816, -5.57820129395], [-316.547515869, 29.8461837769, 132.07623291, 45.6880874634, 27.0578594208, -37.29845047, 2.8058962822, 16.2955036163, -3.78142666817, 16.9604034424, 121.907470703, 41.9168968201, 22.9822063446], [-278.831176758, 26.716835022, 107.078575134, 51.5366783142, 42.9459838867, -38.3173980713, -12.8836011887, 19.4934520721, -9.63973045349, 5.88648986816, 41.9168968201, 106.444038391, 26.3717575073], [-153.42364502, -14.3177947998, 98.7370376587, 13.7524442673, 24.5128631592, 22.4048957825, -34.3151130676, 19.8978614807, 0.587519288063, -5.57820129395, 22.9822063446, 26.3717575073, 75.2234725952]],
