{
"lowlevel": {
    "average_loudness": 0.909087717533,
    "barkbands_crest": {
        "dmean": 3.03382492065,
        "dmean2": 5.12222719193,
        "dvar": 8.46772766113,
        "dvar2": 24.7834205627,
        "max": 26.5260486603,
        "mean": 14.8890638351,
        "median": 14.4850597382,
        "min": 3.29898881912,
        "var": 20.6860179901
    },
    "barkbands_flatness_db": {
        "dmean": 0.0303029194474,
        "dmean2": 0.0442788973451,
        "dvar": 0.00124425569084,
        "dvar2": 0.00242447224446,
        "max": 0.706888973713,
        "mean": 0.279815077782,
        "median": 0.271998494864,
        "min": 0.0605083890259,
        "var": 0.00996636971831
    },
    "barkbands_kurtosis": {
        "dmean": 12.2723464966,
        "dmean2": 19.4793052673,
        "dvar": 385.745452881,
        "dvar2": 932.596801758,
        "max": 657.637268066,
        "mean": 26.7308502197,
        "median": 18.5720443726,
        "min": -1.96494781971,
        "var": 1036.38903809
    },
    "barkbands_skewness": {
        "dmean": 0.960119128227,
        "dmean2": 1.49171197414,
        "dvar": 1.10061609745,
        "dvar2": 2.78635573387,
        "max": 23.2011184692,
        "mean": 3.38465356827,
        "median": 3.18890953064,
        "min": -2.28910756111,
        "var": 4.08531856537
    },
    "barkbands_spread": {
        "dmean": 2.87225985527,
        "dmean2": 4.01558732986,
        "dvar": 38.2923278809,
        "dvar2": 66.4080810547,
        "max": 99.0297775269,
        "mean": 7.13980817795,
        "median": 3.74726057053,
        "min": 0.0758509114385,
        "var": 102.825904846
    },
    "dissonance": {
        "dmean": 0.0230561625212,
        "dmean2": 0.0365060940385,
        "dvar": 0.000685349863488,
        "dvar2": 0.00161107222084,
        "max": 0.499999880791,
        "mean": 0.422401070595,
        "median": 0.439257979393,
        "min": 0.0563599281013,
        "var": 0.00371446763165
    },
    "dynamic_complexity": 2.22378540039,
    "erbbands_crest": {
        "dmean": 3.06918287277,
        "dmean2": 4.97832679749,
        "dvar": 8.97304058075,
        "dvar2": 23.8530769348,
        "max": 31.4136829376,
        "mean": 13.7431230545,
        "median": 13.0952854156,
        "min": 2.60425281525,
        "var": 27.9493541718
    },
    "erbbands_flatness_db": {
        "dmean": 0.0228470545262,
        "dmean2": 0.030750092119,
        "dvar": 0.000845293863676,
        "dvar2": 0.00133377313614,
        "max": 0.548820197582,
        "mean": 0.240337461233,
        "median": 0.232339203358,
        "min": 0.0590145848691,
        "var": 0.00694086682051
    },
    "erbbands_kurtosis": {
        "dmean": 3.37358236313,
        "dmean2": 5.15395021439,
        "dvar": 33.1396713257,
        "dvar2": 76.0833358765,
        "max": 215.548965454,
        "mean": 6.38785982132,
        "median": 2.24983024597,
        "min": -1.92298161983,
        "var": 129.936737061
    },
    "erbbands_skewness": {
        "dmean": 0.551329493523,
        "dmean2": 0.803973793983,
        "dvar": 0.403042495251,
        "dvar2": 0.866551756859,
        "max": 11.7803993225,
        "mean": 1.74529254436,
        "median": 1.52083349228,
        "min": -6.26895952225,
        "var": 2.10059571266
    },
    "erbbands_spread": {
        "dmean": 8.03746318817,
        "dmean2": 10.9446392059,
        "dvar": 137.700485229,
        "dvar2": 223.125091553,
        "max": 171.989074707,
        "mean": 31.0764465332,
        "median": 23.9970493317,
        "min": 0.830954670906,
        "var": 650.968200684
    },
    "hfc": {
        "dmean": 3.44465923309,
        "dmean2": 5.10855531693,
        "dvar": 70.2764892578,
        "dvar2": 157.433364868,
        "max": 245.694351196,
        "mean": 14.0712366104,
        "median": 10.8110485077,
        "min": 1.22610110228e-16,
        "var": 169.916641235
    },
    "melbands_crest": {
        "dmean": 3.4347410202,
        "dmean2": 5.73824214935,
        "dvar": 9.47122001648,
        "dvar2": 26.8107662201,
        "max": 34.1271438599,
        "mean": 17.6117763519,
        "median": 16.9196739197,
        "min": 3.43852472305,
        "var": 26.0540218353
    },
    "melbands_flatness_db": {
        "dmean": 0.0334578976035,
        "dmean2": 0.0482831373811,
        "dvar": 0.0016758730635,
        "dvar2": 0.00318749155849,
        "max": 0.864659368992,
        "mean": 0.369173884392,
        "median": 0.35907638073,
        "min": 0.0104523999617,
        "var": 0.0126222902909
    },
    "melbands_kurtosis": {
        "dmean": 16.651638031,
        "dmean2": 27.1462192535,
        "dvar": 557.785095215,
        "dvar2": 1461.18713379,
        "max": 524.549133301,
        "mean": 40.1202850342,
        "median": 30.769733429,
        "min": -1.88099694252,
        "var": 1526.4942627
    },
    "melbands_skewness": {
        "dmean": 0.993815839291,
        "dmean2": 1.57391154766,
        "dvar": 1.1855866909,
        "dvar2": 2.93344426155,
        "max": 16.6201038361,
        "mean": 4.04903030396,
        "median": 3.79574632645,
        "min": -0.966475188732,
        "var": 5.03692150116
    },
    "melbands_spread": {
        "dmean": 2.89172792435,
        "dmean2": 4.39873027802,
        "dvar": 106.209777832,
        "dvar2": 233.181213379,
        "max": 173.163070679,
        "mean": 6.44279527664,
        "median": 3.46403431892,
        "min": 0.259847253561,
        "var": 137.987808228
    },
    "pitch_salience": {
        "dmean": 0.081169500947,
        "dmean2": 0.134420379996,
        "dvar": 0.00616512121633,
        "dvar2": 0.0171734280884,
        "max": 0.913359999657,
        "mean": 0.540268778801,
        "median": 0.549436628819,
        "min": 0.0148836504668,
        "var": 0.0169491972774
    },
    "silence_rate_20dB": {
        "dmean": 0,
        "dmean2": 0,
        "dvar": 0,
        "dvar2": 0,
        "max": 1,
        "mean": 1,
        "median": 1,
        "min": 1,
        "var": 0
    },
    "silence_rate_30dB": {
        "dmean": 0.0543643422425,
        "dmean2": 0.1087378636,
        "dvar": 0.0514068901539,
        "dvar2": 0.11633785814,
        "max": 1,
        "mean": 0.952899456024,
        "median": 1,
        "min": 0,
        "var": 0.0448833368719
    },
    "silence_rate_60dB": {
        "dmean": 0.00692216772586,
        "dmean2": 0.0137610808015,
        "dvar": 0.00687243044376,
        "dvar2": 0.01592999883,
        "max": 1,
        "mean": 0.0260825529695,
        "median": 0,
        "min": 0,
        "var": 0.0254081226885
    },
    "spectral_centroid": {
        "dmean": 130.460494995,
        "dmean2": 188.791625977,
        "dvar": 91512.6875,
        "dvar2": 172750.3125,
        "max": 10977.5351562,
        "mean": 515.413269043,
        "median": 373.317901611,
        "min": 85.7418060303,
        "var": 183383.296875
    },
    "spectral_complexity": {
        "dmean": 2.66739821434,
        "dmean2": 4.17551708221,
        "dvar": 12.6895151138,
        "dvar2": 27.2049312592,
        "max": 45,
        "mean": 9.82409095764,
        "median": 8,
        "min": 0,
        "var": 37.3648414612
    },
    "spectral_decrease": {
        "dmean": 3.24685256459e-09,
        "dmean2": 5.238389722e-09,
        "dvar": 3.68645282257e-17,
        "dvar2": 9.04986610633e-17,
        "max": 4.63925588353e-29,
        "mean": -1.10986295709e-08,
        "median": -9.8255616976e-09,
        "min": -6.19579907379e-08,
        "var": 6.14473698839e-17
    },
    "spectral_energy": {
        "dmean": 0.0124407727271,
        "dmean2": 0.0200658813119,
        "dvar": 0.000530819583219,
        "dvar2": 0.00130358838942,
        "max": 0.23578608036,
        "mean": 0.043165165931,
        "median": 0.0382262766361,
        "min": 1.09460083445e-20,
        "var": 0.000899863021914
    },
    "spectral_energyband_high": {
        "dmean": 0.000253276259173,
        "dmean2": 0.000341878301697,
        "dvar": 1.10145094823e-06,
        "dvar2": 2.50421726378e-06,
        "max": 0.0262302532792,
        "mean": 0.000395492883399,
        "median": 5.04398994963e-05,
        "min": 7.70635547543e-21,
        "var": 1.80817642104e-06
    },
    "spectral_energyband_low": {
        "dmean": 0.00956962630153,
        "dmean2": 0.0154645992443,
        "dvar": 0.000602550106123,
        "dvar2": 0.001477597747,
        "max": 0.217563226819,
        "mean": 0.0127289230004,
        "median": 0.00491270329803,
        "min": 2.28255173743e-22,
        "var": 0.000673673755955
    },
    "spectral_energyband_middle_high": {
        "dmean": 0.000528655364178,
        "dmean2": 0.000782250834163,
        "dvar": 7.88806971741e-07,
        "dvar2": 1.66093252574e-06,
        "max": 0.0274627879262,
        "mean": 0.0018776563229,
        "median": 0.000734089582693,
        "min": 1.45099323715e-21,
        "var": 1.01610476122e-05
    },
    "spectral_energyband_middle_low": {
        "dmean": 0.00657131057233,
        "dmean2": 0.0108151370659,
        "dvar": 5.47432391613e-05,
        "dvar2": 0.000146678052261,
        "max": 0.138323202729,
        "mean": 0.0305630937219,
        "median": 0.0306053180248,
        "min": 4.41459891156e-22,
        "var": 0.000244829192525
    },
    "spectral_entropy": {
        "dmean": 0.281370580196,
        "dmean2": 0.385830760002,
        "dvar": 0.133567795157,
        "dvar2": 0.215624153614,
        "max": 9.8054485321,
        "mean": 6.42264127731,
        "median": 6.49039983749,
        "min": 3.49093389511,
        "var": 0.864228963852
    },
    "spectral_flux": {
        "dmean": 0.0328246168792,
        "dmean2": 0.0521734952927,
        "dvar": 0.00210795667954,
        "dvar2": 0.00412568589672,
        "max": 0.435260683298,
        "mean": 0.0835068747401,
        "median": 0.0688064992428,
        "min": 3.79905723094e-05,
        "var": 0.00450973073021
    },
    "spectral_kurtosis": {
        "dmean": 8.62471675873,
        "dmean2": 13.9044466019,
        "dvar": 291.753601074,
        "dvar2": 685.741699219,
        "max": 351.037872314,
        "mean": 21.588842392,
        "median": 8.46303367615,
        "min": -1.19293105602,
        "var": 1393.85058594
    },
    "spectral_rms": {
        "dmean": 0.000806861440651,
        "dmean2": 0.00127768167295,
        "dvar": 1.35286973091e-06,
        "dvar2": 3.16546947943e-06,
        "max": 0.0151669112965,
        "mean": 0.00612831441686,
        "median": 0.00610687537119,
        "min": 3.2678788061e-12,
        "var": 4.55603503724e-06
    },
    "spectral_rolloff": {
        "dmean": 173.091018677,
        "dmean2": 275.649780273,
        "dvar": 591754.3125,
        "dvar2": 1052103.625,
        "max": 18949.21875,
        "mean": 508.031738281,
        "median": 301.46484375,
        "min": 86.1328125,
        "var": 980938.125
    },
    "spectral_skewness": {
        "dmean": 0.631357371807,
        "dmean2": 0.98019272089,
        "dvar": 0.870104134083,
        "dvar2": 1.77974963188,
        "max": 15.9520177841,
        "mean": 2.86796092987,
        "median": 2.20262098312,
        "min": -0.00609484687448,
        "var": 5.1304564476
    },
    "spectral_spread": {
        "dmean": 483443.0625,
        "dmean2": 649749.125,
        "dvar": 497857757184,
        "dvar2": 626855575552,
        "max": 40084596,
        "mean": 3406006,
        "median": 3083863,
        "min": 267457.40625,
        "var": 3.29679608218e+12
    },
    "spectral_strongpeak": {
        "dmean": 0.344080775976,
        "dmean2": 0.587039113045,
        "dvar": 0.217161417007,
        "dvar2": 0.577111542225,
        "max": 6.46939659119,
        "mean": 1.02605926991,
        "median": 0.962106704712,
        "min": 0,
        "var": 0.397060364485
    },
    "zerocrossingrate": {
        "dmean": 0.00610030069947,
        "dmean2": 0.00672051450238,
        "dvar": 0.000168415921507,
        "dvar2": 0.000190825332538,
        "max": 0.50244140625,
        "mean": 0.0246192328632,
        "median": 0.017578125,
        "min": 0.00341796875,
        "var": 0.000586202892009
    },
    "barkbands": {
        "dmean": [0.00114774412941, 0.00770418765023, 0.00176226207986, 0.00379099184647, 0.00500788260251, 0.0016392187681, 0.000355860160198, 0.000100138357084, 0.000204535681405, 0.000160295821843, 0.000102047692053, 9.60695033427e-05, 0.00012159578182, 6.31096481811e-05, 5.59024629183e-05, 4.2590272642e-05, 4.48300306743e-05, 5.01426111441e-05, 6.30330468994e-05, 4.93600891787e-05, 5.89916671743e-05, 6.77815260133e-05, 3.71356545656e-05, 3.79034681828e-05, 3.41595296049e-05, 1.74109500222e-05, 2.08501114685e-06],
        "dmean2": [0.00161502626725, 0.0132062891498, 0.00322891375981, 0.00657290965319, 0.00826018303633, 0.00248151132837, 0.000531267898623, 0.000167636564584, 0.000288765178993, 0.000241218629526, 0.000155907604494, 0.000146368111018, 0.000183642536285, 9.67039377429e-05, 8.93952892511e-05, 7.04633057467e-05, 7.44048011256e-05, 7.99919944257e-05, 9.75874791038e-05, 7.42113479646e-05, 8.06784737506e-05, 0.000104512531834, 5.10058416694e-05, 5.04735362483e-05, 4.97926048411e-05, 2.3609800337e-05, 3.0996679925e-06],
        "dvar": [1.08611830001e-05, 0.000558205356356, 2.10979742405e-05, 3.28154346789e-05, 3.01760555885e-05, 8.04863611847e-06, 1.50002711052e-06, 2.73660958783e-07, 3.63086911648e-07, 2.4246193675e-07, 1.25816654872e-07, 1.17402848332e-07, 1.04202307227e-07, 4.02729760651e-08, 2.78589080693e-08, 1.02514832179e-08, 2.59101895494e-08, 9.82685488538e-09, 1.42565053096e-08, 2.05061390091e-08, 3.25965885395e-08, 1.47064312728e-07, 3.42002550724e-08, 4.55808866207e-08, 3.40666659326e-08, 7.49996509342e-09, 2.13846260144e-10],
        "dvar2": [2.17937031266e-05, 0.00146763806697, 6.10731876804e-05, 9.54989809543e-05, 8.38080377434e-05, 1.82744897756e-05, 2.64463437816e-06, 5.13060967933e-07, 6.78505898577e-07, 4.79837410694e-07, 2.41654134925e-07, 2.28799933666e-07, 2.17920771206e-07, 8.17802288111e-08, 5.45995426648e-08, 2.32557475499e-08, 7.30071931798e-08, 2.26282690363e-08, 3.27322240423e-08, 4.92205636249e-08, 7.55585176648e-08, 3.9222075543e-07, 7.72808661509e-08, 9.08862745064e-08, 7.27761744201e-08, 1.48771768238e-08, 4.71184202766e-10],
        "max": [0.0270626302809, 0.206070676446, 0.0541962757707, 0.0981283485889, 0.109945721924, 0.0669649615884, 0.0484891347587, 0.0423510558903, 0.0304185990244, 0.0197834242135, 0.0249974764884, 0.0200681891292, 0.0137791084126, 0.00577038666233, 0.00656193727627, 0.00537831522524, 0.0105423200876, 0.00350941065699, 0.00377959152684, 0.00447436561808, 0.00533599453047, 0.0064445710741, 0.0097768548876, 0.0135916601866, 0.00970159005374, 0.00530587462708, 0.0010482436046],
        "mean": [0.00118992628995, 0.00721832877025, 0.00194369489327, 0.00791929848492, 0.0163879264146, 0.00435464689508, 0.000998254516162, 0.000145697573316, 0.000695377821103, 0.000503637827933, 0.000217077467823, 0.000181836192496, 0.000350975693436, 0.000136727932841, 0.000128092782688, 6.96792194503e-05, 7.02474499121e-05, 9.42800252233e-05, 0.000125490609207, 8.39474232635e-05, 9.41126199905e-05, 7.24397614249e-05, 5.6162236433e-05, 5.4391908634e-05, 4.64136755909e-05, 2.39597084146e-05, 2.48970241046e-06],
        "median": [8.7650041678e-06, 0.000980214914307, 0.000701057491824, 0.00538926571608, 0.0154400002211, 0.00174329429865, 0.000120704367873, 5.98375409027e-05, 8.80205843714e-05, 6.16075412836e-05, 5.42178240721e-05, 5.05001735291e-05, 4.64988370368e-05, 3.61601451004e-05, 2.77309736703e-05, 2.71391163551e-05, 2.88189512503e-05, 4.00143217121e-05, 4.75031047245e-05, 2.04406314879e-05, 1.44668147186e-05, 3.50317054654e-06, 1.41451380387e-06, 1.33259902668e-06, 1.11380438739e-06, 2.20305906851e-07, 2.23927987264e-08],
        "min": [1.08760615879e-23, 1.32263423352e-22, 7.61238656635e-23, 1.82084116837e-23, 7.82272528267e-23, 3.95274028908e-23, 3.60097364304e-23, 6.84539919631e-23, 1.63901403086e-22, 7.19153810865e-23, 7.2029084342e-23, 3.64176185391e-23, 1.77423387769e-22, 1.4365689723e-22, 6.17579638947e-23, 8.61460531635e-23, 1.87485870284e-22, 2.75426279084e-22, 2.43504296803e-22, 3.91795884379e-22, 3.58007747496e-22, 4.59622119766e-22, 5.51307901305e-22, 7.25150428544e-22, 1.14945914571e-21, 1.79040476894e-21, 2.75936668304e-21],
        "var": [1.4204116269e-05, 0.000481112510897, 1.73806602106e-05, 6.85367194819e-05, 0.000117576688353, 4.61956115032e-05, 9.06044169824e-06, 4.5590476816e-07, 5.13498844157e-06, 3.09189886138e-06, 5.65845141409e-07, 6.7208333121e-07, 9.90232592812e-07, 1.37914042853e-07, 1.86480249909e-07, 2.70480473574e-08, 2.31581065435e-08, 2.47052511781e-08, 3.79660676231e-08, 3.77901052673e-08, 5.91103734848e-08, 1.15718130189e-07, 8.58000248627e-08, 9.81725705174e-08, 6.62097647819e-08, 1.90354185747e-08, 4.66982286174e-10]
    },
    "erbbands": {
        "dmean": [0.227595210075, 1.78230404854, 2.45632147789, 6.10464572906, 13.8920974731, 29.6623916626, 14.7592554092, 14.3488111496, 6.80839252472, 2.84864163399, 2.23679304123, 5.08557891846, 3.99779987335, 5.17809772491, 3.85811138153, 3.85003352165, 5.92031383514, 2.94972348213, 3.39829397202, 2.4853785038, 2.13858771324, 2.53842616081, 2.2942097187, 3.16725373268, 2.99013638496, 2.21521234512, 2.45650458336, 2.34039568901, 3.08091020584, 1.22263479233, 1.0321046114, 0.80932945013, 0.638795912266, 0.417590469122, 0.231870740652, 0.0955215469003, 0.0284840483218, 0.00451174238697, 0.000365697138477, 2.03112595045e-05],
        "dmean2": [0.360883325338, 3.16343164444, 4.44094753265, 10.5146875381, 24.6535301208, 49.9073295593, 24.6637325287, 20.7168064117, 9.82723617554, 4.52240800858, 3.5654706955, 7.10212421417, 5.75378131866, 7.89437675476, 5.66682624817, 5.76125001907, 8.86401939392, 4.51531028748, 5.27433347702, 4.14804363251, 3.49087572098, 4.18069982529, 3.64338135719, 4.93645524979, 4.61377286911, 3.29961276054, 3.42001771927, 3.38584637642, 4.96938896179, 1.67529797554, 1.39804601669, 1.08194720745, 0.870901048183, 0.596270024776, 0.347482323647, 0.134568020701, 0.0375479273498, 0.0059668100439, 0.000546511088032, 3.1485746149e-05],
        "dvar": [0.485887795687, 31.3240089417, 42.5822257996, 87.8270568848, 359.709686279, 1161.60388184, 416.538146973, 677.624145508, 392.80770874, 102.540222168, 56.115234375, 278.964599609, 136.147583008, 318.650482178, 177.256210327, 129.245803833, 257.140838623, 83.4435501099, 101.410636902, 59.2332267761, 28.8356113434, 63.7188606262, 19.6630516052, 38.6892051697, 36.7292900085, 32.6588439941, 42.5185775757, 84.7911071777, 326.898681641, 28.1826515198, 32.2983055115, 31.4416942596, 10.7857580185, 5.47765636444, 1.57116782665, 0.254124403, 0.0188697762787, 0.000629488436971, 6.20315222477e-06, 3.90819199225e-09],
        "dvar2": [1.17656350136, 85.7232589722, 120.5054245, 232.965698242, 1174.53320312, 3343.86791992, 1211.69995117, 1399.77209473, 667.348937988, 203.382064819, 105.130477905, 526.883483887, 242.494781494, 715.559082031, 302.754547119, 247.649108887, 543.398803711, 172.575241089, 197.715286255, 127.979034424, 69.1019668579, 177.6199646, 44.5518531799, 92.3294219971, 85.8835144043, 78.9196243286, 94.611038208, 214.86857605, 889.415039062, 67.265663147, 75.1230773926, 60.2602539062, 22.9122257233, 11.2251796722, 3.68259191513, 0.559733569622, 0.0338891819119, 0.00122069485951, 1.42220314956e-05, 6.76761180429e-09],
        "max": [6.65621232986, 46.4424476624, 74.3213119507, 158.526382446, 312.878601074, 645.020568848, 449.040710449, 717.433166504, 813.293457031, 956.13269043, 435.021484375, 973.832092285, 629.187805176, 947.343261719, 1164.99584961, 615.749755859, 766.938537598, 313.162506104, 358.585174561, 474.885498047, 300.875183105, 491.781738281, 188.107757568, 217.013809204, 182.432769775, 112.79637146, 144.182907104, 202.128173828, 303.900238037, 171.256011963, 349.262817383, 446.222473145, 130.311737061, 117.924331665, 53.7019271851, 25.3562774658, 10.0860958099, 2.23834276199, 0.146148458123, 0.0055217188783],
        "mean": [0.220841899514, 1.54854774475, 2.83862900734, 13.142118454, 36.4919700623, 69.6207504272, 39.7402954102, 40.6583633423, 20.3443470001, 6.70041179657, 4.68847703934, 18.080286026, 10.9674253464, 18.014705658, 9.34160614014, 8.12615585327, 17.8927116394, 7.24117898941, 8.33623695374, 4.64565896988, 3.72755098343, 4.14495229721, 4.49554872513, 6.41450643539, 5.76906490326, 3.98107242584, 3.9455742836, 3.42655181885, 3.03704881668, 1.70480787754, 1.61240649223, 1.25351035595, 0.863656997681, 0.579327404499, 0.295875370502, 0.127885073423, 0.0393805429339, 0.00607247371227, 0.000450981344329, 6.01983774686e-05],
        "median": [0.0116156358272, 0.273932695389, 1.23886334896, 9.47240447998, 29.5376472473, 53.0510482788, 31.9517345428, 14.6209917068, 3.14888954163, 2.29769062996, 1.48921310902, 1.94908189774, 2.52374768257, 2.47908449173, 2.67598438263, 2.64741897583, 2.62939381599, 2.30499196053, 1.84813594818, 1.51058018208, 1.59744954109, 1.77138268948, 2.01982402802, 2.57988286018, 1.99870955944, 1.01328206062, 0.742178440094, 0.426133394241, 0.162990659475, 0.0606502741575, 0.0396568179131, 0.0282773878425, 0.0262661669403, 0.015942838043, 0.00541796209291, 0.00153554906137, 0.000350920308847, 4.57516543975e-05, 2.68195799435e-05, 4.48804385087e-05],
        "min": [3.76144389246e-21, 2.99276433626e-20, 7.71090723062e-20, 8.79900904271e-20, 1.99775905255e-19, 2.54628578119e-19, 2.47267963137e-19, 2.94484259682e-19, 4.02915411225e-19, 5.8296096507e-19, 2.6913193905e-18, 3.06427568995e-18, 3.24653211663e-18, 2.73218769623e-18, 2.16225756584e-18, 1.95635080468e-18, 7.85735968732e-18, 7.45635576124e-18, 4.83269188664e-18, 3.39135758661e-18, 6.07217405807e-18, 9.09320970869e-18, 1.4683931563e-17, 1.53852434105e-17, 1.09821932699e-17, 1.42029855938e-17, 2.00876543507e-17, 1.23447417185e-17, 1.40323564314e-17, 1.61440525823e-17, 1.79469158885e-17, 1.71046077969e-17, 1.24636257705e-17, 1.41625530055e-17, 5.76828568541e-18, 5.22358931999e-18, 3.51711323475e-18, 1.45666764365e-18, 4.11954504916e-19, 3.94329114908e-20],
        "var": [0.49557068944, 23.4289398193, 34.6415710449, 173.902236938, 783.417297363, 3503.5, 1151.53015137, 4597.74169922, 2586.32592773, 353.200286865, 252.243148804, 4482.42773438, 963.135620117, 4678.87109375, 992.064941406, 566.39239502, 2652.83984375, 310.804840088, 656.571777344, 192.052841187, 72.1322250366, 65.0118408203, 45.5615348816, 135.885726929, 94.2210159302, 61.5983581543, 76.2251739502, 107.946670532, 236.543304443, 40.6725196838, 82.1322555542, 81.7487716675, 19.1201534271, 11.3526086807, 2.57683420181, 0.561979174614, 0.0511221252382, 0.00174519303255, 1.16491291919e-05, 1.23907080152e-08]
    },
    "gfcc": {
        "mean": [-75.532119751, 149.228805542, -91.5827331543, 32.1242103577, -45.3206367493, -13.9358892441, -38.3864860535, -17.1045017242, -40.5586051941, -14.5162715912, -11.2108736038, -8.25093173981, -1.25895428658],
        "cov": [[9893.63476562, -3954.29614258, -677.097473145, 1169.35388184, -523.37310791, 1188.47558594, -501.29498291, 841.024475098, -541.335327148, 813.335876465, -189.479003906, 292.347869873, -337.711975098], [-3954.29614258, 3170.42041016, -172.838470459, -534.310974121, 948.874389648, -680.101745605, 494.512817383, -311.864837646, 321.713409424, -408.188049316, 287.66217041, -246.05039978, 329.13369751], [-677.097473145, -172.838470459, 1037.06958008, -210.727233887, -175.145401001, 207.393768311, -162.120880127, 131.274185181, -7.93391609192, 4.89208364487, 5.66355419159, 5.85086202621, -25.7575111389], [1169.35388184, -534.310974121, -210.727233887, 682.944824219, 114.292068481, 129.594085693, 86.2006530762, -54.8505401611, 95.1738128662, 74.537689209, -51.4699859619, 97.1394119263, -68.9386291504], [-523.37310791, 948.874389648, -175.145401001, 114.292068481, 844.213745117, -74.3617858887, 245.953109741, -11.8901815414, 119.617118835, -20.9593086243, 93.5415420532, -28.0646324158, 104.593711853], [1188.47558594, -680.101745605, 207.393768311, 129.594085693, -74.3617858887, 459.38885498, -85.1797027588, 158.599090576, -51.4105186462, 137.626525879, -0.765994906425, 36.9422531128, -80.2755432129], [-501.29498291, 494.512817383, -162.120880127, 86.2006530762, 245.953109741, -85.1797027588, 290.951080322, -57.2626419067, 110.917770386, -38.9708480835, 46.3238754272, 15.0263671875, 21.2302417755], [841.024475098, -311.864837646, 131.274185181, -54.8505401611, -11.8901815414, 158.599090576, -57.2626419067, 330.67565918, -75.7055282593, 129.054718018, 16.7556247711, 12.4611606598, 19.3856964111], [-541.335327148, 321.713409424, -7.93391609192, 95.1738128662, 119.617118835, -51.4105186462, 110.917770386, -75.7055282593, 217.10484314, -43.3255996704, 33.7397575378, 18.2656993866, 25.4091300964], [813.335876465, -408.188049316, 4.89208364487, 74.537689209, -20.9593086243, 137.626525879, -38.9708480835, 129.054718018, -43.3255996704, 186.213256836, -3.83390855789, 55.3488960266, -27.5115833282], [-189.479003906, 287.66217041, 5.66355419159, -51.4699859619, 93.5415420532, -0.765994906425, 46.3238754272, 16.7556247711, 33.7397575378, -3.83390855789, 135.573791504, -9.98445987701, 51.7841377258], [292.347869873, -246.05039978, 5.85086202621, 97.1394119263, -28.0646324158, 36.9422531128, 15.0263671875, 12.4611606598, 18.2656993866, 55.3488960266, -9.98445987701, 127.381774902, -23.3671169281], [-337.711975098, 329.13369751, -25.7575111389, -68.9386291504, 104.593711853, -80.2755432129, 21.2302417755, 19.3856964111, 25.4091300964, -27.5115833282, 51.7841377258, -23.3671169281, 131.041381836]],
        "icov": [[0.000503548420966, 0.0001075410255, 0.000544258218724, -0.000660085235722, 6.04608321737e-05, -0.00055407860782, 0.000542686146218, -0.000868953007739, 0.000601906329393, -0.000350911781425, -0.00020815616881, -0.000169332837686, 0.000301948486594], [0.0001075410255, 0.00331174232997, -0.000270742923021, 0.00201903795823, -0.00228617549874, 0.00180901843123, -0.00229656859301, 0.00104128033854, -0.00160445494112, 0.00169789115898, -0.00255021289922, 0.00274110585451, -0.00171678559855], [0.000544258218724, -0.000270742923021, 0.00201900140382, -0.000410366686992, 0.000351100898115, -0.00154258625116, 0.00153954606503, -0.00153299164958, 0.000136020767968, 0.000151426313096, 9.69951943262e-05, -0.000988526386209, 0.000806567608379], [-0.000660085235722, 0.00201903795823, -0.000410366686992, 0.00472404854372, -0.00192618090659, 0.000993988709524, -0.00241374480538, 0.00248801824637, -0.00300413416699, 0.00111699663103, -0.000273674639175, 0.000879126833752, -0.00111646740697], [6.04608321737e-05, -0.00228617549874, 0.000351100898115, -0.00192618090659, 0.00346789089963, -0.00144736922812, 0.000391875364585, -0.00102304411121, 0.00115387362894, -0.00159180012997, 0.00132558075711, -0.00121811241843, 8.78818827914e-05], [-0.00055407860782, 0.00180901843123, -0.00154258625116, 0.000993988709524, -0.00144736922812, 0.00584913371131, -0.0014074917417, 0.000476854795124, -0.00139782845508, -3.82449034078e-05, -0.00250982516445, 0.00235344748944, 0.000818492088001], [0.000542686146218, -0.00229656859301, 0.00153954606503, -0.00241374480538, 0.000391875364585, -0.0014074917417, 0.00849879160523, -0.00224598892964, -6.15862008999e-05, -0.000613880110905, 0.000294487690553, -0.00332261854783, 0.00315415137447], [-0.000868953007739, 0.00104128033854, -0.00153299164958, 0.00248801824637, -0.00102304411121, 0.000476854795124, -0.00224598892964, 0.00742782140151, -0.000554056663532, -0.00210129050538, -0.000371219095541, 0.00170087756123, -0.00335720274597], [0.000601906329393, -0.00160445494112, 0.000136020767968, -0.00300413416699, 0.00115387362894, -0.00139782845508, -6.15862008999e-05, -0.000554056663532, 0.00874842703342, -0.000641077465843, -2.25536223297e-05, -0.00243683322333, 8.54836980579e-05], [-0.000350911781425, 0.00169789115898, 0.000151426313096, 0.00111699663103, -0.00159180012997, -3.82449034078e-05, -0.000613880110905, -0.00210129050538, -0.000641077465843, 0.0117619652301, -0.00178062694613, -0.00198469962925, 4.93376064696e-05], [-0.00020815616881, -0.00255021289922, 9.69951943262e-05, -0.000273674639175, 0.00132558075711, -0.00250982516445, 0.000294487690553, -0.000371219095541, -2.25536223297e-05, -0.00178062694613, 0.0121135618538, -0.00192611990497, -0.00234428211115], [-0.000169332837686, 0.00274110585451, -0.000988526386209, 0.000879126833752, -0.00121811241843, 0.00235344748944, -0.00332261854783, 0.00170087756123, -0.00243683322333, -0.00198469962925, -0.00192611990497, 0.0130216637626, -0.00121333403513], [0.000301948486594, -0.00171678559855, 0.000806567608379, -0.00111646740697, 8.78818827914e-05, 0.000818492088001, 0.00315415137447, -0.00335720274597, 8.54836980579e-05, 4.93376064696e-05, -0.00234428211115, -0.00121333403513, 0.0134132606909]]
    },
    "melbands": {
        "dmean": [0.00209563900717, 0.00166511873249, 0.00142464681994, 0.00120933924336, 0.00070996087743, 0.000312732649036, 9.52498303377e-05, 2.79494215647e-05, 2.05940559681e-05, 3.21059051203e-05, 2.04100306291e-05, 2.21333411901e-05, 1.41129467011e-05, 1.16329474622e-05, 1.21470802696e-05, 1.08297981569e-05, 5.14706698596e-06, 5.95890196564e-06, 3.44511181538e-06, 3.34228070642e-06, 2.59893658949e-06, 2.87291527457e-06, 2.31520243688e-06, 2.38065808844e-06, 2.7796336326e-06, 2.59990656559e-06, 1.98461270884e-06, 1.4700083284e-06, 1.54571216626e-06, 1.45571289067e-06, 1.44861041917e-06, 1.85769704331e-06, 1.01217040083e-06, 6.55472319977e-07, 5.76536137942e-07, 6.32812316326e-07, 4.4280881184e-07, 4.60453009055e-07, 4.06459491842e-07, 3.48568278241e-07],
        "dmean2": [0.00339216087013, 0.00295863486826, 0.00249582598917, 0.00203813891858, 0.00117464654613, 0.000456206907984, 0.000138814633829, 4.48764658358e-05, 3.17489466397e-05, 4.48307946499e-05, 2.93498978863e-05, 3.35794393322e-05, 2.09691861528e-05, 1.75878230948e-05, 1.84218060895e-05, 1.62494216056e-05, 7.9348383224e-06, 9.18500882108e-06, 5.57577914151e-06, 5.59657564736e-06, 4.26585665991e-06, 4.79761911265e-06, 3.77769970328e-06, 3.76713182959e-06, 4.39038512923e-06, 4.04788261221e-06, 3.1920951642e-06, 2.23826032197e-06, 2.22784296966e-06, 1.99249757316e-06, 2.14184228753e-06, 2.9837119655e-06, 1.53575331296e-06, 9.19468561733e-07, 8.00717657512e-07, 8.57247300701e-07, 5.99124177825e-07, 6.45217824058e-07, 5.6102948065e-07, 5.09452945607e-07],
        "dvar": [3.9725255192e-05, 2.20676611207e-05, 4.27064060204e-06, 1.89563229469e-06, 7.01011856563e-07, 3.09826049261e-07, 8.01200812361e-08, 1.26255281785e-08, 3.96293131644e-09, 1.07555706563e-08, 3.58923335497e-09, 5.78789638439e-09, 2.222958706e-09, 1.98341854052e-09, 1.01351793624e-09, 7.99147359398e-10, 3.08200076571e-10, 3.36077748964e-10, 8.89715176533e-11, 9.04746555452e-11, 5.41573383361e-11, 1.16453138799e-10, 2.32572277409e-11, 1.86462893736e-11, 3.09820016864e-11, 2.26122766345e-11, 4.04481413641e-11, 1.31817048596e-11, 1.69821292445e-11, 1.83785035801e-11, 3.56562349091e-11, 1.17285570145e-10, 3.05583475191e-11, 7.13151152715e-12, 1.01192899546e-11, 1.82340757077e-11, 9.23892906624e-12, 5.76795946075e-12, 4.83730113257e-12, 4.20691910127e-12],
        "dvar2": [9.92790082819e-05, 6.04122324148e-05, 1.27482335301e-05, 5.40633391211e-06, 2.02625710699e-06, 6.57745317767e-07, 1.4008291771e-07, 2.36702923928e-08, 7.24642568173e-09, 1.98741041402e-08, 6.2714278215e-09, 1.27756267787e-08, 3.848743102e-09, 3.74755249055e-09, 2.02509453651e-09, 1.60346058653e-09, 6.44460040888e-10, 6.5471000843e-10, 1.87711915456e-10, 1.96725025159e-10, 1.3528594911e-10, 3.29955729406e-10, 5.55678038305e-11, 4.3032799546e-11, 7.49246151233e-11, 5.37086521091e-11, 1.0070835138e-10, 3.19767684553e-11, 3.8100082117e-11, 3.93840689228e-11, 9.19657128229e-11, 3.1449548521e-10, 8.16113218671e-11, 1.648700447e-11, 2.44943475225e-11, 3.71794123266e-11, 1.72446223967e-11, 1.28963870832e-11, 9.69829945519e-12, 9.15866861517e-12],
        "max": [0.0566834360361, 0.0474879331887, 0.0357701815665, 0.0226467363536, 0.0175282862037, 0.0146427405998, 0.01031028945, 0.0113163525239, 0.00372954946943, 0.00597984110937, 0.00303593929857, 0.00392172858119, 0.00379730854183, 0.00305891293101, 0.00148329581134, 0.00120364804752, 0.000659233948682, 0.000632085895631, 0.000425714824814, 0.000425450998591, 0.000402357109124, 0.000710300984792, 0.000257560575847, 0.000156616704771, 0.000195232845726, 0.000157568181749, 0.000299142644508, 6.13823503954e-05, 0.000141055046697, 0.000209672129131, 9.44635321503e-05, 0.000184195334441, 0.000121339158795, 7.97594548203e-05, 0.00017985519662, 0.000295391248073, 0.000252486555837, 7.7916054579e-05, 0.000128343512188, 9.37368313316e-05],
        "mean": [0.00208891462535, 0.00166924286168, 0.00313107343391, 0.00378233939409, 0.00196344498545, 0.000868346018251, 0.000282675609924, 5.7297605963e-05, 4.60556402686e-05, 0.000111891327833, 5.1242110203e-05, 7.56348890718e-05, 3.23311469401e-05, 2.21174159378e-05, 3.22355263052e-05, 3.08587295876e-05, 1.10991622932e-05, 1.36516782732e-05, 7.50425851948e-06, 5.23301150679e-06, 4.23115943704e-06, 4.22452876592e-06, 4.04475304094e-06, 4.35395577369e-06, 5.29349836143e-06, 4.81806591779e-06, 3.22263554153e-06, 2.51011852015e-06, 2.38864436142e-06, 2.25722806135e-06, 1.92900415641e-06, 1.7968721977e-06, 1.16084061119e-06, 9.01245414298e-07, 8.77589400261e-07, 9.44549526594e-07, 6.89311946189e-07, 5.88477860219e-07, 5.61075751193e-07, 4.68032482104e-07],
        "median": [0.000197845482035, 0.000525322335307, 0.00233282521367, 0.0034407582134, 0.00163130403962, 0.000309663882945, 3.28500791511e-05, 1.94329786609e-05, 9.99006260827e-06, 1.2186756976e-05, 1.11587614811e-05, 8.96744677448e-06, 8.29417240311e-06, 5.59436921321e-06, 6.05326022196e-06, 5.30523675479e-06, 3.0434744076e-06, 2.54897622654e-06, 2.00011299967e-06, 1.73307148543e-06, 1.74737090219e-06, 1.66582060501e-06, 1.84280236226e-06, 1.76627440851e-06, 2.03250760933e-06, 1.76195032964e-06, 8.95483879049e-07, 5.69606811496e-07, 4.70113263873e-07, 3.23825844362e-07, 1.86965309013e-07, 9.25602705593e-08, 3.91500094565e-08, 2.23520508769e-08, 1.86308266592e-08, 1.77667178747e-08, 1.12247189321e-08, 1.29190906861e-08, 1.40241764868e-08, 1.05972608466e-08],
        "min": [3.64917304434e-23, 4.21512110596e-23, 1.84601308876e-23, 1.74209691504e-23, 8.63551675677e-24, 7.08147023982e-24, 6.96467780508e-24, 5.43859404063e-24, 2.58220837777e-23, 2.01748541715e-23, 1.58017753444e-23, 1.00394130667e-23, 8.66029882211e-24, 4.47837243084e-24, 8.62419660278e-24, 1.93715713112e-23, 1.38173531388e-23, 8.70630282352e-24, 4.47883628105e-24, 5.10301379484e-24, 7.77071457879e-24, 8.14768990615e-24, 1.29947416086e-23, 1.52812738751e-23, 1.23996138977e-23, 7.90617146254e-24, 8.34428824322e-24, 1.0097072488e-23, 1.6232616461e-23, 7.04581688234e-24, 7.28826460409e-24, 6.45120469199e-24, 1.15389232627e-23, 7.9927891788e-24, 1.09088576912e-23, 8.73607916725e-24, 1.13630522459e-23, 7.50332859724e-24, 1.20090930397e-23, 1.26065644564e-23],
        "var": [3.9465878217e-05, 1.76705561898e-05, 8.26130963105e-06, 6.14720693193e-06, 2.38776738115e-06, 2.04489606404e-06, 5.3281377177e-07, 3.52873286147e-08, 2.70864930485e-08, 1.65222246551e-07, 2.57634216183e-08, 8.55223305507e-08, 1.15476712637e-08, 1.17627623197e-08, 7.86690534937e-09, 7.26601934176e-09, 9.84897385869e-10, 1.84889181742e-09, 5.08152298018e-10, 2.4336049842e-10, 9.97387381019e-11, 9.84129930326e-11, 4.02559895141e-11, 5.13769998767e-11, 1.04688792357e-10, 5.77167341698e-11, 8.59882859361e-11, 2.47065042036e-11, 2.71267504987e-11, 4.9862072804e-11, 3.76949894909e-11, 8.68064231607e-11, 2.6769652467e-11, 1.14389027764e-11, 2.26297331568e-11, 5.17897183472e-11, 2.2915920897e-11, 9.02472020725e-12, 9.44052822027e-12, 8.2392538972e-12]
    },
    "mfcc": {
        "mean": [-724.844604492, 171.048095703, 15.8876552582, 42.4604530334, 9.01699829102, 1.13025534153, 7.84319591522, -9.56149673462, -14.4720010757, -16.1396465302, -14.3822813034, -11.7583551407, -13.8585100174],
        "cov": [[8711.93066406, -2656.25195312, -1099.1126709, 529.362426758, 80.8733825684, 339.0965271, 443.321533203, -19.3523807526, 157.930740356, 342.695861816, 200.451477051, 280.304443359, 105.273956299], [-2656.25195312, 2380.5456543, -280.465789795, -51.5821075439, 319.756256104, -215.693084717, 182.897827148, 36.7608222961, 44.602935791, -34.8534240723, -23.4128627777, -60.7392311096, -7.1749663353], [-1099.1126709, -280.465789795, 1104.6003418, -364.480194092, -61.0985984802, -42.800113678, -150.878448486, 48.2158164978, -80.2941436768, 39.0325584412, -46.5953903198, 5.16838979721, 1.34569311142], [529.362426758, -51.5821075439, -364.480194092, 542.10559082, 81.4847946167, 197.733703613, 26.0676670074, 70.2746429443, 93.2148208618, -8.02535438538, 80.4649047852, 21.8044376373, 34.1234054565], [80.8733825684, 319.756256104, -61.0985984802, 81.4847946167, 458.267608643, 101.467803955, 175.646652222, 82.7357254028, 95.2161178589, 101.94190979, 54.7342147827, 32.4567832947, 37.0966796875], [339.0965271, -215.693084717, -42.800113678, 197.733703613, 101.467803955, 384.935180664, -0.720657110214, 118.253890991, 22.431646347, 52.4489822388, 66.0307617188, 61.357257843, 18.9097881317], [443.321533203, 182.897827148, -150.878448486, 26.0676670074, 175.646652222, -0.720657110214, 299.053894043, 22.3989524841, 60.7370567322, 89.3854064941, 34.5878791809, 47.4576034546, 24.2175579071], [-19.3523807526, 36.7608222961, 48.2158164978, 70.2746429443, 82.7357254028, 118.253890991, 22.3989524841, 180.022369385, 29.9174060822, 53.296169281, 31.2174549103, 47.01404953, 33.9245872498], [157.930740356, 44.602935791, -80.2941436768, 93.2148208618, 95.2161178589, 22.431646347, 60.7370567322, 29.9174060822, 144.901565552, 31.9911594391, 53.5172271729, -7.3286895752, 26.9923610687], [342.695861816, -34.8534240723, 39.0325584412, -8.02535438538, 101.94190979, 52.4489822388, 89.3854064941, 53.296169281, 31.9911594391, 147.712997437, 34.3235435486, 58.8982391357, 5.73979997635], [200.451477051, -23.4128627777, -46.5953903198, 80.4649047852, 54.7342147827, 66.0307617188, 34.5878791809, 31.2174549103, 53.5172271729, 34.3235435486, 102.057220459, 18.8985691071, 28.705953598], [280.304443359, -60.7392311096, 5.16838979721, 21.8044376373, 32.4567832947, 61.357257843, 47.4576034546, 47.01404953, -7.3286895752, 58.8982391357, 18.8985691071, 126.515693665, 17.1948032379], [105.273956299, -7.1749663353, 1.34569311142, 34.1234054565, 37.0966796875, 18.9097881317, 24.2175579071, 33.9245872498, 26.9923610687, 5.73979997635, 28.705953598, 17.1948032379, 103.37436676]],
