{
"lowlevel": {
    "average_loudness": 0.958192765713,
    "barkbands_crest": {
        "dmean": 3.02988839149,
        "dmean2": 5.25981044769,
        "dvar": 6.10252714157,
        "dvar2": 17.9495563507,
        "max": 26.9066123962,
        "mean": 10.9354248047,
        "median": 10.1964797974,
        "min": 3.2824819088,
        "var": 15.410700798
    },
    "barkbands_flatness_db": {
        "dmean": 0.0251913890243,
        "dmean2": 0.0432427562773,
        "dvar": 0.000466634897748,
        "dvar2": 0.0013590529561,
        "max": 0.651470839977,
        "mean": 0.282147496939,
        "median": 0.267167150974,
        "min": 0.0395947545767,
        "var": 0.00637223431841
    },
    "barkbands_kurtosis": {
        "dmean": 4.70127677917,
        "dmean2": 8.11219215393,
        "dvar": 696.458374023,
        "dvar2": 1899.78894043,
        "max": 2684.04614258,
        "mean": 7.1122636795,
        "median": 2.8059425354,
        "min": -1.9847215414,
        "var": 981.233886719
    },
    "barkbands_skewness": {
        "dmean": 0.612627029419,
        "dmean2": 1.04518425465,
        "dvar": 0.545183479786,
        "dvar2": 1.4697290659,
        "max": 50.8101806641,
        "mean": 1.88697862625,
        "median": 1.64693641663,
        "min": -2.16724538803,
        "var": 2.04079890251
    },
    "barkbands_spread": {
        "dmean": 4.09449911118,
        "dmean2": 6.86426115036,
        "dvar": 27.4029998779,
        "dvar2": 70.3294830322,
        "max": 101.830574036,
        "mean": 15.0225276947,
        "median": 11.3830738068,
        "min": 0.137636616826,
        "var": 148.206436157
    },
    "dissonance": {
        "dmean": 0.0190907679498,
        "dmean2": 0.0326369740069,
        "dvar": 0.000401190802222,
        "dvar2": 0.00113977934234,
        "max": 0.500000119209,
        "mean": 0.462253004313,
        "median": 0.469895064831,
        "min": 0.236094683409,
        "var": 0.00090681691654
    },
    "dynamic_complexity": 2.60383892059,
    "erbbands_crest": {
        "dmean": 2.73599886894,
        "dmean2": 4.59355545044,
        "dvar": 5.90488195419,
        "dvar2": 15.9583272934,
        "max": 33.9335021973,
        "mean": 10.1520118713,
        "median": 9.2227306366,
        "min": 2.20950746536,
        "var": 18.449678421
    },
    "erbbands_flatness_db": {
        "dmean": 0.0140506923199,
        "dmean2": 0.0231866296381,
        "dvar": 0.00015835337399,
        "dvar2": 0.000415363057982,
        "max": 0.494979530573,
        "mean": 0.272944748402,
        "median": 0.269715070724,
        "min": 0.0448839627206,
        "var": 0.00162454065867
    },
    "erbbands_kurtosis": {
        "dmean": 1.39022541046,
        "dmean2": 2.35222387314,
        "dvar": 11.2644138336,
        "dvar2": 31.2670555115,
        "max": 99.6758880615,
        "mean": 1.02688133717,
        "median": -0.537270307541,
        "min": -1.9558134079,
        "var": 31.7721920013
    },
    "erbbands_skewness": {
        "dmean": 0.446662783623,
        "dmean2": 0.730422616005,
        "dvar": 0.20630812645,
        "dvar2": 0.507609844208,
        "max": 8.327460289,
        "mean": 0.0358874313533,
        "median": 0.0495823249221,
        "min": -9.17008209229,
        "var": 1.66024005413
    },
    "erbbands_spread": {
        "dmean": 6.38827466965,
        "dmean2": 10.5622205734,
        "dvar": 49.1585235596,
        "dvar2": 127.032325745,
        "max": 115.055015564,
        "mean": 32.9423446655,
        "median": 28.5296554565,
        "min": 1.56043767929,
        "var": 269.253051758
    },
    "hfc": {
        "dmean": 5.17929553986,
        "dmean2": 8.6460943222,
        "dvar": 63.9726142883,
        "dvar2": 164.012786865,
        "max": 289.215759277,
        "mean": 17.0467605591,
        "median": 14.5156841278,
        "min": 1.05923931744e-16,
        "var": 218.719085693
    },
    "melbands_crest": {
        "dmean": 3.62672829628,
        "dmean2": 6.37822771072,
        "dvar": 8.5742816925,
        "dvar2": 26.1128978729,
        "max": 39.9615745544,
        "mean": 14.8529195786,
        "median": 13.6936359406,
        "min": 1.00153815746,
        "var": 29.4400959015
    },
    "melbands_flatness_db": {
        "dmean": 0.0292071755975,
        "dmean2": 0.0497401244938,
        "dvar": 0.000642117112875,
        "dvar2": 0.001836263109,
        "max": 0.82394516468,
        "mean": 0.361971586943,
        "median": 0.344026088715,
        "min": -4.57317327118e-07,
        "var": 0.0117545658723
    },
    "melbands_kurtosis": {
        "dmean": 9.20981025696,
        "dmean2": 15.8228111267,
        "dvar": 624.372436523,
        "dvar2": 1771.1751709,
        "max": 1874.74072266,
        "mean": 17.6324710846,
        "median": 9.07400512695,
        "min": -1.95502734184,
        "var": 1108.93774414
    },
    "melbands_skewness": {
        "dmean": 0.781468331814,
        "dmean2": 1.33527326584,
        "dvar": 0.812758803368,
        "dvar2": 2.34090185165,
        "max": 42.4321022034,
        "mean": 3.03958892822,
        "median": 2.59550333023,
        "min": -0.710568487644,
        "var": 3.11300969124
    },
    "melbands_spread": {
        "dmean": 5.32143068314,
        "dmean2": 9.06251716614,
        "dvar": 66.5998687744,
        "dvar2": 186.082046509,
        "max": 174.334182739,
        "mean": 15.4437561035,
        "median": 11.3351993561,
        "min": 0.121944703162,
        "var": 268.170135498
    },
    "pitch_salience": {
        "dmean": 0.0829508155584,
        "dmean2": 0.143935903907,
        "dvar": 0.00447554606944,
        "dvar2": 0.0133454380557,
        "max": 0.996090650558,
        "mean": 0.541866362095,
        "median": 0.552418708801,
        "min": 0.0051750568673,
        "var": 0.0141298910603
    },
    "silence_rate_20dB": {
        "dmean": 0,
        "dmean2": 0,
        "dvar": 0,
        "dvar2": 0,
        "max": 1,
        "mean": 1,
        "median": 1,
        "min": 1,
        "var": 0
    },
    "silence_rate_30dB": {
        "dmean": 0.000301000836771,
        "dmean2": 0.000602046959102,
        "dvar": 0.000300833984511,
        "dvar2": 0.00090240285499,
        "max": 1,
        "mean": 0.999849498272,
        "median": 1,
        "min": 0,
        "var": 0.000150446314365
    },
    "silence_rate_60dB": {
        "dmean": 0.000602001673542,
        "dmean2": 0.0012040939182,
        "dvar": 0.000601638981607,
        "dvar2": 0.00150366581511,
        "max": 1,
        "mean": 0.0127163277939,
        "median": 0,
        "min": 0,
        "var": 0.0125550506637
    },
    "spectral_centroid": {
        "dmean": 184.167526245,
        "dmean2": 303.784729004,
        "dvar": 73786.984375,
        "dvar2": 170665.78125,
        "max": 11622.3457031,
        "mean": 984.808532715,
        "median": 674.663452148,
        "min": 89.5229949951,
        "var": 962706.75
    },
    "spectral_complexity": {
        "dmean": 2.73308753967,
        "dmean2": 4.4325709343,
        "dvar": 6.52143573761,
        "dvar2": 15.8385953903,
        "max": 46,
        "mean": 16.5765228271,
        "median": 16,
        "min": 0,
        "var": 68.2868270874
    },
    "spectral_decrease": {
        "dmean": 2.99838820439e-09,
        "dmean2": 5.25549248565e-09,
        "dvar": 6.00823878699e-18,
        "dvar2": 1.85537967972e-17,
        "max": 1.41357793092e-28,
        "mean": -8.86193696203e-09,
        "median": -8.72067396074e-09,
        "min": -3.33539169617e-08,
        "var": 1.57331208345e-17
    },
    "spectral_energy": {
        "dmean": 0.0116482079029,
        "dmean2": 0.0203931219876,
        "dvar": 9.05527340365e-05,
        "dvar2": 0.00027840884286,
        "max": 0.12982109189,
        "mean": 0.0349930264056,
        "median": 0.0346075259149,
        "min": 1.01388173915e-20,
        "var": 0.000243741393206
    },
    "spectral_energyband_high": {
        "dmean": 0.00028320986894,
        "dmean2": 0.000451873464044,
        "dvar": 2.10480243368e-06,
        "dvar2": 5.14114753969e-06,
        "max": 0.0558406375349,
        "mean": 0.000551887322217,
        "median": 2.46304771281e-05,
        "min": 6.91509098045e-21,
        "var": 5.80339292355e-06
    },
    "spectral_energyband_low": {
        "dmean": 0.0075536207296,
        "dmean2": 0.0136749465019,
        "dvar": 4.96947395732e-05,
        "dvar2": 0.000160283001605,
        "max": 0.107281811535,
        "mean": 0.0126320766285,
        "median": 0.0105423508212,
        "min": 1.0792912493e-23,
        "var": 8.01536371e-05
    },
    "spectral_energyband_middle_high": {
        "dmean": 0.00167864665855,
        "dmean2": 0.0027337546926,
        "dvar": 5.61220849704e-06,
        "dvar2": 1.51405220095e-05,
        "max": 0.0483722537756,
        "mean": 0.00452401954681,
        "median": 0.00339001161046,
        "min": 1.20635941775e-21,
        "var": 1.90467380889e-05
    },
    "spectral_energyband_middle_low": {
        "dmean": 0.00685952836648,
        "dmean2": 0.0117089748383,
        "dvar": 5.64556903555e-05,
        "dvar2": 0.000164362223586,
        "max": 0.125179767609,
        "mean": 0.0192769672722,
        "median": 0.017970316112,
        "min": 1.56739783e-22,
        "var": 0.000200131893507
    },
    "spectral_entropy": {
        "dmean": 0.157619148493,
        "dmean2": 0.255569398403,
        "dvar": 0.0230643842369,
        "dvar2": 0.0578503236175,
        "max": 9.82024860382,
        "mean": 6.78484487534,
        "median": 6.82942771912,
        "min": 3.98751187325,
        "var": 0.349496811628
    },
    "spectral_flux": {
        "dmean": 0.0208723340183,
        "dmean2": 0.0341368727386,
        "dvar": 0.000298629020108,
        "dvar2": 0.000800366862677,
        "max": 0.249182522297,
        "mean": 0.0999742895365,
        "median": 0.100220575929,
        "min": 6.3039261311e-11,
        "var": 0.000916159595363
    },
    "spectral_kurtosis": {
        "dmean": 8.20821285248,
        "dmean2": 14.4593267441,
        "dvar": 95.5292053223,
        "dvar2": 288.547149658,
        "max": 203.956497192,
        "mean": 14.7850370407,
        "median": 8.33336353302,
        "min": -1.66249167919,
        "var": 358.253051758
    },
    "spectral_rms": {
        "dmean": 0.00099184224382,
        "dmean2": 0.00173302821349,
        "dvar": 5.78985122957e-07,
        "dvar2": 1.80165170605e-06,
        "max": 0.0112540982664,
        "mean": 0.00566057953984,
        "median": 0.00581063190475,
        "min": 3.14508011648e-12,
        "var": 2.09744484891e-06
    },
    "spectral_rolloff": {
        "dmean": 338.746704102,
        "dmean2": 612.080627441,
        "dvar": 388010.6875,
        "dvar2": 949146.375,
        "max": 19466.015625,
        "mean": 992.342468262,
        "median": 581.396484375,
        "min": 21.533203125,
        "var": 2472710
    },
    "spectral_skewness": {
        "dmean": 0.63312548399,
        "dmean2": 1.10328698158,
        "dvar": 0.396882593632,
        "dvar2": 1.19295299053,
        "max": 11.813867569,
        "mean": 1.99726176262,
        "median": 1.72106432915,
        "min": -0.965288162231,
        "var": 2.27587151527
    },
    "spectral_spread": {
        "dmean": 240591.828125,
        "dmean2": 408453.15625,
        "dvar": 343799070720,
        "dvar2": 836594302976,
        "max": 43026108,
        "mean": 2317333,
        "median": 2044354,
        "min": 465500.96875,
        "var": 7.41483269325e+12
    },
    "spectral_strongpeak": {
        "dmean": 0.643909335136,
        "dmean2": 1.1415964365,
        "dvar": 3.39547681808,
        "dvar2": 9.61951732635,
        "max": 44.6368751526,
        "mean": 0.9179251194,
        "median": 0.481732726097,
        "min": 0,
        "var": 4.8345913887
    },
    "zerocrossingrate": {
        "dmean": 0.00513340160251,
        "dmean2": 0.00686085131019,
        "dvar": 8.08717231848e-05,
        "dvar2": 0.000135532172862,
        "max": 0.5185546875,
        "mean": 0.0359237976372,
        "median": 0.02783203125,
        "min": 0,
        "var": 0.00163907848764
    },
    "barkbands": {
        "dmean": [0.000259233114775, 0.004284969531, 0.00406218087301, 0.00204332917929, 0.00341599714011, 0.00422508921474, 0.000424713711254, 0.000127518040244, 0.000640993239358, 6.32837691228e-05, 0.000365067302482, 0.000665817176923, 0.000373067887267, 0.000223072362132, 0.000264667673036, 0.000203821662581, 0.000292927405098, 0.000177445268491, 0.000108126056148, 8.64340909175e-05, 0.000219744062633, 1.24904718177e-05, 2.26010911319e-06, 3.66537804553e-08, 1.22712933148e-08, 3.75583431023e-09, 1.77802728096e-09],
        "dmean2": [0.000447775004432, 0.00788158550858, 0.00741217425093, 0.0035166926682, 0.00581323960796, 0.00724507216364, 0.000696428876836, 0.000199561138288, 0.00106354709715, 0.000100552846561, 0.000594930024818, 0.00104970217217, 0.000635073520243, 0.000384915212635, 0.000441308278823, 0.000336058845278, 0.000470318831503, 0.000286502472591, 0.000177219029865, 0.000137192604598, 0.000354591553332, 1.9712433641e-05, 3.60594003723e-06, 5.96127236463e-08, 1.97389056211e-08, 6.3011924567e-09, 3.26593130318e-09],
        "dvar": [6.61370791022e-07, 1.86349425348e-05, 2.35169773077e-05, 6.71716497891e-06, 2.22932612814e-05, 3.76153693651e-05, 5.95172025442e-07, 7.37304972631e-08, 1.26321424432e-06, 1.9536164686e-08, 5.99546297053e-07, 1.74746810444e-06, 6.32170554127e-07, 3.86112986916e-07, 3.85536907288e-07, 3.13615430514e-07, 6.9891405019e-07, 4.01842697784e-07, 2.72339491403e-07, 5.78932372264e-07, 1.53645135015e-06, 2.26591923003e-09, 1.13889751796e-10, 7.8075719311e-15, 6.86641064763e-16, 1.10667620651e-16, 1.59171374188e-16],
        "dvar2": [1.85294038602e-06, 5.88281618548e-05, 7.5985379226e-05, 1.94375188585e-05, 6.41612932668e-05, 0.000107744061097, 1.41416558108e-06, 1.6579235762e-07, 3.41205895893e-06, 5.08419972789e-08, 1.64034054251e-06, 4.45638352176e-06, 1.83866188763e-06, 1.08805943455e-06, 1.02704382243e-06, 8.08131403573e-07, 1.82328483334e-06, 1.00350143839e-06, 7.89493242337e-07, 1.57750105245e-06, 3.5917275909e-06, 5.03162356225e-09, 2.89234747264e-10, 2.03833650669e-14, 1.77282905305e-15, 2.68489909582e-16, 4.06682593773e-16],
        "max": [0.0193413682282, 0.0354836061597, 0.074136890471, 0.0389753133059, 0.0913097932935, 0.114741563797, 0.0452998206019, 0.0102899130434, 0.0185995623469, 0.00451855175197, 0.0158142186701, 0.0276717599481, 0.024803571403, 0.0257994532585, 0.0193962994963, 0.033682551235, 0.0306515842676, 0.0345968194306, 0.0308426637203, 0.0490863882005, 0.055528793484, 0.00195779325441, 0.000461508403532, 2.41125758293e-06, 6.32917760868e-07, 3.4489298173e-07, 9.8380428426e-07],
        "mean": [0.000349576206645, 0.00518796034157, 0.00511668343097, 0.0033210485708, 0.00664317328483, 0.00706940656528, 0.000903361127712, 0.000269636657322, 0.00103678612504, 0.00010559855582, 0.000552765792236, 0.00117181497626, 0.000566068396438, 0.000318867649185, 0.000422320998041, 0.000347246561432, 0.000508160039317, 0.000330851355102, 0.00018517539138, 0.000150120424223, 0.000410099659348, 2.25547937589e-05, 3.65144319403e-06, 6.25717362368e-08, 2.25855352198e-08, 5.31305843765e-09, 1.76326730994e-09],
        "median": [3.52178576577e-05, 0.00359608698636, 0.00317167234607, 0.00196452555247, 0.00441996473819, 0.00454339198768, 0.000433621287812, 0.000106639156002, 0.000542029447388, 5.02529510413e-05, 0.000206393771805, 0.000453058746643, 0.000292177428491, 0.00018053711392, 0.000152740976773, 0.000137035429361, 0.000100715042208, 6.4223051595e-05, 3.50134505425e-05, 2.01554539672e-05, 9.27869950829e-06, 2.16257672037e-06, 4.38459807128e-07, 2.54451713033e-08, 1.16882690193e-08, 2.20450124822e-09, 6.85066059436e-10],
        "min": [9.51983239532e-25, 2.53662345872e-24, 2.05901649834e-24, 7.44122335311e-25, 7.70712213463e-24, 3.37699283953e-24, 7.42759163945e-24, 9.50891041887e-24, 2.1593680463e-23, 1.99765234959e-23, 8.2747911752e-24, 2.88993923037e-23, 4.27596152995e-23, 2.73527610792e-23, 3.16994383096e-23, 5.72480082342e-23, 7.98258131868e-23, 8.2915087155e-23, 1.33353843693e-22, 1.59813525875e-22, 2.60223149771e-22, 3.03883735732e-22, 4.06748446226e-22, 5.75451588844e-22, 9.82077250447e-22, 1.31540397622e-21, 1.94094356249e-21],
        "var": [1.11990038931e-06, 2.45360261033e-05, 3.3860142139e-05, 1.57884314831e-05, 5.42917150597e-05, 7.23093980923e-05, 3.54257394974e-06, 3.52104137846e-07, 2.12114173337e-06, 3.49901263519e-08, 9.87173734757e-07, 4.42466352979e-06, 9.24540643155e-07, 3.66967071841e-07, 7.12810560799e-07, 6.20510036242e-07, 1.40268571158e-06, 8.39961046495e-07, 5.17232194852e-07, 1.35525419864e-06, 4.3754203034e-06, 4.53218929053e-09, 1.68410785317e-10, 1.32425664604e-14, 1.30024247848e-15, 1.98222292974e-16, 2.49376902295e-16]
    },
    "erbbands": {
        "dmean": [0.0885185971856, 1.09937477112, 4.08720016479, 6.2756280899, 5.32922554016, 15.0951223373, 30.1487693787, 32.1176071167, 7.7158241272, 3.78679084778, 4.7378411293, 17.3309135437, 4.02103281021, 5.95613336563, 18.8934288025, 24.7780208588, 16.4779644012, 11.2171535492, 13.1499557495, 11.8911848068, 12.0967197418, 14.6599760056, 10.2127275467, 7.31787967682, 3.58131194115, 3.62235450745, 8.42485809326, 6.1149392128, 0.607030570507, 0.159048438072, 0.0634516701102, 0.00356316519901, 0.00054776360048, 0.000197003610083, 7.80566115282e-05, 2.84728248516e-05, 7.90528702055e-06, 2.47617344939e-06, 5.66601602259e-06, 1.30411062855e-05],
        "dmean2": [0.156562536955, 2.0373916626, 7.5471162796, 11.072804451, 8.64179134369, 25.8821964264, 51.8879852295, 55.3393707275, 12.9105453491, 6.25609207153, 7.56161689758, 28.825553894, 6.49051475525, 9.41749572754, 30.9094486237, 38.9687576294, 27.6833229065, 19.3767738342, 22.1259250641, 19.6963691711, 19.66938591, 23.6688289642, 16.668012619, 12.0190048218, 5.79025173187, 5.82268762589, 13.5406303406, 9.77391815186, 0.962784409523, 0.253241300583, 0.103313952684, 0.00579623039812, 0.000877441023476, 0.000315461307764, 0.000126684215502, 4.6379325795e-05, 1.31266442622e-05, 4.19428079113e-06, 9.80734967015e-06, 2.2754755264e-05],
        "dvar": [0.0158106908202, 1.22887587547, 21.5051307678, 57.5432929993, 48.4860191345, 561.05657959, 1891.86950684, 2123.79272461, 141.465530396, 53.1420440674, 72.4865570068, 1033.64074707, 49.2180099487, 130.159515381, 1951.75097656, 2628.67504883, 1333.31738281, 933.940795898, 1006.54260254, 699.78314209, 1116.52038574, 2314.05273438, 1518.79162598, 1123.74633789, 142.966094971, 550.156738281, 1884.6418457, 1369.68969727, 4.68429136276, 0.299338310957, 0.12005738169, 0.000228435601457, 1.65627420756e-06, 2.08316521366e-07, 2.39567050642e-08, 4.31121582878e-09, 4.79881578919e-10, 3.51793538744e-10, 2.90706885647e-11, 1.14568077247e-10],
        "dvar2": [0.0458394251764, 4.01431941986, 71.4910888672, 171.44241333, 124.974197388, 1655.48876953, 5366.78027344, 6076.94873047, 380.859039307, 122.472496033, 175.510482788, 2757.7265625, 132.375595093, 337.319549561, 5618.66748047, 6705.7890625, 3764.96533203, 2688.38793945, 2743.79931641, 1859.29919434, 2912.73876953, 6227.57861328, 3866.31860352, 3201.50537109, 371.767059326, 1547.21533203, 4820.43798828, 3070.16918945, 10.7311601639, 0.727872371674, 0.318994641304, 0.000606746820267, 4.3044819904e-06, 5.34648449957e-07, 6.27486897997e-08, 1.07659197113e-08, 1.17958864898e-09, 8.58187521047e-10, 8.39705874278e-11, 3.48397699579e-10],
        "max": [1.46496391296, 9.76042175293, 57.3024253845, 137.113265991, 147.813278198, 541.776245117, 876.984191895, 802.224060059, 398.065185547, 490.29989624, 281.908416748, 539.710510254, 161.463500977, 259.14541626, 1310.08984375, 1087.98193359, 1350.99267578, 1617.58325195, 930.847351074, 905.376525879, 2300.953125, 2131.37426758, 2248.78149414, 1801.58728027, 621.365539551, 1118.55322266, 1893.21044922, 1816.96618652, 118.538619995, 21.5791473389, 18.8822860718, 0.68019258976, 0.0469112247229, 0.0186725668609, 0.00362466624938, 0.00257933000103, 0.000655489158817, 0.00156598677859, 0.000193404979655, 0.000157540314831],
        "mean": [0.116856373847, 1.31071043015, 5.27948093414, 9.90149211884, 12.0924320221, 26.8396606445, 50.9184951782, 51.063533783, 16.5896472931, 8.71624565125, 9.88945960999, 26.3723316193, 7.28666162491, 10.8759832382, 31.1883087158, 45.6489830017, 27.0384712219, 17.7438220978, 21.2092113495, 20.097530365, 22.2206020355, 27.0307369232, 19.1373767853, 13.5801992416, 6.58862161636, 6.66359233856, 15.4469137192, 11.4898462296, 1.18350970745, 0.30029630661, 0.100037880242, 0.00609354441985, 0.00109563302249, 0.000414399401052, 0.000159975388669, 6.23186933808e-05, 2.07611974474e-05, 5.59579530091e-06, 1.78895988938e-05, 3.99811542593e-05],
        "median": [0.0572620406747, 0.929839134216, 3.4882338047, 6.39020681381, 8.24965667725, 14.8911924362, 33.4908370972, 32.2486610413, 10.4080734253, 4.66650247574, 5.15416622162, 12.5357036591, 4.43142461777, 5.22917842865, 13.3498477936, 18.9824924469, 15.0694026947, 11.3814163208, 9.71454143524, 8.18305206299, 8.02877426147, 5.92194652557, 4.09478473663, 2.43902993202, 1.55889809132, 1.09494507313, 0.603888750076, 0.230346530676, 0.0911818966269, 0.0443010441959, 0.0118308998644, 0.00220645498484, 0.000587866874412, 0.000229527388001, 9.84875950962e-05, 4.10772699979e-05, 1.56507849169e-05, 3.29645740749e-06, 1.74756169145e-05, 3.95346287405e-05],
        "min": [6.03710265165e-23, 4.48561406351e-22, 3.62684448157e-21, 2.86329235465e-21, 1.12701250119e-20, 2.12469434426e-20, 2.14038670365e-20, 4.61857845983e-20, 9.34036838058e-20, 1.46689741213e-19, 2.86435275334e-19, 4.28116812754e-19, 4.89918190505e-19, 7.30648324875e-19, 6.32145072593e-19, 1.17390246529e-18, 2.25918472886e-18, 2.39800631516e-18, 2.52048177859e-18, 2.58489040378e-18, 3.43199965844e-18, 5.1101022079e-18, 5.02751939067e-18, 6.98832456295e-18, 6.63202726744e-18, 7.37189565762e-18, 8.18362949941e-18, 8.5442967901e-18, 9.41304653715e-18, 1.14404190692e-17, 1.22679545423e-17, 1.2121219319e-17, 8.48097032394e-18, 9.8262199444e-18, 6.92087915094e-18, 4.18867759944e-18, 2.28825743906e-18, 9.82812990444e-19, 2.51749395051e-19, 2.79572797564e-20],
        "var": [0.023996764794, 1.4653481245, 30.2704334259, 111.545860291, 158.870773315, 1293.11230469, 3812.07910156, 3698.36376953, 557.317749023, 400.788665771, 277.60269165, 1587.79187012, 97.7934265137, 296.8019104, 3285.91479492, 6589.81738281, 2008.05895996, 856.246337891, 1480.73181152, 1561.58251953, 2261.00292969, 4526.33691406, 2924.97631836, 2131.33081055, 335.067230225, 1218.41650391, 5322.68457031, 3843.77539062, 11.5890350342, 0.566648066044, 0.16784389317, 0.000334749987815, 3.41137592841e-06, 4.25968266882e-07, 4.44403696065e-08, 7.29036697678e-09, 1.11061193575e-09, 6.57036480778e-10, 7.977667138e-11, 3.24637317028e-10]
    },
    "gfcc": {
        "mean": [-95.6610794067, 200.581390381, -144.826629639, 44.4293785095, -13.3119754791, -19.3533325195, -13.4402112961, -31.6480827332, -11.0240039825, -10.9424390793, -2.27251386642, -4.10240745544, 0.356841921806],
        "cov": [[12486.2919922, 1104.06665039, -3123.40795898, 545.460632324, -2116.95947266, -880.14276123, 478.103424072, -696.445922852, -80.9034042358, -349.905761719, -156.007522583, 198.605789185, 27.444726944], [1104.06665039, 972.302734375, 95.5907516479, -674.46472168, -32.7702598572, 49.0639533997, -107.122657776, 41.5859870911, -17.3210391998, -105.938034058, 97.9526290894, -69.3297576904, -16.2213439941], [-3123.40795898, 95.5907516479, 1370.58349609, -323.796508789, 523.151123047, 324.579498291, -147.767776489, 188.027801514, 32.4994773865, 87.4549026489, 46.8007392883, -90.8856964111, -11.4859418869], [545.460632324, -674.46472168, -323.796508789, 1302.45947266, 177.261123657, -366.75390625, 240.396469116, -180.276565552, 48.9352607727, 92.9941177368, -134.807815552, 98.1565475464, -21.341342926], [-2116.95947266, -32.7702598572, 523.151123047, 177.261123657, 1353.28637695, 185.792739868, -267.439086914, 253.075531006, -57.3384552002, 97.6534805298, 60.2025566101, -101.887657166, -11.9067707062], [-880.14276123, 49.0639533997, 324.579498291, -366.75390625, 185.792739868, 411.98626709, -99.0499954224, 90.0482940674, 27.1819038391, 8.02144527435, 40.8744010925, -30.7914237976, -11.0115423203], [478.103424072, -107.122657776, -147.767776489, 240.396469116, -267.439086914, -99.0499954224, 262.703674316, -82.5714416504, 9.74559879303, 15.3864517212, -39.7198982239, 63.5550537109, -17.3260536194], [-696.445922852, 41.5859870911, 188.027801514, -180.276565552, 253.075531006, 90.0482940674, -82.5714416504, 223.734298706, -24.1441841125, -6.66430568695, 60.1695213318, -48.0954017639, 13.7833538055], [-80.9034042358, -17.3210391998, 32.4994773865, 48.9352607727, -57.3384552002, 27.1819038391, 9.74559879303, -24.1441841125, 157.974411011, 10.3690690994, -29.5704460144, 34.8530769348, -28.8593025208], [-349.905761719, -105.938034058, 87.4549026489, 92.9941177368, 97.6534805298, 8.02144527435, 15.3864517212, -6.66430568695, 10.3690690994, 160.925582886, 2.8435189724, -22.0578727722, 34.1362457275], [-156.007522583, 97.9526290894, 46.8007392883, -134.807815552, 60.2025566101, 40.8744010925, -39.7198982239, 60.1695213318, -29.5704460144, 2.8435189724, 120.255813599, 3.64300584793, -12.2799835205], [198.605789185, -69.3297576904, -90.8856964111, 98.1565475464, -101.887657166, -30.7914237976, 63.5550537109, -48.0954017639, 34.8530769348, -22.0578727722, 3.64300584793, 117.550132751, -3.97721385956], [27.444726944, -16.2213439941, -11.4859418869, -21.341342926, -11.9067707062, -11.0115423203, -17.3260536194, 13.7833538055, -28.8593025208, 34.1362457275, -12.2799835205, -3.97721385956, 109.481719971]],
        "icov": [[0.000903757289052, -0.00260440004058, 0.00164251809474, -0.00216464791447, 0.00169452338014, -0.00144711800385, 0.00146560161375, -0.00102508824784, 0.0016809332883, -0.000849735282827, 0.00136381376069, -0.000795243948232, 0.000369785673684], [-0.00260440004058, 0.0101136863232, -0.00472280150279, 0.00838097278029, -0.0060427528806, 0.00580504117534, -0.00584834534675, 0.00507204001769, -0.00654581934214, 0.00436508050188, -0.00583632476628, 0.00411073118448, -0.00193960801698], [0.00164251809474, -0.00472280150279, 0.00407507270575, -0.00368022965267, 0.00272831739858, -0.00305683445185, 0.00246963300742, -0.00214415043592, 0.00271956343204, -0.00202472810633, 0.00266860425472, -0.00122538791038, 0.000851667544339], [-0.00216464791447, 0.00838097278029, -0.00368022965267, 0.00907607655972, -0.00621321378276, 0.00629935832694, -0.00652224943042, 0.00522922398522, -0.00606421474367, 0.00295978458598, -0.00361008895561, 0.00252465344965, -0.00139974837657], [0.00169452338014, -0.0060427528806, 0.00272831739858, -0.00621321378276, 0.00574147514999, -0.00427747890353, 0.00571262510493, -0.00474797701463, 0.00515645509586, -0.00340167316608, 0.00358271482401, -0.00250893551856, 0.0021815688815], [-0.00144711800385, 0.00580504117534, -0.00305683445185, 0.00629935832694, -0.00427747890353, 0.00765900779516, -0.00386254186742, 0.00321764452383, -0.00485528679565, 0.00221228320152, -0.00308962888084, 0.00187108921818, -0.000829331576824], [0.00146560161375, -0.00584834534675, 0.00246963300742, -0.00652224943042, 0.00571262510493, -0.00386254186742, 0.0114212967455, -0.00465089082718, 0.00614047795534, -0.00485580647364, 0.00513236317784, -0.00546738831326, 0.0038893064484], [-0.00102508824784, 0.00507204001769, -0.00214415043592, 0.00522922398522, -0.00474797701463, 0.00321764452383, -0.00465089082718, 0.0114183565602, -0.0047461730428, 0.00481965858489, -0.00655849743634, 0.00499681010842, -0.00387140596285], [0.0016809332883, -0.00654581934214, 0.00271956343204, -0.00606421474367, 0.00515645509586, -0.00485528679565, 0.00614047795534, -0.0047461730428, 0.0135191064328, -0.00530287995934, 0.00730479881167, -0.00665408652276, 0.00514839356765], [-0.000849735282827, 0.00436508050188, -0.00202472810633, 0.00295978458598, -0.00340167316608, 0.00221228320152, -0.00485580647364, 0.00481965858489, -0.00530287995934, 0.0117455646396, -0.00597217911854, 0.00596633227542, -0.005811591167], [0.00136381376069, -0.00583632476628, 0.00266860425472, -0.00361008895561, 0.00358271482401, -0.00308962888084, 0.00513236317784, -0.00655849743634, 0.00730479881167, -0.00597217911854, 0.0167090278119, -0.00744988536462, 0.00547762122005], [-0.000795243948232, 0.00411073118448, -0.00122538791038, 0.00252465344965, -0.00250893551856, 0.00187108921818, -0.00546738831326, 0.00499681010842, -0.00665408652276, 0.00596633227542, -0.00744988536462, 0.0157137680799, -0.0042860773392], [0.000369785673684, -0.00193960801698, 0.000851667544339, -0.00139974837657, 0.0021815688815, -0.000829331576824, 0.0038893064484, -0.00387140596285, 0.00514839356765, -0.005811591167, 0.00547762122005, -0.0042860773392, 0.0134549578652]]
    },
    "melbands": {
        "dmean": [0.000975487811957, 0.00180785660632, 0.000975209113676, 0.000638267258182, 0.00092918908922, 0.000720838434063, 0.000113648166007, 3.60429185093e-05, 5.33814709343e-05, 0.000105489481939, 1.82727762876e-05, 2.17261313082e-05, 5.70735683141e-05, 8.22815200081e-05, 4.61999115942e-05, 3.40518272424e-05, 2.11016140383e-05, 2.20382025873e-05, 1.93387731997e-05, 1.49361985677e-05, 1.62220167113e-05, 1.69817903952e-05, 1.12709340101e-05, 9.44672956393e-06, 6.31527291262e-06, 3.45083435604e-06, 1.68728672634e-06, 2.93219613923e-06, 3.93333175452e-06, 9.4538590929e-06, 1.55948646352e-06, 3.31573971835e-07, 1.70949817857e-07, 6.51778577776e-08, 4.91565650407e-08, 5.36187005906e-09, 5.76277803255e-10, 3.45392325851e-10, 2.24971000162e-10, 1.41904404893e-10],
        "dmean2": [0.00176149769686, 0.00333567312919, 0.00170322414488, 0.00107680540532, 0.00160546274856, 0.00124021747615, 0.000189411715837, 5.8965801145e-05, 8.6990519776e-05, 0.00017548337928, 2.94212841254e-05, 3.43352839991e-05, 9.35519128689e-05, 0.000130112690385, 7.61789706303e-05, 5.7439567172e-05, 3.64382831322e-05, 3.7342102587e-05, 3.23350650433e-05, 2.47564694291e-05, 2.62606263277e-05, 2.73680252576e-05, 1.84660730156e-05, 1.51478534463e-05, 1.0488094631e-05, 5.64221863897e-06, 2.67945483756e-06, 4.74815396956e-06, 6.30463091511e-06, 1.51877984536e-05, 2.50597940976e-06, 5.23256289853e-07, 2.77903097867e-07, 1.02703907601e-07, 8.04510662533e-08, 8.80850148377e-09, 9.48522371758e-10, 5.55889612119e-10, 3.63080038257e-10, 2.30207131136e-10],
        "dvar": [1.17648403375e-06, 3.63142294191e-06, 1.31305660034e-06, 8.43179407184e-07, 1.62712967722e-06, 1.06716254322e-06, 3.34687442205e-08, 4.5263419679e-09, 8.42206215879e-09, 3.79433089392e-08, 1.14298026599e-09, 1.80347170531e-09, 1.56500430393e-08, 2.94965332159e-08, 7.64293517364e-09, 6.75870248656e-09, 3.73389896779e-09, 3.01927816082e-09, 2.42440689746e-09, 1.34118482986e-09, 1.98039895594e-09, 2.76252154485e-09, 1.65419844489e-09, 9.93055859766e-10, 1.0591523214e-09, 1.60858840137e-10, 7.43761996436e-11, 5.13591891238e-10, 1.03784447703e-09, 3.73539421616e-09, 5.62586331687e-11, 1.84672177723e-12, 3.46362370209e-13, 6.46373891368e-14, 8.08045172657e-14, 9.33521046279e-16, 1.85780298804e-18, 7.09528232488e-19, 6.60546629118e-19, 1.29443762149e-19],
        "dvar2": [3.48851153831e-06, 1.21909488371e-05, 3.8650409806e-06, 2.41176348936e-06, 4.6804957492e-06, 3.06316042042e-06, 8.80242225776e-08, 1.03247730365e-08, 2.17191971075e-08, 1.0185810595e-07, 3.02982461342e-09, 4.69743355325e-09, 4.39838068189e-08, 7.51212638761e-08, 2.13932800364e-08, 1.96675831177e-08, 1.06314539394e-08, 8.32799518236e-09, 6.43079944851e-09, 3.33340999248e-09, 5.09560127426e-09, 7.44529815577e-09, 4.13200185179e-09, 2.54544296752e-09, 3.03324942941e-09, 4.58807464243e-10, 1.56274604368e-10, 1.46994660888e-09, 2.79737299991e-09, 8.64372307063e-09, 1.24339746832e-10, 4.26383321012e-12, 8.6833551417e-13, 1.56978312185e-13, 2.17735687336e-13, 2.51053641072e-15, 4.89830881591e-18, 1.82004674257e-18, 1.75376103777e-18, 3.43891266532e-19],
        "max": [0.0109033817425, 0.0215622149408, 0.0198259968311, 0.0241226367652, 0.022978419438, 0.0170709043741, 0.00782272405922, 0.00438233558089, 0.00207430380397, 0.00354258948937, 0.000765607925132, 0.000962201564107, 0.00312606594525, 0.00391506496817, 0.00167293054983, 0.00259524234571, 0.00317409494892, 0.0016310068313, 0.00159177626483, 0.00179416290484, 0.00276457634754, 0.00231269723736, 0.00208291667514, 0.00107542099431, 0.00174303725362, 0.000692467321642, 0.000681227422319, 0.00114783551544, 0.00194108567666, 0.00282184011303, 0.000376131676603, 6.45576801617e-05, 1.77520942088e-05, 8.93623382581e-06, 1.73137486854e-05, 1.49233972024e-06, 3.73481512383e-08, 3.63135654879e-08, 5.76147662912e-08, 1.38626035096e-08],
        "mean": [0.00126417411957, 0.00247519114055, 0.00174590270035, 0.00130737444852, 0.00171579024754, 0.00117700733244, 0.000240147390286, 8.33746889839e-05, 9.59222379606e-05, 0.000161560077686, 2.96200632874e-05, 3.72477952624e-05, 8.93001561053e-05, 0.000141976299346, 7.81515409471e-05, 5.08889716002e-05, 3.03564484057e-05, 3.29730464728e-05, 3.07040754706e-05, 2.42683436227e-05, 2.76507180388e-05, 2.95227582683e-05, 1.97294557438e-05, 1.62443211593e-05, 1.05428998722e-05, 5.85959969612e-06, 2.89913236884e-06, 4.89614876642e-06, 6.98548910805e-06, 1.68256956385e-05, 2.76679816125e-06, 5.60382602544e-07, 2.84173580667e-07, 1.06311205172e-07, 7.07851199877e-08, 7.04267755225e-09, 9.09262110049e-10, 5.94258864339e-10, 3.97330918167e-10, 2.52613735485e-10],
        "median": [0.000807448872365, 0.00180373864714, 0.00123441242613, 0.00083709473256, 0.00123888836242, 0.000755880202632, 0.000135211477755, 4.34770227002e-05, 4.64308795927e-05, 7.8879755165e-05, 1.49268453242e-05, 1.59919800353e-05, 3.50093214365e-05, 5.00417736475e-05, 3.87920663343e-05, 2.62613284576e-05, 1.77358688234e-05, 1.49870556925e-05, 1.07500145532e-05, 9.43663872022e-06, 7.98704240879e-06, 6.05546028964e-06, 4.02817431677e-06, 2.75360707747e-06, 1.70763576079e-06, 1.21950449739e-06, 7.7081949712e-07, 5.73637521484e-07, 4.14331111642e-07, 2.10096345654e-07, 9.67690425568e-08, 4.74064236755e-08, 3.15841361953e-08, 1.54050638912e-08, 5.25040011468e-09, 1.34611422009e-09, 3.52398166203e-10, 2.34201213978e-10, 1.70793809651e-10, 1.1921238996e-10],
        "min": [1.00664548241e-24, 2.52627380086e-24, 7.12121009399e-25, 1.40461683581e-24, 1.20125224153e-24, 1.05695419918e-24, 1.33999049083e-24, 1.2699753384e-24, 1.78628065935e-24, 2.29992022208e-24, 2.22238130877e-24, 2.89632292947e-24, 1.19639571797e-24, 3.10320840718e-24, 2.53629332043e-24, 4.37307606607e-24, 3.48451024218e-24, 2.86063407326e-24, 2.45090859377e-24, 4.15660592836e-24, 3.5625025533e-24, 4.70387305376e-24, 4.16365479498e-24, 3.76555613916e-24, 4.7051727021e-24, 4.28173346743e-24, 4.56553840542e-24, 4.45305788439e-24, 4.71416058883e-24, 5.65525547711e-24, 4.95366783155e-24, 4.17432650531e-24, 5.55529378421e-24, 5.07543758417e-24, 6.48216274936e-24, 5.5531188947e-24, 6.368626338e-24, 5.35796732852e-24, 6.80547226377e-24, 6.66562379135e-24],
        "var": [1.74587091806e-06, 5.1206752687e-06, 2.84932548311e-06, 2.48471974373e-06, 3.54554163096e-06, 1.94270978682e-06, 1.51471965637e-07, 3.40393491172e-08, 2.2172105929e-08, 5.81339456573e-08, 2.14062501058e-09, 3.96381727441e-09, 2.58076067183e-08, 7.28956806029e-08, 1.44162681792e-08, 8.99049368286e-09, 3.29924620956e-09, 3.98303834359e-09, 4.56326221254e-09, 2.64665178662e-09, 3.93728960546e-09, 5.26983434668e-09, 3.39713013275e-09, 1.95796556746e-09, 1.83482717908e-09, 3.51023349277e-10, 1.64325469898e-10, 1.12106834926e-09, 2.63604604811e-09, 1.02819672776e-08, 1.56929344519e-10, 3.47130397343e-12, 5.81874283999e-13, 1.05138255957e-13, 1.0841840121e-13, 1.21967789262e-15, 2.86059425143e-18, 1.48159752314e-18, 1.00753741895e-18, 2.45810884488e-19]
    },
    "mfcc": {
        "mean": [-719.175476074, 205.794372559, -38.0949325562, 58.2041778564, 11.7789726257, 23.5129394531, 1.8499622345, -5.69015836716, -4.85165834427, -13.15995121, -2.6589615345, -0.306088715792, 2.32372736931],
        "cov": [[7381.88623047, 835.626525879, -1948.79846191, 701.309570312, -2106.28466797, -305.195526123, -593.52331543, -41.7463645935, -112.669578552, -565.996337891, -133.992126465, -100.259719849, -57.3140830994], [835.626525879, 1444.70410156, 61.4623260498, -849.048156738, -166.641830444, -274.296508789, 13.7537193298, -11.5666399002, -156.828735352, 26.2235546112, -12.9567327499, -69.8495864868, -36.1605072021], [-1948.79846191, 61.4623260498, 1071.9375, -304.495849609, 226.094818115, 105.42880249, 60.1378669739, 30.0610027313, 40.4471321106, 115.998840332, 46.9572639465, 45.454788208, 45.1654014587], [701.309570312, -849.048156738, -304.495849609, 1245.41149902, 11.557477951, 105.165672302, -14.8189926147, -75.178237915, 130.243331909, -134.666931152, -14.9997615814, 43.9351615906, 13.6095409393], [-2106.28466797, -166.641830444, 226.094818115, 11.557477951, 1305.32861328, 128.358703613, 278.500854492, 30.8313503265, -0.156684800982, 246.499542236, 18.9486293793, -0.549042642117, 15.9038772583], [-305.195526123, -274.296508789, 105.42880249, 105.165672302, 128.358703613, 299.69241333, 3.14535832405, 4.21377277374, 74.9731369019, 0.630817651749, 19.5592880249, 36.6709365845, 44.2136764526], [-593.52331543, 13.7537193298, 60.1378669739, -14.8189926147, 278.500854492, 3.14535832405, 245.074584961, 1.54968047142, -14.1485471725, 52.0287399292, 4.43887853622, 26.9059581757, -15.7542190552], [-41.7463645935, -11.5666399002, 30.0610027313, -75.178237915, 30.8313503265, 4.21377277374, 1.54968047142, 191.55078125, -7.22379398346, -21.3568687439, 19.7541179657, 11.0601139069, 21.8266639709], [-112.669578552, -156.828735352, 40.4471321106, 130.243331909, -0.156684800982, 74.9731369019, -14.1485471725, -7.22379398346, 144.819046021, -2.93060851097, -14.5703048706, 33.658164978, -8.75142288208], [-565.996337891, 26.2235546112, 115.998840332, -134.666931152, 246.499542236, 0.630817651749, 52.0287399292, -21.3568687439, -2.93060851097, 199.706039429, 11.0882072449, -38.0249938965, 9.49348545074], [-133.992126465, -12.9567327499, 46.9572639465, -14.9997615814, 18.9486293793, 19.5592880249, 4.43887853622, 19.7541179657, -14.5703048706, 11.0882072449, 113.703552246, 21.5972919464, 4.28510904312], [-100.259719849, -69.8495864868, 45.454788208, 43.9351615906, -0.549042642117, 36.6709365845, 26.9059581757, 11.0601139069, 33.658164978, -38.0249938965, 21.5972919464, 109.438293457, 20.2089767456], [-57.3140830994, -36.1605072021, 45.1654014587, 13.6095409393, 15.9038772583, 44.2136764526, -15.7542190552, 21.8266639709, -8.75142288208, 9.49348545074, 4.28510904312, 20.2089767456, 111.820747375]],
