{
"lowlevel": {
    "average_loudness": 0.683739066124,
    "barkbands_crest": {
        "dmean": 2.39392638206,
        "dmean2": 3.97403001785,
        "dvar": 5.01030015945,
        "dvar2": 13.1253137589,
        "max": 25.8477725983,
        "mean": 8.71231651306,
        "median": 8.0232963562,
        "min": 2.61877703667,
        "var": 12.6123065948
    },
    "barkbands_flatness_db": {
        "dmean": 0.0212004072964,
        "dmean2": 0.0345741435885,
        "dvar": 0.000379662844352,
        "dvar2": 0.00093702232698,
        "max": 0.492153525352,
        "mean": 0.175315931439,
        "median": 0.16478574276,
        "min": 0.0407671108842,
        "var": 0.00265477900393
    },
    "barkbands_kurtosis": {
        "dmean": 2.11964058876,
        "dmean2": 3.45300483704,
        "dvar": 21.868724823,
        "dvar2": 58.001209259,
        "max": 136.804962158,
        "mean": 2.62438297272,
        "median": 0.50885617733,
        "min": -1.90928125381,
        "var": 53.4579429626
    },
    "barkbands_skewness": {
        "dmean": 0.470541894436,
        "dmean2": 0.742003262043,
        "dvar": 0.246370658278,
        "dvar2": 0.596403479576,
        "max": 9.05365562439,
        "mean": 1.15232813358,
        "median": 1.05010223389,
        "min": -6.25162696838,
        "var": 1.32585310936
    },
    "barkbands_spread": {
        "dmean": 5.79053115845,
        "dmean2": 9.19771575928,
        "dvar": 37.81199646,
        "dvar2": 89.0666427612,
        "max": 87.3347320557,
        "mean": 24.4850711823,
        "median": 22.595281601,
        "min": 0.586656272411,
        "var": 166.721313477
    },
    "dissonance": {
        "dmean": 0.0159648694098,
        "dmean2": 0.0269032102078,
        "dvar": 0.00023334362777,
        "dvar2": 0.000642827479169,
        "max": 0.500000059605,
        "mean": 0.468340605497,
        "median": 0.473008096218,
        "min": 0.223366305232,
        "var": 0.00050824531354
    },
    "dynamic_complexity": 4.85030841827,
    "erbbands_crest": {
        "dmean": 2.51530170441,
        "dmean2": 4.10240840912,
        "dvar": 6.67874526978,
        "dvar2": 16.0833721161,
        "max": 33.4406318665,
        "mean": 8.53315448761,
        "median": 7.22136163712,
        "min": 2.45914435387,
        "var": 19.4662475586
    },
    "erbbands_flatness_db": {
        "dmean": 0.0162924192846,
        "dmean2": 0.0259876772761,
        "dvar": 0.00028317826218,
        "dvar2": 0.000660021265503,
        "max": 0.411615639925,
        "mean": 0.203083232045,
        "median": 0.198334395885,
        "min": 0.0747523382306,
        "var": 0.00188237940893
    },
    "erbbands_kurtosis": {
        "dmean": 0.893420279026,
        "dmean2": 1.43283700943,
        "dvar": 3.87161278725,
        "dvar2": 9.34269523621,
        "max": 87.6356811523,
        "mean": 0.198306962848,
        "median": -0.491719484329,
        "min": -1.77889537811,
        "var": 7.36385631561
    },
    "erbbands_skewness": {
        "dmean": 0.372772932053,
        "dmean2": 0.571422338486,
        "dvar": 0.14458759129,
        "dvar2": 0.323005497456,
        "max": 4.01876401901,
        "mean": 0.0143309496343,
        "median": 0.0531908273697,
        "min": -8.51750850677,
        "var": 0.625389814377
    },
    "erbbands_spread": {
        "dmean": 7.61173391342,
        "dmean2": 12.1884212494,
        "dvar": 57.8422393799,
        "dvar2": 144.95249939,
        "max": 124.528572083,
        "mean": 37.2406845093,
        "median": 35.9521102905,
        "min": 2.25070500374,
        "var": 233.663146973
    },
    "hfc": {
        "dmean": 6.44636583328,
        "dmean2": 9.81595802307,
        "dvar": 223.867446899,
        "dvar2": 495.438293457,
        "max": 515.907043457,
        "mean": 19.009059906,
        "median": 11.55078125,
        "min": 1.08455349264e-16,
        "var": 639.011962891
    },
    "melbands_crest": {
        "dmean": 2.94510269165,
        "dmean2": 4.88382434845,
        "dvar": 6.76215219498,
        "dvar2": 17.9836502075,
        "max": 33.257724762,
        "mean": 12.2097320557,
        "median": 11.4716110229,
        "min": 1.69753801823,
        "var": 20.117269516
    },
    "melbands_flatness_db": {
        "dmean": 0.0260620433837,
        "dmean2": 0.0409672148526,
        "dvar": 0.00063767679967,
        "dvar2": 0.00140469137114,
        "max": 0.624861478806,
        "mean": 0.1986990273,
        "median": 0.183454036713,
        "min": 0.00468947272748,
        "var": 0.00605286937207
    },
    "melbands_kurtosis": {
        "dmean": 4.9948682785,
        "dmean2": 8.16542816162,
        "dvar": 98.1826477051,
        "dvar2": 259.536071777,
        "max": 280.174468994,
        "mean": 9.5394525528,
        "median": 4.87395334244,
        "min": -1.87319326401,
        "var": 260.691101074
    },
    "melbands_skewness": {
        "dmean": 0.610108613968,
        "dmean2": 0.978160917759,
        "dvar": 0.409500658512,
        "dvar2": 1.02652597427,
        "max": 14.109120369,
        "mean": 2.22421574593,
        "median": 2.01657819748,
        "min": -2.42695426941,
        "var": 2.13505840302
    },
    "melbands_spread": {
        "dmean": 8.22122478485,
        "dmean2": 12.8410129547,
        "dvar": 108.62702179,
        "dvar2": 239.225799561,
        "max": 226.796691895,
        "mean": 29.5310134888,
        "median": 24.9293327332,
        "min": 0.569399356842,
        "var": 497.087524414
    },
    "pitch_salience": {
        "dmean": 0.0660535395145,
        "dmean2": 0.109032176435,
        "dvar": 0.00335643743165,
        "dvar2": 0.00910042226315,
        "max": 0.867166697979,
        "mean": 0.551214575768,
        "median": 0.556965768337,
        "min": 0.122854135931,
        "var": 0.00910545047373
    },
    "silence_rate_20dB": {
        "dmean": 0,
        "dmean2": 0,
        "dvar": 0,
        "dvar2": 0,
        "max": 1,
        "mean": 1,
        "median": 1,
        "min": 1,
        "var": 0
    },
    "silence_rate_30dB": {
        "dmean": 0.000418089330196,
        "dmean2": 0.000836236926261,
        "dvar": 0.000417878123699,
        "dvar2": 0.00111430289689,
        "max": 1,
        "mean": 0.999512255192,
        "median": 1,
        "min": 0,
        "var": 0.000487458193675
    },
    "silence_rate_60dB": {
        "dmean": 0.0200682878494,
        "dmean2": 0.0401393733919,
        "dvar": 0.0196617767215,
        "dvar2": 0.0488413795829,
        "max": 1,
        "mean": 0.13517279923,
        "median": 0,
        "min": 0,
        "var": 0.116888925433
    },
    "spectral_centroid": {
        "dmean": 285.503601074,
        "dmean2": 438.963287354,
        "dvar": 101515.164062,
        "dvar2": 215669.6875,
        "max": 11375.4003906,
        "mean": 1578.86755371,
        "median": 1473.90966797,
        "min": 142.693206787,
        "var": 634312.75
    },
    "spectral_complexity": {
        "dmean": 3.40784621239,
        "dmean2": 5.34006977081,
        "dvar": 16.4952049255,
        "dvar2": 35.2167282104,
        "max": 59,
        "mean": 17.6119003296,
        "median": 17,
        "min": 0,
        "var": 123.781700134
    },
    "spectral_decrease": {
        "dmean": 1.26923072052e-09,
        "dmean2": 2.07461736679e-09,
        "dvar": 3.33939327335e-18,
        "dvar2": 8.16260174106e-18,
        "max": 6.98980884353e-29,
        "mean": -4.66777505537e-09,
        "median": -4.00615718377e-09,
        "min": -3.76667728119e-08,
        "var": 1.38191613819e-17
    },
    "spectral_energy": {
        "dmean": 0.00522100878879,
        "dmean2": 0.0084805553779,
        "dvar": 5.78010658501e-05,
        "dvar2": 0.000138818868436,
        "max": 0.144229844213,
        "mean": 0.0193414557725,
        "median": 0.0165707617998,
        "min": 1.01251374075e-20,
        "var": 0.000240983106778
    },
    "spectral_energyband_high": {
        "dmean": 0.000553055957425,
        "dmean2": 0.000846481649205,
        "dvar": 4.27973964179e-06,
        "dvar2": 9.28874760575e-06,
        "max": 0.089477814734,
        "mean": 0.00106206722558,
        "median": 0.000242399197305,
        "min": 7.32692918248e-21,
        "var": 9.49685909291e-06
    },
    "spectral_energyband_low": {
        "dmean": 0.00286178733222,
        "dmean2": 0.00490569463,
        "dvar": 2.27726413868e-05,
        "dvar2": 6.19618658675e-05,
        "max": 0.135313749313,
        "mean": 0.00596649758518,
        "median": 0.00405220594257,
        "min": 2.51987038023e-23,
        "var": 4.98871886521e-05
    },
    "spectral_energyband_middle_high": {
        "dmean": 0.00203285412863,
        "dmean2": 0.00310012092814,
        "dvar": 1.56886635523e-05,
        "dvar2": 3.49248766724e-05,
        "max": 0.0988402664661,
        "mean": 0.00558624835685,
        "median": 0.00308637996204,
        "min": 1.15195785316e-21,
        "var": 5.70394695387e-05
    },
    "spectral_energyband_middle_low": {
        "dmean": 0.00242081820033,
        "dmean2": 0.00394246261567,
        "dvar": 1.32878494696e-05,
        "dvar2": 3.22179512295e-05,
        "max": 0.0767352059484,
        "mean": 0.00733650615439,
        "median": 0.00551111157984,
        "min": 2.49068252674e-22,
        "var": 4.67482859676e-05
    },
    "spectral_entropy": {
        "dmean": 0.155799895525,
        "dmean2": 0.244371548295,
        "dvar": 0.0276176072657,
        "dvar2": 0.0630964189768,
        "max": 9.8203496933,
        "mean": 7.46298742294,
        "median": 7.51619338989,
        "min": 5.15418291092,
        "var": 0.145883888006
    },
    "spectral_flux": {
        "dmean": 0.0169651266187,
        "dmean2": 0.0269376561046,
        "dvar": 0.00049013318494,
        "dvar2": 0.00113539607264,
        "max": 0.291808485985,
        "mean": 0.0671202242374,
        "median": 0.0630940198898,
        "min": 6.20851287048e-11,
        "var": 0.00153113820124
    },
    "spectral_kurtosis": {
        "dmean": 2.53402423859,
        "dmean2": 4.42414808273,
        "dvar": 15.2904949188,
        "dvar2": 44.2994384766,
        "max": 131.293792725,
        "mean": 3.77078223228,
        "median": 2.37745285034,
        "min": -1.22839403152,
        "var": 34.2544059753
    },
    "spectral_rms": {
        "dmean": 0.00054287572857,
        "dmean2": 0.000871701864526,
        "dvar": 4.39318029066e-07,
        "dvar2": 1.00293220839e-06,
        "max": 0.0118622109294,
        "mean": 0.00391369033605,
        "median": 0.00402077101171,
        "min": 3.14295768231e-12,
        "var": 3.55279030373e-06
    },
    "spectral_rolloff": {
        "dmean": 489.725524902,
        "dmean2": 816.233886719,
        "dvar": 521187.96875,
        "dvar2": 1203922.75,
        "max": 19164.5507812,
        "mean": 1713.85632324,
        "median": 1399.65820312,
        "min": 64.599609375,
        "var": 1930518.375
    },
    "spectral_skewness": {
        "dmean": 0.290394902229,
        "dmean2": 0.488857150078,
        "dvar": 0.0967680737376,
        "dvar2": 0.268861055374,
        "max": 8.989985466,
        "mean": 1.1212271452,
        "median": 1.0660803318,
        "min": -0.792810440063,
        "var": 0.381038308144
    },
    "spectral_spread": {
        "dmean": 420602.125,
        "dmean2": 700533.125,
        "dvar": 394189504512,
        "dvar2": 913304584192,
        "max": 41940904,
        "mean": 3345754,
        "median": 3217412,
        "min": 651297.9375,
        "var": 1.67431084442e+12
    },
    "spectral_strongpeak": {
        "dmean": 0.755151391029,
        "dmean2": 1.26450812817,
        "dvar": 4.28536701202,
        "dvar2": 9.62677192688,
        "max": 53.0671730042,
        "mean": 1.19009101391,
        "median": 0.292996048927,
        "min": 0,
        "var": 8.59918880463
    },
    "zerocrossingrate": {
        "dmean": 0.00886844098568,
        "dmean2": 0.010618602857,
        "dvar": 0.00010143815598,
        "dvar2": 0.000132566972752,
        "max": 0.50830078125,
        "mean": 0.0612013861537,
        "median": 0.0556640625,
        "min": 0.0029296875,
        "var": 0.00121639121789
    },
    "barkbands": {
        "dmean": [0.000196034554392, 0.00191928585991, 0.00121119758114, 0.000803831091616, 0.000893288932275, 0.00080176407937, 0.000343524035998, 0.000586917914916, 0.000449333747383, 0.000338009296684, 0.000466012075776, 0.000574376143049, 0.000350437563611, 0.000272210047115, 0.000240931389271, 0.000191695144167, 0.000284767185804, 0.000451848347438, 0.000276471982943, 0.000146332706208, 0.000340619066264, 0.000157683811267, 5.48301140952e-05, 2.65146009042e-05, 8.33727699501e-06, 7.1020811454e-10, 7.40495942342e-10],
        "dmean2": [0.000311922602123, 0.00322271324694, 0.00213953945786, 0.00139971845783, 0.0014857146889, 0.00129427318461, 0.000519870431162, 0.000891172501724, 0.000727209437173, 0.000524512957782, 0.000751386454795, 0.000907397363335, 0.000573579105549, 0.000444888049969, 0.000388839311199, 0.000318239035551, 0.000474905333249, 0.000734955130611, 0.000450848980108, 0.000244610826485, 0.000497282599099, 0.000255813502008, 9.45409847191e-05, 4.55271328974e-05, 1.42420958582e-05, 1.30257260533e-09, 1.36201949719e-09],
        "dvar": [1.85719471801e-07, 1.28248475448e-05, 5.6048947954e-06, 2.26975203077e-06, 2.30323712458e-06, 3.1119502637e-06, 5.35920207767e-07, 1.84694283689e-06, 1.00592012586e-06, 8.11770519249e-07, 2.58357408711e-06, 4.37901007899e-06, 8.81711002876e-07, 5.35215406217e-07, 3.08589733322e-07, 2.06265596603e-07, 5.53082770693e-07, 3.12115889756e-06, 4.87874785904e-07, 3.41095130807e-07, 2.63356264441e-06, 4.89892897804e-07, 2.63788830779e-08, 3.70114361381e-09, 5.4167131891e-10, 1.13805680024e-18, 1.23399641301e-18],
        "dvar2": [4.3649725967e-07, 3.46457563865e-05, 1.58948369062e-05, 6.19428647042e-06, 6.03686294198e-06, 8.4481025624e-06, 1.17560318813e-06, 3.88597391066e-06, 2.68779308499e-06, 1.83113036201e-06, 6.13957718087e-06, 1.03723496068e-05, 2.06006984627e-06, 1.25655162719e-06, 7.11570692147e-07, 5.41045835689e-07, 1.45446279021e-06, 7.8225903053e-06, 1.1717926327e-06, 9.025496297e-07, 5.49141805095e-06, 1.10176745238e-06, 6.88397108206e-08, 9.53744994092e-09, 1.39689237955e-09, 3.50386511006e-18, 3.8235327801e-18],
        "max": [0.0144078731537, 0.0574180297554, 0.114949092269, 0.0343181937933, 0.0452415719628, 0.0569074265659, 0.0225933231413, 0.0327439941466, 0.0407055467367, 0.0269652158022, 0.0663549154997, 0.0772029310465, 0.0418302826583, 0.0237698666751, 0.0214740037918, 0.0171388909221, 0.0235893316567, 0.0569756701589, 0.0229449644685, 0.0176528897136, 0.0871781408787, 0.0384564250708, 0.00613483041525, 0.0016610006569, 0.000701848941389, 1.425475471e-08, 1.47205385659e-08],
        "mean": [0.000281931512291, 0.00346114649437, 0.00167192833032, 0.00132708309684, 0.0017283790512, 0.00167847133707, 0.000660766847432, 0.00108800362796, 0.000749475846533, 0.00050650065532, 0.000702968449332, 0.00100425258279, 0.000620173232164, 0.000430255691754, 0.000400355638703, 0.00031751600909, 0.000439705618192, 0.000633129326161, 0.000461743562482, 0.000189469297766, 0.000623822503258, 0.000232489357586, 7.89597688708e-05, 4.08739470004e-05, 1.20526337923e-05, 5.98596006096e-10, 6.14436557189e-10],
        "median": [5.28326345375e-05, 0.00201815576293, 0.000788641511463, 0.000470244383905, 0.000935215270147, 0.000555380247533, 0.000201261034817, 0.00036175196874, 0.000306939822622, 0.000164247030625, 0.000186209159438, 0.000216205313336, 0.000190992388525, 0.000150559673784, 0.000161027826834, 0.000121855831821, 0.000172374770045, 0.000191561732208, 0.000169316568645, 5.54773432668e-05, 8.31650977489e-05, 4.74431108159e-05, 1.36468916025e-05, 6.09439121035e-06, 1.21644427509e-06, 2.03002420429e-10, 2.00686134377e-10],
        "min": [5.03010963656e-24, 1.2710290988e-23, 4.33712333589e-24, 7.21445562236e-24, 1.87872289065e-23, 1.31329303177e-23, 3.95671267706e-23, 1.4969688017e-23, 3.83391953518e-23, 3.73463287056e-23, 2.86017298406e-23, 5.06851398867e-23, 3.39938907395e-23, 5.69318706487e-23, 7.52701414592e-23, 8.9047142785e-23, 1.05145944771e-22, 1.28438318864e-22, 1.78565532142e-22, 2.35282548635e-22, 3.78754486381e-22, 3.97629441353e-22, 5.47991858226e-22, 6.06520187709e-22, 9.73787268967e-22, 1.39809911633e-21, 1.98034409761e-21],
        "var": [3.84059887892e-07, 2.0687624783e-05, 1.01397718026e-05, 4.26465567216e-06, 5.15206966156e-06, 7.82072947914e-06, 1.43760235005e-06, 4.54057908428e-06, 1.52344648541e-06, 1.4867146092e-06, 4.88878094984e-06, 1.11927938633e-05, 3.15695979225e-06, 1.0183722452e-06, 6.03034720825e-07, 3.36145717483e-07, 7.60741158956e-07, 3.69741337636e-06, 9.06837613002e-07, 3.46735617995e-07, 6.0026313804e-06, 8.94320749012e-07, 3.83089187039e-08, 9.28023791147e-09, 1.27127819383e-09, 1.0125615072e-18, 1.0722894275e-18]
    },
    "erbbands": {
        "dmean": [0.0657082945108, 0.4294308424, 1.19031357765, 2.05959415436, 2.53929686546, 3.31186795235, 4.49345493317, 8.55982208252, 4.17614364624, 9.56551265717, 9.79565811157, 10.0486183167, 9.36867523193, 15.8018112183, 17.6652374268, 21.2871055603, 16.1404438019, 12.7842693329, 12.7490034103, 8.78228092194, 11.2063884735, 15.5666875839, 22.1845321655, 17.8771400452, 13.0471916199, 6.87034273148, 7.45710945129, 16.8654346466, 7.23227643967, 1.88207376003, 1.80852818489, 0.76341688633, 0.427870720625, 0.182397753, 0.00772117497399, 0.000263803667622, 2.7233380024e-05, 5.97346706854e-06, 4.119886853e-06, 6.7232354013e-06],
        "dmean2": [0.10616774112, 0.737978696823, 2.1072165966, 3.62037038803, 4.32476568222, 5.49727630615, 7.35476541519, 13.8725357056, 6.52103805542, 14.2464056015, 15.5256814957, 16.2733249664, 14.8362617493, 24.7650413513, 28.2488155365, 33.6561851501, 26.1224098206, 20.7416858673, 20.5076446533, 14.2634067535, 18.4812679291, 25.6845493317, 35.8473815918, 29.4383411407, 20.9413909912, 11.4438467026, 12.5047178268, 23.9605178833, 11.373913765, 3.0564467907, 3.1337826252, 1.30395543575, 0.739324986935, 0.310577452183, 0.0131182577461, 0.000446827500127, 4.51216765214e-05, 9.61429577728e-06, 6.50726587992e-06, 1.07663945528e-05],
        "dvar": [0.0150253260508, 0.657248556614, 5.06013393402, 15.798415184, 21.1131153107, 38.0400390625, 85.3464050293, 418.403778076, 78.4835586548, 509.029510498, 516.182861328, 479.455230713, 481.230438232, 2183.52368164, 3670.11254883, 7410.33398438, 1802.80603027, 1180.5255127, 998.330383301, 341.569213867, 761.630432129, 1782.14868164, 5682.82666016, 3971.03222656, 1221.29370117, 820.766906738, 800.298156738, 8801.02539062, 866.573059082, 129.631576538, 26.0826416016, 7.12504291534, 1.13229048252, 0.25886413455, 0.000527103606146, 5.27007216533e-07, 4.21621404456e-09, 1.81118592346e-10, 5.68250516086e-11, 1.0954263191e-10],
        "dvar2": [0.0391530953348, 1.84473729134, 14.524394989, 43.297832489, 55.3219451904, 97.4821395874, 224.756988525, 1149.64318848, 188.542449951, 1050.71960449, 1276.90478516, 1249.85852051, 1150.60266113, 5377.54199219, 7840.70263672, 17970.2324219, 4101.86962891, 2808.01855469, 2316.87890625, 828.990112305, 1969.74438477, 4652.43798828, 13884.5595703, 10132.7480469, 2878.71728516, 2182.10668945, 2012.66955566, 19052.4921875, 1976.60754395, 260.373352051, 70.6070709229, 17.507768631, 2.93944573402, 0.659908175468, 0.00136999052484, 1.35372022214e-06, 1.05144479789e-08, 4.24278528977e-10, 1.27070992617e-10, 2.53942311623e-10],
        "max": [2.5519452095, 11.5950403214, 85.9132919312, 161.753982544, 114.79712677, 195.152511597, 435.575866699, 628.520202637, 316.306671143, 589.09576416, 835.298400879, 648.114990234, 1008.97747803, 1726.234375, 3322.75073242, 3871.18725586, 1797.83557129, 1660.85339355, 1047.0526123, 772.154968262, 1238.61560059, 1600.89880371, 2345.3527832, 2251.12182617, 961.161071777, 852.334960938, 980.527832031, 5027.98583984, 1183.28710938, 1143.11083984, 178.194641113, 126.434928894, 34.7281532288, 15.5549697876, 0.60277569294, 0.0198901481926, 0.00171248102561, 0.000355552270776, 0.000235872823396, 0.000252283236478],
        "mean": [0.122324831784, 0.69849729538, 1.73326396942, 3.33346486092, 4.60633420944, 5.99906206131, 8.94014167786, 17.3574390411, 8.82942771912, 19.878786087, 17.9125595093, 17.0096855164, 16.0968208313, 23.8948116302, 31.9705543518, 37.6336784363, 29.8573875427, 22.3652706146, 23.8339881897, 16.3685092926, 19.7588176727, 25.7605609894, 33.2697219849, 26.2613964081, 22.3159255981, 9.57944869995, 11.9851369858, 29.9292850494, 11.7095327377, 2.88929700851, 2.56201338768, 1.17951667309, 0.632199943066, 0.268826723099, 0.0103069450706, 0.000400947581511, 5.0959220971e-05, 1.22766841741e-05, 1.36132730404e-05, 2.44996354013e-05],
        "median": [0.0577420890331, 0.40111258626, 0.935184419155, 1.60686349869, 1.72721040249, 2.80365777016, 3.86237573624, 4.6946811676, 4.17213058472, 7.62741947174, 7.49407863617, 7.52161216736, 7.000644207, 8.17884731293, 8.88960933685, 9.23643302917, 10.030412674, 9.17264175415, 9.11021614075, 7.2493314743, 8.54647445679, 10.4684371948, 11.1432170868, 9.48280525208, 7.36861515045, 2.76932382584, 2.71446037292, 3.44867992401, 2.12982130051, 0.70466709137, 0.45105099678, 0.175104886293, 0.08617387712, 0.0307470075786, 0.0010800708551, 6.79837248754e-05, 1.7289092284e-05, 4.87733177579e-06, 1.04640903373e-05, 2.05697087949e-05],
        "min": [2.39996629943e-22, 2.30704651224e-21, 5.26503206388e-21, 2.26601847503e-20, 6.98627762698e-20, 4.05799525064e-20, 8.45150077385e-20, 1.01823322616e-19, 5.00035229782e-19, 4.39238333638e-19, 3.34058053602e-19, 8.0456658028e-19, 1.20733203917e-18, 1.24598122611e-18, 1.53487095312e-18, 2.29007144614e-18, 2.16840517215e-18, 3.19492783373e-18, 4.17679184121e-18, 3.34678640687e-18, 4.8659515783e-18, 7.57510415562e-18, 7.3723315818e-18, 8.63265705031e-18, 1.1469440701e-17, 1.10659072566e-17, 1.14794346972e-17, 1.35830550838e-17, 1.17652346978e-17, 1.52561751108e-17, 1.46502123725e-17, 1.05883791977e-17, 8.97743833733e-18, 9.19838572357e-18, 7.34068861465e-18, 4.84836323693e-18, 2.70273758488e-18, 1.06151881214e-18, 2.83434470867e-19, 2.87685920722e-20],
        "var": [0.0289664492011, 0.901328384876, 8.77396678925, 25.7197036743, 49.7089157104, 84.9043197632, 186.275192261, 1010.02752686, 211.333572388, 1334.96325684, 997.451904297, 763.1171875, 864.667663574, 3249.29077148, 10693.2929688, 14555.6582031, 6491.15771484, 2411.20849609, 2416.74145508, 722.554931641, 1182.76306152, 2565.17138672, 7082.88183594, 4743.56201172, 2579.59643555, 831.156188965, 1297.21728516, 17249.46875, 1678.41052246, 284.384521484, 36.3864326477, 11.7092437744, 2.93012404442, 0.625796616077, 0.000986841740087, 1.14881743229e-06, 1.05017186058e-08, 4.7172732387e-10, 1.8401746793e-10, 4.27592516949e-10]
    },
    "gfcc": {
        "mean": [-66.0537338257, 143.171020508, -162.269546509, 61.0485305786, -63.135925293, 9.2500705719, -19.9567146301, -7.84649610519, -2.7444255352, -17.3619709015, 6.15549373627, -14.2048244476, 3.6860601902],
        "cov": [[12947.4472656, -1553.9954834, -759.932556152, 712.741394043, -854.688110352, 680.160461426, -534.95501709, 347.368865967, 114.345153809, -42.0259857178, 242.039489746, -80.4849395752, 167.498168945], [-1553.9954834, 1253.41821289, 168.089874268, -335.545288086, 505.340606689, -353.331726074, 286.193572998, -170.836212158, 50.2885398865, -24.7265224457, -34.3556976318, 12.825170517, -29.3599319458], [-759.932556152, 168.089874268, 805.40020752, 223.62852478, 89.3253097534, 163.742721558, -19.4759902954, 118.164642334, -15.9710884094, -24.9099788666, -33.2358131409, -56.8511619568, -10.6643800735], [712.741394043, -335.545288086, 223.62852478, 447.152740479, -78.6289520264, 155.783294678, -25.2504138947, 79.6959991455, -3.87851119041, 2.85666704178, -23.8519954681, -27.7795448303, 11.9711236954], [-854.688110352, 505.340606689, 89.3253097534, -78.6289520264, 408.672393799, -132.942245483, 178.652893066, -77.1021270752, 8.44914627075, -1.77800238132, -34.1406288147, 29.521692276, -25.6904029846], [680.160461426, -353.331726074, 163.742721558, 155.783294678, -132.942245483, 360.523925781, -140.81362915, 124.557655334, -3.91891336441, -38.644153595, 36.7790489197, -42.2714309692, 12.8269062042], [-534.95501709, 286.193572998, -19.4759902954, -25.2504138947, 178.652893066, -140.81362915, 305.510528564, -82.7073669434, -39.7072105408, 32.0680580139, -77.3202133179, 28.779510498, -21.4402980804], [347.368865967, -170.836212158, 118.164642334, 79.6959991455, -77.1021270752, 124.557655334, -82.7073669434, 169.891525269, 31.1215305328, -25.5582180023, 32.3532867432, -29.3415431976, 11.3199987411], [114.345153809, 50.2885398865, -15.9710884094, -3.87851119041, 8.44914627075, -3.91891336441, -39.7072105408, 31.1215305328, 120.803359985, 17.4787197113, 26.4961452484, 4.34894514084, 3.44819974899], [-42.0259857178, -24.7265224457, -24.9099788666, 2.85666704178, -1.77800238132, -38.644153595, 32.0680580139, -25.5582180023, 17.4787197113, 100.343536377, 9.04908943176, 10.3030567169, 1.83558142185], [242.039489746, -34.3556976318, -33.2358131409, -23.8519954681, -34.1406288147, 36.7790489197, -77.3202133179, 32.3532867432, 26.4961452484, 9.04908943176, 108.142753601, 10.0950574875, 6.49668264389], [-80.4849395752, 12.825170517, -56.8511619568, -27.7795448303, 29.521692276, -42.2714309692, 28.779510498, -29.3415431976, 4.34894514084, 10.3030567169, 10.0950574875, 73.9406738281, 18.058763504], [167.498168945, -29.3599319458, -10.6643800735, 11.9711236954, -25.6904029846, 12.8269062042, -21.4402980804, 11.3199987411, 3.44819974899, 1.83558142185, 6.49668264389, 18.058763504, 66.8929443359]],
        "icov": [[0.000126297934912, -0.000138674629852, 0.000282172957668, -0.000309740396915, 0.000157987014973, -0.000205424570595, 9.32664333959e-05, -0.000173253429239, 4.9540278269e-05, -5.46351184312e-05, -7.24541459931e-05, 1.96476612473e-05, -0.000116739509394], [-0.000138674629852, 0.00526517303661, -0.00282515957952, 0.00328497216105, -0.00311769498512, 0.00288229226135, -0.00327147985809, 0.00378151983023, -0.00404096115381, 0.00409613410011, -0.00320308818482, 0.00440362468362, -0.00260048150085], [0.000282172957668, -0.00282515957952, 0.00376449362375, -0.00281532714143, 0.000715895264875, -0.00220024911687, 0.00219964282587, -0.00332328397781, 0.0026760394685, -0.00247789453715, 0.00216475105844, -0.00149660499301, 0.00124553136993], [-0.000309740396915, 0.00328497216105, -0.00281532714143, 0.00560285476968, -0.00147951196413, 0.00100700242911, -0.0025122964289, 0.00205248733982, -0.00262358039618, 0.00181700696703, -0.000746974197682, 0.00239498447627, -0.00163663655985], [0.000157987014973, -0.00311769498512, 0.000715895264875, -0.00147951196413, 0.00624494161457, -0.00124287733342, -0.00047635534429, -0.00087999610696, 0.000765463861171, -0.000846924260259, 0.000928443332668, -0.00320421159267, 0.00200650864281], [-0.000205424570595, 0.00288229226135, -0.00220024911687, 0.00100700242911, -0.00124287733342, 0.00665903929621, -0.000726943602785, 0.000362028978998, -0.00125654344447, 0.00307705393061, -0.00251183612272, 0.00302070379257, -0.00139122281689], [9.32664333959e-05, -0.00327147985809, 0.00219964282587, -0.0025122964289, -0.00047635534429, -0.000726943602785, 0.00875829719007, -0.0028650155291, 0.00466603087261, -0.00488274777308, 0.00559275457636, -0.0044268569909, 0.00292470445856], [-0.000173253429239, 0.00378151983023, -0.00332328397781, 0.00205248733982, -0.00087999610696, 0.000362028978998, -0.0028650155291, 0.0132469879463, -0.00590969854966, 0.00535411015153, -0.00469727162272, 0.00532468128949, -0.00319452141412], [4.9540278269e-05, -0.00404096115381, 0.0026760394685, -0.00262358039618, 0.000765463861171, -0.00125654344447, 0.00466603087261, -0.00590969854966, 0.0136333266273, -0.00587181095034, 0.00202054786496, -0.00421106256545, 0.00242797262035], [-5.46351184312e-05, 0.00409613410011, -0.00247789453715, 0.00181700696703, -0.000846924260259, 0.00307705393061, -0.00488274777308, 0.00535411015153, -0.00587181095034, 0.0155569436029, -0.00538759492338, 0.0037214695476, -0.00277755479328], [-7.24541459931e-05, -0.00320308818482, 0.00216475105844, -0.000746974197682, 0.000928443332668, -0.00251183612272, 0.00559275457636, -0.00469727162272, 0.00202054786496, -0.00538759492338, 0.0158071517944, -0.00621322821826, 0.0028658809606], [1.96476612473e-05, 0.00440362468362, -0.00149660499301, 0.00239498447627, -0.00320421159267, 0.00302070379257, -0.0044268569909, 0.00532468128949, -0.00421106256545, 0.0037214695476, -0.00621322821826, 0.0219328980893, -0.00811610650271], [-0.000116739509394, -0.00260048150085, 0.00124553136993, -0.00163663655985, 0.00200650864281, -0.00139122281689, 0.00292470445856, -0.00319452141412, 0.00242797262035, -0.00277755479328, 0.0028658809606, -0.00811610650271, 0.0189708340913]]
    },
    "melbands": {
        "dmean": [0.000548031937797, 0.000571165815927, 0.000362205464626, 0.000185633907677, 0.000159830073244, 0.000173393214936, 6.83351099724e-05, 0.000116484341561, 7.50702092773e-05, 6.8157169153e-05, 4.8287151003e-05, 6.43796956865e-05, 5.63149224035e-05, 7.20914104022e-05, 3.94452399632e-05, 3.61910242646e-05, 2.55477862083e-05, 2.17529250222e-05, 1.83064603334e-05, 1.27044486362e-05, 1.37407478178e-05, 1.72262516571e-05, 1.79300204763e-05, 2.2664302378e-05, 1.47833279698e-05, 1.02090189102e-05, 8.33454487292e-06, 4.10548364016e-06, 3.84009535992e-06, 6.29343276159e-06, 1.28134943225e-05, 4.51657206213e-06, 2.21927575694e-06, 6.29387500339e-07, 1.04930859379e-06, 9.58832742981e-07, 3.32575581297e-07, 2.79430196315e-07, 3.26791933958e-07, 1.05513358051e-07],
        "dmean2": [0.00090200745035, 0.00100334943272, 0.000631824368611, 0.000311311043333, 0.000263101537712, 0.000280681822915, 0.0001053465312, 0.000172843749169, 0.000120473669085, 0.000110075852717, 7.6255069871e-05, 0.000100460471003, 9.01698949747e-05, 0.000113727102871, 6.29406931694e-05, 5.93877703068e-05, 4.16996845161e-05, 3.51818889612e-05, 2.96643029287e-05, 2.11144724744e-05, 2.27157725021e-05, 2.87021248369e-05, 2.97767874144e-05, 3.67208922398e-05, 2.45736373472e-05, 1.68106489582e-05, 1.3427526028e-05, 6.92381217959e-06, 6.42741497359e-06, 1.04868395283e-05, 1.77741094376e-05, 7.37854861654e-06, 3.59984051101e-06, 1.06234995201e-06, 1.82512724223e-06, 1.65819130871e-06, 5.62511786484e-07, 4.82263885715e-07, 5.62850004826e-07, 1.77455362405e-07],
        "dvar": [1.04332480078e-06, 1.00085901522e-06, 4.60475320097e-07, 1.08216205774e-07, 9.56428394261e-08, 1.64459564189e-07, 1.94881941695e-08, 7.70841737108e-08, 3.33873373393e-08, 2.21337757011e-08, 1.31675621518e-08, 3.48268542893e-08, 3.85438951866e-08, 5.91964699481e-08, 2.33699424257e-08, 8.75252048615e-09, 5.33907629219e-09, 3.41481554145e-09, 1.97937244373e-09, 9.54113121843e-10, 1.38996492094e-09, 2.30941199497e-09, 2.55582022213e-09, 9.40147515394e-09, 2.64369393044e-09, 7.05511815635e-10, 8.43391856353e-10, 3.69040159542e-10, 2.07566075439e-10, 6.51934950469e-10, 5.94841242929e-09, 3.74908937228e-10, 2.79551548577e-10, 4.38502663e-12, 8.48827258482e-12, 1.98514277933e-11, 5.53975973167e-13, 4.4629008605e-13, 8.40591973198e-13, 9.7789194819e-14],
        "dvar2": [2.75886031886e-06, 2.86304452857e-06, 1.24782275179e-06, 2.79974244677e-07, 2.53456391874e-07, 4.50962289733e-07, 4.50891697312e-08, 1.55663883561e-07, 8.73938930113e-08, 5.76509471273e-08, 3.10400345427e-08, 8.54958983609e-08, 8.8276884469e-08, 1.37627651497e-07, 5.65167290745e-08, 2.02158645379e-08, 1.27747492584e-08, 7.96928922853e-09, 4.70748817705e-09, 2.60566590526e-09, 3.56354479258e-09, 6.16664541653e-09, 6.48149045546e-09, 2.3249858927e-08, 6.79022882366e-09, 1.76131687013e-09, 2.10052930605e-09, 9.86182357998e-10, 5.13631248644e-10, 1.65162339361e-09, 1.2388770898e-08, 8.68100979989e-10, 5.86564685712e-10, 9.38580897031e-12, 2.34390510473e-11, 4.94098824355e-11, 1.37252481516e-12, 1.17381343361e-12, 2.19318964031e-12, 2.49606758873e-13],
        "max": [0.0199949033558, 0.0316984131932, 0.0226548258215, 0.0100789265707, 0.0119442176074, 0.0129222329706, 0.00534280855209, 0.00676908250898, 0.00763866212219, 0.00552225718275, 0.00488211261109, 0.00656633311883, 0.00937368161976, 0.0095125362277, 0.00583011284471, 0.00563011132181, 0.00294230366126, 0.00217539351434, 0.00232977396809, 0.000882175343577, 0.00193238840438, 0.00158724875655, 0.00130148732569, 0.00298269558698, 0.00179533998016, 0.000772218976635, 0.00104157475289, 0.00064891029615, 0.000592170516029, 0.00104167032987, 0.00434893369675, 0.00104491843376, 0.00156818912365, 0.000195433909539, 0.000105335340777, 0.000214497646084, 2.02879509743e-05, 2.16008083953e-05, 2.76016635326e-05, 1.0956987353e-05],
        "mean": [0.00103249668609, 0.000920676859096, 0.00065179792, 0.000353376497515, 0.000323855114402, 0.000355487543857, 0.00014143557928, 0.000237648520852, 0.000132229630253, 0.000110877110274, 7.97490865807e-05, 9.42229962675e-05, 9.4597307907e-05, 0.000128094266984, 6.70415320201e-05, 6.12692747382e-05, 3.95528732042e-05, 3.86644351238e-05, 2.93155844702e-05, 2.0586347091e-05, 2.24798768613e-05, 2.63671536231e-05, 2.72328961728e-05, 3.07482732751e-05, 2.04060834221e-05, 1.63789354701e-05, 1.28125957417e-05, 4.81758934257e-06, 5.66859080209e-06, 9.54584811552e-06, 2.19971407205e-05, 6.44122064841e-06, 2.97676388072e-06, 9.46745956298e-07, 1.47185824062e-06, 1.27123973925e-06, 5.23951769082e-07, 3.93578488911e-07, 4.61050603917e-07, 1.43517382867e-07],
        "median": [0.000576297636144, 0.00057960342383, 0.000303023058223, 0.00017948790628, 0.000157187416335, 0.000103016776848, 6.01729298069e-05, 8.83359607542e-05, 5.23055641679e-05, 4.56998532172e-05, 3.15550787491e-05, 3.0521703593e-05, 2.65927010332e-05, 2.74151061603e-05, 1.5671554138e-05, 1.98653178813e-05, 1.44501082104e-05, 1.27896182676e-05, 1.18813622976e-05, 6.81522942614e-06, 9.21350147109e-06, 9.97759252641e-06, 9.56206349656e-06, 8.59779720486e-06, 6.99120118952e-06, 5.90355193708e-06, 3.27587349602e-06, 1.29684758576e-06, 1.3908636447e-06, 1.84103032552e-06, 1.89998161204e-06, 1.20649156088e-06, 5.44573026673e-07, 2.23708639169e-07, 2.54522490195e-07, 1.69628094682e-07, 6.9519188628e-08, 5.20415355254e-08, 5.64514017753e-08, 1.32882886916e-08],
        "min": [2.99000213412e-24, 2.45527474167e-24, 5.69928417081e-24, 4.0917051584e-24, 2.41622474635e-24, 2.17839541077e-24, 8.48344961779e-24, 4.42452833532e-24, 1.98503791151e-24, 5.39825958254e-24, 5.67611059286e-24, 4.07755496591e-24, 3.9721363277e-24, 4.32715686721e-24, 6.19133616044e-24, 3.70197828893e-24, 4.89534576711e-24, 5.58601794432e-24, 5.33194438498e-24, 5.2627782441e-24, 4.72409510864e-24, 7.06555654877e-24, 3.87175456637e-24, 4.93172487661e-24, 6.78602289815e-24, 6.30531906707e-24, 7.30413333006e-24, 6.13257864478e-24, 6.29767618819e-24, 8.67597427715e-24, 7.00567017315e-24, 5.75557767944e-24, 6.73065827324e-24, 8.98957804142e-24, 7.41738377934e-24, 7.84594114357e-24, 5.31209072815e-24, 5.05008477797e-24, 7.94039619292e-24, 7.73792715298e-24],
        "var": [1.85661167507e-06, 1.7429503032e-06, 8.81883636339e-07, 2.45705479074e-07, 2.14220648331e-07, 3.9916295691e-07, 5.46804201917e-08, 2.03314655778e-07, 5.6827037298e-08, 3.45368995625e-08, 2.39600108642e-08, 5.13543838565e-08, 9.06137387346e-08, 1.88608723306e-07, 4.62512979027e-08, 2.88215691313e-08, 9.02503849431e-09, 8.28605983827e-09, 3.38028849356e-09, 1.62877278331e-09, 1.90720306215e-09, 2.96496782681e-09, 3.5387328623e-09, 1.11920641643e-08, 3.04446845512e-09, 1.18177834185e-09, 1.33461519614e-09, 3.22454285495e-10, 3.10104053547e-10, 1.02539199354e-09, 1.19876677473e-08, 6.24114759873e-10, 5.7276822174e-10, 9.52667285337e-12, 1.17949972706e-11, 2.72336424245e-11, 1.4466968205e-12, 1.1744172258e-12, 1.7928173052e-12, 2.06812865444e-13]
    },
    "mfcc": {
        "mean": [-676.33203125, 131.95022583, -17.3788051605, 34.5629425049, -3.33905553818, 9.33257484436, -0.0801859423518, 7.38388872147, -0.971031844616, -2.58477473259, 4.18926763535, 2.3790075779, -5.45932769775],
        "cov": [[11400.5751953, -1131.80981445, -752.129699707, 199.329208374, -355.101837158, 94.7242965698, -296.175323486, 94.1292572021, -41.2887382507, 62.0614891052, -31.5255222321, 160.415969849, -8.57227325439], [-1131.80981445, 1382.99865723, -258.970153809, 76.6496047974, 33.996635437, 2.62023234367, 46.7469482422, -22.9150123596, 2.03795933723, -30.0776386261, 34.9620018005, -42.5558013916, 2.94241380692], [-752.129699707, -258.970153809, 891.68536377, -21.6487884521, 264.293426514, 3.46895122528, 81.2706375122, 100.589012146, 25.2573356628, 115.519996643, -27.2561454773, 3.04341435432, -17.2641239166], [199.329208374, 76.6496047974, -21.6487884521, 380.438110352, -35.1611289978, 75.6220245361, 51.5767326355, -9.94539356232, 80.9131393433, -41.3788604736, 49.3604049683, -13.5848083496, -12.9613552094], [-355.101837158, 33.996635437, 264.293426514, -35.1611289978, 300.984893799, 10.8100643158, 7.41699123383, 75.9746017456, -19.549030304, 75.7558441162, -20.0667304993, 10.1558742523, -4.20289325714], [94.7242965698, 2.62023234367, 3.46895122528, 75.6220245361, 10.8100643158, 158.803482056, 54.8782844543, 5.11528921127, 35.8865966797, -22.4905147552, 22.5820045471, -6.57865285873, -3.86711382866], [-296.175323486, 46.7469482422, 81.2706375122, 51.5767326355, 7.41699123383, 54.8782844543, 180.546264648, 26.4435062408, 37.332485199, -24.487865448, 12.4525928497, -5.28485012054, -14.1158323288], [94.1292572021, -22.9150123596, 100.589012146, -9.94539356232, 75.9746017456, 5.11528921127, 26.4435062408, 135.081817627, 16.8822975159, 29.6713485718, -9.03804111481, -1.3619543314, -8.74539852142], [-41.2887382507, 2.03795933723, 25.2573356628, 80.9131393433, -19.549030304, 35.8865966797, 37.332485199, 16.8822975159, 112.015197754, -2.65645289421, 16.1840229034, -12.5721559525, -10.0762577057], [62.0614891052, -30.0776386261, 115.519996643, -41.3788604736, 75.7558441162, -22.4905147552, -24.487865448, 29.6713485718, -2.65645289421, 120.139801025, -6.23699045181, 9.48025417328, 1.97113513947], [-31.5255222321, 34.9620018005, -27.2561454773, 49.3604049683, -20.0667304993, 22.5820045471, 12.4525928497, -9.03804111481, 16.1840229034, -6.23699045181, 82.4833374023, 17.0705604553, -1.57068443298], [160.415969849, -42.5558013916, 3.04341435432, -13.5848083496, 10.1558742523, -6.57865285873, -5.28485012054, -1.3619543314, -12.5721559525, 9.48025417328, 17.0705604553, 93.3624038696, 21.8326683044], [-8.57227325439, 2.94241380692, -17.2641239166, -12.9613552094, -4.20289325714, -3.86711382866, -14.1158323288, -8.74539852142, -10.0762577057, 1.97113513947, -1.57068443298, 21.8326683044, 73.080116272]],
