{
"lowlevel": {
    "average_loudness": 0.871977686882,
    "barkbands_crest": {
        "dmean": 2.47341489792,
        "dmean2": 4.00101566315,
        "dvar": 7.09918069839,
        "dvar2": 18.2123508453,
        "max": 26.7179985046,
        "mean": 16.0406246185,
        "median": 16.1660842896,
        "min": 4.26638174057,
        "var": 28.0369091034
    },
    "barkbands_flatness_db": {
        "dmean": 0.0231867320836,
        "dmean2": 0.0367474518716,
        "dvar": 0.000837433501147,
        "dvar2": 0.0017961965641,
        "max": 0.715002119541,
        "mean": 0.348943293095,
        "median": 0.333554029465,
        "min": 0.0647892728448,
        "var": 0.0104778660461
    },
    "barkbands_kurtosis": {
        "dmean": 6.00011062622,
        "dmean2": 9.47051334381,
        "dvar": 217.705505371,
        "dvar2": 473.270477295,
        "max": 1222.33508301,
        "mean": 10.6061935425,
        "median": 4.52108383179,
        "min": -1.86963069439,
        "var": 773.952392578
    },
    "barkbands_skewness": {
        "dmean": 0.67980915308,
        "dmean2": 1.06125867367,
        "dvar": 0.657581567764,
        "dvar2": 1.56983864307,
        "max": 19.9198970795,
        "mean": 1.9558467865,
        "median": 1.65752089024,
        "min": -5.13011312485,
        "var": 3.10108113289
    },
    "barkbands_spread": {
        "dmean": 1.23351144791,
        "dmean2": 1.96089231968,
        "dvar": 2.61478424072,
        "dvar2": 6.47973060608,
        "max": 49.5608215332,
        "mean": 4.71573257446,
        "median": 4.36091518402,
        "min": 0.0460999198258,
        "var": 10.2058553696
    },
    "dissonance": {
        "dmean": 0.0432316102087,
        "dmean2": 0.0728000402451,
        "dvar": 0.00159298442304,
        "dvar2": 0.00418630382046,
        "max": 0.499999821186,
        "mean": 0.351552575827,
        "median": 0.365502685308,
        "min": 0.0397801548243,
        "var": 0.00703581282869
    },
    "dynamic_complexity": 3.20748138428,
    "erbbands_crest": {
        "dmean": 2.55376601219,
        "dmean2": 3.92406153679,
        "dvar": 5.69225931168,
        "dvar2": 13.7232236862,
        "max": 33.6883926392,
        "mean": 13.5646181107,
        "median": 12.6184463501,
        "min": 3.07274580002,
        "var": 25.6537380219
    },
    "erbbands_flatness_db": {
        "dmean": 0.0153101403266,
        "dmean2": 0.0226903315634,
        "dvar": 0.000258566549746,
        "dvar2": 0.000535860774107,
        "max": 0.572358012199,
        "mean": 0.286353290081,
        "median": 0.275512009859,
        "min": 0.093552030623,
        "var": 0.00701023219153
    },
    "erbbands_kurtosis": {
        "dmean": 1.9279050827,
        "dmean2": 2.98309659958,
        "dvar": 8.44250965118,
        "dvar2": 18.9809646606,
        "max": 91.6916046143,
        "mean": 3.92455077171,
        "median": 2.58551764488,
        "min": -1.67508161068,
        "var": 25.826751709
    },
    "erbbands_skewness": {
        "dmean": 0.372286885977,
        "dmean2": 0.559359014034,
        "dvar": 0.145949050784,
        "dvar2": 0.323284357786,
        "max": 7.23697710037,
        "mean": 0.643887579441,
        "median": 0.688394129276,
        "min": -6.89542102814,
        "var": 1.2497805357
    },
    "erbbands_spread": {
        "dmean": 2.65581727028,
        "dmean2": 4.13443946838,
        "dvar": 9.08442115784,
        "dvar2": 22.7926368713,
        "max": 65.1517333984,
        "mean": 11.806634903,
        "median": 10.6994495392,
        "min": 0.532806634903,
        "var": 41.6236801147
    },
    "hfc": {
        "dmean": 4.08243942261,
        "dmean2": 6.26160097122,
        "dvar": 52.1246185303,
        "dvar2": 120.125061035,
        "max": 123.851898193,
        "mean": 13.1957826614,
        "median": 10.0493106842,
        "min": 1.1056985452e-16,
        "var": 145.821609497
    },
    "melbands_crest": {
        "dmean": 3.18301820755,
        "dmean2": 5.12436580658,
        "dvar": 11.7436742783,
        "dvar2": 29.0482406616,
        "max": 38.8643569946,
        "mean": 21.8862419128,
        "median": 22.0746688843,
        "min": 1.76553177834,
        "var": 60.6558761597
    },
    "melbands_flatness_db": {
        "dmean": 0.0258947145194,
        "dmean2": 0.0410801135004,
        "dvar": 0.00109088525642,
        "dvar2": 0.0023297551088,
        "max": 0.873005211353,
        "mean": 0.458437502384,
        "median": 0.442925870419,
        "min": 0.00330051057972,
        "var": 0.0114366179332
    },
    "melbands_kurtosis": {
        "dmean": 7.06894445419,
        "dmean2": 11.3652849197,
        "dvar": 167.489151001,
        "dvar2": 434.353790283,
        "max": 369.356384277,
        "mean": 12.2921190262,
        "median": 5.70492839813,
        "min": -1.93485605717,
        "var": 339.43548584
    },
    "melbands_skewness": {
        "dmean": 0.73581880331,
        "dmean2": 1.15008294582,
        "dvar": 0.758911669254,
        "dvar2": 1.88891756535,
        "max": 14.952922821,
        "mean": 2.3255572319,
        "median": 1.92649197578,
        "min": -3.63039684296,
        "var": 3.26048254967
    },
    "melbands_spread": {
        "dmean": 1.54478621483,
        "dmean2": 2.43326640129,
        "dvar": 6.3534078598,
        "dvar2": 13.8759775162,
        "max": 151.515808105,
        "mean": 5.8291516304,
        "median": 5.09909915924,
        "min": 0.198567077518,
        "var": 27.5803165436
    },
    "pitch_salience": {
        "dmean": 0.0660388469696,
        "dmean2": 0.108016103506,
        "dvar": 0.00458106398582,
        "dvar2": 0.0119057660922,
        "max": 0.928833842278,
        "mean": 0.395909816027,
        "median": 0.406796514988,
        "min": 0.0708086416125,
        "var": 0.0224790349603
    },
    "silence_rate_20dB": {
        "dmean": 0.049423918128,
        "dmean2": 0.098855689168,
        "dvar": 0.0469798259437,
        "dvar2": 0.115777790546,
        "max": 1,
        "mean": 0.954632103443,
        "median": 1,
        "min": 0,
        "var": 0.0433042943478
    },
    "silence_rate_30dB": {
        "dmean": 0.0732618197799,
        "dmean2": 0.146535277367,
        "dvar": 0.0678974986076,
        "dvar2": 0.143347531557,
        "max": 1,
        "mean": 0.6488956213,
        "median": 1,
        "min": 0,
        "var": 0.227840647101
    },
    "silence_rate_60dB": {
        "dmean": 0.0100119188428,
        "dmean2": 0.0200254283845,
        "dvar": 0.00991125125438,
        "dvar2": 0.0220058877021,
        "max": 1,
        "mean": 0.0360718257725,
        "median": 0,
        "min": 0,
        "var": 0.0347686335444
    },
    "spectral_centroid": {
        "dmean": 48.0439872742,
        "dmean2": 74.6922454834,
        "dvar": 10563.1113281,
        "dvar2": 15837.8847656,
        "max": 11388.4462891,
        "mean": 438.974182129,
        "median": 414.323059082,
        "min": 102.921562195,
        "var": 61290.3125
    },
    "spectral_complexity": {
        "dmean": 1.16011118889,
        "dmean2": 1.96169734001,
        "dvar": 1.33678793907,
        "dvar2": 3.34874677658,
        "max": 20,
        "mean": 8.64897537231,
        "median": 9,
        "min": 0,
        "var": 10.514834404
    },
    "spectral_decrease": {
        "dmean": 9.86154713445e-09,
        "dmean2": 1.61653499475e-08,
        "dvar": 4.25195054701e-16,
        "dvar2": 1.01014692894e-15,
        "max": 8.64570715968e-29,
        "mean": -2.49923761686e-08,
        "median": -1.27610437772e-08,
        "min": -1.85778588957e-07,
        "var": 8.95923159574e-16
    },
    "spectral_energy": {
        "dmean": 0.0375400334597,
        "dmean2": 0.0615014210343,
        "dvar": 0.00612353859469,
        "dvar2": 0.014546405524,
        "max": 0.704121530056,
        "mean": 0.0955234244466,
        "median": 0.0493383705616,
        "min": 1.02388569703e-20,
        "var": 0.0129247764125
    },
    "spectral_energyband_high": {
        "dmean": 2.06489403354e-06,
        "dmean2": 3.41407530868e-06,
        "dvar": 2.17962557725e-11,
        "dvar2": 5.75766691269e-11,
        "max": 0.000271881086519,
        "mean": 1.34786223498e-05,
        "median": 4.55325061921e-06,
        "min": 7.50210083306e-21,
        "var": 7.15639658644e-10
    },
    "spectral_energyband_low": {
        "dmean": 0.0323713943362,
        "dmean2": 0.0535350553691,
        "dvar": 0.00577425118536,
        "dvar2": 0.0140565168113,
        "max": 0.671094834805,
        "mean": 0.0738448798656,
        "median": 0.0206135734916,
        "min": 2.36969256312e-23,
        "var": 0.0114575950429
    },
    "spectral_energyband_middle_high": {
        "dmean": 0.000833838945255,
        "dmean2": 0.00111002835911,
        "dvar": 1.26768100017e-05,
        "dvar2": 2.17881097342e-05,
        "max": 0.110537350178,
        "mean": 0.00248209689744,
        "median": 0.000568637275137,
        "min": 1.37025225065e-21,
        "var": 5.2577968745e-05
    },
    "spectral_energyband_middle_low": {
        "dmean": 0.0080076828599,
        "dmean2": 0.0128482803702,
        "dvar": 0.000424383324571,
        "dvar2": 0.00110945070628,
        "max": 0.308882027864,
        "mean": 0.0181055255234,
        "median": 0.0127790858969,
        "min": 2.11652037203e-22,
        "var": 0.000463800766738
    },
    "spectral_entropy": {
        "dmean": 0.148462578654,
        "dmean2": 0.230567499995,
        "dvar": 0.0272178463638,
        "dvar2": 0.0587205775082,
        "max": 9.80578327179,
        "mean": 5.91154432297,
        "median": 5.99360990524,
        "min": 2.90917110443,
        "var": 0.532976031303
    },
    "spectral_flux": {
        "dmean": 0.04975130409,
        "dmean2": 0.0834896415472,
        "dvar": 0.00728927087039,
        "dvar2": 0.0189772248268,
        "max": 0.73469889164,
        "mean": 0.101071059704,
        "median": 0.062598310411,
        "min": 6.34803112853e-11,
        "var": 0.0121809327975
    },
    "spectral_kurtosis": {
        "dmean": 16.5968551636,
        "dmean2": 28.4983062744,
        "dvar": 954.419799805,
        "dvar2": 2827.69458008,
        "max": 579.71673584,
        "mean": 49.2216911316,
        "median": 25.5779857635,
        "min": -1.26451027393,
        "var": 4909.57275391
    },
    "spectral_rms": {
        "dmean": 0.00157107331324,
        "dmean2": 0.00248268968426,
        "dvar": 7.0516643973e-06,
        "dvar2": 1.54547542479e-05,
        "max": 0.0262096896768,
        "mean": 0.00815309584141,
        "median": 0.00693793874234,
        "min": 3.16055818669e-12,
        "var": 2.67207724391e-05
    },
    "spectral_rolloff": {
        "dmean": 77.0204086304,
        "dmean2": 134.676391602,
        "dvar": 63347.2851562,
        "dvar2": 127923.023438,
        "max": 19013.8183594,
        "mean": 378.393127441,
        "median": 366.064453125,
        "min": 43.06640625,
        "var": 255653.53125
    },
    "spectral_skewness": {
        "dmean": 0.765695214272,
        "dmean2": 1.29426193237,
        "dvar": 0.762718677521,
        "dvar2": 2.11523365974,
        "max": 20.0676326752,
        "mean": 4.8134598732,
        "median": 3.91834163666,
        "min": -0.0284141823649,
        "var": 8.51675891876
    },
    "spectral_spread": {
        "dmean": 304107.125,
        "dmean2": 518747.0625,
        "dvar": 273935335424,
        "dvar2": 599607607296,
        "max": 45982668,
        "mean": 2039212.5,
        "median": 1882724,
        "min": 156882.8125,
        "var": 1.63158962995e+12
    },
    "spectral_strongpeak": {
        "dmean": 0.333668321371,
        "dmean2": 0.551643550396,
        "dvar": 0.411500185728,
        "dvar2": 0.924428403378,
        "max": 12.3938684464,
        "mean": 0.889010965824,
        "median": 0.673970103264,
        "min": 0,
        "var": 1.11952590942
    },
    "zerocrossingrate": {
        "dmean": 0.00229808385484,
        "dmean2": 0.00299956952222,
        "dvar": 3.52457100234e-05,
        "dvar2": 6.66347696097e-05,
        "max": 0.5087890625,
        "mean": 0.0141145717353,
        "median": 0.0126953125,
        "min": 0.0009765625,
        "var": 0.000217123422772
    },
    "barkbands": {
        "dmean": [0.00677500618622, 0.029277458787, 0.00242590229027, 0.000994774047285, 0.00485432613641, 0.00165020662826, 0.0014217448188, 0.00130988960154, 0.000445818906883, 0.000343233114108, 0.000431916909292, 0.000144718360389, 3.01028794638e-05, 4.59645634692e-05, 1.01584892036e-05, 1.30590196932e-05, 5.65267600905e-06, 1.28984265757e-05, 4.69361475552e-06, 3.34190031026e-06, 9.89510112959e-07, 6.08793072843e-07, 3.08493838475e-07, 2.39909354605e-07, 3.37218551749e-07, 1.67017361719e-07, 1.978411035e-07],
        "dmean2": [0.0100530954078, 0.0490742735565, 0.0043835840188, 0.00177522993181, 0.00814821198583, 0.00257642613724, 0.00193441601004, 0.00204738858156, 0.00057315005688, 0.000461276824353, 0.000548826123122, 0.000217800625251, 4.56470042991e-05, 7.17272559996e-05, 1.66342815646e-05, 2.16533571802e-05, 9.66229345067e-06, 2.1742644094e-05, 7.99673671281e-06, 5.69424946661e-06, 1.673900897e-06, 9.84210259958e-07, 5.13010093073e-07, 4.02295057711e-07, 5.52472272375e-07, 2.73046282473e-07, 3.34457524787e-07],
        "dvar": [0.000497014494613, 0.00469368230551, 7.12347755325e-05, 9.85982023849e-06, 0.000326797977323, 8.16655665403e-06, 6.34595835436e-06, 1.40003885463e-05, 1.12359657578e-06, 2.3444663384e-06, 7.99660574557e-06, 7.26464293166e-07, 4.58843940621e-09, 2.43030822134e-08, 8.14775968916e-10, 1.06976583147e-09, 2.09644704374e-10, 1.31715716112e-09, 1.16416751239e-10, 8.11640546439e-11, 5.1961508013e-12, 1.44219402046e-12, 6.7988019728e-13, 7.33224678889e-13, 1.84650471996e-12, 6.74156477171e-13, 2.07110131996e-12],
        "dvar2": [0.000895657518413, 0.0120781501755, 0.000232176113059, 2.75977217825e-05, 0.000866495771334, 2.01368711714e-05, 1.30913304019e-05, 3.63055332855e-05, 1.86475074315e-06, 3.93306117985e-06, 1.26024106066e-05, 1.6759894379e-06, 9.06884878304e-09, 5.47577023724e-08, 2.01732364147e-09, 2.77187095499e-09, 5.98911920058e-10, 3.27974780667e-09, 3.28318261467e-10, 2.40858111233e-10, 1.47134509437e-11, 3.66889331416e-12, 1.91781334737e-12, 1.98316471751e-12, 4.56787906111e-12, 1.77303647025e-12, 5.52912186522e-12],
        "max": [0.308620989323, 0.548152446747, 0.125309422612, 0.0385926514864, 0.24465803802, 0.0514412298799, 0.0592173486948, 0.0868125781417, 0.036328304559, 0.0557167865336, 0.10039267689, 0.0306298434734, 0.00211977399886, 0.00587804522365, 0.0010165310232, 0.000606453744695, 0.000214461353607, 0.00130131002516, 0.000211083868635, 0.000372134498321, 9.692380263e-05, 3.86372048524e-05, 4.0861817979e-05, 4.8569199862e-05, 8.57363193063e-05, 6.23036903562e-05, 9.44605926634e-05],
        "mean": [0.0106798615307, 0.0617720745504, 0.00250956672244, 0.00089237652719, 0.00678849779069, 0.00293406541459, 0.00356112327427, 0.002658308018, 0.00120626343414, 0.000801031186711, 0.00116311351303, 0.000312232295983, 5.7096411183e-05, 8.70235235197e-05, 1.74064334715e-05, 2.23951101361e-05, 9.91591332422e-06, 2.24281411647e-05, 1.02768899524e-05, 7.61107230574e-06, 3.17916055792e-06, 2.14251690522e-06, 1.21607934034e-06, 1.12053828616e-06, 1.73871785591e-06, 1.03813670194e-06, 7.68980328303e-07],
        "median": [0.00107355741784, 0.0166056584567, 0.000522298389114, 0.000159747287398, 0.0030692347791, 0.00138308375608, 0.00188763462938, 0.000434812449384, 0.000495494459756, 8.37079787743e-05, 0.00010677886894, 3.50822483597e-05, 1.96487198991e-05, 9.79576361715e-06, 4.38578626927e-06, 3.13464124702e-06, 2.34553499467e-06, 2.16698481381e-06, 1.80901383828e-06, 1.65302344612e-06, 1.53022369886e-06, 9.01097223505e-07, 3.62174176871e-07, 9.89947324115e-08, 2.65741135763e-07, 3.10711527618e-08, 2.14700399681e-08],
        "min": [1.2012077695e-24, 1.55893114368e-23, 3.55357816988e-24, 1.27327301364e-23, 2.07050318087e-23, 1.83931345087e-23, 2.94078447115e-23, 9.55026724069e-24, 3.57661172502e-23, 5.05501373868e-23, 4.34087594721e-23, 1.28523388046e-23, 5.22282149262e-23, 5.39784827047e-23, 9.42053401612e-23, 1.01359974094e-22, 1.1176480331e-22, 2.02253712461e-22, 2.05963517039e-22, 2.85838208048e-22, 4.29726841057e-22, 3.97986587084e-22, 5.27194001154e-22, 7.14436712953e-22, 1.13681808516e-21, 1.5181567284e-21, 2.14746770089e-21],
        "var": [0.000932648777962, 0.00790642295033, 6.50440197205e-05, 7.04969716026e-06, 0.000265039532678, 1.78679201781e-05, 2.37929707509e-05, 4.14580536017e-05, 5.47811850993e-06, 8.85552799446e-06, 3.47000423062e-05, 2.39863106799e-06, 1.66675153679e-08, 8.74509353821e-08, 1.85497639471e-09, 2.37125186153e-09, 4.24854457171e-10, 2.64620880763e-09, 3.49470979932e-10, 1.99829333636e-10, 3.2153602697e-11, 1.13516782779e-11, 7.5094479246e-12, 1.11750157739e-11, 2.20551719249e-11, 2.01245513309e-11, 2.74373457981e-11]
    },
    "erbbands": {
        "dmean": [1.42379689217, 4.95144939423, 3.43354845047, 3.05466198921, 13.0332946777, 15.9420404434, 5.88388347626, 19.5946083069, 17.9559993744, 26.980670929, 17.0630054474, 11.8220882416, 9.58435344696, 16.898311615, 10.7700557709, 3.93060708046, 1.46659076214, 1.62564229965, 1.50727713108, 0.483688235283, 0.596108853817, 0.335855603218, 0.825475275517, 0.260982632637, 0.235964909196, 0.113629169762, 0.0470918118954, 0.0376717299223, 0.0249371416867, 0.0145574519411, 0.00818747561425, 0.00547254923731, 0.0040799533017, 0.00458435993642, 0.00236450345255, 0.000952699279878, 0.000313568103593, 0.000111408968223, 5.15342508152e-05, 4.22363737016e-05],
        "dmean2": [2.39805579185, 8.10904502869, 6.05934858322, 5.5251750946, 22.5913982391, 26.1196403503, 9.47998714447, 30.5787982941, 25.7315559387, 38.9103469849, 26.8190364838, 15.0521421432, 12.2958278656, 21.8709144592, 14.404419899, 5.77751159668, 2.18905854225, 2.50279068947, 2.38535308838, 0.792304992676, 0.988606929779, 0.573620021343, 1.39225280285, 0.448064744473, 0.401511192322, 0.193835139275, 0.0809875354171, 0.0637959763408, 0.0404310710728, 0.0233491379768, 0.013701136224, 0.009208005853, 0.00690388772637, 0.00734338443726, 0.00395798962563, 0.00156683521345, 0.00050973665202, 0.000181800147402, 8.55269609019e-05, 6.89062362653e-05],
        "dvar": [11.4643726349, 132.889892578, 92.592300415, 105.085777283, 2952.09301758, 2532.79516602, 132.167129517, 1135.28710938, 1171.21020508, 3379.3671875, 2278.04931641, 734.04876709, 1055.16271973, 12167.7988281, 2665.99023438, 450.710998535, 10.0241146088, 26.8870811462, 27.6075935364, 1.25697088242, 2.34049224854, 0.830210745335, 5.52305269241, 0.367623329163, 0.309558391571, 0.0971134752035, 0.0101037593558, 0.00979263707995, 0.00237648142502, 0.00103402580135, 0.000575885525905, 0.000350576563505, 0.000230889301747, 0.000188298465218, 0.000154880617629, 1.59495557455e-05, 3.0460284961e-06, 5.26036160409e-07, 9.12764122063e-08, 7.38314787085e-09],
        "dvar2": [30.2124404907, 339.191589355, 278.274230957, 328.546691895, 7925.63623047, 6677.56787109, 342.33416748, 2791.70532227, 2457.84985352, 7873.28564453, 6131.79345703, 1131.01855469, 1518.39465332, 20304.5136719, 4721.14306641, 1055.3939209, 20.5185432434, 57.2183036804, 64.1734695435, 3.22515869141, 6.08575248718, 2.35077476501, 13.856757164, 1.05189859867, 0.902458667755, 0.288873523474, 0.0287889447063, 0.0275555495173, 0.00606697658077, 0.00271409889683, 0.00161009444855, 0.000993746565655, 0.000658916600514, 0.000478051631944, 0.000380659184884, 4.18211020587e-05, 7.75460466684e-06, 1.34332458401e-06, 2.50839605087e-07, 1.75640106903e-08],
        "max": [31.4357776642, 122.403106689, 122.878585815, 135.771438599, 743.897521973, 805.391662598, 230.003616333, 643.106384277, 955.054504395, 1548.38134766, 1148.66650391, 1051.89440918, 1281.70007324, 3954.66992188, 1967.84265137, 725.212646484, 87.5892028809, 208.124893188, 249.181335449, 28.4057064056, 33.7413253784, 15.0820875168, 82.4660720825, 13.1421546936, 12.8804283142, 14.5990953445, 3.71865415573, 4.05106592178, 1.54547059536, 1.43838214874, 1.08188819885, 0.825345396996, 0.829779326916, 0.676812231541, 0.741480708122, 0.267778396606, 0.130084499717, 0.062337718904, 0.0175539534539, 0.00179723708425],
        "mean": [2.99987459183, 9.07021045685, 4.29488325119, 3.06044483185, 13.6977720261, 26.7747840881, 11.136715889, 35.8547401428, 42.7902946472, 66.3470687866, 36.0677452087, 32.4580078125, 26.4005870819, 44.5440750122, 27.3150863647, 9.17697906494, 3.11641430855, 3.47115468979, 2.80615091324, 0.972732841969, 1.11719274521, 0.689920604229, 1.42580711842, 0.595307826996, 0.526883661747, 0.300587683916, 0.146787181497, 0.11402785033, 0.0836596935987, 0.0522513911128, 0.0325636640191, 0.0236488953233, 0.0190553367138, 0.0204748734832, 0.0115073015913, 0.00503821205348, 0.00177423865534, 0.000587467802688, 0.000166333804373, 0.000112945315777],
        "median": [0.768486142159, 2.45488595963, 1.4179649353, 0.840764045715, 3.92491865158, 13.1202716827, 7.23706817627, 16.9228744507, 23.6999816895, 30.8752441406, 8.49855041504, 14.3438177109, 8.27740478516, 3.8588745594, 4.51959228516, 1.667501688, 1.29055094719, 0.724945187569, 0.489465147257, 0.227293208241, 0.175245389342, 0.156054764986, 0.134795725346, 0.1022554636, 0.0869841128588, 0.0760016441345, 0.0644915774465, 0.0544996596873, 0.0364114269614, 0.0211975369602, 0.0080032274127, 0.00287492433563, 0.00198571430519, 0.00382374599576, 0.00106099748518, 0.000257903739111, 8.52751691127e-05, 2.10878934013e-05, 3.94756098103e-05, 5.78418184887e-05],
        "min": [4.80904350055e-22, 3.23378041178e-21, 6.85216951614e-21, 1.78106073802e-20, 6.00491442565e-20, 6.66114523993e-20, 1.1838730419e-19, 1.30774127068e-19, 2.97882343488e-19, 4.22359558143e-19, 4.36541104456e-19, 7.21424795756e-19, 1.12171036717e-18, 1.51998470062e-18, 2.18660087088e-18, 2.10245550948e-18, 2.60360412437e-18, 2.99399615036e-18, 4.09688619404e-18, 4.74348293912e-18, 5.44418598165e-18, 6.80718193497e-18, 1.0647602848e-17, 8.88909627509e-18, 1.21327394634e-17, 1.42064696786e-17, 1.83043919163e-17, 1.53174063285e-17, 1.53740648917e-17, 1.28535496123e-17, 1.41782082258e-17, 1.41109088111e-17, 1.21542296157e-17, 9.65026704758e-18, 9.19093613497e-18, 4.68447518294e-18, 2.84368088945e-18, 1.2018995305e-18, 3.01224179012e-19, 2.94571197657e-20],
        "var": [19.7662563324, 194.34967041, 93.9760818481, 76.4570159912, 2186.39086914, 2422.62329102, 167.324386597, 2658.6418457, 3746.85449219, 11980.9707031, 6179.75146484, 3971.91821289, 4710.12841797, 49204.0351562, 11136.2861328, 1454.07202148, 35.55443573, 108.735916138, 88.6757888794, 3.18277931213, 5.59185171127, 1.92552924156, 11.0082540512, 1.1388502121, 0.90802693367, 0.294729053974, 0.0613968037069, 0.0445206649601, 0.0171476379037, 0.00898040831089, 0.00587300211191, 0.00446299044415, 0.00327826035209, 0.00247330893762, 0.00130003807135, 0.000321188126691, 7.26742073311e-05, 1.11866493171e-05, 7.57820146191e-07, 2.11060999789e-08]
    },
    "gfcc": {
        "mean": [-116.408241272, 192.70715332, -71.8139190674, -1.16790497303, -50.1787109375, -7.62182950974, -13.3555297852, 1.26292455196, -7.33908605576, 2.76624274254, 2.15129685402, -0.087233863771, 4.04085683823],
        "cov": [[10446.0175781, -1617.15258789, -605.05871582, 1705.79052734, 523.438537598, 1266.16577148, 886.050476074, 1654.61193848, 433.759460449, 614.02557373, 218.506515503, 267.715667725, -13.5213117599], [-1617.15258789, 1131.07263184, 196.591720581, -379.991821289, 41.448223114, -149.927612305, 143.575546265, -383.85446167, 24.6782474518, -185.653198242, 42.6367492676, -87.814491272, 124.670440674], [-605.05871582, 196.591720581, 488.581634521, 33.602104187, 96.2111206055, -10.9140300751, 86.9855651855, -61.7579193115, 59.4441680908, -3.98994088173, 20.2251796722, -16.410943985, 33.417514801], [1705.79052734, -379.991821289, 33.602104187, 685.824401855, 120.068153381, 238.15625, 208.861190796, 340.924957275, 141.107055664, 156.772369385, 55.0488471985, 27.1116847992, 9.9327507019], [523.438537598, 41.448223114, 96.2111206055, 120.068153381, 295.712249756, 125.141616821, 146.430541992, 125.000694275, 87.4940032959, 54.1499595642, 70.7026290894, 31.2047691345, 11.7914056778], [1266.16577148, -149.927612305, -10.9140300751, 238.15625, 125.141616821, 336.574615479, 274.298126221, 256.148925781, 74.2951202393, 71.5534896851, 50.4840126038, 59.7926559448, 38.7438468933], [886.050476074, 143.575546265, 86.9855651855, 208.861190796, 146.430541992, 274.298126221, 433.037628174, 208.788970947, 135.281005859, 47.7744827271, 83.5575180054, 47.1651573181, 87.0174179077], [1654.61193848, -383.85446167, -61.7579193115, 340.924957275, 125.000694275, 256.148925781, 208.788970947, 450.165222168, 132.063064575, 140.236938477, 45.8553199768, 61.0376434326, 2.53202104568], [433.759460449, 24.6782474518, 59.4441680908, 141.107055664, 87.4940032959, 74.2951202393, 135.281005859, 132.063064575, 164.7918396, 77.9937438965, 55.8246574402, 1.6106325388, 22.5961303711], [614.02557373, -185.653198242, -3.98994088173, 156.772369385, 54.1499595642, 71.5534896851, 47.7744827271, 140.236938477, 77.9937438965, 143.969665527, 48.566444397, 21.8149452209, -8.81624984741], [218.506515503, 42.6367492676, 20.2251796722, 55.0488471985, 70.7026290894, 50.4840126038, 83.5575180054, 45.8553199768, 55.8246574402, 48.566444397, 125.100662231, 43.2040939331, 10.3839902878], [267.715667725, -87.814491272, -16.410943985, 27.1116847992, 31.2047691345, 59.7926559448, 47.1651573181, 61.0376434326, 1.6106325388, 21.8149452209, 43.2040939331, 106.635162354, 38.1783638], [-13.5213117599, 124.670440674, 33.417514801, 9.9327507019, 11.7914056778, 38.7438468933, 87.0174179077, 2.53202104568, 22.5961303711, -8.81624984741, 10.3839902878, 38.1783638, 119.885124207]],
        "icov": [[0.000353299488779, -8.92913376447e-05, 0.000366645195754, -0.00039132789243, -8.78920982359e-05, -0.000626316876151, 9.69809188973e-05, -0.00061013904633, 0.000122532379464, -0.000342612212989, 0.000108044332592, -0.000173524429556, 0.000214083614992], [-8.92913376447e-05, 0.00407143961638, -1.6844505808e-05, 0.00135963468347, -0.00113904755563, 0.00166406354401, -0.00298710330389, 0.00285714678466, -0.00170273357071, 0.00289604999125, -0.00232927151956, 0.00381979276426, -0.00315069896169], [0.000366645195754, -1.6844505808e-05, 0.00300834327936, -0.000726897502318, -0.00103027420118, -4.04710335715e-05, -0.000707572500687, 0.000512797269039, -0.00070617464371, -0.000365890708053, 0.000568810501136, -8.08635086287e-05, -1.96261316887e-05], [-0.00039132789243, 0.00135963468347, -0.000726897502318, 0.00351206678897, -0.000130876724143, 0.000427064893302, -0.00102301628795, 0.000186582154129, -0.000840250111651, -7.30399624445e-05, -0.000909769034479, 0.00213221111335, -0.00138016161509], [-8.78920982359e-05, -0.00113904755563, -0.00103027420118, -0.000130876724143, 0.00539324991405, -0.00142179813702, 0.000731862906832, -0.00108444620855, -0.000714857655112, -0.00048148733913, -0.000944054278079, -0.00137643481139, 0.00151278532576], [-0.000626316876151, 0.00166406354401, -4.04710335715e-05, 0.000427064893302, -0.00142179813702, 0.0116952843964, -0.00667301332578, -0.000722606200725, 0.00256877136417, 0.00055197859183, -0.000257878040429, 0.000419832504122, -0.00116114108823], [9.69809188973e-05, -0.00298710330389, -0.000707572500687, -0.00102301628795, 0.000731862906832, -0.00667301332578, 0.0100089050829, -0.0025541249197, -0.00216517155059, 0.000652010377962, -0.000756633759011, -0.00152616109699, -0.000719488307368], [-0.00061013904633, 0.00285714678466, 0.000512797269039, 0.000186582154129, -0.00108444620855, -0.000722606200725, -0.0025541249197, 0.00989313609898, -0.004403966479, 0.000149048661115, 0.000874429417308, -5.90168456256e-05, -0.000429195293691], [0.000122532379464, -0.00170273357071, -0.00070617464371, -0.000840250111651, -0.000714857655112, 0.00256877136417, -0.00216517155059, -0.004403966479, 0.0150453289971, -0.00575659470633, -0.00208385405131, 0.00280041899532, -0.00101471203379], [-0.000342612212989, 0.00289604999125, -0.000365890708053, -7.30399624445e-05, -0.00048148733913, 0.00055197859183, 0.000652010377962, 0.000149048661115, -0.00575659470633, 0.0161730162799, -0.00501794880256, 0.00200614263304, -0.00147955457214], [0.000108044332592, -0.00232927151956, 0.000568810501136, -0.000909769034479, -0.000944054278079, -0.000257878040429, -0.000756633759011, 0.000874429417308, -0.00208385405131, -0.00501794880256, 0.015090432018, -0.00824734196067, 0.004401282873], [-0.000173524429556, 0.00381979276426, -8.08635086287e-05, 0.00213221111335, -0.00137643481139, 0.000419832504122, -0.00152616109699, -5.90168456256e-05, 0.00280041899532, 0.00200614263304, -0.00824734196067, 0.0193426422775, -0.00886301696301], [0.000214083614992, -0.00315069896169, -1.96261316887e-05, -0.00138016161509, 0.00151278532576, -0.00116114108823, -0.000719488307368, -0.000429195293691, -0.00101471203379, -0.00147955457214, 0.004401282873, -0.00886301696301, 0.0150432288647]]
    },
    "melbands": {
        "dmean": [0.00994297023863, 0.00309023819864, 0.000721603340935, 0.00125819526147, 0.000252716563409, 0.00039628482773, 0.000280051492155, 0.000320129678585, 0.000113700865768, 7.79426409281e-05, 4.89726407977e-05, 6.96899514878e-05, 3.93091759179e-05, 2.35713087022e-05, 3.37683377438e-06, 3.78964386982e-06, 3.42400971931e-06, 3.24880898006e-06, 9.23494724248e-07, 9.80439153864e-07, 6.27527867891e-07, 3.6719151808e-07, 6.79395554926e-07, 5.13764803145e-07, 2.27599528557e-07, 1.89645376736e-07, 1.93474917864e-07, 6.8623158711e-08, 3.91680607947e-08, 2.65671076249e-08, 2.27643948136e-08, 1.69372658121e-08, 1.3080363459e-08, 8.3312654553e-09, 5.83563330991e-09, 4.67302063711e-09, 3.60640539654e-09, 3.36038796789e-09, 3.78270215151e-09, 4.4572603386e-09],
        "dmean2": [0.0166310872883, 0.00516914390028, 0.00128580862656, 0.00211791414768, 0.000404088961659, 0.000616032921243, 0.000393790833186, 0.000472858810099, 0.000178429938387, 9.86330196611e-05, 6.36053518974e-05, 9.03067702893e-05, 5.15215469932e-05, 3.37698038493e-05, 5.00890337207e-06, 5.70693873669e-06, 5.30895022166e-06, 5.1356100812e-06, 1.50101448071e-06, 1.62535002346e-06, 1.04460661987e-06, 6.31321029232e-07, 1.13988778594e-06, 8.66898290042e-07, 3.93307573177e-07, 3.22210041759e-07, 3.32029202355e-07, 1.18516148007e-07, 6.75114861792e-08, 4.60828353255e-08, 3.84357434768e-08, 2.81271983482e-08, 2.07831476473e-08, 1.37502160769e-08, 9.72846514458e-09, 7.90957699337e-09, 6.06480865528e-09, 5.72360114859e-09, 6.21084783603e-09, 7.17817094653e-09],
        "dvar": [0.000548144045752, 5.52742967557e-05, 4.82016321257e-06, 2.35624593188e-05, 2.17930335111e-07, 4.50231567584e-07, 2.51945294849e-07, 5.58780811843e-07, 1.04500671227e-07, 3.29641949293e-08, 3.38025749613e-08, 1.74707366796e-07, 4.4478294825e-08, 1.63916951124e-08, 1.13040840577e-10, 8.25909063362e-11, 1.47152526275e-10, 1.48839301994e-10, 8.07426868421e-12, 6.81852491136e-12, 2.94884559479e-12, 1.21273564108e-12, 4.27647717585e-12, 1.7949301984e-12, 2.91188378748e-13, 2.07745726546e-13, 2.94721332842e-13, 3.14325693566e-14, 7.49403167424e-15, 4.29386242545e-15, 3.44720259621e-15, 1.14160612472e-15, 7.17408371902e-16, 4.11958603183e-16, 2.90842659074e-16, 2.00916890068e-16, 1.59034101911e-16, 1.50038281139e-16, 1.66481175879e-16, 2.05927473763e-16],
        "dvar2": [0.00139406952076, 0.000145146579598, 1.3952801055e-05, 6.24289314146e-05, 5.72188980641e-07, 1.10233804662e-06, 5.29124577042e-07, 1.37321887905e-06, 2.75178422271e-07, 4.98709766816e-08, 4.94756342562e-08, 2.94688334179e-07, 7.27619919871e-08, 3.63688776872e-08, 2.46459991304e-10, 1.60195176568e-10, 3.11014047849e-10, 3.45735939877e-10, 2.02633448215e-11, 1.76316582862e-11, 7.69799501921e-12, 3.51904833398e-12, 1.0080828533e-11, 4.81605337208e-12, 8.36686785393e-13, 5.87398077227e-13, 8.76284613448e-13, 9.21399187417e-14, 2.14590054303e-14, 1.21345406393e-14, 9.61480227439e-15, 3.08842400371e-15, 1.74340514017e-15, 1.1585329135e-15, 8.21235658873e-16, 5.80160711783e-16, 4.41344029008e-16, 4.38963866426e-16, 4.71507031078e-16, 5.23281972918e-16],
        "max": [0.205702379346, 0.0776094347239, 0.0216525029391, 0.0673849210143, 0.00741154002026, 0.0129687450826, 0.0127217452973, 0.0194220505655, 0.00734451133758, 0.00708146160468, 0.00724465120584, 0.0146063854918, 0.00654608709738, 0.00434046983719, 0.000285729736788, 0.00029451836599, 0.000478394445963, 0.000575202109758, 9.80330951279e-05, 5.14142993779e-05, 3.92950314563e-05, 1.94477379409e-05, 8.21921494207e-05, 3.62433311238e-05, 9.67288633547e-06, 1.09949060061e-05, 2.00075774046e-05, 5.92803326072e-06, 2.55288864537e-06, 2.92300865112e-06, 2.40600911638e-06, 1.00244392343e-06, 8.99845360891e-07, 7.55951305109e-07, 6.76313504755e-07, 5.98383451234e-07, 5.37221922059e-07, 6.13061729382e-07, 5.80479024848e-07, 7.59859346999e-07],
        "mean": [0.0218224935234, 0.00526186823845, 0.000719524861779, 0.00168740912341, 0.000526172982063, 0.000730239262339, 0.00068809982622, 0.000756008841563, 0.000226964883041, 0.000211127538932, 0.000128895233502, 0.000179336420842, 0.0001043576558, 5.32220146852e-05, 6.75936234984e-06, 6.90577189744e-06, 6.80366565575e-06, 5.67275810681e-06, 1.50505024976e-06, 1.53340374709e-06, 1.12396639906e-06, 6.17550597326e-07, 1.19779883789e-06, 9.14786653539e-07, 4.45566939788e-07, 3.69250386711e-07, 3.87672912439e-07, 1.5599273695e-07, 9.78859731049e-08, 7.28659443894e-08, 6.17371398448e-08, 4.89524580871e-08, 3.72431721019e-08, 2.60155932352e-08, 1.90223730101e-08, 1.63234563644e-08, 1.35295676884e-08, 1.28082522366e-08, 1.4848170693e-08, 1.77397954104e-08],
        "median": [0.00568621512502, 0.00172544037923, 0.000186459132237, 0.000666695123073, 0.000371968897525, 0.000356151314918, 0.000383448030334, 0.000306250090944, 4.45997611678e-05, 8.27933326946e-05, 3.02632815874e-05, 1.30584776343e-05, 1.33773091875e-05, 6.26245309832e-06, 1.9810786398e-06, 2.08068786378e-06, 9.174658544e-07, 7.81277947226e-07, 3.1236771747e-07, 2.36195745629e-07, 1.67663728234e-07, 1.49337836319e-07, 1.27233320768e-07, 9.45682359088e-08, 7.6606234245e-08, 6.24172002972e-08, 5.78817065389e-08, 4.35976943436e-08, 3.66104089267e-08, 3.7667007291e-08, 2.76062941396e-08, 2.1384661153e-08, 1.41982701152e-08, 1.00264863079e-08, 4.73392613998e-09, 2.55445176123e-09, 1.30306787582e-09, 9.17437459336e-10, 1.98479610525e-09, 3.34846772532e-09],
        "min": [4.17882774563e-24, 3.75278487554e-24, 5.78580012401e-24, 5.41180274657e-24, 4.57393267432e-24, 3.245776872e-24, 5.1455381308e-24, 4.36659596817e-24, 3.31913107543e-24, 5.21084043096e-24, 5.43384746456e-24, 6.163387213e-24, 6.92504306661e-24, 1.45328186226e-24, 5.97691035577e-24, 5.03876304626e-24, 4.20169209011e-24, 4.63948938212e-24, 6.49451946658e-24, 7.07320613297e-24, 5.49612408872e-24, 6.56167637873e-24, 8.75436022986e-24, 8.60987325532e-24, 6.1995383417e-24, 8.96745917049e-24, 7.97727228479e-24, 8.80412867551e-24, 1.10605974529e-23, 1.00992994424e-23, 8.42174965095e-24, 8.90673975776e-24, 4.7552046273e-24, 8.19753566016e-24, 6.63101173027e-24, 7.74632221074e-24, 8.58319555723e-24, 8.54678568215e-24, 7.13399338775e-24, 8.19131549193e-24],
        "var": [0.00100710173137, 7.20740790712e-05, 3.59456271326e-06, 1.89476959349e-05, 2.96436240887e-07, 1.04983530491e-06, 8.57625650497e-07, 1.85302872069e-06, 2.72433965165e-07, 1.80651866799e-07, 1.47484428226e-07, 6.99065310528e-07, 1.94599380166e-07, 5.83891193173e-08, 3.7588931967e-10, 3.02719405099e-10, 5.7657362218e-10, 4.73491079678e-10, 1.7111463288e-11, 1.21987610985e-11, 6.47331320491e-12, 2.08047424774e-12, 8.72116615036e-12, 3.77862324763e-12, 7.07656589577e-13, 4.99294507648e-13, 6.34385610449e-13, 8.6008850324e-14, 3.03844643402e-14, 1.93319718686e-14, 1.32772024847e-14, 6.03706808936e-15, 3.93787523003e-15, 2.71946280463e-15, 2.01262588037e-15, 1.89550155255e-15, 1.63309053373e-15, 1.57863393852e-15, 1.71759541099e-15, 1.85739523432e-15]
    },
    "mfcc": {
        "mean": [-773.062988281, 221.048248291, 34.1618537903, 22.1854953766, -8.07949733734, -1.45457422733, 2.18594264984, -0.814529836178, 0.891441702843, -2.71447467804, 5.686191082, 1.18843173981, 7.45497226715],
        "cov": [[6529.125, 224.802856445, -853.790283203, 780.880065918, 418.400726318, 172.217666626, 670.355651855, 913.172607422, 806.132629395, 862.42401123, 817.355102539, 332.613739014, 227.994628906], [224.802856445, 1081.1295166, 120.975959778, 52.2374801636, -27.7471313477, 227.753036499, 221.46762085, 210.197219849, 267.468902588, 123.55569458, 122.404220581, 33.9839019775, 61.2042617798], [-853.790283203, 120.975959778, 372.014068604, -39.0041542053, -23.4399089813, 56.8368263245, -25.1372051239, -71.7836761475, -45.1297607422, -87.398979187, -48.2569389343, -16.3297977448, -19.9043483734], [780.880065918, 52.2374801636, -39.0041542053, 389.905639648, 146.212646484, 80.4641952515, 110.778335571, 143.911865234, 162.173828125, 180.771713257, 190.476425171, 93.0869979858, 25.6098804474], [418.400726318, -27.7471313477, -23.4399089813, 146.212646484, 214.368774414, 35.6142120361, 61.9021606445, 67.364982605, 61.2554779053, 116.656234741, 83.080078125, 61.8267288208, 22.7620162964], [172.217666626, 227.753036499, 56.8368263245, 80.4641952515, 35.6142120361, 186.008956909, 123.669189453, 99.1769561768, 106.396652222, 46.6660346985, 56.4873199463, 37.4755516052, 59.4970054626], [670.355651855, 221.46762085, -25.1372051239, 110.778335571, 61.9021606445, 123.669189453, 247.295394897, 215.510147095, 182.816543579, 117.047569275, 136.040756226, 72.6533966064, 76.5798797607], [913.172607422, 210.197219849, -71.7836761475, 143.911865234, 67.364982605, 99.1769561768, 215.510147095, 316.731750488, 227.839752197, 180.042373657, 155.393768311, 86.3474273682, 73.0879898071], [806.132629395, 267.468902588, -45.1297607422, 162.173828125, 61.2554779053, 106.396652222, 182.816543579, 227.839752197, 341.72845459, 186.890045166, 183.073486328, 62.1952056885, 60.3423957825], [862.42401123, 123.55569458, -87.398979187, 180.771713257, 116.656234741, 46.6660346985, 117.047569275, 180.042373657, 186.890045166, 267.919128418, 201.00579834, 76.869430542, 15.2551002502], [817.355102539, 122.404220581, -48.2569389343, 190.476425171, 83.080078125, 56.4873199463, 136.040756226, 155.393768311, 183.073486328, 201.00579834, 269.863922119, 96.7797470093, 32.6773796082], [332.613739014, 33.9839019775, -16.3297977448, 93.0869979858, 61.8267288208, 37.4755516052, 72.6533966064, 86.3474273682, 62.1952056885, 76.869430542, 96.7797470093, 118.635818481, 64.5525588989], [227.994628906, 61.2042617798, -19.9043483734, 25.6098804474, 22.7620162964, 59.4970054626, 76.5798797607, 73.0879898071, 60.3423957825, 15.2551002502, 32.6773796082, 64.5525588989, 135.614471436]],
