{
"lowlevel": {
    "average_loudness": 0.904824852943,
    "barkbands_crest": {
        "dmean": 2.24969482422,
        "dmean2": 3.59580898285,
        "dvar": 4.27341365814,
        "dvar2": 10.3195209503,
        "max": 26.0999488831,
        "mean": 8.98471641541,
        "median": 8.22398853302,
        "min": 2.5133023262,
        "var": 13.4223585129
    },
    "barkbands_flatness_db": {
        "dmean": 0.0177237838507,
        "dmean2": 0.0261908061802,
        "dvar": 0.000309321621899,
        "dvar2": 0.000646414002404,
        "max": 0.423404365778,
        "mean": 0.104865700006,
        "median": 0.0992512255907,
        "min": 0.0237347893417,
        "var": 0.00167558621615
    },
    "barkbands_kurtosis": {
        "dmean": 1.70278680325,
        "dmean2": 2.60742473602,
        "dvar": 8.16250419617,
        "dvar2": 17.8091316223,
        "max": 91.1287689209,
        "mean": 2.02900648117,
        "median": 0.762526273727,
        "min": -1.88072156906,
        "var": 18.5513286591
    },
    "barkbands_skewness": {
        "dmean": 0.429138928652,
        "dmean2": 0.65071696043,
        "dvar": 0.192605674267,
        "dvar2": 0.426118910313,
        "max": 8.95480728149,
        "mean": 1.22779786587,
        "median": 1.12559974194,
        "min": -4.48069953918,
        "var": 0.887916564941
    },
    "barkbands_spread": {
        "dmean": 6.74452447891,
        "dmean2": 9.529545784,
        "dvar": 70.3087615967,
        "dvar2": 132.829452515,
        "max": 99.8487091064,
        "mean": 25.4721412659,
        "median": 22.1149921417,
        "min": 0.972528815269,
        "var": 212.718673706
    },
    "dissonance": {
        "dmean": 0.0162330921739,
        "dmean2": 0.0269458666444,
        "dvar": 0.000242252048338,
        "dvar2": 0.000626518856734,
        "max": 0.5,
        "mean": 0.464086472988,
        "median": 0.468774437904,
        "min": 0.147606939077,
        "var": 0.000619420025032
    },
    "dynamic_complexity": 2.67517828941,
    "erbbands_crest": {
        "dmean": 2.26787137985,
        "dmean2": 3.54012084007,
        "dvar": 4.6097536087,
        "dvar2": 10.6817131042,
        "max": 30.1501731873,
        "mean": 8.58846855164,
        "median": 7.73964118958,
        "min": 2.25856184959,
        "var": 15.0447340012
    },
    "erbbands_flatness_db": {
        "dmean": 0.0187034979463,
        "dmean2": 0.0255265086889,
        "dvar": 0.000353324023308,
        "dvar2": 0.000660595833324,
        "max": 0.405307173729,
        "mean": 0.142791509628,
        "median": 0.142822608352,
        "min": 0.0427149049938,
        "var": 0.00202450226061
    },
    "erbbands_kurtosis": {
        "dmean": 0.665414988995,
        "dmean2": 1.03093743324,
        "dvar": 1.60639333725,
        "dvar2": 3.54695224762,
        "max": 77.8167419434,
        "mean": 0.185095265508,
        "median": -0.222489833832,
        "min": -1.78566229343,
        "var": 4.08121013641
    },
    "erbbands_skewness": {
        "dmean": 0.289376199245,
        "dmean2": 0.429297298193,
        "dvar": 0.082088328898,
        "dvar2": 0.174952939153,
        "max": 4.10404825211,
        "mean": 0.207093328238,
        "median": 0.210085093975,
        "min": -6.86119365692,
        "var": 0.371751368046
    },
    "erbbands_spread": {
        "dmean": 8.50105476379,
        "dmean2": 11.9198884964,
        "dvar": 87.9903335571,
        "dvar2": 162.73815918,
        "max": 159.360015869,
        "mean": 40.7458686829,
        "median": 36.3904953003,
        "min": 3.67301034927,
        "var": 401.597351074
    },
    "hfc": {
        "dmean": 8.24245929718,
        "dmean2": 11.1717567444,
        "dvar": 126.024093628,
        "dvar2": 252.481704712,
        "max": 325.2840271,
        "mean": 28.1978378296,
        "median": 22.3152999878,
        "min": 1.23577540967e-16,
        "var": 480.248352051
    },
    "melbands_crest": {
        "dmean": 2.92364811897,
        "dmean2": 4.73214435577,
        "dvar": 6.94260215759,
        "dvar2": 17.0042972565,
        "max": 34.0021820068,
        "mean": 12.223074913,
        "median": 11.2827825546,
        "min": 1.86621427536,
        "var": 23.2678356171
    },
    "melbands_flatness_db": {
        "dmean": 0.0208083763719,
        "dmean2": 0.0313061960042,
        "dvar": 0.00042656090227,
        "dvar2": 0.000979791395366,
        "max": 0.557275772095,
        "mean": 0.160889476538,
        "median": 0.154929131269,
        "min": 0.00640227086842,
        "var": 0.00235948851332
    },
    "melbands_kurtosis": {
        "dmean": 4.30086708069,
        "dmean2": 6.69111967087,
        "dvar": 51.6580696106,
        "dvar2": 120.710227966,
        "max": 170.746276855,
        "mean": 8.75223827362,
        "median": 5.04908847809,
        "min": -1.93909037113,
        "var": 135.032455444
    },
    "melbands_skewness": {
        "dmean": 0.566388428211,
        "dmean2": 0.862617611885,
        "dvar": 0.360230088234,
        "dvar2": 0.818480432034,
        "max": 11.5007305145,
        "mean": 2.25194191933,
        "median": 2.05307197571,
        "min": -1.81378567219,
        "var": 1.80333888531
    },
    "melbands_spread": {
        "dmean": 6.89701080322,
        "dmean2": 10.6267738342,
        "dvar": 78.3726119995,
        "dvar2": 177.778381348,
        "max": 202.645812988,
        "mean": 27.1642875671,
        "median": 24.5729084015,
        "min": 1.32954907417,
        "var": 300.497955322
    },
    "pitch_salience": {
        "dmean": 0.0609122924507,
        "dmean2": 0.0987511798739,
        "dvar": 0.00284263887443,
        "dvar2": 0.00730476062745,
        "max": 0.96147608757,
        "mean": 0.606482446194,
        "median": 0.61547511816,
        "min": 0.120687715709,
        "var": 0.00812534801662
    },
    "silence_rate_20dB": {
        "dmean": 0,
        "dmean2": 0,
        "dvar": 0,
        "dvar2": 0,
        "max": 1,
        "mean": 1,
        "median": 1,
        "min": 1,
        "var": 0
    },
    "silence_rate_30dB": {
        "dmean": 0,
        "dmean2": 0,
        "dvar": 0,
        "dvar2": 0,
        "max": 1,
        "mean": 1,
        "median": 1,
        "min": 1,
        "var": 0
    },
    "silence_rate_60dB": {
        "dmean": 0.00429936312139,
        "dmean2": 0.00859941076487,
        "dvar": 0.00428113946691,
        "dvar2": 0.00979914795607,
        "max": 1,
        "mean": 0.0261125713587,
        "median": 0,
        "min": 0,
        "var": 0.0254279337823
    },
    "spectral_centroid": {
        "dmean": 224.746871948,
        "dmean2": 346.331085205,
        "dvar": 80237.8515625,
        "dvar2": 175639.234375,
        "max": 10926.0146484,
        "mean": 1261.24072266,
        "median": 1198.38208008,
        "min": 195.534606934,
        "var": 319556.46875
    },
    "spectral_complexity": {
        "dmean": 3.32659244537,
        "dmean2": 5.19181442261,
        "dvar": 13.242559433,
        "dvar2": 28.5837593079,
        "max": 55,
        "mean": 22.1863708496,
        "median": 21,
        "min": 0,
        "var": 73.0451278687
    },
    "spectral_decrease": {
        "dmean": 1.24260035594e-09,
        "dmean2": 1.89051752031e-09,
        "dvar": 1.84870214015e-18,
        "dvar2": 3.8987181211e-18,
        "max": 3.49330807337e-11,
        "mean": -6.23244034159e-09,
        "median": -5.90206861162e-09,
        "min": -1.6823602067e-08,
        "var": 1.14134339561e-17
    },
    "spectral_energy": {
        "dmean": 0.00510081509128,
        "dmean2": 0.00768249109387,
        "dvar": 3.10740288114e-05,
        "dvar2": 6.49636131129e-05,
        "max": 0.0685239508748,
        "mean": 0.0260803252459,
        "median": 0.0245778895915,
        "min": 1.12600001273e-20,
        "var": 0.000196899505681
    },
    "spectral_energyband_high": {
        "dmean": 0.000703231489751,
        "dmean2": 0.000948800065089,
        "dvar": 1.42626970501e-06,
        "dvar2": 3.08833864437e-06,
        "max": 0.0326250568032,
        "mean": 0.00124478607904,
        "median": 0.000588969269302,
        "min": 8.00001024744e-21,
        "var": 3.08657695314e-06
    },
    "spectral_energyband_low": {
        "dmean": 0.00178851094097,
        "dmean2": 0.00305394362658,
        "dvar": 8.66410118761e-06,
        "dvar2": 2.30061486945e-05,
        "max": 0.0572564974427,
        "mean": 0.00286800740287,
        "median": 0.00198630895466,
        "min": 1.07420489507e-22,
        "var": 1.04597074824e-05
    },
    "spectral_energyband_middle_high": {
        "dmean": 0.00196595070884,
        "dmean2": 0.00295198103413,
        "dvar": 6.94676782587e-06,
        "dvar2": 1.48119088408e-05,
        "max": 0.0507995299995,
        "mean": 0.00773563468829,
        "median": 0.00494931451976,
        "min": 1.64236468284e-21,
        "var": 5.5587857787e-05
    },
    "spectral_energyband_middle_low": {
        "dmean": 0.00389168923721,
        "dmean2": 0.00594775984064,
        "dvar": 1.82930380106e-05,
        "dvar2": 3.90029817936e-05,
        "max": 0.0612751431763,
        "mean": 0.0152122909203,
        "median": 0.0139457518235,
        "min": 4.01582909288e-22,
        "var": 9.04160842765e-05
    },
    "spectral_entropy": {
        "dmean": 0.170800253749,
        "dmean2": 0.236450344324,
        "dvar": 0.034242529422,
        "dvar2": 0.0665118247271,
        "max": 9.81534481049,
        "mean": 7.7022395134,
        "median": 7.69335746765,
        "min": 4.95341348648,
        "var": 0.149109974504
    },
    "spectral_flux": {
        "dmean": 0.0192375518382,
        "dmean2": 0.0306417960674,
        "dvar": 0.000374377268599,
        "dvar2": 0.000883816566784,
        "max": 0.243397042155,
        "mean": 0.0778982043266,
        "median": 0.0746525451541,
        "min": 1.06113146048e-10,
        "var": 0.00109149026684
    },
    "spectral_kurtosis": {
        "dmean": 1.35691893101,
        "dmean2": 2.09176301956,
        "dvar": 6.40393352509,
        "dvar2": 15.463051796,
        "max": 130.033508301,
        "mean": 4.03021621704,
        "median": 3.70264816284,
        "min": -1.17079639435,
        "var": 15.8715629578
    },
    "spectral_rms": {
        "dmean": 0.00051845231792,
        "dmean2": 0.000777738285251,
        "dvar": 3.2303390185e-07,
        "dvar2": 6.68039206175e-07,
        "max": 0.00817634630948,
        "mean": 0.00481454981491,
        "median": 0.00489677768201,
        "min": 3.31441796751e-12,
        "var": 2.26437555284e-06
    },
    "spectral_rolloff": {
        "dmean": 716.525817871,
        "dmean2": 1170.91101074,
        "dvar": 2077522,
        "dvar2": 4016924,
        "max": 18733.8867188,
        "mean": 2033.14318848,
        "median": 1614.99023438,
        "min": 107.666015625,
        "var": 4013527
    },
    "spectral_skewness": {
        "dmean": 0.202404156327,
        "dmean2": 0.305162847042,
        "dvar": 0.0567167811096,
        "dvar2": 0.123296417296,
        "max": 8.68844795227,
        "mean": 1.57881200314,
        "median": 1.59345126152,
        "min": -1.02878546715,
        "var": 0.19998793304
    },
    "spectral_spread": {
        "dmean": 881194.75,
        "dmean2": 1093750.25,
        "dvar": 1.14719168922e+12,
        "dvar2": 1.76676824678e+12,
        "max": 39774844,
        "mean": 5519134,
        "median": 4845328.5,
        "min": 832175.0625,
        "var": 5.33700542464e+12
    },
    "spectral_strongpeak": {
        "dmean": 0.639610767365,
        "dmean2": 1.06324744225,
        "dvar": 0.993466496468,
        "dvar2": 2.45161581039,
        "max": 12.3107252121,
        "mean": 1.37469244003,
        "median": 0.841841101646,
        "min": 0,
        "var": 2.38035058975
    },
    "zerocrossingrate": {
        "dmean": 0.015584141016,
        "dmean2": 0.0171224623919,
        "dvar": 0.000351930269971,
        "dvar2": 0.000407557410654,
        "max": 0.66796875,
        "mean": 0.0776747763157,
        "median": 0.064453125,
        "min": 0.0078125,
        "var": 0.00230980454944
    },
    "barkbands": {
        "dmean": [1.63962249644e-05, 0.000702511053532, 0.000764731550589, 0.00134235713631, 0.0022507570684, 0.00140131707303, 0.00116167974193, 0.000681985286064, 0.000382221158361, 0.000255084480159, 0.000339595251717, 0.00058734434424, 0.000631748291198, 0.000623410509434, 0.000529632729013, 0.000292050332064, 0.000266360642854, 0.000126112063299, 0.000101031859231, 0.000124551719637, 9.74981157924e-05, 0.000153260712977, 8.56577971717e-05, 0.000131997381686, 0.000148016246385, 0.000110467568447, 2.01802613446e-05],
        "dmean2": [2.74154808722e-05, 0.00118509214371, 0.00132132391445, 0.00229131779633, 0.00347115844488, 0.00209775054827, 0.00178538018372, 0.00102049997076, 0.000562176515814, 0.000392908492358, 0.000513904262334, 0.000866698508617, 0.00098488049116, 0.000975455157459, 0.00083662342513, 0.000453853601357, 0.000415585440351, 0.000205890304642, 0.000159991002874, 0.000200696158572, 0.000151708140038, 0.000248739670496, 0.000120162556414, 0.000171515828697, 0.000177529087523, 0.000145609970787, 2.70991877187e-05],
        "dvar": [1.21744536674e-09, 3.84428676625e-06, 1.62893877587e-06, 3.54616372533e-06, 9.66097650235e-06, 4.62410616819e-06, 4.02026125812e-06, 1.98975317289e-06, 7.74731574893e-07, 2.12691702473e-07, 6.78342530591e-07, 1.83631880191e-06, 1.40641202506e-06, 1.84157215699e-06, 1.0967481785e-06, 2.47650348228e-07, 1.95103538658e-07, 4.20466435003e-08, 9.09668429472e-08, 2.52652313293e-07, 7.26272872953e-08, 2.27129163477e-07, 2.25455529801e-08, 4.3209116285e-08, 7.13865091484e-08, 5.21779774942e-08, 1.69783864745e-09],
        "dvar2": [3.02446934164e-09, 1.03395514088e-05, 4.3434406507e-06, 9.51558376983e-06, 2.09014579013e-05, 9.86085524346e-06, 8.92395655683e-06, 3.93492109652e-06, 1.6489416339e-06, 5.36623872449e-07, 1.326322149e-06, 3.79344442081e-06, 3.31133287546e-06, 3.94932430936e-06, 2.66298479801e-06, 5.37298490144e-07, 4.5075557864e-07, 1.0464918887e-07, 1.96898511717e-07, 5.82964162277e-07, 1.69623845636e-07, 6.40362600279e-07, 4.83735185242e-08, 8.29126705071e-08, 1.06510825049e-07, 1.00039137862e-07, 2.91196378122e-09],
        "max": [0.000666541629471, 0.0526509582996, 0.0403693169355, 0.0300824418664, 0.0534404367208, 0.0506114885211, 0.0395400673151, 0.0270524546504, 0.0286410525441, 0.0116039924324, 0.0299999713898, 0.0410206802189, 0.0277404002845, 0.031991943717, 0.030432401225, 0.0126777766272, 0.0103862723336, 0.00432010227814, 0.015437817201, 0.0218500774354, 0.00892831478268, 0.00955226551741, 0.00549672683701, 0.0081531163305, 0.00951254274696, 0.00685051921755, 0.00146118050907],
        "mean": [1.84120253834e-05, 0.000918124220334, 0.000988171668723, 0.00203576078638, 0.004912099801, 0.00320083112456, 0.00266426010057, 0.00145271117799, 0.00089564290829, 0.000479684822494, 0.000810951692984, 0.00115001539234, 0.00118328153621, 0.00115496502258, 0.00117420114111, 0.000627128581982, 0.000618434103671, 0.000237267784541, 0.000199384579901, 0.000216832457227, 0.00018017286493, 0.000226562144235, 0.000153996414156, 0.000201404036488, 0.000209978054045, 0.000143636134453, 2.64553782472e-05],
        "median": [7.99278313934e-06, 0.000441879994469, 0.000559664331377, 0.00112592347432, 0.00329580064863, 0.0018814074574, 0.00084320694441, 0.000407665938837, 0.000249904638622, 0.000245732459007, 0.000244724360527, 0.000473081803648, 0.000526890100446, 0.000473838561447, 0.000486749981064, 0.000314381992212, 0.000272227131063, 0.000147307015141, 0.000114356538688, 0.000104567385279, 8.89500079211e-05, 0.000101122837805, 7.61939736549e-05, 7.3383009294e-05, 4.5183194743e-05, 1.50787054736e-05, 3.5504870084e-06],
        "min": [3.31559185097e-24, 4.15034647485e-23, 5.63635310764e-23, 1.01898638297e-23, 7.68661269773e-23, 1.03409617742e-22, 1.14237497284e-22, 3.29459048041e-23, 5.78071717765e-23, 4.0020081236e-23, 4.17026174172e-23, 9.73457260051e-23, 6.88119328656e-23, 6.80669957356e-23, 1.60382275655e-22, 2.15271103844e-22, 1.87402932604e-22, 1.82437741092e-22, 4.28237673616e-22, 3.01781478217e-22, 3.5118355793e-22, 4.34442386491e-22, 7.65531170675e-22, 9.02211407303e-22, 1.44010145356e-21, 2.06685172044e-21, 2.17279727987e-21],
        "var": [1.17301468538e-09, 3.17060084853e-06, 1.9777912712e-06, 7.42879410609e-06, 2.84150373773e-05, 1.62923461176e-05, 1.8222237486e-05, 8.08467666502e-06, 3.30732814291e-06, 5.01246404383e-07, 6.35564174445e-06, 5.81652011533e-06, 3.81952622774e-06, 5.82979373576e-06, 4.3467962314e-06, 8.88106569619e-07, 7.76789079282e-07, 7.48379633819e-08, 1.37504798658e-07, 2.81535932345e-07, 1.13177527794e-07, 2.1529668004e-07, 5.82269770177e-08, 1.18795789206e-07, 1.72337749405e-07, 9.9478221216e-08, 3.25736593254e-09]
    },
    "erbbands": {
        "dmean": [0.0142583213747, 0.185507759452, 0.726014554501, 2.81718254089, 5.90133285522, 8.32322311401, 10.5277776718, 11.386431694, 16.0049304962, 14.3047084808, 14.1667604446, 8.42377185822, 5.52617120743, 8.51909255981, 15.4292678833, 23.2232704163, 25.2632484436, 28.2753505707, 30.4621067047, 21.1774730682, 14.9802684784, 14.2126502991, 7.339594841, 4.57700681686, 5.64968109131, 6.0581908226, 4.07209634781, 5.17019796371, 4.58522796631, 3.97063803673, 2.31616950035, 2.30444955826, 2.53637266159, 1.72934663296, 1.01064348221, 0.620660305023, 0.155944779515, 0.0306858383119, 0.00344831659459, 0.000174648084794],
        "dmean2": [0.0227073132992, 0.322219997644, 1.25130009651, 4.87611818314, 9.37099742889, 13.0209226608, 16.3404579163, 16.8755569458, 25.0250682831, 21.2405719757, 20.954870224, 12.4797267914, 8.27971172333, 13.1883611679, 22.6587848663, 34.5639953613, 39.3367385864, 44.5772743225, 47.0023078918, 33.6004714966, 23.4442329407, 22.1610546112, 11.8820095062, 7.37682199478, 8.9622297287, 9.8048248291, 6.39383840561, 8.45160770416, 7.38240623474, 5.98221063614, 3.17710542679, 3.02647686005, 3.36891651154, 2.15288424492, 1.19842636585, 0.831279695034, 0.206698641181, 0.0423886328936, 0.00477009033784, 0.000233996572206],
        "dvar": [0.00136954430491, 0.269061326981, 1.87381350994, 13.362285614, 91.8795547485, 148.331176758, 245.266998291, 440.083526611, 872.173034668, 825.582580566, 932.145324707, 365.570495605, 103.327445984, 245.347076416, 1435.63769531, 3374.46044922, 1995.23059082, 4453.89892578, 3366.08349609, 1589.55395508, 596.440307617, 641.037109375, 125.08921051, 88.5695343018, 461.189941406, 505.322052002, 135.614715576, 285.804473877, 174.968566895, 82.4017333984, 15.3623657227, 12.5014305115, 19.5064353943, 9.429936409, 3.46862101555, 1.76420927048, 0.0981412753463, 0.00443460932001, 5.21444053447e-05, 1.20459219488e-07],
        "dvar2": [0.00319257378578, 0.74944460392, 5.02419757843, 37.8941688538, 209.712203979, 339.774414062, 548.544006348, 915.644958496, 2008.66357422, 1684.15795898, 1809.27844238, 784.57800293, 229.343673706, 573.717956543, 2717.38378906, 6844.27929688, 4750.38769531, 10212.1083984, 7300.34765625, 3948.35375977, 1334.93041992, 1479.6763916, 309.419219971, 201.134979248, 990.848815918, 1167.23278809, 309.138549805, 785.190368652, 487.552703857, 195.107559204, 33.1670150757, 25.4722957611, 39.9410400391, 15.0646104813, 5.28581237793, 3.51143789291, 0.153156980872, 0.00778299570084, 9.27660730667e-05, 2.105747825e-07],
        "max": [0.983737945557, 13.174033165, 34.7420158386, 63.1768341064, 140.795166016, 265.226867676, 309.675720215, 609.640319824, 691.32598877, 630.798583984, 746.682495117, 618.344116211, 378.233398438, 463.050720215, 1318.44018555, 1652.65441895, 1075.97473145, 1793.21289062, 1880.61181641, 867.430969238, 701.124572754, 726.580810547, 207.64100647, 456.871612549, 1161.14794922, 872.787536621, 356.412506104, 322.264099121, 193.626174927, 329.286499023, 187.928039551, 167.063934326, 154.291870117, 105.41091156, 72.8809127808, 46.8492507935, 10.3751020432, 2.81605839729, 0.292774200439, 0.0104344533756],
        "mean": [0.020304908976, 0.233863845468, 0.996296048164, 4.33094644547, 10.5822286606, 17.5194759369, 23.6119785309, 26.5977993011, 35.8890953064, 33.9193305969, 33.794303894, 20.2884120941, 12.2752189636, 19.0174827576, 43.9724693298, 47.8764572144, 50.9670791626, 56.4219970703, 68.1844024658, 47.6632347107, 34.9893302917, 33.9514541626, 16.3697872162, 9.73433208466, 10.8603162766, 10.7777910233, 7.52060317993, 7.89744281769, 7.30254030228, 6.49897050858, 4.22460412979, 3.83189249039, 3.50228047371, 2.45622992516, 1.42065858841, 0.794151723385, 0.215011075139, 0.0414288491011, 0.00457472354174, 0.000253586855251],
        "median": [0.0102220484987, 0.108337700367, 0.577580988407, 2.7960164547, 6.47952795029, 11.2981233597, 14.7381925583, 14.8303070068, 12.4875993729, 12.0853700638, 10.0306129456, 6.53559970856, 5.91296815872, 10.2300405502, 15.7778930664, 19.2738952637, 24.9650001526, 21.1650047302, 31.3720684052, 21.2926330566, 19.8451061249, 14.0843353271, 10.2445430756, 6.15275382996, 5.7716960907, 5.43265533447, 3.96787166595, 3.37073278427, 3.53625917435, 2.76876831055, 2.11724829674, 1.60053014755, 1.07667398453, 0.617404639721, 0.266751408577, 0.0909289419651, 0.0230472479016, 0.00445474404842, 0.000626842724159, 7.35960202292e-05],
        "min": [2.77636250822e-22, 1.28006078624e-20, 6.67437366738e-20, 4.72179929116e-20, 2.07307875871e-20, 2.51457555392e-19, 7.83260475653e-19, 8.60390466581e-19, 1.52823644762e-18, 1.52726595796e-18, 8.2901193873e-19, 1.01924047366e-18, 1.15945224038e-18, 2.01470012509e-18, 1.829048122e-18, 4.2523622348e-18, 3.12986180675e-18, 3.1980820802e-18, 4.65354359111e-18, 1.45125083072e-17, 8.84601422725e-18, 1.07293489721e-17, 1.05171233782e-17, 1.47661466985e-17, 2.21866135745e-17, 1.61967936182e-17, 1.29951075121e-17, 1.4877293303e-17, 1.70193354019e-17, 1.57520781598e-17, 2.08293706623e-17, 1.9031855906e-17, 1.55499532684e-17, 1.45257580863e-17, 1.09105255145e-17, 7.05123578444e-18, 3.76405683969e-18, 1.45370230455e-18, 3.02754049555e-19, 3.27746439346e-20],
        "var": [0.00138995016459, 0.208514109254, 2.04354286194, 24.8046092987, 170.103439331, 439.914245605, 854.641845703, 1538.18884277, 3784.33666992, 3658.75170898, 4052.50830078, 1565.31201172, 349.260009766, 820.831481934, 15007.9697266, 9037.69921875, 5526.54541016, 12422.4238281, 13536.8408203, 5260.89160156, 2001.41882324, 2517.35327148, 317.256378174, 157.944992065, 610.176269531, 587.873352051, 189.413421631, 288.155303955, 182.634658813, 141.620559692, 43.427936554, 44.3096046448, 39.7835426331, 21.4024543762, 8.54987430573, 3.18122458458, 0.214362680912, 0.00832435302436, 9.77997260634e-05, 2.32750636542e-07]
    },
    "gfcc": {
        "mean": [28.1531600952, 71.6014328003, -116.53213501, 18.0563831329, -58.0431480408, 8.99236869812, -54.1626853943, -8.09988212585, -27.3903675079, 1.4887701273, -16.513130188, -0.902251243591, -11.7118272781],
        "cov": [[5667.12939453, -764.836608887, 262.247924805, -185.606292725, 117.46761322, 99.8014297485, -90.2078094482, 244.54019165, 33.0052986145, 183.994003296, -47.5353736877, 43.4986305237, -141.752243042], [-764.836608887, 1483.76879883, -575.940185547, 121.299804688, -50.1099586487, -133.722976685, 109.584617615, -133.603408813, 138.99559021, -108.106918335, 69.3781356812, -87.6451416016, 61.0904808044], [262.247924805, -575.940185547, 860.945922852, -3.41862368584, 121.887870789, 154.995834351, -66.6556930542, 109.221366882, -94.4086608887, 33.6898117065, -21.1794071198, 80.7384109497, -7.06632232666], [-185.606292725, 121.299804688, -3.41862368584, 358.053131104, 17.4240703583, 50.5623397827, 18.6150245667, -55.9529762268, 12.1530685425, -28.8919143677, 11.3098573685, 8.77606487274, 42.6855049133], [117.46761322, -50.1099586487, 121.887870789, 17.4240703583, 163.578964233, 42.8797187805, -5.37569618225, 41.2679367065, -4.8821182251, 16.0144367218, 3.42793488503, 17.9847564697, 2.34935545921], [99.8014297485, -133.722976685, 154.995834351, 50.5623397827, 42.8797187805, 175.897247314, 36.5153923035, 58.1039962769, -43.2995567322, 9.49162101746, 2.84491968155, 11.3973112106, 6.17868566513], [-90.2078094482, 109.584617615, -66.6556930542, 18.6150245667, -5.37569618225, 36.5153923035, 161.310836792, 20.3841304779, 18.344953537, -7.03257465363, 9.21844673157, -10.463145256, -17.7476863861], [244.54019165, -133.603408813, 109.221366882, -55.9529762268, 41.2679367065, 58.1039962769, 20.3841304779, 130.113449097, 1.14461314678, 30.3462181091, 2.08445858955, 10.9692659378, -6.96361923218], [33.0052986145, 138.99559021, -94.4086608887, 12.1530685425, -4.8821182251, -43.2995567322, 18.344953537, 1.14461314678, 131.348983765, 34.4598731995, 2.67386555672, -11.2878360748, -5.55041217804], [183.994003296, -108.106918335, 33.6898117065, -28.8919143677, 16.0144367218, 9.49162101746, -7.03257465363, 30.3462181091, 34.4598731995, 83.3283157349, 17.8765907288, 8.77959442139, -16.3921756744], [-47.5353736877, 69.3781356812, -21.1794071198, 11.3098573685, 3.42793488503, 2.84491968155, 9.21844673157, 2.08445858955, 2.67386555672, 17.8765907288, 57.5354690552, 17.5252819061, 5.44049882889], [43.4986305237, -87.6451416016, 80.7384109497, 8.77606487274, 17.9847564697, 11.3973112106, -10.463145256, 10.9692659378, -11.2878360748, 8.77959442139, 17.5252819061, 62.9090423584, 25.5791492462], [-141.752243042, 61.0904808044, -7.06632232666, 42.6855049133, 2.34935545921, 6.17868566513, -17.7476863861, -6.96361923218, -5.55041217804, -16.3921756744, 5.44049882889, 25.5791492462, 69.5297088623]],
        "icov": [[0.000223196184379, 8.86573980097e-06, 8.32982987049e-05, -2.78799088846e-05, -4.05031751143e-05, -9.25850472413e-05, 0.000224176008487, -0.000349429348717, -8.55908911035e-06, -0.000278963241726, 0.000351592694642, -0.000406820239732, 0.000560351880267], [8.86573980097e-06, 0.00167475477792, 0.000343453750247, 9.93720459519e-05, -0.00056687486358, 0.000342662853654, -0.000729308405425, 0.000741608731914, -0.00180461525451, 0.00255474401638, -0.00314796017483, 0.00268534570932, -0.00188603170682], [8.32982987049e-05, 0.000343453750247, 0.00217476626858, -0.000170241037267, -0.000776227330789, -0.00119093677495, 0.000973977032118, -0.000852893048432, 0.000448627368314, 0.000111979679787, 0.0010045390809, -0.00235786894336, 0.00133988494053], [-2.78799088846e-05, 9.93720459519e-05, -0.000170241037267, 0.00392868742347, -0.000603846507147, -0.00194447883405, -0.000409310596297, 0.00265854247846, -0.00160068331752, 0.00140285119414, -0.00120026804507, 0.000533957965672, -0.00211792602204], [-4.05031751143e-05, -0.00056687486358, -0.000776227330789, -0.000603846507147, 0.00755765289068, -0.000716157257557, 0.000615397992078, -0.00185940181836, 0.000259716558503, -0.00114032952115, 0.00079842179548, -0.00161543977447, 0.000770167156588], [-9.25850472413e-05, 0.000342662853654, -0.00119093677495, -0.00194447883405, -0.000716157257557, 0.0103194750845, -0.00303019257262, -0.00320225278847, 0.00341164716519, -0.00173226243351, -0.000643162580673, 0.00278633157723, -0.00251490902156], [0.000224176008487, -0.000729308405425, 0.000973977032118, -0.000409310596297, 0.000615397992078, -0.00303019257262, 0.00881496351212, -0.00224264594726, -0.00114307471085, 0.00148182967678, 0.000206308570341, -0.00260453787632, 0.00492215109989], [-0.000349429348717, 0.000741608731914, -0.000852893048432, 0.00265854247846, -0.00185940181836, -0.00320225278847, -0.00224264594726, 0.0132501088083, -0.00221937289461, -0.000734367989935, -0.00181743968278, 0.00179617898539, -0.00284968689084], [-8.55908911035e-06, -0.00180461525451, 0.000448627368314, -0.00160068331752, 0.000259716558503, 0.00341164716519, -0.00114307471085, -0.00221937289461, 0.0135265123099, -0.00921321474016, 0.00532899424434, -0.00145116413478, 0.000795004656538], [-0.000278963241726, 0.00255474401638, 0.000111979679787, 0.00140285119414, -0.00114032952115, -0.00173226243351, 0.00148182967678, -0.000734367989935, -0.00921321474016, 0.0235700942576, -0.011240680702, 0.00186413223855, 0.00184903678019], [0.000351592694642, -0.00314796017483, 0.0010045390809, -0.00120026804507, 0.00079842179548, -0.000643162580673, 0.000206308570341, -0.00181743968278, 0.00532899424434, -0.011240680702, 0.0288205202669, -0.0128295719624, 0.00446249544621], [-0.000406820239732, 0.00268534570932, -0.00235786894336, 0.000533957965672, -0.00161543977447, 0.00278633157723, -0.00260453787632, 0.00179617898539, -0.00145116413478, 0.00186413223855, -0.0128295719624, 0.0310407336801, -0.0145261846483], [0.000560351880267, -0.00188603170682, 0.00133988494053, -0.00211792602204, 0.000770167156588, -0.00251490902156, 0.00492215109989, -0.00284968689084, 0.000795004656538, 0.00184903678019, 0.00446249544621, -0.0145261846483, 0.0252809375525]]
    },
    "melbands": {
        "dmean": [0.000160570911248, 0.000332130701281, 0.000533175945748, 0.000527197204065, 0.000345390115399, 0.000256596831605, 0.000238466265728, 0.000152896362124, 0.000111653520435, 4.94513369631e-05, 2.97500118904e-05, 3.61721504305e-05, 5.1493934734e-05, 6.74273032928e-05, 6.35602409602e-05, 5.9128524299e-05, 5.4726293456e-05, 5.55325386813e-05, 3.61035490641e-05, 2.35403185798e-05, 1.854153561e-05, 1.70895091287e-05, 1.04766941149e-05, 6.05812238064e-06, 3.7075005821e-06, 4.33831291957e-06, 4.36209620602e-06, 4.19286925535e-06, 2.75390107163e-06, 2.42660894401e-06, 3.71461601389e-06, 3.03332376461e-06, 2.31914373217e-06, 2.19603953155e-06, 1.37091910801e-06, 1.2791467725e-06, 1.49400307237e-06, 1.73193893716e-06, 1.89418994978e-06, 1.32072239012e-06],
        "dmean2": [0.000263779686065, 0.000574090634473, 0.000900380022358, 0.00080960401101, 0.000536290870514, 0.000380240555387, 0.000369642686564, 0.000226226009545, 0.000164436351042, 7.30864194338e-05, 4.46930280305e-05, 5.60306434636e-05, 7.75003791205e-05, 9.83192730928e-05, 9.81738194241e-05, 9.24526902963e-05, 8.60576765263e-05, 8.56162951095e-05, 5.75056983507e-05, 3.66804742953e-05, 2.94536839647e-05, 2.66286915576e-05, 1.68352144101e-05, 1.00726019809e-05, 5.99923350819e-06, 6.91625200488e-06, 6.92264529789e-06, 6.86445400788e-06, 4.41139263785e-06, 3.79529160455e-06, 6.25260190645e-06, 5.0533931244e-06, 3.55322754331e-06, 3.34476021635e-06, 1.93915411728e-06, 1.76672756425e-06, 2.00733666134e-06, 2.33065134125e-06, 2.52353538599e-06, 1.7347508674e-06],
        "dvar": [1.91987751919e-07, 4.77819583011e-07, 5.18262822879e-07, 6.31580178378e-07, 2.31672473205e-07, 1.91482030232e-07, 1.7624937243e-07, 8.63551790076e-08, 5.63301192358e-08, 1.21492709226e-08, 2.97975977226e-09, 4.46562786749e-09, 1.53878083609e-08, 2.28879937225e-08, 1.82979622565e-08, 1.40084708278e-08, 1.63883306925e-08, 1.20766276979e-08, 6.17129236602e-09, 1.85037452027e-09, 9.62744328703e-10, 9.90921789068e-10, 2.91449669954e-10, 1.06978065295e-10, 5.84744822008e-11, 2.19031598414e-10, 3.63174545992e-10, 2.37825870109e-10, 6.58306673063e-11, 5.14283372832e-11, 2.10302469883e-10, 1.17739998307e-10, 3.22058976709e-11, 2.22952038775e-11, 6.14276858546e-12, 4.59668631284e-12, 5.72567817811e-12, 8.73939549201e-12, 1.29678203939e-11, 5.77585028416e-12],
        "dvar2": [4.9382697398e-07, 1.29701402329e-06, 1.35928155487e-06, 1.30598459691e-06, 5.3193440408e-07, 3.98614332653e-07, 4.03295445039e-07, 1.75088473497e-07, 1.08667357779e-07, 2.52624339225e-08, 6.68083544042e-09, 1.06804964872e-08, 3.1415115842e-08, 4.60099123245e-08, 4.06658529073e-08, 3.25076818797e-08, 3.69576689252e-08, 2.52303173909e-08, 1.511717862e-08, 4.07479383568e-09, 2.22013252227e-09, 2.2498465313e-09, 7.29911964203e-10, 2.6808213982e-10, 1.36987823862e-10, 4.835921108e-10, 7.83829168238e-10, 5.79543357748e-10, 1.55730081608e-10, 1.20894294575e-10, 6.07684569331e-10, 3.40218769823e-10, 7.78580325211e-11, 5.19704834723e-11, 1.35054918637e-11, 1.07027711346e-11, 1.20410287643e-11, 1.82263041465e-11, 2.51328437229e-11, 9.08426198848e-12],
        "max": [0.012339418754, 0.0125545905903, 0.00982286315411, 0.0148347737268, 0.0105243828148, 0.0121445488185, 0.00926505681127, 0.00608947081491, 0.00583364535123, 0.00413336930797, 0.00182230956852, 0.00194639433175, 0.00486884173006, 0.00496851513162, 0.00390712916851, 0.00325495772995, 0.00353103550151, 0.00345361395739, 0.00253734691069, 0.0011395374313, 0.000831539626233, 0.000882792053744, 0.000489146797918, 0.000217602326302, 0.000390459987102, 0.00070852477802, 0.00113148777746, 0.000571292475797, 0.000305373745505, 0.00023397107725, 0.000240132139879, 0.000169622289832, 0.000262116634985, 0.000119519580039, 8.92276366358e-05, 0.000118122203276, 0.00011166807235, 9.82757919701e-05, 0.000121870027215, 8.46694674692e-05],
        "mean": [0.00021912829834, 0.000449226412456, 0.000889825867489, 0.00108933681622, 0.000816865765955, 0.000607573369052, 0.000537486572284, 0.000353922281647, 0.000266514223767, 0.00011349030683, 6.13986994722e-05, 7.43066921132e-05, 0.000132490793476, 0.000140893636853, 0.000114475093142, 0.000113258523925, 0.000102525853436, 0.000112041147077, 8.17555919639e-05, 4.90090824314e-05, 3.84447048418e-05, 3.79406665161e-05, 2.19951525651e-05, 1.07102796392e-05, 7.19437502994e-06, 8.00233010523e-06, 7.67722940509e-06, 6.9604438977e-06, 4.62764319309e-06, 4.32642582382e-06, 4.88502155349e-06, 4.32673641626e-06, 3.8919065446e-06, 3.41999225384e-06, 2.40820645558e-06, 2.20590550271e-06, 2.36363030126e-06, 2.42637361225e-06, 2.40612007474e-06, 1.94671065401e-06],
        "median": [0.000113073467219, 0.000250107754255, 0.000578465522267, 0.000697483250406, 0.000553924706765, 0.000338431680575, 0.000188155740034, 0.000120610537124, 7.41231488064e-05, 3.56105920218e-05, 2.93386619887e-05, 4.10775246564e-05, 4.59234543086e-05, 5.80495870963e-05, 4.87923098262e-05, 4.85474738525e-05, 3.68701948901e-05, 4.98858680658e-05, 3.06230176648e-05, 2.20089095819e-05, 2.14160972973e-05, 1.46938145917e-05, 1.08827707663e-05, 6.71110456096e-06, 4.34021058027e-06, 4.39411951447e-06, 3.58621150554e-06, 3.38305130754e-06, 2.44185548581e-06, 2.02387604986e-06, 1.86691079307e-06, 2.01152442969e-06, 1.75759771537e-06, 1.40663723869e-06, 1.21770040096e-06, 1.00077272691e-06, 9.30728162984e-07, 7.77825505338e-07, 5.97022392412e-07, 4.86051249027e-07],
        "min": [6.77397068124e-24, 2.9625759648e-23, 7.51550229873e-24, 6.16786123763e-24, 2.57303140109e-23, 2.05278489162e-23, 2.364161386e-23, 1.44295817765e-23, 6.75983823812e-24, 6.80511412092e-24, 5.85336053851e-24, 8.04859477695e-24, 5.17343816886e-24, 1.13497725615e-23, 8.60007402516e-24, 5.9417583194e-24, 6.38672162388e-24, 5.58367147756e-24, 1.77292686139e-23, 1.57486660728e-23, 9.78858369788e-24, 1.13474817094e-23, 8.88780394059e-24, 1.03702936737e-23, 1.16608780032e-23, 1.72079120193e-23, 1.23382768069e-23, 1.04648970289e-23, 7.11646805388e-24, 9.39620507248e-24, 8.19408597143e-24, 8.76749791938e-24, 9.35263786241e-24, 9.52966061612e-24, 1.12970466763e-23, 1.30708201432e-23, 1.20493817439e-23, 1.09188675472e-23, 1.11285885854e-23, 1.27275457426e-23],
        "var": [1.69288213669e-07, 4.64204362061e-07, 1.01006321529e-06, 1.84936220649e-06, 8.27081123589e-07, 6.9274881298e-07, 7.43857583529e-07, 3.73922574681e-07, 2.51377230143e-07, 5.37268931566e-08, 9.31818266992e-09, 1.23939791763e-08, 1.4211499888e-07, 8.20413958991e-08, 4.35661711151e-08, 3.94873183041e-08, 4.6050555369e-08, 4.42848282489e-08, 2.64210999745e-08, 6.01736349637e-09, 2.60343369085e-09, 3.60572482982e-09, 9.78410796826e-10, 1.55651755374e-10, 1.00608549269e-10, 2.99717944907e-10, 4.4206543981e-10, 2.56371257557e-10, 7.78338157814e-11, 8.605676588e-11, 1.63404692555e-10, 9.749001606e-11, 5.30403464205e-11, 3.82681733524e-11, 1.3998971253e-11, 1.46208462004e-11, 1.89157595837e-11, 1.86387363876e-11, 2.26854160457e-11, 1.32881605025e-11]
    },
    "mfcc": {
        "mean": [-615.980957031, 109.962913513, -3.33653616905, 7.98999261856, 8.32883358002, 7.24203491211, -10.6737728119, -10.7442293167, -10.2612295151, -8.09572601318, -6.81425476074, -2.90500354767, -1.37732291222],
        "cov": [[4378.20751953, -246.342025757, -174.835494995, -107.595504761, 56.4874534607, -52.774105072, -48.0604133606, 8.48785114288, 64.9561386108, 106.694503784, 129.916397095, 119.482566833, 29.4138755798], [-246.342025757, 889.0859375, -250.971832275, 20.9731292725, -99.6762237549, -34.8539085388, -66.8663330078, -3.60086894035, -4.13614082336, 0.307858943939, 13.2484359741, 9.47444820404, 7.17185735703], [-174.835494995, -250.971832275, 540.101379395, 2.9125790596, 155.303466797, 34.943069458, 95.8630752563, 47.6014823914, 8.07401943207, -9.41752910614, -29.5667819977, -11.4938173294, -8.76472091675], [-107.595504761, 20.9731292725, 2.9125790596, 234.223251343, 17.362329483, 74.9311218262, -29.371137619, 12.6690998077, -1.5254573822, -11.9244318008, -16.6735973358, -13.4405155182, 7.47185707092], [56.4874534607, -99.6762237549, 155.303466797, 17.362329483, 231.013839722, 10.463549614, 37.4468345642, 4.22156858444, 8.46915721893, -4.4989900589, -19.0535926819, -3.0142185688, -6.73445510864], [-52.774105072, -34.8539085388, 34.943069458, 74.9311218262, 10.463549614, 134.414093018, 30.2711086273, 21.6720237732, 7.04975318909, 0.447501987219, 1.61280584335, 1.5678589344, -0.252187430859], [-48.0604133606, -66.8663330078, 95.8630752563, -29.371137619, 37.4468345642, 30.2711086273, 177.298309326, 60.500869751, 5.16446113586, 2.21637272835, -6.26883125305, 11.9245300293, 3.00045180321], [8.48785114288, -3.60086894035, 47.6014823914, 12.6690998077, 4.22156858444, 21.6720237732, 60.500869751, 87.951461792, 32.4724273682, 8.98906898499, -4.43778991699, 7.32459020615, 5.68538093567], [64.9561386108, -4.13614082336, 8.07401943207, -1.5254573822, 8.46915721893, 7.04975318909, 5.16446113586, 32.4724273682, 73.8419799805, 33.5665092468, 7.48346042633, 7.9901304245, 0.715782344341], [106.694503784, 0.307858943939, -9.41752910614, -11.9244318008, -4.4989900589, 0.447501987219, 2.21637272835, 8.98906898499, 33.5665092468, 77.3078460693, 44.8428077698, 19.4181346893, -1.14137876034], [129.916397095, 13.2484359741, -29.5667819977, -16.6735973358, -19.0535926819, 1.61280584335, -6.26883125305, -4.43778991699, 7.48346042633, 44.8428077698, 89.7676620483, 37.523563385, 1.64742970467], [119.482566833, 9.47444820404, -11.4938173294, -13.4405155182, -3.0142185688, 1.5678589344, 11.9245300293, 7.32459020615, 7.9901304245, 19.4181346893, 37.523563385, 65.9788970947, 13.3307275772], [29.4138755798, 7.17185735703, -8.76472091675, 7.47185707092, -6.73445510864, -0.252187430859, 3.00045180321, 5.68538093567, 0.715782344341, -1.14137876034, 1.64742970467, 13.3307275772, 60.4097442627]],
