{
"lowlevel": {
    "average_loudness": 0.85065984726,
    "barkbands_crest": {
        "dmean": 2.83765220642,
        "dmean2": 4.56646203995,
        "dvar": 7.07059049606,
        "dvar2": 17.3210926056,
        "max": 26.3953304291,
        "mean": 13.1620340347,
        "median": 12.8124828339,
        "min": 2.26046657562,
        "var": 25.1796112061
    },
    "barkbands_flatness_db": {
        "dmean": 0.0244012922049,
        "dmean2": 0.0377807915211,
        "dvar": 0.000653010152746,
        "dvar2": 0.00140731874853,
        "max": 0.618509173393,
        "mean": 0.163754090667,
        "median": 0.153868660331,
        "min": 0.0164096001536,
        "var": 0.00625743251294
    },
    "barkbands_kurtosis": {
        "dmean": 5.33307695389,
        "dmean2": 8.21437263489,
        "dvar": 93.5863952637,
        "dvar2": 196.762741089,
        "max": 389.515991211,
        "mean": 9.78447723389,
        "median": 4.49907827377,
        "min": -1.7538536787,
        "var": 320.473327637
    },
    "barkbands_skewness": {
        "dmean": 0.669600605965,
        "dmean2": 1.04581940174,
        "dvar": 0.550131201744,
        "dvar2": 1.21370863914,
        "max": 16.2428035736,
        "mean": 2.27316570282,
        "median": 1.99563241005,
        "min": -2.06120944023,
        "var": 2.3193898201
    },
    "barkbands_spread": {
        "dmean": 5.04989528656,
        "dmean2": 8.23006534576,
        "dvar": 51.6414146423,
        "dvar2": 122.76473999,
        "max": 84.0559234619,
        "mean": 17.842376709,
        "median": 14.2077159882,
        "min": 0.157835453749,
        "var": 200.771575928
    },
    "dissonance": {
        "dmean": 0.0223440006375,
        "dmean2": 0.0378547795117,
        "dvar": 0.000528149830643,
        "dvar2": 0.0014712997945,
        "max": 0.500000119209,
        "mean": 0.453533470631,
        "median": 0.462290734053,
        "min": 0.170470133424,
        "var": 0.00131432933267
    },
    "dynamic_complexity": 2.98369550705,
    "erbbands_crest": {
        "dmean": 3.08246135712,
        "dmean2": 4.97018909454,
        "dvar": 8.11705303192,
        "dvar2": 20.1293563843,
        "max": 32.6495742798,
        "mean": 11.2312450409,
        "median": 9.73492908478,
        "min": 2.59788990021,
        "var": 35.7999954224
    },
    "erbbands_flatness_db": {
        "dmean": 0.0171206723899,
        "dmean2": 0.0262959189713,
        "dvar": 0.000307266192976,
        "dvar2": 0.000670562090818,
        "max": 0.520567655563,
        "mean": 0.159735754132,
        "median": 0.133493036032,
        "min": 0.0507032386959,
        "var": 0.00616068160161
    },
    "erbbands_kurtosis": {
        "dmean": 1.58587157726,
        "dmean2": 2.5029156208,
        "dvar": 14.1768083572,
        "dvar2": 30.8175468445,
        "max": 173.297622681,
        "mean": 2.09713840485,
        "median": 0.0668969154358,
        "min": -1.80319654942,
        "var": 63.3418540955
    },
    "erbbands_skewness": {
        "dmean": 0.405344337225,
        "dmean2": 0.635405659676,
        "dvar": 0.171683222055,
        "dvar2": 0.404532790184,
        "max": 10.8210945129,
        "mean": 0.781399071217,
        "median": 0.553543925285,
        "min": -1.67285943031,
        "var": 1.21439611912
    },
    "erbbands_spread": {
        "dmean": 7.20517206192,
        "dmean2": 11.2822799683,
        "dvar": 49.8089027405,
        "dvar2": 116.864501953,
        "max": 122.171310425,
        "mean": 37.4836769104,
        "median": 36.5567550659,
        "min": 0.443624079227,
        "var": 389.454528809
    },
    "hfc": {
        "dmean": 5.62181949615,
        "dmean2": 8.9194726944,
        "dvar": 101.282585144,
        "dvar2": 252.674179077,
        "max": 133.60585022,
        "mean": 20.4779758453,
        "median": 14.9858045578,
        "min": 1.159292305e-16,
        "var": 344.122009277
    },
    "melbands_crest": {
        "dmean": 3.52234530449,
        "dmean2": 5.64714765549,
        "dvar": 10.6176786423,
        "dvar2": 25.769115448,
        "max": 33.2264137268,
        "mean": 17.6132526398,
        "median": 17.7890777588,
        "min": 1.7661895752,
        "var": 31.5887775421
    },
    "melbands_flatness_db": {
        "dmean": 0.0291088633239,
        "dmean2": 0.0450432635844,
        "dvar": 0.000970942201093,
        "dvar2": 0.00202843407169,
        "max": 0.771141171455,
        "mean": 0.248146772385,
        "median": 0.251018345356,
        "min": 0.00509425718337,
        "var": 0.00751370703802
    },
    "melbands_kurtosis": {
        "dmean": 10.6022129059,
        "dmean2": 16.7091407776,
        "dvar": 322.46585083,
        "dvar2": 714.922607422,
        "max": 405.770996094,
        "mean": 21.9351139069,
        "median": 13.101559639,
        "min": -1.64485514164,
        "var": 905.23626709
    },
    "melbands_skewness": {
        "dmean": 0.858941912651,
        "dmean2": 1.35609042645,
        "dvar": 0.837613523006,
        "dvar2": 1.89738023281,
        "max": 15.9414234161,
        "mean": 3.27885890007,
        "median": 2.96735191345,
        "min": -1.72138333321,
        "var": 3.56901717186
    },
    "melbands_spread": {
        "dmean": 5.26827907562,
        "dmean2": 8.54728317261,
        "dvar": 62.6855697632,
        "dvar2": 149.705200195,
        "max": 131.844970703,
        "mean": 16.0249290466,
        "median": 11.9548149109,
        "min": 0.322514116764,
        "var": 204.124191284
    },
    "pitch_salience": {
        "dmean": 0.0757122188807,
        "dmean2": 0.11922262609,
        "dvar": 0.0051287044771,
        "dvar2": 0.0116470027715,
        "max": 0.901978611946,
        "mean": 0.468041211367,
        "median": 0.471854776144,
        "min": 0.0686400681734,
        "var": 0.0167735721916
    },
    "silence_rate_20dB": {
        "dmean": 0,
        "dmean2": 0,
        "dvar": 0,
        "dvar2": 0,
        "max": 1,
        "mean": 1,
        "median": 1,
        "min": 1,
        "var": 0
    },
    "silence_rate_30dB": {
        "dmean": 0.0384950488806,
        "dmean2": 0.0769961997867,
        "dvar": 0.0370168872178,
        "dvar2": 0.079778522253,
        "max": 1,
        "mean": 0.934737861156,
        "median": 1,
        "min": 0,
        "var": 0.0610076785088
    },
    "silence_rate_60dB": {
        "dmean": 0.0153663363308,
        "dmean2": 0.0307351071388,
        "dvar": 0.015126937069,
        "dvar2": 0.0354952588677,
        "max": 1,
        "mean": 0.0852209702134,
        "median": 0,
        "min": 0,
        "var": 0.077957905829
    },
    "spectral_centroid": {
        "dmean": 233.902084351,
        "dmean2": 373.515808105,
        "dvar": 93313.5703125,
        "dvar2": 206451.125,
        "max": 11464.6220703,
        "mean": 1220.21069336,
        "median": 1067.72998047,
        "min": 105.899742126,
        "var": 378958.0625
    },
    "spectral_complexity": {
        "dmean": 3.2148911953,
        "dmean2": 5.27218008041,
        "dvar": 20.3017044067,
        "dvar2": 45.7563209534,
        "max": 52,
        "mean": 17.0744495392,
        "median": 16,
        "min": 0,
        "var": 102.460678101
    },
    "spectral_decrease": {
        "dmean": 3.43442296824e-09,
        "dmean2": 5.27344923285e-09,
        "dvar": 2.76681757121e-17,
        "dvar2": 5.90937432561e-17,
        "max": -7.90420968661e-29,
        "mean": -1.1269749578e-08,
        "median": -9.63818536093e-09,
        "min": -7.16884400731e-08,
        "var": 1.04811625283e-16
    },
    "spectral_energy": {
        "dmean": 0.0131555348635,
        "dmean2": 0.0201333705336,
        "dvar": 0.000396144896513,
        "dvar2": 0.000845810864121,
        "max": 0.274336248636,
        "mean": 0.0443918965757,
        "median": 0.038191601634,
        "min": 1.08134373033e-20,
        "var": 0.00154633889906
    },
    "spectral_energyband_high": {
        "dmean": 0.000413240486523,
        "dmean2": 0.000677212316077,
        "dvar": 1.01018383702e-06,
        "dvar2": 2.43882050199e-06,
        "max": 0.0115123968571,
        "mean": 0.0010084285168,
        "median": 0.000335560063832,
        "min": 7.8240178786e-21,
        "var": 3.18499041896e-06
    },
    "spectral_energyband_low": {
        "dmean": 0.0115329120308,
        "dmean2": 0.017574256286,
        "dvar": 0.000401982251788,
        "dvar2": 0.000864031200763,
        "max": 0.260201305151,
        "mean": 0.0280344989151,
        "median": 0.0211896356195,
        "min": 8.77824914688e-23,
        "var": 0.00118091166951
    },
    "spectral_energyband_middle_high": {
        "dmean": 0.00131436681841,
        "dmean2": 0.00218003382906,
        "dvar": 3.41023314832e-06,
        "dvar2": 9.237463928e-06,
        "max": 0.0228551849723,
        "mean": 0.00368385645561,
        "median": 0.003007047344,
        "min": 1.61741991652e-21,
        "var": 1.00986344478e-05
    },
    "spectral_energyband_middle_low": {
        "dmean": 0.00560600822791,
        "dmean2": 0.00856205075979,
        "dvar": 0.000120976241305,
        "dvar2": 0.000226674732403,
        "max": 0.168212726712,
        "mean": 0.0139364236966,
        "median": 0.0103757809848,
        "min": 2.61206234542e-22,
        "var": 0.000224282048293
    },
    "spectral_entropy": {
        "dmean": 0.165650770068,
        "dmean2": 0.255618780851,
        "dvar": 0.0326346047223,
        "dvar2": 0.0720538645983,
        "max": 9.78155899048,
        "mean": 7.40592336655,
        "median": 7.4888792038,
        "min": 4.04206705093,
        "var": 0.385735303164
    },
    "spectral_flux": {
        "dmean": 0.0265650711954,
        "dmean2": 0.0423639826477,
        "dvar": 0.00110330036841,
        "dvar2": 0.00256692781113,
        "max": 0.426971912384,
        "mean": 0.0910987183452,
        "median": 0.0764094218612,
        "min": 1.03987679578e-10,
        "var": 0.00397821795195
    },
    "spectral_kurtosis": {
        "dmean": 1.71553981304,
        "dmean2": 2.91054677963,
        "dvar": 12.0209169388,
        "dvar2": 32.1003456116,
        "max": 106.03338623,
        "mean": 5.98214817047,
        "median": 4.06731987,
        "min": -1.181625247,
        "var": 55.4633293152
    },
    "spectral_rms": {
        "dmean": 0.000895598903298,
        "dmean2": 0.00136503356043,
        "dvar": 1.14896636205e-06,
        "dvar2": 2.41011639446e-06,
        "max": 0.0163598619401,
        "mean": 0.0059382263571,
        "median": 0.00610410515219,
        "min": 3.24802944957e-12,
        "var": 8.0467261796e-06
    },
    "spectral_rolloff": {
        "dmean": 398.698028564,
        "dmean2": 683.771179199,
        "dvar": 617901.0625,
        "dvar2": 1419035.375,
        "max": 18949.21875,
        "mean": 1035.12121582,
        "median": 667.529296875,
        "min": 64.599609375,
        "var": 1559852.75
    },
    "spectral_skewness": {
        "dmean": 0.197990596294,
        "dmean2": 0.325268894434,
        "dvar": 0.0655397698283,
        "dvar2": 0.167496189475,
        "max": 8.60096168518,
        "mean": 1.67226862907,
        "median": 1.52561545372,
        "min": 0.00961358379573,
        "var": 0.516172468662
    },
    "spectral_spread": {
        "dmean": 366731.09375,
        "dmean2": 577340.375,
        "dvar": 288051789824,
        "dvar2": 464158490624,
        "max": 39419064,
        "mean": 4529840.5,
        "median": 4560229,
        "min": 684384.875,
        "var": 1.90257443635e+12
    },
    "spectral_strongpeak": {
        "dmean": 0.337532132864,
        "dmean2": 0.560526669025,
        "dvar": 0.296864807606,
        "dvar2": 0.737361073494,
        "max": 6.17411231995,
        "mean": 0.746396660805,
        "median": 0.416804820299,
        "min": 0,
        "var": 0.672607600689
    },
    "zerocrossingrate": {
        "dmean": 0.00845347344875,
        "dmean2": 0.00980074517429,
        "dvar": 0.000127008752315,
        "dvar2": 0.000125677484903,
        "max": 0.49169921875,
        "mean": 0.0467882975936,
        "median": 0.0361328125,
        "min": 0.00244140625,
        "var": 0.00114753784146
    },
    "barkbands": {
        "dmean": [0.000513480626978, 0.00844001676887, 0.00523702381179, 0.0028000457678, 0.0026230851654, 0.000536153442226, 0.000552174518816, 0.000970576889813, 0.000999673618935, 0.000912986986805, 0.000261300767306, 0.000248754105996, 0.000229223704082, 0.000133317531436, 0.00012792806956, 0.000154857494636, 0.000246457784669, 0.000146166014019, 0.000152957611135, 0.000152001244714, 8.38035994093e-05, 8.3753700892e-05, 0.00011089083273, 5.49919495825e-05, 5.26106159668e-05, 2.51473247772e-05, 8.18192802399e-06],
        "dmean2": [0.000887566478923, 0.0137139223516, 0.00822316017002, 0.00460473820567, 0.00447808671743, 0.000850324111525, 0.000887713278644, 0.00147579039913, 0.00146900780965, 0.00146420090459, 0.000422331533628, 0.000427912542364, 0.000392649264541, 0.000222175818635, 0.000212870625546, 0.000259125314187, 0.000424401456257, 0.000256312137935, 0.000258985586697, 0.000256576575339, 0.000130651053041, 0.000134293179144, 0.000185917975614, 8.66690606927e-05, 8.81161467987e-05, 4.02703990403e-05, 1.40887359521e-05],
        "dvar": [8.62688978032e-07, 0.000257238571066, 0.000218798493734, 9.05553388293e-05, 5.89743503951e-05, 8.42938618462e-07, 7.2885075042e-07, 2.1225009732e-06, 3.68279665963e-06, 3.32368358613e-06, 2.28569760452e-07, 4.98270310345e-07, 3.92574378338e-07, 1.05244986059e-07, 7.57381428684e-08, 2.27119315355e-07, 2.23234067676e-07, 9.10941722054e-08, 7.23579418604e-08, 9.70704334691e-08, 2.51005012331e-08, 3.07510674702e-08, 7.68423618069e-08, 1.86982322958e-08, 1.94222451455e-08, 3.80486842033e-09, 6.67389143949e-10],
        "dvar2": [2.49461686508e-06, 0.000606631510891, 0.000504659139551, 0.000225757306907, 0.000162742726388, 2.12854206438e-06, 1.85123167284e-06, 4.54461678601e-06, 7.17217790225e-06, 8.16674219095e-06, 5.76174272737e-07, 1.374933845e-06, 1.11886083687e-06, 2.79929537328e-07, 1.9389300121e-07, 5.79102504616e-07, 6.32309308912e-07, 2.63160728764e-07, 2.02167200314e-07, 2.63415586232e-07, 5.5867118931e-08, 7.07718186277e-08, 1.99986232019e-07, 4.60395312984e-08, 4.97885217499e-08, 9.66699875704e-09, 1.83461545955e-09],
        "max": [0.0163622833788, 0.247149586678, 0.209742605686, 0.15349406004, 0.116682991385, 0.0135750286281, 0.0118815554306, 0.0269452705979, 0.0592113472521, 0.0371703766286, 0.00934059172869, 0.0147124649957, 0.0109753832221, 0.00781120266765, 0.00835197884589, 0.0167342089117, 0.00574072729796, 0.00402745930478, 0.00429740780964, 0.00425956724212, 0.00203988002613, 0.00204276992008, 0.00273110065609, 0.00147640926298, 0.00201272708364, 0.00121130014304, 0.000556273036636],
        "mean": [0.000783639668953, 0.018836537376, 0.00654697278515, 0.00292084296234, 0.00377069297247, 0.000984276761301, 0.000950502639171, 0.00192055711523, 0.0024483029265, 0.0014073329512, 0.000415011716541, 0.000403168378398, 0.000342648098012, 0.000206632961635, 0.000192371269804, 0.000221636350034, 0.000372966838768, 0.0002301743516, 0.000290743104415, 0.00029788777465, 0.00019651686307, 0.000198273322894, 0.00019722925208, 9.82453420875e-05, 9.32992334128e-05, 5.25433715666e-05, 1.29505415316e-05],
        "median": [0.000292847806122, 0.0129278004169, 0.00142481841613, 0.00086160027422, 0.00178991805296, 0.000485384545755, 0.000531418132596, 0.00085699884221, 0.000777206732891, 0.000581370899454, 0.000184714910574, 0.000133911962621, 0.000110254914034, 7.35020585125e-05, 7.15918577043e-05, 7.8228469647e-05, 0.000155587447807, 0.000104651015135, 0.000166341051226, 0.000165282734088, 7.50320177758e-05, 5.9623416746e-05, 3.80378041882e-05, 1.7490458049e-05, 1.91818508029e-05, 1.40411011671e-05, 2.7346020488e-06],
        "min": [1.28221438913e-22, 2.41978586169e-23, 1.43335174509e-23, 7.80083249929e-24, 4.15018744049e-23, 1.87295584412e-23, 6.57288498779e-23, 2.03575654012e-23, 8.45625379586e-23, 9.58985448972e-23, 8.24722206428e-23, 4.12295406878e-23, 7.44409855389e-23, 6.31326833952e-23, 1.48470829396e-22, 1.41021622179e-22, 1.34643157956e-22, 3.53824840945e-22, 2.96406369336e-22, 3.23193662296e-22, 4.081054132e-22, 5.84087709868e-22, 8.12044328157e-22, 9.20660301656e-22, 1.25056117491e-21, 1.81495967389e-21, 2.14443524384e-21],
        "var": [1.49542290728e-06, 0.000576820457354, 0.000271605094895, 7.79758920544e-05, 5.1127783081e-05, 1.98936913876e-06, 1.40943836868e-06, 7.51997322368e-06, 2.59541757259e-05, 5.7328843468e-06, 4.80550397697e-07, 9.79759420261e-07, 5.67904862692e-07, 1.8224784526e-07, 1.27026723362e-07, 2.88918016622e-07, 3.386968217e-07, 1.09088865941e-07, 1.24802625123e-07, 1.5167269396e-07, 1.0736727063e-07, 1.33972420713e-07, 1.82519272585e-07, 4.94123995054e-08, 3.63322953945e-08, 8.86606521533e-09, 7.07384040233e-10]
    },
    "erbbands": {
        "dmean": [0.294347733259, 1.84640860558, 5.25198698044, 8.29513931274, 8.57285022736, 7.7067117691, 4.71878290176, 4.6936249733, 8.03856468201, 15.5947065353, 17.4257221222, 26.8411502838, 31.9332122803, 11.0084409714, 12.5349092484, 11.6904315948, 10.9173164368, 7.38760471344, 4.42798376083, 8.90847873688, 7.63013553619, 11.0175619125, 8.71266651154, 8.00619220734, 7.92338991165, 7.45050668716, 4.65756845474, 3.26991176605, 3.07633018494, 3.09687137604, 3.04720258713, 1.40302491188, 0.899337947369, 0.602743327618, 0.384528040886, 0.123755678535, 0.0481264702976, 0.0098737385124, 0.00119269627612, 9.95775844785e-05],
        "dmean2": [0.46602255106, 3.00344157219, 8.24966430664, 12.8225898743, 13.7399053574, 13.0047445297, 7.35772514343, 7.59647417068, 12.9440793991, 23.2139892578, 27.4518260956, 38.3034095764, 51.097442627, 17.6901741028, 20.3727874756, 20.0445899963, 18.7288455963, 12.3355083466, 7.21322488785, 14.9361467361, 13.010052681, 18.7938976288, 15.3355484009, 13.3013792038, 13.625415802, 12.4932928085, 7.75811338425, 5.14090108871, 4.90351390839, 5.06986236572, 5.11109018326, 2.25159716606, 1.45740520954, 1.00475430489, 0.641628563404, 0.199658259749, 0.0770625770092, 0.0168163776398, 0.00203176657669, 0.000171766645508],
        "dvar": [0.324281841516, 12.9244470596, 193.036834717, 654.306152344, 678.920288086, 357.607696533, 93.334274292, 67.5901184082, 176.486968994, 571.205505371, 959.091491699, 2795.02636719, 5134.68652344, 560.097290039, 548.57989502, 1070.19836426, 907.950317383, 288.37197876, 117.560829163, 417.597503662, 299.835906982, 480.444274902, 328.272338867, 267.728179932, 260.729766846, 191.601028442, 100.251556396, 40.7489585876, 45.4178924561, 52.6405601501, 56.3706054688, 12.0174379349, 5.28906869888, 2.37930560112, 1.04547297955, 0.0918298438191, 0.0149149280041, 0.000739886658266, 1.24421394503e-05, 8.67483151978e-08],
        "dvar2": [0.756048381329, 30.1094150543, 446.72845459, 1387.65515137, 1630.85095215, 986.515930176, 221.112686157, 174.880493164, 460.904144287, 1229.98486328, 2187.02294922, 5246.05908203, 12626.4072266, 1344.99609375, 1405.6517334, 2993.59155273, 2597.66577148, 773.800292969, 277.163360596, 1106.8203125, 802.499389648, 1349.19775391, 960.572875977, 715.53692627, 754.301879883, 510.710357666, 268.205871582, 93.2208023071, 105.112991333, 120.471405029, 150.092163086, 30.9229717255, 13.7045764923, 6.17175912857, 2.69378113747, 0.231845140457, 0.0377999097109, 0.00198837113567, 3.39305843227e-05, 2.36893228589e-07],
        "max": [10.6687698364, 51.2238349915, 193.406570435, 371.379638672, 436.094299316, 375.291870117, 341.705200195, 128.554489136, 230.622085571, 416.18536377, 672.226989746, 1632.44995117, 1519.09777832, 602.419555664, 493.092987061, 676.887207031, 543.622619629, 390.8019104, 489.387084961, 442.363189697, 508.441864014, 284.683929443, 252.737991333, 312.900146484, 279.038757324, 175.840301514, 155.356765747, 81.8657302856, 78.2860412598, 73.0984649658, 71.0506134033, 39.5891609192, 24.5905895233, 18.37931633, 16.0850696564, 5.1468091011, 2.84141397476, 0.545481801033, 0.0640546008945, 0.00780602777377],
        "mean": [0.607682585716, 3.96627545357, 7.39883899689, 10.1145343781, 11.1450910568, 11.5827474594, 8.95412826538, 8.14939498901, 14.3225870132, 27.9355773926, 41.2259407043, 68.6699523926, 49.5164451599, 21.1331596375, 21.0872001648, 19.4767723083, 16.9070835114, 12.1669149399, 7.65063047409, 13.4489269257, 12.0590028763, 17.5811710358, 14.3308486938, 14.6459522247, 14.5345563889, 14.9195966721, 9.55722332001, 7.50390672684, 7.08780002594, 6.74888753891, 5.32792711258, 2.5467236042, 1.47370827198, 1.01991951466, 0.673023581505, 0.24133387208, 0.102813996375, 0.018592108041, 0.00196185149252, 0.000185441313079],
        "median": [0.416626632214, 2.1144657135, 2.5309715271, 3.2879281044, 4.81587982178, 5.15421009064, 3.68521213531, 4.40952968597, 7.7067193985, 13.6396827698, 18.030254364, 22.0424671173, 20.2760620117, 9.16711997986, 10.7741565704, 7.68634796143, 6.31288909912, 5.76025485992, 3.87004184723, 5.43339633942, 5.94656229019, 7.8811674118, 7.20522975922, 7.76818752289, 8.23835372925, 8.14889144897, 4.15862178802, 2.73880505562, 2.09101200104, 1.68971121311, 0.967929899693, 0.459851741791, 0.243462845683, 0.190642759204, 0.147029817104, 0.0608530789614, 0.0273365229368, 0.00425110664219, 0.000443993776571, 8.50512442412e-05],
        "min": [1.0900978296e-21, 5.1996080551e-21, 1.91467140958e-20, 2.35835412649e-20, 4.58159508539e-20, 2.0550785331e-19, 1.06376363815e-19, 2.46197281232e-19, 8.33878138877e-19, 5.76572132211e-19, 5.62162180651e-19, 1.52765969593e-18, 2.75636783989e-18, 3.26221484066e-18, 4.02363356054e-18, 1.902305305e-18, 2.9506374106e-18, 3.42137845258e-18, 4.68456286408e-18, 7.03577164289e-18, 8.71211601995e-18, 9.05458037408e-18, 2.12026276419e-17, 1.39654937682e-17, 1.62845756792e-17, 1.52592042462e-17, 1.6966809433e-17, 1.65291150836e-17, 2.27318149337e-17, 2.18446918508e-17, 2.13574063694e-17, 1.63510810004e-17, 1.64389755579e-17, 1.47286820342e-17, 9.1819496448e-18, 5.67139967462e-18, 3.98816364228e-18, 1.23326022227e-18, 3.25221153871e-19, 2.93757491041e-20],
        "var": [0.590475261211, 30.0905075073, 265.010284424, 762.686340332, 648.053039551, 441.120819092, 336.858001709, 118.902267456, 331.951171875, 1466.65771484, 4011.48071289, 20130.1015625, 8166.65185547, 1470.33325195, 1052.17871094, 1966.1875, 1292.7364502, 481.327728271, 218.67578125, 616.666931152, 395.384735107, 704.672424316, 376.926208496, 448.217926025, 359.357330322, 363.384338379, 222.046524048, 161.898147583, 181.106903076, 174.794250488, 137.814880371, 33.0522880554, 11.1723432541, 4.78858709335, 1.76710951328, 0.201201125979, 0.0334437601268, 0.00116768723819, 1.50048508658e-05, 9.29561565499e-08]
    },
    "gfcc": {
        "mean": [-3.76283955574, 88.8146514893, -104.215171814, 22.9467830658, -55.3510856628, -0.885291814804, -18.8821620941, 16.0576171875, -19.1421985626, 3.00040841103, -18.3704471588, 1.3350430727, -13.6207313538],
        "cov": [[11163.7167969, -1176.62756348, 2003.72070312, 2465.73046875, 920.47668457, 2286.93481445, 299.838104248, 805.370056152, 83.7750396729, 317.824493408, 33.569152832, 150.481521606, -102.883651733], [-1176.62756348, 1343.49572754, 115.390838623, 15.986032486, 330.740692139, 1.23720252514, 177.515625, -60.2018127441, 27.9930744171, -21.6273384094, 79.5101547241, -74.2171478271, 41.6957588196], [2003.72070312, 115.390838623, 1280.57312012, 922.530639648, 469.335449219, 689.23651123, 148.389648438, 158.642333984, 28.8814563751, 70.9792404175, 45.9847373962, 15.838139534, -21.3484554291], [2465.73046875, 15.986032486, 922.530639648, 1011.59082031, 470.091430664, 717.357299805, 149.907028198, 205.907867432, 49.1089820862, 86.2136154175, 50.602722168, 22.611541748, -6.94301605225], [920.47668457, 330.740692139, 469.335449219, 470.091430664, 454.928314209, 404.417419434, 162.443054199, 109.377464294, 32.792678833, 52.377910614, 49.8203163147, 16.1296634674, 17.3545379639], [2286.93481445, 1.23720252514, 689.23651123, 717.357299805, 404.417419434, 767.703674316, 222.071365356, 221.479782104, 27.2251415253, 89.7670974731, 50.0601921082, 25.9287014008, -12.104432106], [299.838104248, 177.515625, 148.389648438, 149.907028198, 162.443054199, 222.071365356, 198.668838501, 103.838920593, 23.7286109924, 17.2801017761, 26.7134532928, -3.13599276543, 4.2263584137], [805.370056152, -60.2018127441, 158.642333984, 205.907867432, 109.377464294, 221.479782104, 103.838920593, 192.096755981, 86.6954956055, 49.823638916, 7.227871418, 10.4919652939, -1.33836197853], [83.7750396729, 27.9930744171, 28.8814563751, 49.1089820862, 32.792678833, 27.2251415253, 23.7286109924, 86.6954956055, 120.104705811, 48.6658744812, 10.8182401657, -9.18403625488, 4.45552396774], [317.824493408, -21.6273384094, 70.9792404175, 86.2136154175, 52.377910614, 89.7670974731, 17.2801017761, 49.823638916, 48.6658744812, 107.057533264, 56.7674407959, 26.4809150696, -6.93989181519], [33.569152832, 79.5101547241, 45.9847373962, 50.602722168, 49.8203163147, 50.0601921082, 26.7134532928, 7.227871418, 10.8182401657, 56.7674407959, 90.3805541992, 42.6135063171, 8.41088676453], [150.481521606, -74.2171478271, 15.838139534, 22.611541748, 16.1296634674, 25.9287014008, -3.13599276543, 10.4919652939, -9.18403625488, 26.4809150696, 42.6135063171, 88.5068588257, 36.7248344421], [-102.883651733, 41.6957588196, -21.3484554291, -6.94301605225, 17.3545379639, -12.104432106, 4.2263584137, -1.33836197853, 4.45552396774, -6.93989181519, 8.41088676453, 36.7248344421, 74.7758636475]],
        "icov": [[0.000457792542875, 7.33232518542e-05, 0.000244022972765, -0.000587488349993, 0.000211844730075, -0.00115313136484, 0.000993405701593, -0.000971830100752, 0.000580384919886, -0.000312628078973, 0.000576874183025, -0.000444352743216, 0.000384486251278], [7.33232518542e-05, 0.00185434706509, -0.000175751163624, 0.000419314455939, -0.00191791064572, 0.000550638127606, -0.00111462164205, 0.000985427177511, -0.000617294979747, 0.000991176231764, -0.00254178792238, 0.00278110615909, -0.00128068111371], [0.000244022972765, -0.000175751163624, 0.00258777895942, -0.00224847835489, -2.92276417895e-05, -0.0012219628552, 0.000589885108639, 0.000402101053623, -0.00017663941253, 4.75699453091e-05, 0.000872647913639, -0.00105795543641, 0.00118299829774], [-0.000587488349993, 0.000419314455939, -0.00224847835489, 0.00635922793299, -0.00253831734881, -0.00126598915085, 0.00139985675924, -0.000178423098987, -0.00110476010013, 0.00164281786419, -0.00273127271794, 0.00232570874505, -0.00140846695285], [0.000211844730075, -0.00191791064572, -2.92276417895e-05, -0.00253831734881, 0.00807480793446, -0.00204300740734, -0.00142074131873, 0.000370771071175, -0.000182036557817, -0.00168307917193, 0.00265225535259, -0.00310840504244, 8.20030836621e-05], [-0.00115313136484, 0.000550638127606, -0.0012219628552, -0.00126598915085, -0.00204300740734, 0.0101716602221, -0.0061952569522, -0.0005223826156, 0.00244613317773, -0.00191913265735, -0.00135513441637, 0.00214617792517, -0.00112402730156], [0.000993405701593, -0.00111462164205, 0.000589885108639, 0.00139985675924, -0.00142074131873, -0.0061952569522, 0.0157936159521, -0.00937733054161, 0.00367026077583, 0.00252227135934, -0.00300948950462, 0.00170438399073, 6.99380616425e-05], [-0.000971830100752, 0.000985427177511, 0.000402101053623, -0.000178423098987, 0.000370771071175, -0.0005223826156, -0.00937733054161, 0.0211942177266, -0.0138367889449, 0.000216588232433, 0.00397795438766, -0.00433562137187, 0.00147683697287], [0.000580384919886, -0.000617294979747, -0.00017663941253, -0.00110476010013, -0.000182036557817, 0.00244613317773, 0.00367026077583, -0.0138367889449, 0.0214435886592, -0.00856004282832, -4.3324795115e-05, 0.00647761719301, -0.00427579274401], [-0.000312628078973, 0.000991176231764, 4.75699453091e-05, 0.00164281786419, -0.00168307917193, -0.00191913265735, 0.00252227135934, 0.000216588232433, -0.00856004282832, 0.0225619953126, -0.0136182038113, -0.000712963810656, 0.00361052784137], [0.000576874183025, -0.00254178792238, 0.000872647913639, -0.00273127271794, 0.00265225535259, -0.00135513441637, -0.00300948950462, 0.00397795438766, -4.3324795115e-05, -0.0136182038113, 0.029310869053, -0.0151409273967, 0.00449091754854], [-0.000444352743216, 0.00278110615909, -0.00105795543641, 0.00232570874505, -0.00310840504244, 0.00214617792517, 0.00170438399073, -0.00433562137187, 0.00647761719301, -0.000712963810656, -0.0151409273967, 0.0285242181271, -0.0141115812585], [0.000384486251278, -0.00128068111371, 0.00118299829774, -0.00140846695285, 8.20030836621e-05, -0.00112402730156, 6.99380616425e-05, 0.00147683697287, -0.00427579274401, 0.00361052784137, 0.00449091754854, -0.0141115812585, 0.0216602645814]]
    },
    "melbands": {
        "dmean": [0.00244606006891, 0.00241935322993, 0.0012794889044, 0.000621647166554, 0.000197230576305, 0.000108469539555, 0.000117432529805, 0.000186089688214, 0.00015089099179, 0.000157752569066, 0.000156113790581, 4.49876133644e-05, 3.70514571841e-05, 3.59667355951e-05, 2.89040217467e-05, 1.61753068824e-05, 1.57607828442e-05, 7.09013374944e-06, 7.93779872765e-06, 1.52838911163e-05, 8.72278451425e-06, 1.00730940176e-05, 1.53824203153e-05, 5.62308287044e-06, 6.935158126e-06, 6.35791411696e-06, 5.15525744049e-06, 5.26371513843e-06, 3.84058512282e-06, 2.16584498958e-06, 2.0628922357e-06, 1.81514690212e-06, 1.83663212283e-06, 2.00479576051e-06, 1.9844178496e-06, 1.39463656978e-06, 6.64436754505e-07, 7.20222601558e-07, 5.1300372661e-07, 5.29486101186e-07],
        "dmean2": [0.00386859173886, 0.0037620253861, 0.00184062181506, 0.00105728197377, 0.000308791088173, 0.000175139313797, 0.000187969606486, 0.000276982289506, 0.000234481776715, 0.000227872049436, 0.000250670040259, 7.24663841538e-05, 5.96997851972e-05, 6.12843359704e-05, 4.93140578328e-05, 2.77678245766e-05, 2.63395631919e-05, 1.15835891847e-05, 1.33642424771e-05, 2.53160033026e-05, 1.51779668158e-05, 1.71286465047e-05, 2.69287920673e-05, 9.70983546722e-06, 1.14861149996e-05, 1.09763032015e-05, 8.82108361111e-06, 8.85201188794e-06, 6.56935344523e-06, 3.55735733137e-06, 3.25778205479e-06, 2.81095276478e-06, 3.01422687699e-06, 3.35603590429e-06, 3.3633853036e-06, 2.31489570979e-06, 1.02345688902e-06, 1.16818978313e-06, 8.66794323429e-07, 8.85096483216e-07],
        "dvar": [2.11297174246e-05, 2.78255283774e-05, 1.25027390823e-05, 3.48124990524e-06, 1.71508972358e-07, 3.51459270576e-08, 3.63344305754e-08, 7.85643621271e-08, 6.59697860783e-08, 9.11707473961e-08, 1.2548974837e-07, 1.07867386134e-08, 4.54344029066e-09, 8.92639384631e-09, 4.38635572308e-09, 1.775428915e-09, 1.50256507236e-09, 2.73438688358e-10, 2.95112906334e-10, 2.07705475042e-09, 3.19503479229e-10, 3.26665666739e-10, 1.18969656349e-09, 1.14393959583e-10, 2.12952960821e-10, 1.77050096806e-10, 9.78542732955e-11, 8.85718789978e-11, 7.88203530222e-11, 1.63389596991e-11, 1.51317274683e-11, 1.48360022184e-11, 1.50561160761e-11, 2.42287231944e-11, 2.39402664359e-11, 1.24183423961e-11, 2.56880367672e-12, 3.48151845894e-12, 1.62324743491e-12, 1.89377354944e-12],
        "dvar2": [4.977080971e-05, 6.2841711042e-05, 2.31721060118e-05, 9.36965170695e-06, 4.17504196548e-07, 9.00053862551e-08, 9.38642870096e-08, 1.66617738273e-07, 1.47656464833e-07, 1.75975358729e-07, 3.08598629317e-07, 2.58062655689e-08, 1.14547020758e-08, 2.39093616017e-08, 1.24147687686e-08, 5.0120512185e-09, 4.03045596897e-09, 6.59661103519e-10, 7.78102471344e-10, 5.30452526348e-09, 9.18560227881e-10, 9.11772712886e-10, 3.45113959632e-09, 3.24447357869e-10, 5.68676938872e-10, 5.14620901448e-10, 2.71490302461e-10, 2.33537522654e-10, 2.21431317726e-10, 4.13839240654e-11, 3.4967952145e-11, 3.41074599119e-11, 3.8540694941e-11, 5.92655161058e-11, 6.39649236356e-11, 3.48856048216e-11, 6.28245329024e-12, 9.12591616858e-12, 4.14675325328e-12, 5.02592542237e-12],
        "max": [0.0803201347589, 0.0783456936479, 0.0569896697998, 0.0296956766397, 0.0171625148505, 0.0028036874719, 0.00300203985535, 0.00480116670951, 0.00539656402543, 0.0088410442695, 0.00745561020449, 0.00270769954659, 0.00128861481789, 0.00189174897969, 0.00109142169822, 0.000778012152296, 0.000888897804543, 0.000692289031576, 0.000381028396077, 0.00157130439766, 0.000312442920404, 0.000226166346692, 0.000423959689215, 0.000149306550156, 0.000282969354885, 0.000239234141191, 0.000138911404065, 0.000107230182039, 0.000141129974509, 4.73098734801e-05, 4.9581642088e-05, 5.32238991582e-05, 4.52893691545e-05, 5.26060321135e-05, 5.40369437658e-05, 3.22003470501e-05, 1.97113295144e-05, 1.9891125703e-05, 1.5975720089e-05, 1.81983396033e-05],
        "mean": [0.00538814533502, 0.00443118298426, 0.00176349421963, 0.000838822801597, 0.000369601097191, 0.000190767794265, 0.000210617479752, 0.000335052172886, 0.00037686698488, 0.000387568754377, 0.000230746096349, 8.12660218799e-05, 6.13126321696e-05, 5.76069396629e-05, 4.48309619969e-05, 2.51670917351e-05, 2.39897726715e-05, 1.16261799121e-05, 1.19280266517e-05, 2.20734673348e-05, 1.2784986211e-05, 1.57029735419e-05, 2.22985781875e-05, 9.50171215663e-06, 1.18809239211e-05, 1.06627112473e-05, 9.5913410405e-06, 9.96958715405e-06, 6.64022172714e-06, 4.28076373282e-06, 4.43078033641e-06, 4.09242829846e-06, 3.60697049473e-06, 3.86904775951e-06, 3.35669392371e-06, 2.20443985199e-06, 1.27299301766e-06, 1.09429765871e-06, 8.5309983433e-07, 8.47874957799e-07],
        "median": [0.00373899191618, 0.00210403138772, 0.000669546541758, 0.000384743558243, 0.000151402971824, 9.93738649413e-05, 0.000112473142508, 0.000163146731211, 0.000150953434058, 0.000129447580548, 8.30247445265e-05, 2.86001886707e-05, 2.89827949018e-05, 2.11750866583e-05, 1.58883631229e-05, 9.70481778495e-06, 8.56661517901e-06, 5.17076159667e-06, 4.6177542572e-06, 7.54500524636e-06, 5.6588037296e-06, 7.16391878086e-06, 8.5093324742e-06, 4.33693821833e-06, 5.91261141381e-06, 5.47095987713e-06, 5.65668960917e-06, 5.18555771123e-06, 2.74644389719e-06, 1.65752953762e-06, 1.55274187819e-06, 1.17454487736e-06, 9.94784841168e-07, 9.06172772375e-07, 6.02184911713e-07, 3.5913186025e-07, 2.40387606709e-07, 1.70710535485e-07, 1.43710281009e-07, 1.61408564736e-07],
        "min": [1.40454096711e-23, 8.85488083071e-24, 3.91166974489e-24, 9.03249680783e-24, 5.19387242732e-24, 4.50615019547e-24, 1.37343144845e-23, 5.79403938173e-24, 4.29411740035e-24, 1.18344778895e-23, 1.42129873932e-23, 1.29529532799e-23, 1.40972047004e-23, 5.05468502034e-24, 8.22190436239e-24, 4.80504209827e-24, 6.61363627997e-24, 5.70410766082e-24, 1.26738140597e-23, 8.19735974418e-24, 9.57223780576e-24, 7.0175441075e-24, 1.7817509017e-23, 1.6154918395e-23, 1.07610125357e-23, 1.13402486438e-23, 1.26645922757e-23, 8.87973547125e-24, 1.05565602995e-23, 8.33512562381e-24, 1.0002139389e-23, 1.32734461665e-23, 1.10223132443e-23, 1.32602248577e-23, 1.28258141455e-23, 1.13041566796e-23, 9.11452256475e-24, 1.02114920292e-23, 1.25875742079e-23, 1.30879636684e-23],
        "var": [4.54454457213e-05, 5.30518263986e-05, 1.82358235179e-05, 2.86645013148e-06, 5.42863517694e-07, 6.82398990648e-08, 7.07811409484e-08, 2.11732825051e-07, 3.59897597946e-07, 6.08033019489e-07, 1.98390054607e-07, 2.80091754234e-08, 9.74239355855e-09, 1.61279487543e-08, 6.84252920991e-09, 2.66172772712e-09, 2.45551667888e-09, 5.10171516144e-10, 4.65940619421e-10, 2.76084821671e-09, 4.36503500012e-10, 5.00239905055e-10, 1.49357859414e-09, 1.92530588694e-10, 3.43243711232e-10, 2.36709513102e-10, 1.45189332779e-10, 1.6831629146e-10, 1.2227395485e-10, 4.8791831686e-11, 5.78945398566e-11, 6.01210817242e-11, 4.89811836923e-11, 6.18905898753e-11, 5.50286517742e-11, 2.62764757869e-11, 8.05234091211e-12, 6.56557230458e-12, 3.73848261376e-12, 3.23042569257e-12]
    },
    "mfcc": {
        "mean": [-655.229125977, 126.518531799, 3.89155030251, 30.084859848, -10.7155208588, -4.43519353867, 1.30045449734, 9.2022600174, 4.57650947571, 5.72912597656, 2.86516571045, 1.84145593643, 1.70863354206],
        "cov": [[9795.296875, -1293.81652832, 1400.44042969, 1073.41320801, 1166.33984375, 1577.00500488, 956.289001465, 996.478515625, 495.112670898, 548.961242676, 377.478820801, 270.037414551, 260.401153564], [-1293.81652832, 1121.00671387, -172.127441406, 25.3891353607, 10.8222475052, -1.97872519493, 79.1475830078, -22.4886856079, -0.385876387358, 6.09096050262, 0.0752457380295, 5.49440908432, 0.582860589027], [1400.44042969, -172.127441406, 885.802246094, 417.288330078, 456.375091553, 485.918151855, 297.985870361, 243.534301758, 117.823989868, 123.674293518, 117.616973877, 67.1200027466, 53.6637763977], [1073.41320801, 25.3891353607, 417.288330078, 438.895843506, 356.138824463, 348.030090332, 218.006195068, 187.051803589, 108.742683411, 108.847373962, 75.6531677246, 59.651599884, 60.4092140198], [1166.33984375, 10.8222475052, 456.375091553, 356.138824463, 442.094604492, 407.993652344, 247.840072632, 203.309280396, 117.090255737, 113.315719604, 80.037902832, 66.1089782715, 67.5001983643], [1577.00500488, -1.97872519493, 485.918151855, 348.030090332, 407.993652344, 552.748779297, 372.914825439, 266.918243408, 128.100906372, 141.332244873, 107.423416138, 78.9015808105, 72.942276001], [956.289001465, 79.1475830078, 297.985870361, 218.006195068, 247.840072632, 372.914825439, 346.632995605, 227.209472656, 99.1438674927, 101.369285583, 77.162322998, 61.4990463257, 55.8355979919], [996.478515625, -22.4886856079, 243.534301758, 187.051803589, 203.309280396, 266.918243408, 227.209472656, 252.451843262, 142.983001709, 106.505485535, 72.2253036499, 47.2654495239, 42.6731338501], [495.112670898, -0.385876387358, 117.823989868, 108.742683411, 117.090255737, 128.100906372, 99.1438674927, 142.983001709, 151.681091309, 100.654541016, 53.3801498413, 24.6521167755, 16.353887558], [548.961242676, 6.09096050262, 123.674293518, 108.847373962, 113.315719604, 141.332244873, 101.369285583, 106.505485535, 100.654541016, 146.534866333, 90.8757705688, 37.402256012, 15.9693403244], [377.478820801, 0.0752457380295, 117.616973877, 75.6531677246, 80.037902832, 107.423416138, 77.162322998, 72.2253036499, 53.3801498413, 90.8757705688, 118.593299866, 65.4104995728, 20.1805973053], [270.037414551, 5.49440908432, 67.1200027466, 59.651599884, 66.1089782715, 78.9015808105, 61.4990463257, 47.2654495239, 24.6521167755, 37.402256012, 65.4104995728, 110.798347473, 62.1534004211], [260.401153564, 0.582860589027, 53.6637763977, 60.4092140198, 67.5001983643, 72.942276001, 55.8355979919, 42.6731338501, 16.353887558, 15.9693403244, 20.1805973053, 62.1534004211, 107.617988586]],
