{
"lowlevel": {
    "average_loudness": 0.874833405018,
    "barkbands_crest": {
        "dmean": 2.48085951805,
        "dmean2": 4.18874406815,
        "dvar": 4.36849832535,
        "dvar2": 12.0365819931,
        "max": 26.9913864136,
        "mean": 10.0561256409,
        "median": 9.47981262207,
        "min": 2.9290573597,
        "var": 13.6055212021
    },
    "barkbands_flatness_db": {
        "dmean": 0.0259006973356,
        "dmean2": 0.0405984632671,
        "dvar": 0.000575935002416,
        "dvar2": 0.00132386933547,
        "max": 0.669735610485,
        "mean": 0.153254836798,
        "median": 0.133938699961,
        "min": 0.0286296065897,
        "var": 0.00707969348878
    },
    "barkbands_kurtosis": {
        "dmean": 11.4827384949,
        "dmean2": 18.2279644012,
        "dvar": 23897.0253906,
        "dvar2": 60276.5820312,
        "max": 9081.75097656,
        "mean": 16.5379695892,
        "median": 4.22863388062,
        "min": -1.92450213432,
        "var": 31684.5078125
    },
    "barkbands_skewness": {
        "dmean": 0.695918738842,
        "dmean2": 1.12191343307,
        "dvar": 1.6130669117,
        "dvar2": 4.30734729767,
        "max": 83.0354385376,
        "mean": 1.88002705574,
        "median": 1.88482248783,
        "min": -19.8866977692,
        "var": 4.38032531738
    },
    "barkbands_spread": {
        "dmean": 4.71603298187,
        "dmean2": 7.61959600449,
        "dvar": 25.4020233154,
        "dvar2": 65.3484344482,
        "max": 70.0105667114,
        "mean": 18.290517807,
        "median": 17.7490463257,
        "min": 0.0124783646315,
        "var": 98.3058853149
    },
    "dissonance": {
        "dmean": 0.0248735453933,
        "dmean2": 0.041352737695,
        "dvar": 0.00120045919903,
        "dvar2": 0.00320672686212,
        "max": 0.5,
        "mean": 0.446883410215,
        "median": 0.461805522442,
        "min": 0.0424392744899,
        "var": 0.0032443087548
    },
    "dynamic_complexity": 2.10727620125,
    "erbbands_crest": {
        "dmean": 2.8956193924,
        "dmean2": 4.47825479507,
        "dvar": 8.6925201416,
        "dvar2": 19.7887268066,
        "max": 33.8657875061,
        "mean": 10.9127292633,
        "median": 9.22881793976,
        "min": 2.2476708889,
        "var": 39.5125160217
    },
    "erbbands_flatness_db": {
        "dmean": 0.0184900742024,
        "dmean2": 0.0270616039634,
        "dvar": 0.000442515505711,
        "dvar2": 0.000850601354614,
        "max": 0.672303080559,
        "mean": 0.152210056782,
        "median": 0.132405877113,
        "min": 0.0458799414337,
        "var": 0.00793145503849
    },
    "erbbands_kurtosis": {
        "dmean": 1.63837099075,
        "dmean2": 2.49922418594,
        "dvar": 27.6825370789,
        "dvar2": 62.0029258728,
        "max": 191.646102905,
        "mean": 2.00000190735,
        "median": -0.130700588226,
        "min": -1.68334698677,
        "var": 91.1352386475
    },
    "erbbands_skewness": {
        "dmean": 0.347065240145,
        "dmean2": 0.526293814182,
        "dvar": 0.185457184911,
        "dvar2": 0.398337215185,
        "max": 8.85289096832,
        "mean": 0.45320135355,
        "median": 0.401514619589,
        "min": -6.42395019531,
        "var": 0.858945250511
    },
    "erbbands_spread": {
        "dmean": 8.89528465271,
        "dmean2": 13.3956050873,
        "dvar": 82.2659454346,
        "dvar2": 176.70664978,
        "max": 116.27041626,
        "mean": 42.5729637146,
        "median": 41.4321632385,
        "min": 0.194544583559,
        "var": 413.075500488
    },
    "hfc": {
        "dmean": 4.81205749512,
        "dmean2": 7.41971874237,
        "dvar": 32.4337806702,
        "dvar2": 73.8101119995,
        "max": 90.8908615112,
        "mean": 22.7187843323,
        "median": 21.515920639,
        "min": 1.26515236517e-16,
        "var": 191.173751831
    },
    "melbands_crest": {
        "dmean": 3.90288710594,
        "dmean2": 6.54470920563,
        "dvar": 9.91603088379,
        "dvar2": 27.522277832,
        "max": 34.6700668335,
        "mean": 15.1227245331,
        "median": 14.7590875626,
        "min": 2.03333353996,
        "var": 24.0295295715
    },
    "melbands_flatness_db": {
        "dmean": 0.0315528735518,
        "dmean2": 0.0499491803348,
        "dvar": 0.000797299551778,
        "dvar2": 0.00188372645061,
        "max": 0.733243048191,
        "mean": 0.240312725306,
        "median": 0.221836194396,
        "min": 0.00630518514663,
        "var": 0.00864667911083
    },
    "melbands_kurtosis": {
        "dmean": 9.890209198,
        "dmean2": 16.1761798859,
        "dvar": 193.973983765,
        "dvar2": 469.503631592,
        "max": 479.560028076,
        "mean": 18.027671814,
        "median": 12.3464517593,
        "min": -1.93458843231,
        "var": 428.71081543
    },
    "melbands_skewness": {
        "dmean": 0.930143713951,
        "dmean2": 1.48562705517,
        "dvar": 0.806170880795,
        "dvar2": 1.98592472076,
        "max": 16.9772567749,
        "mean": 3.05784773827,
        "median": 2.90487885475,
        "min": -4.28785848618,
        "var": 2.85291004181
    },
    "melbands_spread": {
        "dmean": 5.02471208572,
        "dmean2": 8.25460529327,
        "dvar": 27.5404510498,
        "dvar2": 71.3554458618,
        "max": 159.269836426,
        "mean": 16.8187446594,
        "median": 13.9664020538,
        "min": 0.176770046353,
        "var": 278.816131592
    },
    "pitch_salience": {
        "dmean": 0.079744361341,
        "dmean2": 0.132452338934,
        "dvar": 0.00477016111836,
        "dvar2": 0.0130378752947,
        "max": 0.920885980129,
        "mean": 0.517235159874,
        "median": 0.518091797829,
        "min": 0.0122047849,
        "var": 0.0130629092455
    },
    "silence_rate_20dB": {
        "dmean": 0,
        "dmean2": 0,
        "dvar": 0,
        "dvar2": 0,
        "max": 1,
        "mean": 1,
        "median": 1,
        "min": 1,
        "var": 0
    },
    "silence_rate_30dB": {
        "dmean": 0.0244498774409,
        "dmean2": 0.0489043556154,
        "dvar": 0.0238503348082,
        "dvar2": 0.0602358393371,
        "max": 1,
        "mean": 0.97686880827,
        "median": 1,
        "min": 0,
        "var": 0.0225952155888
    },
    "silence_rate_60dB": {
        "dmean": 0.00188075983897,
        "dmean2": 0.00376187334768,
        "dvar": 0.00187749345787,
        "dvar2": 0.00393551494926,
        "max": 1,
        "mean": 0.026516219601,
        "median": 0,
        "min": 0,
        "var": 0.0258120037615
    },
    "spectral_centroid": {
        "dmean": 214.029968262,
        "dmean2": 336.728607178,
        "dvar": 46759.7265625,
        "dvar2": 106317.171875,
        "max": 11147.3173828,
        "mean": 1120.8536377,
        "median": 1038.32702637,
        "min": 160.853500366,
        "var": 391886.875
    },
    "spectral_complexity": {
        "dmean": 3.44573998451,
        "dmean2": 5.51208496094,
        "dvar": 14.3670196533,
        "dvar2": 33.3629188538,
        "max": 52,
        "mean": 18.3775272369,
        "median": 17,
        "min": 0,
        "var": 88.4881439209
    },
    "spectral_decrease": {
        "dmean": 4.36396652148e-09,
        "dmean2": 7.1696981685e-09,
        "dvar": 2.32123853629e-17,
        "dvar2": 6.19454914313e-17,
        "max": 1.38232600618e-16,
        "mean": -1.18977618868e-08,
        "median": -1.120103299e-08,
        "min": -5.45076943581e-08,
        "var": 6.1366888519e-17
    },
    "spectral_energy": {
        "dmean": 0.0167274624109,
        "dmean2": 0.02744387649,
        "dvar": 0.000338582351105,
        "dvar2": 0.000901421706658,
        "max": 0.208651274443,
        "mean": 0.0469655692577,
        "median": 0.044604446739,
        "min": 1.11423991165e-20,
        "var": 0.000918548263144
    },
    "spectral_energyband_high": {
        "dmean": 0.000289408199023,
        "dmean2": 0.000428282335633,
        "dvar": 2.10588524396e-07,
        "dvar2": 4.4887912054e-07,
        "max": 0.0100465388969,
        "mean": 0.00105435342994,
        "median": 0.00069835211616,
        "min": 8.52791142138e-21,
        "var": 1.46246554777e-06
    },
    "spectral_energyband_low": {
        "dmean": 0.0146801564842,
        "dmean2": 0.0244897659868,
        "dvar": 0.000306670961436,
        "dvar2": 0.00082977314014,
        "max": 0.184943333268,
        "mean": 0.0248064976186,
        "median": 0.0198114812374,
        "min": 3.63153001243e-23,
        "var": 0.000512569327839
    },
    "spectral_energyband_middle_high": {
        "dmean": 0.00187609135173,
        "dmean2": 0.00284475390799,
        "dvar": 9.38839912124e-06,
        "dvar2": 2.28497865464e-05,
        "max": 0.046685770154,
        "mean": 0.00498594064265,
        "median": 0.00346376560628,
        "min": 1.31225489398e-21,
        "var": 2.35267470998e-05
    },
    "spectral_energyband_middle_low": {
        "dmean": 0.00720151793212,
        "dmean2": 0.0115434350446,
        "dvar": 7.2477501817e-05,
        "dvar2": 0.000184561708011,
        "max": 0.129515871406,
        "mean": 0.0195219218731,
        "median": 0.016250943765,
        "min": 2.94888197057e-22,
        "var": 0.000230771140195
    },
    "spectral_entropy": {
        "dmean": 0.183828189969,
        "dmean2": 0.267799824476,
        "dvar": 0.0458194389939,
        "dvar2": 0.0845205485821,
        "max": 9.79964637756,
        "mean": 7.33707761765,
        "median": 7.57961988449,
        "min": 2.73478150368,
        "var": 0.671788930893
    },
    "spectral_flux": {
        "dmean": 0.0287183001637,
        "dmean2": 0.0469993427396,
        "dvar": 0.000765921548009,
        "dvar2": 0.00199691881426,
        "max": 0.362037688494,
        "mean": 0.105367511511,
        "median": 0.106897935271,
        "min": 1.05557562691e-10,
        "var": 0.00263410247862
    },
    "spectral_kurtosis": {
        "dmean": 2.4574508667,
        "dmean2": 3.93460774422,
        "dvar": 48.1983566284,
        "dvar2": 119.19909668,
        "max": 213.769943237,
        "mean": 7.35030698776,
        "median": 3.36931180954,
        "min": -1.13942682743,
        "var": 306.519104004
    },
    "spectral_rms": {
        "dmean": 0.00113049952779,
        "dmean2": 0.00183669570833,
        "dvar": 1.13941916879e-06,
        "dvar2": 3.01024056171e-06,
        "max": 0.0142675228417,
        "mean": 0.00632175197825,
        "median": 0.00659670634195,
        "min": 3.29706444438e-12,
        "var": 5.85542829867e-06
    },
    "spectral_rolloff": {
        "dmean": 302.268585205,
        "dmean2": 536.406433105,
        "dvar": 329266.21875,
        "dvar2": 823043.5625,
        "max": 19530.6152344,
        "mean": 1123.86547852,
        "median": 753.662109375,
        "min": 107.666015625,
        "var": 5150775.5
    },
    "spectral_skewness": {
        "dmean": 0.255764335394,
        "dmean2": 0.392730683088,
        "dvar": 0.166124090552,
        "dvar2": 0.382821649313,
        "max": 12.6645116806,
        "mean": 1.74328756332,
        "median": 1.47871029377,
        "min": -0.0143957659602,
        "var": 1.64393031597
    },
    "spectral_spread": {
        "dmean": 421214.5,
        "dmean2": 616948.875,
        "dvar": 384603291648,
        "dvar2": 679676674048,
        "max": 38947620,
        "mean": 4970819.5,
        "median": 4724829,
        "min": 473874.25,
        "var": 3.72874595533e+12
    },
    "spectral_strongpeak": {
        "dmean": 0.587324857712,
        "dmean2": 1.03870260715,
        "dvar": 0.876810967922,
        "dvar2": 2.286247015,
        "max": 7.99222373962,
        "mean": 0.823974430561,
        "median": 0.464692741632,
        "min": 0,
        "var": 0.988203287125
    },
    "zerocrossingrate": {
        "dmean": 0.00834963656962,
        "dmean2": 0.0107995430008,
        "dvar": 8.44096575747e-05,
        "dvar2": 0.000116952600365,
        "max": 0.6201171875,
        "mean": 0.059470038861,
        "median": 0.04931640625,
        "min": 0.005859375,
        "var": 0.00493939174339
    },
    "barkbands": {
        "dmean": [0.000440155767137, 0.00791700091213, 0.00855136848986, 0.00410169409588, 0.00345875811763, 0.00105199508835, 0.000661062367726, 0.000307176000206, 0.00120023870841, 0.000715975358617, 0.000989265041426, 0.000221808979404, 0.000214339495869, 9.679197683e-05, 0.000107820756966, 8.0645782873e-05, 0.000105580926174, 0.000118486073916, 0.000101559489849, 0.000117981573567, 0.000113630456326, 6.45028339932e-05, 4.48375758424e-05, 3.31468581862e-05, 3.33466596203e-05, 3.95309543819e-05, 1.84900964086e-05],
        "dmean2": [0.000766206241678, 0.0131446970627, 0.0145773487166, 0.00670229364187, 0.0056366934441, 0.00168736977503, 0.00104887655471, 0.000476550630992, 0.00171355030034, 0.00103478925303, 0.00149664247874, 0.000368124281522, 0.000337040517479, 0.000144845078466, 0.000170017912751, 0.00012807607709, 0.000170695435372, 0.000186349905562, 0.000162107549841, 0.000187846846529, 0.000178204776603, 0.000102021185739, 7.33016640879e-05, 4.95020904054e-05, 5.00302485307e-05, 5.89004484937e-05, 2.93741904898e-05],
        "dvar": [7.44258443319e-07, 9.86882660072e-05, 0.00010918762564, 3.4560867789e-05, 2.52547633863e-05, 2.62154071606e-06, 1.36192488753e-06, 3.98211000174e-07, 4.93659445056e-06, 3.24460847878e-06, 6.25842903901e-06, 1.00732961528e-06, 4.92925039453e-07, 2.09014654473e-08, 2.6381686169e-08, 1.59319135662e-08, 2.0066996953e-08, 3.13494759041e-08, 2.29454606426e-08, 2.56866350412e-08, 2.57603964826e-08, 8.8837968093e-09, 1.26211121554e-08, 4.11491996033e-09, 5.62204016674e-09, 1.01038972744e-08, 1.96774618821e-09],
        "dvar2": [2.15406248572e-06, 0.000275848986348, 0.000284781504888, 8.48709460115e-05, 6.51175578241e-05, 6.42220993541e-06, 3.07668551613e-06, 8.26569305445e-07, 9.91096476355e-06, 6.73756767355e-06, 1.49229626913e-05, 2.99356315736e-06, 1.2633897768e-06, 4.50973942634e-08, 6.64774759684e-08, 3.72661332904e-08, 5.03689676634e-08, 7.75687425403e-08, 5.70959883817e-08, 6.64740227307e-08, 6.25691143341e-08, 2.25221103989e-08, 3.1083558838e-08, 9.07315023113e-09, 1.24332490969e-08, 2.26514380586e-08, 4.44737091598e-09],
        "max": [0.0121544450521, 0.108810573816, 0.11198939383, 0.111074902117, 0.0846407264471, 0.0358008593321, 0.029608797282, 0.0178483854979, 0.0364045538008, 0.0293818935752, 0.0451642647386, 0.0229651518166, 0.0226882137358, 0.00273557100445, 0.00294827553444, 0.00260257138871, 0.00246715266258, 0.00355227291584, 0.00358219328336, 0.00387594662607, 0.00414183083922, 0.00223639653996, 0.0021511069499, 0.00127437082119, 0.00153267174028, 0.00119153980631, 0.000445440207841],
        "mean": [0.000473365827929, 0.00990163628012, 0.0113711226732, 0.00659434637055, 0.00587315671146, 0.00218907138333, 0.0012351552723, 0.000573629396968, 0.0023855632171, 0.00134932401124, 0.00171493063681, 0.000382786936825, 0.000415945833083, 0.000221769791096, 0.000220058980631, 0.000170520346728, 0.000216702377656, 0.000251794874202, 0.000233550890698, 0.000284713867586, 0.000313551514409, 0.00017560494598, 0.000108594082121, 8.88073263923e-05, 9.42684637266e-05, 0.000102978439827, 2.26208503591e-05],
        "median": [0.000239964239881, 0.0062288288027, 0.00741083174944, 0.00329064158723, 0.00339061371051, 0.00122736184858, 0.000654986361042, 0.000286388822133, 0.00100787030533, 0.000324361317325, 0.000280970445601, 7.79086258262e-05, 0.000169874067069, 0.00011958200048, 0.000134419475216, 0.00011025492131, 0.000144988996908, 0.000159796181833, 0.000169147635461, 0.000196253109607, 0.000212967235711, 0.000120210199384, 5.20852736372e-05, 3.88334701711e-05, 3.03163087665e-05, 1.89540478459e-05, 4.30463205703e-06],
        "min": [1.805362613e-23, 2.08387042891e-23, 5.93600081808e-24, 6.57854133741e-25, 5.35957905023e-23, 7.69149606228e-23, 5.20253199013e-23, 4.29862266386e-23, 2.92344688618e-23, 7.73832852541e-23, 7.73414882479e-23, 1.24505386557e-22, 8.19039568011e-23, 9.2770042454e-23, 7.92466315102e-23, 1.06363428515e-22, 1.15920093418e-22, 2.30213391567e-22, 2.51188458352e-22, 3.83312032442e-22, 4.29308858373e-22, 6.24652023087e-22, 6.62634476605e-22, 7.91705095883e-22, 1.17815823361e-21, 2.17087836625e-21, 2.65532529499e-21],
        "var": [6.55858571008e-07, 0.000128170227981, 0.000156276655616, 9.64796490734e-05, 5.3217583627e-05, 9.01285784494e-06, 3.67510688193e-06, 1.09042866825e-06, 1.33733192342e-05, 8.95967332326e-06, 1.39627645694e-05, 2.07910420613e-06, 1.10868552383e-06, 8.79165256151e-08, 7.53085345195e-08, 5.44034186589e-08, 5.93068811838e-08, 1.12592410062e-07, 7.4890870394e-08, 1.105306211e-07, 1.49501474311e-07, 4.06166229538e-08, 4.57883793104e-08, 2.14219806338e-08, 1.81331660798e-08, 2.57796468617e-08, 2.35503083701e-09]
    },
    "erbbands": {
        "dmean": [0.114359349012, 2.23130822182, 8.70454978943, 10.6934480667, 11.5076189041, 15.598608017, 7.23378801346, 9.03235054016, 7.32071018219, 12.5519895554, 8.53283405304, 26.5524082184, 24.8369064331, 34.528137207, 22.5506401062, 9.29124355316, 10.5602140427, 5.77384519577, 3.5061609745, 6.11691474915, 4.33397245407, 5.28036689758, 6.40655183792, 5.22938346863, 5.30232572556, 5.54004383087, 5.61917257309, 3.65588998795, 2.5201292038, 1.82736074924, 1.14624774456, 0.831465005875, 0.482273966074, 0.336285859346, 0.302055299282, 0.167593553662, 0.0806162506342, 0.0239400863647, 0.00278398650698, 0.000119525160699],
        "dmean2": [0.200440734625, 3.67866063118, 14.9171695709, 17.5073070526, 19.0709018707, 25.5309505463, 11.6539525986, 14.3722610474, 12.2582206726, 19.5005092621, 12.6551303864, 38.1807670593, 35.6703796387, 52.0415687561, 33.2974128723, 15.3337402344, 16.9723854065, 8.59811878204, 5.53475141525, 9.67926025391, 6.8679356575, 8.48854351044, 10.1366939545, 8.32186508179, 8.47285556793, 8.87197208405, 8.8272895813, 5.74013853073, 4.01189231873, 2.97631835938, 1.80101931095, 1.22460711002, 0.73027586937, 0.512893617153, 0.465075463057, 0.259611845016, 0.123095221817, 0.0374546982348, 0.00447297841311, 0.000189723883523],
        "dvar": [0.0202531330287, 7.83494281769, 119.64402771, 180.654022217, 290.799835205, 666.645874023, 123.385215759, 193.96987915, 130.179229736, 685.385009766, 283.510009766, 2907.22143555, 3229.62109375, 6358.35644531, 3886.46069336, 1442.92504883, 1347.95349121, 75.4690475464, 32.3986740112, 82.6132202148, 44.0502853394, 50.7577857971, 106.227890015, 51.5195350647, 60.3491210938, 53.6318664551, 77.9690246582, 24.4975624084, 14.7103996277, 11.3330030441, 8.70341110229, 2.76283454895, 0.927733361721, 0.386384606361, 0.54952287674, 0.165615648031, 0.040445882827, 0.00342764332891, 4.48807513749e-05, 6.80178047219e-08],
        "dvar2": [0.0597964189947, 21.8383960724, 325.337432861, 463.528717041, 768.575866699, 1745.45922852, 300.636474609, 467.821838379, 339.486358643, 1532.61669922, 572.996643066, 5747.94824219, 6888.70703125, 14491.4755859, 8734.421875, 4362.90429688, 3753.80078125, 159.805877686, 78.451210022, 206.562866211, 105.087638855, 126.734565735, 271.593444824, 128.497329712, 149.897094727, 141.524047852, 190.653701782, 62.2499313354, 36.9308624268, 28.7614994049, 20.3816928864, 5.93821954727, 2.1684691906, 0.81794321537, 1.23915529251, 0.386615753174, 0.0917825326324, 0.00753444060683, 0.000108733445813, 1.63559690236e-07],
        "max": [1.90307641029, 30.5026321411, 116.53704834, 197.596542358, 292.074554443, 500.309051514, 270.192047119, 354.157287598, 312.487548828, 677.664245605, 392.231506348, 984.998291016, 1165.11206055, 1247.09191895, 1473.34912109, 819.348388672, 1227.73876953, 181.916168213, 140.380462646, 152.728485107, 146.524017334, 147.693984985, 227.248916626, 185.513580322, 179.688262939, 146.560943604, 218.277511597, 109.3698349, 91.0327682495, 59.3431854248, 76.0808258057, 38.5997314453, 19.44764328, 12.9394083023, 15.5818557739, 5.67119550705, 2.43638491631, 0.590653955936, 0.0674912333488, 0.00245715677738],
        "mean": [0.15719653666, 2.7533993721, 11.7866392136, 18.7432918549, 19.5405006409, 24.1636352539, 13.4817390442, 19.4334087372, 13.6699180603, 24.9817943573, 17.9309272766, 53.3005638123, 49.7872467041, 62.4360656738, 40.3275337219, 17.7931232452, 21.4627170563, 13.7320842743, 7.76408576965, 12.6402168274, 9.99083042145, 11.6243143082, 14.443862915, 11.9925022125, 12.7404327393, 13.3937063217, 14.093038559, 10.1857652664, 6.79719400406, 4.67626667023, 2.86279630661, 2.18538999557, 1.19944405556, 0.901236951351, 0.772871673107, 0.422259807587, 0.203692510724, 0.0395645461977, 0.00357652665116, 0.000189885831787],
        "median": [0.113364763558, 1.74879252911, 8.05055141449, 12.2981319427, 11.1927709579, 11.4904050827, 8.38986301422, 10.5659408569, 8.74361515045, 10.7766218185, 9.19341850281, 20.8064193726, 18.724729538, 13.4690084457, 10.3938159943, 5.51273345947, 8.29231548309, 7.48077917099, 4.90841531754, 8.11096000671, 6.79212903976, 7.95848178864, 9.2450799942, 8.90086269379, 9.00157546997, 9.39722633362, 9.20287036896, 7.08216142654, 4.54269552231, 2.80014252663, 1.27235651016, 0.882576823235, 0.507819414139, 0.329945713282, 0.191674470901, 0.09162016958, 0.0349614284933, 0.00598382344469, 0.000814760045614, 0.000105117069324],
        "min": [9.19826355772e-22, 3.77691475485e-21, 5.58403014737e-21, 5.49691445793e-21, 1.99835882312e-20, 3.08463844679e-19, 5.90539542143e-19, 4.7331455596e-19, 5.4648167967e-19, 8.36226142744e-19, 1.16081822576e-18, 8.17714771213e-19, 2.26290869598e-18, 2.86358595691e-18, 2.46910352279e-18, 5.13202704363e-18, 5.17699010018e-18, 4.52173566923e-18, 3.08016334798e-18, 6.25415751515e-18, 5.57976460636e-18, 6.28812361905e-18, 1.24773999821e-17, 1.10794490304e-17, 1.35159575012e-17, 1.8806819766e-17, 2.07814338915e-17, 1.85832609706e-17, 2.10749556231e-17, 1.96592227698e-17, 1.94567670062e-17, 1.42346963898e-17, 1.46725479034e-17, 1.23559723497e-17, 9.17683105117e-18, 7.54350585622e-18, 4.73630838807e-18, 1.53506275562e-18, 3.12082165323e-19, 4.09231161384e-20],
        "var": [0.0311363544315, 9.89749526978, 158.839050293, 446.039337158, 618.618347168, 1277.875, 283.023712158, 799.562744141, 254.365310669, 2158.96142578, 775.391784668, 8267.85839844, 7977.46923828, 14913.5644531, 8530.3671875, 3149.8605957, 3031.16137695, 330.511779785, 103.00528717, 216.55317688, 157.595550537, 166.23777771, 383.76651001, 155.680953979, 225.971084595, 221.308792114, 368.54309082, 141.403060913, 63.0497398376, 44.6733436584, 35.9860343933, 16.4241218567, 3.21849036217, 1.6588344574, 1.37633192539, 0.406890124083, 0.104607775807, 0.00540592614561, 5.16014879395e-05, 7.90173402265e-08]
    },
    "gfcc": {
        "mean": [6.22606897354, 91.6104125977, -93.1022796631, 31.134519577, -52.767906189, 6.1939330101, -20.0899429321, 6.15107536316, -24.9992275238, -2.99956512451, -24.2592487335, -1.9950619936, -12.4606380463],
        "cov": [[19810.0058594, 1284.98657227, 907.368713379, 1970.79992676, -75.0884246826, 149.278030396, -706.79699707, 27.0271205902, -729.743347168, 246.479217529, -302.260345459, 124.42250061, -311.135314941], [1284.98657227, 1924.54772949, -420.229370117, 116.325088501, 6.2447104454, -165.61164856, 194.17755127, -248.249526978, 177.677261353, -229.556137085, 30.6816425323, -174.477172852, 16.3622760773], [907.368713379, -420.229370117, 947.419250488, 162.65057373, 103.609809875, 75.3547515869, -77.699798584, 148.15763855, -161.999191284, 135.756378174, -69.9869613647, 112.103889465, -10.0904626846], [1970.79992676, 116.325088501, 162.65057373, 820.637084961, 81.9490890503, -33.5714836121, -189.802566528, -113.909088135, 1.12520325184, 57.1164016724, 31.8273868561, -31.613615036, -75.2991027832], [-75.0884246826, 6.2447104454, 103.609809875, 81.9490890503, 198.819656372, 69.2187423706, 9.37218666077, -30.8064517975, -41.7642097473, 22.4516792297, 15.4408130646, 28.2453308105, -6.30398082733], [149.278030396, -165.61164856, 75.3547515869, -33.5714836121, 69.2187423706, 192.69758606, 15.1458702087, 29.4343357086, -90.3281478882, -4.96660709381, 11.059176445, 57.3824691772, 23.3575706482], [-706.79699707, 194.17755127, -77.699798584, -189.802566528, 9.37218666077, 15.1458702087, 296.797821045, 64.726776123, 80.2191162109, -85.3839569092, -12.1826696396, -2.91162395477, 66.3984603882], [27.0271205902, -248.249526978, 148.15763855, -113.909088135, -30.8064517975, 29.4343357086, 64.726776123, 184.028839111, 9.36780834198, 52.5442581177, -53.0588150024, 28.4406089783, 17.0183811188], [-729.743347168, 177.677261353, -161.999191284, 1.12520325184, -41.7642097473, -90.3281478882, 80.2191162109, 9.36780834198, 207.289352417, -12.2231359482, 21.3315410614, -89.2724838257, 0.57347124815], [246.479217529, -229.556137085, 135.756378174, 57.1164016724, 22.4516792297, -4.96660709381, -85.3839569092, 52.5442581177, -12.2231359482, 149.552947998, 10.5587768555, 25.7967510223, -46.5685958862], [-302.260345459, 30.6816425323, -69.9869613647, 31.8273868561, 15.4408130646, 11.059176445, -12.1826696396, -53.0588150024, 21.3315410614, 10.5587768555, 93.6395111084, 19.9765090942, -1.72439265251], [124.42250061, -174.477172852, 112.103889465, -31.613615036, 28.2453308105, 57.3824691772, -2.91162395477, 28.4406089783, -89.2724838257, 25.7967510223, 19.9765090942, 120.357048035, 39.6355514526], [-311.135314941, 16.3622760773, -10.0904626846, -75.2991027832, -6.30398082733, 23.3575706482, 66.3984603882, 17.0183811188, 0.57347124815, -46.5685958862, -1.72439265251, 39.6355514526, 88.6972198486]],
        "icov": [[0.000151643762365, -0.000271471741144, 6.68989378028e-05, -0.000404208694817, 0.000374192313757, -0.000235678991885, 0.000102302728919, -0.0004427350068, 0.000587839109357, -0.000250071141636, 0.000456295645563, -0.000287063710857, 0.000345557404216], [-0.000271471741144, 0.0014027946163, -9.72823327174e-05, 0.00057007902069, -0.000794133753516, 0.000950350717176, -0.000949786161073, 0.00181933899876, -0.00100456317887, 0.000963236961979, -0.000841365195811, 0.00127179012634, -0.000755387416575], [6.68989378028e-05, -9.72823327174e-05, 0.00189439486712, -0.000679719203617, -0.000661650265101, 0.000312431744533, 0.000110886641778, -0.00179465010297, 0.00148204015568, -0.000810802914202, 0.000828996300697, -0.000532629026566, -0.00015803410497], [-0.000404208694817, 0.00057007902069, -0.000679719203617, 0.00288872281089, -0.0015039666323, 0.000463723845314, 0.000835985410959, 0.00211738329381, -0.00265889056027, 0.000761543109547, -0.00104582996573, 0.000387143867556, -0.000185419004993], [0.000374192313757, -0.000794133753516, -0.000661650265101, -0.0015039666323, 0.00887998566031, -0.00397185189649, -0.00213757320307, 0.0033011441119, 0.000941860897001, -0.00381111958995, 0.00271077314392, -0.0018006649334, 0.00160122558009], [-0.000235678991885, 0.000950350717176, 0.000312431744533, 0.000463723845314, -0.00397185189649, 0.0101669263095, -0.000474889820907, -0.00373582309112, 0.00464241532609, 0.00287554902025, -0.00578655675054, 0.00299670221284, -0.00243206275627], [0.000102302728919, -0.000949786161073, 0.000110886641778, 0.000835985410959, -0.00213757320307, -0.000474889820907, 0.00818772614002, -0.00483545707539, -0.00308799766935, 0.00468216231093, -0.000138733710628, -0.00243392097764, -0.000408829189837], [-0.0004427350068, 0.00181933899876, -0.00179465010297, 0.00211738329381, 0.0033011441119, -0.00373582309112, -0.00483545707539, 0.0191098693758, -0.00740381935611, -0.00659770006314, 0.00921055767685, -0.00367270316929, -0.000719530449715], [0.000587839109357, -0.00100456317887, 0.00148204015568, -0.00265889056027, 0.000941860897001, 0.00464241532609, -0.00308799766935, -0.00740381935611, 0.0188092775643, -0.00376745220274, -0.0077677522786, 0.0128819094971, -0.00527175143361], [-0.000250071141636, 0.000963236961979, -0.000810802914202, 0.000761543109547, -0.00381111958995, 0.00287554902025, 0.00468216231093, -0.00659770006314, -0.00376745220274, 0.0178345404565, -0.00488685723394, -0.00447861524299, 0.00752643402666], [0.000456295645563, -0.000841365195811, 0.000828996300697, -0.00104582996573, 0.00271077314392, -0.00578655675054, -0.000138733710628, 0.00921055767685, -0.0077677522786, -0.00488685723394, 0.0240410044789, -0.0130853457376, 0.00481462944299], [-0.000287063710857, 0.00127179012634, -0.000532629026566, 0.000387143867556, -0.0018006649334, 0.00299670221284, -0.00243392097764, -0.00367270316929, 0.0128819094971, -0.00447861524299, -0.0130853457376, 0.0283903684467, -0.0147396419197], [0.000345557404216, -0.000755387416575, -0.00015803410497, -0.000185419004993, 0.00160122558009, -0.00243206275627, -0.000408829189837, -0.000719530449715, -0.00527175143361, 0.00752643402666, 0.00481462944299, -0.0147396419197, 0.0243146885186]]
    },
    "melbands": {
        "dmean": [0.00160249404144, 0.00390267395414, 0.00184053694829, 0.000887562113348, 0.00034182559466, 0.000201519505936, 0.000119311916933, 0.000121870310977, 0.000101207318949, 0.000161855889019, 0.000121642282465, 0.000132564775413, 0.000109661123133, 1.47787905007e-05, 4.17639384978e-05, 1.45924486787e-05, 1.07556070361e-05, 5.45569218957e-06, 7.92411810835e-06, 7.07985873305e-06, 5.13067107022e-06, 5.33439970241e-06, 6.85877239448e-06, 6.95178277965e-06, 4.40454732598e-06, 4.46914691565e-06, 4.15938484366e-06, 3.95174538426e-06, 4.14029091189e-06, 2.87126499643e-06, 2.24118412007e-06, 1.59172464009e-06, 1.37681377055e-06, 1.12486463877e-06, 7.75344688009e-07, 5.99176928517e-07, 4.68284866884e-07, 3.88219319802e-07, 3.01186702245e-07, 3.07366065044e-07],
        "dmean2": [0.00270456285216, 0.0065806331113, 0.00301975128241, 0.00145418616012, 0.000549445161596, 0.000321828207234, 0.000196807930479, 0.000189242753549, 0.000148092687596, 0.000231919708312, 0.000174597735167, 0.000199515430722, 0.000163049815455, 2.25356616284e-05, 7.00245145708e-05, 2.25485018746e-05, 1.59972641995e-05, 8.68795996212e-06, 1.26386958073e-05, 1.11631325126e-05, 8.30565022625e-06, 8.68772713147e-06, 1.0988737813e-05, 1.10657956611e-05, 7.17463535693e-06, 7.13881172487e-06, 6.80051562085e-06, 6.38583424006e-06, 6.62963202558e-06, 4.59105604023e-06, 3.57143017027e-06, 2.56157932199e-06, 2.1990147161e-06, 1.87836212717e-06, 1.24852101635e-06, 8.95266225598e-07, 6.99312408869e-07, 6.00891553404e-07, 4.68046579272e-07, 4.80971550587e-07],
        "dvar": [3.9952960833e-06, 2.37406347878e-05, 5.42943917026e-06, 1.62530557191e-06, 2.64173678488e-07, 9.23491754179e-08, 3.37084067326e-08, 6.37085619815e-08, 4.90004445908e-08, 9.16826650155e-08, 8.10904836612e-08, 9.77669287749e-08, 8.78146622085e-08, 1.93605265153e-09, 3.72462629628e-08, 1.48713397152e-09, 2.80600209734e-10, 7.73792557807e-11, 1.85577067602e-10, 1.10396844444e-10, 5.93140675464e-11, 5.43767218752e-11, 1.07172853925e-10, 1.21413296084e-10, 4.09562522785e-11, 5.53720853891e-11, 3.26151883279e-11, 3.26176446963e-11, 4.21375954962e-11, 1.89815628493e-11, 9.43318600316e-12, 5.9984205103e-12, 4.26353223559e-12, 6.60894949878e-12, 3.92372115701e-12, 2.18351465381e-12, 8.60942827446e-13, 5.80437119809e-13, 4.11551218452e-13, 2.93651116878e-13],
        "dvar2": [1.1356442883e-05, 6.49407229503e-05, 1.39859021147e-05, 4.21593495048e-06, 6.57475311527e-07, 2.25512735597e-07, 8.50254409102e-08, 1.43403511288e-07, 9.91668258621e-08, 1.81544734801e-07, 1.72597111714e-07, 2.19375166921e-07, 1.99987866267e-07, 4.34180114084e-09, 1.15776487064e-07, 3.58416896162e-09, 5.87021931064e-10, 1.86753459919e-10, 4.73752703734e-10, 2.5999075115e-10, 1.50248605224e-10, 1.37292927027e-10, 2.7381344414e-10, 3.06999037303e-10, 1.05589446908e-10, 1.26068128159e-10, 8.6944465516e-11, 8.73285332936e-11, 1.0748604784e-10, 4.79013981258e-11, 2.42733420169e-11, 1.55489492809e-11, 1.06426378127e-11, 1.69544829565e-11, 9.90944826196e-12, 4.54155072924e-12, 1.76010562462e-12, 1.37218513462e-12, 9.7504502302e-13, 6.40862037916e-13],
        "max": [0.0222641304135, 0.0495462454855, 0.0377866439521, 0.0208635944873, 0.00924198701978, 0.0071794083342, 0.00448654033244, 0.00648294342682, 0.00451505323872, 0.005436507985, 0.00579644367099, 0.00530211627483, 0.00678368937224, 0.00130381656345, 0.00354380137287, 0.0017688566586, 0.000332572410116, 0.000239582950599, 0.000315581826726, 0.000221957496251, 0.000160282463185, 0.000186250385013, 0.00019719665579, 0.000189462400158, 0.000168644924997, 0.000219821318751, 0.000105960229121, 0.000129346910398, 0.000143491852214, 0.000117688527098, 6.01437895966e-05, 4.43090721092e-05, 5.44745780644e-05, 4.60552000732e-05, 4.94231899211e-05, 3.61412967322e-05, 2.66404495051e-05, 1.31596234496e-05, 1.39681160363e-05, 1.20692393466e-05],
        "mean": [0.00213462812826, 0.00549734011292, 0.00342449988239, 0.00154122489039, 0.000617943762336, 0.00042939913692, 0.000227598371566, 0.000241556102992, 0.000196761320694, 0.000328081951011, 0.000235995743424, 0.000235756408074, 0.000191447514226, 2.81921875285e-05, 7.4627547292e-05, 3.07537557092e-05, 2.46073341259e-05, 1.07290888991e-05, 1.57477188623e-05, 1.4878570255e-05, 1.07581727207e-05, 1.09606626211e-05, 1.36556400321e-05, 1.3546392438e-05, 8.89306102181e-06, 9.54240294959e-06, 9.00477698451e-06, 8.68708320922e-06, 9.33641695156e-06, 7.02637316863e-06, 5.52716437596e-06, 3.82604639526e-06, 3.27451130033e-06, 2.41346765506e-06, 1.72583736457e-06, 1.40451425068e-06, 1.22509345601e-06, 8.65410072493e-07, 7.1964785775e-07, 7.69876237428e-07],
        "median": [0.00143512268551, 0.0039458218962, 0.00231903349049, 0.000878622930031, 0.000367030443158, 0.000239287764998, 0.000143827550346, 0.000104221238871, 7.52788691898e-05, 0.000141716751386, 6.9002941018e-05, 4.55806875834e-05, 3.81229183404e-05, 9.73685109784e-06, 1.58889215527e-05, 1.67021771631e-05, 1.23438649098e-05, 6.44810143058e-06, 9.79789183475e-06, 9.54509232542e-06, 7.16631348041e-06, 7.5866946645e-06, 8.15378734842e-06, 7.99617555458e-06, 6.60888781567e-06, 6.25818665867e-06, 6.35609285382e-06, 5.85261295782e-06, 5.79870538786e-06, 4.70692839372e-06, 3.76916159439e-06, 2.52567951975e-06, 2.10375060306e-06, 1.27337864342e-06, 7.01219391885e-07, 5.90221191032e-07, 4.88269449761e-07, 3.62735022463e-07, 2.44515376835e-07, 2.76485280892e-07],
        "min": [8.24390490417e-24, 3.62889860911e-24, 9.12751707601e-25, 1.03403658687e-23, 1.9460698394e-23, 1.14382022912e-23, 8.97053651689e-24, 8.44813625937e-24, 8.81556952522e-24, 4.85928890728e-24, 1.11937587514e-23, 1.09347630944e-23, 9.02762953604e-24, 9.53006766835e-24, 1.54082015947e-23, 9.11718970347e-24, 8.10686872088e-24, 4.64276433817e-24, 6.63083186999e-24, 9.33008669571e-24, 5.75448589595e-24, 5.27470108782e-24, 9.70916985941e-24, 1.22405164303e-23, 8.35007217138e-24, 9.51927841775e-24, 8.38446414027e-24, 1.42204200406e-23, 1.55147751253e-23, 8.17040357819e-24, 1.21529079048e-23, 1.38979968114e-23, 9.61224330885e-24, 1.09005998952e-23, 1.14348141336e-23, 8.7737346537e-24, 9.0844622311e-24, 9.82282183889e-24, 1.06927879004e-23, 1.02822031541e-23],
        "var": [5.58897454539e-06, 3.21049010381e-05, 1.46793772728e-05, 3.50590903508e-06, 6.06081471233e-07, 3.64915877071e-07, 7.39573309261e-08, 2.01686063406e-07, 1.29565592033e-07, 2.61327130602e-07, 2.03166436563e-07, 2.32507488818e-07, 1.9447276145e-07, 5.48616974072e-09, 7.27021998159e-08, 3.65430175009e-09, 1.24039700733e-09, 2.23473670125e-10, 4.48834108768e-10, 3.44966943899e-10, 1.87626719717e-10, 1.60143634464e-10, 3.46072670521e-10, 3.42703865286e-10, 9.37787486555e-11, 1.69833314079e-10, 1.01055122603e-10, 1.09058408138e-10, 1.7325935131e-10, 8.53623352559e-11, 4.2157652369e-11, 1.99263921336e-11, 1.73956907906e-11, 1.75182056361e-11, 1.4238960705e-11, 8.40274898273e-12, 5.40333749965e-12, 1.63234681848e-12, 1.38561926689e-12, 1.18384393e-12]
    },
    "mfcc": {
        "mean": [-642.095458984, 127.457344055, 14.3420782089, 34.7599563599, -5.28754997253, 7.17334270477, 3.81050634384, 7.90685081482, 6.58746862411, 1.5364125967, -2.53118062019, -4.18491363525, -6.48131084442],
        "cov": [[11016.0087891, -225.976699829, 753.982727051, 1366.66931152, 564.548706055, 446.846618652, 189.341918945, -190.046264648, -313.764709473, -206.036132812, 41.3214645386, 173.812347412, 84.3972549438], [-225.976699829, 1233.10913086, -89.5489120483, 82.5506744385, -74.1660614014, 71.9248275757, -21.5132389069, 51.9532203674, 13.700138092, 18.9424171448, -15.1248455048, -34.8831710815, -33.2924613953], [753.982727051, -89.5489120483, 514.935852051, 114.445983887, 99.0659713745, -17.1724071503, 79.4464950562, -0.711075365543, 35.9939193726, -8.3036737442, -0.536308944225, -7.82633161545, 9.74982643127], [1366.66931152, 82.5506744385, 114.445983887, 534.796386719, 111.838302612, 121.264610291, -46.9630241394, -65.3584976196, -72.6733551025, 6.77807378769, 44.4712677002, 59.0329780579, 12.3859653473], [564.548706055, -74.1660614014, 99.0659713745, 111.838302612, 217.43687439, 97.3559417725, 32.816570282, -59.3519973755, -73.7998809814, -49.5411186218, 8.69083499908, 35.7055969238, 21.8283672333], [446.846618652, 71.9248275757, -17.1724071503, 121.264610291, 97.3559417725, 159.776824951, 49.9244651794, 0.455219507217, -65.6783065796, -38.442817688, -13.8393640518, 21.8355064392, 19.7248153687], [189.341918945, -21.5132389069, 79.4464950562, -46.9630241394, 32.816570282, 49.9244651794, 166.934860229, 72.8356552124, 32.9966888428, -34.7272758484, -39.8537063599, -29.456577301, 24.8012714386], [-190.046264648, 51.9532203674, -0.711075365543, -65.3584976196, -59.3519973755, 0.455219507217, 72.8356552124, 139.637771606, 88.6040115356, 24.5002059937, -41.3090400696, -45.0230674744, -10.0042982101], [-313.764709473, 13.700138092, 35.9939193726, -72.6733551025, -73.7998809814, -65.6783065796, 32.9966888428, 88.6040115356, 164.520233154, 85.1686248779, -3.66397643089, -59.5003166199, -23.2289066315], [-206.036132812, 18.9424171448, -8.3036737442, 6.77807378769, -49.5411186218, -38.442817688, -34.7272758484, 24.5002059937, 85.1686248779, 140.042160034, 56.9141769409, -10.3019123077, -27.1957836151], [41.3214645386, -15.1248455048, -0.536308944225, 44.4712677002, 8.69083499908, -13.8393640518, -39.8537063599, -41.3090400696, -3.66397643089, 56.9141769409, 117.54322052, 58.1268501282, -14.387421608], [173.812347412, -34.8831710815, -7.82633161545, 59.0329780579, 35.7055969238, 21.8355064392, -29.456577301, -45.0230674744, -59.5003166199, -10.3019123077, 58.1268501282, 119.701972961, 30.540473938], [84.3972549438, -33.2924613953, 9.74982643127, 12.3859653473, 21.8283672333, 19.7248153687, 24.8012714386, -10.0042982101, -23.2289066315, -27.1957836151, -14.387421608, 30.540473938, 97.3873977661]],
