{
"lowlevel": {
    "average_loudness": 0.857701003551,
    "barkbands_crest": {
        "dmean": 2.08411049843,
        "dmean2": 3.3377828598,
        "dvar": 6.95273303986,
        "dvar2": 16.5961170197,
        "max": 26.4786643982,
        "mean": 16.6009426117,
        "median": 17.2998542786,
        "min": 2.80577492714,
        "var": 26.1462593079
    },
    "barkbands_flatness_db": {
        "dmean": 0.0457014925778,
        "dmean2": 0.0661816075444,
        "dvar": 0.00204207841307,
        "dvar2": 0.00408340990543,
        "max": 0.716882526875,
        "mean": 0.306305348873,
        "median": 0.309707790613,
        "min": 0.0178863611072,
        "var": 0.0141048738733
    },
    "barkbands_kurtosis": {
        "dmean": 48.122467041,
        "dmean2": 85.2169799805,
        "dvar": 5962.21484375,
        "dvar2": 17563.71875,
        "max": 1188.61767578,
        "mean": 62.1168289185,
        "median": 28.1027183533,
        "min": -1.97520637512,
        "var": 8307.46386719
    },
    "barkbands_skewness": {
        "dmean": 2.28601288795,
        "dmean2": 3.9204390049,
        "dvar": 5.36475944519,
        "dvar2": 15.6550416946,
        "max": 24.0680236816,
        "mean": 4.94176912308,
        "median": 4.78109693527,
        "min": -12.1299448013,
        "var": 15.7496356964
    },
    "barkbands_spread": {
        "dmean": 19.0502567291,
        "dmean2": 31.4826068878,
        "dvar": 717.131530762,
        "dvar2": 1560.15600586,
        "max": 151.025863647,
        "mean": 23.3961963654,
        "median": 6.82057762146,
        "min": 0.133552521467,
        "var": 1202.4230957
    },
    "dissonance": {
        "dmean": 0.0418788902462,
        "dmean2": 0.0703316926956,
        "dvar": 0.00168947607744,
        "dvar2": 0.00462246267125,
        "max": 0.5,
        "mean": 0.411061793566,
        "median": 0.426581382751,
        "min": 0.0494944863021,
        "var": 0.00414482876658
    },
    "dynamic_complexity": 3.92944025993,
    "erbbands_crest": {
        "dmean": 2.94566893578,
        "dmean2": 4.75438261032,
        "dvar": 9.51118373871,
        "dvar2": 22.8673038483,
        "max": 32.5260009766,
        "mean": 9.9117603302,
        "median": 8.60442829132,
        "min": 2.41928720474,
        "var": 23.3608112335
    },
    "erbbands_flatness_db": {
        "dmean": 0.0455943383276,
        "dmean2": 0.0644141808152,
        "dvar": 0.00151417008601,
        "dvar2": 0.00289018126205,
        "max": 0.683574080467,
        "mean": 0.165651142597,
        "median": 0.146464422345,
        "min": 0.0203255899251,
        "var": 0.00877382326871
    },
    "erbbands_kurtosis": {
        "dmean": 3.41684222221,
        "dmean2": 5.65740919113,
        "dvar": 33.4072494507,
        "dvar2": 87.1371994019,
        "max": 140.13269043,
        "mean": 3.1678481102,
        "median": 1.55095171928,
        "min": -1.91436266899,
        "var": 39.1314811707
    },
    "erbbands_skewness": {
        "dmean": 0.757325351238,
        "dmean2": 1.19865322113,
        "dvar": 0.554430305958,
        "dvar2": 1.33272624016,
        "max": 9.91319274902,
        "mean": 0.800998568535,
        "median": 0.771352052689,
        "min": -7.09241962433,
        "var": 1.20989990234
    },
    "erbbands_spread": {
        "dmean": 25.1759662628,
        "dmean2": 40.9609489441,
        "dvar": 1197.95715332,
        "dvar2": 2776.48779297,
        "max": 278.751861572,
        "mean": 43.9175109863,
        "median": 32.9594841003,
        "min": 0.282060086727,
        "var": 1424.32458496
    },
    "hfc": {
        "dmean": 114.734840393,
        "dmean2": 198.765594482,
        "dvar": 41669.0585938,
        "dvar2": 105691.367188,
        "max": 1693.54052734,
        "mean": 99.4425582886,
        "median": 37.1842498779,
        "min": 1.29536529073e-12,
        "var": 33485.3359375
    },
    "melbands_crest": {
        "dmean": 2.13130187988,
        "dmean2": 3.33158445358,
        "dvar": 11.0678596497,
        "dvar2": 25.7181816101,
        "max": 38.6238365173,
        "mean": 28.4172859192,
        "median": 32.8606948853,
        "min": 1.00217843056,
        "var": 91.8805999756
    },
    "melbands_flatness_db": {
        "dmean": 0.0516454800963,
        "dmean2": 0.0753739178181,
        "dvar": 0.00285637471825,
        "dvar2": 0.00573937082663,
        "max": 0.921734988689,
        "mean": 0.443366646767,
        "median": 0.449917972088,
        "min": 2.45917107122e-07,
        "var": 0.0212826281786
    },
    "melbands_kurtosis": {
        "dmean": 76.9714355469,
        "dmean2": 126.447219849,
        "dvar": 67033.046875,
        "dvar2": 165440.96875,
        "max": 4248.93457031,
        "mean": 127.933158875,
        "median": 55.2289276123,
        "min": -1.92948520184,
        "var": 84635.890625
    },
    "melbands_skewness": {
        "dmean": 1.84281480312,
        "dmean2": 2.90642309189,
        "dvar": 8.66289043427,
        "dvar2": 21.1364955902,
        "max": 51.9058876038,
        "mean": 6.77920293808,
        "median": 6.21905326843,
        "min": -5.25779151917,
        "var": 30.4288883209
    },
    "melbands_spread": {
        "dmean": 2.71776914597,
        "dmean2": 4.31369256973,
        "dvar": 45.2159957886,
        "dvar2": 109.180923462,
        "max": 191.979598999,
        "mean": 6.45542144775,
        "median": 2.28306818008,
        "min": 0.0616729445755,
        "var": 107.064277649
    },
    "pitch_salience": {
        "dmean": 0.0739864557981,
        "dmean2": 0.117755189538,
        "dvar": 0.00791156571358,
        "dvar2": 0.0180401802063,
        "max": 0.996051311493,
        "mean": 0.30003118515,
        "median": 0.211523205042,
        "min": 0.0505174212158,
        "var": 0.0398921817541
    },
    "silence_rate_20dB": {
        "dmean": 0.0446565821767,
        "dmean2": 0.0893203914165,
        "dvar": 0.0426612682641,
        "dvar2": 0.0912118330598,
        "max": 1,
        "mean": 0.569487154484,
        "median": 1,
        "min": 0,
        "var": 0.245151564479
    },
    "silence_rate_30dB": {
        "dmean": 0.017312515527,
        "dmean2": 0.0346278324723,
        "dvar": 0.0170143097639,
        "dvar2": 0.0352067798376,
        "max": 1,
        "mean": 0.389580965042,
        "median": 0,
        "min": 0,
        "var": 0.237799525261
    },
    "silence_rate_60dB": {
        "dmean": 0.0171507168561,
        "dmean2": 0.0342232994735,
        "dvar": 0.0168592911214,
        "dvar2": 0.0377434529364,
        "max": 1,
        "mean": 0.0605080090463,
        "median": 0,
        "min": 0,
        "var": 0.0568476729095
    },
    "spectral_centroid": {
        "dmean": 168.996810913,
        "dmean2": 272.492431641,
        "dvar": 84277.515625,
        "dvar2": 195917.734375,
        "max": 6618.43310547,
        "mean": 632.529907227,
        "median": 515.813842773,
        "min": 81.4861450195,
        "var": 205956.578125
    },
    "spectral_complexity": {
        "dmean": 2.2917239666,
        "dmean2": 3.70072817802,
        "dvar": 10.8013191223,
        "dvar2": 24.7690658569,
        "max": 57,
        "mean": 11.85754776,
        "median": 12,
        "min": 0,
        "var": 32.1102790833
    },
    "spectral_decrease": {
        "dmean": 1.47563969932e-08,
        "dmean2": 2.19238351917e-08,
        "dvar": 5.66222625817e-16,
        "dvar2": 1.48852996173e-15,
        "max": 1.10831477329e-08,
        "mean": -6.98491646745e-08,
        "median": -6.67055886083e-08,
        "min": -2.82780121097e-07,
        "var": 4.18736031431e-15
    },
    "spectral_energy": {
        "dmean": 0.055617377162,
        "dmean2": 0.082203745842,
        "dvar": 0.00763229420409,
        "dvar2": 0.0203781872988,
        "max": 1.07115483284,
        "mean": 0.272645354271,
        "median": 0.258082956076,
        "min": 1.17497075251e-16,
        "var": 0.0590711645782
    },
    "spectral_energyband_high": {
        "dmean": 0.00689262291417,
        "dmean2": 0.0119776213542,
        "dvar": 0.000150504667545,
        "dvar2": 0.00037942425115,
        "max": 0.100843667984,
        "mean": 0.00494582531974,
        "median": 0.000623153173365,
        "min": 8.52860004536e-17,
        "var": 0.000121805656818
    },
    "spectral_energyband_low": {
        "dmean": 0.0524965897202,
        "dmean2": 0.0777976810932,
        "dvar": 0.00813569687307,
        "dvar2": 0.0214790720493,
        "max": 1.05252563953,
        "mean": 0.251715600491,
        "median": 0.235393866897,
        "min": 8.01169918191e-19,
        "var": 0.0577644631267
    },
    "spectral_energyband_middle_high": {
        "dmean": 0.00196480168961,
        "dmean2": 0.00311543606222,
        "dvar": 1.89876463992e-05,
        "dvar2": 4.53459651908e-05,
        "max": 0.0995637103915,
        "mean": 0.00305215804838,
        "median": 0.00149365200195,
        "min": 1.71960377243e-17,
        "var": 2.43453541771e-05
    },
    "spectral_energyband_middle_low": {
        "dmean": 0.00553904660046,
        "dmean2": 0.00904917810112,
        "dvar": 0.000184347067261,
        "dvar2": 0.000496112625115,
        "max": 0.181640699506,
        "mean": 0.0111414575949,
        "median": 0.00721942167729,
        "min": 3.55521276018e-18,
        "var": 0.000212245882722
    },
    "spectral_entropy": {
        "dmean": 0.523629426956,
        "dmean2": 0.779123425484,
        "dvar": 0.24760915339,
        "dvar2": 0.507146775723,
        "max": 9.2194070816,
        "mean": 6.88830375671,
        "median": 6.87901306152,
        "min": 3.51181268692,
        "var": 0.717900633812
    },
    "spectral_flux": {
        "dmean": 0.0619473494589,
        "dmean2": 0.0993051454425,
        "dvar": 0.00673892488703,
        "dvar2": 0.0161170717329,
        "max": 0.932194530964,
        "mean": 0.13216522336,
        "median": 0.0990297496319,
        "min": 5.36861170986e-06,
        "var": 0.014317217283
    },
    "spectral_kurtosis": {
        "dmean": 14.8079280853,
        "dmean2": 22.0992107391,
        "dvar": 669.584716797,
        "dvar2": 1517.78833008,
        "max": 817.807617188,
        "mean": 22.3797988892,
        "median": 10.3460731506,
        "min": -1.29913067818,
        "var": 1461.3223877
    },
    "spectral_rms": {
        "dmean": 0.00157099752687,
        "dmean2": 0.00229107914492,
        "dvar": 4.0393956624e-06,
        "dvar2": 9.89632280834e-06,
        "max": 0.0323269106448,
        "mean": 0.0139678707346,
        "median": 0.0158678367734,
        "min": 3.38572447856e-10,
        "var": 7.08938969183e-05
    },
    "spectral_rolloff": {
        "dmean": 2352.26660156,
        "dmean2": 4434.42529297,
        "dvar": 28802942,
        "dvar2": 63298336,
        "max": 19573.6816406,
        "mean": 2497.49755859,
        "median": 64.599609375,
        "min": 43.06640625,
        "var": 31670940
    },
    "spectral_skewness": {
        "dmean": 1.21884834766,
        "dmean2": 1.76896739006,
        "dvar": 1.7997494936,
        "dvar2": 3.26828575134,
        "max": 23.4329681396,
        "mean": 3.50000882149,
        "median": 2.89180707932,
        "min": -0.239101827145,
        "var": 4.83045053482
    },
    "spectral_spread": {
        "dmean": 5117224.5,
        "dmean2": 7609671.5,
        "dvar": 2.85851212841e+13,
        "dvar2": 5.68940686213e+13,
        "max": 34403808,
        "mean": 8530593,
        "median": 6534734.5,
        "min": 157035.75,
        "var": 4.79191682253e+13
    },
    "spectral_strongpeak": {
        "dmean": 0.261633425951,
        "dmean2": 0.424844890833,
        "dvar": 0.746245920658,
        "dvar2": 1.92153513432,
        "max": 18.980474472,
        "mean": 0.956191420555,
        "median": 0.895384550095,
        "min": 0,
        "var": 0.806549906731
    },
    "zerocrossingrate": {
        "dmean": 0.0387790352106,
        "dmean2": 0.0519567579031,
        "dvar": 0.00277751870453,
        "dvar2": 0.00418509542942,
        "max": 0.6640625,
        "mean": 0.07175668329,
        "median": 0.0283203125,
        "min": 0.00146484375,
        "var": 0.0101075498387
    },
    "barkbands": {
        "dmean": [0.0138630783185, 0.0446779876947, 0.00657733110711, 0.0026529498864, 0.00112739368342, 0.0011755268788, 0.00101833837107, 0.000361153041013, 0.00120928767137, 0.000367335305782, 0.000820898800157, 0.000408778258134, 0.000580879685003, 9.11512834136e-05, 0.000109492510092, 5.15203064424e-05, 2.39959663304e-05, 2.87402672257e-05, 3.33062889695e-05, 2.72802899417e-05, 2.65143025899e-05, 5.2271381719e-05, 5.45006951143e-05, 9.42595288507e-05, 0.000222914022743, 0.00136686116457, 0.00513747241348],
        "dmean2": [0.0181268099695, 0.0710846632719, 0.0112763373181, 0.00483403354883, 0.00186229450628, 0.00174394599162, 0.00149054464418, 0.000626388587989, 0.00182378594764, 0.000582292559557, 0.00121281831525, 0.000699724943843, 0.000981499208137, 0.000156756927026, 0.000187512850971, 9.06761051738e-05, 3.80501041946e-05, 4.77095491078e-05, 5.78674298595e-05, 4.47855927632e-05, 4.22723132942e-05, 8.65639813128e-05, 8.7080989033e-05, 0.000155645815539, 0.000378279539291, 0.00239008292556, 0.00897129066288],
        "dvar": [0.000534523744136, 0.0082373842597, 0.000543850881513, 0.000102135272755, 6.0260117607e-06, 4.08473624702e-06, 7.33396973374e-06, 1.12660234208e-06, 1.40799711517e-05, 5.94504001583e-07, 5.08305402036e-06, 1.05326205357e-06, 3.43616966347e-06, 6.50900915389e-08, 1.79496055353e-07, 3.16684314328e-08, 5.44973577377e-09, 9.25666032714e-09, 2.04660697278e-08, 1.18770548951e-08, 1.06417097356e-08, 3.48957307494e-08, 3.97115123008e-08, 6.61297363536e-08, 1.63989867019e-07, 6.33523586657e-06, 8.5745647084e-05],
        "dvar2": [0.000903824751731, 0.0227188002318, 0.00142198090907, 0.000295404868666, 1.61380557984e-05, 8.40917346068e-06, 1.17127028716e-05, 3.19650803249e-06, 3.13966920658e-05, 1.38353493639e-06, 9.2241780294e-06, 2.94448068416e-06, 8.68801544129e-06, 1.78658424943e-07, 4.83147516661e-07, 8.96481608947e-08, 1.38758267099e-08, 2.41896600528e-08, 5.36972635246e-08, 2.89387696029e-08, 2.41716087146e-08, 8.66020855028e-08, 9.26552630176e-08, 1.51423662942e-07, 3.92998003917e-07, 1.59421961143e-05, 0.000217304725084],
        "max": [0.351377487183, 0.923190414906, 0.250094562769, 0.144803971052, 0.0757689550519, 0.0525332540274, 0.132969036698, 0.0174791570753, 0.0955183506012, 0.0270346589386, 0.072120256722, 0.0140736317262, 0.0653328895569, 0.00635219970718, 0.0154814617708, 0.0022057548631, 0.0014946165029, 0.00170311750844, 0.00293234037235, 0.00250401697122, 0.00223066820763, 0.0025568229612, 0.00262564560398, 0.0034705188591, 0.00362883950584, 0.0234384573996, 0.0767123922706],
        "mean": [0.0549773909152, 0.191849425435, 0.0067047746852, 0.00230133580044, 0.0020285458304, 0.00260176323354, 0.00185361562762, 0.000421007280238, 0.00184648414142, 0.00052339117974, 0.0011281282641, 0.000508962315507, 0.000526883231942, 0.00011045854626, 0.000132045941427, 5.73060970055e-05, 3.36927296303e-05, 3.66242456948e-05, 3.34660580847e-05, 3.05116136587e-05, 3.20239341818e-05, 5.64516885788e-05, 5.49372234673e-05, 7.98627661425e-05, 0.000170232189703, 0.000957720621955, 0.00358894537203],
        "median": [0.0207792464644, 0.158022850752, 0.00117478729226, 0.000364719424397, 0.00110148568638, 0.00129292043857, 0.000658766075503, 0.000155070461915, 0.000710655585863, 0.000236698891968, 0.000339997932315, 0.00012685317779, 9.84614671324e-05, 3.36379962391e-05, 2.76895661955e-05, 1.0219023352e-05, 5.77137871005e-06, 5.51076209376e-06, 3.35332924806e-06, 2.93983384836e-06, 2.45918886321e-06, 4.33851892012e-06, 4.50188690593e-06, 9.37073673413e-06, 1.91272283701e-05, 8.04151204647e-05, 0.000317687663483],
        "min": [2.30890200599e-19, 3.44028552664e-19, 2.28578902871e-19, 2.29359399478e-19, 5.72799102943e-19, 5.74660621213e-19, 5.72472108107e-19, 5.73301201575e-19, 8.0405502077e-19, 8.00921040224e-19, 8.02108044404e-19, 1.03183088636e-18, 1.14613463251e-18, 1.26071176186e-18, 1.49112840155e-18, 1.71848002689e-18, 1.94839539514e-18, 2.408611391e-18, 2.9798296484e-18, 3.66631924646e-18, 4.81826875189e-18, 5.84364142562e-18, 6.99328681945e-18, 9.51545728725e-18, 1.32972046251e-17, 1.8684157153e-17, 2.659496677e-17],
        "var": [0.00449365423992, 0.0367591790855, 0.000416767667048, 6.46366243018e-05, 7.74541331339e-06, 1.4600643226e-05, 1.94190433831e-05, 8.94789423e-07, 2.30032801483e-05, 8.07644653378e-07, 8.31583565741e-06, 9.50372111674e-07, 3.12477595799e-06, 5.77520822276e-08, 2.35444360897e-07, 2.34002328625e-08, 6.47500053574e-09, 8.87476403477e-09, 1.57702437775e-08, 1.08846469615e-08, 1.16943770223e-08, 3.79383386928e-08, 4.3382122783e-08, 6.8886969018e-08, 1.52044620449e-07, 5.17020089319e-06, 6.80683151586e-05]
    },
    "erbbands": {
        "dmean": [2.59682822227, 6.29536342621, 6.22402048111, 9.81630134583, 4.57790136337, 4.03852891922, 6.73195886612, 10.5676851273, 10.0333242416, 14.0099086761, 10.4652090073, 30.9766941071, 13.3237829208, 33.7557640076, 15.6132793427, 15.6875514984, 27.0996513367, 8.57235145569, 4.6730594635, 4.54443454742, 2.21386957169, 1.46595954895, 1.46994960308, 1.79449141026, 1.51346170902, 1.24885642529, 1.02535796165, 1.18317174911, 1.58812892437, 1.99299228191, 1.60285329819, 1.75419938564, 1.64801514149, 1.75912582874, 2.07132935524, 2.27361392975, 3.08277726173, 2.79606628418, 0.839741766453, 0.0586401186883],
        "dmean2": [3.99689650536, 9.80802631378, 9.86731147766, 17.6350669861, 7.882188797, 6.60978317261, 9.87808322906, 16.7629966736, 15.3709049225, 21.2384300232, 17.3565883636, 46.6995849609, 20.5449352264, 50.5497016907, 23.9249401093, 27.0768146515, 45.7871208191, 14.5122299194, 7.94379472733, 7.86915063858, 3.8376083374, 2.31885695457, 2.40001916885, 3.101334095, 2.56872296333, 2.07122325897, 1.67031466961, 1.85059261322, 2.53789496422, 3.3958632946, 2.55474209785, 2.85216593742, 2.75356864929, 3.00478744507, 3.4958319664, 3.91861534119, 5.39360189438, 4.9260134697, 1.47962462902, 0.101604811847],
        "dvar": [22.6176204681, 295.172637939, 396.206176758, 1498.61901855, 173.672180176, 54.2331924438, 256.759307861, 277.230834961, 527.071655273, 1312.09057617, 722.45098877, 10912.6835938, 914.511291504, 10775.5253906, 976.689025879, 1907.18676758, 7608.015625, 632.686523438, 187.765426636, 266.572631836, 57.3448867798, 18.1106719971, 22.5707817078, 50.7685852051, 44.1503753662, 25.4706459045, 15.8416919708, 20.7530994415, 32.1940383911, 57.1384963989, 37.0929756165, 28.8145103455, 19.6192073822, 13.0564136505, 13.1340818405, 15.2286434174, 31.1442546844, 26.7282218933, 2.33326768875, 0.0113544724882],
        "dvar2": [62.7859230042, 667.643920898, 919.775512695, 4240.69726562, 466.978302002, 144.470367432, 547.017700195, 686.952453613, 977.911071777, 2217.09008789, 2001.95263672, 24115.0917969, 2093.49023438, 20099.0195312, 2130.69116211, 5363.02880859, 19371.9902344, 1678.29516602, 512.379516602, 729.18145752, 159.556030273, 45.1781806946, 57.4636878967, 136.959655762, 113.822044373, 63.3132171631, 37.0266036987, 45.5011749268, 73.1222991943, 152.606033325, 86.8798065186, 67.2096099854, 44.9453125, 30.1668663025, 31.8171844482, 36.9395980835, 78.5108642578, 68.8984985352, 6.00862932205, 0.0278890822083],
        "max": [50.826461792, 195.755813599, 241.267822266, 409.046051025, 386.275115967, 162.59727478, 452.973205566, 347.723358154, 906.53326416, 1756.37158203, 427.097473145, 2646.41064453, 626.088623047, 3901.46459961, 668.606628418, 604.632873535, 3160.78955078, 601.287231445, 486.90826416, 447.645080566, 115.313323975, 70.3020629883, 91.3644256592, 133.286392212, 144.874588013, 118.249229431, 85.7400512695, 92.9256820679, 106.357215881, 124.101585388, 87.5872573853, 81.4892807007, 61.9170303345, 32.8320236206, 30.7563896179, 31.4072666168, 44.8395767212, 41.2592468262, 11.8760614395, 1.02382898331],
        "mean": [11.5294895172, 19.2704162598, 9.12795352936, 8.96464061737, 5.95238828659, 7.40991020203, 14.1826200485, 22.8539543152, 20.266916275, 22.8502845764, 15.12682724, 44.727191925, 22.3964061737, 43.7362937927, 25.2230072021, 19.1623001099, 25.0923919678, 9.48222160339, 6.63585281372, 5.171459198, 2.66421318054, 2.17711663246, 1.96166050434, 1.92755901814, 1.60872864723, 1.35904300213, 1.22100651264, 1.41798722744, 1.83183181286, 1.99478447437, 1.582498312, 1.57423245907, 1.3394973278, 1.37967503071, 1.56712818146, 1.66451692581, 2.15447926521, 1.91235768795, 0.578663229942, 0.0421272628009],
        "median": [9.99706268311, 10.4002389908, 3.37281847, 1.77161717415, 2.01721668243, 4.32579612732, 7.19039821625, 11.4126396179, 8.98219680786, 8.81875228882, 6.13913345337, 14.838804245, 11.9981746674, 12.8257083893, 11.3469562531, 5.65386152267, 5.04910421371, 2.87296962738, 2.07118463516, 1.19156861305, 0.588754177094, 0.389293342829, 0.317974507809, 0.212623506784, 0.164732009172, 0.130971640348, 0.101788647473, 0.11290230602, 0.123260647058, 0.15886798501, 0.144208520651, 0.1772800982, 0.15360096097, 0.151417404413, 0.184331446886, 0.172266274691, 0.190931409597, 0.155668377876, 0.0515558049083, 0.00388819957152],
        "min": [1.24629847055e-17, 7.01686527194e-17, 2.34985309595e-16, 5.74224016674e-16, 1.15914701238e-15, 2.05734138493e-15, 3.34381693104e-15, 5.08929539611e-15, 7.36231805094e-15, 1.02132056406e-14, 1.37373243342e-14, 1.79423380857e-14, 2.29787011223e-14, 2.88203841218e-14, 3.55993039951e-14, 4.33438177114e-14, 5.21422741952e-14, 6.20023712819e-14, 7.29762319909e-14, 8.50727501682e-14, 9.82436788172e-14, 1.1239949672e-13, 1.27365715088e-13, 1.42829202784e-13, 1.58349746618e-13, 1.73279047903e-13, 1.86770561582e-13, 1.9771674803e-13, 2.04742039295e-13, 2.0636532034e-13, 2.01048853672e-13, 1.87622554754e-13, 1.65655575195e-13, 1.36042029421e-13, 1.01431138337e-13, 6.62295942372e-14, 3.5789340919e-14, 1.45328339613e-14, 3.68205645688e-15, 3.91566337917e-16],
        "var": [130.331695557, 684.409667969, 450.372192383, 946.434143066, 169.485427856, 85.764541626, 603.361816406, 1045.2355957, 1471.28479004, 3113.23730469, 700.043457031, 17515.4746094, 1510.87329102, 15902.4570312, 1635.92102051, 1590.56835938, 6763.84472656, 549.837097168, 231.518417358, 291.529815674, 44.8029556274, 23.8986186981, 24.3138122559, 38.4615211487, 35.5356445312, 22.2537841797, 16.1678333282, 24.9844932556, 41.0900802612, 49.7430877686, 39.3404312134, 30.1376495361, 19.6054019928, 12.6516122818, 11.9806537628, 13.2571210861, 25.0675144196, 20.3927097321, 1.77495419979, 0.00969179626554]
    },
    "gfcc": {
        "mean": [-39.5485458374, 97.5892181396, -14.4048643112, -38.4182434082, -19.7986660004, 18.4466781616, -3.9321231842, 8.91236591339, -6.40747213364, 9.83959388733, -3.6245367527, 11.2351398468, -1.86155438423],
        "cov": [[20420.9453125, -1677.828125, 1590.18859863, 2686.29467773, 866.415039062, -307.993408203, -85.8260650635, 94.7539138794, -342.259887695, 58.4936790466, 77.5087661743, 282.254699707, -329.525634766], [-1677.828125, 3276.57739258, -551.344726562, -138.525054932, 404.249572754, 44.8724021912, 116.895751953, 1.08869862556, 148.127960205, 23.6607646942, 31.4505634308, -68.866317749, 132.39855957], [1590.18859863, -551.344726562, 3339.12426758, -477.83392334, -0.914583981037, 442.249481201, -6.23601150513, 111.816223145, -209.16418457, -75.2490234375, -102.51348114, 87.3559188843, 7.2483997345], [2686.29467773, -138.525054932, -477.83392334, 1541.03710938, 149.237411499, -160.815979004, 209.126159668, -15.2699556351, 43.9709739685, -22.1800498962, 8.47612094879, 1.55682599545, -84.049407959], [866.415039062, 404.249572754, -0.914583981037, 149.237411499, 619.204772949, 8.86962890625, -27.6536140442, 78.9262771606, -0.689558506012, 53.7002754211, 13.1122722626, -0.951528728008, 6.7706990242], [-307.993408203, 44.8724021912, 442.249481201, -160.815979004, 8.86962890625, 314.689727783, 35.5815658569, -26.5426139832, 27.7398071289, 3.24387049675, -8.41921710968, -11.7224664688, 9.07222080231], [-85.8260650635, 116.895751953, -6.23601150513, 209.126159668, -27.6536140442, 35.5815658569, 224.466751099, 46.7010612488, 22.5536308289, -8.1380853653, 6.87323522568, 15.8330345154, 12.6783428192], [94.7539138794, 1.08869862556, 111.816223145, -15.2699556351, 78.9262771606, -26.5426139832, 46.7010612488, 163.23210144, 17.4671096802, -5.29794883728, 23.4632892609, 26.3411102295, 20.4627628326], [-342.259887695, 148.127960205, -209.16418457, 43.9709739685, -0.689558506012, 27.7398071289, 22.5536308289, 17.4671096802, 143.406173706, 50.4087867737, 19.1677112579, -4.0972776413, 0.387537389994], [58.4936790466, 23.6607646942, -75.2490234375, -22.1800498962, 53.7002754211, 3.24387049675, -8.1380853653, -5.29794883728, 50.4087867737, 111.293655396, 44.9027900696, 1.0100363493, -2.52834296227], [77.5087661743, 31.4505634308, -102.51348114, 8.47612094879, 13.1122722626, -8.41921710968, 6.87323522568, 23.4632892609, 19.1677112579, 44.9027900696, 97.04737854, 45.3979911804, 12.9383773804], [282.254699707, -68.866317749, 87.3559188843, 1.55682599545, -0.951528728008, -11.7224664688, 15.8330345154, 26.3411102295, -4.0972776413, 1.0100363493, 45.3979911804, 98.6661605835, 36.2662010193], [-329.525634766, 132.39855957, 7.2483997345, -84.049407959, 6.7706990242, 9.07222080231, 12.6783428192, 20.4627628326, 0.387537389994, -2.52834296227, 12.9383773804, 36.2662010193, 83.4341506958]],
        "icov": [[9.94540314423e-05, -3.31442538481e-06, -4.22482116846e-05, -0.000212436920265, -4.19486204919e-05, -3.30916409439e-05, 0.000231755810091, -0.000133782872581, 0.000292677606922, -0.000264548609266, 0.000131485285237, -0.0004251927312, 0.000347371678799], [-3.31442538481e-06, 0.000482917443151, -4.23198907811e-05, 0.000194887281395, -0.000521107634995, 0.000334697280778, -0.000578278384637, 0.00070607039379, -0.000839343701955, 0.000811710313428, -0.000791716680396, 0.000985022983514, -0.000935702293646], [-4.22482116846e-05, -4.23198907811e-05, 0.000633889052551, 4.92572180519e-05, 0.000262515648501, -0.00114028493408, 0.000267340015853, -0.00101838679984, 0.00119546975475, -0.000724337529391, 0.00136427336838, -0.00111089251004, 0.000450479419669], [-0.000212436920265, 0.000194887281395, 4.92572180519e-05, 0.00159478571732, -0.000644274346996, 0.0010211460758, -0.00203921389766, 0.00149605039041, -0.00164428749122, 0.00177956395783, -0.00103567983024, 0.00107348768506, 9.37442746363e-05], [-4.19486204919e-05, -0.000521107634995, 0.000262515648501, -0.000644274346996, 0.00281352177262, -0.00131474330556, 0.00166912178975, -0.00273374351673, 0.00206708349288, -0.00284208566882, 0.00192975101527, -0.00104590656701, 0.000380537327146], [-3.30916409439e-05, 0.000334697280778, -0.00114028493408, 0.0010211460758, -0.00131474330556, 0.00631687277928, -0.00268063717522, 0.00400622747838, -0.00421041157097, 0.00301222829148, -0.00333456764929, 0.00329837622121, -0.0014952251222], [0.000231755810091, -0.000578278384637, 0.000267340015853, -0.00203921389766, 0.00166912178975, -0.00268063717522, 0.0080425273627, -0.00435998477042, 0.00247455248609, -0.00267879897729, 0.00254298211075, -0.00294240936637, 0.000550684228074], [-0.000133782872581, 0.00070607039379, -0.00101838679984, 0.00149605039041, -0.00273374351673, 0.00400622747838, -0.00435998477042, 0.0117240967229, -0.00568768009543, 0.00580040272325, -0.00580988358706, 0.00316167902201, -0.00275105400942], [0.000292677606922, -0.000839343701955, 0.00119546975475, -0.00164428749122, 0.00206708349288, -0.00421041157097, 0.00247455248609, -0.00568768009543, 0.0142049239948, -0.00879508443177, 0.00497708190233, -0.00448367837816, 0.00288118631579], [-0.000264548609266, 0.000811710313428, -0.000724337529391, 0.00177956395783, -0.00284208566882, 0.00301222829148, -0.00267879897729, 0.00580040272325, -0.00879508443177, 0.0185539480299, -0.0111434971914, 0.00648392317817, -0.00207692873664], [0.000131485285237, -0.000791716680396, 0.00136427336838, -0.00103567983024, 0.00192975101527, -0.00333456764929, 0.00254298211075, -0.00580988358706, 0.00497708190233, -0.0111434971914, 0.0222412329167, -0.0125564811751, 0.00350637617521], [-0.0004251927312, 0.000985022983514, -0.00111089251004, 0.00107348768506, -0.00104590656701, 0.00329837622121, -0.00294240936637, 0.00316167902201, -0.00448367837816, 0.00648392317817, -0.0125564811751, 0.0222855173051, -0.0101889045909], [0.000347371678799, -0.000935702293646, 0.000450479419669, 9.37442746363e-05, 0.000380537327146, -0.0014952251222, 0.000550684228074, -0.00275105400942, 0.00288118631579, -0.00207692873664, 0.00350637617521, -0.0101889045909, 0.0194290541112]]
    },
    "melbands": {
        "dmean": [0.0170287266374, 0.00405954709277, 0.00149679824244, 0.000276248087175, 0.000208276222111, 0.000226883741561, 0.000176399742486, 0.000134538437123, 9.18638179428e-05, 0.000206243566936, 6.07826186751e-05, 0.000128570740344, 6.69274377287e-05, 4.59006405436e-05, 4.98004483234e-05, 6.09090457147e-05, 1.04212303995e-05, 6.70251438351e-06, 9.80420281849e-06, 4.26762790084e-06, 2.16801254282e-06, 1.64437847161e-06, 1.32887657855e-06, 1.30755881855e-06, 1.53558971761e-06, 1.18145942452e-06, 9.7784720765e-07, 8.49217826726e-07, 6.814458402e-07, 6.40106520677e-07, 6.91676518727e-07, 7.90934961969e-07, 1.27616101508e-06, 1.04813477719e-06, 8.57258385167e-07, 1.07180778741e-06, 1.06459003746e-06, 1.04560979253e-06, 1.3832835748e-06, 1.52261588937e-06],
        "dmean2": [0.0264135487378, 0.00558663345873, 0.00265322905034, 0.000462469964987, 0.000311545445584, 0.00035242800368, 0.000262731016846, 0.000206229757168, 0.0001510863367, 0.000309495429974, 9.51996189542e-05, 0.000193218234926, 0.00010071509314, 7.53602289478e-05, 8.97690624697e-05, 0.00010020659829, 1.82942803804e-05, 1.12658290163e-05, 1.67417310877e-05, 7.54734355723e-06, 3.75787476514e-06, 2.59564217231e-06, 2.18127206608e-06, 2.17191563934e-06, 2.67743757831e-06, 2.00968315767e-06, 1.63995764524e-06, 1.41060843362e-06, 1.12026339139e-06, 1.0297441122e-06, 1.08383324005e-06, 1.22124936297e-06, 2.1722260044e-06, 1.77097342657e-06, 1.3664174503e-06, 1.74796741703e-06, 1.74355670879e-06, 1.74215699644e-06, 2.36670075537e-06, 2.61667287305e-06],
        "dvar": [0.00097424123669, 0.000108606102003, 3.21129627991e-05, 4.10603774981e-07, 2.00268090111e-07, 1.26479960727e-07, 1.90067353856e-07, 1.11919433721e-07, 5.26718011429e-08, 5.05722198341e-07, 1.77846342098e-08, 1.51151681393e-07, 2.43674467271e-08, 8.28163759792e-09, 3.45112169953e-08, 4.0281353364e-08, 1.06998054861e-09, 2.99856167674e-10, 1.67138192175e-09, 2.34607444582e-10, 6.27972812639e-11, 2.41918707289e-11, 1.6182541418e-11, 2.0819082569e-11, 3.84944368048e-11, 2.56067927279e-11, 1.8020121853e-11, 1.09927657255e-11, 6.69999082256e-12, 6.53096110179e-12, 6.95947336218e-12, 8.38687799765e-12, 2.31222957447e-11, 1.46852772998e-11, 1.02579472694e-11, 1.58934133215e-11, 1.0365615484e-11, 1.08683166633e-11, 9.05657146499e-12, 9.43971203288e-12],
        "dvar2": [0.00269834441133, 0.000194314736291, 8.96949277376e-05, 1.09648613034e-06, 4.41927596739e-07, 2.9573098459e-07, 3.18604008953e-07, 2.00934039185e-07, 1.42649994928e-07, 1.1143812344e-06, 4.17705621203e-08, 2.8342876135e-07, 4.680748944e-08, 2.17200852859e-08, 9.87496093785e-08, 9.43200859638e-08, 3.0203985979e-09, 8.07110989154e-10, 4.39831859822e-09, 6.76326827875e-10, 1.73914480039e-10, 6.14828743473e-11, 3.91130738908e-11, 5.48471788819e-11, 1.05258468608e-10, 6.56691923062e-11, 4.66765411045e-11, 2.74105842191e-11, 1.56019381442e-11, 1.5013332591e-11, 1.51833077361e-11, 1.83961960248e-11, 6.12072059702e-11, 3.87255991163e-11, 2.34223022921e-11, 3.82952940192e-11, 2.48707894557e-11, 2.50519084644e-11, 2.13668405885e-11, 2.18514477346e-11],
        "max": [0.31984731555, 0.150779098272, 0.0598693490028, 0.0206284355372, 0.0120245032012, 0.00698963552713, 0.0200599823147, 0.0155181363225, 0.00367905921303, 0.0180790107697, 0.0026082592085, 0.0147334309295, 0.00440465053543, 0.00143841246609, 0.00232091336511, 0.00853850785643, 0.000753107015043, 0.000487533106934, 0.00146988593042, 0.000235436891671, 0.000147849103087, 8.99756123545e-05, 6.013084203e-05, 9.33041737881e-05, 0.000114564179967, 0.000118796997413, 0.000101697856735, 8.13147635199e-05, 5.21044785273e-05, 5.92465185036e-05, 5.50873337488e-05, 6.00544080953e-05, 7.66768789617e-05, 5.6711203797e-05, 5.0146751164e-05, 5.42856978427e-05, 5.22896079929e-05, 4.87777069793e-05, 2.95041736535e-05, 2.75688707916e-05],
        "mean": [0.0758644416928, 0.0104176104069, 0.0014559373958, 0.000460923009086, 0.000456064473838, 0.000499437504914, 0.000347248191247, 0.000214077459532, 0.000127925100969, 0.000298170809401, 0.000100178542198, 0.000166814934346, 0.000100307057437, 6.3230858359e-05, 4.46287231171e-05, 5.81881577091e-05, 1.15842030937e-05, 9.8048703876e-06, 1.08777721834e-05, 4.7368421292e-06, 2.43815179601e-06, 2.39719088313e-06, 1.68241081155e-06, 1.65772041782e-06, 1.55331588303e-06, 1.23472455016e-06, 1.04337402718e-06, 8.81143307652e-07, 7.76047045292e-07, 7.42604186144e-07, 8.26442089874e-07, 9.63978095569e-07, 1.22496328459e-06, 1.04351909158e-06, 8.57872691995e-07, 9.82042479336e-07, 9.37273057389e-07, 8.60089755861e-07, 1.08503172669e-06, 1.17512627185e-06],
        "median": [0.0671319812536, 0.00479294452816, 0.000325559580233, 0.000223275012104, 0.000260230212007, 0.000263694615569, 0.000144458084833, 8.3411570813e-05, 4.33124732808e-05, 9.91082051769e-05, 5.47574891243e-05, 5.18762099091e-05, 3.86950850952e-05, 2.30546247622e-05, 6.17137766312e-06, 9.89836007648e-06, 3.44031059285e-06, 2.99937437376e-06, 1.93600317289e-06, 9.30018700274e-07, 4.93081870445e-07, 3.95115989704e-07, 2.68158146355e-07, 2.20309601673e-07, 1.55453250272e-07, 1.17927683618e-07, 9.28194765493e-08, 7.40527568155e-08, 6.16698514477e-08, 5.16663476446e-08, 6.41589394945e-08, 6.54554810353e-08, 8.4716752724e-08, 7.63378551483e-08, 7.48983808307e-08, 8.89250344471e-08, 1.083548824e-07, 8.51090788956e-08, 1.23139642483e-07, 1.19030865164e-07],
        "min": [1.14323081497e-19, 1.144989737e-19, 1.14877680249e-19, 1.14721123393e-19, 1.14587288155e-19, 1.14630715137e-19, 1.14651627297e-19, 1.14595883078e-19, 1.14623490231e-19, 1.1460241005e-19, 1.14697406574e-19, 1.14603056285e-19, 1.14672306812e-19, 1.1461011317e-19, 1.14616898636e-19, 1.14685218585e-19, 1.14636673422e-19, 1.14626501686e-19, 1.14635368028e-19, 1.14604788195e-19, 1.14621254259e-19, 1.14636156434e-19, 1.14619948864e-19, 1.14637875419e-19, 1.14633636119e-19, 1.14636944841e-19, 1.14632007607e-19, 1.14630340321e-19, 1.14630055977e-19, 1.14634243579e-19, 1.1463699654e-19, 1.14630327396e-19, 1.146248344e-19, 1.14637733248e-19, 1.14634049709e-19, 1.14628117273e-19, 1.1463163279e-19, 1.14629719935e-19, 1.14623464382e-19, 1.14628711809e-19],
        "var": [0.00550672644749, 0.000258462532656, 2.15943473449e-05, 5.03830051457e-07, 4.58698906414e-07, 4.74189960187e-07, 5.27691440766e-07, 2.5036629836e-07, 5.60774502389e-08, 8.11737265849e-07, 2.82292038634e-08, 2.2143666456e-07, 4.16885761467e-08, 1.0078238688e-08, 2.18571489796e-08, 4.29302637883e-08, 7.84449505353e-10, 3.66264601981e-10, 2.30669727763e-09, 1.69783354043e-10, 4.72182987155e-11, 3.153666564e-11, 1.85075114956e-11, 2.03979905883e-11, 2.77105716845e-11, 2.08950044767e-11, 1.47018092145e-11, 9.51247587644e-12, 6.76987329043e-12, 6.84957776262e-12, 8.78013720756e-12, 1.1829353469e-11, 2.02528636223e-11, 1.33969354707e-11, 1.14456716674e-11, 1.53612123022e-11, 1.05118422647e-11, 1.07550435571e-11, 8.47879839255e-12, 9.06523033722e-12]
    },
    "mfcc": {
        "mean": [-729.973449707, 181.506973267, 52.4834938049, -8.3351984024, 9.32605457306, 12.8892612457, 17.3837356567, 11.8786935806, 10.8960571289, 7.56072282791, 7.12085342407, 3.991335392, 7.42050552368],
        "cov": [[12660.5830078, -795.185424805, -826.176513672, 1442.08752441, 579.508544922, 417.949554443, -17.4634456635, 80.607673645, -214.726089478, -1.13560152054, 170.242996216, 240.95324707, 102.475196838], [-795.185424805, 3137.2019043, 276.303344727, -178.646057129, 397.563659668, 119.855491638, 234.258407593, -1.15912950039, 183.63117981, 41.2025108337, -25.8159980774, 32.8745689392, 75.1514587402], [-826.176513672, 276.303344727, 1939.5390625, -406.5546875, 76.8246841431, 57.7139129639, 180.153594971, 129.684951782, 80.0810241699, -7.94169855118, -27.3254489899, -67.236579895, -12.4064350128], [1442.08752441, -178.646057129, -406.5546875, 968.936584473, 56.1714324951, 110.25479126, 21.226776123, 109.743286133, 15.6594781876, 40.2737960815, 52.6063575745, 15.2424430847, -25.4336910248], [579.508544922, 397.563659668, 76.8246841431, 56.1714324951, 491.647247314, 85.6068496704, 83.410446167, -2.41035509109, 39.4248313904, 19.5755176544, 19.444984436, 27.1270999908, 13.8484563828], [417.949554443, 119.855491638, 57.7139129639, 110.25479126, 85.6068496704, 320.825164795, 35.9956817627, 14.1215305328, 19.156578064, 61.4386749268, 39.8665542603, 14.8141002655, 7.46346569061], [-17.4634456635, 234.258407593, 180.153594971, 21.226776123, 83.410446167, 35.9956817627, 182.536895752, 61.0805511475, 37.9965400696, 2.92935848236, 1.13692009449, -0.337367892265, -3.05426335335], [80.607673645, -1.15912950039, 129.684951782, 109.743286133, -2.41035509109, 14.1215305328, 61.0805511475, 162.242050171, 52.1772041321, 5.58941745758, 9.01951885223, -0.890307664871, -0.370176494122], [-214.726089478, 183.63117981, 80.0810241699, 15.6594781876, 39.4248313904, 19.156578064, 37.9965400696, 52.1772041321, 110.354057312, 40.1342658997, -0.547189831734, -4.50031232834, 6.25868177414], [-1.13560152054, 41.2025108337, -7.94169855118, 40.2737960815, 19.5755176544, 61.4386749268, 2.92935848236, 5.58941745758, 40.1342658997, 109.325263977, 38.9884910583, 11.0819358826, 7.54705190659], [170.242996216, -25.8159980774, -27.3254489899, 52.6063575745, 19.444984436, 39.8665542603, 1.13692009449, 9.01951885223, -0.547189831734, 38.9884910583, 100.759887695, 40.1900024414, -1.91885924339], [240.95324707, 32.8745689392, -67.236579895, 15.2424430847, 27.1270999908, 14.8141002655, -0.337367892265, -0.890307664871, -4.50031232834, 11.0819358826, 40.1900024414, 94.3133850098, 40.8343658447], [102.475196838, 75.1514587402, -12.4064350128, -25.4336910248, 13.8484563828, 7.46346569061, -3.05426335335, -0.370176494122, 6.25868177414, 7.54705190659, -1.91885924339, 40.8343658447, 80.232421875]],
