{
"lowlevel": {
    "average_loudness": 0.953862547874,
    "barkbands_crest": {
        "dmean": 3.73120188713,
        "dmean2": 6.16325998306,
        "dvar": 10.1271362305,
        "dvar2": 26.7239761353,
        "max": 25.3002529144,
        "mean": 12.1824712753,
        "median": 11.690246582,
        "min": 2.54259634018,
        "var": 21.4863872528
    },
    "barkbands_flatness_db": {
        "dmean": 0.0268436018378,
        "dmean2": 0.0430222824216,
        "dvar": 0.000577368133236,
        "dvar2": 0.00146878266241,
        "max": 0.399577349424,
        "mean": 0.122514769435,
        "median": 0.114490307868,
        "min": 0.0191455390304,
        "var": 0.00213192286901
    },
    "barkbands_kurtosis": {
        "dmean": 3.82424712181,
        "dmean2": 6.31098556519,
        "dvar": 50.7652168274,
        "dvar2": 134.979492188,
        "max": 173.196472168,
        "mean": 4.38194513321,
        "median": 1.66143155098,
        "min": -1.86105418205,
        "var": 82.2043380737
    },
    "barkbands_skewness": {
        "dmean": 0.725981593132,
        "dmean2": 1.16119277477,
        "dvar": 0.539258122444,
        "dvar2": 1.3475536108,
        "max": 10.7402868271,
        "mean": 1.85556387901,
        "median": 1.63071894646,
        "min": -2.080286026,
        "var": 1.62318634987
    },
    "barkbands_spread": {
        "dmean": 8.21866607666,
        "dmean2": 13.3702745438,
        "dvar": 64.7656173706,
        "dvar2": 162.059463501,
        "max": 100.399719238,
        "mean": 29.0368099213,
        "median": 27.8841018677,
        "min": 0.745991766453,
        "var": 164.719863892
    },
    "dissonance": {
        "dmean": 0.0101273693144,
        "dmean2": 0.0172645803541,
        "dvar": 0.000103398429928,
        "dvar2": 0.000267292954959,
        "max": 0.500000119209,
        "mean": 0.482822924852,
        "median": 0.485990941525,
        "min": 0.15698364377,
        "var": 0.000170925603015
    },
    "dynamic_complexity": 2.3980307579,
    "erbbands_crest": {
        "dmean": 2.02106142044,
        "dmean2": 3.35741305351,
        "dvar": 3.91416192055,
        "dvar2": 10.3704404831,
        "max": 24.4026126862,
        "mean": 6.74772500992,
        "median": 6.07875919342,
        "min": 2.27263593674,
        "var": 7.86168050766
    },
    "erbbands_flatness_db": {
        "dmean": 0.0141785191372,
        "dmean2": 0.0213829241693,
        "dvar": 0.000186110919458,
        "dvar2": 0.000408251798945,
        "max": 0.432295978069,
        "mean": 0.123000115156,
        "median": 0.117234811187,
        "min": 0.0479831509292,
        "var": 0.00142341374885
    },
    "erbbands_kurtosis": {
        "dmean": 0.58378213644,
        "dmean2": 0.947667002678,
        "dvar": 0.494663715363,
        "dvar2": 1.24788987637,
        "max": 17.1819076538,
        "mean": -0.214212298393,
        "median": -0.428849935532,
        "min": -1.76027333736,
        "var": 1.05718946457
    },
    "erbbands_skewness": {
        "dmean": 0.313046634197,
        "dmean2": 0.497861146927,
        "dvar": 0.0791625976562,
        "dvar2": 0.195932492614,
        "max": 2.66364741325,
        "mean": -0.229117125273,
        "median": -0.248570203781,
        "min": -3.25538873672,
        "var": 0.261286944151
    },
    "erbbands_spread": {
        "dmean": 9.94793891907,
        "dmean2": 15.614563942,
        "dvar": 90.84349823,
        "dvar2": 206.403381348,
        "max": 160.311355591,
        "mean": 50.2781600952,
        "median": 46.2014045715,
        "min": 4.3535399437,
        "var": 426.484710693
    },
    "hfc": {
        "dmean": 8.03134632111,
        "dmean2": 12.6893796921,
        "dvar": 129.907821655,
        "dvar2": 332.477874756,
        "max": 143.552429199,
        "mean": 26.0747241974,
        "median": 23.0442237854,
        "min": 1.10592175161e-16,
        "var": 309.036132812
    },
    "melbands_crest": {
        "dmean": 3.76068973541,
        "dmean2": 6.21867609024,
        "dvar": 10.2841053009,
        "dvar2": 27.0583953857,
        "max": 32.2512245178,
        "mean": 16.618183136,
        "median": 16.5530052185,
        "min": 2.03168010712,
        "var": 22.536901474
    },
    "melbands_flatness_db": {
        "dmean": 0.0340823493898,
        "dmean2": 0.0546282790601,
        "dvar": 0.000908983463887,
        "dvar2": 0.00228705932386,
        "max": 0.492845416069,
        "mean": 0.190938457847,
        "median": 0.18670091033,
        "min": 0.00497117312625,
        "var": 0.00302273477428
    },
    "melbands_kurtosis": {
        "dmean": 14.0426120758,
        "dmean2": 22.7608318329,
        "dvar": 527.826049805,
        "dvar2": 1324.57775879,
        "max": 414.798095703,
        "mean": 24.2462539673,
        "median": 12.7410535812,
        "min": -1.58826041222,
        "var": 1306.96630859
    },
    "melbands_skewness": {
        "dmean": 1.16163265705,
        "dmean2": 1.84151864052,
        "dvar": 1.36614131927,
        "dvar2": 3.32834219933,
        "max": 16.8734321594,
        "mean": 3.8352098465,
        "median": 3.34309434891,
        "min": -1.2989294529,
        "var": 5.12555646896
    },
    "melbands_spread": {
        "dmean": 9.22315692902,
        "dmean2": 15.0405817032,
        "dvar": 91.0749664307,
        "dvar2": 224.479476929,
        "max": 141.726715088,
        "mean": 23.6002864838,
        "median": 20.4690971375,
        "min": 0.629329144955,
        "var": 249.1769104
    },
    "pitch_salience": {
        "dmean": 0.0991395115852,
        "dmean2": 0.163667231798,
        "dvar": 0.0070291981101,
        "dvar2": 0.0188307650387,
        "max": 0.988661468029,
        "mean": 0.491408199072,
        "median": 0.495966255665,
        "min": 0.0874282121658,
        "var": 0.0153737477958
    },
    "silence_rate_20dB": {
        "dmean": 0,
        "dmean2": 0,
        "dvar": 0,
        "dvar2": 0,
        "max": 1,
        "mean": 1,
        "median": 1,
        "min": 1,
        "var": 0
    },
    "silence_rate_30dB": {
        "dmean": 0.0135725578293,
        "dmean2": 0.0271476376802,
        "dvar": 0.0133876716718,
        "dvar2": 0.0394243001938,
        "max": 1,
        "mean": 0.992935478687,
        "median": 1,
        "min": 0,
        "var": 0.00701463129371
    },
    "silence_rate_60dB": {
        "dmean": 0.00185925443657,
        "dmean2": 0.00371885462664,
        "dvar": 0.00185599911492,
        "dvar2": 0.00444899545982,
        "max": 1,
        "mean": 0.0439672805369,
        "median": 0,
        "min": 0,
        "var": 0.042024217546
    },
    "spectral_centroid": {
        "dmean": 308.412719727,
        "dmean2": 499.686676025,
        "dvar": 84642.28125,
        "dvar2": 212006.890625,
        "max": 11305.9990234,
        "mean": 1719.45605469,
        "median": 1685.07543945,
        "min": 231.021713257,
        "var": 322740.4375
    },
    "spectral_complexity": {
        "dmean": 5.26317739487,
        "dmean2": 7.98735570908,
        "dvar": 27.5910797119,
        "dvar2": 58.3357429504,
        "max": 60,
        "mean": 26.2794208527,
        "median": 28,
        "min": 0,
        "var": 145.622543335
    },
    "spectral_decrease": {
        "dmean": 4.58741267195e-09,
        "dmean2": 7.34995664331e-09,
        "dvar": 2.76921126647e-17,
        "dvar2": 6.51272979058e-17,
        "max": 1.1086102946e-28,
        "mean": -1.01354675763e-08,
        "median": -8.86777407061e-09,
        "min": -4.59272051501e-08,
        "var": 4.38115648956e-17
    },
    "spectral_energy": {
        "dmean": 0.0176950264722,
        "dmean2": 0.0282945651561,
        "dvar": 0.000410478998674,
        "dvar2": 0.000962368154433,
        "max": 0.177508383989,
        "mean": 0.0406186878681,
        "median": 0.0358349010348,
        "min": 1.02534408753e-20,
        "var": 0.000671202142257
    },
    "spectral_energyband_high": {
        "dmean": 0.000562754168641,
        "dmean2": 0.000925596279558,
        "dvar": 8.82038307282e-07,
        "dvar2": 2.28176304518e-06,
        "max": 0.01210246142,
        "mean": 0.00134488858748,
        "median": 0.0010188582819,
        "min": 7.26972689662e-21,
        "var": 1.55483223807e-06
    },
    "spectral_energyband_low": {
        "dmean": 0.015332987532,
        "dmean2": 0.024846535176,
        "dvar": 0.00036235715379,
        "dvar2": 0.000868505856488,
        "max": 0.155694261193,
        "mean": 0.0252900607884,
        "median": 0.0202912203968,
        "min": 1.18057483642e-23,
        "var": 0.000472803716548
    },
    "spectral_energyband_middle_high": {
        "dmean": 0.00194170931354,
        "dmean2": 0.00304996175691,
        "dvar": 6.32712772131e-06,
        "dvar2": 1.52171469381e-05,
        "max": 0.0330639742315,
        "mean": 0.00599589431658,
        "median": 0.00487098656595,
        "min": 1.47170768954e-21,
        "var": 2.36347150349e-05
    },
    "spectral_energyband_middle_low": {
        "dmean": 0.00500687491149,
        "dmean2": 0.00844353530556,
        "dvar": 6.17960758973e-05,
        "dvar2": 0.000168067170307,
        "max": 0.0769159123302,
        "mean": 0.00958317797631,
        "median": 0.0077571766451,
        "min": 1.34037603082e-22,
        "var": 6.76057752571e-05
    },
    "spectral_entropy": {
        "dmean": 0.117585919797,
        "dmean2": 0.183307126164,
        "dvar": 0.0151202799752,
        "dvar2": 0.0337419621646,
        "max": 9.81325340271,
        "mean": 7.91911411285,
        "median": 7.949177742,
        "min": 5.60707187653,
        "var": 0.0738634988666
    },
    "spectral_flux": {
        "dmean": 0.035464823246,
        "dmean2": 0.0559795051813,
        "dvar": 0.00128808978479,
        "dvar2": 0.00274634663947,
        "max": 0.363727331161,
        "mean": 0.111851193011,
        "median": 0.103565603495,
        "min": 6.72441685667e-11,
        "var": 0.00319804460742
    },
    "spectral_kurtosis": {
        "dmean": 0.885028779507,
        "dmean2": 1.49384057522,
        "dvar": 2.43031787872,
        "dvar2": 7.03400707245,
        "max": 91.6411743164,
        "mean": 2.81325817108,
        "median": 2.57632184029,
        "min": -1.24119436741,
        "var": 3.7312066555
    },
    "spectral_rms": {
        "dmean": 0.00128441117704,
        "dmean2": 0.00202213972807,
        "dvar": 1.67225255154e-06,
        "dvar2": 3.87157706427e-06,
        "max": 0.0131597453728,
        "mean": 0.00593698397279,
        "median": 0.00591277237982,
        "min": 3.16280833988e-12,
        "var": 4.38017423221e-06
    },
    "spectral_rolloff": {
        "dmean": 692.793457031,
        "dmean2": 1185.66931152,
        "dvar": 854511.3125,
        "dvar2": 2105954.25,
        "max": 19056.8847656,
        "mean": 1403.953125,
        "median": 1141.25976562,
        "min": 64.599609375,
        "var": 1827458.75
    },
    "spectral_skewness": {
        "dmean": 0.154143318534,
        "dmean2": 0.253228902817,
        "dvar": 0.0270288977772,
        "dvar2": 0.0724890828133,
        "max": 6.69392347336,
        "mean": 1.23789942265,
        "median": 1.22159790993,
        "min": -0.0410932190716,
        "var": 0.080367565155
    },
    "spectral_spread": {
        "dmean": 576922.5,
        "dmean2": 858624.1875,
        "dvar": 526249885696,
        "dvar2": 1.07703192781e+12,
        "max": 41533808,
        "mean": 5091073.5,
        "median": 4919986,
        "min": 841429.6875,
        "var": 2.66623857459e+12
    },
    "spectral_strongpeak": {
        "dmean": 0.241739705205,
        "dmean2": 0.420556426048,
        "dvar": 0.156182214618,
        "dvar2": 0.441619753838,
        "max": 7.46543121338,
        "mean": 0.452781945467,
        "median": 0.393028736115,
        "min": 0,
        "var": 0.132270678878
    },
    "zerocrossingrate": {
        "dmean": 0.0111660575494,
        "dmean2": 0.0142925316468,
        "dvar": 0.000131688924739,
        "dvar2": 0.000209177174838,
        "max": 0.5107421875,
        "mean": 0.0622070208192,
        "median": 0.05810546875,
        "min": 0.00634765625,
        "var": 0.000939164485317
    },
    "barkbands": {
        "dmean": [0.000202336654183, 0.0123233469203, 0.0053094974719, 0.00166097457986, 0.00294944085181, 0.000684921222273, 0.000532045902219, 0.00063335307641, 0.000832552905194, 0.000414095644373, 0.000289003597572, 0.000401746452553, 0.000256469560554, 0.000226986550842, 0.000361722311936, 0.000385800056392, 0.000487141980557, 0.00026298200828, 0.000320438237395, 0.000242850743234, 0.00016385577328, 0.000116768795124, 0.000101962090412, 0.000101822741271, 7.54289794713e-05, 2.40563567786e-05, 5.27696420249e-06],
        "dmean2": [0.000311183423037, 0.0203169286251, 0.00919483508915, 0.00276350649074, 0.00524059915915, 0.00114580255467, 0.000872676784638, 0.00104287208524, 0.00135588145349, 0.000676694093272, 0.000480469549075, 0.000661243975628, 0.000419303542003, 0.000371301284758, 0.000589112809394, 0.000631648988929, 0.000799022382125, 0.000444879813585, 0.000532854290213, 0.000405857281294, 0.000281666609226, 0.000197293673409, 0.000168782455148, 0.000163081873325, 0.000118788746477, 3.9067112084e-05, 8.53712026583e-06],
        "dvar": [9.69815161511e-08, 0.000257139647147, 7.54901702749e-05, 6.18877402303e-06, 4.55087574665e-05, 1.46697357195e-06, 1.9402405087e-06, 1.97084978026e-06, 2.3384668566e-06, 6.39731013052e-07, 4.04743417448e-07, 7.50421349949e-07, 2.37728741581e-07, 2.4285847644e-07, 4.79783238916e-07, 4.00721773985e-07, 5.13219106324e-07, 2.0883599916e-07, 2.33725018006e-07, 2.42321817723e-07, 8.45475582878e-08, 3.96330861463e-08, 3.88549636909e-08, 3.59917571302e-08, 3.18544728373e-08, 4.47124426373e-09, 2.49693710153e-10],
        "dvar2": [2.15693418681e-07, 0.000655031646602, 0.000204061958357, 1.58917646331e-05, 0.000129229360027, 3.88424268749e-06, 4.7692692533e-06, 4.89304193252e-06, 6.03447551839e-06, 1.63278116361e-06, 1.06496531771e-06, 1.97174131245e-06, 6.03830415002e-07, 6.08989921602e-07, 1.16784997317e-06, 9.97737288344e-07, 1.33327273488e-06, 5.53123413738e-07, 5.97288533299e-07, 6.18580713763e-07, 2.32167934655e-07, 1.06382664455e-07, 1.02980372674e-07, 8.79331452097e-08, 7.1103571031e-08, 1.14506386595e-08, 6.54750587081e-10],
        "max": [0.00331341545098, 0.138503968716, 0.0824190378189, 0.057848457247, 0.0695977658033, 0.0225562248379, 0.0273260809481, 0.0219900365919, 0.0297736935318, 0.0167116001248, 0.0132997212932, 0.0202940069139, 0.00910679716617, 0.0151056256145, 0.0164320766926, 0.0147752426565, 0.0162981841713, 0.00834277831018, 0.00948848668486, 0.0129456510767, 0.00345342373475, 0.00319942366332, 0.00402226531878, 0.00348556810059, 0.00467026047409, 0.00178644608241, 0.00036317089689],
        "mean": [0.000259178836131, 0.0176941230893, 0.00587472692132, 0.00226133642718, 0.00311829196289, 0.00104742276017, 0.000705419748556, 0.000881474232301, 0.00134064734448, 0.000705109792762, 0.000447028549388, 0.000686406157911, 0.00041926591075, 0.00033937356784, 0.000615878088865, 0.00071864068741, 0.000918772944715, 0.000409137544921, 0.000621477607638, 0.000404305843404, 0.000304567627609, 0.000245719333179, 0.00020895274065, 0.000212296959944, 0.000138304254506, 3.42124913004e-05, 6.6258771767e-06],
        "median": [8.20526038297e-05, 0.0135444197804, 0.00317223276943, 0.00132249318995, 0.00154625216965, 0.000514276907779, 0.00022940490453, 0.000319000682794, 0.000621868821327, 0.000299419421935, 0.000155815796461, 0.000269245705567, 0.000211428807233, 0.000178897345904, 0.000370551249944, 0.00049302179832, 0.000624996202532, 0.000260030850768, 0.000413417641539, 0.000206420911127, 0.000227439741138, 0.000193351079361, 0.000148449005792, 0.000138100876939, 7.57980305934e-05, 1.30281932798e-05, 1.57901922648e-06],
        "min": [1.33098150208e-24, 5.27419740013e-24, 2.40185880041e-24, 2.92422848956e-24, 8.67618963618e-24, 9.71337212145e-24, 7.97096928616e-24, 1.61938912791e-23, 3.23221461755e-23, 1.95716753461e-23, 3.22075436186e-23, 3.94013681617e-23, 6.91023977618e-23, 4.83495562491e-23, 7.41284767136e-23, 7.82750009996e-23, 1.22975677976e-22, 1.55216738717e-22, 2.5226413646e-22, 2.48562927311e-22, 3.80036530502e-22, 3.73265377632e-22, 4.97081425975e-22, 6.48667220961e-22, 8.95481578122e-22, 1.38534930657e-21, 2.04032398165e-21],
        "var": [1.5288875943e-07, 0.000300152692944, 6.43946550554e-05, 8.35619903228e-06, 3.10507966788e-05, 2.13837620322e-06, 2.65803168986e-06, 2.69308179668e-06, 3.94148946725e-06, 1.41591283409e-06, 7.79700428666e-07, 1.49040124597e-06, 4.18085619458e-07, 3.17390913551e-07, 7.71070233441e-07, 7.61640251312e-07, 1.04628122699e-06, 2.87456060732e-07, 4.90064849146e-07, 3.92943860561e-07, 9.69453637367e-08, 5.25360341896e-08, 5.74800012032e-08, 6.84643381987e-08, 6.38328927494e-08, 5.41836620016e-09, 2.54358950569e-10]
    },
    "erbbands": {
        "dmean": [0.316733956337, 2.9974732399, 6.14616298676, 5.68302297592, 4.99176120758, 13.4268474579, 8.79967975616, 5.25275087357, 6.31116008759, 10.5658941269, 14.5406780243, 19.8724098206, 12.7822637558, 12.2026224136, 10.8707942963, 17.0520401001, 11.5236473083, 10.2345905304, 16.2565937042, 17.2746734619, 23.3211975098, 23.0827846527, 14.0404653549, 15.5050783157, 15.8773622513, 11.2221021652, 7.60966396332, 5.6396021843, 4.46613454819, 3.46256422997, 2.93124222755, 2.38063693047, 1.62174975872, 1.02423882484, 0.450832992792, 0.147359922528, 0.0356838293374, 0.00758583517745, 0.000891679839697, 4.83257426822e-05],
        "dmean2": [0.522318601608, 4.97687196732, 10.4733419418, 9.59231948853, 8.49834728241, 24.1264266968, 15.4723043442, 8.7158946991, 10.441239357, 17.242729187, 23.9368591309, 32.261680603, 20.5373630524, 20.0965690613, 18.1977157593, 28.0204601288, 18.6867828369, 16.5071029663, 26.6630535126, 27.6106910706, 38.0599021912, 37.6699371338, 23.50822258, 26.1536617279, 26.0696563721, 18.7245941162, 13.1010847092, 9.64351844788, 7.55632019043, 5.82964324951, 4.84827518463, 3.83372330666, 2.6084227562, 1.61901926994, 0.709711372852, 0.238935247064, 0.0575952716172, 0.0123276775703, 0.00143651675899, 7.63246498536e-05],
        "dvar": [0.214211776853, 14.6639108658, 84.0044326782, 76.6971282959, 57.2701721191, 1121.17285156, 350.770996094, 104.224342346, 223.741592407, 885.260192871, 958.477661133, 1404.87402344, 635.233764648, 624.22479248, 640.471740723, 1244.62756348, 513.86126709, 496.72869873, 877.026489258, 1050.35656738, 1249.47851562, 1125.12658691, 560.403808594, 595.724853516, 703.883850098, 485.77722168, 217.889450073, 83.6208267212, 60.8553924561, 34.9805335999, 36.7031135559, 18.5876617432, 10.399971962, 5.5641374588, 1.26279139519, 0.154426455498, 0.00997533835471, 0.000542314548511, 6.79619142829e-06, 1.07051807419e-08],
        "dvar2": [0.537251710892, 37.7990493774, 225.510925293, 203.180175781, 155.41178894, 3185.36767578, 984.362060547, 268.535247803, 572.481262207, 2159.17089844, 2452.10400391, 3610.50952148, 1581.99145508, 1637.484375, 1710.66088867, 3186.91674805, 1322.98754883, 1240.59399414, 2153.66796875, 2450.57617188, 3201.16259766, 2892.48242188, 1481.94165039, 1584.86132812, 1716.32043457, 1232.19592285, 589.558654785, 228.017501831, 164.092544556, 92.6517181396, 98.5668487549, 46.5928039551, 25.239528656, 12.8110723495, 2.75100493431, 0.390417665243, 0.0254636369646, 0.001386084361, 1.77304027602e-05, 2.71453579614e-08],
        "max": [3.55685639381, 34.7768707275, 84.3644790649, 138.944549561, 93.4309844971, 347.429962158, 258.445587158, 224.477233887, 349.746856689, 497.325500488, 636.573791504, 760.450622559, 574.993408203, 719.16973877, 551.310974121, 663.789611816, 498.499694824, 603.582458496, 643.018493652, 786.251525879, 691.234924316, 1011.34576416, 451.046569824, 394.162200928, 647.599975586, 473.300720215, 216.156799316, 117.462875366, 111.169494629, 97.1415328979, 161.523010254, 70.1364974976, 66.8296051025, 51.5460319519, 32.1752052307, 8.17367362976, 2.83129835129, 0.648771822453, 0.0663796588778, 0.00239275442436],
        "mean": [0.388777166605, 4.33641624451, 7.83932304382, 7.63807582855, 7.00714302063, 12.6319246292, 10.6458978653, 7.81701135635, 8.81524944305, 14.516702652, 21.3639278412, 32.2256546021, 23.2873764038, 21.7786331177, 19.1128787994, 30.331489563, 20.5591468811, 17.2303771973, 28.2447624207, 32.7933921814, 48.5788993835, 45.6233673096, 24.2965755463, 26.9881782532, 30.3930339813, 19.6714401245, 13.4440793991, 11.2200269699, 8.905210495, 7.19356250763, 5.86366033554, 4.97552156448, 3.24169039726, 1.9228361845, 0.764609336853, 0.213730484247, 0.0511443242431, 0.0100805191323, 0.00116663170047, 9.67678060988e-05],
        "median": [0.242840155959, 3.42435002327, 5.14967536926, 4.85613155365, 4.40310192108, 5.03184127808, 4.34017896652, 3.94361877441, 3.4089922905, 4.85120296478, 8.85764503479, 14.7520017624, 11.2925605774, 9.28382968903, 7.53311920166, 12.4260835648, 10.8258895874, 9.78434371948, 17.4220848083, 20.9993038177, 35.4391021729, 32.5729751587, 16.2295875549, 18.4516716003, 17.9819812775, 10.2963733673, 9.0428981781, 8.80346488953, 6.82390880585, 5.59795331955, 4.09218978882, 3.15249848366, 2.14259529114, 1.09704947472, 0.386266499758, 0.0894885063171, 0.0191831998527, 0.00303118303418, 0.00031926255906, 6.45284162601e-05],
        "min": [6.87826251053e-23, 1.23963536302e-21, 3.18180414641e-21, 8.31057860116e-21, 3.32550936989e-20, 1.86072679363e-20, 4.99767178027e-20, 8.28355144399e-20, 9.04490075825e-20, 2.12976402437e-19, 4.31950071111e-19, 7.35294805171e-19, 8.0933920562e-19, 1.12746237435e-18, 2.57785254433e-18, 1.55079335273e-18, 2.86816729674e-18, 3.84435911997e-18, 4.1385893318e-18, 3.22083616449e-18, 6.04947167257e-18, 8.57304379793e-18, 1.03443261754e-17, 1.15766896305e-17, 8.12247438237e-18, 1.20532465794e-17, 1.55666391557e-17, 1.51874215126e-17, 1.12116672339e-17, 1.61921001954e-17, 1.25783987349e-17, 1.23383376862e-17, 1.18263865061e-17, 9.37789963293e-18, 6.89362230898e-18, 4.14671265901e-18, 2.74822796907e-18, 8.96376028552e-19, 2.71999190037e-19, 3.13486491821e-20],
        "var": [0.223555088043, 17.2463588715, 77.8492431641, 82.1714477539, 69.2364578247, 730.155578613, 323.12713623, 150.960571289, 309.169036865, 1033.4810791, 1390.484375, 2406.96923828, 1331.90405273, 1391.99084473, 1304.10705566, 2807.81396484, 963.390991211, 674.337890625, 1480.52453613, 1968.26586914, 2581.92797852, 2271.6262207, 903.748291016, 868.18927002, 1620.82946777, 879.143127441, 258.807922363, 108.033187866, 75.6940383911, 49.4978904724, 51.2890052795, 39.0935211182, 18.0559997559, 10.6647853851, 2.58559799194, 0.204604431987, 0.0121956048533, 0.000605743320193, 7.16179556548e-06, 1.37024960267e-08]
    },
    "gfcc": {
        "mean": [30.7782840729, 75.9341659546, -112.208877563, 53.777885437, -47.6816482544, 24.1709899902, -32.5002365112, 15.2715177536, -17.4123001099, -2.07922673225, -16.3137264252, -2.46570777893, -7.36421442032],
        "cov": [[9528.85058594, -157.29284668, 412.027008057, 360.066192627, -73.8931121826, 489.78717041, -36.2409667969, 397.253967285, -84.3885116577, 129.863616943, -215.996765137, -11.9707326889, -142.186340332], [-157.29284668, 853.355651855, -354.661682129, 72.3067398071, 26.5239753723, -55.397315979, 93.1018829346, -75.8423461914, 88.2164382935, -75.8868026733, 64.3993988037, -56.8782424927, 88.6077957153], [412.027008057, -354.661682129, 810.672668457, 179.717636108, 125.211341858, 241.42074585, 14.3133192062, 127.557106018, -36.902671814, 81.2134780884, -14.1061372757, 40.5074996948, -34.1525840759], [360.066192627, 72.3067398071, 179.717636108, 363.72946167, 74.4738693237, 96.9171218872, 24.3263607025, 24.713300705, 11.3679952621, -1.93614113331, 22.751537323, -32.3254508972, 31.4980297089], [-73.8931121826, 26.5239753723, 125.211341858, 74.4738693237, 191.961334229, 73.655128479, 76.6643218994, 47.7973709106, 26.008764267, 15.5621967316, -8.37697696686, 1.59724593163, 12.8199996948], [489.78717041, -55.397315979, 241.42074585, 96.9171218872, 73.655128479, 271.185455322, 93.5492324829, 114.960906982, -19.0940799713, 0.8042345047, 2.54452729225, -2.07345795631, 7.48369646072], [-36.2409667969, 93.1018829346, 14.3133192062, 24.3263607025, 76.6643218994, 93.5492324829, 194.530090332, 69.4531097412, 14.1354494095, -16.1665821075, -5.3509683609, -11.3779325485, 0.993724822998], [397.253967285, -75.8423461914, 127.557106018, 24.713300705, 47.7973709106, 114.960906982, 69.4531097412, 169.103317261, 43.2795372009, 35.4985198975, -21.0288658142, -7.31895589828, -23.1913223267], [-84.3885116577, 88.2164382935, -36.902671814, 11.3679952621, 26.008764267, -19.0940799713, 14.1354494095, 43.2795372009, 115.708320618, 43.6341323853, 7.36637067795, -15.6990871429, -4.41910028458], [129.863616943, -75.8868026733, 81.2134780884, -1.93614113331, 15.5621967316, 0.8042345047, -16.1665821075, 35.4985198975, 43.6341323853, 89.0496444702, 13.0543327332, 7.94871520996, -26.1079063416], [-215.996765137, 64.3993988037, -14.1061372757, 22.751537323, -8.37697696686, 2.54452729225, -5.3509683609, -21.0288658142, 7.36637067795, 13.0543327332, 85.2630081177, 24.6426773071, 23.2833919525], [-11.9707326889, -56.8782424927, 40.5074996948, -32.3254508972, 1.59724593163, -2.07345795631, -11.3779325485, -7.31895589828, -15.6990871429, 7.94871520996, 24.6426773071, 70.3742675781, 20.4902267456], [-142.186340332, 88.6077957153, -34.1525840759, 31.4980297089, 12.8199996948, 7.48369646072, 0.993724822998, -23.1913223267, -4.41910028458, -26.1079063416, 23.2833919525, 20.4902267456, 87.9959869385]],
        "icov": [[0.000181986673851, -0.0002195781708, 0.000160400944878, -0.000307461130433, 0.00025254584034, -0.000393576076021, 0.000291926029604, -0.000393087946577, 0.000496400985867, -0.000653130467981, 0.000832869904116, -0.000593177741393, 0.000326155946823], [-0.0002195781708, 0.00268444512039, 0.000363193306839, 0.000139639218105, -0.000586434616707, 0.000417065253714, -0.00142035319004, 0.00162151129916, -0.00285301031545, 0.00254292599857, -0.00270903133787, 0.00247849430889, -0.00172270974144], [0.000160400944878, 0.000363193306839, 0.00297292787582, -0.0014429425355, -0.000747706391849, -0.00222719064914, 0.000950270215981, -0.000482083880343, 0.00137346773408, -0.00250244745985, 0.00154922460206, -0.00229392736219, 0.0011751052225], [-0.000307461130433, 0.000139639218105, -0.0014429425355, 0.00472406158224, -0.00132076092996, 0.000248458905844, -7.32639673515e-05, 0.000823857088108, -0.00120828696527, 0.00189555971883, -0.00319534610026, 0.00444415444508, -0.00218681013212], [0.00025254584034, -0.000586434616707, -0.000747706391849, -0.00132076092996, 0.00823111273348, -0.000963675032835, -0.00242345849983, 0.000121542158013, -0.000890088907909, -0.00230057328008, 0.00331218121573, -0.00200515217148, -0.00101341970731], [-0.000393576076021, 0.000417065253714, -0.00222719064914, 0.000248458905844, -0.000963675032835, 0.00961978267878, -0.00267778337002, -0.00423540687189, 0.00192180124577, 0.00289946235716, -0.00425961473957, 0.00341419898905, -0.00248415302485], [0.000291926029604, -0.00142035319004, 0.000950270215981, -7.32639673515e-05, -0.00242345849983, -0.00267778337002, 0.00921568088233, -0.00347307603806, 0.00133850774728, 0.000976150680799, 0.00108149752486, -0.00142253760714, 0.00226029544137], [-0.000393087946577, 0.00162151129916, -0.000482083880343, 0.000823857088108, 0.000121542158013, -0.00423540687189, -0.00347307603806, 0.0142731647938, -0.00721025886014, -0.000487012293888, 0.00134876335505, 0.000552333483938, 0.000401378143579], [0.000496400985867, -0.00285301031545, 0.00137346773408, -0.00120828696527, -0.000890088907909, 0.00192180124577, 0.00133850774728, -0.00721025886014, 0.0188553743064, -0.0108731659129, 0.00201229844242, 0.000794965832029, -0.000305289024254], [-0.000653130467981, 0.00254292599857, -0.00250244745985, 0.00189555971883, -0.00230057328008, 0.00289946235716, 0.000976150680799, -0.000487012293888, -0.0108731659129, 0.0250432621688, -0.00916417129338, 0.00138641404919, 0.00366962188855], [0.000832869904116, -0.00270903133787, 0.00154922460206, -0.00319534610026, 0.00331218121573, -0.00425961473957, 0.00108149752486, 0.00134876335505, 0.00201229844242, -0.00916417129338, 0.0221204683185, -0.0105635998771, 3.05447247229e-05], [-0.000593177741393, 0.00247849430889, -0.00229392736219, 0.00444415444508, -0.00200515217148, 0.00341419898905, -0.00142253760714, 0.000552333483938, 0.000794965832029, 0.00138641404919, -0.0105635998771, 0.0256408173591, -0.0084961084649], [0.000326155946823, -0.00172270974144, 0.0011751052225, -0.00218681013212, -0.00101341970731, -0.00248415302485, 0.00226029544137, 0.000401378143579, -0.000305289024254, 0.00366962188855, 3.05447247229e-05, -0.0084961084649, 0.0183475594968]]
    },
    "melbands": {
        "dmean": [0.00318444264121, 0.00331124407239, 0.00091570650693, 0.00065846007783, 0.000379086734029, 0.000116550676466, 9.97055904008e-05, 0.000120042546769, 0.000126738785184, 0.000124765530927, 6.46600528853e-05, 5.16004511155e-05, 3.7773654185e-05, 4.32945089415e-05, 3.69484623661e-05, 2.39295695792e-05, 2.02534665732e-05, 2.60469587374e-05, 2.69192205451e-05, 2.5018958695e-05, 3.23359272443e-05, 2.92767545034e-05, 1.62228188856e-05, 1.16686978799e-05, 1.3589477021e-05, 1.27508528749e-05, 1.07321156975e-05, 7.25973359295e-06, 5.39367101737e-06, 3.92717538489e-06, 3.25888822772e-06, 2.81698521576e-06, 2.20021979658e-06, 1.94933022613e-06, 1.77112497113e-06, 1.7436507278e-06, 1.46637410126e-06, 1.26943996293e-06, 1.01103148609e-06, 8.56820236095e-07],
        "dmean2": [0.00525087444112, 0.00552448863164, 0.00153877818957, 0.0011613953393, 0.000675050599966, 0.000194016116438, 0.000164002907695, 0.000195550630451, 0.000208281504456, 0.000203236704692, 0.000104361213744, 8.51086515468e-05, 6.31098955637e-05, 7.14616544428e-05, 6.08267946518e-05, 3.8693749957e-05, 3.31317714881e-05, 4.2913674406e-05, 4.3723226554e-05, 3.99524979002e-05, 5.32506601303e-05, 4.80465569126e-05, 2.69375941571e-05, 1.98896450456e-05, 2.29882061831e-05, 2.09976678889e-05, 1.77887868631e-05, 1.21675502669e-05, 9.32670718612e-06, 6.67181757308e-06, 5.57995781492e-06, 4.77199228044e-06, 3.73864145331e-06, 3.28098712998e-06, 2.96125017485e-06, 2.87373245556e-06, 2.36468122239e-06, 2.07445532396e-06, 1.61811976795e-06, 1.36966434638e-06],
        "dvar": [1.8913526219e-05, 1.90314403881e-05, 1.83612814908e-06, 2.06454978979e-06, 7.71058182636e-07, 4.85910014447e-08, 5.64415394422e-08, 9.83930874554e-08, 7.04570624066e-08, 5.57087531661e-08, 1.65981735023e-08, 1.12686509013e-08, 7.0678347619e-09, 9.78187220113e-09, 5.61266411125e-09, 2.15015960592e-09, 2.14117057418e-09, 2.32569408176e-09, 3.16227133368e-09, 2.00608019085e-09, 2.35205388499e-09, 1.85568016509e-09, 8.41207437041e-10, 4.39601771651e-10, 4.54197818245e-10, 3.96858740315e-10, 4.9728288154e-10, 1.93939614368e-10, 1.24695420656e-10, 4.07191676211e-11, 2.7183760451e-11, 2.19985089173e-11, 1.53291875721e-11, 1.12102384667e-11, 1.42424440297e-11, 9.89348967334e-12, 6.94748945873e-12, 6.16752569155e-12, 4.76862733328e-12, 4.0755697428e-12],
        "dvar2": [4.79050759168e-05, 4.94114210596e-05, 4.85876671519e-06, 5.85531188335e-06, 2.17921251533e-06, 1.25709448184e-07, 1.42079102261e-07, 2.37699239847e-07, 1.79694666258e-07, 1.43240171724e-07, 4.13973033631e-08, 2.95071735934e-08, 1.87564186405e-08, 2.59287293858e-08, 1.50703520774e-08, 5.21328002989e-09, 5.41378009089e-09, 5.73976111085e-09, 7.81335796063e-09, 4.74406025575e-09, 6.19053652784e-09, 4.78820361138e-09, 2.2026827029e-09, 1.18200582655e-09, 1.21072274428e-09, 9.87872117442e-10, 1.23228260929e-09, 4.94249474681e-10, 3.3694863566e-10, 1.09383113678e-10, 7.4189578092e-11, 5.89761156577e-11, 4.16578577189e-11, 2.95456610566e-11, 3.83925877201e-11, 2.61349136776e-11, 1.70050657583e-11, 1.5353126756e-11, 1.11955800533e-11, 9.39764932539e-12],
        "max": [0.0346202068031, 0.0390255972743, 0.0207788832486, 0.0157936085016, 0.0111510511488, 0.00490107154474, 0.00520038884133, 0.00483551248908, 0.00550979329273, 0.00444693909958, 0.00287011521868, 0.00301615009084, 0.00158699543681, 0.00289047905244, 0.00200607161969, 0.00112372101285, 0.00125326763373, 0.00107889412902, 0.00153403170407, 0.00127616163809, 0.000964506354649, 0.00116765976418, 0.000631901843008, 0.00033479463309, 0.00038219531416, 0.000435852183728, 0.000865133595653, 0.000292904180242, 0.000173120250111, 9.47279695538e-05, 7.43952841731e-05, 8.09781122371e-05, 8.84472101461e-05, 5.99250561208e-05, 0.00010237753304, 6.11995492363e-05, 4.98439003422e-05, 4.98104564031e-05, 4.8182613682e-05, 5.70311494812e-05],
        "mean": [0.00436213845387, 0.00489571271464, 0.00128350395244, 0.000721938500647, 0.000414185138652, 0.000176785091753, 0.000138149101986, 0.00016495892487, 0.000184441101737, 0.000200145921553, 0.000112601839646, 8.83457105374e-05, 6.13420124864e-05, 7.40779942134e-05, 6.49385838187e-05, 3.81376048608e-05, 3.06020883727e-05, 4.24069003202e-05, 4.45187215519e-05, 4.55776571471e-05, 6.23908345005e-05, 5.44422982784e-05, 2.71350418188e-05, 1.75250570464e-05, 2.21114860324e-05, 2.37661079154e-05, 1.77626661753e-05, 1.20325103126e-05, 8.55756752571e-06, 7.15576061339e-06, 6.23379582976e-06, 5.26582789462e-06, 4.24021891376e-06, 3.78092067876e-06, 3.24316056322e-06, 3.4455927107e-06, 2.87934494736e-06, 2.37820995608e-06, 1.89329989553e-06, 1.52336724568e-06],
        "median": [0.00315422192216, 0.00383911374956, 0.000867107883096, 0.000360060017556, 0.000172982923687, 9.04603220988e-05, 5.05405805598e-05, 5.39136053703e-05, 7.47227531974e-05, 8.99650040083e-05, 5.18674423802e-05, 3.65218656952e-05, 2.2188280127e-05, 2.7380663596e-05, 3.00800638797e-05, 1.87912446563e-05, 1.56770511239e-05, 2.50700468314e-05, 2.66422393906e-05, 2.78687439277e-05, 4.36794798588e-05, 3.79677803721e-05, 1.56397109095e-05, 1.10972396214e-05, 1.45142776091e-05, 1.47167102114e-05, 8.92024218047e-06, 6.2091557993e-06, 5.33362708666e-06, 5.27307020093e-06, 4.81410370412e-06, 3.92004676542e-06, 3.24070902025e-06, 2.84387738247e-06, 2.18418153963e-06, 2.29319448408e-06, 1.73661419467e-06, 1.53004702952e-06, 1.15731540973e-06, 8.26640757623e-07],
        "min": [1.49528959294e-24, 1.80426077153e-24, 2.95077109523e-24, 1.70868100375e-24, 1.55519302767e-24, 2.10868002549e-24, 1.53924797941e-24, 3.08312282525e-24, 3.16262186069e-24, 4.53438707714e-24, 3.61358721337e-24, 3.97613033047e-24, 6.39979304908e-24, 4.43329494656e-24, 5.7545190281e-24, 7.08466828192e-24, 5.46302387957e-24, 6.33842598154e-24, 4.43063845747e-24, 5.7522329092e-24, 6.53062760236e-24, 6.45896826659e-24, 4.12210273009e-24, 9.30998888643e-24, 8.0206974999e-24, 5.55287908098e-24, 5.85180332709e-24, 8.162634876e-24, 8.42753989e-24, 8.17402997177e-24, 8.7051368871e-24, 5.91503210636e-24, 5.64247514158e-24, 9.85199549288e-24, 6.42745090685e-24, 6.54012430437e-24, 5.69901714139e-24, 5.54347704228e-24, 6.91770508247e-24, 7.37981664531e-24],
        "var": [2.09170539165e-05, 2.079886508e-05, 2.02277556127e-06, 1.48276751588e-06, 5.73266504489e-07, 7.06738418899e-08, 8.13852381043e-08, 1.1988331039e-07, 1.03137409724e-07, 9.43105860074e-08, 3.4010241734e-08, 2.43211388806e-08, 1.41751090865e-08, 1.85935515873e-08, 1.12089963977e-08, 3.60620511231e-09, 2.6939070974e-09, 3.67213170982e-09, 4.50971793242e-09, 4.08133216112e-09, 4.54596138511e-09, 3.5752840688e-09, 1.63435365241e-09, 5.33270039238e-10, 6.44055309085e-10, 8.67908800384e-10, 8.48979164747e-10, 3.56770557541e-10, 1.42823711191e-10, 5.52097187412e-11, 3.48621582991e-11, 2.82835959514e-11, 1.84437708162e-11, 1.57822054037e-11, 1.82710079705e-11, 1.74930885749e-11, 1.48257968402e-11, 9.76278953513e-12, 8.56638891766e-12, 7.70435104602e-12]
    },
    "mfcc": {
        "mean": [-606.196899414, 96.2086257935, 4.3706817627, 31.72631073, 15.0788946152, 11.5625743866, 4.57439947128, 12.4894428253, 8.33796310425, 5.19767427444, -1.04108428955, 1.11907315254, 0.88442158699],
        "cov": [[5510.85986328, 156.63999939, 215.890075684, 121.323974609, 198.236755371, 27.700422287, 169.050537109, 239.378677368, 223.363250732, 298.702270508, 90.3120956421, 68.9827270508, -44.6012992859], [156.63999939, 615.195495605, -227.579071045, 17.6848468781, -56.5238800049, 15.0237970352, -19.5133171082, 24.0113582611, 30.5383014679, -2.68789219856, 27.0055580139, -17.367483139, 12.4122304916], [215.890075684, -227.579071045, 624.643981934, 69.3783340454, 197.580596924, 106.175735474, 138.436935425, 74.0609436035, 30.9132881165, 60.7601165771, 16.2033309937, 61.7683181763, -10.1597824097], [121.323974609, 17.6848468781, 69.3783340454, 260.949279785, 80.6705703735, 56.0323295593, 13.0376501083, 2.27545595169, 21.6097927094, 33.9960823059, 7.26487255096, -1.82788109779, 7.46997976303], [198.236755371, -56.5238800049, 197.580596924, 80.6705703735, 202.43460083, 68.5430603027, 47.4842147827, 28.5168209076, 36.3431549072, 51.018737793, 8.29288387299, 22.486076355, 5.98926115036], [27.700422287, 15.0237970352, 106.175735474, 56.0323295593, 68.5430603027, 129.127212524, 92.4196929932, 49.7673416138, 30.2316970825, 22.2522792816, 4.86633253098, 7.6528801918, -2.96920681], [169.050537109, -19.5133171082, 138.436935425, 13.0376501083, 47.4842147827, 92.4196929932, 201.946105957, 115.279541016, 49.0297927856, 31.1683673859, 6.77025508881, 15.0459108353, -6.2370724678], [239.378677368, 24.0113582611, 74.0609436035, 2.27545595169, 28.5168209076, 49.7673416138, 115.279541016, 143.801651001, 75.9014282227, 39.3360671997, 18.0053195953, 23.9415206909, -6.52543783188], [223.363250732, 30.5383014679, 30.9132881165, 21.6097927094, 36.3431549072, 30.2316970825, 49.0297927856, 75.9014282227, 114.494239807, 73.5786895752, 29.628200531, 13.0231494904, -4.08371925354], [298.702270508, -2.68789219856, 60.7601165771, 33.9960823059, 51.018737793, 22.2522792816, 31.1683673859, 39.3360671997, 73.5786895752, 121.937538147, 53.7449264526, 14.6700172424, -7.93910074234], [90.3120956421, 27.0055580139, 16.2033309937, 7.26487255096, 8.29288387299, 4.86633253098, 6.77025508881, 18.0053195953, 29.628200531, 53.7449264526, 88.9837875366, 43.9774017334, -1.52395057678], [68.9827270508, -17.367483139, 61.7683181763, -1.82788109779, 22.486076355, 7.6528801918, 15.0459108353, 23.9415206909, 13.0231494904, 14.6700172424, 43.9774017334, 87.688583374, 32.2567672729], [-44.6012992859, 12.4122304916, -10.1597824097, 7.46997976303, 5.98926115036, -2.96920681, -6.2370724678, -6.52543783188, -4.08371925354, -7.93910074234, -1.52395057678, 32.2567672729, 72.6601486206]],
