{
"lowlevel": {
    "average_loudness": 0.934095740318,
    "barkbands_crest": {
        "dmean": 3.20778298378,
        "dmean2": 5.35050630569,
        "dvar": 8.18318843842,
        "dvar2": 20.8538246155,
        "max": 26.7235660553,
        "mean": 12.5070858002,
        "median": 12.0661935806,
        "min": 2.65947508812,
        "var": 20.2772293091
    },
    "barkbands_flatness_db": {
        "dmean": 0.0291110686958,
        "dmean2": 0.0459174178541,
        "dvar": 0.000866783491801,
        "dvar2": 0.00197733636014,
        "max": 0.853226780891,
        "mean": 0.152730226517,
        "median": 0.133228942752,
        "min": 0.0265223179013,
        "var": 0.00694605568424
    },
    "barkbands_kurtosis": {
        "dmean": 10.0563850403,
        "dmean2": 15.6558647156,
        "dvar": 2680.8581543,
        "dvar2": 4849.90771484,
        "max": 3873.10839844,
        "mean": 17.1160812378,
        "median": 4.11655664444,
        "min": -1.90117502213,
        "var": 7527.12109375
    },
    "barkbands_skewness": {
        "dmean": 0.897284448147,
        "dmean2": 1.4207804203,
        "dvar": 1.33377194405,
        "dvar2": 3.01030516624,
        "max": 47.5003585815,
        "mean": 2.67496061325,
        "median": 2.15618538857,
        "min": -5.75536823273,
        "var": 6.19194746017
    },
    "barkbands_spread": {
        "dmean": 7.74999713898,
        "dmean2": 12.5597267151,
        "dvar": 94.7690200806,
        "dvar2": 218.325454712,
        "max": 128.98374939,
        "mean": 23.9312763214,
        "median": 21.4952983856,
        "min": 0.068306311965,
        "var": 279.182525635
    },
    "dissonance": {
        "dmean": 0.0139954248443,
        "dmean2": 0.0235036537051,
        "dvar": 0.000234369130339,
        "dvar2": 0.000618399819359,
        "max": 0.500000059605,
        "mean": 0.471788883209,
        "median": 0.479620754719,
        "min": 0.106949314475,
        "var": 0.00088292156579
    },
    "dynamic_complexity": 3.02658772469,
    "erbbands_crest": {
        "dmean": 2.40783786774,
        "dmean2": 4.01709747314,
        "dvar": 5.61978626251,
        "dvar2": 14.6923208237,
        "max": 30.3279838562,
        "mean": 7.8128490448,
        "median": 6.81251525879,
        "min": 2.22105717659,
        "var": 15.209862709
    },
    "erbbands_flatness_db": {
        "dmean": 0.0152795724571,
        "dmean2": 0.0234873201698,
        "dvar": 0.000284717680188,
        "dvar2": 0.000606602290645,
        "max": 0.593188345432,
        "mean": 0.123696945608,
        "median": 0.114834271371,
        "min": 0.0314165987074,
        "var": 0.00226897979155
    },
    "erbbands_kurtosis": {
        "dmean": 1.29874622822,
        "dmean2": 2.01534628868,
        "dvar": 41.2555809021,
        "dvar2": 79.27368927,
        "max": 355.485595703,
        "mean": 1.16709947586,
        "median": -0.280583143234,
        "min": -1.91163754463,
        "var": 165.272338867
    },
    "erbbands_skewness": {
        "dmean": 0.411289900541,
        "dmean2": 0.649127662182,
        "dvar": 0.242003440857,
        "dvar2": 0.565586686134,
        "max": 14.5002355576,
        "mean": 0.183433890343,
        "median": 0.0381926782429,
        "min": -3.700258255,
        "var": 1.28440117836
    },
    "erbbands_spread": {
        "dmean": 11.4264087677,
        "dmean2": 17.9600524902,
        "dvar": 164.040649414,
        "dvar2": 373.806335449,
        "max": 195.6847229,
        "mean": 53.6609230042,
        "median": 49.5001411438,
        "min": 0.374924123287,
        "var": 628.627197266
    },
    "hfc": {
        "dmean": 8.85569477081,
        "dmean2": 14.1581315994,
        "dvar": 254.202423096,
        "dvar2": 654.580383301,
        "max": 293.776824951,
        "mean": 25.2172927856,
        "median": 21.1665554047,
        "min": 1.08365927731e-16,
        "var": 443.019378662
    },
    "melbands_crest": {
        "dmean": 3.79593253136,
        "dmean2": 6.26664400101,
        "dvar": 10.6244783401,
        "dvar2": 27.1558532715,
        "max": 35.3980979919,
        "mean": 18.3921928406,
        "median": 18.5633049011,
        "min": 1.69030547142,
        "var": 28.4953784943
    },
    "melbands_flatness_db": {
        "dmean": 0.0365229211748,
        "dmean2": 0.0573612451553,
        "dvar": 0.0012951643439,
        "dvar2": 0.00291692884639,
        "max": 1,
        "mean": 0.233913615346,
        "median": 0.212248966098,
        "min": 0.00296528614126,
        "var": 0.0105635831133
    },
    "melbands_kurtosis": {
        "dmean": 22.3773345947,
        "dmean2": 35.8913803101,
        "dvar": 1912.09204102,
        "dvar2": 4496.07421875,
        "max": 1991.15991211,
        "mean": 42.7140884399,
        "median": 21.5413303375,
        "min": -1.8210234642,
        "var": 5807.99316406
    },
    "melbands_skewness": {
        "dmean": 1.31845831871,
        "dmean2": 2.08963918686,
        "dvar": 2.18143606186,
        "dvar2": 5.01712846756,
        "max": 38.0219993591,
        "mean": 4.58130502701,
        "median": 4.06461668015,
        "min": -2.25390982628,
        "var": 7.74141693115
    },
    "melbands_spread": {
        "dmean": 7.56836986542,
        "dmean2": 12.3485002518,
        "dvar": 133.042678833,
        "dvar2": 301.241699219,
        "max": 274.840637207,
        "mean": 18.7601261139,
        "median": 14.1703691483,
        "min": 0.145903632045,
        "var": 445.956695557
    },
    "pitch_salience": {
        "dmean": 0.0924518555403,
        "dmean2": 0.152972832322,
        "dvar": 0.00668009230867,
        "dvar2": 0.0174699388444,
        "max": 0.897489249706,
        "mean": 0.467113614082,
        "median": 0.470052301884,
        "min": 0.00752090197057,
        "var": 0.0192168001086
    },
    "silence_rate_20dB": {
        "dmean": 0,
        "dmean2": 0,
        "dvar": 0,
        "dvar2": 0,
        "max": 1,
        "mean": 1,
        "median": 1,
        "min": 1,
        "var": 0
    },
    "silence_rate_30dB": {
        "dmean": 0.0513223744929,
        "dmean2": 0.102652080357,
        "dvar": 0.0486824922264,
        "dvar2": 0.130418404937,
        "max": 1,
        "mean": 0.96776497364,
        "median": 1,
        "min": 0,
        "var": 0.0311944410205
    },
    "silence_rate_60dB": {
        "dmean": 0.00857755541801,
        "dmean2": 0.0171563364565,
        "dvar": 0.008505073376,
        "dvar2": 0.0187192931771,
        "max": 1,
        "mean": 0.0435994565487,
        "median": 0,
        "min": 0,
        "var": 0.0416971221566
    },
    "spectral_centroid": {
        "dmean": 302.264556885,
        "dmean2": 488.311859131,
        "dvar": 131220.515625,
        "dvar2": 296363.09375,
        "max": 11659.2832031,
        "mean": 1388.98706055,
        "median": 1272.36608887,
        "min": 77.8461380005,
        "var": 938396.6875
    },
    "spectral_complexity": {
        "dmean": 4.51622581482,
        "dmean2": 7.12188148499,
        "dvar": 31.6328277588,
        "dvar2": 69.8922195435,
        "max": 63,
        "mean": 20.8133792877,
        "median": 19,
        "min": 0,
        "var": 181.900741577
    },
    "spectral_decrease": {
        "dmean": 5.20299359152e-09,
        "dmean2": 8.30667623575e-09,
        "dvar": 4.25782154412e-17,
        "dvar2": 1.01397248707e-16,
        "max": 1.61914037834e-28,
        "mean": -1.14718714528e-08,
        "median": -9.7264187815e-09,
        "min": -6.25290823564e-08,
        "var": 6.36262231743e-17
    },
    "spectral_energy": {
        "dmean": 0.020123898983,
        "dmean2": 0.0320657864213,
        "dvar": 0.000638297235128,
        "dvar2": 0.00152114150114,
        "max": 0.243487164378,
        "mean": 0.0455846302211,
        "median": 0.0387827642262,
        "min": 9.89713928881e-21,
        "var": 0.000970736669842
    },
    "spectral_energyband_high": {
        "dmean": 0.000636450771708,
        "dmean2": 0.00103230180684,
        "dvar": 1.84120506219e-06,
        "dvar2": 4.73200134365e-06,
        "max": 0.035099953413,
        "mean": 0.00133867003024,
        "median": 0.000831387820654,
        "min": 7.06863799724e-21,
        "var": 2.64829168373e-06
    },
    "spectral_energyband_low": {
        "dmean": 0.0169038828462,
        "dmean2": 0.0271238144487,
        "dvar": 0.000521262525581,
        "dvar2": 0.00123732897919,
        "max": 0.206228882074,
        "mean": 0.0291741006076,
        "median": 0.0232052784413,
        "min": 1.29389778201e-23,
        "var": 0.000663453480229
    },
    "spectral_energyband_middle_high": {
        "dmean": 0.00186917197425,
        "dmean2": 0.00305083533749,
        "dvar": 9.33176852413e-06,
        "dvar2": 2.39506971411e-05,
        "max": 0.0462103784084,
        "mean": 0.00544589478523,
        "median": 0.00332730892114,
        "min": 1.27217116744e-21,
        "var": 3.4668497392e-05
    },
    "spectral_energyband_middle_low": {
        "dmean": 0.00586645212024,
        "dmean2": 0.0101018734276,
        "dvar": 0.00011471266771,
        "dvar2": 0.000315277226036,
        "max": 0.115996785462,
        "mean": 0.0107320239767,
        "median": 0.00739753758535,
        "min": 1.41943024338e-22,
        "var": 0.000124977363157
    },
    "spectral_entropy": {
        "dmean": 0.171538069844,
        "dmean2": 0.261651605368,
        "dvar": 0.0513981692493,
        "dvar2": 0.110093556345,
        "max": 9.82666778564,
        "mean": 7.71509027481,
        "median": 7.8603758812,
        "min": 2.56469392776,
        "var": 0.424428075552
    },
    "spectral_flux": {
        "dmean": 0.0388754978776,
        "dmean2": 0.0608593486249,
        "dvar": 0.00190271646716,
        "dvar2": 0.00399854779243,
        "max": 0.461751788855,
        "mean": 0.111163295805,
        "median": 0.102202638984,
        "min": 6.35982447261e-11,
        "var": 0.00414146762341
    },
    "spectral_kurtosis": {
        "dmean": 1.87671244144,
        "dmean2": 2.99439096451,
        "dvar": 188.700378418,
        "dvar2": 471.341827393,
        "max": 1079.83361816,
        "mean": 5.16235160828,
        "median": 2.68580913544,
        "min": -1.27430391312,
        "var": 536.693969727
    },
    "spectral_rms": {
        "dmean": 0.00136818690225,
        "dmean2": 0.00212742039002,
        "dvar": 2.21539221457e-06,
        "dvar2": 5.02683178638e-06,
        "max": 0.0154126072302,
        "mean": 0.00623294524848,
        "median": 0.00615116581321,
        "min": 3.10736961336e-12,
        "var": 5.62319610253e-06
    },
    "spectral_rolloff": {
        "dmean": 595.860412598,
        "dmean2": 1027.7409668,
        "dvar": 1250460.5,
        "dvar2": 2961141,
        "max": 19552.1484375,
        "mean": 1224.32006836,
        "median": 624.462890625,
        "min": 64.599609375,
        "var": 3862663
    },
    "spectral_skewness": {
        "dmean": 0.211669534445,
        "dmean2": 0.328835427761,
        "dvar": 0.184923529625,
        "dvar2": 0.425861388445,
        "max": 26.5192890167,
        "mean": 1.49297094345,
        "median": 1.32960116863,
        "min": -0.117242544889,
        "var": 1.34765207767
    },
    "spectral_spread": {
        "dmean": 674474.75,
        "dmean2": 1008840.375,
        "dvar": 864796606464,
        "dvar2": 1.72060259123e+12,
        "max": 43070468,
        "mean": 5767993.5,
        "median": 5490257.5,
        "min": 113688.289062,
        "var": 8.3249683497e+12
    },
    "spectral_strongpeak": {
        "dmean": 0.266114294529,
        "dmean2": 0.459392368793,
        "dvar": 0.148188903928,
        "dvar2": 0.396548449993,
        "max": 11.6019649506,
        "mean": 0.508745491505,
        "median": 0.468474596739,
        "min": 0,
        "var": 0.177387833595
    },
    "zerocrossingrate": {
        "dmean": 0.0118611510843,
        "dmean2": 0.0147951422259,
        "dvar": 0.000199076748686,
        "dvar2": 0.000257550767856,
        "max": 0.5224609375,
        "mean": 0.0584727525711,
        "median": 0.0498046875,
        "min": 0.00244140625,
        "var": 0.00241861864924
    },
    "barkbands": {
        "dmean": [0.00023234524997, 0.0126119945198, 0.00647144624963, 0.00136580283288, 0.00387514405884, 0.000909071939532, 0.000587725546211, 0.000501192058437, 0.000709912565071, 0.000465085584437, 0.000374557566829, 0.00037953350693, 0.000292151846224, 0.000249914446613, 0.000279435073026, 0.000283188564936, 0.000309491471853, 0.000254936196143, 0.000273752462817, 0.000238826891291, 0.000170874700416, 0.000125357109937, 0.000111576198833, 0.000123686302686, 8.31116485642e-05, 3.63646140613e-05, 7.91175170889e-06],
        "dmean2": [0.00034569442505, 0.0205374509096, 0.0109655391425, 0.00235434807837, 0.00690096989274, 0.00157477182802, 0.000996183371171, 0.000845569418743, 0.00118156685494, 0.000763143005315, 0.000623877102043, 0.00064256391488, 0.000481872295495, 0.000415963440901, 0.000466324767331, 0.000472608255222, 0.000517706794199, 0.000434248562669, 0.000465044635348, 0.000401364406571, 0.000296454469208, 0.000212349725189, 0.000184464384802, 0.000193289190065, 0.000128697647597, 5.62167369935e-05, 1.22238361655e-05],
        "dvar": [1.86179477168e-07, 0.000353959301719, 8.24446760816e-05, 7.21714468455e-06, 7.74780710344e-05, 3.18517618325e-06, 2.10463144867e-06, 1.90849959836e-06, 2.97644919556e-06, 1.19625929074e-06, 7.52949119942e-07, 7.93476942818e-07, 4.26469341619e-07, 4.01178652965e-07, 3.73604365222e-07, 2.97632311685e-07, 3.57869282652e-07, 3.02539149288e-07, 3.38531009447e-07, 4.11508949583e-07, 1.85460365287e-07, 9.36867650125e-08, 6.77554794493e-08, 9.61069659411e-08, 4.43820589169e-08, 2.04019094951e-08, 9.34583965773e-10],
        "dvar2": [3.81792034432e-07, 0.000847586547025, 0.000224086994422, 1.87788373296e-05, 0.000219447960262, 9.00805389392e-06, 5.64489801036e-06, 5.04580202687e-06, 7.93418166722e-06, 3.23830022353e-06, 2.07580728784e-06, 2.21340314965e-06, 1.07468690658e-06, 1.09018958483e-06, 9.79702804216e-07, 7.77157254106e-07, 9.329227737e-07, 8.24620883577e-07, 9.02659962776e-07, 1.07681591999e-06, 5.15619319685e-07, 2.61223988218e-07, 1.69482902379e-07, 2.14805581322e-07, 1.01685351694e-07, 5.3478142803e-08, 2.32099806041e-09],
        "max": [0.00592109886929, 0.185101509094, 0.116894550622, 0.0830698162317, 0.0975548475981, 0.0298979599029, 0.0298587419093, 0.0393331833184, 0.0398047938943, 0.0252782851458, 0.0173235721886, 0.0224122144282, 0.0142217772081, 0.0212932731956, 0.013776649721, 0.010795161128, 0.0121430326253, 0.0126755237579, 0.00787377823144, 0.0131670162082, 0.00898954551667, 0.00651661772281, 0.011051624082, 0.0175898540765, 0.00543989380822, 0.00883881002665, 0.00144043460023],
        "mean": [0.00030002364656, 0.0167851559818, 0.0111229931936, 0.00181512627751, 0.0048681688495, 0.00124955375213, 0.000802842609119, 0.000667752232403, 0.00107669061981, 0.000816460058559, 0.000649660592899, 0.000668413820677, 0.000510200101417, 0.000415298272856, 0.000478054047562, 0.000512868806254, 0.000515916617587, 0.000377888733055, 0.000422833691118, 0.000367449014448, 0.000261446170043, 0.000220480680582, 0.00020883398247, 0.000238624503254, 0.000161199059221, 5.94964731135e-05, 1.13005826279e-05],
        "median": [8.65855836309e-05, 0.00947629287839, 0.00980861578137, 0.000997534836642, 0.00205915630795, 0.000612828938756, 0.000285252172034, 0.000163878998137, 0.000321566534694, 0.000220537942369, 0.000150956751895, 0.000178451140528, 0.000182634830708, 0.000127292078105, 0.000179237598786, 0.000262974208454, 0.00029910414014, 0.000198751731659, 0.000234549021116, 0.000181533774594, 0.000163933567819, 0.000146192935063, 0.000117247996968, 0.000111841560283, 7.07340004737e-05, 1.60378494911e-05, 1.92361130757e-06],
        "min": [5.392574262e-25, 4.79556985096e-24, 1.05892802777e-24, 5.26271937535e-25, 7.10751211602e-24, 8.7318003857e-24, 1.01190517306e-23, 1.22621769731e-23, 2.08867238301e-23, 1.62181093089e-23, 1.55484011103e-23, 2.37856772162e-23, 2.39781955647e-23, 2.94368369275e-23, 7.26655120768e-23, 6.2428224296e-23, 7.24273076378e-23, 6.62254094187e-23, 1.38224371896e-22, 1.70742669913e-22, 2.58287524923e-22, 3.45995680451e-22, 4.1992795168e-22, 6.20954802418e-22, 9.75062169164e-22, 1.3582666136e-21, 1.9278518541e-21],
        "var": [2.81134276747e-07, 0.000429187086411, 9.75978255155e-05, 8.85578083398e-06, 6.25883112662e-05, 3.54237727151e-06, 3.16766090691e-06, 2.57815736404e-06, 4.08710820921e-06, 2.67714608526e-06, 1.85045064427e-06, 1.77310380423e-06, 8.52394919093e-07, 7.11152949862e-07, 7.17729847111e-07, 6.02332193012e-07, 5.40132873539e-07, 3.28674730099e-07, 4.17143155573e-07, 4.98725853504e-07, 1.58973918474e-07, 9.14256190754e-08, 9.1291404658e-08, 1.60871223898e-07, 7.89912064647e-08, 2.20123972383e-08, 1.06363473584e-09]
    },
    "erbbands": {
        "dmean": [0.325313210487, 3.10272312164, 7.74130058289, 4.98958396912, 6.03410673141, 17.6613368988, 13.9672136307, 6.58742904663, 7.53729820251, 9.19361400604, 11.7134037018, 17.2746181488, 13.355594635, 14.7566194534, 14.0477952957, 14.5770406723, 12.7965803146, 11.6040735245, 13.1331777573, 13.6676502228, 16.0553092957, 15.7325696945, 13.5287380219, 14.723938942, 13.0359840393, 11.2556266785, 7.95413017273, 5.83596611023, 4.82418680191, 3.66324663162, 3.22203230858, 2.76126503944, 2.00229716301, 1.19484174252, 0.482426375151, 0.198077306151, 0.0572970882058, 0.0132811442018, 0.00134745321702, 6.16905381321e-05],
        "dmean2": [0.51116168499, 5.15914440155, 13.1412382126, 8.44990444183, 10.6043930054, 31.8591766357, 24.6242542267, 11.3884897232, 12.9153318405, 15.6081018448, 19.781785965, 28.6936588287, 22.2458496094, 24.2301235199, 23.4170761108, 24.45362854, 21.1501293182, 19.2417316437, 21.7212848663, 22.6413478851, 26.9636192322, 26.3045825958, 22.6568508148, 25.4723415375, 21.9202213287, 18.7930221558, 13.683142662, 10.0528259277, 8.23351860046, 6.13448476791, 5.29029798508, 4.36862325668, 3.15710759163, 1.87079763412, 0.748028159142, 0.308512449265, 0.0887423828244, 0.020666481927, 0.00208249036223, 9.42045226111e-05],
        "dvar": [0.298867553473, 21.2241802216, 114.752883911, 77.6142654419, 104.099853516, 1838.81896973, 978.991333008, 158.754699707, 349.466033936, 617.653381348, 935.883056641, 1927.02319336, 1219.5871582, 1111.45141602, 1091.67675781, 1183.61328125, 778.364685059, 898.140441895, 910.945678711, 766.251831055, 982.329833984, 948.943359375, 803.729858398, 1085.77893066, 862.380371094, 913.402587891, 446.645385742, 210.564117432, 146.793075562, 65.5131759644, 60.4860801697, 34.5148429871, 34.3978843689, 10.983631134, 1.36022484303, 0.340716481209, 0.0533163547516, 0.00598921813071, 3.10186296701e-05, 2.9529333645e-08],
        "dvar2": [0.641775012016, 54.5472869873, 311.985412598, 207.043914795, 295.819824219, 5218.38769531, 2780.86572266, 441.548858643, 950.599243164, 1612.20788574, 2486.30102539, 5173.42724609, 3321.68164062, 3030.78930664, 3037.78637695, 3301.60400391, 1978.08996582, 2415.20043945, 2373.55688477, 2005.07067871, 2595.015625, 2472.28393555, 2152.65771484, 2961.72900391, 2256.91479492, 2353.97094727, 1227.85192871, 589.711364746, 411.322509766, 178.553588867, 147.502075195, 80.717124939, 74.4468765259, 24.8579063416, 3.1108443737, 0.819452106953, 0.139513894916, 0.0166523326188, 7.81275884947e-05, 7.23099518041e-08],
        "max": [4.76668357849, 46.0425491333, 131.875656128, 243.975997925, 195.949371338, 453.336334229, 416.655944824, 215.953063965, 410.769805908, 586.694763184, 859.30657959, 1102.44311523, 804.327575684, 621.479003906, 940.743164062, 720.940002441, 705.200744629, 932.624511719, 844.200134277, 468.502685547, 664.833984375, 534.406799316, 819.665161133, 455.353179932, 389.589691162, 582.582397461, 449.335388184, 383.04385376, 238.862457275, 152.41986084, 392.387115479, 268.173950195, 347.853363037, 136.16065979, 23.9884395599, 22.4801445007, 14.1564083099, 5.64668703079, 0.290339589119, 0.00741051044315],
        "mean": [0.415937125683, 4.06489419937, 12.9456834793, 8.55761146545, 8.60478973389, 18.9476032257, 17.7774162292, 9.28414058685, 10.472568512, 12.8795461655, 16.9150180817, 26.2552490234, 22.7799739838, 28.2539138794, 26.6332969666, 27.2021446228, 24.2103977203, 21.0525608063, 23.7123260498, 26.0917644501, 30.3686561584, 27.5205688477, 22.208990097, 21.3938026428, 20.2710170746, 17.7201061249, 11.7207212448, 9.53597736359, 8.10432052612, 6.78690338135, 5.97304868698, 5.35496854782, 3.68763661385, 2.22120571136, 0.919378221035, 0.334239184856, 0.0924433991313, 0.0194388702512, 0.00197059335187, 0.000124400074128],
        "median": [0.224286824465, 2.28142809868, 11.6231613159, 6.52686023712, 4.35859918594, 7.0332069397, 6.52973604202, 4.52642202377, 4.18076324463, 3.94366168976, 5.35330486298, 7.43025684357, 5.84055137634, 8.88200283051, 6.8499584198, 7.98114919662, 9.22850704193, 7.07186603546, 9.03632831573, 10.7222909927, 18.1041908264, 16.3867874146, 12.5609779358, 11.9644069672, 10.5550556183, 8.74240589142, 6.82436561584, 6.32611560822, 5.21140384674, 4.31648921967, 3.24746656418, 2.57730579376, 1.6751563549, 0.995556533337, 0.378066331148, 0.104045584798, 0.0243426319212, 0.00387619133107, 0.000377472984837, 7.35697976779e-05],
        "min": [6.31034450547e-23, 4.59237357593e-22, 2.96403996442e-21, 4.65082137849e-21, 7.69070366728e-21, 2.71837883355e-20, 2.81892457571e-20, 7.95376487353e-20, 1.4710264651e-19, 1.53818073539e-19, 2.97386603807e-19, 4.67956390145e-19, 4.73567983421e-19, 8.66157414715e-19, 6.32948781956e-19, 1.2558333608e-18, 1.36365294152e-18, 1.51304724022e-18, 2.89941156283e-18, 3.8707594164e-18, 3.52578746425e-18, 4.56695928768e-18, 5.08490545926e-18, 6.23266115898e-18, 7.80063743118e-18, 9.05744324618e-18, 1.09726873103e-17, 1.22770799988e-17, 1.17654795433e-17, 1.08978679967e-17, 1.20390017021e-17, 1.25868086802e-17, 1.08599756801e-17, 8.45592494936e-18, 6.73183984324e-18, 4.0437733405e-18, 2.6539651548e-18, 8.88235950939e-19, 2.32049339131e-19, 2.75207998117e-20],
        "var": [0.37310525775, 23.5539588928, 121.80670929, 87.8292617798, 151.8152771, 1320.29736328, 879.486328125, 200.833953857, 500.200164795, 800.069335938, 1337.74450684, 2517.4765625, 2370.94213867, 2783.03491211, 2876.64404297, 2704.27050781, 1711.04736328, 1737.45324707, 1733.28686523, 1891.60961914, 1783.70361328, 1477.96069336, 1017.26373291, 1108.45178223, 1113.82092285, 1168.81262207, 402.680328369, 187.165298462, 135.653198242, 76.3474197388, 82.9462966919, 62.8651847839, 52.9111938477, 17.2974643707, 2.62357783318, 0.517479121685, 0.0562894381583, 0.0046221348457, 3.33952375513e-05, 3.74156030603e-08]
    },
    "gfcc": {
        "mean": [7.48116207123, 78.0774688721, -89.6067276001, 50.4079399109, -44.6543884277, 24.8769207001, -32.8026618958, 11.9703588486, -22.0268936157, -1.93652367592, -15.4657812119, -0.652690112591, -9.15459823608],
        "cov": [[21199.9199219, -307.275421143, -2209.18847656, 429.514678955, -817.823425293, 301.686889648, -361.08581543, 369.881134033, -277.322601318, 122.426727295, -283.382476807, 84.3782348633, -191.683273315], [-307.275421143, 1592.62487793, -62.5618209839, -160.587341309, 109.034736633, -127.377624512, 127.571411133, -168.508743286, 82.0925140381, -96.9101409912, 84.8065872192, -27.8503646851, 101.930747986], [-2209.18847656, -62.5618209839, 1086.38696289, 42.1790962219, 211.4269104, -1.95301902294, 24.3231506348, -54.7738571167, -22.1780776978, 8.58856964111, 18.0927219391, 40.3928108215, -21.69024086], [429.514678955, -160.587341309, 42.1790962219, 446.41897583, 11.2493648529, 58.5005989075, -11.605091095, 32.7380523682, 9.06974315643, -14.6394643784, 16.011674881, -30.0638084412, 14.8176298141], [-817.823425293, 109.034736633, 211.4269104, 11.2493648529, 307.868774414, 32.3456573486, 112.532821655, 14.4764623642, 30.4420471191, 19.4219741821, 13.1280603409, 11.9619188309, 4.33604478836], [301.686889648, -127.377624512, -1.95301902294, 58.5005989075, 32.3456573486, 189.995391846, 70.0233688354, 50.2615966797, -3.51311588287, 3.97419834137, 5.16303539276, -4.54465389252, -2.67089438438], [-361.08581543, 127.571411133, 24.3231506348, -11.605091095, 112.532821655, 70.0233688354, 231.829559326, 56.2082901001, 31.3687763214, -4.71593046188, 15.6936454773, -1.21763706207, 11.2630281448], [369.881134033, -168.508743286, -54.7738571167, 32.7380523682, 14.4764623642, 50.2615966797, 56.2082901001, 156.854721069, 43.040851593, 18.9505138397, -14.5087585449, -3.20427203178, -11.714969635], [-277.322601318, 82.0925140381, -22.1780776978, 9.06974315643, 30.4420471191, -3.51311588287, 31.3687763214, 43.040851593, 124.774856567, 42.8581085205, 9.87214183807, -19.9243583679, 1.8155901432], [122.426727295, -96.9101409912, 8.58856964111, -14.6394643784, 19.4219741821, 3.97419834137, -4.71593046188, 18.9505138397, 42.8581085205, 112.601150513, 22.4777259827, 12.413649559, -22.1204280853], [-283.382476807, 84.8065872192, 18.0927219391, 16.011674881, 13.1280603409, 5.16303539276, 15.6936454773, -14.5087585449, 9.87214183807, 22.4777259827, 86.0238571167, 24.3671760559, 11.595582962], [84.3782348633, -27.8503646851, 40.3928108215, -30.0638084412, 11.9619188309, -4.54465389252, -1.21763706207, -3.20427203178, -19.9243583679, 12.413649559, 24.3671760559, 89.620552063, 18.0070438385], [-191.683273315, 101.930747986, -21.69024086, 14.8176298141, 4.33604478836, -2.67089438438, 11.2630281448, -11.714969635, 1.8155901432, -22.1204280853, 11.595582962, 18.0070438385, 75.5783233643]],
        "icov": [[0.00011263856868, -0.000202293449547, 0.000195929780602, -0.000231334561249, 0.000185462529771, -0.000245190545684, 0.000189011450857, -0.000375546282157, 0.000500981172081, -0.000471303646918, 0.000598317361437, -0.00045341119403, 0.000420660042437], [-0.000202293449547, 0.00159925711341, -0.000197394911083, 0.000834395701531, -0.000685880309902, 0.00107448035851, -0.00104492390528, 0.00207270053215, -0.0021844713483, 0.0022218010854, -0.00228928448632, 0.00141667830758, -0.00161940476391], [0.000195929780602, -0.000197394911083, 0.00150945479982, -0.000531694910023, -0.000576605787501, -0.000302743108477, 0.000355199270416, -2.009540367e-05, 0.000813711783849, -0.000540385954082, 0.000900671933778, -0.00128028658219, 0.00125606055371], [-0.000231334561249, 0.000834395701531, -0.000531694910023, 0.0032357883174, -0.000666014384478, -0.000103897691588, 0.000174679327756, 0.000432660453953, -0.00144933152478, 0.00190766318701, -0.00268200854771, 0.0024487443734, -0.00200225086883], [0.000185462529771, -0.000685880309902, -0.000576605787501, -0.000666014384478, 0.00518123991787, -0.00066252500983, -0.00173824967351, -0.000589066592511, 0.000457692076452, -0.0019126876723, 0.0017399827484, -0.0013672845671, 0.000695570081007], [-0.000245190545684, 0.00107448035851, -0.000302743108477, -0.000103897691588, -0.00066252500983, 0.00758878374472, -0.002626552945, -0.000151714717504, -6.27496774541e-05, 0.00099591515027, -0.00228421925567, 0.00181951094419, -0.0012534619309], [0.000189011450857, -0.00104492390528, 0.000355199270416, 0.000174679327756, -0.00173824967351, -0.002626552945, 0.00747998943552, -0.00332336011343, 0.000680687546264, 2.69441607088e-05, 3.3338466892e-05, -0.000470811908599, 0.000431992142694], [-0.000375546282157, 0.00207270053215, -2.009540367e-05, 0.000432660453953, -0.000589066592511, -0.000151714717504, -0.00332336011343, 0.0119908070192, -0.00620237970725, 0.00255832355469, -0.000553327961825, 0.000124655736727, -0.000503173738252], [0.000500981172081, -0.0021844713483, 0.000813711783849, -0.00144933152478, 0.000457692076452, -6.27496774541e-05, 0.000680687546264, -0.00620237970725, 0.015568992123, -0.00828573200852, 0.00257849483751, 0.00161486724392, 6.3660008891e-05], [-0.000471303646918, 0.0022218010854, -0.000540385954082, 0.00190766318701, -0.0019126876723, 0.00099591515027, 2.69441607088e-05, 0.00255832355469, -0.00828573200852, 0.0163812823594, -0.00685148406774, -0.000217314009205, 0.00191306555644], [0.000598317361437, -0.00228928448632, 0.000900671933778, -0.00268200854771, 0.0017399827484, -0.00228421925567, 3.3338466892e-05, -0.000553327961825, 0.00257849483751, -0.00685148406774, 0.0191707909107, -0.00699475128204, 0.00177601841278], [-0.00045341119403, 0.00141667830758, -0.00128028658219, 0.0024487443734, -0.0013672845671, 0.00181951094419, -0.000470811908599, 0.000124655736727, 0.00161486724392, -0.000217314009205, -0.00699475128204, 0.0173622220755, -0.00684178201482], [0.000420660042437, -0.00161940476391, 0.00125606055371, -0.00200225086883, 0.000695570081007, -0.0012534619309, 0.000431992142694, -0.000503173738252, 6.3660008891e-05, 0.00191306555644, 0.00177601841278, -0.00684178201482, 0.0189247112721]]
    },
    "melbands": {
        "dmean": [0.00319295842201, 0.00391765823588, 0.000860509055201, 0.000786385789979, 0.000596975965891, 0.000148499690113, 0.000117095209134, 0.000101142679341, 0.000102789264929, 0.000107072162791, 6.71007946949e-05, 6.19982019998e-05, 4.90080419695e-05, 4.43251228717e-05, 3.59851983376e-05, 2.7092952223e-05, 2.31564827118e-05, 2.2425685529e-05, 2.17723736569e-05, 1.90516730072e-05, 2.06430177059e-05, 1.80839961104e-05, 1.48106882989e-05, 1.15987695608e-05, 1.27637167679e-05, 1.04745258795e-05, 9.65138497122e-06, 7.26717371435e-06, 5.64477841181e-06, 3.86640431316e-06, 3.45634703081e-06, 2.93090988635e-06, 2.37259791902e-06, 2.06201934816e-06, 1.95697111849e-06, 1.82124733783e-06, 1.77270521817e-06, 1.51571077822e-06, 1.26794225253e-06, 9.82889901024e-07],
        "dmean2": [0.00515122059733, 0.00655777845532, 0.00146266305819, 0.00140260055196, 0.001058063237, 0.000256605999311, 0.000199779373361, 0.000170971878106, 0.000173567648744, 0.00017825156101, 0.000111970373837, 0.000102127378341, 8.18263652036e-05, 7.49522005208e-05, 6.0142694565e-05, 4.44278120995e-05, 3.8672300434e-05, 3.72770009562e-05, 3.63768958778e-05, 3.1393388781e-05, 3.48254106939e-05, 3.03693868773e-05, 2.46290419454e-05, 1.98042216653e-05, 2.2143814931e-05, 1.78356913239e-05, 1.63416661962e-05, 1.20587856145e-05, 9.77698437055e-06, 6.64310982756e-06, 5.97554480919e-06, 5.01569138578e-06, 4.02695695811e-06, 3.47470154338e-06, 3.25388259625e-06, 2.94896108244e-06, 2.82360156234e-06, 2.42874898504e-06, 2.00504109671e-06, 1.55450436523e-06],
        "dvar": [2.47792831942e-05, 2.9116308724e-05, 1.91618778445e-06, 3.11762892125e-06, 1.83433155598e-06, 7.87048577422e-08, 8.17700325229e-08, 7.40231413943e-08, 6.43292921154e-08, 7.71057884208e-08, 3.11189047864e-08, 1.96523224361e-08, 1.31052564356e-08, 1.19185692427e-08, 6.73400002427e-09, 4.1197898426e-09, 3.69310648729e-09, 2.97485569511e-09, 2.31418639807e-09, 1.39999578597e-09, 1.69459779542e-09, 1.23288257381e-09, 9.30024668389e-10, 6.98533619836e-10, 7.95546961641e-10, 5.26140075952e-10, 6.22685847329e-10, 3.67645719423e-10, 2.50528431334e-10, 7.4311098941e-11, 8.03473260147e-11, 5.52423558287e-11, 2.97202956689e-11, 2.08965587889e-11, 2.31828167774e-11, 1.65984795353e-11, 1.45166413612e-11, 1.83286285454e-11, 1.46698209136e-11, 7.00867879358e-12],
        "dvar2": [5.5764678109e-05, 7.76984597906e-05, 5.12563337907e-06, 8.80500465428e-06, 5.21545507581e-06, 2.19678810254e-07, 2.21691323077e-07, 1.93164993334e-07, 1.71016480977e-07, 2.07834773391e-07, 8.45396925797e-08, 5.36460511569e-08, 3.63803316361e-08, 3.37358443403e-08, 1.84919173307e-08, 1.01711865597e-08, 1.00420951554e-08, 7.81245645953e-09, 6.04689898154e-09, 3.60130858468e-09, 4.50454296086e-09, 3.22773030526e-09, 2.41364017661e-09, 1.91967841623e-09, 2.16124562691e-09, 1.40357248046e-09, 1.64469915465e-09, 9.25924781292e-10, 6.8729927305e-10, 2.02077785061e-10, 2.27576804623e-10, 1.55603405161e-10, 8.20496726117e-11, 5.73194339215e-11, 5.89192167277e-11, 3.92885862732e-11, 3.49829366864e-11, 3.99355097602e-11, 3.21072647635e-11, 1.64343382653e-11],
        "max": [0.0476910285652, 0.0582882463932, 0.0335954092443, 0.0239643827081, 0.0146967526525, 0.00451709982008, 0.00659615220502, 0.00647371867672, 0.00738742435351, 0.00719038350508, 0.00406864145771, 0.0025762883015, 0.00274159247056, 0.00331054232083, 0.00167997297831, 0.00185662077274, 0.00157733436208, 0.00149124127347, 0.00102012278512, 0.00070835952647, 0.000948737550061, 0.000717252085451, 0.000697072362527, 0.000518006796483, 0.000428459956311, 0.000300461630104, 0.000475401117001, 0.000387004838558, 0.000334277225193, 0.000165176039445, 0.000256956118392, 0.000164411379956, 0.000114886825031, 9.1746187536e-05, 0.000238628839725, 0.000206764394534, 0.000166925950907, 0.000255919672782, 0.000181280003744, 9.82506244327e-05],
        "mean": [0.00420393561944, 0.0064023276791, 0.00156287720893, 0.0009583781939, 0.000734508270398, 0.000207730845432, 0.000162937736604, 0.000140673306305, 0.000148365041241, 0.000160724288435, 0.000110585526272, 0.000113686895929, 8.86441994226e-05, 7.65760560171e-05, 6.37020857539e-05, 4.71276289318e-05, 3.81899080821e-05, 3.72344948119e-05, 3.67050524801e-05, 3.42821440427e-05, 3.6200563045e-05, 2.98646500596e-05, 2.33757564274e-05, 1.66207701113e-05, 1.75295117515e-05, 1.53473411046e-05, 1.37784600156e-05, 1.12454963528e-05, 7.60769898989e-06, 5.93788172409e-06, 5.36158222531e-06, 4.64668937639e-06, 4.0297400119e-06, 3.62459422831e-06, 3.35456024914e-06, 3.4188110476e-06, 3.23552376358e-06, 2.67087011707e-06, 2.20912738769e-06, 1.75875948116e-06],
        "median": [0.00236612511799, 0.00546509493142, 0.00125545391347, 0.000438364455476, 0.000262048444711, 0.000101660567452, 6.32334631518e-05, 4.08410669479e-05, 4.84259689983e-05, 4.29676620115e-05, 2.66250644927e-05, 3.46746019204e-05, 2.1257539629e-05, 1.9151606466e-05, 2.22971466428e-05, 1.6576703274e-05, 1.16081537271e-05, 1.29167592604e-05, 1.37516572067e-05, 1.50489595399e-05, 2.10516391235e-05, 1.66309746419e-05, 1.21301718536e-05, 8.57161830936e-06, 9.17299166758e-06, 7.88068518887e-06, 6.36630920781e-06, 5.31088471689e-06, 4.0530771912e-06, 3.7675679323e-06, 3.36225798492e-06, 2.93380958283e-06, 2.53183770837e-06, 2.23639221986e-06, 1.7933369918e-06, 1.7144419644e-06, 1.46157822201e-06, 1.19058131531e-06, 9.55786504164e-07, 7.62029458201e-07],
        "min": [1.14369310419e-24, 1.27930381582e-24, 8.50425089379e-25, 9.92842585941e-25, 1.36548913769e-24, 2.07251193628e-24, 2.74551086819e-24, 2.13571507757e-24, 2.58377840819e-24, 2.94658677977e-24, 1.52614884547e-24, 3.3980554257e-24, 2.28575306909e-24, 1.85272621618e-24, 1.8813963797e-24, 2.15048847017e-24, 2.50515993873e-24, 3.97981352203e-24, 5.31465689267e-24, 4.85263723213e-24, 3.54910966728e-24, 3.88872927533e-24, 4.76804097195e-24, 3.4397577686e-24, 3.91756253585e-24, 4.79727694595e-24, 5.3947191748e-24, 5.46081230802e-24, 6.34042574393e-24, 4.89559149728e-24, 6.64096794376e-24, 5.96431619142e-24, 5.1907079118e-24, 5.89049498234e-24, 6.04833618871e-24, 7.05509309773e-24, 6.66237052898e-24, 6.40278874837e-24, 6.94812355898e-24, 6.23409439366e-24],
        "var": [3.05857829517e-05, 3.05889698211e-05, 2.29098327509e-06, 2.44303419095e-06, 1.56240128035e-06, 9.79817116331e-08, 1.22357747045e-07, 9.73127569637e-08, 9.52063743398e-08, 9.93161535234e-08, 6.01967613534e-08, 4.63661322669e-08, 3.34819389991e-08, 2.53259866412e-08, 1.29796555726e-08, 8.12855560639e-09, 6.46744569011e-09, 4.92955898324e-09, 4.44703651681e-09, 3.20972959322e-09, 2.68833133532e-09, 1.89550664054e-09, 1.31874078324e-09, 6.93873014601e-10, 8.26106627549e-10, 6.28612051301e-10, 7.13040571032e-10, 5.15005704749e-10, 2.23655566289e-10, 7.31980587254e-11, 6.78746850391e-11, 4.88546113286e-11, 3.1208872292e-11, 2.36249457497e-11, 2.84003792705e-11, 2.66209276845e-11, 2.51787115463e-11, 2.75747549794e-11, 2.26611316517e-11, 1.05093806921e-11]
    },
    "mfcc": {
        "mean": [-633.448669434, 102.661758423, 20.4272403717, 32.0577087402, 18.2862529755, 13.8699569702, 8.02059268951, 11.4696006775, 4.22404956818, 2.92493534088, -1.84668385983, 0.191663071513, -0.718938529491],
        "cov": [[11380.2099609, -144.481704712, -1105.02746582, -106.44329834, -268.414794922, -86.8899383545, -69.4208602905, 118.663131714, 109.26210022, 132.608901978, 40.5232124329, 22.8876209259, 23.5952548981], [-144.481704712, 1405.94250488, -8.70136642456, 1.70277190208, -33.0089874268, 68.9334411621, 1.50003409386, 8.49891757965, -13.3617315292, -51.1687469482, -1.69070839882, -32.5742530823, 41.5340766907], [-1105.02746582, -8.70136642456, 681.724304199, 134.883102417, 130.335449219, 45.9296340942, 29.9514007568, -6.32433223724, -39.7078933716, -32.4281997681, -32.2752761841, -0.0292681772262, -22.3447933197], [-106.44329834, 1.70277190208, 134.883102417, 311.685333252, 96.9352645874, 35.5361251831, 20.510471344, 15.8442745209, 8.17075157166, 14.8545570374, -11.0235214233, 6.31033945084, -0.0949576497078], [-268.414794922, -33.0089874268, 130.335449219, 96.9352645874, 201.563949585, 44.4865188599, 18.5680046082, 4.43126916885, 3.55600881577, 10.3853111267, -1.13944172859, 12.7703742981, -6.23669958115], [-86.8899383545, 68.9334411621, 45.9296340942, 35.5361251831, 44.4865188599, 154.281951904, 69.5062179565, 19.5837879181, 10.2080259323, 4.48917579651, 14.2808866501, 5.20905256271, 4.55039978027], [-69.4208602905, 1.50003409386, 29.9514007568, 20.510471344, 18.5680046082, 69.5062179565, 174.570846558, 81.3073348999, 28.7381343842, 8.65101718903, 7.36028575897, 4.90663766861, 7.40445613861], [118.663131714, 8.49891757965, -6.32433223724, 15.8442745209, 4.43126916885, 19.5837879181, 81.3073348999, 135.619384766, 61.9971466064, 12.8857011795, 5.05966329575, 11.8100318909, 5.7324051857], [109.26210022, -13.3617315292, -39.7078933716, 8.17075157166, 3.55600881577, 10.2080259323, 28.7381343842, 61.9971466064, 119.300765991, 57.7170829773, 18.5635871887, 12.2988138199, 4.40347480774], [132.608901978, -51.1687469482, -32.4281997681, 14.8545570374, 10.3853111267, 4.48917579651, 8.65101718903, 12.8857011795, 57.7170829773, 114.762542725, 48.376285553, 16.5109825134, 5.30358314514], [40.5232124329, -1.69070839882, -32.2752761841, -11.0235214233, -1.13944172859, 14.2808866501, 7.36028575897, 5.05966329575, 18.5635871887, 48.376285553, 89.7394332886, 36.6091423035, 11.8925237656], [22.8876209259, -32.5742530823, -0.0292681772262, 6.31033945084, 12.7703742981, 5.20905256271, 4.90663766861, 11.8100318909, 12.2988138199, 16.5109825134, 36.6091423035, 81.3122406006, 34.0541534424], [23.5952548981, 41.5340766907, -22.3447933197, -0.0949576497078, -6.23669958115, 4.55039978027, 7.40445613861, 5.7324051857, 4.40347480774, 5.30358314514, 11.8925237656, 34.0541534424, 76.4736633301]],
