{
"lowlevel": {
    "average_loudness": 0.948282003403,
    "barkbands_crest": {
        "dmean": 3.40346932411,
        "dmean2": 5.59820747375,
        "dvar": 9.63082885742,
        "dvar2": 25.2159175873,
        "max": 25.9703216553,
        "mean": 12.4509181976,
        "median": 11.939956665,
        "min": 2.06684207916,
        "var": 22.8503112793
    },
    "barkbands_flatness_db": {
        "dmean": 0.0292450264096,
        "dmean2": 0.0463392697275,
        "dvar": 0.000865155772772,
        "dvar2": 0.00209322362207,
        "max": 0.437630712986,
        "mean": 0.129854261875,
        "median": 0.116275042295,
        "min": 0.0111303096637,
        "var": 0.00385930482298
    },
    "barkbands_kurtosis": {
        "dmean": 8.00443840027,
        "dmean2": 12.7107410431,
        "dvar": 375.951080322,
        "dvar2": 877.988647461,
        "max": 625.208068848,
        "mean": 11.2655420303,
        "median": 2.98198413849,
        "min": -1.92362093925,
        "var": 729.569274902
    },
    "barkbands_skewness": {
        "dmean": 0.913019061089,
        "dmean2": 1.43806684017,
        "dvar": 1.19514191151,
        "dvar2": 2.83381152153,
        "max": 22.4005527496,
        "mean": 2.48110866547,
        "median": 1.9680429697,
        "min": -3.05450224876,
        "var": 4.10372495651
    },
    "barkbands_spread": {
        "dmean": 9.70459270477,
        "dmean2": 15.5462741852,
        "dvar": 111.903244019,
        "dvar2": 268.464355469,
        "max": 127.505607605,
        "mean": 30.0312690735,
        "median": 28.8474063873,
        "min": 0.361926794052,
        "var": 328.324279785
    },
    "dissonance": {
        "dmean": 0.0134583013132,
        "dmean2": 0.022465383634,
        "dvar": 0.000178898364538,
        "dvar2": 0.000470258673886,
        "max": 0.5,
        "mean": 0.474401324987,
        "median": 0.479350745678,
        "min": 0.292043805122,
        "var": 0.000410908134654
    },
    "dynamic_complexity": 2.47301363945,
    "erbbands_crest": {
        "dmean": 2.48371553421,
        "dmean2": 4.08873081207,
        "dvar": 6.14903688431,
        "dvar2": 15.94734478,
        "max": 28.9549102783,
        "mean": 7.52423048019,
        "median": 6.5339679718,
        "min": 2.2706592083,
        "var": 13.7602910995
    },
    "erbbands_flatness_db": {
        "dmean": 0.0153401251882,
        "dmean2": 0.0230149198323,
        "dvar": 0.000228587436141,
        "dvar2": 0.00049228023272,
        "max": 0.285236924887,
        "mean": 0.105049028993,
        "median": 0.101207241416,
        "min": 0.0380459800363,
        "var": 0.000896045588888
    },
    "erbbands_kurtosis": {
        "dmean": 0.769522309303,
        "dmean2": 1.21279168129,
        "dvar": 2.15176844597,
        "dvar2": 4.65975666046,
        "max": 52.9348526001,
        "mean": -0.0782696828246,
        "median": -0.430276989937,
        "min": -1.78642940521,
        "var": 3.45491576195
    },
    "erbbands_skewness": {
        "dmean": 0.393203288317,
        "dmean2": 0.613909721375,
        "dvar": 0.176965981722,
        "dvar2": 0.412859559059,
        "max": 6.68695783615,
        "mean": 0.0226989351213,
        "median": -0.030026987195,
        "min": -3.14331102371,
        "var": 0.505647659302
    },
    "erbbands_spread": {
        "dmean": 12.3701515198,
        "dmean2": 18.9395523071,
        "dvar": 159.339538574,
        "dvar2": 348.030853271,
        "max": 176.417953491,
        "mean": 59.8659591675,
        "median": 54.7319526672,
        "min": 5.70433330536,
        "var": 644.629394531
    },
    "hfc": {
        "dmean": 10.0076847076,
        "dmean2": 15.7456159592,
        "dvar": 236.901885986,
        "dvar2": 610.017333984,
        "max": 197.958648682,
        "mean": 27.1509990692,
        "median": 22.1795272827,
        "min": 1.12717440383e-16,
        "var": 464.772674561
    },
    "melbands_crest": {
        "dmean": 3.60600733757,
        "dmean2": 5.89103889465,
        "dvar": 9.84451961517,
        "dvar2": 25.1748256683,
        "max": 33.4386787415,
        "mean": 18.3796329498,
        "median": 18.5886192322,
        "min": 1.85264933109,
        "var": 26.1344871521
    },
    "melbands_flatness_db": {
        "dmean": 0.036770939827,
        "dmean2": 0.0577893182635,
        "dvar": 0.00131012697238,
        "dvar2": 0.00313090207055,
        "max": 0.554967105389,
        "mean": 0.210286393762,
        "median": 0.197643518448,
        "min": 0.00426514912397,
        "var": 0.00619918247685
    },
    "melbands_kurtosis": {
        "dmean": 24.2972221375,
        "dmean2": 38.7667808533,
        "dvar": 1806.0592041,
        "dvar2": 4283.84082031,
        "max": 875.329467773,
        "mean": 44.6129112244,
        "median": 20.2677326202,
        "min": -1.63041067123,
        "var": 4481.82177734
    },
    "melbands_skewness": {
        "dmean": 1.39847099781,
        "dmean2": 2.1992316246,
        "dvar": 2.28894495964,
        "dvar2": 5.38184738159,
        "max": 19.3003787994,
        "mean": 4.8223400116,
        "median": 4.07081460953,
        "min": -2.47347021103,
        "var": 8.93864536285
    },
    "melbands_spread": {
        "dmean": 8.71324062347,
        "dmean2": 14.1332387924,
        "dvar": 114.959060669,
        "dvar2": 280.635192871,
        "max": 172.628128052,
        "mean": 21.5960578918,
        "median": 17.0488929749,
        "min": 0.319058924913,
        "var": 341.486083984
    },
    "pitch_salience": {
        "dmean": 0.0908716619015,
        "dmean2": 0.149567648768,
        "dvar": 0.00676374556497,
        "dvar2": 0.0173800326884,
        "max": 0.961312234402,
        "mean": 0.439755320549,
        "median": 0.442769646645,
        "min": 0.0561141930521,
        "var": 0.0172361806035
    },
    "silence_rate_20dB": {
        "dmean": 0,
        "dmean2": 0,
        "dvar": 0,
        "dvar2": 0,
        "max": 1,
        "mean": 1,
        "median": 1,
        "min": 1,
        "var": 0
    },
    "silence_rate_30dB": {
        "dmean": 0.0361455306411,
        "dmean2": 0.0722967609763,
        "dvar": 0.0348424203694,
        "dvar2": 0.0962836369872,
        "max": 1,
        "mean": 0.978456437588,
        "median": 1,
        "min": 0,
        "var": 0.0210771560669
    },
    "silence_rate_60dB": {
        "dmean": 0.00536658521742,
        "dmean2": 0.0107340170071,
        "dvar": 0.0053391950205,
        "dvar2": 0.0133051080629,
        "max": 1,
        "mean": 0.023989899084,
        "median": 0,
        "min": 0,
        "var": 0.023416031152
    },
    "spectral_centroid": {
        "dmean": 351.527374268,
        "dmean2": 563.577148438,
        "dvar": 140893.75,
        "dvar2": 337310.5,
        "max": 11087.7412109,
        "mean": 1573.60998535,
        "median": 1614.53027344,
        "min": 137.954421997,
        "var": 536487.9375
    },
    "spectral_complexity": {
        "dmean": 4.93741607666,
        "dmean2": 7.74317264557,
        "dvar": 38.6765937805,
        "dvar2": 88.8254547119,
        "max": 63,
        "mean": 20.1603527069,
        "median": 18,
        "min": 0,
        "var": 165.891220093
    },
    "spectral_decrease": {
        "dmean": 4.92892748838e-09,
        "dmean2": 7.9588486912e-09,
        "dvar": 4.47210929925e-17,
        "dvar2": 1.07386261335e-16,
        "max": 7.53000525404e-22,
        "mean": -9.83491954543e-09,
        "median": -7.96710963868e-09,
        "min": -5.91935638283e-08,
        "var": 5.49400624276e-17
    },
    "spectral_energy": {
        "dmean": 0.0191120766103,
        "dmean2": 0.0307837054133,
        "dvar": 0.000672295165714,
        "dvar2": 0.00161289796233,
        "max": 0.229808583856,
        "mean": 0.0395818799734,
        "median": 0.0325605645776,
        "min": 1.05732536186e-20,
        "var": 0.000839275831822
    },
    "spectral_energyband_high": {
        "dmean": 0.000743659795262,
        "dmean2": 0.00119647791144,
        "dvar": 1.5637664319e-06,
        "dvar2": 4.0438671931e-06,
        "max": 0.017133070156,
        "mean": 0.00168086192571,
        "median": 0.00124709121883,
        "min": 7.47751159688e-21,
        "var": 2.65874427896e-06
    },
    "spectral_energyband_low": {
        "dmean": 0.0150186419487,
        "dmean2": 0.0242108665407,
        "dvar": 0.000501134316437,
        "dvar2": 0.00119775149506,
        "max": 0.208033800125,
        "mean": 0.0253134779632,
        "median": 0.0193251278251,
        "min": 1.63247443706e-23,
        "var": 0.000589968229178
    },
    "spectral_energyband_middle_high": {
        "dmean": 0.00196077884175,
        "dmean2": 0.00314279994927,
        "dvar": 9.83698646451e-06,
        "dvar2": 2.41662819462e-05,
        "max": 0.048869188875,
        "mean": 0.00493580894545,
        "median": 0.0033282157965,
        "min": 1.44693114622e-21,
        "var": 2.62098710664e-05
    },
    "spectral_energyband_middle_low": {
        "dmean": 0.00623304629698,
        "dmean2": 0.0107884407043,
        "dvar": 0.000184147182154,
        "dvar2": 0.000511089514475,
        "max": 0.135238602757,
        "mean": 0.00883213058114,
        "median": 0.00557180587202,
        "min": 3.15123703588e-22,
        "var": 0.000145393976709
    },
    "spectral_entropy": {
        "dmean": 0.173420786858,
        "dmean2": 0.260932773352,
        "dvar": 0.0385182984173,
        "dvar2": 0.0835846066475,
        "max": 9.81440639496,
        "mean": 7.91945314407,
        "median": 7.99168491364,
        "min": 4.80998420715,
        "var": 0.137778028846
    },
    "spectral_flux": {
        "dmean": 0.0398860909045,
        "dmean2": 0.0627146884799,
        "dvar": 0.00216954853386,
        "dvar2": 0.00428302912042,
        "max": 0.414328873158,
        "mean": 0.108053162694,
        "median": 0.092332392931,
        "min": 6.84051426614e-11,
        "var": 0.00417348882183
    },
    "spectral_kurtosis": {
        "dmean": 0.768570899963,
        "dmean2": 1.2058120966,
        "dvar": 0.949914157391,
        "dvar2": 2.34963107109,
        "max": 26.7273406982,
        "mean": 2.41296577454,
        "median": 2.23064351082,
        "min": -1.26148509979,
        "var": 2.04988431931
    },
    "spectral_rms": {
        "dmean": 0.00137480383273,
        "dmean2": 0.00216118595563,
        "dvar": 2.47235061579e-06,
        "dvar2": 5.68019140701e-06,
        "max": 0.0149734262377,
        "mean": 0.0058333161287,
        "median": 0.00563616957515,
        "min": 3.2117548638e-12,
        "var": 4.58894373878e-06
    },
    "spectral_rolloff": {
        "dmean": 777.153991699,
        "dmean2": 1334.5670166,
        "dvar": 1587822,
        "dvar2": 3826716.5,
        "max": 18906.1523438,
        "mean": 1444.81933594,
        "median": 818.26171875,
        "min": 64.599609375,
        "var": 3055100.75
    },
    "spectral_skewness": {
        "dmean": 0.163225010037,
        "dmean2": 0.248206809163,
        "dvar": 0.035576723516,
        "dvar2": 0.0806277692318,
        "max": 4.21833848953,
        "mean": 1.28351950645,
        "median": 1.26641321182,
        "min": -0.0277759488672,
        "var": 0.0932965874672
    },
    "spectral_spread": {
        "dmean": 786077.625,
        "dmean2": 1155556.625,
        "dvar": 884910653440,
        "dvar2": 1.83146368205e+12,
        "max": 40897452,
        "mean": 6468239.5,
        "median": 6226590,
        "min": 1998761,
        "var": 3.49826947482e+12
    },
    "spectral_strongpeak": {
        "dmean": 0.265628308058,
        "dmean2": 0.465568900108,
        "dvar": 0.199152722955,
        "dvar2": 0.566886007786,
        "max": 9.76988315582,
        "mean": 0.491450309753,
        "median": 0.427457928658,
        "min": 0,
        "var": 0.188914656639
    },
    "zerocrossingrate": {
        "dmean": 0.0145381493494,
        "dmean2": 0.0177825316787,
        "dvar": 0.000228409277042,
        "dvar2": 0.000326138251694,
        "max": 0.52099609375,
        "mean": 0.0706022977829,
        "median": 0.06494140625,
        "min": 0.0029296875,
        "var": 0.00165118137375
    },
    "barkbands": {
        "dmean": [0.000179084585398, 0.01138755586, 0.00528022786602, 0.001168526127, 0.00425144378096, 0.000766831915826, 0.000415572169004, 0.000625239044894, 0.000570757081732, 0.000438394432422, 0.000336795783369, 0.000293015240459, 0.000224610324949, 0.000255376828136, 0.000294551602565, 0.000315504468745, 0.00036811560858, 0.000281092885416, 0.000311883777613, 0.000240422974457, 0.000181108174729, 0.0001412351412, 0.000141148819239, 0.000141566706588, 0.000118714502605, 7.57484158385e-05, 1.67088037415e-05],
        "dmean2": [0.000265349401161, 0.0184833798558, 0.00904446933419, 0.00197569048032, 0.00769108114764, 0.00129934155848, 0.000698930758517, 0.00103128270712, 0.000935525284149, 0.000691606895998, 0.000541533285286, 0.000467254430987, 0.000373015849618, 0.000420575262979, 0.000484913063701, 0.000519649358466, 0.000613270909525, 0.000480874849018, 0.000532465986907, 0.00040338904364, 0.000310586794512, 0.000238358639763, 0.00023225392215, 0.00022340171563, 0.000184617587365, 0.000116278330097, 2.54234164458e-05],
        "dvar": [1.09944224391e-07, 0.000305827066768, 8.96835845197e-05, 7.29114253772e-06, 0.000142689110362, 4.05240325563e-06, 1.8706755327e-06, 2.71401199825e-06, 2.7863188734e-06, 1.19346032079e-06, 7.15805299478e-07, 6.02224645263e-07, 5.27208385392e-07, 4.98444535424e-07, 5.65042682865e-07, 4.4566772317e-07, 3.87362490528e-07, 3.31583919433e-07, 3.83606845844e-07, 2.7996199492e-07, 1.68930498035e-07, 7.77760220672e-08, 6.19810975877e-08, 6.10355215258e-08, 5.31480424115e-08, 1.97156442283e-08, 1.12634013227e-09],
        "dvar2": [2.25200196269e-07, 0.000740666058846, 0.000242460257141, 1.82796247827e-05, 0.000405076978495, 1.09671855171e-05, 4.94130154038e-06, 6.82646123096e-06, 7.01955605109e-06, 2.84133034256e-06, 1.74013700871e-06, 1.53705229877e-06, 1.44601847296e-06, 1.30018531763e-06, 1.48747403728e-06, 1.11051747353e-06, 9.95872369458e-07, 8.96715278031e-07, 1.03974730337e-06, 7.37484299407e-07, 4.68123403152e-07, 2.15667498082e-07, 1.62310243468e-07, 1.47820387042e-07, 1.20933023595e-07, 4.64037803738e-08, 2.72273803503e-09],
        "max": [0.00498192897066, 0.157307326794, 0.100897669792, 0.0914930254221, 0.112285196781, 0.0356488488615, 0.0273323096335, 0.0248761996627, 0.0518892817199, 0.0191225912422, 0.0185864530504, 0.0263711921871, 0.0349133163691, 0.0300359688699, 0.0186435934156, 0.0207648649812, 0.0105310203508, 0.0100237103179, 0.0113290958107, 0.00956862512976, 0.00870848074555, 0.0050290231593, 0.00415016431361, 0.00389096164145, 0.00407197792083, 0.00191859924234, 0.000528005650267],
        "mean": [0.000231987272855, 0.0164732374251, 0.00760287232697, 0.00164694478735, 0.00373181607574, 0.00103364582174, 0.000493850908242, 0.000838768435642, 0.000784791540354, 0.000716257549357, 0.0005379281356, 0.000493627099786, 0.000327226502122, 0.000361107377103, 0.000441891344963, 0.000519321882166, 0.000608863832895, 0.000389513676055, 0.000476762652397, 0.00035646991455, 0.000283608678728, 0.000262534420472, 0.000274006306427, 0.000296348211123, 0.000244727911195, 0.000128762127133, 2.51470828516e-05],
        "median": [5.62856948818e-05, 0.0105437180027, 0.00530765112489, 0.000731375999749, 0.00113195390441, 0.000445300422143, 0.000166128127603, 0.000201777686016, 0.00020087196026, 0.000185586322914, 0.000160461699124, 0.000193009982468, 0.000122134122648, 0.000141569704283, 0.000170030049048, 0.000253311707638, 0.000290969270281, 0.000193985630176, 0.00025956844911, 0.000187998870388, 0.000171846390003, 0.000190545149962, 0.00019109690038, 0.000192261664779, 0.0001373480045, 4.51880587207e-05, 7.69428243075e-06],
        "min": [4.51592694309e-24, 4.39875151638e-24, 4.68545827922e-24, 2.59020565242e-24, 2.2279737015e-23, 1.57146740564e-23, 2.65829495872e-23, 4.72708173603e-23, 3.98447521667e-23, 5.45293348085e-23, 2.10730543536e-23, 3.45035264387e-23, 8.09188399244e-23, 1.02708452926e-22, 9.88367236031e-23, 1.10203603402e-22, 8.99897432143e-23, 1.40636759031e-22, 1.77194037505e-22, 3.18297246834e-22, 3.30909807422e-22, 5.33706028994e-22, 4.78873052157e-22, 6.67088852281e-22, 1.04741916721e-21, 1.49917135815e-21, 1.95812088879e-21],
        "var": [1.67788115846e-07, 0.000365884043276, 7.79054971645e-05, 9.27618839341e-06, 9.06124914763e-05, 3.84839086109e-06, 1.76047501554e-06, 3.74847672902e-06, 3.26492317981e-06, 2.32428578784e-06, 1.26670806821e-06, 9.66631546362e-07, 5.40410042049e-07, 5.56875988877e-07, 6.92656556112e-07, 7.06200466993e-07, 6.80468815517e-07, 3.67686254776e-07, 4.43650975512e-07, 3.18577292546e-07, 1.65245296557e-07, 8.55956940882e-08, 9.29792776105e-08, 1.12709358291e-07, 1.16167740316e-07, 3.93745196448e-08, 1.6982142359e-09]
    },
    "erbbands": {
        "dmean": [0.278349965811, 2.84801721573, 6.47457408905, 4.41829967499, 5.3750834465, 19.8491630554, 12.5200891495, 5.45139074326, 5.45007562637, 8.32634544373, 14.1427402496, 13.0895118713, 13.1599082947, 12.1212587357, 12.8543224335, 11.6452550888, 9.74180793762, 11.4057168961, 14.6542139053, 14.5255298615, 18.0234661102, 18.7227287292, 14.733048439, 16.8130187988, 14.4416446686, 11.0985879898, 8.13111209869, 6.49536323547, 5.41920948029, 4.45830965042, 4.05088567734, 3.42874073982, 2.20266199112, 1.58047306538, 0.749455094337, 0.387680798769, 0.126808062196, 0.0269921515137, 0.00275357230566, 0.000107804589788],
        "dmean2": [0.435243546963, 4.73149251938, 11.0827627182, 7.43105554581, 9.31091117859, 36.1414146423, 22.2274150848, 9.17204761505, 9.15527248383, 13.7433156967, 23.3860397339, 21.4244747162, 20.5328674316, 19.3299102783, 20.6665496826, 18.5488567352, 16.020401001, 18.5643692017, 24.3507499695, 23.747718811, 29.8145198822, 31.0090312958, 24.7690525055, 29.2255878448, 24.1356086731, 18.5623874664, 13.9382705688, 11.004948616, 9.17308139801, 7.44869852066, 6.64116287231, 5.46994829178, 3.47574305534, 2.48240232468, 1.17029440403, 0.602719902992, 0.194713175297, 0.0413360707462, 0.00416432647035, 0.0001602639677],
        "dvar": [0.227757424116, 19.1611347198, 122.552825928, 76.7350997925, 136.247360229, 3468.34472656, 1280.14855957, 237.600646973, 300.841796875, 657.173095703, 1468.49023438, 1652.61560059, 1065.65039062, 1078.45178223, 1420.08276367, 670.555908203, 1090.14855957, 864.682189941, 1668.31616211, 1105.3885498, 1371.88244629, 1070.77758789, 896.857727051, 1314.5904541, 808.679870605, 611.125, 362.09262085, 198.213241577, 109.86240387, 70.4012832642, 52.9731559753, 31.2769966125, 16.9486217499, 9.30568408966, 2.18722891808, 0.542131483555, 0.055987495929, 0.00286058150232, 3.02794142044e-05, 3.51244402452e-08],
        "dvar2": [0.514285862446, 48.8278694153, 330.019561768, 199.088653564, 358.0105896, 9840.36230469, 3661.2277832, 623.13482666, 800.158325195, 1683.63720703, 3764.42944336, 4235.28320312, 2506.23950195, 2671.69824219, 3484.26904297, 1653.75402832, 3001.93823242, 2181.24365234, 4377.84228516, 2796.20263672, 3502.85083008, 2702.58886719, 2392.29003906, 3664.24902344, 2122.59960938, 1606.78295898, 992.83996582, 548.081665039, 304.356964111, 193.674468994, 137.453140259, 76.8896484375, 40.8294181824, 21.8434562683, 4.97614383698, 1.26279222965, 0.133573308587, 0.00691172247753, 7.25753270672e-05, 8.28462987101e-08],
        "max": [4.38851928711, 42.0971031189, 113.538566589, 209.621856689, 230.369140625, 539.308288574, 456.577453613, 347.613433838, 420.929016113, 738.495056152, 782.533081055, 1116.63598633, 652.000976562, 814.213317871, 1067.02978516, 578.841064453, 1683.77587891, 1038.33117676, 1019.58502197, 893.744995117, 884.528381348, 625.397644043, 619.592285156, 596.172851562, 422.614135742, 460.056854248, 371.870941162, 273.385284424, 165.984085083, 185.935058594, 134.19354248, 96.2351608276, 72.340133667, 60.3433456421, 29.2926158905, 11.6546287537, 3.78312110901, 1.04794418812, 0.0853085815907, 0.00294289225712],
        "mean": [0.369279563427, 4.03575658798, 9.62329387665, 6.81452417374, 6.54947137833, 15.5733528137, 13.1977844238, 7.30254268646, 6.9993019104, 11.2400951385, 19.172580719, 18.6155853271, 22.2052707672, 20.6639308929, 21.8896179199, 21.1335868835, 15.9367618561, 17.7812213898, 22.2517738342, 24.1928443909, 32.2265892029, 32.2686347961, 22.4814720154, 23.0700359344, 23.0697536469, 16.8863162994, 12.1182956696, 10.6702833176, 9.69102191925, 8.46189022064, 7.82874631882, 7.00525522232, 4.45556783676, 3.16206550598, 1.48999285698, 0.672612667084, 0.210900276899, 0.0424556396902, 0.00422318931669, 0.000199796908419],
        "median": [0.179677411914, 2.74407815933, 7.07348632812, 3.91137933731, 2.4814426899, 3.40406560898, 4.59920406342, 3.05489611626, 2.7581808567, 3.23402070999, 5.32612514496, 5.44051933289, 5.81065225601, 7.09857845306, 7.23730754852, 8.97432041168, 6.82701206207, 8.0068731308, 8.58345031738, 12.178563118, 16.3720912933, 15.6903266907, 11.8275251389, 12.1640853882, 12.5265569687, 9.16059398651, 7.05817890167, 6.64020824432, 6.96919965744, 6.11884355545, 5.3479347229, 4.6067404747, 2.77252435684, 1.80834019184, 0.798673450947, 0.256058245897, 0.0714707747102, 0.0132065862417, 0.00135903432965, 0.000105292288936],
        "min": [1.89322628772e-22, 8.46190368077e-22, 4.59343168453e-21, 8.70528673281e-21, 2.95588888305e-20, 6.52202380065e-20, 1.29233774596e-19, 2.09224156082e-19, 4.1068248208e-19, 5.36506139977e-19, 1.06667307793e-18, 1.01803651228e-18, 1.80026926772e-18, 1.59966328672e-18, 8.67477543274e-19, 1.61163496832e-18, 3.97539900466e-18, 4.49853904331e-18, 4.96057442293e-18, 5.7876090381e-18, 6.1643397627e-18, 6.5073769394e-18, 8.05839518185e-18, 9.24551185743e-18, 9.42633271215e-18, 1.5753983984e-17, 1.44004716564e-17, 1.38831016161e-17, 1.614613046e-17, 1.84135069653e-17, 1.41228003596e-17, 1.26352045363e-17, 1.13855298453e-17, 1.05395945667e-17, 7.77929120829e-18, 5.64879241489e-18, 2.57427953767e-18, 9.73058773263e-19, 2.60641043799e-19, 3.26702770058e-20],
        "var": [0.284712433815, 20.8103790283, 107.711479187, 85.9690322876, 153.7315979, 2153.34204102, 896.164794922, 230.76361084, 295.069458008, 765.280883789, 1941.81152344, 1853.74694824, 2207.37744141, 1844.94433594, 2323.89868164, 1372.20947266, 1125.94616699, 1061.09924316, 2042.33361816, 1515.8380127, 2300.33276367, 1915.0715332, 1128.12988281, 1216.81799316, 1059.77282715, 706.632446289, 343.319122314, 208.849319458, 119.312171936, 86.0533294678, 79.2651748657, 58.7793769836, 30.4285774231, 18.9154472351, 4.64919757843, 1.09389162064, 0.106412351131, 0.00470347283408, 4.61107883893e-05, 5.9571259925e-08]
    },
    "gfcc": {
        "mean": [27.9791526794, 56.8274841309, -86.3937530518, 49.0074462891, -43.472026825, 27.4408397675, -32.1649246216, 16.5124416351, -20.6719284058, 0.537290751934, -16.373260498, 2.48340725899, -10.7176837921],
        "cov": [[9684.37304688, -198.736465454, -533.28894043, -132.935119629, -93.9485168457, 98.6553878784, -64.080581665, 206.395858765, -121.790435791, 27.6569595337, -180.080810547, 2.93067121506, -142.193191528], [-198.736465454, 929.850524902, -151.142669678, 123.705215454, -16.4270610809, -5.20150279999, 20.1339893341, -53.1152381897, 72.2804718018, -87.1465148926, 81.3939590454, -42.1341056824, 38.8200950623], [-533.28894043, -151.142669678, 796.182556152, 71.8614883423, 116.523773193, -9.90706539154, -35.241569519, -52.1772689819, -27.4258079529, 33.1453475952, -15.6945066452, 69.0625839233, -25.408121109], [-132.935119629, 123.705215454, 71.8614883423, 358.464202881, 38.5310592651, 16.4278202057, -23.7724914551, -40.6272850037, 16.4057254791, -8.10084533691, 36.6826667786, -28.8400306702, 38.3120079041], [-93.9485168457, -16.4270610809, 116.523773193, 38.5310592651, 225.516845703, 31.1419830322, 51.247592926, 13.8057918549, 22.4596290588, 21.535068512, -9.03652095795, 13.1712236404, -3.47457027435], [98.6553878784, -5.20150279999, -9.90706539154, 16.4278202057, 31.1419830322, 168.477020264, 76.930519104, 20.705827713, -11.4517831802, -3.65436816216, 19.4117622375, -13.9703798294, 1.51155889034], [-64.080581665, 20.1339893341, -35.241569519, -23.7724914551, 51.247592926, 76.930519104, 186.595230103, 60.4339447021, 0.941987812519, -9.5097618103, 11.3816547394, -9.28228473663, -14.8385076523], [206.395858765, -53.1152381897, -52.1772689819, -40.6272850037, 13.8057918549, 20.705827713, 60.4339447021, 135.138687134, 51.027633667, 9.08547878265, -14.5958766937, -7.22476291656, -7.36514806747], [-121.790435791, 72.2804718018, -27.4258079529, 16.4057254791, 22.4596290588, -11.4517831802, 0.941987812519, 51.027633667, 121.877075195, 38.213432312, 4.57728338242, -12.9784202576, 1.52374792099], [27.6569595337, -87.1465148926, 33.1453475952, -8.10084533691, 21.535068512, -3.65436816216, -9.5097618103, 9.08547878265, 38.213432312, 91.8409042358, 20.7881164551, 7.95446920395, -15.0808191299], [-180.080810547, 81.3939590454, -15.6945066452, 36.6826667786, -9.03652095795, 19.4117622375, 11.3816547394, -14.5958766937, 4.57728338242, 20.7881164551, 82.6806030273, 17.1269359589, 7.09448242188], [2.93067121506, -42.1341056824, 69.0625839233, -28.8400306702, 13.1712236404, -13.9703798294, -9.28228473663, -7.22476291656, -12.9784202576, 7.95446920395, 17.1269359589, 78.5385818481, 25.8256702423], [-142.193191528, 38.8200950623, -25.408121109, 38.3120079041, -3.47457027435, 1.51155889034, -14.8385076523, -7.36514806747, 1.52374792099, -15.0808191299, 7.09448242188, 25.8256702423, 79.2915802002]],
        "icov": [[0.000147147729876, -0.000122289231513, 0.000168125188793, -0.000150507112266, 4.87476463604e-05, -0.000233401951846, 0.000243963237153, -0.000409223430324, 0.000455505651189, -0.000396519055357, 0.000633251969703, -0.000517220934853, 0.000492208288051], [-0.000122289231513, 0.00205044914037, -3.57831886504e-05, 0.000141983386129, -0.00023822588264, 0.000604959903285, -0.000610508956015, 0.00174997909926, -0.00278067309409, 0.00344351842068, -0.00309498887509, 0.00155350507703, -0.000797605141997], [0.000168125188793, -3.57831886504e-05, 0.00194404250942, -0.000856934697367, -0.00057066953741, -0.00047023704974, 0.00051837816136, 8.76718258951e-05, 0.00060678407317, -0.000756644119974, 0.00171130755916, -0.00284266774543, 0.00206231116317], [-0.000150507112266, 0.000141983386129, -0.000856934697367, 0.00422486895695, -0.000966035120655, 0.000249810604146, 0.000329726288328, 0.00112882442772, -0.00105507916305, 0.00130430341233, -0.003381192917, 0.00427040085196, -0.00335593381897], [4.87476463604e-05, -0.00023822588264, -0.00057066953741, -0.000966035120655, 0.00591063173488, -0.000831871642731, -0.00188936467748, 0.000353951269062, -0.000890875817277, -0.00173835351598, 0.00268873898312, -0.00205304776318, 0.000556733924896], [-0.000233401951846, 0.000604959903285, -0.00047023704974, 0.000249810604146, -0.000831871642731, 0.00847227312624, -0.0032584364526, 0.000160130322911, 0.000448822305771, 0.000940565019846, -0.00372653757222, 0.00372446374968, -0.00248837727122], [0.000243963237153, -0.000610508956015, 0.00051837816136, 0.000329726288328, -0.00188936467748, -0.0032584364526, 0.00925306417048, -0.00468678073958, 0.00238816859201, 0.000540994282346, -0.000818445172627, -0.000515176507179, 0.00231680041179], [-0.000409223430324, 0.00174997909926, 8.76718258951e-05, 0.00112882442772, 0.000353951269062, 0.000160130322911, -0.00468678073958, 0.0139977214858, -0.00835859682411, 0.00322585529648, -0.00038651106297, 0.00073319603689, -0.00110242597293], [0.000455505651189, -0.00278067309409, 0.00060678407317, -0.00105507916305, -0.000890875817277, 0.000448822305771, 0.00238816859201, -0.00835859682411, 0.0172820035368, -0.00989507790655, 0.00376768875867, 0.000407970830565, -0.000178698144737], [-0.000396519055357, 0.00344351842068, -0.000756644119974, 0.00130430341233, -0.00173835351598, 0.000940565019846, 0.000540994282346, 0.00322585529648, -0.00989507790655, 0.0213998164982, -0.0102201839909, 0.00170774385333, 0.00165562296752], [0.000633251969703, -0.00309498887509, 0.00171130755916, -0.003381192917, 0.00268873898312, -0.00372653757222, -0.000818445172627, -0.00038651106297, 0.00376768875867, -0.0102201839909, 0.0237524025142, -0.0105564314872, 0.00412961002439], [-0.000517220934853, 0.00155350507703, -0.00284266774543, 0.00427040085196, -0.00205304776318, 0.00372446374968, -0.000515176507179, 0.00073319603689, 0.000407970830565, 0.00170774385333, -0.0105564314872, 0.0246876068413, -0.0116310408339], [0.000492208288051, -0.000797605141997, 0.00206231116317, -0.00335593381897, 0.000556733924896, -0.00248837727122, 0.00231680041179, -0.00110242597293, -0.000178698144737, 0.00165562296752, 0.00412961002439, -0.0116310408339, 0.0203073304147]]
    },
    "melbands": {
        "dmean": [0.00283188535832, 0.00345179182477, 0.000739399634767, 0.000894637720194, 0.000572327408008, 0.000123803911265, 8.30903882161e-05, 0.000100535180536, 0.000117099312774, 8.11299396446e-05, 6.67924978188e-05, 5.06024334754e-05, 4.48624195997e-05, 3.42242128681e-05, 2.67256691586e-05, 2.17944525502e-05, 2.27903565246e-05, 2.47343941737e-05, 2.1481206204e-05, 2.12196155189e-05, 2.35994830291e-05, 2.14683805098e-05, 1.64050125022e-05, 1.28934207169e-05, 1.45730573422e-05, 1.18004827527e-05, 9.99056919682e-06, 7.19904664948e-06, 5.56824079467e-06, 4.31117450717e-06, 3.86593865187e-06, 3.27312454829e-06, 2.71955354947e-06, 2.5731610549e-06, 2.49218510362e-06, 2.38919392359e-06, 2.1450659915e-06, 1.6788000039e-06, 1.46988520555e-06, 1.37577455916e-06],
        "dmean2": [0.0045201969333, 0.00582234421745, 0.00123979500495, 0.00161477131769, 0.00102761061862, 0.000208553159609, 0.000139047580888, 0.000165059464052, 0.00019433174748, 0.00013204413699, 0.000104213162558, 8.10265482869e-05, 7.21830147086e-05, 5.44348695257e-05, 4.35331676272e-05, 3.59582627425e-05, 3.73940347345e-05, 4.1392602725e-05, 3.53838477167e-05, 3.50442096533e-05, 3.93352202082e-05, 3.55713527824e-05, 2.75743059319e-05, 2.20122001338e-05, 2.54449132626e-05, 1.99989171961e-05, 1.67688995134e-05, 1.20507093015e-05, 9.62762351264e-06, 7.37362961445e-06, 6.56801557852e-06, 5.56089071324e-06, 4.61085528514e-06, 4.32075239587e-06, 4.14977330365e-06, 3.85806242775e-06, 3.44583349943e-06, 2.69271754405e-06, 2.31470517065e-06, 2.18445916289e-06],
        "dvar": [2.04530351766e-05, 3.01175368804e-05, 1.94681933863e-06, 6.03560420132e-06, 2.75933052762e-06, 1.15784700938e-07, 6.94024535619e-08, 8.28711250733e-08, 1.00791709201e-07, 6.06426624472e-08, 2.7747816489e-08, 1.96786178464e-08, 1.41969014322e-08, 9.32350996408e-09, 5.10517095265e-09, 4.65682870043e-09, 3.72663810921e-09, 5.29765520341e-09, 3.08351122413e-09, 2.12341366712e-09, 2.4834903023e-09, 1.32273514364e-09, 1.07920261616e-09, 8.22514112375e-10, 9.9213026683e-10, 5.39974565061e-10, 4.73170280735e-10, 2.51308057697e-10, 1.91537494199e-10, 7.8139529569e-11, 7.18522810694e-11, 3.79633512126e-11, 3.05301235681e-11, 2.22354461232e-11, 2.1250850038e-11, 1.49242805614e-11, 1.29275175634e-11, 9.71482096157e-12, 8.92170452099e-12, 6.82315445463e-12],
        "dvar2": [4.75946326333e-05, 7.95369924163e-05, 5.03131286678e-06, 1.70739440364e-05, 7.88321722212e-06, 3.05815888169e-07, 1.83797283171e-07, 2.09309618526e-07, 2.58987057578e-07, 1.54558421173e-07, 6.51238920568e-08, 4.87704490126e-08, 3.44268684671e-08, 2.35477752852e-08, 1.3337249527e-08, 1.26316193061e-08, 9.46670475344e-09, 1.39360443185e-08, 8.02957256241e-09, 5.37402788936e-09, 6.44151443296e-09, 3.38546257694e-09, 2.78459766356e-09, 2.23798313215e-09, 2.77157585771e-09, 1.45105238936e-09, 1.23889154491e-09, 6.49113429674e-10, 5.23032728239e-10, 2.13020504014e-10, 1.99547378621e-10, 1.04648213706e-10, 8.5636102376e-11, 6.09009648267e-11, 5.60645245506e-11, 3.76318802509e-11, 3.18938972454e-11, 2.4259408718e-11, 2.07602598307e-11, 1.6458686844e-11],
        "max": [0.040026858449, 0.0565893352032, 0.0322131030262, 0.0225011818111, 0.0192630849779, 0.00705175334588, 0.00614534178749, 0.00749711319804, 0.00673369923607, 0.00630348268896, 0.00327362515964, 0.00347574683838, 0.00280418107286, 0.00316293840297, 0.00301583437249, 0.0025310467463, 0.00195045908913, 0.00212454982102, 0.00169810140505, 0.00138827587944, 0.00128164724447, 0.000768928730395, 0.000530943565536, 0.000663551851176, 0.000566903210711, 0.00037895119749, 0.000374959927285, 0.000406508159358, 0.000274285150226, 0.000207068645977, 0.000190490158275, 0.000118714255223, 0.000111590219603, 9.90538537735e-05, 9.77374947979e-05, 5.70676784264e-05, 5.64491092518e-05, 7.05406200723e-05, 5.77930368308e-05, 4.95633867104e-05],
        "mean": [0.00400730688125, 0.00533300684765, 0.00119589618407, 0.000772801227868, 0.000546644907445, 0.000168580241734, 0.000104671227746, 0.0001362960611, 0.000157121263328, 0.000113556059659, 0.000109496693767, 8.16189640318e-05, 7.39035531296e-05, 5.74406258238e-05, 4.41631564172e-05, 3.26076988131e-05, 3.26739282173e-05, 3.50250484189e-05, 3.19269456668e-05, 3.40328879247e-05, 3.95233255404e-05, 3.59564364771e-05, 2.39278579102e-05, 1.7448568542e-05, 1.87515597645e-05, 1.77943402377e-05, 1.47157879837e-05, 1.03635557025e-05, 7.67750407249e-06, 6.47122487862e-06, 6.09913286098e-06, 5.53983954887e-06, 4.8044430514e-06, 4.62657271783e-06, 4.43303770226e-06, 4.55924509879e-06, 4.15756312577e-06, 3.19217065226e-06, 2.76967193713e-06, 2.62960134023e-06],
        "median": [0.00222357967868, 0.00417659990489, 0.000737856025808, 0.000212559913052, 0.000174929446075, 7.32598782633e-05, 3.95413662773e-05, 3.6387842556e-05, 4.30389263784e-05, 2.88483934128e-05, 2.6065234124e-05, 2.51118472079e-05, 2.27844939218e-05, 2.27374875976e-05, 1.83177999133e-05, 1.31431233967e-05, 1.29014097183e-05, 1.1769880075e-05, 1.30731350509e-05, 1.65363489941e-05, 1.86260949704e-05, 1.67155012605e-05, 1.0957329323e-05, 8.41454129841e-06, 9.09598475118e-06, 9.25226049731e-06, 7.05858565198e-06, 5.32924423169e-06, 4.06307117373e-06, 3.89678643842e-06, 3.66672406926e-06, 3.87889031117e-06, 3.41737768395e-06, 3.24881011693e-06, 2.9215880204e-06, 2.99212069876e-06, 2.64168738795e-06, 1.96442215383e-06, 1.63211882409e-06, 1.43722741086e-06],
        "min": [2.53414899928e-24, 2.45701713819e-24, 3.25055026934e-24, 4.79023715124e-24, 4.50643142438e-24, 3.75199680349e-24, 6.45578363512e-24, 7.13989564504e-24, 1.00965968049e-23, 6.02428263642e-24, 9.37168254238e-24, 5.75565459338e-24, 2.66948873719e-24, 4.20014789489e-24, 5.48756573676e-24, 7.9650985833e-24, 8.12360756043e-24, 7.04013077294e-24, 7.02673197046e-24, 8.25682407922e-24, 6.62121407783e-24, 5.68596622658e-24, 7.82595929684e-24, 5.07750558304e-24, 6.67872361554e-24, 6.68065238046e-24, 6.62832171459e-24, 1.04657395323e-23, 8.74089358535e-24, 7.31864048211e-24, 9.62156291158e-24, 6.41102642837e-24, 1.10936065486e-23, 9.30940749594e-24, 7.50293968881e-24, 8.24862939213e-24, 6.55798095982e-24, 7.65496501816e-24, 7.94516012392e-24, 8.09174625733e-24],
        "var": [2.54980150203e-05, 2.80969361484e-05, 2.25420421884e-06, 3.89821161662e-06, 1.80131917205e-06, 1.12512189787e-07, 6.78406379961e-08, 1.06864064264e-07, 1.31635829348e-07, 6.96558970503e-08, 5.6845724572e-08, 3.23548263736e-08, 2.5260280978e-08, 1.43258445107e-08, 7.30295779405e-09, 5.01687846821e-09, 4.23236690139e-09, 6.27815888166e-09, 3.59664653615e-09, 3.13489767478e-09, 3.9632621629e-09, 2.44152542628e-09, 1.47557710495e-09, 8.3202844614e-10, 8.96345164758e-10, 6.54714227277e-10, 5.66504954058e-10, 3.04918035265e-10, 1.73602993092e-10, 8.31191296347e-11, 7.37623989666e-11, 4.1502950382e-11, 3.12205192254e-11, 2.76356420387e-11, 2.85869817401e-11, 2.62107419102e-11, 2.26379141127e-11, 1.57655104249e-11, 1.61849908475e-11, 1.35537059007e-11]
    },
    "mfcc": {
        "mean": [-621.599304199, 88.1123123169, 21.5169467926, 30.0220851898, 20.2638206482, 13.8355455399, 8.41868209839, 14.4897460938, 6.0486536026, 4.64565753937, -0.697693705559, 1.77302408218, 2.11904811859],
        "cov": [[6647.234375, -75.0142288208, -610.870849609, -183.190231323, -175.984161377, -202.945663452, -55.9111289978, 57.9243850708, 63.2019042969, 98.2568359375, 22.4577350616, -62.4803695679, -56.1525154114], [-75.0142288208, 676.146057129, 0.514976620674, 28.044883728, 11.8558769226, 8.31307792664, -26.3916301727, 53.1664390564, -10.4558610916, -15.338309288, 12.6309432983, 19.1085567474, 12.1061820984], [-610.870849609, 0.514976620674, 526.346557617, 119.59702301, 97.6036529541, 63.4509544373, 0.202749148011, -22.5890769958, -35.5100326538, -56.6766967773, -16.6816387177, 19.7546062469, 4.85281515121], [-183.190231323, 28.044883728, 119.59702301, 287.243103027, 99.7798690796, 41.5389556885, -15.3747596741, -16.896944046, 0.422592014074, -12.842921257, -8.05313968658, 11.3549127579, 5.78150510788], [-175.984161377, 11.8558769226, 97.6036529541, 99.7798690796, 183.653335571, 53.1140632629, -20.0706443787, -15.0923986435, 13.2786617279, 2.11777281761, -4.25705623627, 6.50532627106, 9.98118591309], [-202.945663452, 8.31307792664, 63.4509544373, 41.5389556885, 53.1140632629, 145.996749878, 65.2504882812, -1.68532061577, -6.62017774582, -10.5841779709, 10.0159416199, 10.1410207748, -3.76088476181], [-55.9111289978, -26.3916301727, 0.202749148011, -15.3747596741, -20.0706443787, 65.2504882812, 166.056411743, 63.1566238403, 6.23298454285, 5.04598855972, 10.8814706802, -5.20176935196, 3.83206033707], [57.9243850708, 53.1664390564, -22.5890769958, -16.896944046, -15.0923986435, -1.68532061577, 63.1566238403, 118.623962402, 45.9719352722, 16.3412075043, 5.32728528976, 1.08444523811, 10.2155265808], [63.2019042969, -10.4558610916, -35.5100326538, 0.422592014074, 13.2786617279, -6.62017774582, 6.23298454285, 45.9719352722, 107.666648865, 44.935344696, 9.68470096588, 4.66793584824, 6.1290268898], [98.2568359375, -15.338309288, -56.6766967773, -12.842921257, 2.11777281761, -10.5841779709, 5.04598855972, 16.3412075043, 44.935344696, 100.278190613, 42.0910263062, 4.34813404083, 1.85831189156], [22.4577350616, 12.6309432983, -16.6816387177, -8.05313968658, -4.25705623627, 10.0159416199, 10.8814706802, 5.32728528976, 9.68470096588, 42.0910263062, 90.1887741089, 34.2053604126, 6.55196666718], [-62.4803695679, 19.1085567474, 19.7546062469, 11.3549127579, 6.50532627106, 10.1410207748, -5.20176935196, 1.08444523811, 4.66793584824, 4.34813404083, 34.2053604126, 71.833480835, 29.4616413116], [-56.1525154114, 12.1061820984, 4.85281515121, 5.78150510788, 9.98118591309, -3.76088476181, 3.83206033707, 10.2155265808, 6.1290268898, 1.85831189156, 6.55196666718, 29.4616413116, 71.2907867432]],
