{
"lowlevel": {
    "average_loudness": 0.938068091869,
    "barkbands_crest": {
        "dmean": 3.95938658714,
        "dmean2": 6.50886583328,
        "dvar": 10.5576496124,
        "dvar2": 27.8315639496,
        "max": 26.4530067444,
        "mean": 12.5164346695,
        "median": 12.068277359,
        "min": 2.08115553856,
        "var": 22.848733902
    },
    "barkbands_flatness_db": {
        "dmean": 0.0308993160725,
        "dmean2": 0.0492165051401,
        "dvar": 0.000794282124843,
        "dvar2": 0.00188096147031,
        "max": 0.460872173309,
        "mean": 0.121655315161,
        "median": 0.111971333623,
        "min": 0.0176357310265,
        "var": 0.00271413149312
    },
    "barkbands_kurtosis": {
        "dmean": 5.90289020538,
        "dmean2": 9.4559879303,
        "dvar": 154.786071777,
        "dvar2": 364.686065674,
        "max": 344.008880615,
        "mean": 6.79195547104,
        "median": 1.95872974396,
        "min": -1.96908903122,
        "var": 294.852264404
    },
    "barkbands_skewness": {
        "dmean": 0.929333984852,
        "dmean2": 1.45256829262,
        "dvar": 0.939655601978,
        "dvar2": 2.12759017944,
        "max": 16.9742527008,
        "mean": 2.01907920837,
        "median": 1.72469842434,
        "min": -4.66430568695,
        "var": 2.86945009232
    },
    "barkbands_spread": {
        "dmean": 10.4790992737,
        "dmean2": 16.8227291107,
        "dvar": 110.312820435,
        "dvar2": 259.077362061,
        "max": 132.522857666,
        "mean": 31.8993988037,
        "median": 30.7958984375,
        "min": 0.40408039093,
        "var": 287.757171631
    },
    "dissonance": {
        "dmean": 0.0121063813567,
        "dmean2": 0.0205983705819,
        "dvar": 0.000177891284693,
        "dvar2": 0.00047844479559,
        "max": 0.500000059605,
        "mean": 0.480465441942,
        "median": 0.485027045012,
        "min": 0.246068447828,
        "var": 0.00030842225533
    },
    "dynamic_complexity": 2.46698713303,
    "erbbands_crest": {
        "dmean": 2.50863695145,
        "dmean2": 4.16921472549,
        "dvar": 7.00263977051,
        "dvar2": 17.8010482788,
        "max": 30.8683338165,
        "mean": 7.24654626846,
        "median": 6.24006462097,
        "min": 2.1597533226,
        "var": 14.3210678101
    },
    "erbbands_flatness_db": {
        "dmean": 0.0159614272416,
        "dmean2": 0.024386415258,
        "dvar": 0.000260654458543,
        "dvar2": 0.000557137478609,
        "max": 0.373187541962,
        "mean": 0.112302303314,
        "median": 0.106080003083,
        "min": 0.0389303565025,
        "var": 0.00160579092335
    },
    "erbbands_kurtosis": {
        "dmean": 0.87987780571,
        "dmean2": 1.42661714554,
        "dvar": 1.88547623158,
        "dvar2": 4.52418613434,
        "max": 42.7836837769,
        "mean": 0.149175480008,
        "median": -0.282106876373,
        "min": -1.91879689693,
        "var": 3.48008489609
    },
    "erbbands_skewness": {
        "dmean": 0.391764760017,
        "dmean2": 0.620831727982,
        "dvar": 0.159005537629,
        "dvar2": 0.379562675953,
        "max": 5.99820423126,
        "mean": -0.218925982714,
        "median": -0.274714291096,
        "min": -4.39680147171,
        "var": 0.462392926216
    },
    "erbbands_spread": {
        "dmean": 12.7174053192,
        "dmean2": 19.8915958405,
        "dvar": 155.348815918,
        "dvar2": 358.616760254,
        "max": 184.740188599,
        "mean": 53.8623390198,
        "median": 50.7804489136,
        "min": 3.08483719826,
        "var": 560.820922852
    },
    "hfc": {
        "dmean": 10.3421907425,
        "dmean2": 16.294298172,
        "dvar": 250.99949646,
        "dvar2": 652.687561035,
        "max": 223.161682129,
        "mean": 26.5112380981,
        "median": 23.5244083405,
        "min": 1.09466911743e-16,
        "var": 375.659484863
    },
    "melbands_crest": {
        "dmean": 3.94664311409,
        "dmean2": 6.46584272385,
        "dvar": 11.0308132172,
        "dvar2": 28.4332313538,
        "max": 34.0931930542,
        "mean": 17.4329319,
        "median": 17.6570320129,
        "min": 1.59074270725,
        "var": 25.7659244537
    },
    "melbands_flatness_db": {
        "dmean": 0.0400928370655,
        "dmean2": 0.0631435066462,
        "dvar": 0.00128691049758,
        "dvar2": 0.00295881624334,
        "max": 0.578356742859,
        "mean": 0.194827586412,
        "median": 0.18792130053,
        "min": 0.00302262580954,
        "var": 0.00445209769532
    },
    "melbands_kurtosis": {
        "dmean": 20.6213798523,
        "dmean2": 32.645324707,
        "dvar": 1185.19921875,
        "dvar2": 2713.25073242,
        "max": 571.850524902,
        "mean": 32.0417480469,
        "median": 16.132062912,
        "min": -1.88178253174,
        "var": 2417.32519531
    },
    "melbands_skewness": {
        "dmean": 1.47961735725,
        "dmean2": 2.30667972565,
        "dvar": 2.14267206192,
        "dvar2": 4.81133985519,
        "max": 20.1351852417,
        "mean": 4.26823711395,
        "median": 3.75472021103,
        "min": -2.02993869781,
        "var": 6.97243976593
    },
    "melbands_spread": {
        "dmean": 11.7887935638,
        "dmean2": 19.0580043793,
        "dvar": 226.296798706,
        "dvar2": 505.071899414,
        "max": 289.127868652,
        "mean": 25.6925106049,
        "median": 20.0576114655,
        "min": 0.283186495304,
        "var": 571.467346191
    },
    "pitch_salience": {
        "dmean": 0.10314951092,
        "dmean2": 0.167485892773,
        "dvar": 0.0074119749479,
        "dvar2": 0.0187801253051,
        "max": 0.872960805893,
        "mean": 0.468256384134,
        "median": 0.470490127802,
        "min": 0.0598290301859,
        "var": 0.0187845751643
    },
    "silence_rate_20dB": {
        "dmean": 0,
        "dmean2": 0,
        "dvar": 0,
        "dvar2": 0,
        "max": 1,
        "mean": 1,
        "median": 1,
        "min": 1,
        "var": 0
    },
    "silence_rate_30dB": {
        "dmean": 0.0372967794538,
        "dmean2": 0.0745995044708,
        "dvar": 0.0359105169773,
        "dvar2": 0.102836340666,
        "max": 1,
        "mean": 0.979599952698,
        "median": 1,
        "min": 0,
        "var": 0.0199822150171
    },
    "silence_rate_60dB": {
        "dmean": 0.01354797557,
        "dmean2": 0.0270981118083,
        "dvar": 0.0133640021086,
        "dvar2": 0.0308251418173,
        "max": 1,
        "mean": 0.0380109958351,
        "median": 0,
        "min": 0,
        "var": 0.0365657955408
    },
    "spectral_centroid": {
        "dmean": 380.036773682,
        "dmean2": 601.762145996,
        "dvar": 150567.46875,
        "dvar2": 350072.46875,
        "max": 11619,
        "mean": 1806.39538574,
        "median": 1776.48742676,
        "min": 115.121589661,
        "var": 798773.625
    },
    "spectral_complexity": {
        "dmean": 5.61619377136,
        "dmean2": 8.42575931549,
        "dvar": 37.7582778931,
        "dvar2": 79.0140151978,
        "max": 59,
        "mean": 21.581161499,
        "median": 22,
        "min": 0,
        "var": 152.3334198
    },
    "spectral_decrease": {
        "dmean": 5.30231991647e-09,
        "dmean2": 8.541869434e-09,
        "dvar": 4.41800374625e-17,
        "dvar2": 1.05107557419e-16,
        "max": 1.53198602983e-28,
        "mean": -9.58317247779e-09,
        "median": -7.65176011441e-09,
        "min": -4.97206826822e-08,
        "var": 6.09037798725e-17
    },
    "spectral_energy": {
        "dmean": 0.0206224694848,
        "dmean2": 0.0331431739032,
        "dvar": 0.000665309082251,
        "dvar2": 0.00158580113202,
        "max": 0.193962872028,
        "mean": 0.0385737046599,
        "median": 0.031312186271,
        "min": 1.01152483986e-20,
        "var": 0.00092734140344
    },
    "spectral_energyband_high": {
        "dmean": 0.00066047225846,
        "dmean2": 0.00106673478149,
        "dvar": 1.35528443934e-06,
        "dvar2": 3.56761916009e-06,
        "max": 0.0173753779382,
        "mean": 0.00148845475633,
        "median": 0.00125745229889,
        "min": 6.98012724832e-21,
        "var": 1.77671188339e-06
    },
    "spectral_energyband_low": {
        "dmean": 0.0161795821041,
        "dmean2": 0.0260297097266,
        "dvar": 0.000504386029206,
        "dvar2": 0.00119782635011,
        "max": 0.178116083145,
        "mean": 0.0246230401099,
        "median": 0.0178944393992,
        "min": 1.51134200517e-23,
        "var": 0.000644784304313
    },
    "spectral_energyband_middle_high": {
        "dmean": 0.00235395645723,
        "dmean2": 0.00367800728418,
        "dvar": 1.23589434224e-05,
        "dvar2": 2.96719226753e-05,
        "max": 0.0539840459824,
        "mean": 0.00552560947835,
        "median": 0.00366805004887,
        "min": 1.20791775251e-21,
        "var": 2.96396628983e-05
    },
    "spectral_energyband_middle_low": {
        "dmean": 0.00661773048341,
        "dmean2": 0.0115406708792,
        "dvar": 0.000166314304806,
        "dvar2": 0.000457182439277,
        "max": 0.111083768308,
        "mean": 0.00820184126496,
        "median": 0.00505631696433,
        "min": 1.81397870958e-22,
        "var": 0.000125160775497
    },
    "spectral_entropy": {
        "dmean": 0.150388002396,
        "dmean2": 0.231863737106,
        "dvar": 0.0259040221572,
        "dvar2": 0.0581358782947,
        "max": 9.82859230042,
        "mean": 7.9879527092,
        "median": 8.01938819885,
        "min": 5.27413129807,
        "var": 0.114167995751
    },
    "spectral_flux": {
        "dmean": 0.0425056032836,
        "dmean2": 0.0668294653296,
        "dvar": 0.00216019432992,
        "dvar2": 0.0042306794785,
        "max": 0.389994502068,
        "mean": 0.115471765399,
        "median": 0.100187532604,
        "min": 6.34138366817e-11,
        "var": 0.00419633137062
    },
    "spectral_kurtosis": {
        "dmean": 0.798172414303,
        "dmean2": 1.26505851746,
        "dvar": 0.919774711132,
        "dvar2": 2.30212426186,
        "max": 21.609046936,
        "mean": 2.63397574425,
        "median": 2.45624351501,
        "min": -1.24781560898,
        "var": 2.34906864166
    },
    "spectral_rms": {
        "dmean": 0.00152967474423,
        "dmean2": 0.00239073182456,
        "dvar": 2.58571776612e-06,
        "dvar2": 5.90934951106e-06,
        "max": 0.0137561652809,
        "mean": 0.00565877044573,
        "median": 0.00552706746385,
        "min": 3.14142245203e-12,
        "var": 5.61112028663e-06
    },
    "spectral_rolloff": {
        "dmean": 922.831054688,
        "dmean2": 1563.1973877,
        "dvar": 1755760.5,
        "dvar2": 3929585.25,
        "max": 19401.4160156,
        "mean": 1736.36193848,
        "median": 1184.32617188,
        "min": 64.599609375,
        "var": 4878504
    },
    "spectral_skewness": {
        "dmean": 0.157339572906,
        "dmean2": 0.24500399828,
        "dvar": 0.0286807063967,
        "dvar2": 0.0672265142202,
        "max": 3.43911886215,
        "mean": 1.27178800106,
        "median": 1.26736414433,
        "min": -0.157796978951,
        "var": 0.0909222438931
    },
    "spectral_spread": {
        "dmean": 700001.4375,
        "dmean2": 1017668.875,
        "dvar": 766026383360,
        "dvar2": 1.4150214615e+12,
        "max": 42500644,
        "mean": 6060802.5,
        "median": 5684768.5,
        "min": 1991828.625,
        "var": 7.87527080346e+12
    },
    "spectral_strongpeak": {
        "dmean": 0.323185801506,
        "dmean2": 0.567911863327,
        "dvar": 0.462994068861,
        "dvar2": 1.28606235981,
        "max": 12.270857811,
        "mean": 0.489101737738,
        "median": 0.370144039392,
        "min": 0,
        "var": 0.394296556711
    },
    "zerocrossingrate": {
        "dmean": 0.0160054136068,
        "dmean2": 0.0194419771433,
        "dvar": 0.000308305257931,
        "dvar2": 0.000379073113436,
        "max": 0.5234375,
        "mean": 0.076356112957,
        "median": 0.06640625,
        "min": 0.00341796875,
        "var": 0.00271574407816
    },
    "barkbands": {
        "dmean": [0.000193266590941, 0.0123585416004, 0.0056636845693, 0.00138126837555, 0.00431470526382, 0.000711026135832, 0.000613881158642, 0.000508429657202, 0.000654989620671, 0.00046507519437, 0.000287860864773, 0.000433672073996, 0.000318988371873, 0.00029439246282, 0.00041754700942, 0.000389792665374, 0.000506503565703, 0.000317519006785, 0.000345209002262, 0.000247917429078, 0.000156480513397, 0.000141327604069, 0.000135064023198, 0.000129406980705, 8.80741499714e-05, 5.06666037836e-05, 1.33744033519e-05],
        "dmean2": [0.000297344522551, 0.0200533550233, 0.00972697604448, 0.00232953904197, 0.0078655583784, 0.00126200530212, 0.00105210696347, 0.000854586716741, 0.00107349967584, 0.000750196399167, 0.000460142095108, 0.000691371562425, 0.000520741159562, 0.000484831427457, 0.000684587866999, 0.000646519882139, 0.000836307532154, 0.000529578013811, 0.00056218408281, 0.00040261328104, 0.000265517737716, 0.000239154091105, 0.000224483548664, 0.000207306249649, 0.000139017021866, 7.77654422564e-05, 2.04622119782e-05],
        "dvar": [1.20663528946e-07, 0.000285819463897, 0.000103366037365, 5.85436328038e-06, 0.000122618570458, 4.18143099523e-06, 5.51998073206e-06, 2.56529574472e-06, 2.24267023441e-06, 1.32333889269e-06, 5.80710548093e-07, 1.48764218011e-06, 1.05333197098e-06, 6.27602105396e-07, 1.14415081498e-06, 5.81364929531e-07, 8.7197480525e-07, 4.03709066177e-07, 3.43044547435e-07, 2.47772447892e-07, 9.04803485469e-08, 7.7559427325e-08, 6.12391346522e-08, 5.23245269335e-08, 2.97537585681e-08, 1.2833184293e-08, 2.37587882701e-09],
        "dvar2": [2.62226649284e-07, 0.000698899908457, 0.000278880470432, 1.53050368681e-05, 0.000346115790308, 1.15786797323e-05, 1.51900740093e-05, 6.44518195259e-06, 5.54199368707e-06, 3.21252127833e-06, 1.43155568821e-06, 3.47811123902e-06, 2.71864701062e-06, 1.6071205664e-06, 2.8537901926e-06, 1.51663675751e-06, 2.15441809814e-06, 1.00917554846e-06, 8.55172118008e-07, 6.13400175098e-07, 2.44318954401e-07, 2.13347647104e-07, 1.6488321819e-07, 1.30635527285e-07, 7.13053438517e-08, 3.09513161767e-08, 6.35976782348e-09],
        "max": [0.00770759861916, 0.137628242373, 0.108765512705, 0.0630414932966, 0.0937638431787, 0.0423745438457, 0.0462604686618, 0.0409912914038, 0.0324729792774, 0.0340955518186, 0.025249786675, 0.0389182381332, 0.0372885726392, 0.0316393151879, 0.0286079831421, 0.0146756060421, 0.0224288199097, 0.0226738397032, 0.012142052874, 0.00982197001576, 0.0054943850264, 0.00407145777717, 0.00341427372769, 0.00414793472737, 0.00329795666039, 0.00375035195611, 0.0029826592654],
        "mean": [0.00024304605904, 0.0168340150267, 0.00641569681466, 0.00177128938958, 0.00345143070444, 0.00068756082328, 0.000614031974692, 0.000567065377254, 0.000873661367223, 0.000639283272903, 0.000393261958379, 0.000620991457254, 0.000421377451858, 0.000358504912583, 0.000583211309277, 0.00060229038354, 0.000792153005023, 0.000436077825725, 0.000561149325222, 0.000381592224585, 0.000259636202827, 0.000251435209066, 0.00025553785963, 0.000261016015429, 0.000186200675671, 9.17834768188e-05, 2.03686995519e-05],
        "median": [7.88635879871e-05, 0.0112391998991, 0.00356189557351, 0.000890769122634, 0.00100349297281, 0.000249588309089, 0.000148651917698, 0.000161752977874, 0.000342184968758, 0.000223466253374, 0.000113548456284, 0.000181218434591, 0.000149985120515, 0.000139567084261, 0.000249270815402, 0.000329478818458, 0.000417276780354, 0.00021491102234, 0.000328846770572, 0.000201535018277, 0.000188930600416, 0.000201136790565, 0.000199438101845, 0.000195605985937, 0.000122789409943, 3.55621705239e-05, 6.0404731812e-06],
        "min": [7.5098197392e-25, 5.04562386816e-25, 2.28423766729e-24, 2.11822248143e-24, 7.02104664992e-24, 1.30294727877e-23, 9.09145706074e-24, 1.06431078071e-23, 2.63817900563e-23, 1.33065451923e-23, 1.40513229724e-23, 1.96057778031e-23, 2.76743102505e-23, 3.41105979772e-23, 5.85950418724e-23, 4.97261090624e-23, 7.28415416546e-23, 1.20897780487e-22, 1.73742714247e-22, 1.72411722884e-22, 2.09078406899e-22, 3.72240439057e-22, 3.18076870651e-22, 6.02592947822e-22, 8.98596834013e-22, 1.12588540702e-21, 1.98611053199e-21],
        "var": [1.70586503145e-07, 0.000354684365448, 8.54219324538e-05, 6.7706387199e-06, 7.66222801758e-05, 2.88490150524e-06, 3.93778736907e-06, 2.60329784396e-06, 2.80572135125e-06, 1.82377345936e-06, 8.02846898296e-07, 2.20412152885e-06, 1.05644357973e-06, 6.44310489406e-07, 1.3759211015e-06, 8.6017536205e-07, 1.53343250986e-06, 5.352397352e-07, 5.61724732506e-07, 3.66412166386e-07, 9.10365969276e-08, 7.21167623396e-08, 7.11461325409e-08, 8.76459864685e-08, 5.54822818799e-08, 2.08770032373e-08, 2.20206120005e-09]
    },
    "erbbands": {
        "dmean": [0.306182980537, 3.06260514259, 6.79394483566, 5.1768155098, 5.25715208054, 20.2965679169, 12.3279161453, 5.27069616318, 8.64889431, 8.84613132477, 11.6084346771, 14.6960487366, 15.5518169403, 12.4318742752, 10.4295625687, 19.1574764252, 13.6827192307, 13.6916227341, 18.159078598, 20.6368408203, 24.017206192, 24.0807228088, 17.0788269043, 17.4405555725, 16.5604496002, 11.41776371, 6.88704538345, 5.87281036377, 5.34046506882, 4.47423410416, 3.80474996567, 3.20364665985, 1.95768260956, 1.18987452984, 0.553502738476, 0.258325576782, 0.0852425321937, 0.0209687016904, 0.00222231913358, 9.05977503862e-05],
        "dmean2": [0.488150924444, 5.04656171799, 11.5428256989, 8.71757602692, 9.12775993347, 37.2261695862, 22.5284881592, 9.19889736176, 14.8518218994, 14.8378076553, 19.3622741699, 24.0516376495, 25.1516494751, 19.7334880829, 16.5136814117, 30.3344593048, 22.0161094666, 22.2979946136, 29.7470054626, 33.445186615, 39.6532821655, 39.7006111145, 27.9727134705, 29.1128292084, 26.6348571777, 18.4607639313, 11.5948724747, 9.94229602814, 9.06125926971, 7.50163555145, 6.32136154175, 5.16049957275, 3.16507339478, 1.8980679512, 0.866933941841, 0.403637260199, 0.130677163601, 0.0323017574847, 0.00338325090706, 0.000136722665047],
        "dvar": [0.224056869745, 17.3963775635, 130.115081787, 85.2860488892, 94.8795852661, 2933.90625, 1205.44787598, 281.804199219, 1300.48974609, 840.948181152, 1144.49438477, 1170.12023926, 1838.89331055, 879.998352051, 804.306213379, 3149.77661133, 1657.04345703, 1573.48388672, 1878.92016602, 2527.20458984, 2080.81079102, 1658.48217773, 1188.70117188, 1011.78094482, 852.774597168, 537.468078613, 188.923477173, 129.222412109, 109.962532043, 72.2493743896, 48.2294578552, 30.0465335846, 13.2435693741, 5.01608133316, 1.31396579742, 0.288295000792, 0.0394277945161, 0.00500378012657, 5.52942656213e-05, 5.3677020162e-08],
        "dvar2": [0.524785637856, 43.9326133728, 349.623809814, 227.687759399, 257.86038208, 8275.58203125, 3435.2800293, 769.863464355, 3598.77490234, 2182.53686523, 2816.03686523, 2902.66674805, 4621.8984375, 2038.90905762, 2022.01062012, 7174.38183594, 4143.41552734, 4001.3215332, 4909.60498047, 5910.97851562, 5484.06005859, 4105.94384766, 2877.09350586, 2640.05297852, 2068.98901367, 1314.62304688, 511.975006104, 347.379974365, 302.901306152, 198.831192017, 129.038589478, 76.3017196655, 33.2443771362, 12.1341247559, 3.18932747841, 0.703597545624, 0.0951346606016, 0.0131956320256, 0.000145070953295, 1.3521869846e-07],
        "max": [3.81334519386, 37.213596344, 114.670074463, 138.903411865, 137.425964355, 487.142669678, 403.468170166, 423.205871582, 786.244445801, 629.570251465, 1066.50854492, 939.766357422, 1356.13391113, 807.346740723, 1140.46801758, 1514.30163574, 1461.53430176, 1735.22790527, 1598.73095703, 1801.01220703, 875.078491211, 724.332458496, 1330.98571777, 875.99420166, 623.732910156, 589.863037109, 293.835510254, 211.151809692, 171.155609131, 149.342834473, 94.9889678955, 95.4344329834, 65.131072998, 47.9769744873, 30.459438324, 16.1060428619, 6.45692205429, 4.05032348633, 0.426180303097, 0.0113942986354],
        "mean": [0.377694696188, 4.11609125137, 8.38283634186, 6.65623092651, 6.27700328827, 14.7849645615, 9.68090248108, 5.2548866272, 8.56180095673, 9.68095111847, 13.7320699692, 19.7278461456, 21.5406303406, 18.7869853973, 16.159740448, 28.1553058624, 20.298532486, 18.5152797699, 25.8447132111, 31.157075882, 40.4707984924, 39.3149490356, 25.3296260834, 26.4840869904, 26.9558353424, 18.3394050598, 11.117401123, 9.88140964508, 9.19653224945, 8.18291950226, 7.14784288406, 6.26582622528, 3.86180710793, 2.42857718468, 1.12731707096, 0.475760132074, 0.150046616793, 0.0334020219743, 0.00346535746939, 0.000173037682544],
        "median": [0.202462404966, 2.79203462601, 5.31367444992, 4.00378608704, 2.95532488823, 3.18726158142, 2.54246354103, 1.89097833633, 2.28591322899, 2.80378317833, 4.76236343384, 8.01722717285, 8.34117698669, 6.45460653305, 5.58636188507, 8.47296047211, 8.01802921295, 7.51475000381, 11.9170532227, 14.8176116943, 22.7476406097, 22.72423172, 13.3802728653, 15.4619722366, 14.8873767853, 9.93519115448, 7.9459104538, 7.32562923431, 7.21219682693, 6.57348060608, 5.52512454987, 4.65675973892, 2.8763461113, 1.67770421505, 0.707913756371, 0.212044745684, 0.0553764775395, 0.0104738054797, 0.00110393785872, 0.000100506091258],
        "min": [2.70730183805e-23, 2.13105914162e-22, 2.03972217544e-21, 5.9095519717e-21, 1.12897883229e-20, 3.19061656838e-20, 6.02960705941e-20, 1.40880658566e-19, 1.20122095805e-19, 1.64518094202e-19, 2.4757844021e-19, 5.45680089958e-19, 5.94309055893e-19, 6.81231314311e-19, 7.0425252624e-19, 9.35100075338e-19, 1.5113031299e-18, 2.51001980499e-18, 2.20935991825e-18, 2.8672429224e-18, 2.71062040932e-18, 5.350946183e-18, 7.26360778927e-18, 6.56297298914e-18, 9.23093528068e-18, 7.42731014121e-18, 6.9423159501e-18, 9.18478439276e-18, 1.21714440715e-17, 1.17124465127e-17, 1.00560363612e-17, 1.19764560944e-17, 9.20289633945e-18, 8.83119280503e-18, 7.1033283107e-18, 4.29889114425e-18, 2.03351807043e-18, 9.67856841186e-19, 2.5602284274e-19, 2.7450311745e-20],
        "var": [0.266627132893, 20.5129089355, 114.284919739, 80.0242233276, 97.4554443359, 1799.25695801, 725.622192383, 200.831207275, 883.508239746, 735.506713867, 1276.26196289, 1452.45153809, 2101.08081055, 1508.30126953, 1121.09289551, 4828.87548828, 1909.85852051, 1679.08569336, 2130.56958008, 3527.70727539, 3284.8190918, 2768.01391602, 1729.44445801, 1392.86425781, 1436.92138672, 836.333251953, 187.083984375, 130.842422485, 101.389984131, 71.7712860107, 57.756111145, 46.7946510315, 21.4557590485, 9.03714752197, 2.33284378052, 0.496812343597, 0.0610601752996, 0.00506471283734, 5.57043058507e-05, 6.35252916936e-08]
    },
    "gfcc": {
        "mean": [23.945230484, 54.9373817444, -97.5533294678, 49.0410232544, -42.3676185608, 27.4321517944, -32.3522529602, 17.5212173462, -19.0145053864, -0.514299809933, -17.3762607574, -0.0114299245179, -10.9997396469],
        "cov": [[13242.3525391, 64.3111343384, -263.15032959, 532.761779785, -66.2208633423, 413.877105713, -23.0342388153, 338.759552002, -83.0944824219, 77.3074111938, -231.527389526, 11.8545808792, -136.404663086], [64.3111343384, 1010.746521, -191.582336426, 208.731796265, 72.1202392578, 50.8036193848, 79.1136550903, -19.8067760468, 39.3890991211, -81.5717468262, 51.5007133484, -60.9212036133, 51.4763298035], [-263.15032959, -191.582336426, 914.177307129, 133.619873047, 188.593902588, 83.0603256226, 36.4744949341, -2.22383117676, 1.02733683586, 61.6941947937, -44.9746131897, 30.4686603546, -39.2016868591], [532.761779785, 208.731796265, 133.619873047, 465.275024414, 100.904006958, 92.0562133789, 21.1575508118, 26.8783740997, 29.6981372833, -15.1109399796, 0.0286541134119, -55.1831817627, 31.967048645], [-66.2208633423, 72.1202392578, 188.593902588, 100.904006958, 298.155090332, 94.6928863525, 108.3256073, 41.9741477966, 37.4542274475, 22.0710277557, -15.3444643021, -7.83879137039, 0.156834736466], [413.877105713, 50.8036193848, 83.0603256226, 92.0562133789, 94.6928863525, 233.86895752, 123.458328247, 53.8972663879, 0.68095433712, -1.09012877941, 6.50521039963, -6.11470127106, 1.61680173874], [-23.0342388153, 79.1136550903, 36.4744949341, 21.1575508118, 108.3256073, 123.458328247, 245.093261719, 86.6070098877, 7.87253808975, -7.14904594421, 9.69585609436, -9.40171432495, -16.2752742767], [338.759552002, -19.8067760468, -2.22383117676, 26.8783740997, 41.9741477966, 53.8972663879, 86.6070098877, 142.758956909, 52.7146263123, 19.1872138977, -0.587932825089, -9.66136550903, -18.221408844], [-83.0944824219, 39.3890991211, 1.02733683586, 29.6981372833, 37.4542274475, 0.68095433712, 7.87253808975, 52.7146263123, 121.24874115, 53.6015853882, 5.75158882141, -11.2910699844, 1.90590727329], [77.3074111938, -81.5717468262, 61.6941947937, -15.1109399796, 22.0710277557, -1.09012877941, -7.14904594421, 19.1872138977, 53.6015853882, 102.421173096, 24.6633758545, 11.659406662, -15.6499290466], [-231.527389526, 51.5007133484, -44.9746131897, 0.0286541134119, -15.3444643021, 6.50521039963, 9.69585609436, -0.587932825089, 5.75158882141, 24.6633758545, 95.3232421875, 25.7489891052, 6.72701215744], [11.8545808792, -60.9212036133, 30.4686603546, -55.1831817627, -7.83879137039, -6.11470127106, -9.40171432495, -9.66136550903, -11.2910699844, 11.659406662, 25.7489891052, 76.1371459961, 21.0781974792], [-136.404663086, 51.4763298035, -39.2016868591, 31.967048645, 0.156834736466, 1.61680173874, -16.2752742767, -18.221408844, 1.90590727329, -15.6499290466, 6.72701215744, 21.0781974792, 73.9363861084]],
        "icov": [[0.000132845467306, -0.000100172153907, 0.000153756787768, -0.000250561191933, 0.000103483936982, -0.000281100714346, 0.000241743822698, -0.000430348853115, 0.000453064218163, -0.000505181786139, 0.000690063869115, -0.000592769181821, 0.000445362355094], [-0.000100172153907, 0.00161743420176, 0.000146023259731, -0.000276336970273, -0.000408457533922, 0.000246497045737, -0.00074915937148, 0.00130871823058, -0.00159951602109, 0.00203347671777, -0.00179243541788, 0.00135738065001, -0.000713142158929], [0.000153756787768, 0.000146023259731, 0.00184955634177, -0.00102329335641, -0.000694286427461, -0.000560075277463, 0.000198947847821, 0.000192153980606, 0.000711168511771, -0.0014232317917, 0.00188652705401, -0.00228909472935, 0.0018713097088], [-0.000250561191933, -0.000276336970273, -0.00102329335641, 0.00390670215711, -0.000725884106942, -0.000451180821983, 0.000614851189312, -0.000180380200618, -0.000836870050989, 0.00143379636575, -0.00235983380117, 0.00431037461385, -0.00308828381822], [0.000103483936982, -0.000408457533922, -0.000694286427461, -0.000725884106942, 0.00534064648673, -0.000881692278199, -0.00175322219729, 2.71009957942e-05, -0.000696318456903, -0.00140249507967, 0.00187634467147, -0.000800766632892, -0.000171620209585], [-0.000281100714346, 0.000246497045737, -0.000560075277463, -0.000451180821983, -0.000881692278199, 0.00726578338072, -0.00321076880209, -9.04026746866e-05, 0.000281533284578, 0.00061024131719, -0.00178320659325, 0.00125963496976, -0.0017531174235], [0.000241743822698, -0.00074915937148, 0.000198947847821, 0.000614851189312, -0.00175322219729, -0.00321076880209, 0.00838198699057, -0.00481175491586, 0.00222873780876, 0.000163419928867, -3.86936335417e-05, -0.000420689815655, 0.00164098932873], [-0.000430348853115, 0.00130871823058, 0.000192153980606, -0.000180380200618, 2.71009957942e-05, -9.04026746866e-05, -0.00481175491586, 0.0138222016394, -0.00749689573422, 0.00277461763471, -0.00162570469547, 0.000640378159005, 0.00156983232591], [0.000453064218163, -0.00159951602109, 0.000711168511771, -0.000836870050989, -0.000696318456903, 0.000281533284578, 0.00222873780876, -0.00749689573422, 0.0172354131937, -0.0106871956959, 0.00361240934581, 0.000518030487001, -0.00185606756713], [-0.000505181786139, 0.00203347671777, -0.0014232317917, 0.00143379636575, -0.00140249507967, 0.00061024131719, 0.000163419928867, 0.00277461763471, -0.0106871956959, 0.0204160828143, -0.00835414696485, 0.00114687858149, 0.00201715878211], [0.000690063869115, -0.00179243541788, 0.00188652705401, -0.00235983380117, 0.00187634467147, -0.00178320659325, -3.86936335417e-05, -0.00162570469547, 0.00361240934581, -0.00835414696485, 0.0187496058643, -0.0096193542704, 0.00334243313409], [-0.000592769181821, 0.00135738065001, -0.00228909472935, 0.00431037461385, -0.000800766632892, 0.00125963496976, -0.000420689815655, 0.000640378159005, 0.000518030487001, 0.00114687858149, -0.0096193542704, 0.024596022442, -0.0109839569777], [0.000445362355094, -0.000713142158929, 0.0018713097088, -0.00308828381822, -0.000171620209585, -0.0017531174235, 0.00164098932873, 0.00156983232591, -0.00185606756713, 0.00201715878211, 0.00334243313409, -0.0109839569777, 0.0212596002966]]
    },
    "melbands": {
        "dmean": [0.00313376495615, 0.00361612439156, 0.000840934168082, 0.000903454842046, 0.000577161845285, 0.000121569770272, 0.000129464417114, 9.87024614005e-05, 9.88099200185e-05, 9.50868488871e-05, 7.9004545114e-05, 5.24512979609e-05, 3.59934711014e-05, 4.573851038e-05, 4.33807144873e-05, 3.05871544697e-05, 2.70817599812e-05, 2.90662774205e-05, 3.23674357787e-05, 2.73867626674e-05, 3.20410363202e-05, 2.87782822852e-05, 1.9508672267e-05, 1.40043184729e-05, 1.51169761011e-05, 1.35824730023e-05, 1.12601319415e-05, 7.11650227458e-06, 4.76344894196e-06, 3.71722217096e-06, 3.58039505954e-06, 3.24479697156e-06, 2.70309647021e-06, 2.57773899648e-06, 2.28194608098e-06, 2.31824992625e-06, 1.9587416773e-06, 1.50857545123e-06, 1.2111572687e-06, 1.01926207208e-06],
        "dmean2": [0.00504164444283, 0.0060123600997, 0.00141195592005, 0.0016395613784, 0.0010571613675, 0.000212473387364, 0.000221974056331, 0.000165221048519, 0.000164398399647, 0.000155895759235, 0.00012794797658, 8.39299682411e-05, 5.74603182031e-05, 7.26350117475e-05, 6.98041912983e-05, 4.94174528285e-05, 4.44038450951e-05, 4.81589086121e-05, 5.33567836101e-05, 4.4789583626e-05, 5.35137078259e-05, 4.7713121603e-05, 3.2048792491e-05, 2.33579303313e-05, 2.53953130596e-05, 2.19845660467e-05, 1.8393557184e-05, 1.15692764666e-05, 8.06074240245e-06, 6.30957629255e-06, 6.11437644693e-06, 5.52458186576e-06, 4.59328202851e-06, 4.34564799434e-06, 3.83468841392e-06, 3.81613654099e-06, 3.16079081131e-06, 2.46497052103e-06, 1.96255950868e-06, 1.63847914791e-06],
        "dvar": [1.98548568733e-05, 2.98431968986e-05, 2.07456969292e-06, 5.00705618833e-06, 2.5523252134e-06, 1.50650876662e-07, 2.72675180213e-07, 1.02006708858e-07, 7.46899004866e-08, 5.10225994788e-08, 4.65550513695e-08, 1.57473056817e-08, 9.78063585677e-09, 1.80097003977e-08, 2.08623394116e-08, 6.65776500597e-09, 7.089927756e-09, 4.68528371655e-09, 7.67878738372e-09, 3.40338490723e-09, 4.06286515542e-09, 2.50536680291e-09, 1.66850222527e-09, 7.5719935877e-10, 7.92360010937e-10, 5.54401746733e-10, 5.2449766752e-10, 2.03245684172e-10, 1.03798247775e-10, 4.27135340986e-11, 5.24464395524e-11, 4.01461711097e-11, 2.69503204475e-11, 2.39426898446e-11, 1.76267073854e-11, 1.54753623111e-11, 1.11189685931e-11, 7.56281842706e-12, 5.36932998063e-12, 3.59917477766e-12],
        "dvar2": [4.75846281915e-05, 7.81718990766e-05, 5.52048868485e-06, 1.41156260725e-05, 7.22432650946e-06, 4.11589496707e-07, 7.53198946768e-07, 2.61793701384e-07, 1.84282185955e-07, 1.25417457753e-07, 1.16625386681e-07, 3.64376724349e-08, 2.46249332037e-08, 4.27463398012e-08, 5.34257935669e-08, 1.63056785851e-08, 1.82389765513e-08, 1.2214260714e-08, 1.93347560185e-08, 8.34736280098e-09, 1.06831583579e-08, 6.19004802971e-09, 3.98536581514e-09, 1.92716420599e-09, 2.07166839239e-09, 1.33957123172e-09, 1.30240407348e-09, 4.90893103944e-10, 2.83353257524e-10, 1.12841319622e-10, 1.43263928498e-10, 1.10662097541e-10, 7.41350036915e-11, 6.60141871722e-11, 4.76655104276e-11, 4.05977404472e-11, 2.78401659365e-11, 1.9263287146e-11, 1.3291952608e-11, 8.80152895011e-12],
        "max": [0.0340916067362, 0.0507937222719, 0.0212786123157, 0.0219460390508, 0.0162442605942, 0.0102835884318, 0.0106954015791, 0.00635911198333, 0.00731770740822, 0.00637277215719, 0.00673885364085, 0.00371551257558, 0.00393682392314, 0.00545601453632, 0.00595897249877, 0.00271951779723, 0.00395411346108, 0.00225503486581, 0.0023978271056, 0.00120547122788, 0.00149741396308, 0.000968310690951, 0.00152172532398, 0.000621802115347, 0.000817224907223, 0.0005264604697, 0.000494950450957, 0.000324826949509, 0.00024855096126, 0.000148952865857, 0.000143521479913, 0.000109239961603, 8.25260212878e-05, 9.08707079361e-05, 5.68635441596e-05, 6.19396741968e-05, 6.05025634286e-05, 4.96319735248e-05, 4.30651962233e-05, 4.0824063035e-05],
        "mean": [0.00415394641459, 0.0049463994801, 0.00113816570956, 0.000755184155423, 0.000433721521404, 0.000121099736134, 0.000129258958623, 0.000107769119495, 0.00011641789024, 0.000126550075947, 0.000106248902739, 7.5818366895e-05, 5.17138869327e-05, 6.59505894873e-05, 6.12145813648e-05, 4.01536381105e-05, 3.3191194234e-05, 3.85709172406e-05, 4.4410375267e-05, 4.0279719542e-05, 5.13719096489e-05, 4.56700472569e-05, 2.71523949777e-05, 1.90631362784e-05, 2.16163680307e-05, 2.12830382225e-05, 1.66823047039e-05, 1.0978269529e-05, 7.00100690665e-06, 5.94161565459e-06, 5.65099753658e-06, 5.25307268617e-06, 4.64322647531e-06, 4.4813432396e-06, 3.99958389607e-06, 4.18874242314e-06, 3.66859512724e-06, 2.77092613032e-06, 2.28452859119e-06, 1.98775001081e-06],
        "median": [0.00254262867384, 0.00361170060933, 0.000710976601113, 0.000234772771364, 0.000102632999187, 4.30205836892e-05, 3.3889678889e-05, 2.98660670524e-05, 4.05692189815e-05, 4.88120822411e-05, 3.82250873372e-05, 2.40972112806e-05, 1.62766009453e-05, 1.90035498235e-05, 2.10742909985e-05, 1.42735852933e-05, 1.22449564515e-05, 1.7041225874e-05, 1.87809673662e-05, 1.93365249288e-05, 2.72921679425e-05, 2.52814515989e-05, 1.24871830849e-05, 9.67836786003e-06, 1.17709478218e-05, 1.21295670397e-05, 7.73142983235e-06, 5.88705597693e-06, 4.54222708868e-06, 4.31870694229e-06, 3.98337533625e-06, 3.96104496758e-06, 3.66771973859e-06, 3.47465947925e-06, 2.99516818814e-06, 3.09775145979e-06, 2.6203588277e-06, 2.00225008484e-06, 1.59321075444e-06, 1.30275270749e-06],
        "min": [2.22255249159e-25, 1.06916142725e-24, 1.34323290637e-24, 1.35186511543e-24, 1.84870263113e-24, 3.17314901226e-24, 1.69072436018e-24, 1.60617572747e-24, 2.34658548615e-24, 3.47166403677e-24, 2.55887426663e-24, 2.74435972292e-24, 1.63231778901e-24, 3.01788067573e-24, 2.64197484654e-24, 3.42524509452e-24, 3.94489341077e-24, 3.17714617046e-24, 4.47865523747e-24, 4.06691086572e-24, 2.41577410956e-24, 4.16914605574e-24, 4.50744747722e-24, 5.88450240047e-24, 4.36761675418e-24, 6.04596605612e-24, 4.23170588097e-24, 3.85365257518e-24, 3.59295613411e-24, 4.60339347368e-24, 4.38697973953e-24, 5.92680546094e-24, 4.31738485275e-24, 5.38940461888e-24, 5.22042982412e-24, 6.17509745871e-24, 6.03478434722e-24, 4.64462250003e-24, 6.30675518835e-24, 6.39180662127e-24],
        "var": [2.45463907049e-05, 3.00519241136e-05, 2.02624528356e-06, 3.2074444789e-06, 1.5459648921e-06, 1.06960129642e-07, 1.87900027981e-07, 9.17503300002e-08, 8.26313595326e-08, 6.45103668262e-08, 5.36012905172e-08, 2.6524515917e-08, 1.31265869285e-08, 2.62378403448e-08, 2.24160299211e-08, 7.92355070445e-09, 6.98064539506e-09, 5.15638998166e-09, 9.04705110827e-09, 5.20139487037e-09, 6.33233554481e-09, 4.44106262876e-09, 2.47083242755e-09, 9.74377245555e-10, 1.07354702905e-09, 9.0214408166e-10, 7.86751386261e-10, 3.18374604458e-10, 9.7837758728e-11, 4.67430677498e-11, 4.94792887218e-11, 3.66247518424e-11, 2.5153419278e-11, 2.37973061396e-11, 1.98671946949e-11, 2.09777837462e-11, 1.78563622222e-11, 1.15527474739e-11, 8.85593421512e-12, 6.33443211079e-12]
    },
    "mfcc": {
        "mean": [-619.523681641, 84.1394348145, 11.5105371475, 28.3119812012, 20.1142692566, 12.7263307571, 7.13969182968, 15.0432319641, 7.09311199188, 7.08422756195, -0.0598455630243, 1.01600301266, 0.712673246861],
        "cov": [[6597.4375, 288.811340332, -152.644119263, 271.992706299, 79.8717727661, 114.701087952, 137.388504028, 199.453918457, 200.3253479, 157.043914795, 54.994808197, -29.2419433594, 9.58865737915], [288.811340332, 696.695556641, -26.5666770935, 65.1310501099, 43.4394989014, 67.7587203979, 63.6522789001, 66.4940261841, 33.5064315796, 7.03734016418, 3.12482476234, 20.2066268921, 46.2337532043], [-152.644119263, -26.5666770935, 543.916137695, 143.103546143, 118.756355286, 101.327186584, 38.6174583435, 1.54466772079, 24.9287128448, -7.82404327393, 3.1942076683, 22.751537323, 4.36016893387], [271.992706299, 65.1310501099, 143.103546143, 335.331237793, 140.404495239, 72.5422210693, 34.7617111206, 25.5784759521, 50.9062805176, 51.4470977783, 2.63878273964, -0.737518489361, 14.2282409668], [79.8717727661, 43.4394989014, 118.756355286, 140.404495239, 222.560928345, 88.6221923828, 16.0613155365, 9.79121208191, 49.8382453918, 37.9365501404, 2.41273331642, 8.42593002319, 15.9394769669], [114.701087952, 67.7587203979, 101.327186584, 72.5422210693, 88.6221923828, 189.226745605, 107.001861572, 45.7236022949, 55.4234848022, 20.3544311523, 12.4671506882, 13.8571186066, 10.8569116592], [137.388504028, 63.6522789001, 38.6174583435, 34.7617111206, 16.0613155365, 107.001861572, 219.917404175, 117.654937744, 42.9938697815, 32.522567749, 20.505821228, 10.5721092224, 18.1566944122], [199.453918457, 66.4940261841, 1.54466772079, 25.5784759521, 9.79121208191, 45.7236022949, 117.654937744, 150.014434814, 65.0112533569, 33.8134307861, 17.2478885651, 10.873044014, 13.3972110748], [200.3253479, 33.5064315796, 24.9287128448, 50.9062805176, 49.8382453918, 55.4234848022, 42.9938697815, 65.0112533569, 137.883224487, 60.7921981812, 22.1208190918, 11.3728933334, 12.7022695541], [157.043914795, 7.03734016418, -7.82404327393, 51.4470977783, 37.9365501404, 20.3544311523, 32.522567749, 33.8134307861, 60.7921981812, 125.776351929, 50.2102508545, 10.0665454865, 17.2754917145], [54.994808197, 3.12482476234, 3.1942076683, 2.63878273964, 2.41273331642, 12.4671506882, 20.505821228, 17.2478885651, 22.1208190918, 50.2102508545, 88.1981964111, 38.4958572388, 13.5588111877], [-29.2419433594, 20.2066268921, 22.751537323, -0.737518489361, 8.42593002319, 13.8571186066, 10.5721092224, 10.873044014, 11.3728933334, 10.0665454865, 38.4958572388, 76.5451049805, 36.6237068176], [9.58865737915, 46.2337532043, 4.36016893387, 14.2282409668, 15.9394769669, 10.8569116592, 18.1566944122, 13.3972110748, 12.7022695541, 17.2754917145, 13.5588111877, 36.6237068176, 88.9146652222]],
