{
"lowlevel": {
    "average_loudness": 0.865135550499,
    "barkbands_crest": {
        "dmean": 1.34242260456,
        "dmean2": 1.92272627354,
        "dvar": 1.6778216362,
        "dvar2": 4.45654392242,
        "max": 25.2610435486,
        "mean": 12.2737960815,
        "median": 11.8586578369,
        "min": 4.412981987,
        "var": 12.8118991852
    },
    "barkbands_flatness_db": {
        "dmean": 0.0253563933074,
        "dmean2": 0.042405564338,
        "dvar": 0.000618619087618,
        "dvar2": 0.00179739773739,
        "max": 0.794915437698,
        "mean": 0.453036129475,
        "median": 0.388859272003,
        "min": 0.0732306092978,
        "var": 0.0194422509521
    },
    "barkbands_kurtosis": {
        "dmean": 3.07699322701,
        "dmean2": 5.25688266754,
        "dvar": 98.6378631592,
        "dvar2": 265.759490967,
        "max": 273.829528809,
        "mean": 4.36916160583,
        "median": 0.954674124718,
        "min": -1.98035812378,
        "var": 238.634841919
    },
    "barkbands_skewness": {
        "dmean": 0.343543976545,
        "dmean2": 0.539975047112,
        "dvar": 0.504787564278,
        "dvar2": 1.41298639774,
        "max": 13.811258316,
        "mean": -0.0862694308162,
        "median": -0.152914911509,
        "min": -13.3101177216,
        "var": 2.09108662605
    },
    "barkbands_spread": {
        "dmean": 0.77496689558,
        "dmean2": 1.25362026691,
        "dvar": 11.5849514008,
        "dvar2": 32.5643424988,
        "max": 87.1383666992,
        "mean": 3.82174992561,
        "median": 2.85637569427,
        "min": 0.141795352101,
        "var": 43.6685409546
    },
    "dissonance": {
        "dmean": 0.037515681237,
        "dmean2": 0.063958466053,
        "dvar": 0.00154192652553,
        "dvar2": 0.00402338430285,
        "max": 0.499992847443,
        "mean": 0.284906089306,
        "median": 0.284749895334,
        "min": 0.0063919913955,
        "var": 0.0159454252571
    },
    "dynamic_complexity": 3.77687644958,
    "erbbands_crest": {
        "dmean": 1.62282764912,
        "dmean2": 2.32791113853,
        "dvar": 2.60429978371,
        "dvar2": 6.54341650009,
        "max": 31.8512172699,
        "mean": 18.175786972,
        "median": 17.9487781525,
        "min": 3.05337977409,
        "var": 30.2335834503
    },
    "erbbands_flatness_db": {
        "dmean": 0.019948720932,
        "dmean2": 0.0333282127976,
        "dvar": 0.000433865847299,
        "dvar2": 0.00122886104509,
        "max": 0.6766102314,
        "mean": 0.435965895653,
        "median": 0.398110866547,
        "min": 0.0974371507764,
        "var": 0.0150788892061
    },
    "erbbands_kurtosis": {
        "dmean": 2.20621562004,
        "dmean2": 3.54647707939,
        "dvar": 53.7078170776,
        "dvar2": 138.571105957,
        "max": 403.958435059,
        "mean": 5.26421642303,
        "median": 3.05585670471,
        "min": -1.84458172321,
        "var": 165.717468262
    },
    "erbbands_skewness": {
        "dmean": 0.303235054016,
        "dmean2": 0.466808468103,
        "dvar": 0.238781526685,
        "dvar2": 0.64107221365,
        "max": 13.3324871063,
        "mean": -0.212333455682,
        "median": -0.328987658024,
        "min": -4.44117593765,
        "var": 2.05933833122
    },
    "erbbands_spread": {
        "dmean": 1.19841110706,
        "dmean2": 1.90678882599,
        "dvar": 27.1433353424,
        "dvar2": 78.8038330078,
        "max": 140.974761963,
        "mean": 5.85914754868,
        "median": 3.72310757637,
        "min": 0.379067152739,
        "var": 110.204406738
    },
    "hfc": {
        "dmean": 1.51288306713,
        "dmean2": 2.04078555107,
        "dvar": 3.04803848267,
        "dvar2": 7.16617250443,
        "max": 54.0853462219,
        "mean": 12.5435037613,
        "median": 11.8714332581,
        "min": 1.15221044782e-16,
        "var": 50.10572052
    },
    "melbands_crest": {
        "dmean": 1.40426182747,
        "dmean2": 1.98042619228,
        "dvar": 1.84870398045,
        "dvar2": 4.47128629684,
        "max": 32.7176589966,
        "mean": 13.0917062759,
        "median": 12.4054231644,
        "min": 2.23967623711,
        "var": 18.1903057098
    },
    "melbands_flatness_db": {
        "dmean": 0.0267585646361,
        "dmean2": 0.0454357415438,
        "dvar": 0.000866835645866,
        "dvar2": 0.00256876810454,
        "max": 0.885403096676,
        "mean": 0.559561431408,
        "median": 0.49107670784,
        "min": 0.00575292576104,
        "var": 0.0247418321669
    },
    "melbands_kurtosis": {
        "dmean": 1.51869642735,
        "dmean2": 2.42211222649,
        "dvar": 82.7140731812,
        "dvar2": 228.47416687,
        "max": 338.942321777,
        "mean": 2.43004465103,
        "median": -0.126038789749,
        "min": -1.89135575294,
        "var": 284.812713623
    },
    "melbands_skewness": {
        "dmean": 0.216592684388,
        "dmean2": 0.308917224407,
        "dvar": 0.20249466598,
        "dvar2": 0.573238551617,
        "max": 13.57330513,
        "mean": 0.122503578663,
        "median": 0.00295137683861,
        "min": -3.6598277092,
        "var": 1.41919016838
    },
    "melbands_spread": {
        "dmean": 1.26951265335,
        "dmean2": 2.10636878014,
        "dvar": 51.6472053528,
        "dvar2": 153.561004639,
        "max": 212.752471924,
        "mean": 6.88343858719,
        "median": 4.74913406372,
        "min": 0.25791952014,
        "var": 269.949523926
    },
    "pitch_salience": {
        "dmean": 0.0367893129587,
        "dmean2": 0.0553530715406,
        "dvar": 0.00124264112674,
        "dvar2": 0.0032233169768,
        "max": 0.988796412945,
        "mean": 0.545388162136,
        "median": 0.543733596802,
        "min": 0.178378209472,
        "var": 0.0125279417261
    },
    "silence_rate_20dB": {
        "dmean": 0,
        "dmean2": 0,
        "dvar": 0,
        "dvar2": 0,
        "max": 1,
        "mean": 1,
        "median": 1,
        "min": 1,
        "var": 0
    },
    "silence_rate_30dB": {
        "dmean": 0,
        "dmean2": 0,
        "dvar": 0,
        "dvar2": 0,
        "max": 1,
        "mean": 1,
        "median": 1,
        "min": 1,
        "var": 0
    },
    "silence_rate_60dB": {
        "dmean": 0.00130804441869,
        "dmean2": 0.00261627906002,
        "dvar": 0.00130645185709,
        "dvar2": 0.00290009053424,
        "max": 1,
        "mean": 0.0748437717557,
        "median": 0,
        "min": 0,
        "var": 0.0692542791367
    },
    "spectral_centroid": {
        "dmean": 31.7518081665,
        "dmean2": 48.3945007324,
        "dvar": 35414.796875,
        "dvar2": 89435.796875,
        "max": 11017.4853516,
        "mean": 526.529541016,
        "median": 458.351989746,
        "min": 209.22088623,
        "var": 330050.21875
    },
    "spectral_complexity": {
        "dmean": 0.703437268734,
        "dmean2": 1.23844480515,
        "dvar": 0.659607768059,
        "dvar2": 1.64286231995,
        "max": 15,
        "mean": 7.11509943008,
        "median": 7,
        "min": 0,
        "var": 7.79941368103
    },
    "spectral_decrease": {
        "dmean": 1.00554253812e-09,
        "dmean2": 1.41180567237e-09,
        "dvar": 1.54955630412e-18,
        "dvar2": 4.01820725572e-18,
        "max": 1.98524495454e-11,
        "mean": -7.64208252235e-09,
        "median": -6.97694479967e-09,
        "min": -2.84097811942e-08,
        "var": 2.08496498222e-17
    },
    "spectral_energy": {
        "dmean": 0.0039233234711,
        "dmean2": 0.00550154596567,
        "dvar": 2.34296894632e-05,
        "dvar2": 6.07444781053e-05,
        "max": 0.109959572554,
        "mean": 0.0299806464463,
        "median": 0.0274491459131,
        "min": 1.07458136726e-20,
        "var": 0.000318053236697
    },
    "spectral_energyband_high": {
        "dmean": 2.84627617475e-06,
        "dmean2": 5.4133993217e-06,
        "dvar": 2.63911725806e-10,
        "dvar2": 7.7805889509e-10,
        "max": 0.000393317081034,
        "mean": 2.95496101899e-06,
        "median": 8.76002843597e-07,
        "min": 7.50246595575e-21,
        "var": 1.47515152871e-10
    },
    "spectral_energyband_low": {
        "dmean": 0.000935148680583,
        "dmean2": 0.00114285433665,
        "dvar": 1.66338816143e-06,
        "dvar2": 3.58290185432e-06,
        "max": 0.0131059112027,
        "mean": 0.00234729470685,
        "median": 0.000247006159043,
        "min": 6.0478570346e-23,
        "var": 8.7831476776e-06
    },
    "spectral_energyband_middle_high": {
        "dmean": 8.51887671161e-05,
        "dmean2": 0.00012543797493,
        "dvar": 3.80012288304e-08,
        "dvar2": 8.31532389611e-08,
        "max": 0.00798196159303,
        "mean": 0.000242440524744,
        "median": 2.98967352137e-05,
        "min": 1.93931363702e-21,
        "var": 1.61965346024e-07
    },
    "spectral_energyband_middle_low": {
        "dmean": 0.00358585477807,
        "dmean2": 0.00507216528058,
        "dvar": 1.9844253984e-05,
        "dvar2": 5.41436420463e-05,
        "max": 0.103328943253,
        "mean": 0.0275582354516,
        "median": 0.0256361439824,
        "min": 3.24660009569e-22,
        "var": 0.000255010003457
    },
    "spectral_entropy": {
        "dmean": 0.0970607623458,
        "dmean2": 0.159886449575,
        "dvar": 0.0187725815922,
        "dvar2": 0.0513785853982,
        "max": 9.80689620972,
        "mean": 5.02216005325,
        "median": 5.08372020721,
        "min": 3.36075758934,
        "var": 0.730083048344
    },
    "spectral_flux": {
        "dmean": 0.00794202368706,
        "dmean2": 0.0128991045058,
        "dvar": 6.96818387951e-05,
        "dvar2": 0.000173113454366,
        "max": 0.16369381547,
        "mean": 0.0338727347553,
        "median": 0.0294977538288,
        "min": 1.03662016471e-10,
        "var": 0.000507496937644
    },
    "spectral_kurtosis": {
        "dmean": 67.1629486084,
        "dmean2": 117.220863342,
        "dvar": 8507.89257812,
        "dvar2": 25586.8398438,
        "max": 887.094299316,
        "mean": 177.243835449,
        "median": 105.834411621,
        "min": -1.19003355503,
        "var": 24589.9003906
    },
    "spectral_rms": {
        "dmean": 0.000324503344018,
        "dmean2": 0.000447312020697,
        "dvar": 1.22514137502e-07,
        "dvar2": 3.10408381665e-07,
        "max": 0.010357491672,
        "mean": 0.00506590399891,
        "median": 0.00517490599304,
        "min": 3.23785746478e-12,
        "var": 3.58585612048e-06
    },
    "spectral_rolloff": {
        "dmean": 75.7000656128,
        "dmean2": 138.816467285,
        "dvar": 709123.8125,
        "dvar2": 1944065.375,
        "max": 19853.6132812,
        "mean": 1024.44897461,
        "median": 602.9296875,
        "min": 172.265625,
        "var": 7508103.5
    },
    "spectral_skewness": {
        "dmean": 1.90869808197,
        "dmean2": 3.31698679924,
        "dvar": 4.43766021729,
        "dvar2": 13.2195243835,
        "max": 25.8131980896,
        "mean": 10.4679765701,
        "median": 8.37825012207,
        "min": -0.0537797063589,
        "var": 31.0865020752
    },
    "spectral_spread": {
        "dmean": 408021.28125,
        "dmean2": 716101.3125,
        "dvar": 568246927360,
        "dvar2": 1.43076006298e+12,
        "max": 40339544,
        "mean": 1555145.125,
        "median": 1014539.1875,
        "min": 132178.984375,
        "var": 8.06463209472e+12
    },
    "spectral_strongpeak": {
        "dmean": 0.305850833654,
        "dmean2": 0.482846826315,
        "dvar": 0.226584494114,
        "dvar2": 0.543656945229,
        "max": 6.74865722656,
        "mean": 1.93789231777,
        "median": 2.15832066536,
        "min": 6.91195711777e-10,
        "var": 1.16200900078
    },
    "zerocrossingrate": {
        "dmean": 0.00190529390238,
        "dmean2": 0.00247366260737,
        "dvar": 3.60030462616e-05,
        "dvar2": 3.78621189157e-05,
        "max": 0.705078125,
        "mean": 0.0356478653848,
        "median": 0.0224609375,
        "min": 0.0068359375,
        "var": 0.00729666557163
    },
    "barkbands": {
        "dmean": [8.67259677761e-06, 0.00041637007962, 0.000471297767945, 0.00026566995075, 0.00126615725458, 0.00195881142281, 0.000800482579507, 0.00101732090116, 0.00097926647868, 3.22590494761e-05, 3.88982189179e-05, 3.42066869052e-06, 2.30831683439e-05, 5.17165699421e-06, 2.10512189369e-05, 3.94179460272e-06, 3.76870661967e-06, 1.45086607972e-06, 4.49237091971e-07, 8.98727307685e-07, 2.41031472115e-07, 1.00428643179e-07, 3.95465420411e-08, 9.25344707525e-08, 1.17297453528e-07, 8.41112807848e-07, 1.65614130765e-06],
        "dmean2": [1.63989934663e-05, 0.000471990264487, 0.000611269730143, 0.000299916340737, 0.00133296626154, 0.00353466998786, 0.000995248788968, 0.00120829686057, 0.000987123581581, 4.68613143312e-05, 5.58989595447e-05, 5.75564945393e-06, 3.48281755578e-05, 8.72334749147e-06, 3.28444693878e-05, 6.56720021652e-06, 6.23730647931e-06, 2.42272813011e-06, 7.63726177411e-07, 1.54659062446e-06, 4.15542132259e-07, 1.70157463231e-07, 6.74622526731e-08, 1.63694153343e-07, 2.20761805281e-07, 1.62401158832e-06, 3.20337380799e-06],
        "dvar": [6.45416997624e-10, 4.93447259942e-07, 6.13056727161e-07, 2.83343268848e-07, 4.24916379416e-06, 1.33523217301e-05, 1.18146931527e-06, 1.93435198526e-06, 2.03062995752e-06, 8.50759462878e-09, 1.19802319176e-08, 1.79731909911e-10, 5.38843680786e-09, 3.32113503365e-10, 1.29128512327e-08, 1.52960782929e-10, 7.92666488003e-11, 8.48568697948e-12, 1.01954545067e-12, 1.310138803e-11, 7.22757032175e-13, 1.16474253744e-13, 8.10319066485e-15, 7.41673432739e-14, 1.04531390054e-12, 6.22101051229e-11, 1.21888776849e-10],
        "dvar2": [1.85004478404e-09, 9.04817284209e-07, 1.32179434331e-06, 5.03925605244e-07, 4.9131376727e-06, 4.86239950988e-05, 1.74203159986e-06, 2.40965005105e-06, 2.0948762085e-06, 1.81939014965e-08, 2.52285214941e-08, 4.71378547307e-10, 1.1176297221e-08, 9.0300428246e-10, 3.03189651163e-08, 4.0601555451e-10, 2.00152075469e-10, 2.20886087199e-11, 2.85735649551e-12, 3.87536669422e-11, 2.17028391786e-12, 3.35232465702e-13, 2.2579486024e-14, 2.18578722288e-13, 3.10666444826e-12, 1.84486870225e-10, 3.60715568526e-10],
        "max": [0.000333381467499, 0.00858163647354, 0.00886342674494, 0.01570988819, 0.0865969657898, 0.0458903685212, 0.0337669625878, 0.0749741569161, 0.0678674802184, 0.00396980857477, 0.00522503256798, 0.000704117701389, 0.00315953046083, 0.000631213421002, 0.00742096547037, 0.000382238620659, 0.000241462475969, 0.00010564240074, 2.99568873743e-05, 9.09163209144e-05, 2.92409786198e-05, 1.50836704051e-05, 2.755595915e-06, 6.32018054603e-06, 5.58147330594e-05, 0.000307655107463, 0.000249602191616],
        "mean": [5.25118275618e-06, 0.001034214627, 0.00114653643686, 0.000797531509306, 0.00743687385693, 0.00414576148614, 0.00299434876069, 0.00692913495004, 0.00523898098618, 6.59905199427e-05, 8.26009272714e-05, 4.34355024481e-06, 3.82252437703e-05, 7.47022477299e-06, 3.30521688738e-05, 6.05638661e-06, 6.53879351376e-06, 2.6690931918e-06, 1.01117939266e-06, 1.41305235957e-06, 5.02096668242e-07, 2.3290905915e-07, 9.16732858514e-08, 1.71102200852e-07, 1.20540406101e-07, 5.60401929306e-07, 1.06110178422e-06],
        "median": [1.6832945704e-08, 5.71008094994e-05, 8.73675598996e-05, 7.99724803073e-05, 0.00517718866467, 0.00227474374697, 0.00189637043513, 0.00597326876596, 0.00223297299817, 1.44409441418e-05, 1.97366466637e-06, 1.41839024081e-07, 5.76822287712e-07, 1.99614262897e-07, 4.60722930029e-07, 1.83178741509e-07, 1.57948534252e-07, 9.43616029758e-08, 4.38385008295e-08, 3.41317623054e-08, 2.97712379194e-08, 2.28065832886e-08, 2.06367118949e-08, 3.47250974642e-08, 4.44437695535e-08, 1.25406756979e-07, 2.0065229478e-07],
        "min": [7.06296040754e-24, 4.61945965154e-23, 9.78289048873e-24, 2.84082577593e-24, 6.56373798782e-23, 4.5103627127e-23, 8.69873827852e-23, 2.18604069568e-23, 9.99436910906e-23, 1.03321322119e-22, 1.00000097801e-22, 5.93465991232e-23, 1.30924644354e-22, 1.21195793204e-22, 9.61211298903e-23, 4.43467359144e-22, 1.13159055006e-22, 2.58822864866e-22, 3.80884764235e-22, 2.93617260098e-22, 4.0017989808e-22, 4.32991892167e-22, 6.47343752176e-22, 9.67688124613e-22, 9.18948486113e-22, 1.7432653695e-21, 2.37512068977e-21],
        "var": [3.86205178948e-10, 3.07736627292e-06, 3.10748487209e-06, 2.55446798292e-06, 5.20430185134e-05, 2.71525423159e-05, 1.174611225e-05, 4.38302413386e-05, 4.82843606733e-05, 2.96108648712e-08, 4.06543279041e-08, 2.70228339705e-10, 1.47739056544e-08, 5.81815373657e-10, 2.93210451474e-08, 2.53537024708e-10, 1.83541667975e-10, 2.27237412914e-11, 3.37404561755e-12, 2.26356277472e-11, 2.15020948095e-12, 4.24289401356e-13, 3.47264026616e-14, 1.47007677299e-13, 5.48402035588e-13, 3.21810147974e-11, 6.36685149047e-11]
    },
    "erbbands": {
        "dmean": [0.00345336296596, 0.125481545925, 0.56756490469, 0.564298331738, 1.83269095421, 5.77948379517, 7.04295921326, 20.5511112213, 11.9699907303, 19.3841533661, 11.3879203796, 27.3247108459, 1.57633209229, 1.11741793156, 1.57192802429, 0.24188092351, 1.15497291088, 0.290879994631, 0.200117692351, 1.45061290264, 0.167212232947, 0.155204936862, 0.0903854295611, 0.0527444891632, 0.018819173798, 0.0524017028511, 0.00571847707033, 0.011910719797, 0.00460502831265, 0.00229085353203, 0.0013456644956, 0.00256699929014, 0.000791190250311, 0.000888462469447, 0.001152562676, 0.00194021931384, 0.00184900732711, 0.000930952024646, 0.00025398330763, 2.51330038736e-05],
        "dmean2": [0.00447946740314, 0.141860380769, 0.686882317066, 0.739195048809, 2.08826470375, 6.15548181534, 11.1739091873, 37.7492713928, 14.2212219238, 22.4951896667, 14.6472272873, 27.8062324524, 1.77975285053, 1.65391945839, 2.29721784592, 0.361268281937, 1.74896585941, 0.486197561026, 0.324153393507, 2.26771187782, 0.265464574099, 0.257920861244, 0.150605291128, 0.0878179296851, 0.032148655504, 0.0902728065848, 0.00972572900355, 0.0207059569657, 0.00782056897879, 0.00387796876021, 0.00231106881984, 0.00450835051015, 0.00142745720223, 0.00163301592693, 0.00219675689004, 0.00375267677009, 0.00357579765841, 0.00179842358921, 0.000491989019793, 4.66191522719e-05],
        "dvar": [4.06657018175e-05, 0.0397683866322, 0.67788875103, 0.72360855341, 9.92363357544, 92.2737960815, 127.136100769, 1529.20141602, 256.826843262, 694.983947754, 209.935760498, 1603.9864502, 5.16437482834, 11.909078598, 23.7642993927, 0.467843204737, 13.7567253113, 0.961871564388, 0.353310704231, 63.3810310364, 0.376248091459, 0.138859152794, 0.0328826569021, 0.0213225837797, 0.00248913117684, 0.0451752133667, 0.000328724418068, 0.0019324994646, 0.000237119267695, 4.86166463816e-05, 1.05361968963e-05, 6.37954144622e-05, 9.23426978261e-06, 2.73984096566e-05, 0.000134085392347, 0.000526850111783, 0.000330956187099, 4.94729538332e-05, 3.82005009669e-06, 2.38762503102e-08],
        "dvar2": [9.36198921409e-05, 0.0741946324706, 1.41081345081, 1.63276875019, 13.934715271, 109.119598389, 366.325012207, 5691.91503906, 346.033508301, 870.055297852, 364.159362793, 1752.66967773, 7.43392467499, 26.0419654846, 52.9844970703, 1.02516567707, 28.8886756897, 2.59120869637, 0.876070976257, 147.145065308, 0.851049304008, 0.352717846632, 0.0849734097719, 0.0545483715832, 0.00722822872922, 0.133563697338, 0.0009369852487, 0.00576617056504, 0.000696829287335, 0.00012832901848, 3.00907340716e-05, 0.000189049867913, 2.7055877581e-05, 8.11034187791e-05, 0.000398745120037, 0.00156626023818, 0.000980809796602, 0.000146115402458, 1.13329451779e-05, 7.08362861701e-08],
        "max": [0.078996129334, 2.42793679237, 8.86211490631, 21.1913280487, 104.333106995, 418.208282471, 256.949829102, 458.818267822, 535.514709473, 1475.19116211, 630.708862305, 1876.99914551, 89.7925262451, 159.421539307, 269.617553711, 32.649105072, 157.165527344, 34.1005706787, 29.4182624817, 514.993896484, 37.4199752808, 10.6705188751, 4.64910984039, 6.81455659866, 1.18723881245, 5.46389961243, 0.649305522442, 1.52578556538, 0.531024217606, 0.387801110744, 0.115453548729, 0.200548380613, 0.0811715647578, 0.308342963457, 0.573901176453, 1.07299625874, 0.770565986633, 0.186234921217, 0.0533463507891, 0.00564047181979],
        "mean": [0.00747449835762, 0.31513941288, 1.43162691593, 1.56082463264, 7.23528671265, 31.2857913971, 31.1666469574, 40.804561615, 48.8912391663, 99.6934509277, 124.223014832, 151.834213257, 8.10274124146, 2.81683039665, 3.33604979515, 0.50511610508, 1.9191660881, 0.484029114246, 0.362751364708, 2.29649996758, 0.336886882782, 0.274484783411, 0.190862178802, 0.123441949487, 0.044511411339, 0.081489533186, 0.0154066924006, 0.0216741710901, 0.0110407294706, 0.00621423590928, 0.00320250284858, 0.00465024728328, 0.00130668224301, 0.00115754385479, 0.00102824904025, 0.00137109053321, 0.00122850120533, 0.000612043077126, 0.000174657412572, 4.7549365263e-05],
        "median": [0.000451735540992, 0.016910135746, 0.0948878452182, 0.495181679726, 2.13743758202, 21.6750411987, 22.2367172241, 22.8024597168, 32.7972717285, 56.0915756226, 78.9363708496, 73.3344726562, 4.61126327515, 0.981325387955, 0.165204495192, 0.0273547805846, 0.0297301188111, 0.0150204570964, 0.0118037471548, 0.0350150689483, 0.0104202777147, 0.00795596279204, 0.00605918513611, 0.00421693455428, 0.00205615907907, 0.00193944713101, 0.000991038512439, 0.00127464765683, 0.000924616702832, 0.000772631843574, 0.000682125624735, 0.000739096372854, 0.000446374295279, 0.000414173817262, 0.0003691338934, 0.000347510183929, 0.000266670249403, 0.000131352149765, 4.52524182037e-05, 3.56016644218e-05],
        "min": [1.9561799628e-21, 7.07064294088e-21, 1.49595080636e-20, 9.82498635961e-21, 3.46561567108e-20, 2.51143769596e-19, 3.3861145023e-19, 5.32875954461e-19, 1.20031289468e-18, 1.03348979708e-18, 5.92380380897e-19, 2.61122804128e-18, 1.36204666017e-18, 4.58465392175e-18, 4.21461632908e-18, 2.99506011143e-18, 5.87138837209e-18, 6.73101059467e-18, 4.96966472427e-18, 1.03484405718e-17, 2.14093632381e-17, 8.3326742109e-18, 1.40512707433e-17, 1.52099357146e-17, 1.80784177535e-17, 1.61716671799e-17, 1.55556839757e-17, 1.47105518895e-17, 1.65632974953e-17, 1.47301180197e-17, 2.20293020199e-17, 2.07154745094e-17, 1.49434462453e-17, 1.06696513473e-17, 6.57814058644e-18, 6.14289717327e-18, 3.31214697795e-18, 1.33975455625e-18, 3.03639029413e-19, 3.63099589427e-20],
        "var": [0.000175208362634, 0.243721529841, 3.69189095497, 4.84208536148, 109.718009949, 995.310302734, 773.524291992, 2513.28466797, 2788.57226562, 13799.5595703, 11771.5986328, 35784.6484375, 88.3355712891, 43.4107475281, 73.3906173706, 1.38484537601, 36.8895721436, 1.95068597794, 0.802505970001, 145.171401978, 0.95961368084, 0.320578068495, 0.0955534949899, 0.0736789479852, 0.00769382016733, 0.0770354270935, 0.00160411722027, 0.00434445450082, 0.00099011848215, 0.000262414163444, 4.18280869781e-05, 0.000125186459627, 8.34129059513e-06, 1.60987474374e-05, 6.9233305112e-05, 0.000270739023108, 0.00017142847355, 2.58859163296e-05, 1.97547751668e-06, 1.28964217083e-08]
    },
    "gfcc": {
        "mean": [-218.503417969, 187.02406311, -25.7041053772, -60.4726409912, -87.6822280884, -49.2254867554, -33.6680412292, 3.2686650753, -8.8947687149, -8.3900308609, -21.3526420593, -9.63828372955, -11.5426664352],
        "cov": [[18281.7753906, 5142.18457031, -4109.18701172, 3924.77880859, 3399.76049805, 1115.48364258, -180.643707275, -574.382263184, 164.145339966, -261.80960083, 362.603881836, -113.924133301, -135.091781616], [5142.18457031, 3598.01708984, 36.7495498657, 104.70224762, 422.496063232, 44.5531845093, -49.7906074524, -260.997955322, -131.813781738, -288.050476074, -6.21394538879, -80.4602050781, -24.9431972504], [-4109.18701172, 36.7495498657, 2408.78833008, -1760.70678711, -1506.86523438, -524.571533203, 13.521437645, 89.9800262451, -194.912612915, -66.3600311279, -226.609680176, -18.6865348816, 18.3066940308], [3924.77880859, 104.70224762, -1760.70678711, 1941.01867676, 1477.72851562, 557.525085449, -3.62625694275, -91.0345153809, 170.15914917, 102.403488159, 215.428970337, 17.4758758545, -36.9380874634], [3399.76049805, 422.496063232, -1506.86523438, 1477.72851562, 1483.89855957, 532.001831055, -11.9585981369, -78.56615448, 111.44026947, 68.4344787598, 197.53012085, 59.3540267944, -51.7285957336], [1115.48364258, 44.5531845093, -524.571533203, 557.525085449, 532.001831055, 307.808197021, 42.8160438538, -12.8239679337, 24.9797458649, 23.9334411621, 77.4822540283, 32.1050376892, -14.4830503464], [-180.643707275, -49.7906074524, 13.521437645, -3.62625694275, -11.9585981369, 42.8160438538, 94.1677627563, 34.3146018982, -8.62432575226, -19.5850524902, 1.99443078041, 2.74293637276, 7.04654407501], [-574.382263184, -260.997955322, 89.9800262451, -91.0345153809, -78.56615448, -12.8239679337, 34.3146018982, 86.6373901367, 20.3429489136, 11.9821882248, -15.6764554977, 7.87518119812, 2.46981024742], [164.145339966, -131.813781738, -194.912612915, 170.15914917, 111.44026947, 24.9797458649, -8.62432575226, 20.3429489136, 94.9233169556, 46.5242424011, 24.6427783966, -16.9781723022, -4.62287759781], [-261.80960083, -288.050476074, -66.3600311279, 102.403488159, 68.4344787598, 23.9334411621, -19.5850524902, 11.9821882248, 46.5242424011, 104.967643738, 34.2651138306, 7.22653770447, -17.3981628418], [362.603881836, -6.21394538879, -226.609680176, 215.428970337, 197.53012085, 77.4822540283, 1.99443078041, -15.6764554977, 24.6427783966, 34.2651138306, 101.769920349, 34.0808830261, -23.307762146], [-113.924133301, -80.4602050781, -18.6865348816, 17.4758758545, 59.3540267944, 32.1050376892, 2.74293637276, 7.87518119812, -16.9781723022, 7.22653770447, 34.0808830261, 69.4374389648, 0.694837927818], [-135.091781616, -24.9431972504, 18.3066940308, -36.9380874634, -51.7285957336, -14.4830503464, 7.04654407501, 2.46981024742, -4.62287759781, -17.3981628418, -23.307762146, 0.694837927818, 46.9901924133]],
        "icov": [[0.00042035599472, -0.000628533016425, 0.000511785852723, -0.000708937295713, 0.000526511517819, -0.000364909734344, 0.000632988288999, -0.000144137986354, 4.99822381244e-05, 0.000172527128598, 0.000547067262232, -0.000295154284686, 0.000842476845719], [-0.000628533016425, 0.00157948688138, -0.00114236411173, 0.00131134840194, -0.00166828150395, 0.000854081823491, -0.00101949693635, 0.00171594810672, -0.000384108163416, 0.00157797755674, -0.00128012930509, 0.00141962629277, -0.00111274269875], [0.000511785852723, -0.00114236411173, 0.00238732458092, -0.00034413303365, 0.00201956066303, -0.000841074215714, 0.000720408163033, -0.00116913113743, 0.00140138890129, -0.0016550271539, 0.00182645325549, -0.0013901341008, 0.00203335075639], [-0.000708937295713, 0.00131134840194, -0.00034413303365, 0.00426256703213, -0.00299780629575, -0.00025191277382, -0.00144185777754, 0.00180453551002, -0.00127857760526, -0.000419947842602, -0.00171379395761, 0.00231726747006, -0.00227921479382], [0.000526511517819, -0.00166828150395, 0.00201956066303, -0.00299780629575, 0.00660824682564, -0.00440722284839, 0.00276730302721, -0.0017998709809, 2.32741513173e-05, -0.00134177831933, 0.00163193326443, -0.00397760467604, 0.0034544384107], [-0.000364909734344, 0.000854081823491, -0.000841074215714, -0.00025191277382, -0.00440722284839, 0.0120230671018, -0.00615651719272, 0.00041197653627, 0.00249578082003, -0.000916789576877, -0.000920361606404, -0.00019728593179, -0.00125796464272], [0.000632988288999, -0.00101949693635, 0.000720408163033, -0.00144185777754, 0.00276730302721, -0.00615651719272, 0.0189179591835, -0.00928696151823, 0.00306787551381, 0.00424009887502, -0.00376133294776, 0.00336975720711, -0.00137919711415], [-0.000144137986354, 0.00171594810672, -0.00116913113743, 0.00180453551002, -0.0017998709809, 0.00041197653627, -0.00928696151823, 0.0246863495559, -0.0105906305835, 0.00209227507003, 0.00596063444391, -0.00586855970323, 0.0033873016946], [4.99822381244e-05, -0.000384108163416, 0.00140138890129, -0.00127857760526, 2.32741513173e-05, 0.00249578082003, 0.00306787551381, -0.0105906305835, 0.0235145874321, -0.00762937124819, -0.00517386524007, 0.00936430227011, -0.00393597455695], [0.000172527128598, 0.00157797755674, -0.0016550271539, -0.000419947842602, -0.00134177831933, -0.000916789576877, 0.00424009887502, 0.00209227507003, -0.00762937124819, 0.0206549819559, -0.00433015171438, 0.0010092894081, 0.00387703604065], [0.000547067262232, -0.00128012930509, 0.00182645325549, -0.00171379395761, 0.00163193326443, -0.000920361606404, -0.00376133294776, 0.00596063444391, -0.00517386524007, -0.00433015171438, 0.0237178392708, -0.0137198548764, 0.0104530733079], [-0.000295154284686, 0.00141962629277, -0.0013901341008, 0.00231726747006, -0.00397760467604, -0.00019728593179, 0.00336975720711, -0.00586855970323, 0.00936430227011, 0.0010092894081, -0.0137198548764, 0.0276300050318, -0.00828705914319], [0.000842476845719, -0.00111274269875, 0.00203335075639, -0.00227921479382, 0.0034544384107, -0.00125796464272, -0.00137919711415, 0.0033873016946, -0.00393597455695, 0.00387703604065, 0.0104530733079, -0.00828705914319, 0.0303280930966]]
    },
    "melbands": {
        "dmean": [7.17604998499e-05, 0.000257064617472, 0.000131995562697, 0.000267387775239, 0.000265706126811, 0.000423101853812, 0.000179533715709, 0.000235898114624, 0.000109334701847, 0.000147478378494, 2.50930725088e-06, 4.68993857794e-06, 5.77837499804e-06, 1.28317776671e-06, 2.12309214476e-06, 1.49082040934e-06, 6.26390487923e-07, 2.34931107457e-07, 1.34805770813e-06, 1.33771243327e-06, 9.09021835582e-08, 1.28971194613e-07, 2.10860378047e-07, 9.97401841119e-08, 4.04306241819e-08, 1.41734153303e-08, 3.0994616651e-08, 3.09733998449e-08, 3.24549054298e-09, 2.84936918504e-09, 1.07725552922e-08, 1.96058169699e-09, 2.90367285771e-09, 1.0356510094e-09, 8.10108868876e-10, 1.7228166671e-09, 1.26603649786e-09, 5.1991833061e-10, 6.1758337333e-10, 8.55979509495e-10],
        "dmean2": [8.45024333103e-05, 0.000305734254653, 0.000161051561008, 0.000289123388939, 0.000384885730455, 0.00077043811325, 0.000214502491872, 0.000272813165793, 0.000126940460177, 0.000151283849846, 3.54030794369e-06, 6.970305094e-06, 8.26415634947e-06, 2.03371405405e-06, 3.18069601235e-06, 2.27570080824e-06, 1.05873584744e-06, 3.88939440654e-07, 2.12056283999e-06, 2.09685344998e-06, 1.48810755718e-07, 2.13792034742e-07, 3.49057643234e-07, 1.68182197058e-07, 6.77227021129e-08, 2.43785329701e-08, 5.33284278958e-08, 5.34066799673e-08, 5.44201439467e-09, 4.88016471678e-09, 1.87400956975e-08, 3.33105254491e-09, 4.95031082792e-09, 1.75648928735e-09, 1.38625910751e-09, 3.01925062729e-09, 2.22940310657e-09, 9.33906396661e-10, 1.13059062112e-09, 1.56196622303e-09],
        "dvar": [1.61058153481e-08, 1.23705092392e-07, 4.43769891945e-08, 2.2384399756e-07, 1.68766689512e-07, 6.3559531327e-07, 6.0026017934e-08, 1.04988288285e-07, 1.84879898057e-08, 4.68798724285e-08, 3.72285605121e-11, 2.26556273741e-10, 2.51923093497e-10, 3.05652135546e-11, 4.41345744673e-11, 2.33106849795e-11, 4.94358243577e-12, 4.23002995478e-13, 5.62543796268e-11, 4.41216334301e-11, 5.99686248467e-14, 9.46584119681e-14, 2.59146843524e-13, 3.43194507643e-14, 1.62208164652e-14, 1.40728097324e-15, 1.53030274677e-14, 1.49332196592e-14, 1.01396547258e-16, 1.19894032908e-16, 1.6253988393e-15, 3.69622215648e-17, 1.13163641458e-16, 7.85913068101e-18, 4.62226086112e-18, 2.96886503851e-17, 1.42689234692e-17, 4.14500411745e-18, 7.41628713237e-18, 2.43392601288e-17],
        "dvar2": [3.14252872613e-08, 2.58407595766e-07, 8.62790443534e-08, 2.62110717131e-07, 4.10109578297e-07, 2.35096445067e-06, 8.29443678185e-08, 1.28001403255e-07, 2.42747049128e-08, 5.22980130313e-08, 7.11019645938e-11, 4.93417584568e-10, 5.22584198137e-10, 7.23760565369e-11, 8.93792401202e-11, 5.0222864062e-11, 1.33887154835e-11, 1.07337240225e-12, 1.35287253622e-10, 9.93918142234e-11, 1.47226089826e-13, 2.4060191773e-13, 6.53421544303e-13, 9.32441244442e-14, 4.14720714096e-14, 4.18351774935e-15, 4.53193763712e-14, 4.41167183351e-14, 2.70840081904e-16, 3.45349811565e-16, 4.83933089117e-15, 1.07555978945e-16, 3.27318253593e-16, 2.08660031829e-17, 1.27396137547e-17, 8.7981054151e-17, 4.22138489988e-17, 1.21237844061e-17, 2.1749738134e-17, 7.20574567824e-17],
        "max": [0.00154621084221, 0.00329920998774, 0.00590287242085, 0.0193867292255, 0.00934144388884, 0.00959381926805, 0.00794245954603, 0.0181320942938, 0.00555764324963, 0.0100884428248, 0.000209142526728, 0.000685726350639, 0.000710685912054, 0.000346459186403, 0.000293388206046, 0.000204222786124, 7.81857888796e-05, 2.45330902544e-05, 0.000482791598188, 0.000426512327977, 8.87708392838e-06, 7.8998191384e-06, 1.51267131514e-05, 3.2211303278e-06, 6.02535783401e-06, 1.00622230548e-06, 2.89261015496e-06, 3.20116123476e-06, 3.56812847713e-07, 4.27302381922e-07, 1.35639311338e-06, 1.99043967086e-07, 4.60233934518e-07, 1.19482294281e-07, 6.22768681069e-08, 1.42780677947e-07, 9.53754764055e-08, 6.9126755875e-08, 7.81941054129e-08, 3.02844739508e-07],
        "mean": [0.000172815081896, 0.00064995494904, 0.000400943332352, 0.00134892493952, 0.0013729755301, 0.0008651597891, 0.000702017277945, 0.00122549675871, 0.00110574043356, 0.000783066730946, 4.91510309075e-06, 9.9787612271e-06, 1.23855979837e-05, 1.84927193914e-06, 3.50883169631e-06, 2.45897626883e-06, 8.82191898199e-07, 3.88130644069e-07, 2.1273888251e-06, 2.1418381948e-06, 1.81044057967e-07, 2.33760459878e-07, 3.21660991176e-07, 1.6446838913e-07, 8.91786910984e-08, 2.99286533334e-08, 4.81492996585e-08, 4.87862088505e-08, 8.31557933623e-09, 5.31961585892e-09, 1.75642753675e-08, 4.62193172623e-09, 6.13280626283e-09, 2.51863130352e-09, 1.61903790374e-09, 2.94378943444e-09, 2.3630279955e-09, 8.06119004881e-10, 7.5062855931e-10, 1.10442388568e-09],
        "median": [9.82003530225e-06, 3.93209629692e-05, 0.000126623752294, 0.000774507643655, 0.00103614793625, 0.000490617123432, 0.000449165701866, 0.000708222854882, 0.000837354338728, 0.000339679507306, 7.43366797451e-07, 2.31815238294e-06, 2.92415222702e-07, 7.55362279392e-08, 5.66153950388e-08, 4.23476791411e-08, 2.18521201134e-08, 1.19500249696e-08, 3.17490140844e-08, 3.96728765395e-08, 6.30560137438e-09, 7.08177383402e-09, 7.25845827887e-09, 5.01717867252e-09, 2.84765877545e-09, 1.3614147587e-09, 1.14554943309e-09, 1.17564724622e-09, 5.52287326983e-10, 4.29007107616e-10, 8.35186142467e-10, 4.44972753089e-10, 4.90062934677e-10, 3.74712816331e-10, 3.340217547e-10, 3.94216437272e-10, 4.26586044266e-10, 2.75228007052e-10, 2.75352546319e-10, 3.52181422913e-10],
        "min": [1.3361060214e-23, 8.82506662166e-24, 2.32730572562e-24, 8.05916235764e-24, 1.43588525077e-23, 1.2351456306e-23, 1.71125639795e-23, 9.39674307562e-24, 6.45968139685e-24, 1.59484293198e-23, 6.96509274591e-24, 1.91243012827e-23, 1.46764889289e-23, 8.22619497685e-24, 1.09491432399e-23, 1.12916524454e-23, 1.33381627374e-23, 7.20990152835e-24, 7.59408783325e-24, 2.42872649565e-23, 2.54765390354e-23, 7.50105273353e-24, 9.16765707988e-24, 1.42049189238e-23, 1.16272157307e-23, 1.51712167348e-23, 9.79848390224e-24, 1.1190987483e-23, 8.10911697446e-24, 1.14197831779e-23, 7.46512011929e-24, 9.22741566004e-24, 8.09032788542e-24, 8.03294929862e-24, 1.40505404224e-23, 1.07675711253e-23, 1.3227980957e-23, 1.175778641e-23, 6.4045869568e-24, 1.04501366525e-23],
        "var": [9.17066245165e-08, 6.76066179039e-07, 3.73037494228e-07, 2.48997957897e-06, 1.39225778639e-06, 1.13896794574e-06, 6.30401530088e-07, 2.06051913665e-06, 7.48466618461e-07, 1.05666333639e-06, 1.18726112275e-10, 7.76372299782e-10, 8.8875368176e-10, 6.16341144788e-11, 1.25143367891e-10, 6.01689878477e-11, 8.74247983035e-12, 8.03839416905e-13, 1.25355698044e-10, 1.03274402918e-10, 1.37848540633e-13, 2.25098084161e-13, 5.39158453126e-13, 6.9432564624e-14, 5.24397386137e-14, 3.7712998482e-15, 2.55657227024e-14, 2.61653017503e-14, 5.17330931189e-16, 2.69261344839e-16, 3.16892389743e-15, 1.48606411647e-16, 3.66936684454e-16, 3.64256030317e-17, 1.28772921774e-17, 5.6115284246e-17, 2.87466240163e-17, 3.62653268618e-18, 4.78603021469e-18, 1.47946099833e-17]
    },
    "mfcc": {
        "mean": [-874.743225098, 224.93447876, 67.095085144, 15.3445053101, -27.7344551086, -47.2831878662, -37.9236030579, -15.528717041, -4.75221776962, 0.0361836887896, 0.738953113556, -2.18189501762, -5.87645721436],
        "cov": [[10648.0800781, 3711.75415039, -2997.61206055, 1023.25811768, 2286.49804688, 1879.34985352, 1055.89648438, 757.286987305, 70.994682312, 24.6519565582, 255.313064575, 322.467956543, 246.933532715], [3711.75415039, 2476.25317383, -84.67527771, 351.611114502, 486.967010498, 220.536178589, 158.486114502, 200.06451416, 3.37285113335, -65.7416229248, 38.9809379578, 63.8241844177, 25.9246253967], [-2997.61206055, -84.67527771, 2200.89208984, -71.4141235352, -1101.98449707, -1016.84564209, -601.688537598, -353.756835938, -14.5168514252, -0.439700335264, -144.773132324, -179.921295166, -149.083343506], [1023.25811768, 351.611114502, -71.4141235352, 346.324462891, 322.875091553, 260.874633789, 132.387939453, 90.6828384399, 54.8077964783, 63.7709617615, 42.5661621094, 34.6078910828, 37.5516319275], [2286.49804688, 486.967010498, -1101.98449707, 322.875091553, 1005.14349365, 851.395996094, 501.527069092, 309.581787109, 67.0035934448, 46.4338760376, 139.226867676, 161.60760498, 126.414642334], [1879.34985352, 220.536178589, -1016.84564209, 260.874633789, 851.395996094, 834.098022461, 496.419250488, 283.6824646, 58.1234054565, 39.6369857788, 122.282531738, 144.706329346, 109.865570068], [1055.89648438, 158.486114502, -601.688537598, 132.387939453, 501.527069092, 496.419250488, 379.599151611, 239.876205444, 46.8656044006, 3.85096788406, 61.3182601929, 85.6768341064, 67.515083313], [757.286987305, 200.06451416, -353.756835938, 90.6828384399, 309.581787109, 283.6824646, 239.876205444, 210.837677002, 61.305973053, -10.9610157013, 29.0818157196, 45.495677948, 32.2247695923], [70.994682312, 3.37285113335, -14.5168514252, 54.8077964783, 67.0035934448, 58.1234054565, 46.8656044006, 61.305973053, 82.8184814453, 43.9285125732, 3.46589112282, -14.0224695206, 4.02995920181], [24.6519565582, -65.7416229248, -0.439700335264, 63.7709617615, 46.4338760376, 39.6369857788, 3.85096788406, -10.9610157013, 43.9285125732, 114.221885681, 33.8771286011, -4.08535718918, 3.70271682739], [255.313064575, 38.9809379578, -144.773132324, 42.5661621094, 139.226867676, 122.282531738, 61.3182601929, 29.0818157196, 3.46589112282, 33.8771286011, 97.2913742065, 70.5960922241, 15.0397510529], [322.467956543, 63.8241844177, -179.921295166, 34.6078910828, 161.60760498, 144.706329346, 85.6768341064, 45.495677948, -14.0224695206, -4.08535718918, 70.5960922241, 106.472663879, 47.10181427], [246.933532715, 25.9246253967, -149.083343506, 37.5516319275, 126.414642334, 109.865570068, 67.515083313, 32.2247695923, 4.02995920181, 3.70271682739, 15.0397510529, 47.10181427, 75.8153686523]],
