{
"lowlevel": {
    "average_loudness": 0.878929793835,
    "barkbands_crest": {
        "dmean": 1.99797844887,
        "dmean2": 3.18141055107,
        "dvar": 2.88182091713,
        "dvar2": 7.21243333817,
        "max": 25.7837696075,
        "mean": 10.2613420486,
        "median": 9.56719207764,
        "min": 3.37992477417,
        "var": 14.9195775986
    },
    "barkbands_flatness_db": {
        "dmean": 0.0141912456602,
        "dmean2": 0.0217984467745,
        "dvar": 0.000146264559589,
        "dvar2": 0.000331633840688,
        "max": 0.402414768934,
        "mean": 0.267392873764,
        "median": 0.271802902222,
        "min": 0.0698074176908,
        "var": 0.00194981554523
    },
    "barkbands_kurtosis": {
        "dmean": 1.31550788879,
        "dmean2": 2.09836316109,
        "dvar": 3.81132769585,
        "dvar2": 9.46793174744,
        "max": 95.608505249,
        "mean": 2.7242398262,
        "median": 1.2719783783,
        "min": -1.49941408634,
        "var": 21.5730476379
    },
    "barkbands_skewness": {
        "dmean": 0.328453749418,
        "dmean2": 0.522889256477,
        "dvar": 0.0896943062544,
        "dvar2": 0.236565172672,
        "max": 3.29036736488,
        "mean": 0.119744159281,
        "median": 0.0875148177147,
        "min": -2.69663214684,
        "var": 0.381733387709
    },
    "barkbands_spread": {
        "dmean": 1.03658747673,
        "dmean2": 1.64291894436,
        "dvar": 0.947105288506,
        "dvar2": 2.38876891136,
        "max": 31.0051841736,
        "mean": 6.15559148788,
        "median": 5.8530664444,
        "min": 0.296157300472,
        "var": 10.2709999084
    },
    "dissonance": {
        "dmean": 0.0321887657046,
        "dmean2": 0.0544033162296,
        "dvar": 0.000847061688546,
        "dvar2": 0.0022827910725,
        "max": 0.500000119209,
        "mean": 0.43657296896,
        "median": 0.444730579853,
        "min": 0.185736104846,
        "var": 0.00176336313598
    },
    "dynamic_complexity": 3.28558325768,
    "erbbands_crest": {
        "dmean": 1.9419093132,
        "dmean2": 2.95355606079,
        "dvar": 2.54814743996,
        "dvar2": 5.89860486984,
        "max": 29.4246120453,
        "mean": 13.3946352005,
        "median": 13.2530317307,
        "min": 3.23230600357,
        "var": 15.4400053024
    },
    "erbbands_flatness_db": {
        "dmean": 0.0145551413298,
        "dmean2": 0.0217514485121,
        "dvar": 0.000160280382261,
        "dvar2": 0.000340683560353,
        "max": 0.45738747716,
        "mean": 0.31035810709,
        "median": 0.311762332916,
        "min": 0.095177911222,
        "var": 0.00206402665935
    },
    "erbbands_kurtosis": {
        "dmean": 1.86378383636,
        "dmean2": 2.90586471558,
        "dvar": 4.23246574402,
        "dvar2": 9.82910633087,
        "max": 49.1949539185,
        "mean": 5.27372789383,
        "median": 4.04389047623,
        "min": -1.22329473495,
        "var": 22.8438110352
    },
    "erbbands_skewness": {
        "dmean": 0.31603577733,
        "dmean2": 0.500596940517,
        "dvar": 0.0694041997194,
        "dvar2": 0.172032937407,
        "max": 4.46877002716,
        "mean": 1.06841015816,
        "median": 1.00707936287,
        "min": -1.35316717625,
        "var": 0.576822698116
    },
    "erbbands_spread": {
        "dmean": 1.57391881943,
        "dmean2": 2.46983361244,
        "dvar": 2.55974626541,
        "dvar2": 6.21232271194,
        "max": 34.7514190674,
        "mean": 7.99835062027,
        "median": 7.15117931366,
        "min": 0.891640663147,
        "var": 16.8524799347
    },
    "hfc": {
        "dmean": 3.22812008858,
        "dmean2": 4.9130191803,
        "dvar": 13.7507982254,
        "dvar2": 32.4519119263,
        "max": 62.5055618286,
        "mean": 15.3959922791,
        "median": 15.6071529388,
        "min": 1.14456385789e-16,
        "var": 89.461265564
    },
    "melbands_crest": {
        "dmean": 2.23595142365,
        "dmean2": 3.55697703362,
        "dvar": 3.54643011093,
        "dvar2": 9.01273822784,
        "max": 30.4920253754,
        "mean": 12.2890453339,
        "median": 11.7083044052,
        "min": 2.13461494446,
        "var": 14.3744268417
    },
    "melbands_flatness_db": {
        "dmean": 0.0146456016228,
        "dmean2": 0.0223162937909,
        "dvar": 0.000165416582604,
        "dvar2": 0.000355849071639,
        "max": 0.493263781071,
        "mean": 0.35392805934,
        "median": 0.35866445303,
        "min": 0.00501102674752,
        "var": 0.00227945391089
    },
    "melbands_kurtosis": {
        "dmean": 1.1573805809,
        "dmean2": 1.87939429283,
        "dvar": 2.35874390602,
        "dvar2": 6.03553915024,
        "max": 35.2578735352,
        "mean": 2.0113825798,
        "median": 0.912346601486,
        "min": -1.40243804455,
        "var": 10.5284261703
    },
    "melbands_skewness": {
        "dmean": 0.326922059059,
        "dmean2": 0.515471816063,
        "dvar": 0.0783585011959,
        "dvar2": 0.202305808663,
        "max": 3.49704360962,
        "mean": 0.273440003395,
        "median": 0.245483011007,
        "min": -2.60891222954,
        "var": 0.438100278378
    },
    "melbands_spread": {
        "dmean": 1.50423264503,
        "dmean2": 2.40827727318,
        "dvar": 4.34188890457,
        "dvar2": 7.4789481163,
        "max": 148.849502563,
        "mean": 9.69157218933,
        "median": 9.4519329071,
        "min": 0.748833417892,
        "var": 21.0782299042
    },
    "pitch_salience": {
        "dmean": 0.0542108342052,
        "dmean2": 0.086701400578,
        "dvar": 0.00193032354582,
        "dvar2": 0.00482434872538,
        "max": 0.882481217384,
        "mean": 0.609351575375,
        "median": 0.616008281708,
        "min": 0.212060466409,
        "var": 0.00720063736662
    },
    "silence_rate_20dB": {
        "dmean": 0,
        "dmean2": 0,
        "dvar": 0,
        "dvar2": 0,
        "max": 1,
        "mean": 1,
        "median": 1,
        "min": 1,
        "var": 0
    },
    "silence_rate_30dB": {
        "dmean": 0.000444312783657,
        "dmean2": 0.000888691400178,
        "dvar": 0.000443986529717,
        "dvar2": 0.00103612069506,
        "max": 1,
        "mean": 0.999629795551,
        "median": 1,
        "min": 0,
        "var": 0.000370001420379
    },
    "silence_rate_60dB": {
        "dmean": 0.011996445246,
        "dmean2": 0.0239946674556,
        "dvar": 0.0118529126048,
        "dvar2": 0.0272737089545,
        "max": 1,
        "mean": 0.0785634964705,
        "median": 0,
        "min": 0,
        "var": 0.0723911970854
    },
    "spectral_centroid": {
        "dmean": 34.0530433655,
        "dmean2": 53.7373046875,
        "dvar": 10223.6367188,
        "dvar2": 12366.1162109,
        "max": 11118.4863281,
        "mean": 573.700439453,
        "median": 558.871582031,
        "min": 311.712738037,
        "var": 18405.8496094
    },
    "spectral_complexity": {
        "dmean": 1.4324644804,
        "dmean2": 2.44390130043,
        "dvar": 1.4219442606,
        "dvar2": 3.8446586132,
        "max": 24,
        "mean": 12.7881526947,
        "median": 14,
        "min": 0,
        "var": 16.1838111877
    },
    "spectral_decrease": {
        "dmean": 1.64984748086e-09,
        "dmean2": 2.55260568238e-09,
        "dvar": 3.56597686149e-18,
        "dvar2": 8.97969654041e-18,
        "max": 1.86668653374e-29,
        "mean": -8.23681922668e-09,
        "median": -8.47158876383e-09,
        "min": -3.16840598202e-08,
        "var": 2.71472736106e-17
    },
    "spectral_energy": {
        "dmean": 0.00650016404688,
        "dmean2": 0.0100475912914,
        "dvar": 5.51638731849e-05,
        "dvar2": 0.000138489951496,
        "max": 0.125252425671,
        "mean": 0.0324840210378,
        "median": 0.033438436687,
        "min": 1.03110769463e-20,
        "var": 0.000419607094955
    },
    "spectral_energyband_high": {
        "dmean": 1.89270735973e-06,
        "dmean2": 2.62239336735e-06,
        "dvar": 3.06914528514e-11,
        "dvar2": 5.68278479829e-11,
        "max": 0.00021903430752,
        "mean": 6.84230917614e-06,
        "median": 3.4764884731e-06,
        "min": 7.27791873119e-21,
        "var": 1.29563484941e-10
    },
    "spectral_energyband_low": {
        "dmean": 0.00173325068317,
        "dmean2": 0.00286011723801,
        "dvar": 8.42310237203e-06,
        "dvar2": 2.44795846811e-05,
        "max": 0.0653830468655,
        "mean": 0.00516451150179,
        "median": 0.00369899114594,
        "min": 9.144252839e-23,
        "var": 3.51726121153e-05
    },
    "spectral_energyband_middle_high": {
        "dmean": 0.000832300633192,
        "dmean2": 0.00129438505974,
        "dvar": 1.96085466087e-06,
        "dvar2": 4.40008261648e-06,
        "max": 0.0214808657765,
        "mean": 0.00272581959143,
        "median": 0.00234053493477,
        "min": 1.40944659647e-21,
        "var": 6.21011986368e-06
    },
    "spectral_energyband_middle_low": {
        "dmean": 0.00593845825642,
        "dmean2": 0.00907874014229,
        "dvar": 4.68243706564e-05,
        "dvar2": 0.000115315160656,
        "max": 0.107727974653,
        "mean": 0.025485496968,
        "median": 0.0251026321203,
        "min": 3.91377548286e-22,
        "var": 0.00026829590206
    },
    "spectral_entropy": {
        "dmean": 0.114448346198,
        "dmean2": 0.182009398937,
        "dvar": 0.00994063448161,
        "dvar2": 0.0234356690198,
        "max": 9.79441738129,
        "mean": 6.25571250916,
        "median": 6.20856904984,
        "min": 5.17664337158,
        "var": 0.120888538659
    },
    "spectral_flux": {
        "dmean": 0.0160819813609,
        "dmean2": 0.0274487938732,
        "dvar": 0.00027819556999,
        "dvar2": 0.000801509362645,
        "max": 0.219562858343,
        "mean": 0.0599960684776,
        "median": 0.0586901120842,
        "min": 1.01543475017e-10,
        "var": 0.000866540533025
    },
    "spectral_kurtosis": {
        "dmean": 15.3555135727,
        "dmean2": 26.8325843811,
        "dvar": 186.255310059,
        "dvar2": 550.258972168,
        "max": 132.261901855,
        "mean": 40.2958679199,
        "median": 36.3195037842,
        "min": -1.21724188328,
        "var": 480.24395752
    },
    "spectral_rms": {
        "dmean": 0.000523259281181,
        "dmean2": 0.000799886707682,
        "dvar": 2.51193483791e-07,
        "dvar2": 6.23635287411e-07,
        "max": 0.0110542969778,
        "mean": 0.00522772176191,
        "median": 0.00571164302528,
        "min": 3.17168535359e-12,
        "var": 4.36265327153e-06
    },
    "spectral_rolloff": {
        "dmean": 49.5480041504,
        "dmean2": 84.7856216431,
        "dvar": 51974.0820312,
        "dvar2": 58550.78125,
        "max": 18970.7519531,
        "mean": 677.188354492,
        "median": 645.99609375,
        "min": 279.931640625,
        "var": 66710.421875
    },
    "spectral_skewness": {
        "dmean": 0.88683873415,
        "dmean2": 1.55057239532,
        "dvar": 0.556271493435,
        "dvar2": 1.67790389061,
        "max": 8.95630550385,
        "mean": 4.38601779938,
        "median": 4.24388456345,
        "min": 0.0176033228636,
        "var": 1.53365302086
    },
    "spectral_spread": {
        "dmean": 205151.484375,
        "dmean2": 348701.4375,
        "dvar": 147447693312,
        "dvar2": 197637292032,
        "max": 40783192,
        "mean": 1394523.625,
        "median": 1303248.125,
        "min": 578339.75,
        "var": 305649549312
    },
    "spectral_strongpeak": {
        "dmean": 0.589240431786,
        "dmean2": 0.969475805759,
        "dvar": 0.456380486488,
        "dvar2": 1.1373950243,
        "max": 9.81323051453,
        "mean": 1.70976471901,
        "median": 1.6589038372,
        "min": 0,
        "var": 1.22625565529
    },
    "zerocrossingrate": {
        "dmean": 0.00177208054811,
        "dmean2": 0.00239667505957,
        "dvar": 2.52804293268e-05,
        "dvar2": 2.36295709328e-05,
        "max": 0.5068359375,
        "mean": 0.0263280309737,
        "median": 0.02587890625,
        "min": 0.01171875,
        "var": 5.36369989277e-05
    },
    "barkbands": {
        "dmean": [2.38407665165e-06, 0.00064402242424, 0.00108869560063, 0.00125346891582, 0.00109552603681, 0.00105116376653, 0.000923044222873, 0.00379835930653, 0.00179154833313, 0.000523815921042, 0.000240398963797, 0.000352405390004, 4.07553634432e-05, 6.07482943451e-05, 1.93551404664e-05, 3.13081800414e-05, 6.48453624308e-06, 5.26497660758e-06, 6.38083656668e-06, 1.24046823657e-06, 9.28111774101e-07, 5.32061392278e-07, 1.35430965997e-07, 1.20486944866e-07, 1.42317418295e-07, 4.06451796664e-08, 1.22956720361e-08],
        "dmean2": [4.23635265179e-06, 0.00103291438427, 0.00186040240806, 0.00190336524975, 0.0017342803767, 0.00187001749873, 0.00120606156997, 0.0059380158782, 0.00262804934755, 0.000801445916295, 0.00038748793304, 0.000554871745408, 6.72500755172e-05, 9.58179516601e-05, 3.22607229464e-05, 5.44369722775e-05, 9.5155537565e-06, 8.35397440824e-06, 1.02955891634e-05, 1.92074298866e-06, 1.3845186686e-06, 7.00978034729e-07, 2.05776714779e-07, 1.69537372585e-07, 2.00294465458e-07, 6.26864462561e-08, 2.0659665978e-08],
        "dvar": [2.88857462255e-11, 8.04119849818e-07, 4.35749916505e-06, 4.392484243e-06, 2.92256640932e-06, 3.09820325128e-06, 1.45150193021e-06, 3.04471177515e-05, 7.18382716514e-06, 1.3000870922e-06, 1.23919718931e-07, 5.06317121562e-07, 3.4223575085e-09, 2.52904808207e-08, 1.24349563979e-09, 5.53967582917e-09, 1.41480202553e-10, 6.85948381429e-11, 3.83596737707e-10, 6.53867628445e-12, 4.25248681754e-12, 4.07608972616e-12, 2.97096630067e-13, 3.79688468166e-13, 7.07321571106e-13, 9.47642843103e-14, 1.49780853004e-14],
        "dvar2": [7.50173673181e-11, 2.0884742753e-06, 1.35822447191e-05, 9.90532134892e-06, 7.31496402295e-06, 1.04053997347e-05, 2.36053983826e-06, 7.72163912188e-05, 1.37800734592e-05, 2.64832442554e-06, 3.24282098063e-07, 1.33447497319e-06, 8.03048738618e-09, 6.52977121263e-08, 2.96734148364e-09, 1.5878672599e-08, 2.58700921796e-10, 1.39537006949e-10, 9.46961509207e-10, 1.3755017958e-11, 8.16477874893e-12, 6.41235025148e-12, 6.7415094774e-13, 7.44763571561e-13, 1.49048091577e-12, 2.32751453744e-13, 4.44011757157e-14],
        "max": [0.000217927328777, 0.0212842784822, 0.041465010494, 0.0403791368008, 0.0325109362602, 0.026076355949, 0.0356593504548, 0.100840985775, 0.0502247661352, 0.018924459815, 0.00635941792279, 0.0132293663919, 0.00188312644605, 0.00503090163693, 0.00090535916388, 0.00253287050873, 0.000672891212162, 0.00042550751823, 0.000611865078099, 6.70926674502e-05, 6.15552708041e-05, 9.06120549189e-05, 2.27175805776e-05, 1.91952003661e-05, 4.0735139919e-05, 1.46365464389e-05, 5.55246833756e-06],
        "mean": [3.06253900817e-06, 0.00227195862681, 0.00202679238282, 0.00228597410023, 0.00271841022186, 0.00212330091745, 0.00368483993225, 0.00920201651752, 0.00541752483696, 0.000989445718005, 0.000488296849653, 0.000883280939888, 0.00010075292812, 0.000127699167933, 3.77042670152e-05, 6.39928766759e-05, 1.72401287273e-05, 1.91760682355e-05, 1.39051426231e-05, 3.1133072298e-06, 2.90025377581e-06, 1.79012658919e-06, 3.47818200908e-07, 2.51363189818e-07, 2.29506184724e-07, 6.59140013681e-08, 1.56403157092e-08],
        "median": [1.70532575794e-06, 0.00130712403916, 0.00110720423982, 0.00110498513095, 0.00168595078867, 0.00140967860352, 0.00258359545842, 0.00627906061709, 0.00331666134298, 0.000431815366028, 0.000320172373904, 0.000613301759586, 5.86715941608e-05, 5.21959809703e-05, 1.86594297702e-05, 3.00823012367e-05, 7.8460216173e-06, 1.1449050362e-05, 7.83454652264e-06, 1.7497366116e-06, 1.28078215766e-06, 5.50045115233e-07, 1.44787904333e-07, 5.66202054131e-08, 5.19605691807e-08, 2.88634041112e-08, 6.1290004183e-09],
        "min": [8.73735159989e-24, 6.28894302465e-23, 1.16082538811e-23, 1.33085741426e-23, 3.7893230194e-23, 3.84532898823e-23, 1.10638007015e-22, 7.96866581232e-23, 8.57364702706e-23, 9.26352923896e-23, 7.17772105213e-23, 6.06218274863e-23, 3.73735349405e-23, 1.00296065791e-22, 8.09678755183e-23, 1.15907951271e-22, 1.39319702107e-22, 1.4897708877e-22, 4.48971866457e-22, 3.50722333047e-22, 3.86098087211e-22, 6.17415101495e-22, 6.63853639046e-22, 6.8412466325e-22, 1.14055695768e-21, 1.4585465109e-21, 2.30130794674e-21],
        "var": [2.95197581657e-11, 7.14602083463e-06, 9.05676552065e-06, 1.05699900814e-05, 1.05338367575e-05, 6.10640972809e-06, 1.39652756843e-05, 9.13453040994e-05, 3.61009442713e-05, 2.99402336168e-06, 2.75419097306e-07, 1.10438315915e-06, 1.62750968258e-08, 5.50288383749e-08, 2.57945442783e-09, 1.23539498631e-08, 1.2073522182e-09, 9.66252189372e-10, 6.70212108034e-10, 1.95006909925e-11, 2.29361096088e-11, 1.67174035032e-11, 5.89332836004e-13, 7.05430939357e-13, 1.07011914521e-12, 8.57999991042e-14, 1.25648926688e-14]
    },
    "erbbands": {
        "dmean": [0.0067886961624, 0.190764531493, 1.09942209721, 2.33172297478, 5.96291971207, 1.90822088718, 3.10156846046, 12.8829469681, 12.5760831833, 44.8984947205, 64.1171264648, 32.4149780273, 13.3158245087, 10.6979322433, 12.2332401276, 9.01657867432, 2.29227185249, 1.40082371235, 2.44232749939, 0.923579931259, 1.80544149876, 0.488079667091, 0.356556892395, 0.304565280676, 0.156029447913, 0.0429563745856, 0.0465796105564, 0.0276749618351, 0.0224692746997, 0.00682147918269, 0.0040734494105, 0.00289701926522, 0.002033990575, 0.00227517588064, 0.0005502938875, 0.000254419253906, 5.91244570387e-05, 1.70298753801e-05, 4.5226624934e-06, 7.31951467969e-06],
        "dmean2": [0.0107763474807, 0.310637027025, 1.8921558857, 3.57295370102, 9.4201002121, 3.13897895813, 4.599650383, 23.284072876, 16.2111263275, 69.7904510498, 94.3406295776, 47.4227218628, 20.1582527161, 16.6155261993, 19.5905838013, 14.1450500488, 3.54075479507, 2.25399589539, 3.84047532082, 1.57544529438, 3.10302782059, 0.724868655205, 0.570089221001, 0.488539069891, 0.247582897544, 0.0670683532953, 0.0664459019899, 0.0430964119732, 0.0295513253659, 0.00943243224174, 0.00616750633344, 0.00394087471068, 0.00290803983808, 0.00316413398832, 0.000833129975945, 0.000387946871342, 9.09898735699e-05, 2.78572770185e-05, 7.15589931133e-06, 1.13092901302e-05],
        "dvar": [6.86465355102e-05, 0.0748642981052, 3.79822874069, 15.8841257095, 97.5175933838, 9.19494056702, 25.6963691711, 510.370819092, 300.770629883, 4590.99902344, 6334.77832031, 1954.25439453, 609.855102539, 361.135101318, 532.749572754, 289.52911377, 10.3241205215, 11.0454101562, 40.7812194824, 1.87673008442, 23.5908298492, 0.780714809895, 0.317869842052, 0.802508890629, 0.161888688803, 0.00633987225592, 0.0105498936027, 0.00632173288614, 0.00748645793647, 0.000599473307375, 0.000384288345231, 0.000185696117114, 0.000120140393847, 0.000148714680108, 1.51813355842e-05, 4.02090108764e-06, 2.0024462799e-07, 2.77087082168e-08, 3.84653864316e-10, 6.98662169785e-11],
        "dvar2": [0.000175315188244, 0.200493454933, 11.8381958008, 38.1506843567, 244.135986328, 24.3122062683, 49.5938835144, 1763.15002441, 449.947784424, 11394.9414062, 14074.9755859, 3829.11743164, 1261.9074707, 796.004882812, 1439.50708008, 762.187072754, 19.7750110626, 28.8166179657, 104.214149475, 4.74744749069, 67.1898727417, 1.51368606091, 0.670873403549, 1.974147439, 0.395172446966, 0.0137060275301, 0.0179663728923, 0.0147966705263, 0.0120189934969, 0.00101356371306, 0.000929253932554, 0.000344299827702, 0.000259132677456, 0.00030146955396, 3.52349343302e-05, 9.78224306891e-06, 4.94496987358e-07, 7.61940626148e-08, 1.12730891288e-09, 1.74779898887e-10],
        "max": [0.167726814747, 6.58543968201, 37.7139930725, 96.9619293213, 193.523803711, 73.6255645752, 167.920822144, 327.031188965, 487.921661377, 1153.61010742, 1460.32714844, 848.066711426, 420.003204346, 326.897247314, 513.286621094, 353.832336426, 82.5540390015, 116.002151489, 189.055160522, 20.143611908, 172.265106201, 47.8018417358, 24.9937801361, 28.4034442902, 12.1138706207, 2.50646781921, 3.1768579483, 2.71985244751, 3.96916174889, 1.14512264729, 0.930512011051, 0.523170232773, 0.299476474524, 0.470869392157, 0.191097319126, 0.0981381759048, 0.0218469183892, 0.0072558443062, 0.0009392388165, 0.000141142678331],
        "mean": [0.0225374922156, 0.654208242893, 2.43510818481, 4.79109954834, 10.774222374, 5.81643152237, 9.0126914978, 25.700088501, 52.0238761902, 125.951690674, 185.737472534, 99.9946594238, 32.8128395081, 24.0258140564, 29.761806488, 25.0377635956, 6.87717103958, 3.5476603508, 5.4042391777, 2.1890566349, 3.6546254158, 1.41208088398, 1.32670557499, 0.741811037064, 0.424501270056, 0.137562066317, 0.168402984738, 0.0643464773893, 0.0751599520445, 0.0210183579475, 0.0111235398799, 0.00663221161813, 0.00380835682154, 0.00353691680357, 0.000888451875653, 0.000417920557084, 0.000110711021989, 2.51860692515e-05, 1.80961451406e-05, 3.66520762327e-05],
        "median": [0.0176626630127, 0.360185354948, 1.16762828827, 2.64971876144, 5.75853490829, 3.74102187157, 5.76106309891, 17.2777481079, 36.0615158081, 64.7262496948, 149.576797485, 67.1409988403, 20.882188797, 16.2632007599, 19.0974330902, 18.8136768341, 3.88717031479, 1.92542934418, 2.2347099781, 1.57604634762, 1.7558786869, 0.755567729473, 0.840968847275, 0.436414062977, 0.236688122153, 0.0902968719602, 0.0719770640135, 0.0313241817057, 0.0227995272726, 0.00840706750751, 0.00385113921948, 0.00168208160903, 0.000822687114123, 0.000560774933547, 0.000344434898579, 0.000184015472769, 5.7232718973e-05, 1.07737041617e-05, 1.74464403244e-05, 3.76817733923e-05],
        "min": [3.21064621377e-21, 8.47173099438e-21, 9.32406064405e-21, 3.98731977588e-20, 8.16031833483e-20, 1.67713828951e-19, 1.38830439719e-19, 3.36104188245e-19, 1.2942450435e-18, 1.34319025093e-18, 2.39370228764e-18, 2.07865938441e-18, 2.80832512212e-18, 2.00133433396e-18, 3.02026885418e-18, 2.80545749373e-18, 1.80356827079e-18, 3.99063980744e-18, 5.10617930384e-18, 4.27272163121e-18, 6.45883715387e-18, 9.12645327032e-18, 7.91649896521e-18, 1.74870878403e-17, 1.9829186879e-17, 1.84966551605e-17, 1.9388645374e-17, 1.68706298344e-17, 1.71507545489e-17, 2.14965199505e-17, 1.98978478329e-17, 1.54314546826e-17, 1.20075415418e-17, 1.28083135861e-17, 7.80133970752e-18, 5.89903771124e-18, 2.62651268463e-18, 1.24793285537e-18, 3.44295732002e-19, 3.18846557567e-20],
        "var": [0.000470516184578, 0.620573401451, 10.7926187515, 46.9240379333, 202.312713623, 47.8272666931, 122.944046021, 877.490539551, 2939.81152344, 20950.1113281, 24883.2988281, 10090.7363281, 1623.95043945, 832.527954102, 1227.2401123, 724.878112793, 56.865070343, 23.5594139099, 94.1759719849, 4.73753452301, 50.8280830383, 6.52829742432, 3.65470480919, 1.73115873337, 0.410180985928, 0.0276410002261, 0.0847676694393, 0.0111220953986, 0.0303796958178, 0.0022912081331, 0.000724802026525, 0.000404917955166, 0.000191543542314, 0.000237331652897, 1.72738109541e-05, 3.85012208426e-06, 1.81772705332e-07, 2.55951899675e-08, 4.10698974829e-10, 5.28953880696e-10]
    },
    "gfcc": {
        "mean": [-103.140708923, 202.903274536, -124.876335144, -19.0521469116, -52.9071044922, -16.3412132263, -14.3573093414, 4.00894975662, -6.00224494934, -5.70364761353, -10.310795784, -10.5475759506, -11.5291223526],
        "cov": [[3461.06445312, 702.432067871, 148.894165039, 272.745056152, -7.04934072495, -66.8064193726, -10.998134613, -140.090332031, 41.8239860535, -269.091369629, 121.522735596, -169.481246948, 77.8920669556], [702.432067871, 635.20703125, 34.6899719238, -107.139350891, 175.993469238, -127.64276123, 89.7869873047, -48.1369934082, 63.9259147644, -114.810493469, 72.2824325562, -53.0688972473, 23.9414272308], [148.894165039, 34.6899719238, 149.005279541, 54.7883224487, -26.0149154663, 22.5722198486, -10.8356466293, -3.72824668884, 1.19328451157, -1.21598505974, 10.5160083771, 0.485183238983, 1.74428021908], [272.745056152, -107.139350891, 54.7883224487, 257.613372803, -5.94855928421, 91.6469268799, -13.2791223526, -38.1850013733, -37.0843276978, -16.8300418854, -5.84687995911, 10.8146829605, 11.8105144501], [-7.04934072495, 175.993469238, -26.0149154663, -5.94855928421, 172.862075806, 13.9565248489, 45.2690887451, -0.721247911453, -6.98508262634, -30.4105968475, 4.23941135406, -4.74231481552, 1.56662249565], [-66.8064193726, -127.64276123, 22.5722198486, 91.6469268799, 13.9565248489, 147.774551392, 9.327252388, 3.21526551247, -32.0594711304, 11.0186357498, -21.6219444275, 7.37639760971, 5.5374584198], [-10.998134613, 89.7869873047, -10.8356466293, -13.2791223526, 45.2690887451, 9.327252388, 84.4614105225, 15.345410347, 25.7568283081, -2.01094174385, 2.86395692825, -4.96598482132, 0.356375306845], [-140.090332031, -48.1369934082, -3.72824668884, -38.1850013733, -0.721247911453, 3.21526551247, 15.345410347, 74.5796203613, 24.7372531891, 26.2701091766, 4.28294324875, 7.55358171463, 0.880944550037], [41.8239860535, 63.9259147644, 1.19328451157, -37.0843276978, -6.98508262634, -32.0594711304, 25.7568283081, 24.7372531891, 87.1943588257, 24.2948970795, 26.1937675476, -4.72871923447, -4.40657329559], [-269.091369629, -114.810493469, -1.21598505974, -16.8300418854, -30.4105968475, 11.0186357498, -2.01094174385, 26.2701091766, 24.2948970795, 90.9884872437, 7.97176170349, 16.2200717926, -8.05753326416], [121.522735596, 72.2824325562, 10.5160083771, -5.84687995911, 4.23941135406, -21.6219444275, 2.86395692825, 4.28294324875, 26.1937675476, 7.97176170349, 64.194732666, 6.15053224564, 2.76951146126], [-169.481246948, -53.0688972473, 0.485183238983, 10.8146829605, -4.74231481552, 7.37639760971, -4.96598482132, 7.55358171463, -4.72871923447, 16.2200717926, 6.15053224564, 62.3306388855, 8.87075233459], [77.8920669556, 23.9414272308, 1.74428021908, 11.8105144501, 1.56662249565, 5.5374584198, 0.356375306845, 0.880944550037, -4.40657329559, -8.05753326416, 2.76951146126, 8.87075233459, 44.2991676331]],
        "icov": [[0.000896311423276, -0.00231229327619, 0.000941049656831, -0.00183171557728, 0.00224817264825, -0.000953716342337, 0.00157132255845, -0.00129302160349, 0.000194928157725, 0.000418568088207, -0.000120987242553, 0.00125840841793, 2.88484625344e-05], [-0.00231229327619, 0.0236453041434, -0.0122766215354, 0.0115444716066, -0.020093081519, 0.0120084835216, -0.0150891598314, 0.0173839963973, -0.00917591247708, 0.0132265593857, -0.0121377119794, 0.00429363176227, -0.0109305335209], [0.000941049656831, -0.0122766215354, 0.014216943644, -0.00716258212924, 0.0115000456572, -0.00722992233932, 0.00841955002397, -0.00958782341331, 0.00431716116145, -0.00676531298086, 0.00517709273845, -0.00252202805132, 0.006330285687], [-0.00183171557728, 0.0115444716066, -0.00716258212924, 0.0125178843737, -0.00971440412104, 0.00184411322698, -0.00706857256591, 0.0109497066587, -0.00353640480898, 0.00566440401599, -0.00535652413964, -0.000619520142209, -0.0049841972068], [0.00224817264825, -0.020093081519, 0.0115000456572, -0.00971440412104, 0.0248675458133, -0.011139000766, 0.0087512601167, -0.014638941735, 0.00894647743553, -0.00798454042524, 0.00802586879581, -0.00308027677238, 0.00932975392789], [-0.000953716342337, 0.0120084835216, -0.00722992233932, 0.00184411322698, -0.011139000766, 0.0171555932611, -0.00986095517874, 0.0066360286437, -0.0011753491126, 0.00417601969093, -0.00390042481013, 0.00304020266049, -0.00654547754675], [0.00157132255845, -0.0150891598314, 0.00841955002397, -0.00706857256591, 0.0087512601167, -0.00986095517874, 0.0262584239244, -0.012687785551, -0.000335902208462, -0.0069794873707, 0.0086791748181, -0.00193498295266, 0.00645122816786], [-0.00129302160349, 0.0173839963973, -0.00958782341331, 0.0109497066587, -0.014638941735, 0.0066360286437, -0.012687785551, 0.0308551080525, -0.0107876202092, 0.00748711638153, -0.00916998367757, 0.00238661165349, -0.0101025793701], [0.000194928157725, -0.00917591247708, 0.00431716116145, -0.00353640480898, 0.00894647743553, -0.0011753491126, -0.000335902208462, -0.0107876202092, 0.0231415070593, -0.0108916461468, 0.000422377226641, -0.000895090342965, 0.00591068621725], [0.000418568088207, 0.0132265593857, -0.00676531298086, 0.00566440401599, -0.00798454042524, 0.00417601969093, -0.0069794873707, 0.00748711638153, -0.0108916461468, 0.0272895116359, -0.0112996948883, 0.0028666802682, -0.00544779095799], [-0.000120987242553, -0.0121377119794, 0.00517709273845, -0.00535652413964, 0.00802586879581, -0.00390042481013, 0.0086791748181, -0.00916998367757, 0.000422377226641, -0.0112996948883, 0.0282136425376, -0.00757188629359, 0.0060521485284], [0.00125840841793, 0.00429363176227, -0.00252202805132, -0.000619520142209, -0.00308027677238, 0.00304020266049, -0.00193498295266, 0.00238661165349, -0.000895090342965, 0.0028666802682, -0.00757188629359, 0.0233302786946, -0.00833773240447], [2.88484625344e-05, -0.0109305335209, 0.006330285687, -0.0049841972068, 0.00932975392789, -0.00654547754675, 0.00645122816786, -0.0101025793701, 0.00591068621725, -0.00544779095799, 0.0060521485284, -0.00833773240447, 0.0310355741531]]
    },
    "melbands": {
        "dmean": [0.000116659408377, 0.000450026011094, 0.000519996567164, 0.000281915126834, 9.66937441262e-05, 0.000258363346802, 0.000181836323463, 0.000659209035803, 0.000528052158188, 0.000192383944523, 7.22280092305e-05, 5.24723327544e-05, 3.21899351547e-05, 4.81538918393e-05, 1.40425654536e-05, 2.14613328353e-06, 3.16835189551e-06, 5.47681111129e-06, 1.92224342754e-06, 1.49086508827e-06, 2.15883210331e-06, 5.04776267007e-07, 2.86709962438e-07, 2.5204025178e-07, 2.85987283632e-07, 2.17737721186e-07, 7.11870384862e-08, 2.54522181109e-08, 3.32874741105e-08, 2.1107171122e-08, 1.4172453433e-08, 1.16925091831e-08, 1.16944463002e-08, 2.59420307458e-09, 2.55442778041e-09, 1.96116212159e-09, 1.91247329084e-09, 1.54241863726e-09, 1.5272956233e-09, 2.16447215706e-09],
        "dmean2": [0.000185983793926, 0.000766664743423, 0.000810211407952, 0.000449487444712, 0.000143037759699, 0.000460153183667, 0.000233316066442, 0.00103523442522, 0.00076178018935, 0.00028054221184, 0.000109948749014, 8.07758624433e-05, 5.18864762853e-05, 7.56489607738e-05, 2.07102966669e-05, 3.59676414519e-06, 5.08346920469e-06, 8.56835595187e-06, 3.18955153489e-06, 2.65293783741e-06, 3.68414566765e-06, 7.33915726414e-07, 4.64530359068e-07, 3.88715619692e-07, 4.5897118639e-07, 3.56479461061e-07, 1.07383684167e-07, 4.16806251735e-08, 4.90615832405e-08, 3.14713801686e-08, 2.23260343546e-08, 1.57255026778e-08, 1.5188339475e-08, 4.22320312055e-09, 4.05844691187e-09, 2.67332489479e-09, 2.70645927891e-09, 2.27149565823e-09, 2.03153827094e-09, 3.09752334893e-09],
        "dvar": [2.38913759887e-08, 5.9880835579e-07, 7.57722773415e-07, 2.00578412546e-07, 2.41206716822e-08, 1.89943747841e-07, 5.73580081209e-08, 1.00338979792e-06, 4.46599841553e-07, 6.45501145868e-08, 1.96772607097e-08, 1.01246113715e-08, 2.99725444464e-09, 9.81937464672e-09, 5.28558308233e-10, 1.16657794536e-11, 6.2649399557e-11, 2.18168136334e-10, 1.17950536491e-11, 8.8595936143e-12, 3.60390502163e-11, 9.68311043327e-13, 1.61651806307e-13, 1.77712580979e-13, 7.23074486571e-13, 4.80520950721e-13, 2.27130970011e-14, 2.94427657202e-15, 5.94183066939e-15, 2.5864036695e-15, 1.76645089496e-15, 1.79461103469e-15, 2.19051169314e-15, 1.00199603677e-16, 1.61570145025e-16, 7.22027957247e-17, 1.03147993017e-16, 8.57476400273e-17, 6.80213050841e-17, 1.47889530606e-16],
        "dvar2": [6.22450286869e-08, 1.82045494057e-06, 1.83723159353e-06, 5.07313359321e-07, 4.66689193956e-08, 6.48360128253e-07, 8.637783111e-08, 2.52610607276e-06, 8.74714146448e-07, 1.25410323903e-07, 4.01935054128e-08, 2.13870610111e-08, 8.10275668783e-09, 2.5909226764e-08, 8.89322615549e-10, 2.76447770925e-11, 1.6490731003e-10, 5.5771665064e-10, 2.7331891958e-11, 2.62583635391e-11, 1.03556802022e-10, 1.75888221089e-12, 3.69229224018e-13, 2.95819575433e-13, 1.77903080722e-12, 1.18987339513e-12, 4.65802120183e-14, 6.61362351128e-15, 1.1893539437e-14, 4.74392999384e-15, 4.15422862058e-15, 2.91254460023e-15, 3.47260469078e-15, 2.56912848548e-16, 4.26966677049e-16, 1.33158330634e-16, 1.91786496937e-16, 1.83923066571e-16, 1.24543171762e-16, 3.14294539694e-16],
        "max": [0.00332315173, 0.0153525611386, 0.0172266215086, 0.00826931651682, 0.0052853571251, 0.00645586056635, 0.00634577730671, 0.0174400191754, 0.0116108544171, 0.0050304569304, 0.00238553667441, 0.00164219038561, 0.00119257729966, 0.00182219478302, 0.000335213844664, 0.000114000118629, 0.000270982534857, 0.000439437368186, 5.17260923516e-05, 5.87637186982e-05, 0.000213731473195, 5.62766072107e-05, 1.11836170618e-05, 3.13712225761e-05, 2.6829622584e-05, 2.10004418477e-05, 2.65282369583e-06, 1.58124623795e-06, 2.89243143925e-06, 2.12051054405e-06, 1.50006599142e-06, 1.83094959993e-06, 2.26628230848e-06, 4.07238957223e-07, 5.83752182592e-07, 3.70420991658e-07, 3.68353170188e-07, 3.08323819809e-07, 3.96737362962e-07, 4.19030982357e-07],
        "mean": [0.000412671535742, 0.00118270004168, 0.00107771146577, 0.00062186823925, 0.000299127277685, 0.000565854890738, 0.00074331444921, 0.00163691339549, 0.00155724957585, 0.000568592513446, 0.000158991155331, 0.000110823581053, 7.62853669585e-05, 0.000112920643005, 3.77128526452e-05, 5.66475773667e-06, 7.09853247827e-06, 1.09914963105e-05, 3.70077282241e-06, 3.04131754092e-06, 4.10984193877e-06, 1.29645786728e-06, 9.60517468229e-07, 1.03477589164e-06, 5.74425371269e-07, 4.45053132125e-07, 1.91005256056e-07, 6.71197923907e-08, 1.06519927101e-07, 6.88954742145e-08, 2.9341219232e-08, 3.97202910563e-08, 3.51971962687e-08, 5.60789725768e-09, 6.44877351519e-09, 4.84660844791e-09, 3.86106613348e-09, 2.98947200328e-09, 2.42975461973e-09, 3.10256664804e-09],
        "median": [0.000302073050989, 0.000602592888754, 0.000629520451184, 0.000346139218891, 0.000188551304745, 0.000404330610763, 0.000520216301084, 0.000849465141073, 0.00116965395864, 0.000375446688849, 9.12359901122e-05, 6.67027052259e-05, 5.18577362527e-05, 7.19591625966e-05, 1.40992397064e-05, 3.4558754578e-06, 3.47561172021e-06, 3.53272844222e-06, 1.68191479588e-06, 1.39856513215e-06, 1.82664007298e-06, 5.01395277297e-07, 6.78759533912e-07, 5.82178074637e-07, 3.07786763187e-07, 2.08571933058e-07, 8.91873384035e-08, 3.65212855513e-08, 4.65414551343e-08, 2.6766443284e-08, 1.34003688146e-08, 1.28162902513e-08, 7.67384733535e-09, 2.95272917228e-09, 2.23395280052e-09, 1.25653543126e-09, 8.07328925934e-10, 5.69884750501e-10, 4.09239059307e-10, 4.48399567476e-10],
        "min": [2.2200388652e-23, 7.03965430095e-24, 7.54948642653e-24, 9.34433510138e-24, 5.25846041393e-24, 9.63333271629e-24, 2.03985356812e-23, 1.35930578954e-23, 2.0317447091e-23, 1.2080743698e-23, 1.40552862096e-23, 8.12921715033e-24, 1.17004969645e-23, 6.83058959499e-24, 4.84164761086e-24, 4.58155030965e-24, 7.86217747872e-24, 9.03558283169e-24, 6.18211634861e-24, 6.5704575839e-24, 7.44075062821e-24, 9.30642717944e-24, 7.69879018575e-24, 6.25761270383e-24, 1.52698385474e-23, 1.59187145073e-23, 9.5666053389e-24, 1.26660398355e-23, 1.40841316975e-23, 8.32621386216e-24, 1.02176254227e-23, 1.01852134947e-23, 9.99865499036e-24, 1.19710360231e-23, 1.19845973309e-23, 1.037509547e-23, 9.12042087774e-24, 8.41098012187e-24, 9.01477189215e-24, 1.09892126407e-23],
        "var": [1.87696343801e-07, 2.29132115237e-06, 1.97450572159e-06, 6.18438434685e-07, 1.34809482688e-07, 3.70849647879e-07, 5.65820585052e-07, 3.71590795112e-06, 2.03339550353e-06, 3.41233004519e-07, 4.91535274705e-08, 2.34418298106e-08, 7.04150160402e-09, 2.06118393464e-08, 2.55745846722e-09, 5.59474758188e-11, 1.20595977648e-10, 4.88839135837e-10, 2.76567883178e-11, 1.95373665163e-11, 7.47727366135e-11, 8.35842593055e-12, 9.63389524405e-13, 5.01370516284e-12, 1.20624918474e-12, 8.48548716102e-13, 8.13541738858e-14, 1.08384658805e-14, 3.22774271232e-14, 1.60015992562e-14, 2.61109362112e-15, 7.23350551549e-15, 8.98806904419e-15, 1.45403952127e-16, 2.48922469119e-16, 2.03875602623e-16, 1.88484299287e-16, 1.42581360414e-16, 1.3133562161e-16, 2.06233583529e-16]
    },
    "mfcc": {
        "mean": [-748.527282715, 240.339126587, -13.2874212265, 4.52565431595, -17.609544754, -15.466129303, -4.63421916962, 2.7110850811, 5.63985109329, 1.09072446823, 7.03793382645, 3.87160253525, 2.31986832619],
        "cov": [[2826.94726562, 696.379089355, 17.1051273346, 430.629150391, -53.2934188843, 87.6046142578, -0.974664270878, 62.0470466614, -21.046087265, -85.575958252, -37.5782279968, -98.9556045532, -2.41128253937], [696.379089355, 743.002075195, -62.5114135742, 40.8005409241, 33.340713501, -83.1378097534, 21.4359226227, 45.0123710632, 3.27134299278, 4.03395366669, -7.4160027504, -8.05356025696, 39.7461433411], [17.1051273346, -62.5114135742, 163.470397949, 24.9193286896, -12.7012634277, 18.7686824799, -15.2119407654, -9.25581073761, -3.04630708694, -14.0656747818, 6.73997831345, 15.2501173019, 8.90162277222], [430.629150391, 40.8005409241, 24.9193286896, 189.933532715, 3.1880710125, 64.0430450439, 5.82590436935, 15.6449708939, -3.94387698174, -35.6000938416, -1.68590581417, -21.3096694946, 6.37481832504], [-53.2934188843, 33.340713501, -12.7012634277, 3.1880710125, 103.505081177, 25.2062797546, 37.3386535645, 21.5433044434, -5.18177080154, -0.875770688057, -10.3886737823, -2.83069205284, -0.110047705472], [87.6046142578, -83.1378097534, 18.7686824799, 64.0430450439, 25.2062797546, 154.210220337, 43.6563415527, 14.6172180176, 3.33917927742, -10.3662338257, 5.68484926224, -34.6920433044, -27.9484767914], [-0.974664270878, 21.4359226227, -15.2119407654, 5.82590436935, 37.3386535645, 43.6563415527, 86.9081420898, 29.9234676361, 11.2417974472, 3.98522901535, -12.3980989456, -13.0034198761, -12.5387763977], [62.0470466614, 45.0123710632, -9.25581073761, 15.6449708939, 21.5433044434, 14.6172180176, 29.9234676361, 71.9131393433, 17.7064361572, -6.42243671417, -5.75049209595, -7.4177479744, 2.74577140808], [-21.046087265, 3.27134299278, -3.04630708694, -3.94387698174, -5.18177080154, 3.33917927742, 11.2417974472, 17.7064361572, 61.9981269836, 13.5268125534, 5.03723955154, 3.65640759468, 2.80514454842], [-85.575958252, 4.03395366669, -14.0656747818, -35.6000938416, -0.875770688057, -10.3662338257, 3.98522901535, -6.42243671417, 13.5268125534, 84.2451553345, 27.8588848114, 3.96806883812, -7.85854673386], [-37.5782279968, -7.4160027504, 6.73997831345, -1.68590581417, -10.3886737823, 5.68484926224, -12.3980989456, -5.75049209595, 5.03723955154, 27.8588848114, 77.5691757202, 6.65790939331, 2.00887775421], [-98.9556045532, -8.05356025696, 15.2501173019, -21.3096694946, -2.83069205284, -34.6920433044, -13.0034198761, -7.4177479744, 3.65640759468, 3.96806883812, 6.65790939331, 71.0140914917, 35.4910469055], [-2.41128253937, 39.7461433411, 8.90162277222, 6.37481832504, -0.110047705472, -27.9484767914, -12.5387763977, 2.74577140808, 2.80514454842, -7.85854673386, 2.00887775421, 35.4910469055, 79.122215271]],
