{
"lowlevel": {
    "average_loudness": 0.835839688778,
    "barkbands_crest": {
        "dmean": 3.01422572136,
        "dmean2": 5.0010766983,
        "dvar": 7.38705825806,
        "dvar2": 19.9868869781,
        "max": 26.0841503143,
        "mean": 10.3991422653,
        "median": 9.73175621033,
        "min": 2.18667125702,
        "var": 18.0826244354
    },
    "barkbands_flatness_db": {
        "dmean": 0.0199084635824,
        "dmean2": 0.0302507895976,
        "dvar": 0.000338156998623,
        "dvar2": 0.000763242598623,
        "max": 0.402367889881,
        "mean": 0.125564083457,
        "median": 0.119275510311,
        "min": 0.0196723286062,
        "var": 0.00311932759359
    },
    "barkbands_kurtosis": {
        "dmean": 2.8741209507,
        "dmean2": 4.89347791672,
        "dvar": 64.2579727173,
        "dvar2": 197.026290894,
        "max": 431.765716553,
        "mean": 7.53697872162,
        "median": 1.2170612812,
        "min": -1.8988673687,
        "var": 1184.54675293
    },
    "barkbands_skewness": {
        "dmean": 0.47846776247,
        "dmean2": 0.762670338154,
        "dvar": 0.253351926804,
        "dvar2": 0.617137730122,
        "max": 17.011926651,
        "mean": 1.56736838818,
        "median": 1.26805436611,
        "min": -2.78533983231,
        "var": 3.55597567558
    },
    "barkbands_spread": {
        "dmean": 5.22747039795,
        "dmean2": 7.89732408524,
        "dvar": 41.8201713562,
        "dvar2": 83.668006897,
        "max": 111.186737061,
        "mean": 22.6300525665,
        "median": 20.1025161743,
        "min": 0.560896039009,
        "var": 173.256561279
    },
    "dissonance": {
        "dmean": 0.0160664077848,
        "dmean2": 0.0267173033208,
        "dvar": 0.000282442750176,
        "dvar2": 0.000756574852858,
        "max": 0.500000178814,
        "mean": 0.469416171312,
        "median": 0.477808624506,
        "min": 0.236732020974,
        "var": 0.000789616722614
    },
    "dynamic_complexity": 3.61711215973,
    "erbbands_crest": {
        "dmean": 1.98179280758,
        "dmean2": 3.11570811272,
        "dvar": 4.57712173462,
        "dvar2": 10.0538539886,
        "max": 31.0543041229,
        "mean": 8.01591396332,
        "median": 6.25132036209,
        "min": 2.05863237381,
        "var": 24.0517139435
    },
    "erbbands_flatness_db": {
        "dmean": 0.0150619000196,
        "dmean2": 0.0208305548877,
        "dvar": 0.000256202358287,
        "dvar2": 0.00047124363482,
        "max": 0.373920053244,
        "mean": 0.147709727287,
        "median": 0.140579625964,
        "min": 0.0285258851945,
        "var": 0.00183852168266
    },
    "erbbands_kurtosis": {
        "dmean": 0.619472980499,
        "dmean2": 0.971715688705,
        "dvar": 0.969231903553,
        "dvar2": 2.19849491119,
        "max": 20.3274898529,
        "mean": 0.341920524836,
        "median": -0.307626605034,
        "min": -1.66767549515,
        "var": 4.24213218689
    },
    "erbbands_skewness": {
        "dmean": 0.295199632645,
        "dmean2": 0.454883128405,
        "dvar": 0.0865529477596,
        "dvar2": 0.188503101468,
        "max": 4.17312431335,
        "mean": 0.227431759238,
        "median": 0.115129843354,
        "min": -2.50115585327,
        "var": 0.485652923584
    },
    "erbbands_spread": {
        "dmean": 6.14409255981,
        "dmean2": 9.4351234436,
        "dvar": 48.7304191589,
        "dvar2": 106.937423706,
        "max": 142.663406372,
        "mean": 36.0724563599,
        "median": 35.7049560547,
        "min": 3.53687882423,
        "var": 240.765640259
    },
    "hfc": {
        "dmean": 4.38576793671,
        "dmean2": 5.91784667969,
        "dvar": 40.3078765869,
        "dvar2": 69.3974533081,
        "max": 122.087730408,
        "mean": 20.27227211,
        "median": 15.6074638367,
        "min": 1.19907188388e-16,
        "var": 319.838165283
    },
    "melbands_crest": {
        "dmean": 3.47005605698,
        "dmean2": 5.72340679169,
        "dvar": 9.51115512848,
        "dvar2": 25.5973587036,
        "max": 33.587978363,
        "mean": 14.2471246719,
        "median": 13.7342166901,
        "min": 2.2277367115,
        "var": 24.7957992554
    },
    "melbands_flatness_db": {
        "dmean": 0.0254077799618,
        "dmean2": 0.0382033064961,
        "dvar": 0.000546145718545,
        "dvar2": 0.00119303469546,
        "max": 0.541747152805,
        "mean": 0.199622869492,
        "median": 0.192998602986,
        "min": 0.00789429154247,
        "var": 0.00524529069662
    },
    "melbands_kurtosis": {
        "dmean": 5.80163908005,
        "dmean2": 9.56952857971,
        "dvar": 109.150360107,
        "dvar2": 285.972045898,
        "max": 733.758483887,
        "mean": 18.9525852203,
        "median": 6.39815998077,
        "min": -1.70736837387,
        "var": 4202.69287109
    },
    "melbands_skewness": {
        "dmean": 0.643638670444,
        "dmean2": 1.03549098969,
        "dvar": 0.455553084612,
        "dvar2": 1.10212993622,
        "max": 18.6277809143,
        "mean": 2.59834504128,
        "median": 2.32022237778,
        "min": -1.58721601963,
        "var": 4.29754209518
    },
    "melbands_spread": {
        "dmean": 6.19792366028,
        "dmean2": 9.68424415588,
        "dvar": 70.1432495117,
        "dvar2": 157.339370728,
        "max": 202.887481689,
        "mean": 22.9981422424,
        "median": 20.6339035034,
        "min": 0.388604402542,
        "var": 223.549468994
    },
    "pitch_salience": {
        "dmean": 0.0794632732868,
        "dmean2": 0.132094889879,
        "dvar": 0.00502619706094,
        "dvar2": 0.0135976187885,
        "max": 0.89878731966,
        "mean": 0.549275517464,
        "median": 0.559742331505,
        "min": 0.114036023617,
        "var": 0.0141715947539
    },
    "silence_rate_20dB": {
        "dmean": 0,
        "dmean2": 0,
        "dvar": 0,
        "dvar2": 0,
        "max": 1,
        "mean": 1,
        "median": 1,
        "min": 1,
        "var": 0
    },
    "silence_rate_30dB": {
        "dmean": 0.00312093622051,
        "dmean2": 0.00624241353944,
        "dvar": 0.00311126187444,
        "dvar2": 0.00793687067926,
        "max": 1,
        "mean": 0.996099174023,
        "median": 1,
        "min": 0,
        "var": 0.00388564984314
    },
    "silence_rate_60dB": {
        "dmean": 0.00381447770633,
        "dmean2": 0.00762961665168,
        "dvar": 0.00380045780912,
        "dvar2": 0.00826626457274,
        "max": 1,
        "mean": 0.0403952859342,
        "median": 0,
        "min": 0,
        "var": 0.0387641750276
    },
    "spectral_centroid": {
        "dmean": 218.808044434,
        "dmean2": 332.539215088,
        "dvar": 69917.890625,
        "dvar2": 136999.359375,
        "max": 10843.6210938,
        "mean": 1319.80224609,
        "median": 1244.09863281,
        "min": 141.278259277,
        "var": 294747.6875
    },
    "spectral_complexity": {
        "dmean": 3.29969668388,
        "dmean2": 4.93220043182,
        "dvar": 9.16966819763,
        "dvar2": 17.6070632935,
        "max": 56,
        "mean": 22.3766479492,
        "median": 23,
        "min": 0,
        "var": 82.5526733398
    },
    "spectral_decrease": {
        "dmean": 2.25121765673e-09,
        "dmean2": 3.56526941303e-09,
        "dvar": 7.63201914485e-18,
        "dvar2": 1.76346899488e-17,
        "max": 3.92608831333e-30,
        "mean": -7.12429759631e-09,
        "median": -5.80169023934e-09,
        "min": -4.14064373899e-08,
        "var": 2.44627267614e-17
    },
    "spectral_energy": {
        "dmean": 0.00873921066523,
        "dmean2": 0.0137780765072,
        "dvar": 0.000114242080599,
        "dvar2": 0.000261778885033,
        "max": 0.166756346822,
        "mean": 0.0287274643779,
        "median": 0.0236093252897,
        "min": 1.08611205497e-20,
        "var": 0.000392562506022
    },
    "spectral_energyband_high": {
        "dmean": 0.00025905968505,
        "dmean2": 0.000331474613631,
        "dvar": 3.46418659092e-07,
        "dvar2": 5.85419002164e-07,
        "max": 0.0133038861677,
        "mean": 0.000655533687677,
        "median": 0.000247254036367,
        "min": 7.84563281886e-21,
        "var": 1.67315522503e-06
    },
    "spectral_energyband_low": {
        "dmean": 0.00568632083014,
        "dmean2": 0.00952987000346,
        "dvar": 6.73695685691e-05,
        "dvar2": 0.000165783072589,
        "max": 0.0741459280252,
        "mean": 0.0109763862565,
        "median": 0.00782926380634,
        "min": 8.69689423727e-23,
        "var": 0.000107567888335
    },
    "spectral_energyband_middle_high": {
        "dmean": 0.00158696295694,
        "dmean2": 0.00216801045462,
        "dvar": 8.68055394676e-06,
        "dvar2": 1.47689706864e-05,
        "max": 0.0875196605921,
        "mean": 0.00670522730798,
        "median": 0.00429474702105,
        "min": 1.40024774625e-21,
        "var": 8.08597324067e-05
    },
    "spectral_energyband_middle_low": {
        "dmean": 0.00470895413309,
        "dmean2": 0.00744693726301,
        "dvar": 5.45071779925e-05,
        "dvar2": 0.000129388572532,
        "max": 0.135917365551,
        "mean": 0.0112637551501,
        "median": 0.00746793951839,
        "min": 4.9923091417e-22,
        "var": 0.000123439385789
    },
    "spectral_entropy": {
        "dmean": 0.129235848784,
        "dmean2": 0.174977362156,
        "dvar": 0.0189793854952,
        "dvar2": 0.0313213430345,
        "max": 9.79568004608,
        "mean": 7.66298437119,
        "median": 7.68265247345,
        "min": 5.48302698135,
        "var": 0.157612875104
    },
    "spectral_flux": {
        "dmean": 0.0246975254267,
        "dmean2": 0.0383810289204,
        "dvar": 0.000708940962795,
        "dvar2": 0.00146310508717,
        "max": 0.310856550932,
        "mean": 0.0862006172538,
        "median": 0.0772994831204,
        "min": 1.04216697772e-10,
        "var": 0.0019829494413
    },
    "spectral_kurtosis": {
        "dmean": 1.50842797756,
        "dmean2": 2.4580950737,
        "dvar": 3.37252926826,
        "dvar2": 9.06814861298,
        "max": 37.4288825989,
        "mean": 4.83542585373,
        "median": 4.34337234497,
        "min": -1.23027992249,
        "var": 8.68489551544
    },
    "spectral_rms": {
        "dmean": 0.000774403801188,
        "dmean2": 0.00120407505892,
        "dvar": 7.01472401943e-07,
        "dvar2": 1.56583098487e-06,
        "max": 0.0127549646422,
        "mean": 0.00496173417196,
        "median": 0.00479932175949,
        "min": 3.25518279866e-12,
        "var": 3.40803148902e-06
    },
    "spectral_rolloff": {
        "dmean": 421.69519043,
        "dmean2": 678.60925293,
        "dvar": 635534.375,
        "dvar2": 1256972.375,
        "max": 19035.3515625,
        "mean": 1324.42236328,
        "median": 1055.12695312,
        "min": 86.1328125,
        "var": 1675437.25
    },
    "spectral_skewness": {
        "dmean": 0.190150558949,
        "dmean2": 0.293876320124,
        "dvar": 0.0372330136597,
        "dvar2": 0.0876623988152,
        "max": 4.86164331436,
        "mean": 1.59400177002,
        "median": 1.57898831367,
        "min": 0.010050396435,
        "var": 0.167562946677
    },
    "spectral_spread": {
        "dmean": 474919.84375,
        "dmean2": 644005.125,
        "dvar": 454265765888,
        "dvar2": 717813841920,
        "max": 41687844,
        "mean": 4217783,
        "median": 3991323.5,
        "min": 1620122.125,
        "var": 1.82795318067e+12
    },
    "spectral_strongpeak": {
        "dmean": 0.484047740698,
        "dmean2": 0.804476618767,
        "dvar": 0.784398794174,
        "dvar2": 1.88076627254,
        "max": 12.347612381,
        "mean": 0.982089281082,
        "median": 0.293923377991,
        "min": 0,
        "var": 2.63874149323
    },
    "zerocrossingrate": {
        "dmean": 0.00891605392098,
        "dmean2": 0.0101951044053,
        "dvar": 0.000158868657309,
        "dvar2": 0.000159252536832,
        "max": 0.50341796875,
        "mean": 0.0525824204087,
        "median": 0.04541015625,
        "min": 0.00390625,
        "var": 0.00106889277231
    },
    "barkbands": {
        "dmean": [0.000226798772928, 0.00467687146738, 0.00180632807314, 0.00105536647607, 0.00198560790159, 0.000652089191135, 0.00100259738974, 0.000889229238965, 0.00130684184842, 0.000588015012909, 0.000501416157931, 0.000514653162099, 0.000411917601014, 0.000385124847526, 0.000291512318654, 0.000185459721251, 0.000143470111652, 0.000134209898533, 9.16477511055e-05, 8.02231515991e-05, 6.1949242081e-05, 5.8656627516e-05, 5.7796780311e-05, 4.92148756166e-05, 3.12959891744e-05, 1.18775751616e-05, 1.68613337337e-06],
        "dmean2": [0.000392238085624, 0.00773045048118, 0.00321171875112, 0.00189841678366, 0.00337144779041, 0.00108856719453, 0.00151012185961, 0.00138315442018, 0.00184707215521, 0.000835171493236, 0.00074234342901, 0.000769670878071, 0.000608027970884, 0.000564119254705, 0.000454884051578, 0.000290512572974, 0.000231198762776, 0.00020852930902, 0.000143807759741, 0.000123381862068, 8.93553515198e-05, 7.9879675468e-05, 8.17968975753e-05, 6.92583562341e-05, 4.21972945333e-05, 1.68499464053e-05, 2.44917191594e-06],
        "dvar": [1.96011896492e-07, 4.24926765845e-05, 9.68626955e-06, 3.30707621288e-06, 1.74702690856e-05, 1.42332487485e-06, 4.71070552521e-06, 6.22571360509e-06, 1.8691906007e-05, 3.70947054762e-06, 2.31487888414e-06, 2.58096406469e-06, 1.81894267826e-06, 1.19973128676e-06, 4.57736888393e-07, 8.75493384456e-08, 3.39153878315e-08, 4.07286506743e-08, 1.66574878335e-08, 2.79914331713e-08, 2.08194439466e-08, 1.73142993276e-08, 2.31984369492e-08, 3.0248180849e-08, 1.23909567051e-08, 3.02009550701e-09, 5.44132759683e-11],
        "dvar2": [5.3910554243e-07, 0.000103782454971, 2.82973796857e-05, 9.64175978879e-06, 4.65180346509e-05, 3.60908597941e-06, 9.2244354164e-06, 1.34057418109e-05, 3.68126420653e-05, 6.05170589552e-06, 4.71854309581e-06, 5.18544538863e-06, 3.41736836162e-06, 2.00315889742e-06, 9.2330822099e-07, 2.05059052405e-07, 8.32845330478e-08, 9.40196613897e-08, 4.2642845699e-08, 5.99231384513e-08, 4.61944260621e-08, 3.61174450347e-08, 4.5916497271e-08, 5.95277604987e-08, 2.30537757773e-08, 6.39481356757e-09, 1.13161972848e-10],
        "max": [0.00471900729463, 0.0655174106359, 0.0421653240919, 0.0198990497738, 0.0576693713665, 0.0276050120592, 0.0442244075239, 0.0600546486676, 0.133817628026, 0.0844924598932, 0.05368745327, 0.0629180520773, 0.0523748993874, 0.039813388139, 0.0242946799845, 0.00572647154331, 0.00406209658831, 0.00688234204426, 0.00316530186683, 0.00601549306884, 0.00644671125337, 0.00473455293104, 0.00578532880172, 0.00436127185822, 0.0031529632397, 0.00136215810198, 0.000266074435785],
        "mean": [0.00024486539769, 0.00750081054866, 0.00248318864033, 0.00127991125919, 0.00257936865091, 0.00104349292815, 0.00187417073175, 0.00150693603791, 0.00267587741837, 0.00119165610522, 0.00107590213884, 0.00103489868343, 0.000837264873553, 0.000803151924629, 0.000596715661231, 0.000390754896216, 0.000320428487612, 0.000311717420118, 0.00023199505813, 0.000188048928976, 0.000143153447425, 0.000128432686324, 0.00010984268738, 9.55354989856e-05, 5.94585217186e-05, 1.75422901521e-05, 2.41098541665e-06],
        "median": [9.56927178777e-05, 0.00484915310517, 0.00151095399633, 0.000744141405448, 0.00145760027226, 0.000640244456008, 0.000716384034604, 0.000342208892107, 0.000668929424137, 0.000377868534997, 0.000313701340929, 0.000453322310932, 0.000277531566098, 0.000285423069727, 0.000330675044097, 0.000250639335718, 0.000241885631112, 0.00021423882572, 0.000171360297827, 9.76576120593e-05, 6.20154169155e-05, 4.42505188403e-05, 3.16133555316e-05, 3.02093212667e-05, 1.73254375113e-05, 4.15175190938e-06, 4.45539228622e-07],
        "min": [1.1369778074e-23, 3.34776822512e-23, 4.8017224927e-23, 3.65175135733e-23, 4.44516462106e-23, 1.18830018282e-22, 8.53515881904e-23, 1.21876939886e-22, 8.6845179563e-23, 2.57262087788e-23, 3.61091202826e-23, 9.10717511428e-23, 6.77536538732e-23, 1.28003852143e-22, 1.62466938416e-22, 1.152058272e-22, 2.589825808e-22, 2.85967303557e-22, 1.42992449155e-22, 1.9714533954e-22, 3.33439842117e-22, 7.73783286833e-22, 5.6152522775e-22, 8.97814990815e-22, 1.33977864223e-21, 1.492370948e-21, 2.53194431922e-21],
        "var": [1.85685138376e-07, 6.57124983263e-05, 9.29206726141e-06, 2.95757149615e-06, 1.55510497279e-05, 2.20265837925e-06, 1.23025829453e-05, 1.79904272954e-05, 5.13615159434e-05, 1.66006666404e-05, 9.56523763307e-06, 7.06586160959e-06, 7.75300759415e-06, 5.80752748647e-06, 1.12574036848e-06, 2.19924430667e-07, 9.07856829713e-08, 1.21427532918e-07, 5.54110748396e-08, 9.855867944e-08, 8.52974011423e-08, 7.62708651791e-08, 6.22594171773e-08, 6.59554402205e-08, 2.92501045607e-08, 4.30671098783e-09, 8.64664589928e-11]
    },
    "erbbands": {
        "dmean": [0.162156283855, 1.07437634468, 2.00799560547, 3.02198886871, 4.04928779602, 8.7613658905, 5.29311323166, 5.73110485077, 11.093662262, 19.0408058167, 18.5358524323, 30.2398357391, 20.7290058136, 16.5209312439, 19.1943264008, 18.1122093201, 18.1670722961, 17.0600299835, 15.6341133118, 14.4402770996, 8.9205198288, 7.64830732346, 7.37917900085, 4.85543394089, 4.22559070587, 3.86600875854, 2.52175521851, 2.71620154381, 2.27366018295, 1.80413806438, 1.64556229115, 1.27693545818, 0.709121346474, 0.422968745232, 0.185869216919, 0.0739636719227, 0.0181829351932, 0.00255601131357, 0.000293213844998, 2.24995255849e-05],
        "dmean2": [0.261368513107, 1.84129393101, 3.57686543465, 5.40646314621, 6.98765325546, 15.0197839737, 8.99341011047, 9.46542358398, 17.5025920868, 28.4896774292, 28.5084934235, 43.1967353821, 29.7028884888, 23.4545383453, 28.1059589386, 26.6278991699, 26.3899993896, 25.0531711578, 23.367565155, 22.696641922, 14.0565948486, 12.1847906113, 11.4288005829, 7.62018013, 6.49493932724, 5.90544891357, 3.66199278831, 3.99439191818, 3.14948940277, 2.52918672562, 2.3455953598, 1.80616986752, 1.0056425333, 0.581893146038, 0.254187375307, 0.103090249002, 0.0262893773615, 0.00366922025569, 0.000429946492659, 3.29955728375e-05],
        "dvar": [0.0604798197746, 2.28647136688, 12.4439096451, 26.9722766876, 45.8427085876, 395.883239746, 90.1720199585, 142.232559204, 480.826873779, 2392.26953125, 3033.10180664, 11468.8173828, 5260.33496094, 2371.68652344, 3177.40136719, 3998.29516602, 3465.25244141, 2297.1940918, 1508.33374023, 699.679016113, 182.089767456, 96.5354766846, 127.333953857, 48.4441490173, 32.6718101501, 86.5735778809, 24.8000106812, 63.035320282, 33.3083992004, 14.4515686035, 21.5442008972, 21.0328216553, 5.48002767563, 2.43965673447, 0.408588379622, 0.108204722404, 0.00699407607317, 0.00014067790471, 1.45690512454e-06, 4.54679272011e-09],
        "dvar2": [0.14726229012, 6.20534467697, 36.3769111633, 78.7317962646, 121.269271851, 1071.78833008, 231.525405884, 357.158935547, 1047.67150879, 4814.88720703, 6849.49804688, 23396.8886719, 9070.79394531, 3748.88842773, 6679.58447266, 7456.49121094, 6426.17431641, 3910.95898438, 2574.20605469, 1505.0357666, 439.080505371, 235.969421387, 297.621917725, 119.777313232, 75.9459991455, 187.987319946, 55.8076400757, 147.722045898, 76.4009017944, 28.7134456635, 43.7481155396, 42.9927406311, 10.5594530106, 4.62157440186, 0.787737131119, 0.224930435419, 0.0148737551644, 0.000302277767332, 3.04184686684e-06, 8.54890025437e-09],
        "max": [2.43233942986, 16.1056938171, 42.4828414917, 55.9704170227, 89.0422058105, 271.812408447, 210.108337402, 305.521026611, 543.286621094, 1038.6217041, 1580.03625488, 2741.77856445, 2576.32202148, 2134.73535156, 1738.99108887, 3050.10693359, 2563.56298828, 2326.24902344, 1467.60852051, 648.766235352, 347.111602783, 224.383468628, 322.848602295, 180.202682495, 115.489135742, 384.034606934, 149.594558716, 377.012573242, 236.553344727, 110.00932312, 164.537826538, 120.932579041, 58.365020752, 48.1248397827, 20.1836986542, 8.57533740997, 2.11824369431, 0.459738045931, 0.0307417996228, 0.00247923098505],
        "mean": [0.224186852574, 1.6214684248, 3.03956389427, 3.92676973343, 5.37394142151, 10.4394636154, 7.93495225906, 9.35676288605, 19.9312133789, 36.2370910645, 33.7307281494, 59.4879722595, 45.6595611572, 40.0580215454, 46.3960380554, 40.3093910217, 42.0024642944, 35.6139602661, 36.6354637146, 30.1271209717, 20.9449901581, 18.5978126526, 17.9993095398, 12.8406114578, 10.9985227585, 9.03060150146, 5.76762962341, 6.13936758041, 4.9629778862, 3.68028283119, 3.02065706253, 2.35818910599, 1.37941360474, 0.786805212498, 0.347912818193, 0.11438921839, 0.0257734805346, 0.00377789279446, 0.000433313660324, 5.51146004e-05],
        "median": [0.114904128015, 1.0845489502, 2.06620025635, 2.4243979454, 3.1793589592, 5.19682788849, 4.85402965546, 5.69426584244, 8.72938156128, 11.1208496094, 10.8838758469, 15.5518093109, 14.2041006088, 15.0864601135, 17.9216041565, 18.4795532227, 14.6092147827, 14.6275520325, 16.4614658356, 16.7401885986, 14.9415540695, 14.262216568, 13.0442409515, 9.87206077576, 8.02034378052, 4.62838745117, 2.5483751297, 2.35881662369, 1.64627361298, 1.265625, 0.83415722847, 0.667839169502, 0.437255561352, 0.228074923158, 0.104643821716, 0.0283218994737, 0.00559550896287, 0.000845221162308, 9.30179376155e-05, 3.68888140656e-05],
        "min": [5.99293212075e-22, 9.39263020098e-21, 5.59790602136e-20, 5.99552786441e-20, 1.63944392749e-19, 1.64279982508e-19, 5.00550563303e-19, 1.00696108086e-18, 1.50848089305e-18, 1.37684016504e-18, 2.52153767464e-18, 1.61686068184e-18, 9.85797768286e-19, 1.34111806009e-18, 1.79814651547e-18, 3.46313721824e-18, 3.24448463782e-18, 6.45954976997e-18, 1.08737482372e-17, 5.70919686553e-18, 6.07156814828e-18, 1.38177378041e-17, 1.17392810789e-17, 1.60302639629e-17, 6.01052759574e-18, 1.05466892949e-17, 1.10347399183e-17, 1.63038340982e-17, 3.03020445139e-17, 1.7365321891e-17, 1.81041761578e-17, 2.04269439856e-17, 1.41772652399e-17, 1.19616710681e-17, 1.09801931472e-17, 5.58423055449e-18, 2.92546299584e-18, 1.18716330788e-18, 3.5666717449e-19, 3.90266947242e-20],
        "var": [0.0893530026078, 2.9356918335, 11.6593074799, 24.2282180786, 46.8859977722, 330.232208252, 127.848754883, 208.078521729, 1133.8503418, 6402.0390625, 7349.57128906, 27335.7246094, 19503.9179688, 13623.2373047, 11892.8808594, 12319.25, 17693.2617188, 7739.265625, 8172.27734375, 1939.20678711, 538.860473633, 291.53527832, 363.622192383, 151.528396606, 115.449119568, 271.967132568, 93.5229492188, 240.970504761, 137.488723755, 51.10887146, 51.142288208, 43.1170158386, 13.265045166, 5.5848903656, 0.920530200005, 0.162836551666, 0.00999328307807, 0.000204086638405, 2.37057224695e-06, 9.14972009269e-09]
    },
    "gfcc": {
        "mean": [1.29372930527, 103.96446228, -119.680358887, 33.8497695923, -48.0829048157, 19.2141361237, -31.202791214, 13.8621072769, -18.2952041626, 1.6581401825, -11.7667818069, -1.08089387417, -8.58145332336],
        "cov": [[12823.0800781, -304.060577393, -1585.85388184, -611.61126709, -1201.16760254, 312.010131836, -418.978668213, 164.676635742, -6.79126930237, 169.206863403, -13.7626791, 38.3504295349, -70.3026657104], [-304.060577393, 1026.22314453, -268.46661377, -142.486557007, 262.023986816, -156.885604858, 135.319198608, -24.5571689606, 54.2671661377, -61.4894790649, 70.746887207, -53.7103538513, 39.6198921204], [-1585.85388184, -268.46661377, 605.656494141, 184.867202759, 120.632392883, 21.7241306305, -12.9596576691, -9.2484960556, -7.19109296799, 13.679854393, -34.7467880249, 26.5336418152, -14.6431026459], [-611.61126709, -142.486557007, 184.867202759, 358.956665039, 44.5941581726, 60.0132217407, -30.1369037628, -34.2864074707, -6.6809091568, -1.77482509613, -12.4909009933, 15.0225887299, 39.4689750671], [-1201.16760254, 262.023986816, 120.632392883, 44.5941581726, 339.562774658, -29.9725475311, 96.431137085, 1.26924467087, 24.8109455109, -9.21919536591, 12.581240654, -8.54556274414, 19.6307449341], [312.010131836, -156.885604858, 21.7241306305, 60.0132217407, -29.9725475311, 181.678924561, 38.0327529907, 28.9706878662, -9.14622783661, 24.0209922791, 4.73488140106, 10.5829267502, 6.35449266434], [-418.978668213, 135.319198608, -12.9596576691, -30.1369037628, 96.431137085, 38.0327529907, 178.807037354, 14.5211296082, 6.89546346664, -5.65121936798, 15.6358613968, -10.4369707108, 3.56878423691], [164.676635742, -24.5571689606, -9.2484960556, -34.2864074707, 1.26924467087, 28.9706878662, 14.5211296082, 89.4872741699, 31.3718624115, 17.8637943268, 8.28405570984, -0.806366145611, -2.33411717415], [-6.79126930237, 54.2671661377, -7.19109296799, -6.6809091568, 24.8109455109, -9.14622783661, 6.89546346664, 31.3718624115, 70.6655731201, 22.8799304962, 5.71911048889, -7.78148365021, 1.47246813774], [169.206863403, -61.4894790649, 13.679854393, -1.77482509613, -9.21919536591, 24.0209922791, -5.65121936798, 17.8637943268, 22.8799304962, 63.5031852722, 16.4121646881, 6.01621198654, -7.3451166153], [-13.7626791, 70.746887207, -34.7467880249, -12.4909009933, 12.581240654, 4.73488140106, 15.6358613968, 8.28405570984, 5.71911048889, 16.4121646881, 60.2552566528, 12.6570234299, 4.94961500168], [38.3504295349, -53.7103538513, 26.5336418152, 15.0225887299, -8.54556274414, 10.5829267502, -10.4369707108, -0.806366145611, -7.78148365021, 6.01621198654, 12.6570234299, 51.2254486084, 14.9405584335], [-70.3026657104, 39.6198921204, -14.6431026459, 39.4689750671, 19.6307449341, 6.35449266434, 3.56878423691, -2.33411717415, 1.47246813774, -7.3451166153, 4.94961500168, 14.9405584335, 53.5494003296]],
        "icov": [[0.000238779743086, -0.000226653035497, 0.000505351752508, 0.000109704742499, 0.000538373889867, -0.000568723015022, 0.000506147160195, -0.000299508596072, 0.00017360066704, -0.000697255833074, 0.000743801996578, -0.000583858578466, 0.000355582800694], [-0.000226653035497, 0.00287581142038, 0.000442418910097, 0.00047620976693, -0.0021951047238, 0.00183339230716, -0.00124061468523, 0.00150105042849, -0.00201425305568, 0.00297042215243, -0.00366336549632, 0.00263291620649, -0.00185323029291], [0.000505351752508, 0.000442418910097, 0.00392701569945, -0.000881251122337, -0.000529954035301, -0.000635165895801, 0.000991481472738, -0.000664278573822, 0.000300991843687, -0.00154653156642, 0.00239519332536, -0.00255051720887, 0.00250392407179], [0.000109704742499, 0.00047620976693, -0.000881251122337, 0.00466814870015, -0.000496453722008, -0.00203971099108, 0.00137916440144, 0.00233148341067, -0.00126945984084, 0.000728777900804, -0.000493491534144, 0.00104486371856, -0.00356726860628], [0.000538373889867, -0.0021951047238, -0.000529954035301, -0.000496453722008, 0.00681244395673, -0.000661612546537, -0.00099933356978, -0.00140862551052, 0.000343559426256, -0.00250397226773, 0.00233239401132, -0.00146057375241, -2.27428827202e-05], [-0.000568723015022, 0.00183339230716, -0.000635165895801, -0.00203971099108, -0.000661612546537, 0.010243342258, -0.00450897915289, -0.00219908868894, 0.00194499175996, -0.000843518355396, -0.0024080586154, 0.00165357312653, -0.00194974581245], [0.000506147160195, -0.00124061468523, 0.000991481472738, 0.00137916440144, -0.00099933356978, -0.00450897915289, 0.00946802739054, -0.000836592284031, 0.000425556034315, -0.000261657376541, 0.000656708318274, -0.000288134207949, 0.00104304566048], [-0.000299508596072, 0.00150105042849, -0.000664278573822, 0.00233148341067, -0.00140862551052, -0.00219908868894, -0.000836592284031, 0.0166329331696, -0.00824859086424, 0.00182585988659, -0.00324839144014, 0.00154131650925, -0.0014983114088], [0.00017360066704, -0.00201425305568, 0.000300991843687, -0.00126945984084, 0.000343559426256, 0.00194499175996, 0.000425556034315, -0.00824859086424, 0.0225558709353, -0.0100992387161, 0.0034575802274, 0.00157002615742, -0.000771595863625], [-0.000697255833074, 0.00297042215243, -0.00154653156642, 0.000728777900804, -0.00250397226773, -0.000843518355396, -0.000261657376541, 0.00182585988659, -0.0100992387161, 0.0267074089497, -0.0107372831553, 0.00148255657405, 0.00156171107665], [0.000743801996578, -0.00366336549632, 0.00239519332536, -0.000493491534144, 0.00233239401132, -0.0024080586154, 0.000656708318274, -0.00324839144014, 0.0034575802274, -0.0107372831553, 0.0268315263093, -0.0101670678705, 0.00273974752054], [-0.000583858578466, 0.00263291620649, -0.00255051720887, 0.00104486371856, -0.00146057375241, 0.00165357312653, -0.000288134207949, 0.00154131650925, 0.00157002615742, 0.00148255657405, -0.0101670678705, 0.0288100242615, -0.0106947319582], [0.000355582800694, -0.00185323029291, 0.00250392407179, -0.00356726860628, -2.27428827202e-05, -0.00194974581245, 0.00104304566048, -0.0014983114088, -0.000771595863625, 0.00156171107665, 0.00273974752054, -0.0106947319582, 0.0268972758204]]
    },
    "melbands": {
        "dmean": [0.00133498932701, 0.00111263419967, 0.000499524234328, 0.000492919294629, 0.000213811901631, 0.000125861522974, 0.000179628768819, 0.000210503087146, 0.000161202886375, 0.000193716434296, 0.000104905746412, 7.04908015905e-05, 7.28490776964e-05, 5.75949998165e-05, 5.04033705511e-05, 3.59181904059e-05, 3.39018006343e-05, 2.88553801511e-05, 2.10899288504e-05, 1.59037099365e-05, 1.09118791443e-05, 8.84909786691e-06, 8.33111153042e-06, 6.76688205203e-06, 4.19848856836e-06, 3.73901320927e-06, 2.90478783427e-06, 2.85912165054e-06, 1.8303841216e-06, 1.45517651617e-06, 1.67938401319e-06, 1.39567430324e-06, 1.16932176297e-06, 1.06537413558e-06, 1.03272930119e-06, 9.2826604714e-07, 7.57812131269e-07, 5.15066972184e-07, 4.81931181184e-07, 3.32517146262e-07],
        "dmean2": [0.00216947868466, 0.00196501612663, 0.000890981697012, 0.000841643079184, 0.000363004830433, 0.00020809788839, 0.000277537619695, 0.000316836580168, 0.000244874419877, 0.000273096811725, 0.000151428146637, 9.93224530248e-05, 0.000106437277282, 8.68029674166e-05, 7.34265486244e-05, 5.24416645931e-05, 4.98317422171e-05, 4.32369597547e-05, 3.30581679009e-05, 2.50715020229e-05, 1.74749493453e-05, 1.42462258736e-05, 1.32312416099e-05, 1.06434745248e-05, 6.7173896241e-06, 5.8869491113e-06, 4.58727436126e-06, 4.42856389782e-06, 2.77125491266e-06, 2.14429837797e-06, 2.54294195656e-06, 2.0064335331e-06, 1.70077055373e-06, 1.54334861691e-06, 1.51939832449e-06, 1.36495509651e-06, 1.09561449335e-06, 7.53688425448e-07, 6.88157456352e-07, 4.70093254989e-07],
        "dvar": [3.60887543138e-06, 3.15064380629e-06, 7.05557226865e-07, 1.1340994206e-06, 1.58901599434e-07, 6.16557329636e-08, 1.29817451011e-07, 2.83909486143e-07, 2.59050352724e-07, 4.65058491272e-07, 1.35010765234e-07, 4.4426776924e-08, 4.51973072302e-08, 2.8704135957e-08, 3.59338159228e-08, 1.38506646152e-08, 9.97124782742e-09, 6.36408659105e-09, 3.26781179893e-09, 6.71913469308e-10, 2.60442722944e-10, 1.40924147352e-10, 1.35082542374e-10, 1.23181950751e-10, 3.92921598036e-11, 2.67157667516e-11, 1.96337581609e-11, 6.5508251601e-11, 1.47236632608e-11, 9.08485526391e-12, 2.59979260342e-11, 1.3094293011e-11, 6.26256902239e-12, 5.84613303947e-12, 8.61455698442e-12, 8.97203752265e-12, 8.15720060943e-12, 2.87993565627e-12, 2.76237669891e-12, 1.56697430639e-12],
        "dvar2": [8.58030216477e-06, 9.09871687327e-06, 2.0622703687e-06, 3.02393709717e-06, 4.18436115979e-07, 1.54547791453e-07, 2.73698702813e-07, 5.92364699514e-07, 5.84871543197e-07, 9.36141020702e-07, 2.33461193488e-07, 6.78220573036e-08, 9.18042530884e-08, 5.78873233792e-08, 7.30261078274e-08, 2.47656615215e-08, 1.67380065363e-08, 1.06098347885e-08, 6.82258782803e-09, 1.54850088308e-09, 6.39456210205e-10, 3.45642403587e-10, 3.2113547932e-10, 2.90394930325e-10, 9.97714549866e-11, 6.67796096199e-11, 4.48955733701e-11, 1.4416162708e-10, 3.54273901881e-11, 1.98397062667e-11, 6.24144555483e-11, 3.11799822073e-11, 1.34451217521e-11, 1.26856407323e-11, 1.86975556565e-11, 1.8475890956e-11, 1.70366758895e-11, 5.81494704818e-12, 5.4500050306e-12, 3.06027013626e-12],
        "max": [0.0181824993342, 0.0184318944812, 0.0091452980414, 0.0138340806589, 0.0066485395655, 0.00620464421809, 0.00803302228451, 0.0125586381182, 0.0154679724947, 0.0214061848819, 0.0125339590013, 0.00921349320561, 0.00663976278156, 0.00680084899068, 0.00812816340476, 0.00470001995564, 0.00491198524833, 0.00305186933838, 0.00203974964097, 0.000578751671128, 0.000436460308265, 0.000317847880069, 0.000216710439418, 0.000382050580811, 0.000148555351188, 0.000113313064503, 0.000174584361957, 0.000341008533724, 0.000111264846055, 0.000108519248897, 0.000225150710321, 0.000133715264383, 7.69820617279e-05, 8.58810599311e-05, 0.00013039651094, 6.89245207468e-05, 8.63860113895e-05, 4.1480136133e-05, 5.5778575188e-05, 3.83590740967e-05],
        "mean": [0.00204861769453, 0.00183792959433, 0.000694963615388, 0.000607393274549, 0.000317428435665, 0.000203954026802, 0.000328483467456, 0.000399099983042, 0.000287734757876, 0.000378678261768, 0.000222313930863, 0.000160344177857, 0.000167283666087, 0.0001151880424, 0.000106351202703, 7.6289230492e-05, 6.58368517179e-05, 6.37076955172e-05, 4.22194134444e-05, 3.17447666021e-05, 2.30213954637e-05, 1.89591683011e-05, 1.81011128007e-05, 1.46682896229e-05, 9.78215302894e-06, 8.8662154667e-06, 6.56931388221e-06, 5.97555890636e-06, 3.75303579858e-06, 3.09289612233e-06, 3.5962259517e-06, 2.88387877845e-06, 2.24391942538e-06, 1.99751002583e-06, 1.77884464847e-06, 1.6175458768e-06, 1.34625031478e-06, 9.60285319707e-07, 8.56723374909e-07, 5.97665177793e-07],
        "median": [0.00123068736866, 0.00135885598138, 0.000459503760794, 0.000331307383021, 0.000193197090994, 0.00012361590052, 0.000137273804285, 0.000110532513645, 8.32864607219e-05, 9.30266687647e-05, 6.23762462055e-05, 5.71100026718e-05, 5.50345721422e-05, 5.29291137354e-05, 3.38354002452e-05, 2.80973199551e-05, 2.50235425483e-05, 2.42508231167e-05, 2.33101600315e-05, 1.84702730621e-05, 1.63367549249e-05, 1.37976876431e-05, 1.27159746626e-05, 9.92172226688e-06, 7.15644227967e-06, 6.31714010524e-06, 4.50871948487e-06, 2.5146155167e-06, 1.56797818818e-06, 1.31496312861e-06, 1.33941898639e-06, 9.12629161576e-07, 7.79019273978e-07, 6.78606340898e-07, 4.96775328429e-07, 3.8940856939e-07, 3.91715872183e-07, 2.94215112717e-07, 2.59107082456e-07, 1.68881967966e-07],
        "min": [7.06746322558e-24, 2.33468970035e-23, 1.61540159381e-23, 1.23369199661e-23, 1.57812996707e-23, 2.55848449046e-23, 1.96357813387e-23, 2.00765258151e-23, 2.08251406147e-23, 9.41113978714e-24, 4.72545904914e-24, 5.2295932324e-24, 4.56862087941e-24, 1.1331513587e-23, 4.87894377117e-24, 1.06036308408e-23, 1.05629666389e-23, 1.78057739222e-23, 8.70670987574e-24, 6.61699682743e-24, 7.36287664623e-24, 1.32721808336e-23, 1.28998195536e-23, 1.32916215217e-23, 1.33549859851e-23, 4.98569006228e-24, 4.30244579935e-24, 7.43928334693e-24, 6.34775583946e-24, 9.28314947185e-24, 7.85274506888e-24, 1.94541745143e-23, 1.24271475099e-23, 7.77400255104e-24, 9.59337691144e-24, 1.13677467572e-23, 1.33073024988e-23, 9.2074661566e-24, 1.07156695998e-23, 9.89758218687e-24],
        "var": [5.69523535887e-06, 3.33600041813e-06, 6.43552482416e-07, 9.75773673417e-07, 1.90717528881e-07, 9.34491311e-08, 3.16593798289e-07, 7.81374978942e-07, 5.47020533759e-07, 1.13104965749e-06, 5.0939911489e-07, 2.6009442422e-07, 1.96172351252e-07, 8.4394365274e-08, 1.05127767824e-07, 5.28210719608e-08, 3.24610063274e-08, 3.87337486529e-08, 6.9874221964e-09, 1.68560554403e-09, 7.19168835595e-10, 3.64025254385e-10, 3.78689829494e-10, 3.23217175247e-10, 1.0393146066e-10, 8.63298668663e-11, 5.59627552632e-11, 1.81355361284e-10, 4.56450190145e-11, 3.31866582826e-11, 9.24362947297e-11, 5.02969402238e-11, 1.94714713103e-11, 1.67023114089e-11, 1.74615426285e-11, 2.00039186604e-11, 1.51428904138e-11, 6.50237632835e-12, 6.16974266815e-12, 3.38557177085e-12]
    },
    "mfcc": {
        "mean": [-634.742675781, 129.420059204, -6.18364715576, 20.6751213074, 8.23624515533, 6.90833377838, 4.11174631119, 9.29525566101, 2.8085091114, 4.84187316895, 2.60012292862, 1.03347861767, 1.04923808575],
        "cov": [[8477.32519531, 92.904800415, -487.072662354, -474.346954346, -449.748077393, -135.021530151, -249.854660034, -96.4846801758, -99.3163299561, 13.5936536789, 24.7179813385, 35.4950942993, -11.9126377106], [92.904800415, 1170.31188965, -416.136962891, 29.2779159546, 24.6217212677, -98.9197463989, 44.4629402161, 14.9800386429, 4.87975645065, 9.22940540314, 45.3233947754, -9.9217004776, 14.0200557709], [-487.072662354, -416.136962891, 443.778167725, 54.2517356873, 48.4513702393, 66.2162704468, -18.1010074615, 0.991176962852, -2.49377369881, -11.7488632202, -23.0420703888, 4.37478017807, -0.959829866886], [-474.346954346, 29.2779159546, 54.2517356873, 217.976196289, 89.3816986084, 44.5187683105, -2.89649510384, -4.52005147934, 9.85585403442, -6.94141721725, -25.0683021545, -17.0693874359, 9.16502857208], [-449.748077393, 24.6217212677, 48.4513702393, 89.3816986084, 179.831695557, 28.0396842957, 5.97822332382, 1.32474195957, 23.078748703, 3.23520159721, -6.6387462616, 5.93789672852, 12.7782564163], [-135.021530151, -98.9197463989, 66.2162704468, 44.5187683105, 28.0396842957, 139.605987549, 56.4490661621, 20.5683403015, 15.405620575, 9.40651416779, 0.0194999799132, -8.79784107208, 2.77888631821], [-249.854660034, 44.4629402161, -18.1010074615, -2.89649510384, 5.97822332382, 56.4490661621, 124.036270142, 44.6938819885, 18.7204208374, 13.6349802017, 12.9997034073, 6.36733102798, 8.83994674683], [-96.4846801758, 14.9800386429, 0.991176962852, -4.52005147934, 1.32474195957, 20.5683403015, 44.6938819885, 71.1511535645, 27.5846691132, 6.51886510849, 7.82671689987, 3.48840284348, 2.89317846298], [-99.3163299561, 4.87975645065, -2.49377369881, 9.85585403442, 23.078748703, 15.405620575, 18.7204208374, 27.5846691132, 70.4759597778, 30.0060901642, 10.1796703339, 0.383121103048, -0.0111235724762], [13.5936536789, 9.22940540314, -11.7488632202, -6.94141721725, 3.23520159721, 9.40651416779, 13.6349802017, 6.51886510849, 30.0060901642, 62.2903556824, 30.0888004303, 1.31005108356, -3.35146403313], [24.7179813385, 45.3233947754, -23.0420703888, -25.0683021545, -6.6387462616, 0.0194999799132, 12.9997034073, 7.82671689987, 10.1796703339, 30.0888004303, 67.9568252563, 22.6838665009, 1.29981434345], [35.4950942993, -9.9217004776, 4.37478017807, -17.0693874359, 5.93789672852, -8.79784107208, 6.36733102798, 3.48840284348, 0.383121103048, 1.31005108356, 22.6838665009, 57.5220413208, 23.2412528992], [-11.9126377106, 14.0200557709, -0.959829866886, 9.16502857208, 12.7782564163, 2.77888631821, 8.83994674683, 2.89317846298, -0.0111235724762, -3.35146403313, 1.29981434345, 23.2412528992, 49.9975891113]],
