{
"lowlevel": {
    "average_loudness": 0.88702583313,
    "barkbands_crest": {
        "dmean": 2.51446056366,
        "dmean2": 4.00143194199,
        "dvar": 6.29572200775,
        "dvar2": 16.1617584229,
        "max": 26.8419036865,
        "mean": 12.1790380478,
        "median": 11.1042823792,
        "min": 2.03888630867,
        "var": 22.2481117249
    },
    "barkbands_flatness_db": {
        "dmean": 0.0393775030971,
        "dmean2": 0.0539816692472,
        "dvar": 0.00230937101878,
        "dvar2": 0.00440408382565,
        "max": 0.661964178085,
        "mean": 0.253025263548,
        "median": 0.246284663677,
        "min": 0.0250277537853,
        "var": 0.0116290533915
    },
    "barkbands_kurtosis": {
        "dmean": 7.34587240219,
        "dmean2": 11.4367780685,
        "dvar": 241.133804321,
        "dvar2": 589.550048828,
        "max": 550.97052002,
        "mean": 11.7037506104,
        "median": 5.74403715134,
        "min": -1.91321325302,
        "var": 494.99005127
    },
    "barkbands_skewness": {
        "dmean": 0.808635175228,
        "dmean2": 1.19189441204,
        "dvar": 0.948808133602,
        "dvar2": 2.16675829887,
        "max": 15.2989215851,
        "mean": 1.89494848251,
        "median": 1.76535046101,
        "min": -8.21705532074,
        "var": 3.43530416489
    },
    "barkbands_spread": {
        "dmean": 4.57825422287,
        "dmean2": 6.44636440277,
        "dvar": 59.327835083,
        "dvar2": 104.814987183,
        "max": 136.134780884,
        "mean": 12.0330524445,
        "median": 5.9074473381,
        "min": 0.0541897453368,
        "var": 342.774993896
    },
    "dissonance": {
        "dmean": 0.0322368592024,
        "dmean2": 0.0503711029887,
        "dvar": 0.00126130471472,
        "dvar2": 0.00282448600046,
        "max": 0.500000178814,
        "mean": 0.418432384729,
        "median": 0.437342941761,
        "min": 0.0627639889717,
        "var": 0.00502030970529
    },
    "dynamic_complexity": 3.85003948212,
    "erbbands_crest": {
        "dmean": 2.46104049683,
        "dmean2": 3.7365925312,
        "dvar": 7.15689849854,
        "dvar2": 16.4564342499,
        "max": 33.4787101746,
        "mean": 11.3083133698,
        "median": 9.82707977295,
        "min": 2.07294201851,
        "var": 34.2282791138
    },
    "erbbands_flatness_db": {
        "dmean": 0.0332755073905,
        "dmean2": 0.0423870794475,
        "dvar": 0.00183808139991,
        "dvar2": 0.00318626267835,
        "max": 0.617211461067,
        "mean": 0.231801241636,
        "median": 0.217628091574,
        "min": 0.0519610866904,
        "var": 0.0110052162781
    },
    "erbbands_kurtosis": {
        "dmean": 3.46314239502,
        "dmean2": 5.17812728882,
        "dvar": 87.246711731,
        "dvar2": 186.296569824,
        "max": 299.899719238,
        "mean": 5.1248998642,
        "median": 1.05925130844,
        "min": -1.87201309204,
        "var": 225.350585938
    },
    "erbbands_skewness": {
        "dmean": 0.588299453259,
        "dmean2": 0.854478120804,
        "dvar": 0.560797274113,
        "dvar2": 1.30742645264,
        "max": 12.4465179443,
        "mean": 0.959778547287,
        "median": 0.895136117935,
        "min": -10.043170929,
        "var": 1.82915556431
    },
    "erbbands_spread": {
        "dmean": 11.9523162842,
        "dmean2": 16.7594337463,
        "dvar": 296.258666992,
        "dvar2": 514.746826172,
        "max": 160.462417603,
        "mean": 30.3685951233,
        "median": 21.631565094,
        "min": 0.34675103426,
        "var": 718.212524414
    },
    "hfc": {
        "dmean": 6.70162153244,
        "dmean2": 9.94803714752,
        "dvar": 232.583618164,
        "dvar2": 539.532348633,
        "max": 179.860977173,
        "mean": 10.5088644028,
        "median": 4.9462146759,
        "min": 1.21242443185e-16,
        "var": 270.925598145
    },
    "melbands_crest": {
        "dmean": 2.92696356773,
        "dmean2": 4.56673908234,
        "dvar": 7.88837385178,
        "dvar2": 19.008441925,
        "max": 34.2027053833,
        "mean": 15.4596204758,
        "median": 14.9414768219,
        "min": 1.90404260159,
        "var": 25.8638877869
    },
    "melbands_flatness_db": {
        "dmean": 0.0464955642819,
        "dmean2": 0.063160136342,
        "dvar": 0.00311369076371,
        "dvar2": 0.00591391278431,
        "max": 0.785525143147,
        "mean": 0.348083943129,
        "median": 0.345614880323,
        "min": 0.00803490914404,
        "var": 0.0176052171737
    },
    "melbands_kurtosis": {
        "dmean": 14.2523269653,
        "dmean2": 21.334854126,
        "dvar": 790.747741699,
        "dvar2": 1839.85766602,
        "max": 476.21496582,
        "mean": 22.8531856537,
        "median": 10.438709259,
        "min": -1.92354798317,
        "var": 1329.27050781
    },
    "melbands_skewness": {
        "dmean": 1.03165352345,
        "dmean2": 1.46558594704,
        "dvar": 1.69442999363,
        "dvar2": 3.41241836548,
        "max": 17.4406261444,
        "mean": 2.74755597115,
        "median": 2.35606408119,
        "min": -5.13890600204,
        "var": 5.47489881516
    },
    "melbands_spread": {
        "dmean": 4.21475315094,
        "dmean2": 6.06126213074,
        "dvar": 69.7382354736,
        "dvar2": 136.138977051,
        "max": 227.828277588,
        "mean": 12.4784784317,
        "median": 6.10074949265,
        "min": 0.311750590801,
        "var": 632.901123047
    },
    "pitch_salience": {
        "dmean": 0.0737393721938,
        "dmean2": 0.116462543607,
        "dvar": 0.00493815727532,
        "dvar2": 0.0119353448972,
        "max": 0.972879827023,
        "mean": 0.535226285458,
        "median": 0.544023752213,
        "min": 0.0572092235088,
        "var": 0.0169700011611
    },
    "silence_rate_20dB": {
        "dmean": 0,
        "dmean2": 0,
        "dvar": 0,
        "dvar2": 0,
        "max": 1,
        "mean": 1,
        "median": 1,
        "min": 1,
        "var": 0
    },
    "silence_rate_30dB": {
        "dmean": 0.0268699377775,
        "dmean2": 0.0537449978292,
        "dvar": 0.0261483304203,
        "dvar2": 0.061527531594,
        "max": 1,
        "mean": 0.97722941637,
        "median": 1,
        "min": 0,
        "var": 0.0222521871328
    },
    "silence_rate_60dB": {
        "dmean": 0.0262982379645,
        "dmean2": 0.0526014864445,
        "dvar": 0.0256062019616,
        "dvar2": 0.0587901622057,
        "max": 1,
        "mean": 0.102991618216,
        "median": 0,
        "min": 0,
        "var": 0.0923873409629
    },
    "spectral_centroid": {
        "dmean": 206.151260376,
        "dmean2": 283.763397217,
        "dvar": 113244.640625,
        "dvar2": 206897.6875,
        "max": 10854.0126953,
        "mean": 701.222473145,
        "median": 446.141967773,
        "min": 156.904525757,
        "var": 461301.75
    },
    "spectral_complexity": {
        "dmean": 3.6028585434,
        "dmean2": 5.53382873535,
        "dvar": 42.8292770386,
        "dvar2": 81.3163146973,
        "max": 60,
        "mean": 10.4512195587,
        "median": 8,
        "min": 0,
        "var": 80.9143295288
    },
    "spectral_decrease": {
        "dmean": 3.44584427658e-09,
        "dmean2": 5.43094325067e-09,
        "dvar": 4.62442236678e-17,
        "dvar2": 1.08934849321e-16,
        "max": 1.91081926825e-18,
        "mean": -6.927181051e-09,
        "median": -4.19714130118e-09,
        "min": -6.51563425436e-08,
        "var": 6.48986453321e-17
    },
    "spectral_energy": {
        "dmean": 0.0135327531025,
        "dmean2": 0.0212475769222,
        "dvar": 0.000703451049048,
        "dvar2": 0.00165797502268,
        "max": 0.251210480928,
        "mean": 0.027097992599,
        "median": 0.016490560025,
        "min": 1.09450276831e-20,
        "var": 0.000982314464636
    },
    "spectral_energyband_high": {
        "dmean": 0.000420858559664,
        "dmean2": 0.000636526267044,
        "dvar": 9.83766767604e-07,
        "dvar2": 2.1680853024e-06,
        "max": 0.0105277113616,
        "mean": 0.000409529020544,
        "median": 7.94126481196e-06,
        "min": 8.4302031349e-21,
        "var": 1.14164356546e-06
    },
    "spectral_energyband_low": {
        "dmean": 0.00909417401999,
        "dmean2": 0.0146654136479,
        "dvar": 0.000417297618696,
        "dvar2": 0.00101873918902,
        "max": 0.193270996213,
        "mean": 0.0130081335083,
        "median": 0.00522004952654,
        "min": 2.72651912079e-23,
        "var": 0.000498993089423
    },
    "spectral_energyband_middle_high": {
        "dmean": 0.00120923644863,
        "dmean2": 0.00192429486196,
        "dvar": 1.41493401316e-05,
        "dvar2": 3.57928038284e-05,
        "max": 0.0563848428428,
        "mean": 0.00153901847079,
        "median": 0.000454207096482,
        "min": 1.43181682372e-21,
        "var": 1.44717323565e-05
    },
    "spectral_energyband_middle_low": {
        "dmean": 0.00659333076328,
        "dmean2": 0.01061540097,
        "dvar": 0.00026818891638,
        "dvar2": 0.000734712346457,
        "max": 0.176484853029,
        "mean": 0.013591427356,
        "median": 0.00761978980154,
        "min": 2.56303912089e-22,
        "var": 0.000318930571666
    },
    "spectral_entropy": {
        "dmean": 0.367725133896,
        "dmean2": 0.481727659702,
        "dvar": 0.222336545587,
        "dvar2": 0.410882800817,
        "max": 9.79598045349,
        "mean": 6.60094690323,
        "median": 6.53769874573,
        "min": 3.24566221237,
        "var": 1.0565007925
    },
    "spectral_flux": {
        "dmean": 0.0328675508499,
        "dmean2": 0.0506430864334,
        "dvar": 0.00278224074282,
        "dvar2": 0.00541460560635,
        "max": 0.480785340071,
        "mean": 0.0705217421055,
        "median": 0.0461029298604,
        "min": 1.04618487484e-10,
        "var": 0.00533515121788
    },
    "spectral_kurtosis": {
        "dmean": 15.35044384,
        "dmean2": 24.3655548096,
        "dvar": 760.157104492,
        "dvar2": 1756.19702148,
        "max": 498.255615234,
        "mean": 33.0829734802,
        "median": 10.6674547195,
        "min": -1.18248271942,
        "var": 2942.1015625
    },
    "spectral_rms": {
        "dmean": 0.00105493632145,
        "dmean2": 0.00159157463349,
        "dvar": 2.71334806712e-06,
        "dvar2": 6.00584371568e-06,
        "max": 0.0156551394612,
        "mean": 0.00446651969105,
        "median": 0.00401102844626,
        "min": 3.26773243881e-12,
        "var": 6.48715740681e-06
    },
    "spectral_rolloff": {
        "dmean": 286.303527832,
        "dmean2": 458.169952393,
        "dvar": 713394.1875,
        "dvar2": 1535797.375,
        "max": 18733.8867188,
        "mean": 1030.03540039,
        "median": 387.59765625,
        "min": 64.599609375,
        "var": 7007419.5
    },
    "spectral_skewness": {
        "dmean": 1.01161873341,
        "dmean2": 1.51672565937,
        "dvar": 1.76686131954,
        "dvar2": 3.92598414421,
        "max": 18.0867576599,
        "mean": 3.46307253838,
        "median": 2.55522823334,
        "min": 0.025455551222,
        "var": 8.00277996063
    },
    "spectral_spread": {
        "dmean": 852653.625,
        "dmean2": 1087324.625,
        "dvar": 1.0632593408e+12,
        "dvar2": 1.54178617344e+12,
        "max": 40073108,
        "mean": 3537053.75,
        "median": 2939262,
        "min": 228568.125,
        "var": 6.73115642266e+12
    },
    "spectral_strongpeak": {
        "dmean": 0.296864420176,
        "dmean2": 0.478423863649,
        "dvar": 0.249809473753,
        "dvar2": 0.611171245575,
        "max": 11.5210609436,
        "mean": 0.736819386482,
        "median": 0.426097452641,
        "min": 0,
        "var": 0.786845326424
    },
    "zerocrossingrate": {
        "dmean": 0.00907100457698,
        "dmean2": 0.00989618711174,
        "dvar": 0.00019928898837,
        "dvar2": 0.000229239012697,
        "max": 0.71533203125,
        "mean": 0.0398409292102,
        "median": 0.0205078125,
        "min": 0.001953125,
        "var": 0.00588620919734
    },
    "barkbands": {
        "dmean": [0.000173597290996, 0.0057942350395, 0.00372053589672, 0.002637647558, 0.0023428038694, 0.00126904156059, 0.000506468233652, 0.000518309243489, 0.000596660654992, 0.000220953297685, 0.000217990818783, 0.000179455601028, 0.000108712571091, 8.56843253132e-05, 0.000131665306981, 8.44869209686e-05, 0.000105313360109, 0.000133434921736, 0.000112952184281, 8.38371925056e-05, 0.000107931817183, 0.000103540238342, 8.66431437316e-05, 4.54094188171e-05, 2.86652939394e-05, 1.27331022668e-05, 3.68312612409e-06],
        "dmean2": [0.000293389515718, 0.00983175542206, 0.00623283488676, 0.00474249664694, 0.00360314478166, 0.00180478161201, 0.0007592071197, 0.000770364014897, 0.000979990232736, 0.000351232854882, 0.000357108423486, 0.000298777478747, 0.000188192556379, 0.000142664590385, 0.0002194812987, 0.000138541203341, 0.000171449471964, 0.000212282102439, 0.000182786941878, 0.000133056310005, 0.000167744132341, 0.000159883216838, 0.000131115331897, 6.49978101137e-05, 4.22636403528e-05, 1.85907993e-05, 5.25987297806e-06],
        "dvar": [1.26226595398e-07, 0.000200499343919, 9.19092999538e-05, 0.000101249519503, 3.78817276214e-05, 7.9646724771e-06, 1.4582814174e-06, 2.52703466685e-06, 1.00031729744e-05, 3.30219307898e-07, 7.23027994809e-07, 5.43693317923e-07, 1.12446819855e-07, 7.64647083429e-08, 6.31292493836e-07, 8.5355921442e-08, 1.27194397237e-07, 1.96465165914e-07, 1.20912531543e-07, 5.23840562039e-08, 8.78620127764e-08, 6.86358845314e-08, 5.19873459837e-08, 1.06787636511e-08, 5.66083357967e-09, 1.58516877402e-09, 1.59166305136e-10],
        "dvar2": [3.61982216646e-07, 0.000533984042704, 0.00024422846036, 0.00029026606353, 9.76169249043e-05, 1.68013284565e-05, 3.4525630781e-06, 5.22707659911e-06, 2.36256491917e-05, 8.01823546226e-07, 1.85680710274e-06, 1.38685402362e-06, 2.96881779605e-07, 1.99797383971e-07, 1.67162795606e-06, 2.13018026329e-07, 3.03081918673e-07, 4.57171466905e-07, 3.07038646952e-07, 1.20536938653e-07, 2.13257735027e-07, 1.58875607781e-07, 1.20345987398e-07, 2.11056843114e-08, 1.21371392936e-08, 3.56206841801e-09, 3.43039235906e-10],
        "max": [0.00491268374026, 0.134230479598, 0.122896298766, 0.133059233427, 0.119647420943, 0.0653841048479, 0.0329151637852, 0.0414210110903, 0.0450347848237, 0.0111607601866, 0.033387798816, 0.0193530488759, 0.00462214602157, 0.00395250227302, 0.027166986838, 0.00683725206181, 0.00514685362577, 0.00693054543808, 0.0036473388318, 0.00183859805111, 0.00386538612656, 0.00288814119995, 0.00234981905669, 0.000963749771472, 0.000685447186697, 0.000449525046861, 0.000145402635098],
        "mean": [0.00019925723609, 0.00720505975187, 0.00422413414344, 0.00267382455058, 0.0046769301407, 0.0033751046285, 0.00110878306441, 0.000944417261053, 0.000659810029902, 0.000311081210384, 0.000292303186143, 0.000200014314032, 0.000119993601402, 8.80749867065e-05, 0.000154269131599, 8.31124634715e-05, 0.000106929088361, 0.000125238497276, 0.000102176207292, 7.93546714704e-05, 9.80090117082e-05, 9.77685995167e-05, 8.35671744426e-05, 4.59588991362e-05, 2.75717484328e-05, 1.17449781101e-05, 3.4907823192e-06],
        "median": [3.83709775633e-05, 0.00195097201504, 0.00126431381796, 0.000775275926571, 0.00171375100035, 0.001244010753, 0.000358829798643, 0.000123100529891, 0.000104246209958, 7.8488024883e-05, 5.11438047397e-05, 3.15453180519e-05, 3.06505316985e-05, 1.49372499436e-05, 1.27783659991e-05, 6.7743467298e-06, 7.05586671756e-06, 6.28722773399e-06, 4.36780646851e-06, 2.48173091677e-06, 2.39016617343e-06, 1.62690878369e-06, 1.06827155832e-06, 5.91007733419e-07, 2.02984296038e-07, 7.68358745518e-08, 9.88483783715e-09],
        "min": [5.35726238269e-25, 1.76174144484e-23, 3.98813837116e-24, 1.12957095571e-23, 1.0249417306e-22, 1.70467477364e-23, 1.60763099835e-23, 4.68788039775e-23, 3.9741190507e-23, 6.72108670833e-23, 1.12951679252e-22, 1.39493213641e-22, 6.64922463531e-23, 9.53536944472e-23, 1.24837465443e-22, 1.33489616121e-22, 1.80842777938e-22, 2.72188768686e-22, 2.00277319282e-22, 2.05227945266e-22, 4.36362865209e-22, 7.28990578187e-22, 7.8965249243e-22, 8.39963390392e-22, 1.35719507543e-21, 1.7970967328e-21, 2.60056315155e-21],
        "var": [1.64881143405e-07, 0.000202139883186, 8.22015645099e-05, 6.543960626e-05, 8.59117426444e-05, 4.27934537583e-05, 4.77229832541e-06, 1.15443581308e-05, 8.98490998225e-06, 4.66799633614e-07, 1.11067458874e-06, 6.10457959738e-07, 9.86648345247e-08, 6.52852634175e-08, 1.18630259749e-06, 8.87135129801e-08, 1.31649073865e-07, 2.04968827688e-07, 1.13760094678e-07, 5.70127234312e-08, 8.49338306352e-08, 7.31988265557e-08, 5.53578693996e-08, 1.39056224313e-08, 6.52559695169e-09, 1.69230063296e-09, 1.77938511148e-10]
    },
    "erbbands": {
        "dmean": [0.126476854086, 1.4951826334, 4.24192714691, 6.47534227371, 9.01963996887, 7.18299913406, 8.08470439911, 10.9638710022, 8.82847499847, 9.97705841064, 10.1020383835, 11.9167003632, 12.2776708603, 6.24294614792, 8.43880844116, 6.91317605972, 5.0231552124, 4.32789802551, 7.91049289703, 4.68280315399, 4.44410562515, 5.96519374847, 7.11488866806, 6.98530387878, 4.75971794128, 3.94813203812, 4.19981718063, 4.09174442291, 3.59326767921, 3.75288057327, 2.16470742226, 1.13999438286, 0.666224300861, 0.375011533499, 0.168098807335, 0.0802407711744, 0.0176604241133, 0.00330831878819, 0.000703748082742, 3.86792562495e-05],
        "dmean2": [0.21210642159, 2.5379178524, 6.99856233597, 11.3925457001, 15.3106079102, 10.6584825516, 11.0620183945, 16.191860199, 12.1694574356, 14.8430118561, 16.0450649261, 19.3442325592, 19.9749126434, 10.2961702347, 13.6354703903, 11.6748189926, 8.5987071991, 7.21921396255, 13.4849910736, 7.6823964119, 7.03347730637, 9.67482948303, 11.2162237167, 11.5147409439, 7.78158664703, 6.24479103088, 6.70548057556, 6.26471090317, 5.59520864487, 5.76696205139, 3.22156047821, 1.6283134222, 0.963482737541, 0.553068935871, 0.254864186049, 0.11898355186, 0.0255032666028, 0.00481193233281, 0.00101848621853, 5.67109236727e-05],
        "dvar": [0.0936219915748, 13.8864059448, 108.478897095, 479.945648193, 1114.45300293, 270.629699707, 223.091049194, 669.274963379, 428.937744141, 886.118713379, 1161.93896484, 3277.86157227, 3201.08154297, 376.443115234, 1102.88659668, 792.416137695, 239.521026611, 186.188781738, 2447.03393555, 339.180053711, 205.747573853, 434.688995361, 601.814697266, 424.324493408, 251.367584229, 110.788902283, 142.984268188, 116.814376831, 89.1478271484, 92.1591262817, 30.0395870209, 7.0072312355, 2.37429475784, 0.863842785358, 0.234236255288, 0.0604761093855, 0.00312735792249, 0.000124472891912, 5.83513201491e-06, 8.65370886061e-09],
        "dvar2": [0.256378769875, 37.1134986877, 276.558929443, 1352.9798584, 3129.32983398, 587.172912598, 386.042388916, 1546.66809082, 707.713806152, 1794.17724609, 3041.76147461, 7642.58300781, 8226.68554688, 964.327148438, 2853.26391602, 2097.26879883, 622.30657959, 484.426208496, 6623.68359375, 857.157714844, 501.066711426, 1026.3572998, 1382.00292969, 1072.05969238, 617.420776367, 245.110610962, 353.19229126, 279.402191162, 211.096191406, 218.739059448, 69.3051986694, 14.0675649643, 4.77310419083, 1.79589617252, 0.523599863052, 0.138461828232, 0.00658232392743, 0.000257540057646, 1.30176185849e-05, 1.87245436933e-08],
        "max": [2.80252718925, 35.6472053528, 113.030105591, 297.328369141, 473.113342285, 463.911010742, 506.99331665, 576.876586914, 649.29876709, 789.579223633, 508.202880859, 823.311157227, 855.147521973, 411.230224609, 1683.88671875, 879.486633301, 226.019515991, 158.715026855, 1541.23620605, 642.377502441, 221.68939209, 302.341125488, 396.214141846, 216.837234497, 185.457382202, 84.9997558594, 137.162963867, 137.891357422, 117.510787964, 90.7593994141, 64.0691833496, 24.2753868103, 13.9808664322, 7.43819570541, 4.76360797882, 2.61994147301, 0.6732249856, 0.135739728808, 0.0276906453073, 0.000913976749871],
        "mean": [0.155440673232, 1.79389750957, 4.95382928848, 7.33278465271, 11.0742607117, 15.6487503052, 23.2822360992, 26.1652565002, 22.5083580017, 19.5879077911, 14.6850481033, 14.4018774033, 14.4765367508, 7.83152675629, 12.1408033371, 7.9270772934, 5.8159236908, 4.80397796631, 8.66487121582, 5.18323087692, 4.53120946884, 6.08806800842, 6.82102918625, 6.39450311661, 4.39788198471, 3.80636930466, 3.77542161942, 3.79033279419, 3.32488226891, 3.48368620872, 2.10814881325, 1.15147173405, 0.675024569035, 0.367374569178, 0.157945409417, 0.0737989321351, 0.016761187464, 0.00315524754114, 0.000665970495902, 5.49915312149e-05],
        "median": [0.0297656562179, 0.497000098228, 1.59848213196, 2.74457764626, 2.98286247253, 5.40040397644, 10.1812458038, 8.92008399963, 6.17170715332, 4.20404005051, 3.34795713425, 3.18215465546, 3.44015645981, 2.28930187225, 2.34009218216, 1.62200045586, 1.64297997952, 1.04929661751, 0.672260642052, 0.626896858215, 0.447017788887, 0.408205628395, 0.400671005249, 0.32720336318, 0.186209917068, 0.124877110124, 0.0993763804436, 0.0797781422734, 0.0599875412881, 0.0437536761165, 0.0288692228496, 0.016682356596, 0.00769568607211, 0.00296922260895, 0.00118703336921, 0.000598569808062, 8.53689416545e-05, 1.51681342686e-05, 1.37521628858e-05, 2.09251302294e-05],
        "min": [4.15760620399e-22, 4.26050602826e-21, 4.6232574425e-21, 2.65942993645e-20, 1.74957565897e-19, 4.47351682978e-19, 1.31097218645e-19, 1.36777351589e-19, 2.95897756253e-19, 4.163711324e-19, 1.06307722041e-18, 1.03877362004e-18, 1.81858800956e-18, 3.91865400105e-18, 3.05038794785e-18, 6.91189307435e-18, 3.18906891345e-18, 3.67652458727e-18, 6.35327856795e-18, 6.77147461588e-18, 7.08666889316e-18, 1.25918172588e-17, 1.32936154884e-17, 1.47403767137e-17, 6.52503972702e-18, 9.99074203234e-18, 1.28794660081e-17, 2.42908866066e-17, 2.58791958054e-17, 2.6210263265e-17, 1.95626692856e-17, 1.91660196383e-17, 1.19952612184e-17, 1.10262075503e-17, 1.20187531478e-17, 6.21109159733e-18, 3.59094324033e-18, 1.35769269162e-18, 3.45520812338e-19, 4.12070394213e-20],
        "var": [0.100414298475, 13.1173591614, 103.659416199, 332.23236084, 975.161499023, 1135.74291992, 1545.41210938, 2927.22680664, 2819.47143555, 4155.22509766, 1466.5916748, 3076.13842773, 2670.4128418, 415.231811523, 1779.66210938, 785.936950684, 222.178573608, 165.484634399, 4039.82006836, 424.091308594, 215.710861206, 452.889190674, 638.040161133, 403.002288818, 239.262008667, 127.829460144, 134.477828979, 117.776275635, 90.5813217163, 93.5806808472, 32.9182662964, 8.94122695923, 3.06718683243, 1.04432010651, 0.252155154943, 0.0633487552404, 0.0035698460415, 0.000142484772368, 6.29436544841e-06, 1.04012114477e-08]
    },
    "gfcc": {
        "mean": [-127.90750885, 154.23147583, -84.6112365723, 18.8773708344, -51.4757843018, 0.277674555779, -27.4443359375, -5.16285037994, -15.531785965, -6.76339626312, -6.26122808456, -1.86323404312, -5.81877660751],
        "cov": [[30187.0097656, -114.347259521, -826.614868164, 3216.36010742, -1461.04455566, 387.866638184, -1071.07580566, 53.2949142456, -537.725036621, -70.3152999878, -295.40725708, 258.295532227, -282.568725586], [-114.347259521, 5496.72363281, -10.8616676331, -1342.50439453, 932.942138672, -717.904785156, 29.3245048523, -641.013122559, 230.551528931, -364.080413818, 341.109558105, -243.17855835, 328.829406738], [-826.614868164, -10.8616676331, 1492.04296875, 240.017669678, -126.419128418, 112.552536011, -10.5087757111, -44.9191131592, 4.91254997253, 95.3148498535, 87.8991699219, 69.1069564819, -22.4130630493], [3216.36010742, -1342.50439453, 240.017669678, 1314.08312988, -359.702178955, 178.593704224, -105.614318848, 136.048660278, -112.175369263, 57.4102592468, -59.9692573547, 90.1186676025, -83.4390563965], [-1461.04455566, 932.942138672, -126.419128418, -359.702178955, 657.248779297, -102.588104248, 48.2830886841, -72.7223358154, 79.9277038574, -53.7437782288, 63.0362358093, -53.0665550232, 102.697395325], [387.866638184, -717.904785156, 112.552536011, 178.593704224, -102.588104248, 440.885192871, 77.7356033325, 94.0093536377, -79.9605789185, 26.6644268036, -70.6561431885, 52.6321182251, -62.241973877], [-1071.07580566, 29.3245048523, -10.5087757111, -105.614318848, 48.2830886841, 77.7356033325, 225.8855896, 60.9714164734, 21.5496578217, -11.254655838, 14.2873125076, -14.3471851349, 1.93559718132], [53.2949142456, -641.013122559, -44.9191131592, 136.048660278, -72.7223358154, 94.0093536377, 60.9714164734, 216.030044556, 26.0376987457, 55.5124397278, -44.457698822, 24.2252502441, -52.1056022644], [-537.725036621, 230.551528931, 4.91254997253, -112.175369263, 79.9277038574, -79.9605789185, 21.5496578217, 26.0376987457, 143.006851196, 39.8195343018, 36.2681617737, -27.2082118988, 19.1578617096], [-70.3152999878, -364.080413818, 95.3148498535, 57.4102592468, -53.7437782288, 26.6644268036, -11.254655838, 55.5124397278, 39.8195343018, 134.325653076, 29.2805652618, 21.2769794464, -29.342010498], [-295.40725708, 341.109558105, 87.8991699219, -59.9692573547, 63.0362358093, -70.6561431885, 14.2873125076, -44.457698822, 36.2681617737, 29.2805652618, 130.335632324, 22.8715305328, 34.648273468], [258.295532227, -243.17855835, 69.1069564819, 90.1186676025, -53.0665550232, 52.6321182251, -14.3471851349, 24.2252502441, -27.2082118988, 21.2769794464, 22.8715305328, 96.8805084229, 17.4386425018], [-282.568725586, 328.829406738, -22.4130630493, -83.4390563965, 102.697395325, -62.241973877, 1.93559718132, -52.1056022644, 19.1578617096, -29.342010498, 34.648273468, 17.4386425018, 98.9378890991]],
        "icov": [[0.000116577415611, -0.000279841682641, 0.000172378728166, -0.000342231563991, 0.00023107106972, -0.000207181379665, 0.000446909485618, -0.000317122874549, 0.000280973181361, -0.000423171324655, 0.000366200809367, -0.000388876534998, 0.000227904441999], [-0.000279841682641, 0.00139457196929, -0.000538239080925, 0.00110299442895, -0.000829790078569, 0.000691620924044, -0.000986451981589, 0.00167560647242, -0.00142230151687, 0.00272066425532, -0.00227238610387, 0.00190818088595, -0.000886034278665], [0.000172378728166, -0.000538239080925, 0.00108423666097, -0.000701167446095, 0.000468936457764, -0.000587009009905, 0.000533010519575, -3.14314384013e-05, 0.00021785525314, -0.00129024381749, 0.000375129282475, -0.0011387016857, 0.000696974864695], [-0.000342231563991, 0.00110299442895, -0.000701167446095, 0.00220934953541, -0.000437383452663, 0.000506640877575, -0.000606802757829, 0.000430719315773, -0.00047058679047, 0.00197582016699, -0.001806001761, 0.00143055268563, -0.000870065356139], [0.00023107106972, -0.000829790078569, 0.000468936457764, -0.000437383452663, 0.00284384260885, -0.000836344377603, 0.000979440868832, -0.00124704756308, 0.000313578668283, -0.000898709404282, 0.000265685899649, 0.000331056537107, -0.00147742009722], [-0.000207181379665, 0.000691620924044, -0.000587009009905, 0.000506640877575, -0.000836344377603, 0.00431824289262, -0.00266077835113, 0.00084431952564, 0.000821150490083, 0.000152559747221, 0.00136839260813, -0.00150780146942, 0.00115815585013], [0.000446909485618, -0.000986451981589, 0.000533010519575, -0.000606802757829, 0.000979440868832, -0.00266077835113, 0.00849900860339, -0.00447388039902, 0.00096482783556, 0.00067345565185, -0.00194553530309, 0.00157209823374, -0.000631910690572], [-0.000317122874549, 0.00167560647242, -3.14314384013e-05, 0.000430719315773, -0.00124704756308, 0.00084431952564, -0.00447388039902, 0.0117513714358, -0.00538073759526, 0.000648860237561, 0.0016709077172, -0.00267649209127, 0.00310428929515], [0.000280973181361, -0.00142230151687, 0.00021785525314, -0.00047058679047, 0.000313578668283, 0.000821150490083, 0.00096482783556, -0.00538073759526, 0.0137813091278, -0.00656934268773, 0.000187129495316, 0.00292813847773, -0.00267790351063], [-0.000423171324655, 0.00272066425532, -0.00129024381749, 0.00197582016699, -0.000898709404282, 0.000152559747221, 0.00067345565185, 0.000648860237561, -0.00656934268773, 0.0179020892829, -0.00869458634406, 0.00237423949875, 0.00168808933813], [0.000366200809367, -0.00227238610387, 0.000375129282475, -0.001806001761, 0.000265685899649, 0.00136839260813, -0.00194553530309, 0.0016709077172, 0.000187129495316, -0.00869458634406, 0.0178891662508, -0.00908209662884, 0.0013845624635], [-0.000388876534998, 0.00190818088595, -0.0011387016857, 0.00143055268563, 0.000331056537107, -0.00150780146942, 0.00157209823374, -0.00267649209127, 0.00292813847773, 0.00237423949875, -0.00908209662884, 0.0217325426638, -0.00974952615798], [0.000227904441999, -0.000886034278665, 0.000696974864695, -0.000870065356139, -0.00147742009722, 0.00115815585013, -0.000631910690572, 0.00310428929515, -0.00267790351063, 0.00168808933813, 0.0013845624635, -0.00974952615798, 0.0192893184721]]
    },
    "melbands": {
        "dmean": [0.00135045207571, 0.00211035134271, 0.00120890582912, 0.000556150451303, 0.000291059433948, 0.000247544172453, 0.000128421655972, 0.000111591092718, 8.25143215479e-05, 7.94831066742e-05, 6.08655100223e-05, 2.41653724515e-05, 3.0234505175e-05, 2.29996185226e-05, 1.32133955049e-05, 9.69321990851e-06, 7.74099225964e-06, 1.29329509946e-05, 7.26888993086e-06, 6.17700834482e-06, 5.09835854245e-06, 6.21113076704e-06, 6.40512371319e-06, 6.68987740937e-06, 5.78948174734e-06, 3.57534167961e-06, 3.09788993036e-06, 2.57040778706e-06, 2.45427463597e-06, 2.7424343898e-06, 2.29510646932e-06, 1.94537437892e-06, 2.37897870647e-06, 2.03212198358e-06, 1.40718657349e-06, 8.10434414689e-07, 6.50242668598e-07, 4.77516493902e-07, 3.89092406294e-07, 3.02734321167e-07],
        "dmean2": [0.00229909503832, 0.00349024543539, 0.00209865556099, 0.000896984245628, 0.000395669980207, 0.000356546224793, 0.000180516362889, 0.000163937351317, 0.000130903077661, 0.000130267508212, 9.93050634861e-05, 3.98008778575e-05, 4.86759963678e-05, 3.80243000109e-05, 2.28704775509e-05, 1.68262376974e-05, 1.28276524265e-05, 2.22469443543e-05, 1.18561592899e-05, 1.02817812149e-05, 8.14974282548e-06, 1.0325529729e-05, 9.72625457507e-06, 1.07696441773e-05, 9.75194961939e-06, 5.74781961404e-06, 5.07669847138e-06, 4.09540689361e-06, 3.92809124605e-06, 4.41849624622e-06, 3.46726369571e-06, 3.00788110508e-06, 3.75921808882e-06, 3.14649673783e-06, 2.12375607589e-06, 1.1943187701e-06, 9.21553521493e-07, 6.94097820997e-07, 5.70497491026e-07, 4.49291974292e-07],
        "dvar": [1.06432253233e-05, 2.58353957179e-05, 1.6901154595e-05, 2.86298472929e-06, 2.83540089185e-07, 3.26951095531e-07, 8.9621480015e-08, 1.15739268836e-07, 8.68404868015e-08, 1.67213485724e-07, 7.81203723932e-08, 5.02242247791e-09, 1.33982913653e-08, 8.86318485271e-09, 2.95287172491e-09, 8.54903869918e-10, 5.33166510941e-10, 6.38975850009e-09, 1.24381416278e-09, 5.32866639702e-10, 2.97640856406e-10, 5.60586743692e-10, 5.72154879031e-10, 4.07518963019e-10, 2.97192437326e-10, 1.48230636099e-10, 8.98084592804e-11, 4.81163477117e-11, 4.85648986304e-11, 6.66957600259e-11, 3.3704775082e-11, 3.19926585224e-11, 3.53568563316e-11, 3.20419663025e-11, 1.31973060952e-11, 3.91199659472e-12, 2.23260299137e-12, 1.19945763391e-12, 8.67602810341e-13, 6.49408369961e-13],
        "dvar2": [2.82354176306e-05, 6.56762276776e-05, 4.73527579743e-05, 7.71029226598e-06, 4.74751971069e-07, 7.12871894848e-07, 1.5771657047e-07, 2.17453987261e-07, 2.21931728106e-07, 3.95518640062e-07, 2.02239533564e-07, 1.27259633942e-08, 3.36648433574e-08, 2.23857590242e-08, 8.0918018952e-09, 2.27362728644e-09, 1.37465361316e-09, 1.74858669766e-08, 3.16266302036e-09, 1.32398814134e-09, 7.49234896347e-10, 1.38942146677e-09, 1.3657366349e-09, 9.36298927279e-10, 7.67836183524e-10, 3.73135161658e-10, 2.05432504341e-10, 1.11457551522e-10, 1.20850107699e-10, 1.67623290248e-10, 7.74365849221e-11, 7.91168172642e-11, 8.46505088248e-11, 7.63660037983e-11, 3.12317428863e-11, 8.59990030577e-12, 4.41995919032e-12, 2.40646088126e-12, 1.79320360644e-12, 1.41295146156e-12],
        "max": [0.0283460747451, 0.0524890087545, 0.0482122674584, 0.0341482907534, 0.0207830779254, 0.014099043794, 0.00889222882688, 0.00981890875846, 0.00444136885926, 0.00606199586764, 0.00425111688673, 0.00178709067404, 0.0050170426257, 0.00272199325264, 0.00106340053026, 0.000370058405679, 0.000343057472492, 0.00219694711268, 0.00126533769071, 0.000649977882858, 0.000234180377447, 0.000388158980059, 0.000377698015654, 0.000249692209763, 0.000191204308067, 0.000137255730806, 9.39597230172e-05, 5.26334915776e-05, 7.21756805433e-05, 0.000108791486127, 6.37879638816e-05, 8.64403773448e-05, 5.40709588677e-05, 5.8916004491e-05, 4.31876032962e-05, 2.17385622818e-05, 1.52696138684e-05, 1.01520981843e-05, 8.41361725179e-06, 7.19473337085e-06],
        "mean": [0.00172807183117, 0.00261004897766, 0.00141114043072, 0.000911574927159, 0.000852325058077, 0.000624406035058, 0.000314139644615, 0.000217323584366, 0.000113743437396, 9.07464782358e-05, 7.10152089596e-05, 2.99541534332e-05, 4.24442332587e-05, 2.74768317468e-05, 1.43561655932e-05, 1.07273890535e-05, 8.48726267577e-06, 1.34943529702e-05, 8.67123526405e-06, 6.36590266367e-06, 4.99998895975e-06, 6.20107448412e-06, 6.25136362942e-06, 6.20567971055e-06, 5.18088563695e-06, 3.30621014655e-06, 2.80861377178e-06, 2.46100648837e-06, 2.22314861276e-06, 2.40009944719e-06, 2.15483873944e-06, 1.74247327323e-06, 2.13515590985e-06, 1.8900689156e-06, 1.34192600854e-06, 7.97556424459e-07, 6.54572488656e-07, 4.83758299197e-07, 3.88719996636e-07, 2.8696837262e-07],
        "median": [0.000444326433353, 0.000896655663382, 0.000526647490915, 0.000305213034153, 0.000364527688362, 0.000210598227568, 8.52461234899e-05, 3.80706405849e-05, 2.63986821665e-05, 1.69709201145e-05, 1.5788955352e-05, 8.06995740277e-06, 7.40724590287e-06, 4.33731020166e-06, 3.77304104404e-06, 2.82875339508e-06, 1.63923789387e-06, 9.46124885104e-07, 8.52983760069e-07, 6.38302026346e-07, 4.21880201884e-07, 3.92562753859e-07, 2.94959789926e-07, 3.11290136779e-07, 2.29043394029e-07, 1.40028362239e-07, 9.32300423528e-08, 7.50632125346e-08, 5.95786104896e-08, 5.33945971881e-08, 4.41765521941e-08, 3.14125792045e-08, 3.05392973132e-08, 2.10325428185e-08, 1.6970886918e-08, 1.25560752906e-08, 8.35250979492e-09, 5.78925929418e-09, 3.24180771116e-09, 2.12514272846e-09],
        "min": [4.70691371812e-24, 3.69303497285e-24, 7.11241883085e-24, 2.47380437436e-23, 7.74994939318e-24, 3.36399320068e-24, 4.37672178675e-24, 5.99778243203e-24, 8.51642558135e-24, 6.28434483332e-24, 8.92973584201e-24, 1.5055530283e-23, 1.21508955206e-23, 1.59546250334e-23, 1.34417827727e-23, 4.38193812948e-24, 7.65415091371e-24, 1.03032144643e-23, 9.22365042694e-24, 1.00354624513e-23, 6.29394172066e-24, 1.50794832555e-23, 6.03707835473e-24, 1.74719185208e-23, 1.12727284612e-23, 5.81840098421e-24, 3.24219702121e-24, 7.76862883055e-24, 7.10088726214e-24, 1.08451295629e-23, 1.58207537601e-23, 1.64938793042e-23, 9.79441022452e-24, 1.73075719729e-23, 1.08949216744e-23, 1.1467575527e-23, 1.22306935343e-23, 7.57072256209e-24, 8.10667939427e-24, 9.80573590054e-24],
        "var": [1.14678859973e-05, 2.52200879913e-05, 1.20167924251e-05, 4.13067346017e-06, 2.26213569476e-06, 1.65361166182e-06, 5.39363782082e-07, 6.24074289135e-07, 9.11517545887e-08, 1.50630327767e-07, 6.44493667323e-08, 5.85947113052e-09, 2.29684324893e-08, 1.09909192858e-08, 2.34465935556e-09, 7.1875394525e-10, 4.99590313563e-10, 9.02088892474e-09, 2.5374014001e-09, 5.88186777062e-10, 2.81673379066e-10, 5.2653875704e-10, 5.97690841264e-10, 4.32741759093e-10, 2.69564703892e-10, 1.37510100529e-10, 9.31890536959e-11, 5.22523552204e-11, 4.64279656387e-11, 5.77912995237e-11, 3.66257059403e-11, 2.95602084477e-11, 3.57081655911e-11, 3.17103253378e-11, 1.3756811662e-11, 4.60509018071e-12, 2.86839887779e-12, 1.56295679524e-12, 1.0658535686e-12, 7.30497530955e-13]
    },
    "mfcc": {
        "mean": [-761.359680176, 175.330001831, 30.0496196747, 24.0460853577, 2.29355335236, 6.215072155, -2.6232278347, 2.90102767944, -5.87794446945, -3.81476712227, -1.75800228119, -0.728101670742, -1.76764214039],
        "cov": [[14260.1591797, -2043.41491699, -511.038024902, 1116.89257812, -148.54447937, 251.690917969, -45.3866615295, 404.016784668, 42.1860160828, 134.035873413, 64.1740341187, -21.9396896362, -103.311172485], [-2043.41491699, 4429.17236328, -72.5713882446, -436.356536865, 323.520568848, -72.9452590942, -8.88297367096, -216.985595703, -59.6638031006, -115.667877197, -55.1701583862, -26.0536003113, 26.0300598145], [-511.038024902, -72.5713882446, 1320.72521973, 155.524154663, -37.8216323853, 131.759887695, 29.0759906769, -4.30151748657, -86.1746749878, -13.0489263535, 42.8528060913, 47.1182479858, -3.87630343437], [1116.89257812, -436.356536865, 155.524154663, 656.344726562, 57.8171157837, 12.8992605209, -8.13946628571, 39.875957489, -25.4673271179, 10.9362506866, 19.5128192902, 23.9971199036, 1.8021479845], [-148.54447937, 323.520568848, -37.8216323853, 57.8171157837, 271.564788818, 62.1818237305, -15.7017297745, -34.2807922363, 11.4802856445, -2.93839287758, -2.40280556679, -9.74675559998, 11.0503044128], [251.690917969, -72.9452590942, 131.759887695, 12.8992605209, 62.1818237305, 230.862701416, 96.6088638306, 53.7891273499, 2.40385532379, 10.7740058899, -15.0979070663, -7.18113088608, -9.05655956268], [-45.3866615295, -8.88297367096, 29.0759906769, -8.13946628571, -15.7017297745, 96.6088638306, 165.570800781, 86.3008041382, 15.7595729828, 4.55205583572, -2.8595635891, 1.09046447277, 5.42037630081], [404.016784668, -216.985595703, -4.30151748657, 39.875957489, -34.2807922363, 53.7891273499, 86.3008041382, 165.651031494, 60.144115448, 11.1476249695, -7.59883880615, 2.41067957878, -4.00303697586], [42.1860160828, -59.6638031006, -86.1746749878, -25.4673271179, 11.4802856445, 2.40385532379, 15.7595729828, 60.144115448, 108.042938232, 43.0669975281, -0.0918894484639, -0.899032473564, 4.59409618378], [134.035873413, -115.667877197, -13.0489263535, 10.9362506866, -2.93839287758, 10.7740058899, 4.55205583572, 11.1476249695, 43.0669975281, 101.782836914, 55.4296798706, 2.24841547012, -6.6392865181], [64.1740341187, -55.1701583862, 42.8528060913, 19.5128192902, -2.40280556679, -15.0979070663, -2.8595635891, -7.59883880615, -0.0918894484639, 55.4296798706, 107.96055603, 44.0622711182, -0.828899919987], [-21.9396896362, -26.0536003113, 47.1182479858, 23.9971199036, -9.74675559998, -7.18113088608, 1.09046447277, 2.41067957878, -0.899032473564, 2.24841547012, 44.0622711182, 83.0064163208, 40.2710647583], [-103.311172485, 26.0300598145, -3.87630343437, 1.8021479845, 11.0503044128, -9.05655956268, 5.42037630081, -4.00303697586, 4.59409618378, -6.6392865181, -0.828899919987, 40.2710647583, 85.2291793823]],
