{
"lowlevel": {
    "average_loudness": 0.251551568508,
    "barkbands_crest": {
        "dmean": 1.88845169544,
        "dmean2": 3.06757903099,
        "dvar": 4.87287139893,
        "dvar2": 13.17228508,
        "max": 26.6814422607,
        "mean": 15.3108768463,
        "median": 14.4456920624,
        "min": 4.26957988739,
        "var": 23.5665912628
    },
    "barkbands_flatness_db": {
        "dmean": 0.043433573097,
        "dmean2": 0.0620579496026,
        "dvar": 0.00213789311238,
        "dvar2": 0.00462820241228,
        "max": 0.802387297153,
        "mean": 0.430087685585,
        "median": 0.43124884367,
        "min": 0.0584870502353,
        "var": 0.0115258870646
    },
    "barkbands_kurtosis": {
        "dmean": 33.2277565002,
        "dmean2": 49.3918571472,
        "dvar": 8193.83398438,
        "dvar2": 17237.3613281,
        "max": 3266.17480469,
        "mean": 69.2436523438,
        "median": 14.9917402267,
        "min": -1.98841226101,
        "var": 25588.6972656
    },
    "barkbands_skewness": {
        "dmean": 1.37098050117,
        "dmean2": 2.03955721855,
        "dvar": 4.82646512985,
        "dvar2": 10.4172964096,
        "max": 40.3978767395,
        "mean": 3.877597332,
        "median": 2.43948721886,
        "min": -5.53631305695,
        "var": 21.1886463165
    },
    "barkbands_spread": {
        "dmean": 1.49664247036,
        "dmean2": 2.33673119545,
        "dvar": 16.5159244537,
        "dvar2": 36.7805709839,
        "max": 88.8491668701,
        "mean": 4.43535137177,
        "median": 2.29507899284,
        "min": 0.0207622237504,
        "var": 43.5685997009
    },
    "dissonance": {
        "dmean": 0.0466229990125,
        "dmean2": 0.0772556066513,
        "dvar": 0.00246923114173,
        "dvar2": 0.00657190335914,
        "max": 0.499999940395,
        "mean": 0.347077190876,
        "median": 0.349253892899,
        "min": 0.0310382787138,
        "var": 0.00880041252822
    },
    "dynamic_complexity": 6.84830141068,
    "erbbands_crest": {
        "dmean": 2.17332863808,
        "dmean2": 3.34374666214,
        "dvar": 7.57839632034,
        "dvar2": 18.6334877014,
        "max": 34.4711303711,
        "mean": 18.8184757233,
        "median": 18.2312030792,
        "min": 2.91599702835,
        "var": 42.856918335
    },
    "erbbands_flatness_db": {
        "dmean": 0.0348822101951,
        "dmean2": 0.0465612597764,
        "dvar": 0.0013949527638,
        "dvar2": 0.0027908643242,
        "max": 0.583468735218,
        "mean": 0.338248461485,
        "median": 0.340461522341,
        "min": 0.0612436532974,
        "var": 0.00842663273215
    },
    "erbbands_kurtosis": {
        "dmean": 12.7000341415,
        "dmean2": 18.1608600616,
        "dvar": 1167.89257812,
        "dvar2": 2324.9362793,
        "max": 572.596679688,
        "mean": 25.1549625397,
        "median": 4.77782535553,
        "min": -1.93677151203,
        "var": 3519.72265625
    },
    "erbbands_skewness": {
        "dmean": 0.896508872509,
        "dmean2": 1.268404603,
        "dvar": 1.97919714451,
        "dvar2": 4.0968542099,
        "max": 18.8895511627,
        "mean": 2.33292889595,
        "median": 1.69196343422,
        "min": -8.42712211609,
        "var": 10.7222414017
    },
    "erbbands_spread": {
        "dmean": 6.91449928284,
        "dmean2": 10.0667629242,
        "dvar": 228.696365356,
        "dvar2": 448.008789062,
        "max": 188.91242981,
        "mean": 18.3594551086,
        "median": 11.0318603516,
        "min": 0.294418662786,
        "var": 505.230987549
    },
    "hfc": {
        "dmean": 1.50882160664,
        "dmean2": 2.07063984871,
        "dvar": 9.24786376953,
        "dvar2": 18.7279872894,
        "max": 67.8550872803,
        "mean": 5.79372501373,
        "median": 3.12939095497,
        "min": 1.25222624535e-16,
        "var": 47.0895347595
    },
    "melbands_crest": {
        "dmean": 2.15089583397,
        "dmean2": 3.48447585106,
        "dvar": 5.83313560486,
        "dvar2": 15.6934995651,
        "max": 34.2201499939,
        "mean": 20.4087123871,
        "median": 20.7071647644,
        "min": 2.77709388733,
        "var": 34.6445770264
    },
    "melbands_flatness_db": {
        "dmean": 0.047986317426,
        "dmean2": 0.0674578621984,
        "dvar": 0.00271645444445,
        "dvar2": 0.00588587718084,
        "max": 0.980919539928,
        "mean": 0.543631255627,
        "median": 0.551210522652,
        "min": 0.00503288535401,
        "var": 0.0181529186666
    },
    "melbands_kurtosis": {
        "dmean": 36.4871063232,
        "dmean2": 53.1071548462,
        "dvar": 7997.26123047,
        "dvar2": 15425.6240234,
        "max": 1207.12194824,
        "mean": 74.4536819458,
        "median": 18.4838314056,
        "min": -1.91617238522,
        "var": 21011.2246094
    },
    "melbands_skewness": {
        "dmean": 1.29943907261,
        "dmean2": 1.91105270386,
        "dvar": 5.00067996979,
        "dvar2": 9.60701560974,
        "max": 25.8864097595,
        "mean": 3.77385926247,
        "median": 2.64724802971,
        "min": -3.66329669952,
        "var": 16.4078617096
    },
    "melbands_spread": {
        "dmean": 1.50346541405,
        "dmean2": 2.39569449425,
        "dvar": 27.5974712372,
        "dvar2": 66.4981384277,
        "max": 157.537689209,
        "mean": 5.16094255447,
        "median": 2.28468799591,
        "min": 0.220435768366,
        "var": 72.8568115234
    },
    "pitch_salience": {
        "dmean": 0.0537005700171,
        "dmean2": 0.0871671438217,
        "dvar": 0.00535446498543,
        "dvar2": 0.0141716003418,
        "max": 0.925893247128,
        "mean": 0.357264518738,
        "median": 0.356365382671,
        "min": 0.0241827126592,
        "var": 0.0232956968248
    },
    "silence_rate_20dB": {
        "dmean": 0,
        "dmean2": 0,
        "dvar": 0,
        "dvar2": 0,
        "max": 1,
        "mean": 1,
        "median": 1,
        "min": 1,
        "var": 0
    },
    "silence_rate_30dB": {
        "dmean": 0.015671858564,
        "dmean2": 0.0313467495143,
        "dvar": 0.0154253337532,
        "dvar2": 0.0386813096702,
        "max": 1,
        "mean": 0.984232902527,
        "median": 1,
        "min": 0,
        "var": 0.0155185116455
    },
    "silence_rate_60dB": {
        "dmean": 0.0328915528953,
        "dmean2": 0.065789476037,
        "dvar": 0.0318053215742,
        "dvar2": 0.0666894316673,
        "max": 1,
        "mean": 0.185529112816,
        "median": 0,
        "min": 0,
        "var": 0.151109755039
    },
    "spectral_centroid": {
        "dmean": 61.2027664185,
        "dmean2": 94.4011001587,
        "dvar": 32330.2441406,
        "dvar2": 71315.2421875,
        "max": 10935.2880859,
        "mean": 462.507354736,
        "median": 302.068206787,
        "min": 73.7140426636,
        "var": 527347.8125
    },
    "spectral_complexity": {
        "dmean": 0.603850245476,
        "dmean2": 1.01354491711,
        "dvar": 0.754848361015,
        "dvar2": 1.65921497345,
        "max": 14,
        "mean": 4.16289424896,
        "median": 4,
        "min": 0,
        "var": 8.06412887573
    },
    "spectral_decrease": {
        "dmean": 1.9598076495e-09,
        "dmean2": 2.86523760273e-09,
        "dvar": 1.4592251827e-17,
        "dvar2": 3.28307257203e-17,
        "max": 2.85503706816e-29,
        "mean": -6.19964657389e-09,
        "median": -3.74819286719e-09,
        "min": -5.7730400016e-08,
        "var": 4.80228307296e-17
    },
    "spectral_energy": {
        "dmean": 0.00752303749323,
        "dmean2": 0.010985202156,
        "dvar": 0.000214894549572,
        "dvar2": 0.000482762523461,
        "max": 0.221596255898,
        "mean": 0.0239244010299,
        "median": 0.0145126525313,
        "min": 1.12503074123e-20,
        "var": 0.000712469976861
    },
    "spectral_energyband_high": {
        "dmean": 9.9036087704e-06,
        "dmean2": 1.54261706484e-05,
        "dvar": 6.60337451386e-10,
        "dvar2": 1.64597946384e-09,
        "max": 0.000410864158766,
        "mean": 9.73996975517e-06,
        "median": 1.04430353076e-06,
        "min": 8.08418879946e-21,
        "var": 7.09805492161e-10
    },
    "spectral_energyband_low": {
        "dmean": 0.00414079707116,
        "dmean2": 0.00656197592616,
        "dvar": 7.50456820242e-05,
        "dvar2": 0.000188729754882,
        "max": 0.186135590076,
        "mean": 0.00979592092335,
        "median": 0.00450660288334,
        "min": 6.2567246831e-23,
        "var": 0.000206755445106
    },
    "spectral_energyband_middle_high": {
        "dmean": 0.000229857163504,
        "dmean2": 0.000278246996459,
        "dvar": 9.11704773898e-07,
        "dvar2": 1.51961819483e-06,
        "max": 0.0491551496089,
        "mean": 0.000823641603347,
        "median": 8.94983531907e-05,
        "min": 1.72802513217e-21,
        "var": 4.97703467772e-06
    },
    "spectral_energyband_middle_low": {
        "dmean": 0.00497751636431,
        "dmean2": 0.00704649277031,
        "dvar": 0.000164621014846,
        "dvar2": 0.000354272604454,
        "max": 0.210002616048,
        "mean": 0.0153358625248,
        "median": 0.00566873652861,
        "min": 3.62513998666e-22,
        "var": 0.0005214837729
    },
    "spectral_entropy": {
        "dmean": 0.406782358885,
        "dmean2": 0.549372017384,
        "dvar": 0.253616303205,
        "dvar2": 0.486651062965,
        "max": 9.80670166016,
        "mean": 5.11367893219,
        "median": 4.98417949677,
        "min": 2.71205449104,
        "var": 1.04740941525
    },
    "spectral_flux": {
        "dmean": 0.0228821057826,
        "dmean2": 0.0372486077249,
        "dvar": 0.00146357319318,
        "dvar2": 0.00381617131643,
        "max": 0.387509614229,
        "mean": 0.040947727859,
        "median": 0.0239810459316,
        "min": 1.06067467309e-10,
        "var": 0.00225017941557
    },
    "spectral_kurtosis": {
        "dmean": 32.5444793701,
        "dmean2": 50.9611320496,
        "dvar": 2810.52026367,
        "dvar2": 7573.42333984,
        "max": 784.881164551,
        "mean": 75.1026992798,
        "median": 33.3838577271,
        "min": -1.17999505997,
        "var": 8969.29882812
    },
    "spectral_rms": {
        "dmean": 0.000657654833049,
        "dmean2": 0.000923450395931,
        "dvar": 1.03925253825e-06,
        "dvar2": 2.18674904318e-06,
        "max": 0.0147034507245,
        "mean": 0.00409208098426,
        "median": 0.00376280280761,
        "min": 3.31299094061e-12,
        "var": 6.59583884044e-06
    },
    "spectral_rolloff": {
        "dmean": 87.9489746094,
        "dmean2": 157.937698364,
        "dvar": 189315.84375,
        "dvar2": 456129.84375,
        "max": 18841.5527344,
        "mean": 675.77154541,
        "median": 279.931640625,
        "min": 64.599609375,
        "var": 3953534.75
    },
    "spectral_skewness": {
        "dmean": 1.46596217155,
        "dmean2": 2.15975451469,
        "dvar": 2.71705818176,
        "dvar2": 6.63027524948,
        "max": 24.2877235413,
        "mean": 5.944272995,
        "median": 4.68797874451,
        "min": -0.228738307953,
        "var": 15.9022579193
    },
    "spectral_spread": {
        "dmean": 1068111.375,
        "dmean2": 1479380.375,
        "dvar": 1.8396250112e+12,
        "dvar2": 3.51160788582e+12,
        "max": 39387696,
        "mean": 3291605.5,
        "median": 2274462.25,
        "min": 146615.75,
        "var": 8.3801842647e+12
    },
    "spectral_strongpeak": {
        "dmean": 0.219523027539,
        "dmean2": 0.345384627581,
        "dvar": 0.177471905947,
        "dvar2": 0.420285999775,
        "max": 11.5742092133,
        "mean": 0.815280973911,
        "median": 0.507479667664,
        "min": 6.10612227447e-09,
        "var": 0.825116634369
    },
    "zerocrossingrate": {
        "dmean": 0.0040020449087,
        "dmean2": 0.0048919771798,
        "dvar": 6.30695649306e-05,
        "dvar2": 7.82503411756e-05,
        "max": 0.5126953125,
        "mean": 0.0263507030904,
        "median": 0.013671875,
        "min": 0.00244140625,
        "var": 0.00361341424286
    },
    "barkbands": {
        "dmean": [1.13349096864e-05, 0.00219602347352, 0.00174031662755, 0.00226811436005, 0.0024843395222, 0.000609719194472, 0.000142498800415, 8.21494686534e-05, 6.48100976832e-05, 0.000100734432635, 4.65171760879e-05, 6.07516449236e-05, 3.04503828374e-05, 2.39978435275e-05, 2.39494002017e-05, 7.21190463082e-06, 7.77536024543e-06, 7.00206237525e-06, 2.23193660531e-06, 7.64343724313e-07, 1.84024440841e-06, 2.10050143323e-06, 9.21595812997e-07, 8.46516172714e-07, 1.74590343249e-06, 2.28052590501e-06, 5.09095571033e-07],
        "dmean2": [1.92104507732e-05, 0.00360006699339, 0.0026866348926, 0.00345766730607, 0.00334775820374, 0.000879305647686, 0.00018036912661, 9.87715829979e-05, 7.83989526099e-05, 0.000118032490718, 5.53373065486e-05, 7.35824432923e-05, 3.86926149076e-05, 3.37194287567e-05, 3.21427178278e-05, 1.24195730677e-05, 1.12435973278e-05, 1.04804721559e-05, 3.08678841066e-06, 1.2964663938e-06, 2.86563795271e-06, 3.33743309966e-06, 1.44069156249e-06, 1.31902629619e-06, 2.90166281047e-06, 3.58712395609e-06, 8.29471900943e-07],
        "dvar": [1.33094724131e-09, 1.82597304956e-05, 2.70669261226e-05, 4.43790595455e-05, 5.72531243961e-05, 2.49624486059e-06, 3.40105600571e-07, 2.18209123659e-07, 1.35551573521e-07, 1.85031737487e-07, 1.86011135384e-07, 1.0908770065e-07, 2.71475926183e-07, 5.65381661488e-08, 7.94262788872e-08, 3.00309532797e-09, 9.23161724842e-09, 1.23071872693e-08, 6.34108765496e-10, 1.13116365233e-11, 5.9337576519e-11, 4.24189815218e-11, 5.90726339372e-12, 6.00970401915e-12, 4.352334812e-11, 4.70153638243e-11, 2.3513539206e-12],
        "dvar2": [3.52915408008e-09, 5.21583679074e-05, 6.83909529471e-05, 0.000107046413177, 0.000112193047244, 6.75535693517e-06, 5.46991316241e-07, 3.4976187635e-07, 2.36742991433e-07, 2.92883839847e-07, 2.62362391368e-07, 2.04158283168e-07, 4.75854420756e-07, 1.01583957246e-07, 1.33554806325e-07, 7.67624541709e-09, 1.73163350325e-08, 1.73478618137e-08, 8.02801214395e-10, 3.1072904666e-11, 1.26930660427e-10, 1.0831456565e-10, 1.4285276087e-11, 1.47128229738e-11, 1.22489671184e-10, 1.21286272692e-10, 6.29750895528e-12],
        "max": [0.000922104169149, 0.0492370948195, 0.125878795981, 0.140284880996, 0.138851225376, 0.0686368197203, 0.0317456275225, 0.0287163369358, 0.0232659671456, 0.0241075325757, 0.0355126783252, 0.0187892895192, 0.0467728115618, 0.0143175655976, 0.0152267031372, 0.00267624831758, 0.00583361601457, 0.0107028633356, 0.00319630489685, 0.000131506152684, 0.000409878382925, 0.000188111007446, 3.90868081013e-05, 3.67313732568e-05, 0.000108581931272, 0.000107872612716, 1.67283742485e-05],
        "mean": [2.29524757742e-05, 0.00410637399182, 0.00373521330766, 0.00433620484546, 0.00617778301239, 0.00356772355735, 0.000493627914693, 0.000294476456475, 0.000226713425945, 0.000354231044184, 0.000120917415188, 0.000175249559106, 9.69993270701e-05, 7.56690860726e-05, 8.00785783213e-05, 1.34806095957e-05, 2.16552143684e-05, 9.41512189456e-06, 5.45813554709e-06, 8.04238482033e-07, 2.09070663004e-06, 1.91430717678e-06, 8.60052978169e-07, 8.19735305413e-07, 1.35716459226e-06, 1.95791312763e-06, 4.08423829867e-07],
        "median": [3.22067216985e-06, 0.00154398148879, 0.000647096778266, 0.000419485731982, 0.00102383189369, 8.1505117123e-05, 1.01551540865e-05, 3.47802915712e-06, 4.61018044007e-06, 4.40584517492e-06, 6.36214167571e-07, 3.37649225912e-06, 6.61028366267e-07, 1.76038247446e-06, 6.38111259832e-07, 3.10994721531e-07, 9.4854613053e-08, 5.27536911932e-08, 9.62794359793e-08, 9.1939867275e-08, 1.44476132391e-07, 1.72266368281e-07, 9.18604570188e-08, 8.64158096192e-08, 8.35563014334e-08, 1.13088916009e-07, 2.05726404801e-08],
        "min": [3.01176404548e-24, 1.79677775531e-23, 3.14412252026e-23, 1.8972442403e-23, 1.28559361681e-22, 5.55149691779e-23, 3.27443539983e-23, 7.27172234868e-23, 4.16115576252e-23, 8.09306097292e-23, 3.85510329039e-23, 1.32277913149e-22, 5.77637781158e-23, 1.46303380416e-22, 2.05324893116e-22, 2.06679613415e-22, 1.48640882563e-22, 2.57503409805e-22, 2.53720891184e-22, 4.13243560888e-22, 5.05477581823e-22, 3.71484016112e-22, 5.8185895693e-22, 8.99129977767e-22, 1.20842060401e-21, 2.10634414208e-21, 2.34392087494e-21],
        "var": [3.47669892875e-09, 3.75701492885e-05, 6.34373500361e-05, 8.93454198376e-05, 0.000162953132531, 6.85015038471e-05, 3.11888743454e-06, 1.93780419977e-06, 1.15362433917e-06, 1.62781509516e-06, 6.76136494349e-07, 5.31976411366e-07, 1.49375682668e-06, 2.96184452964e-07, 3.71885789718e-07, 7.72388464299e-09, 3.34869838525e-08, 3.43936541469e-08, 4.57093207729e-09, 9.07263847383e-12, 1.45958189979e-10, 4.22394723365e-11, 5.90930950006e-12, 5.78360146233e-12, 2.79392394636e-11, 3.85083527565e-11, 1.72937629928e-12]
    },
    "erbbands": {
        "dmean": [0.0439548455179, 0.570825815201, 1.59453332424, 4.78521251678, 11.2859172821, 5.80784416199, 6.02580595016, 4.21582460403, 3.47278022766, 1.36989498138, 2.04712677002, 1.36015534401, 3.41459298134, 2.13682103157, 1.6770812273, 3.04566073418, 1.61393332481, 1.40213525295, 0.775981903076, 1.31393694878, 0.438350200653, 0.274639576674, 0.314560383558, 0.19163620472, 0.0941844061017, 0.0394967906177, 0.0451000779867, 0.0906512290239, 0.0775737911463, 0.0460260435939, 0.0257413890213, 0.0206300076097, 0.0135133014992, 0.0132125746459, 0.0157141666859, 0.00934432540089, 0.00418971292675, 0.000984254409559, 9.07174980966e-05, 1.04871887743e-05],
        "dmean2": [0.0702803134918, 0.93618452549, 2.46075081825, 7.37517690659, 15.9157962799, 7.79675197601, 8.65436172485, 6.28426790237, 4.98260068893, 1.71861851215, 2.39714980125, 1.60722136497, 3.8303539753, 2.65221953392, 2.01864290237, 3.63043642044, 2.02085447311, 1.94189834595, 1.06117975712, 1.86795222759, 0.643062651157, 0.416264116764, 0.477868944407, 0.291450530291, 0.126045167446, 0.0643193945289, 0.0700518339872, 0.143648192286, 0.125168770552, 0.071245983243, 0.0407113172114, 0.0315842777491, 0.0211094804108, 0.02125001885, 0.0264891721308, 0.0148613080382, 0.00663411896676, 0.00157155562192, 0.000144905003253, 1.55133766384e-05],
        "dvar": [0.00787932891399, 1.21031403542, 19.0924072266, 177.49822998, 1421.71154785, 520.381225586, 285.68371582, 175.850143433, 154.581344604, 68.5434951782, 145.38999939, 58.3038825989, 263.891845703, 96.4613342285, 180.200958252, 274.484344482, 668.366027832, 178.112365723, 165.922698975, 219.339248657, 16.1436595917, 7.26802921295, 22.0238018036, 5.06366014481, 2.49421930313, 0.0334242545068, 0.0402221418917, 0.143498763442, 0.0615193098783, 0.0223400015384, 0.00421327538788, 0.00348526565358, 0.00157798733562, 0.00164092867635, 0.00459001353011, 0.000776180357207, 0.00015799429093, 9.43599388847e-06, 6.59639667333e-08, 3.41987410613e-10],
        "dvar2": [0.0209245141596, 3.47570848465, 48.0096130371, 429.909973145, 2948.13085938, 1031.27758789, 726.231994629, 502.664093018, 354.604522705, 115.378486633, 224.846237183, 104.399353027, 400.555847168, 184.309967041, 256.000396729, 499.583648682, 1168.93444824, 318.484893799, 281.578033447, 388.396057129, 31.7039356232, 14.7116222382, 31.6891479492, 7.7663435936, 3.05839848518, 0.083184696734, 0.0720824226737, 0.333623498678, 0.159231424332, 0.0534200891852, 0.0105204954743, 0.00797831453383, 0.00385369779542, 0.00438740616664, 0.0131449149922, 0.00202544638887, 0.000414738722611, 2.37106396526e-05, 1.71121811832e-07, 7.65456142915e-10],
        "max": [1.16453480721, 13.6315469742, 90.4735412598, 308.14642334, 560.040588379, 632.566162109, 1005.81323242, 667.832214355, 584.00012207, 738.970153809, 787.139099121, 448.972045898, 943.803466797, 410.010101318, 1078.89733887, 950.621826172, 2327.00219727, 769.554016113, 938.178588867, 925.844604492, 192.30368042, 151.582122803, 447.977203369, 217.959518433, 209.481048584, 9.18466377258, 19.4243583679, 15.3876485825, 9.30080699921, 4.55256700516, 0.741149067879, 1.00962018967, 0.641956031322, 0.539449334145, 1.2651604414, 0.390130519867, 0.185328394175, 0.052587993443, 0.00387388491072, 0.000250876502832],
        "mean": [0.0943364426494, 1.04067134857, 3.56459593773, 10.3699674606, 21.7436618805, 14.7946834564, 33.8419723511, 20.7995815277, 12.8025636673, 4.89335680008, 7.7405371666, 5.00730276108, 13.1803483963, 6.25500249863, 4.82374954224, 9.09701156616, 5.27809667587, 4.57608366013, 2.01263356209, 4.76344776154, 1.29028248787, 0.646283268929, 0.432690352201, 0.365545362234, 0.243509560823, 0.0510911121964, 0.0561848729849, 0.0909428223968, 0.071055598557, 0.0437776632607, 0.0238747317344, 0.021068226546, 0.0127619663253, 0.0112659782171, 0.0117741050199, 0.00774955656379, 0.00358701311052, 0.000854172103573, 8.43327215989e-05, 2.87741077045e-05],
        "median": [0.025165386498, 0.426416933537, 1.06690764427, 1.93478751183, 1.97972416878, 2.32022190094, 1.58888328075, 0.726663351059, 0.350865900517, 0.224948897958, 0.146703004837, 0.180663496256, 0.253290325403, 0.276891708374, 0.203717172146, 0.294557958841, 0.124328255653, 0.185779616237, 0.065277993679, 0.0483264401555, 0.027204843238, 0.0095274951309, 0.00606065290049, 0.00520474463701, 0.00596228381619, 0.00516040995717, 0.00566555419937, 0.00625035911798, 0.00657018925995, 0.0037793260999, 0.00297176535241, 0.00201174523681, 0.00130775989965, 0.00102585449349, 0.000594764016569, 0.000460624345578, 0.000220837682718, 3.82260113838e-05, 2.03269919439e-05, 1.87658552022e-05],
        "min": [4.41983139439e-22, 4.65615200824e-21, 2.53393032009e-20, 6.58667184293e-20, 5.90385169561e-20, 5.63042145727e-19, 8.12693061112e-19, 3.58258256398e-19, 3.63211000316e-19, 6.29941670236e-19, 2.06878367508e-18, 1.20718945391e-18, 2.11633725452e-18, 1.58149881405e-18, 2.16148559953e-18, 5.85215435489e-18, 3.59703914785e-18, 6.63403400761e-18, 9.66274341276e-18, 1.08723809077e-17, 1.00570587564e-17, 9.28206331434e-18, 1.41404739006e-17, 1.37269679667e-17, 1.26702356352e-17, 1.85772655655e-17, 1.9210584821e-17, 2.024529016e-17, 1.33338462447e-17, 1.16275405587e-17, 1.82162194261e-17, 1.74939898353e-17, 1.50194674523e-17, 1.39407395612e-17, 9.18156417863e-18, 6.57483889502e-18, 4.14668081256e-18, 1.26904116043e-18, 3.2392930455e-19, 3.95098619059e-20],
        "var": [0.0225222129375, 2.39080929756, 43.6939353943, 464.912689209, 2995.29492188, 1638.64343262, 8632.65136719, 3456.41625977, 1729.88464355, 702.03314209, 1388.61096191, 397.443939209, 2578.63598633, 378.827728271, 665.788513184, 1407.30236816, 3673.69970703, 964.04284668, 493.221710205, 1384.66821289, 63.8858947754, 23.3665351868, 60.8204078674, 15.3862257004, 19.1602306366, 0.0633257552981, 0.186173900962, 0.216811820865, 0.0585086680949, 0.0275681447238, 0.00384410703555, 0.00401333393529, 0.00148570793681, 0.00123004475608, 0.00277323555201, 0.000604767585173, 0.000123193312902, 8.54233167047e-06, 5.32780255469e-08, 9.59501145203e-10]
    },
    "gfcc": {
        "mean": [-245.861938477, 146.386688232, -38.6456871033, 11.4434757233, -27.5968265533, 9.99114990234, -26.8887844086, -20.9865512848, -26.4319477081, -8.33491611481, -14.919672966, -0.95409655571, -4.12094736099],
        "cov": [[18049.1972656, 2910.81665039, -1909.52050781, -307.611602783, 129.663574219, 76.3921966553, -131.920578003, 44.653678894, 12.3408136368, -174.317352295, -160.508026123, -246.442245483, -402.349639893], [2910.81665039, 8924.5859375, -771.780822754, -2921.2434082, 270.577758789, -1075.49255371, 595.046142578, -51.2265472412, 906.928771973, -613.74206543, 1043.28735352, -6.80085134506, 707.423400879], [-1909.52050781, -771.780822754, 3015.92651367, 1677.44628906, 377.148895264, 621.590576172, 348.640563965, -31.6576461792, -336.157745361, 64.4902572632, -340.903198242, -352.449523926, -270.672668457], [-307.611602783, -2921.2434082, 1677.44628906, 2726.0637207, 809.046936035, 890.658203125, 71.4243850708, -47.2637062073, -349.694091797, 167.254989624, -487.056945801, -251.427398682, -417.550445557], [129.663574219, 270.577758789, 377.148895264, 809.046936035, 1296.14331055, 795.891479492, 278.087341309, -74.0062561035, 57.4608078003, 48.7908287048, 19.1181640625, -127.906417847, -67.1285247803], [76.3921966553, -1075.49255371, 621.590576172, 890.658203125, 795.891479492, 1282.45825195, 535.753662109, -5.01274490356, -224.288726807, 202.824264526, -128.827529907, -136.921707153, -246.589019775], [-131.920578003, 595.046142578, 348.640563965, 71.4243850708, 278.087341309, 535.753662109, 879.399230957, 315.658843994, 58.8603210449, 0.372337281704, 173.651092529, -68.2707595825, -64.1470336914], [44.653678894, -51.2265472412, -31.6576461792, -47.2637062073, -74.0062561035, -5.01274490356, 315.658843994, 458.612792969, 214.030044556, 17.2747173309, -4.1490893364, 4.25931119919, -18.7807788849], [12.3408136368, 906.928771973, -336.157745361, -349.694091797, 57.4608078003, -224.288726807, 58.8603210449, 214.030044556, 490.926177979, 26.4337692261, 96.6587677002, 47.8216552734, 151.93182373], [-174.317352295, -613.74206543, 64.4902572632, 167.254989624, 48.7908287048, 202.824264526, 0.372337281704, 17.2747173309, 26.4337692261, 282.782104492, 21.84167099, -18.0196933746, -61.4047966003], [-160.508026123, 1043.28735352, -340.903198242, -487.056945801, 19.1181640625, -128.827529907, 173.651092529, -4.1490893364, 96.6587677002, 21.84167099, 454.946350098, 154.060119629, 99.8760452271], [-246.442245483, -6.80085134506, -352.449523926, -251.427398682, -127.906417847, -136.921707153, -68.2707595825, 4.25931119919, 47.8216552734, -18.0196933746, 154.060119629, 323.202636719, 127.075531006], [-402.349639893, 707.423400879, -270.672668457, -417.550445557, -67.1285247803, -246.589019775, -64.1470336914, -18.7807788849, 151.93182373, -61.4047966003, 99.8760452271, 127.075531006, 280.39465332]],
        "icov": [[0.000131011940539, -0.000292227836326, 0.000257106294157, -0.000303547712974, 0.000212406201172, -0.000210212616366, 0.000233656872297, -0.000324884604197, 0.000355991214747, -0.000302477681544, 0.000352514529368, -0.000174140513991, 0.000313333497616], [-0.000292227836326, 0.00133334600832, -0.000879515660927, 0.00135544245131, -0.000974637106992, 0.000882707128767, -0.00102879607584, 0.00151194620412, -0.00175162777305, 0.00173559156246, -0.0015689417487, 0.00107078207657, -0.000802229216788], [0.000257106294157, -0.000879515660927, 0.00126581545919, -0.00129443639889, 0.000732943590265, -0.000419076939579, 0.000198602298042, -0.000723357545212, 0.00130073889159, -0.00120068737306, 0.00122798292432, -0.000292385608191, 0.000413486151956], [-0.000303547712974, 0.00135544245131, -0.00129443639889, 0.00244828034192, -0.00174621411134, 0.0011586699402, -0.00103107164614, 0.0013688809704, -0.00136696337722, 0.00120862689801, -0.000680552562699, 0.000427770719398, 5.165323455e-05], [0.000212406201172, -0.000974637106992, 0.000732943590265, -0.00174621411134, 0.00332000455819, -0.0031236524228, 0.00198462419212, -0.000989604741335, -0.000398959877202, 0.000690339540597, -0.000904064800125, 0.000651281618048, -0.000299341918435], [-0.000210212616366, 0.000882707128767, -0.000419076939579, 0.0011586699402, -0.0031236524228, 0.00559497857466, -0.00456201750785, 0.00276255793869, 0.000672992435284, -0.00259716832079, 0.00256428844295, -0.00137742713559, 0.000883610686287], [0.000233656872297, -0.00102879607584, 0.000198602298042, -0.00103107164614, 0.00198462419212, -0.00456201750785, 0.00639914069325, -0.0048792376183, 0.000829353986774, 0.00185052596498, -0.00303244427778, 0.00143318728078, -0.000426039390732], [-0.000324884604197, 0.00151194620412, -0.000723357545212, 0.0013688809704, -0.000989604741335, 0.00276255793869, -0.0048792376183, 0.00765071762726, -0.00412552198395, 0.000650717352983, 0.000888546404894, -0.000424019963248, 0.000901790743228], [0.000355991214747, -0.00175162777305, 0.00130073889159, -0.00136696337722, -0.000398959877202, 0.000672992435284, 0.000829353986774, -0.00412552198395, 0.00726775452495, -0.00436994200572, 0.00281138462014, -0.00144458131399, -0.000681870442349], [-0.000302477681544, 0.00173559156246, -0.00120068737306, 0.00120862689801, 0.000690339540597, -0.00259716832079, 0.00185052596498, 0.000650717352983, -0.00436994200572, 0.00922128092498, -0.00554117839783, 0.00314286141656, -0.000887253147084], [0.000352514529368, -0.0015689417487, 0.00122798292432, -0.000680552562699, -0.000904064800125, 0.00256428844295, -0.00303244427778, 0.000888546404894, 0.00281138462014, -0.00554117839783, 0.00879717804492, -0.0047011054121, 0.00230080378242], [-0.000174140513991, 0.00107078207657, -0.000292385608191, 0.000427770719398, 0.000651281618048, -0.00137742713559, 0.00143318728078, -0.000424019963248, -0.00144458131399, 0.00314286141656, -0.0047011054121, 0.00692554283887, -0.00334574421868], [0.000313333497616, -0.000802229216788, 0.000413486151956, 5.165323455e-05, -0.000299341918435, 0.000883610686287, -0.000426039390732, 0.000901790743228, -0.000681870442349, -0.000887253147084, 0.00230080378242, -0.00334574421868, 0.00805634912103]]
    },
    "melbands": {
        "dmean": [0.000536794483196, 0.000796007690951, 0.00107152678538, 0.000595413497649, 0.000212692088098, 9.93182547973e-05, 5.0658298278e-05, 1.38709556268e-05, 1.58925431606e-05, 9.05245997274e-06, 1.70045714185e-05, 8.51083314046e-06, 6.83256212142e-06, 6.90210072207e-06, 5.5139576034e-06, 2.42352052737e-06, 2.78597394754e-06, 1.13140742997e-06, 1.43090346683e-06, 1.24325981687e-06, 5.21653419128e-07, 3.69640929421e-07, 1.5176381396e-07, 4.3513122705e-07, 1.20450593499e-07, 8.31265936085e-08, 4.28755271287e-08, 2.10240624909e-08, 2.25682263988e-08, 3.59512419834e-08, 6.26770884082e-08, 4.79729287406e-08, 3.56176776961e-08, 2.04008063776e-08, 1.42546827675e-08, 1.66665099499e-08, 1.09500426504e-08, 9.88437509619e-09, 8.31272028989e-09, 1.19968923684e-08],
        "dmean2": [0.000877182930708, 0.00125393795315, 0.001592028304, 0.000809095974546, 0.00030315600452, 0.000146991471411, 7.24089768482e-05, 1.72206164279e-05, 1.86471716006e-05, 1.06995821625e-05, 1.91189083125e-05, 1.07250489236e-05, 8.08129516372e-06, 8.39968924993e-06, 6.64056869937e-06, 3.19408582072e-06, 3.85983230444e-06, 1.56936346229e-06, 1.99340252038e-06, 1.84044608886e-06, 7.51386949105e-07, 5.42894611044e-07, 2.6850190693e-07, 6.23425819413e-07, 1.93476211052e-07, 1.06056134541e-07, 6.94179149718e-08, 3.41853620967e-08, 3.57482115021e-08, 5.61305704139e-08, 9.89864759049e-08, 7.91257903643e-08, 5.45556702036e-08, 3.23983080364e-08, 2.30492531728e-08, 2.55356269463e-08, 1.67753615443e-08, 1.57455080085e-08, 1.29625155054e-08, 1.9506918747e-08],
        "dvar": [1.12316229206e-06, 3.31213868776e-06, 8.47642786539e-06, 3.61761590284e-06, 4.14363682921e-07, 9.0346674142e-08, 3.17942898675e-08, 6.6850960323e-09, 8.77962413881e-09, 2.45354736528e-09, 6.42792619132e-09, 1.62429070194e-09, 4.05564470896e-09, 1.42495160116e-09, 2.63172927895e-09, 1.1380028031e-09, 8.31152424663e-10, 3.68609975876e-10, 2.24494978163e-10, 1.78686732077e-10, 3.93024744694e-11, 1.85753010196e-11, 1.24292254006e-12, 7.17505013736e-11, 1.09484264103e-12, 2.3503881133e-12, 1.18164457169e-13, 8.93385808853e-15, 7.16015415632e-15, 2.99502413701e-14, 1.0159952171e-13, 2.31075687149e-14, 1.69473250944e-14, 4.068834994e-15, 1.36755311631e-15, 2.66577616237e-15, 1.06746977777e-15, 1.17599809759e-15, 4.92156635541e-16, 1.45505744311e-15],
        "dvar2": [3.18099205288e-06, 8.43183806865e-06, 1.9465753212e-05, 7.23145740267e-06, 9.87988300949e-07, 2.58030269151e-07, 7.24883761904e-08, 1.14401332851e-08, 1.38770248626e-08, 4.35721281278e-09, 9.71792957216e-09, 3.18884185724e-09, 5.63657787112e-09, 2.67981037361e-09, 4.6401491538e-09, 1.99227589981e-09, 1.48142831335e-09, 6.24285068085e-10, 3.94116378422e-10, 3.24371196569e-10, 7.6122733117e-11, 3.60605399707e-11, 3.30338642725e-12, 9.73289990269e-11, 2.0293894603e-12, 2.84221864794e-12, 2.01230132275e-13, 2.33721275975e-14, 1.51238291774e-14, 5.19323421614e-14, 2.31920981985e-13, 6.08695968521e-14, 4.10997225023e-14, 1.03118002757e-14, 3.53251893103e-15, 5.92154295975e-15, 2.43526165149e-15, 2.88417238463e-15, 1.22441873602e-15, 3.93429863341e-15],
        "max": [0.0117050725967, 0.0349219068885, 0.05405921489, 0.0297474674881, 0.0276058185846, 0.0135815385729, 0.0079877525568, 0.00677421549335, 0.00587629200891, 0.00266288989224, 0.00465851370245, 0.00132845249027, 0.00523754674941, 0.00211458420381, 0.00433970196173, 0.00293923751451, 0.0017696490977, 0.00140328204725, 0.000814197410364, 0.000817416817881, 0.000350309797795, 0.000254320446402, 5.49206488358e-05, 0.000832859310322, 8.22864167276e-05, 0.000199870410142, 3.75769814127e-05, 5.48590742255e-06, 6.53295228403e-06, 1.728944153e-05, 1.41603923112e-05, 4.34543972005e-06, 4.58138811155e-06, 1.49298250562e-06, 4.89537853809e-07, 1.32383081564e-06, 8.38741129883e-07, 6.80001107867e-07, 2.48938363256e-07, 5.05091009018e-07],
        "mean": [0.00103188061621, 0.00174268195406, 0.00224341172725, 0.001253936789, 0.00103016197681, 0.000511136720888, 0.00018299772637, 4.79024347442e-05, 5.87774666201e-05, 3.28415590047e-05, 6.53734750813e-05, 2.39284872805e-05, 1.84544242074e-05, 1.99626119866e-05, 1.69745890162e-05, 7.68780864746e-06, 9.00955001271e-06, 2.71791486739e-06, 4.77140247312e-06, 4.24952577305e-06, 1.4948509488e-06, 9.53488438427e-07, 1.42216691756e-07, 6.50231015697e-07, 2.31394452044e-07, 2.4089737849e-07, 6.09636927607e-08, 2.54305767555e-08, 2.60899533089e-08, 4.27652118162e-08, 6.13486648149e-08, 4.17794687735e-08, 3.36246870347e-08, 1.84198132303e-08, 1.23054260115e-08, 1.67584648381e-08, 1.0918136617e-08, 9.02813912518e-09, 7.62103802288e-09, 1.00307575579e-08],
        "median": [0.000350237911334, 0.000692620058544, 0.000445899378974, 0.000121750912513, 5.81517124374e-05, 1.26462273329e-05, 4.04640286433e-06, 1.16025228181e-06, 6.82645350025e-07, 8.18662101665e-07, 7.23929247215e-07, 7.88053171163e-07, 2.24490889877e-07, 4.56410958805e-07, 3.5909977214e-07, 1.38180141107e-07, 1.99224984954e-07, 4.5021920414e-08, 4.14668868132e-08, 2.63812545143e-08, 9.0809670894e-09, 4.89612617116e-09, 2.11772133163e-09, 2.48649190127e-09, 2.57035770446e-09, 2.84099677117e-09, 3.05217362495e-09, 2.6681159504e-09, 2.63332511352e-09, 3.12989878459e-09, 3.47476891704e-09, 3.81925335802e-09, 2.59911070444e-09, 1.59743596129e-09, 1.45663636708e-09, 1.54960011489e-09, 1.02384967171e-09, 8.00819355273e-10, 8.50309433975e-10, 7.69836416836e-10],
        "min": [4.6192006685e-24, 1.13729098518e-23, 1.04195564595e-23, 1.81839191303e-23, 3.09145248643e-23, 8.19661979265e-24, 6.11549428415e-24, 8.05564877117e-24, 1.6355759226e-23, 6.03818039342e-24, 1.10621175878e-23, 7.23713064022e-24, 6.35818221405e-24, 1.30639609976e-23, 1.24863799198e-23, 5.9115950394e-24, 1.36218860283e-23, 1.43474976439e-23, 1.5896484407e-23, 1.55730482804e-23, 1.06488617586e-23, 9.8583190019e-24, 9.63287991013e-24, 1.39383549354e-23, 1.07915162092e-23, 8.98340047167e-24, 1.18513342693e-23, 1.19071714219e-23, 1.3751246595e-23, 9.07120542358e-24, 1.33537821833e-23, 7.98661476449e-24, 6.27332444647e-24, 6.0474605531e-24, 9.61458780346e-24, 1.28720216731e-23, 9.57554313295e-24, 1.07184732114e-23, 9.88982058443e-24, 1.26827408097e-23],
        "var": [2.46358558798e-06, 7.80859227234e-06, 1.93696942006e-05, 8.91621584742e-06, 6.9743136919e-06, 1.73804630776e-06, 3.41840149076e-07, 6.21789979505e-08, 7.93132528543e-08, 1.90391649113e-08, 6.33648795656e-08, 6.38893604687e-09, 1.48849652604e-08, 6.80301770473e-09, 1.42991050112e-08, 6.41527453382e-09, 4.38023572968e-09, 1.10010445198e-09, 1.21899568217e-09, 1.09919195967e-09, 1.44481870912e-10, 6.40995242995e-11, 1.17633940783e-12, 2.04814040727e-10, 2.65193878142e-12, 1.74688458143e-11, 6.42669077677e-13, 8.85039146191e-15, 2.36630546158e-14, 1.44945524767e-13, 1.54175134573e-13, 1.9320619933e-14, 2.08826520258e-14, 4.19615675147e-15, 1.10033995008e-15, 3.29937904153e-15, 1.20007733846e-15, 1.06596258852e-15, 4.31035029235e-16, 1.05744461344e-15]
    },
    "mfcc": {
        "mean": [-904.511291504, 168.495941162, 59.0127639771, 23.8304824829, 19.2064247131, 26.6213130951, 8.43468856812, -0.639714837074, -3.30378603935, -8.2378692627, -7.71700668335, -8.77962112427, -4.93816375732],
        "cov": [[9407.18554688, 4796.93701172, -1040.83703613, -1321.6072998, -784.640014648, -647.023071289, -569.659790039, -202.654983521, -245.953582764, -179.588256836, -68.7311630249, -8.19815444946, 88.4213409424], [4796.93701172, 6092.6328125, -89.1202163696, -1313.07434082, -514.787719727, -647.660522461, -206.370346069, 32.1636962891, -130.126480103, -69.8834609985, 25.0520706177, 272.095275879, 200.133056641], [-1040.83703613, -89.1202163696, 1561.54980469, 909.20690918, 340.36416626, 467.462310791, 446.691925049, 218.272827148, 163.415008545, 128.307449341, 95.4823684692, 41.4760475159, -73.8827438354], [-1321.6072998, -1313.07434082, 909.20690918, 1384.30908203, 783.277526855, 612.051208496, 357.445983887, 173.644729614, 188.581970215, 149.771102905, 72.6598129272, -80.0446090698, -144.890197754], [-784.640014648, -514.787719727, 340.36416626, 783.277526855, 1011.93829346, 851.858581543, 383.772003174, 113.635154724, 178.736282349, 166.297195435, 40.5747451782, -49.4637985229, -48.7005958557], [-647.023071289, -647.660522461, 467.462310791, 612.051208496, 851.858581543, 1264.53735352, 790.655334473, 225.620559692, 184.215591431, 194.130981445, 120.556365967, -0.472789794207, -10.6895141602], [-569.659790039, -206.370346069, 446.691925049, 357.445983887, 383.772003174, 790.655334473, 868.593017578, 407.29006958, 114.969360352, 148.150238037, 175.930877686, 98.6416244507, -2.57760000229], [-202.654983521, 32.1636962891, 218.272827148, 173.644729614, 113.635154724, 225.620559692, 407.29006958, 463.199615479, 232.925201416, 79.0299530029, 140.044372559, 108.915657043, 22.2149753571], [-245.953582764, -130.126480103, 163.415008545, 188.581970215, 178.736282349, 184.215591431, 114.969360352, 232.925201416, 390.932434082, 231.569961548, 68.325843811, 8.21196842194, -1.44198155403], [-179.588256836, -69.8834609985, 128.307449341, 149.771102905, 166.297195435, 194.130981445, 148.150238037, 79.0299530029, 231.569961548, 356.15246582, 155.025848389, -32.6216392517, -37.0688171387], [-68.7311630249, 25.0520706177, 95.4823684692, 72.6598129272, 40.5747451782, 120.556365967, 175.930877686, 140.044372559, 68.325843811, 155.025848389, 297.693939209, 164.388763428, 13.3480529785], [-8.19815444946, 272.095275879, 41.4760475159, -80.0446090698, -49.4637985229, -0.472789794207, 98.6416244507, 108.915657043, 8.21196842194, -32.6216392517, 164.388763428, 378.564971924, 173.928451538], [88.4213409424, 200.133056641, -73.8827438354, -144.890197754, -48.7005958557, -10.6895141602, -2.57760000229, 22.2149753571, -1.44198155403, -37.0688171387, 13.3480529785, 173.928451538, 277.942962646]],
