{
"lowlevel": {
    "average_loudness": 0.890244424343,
    "barkbands_crest": {
        "dmean": 2.46578931808,
        "dmean2": 4.08171749115,
        "dvar": 4.52377843857,
        "dvar2": 12.8884525299,
        "max": 24.0027732849,
        "mean": 10.0082378387,
        "median": 9.3914899826,
        "min": 2.98511552811,
        "var": 10.7724161148
    },
    "barkbands_flatness_db": {
        "dmean": 0.0191454757005,
        "dmean2": 0.030680898577,
        "dvar": 0.000352753995685,
        "dvar2": 0.000878326129168,
        "max": 0.374344646931,
        "mean": 0.14568772912,
        "median": 0.141418993473,
        "min": 0.0415909290314,
        "var": 0.00192697474267
    },
    "barkbands_kurtosis": {
        "dmean": 3.9838206768,
        "dmean2": 6.4646115303,
        "dvar": 35.9204444885,
        "dvar2": 95.943069458,
        "max": 211.328536987,
        "mean": 9.35263729095,
        "median": 7.646276474,
        "min": -1.92980635166,
        "var": 77.2805252075
    },
    "barkbands_skewness": {
        "dmean": 0.536394655704,
        "dmean2": 0.85278648138,
        "dvar": 0.330477178097,
        "dvar2": 0.852207779884,
        "max": 10.1750364304,
        "mean": 2.36473441124,
        "median": 2.32187342644,
        "min": -2.12205243111,
        "var": 0.992057085037
    },
    "barkbands_spread": {
        "dmean": 6.67150211334,
        "dmean2": 10.4301919937,
        "dvar": 191.159164429,
        "dvar2": 392.475738525,
        "max": 126.330627441,
        "mean": 20.1100616455,
        "median": 11.7518663406,
        "min": 0.775195538998,
        "var": 481.688934326
    },
    "dissonance": {
        "dmean": 0.0222298223525,
        "dmean2": 0.0369988568127,
        "dvar": 0.000410770095186,
        "dvar2": 0.00108602736145,
        "max": 0.499992877245,
        "mean": 0.445712119341,
        "median": 0.450597792864,
        "min": 0.220777153969,
        "var": 0.000967044266872
    },
    "dynamic_complexity": 2.39985704422,
    "erbbands_crest": {
        "dmean": 2.40725064278,
        "dmean2": 3.82490754128,
        "dvar": 4.89203262329,
        "dvar2": 13.0106973648,
        "max": 27.9876918793,
        "mean": 9.04839706421,
        "median": 8.29008483887,
        "min": 1.99720954895,
        "var": 13.7742347717
    },
    "erbbands_flatness_db": {
        "dmean": 0.0151957068592,
        "dmean2": 0.0228567048907,
        "dvar": 0.000314792792778,
        "dvar2": 0.000651390466373,
        "max": 0.316466331482,
        "mean": 0.130197048187,
        "median": 0.131461232901,
        "min": 0.0228847656399,
        "var": 0.00185638351832
    },
    "erbbands_kurtosis": {
        "dmean": 1.18498289585,
        "dmean2": 1.83083677292,
        "dvar": 3.48916578293,
        "dvar2": 8.42991828918,
        "max": 53.1146850586,
        "mean": 1.84829449654,
        "median": 1.02260637283,
        "min": -1.7636911869,
        "var": 10.7495698929
    },
    "erbbands_skewness": {
        "dmean": 0.307932585478,
        "dmean2": 0.477040499449,
        "dvar": 0.0995108485222,
        "dvar2": 0.249963253736,
        "max": 5.53223419189,
        "mean": 1.17131793499,
        "median": 1.11521089077,
        "min": -1.25754845142,
        "var": 0.398287624121
    },
    "erbbands_spread": {
        "dmean": 7.85170412064,
        "dmean2": 11.6534986496,
        "dvar": 125.483169556,
        "dvar2": 249.735122681,
        "max": 150.517028809,
        "mean": 41.0683631897,
        "median": 34.4986534119,
        "min": 3.03162932396,
        "var": 539.789855957
    },
    "hfc": {
        "dmean": 17.2876739502,
        "dmean2": 26.7442951202,
        "dvar": 3078.18554688,
        "dvar2": 7106.72216797,
        "max": 899.423339844,
        "mean": 35.3431396484,
        "median": 15.5239181519,
        "min": 1.09768931929e-16,
        "var": 4260.58447266
    },
    "melbands_crest": {
        "dmean": 3.15536165237,
        "dmean2": 5.29598331451,
        "dvar": 7.58608436584,
        "dvar2": 22.0237350464,
        "max": 31.7102108002,
        "mean": 13.6786909103,
        "median": 13.0307121277,
        "min": 1.57765364647,
        "var": 16.7229404449
    },
    "melbands_flatness_db": {
        "dmean": 0.0224735494703,
        "dmean2": 0.0361244790256,
        "dvar": 0.000510027515702,
        "dvar2": 0.001270881854,
        "max": 0.499737083912,
        "mean": 0.234150737524,
        "median": 0.229572087526,
        "min": 0.00310501409695,
        "var": 0.00312812067568
    },
    "melbands_kurtosis": {
        "dmean": 6.96876573563,
        "dmean2": 11.1925706863,
        "dvar": 73.3410110474,
        "dvar2": 198.703063965,
        "max": 169.989120483,
        "mean": 19.28150177,
        "median": 15.9494762421,
        "min": -1.37292563915,
        "var": 195.993927002
    },
    "melbands_skewness": {
        "dmean": 0.632309913635,
        "dmean2": 0.988746166229,
        "dvar": 0.358436316252,
        "dvar2": 0.903105854988,
        "max": 11.4371109009,
        "mean": 3.10785865784,
        "median": 2.94914698601,
        "min": -0.920933961868,
        "var": 1.52134537697
    },
    "melbands_spread": {
        "dmean": 2.90400886536,
        "dmean2": 4.72351455688,
        "dvar": 17.9673538208,
        "dvar2": 45.3652305603,
        "max": 151.84602356,
        "mean": 11.393784523,
        "median": 9.60743999481,
        "min": 0.871258199215,
        "var": 96.2681121826
    },
    "pitch_salience": {
        "dmean": 0.0636409968138,
        "dmean2": 0.104768179357,
        "dvar": 0.00302118295804,
        "dvar2": 0.00843554269522,
        "max": 0.864979088306,
        "mean": 0.564289033413,
        "median": 0.566303431988,
        "min": 0.157229453325,
        "var": 0.00798182748258
    },
    "silence_rate_20dB": {
        "dmean": 0,
        "dmean2": 0,
        "dvar": 0,
        "dvar2": 0,
        "max": 1,
        "mean": 1,
        "median": 1,
        "min": 1,
        "var": 0
    },
    "silence_rate_30dB": {
        "dmean": 0.00447785062715,
        "dmean2": 0.00895641744137,
        "dvar": 0.00445744069293,
        "dvar2": 0.0115946670994,
        "max": 1,
        "mean": 0.994882881641,
        "median": 1,
        "min": 0,
        "var": 0.00509140826762
    },
    "silence_rate_60dB": {
        "dmean": 0.000959539436735,
        "dmean2": 0.00191923230886,
        "dvar": 0.000958641583566,
        "dvar2": 0.00207542837597,
        "max": 1,
        "mean": 0.0207883585244,
        "median": 0,
        "min": 0,
        "var": 0.0203552935272
    },
    "spectral_centroid": {
        "dmean": 121.597305298,
        "dmean2": 196.6534729,
        "dvar": 29929.2167969,
        "dvar2": 71364.6953125,
        "max": 11602.9414062,
        "mean": 716.755554199,
        "median": 614.700378418,
        "min": 206.199234009,
        "var": 485456
    },
    "spectral_complexity": {
        "dmean": 1.88853347301,
        "dmean2": 3.08596563339,
        "dvar": 3.14555954933,
        "dvar2": 7.1711359024,
        "max": 48,
        "mean": 14.5978250504,
        "median": 15,
        "min": 0,
        "var": 26.4819202423
    },
    "spectral_decrease": {
        "dmean": 2.48025977534e-09,
        "dmean2": 4.02632016616e-09,
        "dvar": 7.46457628217e-18,
        "dvar2": 2.08813854336e-17,
        "max": 1.88195703466e-09,
        "mean": -8.43609360146e-09,
        "median": -7.5573014513e-09,
        "min": -4.50438228938e-08,
        "var": 2.50832081737e-17
    },
    "spectral_energy": {
        "dmean": 0.00983872450888,
        "dmean2": 0.0158342104405,
        "dvar": 0.000114793780085,
        "dvar2": 0.000312664575176,
        "max": 0.179330661893,
        "mean": 0.0350455865264,
        "median": 0.0314797535539,
        "min": 1.01964801197e-20,
        "var": 0.000415430724388
    },
    "spectral_energyband_high": {
        "dmean": 0.00103063834831,
        "dmean2": 0.00157521141227,
        "dvar": 1.2121434338e-05,
        "dvar2": 2.75186212093e-05,
        "max": 0.055541548878,
        "mean": 0.0017942659324,
        "median": 0.000376549200155,
        "min": 6.97327069652e-21,
        "var": 1.80798942893e-05
    },
    "spectral_energyband_low": {
        "dmean": 0.00517368130386,
        "dmean2": 0.00873544625938,
        "dvar": 5.53354402655e-05,
        "dvar2": 0.000160921394126,
        "max": 0.089417219162,
        "mean": 0.00984960887581,
        "median": 0.00712791224942,
        "min": 1.24367211258e-23,
        "var": 9.2685695563e-05
    },
    "spectral_energyband_middle_high": {
        "dmean": 0.000543874280993,
        "dmean2": 0.000786582706496,
        "dvar": 5.23250832885e-07,
        "dvar2": 1.05843753317e-06,
        "max": 0.0179617665708,
        "mean": 0.00236939522438,
        "median": 0.00198316783644,
        "min": 1.18746300576e-21,
        "var": 3.76799016522e-06
    },
    "spectral_energyband_middle_low": {
        "dmean": 0.00716943107545,
        "dmean2": 0.0114138312638,
        "dvar": 6.96752103977e-05,
        "dvar2": 0.000196986176888,
        "max": 0.164000600576,
        "mean": 0.0229583121836,
        "median": 0.0196663998067,
        "min": 2.02851593297e-22,
        "var": 0.000238499313127
    },
    "spectral_entropy": {
        "dmean": 0.180519521236,
        "dmean2": 0.27826577425,
        "dvar": 0.0494341216981,
        "dvar2": 0.106930583715,
        "max": 9.81949996948,
        "mean": 7.26010704041,
        "median": 7.22851228714,
        "min": 5.05235338211,
        "var": 0.252136290073
    },
    "spectral_flux": {
        "dmean": 0.0210263114423,
        "dmean2": 0.0340605042875,
        "dvar": 0.000449637998827,
        "dvar2": 0.00107098266017,
        "max": 0.275153964758,
        "mean": 0.0788313448429,
        "median": 0.0718035548925,
        "min": 6.42462402722e-11,
        "var": 0.00135980872437
    },
    "spectral_kurtosis": {
        "dmean": 1.26532518864,
        "dmean2": 2.05260825157,
        "dvar": 3.20499134064,
        "dvar2": 7.67045307159,
        "max": 60.3253364563,
        "mean": 5.91159391403,
        "median": 5.25358200073,
        "min": -1.2442330122,
        "var": 13.0231647491
    },
    "spectral_rms": {
        "dmean": 0.00079224788351,
        "dmean2": 0.00126470974647,
        "dvar": 5.51672883375e-07,
        "dvar2": 1.46248100918e-06,
        "max": 0.0132271219045,
        "mean": 0.00557937426493,
        "median": 0.00554183684289,
        "min": 3.15401090661e-12,
        "var": 3.06126071337e-06
    },
    "spectral_rolloff": {
        "dmean": 1005.73547363,
        "dmean2": 1750.99853516,
        "dvar": 10022481,
        "dvar2": 22724170,
        "max": 19573.6816406,
        "mean": 1690.3762207,
        "median": 559.86328125,
        "min": 129.19921875,
        "var": 14177329
    },
    "spectral_skewness": {
        "dmean": 0.174236118793,
        "dmean2": 0.274067431688,
        "dvar": 0.0483408309519,
        "dvar2": 0.106717661023,
        "max": 6.67095708847,
        "mean": 1.96568357944,
        "median": 1.91164875031,
        "min": -0.074760876596,
        "var": 0.264895796776
    },
    "spectral_spread": {
        "dmean": 662695,
        "dmean2": 965919.5625,
        "dvar": 1.53890219622e+12,
        "dvar2": 2.77445843354e+12,
        "max": 42726160,
        "mean": 5931708,
        "median": 5043099,
        "min": 1655549.875,
        "var": 1.01457718149e+13
    },
    "spectral_strongpeak": {
        "dmean": 0.381463497877,
        "dmean2": 0.64111572504,
        "dvar": 0.194439038634,
        "dvar2": 0.486993730068,
        "max": 7.11403369904,
        "mean": 0.811453104019,
        "median": 0.603433549404,
        "min": 0,
        "var": 0.435324192047
    },
    "zerocrossingrate": {
        "dmean": 0.0163722187281,
        "dmean2": 0.0202229656279,
        "dvar": 0.00090989342425,
        "dvar2": 0.00123140099458,
        "max": 0.52294921875,
        "mean": 0.0728549808264,
        "median": 0.0439453125,
        "min": 0.0068359375,
        "var": 0.00524251163006
    },
    "barkbands": {
        "dmean": [6.844298332e-05, 0.00191755313426, 0.00296631944366, 0.00240072794259, 0.00378274265677, 0.0022724813316, 0.00150698109064, 0.000753520755097, 0.000695192837156, 0.000301654246869, 0.000161970892805, 0.000156477006385, 9.88781757769e-05, 7.250206545e-05, 5.43962123629e-05, 4.70570885227e-05, 2.30221248785e-05, 2.6391384381e-05, 2.70250529866e-05, 3.2168783946e-05, 4.83412622998e-05, 4.95498134114e-05, 6.50284200674e-05, 6.49720313959e-05, 7.86150339991e-05, 0.000151650398038, 0.000654499221127],
        "dmean2": [0.000118466305139, 0.00322687602602, 0.00503930728883, 0.00398040097207, 0.00592665467411, 0.00344525114633, 0.00232596485876, 0.00105109240394, 0.000955207156949, 0.000457710557384, 0.000246307259658, 0.000236457242863, 0.000153026237967, 0.000101989367977, 8.18579064799e-05, 7.89417608758e-05, 3.83985825465e-05, 4.28937055403e-05, 4.28836101491e-05, 5.08456614625e-05, 7.67402962083e-05, 7.9160417954e-05, 9.98799951049e-05, 9.49987952481e-05, 0.00011367926345, 0.000222596456297, 0.00104905513581],
        "dvar": [7.43882822007e-08, 1.2964628695e-05, 2.47183925239e-05, 1.74075721588e-05, 2.95662775898e-05, 1.76121338882e-05, 1.4405210095e-05, 1.55656823608e-06, 1.53042049078e-06, 2.99920799307e-07, 9.82404628758e-08, 6.22462152933e-08, 2.61806043511e-08, 1.6656315438e-08, 7.86504728012e-09, 6.7772587542e-09, 1.36872824186e-09, 2.92887780695e-09, 5.05758812608e-09, 3.18555781753e-09, 1.10226467953e-08, 1.35277913316e-08, 3.28075770994e-08, 3.3884745676e-08, 6.06726402452e-08, 3.30609111643e-07, 5.737912943e-06],
        "dvar2": [2.07854213841e-07, 3.5351873521e-05, 7.4295727245e-05, 5.09837445861e-05, 8.34771344671e-05, 4.99572161061e-05, 4.42629825557e-05, 3.09242955154e-06, 2.58339127868e-06, 6.35514368241e-07, 2.14790787822e-07, 1.35923386324e-07, 5.95486433497e-08, 2.65419384249e-08, 1.5722491753e-08, 1.7458210877e-08, 3.21686033367e-09, 5.8276743431e-09, 1.07526920701e-08, 7.33550420406e-09, 2.72754530073e-08, 3.25584501581e-08, 6.93926693884e-08, 6.49601332725e-08, 1.13508910715e-07, 6.85121051447e-07, 1.37867446028e-05],
        "max": [0.00620360206813, 0.0628495067358, 0.0683810859919, 0.0806734412909, 0.130885288119, 0.120123304427, 0.150993749499, 0.0333179160953, 0.0510326437652, 0.01388430316, 0.0123245213181, 0.00689855543897, 0.00443687802181, 0.00393221108243, 0.00277950847521, 0.00347868120298, 0.00173350248951, 0.00324188778177, 0.00403947243467, 0.00240097660571, 0.00482790265232, 0.00366671872325, 0.00415407121181, 0.00456668995321, 0.00430472800508, 0.0141231939197, 0.034464083612],
        "mean": [6.21927756583e-05, 0.00332833547145, 0.00455626519397, 0.0040066386573, 0.00812721904367, 0.00492053851485, 0.00296506285667, 0.00146664353088, 0.00140448450111, 0.000599887338467, 0.000328994967276, 0.000432573491707, 0.00024200338521, 0.000249684933806, 0.000179031863809, 0.00012233122834, 6.30822614767e-05, 6.82106328895e-05, 6.87826614012e-05, 9.74277500063e-05, 0.000152570690261, 0.000117999574286, 0.000161728457897, 0.000143349796417, 0.000123631631141, 0.000171065679751, 0.000885645335075],
        "median": [6.70833969707e-06, 0.00180390290916, 0.00272695580497, 0.00215683528222, 0.00549022434279, 0.00236184964888, 0.00134267285466, 0.000708944455255, 0.000655914423987, 0.00029974716017, 0.000138031959068, 0.000190769234905, 0.000127969891764, 0.000114753616799, 0.000107364001451, 7.73999345256e-05, 4.4692591473e-05, 4.53588436358e-05, 4.16360562667e-05, 6.38474884909e-05, 8.74984325492e-05, 4.68703001388e-05, 3.65657142538e-05, 3.0247392715e-05, 2.02088831429e-05, 1.20605691336e-05, 2.79341420537e-05],
        "min": [8.93309934769e-25, 6.2146509445e-24, 1.03373851577e-24, 7.43361774791e-25, 1.00426087423e-23, 7.57097736417e-24, 1.0887176638e-23, 1.25108030534e-23, 2.6490189011e-23, 1.45803236291e-23, 1.51815918334e-23, 3.2593956089e-23, 3.61102341542e-23, 6.59924240835e-23, 5.46281380591e-23, 6.30086113521e-23, 6.7425355208e-23, 9.22078749294e-23, 1.77597126495e-22, 1.92243256901e-22, 2.4102649101e-22, 2.9175426094e-22, 4.34889399256e-22, 5.62060996833e-22, 8.75763236179e-22, 1.35584464654e-21, 2.02201453266e-21],
        "var": [5.47934568829e-08, 2.08824931178e-05, 3.17286940117e-05, 2.86483009404e-05, 7.0051268267e-05, 5.14412058692e-05, 3.08338603645e-05, 4.50568177257e-06, 4.99985117131e-06, 8.63790774019e-07, 3.03988514361e-07, 3.06433094011e-07, 9.98682878617e-08, 1.56698263254e-07, 6.30772021282e-08, 2.18247873107e-08, 6.87629198026e-09, 1.06669642008e-08, 1.79051724558e-08, 1.30218280603e-08, 4.10357081648e-08, 4.06854567814e-08, 9.38056743394e-08, 9.67935989138e-08, 1.11571701211e-07, 4.15819101818e-07, 6.7341702561e-06]
    },
    "erbbands": {
        "dmean": [0.0284732840955, 0.53935021162, 2.8285844326, 5.9714922905, 10.0439224243, 13.1421890259, 16.78241539, 20.8682136536, 23.4582748413, 15.813035965, 14.6268730164, 14.3148326874, 11.10044384, 8.52240085602, 5.73477935791, 4.42258501053, 4.54347801208, 3.54225325584, 2.61633706093, 2.83037829399, 2.3085231781, 1.27659118176, 1.46092450619, 1.31049251556, 1.3735563755, 1.65836596489, 1.80892658234, 1.99561536312, 2.09429883957, 1.33991324902, 2.15793848038, 1.46379804611, 1.09319758415, 0.821715414524, 0.602306544781, 0.352693021297, 0.29757001996, 0.227095335722, 0.086355574429, 0.0115171130747],
        "dmean2": [0.047398917377, 0.90947753191, 4.81875324249, 10.04845047, 16.3311767578, 20.6712589264, 25.3087215424, 31.2351856232, 36.7546043396, 22.8415603638, 19.5333137512, 19.8150043488, 15.936044693, 12.7262210846, 8.83800506592, 6.72745418549, 6.97335004807, 4.9592499733, 3.83486294746, 4.34921836853, 3.8494246006, 2.12894129753, 2.38632559776, 2.09768795967, 2.18757247925, 2.59750843048, 2.85168719292, 3.2361471653, 3.41448712349, 2.10645127296, 3.38520622253, 2.19660329819, 1.55130803585, 1.22065722942, 0.863123714924, 0.512943804264, 0.430131852627, 0.354361891747, 0.134812057018, 0.0188733711839],
        "dvar": [0.00575924292207, 0.91643345356, 21.8714637756, 92.912612915, 253.276062012, 405.858001709, 867.002258301, 1628.85852051, 4250.15917969, 558.472106934, 521.928833008, 663.287963867, 459.423126221, 249.327056885, 70.0723114014, 42.4212646484, 56.30286026, 54.2171554565, 20.2171878815, 18.6049518585, 21.7073307037, 3.25660800934, 7.62205410004, 11.2954816818, 13.5930538177, 9.46280956268, 13.8787517548, 22.5046482086, 23.1470127106, 11.7653217316, 41.4560813904, 16.9075908661, 10.1273441315, 6.06235456467, 4.26965379715, 1.63558995724, 1.33714354038, 0.741523146629, 0.0974382460117, 0.0017816752661],
        "dvar2": [0.0143686737865, 2.56786847115, 66.4779205322, 277.381591797, 739.762390137, 1127.0279541, 2414.40795898, 4533.95166016, 13406.2675781, 1159.38916016, 915.743774414, 1165.8046875, 750.83972168, 531.321289062, 162.829360962, 94.2101593018, 126.960449219, 80.9912414551, 36.6332435608, 37.2270851135, 49.9477806091, 8.89630794525, 16.1488685608, 24.0023117065, 28.789768219, 21.4441642761, 33.2900848389, 59.4630661011, 59.2169532776, 25.0356388092, 94.630027771, 36.6416893005, 17.0363960266, 10.4641151428, 8.71828174591, 3.38207197189, 2.80378651619, 1.67548787594, 0.22914943099, 0.00440406706184],
        "max": [1.78577804565, 16.8349952698, 63.5952148438, 159.390289307, 472.729827881, 330.230895996, 624.119934082, 1443.35681152, 2652.81738281, 761.699401855, 907.639892578, 589.139770508, 1233.08276367, 462.669342041, 167.387039185, 165.508804321, 213.099868774, 239.229156494, 164.398635864, 134.061325073, 238.784469604, 55.9454078674, 139.293045044, 184.890045166, 194.865158081, 156.332870483, 202.283920288, 157.637832642, 134.836196899, 93.7538757324, 161.405090332, 106.569519043, 82.991104126, 55.3950538635, 30.6440010071, 35.5506973267, 23.6190567017, 11.9316396713, 4.25919437408, 0.669500410557],
        "mean": [0.0449428595603, 0.961341977119, 4.64086341858, 10.1516485214, 19.2742481232, 26.1662425995, 35.389591217, 45.7208175659, 47.3469772339, 34.3706512451, 31.3824710846, 29.0194549561, 23.3112812042, 19.3952045441, 14.2835273743, 13.2131433487, 11.8446159363, 12.6510858536, 9.50170230865, 9.67042064667, 6.14661979675, 3.85521697998, 3.8261654377, 3.35185694695, 3.57959794998, 5.11003112793, 5.59997272491, 5.58895254135, 4.82875204086, 4.15175485611, 4.68804740906, 3.28985762596, 2.23633337021, 1.44751834869, 0.79987847805, 0.440338611603, 0.34042006731, 0.271364748478, 0.120411038399, 0.0149835059419],
        "median": [0.0165067054331, 0.579651236534, 2.89579534531, 6.14323568344, 11.704706192, 16.2303256989, 18.9971103668, 20.5927524567, 21.8128128052, 20.7390861511, 16.4740219116, 13.6735363007, 13.3750305176, 9.96342182159, 9.81757736206, 7.65850734711, 6.41962862015, 5.79408407211, 4.94999980927, 6.95739507675, 3.8548014164, 2.87186026573, 2.65456438065, 2.26336622238, 2.27488923073, 3.24286913872, 3.50962758064, 2.84734225273, 1.93182504177, 1.28210949898, 1.00598418713, 0.609474480152, 0.518210351467, 0.274217605591, 0.111400045455, 0.0434756502509, 0.0213166046888, 0.0105135124177, 0.00349604687653, 0.000515698629897],
        "min": [1.65313438863e-22, 7.49821605282e-22, 1.41822196091e-21, 4.91017481227e-21, 2.48894752752e-20, 2.97699071284e-20, 4.47511658416e-20, 6.74016877652e-20, 1.18707629882e-19, 1.95299785392e-19, 2.76945988594e-19, 5.7326216899e-19, 6.37166214008e-19, 8.23936410191e-19, 1.06719730365e-18, 1.47123026173e-18, 1.97938840512e-18, 2.39012638585e-18, 2.18288993186e-18, 3.49127914345e-18, 4.46746889873e-18, 4.59837395298e-18, 6.77621229284e-18, 7.31740265322e-18, 6.5424651138e-18, 7.68962317553e-18, 9.89397844428e-18, 1.02489646585e-17, 1.21340786688e-17, 1.3324788617e-17, 1.23103012265e-17, 1.1568929022e-17, 1.02550667699e-17, 9.03512591325e-18, 5.92529904133e-18, 4.31704982665e-18, 2.53695942318e-18, 9.57352577984e-19, 2.78123428497e-19, 2.73002043132e-20],
        "var": [0.00746970670298, 1.50150084496, 28.6167850494, 149.68637085, 538.97064209, 898.063964844, 2142.11816406, 5231.91210938, 8403.48828125, 1962.1114502, 1796.83972168, 2014.93359375, 1426.81030273, 759.77923584, 214.587173462, 226.130249023, 221.329360962, 416.981079102, 280.989379883, 122.502922058, 64.5987319946, 17.7680797577, 27.0200481415, 30.6742324829, 39.6839141846, 42.3738174438, 55.793346405, 64.0520324707, 64.1729049683, 46.7528038025, 94.6967010498, 52.5762557983, 25.2980060577, 13.1746196747, 6.15382623672, 2.2767739296, 1.66563689709, 0.854661941528, 0.123566672206, 0.00193023390602]
    },
    "gfcc": {
        "mean": [12.5894451141, 84.905921936, -70.9597015381, 8.78530311584, -58.9966506958, -5.01610136032, -29.4996757507, -11.7141227722, -18.1612491608, -5.44592285156, -15.2301721573, -7.88360452652, -8.72260093689],
        "cov": [[12419.8027344, -925.44720459, -238.422790527, -118.952484131, -186.235626221, -65.5166549683, -176.167556763, -279.919219971, -21.4254055023, -2.25770401955, -170.14781189, -62.208656311, -48.4758224487], [-925.44720459, 1676.71984863, -561.485595703, 261.608459473, 19.0340995789, 134.989608765, -9.83483028412, 88.6992263794, -66.3337554932, 69.8167724609, -11.7752389908, -10.5972661972, 60.7107849121], [-238.422790527, -561.485595703, 789.459716797, -76.1429824829, 119.448051453, -59.7798423767, 96.4476547241, 39.0709075928, 68.3165359497, -48.6066894531, 45.7614784241, 28.2490596771, -40.8847770691], [-118.952484131, 261.608459473, -76.1429824829, 233.406219482, 36.8170166016, 77.847694397, 11.0554819107, 36.3296928406, 12.079407692, 7.55915927887, 12.6534967422, -11.9627189636, 22.0417804718], [-186.235626221, 19.0340995789, 119.448051453, 36.8170166016, 194.764053345, 33.723575592, 65.9031600952, -2.58479762077, 30.4360675812, 2.53403186798, 7.40721750259, -1.01394891739, -0.468102186918], [-65.5166549683, 134.989608765, -59.7798423767, 77.847694397, 33.723575592, 128.331665039, 17.7360954285, 46.5988807678, -13.2085514069, 28.7296848297, 0.993422210217, 5.2821521759, 12.8197612762], [-176.167556763, -9.83483028412, 96.4476547241, 11.0554819107, 65.9031600952, 17.7360954285, 107.149749756, 26.5914516449, 39.2248039246, -11.7447290421, 18.7933807373, 6.41654109955, -1.34803795815], [-279.919219971, 88.6992263794, 39.0709075928, 36.3296928406, -2.58479762077, 46.5988807678, 26.5914516449, 120.810447693, 0.743452370167, 31.4386024475, 12.3005924225, 11.6752138138, 5.04390716553], [-21.4254055023, -66.3337554932, 68.3165359497, 12.079407692, 30.4360675812, -13.2085514069, 39.2248039246, 0.743452370167, 91.5532608032, 6.66771507263, 16.7617549896, -9.1608953476, -3.15124464035], [-2.25770401955, 69.8167724609, -48.6066894531, 7.55915927887, 2.53403186798, 28.7296848297, -11.7447290421, 31.4386024475, 6.66771507263, 79.0325927734, 15.0522994995, 11.7797346115, 8.15220451355], [-170.14781189, -11.7752389908, 45.7614784241, 12.6534967422, 7.40721750259, 0.993422210217, 18.7933807373, 12.3005924225, 16.7617549896, 15.0522994995, 65.9385528564, 20.8619709015, 7.35381555557], [-62.208656311, -10.5972661972, 28.2490596771, -11.9627189636, -1.01394891739, 5.2821521759, 6.41654109955, 11.6752138138, -9.1608953476, 11.7797346115, 20.8619709015, 54.4786987305, 19.4108772278], [-48.4758224487, 60.7107849121, -40.8847770691, 22.0417804718, -0.468102186918, 12.8197612762, -1.34803795815, 5.04390716553, -3.15124464035, 8.15220451355, 7.35381555557, 19.4108772278, 50.4287948608]],
        "icov": [[9.46903674048e-05, 6.76952404319e-05, 2.31957656069e-05, -6.68419452268e-05, 9.05488486751e-05, -4.35958208982e-05, -1.29889076561e-05, 0.000221073758439, -3.67518418898e-06, -0.000161320029292, 0.000245533767156, -2.12206887227e-05, 4.52232779935e-05], [6.76952404319e-05, 0.00108613469638, 0.000755506509449, -0.000890897528734, -0.000377362739528, 0.000333641539328, -0.000401487835916, -0.000573637720663, 0.000696935865562, -0.000430254789535, 0.000206529832212, 3.96191971959e-05, -0.000214532279642], [2.31957656069e-05, 0.000755506509449, 0.00263347756118, 6.50546353427e-05, -0.00172334921081, 0.00109930464532, -0.000186952092918, -0.00204957928509, -0.00064060051227, 0.00169190973975, -0.000948783243075, -0.00151067017578, 0.00153023167513], [-6.68419452268e-05, -0.000890897528734, 6.50546353427e-05, 0.00729508604854, -0.00101859134156, -0.00376055482775, 0.00201701163314, -0.00136016705073, -0.00230648647994, 0.00290495506488, -0.00253547797911, 0.00244900514372, -0.00217772182077], [9.05488486751e-05, -0.000377362739528, -0.00172334921081, -0.00101859134156, 0.00849933177233, -0.00210970058106, -0.00472734030336, 0.00387194240466, 8.96519213711e-06, -0.00278065889142, 0.0016512547154, 0.000922133738641, -0.000454728287878], [-4.35958208982e-05, 0.000333641539328, 0.00109930464532, -0.00376055482775, -0.00210970058106, 0.0136184561998, -0.00271643744782, -0.00341372913681, 0.00366524141282, -0.0036479246337, 0.0015238118358, -0.000788349774666, -0.00022141392401], [-1.29889076561e-05, -0.000401487835916, -0.000186952092918, 0.00201701163314, -0.00472734030336, -0.00271643744782, 0.0177339073271, -0.00452368753031, -0.00692023802549, 0.00707346992567, -0.00323885027319, -0.00222142413259, 0.000762325769756], [0.000221073758439, -0.000573637720663, -0.00204957928509, -0.00136016705073, 0.00387194240466, -0.00341372913681, -0.00452368753031, 0.0141439717263, 0.0015508934157, -0.00619857711717, 0.00149029365275, -0.000220774614718, 0.000170710176462], [-3.67518418898e-06, 0.000696935865562, -0.00064060051227, -0.00230648647994, 8.96519213711e-06, 0.00366524141282, -0.00692023802549, 0.0015508934157, 0.0169353354722, -0.00547307031229, -0.00196915422566, 0.00539419846609, -0.00147170689888], [-0.000161320029292, -0.000430254789535, 0.00169190973975, 0.00290495506488, -0.00278065889142, -0.0036479246337, 0.00707346992567, -0.00619857711717, -0.00547307031229, 0.020586553961, -0.00502578914165, -0.00334456120618, 0.0005257910816], [0.000245533767156, 0.000206529832212, -0.000948783243075, -0.00253547797911, 0.0016512547154, 0.0015238118358, -0.00323885027319, 0.00149029365275, -0.00196915422566, -0.00502578914165, 0.0213497467339, -0.00724957371131, 8.52493612911e-05], [-2.12206887227e-05, 3.96191971959e-05, -0.00151067017578, 0.00244900514372, 0.000922133738641, -0.000788349774666, -0.00222142413259, -0.000220774614718, 0.00539419846609, -0.00334456120618, -0.00724957371131, 0.0284645948559, -0.011213186197], [4.52232779935e-05, -0.000214532279642, 0.00153023167513, -0.00217772182077, -0.000454728287878, -0.00022141392401, 0.000762325769756, 0.000170710176462, -0.00147170689888, 0.0005257910816, 8.52493612911e-05, -0.011213186197, 0.0265062786639]]
    },
    "melbands": {
        "dmean": [0.000391765875975, 0.0012022346491, 0.0010870215483, 0.000807167438325, 0.000598323473241, 0.000451652973425, 0.000339301070198, 0.000175396096893, 0.000116684786917, 9.24517516978e-05, 5.78512990614e-05, 3.81718673452e-05, 2.04846455745e-05, 1.8390135665e-05, 1.1844042092e-05, 9.71571353148e-06, 6.46423904982e-06, 4.67182007924e-06, 4.14176975028e-06, 3.9007122723e-06, 2.56267230725e-06, 1.47369325987e-06, 1.5512630398e-06, 1.17158811008e-06, 1.17468221106e-06, 1.11385645596e-06, 1.11380336421e-06, 1.14556166864e-06, 1.16771207104e-06, 1.14740339541e-06, 1.44470743635e-06, 1.49667005189e-06, 8.05438105544e-07, 8.80134564341e-07, 1.53403277636e-06, 9.57616634878e-07, 9.68890276454e-07, 7.91546540313e-07, 8.20357740849e-07, 6.98598967119e-07],
        "dmean2": [0.000656243297271, 0.00204130681232, 0.00181914365385, 0.00128755462356, 0.000907516165171, 0.000678327167407, 0.000529347511474, 0.000248978118179, 0.000156540234457, 0.000127860970679, 8.34475213196e-05, 5.71166056034e-05, 3.17047670251e-05, 2.77055023616e-05, 1.84920663742e-05, 1.44982805068e-05, 9.12535961106e-06, 6.87101191943e-06, 6.45313411951e-06, 6.22662628302e-06, 4.28102066508e-06, 2.49023969445e-06, 2.56462976722e-06, 1.88114097455e-06, 1.89935019534e-06, 1.80435574748e-06, 1.76517710315e-06, 1.81083362349e-06, 1.82283247341e-06, 1.85460976354e-06, 2.36999949266e-06, 2.46722333941e-06, 1.27544751649e-06, 1.38786163006e-06, 2.4321939236e-06, 1.4593731521e-06, 1.49941956806e-06, 1.16950343454e-06, 1.15214311336e-06, 1.0421464367e-06],
        "dvar": [6.63076434648e-07, 3.60901844942e-06, 2.56027169598e-06, 1.55658153744e-06, 9.85698420664e-07, 7.10409096882e-07, 8.17320255919e-07, 6.27234015838e-08, 3.26184483868e-08, 2.76559575241e-08, 1.21709495815e-08, 4.80048045759e-09, 1.19408638533e-09, 1.01766617355e-09, 4.52979376231e-10, 2.81895534693e-10, 1.58965923758e-10, 7.43087327781e-11, 5.47453228583e-11, 3.77613461333e-11, 3.13464879054e-11, 5.44955617091e-12, 6.38172327483e-12, 1.11987650056e-11, 1.07311789663e-11, 1.05510235965e-11, 4.90198940467e-12, 4.34706914562e-12, 4.99035578486e-12, 8.85612156526e-12, 1.28559931797e-11, 1.25391043035e-11, 3.88036347845e-12, 4.35065481905e-12, 2.05894017113e-11, 7.72938397314e-12, 7.22899214448e-12, 4.82270343452e-12, 6.63254997799e-12, 4.2939675253e-12],
        "dvar2": [1.73436410478e-06, 1.0829958228e-05, 7.50172875996e-06, 4.29937836088e-06, 2.75089496427e-06, 1.97249937628e-06, 2.58024329014e-06, 1.2690315998e-07, 5.68364022513e-08, 4.81382862461e-08, 2.02392946846e-08, 1.02410417924e-08, 2.7750743925e-09, 2.16686268928e-09, 1.02363650889e-09, 5.51863499343e-10, 2.43061099026e-10, 1.34939864838e-10, 1.2512994807e-10, 1.0103983622e-10, 6.88303303242e-11, 1.50232864343e-11, 1.49804838673e-11, 1.9879289187e-11, 2.29735206553e-11, 2.41796877659e-11, 1.07124465548e-11, 1.01802507396e-11, 1.13640737445e-11, 2.37817387311e-11, 3.52585738383e-11, 3.37183267418e-11, 8.40367792715e-12, 9.56296326848e-12, 5.02980261607e-11, 1.57850486154e-11, 1.76308845995e-11, 9.27886326801e-12, 1.00858921909e-11, 8.10983571964e-12],
        "max": [0.015643293038, 0.0245872754604, 0.027663320303, 0.0344972163439, 0.0220517031848, 0.0287881568074, 0.035640090704, 0.00698845554143, 0.00681484583765, 0.00552749633789, 0.00610212236643, 0.00170090433676, 0.000842112989631, 0.00096995558124, 0.00051251630066, 0.000468883343274, 0.000402096367907, 0.000368707900634, 0.000306228350382, 0.00012838091061, 0.000289363262709, 7.68229292589e-05, 6.41251390334e-05, 0.000255379709415, 0.000182125368156, 0.000184858829016, 6.95626149536e-05, 0.000110068678623, 7.62297786423e-05, 0.000196104345378, 0.000103802267404, 9.51209367486e-05, 5.04038835061e-05, 5.440014138e-05, 0.000102302772575, 6.70161098242e-05, 6.70929657645e-05, 4.57319438283e-05, 8.38939522509e-05, 4.38272836618e-05],
        "mean": [0.000672820024192, 0.00209314981475, 0.00203877617605, 0.00165213970467, 0.00127326033544, 0.000999170704745, 0.000692585541401, 0.000371525471564, 0.000244184338953, 0.000183601383469, 0.000116953451652, 8.30769204185e-05, 4.54838009318e-05, 5.01127069583e-05, 2.87397633656e-05, 2.67977156909e-05, 2.22127146117e-05, 1.57321701408e-05, 1.23060981423e-05, 1.18977150123e-05, 5.92005926592e-06, 3.97744315705e-06, 3.63598405784e-06, 3.11392977892e-06, 2.62293110609e-06, 2.67734708359e-06, 2.75623460766e-06, 3.35721165357e-06, 3.37627079716e-06, 3.18955380862e-06, 3.4741183299e-06, 2.96290954793e-06, 1.91100593838e-06, 2.58467298409e-06, 3.01420163851e-06, 2.03983063329e-06, 1.98890643333e-06, 1.48393064592e-06, 1.56896260251e-06, 1.09018731109e-06],
        "median": [0.000332501746016, 0.00138727389276, 0.00137003115378, 0.00105522142258, 0.000744132790715, 0.00047137128422, 0.00033422515844, 0.000224500108743, 0.000123123420053, 8.46065377118e-05, 6.48383720545e-05, 4.21235818067e-05, 2.94118854072e-05, 2.1751058739e-05, 1.11106073746e-05, 1.25306924019e-05, 1.01121331681e-05, 6.7409064286e-06, 8.16825286165e-06, 8.15790281194e-06, 3.40358701578e-06, 2.61146510638e-06, 2.58755017057e-06, 1.94291328626e-06, 1.68108010712e-06, 1.53494897859e-06, 1.64657137702e-06, 2.13237558455e-06, 2.06773029277e-06, 1.86609975117e-06, 1.37235952025e-06, 1.14958743325e-06, 6.95213884683e-07, 6.05377408647e-07, 6.34513241948e-07, 3.50008974692e-07, 3.55446331923e-07, 3.76057073481e-07, 2.74689767821e-07, 2.09859720712e-07],
        "min": [1.97257627579e-24, 8.23780917874e-25, 1.05163737528e-24, 1.85731383677e-24, 1.59087981313e-24, 1.34732670003e-24, 1.86393514078e-24, 2.11697844778e-24, 1.94432539184e-24, 3.55249466942e-24, 2.94675579322e-24, 2.55679778751e-24, 3.03324393907e-24, 3.5716209965e-24, 4.22886795386e-24, 3.22048125821e-24, 5.34437052196e-24, 3.35774778889e-24, 3.64513494426e-24, 3.47091146346e-24, 4.59618131286e-24, 3.74805999314e-24, 6.08806164617e-24, 5.81921824411e-24, 5.67463266195e-24, 5.1699415429e-24, 4.42673990687e-24, 4.7343968432e-24, 5.75687377791e-24, 5.34445414121e-24, 5.54727816855e-24, 5.64002572847e-24, 5.94399119019e-24, 6.07009060589e-24, 6.22110934873e-24, 5.01425905439e-24, 6.29690231564e-24, 6.66816076802e-24, 7.43972432017e-24, 6.26581804053e-24],
        "var": [1.01123464447e-06, 5.16402724315e-06, 4.78650827063e-06, 3.41753752764e-06, 2.46384979619e-06, 2.29812690122e-06, 1.63044194323e-06, 2.08047723049e-07, 1.13000027113e-07, 8.65978009301e-08, 3.74673376768e-08, 1.42633203026e-08, 3.00040081669e-09, 4.68427385769e-09, 2.48288922755e-09, 1.49492029866e-09, 1.24543120261e-09, 1.04500563758e-09, 2.59976040695e-10, 1.68299929548e-10, 8.85987810895e-11, 2.98396758691e-11, 1.77259613238e-11, 4.41487124636e-11, 2.38441991846e-11, 2.82076705743e-11, 1.42351972224e-11, 1.81211608219e-11, 1.9132400525e-11, 2.33979745301e-11, 3.20827323042e-11, 2.71611899638e-11, 1.10486342297e-11, 2.02217027845e-11, 3.93084211014e-11, 2.21487793384e-11, 1.93821712152e-11, 9.97596623364e-12, 1.7158030205e-11, 7.9078150278e-12]
    },
    "mfcc": {
        "mean": [-646.506103516, 133.63180542, 31.3261356354, 17.9561214447, -5.96492195129, 4.2017326355, -6.02069759369, -6.42277193069, -2.28548598289, -1.75577890873, -7.05645275116, -2.66836953163, -4.14405107498],
        "cov": [[5827.53125, -226.300994873, -34.9430427551, -105.554374695, -43.3214569092, 117.696548462, -97.5064697266, -136.966171265, -27.3615341187, -27.6350402832, -67.9995117188, -32.5897445679, -70.2632369995], [-226.300994873, 1138.75720215, -161.84777832, 130.318145752, 14.2260551453, 51.7031784058, 75.1121520996, 3.8558716774, 61.6978683472, 10.8043775558, -22.9672260284, 37.4717903137, 34.5939102173], [-34.9430427551, -161.84777832, 432.68258667, 37.4719848633, 46.251159668, -43.9046592712, 16.5315208435, 72.1362762451, -15.3846282959, 20.7117004395, 42.047908783, 2.56068372726, 14.3503656387], [-105.554374695, 130.318145752, 37.4719848633, 141.97819519, 50.9778594971, 30.3635559082, 29.8841323853, 31.8627967834, 20.208864212, 24.4005661011, 8.80511760712, 9.3223323822, 12.7110490799], [-43.3214569092, 14.2260551453, 46.251159668, 50.9778594971, 113.06098938, 49.1709480286, 39.5739707947, 20.4386310577, 16.0265769958, 19.3690299988, 16.7982463837, 3.4048268795, 10.0376291275], [117.696548462, 51.7031784058, -43.9046592712, 30.3635559082, 49.1709480286, 112.124038696, 25.8217372894, 10.7706766129, 20.2737064362, 8.64449119568, -0.357243180275, 8.91542339325, 1.93276679516], [-97.5064697266, 75.1121520996, 16.5315208435, 29.8841323853, 39.5739707947, 25.8217372894, 104.621643066, 42.9809989929, 23.3980941772, 13.6916751862, 12.1365194321, 14.0548810959, 25.75507164], [-136.966171265, 3.8558716774, 72.1362762451, 31.8627967834, 20.4386310577, 10.7706766129, 42.9809989929, 90.7750167847, 25.7204418182, 15.4280109406, 13.095872879, 7.09534215927, 15.5972509384], [-27.3615341187, 61.6978683472, -15.3846282959, 20.208864212, 16.0265769958, 20.2737064362, 23.3980941772, 25.7204418182, 68.2905426025, 26.1332607269, 8.40301132202, 9.36616897583, 8.60100269318], [-27.6350402832, 10.8043775558, 20.7117004395, 24.4005661011, 19.3690299988, 8.64449119568, 13.6916751862, 15.4280109406, 26.1332607269, 64.9489974976, 27.6159534454, 6.23525905609, 2.77475595474], [-67.9995117188, -22.9672260284, 42.047908783, 8.80511760712, 16.7982463837, -0.357243180275, 12.1365194321, 13.095872879, 8.40301132202, 27.6159534454, 62.2300300598, 23.7654209137, 9.67269897461], [-32.5897445679, 37.4717903137, 2.56068372726, 9.3223323822, 3.4048268795, 8.91542339325, 14.0548810959, 7.09534215927, 9.36616897583, 6.23525905609, 23.7654209137, 54.4168014526, 24.9188747406], [-70.2632369995, 34.5939102173, 14.3503656387, 12.7110490799, 10.0376291275, 1.93276679516, 25.75507164, 15.5972509384, 8.60100269318, 2.77475595474, 9.67269897461, 24.9188747406, 62.033203125]],
