{
"lowlevel": {
    "average_loudness": 0.65648317337,
    "barkbands_crest": {
        "dmean": 2.12887001038,
        "dmean2": 3.31310915947,
        "dvar": 5.10081624985,
        "dvar2": 12.939494133,
        "max": 25.9232177734,
        "mean": 14.2341060638,
        "median": 14.588224411,
        "min": 2.33179879189,
        "var": 24.6262073517
    },
    "barkbands_flatness_db": {
        "dmean": 0.0252280980349,
        "dmean2": 0.0344584137201,
        "dvar": 0.00104695977643,
        "dvar2": 0.00180312094744,
        "max": 0.515029788017,
        "mean": 0.220536515117,
        "median": 0.216225907207,
        "min": 0.0173501055688,
        "var": 0.00631882343441
    },
    "barkbands_kurtosis": {
        "dmean": 7.12153196335,
        "dmean2": 11.2279243469,
        "dvar": 197.064651489,
        "dvar2": 483.631744385,
        "max": 562.256774902,
        "mean": 15.0752782822,
        "median": 7.8985490799,
        "min": -1.88389027119,
        "var": 494.728546143
    },
    "barkbands_skewness": {
        "dmean": 0.709010064602,
        "dmean2": 1.08960282803,
        "dvar": 0.749497294426,
        "dvar2": 1.82358622551,
        "max": 19.7345409393,
        "mean": 2.50964140892,
        "median": 2.18299674988,
        "min": -2.02796888351,
        "var": 3.20260071754
    },
    "barkbands_spread": {
        "dmean": 4.83333730698,
        "dmean2": 7.12075376511,
        "dvar": 106.698577881,
        "dvar2": 209.151550293,
        "max": 101.974838257,
        "mean": 12.2573413849,
        "median": 7.10232210159,
        "min": 0.378941506147,
        "var": 248.730148315
    },
    "dissonance": {
        "dmean": 0.0286356136203,
        "dmean2": 0.0467329844832,
        "dvar": 0.000708460691385,
        "dvar2": 0.00184964202344,
        "max": 0.499999523163,
        "mean": 0.418042957783,
        "median": 0.42477118969,
        "min": 0.212581068277,
        "var": 0.00221654889174
    },
    "dynamic_complexity": 3.00442695618,
    "erbbands_crest": {
        "dmean": 2.3807117939,
        "dmean2": 3.71272015572,
        "dvar": 5.44437932968,
        "dvar2": 13.6522941589,
        "max": 29.3556995392,
        "mean": 11.4403648376,
        "median": 10.4587841034,
        "min": 2.6533677578,
        "var": 23.0637969971
    },
    "erbbands_flatness_db": {
        "dmean": 0.0208272524178,
        "dmean2": 0.0267534516752,
        "dvar": 0.000635660544503,
        "dvar2": 0.00101350410841,
        "max": 0.351055473089,
        "mean": 0.192214429379,
        "median": 0.205205380917,
        "min": 0.0464300066233,
        "var": 0.0034378177952
    },
    "erbbands_kurtosis": {
        "dmean": 1.99092483521,
        "dmean2": 2.97310519218,
        "dvar": 12.0647449493,
        "dvar2": 26.2710037231,
        "max": 82.9897613525,
        "mean": 3.61010980606,
        "median": 1.32901644707,
        "min": -1.87035155296,
        "var": 43.048324585
    },
    "erbbands_skewness": {
        "dmean": 0.436109542847,
        "dmean2": 0.640508770943,
        "dvar": 0.246336728334,
        "dvar2": 0.507012248039,
        "max": 7.33421897888,
        "mean": 1.05855035782,
        "median": 0.893375694752,
        "min": -2.51701664925,
        "var": 1.28521692753
    },
    "erbbands_spread": {
        "dmean": 9.71660518646,
        "dmean2": 13.7679891586,
        "dvar": 284.064788818,
        "dvar2": 515.238952637,
        "max": 174.357254028,
        "mean": 30.9813404083,
        "median": 22.8423271179,
        "min": 2.0065267086,
        "var": 689.089111328
    },
    "hfc": {
        "dmean": 12.4191398621,
        "dmean2": 19.1338596344,
        "dvar": 1329.65734863,
        "dvar2": 3357.87475586,
        "max": 404.675354004,
        "mean": 19.0597553253,
        "median": 9.37650680542,
        "min": 1.08043830218e-16,
        "var": 1259.1541748
    },
    "melbands_crest": {
        "dmean": 2.71654367447,
        "dmean2": 4.31114578247,
        "dvar": 8.44385814667,
        "dvar2": 21.984418869,
        "max": 37.6157722473,
        "mean": 18.9833526611,
        "median": 18.5638237,
        "min": 1.51400530338,
        "var": 54.1356887817
    },
    "melbands_flatness_db": {
        "dmean": 0.0281054154038,
        "dmean2": 0.0391458272934,
        "dvar": 0.00152676471043,
        "dvar2": 0.00275936885737,
        "max": 0.642263531685,
        "mean": 0.306006580591,
        "median": 0.298628628254,
        "min": 0.00322468345985,
        "var": 0.00966085214168
    },
    "melbands_kurtosis": {
        "dmean": 14.2019815445,
        "dmean2": 21.9043998718,
        "dvar": 1252.61303711,
        "dvar2": 2925.95336914,
        "max": 1144.91967773,
        "mean": 28.6853809357,
        "median": 12.4224853516,
        "min": -1.61222040653,
        "var": 3232.43798828
    },
    "melbands_skewness": {
        "dmean": 0.860788404942,
        "dmean2": 1.29759454727,
        "dvar": 1.59498977661,
        "dvar2": 3.42660570145,
        "max": 25.7589035034,
        "mean": 3.23186016083,
        "median": 2.63042354584,
        "min": -1.23301231861,
        "var": 6.5464425087
    },
    "melbands_spread": {
        "dmean": 4.58770465851,
        "dmean2": 7.11778450012,
        "dvar": 125.789505005,
        "dvar2": 282.03527832,
        "max": 217.371337891,
        "mean": 12.3373346329,
        "median": 7.23100280762,
        "min": 0.258019953966,
        "var": 315.652954102
    },
    "pitch_salience": {
        "dmean": 0.0563205704093,
        "dmean2": 0.0896601453424,
        "dvar": 0.00345162139274,
        "dvar2": 0.00838787201792,
        "max": 0.863915801048,
        "mean": 0.442091196775,
        "median": 0.444052070379,
        "min": 0.0654167085886,
        "var": 0.0211248230189
    },
    "silence_rate_20dB": {
        "dmean": 0.0110010998324,
        "dmean2": 0.0220038145781,
        "dvar": 0.0108807524666,
        "dvar2": 0.0292967427522,
        "max": 1,
        "mean": 0.992739796638,
        "median": 1,
        "min": 0,
        "var": 0.00720800971612
    },
    "silence_rate_30dB": {
        "dmean": 0.0610194355249,
        "dmean2": 0.122047819197,
        "dvar": 0.0572964549065,
        "dvar2": 0.12915250659,
        "max": 1,
        "mean": 0.800014674664,
        "median": 1,
        "min": 0,
        "var": 0.160009205341
    },
    "silence_rate_60dB": {
        "dmean": 0.0104143749923,
        "dmean2": 0.0208302773535,
        "dvar": 0.0103044128045,
        "dvar2": 0.0247917845845,
        "max": 1,
        "mean": 0.0385010279715,
        "median": 0,
        "min": 0,
        "var": 0.0370201990008
    },
    "spectral_centroid": {
        "dmean": 182.290405273,
        "dmean2": 272.032318115,
        "dvar": 136552.671875,
        "dvar2": 270266.59375,
        "max": 11741.0986328,
        "mean": 785.038208008,
        "median": 578.19128418,
        "min": 150.700881958,
        "var": 807059.125
    },
    "spectral_complexity": {
        "dmean": 2.12335896492,
        "dmean2": 3.3696641922,
        "dvar": 17.7797412872,
        "dvar2": 36.4408454895,
        "max": 59,
        "mean": 11.7133321762,
        "median": 11,
        "min": 0,
        "var": 34.0180397034
    },
    "spectral_decrease": {
        "dmean": 5.38873035083e-09,
        "dmean2": 8.82659012547e-09,
        "dvar": 2.38076556336e-16,
        "dvar2": 6.35679962766e-16,
        "max": 1.93453006418e-28,
        "mean": -1.4705380913e-08,
        "median": -5.64829960581e-09,
        "min": -2.03407395816e-07,
        "var": 3.95461101288e-16
    },
    "spectral_energy": {
        "dmean": 0.0211995337158,
        "dmean2": 0.0346401184797,
        "dvar": 0.00351238274015,
        "dvar2": 0.00936721917242,
        "max": 0.777040481567,
        "mean": 0.0572303496301,
        "median": 0.0226162299514,
        "min": 1.0152898849e-20,
        "var": 0.00580556131899
    },
    "spectral_energyband_high": {
        "dmean": 0.000995403854176,
        "dmean2": 0.00153575639706,
        "dvar": 1.02162293842e-05,
        "dvar2": 2.52833997365e-05,
        "max": 0.0321239344776,
        "mean": 0.000915902084671,
        "median": 3.00180909107e-05,
        "min": 7.13849679271e-21,
        "var": 9.43279246712e-06
    },
    "spectral_energyband_low": {
        "dmean": 0.0177585966885,
        "dmean2": 0.0292099360377,
        "dvar": 0.00313431583345,
        "dvar2": 0.00843020156026,
        "max": 0.728295922279,
        "mean": 0.0414051935077,
        "median": 0.00236348062754,
        "min": 1.70099552638e-23,
        "var": 0.00503441691399
    },
    "spectral_energyband_middle_high": {
        "dmean": 0.00158492510673,
        "dmean2": 0.00256957300007,
        "dvar": 3.88983098674e-05,
        "dvar2": 0.000105537168565,
        "max": 0.0925718396902,
        "mean": 0.00281696487218,
        "median": 0.00126846623607,
        "min": 1.27851830442e-21,
        "var": 3.70529924112e-05
    },
    "spectral_energyband_middle_low": {
        "dmean": 0.00383872468956,
        "dmean2": 0.00585966184735,
        "dvar": 4.28197272413e-05,
        "dvar2": 0.000104716302303,
        "max": 0.137036323547,
        "mean": 0.012504956685,
        "median": 0.0099836718291,
        "min": 1.54592263803e-22,
        "var": 0.000116521383461
    },
    "spectral_entropy": {
        "dmean": 0.250724822283,
        "dmean2": 0.324282199144,
        "dvar": 0.112993873656,
        "dvar2": 0.183566555381,
        "max": 9.82112884521,
        "mean": 6.85294914246,
        "median": 6.67595291138,
        "min": 5.08005809784,
        "var": 0.509384512901
    },
    "spectral_flux": {
        "dmean": 0.0346988998353,
        "dmean2": 0.0549795851111,
        "dvar": 0.00538004655391,
        "dvar2": 0.0111195128411,
        "max": 0.773783147335,
        "mean": 0.0721177831292,
        "median": 0.0446043536067,
        "min": 6.34927110887e-11,
        "var": 0.00752355577424
    },
    "spectral_kurtosis": {
        "dmean": 3.01769447327,
        "dmean2": 4.62357473373,
        "dvar": 10.5055131912,
        "dvar2": 22.9715576172,
        "max": 42.3109130859,
        "mean": 9.11114788055,
        "median": 8.93870162964,
        "min": -1.27467226982,
        "var": 43.3207473755
    },
    "spectral_rms": {
        "dmean": 0.00105431454722,
        "dmean2": 0.00163525238167,
        "dvar": 4.64666527478e-06,
        "dvar2": 1.14705417218e-05,
        "max": 0.0275334026664,
        "mean": 0.0062676621601,
        "median": 0.00469729863107,
        "min": 3.14726348281e-12,
        "var": 1.65509954968e-05
    },
    "spectral_rolloff": {
        "dmean": 427.866638184,
        "dmean2": 700.946960449,
        "dvar": 1645831.25,
        "dvar2": 3413213.5,
        "max": 19466.015625,
        "mean": 1026.77319336,
        "median": 495.263671875,
        "min": 43.06640625,
        "var": 4293139.5
    },
    "spectral_skewness": {
        "dmean": 0.37074187398,
        "dmean2": 0.519762337208,
        "dvar": 0.176962971687,
        "dvar2": 0.310965001583,
        "max": 5.3438835144,
        "mean": 2.42123270035,
        "median": 2.60441708565,
        "min": -0.0633588135242,
        "var": 0.913151323795
    },
    "spectral_spread": {
        "dmean": 876216.5625,
        "dmean2": 1144154.375,
        "dvar": 1.85627194163e+12,
        "dvar2": 2.77642818355e+12,
        "max": 43192408,
        "mean": 5001046,
        "median": 3860277,
        "min": 1281507.875,
        "var": 1.25544777646e+13
    },
    "spectral_strongpeak": {
        "dmean": 0.268637478352,
        "dmean2": 0.432481110096,
        "dvar": 0.246039062738,
        "dvar2": 0.598509848118,
        "max": 10.1717166901,
        "mean": 0.862167596817,
        "median": 0.624307394028,
        "min": 0,
        "var": 0.60639244318
    },
    "zerocrossingrate": {
        "dmean": 0.0111452387646,
        "dmean2": 0.0125961452723,
        "dvar": 0.000404078426072,
        "dvar2": 0.00045603903709,
        "max": 0.53125,
        "mean": 0.0403500199318,
        "median": 0.02734375,
        "min": 0.00146484375,
        "var": 0.00275054830126
    },
    "barkbands": {
        "dmean": [0.00117305899039, 0.0122423879802, 0.00536544341594, 0.00110949529335, 0.00124099687673, 0.00124201562721, 0.000760131748393, 0.000662027276121, 0.000357149227057, 0.000314507109579, 0.000230212535826, 0.00026535266079, 9.79766336968e-05, 0.000242788519245, 0.000134255591547, 0.000123816498672, 0.000410681182984, 9.13116309675e-05, 4.95429485454e-05, 6.1065366026e-05, 0.000190693041077, 0.000226085176109, 0.000108035135781, 0.000119879259728, 0.000200504204258, 0.000102594058262, 4.53719112556e-05],
        "dmean2": [0.00180180068128, 0.0194616913795, 0.00961463525891, 0.00194955780171, 0.002035894664, 0.00191766477656, 0.00103706109803, 0.000863488297909, 0.000443676282885, 0.000434719549958, 0.000312488235068, 0.000393943162635, 0.000155438523507, 0.000422599201556, 0.000230063553317, 0.00021077648853, 0.000786984222941, 0.000164778131875, 8.37623447296e-05, 0.000104857841507, 0.000325875531416, 0.000368001579773, 0.000168036698597, 0.000179416223546, 0.000303793465719, 0.00015435134992, 6.93243491696e-05],
        "dvar": [1.84501550393e-05, 0.00122493715025, 0.000620533130132, 1.69331960933e-05, 4.61443551103e-06, 4.13817770095e-06, 4.52466520073e-06, 6.3651164055e-06, 1.00090733213e-06, 2.61665400103e-06, 6.4110065523e-07, 2.85531291411e-06, 6.79384299929e-08, 1.24526934542e-06, 1.83682118404e-07, 4.14053374698e-07, 8.09815901448e-06, 2.19073413632e-07, 6.09739814195e-08, 1.11012788295e-07, 5.6450522834e-07, 8.09945504443e-07, 1.07192761334e-07, 1.1800194244e-07, 2.99637520129e-07, 8.76684609352e-08, 1.77430461434e-08],
        "dvar2": [4.09012063756e-05, 0.00319887232035, 0.00173176906537, 4.59364164271e-05, 1.2887559933e-05, 1.24936868815e-05, 8.15636303741e-06, 1.12550951599e-05, 1.77001697921e-06, 4.74849957754e-06, 1.41559041822e-06, 6.57397686155e-06, 1.56149752684e-07, 3.49219726559e-06, 5.10080269578e-07, 1.01296723187e-06, 2.38323827944e-05, 6.29465716884e-07, 1.66659930301e-07, 3.04406540863e-07, 1.53777796186e-06, 2.20257106776e-06, 2.68913169066e-07, 2.74889032426e-07, 6.82991469603e-07, 2.01200052174e-07, 3.95583121815e-08],
        "max": [0.0978109836578, 0.52070993185, 0.397037148476, 0.0612661577761, 0.0362942926586, 0.03779450804, 0.0970298498869, 0.0924768298864, 0.0400574803352, 0.0898881852627, 0.0277200546116, 0.0538866184652, 0.0103962766007, 0.0216119773686, 0.00549177499488, 0.028369711712, 0.0349890738726, 0.00570335891098, 0.00359368370846, 0.00493497680873, 0.00775095820427, 0.0100110061467, 0.00336334761232, 0.00354096479714, 0.00456358818337, 0.0031241197139, 0.00159904791508],
        "mean": [0.0040300572291, 0.0310119092464, 0.00598559854552, 0.00107705721166, 0.00300634093583, 0.0030347679276, 0.00251187221147, 0.0017689979868, 0.0010476950556, 0.000622542167548, 0.000547213014215, 0.000433071400039, 0.000180045186426, 0.00028083808138, 0.000204867421417, 0.00015599305334, 0.000251463439781, 9.30310852709e-05, 4.84292468172e-05, 5.20309949934e-05, 0.000149978528498, 0.000197829576791, 0.000105344275653, 0.000118561110867, 0.000182435556781, 9.26080610952e-05, 3.97999174311e-05],
        "median": [0.000214555111597, 0.00114877289161, 0.000691671681125, 0.000335000833729, 0.00168853404466, 0.00143661838956, 0.00073213246651, 0.00026484427508, 0.000369781453628, 0.000143412908074, 0.0001776189456, 9.11004754016e-05, 6.61937519908e-05, 4.50211300631e-05, 2.45324226853e-05, 2.49992772297e-05, 1.04684477265e-05, 1.26425657072e-05, 8.2580227172e-06, 5.86220903642e-06, 4.80297694594e-06, 3.85673502024e-06, 6.36617733107e-06, 7.08719107934e-06, 3.71801252186e-06, 4.14169051055e-07, 1.15835216974e-08],
        "min": [6.66887330663e-25, 7.11208514269e-24, 1.08850340918e-24, 6.49997128429e-25, 1.25952829566e-23, 1.16572153221e-23, 1.23510602978e-23, 7.45969906715e-24, 2.41182735957e-23, 3.12144876458e-23, 1.56459579607e-23, 3.36187747573e-23, 2.50106677615e-23, 3.46895808609e-23, 2.624734607e-23, 4.95082162141e-23, 5.67500287438e-23, 8.8710046743e-23, 1.31513689947e-22, 1.55669885664e-22, 1.9709632919e-22, 3.06158381442e-22, 3.93201318968e-22, 5.10638019564e-22, 9.24777928389e-22, 1.26438716766e-21, 2.07869659946e-21],
        "var": [0.000126658720546, 0.00261500431225, 0.00042742973892, 1.17505733215e-05, 1.20534241432e-05, 1.63218537637e-05, 2.91322121484e-05, 2.17237029574e-05, 4.56953557659e-06, 7.20390244169e-06, 1.75626576038e-06, 4.09685708291e-06, 1.48432988567e-07, 9.35438492888e-07, 2.4346783789e-07, 3.87405179936e-07, 4.28390194429e-06, 1.37203102213e-07, 4.32258353555e-08, 7.47805231072e-08, 3.97734567059e-07, 6.07245453921e-07, 1.00827477922e-07, 1.24021369174e-07, 3.13579874955e-07, 9.1957758741e-08, 1.86754309794e-08]
    },
    "erbbands": {
        "dmean": [0.477512359619, 2.45808458328, 6.16718387604, 4.62048339844, 3.00478482246, 5.23609542847, 7.18295621872, 12.0209379196, 7.70456027985, 15.5982608795, 11.4883136749, 6.86828565598, 9.66402339935, 8.18647289276, 10.2091445923, 7.1547665596, 4.565762043, 10.2402391434, 7.02866458893, 8.68651485443, 8.49377441406, 23.7054729462, 7.0116558075, 3.21454834938, 2.56463980675, 2.75240898132, 5.36513948441, 9.40939235687, 8.39955329895, 5.83605861664, 2.97545266151, 2.1012775898, 2.51107311249, 2.40281510353, 1.30553722382, 0.545299768448, 0.170126602054, 0.0422769375145, 0.0081466184929, 0.000439329363871],
        "dmean2": [0.716716647148, 4.12017869949, 11.1618309021, 8.1612329483, 5.24607038498, 8.64041042328, 9.69142150879, 20.2826480865, 10.3982210159, 21.5849075317, 14.4111003876, 8.50610256195, 13.2844057083, 10.7311229706, 14.6470222473, 10.5445585251, 7.17676115036, 17.7121620178, 11.9867916107, 15.2579393387, 14.8872537613, 45.2399711609, 12.8926057816, 5.66245937347, 4.34125041962, 4.71396541595, 9.20615196228, 15.9429988861, 13.9610319138, 9.13927745819, 4.66067075729, 3.17709350586, 3.84721398354, 3.69231009483, 1.95712614059, 0.817659080029, 0.259971439838, 0.0642608329654, 0.0124428989366, 0.000664540275466],
        "dvar": [1.70326912403, 61.2267227173, 738.070068359, 391.401000977, 73.2995147705, 91.5793762207, 126.801254272, 580.895874023, 213.579452515, 2857.11303711, 1699.14904785, 286.041687012, 1602.43493652, 744.592590332, 1941.28234863, 1819.62109375, 130.371261597, 2395.10253906, 679.004333496, 1047.1607666, 2261.89550781, 26086.1601562, 1578.31420898, 300.407043457, 160.971160889, 202.138977051, 760.647277832, 1213.96264648, 1159.97338867, 441.394744873, 76.9064178467, 37.4000816345, 52.4402999878, 43.9206008911, 13.8453378677, 2.54781579971, 0.226912796497, 0.0146307880059, 0.000579722167458, 1.59945807354e-06],
        "dvar2": [4.05976104736, 170.740661621, 2081.48754883, 1058.07946777, 199.48248291, 253.82019043, 230.004714966, 1982.60876465, 348.575927734, 5013.61181641, 2844.29907227, 500.043823242, 3080.92480469, 1336.71948242, 4484.41503906, 4158.52099609, 300.012207031, 6766.57373047, 1785.18847656, 2976.7734375, 5730.41650391, 76726.3828125, 4582.40917969, 848.420043945, 442.478057861, 552.856506348, 2091.47949219, 3303.30029297, 3203.20043945, 1143.65112305, 193.599105835, 88.8170166016, 124.8777771, 101.514396667, 31.7613945007, 5.81876420975, 0.519680917263, 0.0332565940917, 0.00128037680406, 3.44755176229e-06],
        "max": [20.5920009613, 112.024688721, 409.716125488, 309.337890625, 186.394699097, 164.144897461, 258.367614746, 480.107025146, 409.577941895, 2569.35473633, 1685.58959961, 642.450927734, 2027.63586426, 1295.14880371, 1512.09997559, 1378.73925781, 419.734924316, 1151.91467285, 744.754150391, 402.91003418, 1938.73779297, 1986.37768555, 489.276824951, 223.174545288, 174.390655518, 194.018692017, 396.266235352, 387.915527344, 371.549194336, 289.799255371, 97.1631851196, 70.8390655518, 66.4737854004, 55.3357772827, 36.2521858215, 17.8002529144, 4.47980642319, 1.36941921711, 0.281776428223, 0.0174260996282],
        "mean": [1.42964839935, 4.87583780289, 7.08870172501, 5.05153512955, 4.45068359375, 12.6036882401, 20.3160686493, 26.3611030579, 27.3387813568, 46.7633895874, 32.7237281799, 20.9276065826, 22.5624275208, 20.0205345154, 21.9256076813, 12.5366182327, 8.68399620056, 12.5234012604, 9.86950683594, 12.2105827332, 9.71766376495, 15.2312803268, 6.45300483704, 3.02526688576, 2.36961913109, 2.37097072601, 4.20417547226, 7.47939729691, 7.11492395401, 5.38678503036, 2.89649033546, 2.19637918472, 2.32257008553, 2.16748523712, 1.19011890888, 0.494966387749, 0.152038678527, 0.0377662405372, 0.00717615988106, 0.000434928544564],
        "median": [0.0526645183563, 0.181182429194, 0.858340799809, 1.19796490669, 2.21624231339, 6.26021003723, 9.61422920227, 11.5939302444, 12.048582077, 12.9192476273, 6.69794559479, 7.97794628143, 7.93955135345, 7.61534881592, 7.26688671112, 3.53207993507, 3.39671015739, 3.36752510071, 2.35207128525, 2.00316238403, 1.69860100746, 0.961521685123, 0.754993081093, 0.564300596714, 0.421156525612, 0.277073025703, 0.21252015233, 0.155419766903, 0.134335964918, 0.157818228006, 0.180241286755, 0.183825820684, 0.0937708318233, 0.0566140972078, 0.0180636905134, 0.00321324728429, 0.000578482344281, 5.95976052864e-05, 2.51411074714e-05, 3.55441152351e-05],
        "min": [1.58050680498e-22, 8.52695580159e-22, 2.11351492558e-21, 2.59846611946e-21, 8.63416374041e-21, 4.87977721723e-20, 6.76733842847e-20, 1.30006464685e-19, 1.96319970505e-19, 2.48802409023e-19, 2.23199359607e-19, 5.67708530056e-19, 6.28016097168e-19, 6.97011490555e-19, 9.75354406258e-19, 1.23261285004e-18, 1.51560188415e-18, 2.1214022882e-18, 2.42071449093e-18, 3.76599326951e-18, 3.86814014899e-18, 4.34417721484e-18, 4.89971130064e-18, 6.72164401501e-18, 7.63627995218e-18, 8.70910425534e-18, 9.62360205336e-18, 9.72783094644e-18, 1.11022850056e-17, 1.29216886153e-17, 1.20563336174e-17, 1.07761880743e-17, 9.73947103202e-18, 8.49977710235e-18, 6.9352208084e-18, 4.11597297309e-18, 2.28306233122e-18, 9.91290247554e-19, 2.79534650321e-19, 2.78477332552e-20],
        "var": [6.04854774475, 77.5450057983, 505.232177734, 278.550384521, 65.2948913574, 282.766784668, 786.965087891, 1437.19421387, 1962.71484375, 13753.1064453, 6479.85107422, 1417.53320312, 4236.29101562, 2547.83862305, 3341.49926758, 2657.20361328, 287.874420166, 1686.38586426, 723.341674805, 1016.75042725, 1920.46813965, 13849.8271484, 922.926574707, 189.286331177, 111.080482483, 137.23979187, 507.671600342, 874.796569824, 830.044799805, 372.229980469, 71.4474868774, 40.1665611267, 51.2303276062, 44.4989852905, 14.5274143219, 2.70158720016, 0.235009670258, 0.0152402641252, 0.000614068703726, 1.76322748757e-06]
    },
    "gfcc": {
        "mean": [-49.1761283875, 120.282539368, -84.1150283813, 13.4527511597, -66.7537841797, 17.7315635681, -39.1350059509, 6.28708362579, -14.6516389847, -1.8428081274, -4.35724544525, -2.27944993973, -1.09665000439],
        "cov": [[11235.0537109, -1475.24707031, 191.68321228, 397.894805908, 295.819641113, 352.680206299, 371.407196045, 300.728118896, 265.537231445, 596.768310547, -385.509277344, 484.052429199, -53.8107719421], [-1475.24707031, 2571.37426758, -663.35925293, -193.727294922, 173.175918579, 3.09012365341, -186.754302979, 53.8913536072, 106.676895142, -340.495849609, 413.23336792, -297.869110107, 182.081130981], [191.68321228, -663.35925293, 1727.21069336, 432.568603516, 101.636833191, 270.09664917, 480.874359131, 152.364440918, 39.273147583, 223.327484131, 59.8509521484, 178.564224243, 3.75783133507], [397.894805908, -193.727294922, 432.568603516, 462.06817627, 119.865386963, 94.5608520508, 252.265457153, 3.51503014565, 37.8737030029, 50.0386352539, -10.9155311584, 52.4034500122, 45.1552581787], [295.819641113, 173.175918579, 101.636833191, 119.865386963, 513.27911377, 158.386749268, 153.988876343, 127.188743591, 179.927337646, 48.2531204224, 41.509677887, 11.5161571503, 56.168510437], [352.680206299, 3.09012365341, 270.09664917, 94.5608520508, 158.386749268, 204.02835083, 165.29725647, 56.3049049377, 76.0833053589, 79.2314376831, 24.0640640259, 38.784236908, 35.3758850098], [371.407196045, -186.754302979, 480.874359131, 252.265457153, 153.988876343, 165.29725647, 399.285217285, 119.190078735, 119.373321533, 155.673522949, 42.1104354858, 99.1953582764, 34.4232940674], [300.728118896, 53.8913536072, 152.364440918, 3.51503014565, 127.188743591, 56.3049049377, 119.190078735, 182.249206543, 100.596031189, 65.0884094238, 47.6019325256, 29.6884231567, -15.2655792236], [265.537231445, 106.676895142, 39.273147583, 37.8737030029, 179.927337646, 76.0833053589, 119.373321533, 100.596031189, 189.980453491, 99.5040359497, 42.4144859314, 16.7230739594, 30.0222015381], [596.768310547, -340.495849609, 223.327484131, 50.0386352539, 48.2531204224, 79.2314376831, 155.673522949, 65.0884094238, 99.5040359497, 236.485916138, -10.4330472946, 89.2891845703, -13.1906080246], [-385.509277344, 413.23336792, 59.8509521484, -10.9155311584, 41.509677887, 24.0640640259, 42.1104354858, 47.6019325256, 42.4144859314, -10.4330472946, 202.170272827, -7.1096572876, 49.5015487671], [484.052429199, -297.869110107, 178.564224243, 52.4034500122, 11.5161571503, 38.784236908, 99.1953582764, 29.6884231567, 16.7230739594, 89.2891845703, -7.1096572876, 159.29234314, 20.9258785248], [-53.8107719421, 182.081130981, 3.75783133507, 45.1552581787, 56.168510437, 35.3758850098, 34.4232940674, -15.2655792236, 30.0222015381, -13.1906080246, 49.5015487671, 20.9258785248, 120.052742004]],
        "icov": [[0.000141647600685, -6.95895505487e-06, 0.00011201336747, -0.000246520881774, 6.13066367805e-05, -0.00030582875479, 0.000247292977292, -0.000369020039216, 4.68222424388e-05, -0.000267695402727, 0.000255962338997, -0.000349309673766, 2.10896687349e-05], [-6.95895505487e-06, 0.00127989600878, 0.000350805377821, 3.18277693623e-06, 0.000171342471731, -0.000741574971471, 0.00020961429982, -0.000596661178861, -0.000655351381283, 0.00130687025376, -0.00206230068579, 0.0015534205595, -0.00106704479549], [0.00011201336747, 0.000350805377821, 0.0013825870119, -0.000983838224784, 0.000344626168953, -0.00146746751852, -0.000150033636601, -0.0012735510245, 0.000957496580668, -0.000367582688341, -0.000774075684603, -0.000185492273886, 6.88543077558e-05], [-0.000246520881774, 3.18277693623e-06, -0.000983838224784, 0.00506455358118, -0.00105744169559, 0.00182200165, -0.00374814146198, 0.00307477195747, -0.000328769616317, 0.0014957516687, 0.000488207442686, 0.000892356038094, -0.000676183321048], [6.13066367805e-05, 0.000171342471731, 0.000344626168953, -0.00105744169559, 0.00403023604304, -0.00263990927488, 0.000793260056525, -0.00189014687203, -0.00289082014933, 0.00123572733719, 0.000203373740078, 1.0358493455e-05, -0.000647920242045], [-0.00030582875479, -0.000741574971471, -0.00146746751852, 0.00182200165, -0.00263990927488, 0.0110865393654, -0.00354688311927, 0.00245758425444, 0.000287501112325, -0.00119986920618, 0.00101638911292, 0.000661682919599, -0.00109210819937], [0.000247292977292, 0.00020961429982, -0.000150033636601, -0.00374814146198, 0.000793260056525, -0.00354688311927, 0.00890660192817, -0.00380760477856, -0.00108776532579, -0.00217159162275, -0.000609682057984, -0.00160676578525, -0.000591689778958], [-0.000369020039216, -0.000596661178861, -0.0012735510245, 0.00307477195747, -0.00189014687203, 0.00245758425444, -0.00380760477856, 0.0130992764607, -0.00439205719158, 0.00158271531109, -0.00129017967265, -0.00119200057816, 0.00455248914659], [4.68222424388e-05, -0.000655351381283, 0.000957496580668, -0.000328769616317, -0.00289082014933, 0.000287501112325, -0.00108776532579, -0.00439205719158, 0.0146406618878, -0.00642584497109, 0.000252063036896, 0.00172524189111, -0.00264210184105], [-0.000267695402727, 0.00130687025376, -0.000367582688341, 0.0014957516687, 0.00123572733719, -0.00119986920618, -0.00217159162275, 0.00158271531109, -0.00642584497109, 0.0112506058067, -0.00156120455358, -0.00148636731319, 0.00169206270948], [0.000255962338997, -0.00206230068579, -0.000774075684603, 0.000488207442686, 0.000203373740078, 0.00101638911292, -0.000609682057984, -0.00129017967265, 0.000252063036896, -0.00156120455358, 0.0103165674955, -0.00207245815545, -0.00142789282836], [-0.000349309673766, 0.0015534205595, -0.000185492273886, 0.000892356038094, 1.0358493455e-05, 0.000661682919599, -0.00160676578525, -0.00119200057816, 0.00172524189111, -0.00148636731319, -0.00207245815545, 0.0123874163255, -0.00463252980262], [2.10896687349e-05, -0.00106704479549, 6.88543077558e-05, -0.000676183321048, -0.000647920242045, -0.00109210819937, -0.000591689778958, 0.00455248914659, -0.00264210184105, 0.00169206270948, -0.00142789282836, -0.00463252980262, 0.0138260321692]]
    },
    "melbands": {
        "dmean": [0.00369535619393, 0.00320253637619, 0.000786000280641, 0.000278513645753, 0.000238679582253, 0.000248686643317, 0.000133408990223, 0.000176421803189, 8.48813506309e-05, 4.6177614422e-05, 5.1745766541e-05, 3.66314379789e-05, 3.03298184008e-05, 3.66778913303e-05, 7.74470208853e-06, 1.42571934703e-05, 2.07043431146e-05, 1.29343725348e-05, 1.19725045806e-05, 1.02369785964e-05, 9.5433797469e-06, 2.72907873295e-05, 1.1359434211e-05, 4.67772133561e-06, 2.26018323701e-06, 2.15699833461e-06, 1.6692713416e-06, 1.77252309186e-06, 3.18035745295e-06, 3.74880210074e-06, 5.79806464884e-06, 4.71091425425e-06, 4.34849971498e-06, 2.63045603788e-06, 1.75149784809e-06, 1.40233555612e-06, 1.22592700791e-06, 1.62451328833e-06, 2.08301298699e-06, 2.0408299406e-06],
        "dmean2": [0.00569215184078, 0.00568276457489, 0.00138633477036, 0.000475850480143, 0.000334922748152, 0.000408498832257, 0.00018272579473, 0.000240051696892, 0.000106143015728, 5.75455705984e-05, 7.11384418537e-05, 4.81999959447e-05, 4.3203774112e-05, 5.33272213943e-05, 1.19692367662e-05, 2.27766231546e-05, 3.63391663996e-05, 2.22155358642e-05, 2.04646657949e-05, 1.8321641619e-05, 1.65506608027e-05, 5.22786940564e-05, 2.1396073862e-05, 8.49264688441e-06, 3.94884136767e-06, 3.67022335013e-06, 2.85861528937e-06, 3.03413639813e-06, 5.48617754248e-06, 6.27443660051e-06, 9.88291503745e-06, 8.0463651102e-06, 6.94290520187e-06, 4.09518088418e-06, 2.79865594166e-06, 2.19379649025e-06, 1.87746661595e-06, 2.46975901064e-06, 3.2768307392e-06, 3.12141560244e-06],
        "dvar": [0.000104193124571, 0.000158350696438, 1.09424672701e-05, 3.03734680074e-07, 1.2132798588e-07, 2.21229285557e-07, 7.50557802576e-08, 3.43151327797e-07, 8.8150756028e-08, 1.36587656741e-08, 4.97460383997e-08, 1.89633109215e-08, 1.27652883819e-08, 5.98269735974e-08, 6.61585675132e-10, 1.63297131373e-09, 1.11655555912e-08, 2.77348033428e-09, 1.38366718083e-09, 2.03472838578e-09, 3.44542971931e-09, 3.5298032941e-08, 5.34775113081e-09, 6.29032881339e-10, 1.4452046504e-10, 1.11084898224e-10, 6.80808742715e-11, 8.4330417649e-11, 3.40635908369e-10, 2.00144345541e-10, 4.98517449543e-10, 4.01424227192e-10, 2.68958438854e-10, 8.4821392965e-11, 2.48464044478e-11, 2.20541727242e-11, 1.27840567993e-11, 2.11035668107e-11, 3.79450533494e-11, 3.18416612521e-11],
        "dvar2": [0.000258712301729, 0.000448821519967, 2.96402504318e-05, 8.55371240505e-07, 2.48633710953e-07, 7.41879034649e-07, 1.31440160089e-07, 6.03690637035e-07, 1.45733267232e-07, 2.53277203655e-08, 9.44184961327e-08, 3.3290035617e-08, 3.01738083408e-08, 1.37150067303e-07, 1.50818602052e-09, 3.86199694447e-09, 3.17876391875e-08, 7.22462667468e-09, 3.83512732682e-09, 5.8139320025e-09, 8.43204972512e-09, 1.03936159235e-07, 1.56343329394e-08, 1.81725856585e-09, 4.04713595969e-10, 3.06980885156e-10, 1.87580895261e-10, 2.29121735473e-10, 9.39249567011e-10, 5.39567446278e-10, 1.37184208437e-09, 1.12303344402e-09, 7.07071956541e-10, 2.1785330484e-10, 6.20672194196e-11, 5.71320143972e-11, 2.9944297042e-11, 4.9604778618e-11, 9.46444866923e-11, 7.23134330194e-11],
        "max": [0.156227767467, 0.168320208788, 0.0510417521, 0.0102782230824, 0.00758587801829, 0.0092839980498, 0.00874971784651, 0.023540886119, 0.0110151786357, 0.00362836197019, 0.0115726152435, 0.00734191853553, 0.00391010800377, 0.00775316124782, 0.000799691129941, 0.00142993894406, 0.00227171136066, 0.00170561228879, 0.000502392649651, 0.000541154877283, 0.00265760556795, 0.00233261007816, 0.000909940339625, 0.000304988614516, 0.000171718420461, 0.000148809573147, 0.000110547392978, 0.000132837347337, 0.000275828846497, 0.000164129945915, 0.000259317632299, 0.000216031112359, 0.000184678516234, 0.000134713351144, 4.99159395986e-05, 6.30170834484e-05, 4.9749352911e-05, 4.38872593804e-05, 7.04444173607e-05, 4.80180096929e-05],
        "mean": [0.0104830982164, 0.00451838877052, 0.000881647865754, 0.000585808593314, 0.000690417480655, 0.000575601356104, 0.000460240466055, 0.000516367901582, 0.000235086961766, 0.000136342903716, 0.000116325638373, 8.59500651131e-05, 6.86258426867e-05, 6.30508366157e-05, 1.33434268719e-05, 2.51124583883e-05, 2.29165125347e-05, 1.62727974384e-05, 1.8449691197e-05, 1.22132314573e-05, 1.05146345959e-05, 1.69773829839e-05, 8.2230553744e-06, 4.51134610557e-06, 2.12784789255e-06, 2.0285217488e-06, 1.45960757436e-06, 1.5215808844e-06, 2.44534226113e-06, 3.07540290123e-06, 4.51472851637e-06, 3.94530115955e-06, 3.85821294913e-06, 2.4759367534e-06, 1.66185554917e-06, 1.40534996262e-06, 1.30178636937e-06, 1.54270128405e-06, 1.78883612989e-06, 1.85272688213e-06],
        "median": [0.000379326636903, 0.000395313603804, 0.000238827487919, 0.000280895386823, 0.000380238954676, 0.000262942863628, 0.000187468249351, 0.000128601503093, 4.14275091316e-05, 4.84223492094e-05, 3.71710048057e-05, 2.95122172247e-05, 2.37569583987e-05, 1.32018230943e-05, 3.01524551105e-06, 7.79646506999e-06, 4.47142883786e-06, 2.77124581771e-06, 2.00972681341e-06, 1.92151264855e-06, 1.3273111108e-06, 6.47021465738e-07, 5.71882253553e-07, 5.84994495512e-07, 3.60029446256e-07, 3.38438837844e-07, 2.0092082309e-07, 1.6046490714e-07, 1.35635787046e-07, 9.22151812688e-08, 8.2975617488e-08, 7.81065452315e-08, 7.50144266704e-08, 9.01137369169e-08, 9.28659673605e-08, 1.15118098165e-07, 1.07550377493e-07, 7.10708576435e-08, 5.42339932963e-08, 4.5841279217e-08],
        "min": [2.25327842663e-24, 1.52952753673e-24, 7.91079675125e-25, 5.41236135869e-25, 2.49312468233e-24, 2.76889960796e-24, 3.2695144855e-24, 2.7121471795e-24, 1.7408550902e-24, 3.45499737799e-24, 2.54501772761e-24, 2.82529744344e-24, 2.43006274714e-24, 4.33767041092e-24, 3.64039744009e-24, 3.15183004629e-24, 3.56764632083e-24, 2.90178086086e-24, 3.16192292993e-24, 4.3132512216e-24, 4.42249977951e-24, 3.59329416101e-24, 2.31442836021e-24, 4.08572164843e-24, 5.1491065431e-24, 4.55875222949e-24, 5.61157191005e-24, 5.44920658639e-24, 5.36896365511e-24, 4.32579095455e-24, 6.09811094525e-24, 5.1769383447e-24, 5.96648240346e-24, 6.6391267424e-24, 6.06236962978e-24, 5.78536467279e-24, 6.37885825838e-24, 5.40939948182e-24, 6.10186316214e-24, 6.18823080949e-24],
        "var": [0.000303384906147, 0.000121651071822, 7.75712851464e-06, 6.84843257659e-07, 6.74193756822e-07, 6.15022372585e-07, 5.91693833485e-07, 1.4909339825e-06, 3.67952736724e-07, 5.95187721331e-08, 1.3294784651e-07, 6.12465669292e-08, 2.70668252256e-08, 8.69126850489e-08, 1.35737776574e-09, 3.19402126969e-09, 7.37549354923e-09, 3.04059555312e-09, 2.02402428151e-09, 1.49400458671e-09, 3.10600123399e-09, 1.86659576684e-08, 2.92280977199e-09, 3.78594156025e-10, 9.38556801722e-11, 7.72672620331e-11, 4.60202327635e-11, 5.80345597967e-11, 2.22275892137e-10, 1.47429818353e-10, 3.49283463263e-10, 2.76828004964e-10, 2.16393514219e-10, 7.37722105626e-11, 2.27302447697e-11, 1.96924837548e-11, 1.38461993607e-11, 2.1341857101e-11, 3.34894334486e-11, 3.2985777304e-11]
    },
    "mfcc": {
        "mean": [-701.64855957, 153.806793213, 36.5628051758, 4.07122945786, 3.38421702385, 0.624371349812, -2.82563638687, 2.36153793335, -2.64671015739, 1.76737856865, -1.71577382088, -1.38063061237, 0.625970840454],
        "cov": [[5669.11523438, -1141.16564941, -267.670043945, 331.058197021, 36.8875007629, 474.01184082, -56.4072380066, 144.555038452, 607.953491211, -16.4900112152, 328.51184082, 198.374252319, 126.696861267], [-1141.16564941, 2022.3984375, -345.690460205, -250.367523193, 332.515838623, -253.858657837, 68.8257217407, 76.7610092163, -181.051116943, 156.025939941, -76.6692504883, 46.9996871948, 18.1299991608], [-267.670043945, -345.690460205, 1238.61499023, 301.59362793, -78.2270202637, 204.269577026, 270.326171875, 106.335952759, 68.8042984009, 42.9528770447, 90.8280334473, 32.0164451599, 81.6718902588], [331.058197021, -250.367523193, 301.59362793, 394.947265625, 6.44925737381, 179.68371582, 127.03678894, 98.3815078735, 121.556877136, 7.99308776855, 81.554649353, 32.3173332214, 14.3376464844], [36.8875007629, 332.515838623, -78.2270202637, 6.44925737381, 335.445861816, 27.4227027893, 53.2834358215, 73.0539016724, 27.9797058105, 76.4772109985, 13.6289520264, 10.6159944534, 0.147742450237], [474.01184082, -253.858657837, 204.269577026, 179.68371582, 27.4227027893, 306.098052979, 110.215667725, 54.3189430237, 154.565322876, 42.6581420898, 52.5108222961, 23.2469959259, 74.5516433716], [-56.4072380066, 68.8257217407, 270.326171875, 127.03678894, 53.2834358215, 110.215667725, 212.417953491, 103.336196899, 51.7095680237, 57.8127288818, 64.2237014771, 34.6648330688, 36.8789863586], [144.555038452, 76.7610092163, 106.335952759, 98.3815078735, 73.0539016724, 54.3189430237, 103.336196899, 172.604660034, 65.1231307983, 29.7728824615, 62.0546302795, 23.6050033569, -2.99650025368], [607.953491211, -181.051116943, 68.8042984009, 121.556877136, 27.9797058105, 154.565322876, 51.7095680237, 65.1231307983, 246.875427246, 48.4300193787, 98.3372650146, 92.3841094971, 57.2392234802], [-16.4900112152, 156.025939941, 42.9528770447, 7.99308776855, 76.4772109985, 42.6581420898, 57.8127288818, 29.7728824615, 48.4300193787, 146.71182251, 45.2646827698, 16.5046367645, 41.6036338806], [328.51184082, -76.6692504883, 90.8280334473, 81.554649353, 13.6289520264, 52.5108222961, 64.2237014771, 62.0546302795, 98.3372650146, 45.2646827698, 194.682220459, 108.144309998, 5.78330421448], [198.374252319, 46.9996871948, 32.0164451599, 32.3173332214, 10.6159944534, 23.2469959259, 34.6648330688, 23.6050033569, 92.3841094971, 16.5046367645, 108.144309998, 187.7734375, 78.1373977661], [126.696861267, 18.1299991608, 81.6718902588, 14.3376464844, 0.147742450237, 74.5516433716, 36.8789863586, -2.99650025368, 57.2392234802, 41.6036338806, 5.78330421448, 78.1373977661, 151.171264648]],
