{
"lowlevel": {
    "average_loudness": 0.964755892754,
    "barkbands_crest": {
        "dmean": 3.54882836342,
        "dmean2": 5.55192613602,
        "dvar": 13.5654411316,
        "dvar2": 27.5612983704,
        "max": 26.8542804718,
        "mean": 16.8735713959,
        "median": 17.0513305664,
        "min": 2.67290019989,
        "var": 37.3011245728
    },
    "barkbands_flatness_db": {
        "dmean": 0.0749678164721,
        "dmean2": 0.103198304772,
        "dvar": 0.00629945518449,
        "dvar2": 0.0124396933243,
        "max": 0.841895699501,
        "mean": 0.310810953379,
        "median": 0.275367856026,
        "min": 0.0249342694879,
        "var": 0.0231487620622
    },
    "barkbands_kurtosis": {
        "dmean": 65.5974807739,
        "dmean2": 99.2874832153,
        "dvar": 66940.3984375,
        "dvar2": 161915.890625,
        "max": 8179.42089844,
        "mean": 71.0189743042,
        "median": 12.2895517349,
        "min": -1.9744682312,
        "var": 70763.34375
    },
    "barkbands_skewness": {
        "dmean": 2.264585495,
        "dmean2": 3.29840159416,
        "dvar": 10.873415947,
        "dvar2": 22.1264438629,
        "max": 63.5849342346,
        "mean": 4.03197956085,
        "median": 2.86227416992,
        "min": -5.5667052269,
        "var": 24.7709617615
    },
    "barkbands_spread": {
        "dmean": 11.3531522751,
        "dmean2": 18.5744895935,
        "dvar": 574.264587402,
        "dvar2": 1251.70373535,
        "max": 140.969894409,
        "mean": 14.1076097488,
        "median": 4.54693555832,
        "min": 0.00960925035179,
        "var": 613.809387207
    },
    "dissonance": {
        "dmean": 0.0435781888664,
        "dmean2": 0.0694608017802,
        "dvar": 0.00204736320302,
        "dvar2": 0.00470449356362,
        "max": 0.500000119209,
        "mean": 0.417897313833,
        "median": 0.432819694281,
        "min": 0.0782664939761,
        "var": 0.00451012467965
    },
    "dynamic_complexity": 4.19984865189,
    "erbbands_crest": {
        "dmean": 3.37173676491,
        "dmean2": 5.26411676407,
        "dvar": 10.8832101822,
        "dvar2": 23.7253932953,
        "max": 31.3194694519,
        "mean": 11.7648820877,
        "median": 10.7794332504,
        "min": 2.05324196815,
        "var": 30.7521781921
    },
    "erbbands_flatness_db": {
        "dmean": 0.0546502098441,
        "dmean2": 0.0790423601866,
        "dvar": 0.00364436558448,
        "dvar2": 0.00634565204382,
        "max": 0.54982817173,
        "mean": 0.219195604324,
        "median": 0.213401705027,
        "min": 0.0304449722171,
        "var": 0.0104416692629
    },
    "erbbands_kurtosis": {
        "dmean": 6.48530960083,
        "dmean2": 10.658665657,
        "dvar": 221.708694458,
        "dvar2": 513.651794434,
        "max": 357.077056885,
        "mean": 6.70498085022,
        "median": 2.10392284393,
        "min": -1.90833413601,
        "var": 290.375427246
    },
    "erbbands_skewness": {
        "dmean": 1.03362870216,
        "dmean2": 1.62072730064,
        "dvar": 1.46091485023,
        "dvar2": 3.67526054382,
        "max": 13.9290189743,
        "mean": 1.06461215019,
        "median": 0.82352244854,
        "min": -3.99177098274,
        "var": 2.99783873558
    },
    "erbbands_spread": {
        "dmean": 20.7688503265,
        "dmean2": 33.4104347229,
        "dvar": 1057.64074707,
        "dvar2": 2410.15795898,
        "max": 238.78868103,
        "mean": 34.5282745361,
        "median": 19.2089576721,
        "min": 0.500469505787,
        "var": 1386.07409668
    },
    "hfc": {
        "dmean": 46.998374939,
        "dmean2": 82.5797805786,
        "dvar": 17229.0644531,
        "dvar2": 46721.984375,
        "max": 867.879211426,
        "mean": 40.3635406494,
        "median": 8.02380466461,
        "min": 1.19646699287e-16,
        "var": 11389.5302734
    },
    "melbands_crest": {
        "dmean": 3.6010055542,
        "dmean2": 5.5152349472,
        "dvar": 11.7995519638,
        "dvar2": 24.8789463043,
        "max": 36.0479621887,
        "mean": 21.0313777924,
        "median": 21.7019634247,
        "min": 2.22560930252,
        "var": 39.0136299133
    },
    "melbands_flatness_db": {
        "dmean": 0.0879144668579,
        "dmean2": 0.119796052575,
        "dvar": 0.00865245889872,
        "dvar2": 0.0174141936004,
        "max": 1,
        "mean": 0.42302775383,
        "median": 0.384064733982,
        "min": 0.00725938519463,
        "var": 0.0331445112824
    },
    "melbands_kurtosis": {
        "dmean": 41.1936187744,
        "dmean2": 65.2758712769,
        "dvar": 6722.9140625,
        "dvar2": 17759.40625,
        "max": 1253.39941406,
        "mean": 53.2897071838,
        "median": 20.5030155182,
        "min": -1.89230144024,
        "var": 8596.58496094
    },
    "melbands_skewness": {
        "dmean": 1.86818015575,
        "dmean2": 2.82500505447,
        "dvar": 5.38519382477,
        "dvar2": 13.4952297211,
        "max": 29.1359138489,
        "mean": 4.14032030106,
        "median": 3.20446705818,
        "min": -1.42511737347,
        "var": 11.8947401047
    },
    "melbands_spread": {
        "dmean": 7.09526443481,
        "dmean2": 12.1542406082,
        "dvar": 418.123931885,
        "dvar2": 1131.6887207,
        "max": 290.056274414,
        "mean": 10.0666627884,
        "median": 3.57207512856,
        "min": 0.149031251669,
        "var": 384.375701904
    },
    "pitch_salience": {
        "dmean": 0.109989576042,
        "dmean2": 0.167353525758,
        "dvar": 0.0119328564033,
        "dvar2": 0.0255192723125,
        "max": 0.855020344257,
        "mean": 0.396890252829,
        "median": 0.409880012274,
        "min": 0.013646485284,
        "var": 0.0341299958527
    },
    "silence_rate_20dB": {
        "dmean": 0.0743012949824,
        "dmean2": 0.148615255952,
        "dvar": 0.0687736943364,
        "dvar2": 0.1350556463,
        "max": 1,
        "mean": 0.919144570827,
        "median": 1,
        "min": 0,
        "var": 0.0743128731847
    },
    "silence_rate_30dB": {
        "dmean": 0.0903203785419,
        "dmean2": 0.180570945144,
        "dvar": 0.0821681320667,
        "dvar2": 0.154776185751,
        "max": 1,
        "mean": 0.80642414093,
        "median": 1,
        "min": 0,
        "var": 0.156103238463
    },
    "silence_rate_60dB": {
        "dmean": 0.0301635991782,
        "dmean2": 0.0602471232414,
        "dvar": 0.0292572975159,
        "dvar2": 0.0653003230691,
        "max": 1,
        "mean": 0.0673937126994,
        "median": 0,
        "min": 0,
        "var": 0.0628517717123
    },
    "spectral_centroid": {
        "dmean": 293.901977539,
        "dmean2": 466.28112793,
        "dvar": 303670.9375,
        "dvar2": 711817,
        "max": 10594.5644531,
        "mean": 706.134216309,
        "median": 405.591918945,
        "min": 63.9201393127,
        "var": 575053.25
    },
    "spectral_complexity": {
        "dmean": 3.19495558739,
        "dmean2": 4.98696184158,
        "dvar": 31.1149482727,
        "dvar2": 65.8224945068,
        "max": 62,
        "mean": 8.94760131836,
        "median": 6,
        "min": 0,
        "var": 75.4792938232
    },
    "spectral_decrease": {
        "dmean": 1.11947748849e-08,
        "dmean2": 1.55234047838e-08,
        "dvar": 5.49345229645e-16,
        "dvar2": 7.99363732928e-16,
        "max": 1.78711012655e-09,
        "mean": -2.14534114917e-08,
        "median": -9.66072200015e-09,
        "min": -1.56131591211e-07,
        "var": 1.15153536256e-15
    },
    "spectral_energy": {
        "dmean": 0.0448435023427,
        "dmean2": 0.0631913170218,
        "dvar": 0.00792150758207,
        "dvar2": 0.0115072838962,
        "max": 0.592961013317,
        "mean": 0.0846310779452,
        "median": 0.0399834886193,
        "min": 1.08335820592e-20,
        "var": 0.0165934935212
    },
    "spectral_energyband_high": {
        "dmean": 0.00325121916831,
        "dmean2": 0.00576969934627,
        "dvar": 9.46701838984e-05,
        "dvar2": 0.000257155654253,
        "max": 0.063808567822,
        "mean": 0.00225001573563,
        "median": 2.03867766686e-05,
        "min": 7.90810353436e-21,
        "var": 6.16242250544e-05
    },
    "spectral_energyband_low": {
        "dmean": 0.0395779758692,
        "dmean2": 0.0546176172793,
        "dvar": 0.00796691514552,
        "dvar2": 0.0116353463382,
        "max": 0.59095621109,
        "mean": 0.0707438737154,
        "median": 0.0243303962052,
        "min": 5.52200866606e-23,
        "var": 0.016346052289
    },
    "spectral_energyband_middle_high": {
        "dmean": 0.00135108327959,
        "dmean2": 0.00207871687599,
        "dvar": 1.08701897261e-05,
        "dvar2": 2.24873547268e-05,
        "max": 0.0688784494996,
        "mean": 0.00309457303956,
        "median": 0.000227056501899,
        "min": 1.55157030151e-21,
        "var": 4.92211765959e-05
    },
    "spectral_energyband_middle_low": {
        "dmean": 0.00710239401087,
        "dmean2": 0.01177946385,
        "dvar": 0.000167653517565,
        "dvar2": 0.000437824026449,
        "max": 0.1257032305,
        "mean": 0.00976491346955,
        "median": 0.00522383162752,
        "min": 2.18163635903e-22,
        "var": 0.000175981680513
    },
    "spectral_entropy": {
        "dmean": 0.660791754723,
        "dmean2": 0.964188933372,
        "dvar": 0.623002052307,
        "dvar2": 1.15564620495,
        "max": 9.81211853027,
        "mean": 6.49890232086,
        "median": 6.54505252838,
        "min": 3.09913492203,
        "var": 1.5726531744
    },
    "spectral_flux": {
        "dmean": 0.077762208879,
        "dmean2": 0.12085057795,
        "dvar": 0.0109250620008,
        "dvar2": 0.0242739599198,
        "max": 0.689144611359,
        "mean": 0.126655250788,
        "median": 0.0760291740298,
        "min": 6.9387624535e-07,
        "var": 0.0170562714338
    },
    "spectral_kurtosis": {
        "dmean": 21.570640564,
        "dmean2": 33.2519683838,
        "dvar": 1390.5411377,
        "dvar2": 2754.73974609,
        "max": 376.976318359,
        "mean": 32.9124717712,
        "median": 11.0547094345,
        "min": -1.18129467964,
        "var": 2609.5534668
    },
    "spectral_rms": {
        "dmean": 0.00206671631895,
        "dmean2": 0.00268236664124,
        "dvar": 9.31946033234e-06,
        "dvar2": 1.23250092656e-05,
        "max": 0.024051995948,
        "mean": 0.0073155881837,
        "median": 0.00624566106126,
        "min": 3.25105350626e-12,
        "var": 2.90491279884e-05
    },
    "spectral_rolloff": {
        "dmean": 1418.86254883,
        "dmean2": 2628.00537109,
        "dvar": 16168159,
        "dvar2": 36677204,
        "max": 18798.4863281,
        "mean": 1449.9987793,
        "median": 236.865234375,
        "min": 64.599609375,
        "var": 14105196
    },
    "spectral_skewness": {
        "dmean": 1.46552610397,
        "dmean2": 2.18895840645,
        "dvar": 3.9905602932,
        "dvar2": 7.20242452621,
        "max": 16.9091567993,
        "mean": 3.73201322556,
        "median": 2.67466902733,
        "min": 0.0568119473755,
        "var": 9.44821166992
    },
    "spectral_spread": {
        "dmean": 2132023.75,
        "dmean2": 3198658.75,
        "dvar": 1.15506560369e+13,
        "dvar2": 1.76646594232e+13,
        "max": 39952624,
        "mean": 4770597.5,
        "median": 3377424.25,
        "min": 277959.28125,
        "var": 1.96034827387e+13
    },
    "spectral_strongpeak": {
        "dmean": 0.380908131599,
        "dmean2": 0.594984650612,
        "dvar": 0.695211052895,
        "dvar2": 1.6924892664,
        "max": 19.712392807,
        "mean": 0.904645085335,
        "median": 0.497017651796,
        "min": 0,
        "var": 1.45546901226
    },
    "zerocrossingrate": {
        "dmean": 0.0244100689888,
        "dmean2": 0.0330444686115,
        "dvar": 0.00228000455536,
        "dvar2": 0.00351916998625,
        "max": 0.7373046875,
        "mean": 0.0414989963174,
        "median": 0.017578125,
        "min": 0.001953125,
        "var": 0.00402236869559
    },
    "barkbands": {
        "dmean": [0.000671091896947, 0.0378152430058, 0.0090256370604, 0.0029757602606, 0.0033080978319, 0.000810324039776, 0.000350568530848, 0.000227946628002, 0.000482075149193, 0.000144523728522, 0.000532247475348, 0.000167925885762, 0.000175658788066, 0.000168071157532, 9.98515024548e-05, 0.000105819628516, 8.56475089677e-05, 0.000102283192973, 6.89187363605e-05, 8.9269989985e-05, 9.12108807825e-05, 9.6870244306e-05, 0.000115654380352, 0.000304384157062, 0.000650023168419, 0.00086089927936, 0.00111152918544],
        "dmean2": [0.00106229051016, 0.0515085421503, 0.0157594457269, 0.00532935140654, 0.00529836118221, 0.0014028128935, 0.000584569701459, 0.000367576692952, 0.00067681731889, 0.000245868577622, 0.000722930009943, 0.000257382926065, 0.000271752476692, 0.000262244051555, 0.000170136481756, 0.00018329147133, 0.000154534660396, 0.000190423932509, 0.000114027076052, 0.000131875902298, 0.000132626519189, 0.000156090114615, 0.00020103744464, 0.000552373123355, 0.00117061624769, 0.00154159439262, 0.00200000964105],
        "dvar": [3.2584323435e-06, 0.00748465117067, 0.000692955567501, 5.62361092307e-05, 4.26499791502e-05, 1.84258317404e-06, 5.67075630897e-07, 3.00972317291e-07, 1.41772306961e-06, 1.48226931174e-07, 3.37011329066e-06, 4.15477273918e-07, 6.24253914339e-07, 3.70073593103e-07, 6.34723278381e-08, 1.08181509972e-07, 7.98577914907e-08, 1.58139798145e-07, 4.13829148727e-08, 7.319673756e-08, 4.95878644813e-08, 4.43338628031e-08, 7.95018237909e-08, 8.62104968746e-07, 4.21311779064e-06, 7.40836640034e-06, 1.28662222778e-05],
        "dvar2": [8.48615763971e-06, 0.010368260555, 0.00192063150462, 0.000154708555783, 9.97219394776e-05, 5.13927125212e-06, 1.44483499298e-06, 6.76646209286e-07, 2.4613198093e-06, 3.48210079437e-07, 5.38863059774e-06, 6.43428506919e-07, 1.30645264562e-06, 7.23966991245e-07, 1.62276961646e-07, 2.85081227958e-07, 2.26825534355e-07, 4.67382022862e-07, 9.65729327618e-08, 1.4378163371e-07, 6.71480506753e-08, 9.3132214829e-08, 2.09077995805e-07, 2.40831809606e-06, 1.14981585284e-05, 2.00049817067e-05, 3.48915746144e-05],
        "max": [0.0161798670888, 0.581510484219, 0.263715744019, 0.0790584608912, 0.0836287215352, 0.0168175008148, 0.0179280042648, 0.0120000615716, 0.0318635329604, 0.0150758000091, 0.0463434904814, 0.0231564678252, 0.0424611307681, 0.0196684934199, 0.00796549674124, 0.0111138978973, 0.00396741786972, 0.00549847166985, 0.00224938313477, 0.00383806671016, 0.00301943323575, 0.00244851526804, 0.00209270836785, 0.00617753108963, 0.0136897871271, 0.0177638716996, 0.0238857530057],
        "mean": [0.000666361826006, 0.0572724752128, 0.0115971071646, 0.00250783190131, 0.00398037070408, 0.00103766284883, 0.00052399438573, 0.000403223530157, 0.00128692085855, 0.000177458161488, 0.00143915310036, 0.000296899554087, 0.000339095829986, 0.000288661452942, 0.000129508960526, 0.000136093411129, 8.63274617586e-05, 8.67603448569e-05, 7.83332798164e-05, 9.7981923318e-05, 0.000113714355393, 0.000100569945062, 0.000102263329609, 0.000202783950954, 0.000422520475695, 0.000554778729565, 0.000702281249687],
        "median": [0.000172789645148, 0.00921889580786, 0.00217890227214, 0.000577625876758, 0.00141671975143, 0.000551101577003, 0.000155476431246, 4.09000458603e-05, 5.56952654733e-05, 1.54868666868e-05, 3.16563164233e-05, 1.50096702782e-05, 1.3271914213e-05, 8.40626125864e-06, 9.50886715145e-06, 7.17107377568e-06, 5.60375883651e-06, 4.67194513476e-06, 4.3266350076e-06, 3.5015634694e-06, 2.82988321487e-06, 1.98526095119e-06, 1.80948495654e-06, 1.6267964611e-06, 1.20579420582e-06, 5.77490197884e-07, 2.18356802861e-07],
        "min": [8.82109234042e-24, 3.8935359626e-23, 4.10274881664e-24, 1.9400434154e-23, 2.07723673978e-23, 4.71886180539e-23, 3.87840971251e-23, 2.20466507056e-23, 5.40085351497e-23, 5.76413721469e-23, 1.30491843707e-22, 1.574442421e-22, 1.31163259001e-22, 2.03745644071e-22, 8.68003975072e-23, 4.09230366717e-23, 1.53027984182e-22, 1.91635505838e-22, 1.9068359685e-22, 4.39656845427e-22, 5.02131448433e-22, 5.38656743331e-22, 6.85970017167e-22, 1.13889229709e-21, 1.13112556389e-21, 1.44705574838e-21, 2.42777166472e-21],
        "var": [2.66059009846e-06, 0.0141818402335, 0.000683374062646, 3.95725728595e-05, 5.65622904105e-05, 2.06037202588e-06, 1.02781507394e-06, 1.10912378659e-06, 1.12630295916e-05, 4.62221919406e-07, 2.01040147658e-05, 1.13600299301e-06, 2.93310790767e-06, 1.1775097164e-06, 1.13780139088e-07, 1.94570560552e-07, 6.91299248956e-08, 1.10245082396e-07, 6.47215614435e-08, 1.33293198701e-07, 1.36798476547e-07, 8.14762870505e-08, 7.26692235276e-08, 5.24810388924e-07, 2.67657810582e-06, 4.82015593661e-06, 8.2907063188e-06]
    },
    "erbbands": {
        "dmean": [1.28279078007, 8.41463279724, 12.3293962479, 9.37609672546, 7.99619102478, 11.748957634, 13.928894043, 6.29303789139, 4.90859937668, 4.94328165054, 6.02872991562, 11.2029132843, 4.82058429718, 9.33555412292, 20.7648086548, 6.81918001175, 7.88182401657, 8.47124004364, 6.45265579224, 4.67311286926, 5.42214345932, 5.25868606567, 5.92087841034, 3.73846673965, 3.51811957359, 4.32808256149, 3.50727128983, 3.78452515602, 3.52588200569, 3.00063347816, 3.61072707176, 6.83142805099, 4.79474496841, 8.09975147247, 4.59010124207, 3.2003569603, 1.77590298653, 0.845047593117, 0.181923106313, 0.0100277243182],
        "dmean2": [1.61860787868, 12.0912485123, 21.6983451843, 16.8459529877, 13.6502161026, 19.059595108, 22.0809764862, 10.7778863907, 8.24102306366, 8.19107151031, 8.79263401031, 16.0006942749, 7.74997806549, 13.8438282013, 28.7091331482, 10.195892334, 12.0870285034, 12.9754343033, 10.7231988907, 8.00879192352, 9.58919429779, 9.57279396057, 10.9706668854, 6.64011859894, 5.32288217545, 6.51510429382, 5.24933719635, 5.44359731674, 5.65195417404, 4.89619016647, 6.31402111053, 12.4739665985, 8.65744400024, 14.6448431015, 8.2542591095, 5.69052171707, 3.20588088036, 1.53328430653, 0.325998187065, 0.0180107485503],
        "dvar": [7.80447244644, 399.790435791, 1132.49987793, 646.31628418, 381.675048828, 583.06060791, 1004.39520264, 102.801734924, 96.7500610352, 130.533233643, 214.845809937, 826.32244873, 123.90460968, 496.828674316, 7408.09960938, 369.881439209, 1128.89489746, 991.856079102, 308.620391846, 145.478988647, 267.499481201, 330.0730896, 521.397705078, 122.420768738, 100.628707886, 181.735366821, 96.2686157227, 76.5650177002, 60.4136886597, 42.4994773865, 85.8767089844, 440.459655762, 208.530929565, 668.882019043, 207.51651001, 99.6960067749, 32.2651252747, 7.58367729187, 0.342477560043, 0.00102357636206],
        "dvar2": [12.8417377472, 658.782531738, 3255.7109375, 1819.13745117, 984.711791992, 1417.13562012, 2227.90087891, 282.638000488, 253.98248291, 314.217346191, 357.478820801, 1469.51391602, 289.742980957, 1004.78753662, 11777.8974609, 619.452880859, 2324.3659668, 1985.54626465, 761.658203125, 369.619476318, 742.215270996, 954.055419922, 1540.79675293, 326.670166016, 195.732406616, 377.649993896, 140.162384033, 109.567192078, 130.68927002, 99.3110275269, 229.784423828, 1239.93688965, 577.093933105, 1834.18029785, 564.195068359, 266.196655273, 88.0244674683, 20.7979431152, 0.925042927265, 0.00276313093491],
        "max": [19.4840087891, 128.573974609, 282.063446045, 306.380126953, 310.75088501, 322.457977295, 453.81149292, 143.710647583, 174.600204468, 218.390060425, 450.51083374, 777.411621094, 366.425506592, 480.424255371, 2264.48217773, 561.33203125, 1864.13439941, 1176.23498535, 517.367858887, 323.699615479, 370.678833008, 251.245498657, 318.177947998, 135.556976318, 134.104598999, 197.346542358, 120.60736084, 112.490837097, 102.647079468, 59.0495147705, 69.5272140503, 145.345626831, 95.0171966553, 180.228424072, 95.4203948975, 68.7791595459, 37.1486434937, 18.1102962494, 3.92910671234, 0.207986712456],
        "mean": [1.72136509418, 12.6128931046, 15.1656980515, 10.5582380295, 8.32939529419, 13.815407753, 17.1125030518, 8.45658969879, 7.25337123871, 8.197057724, 15.2993354797, 28.1425628662, 7.91816616058, 19.1647930145, 57.3642921448, 14.1443481445, 15.9462242126, 16.1996192932, 9.20920181274, 6.56243658066, 6.47515583038, 5.17598247528, 5.21129226685, 3.74973082542, 4.09899425507, 4.69514131546, 4.47392177582, 4.53745651245, 3.60608887672, 3.02377963066, 3.04029369354, 4.53924369812, 3.22985506058, 5.22202587128, 2.98426914215, 2.10085296631, 1.12438285351, 0.525720715523, 0.115843094885, 0.00644469307736],
        "median": [0.331515461206, 2.11564946175, 3.82850146294, 2.66181278229, 2.88533425331, 4.71077489853, 5.47513723373, 4.43987131119, 2.50139427185, 1.84178733826, 1.42048764229, 1.60788023472, 0.982222080231, 1.08034098148, 1.20443332195, 0.753543436527, 0.698857307434, 0.575723946095, 0.561523318291, 0.483359336853, 0.383012592793, 0.327603906393, 0.29025092721, 0.239407613873, 0.211471602321, 0.170929268003, 0.118784487247, 0.101534172893, 0.0743173584342, 0.0592681840062, 0.0507163107395, 0.0362556874752, 0.025253655389, 0.0152458846569, 0.00779731012881, 0.00305249565281, 0.000967238040175, 0.000211237667827, 9.06952191144e-05, 6.31677175988e-05],
        "min": [1.77318664906e-21, 6.3601812286e-21, 4.95467212091e-21, 2.8670412842e-20, 9.33210432928e-20, 5.55000515531e-20, 1.62367954522e-19, 4.30888074602e-19, 6.28019199095e-19, 5.97199121556e-19, 5.97223368288e-19, 1.12500378678e-18, 1.82156834131e-18, 1.67077600398e-18, 8.56392413167e-18, 5.13477286967e-18, 5.17842153623e-18, 9.98136676727e-18, 6.84721375431e-18, 3.7214847487e-18, 3.44772705022e-18, 7.86115065607e-18, 7.64772895904e-18, 1.07139336342e-17, 1.24583020361e-17, 2.25597977622e-17, 2.06017487557e-17, 2.02976821256e-17, 2.05454442258e-17, 1.45772418076e-17, 2.012923672e-17, 2.48658482698e-17, 1.82483223057e-17, 1.23423280055e-17, 8.21438076587e-18, 4.82550616866e-18, 2.87110275394e-18, 1.27738255313e-18, 3.68871604043e-19, 3.37339795747e-20],
        "var": [12.6646690369, 705.258300781, 1006.46887207, 517.35723877, 352.964050293, 726.5859375, 1488.97558594, 129.05531311, 155.04536438, 357.129852295, 1778.1114502, 5360.65820312, 377.756256104, 2119.41113281, 46719.8359375, 1390.2298584, 5391.34375, 3377.22387695, 592.441162109, 260.276123047, 330.636657715, 263.655517578, 372.921691895, 138.983474731, 188.898849487, 311.932128906, 240.057571411, 205.893814087, 109.614341736, 62.102481842, 69.7130508423, 263.797210693, 129.818878174, 420.062927246, 132.876296997, 66.4493331909, 20.4935722351, 4.76229333878, 0.222882211208, 0.000665603321977]
    },
    "gfcc": {
        "mean": [-103.647834778, 121.999198914, -44.8809814453, 20.2494125366, -33.620967865, 11.0075826645, -24.0395679474, 0.529214024544, -15.3709774017, -0.910968482494, -7.44691514969, 0.824067592621, -2.98290324211],
        "cov": [[19470.1835938, -5471.12109375, -2553.00415039, 138.624176025, -793.19519043, 1052.45874023, -180.365203857, 384.815582275, -507.483337402, 280.923278809, -527.463134766, 182.832839966, -384.07989502], [-5471.12109375, 5243.375, 321.431549072, -568.397705078, 346.700805664, -382.074737549, 323.041351318, -180.40032959, 385.604034424, -197.720901489, 325.84475708, -240.74887085, 193.518981934], [-2553.00415039, 321.431549072, 3999.89233398, 699.730895996, 174.403839111, -349.066650391, 191.274520874, -34.4267539978, 123.610343933, 73.8015060425, 126.850524902, 9.75407028198, 74.3242111206], [138.624176025, -568.397705078, 699.730895996, 1557.38134766, 282.469146729, 153.157409668, 240.750427246, 68.3845443726, 163.479507446, 168.478713989, 74.7980575562, 34.933631897, 7.08018445969], [-793.19519043, 346.700805664, 174.403839111, 282.469146729, 701.090759277, 105.235443115, 186.435134888, 72.1820297241, 117.270645142, 41.7771034241, 63.8539733887, -26.7908630371, -2.27520799637], [1052.45874023, -382.074737549, -349.066650391, 153.157409668, 105.235443115, 410.004180908, 165.164962769, 123.234329224, 59.0386314392, 69.7511672974, 23.6566886902, 18.3049201965, -6.36334037781], [-180.365203857, 323.041351318, 191.274520874, 240.750427246, 186.435134888, 165.164962769, 376.573699951, 120.928817749, 166.065551758, 78.0313186646, 74.9452896118, 5.51853179932, 37.2835922241], [384.815582275, -180.40032959, -34.4267539978, 68.3845443726, 72.1820297241, 123.234329224, 120.928817749, 193.220458984, 97.5661849976, 72.4484024048, 37.348865509, 13.929444313, -6.0908536911], [-507.483337402, 385.604034424, 123.610343933, 163.479507446, 117.270645142, 59.0386314392, 166.065551758, 97.5661849976, 236.456054688, 79.4666519165, 119.622344971, -1.56871068478, 40.0011520386], [280.923278809, -197.720901489, 73.8015060425, 168.478713989, 41.7771034241, 69.7511672974, 78.0313186646, 72.4484024048, 79.4666519165, 151.916915894, 65.4991455078, 51.3047561646, 9.59794998169], [-527.463134766, 325.84475708, 126.850524902, 74.7980575562, 63.8539733887, 23.6566886902, 74.9452896118, 37.348865509, 119.622344971, 65.4991455078, 172.311523438, 34.992149353, 54.528591156], [182.832839966, -240.74887085, 9.75407028198, 34.933631897, -26.7908630371, 18.3049201965, 5.51853179932, 13.929444313, -1.56871068478, 51.3047561646, 34.992149353, 107.38155365, 36.0972824097], [-384.07989502, 193.518981934, 74.3242111206, 7.08018445969, -2.27520799637, -6.36334037781, 37.2835922241, -6.0908536911, 40.0011520386, 9.59794998169, 54.528591156, 36.0972824097, 97.2505874634]],
        "icov": [[9.43135019043e-05, 5.28914933966e-05, 3.23673557432e-05, 4.26982808222e-07, 9.03390318854e-05, -0.000151941989316, -2.66775223281e-05, -6.94809132256e-05, 0.000104143226054, -0.000141480893944, 0.000113800386316, -4.47345064458e-06, 0.000149490195327], [5.28914933966e-05, 0.00052457745187, 6.29472051514e-05, 0.000227155105677, -0.00010092145385, 0.000398887787014, -0.000630798167549, 0.00063963548746, -0.000483483658172, 0.00042634626152, -0.000769829610363, 0.00103363208473, -0.000389207765693], [3.23673557432e-05, 6.29472051514e-05, 0.000348161353031, -0.000129248204757, -3.21081233778e-06, 0.000446583522717, -0.000325951492414, 5.23915969097e-06, 0.000144150297274, -7.98107284936e-05, -0.000214988511289, 0.000178403017344, -9.67555606621e-05], [4.26982808222e-07, 0.000227155105677, -0.000129248204757, 0.000995116075501, -0.000274226942565, -8.41954097268e-05, -0.000448313803645, 0.000778039451689, -0.000634585332591, -0.000527297728695, -5.23157468706e-05, 0.000321748375427, 7.64423657529e-06], [9.03390318854e-05, -0.00010092145385, -3.21081233778e-06, -0.000274226942565, 0.0019059991464, -0.000438625720562, -0.000419403018896, -0.000354760355549, 0.000101809513581, -2.9445560358e-05, -0.000109068692836, 0.000141717275255, 0.000704069680069], [-0.000151941989316, 0.000398887787014, 0.000446583522717, -8.41954097268e-05, -0.000438625720562, 0.00477515487, -0.00210016686469, -0.000876185076777, 0.000388003187254, 0.000155223548063, -0.00126601883676, 0.000947917404119, -0.000493431172799], [-2.66775223281e-05, -0.000630798167549, -0.000325951492414, -0.000448313803645, -0.000419403018896, -0.00210016686469, 0.00606486806646, -0.00186472025234, -0.0018132540863, -0.000701282231603, 0.00178824551404, -0.000950345594902, -0.000992418150418], [-6.94809132256e-05, 0.00063963548746, 5.23915969097e-06, 0.000778039451689, -0.000354760355549, -0.000876185076777, -0.00186472025234, 0.00997876748443, -0.00382584147155, -0.00131759280339, -0.000207024277188, 0.000345659296727, 0.00135783047881], [0.000104143226054, -0.000483483658172, 0.000144150297274, -0.000634585332591, 0.000101809513581, 0.000388003187254, -0.0018132540863, -0.00382584147155, 0.011629586108, -0.00276344246231, -0.00422426918522, 0.00281645613723, -0.00139487162232], [-0.000141480893944, 0.00042634626152, -7.98107284936e-05, -0.000527297728695, -2.9445560358e-05, 0.000155223548063, -0.000701282231603, -0.00131759280339, -0.00276344246231, 0.0131611572579, -0.00324666406959, -0.00446220533922, 0.00220246706158], [0.000113800386316, -0.000769829610363, -0.000214988511289, -5.23157468706e-05, -0.000109068692836, -0.00126601883676, 0.00178824551404, -0.000207024277188, -0.00422426918522, -0.00324666406959, 0.0129673304036, -0.00365899410099, -0.00248920498416], [-4.47345064458e-06, 0.00103363208473, 0.000178403017344, 0.000321748375427, 0.000141717275255, 0.000947917404119, -0.000950345594902, 0.000345659296727, 0.00281645613723, -0.00446220533922, -0.00365899410099, 0.0170367714018, -0.00677308067679], [0.000149490195327, -0.000389207765693, -9.67555606621e-05, 7.64423657529e-06, 0.000704069680069, -0.000493431172799, -0.000992418150418, 0.00135783047881, -0.00139487162232, 0.00220246706158, -0.00248920498416, -0.00677308067679, 0.0164367705584]]
    },
    "melbands": {
        "dmean": [0.0113063054159, 0.0078691765666, 0.00164460204542, 0.000609360635281, 0.000559581210837, 0.000137896480737, 7.41769254091e-05, 5.42209891137e-05, 5.66481612623e-05, 7.10726526449e-05, 2.28023236559e-05, 3.47802852048e-05, 6.38858473394e-05, 3.11733856506e-05, 1.77429337782e-05, 1.8132806872e-05, 1.65041983564e-05, 1.11774415927e-05, 7.12575911166e-06, 7.18922865417e-06, 5.98438600719e-06, 4.97695555168e-06, 6.31935654383e-06, 4.51839832749e-06, 2.98420013678e-06, 2.79994105767e-06, 2.76230912277e-06, 2.87458487946e-06, 2.26571046369e-06, 2.22793141802e-06, 2.29534248319e-06, 1.92590982806e-06, 2.08626329368e-06, 1.56873340984e-06, 2.00185445465e-06, 2.28072713071e-06, 4.97076098327e-06, 2.32625870922e-06, 4.48867876912e-06, 7.64852120483e-06],
        "dmean2": [0.0144428294152, 0.012840830721, 0.0029189796187, 0.00100742676295, 0.000880746403709, 0.000237797081354, 0.000124344558571, 8.965262532e-05, 7.9749028373e-05, 0.000101878838905, 3.70776506315e-05, 5.24479437445e-05, 8.79461804288e-05, 4.467182589e-05, 2.72019733529e-05, 2.8325128369e-05, 2.50183675234e-05, 1.86375691555e-05, 1.22630262922e-05, 1.20016975416e-05, 1.07727219074e-05, 9.0350249593e-06, 1.1698894923e-05, 8.35709033709e-06, 5.31306659468e-06, 4.54313931186e-06, 4.37726203018e-06, 4.31659418609e-06, 3.48973162545e-06, 3.03446586258e-06, 3.46175215782e-06, 3.05506750919e-06, 3.51276457877e-06, 2.55799363913e-06, 3.47138052348e-06, 4.06823119192e-06, 9.15018154046e-06, 4.14667647419e-06, 8.13528458821e-06, 1.38350224006e-05],
        "dvar": [0.000609434326179, 0.000342740444466, 1.82884014066e-05, 1.38500899993e-06, 1.72265424681e-06, 4.91351954679e-08, 2.29209593527e-08, 1.64075828479e-08, 2.43057698412e-08, 3.48174964415e-08, 3.07006176037e-09, 7.27098559139e-09, 5.78400047857e-08, 1.6353402188e-08, 3.30613314503e-09, 1.00983719165e-08, 4.47265158243e-09, 1.11416431636e-09, 3.32516791879e-10, 6.63092469821e-10, 3.72365388523e-10, 2.50335141505e-10, 7.24594884094e-10, 2.47039028123e-10, 7.48605274992e-11, 7.3271076706e-11, 8.32687044316e-11, 7.44545744502e-11, 4.33073438222e-11, 3.45945876112e-11, 2.8507951208e-11, 2.26258161512e-11, 2.09292201625e-11, 1.15847730714e-11, 2.59550662213e-11, 3.71239011754e-11, 2.43793568666e-10, 4.32001309725e-11, 2.00515645754e-10, 5.9739024838e-10],
        "dvar2": [0.000834294129163, 0.000874822726473, 5.09141464136e-05, 3.49244783138e-06, 3.80308324566e-06, 1.36531170369e-07, 5.95228115685e-08, 3.90650001236e-08, 3.75410351694e-08, 6.14062471982e-08, 7.15947079399e-09, 1.49534624683e-08, 9.31417147854e-08, 2.50288128001e-08, 6.54928378196e-09, 2.1700746089e-08, 8.50396286722e-09, 2.65988364667e-09, 8.31005042556e-10, 1.64653546353e-09, 1.04868025375e-09, 7.21410486904e-10, 2.11374162618e-09, 7.29822202672e-10, 2.03856376224e-10, 1.58754745461e-10, 1.9547430341e-10, 1.45469442048e-10, 7.22824369803e-11, 5.24226079213e-11, 4.77815460809e-11, 4.87382981196e-11, 5.044150167e-11, 2.76699635426e-11, 6.89975229728e-11, 1.01426457511e-10, 6.87636503294e-10, 1.18153722917e-10, 5.55884449582e-10, 1.63520152974e-09],
        "max": [0.168224096298, 0.135853886604, 0.0464766807854, 0.0186402779073, 0.0190654341131, 0.00286587397568, 0.00299359718338, 0.0023774902802, 0.00548236072063, 0.00531651405618, 0.0018476905534, 0.00179840391502, 0.00626682396978, 0.00334395165555, 0.00144636991899, 0.00588880386204, 0.00199281610548, 0.000918638601433, 0.000691287626978, 0.00108139868826, 0.000466722995043, 0.000238975568209, 0.000358867575414, 0.000213664316107, 0.000101252087916, 0.000105429397081, 0.000133764799102, 0.00012279265502, 8.1294660049e-05, 9.41953694564e-05, 6.53529496049e-05, 7.02800462022e-05, 5.150252764e-05, 2.61484074144e-05, 3.51887138095e-05, 4.83215517306e-05, 0.000108372623799, 4.33782879554e-05, 0.000100303172076, 0.000173805834493],
        "mean": [0.0162538457662, 0.0110815642402, 0.00187844072934, 0.000716059526894, 0.000681597040966, 0.000183023425052, 0.000109555177914, 8.71763986652e-05, 0.00015341231483, 0.000175119450432, 3.31839473802e-05, 6.55713374726e-05, 0.000172178421053, 7.54244319978e-05, 3.30794609908e-05, 3.56047421519e-05, 3.04872046399e-05, 1.54064018716e-05, 9.63794445852e-06, 1.01905598058e-05, 6.4422961259e-06, 4.97543851452e-06, 5.48367324882e-06, 3.97727581003e-06, 2.82974974652e-06, 3.17116746373e-06, 2.86318959297e-06, 3.15894976666e-06, 2.77875574284e-06, 2.66842539531e-06, 2.65247740572e-06, 1.95877373699e-06, 2.04693083106e-06, 1.55667555646e-06, 1.71170484009e-06, 1.78647519533e-06, 3.17875014844e-06, 1.64304333339e-06, 2.92164668281e-06, 4.91298260386e-06],
        "median": [0.00274717411958, 0.00321226799861, 0.000501341943163, 0.000288102804916, 0.000206272714422, 9.89368927549e-05, 3.512578769e-05, 1.42112057802e-05, 9.32798502618e-06, 8.52342782309e-06, 2.78263314613e-06, 3.13396139973e-06, 3.69037320525e-06, 2.48614242082e-06, 1.16517912829e-06, 1.3654664599e-06, 8.29659938972e-07, 8.23174332254e-07, 6.73506917792e-07, 5.34341268121e-07, 3.87984357531e-07, 3.30817755412e-07, 2.63555421043e-07, 2.0878528062e-07, 1.75755801024e-07, 1.47639539705e-07, 1.33093536192e-07, 9.1910571598e-08, 7.04563518639e-08, 6.53376872606e-08, 5.32200665759e-08, 3.65058703267e-08, 3.39741887956e-08, 2.97141653505e-08, 2.84558598906e-08, 2.41717472704e-08, 1.94888318816e-08, 1.78726455857e-08, 1.32357564908e-08, 1.12969402721e-08],
        "min": [1.39900963221e-23, 4.35254359443e-24, 8.28615629426e-24, 4.69675950055e-24, 4.55406442356e-24, 9.74725527505e-24, 9.26632227988e-24, 6.09754099324e-24, 5.07648243044e-24, 7.32414357578e-24, 9.3484127234e-24, 6.10024165855e-24, 2.16062280845e-23, 2.29829891571e-23, 1.11543212281e-23, 1.12520303287e-23, 2.09189645753e-23, 1.25476649458e-23, 6.0509252302e-24, 3.83121539888e-24, 4.36689179101e-24, 9.31308910979e-24, 4.54963299742e-24, 1.07695290781e-23, 8.24541636167e-24, 8.04449506683e-24, 1.14831239755e-23, 1.56109735573e-23, 1.37847463622e-23, 1.02611303128e-23, 1.28060429247e-23, 1.30224187935e-23, 8.06419923452e-24, 8.38991438026e-24, 1.15607810207e-23, 1.55810331305e-23, 1.36837106352e-23, 1.26790915392e-23, 1.2037226975e-23, 9.62638127399e-24],
        "var": [0.0011390998261, 0.000437113980297, 1.50764708451e-05, 1.52357404204e-06, 2.5233064207e-06, 5.84204400411e-08, 3.89761645181e-08, 5.06217219254e-08, 2.3709326058e-07, 2.19528374146e-07, 9.04718344685e-09, 2.99775813062e-08, 3.45695440274e-07, 8.27000548043e-08, 1.17962892787e-08, 5.2116622129e-08, 1.52422519051e-08, 2.256326459e-09, 7.54182716278e-10, 1.44871714625e-09, 3.51146639543e-10, 2.17654866352e-10, 4.85564810582e-10, 1.92291682577e-10, 8.04550800981e-11, 1.19070212024e-10, 1.13561805792e-10, 1.39751349382e-10, 9.63995827608e-11, 8.3323813127e-11, 6.87426920942e-11, 3.88829697606e-11, 2.91523055695e-11, 1.62532608899e-11, 2.1713670792e-11, 2.68001437015e-11, 1.43779696482e-10, 2.81481088438e-11, 1.23365817561e-10, 3.76330494545e-10]
    },
    "mfcc": {
        "mean": [-770.282287598, 159.875152588, 49.0750732422, 28.792142868, 17.9663028717, 14.455327034, 6.91794109344, 5.32862472534, 2.01224040985, -0.201745405793, -1.25625431538, 0.696447789669, 1.71785438061],
        "cov": [[17251.4746094, -3891.59643555, -2944.41577148, -1042.21264648, -530.269104004, 226.75617981, 109.934623718, 180.636230469, 111.11844635, 35.7130355835, -24.4894771576, 7.78737783432, -85.5057907104], [-3891.59643555, 4064.21923828, 293.051025391, -223.771850586, -45.6202354431, -144.390930176, -62.23179245, 3.00893306732, -38.5809555054, 34.5020637512, 7.46002674103, -24.7239112854, 12.981294632], [-2944.41577148, 293.051025391, 2930.23779297, 923.254150391, 169.206100464, 53.6678276062, 84.8695068359, -53.6877861023, 67.6995697021, 25.7846050262, 81.9721450806, 61.0202789307, 55.4859390259], [-1042.21264648, -223.771850586, 923.254150391, 1174.80004883, 332.308746338, 295.132629395, 150.825744629, 82.8482055664, 110.043106079, 122.407562256, 134.336380005, 102.080795288, 68.4154129028], [-530.269104004, -45.6202354431, 169.206100464, 332.308746338, 435.867919922, 143.686904907, 111.316772461, 47.8326148987, 47.7882537842, 39.5525741577, 70.9946975708, 62.1343307495, 37.2285423279], [226.75617981, -144.390930176, 53.6678276062, 295.132629395, 143.686904907, 328.716674805, 166.147567749, 114.572364807, 96.9284820557, 96.0755767822, 72.3327026367, 53.2210884094, 54.7067298889], [109.934623718, -62.23179245, 84.8695068359, 150.825744629, 111.316772461, 166.147567749, 215.399795532, 112.832702637, 101.560058594, 77.2857208252, 62.9303588867, 53.9596557617, 36.1791229248], [180.636230469, 3.00893306732, -53.6877861023, 82.8482055664, 47.8326148987, 114.572364807, 112.832702637, 170.881118774, 104.997550964, 92.0427017212, 65.120262146, 46.9655456543, 39.338596344], [111.11844635, -38.5809555054, 67.6995697021, 110.043106079, 47.7882537842, 96.9284820557, 101.560058594, 104.997550964, 154.32913208, 100.350799561, 77.2120742798, 51.3570594788, 37.8808097839], [35.7130355835, 34.5020637512, 25.7846050262, 122.407562256, 39.5525741577, 96.0755767822, 77.2857208252, 92.0427017212, 100.350799561, 157.301727295, 99.4253234863, 75.1700057983, 55.3077850342], [-24.4894771576, 7.46002674103, 81.9721450806, 134.336380005, 70.9946975708, 72.3327026367, 62.9303588867, 65.120262146, 77.2120742798, 99.4253234863, 138.839508057, 89.6724700928, 62.8075523376], [7.78737783432, -24.7239112854, 61.0202789307, 102.080795288, 62.1343307495, 53.2210884094, 53.9596557617, 46.9655456543, 51.3570594788, 75.1700057983, 89.6724700928, 128.03717041, 84.5862045288], [-85.5057907104, 12.981294632, 55.4859390259, 68.4154129028, 37.2285423279, 54.7067298889, 36.1791229248, 39.338596344, 37.8808097839, 55.3077850342, 62.8075523376, 84.5862045288, 120.147285461]],
