{
"lowlevel": {
    "average_loudness": 0.0722782090306,
    "barkbands_crest": {
        "dmean": 2.15938615799,
        "dmean2": 3.47413063049,
        "dvar": 3.48788189888,
        "dvar2": 8.88196849823,
        "max": 24.0761089325,
        "mean": 9.35265541077,
        "median": 8.73439121246,
        "min": 2.64961147308,
        "var": 11.8207550049
    },
    "barkbands_flatness_db": {
        "dmean": 0.0143310185522,
        "dmean2": 0.021976403892,
        "dvar": 0.000152608103235,
        "dvar2": 0.000359858124284,
        "max": 0.397189080715,
        "mean": 0.173128694296,
        "median": 0.162216335535,
        "min": 0.0414655096829,
        "var": 0.00219800556079
    },
    "barkbands_kurtosis": {
        "dmean": 1.9356328249,
        "dmean2": 3.10252475739,
        "dvar": 9.67873191833,
        "dvar2": 25.0475215912,
        "max": 110.322006226,
        "mean": 3.81314539909,
        "median": 1.49370312691,
        "min": -1.6478433609,
        "var": 39.0978431702
    },
    "barkbands_skewness": {
        "dmean": 0.377307444811,
        "dmean2": 0.601977586746,
        "dvar": 0.126111984253,
        "dvar2": 0.329489380121,
        "max": 8.01907920837,
        "mean": 1.22599101067,
        "median": 1.0941003561,
        "min": -1.32709038258,
        "var": 0.951964616776
    },
    "barkbands_spread": {
        "dmean": 2.62231779099,
        "dmean2": 4.04210758209,
        "dvar": 5.78209590912,
        "dvar2": 13.8969135284,
        "max": 42.0205764771,
        "mean": 13.710559845,
        "median": 14.0693807602,
        "min": 0.759571909904,
        "var": 48.0597686768
    },
    "dissonance": {
        "dmean": 0.0219354070723,
        "dmean2": 0.0371473841369,
        "dvar": 0.000402852310799,
        "dvar2": 0.00110019429121,
        "max": 0.500000238419,
        "mean": 0.45626783371,
        "median": 0.4628251791,
        "min": 0.280967772007,
        "var": 0.000954284099862
    },
    "dynamic_complexity": 6.5680308342,
    "erbbands_crest": {
        "dmean": 2.39936470985,
        "dmean2": 3.82799172401,
        "dvar": 4.17920589447,
        "dvar2": 10.5076932907,
        "max": 28.6287918091,
        "mean": 10.7279043198,
        "median": 9.58926773071,
        "min": 2.96775317192,
        "var": 22.2995376587
    },
    "erbbands_flatness_db": {
        "dmean": 0.0122002223507,
        "dmean2": 0.0183057952672,
        "dvar": 0.000103137550468,
        "dvar2": 0.000228754986892,
        "max": 0.384794443846,
        "mean": 0.221467584372,
        "median": 0.215558081865,
        "min": 0.101464353502,
        "var": 0.00165378733072
    },
    "erbbands_kurtosis": {
        "dmean": 1.14508199692,
        "dmean2": 1.80107843876,
        "dvar": 3.15884828568,
        "dvar2": 7.77055644989,
        "max": 49.7045860291,
        "mean": 1.61270236969,
        "median": 0.0185292959213,
        "min": -1.70636594296,
        "var": 20.4439964294
    },
    "erbbands_skewness": {
        "dmean": 0.342075705528,
        "dmean2": 0.534696102142,
        "dvar": 0.0833235159516,
        "dvar2": 0.204400926828,
        "max": 5.39681959152,
        "mean": 0.743978738785,
        "median": 0.520173549652,
        "min": -1.89379835129,
        "var": 0.827242970467
    },
    "erbbands_spread": {
        "dmean": 4.40206241608,
        "dmean2": 6.6797118187,
        "dvar": 15.1768760681,
        "dvar2": 35.7693824768,
        "max": 76.8407516479,
        "mean": 24.7621822357,
        "median": 24.3176937103,
        "min": 2.31579518318,
        "var": 131.185882568
    },
    "hfc": {
        "dmean": 1.98325419426,
        "dmean2": 3.03914093971,
        "dvar": 12.0578403473,
        "dvar2": 29.2954425812,
        "max": 91.5816802979,
        "mean": 10.8047447205,
        "median": 3.47757053375,
        "min": 2.29102238336e-06,
        "var": 225.238296509
    },
    "melbands_crest": {
        "dmean": 2.76654529572,
        "dmean2": 4.43126678467,
        "dvar": 5.42092609406,
        "dvar2": 14.3815279007,
        "max": 31.1187286377,
        "mean": 13.0650482178,
        "median": 12.1645412445,
        "min": 3.54774713516,
        "var": 22.9381923676
    },
    "melbands_flatness_db": {
        "dmean": 0.0158010683954,
        "dmean2": 0.024286814034,
        "dvar": 0.000192681531189,
        "dvar2": 0.000459086557385,
        "max": 0.484224140644,
        "mean": 0.232200503349,
        "median": 0.222296506166,
        "min": 0.0287255980074,
        "var": 0.00377372605726
    },
    "melbands_kurtosis": {
        "dmean": 3.17963552475,
        "dmean2": 5.09875106812,
        "dvar": 25.6547241211,
        "dvar2": 65.4599304199,
        "max": 161.742431641,
        "mean": 7.24400568008,
        "median": 4.07746458054,
        "min": -1.53898513317,
        "var": 97.1556167603
    },
    "melbands_skewness": {
        "dmean": 0.462699532509,
        "dmean2": 0.724221229553,
        "dvar": 0.17942635715,
        "dvar2": 0.466661721468,
        "max": 9.22276687622,
        "mean": 1.67745649815,
        "median": 1.50111413002,
        "min": -1.15546739101,
        "var": 1.34370791912
    },
    "melbands_spread": {
        "dmean": 3.66383647919,
        "dmean2": 5.76852560043,
        "dvar": 13.3642911911,
        "dvar2": 32.0407295227,
        "max": 84.3401794434,
        "mean": 18.156867981,
        "median": 17.4182052612,
        "min": 0.648085713387,
        "var": 107.01461792
    },
    "pitch_salience": {
        "dmean": 0.0569010414183,
        "dmean2": 0.0930443778634,
        "dvar": 0.00229583471082,
        "dvar2": 0.00613607186824,
        "max": 0.909302949905,
        "mean": 0.546778857708,
        "median": 0.548192322254,
        "min": 0.188413485885,
        "var": 0.00893498957157
    },
    "silence_rate_20dB": {
        "dmean": 0,
        "dmean2": 0,
        "dvar": 0,
        "dvar2": 0,
        "max": 1,
        "mean": 1,
        "median": 1,
        "min": 1,
        "var": 0
    },
    "silence_rate_30dB": {
        "dmean": 0,
        "dmean2": 0,
        "dvar": 0,
        "dvar2": 0,
        "max": 1,
        "mean": 1,
        "median": 1,
        "min": 1,
        "var": 0
    },
    "silence_rate_60dB": {
        "dmean": 0.022484363988,
        "dmean2": 0.0449722893536,
        "dvar": 0.021978802979,
        "dvar2": 0.0486447736621,
        "max": 1,
        "mean": 0.389249533415,
        "median": 0,
        "min": 0,
        "var": 0.237737461925
    },
    "spectral_centroid": {
        "dmean": 141.549682617,
        "dmean2": 225.445205688,
        "dvar": 25516.5410156,
        "dvar2": 52563.5351562,
        "max": 10893.0556641,
        "mean": 1106.62036133,
        "median": 1070.44897461,
        "min": 160.087356567,
        "var": 235225.109375
    },
    "spectral_complexity": {
        "dmean": 1.6773018837,
        "dmean2": 2.86286616325,
        "dvar": 2.72115850449,
        "dvar2": 7.64975404739,
        "max": 47,
        "mean": 13.1052885056,
        "median": 10,
        "min": 0,
        "var": 107.255958557
    },
    "spectral_decrease": {
        "dmean": 6.99733437859e-10,
        "dmean2": 1.06427455737e-09,
        "dvar": 1.15163383262e-18,
        "dvar2": 2.75351261921e-18,
        "max": -4.67731725823e-17,
        "mean": -3.29618821127e-09,
        "median": -1.67308789045e-09,
        "min": -2.78491736339e-08,
        "var": 1.68745440531e-17
    },
    "spectral_energy": {
        "dmean": 0.00278517603874,
        "dmean2": 0.00423119682819,
        "dvar": 1.82325729838e-05,
        "dvar2": 4.3463158363e-05,
        "max": 0.110690541565,
        "mean": 0.0134205687791,
        "median": 0.00676170084625,
        "min": 3.8433509153e-10,
        "var": 0.000281605665805
    },
    "spectral_energyband_high": {
        "dmean": 3.65060404874e-05,
        "dmean2": 6.38787678326e-05,
        "dvar": 5.40979305796e-09,
        "dvar2": 1.64919402579e-08,
        "max": 0.00152944913134,
        "mean": 0.00011945793085,
        "median": 3.08746821247e-05,
        "min": 1.92209970162e-10,
        "var": 3.27801146227e-08
    },
    "spectral_energyband_low": {
        "dmean": 0.00128651305567,
        "dmean2": 0.00206239009276,
        "dvar": 6.18794410912e-06,
        "dvar2": 1.60820491146e-05,
        "max": 0.0600241906941,
        "mean": 0.00295925862156,
        "median": 0.000603324035183,
        "min": 2.54050990314e-12,
        "var": 2.41148900386e-05
    },
    "spectral_energyband_middle_high": {
        "dmean": 0.00143907300662,
        "dmean2": 0.00214353366755,
        "dvar": 7.71798113419e-06,
        "dvar2": 1.75360291905e-05,
        "max": 0.0539731644094,
        "mean": 0.00526996422559,
        "median": 0.0011437087087,
        "min": 1.35708375093e-10,
        "var": 6.89667795086e-05
    },
    "spectral_energyband_middle_low": {
        "dmean": 0.00150965154171,
        "dmean2": 0.00229727919213,
        "dvar": 6.85495297148e-06,
        "dvar2": 1.63439726748e-05,
        "max": 0.0714992955327,
        "mean": 0.00564058730379,
        "median": 0.00240461970679,
        "min": 5.43366740491e-11,
        "var": 5.49569776922e-05
    },
    "spectral_entropy": {
        "dmean": 0.0942054539919,
        "dmean2": 0.144506528974,
        "dvar": 0.00772902648896,
        "dvar2": 0.0165354013443,
        "max": 9.80929756165,
        "mean": 7.04254674911,
        "median": 7.09864521027,
        "min": 5.08889245987,
        "var": 0.149799644947
    },
    "spectral_flux": {
        "dmean": 0.00819735601544,
        "dmean2": 0.0140140671283,
        "dvar": 9.28058725549e-05,
        "dvar2": 0.00026289690868,
        "max": 0.185283005238,
        "mean": 0.0439557135105,
        "median": 0.0385196805,
        "min": 1.96044657059e-05,
        "var": 0.00112590310164
    },
    "spectral_kurtosis": {
        "dmean": 3.03461265564,
        "dmean2": 5.36195421219,
        "dvar": 11.0879669189,
        "dvar2": 32.9917831421,
        "max": 71.9774627686,
        "mean": 7.68825626373,
        "median": 6.38696289062,
        "min": -1.22675609589,
        "var": 35.6615409851
    },
    "spectral_rms": {
        "dmean": 0.000328703288687,
        "dmean2": 0.000495755230077,
        "dvar": 1.33371628408e-07,
        "dvar2": 3.160672577e-07,
        "max": 0.0103918612003,
        "mean": 0.00295586814173,
        "median": 0.00256842002273,
        "min": 6.12340670614e-07,
        "var": 4.35608990301e-06
    },
    "spectral_rolloff": {
        "dmean": 241.301147461,
        "dmean2": 414.055389404,
        "dvar": 104514.1875,
        "dvar2": 227688.25,
        "max": 14039.6484375,
        "mean": 1108.24609375,
        "median": 990.52734375,
        "min": 86.1328125,
        "var": 390415.65625
    },
    "spectral_skewness": {
        "dmean": 0.277203142643,
        "dmean2": 0.481768012047,
        "dvar": 0.0650620758533,
        "dvar2": 0.188685044646,
        "max": 6.87517881393,
        "mean": 1.80050849915,
        "median": 1.67069447041,
        "min": -0.00436342414469,
        "var": 0.5556396842
    },
    "spectral_spread": {
        "dmean": 171361.5625,
        "dmean2": 289275.125,
        "dvar": 131972349952,
        "dvar2": 161361805312,
        "max": 41145740,
        "mean": 2837481,
        "median": 2675233.5,
        "min": 1039364.3125,
        "var": 510775918592
    },
    "spectral_strongpeak": {
        "dmean": 0.480074256659,
        "dmean2": 0.790215015411,
        "dvar": 0.624053120613,
        "dvar2": 1.43650782108,
        "max": 7.29795122147,
        "mean": 0.973153471947,
        "median": 0.379458934069,
        "min": 0,
        "var": 1.54465675354
    },
    "zerocrossingrate": {
        "dmean": 0.00401271227747,
        "dmean2": 0.00537236966193,
        "dvar": 1.30527305373e-05,
        "dvar2": 2.29564720939e-05,
        "max": 0.15625,
        "mean": 0.0441784374416,
        "median": 0.0439453125,
        "min": 0.0048828125,
        "var": 0.000289757066639
    },
    "barkbands": {
        "dmean": [5.93219447182e-05, 0.000296256679576, 0.000931076647248, 0.000460199546069, 0.000402937148465, 0.000555371807422, 0.000640386540908, 0.000441123760538, 0.000249503063969, 0.000766292505432, 0.000293070013868, 0.000906198169105, 0.000107887746708, 0.000227471522521, 0.000148055536556, 0.000255511578871, 0.000155229325173, 4.15786635131e-05, 0.000140765274409, 5.12432598043e-05, 1.98980069399e-05, 5.0691519391e-06, 1.41491432259e-06, 6.37077050669e-07, 6.76212948747e-07, 1.69678429529e-07, 1.44331160357e-08],
        "dmean2": [0.000104570048279, 0.000487476208946, 0.0014648855431, 0.000807376927696, 0.000669617613312, 0.000813271093648, 0.000970657856669, 0.000607395719271, 0.000379816658096, 0.00121470913291, 0.000424464436946, 0.0012479518773, 0.000182925752597, 0.000382503465516, 0.000248692871537, 0.000427118851803, 0.000267312978394, 7.17669463484e-05, 0.0002432520414, 8.75856858329e-05, 3.50881346094e-05, 8.37463812786e-06, 2.45953765443e-06, 1.0339236951e-06, 1.12458997137e-06, 2.93326820611e-07, 2.33450219156e-08],
        "dvar": [1.31157662508e-07, 4.61945262487e-07, 3.8934413169e-06, 9.58744749369e-07, 5.88200009588e-07, 1.46677211887e-06, 1.97763256438e-06, 1.19355638617e-06, 4.69257628311e-07, 3.38978452419e-06, 1.09181564767e-06, 3.69221629626e-06, 5.81333807759e-08, 2.4312399205e-07, 1.09228999179e-07, 2.69435361133e-07, 1.01785239792e-07, 8.49536263559e-09, 1.40569227369e-07, 1.67620992642e-08, 1.89598203804e-09, 8.94149962405e-11, 7.06780554222e-12, 1.85010839114e-12, 2.93539433212e-12, 6.59988285811e-13, 2.20273988428e-15],
        "dvar2": [3.74006106085e-07, 1.27831754071e-06, 9.8098998933e-06, 3.00621263705e-06, 1.66794052348e-06, 3.26046392729e-06, 4.59181819679e-06, 2.08380697586e-06, 9.86966938399e-07, 8.6357258624e-06, 2.00070940082e-06, 7.08758943802e-06, 1.67854807387e-07, 6.6986137881e-07, 2.85694056856e-07, 7.52497726353e-07, 2.94949813906e-07, 2.4124682696e-08, 4.02228749863e-07, 4.66521967724e-08, 5.93747984112e-09, 2.45708259294e-10, 2.07133945412e-11, 4.16421151034e-12, 8.01360713898e-12, 2.04959248358e-12, 5.96642172991e-15],
        "max": [0.0181032065302, 0.0219724960625, 0.0309434905648, 0.0162330269814, 0.0206737201661, 0.0285188294947, 0.0316140130162, 0.0277119018137, 0.01950228028, 0.0372354201972, 0.0327136181295, 0.0307367108762, 0.00431648874655, 0.00878317281604, 0.00675668753684, 0.00709945196286, 0.00410884292796, 0.0017382488586, 0.00815709959716, 0.00350408419035, 0.000643331324682, 0.000176958710654, 4.61949239252e-05, 3.27941743308e-05, 4.89805206598e-05, 3.84303384635e-05, 3.21365291711e-06],
        "mean": [6.71356392559e-05, 0.000705376965925, 0.00176617945544, 0.000655224896036, 0.000813453341834, 0.00133835687302, 0.00129570928402, 0.000825499475468, 0.000492361490615, 0.0012120512547, 0.00049837253755, 0.00167039933149, 0.00017827595002, 0.000409774162108, 0.000255289778579, 0.000428679864854, 0.000225208161282, 8.71496376931e-05, 0.000304533576127, 0.00012127716036, 4.47498714493e-05, 1.60685340234e-05, 3.97148096454e-06, 2.1404268864e-06, 2.53518146565e-06, 7.52563835249e-07, 8.47069827614e-08],
        "median": [1.15299485515e-06, 0.000121352713904, 0.00022120133508, 0.00013022517669, 0.000334492360707, 0.000318584556226, 0.000337682955433, 0.000195277068997, 0.000103168087662, 0.000123498568428, 4.23696983489e-05, 7.15204732842e-05, 4.73523068649e-05, 6.46282278467e-05, 3.91137182305e-05, 7.63192147133e-05, 3.58325632988e-05, 1.07720989035e-05, 2.62293251581e-05, 1.86742763617e-05, 1.10129522e-05, 4.91969694849e-06, 1.42488192978e-06, 5.4079180245e-07, 2.10279864632e-07, 9.64590043395e-08, 2.5184554886e-08],
        "min": [4.80385479659e-13, 1.79437855633e-12, 1.17740886485e-13, 7.45349203364e-13, 4.20021352768e-12, 6.87252338372e-12, 8.44276818596e-12, 3.79209250806e-12, 2.42431977271e-11, 1.74091522448e-11, 1.03367791757e-11, 2.13988440682e-12, 9.12177538365e-12, 1.14746389474e-11, 1.61377456537e-11, 1.82122910503e-11, 2.99987964157e-12, 1.19949796623e-11, 2.34824399509e-11, 2.93355825742e-11, 3.36177821691e-11, 2.84484345803e-11, 1.35515054039e-11, 1.3687921456e-11, 2.42244540399e-11, 2.62732856304e-11, 3.82318066094e-11],
        "var": [1.76555076337e-07, 1.62141566307e-06, 1.12956513476e-05, 1.42695785144e-06, 1.59430555868e-06, 6.4235159698e-06, 6.09021844866e-06, 3.50514733327e-06, 1.32689103793e-06, 7.05042430127e-06, 3.50891559719e-06, 1.14924487207e-05, 1.09820447847e-07, 6.0972809024e-07, 2.50629796028e-07, 5.41250813058e-07, 1.69255613969e-07, 2.52648426624e-08, 4.45701999752e-07, 5.6413039573e-08, 5.18218712386e-09, 5.32160482347e-10, 3.24967101839e-11, 1.25999384537e-11, 2.3229617882e-11, 6.9125187345e-12, 7.25237537668e-14]
    },
    "erbbands": {
        "dmean": [0.0065964567475, 0.0860035046935, 0.840570986271, 1.41592097282, 0.894958257675, 1.71540594101, 2.36796331406, 5.89333486557, 10.8841590881, 5.60519075394, 8.52246856689, 5.77796936035, 17.0094947815, 18.5262203217, 21.5618267059, 21.6697826385, 5.43547105789, 6.87095165253, 10.6985797882, 7.41305685043, 16.7403583527, 8.30366802216, 3.51928973198, 6.27405118942, 5.2105474472, 2.27226233482, 1.22188413143, 0.284876227379, 0.216612920165, 0.078053869307, 0.0316896848381, 0.016545208171, 0.00887143984437, 0.0114102493972, 0.00325122964568, 0.00108067470137, 0.000236369509366, 2.12995837501e-05, 3.34227320309e-06, 3.243369747e-06],
        "dmean2": [0.0113021088764, 0.139928683639, 1.3139796257, 2.41099524498, 1.53187072277, 2.84641504288, 3.84977984428, 8.38032150269, 16.3406009674, 8.44252109528, 11.7682971954, 8.8619594574, 27.2398433685, 28.8511238098, 29.2751903534, 31.1080875397, 9.10117912292, 11.0888843536, 18.2912693024, 12.3808135986, 28.0914764404, 14.2848081589, 6.03620290756, 10.7473974228, 9.03057193756, 3.92159318924, 2.16255950928, 0.461818188429, 0.364031910896, 0.124678976834, 0.0553584955633, 0.0276275128126, 0.0139076737687, 0.0190929993987, 0.00539382174611, 0.00183899281546, 0.000405001919717, 3.47629866155e-05, 5.27878819412e-06, 4.95197309647e-06],
        "dvar": [0.000709643529262, 0.0339580178261, 3.06371355057, 7.51115226746, 3.54052901268, 12.3328018188, 27.3209342957, 165.711166382, 600.820861816, 162.929199219, 445.186676025, 259.330169678, 2231.97143555, 1770.11254883, 2189.5456543, 2098.48022461, 140.611846924, 259.800476074, 517.688293457, 361.145385742, 1203.27819824, 314.482971191, 51.9527015686, 356.947692871, 183.180130005, 24.4515628815, 7.11502456665, 0.258237659931, 0.178545385599, 0.022046899423, 0.00396164925769, 0.00105815147981, 0.000536416948307, 0.00102868035901, 7.60289258324e-05, 2.23314909817e-05, 1.14673935059e-06, 2.54028997837e-09, 8.69420230254e-11, 2.4306922794e-11],
        "dvar2": [0.00190339097753, 0.092848226428, 7.7100725174, 21.7630844116, 10.4326124191, 33.8748321533, 71.6826629639, 350.345245361, 1405.14160156, 361.533447266, 796.862304688, 561.660827637, 6070.30517578, 4248.89648438, 3990.28540039, 4432.08447266, 398.660339355, 648.308654785, 1471.92895508, 918.208312988, 3352.41308594, 903.872070312, 149.208755493, 971.538024902, 529.680725098, 71.321434021, 22.0080509186, 0.671966135502, 0.50002270937, 0.0554795376956, 0.0118770161644, 0.00275654532015, 0.00117723166477, 0.00284035713412, 0.000206809301744, 6.64276376483e-05, 3.61153479389e-06, 6.86710244224e-09, 2.33728286725e-10, 5.80684597629e-11],
        "max": [0.951831877232, 4.50646162033, 32.3825416565, 37.0349349976, 52.8370132446, 96.8371429443, 144.751678467, 316.26965332, 598.883422852, 517.990844727, 581.073730469, 464.738647461, 944.743530273, 719.863830566, 1120.38708496, 829.822753906, 221.340545654, 427.495697021, 438.296112061, 575.554626465, 464.186523438, 284.212249756, 107.408287048, 411.621398926, 290.138916016, 83.6250686646, 47.587677002, 8.46113967896, 7.41355085373, 2.63558506966, 1.21967124939, 0.667816102505, 0.6198528409, 0.995795369148, 0.374852538109, 0.216582462192, 0.0520774312317, 0.00198550173081, 0.000649236666504, 0.000127809063997],
        "mean": [0.0106660397723, 0.217542290688, 1.83639681339, 2.26772928238, 1.61216676235, 2.89494967461, 5.21061420441, 14.8012266159, 22.8260860443, 13.0255689621, 16.7981452942, 11.4603338242, 27.9487991333, 32.0201759338, 45.9549407959, 42.0404014587, 10.6966686249, 14.0633926392, 18.7545528412, 14.8236570358, 26.5120429993, 13.7032670975, 7.40738248825, 13.1239004135, 11.7182159424, 5.97516536713, 2.94120049477, 0.891180932522, 0.689434945583, 0.25066691637, 0.102562390268, 0.0532085224986, 0.031790908426, 0.0360523499548, 0.0131280440837, 0.00490100495517, 0.000999103765935, 0.000110007480544, 2.22649468924e-05, 1.68866154127e-05],
        "median": [0.00180843973067, 0.0349465832114, 0.23379945755, 0.410344481468, 0.642086744308, 1.18852114677, 1.70806837082, 3.29407262802, 4.18081092834, 6.47684001923, 3.99584126472, 2.77892446518, 3.97535610199, 4.66546106339, 4.09106826782, 2.8932826519, 2.88029432297, 2.39171552658, 3.73950862885, 3.2217040062, 4.42162322998, 2.78569364548, 1.27301859856, 1.17171645164, 1.08434438705, 0.948233127594, 0.613995790482, 0.326488643885, 0.207289025187, 0.0802215859294, 0.0346898883581, 0.0162818171084, 0.00636848993599, 0.00316075910814, 0.00105910259299, 0.000406949839089, 0.000160395837156, 4.43120734417e-05, 8.80395691638e-06, 8.41577002575e-06],
        "min": [6.75300371178e-11, 3.33319538637e-10, 2.57663668179e-10, 1.43875211744e-09, 7.24108595307e-09, 1.80269044137e-08, 8.71559358018e-09, 7.24998585611e-08, 1.03145367802e-07, 1.58618803425e-07, 6.88372381319e-08, 4.03255597803e-07, 7.2508669291e-07, 6.84968199494e-07, 2.30013355917e-07, 1.11540018111e-07, 4.44460738436e-07, 7.64550975418e-07, 8.16590954855e-07, 6.72157739245e-07, 8.47247065394e-07, 3.483168598e-07, 6.64871436129e-07, 2.2536481481e-07, 1.92236188923e-06, 1.54906672378e-06, 1.18481068512e-06, 1.31217575472e-06, 9.02092722299e-07, 7.24128256024e-07, 3.81424740681e-07, 3.70156215013e-07, 1.97084830234e-07, 2.15273161075e-07, 1.78126924766e-07, 7.88411753661e-08, 4.89923124292e-08, 2.81010859027e-08, 7.7837425394e-09, 3.42909700635e-10],
        "var": [0.00140896381345, 0.145352959633, 11.8634119034, 14.1131305695, 8.43415546417, 23.3891620636, 92.6016387939, 811.462890625, 2047.70898438, 444.711975098, 1374.77734375, 651.920288086, 4313.90429688, 4104.05371094, 9155.62207031, 6827.859375, 339.860778809, 744.161010742, 1136.48181152, 939.139709473, 2182.88183594, 595.672180176, 154.977783203, 991.40838623, 581.532592773, 105.517578125, 25.1777057648, 1.36430251598, 1.00788342953, 0.135687753558, 0.0233760196716, 0.00622524647042, 0.00382596463896, 0.00587131921202, 0.000739058188628, 0.000275824335404, 1.08903432192e-05, 4.44113084086e-08, 2.48153209093e-09, 4.19394546869e-10]
    },
    "gfcc": {
        "mean": [-108.689743042, 137.706863403, -148.248519897, 20.8638496399, -60.9820213318, -11.2230758667, -27.6757335663, -4.75284814835, -18.3493843079, -2.76650881767, -9.02091598511, -7.1973118782, -8.38136386871],
        "cov": [[10674.2861328, -905.704772949, -1240.08166504, 309.828369141, 1051.18395996, 795.438232422, -15.5490617752, 681.00390625, -898.946899414, -64.6362304688, -320.658782959, 365.278625488, 545.291442871], [-905.704772949, 876.68536377, 324.188720703, 20.1187038422, 69.9582901001, 1.41931295395, 21.1857681274, 44.5710372925, 310.837615967, -65.7451858521, 106.804496765, -209.08190918, 54.0565338135], [-1240.08166504, 324.188720703, 723.571105957, 82.6962661743, 14.7863540649, -39.3145980835, 72.2002792358, -86.2046432495, 155.418533325, 69.529548645, 13.6785535812, -47.5430870056, -147.863861084], [309.828369141, 20.1187038422, 82.6962661743, 191.357559204, 109.065910339, 23.7419376373, 65.2611846924, -7.28494644165, -7.93480062485, -4.0674161911, -7.28879451752, 6.96381282806, -30.4595718384], [1051.18395996, 69.9582901001, 14.7863540649, 109.065910339, 278.803039551, 168.043685913, 16.6809864044, 108.276168823, -45.4900093079, -11.2186422348, -53.0174636841, 8.43612480164, 72.3869400024], [795.438232422, 1.41931295395, -39.3145980835, 23.7419376373, 168.043685913, 220.620483398, 14.8485536575, 104.193946838, -49.1352615356, -26.0974311829, -28.6959533691, 25.0660209656, 99.9383239746], [-15.5490617752, 21.1857681274, 72.2002792358, 65.2611846924, 16.6809864044, 14.8485536575, 123.946388245, -10.5820093155, 9.23448944092, 8.9789390564, 3.26516294479, 12.5761632919, -43.8424758911], [681.00390625, 44.5710372925, -86.2046432495, -7.28494644165, 108.276168823, 104.193946838, -10.5820093155, 182.847640991, 21.9624404907, 1.88957738876, -18.1511554718, -28.3870925903, 75.5051422119], [-898.946899414, 310.837615967, 155.418533325, -7.93480062485, -45.4900093079, -49.1352615356, 9.23448944092, 21.9624404907, 235.472045898, 15.8421268463, 39.5184135437, -101.211959839, -29.4255447388], [-64.6362304688, -65.7451858521, 69.529548645, -4.0674161911, -11.2186422348, -26.0974311829, 8.9789390564, 1.88957738876, 15.8421268463, 91.5334396362, 7.27853918076, 6.83871364594, -55.1354064941], [-320.658782959, 106.804496765, 13.6785535812, -7.28879451752, -53.0174636841, -28.6959533691, 3.26516294479, -18.1511554718, 39.5184135437, 7.27853918076, 100.926864624, -9.04438591003, 6.31734752655], [365.278625488, -209.08190918, -47.5430870056, 6.96381282806, 8.43612480164, 25.0660209656, 12.5761632919, -28.3870925903, -101.211959839, 6.83871364594, -9.04438591003, 128.547302246, 22.6616344452], [545.291442871, 54.0565338135, -147.863861084, -30.4595718384, 72.3869400024, 99.9383239746, -43.8424758911, 75.5051422119, -29.4255447388, -55.1354064941, 6.31734752655, 22.6616344452, 166.682403564]],
        "icov": [[0.00044040827197, -0.000797869928647, 0.000703620607965, -0.000793825543951, -0.000139756753924, -0.000285425572656, 0.00023185518512, -0.00120860314928, 0.00177097821143, -0.00114085944369, 0.00100249575917, -0.000974566268269, 0.00016717100516], [-0.000797869928647, 0.0113029591739, -0.00483586173505, 0.00606726622209, -0.0084369070828, 0.00506198499352, -0.00461925379932, 0.00449058413506, -0.0101759061217, 0.0101630901918, -0.0107656409964, 0.0113676544279, -0.00642899889499], [0.000703620607965, -0.00483586173505, 0.00483318232, -0.00295607885346, 0.00181574095041, -0.00293915136717, 0.00173119769897, -0.00102214631625, 0.00336907897145, -0.00557204941288, 0.00470574758947, -0.00531901419163, 0.00420229416341], [-0.000793825543951, 0.00606726622209, -0.00295607885346, 0.0145738441497, -0.0112177403644, 0.00545590789989, -0.00634043803439, 0.00462165754288, -0.00679998565465, 0.0087280292064, -0.00828450080007, 0.00518776848912, -0.000195378641365], [-0.000139756753924, -0.0084369070828, 0.00181574095041, -0.0112177403644, 0.0207771621644, -0.00996001437306, 0.00537201296538, -0.0047065471299, 0.00745855271816, -0.00938974693418, 0.011577363126, -0.00617366703227, 0.00185914896429], [-0.000285425572656, 0.00506198499352, -0.00293915136717, 0.00545590789989, -0.00996001437306, 0.0149109978229, -0.00548498611897, -0.00106742919888, -0.00283660343848, 0.00602463260293, -0.00502167548984, 0.00399190420285, -0.0067525091581], [0.00023185518512, -0.00461925379932, 0.00173119769897, -0.00634043803439, 0.00537201296538, -0.00548498611897, 0.0141994114965, -0.00254301237874, 0.00261473399587, -0.00272211828269, 0.00333547824994, -0.00728562520817, 0.00738445715979], [-0.00120860314928, 0.00449058413506, -0.00102214631625, 0.00462165754288, -0.0047065471299, -0.00106742919888, -0.00254301237874, 0.0158893484622, -0.0088608963415, 0.00053635716904, -0.00348620978184, 0.00803208258003, -0.00509399920702], [0.00177097821143, -0.0101759061217, 0.00336907897145, -0.00679998565465, 0.00745855271816, -0.00283660343848, 0.00261473399587, -0.0088608963415, 0.0211451873183, -0.0112456819043, 0.00881672650576, -0.00473339483142, 0.00273826206103], [-0.00114085944369, 0.0101630901918, -0.00557204941288, 0.0087280292064, -0.00938974693418, 0.00602463260293, -0.00272211828269, 0.00053635716904, -0.0112456819043, 0.0276248194277, -0.0133767006919, 0.00517354393378, 0.00355099048465], [0.00100249575917, -0.0107656409964, 0.00470574758947, -0.00828450080007, 0.011577363126, -0.00502167548984, 0.00333547824994, -0.00348620978184, 0.00881672650576, -0.0133767006919, 0.0237403940409, -0.00987904611975, 0.000886986090336], [-0.000974566268269, 0.0113676544279, -0.00531901419163, 0.00518776848912, -0.00617366703227, 0.00399190420285, -0.00728562520817, 0.00803208258003, -0.00473339483142, 0.00517354393378, -0.00987904611975, 0.0262968484312, -0.0118611101061], [0.00016717100516, -0.00642899889499, 0.00420229416341, -0.000195378641365, 0.00185914896429, -0.0067525091581, 0.00738445715979, -0.00509399920702, 0.00273826206103, 0.00355099048465, 0.000886986090336, -0.0118611101061, 0.0219577457756]]
    },
    "melbands": {
        "dmean": [6.59821525915e-05, 0.000321438303217, 0.000219951907638, 7.87189565017e-05, 8.34537204355e-05, 0.000130316591822, 0.000148263206938, 7.59416288929e-05, 6.15519820713e-05, 3.55883021257e-05, 9.16190620046e-05, 8.52425800986e-05, 5.71275959373e-05, 0.000124473241158, 2.01258280867e-05, 1.01317500594e-05, 1.37537690534e-05, 2.13879338844e-05, 9.12421546673e-06, 1.13357818918e-05, 1.99796795641e-05, 8.53902020026e-06, 7.18253113519e-06, 2.27734858527e-06, 5.9539393078e-06, 5.42353018318e-06, 2.6066729788e-06, 1.53816222337e-06, 1.18515765735e-06, 1.83851710744e-07, 1.79581604698e-07, 1.70730316995e-07, 7.36559186976e-08, 4.71669601154e-08, 2.53164369468e-08, 1.64608966458e-08, 7.97956900556e-09, 8.03971200725e-09, 7.54847206963e-09, 1.02053911988e-08],
        "dmean2": [0.000111110843136, 0.000503886898514, 0.00037187707494, 0.000131155436975, 0.000136593313073, 0.000186073622899, 0.000224509523832, 0.000109414570034, 8.61539156176e-05, 5.46937444597e-05, 0.000146050937474, 0.000132957939059, 7.81130074756e-05, 0.000171305218828, 3.40030783264e-05, 1.6584430341e-05, 2.25190124183e-05, 3.66535423382e-05, 1.52650027303e-05, 1.88807553059e-05, 3.35981458193e-05, 1.47495820784e-05, 1.23648678709e-05, 3.93787831854e-06, 1.01853338492e-05, 9.37843014981e-06, 4.47026377515e-06, 2.67478412752e-06, 2.10038865589e-06, 3.02308109212e-07, 2.86361199642e-07, 2.88972330509e-07, 1.19779599572e-07, 7.82370506158e-08, 4.46569998758e-08, 2.83048144922e-08, 1.26918973109e-08, 1.25840564635e-08, 1.24873835716e-08, 1.71708638419e-08],
        "dvar": [3.6681392146e-08, 4.46191819492e-07, 1.77345867769e-07, 2.20638529669e-08, 3.12517762779e-08, 7.71657653331e-08, 1.06212347362e-07, 2.81352203757e-08, 2.2578646508e-08, 9.11137032489e-09, 6.30575271998e-08, 3.69346331297e-08, 2.43792062093e-08, 7.09011587219e-08, 3.34028182891e-09, 5.49847556375e-10, 9.49105016801e-10, 2.23275997691e-09, 4.43362763169e-10, 4.97540841859e-10, 1.73723380126e-09, 4.24318774561e-10, 3.10176717644e-10, 3.31917757168e-11, 3.32605498699e-10, 2.07006273234e-10, 6.44379410941e-11, 1.19544877469e-11, 7.16210033988e-12, 1.38251132005e-13, 1.10614832181e-13, 1.24794827792e-13, 1.77296023728e-14, 7.98183456043e-15, 2.89114770095e-15, 1.11671976733e-15, 2.36889307312e-16, 4.52170168865e-16, 4.55164059756e-16, 7.93737845971e-16],
        "dvar2": [1.01030479982e-07, 1.12920793072e-06, 5.16487432378e-07, 6.03017937806e-08, 8.59582556245e-08, 1.69553800333e-07, 2.51818732977e-07, 5.45318208367e-08, 4.17709777878e-08, 1.99770404663e-08, 1.69999722743e-07, 8.89087985456e-08, 4.38489742294e-08, 1.36741604706e-07, 9.27200893841e-09, 1.45335332657e-09, 2.43948883316e-09, 6.41352837505e-09, 1.15740494966e-09, 1.33749522568e-09, 4.85167639397e-09, 1.21809506926e-09, 9.11503206247e-10, 9.34879326731e-11, 8.97759366847e-10, 6.0110982858e-10, 1.78933021178e-10, 3.61147500794e-11, 2.22858086152e-11, 3.74527936876e-13, 2.74058499419e-13, 3.54585393166e-13, 4.77201557349e-14, 2.19880486567e-14, 8.78385363577e-15, 3.16118667498e-15, 5.23026539545e-16, 9.94067067228e-16, 1.23040842363e-15, 2.23140284394e-15],
        "max": [0.0066673476249, 0.0129839647561, 0.00599482469261, 0.00466284388676, 0.00372310052626, 0.00677224667743, 0.00788840092719, 0.00463557941839, 0.00429577380419, 0.00258297170512, 0.00517752487212, 0.0035155036021, 0.00488399527967, 0.00406548427418, 0.00151203456335, 0.000590376905166, 0.000781571259722, 0.000904389540665, 0.000474853615742, 0.000578742125072, 0.000552538549528, 0.000340474129189, 0.000253348058322, 0.000139376352308, 0.000391690351535, 0.000351699389284, 0.000203313189559, 5.5764499848e-05, 4.29092397098e-05, 9.32717830437e-06, 7.28086070012e-06, 6.38452866042e-06, 2.00032150133e-06, 1.38997472732e-06, 9.09830305318e-07, 6.53741096812e-07, 3.50492257439e-07, 5.72297267354e-07, 6.75823969232e-07, 8.20585171368e-07],
        "mean": [0.000136854156153, 0.000728351005819, 0.000378103752155, 0.000141726763104, 0.000179073249456, 0.00033003219869, 0.000313764234306, 0.00015715896734, 0.000122362878756, 6.81090532453e-05, 0.00014765348169, 0.000140689327964, 0.000120908254758, 0.000217541062739, 3.3364740375e-05, 1.77023321157e-05, 2.69649863185e-05, 3.42942439602e-05, 1.667473407e-05, 2.21036098083e-05, 2.96970847558e-05, 1.25341312014e-05, 1.09177608465e-05, 4.68132429887e-06, 1.1345958228e-05, 1.11150911835e-05, 5.42867792319e-06, 3.50242908098e-06, 2.48004744208e-06, 5.04799061218e-07, 4.63711302245e-07, 4.66937166266e-07, 2.04260160785e-07, 1.10788754171e-07, 6.38306474343e-08, 4.40195719875e-08, 2.4056319603e-08, 2.25736052073e-08, 2.46102764834e-08, 3.03590432793e-08],
        "median": [2.51661112998e-05, 9.98214236461e-05, 8.31827201182e-05, 6.66183623252e-05, 6.19003767497e-05, 7.99339759396e-05, 6.34147872915e-05, 6.6765009251e-05, 2.92863860523e-05, 1.47179052874e-05, 1.84905620699e-05, 1.96743494598e-05, 1.2442609659e-05, 8.09058110463e-06, 5.08536049892e-06, 3.85772182199e-06, 4.17449882661e-06, 5.80705273023e-06, 2.71183557743e-06, 4.35548554378e-06, 4.37130438513e-06, 2.10815755963e-06, 1.26654731503e-06, 4.23055070087e-07, 8.06313323665e-07, 1.01305977296e-06, 5.72428689338e-07, 5.30374165919e-07, 4.2623310037e-07, 1.57341560225e-07, 1.6933377367e-07, 1.14900068127e-07, 6.14238828689e-08, 3.54564946292e-08, 1.95032683337e-08, 1.28612658301e-08, 7.69373720289e-09, 4.2683008239e-09, 3.10079673049e-09, 2.22946860973e-09],
        "min": [5.75637411002e-13, 2.42992149839e-13, 3.52880431039e-13, 9.96866868566e-13, 3.8677955695e-13, 1.68115282979e-12, 1.63507521325e-12, 1.5257379778e-12, 4.11112143677e-13, 3.35871304727e-12, 3.60837835306e-12, 2.71181211167e-12, 9.95992567934e-13, 2.38968025056e-13, 5.24675843137e-13, 1.34546052685e-12, 1.24460294501e-12, 1.16611939289e-12, 7.91280398409e-13, 1.43785081497e-12, 7.3124367889e-13, 1.99446240231e-13, 9.37555697141e-13, 2.17705790461e-13, 1.14297419728e-13, 9.63590969169e-13, 1.52706926965e-12, 9.27371569294e-13, 4.35175902475e-13, 1.26130139319e-12, 6.05706565633e-13, 4.86084642589e-13, 5.52064307897e-13, 3.24996892462e-13, 2.26071264031e-13, 2.02028145732e-13, 2.20811663767e-13, 1.26766286812e-13, 1.09729818276e-13, 2.18070434757e-13],
        "var": [9.36779329663e-08, 1.78912489446e-06, 3.62761142014e-07, 4.65990979137e-08, 9.97182496576e-08, 3.7169510847e-07, 3.57265065531e-07, 7.83305367236e-08, 7.11696870326e-08, 2.30706316273e-08, 1.22482205711e-07, 8.09950577718e-08, 9.90896751318e-08, 2.01567402769e-07, 6.33683994167e-09, 1.16008935791e-09, 2.7014592785e-09, 4.25504254054e-09, 1.18161258555e-09, 1.52778856233e-09, 2.88928991843e-09, 6.70181465878e-10, 4.9511833522e-10, 9.42318792441e-11, 8.31755164743e-10, 5.68986080474e-10, 1.48782458576e-10, 3.82116872866e-11, 2.04000774606e-11, 6.14208336969e-13, 4.11523381561e-13, 5.33562397823e-13, 8.7295188439e-14, 2.66646259787e-14, 1.05547598182e-14, 4.50023395624e-15, 1.38081902869e-15, 2.22407791477e-15, 2.83096791587e-15, 4.45660921835e-15]
    },
    "mfcc": {
        "mean": [-741.125610352, 160.999984741, -24.357131958, 25.3064727783, -14.9926958084, -4.1522231102, -4.7895565033, -6.62029266357, -4.33160829544, -2.59734272957, -2.06225943565, -1.90409386158, 4.83348703384],
        "cov": [[10744.4023438, -508.816802979, -2034.02404785, 169.640365601, 491.718719482, 314.455078125, 753.062927246, 649.276367188, 349.781463623, -94.5473403931, -724.71484375, -492.450439453, 439.662567139], [-508.816802979, 649.104003906, 265.779541016, -21.6896877289, 201.816345215, -21.0957241058, -30.6592578888, 25.0937156677, 103.276733398, 118.129722595, 104.366195679, 33.777256012, -18.1801452637], [-2034.02404785, 265.779541016, 681.968383789, 65.6517181396, -22.64021492, 10.5108108521, -104.288833618, -102.419937134, -51.979927063, 38.642780304, 206.662872314, 135.99508667, -103.741844177], [169.640365601, -21.6896877289, 65.6517181396, 251.223602295, -2.72446489334, 89.3623657227, 34.1218109131, 17.261554718, -29.9429187775, 11.758805275, 39.4148979187, 39.2961654663, -34.8353004456], [491.718719482, 201.816345215, -22.64021492, -2.72446489334, 245.864776611, 49.0507736206, 57.5069961548, 76.0693054199, 101.399421692, 45.9311561584, -20.5964603424, -29.6797561646, 32.7906570435], [314.455078125, -21.0957241058, 10.5108108521, 89.3623657227, 49.0507736206, 166.320297241, 62.3505249023, 63.955619812, 16.2961368561, -11.1996860504, -38.1487426758, -5.30278301239, 2.03576207161], [753.062927246, -30.6592578888, -104.288833618, 34.1218109131, 57.5069961548, 62.3505249023, 160.962509155, 69.3052444458, 24.9578495026, -14.1004056931, -40.8437271118, -39.8001327515, 31.6558170319], [649.276367188, 25.0937156677, -102.419937134, 17.261554718, 76.0693054199, 63.955619812, 69.3052444458, 141.640228271, 76.1904525757, 9.0224275589, -65.4949417114, -35.9786376953, 35.7235183716], [349.781463623, 103.276733398, -51.979927063, -29.9429187775, 101.399421692, 16.2961368561, 24.9578495026, 76.1904525757, 131.718933105, 50.5233192444, -21.7769050598, -17.6023197174, 26.3153152466], [-94.5473403931, 118.129722595, 38.642780304, 11.758805275, 45.9311561584, -11.1996860504, -14.1004056931, 9.0224275589, 50.5233192444, 104.747146606, 61.1397209167, 20.0243034363, -9.26613426208], [-724.71484375, 104.366195679, 206.662872314, 39.4148979187, -20.5964603424, -38.1487426758, -40.8437271118, -65.4949417114, -21.7769050598, 61.1397209167, 187.620193481, 95.3187408447, -52.7978286743], [-492.450439453, 33.777256012, 135.99508667, 39.2961654663, -29.6797561646, -5.30278301239, -39.8001327515, -35.9786376953, -17.6023197174, 20.0243034363, 95.3187408447, 105.280311584, -15.5676422119], [439.662567139, -18.1801452637, -103.741844177, -34.8353004456, 32.7906570435, 2.03576207161, 31.6558170319, 35.7235183716, 26.3153152466, -9.26613426208, -52.7978286743, -15.5676422119, 89.3059463501]],
