{
"lowlevel": {
    "average_loudness": 0.846309423447,
    "barkbands_crest": {
        "dmean": 2.56683087349,
        "dmean2": 4.22413873672,
        "dvar": 5.95348978043,
        "dvar2": 15.5950965881,
        "max": 26.4309539795,
        "mean": 10.9935789108,
        "median": 10.157664299,
        "min": 2.91287016869,
        "var": 18.009759903
    },
    "barkbands_flatness_db": {
        "dmean": 0.0218776166439,
        "dmean2": 0.0334157720208,
        "dvar": 0.000488421879709,
        "dvar2": 0.00115656084381,
        "max": 0.437022358179,
        "mean": 0.15333494544,
        "median": 0.14394235611,
        "min": 0.0286380592734,
        "var": 0.00341790169477
    },
    "barkbands_kurtosis": {
        "dmean": 3.74824357033,
        "dmean2": 6.09878492355,
        "dvar": 56.5760650635,
        "dvar2": 144.792556763,
        "max": 249.044403076,
        "mean": 7.69781160355,
        "median": 3.70514154434,
        "min": -1.93487071991,
        "var": 219.422851562
    },
    "barkbands_skewness": {
        "dmean": 0.53755903244,
        "dmean2": 0.854132711887,
        "dvar": 0.404352247715,
        "dvar2": 1.01603126526,
        "max": 13.8398427963,
        "mean": 2.0686712265,
        "median": 1.8469530344,
        "min": -2.84553956985,
        "var": 1.98204433918
    },
    "barkbands_spread": {
        "dmean": 4.68158912659,
        "dmean2": 7.24790859222,
        "dvar": 32.254901886,
        "dvar2": 72.6095504761,
        "max": 92.2518768311,
        "mean": 18.5279560089,
        "median": 16.3376197815,
        "min": 0.506348967552,
        "var": 132.04524231
    },
    "dissonance": {
        "dmean": 0.0161628741771,
        "dmean2": 0.0265326984227,
        "dvar": 0.000278782245005,
        "dvar2": 0.000728513288777,
        "max": 0.500000059605,
        "mean": 0.46190726757,
        "median": 0.468779206276,
        "min": 0.257076412439,
        "var": 0.000755673507228
    },
    "dynamic_complexity": 2.85560035706,
    "erbbands_crest": {
        "dmean": 2.77147483826,
        "dmean2": 4.44100046158,
        "dvar": 8.97160148621,
        "dvar2": 21.6536655426,
        "max": 33.6229972839,
        "mean": 10.0043497086,
        "median": 8.53516197205,
        "min": 2.56808233261,
        "var": 28.3278579712
    },
    "erbbands_flatness_db": {
        "dmean": 0.0172677971423,
        "dmean2": 0.0249856021255,
        "dvar": 0.000328875757987,
        "dvar2": 0.000675780174788,
        "max": 0.410663276911,
        "mean": 0.159445390105,
        "median": 0.150890007615,
        "min": 0.0386655442417,
        "var": 0.00264505739324
    },
    "erbbands_kurtosis": {
        "dmean": 1.07679367065,
        "dmean2": 1.72257351875,
        "dvar": 6.43090820312,
        "dvar2": 15.8034791946,
        "max": 79.9547271729,
        "mean": 0.503892540932,
        "median": -0.544894218445,
        "min": -1.77792108059,
        "var": 11.1990528107
    },
    "erbbands_skewness": {
        "dmean": 0.382200777531,
        "dmean2": 0.587658643723,
        "dvar": 0.180946364999,
        "dvar2": 0.409092336893,
        "max": 5.65149021149,
        "mean": 0.477855920792,
        "median": 0.393796384335,
        "min": -8.05792808533,
        "var": 0.930920600891
    },
    "erbbands_spread": {
        "dmean": 7.20228672028,
        "dmean2": 11.1716890335,
        "dvar": 60.351852417,
        "dvar2": 142.435211182,
        "max": 124.605773926,
        "mean": 41.5443115234,
        "median": 41.968711853,
        "min": 2.90744900703,
        "var": 273.610900879
    },
    "hfc": {
        "dmean": 3.89694595337,
        "dmean2": 5.79074192047,
        "dvar": 27.331495285,
        "dvar2": 60.3033065796,
        "max": 72.1252822876,
        "mean": 15.7163028717,
        "median": 13.5317573547,
        "min": 1.12747686742e-08,
        "var": 118.787796021
    },
    "melbands_crest": {
        "dmean": 3.18108320236,
        "dmean2": 5.27409744263,
        "dvar": 9.12559700012,
        "dvar2": 24.9887428284,
        "max": 34.9823303223,
        "mean": 15.13717556,
        "median": 14.3287200928,
        "min": 2.1036837101,
        "var": 26.3136634827
    },
    "melbands_flatness_db": {
        "dmean": 0.0247264187783,
        "dmean2": 0.0385102555156,
        "dvar": 0.000662506965455,
        "dvar2": 0.00162731972523,
        "max": 0.576226294041,
        "mean": 0.227830573916,
        "median": 0.21959964931,
        "min": 0.00821111258119,
        "var": 0.00411821296439
    },
    "melbands_kurtosis": {
        "dmean": 8.27670288086,
        "dmean2": 13.5260190964,
        "dvar": 230.430938721,
        "dvar2": 591.405029297,
        "max": 375.791351318,
        "mean": 19.6410484314,
        "median": 11.8757629395,
        "min": -1.89695608616,
        "var": 705.923095703
    },
    "melbands_skewness": {
        "dmean": 0.740080833435,
        "dmean2": 1.17532753944,
        "dvar": 0.787614941597,
        "dvar2": 1.98584115505,
        "max": 13.7678928375,
        "mean": 3.17656707764,
        "median": 2.89775466919,
        "min": -1.5169377327,
        "var": 3.09799408913
    },
    "melbands_spread": {
        "dmean": 4.88380861282,
        "dmean2": 7.68023824692,
        "dvar": 46.5586471558,
        "dvar2": 107.93347168,
        "max": 159.523742676,
        "mean": 17.4158763885,
        "median": 14.3098249435,
        "min": 0.544141054153,
        "var": 175.435852051
    },
    "pitch_salience": {
        "dmean": 0.0708408728242,
        "dmean2": 0.118308097124,
        "dvar": 0.00482632732019,
        "dvar2": 0.0133311571553,
        "max": 0.88681435585,
        "mean": 0.52255231142,
        "median": 0.525502622128,
        "min": 0.0896704569459,
        "var": 0.0132517833263
    },
    "silence_rate_20dB": {
        "dmean": 0,
        "dmean2": 0,
        "dvar": 0,
        "dvar2": 0,
        "max": 1,
        "mean": 1,
        "median": 1,
        "min": 1,
        "var": 0
    },
    "silence_rate_30dB": {
        "dmean": 0.00293416460045,
        "dmean2": 0.00586886750534,
        "dvar": 0.00292578642257,
        "dvar2": 0.00876962859184,
        "max": 1,
        "mean": 0.998533070087,
        "median": 1,
        "min": 0,
        "var": 0.00146481278352
    },
    "silence_rate_60dB": {
        "dmean": 0.00788556784391,
        "dmean2": 0.0157725811005,
        "dvar": 0.00782288052142,
        "dvar2": 0.0182766802609,
        "max": 1,
        "mean": 0.0389658026397,
        "median": 0,
        "min": 0,
        "var": 0.0374518111348
    },
    "spectral_centroid": {
        "dmean": 213.40435791,
        "dmean2": 332.475311279,
        "dvar": 63905.0546875,
        "dvar2": 144201,
        "max": 4488.82226562,
        "mean": 1155.23706055,
        "median": 1036.02160645,
        "min": 161.703338623,
        "var": 365256.75
    },
    "spectral_complexity": {
        "dmean": 3.20740866661,
        "dmean2": 4.91490125656,
        "dvar": 12.5212583542,
        "dvar2": 24.8370189667,
        "max": 50,
        "mean": 17.8050785065,
        "median": 17,
        "min": 0,
        "var": 83.1642608643
    },
    "spectral_decrease": {
        "dmean": 2.42935516148e-09,
        "dmean2": 3.93953225597e-09,
        "dvar": 1.55794786532e-17,
        "dvar2": 4.06253445854e-17,
        "max": 4.34789329789e-20,
        "mean": -7.321883988e-09,
        "median": -6.28661123159e-09,
        "min": -4.16965910688e-08,
        "var": 2.82653736446e-17
    },
    "spectral_energy": {
        "dmean": 0.00944555457681,
        "dmean2": 0.0152702750638,
        "dvar": 0.000232289065025,
        "dvar2": 0.000603451335337,
        "max": 0.161406040192,
        "mean": 0.0290598999709,
        "median": 0.0250936672091,
        "min": 1.05012840871e-12,
        "var": 0.000433769222582
    },
    "spectral_energyband_high": {
        "dmean": 0.000143803539686,
        "dmean2": 0.000198275665753,
        "dvar": 5.89871724799e-08,
        "dvar2": 1.15878329154e-07,
        "max": 0.00421130796894,
        "mean": 0.000366433872841,
        "median": 0.00022950048151,
        "min": 7.48887713994e-13,
        "var": 1.80630706836e-07
    },
    "spectral_energyband_low": {
        "dmean": 0.0042298687622,
        "dmean2": 0.00736477784812,
        "dvar": 8.23271111585e-05,
        "dvar2": 0.000237207248574,
        "max": 0.113267451525,
        "mean": 0.0082190958783,
        "median": 0.00595311867073,
        "min": 2.83931423972e-14,
        "var": 7.79722395237e-05
    },
    "spectral_energyband_middle_high": {
        "dmean": 0.00113862776197,
        "dmean2": 0.0017294222489,
        "dvar": 5.10134032083e-06,
        "dvar2": 1.19678743431e-05,
        "max": 0.0601621903479,
        "mean": 0.00378018873744,
        "median": 0.00252550188452,
        "min": 1.55227325676e-13,
        "var": 2.3508007871e-05
    },
    "spectral_energyband_middle_low": {
        "dmean": 0.00703725684434,
        "dmean2": 0.0111352428794,
        "dvar": 0.000165453078807,
        "dvar2": 0.000418542214902,
        "max": 0.156372189522,
        "mean": 0.018309764564,
        "median": 0.0130212521181,
        "min": 2.90647429626e-14,
        "var": 0.000315405079164
    },
    "spectral_entropy": {
        "dmean": 0.171053662896,
        "dmean2": 0.257880359888,
        "dvar": 0.0358037352562,
        "dvar2": 0.0821747258306,
        "max": 8.78770542145,
        "mean": 7.31792068481,
        "median": 7.38995599747,
        "min": 4.91645336151,
        "var": 0.210717737675
    },
    "spectral_flux": {
        "dmean": 0.0248844493181,
        "dmean2": 0.0405140407383,
        "dvar": 0.00106438528746,
        "dvar2": 0.00239458074793,
        "max": 0.357644706964,
        "mean": 0.074892051518,
        "median": 0.0643998160958,
        "min": 6.70809822623e-06,
        "var": 0.0022609566804
    },
    "spectral_kurtosis": {
        "dmean": 1.80593645573,
        "dmean2": 3.10792922974,
        "dvar": 5.23746919632,
        "dvar2": 15.8008413315,
        "max": 67.8789825439,
        "mean": 5.68824338913,
        "median": 5.01340103149,
        "min": -0.0739915370941,
        "var": 11.4397363663
    },
    "spectral_rms": {
        "dmean": 0.000792717328295,
        "dmean2": 0.0012517394498,
        "dvar": 1.07423397822e-06,
        "dvar2": 2.65905009655e-06,
        "max": 0.0125486776233,
        "mean": 0.00497975572944,
        "median": 0.00494789099321,
        "min": 3.20080530969e-08,
        "var": 3.55331258106e-06
    },
    "spectral_rolloff": {
        "dmean": 344.354858398,
        "dmean2": 584.732788086,
        "dvar": 373160.3125,
        "dvar2": 826413.75,
        "max": 18324.7558594,
        "mean": 1011.06604004,
        "median": 645.99609375,
        "min": 86.1328125,
        "var": 944213.3125
    },
    "spectral_skewness": {
        "dmean": 0.232573628426,
        "dmean2": 0.384008288383,
        "dvar": 0.0625666677952,
        "dvar2": 0.174684658647,
        "max": 6.18083953857,
        "mean": 1.63108944893,
        "median": 1.61529898643,
        "min": -1.53225874901,
        "var": 0.222482949495
    },
    "spectral_spread": {
        "dmean": 426885.25,
        "dmean2": 630131.625,
        "dvar": 248710021120,
        "dvar2": 530202918912,
        "max": 12036553,
        "mean": 4119014.5,
        "median": 3936307.5,
        "min": 941452.5625,
        "var": 1.43418995507e+12
    },
    "spectral_strongpeak": {
        "dmean": 0.48169246316,
        "dmean2": 0.813029170036,
        "dvar": 0.546600222588,
        "dvar2": 1.33256101608,
        "max": 10.5654344559,
        "mean": 0.989849388599,
        "median": 0.680877685547,
        "min": 0,
        "var": 1.12376952171
    },
    "zerocrossingrate": {
        "dmean": 0.00783493090421,
        "dmean2": 0.00968646164984,
        "dvar": 9.01560779312e-05,
        "dvar2": 0.000117063958896,
        "max": 0.50439453125,
        "mean": 0.047947678715,
        "median": 0.04443359375,
        "min": 0.00439453125,
        "var": 0.000650563277304
    },
    "barkbands": {
        "dmean": [8.48741983646e-05, 0.00157660897821, 0.00259001599625, 0.00201288796961, 0.00347896898165, 0.00161123531871, 0.00124625838362, 0.000972903915681, 0.00067227933323, 0.00037209817674, 0.000385935272789, 0.000153576402226, 0.000168276324985, 0.000175906068762, 0.000136071364977, 0.000153699555085, 0.000179960174137, 0.000101628393168, 0.000137399620144, 8.33304220578e-05, 3.93104164687e-05, 2.76017708529e-05, 1.9444294594e-05, 1.69857103174e-05, 1.5948598957e-05, 1.81301693374e-05, 6.84389806338e-06],
        "dmean2": [9.64880237007e-05, 0.00270987860858, 0.00456410739571, 0.00343376863748, 0.00560870720074, 0.0025050372351, 0.00191419094335, 0.00145524146501, 0.00102417322341, 0.000574799370952, 0.000606687564868, 0.000244077949901, 0.000263164401986, 0.000277957617072, 0.0002157651179, 0.000242159861955, 0.000284816575004, 0.000164060475072, 0.000219970577746, 0.000134080662974, 6.30328795523e-05, 4.14289461332e-05, 2.72412708e-05, 2.34377021116e-05, 2.20824731514e-05, 2.50347729889e-05, 9.88504416455e-06],
        "dvar": [3.97447941225e-08, 8.43230463943e-06, 3.99269301852e-05, 2.16176085814e-05, 8.20697896415e-05, 1.07854384623e-05, 1.28456476887e-05, 1.19605692817e-05, 4.17901219407e-06, 2.07556149689e-06, 2.5652648219e-06, 1.69441278786e-07, 2.6011437626e-07, 2.31190639965e-07, 4.79057682412e-08, 5.8925440527e-08, 6.43401278921e-08, 1.90200850625e-08, 4.04871336457e-08, 1.72919190078e-08, 5.11476194731e-09, 3.3433895652e-09, 1.28235400076e-09, 1.19817999966e-09, 1.17634313401e-09, 1.80391779292e-09, 9.17409870294e-10],
        "dvar2": [6.13978698993e-08, 2.52127101703e-05, 0.000116117749712, 5.75456251681e-05, 0.000208899495192, 2.63924994215e-05, 3.14237149723e-05, 2.79099822365e-05, 9.71943882178e-06, 4.65152106699e-06, 6.16861461822e-06, 4.11801067912e-07, 6.06708795203e-07, 6.0061398699e-07, 1.1749010298e-07, 1.43604822256e-07, 1.51153557226e-07, 4.82856101769e-08, 9.85452430768e-08, 4.42599272787e-08, 1.30167778778e-08, 7.67527907897e-09, 2.38244224349e-09, 2.13697837204e-09, 2.19978413263e-09, 3.43644313006e-09, 1.90015292389e-09],
        "max": [0.0033035101369, 0.0375052392483, 0.0786154419184, 0.0677373409271, 0.135850042105, 0.0632978975773, 0.0653937235475, 0.0993934348226, 0.0549502857029, 0.0618223212659, 0.0376446843147, 0.0161767471582, 0.0177429746836, 0.0128100551665, 0.00568056805059, 0.00660372665152, 0.0043793367222, 0.00318251363933, 0.00388994906098, 0.00375229027122, 0.000912684481591, 0.000791925995145, 0.000740007031709, 0.000909601571038, 0.00086990208365, 0.00143872480839, 0.00137496285606],
        "mean": [0.000186097517144, 0.00286261714064, 0.00363612524234, 0.00355015276, 0.00650239363313, 0.00324582238682, 0.00200724042952, 0.00161721953191, 0.00122890842613, 0.000671131419949, 0.000684077094775, 0.000273679441307, 0.000294666097034, 0.000337458652211, 0.00026157242246, 0.000319888378726, 0.000381646881578, 0.000218350192881, 0.000310624833219, 0.000186238874448, 7.74175714469e-05, 5.23779235664e-05, 4.37123926531e-05, 3.71341411665e-05, 3.31591763825e-05, 3.04136465274e-05, 9.82859091891e-06],
        "median": [7.68886729929e-06, 0.00194163469132, 0.00207853270695, 0.000734826375265, 0.00242481566966, 0.00154426763766, 0.000537584710401, 0.00033217901364, 0.000363437196938, 0.000184020682354, 0.000100437202491, 0.000113317226351, 0.000112809917482, 0.000119438074762, 0.000170709099621, 0.000203247036552, 0.000240620822296, 0.000160262337886, 0.000207641700399, 0.000120437282021, 4.82624782308e-05, 2.25541716645e-05, 2.16577682295e-05, 1.65650108102e-05, 1.36506578201e-05, 7.62864419812e-06, 2.81749748865e-07],
        "min": [3.18068664397e-14, 1.11766192208e-14, 2.59330444692e-15, 7.90790965408e-16, 2.41296647377e-15, 6.75912090173e-15, 7.3299469928e-15, 5.16221265089e-15, 5.023028197e-15, 5.27534321836e-15, 7.3690604332e-15, 5.57887620446e-15, 3.36173993645e-15, 1.08294314271e-14, 2.25940583788e-14, 2.94704209224e-14, 2.25539615331e-14, 2.06843175671e-14, 1.83707978436e-14, 1.79005471741e-14, 4.50969624599e-14, 3.55208043697e-14, 6.09247082037e-14, 7.51048528924e-14, 1.01008861919e-13, 1.94135682465e-13, 2.37946001878e-13],
        "var": [2.15167531792e-07, 1.11855706564e-05, 3.090604514e-05, 4.91644423164e-05, 0.000111843241029, 2.45176106546e-05, 2.40925455728e-05, 2.4231552743e-05, 1.10949540613e-05, 5.94430184719e-06, 7.09292044121e-06, 3.84406092735e-07, 4.92040555855e-07, 6.90776403189e-07, 9.93888420453e-08, 1.32325268964e-07, 1.82032920293e-07, 4.26002131348e-08, 1.09544430416e-07, 3.79846980536e-08, 8.39466185454e-09, 6.77008760164e-09, 3.81467124555e-09, 3.87763599008e-09, 3.05466407724e-09, 4.42458603089e-09, 2.23165241842e-09]
    },
    "erbbands": {
        "dmean": [0.0411479100585, 0.410255014896, 2.51443195343, 4.74631166458, 11.0444145203, 11.300740242, 12.4943885803, 11.7107219696, 15.2717323303, 19.4659194946, 22.6999397278, 16.2805500031, 7.90237665176, 15.4041213989, 10.3055810928, 7.00559186935, 7.01826620102, 7.52281427383, 7.54621171951, 7.00251102448, 9.50325775146, 8.32228183746, 5.59814929962, 5.54036235809, 7.37385320663, 4.16434907913, 2.09893679619, 1.23985421658, 1.06974411011, 0.683256924152, 0.518072724342, 0.36539131403, 0.294799119234, 0.184927240014, 0.122450277209, 0.0761905685067, 0.0352335050702, 0.00801391620189, 0.00113652821165, 7.35299399821e-05],
        "dmean2": [0.0675364136696, 0.710513591766, 4.42293024063, 8.24542140961, 18.2927303314, 18.2975254059, 19.7242736816, 18.0380058289, 23.4178066254, 29.2598667145, 33.8908195496, 24.6387691498, 12.2633485794, 24.0657806396, 16.1521129608, 11.0933742523, 10.9105014801, 11.7702798843, 11.9083881378, 11.1413984299, 14.973241806, 13.2307786942, 8.93986701965, 8.8783197403, 11.8041744232, 6.70215988159, 3.39529490471, 1.96248590946, 1.63282179832, 0.954308688641, 0.725643277168, 0.513615965843, 0.413665026426, 0.260312646627, 0.171551465988, 0.107468485832, 0.0499218478799, 0.0114443460479, 0.00164414499886, 0.00010750329966],
        "dvar": [0.00815430097282, 0.691909968853, 38.0803718567, 101.917984009, 1324.40258789, 629.108398438, 678.594909668, 690.922729492, 2150.76171875, 3995.60693359, 6604.58105469, 2335.82055664, 732.258239746, 3188.97998047, 1436.10742188, 324.804473877, 395.983398438, 397.373474121, 270.54296875, 105.561660767, 220.250869751, 151.16494751, 57.1092643738, 74.8603134155, 123.873794556, 47.5589828491, 12.3706474304, 6.24727725983, 5.68148422241, 1.63015270233, 0.965024709702, 0.637112796307, 0.403919667006, 0.178211897612, 0.0715133920312, 0.0253125652671, 0.0087019354105, 0.000645226449706, 2.55341547017e-05, 1.16584637055e-07],
        "dvar2": [0.0232809446752, 2.02003002167, 111.002075195, 286.062042236, 3352.92504883, 1604.76147461, 1713.77307129, 1671.67480469, 5183.31347656, 9549.24707031, 15459.03125, 5240.51806641, 1342.75732422, 7679.05712891, 3301.67822266, 809.870178223, 930.103515625, 1039.57800293, 686.746765137, 265.948730469, 530.200073242, 364.555236816, 143.92590332, 183.766983032, 299.439361572, 125.085372925, 32.0360946655, 15.869553566, 13.5206079483, 3.13839578629, 1.71913504601, 1.18545138836, 0.755670070648, 0.336962968111, 0.144383579493, 0.0496489182115, 0.0172387175262, 0.00138791964855, 5.029678141e-05, 2.39168912231e-07],
        "max": [1.27266466618, 11.2744035721, 77.7088623047, 125.015106201, 478.517089844, 384.448516846, 620.919311523, 747.520812988, 1035.73010254, 1540.79980469, 2424.35424805, 1600.45996094, 2266.33251953, 2104.60766602, 1145.03833008, 689.847290039, 780.745239258, 749.044799805, 566.960388184, 200.952026367, 441.06729126, 204.946548462, 226.016952515, 256.221282959, 247.174972534, 255.161056519, 44.2668380737, 33.3185997009, 35.4457168579, 21.7239360809, 21.3319244385, 28.9432888031, 22.7419605255, 15.8324403763, 7.1077580452, 4.10665416718, 4.00432682037, 1.18118965626, 0.232115104795, 0.0137573014945],
        "mean": [0.0817564353347, 0.680904686451, 3.69355177879, 8.26676559448, 16.5555438995, 23.6330680847, 26.9099826813, 23.8092689514, 25.5169696808, 32.2167739868, 39.3779525757, 30.6218395233, 15.9055576324, 28.7932243347, 19.6581707001, 13.6324119568, 13.4592676163, 15.4436855316, 15.2016992569, 14.6321630478, 21.2926597595, 18.7285480499, 13.0325622559, 12.8374195099, 16.2761306763, 9.44097232819, 4.51405906677, 2.36611270905, 1.95486569405, 1.50446045399, 1.15048778057, 0.796634674072, 0.620145320892, 0.382114619017, 0.240900561213, 0.134291216731, 0.0549817457795, 0.0122624868527, 0.00167065381538, 0.000125725389807],
        "median": [0.0281183607876, 0.509469509125, 2.19848585129, 3.61949372292, 4.24238395691, 8.08774662018, 12.596783638, 11.5268468857, 7.08807945251, 10.2857074738, 9.32112884521, 9.61811351776, 6.34776735306, 6.58724308014, 4.55209589005, 6.13833236694, 5.98686790466, 5.81760501862, 8.0688867569, 9.95855522156, 14.0183668137, 12.2421379089, 10.1179571152, 8.96331977844, 10.5436935425, 6.20993995667, 3.01905703545, 1.33965301514, 0.842437446117, 0.712801635265, 0.567025721073, 0.370190501213, 0.257514834404, 0.161302611232, 0.0944087058306, 0.0419973470271, 0.0115668475628, 0.00156027381308, 6.16855249973e-05, 3.66580497939e-05],
        "min": [7.0738879164e-13, 1.34986531501e-12, 2.84621545082e-12, 3.23261664832e-12, 1.39664571141e-12, 7.33662523095e-12, 4.56600139642e-11, 5.18154512352e-11, 1.01233389727e-10, 8.5563438279e-11, 1.29504768021e-10, 1.00423926119e-10, 1.78697542874e-10, 1.33128327806e-10, 3.68728492184e-10, 2.44550019124e-10, 1.69122466032e-10, 3.25093202358e-10, 1.47350587287e-09, 6.55054510634e-10, 1.85345494508e-09, 1.36525635241e-09, 1.26979193826e-09, 8.87251272452e-10, 1.04873176809e-09, 1.04317143812e-09, 1.23745280689e-09, 2.04285588445e-09, 1.18287357687e-09, 1.15050124982e-09, 2.01388394849e-09, 9.63201629567e-10, 1.79060899441e-09, 6.98673896515e-10, 9.69338498358e-10, 5.22181575757e-10, 4.84748963192e-10, 1.67574301657e-10, 2.99874465537e-11, 3.0798020384e-12],
        "var": [0.0183119755238, 0.630617380142, 29.3907756805, 157.647689819, 1390.81018066, 1337.72692871, 1695.13562012, 1519.3236084, 4115.56738281, 7908.49023438, 13371.0019531, 6371.40917969, 3418.7956543, 8930.15722656, 4301.45800781, 727.031433105, 785.311645508, 1344.00671387, 563.437744141, 262.808532715, 539.122558594, 424.128814697, 131.631469727, 166.806549072, 340.894165039, 98.5256500244, 22.2563400269, 9.99923419952, 10.1304807663, 4.75445079803, 2.79587435722, 1.87056088448, 1.23027646542, 0.431901216507, 0.173632189631, 0.0615674369037, 0.0189927574247, 0.00153334985953, 6.61139129079e-05, 2.68432359007e-07]
    },
    "gfcc": {
        "mean": [-6.13706731796, 102.046966553, -110.875526428, 35.5888328552, -45.881111145, -3.0268471241, -39.9990844727, 10.7318744659, -27.4320755005, 1.36624920368, -17.8508720398, -3.81466960907, -12.5891132355],
        "cov": [[5172.75488281, -852.231506348, 351.821044922, -338.227813721, -472.16619873, 413.617828369, -264.239898682, 158.103805542, -83.3702697754, 2.35436701775, -45.2023162842, 260.503265381, -37.5726356506], [-852.231506348, 1189.39001465, -302.217803955, 102.930427551, 223.759735107, -162.905578613, 193.193191528, -34.424987793, 65.9041976929, -71.5572814941, 119.796577454, -129.442565918, 98.4365463257], [351.821044922, -302.217803955, 699.706054688, 18.0580940247, -54.6062736511, 93.4359588623, -175.172241211, -49.822052002, -48.7042808533, -12.9685907364, -44.2735786438, 74.0603713989, -34.7382240295], [-338.227813721, 102.930427551, 18.0580940247, 344.463012695, 98.1895370483, -0.411448061466, 33.4940605164, 17.6181983948, 11.5694389343, 7.29754114151, 4.66854381561, -4.29019021988, 37.2530555725], [-472.16619873, 223.759735107, -54.6062736511, 98.1895370483, 333.123168945, -56.0563735962, 182.641830444, 18.7890052795, 9.77157783508, -4.85495090485, 9.72967147827, -34.6457901001, 37.156791687], [413.617828369, -162.905578613, 93.4359588623, -0.411448061466, -56.0563735962, 277.057159424, 25.2673549652, 64.1901397705, -19.8933830261, 4.85758972168, -8.55776596069, 32.5962257385, -21.775352478], [-264.239898682, 193.193191528, -175.172241211, 33.4940605164, 182.641830444, 25.2673549652, 289.442047119, 72.9847564697, 29.6983280182, -1.03961789608, 18.4730815887, -41.3815498352, 10.7910995483], [158.103805542, -34.424987793, -49.822052002, 17.6181983948, 18.7890052795, 64.1901397705, 72.9847564697, 154.807739258, 41.3312911987, 39.9557762146, 15.1385307312, 15.8713569641, 5.34913825989], [-83.3702697754, 65.9041976929, -48.7042808533, 11.5694389343, 9.77157783508, -19.8933830261, 29.6983280182, 41.3312911987, 123.731788635, 53.7527046204, 30.1550121307, -12.0350513458, -4.99671983719], [2.35436701775, -71.5572814941, -12.9685907364, 7.29754114151, -4.85495090485, 4.85758972168, -1.03961789608, 39.9557762146, 53.7527046204, 106.428779602, 38.2892951965, 23.1542930603, -10.4964389801], [-45.2023162842, 119.796577454, -44.2735786438, 4.66854381561, 9.72967147827, -8.55776596069, 18.4730815887, 15.1385307312, 30.1550121307, 38.2892951965, 103.280387878, 27.0184650421, 24.3567867279], [260.503265381, -129.442565918, 74.0603713989, -4.29019021988, -34.6457901001, 32.5962257385, -41.3815498352, 15.8713569641, -12.0350513458, 23.1542930603, 27.0184650421, 117.485671997, 34.8922233582], [-37.5726356506, 98.4365463257, -34.7382240295, 37.2530555725, 37.156791687, -21.775352478, 10.7910995483, 5.34913825989, -4.99671983719, -10.4964389801, 24.3567867279, 34.8922233582, 96.5253753662]],
        "icov": [[0.000290550058708, 4.38745737483e-05, -2.28273838729e-05, 0.000213041173993, 0.000182126736036, -0.000249743286986, 0.000115990354971, -0.000313108146656, 1.92968927877e-05, 0.000202949478989, 7.12885157554e-05, -0.000426479993621, 1.50975693032e-05], [4.38745737483e-05, 0.00190962699708, 0.000185812299605, -0.00020249800582, -0.000397037772927, 0.000317770871334, -0.000347855762811, 0.000377325341105, -0.000915791722946, 0.00198650127277, -0.00270712631755, 0.00206793053076, -0.00143863831181], [-2.28273838729e-05, 0.000185812299605, 0.0021950895898, -0.00022775697289, -0.00102057366166, -0.000846583105158, 0.00159352086484, 0.000485698168632, -0.000257896550465, 0.000639314588625, 0.000301001011394, -0.00125890271738, 0.00111161265522], [0.000213041173993, -0.00020249800582, -0.00022775697289, 0.00354745029472, -0.000888878537808, -0.000542792142369, 0.000543805246707, -0.000522792513948, -0.000108972577436, -0.000505462812725, 0.00057911867043, 3.82377438655e-05, -0.0011943038553], [0.000182126736036, -0.000397037772927, -0.00102057366166, -0.000888878537808, 0.00636989809573, 0.00143973424565, -0.00432550255209, 0.0001569489541, 0.0010442546336, -0.00129246455617, 0.000881650717929, 0.000348598317942, -0.00163580104709], [-0.000249743286986, 0.000317770871334, -0.000846583105158, -0.000542792142369, 0.00143973424565, 0.005483223591, -0.00198296457529, -0.00175667752046, 0.00121647736523, 0.000283005414531, -0.000476975837955, -0.000189728641999, 0.00076801556861], [0.000115990354971, -0.000347855762811, 0.00159352086484, 0.000543805246707, -0.00432550255209, -0.00198296457529, 0.0083386041224, -0.00253934180364, -0.000725234101992, 0.00145637989044, -0.000479129259475, 0.000283824425424, 0.00132887216751], [-0.000313108146656, 0.000377325341105, 0.000485698168632, -0.000522792513948, 0.0001569489541, -0.00175667752046, -0.00253934180364, 0.0103079909459, -0.00247888593003, -0.00237156241201, 0.000456680660136, -0.000505882955622, -0.00119275075849], [1.92968927877e-05, -0.000915791722946, -0.000257896550465, -0.000108972577436, 0.0010442546336, 0.00121647736523, -0.000725234101992, -0.00247888593003, 0.012604996562, -0.00623927870765, -0.000447742873803, 0.00163914030418, 0.00047607079614], [0.000202949478989, 0.00198650127277, 0.000639314588625, -0.000505462812725, -0.00129246455617, 0.000283005414531, 0.00145637989044, -0.00237156241201, -0.00623927870765, 0.0179430413991, -0.00674649141729, -0.00182336219586, 0.0029979897663], [7.12885157554e-05, -0.00270712631755, 0.000301001011394, 0.00057911867043, 0.000881650717929, -0.000476975837955, -0.000479129259475, 0.000456680660136, -0.000447742873803, -0.00674649141729, 0.0171315725893, -0.00556149752811, -0.000814766215626], [-0.000426479993621, 0.00206793053076, -0.00125890271738, 3.82377438655e-05, 0.000348598317942, -0.000189728641999, 0.000283824425424, -0.000505882955622, 0.00163914030418, -0.00182336219586, -0.00556149752811, 0.0169673860073, -0.00776686379686], [1.50975693032e-05, -0.00143863831181, 0.00111161265522, -0.0011943038553, -0.00163580104709, 0.00076801556861, 0.00132887216751, -0.00119275075849, 0.00047607079614, 0.0029979897663, -0.000814766215626, -0.00776686379686, 0.016778273508]]
    },
    "melbands": {
        "dmean": [0.000382715865271, 0.00101825338788, 0.000995397567749, 0.00081850058632, 0.000429421896115, 0.000276073551504, 0.000239350745687, 0.000208230107091, 0.000187237106729, 8.90758237801e-05, 4.01805191359e-05, 6.40189828118e-05, 4.79511400044e-05, 1.68119149748e-05, 2.03172203328e-05, 1.28669871629e-05, 1.58043367264e-05, 1.42004664667e-05, 8.93074411579e-06, 1.01168679976e-05, 1.27784715005e-05, 1.01689947769e-05, 7.26012967789e-06, 5.38291851626e-06, 4.81209144709e-06, 6.09168455412e-06, 4.0420904952e-06, 2.8145370834e-06, 1.51860422193e-06, 1.07810160443e-06, 6.65316804316e-07, 6.66659161652e-07, 5.19332672866e-07, 4.05437958761e-07, 3.43813695736e-07, 2.72392952638e-07, 2.22151129492e-07, 2.24000984872e-07, 1.81979459057e-07, 1.61923608744e-07],
        "dmean2": [0.000648487533908, 0.00178603618406, 0.00170198257547, 0.00133215170354, 0.00067854981171, 0.000425731064752, 0.000367469590856, 0.000311704236083, 0.000279987463728, 0.000135040056193, 6.26498076599e-05, 9.9946919363e-05, 7.51982006477e-05, 2.65437047346e-05, 3.19645187119e-05, 2.00846661755e-05, 2.48552187259e-05, 2.25845833484e-05, 1.41139507832e-05, 1.60445160873e-05, 2.03499985219e-05, 1.61686020874e-05, 1.16282581075e-05, 8.6519494289e-06, 7.78435332904e-06, 9.75646344159e-06, 6.56409065414e-06, 4.56063480669e-06, 2.48988112617e-06, 1.72339764504e-06, 1.08721133074e-06, 1.04562536762e-06, 7.72097223489e-07, 5.88165221416e-07, 5.00962926253e-07, 3.95871012415e-07, 3.18887686035e-07, 3.24023318399e-07, 2.59537046077e-07, 2.34142603972e-07],
        "dvar": [5.10174061219e-07, 6.09162179899e-06, 5.31464729647e-06, 5.36857169209e-06, 6.68311201935e-07, 3.48131266037e-07, 4.87924751269e-07, 4.34563816043e-07, 3.90135511452e-07, 7.00652407204e-08, 2.00743972556e-08, 5.64202693454e-08, 3.78651101585e-08, 2.45554954148e-09, 3.57640295157e-09, 1.22080001663e-09, 1.86505477728e-09, 1.17763643281e-09, 1.75554223936e-10, 2.21128032551e-10, 4.19170448351e-10, 2.55745036259e-10, 9.01951638377e-11, 5.6180723268e-11, 6.44546985229e-11, 9.14922512751e-11, 3.9502859317e-11, 2.33789636955e-11, 6.05934052933e-12, 3.68650986474e-12, 2.09759987158e-12, 2.39404698323e-12, 1.00947635667e-12, 5.54781914852e-13, 4.29992738464e-13, 3.1861546821e-13, 2.26297794522e-13, 2.323329246e-13, 1.67842804e-13, 1.63893407851e-13],
        "dvar2": [1.5154985249e-06, 1.7677568394e-05, 1.40641459438e-05, 1.3794264305e-05, 1.66783433997e-06, 8.41950622998e-07, 1.18250375181e-06, 1.03500065052e-06, 9.17121610655e-07, 1.55942444735e-07, 3.75061510738e-08, 1.36077190405e-07, 8.82006077063e-08, 5.89947735108e-09, 8.05878741517e-09, 2.95149393814e-09, 4.91924589952e-09, 3.02321478962e-09, 4.26646079577e-10, 5.41270472887e-10, 1.00725705554e-09, 6.01744487572e-10, 2.27897103966e-10, 1.4141303406e-10, 1.57991120187e-10, 2.15275186566e-10, 9.83006176458e-11, 6.23148824208e-11, 1.5971638942e-11, 9.20320764042e-12, 5.45965963411e-12, 6.00562264849e-12, 2.09065317142e-12, 1.15337611423e-12, 8.33335245427e-13, 6.39055757097e-13, 4.4248971349e-13, 4.52035571518e-13, 3.31977717885e-13, 3.26820520516e-13],
        "max": [0.00878022331744, 0.0315287820995, 0.0273030884564, 0.0359953083098, 0.0181436445564, 0.0147495931014, 0.014590587467, 0.0174435786903, 0.0168934147805, 0.00872008223087, 0.0112939504907, 0.00897990446538, 0.00473937438801, 0.00241693644784, 0.00219826004468, 0.00133891450241, 0.0014523526188, 0.00120936206076, 0.000302159722196, 0.000352706178091, 0.000614159449469, 0.000294215074973, 0.000161474454217, 0.00016584371042, 0.000254828075413, 0.000253806385444, 0.000149444735143, 0.000194695181563, 3.31069313688e-05, 2.91108881356e-05, 1.96841047e-05, 2.40515419136e-05, 1.58783041115e-05, 1.56905007316e-05, 1.81814775715e-05, 1.45208941831e-05, 1.57560298248e-05, 1.52379698193e-05, 1.94645272131e-05, 1.49390843944e-05],
        "mean": [0.000745771976653, 0.00157481397036, 0.00172114407178, 0.00146292184945, 0.000995612354018, 0.000555489677936, 0.000393787282519, 0.000343263964169, 0.000326877401676, 0.000165333171026, 7.55307046347e-05, 0.000117082679935, 8.71076117619e-05, 3.01781583403e-05, 3.79257908207e-05, 2.34989274759e-05, 3.07597692881e-05, 2.65563830908e-05, 1.74632150447e-05, 2.04706720979e-05, 2.63868241746e-05, 2.08321107493e-05, 1.42224134834e-05, 1.08624944914e-05, 9.79404194368e-06, 1.28937272166e-05, 8.64413959789e-06, 5.77743867325e-06, 2.96753819384e-06, 2.00511135517e-06, 1.12483951398e-06, 1.09728398456e-06, 9.94657739284e-07, 8.29448595141e-07, 7.15589578704e-07, 5.35457104434e-07, 4.52552910701e-07, 4.46922427955e-07, 3.62736699344e-07, 3.09488143557e-07],
        "median": [0.000414239941165, 0.000999903539196, 0.000685575651005, 0.000483008858282, 0.000497410830576, 0.000269883224973, 0.000103905826109, 0.000106448453153, 7.67692836234e-05, 5.20335925103e-05, 2.60644428636e-05, 2.53331854765e-05, 1.42352046169e-05, 1.19386440929e-05, 1.69681716216e-05, 9.76153660304e-06, 1.06529496406e-05, 1.21086368381e-05, 1.12715124487e-05, 1.3693668734e-05, 1.59648698173e-05, 1.19886153698e-05, 9.82931214821e-06, 7.59256499805e-06, 6.17992691332e-06, 8.06406023912e-06, 5.62625700695e-06, 3.56734039997e-06, 1.94313111024e-06, 1.15783393539e-06, 5.53116763058e-07, 4.34029033158e-07, 4.28259824048e-07, 3.88559101339e-07, 3.40768593787e-07, 2.48792559887e-07, 2.01851719339e-07, 1.78129283768e-07, 1.46557624703e-07, 1.25329094658e-07],
        "min": [6.25705016906e-15, 1.56344515547e-15, 5.08620679634e-16, 1.77581727941e-16, 1.35861109536e-15, 1.22933512701e-15, 1.55558087807e-15, 9.4154350708e-16, 1.00683481836e-15, 6.75821383532e-16, 9.23629183762e-16, 5.08505324335e-16, 1.13053603937e-15, 7.66724271217e-16, 3.69069857522e-16, 4.39148784306e-16, 5.07374005955e-16, 2.38488902563e-15, 1.32959354654e-15, 9.67337248511e-16, 2.38363838148e-15, 1.26325540841e-15, 1.25022306537e-15, 1.06497918326e-15, 6.29945126197e-16, 8.34479654278e-16, 5.81962244982e-16, 6.77448904401e-16, 5.24953698319e-16, 1.24220473385e-15, 1.24722181588e-15, 6.59645277701e-16, 5.64162112294e-16, 6.43128558746e-16, 1.22997834265e-15, 8.36115751355e-16, 4.99093994198e-16, 1.23234495271e-15, 9.58325876743e-16, 4.69019136493e-16],
        "var": [9.56859594226e-07, 4.72394776807e-06, 7.75817989052e-06, 6.65425386615e-06, 1.82481505817e-06, 7.77120419571e-07, 9.38192101785e-07, 8.73169597071e-07, 8.03426473794e-07, 1.9393040418e-07, 8.68101892593e-08, 1.55884876563e-07, 1.10126286756e-07, 5.83691361911e-09, 7.34604599373e-09, 2.69620614723e-09, 6.17245499157e-09, 2.49577225553e-09, 4.10050160493e-10, 5.16019449393e-10, 9.61699164748e-10, 6.87087331475e-10, 2.09559689046e-10, 1.21541082754e-10, 1.2651164838e-10, 2.54994636517e-10, 8.64283436486e-11, 4.31430308145e-11, 1.02729968629e-11, 6.31854074271e-12, 2.98700257237e-12, 3.63062054379e-12, 2.4173308754e-12, 1.48249067102e-12, 1.13115875174e-12, 7.8754282826e-13, 6.28152749e-13, 6.6541254928e-13, 4.43394995199e-13, 3.20082041384e-13]
    },
    "mfcc": {
        "mean": [-653.297485352, 133.422363281, -4.77517414093, 38.6740150452, 10.9616441727, -4.40488910675, 0.0943061187863, -0.710072517395, -2.97143888474, 3.56945037842, -4.29302120209, -2.72704648972, -0.505870640278],
        "cov": [[4569.92285156, -352.141998291, 189.730316162, -493.100219727, -177.683776855, -40.0944442749, -106.329040527, 157.225387573, -70.7995910645, -44.7037887573, -56.2887153625, -71.2211914062, 31.3839740753], [-352.141998291, 872.736755371, -215.640594482, 120.704269409, 10.8064393997, -47.62134552, 88.1399230957, 8.96437835693, 4.75641536713, 40.6611671448, -21.5606632233, 24.4516582489, 25.2809944153], [189.730316162, -215.640594482, 577.382019043, -69.4513778687, 70.6655273438, 80.5221862793, -102.329116821, 8.21393108368, -70.3018493652, -76.3399353027, 4.91233110428, -68.8599243164, -29.668674469], [-493.100219727, 120.704269409, -69.4513778687, 351.25012207, 92.1395187378, -7.79457759857, 51.9377403259, -16.9540138245, 56.6576385498, 1.84357070923, -18.9095668793, 37.1621589661, 41.9647216797], [-177.683776855, 10.8064393997, 70.6655273438, 92.1395187378, 147.160446167, 31.1195850372, 12.3338918686, -6.54368209839, 14.1176757812, -7.85747098923, -14.4961833954, -1.76503133774, 4.11368227005], [-40.0944442749, -47.62134552, 80.5221862793, -7.79457759857, 31.1195850372, 134.407226562, 46.0449981689, 31.8842525482, 9.94576263428, 0.45819106698, 14.1069936752, -9.49012470245, -13.2342271805], [-106.329040527, 88.1399230957, -102.329116821, 51.9377403259, 12.3338918686, 46.0449981689, 213.810134888, 75.0269546509, 69.2960968018, 31.6652584076, -9.58899307251, 35.3119544983, 15.1418800354], [157.225387573, 8.96437835693, 8.21393108368, -16.9540138245, -6.54368209839, 31.8842525482, 75.0269546509, 124.411643982, 50.5368766785, 18.6797275543, -3.80585551262, 2.40210747719, 18.8017082214], [-70.7995910645, 4.75641536713, -70.3018493652, 56.6576385498, 14.1176757812, 9.94576263428, 69.2960968018, 50.5368766785, 124.012397766, 52.7267036438, 2.73234367371, 30.263092041, 23.7855300903], [-44.7037887573, 40.6611671448, -76.3399353027, 1.84357070923, -7.85747098923, 0.45819106698, 31.6652584076, 18.6797275543, 52.7267036438, 113.825325012, 54.0463752747, 28.566860199, 12.4259672165], [-56.2887153625, -21.5606632233, 4.91233110428, -18.9095668793, -14.4961833954, 14.1069936752, -9.58899307251, -3.80585551262, 2.73234367371, 54.0463752747, 109.53717041, 41.6264190674, 7.37543058395], [-71.2211914062, 24.4516582489, -68.8599243164, 37.1621589661, -1.76503133774, -9.49012470245, 35.3119544983, 2.40210747719, 30.263092041, 28.566860199, 41.6264190674, 102.624137878, 52.3807640076], [31.3839740753, 25.2809944153, -29.668674469, 41.9647216797, 4.11368227005, -13.2342271805, 15.1418800354, 18.8017082214, 23.7855300903, 12.4259672165, 7.37543058395, 52.3807640076, 103.086296082]],
