{
"lowlevel": {
    "average_loudness": 0.939619004726,
    "barkbands_crest": {
        "dmean": 2.50662922859,
        "dmean2": 4.17084884644,
        "dvar": 5.56980657578,
        "dvar2": 15.164018631,
        "max": 25.3215713501,
        "mean": 12.6348638535,
        "median": 12.2824459076,
        "min": 2.7170124054,
        "var": 14.7612934113
    },
    "barkbands_flatness_db": {
        "dmean": 0.0327629782259,
        "dmean2": 0.0490611083806,
        "dvar": 0.00130228255875,
        "dvar2": 0.00271366676316,
        "max": 0.645465970039,
        "mean": 0.27023974061,
        "median": 0.267558932304,
        "min": 0.0154052143916,
        "var": 0.00814700592309
    },
    "barkbands_kurtosis": {
        "dmean": 9.20915412903,
        "dmean2": 14.8061828613,
        "dvar": 356.420623779,
        "dvar2": 923.897705078,
        "max": 509.719299316,
        "mean": 20.4851322174,
        "median": 10.918138504,
        "min": -1.64294600487,
        "var": 843.192382812
    },
    "barkbands_skewness": {
        "dmean": 0.753128647804,
        "dmean2": 1.18864226341,
        "dvar": 0.887397646904,
        "dvar2": 2.21844291687,
        "max": 19.2155017853,
        "mean": 2.89259505272,
        "median": 2.5406639576,
        "min": -2.06430125237,
        "var": 2.97739005089
    },
    "barkbands_spread": {
        "dmean": 2.15839552879,
        "dmean2": 3.2601556778,
        "dvar": 15.3368005753,
        "dvar2": 34.3807258606,
        "max": 92.513885498,
        "mean": 6.27034950256,
        "median": 4.70872879028,
        "min": 0.158575683832,
        "var": 40.3134231567
    },
    "dissonance": {
        "dmean": 0.0259076114744,
        "dmean2": 0.0421837493777,
        "dvar": 0.000580958207138,
        "dvar2": 0.00147608469706,
        "max": 0.5,
        "mean": 0.428060054779,
        "median": 0.437491238117,
        "min": 0.194698035717,
        "var": 0.00228604185395
    },
    "dynamic_complexity": 3.04512643814,
    "erbbands_crest": {
        "dmean": 2.38369226456,
        "dmean2": 3.80674099922,
        "dvar": 6.20944499969,
        "dvar2": 14.7218456268,
        "max": 31.1687297821,
        "mean": 11.1717205048,
        "median": 10.3661403656,
        "min": 2.13935613632,
        "var": 21.3598403931
    },
    "erbbands_flatness_db": {
        "dmean": 0.0206796508282,
        "dmean2": 0.0291097331792,
        "dvar": 0.000601584033575,
        "dvar2": 0.0012696852209,
        "max": 0.449332386255,
        "mean": 0.207598522305,
        "median": 0.206280216575,
        "min": 0.0435966476798,
        "var": 0.00322641828097
    },
    "erbbands_kurtosis": {
        "dmean": 2.21323060989,
        "dmean2": 3.41149163246,
        "dvar": 23.6343765259,
        "dvar2": 53.0624885559,
        "max": 130.173370361,
        "mean": 4.18276786804,
        "median": 1.16802000999,
        "min": -1.80254101753,
        "var": 97.8221435547
    },
    "erbbands_skewness": {
        "dmean": 0.419172137976,
        "dmean2": 0.633638560772,
        "dvar": 0.282138973475,
        "dvar2": 0.605323314667,
        "max": 9.21745204926,
        "mean": 1.28563547134,
        "median": 0.994332313538,
        "min": -1.69363462925,
        "var": 1.47295165062
    },
    "erbbands_spread": {
        "dmean": 6.83945703506,
        "dmean2": 10.2271261215,
        "dvar": 95.3003616333,
        "dvar2": 231.792449951,
        "max": 154.429718018,
        "mean": 27.7744350433,
        "median": 24.0264358521,
        "min": 0.81214505434,
        "var": 286.160308838
    },
    "hfc": {
        "dmean": 3.96238470078,
        "dmean2": 5.81351709366,
        "dvar": 31.7965164185,
        "dvar2": 70.4762573242,
        "max": 101.498573303,
        "mean": 11.1107187271,
        "median": 9.04073524475,
        "min": 1.11785426208e-16,
        "var": 83.8479995728
    },
    "melbands_crest": {
        "dmean": 3.29183244705,
        "dmean2": 5.59033250809,
        "dvar": 9.07381725311,
        "dvar2": 24.8783493042,
        "max": 32.511428833,
        "mean": 17.6080951691,
        "median": 17.2619915009,
        "min": 1.57060968876,
        "var": 26.8744945526
    },
    "melbands_flatness_db": {
        "dmean": 0.0384299531579,
        "dmean2": 0.0570488385856,
        "dvar": 0.00180581095628,
        "dvar2": 0.00371128600091,
        "max": 0.788827359676,
        "mean": 0.370671272278,
        "median": 0.371736764908,
        "min": 0.00363004999235,
        "var": 0.0117459474131
    },
    "melbands_kurtosis": {
        "dmean": 15.9902143478,
        "dmean2": 25.8761482239,
        "dvar": 1200.79064941,
        "dvar2": 3082.34423828,
        "max": 889.885009766,
        "mean": 35.9871444702,
        "median": 19.3757858276,
        "min": -1.59925866127,
        "var": 2779.05322266
    },
    "melbands_skewness": {
        "dmean": 0.905507206917,
        "dmean2": 1.4258890152,
        "dvar": 1.2519415617,
        "dvar2": 3.06684494019,
        "max": 17.9308986664,
        "mean": 3.60841417313,
        "median": 3.21330714226,
        "min": -1.04228401184,
        "var": 4.21110296249
    },
    "melbands_spread": {
        "dmean": 2.1490354538,
        "dmean2": 3.33158397675,
        "dvar": 15.0346240997,
        "dvar2": 32.0626068115,
        "max": 163.62512207,
        "mean": 6.06204223633,
        "median": 4.40535068512,
        "min": 0.21451061964,
        "var": 53.2133102417
    },
    "pitch_salience": {
        "dmean": 0.0746953561902,
        "dmean2": 0.125194832683,
        "dvar": 0.00468072108924,
        "dvar2": 0.0127062015235,
        "max": 0.94383341074,
        "mean": 0.480538010597,
        "median": 0.483638435602,
        "min": 0.0569750927389,
        "var": 0.0137434927747
    },
    "silence_rate_20dB": {
        "dmean": 0,
        "dmean2": 0,
        "dvar": 0,
        "dvar2": 0,
        "max": 1,
        "mean": 1,
        "median": 1,
        "min": 1,
        "var": 0
    },
    "silence_rate_30dB": {
        "dmean": 0.0781889408827,
        "dmean2": 0.156391501427,
        "dvar": 0.0720691904426,
        "dvar2": 0.157519966364,
        "max": 1,
        "mean": 0.903534710407,
        "median": 1,
        "min": 0,
        "var": 0.0871470421553
    },
    "silence_rate_60dB": {
        "dmean": 0.0236830655485,
        "dmean2": 0.0473702549934,
        "dvar": 0.0231249537319,
        "dvar2": 0.0507072024047,
        "max": 1,
        "mean": 0.0585060082376,
        "median": 0,
        "min": 0,
        "var": 0.0550790838897
    },
    "spectral_centroid": {
        "dmean": 109.258415222,
        "dmean2": 160.319320679,
        "dvar": 45319.640625,
        "dvar2": 82336.34375,
        "max": 11497.7910156,
        "mean": 462.77142334,
        "median": 372.329925537,
        "min": 111.415138245,
        "var": 189266.53125
    },
    "spectral_complexity": {
        "dmean": 2.17257285118,
        "dmean2": 3.10101008415,
        "dvar": 7.99735641479,
        "dvar2": 13.6665945053,
        "max": 45,
        "mean": 9.98023700714,
        "median": 9,
        "min": 0,
        "var": 34.9220542908
    },
    "spectral_decrease": {
        "dmean": 5.63903812534e-09,
        "dmean2": 9.19993592419e-09,
        "dvar": 5.76160744273e-17,
        "dvar2": 1.44827268273e-16,
        "max": 7.83940695881e-29,
        "mean": -1.33928184098e-08,
        "median": -1.14696510067e-08,
        "min": -7.87773970501e-08,
        "var": 1.13605011798e-16
    },
    "spectral_energy": {
        "dmean": 0.0216030236334,
        "dmean2": 0.0351968444884,
        "dvar": 0.000841948203743,
        "dvar2": 0.00211298861541,
        "max": 0.30652949214,
        "mean": 0.0515553429723,
        "median": 0.0442019365728,
        "min": 1.03057665114e-20,
        "var": 0.00166894088034
    },
    "spectral_energyband_high": {
        "dmean": 5.82278516958e-05,
        "dmean2": 8.53092715261e-05,
        "dvar": 2.13445190411e-08,
        "dvar2": 5.1893611186e-08,
        "max": 0.00253128353506,
        "mean": 8.46617112984e-05,
        "median": 1.7866734197e-05,
        "min": 7.29089835822e-21,
        "var": 3.00494740202e-08
    },
    "spectral_energyband_low": {
        "dmean": 0.0179840084165,
        "dmean2": 0.0300560705364,
        "dvar": 0.000721376040019,
        "dvar2": 0.00188353622798,
        "max": 0.293725013733,
        "mean": 0.0352729670703,
        "median": 0.0259279496968,
        "min": 3.21719880799e-23,
        "var": 0.00123537215404
    },
    "spectral_energyband_middle_high": {
        "dmean": 0.000663795333821,
        "dmean2": 0.000927643675823,
        "dvar": 2.50565017268e-06,
        "dvar2": 5.39181655768e-06,
        "max": 0.0638963505626,
        "mean": 0.00162810937036,
        "median": 0.00069762323983,
        "min": 1.3549353739e-21,
        "var": 8.28782685858e-06
    },
    "spectral_energyband_middle_low": {
        "dmean": 0.0075237415731,
        "dmean2": 0.0116578610614,
        "dvar": 0.000177628622623,
        "dvar2": 0.000438393093646,
        "max": 0.288350433111,
        "mean": 0.0183568168432,
        "median": 0.0144094768912,
        "min": 1.36149087114e-22,
        "var": 0.000305586727336
    },
    "spectral_entropy": {
        "dmean": 0.267211318016,
        "dmean2": 0.38210606575,
        "dvar": 0.103817865252,
        "dvar2": 0.212111219764,
        "max": 9.81232357025,
        "mean": 6.49421215057,
        "median": 6.4549446106,
        "min": 3.50617313385,
        "var": 0.611585974693
    },
    "spectral_flux": {
        "dmean": 0.0399738512933,
        "dmean2": 0.0634529590607,
        "dvar": 0.00218521244824,
        "dvar2": 0.00504383957013,
        "max": 0.458381772041,
        "mean": 0.0919683128595,
        "median": 0.0738503932953,
        "min": 6.4946513445e-11,
        "var": 0.00426986720413
    },
    "spectral_kurtosis": {
        "dmean": 6.14755439758,
        "dmean2": 10.1941413879,
        "dvar": 59.5133705139,
        "dvar2": 156.453567505,
        "max": 140.305374146,
        "mean": 14.4861574173,
        "median": 11.3247156143,
        "min": -1.23512530327,
        "var": 156.826202393
    },
    "spectral_rms": {
        "dmean": 0.00142363121267,
        "dmean2": 0.00225200597197,
        "dvar": 2.64588879872e-06,
        "dvar2": 6.21068647888e-06,
        "max": 0.0172931533307,
        "mean": 0.00647172657773,
        "median": 0.0065668746829,
        "min": 3.17086829883e-12,
        "var": 8.41471592139e-06
    },
    "spectral_rolloff": {
        "dmean": 120.589103699,
        "dmean2": 203.362548828,
        "dvar": 139307.0625,
        "dvar2": 266996.125,
        "max": 19164.5507812,
        "mean": 399.279388428,
        "median": 279.931640625,
        "min": 86.1328125,
        "var": 494995.375
    },
    "spectral_skewness": {
        "dmean": 0.525497019291,
        "dmean2": 0.833993375301,
        "dvar": 0.32383736968,
        "dvar2": 0.814299404621,
        "max": 9.36339187622,
        "mean": 2.74611663818,
        "median": 2.67291688919,
        "min": -0.0475599095225,
        "var": 1.2403973341
    },
    "spectral_spread": {
        "dmean": 560265,
        "dmean2": 875465,
        "dvar": 882587533312,
        "dvar2": 1.89155927654e+12,
        "max": 41019688,
        "mean": 3183360.5,
        "median": 2924362,
        "min": 643881.25,
        "var": 2.73440833536e+12
    },
    "spectral_strongpeak": {
        "dmean": 0.323245495558,
        "dmean2": 0.548466086388,
        "dvar": 0.21666751802,
        "dvar2": 0.523544847965,
        "max": 9.73764133453,
        "mean": 0.666968941689,
        "median": 0.529544472694,
        "min": 0,
        "var": 0.399373024702
    },
    "zerocrossingrate": {
        "dmean": 0.00438177678734,
        "dmean2": 0.00508286152035,
        "dvar": 5.39243774256e-05,
        "dvar2": 5.5195971072e-05,
        "max": 0.77587890625,
        "mean": 0.0196381658316,
        "median": 0.01513671875,
        "min": 0.00244140625,
        "var": 0.000609904935118
    },
    "barkbands": {
        "dmean": [7.15518253855e-05, 0.00972249358892, 0.0092467488721, 0.00306146545336, 0.00361811718903, 0.00107722065877, 0.00118371506687, 0.000507185759488, 0.000345107924659, 0.000180468370672, 0.00014806483523, 0.000168995422428, 0.000100754550658, 6.79397489876e-05, 8.95514021977e-05, 4.13568159274e-05, 3.64870866179e-05, 3.00938809232e-05, 2.51264609687e-05, 1.67237230926e-05, 1.593676825e-05, 1.35484669954e-05, 1.17139288704e-05, 7.29747762307e-06, 3.83205951948e-06, 1.37685299251e-06, 2.82854898614e-07],
        "dmean2": [0.000101512021502, 0.0165333133191, 0.0156002873555, 0.00514274835587, 0.00587681541219, 0.00153639155906, 0.00178670487367, 0.000779653259087, 0.000554181053303, 0.000281929562334, 0.000221559748752, 0.00025504513178, 0.00015621833154, 0.00010869804828, 0.000133659545099, 6.23206942691e-05, 5.58489809919e-05, 4.39550458395e-05, 3.72524809791e-05, 2.43952454184e-05, 2.35341412917e-05, 2.10366633837e-05, 1.88632111531e-05, 1.20616714412e-05, 6.24029007668e-06, 2.17867113861e-06, 4.75614285733e-07],
        "dvar": [1.95752054566e-08, 0.00023230491206, 0.000216102489503, 2.11885089811e-05, 9.38211596804e-05, 3.38708196068e-05, 1.18598409244e-05, 1.50059497628e-06, 8.44553824209e-07, 2.92267827717e-07, 1.09156815142e-06, 1.82265367243e-07, 8.36688656136e-08, 3.08118650594e-08, 3.46904407422e-08, 8.10627742709e-09, 7.49826778446e-09, 4.97320273851e-09, 3.56963303361e-09, 1.5116397023e-09, 1.4806743609e-09, 1.24103149979e-09, 1.69728642252e-09, 5.27169752296e-10, 1.40160730244e-10, 2.28768826799e-11, 1.49880899792e-12],
        "dvar2": [3.5039359858e-08, 0.000619457045104, 0.000566008966416, 5.68676987314e-05, 0.000251184450462, 7.0507368946e-05, 2.6902416721e-05, 3.70722545995e-06, 2.10636198972e-06, 6.97959706031e-07, 2.31577882914e-06, 4.05573985063e-07, 1.93450048869e-07, 7.72391004489e-08, 7.52763824607e-08, 1.89008044771e-08, 1.66814242419e-08, 1.08320978853e-08, 7.98358268383e-09, 3.25981974747e-09, 3.33365446359e-09, 3.14527448531e-09, 4.72151295838e-09, 1.44058065477e-09, 3.73652830898e-10, 5.71952901707e-11, 4.00182100999e-12],
        "max": [0.00180619978346, 0.191413998604, 0.198140352964, 0.0614587664604, 0.107701264322, 0.277553588152, 0.0863138884306, 0.0287288613617, 0.0152502954006, 0.0140141034499, 0.0597558170557, 0.0117836678401, 0.0105768479407, 0.00676151085645, 0.00512039428577, 0.00214906944893, 0.00289982836694, 0.00163629685994, 0.00185658736154, 0.000749271537643, 0.00089078739984, 0.000724626297597, 0.00129614362959, 0.000475404522149, 0.000243299044087, 0.000120254233479, 3.37733144988e-05],
        "mean": [9.74389258772e-05, 0.0158379357308, 0.0155744729564, 0.00594625016674, 0.00576658546925, 0.00188935955521, 0.00292952707969, 0.000988081330433, 0.000788857520092, 0.00037554895971, 0.000340284517733, 0.000268520438112, 0.000151483924128, 0.000107471190859, 0.00017459600349, 7.14431298547e-05, 6.0869853769e-05, 4.86470526084e-05, 4.0398164856e-05, 2.66776532953e-05, 2.38332122535e-05, 1.82135554496e-05, 1.42837216117e-05, 8.22610945761e-06, 4.50222887594e-06, 1.63820436683e-06, 2.906072325e-07],
        "median": [2.84493253275e-05, 0.00755697395653, 0.00970919802785, 0.00375686748885, 0.00310577685013, 0.000574284815229, 0.00079688266851, 0.000234299339354, 0.000147832906805, 4.73976360809e-05, 2.49346594501e-05, 7.74421350798e-05, 4.20661526732e-05, 3.17967023875e-05, 5.97318176006e-05, 2.44015536737e-05, 1.53947548824e-05, 1.29671916511e-05, 1.27776602312e-05, 5.59497129871e-06, 4.22575612902e-06, 3.15426632369e-06, 2.43361182584e-06, 1.6204764961e-06, 8.86987095328e-07, 2.718882115e-07, 2.44617197609e-08],
        "min": [2.58770673828e-24, 6.59884632129e-24, 3.42048431896e-24, 3.64749442722e-24, 1.28444856943e-23, 2.13837977082e-23, 6.62304502399e-24, 8.20381341525e-24, 3.28957016961e-23, 1.49973218145e-23, 4.11183207665e-23, 3.02991439385e-23, 7.93767115181e-23, 7.71827757447e-23, 1.08170904487e-22, 1.10670646923e-22, 1.34879652145e-22, 1.27221138041e-22, 1.31230040809e-22, 1.66836344306e-22, 3.44737693432e-22, 3.45079213406e-22, 4.73194313869e-22, 6.31694013994e-22, 1.0486886148e-21, 1.43964979599e-21, 2.1395295135e-21],
        "var": [3.36130092649e-08, 0.000413395260694, 0.000346476968843, 4.4899272325e-05, 8.69028954185e-05, 5.09769379278e-05, 3.03011966025e-05, 4.0478066694e-06, 2.24322161557e-06, 7.76396234414e-07, 4.26817496191e-06, 3.6041092244e-07, 1.508169305e-07, 4.51949340174e-08, 9.06344652662e-08, 1.50230619056e-08, 1.42917313539e-08, 9.3211012242e-09, 6.11410211349e-09, 2.89873614001e-09, 2.57853938201e-09, 1.56895818559e-09, 1.39530476062e-09, 4.29986296568e-10, 1.28503999108e-10, 2.36064657405e-11, 1.17902606081e-12]
    },
    "erbbands": {
        "dmean": [0.16703222692, 2.66399168968, 9.97668743134, 10.5528240204, 9.63197803497, 14.1487045288, 8.85178661346, 8.69060707092, 17.8866596222, 10.3900871277, 12.0079650879, 7.74891614914, 5.13483715057, 5.87289142609, 5.37973308563, 7.04992055893, 5.18470144272, 3.04597640038, 4.38554954529, 3.72695946693, 2.41718101501, 1.89189434052, 1.66688883305, 1.27149271965, 1.23278105259, 0.771239221096, 0.618353784084, 0.681912064552, 0.491649001837, 0.463211625814, 0.290445297956, 0.190871179104, 0.102391026914, 0.0555605068803, 0.0204321332276, 0.00660213967785, 0.00239092297852, 0.00061716203345, 5.71505224798e-05, 2.41008256125e-05],
        "dmean2": [0.271895706654, 4.54908132553, 17.001159668, 17.6292724609, 16.1693534851, 22.9224948883, 12.564620018, 12.6698703766, 27.357717514, 15.0961694717, 18.7121696472, 12.3260326385, 8.02227878571, 8.87125205994, 7.97570896149, 10.5682220459, 7.99176168442, 4.85185480118, 6.66925048828, 5.54871273041, 3.60240292549, 2.82597112656, 2.40631890297, 1.82870972157, 1.84123456478, 1.12829852104, 0.88545024395, 1.03850400448, 0.759278476238, 0.754375219345, 0.458396524191, 0.319093763828, 0.166479706764, 0.091363877058, 0.033011958003, 0.0104499356821, 0.00374790979549, 0.00103739881888, 9.35204370762e-05, 3.90112436435e-05],
        "dvar": [0.0886628627777, 16.6084709167, 240.122970581, 263.553161621, 470.730133057, 1544.24462891, 856.196411133, 2600.41430664, 2831.79052734, 564.824462891, 870.178833008, 393.549530029, 203.316894531, 438.881439209, 1040.32385254, 309.350738525, 211.964691162, 63.0580368042, 80.7561798096, 85.2121429443, 27.4971599579, 17.9467792511, 14.0663785934, 8.33420181274, 11.2963600159, 3.23678278923, 2.08771777153, 3.1362760067, 1.70866107941, 2.52553415298, 0.755013644695, 0.388506233692, 0.0937114208937, 0.029627840966, 0.00409739790484, 0.000436836096924, 7.35802896088e-05, 7.44433282307e-06, 4.74722234856e-08, 1.03736519375e-09],
        "dvar2": [0.223646208644, 45.1178741455, 626.787963867, 706.766174316, 1319.74169922, 4023.02954102, 1752.26977539, 5736.61621094, 6589.57568359, 1185.765625, 2185.71679688, 983.723083496, 445.720794678, 1021.89160156, 2254.14257812, 669.772338867, 483.351409912, 156.241592407, 187.542282104, 189.769882202, 63.7388801575, 38.8148117065, 28.6985836029, 18.4270420074, 25.5348873138, 7.00182580948, 4.34623384476, 7.74093961716, 4.31771230698, 7.05555009842, 1.99192893505, 1.07484853268, 0.248574718833, 0.080314591527, 0.0107053918764, 0.00107741868123, 0.000181328097824, 2.01263228519e-05, 1.25324760347e-07, 2.56890331229e-09],
        "max": [3.08897590637, 51.0344963074, 214.786682129, 194.143783569, 248.816223145, 466.083953857, 1141.67993164, 2265.90356445, 1320.94689941, 525.569335938, 727.528198242, 363.408691406, 375.8878479, 717.33807373, 1826.99291992, 407.809173584, 530.924560547, 163.802383423, 268.796020508, 391.683837891, 118.867721558, 121.377723694, 84.0598068237, 80.0352630615, 132.513778687, 33.4636421204, 35.2323532104, 31.3952655792, 29.0884532928, 52.2094726562, 24.2458171844, 15.6606626511, 4.79068756104, 3.57138466835, 1.5149987936, 0.514037251472, 0.27256628871, 0.0870943441987, 0.00646515283734, 0.000340365921147],
        "mean": [0.272106707096, 4.33275461197, 17.2865085602, 20.0547561646, 16.2073841095, 21.2293262482, 18.0086116791, 15.8316011429, 41.6419944763, 27.4696350098, 23.3307971954, 18.7703037262, 11.1162977219, 14.2774448395, 12.8237485886, 11.3660612106, 8.1658744812, 4.851770401, 8.00256919861, 7.26488924026, 4.25909614563, 3.29060792923, 2.91963458061, 2.12930464745, 1.92992007732, 1.23477590084, 0.99660217762, 0.950617194176, 0.668087899685, 0.552845239639, 0.3702057302, 0.213604316115, 0.119941033423, 0.064335398376, 0.0243751201779, 0.00835425779223, 0.00283343321644, 0.000610999122728, 7.55167275202e-05, 5.79072839173e-05],
        "median": [0.115351237357, 2.32142972946, 11.5439758301, 14.1757650375, 11.4304409027, 10.1429233551, 8.39127159119, 4.73589229584, 12.2033615112, 7.4500541687, 7.47091388702, 4.22860717773, 2.49729728699, 2.13082838058, 2.80983877182, 3.31172156334, 2.55024385452, 1.60537409782, 2.97717165947, 1.98904180527, 1.55732512474, 0.945325374603, 0.858221292496, 0.624729633331, 0.578487217426, 0.29057264328, 0.179293915629, 0.163762226701, 0.113476753235, 0.093088850379, 0.0655843392015, 0.0407996699214, 0.0234221722931, 0.012496731244, 0.0047097094357, 0.00155509973411, 0.000445008627139, 7.20280368114e-05, 3.34891665261e-05, 4.94434934808e-05],
        "min": [2.1330349542e-22, 1.88400825241e-21, 8.85120656274e-21, 8.83977305259e-21, 1.23967878193e-20, 2.57465248627e-20, 6.95168919891e-20, 1.49812813314e-19, 1.05718865088e-19, 1.22466015468e-19, 3.86662733905e-19, 6.72503679969e-19, 8.13802258615e-19, 1.2782923484e-18, 1.1781559314e-18, 1.57655971862e-18, 3.77658697161e-18, 4.41711014304e-18, 4.23057760618e-18, 5.91111702973e-18, 5.46420788838e-18, 7.33294951284e-18, 6.59600189741e-18, 6.16153686119e-18, 7.71594654416e-18, 7.40738832334e-18, 9.993905171e-18, 1.39514267347e-17, 1.29267890109e-17, 1.47290856983e-17, 1.27606009812e-17, 1.23820037236e-17, 1.10992765497e-17, 9.6176140929e-18, 8.37051193367e-18, 5.33193715894e-18, 2.31805475947e-18, 1.06905690906e-18, 2.17854273585e-19, 3.02328019228e-20],
        "var": [0.133209824562, 29.205160141, 387.740844727, 454.756866455, 418.197967529, 1437.98803711, 1565.8848877, 3548.34448242, 6597.18457031, 2224.93579102, 2245.15600586, 1134.88806152, 630.225769043, 1312.38671875, 3949.93603516, 617.512939453, 404.012115479, 82.6013565063, 167.795639038, 199.550567627, 50.325756073, 36.0121841431, 30.1488685608, 15.9981145859, 17.8746261597, 6.22789096832, 4.17152738571, 4.34848499298, 2.18127155304, 2.04149079323, 0.765838980675, 0.30426761508, 0.0862119793892, 0.025842808187, 0.0040073771961, 0.000496716820635, 7.66403318266e-05, 5.60881881029e-06, 3.88317751288e-08, 2.0609114415e-09]
    },
    "gfcc": {
        "mean": [-78.0340118408, 157.699325562, -80.6968688965, 36.6398086548, -38.8796730042, 6.32657432556, -28.6215419769, -2.31519818306, -12.3764696121, -5.10864162445, -9.89974880219, -10.382809639, -10.995007515],
        "cov": [[10545.8066406, -321.037536621, -1688.13146973, -312.383789062, -855.594787598, 381.517242432, -271.681091309, 305.054962158, 59.538066864, 142.54133606, -42.6358032227, 161.854156494, -10.2065029144], [-321.037536621, 1431.89575195, 27.890171051, -288.026855469, 421.768218994, -257.888153076, 112.828964233, -161.25567627, 175.323425293, -181.746109009, 145.744308472, -142.950332642, 59.8024215698], [-1688.13146973, 27.890171051, 1085.96838379, 299.863983154, 209.488098145, 64.1981582642, 149.248184204, -22.8260612488, 24.1266975403, 10.3242063522, -34.1362800598, -73.823677063, -17.9859466553], [-312.383789062, -288.026855469, 299.863983154, 447.22769165, 58.0284156799, 84.5287475586, 59.4030914307, -14.4417905807, -33.707698822, -5.86310768127, -20.242937088, -32.3381004333, -6.64267587662], [-855.594787598, 421.768218994, 209.488098145, 58.0284156799, 457.686248779, -74.4000778198, 57.3324394226, -51.5461082458, 35.684135437, -83.6271743774, 42.3407516479, -65.1836166382, -5.85553026199], [381.517242432, -257.888153076, 64.1981582642, 84.5287475586, -74.4000778198, 226.951690674, 64.359992981, 50.9768028259, -5.15726089478, 21.3799037933, -43.6460762024, 21.5385551453, 2.16159176826], [-271.681091309, 112.828964233, 149.248184204, 59.4030914307, 57.3324394226, 64.359992981, 169.971206665, -0.106512308121, 19.2112884521, -38.3523330688, -2.82311892509, -41.0437965393, 19.3531570435], [305.054962158, -161.25567627, -22.8260612488, -14.4417905807, -51.5461082458, 50.9768028259, -0.106512308121, 124.692726135, 30.1647148132, 48.2262687683, -14.5336103439, 21.0508918762, -13.0217380524], [59.538066864, 175.323425293, 24.1266975403, -33.707698822, 35.684135437, -5.15726089478, 19.2112884521, 30.1647148132, 113.206604004, 17.6029243469, 28.2717189789, -15.4740867615, 5.45428276062], [142.54133606, -181.746109009, 10.3242063522, -5.86310768127, -83.6271743774, 21.3799037933, -38.3523330688, 48.2262687683, 17.6029243469, 105.986755371, 7.53370952606, 30.3650493622, -16.3008575439], [-42.6358032227, 145.744308472, -34.1362800598, -20.242937088, 42.3407516479, -43.6460762024, -2.82311892509, -14.5336103439, 28.2717189789, 7.53370952606, 77.6357879639, 8.94876003265, 3.21742415428], [161.854156494, -142.950332642, -73.823677063, -32.3381004333, -65.1836166382, 21.5385551453, -41.0437965393, 21.0508918762, -15.4740867615, 30.3650493622, 8.94876003265, 79.6342391968, 9.97926616669], [-10.2065029144, 59.8024215698, -17.9859466553, -6.64267587662, -5.85553026199, 2.16159176826, 19.3531570435, -13.0217380524, 5.45428276062, -16.3008575439, 3.21742415428, 9.97926616669, 67.5105667114]],
        "icov": [[0.000219328838284, -0.00059844047064, 0.000356361240847, -0.000451682048151, 0.000424863217631, -0.00065897370223, 0.000460502982605, -0.000656301795971, 0.000427546270657, -0.000426765938755, 0.000480467395391, -0.000281313376036, 0.000294214201858], [-0.00059844047064, 0.00661267340183, -0.00140252860729, 0.00462470576167, -0.00278308521956, 0.00336159975268, -0.00239936029539, 0.00500080827624, -0.00653736386448, 0.00603292742744, -0.00660528568551, 0.00547526497394, -0.00307306367904], [0.000356361240847, -0.00140252860729, 0.0021180449985, -0.00179060827941, 0.000139678289997, -0.000992642715573, -0.000374153256416, -0.000648566696327, 0.000730851606932, -0.00259722350165, 0.00257397443056, -0.000931297661737, 0.00103925121948], [-0.000451682048151, 0.00462470576167, -0.00179060827941, 0.00639920821413, -0.00215231720358, 0.00106892199256, -0.00143567228224, 0.00359152560122, -0.00306935235858, 0.00403383793309, -0.00542633468285, 0.0051962598227, -0.00241647171788], [0.000424863217631, -0.00278308521956, 0.000139678289997, -0.00215231720358, 0.00488857505843, -0.00115134846419, 0.00137878197711, -0.00256288424134, 0.00179948634468, 0.00056804518681, 0.000545099144801, -0.00108838209417, 0.00205294997431], [-0.00065897370223, 0.00336159975268, -0.000992642715573, 0.00106892199256, -0.00115134846419, 0.0101605709642, -0.00569887785241, 0.00177294423338, -0.00376298441552, 0.00190431263763, 0.00104505580384, -0.00169316597749, -0.00072191550862], [0.000460502982605, -0.00239936029539, -0.000374153256416, -0.00143567228224, 0.00137878197711, -0.00569887785241, 0.0120714548975, -0.00379796698689, 0.00204963702708, 0.00188406324014, -0.00128958723508, 0.00381698156707, -0.00215036352165], [-0.000656301795971, 0.00500080827624, -0.000648566696327, 0.00359152560122, -0.00256288424134, 0.00177294423338, -0.00379796698689, 0.0167076680809, -0.00886228028685, -0.000262678862782, -0.000543108442798, 0.000621829589363, 0.000270429707598], [0.000427546270657, -0.00653736386448, 0.000730851606932, -0.00306935235858, 0.00179948634468, -0.00376298441552, 0.00204963702708, -0.00886228028685, 0.0199507828802, -0.00833656359464, 0.000925895816181, -0.000345516920788, 0.000110067012429], [-0.000426765938755, 0.00603292742744, -0.00259722350165, 0.00403383793309, 0.00056804518681, 0.00190431263763, 0.00188406324014, -0.000262678862782, -0.00833656359464, 0.0230597238988, -0.0103807281703, 0.00266706664115, 3.57918943337e-05], [0.000480467395391, -0.00660528568551, 0.00257397443056, -0.00542633468285, 0.000545099144801, 0.00104505580384, -0.00128958723508, -0.000543108442798, 0.000925895816181, -0.0103807281703, 0.027333220467, -0.0124827008694, 0.00431554624811], [-0.000281313376036, 0.00547526497394, -0.000931297661737, 0.0051962598227, -0.00108838209417, -0.00169316597749, 0.00381698156707, 0.000621829589363, -0.000345516920788, 0.00266706664115, -0.0124827008694, 0.0269406568259, -0.00835944432765], [0.000294214201858, -0.00307306367904, 0.00103925121948, -0.00241647171788, 0.00205294997431, -0.00072191550862, -0.00215036352165, 0.000270429707598, 0.000110067012429, 3.57918943337e-05, 0.00431554624811, -0.00835944432765, 0.01951780729]]
    },
    "melbands": {
        "dmean": [0.00210624281317, 0.00456957519054, 0.00167622312438, 0.000930552894715, 0.000337208068231, 0.000197306930204, 0.000267599883955, 0.000108754327812, 9.39451274462e-05, 4.48600949312e-05, 2.56925086433e-05, 2.43050617428e-05, 2.14434639929e-05, 1.9415972929e-05, 1.38174918902e-05, 9.64377795754e-06, 5.66115022593e-06, 7.32413218429e-06, 6.17172372586e-06, 3.46623301084e-06, 2.95236009151e-06, 1.93284654415e-06, 2.14383499042e-06, 1.36027210829e-06, 1.04117918909e-06, 9.90160970105e-07, 7.26745156499e-07, 4.97309372349e-07, 4.17305415112e-07, 4.00015494506e-07, 4.05382792223e-07, 2.81329448626e-07, 2.69775512152e-07, 2.68215273991e-07, 1.74798074681e-07, 1.45019001252e-07, 1.0582758847e-07, 7.2378917082e-08, 6.06922156976e-08, 4.3479911227e-08],
        "dmean2": [0.00356063945219, 0.00775799201801, 0.00279078749008, 0.00151784555055, 0.000495564076118, 0.000286944530671, 0.00040632285527, 0.000158643830218, 0.000147594881128, 7.13301924407e-05, 4.00903118134e-05, 3.68406654161e-05, 3.20442450175e-05, 2.88927731162e-05, 2.12289742194e-05, 1.51523345266e-05, 9.19918875297e-06, 1.13501728265e-05, 9.09618484002e-06, 5.22979416928e-06, 4.48314176538e-06, 2.96240432363e-06, 3.18122465615e-06, 2.01447232939e-06, 1.53652285917e-06, 1.4974525584e-06, 1.11082931653e-06, 7.41285759887e-07, 6.12841859038e-07, 6.11166626641e-07, 6.36969843981e-07, 4.40298521198e-07, 4.34730566212e-07, 4.47471393272e-07, 2.76684460232e-07, 2.39557920167e-07, 1.80285567808e-07, 1.19046262625e-07, 9.9516277885e-08, 7.27960340896e-08],
        "dvar": [1.21207249322e-05, 4.68064936285e-05, 6.03526723353e-06, 6.72901933285e-06, 8.6814475253e-07, 1.2538549754e-06, 6.39732547825e-07, 5.27176382548e-08, 5.18259675175e-08, 1.31810420356e-08, 5.26694998726e-09, 7.15143189112e-09, 2.3260083637e-08, 2.92121060674e-09, 1.26379207099e-09, 8.50139125763e-10, 2.37177694151e-10, 2.47159098743e-10, 1.97938734847e-10, 7.23466703212e-11, 4.14694528716e-11, 1.87755019865e-11, 3.02721979428e-11, 9.95826338057e-12, 6.10035503015e-12, 6.22317041649e-12, 3.28057763246e-12, 1.4256785856e-12, 1.05470818711e-12, 9.80235749341e-13, 1.23061652015e-12, 6.95317501492e-13, 4.62043543616e-13, 1.21567794893e-12, 2.96022212819e-13, 1.78822316113e-13, 1.39344224635e-13, 4.88569417128e-14, 3.45941774304e-14, 1.92033685503e-14],
        "dvar2": [3.21714978782e-05, 0.000124758924358, 1.60960971698e-05, 1.80719871423e-05, 1.86673196367e-06, 2.71433532362e-06, 1.46692468661e-06, 1.14477927582e-07, 1.31299700001e-07, 3.19832835771e-08, 1.14246381244e-08, 1.68354130636e-08, 4.94135790063e-08, 6.35556807183e-09, 3.04134339935e-09, 2.01758321161e-09, 5.98947447195e-10, 5.89671145246e-10, 4.13782036413e-10, 1.61825997047e-10, 9.81855291515e-11, 4.32469685063e-11, 6.3455088406e-11, 2.22419183765e-11, 1.39707863334e-11, 1.4300012563e-11, 7.46598529527e-12, 3.16900910895e-12, 2.3470036678e-12, 2.28812368358e-12, 3.14827048979e-12, 1.81828185321e-12, 1.18626408609e-12, 3.48890968199e-12, 7.87428661771e-13, 4.77579781277e-13, 3.90769583575e-13, 1.3061405256e-13, 9.28610487116e-14, 5.24710551159e-14],
        "max": [0.0399445667863, 0.0871688947082, 0.0291783697903, 0.0297665335238, 0.0339136794209, 0.0512679666281, 0.01987866126, 0.00452001066878, 0.00505694001913, 0.00195792573504, 0.00204128306359, 0.00238197552972, 0.00866036396474, 0.00176366255619, 0.00112974178046, 0.000715484959073, 0.000370932160877, 0.000625057262369, 0.000475210486911, 0.000337468605721, 0.000149270155816, 9.75954608293e-05, 0.000186540215509, 7.99735789769e-05, 7.18981245882e-05, 8.9478387963e-05, 4.64076001663e-05, 2.0323024728e-05, 1.75097229658e-05, 3.14741337206e-05, 2.09260451811e-05, 2.30901187024e-05, 1.15092725537e-05, 4.08004452765e-05, 1.70070052263e-05, 7.7017057265e-06, 9.80798540695e-06, 4.12169856645e-06, 3.8292323552e-06, 3.63474737242e-06],
        "mean": [0.00347825908102, 0.00808782037348, 0.00336073245853, 0.00143793248571, 0.000665195810143, 0.000345521839336, 0.000637998513412, 0.000276261591353, 0.000181825947948, 0.000107432206278, 5.42841189599e-05, 5.90223098698e-05, 5.11262769578e-05, 3.16555306199e-05, 2.16760890908e-05, 1.38783452712e-05, 8.49575008033e-06, 1.2465877262e-05, 1.22816381918e-05, 6.19490356257e-06, 4.8985216381e-06, 3.10499922307e-06, 3.60465628546e-06, 2.17903402699e-06, 1.65034475685e-06, 1.50199480231e-06, 1.09459267605e-06, 7.57355053338e-07, 6.46330931886e-07, 5.79549350732e-07, 5.3424048474e-07, 3.72075646737e-07, 3.39857820109e-07, 2.99171887264e-07, 2.19646508981e-07, 1.7224456883e-07, 1.11184029095e-07, 8.3604909662e-08, 6.96698165825e-08, 4.94219882796e-08],
        "median": [0.00149017944932, 0.00564920064062, 0.0026048196014, 0.000787292490713, 0.000334468786605, 9.53019480221e-05, 0.000193219588255, 8.12990110717e-05, 5.2243238315e-05, 2.06961558433e-05, 8.20421155368e-06, 7.70165206632e-06, 6.38728170088e-06, 8.5802457761e-06, 6.21927847533e-06, 3.93185109715e-06, 2.37581934925e-06, 4.47053389507e-06, 3.96657242163e-06, 1.31510512347e-06, 1.72484237737e-06, 8.59295710143e-07, 8.19335014057e-07, 6.17588170826e-07, 4.35099423157e-07, 4.77502339891e-07, 2.7600623298e-07, 1.45739278423e-07, 9.45141493958e-08, 1.08331384752e-07, 8.39825489152e-08, 5.88941091451e-08, 6.03917555964e-08, 4.63219897995e-08, 3.70563846275e-08, 3.13885024639e-08, 2.02238812363e-08, 1.6240878864e-08, 1.36076074853e-08, 9.00331542653e-09],
        "min": [2.60314888772e-24, 5.27737927059e-24, 1.4976191978e-24, 8.82884743476e-25, 2.9840555034e-24, 3.68442613379e-24, 1.63620835239e-24, 1.24688537971e-24, 4.02990461179e-24, 3.61139496891e-24, 3.12922622313e-24, 4.45310403275e-24, 4.82853477046e-24, 3.95569252213e-24, 5.68565186551e-24, 8.2478452644e-24, 8.29837101651e-24, 6.01919053927e-24, 9.11723072424e-24, 7.00920427001e-24, 5.92737422966e-24, 6.2071749097e-24, 5.73413446788e-24, 6.02765817223e-24, 4.6849593247e-24, 5.70861836747e-24, 4.70199359266e-24, 5.17188529617e-24, 4.84036413417e-24, 7.45296456161e-24, 7.50934208392e-24, 7.46008087583e-24, 5.35066405426e-24, 9.28519104387e-24, 7.69003935173e-24, 7.00202879122e-24, 7.66590178575e-24, 8.88535926064e-24, 5.63835728766e-24, 7.84210096868e-24],
        "var": [1.99218666239e-05, 7.46347795939e-05, 1.05333447209e-05, 5.90500940234e-06, 1.55754059961e-06, 1.76817047759e-06, 1.54137967456e-06, 2.03276329103e-07, 1.27783906123e-07, 4.00231350284e-08, 1.69782268244e-08, 2.09776995774e-08, 9.15415867553e-08, 6.13066974964e-09, 2.26992447061e-09, 1.22340715336e-09, 2.91835777766e-10, 4.59634524885e-10, 5.80604120337e-10, 1.61556365508e-10, 7.17301495978e-11, 3.30201456455e-11, 6.13285325302e-11, 1.78476903395e-11, 1.08211972369e-11, 9.61381235037e-12, 5.31668155682e-12, 2.57245895592e-12, 1.87297291392e-12, 1.58161548094e-12, 1.50161816575e-12, 7.91858061327e-13, 5.34633481149e-13, 8.41194301715e-13, 2.90145322048e-13, 1.68738341442e-13, 9.98341424178e-14, 4.37122431622e-14, 3.03679844672e-14, 1.63514780736e-14]
    },
    "mfcc": {
        "mean": [-729.764526367, 180.869674683, 24.5995960236, 38.199798584, 16.2940635681, 13.1142148972, -0.0304920505732, 3.91578197479, -1.0118676424, 4.06585168839, 2.40219259262, 0.655470252037, 1.14323484898],
        "cov": [[8542.82421875, -207.496414185, -1103.88415527, -701.784301758, -637.80456543, -188.555435181, -367.057800293, 51.9177093506, -21.531129837, 25.2918510437, 41.5018463135, 25.6938228607, 16.1604309082], [-207.496414185, 1646.74633789, -159.857070923, 14.1888628006, 185.765167236, -56.4358940125, -40.6661109924, 4.940990448, -37.5433120728, 39.9921112061, 57.5962409973, -47.3757820129, 22.4943084717], [-1103.88415527, -159.857070923, 725.44140625, 228.125183105, 52.0885658264, 141.551574707, 119.976165771, 14.7080144882, 93.8628845215, 39.6400375366, 1.98011827469, 43.9791412354, -11.5395269394], [-701.784301758, 14.1888628006, 228.125183105, 327.152862549, 163.794052124, 82.1972045898, 86.8515014648, 17.5104465485, 14.0921936035, 4.55894041061, -1.47970640659, 19.4573974609, 2.04420471191], [-637.80456543, 185.765167236, 52.0885658264, 163.794052124, 296.325714111, 39.1782531738, 49.5375595093, 19.0384979248, -7.32310819626, 7.74488401413, 17.2179927826, 3.68924951553, 10.9025440216], [-188.555435181, -56.4358940125, 141.551574707, 82.1972045898, 39.1782531738, 165.458206177, 87.1418457031, 44.0184020996, 43.7176856995, -0.932084560394, -7.11424875259, 6.21427345276, -13.1870718002], [-367.057800293, -40.6661109924, 119.976165771, 86.8515014648, 49.5375595093, 87.1418457031, 140.972732544, 54.0068855286, 32.9974822998, 5.94696474075, -13.4170370102, -0.891282021999, -11.1689519882], [51.9177093506, 4.940990448, 14.7080144882, 17.5104465485, 19.0384979248, 44.0184020996, 54.0068855286, 94.1084136963, 44.9168052673, 12.0475578308, 8.64809513092, -8.25967216492, -9.54922771454], [-21.531129837, -37.5433120728, 93.8628845215, 14.0921936035, -7.32310819626, 43.7176856995, 32.9974822998, 44.9168052673, 101.591094971, 45.2401924133, -0.134260043502, 10.4019489288, -7.76993656158], [25.2918510437, 39.9921112061, 39.6400375366, 4.55894041061, 7.74488401413, -0.932084560394, 5.94696474075, 12.0475578308, 45.2401924133, 70.7815704346, 31.000120163, 11.676735878, 4.4749789238], [41.5018463135, 57.5962409973, 1.98011827469, -1.47970640659, 17.2179927826, -7.11424875259, -13.4170370102, 8.64809513092, -0.134260043502, 31.000120163, 75.7191848755, 32.5003471375, 4.73138380051], [25.6938228607, -47.3757820129, 43.9791412354, 19.4573974609, 3.68924951553, 6.21427345276, -0.891282021999, -8.25967216492, 10.4019489288, 11.676735878, 32.5003471375, 77.0538482666, 30.1418609619], [16.1604309082, 22.4943084717, -11.5395269394, 2.04420471191, 10.9025440216, -13.1870718002, -11.1689519882, -9.54922771454, -7.76993656158, 4.4749789238, 4.73138380051, 30.1418609619, 67.7860870361]],
