{
"lowlevel": {
    "average_loudness": 0.928565323353,
    "barkbands_crest": {
        "dmean": 2.23006629944,
        "dmean2": 3.54654359818,
        "dvar": 7.43498086929,
        "dvar2": 19.8602294922,
        "max": 26.2886276245,
        "mean": 20.5365638733,
        "median": 21.7410354614,
        "min": 3.00065970421,
        "var": 18.9830379486
    },
    "barkbands_flatness_db": {
        "dmean": 0.0281335450709,
        "dmean2": 0.0419896543026,
        "dvar": 0.000845923786983,
        "dvar2": 0.0020516179502,
        "max": 0.597098648548,
        "mean": 0.319912165403,
        "median": 0.3108112216,
        "min": 0.0310455225408,
        "var": 0.011016218923
    },
    "barkbands_kurtosis": {
        "dmean": 46.8060264587,
        "dmean2": 68.8433990479,
        "dvar": 4661.06982422,
        "dvar2": 10569.4179688,
        "max": 1959.15258789,
        "mean": 129.688903809,
        "median": 78.7081375122,
        "min": -1.95229792595,
        "var": 22514.8574219
    },
    "barkbands_skewness": {
        "dmean": 1.6830779314,
        "dmean2": 2.48899698257,
        "dvar": 3.40737938881,
        "dvar2": 8.35941696167,
        "max": 36.2863998413,
        "mean": 7.99816274643,
        "median": 7.12117815018,
        "min": -6.18524217606,
        "var": 22.2625617981
    },
    "barkbands_spread": {
        "dmean": 3.87199449539,
        "dmean2": 5.92575311661,
        "dvar": 78.5142745972,
        "dvar2": 181.005477905,
        "max": 132.594436646,
        "mean": 10.2692565918,
        "median": 1.99374878407,
        "min": 0.0604449436069,
        "var": 398.459106445
    },
    "dissonance": {
        "dmean": 0.0178651157767,
        "dmean2": 0.0300175994635,
        "dvar": 0.000316979218042,
        "dvar2": 0.000861347070895,
        "max": 0.500000178814,
        "mean": 0.46601754427,
        "median": 0.472526371479,
        "min": 0.311797827482,
        "var": 0.000702974852175
    },
    "dynamic_complexity": 4.40871429443,
    "erbbands_crest": {
        "dmean": 1.77165961266,
        "dmean2": 2.72848033905,
        "dvar": 3.09906339645,
        "dvar2": 8.34044837952,
        "max": 24.732427597,
        "mean": 9.27781677246,
        "median": 8.4703207016,
        "min": 2.29230237007,
        "var": 18.0912322998
    },
    "erbbands_flatness_db": {
        "dmean": 0.0131230689585,
        "dmean2": 0.0191053412855,
        "dvar": 0.000260986853391,
        "dvar2": 0.000523010676261,
        "max": 0.335694789886,
        "mean": 0.129978001118,
        "median": 0.107089877129,
        "min": 0.0289874542505,
        "var": 0.00486309081316
    },
    "erbbands_kurtosis": {
        "dmean": 1.3762512207,
        "dmean2": 2.06069660187,
        "dvar": 4.00099277496,
        "dvar2": 9.31013965607,
        "max": 56.4255142212,
        "mean": 2.71227502823,
        "median": 1.70181703568,
        "min": -1.8542689085,
        "var": 20.9062976837
    },
    "erbbands_skewness": {
        "dmean": 0.352667272091,
        "dmean2": 0.506193041801,
        "dvar": 0.144645541906,
        "dvar2": 0.304377257824,
        "max": 5.78204059601,
        "mean": 1.23634696007,
        "median": 1.40449726582,
        "min": -3.20445418358,
        "var": 1.46679604053
    },
    "erbbands_spread": {
        "dmean": 12.3202638626,
        "dmean2": 17.7634029388,
        "dvar": 295.085968018,
        "dvar2": 591.572570801,
        "max": 231.33644104,
        "mean": 71.0961761475,
        "median": 55.1464881897,
        "min": 3.40662574768,
        "var": 2837.02416992
    },
    "hfc": {
        "dmean": 15.4664087296,
        "dmean2": 20.0467205048,
        "dvar": 1110.28869629,
        "dvar2": 1739.95019531,
        "max": 1032.38330078,
        "mean": 60.9901275635,
        "median": 28.9486370087,
        "min": 2.38545028175e-09,
        "var": 8011.44433594
    },
    "melbands_crest": {
        "dmean": 2.73095011711,
        "dmean2": 4.40388059616,
        "dvar": 9.45554733276,
        "dvar2": 25.3248901367,
        "max": 38.3906440735,
        "mean": 26.9250202179,
        "median": 27.9904689789,
        "min": 2.45500874519,
        "var": 23.2356700897
    },
    "melbands_flatness_db": {
        "dmean": 0.0309030953795,
        "dmean2": 0.0455723926425,
        "dvar": 0.00106320099439,
        "dvar2": 0.00250218436122,
        "max": 0.76017165184,
        "mean": 0.440326660872,
        "median": 0.43503934145,
        "min": 0.0129349194467,
        "var": 0.0172728318721
    },
    "melbands_kurtosis": {
        "dmean": 81.2714767456,
        "dmean2": 126.007499695,
        "dvar": 13407.1748047,
        "dvar2": 33346.9492188,
        "max": 1858.9934082,
        "mean": 233.194015503,
        "median": 160.562652588,
        "min": -1.87299346924,
        "var": 47729.5234375
    },
    "melbands_skewness": {
        "dmean": 1.86321115494,
        "dmean2": 2.85301041603,
        "dvar": 4.94357681274,
        "dvar2": 11.7384729385,
        "max": 34.4435119629,
        "mean": 9.68716049194,
        "median": 8.59602642059,
        "min": -1.50642812252,
        "var": 29.9398021698
    },
    "melbands_spread": {
        "dmean": 1.90967988968,
        "dmean2": 2.95972108841,
        "dvar": 53.9534263611,
        "dvar2": 127.989936829,
        "max": 284.451171875,
        "mean": 5.83849859238,
        "median": 0.997579753399,
        "min": 0.179370909929,
        "var": 445.655700684
    },
    "pitch_salience": {
        "dmean": 0.0732514187694,
        "dmean2": 0.117189772427,
        "dvar": 0.00630794838071,
        "dvar2": 0.016826050356,
        "max": 0.903630614281,
        "mean": 0.283720523119,
        "median": 0.257547259331,
        "min": 0.0347651056945,
        "var": 0.0186262875795
    },
    "silence_rate_20dB": {
        "dmean": 0.117067679763,
        "dmean2": 0.23415184021,
        "dvar": 0.103360399604,
        "dvar2": 0.244067654014,
        "max": 1,
        "mean": 0.519662320614,
        "median": 1,
        "min": 0,
        "var": 0.249595671892
    },
    "silence_rate_30dB": {
        "dmean": 0.0448853261769,
        "dmean2": 0.0897769629955,
        "dvar": 0.0428698509932,
        "dvar2": 0.0977549180388,
        "max": 1,
        "mean": 0.183538511395,
        "median": 0,
        "min": 0,
        "var": 0.149856969714
    },
    "silence_rate_60dB": {
        "dmean": 0.000281412678305,
        "dmean2": 0.000492506835144,
        "dvar": 0.000281329732388,
        "dvar2": 0.00049226853298,
        "max": 1,
        "mean": 0.0357368960977,
        "median": 0,
        "min": 0,
        "var": 0.0344599448144
    },
    "spectral_centroid": {
        "dmean": 136.536254883,
        "dmean2": 199.448226929,
        "dvar": 50752.2851562,
        "dvar2": 108536.90625,
        "max": 6271.48974609,
        "mean": 647.647766113,
        "median": 308.368652344,
        "min": 77.8054199219,
        "var": 629314.3125
    },
    "spectral_complexity": {
        "dmean": 1.9517377615,
        "dmean2": 3.07908248901,
        "dvar": 5.11930418015,
        "dvar2": 10.6815357208,
        "max": 44,
        "mean": 10.3174114227,
        "median": 9,
        "min": 0,
        "var": 36.7171440125
    },
    "spectral_decrease": {
        "dmean": 3.18939434862e-08,
        "dmean2": 5.04819155367e-08,
        "dvar": 2.4145188734e-15,
        "dvar2": 6.11797625297e-15,
        "max": 9.24729903762e-10,
        "mean": -8.56283932649e-08,
        "median": -7.65450707263e-08,
        "min": -5.59097031783e-07,
        "var": 4.53817933821e-15
    },
    "spectral_energy": {
        "dmean": 0.121043324471,
        "dmean2": 0.191469833255,
        "dvar": 0.0346921719611,
        "dvar2": 0.0878198221326,
        "max": 2.12196755409,
        "mean": 0.328712463379,
        "median": 0.29432156682,
        "min": 2.26416582423e-13,
        "var": 0.0659444630146
    },
    "spectral_energyband_high": {
        "dmean": 0.00101091014221,
        "dmean2": 0.0011777933687,
        "dvar": 8.11284371594e-06,
        "dvar2": 1.24417301777e-05,
        "max": 0.0873779729009,
        "mean": 0.00355219189078,
        "median": 0.000407063926104,
        "min": 1.55696053381e-13,
        "var": 5.43142959941e-05
    },
    "spectral_energyband_low": {
        "dmean": 0.12022485584,
        "dmean2": 0.190447688103,
        "dvar": 0.0345446430147,
        "dvar2": 0.0875351950526,
        "max": 2.08512473106,
        "mean": 0.311762928963,
        "median": 0.277193963528,
        "min": 5.33655701891e-15,
        "var": 0.0632230862975
    },
    "spectral_energyband_middle_high": {
        "dmean": 0.00019503236399,
        "dmean2": 0.000298949948046,
        "dvar": 2.0005225565e-07,
        "dvar2": 5.16225384217e-07,
        "max": 0.00951292924583,
        "mean": 0.000672159600072,
        "median": 0.000443325378001,
        "min": 3.45026639908e-14,
        "var": 5.68884331642e-07
    },
    "spectral_energyband_middle_low": {
        "dmean": 0.00428212527186,
        "dmean2": 0.00697984592989,
        "dvar": 8.28346528579e-05,
        "dvar2": 0.000213032748434,
        "max": 0.298634082079,
        "mean": 0.010949592106,
        "median": 0.00767921935767,
        "min": 5.26133075231e-15,
        "var": 0.000136780785397
    },
    "spectral_entropy": {
        "dmean": 0.185962468386,
        "dmean2": 0.264087617397,
        "dvar": 0.0491971746087,
        "dvar2": 0.0913880541921,
        "max": 9.05924892426,
        "mean": 7.17456293106,
        "median": 7.27288103104,
        "min": 4.60576629639,
        "var": 0.925528645515
    },
    "spectral_flux": {
        "dmean": 0.0758202373981,
        "dmean2": 0.133690789342,
        "dvar": 0.00893900450319,
        "dvar2": 0.0271046292037,
        "max": 1.02317476273,
        "mean": 0.177304401994,
        "median": 0.127305492759,
        "min": 1.27638541016e-05,
        "var": 0.0226753447205
    },
    "spectral_kurtosis": {
        "dmean": 2.75299239159,
        "dmean2": 4.60586023331,
        "dvar": 27.5562496185,
        "dvar2": 79.8245010376,
        "max": 93.5272903442,
        "mean": 10.0297498703,
        "median": 3.37691736221,
        "min": -1.00800597668,
        "var": 243.573684692
    },
    "spectral_rms": {
        "dmean": 0.003007076215,
        "dmean2": 0.00466076284647,
        "dvar": 1.47572336573e-05,
        "dvar2": 3.82272774004e-05,
        "max": 0.0454995855689,
        "mean": 0.0164020713419,
        "median": 0.0169452931732,
        "min": 1.48625112217e-08,
        "var": 5.16643412993e-05
    },
    "spectral_rolloff": {
        "dmean": 248.533050537,
        "dmean2": 442.783294678,
        "dvar": 1767254.125,
        "dvar2": 4512719.5,
        "max": 18755.4199219,
        "mean": 503.075469971,
        "median": 86.1328125,
        "min": 21.533203125,
        "var": 3877480.75
    },
    "spectral_skewness": {
        "dmean": 0.27721080184,
        "dmean2": 0.428153574467,
        "dvar": 0.131098598242,
        "dvar2": 0.325326621532,
        "max": 8.13497924805,
        "mean": 2.221971035,
        "median": 1.79604399204,
        "min": 0.102377772331,
        "var": 2.25008773804
    },
    "spectral_spread": {
        "dmean": 648702.875,
        "dmean2": 889936.1875,
        "dvar": 843686936576,
        "dvar2": 1.42613558067e+12,
        "max": 19126586,
        "mean": 7411159,
        "median": 7288221,
        "min": 948023.75,
        "var": 1.71940165714e+13
    },
    "spectral_strongpeak": {
        "dmean": 0.296693593264,
        "dmean2": 0.46825632453,
        "dvar": 0.205133140087,
        "dvar2": 0.524089694023,
        "max": 19.7567424774,
        "mean": 1.031006217,
        "median": 1.03250455856,
        "min": 0,
        "var": 0.490835309029
    },
    "zerocrossingrate": {
        "dmean": 0.00907652080059,
        "dmean2": 0.0120383156464,
        "dvar": 0.00037375028478,
        "dvar2": 0.000741743191611,
        "max": 0.529296875,
        "mean": 0.0298355817795,
        "median": 0.01171875,
        "min": 0,
        "var": 0.00277965376154
    },
    "barkbands": {
        "dmean": [0.0158981196582, 0.109514690936, 0.0136677240953, 0.00255978037603, 0.00240417174064, 0.000834097038023, 0.000341955950717, 0.000180773597094, 0.000117375573609, 0.000107690684672, 5.35362887604e-05, 4.85009804834e-05, 2.66886236204e-05, 2.06761178561e-05, 1.99092955881e-05, 1.80238675966e-05, 2.09057816392e-05, 2.53392390732e-05, 2.66023125732e-05, 5.43567330169e-05, 7.92942373664e-05, 7.14807611075e-05, 9.00224476936e-05, 0.000137652066769, 0.000327548041241, 0.000450844003353, 7.18902720109e-06],
        "dmean2": [0.0281782634556, 0.171868488193, 0.0223599262536, 0.00430111447349, 0.00393018266186, 0.00129045767244, 0.000546376570128, 0.000293284247164, 0.000197558809305, 0.000180201386684, 9.1963003797e-05, 7.74377913331e-05, 4.42891287094e-05, 3.48197354469e-05, 3.3241991332e-05, 3.00418214465e-05, 3.33333373419e-05, 3.94867965952e-05, 3.9163063775e-05, 8.41837681946e-05, 0.000113460780995, 0.000102987207356, 0.000134767818963, 0.000187857833225, 0.000404605205404, 0.000580188643653, 9.96432663669e-06],
        "dvar": [0.000969410699327, 0.0288869142532, 0.000576953520067, 1.8237687982e-05, 4.09464591939e-05, 3.24037637256e-06, 1.2751537497e-06, 1.501345821e-07, 8.40171523464e-08, 8.1162689014e-08, 2.49162130928e-08, 5.8793836466e-09, 1.28669130905e-09, 9.02742713915e-10, 1.11114417667e-09, 9.40559186091e-10, 1.38859712617e-09, 2.48381515355e-09, 2.65472466232e-09, 1.78317680621e-08, 3.74340167753e-08, 2.36103900875e-08, 4.25409538707e-08, 1.34802064622e-07, 1.24491396036e-06, 2.24970813179e-06, 5.38902422687e-10],
        "dvar2": [0.00288113253191, 0.0712748467922, 0.00163833796978, 5.22879236087e-05, 0.000107473802927, 7.89619934949e-06, 3.12498286803e-06, 4.5009400651e-07, 2.44094906066e-07, 2.24453216902e-07, 7.10203238441e-08, 1.38944908912e-08, 3.4252283232e-09, 2.50945841884e-09, 3.08087821921e-09, 2.63281418889e-09, 3.63683483329e-09, 6.0643881028e-09, 5.66997160334e-09, 5.11468840614e-08, 9.1500631072e-08, 5.15013951485e-08, 9.00975791751e-08, 2.65684604983e-07, 1.86393015156e-06, 4.02881869377e-06, 1.18683218808e-09],
        "max": [0.332397758961, 1.85263442993, 0.325531154871, 0.0628009587526, 0.210528403521, 0.0439212657511, 0.0257581695914, 0.00948029011488, 0.00601726211607, 0.00603471696377, 0.0048566898331, 0.00172417680733, 0.000533452373929, 0.000595937774051, 0.000470504135592, 0.0004781903408, 0.00102375645656, 0.00121465476695, 0.0012199957855, 0.00239246943966, 0.00340410368517, 0.00327595509589, 0.00514673534781, 0.00938694830984, 0.0355503894389, 0.0425084158778, 0.000532215111889],
        "mean": [0.020226906985, 0.268610775471, 0.0247238837183, 0.00398917077109, 0.00417036516592, 0.00154977943748, 0.000568642222788, 0.000401930185035, 0.000213708743104, 0.000174160144525, 7.90651101852e-05, 9.44269340835e-05, 5.12006918143e-05, 4.14712048951e-05, 4.01289289584e-05, 3.38732643286e-05, 4.42860655312e-05, 5.42597699678e-05, 5.91198986513e-05, 0.000117901196063, 0.000181862109457, 0.000200222624699, 0.000253089441685, 0.000402793317335, 0.000861113076098, 0.00155823805835, 1.05292529042e-05],
        "median": [0.00890049152076, 0.229143187404, 0.017814444378, 0.00261901109479, 0.00243505020626, 0.000674392096698, 0.000178808200872, 0.000266268005362, 0.000112121328129, 6.27186527709e-05, 3.85410603485e-05, 6.27010085736e-05, 3.77308715542e-05, 2.82604814856e-05, 2.54187689279e-05, 1.78031295945e-05, 2.00516878976e-05, 1.74965189217e-05, 1.78913378477e-05, 2.06150270969e-05, 2.66552997346e-05, 4.17413939431e-05, 4.87714278279e-05, 4.5970937208e-05, 7.15015630703e-05, 6.53986426187e-05, 3.22652255136e-07],
        "min": [2.83260226595e-15, 2.93426400731e-15, 8.06311414799e-16, 3.78563561614e-16, 1.03068694852e-15, 7.22248847558e-16, 6.68508524582e-16, 6.1413848555e-16, 1.09613877254e-15, 3.10128175209e-15, 1.15013881699e-15, 9.516199169e-16, 1.09509776904e-15, 5.17514260883e-15, 4.23077795264e-15, 7.10074443007e-16, 7.48461944413e-15, 5.04487995297e-15, 2.00148104436e-15, 6.41462413175e-15, 4.63778448357e-15, 1.66355153258e-14, 1.54461607892e-14, 2.39942106169e-14, 1.83284360318e-14, 4.00617344474e-14, 4.17883569003e-14],
        "var": [0.00107244134415, 0.0522878132761, 0.00068242510315, 2.18632903852e-05, 4.2389256123e-05, 5.78357094128e-06, 2.71989233624e-06, 2.53370330938e-07, 1.37955524337e-07, 1.18943127347e-07, 2.51403395879e-08, 1.33016486714e-08, 2.50950793479e-09, 1.89306881282e-09, 2.28822805148e-09, 2.04023842265e-09, 4.0630716569e-09, 7.51286144407e-09, 9.4991996491e-09, 5.94043640945e-08, 1.57603736284e-07, 1.27938420746e-07, 1.95247338297e-07, 6.89846103796e-07, 5.26971871295e-06, 1.51698695845e-05, 9.56181134271e-10]
    },
    "erbbands": {
        "dmean": [5.0946559906, 18.1341171265, 16.0328979492, 10.368388176, 7.81215429306, 9.10555553436, 6.03788375854, 6.83592414856, 4.8503537178, 5.38554477692, 3.47817182541, 2.56713938713, 2.7049369812, 2.79201960564, 2.01094579697, 2.02767348289, 1.0892457962, 1.00874209404, 0.904617607594, 0.945593774319, 0.923762142658, 1.18052899837, 1.23443353176, 1.14222061634, 1.46340274811, 2.62749910355, 4.07055664062, 2.2896668911, 2.61722779274, 2.30424237251, 2.70141601562, 2.72894454002, 2.6450946331, 2.95657539368, 2.82830190659, 1.76220726967, 0.973572671413, 0.14409853518, 0.00296468287706, 0.000227383163292],
        "dmean2": [7.91049194336, 28.792755127, 26.4119930267, 17.5437850952, 12.991941452, 14.9225730896, 9.66929244995, 10.6445684433, 7.74959564209, 9.37022972107, 5.61059141159, 4.33542251587, 4.4758810997, 4.65955591202, 3.45365786552, 3.21600914001, 1.79906690121, 1.68840563297, 1.51614964008, 1.5455518961, 1.49689209461, 1.86784160137, 1.93085181713, 1.71334779263, 2.10154414177, 4.16114902496, 6.26613235474, 3.19440412521, 3.71930098534, 3.36892843246, 4.06429672241, 3.86100530624, 3.59536361694, 3.9175491333, 3.53302931786, 2.20225095749, 1.31622362137, 0.202884793282, 0.00405938504264, 0.000334030744852],
        "dvar": [71.6511993408, 748.135681152, 682.342468262, 301.903991699, 176.458847046, 940.491577148, 499.685913086, 167.102096558, 216.480865479, 436.004058838, 36.108291626, 41.4213256836, 44.4267616272, 49.8997116089, 38.2232894897, 10.2926120758, 2.09606719017, 2.07464122772, 1.9649848938, 2.12771058083, 2.72595286369, 4.55783367157, 6.1839056015, 5.02146434784, 8.34522151947, 41.4351997375, 130.997268677, 24.6160469055, 31.5680389404, 21.8770217896, 40.0485420227, 46.5734443665, 53.2280578613, 94.1970672607, 94.8095397949, 37.2597389221, 10.5741167068, 0.217464953661, 6.61475933157e-05, 1.86156853488e-07],
        "dvar2": [179.028579712, 1909.18395996, 1910.67419434, 857.490478516, 487.228027344, 2476.98339844, 1198.69030762, 442.294769287, 547.053344727, 1409.30603027, 101.908760071, 123.227737427, 121.035697937, 134.800216675, 108.611930847, 23.3041629791, 5.41576385498, 5.68100357056, 5.46094417572, 5.48895215988, 7.22279405594, 11.8008327484, 15.2609958649, 10.960565567, 17.1243915558, 121.864479065, 367.628417969, 48.9613075256, 68.2308502197, 44.3037452698, 85.9366760254, 97.4899368286, 106.976959229, 156.748825073, 157.38130188, 69.0349578857, 20.4249629974, 0.469597011805, 0.000136787100928, 3.97225562665e-07],
        "max": [85.0929031372, 328.409179688, 337.53994751, 346.565917969, 183.930847168, 1028.99536133, 884.837219238, 252.071014404, 319.849212646, 433.062652588, 153.369262695, 134.687652588, 127.201408386, 130.642883301, 195.126266479, 69.2382049561, 23.9311084747, 31.0463943481, 20.9965400696, 20.4440612793, 33.4643669128, 59.0736274719, 53.5858078003, 56.529548645, 56.5198707581, 144.363647461, 149.385864258, 99.8042297363, 107.89780426, 86.581237793, 178.248901367, 160.244430542, 177.152313232, 262.010192871, 327.472930908, 210.115936279, 84.1922912598, 13.2962284088, 0.238307371736, 0.0127172926441],
        "mean": [12.0088920593, 43.9249572754, 32.6092567444, 18.7021007538, 14.2035541534, 15.2120666504, 10.4804935455, 12.6069068909, 7.76545906067, 8.71557235718, 9.13449573517, 5.0272359848, 4.56017446518, 4.54916095734, 3.55453109741, 3.9469833374, 2.42369794846, 2.2542052269, 2.00175476074, 2.08406496048, 2.01008677483, 2.60731124878, 2.76055002213, 2.75592327118, 3.44161844254, 5.60060119629, 7.97128868103, 6.51309728622, 7.20761060715, 7.03493070602, 7.37713479996, 7.47498559952, 7.36020755768, 7.60511541367, 7.18061685562, 5.14345359802, 3.29956269264, 0.417244136333, 0.00839922390878, 0.000712450302672],
        "median": [10.0136995316, 38.1030578613, 25.4696655273, 13.4418401718, 9.71917152405, 8.51816272736, 5.54581594467, 5.49160146713, 3.21198129654, 2.95625376701, 7.03079652786, 2.76714468002, 1.62523210049, 2.02650332451, 1.94220912457, 2.56825399399, 1.90376055241, 1.65480804443, 1.38937652111, 1.29433238506, 1.0074224472, 1.16356611252, 0.972092032433, 0.954092979431, 0.872780263424, 0.990852057934, 1.0865790844, 1.07351768017, 1.3484660387, 1.57361459732, 1.3396627903, 1.10467553139, 0.751222789288, 0.511342167854, 0.570890307426, 0.275370240211, 0.128668859601, 0.0173907037824, 0.000795736443251, 0.00043493884732],
        "min": [1.27873189468e-13, 5.11737841772e-13, 9.78257622478e-13, 1.16893040386e-12, 1.84970441741e-12, 3.85769237735e-12, 5.43932520553e-12, 5.998930519e-12, 8.60695455879e-12, 1.1345796698e-11, 1.46613016866e-11, 2.30301177434e-11, 7.21727538844e-11, 9.49698444885e-11, 2.74187408889e-11, 4.67225355627e-11, 5.7090235317e-11, 1.58394755645e-10, 3.2595884325e-10, 1.22346272002e-10, 5.64371049894e-11, 4.35745051153e-10, 3.12816827996e-10, 1.31073707443e-10, 1.66854766115e-10, 3.06337621936e-10, 1.9295061382e-10, 2.45405751276e-10, 6.79001022075e-10, 7.49708573e-10, 2.9651922584e-10, 4.33463737126e-10, 4.28520358087e-10, 2.17592180385e-10, 1.23158566678e-10, 1.25551125052e-10, 7.93344417938e-11, 2.63611545787e-11, 6.20572473617e-12, 5.41983558727e-13],
        "var": [116.839317322, 1330.42114258, 877.937561035, 363.964447021, 230.264022827, 857.241760254, 541.017700195, 327.863861084, 324.647338867, 683.661560059, 82.8087768555, 69.6240997314, 74.3044967651, 67.1211624146, 41.94947052, 23.0953903198, 4.89965629578, 4.72760915756, 4.69904899597, 5.89137744904, 7.23873186111, 13.7593851089, 18.019618988, 18.7483959198, 33.9661750793, 128.040679932, 363.355987549, 165.540084839, 182.589691162, 141.85949707, 171.118499756, 220.103317261, 250.933868408, 384.774749756, 365.618438721, 170.483123779, 71.2358093262, 1.19223558903, 0.000371163332602, 8.15088128547e-07]
    },
    "gfcc": {
        "mean": [-26.2910671234, 91.0257415771, -22.3553886414, 43.8292427063, -29.1673908234, 29.7101573944, -18.1347942352, 15.0083522797, -13.4565896988, 10.8911876678, -11.9247379303, 5.25590133667, -10.571516037],
        "cov": [[28128.0039062, -267.520080566, 2421.51098633, 1200.07116699, -1331.67102051, 725.84588623, -799.366699219, 738.798461914, -616.259033203, 634.317810059, -744.666503906, 347.334716797, -230.788665771], [-267.520080566, 4216.67431641, 35.462387085, -534.374694824, 609.321838379, -280.573547363, 562.725158691, -486.931060791, 640.321289062, -385.78012085, 214.173049927, -444.116973877, 256.170562744], [2421.51098633, 35.462387085, 656.337890625, -1.74477887154, 15.993229866, 122.062858582, -56.7848243713, 94.8856658936, -38.9891624451, 88.1354217529, -64.5187911987, 4.89848184586, -51.5345993042], [1200.07116699, -534.374694824, -1.74477887154, 359.916168213, -154.475082397, 94.5650100708, -46.8844680786, 54.8276252747, -67.6318588257, 84.0913925171, -60.9837875366, 34.3482513428, -18.8728408813], [-1331.67102051, 609.321838379, 15.993229866, -154.475082397, 293.300445557, -49.0536003113, 150.191619873, -86.1522521973, 140.967483521, -82.5770492554, 82.328414917, -87.9119873047, 49.5173339844], [725.84588623, -280.573547363, 122.062858582, 94.5650100708, -49.0536003113, 120.202209473, -31.3259811401, 59.8992004395, -53.1419944763, 64.0124511719, -36.3685188293, 28.915555954, -22.299079895], [-799.366699219, 562.725158691, -56.7848243713, -46.8844680786, 150.191619873, -31.3259811401, 192.688568115, -76.0191955566, 141.886642456, -68.3023223877, 57.3806648254, -87.3990631104, 50.7907714844], [738.798461914, -486.931060791, 94.8856658936, 54.8276252747, -86.1522521973, 59.8992004395, -76.0191955566, 144.883087158, -80.0801696777, 62.2255783081, -38.6051483154, 62.9645614624, -41.8439445496], [-616.259033203, 640.321289062, -38.9891624451, -67.6318588257, 140.967483521, -53.1419944763, 141.886642456, -80.0801696777, 171.658203125, -54.9882469177, 62.4482460022, -83.0468444824, 49.1903266907], [634.317810059, -385.78012085, 88.1354217529, 84.0913925171, -82.5770492554, 64.0124511719, -68.3023223877, 62.2255783081, -54.9882469177, 101.271377563, -22.3847980499, 49.5098991394, -29.2301902771], [-744.666503906, 214.173049927, -64.5187911987, -60.9837875366, 82.328414917, -36.3685188293, 57.3806648254, -38.6051483154, 62.4482460022, -22.3847980499, 77.7190170288, -8.92779159546, 29.4881973267], [347.334716797, -444.116973877, 4.89848184586, 34.3482513428, -87.9119873047, 28.915555954, -87.3990631104, 62.9645614624, -83.0468444824, 49.5098991394, -8.92779159546, 102.416633606, -16.336315155], [-230.788665771, 256.170562744, -51.5345993042, -18.8728408813, 49.5173339844, -22.299079895, 50.7907714844, -41.8439445496, 49.1903266907, -29.2301902771, 29.4881973267, -16.336315155, 65.1436386108]],
        "icov": [[0.000168442347785, -0.00039324365207, -0.000401373108616, -0.000576943100896, 0.00038710021181, 0.000136579605169, 0.000142369332025, -0.000596820609644, 0.000338018580806, -0.000299238221487, 0.000712843844667, -0.00080019980669, 3.76243838218e-06], [-0.00039324365207, 0.00220386078581, 4.04562924814e-05, 0.00221203221008, 0.00023491938191, -0.000751739717089, -4.07414154324e-05, 0.002857059706, -0.00356149650179, 0.00293821934611, -0.00234139966778, 0.00395432859659, -0.00189650512766], [-0.000401373108616, 4.04562924814e-05, 0.00414710259065, 0.00158044917043, -0.003041197313, -0.00199742335826, 0.000374746479793, -0.000353866867954, 0.000121827819385, -0.00271668098867, 0.00115818483755, 0.0010836487636, 0.00170253589749], [-0.000576943100896, 0.00221203221008, 0.00158044917043, 0.00756419682875, 0.00137386715505, -0.00338312331587, -0.00174664380029, 0.0032949054148, -0.00300059490837, -0.000430231302744, -0.000731186359189, 0.00488350912929, -0.00239662593231], [0.00038710021181, 0.00023491938191, -0.003041197313, 0.00137386715505, 0.0116359069943, -0.00213332218118, -0.00162600236945, 0.000196342880372, -0.00263254274614, 0.00467572268099, -0.00572289340198, 0.00321859610267, -0.00225781067275], [0.000136579605169, -0.000751739717089, -0.00199742335826, -0.00338312331587, -0.00213332218118, 0.0196811445057, -0.00599327916279, -0.00287777301855, 0.00688418652862, -0.00959498621523, 0.00508859101683, -0.00262605398893, -0.000402944453526], [0.000142369332025, -4.07414154324e-05, 0.000374746479793, -0.00174664380029, -0.00162600236945, -0.00599327916279, 0.0197477824986, -0.001431935234, -0.0104763451964, 0.00678641395643, -0.00399215007201, 0.0054054223001, -0.0025586693082], [-0.000596820609644, 0.002857059706, -0.000353866867954, 0.0032949054148, 0.000196342880372, -0.00287777301855, -0.001431935234, 0.0171738862991, -0.00373326474801, 0.001508594607, -0.000661750149447, -0.000987279112451, 0.00188651261851], [0.000338018580806, -0.00356149650179, 0.000121827819385, -0.00300059490837, -0.00263254274614, 0.00688418652862, -0.0104763451964, -0.00373326474801, 0.0294690653682, -0.0105061363429, -0.00369126349688, 0.00218419544399, -0.000190260456293], [-0.000299238221487, 0.00293821934611, -0.00271668098867, -0.000430231302744, 0.00467572268099, -0.00959498621523, 0.00678641395643, 0.001508594607, -0.0105061363429, 0.0307203046978, -0.0100197382271, 0.00146451243199, 0.000571509415749], [0.000712843844667, -0.00234139966778, 0.00115818483755, -0.000731186359189, -0.00572289340198, 0.00508859101683, -0.00399215007201, -0.000661750149447, -0.00369126349688, -0.0100197382271, 0.036153562367, -0.0169026218355, -0.00109612941742], [-0.00080019980669, 0.00395432859659, 0.0010836487636, 0.00488350912929, 0.00321859610267, -0.00262605398893, 0.0054054223001, -0.000987279112451, 0.00218419544399, 0.00146451243199, -0.0169026218355, 0.0348274447024, -0.00891405530274], [3.76243838218e-06, -0.00189650512766, 0.00170253589749, -0.00239662593231, -0.00225781067275, -0.000402944453526, -0.0025586693082, 0.00188651261851, -0.000190260456293, 0.000571509415749, -0.00109612941742, -0.00891405530274, 0.026920221746]]
    },
    "melbands": {
        "dmean": [0.0366974398494, 0.0119004957378, 0.0016971162986, 0.000610207032878, 0.000233885089983, 0.000151522443048, 7.36178990337e-05, 5.51924567844e-05, 2.90503576252e-05, 1.47049649968e-05, 1.39532212415e-05, 1.25625929286e-05, 7.97639040684e-06, 5.14798966833e-06, 3.92929814552e-06, 2.55423401541e-06, 2.04032789952e-06, 1.62742480825e-06, 1.53112728185e-06, 1.3041415059e-06, 1.13400983537e-06, 1.30350190375e-06, 1.30721605274e-06, 1.17360445984e-06, 9.67087316894e-07, 1.14305908028e-06, 1.10769133244e-06, 2.05730952985e-06, 2.93830794362e-06, 1.92198399418e-06, 1.31194826736e-06, 1.49560003138e-06, 1.65702113009e-06, 1.36179926358e-06, 1.63370384598e-06, 1.75522802692e-06, 1.80959909812e-06, 2.02774026548e-06, 1.96821474674e-06, 2.96724374493e-06],
        "dmean2": [0.0573580265045, 0.0192187316716, 0.00284693553112, 0.000989834661596, 0.000380666460842, 0.000234536113567, 0.000116721414088, 9.50284957071e-05, 4.71175590064e-05, 2.48084088526e-05, 2.31586673181e-05, 2.10084854189e-05, 1.36936168929e-05, 8.39581844048e-06, 6.18703552391e-06, 4.27812074122e-06, 3.42853513757e-06, 2.72352917818e-06, 2.53004236583e-06, 2.16113267015e-06, 1.84493865163e-06, 2.10304574466e-06, 2.12974850911e-06, 1.81596226412e-06, 1.49263712501e-06, 1.72649117758e-06, 1.6871134676e-06, 3.32212380272e-06, 4.76560853713e-06, 2.83469080387e-06, 1.99721853278e-06, 2.14938268073e-06, 2.58944555753e-06, 2.05090441341e-06, 2.56813905253e-06, 2.64113577941e-06, 2.58915224549e-06, 2.87350871986e-06, 2.71881162917e-06, 3.97265785068e-06],
        "dvar": [0.00343523407355, 0.000285642076051, 7.78923094913e-06, 1.79936262157e-06, 1.00243869383e-06, 8.49822683335e-08, 4.83660862471e-08, 4.0168078641e-08, 2.67645394736e-09, 1.30301303081e-09, 1.23743515434e-09, 1.03158559472e-09, 5.92535964739e-10, 8.09058584017e-11, 3.10144791793e-11, 1.19477145191e-11, 8.80831432098e-12, 5.58876816353e-12, 6.50120148687e-12, 4.2074989326e-12, 4.43476635623e-12, 5.32877344681e-12, 6.41746421629e-12, 5.76992186668e-12, 3.66788890926e-12, 5.27566315286e-12, 4.95054431476e-12, 2.71107754302e-11, 7.52342493859e-11, 2.29792452427e-11, 8.95337103068e-12, 9.98763745319e-12, 1.30494113779e-11, 7.47645955562e-12, 1.36516102242e-11, 2.21027016134e-11, 1.86214082348e-11, 3.42395521657e-11, 3.1423162683e-11, 1.01601942137e-10],
        "dvar2": [0.00856482796371, 0.000771718856413, 2.20487436309e-05, 4.77858111481e-06, 2.48409878623e-06, 2.18818186681e-07, 1.17913643294e-07, 1.31987363261e-07, 7.46637152105e-09, 3.84850107338e-09, 3.39107497638e-09, 2.80884360215e-09, 1.69519243087e-09, 1.96727314994e-10, 7.1256105183e-11, 3.26645481497e-11, 2.43509275244e-11, 1.54905307331e-11, 1.73062571218e-11, 1.18601448107e-11, 1.17094207594e-11, 1.39609677985e-11, 1.65796387036e-11, 1.3892064582e-11, 8.27340626564e-12, 1.18725567572e-11, 1.10349672108e-11, 8.16528233916e-11, 2.30804000911e-10, 4.93177720884e-11, 1.93355227662e-11, 2.14143373173e-11, 3.15240993032e-11, 1.54610265563e-11, 3.08213662925e-11, 5.20130917503e-11, 3.85483416021e-11, 7.40994210435e-11, 6.23808296685e-11, 1.79056006133e-10],
        "max": [0.627927839756, 0.210832804441, 0.049767088145, 0.0373338460922, 0.0395794175565, 0.00616993755102, 0.00478045735508, 0.0041901608929, 0.00118957448285, 0.000737642345484, 0.000650853675324, 0.000588791328482, 0.000761929724831, 0.000240029708948, 8.4640843852e-05, 4.63555297756e-05, 6.24915483058e-05, 3.37115234288e-05, 4.23867459176e-05, 3.24707834807e-05, 5.01587383042e-05, 6.2909515691e-05, 6.40939106233e-05, 5.03710107296e-05, 4.90798192914e-05, 5.09732744831e-05, 5.25706018379e-05, 0.000106440966192, 0.000107596788439, 9.10501621547e-05, 7.04580597812e-05, 6.92535832059e-05, 5.58315114176e-05, 4.95576969115e-05, 8.89163275133e-05, 0.000114920920169, 0.000114492060675, 0.000129920896143, 0.000181847994099, 0.000273215555353],
        "mean": [0.08948110044, 0.0292953215539, 0.00331644061953, 0.00114004744682, 0.000407421553973, 0.000283015629975, 0.000118238189316, 9.00998929865e-05, 7.57692832849e-05, 2.72378638329e-05, 2.27156888286e-05, 1.91673188965e-05, 1.2300650269e-05, 1.00851411844e-05, 7.7382183008e-06, 4.8662145673e-06, 4.19700154453e-06, 3.23784229295e-06, 2.99964085571e-06, 2.50956486525e-06, 2.32933712141e-06, 2.67297150458e-06, 2.58697241406e-06, 2.49845925282e-06, 2.1544815354e-06, 2.36014079746e-06, 2.45223031925e-06, 4.08308233091e-06, 5.0952003221e-06, 4.60725368612e-06, 3.38418908541e-06, 3.91870344174e-06, 4.14883561461e-06, 3.85811335946e-06, 4.07111338063e-06, 4.39943687525e-06, 4.69837868877e-06, 5.15403507961e-06, 5.12460337632e-06, 6.81164328853e-06],
        "median": [0.0756356418133, 0.0270894877613, 0.00247178436257, 0.000697548850439, 0.000225918134674, 0.000122969591757, 4.3519641622e-05, 3.26460758515e-05, 6.05672903475e-05, 1.33867479235e-05, 7.81875405664e-06, 7.89831756265e-06, 6.28912903267e-06, 6.44467627353e-06, 5.46465344087e-06, 3.57739872925e-06, 2.96130201605e-06, 2.17094611799e-06, 1.84354041721e-06, 1.44532668855e-06, 1.0889331179e-06, 1.17746230899e-06, 1.07303822006e-06, 7.39706194963e-07, 7.44956423659e-07, 6.41063593321e-07, 5.55508790967e-07, 6.71344935199e-07, 6.86627572577e-07, 6.11038956322e-07, 6.14153009337e-07, 7.11762311312e-07, 8.62980300553e-07, 8.70094481797e-07, 7.38405901757e-07, 7.30144222416e-07, 6.01995850502e-07, 5.63471530768e-07, 4.40433183257e-07, 3.72776355562e-07],
        "min": [1.11478694402e-15, 5.77698016428e-16, 2.19023741328e-16, 2.02357216655e-16, 1.93804751457e-16, 1.3655338427e-16, 1.33848993358e-16, 1.25950556709e-16, 1.20282794561e-16, 1.55366131613e-16, 3.73987651405e-16, 4.0650037581e-16, 1.19643244981e-16, 8.77438187513e-17, 1.30845216004e-16, 1.05873129619e-16, 3.36716322371e-16, 5.96676424886e-16, 2.69729674649e-16, 7.99866777854e-17, 4.68626867594e-17, 3.82319623339e-16, 5.4972533568e-16, 1.54512401811e-16, 9.62541043561e-17, 7.90939844684e-17, 2.0188164736e-16, 1.96500949972e-16, 1.20986003961e-16, 1.06666640672e-16, 1.38411099577e-16, 4.62658871971e-16, 2.12209533321e-16, 5.04083177076e-16, 1.59623253031e-16, 1.17458442608e-16, 3.19334226912e-16, 3.0878840202e-16, 2.15437814111e-16, 1.69294595813e-16],
        "var": [0.00600858824328, 0.000482622475829, 1.0097489394e-05, 2.19347680286e-06, 9.54613369686e-07, 1.68233569298e-07, 8.39787404061e-08, 6.09819963415e-08, 5.46832445991e-09, 2.20471263468e-09, 1.98677541086e-09, 1.30632604733e-09, 5.94314986113e-10, 1.80036749398e-10, 6.79745704169e-11, 2.27449326734e-11, 1.82965847334e-11, 1.27796089683e-11, 1.31125917416e-11, 9.73710782143e-12, 1.08933816828e-11, 1.49782252573e-11, 1.54455979257e-11, 1.64609922915e-11, 1.21388602295e-11, 1.61083750505e-11, 1.88203515272e-11, 7.3227257591e-11, 1.5800176445e-10, 1.11075502962e-10, 4.15133413756e-11, 5.59815215018e-11, 5.50532605614e-11, 4.36684577387e-11, 5.17845905046e-11, 7.40693201218e-11, 9.0689122878e-11, 1.28269311839e-10, 1.28359017859e-10, 3.60111551689e-10]
    },
    "mfcc": {
        "mean": [-692.36315918, 135.130371094, 65.6474227905, 37.8314323425, 24.8475551605, 25.4345989227, 14.5532989502, 13.9005060196, 10.0726156235, 9.95528888702, 7.60155439377, 7.06878423691, 4.13400745392],
        "cov": [[13921.9111328, -1970.64526367, 1618.02966309, 621.713806152, 239.253799438, 3.66856074333, 254.780426025, 117.082946777, 37.3559570312, -122.785140991, -24.522644043, 217.024154663, 72.4535980225], [-1970.64526367, 4011.88696289, -253.632049561, 94.9017181396, 165.218353271, 308.349609375, 13.4035997391, 162.484603882, 114.760726929, 179.358047485, 96.9280319214, -8.7273683548, 36.1959342957], [1618.02966309, -253.632049561, 451.031646729, 61.4625549316, 109.869880676, 36.6331176758, 85.5293807983, 6.13494253159, 16.9068374634, 15.9550466537, 42.7956199646, 27.4488182068, 8.83402824402], [621.713806152, 94.9017181396, 61.4625549316, 186.272079468, 12.5945091248, 87.1406555176, 13.5944986343, 28.4620304108, 29.2251434326, 43.8862876892, 7.32385540009, 15.1320543289, 11.5164451599], [239.253799438, 165.218353271, 109.869880676, 12.5945091248, 134.682739258, 22.3933925629, 48.3612060547, 10.0917644501, 19.0684528351, 10.8404607773, 25.1363525391, 11.611325264, 5.50950574875], [3.66856074333, 308.349609375, 36.6331176758, 87.1406555176, 22.3933925629, 160.34223938, 23.0649051666, 16.220708847, 29.4342594147, 53.3762588501, 15.9524412155, 4.65155792236, 14.7964267731], [254.780426025, 13.4035997391, 85.5293807983, 13.5944986343, 48.3612060547, 23.0649051666, 73.5226516724, 20.9613628387, 22.6544914246, 15.0030441284, 12.4322528839, 5.84185886383, 2.18615579605], [117.082946777, 162.484603882, 6.13494253159, 28.4620304108, 10.0917644501, 16.220708847, 20.9613628387, 65.7426452637, 23.4966411591, 14.0419549942, 11.5880298615, 9.1282453537, 3.81933307648], [37.3559570312, 114.760726929, 16.9068374634, 29.2251434326, 19.0684528351, 29.4342594147, 22.6544914246, 23.4966411591, 54.7274284363, 34.2762756348, 9.12361907959, 2.23166203499, 5.6841173172], [-122.785140991, 179.358047485, 15.9550466537, 43.8862876892, 10.8404607773, 53.3762588501, 15.0030441284, 14.0419549942, 34.2762756348, 65.2321472168, 26.2133464813, 2.54101681709, 4.88992738724], [-24.522644043, 96.9280319214, 42.7956199646, 7.32385540009, 25.1363525391, 15.9524412155, 12.4322528839, 11.5880298615, 9.12361907959, 26.2133464813, 53.2110939026, 18.0286979675, 4.75176477432], [217.024154663, -8.7273683548, 27.4488182068, 15.1320543289, 11.611325264, 4.65155792236, 5.84185886383, 9.1282453537, 2.23166203499, 2.54101681709, 18.0286979675, 43.9745101929, 16.7872867584], [72.4535980225, 36.1959342957, 8.83402824402, 11.5164451599, 5.50950574875, 14.7964267731, 2.18615579605, 3.81933307648, 5.6841173172, 4.88992738724, 4.75176477432, 16.7872867584, 31.9195480347]],
