{
"lowlevel": {
    "average_loudness": 0.702943861485,
    "barkbands_crest": {
        "dmean": 3.37322402,
        "dmean2": 5.20438575745,
        "dvar": 11.1001873016,
        "dvar2": 24.7322330475,
        "max": 26.1664180756,
        "mean": 12.9504652023,
        "median": 11.6517963409,
        "min": 2.75331306458,
        "var": 31.9426841736
    },
    "barkbands_flatness_db": {
        "dmean": 0.0371787473559,
        "dmean2": 0.0536071546376,
        "dvar": 0.00143122952431,
        "dvar2": 0.00248137162998,
        "max": 0.588604271412,
        "mean": 0.223090663552,
        "median": 0.21602293849,
        "min": 0.013095469214,
        "var": 0.00838566292077
    },
    "barkbands_kurtosis": {
        "dmean": 11.472902298,
        "dmean2": 17.8527698517,
        "dvar": 742.062866211,
        "dvar2": 1726.19421387,
        "max": 571.713684082,
        "mean": 14.2034711838,
        "median": 6.69520998001,
        "min": -1.92622435093,
        "var": 931.167175293
    },
    "barkbands_skewness": {
        "dmean": 1.14415323734,
        "dmean2": 1.69515740871,
        "dvar": 1.71905958652,
        "dvar2": 3.79903268814,
        "max": 19.1395225525,
        "mean": 2.62352705002,
        "median": 2.43622350693,
        "min": -8.29257583618,
        "var": 4.73751735687
    },
    "barkbands_spread": {
        "dmean": 11.2542181015,
        "dmean2": 16.6039676666,
        "dvar": 235.300704956,
        "dvar2": 467.423858643,
        "max": 118.522659302,
        "mean": 21.4100818634,
        "median": 11.4729633331,
        "min": 0.179045513272,
        "var": 490.439788818
    },
    "dissonance": {
        "dmean": 0.0243097152561,
        "dmean2": 0.0398288108408,
        "dvar": 0.000514665676747,
        "dvar2": 0.00136844348162,
        "max": 0.500000119209,
        "mean": 0.445789337158,
        "median": 0.453220456839,
        "min": 0.0490047298372,
        "var": 0.00147223088425
    },
    "dynamic_complexity": 3.41792106628,
    "erbbands_crest": {
        "dmean": 2.54586815834,
        "dmean2": 4.17308712006,
        "dvar": 6.09615850449,
        "dvar2": 15.4983873367,
        "max": 32.700592041,
        "mean": 8.60757160187,
        "median": 7.83769702911,
        "min": 2.4001429081,
        "var": 14.3919868469
    },
    "erbbands_flatness_db": {
        "dmean": 0.0257427934557,
        "dmean2": 0.0342311263084,
        "dvar": 0.00092174008023,
        "dvar2": 0.0015685078688,
        "max": 0.50397258997,
        "mean": 0.185843974352,
        "median": 0.156340897083,
        "min": 0.0269239861518,
        "var": 0.00804382096976
    },
    "erbbands_kurtosis": {
        "dmean": 1.40455949306,
        "dmean2": 2.30573034286,
        "dvar": 4.91353845596,
        "dvar2": 12.9142866135,
        "max": 59.4783821106,
        "mean": 0.589706242085,
        "median": 0.0186908245087,
        "min": -1.91712534428,
        "var": 6.02936124802
    },
    "erbbands_skewness": {
        "dmean": 0.544392287731,
        "dmean2": 0.840822041035,
        "dvar": 0.329816251993,
        "dvar2": 0.788409590721,
        "max": 5.04596424103,
        "mean": 0.595423102379,
        "median": 0.642015695572,
        "min": -6.09030246735,
        "var": 0.79792535305
    },
    "erbbands_spread": {
        "dmean": 17.0330982208,
        "dmean2": 25.1524124146,
        "dvar": 468.195709229,
        "dvar2": 901.86340332,
        "max": 181.489807129,
        "mean": 52.3156585693,
        "median": 42.0797348022,
        "min": 0.79362654686,
        "var": 1305.8515625
    },
    "hfc": {
        "dmean": 19.7762184143,
        "dmean2": 31.8773326874,
        "dvar": 1121.60693359,
        "dvar2": 2817.14868164,
        "max": 240.148925781,
        "mean": 24.6214389801,
        "median": 10.8102283478,
        "min": 1.10915940271e-16,
        "var": 1209.25366211
    },
    "melbands_crest": {
        "dmean": 3.64940476418,
        "dmean2": 5.39929771423,
        "dvar": 11.116109848,
        "dvar2": 21.3804740906,
        "max": 36.2991142273,
        "mean": 17.1607131958,
        "median": 15.4619140625,
        "min": 1.65166068077,
        "var": 43.9777565002
    },
    "melbands_flatness_db": {
        "dmean": 0.04359247908,
        "dmean2": 0.0603126063943,
        "dvar": 0.00206105364487,
        "dvar2": 0.00340234325267,
        "max": 0.750035703182,
        "mean": 0.272230625153,
        "median": 0.276584684849,
        "min": 0.00405004946515,
        "var": 0.0117998374626
    },
    "melbands_kurtosis": {
        "dmean": 23.9383773804,
        "dmean2": 37.4656486511,
        "dvar": 2134.04907227,
        "dvar2": 5019.09667969,
        "max": 1015.75408936,
        "mean": 38.3024787903,
        "median": 17.9321136475,
        "min": -1.90356945992,
        "var": 3778.65380859
    },
    "melbands_skewness": {
        "dmean": 1.33783650398,
        "dmean2": 1.98072314262,
        "dvar": 2.08726143837,
        "dvar2": 4.58719348907,
        "max": 22.1674938202,
        "mean": 4.23164319992,
        "median": 3.56303834915,
        "min": -5.57512140274,
        "var": 7.48939418793
    },
    "melbands_spread": {
        "dmean": 11.3584041595,
        "dmean2": 17.130739212,
        "dvar": 434.645141602,
        "dvar2": 950.268981934,
        "max": 230.63218689,
        "mean": 19.5202255249,
        "median": 8.82442474365,
        "min": 0.270241856575,
        "var": 760.62286377
    },
    "pitch_salience": {
        "dmean": 0.0941016823053,
        "dmean2": 0.13728351891,
        "dvar": 0.00838662404567,
        "dvar2": 0.0160698480904,
        "max": 0.94721186161,
        "mean": 0.502143263817,
        "median": 0.533107042313,
        "min": 0.0842818021774,
        "var": 0.0255528576672
    },
    "silence_rate_20dB": {
        "dmean": 0,
        "dmean2": 0,
        "dvar": 0,
        "dvar2": 0,
        "max": 1,
        "mean": 1,
        "median": 1,
        "min": 1,
        "var": 0
    },
    "silence_rate_30dB": {
        "dmean": 0.0992301106453,
        "dmean2": 0.198473289609,
        "dvar": 0.0893903076649,
        "dvar2": 0.218284398317,
        "max": 1,
        "mean": 0.88662981987,
        "median": 1,
        "min": 0,
        "var": 0.100512988865
    },
    "silence_rate_60dB": {
        "dmean": 0.0232940707356,
        "dmean2": 0.0465912073851,
        "dvar": 0.0227565318346,
        "dvar2": 0.0554913058877,
        "max": 1,
        "mean": 0.0894854590297,
        "median": 0,
        "min": 0,
        "var": 0.081468552351
    },
    "spectral_centroid": {
        "dmean": 321.470489502,
        "dmean2": 491.166015625,
        "dvar": 223208.96875,
        "dvar2": 473419.96875,
        "max": 11601.7988281,
        "mean": 1057.37512207,
        "median": 812.651367188,
        "min": 123.390052795,
        "var": 650653.5625
    },
    "spectral_complexity": {
        "dmean": 2.70961380005,
        "dmean2": 4.39207696915,
        "dvar": 13.649520874,
        "dvar2": 29.9395179749,
        "max": 47,
        "mean": 12.1519937515,
        "median": 10,
        "min": 0,
        "var": 48.2711715698
    },
    "spectral_decrease": {
        "dmean": 6.0296145854e-09,
        "dmean2": 9.62500834589e-09,
        "dvar": 9.62455546173e-17,
        "dvar2": 2.50671406866e-16,
        "max": 4.29798315843e-19,
        "mean": -1.02125286006e-08,
        "median": -2.9937945456e-09,
        "min": -1.00248939816e-07,
        "var": 1.87717297718e-16
    },
    "spectral_energy": {
        "dmean": 0.0239473320544,
        "dmean2": 0.0384080708027,
        "dvar": 0.00141196057666,
        "dvar2": 0.00371010391973,
        "max": 0.381343305111,
        "mean": 0.0407776273787,
        "median": 0.0139572750777,
        "min": 1.03654559937e-20,
        "var": 0.00276973587461
    },
    "spectral_energyband_high": {
        "dmean": 0.00193955958821,
        "dmean2": 0.00303400307894,
        "dvar": 1.1803183952e-05,
        "dvar2": 2.91056639981e-05,
        "max": 0.0255349893123,
        "mean": 0.00193550344557,
        "median": 0.000256598781561,
        "min": 7.24262623025e-21,
        "var": 1.27278726723e-05
    },
    "spectral_energyband_low": {
        "dmean": 0.017727907747,
        "dmean2": 0.0256268046796,
        "dvar": 0.0010427176021,
        "dvar2": 0.00236224383116,
        "max": 0.371700942516,
        "mean": 0.0272068046033,
        "median": 0.000423244928243,
        "min": 3.19003895811e-23,
        "var": 0.00224602501839
    },
    "spectral_energyband_middle_high": {
        "dmean": 0.000889424525667,
        "dmean2": 0.00147900590673,
        "dvar": 3.23100061905e-06,
        "dvar2": 8.66846494318e-06,
        "max": 0.0244780275971,
        "mean": 0.00197535124607,
        "median": 0.000890948344022,
        "min": 1.36915304555e-21,
        "var": 7.39484721635e-06
    },
    "spectral_energyband_middle_low": {
        "dmean": 0.0082025192678,
        "dmean2": 0.0145011413842,
        "dvar": 0.000495984742884,
        "dvar2": 0.00137954717502,
        "max": 0.17769291997,
        "mean": 0.0107316477224,
        "median": 0.00610212143511,
        "min": 2.23599127353e-22,
        "var": 0.000339556863764
    },
    "spectral_entropy": {
        "dmean": 0.33555534482,
        "dmean2": 0.447560608387,
        "dvar": 0.168864220381,
        "dvar2": 0.283883720636,
        "max": 9.80903625488,
        "mean": 7.27265548706,
        "median": 7.33501625061,
        "min": 4.99048042297,
        "var": 0.779016673565
    },
    "spectral_flux": {
        "dmean": 0.0404264032841,
        "dmean2": 0.0656329467893,
        "dvar": 0.00288065266795,
        "dvar2": 0.00674644159153,
        "max": 0.438610553741,
        "mean": 0.100769668818,
        "median": 0.0742737054825,
        "min": 6.52847775839e-11,
        "var": 0.00714978110045
    },
    "spectral_kurtosis": {
        "dmean": 5.06474161148,
        "dmean2": 8.09638023376,
        "dvar": 77.6289596558,
        "dvar2": 207.093566895,
        "max": 170.454696655,
        "mean": 9.09461212158,
        "median": 3.363717556,
        "min": -1.24548447132,
        "var": 245.972961426
    },
    "spectral_rms": {
        "dmean": 0.00151135737542,
        "dmean2": 0.00232214224525,
        "dvar": 3.72997419618e-06,
        "dvar2": 9.43787472352e-06,
        "max": 0.0192883964628,
        "mean": 0.00520316930488,
        "median": 0.00369010213763,
        "min": 3.18003761345e-12,
        "var": 1.27101329781e-05
    },
    "spectral_rolloff": {
        "dmean": 1211.37731934,
        "dmean2": 2007.17663574,
        "dvar": 5517298.5,
        "dvar2": 11311034,
        "max": 19918.2128906,
        "mean": 1973.50158691,
        "median": 538.330078125,
        "min": 64.599609375,
        "var": 9668990
    },
    "spectral_skewness": {
        "dmean": 0.525964140892,
        "dmean2": 0.787253439426,
        "dvar": 0.414698004723,
        "dvar2": 0.973558187485,
        "max": 10.0148029327,
        "mean": 1.88687479496,
        "median": 1.57186937332,
        "min": -0.0648077949882,
        "var": 1.58246457577
    },
    "spectral_spread": {
        "dmean": 1439615.875,
        "dmean2": 1888303.5,
        "dvar": 4.00963954278e+12,
        "dvar2": 6.97529322701e+12,
        "max": 41943444,
        "mean": 6042656.5,
        "median": 5672128,
        "min": 564233.25,
        "var": 1.44305406607e+13
    },
    "spectral_strongpeak": {
        "dmean": 0.341326713562,
        "dmean2": 0.579865217209,
        "dvar": 0.350255131721,
        "dvar2": 0.966061353683,
        "max": 11.4899635315,
        "mean": 0.590066730976,
        "median": 0.442900776863,
        "min": 0,
        "var": 0.423537641764
    },
    "zerocrossingrate": {
        "dmean": 0.0268601924181,
        "dmean2": 0.0295835267752,
        "dvar": 0.000973829184659,
        "dvar2": 0.00117448403034,
        "max": 0.5244140625,
        "mean": 0.0719052106142,
        "median": 0.04541015625,
        "min": 0.001953125,
        "var": 0.00483793066815
    },
    "barkbands": {
        "dmean": [0.000857688602991, 0.0164294820279, 0.0026586917229, 0.00146136095282, 0.00582471909001, 0.00123201368842, 0.000469258724479, 0.000279646075796, 0.000234582446865, 0.000304199580569, 0.000223428229219, 0.000131460663397, 0.000234181439737, 0.000209515739698, 8.94005133887e-05, 8.31238648971e-05, 9.20327147469e-05, 6.88608706696e-05, 8.22153451736e-05, 6.74758630339e-05, 6.80748416926e-05, 0.000168595230207, 0.000446230813395, 0.000603107619099, 0.000419245363446, 0.000253199046711, 7.34836362426e-07],
        "dmean2": [0.0013034028234, 0.0232432894409, 0.0043268231675, 0.00243856757879, 0.0109024355188, 0.00213473942131, 0.000777382054366, 0.000434163026512, 0.000362337275874, 0.000466163473902, 0.000370893045329, 0.000222589995246, 0.0004154505732, 0.000358818884706, 0.000147728977026, 0.00014350785932, 0.000152662323671, 0.00011271169933, 0.000137358438224, 0.000112294728751, 0.000114619695523, 0.00026270779199, 0.000686858955305, 0.000948321365286, 0.000688807689585, 0.000426599726779, 1.33867138175e-06],
        "dvar": [2.61022751147e-06, 0.0010133945616, 3.34082214977e-05, 1.41232394526e-05, 0.000372748530935, 7.10691847416e-06, 1.03996819689e-06, 2.90956222671e-07, 4.04840506008e-07, 5.83872008519e-07, 2.89221389949e-07, 9.43679694387e-08, 5.24723304807e-07, 3.65545417935e-07, 4.87620930301e-08, 5.48769953923e-08, 5.2645184212e-08, 2.64417749918e-08, 4.05315851992e-08, 2.01215346607e-08, 1.41698563993e-08, 1.02006367797e-07, 6.11314874277e-07, 1.22376411582e-06, 7.15153475994e-07, 2.37026839045e-07, 7.99531708201e-12],
        "dvar2": [6.70224198984e-06, 0.00221240776591, 7.85539814387e-05, 3.63254475815e-05, 0.00107289873995, 1.98987290787e-05, 2.7768533073e-06, 6.51335312796e-07, 9.01780708773e-07, 1.29153056605e-06, 7.62562365253e-07, 2.61191217987e-07, 1.52497477757e-06, 1.01776822703e-06, 1.29331652943e-07, 1.54612962433e-07, 1.21981031498e-07, 6.48590514629e-08, 1.00377135936e-07, 5.16564035991e-08, 3.53250406704e-08, 2.42492802727e-07, 1.40409713367e-06, 3.04627565129e-06, 1.87147725228e-06, 6.33322258636e-07, 2.23563390023e-11],
        "max": [0.0202709622681, 0.355463922024, 0.0658667385578, 0.0557330101728, 0.158786892891, 0.0268682781607, 0.0196209270507, 0.0173582956195, 0.0246061254293, 0.0250359103084, 0.0128699727356, 0.007336626295, 0.010751131922, 0.0178604312241, 0.00641191704199, 0.0133805209771, 0.0081347823143, 0.00423694401979, 0.00766974361613, 0.00395454280078, 0.00133712601382, 0.00304008601233, 0.00562513247132, 0.00879902951419, 0.00739841815084, 0.00350616592914, 4.53387401649e-05],
        "mean": [0.00110555882566, 0.0220150668174, 0.00320258829743, 0.00143117108382, 0.00507265143096, 0.00229637837037, 0.000718240742572, 0.000427041610237, 0.000397066061851, 0.000497915549204, 0.000323490996379, 0.000192541687284, 0.000264603528194, 0.000257232401054, 0.000129827516503, 0.000115851071314, 0.000140229327371, 0.000102069556306, 0.000108975829789, 0.000101799188997, 8.80968291312e-05, 0.000196691020392, 0.000424335332355, 0.0005856778007, 0.000383592996513, 0.000198366324184, 4.75662062627e-07],
        "median": [5.11913240189e-05, 0.000273764540907, 3.83843644158e-06, 1.43718498293e-05, 0.00195213174447, 0.00168878783006, 0.000398919684812, 0.000181041308679, 0.000144778518006, 0.000162655080203, 9.37356089707e-05, 5.98595288466e-05, 5.08166485815e-05, 3.71879068553e-05, 4.00278513553e-05, 3.16315490636e-05, 3.20954241033e-05, 2.78376537608e-05, 2.88767769234e-05, 3.04407476506e-05, 2.3589371267e-05, 2.43952017627e-05, 3.65070191037e-05, 5.24782699358e-05, 2.65538001258e-05, 5.9984431573e-06, 1.39119982201e-09],
        "min": [1.23517326045e-24, 6.08861227109e-24, 2.59656327967e-24, 3.10876632669e-24, 2.13765812087e-23, 1.26649441077e-23, 2.21106383691e-23, 9.77101734324e-24, 2.42491014436e-23, 2.46559359451e-23, 3.01943737439e-23, 4.43049843465e-23, 3.94760448904e-23, 5.34457365364e-23, 6.99526762217e-23, 5.26990639124e-23, 9.7020216752e-23, 1.36795498672e-22, 1.88306941958e-22, 1.98206830774e-22, 3.39968404482e-22, 4.2475734552e-22, 5.1135675389e-22, 6.46400148316e-22, 9.66204813676e-22, 1.39137948555e-21, 2.14396430019e-21],
        "var": [4.37076505477e-06, 0.0018633462023, 4.8749097914e-05, 1.338734819e-05, 0.000212890707189, 6.28032285022e-06, 1.23275344777e-06, 5.51848017949e-07, 7.76336548824e-07, 1.21735354242e-06, 5.68543839563e-07, 1.69393487681e-07, 4.69540651693e-07, 4.6034935508e-07, 7.3248877186e-08, 8.53178434568e-08, 1.11920392953e-07, 4.31711946192e-08, 5.56988304368e-08, 3.15319645949e-08, 1.89150899388e-08, 1.23005406749e-07, 6.75689534546e-07, 1.30505952711e-06, 6.67114647968e-07, 1.87110103411e-07, 5.04341360341e-12]
    },
    "erbbands": {
        "dmean": [0.579773128033, 3.45266771317, 3.0103199482, 5.00191402435, 8.56460857391, 25.002456665, 17.2213726044, 8.28663444519, 7.54371023178, 6.16390657425, 5.18727779388, 5.7170214653, 11.3575458527, 6.14719057083, 7.98511791229, 5.95351409912, 8.8074092865, 13.7781391144, 5.27241754532, 3.98562574387, 3.95991587639, 4.96858930588, 3.2679309845, 5.16996526718, 2.92448067665, 3.02966165543, 2.92895340919, 3.51835846901, 5.92232322693, 7.46182060242, 13.119468689, 15.2277927399, 8.26358032227, 4.32851457596, 3.37019586563, 1.53723263741, 0.388472735882, 0.0211813542992, 0.000498279114254, 5.60724402021e-05],
        "dmean2": [0.801187455654, 5.18292999268, 4.90851736069, 8.22767543793, 15.0823450089, 47.3034553528, 31.7657928467, 13.6453351974, 12.465713501, 9.75687980652, 8.08695983887, 8.82376766205, 17.4168395996, 10.0158529282, 13.4427089691, 10.0451307297, 15.3825969696, 24.0761795044, 8.83265113831, 6.65843868256, 6.67084217072, 8.25970554352, 5.42161083221, 8.61106586456, 4.97196531296, 5.04905080795, 4.91483402252, 5.76640033722, 9.24641704559, 11.3152112961, 20.4249763489, 24.0823173523, 12.9987564087, 6.91910600662, 5.72094202042, 2.60864686966, 0.648479342461, 0.0358591601253, 0.000840040622279, 9.36071082833e-05],
        "dvar": [1.21110761166, 48.4784049988, 35.8579444885, 137.25718689, 618.287902832, 6961.76513672, 2545.56298828, 284.813690186, 308.986236572, 140.896331787, 124.735321045, 253.305175781, 936.434509277, 263.520568848, 437.569366455, 187.34362793, 677.663269043, 1551.29504395, 137.509185791, 103.087547302, 72.0045852661, 196.547454834, 60.0023040771, 204.55682373, 48.6343078613, 34.8093261719, 26.5334434509, 40.7977905273, 123.575866699, 181.090133667, 525.823120117, 781.166259766, 247.108093262, 86.0179214478, 44.7078361511, 8.90079021454, 0.554198026657, 0.00199827225879, 1.01880243619e-06, 6.76655620424e-09],
        "dvar2": [2.50228571892, 111.170265198, 90.4792861938, 342.549194336, 1699.13256836, 20151.2070312, 7358.83984375, 773.742919922, 855.743896484, 307.825195312, 297.798828125, 568.037353516, 2096.07421875, 688.968383789, 1154.5279541, 501.650482178, 1934.97839355, 4406.15869141, 358.342102051, 277.620300293, 193.822738647, 449.542419434, 153.094909668, 504.002563477, 129.187545776, 89.0303268433, 67.9550018311, 100.677192688, 281.758453369, 407.609710693, 1245.50170898, 1930.96081543, 610.468078613, 216.391921997, 120.556304932, 24.0012512207, 1.47458136082, 0.00537849264219, 2.73560158348e-06, 1.82528285819e-08],
        "max": [12.255648613, 75.3970565796, 72.7859344482, 170.264389038, 205.582931519, 704.270629883, 445.691314697, 256.785095215, 352.692077637, 389.480957031, 357.015045166, 724.516906738, 955.033874512, 511.822998047, 557.377746582, 366.148803711, 377.184417725, 1012.62841797, 168.908172607, 425.046966553, 337.28012085, 552.043762207, 237.028259277, 553.019042969, 240.624908447, 183.852752686, 73.7553787231, 59.8698348999, 107.629920959, 115.883880615, 159.173324585, 260.723602295, 131.048477173, 78.0832977295, 54.7099990845, 21.6422939301, 5.90963792801, 0.400359898806, 0.00862636324018, 0.000569336232729],
        "mean": [0.818216860294, 4.17803382874, 4.16851758957, 5.10742330551, 7.72934246063, 20.9734039307, 21.8779716492, 15.8155441284, 12.770442009, 9.58414268494, 8.51474571228, 10.1916275024, 18.9139595032, 9.60281658173, 11.5291595459, 9.14392280579, 11.211060524, 16.9498157501, 7.23883247375, 6.27735853195, 6.56045436859, 7.72535562515, 5.08283901215, 7.87663125992, 3.94276690483, 4.55878591537, 4.20037746429, 4.00913286209, 7.21824645996, 8.03513431549, 12.4340295792, 14.5094623566, 8.00661468506, 4.32669687271, 2.77380204201, 1.19607079029, 0.313889890909, 0.0171370189637, 0.000418605864979, 7.50916442485e-05],
        "median": [0.0128522254527, 0.0301351696253, 0.0133428890258, 0.077563688159, 1.61739063263, 7.9634013176, 14.0692996979, 10.2326231003, 7.74280118942, 4.2822933197, 3.95910930634, 4.1496219635, 5.3470993042, 4.23013401031, 3.79318523407, 3.149913311, 2.92969799042, 2.58342266083, 2.50543928146, 1.8072271347, 2.32402086258, 1.61174631119, 1.49191522598, 2.06367874146, 1.21460080147, 1.51610720158, 1.16869044304, 0.938675284386, 0.898773670197, 0.858872056007, 1.07624459267, 1.22854781151, 0.699697971344, 0.340185284615, 0.149076372385, 0.0388123057783, 0.0102388523519, 0.000697684357874, 5.07764852955e-05, 3.47985769622e-05],
        "min": [1.39344074754e-22, 9.95308303229e-22, 4.07209100605e-21, 9.39181352169e-21, 3.82282651002e-20, 6.91676925236e-20, 7.31768301575e-20, 1.49088409893e-19, 1.71097941159e-19, 3.81267784401e-19, 2.99862846519e-19, 4.3372114235e-19, 7.95798620884e-19, 1.32144987648e-18, 1.35353393769e-18, 2.01938631005e-18, 1.76619521674e-18, 2.75759682349e-18, 2.69228553745e-18, 3.12636986379e-18, 3.99936739009e-18, 5.54523808759e-18, 7.17551470839e-18, 8.08031877681e-18, 6.22059300743e-18, 9.42030421985e-18, 1.27180367484e-17, 1.4012656298e-17, 1.32184437959e-17, 1.68999418066e-17, 1.54473679832e-17, 1.12137211234e-17, 9.95302342358e-18, 8.71519147747e-18, 6.6407201085e-18, 4.38549364566e-18, 2.72018737349e-18, 1.09337271035e-18, 2.75014004876e-19, 2.78952444417e-20],
        "var": [2.51542615891, 75.0310974121, 61.5754051208, 149.340560913, 431.15423584, 3884.18969727, 1505.63012695, 334.868804932, 307.033874512, 278.955963135, 234.210388184, 491.079193115, 1871.21691895, 448.490203857, 725.509887695, 346.188812256, 649.530944824, 1757.52233887, 177.265945435, 173.504333496, 142.795776367, 420.623199463, 98.6234283447, 345.015167236, 64.8776168823, 53.8368034363, 39.8212432861, 46.3825454712, 161.387939453, 217.361862183, 559.474060059, 821.486694336, 260.820465088, 90.3278579712, 36.0886459351, 6.91279172897, 0.447848141193, 0.0015553048579, 8.06537002518e-07, 8.36607316756e-09]
    },
    "gfcc": {
        "mean": [-57.1453590393, 88.0134735107, -111.619140625, 12.8889045715, -76.0645980835, 1.87476944923, -51.4098892212, -1.70112454891, -27.0690536499, -1.39895057678, -7.56749916077, 4.26059341431, -0.0676520988345],
        "cov": [[16901.7070312, -4501.84375, 3822.37451172, 3032.09179688, -204.792480469, 3414.74121094, -80.9267425537, 1814.99108887, -23.2915611267, 1185.75048828, -360.046142578, 816.729675293, -775.865844727], [-4501.84375, 5045.29541016, -1216.38903809, -569.549194336, 1203.16015625, -1401.15527344, 509.872955322, -716.677978516, 380.476959229, -495.43927002, 528.07421875, -502.91796875, 495.206939697], [3822.37451172, -1216.38903809, 2913.80029297, 1447.72521973, 359.557189941, 1487.03393555, 207.230880737, 741.620788574, 107.6328125, 468.117828369, -174.349609375, 293.47076416, -325.579101562], [3032.09179688, -569.549194336, 1447.72521973, 1436.49719238, 535.839599609, 1048.99108887, 336.251556396, 604.147583008, 237.593582153, 351.564605713, 56.2362937927, 165.168731689, -149.10043335], [-204.792480469, 1203.16015625, 359.557189941, 535.839599609, 989.112915039, 231.004959106, 456.625610352, 199.046554565, 286.786132812, 88.5305328369, 171.30897522, -62.8441429138, 33.1800575256], [3414.74121094, -1401.15527344, 1487.03393555, 1048.99108887, 231.004959106, 1337.9609375, 234.7943573, 721.484069824, 125.044059753, 399.417877197, -87.2160186768, 247.559387207, -231.293136597], [-80.9267425537, 509.872955322, 207.230880737, 336.251556396, 456.625610352, 234.7943573, 396.979217529, 205.760467529, 194.787322998, 55.4281845093, 98.9791107178, -12.1864643097, 51.7693595886], [1814.99108887, -716.677978516, 741.620788574, 604.147583008, 199.046554565, 721.484069824, 205.760467529, 509.769317627, 125.393592834, 246.410186768, -14.9659090042, 140.99786377, -88.2764968872], [-23.2915611267, 380.476959229, 107.6328125, 237.593582153, 286.786132812, 125.044059753, 194.787322998, 125.393592834, 209.215652466, 68.6430206299, 113.681671143, -0.989153563976, 55.5039978027], [1185.75048828, -495.43927002, 468.117828369, 351.564605713, 88.5305328369, 399.417877197, 55.4281845093, 246.410186768, 68.6430206299, 243.483123779, 16.6991539001, 112.763572693, -58.7627906799], [-360.046142578, 528.07421875, -174.349609375, 56.2362937927, 171.30897522, -87.2160186768, 98.9791107178, -14.9659090042, 113.681671143, 16.6991539001, 210.640304565, -5.6463842392, 91.3406982422], [816.729675293, -502.91796875, 293.47076416, 165.168731689, -62.8441429138, 247.559387207, -12.1864643097, 140.99786377, -0.989153563976, 112.763572693, -5.6463842392, 162.458908081, -16.8475151062], [-775.865844727, 495.206939697, -325.579101562, -149.10043335, 33.1800575256, -231.293136597, 51.7693595886, -88.2764968872, 55.5039978027, -58.7627906799, 91.3406982422, -16.8475151062, 173.347854614]],
        "icov": [[0.000234646868194, -0.000325902103214, 0.000226305113756, -0.000468471465865, 0.000403684476623, -0.0004734696995, 0.000485849450342, -0.000421227101469, 0.000384498736821, -0.000426926504588, 0.000379162462195, -0.000485977652716, 0.000419873540523], [-0.000325902103214, 0.00191790936515, -0.000896162819117, 0.00108877487946, -0.00206269230694, 0.00129198562354, -0.00104971113615, 0.00161515269428, -0.00104410562199, 0.00171007669996, -0.00215268041939, 0.002348897513, -0.00215302058496], [0.000226305113756, -0.000896162819117, 0.00150363356806, -0.00123637146316, 0.000763416581322, -0.00144387991168, 0.00076897686813, -0.000237113941694, 0.000564110290725, -0.00108795065898, 0.00180770701263, -0.00166137341876, 0.00124718726147], [-0.000468471465865, 0.00108877487946, -0.00123637146316, 0.00362865021452, -0.00177651119884, 9.50445901253e-05, -0.000981923891231, 0.000766380981077, -0.00151954614557, 0.00111274805386, -0.00230587297119, 0.00173246569466, -0.00101063540205], [0.000403684476623, -0.00206269230694, 0.000763416581322, -0.00177651119884, 0.00513452105224, -0.000887997855898, -0.00147246441338, -0.00123968056869, 7.8206157923e-06, -0.00248129712418, 0.00173042051028, -0.00155415746849, 0.00333951227367], [-0.0004734696995, 0.00129198562354, -0.00144387991168, 9.50445901253e-05, -0.000887997855898, 0.00748215336353, -0.00223236507736, -0.00364413345233, -0.000822225469165, 0.000486669538077, -0.000861918320879, -8.60497020767e-05, 0.00139805290382], [0.000485849450342, -0.00104971113615, 0.00076897686813, -0.000981923891231, -0.00147246441338, -0.00223236507736, 0.00988350994885, -0.00391210056841, -0.00145788420923, 0.00144210911822, 0.00101540598553, -0.000241073590587, -0.00147043459583], [-0.000421227101469, 0.00161515269428, -0.000237113941694, 0.000766380981077, -0.00123968056869, -0.00364413345233, -0.00391210056841, 0.0131191248074, -0.00285002961755, -0.00147639226634, -0.000142835866427, 0.000905372959096, -0.00248600752093], [0.000384498736821, -0.00104410562199, 0.000564110290725, -0.00151954614557, 7.8206157923e-06, -0.000822225469165, -0.00145788420923, -0.00285002961755, 0.0146589754149, -0.00327411480248, -0.00244127167389, 0.00104269199073, -0.00207420974039], [-0.000426926504588, 0.00171007669996, -0.00108795065898, 0.00111274805386, -0.00248129712418, 0.000486669538077, 0.00144210911822, -0.00147639226634, -0.00327411480248, 0.0130900358781, -0.00384088093415, -0.00133524613921, -0.000560783024412], [0.000379162462195, -0.00215268041939, 0.00180770701263, -0.00230587297119, 0.00173042051028, -0.000861918320879, 0.00101540598553, -0.000142835866427, -0.00244127167389, -0.00384088093415, 0.0121265761554, -0.00422745663673, 8.03391885711e-05], [-0.000485977652716, 0.002348897513, -0.00166137341876, 0.00173246569466, -0.00155415746849, -8.60497020767e-05, -0.000241073590587, 0.000905372959096, 0.00104269199073, -0.00133524613921, -0.00422745663673, 0.0159156210721, -0.00681192195043], [0.000419873540523, -0.00215302058496, 0.00124718726147, -0.00101063540205, 0.00333951227367, 0.00139805290382, -0.00147043459583, -0.00248600752093, -0.00207420974039, -0.000560783024412, 8.03391885711e-05, -0.00681192195043, 0.0154407564551]]
    },
    "melbands": {
        "dmean": [0.004874761682, 0.00247510359623, 0.000780990347266, 0.00128590548411, 0.000718073162716, 0.000193894244148, 0.000109292348498, 6.56969132251e-05, 4.23412566306e-05, 3.75928721041e-05, 5.58643114346e-05, 2.32142556342e-05, 2.544022027e-05, 1.69228169398e-05, 1.36154685606e-05, 2.84121324512e-05, 2.59413336607e-05, 8.46517377795e-06, 6.84701535647e-06, 6.75098954162e-06, 4.61007311969e-06, 5.81753602091e-06, 3.53823520527e-06, 2.89892523142e-06, 4.69506221634e-06, 2.36507230511e-06, 1.95227880795e-06, 2.18179252442e-06, 2.06825825444e-06, 1.78567722742e-06, 2.36266032516e-06, 3.92174570152e-06, 3.18540446642e-06, 4.42330929218e-06, 6.2787985371e-06, 9.74950125965e-06, 1.00289407783e-05, 6.56798692944e-06, 4.06669232689e-06, 3.41334134646e-06],
        "dmean2": [0.00676797097549, 0.00382673949935, 0.00126688275486, 0.00240090838633, 0.0013395169517, 0.000322667416185, 0.000180036964593, 0.000103249578387, 6.5701387939e-05, 5.78932776989e-05, 8.56154510984e-05, 3.77866235794e-05, 4.25666112278e-05, 2.83339213638e-05, 2.29869638133e-05, 5.06751021021e-05, 4.5128261263e-05, 1.41087166412e-05, 1.14225649668e-05, 1.16574510685e-05, 7.70048154664e-06, 9.66137486103e-06, 5.9409185269e-06, 4.70701570521e-06, 7.82671395427e-06, 4.02497016694e-06, 3.27443490278e-06, 3.64467541658e-06, 3.49191304849e-06, 3.02330795421e-06, 3.84280565413e-06, 6.07288757237e-06, 5.14292605658e-06, 6.6162724579e-06, 9.92101286101e-06, 1.52673346747e-05, 1.60843392223e-05, 1.04766904769e-05, 6.52904054732e-06, 5.51521497982e-06],
        "dvar": [8.783130761e-05, 2.13371804421e-05, 3.18747970596e-06, 1.79295329872e-05, 5.01909653394e-06, 1.53166269001e-07, 6.10335675333e-08, 1.62933559977e-08, 1.01079526971e-08, 1.11346913911e-08, 2.28213163922e-08, 3.69716790516e-09, 3.6895377864e-09, 1.18305376606e-09, 1.76796799423e-09, 8.72885408398e-09, 5.69101876735e-09, 3.82535697563e-10, 4.4794384868e-10, 4.82869910723e-10, 8.43643557791e-11, 3.11113107498e-10, 6.46590142539e-11, 4.61250412864e-11, 1.8026759252e-10, 2.97855039244e-11, 2.92948443281e-11, 2.09584936212e-11, 1.43128130875e-11, 1.01353300752e-11, 2.08922289191e-11, 5.59113796927e-11, 3.54623448662e-11, 6.39137839875e-11, 1.25071814017e-10, 3.33937322239e-10, 3.29236971019e-10, 1.51012730099e-10, 7.66041396982e-11, 5.85563403321e-11],
        "dvar2": [0.000186794539331, 5.31627993041e-05, 7.52457799535e-06, 5.14079547429e-05, 1.455034635e-05, 4.18301084437e-07, 1.67695134223e-07, 3.51330875503e-08, 2.38920261353e-08, 2.4836710466e-08, 5.08410877842e-08, 9.64652002722e-09, 9.84141657057e-09, 3.03338265617e-09, 4.80932582647e-09, 2.52663685529e-08, 1.61396602749e-08, 9.76535519115e-10, 1.21802667952e-09, 1.35919020483e-09, 2.1439790221e-10, 7.03224645182e-10, 1.6625249788e-10, 1.1387461113e-10, 4.42766129316e-10, 8.047608413e-11, 7.587178108e-11, 5.34205735203e-11, 3.72388335446e-11, 2.53519514409e-11, 5.35960754944e-11, 1.23664592455e-10, 8.94302618071e-11, 1.42179726326e-10, 3.04356873038e-10, 7.8799294867e-10, 8.24685042478e-10, 3.7221717375e-10, 1.89854867938e-10, 1.48731721383e-10],
        "max": [0.103060424328, 0.0499585047364, 0.0253377500921, 0.0353674925864, 0.018564986065, 0.00508384406567, 0.00487388251349, 0.00396147323772, 0.00383387273178, 0.00462972745299, 0.00477553252131, 0.00192149891518, 0.00160089542624, 0.000850377196912, 0.00137826497667, 0.00132387888152, 0.00231263157912, 0.000399166543502, 0.000714402412996, 0.00137236597948, 0.000256242929026, 0.00072338845348, 0.00016260035045, 0.00021931779338, 0.000552637677174, 0.00018843592261, 0.00024261008366, 0.000174459972186, 7.65533477534e-05, 5.71687814954e-05, 4.41366173618e-05, 7.1247734013e-05, 5.94013617956e-05, 7.64742871979e-05, 8.80572406459e-05, 0.000142547854921, 0.00016961908841, 0.000102767917269, 9.02351239347e-05, 6.6348045948e-05],
        "mean": [0.00672279531136, 0.00335703371093, 0.000877864076756, 0.00106478517409, 0.000816535786726, 0.000376169162337, 0.000185241326108, 0.000101069708762, 6.70250519761e-05, 6.58661301713e-05, 9.15863492992e-05, 3.39561629517e-05, 3.67834763892e-05, 2.54351871263e-05, 1.97517856577e-05, 3.14346398227e-05, 3.16677251249e-05, 1.05075159809e-05, 1.0105462934e-05, 8.91664512892e-06, 7.30782721803e-06, 8.89836428541e-06, 4.82101040689e-06, 4.46052581538e-06, 6.94698019288e-06, 2.78062793768e-06, 2.75727052212e-06, 3.15354941449e-06, 2.79445453089e-06, 2.27085865845e-06, 2.36167579715e-06, 4.57686337541e-06, 3.58750253326e-06, 4.57175929114e-06, 5.95416349825e-06, 8.96633537195e-06, 9.61646856013e-06, 6.22868628852e-06, 4.24588370151e-06, 3.33627667715e-06],
        "median": [9.62732592598e-05, 1.96423388843e-05, 3.29978174705e-05, 0.000350901274942, 0.000479498237837, 0.000259634078247, 0.000110513021355, 4.20583201048e-05, 2.86825597868e-05, 2.51217425102e-05, 2.48010619543e-05, 1.42290282383e-05, 1.11273729999e-05, 9.90631269815e-06, 5.48962862013e-06, 5.22126447322e-06, 4.39891664428e-06, 3.56946657121e-06, 2.30440082305e-06, 2.06832419281e-06, 2.54320138993e-06, 1.65862934409e-06, 1.1737887462e-06, 1.3233828895e-06, 1.65111680417e-06, 7.31592535885e-07, 7.84812357324e-07, 9.62998228715e-07, 6.31861894362e-07, 5.96629661231e-07, 4.17850856138e-07, 5.30712213731e-07, 3.75311913103e-07, 4.40000860635e-07, 5.37646826615e-07, 7.03146270098e-07, 7.73994088377e-07, 5.51097627977e-07, 3.60976031288e-07, 2.42416803076e-07],
        "min": [2.34500460889e-24, 2.54264542566e-24, 2.54042497942e-24, 2.97202221915e-24, 2.93394291718e-24, 3.49334745647e-24, 4.17142941363e-24, 3.4518151131e-24, 2.38527260544e-24, 3.34798405746e-24, 2.84559503175e-24, 4.80231421726e-24, 3.93318158734e-24, 3.73479924133e-24, 2.83735774617e-24, 2.86171126283e-24, 4.17832879111e-24, 4.29324847006e-24, 5.69034913777e-24, 3.67452356285e-24, 4.17425945213e-24, 5.28181661319e-24, 4.76744301538e-24, 7.28178568948e-24, 5.46773416804e-24, 4.83850281686e-24, 4.68613867175e-24, 5.8154257953e-24, 6.88738363586e-24, 7.46342249063e-24, 8.20916189219e-24, 5.69966952936e-24, 5.37386879222e-24, 9.04893351365e-24, 8.71174754148e-24, 5.39628940243e-24, 6.70182461829e-24, 7.01155665323e-24, 6.75869202323e-24, 7.08637932123e-24],
        "var": [0.000170887084096, 3.75881172658e-05, 3.84927989217e-06, 1.03934507933e-05, 2.85578789772e-06, 1.68750119656e-07, 6.52200426998e-08, 3.2469920086e-08, 1.82542709837e-08, 2.21049525351e-08, 4.57992150871e-08, 6.00263838635e-09, 6.91241952566e-09, 2.12248396636e-09, 2.86441048658e-09, 7.71966490731e-09, 6.90273216364e-09, 4.53942217149e-10, 6.44347131207e-10, 6.93595292311e-10, 1.62677690763e-10, 6.53288978469e-10, 9.77516678713e-11, 8.12483413881e-11, 2.98160413026e-10, 3.42093714467e-11, 4.57263532594e-11, 3.15275409946e-11, 2.0436121545e-11, 1.3639889565e-11, 2.03802252852e-11, 7.02251590212e-11, 4.13546211164e-11, 7.67386917899e-11, 1.26671437228e-10, 3.47946810253e-10, 3.43869516195e-10, 1.5425188904e-10, 8.35442687253e-11, 5.89012519314e-11]
    },
    "mfcc": {
        "mean": [-699.87512207, 115.055335999, 12.772315979, 1.10760188103, -5.51822471619, -10.6175746918, -13.4982786179, -9.13284683228, -15.3510904312, -7.44180631638, -12.3441228867, -2.91847586632, -6.10070466995],
        "cov": [[10783.9501953, -3092.54492188, 2959.07714844, 1233.76794434, 1391.23461914, 1660.75366211, 1113.04760742, 1254.85473633, 754.224304199, 1012.2979126, 782.135803223, 737.110534668, 343.059082031], [-3092.54492188, 3572.67871094, -1197.15466309, 297.797454834, 85.2834243774, -332.747344971, -76.4702758789, -307.460968018, -107.929161072, -134.651046753, -121.698677063, -98.4101867676, -39.2403755188], [2959.07714844, -1197.15466309, 2396.3972168, 576.518127441, 743.045593262, 853.344604492, 507.987243652, 630.098449707, 405.867462158, 394.202087402, 332.306732178, 230.545959473, 161.014175415], [1233.76794434, 297.797454834, 576.518127441, 907.822998047, 616.667236328, 531.618408203, 450.678588867, 389.393737793, 326.169189453, 345.061248779, 274.609832764, 244.86831665, 148.825881958], [1391.23461914, 85.2834243774, 743.045593262, 616.667236328, 724.774353027, 570.626586914, 444.076202393, 420.898986816, 313.019561768, 353.353149414, 276.378387451, 232.806167603, 125.571372986], [1660.75366211, -332.747344971, 853.344604492, 531.618408203, 570.626586914, 671.66418457, 462.858276367, 474.823608398, 350.157623291, 356.274993896, 286.860321045, 237.203430176, 133.18572998], [1113.04760742, -76.4702758789, 507.987243652, 450.678588867, 444.076202393, 462.858276367, 469.845489502, 397.492553711, 309.179962158, 296.36138916, 226.054412842, 206.192886353, 121.362106323], [1254.85473633, -307.460968018, 630.098449707, 389.393737793, 420.898986816, 474.823608398, 397.492553711, 487.830078125, 319.948547363, 298.539672852, 207.32649231, 193.047897339, 119.080215454], [754.224304199, -107.929161072, 405.867462158, 326.169189453, 313.019561768, 350.157623291, 309.179962158, 319.948547363, 333.06451416, 244.033691406, 169.1587677, 135.665359497, 89.947517395], [1012.2979126, -134.651046753, 394.202087402, 345.061248779, 353.353149414, 356.274993896, 296.36138916, 298.539672852, 244.033691406, 324.915100098, 202.18321228, 164.363494873, 87.7220535278], [782.135803223, -121.698677063, 332.306732178, 274.609832764, 276.378387451, 286.860321045, 226.054412842, 207.32649231, 169.1587677, 202.18321228, 216.345016479, 154.193054199, 72.62134552], [737.110534668, -98.4101867676, 230.545959473, 244.86831665, 232.806167603, 237.203430176, 206.192886353, 193.047897339, 135.665359497, 164.363494873, 154.193054199, 204.583847046, 103.248954773], [343.059082031, -39.2403755188, 161.014175415, 148.825881958, 125.571372986, 133.18572998, 121.362106323, 119.080215454, 89.947517395, 87.7220535278, 72.62134552, 103.248954773, 134.546203613]],
