{
"lowlevel": {
    "average_loudness": 0.82009011507,
    "barkbands_crest": {
        "dmean": 3.42293119431,
        "dmean2": 5.43561029434,
        "dvar": 11.1018753052,
        "dvar2": 26.8396244049,
        "max": 26.9717712402,
        "mean": 13.7870073318,
        "median": 14.4968328476,
        "min": 1.97657561302,
        "var": 33.7503242493
    },
    "barkbands_flatness_db": {
        "dmean": 0.0404733046889,
        "dmean2": 0.0592662803829,
        "dvar": 0.001363490941,
        "dvar2": 0.00309650460258,
        "max": 0.69790160656,
        "mean": 0.187816351652,
        "median": 0.184007242322,
        "min": 0.0131654990837,
        "var": 0.00943206995726
    },
    "barkbands_kurtosis": {
        "dmean": 9.84018135071,
        "dmean2": 15.3073616028,
        "dvar": 4173.47851562,
        "dvar2": 8616.23046875,
        "max": 7611.60839844,
        "mean": 12.333439827,
        "median": 4.31015920639,
        "min": -1.92423522472,
        "var": 8736.24902344
    },
    "barkbands_skewness": {
        "dmean": 1.03682255745,
        "dmean2": 1.55326581001,
        "dvar": 1.61627292633,
        "dvar2": 3.47637748718,
        "max": 75.7550964355,
        "mean": 2.07507133484,
        "median": 1.92156362534,
        "min": -4.06833028793,
        "var": 6.10593175888
    },
    "barkbands_spread": {
        "dmean": 10.2519035339,
        "dmean2": 15.8148317337,
        "dvar": 132.543365479,
        "dvar2": 308.934509277,
        "max": 103.992790222,
        "mean": 21.0685520172,
        "median": 14.9895486832,
        "min": 0.00997540354729,
        "var": 282.97366333
    },
    "dissonance": {
        "dmean": 0.018129369244,
        "dmean2": 0.0304471962154,
        "dvar": 0.000363419268979,
        "dvar2": 0.000981590943411,
        "max": 0.500000119209,
        "mean": 0.459824025631,
        "median": 0.47601133585,
        "min": 0.03044905141,
        "var": 0.00272075878456
    },
    "dynamic_complexity": 4.63181877136,
    "erbbands_crest": {
        "dmean": 2.97599673271,
        "dmean2": 4.80079984665,
        "dvar": 7.48574924469,
        "dvar2": 18.5941791534,
        "max": 33.5319290161,
        "mean": 8.95747089386,
        "median": 7.68194437027,
        "min": 1.99142599106,
        "var": 24.7087879181
    },
    "erbbands_flatness_db": {
        "dmean": 0.0247154068202,
        "dmean2": 0.0375499539077,
        "dvar": 0.000592102587689,
        "dvar2": 0.00133835652377,
        "max": 0.630872905254,
        "mean": 0.167774215341,
        "median": 0.126806199551,
        "min": 0.0318611711264,
        "var": 0.0102263810113
    },
    "erbbands_kurtosis": {
        "dmean": 1.67546927929,
        "dmean2": 2.81639695168,
        "dvar": 7.99944591522,
        "dvar2": 19.2036991119,
        "max": 160.199539185,
        "mean": 0.732504725456,
        "median": -0.243583679199,
        "min": -1.87469470501,
        "var": 23.0553779602
    },
    "erbbands_skewness": {
        "dmean": 0.614224255085,
        "dmean2": 0.974591314793,
        "dvar": 0.32881167531,
        "dvar2": 0.818877875805,
        "max": 8.71929168701,
        "mean": 0.214379802346,
        "median": 0.223735287786,
        "min": -3.67983460426,
        "var": 0.907262921333
    },
    "erbbands_spread": {
        "dmean": 16.2257976532,
        "dmean2": 25.8310413361,
        "dvar": 267.185668945,
        "dvar2": 672.549255371,
        "max": 168.34979248,
        "mean": 48.6123085022,
        "median": 46.6527748108,
        "min": 0.204215317965,
        "var": 869.948852539
    },
    "hfc": {
        "dmean": 15.8889989853,
        "dmean2": 25.5238208771,
        "dvar": 557.340148926,
        "dvar2": 1423.16479492,
        "max": 195.947799683,
        "mean": 22.0906238556,
        "median": 13.9158391953,
        "min": 1.11429473847e-16,
        "var": 670.415710449
    },
    "melbands_crest": {
        "dmean": 4.43627262115,
        "dmean2": 6.85661315918,
        "dvar": 17.1719532013,
        "dvar2": 39.6692848206,
        "max": 36.2580795288,
        "mean": 18.5665111542,
        "median": 19.9168510437,
        "min": 1.00251877308,
        "var": 58.7334136963
    },
    "melbands_flatness_db": {
        "dmean": 0.0463296175003,
        "dmean2": 0.0676672533154,
        "dvar": 0.00191366008949,
        "dvar2": 0.00429204897955,
        "max": 0.769521296024,
        "mean": 0.220901057124,
        "median": 0.221662953496,
        "min": 1.1648695164e-07,
        "var": 0.0125403162092
    },
    "melbands_kurtosis": {
        "dmean": 22.6412029266,
        "dmean2": 35.8276824951,
        "dvar": 2031.72021484,
        "dvar2": 4693.78613281,
        "max": 686.214599609,
        "mean": 34.8934745789,
        "median": 14.1257705688,
        "min": -1.84854364395,
        "var": 3666.31518555
    },
    "melbands_skewness": {
        "dmean": 1.45111656189,
        "dmean2": 2.22351264954,
        "dvar": 2.69828176498,
        "dvar2": 6.20407629013,
        "max": 21.4361515045,
        "mean": 3.73960661888,
        "median": 3.29188084602,
        "min": -2.78619742393,
        "var": 10.4467639923
    },
    "melbands_spread": {
        "dmean": 12.7222862244,
        "dmean2": 20.8217487335,
        "dvar": 381.166900635,
        "dvar2": 992.768127441,
        "max": 198.473846436,
        "mean": 25.0308933258,
        "median": 13.3782815933,
        "min": 0.135072991252,
        "var": 870.845825195
    },
    "pitch_salience": {
        "dmean": 0.0993115827441,
        "dmean2": 0.152364596725,
        "dvar": 0.00843420345336,
        "dvar2": 0.0198706015944,
        "max": 0.995990395546,
        "mean": 0.489821791649,
        "median": 0.464871525764,
        "min": 0.0228293798864,
        "var": 0.0271639302373
    },
    "silence_rate_20dB": {
        "dmean": 0,
        "dmean2": 0,
        "dvar": 0,
        "dvar2": 0,
        "max": 1,
        "mean": 1,
        "median": 1,
        "min": 1,
        "var": 0
    },
    "silence_rate_30dB": {
        "dmean": 0.0823284834623,
        "dmean2": 0.164668381214,
        "dvar": 0.0755518525839,
        "dvar2": 0.171225339174,
        "max": 1,
        "mean": 0.908045172691,
        "median": 1,
        "min": 0,
        "var": 0.0835029184818
    },
    "silence_rate_60dB": {
        "dmean": 0.0654192641377,
        "dmean2": 0.130847603083,
        "dvar": 0.0611326023936,
        "dvar2": 0.136016696692,
        "max": 1,
        "mean": 0.258540630341,
        "median": 0,
        "min": 0,
        "var": 0.191733688116
    },
    "spectral_centroid": {
        "dmean": 527.736328125,
        "dmean2": 830.075134277,
        "dvar": 289667.21875,
        "dvar2": 647086.0625,
        "max": 11584.703125,
        "mean": 1785.78845215,
        "median": 1570.22497559,
        "min": 170.498519897,
        "var": 1091792
    },
    "spectral_complexity": {
        "dmean": 7.9119887352,
        "dmean2": 12.544875145,
        "dvar": 71.9717102051,
        "dvar2": 148.320999146,
        "max": 62,
        "mean": 15.0130968094,
        "median": 11,
        "min": 0,
        "var": 155.200866699
    },
    "spectral_decrease": {
        "dmean": 5.00911978563e-09,
        "dmean2": 7.53381357299e-09,
        "dvar": 5.5583599018e-17,
        "dvar2": 1.12608702528e-16,
        "max": 2.48382356368e-19,
        "mean": -1.20470664555e-08,
        "median": -7.66953700548e-09,
        "min": -7.33637222083e-08,
        "var": 1.61705789411e-16
    },
    "spectral_energy": {
        "dmean": 0.0196287091821,
        "dmean2": 0.0296661127359,
        "dvar": 0.000840822001919,
        "dvar2": 0.00171331409365,
        "max": 0.282496333122,
        "mean": 0.0474721007049,
        "median": 0.0313916280866,
        "min": 1.01846176712e-20,
        "var": 0.00243608327582
    },
    "spectral_energyband_high": {
        "dmean": 0.00153372774366,
        "dmean2": 0.00250752270222,
        "dvar": 4.83175381305e-06,
        "dvar2": 1.23387035273e-05,
        "max": 0.0203409325331,
        "mean": 0.0016136522172,
        "median": 0.000931368325837,
        "min": 7.294894513e-21,
        "var": 5.14751945957e-06
    },
    "spectral_energyband_low": {
        "dmean": 0.0153581015766,
        "dmean2": 0.0230398178101,
        "dvar": 0.000545747228898,
        "dvar2": 0.00112958240788,
        "max": 0.247267827392,
        "mean": 0.0324082784355,
        "median": 0.0116670168936,
        "min": 1.84246069033e-23,
        "var": 0.0014497108059
    },
    "spectral_energyband_middle_high": {
        "dmean": 0.00193155545276,
        "dmean2": 0.00325283966959,
        "dvar": 1.02696167232e-05,
        "dvar2": 2.6410431019e-05,
        "max": 0.0385997705162,
        "mean": 0.00290786218829,
        "median": 0.00138929137029,
        "min": 1.26808726609e-21,
        "var": 1.5187815734e-05
    },
    "spectral_energyband_middle_low": {
        "dmean": 0.00857702083886,
        "dmean2": 0.0143552087247,
        "dvar": 0.000506195705384,
        "dvar2": 0.00128628476523,
        "max": 0.238491117954,
        "mean": 0.0119335856289,
        "median": 0.00675836578012,
        "min": 1.89337307896e-22,
        "var": 0.000461485848064
    },
    "spectral_entropy": {
        "dmean": 0.217080011964,
        "dmean2": 0.335761189461,
        "dvar": 0.0460895299911,
        "dvar2": 0.110825322568,
        "max": 9.81684207916,
        "mean": 7.67236185074,
        "median": 7.87647676468,
        "min": 2.7388420105,
        "var": 0.592483520508
    },
    "spectral_flux": {
        "dmean": 0.0348800681531,
        "dmean2": 0.0534339956939,
        "dvar": 0.00215473701246,
        "dvar2": 0.0043871216476,
        "max": 0.499904572964,
        "mean": 0.104881718755,
        "median": 0.103192254901,
        "min": 6.35627592227e-11,
        "var": 0.00690077012405
    },
    "spectral_kurtosis": {
        "dmean": 3.6051094532,
        "dmean2": 6.32260799408,
        "dvar": 359.39630127,
        "dvar2": 1107.08300781,
        "max": 744.061340332,
        "mean": 8.83133792877,
        "median": 2.19231557846,
        "min": -1.33548069,
        "var": 1645.50476074
    },
    "spectral_rms": {
        "dmean": 0.00136315217242,
        "dmean2": 0.00202809786424,
        "dvar": 2.91497508442e-06,
        "dvar2": 5.72188082515e-06,
        "max": 0.0166013911366,
        "mean": 0.00557993259281,
        "median": 0.00553407426924,
        "min": 3.15217578602e-12,
        "var": 1.51786325659e-05
    },
    "spectral_rolloff": {
        "dmean": 849.859558105,
        "dmean2": 1452.80847168,
        "dvar": 2022519.25,
        "dvar2": 4883141,
        "max": 19509.0820312,
        "mean": 2013.44250488,
        "median": 796.728515625,
        "min": 43.06640625,
        "var": 6758490.5
    },
    "spectral_skewness": {
        "dmean": 0.349487423897,
        "dmean2": 0.590515732765,
        "dvar": 0.238613441586,
        "dvar2": 0.671878397465,
        "max": 21.5914287567,
        "mean": 1.46999585629,
        "median": 1.15114760399,
        "min": -0.111669160426,
        "var": 3.46908831596
    },
    "spectral_spread": {
        "dmean": 892800.625,
        "dmean2": 1410880.375,
        "dvar": 1.43034587546e+12,
        "dvar2": 3.06933818982e+12,
        "max": 48984388,
        "mean": 5209404,
        "median": 5493839.5,
        "min": 158118.109375,
        "var": 5.85075576013e+12
    },
    "spectral_strongpeak": {
        "dmean": 0.28532242775,
        "dmean2": 0.472286760807,
        "dvar": 0.131511941552,
        "dvar2": 0.348472416401,
        "max": 4.71888542175,
        "mean": 0.62030851841,
        "median": 0.526413619518,
        "min": 0,
        "var": 0.242589399219
    },
    "zerocrossingrate": {
        "dmean": 0.0172172766179,
        "dmean2": 0.0214963890612,
        "dvar": 0.000369229906937,
        "dvar2": 0.00051044014981,
        "max": 0.517578125,
        "mean": 0.0749887153506,
        "median": 0.05078125,
        "min": 0.0029296875,
        "var": 0.00450305407867
    },
    "barkbands": {
        "dmean": [0.00141014251858, 0.0125116705894, 0.00310722924769, 0.00343109946698, 0.00497992150486, 0.00107053108513, 0.00092547602253, 0.000889345130417, 0.000822608126327, 0.000699867727235, 0.000243778064032, 0.000354134099325, 0.000187806625036, 0.000282150489511, 0.000177010777406, 0.000109706525109, 0.000116077062557, 0.000148653023643, 0.000254964543274, 0.000326703797327, 0.000340080005117, 0.000277853570879, 0.000234750681557, 0.000238334599999, 0.000152379856445, 0.000183134397957, 1.22320602713e-06],
        "dmean2": [0.00244584586471, 0.0186558663845, 0.00510490778834, 0.00619304925203, 0.00874606519938, 0.0018946029013, 0.00153828039765, 0.00158906821162, 0.00137955567334, 0.0011175054824, 0.000438250193838, 0.000648897199426, 0.000323967338772, 0.000506346870679, 0.000310179544613, 0.00019009814423, 0.000198758061742, 0.000251325778663, 0.000425588106737, 0.000534551916644, 0.000563508772757, 0.000465395802166, 0.000399367243517, 0.000404296675697, 0.000245405273745, 0.000305266963551, 2.22330959332e-06],
        "dvar": [5.24904089616e-06, 0.00030578658334, 0.000111868539534, 0.000214351239265, 0.000174854765646, 5.55490896659e-06, 3.60986155101e-06, 3.51449693881e-06, 2.98532245324e-06, 2.33744026445e-06, 3.32702086325e-07, 1.33776813982e-06, 1.5003300291e-07, 5.92587866777e-07, 8.00350576924e-08, 3.94616108679e-08, 3.33606280378e-08, 4.60571278893e-08, 1.5331356451e-07, 1.57084286911e-07, 2.10257610433e-07, 1.58232396075e-07, 1.35854378414e-07, 1.95202389364e-07, 6.16163902123e-08, 8.55223447616e-08, 1.31222966521e-11],
        "dvar2": [1.62189007824e-05, 0.000670314824674, 0.000263686757535, 0.000597022124566, 0.000486355391331, 1.55317429744e-05, 9.25371023186e-06, 9.69249958871e-06, 8.04595038062e-06, 5.60002445127e-06, 9.64500372902e-07, 3.94548669647e-06, 4.17288106291e-07, 1.67352902736e-06, 2.15421593452e-07, 1.04665531353e-07, 8.69983338703e-08, 1.17242812792e-07, 3.99373533355e-07, 3.95075232973e-07, 5.59689567581e-07, 4.11862913552e-07, 3.55046779532e-07, 5.08299876856e-07, 1.48709020209e-07, 2.14709359625e-07, 3.59291797702e-11],
        "max": [0.0305832922459, 0.237546086311, 0.15855845809, 0.169009327888, 0.170344769955, 0.0220776684582, 0.0514065288007, 0.0242911148816, 0.0230952836573, 0.0307550989091, 0.00776959722862, 0.034453202039, 0.0060316841118, 0.00874608475715, 0.00482977088541, 0.00357012148015, 0.00200440222397, 0.00248687691055, 0.00372724235058, 0.00459118746221, 0.0058080884628, 0.00393293285742, 0.00300627877004, 0.00372689194046, 0.00254255160689, 0.00223919632845, 7.51422630856e-05],
        "mean": [0.0015623633517, 0.0267644897103, 0.00290081300773, 0.00268633221276, 0.00456344103441, 0.000997278955765, 0.00131010136101, 0.000824717280921, 0.00110579875764, 0.00116321200039, 0.000218553730519, 0.000301773427054, 0.000206135257031, 0.000232807724387, 0.000200518552447, 0.000104222941445, 0.000132548375404, 0.000157141417731, 0.000271264900221, 0.000367394211935, 0.000355434021913, 0.000288768991595, 0.000231716374401, 0.000231040772633, 0.000145440062624, 0.000147942002513, 8.00260693268e-07],
        "median": [0.000432364409789, 0.00743143912405, 0.000378357304726, 0.000404249178246, 0.00157699536067, 0.000219477951759, 0.000280837441096, 8.9506880613e-05, 0.000223023089347, 0.000202086725039, 3.82883445127e-05, 5.66712697037e-05, 8.06793468655e-05, 4.62803836854e-05, 8.78032078617e-05, 3.49420006387e-05, 6.41121805529e-05, 8.65615074872e-05, 0.0001558495278, 0.000244844384724, 0.000230057601584, 0.000158752838615, 0.000108828382508, 7.1132213634e-05, 3.27468624164e-05, 1.7410464352e-05, 5.84215209543e-09],
        "min": [1.19583927521e-24, 3.05696301434e-24, 1.19083937619e-24, 4.5141317915e-25, 9.87597055352e-24, 1.03002893681e-23, 5.5557379129e-24, 9.89774942539e-24, 1.89389789234e-23, 1.86956626658e-23, 2.49900548261e-23, 3.19991076348e-23, 5.50753275291e-23, 2.87701137785e-23, 3.01516458819e-23, 5.92142535068e-23, 1.02741143322e-22, 1.0211867527e-22, 1.6436561933e-22, 1.8088305402e-22, 2.99502894513e-22, 2.93706874696e-22, 4.32228173837e-22, 6.24029264734e-22, 9.49412602955e-22, 1.50470696551e-21, 1.89488600058e-21],
        "var": [5.85391535424e-06, 0.000956819450948, 0.00010538292554, 0.000134373374749, 0.000119277588965, 4.18114632339e-06, 7.9708688645e-06, 3.14253134093e-06, 5.44206386621e-06, 6.88848012942e-06, 2.40008830588e-07, 8.28324857594e-07, 1.30868272663e-07, 3.90469921285e-07, 8.63808011786e-08, 3.72356225853e-08, 3.37920624816e-08, 4.63596059319e-08, 1.44279852066e-07, 1.82866330078e-07, 2.08407143987e-07, 1.62793966751e-07, 1.28241666175e-07, 1.84296823136e-07, 6.58554100141e-08, 7.64727232649e-08, 8.55832332086e-12]
    },
    "erbbands": {
        "dmean": [0.50693655014, 2.53348231316, 3.12868452072, 8.00015735626, 15.624250412, 16.3417510986, 10.6405096054, 8.63365840912, 13.0446434021, 12.7175521851, 22.8271789551, 19.4820384979, 17.3898105621, 18.8417472839, 11.1453351974, 13.9448471069, 9.1832075119, 12.8979825974, 10.8042068481, 7.99909734726, 6.04623985291, 6.11448907852, 7.97845363617, 11.1475887299, 13.4607248306, 15.2421121597, 15.3479232788, 12.4669599533, 9.80085849762, 9.09809398651, 6.59338855743, 5.23760271072, 3.65046453476, 1.68038737774, 1.16308009624, 0.77641171217, 0.368714004755, 0.0352828837931, 0.000662121630739, 4.63102951471e-05],
        "dmean2": [0.751402616501, 3.97906756401, 4.94201421738, 13.6415395737, 27.6183185577, 29.1809444427, 19.1284141541, 15.4586801529, 21.3767910004, 22.6154155731, 40.6871070862, 32.3580169678, 26.7956638336, 30.6795845032, 20.2071800232, 25.312128067, 15.8900241852, 22.981174469, 18.8877334595, 14.1380672455, 10.4563694, 10.3809671402, 13.5306243896, 18.8493499756, 22.1864871979, 25.0789928436, 25.37358284, 20.8399944305, 16.2738990784, 15.5764627457, 11.0917854309, 8.80243110657, 6.22147512436, 2.69748592377, 1.90380990505, 1.28225445747, 0.622728645802, 0.0589288659394, 0.00110481295269, 7.29021849111e-05],
        "dvar": [0.485718637705, 13.7194309235, 61.2665252686, 1016.52978516, 2551.11572266, 1710.88867188, 786.280822754, 359.72958374, 779.430358887, 647.697998047, 2568.28417969, 1670.94360352, 1361.03369141, 1763.47229004, 628.449462891, 2217.6875, 373.579040527, 1678.66137695, 292.419403076, 200.84312439, 107.983680725, 96.0109024048, 131.867111206, 338.046936035, 338.658050537, 334.483276367, 390.556518555, 340.567321777, 190.954208374, 187.040603638, 109.288009644, 77.5381164551, 57.4526100159, 8.18441677094, 3.64690995216, 1.48877763748, 0.376000612974, 0.00345199857838, 1.22523897517e-06, 4.25977475516e-09],
        "dvar2": [1.07271575928, 32.3554267883, 127.422874451, 2597.94750977, 7132.15917969, 4806.92431641, 2248.67602539, 1012.68841553, 1974.98034668, 1800.48413086, 7226.93652344, 4382.03759766, 3043.07104492, 3924.34716797, 1830.85559082, 6528.47558594, 1047.92431641, 4783.58935547, 793.815734863, 539.114501953, 290.033813477, 246.620880127, 331.603912354, 898.233703613, 855.151550293, 841.980224609, 1014.84698486, 921.207702637, 495.796783447, 498.275268555, 281.244720459, 196.966827393, 154.617172241, 19.9738273621, 8.99316692352, 3.65238165855, 0.962655246258, 0.0087200962007, 3.1046802178e-06, 1.0380613702e-08],
        "max": [7.79232883453, 49.0505561829, 120.755340576, 357.085754395, 582.038513184, 763.978149414, 292.085662842, 232.537063599, 829.484619141, 276.847839355, 529.485717773, 652.590942383, 674.130981445, 1136.26342773, 320.349487305, 1517.66589355, 328.272674561, 486.889923096, 176.797973633, 267.653106689, 120.647605896, 106.142730713, 114.057350159, 204.533706665, 185.003265381, 247.478179932, 266.899993896, 252.433853149, 152.097091675, 143.213973999, 87.828414917, 76.6051254272, 69.8129653931, 32.1807250977, 16.8726768494, 10.0791292191, 4.81520175934, 0.522541880608, 0.00999801047146, 0.000527753902134],
        "mean": [1.00108492374, 5.08672618866, 3.99812412262, 7.01688051224, 13.3625383377, 14.6719789505, 9.6430644989, 8.30124759674, 19.5472774506, 13.013209343, 24.3967838287, 27.9822921753, 28.8791770935, 26.183008194, 10.4454984665, 12.7279167175, 10.3481559753, 11.2460069656, 11.8401927948, 7.94019508362, 6.11007595062, 6.88484764099, 8.53925132751, 11.7283878326, 14.8906793594, 17.2986106873, 15.7583675385, 13.2395305634, 10.5140314102, 8.82835769653, 6.54688358307, 4.94286489487, 3.60500669479, 1.70558202267, 1.04042673111, 0.641052246094, 0.290806919336, 0.0284077301621, 0.000550260418095, 7.82980932854e-05],
        "median": [0.241396188736, 1.37422931194, 1.0121986866, 1.45794606209, 3.98753857613, 5.0518655777, 2.46015334129, 2.24888586998, 4.32999181747, 3.54722380638, 3.85723137856, 6.16432380676, 4.49244880676, 6.33967256546, 2.20279788971, 3.30427718163, 4.42658185959, 2.60549068451, 5.15381765366, 2.89351868629, 2.54865717888, 3.23065090179, 4.61531591415, 6.75567054749, 9.39041233063, 11.2854833603, 9.36273670197, 8.98402023315, 6.08067035675, 4.49115753174, 2.9301571846, 1.6933054924, 1.07134449482, 0.466476678848, 0.187391668558, 0.0794996470213, 0.0334952399135, 0.00324475392699, 9.17130819289e-05, 6.39416903141e-05],
        "min": [9.27780699026e-23, 9.04611462964e-22, 2.43660852245e-21, 6.52816190085e-21, 1.76853767592e-20, 1.72047525115e-20, 4.89242952631e-20, 7.69143035837e-20, 8.394759415e-20, 1.50157876877e-19, 2.40111661766e-19, 4.08032040301e-19, 3.31099073455e-19, 8.77866311382e-19, 1.09992935747e-18, 1.21006525071e-18, 2.67893691032e-18, 2.00005220401e-18, 2.19403143432e-18, 3.95213413634e-18, 3.91772300927e-18, 5.79103728815e-18, 5.29032211591e-18, 7.13239047434e-18, 6.60496564011e-18, 9.55482529415e-18, 9.51687342046e-18, 1.20582311698e-17, 1.19448702027e-17, 1.22849514495e-17, 1.1913907178e-17, 9.70133635142e-18, 1.1028134054e-17, 9.12273509347e-18, 7.04888080124e-18, 4.7232174277e-18, 2.28886417604e-18, 9.87046500819e-19, 2.55138431569e-19, 2.78853538172e-20],
        "var": [1.49883127213, 36.4569625854, 80.6276855469, 774.932434082, 1634.89990234, 1158.53283691, 513.444152832, 272.095672607, 1882.51062012, 572.271728516, 2353.14355469, 3765.36254883, 4261.29931641, 4291.1796875, 474.587371826, 1378.35559082, 319.161437988, 1074.02490234, 301.228729248, 193.106323242, 99.5946426392, 97.3506774902, 133.397109985, 300.604125977, 355.284240723, 390.402740479, 406.53012085, 316.462341309, 206.011871338, 170.992431641, 105.745025635, 73.1725006104, 52.8013114929, 8.96640014648, 3.60574889183, 1.40213668346, 0.316159963608, 0.0030558926519, 1.0851845218e-06, 7.01073243903e-09]
    },
    "gfcc": {
        "mean": [-39.115272522, 53.6307411194, -119.309188843, 35.1883506775, -71.9410018921, 9.10936641693, -31.2046527863, 7.92219352722, -24.6197872162, 6.48483610153, -17.1169567108, 0.374895513058, -10.6611032486],
        "cov": [[21076.46875, 489.287384033, 5218.25537109, 3435.96899414, 1127.41625977, 2221.15600586, 554.797424316, 1466.48425293, -431.382354736, 815.388244629, -410.159637451, 698.862304688, -134.969863892], [489.287384033, 3111.23510742, 1024.85192871, -585.683227539, 154.506668091, -0.322464376688, 336.160644531, 88.3378753662, 357.997253418, -36.171497345, 248.189025879, -155.011734009, 213.702560425], [5218.25537109, 1024.85192871, 4066.93994141, 1716.48864746, 1003.40771484, 961.684814453, 429.67276001, 601.618164062, -124.406982422, 327.791992188, -109.619628906, 303.706390381, 48.0019073486], [3435.96899414, -585.683227539, 1716.48864746, 2049.32104492, 676.088684082, 634.208129883, 255.904724121, 337.475463867, -96.8144760132, 233.363632202, -72.3457183838, 276.491821289, 18.2517662048], [1127.41625977, 154.506668091, 1003.40771484, 676.088684082, 534.543457031, 382.47644043, 208.673233032, 184.595413208, 9.91741085052, 102.324417114, 2.06820487976, 109.373207092, 31.2308502197], [2221.15600586, -0.322464376688, 961.684814453, 634.208129883, 382.47644043, 546.176696777, 251.790908813, 291.691253662, -27.9703216553, 132.586090088, -32.6979103088, 124.657287598, 11.3737974167], [554.797424316, 336.160644531, 429.67276001, 255.904724121, 208.673233032, 251.790908813, 311.665374756, 203.279067993, 120.460197449, 69.7766799927, 51.950428009, 35.2798805237, 54.0864524841], [1466.48425293, 88.3378753662, 601.618164062, 337.475463867, 184.595413208, 291.691253662, 203.279067993, 317.122772217, 104.587524414, 140.046051025, 5.93823051453, 75.2854766846, 20.4179019928], [-431.382354736, 357.997253418, -124.406982422, -96.8144760132, 9.91741085052, -27.9703216553, 120.460197449, 104.587524414, 257.073150635, 87.3667221069, 111.933792114, -34.1768341064, 39.5499839783], [815.388244629, -36.171497345, 327.791992188, 233.363632202, 102.324417114, 132.586090088, 69.7766799927, 140.046051025, 87.3667221069, 178.759841919, 65.7045898438, 71.6603012085, -9.49779033661], [-410.159637451, 248.189025879, -109.619628906, -72.3457183838, 2.06820487976, -32.6979103088, 51.950428009, 5.93823051453, 111.933792114, 65.7045898438, 151.629852295, 26.8660793304, 42.512840271], [698.862304688, -155.011734009, 303.706390381, 276.491821289, 109.373207092, 124.657287598, 35.2798805237, 75.2854766846, -34.1768341064, 71.6603012085, 26.8660793304, 132.347732544, 30.0783615112], [-134.969863892, 213.702560425, 48.0019073486, 18.2517662048, 31.2308502197, 11.3737974167, 54.0864524841, 20.4179019928, 39.5499839783, -9.49779033661, 42.512840271, 30.0783615112, 97.6599273682]],
        "icov": [[0.000247356569162, -0.000522267655469, 0.00026760136825, -0.000373307557311, 0.000429477920989, -0.000654440489598, 0.000547600502614, -0.000790287973359, 0.000818060478196, -0.00105447007809, 0.00106509961188, -0.000747476704419, 0.000556477694772], [-0.000522267655469, 0.00238480558619, -0.0015385071747, 0.00132220727392, -0.000570964068174, 0.000997992814519, -0.00140156340785, 0.00227630138397, -0.00312406686135, 0.00397336529568, -0.00450634211302, 0.00345839350484, -0.00251640775241], [0.00026760136825, -0.0015385071747, 0.00170485978015, -0.000892153533641, -0.000724530429579, -0.000117222123663, 0.000656166055705, -0.0022354084067, 0.00321285240352, -0.00352681847289, 0.00307205086574, -0.00154876534361, 0.000910086731892], [-0.000373307557311, 0.00132220727392, -0.000892153533641, 0.00194385449868, -0.00131825986318, 0.000762594456319, -0.00126059935428, 0.00180583877955, -0.00176796107553, 0.00138934829738, -0.00134857522789, 0.000573586148676, -0.00141914468259], [0.000429477920989, -0.000570964068174, -0.000724530429579, -0.00131825986318, 0.00715470081195, -0.00485740648583, 0.000386924395571, 0.00206997990608, -0.00248917774297, 0.000639001023956, 0.00121834606398, -0.00270346016623, 0.00144856306724], [-0.000654440489598, 0.000997992814519, -0.000117222123663, 0.000762594456319, -0.00485740648583, 0.0117728896439, -0.00554750673473, -0.00395674491301, 0.00525894621387, -0.00132950069383, -0.00186693866272, 0.00272534694523, -0.00137709476985], [0.000547600502614, -0.00140156340785, 0.000656166055705, -0.00126059935428, 0.000386924395571, -0.00554750673473, 0.0117221381515, -0.00510416273028, -0.00171298289206, 0.00239453883842, -0.00119380454998, -0.000302761240164, 0.00037382481969], [-0.000790287973359, 0.00227630138397, -0.0022354084067, 0.00180583877955, 0.00206997990608, -0.00395674491301, -0.00510416273028, 0.0187931954861, -0.0125491712242, 0.000740248651709, 0.00357579812407, -0.00300940265879, -0.00209110463038], [0.000818060478196, -0.00312406686135, 0.00321285240352, -0.00176796107553, -0.00248917774297, 0.00525894621387, -0.00171298289206, -0.0125491712242, 0.0238758344203, -0.0145440530032, -0.000927980232518, 0.007867179811, -0.00262875691988], [-0.00105447007809, 0.00397336529568, -0.00352681847289, 0.00138934829738, 0.000639001023956, -0.00132950069383, 0.00239453883842, 0.000740248651709, -0.0145440530032, 0.0292085763067, -0.0155423199758, -0.00273147551343, 0.00612917542458], [0.00106509961188, -0.00450634211302, 0.00307205086574, -0.00134857522789, 0.00121834606398, -0.00186693866272, -0.00119380454998, 0.00357579812407, -0.000927980232518, -0.0155423199758, 0.0279238410294, -0.0137651609257, 0.00076449959306], [-0.000747476704419, 0.00345839350484, -0.00154876534361, 0.000573586148676, -0.00270346016623, 0.00272534694523, -0.000302761240164, -0.00300940265879, 0.007867179811, -0.00273147551343, -0.0137651609257, 0.0285989176482, -0.0128704495728], [0.000556477694772, -0.00251640775241, 0.000910086731892, -0.00141914468259, 0.00144856306724, -0.00137709476985, 0.00037382481969, -0.00209110463038, -0.00262875691988, 0.00612917542458, 0.00076449959306, -0.0128704495728, 0.0215522218496]]
    },
    "melbands": {
        "dmean": [0.00390891032293, 0.00211028032936, 0.00147417769767, 0.00123736134265, 0.000419125397457, 0.000193833941012, 0.000198585054022, 0.00014193408424, 0.000198283509235, 0.000109924243588, 8.86602065293e-05, 8.39010899654e-05, 3.48976827809e-05, 4.08921150665e-05, 2.8726295568e-05, 1.81934847205e-05, 2.58628897427e-05, 1.85753142432e-05, 1.32544273583e-05, 8.91266518011e-06, 6.8203517003e-06, 6.34442812952e-06, 6.57626287648e-06, 8.06939988252e-06, 9.30610076466e-06, 9.66001698544e-06, 9.91204524325e-06, 1.05638637251e-05, 1.08931753857e-05, 7.2248435572e-06, 7.63468233345e-06, 5.46002411284e-06, 5.60325952392e-06, 4.76731520394e-06, 4.06616936743e-06, 3.00163469547e-06, 3.13039686262e-06, 2.93571565635e-06, 1.78838229203e-06, 1.26947770696e-06],
        "dmean2": [0.00574799999595, 0.0032942192629, 0.0024787215516, 0.00216674525291, 0.000752568477765, 0.000346185668604, 0.000325924629578, 0.000254262471572, 0.000351606198819, 0.000183010779438, 0.000138322691782, 0.000136637216201, 6.31672519376e-05, 7.49978789827e-05, 5.09890451212e-05, 3.17741869367e-05, 4.62221105408e-05, 3.25719738612e-05, 2.35489897022e-05, 1.55459856614e-05, 1.18315501823e-05, 1.08896829261e-05, 1.10614937512e-05, 1.37833849294e-05, 1.58049824677e-05, 1.60651725309e-05, 1.62776050274e-05, 1.74953784153e-05, 1.83083375305e-05, 1.18582747746e-05, 1.30349717438e-05, 9.02051669982e-06, 9.57173051575e-06, 8.22029596748e-06, 6.8566914706e-06, 5.01292333865e-06, 5.30353645445e-06, 5.08395169163e-06, 2.96977509606e-06, 2.0393322302e-06],
        "dvar": [2.87695256702e-05, 1.31202614284e-05, 3.08241178573e-05, 1.040398638e-05, 1.25466533518e-06, 1.76825921017e-07, 1.73861593566e-07, 8.18534573455e-08, 1.99308260562e-07, 5.11762294764e-08, 3.73770525641e-08, 3.69809107781e-08, 6.3785838833e-09, 1.51930770187e-08, 7.43216332921e-09, 1.75668113389e-09, 6.51948006691e-09, 1.01576991263e-09, 5.55294532578e-10, 2.63643246123e-10, 1.37840364123e-10, 1.15091533526e-10, 9.25934745544e-11, 1.52325166369e-10, 2.65394317633e-10, 1.90033058733e-10, 1.69988328969e-10, 1.67424532571e-10, 2.3957630324e-10, 7.72321859244e-11, 1.71206340771e-10, 6.32734281636e-11, 6.68117644542e-11, 5.67141993091e-11, 4.33889139895e-11, 2.37385042179e-11, 3.01427736937e-11, 4.52109703841e-11, 9.62918633718e-12, 5.01938941799e-12],
        "dvar2": [6.21780418442e-05, 2.81785087282e-05, 7.73809588281e-05, 2.85662354145e-05, 3.59971636499e-06, 4.95457300076e-07, 4.39614893821e-07, 2.27843273137e-07, 5.65987534173e-07, 1.34536165319e-07, 8.61431743715e-08, 8.20782872779e-08, 1.8559624948e-08, 4.49899921762e-08, 2.17006252967e-08, 4.91305929273e-09, 1.85404189779e-08, 2.7972211214e-09, 1.5176671031e-09, 6.87859824655e-10, 3.76833120264e-10, 3.02743052849e-10, 2.32937585887e-10, 3.96445959394e-10, 7.15426717868e-10, 4.83673490148e-10, 4.35600222559e-10, 4.22424234481e-10, 6.28789187385e-10, 2.02122596438e-10, 4.72065220247e-10, 1.63521668428e-10, 1.77911338439e-10, 1.52284906907e-10, 1.11462186703e-10, 6.12675396527e-11, 7.72669081495e-11, 1.25396026895e-10, 2.46934226539e-11, 1.22538975494e-11],
        "max": [0.0700283497572, 0.0497411750257, 0.0649627894163, 0.0438120216131, 0.0143500603735, 0.00504841608927, 0.0122573068365, 0.00357359671034, 0.00492229824886, 0.00359621481039, 0.0033122159075, 0.00502471486107, 0.00105013174471, 0.00341751310043, 0.00252881832421, 0.000523421622347, 0.000967215746641, 0.000353630195605, 0.000379053439246, 0.000305013381876, 0.000132377521368, 0.000116713003081, 0.000112705405627, 0.000154064269736, 0.000192523279111, 0.000126292550704, 0.000137865150464, 0.000193655170733, 0.000219007983105, 0.000107261053927, 0.000195156404516, 8.22517758934e-05, 8.64572793944e-05, 8.90292867552e-05, 5.37384730706e-05, 4.68798498332e-05, 4.79188202007e-05, 6.30421782262e-05, 3.66853637388e-05, 2.48159085459e-05],
        "mean": [0.00829560589045, 0.00367026287131, 0.00136317987926, 0.00112103065476, 0.000383611710276, 0.000183954878594, 0.000296251062537, 0.000136169721372, 0.000223859562539, 0.000156019101269, 0.000143523633596, 0.000112790621642, 3.13804521284e-05, 3.41750383086e-05, 2.97910355584e-05, 1.81026771315e-05, 2.17739707296e-05, 1.92517818505e-05, 1.35106829475e-05, 8.46037073643e-06, 6.87784768161e-06, 7.00791497366e-06, 7.25408926883e-06, 8.14432678453e-06, 9.53632934397e-06, 1.02373205664e-05, 1.10495384433e-05, 1.18433163152e-05, 1.04335586002e-05, 7.97790653451e-06, 7.68500831327e-06, 5.89725141253e-06, 5.5062505453e-06, 4.58050772068e-06, 3.93030450141e-06, 3.05643948195e-06, 2.86034560304e-06, 2.87390207632e-06, 1.73570208517e-06, 1.28596536797e-06],
        "median": [0.00216471147723, 0.00109374872409, 0.000348714616848, 0.00036875603837, 0.000109002488898, 4.36965601693e-05, 6.53681927361e-05, 3.46673405147e-05, 3.63568724424e-05, 3.23334788845e-05, 2.09775898838e-05, 2.59604257735e-05, 5.53048357688e-06, 6.84072392687e-06, 1.14881177069e-05, 6.23687083134e-06, 4.04140064347e-06, 7.84305939305e-06, 5.14830935572e-06, 2.36275559473e-06, 2.9947452731e-06, 2.95915538118e-06, 3.8830307858e-06, 4.17586397816e-06, 5.41291365153e-06, 5.73892020839e-06, 7.45538045521e-06, 7.61529781812e-06, 5.33871207153e-06, 5.54718326384e-06, 4.91842365591e-06, 3.38592462867e-06, 2.78402126241e-06, 2.26902716349e-06, 1.66137238011e-06, 1.3404346646e-06, 8.66860091264e-07, 8.17431271116e-07, 4.65020093543e-07, 3.4998117826e-07],
        "min": [1.16505526029e-24, 1.38886140998e-24, 1.40925602818e-24, 2.14361571675e-24, 1.80796388184e-24, 1.90016495836e-24, 1.13979642714e-24, 1.78819147768e-24, 2.15988340912e-24, 2.67255740611e-24, 1.54901545792e-24, 3.09743039548e-24, 3.80508753684e-24, 3.38899417491e-24, 3.34483492473e-24, 5.7420408263e-24, 2.97688850486e-24, 2.58567384373e-24, 2.57516542761e-24, 4.43610289696e-24, 3.2789074523e-24, 5.41039423542e-24, 4.17488817427e-24, 4.62094602325e-24, 4.51549977491e-24, 4.84335588915e-24, 4.77958121813e-24, 5.79633102266e-24, 5.35310676205e-24, 6.59457700607e-24, 6.52759127674e-24, 6.29558294578e-24, 5.22713080308e-24, 5.45381037863e-24, 6.50162828662e-24, 5.69911101584e-24, 6.12263465864e-24, 6.15420999966e-24, 7.15498260985e-24, 6.64228376375e-24],
        "var": [9.33937990339e-05, 2.5650495445e-05, 2.4655731977e-05, 7.30426927475e-06, 8.08182903711e-07, 1.35866059736e-07, 4.22653300802e-07, 6.60898535898e-08, 1.87410407193e-07, 1.14796598893e-07, 1.0727299582e-07, 8.65155200813e-08, 4.68568650547e-09, 9.48154976754e-09, 4.89504703438e-09, 1.34395095053e-09, 4.2014742796e-09, 9.2759500081e-10, 5.05416763996e-10, 2.67630612116e-10, 1.22033577687e-10, 1.12461033541e-10, 9.59605936379e-11, 1.40261038895e-10, 2.25142474108e-10, 1.91221510848e-10, 1.8157288173e-10, 1.90761392793e-10, 2.23075669048e-10, 8.68784003072e-11, 1.38702951902e-10, 6.78873415816e-11, 6.29222923765e-11, 4.9691011722e-11, 4.07006511827e-11, 2.36200468906e-11, 2.73002679491e-11, 3.98761336451e-11, 9.41742083621e-12, 5.38721411231e-12]
    },
    "mfcc": {
        "mean": [-675.117370605, 79.5782165527, 3.45901417732, 24.6364936829, -13.8338308334, 2.50064373016, -2.79622292519, -0.42895552516, -1.84849596024, 6.21590089798, -0.729413688183, -2.93432593346, -5.48405981064],
        "cov": [[12864.7216797, 909.834533691, 3600.24731445, 1735.15539551, 1670.25036621, 1387.25769043, 1582.11853027, 1015.02697754, 837.565795898, 460.229431152, 264.839630127, 284.995758057, 458.156799316], [909.834533691, 2357.01074219, 852.063903809, -235.915985107, 47.9649200439, -121.623939514, 89.6405181885, 50.7181854248, 203.700912476, 121.912559509, 213.504898071, 62.3458251953, 53.7785949707], [3600.24731445, 852.063903809, 2670.17236328, 1128.92163086, 944.522949219, 663.318908691, 781.815551758, 443.175842285, 414.23223877, 199.484405518, 93.9973983765, 103.135559082, 198.520843506], [1735.15539551, -235.915985107, 1128.92163086, 1199.0871582, 661.598937988, 575.476928711, 450.439453125, 309.428070068, 207.262237549, 122.483444214, 8.07377052307, 97.8372573853, 166.757675171], [1670.25036621, 47.9649200439, 944.522949219, 661.598937988, 633.048034668, 443.889251709, 403.162322998, 243.022918701, 185.524932861, 87.5110244751, 26.6676368713, 60.4188957214, 132.157104492], [1387.25769043, -121.623939514, 663.318908691, 575.476928711, 443.889251709, 469.085205078, 390.333831787, 244.239089966, 148.271865845, 88.1399307251, 19.6540145874, 67.2749633789, 105.659889221], [1582.11853027, 89.6405181885, 781.815551758, 450.439453125, 403.162322998, 390.333831787, 460.396789551, 289.966552734, 198.863967896, 99.3789291382, 38.443069458, 62.4162597656, 104.410873413], [1015.02697754, 50.7181854248, 443.175842285, 309.428070068, 243.022918701, 244.239089966, 289.966552734, 266.878051758, 196.16545105, 105.04246521, 44.1742210388, 63.3490638733, 83.7843475342], [837.565795898, 203.700912476, 414.23223877, 207.262237549, 185.524932861, 148.271865845, 198.863967896, 196.16545105, 231.042373657, 148.716278076, 92.8676528931, 61.7036781311, 64.9901504517], [460.229431152, 121.912559509, 199.484405518, 122.483444214, 87.5110244751, 88.1399307251, 99.3789291382, 105.04246521, 148.716278076, 171.09046936, 126.068077087, 75.170425415, 41.4074897766], [264.839630127, 213.504898071, 93.9973983765, 8.07377052307, 26.6676368713, 19.6540145874, 38.443069458, 44.1742210388, 92.8676528931, 126.068077087, 169.701293945, 119.367759705, 62.6040267944], [284.995758057, 62.3458251953, 103.135559082, 97.8372573853, 60.4188957214, 67.2749633789, 62.4162597656, 63.3490638733, 61.7036781311, 75.170425415, 119.367759705, 166.200637817, 116.076972961], [458.156799316, 53.7785949707, 198.520843506, 166.757675171, 132.157104492, 105.659889221, 104.410873413, 83.7843475342, 64.9901504517, 41.4074897766, 62.6040267944, 116.076972961, 152.736663818]],
