{
"lowlevel": {
    "average_loudness": 0.896714985371,
    "barkbands_crest": {
        "dmean": 3.81652665138,
        "dmean2": 5.94474411011,
        "dvar": 12.3816871643,
        "dvar2": 25.6276779175,
        "max": 26.7448940277,
        "mean": 14.0310344696,
        "median": 12.9227161407,
        "min": 2.32015299797,
        "var": 38.9844284058
    },
    "barkbands_flatness_db": {
        "dmean": 0.0508982203901,
        "dmean2": 0.0726032927632,
        "dvar": 0.00252369395457,
        "dvar2": 0.00502447085455,
        "max": 0.741286933422,
        "mean": 0.181579440832,
        "median": 0.173327326775,
        "min": 0.0243409257382,
        "var": 0.00918942783028
    },
    "barkbands_kurtosis": {
        "dmean": 22.1246433258,
        "dmean2": 35.188369751,
        "dvar": 15519.3095703,
        "dvar2": 40490.0351562,
        "max": 5594.37646484,
        "mean": 22.420507431,
        "median": 4.7052526474,
        "min": -1.9460092783,
        "var": 12864.4150391
    },
    "barkbands_skewness": {
        "dmean": 1.4933218956,
        "dmean2": 2.15940475464,
        "dvar": 4.48765897751,
        "dvar2": 10.3882055283,
        "max": 56.1113510132,
        "mean": 2.68925452232,
        "median": 2.1580119133,
        "min": -10.3657770157,
        "var": 9.18047809601
    },
    "barkbands_spread": {
        "dmean": 10.5617876053,
        "dmean2": 16.9127197266,
        "dvar": 162.282196045,
        "dvar2": 411.294830322,
        "max": 97.2041397095,
        "mean": 20.374753952,
        "median": 16.4402580261,
        "min": 0.0191159844398,
        "var": 263.3203125
    },
    "dissonance": {
        "dmean": 0.0218622144312,
        "dmean2": 0.0360572785139,
        "dvar": 0.000563466572203,
        "dvar2": 0.00149552279618,
        "max": 0.500000059605,
        "mean": 0.461699604988,
        "median": 0.470654428005,
        "min": 0.105956949294,
        "var": 0.00111627206206
    },
    "dynamic_complexity": 2.85382604599,
    "erbbands_crest": {
        "dmean": 4.36335468292,
        "dmean2": 7.04932785034,
        "dvar": 18.5601024628,
        "dvar2": 42.1681098938,
        "max": 34.1655197144,
        "mean": 10.6996049881,
        "median": 8.74999046326,
        "min": 2.47396469116,
        "var": 39.2221717834
    },
    "erbbands_flatness_db": {
        "dmean": 0.0329766124487,
        "dmean2": 0.0490212924778,
        "dvar": 0.00113838899415,
        "dvar2": 0.00240320293233,
        "max": 0.54591935873,
        "mean": 0.165396288037,
        "median": 0.148575007915,
        "min": 0.057620357722,
        "var": 0.00447978451848
    },
    "erbbands_kurtosis": {
        "dmean": 2.61983680725,
        "dmean2": 4.22389364243,
        "dvar": 43.4661178589,
        "dvar2": 102.087844849,
        "max": 144.072280884,
        "mean": 1.49163520336,
        "median": -0.425722241402,
        "min": -1.87950408459,
        "var": 60.2001342773
    },
    "erbbands_skewness": {
        "dmean": 0.690984070301,
        "dmean2": 1.04981470108,
        "dvar": 0.551623046398,
        "dvar2": 1.25031495094,
        "max": 10.3269805908,
        "mean": 0.374711155891,
        "median": 0.224023848772,
        "min": -8.93141365051,
        "var": 1.58236896992
    },
    "erbbands_spread": {
        "dmean": 16.3446979523,
        "dmean2": 24.8735637665,
        "dvar": 256.973937988,
        "dvar2": 548.601867676,
        "max": 180.110656738,
        "mean": 49.6760787964,
        "median": 46.5482521057,
        "min": 0.416365355253,
        "var": 714.626159668
    },
    "hfc": {
        "dmean": 13.5974388123,
        "dmean2": 19.2889022827,
        "dvar": 321.581207275,
        "dvar2": 676.606384277,
        "max": 369.447601318,
        "mean": 21.9213485718,
        "median": 14.6442422867,
        "min": 1.124145864e-16,
        "var": 542.684570312
    },
    "melbands_crest": {
        "dmean": 4.81465911865,
        "dmean2": 7.36227989197,
        "dvar": 22.0635719299,
        "dvar2": 44.7130088806,
        "max": 37.0510520935,
        "mean": 19.6667919159,
        "median": 18.403295517,
        "min": 1.67117238045,
        "var": 70.9322662354
    },
    "melbands_flatness_db": {
        "dmean": 0.0598268024623,
        "dmean2": 0.0830298811197,
        "dvar": 0.00395243335515,
        "dvar2": 0.00700861448422,
        "max": 0.900286853313,
        "mean": 0.233723655343,
        "median": 0.229126438498,
        "min": 0.00338212191127,
        "var": 0.0155840637162
    },
    "melbands_kurtosis": {
        "dmean": 35.9051399231,
        "dmean2": 53.8469314575,
        "dvar": 6585.08056641,
        "dvar2": 16038.0878906,
        "max": 2254.05126953,
        "mean": 49.6250534058,
        "median": 18.7645378113,
        "min": -1.95949983597,
        "var": 9292.0390625
    },
    "melbands_skewness": {
        "dmean": 1.90545988083,
        "dmean2": 2.69427847862,
        "dvar": 4.92307758331,
        "dvar2": 10.1242809296,
        "max": 36.8975830078,
        "mean": 4.52572965622,
        "median": 3.73965835571,
        "min": -7.87381124496,
        "var": 14.2149505615
    },
    "melbands_spread": {
        "dmean": 13.8944568634,
        "dmean2": 22.2048530579,
        "dvar": 421.973999023,
        "dvar2": 947.561157227,
        "max": 186.975616455,
        "mean": 24.0357227325,
        "median": 13.2096223831,
        "min": 0.0990775898099,
        "var": 817.551940918
    },
    "pitch_salience": {
        "dmean": 0.113575272262,
        "dmean2": 0.172007232904,
        "dvar": 0.0114055294544,
        "dvar2": 0.0231467913836,
        "max": 0.919458985329,
        "mean": 0.453072339296,
        "median": 0.474974423647,
        "min": 0.0233540683985,
        "var": 0.0356298945844
    },
    "silence_rate_20dB": {
        "dmean": 0,
        "dmean2": 0,
        "dvar": 0,
        "dvar2": 0,
        "max": 1,
        "mean": 1,
        "median": 1,
        "min": 1,
        "var": 0
    },
    "silence_rate_30dB": {
        "dmean": 0.0743218660355,
        "dmean2": 0.148654550314,
        "dvar": 0.0688086301088,
        "dvar2": 0.149824231863,
        "max": 1,
        "mean": 0.910049438477,
        "median": 1,
        "min": 0,
        "var": 0.0818652287126
    },
    "silence_rate_60dB": {
        "dmean": 0.0554141514003,
        "dmean2": 0.110836364329,
        "dvar": 0.0523330196738,
        "dvar2": 0.119667984545,
        "max": 1,
        "mean": 0.0841332152486,
        "median": 0,
        "min": 0,
        "var": 0.077056132257
    },
    "spectral_centroid": {
        "dmean": 512.649108887,
        "dmean2": 777.161682129,
        "dvar": 310745.5625,
        "dvar2": 593773.1875,
        "max": 11372.0390625,
        "mean": 1690.70471191,
        "median": 1516.59277344,
        "min": 63.5765800476,
        "var": 1033339.8125
    },
    "spectral_complexity": {
        "dmean": 6.63413572311,
        "dmean2": 9.669672966,
        "dvar": 51.1227607727,
        "dvar2": 97.2531890869,
        "max": 56,
        "mean": 14.5407209396,
        "median": 12,
        "min": 0,
        "var": 113.174308777
    },
    "spectral_decrease": {
        "dmean": 4.51481918518e-09,
        "dmean2": 5.80968384511e-09,
        "dvar": 2.28897832696e-17,
        "dvar2": 4.26621411862e-17,
        "max": 1.12966347742e-28,
        "mean": -1.07236601821e-08,
        "median": -7.85056819552e-09,
        "min": -6.71153657095e-08,
        "var": 9.92324971918e-17
    },
    "spectral_energy": {
        "dmean": 0.017834706232,
        "dmean2": 0.0232064425945,
        "dvar": 0.000356022530468,
        "dvar2": 0.000676275696605,
        "max": 0.286818683147,
        "mean": 0.0424620546401,
        "median": 0.0315672419965,
        "min": 1.03554159274e-20,
        "var": 0.00146989279892
    },
    "spectral_energyband_high": {
        "dmean": 0.00116585881915,
        "dmean2": 0.001665456919,
        "dvar": 2.5099341201e-06,
        "dvar2": 5.45678858543e-06,
        "max": 0.0132992854342,
        "mean": 0.00154030870181,
        "median": 0.000762775307521,
        "min": 7.12295807565e-21,
        "var": 4.01094757763e-06
    },
    "spectral_energyband_low": {
        "dmean": 0.0131986895576,
        "dmean2": 0.0153332194313,
        "dvar": 0.00024634989677,
        "dvar2": 0.000367541186279,
        "max": 0.165976718068,
        "mean": 0.0280564576387,
        "median": 0.0143424170092,
        "min": 1.50094197854e-23,
        "var": 0.00119844125584
    },
    "spectral_energyband_middle_high": {
        "dmean": 0.00326321600005,
        "dmean2": 0.00487242965028,
        "dvar": 0.000101221907244,
        "dvar2": 0.00022859845194,
        "max": 0.27307510376,
        "mean": 0.00416657980531,
        "median": 0.00139965396374,
        "min": 1.40516135257e-21,
        "var": 0.000124681129819
    },
    "spectral_energyband_middle_low": {
        "dmean": 0.00824590679258,
        "dmean2": 0.013080556877,
        "dvar": 0.000178963004146,
        "dvar2": 0.000424367404776,
        "max": 0.176543951035,
        "mean": 0.0111777428538,
        "median": 0.00536397285759,
        "min": 2.16092226005e-22,
        "var": 0.000227527314564
    },
    "spectral_entropy": {
        "dmean": 0.325730383396,
        "dmean2": 0.490033596754,
        "dvar": 0.122500635684,
        "dvar2": 0.25727134943,
        "max": 9.81361484528,
        "mean": 7.59934139252,
        "median": 7.74584722519,
        "min": 4.10042190552,
        "var": 0.403394967318
    },
    "spectral_flux": {
        "dmean": 0.0470413416624,
        "dmean2": 0.0708809494972,
        "dvar": 0.0018735055346,
        "dvar2": 0.00381252169609,
        "max": 0.469789326191,
        "mean": 0.11484029144,
        "median": 0.0967087745667,
        "min": 6.64557436858e-11,
        "var": 0.00507005210966
    },
    "spectral_kurtosis": {
        "dmean": 2.33515548706,
        "dmean2": 3.77117300034,
        "dvar": 62.0451393127,
        "dvar2": 123.639633179,
        "max": 293.456573486,
        "mean": 4.23652076721,
        "median": 1.97813439369,
        "min": -1.25562953949,
        "var": 139.786346436
    },
    "spectral_rms": {
        "dmean": 0.00150384334847,
        "dmean2": 0.00199131295085,
        "dvar": 2.02049363907e-06,
        "dvar2": 3.8906619011e-06,
        "max": 0.0167279150337,
        "mean": 0.00565189495683,
        "median": 0.00554953236133,
        "min": 3.178497179e-12,
        "var": 9.48224624153e-06
    },
    "spectral_rolloff": {
        "dmean": 974.954101562,
        "dmean2": 1675.80541992,
        "dvar": 2491704,
        "dvar2": 5153965,
        "max": 19659.8144531,
        "mean": 1742.89868164,
        "median": 667.529296875,
        "min": 64.599609375,
        "var": 5126649
    },
    "spectral_skewness": {
        "dmean": 0.306887477636,
        "dmean2": 0.484812349081,
        "dvar": 0.292566597462,
        "dvar2": 0.597807824612,
        "max": 10.996096611,
        "mean": 1.2650744915,
        "median": 1.04735553265,
        "min": -0.0517502874136,
        "var": 0.769323170185
    },
    "spectral_spread": {
        "dmean": 758302.125,
        "dmean2": 1124217,
        "dvar": 828956344320,
        "dvar2": 1.58313716122e+12,
        "max": 43225700,
        "mean": 5179659,
        "median": 5163967,
        "min": 319358.34375,
        "var": 3.79128276582e+12
    },
    "spectral_strongpeak": {
        "dmean": 0.619041144848,
        "dmean2": 0.9694673419,
        "dvar": 1.35758936405,
        "dvar2": 3.21399664879,
        "max": 23.0912017822,
        "mean": 0.941014945507,
        "median": 0.646882295609,
        "min": 0,
        "var": 1.80991542339
    },
    "zerocrossingrate": {
        "dmean": 0.0202977061272,
        "dmean2": 0.022967543453,
        "dvar": 0.000484863907332,
        "dvar2": 0.000536393607035,
        "max": 0.513671875,
        "mean": 0.0671857148409,
        "median": 0.048828125,
        "min": 0.001953125,
        "var": 0.00328867812641
    },
    "barkbands": {
        "dmean": [0.000509986304678, 0.011065623723, 0.00470040924847, 0.00371905020438, 0.00398262869567, 0.000714860914741, 0.000507763063069, 0.000940174853895, 0.00127182924189, 0.000255964085227, 0.000445536628831, 0.00141153216828, 0.000326679786667, 0.00018549701781, 0.000211485341424, 0.000163540040376, 0.000371281377738, 0.000156192050781, 0.000229054450756, 0.000417289586039, 0.000244646216743, 0.000250539014814, 0.000227343931329, 0.000151110914885, 6.74170951243e-05, 2.17839442485e-05, 2.74706690107e-06],
        "dmean2": [0.000616654288024, 0.0130086792633, 0.00766966678202, 0.00614582095295, 0.00718277040869, 0.0012804211583, 0.00077947776299, 0.00145735929254, 0.0020009460859, 0.000407333107432, 0.000735220732167, 0.00223324331455, 0.000524825882167, 0.000281954882666, 0.000342301849741, 0.000261544773821, 0.000596243364271, 0.000235407991568, 0.000337579549523, 0.000611385738011, 0.000367741071386, 0.000373364047846, 0.000345548702171, 0.000220588044613, 0.000101064208138, 3.32828094542e-05, 4.42998452854e-06],
        "dvar": [5.18782314884e-07, 0.000221615569899, 0.000114307644253, 6.13828378846e-05, 8.89516450115e-05, 2.72702709481e-06, 1.44583509609e-06, 8.69100858836e-06, 1.69893464772e-05, 6.42590691768e-07, 4.71103930977e-06, 8.63015811774e-05, 7.47808485357e-07, 1.39090047924e-07, 7.14897112175e-07, 6.20674654783e-07, 2.56189014181e-06, 9.97104905309e-08, 1.1561090929e-07, 4.07336443686e-07, 1.01015665166e-07, 1.20142885862e-07, 1.07211576506e-07, 4.49531754043e-08, 9.05836472498e-09, 1.99226812825e-09, 5.35608085661e-11],
        "dvar2": [5.24867232343e-07, 0.000296912243357, 0.000297306542052, 0.000149491694174, 0.000251026416663, 7.83316045272e-06, 3.24663096762e-06, 1.66307381733e-05, 3.51633534592e-05, 1.42512601542e-06, 1.19662254292e-05, 0.000199314818019, 1.8597795588e-06, 3.27980615111e-07, 1.86009538083e-06, 1.66655547673e-06, 6.53387996863e-06, 2.36530198094e-07, 2.39337566654e-07, 8.04352509931e-07, 2.14124000308e-07, 2.77595802345e-07, 2.47377897722e-07, 9.74356524353e-08, 2.0850254856e-08, 4.32973656928e-09, 1.25705598708e-10],
        "max": [0.00613645743579, 0.148125693202, 0.106189422309, 0.0712811276317, 0.0813609212637, 0.0321231558919, 0.0620510950685, 0.157499194145, 0.164341628551, 0.0507771857083, 0.0985612869263, 0.267957955599, 0.0257007963955, 0.0121167190373, 0.0473393909633, 0.0314221046865, 0.0745105445385, 0.0078198229894, 0.00456143170595, 0.00644387211651, 0.00423495424911, 0.00298421620391, 0.00238698511384, 0.00182845105883, 0.000805419578683, 0.00107463565655, 0.000181928247912],
        "mean": [0.000845576927532, 0.0204481352121, 0.00439228583127, 0.00399205088615, 0.00307862320915, 0.000626952096354, 0.000618732359726, 0.00112035369966, 0.00158320099581, 0.00028677098453, 0.000450990599347, 0.00143891200423, 0.000339871854521, 0.000219309469685, 0.000239364409936, 0.000192917490494, 0.00039435911458, 0.000189241225598, 0.000287335802568, 0.000541416928172, 0.000322415726259, 0.000304690009216, 0.000266226037638, 0.000179283306352, 7.51975385356e-05, 2.48381675192e-05, 2.83594658868e-06],
        "median": [9.92742570816e-05, 0.005809600465, 0.000111506480607, 4.53256070614e-05, 0.000429423729656, 0.000221017093281, 0.000169006409124, 0.000166162761161, 0.000339492951753, 5.89967166889e-05, 5.88914735999e-05, 0.000100369099528, 7.98820183263e-05, 7.09427549737e-05, 6.39905774733e-05, 4.57965616079e-05, 8.62320157466e-05, 6.99344964232e-05, 0.000132726912852, 0.000233463215409, 0.000184476855793, 0.000102570469608, 0.000103606900666, 7.73031133576e-05, 2.77087146969e-05, 8.44583428261e-06, 7.08902916813e-07],
        "min": [2.67683244057e-24, 3.43836227365e-24, 3.06097239989e-24, 2.8969993777e-24, 1.37576048139e-23, 1.00324206037e-23, 1.44789392256e-23, 1.80151139406e-23, 1.85716584647e-23, 3.74264170202e-23, 2.55504710795e-23, 4.52232499947e-23, 2.22026211284e-23, 4.81639814544e-23, 5.93657148006e-23, 4.57352775201e-23, 9.45779097004e-23, 1.2986336769e-22, 1.67119778874e-22, 2.39015438438e-22, 2.99941627394e-22, 4.19636514907e-22, 4.14454342471e-22, 7.00217880101e-22, 9.07586465697e-22, 1.28268571143e-21, 1.91909658352e-21],
        "var": [2.00897079594e-06, 0.000912993738893, 9.87894600257e-05, 7.21291289665e-05, 5.70338779653e-05, 1.77785682354e-06, 2.26854558605e-06, 1.46606525959e-05, 2.79681626125e-05, 1.04838113657e-06, 4.77078128824e-06, 9.81492266874e-05, 8.96025937891e-07, 1.90720243154e-07, 9.12459256597e-07, 7.37679783924e-07, 2.48956143878e-06, 1.19218952932e-07, 1.69217074131e-07, 6.27235351658e-07, 1.56874719437e-07, 1.824821112e-07, 1.45080548464e-07, 6.7229997569e-08, 1.23738503888e-08, 3.04213410018e-09, 6.17197404296e-11]
    },
    "erbbands": {
        "dmean": [0.405564457178, 2.48304820061, 4.91584777832, 9.59289550781, 10.3557853699, 15.4849128723, 9.80810832977, 4.99474620819, 7.31934118271, 9.20328617096, 24.1507263184, 34.3610992432, 10.0455741882, 8.04897689819, 33.5457572937, 53.8206939697, 17.7804660797, 9.16780853271, 11.0595207214, 8.58156013489, 12.8949251175, 15.8166399002, 9.93380355835, 11.2208280563, 11.0498418808, 20.1428375244, 13.69257164, 9.21867847443, 8.63210582733, 8.06957817078, 6.42041397095, 4.21967935562, 2.02965497971, 0.950484931469, 0.369706302881, 0.128234118223, 0.034191634506, 0.00559110706672, 0.000578700972255, 3.25122891809e-05],
        "dmean2": [0.433429569006, 2.9746556282, 7.37931871414, 15.3665351868, 17.6143035889, 28.1947231293, 17.8730163574, 8.79977703094, 11.2872037888, 14.0901126862, 37.7726211548, 53.8731460571, 15.9018087387, 12.8205986023, 53.6120147705, 85.2539215088, 28.2407150269, 14.2061128616, 17.2376213074, 13.9069700241, 20.6168003082, 25.0228042603, 15.0182352066, 16.7786064148, 16.1034049988, 29.4058742523, 19.6117134094, 14.2477092743, 12.8269281387, 12.3896007538, 9.81523990631, 6.22033119202, 3.04418134689, 1.43497145176, 0.567025005817, 0.196205586195, 0.0526822395623, 0.00874513480812, 0.000928928260691, 4.67342433694e-05],
        "dvar": [0.294613271952, 13.1555480957, 99.6237106323, 368.524658203, 515.156738281, 1426.58764648, 575.073364258, 121.897132874, 310.985412598, 1170.99194336, 4812.33300781, 12470.5996094, 804.887145996, 792.647094727, 25609.5664062, 149502.6875, 2286.875, 386.496063232, 2034.39868164, 907.340332031, 3220.74536133, 4442.64306641, 560.254516602, 342.671173096, 256.530426025, 977.221069336, 366.691436768, 137.377624512, 138.940765381, 142.539840698, 79.9981842041, 40.5020866394, 7.92807006836, 1.68160521984, 0.320206612349, 0.0690463557839, 0.00436814595014, 0.000185159049579, 2.2168671876e-06, 1.97193283924e-09],
        "dvar2": [0.313483119011, 20.1752300262, 240.72958374, 899.663513184, 1363.75708008, 4062.66088867, 1660.30053711, 346.979248047, 701.588806152, 2369.40722656, 9153.60058594, 24956.1523438, 1768.83764648, 1967.32849121, 61683.8710938, 348162.65625, 5495.25683594, 919.044494629, 5245.07861328, 2174.49829102, 8404.57226562, 11469.3857422, 1326.26184082, 751.623291016, 510.964080811, 1884.41125488, 702.364562988, 326.887939453, 318.382629395, 330.525634766, 187.423202515, 86.8335876465, 18.3970336914, 3.92847919464, 0.752134561539, 0.161459460855, 0.0093219159171, 0.000418368872488, 4.87663783133e-06, 4.45433512297e-09],
        "max": [5.11187791824, 31.7592926025, 94.2997589111, 185.132095337, 204.104553223, 358.752197266, 379.812713623, 206.810165405, 953.946472168, 2673.16894531, 4460.64794922, 4412.92724609, 1936.06835938, 1722.05310059, 5499.73779297, 13482.4277344, 1338.80419922, 650.512573242, 3014.45092773, 1260.06408691, 1466.34936523, 3389.18530273, 989.065795898, 318.007110596, 274.41116333, 294.975646973, 214.562988281, 99.2326202393, 101.540794373, 139.849960327, 63.9645881653, 54.5372619629, 22.4490451813, 13.5545845032, 4.38059520721, 6.21717119217, 1.48276543617, 0.303690373898, 0.0342335924506, 0.000851213058922],
        "mean": [0.728988587856, 4.00032281876, 5.24767255783, 10.7378263474, 10.1164035797, 11.5185461044, 7.66088819504, 4.61281585693, 8.92944049835, 11.0172510147, 31.3451652527, 43.7280044556, 12.0448055267, 9.09175109863, 35.7052650452, 54.509803772, 18.9342288971, 10.9575481415, 13.2386207581, 10.2629480362, 14.8135957718, 17.6975460052, 12.1099252701, 13.6651506424, 14.5664787292, 26.3615818024, 18.1799278259, 11.3123264313, 10.3117818832, 9.92270183563, 7.44499158859, 4.91164398193, 2.36510634422, 1.05104553699, 0.416524618864, 0.142989873886, 0.0396351292729, 0.00629531638697, 0.000616806617472, 6.57272830722e-05],
        "median": [0.143700808287, 1.20845723152, 0.428069651127, 0.23732188344, 0.679817795753, 1.64532494545, 1.66319191456, 1.86978888512, 2.7056210041, 3.62724781036, 8.10296058655, 9.80406951904, 3.70118093491, 1.99631237984, 4.61801433563, 4.43753767014, 4.53425073624, 3.9187579155, 4.0277338028, 3.05139064789, 3.17122554779, 4.14938020706, 4.22822475433, 5.60180044174, 7.62762737274, 10.7799692154, 8.99076271057, 6.20077896118, 4.07712841034, 3.30791425705, 2.95624494553, 1.98798680305, 1.01960873604, 0.421199500561, 0.138326436281, 0.0476776100695, 0.0133921131492, 0.00193634745665, 0.000157823626068, 5.27324373252e-05],
        "min": [2.33555511232e-22, 2.77982567071e-22, 2.27716158339e-21, 1.03975997153e-20, 2.71779819154e-20, 3.641924695e-20, 4.64385658236e-20, 9.12025368088e-20, 2.10741851561e-19, 4.408697923e-19, 3.93458177733e-19, 3.96454691201e-19, 1.14401105309e-18, 9.89626477149e-19, 8.42146894774e-19, 1.82739500154e-18, 1.22661196489e-18, 2.3812796892e-18, 2.78866035062e-18, 3.71933325192e-18, 4.625491415e-18, 5.73712537814e-18, 7.27551753573e-18, 7.97994040947e-18, 7.98966143603e-18, 1.07809443628e-17, 1.15162665683e-17, 1.17577214163e-17, 1.36413704898e-17, 1.29512710755e-17, 1.19155714654e-17, 1.25330162977e-17, 1.1360233835e-17, 1.03444130294e-17, 7.02380647533e-18, 4.05476078058e-18, 2.51621683535e-18, 1.12519269415e-18, 2.59741510732e-19, 2.65091320731e-20],
        "var": [1.30855083466, 39.9839897156, 107.7733078, 421.534790039, 454.129699707, 891.009521484, 354.408630371, 81.3247528076, 472.582244873, 1769.92565918, 8297.4609375, 20956.8261719, 1503.56762695, 774.570556641, 28789.5, 165509.796875, 2819.05566406, 522.661437988, 2510.64526367, 1314.25561523, 3775.9543457, 4362.00830078, 686.345214844, 454.469787598, 398.06439209, 1525.2980957, 607.618469238, 182.307525635, 204.104324341, 211.248474121, 107.279777527, 56.0474624634, 11.1649703979, 2.32226586342, 0.39631742239, 0.0937783569098, 0.00684653455392, 0.000252874539001, 2.72454121841e-06, 3.59326035593e-09]
    },
    "gfcc": {
        "mean": [-26.4588947296, 62.5074119568, -115.870811462, 41.4962272644, -66.8293609619, 16.5523395538, -24.830406189, 11.3372297287, -16.7054042816, 6.9743847847, -8.48623180389, -2.75917458534, -8.96103096008],
        "cov": [[11672.7617188, -862.872314453, 805.574279785, 1462.50463867, -321.8543396, 865.600952148, 48.146736145, 105.400764465, -409.951934814, 148.717803955, -251.514373779, 84.9257202148, -327.393768311], [-862.872314453, 2740.53955078, 1019.76922607, 500.003997803, 892.117431641, 43.8953971863, 391.953552246, -72.8693313599, 85.3343276978, -283.959960938, 72.3951416016, -284.490814209, 99.1174926758], [805.574279785, 1019.76922607, 2077.58544922, 989.77746582, 649.86541748, 464.546722412, 311.851745605, -10.4731225967, -0.974959909916, -77.23097229, -43.487197876, -54.5561943054, -56.9346694946], [1462.50463867, 500.003997803, 989.77746582, 1040.71960449, 556.083068848, 343.588928223, 220.027130127, 65.0275878906, 34.533782959, -32.1507339478, 0.434869468212, -37.7205047607, -26.7277736664], [-321.8543396, 892.117431641, 649.86541748, 556.083068848, 873.827636719, 304.547851562, 297.778045654, 52.8047409058, 135.791717529, -94.1352844238, 79.0328063965, -22.3846530914, 58.2343826294], [865.600952148, 43.8953971863, 464.546722412, 343.588928223, 304.547851562, 457.529693604, 259.004119873, 72.1771697998, 32.5991516113, 40.0252571106, 43.7800827026, 62.5720901489, -1.20963358879], [48.146736145, 391.953552246, 311.851745605, 220.027130127, 297.778045654, 259.004119873, 434.795043945, 161.902297974, 106.353683472, 51.3625221252, 116.467277527, 6.44405841827, 53.8780403137], [105.400764465, -72.8693313599, -10.4731225967, 65.0275878906, 52.8047409058, 72.1771697998, 161.902297974, 238.677017212, 187.092300415, 90.8114318848, 41.6672554016, 3.95871353149, 18.9535083771], [-409.951934814, 85.3343276978, -0.974959909916, 34.533782959, 135.791717529, 32.5991516113, 106.353683472, 187.092300415, 283.347045898, 103.526496887, 70.2048568726, -15.109992981, 39.7108383179], [148.717803955, -283.959960938, -77.23097229, -32.1507339478, -94.1352844238, 40.0252571106, 51.3625221252, 90.8114318848, 103.526496887, 171.767288208, 74.4736862183, 42.7334938049, 1.98440515995], [-251.514373779, 72.3951416016, -43.487197876, 0.434869468212, 79.0328063965, 43.7800827026, 116.467277527, 41.6672554016, 70.2048568726, 74.4736862183, 167.970687866, 90.7370681763, 51.8649749756], [84.9257202148, -284.490814209, -54.5561943054, -37.7205047607, -22.3846530914, 62.5720901489, 6.44405841827, 3.95871353149, -15.109992981, 42.7334938049, 90.7370681763, 182.308166504, 45.5129547119], [-327.393768311, 99.1174926758, -56.9346694946, -26.7277736664, 58.2343826294, -1.20963358879, 53.8780403137, 18.9535083771, 39.7108383179, 1.98440515995, 51.8649749756, 45.5129547119, 94.9804840088]],
        "icov": [[0.000217822278501, -0.000222969800234, 0.000215936815948, -0.000491779414006, 0.000390558037907, -0.000549416756257, 0.000240997527726, -0.000396564078983, 0.000440966396127, -0.000442074931925, 0.000496553315315, -0.000468982616439, 0.000448981299996], [-0.000222969800234, 0.00170257536229, -0.000845101254527, 0.000735020614229, -0.00099626975134, 0.00122115318663, -0.000902368337847, 0.00104191910941, -0.000747810059693, 0.00253629940562, -0.00285089900717, 0.00331075093709, -0.00168473599479], [0.000215936815948, -0.000845101254527, 0.00157804053742, -0.00145307381172, 0.000647730135825, -0.000910725560971, -0.000476656627143, 0.000724456913304, -0.000329355010763, -0.00116968003567, 0.00254602055065, -0.00231457129121, 0.0017613171367], [-0.000491779414006, 0.000735020614229, -0.00145307381172, 0.00365922763012, -0.0022734629456, 0.000654342933558, 0.000668753113132, -0.00119002733845, 0.000887082365807, 0.000521832553204, -0.00229768385179, 0.00265128957108, -0.00144069490489], [0.000390558037907, -0.00099626975134, 0.000647730135825, -0.0022734629456, 0.00482775317505, -0.00246434682049, -0.000652213697322, 0.00146234850399, -0.00288659520447, 0.00253471173346, 0.000429255189374, -0.00189174036495, 0.00104719947558], [-0.000549416756257, 0.00122115318663, -0.000910725560971, 0.000654342933558, -0.00246434682049, 0.00772633450106, -0.00488758366555, 0.00300816865638, -0.00166461267509, -0.000395003793528, 0.00189554563258, -0.00203507416882, 0.000895917357411], [0.000240997527726, -0.000902368337847, -0.000476656627143, 0.000668753113132, -0.000652213697322, -0.00488758366555, 0.010620797053, -0.00937987770885, 0.0065707503818, -0.00160327542108, -0.00637627299875, 0.00492698187009, -0.00373323238455], [-0.000396564078983, 0.00104191910941, 0.000724456913304, -0.00119002733845, 0.00146234850399, 0.00300816865638, -0.00937987770885, 0.0188527610153, -0.0133707961068, 0.0016818504082, 0.00576608115807, -0.00421360414475, 0.0027711186558], [0.000440966396127, -0.000747810059693, -0.000329355010763, 0.000887082365807, -0.00288659520447, -0.00166461267509, 0.0065707503818, -0.0133707961068, 0.016639277339, -0.00731428852305, -0.0036513642408, 0.00492960214615, -0.00413021072745], [-0.000442074931925, 0.00253629940562, -0.00116968003567, 0.000521832553204, 0.00253471173346, -0.000395003793528, -0.00160327542108, 0.0016818504082, -0.00731428852305, 0.0187919698656, -0.0102187991142, 0.00435119308531, 0.000450353807537], [0.000496553315315, -0.00285089900717, 0.00254602055065, -0.00229768385179, 0.000429255189374, 0.00189554563258, -0.00637627299875, 0.00576608115807, -0.0036513642408, -0.0102187991142, 0.0243235230446, -0.0158671308309, 0.00385483866557], [-0.000468982616439, 0.00331075093709, -0.00231457129121, 0.00265128957108, -0.00189174036495, -0.00203507416882, 0.00492698187009, -0.00421360414475, 0.00492960214615, 0.00435119308531, -0.0158671308309, 0.0209009107202, -0.0100358473137], [0.000448981299996, -0.00168473599479, 0.0017613171367, -0.00144069490489, 0.00104719947558, 0.000895917357411, -0.00373323238455, 0.0027711186558, -0.00413021072745, 0.000450353807537, 0.00385483866557, -0.0100358473137, 0.0198400951922]]
    },
    "melbands": {
        "dmean": [0.00326813408174, 0.00251080631278, 0.00159087160137, 0.000942443788517, 0.000417971576098, 0.000114720409329, 0.000110855522507, 0.00011403348617, 0.000224933944992, 0.000190214690519, 4.47932252428e-05, 2.87566235784e-05, 8.00949055701e-05, 0.000184927979717, 6.80581943016e-05, 2.44552466029e-05, 1.79264970939e-05, 1.80658298632e-05, 1.34185074785e-05, 1.05103708847e-05, 1.7938142264e-05, 1.76036955963e-05, 1.47991586346e-05, 7.62618356021e-06, 9.51092715695e-06, 8.82947642822e-06, 8.28061547509e-06, 1.52702377818e-05, 1.03921101982e-05, 6.11728501099e-06, 5.56110262551e-06, 5.20114372193e-06, 4.6721875151e-06, 4.39406176156e-06, 3.54445933226e-06, 3.50726577381e-06, 2.34180379266e-06, 1.46646891608e-06, 1.11253075374e-06, 7.07915830844e-07],
        "dmean2": [0.00365791330114, 0.00324041466229, 0.0025199719239, 0.00167963060085, 0.000764268566854, 0.000202978408197, 0.000170347368112, 0.000174602333573, 0.000350974063622, 0.000298878207104, 7.15658534318e-05, 4.62819116365e-05, 0.000130104832351, 0.000292768061627, 0.000107339576061, 3.93649606849e-05, 2.7983527616e-05, 2.79300820694e-05, 2.17894012167e-05, 1.70799467014e-05, 2.89947511192e-05, 2.80999738607e-05, 2.37208969338e-05, 1.14702634164e-05, 1.45366520883e-05, 1.30695470943e-05, 1.23585259644e-05, 2.24875166168e-05, 1.51429949256e-05, 9.41117468756e-06, 8.85992994881e-06, 7.87708722783e-06, 7.25030986359e-06, 6.82753125147e-06, 5.54014695808e-06, 5.35828075954e-06, 3.44091404259e-06, 2.21267441702e-06, 1.72944714905e-06, 1.08004769572e-06],
        "dvar": [1.84554937732e-05, 1.59898572747e-05, 9.74057275016e-06, 4.72340207125e-06, 1.05714025267e-06, 6.52622489383e-08, 7.20315327385e-08, 1.89126637906e-07, 3.81173236974e-07, 3.73971346335e-07, 1.88845099558e-08, 1.18451159992e-08, 1.30255102704e-07, 1.4247738136e-06, 1.57956563385e-07, 4.03915167979e-09, 1.63294455735e-09, 4.84278439572e-09, 2.26401364323e-09, 2.67662647602e-09, 7.09952852063e-09, 7.27500948372e-09, 3.34384120393e-09, 2.57923515878e-10, 2.84025386543e-10, 1.93389138037e-10, 1.29674757043e-10, 6.06467265296e-10, 2.40986314237e-10, 7.53202639148e-11, 5.10791166308e-11, 5.12459241708e-11, 5.38230050806e-11, 4.48565420919e-11, 2.27219285054e-11, 3.54380587375e-11, 1.17068525013e-11, 4.25721784214e-12, 2.66648226936e-12, 9.13194758527e-13],
        "dvar2": [2.14141709876e-05, 3.1701867556e-05, 2.31969970628e-05, 1.31938686536e-05, 3.04176296595e-06, 1.85971373412e-07, 1.61708157975e-07, 3.84101724649e-07, 7.50890308154e-07, 7.49795958654e-07, 4.15283665234e-08, 2.97166309338e-08, 3.24183474731e-07, 3.31470914716e-06, 3.55016680942e-07, 1.00806190062e-08, 3.94651245017e-09, 1.2577427988e-08, 5.92925086806e-09, 6.81450362805e-09, 1.80746280165e-08, 1.8873693719e-08, 8.35456859249e-09, 5.9895927107e-10, 6.38934405384e-10, 3.99875604851e-10, 2.57649679369e-10, 1.20829102279e-09, 4.82671680402e-10, 1.68379005183e-10, 1.20202708898e-10, 1.18493131973e-10, 1.25414609253e-10, 1.05379399651e-10, 5.5373497454e-11, 8.31989407923e-11, 2.47606796178e-11, 9.84806940857e-12, 6.27951206658e-12, 2.17592025127e-12],
        "max": [0.0437341481447, 0.0383012369275, 0.0289954096079, 0.0164905413985, 0.0139078609645, 0.00489298114553, 0.0144641026855, 0.0343353152275, 0.0371718369424, 0.0237758047879, 0.00968454219401, 0.0069936667569, 0.0141395395622, 0.0318504758179, 0.0144658079371, 0.00180371163879, 0.00146741210483, 0.0048945969902, 0.00181237561628, 0.00288617960177, 0.0025449374225, 0.00520255090669, 0.00287450314499, 0.000417718722019, 0.000319178972859, 0.000244413153268, 0.000134637215524, 0.000263464607997, 0.000164507393492, 0.000135705224238, 7.86973032518e-05, 6.47946289973e-05, 7.39371462259e-05, 7.76862580096e-05, 3.68474939023e-05, 5.00399983139e-05, 2.8609580113e-05, 1.68495280377e-05, 1.39971471071e-05, 1.04865712274e-05],
        "mean": [0.0060976925306, 0.00366164720617, 0.00182597886305, 0.000786614022218, 0.000318456877721, 0.000104425598693, 0.000135601323564, 0.000134895977681, 0.000292815529974, 0.000238485634327, 4.9292906624e-05, 3.08854832838e-05, 8.51799777593e-05, 0.000188181278645, 7.02552206349e-05, 2.58083546214e-05, 2.07604971365e-05, 2.13479634112e-05, 1.5465218894e-05, 1.22156243378e-05, 1.96262335521e-05, 1.91362578335e-05, 1.58408729476e-05, 9.1748424893e-06, 1.10496084744e-05, 1.09029133455e-05, 1.08455242298e-05, 1.956599408e-05, 1.31069009512e-05, 7.87451426731e-06, 6.30838212601e-06, 5.91473963141e-06, 5.91631896896e-06, 5.18284377904e-06, 4.09349877373e-06, 3.91234061681e-06, 2.72784541266e-06, 1.71634940216e-06, 1.26197039663e-06, 7.58992939609e-07],
        "median": [0.00159313413315, 0.000780710601248, 3.57271674147e-05, 9.23350453377e-05, 6.34617317701e-05, 4.03814337915e-05, 3.84605555155e-05, 4.14120513597e-05, 7.7952790889e-05, 5.17668449902e-05, 1.00608567664e-05, 5.7745023696e-06, 1.16308510769e-05, 1.4104967704e-05, 1.14086124086e-05, 6.5158264988e-06, 6.92901539878e-06, 6.29773603578e-06, 4.49566141469e-06, 3.10585846819e-06, 3.75166678168e-06, 3.9767655835e-06, 3.88026273868e-06, 3.3676988096e-06, 4.21024651587e-06, 4.90584807267e-06, 5.7253482737e-06, 7.41655549064e-06, 5.81526637689e-06, 4.33964578406e-06, 3.14425847137e-06, 2.32527622757e-06, 1.6973408492e-06, 1.7829954686e-06, 1.73421335603e-06, 1.45740023072e-06, 1.07268442662e-06, 7.34877289688e-07, 4.98425492879e-07, 3.03759577491e-07],
        "min": [2.57608366171e-24, 9.09690927289e-25, 2.0510010799e-24, 3.33358182392e-24, 1.50761219192e-24, 2.0546083436e-24, 3.25693116799e-24, 5.27100527448e-24, 3.12757079852e-24, 2.50134362689e-24, 5.12778442169e-24, 3.75665739372e-24, 3.43371193862e-24, 2.29982161447e-24, 3.4315551929e-24, 2.71899074507e-24, 4.164706741e-24, 4.14564667824e-24, 3.9341187541e-24, 5.39253639668e-24, 5.04017826272e-24, 4.65317651326e-24, 6.38638556913e-24, 5.62953545615e-24, 5.58536950065e-24, 5.78263087532e-24, 6.26490020087e-24, 5.97392491167e-24, 7.48797499744e-24, 6.74449173807e-24, 6.28881806908e-24, 7.99966489045e-24, 6.86677306699e-24, 5.62168747344e-24, 5.96476347555e-24, 7.88144698405e-24, 6.49188072685e-24, 6.66467084738e-24, 7.73233255144e-24, 7.803437318e-24],
        "var": [8.31807410577e-05, 3.3046995668e-05, 1.17934669106e-05, 3.22052187585e-06, 6.43154749014e-07, 4.34401066229e-08, 1.11888567744e-07, 2.88868534426e-07, 6.49500520922e-07, 6.27268263997e-07, 3.52231310785e-08, 1.09130171566e-08, 1.41525006825e-07, 1.59671992606e-06, 1.83689579103e-07, 4.69935113045e-09, 2.16330842129e-09, 5.66740965269e-09, 2.96375524123e-09, 3.3032203639e-09, 7.82465292559e-09, 6.93424029308e-09, 3.42181949442e-09, 3.23457094442e-10, 3.51842166513e-10, 2.77406042581e-10, 2.0119701738e-10, 9.15488795883e-10, 3.68050756538e-10, 1.04872194262e-10, 6.29919866268e-11, 6.83791287481e-11, 8.15965073286e-11, 6.05650668506e-11, 2.95993715649e-11, 4.08725518708e-11, 1.70771140284e-11, 5.99672958859e-12, 3.55816569785e-12, 1.19150707096e-12]
    },
    "mfcc": {
        "mean": [-664.047790527, 85.1567306519, 8.3423500061, 25.7737541199, -6.99949645996, 7.87621164322, 3.15959239006, 3.33288788795, 0.364565610886, 9.51243400574, 3.76032781601, 8.80895996094, 1.63355243206],
        "cov": [[8274.37402344, -999.452636719, 538.800170898, 538.821838379, 0.366747051477, 455.133361816, 338.428283691, 171.047821045, -88.0706710815, 52.1764335632, -100.329833984, -1.76007187366, -31.7750911713], [-999.452636719, 2055.57958984, 525.377685547, 506.663238525, 449.111816406, 273.700195312, 328.335296631, 170.842895508, 155.132369995, 14.8860912323, 20.6582984924, -4.3606801033, -50.5960083008], [538.800170898, 525.377685547, 1436.03601074, 623.109130859, 403.719665527, 454.36151123, 312.362518311, 205.549743652, 91.6675338745, 74.0807876587, 23.1586456299, -70.9027557373, -33.3795204163], [538.821838379, 506.663238525, 623.109130859, 822.595825195, 470.45803833, 318.162475586, 268.388671875, 194.799667358, 129.399917603, 94.7552032471, 32.2430953979, 41.9508476257, -16.1698436737], [0.366747051477, 449.111816406, 403.719665527, 470.45803833, 607.971801758, 349.790924072, 174.504501343, 210.480224609, 131.740859985, 44.3517990112, 7.98414754868, 20.861907959, 11.6111888885], [455.133361816, 273.700195312, 454.36151123, 318.162475586, 349.790924072, 466.585388184, 328.079498291, 217.060928345, 85.2851867676, 43.7675704956, 6.93099403381, 5.76775169373, 39.6307983398], [338.428283691, 328.335296631, 312.362518311, 268.388671875, 174.504501343, 328.079498291, 389.784851074, 218.732803345, 94.6708450317, 49.4544563293, 25.0620822906, 44.009098053, 38.6965141296], [171.047821045, 170.842895508, 205.549743652, 194.799667358, 210.480224609, 217.060928345, 218.732803345, 262.023773193, 127.987739563, 61.6283035278, 37.4174537659, 58.2535133362, 57.2447624207], [-88.0706710815, 155.132369995, 91.6675338745, 129.399917603, 131.740859985, 85.2851867676, 94.6708450317, 127.987739563, 202.912155151, 141.21055603, 77.952545166, 66.4917602539, 33.2796058655], [52.1764335632, 14.8860912323, 74.0807876587, 94.7552032471, 44.3517990112, 43.7675704956, 49.4544563293, 61.6283035278, 141.21055603, 184.938766479, 120.628517151, 78.9971694946, 34.5952606201], [-100.329833984, 20.6582984924, 23.1586456299, 32.2430953979, 7.98414754868, 6.93099403381, 25.0620822906, 37.4174537659, 77.952545166, 120.628517151, 142.796005249, 96.414642334, 47.4293136597], [-1.76007187366, -4.3606801033, -70.9027557373, 41.9508476257, 20.861907959, 5.76775169373, 44.009098053, 58.2535133362, 66.4917602539, 78.9971694946, 96.414642334, 148.088531494, 81.2843856812], [-31.7750911713, -50.5960083008, -33.3795204163, -16.1698436737, 11.6111888885, 39.6307983398, 38.6965141296, 57.2447624207, 33.2796058655, 34.5952606201, 47.4293136597, 81.2843856812, 112.223258972]],
