{
"lowlevel": {
    "average_loudness": 0.751046538353,
    "barkbands_crest": {
        "dmean": 3.61969399452,
        "dmean2": 5.4668879509,
        "dvar": 13.6349077225,
        "dvar2": 30.8653507233,
        "max": 26.4073848724,
        "mean": 13.4452342987,
        "median": 12.0423793793,
        "min": 2.25726151466,
        "var": 39.2975997925
    },
    "barkbands_flatness_db": {
        "dmean": 0.0396787598729,
        "dmean2": 0.0576479285955,
        "dvar": 0.00176328269299,
        "dvar2": 0.00308894878253,
        "max": 0.526943027973,
        "mean": 0.216068089008,
        "median": 0.214729845524,
        "min": 0.0197807587683,
        "var": 0.00694719469175
    },
    "barkbands_kurtosis": {
        "dmean": 18.1364116669,
        "dmean2": 28.5200462341,
        "dvar": 2476.1315918,
        "dvar2": 5851.41650391,
        "max": 986.853820801,
        "mean": 19.8231372833,
        "median": 6.74555158615,
        "min": -1.94503009319,
        "var": 2624.69970703
    },
    "barkbands_skewness": {
        "dmean": 1.48787367344,
        "dmean2": 2.15013408661,
        "dvar": 3.65851974487,
        "dvar2": 7.85819387436,
        "max": 27.6901321411,
        "mean": 2.83502054214,
        "median": 2.44475221634,
        "min": -8.2297077179,
        "var": 8.27676296234
    },
    "barkbands_spread": {
        "dmean": 12.5007820129,
        "dmean2": 18.6043815613,
        "dvar": 270.871795654,
        "dvar2": 535.289672852,
        "max": 109.976821899,
        "mean": 23.1948890686,
        "median": 12.8249483109,
        "min": 0.159061744809,
        "var": 554.380371094
    },
    "dissonance": {
        "dmean": 0.0219068005681,
        "dmean2": 0.0360103175044,
        "dvar": 0.000399899494369,
        "dvar2": 0.00106261996552,
        "max": 0.500000059605,
        "mean": 0.451689243317,
        "median": 0.457904875278,
        "min": 0.229031488299,
        "var": 0.00114937336184
    },
    "dynamic_complexity": 3.139752388,
    "erbbands_crest": {
        "dmean": 2.53767728806,
        "dmean2": 4.14842700958,
        "dvar": 6.00423002243,
        "dvar2": 15.3168077469,
        "max": 32.4535865784,
        "mean": 8.67736434937,
        "median": 7.96247911453,
        "min": 2.42921853065,
        "var": 13.6571292877
    },
    "erbbands_flatness_db": {
        "dmean": 0.0226999986917,
        "dmean2": 0.0310732536018,
        "dvar": 0.000618628400844,
        "dvar2": 0.00112672010437,
        "max": 0.497634470463,
        "mean": 0.178688645363,
        "median": 0.159854203463,
        "min": 0.0432702302933,
        "var": 0.00559921562672
    },
    "erbbands_kurtosis": {
        "dmean": 1.42125022411,
        "dmean2": 2.32371044159,
        "dvar": 3.96113586426,
        "dvar2": 9.92451667786,
        "max": 47.4467506409,
        "mean": 0.616002619267,
        "median": -0.0840604305267,
        "min": -1.89691197872,
        "var": 6.18430614471
    },
    "erbbands_skewness": {
        "dmean": 0.60148280859,
        "dmean2": 0.89925134182,
        "dvar": 0.439382046461,
        "dvar2": 0.906918525696,
        "max": 4.18339061737,
        "mean": 0.402347534895,
        "median": 0.481151998043,
        "min": -5.88844537735,
        "var": 1.18772721291
    },
    "erbbands_spread": {
        "dmean": 17.3018836975,
        "dmean2": 26.3291168213,
        "dvar": 381.792694092,
        "dvar2": 836.776062012,
        "max": 180.030548096,
        "mean": 54.333240509,
        "median": 48.7192649841,
        "min": 0.86098587513,
        "var": 1062.56750488
    },
    "hfc": {
        "dmean": 23.166639328,
        "dmean2": 37.4775810242,
        "dvar": 1508.5213623,
        "dvar2": 3712.52392578,
        "max": 290.455047607,
        "mean": 27.2885131836,
        "median": 11.169878006,
        "min": 1.19334038251e-16,
        "var": 1574.13977051
    },
    "melbands_crest": {
        "dmean": 3.84427928925,
        "dmean2": 5.39556694031,
        "dvar": 11.7111215591,
        "dvar2": 22.733537674,
        "max": 36.4832611084,
        "mean": 17.5712833405,
        "median": 15.5866384506,
        "min": 1.69628739357,
        "var": 51.5393791199
    },
    "melbands_flatness_db": {
        "dmean": 0.0475080162287,
        "dmean2": 0.0654320418835,
        "dvar": 0.00251810625196,
        "dvar2": 0.00425192946568,
        "max": 0.672928869724,
        "mean": 0.259781509638,
        "median": 0.266930639744,
        "min": 0.00486142281443,
        "var": 0.0110998628661
    },
    "melbands_kurtosis": {
        "dmean": 34.8902626038,
        "dmean2": 53.9966812134,
        "dvar": 4593.58300781,
        "dvar2": 10552.5263672,
        "max": 989.818603516,
        "mean": 47.3338623047,
        "median": 19.3364028931,
        "min": -1.90423607826,
        "var": 6947.64013672
    },
    "melbands_skewness": {
        "dmean": 1.67249560356,
        "dmean2": 2.45290064812,
        "dvar": 3.59342956543,
        "dvar2": 8.00926876068,
        "max": 23.2082138062,
        "mean": 4.53638029099,
        "median": 3.65657758713,
        "min": -6.25485038757,
        "var": 10.588467598
    },
    "melbands_spread": {
        "dmean": 15.194524765,
        "dmean2": 22.6058273315,
        "dvar": 660.633544922,
        "dvar2": 1327.08789062,
        "max": 217.790237427,
        "mean": 24.8773670197,
        "median": 9.54186725616,
        "min": 0.220506429672,
        "var": 1289.15661621
    },
    "pitch_salience": {
        "dmean": 0.102129399776,
        "dmean2": 0.147360309958,
        "dvar": 0.0106306876987,
        "dvar2": 0.0194832086563,
        "max": 0.855439722538,
        "mean": 0.481527924538,
        "median": 0.5233502388,
        "min": 0.0500003658235,
        "var": 0.0329392552376
    },
    "silence_rate_20dB": {
        "dmean": 0.0143600553274,
        "dmean2": 0.0287220031023,
        "dvar": 0.0141561180353,
        "dvar2": 0.0339605547488,
        "max": 1,
        "mean": 0.988341450691,
        "median": 1,
        "min": 0,
        "var": 0.0115233957767
    },
    "silence_rate_30dB": {
        "dmean": 0.115012183785,
        "dmean2": 0.230039522052,
        "dvar": 0.101774208248,
        "dvar2": 0.219699829817,
        "max": 1,
        "mean": 0.841983914375,
        "median": 1,
        "min": 0,
        "var": 0.133066415787
    },
    "silence_rate_60dB": {
        "dmean": 0.0293788295239,
        "dmean2": 0.0587615296245,
        "dvar": 0.0285117737949,
        "dvar2": 0.0703416913748,
        "max": 1,
        "mean": 0.0683045685291,
        "median": 0,
        "min": 0,
        "var": 0.0636191666126
    },
    "spectral_centroid": {
        "dmean": 440.770111084,
        "dmean2": 659.882324219,
        "dvar": 359372.09375,
        "dvar2": 709842.0625,
        "max": 11462.6708984,
        "mean": 1298.58581543,
        "median": 997.117797852,
        "min": 118.745117188,
        "var": 915600.5625
    },
    "spectral_complexity": {
        "dmean": 2.97108221054,
        "dmean2": 4.77444028854,
        "dvar": 17.7872753143,
        "dvar2": 39.2508392334,
        "max": 49,
        "mean": 11.9955873489,
        "median": 10,
        "min": 0,
        "var": 50.3449363708
    },
    "spectral_decrease": {
        "dmean": 9.07962860452e-09,
        "dmean2": 1.44780285538e-08,
        "dvar": 2.84093897597e-16,
        "dvar2": 7.03674632635e-16,
        "max": 4.26555656214e-29,
        "mean": -1.21577912182e-08,
        "median": -2.91056112545e-09,
        "min": -1.80144880346e-07,
        "var": 4.07083108008e-16
    },
    "spectral_energy": {
        "dmean": 0.035679910332,
        "dmean2": 0.0572266019881,
        "dvar": 0.00408758036792,
        "dvar2": 0.0101916147396,
        "max": 0.684359848499,
        "mean": 0.0483614839613,
        "median": 0.0136900320649,
        "min": 1.06629526319e-20,
        "var": 0.00590754440054
    },
    "spectral_energyband_high": {
        "dmean": 0.00254525081255,
        "dmean2": 0.00396014098078,
        "dvar": 2.04388088605e-05,
        "dvar2": 4.9197635235e-05,
        "max": 0.0353986918926,
        "mean": 0.00252417847514,
        "median": 0.000362418126315,
        "min": 7.73082515816e-21,
        "var": 2.18793593376e-05
    },
    "spectral_energyband_low": {
        "dmean": 0.0289429314435,
        "dmean2": 0.0436539761722,
        "dvar": 0.00385143863969,
        "dvar2": 0.0088861072436,
        "max": 0.671081542969,
        "mean": 0.0349937193096,
        "median": 0.000423567893449,
        "min": 3.55270198207e-23,
        "var": 0.00548958824947
    },
    "spectral_energyband_middle_high": {
        "dmean": 0.000741692143492,
        "dmean2": 0.00120629963931,
        "dvar": 2.08727692552e-06,
        "dvar2": 5.42651559954e-06,
        "max": 0.022525023669,
        "mean": 0.00163320463616,
        "median": 0.000818521599285,
        "min": 1.55168672475e-21,
        "var": 4.77148569189e-06
    },
    "spectral_energyband_middle_low": {
        "dmean": 0.00786279048771,
        "dmean2": 0.0140480296686,
        "dvar": 0.000512589525897,
        "dvar2": 0.00143662258051,
        "max": 0.172347903252,
        "mean": 0.0097045218572,
        "median": 0.00544294063002,
        "min": 2.67486753794e-22,
        "var": 0.000328302237904
    },
    "spectral_entropy": {
        "dmean": 0.313546687365,
        "dmean2": 0.423147767782,
        "dvar": 0.142090365291,
        "dvar2": 0.232409358025,
        "max": 9.79044723511,
        "mean": 7.3967499733,
        "median": 7.46127700806,
        "min": 5.31315517426,
        "var": 0.630263507366
    },
    "spectral_flux": {
        "dmean": 0.0504154898226,
        "dmean2": 0.0827862247825,
        "dvar": 0.0043915649876,
        "dvar2": 0.0111105302349,
        "max": 0.615380942822,
        "mean": 0.110801964998,
        "median": 0.0762182101607,
        "min": 1.03261572904e-10,
        "var": 0.00967153161764
    },
    "spectral_kurtosis": {
        "dmean": 2.98780632019,
        "dmean2": 4.82561779022,
        "dvar": 19.1863384247,
        "dvar2": 51.1413345337,
        "max": 52.1893081665,
        "mean": 4.76074743271,
        "median": 2.37704539299,
        "min": -1.22307002544,
        "var": 43.7057342529
    },
    "spectral_rms": {
        "dmean": 0.00197475799359,
        "dmean2": 0.00298865628429,
        "dvar": 6.76727722748e-06,
        "dvar2": 1.69502800418e-05,
        "max": 0.0258392747492,
        "mean": 0.00546616734937,
        "median": 0.00365460384637,
        "min": 3.22534967484e-12,
        "var": 1.73030439328e-05
    },
    "spectral_rolloff": {
        "dmean": 1277.95800781,
        "dmean2": 2127.64233398,
        "dvar": 4948271.5,
        "dvar2": 9909490,
        "max": 19078.4179688,
        "mean": 2142.1550293,
        "median": 538.330078125,
        "min": 43.06640625,
        "var": 9098512
    },
    "spectral_skewness": {
        "dmean": 0.396950364113,
        "dmean2": 0.593663454056,
        "dvar": 0.200106590986,
        "dvar2": 0.428789883852,
        "max": 5.47353553772,
        "mean": 1.4341698885,
        "median": 1.29050159454,
        "min": -0.0280536245555,
        "var": 0.679915904999
    },
    "spectral_spread": {
        "dmean": 1136242.625,
        "dmean2": 1515336,
        "dvar": 2.25554202624e+12,
        "dvar2": 3.65312003277e+12,
        "max": 40244172,
        "mean": 5747945,
        "median": 5617077,
        "min": 838563.875,
        "var": 8.52380037939e+12
    },
    "spectral_strongpeak": {
        "dmean": 0.435743391514,
        "dmean2": 0.745323359966,
        "dvar": 0.975444078445,
        "dvar2": 2.76320290565,
        "max": 14.032831192,
        "mean": 0.639893829823,
        "median": 0.431004911661,
        "min": 0,
        "var": 0.81635260582
    },
    "zerocrossingrate": {
        "dmean": 0.0290114190429,
        "dmean2": 0.0312610007823,
        "dvar": 0.00104514765553,
        "dvar2": 0.00122772634495,
        "max": 0.5,
        "mean": 0.0752027407289,
        "median": 0.0478515625,
        "min": 0.001953125,
        "var": 0.00499944668263
    },
    "barkbands": {
        "dmean": [0.00114554737229, 0.0281325299293, 0.0010983113898, 0.000799773144536, 0.00606010016054, 0.00108075188473, 0.000413809815655, 0.000237987260334, 0.000207574033993, 0.00026461694506, 0.000195738524781, 8.37632178445e-05, 0.000117928408145, 0.000103506557934, 7.93367216829e-05, 0.000102714191598, 0.00011464599811, 8.31131765153e-05, 9.5142153441e-05, 8.1446407421e-05, 0.000127279039589, 0.000525383511558, 0.000848627125379, 0.000516839383636, 0.00029041338712, 0.00026758434251, 9.38192215472e-07],
        "dmean2": [0.00175296422094, 0.0427678003907, 0.00178774469532, 0.00130280677695, 0.0112910475582, 0.00185463333037, 0.000684382626787, 0.000370866153389, 0.000321793748299, 0.000404913618695, 0.000326093722833, 0.000140998658026, 0.000209344667383, 0.000176577246748, 0.000130532251205, 0.000176924848347, 0.000189807251445, 0.000135941256303, 0.000159461575095, 0.000136074871989, 0.000214623825741, 0.000820278539322, 0.0012983684428, 0.000815478619188, 0.000478660484077, 0.000450296036433, 1.7048363361e-06],
        "dvar": [5.40564087714e-06, 0.00380442221649, 5.49440846953e-06, 4.73682302982e-06, 0.000401686673285, 5.22326399732e-06, 7.29754674467e-07, 2.01638840736e-07, 3.83760209388e-07, 3.7107909634e-07, 2.06218032872e-07, 3.4488277123e-08, 1.41035314982e-07, 9.14816666864e-08, 4.05543900683e-08, 7.06560072672e-08, 8.04934074949e-08, 3.97328570045e-08, 6.08917574141e-08, 3.54709044359e-08, 5.31872856868e-08, 1.02311059891e-06, 2.18381114792e-06, 9.13335156838e-07, 3.5776716345e-07, 2.81021783621e-07, 1.22585257917e-11],
        "dvar2": [1.36870730785e-05, 0.00879258103669, 1.34796900966e-05, 1.18801899589e-05, 0.00115031981841, 1.45352914842e-05, 1.95024495042e-06, 4.45844136721e-07, 9.26570464799e-07, 8.32925422856e-07, 5.43926603314e-07, 9.53738847898e-08, 4.07333487829e-07, 2.48705447348e-07, 1.07995958842e-07, 1.95204762576e-07, 1.88977907101e-07, 9.96560842736e-08, 1.51529604864e-07, 9.12644111395e-08, 1.32549345722e-07, 2.47447064794e-06, 4.92423396281e-06, 2.26757560995e-06, 9.43350130456e-07, 7.49585922222e-07, 3.44400445662e-11],
        "max": [0.0521030016243, 0.658196389675, 0.0294485129416, 0.0354431755841, 0.148477301002, 0.0221930649132, 0.0195560716093, 0.0136556476355, 0.0207175929099, 0.0178335830569, 0.0116326240823, 0.00590050779283, 0.00425296928734, 0.00951747223735, 0.00535859074444, 0.0114321568981, 0.0117042064667, 0.00561787560582, 0.0106183709577, 0.0060379896313, 0.00400212081149, 0.00867816712707, 0.0116010457277, 0.00878470018506, 0.00540501531214, 0.00445255637169, 6.45764084766e-05],
        "mean": [0.00141992780846, 0.0318780243397, 0.00136417651083, 0.000802593654953, 0.00515884021297, 0.00205176253803, 0.00063060130924, 0.000369386718376, 0.000355204712832, 0.000439731578808, 0.000280875508906, 0.00012100917229, 0.0001310667285, 0.000123068166431, 0.000114583985123, 0.000139759897138, 0.000169265258592, 0.000119276759506, 0.000121443925309, 0.000114495378511, 0.000150325606228, 0.000568512361497, 0.000798640598077, 0.000480430317111, 0.000251579767792, 0.00020612811204, 6.08330424257e-07],
        "median": [5.57880011911e-05, 0.000303228007397, 1.71991746356e-06, 1.19300002552e-05, 0.00185594288632, 0.0014755447628, 0.000365236075595, 0.000169187362189, 0.000135786365718, 0.000161867705174, 8.91567906365e-05, 4.12029403378e-05, 2.61641253019e-05, 1.92255392903e-05, 3.6081248254e-05, 4.04211459681e-05, 4.22178054578e-05, 3.59591213055e-05, 3.636690235e-05, 3.75232557417e-05, 4.30503423559e-05, 6.86971616233e-05, 7.0887937909e-05, 4.04308011639e-05, 1.47270384332e-05, 5.17319131177e-06, 2.40263586804e-09],
        "min": [2.65564817261e-24, 2.04266285957e-23, 1.1916409772e-23, 2.41499021848e-23, 5.86379748383e-23, 2.76722276578e-23, 2.65835712096e-23, 4.98622632992e-23, 6.79170175003e-23, 1.14913456416e-22, 1.29489132077e-22, 8.92065431749e-23, 1.76089998269e-22, 1.43418585506e-22, 8.20524709106e-23, 1.09079520788e-22, 1.27462037229e-22, 2.41867934228e-22, 2.15365640935e-22, 3.02384167949e-22, 4.24079253308e-22, 6.14923613699e-22, 5.69018421851e-22, 9.19486779551e-22, 1.12328592732e-21, 1.79138058357e-21, 2.38077201356e-21],
        "var": [8.41230394144e-06, 0.00508610578254, 7.7328286352e-06, 4.52752510682e-06, 0.000231403915677, 4.79696473121e-06, 8.48210277127e-07, 3.86989199797e-07, 6.14838540969e-07, 7.88358647696e-07, 3.89548546309e-07, 6.10795538591e-08, 1.20840468298e-07, 1.12134038943e-07, 6.06425132332e-08, 1.07607398547e-07, 1.56565036491e-07, 6.38900274907e-08, 7.75358159899e-08, 4.49781332179e-08, 5.9537782704e-08, 1.11181793727e-06, 2.43013278123e-06, 9.37873664952e-07, 3.13256293794e-07, 2.19236284238e-07, 7.60747367878e-12]
    },
    "erbbands": {
        "dmean": [0.915191709995, 6.04148864746, 2.80348491669, 2.35150265694, 9.03448486328, 25.8027496338, 15.7757053375, 7.27018404007, 6.71956157684, 5.29352521896, 4.47962999344, 5.11169815063, 9.72542858124, 5.76858282089, 6.71114349365, 3.79153418541, 4.52409410477, 6.66741514206, 3.80734181404, 4.39549446106, 4.9297246933, 6.15459918976, 4.01572751999, 5.98247480392, 3.43898272514, 3.68011045456, 4.49492835999, 8.129322052, 17.4663333893, 24.4465904236, 21.5117359161, 15.5612945557, 6.31626415253, 2.68775439262, 2.58579182625, 1.5263466835, 0.43140733242, 0.0240614991635, 0.000558953266591, 7.15415444574e-05],
        "dmean2": [1.31145620346, 9.63606929779, 4.56607723236, 3.75729632378, 16.0753822327, 48.7114067078, 28.9979286194, 11.841501236, 11.0856895447, 8.37715625763, 6.93997478485, 7.92497587204, 14.8502292633, 9.4354095459, 11.3410692215, 6.35873985291, 7.85030889511, 11.6659154892, 6.3635802269, 7.31115865707, 8.29396057129, 10.1931066513, 6.66200351715, 9.93915081024, 5.84162425995, 6.13820505142, 7.5306725502, 13.2365837097, 27.3575267792, 37.1730995178, 33.3509025574, 24.5611858368, 9.98138713837, 4.28553628922, 4.3864569664, 2.59173059464, 0.717593550682, 0.0406542420387, 0.000946959597059, 0.000119751835882],
        "dvar": [3.68460083008, 190.419509888, 33.9768333435, 35.5535926819, 757.55670166, 7453.47363281, 2118.2199707, 214.906829834, 225.645721436, 99.7651290894, 80.4471435547, 253.737670898, 603.975952148, 206.598999023, 280.90826416, 71.1042633057, 184.98324585, 383.787017822, 74.3859329224, 112.493003845, 106.126060486, 298.771789551, 97.9393615723, 297.80291748, 79.6961135864, 64.4074249268, 65.0823135376, 230.729522705, 1102.6003418, 2041.3034668, 1377.55822754, 830.007629395, 146.070098877, 33.7633132935, 27.7754802704, 9.35814857483, 0.722001373768, 0.00269924337044, 1.33316598294e-06, 1.02734363239e-08],
        "dvar2": [8.1771812439, 454.16973877, 81.77734375, 89.3534164429, 2089.84448242, 21518.7207031, 6108.26855469, 580.596984863, 623.139343262, 220.442184448, 186.727645874, 617.708190918, 1373.36083984, 541.956970215, 745.984130859, 192.886871338, 522.916320801, 1074.04162598, 191.93901062, 301.359100342, 279.079772949, 688.521728516, 252.278015137, 734.390136719, 204.527023315, 169.312332153, 167.026763916, 569.500915527, 2561.42480469, 4631.09423828, 3232.3137207, 2036.73388672, 361.705200195, 85.3871536255, 74.9077453613, 25.2030963898, 1.91366541386, 0.00725412461907, 3.56253167411e-06, 2.73415814434e-08],
        "max": [21.9793624878, 139.352294922, 62.1468811035, 109.678970337, 229.344451904, 661.318481445, 412.121337891, 213.5181427, 359.138336182, 343.351593018, 264.935668945, 575.154846191, 710.541809082, 403.364868164, 472.659210205, 284.385467529, 151.773147583, 447.541381836, 196.643676758, 367.153076172, 457.248138428, 813.403381348, 336.602172852, 769.127258301, 348.339324951, 347.034332275, 117.597679138, 221.435058594, 322.655517578, 384.981018066, 284.561309814, 283.632751465, 102.520927429, 51.2309913635, 48.8030204773, 27.6490459442, 7.37107563019, 0.484097391367, 0.0103245778009, 0.000766699085943],
        "mean": [1.13418245316, 6.18759965897, 3.29115653038, 2.47629332542, 7.69261741638, 21.2123661041, 19.9836921692, 14.1557703018, 11.3450241089, 8.21624279022, 7.44058895111, 9.19271469116, 16.4738426208, 8.8313331604, 9.60701656342, 5.70228433609, 5.64586305618, 8.04938793182, 5.11002922058, 6.62925672531, 7.88068056107, 9.2836856842, 6.04090309143, 8.79602432251, 4.41255998611, 5.14664840698, 5.94512271881, 8.5272026062, 19.8249588013, 24.8359336853, 20.0344657898, 14.2273712158, 5.82236051559, 2.53927588463, 2.05594968796, 1.16031444073, 0.34320050478, 0.0190759245306, 0.000460423645563, 8.50149444886e-05],
        "median": [0.0150399208069, 0.0355813354254, 0.0115844961256, 0.068337649107, 1.56502580643, 7.51734733582, 12.3266239166, 9.12718391418, 7.02548074722, 3.92251157761, 3.68932414055, 3.82312631607, 5.29257488251, 4.12174415588, 3.31835365295, 2.10034275055, 1.55900454521, 1.36152815819, 1.84601020813, 2.04432058334, 3.05134630203, 2.08677721024, 1.8940526247, 2.56631708145, 1.50537073612, 1.87412929535, 1.82004463673, 1.8657797575, 2.39137268066, 2.54889774323, 1.82445764542, 1.12716197968, 0.489368915558, 0.178840696812, 0.0913812667131, 0.0301339104772, 0.00898167677224, 0.000629717367701, 5.36413899681e-05, 3.33512289217e-05],
        "min": [8.77865216014e-22, 3.70647273243e-21, 1.22002354886e-20, 3.66498009275e-20, 2.28444589419e-19, 1.3349653356e-19, 1.14268035212e-19, 3.44946361252e-19, 3.94382060929e-19, 3.12054868363e-19, 1.52886293353e-18, 1.2912329687e-18, 2.55158170167e-18, 6.19145763831e-18, 3.45571678776e-18, 4.27126868847e-18, 9.11176254264e-18, 6.68168002448e-18, 5.3113056201e-18, 5.68132336043e-18, 6.6215932112e-18, 8.67251888403e-18, 1.0544386424e-17, 1.04892382926e-17, 1.37722461791e-17, 1.47388844798e-17, 1.84632403724e-17, 1.56590683174e-17, 2.40490090693e-17, 1.57270509832e-17, 1.77768492089e-17, 1.66926106404e-17, 1.6325079405e-17, 1.17378318585e-17, 8.77295515401e-18, 6.33352508133e-18, 3.3972758571e-18, 1.07466901932e-18, 3.38380253249e-19, 3.84306917058e-20],
        "var": [5.87078237534, 220.068405151, 45.1110572815, 36.3602371216, 505.394378662, 4166.99414062, 1252.70263672, 260.783905029, 222.007156372, 187.55305481, 155.280303955, 407.250152588, 1211.24743652, 339.13482666, 459.864746094, 125.451927185, 170.558532715, 420.893890381, 93.7109985352, 184.902496338, 200.731216431, 589.714599609, 156.381408691, 462.103118896, 101.05216217, 77.3145675659, 80.3448867798, 233.99520874, 1298.65209961, 2284.49389648, 1465.10656738, 847.719848633, 146.846969604, 33.4777450562, 21.7501506805, 7.13826465607, 0.579531371593, 0.00206974055618, 1.03601200863e-06, 1.2427903151e-08]
    },
    "gfcc": {
        "mean": [-47.4747390747, 79.9932785034, -112.539833069, 28.1935977936, -81.5139694214, -0.488228291273, -43.5577888489, -3.09506654739, -18.7440013885, -2.79769802094, -11.9451255798, 12.6898231506, 0.849384486675],
        "cov": [[11108.8945312, -3633.50927734, 3526.46606445, 1942.20678711, 246.666625977, 2619.42773438, -22.0596618652, 1409.33642578, -50.1880073547, 958.039245605, -396.358764648, 689.51348877, -696.998718262], [-3633.50927734, 4509.89550781, -1214.34521484, -199.670654297, 1015.84741211, -1165.63903809, 481.793823242, -627.616638184, 385.188842773, -482.966094971, 517.779663086, -500.563568115, 446.725830078], [3526.46606445, -1214.34521484, 2799.21313477, 1212.79663086, 379.044555664, 1377.57873535, 177.406082153, 698.863586426, 81.1532669067, 463.260864258, -189.51902771, 307.329681396, -305.577728271], [1942.20678711, -199.670654297, 1212.79663086, 1064.14978027, 588.94732666, 768.870666504, 310.970031738, 460.710296631, 216.251647949, 265.770050049, 62.4112014771, 117.573493958, -104.017723083], [246.666625977, 1015.84741211, 379.044555664, 588.94732666, 951.503173828, 325.852874756, 446.105072021, 254.562805176, 294.814758301, 111.694168091, 169.804870605, -40.9172286987, 28.0313549042], [2619.42773438, -1165.63903809, 1377.57873535, 768.870666504, 325.852874756, 1166.16882324, 238.279510498, 652.856323242, 118.266670227, 370.25112915, -87.1888580322, 238.356216431, -200.057281494], [-22.0596618652, 481.793823242, 177.406082153, 310.970031738, 446.105072021, 238.279510498, 394.710205078, 211.23197937, 198.757888794, 54.689125061, 101.750312805, -10.4810342789, 56.2326316833], [1409.33642578, -627.616638184, 698.863586426, 460.710296631, 254.562805176, 652.856323242, 211.23197937, 489.136566162, 126.994819641, 240.920425415, -14.6440677643, 140.590759277, -75.1750946045], [-50.1880073547, 385.188842773, 81.1532669067, 216.251647949, 294.814758301, 118.266670227, 198.757888794, 126.994819641, 214.569885254, 62.0280036926, 114.604660034, -8.03547000885, 56.7087097168], [958.039245605, -482.966094971, 463.260864258, 265.770050049, 111.694168091, 370.25112915, 54.689125061, 240.920425415, 62.0280036926, 240.437911987, 5.70427322388, 113.707611084, -59.8550033569], [-396.358764648, 517.779663086, -189.51902771, 62.4112014771, 169.804870605, -87.1888580322, 101.750312805, -14.6440677643, 114.604660034, 5.70427322388, 208.648971558, -17.2600593567, 84.7181243896], [689.51348877, -500.563568115, 307.329681396, 117.573493958, -40.9172286987, 238.356216431, -10.4810342789, 140.590759277, -8.03547000885, 113.707611084, -17.2600593567, 162.035873413, -22.4425849915], [-696.998718262, 446.725830078, -305.577728271, -104.017723083, 28.0313549042, -200.057281494, 56.2326316833, -75.1750946045, 56.7087097168, -59.8550033569, 84.7181243896, -22.4425849915, 158.691802979]],
        "icov": [[0.00029846036341, -0.00018569927488, 0.000128657484311, -0.000429862440797, 0.000218385917833, -0.000453146494692, 0.000464025564725, -0.000313739292324, 0.000288396462565, -0.000291710486636, 0.000289589137537, -0.000440121686552, 0.000446798134362], [-0.00018569927488, 0.0017962960992, -0.000781151466072, 0.000926072883885, -0.00198129191995, 0.00114251824562, -0.000831553537864, 0.0014658641303, -0.000769351434428, 0.00150973105337, -0.00189890305046, 0.00208811229095, -0.00183668092359], [0.000128657484311, -0.000781151466072, 0.0016227082815, -0.00150059862062, 0.000909758440685, -0.00151638849638, 0.000607727793977, 1.50164933075e-05, 0.000413655216107, -0.00103790417779, 0.00173060898669, -0.00139619666152, 0.000963930622675], [-0.000429862440797, 0.000926072883885, -0.00150059862062, 0.00437658047304, -0.0021004662849, 0.00039645715151, -0.000817389343865, 0.000517647888046, -0.00130657246336, 0.00115324894432, -0.00236923806369, 0.00151753239334, -0.000728796992917], [0.000218385917833, -0.00198129191995, 0.000909758440685, -0.0021004662849, 0.00537583231926, -0.00117527425755, -0.00147015950643, -0.00107401364949, -0.000326528941514, -0.00225689937361, 0.00159103714395, -0.00121206487529, 0.00273726671003], [-0.000453146494692, 0.00114251824562, -0.00151638849638, 0.00039645715151, -0.00117527425755, 0.00790623761714, -0.00222782208584, -0.00401690928265, -0.000581349828281, 0.000414738751715, -0.000599175633397, -0.000676292576827, 0.001783040585], [0.000464025564725, -0.000831553537864, 0.000607727793977, -0.000817389343865, -0.00147015950643, -0.00222782208584, 0.00951089989394, -0.00349134532735, -0.00169705925509, 0.0016296353424, 0.000710439169779, 5.85557972954e-05, -0.00170943234116], [-0.000313739292324, 0.0014658641303, 1.50164933075e-05, 0.000517647888046, -0.00107401364949, -0.00401690928265, -0.00349134532735, 0.0129150087014, -0.0026904346887, -0.00207716971636, -1.6853939087e-05, 0.000658932898659, -0.00237514032051], [0.000288396462565, -0.000769351434428, 0.000413655216107, -0.00130657246336, -0.000326528941514, -0.000581349828281, -0.00169705925509, -0.0026904346887, 0.0142108155414, -0.00294177047908, -0.00268950522877, 0.00169486855157, -0.00248812581412], [-0.000291710486636, 0.00150973105337, -0.00103790417779, 0.00115324894432, -0.00225689937361, 0.000414738751715, 0.0016296353424, -0.00207716971636, -0.00294177047908, 0.0129120824859, -0.0034414504189, -0.00179621810094, 9.07657959033e-05], [0.000289589137537, -0.00189890305046, 0.00173060898669, -0.00236923806369, 0.00159103714395, -0.000599175633397, 0.000710439169779, -1.6853939087e-05, -0.00268950522877, -0.0034414504189, 0.0117103168741, -0.0037922617048, -2.40344052145e-05], [-0.000440121686552, 0.00208811229095, -0.00139619666152, 0.00151753239334, -0.00121206487529, -0.000676292576827, 5.85557972954e-05, 0.000658932898659, 0.00169486855157, -0.00179621810094, -0.0037922617048, 0.0161579903215, -0.00682567851618], [0.000446798134362, -0.00183668092359, 0.000963930622675, -0.000728796992917, 0.00273726671003, 0.001783040585, -0.00170943234116, -0.00237514032051, -0.00248812581412, 9.07657959033e-05, -2.40344052145e-05, -0.00682567851618, 0.0160285234451]]
    },
    "melbands": {
        "dmean": [0.00816946290433, 0.00375730125234, 0.000435695925262, 0.00136986770667, 0.000679220072925, 0.00016980417422, 9.70207111095e-05, 5.62074346817e-05, 3.64281950169e-05, 3.3613472624e-05, 4.78437978018e-05, 2.20059137064e-05, 2.19601879508e-05, 1.24089929159e-05, 7.41984877095e-06, 1.42325798151e-05, 1.23931486087e-05, 5.75421063331e-06, 6.44273904982e-06, 8.28832708066e-06, 5.70343308937e-06, 7.14986526873e-06, 4.41743941337e-06, 3.54842359229e-06, 5.39583152204e-06, 2.77741537502e-06, 2.23569918489e-06, 2.65959624812e-06, 2.88867477138e-06, 3.20293884215e-06, 5.75012018089e-06, 1.09601778604e-05, 1.103689101e-05, 1.4293024833e-05, 1.10792771011e-05, 1.27094754134e-05, 9.17512534215e-06, 5.18781507708e-06, 2.50223592957e-06, 2.06943082048e-06],
        "dmean2": [0.0121184652671, 0.00609568180516, 0.000708545790985, 0.00255115400068, 0.00126382568851, 0.000279750325717, 0.000159811606864, 8.8504733867e-05, 5.61394444958e-05, 5.20512476214e-05, 7.29842868168e-05, 3.59072437277e-05, 3.68297514797e-05, 2.08317742363e-05, 1.24560974655e-05, 2.54037240666e-05, 2.15550826397e-05, 9.64567334449e-06, 1.07312353066e-05, 1.42555390994e-05, 9.53641301749e-06, 1.1850041119e-05, 7.39743472877e-06, 5.74199248149e-06, 8.98803864402e-06, 4.71730072604e-06, 3.76142315872e-06, 4.45240857516e-06, 4.88412388222e-06, 5.43149280929e-06, 9.3239632406e-06, 1.69919239852e-05, 1.7940717953e-05, 2.1438978365e-05, 1.73905809788e-05, 2.00231734198e-05, 1.47035852933e-05, 8.27508210932e-06, 3.98690917791e-06, 3.3317874113e-06],
        "dvar": [0.000310956238536, 7.1028523962e-05, 1.11707765882e-06, 2.04767493415e-05, 4.49227763966e-06, 1.14115564998e-07, 4.39394192142e-08, 1.16494192071e-08, 6.36355190764e-09, 1.12952527331e-08, 1.46710386062e-08, 2.91921109508e-09, 2.46528975012e-09, 6.23594231808e-10, 5.04073005558e-10, 2.33996799714e-09, 1.34562905263e-09, 1.86236748245e-10, 3.86290943677e-10, 5.73874558984e-10, 1.2988229936e-10, 4.46478631844e-10, 1.15186180039e-10, 7.66872398916e-11, 2.60787641482e-10, 4.48801031061e-11, 5.19953594069e-11, 4.01299861397e-11, 2.92738437657e-11, 3.51626956718e-11, 1.25929530692e-10, 4.45108172542e-10, 4.63558552655e-10, 6.8507061135e-10, 3.7769340433e-10, 5.70316238679e-10, 2.82914996985e-10, 9.66458302276e-11, 2.95136033668e-11, 2.21439880321e-11],
        "dvar2": [0.00070875097299, 0.000169849401573, 2.62223124992e-06, 5.84863228141e-05, 1.29969466798e-05, 3.09857114189e-07, 1.20374906487e-07, 2.54357068741e-08, 1.46858551986e-08, 2.74515397081e-08, 3.31969189915e-08, 7.64954943833e-09, 6.58418608523e-09, 1.62092372857e-09, 1.36984568133e-09, 6.72855415829e-09, 3.74322306484e-09, 4.72081707059e-10, 1.05054309696e-09, 1.59976432101e-09, 3.2785213433e-10, 1.01580321932e-09, 2.99355845668e-10, 1.91461749233e-10, 6.40225650272e-10, 1.17735737826e-10, 1.29436114604e-10, 1.06260777955e-10, 7.68224789338e-11, 8.78680531113e-11, 3.21524334934e-10, 9.97814719739e-10, 1.17763965246e-09, 1.52031354173e-09, 9.07377784021e-10, 1.34805810958e-09, 7.05906610943e-10, 2.40277991947e-10, 7.3345760021e-11, 5.65610891456e-11],
        "max": [0.194696649909, 0.0843283683062, 0.0164839606732, 0.0347434133291, 0.0172301270068, 0.00416994746774, 0.00495692528784, 0.00320386397652, 0.00284629990347, 0.00380759849213, 0.00350866327062, 0.00151261757128, 0.00128038635012, 0.000588433234952, 0.000656172283925, 0.000542575959116, 0.00103669019882, 0.000276136852335, 0.000597806414589, 0.00117758894339, 0.000494733394589, 0.00104354543146, 0.00025763065787, 0.000295713107334, 0.000768076570239, 0.00027155035059, 0.000399424723582, 0.000331077375449, 0.000107582105557, 0.000125390070025, 0.00011562211148, 0.000185042794328, 0.000217927969061, 0.000232481950661, 0.000149356899783, 0.000207500124816, 0.000172899060999, 8.77058046171e-05, 5.65682457818e-05, 4.27220838901e-05],
        "mean": [0.00961162988096, 0.00401329807937, 0.00048659616732, 0.00110402842984, 0.000760529830586, 0.00033608119702, 0.000164076103829, 8.64872563398e-05, 5.84774716117e-05, 5.94588891545e-05, 7.97114989837e-05, 3.16089463013e-05, 3.15407451126e-05, 1.81228697329e-05, 1.06995139504e-05, 1.54783374455e-05, 1.48264616655e-05, 6.93250376571e-06, 9.35900970944e-06, 1.06313927972e-05, 8.82460881257e-06, 1.06499655885e-05, 5.8365235418e-06, 5.2427776609e-06, 7.71334271121e-06, 3.15131410389e-06, 2.99782436741e-06, 3.57216458724e-06, 3.65500818589e-06, 3.78589788852e-06, 5.38921904081e-06, 1.21047742141e-05, 1.15693301268e-05, 1.41071595863e-05, 1.03650099845e-05, 1.12968455142e-05, 8.44874284667e-06, 4.69349151899e-06, 2.4710057005e-06, 1.9190229068e-06],
        "median": [0.00010900599591, 2.0601964934e-05, 2.6675650588e-05, 0.000332934432663, 0.000426512619015, 0.000230175501201, 0.000100862707768, 3.86338724638e-05, 2.67837276624e-05, 2.3546632292e-05, 2.45127739618e-05, 1.40967558764e-05, 1.03613274405e-05, 7.44147837395e-06, 3.2017974263e-06, 2.70269947578e-06, 2.24197083298e-06, 2.4684213713e-06, 2.1997911972e-06, 2.58088584815e-06, 3.38810900757e-06, 2.1536195618e-06, 1.52004486154e-06, 1.71294777829e-06, 2.07390758078e-06, 9.15345140129e-07, 9.39528547406e-07, 1.21208108794e-06, 9.37798745326e-07, 1.07790367565e-06, 9.13176620543e-07, 1.35516665978e-06, 1.18309333175e-06, 1.30782927954e-06, 9.91288743535e-07, 8.4758318053e-07, 6.35425237761e-07, 3.82148414246e-07, 1.93359483092e-07, 1.22158354543e-07],
        "min": [6.63001697667e-24, 5.5627023714e-24, 1.39372899731e-23, 1.32238394373e-23, 4.60806313581e-24, 7.35247630406e-24, 5.55564246073e-24, 3.56572110579e-24, 1.34173517505e-23, 8.35459628867e-24, 1.2754981536e-23, 2.4750722316e-23, 1.37796676757e-23, 1.00726998415e-23, 1.33525089618e-23, 1.97277278104e-23, 1.11599615836e-23, 9.27899217488e-24, 6.56076839983e-24, 6.48814113173e-24, 8.11537421916e-24, 9.41371384027e-24, 7.0276675595e-24, 1.14002454599e-23, 7.44345799884e-24, 1.13151644447e-23, 7.93871276374e-24, 1.01378889401e-23, 1.02411208559e-23, 1.13477302006e-23, 8.06491552022e-24, 1.27489388615e-23, 1.34481599243e-23, 7.1704016851e-24, 1.03107654409e-23, 1.00060166403e-23, 1.02173785092e-23, 1.11575516136e-23, 1.13436943882e-23, 9.60470337632e-24],
        "var": [0.0004433838767, 8.37764309836e-05, 1.24402367874e-06, 1.19137912407e-05, 2.54786914411e-06, 1.29519520442e-07, 4.63733442757e-08, 2.2016731549e-08, 1.17812044564e-08, 1.84804314074e-08, 2.962258705e-08, 4.60409355085e-09, 4.53361526098e-09, 1.05763209302e-09, 8.32397539785e-10, 1.98317784417e-09, 1.61256830111e-09, 2.06398939606e-10, 5.54666701458e-10, 8.0378609324e-10, 2.42109943205e-10, 8.82764528143e-10, 1.60465432608e-10, 1.31799376968e-10, 3.96508825773e-10, 5.23380921935e-11, 7.26615226321e-11, 4.52069943979e-11, 3.45142386893e-11, 4.02276510714e-11, 1.156098689e-10, 5.20428922179e-10, 4.68306504686e-10, 7.8508005652e-10, 3.86738474578e-10, 5.74520098162e-10, 2.8618449277e-10, 9.41987807201e-11, 3.05749037199e-11, 2.11240747117e-11]
    },
    "mfcc": {
        "mean": [-690.65435791, 104.489509583, 14.9610948563, 17.1025657654, -13.65528965, -3.86837887764, -20.8100376129, 0.463729500771, -9.69024085999, -8.1195192337, -11.3050441742, -3.74017596245, -1.49163651466],
        "cov": [[8229.53125, -2721.45581055, 2486.28295898, 604.724304199, 1076.97570801, 1336.80273438, 626.241088867, 1023.23944092, 431.13104248, 711.558532715, 555.831176758, 485.791625977, 206.983032227], [-2721.45581055, 3400.44555664, -1278.12536621, 470.23638916, 102.071861267, -316.118835449, 25.5173530579, -312.818023682, -42.8440589905, -109.206260681, -95.3769760132, -67.5250778198, -34.1233787537], [2486.28295898, -1278.12536621, 2282.83349609, 377.515014648, 640.28338623, 768.901123047, 381.707824707, 575.873474121, 314.423187256, 333.199584961, 270.969390869, 183.293823242, 128.144454956], [604.724304199, 470.23638916, 377.515014648, 736.843444824, 510.19821167, 390.134643555, 323.111022949, 281.046691895, 231.872375488, 245.099411011, 202.925430298, 169.40045166, 107.163879395], [1076.97570801, 102.071861267, 640.28338623, 510.19821167, 674.602478027, 506.876647949, 380.6746521, 376.537750244, 266.901245117, 313.519439697, 238.745193481, 202.588195801, 105.26663208], [1336.80273438, -316.118835449, 768.901123047, 390.134643555, 506.876647949, 610.016906738, 369.323242188, 437.554992676, 288.61529541, 309.038665771, 245.700149536, 198.860443115, 115.072921753], [626.241088867, 25.5173530579, 381.707824707, 323.111022949, 380.6746521, 369.323242188, 382.523529053, 327.57522583, 245.27911377, 233.407806396, 177.619247437, 156.882873535, 93.9830474854], [1023.23944092, -312.818023682, 575.873474121, 281.046691895, 376.537750244, 437.554992676, 327.57522583, 468.077911377, 277.026916504, 271.619049072, 180.601119995, 170.64755249, 108.939826965], [431.13104248, -42.8440589905, 314.423187256, 231.872375488, 266.901245117, 288.61529541, 245.27911377, 277.026916504, 290.411590576, 203.406967163, 137.965042114, 102.764595032, 73.4683380127], [711.558532715, -109.206260681, 333.199584961, 245.099411011, 313.519439697, 309.038665771, 233.407806396, 271.619049072, 203.406967163, 292.690460205, 174.022918701, 138.575698853, 75.4913101196], [555.831176758, -95.3769760132, 270.969390869, 202.925430298, 238.745193481, 245.700149536, 177.619247437, 180.601119995, 137.965042114, 174.022918701, 193.919616699, 131.534057617, 62.1506614685], [485.791625977, -67.5250778198, 183.293823242, 169.40045166, 202.588195801, 198.860443115, 156.882873535, 170.64755249, 102.764595032, 138.575698853, 131.534057617, 182.322235107, 91.8818206787], [206.983032227, -34.1233787537, 128.144454956, 107.163879395, 105.26663208, 115.072921753, 93.9830474854, 108.939826965, 73.4683380127, 75.4913101196, 62.1506614685, 91.8818206787, 129.210723877]],
