{
"lowlevel": {
    "average_loudness": 0.950436234474,
    "barkbands_crest": {
        "dmean": 2.48101830482,
        "dmean2": 3.77151632309,
        "dvar": 6.29495477676,
        "dvar2": 16.0473804474,
        "max": 23.9615192413,
        "mean": 10.6485157013,
        "median": 10.3914909363,
        "min": 2.24277305603,
        "var": 14.4677886963
    },
    "barkbands_flatness_db": {
        "dmean": 0.0266606248915,
        "dmean2": 0.0376623794436,
        "dvar": 0.000737856491469,
        "dvar2": 0.00152356317267,
        "max": 0.501721560955,
        "mean": 0.131814435124,
        "median": 0.1261498034,
        "min": 0.0201548039913,
        "var": 0.00330768455751
    },
    "barkbands_kurtosis": {
        "dmean": 4.13782310486,
        "dmean2": 5.85559272766,
        "dvar": 31.0577430725,
        "dvar2": 60.0033378601,
        "max": 99.8021240234,
        "mean": 6.22948455811,
        "median": 3.62737560272,
        "min": -1.94273591042,
        "var": 88.2266387939
    },
    "barkbands_skewness": {
        "dmean": 0.818530201912,
        "dmean2": 1.11380708218,
        "dvar": 0.636554181576,
        "dvar2": 1.25649905205,
        "max": 9.34924221039,
        "mean": 2.10473322868,
        "median": 2.05742931366,
        "min": -3.75751662254,
        "var": 2.03068876266
    },
    "barkbands_spread": {
        "dmean": 16.9841423035,
        "dmean2": 24.6346988678,
        "dvar": 369.411437988,
        "dvar2": 716.987182617,
        "max": 137.456451416,
        "mean": 44.9634056091,
        "median": 36.8665771484,
        "min": 0.566841125488,
        "var": 912.278198242
    },
    "dissonance": {
        "dmean": 0.0174365341663,
        "dmean2": 0.028010616079,
        "dvar": 0.000322737818351,
        "dvar2": 0.000792908715084,
        "max": 0.500000119209,
        "mean": 0.45690369606,
        "median": 0.465759694576,
        "min": 0.201952248812,
        "var": 0.00121930579189
    },
    "dynamic_complexity": 1.65716230869,
    "erbbands_crest": {
        "dmean": 1.97690033913,
        "dmean2": 3.07642173767,
        "dvar": 4.30361413956,
        "dvar2": 10.0917596817,
        "max": 27.4019641876,
        "mean": 7.47381830215,
        "median": 6.33154964447,
        "min": 2.17655849457,
        "var": 14.9408979416
    },
    "erbbands_flatness_db": {
        "dmean": 0.0124773103744,
        "dmean2": 0.0187440402806,
        "dvar": 0.000194905122044,
        "dvar2": 0.00040112939314,
        "max": 0.432195812464,
        "mean": 0.0903324857354,
        "median": 0.0772342756391,
        "min": 0.0330557338893,
        "var": 0.00202628062107
    },
    "erbbands_kurtosis": {
        "dmean": 0.973830163479,
        "dmean2": 1.51873493195,
        "dvar": 2.38796591759,
        "dvar2": 5.03680086136,
        "max": 123.040405273,
        "mean": 0.23174521327,
        "median": -0.605986118317,
        "min": -1.92028605938,
        "var": 13.873799324
    },
    "erbbands_skewness": {
        "dmean": 0.473927855492,
        "dmean2": 0.697025060654,
        "dvar": 0.212838545442,
        "dvar2": 0.479715943336,
        "max": 7.69358491898,
        "mean": 0.157172873616,
        "median": 0.170764565468,
        "min": -6.67266559601,
        "var": 0.976269543171
    },
    "erbbands_spread": {
        "dmean": 17.1261310577,
        "dmean2": 25.6419315338,
        "dvar": 308.787475586,
        "dvar2": 682.321350098,
        "max": 198.457702637,
        "mean": 82.7705230713,
        "median": 83.4215240479,
        "min": 1.38190805912,
        "var": 1384.38305664
    },
    "hfc": {
        "dmean": 64.7782669067,
        "dmean2": 99.5451812744,
        "dvar": 9542.0625,
        "dvar2": 21871.5351562,
        "max": 685.493408203,
        "mean": 97.2397079468,
        "median": 51.5415344238,
        "min": 2.62070187773e-07,
        "var": 12086.1855469
    },
    "melbands_crest": {
        "dmean": 3.01413989067,
        "dmean2": 4.95282030106,
        "dvar": 10.458741188,
        "dvar2": 29.734254837,
        "max": 31.7612800598,
        "mean": 17.7572002411,
        "median": 17.9708900452,
        "min": 1.64216828346,
        "var": 23.3615245819
    },
    "melbands_flatness_db": {
        "dmean": 0.0380137525499,
        "dmean2": 0.0527935475111,
        "dvar": 0.00149390264414,
        "dvar2": 0.00309292878956,
        "max": 0.667311370373,
        "mean": 0.224586218596,
        "median": 0.223373264074,
        "min": 0.00517096184194,
        "var": 0.00606455560774
    },
    "melbands_kurtosis": {
        "dmean": 24.1104850769,
        "dmean2": 33.6912231445,
        "dvar": 1325.27770996,
        "dvar2": 2540.35400391,
        "max": 670.587341309,
        "mean": 47.6895484924,
        "median": 28.2395057678,
        "min": -1.7806147337,
        "var": 3316.35449219
    },
    "melbands_skewness": {
        "dmean": 1.40910315514,
        "dmean2": 1.96960330009,
        "dvar": 2.41180062294,
        "dvar2": 4.82230901718,
        "max": 22.0560779572,
        "mean": 5.32569408417,
        "median": 4.61272525787,
        "min": -1.11496555805,
        "var": 9.01636981964
    },
    "melbands_spread": {
        "dmean": 11.7231369019,
        "dmean2": 17.7773857117,
        "dvar": 305.803131104,
        "dvar2": 690.393859863,
        "max": 224.206863403,
        "mean": 21.7645263672,
        "median": 13.8031730652,
        "min": 0.569031894207,
        "var": 531.856201172
    },
    "pitch_salience": {
        "dmean": 0.076544739306,
        "dmean2": 0.120782442391,
        "dvar": 0.00619388138875,
        "dvar2": 0.0166208166629,
        "max": 0.880309224129,
        "mean": 0.517242193222,
        "median": 0.511656045914,
        "min": 0.164394035935,
        "var": 0.0127890659496
    },
    "silence_rate_20dB": {
        "dmean": 0,
        "dmean2": 0,
        "dvar": 0,
        "dvar2": 0,
        "max": 1,
        "mean": 1,
        "median": 1,
        "min": 1,
        "var": 0
    },
    "silence_rate_30dB": {
        "dmean": 0.0334873758256,
        "dmean2": 0.0669792369008,
        "dvar": 0.0323671959341,
        "dvar2": 0.0890297368169,
        "max": 1,
        "mean": 0.976627349854,
        "median": 1,
        "min": 0,
        "var": 0.0228279400617
    },
    "silence_rate_60dB": {
        "dmean": 0.0017413435271,
        "dmean2": 0.00341594102792,
        "dvar": 0.00173889705911,
        "dvar2": 0.00380597892217,
        "max": 1,
        "mean": 0.0193544067442,
        "median": 0,
        "min": 0,
        "var": 0.0189792774618
    },
    "spectral_centroid": {
        "dmean": 459.550384521,
        "dmean2": 682.414855957,
        "dvar": 283170.03125,
        "dvar2": 584223.8125,
        "max": 11273.4589844,
        "mean": 1316.29638672,
        "median": 1060.85327148,
        "min": 149.218185425,
        "var": 709301.25
    },
    "spectral_complexity": {
        "dmean": 5.93007850647,
        "dmean2": 9.1540517807,
        "dvar": 61.5017051697,
        "dvar2": 124.027633667,
        "max": 59,
        "mean": 17.6101665497,
        "median": 15,
        "min": 0,
        "var": 115.14427948
    },
    "spectral_decrease": {
        "dmean": 3.8407668157e-09,
        "dmean2": 6.21201046158e-09,
        "dvar": 2.16419664263e-17,
        "dvar2": 5.81210053255e-17,
        "max": 1.38998499555e-18,
        "mean": -1.3285228917e-08,
        "median": -1.33127393553e-08,
        "min": -4.31775575294e-08,
        "var": 4.0508080153e-17
    },
    "spectral_energy": {
        "dmean": 0.017566498369,
        "dmean2": 0.0290547255427,
        "dvar": 0.000458508206066,
        "dvar2": 0.00125213339925,
        "max": 0.166992217302,
        "mean": 0.0589616075158,
        "median": 0.058117814362,
        "min": 2.54512695641e-11,
        "var": 0.000744692166336
    },
    "spectral_energyband_high": {
        "dmean": 0.00606036325917,
        "dmean2": 0.00931807048619,
        "dvar": 8.32738369354e-05,
        "dvar2": 0.000190180493519,
        "max": 0.0660245791078,
        "mean": 0.00832691416144,
        "median": 0.00416354741901,
        "min": 2.05353910959e-11,
        "var": 0.000109122542199
    },
    "spectral_energyband_low": {
        "dmean": 0.0127748865634,
        "dmean2": 0.0197526235133,
        "dvar": 0.000303249107674,
        "dvar2": 0.000770632352214,
        "max": 0.13890196383,
        "mean": 0.0311277192086,
        "median": 0.0226940345019,
        "min": 7.8586605539e-14,
        "var": 0.000670825422276
    },
    "spectral_energyband_middle_high": {
        "dmean": 0.00145691621583,
        "dmean2": 0.0022535789758,
        "dvar": 4.27087570642e-06,
        "dvar2": 1.06929228423e-05,
        "max": 0.0272500924766,
        "mean": 0.00334185175598,
        "median": 0.00257296301425,
        "min": 3.32657751172e-12,
        "var": 8.74873785506e-06
    },
    "spectral_energyband_middle_low": {
        "dmean": 0.00534257665277,
        "dmean2": 0.00883747451007,
        "dvar": 5.01497743244e-05,
        "dvar2": 0.000142327058711,
        "max": 0.115341536701,
        "mean": 0.0189323090017,
        "median": 0.0139565002173,
        "min": 6.72990255104e-13,
        "var": 0.000247821968514
    },
    "spectral_entropy": {
        "dmean": 0.222769469023,
        "dmean2": 0.315811425447,
        "dvar": 0.0592135190964,
        "dvar2": 0.112566590309,
        "max": 9.80649280548,
        "mean": 7.92751455307,
        "median": 8.06416511536,
        "min": 4.16829490662,
        "var": 0.463967770338
    },
    "spectral_flux": {
        "dmean": 0.035261310637,
        "dmean2": 0.049586288631,
        "dvar": 0.00124530610628,
        "dvar2": 0.00269470410421,
        "max": 0.332564502954,
        "mean": 0.107427790761,
        "median": 0.0966108739376,
        "min": 5.04492527398e-06,
        "var": 0.00390848144889
    },
    "spectral_kurtosis": {
        "dmean": 0.921248853207,
        "dmean2": 1.41689288616,
        "dvar": 15.5417928696,
        "dvar2": 40.7505302429,
        "max": 279.125976562,
        "mean": 2.78302121162,
        "median": 0.664641737938,
        "min": -1.24053406715,
        "var": 128.13609314
    },
    "spectral_rms": {
        "dmean": 0.00115073821507,
        "dmean2": 0.00190099293832,
        "dvar": 1.96926771423e-06,
        "dvar2": 5.33761340193e-06,
        "max": 0.0127639826387,
        "mean": 0.00731584848836,
        "median": 0.00752996047959,
        "min": 1.57576991455e-07,
        "var": 4.00173621529e-06
    },
    "spectral_rolloff": {
        "dmean": 2408.22607422,
        "dmean2": 3992.00341797,
        "dvar": 12489133,
        "dvar2": 25076702,
        "max": 18927.6855469,
        "mean": 3426.19824219,
        "median": 775.1953125,
        "min": 64.599609375,
        "var": 19165348
    },
    "spectral_skewness": {
        "dmean": 0.193551108241,
        "dmean2": 0.286993175745,
        "dvar": 0.0780982077122,
        "dvar2": 0.176920518279,
        "max": 13.6984872818,
        "mean": 1.30109608173,
        "median": 1.04319381714,
        "min": -0.453737705946,
        "var": 0.836656928062
    },
    "spectral_spread": {
        "dmean": 867643,
        "dmean2": 1290890.5,
        "dvar": 979752845312,
        "dvar2": 2.02388235878e+12,
        "max": 40993460,
        "mean": 10014954,
        "median": 10602170,
        "min": 423796.875,
        "var": 6.65830136218e+12
    },
    "spectral_strongpeak": {
        "dmean": 0.252669125795,
        "dmean2": 0.435932934284,
        "dvar": 0.215826690197,
        "dvar2": 0.581844985485,
        "max": 10.8536701202,
        "mean": 0.695345342159,
        "median": 0.503754079342,
        "min": 0,
        "var": 0.368913084269
    },
    "zerocrossingrate": {
        "dmean": 0.0319084972143,
        "dmean2": 0.0354906879365,
        "dvar": 0.000941829464864,
        "dvar2": 0.00121146650054,
        "max": 0.51904296875,
        "mean": 0.118864960968,
        "median": 0.1044921875,
        "min": 0.00390625,
        "var": 0.00517744896933
    },
    "barkbands": {
        "dmean": [0.000400708639063, 0.00755341351032, 0.00618173740804, 0.00288828485645, 0.002094975207, 0.00115958927199, 0.000641536724288, 0.000588726601563, 0.000458331720438, 0.000282139517367, 0.000437554292148, 0.000173968961462, 0.000203351504751, 0.000112792331493, 0.0001704152819, 0.000226729054702, 0.00017144769663, 0.00011835078476, 0.000174250191776, 0.000301064981613, 0.000389573979191, 0.000581159372814, 0.000812616664916, 0.00117846170906, 0.00145597464871, 0.00128287100233, 0.000668749737088],
        "dmean2": [0.000566652917769, 0.011432939209, 0.00999581906945, 0.00475410046056, 0.00353161478415, 0.00178139377385, 0.00110200140625, 0.000810659199487, 0.000589946866967, 0.000394944043364, 0.000604354951065, 0.000284265028313, 0.000321427505696, 0.000179073671461, 0.00028744537849, 0.000373901915736, 0.000289299787255, 0.00020041737298, 0.000284191424726, 0.000488895224407, 0.000642402563244, 0.000935158284847, 0.00133352167904, 0.00182918226346, 0.00226808688603, 0.00197515892796, 0.00106868683361],
        "dvar": [4.84466454509e-07, 0.00012241191871, 0.000107831030618, 1.42938497447e-05, 1.72576237674e-05, 4.96782968185e-06, 1.36204732826e-06, 1.22470817132e-06, 5.49517267245e-07, 2.53436297726e-07, 4.74172310305e-07, 7.75601733949e-08, 1.20984381624e-07, 2.95299233954e-08, 6.89404302534e-08, 2.17518760337e-07, 1.3866402071e-07, 4.98328525111e-08, 8.58496704836e-08, 3.89495937725e-07, 4.15265446918e-07, 8.33583783333e-07, 1.45609374158e-06, 3.88909211324e-06, 5.64134870729e-06, 4.5010933718e-06, 1.51565416218e-06],
        "dvar2": [9.4365861969e-07, 0.000299894163618, 0.000292257027468, 4.55078625237e-05, 4.76424647786e-05, 1.26365166579e-05, 4.05821265304e-06, 2.29628108173e-06, 8.71657277912e-07, 5.06955018409e-07, 8.14142595118e-07, 2.05919349128e-07, 2.76225648577e-07, 6.63466295237e-08, 1.81094847562e-07, 5.30081138095e-07, 3.67433727888e-07, 1.27444891973e-07, 2.17092150478e-07, 9.76032197286e-07, 9.64652372204e-07, 2.01135458155e-06, 3.84770555684e-06, 9.13649546419e-06, 1.30993894345e-05, 1.03116299215e-05, 3.71972555513e-06],
        "max": [0.011520087719, 0.117956474423, 0.0960341691971, 0.0642566457391, 0.0961620286107, 0.0586567521095, 0.0292754601687, 0.0384744666517, 0.0215097460896, 0.0171084906906, 0.0183133557439, 0.00477978726849, 0.00657992810011, 0.00370534881949, 0.00454607047141, 0.00772369280457, 0.0064497939311, 0.00487645249814, 0.00660034315661, 0.0132244657725, 0.0140719609335, 0.0169981084764, 0.0158608201891, 0.0163087397814, 0.0219512227923, 0.0175515711308, 0.0103338044137],
        "mean": [0.000918563629966, 0.0169473160058, 0.0105711463839, 0.00799530837685, 0.00401362590492, 0.0032285596244, 0.0011582437437, 0.00142426649109, 0.000976538984105, 0.000583087909035, 0.000872080854606, 0.000268820964266, 0.000301576248603, 0.000161403528182, 0.000246914336458, 0.000277966493741, 0.000183631884283, 0.000138881325256, 0.000208921323065, 0.000336964323651, 0.000456586130895, 0.000696785573382, 0.00112283753697, 0.00154590723105, 0.00202100514434, 0.00155980081763, 0.000744761084206],
        "median": [0.00013713905355, 0.0124587249011, 0.00504872063175, 0.00484357215464, 0.00218648789451, 0.00123606156558, 0.000591635704041, 0.000505610776599, 0.00044294714462, 0.000260293920292, 0.000360029720468, 0.000162768730661, 0.000137641807669, 7.4177296483e-05, 0.000112859052024, 8.83949105628e-05, 7.91421189206e-05, 6.32274532109e-05, 9.50184767134e-05, 0.000113763220725, 0.000197325542103, 0.000265584967565, 0.000595811230596, 0.000679151096847, 0.000851338729262, 0.000542826252058, 0.000232460064581],
        "min": [5.88794963306e-14, 1.79504950129e-14, 6.33469005604e-15, 1.34232301178e-14, 2.89655655689e-14, 3.47157503753e-14, 4.20579912043e-14, 1.14715677821e-13, 1.00603011165e-13, 1.13064044889e-13, 1.89784480991e-13, 2.03974532577e-13, 1.77134850299e-13, 1.47271206189e-13, 7.41366739049e-14, 1.77484031161e-13, 3.20045774821e-13, 1.01769959647e-12, 4.05156458513e-13, 6.31444549426e-13, 1.03451101852e-12, 1.01897960555e-12, 8.47906488945e-13, 1.67114087325e-12, 2.82511622603e-12, 4.55355328097e-12, 4.62300553741e-12],
        "var": [2.04217053579e-06, 0.000266276358161, 0.000154065186507, 7.96739768703e-05, 2.31600406551e-05, 2.69883967121e-05, 3.0877674817e-06, 6.62611682856e-06, 2.74388162325e-06, 9.89852082967e-07, 1.84970542705e-06, 1.06078879014e-07, 2.27108060358e-07, 5.545231474e-08, 1.37818915391e-07, 3.22466178204e-07, 1.14831621545e-07, 5.08495254792e-08, 9.6322558818e-08, 4.02218802265e-07, 4.57528301467e-07, 1.03430693343e-06, 1.88376520782e-06, 4.78582660435e-06, 7.2903567343e-06, 5.61673550692e-06, 1.50439677782e-06]
    },
    "erbbands": {
        "dmean": [0.179828822613, 1.95196735859, 6.99251174927, 7.3902592659, 8.72666454315, 7.06553792953, 5.46089410782, 12.6795949936, 10.6646242142, 12.3421669006, 6.78131246567, 12.0316305161, 7.83336877823, 9.49848175049, 18.4961338043, 6.9158616066, 9.03261852264, 6.29423809052, 8.69046497345, 8.71230220795, 11.2743701935, 8.88028335571, 6.45543193817, 9.20824718475, 9.79407691956, 13.6860866547, 13.5296602249, 17.5224266052, 19.8034496307, 26.4420661926, 21.7000732422, 22.3564624786, 20.9162902832, 16.7468833923, 10.249997139, 5.36165428162, 2.27325034142, 0.751164495945, 0.122835591435, 0.00556749710813],
        "dmean2": [0.272114127874, 3.01979398727, 11.3334550858, 11.9390821457, 14.0651321411, 12.4233779907, 9.25179100037, 18.7573318481, 18.4898090363, 17.4593601227, 10.092382431, 15.1321468353, 11.1362667084, 13.4970703125, 25.3193359375, 10.8112859726, 14.1995983124, 9.8436164856, 14.4936904907, 14.3498678207, 18.919128418, 14.8942241669, 10.8149757385, 15.4864635468, 16.0392417908, 22.2304496765, 21.9510421753, 28.7810382843, 31.8711032867, 44.5119895935, 35.0836791992, 35.2855834961, 32.0646438599, 26.6045818329, 15.9077501297, 8.31185340881, 3.53543257713, 1.16942679882, 0.198425650597, 0.00889144837856],
        "dvar": [0.0974471718073, 8.01716995239, 121.849227905, 86.2809753418, 154.560180664, 397.023162842, 152.633895874, 555.138793945, 456.53338623, 493.455108643, 109.790626526, 401.997375488, 193.214111328, 270.292541504, 938.462463379, 106.076896667, 226.460754395, 76.5037994385, 173.202438354, 250.65776062, 609.160888672, 294.440582275, 168.750991821, 264.091430664, 298.660583496, 782.123657227, 584.640136719, 803.746704102, 1073.06774902, 1402.30444336, 1113.90576172, 1545.05249023, 1234.59057617, 840.932312012, 268.23059082, 76.8096084595, 14.8677978516, 1.68648660183, 0.0583340078592, 8.64992834977e-05],
        "dvar2": [0.24322411418, 20.1691551208, 332.50994873, 243.052276611, 416.36932373, 1113.56750488, 422.564880371, 1291.31726074, 1387.69714355, 962.770507812, 256.117492676, 585.397521973, 412.815093994, 540.577209473, 1523.63513184, 266.664489746, 515.091369629, 174.233383179, 459.061431885, 624.766357422, 1596.69006348, 769.369995117, 429.77142334, 687.892028809, 718.301391602, 1932.81103516, 1376.42114258, 1890.82446289, 2566.88623047, 3800.73852539, 2800.46411133, 3714.91430664, 2854.03735352, 1938.61132812, 624.28527832, 173.637512207, 34.6308288574, 3.95821046829, 0.146137014031, 0.000206257056561],
        "max": [3.56909203529, 28.0378341675, 92.0018768311, 85.6336898804, 236.457107544, 516.344055176, 193.519561768, 739.911132812, 523.859069824, 762.34753418, 271.934143066, 617.995239258, 371.206359863, 631.155151367, 899.83972168, 192.777801514, 286.621856689, 183.9506073, 170.203079224, 247.379364014, 416.679779053, 293.344604492, 317.170227051, 222.256744385, 323.040893555, 609.780883789, 619.699768066, 530.497070312, 615.605163574, 477.004730225, 374.42175293, 509.244232178, 385.462677002, 301.068725586, 142.330841064, 66.2059783936, 35.2518882751, 9.64420890808, 2.1934504509, 0.0783321931958],
        "mean": [0.337282031775, 4.25100040436, 13.1781873703, 17.3294849396, 25.5678634644, 9.51479530334, 10.281126976, 38.5675430298, 20.9187507629, 29.5435028076, 15.2616462708, 26.2195205688, 17.5760955811, 20.6055202484, 35.8044967651, 12.4340314865, 14.2291030884, 10.2779350281, 12.5737485886, 13.5402173996, 12.8268289566, 10.1753749847, 7.81982898712, 9.9588508606, 11.8565559387, 15.4016914368, 15.702542305, 20.2435474396, 23.222864151, 33.6654701233, 30.568359375, 28.8442592621, 27.947057724, 22.3298416138, 14.0118150711, 6.57760715485, 2.79584431648, 0.853875160217, 0.128870934248, 0.00728368572891],
        "median": [0.138127326965, 3.24252748489, 8.21514511108, 14.2947883606, 12.3353366852, 5.05342197418, 4.93940925598, 13.690612793, 11.1940612793, 12.3954772949, 8.45224952698, 11.7956981659, 9.1601896286, 11.0728054047, 14.005487442, 8.03320121765, 7.39009380341, 6.09593868256, 6.70213603973, 5.26420116425, 4.57989501953, 4.71086215973, 3.8260383606, 4.07116222382, 5.39330101013, 5.38835477829, 6.18013572693, 8.52621173859, 8.20649147034, 17.83776474, 15.4621219635, 12.3645477295, 12.0758876801, 7.53492641449, 6.31688785553, 2.44721317291, 1.02638053894, 0.239731758833, 0.0377624556422, 0.00248947367072],
        "min": [9.02898578386e-13, 3.57787215653e-12, 1.87114698735e-11, 4.14665628223e-11, 4.97967188318e-11, 1.02830598203e-10, 2.73184003197e-10, 2.32674726708e-10, 4.78783013236e-10, 2.33499086733e-09, 2.10844897097e-09, 2.02904404389e-09, 9.22704757045e-09, 6.25344931393e-09, 1.07296571628e-08, 8.32983637622e-09, 9.26873955365e-09, 8.25555623862e-09, 4.27192103913e-09, 7.21036785833e-09, 1.1611311912e-08, 1.80711214881e-08, 5.90119348942e-08, 3.00573717027e-08, 1.95847782436e-08, 3.22006457054e-08, 2.98470688165e-08, 4.85148134999e-08, 3.79706328602e-08, 3.21497566347e-08, 2.65432422708e-08, 3.06867491418e-08, 3.4752893896e-08, 3.00920461882e-08, 2.39880098007e-08, 1.50619960948e-08, 8.41540970242e-09, 3.73172293067e-09, 7.24747206693e-10, 5.58363043301e-11],
        "var": [0.18410551548, 15.9423961639, 185.51499939, 195.40385437, 1065.24304199, 279.845306396, 205.243103027, 4151.36425781, 1002.69567871, 2438.03222656, 404.159088135, 2189.20166016, 720.355895996, 1082.42224121, 3458.04882812, 193.92098999, 430.409332275, 160.58706665, 243.662307739, 493.416351318, 596.528930664, 272.566802979, 161.079086304, 275.713592529, 329.537750244, 810.932312012, 645.143981934, 882.71307373, 1243.24609375, 1719.9296875, 1513.49279785, 1819.29833984, 1551.80871582, 1131.61352539, 342.977935791, 95.2873535156, 18.501958847, 1.96101129055, 0.0526404008269, 0.000122705576359]
    },
    "gfcc": {
        "mean": [64.2124938965, 30.9800720215, -41.23046875, 21.0909671783, -52.0180740356, 22.8156452179, -30.8128471375, 7.2748541832, -23.2681503296, 1.99330890179, -18.4154586792, 0.151452720165, -15.4619789124],
        "cov": [[10440.4394531, -1568.27612305, -162.757446289, 62.1251602173, -136.679290771, 188.515411377, -35.1452293396, 150.722915649, 48.3950157166, 96.1782531738, -129.33883667, 39.6055107117, -49.7564697266], [-1568.27612305, 1959.09289551, -320.328186035, -483.915679932, 43.5665054321, -149.177185059, -106.049667358, -97.4016952515, -52.6696548462, -53.8870353699, 14.206741333, -18.7508029938, 60.2204399109], [-162.757446289, -320.328186035, 746.935791016, 342.97543335, 40.8018989563, 214.308120728, 120.980461121, 100.07157135, 3.47296786308, 37.952999115, 13.371301651, 6.86680555344, -33.0567436218], [62.1251602173, -483.915679932, 342.97543335, 578.810180664, 78.1590194702, 231.469421387, 131.602706909, 96.8973007202, 61.3480224609, 39.3548698425, 35.1286239624, -4.86493062973, -6.81475925446], [-136.679290771, 43.5665054321, 40.8018989563, 78.1590194702, 288.906494141, 27.8904361725, 56.0577316284, 12.4467658997, 40.2455749512, 20.3849220276, 14.8896465302, 17.8858795166, 1.86559224129], [188.515411377, -149.177185059, 214.308120728, 231.469421387, 27.8904361725, 318.274475098, 107.426582336, 123.111061096, 33.3042869568, 31.0703639984, 26.7237815857, 1.7728509903, -4.83912086487], [-35.1452293396, -106.049667358, 120.980461121, 131.602706909, 56.0577316284, 107.426582336, 187.191040039, 53.6807594299, 53.1848068237, 6.71146965027, 31.9000988007, 12.2106275558, -4.95520401001], [150.722915649, -97.4016952515, 100.07157135, 96.8973007202, 12.4467658997, 123.111061096, 53.6807594299, 150.165145874, 39.4818840027, 41.4203109741, 14.6463222504, -3.1512606144, -1.30020046234], [48.3950157166, -52.6696548462, 3.47296786308, 61.3480224609, 40.2455749512, 33.3042869568, 53.1848068237, 39.4818840027, 132.924865723, 43.1079483032, 29.3432197571, 20.7155590057, -8.77696895599], [96.1782531738, -53.8870353699, 37.952999115, 39.3548698425, 20.3849220276, 31.0703639984, 6.71146965027, 41.4203109741, 43.1079483032, 102.922302246, 38.5316696167, 17.9899730682, 7.09311771393], [-129.33883667, 14.206741333, 13.371301651, 35.1286239624, 14.8896465302, 26.7237815857, 31.9000988007, 14.6463222504, 29.3432197571, 38.5316696167, 90.2943878174, 36.874130249, 9.22599887848], [39.6055107117, -18.7508029938, 6.86680555344, -4.86493062973, 17.8858795166, 1.7728509903, 12.2106275558, -3.1512606144, 20.7155590057, 17.9899730682, 36.874130249, 74.4344482422, 21.4089832306], [-49.7564697266, 60.2204399109, -33.0567436218, -6.81475925446, 1.86559224129, -4.83912086487, -4.95520401001, -1.30020046234, -8.77696895599, 7.09311771393, 9.22599887848, 21.4089832306, 74.1890411377]],
        "icov": [[0.00012206176325, 0.000108023203211, 8.62775195856e-05, 6.7506050982e-05, 2.44434122578e-05, -0.000128847590531, 3.19918981404e-05, -5.46209521417e-05, 1.00543475128e-05, -0.000141165059176, 0.000271639291896, -0.000172644504346, 6.17098339717e-05], [0.000108023203211, 0.000837750383653, 3.51483140548e-05, 0.00080987327965, -0.000324662629282, -0.000380430079531, 0.000234881445067, 0.000163079777849, -0.000168578015291, 0.000309048133204, -0.000529970682692, 0.000694704824127, -0.000699676573277], [8.62775195856e-05, 3.51483140548e-05, 0.00224026408978, -0.0010109563591, 0.000101102392364, -0.000515107181855, -0.000686324725393, -0.000430329469964, 0.0012483705068, -0.000913902069442, 0.000973487156443, -0.00121279631276, 0.0013091370929], [6.7506050982e-05, 0.00080987327965, -0.0010109563591, 0.00392808625475, -0.000745039607864, -0.00174574076664, -0.000193481813767, 0.000505046569742, -0.00116789597087, 0.000421675853431, -0.00127836386673, 0.00205475720577, -0.00141341192648], [2.44434122578e-05, -0.000324662629282, 0.000101102392364, -0.000745039607864, 0.00402240594849, 0.000292719108984, -0.0010638826061, 0.000221410271479, -0.000455035391496, -0.00081161345588, 0.000882152700797, -0.00115898670629, 0.000355819094693], [-0.000128847590531, -0.000380430079531, -0.000515107181855, -0.00174574076664, 0.000292719108984, 0.00653578899801, -0.00159835303202, -0.00369552243501, 0.000837744330056, 0.000189088619663, -0.00041927487473, -0.000377917807782, 0.00032216461841], [3.19918981404e-05, 0.000234881445067, -0.000686324725393, -0.000193481813767, -0.0010638826061, -0.00159835303202, 0.00861021969467, -0.000809687539004, -0.00277595850639, 0.00295676477253, -0.00254853093065, 0.000379016477382, -0.000412932451582], [-5.46209521417e-05, 0.000163079777849, -0.000430329469964, 0.000505046569742, 0.000221410271479, -0.00369552243501, -0.000809687539004, 0.0114027848467, -0.00184004323091, -0.00303894630633, 0.000380337092793, 0.00214119325392, -0.00100754178129], [1.00543475128e-05, -0.000168578015291, 0.0012483705068, -0.00116789597087, -0.000455035391496, 0.000837744330056, -0.00277595850639, -0.00184004323091, 0.0114187113941, -0.00393024738878, 0.000308233109536, -0.00301589258015, 0.0029996081721], [-0.000141165059176, 0.000309048133204, -0.000913902069442, 0.000421675853431, -0.00081161345588, 0.000189088619663, 0.00295676477253, -0.00303894630633, -0.00393024738878, 0.0152461566031, -0.00612898310646, 0.000845273316372, -0.00194141198881], [0.000271639291896, -0.000529970682692, 0.000973487156443, -0.00127836386673, 0.000882152700797, -0.00041927487473, -0.00254853093065, 0.000380337092793, 0.000308233109536, -0.00612898310646, 0.0185223054141, -0.00842073373497, 0.00146466854494], [-0.000172644504346, 0.000694704824127, -0.00121279631276, 0.00205475720577, -0.00115898670629, -0.000377917807782, 0.000379016477382, 0.00214119325392, -0.00301589258015, 0.000845273316372, -0.00842073373497, 0.0209075212479, -0.0063877850771], [6.17098339717e-05, -0.000699676573277, 0.0013091370929, -0.00141341192648, 0.000355819094693, 0.00032216461841, -0.000412932451582, -0.00100754178129, 0.0029996081721, -0.00194141198881, 0.00146466854494, -0.0063877850771, 0.0167104080319]]
    },
    "melbands": {
        "dmean": [0.00176243844908, 0.00321530597284, 0.00136656023096, 0.000510609999765, 0.000227188473218, 0.000263903551968, 0.00014861645468, 0.000143194265547, 4.87406905449e-05, 8.10759447631e-05, 3.95424831368e-05, 3.97774601879e-05, 5.4719603213e-05, 2.86940503429e-05, 1.75487875822e-05, 2.40375447902e-05, 1.13343621706e-05, 1.40458632814e-05, 1.03984502857e-05, 1.68750193552e-05, 1.29154377646e-05, 1.05655717562e-05, 6.09956623521e-06, 6.04926935921e-06, 7.84866824688e-06, 6.1029754761e-06, 1.01156747405e-05, 9.28372810449e-06, 7.89623481978e-06, 9.87036401057e-06, 1.06969064291e-05, 1.19298301797e-05, 1.08940112113e-05, 1.69776285475e-05, 1.26517252284e-05, 1.34060301207e-05, 1.37482065838e-05, 1.49317093019e-05, 1.43237448356e-05, 1.44145988088e-05],
        "dmean2": [0.00262891291641, 0.00514191947877, 0.00219595851377, 0.000857048027683, 0.000388252985431, 0.000398091564421, 0.000257942272583, 0.000198864931008, 7.40228351788e-05, 0.000101537567389, 5.67335700907e-05, 5.60875778319e-05, 7.58883470553e-05, 4.20223368565e-05, 2.84544512397e-05, 3.73795446649e-05, 1.77959063876e-05, 2.32862912526e-05, 1.75688710442e-05, 2.76037098956e-05, 2.20627716772e-05, 1.78837508429e-05, 1.01778714452e-05, 1.02437597889e-05, 1.32825434775e-05, 9.96878407022e-06, 1.69472496054e-05, 1.51418616952e-05, 1.27248085846e-05, 1.65213241416e-05, 1.76464272954e-05, 1.95325865207e-05, 1.79427679541e-05, 2.88866758638e-05, 2.08315450436e-05, 2.09074605664e-05, 2.20534311666e-05, 2.30648056458e-05, 2.25605799642e-05, 2.31481717492e-05],
        "dvar": [7.52185405872e-06, 2.233574196e-05, 2.62782168647e-06, 8.32029343201e-07, 2.99386925917e-07, 2.39077849074e-07, 8.46597885129e-08, 7.17286354757e-08, 5.53048229435e-09, 1.87383655259e-08, 5.26473931117e-09, 4.56812143668e-09, 7.29810567535e-09, 1.85959414534e-09, 8.91863971564e-10, 1.81503367891e-09, 2.9364152776e-10, 4.53155929447e-10, 3.28968047247e-10, 1.287318252e-09, 9.48511713617e-10, 4.28600349656e-10, 1.55975038441e-10, 1.34750391401e-10, 2.01530514499e-10, 1.10396934649e-10, 4.25089324851e-10, 4.03508115809e-10, 2.09819869812e-10, 2.90300894434e-10, 2.87757956352e-10, 4.25109947244e-10, 3.15545256591e-10, 5.80209269518e-10, 3.53088197569e-10, 5.53416146243e-10, 5.6939863935e-10, 6.25246077135e-10, 6.52607579088e-10, 6.3231714309e-10],
        "dvar2": [1.81199848157e-05, 6.0304391809e-05, 7.5781886153e-06, 2.29975535149e-06, 8.19226784188e-07, 5.82552331707e-07, 2.56552766587e-07, 1.35903945875e-07, 1.36022544339e-08, 2.72369078402e-08, 1.12635545335e-08, 8.96571705766e-09, 1.23673347119e-08, 3.76940567648e-09, 2.33574914965e-09, 3.8274854397e-09, 6.53938070361e-10, 1.19518372976e-09, 8.41030467491e-10, 2.97893421042e-09, 2.56597765258e-09, 1.13263309842e-09, 3.94316218566e-10, 3.42699674194e-10, 5.31438892892e-10, 2.65388849785e-10, 1.11110720624e-09, 1.02241559663e-09, 5.03640240623e-10, 6.93767931992e-10, 6.72392086454e-10, 1.02258645995e-09, 8.00289834402e-10, 1.62317448371e-09, 9.18714604392e-10, 1.33124056223e-09, 1.38238898106e-09, 1.44040712691e-09, 1.60121338411e-09, 1.43295553201e-09],
        "max": [0.030629593879, 0.0377878658473, 0.023066399619, 0.0210732389241, 0.0109129026532, 0.0142729217187, 0.00677389698103, 0.00919957179576, 0.00147635862231, 0.00422510225326, 0.00213000993244, 0.00234453519806, 0.00244642142206, 0.00102800619788, 0.000433870998677, 0.000910794420633, 0.000394163886085, 0.000276840524748, 0.000391072157072, 0.000731545966119, 0.000543500063941, 0.000343509833328, 0.000288538023597, 0.000202232025913, 0.000192625913769, 0.000248463125899, 0.00034229454468, 0.000476384360809, 0.00037900955067, 0.000456032663351, 0.000312207266688, 0.000366162421415, 0.000302919506794, 0.000381477206247, 0.000223898969125, 0.000307608454023, 0.000275005964795, 0.000233597020269, 0.000329291273374, 0.000317880534567],
        "mean": [0.00385200581513, 0.00673908693716, 0.0036899712868, 0.00116514973342, 0.000393972004531, 0.000778294575866, 0.000279095867882, 0.000342321989592, 0.00010204280261, 0.000172302301507, 8.54319223436e-05, 8.22047077236e-05, 0.000106918043457, 5.30009274371e-05, 2.56976691162e-05, 3.55326519639e-05, 1.62690266734e-05, 1.97185272555e-05, 1.58261500474e-05, 2.30989699048e-05, 1.29987565742e-05, 1.134107697e-05, 7.45791885493e-06, 6.79505274093e-06, 8.07391552371e-06, 7.53516906116e-06, 1.05932158476e-05, 1.01762116174e-05, 9.05379238247e-06, 1.0870636288e-05, 1.2108473129e-05, 1.31154047267e-05, 1.36660300996e-05, 2.11251626752e-05, 1.80453716894e-05, 1.68555889104e-05, 1.7369437046e-05, 2.00475915335e-05, 1.79487124115e-05, 1.93698233488e-05],
        "median": [0.0024347230792, 0.00499472767115, 0.00282489974052, 0.000609203241765, 0.000183959695278, 0.000302346481476, 0.00015198798792, 0.000124275014969, 5.67204624531e-05, 7.32010666979e-05, 4.19669195253e-05, 3.89712804463e-05, 4.53282882518e-05, 2.55059094343e-05, 1.51501262735e-05, 1.4338609617e-05, 8.23204936751e-06, 9.89919863059e-06, 6.64171784592e-06, 6.91088598614e-06, 4.43941917183e-06, 4.8138317652e-06, 3.66029871657e-06, 2.83152621705e-06, 3.11465055347e-06, 3.71113242181e-06, 3.70478983314e-06, 3.29880163008e-06, 3.43119745594e-06, 3.98014617531e-06, 5.08401535626e-06, 4.0872973841e-06, 5.67522965866e-06, 1.1330770576e-05, 9.60833858699e-06, 6.73639578963e-06, 7.53176755097e-06, 8.84448490979e-06, 6.83755843056e-06, 6.33894615021e-06],
        "min": [1.07577910745e-14, 8.19542238841e-15, 6.72037549714e-15, 5.87110892401e-15, 8.26757180783e-15, 5.8561024648e-15, 6.86421058543e-15, 2.88848501053e-14, 1.7176303511e-14, 1.19109324115e-14, 4.61330802661e-14, 2.24959651872e-14, 4.133253459e-14, 2.45939607655e-14, 2.13760419413e-14, 1.68761980437e-14, 1.46506833493e-14, 6.42489694734e-15, 6.12455007567e-15, 1.4757597542e-14, 1.36757238631e-14, 1.87034107413e-14, 3.16783783179e-14, 5.34042584189e-14, 2.16017220116e-14, 1.43079416316e-14, 1.46175152332e-14, 2.00274062471e-14, 1.54054913493e-14, 2.5021227901e-14, 2.79376927815e-14, 2.1092004689e-14, 1.90505079024e-14, 1.63123434573e-14, 1.24427073191e-14, 2.27999788645e-14, 1.54856037254e-14, 2.39706173612e-14, 2.86036419431e-14, 2.29696090707e-14],
        "var": [1.67102916748e-05, 3.86707943107e-05, 1.06709612737e-05, 1.8743852479e-06, 3.3547678413e-07, 1.57563215453e-06, 1.70455081161e-07, 3.71934589793e-07, 1.65737574775e-08, 1.00424180971e-07, 1.95694536131e-08, 1.81590316117e-08, 2.67414144162e-08, 5.61552626621e-09, 1.11470854769e-09, 3.86182907874e-09, 5.70790525956e-10, 6.3578020626e-10, 7.96605892361e-10, 2.40197972623e-09, 7.31997906733e-10, 3.81218889789e-10, 1.45961145948e-10, 1.45408352026e-10, 2.01708122427e-10, 1.21774451634e-10, 4.16677831128e-10, 4.04441063973e-10, 2.30868754669e-10, 3.06310032894e-10, 3.18712112257e-10, 4.54289217355e-10, 3.92760379775e-10, 6.61715571226e-10, 4.92285934239e-10, 6.56032561608e-10, 6.64122090654e-10, 7.94879939647e-10, 7.33473892733e-10, 9.67480873193e-10]
    },
    "mfcc": {
        "mean": [-606.851928711, 85.1876983643, 56.1104812622, 13.4866437912, 11.222202301, 12.2638950348, 6.60987615585, 6.74487686157, 2.756098032, 0.736589193344, -1.13265478611, -1.40651798248, 3.21804571152],
        "cov": [[5692.29785156, -764.262878418, -75.631111145, -19.699716568, -15.8120298386, 44.9954338074, -51.9157218933, -12.1644830704, 78.3844985962, 77.1857910156, -20.7300453186, 24.2956638336, 10.2200050354], [-764.262878418, 1815.99353027, -351.171936035, -306.93838501, -41.2392349243, -153.586395264, -107.537857056, -106.46206665, -54.120552063, -156.449356079, -16.97605896, -99.9397964478, -17.3501529694], [-75.631111145, -351.171936035, 686.550354004, 145.33821106, 54.9539222717, 138.126068115, 161.69039917, 120.94581604, 61.5015563965, 105.900970459, 55.2964820862, 43.9319801331, 15.8540124893], [-19.699716568, -306.93838501, 145.33821106, 284.671081543, 94.5425338745, 100.867401123, 67.5149459839, 47.0444831848, 36.6561470032, 56.1795272827, 28.9257411957, 39.5477790833, 22.5417709351], [-15.8120298386, -41.2392349243, 54.9539222717, 94.5425338745, 209.152481079, 82.787651062, 66.6055145264, 43.2975845337, 45.6732940674, 40.3255462646, 40.7413711548, 26.5829257965, 15.0917644501], [44.9954338074, -153.586395264, 138.126068115, 100.867401123, 82.787651062, 183.85559082, 90.4939193726, 82.2382278442, 40.3003845215, 63.5018424988, 34.2568511963, 25.5082397461, 20.7659282684], [-51.9157218933, -107.537857056, 161.69039917, 67.5149459839, 66.6055145264, 90.4939193726, 181.808639526, 81.185585022, 50.89270401, 42.7903518677, 36.3486366272, 22.3483905792, 11.7089490891], [-12.1644830704, -106.46206665, 120.94581604, 47.0444831848, 43.2975845337, 82.2382278442, 81.185585022, 152.131744385, 47.4538841248, 61.6875724792, 30.6519966125, 28.0366954803, 6.70586872101], [78.3844985962, -54.120552063, 61.5015563965, 36.6561470032, 45.6732940674, 40.3003845215, 50.89270401, 47.4538841248, 107.473403931, 57.4919204712, 25.8290843964, 18.2238273621, 13.2221670151], [77.1857910156, -156.449356079, 105.900970459, 56.1795272827, 40.3255462646, 63.5018424988, 42.7903518677, 61.6875724792, 57.4919204712, 121.95337677, 50.0615615845, 43.4556808472, 17.6627922058], [-20.7300453186, -16.97605896, 55.2964820862, 28.9257411957, 40.7413711548, 34.2568511963, 36.3486366272, 30.6519966125, 25.8290843964, 50.0615615845, 94.0697555542, 45.5398864746, 12.2482509613], [24.2956638336, -99.9397964478, 43.9319801331, 39.5477790833, 26.5829257965, 25.5082397461, 22.3483905792, 28.0366954803, 18.2238273621, 43.4556808472, 45.5398864746, 91.6044311523, 42.5137519836], [10.2200050354, -17.3501529694, 15.8540124893, 22.5417709351, 15.0917644501, 20.7659282684, 11.7089490891, 6.70586872101, 13.2221670151, 17.6627922058, 12.2482509613, 42.5137519836, 88.3237915039]],
