{
"lowlevel": {
    "average_loudness": 0.957353293896,
    "barkbands_crest": {
        "dmean": 3.1343152523,
        "dmean2": 5.09151744843,
        "dvar": 11.7504091263,
        "dvar2": 29.1417160034,
        "max": 26.4648933411,
        "mean": 15.3851118088,
        "median": 15.0977325439,
        "min": 3.05152225494,
        "var": 24.825006485
    },
    "barkbands_flatness_db": {
        "dmean": 0.0518828816712,
        "dmean2": 0.0704100877047,
        "dvar": 0.00408721156418,
        "dvar2": 0.00685295788571,
        "max": 0.827731966972,
        "mean": 0.307274520397,
        "median": 0.296271413565,
        "min": 0.0428357757628,
        "var": 0.0187796466053
    },
    "barkbands_kurtosis": {
        "dmean": 25.078962326,
        "dmean2": 41.2504081726,
        "dvar": 7669.28076172,
        "dvar2": 21019.4375,
        "max": 2299.89208984,
        "mean": 28.8862266541,
        "median": 10.5482902527,
        "min": -1.89967536926,
        "var": 6742.55517578
    },
    "barkbands_skewness": {
        "dmean": 1.44015407562,
        "dmean2": 2.2026014328,
        "dvar": 5.07701206207,
        "dvar2": 12.1647386551,
        "max": 40.237827301,
        "mean": 3.1242723465,
        "median": 2.51737189293,
        "min": -5.31981086731,
        "var": 8.60374450684
    },
    "barkbands_spread": {
        "dmean": 5.59883546829,
        "dmean2": 8.74627017975,
        "dvar": 122.737449646,
        "dvar2": 274.209442139,
        "max": 112.213485718,
        "mean": 8.69074440002,
        "median": 3.81916236877,
        "min": 0.0460719354451,
        "var": 188.611022949
    },
    "dissonance": {
        "dmean": 0.0398039259017,
        "dmean2": 0.0617347434163,
        "dvar": 0.00171490584034,
        "dvar2": 0.00374501640908,
        "max": 0.500000119209,
        "mean": 0.397207289934,
        "median": 0.419835209846,
        "min": 0.0556943900883,
        "var": 0.00687039364129
    },
    "dynamic_complexity": 3.90388393402,
    "erbbands_crest": {
        "dmean": 2.78335857391,
        "dmean2": 4.21289300919,
        "dvar": 9.19158935547,
        "dvar2": 18.7541847229,
        "max": 33.7459945679,
        "mean": 12.422369957,
        "median": 11.2092323303,
        "min": 2.19417595863,
        "var": 34.3063964844
    },
    "erbbands_flatness_db": {
        "dmean": 0.0357818454504,
        "dmean2": 0.0451816320419,
        "dvar": 0.00228449353017,
        "dvar2": 0.00351910223253,
        "max": 0.610162973404,
        "mean": 0.224321767688,
        "median": 0.211127892137,
        "min": 0.0443999022245,
        "var": 0.0117650143802
    },
    "erbbands_kurtosis": {
        "dmean": 4.23457241058,
        "dmean2": 6.3247294426,
        "dvar": 62.7921714783,
        "dvar2": 128.250106812,
        "max": 257.875427246,
        "mean": 6.2105474472,
        "median": 2.86773300171,
        "min": -1.90446543694,
        "var": 131.287017822
    },
    "erbbands_skewness": {
        "dmean": 0.705459237099,
        "dmean2": 1.02816045284,
        "dvar": 0.653470873833,
        "dvar2": 1.44471001625,
        "max": 11.8095598221,
        "mean": 1.33181834221,
        "median": 1.25613713264,
        "min": -2.85267329216,
        "var": 1.92287862301
    },
    "erbbands_spread": {
        "dmean": 14.515619278,
        "dmean2": 21.0817565918,
        "dvar": 517.927246094,
        "dvar2": 986.250427246,
        "max": 179.920196533,
        "mean": 33.2889709473,
        "median": 19.0896034241,
        "min": 0.324106425047,
        "var": 1200.59301758
    },
    "hfc": {
        "dmean": 9.23247146606,
        "dmean2": 14.2612113953,
        "dvar": 333.663452148,
        "dvar2": 774.587036133,
        "max": 148.428100586,
        "mean": 13.6815662384,
        "median": 7.10636472702,
        "min": 1.22764455513e-16,
        "var": 396.016967773
    },
    "melbands_crest": {
        "dmean": 2.94858932495,
        "dmean2": 4.73502779007,
        "dvar": 11.7412967682,
        "dvar2": 28.5198459625,
        "max": 39.6406097412,
        "mean": 18.3474025726,
        "median": 18.0065841675,
        "min": 2.2093102932,
        "var": 27.5499095917
    },
    "melbands_flatness_db": {
        "dmean": 0.0576792098582,
        "dmean2": 0.074833907187,
        "dvar": 0.00544587057084,
        "dvar2": 0.00906598381698,
        "max": 1,
        "mean": 0.406764954329,
        "median": 0.402241528034,
        "min": 0.00631689699367,
        "var": 0.0273116007447
    },
    "melbands_kurtosis": {
        "dmean": 34.7825241089,
        "dmean2": 55.4027862549,
        "dvar": 7828.85595703,
        "dvar2": 20347.4238281,
        "max": 2626.60009766,
        "mean": 46.7432479858,
        "median": 19.2344779968,
        "min": -1.87458455563,
        "var": 9455.97558594
    },
    "melbands_skewness": {
        "dmean": 1.49517357349,
        "dmean2": 2.22574663162,
        "dvar": 4.71552276611,
        "dvar2": 11.1623487473,
        "max": 43.0583000183,
        "mean": 3.78962898254,
        "median": 3.06884217262,
        "min": -3.97609210014,
        "var": 10.1366796494
    },
    "melbands_spread": {
        "dmean": 4.99398851395,
        "dmean2": 8.11881923676,
        "dvar": 271.049407959,
        "dvar2": 658.316650391,
        "max": 261.024047852,
        "mean": 7.95247554779,
        "median": 3.6951406002,
        "min": 0.198905348778,
        "var": 373.115539551
    },
    "pitch_salience": {
        "dmean": 0.090444855392,
        "dmean2": 0.144810497761,
        "dvar": 0.010171642527,
        "dvar2": 0.024670412764,
        "max": 0.934694051743,
        "mean": 0.46526068449,
        "median": 0.461706787348,
        "min": 0.0261631458998,
        "var": 0.0217110943049
    },
    "silence_rate_20dB": {
        "dmean": 0,
        "dmean2": 0,
        "dvar": 0,
        "dvar2": 0,
        "max": 1,
        "mean": 1,
        "median": 1,
        "min": 1,
        "var": 0
    },
    "silence_rate_30dB": {
        "dmean": 0.0883149728179,
        "dmean2": 0.176645889878,
        "dvar": 0.0805243775249,
        "dvar2": 0.178870007396,
        "max": 1,
        "mean": 0.924424350262,
        "median": 1,
        "min": 0,
        "var": 0.0698714032769
    },
    "silence_rate_60dB": {
        "dmean": 0.0428029634058,
        "dmean2": 0.0856136530638,
        "dvar": 0.0409700013697,
        "dvar2": 0.0855043083429,
        "max": 1,
        "mean": 0.128397285938,
        "median": 0,
        "min": 0,
        "var": 0.111905671656
    },
    "spectral_centroid": {
        "dmean": 226.888183594,
        "dmean2": 357.639404297,
        "dvar": 241358.71875,
        "dvar2": 565437.875,
        "max": 10897.7285156,
        "mean": 578.933227539,
        "median": 367.37878418,
        "min": 74.656211853,
        "var": 435651.8125
    },
    "spectral_complexity": {
        "dmean": 2.90102934837,
        "dmean2": 4.75480890274,
        "dvar": 31.8933982849,
        "dvar2": 72.7225723267,
        "max": 51,
        "mean": 7.52072238922,
        "median": 6,
        "min": 0,
        "var": 39.6938819885
    },
    "spectral_decrease": {
        "dmean": 5.36499555892e-09,
        "dmean2": 8.66600213811e-09,
        "dvar": 8.17835589214e-17,
        "dvar2": 2.01461995474e-16,
        "max": 4.74701467319e-29,
        "mean": -1.29593509257e-08,
        "median": -1.29088437717e-08,
        "min": -6.51874643154e-08,
        "var": 1.14901091321e-16
    },
    "spectral_energy": {
        "dmean": 0.0208690166473,
        "dmean2": 0.0336115658283,
        "dvar": 0.001218539197,
        "dvar2": 0.00300235976465,
        "max": 0.248987093568,
        "mean": 0.0501523166895,
        "median": 0.0499214679003,
        "min": 1.10659212605e-20,
        "var": 0.00171490141656
    },
    "spectral_energyband_high": {
        "dmean": 0.000741783296689,
        "dmean2": 0.0011254826095,
        "dvar": 3.05593357552e-06,
        "dvar2": 6.64052640786e-06,
        "max": 0.0177520755678,
        "mean": 0.000726455124095,
        "median": 1.39500625664e-05,
        "min": 7.6728320424e-21,
        "var": 3.86976580558e-06
    },
    "spectral_energyband_low": {
        "dmean": 0.0134248696268,
        "dmean2": 0.0208611823618,
        "dvar": 0.000699748168699,
        "dvar2": 0.00157790596131,
        "max": 0.20732986927,
        "mean": 0.0337424054742,
        "median": 0.0350114889443,
        "min": 6.56922719754e-23,
        "var": 0.00101042399183
    },
    "spectral_energyband_middle_high": {
        "dmean": 0.000673912873026,
        "dmean2": 0.00118224543985,
        "dvar": 3.68042879018e-06,
        "dvar2": 1.01693003671e-05,
        "max": 0.0156498737633,
        "mean": 0.000698028656188,
        "median": 0.000183426222065,
        "min": 1.3229434165e-21,
        "var": 2.75380466519e-06
    },
    "spectral_energyband_middle_low": {
        "dmean": 0.0103896027431,
        "dmean2": 0.0183228123933,
        "dvar": 0.000453882763395,
        "dvar2": 0.00126188492868,
        "max": 0.161691442132,
        "mean": 0.0164070948958,
        "median": 0.0103019261733,
        "min": 2.58813196587e-22,
        "var": 0.000397559255362
    },
    "spectral_entropy": {
        "dmean": 0.430663794279,
        "dmean2": 0.573331773281,
        "dvar": 0.350345909595,
        "dvar2": 0.616216540337,
        "max": 9.80446243286,
        "mean": 6.40545129776,
        "median": 6.44708871841,
        "min": 3.40114974976,
        "var": 1.41564822197
    },
    "spectral_flux": {
        "dmean": 0.0488291606307,
        "dmean2": 0.0734988376498,
        "dvar": 0.00445013865829,
        "dvar2": 0.00759381474927,
        "max": 0.456938534975,
        "mean": 0.0906155630946,
        "median": 0.0516685508192,
        "min": 7.12741185516e-11,
        "var": 0.008778385818
    },
    "spectral_kurtosis": {
        "dmean": 18.1761646271,
        "dmean2": 26.9330654144,
        "dvar": 2036.90393066,
        "dvar2": 4217.48046875,
        "max": 744.175292969,
        "mean": 39.2209014893,
        "median": 10.691619873,
        "min": -1.34933769703,
        "var": 6902.56103516
    },
    "spectral_rms": {
        "dmean": 0.00135045987554,
        "dmean2": 0.00206712540239,
        "dvar": 3.97211988457e-06,
        "dvar2": 8.66883510753e-06,
        "max": 0.0155857056379,
        "mean": 0.00620560906827,
        "median": 0.00697881588712,
        "min": 3.28572976119e-12,
        "var": 1.0419692444e-05
    },
    "spectral_rolloff": {
        "dmean": 368.623565674,
        "dmean2": 657.895629883,
        "dvar": 1866181.25,
        "dvar2": 4640551,
        "max": 19315.2832031,
        "mean": 592.136474609,
        "median": 258.3984375,
        "min": 21.533203125,
        "var": 2125291.75
    },
    "spectral_skewness": {
        "dmean": 1.00468456745,
        "dmean2": 1.38719475269,
        "dvar": 2.99652647972,
        "dvar2": 5.25252532959,
        "max": 22.4005260468,
        "mean": 3.82529568672,
        "median": 2.77179026604,
        "min": -0.00265361228958,
        "var": 13.9881515503
    },
    "spectral_spread": {
        "dmean": 1092451.875,
        "dmean2": 1515031.5,
        "dvar": 2.55025034035e+12,
        "dvar2": 4.6065516544e+12,
        "max": 41664072,
        "mean": 4276742,
        "median": 3486256,
        "min": 143152.765625,
        "var": 7.97433606963e+12
    },
    "spectral_strongpeak": {
        "dmean": 0.228877618909,
        "dmean2": 0.3880623281,
        "dvar": 0.165095448494,
        "dvar2": 0.415497660637,
        "max": 6.709608078,
        "mean": 0.610101819038,
        "median": 0.558156311512,
        "min": 0,
        "var": 0.297339111567
    },
    "zerocrossingrate": {
        "dmean": 0.0123061956838,
        "dmean2": 0.0146649740636,
        "dvar": 0.000483631709358,
        "dvar2": 0.000626342836767,
        "max": 0.5146484375,
        "mean": 0.0291826408356,
        "median": 0.01513671875,
        "min": 0.00048828125,
        "var": 0.00159187195823
    },
    "barkbands": {
        "dmean": [0.00236786575988, 0.00858135521412, 0.00642573926598, 0.0039687003009, 0.00472204294056, 0.00184614025056, 0.000627809786238, 0.00041535316268, 0.00028440906317, 0.00012574311404, 0.00010733291856, 0.000181962896022, 7.44563658372e-05, 5.37953601452e-05, 3.68244363926e-05, 3.27385496348e-05, 2.93995926768e-05, 4.40418916696e-05, 4.73849286209e-05, 6.36725599179e-05, 0.000126812155941, 0.000172057843884, 0.000141920827446, 0.00014124714653, 0.000122353085317, 2.92079603241e-05, 1.36038333949e-05],
        "dmean2": [0.00432281568646, 0.013551085256, 0.0117231393233, 0.0071232044138, 0.00855856668204, 0.00298502622172, 0.000956228293944, 0.000709880434442, 0.000475876586279, 0.000221385038458, 0.000191416678717, 0.000323659216519, 0.000131561828312, 9.26786160562e-05, 6.50970687275e-05, 5.78764811507e-05, 5.13079030497e-05, 7.85680676927e-05, 7.8993725765e-05, 0.000105112070742, 0.000205482108868, 0.000265349750407, 0.000209236401133, 0.000216393062146, 0.000192375242477, 4.73445288662e-05, 2.26939118875e-05],
        "dvar": [0.000107016036054, 0.000288091920083, 0.000325506611262, 8.68357819854e-05, 0.00012964704365, 1.36181570269e-05, 2.63408242063e-06, 8.4752349494e-07, 4.14612458144e-07, 1.72714536006e-07, 1.37750120643e-07, 2.84756737301e-07, 3.27035820646e-08, 2.43892248619e-08, 9.14900333271e-09, 1.14640261728e-08, 5.50299628088e-09, 2.79987020235e-08, 2.11573816244e-08, 4.34236291369e-08, 1.4725256392e-07, 1.90309947357e-07, 1.23070975633e-07, 1.15820675717e-07, 9.19499285601e-08, 5.07419972706e-09, 1.38348743572e-09],
        "dvar2": [0.000344304513419, 0.000695323280524, 0.00092559074983, 0.000243673988734, 0.000362195511116, 3.36879238603e-05, 5.08740504301e-06, 2.14233773477e-06, 1.03572335775e-06, 4.84874760787e-07, 3.86210331271e-07, 7.59811541684e-07, 8.90036062628e-08, 6.11400281514e-08, 2.46011193639e-08, 3.18142845401e-08, 1.45126399786e-08, 7.91332084304e-08, 5.4421967377e-08, 1.1517146703e-07, 3.72217584754e-07, 4.2791353394e-07, 2.57725048414e-07, 2.56776246488e-07, 2.07252313089e-07, 1.19735457105e-08, 3.41747874444e-09],
        "max": [0.160535469651, 0.139953017235, 0.138695895672, 0.0775850117207, 0.102881118655, 0.0667425841093, 0.0612874440849, 0.0234759207815, 0.0199948903173, 0.00594891654328, 0.00507276784629, 0.00755120627582, 0.0037870365195, 0.00338052306324, 0.000902897794731, 0.00110442726873, 0.000844131980557, 0.00159881659783, 0.00191692984663, 0.00189937255345, 0.0035996499937, 0.00342383561656, 0.00896185915917, 0.00819617975503, 0.00970997847617, 0.000459350616438, 0.000280334119452],
        "mean": [0.00223742658272, 0.0223114266992, 0.00778961135074, 0.00475634820759, 0.00520937470719, 0.00410443916917, 0.00132035301067, 0.000576649385039, 0.000401182071073, 0.000117236580991, 8.93691540114e-05, 0.00018874766829, 8.10456040199e-05, 5.69965777686e-05, 3.30272632709e-05, 2.63090623775e-05, 2.5694784199e-05, 3.3339674701e-05, 4.02903096983e-05, 5.65465561522e-05, 0.000111405897769, 0.000157895890879, 0.000137594077387, 0.000141906697536, 0.000111993766041, 2.56036964856e-05, 1.06323432192e-05],
        "median": [0.000111530418508, 0.0225487574935, 0.00343158934265, 0.00140234176069, 0.00157641340047, 0.000979918870144, 0.000221299225814, 0.000134076748509, 7.64067590353e-05, 1.79067428689e-05, 1.357952533e-05, 2.13324856304e-05, 1.00479674074e-05, 9.26521624933e-06, 6.63288665237e-06, 4.45318846687e-06, 4.79550362797e-06, 4.48108130513e-06, 4.45814566774e-06, 2.38802840613e-06, 1.77260403689e-06, 2.26729548558e-06, 1.89870479517e-06, 1.66736731444e-06, 1.24006930946e-06, 3.47506954768e-07, 3.8963893445e-08],
        "min": [8.59441394816e-24, 2.4595524977e-23, 7.26381307147e-24, 1.56602994519e-23, 1.420105035e-23, 1.50494986525e-23, 3.39582436929e-23, 4.23120755754e-23, 5.52701698618e-23, 1.03064267059e-22, 4.15889425608e-23, 5.91076310669e-23, 5.3891209445e-23, 4.02048356154e-23, 1.00660304959e-22, 1.13448585891e-22, 1.79991830524e-22, 1.05749587446e-22, 2.84880947427e-22, 1.67992486227e-22, 3.95317813844e-22, 5.04696394957e-22, 4.90000156106e-22, 6.69253082708e-22, 1.24138463999e-21, 1.32968839181e-21, 2.35383230005e-21],
        "var": [9.58135788096e-05, 0.000467266974738, 0.000225645286264, 6.70732842991e-05, 9.80904005701e-05, 5.59270411031e-05, 8.92654134077e-06, 1.34927847739e-06, 1.08466531401e-06, 1.26274258605e-07, 8.90267344289e-08, 3.01523925827e-07, 4.18911270117e-08, 3.49381927833e-08, 7.06731650979e-09, 7.63395391346e-09, 4.24014823253e-09, 1.72959406797e-08, 1.73915886137e-08, 3.68824366603e-08, 1.33071438313e-07, 2.1003459949e-07, 1.55612198682e-07, 1.70306833525e-07, 1.29772189439e-07, 5.14117548533e-09, 1.16409870632e-09]
    },
    "erbbands": {
        "dmean": [0.179141759872, 2.20803523064, 6.3383102417, 11.8745079041, 15.3642911911, 14.9752216339, 13.3314962387, 16.2161388397, 10.9871311188, 7.60784482956, 9.74827480316, 6.25822925568, 4.61122226715, 4.14950990677, 5.71578884125, 6.45910596848, 3.44281363487, 3.21406888962, 1.94046938419, 1.8892210722, 1.89986360073, 1.63711500168, 2.24406290054, 2.35291242599, 2.72464489937, 3.05936264992, 4.16068983078, 5.27509737015, 6.01892471313, 6.06638145447, 3.64356827736, 2.90569925308, 2.34762144089, 1.74954819679, 0.6348092556, 0.15696965158, 0.0516738705337, 0.0137161565945, 0.0022493689321, 0.000173262204044],
        "dmean2": [0.283240646124, 3.46545886993, 10.9814472198, 21.5714454651, 27.9150600433, 26.9773597717, 24.6275672913, 24.5993175507, 16.3587322235, 12.3956918716, 16.5156440735, 10.5481290817, 7.94117021561, 7.39007759094, 10.2507333755, 11.4883155823, 6.04511451721, 5.5213136673, 3.43214058876, 3.34789085388, 3.38184833527, 2.85082387924, 3.97327756882, 4.04262495041, 4.52942085266, 5.09634017944, 6.83581066132, 8.23361873627, 9.22744178772, 9.3402967453, 5.42495298386, 4.37314176559, 3.61641454697, 2.75173664093, 1.00547242165, 0.250433683395, 0.0844284668565, 0.0227284710854, 0.00373410643078, 0.000286137015792],
        "dvar": [0.116126000881, 19.2584762573, 257.857849121, 933.473571777, 1299.60241699, 1231.4597168, 1030.71911621, 1127.75109863, 685.238037109, 306.109008789, 469.758270264, 232.903961182, 164.702224731, 237.920761108, 348.909240723, 382.128417969, 67.01953125, 70.2074508667, 32.9876861572, 27.6444721222, 40.3642692566, 16.7828407288, 68.263420105, 61.082485199, 85.1652526855, 106.008407593, 178.263839722, 232.379425049, 229.010696411, 244.885925293, 83.7084884644, 51.4848670959, 31.4408798218, 19.6164226532, 2.36963844299, 0.136399149895, 0.0170640144497, 0.00134056457318, 3.69846056856e-05, 1.96552292664e-07],
        "dvar2": [0.278047174215, 46.3929100037, 704.180297852, 2629.75073242, 3634.61645508, 3444.90209961, 2943.66772461, 2404.02050781, 1256.73364258, 737.956115723, 1157.82922363, 586.447387695, 452.635498047, 676.488647461, 981.317260742, 1024.88977051, 179.491210938, 164.594421387, 91.3412322998, 75.1472396851, 113.208602905, 44.0732421875, 191.793106079, 164.749008179, 226.037002563, 282.5284729, 465.282318115, 561.19543457, 506.294891357, 551.34387207, 174.966888428, 107.393165588, 71.2505493164, 44.5262947083, 5.52557659149, 0.311520963907, 0.04144705832, 0.00334278680384, 9.09565278562e-05, 4.82366203869e-07],
        "max": [3.27331876755, 36.0616264343, 134.113967896, 224.011871338, 382.24307251, 363.300354004, 273.77645874, 764.524536133, 964.690734863, 306.028137207, 489.085449219, 564.34777832, 253.689819336, 216.697143555, 197.94984436, 388.236083984, 150.806793213, 222.054260254, 62.4187698364, 45.1935043335, 69.1452102661, 44.0878219604, 79.6495742798, 79.3474349976, 151.758483887, 98.323059082, 116.952407837, 167.410675049, 128.42880249, 136.167907715, 315.94708252, 217.242797852, 166.016525269, 160.678817749, 30.3412036896, 3.01849794388, 0.98509991169, 0.29673871398, 0.0463961064816, 0.00388669315726],
        "mean": [0.48843601346, 5.51615810394, 9.89025497437, 13.6966381073, 16.9778575897, 16.8331298828, 14.3055696487, 42.1922874451, 28.2072601318, 15.4062108994, 14.1505403519, 8.91519260406, 5.41045093536, 3.76546406746, 5.05189704895, 6.77609825134, 3.96484827995, 3.65409255028, 1.73757779598, 1.58349239826, 1.52988266945, 1.4584249258, 1.79524517059, 1.85870110989, 2.36039710045, 2.65227770805, 3.58544826508, 4.89093923569, 5.61999559402, 5.53467178345, 3.56530928612, 2.87962222099, 2.3736717701, 1.61571109295, 0.569122850895, 0.14227463305, 0.0437481105328, 0.0110918041319, 0.00180737685878, 0.000172140309587],
        "median": [0.273762762547, 5.46796798706, 7.50606632233, 6.93582963943, 5.6993188858, 5.21732473373, 4.2269525528, 8.63845062256, 6.53153657913, 3.97311997414, 3.485257864, 1.95409917831, 1.17367017269, 0.80355322361, 0.954292714596, 0.800197839737, 0.536129951477, 0.654376387596, 0.374490499496, 0.282798558474, 0.276395380497, 0.317260891199, 0.265876144171, 0.222324341536, 0.231901928782, 0.126528471708, 0.08408305794, 0.0525563657284, 0.0762054398656, 0.0870122462511, 0.0495991930366, 0.0325230248272, 0.0277790427208, 0.0150773758069, 0.0073643126525, 0.00228730100207, 0.000524405098986, 7.7369833889e-05, 3.13896453008e-05, 5.90151903452e-05],
        "min": [1.24433207677e-21, 2.64930279006e-21, 6.47299888985e-21, 4.85770700451e-20, 4.90075173875e-20, 4.72563727996e-20, 1.17223112101e-19, 1.05093923673e-19, 3.91976051021e-19, 7.71337597701e-19, 1.38074197599e-18, 9.25628960722e-19, 2.46022890879e-18, 4.04993583606e-18, 2.02362705826e-18, 1.71206389707e-18, 1.54755256249e-18, 3.35579729887e-18, 3.04317059021e-18, 6.20260844655e-18, 6.3929170629e-18, 1.05859340518e-17, 7.33057302294e-18, 9.89736905761e-18, 8.62336946639e-18, 8.87584318732e-18, 1.15362363627e-17, 2.02962957709e-17, 1.7999737988e-17, 1.54237403962e-17, 1.39462370035e-17, 1.55741168685e-17, 1.23635079651e-17, 1.19613401959e-17, 1.00331639901e-17, 5.01786702011e-18, 2.50063585453e-18, 1.48497066228e-18, 3.17417945563e-19, 3.25355725817e-20],
        "var": [0.303621560335, 29.0212745667, 214.628234863, 621.009094238, 965.686950684, 1010.62963867, 767.953430176, 7016.32275391, 3099.33398438, 970.77130127, 826.102600098, 648.465515137, 176.007049561, 152.36491394, 235.598129272, 392.944976807, 96.9079818726, 133.806045532, 23.6351947784, 19.9375915527, 26.1476135254, 13.062541008, 43.1895332336, 43.9214706421, 66.7162857056, 84.4812698364, 147.82434082, 237.559768677, 266.295135498, 267.397796631, 105.180992126, 72.2406463623, 52.1058959961, 29.440990448, 2.81466889381, 0.152683570981, 0.0158135443926, 0.00115598679986, 3.22055020661e-05, 1.6616644416e-07]
    },
    "gfcc": {
        "mean": [-119.771102905, 132.53553772, -48.9898300171, 28.0192661285, -56.2420082092, 6.89530754089, -31.224023819, -2.05243802071, -15.5057840347, -1.22137832642, -4.48904323578, -3.22986340523, -9.51289176941],
        "cov": [[19008.5957031, -2906.17089844, -1058.71081543, 1734.51989746, -474.863647461, 1120.89404297, -445.612823486, 577.871520996, -47.7729530334, 319.590087891, -164.123199463, 162.511535645, -235.86114502], [-2906.17089844, 4479.42236328, 1173.59765625, -809.521240234, 879.564086914, -374.715667725, 543.676574707, -222.634994507, 448.306945801, -109.993873596, 396.324462891, -209.037475586, 169.901275635], [-1058.71081543, 1173.59765625, 2211.86791992, 521.403381348, 577.617126465, 65.430267334, 422.476196289, -77.6904602051, 241.73097229, 16.8365516663, 110.987472534, -42.9387512207, 137.812576294], [1734.51989746, -809.521240234, 521.403381348, 1461.43591309, 380.854034424, 332.127288818, 149.064651489, 121.65058136, 89.0927658081, 41.288974762, -74.0178222656, 43.827796936, 82.9232940674], [-474.863647461, 879.564086914, 577.617126465, 380.854034424, 732.829162598, 185.090560913, 297.802429199, -15.4222688675, 169.64012146, -13.0781888962, 76.7900924683, -52.3256797791, 68.2312850952], [1120.89404297, -374.715667725, 65.430267334, 332.127288818, 185.090560913, 431.168182373, 149.026779175, 122.346237183, -11.611831665, 28.5486717224, -6.40763187408, 4.09856414795, -17.4770488739], [-445.612823486, 543.676574707, 422.476196289, 149.064651489, 297.802429199, 149.026779175, 348.24041748, 26.308555603, 80.0268554688, 1.52821993828, 62.7432289124, -35.0603485107, 60.9809417725], [577.871520996, -222.634994507, -77.6904602051, 121.65058136, -15.4222688675, 122.346237183, 26.308555603, 240.735748291, 51.7623023987, 1.53733181953, -12.5640983582, 3.7848906517, -49.1252861023], [-47.7729530334, 448.306945801, 241.73097229, 89.0927658081, 169.64012146, -11.611831665, 80.0268554688, 51.7623023987, 216.881973267, 57.882019043, 59.4356384277, -1.51136493683, 45.52602005], [319.590087891, -109.993873596, 16.8365516663, 41.288974762, -13.0781888962, 28.5486717224, 1.52821993828, 1.53733181953, 57.882019043, 125.564331055, 47.1651153564, 41.0695114136, 20.8043327332], [-164.123199463, 396.324462891, 110.987472534, -74.0178222656, 76.7900924683, -6.40763187408, 62.7432289124, -12.5640983582, 59.4356384277, 47.1651153564, 136.738342285, 24.3882255554, 29.3373394012], [162.511535645, -209.037475586, -42.9387512207, 43.827796936, -52.3256797791, 4.09856414795, -35.0603485107, 3.7848906517, -1.51136493683, 41.0695114136, 24.3882255554, 105.10798645, 41.1997680664], [-235.86114502, 169.901275635, 137.812576294, 82.9232940674, 68.2312850952, -17.4770488739, 60.9809417725, -49.1252861023, 45.52602005, 20.8043327332, 29.3373394012, 41.1997680664, 113.333961487]],
        "icov": [[9.27143337321e-05, -9.74664581008e-05, 3.72599570255e-05, -0.000170130471815, 0.000196438704734, -0.00033547077328, 0.000225416981266, -1.56231835717e-05, -3.0342437185e-06, -0.00021522064344, 9.32562397793e-05, -6.48335044389e-05, 0.000160333482199], [-9.74664581008e-05, 0.00128204282373, -0.000182497606147, 0.000900963903405, -0.00107646593824, 0.0011209648801, -0.000855053891428, 0.000326246779878, -0.00139123667032, 0.00188139709644, -0.0022364447359, 0.00148511468433, -0.000887110189069], [3.72599570255e-05, -0.000182497606147, 0.000764959375374, -0.000405508908443, 0.000129442836624, -3.69649242202e-05, -0.00056526233675, 0.000451022962807, -0.000399243406719, -4.1770243115e-05, 0.000112563968287, -0.000233534316067, 0.00035746418871], [-0.000170130471815, 0.000900963903405, -0.000405508908443, 0.00196710857563, -0.0015284846304, 0.000523010501638, -0.000319184327964, -0.000470749684609, -0.000588149705436, 0.00079317134805, -0.000183940937859, 0.000615363940597, -0.00176777702291], [0.000196438704734, -0.00107646593824, 0.000129442836624, -0.0015284846304, 0.00458030356094, -0.00260304356925, -0.000512496102601, 0.00177921145223, -0.00186941656284, 0.000733544817194, 0.000459737086203, -0.000658184580971, 0.00160810013767], [-0.00033547077328, 0.0011209648801, -3.69649242202e-05, 0.000523010501638, -0.00260304356925, 0.00658141449094, -0.00296071800403, -0.00210575386882, 0.00192095246166, -0.000708213774487, -0.00109706353396, 0.000624675361905, -3.87355248677e-05], [0.000225416981266, -0.000855053891428, -0.00056526233675, -0.000319184327964, -0.000512496102601, -0.00296071800403, 0.00776290986687, -0.00190567120444, 0.00170839938801, -0.00141431437805, -0.000461526768049, 0.00250487471931, -0.00369691173546], [-1.56231835717e-05, 0.000326246779878, 0.000451022962807, -0.000470749684609, 0.00177921145223, -0.00210575386882, -0.00190567120444, 0.00859972089529, -0.00585534702986, 0.00381064019166, -0.000486679258756, -0.00246389652602, 0.00530574098229], [-3.0342437185e-06, -0.00139123667032, -0.000399243406719, -0.000588149705436, -0.00186941656284, 0.00192095246166, 0.00170839938801, -0.00585534702986, 0.0130280423909, -0.00798312388361, 0.00147418770939, 0.00152777961921, -0.00374534795992], [-0.00021522064344, 0.00188139709644, -4.1770243115e-05, 0.00079317134805, 0.000733544817194, -0.000708213774487, -0.00141431437805, 0.00381064019166, -0.00798312388361, 0.0168659612536, -0.00684473291039, -0.0018487876514, 0.000618681136984], [9.32562397793e-05, -0.0022364447359, 0.000112563968287, -0.000183940937859, 0.000459737086203, -0.00109706353396, -0.000461526768049, -0.000486679258756, 0.00147418770939, -0.00684473291039, 0.0159762054682, -0.00608031870797, 0.00187498412561], [-6.48335044389e-05, 0.00148511468433, -0.000233534316067, 0.000615363940597, -0.000658184580971, 0.000624675361905, 0.00250487471931, -0.00246389652602, 0.00152777961921, -0.0018487876514, -0.00608031870797, 0.0188668277115, -0.0100097190589], [0.000160333482199, -0.000887110189069, 0.00035746418871, -0.00176777702291, 0.00160810013767, -3.87355248677e-05, -0.00369691173546, 0.00530574098229, -0.00374534795992, 0.000618681136984, 0.00187498412561, -0.0100097190589, 0.0192050337791]]
    },
    "melbands": {
        "dmean": [0.00210276478902, 0.00300106685609, 0.00210733269341, 0.0011350606801, 0.000492976396345, 0.000352006347384, 0.000164480588865, 8.09484699857e-05, 7.83290233812e-05, 3.79196280846e-05, 2.28321132454e-05, 1.6696536477e-05, 1.65094352269e-05, 2.26733154705e-05, 1.01130735857e-05, 7.53047561375e-06, 5.71029886487e-06, 3.10420114147e-06, 2.83208282781e-06, 2.2123731469e-06, 2.26807651416e-06, 1.66481811448e-06, 1.81551433798e-06, 2.18123273044e-06, 1.87085026937e-06, 1.92501556739e-06, 2.15080740418e-06, 1.89802585737e-06, 2.49341883318e-06, 3.02241505779e-06, 3.03625051856e-06, 3.12147426484e-06, 3.87172531191e-06, 3.32573722517e-06, 2.33451305576e-06, 1.46626223341e-06, 1.99502437681e-06, 1.56090891323e-06, 1.7440368083e-06, 1.42268299896e-06],
        "dmean2": [0.00332177733071, 0.0048092296347, 0.00382955232635, 0.00205338024534, 0.000908677408006, 0.000541338173207, 0.000245324074058, 0.000133924360853, 0.000132660381496, 6.40396610834e-05, 3.93400005123e-05, 2.96937014355e-05, 2.93545363093e-05, 4.04765232815e-05, 1.7770611521e-05, 1.31675360535e-05, 9.85365295492e-06, 5.52212395633e-06, 5.03744649905e-06, 3.90762761526e-06, 4.0582008296e-06, 2.92920026368e-06, 3.12540191771e-06, 3.91906542063e-06, 3.21507582157e-06, 3.21188190355e-06, 3.69915028386e-06, 3.12222755383e-06, 4.12555345974e-06, 4.95903532283e-06, 4.72523515782e-06, 4.73447198601e-06, 6.15753197053e-06, 5.11751022714e-06, 3.50689492734e-06, 2.16238026951e-06, 3.08153698825e-06, 2.39590326601e-06, 2.71904332294e-06, 2.25483927352e-06],
        "dvar": [1.5995814465e-05, 4.23534002039e-05, 2.54282458627e-05, 7.23174662198e-06, 1.39585608849e-06, 5.13829263582e-07, 1.54986963707e-07, 3.16207398043e-08, 3.03937248702e-08, 8.72776073635e-09, 4.14645917601e-09, 3.84587384161e-09, 2.85972934222e-09, 4.57622961747e-09, 9.02966590388e-10, 3.57510743232e-10, 2.23655677312e-10, 1.08714356961e-10, 5.37545979951e-11, 4.27059151931e-11, 6.36060926151e-11, 1.7331851232e-11, 3.28492892609e-11, 7.21683199312e-11, 3.85544929316e-11, 3.9776827665e-11, 5.86187279272e-11, 3.7517811774e-11, 6.92974913563e-11, 7.80159478686e-11, 8.65185353915e-11, 5.99498575782e-11, 1.00865170383e-10, 7.91146523293e-11, 3.55340722125e-11, 1.62291569072e-11, 2.65983138292e-11, 1.48864375688e-11, 1.93020460726e-11, 1.29636761395e-11],
        "dvar2": [3.84840313927e-05, 0.000105412640551, 7.15226633474e-05, 2.02086030185e-05, 3.97755547965e-06, 1.14023680453e-06, 2.87822047085e-07, 7.85777203305e-08, 7.4669273431e-08, 2.24251461844e-08, 1.14015152874e-08, 1.09283684324e-08, 8.00664157197e-09, 1.2268954741e-08, 2.27253194041e-09, 9.40100775004e-10, 5.30766208762e-10, 3.04791414329e-10, 1.45675388419e-10, 1.16427770203e-10, 1.79929265931e-10, 4.59181789814e-11, 9.00399824144e-11, 2.04332856191e-10, 1.03803729501e-10, 1.03763303505e-10, 1.61039626079e-10, 9.83641640362e-11, 1.82898127199e-10, 1.96566013466e-10, 2.14777973184e-10, 1.32087674132e-10, 2.30390928557e-10, 1.83245238428e-10, 7.82182582593e-11, 3.15822160091e-11, 5.9527112406e-11, 3.51036769097e-11, 4.24849912195e-11, 3.02306409072e-11],
        "max": [0.0353159569204, 0.0532558895648, 0.0340598002076, 0.0226409789175, 0.00978537090123, 0.0155732640997, 0.0144810425118, 0.00282496237196, 0.00357597391121, 0.00306548550725, 0.00123403174803, 0.000841462402605, 0.000599957886152, 0.000914923613891, 0.000989541877061, 0.000436203525169, 0.00037317731767, 0.000125412887428, 6.58671124256e-05, 5.96133249928e-05, 8.94630866242e-05, 4.07810548495e-05, 7.37694790587e-05, 8.07706528576e-05, 6.77692733007e-05, 9.24485721043e-05, 9.24000123632e-05, 5.96130485064e-05, 7.02221223037e-05, 7.15385976946e-05, 0.000122343728435, 5.9277179389e-05, 8.47361370688e-05, 8.47173869261e-05, 0.000201200964511, 0.000206619050005, 0.000144456178532, 0.000109100968984, 0.000171412393684, 0.000126287151943],
        "mean": [0.00563949998468, 0.00620205234736, 0.0024763699621, 0.00127180968411, 0.000527395983227, 0.000888527720235, 0.000425981183071, 0.000149996660184, 0.000110723711259, 5.21740184922e-05, 2.61492568825e-05, 1.48458648255e-05, 1.46263537317e-05, 2.17609194806e-05, 1.21803541333e-05, 8.3221893874e-06, 6.29127089269e-06, 2.59792795987e-06, 2.48031119554e-06, 1.7478648715e-06, 1.7930942704e-06, 1.39993665016e-06, 1.66660367995e-06, 1.59575927228e-06, 1.46042737015e-06, 1.65368044236e-06, 1.77536139745e-06, 1.69066538547e-06, 2.11549172491e-06, 2.66261213255e-06, 2.77213325717e-06, 2.95177437692e-06, 3.43952910953e-06, 3.01264344671e-06, 2.23748293138e-06, 1.45636079196e-06, 1.90982132153e-06, 1.58862712851e-06, 1.67524854078e-06, 1.27103191971e-06],
        "median": [0.00494077429175, 0.0059419516474, 0.0012955844868, 0.000409067113651, 0.000162165044458, 0.000180136688869, 0.000104207851109, 3.73557995772e-05, 2.13825587707e-05, 1.06168045022e-05, 5.05041043652e-06, 2.70929103863e-06, 2.52488325714e-06, 2.4551311526e-06, 9.44091027577e-07, 1.25233327708e-06, 1.00890338217e-06, 4.12190473753e-07, 4.54452219856e-07, 2.06325083241e-07, 2.93875700663e-07, 2.37546871062e-07, 3.07047628212e-07, 1.89243479554e-07, 1.50299598545e-07, 1.87732226209e-07, 1.27364799596e-07, 6.40768718085e-08, 5.01013381893e-08, 3.73335069526e-08, 2.43192701532e-08, 3.48792177363e-08, 4.82250293032e-08, 4.57254820674e-08, 2.78544707299e-08, 1.95505371892e-08, 1.88851210225e-08, 2.06442507533e-08, 1.48773873221e-08, 1.13056470852e-08],
        "min": [1.13768249685e-23, 3.11788831977e-24, 8.76599513935e-24, 3.59390395049e-24, 3.7940490062e-24, 2.19119250959e-24, 7.24697089115e-24, 1.22352586724e-23, 1.41678172177e-23, 6.21599713563e-24, 1.31316689291e-23, 1.70033556535e-23, 6.06751655276e-24, 7.86552619326e-24, 1.9998499583e-24, 5.72848898481e-24, 5.87124993169e-24, 3.04819660031e-24, 8.9672027907e-24, 7.34667344324e-24, 6.9629218007e-24, 1.05669574862e-23, 8.78298956984e-24, 4.75520738831e-24, 7.70066925243e-24, 9.0312038648e-24, 2.53554311371e-24, 7.21220026903e-24, 5.7992703184e-24, 9.20872517861e-24, 9.86502116415e-24, 9.79893118637e-24, 1.05100301279e-23, 7.76967407125e-24, 7.99389831723e-24, 8.01812975766e-24, 9.33451457197e-24, 8.39052574746e-24, 1.01325601847e-23, 9.79703870906e-24],
        "var": [3.08649468934e-05, 4.67311620014e-05, 1.72639884113e-05, 5.58043166166e-06, 1.04860998817e-06, 2.95375730275e-06, 6.75841420161e-07, 8.48871124504e-08, 5.36099271642e-08, 2.1188078847e-08, 4.43390746341e-09, 2.49895171223e-09, 1.91106042102e-09, 4.30072377711e-09, 1.80990544774e-09, 5.20123499825e-10, 4.05217304156e-10, 7.34670588254e-11, 3.9987322481e-11, 2.98964568379e-11, 4.00939073608e-11, 1.30249457053e-11, 2.33222746671e-11, 4.41235312176e-11, 2.78142318205e-11, 3.15830590847e-11, 4.29789363821e-11, 3.23347529307e-11, 5.63028443312e-11, 7.24230675431e-11, 8.31318971994e-11, 7.06790320715e-11, 1.0693882585e-10, 8.28232551986e-11, 4.1163645409e-11, 2.41223638286e-11, 3.18898969731e-11, 2.36827883693e-11, 3.27746718654e-11, 1.75885001008e-11]
    },
    "mfcc": {
        "mean": [-777.584350586, 158.379150391, 59.8371162415, 31.3607559204, 8.36519432068, 7.51377344131, -0.146103143692, 1.74208664894, -6.51920366287, -0.70328772068, 3.81885361671, 2.18971776962, 2.51021432877],
        "cov": [[15981.7763672, -2211.24267578, -688.418212891, -100.518028259, 29.5644359589, 371.127655029, -17.7289524078, 228.015823364, 56.3850402832, 111.707832336, 154.390213013, 50.7222595215, 55.8182067871], [-2211.24267578, 4158.88671875, 418.839538574, 63.0925941467, 126.472007751, -87.8749160767, 105.67111969, 52.0703659058, -56.2104034424, 120.932785034, 138.351593018, 156.88671875, 98.557182312], [-688.418212891, 418.839538574, 1449.41552734, 620.514587402, 277.844177246, 286.444366455, 183.022567749, 81.4264678955, 197.175613403, 41.888507843, 57.2086410522, 88.6893005371, 95.8802947998], [-100.518028259, 63.0925941467, 620.514587402, 961.851196289, 455.333709717, 388.427429199, 134.96635437, 117.803512573, 239.171615601, 80.0287704468, 25.6384716034, 48.5814971924, 111.280578613], [29.5644359589, 126.472007751, 277.844177246, 455.333709717, 470.963745117, 287.869781494, 136.124954224, 150.308914185, 139.952316284, 101.966400146, 50.6573791504, 48.3744316101, 60.6825294495], [371.127655029, -87.8749160767, 286.444366455, 388.427429199, 287.869781494, 465.799530029, 251.380310059, 102.842178345, 166.469512939, 36.9400100708, 47.043800354, 64.0069961548, 58.6904411316], [-17.7289524078, 105.67111969, 183.022567749, 134.96635437, 136.124954224, 251.380310059, 336.070098877, 156.885864258, 96.0344390869, 40.8653030396, 59.2261428833, 55.729095459, 10.2638254166], [228.015823364, 52.0703659058, 81.4264678955, 117.803512573, 150.308914185, 102.842178345, 156.885864258, 224.594055176, 110.991615295, 77.3257217407, 60.4962844849, 19.1505298615, 13.5778894424], [56.3850402832, -56.2104034424, 197.175613403, 239.171615601, 139.952316284, 166.469512939, 96.0344390869, 110.991615295, 187.606781006, 81.4136734009, 36.6868362427, 27.8949375153, 32.5039482117], [111.707832336, 120.932785034, 41.888507843, 80.0287704468, 101.966400146, 36.9400100708, 40.8653030396, 77.3257217407, 81.4136734009, 134.149353027, 72.2576904297, 41.0148277283, 20.2662620544], [154.390213013, 138.351593018, 57.2086410522, 25.6384716034, 50.6573791504, 47.043800354, 59.2261428833, 60.4962844849, 36.6868362427, 72.2576904297, 113.471382141, 58.127166748, 16.4396381378], [50.7222595215, 156.88671875, 88.6893005371, 48.5814971924, 48.3744316101, 64.0069961548, 55.729095459, 19.1505298615, 27.8949375153, 41.0148277283, 58.127166748, 102.102737427, 53.9382514954], [55.8182067871, 98.557182312, 95.8802947998, 111.280578613, 60.6825294495, 58.6904411316, 10.2638254166, 13.5778894424, 32.5039482117, 20.2662620544, 16.4396381378, 53.9382514954, 94.4790039062]],
