{
"lowlevel": {
    "average_loudness": 0.596533298492,
    "barkbands_crest": {
        "dmean": 3.01493000984,
        "dmean2": 4.84227514267,
        "dvar": 6.95632505417,
        "dvar2": 17.0310974121,
        "max": 26.6524085999,
        "mean": 15.0954751968,
        "median": 14.4366674423,
        "min": 4.04035711288,
        "var": 23.3319950104
    },
    "barkbands_flatness_db": {
        "dmean": 0.0288439374417,
        "dmean2": 0.046158503741,
        "dvar": 0.00053007871611,
        "dvar2": 0.00141630508006,
        "max": 0.579653203487,
        "mean": 0.386346012354,
        "median": 0.391565293074,
        "min": 0.0248983744532,
        "var": 0.00484433583915
    },
    "barkbands_kurtosis": {
        "dmean": 5.06794309616,
        "dmean2": 8.14551448822,
        "dvar": 74.8893051147,
        "dvar2": 183.185791016,
        "max": 272.103363037,
        "mean": 7.46962022781,
        "median": 3.81496524811,
        "min": -1.76034140587,
        "var": 137.676437378
    },
    "barkbands_skewness": {
        "dmean": 0.709072113037,
        "dmean2": 1.11395037174,
        "dvar": 0.480635285378,
        "dvar2": 1.15536415577,
        "max": 13.1308021545,
        "mean": 1.6278911829,
        "median": 1.41329228878,
        "min": -2.75731039047,
        "var": 1.92128491402
    },
    "barkbands_spread": {
        "dmean": 1.53504347801,
        "dmean2": 2.43027114868,
        "dvar": 2.58813738823,
        "dvar2": 6.12724971771,
        "max": 68.088508606,
        "mean": 5.01432132721,
        "median": 4.03577136993,
        "min": 0.154146999121,
        "var": 21.1559085846
    },
    "dissonance": {
        "dmean": 0.0471388623118,
        "dmean2": 0.0795343369246,
        "dvar": 0.00170061562676,
        "dvar2": 0.00455873040482,
        "max": 0.500000178814,
        "mean": 0.374370902777,
        "median": 0.378350764513,
        "min": 0.1573279351,
        "var": 0.00407900987193
    },
    "dynamic_complexity": 4.39319753647,
    "erbbands_crest": {
        "dmean": 3.88984489441,
        "dmean2": 6.21912622452,
        "dvar": 10.9817724228,
        "dvar2": 26.2121009827,
        "max": 33.2252883911,
        "mean": 17.6617202759,
        "median": 17.0645523071,
        "min": 2.20057249069,
        "var": 42.9287948608
    },
    "erbbands_flatness_db": {
        "dmean": 0.0198026560247,
        "dmean2": 0.0303848348558,
        "dvar": 0.000271761673503,
        "dvar2": 0.000639097997919,
        "max": 0.558908522129,
        "mean": 0.391349136829,
        "median": 0.396290957928,
        "min": 0.0525349490345,
        "var": 0.00384144997224
    },
    "erbbands_kurtosis": {
        "dmean": 2.92722988129,
        "dmean2": 4.71773147583,
        "dvar": 20.3772621155,
        "dvar2": 48.5295524597,
        "max": 114.112823486,
        "mean": 3.62811088562,
        "median": 1.58283996582,
        "min": -1.73306202888,
        "var": 42.7034950256
    },
    "erbbands_skewness": {
        "dmean": 0.58370745182,
        "dmean2": 0.924949944019,
        "dvar": 0.282901078463,
        "dvar2": 0.693405866623,
        "max": 7.44091367722,
        "mean": 1.07946121693,
        "median": 0.952882111073,
        "min": -2.5349009037,
        "var": 0.96258687973
    },
    "erbbands_spread": {
        "dmean": 3.18566560745,
        "dmean2": 5.04732465744,
        "dvar": 8.23560714722,
        "dvar2": 19.9545707703,
        "max": 76.6903381348,
        "mean": 11.4051761627,
        "median": 9.85859680176,
        "min": 0.544459223747,
        "var": 51.9874572754
    },
    "hfc": {
        "dmean": 4.16182136536,
        "dmean2": 6.19046401978,
        "dvar": 34.68384552,
        "dvar2": 74.6107559204,
        "max": 111.107818604,
        "mean": 11.547712326,
        "median": 8.77890491486,
        "min": 1.0720827192e-16,
        "var": 126.843338013
    },
    "melbands_crest": {
        "dmean": 3.65898823738,
        "dmean2": 5.86797714233,
        "dvar": 10.5950260162,
        "dvar2": 26.0793838501,
        "max": 35.2939682007,
        "mean": 18.9207496643,
        "median": 18.2691116333,
        "min": 1.47974085808,
        "var": 45.4148979187
    },
    "melbands_flatness_db": {
        "dmean": 0.027208186686,
        "dmean2": 0.0414517335594,
        "dvar": 0.000495930667967,
        "dvar2": 0.00119495694526,
        "max": 0.59382969141,
        "mean": 0.393001109362,
        "median": 0.399275392294,
        "min": 0.00304547185078,
        "var": 0.00652964832261
    },
    "melbands_kurtosis": {
        "dmean": 6.25276088715,
        "dmean2": 10.0044059753,
        "dvar": 103.578636169,
        "dvar2": 251.010528564,
        "max": 259.688140869,
        "mean": 9.53765487671,
        "median": 4.66707754135,
        "min": -1.68977999687,
        "var": 233.864273071
    },
    "melbands_skewness": {
        "dmean": 0.774416387081,
        "dmean2": 1.20883047581,
        "dvar": 0.556706726551,
        "dvar2": 1.2945895195,
        "max": 12.2488803864,
        "mean": 1.82821178436,
        "median": 1.48584055901,
        "min": -2.80869221687,
        "var": 2.48731923103
    },
    "melbands_spread": {
        "dmean": 2.54612660408,
        "dmean2": 4.09100627899,
        "dvar": 11.4177017212,
        "dvar2": 30.002872467,
        "max": 166.687286377,
        "mean": 9.61183452606,
        "median": 6.27651977539,
        "min": 0.426194727421,
        "var": 356.573303223
    },
    "pitch_salience": {
        "dmean": 0.0730326771736,
        "dmean2": 0.11606951803,
        "dvar": 0.00401808694005,
        "dvar2": 0.00972206518054,
        "max": 0.951509416103,
        "mean": 0.431868702173,
        "median": 0.440694093704,
        "min": 0.0560642816126,
        "var": 0.0161820668727
    },
    "silence_rate_20dB": {
        "dmean": 0,
        "dmean2": 0,
        "dvar": 0,
        "dvar2": 0,
        "max": 1,
        "mean": 1,
        "median": 1,
        "min": 1,
        "var": 0
    },
    "silence_rate_30dB": {
        "dmean": 0.00306077837013,
        "dmean2": 0.00612200284377,
        "dvar": 0.00305129610933,
        "dvar2": 0.0079798232764,
        "max": 1,
        "mean": 0.997741043568,
        "median": 1,
        "min": 0,
        "var": 0.00225399201736
    },
    "silence_rate_60dB": {
        "dmean": 0.0228829607368,
        "dmean2": 0.0457692593336,
        "dvar": 0.0223580282182,
        "dvar2": 0.0493574030697,
        "max": 1,
        "mean": 0.138599425554,
        "median": 0,
        "min": 0,
        "var": 0.119393758476
    },
    "spectral_centroid": {
        "dmean": 83.1620025635,
        "dmean2": 131.258255005,
        "dvar": 18527.8144531,
        "dvar2": 34116.78125,
        "max": 11724.6953125,
        "mean": 777.936035156,
        "median": 647.586914062,
        "min": 288.397125244,
        "var": 1176916.875
    },
    "spectral_complexity": {
        "dmean": 1.17694211006,
        "dmean2": 2.04562354088,
        "dvar": 1.23432600498,
        "dvar2": 3.32517123222,
        "max": 16,
        "mean": 6.94913625717,
        "median": 7,
        "min": 0,
        "var": 8.41686248779
    },
    "spectral_decrease": {
        "dmean": 1.83063331161e-09,
        "dmean2": 2.70374522771e-09,
        "dvar": 5.70816164899e-18,
        "dvar2": 1.26884526338e-17,
        "max": 2.13595839224e-18,
        "mean": -4.97948171585e-09,
        "median": -3.65565955285e-09,
        "min": -3.89888512586e-08,
        "var": 2.24142867663e-17
    },
    "spectral_energy": {
        "dmean": 0.00727418018505,
        "dmean2": 0.0107452971861,
        "dvar": 9.0612033091e-05,
        "dvar2": 0.000200983646209,
        "max": 0.157230421901,
        "mean": 0.019841035828,
        "median": 0.0146292252466,
        "min": 1.01044748558e-20,
        "var": 0.000354623247404
    },
    "spectral_energyband_high": {
        "dmean": 2.03157605938e-06,
        "dmean2": 3.48647427018e-06,
        "dvar": 1.25376965754e-11,
        "dvar2": 3.45687853343e-11,
        "max": 9.99976909952e-05,
        "mean": 5.49596143173e-06,
        "median": 3.5130217384e-06,
        "min": 6.82223268655e-21,
        "var": 4.86652454446e-11
    },
    "spectral_energyband_low": {
        "dmean": 1.8536763946e-07,
        "dmean2": 3.32771747935e-07,
        "dvar": 2.12557727496e-12,
        "dvar2": 6.08325499349e-12,
        "max": 4.93234183523e-05,
        "mean": 1.85532442742e-07,
        "median": 5.92868261151e-08,
        "min": 1.35244948387e-23,
        "var": 1.28758885064e-12
    },
    "spectral_energyband_middle_high": {
        "dmean": 0.00123744795565,
        "dmean2": 0.00200050207786,
        "dvar": 4.39509130956e-06,
        "dvar2": 1.03129350464e-05,
        "max": 0.0683348327875,
        "mean": 0.00249300594442,
        "median": 0.0015389167238,
        "min": 1.16471563989e-21,
        "var": 9.95990649244e-06
    },
    "spectral_energyband_middle_low": {
        "dmean": 0.00699635734782,
        "dmean2": 0.0103257382289,
        "dvar": 8.81519881659e-05,
        "dvar2": 0.000194340813323,
        "max": 0.155113354325,
        "mean": 0.0174493268132,
        "median": 0.0117975072935,
        "min": 1.61342073252e-22,
        "var": 0.000327428162564
    },
    "spectral_entropy": {
        "dmean": 0.219028323889,
        "dmean2": 0.334762364626,
        "dvar": 0.0320655219257,
        "dvar2": 0.0761168599129,
        "max": 9.82988643646,
        "mean": 6.14305400848,
        "median": 6.11496543884,
        "min": 4.37629413605,
        "var": 0.447008311749
    },
    "spectral_flux": {
        "dmean": 0.0180464033037,
        "dmean2": 0.0311219599098,
        "dvar": 0.000360372418072,
        "dvar2": 0.00105707894545,
        "max": 0.236753895879,
        "mean": 0.0527527928352,
        "median": 0.0495758727193,
        "min": 6.03818245404e-11,
        "var": 0.000982953002676
    },
    "spectral_kurtosis": {
        "dmean": 12.4470481873,
        "dmean2": 22.1238574982,
        "dvar": 108.213035583,
        "dvar2": 330.022918701,
        "max": 124.807113647,
        "mean": 25.3148460388,
        "median": 22.8643550873,
        "min": -1.26570272446,
        "var": 268.628875732
    },
    "spectral_rms": {
        "dmean": 0.000739013834391,
        "dmean2": 0.00108377926517,
        "dvar": 5.42073451015e-07,
        "dvar2": 1.24062989926e-06,
        "max": 0.0123852947727,
        "mean": 0.0038876356557,
        "median": 0.00377788487822,
        "min": 3.1397490944e-12,
        "var": 4.24348172601e-06
    },
    "spectral_rolloff": {
        "dmean": 155.539474487,
        "dmean2": 277.392242432,
        "dvar": 114170.796875,
        "dvar2": 231105.328125,
        "max": 19789.0136719,
        "mean": 1193.25671387,
        "median": 710.595703125,
        "min": 279.931640625,
        "var": 7123955
    },
    "spectral_skewness": {
        "dmean": 0.905894160271,
        "dmean2": 1.61174368858,
        "dvar": 0.51267850399,
        "dvar2": 1.58168005943,
        "max": 8.3071641922,
        "mean": 3.22576212883,
        "median": 3.10419511795,
        "min": -0.0935849249363,
        "var": 1.58954119682
    },
    "spectral_spread": {
        "dmean": 295593.78125,
        "dmean2": 526499.75,
        "dvar": 218085441536,
        "dvar2": 427783946240,
        "max": 42548072,
        "mean": 2248374,
        "median": 1744541.375,
        "min": 736063.625,
        "var": 1.50406535578e+13
    },
    "spectral_strongpeak": {
        "dmean": 0.634545624256,
        "dmean2": 0.967414081097,
        "dvar": 0.53170144558,
        "dvar2": 1.18810808659,
        "max": 10.6052846909,
        "mean": 1.79505968094,
        "median": 1.46405875683,
        "min": 0,
        "var": 2.00259280205
    },
    "zerocrossingrate": {
        "dmean": 0.00330491899513,
        "dmean2": 0.00428093923256,
        "dvar": 3.28629212163e-05,
        "dvar2": 5.18069718964e-05,
        "max": 0.533203125,
        "mean": 0.0404668189585,
        "median": 0.0302734375,
        "min": 0.01220703125,
        "var": 0.00500954966992
    },
    "barkbands": {
        "dmean": [6.56673426747e-09, 2.1574468434e-08, 9.95206406174e-08, 1.73936911096e-07, 0.00086727947928, 0.00227986020036, 0.00145159102976, 0.000429508712841, 0.00414885766804, 0.000807399570476, 0.000182050469448, 3.11189578497e-05, 0.000529010780156, 3.32626768795e-05, 7.81609123806e-05, 2.07345728995e-05, 2.16668940993e-05, 1.3059216144e-05, 7.1573117566e-06, 2.52638324127e-06, 1.09146617433e-06, 3.36364593068e-07, 6.28786551715e-08, 1.33625110976e-08, 1.61845903346e-09, 9.15082953856e-10, 9.69869740075e-10],
        "dmean2": [1.22424070881e-08, 3.97919563966e-08, 1.79872458261e-07, 3.12476913678e-07, 0.00104724930134, 0.00347420223989, 0.00237593706697, 0.000643403211143, 0.00599863892421, 0.00126794935204, 0.000302617932903, 5.29643621121e-05, 0.000897916441318, 5.80857704335e-05, 0.000133799389005, 3.58866600436e-05, 3.64188563253e-05, 2.27881446335e-05, 1.24674606923e-05, 4.34974663222e-06, 1.8663033643e-06, 5.76083721171e-07, 1.06688013091e-07, 2.236002139e-08, 2.88542811866e-09, 1.70852398895e-09, 1.81604009608e-09],
        "dvar": [1.34560064282e-16, 2.91408675077e-14, 8.52046948621e-13, 9.11027004703e-13, 4.07894367527e-06, 2.02287610591e-05, 1.50907735588e-05, 3.63143021787e-06, 6.50542497169e-05, 3.82894450013e-06, 1.13145276259e-07, 6.00468474943e-09, 1.27228190649e-06, 3.51684437128e-09, 2.18148645814e-08, 9.81612569007e-10, 4.71194328e-09, 8.7349766309e-10, 2.61603905205e-10, 2.70376516315e-11, 5.76008945402e-12, 3.55225343498e-13, 1.27662340944e-14, 1.13377710506e-15, 5.50643876737e-18, 2.156593033e-18, 2.38586061543e-18],
        "dvar2": [4.60690261523e-16, 8.51859069937e-14, 2.43423358727e-12, 2.69271779353e-12, 5.98623455517e-06, 5.47339805053e-05, 3.90932582377e-05, 7.07211165718e-06, 0.000132142216899, 8.25255665404e-06, 3.07075765704e-07, 1.6842667705e-08, 3.55717406819e-06, 1.00663219982e-08, 5.9648016304e-08, 2.80261813757e-09, 1.19963123879e-08, 2.59376742306e-09, 7.49596051897e-10, 7.48606385215e-11, 1.58236583558e-11, 9.31945276159e-13, 3.4341551548e-14, 2.23843342916e-15, 1.64187394114e-17, 7.21322835406e-18, 8.05451405042e-18],
        "max": [3.08290964313e-07, 6.93490619597e-06, 3.21090919897e-05, 4.45027471869e-05, 0.0619494840503, 0.100057438016, 0.0911966636777, 0.0842173546553, 0.154279232025, 0.0675638616085, 0.00612320192158, 0.00328906462528, 0.0212912987918, 0.00137142639142, 0.00287399138324, 0.00102767441422, 0.0050735026598, 0.000610437477008, 0.00037096106098, 0.00013893772848, 8.71796655701e-05, 1.98685975192e-05, 3.88244097849e-06, 3.40765018336e-06, 8.02391539878e-08, 3.14307833094e-08, 1.94155411748e-08],
        "mean": [5.22121990087e-09, 1.86300432858e-08, 8.50327239732e-08, 1.78207585577e-07, 0.0022939266637, 0.00465509109199, 0.00195491942577, 0.00068406650098, 0.00763592077419, 0.00124966306612, 0.000258029438555, 4.55046829302e-05, 0.000780678237788, 4.68626894872e-05, 0.000117373187095, 3.67521388398e-05, 4.15501417592e-05, 2.0279594537e-05, 1.18343605209e-05, 4.71158864457e-06, 2.55344411926e-06, 8.71586962603e-07, 1.9757125358e-07, 4.11289917679e-08, 3.94899890566e-09, 8.67177829544e-10, 7.91710974557e-10],
        "median": [1.57861101968e-09, 6.621002413e-09, 1.86783388756e-08, 5.54722632273e-08, 0.000151922533405, 0.00158261915203, 0.000238901178818, 5.73039396841e-05, 0.00234400690533, 0.000250740122283, 9.53947674134e-05, 1.35008040161e-05, 0.000248233525781, 2.33476494031e-05, 5.21088986716e-05, 2.52111349255e-05, 1.80423321581e-05, 9.2867130661e-06, 6.10772895016e-06, 2.48703531724e-06, 1.31839215101e-06, 5.54315647605e-07, 1.24304662563e-07, 2.44889157841e-08, 2.65819233292e-09, 3.7477593251e-10, 2.59132465485e-10],
        "min": [1.23259947849e-25, 3.58653638406e-24, 1.14820223312e-24, 1.45346537103e-25, 3.89967235381e-24, 1.16740795905e-23, 6.30059931227e-24, 6.36544210096e-24, 1.20889707284e-23, 1.11089230719e-23, 9.84228855945e-24, 2.4667472247e-23, 2.7495715297e-23, 3.8087469837e-23, 2.80914819853e-23, 4.90450097123e-23, 6.87289510093e-23, 9.38651391626e-23, 8.70582161836e-23, 1.39302448142e-22, 1.59273629471e-22, 3.17809819147e-22, 4.29077375029e-22, 5.69100766307e-22, 1.00848361825e-21, 1.35712812954e-21, 1.84977113376e-21],
        "var": [1.04089324554e-16, 1.62633612361e-14, 5.02658136468e-13, 5.51825187108e-13, 2.74916837952e-05, 6.54668619973e-05, 2.13619641727e-05, 8.8274018708e-06, 0.000189111204236, 9.1641304607e-06, 1.82476739496e-07, 1.02934221147e-08, 2.36865798797e-06, 4.97416197121e-09, 3.39218892975e-08, 1.74350756055e-09, 1.89795947847e-08, 1.16302956155e-09, 3.34855754236e-10, 5.31155952554e-11, 2.21008367857e-11, 1.22779163138e-12, 5.71457283078e-14, 4.81516207657e-15, 1.72252587066e-17, 1.86916596812e-18, 1.94061679545e-18]
    },
    "erbbands": {
        "dmean": [1.98905058824e-06, 1.41425962283e-05, 0.000142117394716, 0.00132909766398, 0.0376263596117, 2.18494105339, 17.4192142487, 17.7805747986, 20.463104248, 10.0845632553, 24.8365821838, 117.606391907, 17.4413223267, 28.7415008545, 5.48901462555, 4.09692001343, 26.57147789, 2.37275099754, 4.18195009232, 2.18457889557, 1.04346311092, 0.972330749035, 0.880190253258, 0.485347002745, 0.26271957159, 0.125686824322, 0.0660089999437, 0.0278761480004, 0.0129386102781, 0.00488356593996, 0.00160452583805, 0.000436519447248, 0.000138572635478, 2.49524164246e-05, 9.11357255973e-06, 5.48624075236e-06, 2.94880601359e-06, 8.32071691548e-07, 3.52970096174e-06, 8.24444305181e-06],
        "dmean2": [2.72652391686e-06, 2.10464186239e-05, 0.000220562898903, 0.00183160207234, 0.0480189695954, 2.71512889862, 23.3611278534, 28.5564136505, 33.4381484985, 16.5790538788, 36.0665283203, 171.379379272, 25.7578411102, 45.8132820129, 9.05118846893, 6.8879404068, 45.3717880249, 4.04134178162, 7.17165565491, 3.75768756866, 1.81263780594, 1.64925944805, 1.50949263573, 0.848881185055, 0.455355376005, 0.214473575354, 0.112563021481, 0.0477835536003, 0.0221851523966, 0.00835696980357, 0.00270411348902, 0.000723415287212, 0.000240676221438, 4.305375478e-05, 1.54453791765e-05, 8.95788343769e-06, 4.6741101869e-06, 1.38815062201e-06, 5.20023877471e-06, 1.21799830595e-05],
        "dvar": [1.17224450633e-11, 4.43192282873e-09, 6.62676484353e-07, 1.01156947494e-05, 0.00793445389718, 26.7504692078, 1059.51184082, 1839.29797363, 2778.44799805, 688.389404297, 3425.99902344, 52790.2539062, 1719.62011719, 4784.54882812, 88.1875991821, 57.7098503113, 3304.65917969, 14.0303096771, 72.5437774658, 16.2559356689, 2.05307888985, 7.96477651596, 4.56315660477, 1.27247679234, 0.359603732824, 0.0642777606845, 0.0207031145692, 0.00282482197508, 0.000461786490632, 7.33475972083e-05, 1.04684895632e-05, 1.53499263433e-06, 5.15939895251e-08, 1.27199506483e-09, 1.84567611194e-10, 6.01611954698e-11, 1.63095266459e-11, 1.46973850191e-12, 2.16200390923e-11, 1.1712224246e-10],
        "dvar2": [2.2819744358e-11, 1.25648540461e-08, 1.88189346773e-06, 2.24147133849e-05, 0.0125966081396, 40.6569137573, 1966.91259766, 5397.89746094, 7209.23144531, 1774.41760254, 6707.62011719, 108524.960938, 3297.55004883, 10681.6728516, 236.867630005, 156.053405762, 9375.24804688, 39.6066322327, 198.335891724, 46.579536438, 5.89649486542, 20.9798374176, 12.5543088913, 3.75664043427, 1.01749122143, 0.173641040921, 0.057560171932, 0.00770319113508, 0.00124050024897, 0.000198843845283, 2.62288285739e-05, 2.94852452498e-06, 1.46849984617e-07, 3.5939013987e-09, 5.17990927928e-10, 1.56372484406e-10, 3.98356035658e-11, 3.9577408191e-12, 4.73106727406e-11, 2.59071625264e-10],
        "max": [8.56253318489e-05, 0.00258652237244, 0.0291450377554, 0.101781696081, 2.77582907677, 165.763946533, 1067.66345215, 1027.90270996, 1057.88903809, 698.484069824, 2325.91259766, 4475.03564453, 2423.38769531, 2539.65673828, 178.285202026, 168.127410889, 1071.29199219, 93.3176803589, 174.565048218, 66.6646118164, 29.088136673, 186.05519104, 121.172767639, 25.1103000641, 13.8066215515, 8.84243297577, 4.82709264755, 1.17596137524, 0.555423796177, 0.279586166143, 0.16022759676, 0.127959951758, 0.00663121789694, 0.00117750128265, 0.000501569360495, 0.000191153550986, 7.72699422669e-05, 3.13610180456e-05, 8.02351278253e-05, 0.000181220864761],
        "mean": [5.12130009156e-06, 3.06609981635e-05, 0.000269762356766, 0.00317126768641, 0.0945781767368, 5.60798597336, 41.7246055603, 34.1489143372, 28.2519721985, 14.7864866257, 47.5842208862, 213.031188965, 34.6864547729, 42.0457992554, 8.48714447021, 6.58260297775, 38.5719146729, 4.34451723099, 6.44182348251, 3.63225889206, 2.02021002769, 1.94554615021, 1.59802961349, 0.803739488125, 0.449721008539, 0.249864920974, 0.144161194563, 0.0675209239125, 0.0341877751052, 0.014045311138, 0.00519618019462, 0.00157889397815, 0.000404256075853, 8.9401146397e-05, 2.78705247183e-05, 1.46560487337e-05, 7.90356261859e-06, 1.98728594114e-06, 9.82438268693e-06, 2.25937346841e-05],
        "median": [2.24366590373e-06, 1.31657179736e-05, 0.000109809188871, 0.00107139162719, 0.0173822175711, 0.8024725914, 14.0900344849, 10.1157636642, 5.69521379471, 4.03174209595, 15.9506311417, 67.3358917236, 13.0863599777, 12.915517807, 4.34928512573, 3.05034804344, 11.6726875305, 2.67702722549, 2.96314311028, 1.99081492424, 1.50160622597, 0.928954184055, 0.708356976509, 0.392668575048, 0.243496149778, 0.133303180337, 0.0738599225879, 0.0408577471972, 0.0219026245177, 0.00929277017713, 0.0031782144215, 0.000941657577641, 0.000266442279099, 6.46268235869e-05, 2.08936635318e-05, 1.1025474123e-05, 5.90562785874e-06, 1.48005551637e-06, 7.30828833184e-06, 1.67166781466e-05],
        "min": [1.30548351391e-22, 4.95879681583e-22, 1.96024558782e-21, 4.55565037161e-21, 7.54274011962e-21, 1.54457868663e-20, 1.15236849502e-20, 1.06434195372e-19, 1.22258535306e-19, 1.88620056376e-19, 2.72432193238e-19, 2.5277259162e-19, 5.13139838636e-19, 5.76380071212e-19, 7.08087438957e-19, 1.1828492508e-18, 1.30831972842e-18, 1.92927821721e-18, 2.38005070561e-18, 2.6753750706e-18, 3.87620391919e-18, 4.48071826419e-18, 4.96742430558e-18, 6.12261718619e-18, 7.46302035544e-18, 7.2301350986e-18, 7.90785575499e-18, 8.59309961906e-18, 1.12787573719e-17, 1.11204325211e-17, 1.16367048927e-17, 1.16621506227e-17, 9.44633972963e-18, 8.71331046876e-18, 6.73932955009e-18, 4.27944371446e-18, 2.23556624083e-18, 8.79866537501e-19, 2.53103153672e-19, 2.7016998351e-20],
        "var": [6.22809859241e-11, 4.25192636655e-09, 5.13243605837e-07, 3.60303638445e-05, 0.0456008948386, 165.108383179, 5616.67236328, 5302.421875, 3911.0637207, 961.172546387, 9400.0625, 147536.125, 6788.06201172, 8879.76953125, 144.519134521, 112.300056458, 5972.56396484, 29.5374851227, 108.157142639, 27.0349731445, 4.00943994522, 29.1483974457, 13.1683006287, 1.6293336153, 0.470108300447, 0.162391349673, 0.0687775537372, 0.00776872271672, 0.00165318686049, 0.000281766813714, 5.02404218423e-05, 6.92924959367e-06, 1.99621922548e-07, 7.24497617455e-09, 6.50087872422e-10, 1.91513055414e-10, 5.65683021259e-11, 3.91238126965e-12, 8.57163576229e-11, 4.57405668897e-10]
    },
    "gfcc": {
        "mean": [-217.292114258, 143.037902832, -212.528747559, -56.3321495056, -91.653213501, -59.1140708923, -33.9610862732, -35.9532165527, -7.99263906479, -16.9848518372, 0.401685059071, -2.57553291321, 9.72029304504],
        "cov": [[22682.234375, 4175.89257812, -3951.54663086, -1332.05175781, -1623.73266602, -1618.54187012, -343.49118042, -919.13848877, 220.370285034, -569.047424316, 158.335571289, -287.841705322, 284.952667236], [4175.89257812, 1332.90100098, -417.610015869, -177.949966431, -205.881256104, -403.060028076, -209.446624756, -337.973297119, -91.8467025757, -210.931137085, -20.2484664917, -38.1755714417, 113.328742981], [-3951.54663086, -417.610015869, 1446.15991211, 368.433654785, 440.627716064, 285.822357178, -37.7073402405, 64.7587356567, -141.473144531, 17.372592926, -91.2838745117, 48.4746589661, 7.56237602234], [-1332.05175781, -177.949966431, 368.433654785, 446.032684326, 191.702423096, 53.9449806213, -54.8951225281, -48.7987632751, -115.064109802, -55.213394165, -19.989402771, 27.7963562012, 29.7666320801], [-1623.73266602, -205.881256104, 440.627716064, 191.702423096, 255.37159729, 114.676727295, -15.671453476, 27.8134231567, -65.5193634033, -13.4320068359, -37.7488632202, 29.0705299377, -0.33177113533], [-1618.54187012, -403.060028076, 285.822357178, 53.9449806213, 114.676727295, 255.432113647, 25.0234355927, 44.4334182739, -5.75534677505, 50.2614059448, 5.79261732101, 17.3287906647, -30.389289856], [-343.49118042, -209.446624756, -37.7073402405, -54.8951225281, -15.671453476, 25.0234355927, 142.623626709, 103.793670654, 31.8536262512, 28.2576332092, -12.2604417801, -17.9987354279, -28.4944000244], [-919.13848877, -337.973297119, 64.7587356567, -48.7987632751, 27.8134231567, 44.4334182739, 103.793670654, 191.166793823, 66.8851318359, 46.8849525452, -22.7088336945, -4.26496648788, -43.3951911926], [220.370285034, -91.8467025757, -141.473144531, -115.064109802, -65.5193634033, -5.75534677505, 31.8536262512, 66.8851318359, 130.981170654, 70.0399246216, 23.4853572845, -14.3417549133, -27.1662521362], [-569.047424316, -210.931137085, 17.372592926, -55.213394165, -13.4320068359, 50.2614059448, 28.2576332092, 46.8849525452, 70.0399246216, 134.335006714, 50.1877593994, -3.42881965637, -41.5957870483], [158.335571289, -20.2484664917, -91.2838745117, -19.989402771, -37.7488632202, 5.79261732101, -12.2604417801, -22.7088336945, 23.4853572845, 50.1877593994, 89.548500061, 22.8599147797, -14.3723421097], [-287.841705322, -38.1755714417, 48.4746589661, 27.7963562012, 29.0705299377, 17.3287906647, -17.9987354279, -4.26496648788, -14.3417549133, -3.42881965637, 22.8599147797, 63.8489379883, 23.9502296448], [284.952667236, 113.328742981, 7.56237602234, 29.7666320801, -0.33177113533, -30.389289856, -28.4944000244, -43.3951911926, -27.1662521362, -41.5957870483, -14.3723421097, 23.9502296448, 63.3126220703]],
        "icov": [[0.00031673326157, -0.00042404353735, 0.000310232775519, 0.000226049305638, 0.000396553106839, 0.00037999486085, -0.000158851864398, 0.000482282921439, -0.000696807983331, 0.000989023013972, -0.000730369298253, 0.000897628488019, -0.000520856236108], [-0.00042404353735, 0.0130747575313, -0.00295167299919, 0.00869159586728, -0.00195165316109, 0.0143977766857, 0.00473188096657, 0.0157143957913, -0.000605472305324, 0.0118195796385, -0.0023552083876, 0.00523325335234, -0.000436729751527], [0.000310232775519, -0.00295167299919, 0.00263960915618, -0.00187385175377, -0.00131870247424, -0.00348379369825, -0.00023051397875, -0.00363105675206, 0.000970851746388, -0.00328576704487, 0.00124375021551, -0.000279904517811, -0.00117263023276], [0.000226049305638, 0.00869159586728, -0.00187385175377, 0.010680757463, -0.00334162078798, 0.0112942466512, 0.00351964053698, 0.0121124815196, 0.000116947456263, 0.0108033474535, -0.00466318055987, 0.00643256632611, -0.0024273658637], [0.000396553106839, -0.00195165316109, -0.00131870247424, -0.00334162078798, 0.0122162848711, -0.00295169977471, 0.000384802580811, -0.00255361222662, 0.000448108388809, 4.33025670645e-05, 0.00274115614593, -0.00364911649376, 0.00273077725433], [0.00037999486085, 0.0143977766857, -0.00348379369825, 0.0112942466512, -0.00295169977471, 0.0244508925825, 0.00377188436687, 0.0209131855518, -0.00289418688044, 0.0155319804326, -0.00511252088472, 0.00703871063888, 0.000515694904607], [-0.000158851864398, 0.00473188096657, -0.00023051397875, 0.00351964053698, 0.000384802580811, 0.00377188436687, 0.0153874615207, -0.00304541154765, 0.00352604035288, 0.00287052523345, -0.00110931019299, 0.0056855478324, -0.00173562788405], [0.000482282921439, 0.0157143957913, -0.00363105675206, 0.0121124815196, -0.00255361222662, 0.0209131855518, -0.00304541154765, 0.0374157242477, -0.0104734553024, 0.0186170060188, 0.00101689086296, 0.00227052858099, 0.00584821915254], [-0.000696807983331, -0.000605472305324, 0.000970851746388, 0.000116947456263, 0.000448108388809, -0.00289418688044, 0.00352604035288, -0.0104734553024, 0.0195544734597, -0.0110159581527, 0.000858277489897, 0.00078224495519, -0.00187754572835], [0.000989023013972, 0.0118195796385, -0.00328576704487, 0.0108033474535, 4.33025670645e-05, 0.0155319804326, 0.00287052523345, 0.0186170060188, -0.0110159581527, 0.0340952351689, -0.014796664007, 0.0113222226501, 0.0012441748986], [-0.000730369298253, -0.0023552083876, 0.00124375021551, -0.00466318055987, 0.00274115614593, -0.00511252088472, -0.00110931019299, 0.00101689086296, 0.000858277489897, -0.014796664007, 0.0284781027585, -0.0188495926559, 0.0115472078323], [0.000897628488019, 0.00523325335234, -0.000279904517811, 0.00643256632611, -0.00364911649376, 0.00703871063888, 0.0056855478324, 0.00227052858099, 0.00078224495519, 0.0113222226501, -0.0188495926559, 0.0365038365126, -0.0192374326289], [-0.000520856236108, -0.000436729751527, -0.00117263023276, -0.0024273658637, 0.00273077725433, 0.000515694904607, -0.00173562788405, 0.00584821915254, -0.00187754572835, 0.0012441748986, 0.0115472078323, -0.0192374326289, 0.0336013585329]]
    },
    "melbands": {
        "dmean": [5.04730257589e-09, 3.10527603631e-08, 7.45787929191e-08, 3.30456787196e-05, 0.000523999275174, 0.000390541943489, 0.000317845115205, 9.60371398833e-05, 0.000323160231346, 0.000677468720824, 6.61948142806e-05, 0.000124611571664, 2.35336010519e-05, 4.1843895815e-06, 4.47066886409e-05, 3.86631545553e-05, 2.52994937e-06, 6.82521567796e-06, 4.06570779887e-06, 2.05753940463e-06, 1.30580110635e-06, 8.8910633167e-07, 1.42301632877e-06, 5.81164044888e-07, 4.0812975044e-07, 2.50632183452e-07, 1.26106058929e-07, 7.75236870254e-08, 5.11497368905e-08, 2.54553036427e-08, 1.63715316859e-08, 9.43937195075e-09, 5.2714961285e-09, 2.23276419575e-09, 1.20466348008e-09, 4.80596673569e-10, 2.36497654793e-10, 1.46032297366e-10, 3.50136690475e-11, 1.62207296206e-11],
        "dmean2": [9.3429104453e-09, 5.64373934253e-08, 1.33425828608e-07, 4.27762788604e-05, 0.000699024414644, 0.000619065773208, 0.000520005589351, 0.000157069953275, 0.000464227137854, 0.000987677951343, 9.83564750641e-05, 0.000198466645088, 3.90707573388e-05, 7.09751975592e-06, 7.51725237933e-05, 6.64984472678e-05, 4.36925938629e-06, 1.17306126413e-05, 6.95933749739e-06, 3.55645602212e-06, 2.26978090723e-06, 1.52333461756e-06, 2.39059363594e-06, 1.02334377061e-06, 7.1576675964e-07, 4.35338989746e-07, 2.18564025545e-07, 1.32289912358e-07, 8.71984298101e-08, 4.37998259883e-08, 2.78243099672e-08, 1.62790758651e-08, 8.89417872685e-09, 3.84316045654e-09, 2.01970817848e-09, 8.1363821236e-10, 3.92370164137e-10, 2.56038829027e-10, 6.11851333487e-11, 2.87911066515e-11],
        "dvar": [7.77327429651e-16, 9.65282473636e-14, 2.13010774926e-13, 1.02162438509e-08, 8.85725455646e-07, 7.93212279859e-07, 7.04512785887e-07, 5.5956743239e-08, 4.17986427692e-07, 1.84762870958e-06, 3.48202924272e-08, 9.28304544345e-08, 1.98556704412e-09, 8.96486981872e-11, 1.01501669292e-08, 6.01887828466e-09, 2.08969855309e-11, 1.71318223496e-10, 4.99793921527e-11, 1.61257153464e-11, 3.19186018762e-12, 5.09301498544e-12, 2.23865301296e-11, 2.17976613322e-12, 9.50782855225e-13, 3.82732934972e-13, 1.03957261636e-13, 2.47401755929e-14, 1.56544665197e-14, 3.02236623349e-15, 1.15786841615e-15, 2.62165167505e-16, 1.33401323211e-16, 1.43316882797e-17, 7.11105748634e-18, 8.32502589217e-19, 4.33406736169e-19, 6.61810405997e-20, 2.67147248255e-21, 5.5802652235e-22],
        "dvar2": [2.27586741499e-15, 2.77765549277e-13, 6.21529683189e-13, 1.63450124546e-08, 1.61673892762e-06, 2.29658758144e-06, 1.82851806585e-06, 1.42517123436e-07, 8.29387261092e-07, 3.74322053176e-06, 6.79409168924e-08, 2.05810053444e-07, 5.40326094978e-09, 2.48207288056e-10, 2.77125042913e-08, 1.72569389889e-08, 5.87150675302e-11, 4.69062511055e-10, 1.36403027762e-10, 4.64998733962e-11, 9.25667181795e-12, 1.4121674316e-11, 5.67088181969e-11, 6.45082598449e-12, 2.80066486495e-12, 1.08605550768e-12, 2.96045306325e-13, 6.60015119815e-14, 4.38561371192e-14, 8.5391043127e-15, 2.91958704391e-15, 7.28085751598e-16, 3.25990185341e-16, 4.07451832038e-17, 1.71305250198e-17, 2.1434648495e-18, 8.35530328753e-19, 1.90624844913e-19, 7.70584979666e-21, 1.65058226583e-21],
        "max": [1.12548480047e-06, 1.13691476145e-05, 2.1386966182e-05, 0.00323169934563, 0.0288219619542, 0.0212947502732, 0.0183610133827, 0.00615400169045, 0.0181791018695, 0.0303384605795, 0.0120313949883, 0.0112341241911, 0.000879089115188, 0.000360820791684, 0.00192044989672, 0.00138653465547, 0.000121212928207, 0.000263304042164, 0.000121726872749, 0.000100265337096, 2.9579463444e-05, 0.000118163101433, 0.000361387006706, 3.66611420759e-05, 2.31966532738e-05, 1.78961126949e-05, 9.51113997871e-06, 5.41014151167e-06, 4.95354788654e-06, 1.36300798204e-06, 1.05117908333e-06, 3.7452758761e-07, 4.49845202866e-07, 8.71923404588e-08, 1.42038899753e-07, 5.71902276647e-08, 6.74115980814e-08, 6.54316911763e-09, 1.34187760903e-09, 8.86089757124e-10],
        "mean": [4.41247349769e-09, 2.72532947321e-08, 8.17401044628e-08, 7.62826457503e-05, 0.00127217720728, 0.000761387171224, 0.000428755622124, 0.000138042567414, 0.000616693287157, 0.00121721054893, 0.000124217316625, 0.000178612273885, 3.39500693372e-05, 6.12437770542e-06, 6.46767002763e-05, 5.71200907871e-05, 3.7710003653e-06, 1.02208405224e-05, 6.40184634904e-06, 3.29910517394e-06, 2.26630049838e-06, 1.6564803218e-06, 2.63130414169e-06, 8.72031307608e-07, 6.23089192686e-07, 4.02738209004e-07, 2.1096782632e-07, 1.47633343772e-07, 1.02692546022e-07, 5.22930747593e-08, 3.57225218295e-08, 2.14093365258e-08, 1.24207115704e-08, 5.78258951833e-09, 3.29562888091e-09, 1.45903211735e-09, 7.00495217387e-10, 3.13595593937e-10, 1.04675809687e-10, 4.30121355199e-11],
        "median": [1.706771946e-09, 6.90556056782e-09, 2.80940071207e-08, 3.08983499053e-06, 0.000436135043856, 0.000235100727878, 6.41356236883e-05, 3.25791370415e-05, 0.000182954710908, 0.000372932903701, 2.51998681051e-05, 4.89273988933e-05, 1.3568016584e-05, 2.25802159548e-06, 1.56729529408e-05, 2.12799477595e-05, 1.91456410903e-06, 4.84200927531e-06, 3.17339686262e-06, 1.59092235208e-06, 1.59573789915e-06, 8.04425894785e-07, 9.80467007139e-07, 3.52134179593e-07, 2.82397252249e-07, 1.94044687873e-07, 1.12050457801e-07, 7.65149437143e-08, 4.6538207954e-08, 2.92174533456e-08, 1.95953440141e-08, 1.36411593132e-08, 7.24416082676e-09, 3.84400911102e-09, 1.90673965506e-09, 8.65967297869e-10, 4.06655153995e-10, 1.94020924327e-10, 6.87866777427e-11, 2.8532492341e-11],
        "min": [1.71145976629e-24, 1.26005482087e-24, 1.1916814852e-24, 6.03221916877e-25, 5.02515144856e-25, 2.36690161268e-24, 2.13545968385e-24, 2.9312335744e-24, 2.04605216101e-24, 1.58547798947e-24, 1.93560729554e-24, 1.6473397714e-24, 2.04918058614e-24, 2.75199786863e-24, 2.23806603293e-24, 2.10743796399e-24, 3.43861470914e-24, 2.44824914645e-24, 2.0301181568e-24, 3.8529055239e-24, 4.04832609165e-24, 3.68683058183e-24, 3.02253771608e-24, 4.51948983337e-24, 4.18023428463e-24, 3.81460396037e-24, 4.52347081993e-24, 4.17390091485e-24, 4.86447172343e-24, 2.50111742102e-24, 4.77206258484e-24, 5.76327262314e-24, 5.33474089689e-24, 4.95008127545e-24, 6.19226701631e-24, 5.56750022343e-24, 6.25753657875e-24, 5.20193221919e-24, 6.51180222572e-24, 6.17540708661e-24],
        "var": [4.46371646006e-16, 5.57132092468e-14, 1.30080177858e-13, 5.31030153184e-08, 4.94845426147e-06, 2.32450406656e-06, 9.87668954622e-07, 8.34314093368e-08, 1.27606165279e-06, 5.0766620916e-06, 1.45615260294e-07, 1.73313324581e-07, 3.14163961512e-09, 1.54333823499e-10, 1.90741982209e-08, 1.07470388144e-08, 3.34142505332e-11, 2.55073046018e-10, 8.34231919655e-11, 2.60480647468e-11, 5.62977182234e-12, 1.45147045424e-11, 9.41986835756e-11, 2.68041773673e-12, 1.14995328798e-12, 4.6872797527e-13, 1.23357175711e-13, 6.1641860507e-14, 5.40865875036e-14, 6.75320988231e-15, 3.08676826605e-15, 6.31481273386e-16, 4.6799142083e-16, 4.18942032491e-17, 2.78082306247e-17, 3.59319441236e-18, 1.64909715109e-18, 1.42061148698e-19, 1.28956302352e-20, 2.13070578242e-21]
    },
    "mfcc": {
        "mean": [-823.908325195, 155.910125732, -82.1518554688, -39.5186767578, -58.5110549927, -50.1530990601, -43.999080658, -36.4065933228, -23.7688102722, -20.6118011475, -11.154250145, -12.9057998657, -10.4290018082],
        "cov": [[6328.72216797, 2388.02172852, -1855.44677734, -330.220306396, -1087.16003418, -734.553039551, -709.673828125, -430.447967529, -198.405273438, -143.258285522, 3.30579376221, -178.044204712, -127.944732666], [2388.02172852, 1331.1628418, -479.471282959, -218.887512207, -338.843597412, -359.066925049, -318.075653076, -234.739120483, -132.490081787, -154.515701294, -112.336997986, -127.541809082, -84.7473144531], [-1855.44677734, -479.471282959, 812.824951172, 144.862350464, 365.152069092, 237.80682373, 167.157699585, 75.2198867798, 0.283078342676, -29.273317337, -91.9249801636, -7.95078039169, 5.16014480591], [-330.220306396, -218.887512207, 144.862350464, 251.697097778, 117.459274292, 40.9242324829, 70.9079589844, 28.6246814728, 7.86188220978, -20.5848903656, -37.8262405396, -32.8766593933, -19.9852294922], [-1087.16003418, -338.843597412, 365.152069092, 117.459274292, 333.782287598, 162.251159668, 104.900405884, 68.4027252197, 4.62792921066, -33.6454734802, -64.2261047363, -2.8197119236, 2.25642228127], [-734.553039551, -359.066925049, 237.80682373, 40.9242324829, 162.251159668, 248.547790527, 93.8907470703, 46.9293937683, 8.70039463043, 24.0662212372, 6.9674577713, 24.097328186, 28.1939086914], [-709.673828125, -318.075653076, 167.157699585, 70.9079589844, 104.900405884, 93.8907470703, 171.636489868, 92.9125747681, 34.5392303467, 26.7671604156, 8.15361213684, 7.4289150238, -3.96974611282], [-430.447967529, -234.739120483, 75.2198867798, 28.6246814728, 68.4027252197, 46.9293937683, 92.9125747681, 151.760040283, 84.0198440552, 37.9653701782, 24.9177894592, 14.7520961761, -14.1524124146], [-198.405273438, -132.490081787, 0.283078342676, 7.86188220978, 4.62792921066, 8.70039463043, 34.5392303467, 84.0198440552, 137.332595825, 86.5048370361, 43.6184883118, 28.2139339447, 8.51099872589], [-143.258285522, -154.515701294, -29.273317337, -20.5848903656, -33.6454734802, 24.0662212372, 26.7671604156, 37.9653701782, 86.5048370361, 153.314453125, 120.432395935, 56.0623321533, 38.2256240845], [3.30579376221, -112.336997986, -91.9249801636, -37.8262405396, -64.2261047363, 6.9674577713, 8.15361213684, 24.9177894592, 43.6184883118, 120.432395935, 170.59552002, 94.4556427002, 43.2640419006], [-178.044204712, -127.541809082, -7.95078039169, -32.8766593933, -2.8197119236, 24.097328186, 7.4289150238, 14.7520961761, 28.2139339447, 56.0623321533, 94.4556427002, 120.37512207, 74.4043121338], [-127.944732666, -84.7473144531, 5.16014480591, -19.9852294922, 2.25642228127, 28.1939086914, -3.96974611282, -14.1524124146, 8.51099872589, 38.2256240845, 43.2640419006, 74.4043121338, 117.037811279]],
