{
"lowlevel": {
    "average_loudness": 0.360643625259,
    "barkbands_crest": {
        "dmean": 1.93391656876,
        "dmean2": 3.22996068001,
        "dvar": 3.86503219604,
        "dvar2": 10.838602066,
        "max": 26.5093078613,
        "mean": 12.5041799545,
        "median": 11.6316337585,
        "min": 4.10103321075,
        "var": 17.5006122589
    },
    "barkbands_flatness_db": {
        "dmean": 0.0215769726783,
        "dmean2": 0.0336488485336,
        "dvar": 0.000538764637895,
        "dvar2": 0.00125875952654,
        "max": 0.675695002079,
        "mean": 0.36363068223,
        "median": 0.345934987068,
        "min": 0.048135176301,
        "var": 0.0106835644692
    },
    "barkbands_kurtosis": {
        "dmean": 2.74664282799,
        "dmean2": 4.39426517487,
        "dvar": 54.7715187073,
        "dvar2": 127.18536377,
        "max": 441.755462646,
        "mean": 7.80250597,
        "median": 4.43746805191,
        "min": -1.54191792011,
        "var": 220.522979736
    },
    "barkbands_skewness": {
        "dmean": 0.354536145926,
        "dmean2": 0.558020949364,
        "dvar": 0.191390529275,
        "dvar2": 0.464337050915,
        "max": 12.036737442,
        "mean": 1.41442453861,
        "median": 1.29472374916,
        "min": -2.450258255,
        "var": 1.17884850502
    },
    "barkbands_spread": {
        "dmean": 0.718481242657,
        "dmean2": 1.16414451599,
        "dvar": 1.62436246872,
        "dvar2": 4.34740924835,
        "max": 73.2481307983,
        "mean": 3.52678751945,
        "median": 3.12256097794,
        "min": 0.0854699239135,
        "var": 6.47064590454
    },
    "dissonance": {
        "dmean": 0.0447481647134,
        "dmean2": 0.0759772732854,
        "dvar": 0.00186196446884,
        "dvar2": 0.00499025685713,
        "max": 0.499999761581,
        "mean": 0.348131507635,
        "median": 0.359996795654,
        "min": 0.0333794765174,
        "var": 0.00666377041489
    },
    "dynamic_complexity": 5.87553262711,
    "erbbands_crest": {
        "dmean": 2.03897428513,
        "dmean2": 3.21108222008,
        "dvar": 4.55860996246,
        "dvar2": 10.7664470673,
        "max": 33.5386695862,
        "mean": 13.9614477158,
        "median": 12.5881824493,
        "min": 2.74804568291,
        "var": 31.6878032684
    },
    "erbbands_flatness_db": {
        "dmean": 0.0178911220282,
        "dmean2": 0.0269362870604,
        "dvar": 0.00044594128849,
        "dvar2": 0.00101781834383,
        "max": 0.569661915302,
        "mean": 0.337145149708,
        "median": 0.33490088582,
        "min": 0.0568001791835,
        "var": 0.00727898674086
    },
    "erbbands_kurtosis": {
        "dmean": 1.50853121281,
        "dmean2": 2.37001132965,
        "dvar": 27.1810131073,
        "dvar2": 62.7600021362,
        "max": 475.575500488,
        "mean": 4.36881828308,
        "median": 1.95988202095,
        "min": -1.82546019554,
        "var": 380.426940918
    },
    "erbbands_skewness": {
        "dmean": 0.27814117074,
        "dmean2": 0.425772607327,
        "dvar": 0.0954920426011,
        "dvar2": 0.23038983345,
        "max": 10.9181995392,
        "mean": 1.02445495129,
        "median": 0.972941279411,
        "min": -1.74553608894,
        "var": 0.809212088585
    },
    "erbbands_spread": {
        "dmean": 1.79667794704,
        "dmean2": 2.69757008553,
        "dvar": 7.5431637764,
        "dvar2": 17.9845046997,
        "max": 96.3598709106,
        "mean": 10.9039678574,
        "median": 8.90605926514,
        "min": 0.24520227313,
        "var": 58.784122467
    },
    "hfc": {
        "dmean": 1.56760573387,
        "dmean2": 2.37055635452,
        "dvar": 8.62687110901,
        "dvar2": 18.5070800781,
        "max": 58.1504821777,
        "mean": 7.12856674194,
        "median": 4.11609077454,
        "min": 1.1178643206e-16,
        "var": 63.7702636719
    },
    "melbands_crest": {
        "dmean": 2.38570070267,
        "dmean2": 3.93533802032,
        "dvar": 5.79532670975,
        "dvar2": 15.9436626434,
        "max": 34.154914856,
        "mean": 15.8996286392,
        "median": 14.5297050476,
        "min": 1.87512564659,
        "var": 31.8179473877
    },
    "melbands_flatness_db": {
        "dmean": 0.0223207958043,
        "dmean2": 0.0345992036164,
        "dvar": 0.00061212858418,
        "dvar2": 0.0013717483962,
        "max": 0.829089522362,
        "mean": 0.467597544193,
        "median": 0.444645822048,
        "min": 0.00393610587344,
        "var": 0.0148671371862
    },
    "melbands_kurtosis": {
        "dmean": 2.66980743408,
        "dmean2": 4.20050382614,
        "dvar": 26.8483104706,
        "dvar2": 62.5658874512,
        "max": 230.906524658,
        "mean": 7.95407342911,
        "median": 4.66308498383,
        "min": -1.44268536568,
        "var": 191.029846191
    },
    "melbands_skewness": {
        "dmean": 0.358770877123,
        "dmean2": 0.557794392109,
        "dvar": 0.164860203862,
        "dvar2": 0.388745814562,
        "max": 10.6702470779,
        "mean": 1.61078572273,
        "median": 1.48720788956,
        "min": -2.26204586029,
        "var": 1.28007566929
    },
    "melbands_spread": {
        "dmean": 0.901874244213,
        "dmean2": 1.45265054703,
        "dvar": 2.04340958595,
        "dvar2": 4.25158214569,
        "max": 152.203399658,
        "mean": 4.83149051666,
        "median": 4.32379055023,
        "min": 0.138040393591,
        "var": 21.3880767822
    },
    "pitch_salience": {
        "dmean": 0.0507351383567,
        "dmean2": 0.0823685228825,
        "dvar": 0.00263374112546,
        "dvar2": 0.00666043534875,
        "max": 0.908289015293,
        "mean": 0.514091074467,
        "median": 0.530128836632,
        "min": 0.0173205845058,
        "var": 0.0160666014999
    },
    "silence_rate_20dB": {
        "dmean": 0,
        "dmean2": 0,
        "dvar": 0,
        "dvar2": 0,
        "max": 1,
        "mean": 1,
        "median": 1,
        "min": 1,
        "var": 0
    },
    "silence_rate_30dB": {
        "dmean": 0.00220122910105,
        "dmean2": 0.00440286193043,
        "dvar": 0.00219648564234,
        "dvar2": 0.00603493209928,
        "max": 1,
        "mean": 0.997982382774,
        "median": 1,
        "min": 0,
        "var": 0.00201343349181
    },
    "silence_rate_60dB": {
        "dmean": 0.0121067594737,
        "dmean2": 0.024215741083,
        "dvar": 0.0119590023533,
        "dvar2": 0.0278430487961,
        "max": 1,
        "mean": 0.185253113508,
        "median": 0,
        "min": 0,
        "var": 0.150922060013
    },
    "spectral_centroid": {
        "dmean": 32.9259567261,
        "dmean2": 53.1666259766,
        "dvar": 10064.046875,
        "dvar2": 19013.0859375,
        "max": 11459.5966797,
        "mean": 378.324951172,
        "median": 354.475646973,
        "min": 121.643936157,
        "var": 116252.523438
    },
    "spectral_complexity": {
        "dmean": 0.973310112953,
        "dmean2": 1.63217759132,
        "dvar": 1.13611137867,
        "dvar2": 2.76112174988,
        "max": 21,
        "mean": 7.82767772675,
        "median": 8,
        "min": 0,
        "var": 15.0948219299
    },
    "spectral_decrease": {
        "dmean": 1.27353294577e-09,
        "dmean2": 2.04873806808e-09,
        "dvar": 4.17189327763e-18,
        "dvar2": 1.08226838965e-17,
        "max": 7.49316026414e-29,
        "mean": -5.38642597192e-09,
        "median": -3.79310804988e-09,
        "min": -3.69530290811e-08,
        "var": 2.76454778761e-17
    },
    "spectral_energy": {
        "dmean": 0.0049414774403,
        "dmean2": 0.00793685484678,
        "dvar": 6.31382863503e-05,
        "dvar2": 0.000162877608091,
        "max": 0.143616959453,
        "mean": 0.020976152271,
        "median": 0.014701474458,
        "min": 9.85653716075e-21,
        "var": 0.000421771255787
    },
    "spectral_energyband_high": {
        "dmean": 3.4622783005e-06,
        "dmean2": 5.32163858225e-06,
        "dvar": 4.18958950865e-10,
        "dvar2": 1.07266928673e-09,
        "max": 0.000557077815756,
        "mean": 7.2085604188e-06,
        "median": 6.97875634614e-07,
        "min": 7.22885092655e-21,
        "var": 5.47237422044e-10
    },
    "spectral_energyband_low": {
        "dmean": 0.000953152717557,
        "dmean2": 0.00144037487917,
        "dvar": 2.63056358563e-06,
        "dvar2": 6.43584098725e-06,
        "max": 0.0418397150934,
        "mean": 0.00412430195138,
        "median": 0.00319768721238,
        "min": 2.18796030981e-23,
        "var": 1.67757425515e-05
    },
    "spectral_energyband_middle_high": {
        "dmean": 0.000230598874623,
        "dmean2": 0.000320619845297,
        "dvar": 3.83504044521e-07,
        "dvar2": 7.189633493e-07,
        "max": 0.018184678629,
        "mean": 0.00082226091763,
        "median": 0.000343512510881,
        "min": 1.2657695044e-21,
        "var": 2.06017193705e-06
    },
    "spectral_energyband_middle_low": {
        "dmean": 0.00466515077278,
        "dmean2": 0.00754278944805,
        "dvar": 5.67555944144e-05,
        "dvar2": 0.000148543418618,
        "max": 0.138954371214,
        "mean": 0.0169663019478,
        "median": 0.0109493229538,
        "min": 2.04676108664e-22,
        "var": 0.00031720235711
    },
    "spectral_entropy": {
        "dmean": 0.149002447724,
        "dmean2": 0.241236463189,
        "dvar": 0.0301147811115,
        "dvar2": 0.0761263072491,
        "max": 9.8274269104,
        "mean": 5.41875600815,
        "median": 5.47926902771,
        "min": 2.68575072289,
        "var": 0.466570973396
    },
    "spectral_flux": {
        "dmean": 0.0157205741853,
        "dmean2": 0.0256517380476,
        "dvar": 0.00044459963101,
        "dvar2": 0.00114059483167,
        "max": 0.248394936323,
        "mean": 0.0404584035277,
        "median": 0.0349833145738,
        "min": 6.49067258274e-11,
        "var": 0.00108792516403
    },
    "spectral_kurtosis": {
        "dmean": 30.8112678528,
        "dmean2": 52.1009902954,
        "dvar": 1874.48937988,
        "dvar2": 5132.50195312,
        "max": 891.639038086,
        "mean": 101.593139648,
        "median": 63.3793182373,
        "min": -1.22479987144,
        "var": 9952.51171875
    },
    "spectral_rms": {
        "dmean": 0.000463867356302,
        "dmean2": 0.00073339685332,
        "dvar": 3.50196387444e-07,
        "dvar2": 8.47715057262e-07,
        "max": 0.0118369804695,
        "mean": 0.00393511541188,
        "median": 0.00378720229492,
        "min": 3.10098930041e-12,
        "var": 4.9794498409e-06
    },
    "spectral_rolloff": {
        "dmean": 42.2025756836,
        "dmean2": 74.438873291,
        "dvar": 22994.6757812,
        "dvar2": 35727.125,
        "max": 19422.9492188,
        "mean": 456.900726318,
        "median": 452.197265625,
        "min": 129.19921875,
        "var": 338096.09375
    },
    "spectral_skewness": {
        "dmean": 1.24965572357,
        "dmean2": 2.13208079338,
        "dvar": 1.78203833103,
        "dvar2": 4.68085289001,
        "max": 25.0406646729,
        "mean": 7.14341783524,
        "median": 6.0638217926,
        "min": -0.0680559873581,
        "var": 15.3887052536
    },
    "spectral_spread": {
        "dmean": 327853.625,
        "dmean2": 565443.8125,
        "dvar": 189768400896,
        "dvar2": 460139986944,
        "max": 41301240,
        "mean": 1429780,
        "median": 1270849.125,
        "min": 112322.632812,
        "var": 2.32275496141e+12
    },
    "spectral_strongpeak": {
        "dmean": 0.252648085356,
        "dmean2": 0.416781425476,
        "dvar": 0.147484973073,
        "dvar2": 0.324158251286,
        "max": 5.53465175629,
        "mean": 0.80465066433,
        "median": 0.496685087681,
        "min": 2.66168143082e-10,
        "var": 0.66728669405
    },
    "zerocrossingrate": {
        "dmean": 0.00174344575498,
        "dmean2": 0.00237973290496,
        "dvar": 2.78377247014e-05,
        "dvar2": 4.59358743683e-05,
        "max": 0.505859375,
        "mean": 0.0175195075572,
        "median": 0.01611328125,
        "min": 0.0048828125,
        "var": 0.000293995457469
    },
    "barkbands": {
        "dmean": [6.6133401333e-07, 0.000187225174159, 0.000550124736037, 0.000639894045889, 0.00333964172751, 0.000791447935626, 0.000869943061844, 0.000556419719942, 0.000191165294382, 0.000149012441398, 9.97652387014e-05, 3.15388206218e-05, 1.55874040502e-05, 2.08746841963e-05, 2.24751092901e-05, 9.77643867373e-06, 1.45876992974e-05, 9.25572021515e-06, 5.34750324732e-06, 2.67409859589e-06, 1.18996945275e-06, 5.99104566845e-07, 3.00827707633e-07, 2.30563600212e-07, 2.11708268694e-07, 2.59153779325e-07, 3.01141909631e-07],
        "dmean2": [1.20502329537e-06, 0.000314392760629, 0.00083128962433, 0.000969689979684, 0.00578661262989, 0.0011870090384, 0.0010951384902, 0.000752043735702, 0.000256771192653, 0.000192520747078, 0.000143247729284, 4.85855234729e-05, 2.4323044272e-05, 3.12632437272e-05, 3.44836626027e-05, 1.55590314534e-05, 2.50683206104e-05, 1.47434157043e-05, 8.15001658339e-06, 3.96495170207e-06, 1.79541041234e-06, 8.87323096777e-07, 4.58602215758e-07, 3.96136414338e-07, 3.69727843008e-07, 4.73541177826e-07, 5.58139788609e-07],
        "dvar": [2.83339150753e-11, 2.29923799111e-07, 9.60655825111e-07, 1.28375666009e-06, 3.49383808498e-05, 5.36830157216e-06, 6.67493623041e-06, 2.73401292361e-06, 6.32016281088e-07, 2.31752736113e-07, 1.25519619587e-07, 1.01524122442e-08, 4.25475032984e-09, 7.05315450489e-09, 5.09718045549e-09, 1.53732326869e-09, 1.84913329093e-08, 1.69799851957e-09, 8.51023529425e-10, 1.33384275847e-10, 2.84963233566e-11, 7.61179574232e-12, 4.88872354057e-12, 3.30374941813e-12, 5.76263646176e-12, 2.16005598824e-11, 4.54576654096e-11],
        "dvar2": [8.23882559398e-11, 5.86864530305e-07, 2.42715418608e-06, 3.14023100145e-06, 0.000107803229184, 1.22877963804e-05, 1.18999068945e-05, 4.81041206513e-06, 1.08890696993e-06, 3.63924499425e-07, 2.466536273e-07, 1.79847550186e-08, 9.34778121575e-09, 1.43685063847e-08, 1.05794235594e-08, 3.86415255349e-09, 5.33853246054e-08, 4.2292880309e-09, 1.70311853509e-09, 2.71073274938e-10, 5.86223639076e-11, 1.63071136455e-11, 1.09342925339e-11, 9.20618355854e-12, 1.61417129663e-11, 6.15724762842e-11, 1.30906757656e-10],
        "max": [0.000181998766493, 0.0140746245161, 0.0261094029993, 0.0276657938957, 0.117203317583, 0.075441904366, 0.0659959465265, 0.0522344559431, 0.0364394374192, 0.0284377653152, 0.0120476540178, 0.00774275278673, 0.00265848613344, 0.00300659378991, 0.00330311385915, 0.00329454801977, 0.0054173222743, 0.00175890873652, 0.00238494295627, 0.000415449641878, 0.000273146404652, 0.00010380295862, 0.000102727630292, 4.96190405102e-05, 7.92510836618e-05, 0.000161123694852, 0.000234716950217],
        "mean": [4.59418089349e-07, 0.000955542142037, 0.00234034331515, 0.0014082568232, 0.00721586169675, 0.0025859894231, 0.00324737513438, 0.00171808211599, 0.000555308302864, 0.000431515247328, 0.000237707106862, 6.66766572976e-05, 3.26148037857e-05, 4.82030045532e-05, 5.53912614123e-05, 1.93302257685e-05, 2.01959010155e-05, 1.73236858245e-05, 9.56450185186e-06, 5.39932989341e-06, 2.33426089835e-06, 1.25458609546e-06, 4.74588830457e-07, 3.09790152642e-07, 2.60951708242e-07, 2.21332882688e-07, 2.09731624068e-07],
        "median": [3.87286362979e-08, 0.000294159399346, 0.00178067618981, 0.000842273817398, 0.00410318002105, 0.00103422708344, 0.000746467034332, 0.000449093437055, 6.67790154694e-05, 0.000136081624078, 2.45601913775e-05, 2.17580054596e-05, 4.87995839649e-06, 6.05104969509e-06, 4.57402484244e-06, 2.59309672401e-06, 2.46290960604e-06, 1.08971892132e-06, 6.67862650516e-07, 4.0513151589e-07, 1.81608129424e-07, 1.46278239299e-07, 3.3904772323e-08, 2.42150157703e-08, 1.63333098158e-08, 1.00164747607e-08, 4.65066740674e-09],
        "min": [2.82722778608e-24, 5.96514331208e-24, 1.50588862945e-24, 2.42456083675e-24, 1.6507769567e-23, 2.51101147227e-23, 6.13820716734e-24, 9.73523934575e-24, 3.02778005178e-23, 1.6349951632e-23, 4.38047550248e-23, 2.87565769254e-23, 5.71466490742e-23, 3.45714410517e-23, 8.82191038918e-23, 9.93647618495e-23, 7.8095487812e-23, 1.21598061778e-22, 1.35696912043e-22, 1.89519578941e-22, 3.71100642334e-22, 4.23550754367e-22, 4.78645708755e-22, 7.98534031237e-22, 9.6911246662e-22, 1.49334444023e-21, 1.91306640455e-21],
        "var": [1.57934967188e-11, 2.41384486799e-06, 5.70750171391e-06, 3.05627781927e-06, 9.58182499744e-05, 2.65597172984e-05, 4.49448889412e-05, 1.48872341015e-05, 2.97074097944e-06, 1.5136371303e-06, 4.30405094676e-07, 3.23423812176e-08, 1.22054792939e-08, 2.64228585678e-08, 2.55904666346e-08, 5.25262455753e-09, 1.25673578211e-08, 3.93610388727e-09, 3.10355696698e-09, 3.51652151842e-10, 6.07784725326e-11, 1.58998769012e-11, 6.16326694541e-12, 2.38699403125e-12, 3.80033548034e-12, 1.28663529483e-11, 2.6122822655e-11]
    },
    "erbbands": {
        "dmean": [0.00129231088795, 0.0596619956195, 0.506744146347, 1.51590001583, 5.51769065857, 15.1184806824, 10.713010788, 5.37561607361, 9.29561519623, 18.0373382568, 9.16382789612, 4.46780872345, 5.20254802704, 3.40015292168, 3.48798680305, 1.37975800037, 0.795769035816, 1.09205412865, 1.3519037962, 0.673546433449, 0.606110215187, 0.709789276123, 0.489102810621, 0.341779559851, 0.217518553138, 0.161333650351, 0.0733244791627, 0.0229739043862, 0.0200680550188, 0.016409303993, 0.00740501144901, 0.00463954498991, 0.00400332547724, 0.00240726629272, 0.00153586862143, 0.00106518121902, 0.00047353489208, 0.000188700054423, 5.19344939676e-05, 8.85099871084e-06],
        "dmean2": [0.00224379985593, 0.0986408963799, 0.786186099052, 2.28105711937, 9.51620292664, 26.5473804474, 16.1079940796, 8.4167509079, 12.4346952438, 23.2270412445, 11.9896087646, 5.89468717575, 6.59125185013, 4.6872625351, 4.99929666519, 2.10346889496, 1.22215485573, 1.63474202156, 2.0706756115, 1.0658352375, 0.974473774433, 1.25069141388, 0.775241315365, 0.521251440048, 0.342819601297, 0.237045481801, 0.108693681657, 0.0352127924562, 0.0298959091306, 0.0240258108824, 0.0117496550083, 0.00779494317248, 0.00698861060664, 0.00415745051578, 0.00271573290229, 0.00193112203851, 0.000869167270139, 0.000350218702806, 9.55905779847e-05, 1.50376672536e-05],
        "dvar": [1.34750016514e-05, 0.0214167237282, 0.932040631771, 6.75478076935, 95.3578262329, 933.53527832, 561.456176758, 395.190002441, 858.342468262, 3118.41699219, 1009.34796143, 444.740905762, 314.692932129, 97.5312271118, 142.327484131, 22.376991272, 10.8478479385, 19.9313926697, 19.9368438721, 4.67708396912, 4.77011680603, 73.6195831299, 5.02527093887, 3.05468821526, 1.37246322632, 0.605049073696, 0.122095808387, 0.00697200233117, 0.00841755978763, 0.0116494707763, 0.00172498810571, 0.00101996213198, 0.00127887784038, 0.000562329834793, 0.000379048025934, 0.000316027668305, 7.6401665865e-05, 1.49093011714e-05, 1.26470138184e-06, 6.85935352962e-09],
        "dvar2": [3.6930290662e-05, 0.0539037287235, 2.33829426765, 15.992184639, 293.848266602, 2932.16894531, 1309.67260742, 913.439819336, 1588.45715332, 5756.64257812, 1692.93786621, 752.184082031, 503.486663818, 182.774383545, 276.554321289, 36.7374839783, 23.3549900055, 39.9118766785, 42.2780914307, 10.5552110672, 12.4083023071, 214.827072144, 12.2117300034, 5.77379417419, 3.18710541725, 1.23212099075, 0.253915935755, 0.0151486909017, 0.0181023553014, 0.0253460388631, 0.00399737432599, 0.00279254605994, 0.00354976346716, 0.00155316630844, 0.0010742477607, 0.000897178251762, 0.000219783367356, 4.28595121775e-05, 3.64056268154e-06, 1.96383247442e-08],
        "max": [0.0947879552841, 4.13946580887, 24.4102993011, 50.3504486084, 235.723068237, 573.706298828, 673.242675781, 842.713256836, 927.530334473, 1529.21569824, 1335.79138184, 1015.83227539, 1083.09619141, 318.314056396, 422.668945312, 399.681243896, 135.592483521, 173.341171265, 200.345733643, 87.0459213257, 101.169120789, 347.624298096, 96.5123748779, 174.50668335, 51.224937439, 29.8572750092, 16.4990367889, 3.46871185303, 3.48830509186, 5.19547748566, 1.6585059166, 0.997947335243, 1.29916143417, 0.791743159294, 0.651307225227, 0.62000900507, 0.325876712799, 0.130854710937, 0.0401284694672, 0.00298122339882],
        "mean": [0.00500826444477, 0.317444473505, 2.39944219589, 4.22336244583, 10.3995723724, 28.9872150421, 29.4148139954, 16.9119510651, 31.7043495178, 65.4269104004, 28.6435222626, 14.0469493866, 16.3068523407, 9.54320907593, 8.71876335144, 3.17189621925, 1.89881396294, 2.66268730164, 3.30675458908, 1.47801589966, 1.21573340893, 0.974171757698, 0.887472569942, 0.700523078442, 0.377604573965, 0.327513366938, 0.14412522316, 0.0544138923287, 0.0432700552046, 0.0288111567497, 0.0132719194517, 0.00712583540007, 0.00470811361447, 0.00305550755002, 0.00176124635618, 0.000966138439253, 0.000402676290832, 0.000140832984471, 4.50375664514e-05, 2.57556621364e-05],
        "median": [0.0020528845489, 0.126034513116, 1.70258522034, 2.9438252449, 6.52616357803, 12.8879108429, 14.3144874573, 6.42757558823, 10.7644414902, 12.5812654495, 7.50538730621, 2.63544464111, 4.0138964653, 3.96882677078, 1.86113786697, 1.17854881287, 0.364128947258, 0.442063242197, 0.279238402843, 0.19410417974, 0.192640066147, 0.126023054123, 0.076246894896, 0.0489329025149, 0.029528722167, 0.0215438380837, 0.0120063070208, 0.00579729350284, 0.00507952738553, 0.00254728179425, 0.00111239915714, 0.00059911434073, 0.00035311706597, 0.000211796519579, 0.000116791321489, 5.53634818061e-05, 2.49700151471e-05, 5.3908938753e-06, 8.61705302668e-06, 1.65614910657e-05],
        "min": [1.73676247982e-22, 1.56593771789e-21, 2.49196338441e-21, 5.80928903806e-21, 2.25589827566e-20, 6.48322838369e-20, 1.42332644885e-19, 1.99722836449e-19, 1.45215847533e-19, 8.48954397344e-20, 2.53919736033e-19, 4.72781179562e-19, 8.90156354129e-19, 1.19161891625e-18, 1.80459149321e-18, 1.62129023402e-18, 2.53384529497e-18, 2.80112017219e-18, 3.34855615979e-18, 6.50166773881e-18, 6.32858970821e-18, 4.44129235466e-18, 8.06937683167e-18, 9.7295862237e-18, 6.84997984627e-18, 7.87307611896e-18, 1.05723641539e-17, 1.23333555774e-17, 1.2790410089e-17, 1.46658212707e-17, 1.48130279869e-17, 1.51375971156e-17, 1.13216425507e-17, 1.10547717512e-17, 7.10999538643e-18, 4.64911734766e-18, 2.52202633158e-18, 8.76684270287e-19, 2.41894029191e-19, 2.9259917969e-20],
        "var": [5.39100219612e-05, 0.23325766623, 7.07643699646, 21.0302734375, 196.654144287, 2208.11035156, 2511.53417969, 1777.61157227, 4330.23144531, 21984.7636719, 5379.24853516, 2147.43505859, 2193.44995117, 366.316040039, 478.436401367, 76.6609191895, 32.5453033447, 79.663772583, 97.8248138428, 16.1303844452, 10.774014473, 43.8764877319, 9.51134395599, 16.1391143799, 2.06851315498, 1.47121679783, 0.252361983061, 0.0205725580454, 0.0172616261989, 0.018586024642, 0.00250157807022, 0.000880310835782, 0.000868113012984, 0.000392575835576, 0.000239033906837, 0.000190458042198, 4.43594944954e-05, 8.61593889567e-06, 7.29104044694e-07, 4.5626999956e-09]
    },
    "gfcc": {
        "mean": [-207.777236938, 208.548141479, -73.2418899536, -17.1822547913, -52.7323226929, -26.2991275787, -31.9329948425, -14.8612422943, -17.9268379211, -13.5587539673, -14.797533989, -10.9775924683, -7.82450246811],
        "cov": [[25113.8125, -222.017181396, -6295.70361328, 1546.73706055, 687.756286621, 756.231628418, 447.795501709, 330.784515381, -215.74559021, -265.25479126, -164.721984863, -81.6502990723, 222.810836792], [-222.017181396, 1620.02453613, 285.746917725, -723.988464355, 284.165588379, -71.563041687, 191.532989502, -218.398422241, 80.8519821167, -229.326950073, -10.176076889, -27.4140110016, 33.4475898743], [-6295.70361328, 285.746917725, 2353.85742188, -207.717895508, -204.31010437, -149.291488647, -92.8676300049, -45.8266143799, 89.0325469971, 66.8171310425, 11.176700592, 16.359872818, -33.5008811951], [1546.73706055, -723.988464355, -207.717895508, 1059.71069336, 57.5373764038, 105.676902771, 50.0243148804, 164.324859619, 23.5221633911, 96.2812957764, -18.5998287201, -14.8005971909, -18.9286384583], [687.756286621, 284.165588379, -204.31010437, 57.5373764038, 327.079986572, 94.2614517212, 81.082321167, 3.21533679962, 11.6549396515, -64.1148681641, -2.19341874123, 0.251845091581, 0.213696867228], [756.231628418, -71.563041687, -149.291488647, 105.676902771, 94.2614517212, 207.391021729, 57.0169258118, 30.4290332794, -9.3975944519, 12.9467658997, 1.55209982395, 5.37115764618, -9.14182758331], [447.795501709, 191.532989502, -92.8676300049, 50.0243148804, 81.082321167, 57.0169258118, 162.691741943, 25.5696315765, 29.1267623901, -22.9842643738, 6.52162837982, -6.41998386383, -5.51140880585], [330.784515381, -218.398422241, -45.8266143799, 164.324859619, 3.21533679962, 30.4290332794, 25.5696315765, 177.971664429, 21.3564357758, 39.1221389771, 24.8211250305, -9.04014587402, -1.10709655285], [-215.74559021, 80.8519821167, 89.0325469971, 23.5221633911, 11.6549396515, -9.3975944519, 29.1267623901, 21.3564357758, 95.7024078369, 21.9521980286, -5.49789953232, -6.6229634285, -7.71554851532], [-265.25479126, -229.326950073, 66.8171310425, 96.2812957764, -64.1148681641, 12.9467658997, -22.9842643738, 39.1221389771, 21.9521980286, 113.797363281, 33.7850418091, -15.8280944824, -17.2013530731], [-164.721984863, -10.176076889, 11.176700592, -18.5998287201, -2.19341874123, 1.55209982395, 6.52162837982, 24.8211250305, -5.49789953232, 33.7850418091, 83.7237319946, 4.29260969162, -8.30961036682], [-81.6502990723, -27.4140110016, 16.359872818, -14.8005971909, 0.251845091581, 5.37115764618, -6.41998386383, -9.04014587402, -6.6229634285, -15.8280944824, 4.29260969162, 87.3557891846, 23.2104873657], [222.810836792, 33.4475898743, -33.5008811951, -18.9286384583, 0.213696867228, -9.14182758331, -5.51140880585, -1.10709655285, -7.71554851532, -17.2013530731, -8.30961036682, 23.2104873657, 83.3012008667]],
        "icov": [[0.000290639087325, -0.000866762828082, 0.000830618897453, -0.00069483439438, 0.000728515791707, -0.000760988972615, 0.000714131630957, -0.000825762923341, 0.000691116147209, -0.000432862259913, 0.00063869508449, -0.000269120006124, -0.000188986668945], [-0.000866762828082, 0.00601707445458, -0.00298131257296, 0.00373307289556, -0.00433407723904, 0.00319283502176, -0.00537141272798, 0.00520540354773, -0.00519867101684, 0.00546990055591, -0.00386337353848, 0.00328867300414, -0.0010267496109], [0.000830618897453, -0.00298131257296, 0.00294373161159, -0.00215746974573, 0.00259567657486, -0.00213752966374, 0.00267845438793, -0.00266764708795, 0.00191543833353, -0.00199607526883, 0.00207994645461, -0.00132657436188, -8.81497253431e-05], [-0.00069483439438, 0.00373307289556, -0.00215746974573, 0.00377999641933, -0.0031650364399, 0.00218210485764, -0.0036042612046, 0.00227137259208, -0.00276956870221, 0.00151984009426, -0.00118749006651, 0.00156377884559, -0.000106683226477], [0.000728515791707, -0.00433407723904, 0.00259567657486, -0.0031650364399, 0.00795503053814, -0.00454839551821, 0.00328497728333, -0.00341447535902, 0.00199015252292, 9.36995929806e-05, 0.00113241898362, -0.00158452813048, 0.000526876421645], [-0.000760988972615, 0.00319283502176, -0.00213752966374, 0.00218210485764, -0.00454839551821, 0.0092326970771, -0.00494595104828, 0.00230167317204, -0.000229826036957, -0.00103537726682, -0.000438260671217, -2.76392202068e-05, 0.000846811803058], [0.000714131630957, -0.00537141272798, 0.00267845438793, -0.0036042612046, 0.00328497728333, -0.00494595104828, 0.0135986870155, -0.00513064814731, 0.000999821582809, -0.00134730292484, 0.00106412940659, -0.00191742694005, 0.00123993179295], [-0.000825762923341, 0.00520540354773, -0.00266764708795, 0.00227137259208, -0.00341447535902, 0.00230167317204, -0.00513064814731, 0.0119706615806, -0.00593235017732, 0.00395526830107, -0.00573676964268, 0.00345685519278, -0.00162528338842], [0.000691116147209, -0.00519867101684, 0.00191543833353, -0.00276956870221, 0.00199015252292, -0.000229826036957, 0.000999821582809, -0.00593235017732, 0.018720401451, -0.0102913146839, 0.00732735078782, -0.00359698780812, 0.00167878565844], [-0.000432862259913, 0.00546990055591, -0.00199607526883, 0.00151984009426, 9.36995929806e-05, -0.00103537726682, -0.00134730292484, 0.00395526830107, -0.0102913146839, 0.0233075506985, -0.0111126070842, 0.0064930813387, -0.000704348029103], [0.00063869508449, -0.00386337353848, 0.00207994645461, -0.00118749006651, 0.00113241898362, -0.000438260671217, 0.00106412940659, -0.00573676964268, 0.00732735078782, -0.0111126070842, 0.0192402340472, -0.0046175038442, 0.00194254145026], [-0.000269120006124, 0.00328867300414, -0.00132657436188, 0.00156377884559, -0.00158452813048, -2.76392202068e-05, -0.00191742694005, 0.00345685519278, -0.00359698780812, 0.0064930813387, -0.0046175038442, 0.0153114767745, -0.00457797339186], [-0.000188986668945, -0.0010267496109, -8.81497253431e-05, -0.000106683226477, 0.000526876421645, 0.000846811803058, 0.00123993179295, -0.00162528338842, 0.00167878565844, -0.000704348029103, 0.00194254145026, -0.00457797339186, 0.0144941145554]]
    },
    "melbands": {
        "dmean": [2.97287151625e-05, 0.000197841058252, 0.000299413630273, 0.000762781128287, 0.000437329115812, 0.000128683677758, 0.000152897569933, 0.000183048308827, 6.47078850307e-05, 2.62720932369e-05, 2.58318996202e-05, 1.38769582918e-05, 1.48413573697e-05, 4.00565750169e-06, 2.55208101407e-06, 1.76322691914e-06, 2.02687624551e-06, 2.20838887799e-06, 9.73630108092e-07, 8.41677206154e-07, 7.79823210451e-07, 8.90963406164e-07, 4.18450554207e-07, 5.73209717913e-07, 2.50266850799e-07, 2.11756812973e-07, 9.49267402461e-08, 1.04050151606e-07, 5.7605735293e-08, 2.20526725769e-08, 1.26288801638e-08, 1.20863230535e-08, 1.32412996123e-08, 8.12233391656e-09, 5.12970066424e-09, 2.56628607254e-09, 2.90155410809e-09, 3.00471558745e-09, 2.52360754516e-09, 1.9509835969e-09],
        "dmean2": [5.06320793647e-05, 0.00030884690932, 0.000471061503049, 0.00134964438621, 0.000690424698405, 0.000198382142116, 0.000202758950763, 0.000237601649133, 8.47071278258e-05, 3.49396432284e-05, 3.27120069414e-05, 1.91045946849e-05, 2.1220123017e-05, 6.15834824202e-06, 3.88113267036e-06, 2.70848818218e-06, 3.02963462673e-06, 3.39696521223e-06, 1.50255129938e-06, 1.32683555876e-06, 1.25734959511e-06, 1.57121633038e-06, 6.79823358496e-07, 9.15641237498e-07, 3.73931300146e-07, 3.36464125894e-07, 1.43014446508e-07, 1.53271273007e-07, 8.61719371414e-08, 3.4382324543e-08, 1.9805979079e-08, 1.80656023474e-08, 2.01178806947e-08, 1.18407434968e-08, 8.2728348616e-09, 4.21181356458e-09, 4.92911045313e-09, 5.27971399933e-09, 4.33516111897e-09, 3.36279359914e-09],
        "dvar": [6.1980616195e-09, 1.49809253003e-07, 2.43780874598e-07, 2.13854445974e-06, 7.04587421296e-07, 2.00414675078e-07, 2.08612149777e-07, 2.90738455533e-07, 5.54104033768e-08, 1.38199567346e-08, 7.8305255613e-09, 1.80943771078e-09, 2.78927325681e-09, 1.70606709315e-10, 6.65179855641e-11, 4.33146678247e-11, 6.61377133615e-11, 5.50013853906e-11, 7.64903071437e-12, 1.31128103167e-11, 7.39400034255e-12, 1.33043145945e-10, 3.94371688084e-12, 9.05793669237e-12, 2.51410372555e-12, 1.63740234479e-12, 1.38130541619e-13, 2.42390336318e-13, 7.61356310029e-14, 5.880338195e-15, 2.18219806476e-15, 2.49124629414e-15, 4.9615611336e-15, 3.92662578545e-15, 7.69773219251e-16, 1.95653242045e-16, 4.87141776977e-16, 6.93283920652e-16, 4.60994875747e-16, 4.34281124186e-16],
        "dvar2": [1.63088298422e-08, 3.72444787899e-07, 6.10152028457e-07, 6.89630496709e-06, 1.75961156401e-06, 4.67344676736e-07, 3.8530200186e-07, 5.41116378372e-07, 9.25639866978e-08, 2.3530400739e-08, 1.2499327795e-08, 3.37068217782e-09, 5.44899902977e-09, 3.11209974457e-10, 1.29905891599e-10, 8.86068024508e-11, 1.33831085103e-10, 1.19109264118e-10, 1.6104889991e-11, 3.11305807521e-11, 1.84702236145e-11, 3.87540138869e-10, 1.0751751052e-11, 2.25981663937e-11, 4.47152167724e-12, 3.97119359966e-12, 2.89171871127e-13, 4.88294842928e-13, 1.6170319749e-13, 1.2499777858e-14, 5.03470200507e-15, 5.22186028752e-15, 1.11303703748e-14, 8.58167195346e-15, 1.78900918229e-15, 5.0818768698e-16, 1.34973948403e-15, 1.93916821857e-15, 1.25970644624e-15, 1.2026671417e-15],
        "max": [0.00221325643361, 0.00949407182634, 0.012767618522, 0.0313763022423, 0.0193961095065, 0.0174137298018, 0.0147361643612, 0.0140736289322, 0.0101288659498, 0.00547031220049, 0.00540169933811, 0.00141046009958, 0.00182642578147, 0.000827042851597, 0.00046888567158, 0.000222299422603, 0.000295075646136, 0.000313285650918, 0.000132871980895, 0.000306435948005, 6.75417832099e-05, 0.000476717803394, 9.93560970528e-05, 0.000139195995871, 0.000167254416738, 4.79364243802e-05, 1.25026717797e-05, 1.78154441528e-05, 1.19404558063e-05, 3.14926069223e-06, 2.13170505958e-06, 1.97285498871e-06, 3.15974989462e-06, 3.02855187329e-06, 1.10756434424e-06, 3.95943629883e-07, 7.25971972315e-07, 8.68512302077e-07, 7.76355989274e-07, 7.21961328054e-07],
        "mean": [0.000140777221532, 0.000985426129773, 0.00081977865193, 0.00145482062362, 0.00112099270336, 0.000403627753258, 0.000536058098078, 0.000650012458209, 0.00019291586068, 7.97423854237e-05, 7.93567596702e-05, 3.71616770281e-05, 3.58588804374e-05, 8.45623253554e-06, 5.80629830438e-06, 3.97703752242e-06, 4.60808314529e-06, 5.35170784133e-06, 2.24951463679e-06, 1.66693655501e-06, 1.43725844737e-06, 1.1238356592e-06, 6.64593073907e-07, 1.02048250028e-06, 5.00828662098e-07, 3.26284464336e-07, 1.80508408221e-07, 2.07612927738e-07, 1.0232182035e-07, 4.60683899917e-08, 2.64648765125e-08, 2.48306086803e-08, 2.3468812671e-08, 1.24669172763e-08, 8.70400729269e-09, 4.29459001694e-09, 3.92408860961e-09, 3.29284954859e-09, 3.01564551108e-09, 2.37491160071e-09],
        "median": [4.38115785073e-05, 0.000677728559822, 0.000602770189289, 0.000776827160735, 0.000552413519472, 0.000149632309331, 0.000166093872394, 0.000134963687742, 4.05863538617e-05, 1.17455456348e-05, 1.73417065525e-05, 1.41614664244e-05, 5.0217468015e-06, 2.83087592834e-06, 1.45164472087e-06, 5.49452806808e-07, 6.80064772496e-07, 3.84291070077e-07, 2.63665071998e-07, 2.27795510455e-07, 1.64414544201e-07, 1.15431689096e-07, 6.38813446585e-08, 4.17545749087e-08, 2.62278909702e-08, 1.71303717877e-08, 1.59637885133e-08, 1.17264526978e-08, 6.82313761047e-09, 3.32902105882e-09, 3.06263059358e-09, 2.87277179822e-09, 1.99308836102e-09, 8.97720786597e-10, 6.56975474023e-10, 3.86435050626e-10, 2.94980734283e-10, 2.33976782393e-10, 1.91144350348e-10, 1.41482311977e-10],
        "min": [2.37092539495e-24, 1.60115235983e-24, 2.47512169318e-24, 2.57916810785e-24, 4.10025167745e-24, 4.57317142354e-24, 1.94958078319e-24, 8.34366543754e-25, 2.03189624928e-24, 3.72744193009e-24, 3.95133840437e-24, 3.90685256577e-24, 6.12727316076e-24, 2.58792209731e-24, 3.35604384933e-24, 4.4689439653e-24, 4.19129214236e-24, 3.96147290042e-24, 5.72093721937e-24, 8.46776864072e-24, 6.85880872729e-24, 3.86971417764e-24, 6.64544157395e-24, 6.69947144621e-24, 7.25400279726e-24, 5.30807542614e-24, 4.45004601346e-24, 4.34213496922e-24, 5.01551965412e-24, 5.96547857796e-24, 6.84772523157e-24, 6.31682223679e-24, 7.99268741574e-24, 8.13977526468e-24, 7.94647515505e-24, 7.2863374169e-24, 9.14707964317e-24, 6.67977122282e-24, 8.42626351305e-24, 9.33029653271e-24],
        "var": [5.11534850034e-08, 1.27259545479e-06, 7.24933840957e-07, 4.76097238788e-06, 2.8402002954e-06, 8.9132629455e-07, 1.12833538424e-06, 1.99158398573e-06, 2.97709675579e-07, 6.62078889491e-08, 5.45628182635e-08, 6.54569420888e-09, 9.66452873286e-09, 4.94088325809e-10, 2.12128176136e-10, 1.611308309e-10, 2.51903581328e-10, 2.64548688511e-10, 3.35895374015e-11, 4.790099567e-11, 1.52264086756e-11, 7.90518622784e-11, 5.45632419455e-12, 1.95026442912e-11, 1.38478846445e-11, 2.06512129446e-12, 3.0804783095e-13, 6.4337885063e-13, 1.53473384717e-13, 1.70522487596e-14, 5.53851508452e-15, 5.87989562028e-15, 7.79871874273e-15, 5.56345046394e-15, 1.11368633059e-15, 2.272154499e-16, 3.68125574605e-16, 4.56586228075e-16, 3.3294175827e-16, 2.97145801811e-16]
    },
    "mfcc": {
        "mean": [-834.874084473, 218.007400513, 33.7745246887, 14.3882703781, -4.82758951187, -9.33844470978, -12.7132291794, -9.61557102203, -6.76726913452, -7.91700935364, -8.51978492737, -7.71169424057, -4.16305065155],
        "cov": [[11887.3330078, 2783.96142578, -2994.85400391, 581.084777832, -30.5790805817, 249.104919434, 395.945526123, 467.414001465, 413.494537354, 320.749786377, 36.6331634521, -79.7350692749, 88.4705963135], [2783.96142578, 2267.51098633, -236.334625244, -407.639373779, -59.8081817627, 44.7827644348, 80.1837997437, 129.480621338, 113.300628662, -55.7930221558, -87.0649337769, -33.9112968445, -38.4997177124], [-2994.85400391, -236.334625244, 1263.9083252, -199.409408569, -24.7947177887, -65.2648010254, -142.685394287, -140.518051147, -96.8267364502, -86.0870361328, -33.9977226257, -2.64805150032, -40.3081359863], [581.084777832, -407.639373779, -199.409408569, 565.197631836, 122.538467407, 24.4443302155, 42.5703659058, 33.5195465088, 66.9175262451, 114.857398987, 62.3180389404, 16.2227268219, 45.0907783508], [-30.5790805817, -59.8081817627, -24.7947177887, 122.538467407, 217.253433228, 104.944190979, 56.5942459106, 59.0803947449, 37.536781311, 8.35932731628, 12.9413852692, 29.7242794037, 9.67243289948], [249.104919434, 44.7827644348, -65.2648010254, 24.4443302155, 104.944190979, 198.214782715, 107.829727173, 46.7373428345, 37.1192016602, 35.4000396729, 18.5954647064, 2.85735082626, 24.019865036], [395.945526123, 80.1837997437, -142.685394287, 42.5703659058, 56.5942459106, 107.829727173, 155.325042725, 87.6715621948, 39.4878082275, 33.9815826416, 21.9892139435, 20.9181041718, 24.333190918], [467.414001465, 129.480621338, -140.518051147, 33.5195465088, 59.0803947449, 46.7373428345, 87.6715621948, 143.787521362, 73.1670379639, 5.64779853821, 10.2079496384, 31.9082679749, 15.246348381], [413.494537354, 113.300628662, -96.8267364502, 66.9175262451, 37.536781311, 37.1192016602, 39.4878082275, 73.1670379639, 119.571037292, 60.4621315002, 4.32020950317, 10.6401109695, 24.1583766937], [320.749786377, -55.7930221558, -86.0870361328, 114.857398987, 8.35932731628, 35.4000396729, 33.9815826416, 5.64779853821, 60.4621315002, 139.41343689, 58.1158065796, -4.85633420944, 35.2580795288], [36.6331634521, -87.0649337769, -33.9977226257, 62.3180389404, 12.9413852692, 18.5954647064, 21.9892139435, 10.2079496384, 4.32020950317, 58.1158065796, 103.296615601, 40.578502655, 13.1964969635], [-79.7350692749, -33.9112968445, -2.64805150032, 16.2227268219, 29.7242794037, 2.85735082626, 20.9181041718, 31.9082679749, 10.6401109695, -4.85633420944, 40.578502655, 91.7892074585, 32.2527351379], [88.4705963135, -38.4997177124, -40.3081359863, 45.0907783508, 9.67243289948, 24.019865036, 24.333190918, 15.246348381, 24.1583766937, 35.2580795288, 13.1964969635, 32.2527351379, 80.7630615234]],
