{
"lowlevel": {
    "average_loudness": 0.279114872217,
    "barkbands_crest": {
        "dmean": 1.69983422756,
        "dmean2": 2.61024785042,
        "dvar": 4.20875024796,
        "dvar2": 10.7124681473,
        "max": 26.20977211,
        "mean": 14.2664642334,
        "median": 13.3979511261,
        "min": 3.67205667496,
        "var": 25.9982910156
    },
    "barkbands_flatness_db": {
        "dmean": 0.0218020137399,
        "dmean2": 0.0290494058281,
        "dvar": 0.000671867164783,
        "dvar2": 0.00129141414072,
        "max": 0.577645897865,
        "mean": 0.250897049904,
        "median": 0.233824580908,
        "min": 0.0413028746843,
        "var": 0.00786772649735
    },
    "barkbands_kurtosis": {
        "dmean": 7.89993572235,
        "dmean2": 11.7437210083,
        "dvar": 299.926757812,
        "dvar2": 682.200927734,
        "max": 915.412536621,
        "mean": 22.8980102539,
        "median": 10.3429822922,
        "min": -1.96540617943,
        "var": 2367.94042969
    },
    "barkbands_skewness": {
        "dmean": 0.640444934368,
        "dmean2": 0.9175542593,
        "dvar": 0.792094945908,
        "dvar2": 1.77763462067,
        "max": 24.3762683868,
        "mean": 2.78777551651,
        "median": 2.49796628952,
        "min": -3.60501885414,
        "var": 5.66921329498
    },
    "barkbands_spread": {
        "dmean": 2.79086995125,
        "dmean2": 4.10332965851,
        "dvar": 57.0784568787,
        "dvar2": 118.659156799,
        "max": 132.735305786,
        "mean": 8.88502025604,
        "median": 5.75500583649,
        "min": 0.223637253046,
        "var": 157.382980347
    },
    "dissonance": {
        "dmean": 0.0297947339714,
        "dmean2": 0.0479262433946,
        "dvar": 0.000868967093993,
        "dvar2": 0.00219931523316,
        "max": 0.499993562698,
        "mean": 0.406273514032,
        "median": 0.417698085308,
        "min": 0.112630486488,
        "var": 0.00381553010084
    },
    "dynamic_complexity": 6.08399486542,
    "erbbands_crest": {
        "dmean": 2.09645152092,
        "dmean2": 3.14902973175,
        "dvar": 5.4374756813,
        "dvar2": 12.8322973251,
        "max": 31.3124656677,
        "mean": 11.7530632019,
        "median": 10.9081869125,
        "min": 2.4030559063,
        "var": 25.6332473755
    },
    "erbbands_flatness_db": {
        "dmean": 0.0197409801185,
        "dmean2": 0.0253940392286,
        "dvar": 0.000503635674249,
        "dvar2": 0.000917509372812,
        "max": 0.450123518705,
        "mean": 0.194038212299,
        "median": 0.193751826882,
        "min": 0.035740621388,
        "var": 0.00432069553062
    },
    "erbbands_kurtosis": {
        "dmean": 1.89197731018,
        "dmean2": 2.82009935379,
        "dvar": 9.04239654541,
        "dvar2": 19.2906723022,
        "max": 197.458312988,
        "mean": 4.86615562439,
        "median": 2.75899243355,
        "min": -1.93003201485,
        "var": 104.775474548
    },
    "erbbands_skewness": {
        "dmean": 0.379701584578,
        "dmean2": 0.551321804523,
        "dvar": 0.207469254732,
        "dvar2": 0.422538787127,
        "max": 11.9219970703,
        "mean": 1.26582109928,
        "median": 1.20928311348,
        "min": -4.66122579575,
        "var": 1.45246171951
    },
    "erbbands_spread": {
        "dmean": 7.30331420898,
        "dmean2": 10.6867790222,
        "dvar": 170.630371094,
        "dvar2": 372.011627197,
        "max": 180.487594604,
        "mean": 27.5807743073,
        "median": 19.7138309479,
        "min": 2.00724220276,
        "var": 582.69329834
    },
    "hfc": {
        "dmean": 2.39029836655,
        "dmean2": 3.27200865746,
        "dvar": 25.2844581604,
        "dvar2": 47.8101234436,
        "max": 141.760879517,
        "mean": 10.1417579651,
        "median": 3.68514823914,
        "min": 1.1372484049e-16,
        "var": 191.447662354
    },
    "melbands_crest": {
        "dmean": 1.90478563309,
        "dmean2": 2.98227214813,
        "dvar": 5.58374071121,
        "dvar2": 14.2411661148,
        "max": 34.939617157,
        "mean": 17.6332893372,
        "median": 17.2079582214,
        "min": 1.66046893597,
        "var": 33.0285491943
    },
    "melbands_flatness_db": {
        "dmean": 0.024377355352,
        "dmean2": 0.0320843793452,
        "dvar": 0.000915414711926,
        "dvar2": 0.00173385988455,
        "max": 0.725969552994,
        "mean": 0.353559225798,
        "median": 0.337328642607,
        "min": 0.00425483472645,
        "var": 0.0110496152192
    },
    "melbands_kurtosis": {
        "dmean": 12.8032131195,
        "dmean2": 19.2325725555,
        "dvar": 804.602478027,
        "dvar2": 1834.8137207,
        "max": 1497.71960449,
        "mean": 33.4740982056,
        "median": 17.8979644775,
        "min": -1.91034805775,
        "var": 3857.43237305
    },
    "melbands_skewness": {
        "dmean": 0.744274377823,
        "dmean2": 1.08573138714,
        "dvar": 1.21428227425,
        "dvar2": 2.66874289513,
        "max": 27.1599407196,
        "mean": 3.29728913307,
        "median": 3.03451490402,
        "min": -1.06411242485,
        "var": 6.27031707764
    },
    "melbands_spread": {
        "dmean": 2.33256983757,
        "dmean2": 3.33254027367,
        "dvar": 62.2725601196,
        "dvar2": 111.754974365,
        "max": 255.643447876,
        "mean": 9.08074188232,
        "median": 5.02843475342,
        "min": 0.174894854426,
        "var": 268.995483398
    },
    "pitch_salience": {
        "dmean": 0.0500701144338,
        "dmean2": 0.0778220891953,
        "dvar": 0.00337242870592,
        "dvar2": 0.00854856520891,
        "max": 0.894251585007,
        "mean": 0.441448539495,
        "median": 0.449076801538,
        "min": 0.0211737528443,
        "var": 0.0161821730435
    },
    "silence_rate_20dB": {
        "dmean": 0,
        "dmean2": 0,
        "dvar": 0,
        "dvar2": 0,
        "max": 1,
        "mean": 1,
        "median": 1,
        "min": 1,
        "var": 0
    },
    "silence_rate_30dB": {
        "dmean": 0.00530793843791,
        "dmean2": 0.0106167057529,
        "dvar": 0.00528046116233,
        "dvar2": 0.0130003774539,
        "max": 1,
        "mean": 0.993365585804,
        "median": 1,
        "min": 0,
        "var": 0.00659101735801
    },
    "silence_rate_60dB": {
        "dmean": 0.0179533213377,
        "dmean2": 0.0359094440937,
        "dvar": 0.0176292750984,
        "dvar2": 0.0393024422228,
        "max": 1,
        "mean": 0.131361231208,
        "median": 0,
        "min": 0,
        "var": 0.114098638296
    },
    "spectral_centroid": {
        "dmean": 105.222213745,
        "dmean2": 150.448516846,
        "dvar": 73883.5390625,
        "dvar2": 125350.046875,
        "max": 11525.375,
        "mean": 564.481018066,
        "median": 434.466217041,
        "min": 104.997703552,
        "var": 304268.0625
    },
    "spectral_complexity": {
        "dmean": 1.31090474129,
        "dmean2": 2.05355191231,
        "dvar": 4.11431312561,
        "dvar2": 7.84918260574,
        "max": 42,
        "mean": 8.1004524231,
        "median": 7,
        "min": 0,
        "var": 28.2564735413
    },
    "spectral_decrease": {
        "dmean": 1.39124278764e-09,
        "dmean2": 2.14180517766e-09,
        "dvar": 8.81423312093e-18,
        "dvar2": 2.20595801391e-17,
        "max": 4.13391617493e-18,
        "mean": -6.26602503218e-09,
        "median": -4.46296066769e-09,
        "min": -3.94721411112e-08,
        "var": 3.55261797731e-17
    },
    "spectral_energy": {
        "dmean": 0.00541505590081,
        "dmean2": 0.00830410607159,
        "dvar": 0.000131107371999,
        "dvar2": 0.00032611633651,
        "max": 0.15148177743,
        "mean": 0.02456930466,
        "median": 0.01733488217,
        "min": 1.02630738136e-20,
        "var": 0.000554697588086
    },
    "spectral_energyband_high": {
        "dmean": 0.00010102482338,
        "dmean2": 0.000137123090099,
        "dvar": 1.58857574206e-07,
        "dvar2": 2.77404126336e-07,
        "max": 0.0163581892848,
        "mean": 0.00020110164769,
        "median": 2.5466812076e-05,
        "min": 7.70228338806e-21,
        "var": 4.60599551388e-07
    },
    "spectral_energyband_low": {
        "dmean": 0.00300203659572,
        "dmean2": 0.00499043799937,
        "dvar": 8.19522392703e-05,
        "dvar2": 0.000223688068218,
        "max": 0.129007682204,
        "mean": 0.010930782184,
        "median": 0.00959131121635,
        "min": 7.47749072047e-23,
        "var": 0.000105072766019
    },
    "spectral_energyband_middle_high": {
        "dmean": 0.000638640602119,
        "dmean2": 0.000859272025991,
        "dvar": 2.62629077952e-06,
        "dvar2": 4.93111474498e-06,
        "max": 0.0574616342783,
        "mean": 0.00230479915626,
        "median": 0.000329518457875,
        "min": 1.16756371806e-21,
        "var": 2.27474884014e-05
    },
    "spectral_energyband_middle_low": {
        "dmean": 0.00335855036974,
        "dmean2": 0.00491050677374,
        "dvar": 5.31061305082e-05,
        "dvar2": 0.000120966979011,
        "max": 0.12363229692,
        "mean": 0.0120269237086,
        "median": 0.00511890742928,
        "min": 3.44528727333e-22,
        "var": 0.000254975602729
    },
    "spectral_entropy": {
        "dmean": 0.219671607018,
        "dmean2": 0.290643543005,
        "dvar": 0.0772186368704,
        "dvar2": 0.142327845097,
        "max": 9.79727745056,
        "mean": 6.58933162689,
        "median": 6.6166806221,
        "min": 4.09115123749,
        "var": 0.672123551369
    },
    "spectral_flux": {
        "dmean": 0.0165066532791,
        "dmean2": 0.0253605600446,
        "dvar": 0.00071321579162,
        "dvar2": 0.00151401304174,
        "max": 0.300811618567,
        "mean": 0.0435124672949,
        "median": 0.0292914733291,
        "min": 1.0130683098e-10,
        "var": 0.00199139676988
    },
    "spectral_kurtosis": {
        "dmean": 4.93246936798,
        "dmean2": 7.53346633911,
        "dvar": 69.6890258789,
        "dvar2": 148.800445557,
        "max": 221.556045532,
        "mean": 15.2663059235,
        "median": 9.24427032471,
        "min": -1.30345344543,
        "var": 367.791687012
    },
    "spectral_rms": {
        "dmean": 0.000477229012176,
        "dmean2": 0.00070805643918,
        "dvar": 7.0605011615e-07,
        "dvar2": 1.65446544997e-06,
        "max": 0.0121567714959,
        "mean": 0.00432491675019,
        "median": 0.00411242991686,
        "min": 3.16429369686e-12,
        "var": 5.26513122168e-06
    },
    "spectral_rolloff": {
        "dmean": 172.810256958,
        "dmean2": 293.424499512,
        "dvar": 684529.0625,
        "dvar2": 1476452.75,
        "max": 19272.2167969,
        "mean": 643.523193359,
        "median": 322.998046875,
        "min": 64.599609375,
        "var": 2528199
    },
    "spectral_skewness": {
        "dmean": 0.432502269745,
        "dmean2": 0.630234837532,
        "dvar": 0.298062562943,
        "dvar2": 0.605810105801,
        "max": 12.3970489502,
        "mean": 2.866512537,
        "median": 2.56226539612,
        "min": -0.0692911669612,
        "var": 2.15822076797
    },
    "spectral_spread": {
        "dmean": 667262.25,
        "dmean2": 920167.125,
        "dvar": 1.02006049997e+12,
        "dvar2": 1.88805401805e+12,
        "max": 41299748,
        "mean": 4036235.75,
        "median": 3696040,
        "min": 410083.84375,
        "var": 4.25134469939e+12
    },
    "spectral_strongpeak": {
        "dmean": 0.266697049141,
        "dmean2": 0.447987258434,
        "dvar": 0.395643204451,
        "dvar2": 0.947799503803,
        "max": 9.91772460938,
        "mean": 0.834040880203,
        "median": 0.320201933384,
        "min": 0,
        "var": 1.67694318295
    },
    "zerocrossingrate": {
        "dmean": 0.006095378194,
        "dmean2": 0.00712212128565,
        "dvar": 0.000168401456904,
        "dvar2": 0.00018002766592,
        "max": 0.55029296875,
        "mean": 0.0279077589512,
        "median": 0.01904296875,
        "min": 0.00244140625,
        "var": 0.00186508696061
    },
    "barkbands": {
        "dmean": [6.90034066793e-05, 0.00208722939715, 0.00099059951026, 0.000907821871806, 0.00090514565818, 0.000826917297672, 0.000710527121555, 0.000786158256233, 0.000659236335196, 0.000319134182064, 0.000270288612228, 0.000143532277434, 0.000111559376819, 8.22517467896e-05, 4.01648903789e-05, 2.43370814133e-05, 2.31344620261e-05, 1.97534263862e-05, 1.97801236936e-05, 1.6081648937e-05, 2.0382596631e-05, 2.46543204412e-05, 2.00904614758e-05, 2.09267127502e-05, 1.33124631247e-05, 1.48160006574e-05, 2.57318811236e-06],
        "dmean2": [0.000116299612273, 0.00348030216992, 0.00168806232978, 0.00152408191934, 0.00141153100412, 0.00120826484635, 0.00102621223778, 0.001139693195, 0.000902761239558, 0.000430313346442, 0.000372793758288, 0.000211644903175, 0.000167134217918, 0.000127687992062, 6.08577611274e-05, 3.65877567674e-05, 3.5805394873e-05, 3.04716977553e-05, 2.90903026325e-05, 2.45418978011e-05, 2.96861744573e-05, 3.53921495844e-05, 2.91478081635e-05, 2.89148210868e-05, 1.92349179997e-05, 2.31565882132e-05, 3.7971153688e-06],
        "dvar": [6.82448941802e-08, 4.58625909232e-05, 9.7523770819e-06, 8.23224218038e-06, 4.40538997282e-06, 5.22294794791e-06, 6.97347604728e-06, 7.46073601476e-06, 5.08261337018e-06, 1.39851033509e-06, 8.87627891188e-07, 3.94742244225e-07, 2.9484496622e-07, 1.2526029991e-07, 3.13077279657e-08, 1.11530233937e-08, 5.8162901162e-09, 4.5299803908e-09, 1.75068581854e-08, 6.32032559622e-09, 8.72012062558e-09, 1.17084040241e-08, 7.87379761391e-09, 1.07356239454e-08, 5.93775162372e-09, 6.15231199319e-09, 1.7033510713e-10],
        "dvar2": [1.82040324148e-07, 0.000125899940031, 2.80665244645e-05, 2.17403248826e-05, 1.15338361866e-05, 1.20446411529e-05, 1.41545642691e-05, 1.60227264132e-05, 9.38578796195e-06, 2.3373509066e-06, 1.66148640801e-06, 8.49859304708e-07, 6.06261949088e-07, 3.02220797721e-07, 7.13200236646e-08, 2.17814424275e-08, 1.37634623698e-08, 1.09846451934e-08, 3.63137537818e-08, 1.41641161022e-08, 1.82784365421e-08, 2.40960904563e-08, 1.65811648856e-08, 1.83377029117e-08, 1.09820774696e-08, 1.57964716863e-08, 3.24265531093e-10],
        "max": [0.00490468833596, 0.109995350242, 0.0712370723486, 0.0544192716479, 0.0354246497154, 0.0778987705708, 0.105369642377, 0.0732224285603, 0.0954062119126, 0.05364670977, 0.035506170243, 0.0369517616928, 0.0359660871327, 0.0135576352477, 0.00813074316829, 0.00769304577261, 0.00269598024897, 0.00250484002754, 0.00690337689593, 0.00293268775567, 0.00410687178373, 0.00369911664166, 0.00381038733758, 0.00588685553521, 0.00417695287615, 0.00218102731742, 0.00102046062239],
        "mean": [0.00011401251686, 0.00745153287426, 0.0026773896534, 0.00147583440412, 0.00214506802149, 0.00193519832101, 0.00150563218631, 0.00211685406975, 0.00235299416818, 0.000857494189404, 0.000758428825065, 0.000364710780559, 0.000246814044658, 0.00013373180991, 6.56014599372e-05, 4.2442130507e-05, 4.01883298764e-05, 3.80698038498e-05, 3.22415180563e-05, 2.66464394372e-05, 3.38557947543e-05, 4.21267468482e-05, 3.40458609571e-05, 3.62061509804e-05, 2.15111140278e-05, 1.74266187969e-05, 3.19209198096e-06],
        "median": [5.62549166716e-06, 0.00570266461, 0.00138363265432, 0.000557791732717, 0.000973432906903, 0.000713784480467, 0.000151727144839, 9.83188438113e-05, 6.34391617496e-05, 4.67821373604e-05, 5.67066927033e-05, 2.44262482738e-05, 1.25860960907e-05, 1.28484607558e-05, 8.51559252624e-06, 7.05488446329e-06, 4.93312336403e-06, 5.76060847379e-06, 4.69074166176e-06, 3.76320463147e-06, 3.77066362489e-06, 4.03950434702e-06, 2.99449857266e-06, 3.16974910675e-06, 1.89809850326e-06, 1.26229383568e-06, 1.8870123597e-07],
        "min": [1.12046786373e-22, 2.02018205927e-23, 1.55532021177e-23, 3.00543130679e-23, 4.82317256735e-23, 6.02667517266e-23, 4.33658138844e-23, 8.24543608319e-23, 6.44412143104e-23, 4.4463883021e-23, 1.59499628654e-23, 4.97136071948e-23, 6.9135580407e-23, 5.92838941475e-23, 1.5275554318e-22, 1.21592886851e-22, 1.20352696534e-22, 1.42276415889e-22, 2.0321352268e-22, 3.41466558626e-22, 4.03841171935e-22, 6.49516767358e-22, 6.7431643376e-22, 9.4386740304e-22, 1.19656835387e-21, 1.61830374366e-21, 2.21262554169e-21],
        "var": [7.55212639092e-08, 6.88448271831e-05, 1.30682774397e-05, 8.71758584253e-06, 9.96437029244e-06, 1.37953920785e-05, 2.30221103266e-05, 3.04118239001e-05, 5.60307234991e-05, 8.01662645245e-06, 4.81436700284e-06, 1.48966819324e-06, 1.7942162458e-06, 2.97464850973e-07, 6.15741839738e-08, 2.42060274047e-08, 1.40489646583e-08, 8.89942519677e-09, 2.80917902273e-08, 1.2097282287e-08, 1.7142101072e-08, 2.62398085482e-08, 1.83783495089e-08, 2.71270277352e-08, 1.31744704035e-08, 6.36770991491e-09, 2.73968320252e-10]
    },
    "erbbands": {
        "dmean": [0.0540228150785, 0.507296681404, 1.16903078556, 1.89266514778, 3.51628279686, 2.87671852112, 4.46665287018, 6.96348524094, 9.66693592072, 10.7444343567, 19.6555957794, 12.7023305893, 9.70841598511, 8.75278759003, 9.23526000977, 6.24322843552, 4.79788160324, 4.31154966354, 2.46471142769, 1.53839242458, 1.1171592474, 1.25086414814, 1.13020193577, 0.867347061634, 1.00328087807, 0.691346466541, 0.777671813965, 0.87560325861, 0.923422157764, 0.721744000912, 0.556627511978, 0.49273917079, 0.3089389503, 0.139608994126, 0.108407698572, 0.0509411878884, 0.0366926975548, 0.00436954665929, 0.000419936550315, 2.35123206949e-05],
        "dmean2": [0.0888872593641, 0.857892692089, 2.01256394386, 3.17006540298, 5.73141813278, 4.34942483902, 6.80093622208, 10.1293706894, 14.0175533295, 15.3394889832, 27.6163444519, 17.3749713898, 12.7725334167, 11.9120550156, 12.7377796173, 9.11313343048, 6.97006988525, 6.58601999283, 3.72266793251, 2.29352760315, 1.6861730814, 1.91236948967, 1.73790812492, 1.30714666843, 1.47873604298, 1.04631221294, 1.1437087059, 1.26341569424, 1.31149065495, 1.06797778606, 0.816267490387, 0.705710947514, 0.424015343189, 0.202289506793, 0.159615710378, 0.0766500532627, 0.0594911910594, 0.00660875625908, 0.000618686608505, 3.44769978255e-05],
        "dvar": [0.0360883809626, 2.59945344925, 13.5182628632, 26.0517692566, 118.369354248, 39.0066261292, 160.318222046, 466.575256348, 1252.03662109, 2107.56152344, 4865.29443359, 1786.01733398, 1859.21447754, 744.340515137, 1596.60522461, 633.520507812, 508.839050293, 306.072814941, 110.979301453, 35.8489189148, 17.8701267242, 18.0662956238, 12.2801828384, 19.6267700195, 47.0702705383, 11.3331594467, 12.2269506454, 17.1289596558, 17.2284355164, 8.36280632019, 7.41856956482, 5.57957172394, 2.54907560349, 0.76912343502, 0.369547098875, 0.0577648095787, 0.0545678175986, 0.000430305517511, 5.88012471781e-06, 5.27267207673e-09],
        "dvar2": [0.0955582782626, 7.29556131363, 39.3476028442, 70.3475875854, 316.007995605, 95.815322876, 422.087127686, 1043.1451416, 2719.61694336, 4108.34570312, 10386.1855469, 3366.42626953, 2936.484375, 1404.21337891, 3068.75341797, 1389.4786377, 991.003662109, 715.337097168, 247.037094116, 78.7393188477, 39.3973693848, 41.863494873, 28.4094486237, 43.594291687, 91.9122695923, 24.428571701, 26.5849189758, 33.421875, 35.4401931763, 17.6234073639, 16.4231967926, 10.82883358, 4.16896820068, 1.44252943993, 0.717576920986, 0.128215759993, 0.146508455276, 0.000999963842332, 1.1362956684e-05, 1.09784101809e-08],
        "max": [3.31217908859, 25.4843063354, 73.7470169067, 88.1804351807, 200.19190979, 122.908988953, 346.889312744, 705.015136719, 1378.72131348, 2114.53857422, 2238.46020508, 1409.34521484, 2439.1809082, 902.854614258, 1728.96813965, 1435.51831055, 1633.7557373, 1038.45458984, 358.038513184, 244.945587158, 225.340332031, 184.293167114, 150.896011353, 154.317718506, 368.086547852, 117.21711731, 176.551010132, 188.588684082, 148.871734619, 86.7372283936, 146.964874268, 106.592132568, 102.768791199, 54.7469139099, 27.0701828003, 10.570772171, 7.8566699028, 0.803133666515, 0.202847748995, 0.00293122930452],
        "mean": [0.185556858778, 1.76220941544, 3.41277003288, 3.98167037964, 6.65905475616, 7.2272901535, 10.6401920319, 15.7596635818, 21.2832679749, 26.4344539642, 67.9770889282, 43.5869102478, 29.13098526, 26.6788673401, 22.9269428253, 17.2393913269, 12.4697685242, 8.27346420288, 4.37790489197, 2.91542601585, 2.10853528976, 2.33989357948, 2.30798220634, 1.53207743168, 1.61252248287, 1.17052006721, 1.32125723362, 1.44007277489, 1.54042434692, 1.23183643818, 0.924649596214, 0.843554317951, 0.513957083225, 0.222995594144, 0.167683720589, 0.0723561793566, 0.0373473279178, 0.00535907084122, 0.000539081403986, 5.17384833074e-05],
        "median": [0.105678409338, 1.32629370689, 2.42967557907, 2.40315008163, 2.51558160782, 3.12923502922, 4.41506814957, 5.06311321259, 2.98322796822, 2.72088861465, 2.44671797752, 1.54512107372, 1.63282263279, 2.14419603348, 1.90218544006, 1.12141251564, 0.702263891697, 0.8206346035, 0.527311325073, 0.475233972073, 0.397605866194, 0.317931473255, 0.366771787405, 0.255072563887, 0.249110370874, 0.179488003254, 0.158033758402, 0.141013741493, 0.140289217234, 0.11341368407, 0.080905020237, 0.0709514468908, 0.0468217097223, 0.0201149135828, 0.0135847274214, 0.00622084457427, 0.00206760363653, 0.000348914880306, 4.3983112846e-05, 2.48985888902e-05],
        "min": [9.67221623829e-22, 3.65799623269e-21, 1.45763085669e-20, 6.92031966665e-20, 1.21804477773e-19, 1.82704060635e-19, 1.74188753217e-19, 6.76211258571e-19, 6.11952456467e-19, 1.03001822345e-18, 1.77580064481e-18, 1.38940772688e-18, 1.44718205337e-18, 1.06921490056e-18, 6.96123253673e-19, 2.40145979422e-18, 3.57489924516e-18, 3.34604980253e-18, 5.46565669522e-18, 8.25178918189e-18, 5.82766484568e-18, 8.18234985101e-18, 7.75974575759e-18, 1.08805650327e-17, 1.11372350408e-17, 1.33482772377e-17, 1.94778998165e-17, 1.56192478427e-17, 2.11813343586e-17, 2.04275213577e-17, 1.91823184051e-17, 1.97302362254e-17, 1.5936019967e-17, 1.06635186302e-17, 9.41033752065e-18, 4.92370326072e-18, 3.72992736762e-18, 1.20190966346e-18, 3.45518330796e-19, 3.04156443811e-20],
        "var": [0.0591138936579, 3.82280707359, 16.2047271729, 30.6164112091, 155.235671997, 119.702140808, 449.323394775, 1107.53063965, 4107.50244141, 7189.29003906, 35944.4140625, 14392.6972656, 11098.5664062, 4795.72802734, 6568.17724609, 2784.03442383, 3378.53417969, 1145.48376465, 243.798660278, 84.9531707764, 42.8614082336, 48.9089126587, 29.3084163666, 32.3880119324, 87.1016540527, 22.1762123108, 22.8304157257, 38.068687439, 37.9438972473, 18.5391120911, 15.8714399338, 13.3178510666, 6.31135749817, 1.64948582649, 0.750497639179, 0.106055080891, 0.0432129241526, 0.000573496625293, 8.65041238285e-06, 9.639022025e-09]
    },
    "gfcc": {
        "mean": [-111.398765564, 132.213104248, -64.9229202271, 21.0500411987, -50.07837677, 10.8372116089, -27.4729042053, 2.48659968376, -18.7904701233, -1.89177286625, -12.8694505692, -0.234482929111, -10.7598714828],
        "cov": [[21332.2773438, -1522.16625977, -2222.70385742, -482.148620605, -1337.53210449, 864.330871582, 199.034332275, 1044.89379883, 99.6610946655, 472.194000244, -3.50669741631, 557.838012695, -204.808761597], [-1522.16625977, 2090.78515625, -36.4251441956, -437.500610352, 363.693786621, -186.182403564, 152.288513184, -126.287948608, 129.256027222, -173.034088135, 199.913330078, -127.33367157, 149.766479492], [-2222.70385742, -36.4251441956, 808.33782959, 207.646316528, 187.288818359, -35.6039733887, -44.7392959595, -122.034088135, -5.94078016281, 37.1721611023, -1.37996709347, -1.99883341789, 49.9123573303], [-482.148620605, -437.500610352, 207.646316528, 719.039428711, 126.615348816, -18.71052742, -60.6439971924, -87.6600646973, 53.6747360229, 81.1720657349, -18.3547229767, 36.6651420593, 88.4412231445], [-1337.53210449, 363.693786621, 187.288818359, 126.615348816, 426.374023438, -23.0897865295, 41.8505325317, -85.8664016724, 82.9397506714, 11.8571491241, 59.0620269775, -15.7166566849, 76.8775787354], [864.330871582, -186.182403564, -35.6039733887, -18.71052742, -23.0897865295, 241.455078125, 104.052055359, 92.2078323364, 19.7253246307, 58.9411010742, 23.4082279205, 39.7307319641, -7.32053184509], [199.034332275, 152.288513184, -44.7392959595, -60.6439971924, 41.8505325317, 104.052055359, 257.241821289, 112.81388092, 30.1766223907, 17.1853313446, 72.8006744385, 28.7735424042, 24.3276329041], [1044.89379883, -126.287948608, -122.034088135, -87.6600646973, -85.8664016724, 92.2078323364, 112.81388092, 231.387710571, 39.0535621643, 36.7074356079, 23.9660320282, 56.1635246277, -18.4274272919], [99.6610946655, 129.256027222, -5.94078016281, 53.6747360229, 82.9397506714, 19.7253246307, 30.1766223907, 39.0535621643, 159.434661865, 53.3157577515, 37.0859451294, 15.4486465454, 43.315788269], [472.194000244, -173.034088135, 37.1721611023, 81.1720657349, 11.8571491241, 58.9411010742, 17.1853313446, 36.7074356079, 53.3157577515, 144.404129028, 33.9496536255, 41.4492874146, 20.4800662994], [-3.50669741631, 199.913330078, -1.37996709347, -18.3547229767, 59.0620269775, 23.4082279205, 72.8006744385, 23.9660320282, 37.0859451294, 33.9496536255, 139.834671021, 46.3286514282, 40.3208198547], [557.838012695, -127.33367157, -1.99883341789, 36.6651420593, -15.7166566849, 39.7307319641, 28.7735424042, 56.1635246277, 15.4486465454, 41.4492874146, 46.3286514282, 120.851837158, 38.9779853821], [-204.808761597, 149.766479492, 49.9123573303, 88.4412231445, 76.8775787354, -7.32053184509, 24.3276329041, -18.4274272919, 43.315788269, 20.4800662994, 40.3208198547, 38.9779853821, 125.193885803]],
        "icov": [[0.000126524217194, -0.000129172563902, 0.000277526036371, -8.58169878484e-05, 0.000230422752793, -0.000326453737216, 0.000184998600162, -0.000236898427829, 7.93844883447e-05, -0.000410700333305, 0.000277435814496, -0.000524268194567, 0.000193680811208], [-0.000129172563902, 0.00177078600973, -0.000215892650886, 0.00123248167802, -0.000874887686223, 0.00121638784185, -0.000857634062413, 0.000913348223548, -0.00134433188941, 0.00198880792595, -0.00222887704149, 0.00236692745239, -0.00208409433253], [0.000277526036371, -0.000215892650886, 0.00216091796756, -0.000365682324627, -0.000137294948217, -0.000630940252449, 0.000409861182561, -1.80004444701e-05, 0.000625841028523, -0.00137941923458, 0.000754126464017, -0.00122945266776, 0.000223237278988], [-8.58169878484e-05, 0.00123248167802, -0.000365682324627, 0.00274263881147, -0.000876084552146, 0.000881736108568, -0.000436845177319, 0.00122493621893, -0.00121421646327, 0.000398054980906, -0.000602011568844, 0.000981522374786, -0.00230847136118], [0.000230422752793, -0.000874887686223, -0.000137294948217, -0.000876084552146, 0.00444638263434, -0.00086241128156, -0.000420629454311, 0.000831792131066, -0.00124282657634, -0.000829929078463, 0.000222844653763, -0.000881672080141, 0.00028905516956], [-0.000326453737216, 0.00121638784185, -0.000630940252449, 0.000881736108568, -0.00086241128156, 0.00731384335086, -0.0030153254047, 0.000265691400273, -0.000712483713869, -0.000232197591686, -0.00100026442669, 0.00133160199039, -0.000586180598475], [0.000184998600162, -0.000857634062413, 0.000409861182561, -0.000436845177319, -0.000420629454311, -0.0030153254047, 0.00760820880532, -0.00400232383981, 0.00144473963883, -0.000208852245123, -0.00162250711583, 2.50887715083e-05, -0.000462696189061], [-0.000236898427829, 0.000913348223548, -1.80004444701e-05, 0.00122493621893, 0.000831792131066, 0.000265691400273, -0.00400232383981, 0.00948611088097, -0.00335299200378, 0.000717963383067, -3.63220642612e-05, -0.00186961644795, 0.000976870884188], [7.93844883447e-05, -0.00134433188941, 0.000625841028523, -0.00121421646327, -0.00124282657634, -0.000712483713869, 0.00144473963883, -0.00335299200378, 0.0105015737936, -0.00419493950903, 0.000730939966161, -1.60044583026e-05, -0.000884067965671], [-0.000410700333305, 0.00198880792595, -0.00137941923458, 0.000398054980906, -0.000829929078463, -0.000232197591686, -0.000208852245123, 0.000717963383067, -0.00419493950903, 0.0131336962804, -0.00459859659895, 0.00196095067076, -0.00196653814055], [0.000277435814496, -0.00222887704149, 0.000754126464017, -0.000602011568844, 0.000222844653763, -0.00100026442669, -0.00162250711583, -3.63220642612e-05, 0.000730939966161, -0.00459859659895, 0.0140138026327, -0.00705907307565, 0.001543220249], [-0.000524268194567, 0.00236692745239, -0.00122945266776, 0.000981522374786, -0.000881672080141, 0.00133160199039, 2.50887715083e-05, -0.00186961644795, -1.60044583026e-05, 0.00196095067076, -0.00705907307565, 0.0174867194146, -0.00703927082941], [0.000193680811208, -0.00208409433253, 0.000223237278988, -0.00230847136118, 0.00028905516956, -0.000586180598475, -0.000462696189061, 0.000976870884188, -0.000884067965671, -0.00196653814055, 0.001543220249, -0.00703927082941, 0.0146834878251]]
    },
    "melbands": {
        "dmean": [0.000531558471266, 0.000625420128927, 0.000387108739233, 0.000222176677198, 0.000141179625643, 0.000162004114827, 0.000146480320836, 0.000118825970276, 0.000173376742168, 7.56271110731e-05, 4.83353614982e-05, 3.54754192813e-05, 3.15463257721e-05, 1.76030280272e-05, 1.71029860212e-05, 9.10608014237e-06, 8.80755214894e-06, 4.36190475739e-06, 2.80879862657e-06, 2.10142252399e-06, 1.23573033761e-06, 1.34749598146e-06, 1.32999844027e-06, 8.56915278291e-07, 7.21224068911e-07, 8.62525723733e-07, 6.69844098411e-07, 4.33024837321e-07, 4.92671802022e-07, 5.3576678738e-07, 5.40035330232e-07, 5.84456756769e-07, 4.52041405197e-07, 4.216816194e-07, 3.39021909213e-07, 3.05010757984e-07, 3.22908931594e-07, 2.61109278199e-07, 1.45854158973e-07, 1.14049910849e-07],
        "dmean2": [0.000879322993569, 0.00107189000119, 0.000644689658657, 0.000345766893588, 0.000215453401324, 0.000236287494772, 0.000210720289033, 0.00017022540851, 0.000241110785282, 0.000103585371107, 6.39236241113e-05, 4.86073258799e-05, 4.39648938482e-05, 2.52051795542e-05, 2.501227209e-05, 1.34264919325e-05, 1.36875705721e-05, 6.63488799546e-06, 4.23676237915e-06, 3.15710326504e-06, 1.91785443349e-06, 2.07972675526e-06, 2.05252058549e-06, 1.33629953325e-06, 1.11066879072e-06, 1.31124784275e-06, 1.01746536529e-06, 6.65058394134e-07, 7.34721481876e-07, 8.09009577551e-07, 7.97727977897e-07, 8.54441225329e-07, 6.66297523821e-07, 6.24426718332e-07, 5.12647204687e-07, 4.49476544873e-07, 4.69030908334e-07, 3.66072043789e-07, 2.099694143e-07, 1.68524877608e-07],
        "dvar": [3.22852633872e-06, 3.72023600903e-06, 1.23591121337e-06, 2.91016959864e-07, 1.37292133218e-07, 2.33617413414e-07, 2.73072799928e-07, 2.41681391344e-07, 3.78030080128e-07, 6.4653434606e-08, 4.5504211954e-08, 1.29213280076e-08, 1.48529881727e-08, 4.94967267173e-09, 6.62369314952e-09, 1.37143163492e-09, 1.35703082105e-09, 3.95474070158e-10, 1.76779355043e-10, 8.95828064507e-11, 2.21063393285e-11, 2.22754991536e-11, 1.92710430946e-11, 1.14249946309e-11, 1.42308127088e-11, 4.3419223078e-11, 1.81935438937e-11, 3.84020940047e-12, 4.54806288117e-12, 7.24107752925e-12, 6.9732535718e-12, 7.6444735958e-12, 3.50308172227e-12, 2.84308947912e-12, 2.78413641967e-12, 2.53821161138e-12, 2.349198093e-12, 1.6901113755e-12, 8.01951333031e-13, 5.80638185102e-13],
        "dvar2": [8.74332999956e-06, 1.06820980363e-05, 3.28592182086e-06, 7.51442257751e-07, 3.56090595233e-07, 5.2242342008e-07, 5.78392416628e-07, 4.73187355965e-07, 7.8747467569e-07, 1.21041495049e-07, 7.244929634e-08, 2.45749767203e-08, 2.86197927579e-08, 1.04945323542e-08, 1.35550468627e-08, 2.79766809719e-09, 3.22154791732e-09, 8.74795402783e-10, 4.07244293843e-10, 1.70350858419e-10, 5.18800592764e-11, 5.14851425382e-11, 4.66692934298e-11, 2.92498178456e-11, 3.22513196704e-11, 9.15969800008e-11, 4.05728922681e-11, 8.6597638782e-12, 9.76199329705e-12, 1.68503665882e-11, 1.37804524736e-11, 1.62217080046e-11, 7.6797873616e-12, 6.24906376645e-12, 6.4165231288e-12, 5.57097857429e-12, 4.55581882983e-12, 2.94511940876e-12, 1.53169729504e-12, 1.14676540833e-12],
        "max": [0.0291798245162, 0.0290139596909, 0.0196370817721, 0.00954442750663, 0.00953360833228, 0.0174404960126, 0.0176608860493, 0.021271314472, 0.0220723692328, 0.00794990733266, 0.0118104843423, 0.00335429911502, 0.00483120232821, 0.00290852901526, 0.00470029190183, 0.00190616806503, 0.00172020331956, 0.000916001910809, 0.000829436350614, 0.000739340903237, 0.000189707163372, 0.000225957599469, 0.000199386195163, 0.000134302099468, 0.000122223733342, 0.000328209309373, 0.000209071557038, 6.03405860602e-05, 0.000113048816274, 0.000127935694763, 0.000118206211482, 9.87866224023e-05, 5.87302238273e-05, 5.27711817995e-05, 9.18556979741e-05, 6.72777387081e-05, 6.48232889944e-05, 8.16616011434e-05, 5.15435858688e-05, 4.99010639032e-05],
        "mean": [0.00191723951139, 0.00203654519282, 0.00079560209997, 0.000511213438585, 0.000348961650161, 0.000372582988348, 0.00032059600926, 0.000288327108137, 0.000631623843219, 0.000245761068072, 0.000137376773637, 0.000101062934846, 8.13331644167e-05, 4.2977706471e-05, 4.62136376882e-05, 1.92046773009e-05, 1.53719138325e-05, 7.06154878571e-06, 4.67867266707e-06, 3.64020434063e-06, 2.09954077945e-06, 2.34969002122e-06, 2.50529637924e-06, 1.59971091307e-06, 1.16801311378e-06, 1.32753871185e-06, 9.99841745397e-07, 6.99063093634e-07, 8.20560728698e-07, 8.12011080598e-07, 8.43567818265e-07, 9.21656578612e-07, 7.32057003461e-07, 6.68058646625e-07, 5.33076729425e-07, 4.94020127917e-07, 5.32622607352e-07, 4.1217646185e-07, 2.24254804948e-07, 1.70346751815e-07],
        "median": [0.00140837510116, 0.00172398111317, 0.000469961727504, 0.000225835654419, 0.000161037125508, 0.00012261752272, 3.99322270823e-05, 2.09780882869e-05, 1.70309103851e-05, 8.57164377521e-06, 7.29644352759e-06, 7.73214378569e-06, 6.56387601339e-06, 3.6466972233e-06, 1.60032868735e-06, 1.29125601234e-06, 1.38706059261e-06, 7.47343733565e-07, 6.80075572745e-07, 5.59666318622e-07, 3.75511262973e-07, 2.65524136012e-07, 3.4436243368e-07, 2.51528206263e-07, 1.75759709009e-07, 1.7330665969e-07, 1.41557762845e-07, 1.0032348996e-07, 9.12623647764e-08, 8.8871246362e-08, 7.08184018094e-08, 7.74318067442e-08, 7.2980078869e-08, 5.60140414052e-08, 4.39215952497e-08, 4.09368183796e-08, 4.09847515925e-08, 3.37983436793e-08, 2.04855883368e-08, 1.38696005791e-08],
        "min": [9.81671684434e-24, 6.81427437375e-24, 1.23666616e-23, 1.33411856524e-23, 5.92560599794e-24, 1.35318549109e-23, 9.91545619727e-24, 1.27787649034e-23, 1.54933480854e-23, 8.10233750384e-24, 7.49618388402e-24, 4.55284839447e-24, 2.17203147263e-24, 4.57550684625e-24, 7.62123805902e-24, 7.30574812833e-24, 5.68691009865e-24, 7.22859595408e-24, 1.07842271345e-23, 1.13696163575e-23, 5.37550765075e-24, 7.40681777637e-24, 1.05649167031e-23, 4.49838740973e-24, 9.71094952961e-24, 6.11956086212e-24, 1.08211742238e-23, 7.84104310621e-24, 1.18183914379e-23, 1.1642345294e-23, 8.13454748347e-24, 1.25390363852e-23, 1.22502706954e-23, 1.0652301981e-23, 1.07344302898e-23, 1.42158951345e-23, 1.02471232985e-23, 1.20323912577e-23, 1.05743790896e-23, 7.9471764524e-24],
        "var": [4.95257245348e-06, 4.27135228165e-06, 1.39551821121e-06, 6.14450186731e-07, 3.81943436878e-07, 5.83284418099e-07, 8.93730543794e-07, 8.83722634626e-07, 3.61360889656e-06, 4.49975061656e-07, 2.68788426183e-07, 7.4757991797e-08, 6.52876366303e-08, 1.8567281046e-08, 3.46708901588e-08, 7.49247952569e-09, 4.24114432462e-09, 8.33480950924e-10, 3.65679903025e-10, 1.87331358759e-10, 4.60706785221e-11, 6.08166780824e-11, 4.05946873339e-11, 1.95283563625e-11, 2.24659024023e-11, 6.34005695166e-11, 3.31917063279e-11, 6.78960923942e-12, 8.93257343093e-12, 1.11948523368e-11, 1.51009656169e-11, 1.55890439446e-11, 6.90383037197e-12, 5.77915666711e-12, 5.47803859566e-12, 5.2620043739e-12, 5.34218979817e-12, 3.91511085704e-12, 1.70438717393e-12, 1.0864074397e-12]
    },
    "mfcc": {
        "mean": [-765.053771973, 163.936721802, 40.0096206665, 22.9017009735, 6.13622951508, 10.0161552429, 1.94577074051, 6.82636356354, -0.932773590088, 0.476262539625, -2.00323605537, -0.590920329094, -1.54918825626],
        "cov": [[13903.0742188, -313.671569824, -1297.24829102, -805.434265137, -1035.49743652, -173.236053467, -16.4531784058, 605.290161133, 134.275299072, 277.423156738, 352.882019043, 420.725341797, 17.4614124298], [-313.671569824, 2032.50671387, -142.432434082, -302.256500244, 42.7695007324, -97.7870178223, 112.094360352, 88.7880172729, -6.93226528168, 43.7616539001, 49.8578948975, 2.68231987953, 51.1205787659], [-1297.24829102, -142.432434082, 584.500244141, 183.421768188, 126.54851532, 91.5270385742, 6.6943359375, -76.854675293, 16.6806621552, -19.7271327972, -39.1804351807, -10.6653184891, 27.6181774139], [-805.434265137, -302.256500244, 183.421768188, 529.788391113, 226.974533081, 121.052490234, -30.8712024689, -94.7257614136, 47.3439102173, -15.0232992172, -49.2515525818, 0.689064443111, 69.360458374], [-1035.49743652, 42.7695007324, 126.54851532, 226.974533081, 348.879486084, 128.467666626, -42.7992401123, -88.289352417, 16.8815402985, 11.4982318878, -30.4645004272, -15.6922712326, 43.3356590271], [-173.236053467, -97.7870178223, 91.5270385742, 121.052490234, 128.467666626, 223.619354248, 43.0077781677, -30.7251777649, 33.3480415344, 40.84973526, 12.9681386948, 5.95751142502, 30.5057430267], [-16.4531784058, 112.094360352, 6.6943359375, -30.8712024689, -42.7992401123, 43.0077781677, 213.021011353, 94.2940444946, 16.3697795868, 24.8323192596, 43.2282714844, 21.1465797424, 21.2952232361], [605.290161133, 88.7880172729, -76.854675293, -94.7257614136, -88.289352417, -30.7251777649, 94.2940444946, 204.337127686, 46.6526794434, 26.7686634064, 62.9473457336, 43.5350494385, 3.93110752106], [134.275299072, -6.93226528168, 16.6806621552, 47.3439102173, 16.8815402985, 33.3480415344, 16.3697795868, 46.6526794434, 127.09223175, 50.0009803772, 16.1415061951, 23.4620437622, 25.6538639069], [277.423156738, 43.7616539001, -19.7271327972, -15.0232992172, 11.4982318878, 40.84973526, 24.8323192596, 26.7686634064, 50.0009803772, 131.082458496, 64.9728240967, 16.7803611755, 12.8954582214], [352.882019043, 49.8578948975, -39.1804351807, -49.2515525818, -30.4645004272, 12.9681386948, 43.2282714844, 62.9473457336, 16.1415061951, 64.9728240967, 127.304710388, 47.6051254272, 0.582449913025], [420.725341797, 2.68231987953, -10.6653184891, 0.689064443111, -15.6922712326, 5.95751142502, 21.1465797424, 43.5350494385, 23.4620437622, 16.7803611755, 47.6051254272, 108.686096191, 44.8932571411], [17.4614124298, 51.1205787659, 27.6181774139, 69.360458374, 43.3356590271, 30.5057430267, 21.2952232361, 3.93110752106, 25.6538639069, 12.8954582214, 0.582449913025, 44.8932571411, 104.880661011]],
