{
"lowlevel": {
    "average_loudness": 0.974420964718,
    "barkbands_crest": {
        "dmean": 3.32741594315,
        "dmean2": 5.12715387344,
        "dvar": 12.1273679733,
        "dvar2": 20.5198917389,
        "max": 26.4962444305,
        "mean": 13.8415813446,
        "median": 12.667137146,
        "min": 3.14870238304,
        "var": 28.7291870117
    },
    "barkbands_flatness_db": {
        "dmean": 0.0764867514372,
        "dmean2": 0.0991250798106,
        "dvar": 0.00505212927237,
        "dvar2": 0.0104395532981,
        "max": 0.763433754444,
        "mean": 0.267967939377,
        "median": 0.245857715607,
        "min": 0.0314887240529,
        "var": 0.0157333016396
    },
    "barkbands_kurtosis": {
        "dmean": 48.2398071289,
        "dmean2": 66.9288787842,
        "dvar": 13549.7304688,
        "dvar2": 25019.0742188,
        "max": 1708.80224609,
        "mean": 55.9514923096,
        "median": 12.4443264008,
        "min": -1.80115640163,
        "var": 18449.2714844
    },
    "barkbands_skewness": {
        "dmean": 1.86577439308,
        "dmean2": 2.46342015266,
        "dvar": 7.77365779877,
        "dvar2": 11.8500356674,
        "max": 33.6601333618,
        "mean": 4.30984640121,
        "median": 2.94820356369,
        "min": -1.85924041271,
        "var": 17.0259361267
    },
    "barkbands_spread": {
        "dmean": 5.14800739288,
        "dmean2": 8.30130290985,
        "dvar": 77.5369415283,
        "dvar2": 201.544204712,
        "max": 77.0059738159,
        "mean": 8.17752742767,
        "median": 5.44048595428,
        "min": 0.0647328719497,
        "var": 85.2993621826
    },
    "dissonance": {
        "dmean": 0.0324268788099,
        "dmean2": 0.0499698035419,
        "dvar": 0.00109381007496,
        "dvar2": 0.00239726039581,
        "max": 0.500000059605,
        "mean": 0.431059658527,
        "median": 0.445553898811,
        "min": 0.0430307947099,
        "var": 0.00294105382636
    },
    "dynamic_complexity": 2.86896896362,
    "erbbands_crest": {
        "dmean": 2.86501550674,
        "dmean2": 4.25965309143,
        "dvar": 7.36908817291,
        "dvar2": 16.4620075226,
        "max": 27.9297122955,
        "mean": 9.40086650848,
        "median": 8.49631786346,
        "min": 2.31323504448,
        "var": 17.7034816742
    },
    "erbbands_flatness_db": {
        "dmean": 0.0410115048289,
        "dmean2": 0.0564981885254,
        "dvar": 0.00228351261467,
        "dvar2": 0.00473687937483,
        "max": 0.52949398756,
        "mean": 0.187375187874,
        "median": 0.170747667551,
        "min": 0.0383679643273,
        "var": 0.0066164880991
    },
    "erbbands_kurtosis": {
        "dmean": 2.67775726318,
        "dmean2": 4.16008329391,
        "dvar": 33.8811683655,
        "dvar2": 84.915145874,
        "max": 124.154304504,
        "mean": 2.32071757317,
        "median": 0.34873342514,
        "min": -1.86509311199,
        "var": 39.550113678
    },
    "erbbands_skewness": {
        "dmean": 0.585574090481,
        "dmean2": 0.854289531708,
        "dvar": 0.465244084597,
        "dvar2": 1.07073962688,
        "max": 8.16768932343,
        "mean": 1.05368053913,
        "median": 0.818319201469,
        "min": -1.39570248127,
        "var": 1.07882785797
    },
    "erbbands_spread": {
        "dmean": 13.2338237762,
        "dmean2": 19.899230957,
        "dvar": 252.629516602,
        "dvar2": 618.968811035,
        "max": 172.22644043,
        "mean": 38.0599479675,
        "median": 33.1435279846,
        "min": 1.07592701912,
        "var": 511.047424316
    },
    "hfc": {
        "dmean": 8.57603549957,
        "dmean2": 13.1964073181,
        "dvar": 221.713272095,
        "dvar2": 582.897766113,
        "max": 184.420379639,
        "mean": 13.8383636475,
        "median": 8.76086616516,
        "min": 1.22229329213e-16,
        "var": 230.250106812
    },
    "melbands_crest": {
        "dmean": 3.80995106697,
        "dmean2": 5.77104663849,
        "dvar": 13.8419866562,
        "dvar2": 25.6670303345,
        "max": 35.3592262268,
        "mean": 18.9082126617,
        "median": 17.9404830933,
        "min": 2.38874650002,
        "var": 34.1230888367
    },
    "melbands_flatness_db": {
        "dmean": 0.0871948674321,
        "dmean2": 0.113981574774,
        "dvar": 0.00677486183122,
        "dvar2": 0.0140560092404,
        "max": 0.932310700417,
        "mean": 0.375853538513,
        "median": 0.34892269969,
        "min": 0.00611978303641,
        "var": 0.0212396625429
    },
    "melbands_kurtosis": {
        "dmean": 43.4533081055,
        "dmean2": 58.0349731445,
        "dvar": 6527.89160156,
        "dvar2": 11155.6259766,
        "max": 1357.75891113,
        "mean": 67.5577545166,
        "median": 26.0323257446,
        "min": -1.17375051975,
        "var": 12875.7880859
    },
    "melbands_skewness": {
        "dmean": 1.45533514023,
        "dmean2": 1.99713349342,
        "dvar": 2.95336890221,
        "dvar2": 5.39230203629,
        "max": 23.4798927307,
        "mean": 4.74096679688,
        "median": 3.91561460495,
        "min": -0.58960044384,
        "var": 8.43261051178
    },
    "melbands_spread": {
        "dmean": 3.79219985008,
        "dmean2": 6.11143541336,
        "dvar": 64.2522277832,
        "dvar2": 173.120834351,
        "max": 133.424057007,
        "mean": 6.51471233368,
        "median": 4.42824649811,
        "min": 0.143918335438,
        "var": 63.6581077576
    },
    "pitch_salience": {
        "dmean": 0.110840156674,
        "dmean2": 0.169812306762,
        "dvar": 0.0130980480462,
        "dvar2": 0.0236077643931,
        "max": 0.848842978477,
        "mean": 0.483710438013,
        "median": 0.518669843674,
        "min": 0.0334680341184,
        "var": 0.0269088484347
    },
    "silence_rate_20dB": {
        "dmean": 0.0277433022857,
        "dmean2": 0.0554906539619,
        "dvar": 0.0269697159529,
        "dvar2": 0.0766410082579,
        "max": 1,
        "mean": 0.984377264977,
        "median": 1,
        "min": 0,
        "var": 0.0153787042946
    },
    "silence_rate_30dB": {
        "dmean": 0.0919909477234,
        "dmean2": 0.183995321393,
        "dvar": 0.083531178534,
        "dvar2": 0.150279000401,
        "max": 1,
        "mean": 0.817783594131,
        "median": 1,
        "min": 0,
        "var": 0.149018183351
    },
    "silence_rate_60dB": {
        "dmean": 0.00116813904606,
        "dmean2": 0.00226343446411,
        "dvar": 0.00116638594773,
        "dvar2": 0.0032809691038,
        "max": 1,
        "mean": 0.012848591432,
        "median": 0,
        "min": 0,
        "var": 0.0126834046096
    },
    "spectral_centroid": {
        "dmean": 190.416824341,
        "dmean2": 299.139434814,
        "dvar": 89313.1484375,
        "dvar2": 215633.328125,
        "max": 10928.296875,
        "mean": 476.437835693,
        "median": 389.947479248,
        "min": 65.994102478,
        "var": 119476.765625
    },
    "spectral_complexity": {
        "dmean": 3.73950505257,
        "dmean2": 5.7521905899,
        "dvar": 16.1378593445,
        "dvar2": 41.1333007812,
        "max": 46,
        "mean": 11.4110088348,
        "median": 10,
        "min": 0,
        "var": 39.1126899719
    },
    "spectral_decrease": {
        "dmean": 8.94624729852e-09,
        "dmean2": 1.29432686791e-08,
        "dvar": 2.71086806719e-16,
        "dvar2": 3.37347706024e-16,
        "max": 2.46087466588e-30,
        "mean": -1.84815753812e-08,
        "median": -9.00744012711e-09,
        "min": -9.51157019813e-08,
        "var": 5.826999048e-16
    },
    "spectral_energy": {
        "dmean": 0.0341648869216,
        "dmean2": 0.0494373179972,
        "dvar": 0.00389561080374,
        "dvar2": 0.00484060775489,
        "max": 0.360939443111,
        "mean": 0.0710089802742,
        "median": 0.0349986515939,
        "min": 1.10772667212e-20,
        "var": 0.00841320119798
    },
    "spectral_energyband_high": {
        "dmean": 0.000478536239825,
        "dmean2": 0.00083324930165,
        "dvar": 2.41562997871e-06,
        "dvar2": 6.80900257066e-06,
        "max": 0.0234232563525,
        "mean": 0.000392643443774,
        "median": 6.42973609501e-05,
        "min": 7.92391770902e-21,
        "var": 1.53552286974e-06
    },
    "spectral_energyband_low": {
        "dmean": 0.0320116989315,
        "dmean2": 0.0475171096623,
        "dvar": 0.00426236493513,
        "dvar2": 0.00559884682298,
        "max": 0.35568895936,
        "mean": 0.0552882701159,
        "median": 0.0209512170404,
        "min": 1.13365698698e-22,
        "var": 0.00805732887238
    },
    "spectral_energyband_middle_high": {
        "dmean": 0.0010429272661,
        "dmean2": 0.00164716178551,
        "dvar": 3.78440222448e-06,
        "dvar2": 9.19920512388e-06,
        "max": 0.0426400527358,
        "mean": 0.00169820082374,
        "median": 0.000778857036494,
        "min": 1.63685926676e-21,
        "var": 6.71010047881e-06
    },
    "spectral_energyband_middle_low": {
        "dmean": 0.0145329032093,
        "dmean2": 0.0260012503713,
        "dvar": 0.00106326071545,
        "dvar2": 0.0030216423329,
        "max": 0.196829333901,
        "mean": 0.0176201947033,
        "median": 0.0114182299003,
        "min": 3.95957030991e-22,
        "var": 0.000665268744342
    },
    "spectral_entropy": {
        "dmean": 0.584094941616,
        "dmean2": 0.835467875004,
        "dvar": 0.366944491863,
        "dvar2": 0.897199630737,
        "max": 9.80003356934,
        "mean": 6.70064783096,
        "median": 6.85289096832,
        "min": 3.41683316231,
        "var": 0.836070537567
    },
    "spectral_flux": {
        "dmean": 0.0842744633555,
        "dmean2": 0.128045544028,
        "dvar": 0.00946705881506,
        "dvar2": 0.0223451647907,
        "max": 0.638554811478,
        "mean": 0.135943755507,
        "median": 0.0774947702885,
        "min": 1.05248594562e-10,
        "var": 0.0189853981137
    },
    "spectral_kurtosis": {
        "dmean": 17.0047531128,
        "dmean2": 25.5231399536,
        "dvar": 1908.3848877,
        "dvar2": 3695.60107422,
        "max": 966.1875,
        "mean": 23.4780807495,
        "median": 7.07195854187,
        "min": -1.15666675568,
        "var": 2902.8605957
    },
    "spectral_rms": {
        "dmean": 0.00181104475632,
        "dmean2": 0.00262692593969,
        "dvar": 7.48885486246e-06,
        "dvar2": 9.25564472709e-06,
        "max": 0.0187652874738,
        "mean": 0.00713999383152,
        "median": 0.00584337487817,
        "min": 3.287413744e-12,
        "var": 1.82972198672e-05
    },
    "spectral_rolloff": {
        "dmean": 245.783203125,
        "dmean2": 426.831817627,
        "dvar": 582106.1875,
        "dvar2": 1570628.125,
        "max": 19078.4179688,
        "mean": 411.336547852,
        "median": 258.3984375,
        "min": 64.599609375,
        "var": 423566.1875
    },
    "spectral_skewness": {
        "dmean": 1.10572624207,
        "dmean2": 1.63458395004,
        "dvar": 3.1406917572,
        "dvar2": 5.99987459183,
        "max": 24.2089748383,
        "mean": 3.04770922661,
        "median": 2.27572250366,
        "min": 0.00872753560543,
        "var": 6.10483264923
    },
    "spectral_spread": {
        "dmean": 1168647.375,
        "dmean2": 1656111.25,
        "dvar": 2.03034486374e+12,
        "dvar2": 3.95177623552e+12,
        "max": 38753364,
        "mean": 4397459.5,
        "median": 3854666.75,
        "min": 136195.765625,
        "var": 7.20610472755e+12
    },
    "spectral_strongpeak": {
        "dmean": 0.24830634892,
        "dmean2": 0.379809260368,
        "dvar": 0.0855477228761,
        "dvar2": 0.193017169833,
        "max": 4.9840760231,
        "mean": 0.61814981699,
        "median": 0.563768148422,
        "min": 0,
        "var": 0.14354133606
    },
    "zerocrossingrate": {
        "dmean": 0.00827422272414,
        "dmean2": 0.0106986574829,
        "dvar": 0.00012120554311,
        "dvar2": 0.000162091790116,
        "max": 0.4970703125,
        "mean": 0.0228095222265,
        "median": 0.017578125,
        "min": 0.00146484375,
        "var": 0.000364587613149
    },
    "barkbands": {
        "dmean": [0.00125282420777, 0.030337812379, 0.0104458602145, 0.00794278364629, 0.00610441016033, 0.00121491937898, 0.000513984356076, 0.00037321128184, 0.000384159502573, 0.000267418799922, 0.000120966993563, 0.000192411491298, 0.0001333628461, 0.000143738041515, 9.98410396278e-05, 0.00013781938469, 7.52590276534e-05, 4.6811390348e-05, 5.10726204084e-05, 3.81255049433e-05, 4.36912232544e-05, 9.38145967666e-05, 0.000131145148771, 8.09318007668e-05, 7.44343342376e-05, 3.39159487339e-05, 1.16960263767e-05],
        "dmean2": [0.00191111839376, 0.0447444692254, 0.0192979108542, 0.0147084742785, 0.0109155951068, 0.00197005155496, 0.00081929564476, 0.000547196657863, 0.00057285517687, 0.000416277413024, 0.000204595315154, 0.000296671903925, 0.000211156075238, 0.000223645329243, 0.000161796240718, 0.000240503664827, 0.00012698325736, 7.78325702413e-05, 8.95028351806e-05, 6.57837736071e-05, 7.38457820262e-05, 0.000166937010363, 0.000236325577134, 0.000136740840389, 0.000129992055008, 5.8950517996e-05, 2.00171052711e-05],
        "dvar": [8.03305283625e-06, 0.00426648929715, 0.00073307036655, 0.000371956557501, 0.000197468616534, 5.80688583796e-06, 8.19505032723e-07, 8.82653012013e-07, 9.26354573494e-07, 6.62621346237e-07, 6.29222611792e-08, 1.56747958613e-07, 5.63401485465e-08, 1.26925186805e-07, 5.69074067869e-08, 2.2858120019e-07, 3.2905582259e-08, 9.58287404984e-09, 1.88044460003e-08, 7.59863016953e-09, 9.17500209141e-09, 1.9644166116e-07, 4.20592328965e-07, 4.47714576524e-08, 8.37570652834e-08, 1.39434819246e-08, 1.39576894487e-09],
        "dvar2": [1.77679812623e-05, 0.00619214447215, 0.00209619477391, 0.0010725017637, 0.000562785833608, 1.56580244948e-05, 1.95523330149e-06, 1.82655730896e-06, 1.9784822598e-06, 1.51349024691e-06, 1.72691372313e-07, 3.45256950141e-07, 1.32121343199e-07, 2.80431237343e-07, 1.49537555671e-07, 6.45724583137e-07, 8.30956494724e-08, 2.45988172054e-08, 5.24067687024e-08, 2.05830410493e-08, 2.39868143126e-08, 5.62474383514e-07, 1.21659900287e-06, 1.21266097608e-07, 2.37483433807e-07, 3.87291585469e-08, 3.63908880807e-09],
        "max": [0.0201762299985, 0.343406289816, 0.160979837179, 0.125288709998, 0.100693240762, 0.0483801625669, 0.0239385385066, 0.027774663642, 0.0236717835069, 0.0244578905404, 0.00471387850121, 0.0124469753355, 0.0087522752583, 0.00857063662261, 0.00455739535391, 0.0072372672148, 0.00480131804943, 0.00168011419009, 0.00187093624845, 0.00110982032493, 0.0011190418154, 0.00761851482093, 0.0116583760828, 0.00323513778858, 0.00570025341585, 0.00180166156497, 0.000728896062355],
        "mean": [0.00122922414448, 0.0400674939156, 0.0100275147706, 0.00734046893194, 0.00631247693673, 0.00186589208897, 0.000769494159613, 0.000636774289887, 0.000632342300378, 0.000394483911805, 0.000142077711644, 0.00031416703132, 0.000216228436329, 0.000220445494051, 0.000132476096042, 0.000132094326545, 7.20589814591e-05, 4.73817926832e-05, 4.50015140814e-05, 3.38005702361e-05, 4.45655314252e-05, 6.94774789736e-05, 9.32649636525e-05, 6.76792260492e-05, 6.52237140457e-05, 2.82194287138e-05, 8.63338664203e-06],
        "median": [6.22463703621e-05, 0.0085961651057, 0.0045396508649, 0.00317172473297, 0.00300066778436, 0.00106038851663, 0.000358825083822, 0.000262982677668, 0.000203394971322, 0.000134088259074, 5.7539815316e-05, 0.000131040782435, 9.47716471273e-05, 5.15290812473e-05, 4.23554156441e-05, 2.8832047974e-05, 1.39497369673e-05, 1.00964498415e-05, 8.34632737678e-06, 7.39486085877e-06, 1.14327976917e-05, 8.41373912408e-06, 6.95550352248e-06, 5.13848817718e-06, 3.51727931047e-06, 1.13607052299e-06, 1.55805423674e-07],
        "min": [1.35354874576e-22, 4.78914394779e-23, 3.90368371151e-24, 9.51519054054e-24, 4.02410190874e-23, 7.35435079534e-23, 4.18075706275e-23, 1.33848112382e-22, 5.77267079642e-23, 1.23284381337e-22, 8.76178025554e-23, 4.39924944539e-23, 8.30749166853e-23, 2.53487438843e-22, 1.01464760066e-22, 1.42185778926e-22, 1.17367129376e-22, 2.8960330862e-22, 2.39428347169e-22, 3.21987651745e-22, 3.62034598427e-22, 5.60416581566e-22, 6.63476348963e-22, 7.05775550328e-22, 1.06609091161e-21, 1.84805578412e-21, 2.75553693373e-21],
        "var": [8.71066185937e-06, 0.00664430530742, 0.000432917178841, 0.000219149136683, 0.000125427133753, 6.54225596008e-06, 1.56045894073e-06, 1.80665676908e-06, 1.9523379251e-06, 1.19647677366e-06, 6.78240041907e-08, 3.20880218396e-07, 1.28042188408e-07, 2.63750507656e-07, 7.02960534227e-08, 1.5882206128e-07, 3.68815982199e-08, 1.0016655061e-08, 1.33382132006e-08, 5.94658677855e-09, 8.58914983581e-09, 1.14658433858e-07, 2.37844318463e-07, 3.30287655004e-08, 5.43122773422e-08, 9.34535737684e-09, 1.01508257355e-09]
    },
    "erbbands": {
        "dmean": [1.19456636906, 6.57570362091, 11.9842691422, 20.045835495, 24.3380069733, 18.4634895325, 14.4706583023, 9.63050842285, 8.81784057617, 4.91570043564, 8.04903888702, 7.3417301178, 9.41951465607, 7.6202044487, 5.71045160294, 6.91019821167, 5.88636875153, 6.9846534729, 5.79256296158, 6.71030759811, 6.71162176132, 4.25546789169, 2.73644852638, 2.80093336105, 2.26032924652, 1.74864947796, 1.6432621479, 2.07759571075, 2.71617937088, 4.32681131363, 3.73934197426, 1.98404872417, 1.32166314125, 0.839301645756, 0.526865780354, 0.196998074651, 0.0529836304486, 0.0119106201455, 0.00192815368064, 0.000151064305101],
        "dmean2": [1.71790647507, 9.34116172791, 21.4380836487, 36.7086791992, 44.5495643616, 32.8854293823, 24.2338066101, 15.1563587189, 13.9371938705, 7.5908665657, 11.8949451447, 11.0378608704, 14.2665100098, 12.011095047, 9.21482563019, 10.6970434189, 9.28364467621, 10.8040876389, 9.05476665497, 11.7579069138, 11.4202165604, 7.14141082764, 4.5400967598, 4.89915466309, 3.87494921684, 3.01977229118, 2.76738333702, 3.59893703461, 4.75136995316, 7.93997430801, 6.66861438751, 3.39114141464, 2.26948451996, 1.45778691769, 0.92586940527, 0.344609707594, 0.0920416414738, 0.0204593725502, 0.00329393381253, 0.000249042815994],
        "dvar": [6.93569660187, 187.897125244, 875.31817627, 2446.5859375, 3729.76220703, 1738.25769043, 1124.27307129, 298.562652588, 224.252639771, 62.9146537781, 421.57699585, 217.613769531, 661.39251709, 319.120361328, 88.3042449951, 174.363861084, 115.646270752, 245.634979248, 182.210998535, 905.640197754, 316.177276611, 114.324745178, 30.396686554, 65.0168685913, 24.5666217804, 16.405714035, 11.1296682358, 43.8424186707, 116.940185547, 557.49029541, 325.852752686, 33.793838501, 13.2269992828, 8.05114269257, 5.44189929962, 0.617477059364, 0.0295346938074, 0.00129623280372, 3.779751205e-05, 1.760724615e-07],
        "dvar2": [11.9611577988, 326.64163208, 2454.4453125, 6988.60742188, 10729.0498047, 4903.45458984, 3107.29077148, 733.714782715, 547.402282715, 148.419387817, 894.67755127, 478.051208496, 1494.66821289, 785.554260254, 214.643035889, 394.827026367, 268.490875244, 529.960327148, 408.729553223, 2616.45507812, 825.155639648, 281.292480469, 77.7471313477, 183.041290283, 65.7843551636, 44.6799964905, 28.9016952515, 122.477584839, 329.433227539, 1617.20581055, 941.216552734, 92.9550170898, 36.3132095337, 22.6402168274, 15.5389995575, 1.74213111401, 0.0810216739774, 0.00342804240063, 9.91787164821e-05, 4.53244751952e-07],
        "max": [14.5348148346, 80.8754959106, 177.950439453, 319.243743896, 410.896026611, 351.082244873, 516.987976074, 226.492416382, 368.939025879, 204.398712158, 528.70489502, 307.090759277, 533.555175781, 430.582977295, 245.71673584, 323.216125488, 440.086364746, 335.97164917, 364.229919434, 500.385375977, 401.71282959, 331.375915527, 101.425956726, 128.595474243, 58.0504646301, 53.6757240295, 43.6017570496, 93.3562698364, 184.592514038, 404.513000488, 331.845397949, 88.7366409302, 66.200881958, 51.2673530579, 57.2609901428, 12.0289745331, 2.76753592491, 0.597317636013, 0.124048940837, 0.00650293845683],
        "mean": [1.27038395405, 8.44347381592, 12.5267295837, 19.7561092377, 23.1851387024, 18.727809906, 18.2305965424, 15.6230955124, 14.2385406494, 8.23723697662, 13.9582395554, 12.1955394745, 14.8349094391, 11.2770957947, 8.47287368774, 11.5674371719, 9.96959781647, 11.1433601379, 9.15577125549, 6.66955661774, 6.93688869476, 4.12106323242, 2.78560376167, 2.41936540604, 2.19019532204, 1.55985236168, 1.7224714756, 1.80211687088, 2.1332256794, 2.98374629021, 2.66142463684, 1.59234035015, 1.10222136974, 0.723406195641, 0.463710725307, 0.169368669391, 0.0428069122136, 0.00915382057428, 0.00145266775507, 0.000170485247509],
        "median": [0.116977110505, 2.17524576187, 6.14463615417, 8.86612510681, 9.60949134827, 7.66627407074, 8.25126838684, 7.46511077881, 7.76606655121, 4.88529491425, 5.95914268494, 5.03430938721, 4.53108549118, 4.66967391968, 4.02162647247, 5.51445579529, 4.57516098022, 3.62757968903, 2.90939760208, 1.86016607285, 1.45757484436, 0.76844316721, 0.61131477356, 0.463223397732, 0.445345818996, 0.373943150043, 0.46005231142, 0.392055660486, 0.317106306553, 0.257291167974, 0.17963168025, 0.115521177649, 0.0786577612162, 0.0455370023847, 0.0218609459698, 0.00721946824342, 0.00165036763065, 0.00029307755176, 6.68124921503e-05, 4.85899035993e-05],
        "min": [3.00714584864e-21, 5.85497784221e-21, 4.37666916657e-21, 2.69562021916e-20, 1.46121481057e-19, 7.49961040549e-20, 2.43856463496e-19, 7.17424240121e-19, 5.4946361408e-19, 1.89010563173e-18, 2.07588502064e-18, 1.42004815113e-18, 2.88363226547e-18, 4.21500014089e-18, 2.67562301799e-18, 1.92105004486e-18, 3.4748294162e-18, 8.01593765537e-18, 1.00730845536e-17, 8.19629528895e-18, 7.10841795301e-18, 6.89218632344e-18, 1.52441512134e-17, 1.36454997754e-17, 1.18266131536e-17, 1.35819739587e-17, 1.12889672622e-17, 2.0125142176e-17, 2.23522366398e-17, 1.83089662251e-17, 1.73873861067e-17, 1.41246102308e-17, 1.33744401333e-17, 1.14616122637e-17, 7.94944805055e-18, 7.23771041865e-18, 3.25947976796e-18, 1.66102695667e-18, 3.59083886047e-19, 3.85093837239e-20],
        "var": [9.15394306183, 271.724090576, 578.010742188, 1459.33105469, 2233.03515625, 1166.05224609, 985.141174316, 503.607299805, 432.518737793, 119.925582886, 855.447814941, 480.17074585, 1295.01318359, 526.038085938, 165.390365601, 354.001525879, 267.623168945, 550.097839355, 366.17364502, 564.437255859, 318.287902832, 139.0493927, 32.3643493652, 44.1505355835, 21.3582324982, 12.3890151978, 11.1957502365, 29.5653266907, 72.7594146729, 310.257598877, 185.558456421, 23.2767868042, 9.29331111908, 5.32374763489, 3.44949531555, 0.403450042009, 0.0200502779335, 0.000929158122744, 2.72298366326e-05, 1.4018982597e-07]
    },
    "gfcc": {
        "mean": [-63.6358184814, 143.863632202, -67.8367156982, 25.7749423981, -42.4855575562, 17.2108631134, -28.1688995361, -6.51995277405, -16.8458862305, -2.60583901405, -12.2012691498, -6.60511732101, -6.75032567978],
        "cov": [[12705.5371094, -3888.59716797, -1648.36462402, 537.428100586, -1040.94592285, 670.945373535, -996.546203613, 735.922485352, -620.666564941, 129.475875854, -375.251708984, 267.01171875, -374.933807373], [-3888.59716797, 3431.65136719, -537.37677002, -589.113220215, 546.117736816, -644.527709961, 635.291137695, -582.354370117, 410.074615479, -197.485458374, 197.840713501, -306.998260498, 229.36730957], [-1648.36462402, -537.37677002, 2208.97265625, 155.817626953, 150.40675354, 455.028167725, 80.376739502, 250.897628784, 37.0697479248, 177.338119507, 92.6170425415, 146.130828857, 26.8106060028], [537.428100586, -589.113220215, 155.817626953, 678.396240234, -67.6703796387, 102.150733948, 85.4808197021, 107.109092712, 20.378484726, 39.6546516418, 49.1446075439, 65.3312072754, 29.4227523804], [-1040.94592285, 546.117736816, 150.40675354, -67.6703796387, 420.436859131, -38.9220466614, 161.055099487, -6.20576620102, 126.29875946, 8.20154190063, 75.3248901367, -8.78588104248, 81.0498123169], [670.945373535, -644.527709961, 455.028167725, 102.150733948, -38.9220466614, 421.711090088, -86.3654632568, 155.672393799, -23.4062347412, 122.335029602, 9.46573066711, 91.6371307373, -26.4883804321], [-996.546203613, 635.291137695, 80.376739502, 85.4808197021, 161.055099487, -86.3654632568, 353.277832031, -72.4567871094, 130.84147644, 15.9919681549, 118.108215332, -21.7380924225, 85.3239517212], [735.922485352, -582.354370117, 250.897628784, 107.109092712, -6.20576620102, 155.672393799, -72.4567871094, 323.711883545, -32.4227905273, 46.5861587524, 25.177192688, 89.0084381104, -17.3323917389], [-620.666564941, 410.074615479, 37.0697479248, 20.378484726, 126.29875946, -23.4062347412, 130.84147644, -32.4227905273, 229.223510742, -5.42987251282, 55.5561637878, -14.5190286636, 67.5718154907], [129.475875854, -197.485458374, 177.338119507, 39.6546516418, 8.20154190063, 122.335029602, 15.9919681549, 46.5861587524, -5.42987251282, 132.094238281, 16.7549915314, 34.061466217, 2.59764266014], [-375.251708984, 197.840713501, 92.6170425415, 49.1446075439, 75.3248901367, 9.46573066711, 118.108215332, 25.177192688, 55.5561637878, 16.7549915314, 117.666320801, 17.4299201965, 31.099729538], [267.01171875, -306.998260498, 146.130828857, 65.3312072754, -8.78588104248, 91.6371307373, -21.7380924225, 89.0084381104, -14.5190286636, 34.061466217, 17.4299201965, 84.3298797607, 1.61583757401], [-374.933807373, 229.36730957, 26.8106060028, 29.4227523804, 81.0498123169, -26.4883804321, 85.3239517212, -17.3323917389, 67.5718154907, 2.59764266014, 31.099729538, 1.61583757401, 88.0509338379]],
        "icov": [[0.000208148907404, 6.41542646918e-05, 0.000260352448095, -7.22260374459e-05, 0.000171607433003, -0.000290838681394, 4.6033772378e-05, -0.000340449943906, 9.85209480859e-05, -6.1286125856e-05, 0.000265568407485, -0.000131471242639, 0.000141805998283], [6.41542646918e-05, 0.00200533983298, 9.53685594141e-05, 0.00139400863554, -0.000587050570175, 0.000549305521417, -0.00159827619791, 0.00118026894052, -0.000889975461178, 0.00106192135718, -0.00192716659512, 0.00338470796123, -0.00168851832859], [0.000260352448095, 9.53685594141e-05, 0.000976999173872, -5.72142744204e-05, 6.25873417448e-06, -0.000969481130596, -0.000246309646172, -0.00058817199897, 0.000166742582223, -0.00018782580446, 0.000346402142895, -0.000484689284349, 0.000171439067344], [-7.22260374459e-05, 0.00139400863554, -5.72142744204e-05, 0.00290147447959, 0.000168617960298, 0.000249459350016, -0.00202419515699, 0.000540319480933, -0.000734350003768, 0.000945112959016, -0.00148962205276, 0.00164482952096, -0.00187165953685], [0.000171607433003, -0.000587050570175, 6.25873417448e-06, 0.000168617960298, 0.0039838575758, -0.000238996202825, -0.000231828642427, -0.00119036482647, -0.000514298735652, -0.000481129100081, 0.000165603443747, -0.000856366066728, -0.00118084833957], [-0.000290838681394, 0.000549305521417, -0.000969481130596, 0.000249459350016, -0.000238996202825, 0.00560188572854, 0.000873432087246, 0.000412365159718, -0.00119179592002, -0.00277985422872, -0.00144576583989, -0.000702439574525, 0.00020264997147], [4.6033772378e-05, -0.00159827619791, -0.000246309646172, -0.00202419515699, -0.000231828642427, 0.000873432087246, 0.00824650283903, 0.000239403147134, -0.000334410724463, -0.00258550583385, -0.0034432716202, -0.00135601160582, -0.000783039897215], [-0.000340449943906, 0.00118026894052, -0.00058817199897, 0.000540319480933, -0.00119036482647, 0.000412365159718, 0.000239403147134, 0.00642904499546, -0.000579069368541, 0.000793404236902, -0.00321846082807, -0.00106246815994, -0.000695123511832], [9.85209480859e-05, -0.000889975461178, 0.000166742582223, -0.000734350003768, -0.000514298735652, -0.00119179592002, -0.000334410724463, -0.000579069368541, 0.00716165592894, 0.000380556972232, 9.64401770034e-05, -0.000402410107199, -0.00227647530846], [-6.1286125856e-05, 0.00106192135718, -0.00018782580446, 0.000945112959016, -0.000481129100081, -0.00277985422872, -0.00258550583385, 0.000793404236902, 0.000380556972232, 0.0118169272318, -0.000863879045937, 0.000617178040557, -0.00136447802652], [0.000265568407485, -0.00192716659512, 0.000346402142895, -0.00148962205276, 0.000165603443747, -0.00144576583989, -0.0034432716202, -0.00321846082807, 9.64401770034e-05, -0.000863879045937, 0.0174520872533, -0.00649586971849, 0.00256557599641], [-0.000131471242639, 0.00338470796123, -0.000484689284349, 0.00164482952096, -0.000856366066728, -0.000702439574525, -0.00135601160582, -0.00106246815994, -0.000402410107199, 0.000617178040557, -0.00649586971849, 0.0267469584942, -0.00600287271664], [0.000141805998283, -0.00168851832859, 0.000171439067344, -0.00187165953685, -0.00118084833957, 0.00020264997147, -0.000783039897215, -0.000695123511832, -0.00227647530846, -0.00136447802652, 0.00256557599641, -0.00600287271664, 0.0196937378496]]
    },
    "melbands": {
        "dmean": [0.00944747496396, 0.00652846461162, 0.00355713954195, 0.00154844124336, 0.000553965161089, 0.000211710183066, 0.000125043996377, 5.93463737459e-05, 6.1800237745e-05, 5.09032179252e-05, 4.84479678562e-05, 3.28923524648e-05, 1.76086105057e-05, 2.32872625929e-05, 1.4359544366e-05, 1.41505688589e-05, 1.29500740513e-05, 1.00899096651e-05, 7.52772621126e-06, 9.67999494605e-06, 7.53430003897e-06, 4.69649603474e-06, 2.69615861725e-06, 2.44910961555e-06, 2.29489774028e-06, 1.82608380328e-06, 1.46086472341e-06, 1.09703501039e-06, 9.86051418295e-07, 1.09720110686e-06, 1.28332851546e-06, 1.45330341184e-06, 1.9114704628e-06, 2.51029473475e-06, 2.12718828152e-06, 1.73289004124e-06, 1.07491871404e-06, 9.9552789834e-07, 7.41252108583e-07, 7.02480235759e-07],
        "dmean2": [0.0134530281648, 0.0100008519366, 0.00650519039482, 0.002797128167, 0.000937513890676, 0.000335837190505, 0.000196936438442, 8.92613825272e-05, 9.21232494875e-05, 7.62704585213e-05, 7.31718537281e-05, 5.16158543178e-05, 2.92801869364e-05, 3.59085315722e-05, 2.27123728109e-05, 2.19342964556e-05, 2.02167539101e-05, 1.57707399921e-05, 1.26092991195e-05, 1.71687279362e-05, 1.28215187942e-05, 7.91143065726e-06, 4.49397339253e-06, 4.07309516959e-06, 4.06267054132e-06, 3.14084059028e-06, 2.51550659414e-06, 1.9040950292e-06, 1.69116310644e-06, 1.87815192021e-06, 2.24265318138e-06, 2.53014809459e-06, 3.41964619111e-06, 4.64264394395e-06, 3.80756091545e-06, 3.04394711748e-06, 1.82034602858e-06, 1.71993406184e-06, 1.27802184124e-06, 1.22635560729e-06],
        "dvar": [0.00041083060205, 0.000190444290638, 7.77084133006e-05, 1.39380226756e-05, 1.57975125603e-06, 1.47712128751e-07, 4.40930669754e-08, 1.34139721553e-08, 2.2526650767e-08, 1.38081954759e-08, 1.82888157951e-08, 7.21366477663e-09, 9.99015981051e-10, 2.53336240874e-09, 8.40610026032e-10, 7.24634408034e-10, 8.09985800654e-10, 7.54532658576e-10, 5.23943277653e-10, 1.97279326208e-09, 4.02811839439e-10, 1.58129981331e-10, 2.89884331817e-11, 3.22541507392e-11, 5.00152141925e-11, 1.87195207252e-11, 1.046108946e-11, 7.13895565926e-12, 4.19656410316e-12, 5.78760520412e-12, 2.15954754079e-11, 3.08282531447e-11, 8.11099104547e-11, 1.92208013394e-10, 1.08011669053e-10, 4.61310399602e-11, 8.26142713267e-12, 7.694640064e-12, 5.12649861797e-12, 6.47172549925e-12],
        "dvar2": [0.000624751031864, 0.000472140876809, 0.000221281356062, 3.98285665142e-05, 4.38253073298e-06, 3.73590296476e-07, 1.07258273374e-07, 2.89042603185e-08, 4.89501701395e-08, 2.9772420973e-08, 4.11007334833e-08, 1.73496594869e-08, 2.64571564657e-09, 5.57990320615e-09, 1.93679827731e-09, 1.6000932801e-09, 1.78811232487e-09, 1.67835956244e-09, 1.47372425374e-09, 5.73222003197e-09, 1.03414887764e-09, 3.84450804525e-10, 7.33152913379e-11, 8.2732452833e-11, 1.41894634931e-10, 5.03934949325e-11, 2.80935344432e-11, 1.95612987614e-11, 1.09633942549e-11, 1.51309711288e-11, 6.11857162158e-11, 8.6734529281e-11, 2.31410918206e-10, 5.59519042209e-10, 3.12200987285e-10, 1.31054750385e-10, 2.23466471022e-11, 2.11099245723e-11, 1.43130004376e-11, 1.82953270589e-11],
        "max": [0.11199170351, 0.0886847227812, 0.0549826361239, 0.0266862995923, 0.0161988083273, 0.00594807928428, 0.00559279508889, 0.00357636110857, 0.00392691185698, 0.00270385341719, 0.00301029533148, 0.00220910552889, 0.000574811012484, 0.00173059850931, 0.000816093990579, 0.000583309971262, 0.000561036460567, 0.000819881213829, 0.000361221260391, 0.000741833064239, 0.000492964289151, 0.000406928273151, 0.000134813017212, 0.000105683560832, 0.000114658352686, 5.4391392041e-05, 3.28800488205e-05, 3.69995686924e-05, 3.02098560496e-05, 2.9463248211e-05, 6.76320341881e-05, 9.096685244e-05, 0.000160674593644, 0.000232233171118, 0.000191037310287, 0.000122850105981, 3.58578363375e-05, 3.48426947312e-05, 6.37847042526e-05, 3.98877418775e-05],
        "mean": [0.011373238638, 0.00830661226064, 0.00358453835361, 0.00152376864571, 0.000671644054819, 0.000341756502166, 0.000202699273359, 0.000100863660919, 0.000106453182525, 8.29018463264e-05, 7.59672184358e-05, 4.8685917136e-05, 2.34803501371e-05, 3.75063245883e-05, 2.26913052757e-05, 2.3620092179e-05, 1.9659897589e-05, 1.56246678671e-05, 8.91111812962e-06, 9.04839362192e-06, 7.6406640801e-06, 4.40074200014e-06, 2.64005416284e-06, 2.52288168667e-06, 1.85900080396e-06, 1.76233595539e-06, 1.32947184284e-06, 9.43135660236e-07, 1.03033528376e-06, 1.08225026452e-06, 1.03996057987e-06, 1.14314514121e-06, 1.41336261095e-06, 1.69167105923e-06, 1.51448932684e-06, 1.28753424633e-06, 8.84104906618e-07, 8.19567958388e-07, 6.26786572866e-07, 6.04451827257e-07],
        "median": [0.00185848795809, 0.00376505451277, 0.00184728880413, 0.000652701593935, 0.000318010337651, 0.00017549173208, 0.000110971188406, 5.27992306161e-05, 4.58494905615e-05, 2.92376425932e-05, 2.23245624511e-05, 1.74554625119e-05, 1.1115163943e-05, 1.53590772243e-05, 9.98315863399e-06, 9.18136174732e-06, 5.55991346118e-06, 4.46208559879e-06, 2.70609962172e-06, 2.27543523579e-06, 1.43300678701e-06, 7.62585614211e-07, 5.57314251637e-07, 5.01607701153e-07, 3.08988859388e-07, 3.3556523249e-07, 2.66833922069e-07, 2.03605907245e-07, 2.66469101007e-07, 2.56169016666e-07, 1.70960987589e-07, 1.75416829507e-07, 1.51145513883e-07, 1.27549441231e-07, 1.08105965069e-07, 7.36119503131e-08, 6.67509354457e-08, 5.67318458877e-08, 4.44648087239e-08, 3.50690001483e-08],
        "min": [2.64587387045e-23, 3.77008696177e-24, 7.52403856258e-24, 9.0686605583e-24, 7.64917004595e-24, 1.53220374735e-23, 8.0532711444e-24, 2.50995424088e-23, 1.52408905076e-23, 8.76251941821e-24, 1.48682215719e-23, 1.71565240423e-23, 1.11673319111e-23, 5.22428814281e-24, 4.34777216925e-24, 9.98488621212e-24, 1.67852734785e-23, 2.06505152092e-23, 7.51855597929e-24, 1.28090271855e-23, 7.83800678058e-24, 6.79401327026e-24, 1.06672398511e-23, 1.36099205861e-23, 1.09957089102e-23, 8.8346220938e-24, 9.90122514654e-24, 8.7950930627e-24, 6.91494406931e-24, 8.81436966778e-24, 1.23982696787e-23, 1.42231873647e-23, 8.24824442801e-24, 1.08090368099e-23, 9.26800176475e-24, 1.02321018092e-23, 8.3349765291e-24, 8.5728307138e-24, 1.09407734257e-23, 9.40255934707e-24],
        "var": [0.000611992843915, 0.000197509434656, 4.62787684228e-05, 8.6210156951e-06, 1.32853210744e-06, 2.26754963251e-07, 8.64070059947e-08, 2.7384654544e-08, 4.50287664933e-08, 2.93070687718e-08, 3.62125724962e-08, 1.23651506811e-08, 1.38108358083e-09, 5.08986541803e-09, 1.77924031064e-09, 1.70954284062e-09, 1.75993808416e-09, 1.44897649434e-09, 4.25813384552e-10, 1.16766118996e-09, 4.26119417529e-10, 1.9681924146e-10, 3.08406078453e-11, 3.50879880706e-11, 3.22777429784e-11, 1.60561997725e-11, 8.76665406935e-12, 5.2056514481e-12, 4.40632339643e-12, 5.38794790034e-12, 1.36534377554e-11, 1.9385064734e-11, 4.7747267945e-11, 1.05864920996e-10, 6.13678621808e-11, 2.79314314733e-11, 6.0553129351e-12, 5.39478097611e-12, 3.43180236832e-12, 4.2108356732e-12]
    },
    "mfcc": {
        "mean": [-718.451721191, 172.569091797, 38.947063446, 21.7158851624, 13.8301439285, 19.4701423645, 4.31179285049, 1.9276638031, 1.01388657093, 0.724679648876, -1.21284461021, 0.3319427073, -1.31833004951],
        "cov": [[9994.48828125, -2499.20361328, -1533.19445801, -375.352325439, -177.435333252, -377.587310791, -317.115356445, 86.5050430298, -254.73286438, -43.6445465088, -70.9067687988, -263.946655273, -211.793640137], [-2499.20361328, 2658.77197266, -373.427062988, -75.3722686768, -161.340133667, 26.3059616089, 12.8697385788, -159.558425903, 78.2601470947, -2.26977205276, 36.5395965576, 39.5367431641, -11.7037315369], [-1533.19445801, -373.427062988, 1712.50671387, 74.5773468018, 266.861022949, 236.026596069, 221.010437012, 146.801513672, 90.3694000244, 85.1021575928, 77.5175857544, 115.595756531, 117.656539917], [-375.352325439, -75.3722686768, 74.5773468018, 495.722198486, 3.41080784798, 28.2027225494, 72.7443466187, 72.8112716675, 63.6209068298, 4.87019586563, 1.86497187614, 64.1934585571, 60.0601959229], [-177.435333252, -161.340133667, 266.861022949, 3.41080784798, 283.220581055, 61.0937576294, 56.1552429199, 78.8392333984, 55.1918296814, 58.6840782166, 22.8146076202, 22.6513080597, 48.5827560425], [-377.587310791, 26.3059616089, 236.026596069, 28.2027225494, 61.0937576294, 222.722839355, 73.6678390503, -0.865605890751, 46.9490814209, 22.2092857361, 38.335269928, 57.6548614502, 32.1029930115], [-317.115356445, 12.8697385788, 221.010437012, 72.7443466187, 56.1552429199, 73.6678390503, 186.34677124, 56.4060668945, 25.0371589661, 22.477640152, 38.9178733826, 58.0530014038, 56.2722969055], [86.5050430298, -159.558425903, 146.801513672, 72.8112716675, 78.8392333984, -0.865605890751, 56.4060668945, 159.775466919, 34.6555175781, 42.4478302002, 29.4848709106, 28.3333072662, 49.2508163452], [-254.73286438, 78.2601470947, 90.3694000244, 63.6209068298, 55.1918296814, 46.9490814209, 25.0371589661, 34.6555175781, 117.228935242, 41.0289306641, 1.07832539082, 49.885635376, 40.2574119568], [-43.6445465088, -2.26977205276, 85.1021575928, 4.87019586563, 58.6840782166, 22.2092857361, 22.477640152, 42.4478302002, 41.0289306641, 101.979957581, 46.4633407593, 11.1821517944, 16.6931610107], [-70.9067687988, 36.5395965576, 77.5175857544, 1.86497187614, 22.8146076202, 38.335269928, 38.9178733826, 29.4848709106, 1.07832539082, 46.4633407593, 120.480445862, 17.9961185455, -13.1667709351], [-263.946655273, 39.5367431641, 115.595756531, 64.1934585571, 22.6513080597, 57.6548614502, 58.0530014038, 28.3333072662, 49.885635376, 11.1821517944, 17.9961185455, 115.998336792, 57.4521980286], [-211.793640137, -11.7037315369, 117.656539917, 60.0601959229, 48.5827560425, 32.1029930115, 56.2722969055, 49.2508163452, 40.2574119568, 16.6931610107, -13.1667709351, 57.4521980286, 101.781715393]],
