{
"lowlevel": {
    "average_loudness": 0.937731862068,
    "barkbands_crest": {
        "dmean": 3.19786524773,
        "dmean2": 4.959171772,
        "dvar": 10.4266662598,
        "dvar2": 20.2721652985,
        "max": 25.9394340515,
        "mean": 10.655462265,
        "median": 8.54369163513,
        "min": 1.79988515377,
        "var": 41.8053817749
    },
    "barkbands_flatness_db": {
        "dmean": 0.0281438548118,
        "dmean2": 0.0443144068122,
        "dvar": 0.00100886181463,
        "dvar2": 0.00208860565908,
        "max": 0.406628698111,
        "mean": 0.0944270268083,
        "median": 0.0769570320845,
        "min": 0.00975593272597,
        "var": 0.00393264461309
    },
    "barkbands_kurtosis": {
        "dmean": 6.83867073059,
        "dmean2": 11.3903865814,
        "dvar": 808.201599121,
        "dvar2": 2014.66687012,
        "max": 670.934631348,
        "mean": 6.31025028229,
        "median": 0.274523019791,
        "min": -1.99000930786,
        "var": 753.731506348
    },
    "barkbands_skewness": {
        "dmean": 0.923945963383,
        "dmean2": 1.42693555355,
        "dvar": 1.83587861061,
        "dvar2": 4.1496462822,
        "max": 23.0510368347,
        "mean": 1.55402994156,
        "median": 1.08035349846,
        "min": -3.19693589211,
        "var": 4.00735044479
    },
    "barkbands_spread": {
        "dmean": 11.3183889389,
        "dmean2": 17.6945133209,
        "dvar": 132.884307861,
        "dvar2": 296.641204834,
        "max": 166.460586548,
        "mean": 39.519493103,
        "median": 37.9698066711,
        "min": 0.31827583909,
        "var": 538.598205566
    },
    "dissonance": {
        "dmean": 0.0148191051558,
        "dmean2": 0.0251642763615,
        "dvar": 0.000351656111889,
        "dvar2": 0.000969797605649,
        "max": 0.500000178814,
        "mean": 0.47985637188,
        "median": 0.48614141345,
        "min": 0.259293049574,
        "var": 0.000463150703581
    },
    "dynamic_complexity": 3.2453455925,
    "erbbands_crest": {
        "dmean": 2.38159823418,
        "dmean2": 3.89994931221,
        "dvar": 7.09654712677,
        "dvar2": 17.7248916626,
        "max": 30.8542575836,
        "mean": 6.97284030914,
        "median": 5.35435819626,
        "min": 2.03156900406,
        "var": 20.5563735962
    },
    "erbbands_flatness_db": {
        "dmean": 0.0192447844893,
        "dmean2": 0.0297292545438,
        "dvar": 0.00035166926682,
        "dvar2": 0.000805181101896,
        "max": 0.436879038811,
        "mean": 0.109770268202,
        "median": 0.0919063463807,
        "min": 0.022128008306,
        "var": 0.00321618933231
    },
    "erbbands_kurtosis": {
        "dmean": 1.07220005989,
        "dmean2": 1.77406382561,
        "dvar": 8.00549030304,
        "dvar2": 22.5562171936,
        "max": 88.3937072754,
        "mean": 0.417621225119,
        "median": -0.303674221039,
        "min": -1.67131614685,
        "var": 14.8260269165
    },
    "erbbands_skewness": {
        "dmean": 0.428981602192,
        "dmean2": 0.674726068974,
        "dvar": 0.185659050941,
        "dvar2": 0.446548491716,
        "max": 8.10388946533,
        "mean": -0.00359168183059,
        "median": -0.130423471332,
        "min": -3.381909132,
        "var": 0.826746463776
    },
    "erbbands_spread": {
        "dmean": 12.5477962494,
        "dmean2": 19.5432510376,
        "dvar": 149.913131714,
        "dvar2": 369.102508545,
        "max": 146.180618286,
        "mean": 49.3164901733,
        "median": 47.7598724365,
        "min": 1.45420503616,
        "var": 409.470794678
    },
    "hfc": {
        "dmean": 21.8762073517,
        "dmean2": 36.1988258362,
        "dvar": 824.782409668,
        "dvar2": 2205.27001953,
        "max": 299.317504883,
        "mean": 43.540599823,
        "median": 36.1482696533,
        "min": 1.18676370107e-16,
        "var": 1208.59387207
    },
    "melbands_crest": {
        "dmean": 4.25152015686,
        "dmean2": 6.72353363037,
        "dvar": 19.8398590088,
        "dvar2": 40.8756942749,
        "max": 37.674156189,
        "mean": 16.488067627,
        "median": 14.3545856476,
        "min": 2.34072113037,
        "var": 74.1496810913
    },
    "melbands_flatness_db": {
        "dmean": 0.0394737236202,
        "dmean2": 0.0607216954231,
        "dvar": 0.00185546581633,
        "dvar2": 0.0037978971377,
        "max": 0.53063672781,
        "mean": 0.159530162811,
        "median": 0.146023601294,
        "min": 0.00591913610697,
        "var": 0.006659548264
    },
    "melbands_kurtosis": {
        "dmean": 19.7774944305,
        "dmean2": 32.0456161499,
        "dvar": 3168.99975586,
        "dvar2": 7783.38769531,
        "max": 884.526000977,
        "mean": 25.744808197,
        "median": 7.25079631805,
        "min": -1.78219938278,
        "var": 3580.14013672
    },
    "melbands_skewness": {
        "dmean": 1.30826759338,
        "dmean2": 2.01022338867,
        "dvar": 3.27853918076,
        "dvar2": 7.29873037338,
        "max": 22.8839931488,
        "mean": 3.42783880234,
        "median": 2.50557088852,
        "min": -1.49337828159,
        "var": 8.08205127716
    },
    "melbands_spread": {
        "dmean": 17.5308742523,
        "dmean2": 27.8238601685,
        "dvar": 553.821960449,
        "dvar2": 1310.31286621,
        "max": 227.505844116,
        "mean": 37.337348938,
        "median": 29.105255127,
        "min": 0.272490173578,
        "var": 1009.13031006
    },
    "pitch_salience": {
        "dmean": 0.104801483452,
        "dmean2": 0.162893548608,
        "dvar": 0.0101254368201,
        "dvar2": 0.0225137230009,
        "max": 0.930752336979,
        "mean": 0.540004849434,
        "median": 0.584995031357,
        "min": 0.0383058562875,
        "var": 0.0327353104949
    },
    "silence_rate_20dB": {
        "dmean": 0,
        "dmean2": 0,
        "dvar": 0,
        "dvar2": 0,
        "max": 1,
        "mean": 1,
        "median": 1,
        "min": 1,
        "var": 0
    },
    "silence_rate_30dB": {
        "dmean": 0.0189289003611,
        "dmean2": 0.0378607138991,
        "dvar": 0.0185667704791,
        "dvar2": 0.0461177267134,
        "max": 1,
        "mean": 0.98522734642,
        "median": 1,
        "min": 0,
        "var": 0.014553565532
    },
    "silence_rate_60dB": {
        "dmean": 0.0196983683854,
        "dmean2": 0.0393997691572,
        "dvar": 0.0193073377013,
        "dvar2": 0.0524653568864,
        "max": 1,
        "mean": 0.0707855671644,
        "median": 0,
        "min": 0,
        "var": 0.0657713636756
    },
    "spectral_centroid": {
        "dmean": 487.818664551,
        "dmean2": 751.048156738,
        "dvar": 276420.5625,
        "dvar2": 587116,
        "max": 10685.4423828,
        "mean": 1995.8494873,
        "median": 1951.24401855,
        "min": 199.631729126,
        "var": 730354.5625
    },
    "spectral_complexity": {
        "dmean": 8.08448791504,
        "dmean2": 12.1916122437,
        "dvar": 59.1344146729,
        "dvar2": 146.749404907,
        "max": 70,
        "mean": 26.2547512054,
        "median": 26,
        "min": 0,
        "var": 214.733673096
    },
    "spectral_decrease": {
        "dmean": 3.21267901171e-09,
        "dmean2": 4.50605686098e-09,
        "dvar": 1.09908472335e-17,
        "dvar2": 1.92941035931e-17,
        "max": 6.04364823834e-17,
        "mean": -8.5816598272e-09,
        "median": -6.57434595652e-09,
        "min": -4.34799645177e-08,
        "var": 5.24613627826e-17
    },
    "spectral_energy": {
        "dmean": 0.0130022130907,
        "dmean2": 0.0183900147676,
        "dvar": 0.000155254572746,
        "dvar2": 0.000283254339593,
        "max": 0.165177583694,
        "mean": 0.0363382808864,
        "median": 0.0300268828869,
        "min": 1.09935453803e-20,
        "var": 0.000771276361775
    },
    "spectral_energyband_high": {
        "dmean": 0.00211847899482,
        "dmean2": 0.00358786247671,
        "dvar": 1.06761044663e-05,
        "dvar2": 2.90685293294e-05,
        "max": 0.0356933958828,
        "mean": 0.00340025313199,
        "median": 0.00226108613424,
        "min": 7.80574639591e-21,
        "var": 1.32501363623e-05
    },
    "spectral_energyband_low": {
        "dmean": 0.0081902872771,
        "dmean2": 0.0105537697673,
        "dvar": 0.000134074391099,
        "dvar2": 0.000192944440641,
        "max": 0.161396816373,
        "mean": 0.0180177763104,
        "median": 0.00580264395103,
        "min": 1.37584346955e-22,
        "var": 0.000676164112519
    },
    "spectral_energyband_middle_high": {
        "dmean": 0.00277720578015,
        "dmean2": 0.00458906264976,
        "dvar": 1.02714866443e-05,
        "dvar2": 2.70577147603e-05,
        "max": 0.0450312756002,
        "mean": 0.00569877773523,
        "median": 0.00474125379696,
        "min": 1.71699935582e-21,
        "var": 2.41387515416e-05
    },
    "spectral_energyband_middle_low": {
        "dmean": 0.00664169155061,
        "dmean2": 0.0102429110557,
        "dvar": 0.000115540999104,
        "dvar2": 0.000228744349442,
        "max": 0.100440554321,
        "mean": 0.0100853852928,
        "median": 0.00643160380423,
        "min": 3.57518148864e-22,
        "var": 0.000167390520801
    },
    "spectral_entropy": {
        "dmean": 0.197223320603,
        "dmean2": 0.312673777342,
        "dvar": 0.0482428371906,
        "dvar2": 0.111362271011,
        "max": 9.80786418915,
        "mean": 8.02925014496,
        "median": 8.13247966766,
        "min": 5.99895238876,
        "var": 0.174165666103
    },
    "spectral_flux": {
        "dmean": 0.0341431424022,
        "dmean2": 0.0547285377979,
        "dvar": 0.00107401621062,
        "dvar2": 0.00302860047668,
        "max": 0.312973111868,
        "mean": 0.104395985603,
        "median": 0.100860349834,
        "min": 1.04850107763e-10,
        "var": 0.0025051580742
    },
    "spectral_kurtosis": {
        "dmean": 1.14094460011,
        "dmean2": 1.87397003174,
        "dvar": 2.34478735924,
        "dvar2": 6.33628749847,
        "max": 40.6906051636,
        "mean": 3.4765162468,
        "median": 2.68776893616,
        "min": -1.21606385708,
        "var": 9.6420249939
    },
    "spectral_rms": {
        "dmean": 0.00113259931095,
        "dmean2": 0.00161167571787,
        "dvar": 1.00915906387e-06,
        "dvar2": 1.90330570149e-06,
        "max": 0.0126944417134,
        "mean": 0.00541219860315,
        "median": 0.00541244121268,
        "min": 3.2749673199e-12,
        "var": 6.16020179223e-06
    },
    "spectral_rolloff": {
        "dmean": 1566.25488281,
        "dmean2": 2467.89160156,
        "dvar": 4207959,
        "dvar2": 8783264,
        "max": 19767.4804688,
        "mean": 3403.23339844,
        "median": 2260.98632812,
        "min": 64.599609375,
        "var": 11334326
    },
    "spectral_skewness": {
        "dmean": 0.210896909237,
        "dmean2": 0.335976362228,
        "dvar": 0.0478315278888,
        "dvar2": 0.114939369261,
        "max": 4.8739118576,
        "mean": 1.43421256542,
        "median": 1.35739016533,
        "min": 0.0451883003116,
        "var": 0.204255864024
    },
    "spectral_spread": {
        "dmean": 861712.25,
        "dmean2": 1300113.875,
        "dvar": 939419107328,
        "dvar2": 2.01884617933e+12,
        "max": 40894340,
        "mean": 6546737.5,
        "median": 6666408,
        "min": 1539278.5,
        "var": 3.93716721254e+12
    },
    "spectral_strongpeak": {
        "dmean": 0.446376115084,
        "dmean2": 0.733072340488,
        "dvar": 0.933543920517,
        "dvar2": 2.22843742371,
        "max": 35.8788566589,
        "mean": 0.728388428688,
        "median": 0.47664758563,
        "min": 0,
        "var": 1.23751044273
    },
    "zerocrossingrate": {
        "dmean": 0.0239188689739,
        "dmean2": 0.0284316465259,
        "dvar": 0.000573034456465,
        "dvar2": 0.000683825521264,
        "max": 0.572265625,
        "mean": 0.118100233376,
        "median": 0.1083984375,
        "min": 0.00244140625,
        "var": 0.00519272312522
    },
    "barkbands": {
        "dmean": [0.000472074025311, 0.00703361444175, 0.00184317363892, 0.00186500034761, 0.00310312421061, 0.00143919920083, 0.001057716785, 0.000569870462641, 0.000332365510985, 0.000395719020162, 0.00051609845832, 0.000427858612966, 0.000363027094863, 0.000392516405554, 0.00041200677515, 0.000394574628444, 0.000359797879355, 0.000325593806338, 0.00027455604868, 0.000366154534277, 0.000421053497121, 0.000362786930054, 0.000420066266088, 0.000307942740619, 0.000350666465238, 0.00024375061912, 0.000100019628007],
        "dmean2": [0.000659180921502, 0.00851160660386, 0.00295247067697, 0.00301122362725, 0.0051106759347, 0.00225658225827, 0.00158684363123, 0.000892014475539, 0.000533392478246, 0.000647811044473, 0.000850394717418, 0.000730942760129, 0.000637231511064, 0.000676079420373, 0.000708182982635, 0.000664228457026, 0.000580297433771, 0.000529031269252, 0.000443408091087, 0.000610740971752, 0.000731804175302, 0.000617721292656, 0.000732775952201, 0.000523144728504, 0.000599714985583, 0.000386665691622, 0.000152816690388],
        "dvar": [7.25600557416e-07, 0.000138489500387, 8.80749666976e-06, 1.78451973625e-05, 6.35404576315e-05, 4.63360538561e-06, 6.89336184223e-06, 7.87241617672e-07, 2.03848031788e-07, 5.30665090537e-07, 6.25561881407e-07, 4.22740157546e-07, 2.86331612642e-07, 3.35899443371e-07, 3.96084629983e-07, 3.36929019795e-07, 4.16334756892e-07, 2.67915311269e-07, 1.70909814301e-07, 3.79510538551e-07, 3.80311234949e-07, 4.21312279286e-07, 8.35710523006e-07, 3.64602840364e-07, 3.83927584835e-07, 1.18295375273e-07, 3.21145030568e-08],
        "dvar2": [1.34808203711e-06, 0.00018211119459, 2.20275760512e-05, 3.82456601073e-05, 0.00015051617811, 1.03535749076e-05, 1.40993379318e-05, 1.87994805856e-06, 4.90417221499e-07, 1.25221379221e-06, 1.49823722495e-06, 1.1029592315e-06, 8.05984427643e-07, 9.30331339077e-07, 1.11036706585e-06, 8.90618423455e-07, 9.64925789049e-07, 6.58911346818e-07, 4.5876751642e-07, 9.56434291766e-07, 1.07038192709e-06, 1.13010173663e-06, 2.32414390666e-06, 1.0090335536e-06, 1.04132095657e-06, 2.64973124331e-07, 6.35535855054e-08],
        "max": [0.0116933686659, 0.15360416472, 0.0366459563375, 0.0479286201298, 0.0773946195841, 0.041713770479, 0.0667192935944, 0.0214659553021, 0.00700804358348, 0.0316113419831, 0.0204407703131, 0.0194543786347, 0.014742622152, 0.0165821015835, 0.0118900574744, 0.0112606948242, 0.0202508028597, 0.0168883167207, 0.0118231875822, 0.0310415718704, 0.00913550704718, 0.0234465766698, 0.00833854544908, 0.0061935163103, 0.00872579496354, 0.00418524770066, 0.00233003357425],
        "mean": [0.000775736582, 0.0142840091139, 0.00221368786879, 0.00187214009929, 0.00349490484223, 0.00174260255881, 0.00158146861941, 0.000728689017706, 0.000476036191685, 0.000499763060361, 0.000623711908702, 0.00055628787959, 0.000423578952905, 0.000539056491107, 0.000573983765207, 0.000614823540673, 0.000588302791584, 0.000539102184121, 0.000492752878927, 0.000582413224038, 0.000569256662857, 0.000546315510292, 0.000530068820808, 0.000452095002402, 0.000479887385154, 0.000399882264901, 0.000157843518537],
        "median": [0.000155327521497, 0.00192362535745, 0.00116563634947, 0.000563671346754, 0.00109198724385, 0.000873114506248, 0.000389355584048, 0.000379498495022, 0.000302474712953, 0.00024659166229, 0.000327155343257, 0.000281705026282, 0.000250826997217, 0.000315057026455, 0.000349578913301, 0.000382538331905, 0.000318156497087, 0.000303378415992, 0.000266148068476, 0.000311365554808, 0.000305282068439, 0.000256160506979, 0.000257678795606, 0.000281181390164, 0.000285124609945, 0.000215652456973, 6.1523191107e-05],
        "min": [1.01693586527e-22, 5.57559504072e-23, 2.0880502873e-23, 5.31788688365e-24, 2.48995582807e-23, 4.50596875746e-23, 7.52024382609e-23, 1.12483537636e-22, 9.21702746632e-23, 2.19273796699e-23, 6.64477230436e-23, 5.40095448917e-23, 1.73989053419e-22, 5.89159189343e-23, 2.27928799898e-22, 1.27248060286e-22, 2.35078757464e-22, 1.80058713307e-22, 4.45321043431e-22, 4.7467146538e-22, 4.82870721546e-22, 4.1843843083e-22, 6.00369950413e-22, 7.49600673742e-22, 1.11251914979e-21, 1.8831556263e-21, 2.37265550575e-21],
        "var": [1.88788703781e-06, 0.000611138762906, 9.84383405012e-06, 2.04695588764e-05, 6.41372826067e-05, 7.92881110101e-06, 1.56204332598e-05, 1.29000818561e-06, 3.44660577412e-07, 7.60193586302e-07, 9.50371315867e-07, 8.57824602463e-07, 3.60577104175e-07, 6.44246426873e-07, 5.76330307922e-07, 5.71257146476e-07, 7.67115238887e-07, 4.65456679422e-07, 5.0768926485e-07, 6.01503302278e-07, 4.47324737252e-07, 5.90019340052e-07, 6.91729496793e-07, 3.74901219402e-07, 3.7875685166e-07, 2.2353307827e-07, 6.01944165624e-08]
    },
    "erbbands": {
        "dmean": [0.326237767935, 1.17775905132, 1.7303686142, 4.24134206772, 11.3095054626, 8.45674037933, 9.68017959595, 11.5419282913, 11.422627449, 20.6019477844, 10.7065830231, 6.47950935364, 12.2314739227, 12.7691745758, 19.4499759674, 17.8157577515, 15.6206388474, 19.8795337677, 18.0512485504, 24.8305473328, 20.5802536011, 19.2882804871, 15.9819631577, 14.9340162277, 15.7964830399, 16.3425292969, 12.8433389664, 19.1085948944, 13.5476455688, 12.6800384521, 12.8178081512, 6.50923442841, 5.37711381912, 4.09302330017, 2.55430722237, 1.19654655457, 0.424122840166, 0.120068110526, 0.018228104338, 0.000683799153194],
        "dmean2": [0.378076195717, 1.60847270489, 2.75470423698, 6.7681517601, 19.0236206055, 13.5222501755, 15.4343471527, 18.0860900879, 17.7274513245, 31.0621795654, 16.6185703278, 10.5721731186, 19.9564094543, 21.0026016235, 32.1830329895, 30.5244808197, 27.2211685181, 34.0369148254, 31.781036377, 42.4142074585, 34.2553710938, 30.9183883667, 25.8785018921, 24.2452068329, 26.3256473541, 26.7777423859, 21.4633579254, 33.6851005554, 23.433095932, 21.8503513336, 22.5137672424, 11.0406770706, 9.1720905304, 7.04956054688, 4.36817836761, 1.96790587902, 0.655960679054, 0.182090103626, 0.0278263166547, 0.00105511967558],
        "dvar": [0.346169769764, 3.78683519363, 8.40866088867, 65.3181152344, 1200.51757812, 301.452453613, 304.639404297, 361.357421875, 830.867370605, 3057.72485352, 222.3072052, 92.181968689, 357.060028076, 560.236938477, 725.768554688, 646.846862793, 529.604370117, 931.085388184, 685.383483887, 2183.94824219, 865.259033203, 1084.02490234, 597.586242676, 497.670471191, 550.118041992, 1042.25256348, 277.656768799, 933.453613281, 627.059387207, 498.481994629, 886.133666992, 173.064483643, 114.576667786, 57.0219535828, 21.1920509338, 3.57549524307, 0.362853765488, 0.0370672941208, 0.0011015975615, 1.50377843511e-06],
        "dvar2": [0.418475210667, 6.01571416855, 21.3133182526, 151.927139282, 2816.19213867, 620.542236328, 711.340148926, 777.137207031, 1686.97558594, 6390.86767578, 511.684082031, 232.096786499, 928.80279541, 1257.99475098, 1773.90429688, 1756.38928223, 1503.69372559, 2500.7121582, 1918.95483398, 6354.74316406, 2157.28515625, 2595.7578125, 1459.34240723, 1242.16564941, 1514.66333008, 2550.74487305, 760.07232666, 2607.41357422, 1690.1126709, 1376.37719727, 2460.95336914, 480.329711914, 316.818786621, 156.357299805, 57.3875045776, 9.27713871002, 0.718843281269, 0.0747681632638, 0.00218840036541, 3.01776367451e-06],
        "max": [7.69759607315, 25.9170341492, 35.2970924377, 89.1798553467, 339.108551025, 425.523864746, 436.222320557, 448.569732666, 912.112182617, 1699.09472656, 586.694030762, 156.527999878, 539.967895508, 1149.84411621, 622.881896973, 538.179199219, 623.534973145, 1000.81347656, 556.43939209, 1342.68115234, 695.721191406, 586.079467773, 744.068847656, 623.269165039, 469.040740967, 1966.69763184, 270.777313232, 457.134918213, 884.424438477, 323.546295166, 271.003692627, 132.270751953, 108.275161743, 76.1895751953, 78.1565933228, 30.6327514648, 7.46337842941, 2.54818129539, 0.435396045446, 0.016307964921],
        "mean": [0.635772705078, 2.3294608593, 2.3323302269, 4.82556390762, 9.98190689087, 11.5027084351, 12.555434227, 14.1894521713, 15.8603658676, 30.8145751953, 14.2604656219, 9.21448421478, 15.9933395386, 17.3826808929, 24.7281208038, 22.8017482758, 20.0276279449, 28.6814193726, 23.7543983459, 37.8835372925, 34.4292640686, 33.1503944397, 28.5244617462, 27.8854751587, 25.9393081665, 27.1043968201, 19.753200531, 24.7663154602, 19.9429225922, 17.7494392395, 15.3531141281, 9.69148254395, 7.41136598587, 5.35812282562, 3.43904161453, 1.80714285374, 0.704290449619, 0.195523887873, 0.0284298844635, 0.00110863905866],
        "median": [0.0570747032762, 0.431671053171, 1.5056656599, 2.21367502213, 2.28768777847, 3.39698243141, 6.45613527298, 6.86328935623, 5.70157623291, 7.94331026077, 8.59746742249, 5.9295835495, 9.57173156738, 9.77320384979, 14.3729515076, 12.3140077591, 12.126414299, 16.3985099792, 15.8628368378, 21.4177780151, 23.0181808472, 18.6284141541, 17.3616218567, 16.3797893524, 13.677031517, 15.1538734436, 11.8876428604, 11.5014705658, 9.01077747345, 8.91526412964, 7.13775157928, 5.79335784912, 4.54353141785, 3.30456423759, 1.98481929302, 0.978633642197, 0.364522516727, 0.0953455716372, 0.0106589859352, 0.000474863394629],
        "min": [3.93376847461e-21, 5.08854694096e-21, 2.30156543094e-20, 1.6438537695e-20, 5.54958057901e-20, 1.02934226179e-19, 1.35196880858e-19, 5.45490872393e-19, 1.23755380663e-18, 1.57302155694e-18, 1.59039441776e-18, 1.40580937426e-18, 1.72814842408e-18, 2.12707633362e-18, 2.1963322372e-18, 2.80427627981e-18, 7.05002479202e-18, 4.32377232349e-18, 7.56193792181e-18, 9.99929838859e-18, 6.87937453652e-18, 1.39131977555e-17, 1.19259674714e-17, 1.31193210887e-17, 2.58285061775e-17, 2.22410172434e-17, 2.33030096164e-17, 1.71015257219e-17, 1.39581351694e-17, 2.03600350002e-17, 1.53171978789e-17, 1.51024866073e-17, 1.25141259741e-17, 1.02569064196e-17, 9.18080151811e-18, 6.12791610519e-18, 3.90709001608e-18, 1.19675281273e-18, 3.59619718138e-19, 3.58999681646e-20],
        "var": [1.42618596554, 14.2946090698, 9.60237121582, 75.5321121216, 1040.29418945, 586.344848633, 524.411193848, 632.266662598, 1803.92126465, 6728.96191406, 360.857269287, 135.431838989, 478.931976318, 833.804626465, 1162.74194336, 1158.59008789, 753.825622559, 2002.43701172, 829.169677734, 3423.37866211, 1571.82226562, 2190.76196289, 1129.98803711, 1397.54528809, 1080.82751465, 1477.46374512, 454.28302002, 1029.31396484, 847.022705078, 549.914794922, 684.050292969, 174.507629395, 111.054473877, 52.7288780212, 20.7875270844, 4.94246768951, 0.755375862122, 0.0718500614166, 0.00204743584618, 2.77351250588e-06]
    },
    "gfcc": {
        "mean": [27.3366794586, 30.1287708282, -95.7883834839, 23.9605293274, -46.1800231934, 13.5129594803, -31.8776493073, 9.10947799683, -20.7567520142, 5.86451673508, -16.0100021362, 6.72137498856, -9.41318321228],
        "cov": [[24355.3164062, 1400.18615723, 1869.13049316, 2473.3371582, 388.820587158, -197.719177246, -1156.90270996, -359.151916504, -365.608459473, 683.71685791, 151.520507812, 254.969848633, -489.472900391], [1400.18615723, 2006.60876465, -181.40675354, 179.513183594, 258.173675537, -59.9834709167, -34.7719116211, -95.0238342285, 70.1202774048, -47.8537368774, 58.1753082275, -66.6732254028, -8.55453491211], [1869.13049316, -181.40675354, 1104.01538086, 280.276397705, 162.87512207, 64.902053833, -39.0850868225, 22.224697113, -43.3848381042, 134.61428833, 36.9050292969, 66.0499954224, -17.6655044556], [2473.3371582, 179.513183594, 280.276397705, 825.884094238, 134.007019043, 130.083312988, -66.8045806885, 21.9832000732, -28.3906593323, 86.8014068604, 70.7987289429, 12.4469623566, -36.3329658508], [388.820587158, 258.173675537, 162.87512207, 134.007019043, 259.778259277, 38.9721221924, 55.1750297546, 12.0981740952, 46.6246986389, 40.0336151123, 46.8979988098, 16.6574745178, 11.2659139633], [-197.719177246, -59.9834709167, 64.902053833, 130.083312988, 38.9721221924, 247.752044678, 94.9873580933, 92.9374160767, 23.0061321259, 19.0436210632, 7.10223436356, 1.54612624645, 27.0400371552], [-1156.90270996, -34.7719116211, -39.0850868225, -66.8045806885, 55.1750297546, 94.9873580933, 207.634155273, 96.1903915405, 66.912109375, 3.228505373, 21.4615821838, 1.00262820721, 49.755279541], [-359.151916504, -95.0238342285, 22.224697113, 21.9832000732, 12.0981740952, 92.9374160767, 96.1903915405, 157.382659912, 71.0492248535, 39.0318069458, 15.7083702087, 19.0409221649, 27.9480133057], [-365.608459473, 70.1202774048, -43.3848381042, -28.3906593323, 46.6246986389, 23.0061321259, 66.912109375, 71.0492248535, 143.430877686, 59.2752685547, 54.1179542542, 20.9822616577, 29.8430461884], [683.71685791, -47.8537368774, 134.61428833, 86.8014068604, 40.0336151123, 19.0436210632, 3.228505373, 39.0318069458, 59.2752685547, 140.190536499, 69.09765625, 44.2766494751, -4.20855951309], [151.520507812, 58.1753082275, 36.9050292969, 70.7987289429, 46.8979988098, 7.10223436356, 21.4615821838, 15.7083702087, 54.1179542542, 69.09765625, 104.991691589, 40.834197998, 13.5853347778], [254.969848633, -66.6732254028, 66.0499954224, 12.4469623566, 16.6574745178, 1.54612624645, 1.00262820721, 19.0409221649, 20.9822616577, 44.2766494751, 40.834197998, 74.7801895142, 29.7043228149], [-489.472900391, -8.55453491211, -17.6655044556, -36.3329658508, 11.2659139633, 27.0400371552, 49.755279541, 27.9480133057, 29.8430461884, -4.20855951309, 13.5853347778, 29.7043228149, 81.7653808594]],
        "icov": [[0.000125836304505, -0.000109384141979, -5.33611782885e-05, -0.000257163163042, -6.91650848239e-06, 4.76036839245e-05, 0.000371594011085, 1.77520469151e-05, 0.000186444085557, -0.000560204556677, 0.000431445572758, -0.000562638277188, 0.000404904101742], [-0.000109384141979, 0.000815305975266, 0.000199631249416, 0.000107745552668, -0.000799826695584, 6.56568081467e-05, 8.35133250803e-05, 0.000253854028415, -0.000654198694974, 0.000975468661636, -0.000889209972229, 0.00133729039226, -0.000576695485506], [-5.33611782885e-05, 0.000199631249416, 0.00138102984056, -2.83951012534e-05, -0.00101102062035, -0.000131158158183, 0.000152530134073, -0.000277301936876, 0.00101677316707, -0.00109798111953, 0.000304271292407, -0.000278513150988, -0.000205146046937], [-0.000257163163042, 0.000107745552668, -2.83951012534e-05, 0.00251103821211, -0.000823431531899, -0.00129600614309, 0.000723343109712, -0.000924391148146, 0.000897161720786, 0.000613060954493, -0.00249256077223, 0.00200487696566, -0.000610777758993], [-6.91650848239e-06, -0.000799826695584, -0.00101102062035, -0.000823431531899, 0.00658731069416, -7.09546220605e-05, -0.00274482415989, 0.00182145170402, -0.00184979976621, 0.000154551831656, 2.53854268522e-05, -0.00139245367609, 0.000638848752715], [4.76036839245e-05, 6.56568081467e-05, -0.000131158158183, -0.00129600614309, -7.09546220605e-05, 0.00664607621729, -0.0021370255854, -0.00257534324192, 0.00104919495061, -0.000573569093831, 0.000890376453754, 0.000817163730972, -0.0011770692654], [0.000371594011085, 8.35133250803e-05, 0.000152530134073, 0.000723343109712, -0.00274482415989, -0.0021370255854, 0.0117526296526, -0.0045911828056, 0.000131893568323, -0.000185934914043, -0.00201984704472, 0.00238833390176, -0.00249958527274], [1.77520469151e-05, 0.000253854028415, -0.000277301936876, -0.000924391148146, 0.00182145170402, -0.00257534324192, -0.0045911828056, 0.0136988628656, -0.00573561387137, -0.00147973978892, 0.00386065989733, -0.0031995063182, 0.000912418763619], [0.000186444085557, -0.000654198694974, 0.00101677316707, 0.000897161720786, -0.00184979976621, 0.00104919495061, 0.000131893568323, -0.00573561387137, 0.0156929939985, -0.00618247780949, -0.00370557117276, 0.0019263922004, -0.00267594284378], [-0.000560204556677, 0.000975468661636, -0.00109798111953, 0.000613060954493, 0.000154551831656, -0.000573569093831, -0.000185934914043, -0.00147973978892, -0.00618247780949, 0.0187246706337, -0.00827107205987, -0.00197672005743, 0.00288365455344], [0.000431445572758, -0.000889209972229, 0.000304271292407, -0.00249256077223, 2.53854268522e-05, 0.000890376453754, -0.00201984704472, 0.00386065989733, -0.00370557117276, -0.00827107205987, 0.0216217376292, -0.00973411276937, 0.00193001632579], [-0.000562638277188, 0.00133729039226, -0.000278513150988, 0.00200487696566, -0.00139245367609, 0.000817163730972, 0.00238833390176, -0.0031995063182, 0.0019263922004, -0.00197672005743, -0.00973411276937, 0.0283048637211, -0.0123059256002], [0.000404904101742, -0.000576695485506, -0.000205146046937, -0.000610777758993, 0.000638848752715, -0.0011770692654, -0.00249958527274, 0.000912418763619, -0.00267594284378, 0.00288365455344, 0.00193001632579, -0.0123059256002, 0.0210633464158]]
    },
    "melbands": {
        "dmean": [0.00234609469771, 0.000936415337492, 0.000909715425223, 0.000697414274327, 0.000331177230692, 0.000261059642071, 0.000186694684089, 0.000203620453249, 8.15772655187e-05, 4.2445211875e-05, 6.24083040748e-05, 5.07398617628e-05, 7.41682088119e-05, 4.41094416601e-05, 4.92448125442e-05, 3.39356884069e-05, 3.72787726519e-05, 3.17458652717e-05, 2.84296220343e-05, 3.10938994517e-05, 2.44328475674e-05, 2.2838707082e-05, 1.52557004185e-05, 1.81955947482e-05, 1.21582079373e-05, 1.20576887639e-05, 1.45217663885e-05, 1.01397417893e-05, 8.68115512276e-06, 9.48725573835e-06, 1.20202594189e-05, 7.46063324186e-06, 7.44536191633e-06, 7.1473891694e-06, 9.00454142538e-06, 4.18314994022e-06, 4.0653940232e-06, 4.03332842325e-06, 3.35224103765e-06, 3.60917965736e-06],
        "dmean2": [0.00277849216945, 0.00141992210411, 0.00144848076161, 0.00115260737948, 0.000525228213519, 0.000408735999372, 0.000286554219201, 0.000308497488732, 0.000127211358631, 6.92269968567e-05, 0.000101839112176, 8.34329475765e-05, 0.000121727767691, 7.61421324569e-05, 8.44545938889e-05, 5.85954985581e-05, 6.38783239992e-05, 5.62454042665e-05, 4.88373661938e-05, 5.24361385033e-05, 4.09236563428e-05, 3.69759763998e-05, 2.49848399108e-05, 2.95684221783e-05, 2.00776303245e-05, 2.02930677915e-05, 2.50741722994e-05, 1.63695785886e-05, 1.45735857586e-05, 1.63484455697e-05, 2.13159619307e-05, 1.29168829517e-05, 1.27223829622e-05, 1.24318803501e-05, 1.5964053091e-05, 7.12284054316e-06, 6.96098777553e-06, 6.9454667937e-06, 5.74274372411e-06, 6.25704524282e-06],
        "dvar": [1.65085275512e-05, 1.63166987477e-06, 3.83983388019e-06, 3.64272773368e-06, 3.29218238448e-07, 1.79991161531e-07, 1.98771672899e-07, 2.60803943775e-07, 1.28542030353e-08, 3.80552789281e-09, 9.09344421984e-09, 1.03393800188e-08, 1.30108812613e-08, 4.65358773738e-09, 4.82831374882e-09, 2.53746668122e-09, 3.39852435083e-09, 2.19872720031e-09, 2.0968085046e-09, 2.66631428048e-09, 1.42484757326e-09, 1.81938497601e-09, 6.1490190717e-10, 1.26708632475e-09, 3.60062313298e-10, 3.22119525498e-10, 5.82980219654e-10, 3.84757697924e-10, 1.41088404848e-10, 2.11871201139e-10, 3.67831154424e-10, 1.58918961324e-10, 2.77284029071e-10, 1.70456787574e-10, 4.53958759472e-10, 7.31308277824e-11, 6.36135866205e-11, 6.82260914431e-11, 3.50613704736e-11, 4.43199539568e-11],
        "dvar2": [2.08718502108e-05, 3.53713380719e-06, 7.39394772609e-06, 8.36896197143e-06, 7.33923855023e-07, 3.87489251352e-07, 4.03268842319e-07, 5.51517985059e-07, 2.99907050305e-08, 9.59783541532e-09, 2.36011228338e-08, 2.30900614184e-08, 3.08841485719e-08, 1.2472988864e-08, 1.29758070955e-08, 6.85481538198e-09, 9.28734333883e-09, 6.18563822385e-09, 5.95835647488e-09, 7.55255058493e-09, 3.50884632461e-09, 4.46046932723e-09, 1.43098333183e-09, 3.09739589532e-09, 9.16058173761e-10, 8.90389761921e-10, 1.53816404058e-09, 9.26359045028e-10, 3.71109309949e-10, 5.91430016073e-10, 1.02466546359e-09, 4.3581915854e-10, 7.21315451813e-10, 4.74693562236e-10, 1.26290633506e-09, 2.02370939451e-10, 1.7715338918e-10, 1.89020396557e-10, 9.68969141035e-11, 1.21003845832e-10],
        "max": [0.0522601008415, 0.017176873982, 0.0196956191212, 0.0181057080626, 0.0120017006993, 0.00944591499865, 0.0138572147116, 0.0153591679409, 0.00443826103583, 0.000900008890312, 0.00267038284801, 0.00513370102271, 0.00302333873697, 0.00216862070374, 0.00147533672862, 0.00166777113918, 0.00167998403776, 0.000901285209693, 0.00105038029142, 0.00141526700463, 0.00125317752827, 0.00085925264284, 0.000584929308388, 0.00134093046654, 0.000587891612668, 0.0005917539238, 0.000892143638339, 0.0011960073607, 0.000282192311715, 0.000319015060086, 0.000183104697498, 0.00029752185219, 0.000809040735476, 0.000157876755111, 0.000200903537916, 8.14872837509e-05, 8.16991087049e-05, 8.46534894663e-05, 5.60216285521e-05, 7.3191273259e-05],
        "mean": [0.00469305692241, 0.0017994575901, 0.00103409367148, 0.000752926804125, 0.000467988254968, 0.00031955743907, 0.000269553944236, 0.000300633895677, 0.000102705191239, 5.95336059632e-05, 8.0810583313e-05, 6.7568020313e-05, 9.17907746043e-05, 5.48649732082e-05, 6.03232438152e-05, 4.42960699729e-05, 5.29055869265e-05, 3.78629956685e-05, 4.07924235333e-05, 4.90481943416e-05, 3.77923024644e-05, 3.6448440369e-05, 2.45861574513e-05, 2.87402781396e-05, 2.15133586607e-05, 1.86898814718e-05, 2.00086360564e-05, 1.71441151906e-05, 1.28042647702e-05, 1.22222563732e-05, 1.5085835912e-05, 1.08587455543e-05, 1.07941787064e-05, 9.54260394792e-06, 9.81215634965e-06, 6.20174114374e-06, 5.74287969357e-06, 5.37506412002e-06, 4.47140928372e-06, 4.54842029285e-06],
        "median": [0.000560264859814, 0.000939948076848, 0.000408416555729, 0.000210254773265, 0.000230395336985, 0.000152493768837, 9.37312579481e-05, 9.08158253878e-05, 6.13092197455e-05, 3.69381596101e-05, 4.79767368233e-05, 3.61664133379e-05, 4.8720088671e-05, 3.0934028473e-05, 2.97332007904e-05, 2.6643543606e-05, 2.94369638141e-05, 2.28489880101e-05, 2.42134410655e-05, 2.82582059299e-05, 2.39638393396e-05, 1.78169848368e-05, 1.46988722918e-05, 1.41040109156e-05, 1.23086001622e-05, 9.45351985138e-06, 9.94757738226e-06, 9.58055261435e-06, 7.24192432244e-06, 6.23087044005e-06, 6.42894565317e-06, 4.68128610009e-06, 5.21011452292e-06, 4.64159575131e-06, 4.27979421147e-06, 3.19178889185e-06, 3.5089881294e-06, 3.18681190947e-06, 2.68376084023e-06, 2.73172349807e-06],
        "min": [3.04321995296e-23, 9.31628794076e-24, 4.20148028096e-24, 5.74217453823e-24, 4.84201443118e-24, 1.08256951857e-23, 1.77797020693e-23, 2.06977869101e-23, 1.13868229916e-23, 1.13506718629e-23, 8.72362068697e-24, 7.91188912638e-24, 8.54032254475e-24, 7.25455263331e-24, 1.19779882542e-23, 1.48357504794e-23, 7.00330201272e-24, 9.0807514294e-24, 1.87611554759e-23, 8.38060108841e-24, 8.14204560637e-24, 1.24859697121e-23, 1.61700124595e-23, 7.84417567286e-24, 1.04453340673e-23, 1.69162165001e-23, 1.49720640661e-23, 1.51745141733e-23, 1.71665993737e-23, 1.12893458161e-23, 8.54935894642e-24, 7.08302114035e-24, 8.96831981774e-24, 1.24428095543e-23, 8.16620447159e-24, 8.87259391348e-24, 9.89823694143e-24, 8.71629453574e-24, 8.85891822082e-24, 8.32456593173e-24],
        "var": [7.06007849658e-05, 4.61677927888e-06, 4.78249285152e-06, 3.61727188647e-06, 6.64636047532e-07, 3.23468242414e-07, 4.42958651092e-07, 5.69035705666e-07, 1.94820266586e-08, 5.75825209737e-09, 1.22149010906e-08, 1.51147165894e-08, 2.04092156508e-08, 7.79597986167e-09, 8.74153283092e-09, 4.51408199709e-09, 7.16444104043e-09, 2.43957676282e-09, 3.29722116277e-09, 4.65962379792e-09, 2.30249508348e-09, 3.37011440976e-09, 1.0965064412e-09, 1.92173632563e-09, 1.01211494741e-09, 7.22656545715e-10, 8.10331135526e-10, 5.73866509868e-10, 2.28216626152e-10, 2.36998559666e-10, 4.15456113956e-10, 2.2240755071e-10, 3.51968565404e-10, 1.724151516e-10, 3.27724902771e-10, 7.86325102253e-11, 6.22581430854e-11, 6.36976166257e-11, 3.6389398439e-11, 3.9604756974e-11]
    },
    "mfcc": {
        "mean": [-620.309265137, 78.3407745361, 6.58767032623, 19.2798252106, 7.89699411392, 8.2376871109, 1.75345695019, 4.14045476913, 2.33115124702, 0.334792673588, -0.895011782646, 0.424027264118, 2.92023396492],
        "cov": [[14387.2587891, 630.248168945, 660.172424316, 1121.88183594, 672.511474609, 440.637451172, -77.2333450317, -262.497344971, -313.46270752, -35.2527198792, 188.041824341, 198.460220337, 245.196182251], [630.248168945, 1657.72595215, -162.005966187, 58.7250213623, 109.527046204, 45.9487113953, -23.0876178741, -19.0498600006, -2.24081063271, -24.0983791351, 44.0266799927, 26.5498008728, 16.315574646], [660.172424316, -162.005966187, 656.578796387, 119.2396698, 137.284072876, 58.439365387, 89.1966171265, 2.56615352631, 29.1433391571, 23.1602077484, 9.84667682648, 27.119474411, 18.9589672089], [1121.88183594, 58.7250213623, 119.2396698, 368.685302734, 143.598815918, 94.2952957153, 48.5369911194, 11.2112283707, -23.9016647339, 34.9449043274, 38.1225357056, 32.5021781921, 26.2086696625], [672.511474609, 109.527046204, 137.284072876, 143.598815918, 197.413146973, 93.2387237549, 46.8458175659, 21.7820510864, 10.9482364655, 26.1462993622, 33.9191055298, 23.3874988556, 26.0645999908], [440.637451172, 45.9487113953, 58.439365387, 94.2952957153, 93.2387237549, 149.453857422, 71.7740478516, 30.679889679, 15.0583543777, 24.4643058777, 34.8619003296, 13.5874519348, 10.3008060455], [-77.2333450317, -23.0876178741, 89.1966171265, 48.5369911194, 46.8458175659, 71.7740478516, 138.915740967, 63.9487037659, 44.3624572754, 39.1213264465, 16.1783103943, 8.72250843048, -4.39626550674], [-262.497344971, -19.0498600006, 2.56615352631, 11.2112283707, 21.7820510864, 30.679889679, 63.9487037659, 112.122566223, 70.1862182617, 35.9406242371, 6.60540246964, 7.84708690643, 1.73976564407], [-313.46270752, -2.24081063271, 29.1433391571, -23.9016647339, 10.9482364655, 15.0583543777, 44.3624572754, 70.1862182617, 120.197967529, 53.944770813, 13.7899074554, 13.0992250443, 18.1354579926], [-35.2527198792, -24.0983791351, 23.1602077484, 34.9449043274, 26.1462993622, 24.4643058777, 39.1213264465, 35.9406242371, 53.944770813, 95.2201843262, 40.1151809692, 24.0124969482, 20.6426467896], [188.041824341, 44.0266799927, 9.84667682648, 38.1225357056, 33.9191055298, 34.8619003296, 16.1783103943, 6.60540246964, 13.7899074554, 40.1151809692, 101.052009583, 54.8719749451, 32.1297149658], [198.460220337, 26.5498008728, 27.119474411, 32.5021781921, 23.3874988556, 13.5874519348, 8.72250843048, 7.84708690643, 13.0992250443, 24.0124969482, 54.8719749451, 91.7381668091, 51.367729187], [245.196182251, 16.315574646, 18.9589672089, 26.2086696625, 26.0645999908, 10.3008060455, -4.39626550674, 1.73976564407, 18.1354579926, 20.6426467896, 32.1297149658, 51.367729187, 81.5423202515]],
