{
"lowlevel": {
    "average_loudness": 0.690259635448,
    "barkbands_crest": {
        "dmean": 2.9476723671,
        "dmean2": 4.65776729584,
        "dvar": 6.31135177612,
        "dvar2": 14.8407459259,
        "max": 25.2139434814,
        "mean": 10.0974607468,
        "median": 9.19478702545,
        "min": 2.2001247406,
        "var": 16.9496765137
    },
    "barkbands_flatness_db": {
        "dmean": 0.0192415565252,
        "dmean2": 0.030056508258,
        "dvar": 0.000289579707896,
        "dvar2": 0.000664493651129,
        "max": 0.364894270897,
        "mean": 0.10942838341,
        "median": 0.095092728734,
        "min": 0.0158677175641,
        "var": 0.00279493210837
    },
    "barkbands_kurtosis": {
        "dmean": 1.86618435383,
        "dmean2": 3.00686502457,
        "dvar": 7.73416519165,
        "dvar2": 18.2488994598,
        "max": 71.2558746338,
        "mean": 2.37821173668,
        "median": 1.09063959122,
        "min": -1.94437980652,
        "var": 20.0244560242
    },
    "barkbands_skewness": {
        "dmean": 0.469982355833,
        "dmean2": 0.730619549751,
        "dvar": 0.21918271482,
        "dvar2": 0.477635771036,
        "max": 7.05521011353,
        "mean": 1.01516902447,
        "median": 1.04438376427,
        "min": -4.14025831223,
        "var": 1.45951759815
    },
    "barkbands_spread": {
        "dmean": 6.44462680817,
        "dmean2": 10.1311244965,
        "dvar": 45.1920890808,
        "dvar2": 100.22089386,
        "max": 134.980285645,
        "mean": 29.2364501953,
        "median": 26.1231689453,
        "min": 0.881883442402,
        "var": 260.723999023
    },
    "dissonance": {
        "dmean": 0.0160905346274,
        "dmean2": 0.0277212969959,
        "dvar": 0.000391613022657,
        "dvar2": 0.00110377802048,
        "max": 0.500000178814,
        "mean": 0.473751366138,
        "median": 0.482967227697,
        "min": 0.265148222446,
        "var": 0.000818448839709
    },
    "dynamic_complexity": 3.34942603111,
    "erbbands_crest": {
        "dmean": 2.85216355324,
        "dmean2": 4.72788000107,
        "dvar": 7.82146120071,
        "dvar2": 19.8747234344,
        "max": 31.751537323,
        "mean": 10.132106781,
        "median": 9.25724124908,
        "min": 2.44287395477,
        "var": 22.9109249115
    },
    "erbbands_flatness_db": {
        "dmean": 0.0169707946479,
        "dmean2": 0.0266611482948,
        "dvar": 0.000258646352449,
        "dvar2": 0.000564426183701,
        "max": 0.375446915627,
        "mean": 0.145506247878,
        "median": 0.137613162398,
        "min": 0.0477592200041,
        "var": 0.00228383089416
    },
    "erbbands_kurtosis": {
        "dmean": 1.46993076801,
        "dmean2": 2.33062648773,
        "dvar": 5.14283895493,
        "dvar2": 11.7169628143,
        "max": 55.5499229431,
        "mean": 1.72358608246,
        "median": 0.476863622665,
        "min": -1.90794253349,
        "var": 14.6806907654
    },
    "erbbands_skewness": {
        "dmean": 0.409183174372,
        "dmean2": 0.63839662075,
        "dvar": 0.169055372477,
        "dvar2": 0.351445645094,
        "max": 6.51153707504,
        "mean": 0.236231222749,
        "median": 0.364563047886,
        "min": -4.95936346054,
        "var": 1.1544765234
    },
    "erbbands_spread": {
        "dmean": 7.72331428528,
        "dmean2": 12.28444767,
        "dvar": 68.7744674683,
        "dvar2": 155.811309814,
        "max": 181.21383667,
        "mean": 36.0359268188,
        "median": 34.413192749,
        "min": 1.72415244579,
        "var": 329.372619629
    },
    "hfc": {
        "dmean": 6.47935676575,
        "dmean2": 9.41839027405,
        "dvar": 217.845016479,
        "dvar2": 363.594543457,
        "max": 408.600860596,
        "mean": 24.1645202637,
        "median": 13.7221603394,
        "min": 4.15627249414e-13,
        "var": 1160.36047363
    },
    "melbands_crest": {
        "dmean": 3.54563999176,
        "dmean2": 5.6195435524,
        "dvar": 8.83812904358,
        "dvar2": 19.7549629211,
        "max": 32.5581092834,
        "mean": 13.1873874664,
        "median": 12.22306633,
        "min": 1.41768026352,
        "var": 28.8599338531
    },
    "melbands_flatness_db": {
        "dmean": 0.0235041957349,
        "dmean2": 0.0361168831587,
        "dvar": 0.000469295948278,
        "dvar2": 0.000979864154942,
        "max": 0.498631954193,
        "mean": 0.169379487634,
        "median": 0.152198523283,
        "min": 0.00262490962632,
        "var": 0.00544452993199
    },
    "melbands_kurtosis": {
        "dmean": 4.52339744568,
        "dmean2": 7.18928146362,
        "dvar": 53.8639755249,
        "dvar2": 134.171188354,
        "max": 171.625671387,
        "mean": 8.31311988831,
        "median": 4.92508649826,
        "min": -1.87331807613,
        "var": 134.145217896
    },
    "melbands_skewness": {
        "dmean": 0.644810080528,
        "dmean2": 0.995663046837,
        "dvar": 0.426806986332,
        "dvar2": 0.95057028532,
        "max": 11.6834592819,
        "mean": 2.00633859634,
        "median": 1.90567016602,
        "min": -4.50694847107,
        "var": 2.30365681648
    },
    "melbands_spread": {
        "dmean": 9.14463615417,
        "dmean2": 14.346540451,
        "dvar": 134.479812622,
        "dvar2": 270.137664795,
        "max": 220.614303589,
        "mean": 35.9735145569,
        "median": 27.6501331329,
        "min": 1.28906774521,
        "var": 818.205749512
    },
    "pitch_salience": {
        "dmean": 0.08103235811,
        "dmean2": 0.126522064209,
        "dvar": 0.00506527535617,
        "dvar2": 0.0115120410919,
        "max": 0.971154093742,
        "mean": 0.591212809086,
        "median": 0.618034482002,
        "min": 0.146231457591,
        "var": 0.0170870553702
    },
    "silence_rate_20dB": {
        "dmean": 0,
        "dmean2": 0,
        "dvar": 0,
        "dvar2": 0,
        "max": 1,
        "mean": 1,
        "median": 1,
        "min": 1,
        "var": 0
    },
    "silence_rate_30dB": {
        "dmean": 0,
        "dmean2": 0,
        "dvar": 0,
        "dvar2": 0,
        "max": 1,
        "mean": 1,
        "median": 1,
        "min": 1,
        "var": 0
    },
    "silence_rate_60dB": {
        "dmean": 0.0280172415078,
        "dmean2": 0.0559562295675,
        "dvar": 0.0272281654179,
        "dvar2": 0.0627797022462,
        "max": 1,
        "mean": 0.116203896701,
        "median": 0,
        "min": 0,
        "var": 0.102693036199
    },
    "spectral_centroid": {
        "dmean": 256.381164551,
        "dmean2": 405.633758545,
        "dvar": 96764.53125,
        "dvar2": 186060.140625,
        "max": 10968.5898438,
        "mean": 1740.85522461,
        "median": 1579.66687012,
        "min": 303.184448242,
        "var": 703436.375
    },
    "spectral_complexity": {
        "dmean": 3.35726118088,
        "dmean2": 5.13570404053,
        "dvar": 12.8324871063,
        "dvar2": 25.1610527039,
        "max": 59,
        "mean": 17.6174888611,
        "median": 16,
        "min": 0,
        "var": 109.362373352
    },
    "spectral_decrease": {
        "dmean": 1.02104169564e-09,
        "dmean2": 1.48813028567e-09,
        "dvar": 1.62840305671e-18,
        "dvar2": 2.99759231808e-18,
        "max": 2.31367869308e-10,
        "mean": -3.55221052573e-09,
        "median": -2.7256510382e-09,
        "min": -1.76247052508e-08,
        "var": 8.52937031594e-18
    },
    "spectral_energy": {
        "dmean": 0.00426640082151,
        "dmean2": 0.00617932993919,
        "dvar": 2.92233307846e-05,
        "dvar2": 5.23143680766e-05,
        "max": 0.0845715329051,
        "mean": 0.0155986500904,
        "median": 0.0120538072661,
        "min": 4.00861882621e-17,
        "var": 0.000165184363141
    },
    "spectral_energyband_high": {
        "dmean": 0.00064739555819,
        "dmean2": 0.000964894657955,
        "dvar": 5.66452308703e-06,
        "dvar2": 1.23190902741e-05,
        "max": 0.0708738267422,
        "mean": 0.00181276339572,
        "median": 0.000633206218481,
        "min": 3.04527138081e-17,
        "var": 1.92508668988e-05
    },
    "spectral_energyband_low": {
        "dmean": 0.00218310789205,
        "dmean2": 0.00307958992198,
        "dvar": 1.83419506357e-05,
        "dvar2": 3.16745354212e-05,
        "max": 0.0543865859509,
        "mean": 0.00359776732512,
        "median": 0.000717567279935,
        "min": 1.28903246148e-18,
        "var": 4.35015826952e-05
    },
    "spectral_energyband_middle_high": {
        "dmean": 0.00188596826047,
        "dmean2": 0.00292619876564,
        "dvar": 1.22195315271e-05,
        "dvar2": 2.74279227597e-05,
        "max": 0.0720637515187,
        "mean": 0.00503823254257,
        "median": 0.002920468105,
        "min": 6.66655089108e-18,
        "var": 4.45862169727e-05
    },
    "spectral_energyband_middle_low": {
        "dmean": 0.00237476709299,
        "dmean2": 0.00398567132652,
        "dvar": 1.52445163621e-05,
        "dvar2": 4.05175924243e-05,
        "max": 0.0562658905983,
        "mean": 0.0054697827436,
        "median": 0.0031189606525,
        "min": 1.61521087011e-18,
        "var": 3.69831104763e-05
    },
    "spectral_entropy": {
        "dmean": 0.14854760468,
        "dmean2": 0.232385545969,
        "dvar": 0.0285333618522,
        "dvar2": 0.06307374686,
        "max": 9.81327819824,
        "mean": 7.69822835922,
        "median": 7.90009784698,
        "min": 5.28647899628,
        "var": 0.347106426954
    },
    "spectral_flux": {
        "dmean": 0.016738396138,
        "dmean2": 0.0248398967087,
        "dvar": 0.000355828175088,
        "dvar2": 0.000631753413472,
        "max": 0.229801148176,
        "mean": 0.0723124444485,
        "median": 0.0668634325266,
        "min": 2.11157976082e-06,
        "var": 0.0016421721084
    },
    "spectral_kurtosis": {
        "dmean": 1.16271138191,
        "dmean2": 1.86840009689,
        "dvar": 4.24650382996,
        "dvar2": 10.4994773865,
        "max": 54.2958869934,
        "mean": 5.03197956085,
        "median": 4.12924051285,
        "min": -1.47045981884,
        "var": 12.7937812805
    },
    "spectral_rms": {
        "dmean": 0.000510790676344,
        "dmean2": 0.000740790041164,
        "dvar": 2.96071988259e-07,
        "dvar2": 5.13955910719e-07,
        "max": 0.00908343587071,
        "mean": 0.00356403947808,
        "median": 0.00342925824225,
        "min": 1.97758628917e-10,
        "var": 2.51585652222e-06
    },
    "spectral_rolloff": {
        "dmean": 585.145690918,
        "dmean2": 999.896484375,
        "dvar": 1041269.25,
        "dvar2": 2482321.25,
        "max": 18195.5566406,
        "mean": 2421.74438477,
        "median": 1722.65625,
        "min": 86.1328125,
        "var": 6293460.5
    },
    "spectral_skewness": {
        "dmean": 0.176534056664,
        "dmean2": 0.276580899954,
        "dvar": 0.0537571497262,
        "dvar2": 0.115701548755,
        "max": 5.00135374069,
        "mean": 1.68649458885,
        "median": 1.6210514307,
        "min": -0.00156481703743,
        "var": 0.251083940268
    },
    "spectral_spread": {
        "dmean": 516797.71875,
        "dmean2": 792539.9375,
        "dvar": 613944393728,
        "dvar2": 1.12824169267e+12,
        "max": 40583632,
        "mean": 5450999,
        "median": 5346788,
        "min": 1036693.8125,
        "var": 3.64942065664e+12
    },
    "spectral_strongpeak": {
        "dmean": 0.700447738171,
        "dmean2": 1.19398534298,
        "dvar": 1.92847025394,
        "dvar2": 5.31863355637,
        "max": 34.3020477295,
        "mean": 1.06070935726,
        "median": 0.418109327555,
        "min": 0,
        "var": 2.72808098793
    },
    "zerocrossingrate": {
        "dmean": 0.0116926841438,
        "dmean2": 0.0132210357115,
        "dvar": 0.000157841801411,
        "dvar2": 0.000171183928614,
        "max": 0.55712890625,
        "mean": 0.0955732539296,
        "median": 0.08251953125,
        "min": 0.0087890625,
        "var": 0.0042617591098
    },
    "barkbands": {
        "dmean": [6.38789642835e-05, 0.00198618182912, 0.000913965632208, 0.000617170415353, 0.000995882204734, 0.000536668580025, 0.000339348422131, 0.000432116125012, 0.000630774884485, 0.000358975259587, 0.000327274610754, 0.000478555215523, 0.000524896313436, 0.00031713876524, 0.000214506420889, 0.000260944158072, 0.000196342763957, 0.000205950287636, 0.000184380274732, 0.000384727376513, 0.000171039398992, 9.96791932266e-05, 6.30961949355e-05, 5.80134801567e-05, 5.57046514587e-05, 5.7950932387e-05, 2.02053652174e-05],
        "dmean2": [9.76517112576e-05, 0.00275732786395, 0.00169284723233, 0.00115705095232, 0.00175740977284, 0.000909761816729, 0.000567430397496, 0.00071580108488, 0.000985005870461, 0.000584755965974, 0.000521596521139, 0.000792074599303, 0.000871701864526, 0.000540849752724, 0.000365710468031, 0.00042691998533, 0.000331362447469, 0.000344402011251, 0.000299911160255, 0.000593726872467, 0.000260599597823, 0.000153061104356, 9.74196809693e-05, 8.80612351466e-05, 8.35498140077e-05, 8.8466287707e-05, 3.02239823213e-05],
        "dvar": [4.53119035626e-08, 1.68884234881e-05, 6.72022133585e-06, 3.26063263856e-06, 4.03891044698e-06, 8.25976769647e-07, 7.40396217225e-07, 5.94091147832e-07, 3.41309805663e-06, 1.5817043959e-06, 9.04748048924e-07, 2.61240325017e-06, 2.69345719062e-06, 1.22787423606e-06, 1.04315040517e-06, 6.19629417997e-07, 5.29600754362e-07, 3.8690862425e-07, 4.54339584621e-07, 3.27133238898e-06, 4.23187486831e-07, 1.20122081171e-07, 2.83015406666e-08, 1.85337682979e-08, 2.68475872645e-08, 8.8873306936e-08, 1.84633119904e-09],
        "dvar2": [1.09126879977e-07, 3.02937114611e-05, 1.92466523004e-05, 9.43129271036e-06, 1.15767734314e-05, 2.17391607293e-06, 1.89290358321e-06, 1.47911703152e-06, 7.84559597378e-06, 3.92524634663e-06, 2.16331727643e-06, 6.73040358379e-06, 6.88378077029e-06, 3.41775330526e-06, 2.91202150038e-06, 1.53811811288e-06, 1.38726898058e-06, 1.02124749901e-06, 1.0417655858e-06, 6.95438848197e-06, 8.41674363983e-07, 2.40173363864e-07, 5.64775390899e-08, 3.79148374918e-08, 5.48828857916e-08, 1.68493031083e-07, 3.73935638009e-09],
        "max": [0.0156777948141, 0.0511053055525, 0.0276511702687, 0.0215121358633, 0.0238940026611, 0.0307354666293, 0.0329028740525, 0.0299083478749, 0.0523173436522, 0.0396426990628, 0.0536441542208, 0.0464821234345, 0.0507284477353, 0.0489433333278, 0.0403722375631, 0.0503973066807, 0.0288212466985, 0.0195110086352, 0.0188161842525, 0.0630020573735, 0.0248566009104, 0.0182807818055, 0.0126381516457, 0.00747186504304, 0.00773256411776, 0.0234809760004, 0.00194356834982],
        "mean": [7.6281161455e-05, 0.00258828583173, 0.000716983980965, 0.000480087706819, 0.0015338761732, 0.000954181887209, 0.000560188840609, 0.000675185467117, 0.00108855508734, 0.000516677973792, 0.000549110991415, 0.000779315363616, 0.000710748194251, 0.000424751080573, 0.000308238435537, 0.000494558131322, 0.000327077577822, 0.000394062575651, 0.000364414474461, 0.000774354150053, 0.000364629580872, 0.000243364760536, 0.000162683965755, 0.000151267653564, 0.000146241494804, 0.000154149078298, 5.93749755353e-05],
        "median": [1.78422924364e-05, 0.000370510620996, 9.98909672489e-05, 8.77155034686e-05, 0.000610996154137, 0.000437535520177, 0.000253280886682, 0.000328116933815, 9.30492969928e-05, 0.000121887220303, 0.00014469200687, 0.000133099019877, 0.000140780262882, 0.000129577616462, 7.60770708439e-05, 0.000218528046389, 9.63585625868e-05, 0.000103525839222, 9.78813841357e-05, 0.000132147921249, 9.38290540944e-05, 7.68641621107e-05, 6.74417315167e-05, 6.67488857289e-05, 5.71360142203e-05, 4.45723744633e-05, 2.59593998635e-05],
        "min": [3.99905223427e-19, 5.7750141793e-19, 3.54962536193e-19, 3.1654769986e-19, 6.01265231254e-19, 3.28161961895e-19, 1.34924221448e-19, 6.32886097175e-20, 1.23872571477e-19, 1.63343394335e-19, 9.14453078562e-20, 8.470693949e-20, 5.91764079642e-19, 1.31852093333e-18, 1.03030215319e-18, 6.40117594433e-19, 1.28864461717e-18, 3.44012241696e-19, 6.23779071275e-19, 1.39947482513e-18, 8.94330514295e-19, 7.91389489725e-19, 1.86615172196e-18, 3.26442651482e-18, 5.25366519347e-18, 6.5076796875e-18, 1.094341587e-17],
        "var": [6.89930317321e-08, 3.04767418129e-05, 4.3745972107e-06, 2.07386688089e-06, 5.28698365088e-06, 1.99827104552e-06, 1.35079244501e-06, 1.1651177374e-06, 8.84881501406e-06, 2.47104185291e-06, 1.75728609975e-06, 5.84750387134e-06, 4.23202072852e-06, 1.33019034365e-06, 1.61290563483e-06, 1.27072735268e-06, 1.05125093341e-06, 9.59331146078e-07, 1.2009332977e-06, 1.00722800198e-05, 1.35730340389e-06, 4.14813627003e-07, 1.22012679071e-07, 7.60223528573e-08, 1.47068931255e-07, 4.56996900766e-07, 9.71089786361e-09]
    },
    "erbbands": {
        "dmean": [0.0622097142041, 0.463565289974, 0.980537295341, 1.54466331005, 2.68225908279, 3.18853187561, 4.64378023148, 4.79640865326, 5.2289018631, 9.07839870453, 5.80619335175, 13.2303314209, 13.5875434875, 11.4877891541, 16.4318885803, 17.1155719757, 24.572177887, 17.6490898132, 8.93234539032, 13.0889101028, 11.7459421158, 10.8300600052, 12.0912246704, 8.35009479523, 10.6697254181, 18.0364570618, 11.2732830048, 5.64002132416, 3.91258573532, 2.43617129326, 1.89118254185, 1.30196666718, 0.979745864868, 0.606855213642, 0.467840373516, 0.314469158649, 0.0914582163095, 0.02160314098, 0.00342786777765, 0.000230482706684],
        "dmean2": [0.0829911977053, 0.664401292801, 1.70847213268, 2.8510787487, 4.94305610657, 5.52618932724, 8.05485248566, 8.16096878052, 8.78804397583, 15.3851461411, 9.49774074554, 20.4503536224, 22.2645301819, 18.5116786957, 26.0556278229, 28.1159095764, 40.6434249878, 29.7413215637, 14.7901716232, 21.928396225, 19.0462627411, 18.0962657928, 20.4093551636, 13.6140899658, 16.6277160645, 28.092048645, 17.2770347595, 8.54481506348, 6.0268406868, 3.78889513016, 2.90386891365, 1.97760629654, 1.51235377789, 0.914058506489, 0.700008451939, 0.480479925871, 0.139357045293, 0.0331247486174, 0.00522606726736, 0.000347382680047],
        "dvar": [0.0173404328525, 0.97533094883, 6.68733167648, 19.6312656403, 52.2857513428, 40.1995506287, 54.9965324402, 101.991577148, 155.733139038, 307.810028076, 128.769638062, 1662.98339844, 1438.19897461, 2201.53271484, 1801.55651855, 2889.61694336, 6235.40966797, 3771.16552734, 1915.02880859, 3490.4543457, 2055.61669922, 1735.67224121, 1495.98803711, 715.786560059, 2504.27514648, 7468.00585938, 2297.21508789, 509.771911621, 179.156433105, 60.6438102722, 26.1875743866, 10.5659980774, 4.99564695358, 2.59089112282, 3.21282792091, 3.84487581253, 0.109474189579, 0.00378369586542, 5.06921896886e-05, 2.76053100379e-07],
        "dvar2": [0.0308658629656, 1.95302379131, 18.4142551422, 56.0943183899, 150.302520752, 113.498008728, 163.11807251, 259.68951416, 395.450317383, 812.942199707, 321.906829834, 3697.26074219, 3661.85668945, 5084.16503906, 4155.02441406, 7415.49658203, 16021.2216797, 10426.8623047, 5398.50097656, 10026.0908203, 5090.63769531, 4440.86572266, 4158.19824219, 1753.18151855, 5712.24462891, 17697.6132812, 4892.328125, 931.934692383, 358.114654541, 128.487792969, 54.0968818665, 21.4957237244, 11.0434474945, 4.84990119934, 6.68350601196, 7.05940294266, 0.238239705563, 0.00859843101352, 0.000110167980893, 6.06388596225e-07],
        "max": [1.60431623459, 12.8050994873, 31.2338047028, 45.8729820251, 77.3709335327, 135.484558105, 111.290153503, 399.857299805, 464.815002441, 701.091003418, 244.738525391, 1106.6706543, 859.479858398, 1766.99084473, 1675.14660645, 1645.89855957, 2354.9777832, 2927.51025391, 2399.78588867, 2396.22021484, 3327.92504883, 1767.11364746, 1282.18054199, 1204.01586914, 2007.25598145, 3008.81445312, 1239.26721191, 1288.35522461, 747.497741699, 469.2081604, 393.61038208, 174.971191406, 123.592323303, 110.986618042, 108.551498413, 156.223358154, 22.3575363159, 4.10021352768, 0.228018552065, 0.0115415062755],
        "mean": [0.0763879045844, 0.565334379673, 0.888446509838, 1.29771125317, 2.39478611946, 5.3101272583, 8.18936729431, 8.14984035492, 8.53900909424, 14.3969945908, 10.3197536469, 22.3411827087, 22.1887683868, 17.2728118896, 28.8767375946, 30.6267852783, 35.0786170959, 25.8583564758, 14.5004472733, 22.4761791229, 23.3258724213, 19.31407547, 22.351688385, 17.5009784698, 21.3630065918, 35.208656311, 23.2067089081, 12.1858606339, 9.26662445068, 6.03698825836, 4.6967663765, 3.30775380135, 2.42694950104, 1.47472977638, 1.1660810709, 0.761621117592, 0.246090367436, 0.0616554841399, 0.0097823087126, 0.000653071911074],
        "median": [0.0124418819323, 0.0681201890111, 0.122131250799, 0.275395333767, 0.808945953846, 2.05620932579, 3.37113523483, 3.68594050407, 3.56269526482, 6.90357255936, 5.01026725769, 2.28759431839, 3.90873074532, 4.19570541382, 7.15437030792, 6.1569018364, 7.15200471878, 7.72472715378, 4.53527498245, 9.08945655823, 9.93089389801, 6.11020040512, 5.86084365845, 5.48173332214, 4.82456493378, 6.13641452789, 4.9290599823, 3.33498120308, 2.81338787079, 2.29324054718, 1.87605977058, 1.34481585026, 1.15140676498, 0.675290107727, 0.37509432435, 0.181017935276, 0.0770116150379, 0.0222807340324, 0.00428486568853, 0.000295337522402],
        "min": [2.14238438619e-17, 1.15607013873e-16, 3.68293657705e-16, 8.12952364863e-16, 1.44391356002e-15, 2.1114189329e-15, 2.58762191463e-15, 2.64586495888e-15, 2.20106953531e-15, 1.57666119879e-15, 1.52738050428e-15, 2.70183668427e-15, 4.58349305979e-15, 5.02131380231e-15, 2.98286188738e-15, 5.05091506272e-15, 2.4833400039e-14, 5.90547508355e-14, 6.75732663184e-14, 3.79839829566e-14, 4.59347119261e-14, 7.03416139355e-14, 2.41983269224e-14, 3.51409371979e-14, 2.45185273993e-14, 7.26744781975e-14, 3.1583259906e-14, 4.06780423961e-14, 2.80470616756e-14, 4.72608572015e-14, 4.76125723862e-14, 5.40835517376e-14, 6.50350067311e-14, 6.23181790459e-14, 3.02748142311e-14, 2.0975413992e-14, 1.18423159666e-14, 5.23107812357e-15, 1.77187021176e-15, 1.70499751644e-16],
        "var": [0.0293353255838, 1.55374455452, 5.35470151901, 13.0197229385, 33.5450286865, 65.1352996826, 145.102539062, 203.513092041, 278.991790771, 569.241088867, 255.519393921, 3845.32226562, 3055.11401367, 3232.68432617, 4147.77832031, 7441.27392578, 9881.34570312, 4871.53857422, 2758.70532227, 4775.33007812, 4154.421875, 3602.64868164, 3157.48999023, 1904.30285645, 5650.71679688, 20607.9160156, 7030.47314453, 1669.48522949, 633.773498535, 204.794113159, 104.231826782, 42.8923835754, 17.90026474, 10.2449378967, 16.4663238525, 19.6739578247, 0.67958933115, 0.030581953004, 0.000248396769166, 9.33927481128e-07]
    },
    "gfcc": {
        "mean": [-15.1370363235, 42.7067718506, -100.158309937, 12.8096733093, -50.2303657532, 2.82114124298, -36.5115585327, 2.52415347099, -19.4442234039, 6.46718597412, -11.2366247177, 4.64977359772, -6.46214532852],
        "cov": [[16648.5351562, -1549.05371094, -872.835449219, -38.5016021729, -560.813293457, 241.27130127, 338.576965332, 67.2947769165, -591.055969238, -9.88276004791, -56.4352035522, 95.6745300293, -416.171569824], [-1549.05371094, 1990.80493164, 197.584899902, -122.972244263, 130.197906494, 62.1451950073, -125.172569275, -48.0593414307, 212.220993042, -40.0157432556, -39.0428924561, -39.2072181702, 140.824523926], [-872.835449219, 197.584899902, 501.278320312, 124.354232788, 89.6638031006, 16.0946846008, -29.4985046387, 74.5186767578, 70.8535919189, 31.7344341278, -34.3299369812, -26.2993030548, 3.17965555191], [-38.5016021729, -122.972244263, 124.354232788, 605.68927002, 190.18800354, -5.79420375824, 125.207550049, 96.9033203125, 74.4325866699, 10.946647644, 20.6213665009, 14.4742155075, -28.1139011383], [-560.813293457, 130.197906494, 89.6638031006, 190.18800354, 452.098754883, 151.338226318, 9.21676540375, 59.3873443604, 84.7833938599, 61.5429382324, 27.8713607788, 27.196100235, 13.851067543], [241.27130127, 62.1451950073, 16.0946846008, -5.79420375824, 151.338226318, 549.847839355, 114.592819214, 9.812748909, -0.0151592260227, -58.767162323, -18.8087444305, 29.9871826172, 0.297492057085], [338.576965332, -125.172569275, -29.4985046387, 125.207550049, 9.21676540375, 114.592819214, 511.662475586, 115.644508362, -24.7750511169, 47.8470497131, 61.229095459, 52.9272880554, -56.4073829651], [67.2947769165, -48.0593414307, 74.5186767578, 96.9033203125, 59.3873443604, 9.812748909, 115.644508362, 296.520294189, 111.306106567, 17.7595386505, 8.72440052032, 31.4027900696, -11.3593463898], [-591.055969238, 212.220993042, 70.8535919189, 74.4325866699, 84.7833938599, -0.0151592260227, -24.7750511169, 111.306106567, 301.429290771, 73.7856445312, 13.8255147934, -0.644409954548, 32.5686149597], [-9.88276004791, -40.0157432556, 31.7344341278, 10.946647644, 61.5429382324, -58.767162323, 47.8470497131, 17.7595386505, 73.7856445312, 202.874069214, 79.6461715698, 13.6322879791, -1.43521952629], [-56.4352035522, -39.0428924561, -34.3299369812, 20.6213665009, 27.8713607788, -18.8087444305, 61.229095459, 8.72440052032, 13.8255147934, 79.6461715698, 144.349060059, 37.3402633667, -0.613396346569], [95.6745300293, -39.2072181702, -26.2993030548, 14.4742155075, 27.196100235, 29.9871826172, 52.9272880554, 31.4027900696, -0.644409954548, 13.6322879791, 37.3402633667, 119.733543396, 9.65979003906], [-416.171569824, 140.824523926, 3.17965555191, -28.1139011383, 13.851067543, 0.297492057085, -56.4073829651, -11.3593463898, 32.5686149597, -1.43521952629, -0.613396346569, 9.65979003906, 125.534118652]],
        "icov": [[8.70730291354e-05, 4.07506013289e-06, 0.000162955882843, -7.7168471762e-05, 0.00014192587696, -0.000109353350126, 6.55773765175e-05, -0.000131043299916, 0.000183789219591, -0.000210541096749, 0.000137984417961, -5.84073386563e-05, 0.000219971261686], [4.07506013289e-06, 0.000682697573211, -0.000296057987725, 0.000303335720673, -0.000275810773019, 8.2363083493e-05, -0.000166309357155, 0.000369357265299, -0.000616706209257, 0.000523196824361, -8.43473244458e-05, 0.000143716708408, -0.000533471000381], [0.000162955882843, -0.000296057987725, 0.0028099657502, -0.000733489228878, 0.000265066249995, -0.000418453535531, 0.000527025898919, -0.000985606806353, 0.000602930376772, -0.00135805818718, 0.00109860324301, 0.000318498292472, 0.000565190857742], [-7.7168471762e-05, 0.000303335720673, -0.000733489228878, 0.00252216914669, -0.00134361477103, 0.000710868625902, -0.000854061916471, 0.000270700082183, -0.00091382249957, 0.00133210385684, -0.000462047319161, 0.000114900853077, 1.58274724527e-05], [0.00014192587696, -0.000275810773019, 0.000265066249995, -0.00134361477103, 0.00371384900063, -0.00141026719939, 0.000864440982696, -0.000738685426768, 0.00046212199959, -0.00187653128523, 0.000137727547553, -0.0005117142573, 0.000286150345346], [-0.000109353350126, 8.2363083493e-05, -0.000418453535531, 0.000710868625902, -0.00141026719939, 0.00266218627803, -0.00102130416781, 0.000671373505611, -0.000661086232867, 0.0016750494251, 6.94145683156e-06, -0.000305171561195, -0.000319807848427], [6.55773765175e-05, -0.000166309357155, 0.000527025898919, -0.000854061916471, 0.000864440982696, -0.00102130416781, 0.00307327671908, -0.00145398441236, 0.00112404709216, -0.0013999575749, -0.000467658624984, -0.000582299777307, 0.00109065824654], [-0.000131043299916, 0.000369357265299, -0.000985606806353, 0.000270700082183, -0.000738685426768, 0.000671373505611, -0.00145398441236, 0.00528673967347, -0.0025779271964, 0.00152404850814, -5.06152646267e-05, -0.000931252550799, -0.000100569537608], [0.000183789219591, -0.000616706209257, 0.000602930376772, -0.00091382249957, 0.00046212199959, -0.000661086232867, 0.00112404709216, -0.0025779271964, 0.00582621106878, -0.00292928144336, 0.000658362696413, 0.000314673117828, -0.000262461486273], [-0.000210541096749, 0.000523196824361, -0.00135805818718, 0.00133210385684, -0.00187653128523, 0.0016750494251, -0.0013999575749, 0.00152404850814, -0.00292928144336, 0.00910676643252, -0.00422251876444, 0.000404818390962, -0.000427940714872], [0.000137984417961, -8.43473244458e-05, 0.00109860324301, -0.000462047319161, 0.000137727547553, 6.94145683156e-06, -0.000467658624984, -5.06152646267e-05, 0.000658362696413, -0.00422251876444, 0.0103542534634, -0.00241532735527, 0.000208204379305], [-5.84073386563e-05, 0.000143716708408, 0.000318498292472, 0.000114900853077, -0.0005117142573, -0.000305171561195, -0.000582299777307, -0.000931252550799, 0.000314673117828, 0.000404818390962, -0.00241532735527, 0.0100247282535, -0.0014861326199], [0.000219971261686, -0.000533471000381, 0.000565190857742, 1.58274724527e-05, 0.000286150345346, -0.000319807848427, 0.00109065824654, -0.000100569537608, -0.000262461486273, -0.000427940714872, 0.000208204379305, -0.0014861326199, 0.00991162471473]]
    },
    "melbands": {
        "dmean": [0.000560039072298, 0.000492357299663, 0.000293982739095, 0.000197641988052, 0.000165164543432, 0.000104746686702, 7.59825488785e-05, 0.000105470084236, 5.26143157913e-05, 8.79625513335e-05, 6.87840001774e-05, 4.81300994579e-05, 4.82119321532e-05, 5.91403877479e-05, 5.83729997743e-05, 4.59749571746e-05, 3.30913353537e-05, 1.41634991451e-05, 1.64950688486e-05, 2.16776898014e-05, 1.32483373818e-05, 1.28312412926e-05, 1.13720179797e-05, 1.02272979348e-05, 6.99750080457e-06, 8.39430140331e-06, 9.07189132704e-06, 1.53631299327e-05, 9.70342807705e-06, 4.94314508614e-06, 2.85903979602e-06, 2.64080745183e-06, 1.72657860276e-06, 1.3168737496e-06, 1.28366559693e-06, 9.29304974306e-07, 8.53372455367e-07, 7.6410441352e-07, 6.26950395599e-07, 5.2897024716e-07],
        "dmean2": [0.000752534484491, 0.000743533775676, 0.000535601866432, 0.000357034616172, 0.000281634012936, 0.000176728528459, 0.000127678897115, 0.000177256413735, 8.5041669081e-05, 0.000136885952088, 0.000112851710583, 7.7893222624e-05, 7.65587028582e-05, 9.70172623056e-05, 9.8117874586e-05, 7.65926379245e-05, 5.61585511605e-05, 2.3944196073e-05, 2.7914356906e-05, 3.57806238753e-05, 2.17540655285e-05, 2.1783165721e-05, 1.93029973161e-05, 1.74636916199e-05, 1.16179535326e-05, 1.36040662255e-05, 1.42481794683e-05, 2.46054132731e-05, 1.50207433762e-05, 7.77980676503e-06, 4.41397014583e-06, 4.18325498686e-06, 2.64307391262e-06, 2.09903669202e-06, 2.01212606044e-06, 1.44163686855e-06, 1.32595562263e-06, 1.20227264233e-06, 9.83069867289e-07, 8.15328689896e-07],
        "dvar": [1.32502714223e-06, 1.21197933822e-06, 6.80018729327e-07, 2.35786529856e-07, 6.87184638082e-08, 4.11813694257e-08, 3.40869164006e-08, 3.92043801867e-08, 1.55664832135e-08, 6.75918769844e-08, 3.69359725028e-08, 3.94579835472e-08, 1.68441101067e-08, 4.54259598826e-08, 4.20138555057e-08, 2.16264428587e-08, 1.35579547589e-08, 4.42146452784e-09, 5.70502223241e-09, 4.39663683238e-09, 3.10037395757e-09, 3.15329717893e-09, 1.05838482423e-09, 1.06853614845e-09, 5.19855936076e-10, 1.36860545119e-09, 1.93752791589e-09, 6.81825573778e-09, 1.98526262096e-09, 4.75473715955e-10, 1.33170141581e-10, 8.66985788717e-11, 3.46140338614e-11, 1.56311560917e-11, 1.34371810553e-11, 5.49519761292e-12, 4.87142878119e-12, 3.5690625802e-12, 2.39267741904e-12, 2.31640249516e-12],
        "dvar2": [2.31003491535e-06, 2.93290668196e-06, 1.92052129933e-06, 6.81526216795e-07, 2.0000652512e-07, 1.05968638309e-07, 8.66128999633e-08, 1.01481298032e-07, 3.740878185e-08, 1.52034360212e-07, 9.4346908952e-08, 9.21479070826e-08, 3.92060712784e-08, 1.18259592341e-07, 1.12001771413e-07, 5.63976882972e-08, 3.74702935346e-08, 1.25429187037e-08, 1.51812322713e-08, 1.20488250488e-08, 7.87551091008e-09, 8.4022735436e-09, 2.78743672588e-09, 2.87558754586e-09, 1.33898780952e-09, 3.23262017154e-09, 4.77184558534e-09, 1.8060358542e-08, 4.58995108588e-09, 1.07367426061e-09, 2.54276683043e-10, 1.99040797733e-10, 7.00517630015e-11, 3.53183766955e-11, 2.97525858117e-11, 1.16841553793e-11, 9.80677605095e-12, 7.93443609426e-12, 5.05799395423e-12, 4.50111389133e-12],
        "max": [0.0132785355672, 0.0136577980593, 0.00875563453883, 0.00539315724745, 0.00412765983492, 0.00767893670127, 0.00726235937327, 0.00773358950391, 0.00369439856149, 0.00669848220423, 0.00428336160257, 0.00744331069291, 0.00635826634243, 0.00655836053193, 0.00629578856751, 0.00608063209802, 0.00559077644721, 0.00346592091955, 0.00320153660141, 0.00238330452703, 0.00395136512816, 0.00251283938996, 0.00131738709752, 0.00105529278517, 0.00108714494854, 0.00120692781638, 0.00185295834672, 0.0027379381936, 0.00116599583998, 0.000684992060997, 0.00073898921255, 0.000485533208121, 0.000403883575927, 0.00022844306659, 0.000288411800284, 0.000121179517009, 0.00012366125884, 0.000114881317131, 0.00010563997057, 9.93373105302e-05],
        "mean": [0.00071250210749, 0.000580103427637, 0.000260448723566, 0.00025176271447, 0.000311181793222, 0.00018446802278, 0.000124645259348, 0.00016571317974, 8.7464643002e-05, 0.000150869527715, 0.000108983796963, 6.66972991894e-05, 8.34315796965e-05, 9.17189827305e-05, 8.4931110905e-05, 6.72598398523e-05, 4.47358906968e-05, 2.10255948332e-05, 2.43715803663e-05, 3.89706983697e-05, 2.37075237237e-05, 2.02690862352e-05, 1.91922044905e-05, 1.86531015061e-05, 1.32995928652e-05, 1.50609239427e-05, 1.63775512192e-05, 2.66923998424e-05, 1.77837609954e-05, 9.34694617172e-06, 5.93136246607e-06, 5.6631897678e-06, 3.90505647374e-06, 3.0347714528e-06, 2.89670083475e-06, 2.16201033254e-06, 1.96369614969e-06, 1.72905515683e-06, 1.4419576928e-06, 1.16595845157e-06],
        "median": [0.000109038955998, 8.53658857523e-05, 6.4165717049e-05, 0.000100412536995, 0.000130586180603, 8.45272152219e-05, 5.21189940628e-05, 7.91244383436e-05, 3.39401667588e-05, 1.30579373945e-05, 1.899934432e-05, 1.32672485051e-05, 2.17599445023e-05, 1.77932470251e-05, 1.42481494549e-05, 1.35541376949e-05, 1.40356914926e-05, 6.4127866608e-06, 5.9967078414e-06, 1.65687815752e-05, 9.22217532207e-06, 5.73182978769e-06, 5.65256732443e-06, 4.61950548925e-06, 4.10377288063e-06, 3.5134501104e-06, 3.0710784813e-06, 4.13695352108e-06, 3.34405171998e-06, 2.17324668483e-06, 1.7423620875e-06, 1.5954653918e-06, 1.32099535222e-06, 1.18762909551e-06, 1.11690201265e-06, 8.68641507168e-07, 7.66698349253e-07, 8.03439604624e-07, 6.54898769881e-07, 5.03319711243e-07],
        "min": [1.94563103508e-19, 1.82385621948e-19, 1.59313952002e-19, 1.29416917553e-19, 9.32521675821e-20, 5.97902302625e-20, 3.22297225502e-20, 1.60668120982e-20, 1.27635519481e-20, 1.79576031912e-20, 2.31991430026e-20, 2.08529033562e-20, 1.12526072006e-20, 7.2130601779e-21, 2.63511890437e-20, 7.18257210998e-20, 1.15021519202e-19, 1.15189695361e-19, 6.96832199157e-20, 3.70544538058e-20, 5.8742761113e-20, 7.98411917083e-20, 4.15303668744e-20, 1.14413627078e-20, 3.14741318348e-20, 2.01691464915e-20, 2.32812471407e-20, 5.61452588933e-20, 1.797880131e-20, 2.7937469427e-20, 1.83309572999e-20, 1.32761761301e-20, 1.90248859013e-20, 2.87958793389e-20, 1.73603949448e-20, 4.94991760953e-20, 2.28951702833e-20, 4.43321633184e-20, 4.01491691219e-20, 6.30652451027e-20],
        "var": [2.38178358813e-06, 1.58503678449e-06, 4.67447904384e-07, 1.86581445405e-07, 2.10224342823e-07, 8.97501166719e-08, 6.17964772687e-08, 7.42734371784e-08, 2.79832157446e-08, 1.69952983242e-07, 7.57395000051e-08, 5.55539116931e-08, 3.6870726916e-08, 7.82822979772e-08, 6.53957954455e-08, 4.0743444174e-08, 1.49230725555e-08, 5.84332493503e-09, 1.03466755164e-08, 7.01457869567e-09, 5.79836267889e-09, 5.60533885974e-09, 2.05084216276e-09, 2.47281417565e-09, 1.1550440604e-09, 2.88467472132e-09, 3.80206488515e-09, 1.39291937984e-08, 4.98371299784e-09, 1.12751785686e-09, 4.19134310592e-10, 2.58058185931e-10, 1.0383353205e-10, 4.97220042917e-11, 4.44068219696e-11, 1.92984083575e-11, 1.68551839153e-11, 1.02427216014e-11, 7.73866734582e-12, 7.77864751778e-12]
    },
    "mfcc": {
        "mean": [-666.734130859, 94.1876602173, 3.11782574654, 13.9999456406, 2.73987293243, 1.08979892731, -3.53756999969, -3.82204437256, -2.39284801483, -2.1966252327, -4.34811067581, 4.31776666641, 5.03541707993],
        "cov": [[9404.32519531, -1639.1472168, -736.3828125, -83.3742523193, -654.953186035, 309.514434814, 544.808227539, 364.702178955, -207.925598145, 59.3283996582, 280.867492676, -99.6602706909, -423.056213379], [-1639.1472168, 1730.82080078, 261.594482422, -216.415176392, 219.579437256, -0.486597120762, -127.862983704, -76.079750061, 118.48551178, -16.8649616241, -115.178611755, 52.8746910095, 156.937744141], [-736.3828125, 261.594482422, 494.354125977, 65.156867981, 50.3959159851, -23.0790233612, -71.9138641357, -1.09947836399, 75.0786437988, 22.0209369659, -23.9443912506, 6.29021930695, 30.7617778778], [-83.3742523193, -216.415176392, 65.156867981, 657.237121582, 66.4434127808, -88.0445098877, 25.5698204041, 36.873550415, 29.13240242, 64.5810241699, 58.9364891052, 74.3269424438, 60.9714431763], [-654.953186035, 219.579437256, 50.3959159851, 66.4434127808, 537.605163574, 90.0022888184, -71.4946899414, -10.3713655472, 85.9753112793, 1.66752660275, 9.34504985809, 10.5474720001, 59.6887245178], [309.514434814, -0.486597120762, -23.0790233612, -88.0445098877, 90.0022888184, 409.611785889, 157.076263428, 62.4191131592, 31.4570446014, -7.49965143204, 21.1573619843, 17.9728679657, -4.30891609192], [544.808227539, -127.862983704, -71.9138641357, 25.5698204041, -71.4946899414, 157.076263428, 321.762054443, 129.552963257, 2.65735411644, 7.90891885757, 38.5718574524, 21.3761558533, -20.8681793213], [364.702178955, -76.079750061, -1.09947836399, 36.873550415, -10.3713655472, 62.4191131592, 129.552963257, 314.778320312, 105.283615112, 29.1023521423, 83.2381896973, 11.2580537796, -42.1822471619], [-207.925598145, 118.48551178, 75.0786437988, 29.13240242, 85.9753112793, 31.4570446014, 2.65735411644, 105.283615112, 206.089508057, 66.4238052368, 29.8321971893, 24.8377513885, 20.8643169403], [59.3283996582, -16.8649616241, 22.0209369659, 64.5810241699, 1.66752660275, -7.49965143204, 7.90891885757, 29.1023521423, 66.4238052368, 176.419967651, 75.64427948, 37.3716392517, 20.8820724487], [280.867492676, -115.178611755, -23.9443912506, 58.9364891052, 9.34504985809, 21.1573619843, 38.5718574524, 83.2381896973, 29.8321971893, 75.64427948, 175.749053955, 53.22498703, -12.01030159], [-99.6602706909, 52.8746910095, 6.29021930695, 74.3269424438, 10.5474720001, 17.9728679657, 21.3761558533, 11.2580537796, 24.8377513885, 37.3716392517, 53.22498703, 151.76739502, 79.6000366211], [-423.056213379, 156.937744141, 30.7617778778, 60.9714431763, 59.6887245178, -4.30891609192, -20.8681793213, -42.1822471619, 20.8643169403, 20.8820724487, -12.01030159, 79.6000366211, 175.843734741]],
