{
"lowlevel": {
    "average_loudness": 0.910513877869,
    "barkbands_crest": {
        "dmean": 4.54576730728,
        "dmean2": 7.27876234055,
        "dvar": 15.173874855,
        "dvar2": 30.9310836792,
        "max": 26.4035625458,
        "mean": 16.0038166046,
        "median": 16.0631046295,
        "min": 2.34973454475,
        "var": 43.3213539124
    },
    "barkbands_flatness_db": {
        "dmean": 0.0828565433621,
        "dmean2": 0.118963606656,
        "dvar": 0.00653465697542,
        "dvar2": 0.0139256045222,
        "max": 0.72405487299,
        "mean": 0.220467954874,
        "median": 0.19172938168,
        "min": 0.0253584999591,
        "var": 0.0151042761281
    },
    "barkbands_kurtosis": {
        "dmean": 58.2357788086,
        "dmean2": 96.9572067261,
        "dvar": 22282.8417969,
        "dvar2": 58835.2578125,
        "max": 2477.0925293,
        "mean": 50.4940567017,
        "median": 10.8062047958,
        "min": -1.93922579288,
        "var": 17486.1269531
    },
    "barkbands_skewness": {
        "dmean": 2.66748118401,
        "dmean2": 4.14011240005,
        "dvar": 12.1968622208,
        "dvar2": 29.7489070892,
        "max": 38.8660469055,
        "mean": 4.3305182457,
        "median": 3.1437921524,
        "min": -3.34480595589,
        "var": 18.9054908752
    },
    "barkbands_spread": {
        "dmean": 13.1036710739,
        "dmean2": 21.7790126801,
        "dvar": 275.528991699,
        "dvar2": 673.781921387,
        "max": 121.70249176,
        "mean": 20.0485839844,
        "median": 12.9967479706,
        "min": 0.0414931923151,
        "var": 443.863861084
    },
    "dissonance": {
        "dmean": 0.0201810915023,
        "dmean2": 0.0337894409895,
        "dvar": 0.000755331653636,
        "dvar2": 0.00205464242026,
        "max": 0.500000178814,
        "mean": 0.468345224857,
        "median": 0.482847332954,
        "min": 0.152652189136,
        "var": 0.00150668865535
    },
    "dynamic_complexity": 2.12873363495,
    "erbbands_crest": {
        "dmean": 3.56142473221,
        "dmean2": 5.86827754974,
        "dvar": 11.0535783768,
        "dvar2": 28.0084972382,
        "max": 33.1626014709,
        "mean": 8.95260429382,
        "median": 7.73847675323,
        "min": 2.23858594894,
        "var": 22.0356807709
    },
    "erbbands_flatness_db": {
        "dmean": 0.042662423104,
        "dmean2": 0.065488986671,
        "dvar": 0.00237044878304,
        "dvar2": 0.00521236471832,
        "max": 0.502396166325,
        "mean": 0.149653345346,
        "median": 0.126027539372,
        "min": 0.0494846925139,
        "var": 0.00540489703417
    },
    "erbbands_kurtosis": {
        "dmean": 3.05642437935,
        "dmean2": 5.33153867722,
        "dvar": 49.5251159668,
        "dvar2": 141.049484253,
        "max": 137.467147827,
        "mean": 1.55143988132,
        "median": -0.249141216278,
        "min": -1.95332276821,
        "var": 36.8508110046
    },
    "erbbands_skewness": {
        "dmean": 0.885975718498,
        "dmean2": 1.3785520792,
        "dvar": 1.03897941113,
        "dvar2": 2.64733982086,
        "max": 10.0786905289,
        "mean": 0.0749261900783,
        "median": -0.0788529589772,
        "min": -4.77895927429,
        "var": 1.87304389477
    },
    "erbbands_spread": {
        "dmean": 25.0615215302,
        "dmean2": 40.6319389343,
        "dvar": 801.583618164,
        "dvar2": 2144.79296875,
        "max": 206.91355896,
        "mean": 59.478843689,
        "median": 54.0095367432,
        "min": 0.659101903439,
        "var": 1312.30761719
    },
    "hfc": {
        "dmean": 13.5304269791,
        "dmean2": 22.3225250244,
        "dvar": 345.443237305,
        "dvar2": 925.809692383,
        "max": 336.413696289,
        "mean": 24.1734085083,
        "median": 14.6824436188,
        "min": 2.03004901778e-07,
        "var": 789.045410156
    },
    "melbands_crest": {
        "dmean": 3.95505475998,
        "dmean2": 6.79627990723,
        "dvar": 12.7556600571,
        "dvar2": 33.8468132019,
        "max": 37.4004745483,
        "mean": 19.3098640442,
        "median": 20.1711978912,
        "min": 2.8930785656,
        "var": 28.6975708008
    },
    "melbands_flatness_db": {
        "dmean": 0.0953871160746,
        "dmean2": 0.136798858643,
        "dvar": 0.00864762999117,
        "dvar2": 0.0191107131541,
        "max": 0.871319055557,
        "mean": 0.31513556838,
        "median": 0.287905842066,
        "min": 0.0275396872312,
        "var": 0.0227657742798
    },
    "melbands_kurtosis": {
        "dmean": 81.657951355,
        "dmean2": 138.437194824,
        "dvar": 16435.3867188,
        "dvar2": 47983.7539062,
        "max": 1547.32653809,
        "mean": 95.6488189697,
        "median": 45.0841674805,
        "min": -1.87893605232,
        "var": 17091.03125
    },
    "melbands_skewness": {
        "dmean": 3.10641503334,
        "dmean2": 5.1525759697,
        "dvar": 10.8656072617,
        "dvar2": 30.8974609375,
        "max": 27.995306015,
        "mean": 6.53417778015,
        "median": 5.57065057755,
        "min": -1.80497312546,
        "var": 19.9029483795
    },
    "melbands_spread": {
        "dmean": 11.7973012924,
        "dmean2": 20.1903057098,
        "dvar": 458.875823975,
        "dvar2": 1202.91772461,
        "max": 279.382141113,
        "mean": 16.7300376892,
        "median": 6.58116006851,
        "min": 0.152390256524,
        "var": 697.522644043
    },
    "pitch_salience": {
        "dmean": 0.144402891397,
        "dmean2": 0.230744019151,
        "dvar": 0.0169023312628,
        "dvar2": 0.0357663780451,
        "max": 0.908016383648,
        "mean": 0.385213464499,
        "median": 0.398319721222,
        "min": 0.0197213478386,
        "var": 0.0400888547301
    },
    "silence_rate_20dB": {
        "dmean": 0,
        "dmean2": 0,
        "dvar": 0,
        "dvar2": 0,
        "max": 1,
        "mean": 1,
        "median": 1,
        "min": 1,
        "var": 0
    },
    "silence_rate_30dB": {
        "dmean": 0.146904364228,
        "dmean2": 0.293829023838,
        "dvar": 0.125338956714,
        "dvar2": 0.269862025976,
        "max": 1,
        "mean": 0.834726750851,
        "median": 1,
        "min": 0,
        "var": 0.137976765633
    },
    "silence_rate_60dB": {
        "dmean": 0.0127142071724,
        "dmean2": 0.0253610666841,
        "dvar": 0.0125549454242,
        "dvar2": 0.0294156260788,
        "max": 1,
        "mean": 0.0289504602551,
        "median": 0,
        "min": 0,
        "var": 0.0281126573682
    },
    "spectral_centroid": {
        "dmean": 531.061523438,
        "dmean2": 835.758483887,
        "dvar": 349930.625,
        "dvar2": 817369.875,
        "max": 6040.7421875,
        "mean": 1352.6270752,
        "median": 1167.02807617,
        "min": 65.6756744385,
        "var": 984128.8125
    },
    "spectral_complexity": {
        "dmean": 6.64013290405,
        "dmean2": 10.363278389,
        "dvar": 48.0122261047,
        "dvar2": 113.807563782,
        "max": 57,
        "mean": 15.5689210892,
        "median": 12,
        "min": 0,
        "var": 141.86265564
    },
    "spectral_decrease": {
        "dmean": 8.08073696845e-09,
        "dmean2": 1.31708377538e-08,
        "dvar": 6.29378699383e-17,
        "dvar2": 1.3875300972e-16,
        "max": -1.27540331672e-16,
        "mean": -1.58634652081e-08,
        "median": -1.31224577871e-08,
        "min": -4.92726215384e-08,
        "var": 1.33250418997e-16
    },
    "spectral_energy": {
        "dmean": 0.0307806506753,
        "dmean2": 0.0502128824592,
        "dvar": 0.000897462887224,
        "dvar2": 0.00199537863955,
        "max": 0.187305420637,
        "mean": 0.0620649680495,
        "median": 0.0529683753848,
        "min": 4.99780772323e-10,
        "var": 0.00190665153787
    },
    "spectral_energyband_high": {
        "dmean": 0.00133185088634,
        "dmean2": 0.00223992322572,
        "dvar": 5.10236668561e-06,
        "dvar2": 1.36321041282e-05,
        "max": 0.0367189869285,
        "mean": 0.00187010632362,
        "median": 0.000478971458506,
        "min": 7.56415850095e-12,
        "var": 1.0752538401e-05
    },
    "spectral_energyband_low": {
        "dmean": 0.030392870307,
        "dmean2": 0.0493159256876,
        "dvar": 0.000986715429462,
        "dvar2": 0.00203844881617,
        "max": 0.183311745524,
        "mean": 0.0503110401332,
        "median": 0.0352589860559,
        "min": 2.63732563566e-10,
        "var": 0.00209272326902
    },
    "spectral_energyband_middle_high": {
        "dmean": 0.0015184909571,
        "dmean2": 0.00251360516995,
        "dvar": 4.33736386185e-06,
        "dvar2": 1.14508666229e-05,
        "max": 0.0476718842983,
        "mean": 0.00241659139283,
        "median": 0.00138774164952,
        "min": 2.82542444302e-11,
        "var": 1.11724539238e-05
    },
    "spectral_energyband_middle_low": {
        "dmean": 0.00736546609551,
        "dmean2": 0.0122558576986,
        "dvar": 0.000164088385645,
        "dvar2": 0.000413344823755,
        "max": 0.118023276329,
        "mean": 0.00876015610993,
        "median": 0.00407838029787,
        "min": 2.13126516435e-10,
        "var": 0.000156941954629
    },
    "spectral_entropy": {
        "dmean": 0.52615582943,
        "dmean2": 0.801024138927,
        "dvar": 0.430394232273,
        "dvar2": 0.995282769203,
        "max": 8.91997623444,
        "mean": 7.45980119705,
        "median": 7.76660490036,
        "min": 3.63989686966,
        "var": 0.841123223305
    },
    "spectral_flux": {
        "dmean": 0.0614578388631,
        "dmean2": 0.104377530515,
        "dvar": 0.00340313883498,
        "dvar2": 0.00921033415943,
        "max": 0.461445242167,
        "mean": 0.142394796014,
        "median": 0.128110364079,
        "min": 3.55226584361e-05,
        "var": 0.00581618724391
    },
    "spectral_kurtosis": {
        "dmean": 8.93298435211,
        "dmean2": 15.5844306946,
        "dvar": 741.703613281,
        "dvar2": 2034.07568359,
        "max": 443.452606201,
        "mean": 10.2522563934,
        "median": 2.83310127258,
        "min": -1.04535710812,
        "var": 753.009033203
    },
    "spectral_rms": {
        "dmean": 0.00203751283698,
        "dmean2": 0.00333312270232,
        "dvar": 3.68149107999e-06,
        "dvar2": 8.2181113612e-06,
        "max": 0.0135180251673,
        "mean": 0.00718934182078,
        "median": 0.00718863448128,
        "min": 6.98277176525e-07,
        "var": 8.86412999535e-06
    },
    "spectral_rolloff": {
        "dmean": 815.05657959,
        "dmean2": 1484.55090332,
        "dvar": 2838921.5,
        "dvar2": 7396108,
        "max": 12015.5273438,
        "mean": 1044.44580078,
        "median": 193.798828125,
        "min": 43.06640625,
        "var": 3252989.75
    },
    "spectral_skewness": {
        "dmean": 0.758518815041,
        "dmean2": 1.24856495857,
        "dvar": 2.26205945015,
        "dvar2": 5.81420707703,
        "max": 17.1014041901,
        "mean": 1.78155088425,
        "median": 1.2329916954,
        "min": -0.122674494982,
        "var": 3.43905758858
    },
    "spectral_spread": {
        "dmean": 1539701.375,
        "dmean2": 2356380.5,
        "dvar": 4.19977258598e+12,
        "dvar2": 9.74922029466e+12,
        "max": 15840286,
        "mean": 5093269.5,
        "median": 4964706,
        "min": 247885.765625,
        "var": 5.74178407219e+12
    },
    "spectral_strongpeak": {
        "dmean": 0.383858054876,
        "dmean2": 0.64004778862,
        "dvar": 0.512591779232,
        "dvar2": 1.38406741619,
        "max": 21.1641273499,
        "mean": 0.662461400032,
        "median": 0.547726035118,
        "min": 0,
        "var": 0.652035534382
    },
    "zerocrossingrate": {
        "dmean": 0.0175712760538,
        "dmean2": 0.0243234653026,
        "dvar": 0.000381275691325,
        "dvar2": 0.00057779281633,
        "max": 0.3505859375,
        "mean": 0.0439511500299,
        "median": 0.0322265625,
        "min": 0.001953125,
        "var": 0.00161289528478
    },
    "barkbands": {
        "dmean": [0.00089884607587, 0.0288646798581, 0.00712711038068, 0.00406652642414, 0.00294965831563, 0.00129869394004, 0.000647657434456, 0.000240821202169, 0.000510851270519, 0.000267217692453, 0.000180040122359, 0.00014083214046, 0.000141583062941, 0.000122746758279, 0.000155737085151, 0.000194407941308, 0.000202901021112, 0.000209541714867, 0.000309673399897, 0.000198391353479, 0.000213136503589, 0.000262946734438, 0.000291003379971, 0.000365197076462, 9.95181399048e-05, 8.97393401829e-05, 1.75374552782e-05],
        "dmean2": [0.00161916564684, 0.0459125600755, 0.0128397904336, 0.00730262557045, 0.00527977896854, 0.00237897364423, 0.00118045927957, 0.000412966590375, 0.000868954695761, 0.000481320574181, 0.000318204489304, 0.000248663272941, 0.000244221300818, 0.000205816948437, 0.000268910633167, 0.000336037541274, 0.000350440124748, 0.000343727762811, 0.000514002691489, 0.000319127255352, 0.000349354959326, 0.000456284004031, 0.000501314876601, 0.000650220434181, 0.000172198371729, 0.000158235619892, 3.13387135975e-05],
        "dvar": [6.64295157549e-06, 0.00094677216839, 0.00012095621787, 6.57289201627e-05, 5.04669260408e-05, 1.5895040633e-05, 3.97659096052e-06, 3.97913822781e-07, 1.77170124971e-06, 5.22845994055e-07, 1.55047843009e-07, 1.04018745617e-07, 1.07329583443e-07, 5.51440635377e-08, 1.24963335679e-07, 1.66918255218e-07, 1.35154863301e-07, 1.64452700346e-07, 8.3975430698e-07, 1.74796156216e-07, 2.20580091082e-07, 1.28672138544e-06, 1.8998478879e-07, 3.81070861977e-07, 2.36210215832e-08, 2.63583075366e-08, 1.68061420336e-09],
        "dvar2": [1.85824101209e-05, 0.00197640270926, 0.000337216537446, 0.000187669182196, 0.000147917773575, 4.59320981463e-05, 1.15323782666e-05, 1.05271283246e-06, 4.65765515401e-06, 1.49830304963e-06, 4.26839363854e-07, 2.89680031074e-07, 3.22917429685e-07, 1.57290131142e-07, 3.78336437734e-07, 4.69699187988e-07, 3.79725150879e-07, 4.07598179208e-07, 2.31808985518e-06, 3.98524690581e-07, 5.51125367565e-07, 3.75004651687e-06, 4.94382049965e-07, 1.02241324385e-06, 6.19774880306e-08, 7.07116498688e-08, 4.68848515567e-09],
        "max": [0.0685049146414, 0.17578099668, 0.103568315506, 0.0880210697651, 0.0825455635786, 0.0456126444042, 0.0234522055835, 0.0197727773339, 0.0305457618088, 0.0113160749897, 0.00786479748785, 0.00681071868166, 0.0092085218057, 0.00676515605301, 0.01195588056, 0.0166820473969, 0.0073630171828, 0.00850389525294, 0.0340642295778, 0.0184941422194, 0.0194599274546, 0.0223230458796, 0.00519913900644, 0.0046866722405, 0.00168511131778, 0.00266548455693, 0.000949693843722],
        "mean": [0.000839417160023, 0.040907446295, 0.00731038209051, 0.00349986110814, 0.00282144546509, 0.0010863202624, 0.000568543735426, 0.00026384202647, 0.00047506132978, 0.000218671295443, 0.000158817565534, 0.000129689680762, 0.000150955791469, 0.000149336410686, 0.000171053397935, 0.000224242292461, 0.000240220149863, 0.000297192804283, 0.000516270985827, 0.000401795463404, 0.000424857396865, 0.000377520889742, 0.000334402924636, 0.00030649753171, 0.000103182675957, 7.19396412023e-05, 1.608781713e-05],
        "median": [0.000255797727732, 0.0232081320137, 0.00376784452237, 0.00100020482205, 0.00115522346459, 0.000323868298437, 0.000160643685376, 7.63872158132e-05, 0.000107674357423, 6.50126021355e-05, 5.07659060531e-05, 4.0796938265e-05, 6.13353695371e-05, 6.83964753989e-05, 8.1569662143e-05, 0.000100419660157, 0.00011316157179, 0.000128572544781, 0.000137391369208, 0.00011269521201, 8.49773205118e-05, 6.14232994849e-05, 6.86572384438e-05, 5.30527322553e-05, 3.02072930936e-05, 1.65472902154e-05, 2.73944078799e-06],
        "min": [1.09041786017e-11, 1.58785040671e-10, 5.21678533705e-11, 7.49736904504e-12, 8.31046065297e-11, 1.80700697461e-11, 4.12767476449e-12, 1.91382760334e-12, 2.26170319452e-12, 2.31308787228e-12, 5.27422550078e-12, 2.80326976909e-12, 4.28200140276e-12, 3.21084716974e-12, 1.70405670911e-12, 5.36892091115e-13, 1.29390454514e-12, 1.13170909276e-12, 1.19853020737e-12, 1.14475031017e-12, 6.84582056841e-13, 8.51429929165e-13, 9.71656565971e-13, 1.04704060092e-12, 8.81134249765e-13, 1.31339405497e-12, 1.61533319273e-12],
        "var": [5.1253091442e-06, 0.00184050423559, 9.93510548142e-05, 4.64123731945e-05, 3.30797556671e-05, 9.44730800256e-06, 2.51512142313e-06, 5.1462131978e-07, 1.56803082518e-06, 3.29139140831e-07, 1.25388567085e-07, 9.29622316903e-08, 1.33212893161e-07, 7.54017861482e-08, 1.31008945914e-07, 2.31096635162e-07, 1.41710415846e-07, 3.35425340836e-07, 2.44208990807e-06, 8.2920200839e-07, 1.09047073238e-06, 1.0277022966e-06, 2.98563691103e-07, 3.03404505075e-07, 2.6151372623e-08, 1.89205415779e-08, 1.63027391586e-09]
    },
    "erbbands": {
        "dmean": [0.517323374748, 7.53162336349, 10.1924543381, 9.74249649048, 13.4442710876, 8.4363527298, 8.64010620117, 10.8733100891, 9.50060367584, 7.90040969849, 4.95919322968, 12.5947771072, 8.29141139984, 9.42735385895, 6.54364061356, 6.08371114731, 6.62032651901, 5.24810123444, 7.33450889587, 8.33005523682, 11.7112827301, 11.6058139801, 11.098651886, 12.2371273041, 14.4857883453, 9.35518741608, 10.1940832138, 8.37955284119, 10.6874027252, 5.52631759644, 9.77617454529, 9.22911071777, 4.14940452576, 1.64856398106, 0.54916292429, 0.370341479778, 0.163118317723, 0.0297106374055, 0.00278215412982, 0.000155614892719],
        "dmean2": [0.818867981434, 12.0314817429, 17.4514884949, 17.442741394, 23.7704753876, 15.2166614532, 15.9318885803, 19.9502639771, 17.5952110291, 13.940618515, 8.39602184296, 21.5333747864, 14.2286300659, 17.1451377869, 11.4587936401, 10.6888942719, 11.3788738251, 8.78366565704, 12.5776014328, 14.3573741913, 20.161907196, 19.9738140106, 18.3846530914, 19.827299118, 24.0579376221, 15.0940065384, 16.2690868378, 14.2253684998, 18.7793064117, 9.12942123413, 16.8142433167, 16.2538127899, 7.36363506317, 2.89709019661, 0.941631257534, 0.649978339672, 0.287331700325, 0.0525348260999, 0.00496997777373, 0.000275810773019],
        "dvar": [0.391005247831, 65.8930053711, 153.948699951, 397.406280518, 774.281433105, 478.608215332, 696.083496094, 1017.15179443, 1047.75695801, 388.514587402, 129.117736816, 1152.0970459, 347.048919678, 727.135253906, 197.929992676, 199.920410156, 225.123535156, 89.19165802, 368.871826172, 225.874984741, 595.374633789, 433.64831543, 466.364562988, 645.54876709, 1813.25671387, 351.522338867, 566.156799316, 429.264587402, 2574.87036133, 77.3705062866, 224.90953064, 229.166046143, 48.8184585571, 6.9995303154, 0.75446408987, 0.468498021364, 0.0752329751849, 0.00240114866756, 4.54878390883e-05, 2.57304265006e-07],
        "dvar2": [0.836106181145, 135.903961182, 392.831573486, 1119.68518066, 2185.37646484, 1429.25390625, 2011.38024902, 2948.28735352, 3039.42333984, 1078.62744141, 346.11517334, 3055.86572266, 945.477294922, 2093.8503418, 541.058776855, 557.612976074, 671.545654297, 247.480682373, 1154.13684082, 617.699768066, 1653.18493652, 1220.39709473, 1177.36352539, 1689.38525391, 4954.27587891, 827.67755127, 1394.40600586, 1184.09899902, 7530.1171875, 198.416793823, 586.001098633, 608.598388672, 131.25289917, 18.5360851288, 1.98127520084, 1.26454150677, 0.198786899447, 0.00631028693169, 0.000127179955598, 7.42388181152e-07],
        "max": [7.87894058228, 46.3598060608, 111.031661987, 195.196014404, 288.123168945, 275.718444824, 302.312164307, 353.266540527, 384.666290283, 348.192687988, 308.954711914, 798.850097656, 285.406768799, 478.805969238, 305.292327881, 304.349609375, 459.922332764, 229.528045654, 800.345153809, 366.374633789, 820.661682129, 400.211395264, 573.050354004, 752.278503418, 1579.87402344, 723.116271973, 1046.39160156, 468.810974121, 1008.43707275, 150.602828979, 178.498352051, 111.200630188, 54.8688926697, 25.5697517395, 12.0143184662, 11.6928768158, 3.21254348755, 0.459227114916, 0.147654101253, 0.0146052055061],
        "mean": [0.749588191509, 10.33061409, 13.4622220993, 8.85125255585, 13.2068119049, 7.69281959534, 6.92978906631, 9.31489276886, 7.80553007126, 8.02755832672, 5.8122625351, 11.4384231567, 7.63862657547, 7.45878887177, 6.11100196838, 5.78339290619, 7.12846660614, 6.62100505829, 8.67050361633, 9.57820320129, 13.8562049866, 14.0858125687, 15.9814491272, 19.7684288025, 25.7735614777, 18.8976917267, 20.0929203033, 15.4548854828, 14.2449064255, 9.36737823486, 10.331495285, 7.87375354767, 3.70978283882, 1.58713567257, 0.58165872097, 0.310556560755, 0.12940312922, 0.0257695894688, 0.00258174492046, 0.000205809308682],
        "median": [0.426584362984, 5.63827800751, 8.18673706055, 3.66114377975, 3.56015253067, 3.67631983757, 2.35346388817, 2.85960555077, 1.88692843914, 2.52876925468, 1.99351370335, 2.49276590347, 2.48734593391, 2.24923467636, 2.15433859825, 2.06835794449, 2.96057677269, 3.23291087151, 3.97640800476, 5.05810070038, 6.1396780014, 6.76166820526, 7.33288908005, 7.26462268829, 6.46621894836, 5.49617862701, 4.14758825302, 2.9942278862, 2.23060464859, 1.95965671539, 1.94907438755, 1.35886621475, 0.72616815567, 0.404401838779, 0.175917416811, 0.0816973373294, 0.0276688951999, 0.00497361784801, 0.00046653629397, 0.000105403269117],
        "min": [4.32768931802e-09, 3.37271295336e-08, 6.04566849915e-08, 9.59305950232e-08, 1.22050209939e-07, 2.07494537108e-07, 1.67608817492e-07, 1.46959791891e-07, 1.1442129022e-07, 6.3098880787e-08, 6.72891999898e-08, 5.26239709586e-08, 6.31153227459e-08, 1.7761506399e-07, 1.24504751398e-07, 1.34294310783e-07, 1.98928688633e-07, 1.92932503751e-07, 8.81732944435e-08, 5.54401253794e-08, 4.37538965059e-08, 6.88151047257e-08, 6.23778220188e-08, 6.02673324579e-08, 6.87142502898e-08, 5.35813171609e-08, 2.59520689383e-08, 2.6679307652e-08, 2.51137795004e-08, 3.51881972449e-08, 3.02195886093e-08, 2.5996257591e-08, 1.50706966906e-08, 1.11191660324e-08, 5.14804376905e-09, 3.90233179104e-09, 2.51273535312e-09, 8.87318774012e-10, 2.58595117542e-10, 2.49272234798e-11],
        "var": [0.795140385628, 124.020103455, 201.810714722, 272.879394531, 626.717651367, 282.901153564, 399.109405518, 614.393127441, 649.686462402, 364.181640625, 184.089874268, 966.212646484, 282.472625732, 436.155151367, 172.952087402, 173.657043457, 284.676239014, 123.756111145, 408.229522705, 255.01991272, 876.677246094, 485.175476074, 945.119750977, 1873.79406738, 6204.57470703, 1680.0715332, 2821.62158203, 1169.69824219, 1834.5892334, 291.103240967, 291.795501709, 190.046401978, 41.732711792, 6.78110027313, 0.8208963871, 0.338606357574, 0.0562444627285, 0.00225715339184, 4.4268075726e-05, 2.25700702572e-07]
    },
    "gfcc": {
        "mean": [-25.656211853, 87.2560272217, -75.6297683716, 56.4956550598, -34.5384674072, 17.2280712128, -22.7367477417, 12.2949991226, -14.0392246246, 1.1409869194, -11.8264322281, -1.5184674263, -9.53639888763],
        "cov": [[13262.9023438, -4586.72070312, -890.546630859, 1456.32214355, -1082.34448242, 478.213104248, -756.885559082, 306.503417969, -450.939666748, 112.187461853, -352.724822998, 267.658630371, -499.251739502], [-4586.72070312, 3890.75024414, 88.0965881348, -1036.55419922, 708.718261719, -580.938781738, 453.548126221, -239.923126221, 176.722305298, -165.508331299, 215.833557129, -256.164398193, 293.403320312], [-890.546630859, 88.0965881348, 1982.19787598, -79.4172439575, 138.562591553, 171.473297119, -35.7857322693, 96.7979049683, 32.2385520935, 85.3706283569, -34.2980575562, 41.5931243896, -99.513130188], [1456.32214355, -1036.55419922, -79.4172439575, 922.103881836, -48.1102523804, 179.097503662, -0.869079649448, 17.7783432007, -11.3300266266, -3.92150640488, -34.684677124, 24.2489643097, -16.7544364929], [-1082.34448242, 708.718261719, 138.562591553, -48.1102523804, 483.675170898, -9.99593544006, 138.393722534, -36.3636779785, 82.3123168945, 5.02086353302, 46.4652633667, -46.6756057739, 62.1910629272], [478.213104248, -580.938781738, 171.473297119, 179.097503662, -9.99593544006, 370.675750732, -16.4216690063, 91.2581253052, 0.633576989174, 9.56770420074, -18.75415802, 51.2999916077, -26.2590255737], [-756.885559082, 453.548126221, -35.7857322693, -0.869079649448, 138.393722534, -16.4216690063, 279.24621582, 19.5888175964, 53.880191803, -9.29332733154, 31.5107555389, -38.954208374, 68.197593689], [306.503417969, -239.923126221, 96.7979049683, 17.7783432007, -36.3636779785, 91.2581253052, 19.5888175964, 208.346237183, 39.2944488525, 14.1796274185, 14.6986856461, 28.3597164154, -15.6412563324], [-450.939666748, 176.722305298, 32.2385520935, -11.3300266266, 82.3123168945, 0.633576989174, 53.880191803, 39.2944488525, 201.388290405, 9.68651771545, 51.7817420959, -1.82438385487, 37.2875175476], [112.187461853, -165.508331299, 85.3706283569, -3.92150640488, 5.02086353302, 9.56770420074, -9.29332733154, 14.1796274185, 9.68651771545, 145.571411133, -0.867389202118, 27.9683475494, -19.5546169281], [-352.724822998, 215.833557129, -34.2980575562, -34.684677124, 46.4652633667, -18.75415802, 31.5107555389, 14.6986856461, 51.7817420959, -0.867389202118, 136.120956421, 7.42447948456, 35.5283622742], [267.658630371, -256.164398193, 41.5931243896, 24.2489643097, -46.6756057739, 51.2999916077, -38.954208374, 28.3597164154, -1.82438385487, 27.9683475494, 7.42447948456, 91.3493804932, -4.84082984924], [-499.251739502, 293.403320312, -99.513130188, -16.7544364929, 62.1910629272, -26.2590255737, 68.197593689, -15.6412563324, 37.2875175476, -19.5546169281, 35.5283622742, -4.84082984924, 115.551292419]],
        "icov": [[0.000166296304087, 2.58062391367e-05, 9.87886814983e-05, -0.000197418907192, 9.89229156403e-05, 4.68182633995e-06, 0.000223505005124, -0.000236525636865, 0.000160325391334, -5.61761662539e-05, 0.00015418320254, -0.000162916723639, 0.00037784781307], [2.58062391367e-05, 0.00149449543096, -0.000266144023044, 0.00121176277753, -0.00109636597335, 0.00116053351667, -0.00105200719554, 0.00076255336171, -5.46853552805e-05, 0.00115641474258, -0.00102056888863, 0.00166255037766, -0.00156206521206], [9.87886814983e-05, -0.000266144023044, 0.000708989682607, -0.00025192371686, -5.16567752129e-06, -0.00043282363913, 0.000393459224142, -0.000455087341834, 2.40275985561e-05, -0.000449713756097, 0.000440116389655, -0.000584534369409, 0.00104360037949], [-0.000197418907192, 0.00121176277753, -0.00025192371686, 0.00250505190343, -0.000945206498727, 0.000301446067169, -0.00130901439115, 0.00113038974814, -0.00032306832145, 0.00106505828444, -0.000827565556392, 0.00151062582154, -0.00167853198946], [9.89229156403e-05, -0.00109636597335, -5.16567752129e-06, -0.000945206498727, 0.00377511512488, -0.00118767924141, -6.80173907313e-05, 0.000106023260741, -0.000567513285205, -0.00124229793437, 0.00034581401269, -0.000200083581149, 0.000680730969179], [4.68182633995e-06, 0.00116053351667, -0.00043282363913, 0.000301446067169, -0.00118767924141, 0.00461737206206, -0.000770706275944, -0.00075844215462, 9.70435721683e-05, 0.00127101014368, -0.000321140687447, -0.000346616754541, -0.000946875836235], [0.000223505005124, -0.00105200719554, 0.000393459224142, -0.00130901439115, -6.80173907313e-05, -0.000770706275944, 0.00616366928443, -0.00196472648531, 2.21935060836e-05, -0.00117482466158, 0.000859218533151, 0.000452590960776, -0.000707498926204], [-0.000236525636865, 0.00076255336171, -0.000455087341834, 0.00113038974814, 0.000106023260741, -0.00075844215462, -0.00196472648531, 0.00699681323022, -0.00155675795395, 0.000629663059954, -0.00143174396362, 8.75632613315e-05, -0.000256153609371], [0.000160325391334, -5.46853552805e-05, 2.40275985561e-05, -0.00032306832145, -0.000567513285205, 9.70435721683e-05, 2.21935060836e-05, -0.00155675795395, 0.00643017375842, -0.000585705856793, -0.00143785588443, -1.90436767298e-05, -0.00082371069584], [-5.61761662539e-05, 0.00115641474258, -0.000449713756097, 0.00106505828444, -0.00124229793437, 0.00127101014368, -0.00117482466158, 0.000629663059954, -0.000585705856793, 0.00864810217172, -0.000704711826984, -0.00131037377287, 0.000138450268423], [0.00015418320254, -0.00102056888863, 0.000440116389655, -0.000827565556392, 0.00034581401269, -0.000321140687447, 0.000859218533151, -0.00143174396362, -0.00143785588443, -0.000704711826984, 0.00981007609516, -0.00274892733432, -0.000230141391512], [-0.000162916723639, 0.00166255037766, -0.000584534369409, 0.00151062582154, -0.000200083581149, -0.000346616754541, 0.000452590960776, 8.75632613315e-05, -1.90436767298e-05, -0.00131037377287, -0.00274892733432, 0.0166163053364, -0.00411038240418], [0.00037784781307, -0.00156206521206, 0.00104360037949, -0.00167853198946, 0.000680730969179, -0.000946875836235, -0.000707498926204, -0.000256153609371, -0.00082371069584, 0.000138450268423, -0.000230141391512, -0.00411038240418, 0.0148975355551]]
    },
    "melbands": {
        "dmean": [0.00666474550962, 0.00689283013344, 0.00185262947343, 0.000752516847569, 0.000309974770062, 0.000244728551479, 0.000140023650602, 7.75522639742e-05, 3.96104842366e-05, 8.41438450152e-05, 4.10759603255e-05, 3.91320500057e-05, 2.35673123825e-05, 1.67548805621e-05, 1.49798070197e-05, 1.33269350044e-05, 1.00273937278e-05, 1.25810847749e-05, 1.17257741294e-05, 1.12171755973e-05, 1.46226084325e-05, 1.30469688884e-05, 9.71024292085e-06, 1.10348892122e-05, 1.00369679785e-05, 1.44478090078e-05, 7.47414014768e-06, 6.42894656266e-06, 6.60525392959e-06, 5.87121257922e-06, 5.16313411936e-06, 7.61698356655e-06, 3.39806547345e-06, 3.05301773551e-06, 4.87748093292e-06, 7.89728255768e-06, 4.83896974401e-06, 3.09345659844e-06, 2.22646826842e-06, 1.14474346447e-06],
        "dmean2": [0.0105432868004, 0.0112204076722, 0.0032616937533, 0.00134327297565, 0.000569061550777, 0.000448341539595, 0.000259421707597, 0.000136023736559, 6.71083034831e-05, 0.000143886645674, 7.05326237949e-05, 7.13053887011e-05, 4.12221197621e-05, 2.9623050068e-05, 2.60076103586e-05, 2.30452333199e-05, 1.68326168932e-05, 2.1616133381e-05, 2.02509909286e-05, 1.94483782252e-05, 2.52553691098e-05, 2.27576201723e-05, 1.64621342265e-05, 1.81071100087e-05, 1.62728065334e-05, 2.44841558015e-05, 1.25355909404e-05, 1.04429955172e-05, 1.04510063466e-05, 9.81634639174e-06, 8.92154912435e-06, 1.37023089337e-05, 5.52360415895e-06, 5.21003084941e-06, 8.43466750666e-06, 1.36958296935e-05, 8.59302599565e-06, 5.53273321202e-06, 3.95508914153e-06, 2.0004167709e-06],
        "dvar": [5.08820194227e-05, 5.45885377505e-05, 1.16936844279e-05, 3.18710522151e-06, 7.4493431157e-07, 5.35939989277e-07, 2.2339125394e-07, 3.72276964811e-08, 8.24486434681e-09, 5.4935416216e-08, 8.49382963963e-09, 1.26641079845e-08, 2.4588371339e-09, 1.44854528372e-09, 1.08512243635e-09, 1.14340237278e-09, 3.63794161462e-10, 1.15372245091e-09, 5.03474040237e-10, 5.81498571517e-10, 9.29145260731e-10, 6.02143113149e-10, 3.11703135525e-10, 5.74788106e-10, 4.39695890808e-10, 2.85319323723e-09, 2.95799329475e-10, 1.80891079893e-10, 2.49233939043e-10, 2.26020091532e-10, 1.92389118525e-10, 1.80841308595e-09, 4.8609918174e-11, 2.48888739479e-11, 5.62941811222e-11, 1.56976751042e-10, 6.60973012434e-11, 2.75733290367e-11, 1.40629738757e-11, 3.25431240115e-12],
        "dvar2": [0.000111320761789, 0.000115748924145, 3.20406215906e-05, 9.33045066631e-06, 2.1602538709e-06, 1.55163832005e-06, 6.49173898637e-07, 1.01882314141e-07, 2.16384989926e-08, 1.45415370412e-07, 2.31552750307e-08, 3.65113024259e-08, 6.6419678646e-09, 4.02955624423e-09, 3.04806468954e-09, 3.58584917315e-09, 1.00766595068e-09, 3.631123624e-09, 1.45187750711e-09, 1.66667946111e-09, 2.58060550706e-09, 1.7094571314e-09, 8.17434675504e-10, 1.40171341201e-09, 1.14100573434e-09, 8.02713184811e-09, 8.09768863075e-10, 4.2144340795e-10, 6.03038285973e-10, 5.82072889888e-10, 5.45373801675e-10, 5.32765698225e-09, 1.18002677074e-10, 6.71413064035e-11, 1.47532860928e-10, 4.0959022285e-10, 1.77105580201e-10, 7.428670179e-11, 3.77865135015e-11, 8.55073910982e-12],
        "max": [0.0550846755505, 0.0488815009594, 0.0335923656821, 0.0209221858531, 0.00925946235657, 0.00815814733505, 0.00562397716567, 0.00446767779067, 0.00232187146321, 0.00557348039001, 0.00134935730603, 0.00199703779072, 0.00110825465526, 0.000944657484069, 0.000840846740175, 0.00125732657034, 0.000553662073798, 0.00140185491182, 0.000565707974602, 0.001097110915, 0.000768986938056, 0.000448776205303, 0.000564296147786, 0.000608935893979, 0.000525293173268, 0.00205526244827, 0.000465295277536, 0.000525055162143, 0.000689492619131, 0.000689312175382, 0.000255579943769, 0.00085021200357, 0.000162833617651, 7.94006336946e-05, 0.000107093102997, 8.08755430626e-05, 6.42182931188e-05, 4.46866470156e-05, 3.3363354305e-05, 1.90768460016e-05],
        "mean": [0.00949918944389, 0.0101034529507, 0.00179219339043, 0.000734528992325, 0.000260010216152, 0.000210714861169, 0.000114965841931, 8.03776056273e-05, 4.59488546767e-05, 7.45377401472e-05, 3.73788461729e-05, 3.05841458612e-05, 2.1618538085e-05, 1.52698466991e-05, 1.50616297105e-05, 1.45614594658e-05, 1.23858171719e-05, 1.43881752592e-05, 1.28110659716e-05, 1.26659106172e-05, 1.68928145285e-05, 1.46483180288e-05, 1.2769809473e-05, 1.55536945385e-05, 1.49712705024e-05, 2.30706446018e-05, 1.30177040774e-05, 1.2426057765e-05, 1.28101410155e-05, 1.06961315396e-05, 8.63568038767e-06, 8.91406943992e-06, 5.92942069488e-06, 4.79989012092e-06, 5.4872984947e-06, 6.74169632475e-06, 4.11140990764e-06, 2.72371516985e-06, 1.9911169602e-06, 1.13369901555e-06],
        "median": [0.00560279516503, 0.00616936385632, 0.000701524666511, 0.000313337630359, 0.000106276682345, 6.46031694487e-05, 2.88633000309e-05, 2.45470928348e-05, 1.50675477926e-05, 1.50718178702e-05, 1.17191420941e-05, 8.77601996763e-06, 7.1613462751e-06, 4.8686174523e-06, 5.8358550632e-06, 5.87084286963e-06, 5.7693105191e-06, 6.0720503825e-06, 6.34405478195e-06, 6.36786580799e-06, 6.90326260155e-06, 6.48697687211e-06, 6.2985650402e-06, 6.20145510766e-06, 5.43668056707e-06, 4.91572154715e-06, 3.99635428039e-06, 3.37549704454e-06, 2.56697035184e-06, 2.05127707886e-06, 1.53811720338e-06, 1.26277325307e-06, 1.09842198981e-06, 9.89285240394e-07, 1.04929847566e-06, 1.05865103706e-06, 7.33588365165e-07, 5.14643772931e-07, 4.18881654696e-07, 3.01527308011e-07],
        "min": [4.21557858066e-11, 3.67384039857e-11, 1.70461214588e-11, 8.31393894701e-12, 5.40328242218e-12, 3.26639019652e-12, 1.71738079487e-12, 6.13218460385e-13, 5.26306808465e-13, 3.52954210997e-13, 2.96461992325e-13, 6.50026256779e-13, 4.39762890816e-13, 3.5270389582e-13, 3.89617239296e-13, 3.69431373513e-13, 3.64842840184e-13, 1.22057583225e-13, 1.42946648984e-13, 2.26924226209e-14, 5.71053892107e-14, 7.44535252136e-14, 4.52741786932e-14, 4.48296117567e-14, 4.55644568842e-14, 4.64022944418e-14, 3.52148120234e-14, 2.85099262178e-14, 1.32208553119e-14, 1.82617982558e-14, 1.63475173475e-14, 1.35272372934e-14, 1.89272832433e-14, 1.799268403e-14, 1.98918809755e-14, 1.2059308867e-14, 1.70423181453e-14, 1.02979750039e-14, 9.20101566823e-15, 1.00635975993e-14],
        "var": [0.000100102130091, 0.000103038270026, 9.1375413831e-06, 2.14474925997e-06, 4.28806401942e-07, 3.22587993651e-07, 1.3471191096e-07, 3.79220388425e-08, 1.22549757009e-08, 4.49160033611e-08, 6.89921453301e-09, 7.5492510021e-09, 2.2096813268e-09, 1.21370036243e-09, 1.18361520585e-09, 1.51385171065e-09, 4.95505969589e-10, 1.24542420821e-09, 5.31725719011e-10, 7.22871262848e-10, 1.42489708921e-09, 5.81027725932e-10, 5.09545072802e-10, 1.16373533032e-09, 1.02158492776e-09, 6.92270107905e-09, 9.46097644672e-10, 7.607468544e-10, 1.14211995417e-09, 8.63167981535e-10, 3.60771079677e-10, 1.10132736264e-09, 1.43299511146e-10, 8.02052660398e-11, 8.68236108009e-11, 1.35353020458e-10, 5.39975252012e-11, 2.32228958286e-11, 1.20506217852e-11, 3.35787842844e-12]
    },
    "mfcc": {
        "mean": [-675.870056152, 112.418930054, 28.1466617584, 46.4217453003, 20.6023788452, 15.7339143753, 9.66940784454, 13.0859851837, 6.02983570099, 9.96955108643, 1.64972138405, 3.69692182541, -0.34711253643],
        "cov": [[11238.4199219, -4017.12255859, -1009.82489014, 342.660614014, -265.423950195, 86.8650894165, -209.23475647, 78.1401519775, -235.65838623, -120.214675903, -191.113418579, -22.3917961121, -121.649436951], [-4017.12255859, 3943.81225586, 23.5303344727, -239.950668335, 47.4782180786, -199.349273682, 119.015098572, -118.121124268, 79.3721237183, -44.2255439758, 57.2655639648, -26.0522518158, 41.0505714417], [-1009.82489014, 23.5303344727, 1421.65087891, 21.0463027954, 207.719436646, 79.3747406006, 13.2414360046, 65.7470169067, 2.71060490608, 78.0912017822, 30.0667991638, 31.9488220215, -10.7978000641], [342.660614014, -239.950668335, 21.0463027954, 533.635375977, 63.3444595337, 128.220199585, 49.5676841736, 18.4940223694, 41.2695388794, 5.07307577133, 30.5096607208, -25.4717903137, -6.92795848846], [-265.423950195, 47.4782180786, 207.719436646, 63.3444595337, 315.302093506, 111.018630981, 20.2898979187, 47.1408615112, 11.0968818665, 46.5535545349, 20.6166381836, 24.0755805969, 0.746811568737], [86.8650894165, -199.349273682, 79.3747406006, 128.220199585, 111.018630981, 249.694839478, 72.3510437012, 28.5149555206, 39.5586204529, 22.6944255829, 7.92312669754, -7.38147783279, -13.3313102722], [-209.23475647, 119.015098572, 13.2414360046, 49.5676841736, 20.2898979187, 72.3510437012, 185.383346558, 65.132019043, 30.9769535065, 15.9571247101, 9.19007205963, -2.97422575951, 6.23089694977], [78.1401519775, -118.121124268, 65.7470169067, 18.4940223694, 47.1408615112, 28.5149555206, 65.132019043, 169.40397644, 57.095741272, 37.3839225769, 16.5402374268, 11.5556516647, 12.2217674255], [-235.65838623, 79.3721237183, 2.71060490608, 41.2695388794, 11.0968818665, 39.5586204529, 30.9769535065, 57.095741272, 138.417922974, 48.9657821655, 17.3118991852, 4.47201108932, 10.0344619751], [-120.214675903, -44.2255439758, 78.0912017822, 5.07307577133, 46.5535545349, 22.6944255829, 15.9571247101, 37.3839225769, 48.9657821655, 117.129005432, 38.4416847229, 19.1532001495, 12.0231542587], [-191.113418579, 57.2655639648, 30.0667991638, 30.5096607208, 20.6166381836, 7.92312669754, 9.19007205963, 16.5402374268, 17.3118991852, 38.4416847229, 94.6505126953, 32.4111099243, 10.1583967209], [-22.3917961121, -26.0522518158, 31.9488220215, -25.4717903137, 24.0755805969, -7.38147783279, -2.97422575951, 11.5556516647, 4.47201108932, 19.1532001495, 32.4111099243, 83.0342636108, 31.3244762421], [-121.649436951, 41.0505714417, -10.7978000641, -6.92795848846, 0.746811568737, -13.3313102722, 6.23089694977, 12.2217674255, 10.0344619751, 12.0231542587, 10.1583967209, 31.3244762421, 66.3009109497]],
