{
"lowlevel": {
    "average_loudness": 0.481114089489,
    "barkbands_crest": {
        "dmean": 1.63940620422,
        "dmean2": 2.47996759415,
        "dvar": 2.72398805618,
        "dvar2": 7.52519702911,
        "max": 26.7763404846,
        "mean": 12.3166732788,
        "median": 11.7592878342,
        "min": 3.74158143997,
        "var": 14.334479332
    },
    "barkbands_flatness_db": {
        "dmean": 0.0203029662371,
        "dmean2": 0.0300840176642,
        "dvar": 0.000464009732241,
        "dvar2": 0.00103069643956,
        "max": 0.552826166153,
        "mean": 0.264776855707,
        "median": 0.255989670753,
        "min": 0.0442503727973,
        "var": 0.00540783908218
    },
    "barkbands_kurtosis": {
        "dmean": 4.83100366592,
        "dmean2": 7.16762924194,
        "dvar": 259.356018066,
        "dvar2": 553.887329102,
        "max": 1516.02600098,
        "mean": 17.5960254669,
        "median": 11.3797187805,
        "min": -1.19200825691,
        "var": 2399.84204102
    },
    "barkbands_skewness": {
        "dmean": 0.446682333946,
        "dmean2": 0.652814924717,
        "dvar": 0.323814034462,
        "dvar2": 0.682850658894,
        "max": 36.0037345886,
        "mean": 2.66882658005,
        "median": 2.46540427208,
        "min": -1.7689627409,
        "var": 3.00200915337
    },
    "barkbands_spread": {
        "dmean": 1.03165996075,
        "dmean2": 1.51922118664,
        "dvar": 2.57333850861,
        "dvar2": 5.33362007141,
        "max": 53.8560752869,
        "mean": 4.87011241913,
        "median": 3.97066521645,
        "min": 0.286406427622,
        "var": 13.0126657486
    },
    "dissonance": {
        "dmean": 0.0249611083418,
        "dmean2": 0.0406874455512,
        "dvar": 0.000492366147228,
        "dvar2": 0.00124207255431,
        "max": 0.499258577824,
        "mean": 0.415381163359,
        "median": 0.426465213299,
        "min": 0.141290336847,
        "var": 0.00251112179831
    },
    "dynamic_complexity": 4.35236215591,
    "erbbands_crest": {
        "dmean": 1.75612401962,
        "dmean2": 2.46472096443,
        "dvar": 2.70062041283,
        "dvar2": 6.19854784012,
        "max": 27.8516616821,
        "mean": 11.6965341568,
        "median": 10.7168807983,
        "min": 2.39459896088,
        "var": 20.7144699097
    },
    "erbbands_flatness_db": {
        "dmean": 0.0161610394716,
        "dmean2": 0.02324013412,
        "dvar": 0.000347811408574,
        "dvar2": 0.000754204927944,
        "max": 0.435820579529,
        "mean": 0.221604153514,
        "median": 0.216885268688,
        "min": 0.0402122735977,
        "var": 0.00270924298093
    },
    "erbbands_kurtosis": {
        "dmean": 1.40485215187,
        "dmean2": 1.95696234703,
        "dvar": 5.82256650925,
        "dvar2": 11.0566139221,
        "max": 140.006484985,
        "mean": 3.42390942574,
        "median": 1.72633647919,
        "min": -1.54014623165,
        "var": 54.4352073669
    },
    "erbbands_skewness": {
        "dmean": 0.286568284035,
        "dmean2": 0.396572500467,
        "dvar": 0.0703209638596,
        "dvar2": 0.145431056619,
        "max": 8.65507793427,
        "mean": 1.37823951244,
        "median": 1.25446915627,
        "min": -1.53513479233,
        "var": 0.775576770306
    },
    "erbbands_spread": {
        "dmean": 3.75378537178,
        "dmean2": 5.48910856247,
        "dvar": 18.3405036926,
        "dvar2": 39.3514251709,
        "max": 126.84236145,
        "mean": 23.0653533936,
        "median": 21.8181877136,
        "min": 1.42523360252,
        "var": 138.850036621
    },
    "hfc": {
        "dmean": 1.36889243126,
        "dmean2": 1.99329423904,
        "dvar": 4.46371936798,
        "dvar2": 10.8672189713,
        "max": 51.2619514465,
        "mean": 7.60899686813,
        "median": 6.30958414078,
        "min": 1.20528950276e-16,
        "var": 39.5151405334
    },
    "melbands_crest": {
        "dmean": 2.18360972404,
        "dmean2": 3.29577088356,
        "dvar": 4.97477245331,
        "dvar2": 13.5397825241,
        "max": 38.7416801453,
        "mean": 18.2086524963,
        "median": 17.3626918793,
        "min": 2.08844614029,
        "var": 33.5183677673
    },
    "melbands_flatness_db": {
        "dmean": 0.0226888302714,
        "dmean2": 0.0331867784262,
        "dvar": 0.000612155941781,
        "dvar2": 0.00131984741893,
        "max": 0.712150216103,
        "mean": 0.37112107873,
        "median": 0.361132264137,
        "min": 0.00701520498842,
        "var": 0.00797564722598
    },
    "melbands_kurtosis": {
        "dmean": 7.20561933517,
        "dmean2": 10.4209299088,
        "dvar": 187.055007935,
        "dvar2": 379.3543396,
        "max": 997.209594727,
        "mean": 25.3986034393,
        "median": 17.3097286224,
        "min": -1.0973521471,
        "var": 1302.3684082
    },
    "melbands_skewness": {
        "dmean": 0.518033087254,
        "dmean2": 0.740013062954,
        "dvar": 0.313499063253,
        "dvar2": 0.680122375488,
        "max": 25.5911388397,
        "mean": 3.26175355911,
        "median": 2.99379587173,
        "min": -0.547384381294,
        "var": 2.75336384773
    },
    "melbands_spread": {
        "dmean": 1.0099978447,
        "dmean2": 1.44812977314,
        "dvar": 3.09049654007,
        "dvar2": 5.21311664581,
        "max": 127.21522522,
        "mean": 4.91645240784,
        "median": 4.0813741684,
        "min": 0.30455121398,
        "var": 13.4559259415
    },
    "pitch_salience": {
        "dmean": 0.0501564517617,
        "dmean2": 0.0753479301929,
        "dvar": 0.00251438375562,
        "dvar2": 0.00666303467005,
        "max": 0.85114043951,
        "mean": 0.496584147215,
        "median": 0.507236838341,
        "min": 0.0346578322351,
        "var": 0.0153938289732
    },
    "silence_rate_20dB": {
        "dmean": 0,
        "dmean2": 0,
        "dvar": 0,
        "dvar2": 0,
        "max": 1,
        "mean": 1,
        "median": 1,
        "min": 1,
        "var": 0
    },
    "silence_rate_30dB": {
        "dmean": 0.0139458570629,
        "dmean2": 0.0278940033168,
        "dvar": 0.0137518141419,
        "dvar2": 0.0326908789575,
        "max": 1,
        "mean": 0.967681050301,
        "median": 1,
        "min": 0,
        "var": 0.0312720611691
    },
    "silence_rate_60dB": {
        "dmean": 0.00721903191879,
        "dmean2": 0.0144392484799,
        "dvar": 0.0071680797264,
        "dvar2": 0.0166901815683,
        "max": 1,
        "mean": 0.0954802706838,
        "median": 0,
        "min": 0,
        "var": 0.0863448232412
    },
    "spectral_centroid": {
        "dmean": 48.6654777527,
        "dmean2": 73.4670181274,
        "dvar": 12739.2167969,
        "dvar2": 18261.0585938,
        "max": 11164.0751953,
        "mean": 380.67276001,
        "median": 339.623443604,
        "min": 121.765945435,
        "var": 39542.2304688
    },
    "spectral_complexity": {
        "dmean": 1.26841676235,
        "dmean2": 2.05841326714,
        "dvar": 1.63299179077,
        "dvar2": 3.72129940987,
        "max": 27,
        "mean": 9.12624073029,
        "median": 9,
        "min": 0,
        "var": 16.1404514313
    },
    "spectral_decrease": {
        "dmean": 1.81568138302e-09,
        "dmean2": 2.73560818442e-09,
        "dvar": 9.01164556438e-18,
        "dvar2": 2.41626322526e-17,
        "max": 4.87833541015e-29,
        "mean": -8.37825542277e-09,
        "median": -6.25753626693e-09,
        "min": -6.64813697426e-08,
        "var": 6.38846410151e-17
    },
    "spectral_energy": {
        "dmean": 0.00696334196255,
        "dmean2": 0.0104867108166,
        "dvar": 0.000132206361741,
        "dvar2": 0.000354189774953,
        "max": 0.255517810583,
        "mean": 0.0323116667569,
        "median": 0.0241906121373,
        "min": 1.07482047415e-20,
        "var": 0.000941801758017
    },
    "spectral_energyband_high": {
        "dmean": 1.98678062588e-05,
        "dmean2": 3.19945975207e-05,
        "dvar": 4.49802106672e-09,
        "dvar2": 1.05859756516e-08,
        "max": 0.00233992980793,
        "mean": 4.11879445892e-05,
        "median": 1.61182560987e-05,
        "min": 7.69003077523e-21,
        "var": 8.8653875352e-09
    },
    "spectral_energyband_low": {
        "dmean": 0.00468784850091,
        "dmean2": 0.00707597658038,
        "dvar": 7.8982237028e-05,
        "dvar2": 0.000216036976781,
        "max": 0.194215476513,
        "mean": 0.017066327855,
        "median": 0.00936700217426,
        "min": 7.07640354399e-23,
        "var": 0.000463808042696
    },
    "spectral_energyband_middle_high": {
        "dmean": 0.000216605141759,
        "dmean2": 0.000285315181827,
        "dvar": 1.23624289472e-07,
        "dvar2": 2.03297631174e-07,
        "max": 0.0137721151114,
        "mean": 0.000824821123388,
        "median": 0.000566172180697,
        "min": 1.69271152762e-21,
        "var": 8.64596245265e-07
    },
    "spectral_energyband_middle_low": {
        "dmean": 0.00479333940893,
        "dmean2": 0.00712685054168,
        "dvar": 6.76380295772e-05,
        "dvar2": 0.000179837588803,
        "max": 0.204124853015,
        "mean": 0.0208157356828,
        "median": 0.0146774109453,
        "min": 2.59503961061e-22,
        "var": 0.000460280571133
    },
    "spectral_entropy": {
        "dmean": 0.177864298224,
        "dmean2": 0.267608374357,
        "dvar": 0.0397429093719,
        "dvar2": 0.0921555459499,
        "max": 9.80053329468,
        "mean": 6.19355678558,
        "median": 6.28836488724,
        "min": 3.76194906235,
        "var": 0.393791437149
    },
    "spectral_flux": {
        "dmean": 0.0141779137775,
        "dmean2": 0.0232474189252,
        "dvar": 0.000349278358044,
        "dvar2": 0.000918909907341,
        "max": 0.305642575026,
        "mean": 0.0450102612376,
        "median": 0.0372136868536,
        "min": 1.03673548912e-10,
        "var": 0.00117286259774
    },
    "spectral_kurtosis": {
        "dmean": 7.13849544525,
        "dmean2": 11.8756666183,
        "dvar": 81.8247833252,
        "dvar2": 199.894989014,
        "max": 198.863723755,
        "mean": 20.9374961853,
        "median": 13.629360199,
        "min": -1.16636574268,
        "var": 446.608673096
    },
    "spectral_rms": {
        "dmean": 0.0005341200158,
        "dmean2": 0.000787378347013,
        "dvar": 4.77439925817e-07,
        "dvar2": 1.25652968563e-06,
        "max": 0.015788782388,
        "mean": 0.0050132968463,
        "median": 0.00485804490745,
        "min": 3.23821763674e-12,
        "var": 6.3905567913e-06
    },
    "spectral_rolloff": {
        "dmean": 51.8817977905,
        "dmean2": 86.259765625,
        "dvar": 48632.8476562,
        "dvar2": 77435.3671875,
        "max": 18949.21875,
        "mean": 347.955535889,
        "median": 301.46484375,
        "min": 21.533203125,
        "var": 66889.578125
    },
    "spectral_skewness": {
        "dmean": 0.507603108883,
        "dmean2": 0.834697246552,
        "dvar": 0.287782013416,
        "dvar2": 0.702455997467,
        "max": 12.4923400879,
        "mean": 3.28879547119,
        "median": 2.8331348896,
        "min": 0.00333319162019,
        "var": 2.25224161148
    },
    "spectral_spread": {
        "dmean": 429432.40625,
        "dmean2": 665291.875,
        "dvar": 388884135936,
        "dvar2": 789396979712,
        "max": 39622716,
        "mean": 2738626,
        "median": 2565028,
        "min": 588832.75,
        "var": 1.35853008486e+12
    },
    "spectral_strongpeak": {
        "dmean": 0.199199765921,
        "dmean2": 0.322430342436,
        "dvar": 0.0785568729043,
        "dvar2": 0.194110259414,
        "max": 4.41581773758,
        "mean": 0.722192108631,
        "median": 0.603871941566,
        "min": 0,
        "var": 0.274729818106
    },
    "zerocrossingrate": {
        "dmean": 0.00282630324364,
        "dmean2": 0.00360216083936,
        "dvar": 2.55257909885e-05,
        "dvar2": 2.54862479778e-05,
        "max": 0.5009765625,
        "mean": 0.0171295758337,
        "median": 0.01513671875,
        "min": 0,
        "var": 0.000111227891466
    },
    "barkbands": {
        "dmean": [1.72975451278e-05, 0.00104273587931, 0.00266945641488, 0.00277604791336, 0.0023361844942, 0.000991056207567, 0.000405025668442, 0.000194151420146, 0.000102937934571, 0.000109254426206, 5.24875904375e-05, 6.95487615303e-05, 3.434028622e-05, 4.3333035137e-05, 3.59893419954e-05, 2.00163267436e-05, 1.47770033436e-05, 2.00786635105e-05, 1.32845925691e-05, 7.5638895396e-06, 5.28165992364e-06, 4.38531196778e-06, 2.00672161554e-06, 2.42081364377e-06, 3.84607983506e-06, 2.63680794887e-06, 1.94588906766e-07],
        "dmean2": [2.94006458716e-05, 0.00164194300305, 0.00406696693972, 0.00413609854877, 0.00364134809934, 0.00123708345927, 0.000446011399617, 0.000228138902457, 0.00012834687368, 0.000140896780067, 6.89518565196e-05, 9.1053196229e-05, 4.5297514589e-05, 6.03096596024e-05, 5.27014271938e-05, 3.0311237424e-05, 2.31356170843e-05, 3.23224521708e-05, 2.2342603188e-05, 1.32074728754e-05, 9.10187372938e-06, 7.35505500415e-06, 3.09042957269e-06, 3.68979999621e-06, 6.09288599662e-06, 4.28682051279e-06, 3.4623025158e-07],
        "dvar": [5.46039435889e-10, 9.45623287407e-06, 3.50506525137e-05, 2.86585345748e-05, 3.32997587975e-05, 2.99773660117e-06, 3.97063985247e-07, 9.43115949781e-08, 2.97093816215e-08, 3.65553631809e-08, 1.79298105252e-08, 1.73418062133e-08, 4.64295490943e-09, 7.60335527872e-09, 9.17406683953e-09, 1.82084780587e-09, 7.59350637924e-10, 1.67158054065e-09, 1.0071558032e-09, 2.79008705029e-10, 1.54247364881e-10, 1.26231830544e-10, 4.40958033976e-11, 1.35630132125e-10, 8.60775783984e-10, 2.58847970835e-10, 1.42220306712e-12],
        "dvar2": [1.49749279643e-09, 3.09901006403e-05, 9.19856902328e-05, 7.94360748841e-05, 9.184575174e-05, 5.41909912499e-06, 6.01947192536e-07, 1.32687389964e-07, 4.7987949614e-08, 6.0521735179e-08, 2.96007112155e-08, 2.94618658359e-08, 7.48251416383e-09, 1.34981315014e-08, 1.84173671869e-08, 3.77122644224e-09, 1.80160719676e-09, 3.71406838617e-09, 2.42025643971e-09, 7.95970511724e-10, 4.00392496935e-10, 3.17544796014e-10, 9.92450843729e-11, 3.44022310639e-10, 2.12400741439e-09, 5.6251059366e-10, 3.91054723325e-12],
        "max": [0.000539107481018, 0.0854234993458, 0.165963828564, 0.1363697052, 0.181719481945, 0.0537033714354, 0.0163232311606, 0.00970112066716, 0.00690231425688, 0.00467952201143, 0.00460195587948, 0.00452709011734, 0.00195138878189, 0.00317448191345, 0.00470094475895, 0.00138307188172, 0.000655689102132, 0.00218365364708, 0.00184661336243, 0.000390089728171, 0.000418608105974, 0.000476424349472, 0.0002409821318, 0.000573899189476, 0.00130616233218, 0.000669204629958, 3.584539445e-05],
        "mean": [3.08254311676e-05, 0.00321186403744, 0.00740980310366, 0.00898859184235, 0.00618468597531, 0.00341349141672, 0.00133363925852, 0.000534897262696, 0.000312239106279, 0.000246393290581, 0.00011503220594, 0.000147460421431, 6.6352331487e-05, 8.23075097287e-05, 6.28785055596e-05, 3.8162284909e-05, 2.75631846307e-05, 3.58101460733e-05, 2.26775937335e-05, 1.39107823998e-05, 1.02234071164e-05, 8.47316732688e-06, 3.57045632882e-06, 3.2208565699e-06, 4.58770864498e-06, 2.97470683108e-06, 1.48841991177e-07],
        "median": [2.26654228754e-05, 0.00130985258147, 0.002828263212, 0.00386874936521, 0.00251487619244, 0.00159721681848, 0.000666961132083, 0.000265360722551, 0.000160893905559, 0.000119027601613, 2.65935832431e-05, 6.89353400958e-05, 2.75265228993e-05, 3.21543120663e-05, 1.87966725207e-05, 1.49242086991e-05, 1.33222893055e-05, 1.59703376994e-05, 9.16433964449e-06, 5.89739011048e-06, 4.43970975539e-06, 2.74462672678e-06, 7.95535356701e-07, 3.42546485399e-07, 3.80380640763e-07, 2.87372273533e-07, 7.74696573558e-09],
        "min": [1.14670527095e-24, 1.33058683497e-23, 3.97207463878e-23, 4.67010325947e-23, 4.56258719789e-23, 6.28560330312e-23, 3.05627370768e-23, 1.428098247e-23, 5.57381347725e-23, 3.34961952389e-23, 1.39578991221e-22, 1.03422599237e-22, 2.53145006946e-23, 1.75712228559e-22, 1.74547529075e-22, 2.17032270525e-22, 1.7566884752e-22, 1.65294039195e-22, 3.44606755143e-22, 3.30953024378e-22, 5.01043451473e-22, 3.33500325661e-22, 6.39724895688e-22, 7.52205606047e-22, 1.10856096131e-21, 1.83922054199e-21, 2.46247689974e-21],
        "var": [8.47001802029e-10, 3.03738761431e-05, 0.000147126542288, 0.000182809555554, 0.000140925330925, 2.48050837399e-05, 3.3342671486e-06, 5.86287058013e-07, 1.96888592541e-07, 1.38756888646e-07, 7.04560036979e-08, 5.75517020707e-08, 1.41946694399e-08, 2.52057521521e-08, 3.36541390311e-08, 6.85332546269e-09, 2.2217918616e-09, 5.72335157045e-09, 2.70787725576e-09, 6.91375345863e-10, 3.75750597303e-10, 3.27977256465e-10, 9.9907922213e-11, 1.51517395852e-10, 9.17528775179e-10, 3.88407778162e-10, 1.07188260004e-12]
    },
    "erbbands": {
        "dmean": [0.011166007258, 0.312828600407, 2.29552817345, 7.21843147278, 7.83737516403, 7.84015464783, 9.64335632324, 5.47025489807, 5.80078887939, 3.50225305557, 4.87332582474, 2.50283622742, 2.09437847137, 4.13905572891, 2.3437371254, 2.98811340332, 1.94448173046, 2.20916342735, 2.07265043259, 1.04405128956, 0.949585676193, 0.859125137329, 0.965344429016, 0.802739799023, 0.496161818504, 0.36796477437, 0.254315495491, 0.199984773993, 0.156198903918, 0.0865455791354, 0.0567901432514, 0.0408138073981, 0.049268566072, 0.0492475554347, 0.0228438097984, 0.0131545504555, 0.00447700498626, 0.000773266598117, 2.66680563072e-05, 7.85091924627e-06],
        "dmean2": [0.0178825352341, 0.490885049105, 3.53386354446, 10.6614809036, 12.2550439835, 12.2632827759, 12.3195915222, 7.0665602684, 6.49997186661, 4.24895763397, 5.63283348083, 3.01079154015, 2.63508367538, 5.30612373352, 3.00466871262, 3.93040418625, 2.52314448357, 3.07910561562, 3.00805902481, 1.52486693859, 1.45252346992, 1.3542252779, 1.54660928249, 1.33206164837, 0.845642566681, 0.643374741077, 0.441470831633, 0.34487208724, 0.260335832834, 0.140391618013, 0.0860438346863, 0.0611386932433, 0.076422162354, 0.0761746242642, 0.0373596064746, 0.0213408879936, 0.00736257992685, 0.00130258186255, 4.59252696601e-05, 1.1896574506e-05],
        "dvar": [0.000682292389683, 0.784219503403, 25.9572238922, 187.382522583, 365.057067871, 395.871368408, 271.725341797, 121.444984436, 80.6114654541, 36.4753341675, 65.2648696899, 17.8147983551, 18.7503738403, 56.0060997009, 29.718744278, 36.4138755798, 14.0535850525, 19.6965141296, 28.4757518768, 5.65818929672, 3.68383574486, 2.68380451202, 3.17200088501, 4.22986602783, 1.42731511593, 0.757710456848, 0.398156255484, 0.21247561276, 0.150676831603, 0.0830022096634, 0.0431699566543, 0.0237406212837, 0.0831342712045, 0.182528823614, 0.0278400145471, 0.0085168723017, 0.000691730587278, 1.79045891855e-05, 2.14564224166e-08, 1.65227762028e-10],
        "dvar2": [0.0021046269685, 2.52313089371, 67.5458526611, 505.7578125, 949.306762695, 1064.86462402, 539.169555664, 231.313186646, 121.116958618, 68.1005935669, 88.563835144, 26.8072414398, 30.9762439728, 92.2532577515, 46.0419845581, 59.2647171021, 22.2875232697, 35.6804084778, 56.844997406, 11.5112047195, 8.13220977783, 6.51568651199, 7.468064785, 9.52037906647, 3.86173820496, 2.23474812508, 1.06693267822, 0.591461002827, 0.369224816561, 0.213918298483, 0.0951794236898, 0.0570156052709, 0.214702367783, 0.452690929174, 0.0663524195552, 0.0177039913833, 0.00161095289513, 4.54922774225e-05, 5.70554945512e-08, 4.41742337154e-10],
        "max": [0.768372952938, 24.6261634827, 146.812347412, 377.675384521, 580.889770508, 848.535522461, 615.600769043, 423.696075439, 231.930923462, 184.960861206, 269.922729492, 141.569961548, 196.973434448, 192.221832275, 247.212387085, 232.64932251, 107.94682312, 170.507827759, 269.108947754, 83.6038589478, 57.8969650269, 44.5161094666, 73.812210083, 128.497161865, 59.0478897095, 25.5236148834, 23.063621521, 10.6879434586, 17.3117847443, 7.77305459976, 8.46771144867, 4.8492026329, 13.8021669388, 21.0745277405, 7.29945325851, 5.01282453537, 1.07339799404, 0.126487135887, 0.00522443279624, 0.000279189262073],
        "mean": [0.0402937307954, 0.997718453407, 7.01275777817, 24.6399421692, 22.291759491, 19.1979598999, 29.1796131134, 21.142747879, 19.757522583, 12.0175914764, 13.3584022522, 8.04777050018, 5.94195842743, 9.07163238525, 5.65682792664, 6.40375089645, 4.16404056549, 4.23511123657, 3.95479416847, 2.18551516533, 1.77762508392, 1.70121836662, 1.79647862911, 1.47459304333, 0.887125015259, 0.676391899586, 0.477458208799, 0.39830082655, 0.309464722872, 0.160639107227, 0.0985924303532, 0.0611101537943, 0.0611803978682, 0.0598221346736, 0.0258696265519, 0.0150198936462, 0.00488649588078, 0.000750142149627, 3.71450769308e-05, 3.61286984116e-05],
        "median": [0.0201307237148, 0.417333453894, 2.59924149513, 11.2634067535, 9.59181404114, 8.00063228607, 13.9873170853, 7.94738960266, 10.4198875427, 5.97002410889, 6.65686225891, 4.64514446259, 2.54238843918, 4.31769561768, 2.1132941246, 3.10518932343, 2.07138252258, 1.87527787685, 1.31752860546, 0.873486101627, 0.76255017519, 0.893575966358, 0.895212054253, 0.599686980247, 0.356124579906, 0.289612352848, 0.206134930253, 0.176974415779, 0.10804913193, 0.0479223206639, 0.0186675023288, 0.00799314957112, 0.00549766002223, 0.00464765448123, 0.00223294016905, 0.00126345152967, 0.000517059466802, 7.81483977335e-05, 1.57359281729e-05, 2.71794615401e-05],
        "min": [2.60618665696e-22, 3.99807005423e-21, 4.00576364172e-20, 9.5797589735e-20, 1.54468457221e-19, 1.93630043777e-19, 2.03931182439e-19, 6.59209439959e-19, 2.0822929045e-19, 6.97679904189e-19, 3.35667204237e-19, 1.4146140915e-18, 1.04147384775e-18, 1.94923436307e-18, 5.80662592039e-18, 4.45016138518e-18, 2.00394057327e-18, 9.7361441116e-18, 8.97296659894e-18, 8.56065676825e-18, 1.0555675785e-17, 1.09814363997e-17, 9.49625098061e-18, 1.77962962251e-17, 1.31840843676e-17, 1.66914029567e-17, 1.70611278751e-17, 1.8752113349e-17, 1.12482385432e-17, 1.55235893679e-17, 1.89049912155e-17, 1.72229426009e-17, 1.15819314741e-17, 1.14988469718e-17, 9.29321288181e-18, 6.88975399885e-18, 3.1532703977e-18, 1.47494078716e-18, 3.29379054769e-19, 3.52851306314e-20],
        "var": [0.00365835917182, 2.741751194, 138.167739868, 1325.06115723, 1700.85424805, 1482.83630371, 1819.42431641, 1343.51928711, 676.041931152, 263.105621338, 387.057739258, 119.115509033, 110.628417969, 197.80078125, 123.236587524, 115.708389282, 44.9854240417, 57.0927467346, 110.316864014, 21.3525085449, 11.629527092, 6.91812992096, 9.69827270508, 14.1733465195, 3.50781130791, 1.68305194378, 0.939156472683, 0.469483166933, 0.412114500999, 0.149116918445, 0.097857311368, 0.0354726687074, 0.0816387161613, 0.181352347136, 0.033003821969, 0.0144986510277, 0.000828047457617, 1.75489385583e-05, 1.85739619241e-08, 1.14861209433e-09]
    },
    "gfcc": {
        "mean": [-106.075386047, 164.122970581, -82.1888809204, 21.2946681976, -43.7146835327, -6.27263021469, -30.8178195953, -6.1291308403, -26.2476177216, -3.98901820183, -17.782081604, -5.94708108902, -13.696480751],
        "cov": [[12382.09375, -636.020812988, -2406.25927734, 306.075561523, -605.753967285, 186.250595093, -316.706939697, 15.3877267838, -333.619018555, 95.1816329956, 116.877037048, 216.389678955, 69.8679122925], [-636.020812988, 934.870544434, 119.141441345, -247.082305908, 263.579162598, -201.514419556, 195.070022583, -140.079055786, 99.9642333984, -78.3467025757, 42.665599823, -45.5985069275, 14.5874013901], [-2406.25927734, 119.141441345, 998.670471191, -78.442024231, 103.33026886, 35.1026916504, 9.55096626282, 34.47290802, 38.4357528687, -24.0027561188, -46.636013031, -78.2722015381, -22.9688835144], [306.075561523, -247.082305908, -78.442024231, 295.858886719, -46.1563110352, 52.5733680725, 5.01235342026, 24.8049125671, 3.73186945915, 3.98852348328, 15.728392601, -12.9472866058, -0.878290116787], [-605.753967285, 263.579162598, 103.33026886, -46.1563110352, 270.123260498, -25.9692993164, 83.4038162231, -29.6627178192, 36.5911903381, -19.7407855988, -11.1548538208, -30.5900306702, -5.88698720932], [186.250595093, -201.514419556, 35.1026916504, 52.5733680725, -25.9692993164, 187.265518188, -18.5138683319, 54.6087913513, -15.3026781082, 21.0148525238, 9.08243751526, -0.166207537055, 0.298297733068], [-316.706939697, 195.070022583, 9.55096626282, 5.01235342026, 83.4038162231, -18.5138683319, 169.046218872, -1.50246119499, 39.7014427185, -8.4910068512, 7.32155513763, -8.23671150208, -6.73910045624], [15.3877267838, -140.079055786, 34.47290802, 24.8049125671, -29.6627178192, 54.6087913513, -1.50246119499, 134.891738892, 18.9961223602, 29.1535549164, 0.99364978075, 13.8318538666, 3.43684244156], [-333.619018555, 99.9642333984, 38.4357528687, 3.73186945915, 36.5911903381, -15.3026781082, 39.7014427185, 18.9961223602, 108.902778625, 28.8657817841, 9.25932407379, -5.03319978714, -2.40967178345], [95.1816329956, -78.3467025757, -24.0027561188, 3.98852348328, -19.7407855988, 21.0148525238, -8.4910068512, 29.1535549164, 28.8657817841, 116.938606262, 34.6145324707, 25.714881897, -0.126483738422], [116.877037048, 42.665599823, -46.636013031, 15.728392601, -11.1548538208, 9.08243751526, 7.32155513763, 0.99364978075, 9.25932407379, 34.6145324707, 98.8619766235, 35.9495162964, 10.142993927], [216.389678955, -45.5985069275, -78.2722015381, -12.9472866058, -30.5900306702, -0.166207537055, -8.23671150208, 13.8318538666, -5.03319978714, 25.714881897, 35.9495162964, 106.154273987, 35.740901947], [69.8679122925, 14.5874013901, -22.9688835144, -0.878290116787, -5.88698720932, 0.298297733068, -6.73910045624, 3.43684244156, -2.40967178345, -0.126483738422, 10.142993927, 35.740901947, 78.3156204224]],
        "icov": [[0.000245762406848, -0.000699589669239, 0.000581222586334, -0.000536375679076, 0.000432572793216, -0.000597079866566, 0.000705317710526, -0.000449131097412, 0.000873462879099, -0.000510298588779, 0.000618961872533, -0.000344947970007, 0.0002940093691], [-0.000699589669239, 0.00831804331392, -0.00181454198901, 0.00604539411142, -0.00359490024857, 0.00505331112072, -0.00642438186333, 0.00463320547715, -0.00652869418263, 0.00527307530865, -0.00750063778833, 0.00446520047262, -0.00369394058362], [0.000581222586334, -0.00181454198901, 0.00255457102321, -0.00101739331149, 0.000723353528883, -0.00179928576108, 0.00197435123846, -0.00153943151236, 0.00177953287493, -0.0010868976824, 0.00177038926631, -0.000148900930071, 0.000747607904486], [-0.000536375679076, 0.00604539411142, -0.00101739331149, 0.00829531438649, -0.00194188416936, 0.00266338069923, -0.00509218964726, 0.00300164963119, -0.00520823663101, 0.00420936429873, -0.00618637586012, 0.00443321093917, -0.00295432074927], [0.000432572793216, -0.00359490024857, 0.000723353528883, -0.00194188416936, 0.00665354635566, -0.00239357515238, 0.00070789369056, -0.0009788160678, 0.00199164496735, -0.00196403264999, 0.00336117949337, -0.000993120134808, 0.00116321246605], [-0.000597079866566, 0.00505331112072, -0.00179928576108, 0.00266338069923, -0.00239357515238, 0.00997407175601, -0.00365569326095, 0.000299225619528, -0.00251092552207, 0.00231108884327, -0.00518306903541, 0.00325297284871, -0.00233883759938], [0.000705317710526, -0.00642438186333, 0.00197435123846, -0.00509218964726, 0.00070789369056, -0.00365569326095, 0.0127703333274, -0.00409021647647, 0.00313161988743, -0.00300016440451, 0.00490045500919, -0.0036176382564, 0.00354267889634], [-0.000449131097412, 0.00463320547715, -0.00153943151236, 0.00300164963119, -0.0009788160678, 0.000299225619528, -0.00409021647647, 0.0121791688725, -0.00561195146292, 0.00148711772636, -0.00276067736559, 0.000964511767961, -0.00209420453757], [0.000873462879099, -0.00652869418263, 0.00177953287493, -0.00520823663101, 0.00199164496735, -0.00251092552207, 0.00313161988743, -0.00561195146292, 0.0177161730826, -0.00755926873535, 0.00531193707138, -0.00232733576559, 0.00248240213841], [-0.000510298588779, 0.00527307530865, -0.0010868976824, 0.00420936429873, -0.00196403264999, 0.00231108884327, -0.00300016440451, 0.00148711772636, -0.00755926873535, 0.014743309468, -0.00782710127532, 0.00107351574115, -0.00096333946567], [0.000618961872533, -0.00750063778833, 0.00177038926631, -0.00618637586012, 0.00336117949337, -0.00518306903541, 0.00490045500919, -0.00276067736559, 0.00531193707138, -0.00782710127532, 0.0197286549956, -0.00787683110684, 0.00330040277913], [-0.000344947970007, 0.00446520047262, -0.000148900930071, 0.00443321093917, -0.000993120134808, 0.00325297284871, -0.0036176382564, 0.000964511767961, -0.00232733576559, 0.00107351574115, -0.00787683110684, 0.0166418980807, -0.00760316755623], [0.0002940093691, -0.00369394058362, 0.000747607904486, -0.00295432074927, 0.00116321246605, -0.00233883759938, 0.00354267889634, -0.00209420453757, 0.00248240213841, -0.00096333946567, 0.00330040277913, -0.00760316755623, 0.0169910620898]]
    },
    "melbands": {
        "dmean": [0.000189191210666, 0.000934319745284, 0.00116717035417, 0.00060378719354, 0.000293509860057, 0.00013605238928, 9.04179250938e-05, 3.32211093337e-05, 3.91121793655e-05, 1.45281619552e-05, 1.03045640572e-05, 1.74354045157e-05, 8.31407396618e-06, 7.64919786889e-06, 6.06254889135e-06, 3.73044895241e-06, 4.1911957851e-06, 3.12177962769e-06, 2.19729076889e-06, 1.30488695049e-06, 1.20756396882e-06, 9.49719037635e-07, 1.4680088043e-06, 9.18678210837e-07, 7.10620440714e-07, 4.23139624672e-07, 3.10382375801e-07, 2.70263313951e-07, 1.83650683994e-07, 1.45737217849e-07, 1.26789615251e-07, 1.04768766107e-07, 7.57935794127e-08, 4.29580566674e-08, 3.4603772292e-08, 2.5924085989e-08, 2.67993680581e-08, 3.12856407447e-08, 4.34234976865e-08, 4.29679865022e-08],
        "dmean2": [0.000299050676404, 0.00144904700574, 0.00173845433164, 0.000945167150348, 0.000391752051655, 0.000174144690391, 0.000100512574136, 4.09699350712e-05, 4.52561689599e-05, 1.76967078005e-05, 1.30173029902e-05, 2.24384257308e-05, 1.0700268831e-05, 1.01297991932e-05, 7.70228871261e-06, 4.99241832586e-06, 5.85995712754e-06, 4.50827747045e-06, 3.18210209116e-06, 1.94498625206e-06, 1.87449643363e-06, 1.49937636706e-06, 2.36996311287e-06, 1.50785638198e-06, 1.19166418244e-06, 7.15803366802e-07, 5.38772553682e-07, 4.77397691157e-07, 3.22618205928e-07, 2.54982893466e-07, 2.21826368829e-07, 1.77774268195e-07, 1.2451660325e-07, 7.01321454244e-08, 5.33551514081e-08, 3.89239183107e-08, 4.11245082432e-08, 4.95285483737e-08, 6.67386288455e-08, 6.73247981808e-08],
        "dvar": [2.83922474864e-07, 4.27355644206e-06, 4.65444463771e-06, 2.37421727434e-06, 2.51397892725e-07, 6.65527295496e-08, 1.971141117e-08, 3.32127259028e-09, 4.16300416362e-09, 6.13437189934e-10, 4.63986959964e-10, 1.02301256355e-09, 4.52024945252e-10, 2.27560872923e-10, 1.23514365402e-10, 4.54715952392e-11, 6.93717722156e-11, 5.93253016157e-11, 2.93431078047e-11, 1.15294353925e-11, 6.12038241268e-12, 3.99537434387e-12, 6.35891252848e-12, 4.95702697639e-12, 3.2551455021e-12, 1.07281371287e-12, 4.63667732681e-13, 4.43415052939e-13, 2.12121905327e-13, 1.20940272228e-13, 8.39387627872e-14, 6.15376754545e-14, 5.69458827424e-14, 2.09824985755e-14, 1.64047140943e-14, 1.02832264663e-14, 1.12079441932e-14, 3.57219137083e-14, 9.03174833099e-14, 1.62661659316e-13],
        "dvar2": [9.28227336772e-07, 1.15719321911e-05, 1.26220429593e-05, 6.6527677518e-06, 5.45392424556e-07, 1.25747433799e-07, 2.95614501766e-08, 6.31356256164e-09, 5.77641356969e-09, 9.48999434591e-10, 7.64295848832e-10, 1.68518710097e-09, 7.31340654703e-10, 4.03256150694e-10, 1.8278030478e-10, 7.58135013101e-11, 1.27480553891e-10, 1.16660944793e-10, 5.82257159154e-11, 2.2891053636e-11, 1.41113136801e-11, 9.92951814521e-12, 1.58211863749e-11, 1.0539800803e-11, 7.64711644702e-12, 2.66325503318e-12, 1.30640366146e-12, 1.34098808446e-12, 5.94906665163e-13, 3.30938564313e-13, 2.40371091087e-13, 1.59923466071e-13, 1.38603592579e-13, 5.41349768019e-14, 3.65243452887e-14, 2.26697068913e-14, 2.74588396454e-14, 9.50547895061e-14, 2.2117484439e-13, 4.04989139013e-13],
        "max": [0.0153935942799, 0.0542561486363, 0.0527492053807, 0.0520618483424, 0.0167486723512, 0.00916189793497, 0.00367443496361, 0.0017411224544, 0.00214419444092, 0.000772019091528, 0.000963854370639, 0.000824732356705, 0.000747268495616, 0.000485166121507, 0.000345115578966, 0.000181853349204, 0.000298379629385, 0.00037466181675, 0.000267741561402, 0.000131176871946, 7.41760304663e-05, 5.54384168936e-05, 5.69951043872e-05, 0.000142217177199, 0.000103006532299, 5.94549637754e-05, 1.67715224961e-05, 1.94228177861e-05, 1.42151438922e-05, 1.17019553727e-05, 6.05034847467e-06, 8.77800812304e-06, 1.07523119368e-05, 3.91580579162e-06, 5.05974048792e-06, 5.10093195771e-06, 3.21892798638e-06, 1.08548783828e-05, 1.61026655405e-05, 1.9821949536e-05],
        "mean": [0.000635223696008, 0.00286298291758, 0.00397757207975, 0.00155561126303, 0.000901432242244, 0.000500956666656, 0.000301404681522, 0.000115211725642, 0.000106489300379, 4.46403391834e-05, 2.75221427728e-05, 3.66981803381e-05, 1.89472120837e-05, 1.64418979693e-05, 1.29852514874e-05, 7.20091838957e-06, 7.68904737924e-06, 5.85960060562e-06, 4.08290134146e-06, 2.48464539254e-06, 1.98306656785e-06, 1.57719193794e-06, 2.11687824958e-06, 1.48760727825e-06, 1.17599495297e-06, 7.14637792498e-07, 5.1624056141e-07, 4.42786983967e-07, 3.0313972843e-07, 2.52403253853e-07, 2.25818169497e-07, 1.8919071465e-07, 1.31857419206e-07, 7.24432567267e-08, 5.831380534e-08, 4.03707076657e-08, 3.78531943568e-08, 3.78266022949e-08, 5.37895950004e-08, 5.04411978852e-08],
        "median": [0.000280948384898, 0.00118711520918, 0.00201254338026, 0.000582606298849, 0.000472550891573, 0.000206533935852, 0.000154246707098, 5.90960262343e-05, 5.32793674211e-05, 2.3289829187e-05, 1.02648682514e-05, 1.61613806995e-05, 5.28470081917e-06, 7.50735807742e-06, 5.93250115344e-06, 3.46639217241e-06, 3.11031999445e-06, 1.85363421679e-06, 1.41690918554e-06, 8.39609867853e-07, 7.61798730764e-07, 7.10837582574e-07, 9.09875097932e-07, 5.61898275464e-07, 4.32071260548e-07, 2.70555233328e-07, 1.94221613015e-07, 1.72761943418e-07, 1.14991706823e-07, 1.00204253783e-07, 9.07327546429e-08, 6.10033836779e-08, 3.62071794768e-08, 1.91816305062e-08, 1.07749080769e-08, 4.89055906883e-09, 4.49880666054e-09, 3.5653962005e-09, 3.58969876046e-09, 3.80579878723e-09],
        "min": [2.64499855039e-24, 1.52824161457e-23, 1.94310435348e-23, 1.3481787487e-23, 7.6184620575e-24, 1.35656213131e-23, 3.93231384035e-24, 6.66461168281e-24, 2.40004165931e-24, 9.53923028776e-24, 5.34317027009e-24, 6.86990721137e-24, 2.14708169547e-23, 1.15930785639e-23, 7.87791052061e-24, 5.55455974914e-24, 1.8913777973e-23, 1.28290319092e-23, 1.08874227626e-23, 1.5411013095e-23, 1.07402512944e-23, 1.08521314923e-23, 1.0787836962e-23, 6.87621336544e-24, 1.59294651037e-23, 1.12679503307e-23, 8.84900223925e-24, 1.15996860628e-23, 9.0547174418e-24, 1.18828287521e-23, 1.12463000431e-23, 5.39188203656e-24, 8.08030461876e-24, 8.90944002864e-24, 1.00430954695e-23, 1.28056035291e-23, 9.10777307085e-24, 7.438908638e-24, 8.66176215909e-24, 1.03941780153e-23],
        "var": [1.05472804535e-06, 2.10239995795e-05, 2.92510976578e-05, 9.63453567238e-06, 1.50714924985e-06, 6.72606972785e-07, 1.66151551184e-07, 2.38389894491e-08, 2.44035529562e-08, 4.01427913133e-09, 2.69815747522e-09, 3.54876750208e-09, 1.77613801444e-09, 7.64589447311e-10, 4.52212711721e-10, 1.35699451675e-10, 1.97203614549e-10, 2.3864202281e-10, 1.10068350268e-10, 4.60757820786e-11, 1.55023580778e-11, 7.87423251603e-12, 1.27294858682e-11, 1.71612238309e-11, 9.72747143252e-12, 2.99281107709e-12, 1.12102297931e-12, 8.21233272358e-13, 4.59042959894e-13, 2.61232333508e-13, 1.6224590844e-13, 1.51150373142e-13, 1.29410561043e-13, 3.35969824823e-14, 3.6747504589e-14, 2.03552842306e-14, 1.5079752971e-14, 3.20073794671e-14, 9.51674042305e-14, 1.58957509698e-13]
    },
    "mfcc": {
        "mean": [-757.286743164, 192.466827393, 19.3164672852, 36.0805397034, 5.05682277679, 5.78741788864, 0.647378444672, -3.54224395752, -3.33326363564, -7.92760133743, 1.92051494122, -3.50855708122, -5.0800819397],
        "cov": [[8732.38476562, 382.774230957, -1436.99157715, -157.903533936, -470.984741211, -75.0430908203, -83.867767334, -105.153411865, -133.782775879, -258.704589844, -17.9691429138, -137.305023193, 39.6921730042], [382.774230957, 1341.20568848, -232.169937134, -4.63974332809, -65.996055603, 0.77926492691, -6.04108142853, -26.9684886932, -13.5771408081, -70.0347290039, -8.51774597168, 6.35095500946, 9.35782146454], [-1436.99157715, -232.169937134, 698.129699707, 2.68421006203, 132.066802979, -10.4446763992, 17.0173187256, 10.2217693329, 10.9373254776, 65.4204330444, -0.403365403414, 18.1423244476, -20.9524154663], [-157.903533936, -4.63974332809, 2.68421006203, 219.377151489, -4.37712049484, 19.0402679443, 1.59104073048, 10.7931718826, 16.3225517273, 9.05538654327, 18.3791885376, 9.43451690674, -5.78228902817], [-470.984741211, -65.996055603, 132.066802979, -4.37712049484, 186.264328003, 26.3674087524, 23.8837718964, 9.50780677795, 16.7743854523, 36.2088050842, -9.20603942871, 0.837894797325, -3.29007863998], [-75.0430908203, 0.77926492691, -10.4446763992, 19.0402679443, 26.3674087524, 125.600196838, 32.9709434509, 9.28392410278, 2.16359758377, 16.0938777924, 14.0970478058, -7.69782733917, 0.55976319313], [-83.867767334, -6.04108142853, 17.0173187256, 1.59104073048, 23.8837718964, 32.9709434509, 116.683662415, 34.8441810608, 4.41895246506, 16.6935501099, 4.67613077164, 4.62519454956, 1.09310281277], [-105.153411865, -26.9684886932, 10.2217693329, 10.7931718826, 9.50780677795, 9.28392410278, 34.8441810608, 106.211547852, 30.7994880676, 1.38038671017, 2.73787498474, 10.6073007584, -2.95410728455], [-133.782775879, -13.5771408081, 10.9373254776, 16.3225517273, 16.7743854523, 2.16359758377, 4.41895246506, 30.7994880676, 105.877502441, 31.7205371857, -4.23296022415, 11.3227872849, 3.33946871758], [-258.704589844, -70.0347290039, 65.4204330444, 9.05538654327, 36.2088050842, 16.0938777924, 16.6935501099, 1.38038671017, 31.7205371857, 116.944229126, 31.7930603027, 0.112244389951, 8.5242433548], [-17.9691429138, -8.51774597168, -0.403365403414, 18.3791885376, -9.20603942871, 14.0970478058, 4.67613077164, 2.73787498474, -4.23296022415, 31.7930603027, 96.8919677734, 26.9792194366, 2.79791545868], [-137.305023193, 6.35095500946, 18.1423244476, 9.43451690674, 0.837894797325, -7.69782733917, 4.62519454956, 10.6073007584, 11.3227872849, 0.112244389951, 26.9792194366, 102.642578125, 27.4798946381], [39.6921730042, 9.35782146454, -20.9524154663, -5.78228902817, -3.29007863998, 0.55976319313, 1.09310281277, -2.95410728455, 3.33946871758, 8.5242433548, 2.79791545868, 27.4798946381, 82.7344512939]],
