{
"lowlevel": {
    "average_loudness": 0.742948114872,
    "barkbands_crest": {
        "dmean": 2.56727933884,
        "dmean2": 4.23189640045,
        "dvar": 6.12319564819,
        "dvar2": 15.5329837799,
        "max": 26.0595207214,
        "mean": 10.2020463943,
        "median": 9.27412128448,
        "min": 2.14405751228,
        "var": 17.363992691
    },
    "barkbands_flatness_db": {
        "dmean": 0.0298563782126,
        "dmean2": 0.0437497347593,
        "dvar": 0.0010260323761,
        "dvar2": 0.00203398475423,
        "max": 0.507650196552,
        "mean": 0.158345356584,
        "median": 0.144303351641,
        "min": 0.0296361800283,
        "var": 0.00492442585528
    },
    "barkbands_kurtosis": {
        "dmean": 5.36150074005,
        "dmean2": 8.73752880096,
        "dvar": 131.61529541,
        "dvar2": 340.726074219,
        "max": 381.665283203,
        "mean": 8.85006427765,
        "median": 4.05778026581,
        "min": -1.88755619526,
        "var": 230.515182495
    },
    "barkbands_skewness": {
        "dmean": 0.690224170685,
        "dmean2": 1.0992347002,
        "dvar": 0.679663479328,
        "dvar2": 1.62625288963,
        "max": 12.6091032028,
        "mean": 2.08641529083,
        "median": 1.80750346184,
        "min": -4.21251058578,
        "var": 2.18717122078
    },
    "barkbands_spread": {
        "dmean": 5.62521886826,
        "dmean2": 8.88775539398,
        "dvar": 58.6811943054,
        "dvar2": 139.351913452,
        "max": 111.1121521,
        "mean": 17.6403160095,
        "median": 14.491607666,
        "min": 0.193103671074,
        "var": 173.249740601
    },
    "dissonance": {
        "dmean": 0.0232601743191,
        "dmean2": 0.0385320782661,
        "dvar": 0.000551465724129,
        "dvar2": 0.00142224191222,
        "max": 0.500000059605,
        "mean": 0.451525658369,
        "median": 0.459096819162,
        "min": 0.183808848262,
        "var": 0.00121919752564
    },
    "dynamic_complexity": 4.20180511475,
    "erbbands_crest": {
        "dmean": 2.73959732056,
        "dmean2": 4.38567399979,
        "dvar": 8.19912815094,
        "dvar2": 18.8877086639,
        "max": 34.0579071045,
        "mean": 10.0476083755,
        "median": 8.67505836487,
        "min": 2.11241889,
        "var": 27.8158779144
    },
    "erbbands_flatness_db": {
        "dmean": 0.0258633978665,
        "dmean2": 0.035756867379,
        "dvar": 0.000813273421954,
        "dvar2": 0.00148929399438,
        "max": 0.481551319361,
        "mean": 0.155990213156,
        "median": 0.142260611057,
        "min": 0.0292524583638,
        "var": 0.00350398081355
    },
    "erbbands_kurtosis": {
        "dmean": 1.49733173847,
        "dmean2": 2.385627985,
        "dvar": 9.12264823914,
        "dvar2": 20.406867981,
        "max": 98.9500045776,
        "mean": 1.50384426117,
        "median": 0.35749065876,
        "min": -1.82490622997,
        "var": 20.3067741394
    },
    "erbbands_skewness": {
        "dmean": 0.434330075979,
        "dmean2": 0.677974581718,
        "dvar": 0.241444632411,
        "dvar2": 0.540136039257,
        "max": 7.62947463989,
        "mean": 0.694967865944,
        "median": 0.678571224213,
        "min": -8.46598339081,
        "var": 0.898719012737
    },
    "erbbands_spread": {
        "dmean": 11.2072725296,
        "dmean2": 17.369102478,
        "dvar": 187.917160034,
        "dvar2": 421.387207031,
        "max": 161.84362793,
        "mean": 41.3748588562,
        "median": 35.2798461914,
        "min": 0.855041861534,
        "var": 632.478210449
    },
    "hfc": {
        "dmean": 6.95259475708,
        "dmean2": 10.8950128555,
        "dvar": 196.353897095,
        "dvar2": 507.79876709,
        "max": 280.569122314,
        "mean": 16.0829429626,
        "median": 9.94512367249,
        "min": 1.03378703616e-16,
        "var": 353.582824707
    },
    "melbands_crest": {
        "dmean": 3.30559396744,
        "dmean2": 5.45925092697,
        "dvar": 9.25913238525,
        "dvar2": 23.4987564087,
        "max": 33.7102661133,
        "mean": 14.2777462006,
        "median": 13.2109365463,
        "min": 1.9485861063,
        "var": 30.3783130646
    },
    "melbands_flatness_db": {
        "dmean": 0.0353746637702,
        "dmean2": 0.0523308813572,
        "dvar": 0.00149988930207,
        "dvar2": 0.00296999420971,
        "max": 0.675192773342,
        "mean": 0.236938133836,
        "median": 0.2235160321,
        "min": 0.00340003962629,
        "var": 0.00788994412869
    },
    "melbands_kurtosis": {
        "dmean": 12.6617155075,
        "dmean2": 20.4605922699,
        "dvar": 563.116943359,
        "dvar2": 1373.15075684,
        "max": 363.629638672,
        "mean": 22.4045372009,
        "median": 10.7923116684,
        "min": -1.93072354794,
        "var": 1109.22741699
    },
    "melbands_skewness": {
        "dmean": 0.987653076649,
        "dmean2": 1.57496345043,
        "dvar": 1.52112925053,
        "dvar2": 3.66084837914,
        "max": 16.9770927429,
        "mean": 3.1340637207,
        "median": 2.67380833626,
        "min": -3.3874104023,
        "var": 4.49687671661
    },
    "melbands_spread": {
        "dmean": 5.49869394302,
        "dmean2": 8.80997943878,
        "dvar": 79.5647735596,
        "dvar2": 189.049240112,
        "max": 218.050430298,
        "mean": 16.710855484,
        "median": 13.4714870453,
        "min": 0.357226729393,
        "var": 269.661376953
    },
    "pitch_salience": {
        "dmean": 0.0784331336617,
        "dmean2": 0.129125311971,
        "dvar": 0.00521471397951,
        "dvar2": 0.0133746061474,
        "max": 0.927811086178,
        "mean": 0.544915854931,
        "median": 0.554173588753,
        "min": 0.0974494665861,
        "var": 0.0148392897099
    },
    "silence_rate_20dB": {
        "dmean": 0,
        "dmean2": 0,
        "dvar": 0,
        "dvar2": 0,
        "max": 1,
        "mean": 1,
        "median": 1,
        "min": 1,
        "var": 0
    },
    "silence_rate_30dB": {
        "dmean": 0.0056163999252,
        "dmean2": 0.0112338513136,
        "dvar": 0.00558457057923,
        "dvar2": 0.0150399254635,
        "max": 1,
        "mean": 0.9955072999,
        "median": 1,
        "min": 0,
        "var": 0.00447218585759
    },
    "silence_rate_60dB": {
        "dmean": 0.0398764386773,
        "dmean2": 0.0797603428364,
        "dvar": 0.0382836870849,
        "dvar2": 0.0853707417846,
        "max": 1,
        "mean": 0.0951890647411,
        "median": 0,
        "min": 0,
        "var": 0.086113460362
    },
    "spectral_centroid": {
        "dmean": 240.286605835,
        "dmean2": 380.754302979,
        "dvar": 107417.328125,
        "dvar2": 237097.4375,
        "max": 11494.5625,
        "mean": 1012.83538818,
        "median": 881.269287109,
        "min": 125.261299133,
        "var": 451307.875
    },
    "spectral_complexity": {
        "dmean": 3.39417767525,
        "dmean2": 5.38494682312,
        "dvar": 25.1234035492,
        "dvar2": 56.8269462585,
        "max": 60,
        "mean": 14.0564393997,
        "median": 12,
        "min": 0,
        "var": 93.1961517334
    },
    "spectral_decrease": {
        "dmean": 3.04071834378e-09,
        "dmean2": 5.10626652073e-09,
        "dvar": 2.8168007869e-17,
        "dvar2": 7.8058347724e-17,
        "max": 9.2968334772e-20,
        "mean": -6.51764286985e-09,
        "median": -4.86983164905e-09,
        "min": -4.98225247725e-08,
        "var": 3.96925528609e-17
    },
    "spectral_energy": {
        "dmean": 0.0120065463707,
        "dmean2": 0.0200984831899,
        "dvar": 0.000431380118243,
        "dvar2": 0.00119045609608,
        "max": 0.191620260477,
        "mean": 0.0260578505695,
        "median": 0.019511885941,
        "min": 9.59641147632e-21,
        "var": 0.000622748397291
    },
    "spectral_energyband_high": {
        "dmean": 0.000517523207236,
        "dmean2": 0.000842290290166,
        "dvar": 1.71008343841e-06,
        "dvar2": 4.55708322988e-06,
        "max": 0.0292411502451,
        "mean": 0.000826222647447,
        "median": 0.000235710132984,
        "min": 6.86520164976e-21,
        "var": 2.24614018407e-06
    },
    "spectral_energyband_low": {
        "dmean": 0.00724855624139,
        "dmean2": 0.0127033805475,
        "dvar": 0.000304416695144,
        "dvar2": 0.000880955602042,
        "max": 0.173510447145,
        "mean": 0.0100798243657,
        "median": 0.00473346747458,
        "min": 3.66344858683e-23,
        "var": 0.000285606802208
    },
    "spectral_energyband_middle_high": {
        "dmean": 0.00163284305017,
        "dmean2": 0.00247601233423,
        "dvar": 1.00181550806e-05,
        "dvar2": 2.30397890846e-05,
        "max": 0.0775488093495,
        "mean": 0.00367893232033,
        "median": 0.00153579225298,
        "min": 1.44591635556e-21,
        "var": 2.7781139579e-05
    },
    "spectral_energyband_middle_low": {
        "dmean": 0.00537613406777,
        "dmean2": 0.00879112072289,
        "dvar": 8.44069872983e-05,
        "dvar2": 0.000219487963477,
        "max": 0.121630303562,
        "mean": 0.0128236394376,
        "median": 0.00939897447824,
        "min": 2.10583755454e-22,
        "var": 0.000162236930919
    },
    "spectral_entropy": {
        "dmean": 0.286232382059,
        "dmean2": 0.410491734743,
        "dvar": 0.11267824471,
        "dvar2": 0.212667763233,
        "max": 9.81625080109,
        "mean": 7.30375099182,
        "median": 7.42026662827,
        "min": 4.36831140518,
        "var": 0.417251139879
    },
    "spectral_flux": {
        "dmean": 0.0316781848669,
        "dmean2": 0.0499906502664,
        "dvar": 0.00184080121107,
        "dvar2": 0.00394803658128,
        "max": 0.392038375139,
        "mean": 0.0774422734976,
        "median": 0.0650416910648,
        "min": 6.56786361408e-11,
        "var": 0.0032671103254
    },
    "spectral_kurtosis": {
        "dmean": 3.25748682022,
        "dmean2": 5.01944541931,
        "dvar": 35.9390869141,
        "dvar2": 82.418006897,
        "max": 118.869682312,
        "mean": 6.47932672501,
        "median": 3.87381482124,
        "min": -1.26230287552,
        "var": 68.1808395386
    },
    "spectral_rms": {
        "dmean": 0.00104798935354,
        "dmean2": 0.00167950347532,
        "dvar": 2.03994477488e-06,
        "dvar2": 5.28127930011e-06,
        "max": 0.0136728417128,
        "mean": 0.00449031824246,
        "median": 0.0043630246073,
        "min": 3.05979612307e-12,
        "var": 5.25932273376e-06
    },
    "spectral_rolloff": {
        "dmean": 460.045166016,
        "dmean2": 800.917419434,
        "dvar": 1085082.625,
        "dvar2": 2687322.25,
        "max": 19250.6835938,
        "mean": 1113.26550293,
        "median": 732.12890625,
        "min": 64.599609375,
        "var": 2387550
    },
    "spectral_skewness": {
        "dmean": 0.391323894262,
        "dmean2": 0.589573681355,
        "dvar": 0.273903936148,
        "dvar2": 0.606319785118,
        "max": 9.30459594727,
        "mean": 1.82236301899,
        "median": 1.65270233154,
        "min": -0.264823108912,
        "var": 0.777282595634
    },
    "spectral_spread": {
        "dmean": 813120.4375,
        "dmean2": 1154892.875,
        "dvar": 1.13746260787e+12,
        "dvar2": 1.99712256819e+12,
        "max": 42268192,
        "mean": 5010966.5,
        "median": 4987420,
        "min": 725364.6875,
        "var": 4.58767099494e+12
    },
    "spectral_strongpeak": {
        "dmean": 0.429041355848,
        "dmean2": 0.71947234869,
        "dvar": 0.650940418243,
        "dvar2": 1.52877032757,
        "max": 13.9836511612,
        "mean": 0.768634557724,
        "median": 0.398701369762,
        "min": 0,
        "var": 1.18799245358
    },
    "zerocrossingrate": {
        "dmean": 0.0104759475216,
        "dmean2": 0.0125025045127,
        "dvar": 0.000157753151143,
        "dvar2": 0.000190905542695,
        "max": 0.5341796875,
        "mean": 0.0535692609847,
        "median": 0.0458984375,
        "min": 0.00244140625,
        "var": 0.00172958848998
    },
    "barkbands": {
        "dmean": [0.000272789271548, 0.00416808575392, 0.00279229460284, 0.00177345122211, 0.00224077142775, 0.00122131663375, 0.000926068110857, 0.000520486908499, 0.000639094330836, 0.000757612695452, 0.000327750371071, 0.000225411858992, 0.000219997746171, 0.000206862299819, 0.000156251160661, 0.000145715734106, 0.00012321874965, 9.45266147028e-05, 0.000127220933791, 0.000141974087455, 0.000147169615957, 0.000153213186422, 9.88704196061e-05, 5.07701697643e-05, 3.44582695107e-05, 2.9620137866e-05, 6.73438125887e-06],
        "dmean2": [0.000440058996901, 0.00745048141107, 0.00482167024165, 0.00304275704548, 0.00377991260029, 0.00202425429597, 0.00142084073741, 0.000826889532618, 0.00103054242209, 0.00114885997027, 0.000511377176736, 0.00036544908653, 0.000353761250153, 0.000313556316542, 0.000250459444942, 0.00022979149071, 0.000199672213057, 0.000157445261721, 0.000214375977521, 0.000242071095272, 0.000251101067988, 0.000263508729404, 0.000164768774994, 7.87735843915e-05, 5.42893067177e-05, 4.75331689813e-05, 1.08356371129e-05],
        "dvar": [6.76354773077e-07, 0.000117640869576, 4.3008771172e-05, 1.23510480989e-05, 1.90574028238e-05, 5.77022137804e-06, 5.15101601195e-06, 2.18980562749e-06, 2.63704691861e-06, 4.75938031741e-06, 1.59623027685e-06, 4.0319153527e-07, 2.76205781802e-07, 7.39948575301e-07, 1.81133373189e-07, 4.07562424698e-07, 1.10687196297e-07, 8.06896380823e-08, 1.15708310489e-07, 1.92415839706e-07, 1.66635999221e-07, 1.72096477513e-07, 1.09740994958e-07, 1.73822574112e-08, 1.45575764776e-08, 8.13339795513e-09, 4.02759964269e-10],
        "dvar2": [1.49213235545e-06, 0.000349208537955, 0.000118286829093, 3.41761588061e-05, 4.9936297728e-05, 1.55925008585e-05, 1.21599059639e-05, 4.6294094318e-06, 6.83093321641e-06, 1.09236189019e-05, 3.52389315594e-06, 9.59939484346e-07, 6.38672247533e-07, 1.32916409257e-06, 4.10093576875e-07, 8.31875240692e-07, 2.64676117467e-07, 2.09681189745e-07, 3.02099635974e-07, 5.34556079401e-07, 4.61088205839e-07, 4.7111944923e-07, 2.93506019489e-07, 4.18785468526e-08, 4.04742905857e-08, 2.07552428577e-08, 1.01537811492e-09],
        "max": [0.00896475464106, 0.10957069695, 0.123797357082, 0.0876057520509, 0.0791109353304, 0.0336785130203, 0.0488511063159, 0.0815365538001, 0.035665396601, 0.0748893916607, 0.051647555083, 0.0309145674109, 0.0151395360008, 0.0451564714313, 0.0156024675816, 0.0347823724151, 0.0113191641867, 0.00958626624197, 0.0096127577126, 0.0137397926301, 0.00676498422399, 0.0084764547646, 0.0106144398451, 0.00414960319176, 0.00417036237195, 0.00228028325364, 0.0006468341453],
        "mean": [0.000283474655589, 0.00473241275176, 0.00394067028537, 0.00240363297053, 0.00368810538203, 0.00226247427054, 0.00199962081388, 0.00100657495204, 0.000991097535007, 0.0013016902376, 0.000507291697431, 0.000358920922736, 0.00036293148878, 0.000354422925739, 0.000253730337135, 0.000220686226385, 0.000184972232091, 0.000122829515021, 0.000180680857738, 0.000187148179975, 0.00019694880757, 0.000203590228921, 0.000129547901452, 8.56863989611e-05, 5.5195960158e-05, 3.57407625415e-05, 7.78639332566e-06],
        "median": [6.26771179668e-06, 0.00144164904486, 0.00152426399291, 0.00108717870899, 0.00202907505445, 0.00102454225998, 0.000638039724436, 0.000365962303476, 0.000235755564063, 0.000224006827921, 7.6537966379e-05, 8.87598143891e-05, 0.000103401500382, 5.58046449441e-05, 6.27836270723e-05, 5.0926937547e-05, 4.51565210824e-05, 2.74828234978e-05, 5.59243308089e-05, 4.16778457293e-05, 4.73156360385e-05, 3.27496381942e-05, 2.26086049224e-05, 2.20232068386e-05, 1.74047672772e-05, 8.16845567897e-06, 1.37158224334e-06],
        "min": [6.57164363627e-24, 3.32187710024e-24, 3.92653937852e-24, 2.2981304939e-24, 3.21963354829e-23, 9.60216087762e-24, 2.36748769689e-23, 2.35439686572e-23, 2.7876328062e-23, 4.12191529674e-23, 2.81033275207e-23, 5.90504039414e-23, 4.71563883528e-23, 5.30370939657e-23, 5.47806974473e-23, 6.31784751931e-23, 1.22317300976e-22, 1.34435075382e-22, 2.16263528728e-22, 1.80441935624e-22, 2.81215180221e-22, 4.36013141082e-22, 5.19725293296e-22, 6.66880542515e-22, 9.19169215705e-22, 1.30803770668e-21, 2.06954773147e-21],
        "var": [8.5441979536e-07, 9.80070617516e-05, 5.25694558746e-05, 1.399116627e-05, 2.84922425635e-05, 1.09006077764e-05, 1.33469911816e-05, 5.986906217e-06, 4.61132322016e-06, 9.07320008992e-06, 2.90442812911e-06, 7.20806042409e-07, 5.82447057695e-07, 2.03725358006e-06, 4.0126636236e-07, 7.78395190082e-07, 1.99225141273e-07, 9.69269677853e-08, 1.34961041454e-07, 1.98398026896e-07, 1.64490700172e-07, 1.90177672721e-07, 1.11096142064e-07, 2.99828037953e-08, 1.46615519725e-08, 7.96530397196e-09, 4.20316170757e-10]
    },
    "erbbands": {
        "dmean": [0.125201523304, 0.946794271469, 2.93939113617, 4.57669305801, 7.20227956772, 7.56491279602, 8.2692117691, 10.826675415, 13.697640419, 12.6217107773, 11.0089874268, 13.8925580978, 20.2217769623, 21.2586784363, 11.449139595, 9.53388023376, 9.79125595093, 11.314702034, 8.17765426636, 7.69063806534, 7.57785081863, 5.81954193115, 5.03605318069, 5.50030422211, 7.29097986221, 6.55905246735, 5.98050737381, 5.70172214508, 5.60370445251, 4.76219415665, 2.35993242264, 1.34207975864, 0.726861357689, 0.442095905542, 0.247208848596, 0.163762569427, 0.0431982465088, 0.00931253097951, 0.000995975336991, 8.51910226629e-05],
        "dmean2": [0.222426488996, 1.6947196722, 5.11069393158, 7.84855270386, 12.3217506409, 12.6813650131, 13.3475666046, 18.1644477844, 21.555355072, 19.7962760925, 17.5272521973, 22.222612381, 31.1374282837, 31.8886127472, 18.2727203369, 15.2384490967, 15.5530576706, 17.3836402893, 13.0263118744, 12.0192117691, 12.0314207077, 9.51401042938, 8.26161766052, 9.14961910248, 12.387345314, 11.1934909821, 10.103764534, 9.75096511841, 9.59339237213, 8.1658372879, 3.89350914955, 2.12084126472, 1.13172352314, 0.706490397453, 0.393815845251, 0.265225946903, 0.0686658769846, 0.0148689942434, 0.00160044676159, 0.000134874368086],
        "dvar": [0.1240106076, 5.68916940689, 46.6981658936, 93.6091308594, 175.582977295, 308.07119751, 231.549240112, 525.787719727, 1167.98156738, 1248.59692383, 730.01953125, 1328.80700684, 4280.93701172, 4498.67822266, 855.390319824, 862.531188965, 542.341491699, 1984.47668457, 521.998901367, 1283.69226074, 736.251403809, 218.04977417, 177.981140137, 250.001525879, 458.742340088, 373.750518799, 267.568634033, 254.946105957, 217.937728882, 309.968841553, 53.1707496643, 16.5852222443, 3.31988358498, 3.36288809776, 0.534841418266, 0.280519008636, 0.0188440363854, 0.000835052400362, 1.03884913187e-05, 5.33515951417e-08],
        "dvar2": [0.368394345045, 16.7189865112, 130.141998291, 254.876922607, 474.522369385, 811.477233887, 580.420654297, 1445.16052246, 2835.76269531, 2898.39282227, 1701.44616699, 3441.54321289, 9830.78125, 10547.9697266, 2023.69018555, 1998.28125, 1223.54907227, 3688.45581055, 1219.45361328, 2342.41259766, 1582.9921875, 544.217590332, 452.897674561, 647.929016113, 1219.81872559, 1021.39385986, 734.443359375, 701.464233398, 586.617431641, 867.24810791, 136.714065552, 42.2781105042, 8.25564670563, 9.54167461395, 1.41682100296, 0.720472872257, 0.0472115986049, 0.0021060151048, 2.66546849161e-05, 1.2634117752e-07],
        "max": [3.06399893761, 26.7919979095, 116.185081482, 250.209350586, 253.621231079, 412.431152344, 240.93510437, 340.070556641, 739.038879395, 1504.23486328, 1080.76708984, 899.631103516, 2408.74511719, 2229.33178711, 1240.22216797, 1580.77648926, 736.329772949, 2241.00585938, 670.644348145, 2145.49316406, 1407.93103027, 347.111083984, 298.960662842, 551.385986328, 653.886108398, 566.803283691, 242.720947266, 324.550323486, 436.36151123, 457.756591797, 259.900726318, 121.724372864, 56.3729438782, 71.883026123, 19.8164520264, 9.18815422058, 4.7236905098, 0.92103344202, 0.125037148595, 0.0061669065617],
        "mean": [0.121206179261, 1.14147615433, 4.183781147, 6.59495067596, 10.2268400192, 12.2056837082, 15.4170293808, 19.228685379, 29.2733840942, 25.8985366821, 21.0261116028, 23.1218528748, 33.9288597107, 36.8865242004, 19.8686141968, 16.417547226, 17.5204086304, 19.8580932617, 14.4114990234, 12.5086603165, 11.7688589096, 8.78501319885, 7.23016023636, 7.37708044052, 10.032034874, 8.82551860809, 9.03562068939, 7.22880458832, 7.42101430893, 5.86314201355, 3.24436736107, 2.0592854023, 1.25892138481, 0.697459459305, 0.372258394957, 0.187484100461, 0.0562646053731, 0.0120037393644, 0.00118887296412, 0.000111281762656],
        "median": [0.0234608575702, 0.414880305529, 1.81884109974, 3.36554670334, 5.05305337906, 5.94451618195, 7.11173629761, 8.65658378601, 10.2361717224, 9.32501029968, 7.90753173828, 7.19885873795, 7.2646241188, 6.01663970947, 5.20489406586, 5.1876707077, 5.69327545166, 3.97952771187, 3.44357395172, 3.32955217361, 3.28444623947, 2.24839138985, 1.90501928329, 2.23454546928, 2.74726867676, 2.07717037201, 2.02747344971, 1.55306482315, 1.17567825317, 0.901945888996, 0.660048484802, 0.491218566895, 0.334015071392, 0.208629071712, 0.113043472171, 0.0391639620066, 0.0135112460703, 0.00271699996665, 0.000237105341512, 4.24681056757e-05],
        "min": [1.36935082876e-22, 8.42387780835e-22, 5.88983978918e-21, 1.01641683771e-20, 3.59164730027e-20, 6.69740224639e-20, 6.24044958143e-20, 1.08570492701e-19, 3.99781508227e-19, 4.14351209042e-19, 6.03860251932e-19, 7.58565773947e-19, 1.25183146099e-18, 1.20883326858e-18, 1.04576081467e-18, 2.32793377752e-18, 2.29780331012e-18, 2.63260445626e-18, 2.87898185607e-18, 3.57362704138e-18, 6.43256796557e-18, 9.71605437606e-18, 8.74329659314e-18, 8.15019237751e-18, 1.16529871159e-17, 9.84898312768e-18, 8.72939334141e-18, 1.36382156229e-17, 1.54443471196e-17, 1.25810060082e-17, 1.44241836158e-17, 1.50313143331e-17, 1.13332503762e-17, 9.84205052697e-18, 6.63302815598e-18, 4.08622466313e-18, 2.44260706661e-18, 1.20080682491e-18, 3.01713404646e-19, 2.79862407714e-20],
        "var": [0.0997869595885, 4.83410263062, 54.1257476807, 105.035568237, 235.280929565, 454.734375, 532.857177734, 858.588928223, 2765.55444336, 3676.59863281, 1681.69750977, 2328.98608398, 7203.39355469, 8809.18261719, 1913.15197754, 1533.15551758, 1258.30358887, 5392.42285156, 1340.24414062, 2532.24414062, 1304.79333496, 379.686706543, 263.549530029, 274.937347412, 489.087554932, 408.718536377, 330.795227051, 242.365097046, 258.747772217, 253.747024536, 62.6730117798, 21.8135852814, 5.77666139603, 3.0294816494, 0.578364253044, 0.263129472733, 0.0200343523175, 0.000883598462678, 1.0423558706e-05, 6.29751042425e-08]
    },
    "gfcc": {
        "mean": [-37.4215202332, 97.3509140015, -94.2279129028, 25.6558952332, -59.2297363281, 8.67714309692, -32.524597168, 0.584242284298, -24.186674118, 0.883320629597, -15.8170118332, -2.7373175621, -11.4746303558],
        "cov": [[17371.0039062, -841.979003906, -529.713562012, 382.702575684, -1159.51184082, -11.8557825089, -491.589904785, 120.36567688, -372.307861328, 442.324310303, -284.899505615, 250.625289917, 5.24344015121], [-841.979003906, 2358.41943359, -122.056190491, 1.17171192169, 476.854522705, -155.945053101, 193.565979004, -55.4150161743, 171.577148438, -185.383453369, 195.400161743, -147.967010498, 115.346801758], [-529.713562012, -122.056190491, 1046.53686523, 242.033401489, 67.0130691528, 122.05947876, 60.3787498474, -23.7756328583, -53.7509536743, 33.9691047668, -27.6703643799, 26.88347435, -31.3879585266], [382.702575684, 1.17171192169, 242.033401489, 643.911010742, 26.4537754059, 60.8843154907, 56.4390983582, -53.9505805969, 23.67927742, -2.34947681427, 14.1458292007, -3.51788401604, -15.9434919357], [-1159.51184082, 476.854522705, 67.0130691528, 26.4537754059, 436.900878906, 21.3695983887, 101.171546936, 25.9649276733, 79.979888916, -47.4525108337, 47.5323867798, -38.3821525574, 21.2590999603], [-11.8557825089, -155.945053101, 122.05947876, 60.8843154907, 21.3695983887, 230.136642456, 80.1063690186, 22.2206459045, -27.4205780029, 13.2601509094, -1.78560638428, 12.0374298096, 5.76520299911], [-491.589904785, 193.565979004, 60.3787498474, 56.4390983582, 101.171546936, 80.1063690186, 218.212814331, 34.2832641602, 29.3520145416, -35.8716278076, 23.5680999756, -7.16545724869, 20.9345798492], [120.36567688, -55.4150161743, -23.7756328583, -53.9505805969, 25.9649276733, 22.2206459045, 34.2832641602, 145.303619385, 36.4150619507, 16.5327472687, -19.3098125458, 11.7865514755, 11.2446622849], [-372.307861328, 171.577148438, -53.7509536743, 23.67927742, 79.979888916, -27.4205780029, 29.3520145416, 36.4150619507, 151.46194458, 12.9651136398, 19.8166313171, -16.5231742859, 5.1072101593], [442.324310303, -185.383453369, 33.9691047668, -2.34947681427, -47.4525108337, 13.2601509094, -35.8716278076, 16.5327472687, 12.9651136398, 135.860458374, 7.66598510742, 14.5364379883, -19.3998661041], [-284.899505615, 195.400161743, -27.6703643799, 14.1458292007, 47.5323867798, -1.78560638428, 23.5680999756, -19.3098125458, 19.8166313171, 7.66598510742, 103.456611633, 5.12505102158, 4.07837486267], [250.625289917, -147.967010498, 26.88347435, -3.51788401604, -38.3821525574, 12.0374298096, -7.16545724869, 11.7865514755, -16.5231742859, 14.5364379883, 5.12505102158, 91.87915802, 13.0764017105], [5.24344015121, 115.346801758, -31.3879585266, -15.9434919357, 21.2590999603, 5.76520299911, 20.9345798492, 11.2446622849, 5.1072101593, -19.3998661041, 4.07837486267, 13.0764017105, 90.5218963623]],
        "icov": [[0.000107660598587, -0.000136950693559, 0.000105540959339, -0.000159421892022, 0.000230692661717, -7.83210125519e-05, 0.000160140625667, -0.000203060888452, 0.000311937241349, -0.000426269543823, 0.000409327214584, -0.000310056697344, 3.31821720465e-05], [-0.000136950693559, 0.00111177517101, -0.000200314520043, 0.000272581499303, -0.000799592176918, 0.000779418449383, -0.000626894761808, 0.000525862094946, -0.000803165661637, 0.00130157545209, -0.00192650395911, 0.00158430507872, -0.00103019410744], [0.000105540959339, -0.000200314520043, 0.00131743238308, -0.000554824480787, -0.000111097666377, -0.000459921982838, -5.00374626426e-05, 1.52018674271e-05, 0.00085351173766, -0.000947413034737, 0.00108321744483, -0.000836579012685, 0.000494143343531], [-0.000159421892022, 0.000272581499303, -0.000554824480787, 0.00210920884274, -0.000249080825597, -0.0001970067824, -0.000607136578765, 0.00120689230971, -0.0012194623705, 0.000810889527202, -0.000772289698943, 0.000517033506185, 0.000105232873466], [0.000230692661717, -0.000799592176918, -0.000111097666377, -0.000249080825597, 0.00394455948845, -0.00067838456016, -0.000117799187137, -0.000993239111267, -0.000511722755618, -0.000211118269362, 0.000280668929918, -0.000139215349918, 0.000181657189387], [-7.83210125519e-05, 0.000779418449383, -0.000459921982838, -0.0001970067824, -0.00067838456016, 0.00631108041853, -0.00261145527475, -0.000398574426072, 0.00118085683789, -0.000342870655004, -0.00104438106064, 0.00079749582801, -0.000980232842267], [0.000160140625667, -0.000626894761808, -5.00374626426e-05, -0.000607136578765, -0.000117799187137, -0.00261145527475, 0.00723172351718, -0.00192092522047, -0.000267836119747, 0.00104367150925, -0.000293075398076, -0.000513260718435, -0.000248459662544], [-0.000203060888452, 0.000525862094946, 1.52018674271e-05, 0.00120689230971, -0.000993239111267, -0.000398574426072, -0.00192092522047, 0.00952371023595, -0.00297176302411, -0.000423435412813, 0.00162020220887, -0.000734141969588, -0.000810648896731], [0.000311937241349, -0.000803165661637, 0.00085351173766, -0.0012194623705, -0.000511722755618, 0.00118085683789, -0.000267836119747, -0.00297176302411, 0.0101688215509, -0.00330848037265, 0.000828568125144, -0.000181211027666, 0.000268673757091], [-0.000426269543823, 0.00130157545209, -0.000947413034737, 0.000810889527202, -0.000211118269362, -0.000342870655004, 0.00104367150925, -0.000423435412813, -0.00330848037265, 0.0115923304111, -0.00454486301169, 0.00137878279202, 0.000739754294045], [0.000409327214584, -0.00192650395911, 0.00108321744483, -0.000772289698943, 0.000280668929918, -0.00104438106064, -0.000293075398076, 0.00162020220887, 0.000828568125144, -0.00454486301169, 0.0154030071571, -0.00474811764434, 0.00150897761341], [-0.000310056697344, 0.00158430507872, -0.000836579012685, 0.000517033506185, -0.000139215349918, 0.00079749582801, -0.000513260718435, -0.000734141969588, -0.000181211027666, 0.00137878279202, -0.00474811764434, 0.0149709042162, -0.00365104223602], [3.31821720465e-05, -0.00103019410744, 0.000494143343531, 0.000105232873466, 0.000181657189387, -0.000980232842267, -0.000248459662544, -0.000810648896731, 0.000268673757091, 0.000739754294045, 0.00150897761341, -0.00365104223602, 0.0133284553885]]
    },
    "melbands": {
        "dmean": [0.00112496223301, 0.00142686883919, 0.000855170015711, 0.000527330092154, 0.000293481716653, 0.000239151238929, 0.000207802309887, 0.000129392035888, 9.39288875088e-05, 8.93143587746e-05, 0.000101680510852, 8.97191202966e-05, 4.28261118941e-05, 2.86236918328e-05, 2.23782535613e-05, 1.99509649974e-05, 2.24654741032e-05, 1.34846131914e-05, 9.83495829132e-06, 1.1368374544e-05, 8.85225108505e-06, 6.42680879537e-06, 5.76417687626e-06, 4.78107085655e-06, 4.4528737817e-06, 5.58363672098e-06, 4.99236830365e-06, 4.43057797384e-06, 4.10895108871e-06, 3.56646251021e-06, 3.53921086571e-06, 3.51107087226e-06, 2.84441671283e-06, 2.58408226728e-06, 1.51444805851e-06, 1.05179958609e-06, 7.30952137928e-07, 5.57533155643e-07, 4.35119204667e-07, 3.70085047052e-07],
        "dmean2": [0.00199319119565, 0.00250353687443, 0.00146200472955, 0.000896006124094, 0.00047679344425, 0.000400597811677, 0.000324085733155, 0.000203898103791, 0.00015050447837, 0.000142803866765, 0.000156711903401, 0.000134906920721, 6.7616616434e-05, 4.65484190499e-05, 3.54043404514e-05, 3.20972903864e-05, 3.43415558746e-05, 2.15324689634e-05, 1.57798294822e-05, 1.76829762495e-05, 1.4240757082e-05, 1.0544993529e-05, 9.52654227149e-06, 8.04502815299e-06, 7.46308887756e-06, 9.46214640862e-06, 8.64731828187e-06, 7.56348299547e-06, 6.90717570251e-06, 6.07107813266e-06, 6.09463859291e-06, 6.01990677751e-06, 4.9565774134e-06, 4.42083955932e-06, 2.51373080573e-06, 1.74439628609e-06, 1.14954923447e-06, 8.79493029515e-07, 6.93143647368e-07, 6.01399165134e-07],
        "dvar": [9.13753683562e-06, 1.1462700968e-05, 2.52246968557e-06, 1.17679383038e-06, 2.91654089324e-07, 2.51647151117e-07, 2.64441922582e-07, 1.41969934475e-07, 5.60394823879e-08, 5.18601694921e-08, 1.10075532689e-07, 7.82063338534e-08, 1.86573281269e-08, 5.51604983912e-09, 2.87116952435e-09, 2.69295896693e-09, 9.08469743877e-09, 1.60129143278e-09, 9.33968125061e-10, 3.17906256875e-09, 9.16294262687e-10, 3.0106919735e-10, 2.6314761481e-10, 2.31583072163e-10, 1.82481085798e-10, 2.92865870444e-10, 3.5133668197e-10, 1.63471292058e-10, 1.21877966053e-10, 1.08012668254e-10, 9.7936450616e-11, 9.54279502641e-11, 8.27764384814e-11, 9.93970600272e-11, 2.28054485019e-11, 1.42090419292e-11, 4.30153959327e-12, 1.68900494719e-12, 3.01558604476e-12, 2.49332043727e-12],
        "dvar2": [2.68604053417e-05, 3.27241141349e-05, 6.84161386744e-06, 3.05218213725e-06, 7.55494227178e-07, 6.90942158599e-07, 6.4208444428e-07, 3.22765771443e-07, 1.3900867657e-07, 1.33432777716e-07, 2.53090661317e-07, 1.82929213111e-07, 4.18520045287e-08, 1.34405766516e-08, 6.49417364329e-09, 6.33308472331e-09, 1.62902402678e-08, 3.61098662083e-09, 1.89824156394e-09, 6.18998718949e-09, 1.99385374877e-09, 7.42711336876e-10, 6.31029006826e-10, 6.05462235903e-10, 4.68401095688e-10, 7.73613451077e-10, 9.7700059154e-10, 4.41383346539e-10, 3.30414001715e-10, 3.01184022167e-10, 2.67627087158e-10, 2.55146986872e-10, 2.34199604154e-10, 2.76743045147e-10, 5.62692253903e-11, 3.97215524361e-11, 1.03811447286e-11, 4.11076771581e-12, 8.3264185477e-12, 7.1426159258e-12],
        "max": [0.0271972473711, 0.0416290313005, 0.0359061583877, 0.0214543882757, 0.0102697378024, 0.00723760155961, 0.010698961094, 0.0170015245676, 0.00811101775616, 0.00482102064416, 0.012590803206, 0.00831226445735, 0.0064303711988, 0.00311034941114, 0.00203653005883, 0.00195496412925, 0.00516313919798, 0.00152784306556, 0.00155344547238, 0.00294700218365, 0.00191393005662, 0.000558145227842, 0.000523164111655, 0.000619789469056, 0.00056978414068, 0.000551898905542, 0.000830580829643, 0.000332027790137, 0.000162389653269, 0.000207165954635, 0.000245499977609, 0.000384670245694, 0.000166406593053, 0.000302693864796, 0.000194723033928, 0.00012992991833, 7.57446614443e-05, 4.12375738961e-05, 7.57223751862e-05, 6.3736748416e-05],
        "mean": [0.00121671520174, 0.0019947916735, 0.00128952844534, 0.000810685742181, 0.000554329541046, 0.000427781575127, 0.00044604903087, 0.000261870591203, 0.000168057420524, 0.000144255536725, 0.000168876809767, 0.000152655265993, 6.95234411978e-05, 4.61018898932e-05, 3.91541107092e-05, 3.34336364176e-05, 3.80228339054e-05, 2.29675006267e-05, 1.55057077791e-05, 1.78327754838e-05, 1.29739974e-05, 9.2416184998e-06, 8.14281065686e-06, 6.10295137449e-06, 5.63132289244e-06, 7.58250462241e-06, 6.05794775765e-06, 5.83867085879e-06, 6.33101444691e-06, 4.342144166e-06, 4.21414642915e-06, 4.61846912003e-06, 3.37354072144e-06, 3.09259485221e-06, 2.00686599783e-06, 1.38004747896e-06, 1.14781380489e-06, 9.453626717e-07, 6.75317551213e-07, 5.53025813588e-07],
        "median": [0.000314865348628, 0.000919847283512, 0.000719791918527, 0.000426961749326, 0.000273246929282, 0.000194417283637, 0.000154691399075, 9.86210507108e-05, 5.74094738113e-05, 3.87185209547e-05, 3.24591637764e-05, 2.07791581488e-05, 1.39559451782e-05, 1.22325436678e-05, 1.26898739836e-05, 9.0013636509e-06, 5.91310435993e-06, 4.73008185509e-06, 4.27442546425e-06, 4.01638681069e-06, 3.46100614479e-06, 2.15055206354e-06, 1.7671866317e-06, 1.36539483719e-06, 1.62935475601e-06, 1.88042736227e-06, 1.62125638781e-06, 1.20197273645e-06, 1.25938254314e-06, 9.9733370007e-07, 7.87173291883e-07, 6.46279431749e-07, 5.75997432861e-07, 4.31275822166e-07, 3.71752946648e-07, 2.96708265068e-07, 2.79340156339e-07, 2.44957050199e-07, 1.80380993697e-07, 1.62598524867e-07],
        "min": [1.63580504725e-24, 2.76013871596e-24, 2.47871929334e-24, 3.77772313533e-24, 3.77683211694e-24, 2.90955646559e-24, 5.74307068422e-24, 4.49018404517e-24, 4.4446817593e-24, 4.67158734349e-24, 5.55402884575e-24, 4.63220543495e-24, 3.35538791149e-24, 5.0885378028e-24, 6.06091260369e-24, 4.19092492761e-24, 4.19700388975e-24, 3.74663570478e-24, 3.89791911045e-24, 5.30109874029e-24, 6.15616045825e-24, 6.89575581665e-24, 8.55984842988e-24, 6.51097116076e-24, 6.03962676989e-24, 8.11432740074e-24, 6.11143796138e-24, 5.22367993105e-24, 4.4061060666e-24, 6.16371892901e-24, 8.22358463612e-24, 7.1644229083e-24, 7.28195687229e-24, 7.25748088499e-24, 7.71981096229e-24, 8.71445806756e-24, 8.16659416888e-24, 6.89663224111e-24, 7.72106840658e-24, 6.81326936495e-24],
        "var": [7.73172178015e-06, 1.14987306006e-05, 3.11106396111e-06, 1.68125393429e-06, 5.9830591681e-07, 4.15402325871e-07, 6.33890522295e-07, 4.14346885691e-07, 1.08569501833e-07, 9.21517937513e-08, 1.84425971383e-07, 1.56168411536e-07, 3.76785003198e-08, 1.00848263074e-08, 6.11478334633e-09, 5.92474069805e-09, 2.45530635823e-08, 4.11900025199e-09, 1.80927661741e-09, 6.40396846663e-09, 1.4981412777e-09, 5.01990338186e-10, 4.69797867275e-10, 2.726501247e-10, 1.92898072515e-10, 3.13217507486e-10, 2.98862073977e-10, 1.86615459197e-10, 1.72704697765e-10, 9.58710888455e-11, 9.37810870627e-11, 1.17480858375e-10, 6.66774899183e-11, 8.12516096071e-11, 2.90786648233e-11, 1.19299448792e-11, 6.86841642589e-12, 3.26730786523e-12, 2.83775325287e-12, 2.14526855481e-12]
    },
    "mfcc": {
        "mean": [-685.498046875, 130.537872314, 18.3089237213, 22.1929798126, -1.38949620724, 7.23288917542, -0.505784571171, -1.15343391895, -2.23419427872, 0.191805899143, -3.13553094864, -2.10132217407, -0.611523330212],
        "cov": [[12929.6533203, -817.313049316, 62.3720588684, 195.098144531, -612.772277832, -91.7909088135, -250.494689941, -280.026031494, -85.9544372559, -47.5998573303, -98.7765808105, -19.0435657501, -13.0246744156], [-817.313049316, 2159.44677734, -179.408615112, 95.6821212769, 244.220672607, -50.1417388916, 113.016555786, 62.807094574, 23.3076076508, 52.0332183838, 5.82245492935, 7.81056499481, 65.4926834106], [62.3720588684, -179.408615112, 792.270141602, 203.051300049, 24.1620941162, 162.199737549, 74.7221374512, 16.5776443481, -9.02302837372, -21.1905403137, -18.3052997589, 22.0944957733, 4.8160738945], [195.098144531, 95.6821212769, 203.051300049, 472.622680664, 114.528587341, 102.910766602, 23.0709953308, 34.8560371399, 10.4037704468, -11.2105760574, 30.1807403564, 28.7095184326, 33.6575622559], [-612.772277832, 244.220672607, 24.1620941162, 114.528587341, 270.393310547, 55.641872406, 34.7192573547, 31.1750888824, 24.6822052002, 24.421081543, 16.732175827, 24.4600315094, 17.4844589233], [-91.7909088135, -50.1417388916, 162.199737549, 102.910766602, 55.641872406, 214.432693481, 89.8139801025, 34.5985603333, 8.51786899567, 8.00337219238, 18.8516197205, -0.888516187668, 16.3729152679], [-250.494689941, 113.016555786, 74.7221374512, 23.0709953308, 34.7192573547, 89.8139801025, 197.36328125, 70.7926635742, 18.7896327972, 23.0721168518, -4.72603940964, -15.3587245941, 7.08315706253], [-280.026031494, 62.807094574, 16.5776443481, 34.8560371399, 31.1750888824, 34.5985603333, 70.7926635742, 161.968658447, 56.3431091309, 5.95350074768, 10.3538131714, -7.47583580017, 2.17203068733], [-85.9544372559, 23.3076076508, -9.02302837372, 10.4037704468, 24.6822052002, 8.51786899567, 18.7896327972, 56.3431091309, 126.88269043, 52.926197052, 3.09672117233, -8.7586889267, -0.640908539295], [-47.5998573303, 52.0332183838, -21.1905403137, -11.2105760574, 24.421081543, 8.00337219238, 23.0721168518, 5.95350074768, 52.926197052, 119.103668213, 30.6653289795, -8.71197128296, -5.53520059586], [-98.7765808105, 5.82245492935, -18.3052997589, 30.1807403564, 16.732175827, 18.8516197205, -4.72603940964, 10.3538131714, 3.09672117233, 30.6653289795, 103.698524475, 37.963809967, 1.55353534222], [-19.0435657501, 7.81056499481, 22.0944957733, 28.7095184326, 24.4600315094, -0.888516187668, -15.3587245941, -7.47583580017, -8.7586889267, -8.71197128296, 37.963809967, 101.662094116, 33.7456970215], [-13.0246744156, 65.4926834106, 4.8160738945, 33.6575622559, 17.4844589233, 16.3729152679, 7.08315706253, 2.17203068733, -0.640908539295, -5.53520059586, 1.55353534222, 33.7456970215, 93.849822998]],
