{
"lowlevel": {
    "average_loudness": 0.904807627201,
    "barkbands_crest": {
        "dmean": 1.74064123631,
        "dmean2": 2.76017427444,
        "dvar": 4.02678442001,
        "dvar2": 9.77236461639,
        "max": 25.6407718658,
        "mean": 11.9991903305,
        "median": 11.3370161057,
        "min": 2.76254749298,
        "var": 19.8209095001
    },
    "barkbands_flatness_db": {
        "dmean": 0.0233135875314,
        "dmean2": 0.0329054817557,
        "dvar": 0.000669536704663,
        "dvar2": 0.00127718225121,
        "max": 0.493959367275,
        "mean": 0.18524928391,
        "median": 0.174030482769,
        "min": 0.0257756579667,
        "var": 0.00481804925948
    },
    "barkbands_kurtosis": {
        "dmean": 5.76416015625,
        "dmean2": 8.79812526703,
        "dvar": 211.067810059,
        "dvar2": 459.876098633,
        "max": 395.851104736,
        "mean": 12.6393108368,
        "median": 3.97588658333,
        "min": -1.95217359066,
        "var": 716.151245117
    },
    "barkbands_skewness": {
        "dmean": 0.595714747906,
        "dmean2": 0.907836258411,
        "dvar": 0.783881664276,
        "dvar2": 1.75301039219,
        "max": 16.0558185577,
        "mean": 2.35309767723,
        "median": 1.94534730911,
        "min": -5.48980045319,
        "var": 4.0063624382
    },
    "barkbands_spread": {
        "dmean": 4.62343502045,
        "dmean2": 7.23484516144,
        "dvar": 60.2718391418,
        "dvar2": 138.62689209,
        "max": 119.741249084,
        "mean": 17.662437439,
        "median": 14.6697654724,
        "min": 0.443181455135,
        "var": 170.0415802
    },
    "dissonance": {
        "dmean": 0.0202543139458,
        "dmean2": 0.0339941345155,
        "dvar": 0.000433563196566,
        "dvar2": 0.00119204656221,
        "max": 0.499928563833,
        "mean": 0.446856528521,
        "median": 0.452903211117,
        "min": 0.235126927495,
        "var": 0.00108579860535
    },
    "dynamic_complexity": 4.28196191788,
    "erbbands_crest": {
        "dmean": 2.13220310211,
        "dmean2": 3.36169457436,
        "dvar": 6.88095426559,
        "dvar2": 17.5031871796,
        "max": 33.5857200623,
        "mean": 9.63572978973,
        "median": 8.65915966034,
        "min": 2.44540739059,
        "var": 18.6397666931
    },
    "erbbands_flatness_db": {
        "dmean": 0.0219033695757,
        "dmean2": 0.0300658289343,
        "dvar": 0.000583648623433,
        "dvar2": 0.00117957952898,
        "max": 0.371836721897,
        "mean": 0.158102825284,
        "median": 0.15831130743,
        "min": 0.0305959898978,
        "var": 0.002309077885
    },
    "erbbands_kurtosis": {
        "dmean": 0.931800425053,
        "dmean2": 1.48411428928,
        "dvar": 5.10917520523,
        "dvar2": 13.9433164597,
        "max": 77.2045211792,
        "mean": 0.781496107578,
        "median": -0.00116968154907,
        "min": -1.88277733326,
        "var": 9.2825345993
    },
    "erbbands_skewness": {
        "dmean": 0.331881433725,
        "dmean2": 0.510009348392,
        "dvar": 0.188075318933,
        "dvar2": 0.437190771103,
        "max": 4.75852918625,
        "mean": 0.149299159646,
        "median": 0.117309123278,
        "min": -4.31828212738,
        "var": 0.882290899754
    },
    "erbbands_spread": {
        "dmean": 8.90439605713,
        "dmean2": 13.4315166473,
        "dvar": 198.477661133,
        "dvar2": 426.806610107,
        "max": 182.605682373,
        "mean": 39.2408752441,
        "median": 33.05884552,
        "min": 1.65969777107,
        "var": 541.429077148
    },
    "hfc": {
        "dmean": 5.90397071838,
        "dmean2": 8.85923957825,
        "dvar": 156.591003418,
        "dvar2": 346.102325439,
        "max": 193.103500366,
        "mean": 17.2620811462,
        "median": 10.4587516785,
        "min": 1.15868244128e-16,
        "var": 388.917358398
    },
    "melbands_crest": {
        "dmean": 1.95486354828,
        "dmean2": 3.20607542992,
        "dvar": 5.30228376389,
        "dvar2": 13.0538959503,
        "max": 34.4815559387,
        "mean": 15.8685512543,
        "median": 15.6158294678,
        "min": 2.1694996357,
        "var": 20.247795105
    },
    "melbands_flatness_db": {
        "dmean": 0.0264404583722,
        "dmean2": 0.0374744459987,
        "dvar": 0.0009446151671,
        "dvar2": 0.00178007723298,
        "max": 0.623398721218,
        "mean": 0.272987425327,
        "median": 0.263233721256,
        "min": 0.00709201814607,
        "var": 0.00802776496857
    },
    "melbands_kurtosis": {
        "dmean": 13.2854766846,
        "dmean2": 20.7077331543,
        "dvar": 1054.71472168,
        "dvar2": 2599.23828125,
        "max": 521.305480957,
        "mean": 30.5419330597,
        "median": 12.0269813538,
        "min": -1.8645452261,
        "var": 2891.19067383
    },
    "melbands_skewness": {
        "dmean": 0.807573437691,
        "dmean2": 1.23625791073,
        "dvar": 1.52569139004,
        "dvar2": 3.47422671318,
        "max": 18.9180870056,
        "mean": 3.64641237259,
        "median": 3.0181889534,
        "min": -2.71984982491,
        "var": 6.04810667038
    },
    "melbands_spread": {
        "dmean": 4.30872297287,
        "dmean2": 6.71485424042,
        "dvar": 62.7346153259,
        "dvar2": 134.529571533,
        "max": 254.111450195,
        "mean": 17.7052268982,
        "median": 11.6261501312,
        "min": 0.427975565195,
        "var": 428.601837158
    },
    "pitch_salience": {
        "dmean": 0.0524013489485,
        "dmean2": 0.0847557112575,
        "dvar": 0.00331577146426,
        "dvar2": 0.00831875670701,
        "max": 0.934180319309,
        "mean": 0.449010968208,
        "median": 0.440496504307,
        "min": 0.0853384137154,
        "var": 0.0121956653893
    },
    "silence_rate_20dB": {
        "dmean": 0,
        "dmean2": 0,
        "dvar": 0,
        "dvar2": 0,
        "max": 1,
        "mean": 1,
        "median": 1,
        "min": 1,
        "var": 0
    },
    "silence_rate_30dB": {
        "dmean": 0.0306886900216,
        "dmean2": 0.0613829195499,
        "dvar": 0.0297489706427,
        "dvar2": 0.066822655499,
        "max": 1,
        "mean": 0.967779755592,
        "median": 1,
        "min": 0,
        "var": 0.0311815291643
    },
    "silence_rate_60dB": {
        "dmean": 0.0149833019823,
        "dmean2": 0.0299693085253,
        "dvar": 0.014758666046,
        "dvar2": 0.0317779630423,
        "max": 1,
        "mean": 0.0769855603576,
        "median": 0,
        "min": 0,
        "var": 0.0710547715425
    },
    "spectral_centroid": {
        "dmean": 179.82093811,
        "dmean2": 280.747314453,
        "dvar": 83674.0546875,
        "dvar2": 179767.40625,
        "max": 11582.5068359,
        "mean": 1033.56665039,
        "median": 855.063110352,
        "min": 124.144294739,
        "var": 505534.09375
    },
    "spectral_complexity": {
        "dmean": 2.28775167465,
        "dmean2": 3.64000725746,
        "dvar": 12.889500618,
        "dvar2": 27.5557098389,
        "max": 51,
        "mean": 13.4594764709,
        "median": 13,
        "min": 0,
        "var": 59.9007263184
    },
    "spectral_decrease": {
        "dmean": 2.36542652132e-09,
        "dmean2": 3.82177045566e-09,
        "dvar": 2.95286074801e-17,
        "dvar2": 7.38368480114e-17,
        "max": 6.80532227793e-11,
        "mean": -8.88737883287e-09,
        "median": -7.9100903605e-09,
        "min": -6.60358594473e-08,
        "var": 5.32809961992e-17
    },
    "spectral_energy": {
        "dmean": 0.00932940561324,
        "dmean2": 0.0150129171088,
        "dvar": 0.000447423110018,
        "dvar2": 0.00111144478433,
        "max": 0.255614101887,
        "mean": 0.0351087227464,
        "median": 0.0309653021395,
        "min": 1.07546509342e-20,
        "var": 0.000827417068649
    },
    "spectral_energyband_high": {
        "dmean": 0.000360718142474,
        "dmean2": 0.000552121840883,
        "dvar": 1.05739320588e-06,
        "dvar2": 2.45388105213e-06,
        "max": 0.0179433245212,
        "mean": 0.00048007350415,
        "median": 0.000101368117612,
        "min": 7.81939487601e-21,
        "var": 1.32167770062e-06
    },
    "spectral_energyband_low": {
        "dmean": 0.00600467249751,
        "dmean2": 0.00996829941869,
        "dvar": 0.000260407890892,
        "dvar2": 0.000672984693665,
        "max": 0.218237221241,
        "mean": 0.0204197708517,
        "median": 0.0187993757427,
        "min": 3.87737567364e-23,
        "var": 0.000375043367967
    },
    "spectral_energyband_middle_high": {
        "dmean": 0.00143061508425,
        "dmean2": 0.00215016934089,
        "dvar": 9.7036763691e-06,
        "dvar2": 2.11570059037e-05,
        "max": 0.0715454220772,
        "mean": 0.00518355099484,
        "median": 0.0024324413389,
        "min": 1.85905631692e-21,
        "var": 4.99604102515e-05
    },
    "spectral_energyband_middle_low": {
        "dmean": 0.00422485359013,
        "dmean2": 0.00684903562069,
        "dvar": 0.000163300137501,
        "dvar2": 0.000423975201556,
        "max": 0.219786688685,
        "mean": 0.0105793839321,
        "median": 0.00769258802757,
        "min": 2.31513535313e-22,
        "var": 0.000204104566365
    },
    "spectral_entropy": {
        "dmean": 0.236719429493,
        "dmean2": 0.334557831287,
        "dvar": 0.0804631412029,
        "dvar2": 0.151573389769,
        "max": 9.81866931915,
        "mean": 7.12480592728,
        "median": 7.10503959656,
        "min": 4.97747087479,
        "var": 0.321503847837
    },
    "spectral_flux": {
        "dmean": 0.024438649416,
        "dmean2": 0.0384077318013,
        "dvar": 0.00154009065591,
        "dvar2": 0.00352600449696,
        "max": 0.434789031744,
        "mean": 0.0604837685823,
        "median": 0.0449075773358,
        "min": 1.03704635157e-10,
        "var": 0.00311851431616
    },
    "spectral_kurtosis": {
        "dmean": 2.74392104149,
        "dmean2": 4.33033370972,
        "dvar": 12.6672382355,
        "dvar2": 29.9605751038,
        "max": 67.6355514526,
        "mean": 7.20721340179,
        "median": 5.84386873245,
        "min": -1.14208447933,
        "var": 33.2446174622
    },
    "spectral_rms": {
        "dmean": 0.000666941748932,
        "dmean2": 0.00104098231532,
        "dvar": 1.46003742429e-06,
        "dvar2": 3.28954911311e-06,
        "max": 0.0157917570323,
        "mean": 0.00536716729403,
        "median": 0.00549636688083,
        "min": 3.23918843137e-12,
        "var": 5.44578688277e-06
    },
    "spectral_rolloff": {
        "dmean": 281.922729492,
        "dmean2": 485.279754639,
        "dvar": 593480,
        "dvar2": 1382406.25,
        "max": 18690.8203125,
        "mean": 1101.8782959,
        "median": 516.796875,
        "min": 64.599609375,
        "var": 3766605.75
    },
    "spectral_skewness": {
        "dmean": 0.312815845013,
        "dmean2": 0.485162913799,
        "dvar": 0.136897623539,
        "dvar2": 0.299111902714,
        "max": 5.94419384003,
        "mean": 1.94933688641,
        "median": 1.87054634094,
        "min": -0.0486400015652,
        "var": 0.491677135229
    },
    "spectral_spread": {
        "dmean": 902902.9375,
        "dmean2": 1242349.5,
        "dvar": 1.61446428672e+12,
        "dvar2": 2.82210362982e+12,
        "max": 39817544,
        "mean": 4569866,
        "median": 4028484,
        "min": 1132501.875,
        "var": 4.67540692173e+12
    },
    "spectral_strongpeak": {
        "dmean": 0.257423937321,
        "dmean2": 0.458652228117,
        "dvar": 0.859539985657,
        "dvar2": 2.13755607605,
        "max": 19.3942432404,
        "mean": 0.589430093765,
        "median": 0.389663875103,
        "min": 0,
        "var": 1.3885383606
    },
    "zerocrossingrate": {
        "dmean": 0.00874269846827,
        "dmean2": 0.0104917883873,
        "dvar": 0.000170041865204,
        "dvar2": 0.000223073075176,
        "max": 0.5400390625,
        "mean": 0.0450883209705,
        "median": 0.03466796875,
        "min": 0.00244140625,
        "var": 0.00246939528733
    },
    "barkbands": {
        "dmean": [0.000131062799483, 0.00400462839752, 0.00221769325435, 0.00209462596104, 0.00196604547091, 0.000550531898625, 0.000287748058327, 0.000237994638155, 0.000195077169337, 0.000272660632618, 0.000234051913139, 0.000312571093673, 0.0001117748252, 0.000267010909738, 0.000336438562954, 0.000279538711766, 0.000240596520598, 0.000118575808301, 0.000119862350402, 6.69141081744e-05, 7.02315519447e-05, 7.49041792005e-05, 6.81265737512e-05, 4.12521148974e-05, 3.66019849025e-05, 5.10870777362e-05, 2.25012827286e-05],
        "dmean2": [0.000213916180655, 0.00638114428148, 0.00379130570218, 0.00366049469449, 0.00317116361111, 0.000844975060318, 0.000413011526689, 0.000340497441357, 0.000288093084237, 0.000380058190785, 0.000342981569702, 0.000469366670586, 0.000168741622474, 0.000448259845143, 0.000497938366607, 0.00041094943299, 0.000367633008864, 0.000185267010238, 0.000191810890101, 0.00011129550694, 0.000109118911496, 0.000120961682114, 0.000107388834294, 6.27377012279e-05, 5.58660103707e-05, 8.27639523777e-05, 3.83717415389e-05],
        "dvar": [2.97348918821e-07, 0.000138326067827, 3.54248368239e-05, 4.96816464874e-05, 3.70783927792e-05, 1.8159011006e-06, 3.53889674898e-07, 3.95668678266e-07, 2.65552415613e-07, 4.96232246405e-07, 4.26385781793e-07, 6.19956722403e-07, 7.14791994483e-08, 8.54787401749e-07, 9.6886776646e-07, 7.51589254833e-07, 8.20564537207e-07, 1.68748158558e-07, 1.82647923452e-07, 5.29783292791e-08, 5.54935830621e-08, 8.78332784282e-08, 7.61604326271e-08, 1.06375122044e-08, 9.83929382414e-09, 3.48194646449e-08, 8.82351791631e-09],
        "dvar2": [7.91821264556e-07, 0.000359349651262, 9.71475092229e-05, 0.000139323019539, 9.36410942813e-05, 4.33235663877e-06, 7.90432409303e-07, 8.525300359e-07, 5.52396556941e-07, 9.70506107478e-07, 8.90353135219e-07, 1.35623781716e-06, 1.45265687479e-07, 2.34573781199e-06, 2.1998637294e-06, 1.45845262978e-06, 1.72220279637e-06, 3.92758948919e-07, 4.1454438815e-07, 1.39656734177e-07, 1.23021791865e-07, 2.34144607703e-07, 1.95863151475e-07, 2.29156196241e-08, 2.17478550724e-08, 8.62888214215e-08, 2.33828529872e-08],
        "max": [0.00938948243856, 0.191383451223, 0.101958401501, 0.125454187393, 0.0943422168493, 0.0448951050639, 0.0155303813517, 0.0248086899519, 0.0166407376528, 0.0272129103541, 0.0237546805292, 0.0305775944144, 0.00755604589358, 0.0175868570805, 0.0448828600347, 0.0337637327611, 0.0440693087876, 0.0149644734338, 0.0143438642845, 0.00682787317783, 0.00940030999482, 0.00774677842855, 0.00653206277639, 0.0016743123997, 0.00166901166085, 0.00270794238895, 0.00104756024666],
        "mean": [0.000246252544457, 0.0137457931414, 0.00500900344923, 0.00279390532523, 0.00383019400761, 0.00160501338542, 0.000857564155012, 0.000640107260551, 0.000540968496352, 0.000692170870025, 0.000573086203076, 0.000802724971436, 0.000228490462177, 0.000421371689299, 0.000840854481794, 0.000700929842424, 0.000580128049478, 0.000262539921096, 0.000207502191188, 9.83340869425e-05, 0.000106178078568, 9.21240862226e-05, 7.91634010966e-05, 5.22383670614e-05, 4.02326622861e-05, 4.5062166464e-05, 1.67627094925e-05],
        "median": [2.54486658378e-05, 0.0119786281139, 0.0031115564052, 0.00117926113307, 0.00164782849606, 0.000672731024679, 0.000331781746354, 0.000179939874215, 0.000129292398924, 0.00019915671146, 5.90737472521e-05, 0.000223819166422, 5.32884259883e-05, 0.000107563319034, 0.000174822111148, 8.46921248012e-05, 0.000101774785435, 5.15074134455e-05, 4.10281281802e-05, 1.95913235075e-05, 2.13182975131e-05, 1.52899938257e-05, 1.17162617244e-05, 1.02331596281e-05, 5.8252544477e-06, 3.09919823849e-06, 5.89095975556e-07],
        "min": [1.33992235297e-24, 2.81461058698e-23, 7.38602340291e-24, 3.66328702812e-24, 3.05304474222e-23, 3.15495736702e-23, 5.11197044267e-23, 6.67908522938e-23, 3.47497646371e-23, 2.05407944392e-22, 3.62169796565e-23, 1.38093420986e-22, 9.51980805896e-23, 1.1170277991e-22, 1.51363298345e-22, 1.02554656604e-22, 3.3557239189e-22, 3.24505140396e-22, 1.37818354654e-22, 4.01289882171e-22, 4.95755129913e-22, 4.89405266631e-22, 7.07270069401e-22, 7.87916039183e-22, 1.16586280773e-21, 1.76247853754e-21, 2.3797442982e-21],
        "var": [3.48889102497e-07, 0.000199569025426, 4.36000809714e-05, 4.4676791731e-05, 4.94250634802e-05, 5.81257972954e-06, 1.69352028934e-06, 1.8011494376e-06, 1.25301278331e-06, 2.22805351768e-06, 1.61003231369e-06, 2.96441248793e-06, 2.33704867014e-07, 9.2893310466e-07, 4.01980150855e-06, 3.0847643302e-06, 2.7337098345e-06, 4.47979658702e-07, 3.2186073895e-07, 6.50386198231e-08, 8.34539974903e-08, 8.01652717541e-08, 7.21434787465e-08, 1.54039305755e-08, 1.24278072278e-08, 3.12628110066e-08, 6.16905326822e-09]
    },
    "erbbands": {
        "dmean": [0.103800423443, 0.975373148918, 2.48717355728, 4.44602060318, 8.93674755096, 5.03030490875, 4.25205898285, 4.32101821899, 3.99630069733, 5.49047088623, 4.31271028519, 3.77461695671, 7.87239789963, 7.94438743591, 9.59972476959, 13.5884637833, 5.41516208649, 14.7381162643, 15.4263544083, 14.1716918945, 15.7851381302, 10.2396316528, 6.90666818619, 5.81799316406, 5.63748407364, 3.26194834709, 2.49796271324, 3.25804901123, 2.75894355774, 1.87126374245, 2.12397170067, 1.04026448727, 0.670876026154, 0.418692082167, 0.277711361647, 0.275821477175, 0.0713519081473, 0.0234146844596, 0.00380345899612, 0.000203053627047],
        "dmean2": [0.171323686838, 1.56022250652, 4.26612710953, 7.74282503128, 14.7632169724, 8.26259231567, 6.58955955505, 6.65672874451, 5.6355919838, 8.38280677795, 5.99201631546, 5.55833387375, 11.2480297089, 11.4027051926, 14.1330099106, 20.3275585175, 8.26415348053, 24.8306922913, 22.7311668396, 21.3512210846, 23.368516922, 15.7014522552, 10.5966691971, 9.0620470047, 9.25188350677, 5.44342088699, 4.03038978577, 5.00702047348, 4.49676609039, 2.960968256, 3.37175035477, 1.58292651176, 1.0260900259, 0.633870482445, 0.433124959469, 0.448862791061, 0.116121977568, 0.0393292792141, 0.0064904699102, 0.000341019651387],
        "dvar": [0.14384496212, 7.60637998581, 41.8818435669, 153.999252319, 1034.7421875, 239.072341919, 126.322288513, 119.591560364, 67.2322540283, 212.573623657, 134.410018921, 101.819702148, 503.243896484, 493.16708374, 503.920074463, 1322.73583984, 171.827697754, 2725.44189453, 2916.03417969, 1444.90112305, 3087.11987305, 1357.41796875, 716.181884766, 444.187194824, 472.98248291, 137.305725098, 58.8850135803, 216.934783936, 131.729415894, 48.3643875122, 85.9066162109, 8.71243000031, 3.00440907478, 1.26213884354, 0.65037381649, 1.48430800438, 0.0505270622671, 0.0073801483959, 0.000272964534815, 5.90589081639e-07],
        "dvar2": [0.390204191208, 20.1948623657, 115.18346405, 429.035522461, 2758.50537109, 621.808349609, 318.417480469, 278.965301514, 144.979217529, 517.541564941, 279.883972168, 220.257247925, 983.72845459, 1022.04150391, 1018.32421875, 2879.33544922, 357.667449951, 7669.10791016, 6490.37207031, 3037.62524414, 6125.80908203, 2907.43457031, 1611.26086426, 933.234069824, 1154.54394531, 355.066619873, 152.969360352, 463.719543457, 358.060577393, 126.069465637, 224.627883911, 19.6039104462, 6.61310005188, 2.70643353462, 1.51517486572, 3.78794288635, 0.121439166367, 0.0189158022404, 0.000728236918803, 1.53589871843e-06],
        "max": [6.09338188171, 48.0322189331, 100.856590271, 184.132385254, 520.721008301, 287.715606689, 289.408782959, 261.938537598, 187.929672241, 478.383331299, 401.935119629, 281.847351074, 1104.46813965, 740.25, 791.184326172, 1551.91137695, 374.176391602, 944.914245605, 2739.08154297, 906.304260254, 2295.75537109, 1306.81884766, 1021.65838623, 1032.68322754, 754.453186035, 410.013122559, 173.23223877, 699.645874023, 348.094665527, 156.132705688, 264.366546631, 64.9620513916, 28.77876091, 17.7615203857, 14.0977363586, 22.0837993622, 2.56868290901, 1.30944955349, 0.181797251105, 0.00865939445794],
        "mean": [0.303802013397, 3.36090540886, 6.68833065033, 7.62038421631, 13.3165206909, 10.4759521484, 12.3214054108, 11.5287761688, 11.9896402359, 15.7383813858, 12.7179231644, 11.1851425171, 21.9349594116, 21.4715557098, 26.4336719513, 35.5224151611, 12.670042038, 24.1527919769, 39.5941772461, 37.6400527954, 41.5443267822, 27.0441513062, 16.1894016266, 12.3030576706, 9.02842140198, 5.08030176163, 4.15611219406, 4.32574129105, 3.32671928406, 2.34474730492, 2.38572049141, 1.30655515194, 0.810092329979, 0.483238965273, 0.289345890284, 0.248127967119, 0.0618912167847, 0.0184886250645, 0.00283345580101, 0.000186181685422],
        "median": [0.24625569582, 2.89674901962, 4.76468658447, 4.29112529755, 4.11158561707, 4.74045085907, 4.54933547974, 4.71723604202, 6.15251731873, 3.77622032166, 4.88978004456, 3.81155109406, 6.36448764801, 7.00416278839, 8.62416934967, 10.8659000397, 4.60358858109, 7.50030136108, 8.65319824219, 7.52204036713, 5.82976579666, 5.11134910583, 3.97861075401, 2.46140813828, 1.77443420887, 1.06985616684, 0.846163868904, 0.805943369865, 0.542162060738, 0.413699626923, 0.337630033493, 0.264319956303, 0.134239196777, 0.0757877826691, 0.0392686203122, 0.0177786387503, 0.00434492807835, 0.000858650659211, 0.00011831271695, 4.69411170343e-05],
        "min": [1.07173728767e-21, 5.3090289444e-21, 8.5902286561e-21, 1.13609670531e-20, 4.1022639537e-20, 1.34583591057e-19, 1.67400831562e-19, 2.92268966604e-19, 4.60554984819e-19, 1.29072208127e-18, 1.37908864874e-18, 6.65793332346e-19, 2.22683989896e-18, 7.3296531981e-18, 1.61881985912e-18, 7.01166677266e-18, 4.55680854079e-18, 4.60245815725e-18, 8.94461084754e-18, 5.99346120534e-18, 8.07419846746e-18, 2.15266888818e-17, 1.96228384034e-17, 9.24369950471e-18, 8.36076195578e-18, 2.03337389285e-17, 1.86173904427e-17, 1.87131564509e-17, 1.63308994478e-17, 2.37938354308e-17, 1.83527340057e-17, 1.6391963575e-17, 1.37950631291e-17, 1.20148546456e-17, 8.60362383799e-18, 6.30962617907e-18, 3.359418282e-18, 1.39132916405e-18, 3.15568007822e-19, 3.55058489144e-20],
        "var": [0.161226242781, 11.1459550858, 57.2679252625, 154.933120728, 1065.33312988, 352.165863037, 433.042114258, 376.334869385, 304.219024658, 1051.26257324, 617.811645508, 404.419189453, 2641.27734375, 1855.01123047, 2160.55297852, 6697.76513672, 544.526611328, 2702.84106445, 13065.0527344, 5736.56591797, 11339.8378906, 4450.75830078, 1645.9967041, 1152.68054199, 706.829223633, 176.264068604, 83.2860107422, 307.886383057, 111.279716492, 47.2592582703, 76.3907623291, 11.4579896927, 4.13197040558, 1.70144021511, 0.734229207039, 1.28369867802, 0.0464132353663, 0.00569270458072, 0.000187654339243, 4.33350152207e-07]
    },
    "gfcc": {
        "mean": [-34.7500343323, 108.822937012, -94.7747192383, 32.041519165, -34.7975082397, 18.9775180817, -31.0987300873, 5.40919399261, -17.2822570801, -0.517657339573, -13.8415164948, 1.65800321102, -7.6454668045],
        "cov": [[12780.3291016, 589.647888184, -934.416748047, 357.114898682, 240.69543457, 401.934112549, -118.908973694, 316.575134277, 6.46472644806, 61.4270706177, -88.6317443848, 173.66444397, 30.704788208], [589.647888184, 2277.23754883, -435.421661377, -168.710357666, 358.456970215, -92.0008926392, 139.762252808, -39.2742729187, 174.228897095, -140.063690186, 130.186721802, -39.3771362305, 154.220458984], [-934.416748047, -435.421661377, 1514.1385498, 135.228881836, -89.9523925781, 243.44317627, 135.524703979, -31.0207748413, -30.2595653534, 81.0085830688, -42.0415306091, 33.9947509766, -82.9527053833], [357.114898682, -168.710357666, 135.228881836, 438.71774292, 12.6796207428, 52.180973053, 52.9226074219, 28.0806064606, -12.4531927109, 31.22905159, 14.0072860718, -13.6247549057, -14.0840921402], [240.69543457, 358.456970215, -89.9523925781, 12.6796207428, 357.776367188, 25.6171951294, 26.3407936096, 49.9338912964, 70.7732391357, -28.0160446167, 35.6497650146, 10.0944652557, 34.5055198669], [401.934112549, -92.0008926392, 243.44317627, 52.180973053, 25.6171951294, 249.94934082, 53.1846389771, 29.0429725647, 29.2975101471, 36.935382843, -14.0798339844, 11.3826723099, -11.5718345642], [-118.908973694, 139.762252808, 135.524703979, 52.9226074219, 26.3407936096, 53.1846389771, 177.318481445, 23.6472415924, 35.8673934937, 15.9159545898, 19.3669338226, -12.3368635178, 8.63545799255], [316.575134277, -39.2742729187, -31.0207748413, 28.0806064606, 49.9338912964, 29.0429725647, 23.6472415924, 152.90788269, 51.2021102905, 13.5713310242, 16.9787445068, 10.4288024902, 3.16500592232], [6.46472644806, 174.228897095, -30.2595653534, -12.4531927109, 70.7732391357, 29.2975101471, 35.8673934937, 51.2021102905, 128.793395996, 31.9350948334, 16.4597206116, -4.62623214722, 15.8024330139], [61.4270706177, -140.063690186, 81.0085830688, 31.22905159, -28.0160446167, 36.935382843, 15.9159545898, 13.5713310242, 31.9350948334, 122.053222656, 31.1708812714, -2.26968383789, -28.9899406433], [-88.6317443848, 130.186721802, -42.0415306091, 14.0072860718, 35.6497650146, -14.0798339844, 19.3669338226, 16.9787445068, 16.4597206116, 31.1708812714, 120.521942139, 20.9635887146, 12.0027446747], [173.66444397, -39.3771362305, 33.9947509766, -13.6247549057, 10.0944652557, 11.3826723099, -12.3368635178, 10.4288024902, -4.62623214722, -2.26968383789, 20.9635887146, 96.1954574585, 26.6881713867], [30.704788208, 154.220458984, -82.9527053833, -14.0840921402, 34.5055198669, -11.5718345642, 8.63545799255, 3.16500592232, 15.8024330139, -28.9899406433, 12.0027446747, 26.6881713867, 81.650100708]],
        "icov": [[0.00012290556333, -0.000121515535284, 0.000128569590743, -0.000138065734063, 4.40103303845e-06, -0.000284532143269, 0.000137850453029, -0.000299550301861, 0.000314835226163, -0.000292073644232, 0.000348866626155, -0.000361908605555, 0.000147327140439], [-0.000121515535284, 0.000987110892311, -3.85022576666e-05, 0.000384754268453, -0.000487961107865, 0.000397212279495, -0.000724628509488, 0.00105677987449, -0.00137251219712, 0.00137023732532, -0.00130636175163, 0.000980535522103, -0.000869644631166], [0.000128569590743, -3.85022576666e-05, 0.00110278115608, -0.00025229138555, 8.30525241327e-05, -0.000987885054201, -0.000626120599918, 0.000119511299999, 0.00045881094411, -0.000456779060187, 0.000635247502942, -0.00106017373037, 0.000989879365079], [-0.000138065734063, 0.000384754268453, -0.00025229138555, 0.0027804709971, -0.000356027128873, 8.83874308784e-05, -0.000872199772857, -2.86895865429e-05, 0.000337939884048, 9.67199048318e-06, -0.000867370865308, 0.00115399423521, -0.000506824115291], [4.40103303845e-06, -0.000487961107865, 8.30525241327e-05, -0.000356027128873, 0.0038552605547, -0.000580213381909, 0.000341109000146, -0.000810331781395, -0.00133946910501, 0.00109564105514, -0.00058367283782, -0.000431410124293, 0.000101890807855], [-0.000284532143269, 0.000397212279495, -0.000987885054201, 8.83874308784e-05, -0.000580213381909, 0.0060717035085, -0.00121867679991, 0.000171470863279, -0.00143379101064, -0.000404048536438, 0.00037087421515, 0.000149649044033, -0.000373098504497], [0.000137850453029, -0.000724628509488, -0.000626120599918, -0.000872199772857, 0.000341109000146, -0.00121867679991, 0.00786149036139, -0.00134040357079, -0.000427679944551, -0.000703689351212, -0.00040683086263, 0.00115744862705, -0.00105166994035], [-0.000299550301861, 0.00105677987449, 0.000119511299999, -2.86895865429e-05, -0.000810331781395, 0.000171470863279, -0.00134040357079, 0.00950839184225, -0.0046528801322, 0.00199062237516, -0.00208722939715, -1.37539627758e-05, 0.000291618780466], [0.000314835226163, -0.00137251219712, 0.00045881094411, 0.000337939884048, -0.00133946910501, -0.00143379101064, -0.000427679944551, -0.0046528801322, 0.0141971334815, -0.00623005116358, 0.0026411425788, -3.94902162952e-05, -0.00174814614002], [-0.000292073644232, 0.00137023732532, -0.000456779060187, 9.67199048318e-06, 0.00109564105514, -0.000404048536438, -0.000703689351212, 0.00199062237516, -0.00623005116358, 0.0143748447299, -0.00580931734294, 0.00127221446019, 0.00328401615843], [0.000348866626155, -0.00130636175163, 0.000635247502942, -0.000867370865308, -0.00058367283782, 0.00037087421515, -0.00040683086263, -0.00208722939715, 0.0026411425788, -0.00580931734294, 0.0127090085298, -0.00414691353217, 0.000168627084349], [-0.000361908605555, 0.000980535522103, -0.00106017373037, 0.00115399423521, -0.000431410124293, 0.000149649044033, 0.00115744862705, -1.37539627758e-05, -3.94902162952e-05, 0.00127221446019, -0.00414691353217, 0.0148442527279, -0.00629536993802], [0.000147327140439, -0.000869644631166, 0.000989879365079, -0.000506824115291, 0.000101890807855, -0.000373098504497, -0.00105166994035, 0.000291618780466, -0.00174814614002, 0.00328401615843, 0.000168627084349, -0.00629536993802, 0.018294038251]]
    },
    "melbands": {
        "dmean": [0.00101741135586, 0.00125432771165, 0.000923627230804, 0.000499364570715, 0.00014985728194, 9.88552346826e-05, 6.19910933892e-05, 5.6896606111e-05, 3.25462060573e-05, 2.63999481831e-05, 3.94696362491e-05, 3.21854749927e-05, 3.38776080753e-05, 3.81976933568e-05, 1.90933060367e-05, 1.47725413626e-05, 2.86967606371e-05, 2.35587031057e-05, 1.83172178367e-05, 2.12368049688e-05, 1.96559831238e-05, 1.25529468278e-05, 9.4199731393e-06, 5.59550062462e-06, 4.90341881232e-06, 4.53929578725e-06, 2.94532969747e-06, 2.15015211324e-06, 1.72346813088e-06, 1.50439416302e-06, 2.18485229198e-06, 1.67634550508e-06, 1.29573322738e-06, 9.26775101107e-07, 1.29765101065e-06, 1.01402201835e-06, 5.25851021393e-07, 4.97517305575e-07, 3.92858254372e-07, 3.52628376277e-07],
        "dmean2": [0.00163199089002, 0.00211817957461, 0.00159297755454, 0.000808265933301, 0.00023681174207, 0.000151155880303, 8.77640923136e-05, 8.69368959684e-05, 4.50703264505e-05, 3.91796784243e-05, 5.62309141969e-05, 4.59418952232e-05, 4.9554524594e-05, 5.68349496461e-05, 2.84034649667e-05, 2.37620988628e-05, 4.83259791508e-05, 3.44050495187e-05, 2.71674889518e-05, 3.10069481202e-05, 2.92735294352e-05, 1.91723465832e-05, 1.42997414514e-05, 8.6888730948e-06, 7.58988335292e-06, 7.5170519267e-06, 4.81523238705e-06, 3.59865566679e-06, 2.84331349576e-06, 2.30342880059e-06, 3.39540747518e-06, 2.75162415164e-06, 2.13315456676e-06, 1.4574677607e-06, 2.08509777622e-06, 1.59756893936e-06, 8.08974220945e-07, 7.72464488819e-07, 6.0032817828e-07, 5.37392850219e-07],
        "dvar": [1.05693197838e-05, 1.09136863102e-05, 8.41176643007e-06, 2.5834351618e-06, 1.58431376462e-07, 5.92606426153e-08, 1.52871102443e-08, 2.3923918846e-08, 7.75551356469e-09, 4.9927200152e-09, 1.24089138964e-08, 8.51485992825e-09, 7.68939667495e-09, 8.36911784319e-09, 2.20278351115e-09, 1.60859547904e-09, 1.02684465375e-08, 6.85187284688e-09, 2.17099227484e-09, 3.31987193292e-09, 4.88507900798e-09, 2.36594677183e-09, 1.14189346867e-09, 2.64213928514e-10, 3.79080045132e-10, 2.76937417443e-10, 1.09127970549e-10, 6.36291505596e-11, 3.6980175866e-11, 2.00683809848e-11, 1.00365354916e-10, 4.40955917613e-11, 3.6076679838e-11, 9.72214062728e-12, 3.06545899775e-11, 1.99443760118e-11, 1.67361805838e-12, 1.69910830197e-12, 1.06625179606e-12, 9.55819624837e-13],
        "dvar2": [2.72480683634e-05, 2.97288515867e-05, 2.33023838518e-05, 6.47350952931e-06, 4.13673433286e-07, 1.38400338301e-07, 3.35461045609e-08, 5.78988377242e-08, 1.63158127009e-08, 1.07496482826e-08, 2.42648017235e-08, 1.74059326952e-08, 1.56899417902e-08, 1.81851653736e-08, 4.74164574271e-09, 4.17061318814e-09, 2.87090049511e-08, 1.49394718818e-08, 4.79824180388e-09, 6.48901776756e-09, 9.89730519763e-09, 5.0322634948e-09, 2.39503328281e-09, 5.81457104687e-10, 7.79646569526e-10, 6.93055834944e-10, 2.6997085123e-10, 1.64164959404e-10, 1.00287111948e-10, 4.39924902063e-11, 2.13633333246e-10, 1.18914947334e-10, 1.00169969541e-10, 2.43701968328e-11, 8.11046091398e-11, 5.16862351529e-11, 3.59629166724e-12, 3.83891356204e-12, 2.34402016026e-12, 2.08755083532e-12],
        "max": [0.0554049424827, 0.0495623722672, 0.0488625876606, 0.0238353908062, 0.00793959852308, 0.00641833199188, 0.00285874959081, 0.00587506219745, 0.00314854248427, 0.00184915179852, 0.00541850132868, 0.0031853732653, 0.00363383558579, 0.0034665632993, 0.00166356097907, 0.000660417426843, 0.00205169222318, 0.00405687745661, 0.00169295992237, 0.00200846698135, 0.00264043803327, 0.00210311030969, 0.000917053956073, 0.000517697015312, 0.0010029647965, 0.000449148239568, 0.000326736975694, 0.000244850874878, 0.000154367939103, 0.000146771941218, 0.00047075850307, 0.000192321007489, 0.000161187912454, 6.79885342834e-05, 0.000187888523214, 0.00014452484902, 2.52188438026e-05, 1.99543301278e-05, 2.21097034228e-05, 1.79862490768e-05],
        "mean": [0.00336781004444, 0.00399050163105, 0.00152408098802, 0.000895192031749, 0.000416188820964, 0.000271781609626, 0.000185773082194, 0.000161365838721, 9.4783717941e-05, 7.53561762394e-05, 0.000108395950519, 8.34503953229e-05, 8.74658944667e-05, 9.75683506113e-05, 4.94462801726e-05, 2.63119381998e-05, 4.44013676315e-05, 5.84584122407e-05, 4.68750404252e-05, 5.39391658094e-05, 4.83050498588e-05, 3.01855561702e-05, 2.01926541195e-05, 1.18430452858e-05, 9.60049874266e-06, 6.87147075951e-06, 4.39651739725e-06, 3.11715007228e-06, 2.71192766377e-06, 2.28986277762e-06, 2.65081530415e-06, 2.00547265194e-06, 1.47691491748e-06, 1.16999808597e-06, 1.41721977798e-06, 1.13892087938e-06, 6.77184743836e-07, 5.90074364482e-07, 4.56973936025e-07, 3.94841151774e-07],
        "median": [0.00282962340862, 0.00354239391163, 0.000825721304864, 0.000324184307829, 0.000176408881089, 0.000114213340566, 9.23136249185e-05, 3.8151134504e-05, 3.24804059346e-05, 2.14251667785e-05, 3.02090338664e-05, 2.27053569688e-05, 1.70702442119e-05, 2.81945394818e-05, 1.42777107612e-05, 6.65211609885e-06, 1.17240133477e-05, 1.11698973342e-05, 9.87946259556e-06, 7.63342541177e-06, 5.60020225748e-06, 4.85903046865e-06, 3.97981966671e-06, 2.51874007517e-06, 1.57139049861e-06, 1.22608821584e-06, 8.27172300433e-07, 5.82766801926e-07, 4.4380755071e-07, 4.5942658744e-07, 4.27240593126e-07, 3.09231353413e-07, 2.22260780447e-07, 2.03677899435e-07, 1.80544134309e-07, 1.81764974627e-07, 1.42904355016e-07, 9.24872551877e-08, 6.72584690165e-08, 5.86534127933e-08],
        "min": [8.61230136919e-24, 5.32663337893e-24, 2.14732217972e-24, 7.1181080957e-24, 5.58438855212e-24, 6.03471571632e-24, 8.41315580025e-24, 1.40373128028e-23, 1.1609456894e-23, 3.83925625809e-24, 1.24798820725e-23, 3.22485990956e-23, 4.22159860062e-24, 1.32209806054e-23, 1.60778829721e-23, 7.59671947323e-24, 8.5320505493e-24, 1.46909250835e-23, 1.03402546393e-23, 7.20018197314e-24, 9.33608046087e-24, 2.41038658401e-23, 1.96947108261e-23, 1.22299614714e-23, 7.07097917864e-24, 4.55239124958e-24, 1.03716347372e-23, 1.33878041764e-23, 1.07034146456e-23, 1.3762356912e-23, 9.29669579132e-24, 8.89166699244e-24, 1.05938450213e-23, 1.38963196932e-23, 1.08164576245e-23, 9.06302966916e-24, 1.02061869396e-23, 1.06792534138e-23, 7.88327871907e-24, 1.11025916743e-23],
        "var": [1.43457327795e-05, 1.45460599015e-05, 8.00736597739e-06, 3.40173301083e-06, 4.25131133852e-07, 1.90606073147e-07, 6.83636685039e-08, 1.1526117305e-07, 3.51531248555e-08, 2.13055528775e-08, 6.48650768653e-08, 3.24267190877e-08, 3.11410985887e-08, 4.05699083217e-08, 9.52371337348e-09, 2.69010946852e-09, 1.03944906016e-08, 3.02265981134e-08, 9.29198318289e-09, 1.52003298837e-08, 1.81534520749e-08, 7.70056907129e-09, 2.83733281314e-09, 7.42720551727e-10, 9.474742102e-10, 4.10844080978e-10, 1.61770305485e-10, 8.1525584894e-11, 4.53256078503e-11, 3.42742847992e-11, 1.40484943123e-10, 3.90439625075e-11, 2.73225227165e-11, 1.08001099383e-11, 2.6581879059e-11, 1.80071860201e-11, 2.51824537785e-12, 2.22216732862e-12, 1.43343323322e-12, 1.24071293604e-12]
    },
    "mfcc": {
        "mean": [-687.310791016, 142.881072998, 8.2789516449, 26.4469013214, 18.9927978516, 15.8855638504, 2.52533149719, 9.1005525589, 3.84007358551, 1.61912548542, -2.0614593029, 0.986536502838, 0.420413911343],
        "cov": [[11086.9794922, 292.826385498, -1152.10791016, 133.023513794, 214.161437988, 63.6106376648, -7.18423938751, 208.812820435, 189.638885498, 5.93847036362, -111.663154602, 147.893341064, 120.952095032], [292.826385498, 2047.86022949, -375.717437744, -14.597445488, 155.960144043, 20.7799968719, 10.0042619705, 109.149299622, 73.8859863281, -3.32610726357, -0.5643273592, 33.7428092957, 14.9650239944], [-1152.10791016, -375.717437744, 1276.50500488, 62.8266525269, -57.9462165833, 227.008666992, 123.814826965, 26.027797699, -1.79379570484, 66.5469284058, 77.5593032837, -26.8589935303, -10.1542444229], [133.023513794, -14.597445488, 62.8266525269, 351.555206299, 50.8803863525, 29.1465644836, 64.4027862549, 26.0737552643, -5.68991327286, 23.4762039185, 31.9282875061, 6.38062572479, 5.31437349319], [214.161437988, 155.960144043, -57.9462165833, 50.8803863525, 268.670196533, 38.552116394, 18.9921340942, 65.6916427612, 31.5959224701, 14.601937294, 14.8997497559, 25.2301998138, 2.83667850494], [63.6106376648, 20.7799968719, 227.008666992, 29.1465644836, 38.552116394, 213.203720093, 56.6685523987, 25.1870746613, 34.1892127991, 23.1180477142, 33.8820762634, 15.9246492386, -4.25514173508], [-7.18423938751, 10.0042619705, 123.814826965, 64.4027862549, 18.9921340942, 56.6685523987, 139.896560669, 37.606552124, 1.7241601944, 31.6587810516, 25.2036113739, 3.8175983429, 13.2549858093], [208.812820435, 109.149299622, 26.027797699, 26.0737552643, 65.6916427612, 25.1870746613, 37.606552124, 141.316101074, 59.186000824, 7.85387325287, 2.46089601517, 6.32679700851, 13.7111339569], [189.638885498, 73.8859863281, -1.79379570484, -5.68991327286, 31.5959224701, 34.1892127991, 1.7241601944, 59.186000824, 127.170387268, 39.674118042, 8.77745628357, 17.0956764221, -2.2570502758], [5.93847036362, -3.32610726357, 66.5469284058, 23.4762039185, 14.601937294, 23.1180477142, 31.6587810516, 7.85387325287, 39.674118042, 126.828010559, 53.9853401184, 13.8203573227, 14.1571483612], [-111.663154602, -0.5643273592, 77.5593032837, 31.9282875061, 14.8997497559, 33.8820762634, 25.2036113739, 2.46089601517, 8.77745628357, 53.9853401184, 102.442428589, 41.7136077881, 6.38836574554], [147.893341064, 33.7428092957, -26.8589935303, 6.38062572479, 25.2301998138, 15.9246492386, 3.8175983429, 6.32679700851, 17.0956764221, 13.8203573227, 41.7136077881, 102.709632874, 45.1577758789], [120.952095032, 14.9650239944, -10.1542444229, 5.31437349319, 2.83667850494, -4.25514173508, 13.2549858093, 13.7111339569, -2.2570502758, 14.1571483612, 6.38836574554, 45.1577758789, 114.445739746]],
