{
"lowlevel": {
    "average_loudness": 0.722949504852,
    "barkbands_crest": {
        "dmean": 2.40174245834,
        "dmean2": 3.77048873901,
        "dvar": 5.22311210632,
        "dvar2": 12.0192260742,
        "max": 26.0404720306,
        "mean": 10.1529693604,
        "median": 9.25749874115,
        "min": 2.32161664963,
        "var": 17.9276409149
    },
    "barkbands_flatness_db": {
        "dmean": 0.0245292559266,
        "dmean2": 0.034795101732,
        "dvar": 0.000617041485384,
        "dvar2": 0.00120755948592,
        "max": 0.543567895889,
        "mean": 0.134061902761,
        "median": 0.124107398093,
        "min": 0.0162374228239,
        "var": 0.00366721232422
    },
    "barkbands_kurtosis": {
        "dmean": 2.58638596535,
        "dmean2": 3.95677757263,
        "dvar": 48.1750640869,
        "dvar2": 101.359230042,
        "max": 288.759674072,
        "mean": 3.79627847672,
        "median": 1.00829458237,
        "min": -1.82162368298,
        "var": 132.158447266
    },
    "barkbands_skewness": {
        "dmean": 0.499036371708,
        "dmean2": 0.761128842831,
        "dvar": 0.343753814697,
        "dvar2": 0.778344392776,
        "max": 14.599773407,
        "mean": 1.22679293156,
        "median": 1.04616785049,
        "min": -2.56676054001,
        "var": 1.47667920589
    },
    "barkbands_spread": {
        "dmean": 5.22664070129,
        "dmean2": 7.89937210083,
        "dvar": 36.0963401794,
        "dvar2": 79.8951568604,
        "max": 109.752334595,
        "mean": 22.4351558685,
        "median": 20.6769275665,
        "min": 0.494521141052,
        "var": 170.301223755
    },
    "dissonance": {
        "dmean": 0.0258587412536,
        "dmean2": 0.0429504141212,
        "dvar": 0.000626441207714,
        "dvar2": 0.00167027593125,
        "max": 0.500000119209,
        "mean": 0.448949873447,
        "median": 0.457452118397,
        "min": 0.219228044152,
        "var": 0.00133118557278
    },
    "dynamic_complexity": 3.76268267632,
    "erbbands_crest": {
        "dmean": 3.04444861412,
        "dmean2": 4.68849420547,
        "dvar": 9.26720333099,
        "dvar2": 19.863861084,
        "max": 33.6940803528,
        "mean": 12.1476345062,
        "median": 10.5945110321,
        "min": 2.30864286423,
        "var": 42.4775505066
    },
    "erbbands_flatness_db": {
        "dmean": 0.0233379695565,
        "dmean2": 0.0319507196546,
        "dvar": 0.000552928366233,
        "dvar2": 0.000994405243546,
        "max": 0.413561820984,
        "mean": 0.163594707847,
        "median": 0.158630654216,
        "min": 0.0489124506712,
        "var": 0.00293131358922
    },
    "erbbands_kurtosis": {
        "dmean": 1.32368218899,
        "dmean2": 1.99578166008,
        "dvar": 8.94302463531,
        "dvar2": 19.2002639771,
        "max": 90.0636978149,
        "mean": 1.40241146088,
        "median": 0.147858142853,
        "min": -1.80533897877,
        "var": 21.0009689331
    },
    "erbbands_skewness": {
        "dmean": 0.394231379032,
        "dmean2": 0.602671086788,
        "dvar": 0.184370979667,
        "dvar2": 0.411036252975,
        "max": 7.11263608932,
        "mean": 0.4574252069,
        "median": 0.389553785324,
        "min": -2.99726057053,
        "var": 0.722542285919
    },
    "erbbands_spread": {
        "dmean": 8.52575111389,
        "dmean2": 12.7467737198,
        "dvar": 99.0605010986,
        "dvar2": 204.04675293,
        "max": 174.578460693,
        "mean": 34.8291931152,
        "median": 30.9952354431,
        "min": 1.77680063248,
        "var": 403.674499512
    },
    "hfc": {
        "dmean": 6.22826528549,
        "dmean2": 8.79766368866,
        "dvar": 68.0325469971,
        "dvar2": 140.68107605,
        "max": 145.176223755,
        "mean": 20.0990524292,
        "median": 15.8854856491,
        "min": 1.30867477088e-16,
        "var": 292.991027832
    },
    "melbands_crest": {
        "dmean": 3.08862781525,
        "dmean2": 4.93775510788,
        "dvar": 8.25978374481,
        "dvar2": 20.4258441925,
        "max": 33.2059440613,
        "mean": 13.68795681,
        "median": 12.8044948578,
        "min": 3.26742720604,
        "var": 24.2643356323
    },
    "melbands_flatness_db": {
        "dmean": 0.0271999556571,
        "dmean2": 0.0399664640427,
        "dvar": 0.000845100323204,
        "dvar2": 0.00174705055542,
        "max": 0.710174024105,
        "mean": 0.199261054397,
        "median": 0.188450053334,
        "min": 0.00722690252587,
        "var": 0.0055244625546
    },
    "melbands_kurtosis": {
        "dmean": 6.25676631927,
        "dmean2": 9.82978343964,
        "dvar": 298.203704834,
        "dvar2": 647.738647461,
        "max": 520.444702148,
        "mean": 10.8564758301,
        "median": 4.49260520935,
        "min": -1.71498835087,
        "var": 642.94128418
    },
    "melbands_skewness": {
        "dmean": 0.703296303749,
        "dmean2": 1.0811111927,
        "dvar": 0.759757339954,
        "dvar2": 1.71528804302,
        "max": 17.4205112457,
        "mean": 2.09010958672,
        "median": 1.79579627514,
        "min": -1.87288117409,
        "var": 2.82972836494
    },
    "melbands_spread": {
        "dmean": 6.28783512115,
        "dmean2": 9.63504505157,
        "dvar": 58.510799408,
        "dvar2": 132.790298462,
        "max": 194.526092529,
        "mean": 25.1512908936,
        "median": 23.5904254913,
        "min": 0.45540907979,
        "var": 237.30229187
    },
    "pitch_salience": {
        "dmean": 0.0682554394007,
        "dmean2": 0.108108796179,
        "dvar": 0.00431102141738,
        "dvar2": 0.0104934182018,
        "max": 0.872364997864,
        "mean": 0.501306533813,
        "median": 0.496734321117,
        "min": 0.100014530122,
        "var": 0.0121829602867
    },
    "silence_rate_20dB": {
        "dmean": 0,
        "dmean2": 0,
        "dvar": 0,
        "dvar2": 0,
        "max": 1,
        "mean": 1,
        "median": 1,
        "min": 1,
        "var": 0
    },
    "silence_rate_30dB": {
        "dmean": 0.00177705974784,
        "dmean2": 0.00355440657586,
        "dvar": 0.00177374994382,
        "dvar2": 0.0045115025714,
        "max": 1,
        "mean": 0.998546183109,
        "median": 1,
        "min": 0,
        "var": 0.00145160173997
    },
    "silence_rate_60dB": {
        "dmean": 0.0250403881073,
        "dmean2": 0.0500848218799,
        "dvar": 0.0244159437716,
        "dvar2": 0.0545184649527,
        "max": 1,
        "mean": 0.0694612711668,
        "median": 0,
        "min": 0,
        "var": 0.0646338313818
    },
    "spectral_centroid": {
        "dmean": 235.871139526,
        "dmean2": 364.002502441,
        "dvar": 73266.640625,
        "dvar2": 164356.6875,
        "max": 10325.7587891,
        "mean": 1329.44934082,
        "median": 1280.68933105,
        "min": 128.427658081,
        "var": 329169.15625
    },
    "spectral_complexity": {
        "dmean": 3.96494340897,
        "dmean2": 6.22877454758,
        "dvar": 26.4478092194,
        "dvar2": 61.693107605,
        "max": 53,
        "mean": 14.825296402,
        "median": 14,
        "min": 0,
        "var": 70.0042724609
    },
    "spectral_decrease": {
        "dmean": 1.93948923588e-09,
        "dmean2": 2.95707880404e-09,
        "dvar": 7.32124490717e-18,
        "dvar2": 1.75474273573e-17,
        "max": 1.07361133269e-28,
        "mean": -5.62123414483e-09,
        "median": -4.45713954633e-09,
        "min": -3.98743402741e-08,
        "var": 2.0664951972e-17
    },
    "spectral_energy": {
        "dmean": 0.00779337948188,
        "dmean2": 0.0118054235354,
        "dvar": 0.000115027440188,
        "dvar2": 0.000272419390967,
        "max": 0.153701409698,
        "mean": 0.023038841784,
        "median": 0.0183087941259,
        "min": 1.14648614227e-20,
        "var": 0.00034028297523
    },
    "spectral_energyband_high": {
        "dmean": 0.000318527541822,
        "dmean2": 0.000470052880701,
        "dvar": 3.24332859236e-07,
        "dvar2": 7.67800543144e-07,
        "max": 0.00791499111801,
        "mean": 0.000713953806553,
        "median": 0.000337037286954,
        "min": 8.71576219978e-21,
        "var": 8.88885892891e-07
    },
    "spectral_energyband_low": {
        "dmean": 0.0033581322059,
        "dmean2": 0.00573984766379,
        "dvar": 6.15831158939e-05,
        "dvar2": 0.000168058599229,
        "max": 0.124464102089,
        "mean": 0.00546552985907,
        "median": 0.00372282508761,
        "min": 1.15429888941e-22,
        "var": 6.48743225611e-05
    },
    "spectral_energyband_middle_high": {
        "dmean": 0.0024821900297,
        "dmean2": 0.00357208191417,
        "dvar": 1.41969758261e-05,
        "dvar2": 2.82799555862e-05,
        "max": 0.0806550607085,
        "mean": 0.00752408150584,
        "median": 0.00510660326108,
        "min": 1.22803888052e-21,
        "var": 7.16102440492e-05
    },
    "spectral_energyband_middle_low": {
        "dmean": 0.00415777647868,
        "dmean2": 0.00607477733865,
        "dvar": 3.71411624656e-05,
        "dvar2": 7.76188462623e-05,
        "max": 0.111217871308,
        "mean": 0.0103387907147,
        "median": 0.00679210713133,
        "min": 3.41652830774e-22,
        "var": 0.000121354969451
    },
    "spectral_entropy": {
        "dmean": 0.241926833987,
        "dmean2": 0.340341061354,
        "dvar": 0.0702982395887,
        "dvar2": 0.130460292101,
        "max": 9.79703617096,
        "mean": 7.40216779709,
        "median": 7.46633291245,
        "min": 4.36333465576,
        "var": 0.319140225649
    },
    "spectral_flux": {
        "dmean": 0.0258997417986,
        "dmean2": 0.0408175364137,
        "dvar": 0.000972086621914,
        "dvar2": 0.0022465500515,
        "max": 0.347328603268,
        "mean": 0.069685921073,
        "median": 0.0602288618684,
        "min": 1.07074092648e-10,
        "var": 0.00196164753288
    },
    "spectral_kurtosis": {
        "dmean": 1.88471794128,
        "dmean2": 3.05152058601,
        "dvar": 14.9949197769,
        "dvar2": 32.4446296692,
        "max": 137.284393311,
        "mean": 5.05715751648,
        "median": 3.90008497238,
        "min": -1.15352678299,
        "var": 29.3246002197
    },
    "spectral_rms": {
        "dmean": 0.000778551620897,
        "dmean2": 0.00115283206105,
        "dvar": 8.83999518919e-07,
        "dvar2": 2.01543593903e-06,
        "max": 0.0122455134988,
        "mean": 0.00434332713485,
        "median": 0.00422637397423,
        "min": 3.34443280361e-12,
        "var": 3.61234106094e-06
    },
    "spectral_rolloff": {
        "dmean": 429.434936523,
        "dmean2": 725.336364746,
        "dvar": 563728.1875,
        "dvar2": 1225847.5,
        "max": 18798.4863281,
        "mean": 1580.89001465,
        "median": 1313.52539062,
        "min": 64.599609375,
        "var": 2340572.5
    },
    "spectral_skewness": {
        "dmean": 0.260835170746,
        "dmean2": 0.41153344512,
        "dvar": 0.131560012698,
        "dvar2": 0.284524917603,
        "max": 10.1333007812,
        "mean": 1.63910746574,
        "median": 1.56167709827,
        "min": 0.0648926794529,
        "var": 0.400423228741
    },
    "spectral_spread": {
        "dmean": 643640.5625,
        "dmean2": 944026.6875,
        "dvar": 590844133376,
        "dvar2": 1.11521601946e+12,
        "max": 39852512,
        "mean": 4929813.5,
        "median": 4801748.5,
        "min": 736674.75,
        "var": 2.4449777664e+12
    },
    "spectral_strongpeak": {
        "dmean": 0.725374639034,
        "dmean2": 1.18394386768,
        "dvar": 1.17981433868,
        "dvar2": 2.65768170357,
        "max": 14.9877166748,
        "mean": 1.63627243042,
        "median": 0.887768447399,
        "min": 0,
        "var": 3.56961774826
    },
    "zerocrossingrate": {
        "dmean": 0.0095138726756,
        "dmean2": 0.0111691327766,
        "dvar": 0.000124229161884,
        "dvar2": 0.000146723585203,
        "max": 0.498046875,
        "mean": 0.0657669603825,
        "median": 0.0595703125,
        "min": 0.00244140625,
        "var": 0.00148519559298
    },
    "barkbands": {
        "dmean": [0.000104499180452, 0.00155415560585, 0.00172481278423, 0.00115725875366, 0.00123148632701, 0.000992891611531, 0.0014594035456, 0.000457975751488, 0.000478320289403, 0.000670174136758, 0.000575079699047, 0.000565500697121, 0.000717743008863, 0.000189293015865, 0.0002226116776, 0.000270076357992, 0.000302362168441, 0.000146296733874, 0.000153641682118, 0.000116615585284, 9.86505765468e-05, 8.66786431288e-05, 6.35220858385e-05, 3.95348288293e-05, 2.80749736703e-05, 2.16485514102e-05, 5.96053087065e-06],
        "dmean2": [0.000168423837749, 0.00272078998387, 0.00287093478255, 0.00193082576152, 0.00192451488692, 0.00156702462118, 0.00206710514612, 0.000673666712828, 0.000738303526305, 0.000949272944126, 0.00083895836724, 0.000843988265842, 0.0010338149732, 0.000283138127998, 0.000349260808434, 0.00043325976003, 0.000466083467472, 0.000233717408264, 0.000247105490416, 0.000188677455299, 0.000160336872796, 0.000139830110129, 9.84334183158e-05, 5.79156803724e-05, 4.1235354729e-05, 3.21226398228e-05, 9.15354848985e-06],
        "dvar": [7.1782444877e-08, 1.15328248285e-05, 1.77268502739e-05, 6.17141631665e-06, 6.01196506977e-06, 7.02129045749e-06, 1.30170601551e-05, 1.14011629648e-06, 1.20497770695e-06, 2.32430397773e-06, 2.58167187894e-06, 4.79639356854e-06, 3.53239192918e-06, 2.38851185941e-07, 3.00812558862e-07, 4.15891435068e-07, 5.16265458828e-07, 8.66115144049e-08, 1.10743393122e-07, 5.01013452947e-08, 4.34753069101e-08, 2.50833025461e-08, 1.63582427604e-08, 5.79256420608e-09, 3.56792706491e-09, 1.82784554159e-09, 1.80949991102e-10],
        "dvar2": [1.65678841313e-07, 3.38903773809e-05, 4.55535482615e-05, 1.58851453307e-05, 1.37762626764e-05, 1.54455847223e-05, 2.41338984779e-05, 2.21812092605e-06, 2.41484372054e-06, 4.14623946199e-06, 4.73379077448e-06, 1.02700896605e-05, 6.60202795189e-06, 5.03037369981e-07, 6.66173491481e-07, 9.69898792391e-07, 1.04065691175e-06, 1.91195454136e-07, 2.6185566071e-07, 1.2399119953e-07, 1.16653737336e-07, 6.43379536314e-08, 4.04974862533e-08, 1.23307373201e-08, 8.20306933491e-09, 3.89904863951e-09, 4.15841056034e-10],
        "max": [0.00522728916258, 0.0377751737833, 0.0890631601214, 0.0874340683222, 0.069258235395, 0.0766402408481, 0.104611597955, 0.023070929572, 0.0338598452508, 0.0495880767703, 0.0616808980703, 0.0607788935304, 0.0765384063125, 0.0190662406385, 0.0139750074595, 0.0248823259026, 0.035860799253, 0.00728542078286, 0.0129772629589, 0.0059429584071, 0.00297098816372, 0.00207909545861, 0.0021442307625, 0.00205917679705, 0.00155343068764, 0.00077278597746, 0.000169895545696],
        "mean": [0.000116071292723, 0.00222616503015, 0.00244078994729, 0.00157669594046, 0.00211538188159, 0.00163776590489, 0.00246875104494, 0.0008941545384, 0.000977737363428, 0.00179929030128, 0.001358354697, 0.000944503524806, 0.00146413082257, 0.000386449566577, 0.000376873707864, 0.000439971830929, 0.000541474146303, 0.000229121316806, 0.000239646091359, 0.00018516126147, 0.000166682977579, 0.000162229000125, 0.000116036535474, 7.93041108409e-05, 5.25305185874e-05, 3.5743432818e-05, 7.85439442552e-06],
        "median": [2.48662763624e-05, 0.00136959296651, 0.00125648966059, 0.000883194617927, 0.000722715980373, 0.000451345578767, 0.000536609615665, 0.000126571772853, 0.000184812583029, 0.000234077757341, 0.000139786425279, 0.000108963977254, 0.000252734898822, 8.07908581919e-05, 0.000120745426102, 0.000136851260322, 0.000186294768355, 9.65530634858e-05, 0.000106702384073, 8.08267795946e-05, 7.42531119613e-05, 6.3385006797e-05, 4.19628631789e-05, 2.933999167e-05, 1.92406787392e-05, 1.14342847155e-05, 1.6251328816e-06],
        "min": [2.00018818241e-24, 5.16129507517e-23, 8.41273375967e-24, 1.00442958002e-22, 7.6172976988e-23, 3.67771750288e-23, 1.89139925431e-23, 7.5307653373e-23, 1.70011878637e-23, 9.21222803657e-23, 5.69150458234e-23, 5.3929327204e-23, 5.36949787171e-23, 1.07914493138e-22, 8.57002205343e-23, 1.30025216704e-22, 1.36608519705e-22, 1.36717546593e-22, 2.15303062177e-22, 3.5376996147e-22, 5.49397267571e-22, 6.04083781337e-22, 7.23325774338e-22, 9.29293898325e-22, 1.47629312972e-21, 2.02193839812e-21, 2.29369671381e-21],
        "var": [8.32143811635e-08, 1.08854701466e-05, 1.97433510039e-05, 7.10921494829e-06, 1.5293895558e-05, 1.42912304e-05, 3.83883525501e-05, 4.4237599468e-06, 6.5362787609e-06, 2.02187420655e-05, 1.79945600394e-05, 1.19253090816e-05, 1.37645411087e-05, 1.43494537497e-06, 7.03113244072e-07, 9.07704759356e-07, 1.44292630466e-06, 1.61636762641e-07, 2.040856657e-07, 9.31562311735e-08, 6.2911517773e-08, 5.8955567539e-08, 3.41756276612e-08, 1.62128355186e-08, 7.36252969702e-09, 3.82292064671e-09, 2.63090854657e-10]
    },
    "erbbands": {
        "dmean": [0.0410310849547, 0.384926885366, 1.72292876244, 2.82661986351, 4.37899923325, 4.23275184631, 5.88852882385, 9.11784362793, 22.8140869141, 12.2809095383, 9.03608417511, 12.1162796021, 14.1677312851, 22.5075721741, 22.0462322235, 27.5059680939, 35.3250846863, 10.3991937637, 10.2400789261, 11.8020858765, 14.8443183899, 14.0514764786, 9.09561824799, 7.82024097443, 7.18170690536, 5.81500482559, 4.05630874634, 3.90342569351, 3.31782865524, 2.41335248947, 1.73480975628, 0.898842692375, 0.647572219372, 0.337592571974, 0.20322458446, 0.114104837179, 0.0365181900561, 0.00830232724547, 0.0010939266067, 4.90480633744e-05],
        "dmean2": [0.0714469403028, 0.675593972206, 2.88937163353, 4.76083946228, 6.88650846481, 6.84812784195, 9.45049190521, 14.2892208099, 32.23695755, 17.732219696, 13.8551969528, 18.5375804901, 19.9980506897, 32.0286636353, 32.668056488, 40.7067375183, 50.5231552124, 15.3288974762, 16.0223293304, 18.6928329468, 23.3294067383, 21.7705516815, 14.2070493698, 12.2925786972, 11.8130893707, 9.32973098755, 6.63015365601, 6.40581893921, 5.37747955322, 3.79532456398, 2.7044813633, 1.33113694191, 0.967267155647, 0.495217055082, 0.307256370783, 0.171915158629, 0.0548300072551, 0.0124086486176, 0.00169603573158, 7.40774630685e-05],
        "dvar": [0.00838765501976, 0.710434913635, 16.2688274384, 44.4348907471, 85.2008285522, 80.0888900757, 265.994659424, 619.111633301, 3536.60107422, 563.034179688, 405.38949585, 783.494750977, 2165.10644531, 3017.0090332, 3160.08618164, 11293.1435547, 7747.50048828, 725.277160645, 444.061798096, 824.190612793, 969.834106445, 1196.06420898, 353.398864746, 332.964752197, 240.421890259, 115.739646912, 69.9871139526, 70.4790420532, 39.5863876343, 22.5663318634, 12.0401086807, 3.00420165062, 1.89272415638, 0.394453167915, 0.24780228734, 0.0571942105889, 0.00550846662372, 0.000298124592518, 6.29107353234e-06, 1.18525136372e-08],
        "dvar2": [0.0245126355439, 2.05599761009, 43.1017456055, 111.642448425, 193.401626587, 195.342651367, 655.81237793, 1310.60961914, 6673.47607422, 1137.09643555, 890.503051758, 1544.01855469, 3431.56347656, 5502.63574219, 6061.07519531, 24442.9589844, 14736.0791016, 1494.87158203, 1010.74481201, 1880.3560791, 2122.59399414, 2560.59667969, 769.992797852, 732.891357422, 583.264587402, 278.950408936, 185.325012207, 191.241409302, 102.234947205, 56.4245452881, 29.8941574097, 6.36468410492, 4.42765140533, 0.831223428249, 0.613710343838, 0.129607766867, 0.0119972750545, 0.000635657750536, 1.47113069033e-05, 2.74212794693e-08],
        "max": [0.869533836842, 10.0970582962, 55.5671005249, 247.348495483, 170.214401245, 291.818023682, 722.618774414, 892.563903809, 1776.12548828, 473.50869751, 640.391967773, 919.287536621, 1888.50488281, 2332.7121582, 1153.79138184, 3118.88061523, 3756.04589844, 1040.97827148, 535.793884277, 737.6640625, 923.090270996, 1579.48950195, 496.542419434, 755.288208008, 439.942901611, 330.304962158, 133.025360107, 114.385597229, 99.3132019043, 84.1133728027, 54.3629341125, 52.6973991394, 32.6481361389, 15.6931352615, 15.7509698868, 4.35448551178, 1.69753205776, 0.360943198204, 0.0294640474021, 0.00126464955974],
        "mean": [0.0544906817377, 0.557232797146, 2.54231572151, 4.10491800308, 6.47864437103, 6.99456214905, 9.70079612732, 15.1660013199, 38.1957702637, 23.1587333679, 18.1058578491, 27.0276279449, 41.9842414856, 61.4112281799, 46.8063354492, 50.4909896851, 73.7739868164, 23.7150802612, 18.9380111694, 20.5811805725, 25.8956184387, 25.4724178314, 15.9571342468, 12.9057216644, 11.1315565109, 9.53519630432, 6.89370059967, 6.58726072311, 6.03516101837, 4.53189468384, 3.13261055946, 1.80884516239, 1.22035634518, 0.644031822681, 0.353645265102, 0.183125957847, 0.0599232837558, 0.012973154895, 0.00140700303018, 8.15572930151e-05],
        "median": [0.0287793297321, 0.344156801701, 1.41507160664, 2.65174889565, 2.68772292137, 2.26506757736, 3.02007341385, 4.67134046555, 7.14719629288, 6.55851840973, 4.9465637207, 5.83289861679, 6.95883226395, 11.805188179, 9.93772888184, 11.8098077774, 15.3714437485, 7.70763635635, 7.52495956421, 7.26748514175, 8.93587303162, 9.39745807648, 6.98006868362, 5.86410951614, 5.11703968048, 4.21501064301, 3.06817722321, 2.82947587967, 2.37964224815, 1.57564973831, 1.17052900791, 0.699309468269, 0.424795985222, 0.23318760097, 0.124608136714, 0.058604631573, 0.0192406363785, 0.00338940159418, 0.000294008117635, 4.11123910453e-05],
        "min": [1.64778962249e-21, 1.09288871598e-20, 1.19593336754e-20, 1.95915427487e-19, 1.71531849089e-19, 3.48390250184e-19, 3.29386059954e-19, 3.51552975257e-19, 2.91478802324e-19, 5.22331056012e-19, 1.81939078835e-18, 4.57218396722e-19, 1.79068059005e-18, 2.55746688493e-18, 2.60393706456e-18, 2.44096035681e-18, 3.17219174062e-18, 5.2171335889e-18, 5.02168983531e-18, 5.34181369545e-18, 5.89356177559e-18, 7.90301426687e-18, 8.62817621293e-18, 7.7928710324e-18, 1.29870606991e-17, 1.88124743727e-17, 2.5954738902e-17, 1.65519452686e-17, 2.13312707708e-17, 1.87298142141e-17, 2.20467059e-17, 1.77731467484e-17, 1.63302343946e-17, 1.35148871295e-17, 1.12889110139e-17, 6.21448800092e-18, 4.29913681689e-18, 1.42790688394e-18, 3.65669122603e-19, 3.36996483481e-20],
        "var": [0.00758774671704, 0.683012604713, 17.0545902252, 53.2466011047, 142.979629517, 206.910812378, 527.886535645, 1184.11621094, 10081.4150391, 1925.00622559, 1268.13244629, 4774.78369141, 24124.0839844, 26316.8066406, 11361.671875, 27013.0585938, 30915.5898438, 4365.39892578, 1116.640625, 1899.50585938, 2493.22192383, 2993.32617188, 760.270385742, 646.710571289, 411.159210205, 241.523605347, 110.820457458, 100.624588013, 85.0533752441, 52.2018127441, 24.2740516663, 8.43378067017, 3.98766183853, 1.02440929413, 0.394505530596, 0.103994511068, 0.0111409332603, 0.000580829218961, 8.60093950905e-06, 1.63136046893e-08]
    },
    "gfcc": {
        "mean": [-12.2892866135, 79.013885498, -111.408889771, 24.7086143494, -53.5898971558, 13.6340723038, -32.2855300903, 4.62205076218, -24.2438144684, 1.17817425728, -15.7420578003, 4.19757032394, -14.3183403015],
        "cov": [[9945.90332031, -708.251525879, -842.958496094, 102.399627686, -244.035980225, 109.031188965, -273.785919189, 120.593025208, -204.337982178, 92.0744934082, -64.303894043, 81.4720001221, -213.091720581], [-708.251525879, 1383.16577148, -20.3903694153, 81.8242111206, 321.827209473, -73.0173110962, 122.94140625, 2.11882138252, 140.978683472, -127.58241272, 55.1515960693, -72.772644043, 80.0899963379], [-842.958496094, -20.3903694153, 976.314941406, 246.40486145, 71.8505859375, 122.120742798, 57.9337730408, -13.9429912567, -34.0103302002, 45.0795440674, -69.6177825928, -18.6399765015, 7.50714969635], [102.399627686, 81.8242111206, 246.40486145, 543.981445312, 37.6686820984, 92.5378646851, 58.0823974609, -19.9816761017, 22.7432861328, -16.465423584, -10.8477811813, -44.778301239, -19.2429733276], [-244.035980225, 321.827209473, 71.8505859375, 37.6686820984, 340.386444092, 43.8347549438, 76.53074646, 67.3529968262, 40.895488739, -28.734746933, 7.77515459061, -11.2532930374, 5.06128406525], [109.031188965, -73.0173110962, 122.120742798, 92.5378646851, 43.8347549438, 240.807403564, 102.05317688, 0.98749268055, -42.1307792664, 3.08647871017, -10.140753746, -5.65998649597, -21.9835453033], [-273.785919189, 122.94140625, 57.9337730408, 58.0823974609, 76.53074646, 102.05317688, 200.61958313, 52.407699585, 11.6350917816, -13.5654964447, 11.2410478592, -27.9269275665, -11.3014335632], [120.593025208, 2.11882138252, -13.9429912567, -19.9816761017, 67.3529968262, 0.98749268055, 52.407699585, 147.730194092, 67.7414474487, 3.60159564018, -18.4546089172, 3.44936919212, 3.14043593407], [-204.337982178, 140.978683472, -34.0103302002, 22.7432861328, 40.895488739, -42.1307792664, 11.6350917816, 67.7414474487, 154.605484009, 24.1069316864, -16.8366966248, -33.6491203308, 9.72841930389], [92.0744934082, -127.58241272, 45.0795440674, -16.465423584, -28.734746933, 3.08647871017, -13.5654964447, 3.60159564018, 24.1069316864, 125.908660889, 49.7708358765, 0.954317450523, -36.9997787476], [-64.303894043, 55.1515960693, -69.6177825928, -10.8477811813, 7.77515459061, -10.140753746, 11.2410478592, -18.4546089172, -16.8366966248, 49.7708358765, 137.220581055, 49.0390663147, -28.2032394409], [81.4720001221, -72.772644043, -18.6399765015, -44.778301239, -11.2532930374, -5.65998649597, -27.9269275665, 3.44936919212, -33.6491203308, 0.954317450523, 49.0390663147, 117.589447021, 35.3705024719], [-213.091720581, 80.0899963379, 7.50714969635, -19.2429733276, 5.06128406525, -21.9835453033, -11.3014335632, 3.14043593407, 9.72841930389, -36.9997787476, -28.2032394409, 35.3705024719, 114.819236755]],
        "icov": [[0.000166986443219, -0.000138646675623, 0.000257389008766, -0.000204214491532, 0.000114347501949, -0.000166634330526, 0.000339530524798, -0.000497683766298, 0.000602791609708, -0.000536419684067, 0.000603067339398, -0.000333005154971, 0.000392436428228], [-0.000138646675623, 0.00187985773664, -0.00044937900384, 0.000315311888698, -0.00133970472962, 0.000656198244542, -0.000867654976901, 0.0016472521238, -0.00240696640685, 0.00289455614984, -0.00300221401267, 0.00199234089814, -0.00164660695009], [0.000257389008766, -0.00044937900384, 0.00190599146299, -0.00100922677666, -0.000140456686495, -0.000341646198649, 0.000125603590277, -0.000576319580432, 0.00194289616775, -0.00281587010249, 0.0029195912648, -0.00131597532891, 0.000516808824614], [-0.000204214491532, 0.000315311888698, -0.00100922677666, 0.00270068249665, -8.21724606794e-05, -0.000630220514722, -0.000395525305066, 0.00125693751033, -0.00209686881863, 0.00217718724161, -0.0019288189942, 0.00130294135306, -0.00026659341529], [0.000114347501949, -0.00133970472962, -0.000140456686495, -8.21724606794e-05, 0.00477327546105, -0.00116542621981, 0.000440136733232, -0.00277171144262, 0.000832372286823, -0.000149938816321, 0.000295015808661, -0.000544438429642, 0.000949041219428], [-0.000166634330526, 0.000656198244542, -0.000341646198649, -0.000630220514722, -0.00116542621981, 0.00715371826664, -0.00433446606621, 0.0017887793947, 0.00101811438799, -0.000784019939601, 0.00152487086598, -0.00110131420661, 0.00047013637959], [0.000339530524798, -0.000867654976901, 0.000125603590277, -0.000395525305066, 0.000440136733232, -0.00433446606621, 0.00997228734195, -0.00525605725124, 0.00183676788583, 0.000811743782833, -0.00246564648114, 0.00299612851813, 1.42153094203e-05], [-0.000497683766298, 0.0016472521238, -0.000576319580432, 0.00125693751033, -0.00277171144262, 0.0017887793947, -0.00525605725124, 0.0141020361334, -0.00784962717444, 0.00197376240976, 0.000841828761622, -0.0027286875993, 8.57714767335e-05], [0.000602791609708, -0.00240696640685, 0.00194289616775, -0.00209686881863, 0.000832372286823, 0.00101811438799, 0.00183676788583, -0.00784962717444, 0.0156151717529, -0.00849797576666, 0.00570610817522, 0.000541164947208, 4.63492360723e-05], [-0.000536419684067, 0.00289455614984, -0.00281587010249, 0.00217718724161, -0.000149938816321, -0.000784019939601, 0.000811743782833, 0.00197376240976, -0.00849797576666, 0.0189475025982, -0.0124575439841, 0.0053811497055, -0.000475093751447], [0.000603067339398, -0.00300221401267, 0.0029195912648, -0.0019288189942, 0.000295015808661, 0.00152487086598, -0.00246564648114, 0.000841828761622, 0.00570610817522, -0.0124575439841, 0.0217930618674, -0.0126566328108, 0.00746660958976], [-0.000333005154971, 0.00199234089814, -0.00131597532891, 0.00130294135306, -0.000544438429642, -0.00110131420661, 0.00299612851813, -0.0027286875993, 0.000541164947208, 0.0053811497055, -0.0126566328108, 0.0189743414521, -0.00878645759076], [0.000392436428228, -0.00164660695009, 0.000516808824614, -0.00026659341529, 0.000949041219428, 0.00047013637959, 1.42153094203e-05, 8.57714767335e-05, 4.63492360723e-05, -0.000475093751447, 0.00746660958976, -0.00878645759076, 0.0149386972189]]
    },
    "melbands": {
        "dmean": [0.000388398155337, 0.000749636208639, 0.000550759432372, 0.000287416856736, 0.000200682334253, 0.00020602933364, 0.000332651834469, 0.000121096352814, 7.84200237831e-05, 7.23958582967e-05, 7.2423601523e-05, 9.36009091674e-05, 7.54185093683e-05, 6.69842993375e-05, 8.65188849275e-05, 5.08201374032e-05, 1.98227789951e-05, 1.599719144e-05, 1.5586228983e-05, 2.00216309167e-05, 1.75634249899e-05, 1.61235766427e-05, 1.30793441713e-05, 7.20920525055e-06, 6.51101345284e-06, 6.26245309832e-06, 4.15612112192e-06, 3.98562178816e-06, 2.8266561003e-06, 2.25119856623e-06, 2.63717879534e-06, 2.15733894038e-06, 1.57748843321e-06, 1.35874859097e-06, 1.22451729112e-06, 6.7769275347e-07, 5.41953625088e-07, 5.46422938896e-07, 3.45521044665e-07, 2.77405092675e-07],
        "dmean2": [0.000675775692798, 0.00127265893389, 0.000908149231691, 0.000447561178589, 0.000323471176671, 0.000322433799738, 0.00047009321861, 0.000174938701093, 0.000121562021377, 0.000110410175694, 0.000102209072793, 0.000132976449095, 0.000111839799501, 9.94901711238e-05, 0.000127180523123, 7.21826872905e-05, 2.94940091408e-05, 2.51779074461e-05, 2.43310096266e-05, 3.20482577081e-05, 2.76647242572e-05, 2.49765216722e-05, 2.03322470043e-05, 1.1550668205e-05, 1.02415506262e-05, 1.02505455288e-05, 6.86283283358e-06, 6.37614220977e-06, 4.66125129606e-06, 3.68016208085e-06, 4.36118125435e-06, 3.54071107722e-06, 2.53410166806e-06, 2.14719148062e-06, 1.94377025764e-06, 1.04083130736e-06, 8.17811496745e-07, 8.3937720774e-07, 5.20683045124e-07, 4.13452227122e-07],
        "dvar": [7.29039982161e-07, 3.04015588881e-06, 1.30193973291e-06, 3.49674564859e-07, 2.40152417064e-07, 2.9122639944e-07, 7.15696955922e-07, 6.05358110306e-08, 2.88857311403e-08, 2.72525539913e-08, 5.44456639773e-08, 4.98036918373e-08, 3.71100661312e-08, 5.83931409892e-08, 5.03704562504e-08, 1.89796018901e-08, 3.38765127061e-09, 9.85079240401e-10, 2.29663821294e-09, 2.97159430396e-09, 1.43122991236e-09, 2.02677274963e-09, 1.01119834728e-09, 2.27488028415e-10, 2.62338845092e-10, 1.91152024764e-10, 7.85650225432e-11, 5.95405877379e-11, 3.22525929575e-11, 2.59547279502e-11, 3.01488972676e-11, 1.79489409446e-11, 8.671361372e-12, 8.00963375486e-12, 6.25255229536e-12, 1.8040758774e-12, 1.14167052548e-12, 1.52402092682e-12, 4.50933995005e-13, 2.70630875565e-13],
        "dvar2": [2.12155714507e-06, 8.23885420687e-06, 3.21348738908e-06, 7.85683766935e-07, 5.97746122821e-07, 6.17056457486e-07, 1.32405386921e-06, 1.20730049957e-07, 6.42410142859e-08, 5.44776206368e-08, 8.60957740656e-08, 9.16666849093e-08, 7.38411998213e-08, 1.25331155232e-07, 1.06168243974e-07, 3.26785603022e-08, 7.21294668438e-09, 2.27646834716e-09, 4.96488627988e-09, 7.10736225429e-09, 3.05903480324e-09, 4.31361657505e-09, 2.12577577763e-09, 5.1618759267e-10, 5.76935887953e-10, 4.71992722684e-10, 1.88131440981e-10, 1.38524192117e-10, 8.60451224161e-11, 6.80669479114e-11, 8.16118214675e-11, 4.7043445528e-11, 2.19822510888e-11, 2.01861270754e-11, 1.588438929e-11, 4.22320815471e-12, 2.47430331432e-12, 3.72817315214e-12, 1.01960963544e-12, 5.77470959506e-13],
        "max": [0.00872498285025, 0.0222182758152, 0.0367452353239, 0.0197176076472, 0.0191535018384, 0.0175006818026, 0.0243007075042, 0.00527426647022, 0.00496239028871, 0.00493509788066, 0.009436015971, 0.00858439691365, 0.00405361549929, 0.00689101358876, 0.00912080425769, 0.00611160602421, 0.00239192997105, 0.000845657486934, 0.00150060292799, 0.00240383879282, 0.00120559288189, 0.00236052414402, 0.0007603331469, 0.000356456293957, 0.000693400856107, 0.0003204861423, 0.000297050457448, 0.000313005875796, 8.06547541288e-05, 0.000122000543342, 7.93610379333e-05, 8.23548034532e-05, 5.35363105882e-05, 5.43245114386e-05, 3.57245226041e-05, 3.11835028697e-05, 3.6784898839e-05, 3.04861896439e-05, 1.75319564732e-05, 1.19573260235e-05],
        "mean": [0.000553979014512, 0.00113955582492, 0.00081735040294, 0.000493721337989, 0.000336992234224, 0.000342117884429, 0.000557727762498, 0.000232285819948, 0.000153915112605, 0.000158074792125, 0.000207165096072, 0.000246353534749, 0.000162922384334, 0.00011683734192, 0.000175582215888, 0.000102992693428, 4.14890782849e-05, 2.84228226519e-05, 2.60876695393e-05, 3.27559537254e-05, 2.90433472401e-05, 2.75645452348e-05, 2.18387340283e-05, 1.11251492854e-05, 1.00466604636e-05, 9.23385778151e-06, 6.14660484644e-06, 6.2941617216e-06, 4.57408850707e-06, 3.41199302056e-06, 4.14056512454e-06, 3.63340632248e-06, 2.76957689493e-06, 2.38039660871e-06, 2.02513865588e-06, 1.22535652736e-06, 1.0361167142e-06, 9.46019724779e-07, 6.32090689123e-07, 5.0279294328e-07],
        "median": [0.000339763500961, 0.000719342380762, 0.000511956168339, 0.000175161549123, 0.000112970214104, 9.93715220829e-05, 0.000106891864561, 5.70896154386e-05, 3.80190758733e-05, 2.88381652354e-05, 2.59985263256e-05, 3.83635742764e-05, 2.42515779973e-05, 1.54709814524e-05, 3.3114451071e-05, 2.05807355087e-05, 7.76495198807e-06, 1.07626528916e-05, 7.81165090302e-06, 9.72598718363e-06, 9.16605222301e-06, 8.56018505146e-06, 7.43032842365e-06, 4.49807885161e-06, 4.00700082537e-06, 3.76339812647e-06, 2.82927885564e-06, 2.47974276135e-06, 1.89448769561e-06, 1.32786783524e-06, 1.68532756106e-06, 1.33996638851e-06, 1.03497461623e-06, 7.38514017939e-07, 7.08682080131e-07, 4.59660554952e-07, 3.90977191955e-07, 3.06444349008e-07, 2.32922346299e-07, 1.72934988996e-07],
        "min": [1.49712688943e-23, 8.09822517195e-24, 3.36355838054e-23, 1.55473582361e-23, 1.45409563145e-23, 7.95190725125e-24, 4.09400784338e-24, 7.53334475468e-24, 1.40131894363e-23, 1.8951296592e-24, 9.57851950515e-24, 1.07297484003e-23, 9.49170141822e-24, 4.85717752107e-24, 7.41319729451e-24, 5.49796647337e-24, 1.07197172451e-23, 7.76627408075e-24, 6.82306780626e-24, 8.38276098957e-24, 6.02016714908e-24, 6.82486719798e-24, 8.62777250926e-24, 7.70328038202e-24, 5.26241181821e-24, 1.1156925258e-23, 8.33101486963e-24, 1.28942091749e-23, 1.71580638987e-23, 1.09166745139e-23, 9.97566600586e-24, 1.12698719958e-23, 1.20389679911e-23, 9.8589264248e-24, 1.18573335565e-23, 1.33568760958e-23, 1.02106810802e-23, 1.09998598963e-23, 1.33455590972e-23, 1.04182161848e-23],
        "var": [6.8974225087e-07, 3.10396217174e-06, 1.66489905951e-06, 9.71536337602e-07, 4.85474572542e-07, 5.86257499435e-07, 2.09516610994e-06, 2.25574552815e-07, 9.89688828668e-08, 1.5664332409e-07, 5.97574739913e-07, 3.95865868086e-07, 1.56133836526e-07, 1.43805038988e-07, 1.83681805765e-07, 7.48609636503e-08, 2.10896615727e-08, 2.53334908606e-09, 5.14136333507e-09, 6.16387163532e-09, 3.64455554624e-09, 4.9378452438e-09, 2.29192997914e-09, 4.02850947046e-10, 4.95541885304e-10, 3.32499805467e-10, 1.27160004748e-10, 1.31529037661e-10, 5.34766814164e-11, 3.47946879642e-11, 4.31522352573e-11, 3.66754612791e-11, 1.73425978439e-11, 1.68330765993e-11, 1.12493391338e-11, 3.83278304927e-12, 3.03997213687e-12, 2.67392943724e-12, 1.03903745417e-12, 6.67338688649e-13]
    },
    "mfcc": {
        "mean": [-661.542541504, 113.088562012, 1.64805114269, 20.1585140228, 1.9617536068, 8.39168167114, -0.383071541786, 5.43710756302, -2.17159557343, -3.45377421379, -2.12052154541, 2.21032142639, 2.04536485672],
        "cov": [[8958.02539062, -542.083129883, -764.765930176, -83.2966766357, -141.676055908, -88.1936721802, -147.64855957, -36.9071617126, -168.437454224, -66.3904800415, 22.4531421661, 84.4455337524, 6.7897105217], [-542.083129883, 1237.74438477, -171.340301514, 78.4424285889, 186.630569458, -39.4313735962, 27.2494602203, 89.3678741455, 64.3373413086, 43.5245399475, -14.4376840591, -29.300699234, 12.123913765], [-764.765930176, -171.340301514, 819.24432373, 169.977127075, 37.9741973877, 181.101882935, 93.6013031006, -20.3056964874, 51.0724754333, 22.0340309143, 7.32081270218, -24.2936420441, -43.9345321655], [-83.2966766357, 78.4424285889, 169.977127075, 353.697418213, 105.52507019, 80.7707977295, 44.3260231018, 48.3684883118, 21.882818222, 41.6452941895, 19.2475357056, 6.87043952942, 22.727273941], [-141.676055908, 186.630569458, 37.9741973877, 105.52507019, 224.118927002, 50.7185325623, 29.6293697357, 46.6459732056, 46.0555496216, 13.6631212234, 4.50086593628, -0.123936362565, 3.24723529816], [-88.1936721802, -39.4313735962, 181.101882935, 80.7707977295, 50.7185325623, 203.382232666, 102.690589905, 28.5496120453, 6.09687232971, 12.370013237, 8.00495910645, 5.86371612549, -9.49264240265], [-147.64855957, 27.2494602203, 93.6013031006, 44.3260231018, 29.6293697357, 102.690589905, 203.0496521, 70.7366409302, -3.69937849045, 1.01974475384, 16.1981754303, 24.0415706635, 6.23953056335], [-36.9071617126, 89.3678741455, -20.3056964874, 48.3684883118, 46.6459732056, 28.5496120453, 70.7366409302, 155.990585327, 62.9169464111, 7.23928403854, -5.42987155914, -8.32074832916, 6.12346220016], [-168.437454224, 64.3373413086, 51.0724754333, 21.882818222, 46.0555496216, 6.09687232971, -3.69937849045, 62.9169464111, 170.540771484, 79.331741333, -7.23201370239, -51.1062889099, -32.7749938965], [-66.3904800415, 43.5245399475, 22.0340309143, 41.6452941895, 13.6631212234, 12.370013237, 1.01974475384, 7.23928403854, 79.331741333, 142.904052734, 53.4574813843, -24.5443439484, -24.188375473], [22.4531421661, -14.4376840591, 7.32081270218, 19.2475357056, 4.50086593628, 8.00495910645, 16.1981754303, -5.42987155914, -7.23201370239, 53.4574813843, 118.980979919, 68.6388244629, 7.81801462173], [84.4455337524, -29.300699234, -24.2936420441, 6.87043952942, -0.123936362565, 5.86371612549, 24.0415706635, -8.32074832916, -51.1062889099, -24.5443439484, 68.6388244629, 172.107849121, 87.404006958], [6.7897105217, 12.123913765, -43.9345321655, 22.727273941, 3.24723529816, -9.49264240265, 6.23953056335, 6.12346220016, -32.7749938965, -24.188375473, 7.81801462173, 87.404006958, 148.533538818]],
