{
"lowlevel": {
    "average_loudness": 0.913111150265,
    "barkbands_crest": {
        "dmean": 3.16162014008,
        "dmean2": 4.79390382767,
        "dvar": 9.4733839035,
        "dvar2": 19.8119869232,
        "max": 26.7190341949,
        "mean": 12.181344986,
        "median": 10.4979572296,
        "min": 1.88198852539,
        "var": 42.4396934509
    },
    "barkbands_flatness_db": {
        "dmean": 0.0356102623045,
        "dmean2": 0.0500945076346,
        "dvar": 0.00175671104807,
        "dvar2": 0.00314857601188,
        "max": 0.594163715839,
        "mean": 0.144187897444,
        "median": 0.114613935351,
        "min": 0.0172280650586,
        "var": 0.0101382173598
    },
    "barkbands_kurtosis": {
        "dmean": 13.6839532852,
        "dmean2": 20.2465572357,
        "dvar": 3689.46435547,
        "dvar2": 7976.70458984,
        "max": 2896.02929688,
        "mean": 17.8067531586,
        "median": 1.58436226845,
        "min": -1.83460092545,
        "var": 5760.44824219
    },
    "barkbands_skewness": {
        "dmean": 1.05927920341,
        "dmean2": 1.49727880955,
        "dvar": 3.05646514893,
        "dvar2": 6.14308023453,
        "max": 45.0305137634,
        "mean": 2.29448199272,
        "median": 1.40284144878,
        "min": -2.40457940102,
        "var": 9.19701766968
    },
    "barkbands_spread": {
        "dmean": 7.6017870903,
        "dmean2": 11.7662277222,
        "dvar": 81.6108093262,
        "dvar2": 185.646850586,
        "max": 99.9392547607,
        "mean": 23.9023017883,
        "median": 22.7242012024,
        "min": 0.0595464706421,
        "var": 250.683151245
    },
    "dissonance": {
        "dmean": 0.0136919692159,
        "dmean2": 0.023278830573,
        "dvar": 0.000274401536444,
        "dvar2": 0.00073691108264,
        "max": 0.500000178814,
        "mean": 0.480253756046,
        "median": 0.486285328865,
        "min": 0.226972833276,
        "var": 0.00045350738219
    },
    "dynamic_complexity": 5.0233745575,
    "erbbands_crest": {
        "dmean": 2.50677919388,
        "dmean2": 3.98924326897,
        "dvar": 6.82573509216,
        "dvar2": 16.0651340485,
        "max": 28.9282093048,
        "mean": 7.63876581192,
        "median": 6.35149097443,
        "min": 2.09952974319,
        "var": 16.5344848633
    },
    "erbbands_flatness_db": {
        "dmean": 0.0216191224754,
        "dmean2": 0.0314281918108,
        "dvar": 0.000701648823451,
        "dvar2": 0.00141373137012,
        "max": 0.594055771828,
        "mean": 0.147640869021,
        "median": 0.119685955346,
        "min": 0.0417500026524,
        "var": 0.00736073870212
    },
    "erbbands_kurtosis": {
        "dmean": 1.03637611866,
        "dmean2": 1.67111051083,
        "dvar": 6.86267471313,
        "dvar2": 16.792257309,
        "max": 84.5509490967,
        "mean": 0.451102435589,
        "median": -0.169649243355,
        "min": -1.84342086315,
        "var": 9.78928852081
    },
    "erbbands_skewness": {
        "dmean": 0.406764864922,
        "dmean2": 0.612939536572,
        "dvar": 0.211373046041,
        "dvar2": 0.44183126092,
        "max": 7.85909461975,
        "mean": 0.151781916618,
        "median": 0.0849785655737,
        "min": -2.87210345268,
        "var": 0.685545921326
    },
    "erbbands_spread": {
        "dmean": 10.6370334625,
        "dmean2": 15.9548358917,
        "dvar": 153.512634277,
        "dvar2": 329.8152771,
        "max": 159.210250854,
        "mean": 42.5007781982,
        "median": 38.6098861694,
        "min": 1.17206633091,
        "var": 534.1015625
    },
    "hfc": {
        "dmean": 9.17181777954,
        "dmean2": 14.2237415314,
        "dvar": 199.528594971,
        "dvar2": 477.657501221,
        "max": 143.62411499,
        "mean": 24.4023609161,
        "median": 17.8366775513,
        "min": 3.47382678179e-10,
        "var": 525.601928711
    },
    "melbands_crest": {
        "dmean": 4.35835456848,
        "dmean2": 6.62509155273,
        "dvar": 18.0502872467,
        "dvar2": 37.6144561768,
        "max": 38.8670196533,
        "mean": 17.3531093597,
        "median": 16.3064250946,
        "min": 1.76098060608,
        "var": 71.3380813599
    },
    "melbands_flatness_db": {
        "dmean": 0.0423713028431,
        "dmean2": 0.0585912838578,
        "dvar": 0.0023405093234,
        "dvar2": 0.0039648017846,
        "max": 0.732098579407,
        "mean": 0.206694945693,
        "median": 0.180537521839,
        "min": 0.00883438996971,
        "var": 0.0133265731856
    },
    "melbands_kurtosis": {
        "dmean": 25.5285816193,
        "dmean2": 37.4699401855,
        "dvar": 4770.04541016,
        "dvar2": 9267.33007812,
        "max": 1635.13916016,
        "mean": 41.8840637207,
        "median": 8.02585029602,
        "min": -1.76867222786,
        "var": 11242.8408203
    },
    "melbands_skewness": {
        "dmean": 1.38524162769,
        "dmean2": 1.96724319458,
        "dvar": 3.92837405205,
        "dvar2": 7.35229301453,
        "max": 29.9402656555,
        "mean": 3.84894561768,
        "median": 2.49695634842,
        "min": -1.44362413883,
        "var": 15.0112743378
    },
    "melbands_spread": {
        "dmean": 10.2156257629,
        "dmean2": 16.1521759033,
        "dvar": 207.148590088,
        "dvar2": 507.21194458,
        "max": 177.81300354,
        "mean": 25.5385894775,
        "median": 20.0983123779,
        "min": 0.114586137235,
        "var": 522.035827637
    },
    "pitch_salience": {
        "dmean": 0.101040393114,
        "dmean2": 0.151041120291,
        "dvar": 0.0114515032619,
        "dvar2": 0.0226941052824,
        "max": 0.976085066795,
        "mean": 0.496004283428,
        "median": 0.537595450878,
        "min": 0.0120563488454,
        "var": 0.0463953837752
    },
    "silence_rate_20dB": {
        "dmean": 0,
        "dmean2": 0,
        "dvar": 0,
        "dvar2": 0,
        "max": 1,
        "mean": 1,
        "median": 1,
        "min": 1,
        "var": 0
    },
    "silence_rate_30dB": {
        "dmean": 0.0656010359526,
        "dmean2": 0.131214186549,
        "dvar": 0.0613051690161,
        "dvar2": 0.138940230012,
        "max": 1,
        "mean": 0.935790836811,
        "median": 1,
        "min": 0,
        "var": 0.0600920543075
    },
    "silence_rate_60dB": {
        "dmean": 0.057470202446,
        "dmean2": 0.114858619869,
        "dvar": 0.0541620589793,
        "dvar2": 0.117182165384,
        "max": 1,
        "mean": 0.17978566885,
        "median": 0,
        "min": 0,
        "var": 0.147470697761
    },
    "spectral_centroid": {
        "dmean": 350.915435791,
        "dmean2": 530.526550293,
        "dvar": 151493.03125,
        "dvar2": 331985.9375,
        "max": 4207.54052734,
        "mean": 1738.0925293,
        "median": 1720.13305664,
        "min": 77.431098938,
        "var": 613076.75
    },
    "spectral_complexity": {
        "dmean": 6.14598560333,
        "dmean2": 8.88199996948,
        "dvar": 56.5906791687,
        "dvar2": 98.9249343872,
        "max": 64,
        "mean": 20.7407608032,
        "median": 20,
        "min": 0,
        "var": 257.20690918
    },
    "spectral_decrease": {
        "dmean": 3.66481200942e-09,
        "dmean2": 5.32814592447e-09,
        "dvar": 2.33370514073e-17,
        "dvar2": 4.83430488883e-17,
        "max": 7.89319548951e-24,
        "mean": -1.02033022031e-08,
        "median": -8.04739030968e-09,
        "min": -5.28353751861e-08,
        "var": 9.03552875021e-17
    },
    "spectral_energy": {
        "dmean": 0.0142384376377,
        "dmean2": 0.0208611879498,
        "dvar": 0.000342745770467,
        "dvar2": 0.000713439076208,
        "max": 0.201432809234,
        "mean": 0.0407229997218,
        "median": 0.03334659338,
        "min": 3.14788105792e-14,
        "var": 0.00135231914464
    },
    "spectral_energyband_high": {
        "dmean": 0.000696430564858,
        "dmean2": 0.00111503759399,
        "dvar": 1.58499813097e-06,
        "dvar2": 3.96292989535e-06,
        "max": 0.0137721821666,
        "mean": 0.00146345188841,
        "median": 0.000799114233814,
        "min": 2.19036909514e-14,
        "var": 3.15501529258e-06
    },
    "spectral_energyband_low": {
        "dmean": 0.0123226484284,
        "dmean2": 0.0173003543168,
        "dvar": 0.000354411546141,
        "dvar2": 0.000663724960759,
        "max": 0.196316957474,
        "mean": 0.0269835889339,
        "median": 0.0119066713378,
        "min": 2.32224988039e-16,
        "var": 0.00119546009228
    },
    "spectral_energyband_middle_high": {
        "dmean": 0.00215444760397,
        "dmean2": 0.00337431486696,
        "dvar": 8.59141982801e-06,
        "dvar2": 1.95964676095e-05,
        "max": 0.0369106791914,
        "mean": 0.00515277218074,
        "median": 0.00310033326969,
        "min": 3.33313288096e-15,
        "var": 3.02082135022e-05
    },
    "spectral_energyband_middle_low": {
        "dmean": 0.00462228152901,
        "dmean2": 0.00734934816137,
        "dvar": 5.53620302526e-05,
        "dvar2": 0.000131860637339,
        "max": 0.0936435759068,
        "mean": 0.00851551536471,
        "median": 0.0053739384748,
        "min": 1.76626190073e-15,
        "var": 0.000102991813037
    },
    "spectral_entropy": {
        "dmean": 0.174245536327,
        "dmean2": 0.256486773491,
        "dvar": 0.0582303702831,
        "dvar2": 0.10915453732,
        "max": 8.91956996918,
        "mean": 7.84185600281,
        "median": 7.98764801025,
        "min": 4.21866941452,
        "var": 0.235829517245
    },
    "spectral_flux": {
        "dmean": 0.0334373489022,
        "dmean2": 0.0527404025197,
        "dvar": 0.00130133680068,
        "dvar2": 0.00291205476969,
        "max": 0.325833529234,
        "mean": 0.0996853411198,
        "median": 0.0966555774212,
        "min": 3.02893499793e-06,
        "var": 0.00398541614413
    },
    "spectral_kurtosis": {
        "dmean": 1.76437175274,
        "dmean2": 2.98204827309,
        "dvar": 18.54712677,
        "dvar2": 52.1158218384,
        "max": 131.261505127,
        "mean": 4.98861408234,
        "median": 3.18126654625,
        "min": 0.117387056351,
        "var": 59.8639030457
    },
    "spectral_rms": {
        "dmean": 0.00110832392238,
        "dmean2": 0.00157167308498,
        "dvar": 1.61741570537e-06,
        "dvar2": 2.93947323371e-06,
        "max": 0.0140185523778,
        "mean": 0.00541021628305,
        "median": 0.00570379383862,
        "min": 5.54175372258e-09,
        "var": 1.04593345895e-05
    },
    "spectral_rolloff": {
        "dmean": 698.437744141,
        "dmean2": 1121.88305664,
        "dvar": 1083753.875,
        "dvar2": 2387178.75,
        "max": 19229.1503906,
        "mean": 1756.27441406,
        "median": 1335.05859375,
        "min": 43.06640625,
        "var": 3612415.75
    },
    "spectral_skewness": {
        "dmean": 0.22653234005,
        "dmean2": 0.36930924654,
        "dvar": 0.108155176044,
        "dvar2": 0.274135261774,
        "max": 9.53742218018,
        "mean": 1.51528084278,
        "median": 1.36980962753,
        "min": 0.336328834295,
        "var": 0.439934372902
    },
    "spectral_spread": {
        "dmean": 581102,
        "dmean2": 884617.75,
        "dvar": 462545780736,
        "dvar2": 999540719616,
        "max": 11160920,
        "mean": 4919609,
        "median": 5125155,
        "min": 645165.75,
        "var": 2.02824259994e+12
    },
    "spectral_strongpeak": {
        "dmean": 0.31962659955,
        "dmean2": 0.524093270302,
        "dvar": 0.324616074562,
        "dvar2": 0.844980239868,
        "max": 9.56512355804,
        "mean": 0.573280513287,
        "median": 0.434428602457,
        "min": 0,
        "var": 0.488527774811
    },
    "zerocrossingrate": {
        "dmean": 0.0144640970975,
        "dmean2": 0.0165062695742,
        "dvar": 0.000264560396317,
        "dvar2": 0.000288554059807,
        "max": 0.49609375,
        "mean": 0.0688787847757,
        "median": 0.0625,
        "min": 0.001953125,
        "var": 0.00249815452844
    },
    "barkbands": {
        "dmean": [0.000976320065092, 0.00994380842894, 0.00395784992725, 0.00232466962188, 0.00140640547033, 0.000897143792827, 0.00074787955964, 0.000573756871745, 0.000693869660608, 0.000443432218162, 0.000438974966528, 0.000372341804905, 0.000226569987717, 0.000352256785845, 0.000288125593215, 0.000347394845448, 0.00035461972584, 0.000306195695885, 0.000211821810808, 0.000217353357584, 0.00023321059416, 0.000162113967235, 0.000105289007479, 8.44162059366e-05, 6.54867835692e-05, 4.43524222646e-05, 1.71431165654e-05],
        "dmean2": [0.00153560191393, 0.0143842892721, 0.0060252668336, 0.00379983359016, 0.00250795530155, 0.00141848053318, 0.00119239056949, 0.000929339556023, 0.00112474767957, 0.000736721383873, 0.000712626671884, 0.00058828026522, 0.000369296467397, 0.000528865610249, 0.000454924913356, 0.000576283608098, 0.00058286183048, 0.000492890540045, 0.000327343615936, 0.000347335706465, 0.000396554416511, 0.000263547670329, 0.000167181831785, 0.000137513197842, 0.000105091930891, 6.83875914547e-05, 2.56340863416e-05],
        "dvar": [3.75006493414e-06, 0.000284515292151, 8.36434774101e-05, 2.84565594484e-05, 8.51976528793e-06, 4.7094204092e-06, 2.25319854508e-06, 1.56535850238e-06, 1.40602332976e-06, 7.8713617313e-07, 6.83834741722e-07, 5.51011964944e-07, 1.95053161178e-07, 5.02956368109e-07, 3.26484183688e-07, 3.88299781662e-07, 3.26844400433e-07, 2.92419571224e-07, 1.21573307865e-07, 1.22908843991e-07, 2.73609458645e-07, 8.03957220796e-08, 2.37213946264e-08, 1.92473734728e-08, 1.19143477306e-08, 7.17815940021e-09, 1.30565225298e-09],
        "dvar2": [1.02537660496e-05, 0.000558950006962, 0.000182975127245, 6.98571457178e-05, 2.43460654019e-05, 1.24910502564e-05, 5.41654981134e-06, 3.98216616304e-06, 3.22330311064e-06, 1.9804515432e-06, 1.65512869899e-06, 1.30707155677e-06, 4.72356674663e-07, 9.55827204052e-07, 6.88077307132e-07, 9.22771391743e-07, 8.02515216947e-07, 7.17663681371e-07, 2.58548624288e-07, 2.9018158898e-07, 7.86411305853e-07, 2.05715124935e-07, 5.37041024984e-08, 4.60901681265e-08, 2.83648162736e-08, 1.67870908285e-08, 2.71786371187e-09],
        "max": [0.032503362745, 0.179083287716, 0.0793542265892, 0.0804874151945, 0.0252218991518, 0.0746995061636, 0.030894940719, 0.0252474956214, 0.0385012365878, 0.0237702205777, 0.014840234071, 0.0263574309647, 0.0123654007912, 0.0146230570972, 0.0185696855187, 0.00987257808447, 0.00834277365357, 0.00824396219105, 0.00807686615735, 0.0041673197411, 0.00653048278764, 0.00487753888592, 0.00186244864017, 0.00161045731511, 0.00109444791451, 0.000828949618153, 0.000375590869226],
        "mean": [0.00135025940835, 0.0202681571245, 0.00409389426932, 0.00249483250082, 0.00140748836566, 0.00136665219907, 0.00117298343685, 0.000817539403215, 0.00102800060995, 0.000599033664912, 0.000648069137242, 0.000604133412708, 0.000347729597706, 0.000602096843068, 0.000464159878902, 0.000451447209343, 0.000536411069334, 0.00045080477139, 0.000372896669433, 0.000378063588869, 0.000372481154045, 0.000290846219286, 0.000221186608542, 0.000164710814715, 0.000120461227198, 7.50259569031e-05, 2.36598643824e-05],
        "median": [0.000197629880859, 0.00638892548159, 0.000593004049733, 0.000264249945758, 0.00054528308101, 0.0005065650912, 0.000464585609734, 0.000309373193886, 0.00039267304237, 0.00021124270279, 0.000231533020269, 0.000168799771927, 0.000142432909342, 0.000182463423698, 0.000175747554749, 0.000189133541426, 0.000191706378246, 0.000183293537702, 0.000170902174432, 0.00016985158436, 0.000154538196512, 0.000143392913742, 0.000122213488794, 9.13227922865e-05, 6.73089089105e-05, 3.31307383021e-05, 8.41729797685e-06],
        "min": [1.16245901709e-16, 6.56926593108e-17, 7.48835755935e-17, 6.54737343812e-17, 1.18026457608e-16, 2.43428031088e-16, 4.1568327175e-16, 4.34203435383e-16, 4.46557887375e-16, 7.74567491907e-17, 1.66131854198e-16, 6.82009541547e-16, 5.26996741788e-16, 1.7075056604e-16, 1.84357779761e-16, 5.06614164462e-16, 3.82516240862e-16, 5.02089102699e-16, 5.81094512667e-17, 4.19857291295e-16, 8.60194992222e-16, 2.16897291584e-15, 2.24553452987e-15, 3.38714647794e-15, 2.20759952406e-15, 6.46273729722e-15, 5.5006789698e-15],
        "var": [5.88687407799e-06, 0.000856237835251, 9.68595850281e-05, 3.54897492798e-05, 6.76455465509e-06, 7.84936219134e-06, 4.9889940783e-06, 2.55773625213e-06, 3.00795636576e-06, 1.25355416003e-06, 1.32413640586e-06, 1.678578883e-06, 3.34653520895e-07, 1.39251324072e-06, 7.07210119799e-07, 5.10719985414e-07, 6.02339696343e-07, 4.44983356829e-07, 2.84768475467e-07, 2.4097303708e-07, 3.26348470026e-07, 1.48006719769e-07, 6.79666101178e-08, 3.93828827328e-08, 2.11882866807e-08, 1.19393472886e-08, 1.82714743335e-09]
    },
    "erbbands": {
        "dmean": [0.32524266839, 2.35861039162, 5.02295064926, 5.24824762344, 6.18167495728, 4.19785833359, 4.93128728867, 7.95546579361, 9.18647766113, 14.0840148926, 12.2214441299, 15.4834194183, 15.5772447586, 13.6870508194, 16.8022117615, 14.7855806351, 10.5423879623, 12.288942337, 16.2327690125, 16.1304664612, 19.5056648254, 18.3393936157, 15.6863880157, 12.0101728439, 11.1663217545, 11.315568924, 8.73967647552, 9.07539081573, 5.99774837494, 4.42788553238, 2.87416911125, 1.77788770199, 1.49087512493, 0.798116862774, 0.475897729397, 0.225430041552, 0.0816537514329, 0.0163803491741, 0.00302458344959, 0.000180855553481],
        "dmean2": [0.437113463879, 3.22590017319, 6.90527963638, 8.18747234344, 10.5631399155, 7.38236427307, 7.92291307449, 12.7654399872, 15.2415084839, 21.7507286072, 19.9015827179, 25.1379051208, 25.4264469147, 22.3845672607, 27.1555709839, 23.2049503326, 17.0143241882, 18.5685138702, 24.6747589111, 25.7209339142, 31.7195720673, 29.9150371552, 24.8108310699, 19.4905815125, 17.3600845337, 18.148393631, 14.5585002899, 15.515504837, 9.76634788513, 7.24898338318, 4.58694124222, 2.82282018661, 2.48505854607, 1.31361150742, 0.743095636368, 0.35642427206, 0.128100648522, 0.0239682644606, 0.00460203411058, 0.000270133372396],
        "dvar": [0.324189484119, 18.3371315002, 119.843605042, 121.959625244, 207.368652344, 61.162147522, 75.722984314, 410.431335449, 572.263793945, 702.479309082, 700.856079102, 715.42791748, 890.768066406, 708.593811035, 885.336669922, 939.698425293, 341.505340576, 546.519897461, 914.13092041, 1118.48291016, 992.674865723, 901.793884277, 724.114501953, 419.073303223, 328.820861816, 374.487915039, 282.730010986, 449.169281006, 105.76398468, 52.1136512756, 18.1806049347, 6.91324090958, 7.3616771698, 1.76645994186, 0.643202364445, 0.173273012042, 0.0271746758372, 0.000858789077029, 4.21121549152e-05, 1.75540563419e-07],
        "dvar2": [0.61996525526, 34.2779045105, 233.605178833, 285.499450684, 544.160461426, 172.224258423, 183.895462036, 1123.1550293, 1455.4519043, 1634.62988281, 1806.67858887, 1666.94958496, 2114.39477539, 1720.62268066, 2153.70922852, 2207.9777832, 826.119384766, 1057.05456543, 1773.99597168, 2423.36474609, 2459.96459961, 2216.96582031, 1666.71044922, 1005.80200195, 720.011291504, 906.450866699, 768.308166504, 1293.11523438, 265.437530518, 127.709030151, 41.20079422, 15.6286764145, 18.7472553253, 4.38784122467, 1.4909889698, 0.409418314695, 0.0674226880074, 0.00167246558703, 9.27151049837e-05, 3.89733628481e-07],
        "max": [7.76815271378, 47.1469078064, 117.38860321, 141.177368164, 172.375091553, 80.8482437134, 179.850540161, 703.643798828, 637.48223877, 587.38671875, 553.158813477, 785.217895508, 629.457641602, 802.077819824, 488.015075684, 1305.24450684, 506.852050781, 726.518371582, 1178.65917969, 839.822021484, 469.11416626, 460.224853516, 442.581481934, 429.675689697, 342.526733398, 237.97253418, 220.251525879, 379.974273682, 190.950897217, 75.3016662598, 53.4262161255, 38.0138778687, 30.8809566498, 13.5359096527, 7.36643648148, 3.7975127697, 1.70029783249, 0.274848729372, 0.0664644390345, 0.00654412759468],
        "mean": [0.652795732021, 4.1347694397, 6.11348485947, 6.59574270248, 5.92893981934, 4.57352972031, 7.17961406708, 11.717833519, 13.5872535706, 22.0117893219, 18.3984165192, 22.875005722, 21.9020614624, 20.1254749298, 27.1178512573, 24.6498184204, 17.3136291504, 22.5856742859, 28.4369487762, 26.1291980743, 28.1764774323, 29.1012992859, 25.2479381561, 19.4539871216, 19.7146263123, 18.9410209656, 15.355676651, 14.1484174728, 10.4724502563, 8.46797657013, 6.01772451401, 3.84814333916, 2.59394168854, 1.46665358543, 0.808334827423, 0.367439299822, 0.130712762475, 0.0281895548105, 0.00397913390771, 0.000268517935183],
        "median": [0.162059307098, 1.08759522438, 1.39496457577, 0.933886766434, 1.17021262646, 1.99601137638, 2.93998026848, 4.22758483887, 4.97678041458, 8.37832069397, 7.50822114944, 9.44344902039, 8.28701782227, 8.51905822754, 10.366443634, 7.7586145401, 7.69985771179, 8.55343437195, 10.0619697571, 11.125793457, 11.8623371124, 11.5406684875, 10.5693778992, 9.29449653625, 8.74285697937, 8.40254211426, 6.8976225853, 5.63525342941, 4.98737430573, 4.34092330933, 3.36543750763, 2.19046068192, 1.36642634869, 0.828174352646, 0.423832297325, 0.1686437428, 0.0562307983637, 0.011278918013, 0.00137629918754, 0.000127282110043],
        "min": [3.2016066637e-15, 1.16398395168e-14, 6.79879872019e-14, 1.81803424854e-13, 2.11759863117e-13, 4.37797123857e-13, 1.06722519277e-12, 2.33363870762e-12, 4.36960103517e-12, 8.95938791906e-12, 9.85499008788e-12, 1.08852666464e-11, 4.33805335404e-12, 2.53573984726e-12, 1.27888836673e-11, 2.85430082347e-11, 2.50297803317e-11, 1.09027908229e-11, 1.05245204912e-11, 1.02715553077e-11, 3.40585060155e-11, 2.17417698428e-11, 2.42985215282e-11, 1.3904410609e-11, 3.24870512436e-12, 1.7686770451e-11, 3.94546340043e-11, 3.48229084457e-11, 5.10742316495e-11, 8.40805480795e-11, 8.22590676131e-11, 8.5341532452e-11, 4.56062757004e-11, 2.28174007466e-11, 1.29102709426e-11, 1.44354224754e-11, 1.34320818357e-11, 5.21651602123e-12, 6.61061862802e-13, 6.835696153e-14],
        "var": [1.1050195694, 45.3457450867, 176.988800049, 182.900054932, 189.909179688, 57.2715682983, 145.691085815, 619.156982422, 1133.0057373, 1507.58752441, 1076.16418457, 1474.91113281, 1556.03210449, 1195.76855469, 2045.03198242, 3078.14331055, 684.683044434, 1810.02734375, 2578.21850586, 2171.88989258, 1610.34277344, 1689.88525391, 1274.00512695, 735.095825195, 761.896850586, 664.695068359, 433.93939209, 531.624816895, 200.269546509, 114.588531494, 49.6517219543, 20.0345554352, 10.9211626053, 3.12102198601, 1.07298970222, 0.274244248867, 0.0393117815256, 0.00168491271324, 5.3834006394e-05, 2.2400693922e-07]
    },
    "gfcc": {
        "mean": [-34.5134620667, 53.1496963501, -119.91506958, 26.2412319183, -48.3938713074, 16.985042572, -24.2485790253, 13.4877328873, -13.4023456573, 5.24580717087, -12.7618904114, 2.54665327072, -8.02865600586],
        "cov": [[38043.8554688, 2113.39477539, 5978.34521484, 3782.53637695, -1361.93457031, -535.086975098, -983.813537598, 431.85748291, -418.69921875, 463.114715576, -544.838256836, 323.563720703, -596.594909668], [2113.39477539, 2782.23657227, 1016.11761475, 498.729919434, 234.938369751, -54.5697135925, 186.925292969, 34.5281448364, 296.09765625, -16.7465000153, 168.845840454, -100.126701355, 127.272834778], [5978.34521484, 1016.11761475, 2742.71459961, 1336.25952148, 298.956878662, 332.449493408, 47.6915435791, 194.167068481, 59.9665718079, 103.963356018, -104.45879364, 40.771232605, -135.335189819], [3782.53637695, 498.729919434, 1336.25952148, 1166.82421875, 183.022293091, 244.128082275, 84.3559265137, 148.114181519, 91.5949478149, 80.0677871704, -13.8230953217, 0.78028345108, -54.8887939453], [-1361.93457031, 234.938369751, 298.956878662, 183.022293091, 748.54699707, 364.791687012, 322.107574463, 132.192962646, 127.815498352, 28.8584213257, 70.6772384644, 3.62061691284, 7.0014834404], [-535.086975098, -54.5697135925, 332.449493408, 244.128082275, 364.791687012, 388.504974365, 207.160095215, 136.903152466, 83.7420883179, 52.0573616028, 32.1265525818, 23.7947711945, -3.62659716606], [-983.813537598, 186.925292969, 47.6915435791, 84.3559265137, 322.107574463, 207.160095215, 330.979919434, 128.218109131, 150.011642456, 42.8374862671, 82.3883285522, -2.2327773571, 47.7057609558], [431.85748291, 34.5281448364, 194.167068481, 148.114181519, 132.192962646, 136.903152466, 128.218109131, 186.066574097, 93.4281616211, 67.1735458374, 33.3506393433, 33.0737762451, 6.46374464035], [-418.69921875, 296.09765625, 59.9665718079, 91.5949478149, 127.815498352, 83.7420883179, 150.011642456, 93.4281616211, 191.428268433, 73.4900665283, 92.3549423218, 9.76552867889, 65.5912704468], [463.114715576, -16.7465000153, 103.963356018, 80.0677871704, 28.8584213257, 52.0573616028, 42.8374862671, 67.1735458374, 73.4900665283, 131.068908691, 77.2416000366, 53.8746757507, 17.0972042084], [-544.838256836, 168.845840454, -104.45879364, -13.8230953217, 70.6772384644, 32.1265525818, 82.3883285522, 33.3506393433, 92.3549423218, 77.2416000366, 156.33052063, 47.9317474365, 60.6312255859], [323.563720703, -100.126701355, 40.771232605, 0.78028345108, 3.62061691284, 23.7947711945, -2.2327773571, 33.0737762451, 9.76552867889, 53.8746757507, 47.9317474365, 107.040138245, 31.9148101807], [-596.594909668, 127.272834778, -135.335189819, -54.8887939453, 7.0014834404, -3.62659716606, 47.7057609558, 6.46374464035, 65.5912704468, 17.0972042084, 60.6312255859, 31.9148101807, 112.896583557]],
        "icov": [[9.63082566159e-05, -0.000117611183668, -2.32937454712e-05, -0.000252009776887, 0.000123420046293, 0.000256278523011, -1.28840856632e-05, -0.000269243697403, 0.000387619104004, -0.000501067901496, 0.000430592801422, -0.000419318501372, 0.000250481825788], [-0.000117611183668, 0.00103021564428, -0.000567284529097, 0.000400169752538, -0.000375531380996, 0.000535449013114, 7.22606855561e-05, 0.000358500838047, -0.00154782296158, 0.00194235669915, -0.00209343992174, 0.00172722747084, -0.0010378373554], [-2.32937454712e-05, -0.000567284529097, 0.00137369602453, -0.00100720173214, -0.000154500623466, -0.00062621186953, 0.000205797390663, 7.97669854364e-05, 0.000325828819769, -0.00109503127169, 0.00185249175411, -0.00144702300895, 0.000962108548265], [-0.000252009776887, 0.000400169752538, -0.00100720173214, 0.00282963737845, -4.9670041335e-05, -0.00124557910021, 0.000214680127101, 0.000308910268359, -0.00145033327863, 0.00139321258757, -0.00183700409252, 0.00216513359919, -0.000753711501602], [0.000123420046293, -0.000375531380996, -0.000154500623466, -4.9670041335e-05, 0.00349595886655, -0.00205033365637, -0.00203266879544, 0.00023004693503, 0.000440598261775, 0.00027872575447, -5.39218672202e-05, -0.00103013170883, 0.00145126099233], [0.000256278523011, 0.000535449013114, -0.00062621186953, -0.00124557910021, -0.00205033365637, 0.00788581930101, -0.00167850079015, -0.00230000796728, 0.00101295567583, -0.00114756950643, 0.000670738168992, -0.000875760335475, 8.84493347257e-05], [-1.28840856632e-05, 7.22606855561e-05, 0.000205797390663, 0.000214680127101, -0.00203266879544, -0.00167850079015, 0.0088644688949, -0.00279292813502, -0.0031284308061, 0.0014788066037, -0.00182512623724, 0.00228772102855, -0.00138512160629], [-0.000269243697403, 0.000358500838047, 7.97669854364e-05, 0.000308910268359, 0.00023004693503, -0.00230000796728, -0.00279292813502, 0.0119857015088, -0.00493646692485, -0.000990470871329, 0.00151322118472, -0.0023778101895, 0.0017021849053], [0.000387619104004, -0.00154782296158, 0.000325828819769, -0.00145033327863, 0.000440598261775, 0.00101295567583, -0.0031284308061, -0.00493646692485, 0.0178368072957, -0.008305109106, 6.75452101859e-05, 0.00242193881422, -0.00473759463057], [-0.000501067901496, 0.00194235669915, -0.00109503127169, 0.00139321258757, 0.00027872575447, -0.00114756950643, 0.0014788066037, -0.000990470871329, -0.008305109106, 0.0214832685888, -0.0108538949862, -0.00137930165511, 0.00169550685678], [0.000430592801422, -0.00209343992174, 0.00185249175411, -0.00183700409252, -5.39218672202e-05, 0.000670738168992, -0.00182512623724, 0.00151322118472, 6.75452101859e-05, -0.0108538949862, 0.0194835737348, -0.00788547843695, 4.24575446232e-05], [-0.000419318501372, 0.00172722747084, -0.00144702300895, 0.00216513359919, -0.00103013170883, -0.000875760335475, 0.00228772102855, -0.0023778101895, 0.00242193881422, -0.00137930165511, -0.00788547843695, 0.0202610082924, -0.00833073351532], [0.000250481825788, -0.0010378373554, 0.000962108548265, -0.000753711501602, 0.00145126099233, 8.84493347257e-05, -0.00138512160629, 0.0017021849053, -0.00473759463057, 0.00169550685678, 4.24575446232e-05, -0.00833073351532, 0.0173668060452]]
    },
    "melbands": {
        "dmean": [0.00261161383241, 0.00266867340542, 0.000933688657824, 0.000358161196345, 0.0001686973701, 0.00017916453362, 0.000140452451888, 0.000145861384226, 0.000102055484604, 9.85255610431e-05, 7.83633513493e-05, 5.57881176064e-05, 6.05269451626e-05, 4.53580069006e-05, 3.172210927e-05, 2.09575446206e-05, 2.65350754489e-05, 3.14546996378e-05, 2.08104793273e-05, 2.18674831558e-05, 2.54240003414e-05, 2.01678612939e-05, 1.76183166332e-05, 1.46360371218e-05, 9.80930326477e-06, 8.37460902403e-06, 8.29385953693e-06, 7.6472206274e-06, 5.21090942129e-06, 6.38839765088e-06, 5.1639594858e-06, 3.54288522431e-06, 3.22910113937e-06, 2.28792464441e-06, 1.79243704679e-06, 1.45782723848e-06, 1.08062261006e-06, 1.15316640859e-06, 8.78102184743e-07, 6.65399795707e-07],
        "dmean2": [0.00376679189503, 0.00347537430935, 0.00144017394632, 0.000621069630142, 0.000273532525171, 0.000286218331894, 0.000230637131608, 0.000227118245675, 0.00016523974773, 0.000159995950526, 0.000128138606669, 9.19450176298e-05, 9.80023105512e-05, 7.1930080594e-05, 4.98464469274e-05, 3.40147562383e-05, 4.01301185775e-05, 4.74474945804e-05, 3.28083406202e-05, 3.58616707672e-05, 4.09972817579e-05, 3.28079258907e-05, 2.86610957119e-05, 2.32883139688e-05, 1.60794679687e-05, 1.28915380628e-05, 1.33143594212e-05, 1.23162708405e-05, 8.54350037116e-06, 1.10099854282e-05, 8.80313109519e-06, 5.77533955948e-06, 5.40827795703e-06, 3.70095813196e-06, 2.87743091576e-06, 2.32614456763e-06, 1.7411916815e-06, 1.9339586288e-06, 1.46396598666e-06, 1.10230666905e-06],
        "dvar": [1.87656260096e-05, 2.66633942374e-05, 3.731613333e-06, 5.97046550865e-07, 7.74627011424e-08, 2.07190296919e-07, 1.19144878852e-07, 8.03708459785e-08, 4.85982987186e-08, 2.72496336606e-08, 2.29187779865e-08, 1.20768914869e-08, 1.20526983949e-08, 8.06778466256e-09, 4.29385682565e-09, 1.62399094172e-09, 2.76859668524e-09, 3.78242104304e-09, 1.61976942969e-09, 2.12595030469e-09, 1.72337188964e-09, 1.10725695279e-09, 9.52049661329e-10, 6.46464493048e-10, 2.95576368936e-10, 2.00833932817e-10, 1.91359095236e-10, 1.67869926293e-10, 8.25510770852e-11, 2.06319544782e-10, 1.42852979446e-10, 3.5367198753e-11, 3.31592080183e-11, 1.26755203556e-11, 7.19743622341e-12, 4.37403932518e-12, 2.64652666102e-12, 4.32649142207e-12, 2.26184544184e-12, 1.21048874049e-12],
        "dvar2": [3.64922525478e-05, 4.69025617349e-05, 8.61099761096e-06, 1.65363849192e-06, 1.93545147908e-07, 5.59705995329e-07, 3.00295482702e-07, 1.91443817243e-07, 1.23419383158e-07, 6.32815115864e-08, 5.4421160911e-08, 2.94332433981e-08, 2.90157640137e-08, 1.8687007497e-08, 9.57313073258e-09, 3.88926757466e-09, 5.31867616616e-09, 7.26905335924e-09, 3.62853280755e-09, 4.94096985548e-09, 4.03604216714e-09, 2.74043410187e-09, 2.32332042494e-09, 1.49579659769e-09, 7.09643510621e-10, 4.31224750352e-10, 4.47377357382e-10, 4.01159994112e-10, 2.08042000294e-10, 6.1841515242e-10, 3.97110871964e-10, 8.80549869131e-11, 8.64363441933e-11, 3.04547845276e-11, 1.66023861325e-11, 1.03125546297e-11, 6.16786136054e-12, 1.10352239499e-11, 5.83147896291e-12, 3.04567070349e-12],
        "max": [0.0508641451597, 0.0587454102933, 0.0262671280652, 0.0069445092231, 0.00510513735935, 0.0164097286761, 0.00905520003289, 0.00538305705413, 0.00484984181821, 0.00424519460648, 0.00304240151308, 0.00305495900102, 0.00186933460645, 0.00290033617057, 0.00173815037124, 0.00146869721357, 0.00138496246655, 0.00193120201584, 0.00112423789687, 0.000886308029294, 0.000693094625603, 0.00052640598733, 0.000379873119527, 0.000624205393251, 0.000437799695646, 0.000238153079408, 0.000210900063394, 0.000178923481144, 0.000137976938277, 0.000182529111044, 0.000271628203336, 0.000139065130497, 6.91479799571e-05, 4.94828345836e-05, 3.06478978018e-05, 3.19930477417e-05, 2.66246152023e-05, 2.50548928307e-05, 1.67771213455e-05, 1.22291967273e-05],
        "mean": [0.00570724578574, 0.00411769282073, 0.00115535373334, 0.000349734211341, 0.000246264884481, 0.000270115269814, 0.000214384752326, 0.000228944321861, 0.000150577398017, 0.000143652941915, 0.000106897183286, 7.78506946517e-05, 9.31165777729e-05, 7.24253986846e-05, 4.85595955979e-05, 3.27428970195e-05, 4.61119307147e-05, 5.24330462213e-05, 3.25991786667e-05, 2.98491522699e-05, 3.55879819836e-05, 3.04518198391e-05, 2.6021965823e-05, 2.18937748286e-05, 1.4703722627e-05, 1.41279060699e-05, 1.3543294699e-05, 1.23278223327e-05, 9.32904004003e-06, 9.08217953111e-06, 7.98161818238e-06, 5.98315227762e-06, 5.31307341589e-06, 4.40089752374e-06, 3.53680661647e-06, 2.87655802822e-06, 2.16851503865e-06, 1.89110915016e-06, 1.47691355323e-06, 1.15951070256e-06],
        "median": [0.00169170415029, 0.00128611898981, 0.000176996109076, 0.000111608111183, 0.000110178545583, 9.99725452857e-05, 8.2839600509e-05, 8.92680400284e-05, 5.62653149245e-05, 5.60193293495e-05, 3.79211705877e-05, 3.06689398712e-05, 3.36725970556e-05, 2.11520018638e-05, 1.70972125488e-05, 1.34643560159e-05, 1.49581883306e-05, 1.60128238349e-05, 1.25693131849e-05, 1.25311398733e-05, 1.27570074255e-05, 1.10773289634e-05, 8.78914124769e-06, 8.57777649799e-06, 6.62835827825e-06, 5.80846062803e-06, 5.6746575865e-06, 5.07307868247e-06, 4.08029472965e-06, 3.6054557313e-06, 2.94560368275e-06, 2.77308868135e-06, 2.50722041528e-06, 2.23958068091e-06, 1.8947123408e-06, 1.52649090523e-06, 1.20012850857e-06, 9.89605041468e-07, 7.24030542187e-07, 6.65621030294e-07],
        "min": [2.8886688855e-17, 2.88745855483e-17, 3.19841857727e-17, 2.12139699425e-17, 3.46311405718e-17, 5.1619233362e-17, 7.26109795785e-17, 9.91781679692e-17, 8.3497781553e-17, 6.36777333654e-17, 1.94268975143e-17, 8.20493436327e-18, 3.09977431138e-17, 7.30233258052e-17, 7.49678090496e-17, 4.10238438086e-17, 1.74825449644e-17, 1.6933202739e-17, 1.22581053027e-17, 1.94661703954e-17, 4.60896103764e-17, 2.63131628789e-17, 1.22241081795e-17, 2.75599556726e-17, 9.71115002221e-18, 6.58506077944e-19, 4.73637249457e-18, 1.27770982714e-17, 3.07231224591e-17, 1.26433018073e-17, 2.28053165485e-17, 2.3909505059e-17, 5.3769135331e-17, 3.92788599843e-17, 4.94341695995e-17, 4.79567257638e-17, 4.89356245356e-17, 3.27216569935e-17, 2.95355524886e-17, 1.37795898886e-17],
        "var": [6.74886832712e-05, 5.50586664758e-05, 5.43875421499e-06, 4.92663787099e-07, 1.48504710751e-07, 3.34828087034e-07, 2.43100771513e-07, 1.64666545288e-07, 7.60547322898e-08, 5.59316752913e-08, 3.91997865279e-08, 1.93709563945e-08, 2.56250167752e-08, 2.2504284658e-08, 8.91611762199e-09, 3.39978356578e-09, 8.59519300178e-09, 1.01717381185e-08, 3.1554445723e-09, 2.84072210199e-09, 3.14057357897e-09, 2.01756789053e-09, 1.61771529505e-09, 1.16969467445e-09, 4.90331830694e-10, 4.58907134515e-10, 3.55185991729e-10, 3.05009462132e-10, 1.51260740044e-10, 2.09921677263e-10, 1.85635312677e-10, 6.81788583923e-11, 5.27046462029e-11, 3.07898984087e-11, 1.77294429138e-11, 1.19105333235e-11, 6.71555389423e-12, 6.08938203681e-12, 3.5838825397e-12, 2.02811834167e-12]
    },
    "mfcc": {
        "mean": [-665.339355469, 89.8899230957, -4.46319103241, 18.3710250854, 1.69093418121, 7.42054748535, 2.20591592789, 8.81655025482, 6.46046972275, 6.62947368622, 2.26668000221, 3.92359185219, 3.19220066071],
        "cov": [[20136.3203125, 1308.29016113, 1811.07678223, 1461.57019043, 588.922363281, 306.121582031, 57.4251174927, 175.961791992, 15.1766910553, -44.8823547363, 75.4879379272, 183.33430481, 63.3699111938], [1308.29016113, 2233.94726562, 531.127990723, 345.554473877, 193.649536133, 43.2417068481, 39.3061714172, 69.0004501343, 102.195495605, 102.481742859, 42.1031036377, 58.5672569275, 93.1586456299], [1811.07678223, 531.127990723, 1090.99365234, 587.838745117, 365.571502686, 233.680145264, 141.587234497, 156.738601685, 123.551467896, 102.146217346, 89.6654129028, 75.6622924805, 45.2957267761], [1461.57019043, 345.554473877, 587.838745117, 608.610534668, 338.410644531, 241.442062378, 156.464385986, 160.527099609, 120.066978455, 108.961738586, 87.9120254517, 79.2651443481, 51.9370536804], [588.922363281, 193.649536133, 365.571502686, 338.410644531, 379.929870605, 237.831832886, 168.22744751, 144.265518188, 90.787979126, 77.5646362305, 69.0838241577, 54.6349220276, 33.0791969299], [306.121582031, 43.2417068481, 233.680145264, 241.442062378, 237.831832886, 283.303649902, 184.010498047, 143.453765869, 101.118637085, 90.9114608765, 77.3201370239, 57.9793167114, 34.2878112793], [57.4251174927, 39.3061714172, 141.587234497, 156.464385986, 168.22744751, 184.010498047, 211.58531189, 143.963638306, 94.0235214233, 83.5303497314, 68.0394668579, 53.52318573, 38.2699127197], [175.961791992, 69.0004501343, 156.738601685, 160.527099609, 144.265518188, 143.453765869, 143.963638306, 188.281433105, 123.223022461, 89.1664886475, 60.9035263062, 54.6434440613, 32.2455596924], [15.1766910553, 102.195495605, 123.551467896, 120.066978455, 90.787979126, 101.118637085, 94.0235214233, 123.223022461, 158.067398071, 106.822372437, 54.9352645874, 39.8546714783, 22.8309421539], [-44.8823547363, 102.481742859, 102.146217346, 108.961738586, 77.5646362305, 90.9114608765, 83.5303497314, 89.1664886475, 106.822372437, 148.045211792, 81.8950653076, 51.448764801, 41.9516487122], [75.4879379272, 42.1031036377, 89.6654129028, 87.9120254517, 69.0838241577, 77.3201370239, 68.0394668579, 60.9035263062, 54.9352645874, 81.8950653076, 100.575012207, 67.7448425293, 43.3910331726], [183.33430481, 58.5672569275, 75.6622924805, 79.2651443481, 54.6349220276, 57.9793167114, 53.52318573, 54.6434440613, 39.8546714783, 51.448764801, 67.7448425293, 100.626525879, 63.8538246155], [63.3699111938, 93.1586456299, 45.2957267761, 51.9370536804, 33.0791969299, 34.2878112793, 38.2699127197, 32.2455596924, 22.8309421539, 41.9516487122, 43.3910331726, 63.8538246155, 91.7264328003]],
