{
"lowlevel": {
    "average_loudness": 0.874119102955,
    "barkbands_crest": {
        "dmean": 3.1010491848,
        "dmean2": 4.45577669144,
        "dvar": 10.4511680603,
        "dvar2": 20.6389122009,
        "max": 26.7477493286,
        "mean": 12.6197528839,
        "median": 12.1956129074,
        "min": 2.030346632,
        "var": 43.4419746399
    },
    "barkbands_flatness_db": {
        "dmean": 0.0311860106885,
        "dmean2": 0.0410610549152,
        "dvar": 0.00144698470831,
        "dvar2": 0.00242792721838,
        "max": 0.601039111614,
        "mean": 0.123981498182,
        "median": 0.101924262941,
        "min": 0.0101440884173,
        "var": 0.00734025519341
    },
    "barkbands_kurtosis": {
        "dmean": 21.0046577454,
        "dmean2": 29.8934803009,
        "dvar": 28436.7324219,
        "dvar2": 73700.796875,
        "max": 6642.5546875,
        "mean": 22.6158981323,
        "median": 1.41829538345,
        "min": -1.89050555229,
        "var": 26966.5820312
    },
    "barkbands_skewness": {
        "dmean": 1.10427618027,
        "dmean2": 1.43584191799,
        "dvar": 4.90313148499,
        "dvar2": 10.0913219452,
        "max": 59.8716621399,
        "mean": 2.28021764755,
        "median": 1.41135323048,
        "min": -2.90737986565,
        "var": 12.0820913315
    },
    "barkbands_spread": {
        "dmean": 9.00814437866,
        "dmean2": 13.756272316,
        "dvar": 127.679718018,
        "dvar2": 280.226257324,
        "max": 113.161308289,
        "mean": 26.6369895935,
        "median": 25.4328689575,
        "min": 0.0303550548851,
        "var": 261.449737549
    },
    "dissonance": {
        "dmean": 0.0104343183339,
        "dmean2": 0.0171276628971,
        "dvar": 0.000207955585211,
        "dvar2": 0.000528242555447,
        "max": 0.500000178814,
        "mean": 0.480961531401,
        "median": 0.48861643672,
        "min": 0.170598044991,
        "var": 0.000898913131095
    },
    "dynamic_complexity": 3.8420624733,
    "erbbands_crest": {
        "dmean": 1.84392404556,
        "dmean2": 2.89760398865,
        "dvar": 4.85096931458,
        "dvar2": 9.98229980469,
        "max": 32.4069137573,
        "mean": 6.21550321579,
        "median": 4.80419683456,
        "min": 2.0803425312,
        "var": 14.8896083832
    },
    "erbbands_flatness_db": {
        "dmean": 0.017550425604,
        "dmean2": 0.0247242804617,
        "dvar": 0.000340520811733,
        "dvar2": 0.00060946343001,
        "max": 0.475005060434,
        "mean": 0.123083025217,
        "median": 0.113164708018,
        "min": 0.0408865772188,
        "var": 0.00264132488519
    },
    "erbbands_kurtosis": {
        "dmean": 0.886383891106,
        "dmean2": 1.30394613743,
        "dvar": 10.5533323288,
        "dvar2": 18.7223415375,
        "max": 109.488761902,
        "mean": 0.289934247732,
        "median": -0.442181348801,
        "min": -1.90935432911,
        "var": 21.6063804626
    },
    "erbbands_skewness": {
        "dmean": 0.3291439116,
        "dmean2": 0.498002141714,
        "dvar": 0.1786801368,
        "dvar2": 0.3287730515,
        "max": 9.71144104004,
        "mean": 0.0767445340753,
        "median": -0.0358249098063,
        "min": -4.95788526535,
        "var": 0.634521842003
    },
    "erbbands_spread": {
        "dmean": 10.6560525894,
        "dmean2": 15.753900528,
        "dvar": 188.17880249,
        "dvar2": 404.866241455,
        "max": 169.307312012,
        "mean": 45.9207077026,
        "median": 39.9627876282,
        "min": 1.31519949436,
        "var": 520.313293457
    },
    "hfc": {
        "dmean": 13.5047798157,
        "dmean2": 20.7345275879,
        "dvar": 554.910644531,
        "dvar2": 1385.41394043,
        "max": 227.250213623,
        "mean": 26.6746120453,
        "median": 22.0254383087,
        "min": 1.10666257457e-16,
        "var": 726.907043457
    },
    "melbands_crest": {
        "dmean": 4.09137582779,
        "dmean2": 6.11032915115,
        "dvar": 17.7497215271,
        "dvar2": 39.1634140015,
        "max": 35.6773757935,
        "mean": 18.5836753845,
        "median": 18.6837615967,
        "min": 1.58829331398,
        "var": 77.7550430298
    },
    "melbands_flatness_db": {
        "dmean": 0.0390619896352,
        "dmean2": 0.0524479821324,
        "dvar": 0.00239527155645,
        "dvar2": 0.00432564457878,
        "max": 0.729566037655,
        "mean": 0.188278824091,
        "median": 0.167518779635,
        "min": 0.00304876128212,
        "var": 0.0114174559712
    },
    "melbands_kurtosis": {
        "dmean": 24.8050422668,
        "dmean2": 33.1469421387,
        "dvar": 4380.15185547,
        "dvar2": 7437.09082031,
        "max": 1460.94616699,
        "mean": 40.8709869385,
        "median": 8.43721199036,
        "min": -1.77672410011,
        "var": 10080.4873047
    },
    "melbands_skewness": {
        "dmean": 1.26993882656,
        "dmean2": 1.79279494286,
        "dvar": 3.94419145584,
        "dvar2": 6.92422580719,
        "max": 31.2155532837,
        "mean": 3.78410935402,
        "median": 2.68819260597,
        "min": -2.98679566383,
        "var": 13.3167448044
    },
    "melbands_spread": {
        "dmean": 10.4791841507,
        "dmean2": 16.4983234406,
        "dvar": 244.109283447,
        "dvar2": 554.786132812,
        "max": 219.172180176,
        "mean": 28.0746040344,
        "median": 23.0538978577,
        "min": 0.13624753058,
        "var": 606.201904297
    },
    "pitch_salience": {
        "dmean": 0.091207832098,
        "dmean2": 0.130585029721,
        "dvar": 0.00989980157465,
        "dvar2": 0.0202368889004,
        "max": 0.952577531338,
        "mean": 0.508309483528,
        "median": 0.525166213512,
        "min": 0.0196906458586,
        "var": 0.0401257127523
    },
    "silence_rate_20dB": {
        "dmean": 0,
        "dmean2": 0,
        "dvar": 0,
        "dvar2": 0,
        "max": 1,
        "mean": 1,
        "median": 1,
        "min": 1,
        "var": 0
    },
    "silence_rate_30dB": {
        "dmean": 0.0734573975205,
        "dmean2": 0.146926775575,
        "dvar": 0.0680541843176,
        "dvar2": 0.133350908756,
        "max": 1,
        "mean": 0.907940924168,
        "median": 1,
        "min": 0,
        "var": 0.0835893899202
    },
    "silence_rate_60dB": {
        "dmean": 0.0277505721897,
        "dmean2": 0.0555056743324,
        "dvar": 0.0269755218178,
        "dvar2": 0.059763751924,
        "max": 1,
        "mean": 0.128703176975,
        "median": 0,
        "min": 0,
        "var": 0.112129718065
    },
    "spectral_centroid": {
        "dmean": 350.297088623,
        "dmean2": 525.249145508,
        "dvar": 177714.140625,
        "dvar2": 375394.25,
        "max": 11077.6064453,
        "mean": 1774.2130127,
        "median": 1803.49047852,
        "min": 74.2551345825,
        "var": 530156.25
    },
    "spectral_complexity": {
        "dmean": 6.35781908035,
        "dmean2": 9.07517719269,
        "dvar": 55.1123199463,
        "dvar2": 93.8678894043,
        "max": 72,
        "mean": 28.179058075,
        "median": 33,
        "min": 0,
        "var": 325.807403564
    },
    "spectral_decrease": {
        "dmean": 3.92270926852e-09,
        "dmean2": 5.16933607031e-09,
        "dvar": 3.57156471468e-17,
        "dvar2": 6.10375846084e-17,
        "max": 1.59031624919e-18,
        "mean": -1.07610338418e-08,
        "median": -7.33327354396e-09,
        "min": -6.36762678141e-08,
        "var": 1.17160273775e-16
    },
    "spectral_energy": {
        "dmean": 0.014984917827,
        "dmean2": 0.0196425393224,
        "dvar": 0.000493710918818,
        "dvar2": 0.000826119619887,
        "max": 0.242215365171,
        "mean": 0.0430339127779,
        "median": 0.0306373499334,
        "min": 1.05804825632e-20,
        "var": 0.00173379201442
    },
    "spectral_energyband_high": {
        "dmean": 0.0011900709942,
        "dmean2": 0.00193930568639,
        "dvar": 6.01185729465e-06,
        "dvar2": 1.5314664779e-05,
        "max": 0.0214524213225,
        "mean": 0.00150436162949,
        "median": 0.000777064880822,
        "min": 7.15683128329e-21,
        "var": 5.55378665013e-06
    },
    "spectral_energyband_low": {
        "dmean": 0.0130261573941,
        "dmean2": 0.0171307642013,
        "dvar": 0.000556768209208,
        "dvar2": 0.00102973275352,
        "max": 0.239756256342,
        "mean": 0.0278091616929,
        "median": 0.010150084272,
        "min": 1.39719534679e-22,
        "var": 0.00143246632069
    },
    "spectral_energyband_middle_high": {
        "dmean": 0.00250103627332,
        "dmean2": 0.00400644401088,
        "dvar": 1.53044638864e-05,
        "dvar2": 3.80922319891e-05,
        "max": 0.0629564151168,
        "mean": 0.00585844228044,
        "median": 0.00499470019713,
        "min": 2.06320695587e-21,
        "var": 3.09967908834e-05
    },
    "spectral_energyband_middle_low": {
        "dmean": 0.00425864709541,
        "dmean2": 0.00616435380653,
        "dvar": 5.1469221944e-05,
        "dvar2": 9.5572162536e-05,
        "max": 0.102206073701,
        "mean": 0.00852496083826,
        "median": 0.00629674363881,
        "min": 2.65885277804e-22,
        "var": 0.000106395062176
    },
    "spectral_entropy": {
        "dmean": 0.159316182137,
        "dmean2": 0.229306682944,
        "dvar": 0.0488398820162,
        "dvar2": 0.0898748263717,
        "max": 9.81214904785,
        "mean": 7.93313121796,
        "median": 8.01879119873,
        "min": 4.38986301422,
        "var": 0.265063911676
    },
    "spectral_flux": {
        "dmean": 0.0354680381715,
        "dmean2": 0.0517353340983,
        "dvar": 0.00190595968161,
        "dvar2": 0.00350714311935,
        "max": 0.41786134243,
        "mean": 0.0974880829453,
        "median": 0.0772816389799,
        "min": 1.02861469342e-10,
        "var": 0.00571541907266
    },
    "spectral_kurtosis": {
        "dmean": 1.43435394764,
        "dmean2": 2.29657387733,
        "dvar": 21.0718421936,
        "dvar2": 46.3215904236,
        "max": 202.380859375,
        "mean": 4.83577346802,
        "median": 3.63218736649,
        "min": -1.21485567093,
        "var": 117.997085571
    },
    "spectral_rms": {
        "dmean": 0.00105226866435,
        "dmean2": 0.00132015091367,
        "dvar": 1.53813095949e-06,
        "dvar2": 2.33001196648e-06,
        "max": 0.0153723023832,
        "mean": 0.00561912218109,
        "median": 0.00546718388796,
        "min": 3.21285251008e-12,
        "var": 1.04097171061e-05
    },
    "spectral_rolloff": {
        "dmean": 890.962890625,
        "dmean2": 1461.99084473,
        "dvar": 2455863.5,
        "dvar2": 5525542.5,
        "max": 19250.6835938,
        "mean": 2038.93823242,
        "median": 1313.52539062,
        "min": 64.599609375,
        "var": 7428488
    },
    "spectral_skewness": {
        "dmean": 0.196429029107,
        "dmean2": 0.310378611088,
        "dvar": 0.10177975148,
        "dvar2": 0.208532422781,
        "max": 12.1554346085,
        "mean": 1.5164437294,
        "median": 1.42704963684,
        "min": -0.0136943599209,
        "var": 0.588548719883
    },
    "spectral_spread": {
        "dmean": 793294.4375,
        "dmean2": 1129499.125,
        "dvar": 1.01107892224e+12,
        "dvar2": 1.92491998413e+12,
        "max": 40290168,
        "mean": 5108301.5,
        "median": 4718728.5,
        "min": 499949.8125,
        "var": 2.68080591667e+12
    },
    "spectral_strongpeak": {
        "dmean": 0.259342372417,
        "dmean2": 0.415739268064,
        "dvar": 0.172058343887,
        "dvar2": 0.430122733116,
        "max": 10.1106863022,
        "mean": 0.565471470356,
        "median": 0.451459646225,
        "min": 0,
        "var": 0.387008309364
    },
    "zerocrossingrate": {
        "dmean": 0.0187947638333,
        "dmean2": 0.0220367461443,
        "dvar": 0.000532126461621,
        "dvar2": 0.000655591429677,
        "max": 0.521484375,
        "mean": 0.0711750537157,
        "median": 0.06005859375,
        "min": 0.001953125,
        "var": 0.00456045242026
    },
    "barkbands": {
        "dmean": [0.000645711435936, 0.0124503402039, 0.00478489650413, 0.00120580045041, 0.00227868487127, 0.000734064669814, 0.000838901731186, 0.000409281608881, 0.000428941828432, 0.000613442389295, 0.000359318160918, 0.000463112955913, 0.000381668127375, 0.000401285476983, 0.000300120475003, 0.000301833730191, 0.000270508695394, 0.000236633379245, 0.000272345991107, 0.000255049439147, 0.000246116687777, 0.000220860427362, 0.000154326568008, 0.000172045198269, 0.000206950309803, 0.000133712106617, 5.22451591678e-05],
        "dmean2": [0.00102745741606, 0.0160860810429, 0.00822532363236, 0.00222815899178, 0.00302074919455, 0.00112282426562, 0.00131159811281, 0.000617994694039, 0.000672212569043, 0.00102132407483, 0.000603254069574, 0.000767082907259, 0.000653503870126, 0.000678080657963, 0.000497737608384, 0.000510561047122, 0.000446238467703, 0.000375699426513, 0.00044465213432, 0.000423321762355, 0.000407351966714, 0.000371607544366, 0.000252778409049, 0.000284067646135, 0.000350464310031, 0.000223225608352, 8.2326689153e-05],
        "dvar": [1.16588842047e-06, 0.0005579374847, 0.000259614549577, 1.38362356665e-05, 3.78885706596e-05, 1.15230284337e-06, 2.12737199945e-06, 4.48191315172e-07, 3.83297816597e-07, 2.06145114134e-06, 3.56098354359e-07, 5.17812054568e-07, 3.43027636518e-07, 3.3003311728e-07, 2.20433108211e-07, 2.37841689454e-07, 1.17895005758e-07, 9.37090476327e-08, 2.21353261054e-07, 2.07765637583e-07, 2.36482662785e-07, 2.15741380316e-07, 9.25134386875e-08, 1.55930948154e-07, 3.27601981098e-07, 1.23758496784e-07, 1.40956535333e-08],
        "dvar2": [2.72217585007e-06, 0.00114157120697, 0.000671041256282, 4.01620636694e-05, 5.47264935449e-05, 2.79956793747e-06, 5.30266424903e-06, 9.83835661827e-07, 8.8862117309e-07, 4.66913570563e-06, 9.42643509916e-07, 1.32846628276e-06, 9.2650282113e-07, 8.84412770574e-07, 5.80855214594e-07, 6.78134881582e-07, 3.15689419494e-07, 2.32062504324e-07, 5.94571474721e-07, 5.48312129922e-07, 6.20628100023e-07, 5.73159582018e-07, 2.4060958026e-07, 4.08400495644e-07, 8.9221282451e-07, 3.32608465214e-07, 3.22280264697e-08],
        "max": [0.0194554310292, 0.231150478125, 0.140355601907, 0.0335149765015, 0.0974208191037, 0.0218774918467, 0.0258276667446, 0.0209540948272, 0.0166903175414, 0.0520799830556, 0.0177711863071, 0.0131339533255, 0.00806460995227, 0.00899473018944, 0.00653151096776, 0.0158323328942, 0.0040941205807, 0.0037170688156, 0.00498542608693, 0.00459842290729, 0.00405230466276, 0.00407405151054, 0.00280465045944, 0.00374087993987, 0.00662783998996, 0.00385181698948, 0.00106645619962],
        "mean": [0.00113022618461, 0.0225005056709, 0.00360621488653, 0.00103328458499, 0.00300415302627, 0.00133799528703, 0.00146460218821, 0.000756813155022, 0.000774863059632, 0.000821328256279, 0.000508195022121, 0.000709071522579, 0.000561362190638, 0.000635339936707, 0.000509634846821, 0.000510973390192, 0.000498384586535, 0.000486874050694, 0.000483100186102, 0.000402237841627, 0.000319550366839, 0.00025032411213, 0.000190749982721, 0.000184939519386, 0.000189877362573, 0.000115786075185, 4.75346641906e-05],
        "median": [0.000318672682624, 0.00722829671577, 0.00025039081811, 0.000310099916533, 0.000828263408039, 0.000720356591046, 0.000714749738108, 0.000394827104174, 0.000491039711051, 0.000327681336785, 0.000271158933174, 0.000406739331083, 0.000343054474797, 0.000417817645939, 0.000342187617207, 0.000355267111445, 0.000383576872991, 0.000383188948035, 0.000357824115781, 0.000262279325398, 0.000175309702172, 0.000117263763968, 9.76928131422e-05, 7.33466004021e-05, 5.95780657022e-05, 2.1217887479e-05, 5.41410736332e-06],
        "min": [1.41718419861e-22, 4.83009592619e-23, 8.28365481633e-24, 1.33360927664e-23, 2.31313912483e-23, 4.1591391185e-23, 5.82624707366e-23, 3.90594853117e-23, 4.54476872331e-23, 9.31859173014e-23, 2.28840833545e-23, 8.5971961028e-23, 2.85546537772e-23, 1.63656616391e-22, 2.76852362896e-22, 2.13661751867e-22, 2.59167994667e-22, 3.54357732264e-22, 3.68606705914e-22, 2.99722260954e-22, 4.16222501614e-22, 7.87161055121e-22, 5.29864768635e-22, 6.12104060741e-22, 9.4473951717e-22, 1.6716685052e-21, 2.396864877e-21],
        "var": [2.82124256046e-06, 0.0010506180115, 0.000188613325008, 8.52990888234e-06, 6.96070492268e-05, 2.78793550024e-06, 4.48430864708e-06, 1.25308429233e-06, 1.02342437458e-06, 4.12263716498e-06, 4.91719390538e-07, 8.02311944881e-07, 4.46339640803e-07, 5.41823112599e-07, 3.41552208738e-07, 3.86661071161e-07, 2.5349240218e-07, 2.3079451239e-07, 3.0742751278e-07, 2.52764266406e-07, 2.23936297061e-07, 1.85701793498e-07, 8.67928591219e-08, 1.26545970147e-07, 2.24038075203e-07, 8.72764118753e-08, 1.39866109805e-08]
    },
    "erbbands": {
        "dmean": [0.4438354671, 2.52869915962, 5.03726100922, 4.74877882004, 6.21380901337, 8.43798351288, 6.82238531113, 6.22895765305, 12.694568634, 9.77137565613, 8.87478923798, 8.91620349884, 15.1370792389, 15.6676273346, 15.2948436737, 17.8823375702, 17.0713558197, 18.4781265259, 17.1021308899, 15.5982789993, 15.7948255539, 15.0158100128, 13.0275278091, 13.4823169708, 12.661945343, 13.0857772827, 9.64116287231, 9.56922912598, 8.37501811981, 6.59409618378, 4.00133943558, 3.84561300278, 2.76233911514, 2.39391946793, 1.39832627773, 0.642609000206, 0.248471975327, 0.0574529282749, 0.00925063248724, 0.000383871898521],
        "dmean2": [0.539299368858, 3.38857769966, 8.03212451935, 8.42540931702, 9.62329959869, 11.9294843674, 10.9060029984, 9.57919216156, 19.8493595123, 15.0743103027, 13.5292730331, 14.131316185, 25.1140594482, 26.2698154449, 25.6084785461, 29.6271190643, 29.0923309326, 31.3655643463, 28.0905838013, 26.0293121338, 26.601732254, 24.622461319, 20.745256424, 21.2088470459, 20.9250564575, 22.0001735687, 15.9994153976, 15.895863533, 14.1571035385, 11.0923271179, 6.5764837265, 6.40252971649, 4.57385015488, 4.05267286301, 2.36770558357, 1.09617853165, 0.413482666016, 0.0903726145625, 0.0147168906406, 0.000612622359768],
        "dvar": [0.495100170374, 29.808599472, 244.171234131, 236.024688721, 386.989624023, 517.5625, 209.789855957, 98.9076385498, 524.675537109, 321.758514404, 179.643081665, 162.782852173, 1098.81982422, 898.197753906, 566.204284668, 709.918395996, 689.983276367, 712.948120117, 609.672729492, 550.946655273, 721.5, 370.805633545, 285.405151367, 426.470794678, 476.657104492, 623.533691406, 324.497924805, 370.294799805, 312.973999023, 200.266113281, 64.3307723999, 96.8773269653, 37.2806282043, 44.6219787598, 14.2740497589, 3.50242114067, 0.360056996346, 0.0143685638905, 0.000469566643005, 7.51931565901e-07],
        "dvar2": [0.813342809677, 63.5991592407, 587.288696289, 656.463012695, 710.346923828, 1010.37744141, 553.060058594, 240.211425781, 1302.12109375, 800.276000977, 407.971832275, 399.403015137, 2512.40576172, 2307.83666992, 1474.58007812, 1826.81286621, 1845.16040039, 1934.48400879, 1550.60913086, 1472.0402832, 2058.01245117, 977.158752441, 716.466491699, 1081.73010254, 1267.55517578, 1678.20996094, 862.702819824, 972.34576416, 833.421447754, 525.296142578, 167.424377441, 261.328674316, 96.7591552734, 121.561889648, 38.6020011902, 9.64721488953, 0.93654280901, 0.0327323377132, 0.0011037705699, 1.78520281224e-06],
        "max": [6.84370803833, 52.3312034607, 141.659729004, 130.429534912, 257.067504883, 337.14642334, 208.70161438, 276.108856201, 449.157775879, 512.766845703, 353.186126709, 249.197753906, 1127.79443359, 751.982543945, 542.815368652, 371.65246582, 393.661499023, 562.883422852, 405.730834961, 345.295562744, 1078.55358887, 257.454742432, 218.829269409, 234.896652222, 227.223358154, 245.94543457, 173.985870361, 182.372619629, 157.917602539, 123.167030334, 74.4343719482, 108.409729004, 51.124786377, 83.9997711182, 37.3375053406, 21.7639369965, 6.08060693741, 0.993626475334, 0.187235966325, 0.00768959429115],
        "mean": [0.935232281685, 3.91548776627, 4.5161652565, 3.99277853966, 6.88356304169, 10.4730195999, 9.57256984711, 11.5415458679, 21.0744132996, 18.6160144806, 16.9349822998, 15.756155014, 21.9569816589, 22.4177761078, 23.3200969696, 27.9047966003, 26.5843868256, 30.0093975067, 29.9992904663, 27.8295669556, 28.2768878937, 28.745595932, 27.1038665771, 26.2563266754, 22.0061740875, 19.7815036774, 13.9063911438, 11.9548149109, 9.35333919525, 7.34309625626, 5.08052921295, 4.23732995987, 2.87739253044, 2.2561006546, 1.26009714603, 0.547325015068, 0.212982282043, 0.0547118484974, 0.00820429809391, 0.000384937942727],
        "median": [0.261802613735, 1.17930996418, 0.586555361748, 0.900188863277, 1.35910010338, 3.04110217094, 4.83055305481, 6.43659734726, 10.1656780243, 9.60660076141, 10.4362859726, 10.3587255478, 10.6696014404, 11.8143587112, 14.4366607666, 16.3943786621, 16.6917648315, 20.8013248444, 20.0791282654, 19.8434505463, 20.3066177368, 23.1270198822, 22.1264038086, 19.8109893799, 16.2338066101, 12.589963913, 8.3907995224, 6.29280328751, 4.31207847595, 3.44394779205, 2.60879898071, 1.79949319363, 1.09168827534, 0.73920994997, 0.378742545843, 0.118835583329, 0.034609541297, 0.00772295566276, 0.000977169722319, 0.000102500882349],
        "min": [3.23673935962e-21, 5.10129150007e-21, 9.62632891887e-21, 3.33473663424e-20, 6.47214222478e-20, 7.62778721129e-20, 8.8513921937e-20, 4.38387681776e-19, 8.75658773123e-19, 8.03822893211e-19, 9.71597558711e-19, 1.0088197557e-18, 3.06338378246e-18, 1.34722554815e-18, 1.38267602766e-18, 3.61634223462e-18, 1.56470167095e-18, 6.68540316442e-18, 1.4012816771e-17, 1.43844938356e-17, 8.49167073235e-18, 1.600891774e-17, 1.77023632491e-17, 1.85327367788e-17, 2.19755121191e-17, 1.44872561375e-17, 1.70990541062e-17, 1.56036654143e-17, 2.59963576674e-17, 2.18884199267e-17, 1.56731932535e-17, 1.29039191213e-17, 1.15426925073e-17, 9.45407138681e-18, 7.54579052907e-18, 5.61479281017e-18, 3.64128421163e-18, 1.12860946707e-18, 3.38081227457e-19, 3.22901164285e-20],
        "var": [1.4689116478, 44.2652015686, 215.764907837, 153.367141724, 505.245941162, 741.278869629, 213.08694458, 233.235534668, 989.562988281, 803.218383789, 477.905853271, 350.490814209, 2174.04003906, 1302.75549316, 819.190673828, 1097.22790527, 940.741516113, 1143.54382324, 1128.703125, 920.087463379, 1255.60290527, 814.653747559, 696.882324219, 794.190307617, 647.339416504, 685.367248535, 335.926086426, 345.925170898, 264.692474365, 168.652633667, 61.307346344, 73.8515396118, 30.2076931, 30.5748691559, 9.90884971619, 2.29996061325, 0.272609680891, 0.0145372720435, 0.000439791416284, 7.12477515208e-07]
    },
    "gfcc": {
        "mean": [-2.52324104309, 57.9486160278, -110.688056946, 28.4032173157, -49.7871437073, 11.8514928818, -33.3654403687, 9.90500164032, -19.4933643341, 7.56724691391, -10.1511764526, 4.41783046722, -8.27199459076],
        "cov": [[28365.2109375, 355.982696533, -1093.17858887, 790.379760742, 204.968719482, 647.287536621, 124.111595154, 742.497253418, 15.1981287003, 560.621582031, 253.707427979, 434.633850098, -109.483840942], [355.982696533, 1698.5736084, 19.8214950562, 229.788909912, 255.053848267, 145.763748169, 101.109054565, 88.3677444458, 153.43421936, 21.8473205566, 157.508087158, 0.229524806142, 112.772422791], [-1093.17858887, 19.8214950562, 1240.72253418, 464.031951904, 381.775817871, 221.943862915, 251.254226685, 116.409011841, 130.531265259, 78.8144454956, 38.2373428345, 38.968585968, 62.4529571533], [790.379760742, 229.788909912, 464.031951904, 714.903137207, 368.933654785, 309.804901123, 214.596313477, 199.231369019, 132.977249146, 101.54359436, 100.253982544, 48.9093208313, 55.5874671936], [204.968719482, 255.053848267, 381.775817871, 368.933654785, 474.814575195, 284.031677246, 235.326675415, 158.073104858, 144.31022644, 86.6680526733, 117.166618347, 69.9731674194, 74.2212371826], [647.287536621, 145.763748169, 221.943862915, 309.804901123, 284.031677246, 319.757446289, 209.934524536, 168.366256714, 117.123809814, 85.2989196777, 96.592086792, 59.9534416199, 53.606716156], [124.111595154, 101.109054565, 251.254226685, 214.596313477, 235.326675415, 209.934524536, 242.992019653, 155.032165527, 129.928192139, 84.0202941895, 91.2940750122, 56.7203979492, 60.7205657959], [742.497253418, 88.3677444458, 116.409011841, 199.231369019, 158.073104858, 168.366256714, 155.032165527, 221.444198608, 137.503829956, 121.548103333, 111.796775818, 74.8094482422, 42.1676025391], [15.1981287003, 153.43421936, 130.531265259, 132.977249146, 144.31022644, 117.123809814, 129.928192139, 137.503829956, 172.341018677, 108.188323975, 111.150558472, 54.6848983765, 50.6986618042], [560.621582031, 21.8473205566, 78.8144454956, 101.54359436, 86.6680526733, 85.2989196777, 84.0202941895, 121.548103333, 108.188323975, 137.466461182, 105.555206299, 66.6415252686, 29.8060646057], [253.707427979, 157.508087158, 38.2373428345, 100.253982544, 117.166618347, 96.592086792, 91.2940750122, 111.796775818, 111.150558472, 105.555206299, 147.379302979, 79.873298645, 56.1416511536], [434.633850098, 0.229524806142, 38.968585968, 48.9093208313, 69.9731674194, 59.9534416199, 56.7203979492, 74.8094482422, 54.6848983765, 66.6415252686, 79.873298645, 94.6318893433, 54.4960861206], [-109.483840942, 112.772422791, 62.4529571533, 55.5874671936, 74.2212371826, 53.606716156, 60.7205657959, 42.1676025391, 50.6986618042, 29.8060646057, 56.1416511536, 54.4960861206, 84.1022720337]],
        "icov": [[5.99252343818e-05, -6.38365818304e-05, 8.80342558958e-05, -6.85914492351e-05, 1.19510978038e-05, -0.00010688626935, 2.67235627689e-05, -0.000130111380713, 0.000260403467109, -0.000390316679841, 0.000363426137483, -0.000485546159325, 0.000300467567286], [-6.38365818304e-05, 0.000983016798273, 1.51579854446e-06, -3.21417101077e-05, -0.000386742962291, 9.55054783844e-05, 0.000552146870177, -0.000106285879156, -0.000769833393861, 0.00144989893306, -0.00206379825249, 0.00242342054844, -0.00168844952714], [8.80342558958e-05, 1.51579854446e-06, 0.00153658748604, -0.000812429701909, -0.000696772476658, 0.0005303111393, -0.00111670373008, 0.000663360056933, -0.000144314282807, -0.00139443750959, 0.00197875732556, -0.000990667846054, 0.000161250849487], [-6.85914492351e-05, -3.21417101077e-05, -0.000812429701909, 0.00333910132758, -0.00110683101229, -0.00172886252403, 0.00123710534535, -0.0016868688399, 0.000636525161099, -0.000100942153949, -0.000617229903582, 0.00222904491238, -0.000998786534183], [1.19510978038e-05, -0.000386742962291, -0.000696772476658, -0.00110683101229, 0.00655836192891, -0.00285213533789, -0.00221123220399, 0.00154040835332, -0.00113375659566, 0.00153579993639, -0.00136783684138, -0.00195092416834, 0.000953764887527], [-0.00010688626935, 9.55054783844e-05, 0.0005303111393, -0.00172886252403, -0.00285213533789, 0.0112773487344, -0.00534030934796, -0.00211429293267, 0.00114737113472, 0.000802442373242, -0.000751458050217, 0.000420343945734, -2.05380147236e-05], [2.67235627689e-05, 0.000552146870177, -0.00111670373008, 0.00123710534535, -0.00221123220399, -0.00534030934796, 0.0155690601096, -0.00473397737369, -0.00335947377607, 0.00134639989119, -0.000335865828674, 0.00287694344297, -0.00429772213101], [-0.000130111380713, -0.000106285879156, 0.000663360056933, -0.0016868688399, 0.00154040835332, -0.00211429293267, -0.00473397737369, 0.01671599783, -0.00586373033002, -0.00428796047345, 0.000673502276186, -0.00521677639335, 0.00360560230911], [0.000260403467109, -0.000769833393861, -0.000144314282807, 0.000636525161099, -0.00113375659566, 0.00114737113472, -0.00335947377607, -0.00586373033002, 0.0215698741376, -0.00952734053135, -0.00424814969301, 0.00507877999917, -0.00338897085749], [-0.000390316679841, 0.00144989893306, -0.00139443750959, -0.000100942153949, 0.00153579993639, 0.000802442373242, 0.00134639989119, -0.00428796047345, -0.00952734053135, 0.0296043604612, -0.0139873251319, -0.00263273762539, 0.00425540050492], [0.000363426137483, -0.00206379825249, 0.00197875732556, -0.000617229903582, -0.00136783684138, -0.000751458050217, -0.000335865828674, 0.000673502276186, -0.00424814969301, -0.0139873251319, 0.0306248497218, -0.0147961257026, 0.000432133820141], [-0.000485546159325, 0.00242342054844, -0.000990667846054, 0.00222904491238, -0.00195092416834, 0.000420343945734, 0.00287694344297, -0.00521677639335, 0.00507877999917, -0.00263273762539, -0.0147961257026, 0.0384169667959, -0.0197717193514], [0.000300467567286, -0.00168844952714, 0.000161250849487, -0.000998786534183, 0.000953764887527, -2.05380147236e-05, -0.00429772213101, 0.00360560230911, -0.00338897085749, 0.00425540050492, 0.000432133820141, -0.0197717193514, 0.0286102648824]]
    },
    "melbands": {
        "dmean": [0.00372823677026, 0.00221796450205, 0.000790623540524, 0.000570087286178, 0.000270311778877, 0.00014600015129, 0.00018037224072, 0.000102047684777, 7.80085320002e-05, 5.50039221707e-05, 8.06833559182e-05, 6.99849624652e-05, 5.04932249896e-05, 4.86623503093e-05, 4.9204500101e-05, 3.83484148188e-05, 3.57779863407e-05, 3.08972521452e-05, 2.3397802579e-05, 2.19431130972e-05, 1.87984405784e-05, 1.73076568899e-05, 1.35761729325e-05, 1.23038516904e-05, 1.18339503388e-05, 1.03933261926e-05, 9.4773249657e-06, 8.68556890055e-06, 6.11873929302e-06, 5.73679244553e-06, 5.46040655536e-06, 4.77230560136e-06, 4.34678304373e-06, 3.47047148352e-06, 2.33431887864e-06, 2.20251354222e-06, 2.5032479698e-06, 1.82254336778e-06, 2.15835166273e-06, 1.96495898308e-06],
        "dmean2": [0.00477166194469, 0.0031729079783, 0.00136343692429, 0.000796325388364, 0.000437366601545, 0.000224411764066, 0.000282157794572, 0.000155791436555, 0.00011937283125, 8.75592158991e-05, 0.000133675624966, 0.000116836301459, 8.48386771395e-05, 8.06091848062e-05, 8.33154117572e-05, 6.58254939481e-05, 6.08377777098e-05, 5.09501332999e-05, 3.93786140194e-05, 3.70444831788e-05, 3.18035054079e-05, 2.86436061288e-05, 2.26626016229e-05, 1.98456709768e-05, 1.87386394828e-05, 1.72488144017e-05, 1.54986755661e-05, 1.47195087266e-05, 1.0156872122e-05, 9.5822606454e-06, 9.09472782951e-06, 8.16893953015e-06, 7.31273485144e-06, 5.81341373618e-06, 3.86148713005e-06, 3.64147376786e-06, 4.19660227635e-06, 3.0029507343e-06, 3.68531527783e-06, 3.31620844918e-06],
        "dvar": [4.43290336989e-05, 3.27487177856e-05, 5.6427961681e-06, 2.96851521853e-06, 4.2769522679e-07, 5.07779134296e-08, 1.01411970377e-07, 3.35349703562e-08, 1.39535529797e-08, 6.23601748018e-09, 3.31528937636e-08, 1.98188860878e-08, 7.03164415583e-09, 6.27329699299e-09, 6.52023413039e-09, 3.43276762571e-09, 2.58551624555e-09, 2.06143768722e-09, 1.50111090225e-09, 1.16777476578e-09, 1.0209847412e-09, 5.15898324061e-10, 3.12212755649e-10, 2.69456790214e-10, 3.41682321325e-10, 3.00007657605e-10, 2.76213912853e-10, 2.61333371609e-10, 1.21012630472e-10, 1.2538815819e-10, 1.23492077675e-10, 1.02361605303e-10, 9.40333783062e-11, 4.96765961699e-11, 1.99427609843e-11, 2.71250730211e-11, 4.5511958785e-11, 1.52146784754e-11, 2.92813585878e-11, 3.35826609577e-11],
        "dvar2": [8.71657030075e-05, 6.23440282652e-05, 1.52827597049e-05, 5.00944952364e-06, 1.09612165033e-06, 1.24933990264e-07, 2.52755569363e-07, 8.01613140311e-08, 3.10504226775e-08, 1.54490322757e-08, 7.46070796254e-08, 4.87051678988e-08, 1.84519954871e-08, 1.58811346296e-08, 1.71232859003e-08, 9.39071487238e-09, 7.0716374978e-09, 5.32487476335e-09, 4.04410105403e-09, 3.29114024922e-09, 2.90924373481e-09, 1.36572442244e-09, 8.72882099934e-10, 6.82828349419e-10, 8.7291662787e-10, 8.26930357523e-10, 6.92612300845e-10, 7.13297143573e-10, 3.28295807206e-10, 3.32040478446e-10, 3.25417137681e-10, 2.76884432049e-10, 2.49909259953e-10, 1.29635413515e-10, 5.1706961629e-11, 7.29535390431e-11, 1.23622237447e-10, 3.91438062519e-11, 7.8737565079e-11, 9.22505821732e-11],
        "max": [0.064482524991, 0.0558555945754, 0.0203557796776, 0.0265577100217, 0.00920714531094, 0.00533483596519, 0.00623797113076, 0.0050931177102, 0.003830765374, 0.00132703885902, 0.00647818669677, 0.00428010988981, 0.00258925207891, 0.00184344372246, 0.00164862407837, 0.000938640150707, 0.000954765651841, 0.000841817702167, 0.000481198949274, 0.000756020075642, 0.00127231527586, 0.000323393760482, 0.000208151483093, 0.000266376067884, 0.000211174890865, 0.000181822004379, 0.000167491685716, 0.000179261201993, 0.000135478170705, 9.61145415204e-05, 0.000106707564555, 9.55906143645e-05, 9.12165924092e-05, 5.79999796173e-05, 3.73373077309e-05, 5.66839480598e-05, 7.6696407632e-05, 3.18886814057e-05, 5.77699320274e-05, 7.63075440773e-05],
        "mean": [0.00714776152745, 0.00325391860679, 0.000749580096453, 0.000686769897584, 0.000358895311365, 0.000272602279438, 0.000307451788103, 0.00019339955179, 0.000143883720739, 9.55311115831e-05, 0.000114447699161, 9.70473192865e-05, 7.32408443582e-05, 7.62995987316e-05, 7.04438425601e-05, 5.52557721676e-05, 5.58077226742e-05, 5.06774849782e-05, 3.81695645046e-05, 3.59592304449e-05, 3.18110433e-05, 3.05082194245e-05, 2.47210446105e-05, 2.374678661e-05, 2.1069059585e-05, 1.74395445356e-05, 1.44413743328e-05, 1.26790237118e-05, 8.88516206032e-06, 7.40963696444e-06, 6.56274005451e-06, 5.24552069692e-06, 4.65931498184e-06, 3.86538704333e-06, 2.95349332191e-06, 2.63584502136e-06, 2.59554963122e-06, 1.94286758415e-06, 1.99240139409e-06, 1.86419208603e-06],
        "median": [0.00222997204401, 0.000798804569058, 0.000165860008565, 0.000160899478942, 0.000177169669769, 0.000154290173668, 0.000153191736899, 9.46346845012e-05, 8.74556862982e-05, 6.15397802903e-05, 5.21193542227e-05, 4.61768177047e-05, 4.1951690946e-05, 4.50290644949e-05, 3.8983507693e-05, 3.33085772581e-05, 3.7540190533e-05, 3.16140067298e-05, 2.5596420528e-05, 2.40494555328e-05, 2.19943503907e-05, 2.25325638894e-05, 1.97915833269e-05, 1.78474238055e-05, 1.49405641423e-05, 1.27066632558e-05, 9.18481418921e-06, 7.66901575844e-06, 5.36751304026e-06, 4.00620683649e-06, 3.24452480527e-06, 2.37033759731e-06, 2.15381737689e-06, 1.78747109203e-06, 1.49542495365e-06, 1.29021634621e-06, 1.00330737496e-06, 7.80585708071e-07, 5.99398674694e-07, 6.2602714479e-07],
        "min": [2.93993502573e-23, 5.827762791e-24, 6.34481062728e-24, 5.51343564129e-24, 2.77034361785e-24, 1.04677345616e-23, 1.26711145777e-23, 8.11555092401e-24, 8.30897409594e-24, 6.18773382712e-24, 1.5811090214e-23, 5.98129602797e-24, 3.05026262702e-24, 1.02413480478e-23, 5.5217458965e-24, 2.99479130867e-24, 1.37765611414e-23, 2.27708581488e-23, 1.74089453324e-23, 2.1769238302e-23, 6.44268578308e-24, 1.55817699265e-23, 1.46497228784e-23, 1.853257514e-23, 1.49210294987e-23, 1.30639554756e-23, 1.63261737866e-23, 7.68276763191e-24, 8.21563607363e-24, 1.17873836823e-23, 8.51004133005e-24, 1.47139203789e-23, 1.63762348996e-23, 1.00791101252e-23, 8.58630445806e-24, 9.0107613233e-24, 7.31501251081e-24, 7.30664427432e-24, 9.162200529e-24, 7.29378426385e-24],
        "var": [9.52490518102e-05, 4.82886207465e-05, 4.16133298131e-06, 4.49057552032e-06, 3.9054498302e-07, 1.182628111e-07, 1.97900561716e-07, 8.92203786407e-08, 4.0035100568e-08, 1.27220056712e-08, 6.79240272916e-08, 3.28450759923e-08, 9.71957714313e-09, 9.83299486279e-09, 8.90849705115e-09, 4.45280079475e-09, 4.07776523659e-09, 3.61460594789e-09, 2.02954897333e-09, 1.72204195348e-09, 1.69382596837e-09, 1.02593322726e-09, 6.09763517456e-10, 5.97206173403e-10, 5.68955382807e-10, 4.03664213167e-10, 3.47267464784e-10, 2.93031932053e-10, 1.29282751171e-10, 1.20622956068e-10, 1.12166921584e-10, 8.45987863096e-11, 7.54330972685e-11, 4.36836886109e-11, 2.0096094927e-11, 2.17878701192e-11, 3.30598499965e-11, 1.28072405112e-11, 2.08014508396e-11, 2.2569307534e-11]
    },
    "mfcc": {
        "mean": [-638.47644043, 94.7302703857, -3.60133290291, 20.3790340424, 5.42076635361, 5.16301250458, 1.46474194527, 2.21920228004, -0.945599555969, 2.24167966843, 1.66048514843, 2.22411847115, 1.79325020313],
        "cov": [[15225.7050781, 811.305969238, -629.034301758, 189.038604736, 116.842468262, 132.440536499, 286.862091064, 286.510925293, 177.058853149, 325.292877197, 350.857177734, 345.11315918, 335.589324951], [811.305969238, 1076.6751709, -15.9504566193, 138.641647339, 195.307617188, 130.311309814, 124.267906189, 125.984970093, 67.1250686646, 107.124183655, 75.5510025024, 102.392189026, 115.358306885], [-629.034301758, -15.9504566193, 753.892150879, 349.745788574, 244.361328125, 198.169250488, 168.999435425, 126.731300354, 151.583526611, 84.9432678223, 77.628036499, 57.5559806824, 16.4182987213], [189.038604736, 138.641647339, 349.745788574, 443.039245605, 284.300964355, 205.615982056, 179.75869751, 154.376586914, 134.41835022, 121.896896362, 96.5470733643, 95.5964813232, 61.4395217896], [116.842468262, 195.307617188, 244.361328125, 284.300964355, 339.773864746, 228.705307007, 187.920700073, 162.18347168, 126.348526001, 111.680686951, 96.7858810425, 92.2297668457, 83.6475448608], [132.440536499, 130.311309814, 198.169250488, 205.615982056, 228.705307007, 257.935119629, 188.457748413, 145.909042358, 122.401161194, 93.7339401245, 66.05078125, 72.3621826172, 65.3790206909], [286.862091064, 124.267906189, 168.999435425, 179.75869751, 187.920700073, 188.457748413, 214.775848389, 157.256393433, 122.258285522, 99.6678009033, 75.2752761841, 81.8793487549, 74.9073028564], [286.510925293, 125.984970093, 126.731300354, 154.376586914, 162.18347168, 145.909042358, 157.256393433, 176.705062866, 122.077301025, 102.818389893, 80.0759735107, 81.843536377, 77.2232208252], [177.058853149, 67.1250686646, 151.583526611, 134.41835022, 126.348526001, 122.401161194, 122.258285522, 122.077301025, 139.356262207, 96.6277542114, 75.7158279419, 72.8751068115, 57.9032096863], [325.292877197, 107.124183655, 84.9432678223, 121.896896362, 111.680686951, 93.7339401245, 99.6678009033, 102.818389893, 96.6277542114, 130.078735352, 96.8264846802, 88.3753356934, 74.3143692017], [350.857177734, 75.5510025024, 77.628036499, 96.5470733643, 96.7858810425, 66.05078125, 75.2752761841, 80.0759735107, 75.7158279419, 96.8264846802, 126.141769409, 96.5584869385, 76.2931900024], [345.11315918, 102.392189026, 57.5559806824, 95.5964813232, 92.2297668457, 72.3621826172, 81.8793487549, 81.843536377, 72.8751068115, 88.3753356934, 96.5584869385, 120.462295532, 90.1441192627], [335.589324951, 115.358306885, 16.4182987213, 61.4395217896, 83.6475448608, 65.3790206909, 74.9073028564, 77.2232208252, 57.9032096863, 74.3143692017, 76.2931900024, 90.1441192627, 111.482093811]],
