{
"lowlevel": {
    "average_loudness": 0.859095335007,
    "barkbands_crest": {
        "dmean": 3.61444997787,
        "dmean2": 5.46016836166,
        "dvar": 10.7620992661,
        "dvar2": 23.4266223907,
        "max": 26.8417072296,
        "mean": 14.2624177933,
        "median": 13.2285003662,
        "min": 2.06876158714,
        "var": 41.7781639099
    },
    "barkbands_flatness_db": {
        "dmean": 0.0450650081038,
        "dmean2": 0.0601183697581,
        "dvar": 0.0020689133089,
        "dvar2": 0.00376043375582,
        "max": 0.769177675247,
        "mean": 0.216462999582,
        "median": 0.186555549502,
        "min": 0.0273771639913,
        "var": 0.0164490118623
    },
    "barkbands_kurtosis": {
        "dmean": 26.9561958313,
        "dmean2": 38.1458702087,
        "dvar": 5986.19726562,
        "dvar2": 13174.6279297,
        "max": 1872.23620605,
        "mean": 36.9048995972,
        "median": 7.16369485855,
        "min": -1.93290150166,
        "var": 9486.95410156
    },
    "barkbands_skewness": {
        "dmean": 1.53497171402,
        "dmean2": 2.12218475342,
        "dvar": 4.18746185303,
        "dvar2": 8.61601161957,
        "max": 35.6237792969,
        "mean": 3.48601746559,
        "median": 2.24185013771,
        "min": -7.40760469437,
        "var": 13.0159025192
    },
    "barkbands_spread": {
        "dmean": 7.1079826355,
        "dmean2": 11.5677890778,
        "dvar": 104.015220642,
        "dvar2": 259.487823486,
        "max": 113.49936676,
        "mean": 14.1647977829,
        "median": 10.3567380905,
        "min": 0.014857663773,
        "var": 192.599487305
    },
    "dissonance": {
        "dmean": 0.0293689407408,
        "dmean2": 0.0488353446126,
        "dvar": 0.00103864062112,
        "dvar2": 0.00260476721451,
        "max": 0.500000178814,
        "mean": 0.435096651316,
        "median": 0.458751231432,
        "min": 0.0250935647637,
        "var": 0.00504147866741
    },
    "dynamic_complexity": 5.73391914368,
    "erbbands_crest": {
        "dmean": 3.50965929031,
        "dmean2": 5.50528335571,
        "dvar": 11.250664711,
        "dvar2": 25.4400272369,
        "max": 32.8396339417,
        "mean": 11.8695173264,
        "median": 10.0247583389,
        "min": 2.39849925041,
        "var": 43.411605835
    },
    "erbbands_flatness_db": {
        "dmean": 0.0254581086338,
        "dmean2": 0.0378463231027,
        "dvar": 0.000787739176303,
        "dvar2": 0.00147551635746,
        "max": 0.687359631062,
        "mean": 0.191295027733,
        "median": 0.162085354328,
        "min": 0.0391474179924,
        "var": 0.0107695329934
    },
    "erbbands_kurtosis": {
        "dmean": 2.90566039085,
        "dmean2": 4.53346967697,
        "dvar": 42.3397789001,
        "dvar2": 98.1560440063,
        "max": 206.825469971,
        "mean": 3.36681842804,
        "median": 0.696737289429,
        "min": -1.85514390469,
        "var": 84.0327758789
    },
    "erbbands_skewness": {
        "dmean": 0.659849703312,
        "dmean2": 1.03091013432,
        "dvar": 0.554126799107,
        "dvar2": 1.34120833874,
        "max": 11.1722049713,
        "mean": 1.08998835087,
        "median": 0.867140769958,
        "min": -3.18747329712,
        "var": 1.56231105328
    },
    "erbbands_spread": {
        "dmean": 11.5607595444,
        "dmean2": 18.1435031891,
        "dvar": 187.841308594,
        "dvar2": 426.714019775,
        "max": 189.978027344,
        "mean": 36.8185348511,
        "median": 32.98487854,
        "min": 0.228000164032,
        "var": 617.34753418
    },
    "hfc": {
        "dmean": 10.215174675,
        "dmean2": 15.930267334,
        "dvar": 292.672424316,
        "dvar2": 715.94354248,
        "max": 274.021514893,
        "mean": 15.2855653763,
        "median": 7.88162708282,
        "min": 1.19361275654e-16,
        "var": 405.269287109
    },
    "melbands_crest": {
        "dmean": 4.77319669724,
        "dmean2": 7.23288154602,
        "dvar": 20.1440162659,
        "dvar2": 43.0871276855,
        "max": 36.8486785889,
        "mean": 19.4213352203,
        "median": 18.4653396606,
        "min": 2.40296387672,
        "var": 66.3875427246
    },
    "melbands_flatness_db": {
        "dmean": 0.0557744763792,
        "dmean2": 0.0750859081745,
        "dvar": 0.00320539087988,
        "dvar2": 0.00626904191449,
        "max": 0.883990108967,
        "mean": 0.298485428095,
        "median": 0.272443115711,
        "min": 0.00742607889697,
        "var": 0.0211290046573
    },
    "melbands_kurtosis": {
        "dmean": 35.7747077942,
        "dmean2": 51.9509925842,
        "dvar": 7295.18310547,
        "dvar2": 15871.0537109,
        "max": 2621.51098633,
        "mean": 54.9487571716,
        "median": 13.8350315094,
        "min": -1.82150137424,
        "var": 12897.5146484
    },
    "melbands_skewness": {
        "dmean": 1.59445488453,
        "dmean2": 2.24230313301,
        "dvar": 4.31646871567,
        "dvar2": 8.19108867645,
        "max": 36.2732658386,
        "mean": 4.17514228821,
        "median": 2.85424041748,
        "min": -5.21303081512,
        "var": 13.7807149887
    },
    "melbands_spread": {
        "dmean": 8.0601978302,
        "dmean2": 13.2586812973,
        "dvar": 210.546447754,
        "dvar2": 550.721496582,
        "max": 221.898422241,
        "mean": 13.5682926178,
        "median": 9.17234611511,
        "min": 0.106874726713,
        "var": 259.949005127
    },
    "pitch_salience": {
        "dmean": 0.107077255845,
        "dmean2": 0.150964662433,
        "dvar": 0.01116208639,
        "dvar2": 0.0217919796705,
        "max": 0.90105766058,
        "mean": 0.470418930054,
        "median": 0.510590434074,
        "min": 0.0337890125811,
        "var": 0.0428956784308
    },
    "silence_rate_20dB": {
        "dmean": 0,
        "dmean2": 0,
        "dvar": 0,
        "dvar2": 0,
        "max": 1,
        "mean": 1,
        "median": 1,
        "min": 1,
        "var": 0
    },
    "silence_rate_30dB": {
        "dmean": 0.00325556169264,
        "dmean2": 0.00651162769645,
        "dvar": 0.00324551109225,
        "dvar2": 0.00848604459316,
        "max": 1,
        "mean": 0.997287213802,
        "median": 1,
        "min": 0,
        "var": 0.00270556006581
    },
    "silence_rate_60dB": {
        "dmean": 0.0683667957783,
        "dmean2": 0.136744186282,
        "dvar": 0.0637003928423,
        "dvar2": 0.146403133869,
        "max": 1,
        "mean": 0.19679120183,
        "median": 0,
        "min": 0,
        "var": 0.158042982221
    },
    "spectral_centroid": {
        "dmean": 357.461120605,
        "dmean2": 589.763793945,
        "dvar": 287050.5,
        "dvar2": 737314.75,
        "max": 10444.9765625,
        "mean": 910.524780273,
        "median": 719.385009766,
        "min": 75.6188430786,
        "var": 423606.78125
    },
    "spectral_complexity": {
        "dmean": 4.85125207901,
        "dmean2": 7.33829450607,
        "dvar": 44.4338226318,
        "dvar2": 95.6699523926,
        "max": 61,
        "mean": 12.2231435776,
        "median": 9,
        "min": 0,
        "var": 122.0545578
    },
    "spectral_decrease": {
        "dmean": 3.18892512396e-09,
        "dmean2": 4.27323376684e-09,
        "dvar": 1.29118046341e-17,
        "dvar2": 2.48095735184e-17,
        "max": 9.63435220491e-10,
        "mean": -8.35288815892e-09,
        "median": -6.14999251525e-09,
        "min": -4.63895410974e-08,
        "var": 6.08863826099e-17
    },
    "spectral_energy": {
        "dmean": 0.0126349916682,
        "dmean2": 0.0170675963163,
        "dvar": 0.000201276343432,
        "dvar2": 0.000393860478653,
        "max": 0.176312848926,
        "mean": 0.032912235707,
        "median": 0.0246360879391,
        "min": 1.06752949098e-20,
        "var": 0.000918024568819
    },
    "spectral_energyband_high": {
        "dmean": 0.000657463329844,
        "dmean2": 0.00111829256639,
        "dvar": 1.8548468006e-06,
        "dvar2": 4.79471418657e-06,
        "max": 0.0191472880542,
        "mean": 0.000679768039845,
        "median": 0.000110939552542,
        "min": 7.57207675859e-21,
        "var": 1.85153703569e-06
    },
    "spectral_energyband_low": {
        "dmean": 0.00719991046935,
        "dmean2": 0.0071682385169,
        "dvar": 0.000116291455925,
        "dvar2": 0.000115996845125,
        "max": 0.175406634808,
        "mean": 0.0176864322275,
        "median": 0.00411376263946,
        "min": 4.20199509158e-23,
        "var": 0.0007023573271
    },
    "spectral_energyband_middle_high": {
        "dmean": 0.00225378898904,
        "dmean2": 0.00357358227484,
        "dvar": 1.71411029442e-05,
        "dvar2": 4.13774760091e-05,
        "max": 0.0419176071882,
        "mean": 0.00293157109991,
        "median": 0.000814276048914,
        "min": 1.53905687233e-21,
        "var": 2.26104511967e-05
    },
    "spectral_energyband_middle_low": {
        "dmean": 0.00731731299311,
        "dmean2": 0.0112585648894,
        "dvar": 0.00012701790547,
        "dvar2": 0.000295495963655,
        "max": 0.104885213077,
        "mean": 0.0124988621101,
        "median": 0.00492419395596,
        "min": 3.81976497241e-22,
        "var": 0.000251467281487
    },
    "spectral_entropy": {
        "dmean": 0.335543453693,
        "dmean2": 0.509446263313,
        "dvar": 0.144766911864,
        "dvar2": 0.306684672832,
        "max": 9.77749443054,
        "mean": 7.13768625259,
        "median": 7.36702251434,
        "min": 3.00540804863,
        "var": 0.935074806213
    },
    "spectral_flux": {
        "dmean": 0.0344115681946,
        "dmean2": 0.0526919588447,
        "dvar": 0.00138614594471,
        "dvar2": 0.00294431881048,
        "max": 0.316274315119,
        "mean": 0.094085983932,
        "median": 0.0854609832168,
        "min": 1.0332131678e-10,
        "var": 0.00421261880547
    },
    "spectral_kurtosis": {
        "dmean": 8.30282974243,
        "dmean2": 13.5635051727,
        "dvar": 1106.10241699,
        "dvar2": 3146.66479492,
        "max": 1255.06799316,
        "mean": 19.0927085876,
        "median": 4.76915216446,
        "min": -1.30557012558,
        "var": 3139.64038086
    },
    "spectral_rms": {
        "dmean": 0.00113659433555,
        "dmean2": 0.0015095359413,
        "dvar": 1.5125108348e-06,
        "dvar2": 2.6886661999e-06,
        "max": 0.0131153548136,
        "mean": 0.00481004500762,
        "median": 0.00490257143974,
        "min": 3.22721580362e-12,
        "var": 8.97291647561e-06
    },
    "spectral_rolloff": {
        "dmean": 616.075561523,
        "dmean2": 1059.71020508,
        "dvar": 1765424.875,
        "dvar2": 4567066.5,
        "max": 19121.484375,
        "mean": 966.260498047,
        "median": 516.796875,
        "min": 64.599609375,
        "var": 2340920.75
    },
    "spectral_skewness": {
        "dmean": 0.589090526104,
        "dmean2": 0.945738911629,
        "dvar": 0.857063353062,
        "dvar2": 2.11989951134,
        "max": 29.496925354,
        "mean": 2.5456738472,
        "median": 1.79385924339,
        "min": 0.0715582072735,
        "var": 6.3191204071
    },
    "spectral_spread": {
        "dmean": 840674.25,
        "dmean2": 1300442.625,
        "dvar": 1.05208270029e+12,
        "dvar2": 2.10446188544e+12,
        "max": 40843760,
        "mean": 4510999,
        "median": 4383504,
        "min": 81095.8359375,
        "var": 4.87074299904e+12
    },
    "spectral_strongpeak": {
        "dmean": 0.351851463318,
        "dmean2": 0.55149692297,
        "dvar": 0.268131196499,
        "dvar2": 0.631356418133,
        "max": 16.3607845306,
        "mean": 0.690065443516,
        "median": 0.5201151371,
        "min": 0,
        "var": 0.494945853949
    },
    "zerocrossingrate": {
        "dmean": 0.0116180730984,
        "dmean2": 0.0134981758893,
        "dvar": 0.000249225617154,
        "dvar2": 0.000291119649773,
        "max": 0.56298828125,
        "mean": 0.042901687324,
        "median": 0.03515625,
        "min": 0.001953125,
        "var": 0.0014392787125
    },
    "barkbands": {
        "dmean": [0.000543059257325, 0.00641758646816, 0.00282770488411, 0.00178724573925, 0.00271560251713, 0.00170070771128, 0.00154311256483, 0.00071940961061, 0.00121562869754, 0.000660175574012, 0.000372064998373, 0.000478963542264, 0.000222374117584, 0.000241406160058, 0.000171712832525, 0.000205406264286, 0.000174023662112, 0.000111170389573, 0.000191742452444, 0.000150003979797, 0.000158289534738, 8.0390876974e-05, 8.46328039188e-05, 0.00017082002887, 6.48584100418e-05, 3.06040819851e-05, 3.15093820973e-05],
        "dmean2": [0.000761500385124, 0.00680745672435, 0.00402140757069, 0.00303674954921, 0.00443186983466, 0.00263513228856, 0.00239522219636, 0.00119838968385, 0.00207371101715, 0.00102202617563, 0.000597207574174, 0.000807665172033, 0.000371842790628, 0.000407721672673, 0.000290136464173, 0.000333459262038, 0.000301054882584, 0.000194122621906, 0.000347977911588, 0.000259191525402, 0.000286076479824, 0.000132831803057, 0.000143097320688, 0.000309435738018, 0.000109373118903, 5.18549823028e-05, 4.97948167322e-05],
        "dvar": [1.20120296287e-06, 0.00013279770792, 4.96632310387e-05, 2.03419403988e-05, 3.00669344142e-05, 1.71409865288e-05, 1.37502247526e-05, 2.68740473075e-06, 1.22857973111e-05, 2.75326988231e-06, 7.5086080642e-07, 1.81812993105e-06, 3.14476693575e-07, 5.020085041e-07, 1.39003347499e-07, 1.77467669005e-07, 1.44998878682e-07, 5.7703065437e-08, 2.96879903772e-07, 1.07813761474e-07, 1.66617098785e-07, 3.31895826378e-08, 3.90262400174e-08, 2.81278261127e-07, 3.48496342895e-08, 1.04058699435e-08, 1.02510270494e-07],
        "dvar2": [2.29821125686e-06, 0.0001511364826, 8.21083958726e-05, 5.39634711458e-05, 7.58509122534e-05, 3.75433410227e-05, 2.84535217361e-05, 7.09545656719e-06, 3.13255113724e-05, 6.41121414446e-06, 1.8363007257e-06, 4.80146672999e-06, 8.10165715848e-07, 1.32746868076e-06, 3.58110781917e-07, 4.32339675172e-07, 3.90366551528e-07, 1.5752104332e-07, 8.35843252389e-07, 2.89043327939e-07, 4.62647420818e-07, 8.10310893939e-08, 9.77350467224e-08, 7.96058486685e-07, 8.83309567712e-08, 2.8539238528e-08, 2.51737787949e-07],
        "max": [0.0197710320354, 0.170723825693, 0.072236917913, 0.0536160618067, 0.0884414315224, 0.0763166695833, 0.0700327455997, 0.0286382138729, 0.0568564534187, 0.0303198061883, 0.0177485626191, 0.017344892025, 0.00972866173834, 0.0092003736645, 0.00555607443675, 0.00506373075768, 0.00602173572406, 0.00418077595532, 0.00417063571513, 0.00378267886117, 0.00503259617835, 0.00341341621242, 0.0050321877934, 0.0046653454192, 0.0053161107935, 0.00165671494324, 0.0142239192501],
        "mean": [0.000732446846087, 0.0129464725032, 0.00324237975292, 0.00155926623847, 0.00385205680504, 0.00265676435083, 0.00227272184566, 0.000834587379359, 0.00107841927093, 0.000831064244267, 0.000414824637119, 0.000434400310041, 0.000216158034164, 0.00024428992765, 0.000178860427695, 0.000228119271924, 0.000187075755093, 0.000104623708467, 0.000148132399772, 0.000142687291373, 0.000136768256198, 8.98144717212e-05, 9.36720316531e-05, 0.000144676247146, 7.69198231865e-05, 3.34727701556e-05, 3.14586395689e-05],
        "median": [8.33485682961e-05, 0.00189383281395, 0.000144802383147, 0.000111858535092, 0.00075356697198, 0.000466333993245, 0.000326275418047, 0.000190600752831, 0.000194954205654, 0.000164299708558, 7.869246474e-05, 6.46113257972e-05, 3.85234925488e-05, 3.52164206561e-05, 3.54083276761e-05, 3.76738316845e-05, 2.96629368677e-05, 2.00530375878e-05, 1.68444330484e-05, 2.20131423703e-05, 1.63648055604e-05, 1.07013547677e-05, 1.23401596284e-05, 8.90159572009e-06, 4.52920994576e-06, 2.39795144807e-06, 7.41276551253e-07],
        "min": [7.4059736952e-24, 5.74079639823e-24, 1.95094026663e-23, 2.49918486958e-23, 5.78083645342e-23, 6.22702375448e-23, 1.10560622915e-22, 1.97746461016e-23, 1.00925867094e-22, 8.3098721352e-23, 8.73341975936e-23, 9.46129603681e-23, 1.18943866688e-22, 3.49606082244e-23, 1.5286244961e-22, 1.03951521008e-22, 1.6168782152e-22, 3.05463073129e-22, 2.03693150111e-22, 3.17625288804e-22, 3.89986628737e-22, 5.71821112118e-22, 5.56775452063e-22, 8.53233065803e-22, 1.37655909892e-21, 1.61870370245e-21, 2.27250687491e-21],
        "var": [1.94739072867e-06, 0.000514419807587, 7.30436659069e-05, 1.6030484403e-05, 4.71970379294e-05, 3.72424838133e-05, 2.99306011584e-05, 3.03934507428e-06, 9.91815250018e-06, 3.93438540414e-06, 7.98734276941e-07, 1.44754596931e-06, 2.77955166439e-07, 4.10233241155e-07, 1.32479385684e-07, 2.02643050784e-07, 1.47054237232e-07, 4.68537280085e-08, 1.89215711544e-07, 8.82681447933e-08, 1.16832133301e-07, 3.69997650296e-08, 4.38941896164e-08, 1.87597152035e-07, 3.98636039733e-08, 8.90315909885e-09, 8.64471587647e-08]
    },
    "erbbands": {
        "dmean": [0.233935013413, 1.57477712631, 3.60697007179, 4.13238239288, 6.76059341431, 10.5259122849, 9.74551105499, 17.1687240601, 22.1780185699, 18.3451557159, 13.1064147949, 29.6237201691, 22.0511627197, 20.17137146, 17.0229911804, 17.4948291779, 10.4182367325, 12.7983512878, 9.51999378204, 8.86356639862, 12.5211200714, 8.04082393646, 6.7649140358, 7.18518304825, 9.66316413879, 7.32004499435, 6.91040229797, 5.37666797638, 3.04183459282, 2.37406897545, 2.68539834023, 5.70616912842, 1.17346000671, 0.888307273388, 0.363348633051, 0.117028869689, 0.0686991661787, 0.0286153163761, 0.0063186888583, 0.000198951005586],
        "dmean2": [0.257864683867, 1.68000924587, 4.57158994675, 6.33319807053, 11.3688411713, 16.9956760406, 15.5409097672, 26.5203666687, 33.7511787415, 29.594701767, 22.459859848, 50.9081840515, 35.5892753601, 31.1671543121, 27.6590671539, 29.2325191498, 17.3507671356, 21.3136425018, 16.0237483978, 14.717962265, 20.4559307098, 13.8120183945, 11.8675823212, 12.8218669891, 17.4046382904, 12.5867319107, 12.3409767151, 9.57315254211, 5.10571527481, 3.93728685379, 4.65300130844, 10.6683034897, 1.8817242384, 1.48517620564, 0.603170871735, 0.186868995428, 0.119102545083, 0.0491115935147, 0.0097486730665, 0.000292415788863],
        "dvar": [0.179674699903, 9.39142227173, 68.9811859131, 88.3415527344, 257.610137939, 467.141418457, 501.302032471, 2003.48779297, 2762.64819336, 2081.26806641, 816.186645508, 7911.72949219, 4203.10644531, 2141.02270508, 1671.07055664, 2280.99389648, 623.51751709, 1553.45800781, 391.774658203, 413.884246826, 646.960876465, 240.61277771, 227.116699219, 318.505493164, 636.598144531, 264.461578369, 322.377929688, 176.303543091, 50.5104103088, 28.3954544067, 40.5170326233, 357.825866699, 7.5424580574, 6.1191368103, 1.12172591686, 0.089872173965, 0.0822297930717, 0.0225400812924, 0.00867758598179, 2.15733075493e-06],
        "dvar2": [0.191149219871, 11.4145183563, 111.949836731, 213.140777588, 696.997619629, 1147.30151367, 1117.01904297, 4431.57617188, 5622.81982422, 5134.53662109, 2230.8034668, 21025.7070312, 10280.3515625, 4832.47802734, 4224.92919922, 5886.96240234, 1607.41113281, 4092.28710938, 1009.14923096, 1046.71179199, 1589.5925293, 631.338684082, 623.025512695, 875.937316895, 1786.07568359, 710.63861084, 894.825500488, 483.035400391, 123.956619263, 66.9911422729, 106.907363892, 1031.29467773, 17.6209564209, 15.431889534, 2.78645277023, 0.22118973732, 0.231357723475, 0.0614572279155, 0.0211304798722, 5.02198508912e-06],
        "max": [6.77787780762, 42.4154891968, 102.223648071, 114.132751465, 186.876586914, 408.291473389, 399.361816406, 794.180053711, 1016.17126465, 1318.09838867, 692.332458496, 1579.62805176, 1116.57287598, 954.191467285, 472.643371582, 708.733154297, 494.067596436, 525.35369873, 229.61706543, 244.395858765, 264.13482666, 173.667541504, 270.719970703, 161.803405762, 199.617950439, 197.911941528, 179.021179199, 193.452896118, 133.509338379, 114.828308105, 132.668289185, 171.58114624, 45.0843200684, 66.4753646851, 33.0020523071, 6.93042087555, 5.00302743912, 5.46867609024, 4.43827342987, 0.0685180127621],
        "mean": [0.44098290801, 2.58290314674, 4.40009260178, 4.34688472748, 7.54647636414, 15.060046196, 14.9777994156, 27.6706848145, 34.4647140503, 24.8383731842, 14.4764966965, 25.7561588287, 24.3200111389, 24.7040920258, 19.0639381409, 16.6834602356, 10.7255716324, 12.9288902283, 10.3026447296, 9.48137664795, 13.9997673035, 8.79148387909, 6.45223140717, 6.03604459763, 7.93988323212, 7.0228805542, 6.08050727844, 4.58315896988, 3.21666312218, 2.97592616081, 2.70946145058, 4.18277072906, 1.4280320406, 1.03419351578, 0.451265305281, 0.151456952095, 0.0664160549641, 0.0254102237523, 0.00621976424009, 0.000266971706878],
        "median": [0.070509120822, 0.293016135693, 0.314258217812, 0.472979962826, 1.22427165508, 2.70661306381, 3.7466917038, 4.63463544846, 6.10414028168, 6.31579303741, 3.59215831757, 4.79341220856, 5.04179286957, 4.58006191254, 4.02331066132, 2.80644869804, 2.09084606171, 2.00194787979, 2.01268005371, 1.8507630825, 2.41075086594, 1.65288877487, 1.25789058208, 0.853742837906, 1.06472635269, 1.09554278851, 0.741295814514, 0.584196805954, 0.385002225637, 0.323719829321, 0.352104961872, 0.232806414366, 0.119157627225, 0.0550641342998, 0.0266465824097, 0.0109500028193, 0.00397697044536, 0.00100992480293, 0.000146092119394, 6.01755782554e-05],
        "min": [9.04105531756e-23, 1.59061550844e-21, 1.28223722444e-20, 7.04762211669e-20, 4.26364333692e-20, 2.12200545797e-19, 6.23889137996e-19, 5.30614546064e-19, 1.81596398586e-18, 5.24011111535e-19, 1.15549666269e-18, 2.13361664392e-18, 1.46285247309e-18, 3.80242726677e-18, 3.09194426106e-18, 4.07525707538e-18, 5.12142506971e-18, 2.66459504606e-18, 3.75466089511e-18, 7.92774779436e-18, 6.90530747591e-18, 1.01619138252e-17, 1.26567319117e-17, 1.2148414536e-17, 1.51806204336e-17, 1.30816719632e-17, 1.48740292483e-17, 1.65290720703e-17, 2.18162451096e-17, 1.92500826952e-17, 1.40492259528e-17, 1.66238851664e-17, 1.54551567159e-17, 1.66325126602e-17, 9.295141867e-18, 5.66097389018e-18, 2.60341614757e-18, 1.29786127035e-18, 3.00087710399e-19, 3.67012606089e-20],
        "var": [0.576943814754, 27.7573680878, 119.785758972, 92.8282928467, 242.586791992, 801.608825684, 1009.72784424, 4327.58105469, 6493.49511719, 2871.24682617, 786.651000977, 5880.07568359, 4197.11230469, 3289.84301758, 1622.0246582, 1954.17224121, 590.655883789, 1258.46520996, 388.941711426, 401.908721924, 753.118225098, 265.198913574, 181.611358643, 225.682525635, 421.433074951, 216.565414429, 229.587158203, 128.309570312, 51.8107185364, 40.3936424255, 38.1293907166, 210.548614502, 10.4871578217, 7.03961515427, 1.38606011868, 0.132506608963, 0.0568768233061, 0.0161206237972, 0.00731876539066, 2.07296329791e-06]
    },
    "gfcc": {
        "mean": [-93.8258285522, 101.910766602, -98.0981521606, 7.78751277924, -58.5478019714, 0.376321911812, -34.9250450134, 1.47887730598, -14.5714874268, -2.12830138206, -8.71019554138, 1.23028492928, -4.32436990738],
        "cov": [[31902.7148438, -4608.32568359, -364.588623047, 3277.65112305, -30.6878299713, 1721.55480957, 581.627990723, 810.634216309, -1101.12744141, 169.66229248, -711.234069824, -91.0673217773, -54.6359100342], [-4608.32568359, 2952.85571289, 212.750869751, -682.873291016, 598.31036377, -366.786193848, 139.680358887, -229.388320923, 530.682983398, -178.158889771, 372.608398438, -25.9388980865, 145.78163147], [-364.588623047, 212.750869751, 1472.43823242, 511.58984375, 371.235900879, 337.996124268, 278.427612305, 152.749908447, 189.358306885, 173.019866943, 152.662597656, 89.6220703125, 51.432636261], [3277.65112305, -682.873291016, 511.58984375, 1871.23168945, 333.252410889, 894.551025391, 519.196594238, 422.270172119, -9.42512226105, 147.553100586, -49.5904998779, -66.4372711182, 34.9612121582], [-30.6878299713, 598.31036377, 371.235900879, 333.252410889, 780.610717773, 237.936828613, 383.664123535, 201.16947937, 233.352935791, 48.964553833, 110.70526886, 11.0690908432, 56.8623962402], [1721.55480957, -366.786193848, 337.996124268, 894.551025391, 237.936828613, 964.934143066, 351.630615234, 347.88470459, 97.9394454956, 86.6929244995, -23.9234790802, 27.1008644104, 15.7343091965], [581.627990723, 139.680358887, 278.427612305, 519.196594238, 383.664123535, 351.630615234, 572.505371094, 247.848190308, 174.776260376, 103.15801239, 74.2516784668, -19.2504920959, 88.3288497925], [810.634216309, -229.388320923, 152.749908447, 422.270172119, 201.16947937, 347.88470459, 247.848190308, 323.931976318, 94.3974304199, 132.447647095, 5.39628696442, 27.7514877319, 44.5952682495], [-1101.12744141, 530.682983398, 189.358306885, -9.42512226105, 233.352935791, 97.9394454956, 174.776260376, 94.3974304199, 345.837402344, 58.6802864075, 151.092926025, 42.1067085266, 57.4857215881], [169.66229248, -178.158889771, 173.019866943, 147.553100586, 48.964553833, 86.6929244995, 103.15801239, 132.447647095, 58.6802864075, 248.371246338, 66.2339553833, 67.4552688599, 54.3264541626], [-711.234069824, 372.608398438, 152.662597656, -49.5904998779, 110.70526886, -23.9234790802, 74.2516784668, 5.39628696442, 151.092926025, 66.2339553833, 191.468353271, 55.8199081421, 57.6542854309], [-91.0673217773, -25.9388980865, 89.6220703125, -66.4372711182, 11.0690908432, 27.1008644104, -19.2504920959, 27.7514877319, 42.1067085266, 67.4552688599, 55.8199081421, 128.146194458, 36.4538803101], [-54.6359100342, 145.78163147, 51.432636261, 34.9612121582, 56.8623962402, 15.7343091965, 88.3288497925, 44.5952682495, 57.4857215881, 54.3264541626, 57.6542854309, 36.4538803101, 115.75]],
        "icov": [[5.03702140122e-05, 5.82941320317e-05, 2.88077935693e-05, -5.30481083842e-05, -4.9203128583e-05, -2.53711859841e-05, -1.48459839693e-05, 3.90150535168e-06, 0.000110592169221, 3.97887597501e-05, -3.03933234136e-06, -2.9013659514e-05, -7.19226081856e-05], [5.82941320317e-05, 0.0010440023616, -1.39738103826e-05, 0.000177126377821, -0.000724872748833, -3.41213744832e-05, 0.000150630366988, 0.000769672042225, -0.000822601898108, 0.000749284576159, -0.0009520027088, 0.000893806049135, -0.0011358349584], [2.88077935693e-05, -1.39738103826e-05, 0.00097283226205, -0.000266122980975, -0.000292000797344, -0.00015243566304, -8.74454926816e-05, 0.000432707602158, -4.53683351225e-05, -0.000463225296699, -0.000268407224212, -0.000557705992833, 0.000292769720545], [-5.30481083842e-05, 0.000177126377821, -0.000266122980975, 0.00143575121183, -0.000176118759555, -0.000872974283993, -0.00032329041278, -0.000337833887897, 0.000479623151477, -0.000135348760523, -0.000451067578979, 0.00136609771289, -0.000361714919563], [-4.9203128583e-05, -0.000724872748833, -0.000292000797344, -0.000176118759555, 0.00281929038465, 0.000311828247504, -0.00121079024393, -0.00137302244548, -0.000136406408274, 0.000335944961989, 0.00021269111312, -0.000817394291516, 0.00115979206748], [-2.53711859841e-05, -3.41213744832e-05, -0.00015243566304, -0.000872974283993, 0.000311828247504, 0.00261865416542, -0.000451380707091, -0.00158856972121, -0.000634600117337, 0.000866272253916, 0.000588272174355, -0.00142810610123, 0.000875072611962], [-1.48459839693e-05, 0.000150630366988, -8.74454926816e-05, -0.00032329041278, -0.00121079024393, -0.000451380707091, 0.00442465348169, -0.00107931054663, -0.000803967996035, -0.000271585420705, -0.00068892451236, 0.00235542445444, -0.00223659491166], [3.90150535168e-06, 0.000769672042225, 0.000432707602158, -0.000337833887897, -0.00137302244548, -0.00158856972121, -0.00107931054663, 0.00921007152647, -0.0021363014821, -0.00283067580312, 0.0020178980194, -0.00030693091685, -0.00141099153552], [0.000110592169221, -0.000822601898108, -4.53683351225e-05, 0.000479623151477, -0.000136406408274, -0.000634600117337, -0.000803967996035, -0.0021363014821, 0.00712115271017, -8.33917220007e-05, -0.00314260064624, -0.000465143617475, 0.000767672609072], [3.97887597501e-05, 0.000749284576159, -0.000463225296699, -0.000135348760523, 0.000335944961989, 0.000866272253916, -0.000271585420705, -0.00283067580312, -8.33917220007e-05, 0.00766261573881, -0.00253847241402, -0.00170349900145, -0.00141724722926], [-3.03933234136e-06, -0.0009520027088, -0.000268407224212, -0.000451067578979, 0.00021269111312, 0.000588272174355, -0.00068892451236, 0.0020178980194, -0.00314260064624, -0.00253847241402, 0.0120338629931, -0.00347579503432, -0.00113028427586], [-2.9013659514e-05, 0.000893806049135, -0.000557705992833, 0.00136609771289, -0.000817394291516, -0.00142810610123, 0.00235542445444, -0.00030693091685, -0.000465143617475, -0.00170349900145, -0.00347579503432, 0.0135239008814, -0.00388506986201], [-7.19226081856e-05, -0.0011358349584, 0.000292769720545, -0.000361714919563, 0.00115979206748, 0.000875072611962, -0.00223659491166, -0.00141099153552, 0.000767672609072, -0.00141724722926, -0.00113028427586, -0.00388506986201, 0.0136471707374]]
    },
    "melbands": {
        "dmean": [0.00176203344017, 0.00176607875619, 0.000740118557587, 0.000633733754512, 0.000371854519472, 0.000358020683052, 0.000336120603606, 0.000192967127077, 0.000109155385871, 0.000194224398001, 0.000109355074528, 8.60574655235e-05, 5.27206648258e-05, 5.78983708692e-05, 3.19495338772e-05, 2.20730798901e-05, 2.48532796832e-05, 1.57002250489e-05, 1.27768607854e-05, 1.22134970297e-05, 1.63241893461e-05, 9.7764950624e-06, 5.95135543335e-06, 5.82103621127e-06, 5.69738585909e-06, 8.0260242612e-06, 5.93749837208e-06, 4.77201092508e-06, 4.00112594434e-06, 4.55305371361e-06, 2.8154249776e-06, 1.84776808965e-06, 1.40433337492e-06, 1.3024209693e-06, 1.18731350085e-06, 3.19066271004e-06, 3.21441211781e-06, 7.28038912712e-07, 7.5652360465e-07, 7.84313215263e-07],
        "dmean2": [0.00194154132623, 0.00182881997898, 0.00111501163337, 0.00103623350151, 0.000591758871451, 0.000554339669179, 0.000513308041263, 0.000312185438816, 0.000189845653949, 0.000334076292347, 0.0001771896641, 0.000133569628815, 8.50530486787e-05, 9.75983930402e-05, 5.33072925464e-05, 3.70572233805e-05, 4.16358525399e-05, 2.67571449513e-05, 2.14483552554e-05, 1.98896432266e-05, 2.72304841928e-05, 1.69636987266e-05, 1.02600006358e-05, 1.02196690932e-05, 1.01950763565e-05, 1.46908414536e-05, 1.03758966361e-05, 8.23088066682e-06, 7.05007187207e-06, 8.32551450003e-06, 4.95055746796e-06, 3.11086751026e-06, 2.35438574236e-06, 2.16558601096e-06, 2.02310866371e-06, 5.87661952522e-06, 6.00452904109e-06, 1.16019475627e-06, 1.16921023618e-06, 1.35357356612e-06],
        "dvar": [9.67909545579e-06, 1.213233827e-05, 2.49858430834e-06, 1.71235899415e-06, 6.43389171273e-07, 8.16868805487e-07, 6.4717744408e-07, 2.25966601874e-07, 6.37410337845e-08, 3.52740983089e-07, 1.06402808342e-07, 4.13135516908e-08, 1.49454262299e-08, 2.99833580186e-08, 6.43913100618e-09, 3.39824435258e-09, 6.66281563255e-09, 1.18770859814e-09, 8.00037480708e-10, 7.54818485493e-10, 1.20492926747e-09, 4.08672928831e-10, 1.35435024307e-10, 1.53774534772e-10, 2.13644227309e-10, 5.44861655793e-10, 1.67931599182e-10, 1.19252191455e-10, 1.03725701639e-10, 1.51568008144e-10, 4.80559828042e-11, 2.00164381597e-11, 9.27114808535e-12, 9.68434967635e-12, 7.80513847998e-12, 9.57886825415e-11, 1.10489561944e-10, 2.82926026357e-12, 3.40852953501e-12, 5.44022986382e-12],
        "dvar2": [9.16339831747e-06, 1.51960193762e-05, 5.91617526879e-06, 4.35156562162e-06, 1.46654053879e-06, 1.79425330771e-06, 1.3148353446e-06, 5.6977114582e-07, 1.74387011498e-07, 9.26064160467e-07, 2.62598064182e-07, 9.40709199426e-08, 3.68522599103e-08, 7.9159953259e-08, 1.69475509182e-08, 8.83963302556e-09, 1.7686408782e-08, 3.11814241094e-09, 2.07430250754e-09, 1.83905424223e-09, 3.04614600211e-09, 1.09170217311e-09, 3.67239183507e-10, 4.20957907421e-10, 5.89176540888e-10, 1.54446466727e-09, 4.558881328e-10, 3.22273735476e-10, 2.86182522125e-10, 4.28964169741e-10, 1.29238619806e-10, 4.9760664339e-11, 2.28708562505e-11, 2.31719487348e-11, 1.98498092963e-11, 2.73571137965e-10, 3.17702059105e-10, 6.58853050242e-12, 7.43699459654e-12, 1.43069384465e-11],
        "max": [0.0467544570565, 0.0480132512748, 0.0192420873791, 0.0140307256952, 0.0156501773745, 0.0165213439614, 0.0147369112819, 0.0116719547659, 0.00658632954583, 0.0106814270839, 0.00551081961021, 0.00420127343386, 0.00213317503221, 0.00237006694078, 0.00129743502475, 0.00112726329826, 0.00111744913738, 0.000369779183529, 0.000436988659203, 0.00039127774653, 0.000437379727373, 0.000269550422672, 0.000163375967531, 0.000192704770598, 0.000136871123686, 0.000186620585737, 0.000124616868561, 0.000133729583467, 9.46239233599e-05, 0.000184859498404, 0.000107204330561, 8.77390921232e-05, 4.76047898701e-05, 7.2460337833e-05, 7.14459092706e-05, 8.88608701644e-05, 9.36263677431e-05, 2.59096777881e-05, 4.80733688164e-05, 5.74894620513e-05],
        "mean": [0.00372544699349, 0.00273137982003, 0.000828053511214, 0.000852736353409, 0.00058669532882, 0.000568323244806, 0.00051571696531, 0.000253182224697, 0.000112820031063, 0.000167468358995, 0.000120074146253, 0.000102210979094, 5.91912430536e-05, 5.36407678737e-05, 3.2064232073e-05, 2.01390939765e-05, 2.50339508057e-05, 1.61811130965e-05, 1.33744370032e-05, 1.38811710713e-05, 1.75181139639e-05, 1.02996418718e-05, 5.78101980864e-06, 5.40553082828e-06, 4.66183291792e-06, 5.93584400121e-06, 5.46592946193e-06, 4.44703982794e-06, 3.54391363544e-06, 3.62660875908e-06, 2.38946836362e-06, 1.83019812994e-06, 1.64883419984e-06, 1.61467141879e-06, 1.33767036914e-06, 2.37529934566e-06, 2.4360167572e-06, 9.08141487344e-07, 9.58354121394e-07, 8.4037844772e-07],
        "median": [0.000606331799645, 0.000310229865136, 0.000105993356556, 0.000153521104949, 0.000146048041643, 9.67297237366e-05, 8.68045899551e-05, 6.35054238955e-05, 2.71488243015e-05, 2.90678290185e-05, 2.40543049586e-05, 1.63621734828e-05, 1.16768660519e-05, 9.47202806856e-06, 5.43359738003e-06, 3.50331902155e-06, 3.42765838468e-06, 2.93343919111e-06, 2.58008822129e-06, 2.18280638364e-06, 2.86941667582e-06, 1.68800352185e-06, 1.06800962385e-06, 9.28910537823e-07, 5.79644847676e-07, 6.347511885e-07, 8.10300775811e-07, 6.60918203721e-07, 3.81876532174e-07, 3.55348817038e-07, 2.93833835485e-07, 2.04756460676e-07, 1.90010979395e-07, 1.68841395976e-07, 1.97070932018e-07, 1.70794635324e-07, 1.255342994e-07, 8.21165073717e-08, 5.26535508527e-08, 4.18196215435e-08],
        "min": [1.29078075592e-24, 5.84017472848e-24, 1.11091849737e-23, 6.84938578378e-24, 2.05512465306e-23, 1.28540845538e-23, 2.51633155021e-23, 4.3931135275e-24, 1.27918915489e-23, 1.23237712325e-23, 7.18086119185e-24, 1.54523904272e-23, 1.21205030765e-23, 7.22499480405e-24, 1.56662301082e-23, 9.6914536212e-24, 4.22539578259e-24, 3.99543848998e-24, 1.37485818228e-23, 6.83261696752e-24, 8.92133683995e-24, 1.14289481639e-23, 8.40131815351e-24, 1.54937819589e-23, 8.78119017811e-24, 9.31718014244e-24, 1.30511136089e-23, 7.39935357449e-24, 8.90100158353e-24, 8.67880392122e-24, 1.10184336263e-23, 1.31380587025e-23, 1.02543887075e-23, 1.11128602767e-23, 7.68860835805e-24, 9.49888715221e-24, 9.41585323105e-24, 1.11323979947e-23, 1.12421885001e-23, 1.4690139378e-23],
        "var": [3.94308117393e-05, 3.34916767315e-05, 2.88594469566e-06, 2.50874018093e-06, 1.31119054458e-06, 1.77079186869e-06, 1.49647758008e-06, 2.93280635333e-07, 5.50016103773e-08, 2.66891760248e-07, 1.05040051324e-07, 6.15406818838e-08, 1.56282986552e-08, 2.29474164115e-08, 6.36448183045e-09, 2.79177680973e-09, 5.28856958226e-09, 1.09607845022e-09, 7.58269391721e-10, 8.58251913982e-10, 1.28834809487e-09, 4.26338159221e-10, 1.25473784141e-10, 1.24805513146e-10, 1.49018547502e-10, 3.37144395735e-10, 1.32527031016e-10, 9.56689311105e-11, 7.70632169189e-11, 9.75988734275e-11, 3.68266632467e-11, 1.90940752792e-11, 1.16968847802e-11, 1.338152332e-11, 8.76481005829e-12, 5.86092910315e-11, 6.66546887129e-11, 4.09499907941e-12, 5.59002410333e-12, 5.23448385331e-12]
    },
    "mfcc": {
        "mean": [-731.779968262, 130.224822998, 13.1149625778, 10.7725839615, -3.03310680389, -3.59822869301, -8.06024551392, -1.21110618114, -3.87484407425, 0.206401348114, -8.47883319855, 1.62399995327, 2.25454759598],
        "cov": [[20829.3828125, -709.487243652, -500.184875488, 835.154785156, 559.585327148, 955.943969727, 965.331359863, 663.24206543, 612.145324707, 393.465545654, -9.60223674774, -204.025924683, -258.495788574], [-709.487243652, 2376.95532227, -81.1626434326, 24.2897014618, 260.751525879, 47.4918556213, -8.75931358337, 139.181686401, -1.95083773136, 96.4899597168, -63.0655517578, 109.632606506, 133.057815552], [-500.184875488, -81.1626434326, 1073.55456543, 307.059387207, 222.87046814, 282.747070312, 143.137832642, 147.490829468, 97.4474487305, 74.8952789307, 134.197616577, 119.377410889, 94.2589797974], [835.154785156, 24.2897014618, 307.059387207, 800.11541748, 315.425262451, 338.276885986, 349.565551758, 220.294815063, 247.787277222, 189.089767456, 167.735794067, 99.2548065186, 67.9208374023], [559.585327148, 260.751525879, 222.87046814, 315.425262451, 534.05859375, 362.782531738, 280.714447021, 293.615814209, 223.621505737, 183.45980835, 100.246711731, 103.233055115, 84.6225967407], [955.943969727, 47.4918556213, 282.747070312, 338.276885986, 362.782531738, 570.490905762, 384.233184814, 370.312255859, 295.182556152, 223.558547974, 151.432785034, 101.57144928, 66.7659378052], [965.331359863, -8.75931358337, 143.137832642, 349.565551758, 280.714447021, 384.233184814, 478.658325195, 319.113006592, 302.08782959, 214.10585022, 152.230682373, 77.5719299316, 54.8032073975], [663.24206543, 139.181686401, 147.490829468, 220.294815063, 293.615814209, 370.312255859, 319.113006592, 411.460845947, 277.33883667, 223.909057617, 107.555793762, 77.6004180908, 58.9545440674], [612.145324707, -1.95083773136, 97.4474487305, 247.787277222, 223.621505737, 295.182556152, 302.08782959, 277.33883667, 352.103820801, 218.932754517, 154.871826172, 74.0314788818, 63.5221290588], [393.465545654, 96.4899597168, 74.8952789307, 189.089767456, 183.45980835, 223.558547974, 214.10585022, 223.909057617, 218.932754517, 255.563598633, 121.942672729, 88.7544250488, 65.9052810669], [-9.60223674774, -63.0655517578, 134.197616577, 167.735794067, 100.246711731, 151.432785034, 152.230682373, 107.555793762, 154.871826172, 121.942672729, 202.858383179, 86.7623748779, 81.7124557495], [-204.025924683, 109.632606506, 119.377410889, 99.2548065186, 103.233055115, 101.57144928, 77.5719299316, 77.6004180908, 74.0314788818, 88.7544250488, 86.7623748779, 143.096710205, 95.8182525635], [-258.495788574, 133.057815552, 94.2589797974, 67.9208374023, 84.6225967407, 66.7659378052, 54.8032073975, 58.9545440674, 63.5221290588, 65.9052810669, 81.7124557495, 95.8182525635, 143.805358887]],
