{
"lowlevel": {
    "average_loudness": 0.775407314301,
    "barkbands_crest": {
        "dmean": 2.8484108448,
        "dmean2": 4.39587259293,
        "dvar": 8.37903213501,
        "dvar2": 18.0951042175,
        "max": 26.8322067261,
        "mean": 14.9861555099,
        "median": 15.0970153809,
        "min": 2.06332588196,
        "var": 40.8703842163
    },
    "barkbands_flatness_db": {
        "dmean": 0.0329007990658,
        "dmean2": 0.0493388697505,
        "dvar": 0.00175022380427,
        "dvar2": 0.00407168408856,
        "max": 0.812252402306,
        "mean": 0.200417920947,
        "median": 0.162959352136,
        "min": 0.0146410083398,
        "var": 0.0159803759307
    },
    "barkbands_kurtosis": {
        "dmean": 10.8243675232,
        "dmean2": 17.6586322784,
        "dvar": 4111.85644531,
        "dvar2": 11899.7880859,
        "max": 4785.62695312,
        "mean": 16.9680862427,
        "median": 3.68786764145,
        "min": -1.94644284248,
        "var": 4146.16308594
    },
    "barkbands_skewness": {
        "dmean": 0.871632456779,
        "dmean2": 1.32404339314,
        "dvar": 1.64269816875,
        "dvar2": 4.24966907501,
        "max": 36.6753921509,
        "mean": 2.58738923073,
        "median": 2.00367760658,
        "min": -3.31024646759,
        "var": 5.72403526306
    },
    "barkbands_spread": {
        "dmean": 5.67192411423,
        "dmean2": 8.67917060852,
        "dvar": 62.6084785461,
        "dvar2": 127.359680176,
        "max": 160.576248169,
        "mean": 20.8504047394,
        "median": 19.0089149475,
        "min": 0.0129880588502,
        "var": 274.972991943
    },
    "dissonance": {
        "dmean": 0.0207292493433,
        "dmean2": 0.0346955955029,
        "dvar": 0.000650752277579,
        "dvar2": 0.0018176836893,
        "max": 0.500000059605,
        "mean": 0.460108160973,
        "median": 0.471126317978,
        "min": 0.16563770175,
        "var": 0.00143147620838
    },
    "dynamic_complexity": 3.71046614647,
    "erbbands_crest": {
        "dmean": 2.31785392761,
        "dmean2": 3.76964139938,
        "dvar": 6.18244695663,
        "dvar2": 15.598991394,
        "max": 31.419878006,
        "mean": 8.98254299164,
        "median": 7.54972410202,
        "min": 2.22766280174,
        "var": 22.748468399
    },
    "erbbands_flatness_db": {
        "dmean": 0.018458975479,
        "dmean2": 0.0290804170072,
        "dvar": 0.000644674582873,
        "dvar2": 0.00163724774029,
        "max": 0.526987612247,
        "mean": 0.167565867305,
        "median": 0.148604661226,
        "min": 0.0252513885498,
        "var": 0.00501440046355
    },
    "erbbands_kurtosis": {
        "dmean": 1.48336017132,
        "dmean2": 2.34920573235,
        "dvar": 31.1935806274,
        "dvar2": 81.2732162476,
        "max": 256.632080078,
        "mean": 1.5079408884,
        "median": -0.0561184883118,
        "min": -1.78016865253,
        "var": 53.3831825256
    },
    "erbbands_skewness": {
        "dmean": 0.36016190052,
        "dmean2": 0.543663799763,
        "dvar": 0.190461903811,
        "dvar2": 0.415250867605,
        "max": 10.8836841583,
        "mean": 0.0241130851209,
        "median": 0.0575459674001,
        "min": -4.52613925934,
        "var": 1.19579851627
    },
    "erbbands_spread": {
        "dmean": 7.42479896545,
        "dmean2": 11.6404733658,
        "dvar": 63.0664253235,
        "dvar2": 156.746673584,
        "max": 136.267776489,
        "mean": 41.2134971619,
        "median": 41.1804504395,
        "min": 0.496017843485,
        "var": 426.888885498
    },
    "hfc": {
        "dmean": 7.70319843292,
        "dmean2": 10.5325088501,
        "dvar": 228.10168457,
        "dvar2": 386.223175049,
        "max": 279.55682373,
        "mean": 24.8425655365,
        "median": 16.5785541534,
        "min": 4.64224939378e-07,
        "var": 812.186645508
    },
    "melbands_crest": {
        "dmean": 3.51163077354,
        "dmean2": 5.35349941254,
        "dvar": 11.7825975418,
        "dvar2": 25.367855072,
        "max": 37.570186615,
        "mean": 20.9281425476,
        "median": 20.6867027283,
        "min": 2.98932170868,
        "var": 69.6783981323
    },
    "melbands_flatness_db": {
        "dmean": 0.0384110957384,
        "dmean2": 0.056581735611,
        "dvar": 0.00232325261459,
        "dvar2": 0.00514811929315,
        "max": 0.992870390415,
        "mean": 0.283150792122,
        "median": 0.239553168416,
        "min": 0.032167673111,
        "var": 0.0233984384686
    },
    "melbands_kurtosis": {
        "dmean": 18.2409439087,
        "dmean2": 28.1050071716,
        "dvar": 1474.91040039,
        "dvar2": 3730.18237305,
        "max": 1086.04968262,
        "mean": 36.5600776672,
        "median": 15.0830421448,
        "min": -1.84266936779,
        "var": 3943.86230469
    },
    "melbands_skewness": {
        "dmean": 1.11822736263,
        "dmean2": 1.64251565933,
        "dvar": 1.68963396549,
        "dvar2": 3.82021903992,
        "max": 22.7537117004,
        "mean": 4.17774629593,
        "median": 3.40153193474,
        "min": -1.87348520756,
        "var": 8.89140796661
    },
    "melbands_spread": {
        "dmean": 6.40954113007,
        "dmean2": 9.78428554535,
        "dvar": 95.38306427,
        "dvar2": 197.376754761,
        "max": 192.06539917,
        "mean": 18.3961715698,
        "median": 14.4900512695,
        "min": 0.0673125758767,
        "var": 268.462097168
    },
    "pitch_salience": {
        "dmean": 0.0796708911657,
        "dmean2": 0.122238971293,
        "dvar": 0.00654548360035,
        "dvar2": 0.0138504914939,
        "max": 0.879080235958,
        "mean": 0.395308434963,
        "median": 0.405167549849,
        "min": 0.0182693358511,
        "var": 0.0283181369305
    },
    "silence_rate_20dB": {
        "dmean": 0,
        "dmean2": 0,
        "dvar": 0,
        "dvar2": 0,
        "max": 1,
        "mean": 1,
        "median": 1,
        "min": 1,
        "var": 0
    },
    "silence_rate_30dB": {
        "dmean": 0.0691041126847,
        "dmean2": 0.138217180967,
        "dvar": 0.0643196776509,
        "dvar2": 0.126476943493,
        "max": 1,
        "mean": 0.856679856777,
        "median": 1,
        "min": 0,
        "var": 0.122769936919
    },
    "silence_rate_60dB": {
        "dmean": 0.00375988590531,
        "dmean2": 0.00745542952791,
        "dvar": 0.00374651933089,
        "dvar2": 0.0086951367557,
        "max": 1,
        "mean": 0.030077137053,
        "median": 0,
        "min": 0,
        "var": 0.0291756223887
    },
    "spectral_centroid": {
        "dmean": 242.116134644,
        "dmean2": 362.717407227,
        "dvar": 99449.6484375,
        "dvar2": 179067.296875,
        "max": 4280.40380859,
        "mean": 1486.94458008,
        "median": 1330.64941406,
        "min": 54.3910064697,
        "var": 819643.8125
    },
    "spectral_complexity": {
        "dmean": 3.29560470581,
        "dmean2": 4.94936800003,
        "dvar": 19.1666183472,
        "dvar2": 32.5407104492,
        "max": 64,
        "mean": 18.0377902985,
        "median": 16,
        "min": 0,
        "var": 146.684494019
    },
    "spectral_decrease": {
        "dmean": 4.77225681195e-09,
        "dmean2": 6.50511999822e-09,
        "dvar": 5.42966945821e-17,
        "dvar2": 1.10898688592e-16,
        "max": 1.18892509092e-16,
        "mean": -1.28417685374e-08,
        "median": -7.90991805388e-09,
        "min": -9.75904299594e-08,
        "var": 1.83039346509e-16
    },
    "spectral_energy": {
        "dmean": 0.0183455459774,
        "dmean2": 0.0249204132706,
        "dvar": 0.000775416847318,
        "dvar2": 0.00158498995006,
        "max": 0.372308909893,
        "mean": 0.050721026957,
        "median": 0.03217151016,
        "min": 4.07609536401e-11,
        "var": 0.00271970429458
    },
    "spectral_energyband_high": {
        "dmean": 0.000672943773679,
        "dmean2": 0.00090077862842,
        "dvar": 3.43223518939e-06,
        "dvar2": 5.74826344746e-06,
        "max": 0.0269146971405,
        "mean": 0.00169539102353,
        "median": 0.000462004070869,
        "min": 2.7415082357e-11,
        "var": 1.0241083146e-05
    },
    "spectral_energyband_low": {
        "dmean": 0.0168359056115,
        "dmean2": 0.0229247696698,
        "dvar": 0.000838268431835,
        "dvar2": 0.00167824327946,
        "max": 0.353951096535,
        "mean": 0.0358970761299,
        "median": 0.0152794541791,
        "min": 4.25476017266e-12,
        "var": 0.00250080646947
    },
    "spectral_energyband_middle_high": {
        "dmean": 0.00203286577016,
        "dmean2": 0.00302151008509,
        "dvar": 1.21038565339e-05,
        "dvar2": 2.67059313046e-05,
        "max": 0.0719174072146,
        "mean": 0.00520413042977,
        "median": 0.00331228412688,
        "min": 2.56506968443e-12,
        "var": 3.52752031176e-05
    },
    "spectral_energyband_middle_low": {
        "dmean": 0.0028293619398,
        "dmean2": 0.00437645288184,
        "dvar": 2.82891778625e-05,
        "dvar2": 6.65053594275e-05,
        "max": 0.30698159337,
        "mean": 0.00892422907054,
        "median": 0.00649161962792,
        "min": 3.89280578258e-12,
        "var": 8.55408361531e-05
    },
    "spectral_entropy": {
        "dmean": 0.177919104695,
        "dmean2": 0.275677263737,
        "dvar": 0.0754026100039,
        "dvar2": 0.17636077106,
        "max": 9.00856113434,
        "mean": 7.37636375427,
        "median": 7.56191825867,
        "min": 2.8588578701,
        "var": 0.55278724432
    },
    "spectral_flux": {
        "dmean": 0.0326144620776,
        "dmean2": 0.0505310632288,
        "dvar": 0.00150664325338,
        "dvar2": 0.00354293477722,
        "max": 0.602988600731,
        "mean": 0.0900601893663,
        "median": 0.0759368687868,
        "min": 2.1253772502e-05,
        "var": 0.00400433829054
    },
    "spectral_kurtosis": {
        "dmean": 5.37370061874,
        "dmean2": 9.24563503265,
        "dvar": 329.425842285,
        "dvar2": 959.524536133,
        "max": 579.474121094,
        "mean": 10.968755722,
        "median": 3.39533853531,
        "min": -1.20437729359,
        "var": 785.246826172
    },
    "spectral_rms": {
        "dmean": 0.00114631466568,
        "dmean2": 0.00155530427583,
        "dvar": 1.68360486441e-06,
        "dvar2": 3.22580308421e-06,
        "max": 0.0190585460514,
        "mean": 0.00627218885347,
        "median": 0.00560239609331,
        "min": 1.99416106739e-07,
        "var": 1.01433806776e-05
    },
    "spectral_rolloff": {
        "dmean": 451.105285645,
        "dmean2": 746.795959473,
        "dvar": 772829.5,
        "dvar2": 1553494.375,
        "max": 19616.7480469,
        "mean": 1088.97119141,
        "median": 624.462890625,
        "min": 64.599609375,
        "var": 2591269.5
    },
    "spectral_skewness": {
        "dmean": 0.381333976984,
        "dmean2": 0.625471651554,
        "dvar": 0.674971222878,
        "dvar2": 1.88546001911,
        "max": 19.4405460358,
        "mean": 1.76211953163,
        "median": 1.42172503471,
        "min": -0.154726698995,
        "var": 3.10315155983
    },
    "spectral_spread": {
        "dmean": 384285.71875,
        "dmean2": 620896.5625,
        "dvar": 254680432640,
        "dvar2": 628811956224,
        "max": 17644384,
        "mean": 4212346.5,
        "median": 4376936.5,
        "min": 223726.8125,
        "var": 2.89888193741e+12
    },
    "spectral_strongpeak": {
        "dmean": 0.381792426109,
        "dmean2": 0.631963551044,
        "dvar": 0.658154606819,
        "dvar2": 1.63170313835,
        "max": 9.89082622528,
        "mean": 0.7761977911,
        "median": 0.460663348436,
        "min": 0,
        "var": 1.03679132462
    },
    "zerocrossingrate": {
        "dmean": 0.00919504556805,
        "dmean2": 0.0108692832291,
        "dvar": 0.000136413029395,
        "dvar2": 0.000164375916938,
        "max": 0.62109375,
        "mean": 0.0460674539208,
        "median": 0.04150390625,
        "min": 0.00146484375,
        "var": 0.00196233042516
    },
    "barkbands": {
        "dmean": [0.000988424872048, 0.0151571948081, 0.00306042074226, 0.00110620236956, 0.00117235665675, 0.000938058190513, 0.000424640747951, 0.000229208468227, 0.00049787358148, 0.000297884747852, 0.000380316283554, 0.000445149606094, 0.000651973707136, 0.000237763946643, 0.000436203961726, 0.000153083819896, 0.000110231580038, 0.000126934304717, 0.000132336441311, 0.000313959259074, 0.000294583471259, 0.00015305490524, 0.000118915304483, 6.53539173072e-05, 4.62636780867e-05, 1.44842770169e-05, 1.03856928035e-05],
        "dmean2": [0.00156593252905, 0.0213778801262, 0.00501158926636, 0.00184574292507, 0.00189628649969, 0.00136878946796, 0.000598790415097, 0.000348361994838, 0.000740353541914, 0.000460398965515, 0.000544784765225, 0.00071673799539, 0.00106431369204, 0.00036115833791, 0.00074516289169, 0.000229375975323, 0.000170197687112, 0.000194824257051, 0.000203365823836, 0.000506148964632, 0.000429296138464, 0.000218134286115, 0.000171350417077, 9.02714382391e-05, 6.90175002092e-05, 2.24470313697e-05, 1.60645868164e-05],
        "dvar": [2.34575804825e-06, 0.000776679371484, 0.00011061103578, 8.97299287317e-06, 9.7066467788e-06, 4.12604640587e-06, 9.58267492024e-07, 2.66331909415e-07, 9.80692902885e-07, 5.53606810172e-07, 9.31775844037e-07, 1.06725076421e-06, 4.15265822085e-06, 3.53012012511e-07, 1.25559904518e-06, 2.26672142389e-07, 6.8282183463e-08, 5.41207718641e-08, 6.24643234914e-08, 5.49152957774e-07, 7.43976670492e-07, 1.55812770686e-07, 1.01976510791e-07, 2.74332574435e-08, 1.74332583924e-08, 4.93272844793e-09, 6.60067245306e-09],
        "dvar2": [5.86912983636e-06, 0.00161530892365, 0.000262961053522, 2.50467965088e-05, 2.63728816208e-05, 9.81616085483e-06, 1.76226967596e-06, 5.64240906442e-07, 2.22432095143e-06, 1.22216863474e-06, 1.62034257301e-06, 2.66036568064e-06, 1.08354042823e-05, 7.95644893969e-07, 3.86199417335e-06, 5.00039959661e-07, 1.58537176276e-07, 1.1816031531e-07, 1.37778698672e-07, 1.34832384902e-06, 1.37231256758e-06, 3.03133191437e-07, 1.84843102602e-07, 5.19708827085e-08, 3.84173333146e-08, 1.18037650765e-08, 1.58725868005e-08],
        "max": [0.0276519898325, 0.332543551922, 0.166269361973, 0.131631493568, 0.17303045094, 0.0988519266248, 0.0435161329806, 0.0249308869243, 0.0269154477865, 0.0257822815329, 0.0401460193098, 0.0315078049898, 0.0377062559128, 0.0102238580585, 0.0205380916595, 0.010162871331, 0.00686877733096, 0.00595083786175, 0.00368341896683, 0.00967087317258, 0.0126089835539, 0.00661726715043, 0.00530030671507, 0.00341049069539, 0.00254968972877, 0.00241911783814, 0.00511647202075],
        "mean": [0.00164851965383, 0.0302635207772, 0.00304315635003, 0.0018075122498, 0.00250790291466, 0.00193636806216, 0.000935970514547, 0.000491334823892, 0.00115586677566, 0.00051676062867, 0.000715909467544, 0.000713067362085, 0.00100977835245, 0.000385010323953, 0.000628610199783, 0.000246916373726, 0.000187687997823, 0.000244240014581, 0.000256254686974, 0.000533992191777, 0.000620832724962, 0.000320206134347, 0.000246427458478, 0.000143404715345, 9.88912215689e-05, 3.06314759655e-05, 3.21609695675e-05],
        "median": [0.00048140072613, 0.0114438924938, 0.000489611062221, 0.000514531158842, 0.00116821925621, 0.000881648797076, 0.000348573405063, 0.000178264104761, 0.000330960232532, 0.000135093345307, 0.00024468623451, 0.00022028812964, 0.000201869814191, 0.000115117552923, 0.0001908353006, 5.99877748755e-05, 7.6812095358e-05, 0.000137675728183, 0.000113541842438, 0.000177874986548, 0.000124718178995, 8.38599953568e-05, 5.41832378076e-05, 3.04474742734e-05, 1.52925531438e-05, 2.92439199256e-06, 9.08772790353e-07],
        "min": [3.30921704969e-12, 1.40842524275e-12, 7.07984777575e-13, 2.75528216779e-13, 1.24521367609e-12, 6.48555428112e-13, 2.47433312988e-13, 2.15603197188e-13, 2.11845393116e-13, 1.6461243718e-13, 1.09370567887e-13, 6.60041886056e-14, 2.11745660068e-13, 1.31010965423e-13, 3.76834658313e-13, 2.08723893746e-13, 1.95875040905e-13, 2.44986133159e-13, 6.6202913377e-13, 3.87267312402e-13, 5.64728873474e-13, 7.38345962061e-13, 8.74767923029e-13, 1.13458179483e-12, 1.49867499053e-12, 2.75261410887e-12, 1.99105749249e-11],
        "var": [7.42732254366e-06, 0.00209962180816, 0.000103113365185, 1.24598200273e-05, 1.8030332285e-05, 9.47646367422e-06, 3.41388567904e-06, 9.16541011975e-07, 4.22571110903e-06, 1.48639446707e-06, 2.57873011833e-06, 2.095155196e-06, 7.53008953325e-06, 7.24861195067e-07, 1.77104880095e-06, 4.09112402622e-07, 1.16840581654e-07, 1.14276829777e-07, 1.41553044841e-07, 9.27862743083e-07, 1.85353803772e-06, 4.13754435158e-07, 2.63229594566e-07, 6.9931374469e-08, 3.4306424368e-08, 1.09144888683e-08, 3.32224452393e-08]
    },
    "erbbands": {
        "dmean": [0.580848157406, 3.07944345474, 3.81039452553, 3.27050209045, 3.33774471283, 4.45351076126, 7.54084587097, 6.48766708374, 4.75589942932, 5.29876947403, 6.91044664383, 9.91469669342, 10.060505867, 15.3293104172, 10.016163826, 15.0699253082, 27.2767276764, 15.2216825485, 15.3777666092, 17.6132545471, 7.39196395874, 6.38748979568, 7.29458284378, 4.69527435303, 11.1856822968, 15.206492424, 8.60073471069, 12.9767141342, 4.6830163002, 6.60535669327, 2.28745722771, 1.672326684, 0.960672199726, 0.65115582943, 0.271018534899, 0.078162111342, 0.0254733879119, 0.00830837804824, 0.00230711931363, 0.000112456393254],
        "dmean2": [0.81117027998, 4.40049886703, 6.00439310074, 5.31725025177, 5.51365852356, 7.15880250931, 11.101978302, 10.0692062378, 6.87950801849, 7.63605690002, 10.1035022736, 14.7431554794, 15.7713050842, 22.2963199615, 15.3787565231, 24.5782661438, 44.301864624, 23.5040550232, 24.5601387024, 29.2981281281, 11.1016836166, 9.79228591919, 11.2142753601, 7.16559553146, 17.6700992584, 24.6687736511, 13.5569982529, 18.4251441956, 6.46115398407, 9.62288188934, 3.05834293365, 2.27062964439, 1.3564440012, 0.953897356987, 0.410304397345, 0.12101906538, 0.039827760309, 0.0129744186997, 0.00359448324889, 0.000169652048498],
        "dvar": [1.05619752407, 36.8022689819, 147.511428833, 73.8211517334, 54.5498008728, 177.784698486, 376.230621338, 222.259857178, 111.384780884, 167.839294434, 238.682525635, 424.352203369, 518.389160156, 1440.23242188, 636.19720459, 1212.99072266, 6789.63720703, 1282.44042969, 1213.60046387, 1943.88745117, 401.28817749, 199.401260376, 202.909393311, 79.1829452515, 508.864593506, 1528.23217773, 441.619232178, 1590.26940918, 138.342636108, 351.35369873, 35.4368896484, 17.5782032013, 6.28925895691, 2.84388232231, 0.866252362728, 0.141078144312, 0.0153810670599, 0.00249231792986, 0.000348409404978, 6.23014614121e-07],
        "dvar2": [2.0639538765, 79.8464355469, 341.768859863, 188.225204468, 144.051422119, 488.934265137, 967.084350586, 572.397155762, 214.699798584, 323.73223877, 494.008880615, 963.975280762, 1261.72436523, 2544.46801758, 1404.41308594, 3242.97875977, 17770.3300781, 3037.40844727, 3096.89233398, 5548.58300781, 891.450195312, 443.303741455, 441.736907959, 163.747665405, 1156.72998047, 3887.78369141, 946.996887207, 2970.66992188, 244.284820557, 683.493591309, 54.9511833191, 31.6133289337, 12.3945035934, 6.05531024933, 2.04445242882, 0.34236702323, 0.0387900099158, 0.00613367790356, 0.000870848482009, 1.46078127727e-06],
        "max": [16.1269607544, 71.7871322632, 184.927368164, 308.748413086, 222.60710144, 726.858093262, 1180.31982422, 604.651489258, 524.73223877, 743.921020508, 792.020080566, 593.518066406, 616.066650391, 1495.20922852, 1260.9564209, 1015.52154541, 1561.58898926, 800.402404785, 638.923461914, 927.053649902, 523.739379883, 378.661010742, 395.166320801, 165.243804932, 284.395843506, 546.515869141, 290.263183594, 632.965942383, 208.236618042, 299.222320557, 102.724822998, 77.8653869629, 51.2106208801, 31.4617195129, 27.3002338409, 11.4807786942, 4.23731279373, 2.34628605843, 1.05447733402, 0.039979994297],
        "mean": [1.25561439991, 5.21541404724, 4.5380654335, 4.87990140915, 6.53048467636, 9.35377407074, 15.3375873566, 12.7491521835, 11.18450737, 11.9323759079, 16.7189044952, 23.1590709686, 19.954164505, 30.7774333954, 17.7901058197, 25.7098007202, 45.0515365601, 25.8691864014, 25.2665901184, 26.7346611023, 13.0219869614, 11.374461174, 13.8910264969, 9.89810752869, 21.962015152, 24.3407478333, 16.8582019806, 27.043302536, 10.4378499985, 13.1027393341, 5.34617424011, 3.6345436573, 2.05867743492, 1.36765217781, 0.544284939766, 0.146424889565, 0.0544477403164, 0.0214004386216, 0.00642101606354, 0.000357722863555],
        "median": [0.395982652903, 1.85586857796, 1.1042689085, 1.66423726082, 2.69015526772, 3.7255897522, 7.50147342682, 5.62540483475, 4.77790975571, 5.82339859009, 6.46811342239, 6.7350435257, 6.10241699219, 11.3838319778, 7.80935382843, 9.1438999176, 10.3073911667, 8.80273723602, 9.67800331116, 8.97675228119, 4.44868373871, 5.14723968506, 7.64535236359, 6.45346975327, 9.79668903351, 6.91318035126, 5.09518861771, 4.05783653259, 3.04752802849, 2.68007922173, 1.23606562614, 0.744332671165, 0.424678266048, 0.223491489887, 0.0787770599127, 0.0225301757455, 0.0040285307914, 0.00116095645353, 0.00018067228666, 6.78502619849e-05],
        "min": [6.20042697741e-11, 2.70891059584e-10, 1.01245767326e-09, 1.27133448213e-09, 3.0477309565e-09, 3.93466859094e-09, 5.19825560374e-09, 4.25572377338e-09, 2.62484256552e-09, 4.86075224515e-09, 5.39669198218e-09, 8.90719942248e-09, 7.96778287793e-09, 4.17425205512e-09, 3.70502162284e-09, 3.15574388843e-09, 9.85860371117e-09, 8.92638407635e-09, 1.27874324463e-08, 1.68083964525e-08, 1.25537100715e-08, 1.29979973451e-08, 1.27286066132e-08, 2.24903633494e-08, 3.82712102009e-08, 1.42445184537e-08, 2.05686543353e-08, 2.63886370533e-08, 2.87992545367e-08, 2.07111217065e-08, 2.58259742481e-08, 2.20860112421e-08, 1.98204546109e-08, 1.8396017154e-08, 9.30547283673e-09, 7.36813321467e-09, 5.21291010358e-09, 6.43671560496e-09, 3.10287417982e-09, 2.95487079249e-10],
        "var": [3.82943582535, 73.6814041138, 155.00302124, 88.7081069946, 124.720245361, 331.685668945, 619.885498047, 424.446350098, 462.257873535, 456.299560547, 1017.02722168, 1781.85864258, 1452.69104004, 4275.30712891, 1340.56103516, 2228.77905273, 12686.4179688, 2505.48608398, 2181.04516602, 2836.18164062, 858.462585449, 368.894378662, 412.80267334, 168.154006958, 1102.2277832, 2353.36010742, 983.089477539, 3977.08032227, 394.544525146, 833.934814453, 111.206825256, 47.7631645203, 14.6518955231, 6.19973802567, 1.33856260777, 0.207313746214, 0.0358692407608, 0.00943381246179, 0.00148082931992, 3.22197229252e-06]
    },
    "gfcc": {
        "mean": [-30.6324996948, 105.99521637, -104.713981628, 41.1242713928, -42.9006156921, 13.0944004059, -16.4112758636, 3.1454000473, -15.8478622437, 4.61698055267, -3.86819624901, -1.07603418827, -1.23587143421],
        "cov": [[19384.4453125, -5031.67333984, -1739.54492188, 490.576263428, -2468.74584961, 1095.20129395, -1580.50488281, 123.172775269, -986.83581543, 419.093322754, -771.151733398, 138.934738159, -425.768280029], [-5031.67333984, 3812.23413086, 428.140960693, -572.809692383, 1163.40466309, -547.347351074, 749.562316895, -63.9610328674, 462.36315918, -74.3566589355, 440.242584229, -84.7010650635, 203.986572266], [-1739.54492188, 428.140960693, 1009.66827393, -46.6618537903, 284.369049072, -58.5987548828, 118.964408875, 129.542953491, 163.718826294, -48.9480018616, 40.5135726929, 9.10171794891, 18.1616916656], [490.576263428, -572.809692383, -46.6618537903, 1285.70605469, -172.298278809, 261.406097412, 178.186325073, 62.3846817017, 127.639427185, 89.3242645264, 147.734954834, 37.4074745178, 77.6490783691], [-2468.74584961, 1163.40466309, 284.369049072, -172.298278809, 865.952880859, -171.622665405, 332.155578613, -64.8072357178, 164.772735596, 72.8997116089, 198.781600952, 30.9760246277, 52.0348625183], [1095.20129395, -547.347351074, -58.5987548828, 261.406097412, -171.622665405, 373.58605957, -16.5831375122, 76.4171295166, -5.81386232376, 57.055934906, -17.0070018768, 50.0434570312, 0.939074277878], [-1580.50488281, 749.562316895, 118.964408875, 178.186325073, 332.155578613, -16.5831375122, 496.001800537, 39.8718795776, 227.002227783, 31.3565196991, 191.526733398, 37.5277633667, 101.11164856], [123.172775269, -63.9610328674, 129.542953491, 62.3846817017, -64.8072357178, 76.4171295166, 39.8718795776, 221.964736938, 68.5765686035, -15.0847606659, -4.13794374466, 7.19989919662, 44.1959571838], [-986.83581543, 462.36315918, 163.718826294, 127.639427185, 164.772735596, -5.81386232376, 227.002227783, 68.5765686035, 239.413574219, 24.3270072937, 112.383880615, 10.0614299774, 61.7081336975], [419.093322754, -74.3566589355, -48.9480018616, 89.3242645264, 72.8997116089, 57.055934906, 31.3565196991, -15.0847606659, 24.3270072937, 192.907806396, 76.2293701172, 50.3622016907, -5.34566640854], [-771.151733398, 440.242584229, 40.5135726929, 147.734954834, 198.781600952, -17.0070018768, 191.526733398, -4.13794374466, 112.383880615, 76.2293701172, 199.366088867, 52.004573822, 69.812461853], [138.934738159, -84.7010650635, 9.10171794891, 37.4074745178, 30.9760246277, 50.0434570312, 37.5277633667, 7.19989919662, 10.0614299774, 50.3622016907, 52.004573822, 98.8344573975, 39.8176040649], [-425.768280029, 203.986572266, 18.1616916656, 77.6490783691, 52.0348625183, 0.939074277878, 101.11164856, 44.1959571838, 61.7081336975, -5.34566640854, 69.812461853, 39.8176040649, 109.803543091]],
        "icov": [[0.000148673454532, -6.98546209605e-05, 0.000134168367367, -6.95471389918e-05, 0.000257072591921, -0.000160941053764, 0.000163136908668, -0.000203570365557, 0.000226750620641, -0.00042391277384, 0.000353779934812, -0.000425585662015, 0.000325844128383], [-6.98546209605e-05, 0.0011022076942, -8.27764015412e-05, 0.000643184874207, -0.000687256630044, 0.000433387263911, -0.000513987790328, 0.00039883327554, -0.00080430827802, 0.000771819031797, -0.00192522862926, 0.00215048994869, -0.00119106646162], [0.000134168367367, -8.27764015412e-05, 0.00153292319737, -0.000154503170052, -0.000352679257048, 4.39756258857e-05, 0.000528487260453, -0.00110521516763, -0.000723691657186, 0.000323789252434, 0.000513507344294, -0.00121565663721, 0.00119149580132], [-6.95471389918e-05, 0.000643184874207, -0.000154503170052, 0.00156816514209, 8.19976994535e-05, -0.000498007982969, -0.000604494067375, 0.000540357024875, -0.000689929467626, 0.000271697383141, -0.00218217168003, 0.00204894598573, -0.00119801727124], [0.000257072591921, -0.000687256630044, -0.000352679257048, 8.19976994535e-05, 0.00315066799521, -4.38989663962e-05, -0.000709937303327, 0.000370480149286, 0.000809779274277, -0.00180219241884, 0.00029628109769, -0.00142289046198, 0.00107060873415], [-0.000160941053764, 0.000433387263911, 4.39756258857e-05, -0.000498007982969, -4.38989663962e-05, 0.00453582592309, -0.000655034265947, -0.00105633190833, -0.00038226635661, -0.000272795179626, 0.000351156602846, -0.00133908644784, 0.000389961729525], [0.000163136908668, -0.000513987790328, 0.000528487260453, -0.000604494067375, -0.000709937303327, -0.000655034265947, 0.00547298789024, -0.000490622071084, -0.00251645338722, 0.000429863925092, -0.000849606411066, -0.00146739254706, -6.53225069982e-05], [-0.000203570365557, 0.00039883327554, -0.00110521516763, 0.000540357024875, 0.000370480149286, -0.00105633190833, -0.000490622071084, 0.00725470343605, -0.00227258121595, 0.000389218737837, 0.000315381912515, 0.00209125806578, -0.0040271198377], [0.000226750620641, -0.00080430827802, -0.000723691657186, -0.000689929467626, 0.000809779274277, -0.00038226635661, -0.00251645338722, -0.00227258121595, 0.0103611070663, -0.00191469071433, -0.000394562812289, 0.000517174135894, -2.01823550015e-05], [-0.00042391277384, 0.000771819031797, 0.000323789252434, 0.000271697383141, -0.00180219241884, -0.000272795179626, 0.000429863925092, 0.000389218737837, -0.00191469071433, 0.00990905892104, -0.00548014929518, -0.00134658440948, 0.00251160305925], [0.000353779934812, -0.00192522862926, 0.000513507344294, -0.00218217168003, 0.00029628109769, 0.000351156602846, -0.000849606411066, 0.000315381912515, -0.000394562812289, -0.00548014929518, 0.0174368117005, -0.00700861169025, -0.00167118117679], [-0.000425585662015, 0.00215048994869, -0.00121565663721, 0.00204894598573, -0.00142289046198, -0.00133908644784, -0.00146739254706, 0.00209125806578, 0.000517174135894, -0.00134658440948, -0.00700861169025, 0.0215357262641, -0.00940747745335], [0.000325844128383, -0.00119106646162, 0.00119149580132, -0.00119801727124, 0.00107060873415, 0.000389961729525, -6.53225069982e-05, -0.0040271198377, -2.01823550015e-05, 0.00251160305925, -0.00167118117679, -0.00940747745335, 0.0190113838762]]
    },
    "melbands": {
        "dmean": [0.00462066428736, 0.00243380316533, 0.000569821626414, 0.000274536403595, 0.000230823803577, 0.000150061488966, 8.08363110991e-05, 5.40646651643e-05, 6.48411223665e-05, 6.72125679557e-05, 5.21286638104e-05, 6.10985080129e-05, 3.68953769794e-05, 3.74740411644e-05, 5.05451607751e-05, 7.84230796853e-05, 2.28140597756e-05, 2.15186901187e-05, 4.37107555626e-05, 1.14741305879e-05, 8.1842090367e-06, 7.42917427488e-06, 6.4784389906e-06, 5.90583567828e-06, 3.74129103875e-06, 6.11988161836e-06, 1.22389883472e-05, 1.02609874375e-05, 4.00427961722e-06, 8.23846585263e-06, 8.33196281746e-06, 2.73644195659e-06, 3.20049548463e-06, 3.92321408071e-06, 1.28676356326e-06, 1.30672196974e-06, 9.6783310255e-07, 7.16055239991e-07, 6.51890616155e-07, 5.69672693018e-07],
        "dmean2": [0.00648152921349, 0.00357916322537, 0.00092604936799, 0.000446466263384, 0.000344238243997, 0.000227204029215, 0.000115735114377, 7.80804766691e-05, 9.42448459682e-05, 0.00010058387852, 8.13621882116e-05, 8.904941933e-05, 5.44598042325e-05, 6.08639456914e-05, 8.28997945064e-05, 0.0001279067219, 3.50023437932e-05, 3.32678246195e-05, 7.5082454714e-05, 1.75920376932e-05, 1.2317042092e-05, 1.16005066957e-05, 1.00722309071e-05, 9.20664660953e-06, 5.78027538722e-06, 9.50158482738e-06, 1.96565051738e-05, 1.68515689438e-05, 6.35999185761e-06, 1.27731227622e-05, 1.19022852232e-05, 3.96883933718e-06, 4.67415020466e-06, 5.87499380345e-06, 1.81709549452e-06, 1.7236864096e-06, 1.40322515563e-06, 1.03437821508e-06, 9.53208484589e-07, 8.57480358718e-07],
        "dvar": [6.85352133587e-05, 3.36593220709e-05, 1.95929032998e-06, 4.31145110724e-07, 4.19930898943e-07, 1.09164787432e-07, 2.99908684553e-08, 1.5423083255e-08, 2.32337935557e-08, 2.03623358175e-08, 1.45730307821e-08, 2.10633235298e-08, 7.16561077141e-09, 8.15483058858e-09, 1.96307627931e-08, 7.71896324636e-08, 2.64125277205e-09, 2.87773316288e-09, 1.30565718237e-08, 1.47913392645e-09, 5.08278807931e-10, 3.01194735819e-10, 1.78642503568e-10, 1.06922970478e-10, 5.56988934142e-11, 1.39916730979e-10, 7.45535411184e-10, 7.53794471287e-10, 7.90645604543e-11, 5.5582982661e-10, 6.1770777382e-10, 4.61334200008e-11, 7.20335111004e-11, 1.22388182922e-10, 1.16919321447e-11, 1.04345984978e-11, 6.20280563024e-12, 3.65015569853e-12, 2.88646168599e-12, 2.37148820546e-12],
        "dvar2": [0.000138417730341, 7.32364715077e-05, 4.96179336551e-06, 1.13884925668e-06, 1.13592045636e-06, 2.74530862043e-07, 5.67415376906e-08, 2.95403577155e-08, 4.69597054575e-08, 4.68399328213e-08, 3.48449695764e-08, 3.7991480184e-08, 1.4420921346e-08, 1.9740079793e-08, 5.37189563943e-08, 2.01533211452e-07, 5.65130164887e-09, 6.62931975981e-09, 4.14308516383e-08, 3.28541949202e-09, 1.18469445365e-09, 7.02675417852e-10, 3.9316661038e-10, 2.41908076903e-10, 1.18056356357e-10, 3.10927145142e-10, 1.80420633988e-09, 1.99007521573e-09, 1.8483262143e-10, 1.14110354499e-09, 1.20305454487e-09, 9.20506865176e-11, 1.47694190211e-10, 2.45767600715e-10, 2.01494480823e-11, 1.77777046556e-11, 1.2659828047e-11, 7.6843054489e-12, 5.918183478e-12, 5.41075257515e-12],
        "max": [0.107286900282, 0.0903343558311, 0.0507904067636, 0.0276928748935, 0.042123682797, 0.0143502978608, 0.00704750465229, 0.0065147173591, 0.00810577534139, 0.00426285434514, 0.00343048386276, 0.00550307426602, 0.00278931576759, 0.00365612655878, 0.00450616981834, 0.0051918271929, 0.00124997843523, 0.000940314726904, 0.00193899462465, 0.000821520923637, 0.000596315774601, 0.000521146284882, 0.000328152294969, 0.00020312097331, 0.000155397123308, 0.00015497795539, 0.000470966828289, 0.000415710383095, 0.000184629432624, 0.000343454856193, 0.000413810368627, 0.000132525179652, 0.000186490738997, 0.00014780863421, 6.77119533066e-05, 5.36612169526e-05, 5.32437843503e-05, 3.94976013922e-05, 3.16772675433e-05, 3.55083975592e-05],
        "mean": [0.00960600282997, 0.00385138951242, 0.00089336867677, 0.000575399084482, 0.000494237290695, 0.000306533736875, 0.00018584584177, 0.000122360623209, 0.000151221320266, 0.000151756888954, 9.7625721537e-05, 0.000121139331895, 6.85845880071e-05, 6.02759791946e-05, 7.88852703408e-05, 0.00011793323938, 3.7163579691e-05, 3.39335456374e-05, 6.10517890891e-05, 1.84784184967e-05, 1.32978339025e-05, 1.18745265354e-05, 1.13265041364e-05, 1.17129657156e-05, 6.94160189596e-06, 1.18238058349e-05, 2.18215081986e-05, 1.45854346556e-05, 7.8318598753e-06, 1.47291584653e-05, 1.63960121426e-05, 5.1789961617e-06, 6.54653058518e-06, 7.25750260244e-06, 2.78902689388e-06, 2.80603217107e-06, 1.93491109712e-06, 1.45147407693e-06, 1.24739108287e-06, 1.14535737339e-06],
        "median": [0.00338731217198, 0.00138509122189, 0.000330796494382, 0.000213037681533, 0.000265280163148, 0.000137641764013, 7.83881623647e-05, 6.03292137384e-05, 4.95855274494e-05, 4.11278451793e-05, 2.49605182034e-05, 4.34471403423e-05, 2.92771892418e-05, 2.1475198082e-05, 2.01134989766e-05, 1.9501636416e-05, 1.25712513181e-05, 1.08183121483e-05, 1.66734334925e-05, 4.63068909085e-06, 3.79510834136e-06, 4.85965665575e-06, 5.28933924215e-06, 6.23524783805e-06, 4.08874529967e-06, 4.85374494019e-06, 7.39745382816e-06, 2.81087341136e-06, 2.91616925097e-06, 2.65225639851e-06, 2.03923468689e-06, 1.57782221777e-06, 1.54001133978e-06, 1.26125553379e-06, 6.63850357796e-07, 5.56148279429e-07, 3.91659852994e-07, 2.96869160366e-07, 2.37351031274e-07, 1.59397359312e-07],
        "min": [6.35877852109e-13, 4.76976856449e-13, 2.11544865826e-13, 3.09171850447e-13, 1.7122766963e-13, 1.03685533466e-13, 4.31362844749e-14, 5.30200544384e-14, 4.26373685165e-14, 3.52840247796e-14, 4.01569883845e-14, 1.7079895915e-14, 1.34896095487e-14, 7.44166047415e-15, 1.44247610276e-14, 2.14331624551e-14, 1.53397582044e-14, 1.69042229758e-14, 2.68560740595e-14, 1.71597575694e-14, 1.3267827524e-14, 1.3195481593e-14, 1.00915462984e-14, 1.1940741195e-14, 1.72339288565e-14, 3.10161340784e-14, 1.92553882317e-14, 7.58114308364e-15, 1.14447559706e-14, 1.54177309754e-14, 1.56200803702e-14, 1.83751922505e-14, 1.0167428592e-14, 1.29427616899e-14, 1.65439883337e-14, 1.10950016671e-14, 1.51215997867e-14, 1.501859211e-14, 1.27102680865e-14, 1.59088982764e-14],
        "var": [0.000213423991227, 5.12357510161e-05, 2.52553604696e-06, 1.04121693312e-06, 5.90502395426e-07, 2.26866816888e-07, 1.18032076557e-07, 4.49069545994e-08, 1.00336393416e-07, 8.28036874623e-08, 4.04009838917e-08, 6.31873717793e-08, 1.73428187367e-08, 1.75525585178e-08, 3.4988822506e-08, 1.33284913773e-07, 5.25587529054e-09, 5.66514923861e-09, 1.80275865347e-08, 2.42597697486e-09, 1.00574226725e-09, 4.87025197948e-10, 3.32769506395e-10, 2.50745313402e-10, 1.03653668981e-10, 3.25578036753e-10, 1.31508004486e-09, 1.0250219562e-09, 1.64221372612e-10, 1.12828502097e-09, 1.52817958288e-09, 9.95207874444e-11, 1.86850895867e-10, 2.62964205966e-10, 3.1112928206e-11, 3.17628562341e-11, 1.37153465668e-11, 7.61560259299e-12, 5.93510180238e-12, 4.57201290716e-12]
    },
    "mfcc": {
        "mean": [-670.171569824, 126.220367432, 10.1682662964, 32.9272232056, 2.82781553268, 15.7234144211, 11.5411844254, 4.56559038162, 1.79855549335, 4.79438686371, 3.13524436951, 1.83655464649, 1.90001451969],
        "cov": [[15146.9453125, -3456.73608398, -1107.25024414, -573.135131836, -942.917602539, -4.89357233047, -528.030212402, -497.946624756, -371.400604248, -211.80291748, -353.660125732, -373.782867432, -211.191711426], [-3456.73608398, 3344.05273438, -152.043258667, -132.685516357, 307.841003418, -144.750473022, 218.675521851, 10.1937246323, 38.0448112488, 79.3415985107, 179.650360107, 96.6446456909, 54.3089523315], [-1107.25024414, -152.043258667, 928.63269043, 146.062561035, 122.360519409, -11.3351783752, -20.6041145325, 211.583953857, 153.237472534, 81.2636642456, 27.9511928558, 59.916179657, 58.4126739502], [-573.135131836, -132.685516357, 146.062561035, 770.985839844, 79.8302001953, 235.414550781, 153.126937866, 73.8945159912, 37.1910057068, 113.660209656, 91.3664855957, 158.450057983, 87.2574234009], [-942.917602539, 307.841003418, 122.360519409, 79.8302001953, 313.908111572, 49.8943977356, 54.7096824646, 44.7622718811, 30.0251808167, 26.4424381256, 41.8265457153, 36.7773246765, 34.4055519104], [-4.89357233047, -144.750473022, -11.3351783752, 235.414550781, 49.8943977356, 352.646209717, 117.470413208, 36.3515777588, -8.51420688629, 61.344783783, 72.0632705688, 89.4485015869, 73.2764282227], [-528.030212402, 218.675521851, -20.6041145325, 153.126937866, 54.7096824646, 117.470413208, 188.10546875, 79.6253814697, 44.2986488342, 47.5219764709, 54.6301727295, 70.8751296997, 44.5152359009], [-497.946624756, 10.1937246323, 211.583953857, 73.8945159912, 44.7622718811, 36.3515777588, 79.6253814697, 223.761154175, 124.059486389, 72.0931930542, 18.4734840393, 49.0477294922, 48.7339515686], [-371.400604248, 38.0448112488, 153.237472534, 37.1910057068, 30.0251808167, -8.51420688629, 44.2986488342, 124.059486389, 148.142105103, 77.053894043, 25.0907173157, 26.3712921143, 20.9192733765], [-211.80291748, 79.3415985107, 81.2636642456, 113.660209656, 26.4424381256, 61.344783783, 47.5219764709, 72.0931930542, 77.053894043, 127.478729248, 72.992225647, 57.4806480408, 35.3666000366], [-353.660125732, 179.650360107, 27.9511928558, 91.3664855957, 41.8265457153, 72.0632705688, 54.6301727295, 18.4734840393, 25.0907173157, 72.992225647, 109.818878174, 71.9095611572, 37.4322433472], [-373.782867432, 96.6446456909, 59.916179657, 158.450057983, 36.7773246765, 89.4485015869, 70.8751296997, 49.0477294922, 26.3712921143, 57.4806480408, 71.9095611572, 124.104766846, 71.4631729126], [-211.191711426, 54.3089523315, 58.4126739502, 87.2574234009, 34.4055519104, 73.2764282227, 44.5152359009, 48.7339515686, 20.9192733765, 35.3666000366, 37.4322433472, 71.4631729126, 97.1805648804]],
