{
"lowlevel": {
    "average_loudness": 0.886472225189,
    "barkbands_crest": {
        "dmean": 3.00612854958,
        "dmean2": 4.71035718918,
        "dvar": 7.53073501587,
        "dvar2": 17.7756843567,
        "max": 26.710855484,
        "mean": 12.2600841522,
        "median": 11.6334886551,
        "min": 1.82166075706,
        "var": 25.4822254181
    },
    "barkbands_flatness_db": {
        "dmean": 0.0284686926752,
        "dmean2": 0.0393344685435,
        "dvar": 0.000817361404188,
        "dvar2": 0.00153403589502,
        "max": 0.580957114697,
        "mean": 0.152597248554,
        "median": 0.130142524838,
        "min": 0.0171982012689,
        "var": 0.0079386876896
    },
    "barkbands_kurtosis": {
        "dmean": 6.61410903931,
        "dmean2": 9.22068500519,
        "dvar": 183.516403198,
        "dvar2": 357.294128418,
        "max": 275.73059082,
        "mean": 10.4996652603,
        "median": 3.26027870178,
        "min": -1.90059995651,
        "var": 458.757995605
    },
    "barkbands_skewness": {
        "dmean": 0.840031445026,
        "dmean2": 1.16170442104,
        "dvar": 0.847343981266,
        "dvar2": 1.54061532021,
        "max": 12.8814659119,
        "mean": 2.16359901428,
        "median": 1.78275346756,
        "min": -4.24525117874,
        "var": 4.07778406143
    },
    "barkbands_spread": {
        "dmean": 9.77926254272,
        "dmean2": 14.4580879211,
        "dvar": 135.279830933,
        "dvar2": 271.876098633,
        "max": 112.071815491,
        "mean": 29.3647861481,
        "median": 23.705280304,
        "min": 0.264672964811,
        "var": 521.661987305
    },
    "dissonance": {
        "dmean": 0.0266015045345,
        "dmean2": 0.0433495081961,
        "dvar": 0.000733016058803,
        "dvar2": 0.00188832182903,
        "max": 0.500000059605,
        "mean": 0.440477669239,
        "median": 0.449569106102,
        "min": 0.156606703997,
        "var": 0.00180393876508
    },
    "dynamic_complexity": 4.60940504074,
    "erbbands_crest": {
        "dmean": 3.38933062553,
        "dmean2": 5.18360090256,
        "dvar": 9.13887119293,
        "dvar2": 20.2640953064,
        "max": 30.4925441742,
        "mean": 11.1831760406,
        "median": 10.0372419357,
        "min": 2.43448758125,
        "var": 30.3457489014
    },
    "erbbands_flatness_db": {
        "dmean": 0.0232249982655,
        "dmean2": 0.0338034629822,
        "dvar": 0.000510711746756,
        "dvar2": 0.00106358341873,
        "max": 0.643054842949,
        "mean": 0.142557069659,
        "median": 0.10755841434,
        "min": 0.0379030629992,
        "var": 0.00954772811383
    },
    "erbbands_kurtosis": {
        "dmean": 2.15222811699,
        "dmean2": 3.25243282318,
        "dvar": 21.2263660431,
        "dvar2": 49.5050201416,
        "max": 140.942092896,
        "mean": 1.8427400589,
        "median": 0.253418445587,
        "min": -1.88677024841,
        "var": 28.6992588043
    },
    "erbbands_skewness": {
        "dmean": 0.564624011517,
        "dmean2": 0.824662268162,
        "dvar": 0.359256595373,
        "dvar2": 0.741429567337,
        "max": 8.92031669617,
        "mean": 0.803716361523,
        "median": 0.677850723267,
        "min": -4.67039680481,
        "var": 1.14279651642
    },
    "erbbands_spread": {
        "dmean": 13.5919914246,
        "dmean2": 20.5687122345,
        "dvar": 204.496063232,
        "dvar2": 411.589904785,
        "max": 184.297958374,
        "mean": 48.5366325378,
        "median": 44.8879966736,
        "min": 0.601774096489,
        "var": 907.281433105
    },
    "hfc": {
        "dmean": 18.0460529327,
        "dmean2": 26.4084568024,
        "dvar": 729.278259277,
        "dvar2": 1700.15612793,
        "max": 300.09753418,
        "mean": 29.2265625,
        "median": 17.4638290405,
        "min": 1.08125072589e-16,
        "var": 1060.86132812
    },
    "melbands_crest": {
        "dmean": 3.45379042625,
        "dmean2": 5.27411365509,
        "dvar": 10.1912288666,
        "dvar2": 22.8312644958,
        "max": 36.8514480591,
        "mean": 17.1606941223,
        "median": 16.9763355255,
        "min": 1.61013615131,
        "var": 36.5898246765
    },
    "melbands_flatness_db": {
        "dmean": 0.0362127199769,
        "dmean2": 0.0484625212848,
        "dvar": 0.00118548679166,
        "dvar2": 0.00203657825477,
        "max": 0.71277397871,
        "mean": 0.233282268047,
        "median": 0.224080741405,
        "min": 0.00366649404168,
        "var": 0.00968651846051
    },
    "melbands_kurtosis": {
        "dmean": 16.6303138733,
        "dmean2": 24.6243991852,
        "dvar": 947.264770508,
        "dvar2": 2031.18200684,
        "max": 712.101318359,
        "mean": 29.1073570251,
        "median": 11.1937198639,
        "min": -1.84820532799,
        "var": 2058.18530273
    },
    "melbands_skewness": {
        "dmean": 1.15471994877,
        "dmean2": 1.65109395981,
        "dvar": 1.71225059032,
        "dvar2": 3.26239395142,
        "max": 22.2232246399,
        "mean": 3.4545788765,
        "median": 2.68949842453,
        "min": -4.28512382507,
        "var": 7.30942153931
    },
    "melbands_spread": {
        "dmean": 9.16211223602,
        "dmean2": 13.892373085,
        "dvar": 205.008026123,
        "dvar2": 468.968048096,
        "max": 197.530075073,
        "mean": 22.1492786407,
        "median": 15.3528699875,
        "min": 0.35789000988,
        "var": 537.774658203
    },
    "pitch_salience": {
        "dmean": 0.0767377391458,
        "dmean2": 0.120398059487,
        "dvar": 0.00537123018876,
        "dvar2": 0.0132194682956,
        "max": 0.964941620827,
        "mean": 0.461154550314,
        "median": 0.455434501171,
        "min": 0.0582126230001,
        "var": 0.0132822096348
    },
    "silence_rate_20dB": {
        "dmean": 0,
        "dmean2": 0,
        "dvar": 0,
        "dvar2": 0,
        "max": 1,
        "mean": 1,
        "median": 1,
        "min": 1,
        "var": 0
    },
    "silence_rate_30dB": {
        "dmean": 0.0467079356313,
        "dmean2": 0.0934246331453,
        "dvar": 0.0445194281638,
        "dvar2": 0.104404568672,
        "max": 1,
        "mean": 0.957235276699,
        "median": 1,
        "min": 0,
        "var": 0.0409376136959
    },
    "silence_rate_60dB": {
        "dmean": 0.0350778475404,
        "dmean2": 0.0701622739434,
        "dvar": 0.0338434278965,
        "dvar2": 0.0808189436793,
        "max": 1,
        "mean": 0.110381692648,
        "median": 0,
        "min": 0,
        "var": 0.0981957241893
    },
    "spectral_centroid": {
        "dmean": 321.54598999,
        "dmean2": 473.471191406,
        "dvar": 139419.390625,
        "dvar2": 284210.25,
        "max": 12020.0380859,
        "mean": 1338.11035156,
        "median": 1103.37280273,
        "min": 131.571914673,
        "var": 1141129.375
    },
    "spectral_complexity": {
        "dmean": 3.00543999672,
        "dmean2": 4.39696073532,
        "dvar": 15.9315872192,
        "dvar2": 29.1555767059,
        "max": 58,
        "mean": 11.7014913559,
        "median": 11,
        "min": 0,
        "var": 55.1971931458
    },
    "spectral_decrease": {
        "dmean": 3.06536573902e-09,
        "dmean2": 4.27427915284e-09,
        "dvar": 2.40314050115e-17,
        "dvar2": 4.68309230239e-17,
        "max": 2.22304628654e-28,
        "mean": -8.32275581786e-09,
        "median": -4.03836075691e-09,
        "min": -5.00531847081e-08,
        "var": 8.42005144968e-17
    },
    "spectral_energy": {
        "dmean": 0.0127373095602,
        "dmean2": 0.0178729388863,
        "dvar": 0.000384196988307,
        "dvar2": 0.000750253151637,
        "max": 0.194094225764,
        "mean": 0.0340630151331,
        "median": 0.0186417214572,
        "min": 1.00525078801e-20,
        "var": 0.00129274837673
    },
    "spectral_energyband_high": {
        "dmean": 0.00145814719144,
        "dmean2": 0.00223909714259,
        "dvar": 6.45610407446e-06,
        "dvar2": 1.54380068125e-05,
        "max": 0.0294638965279,
        "mean": 0.00197283294983,
        "median": 0.000763489690144,
        "min": 7.12416168807e-21,
        "var": 8.51453023643e-06
    },
    "spectral_energyband_low": {
        "dmean": 0.00858072005212,
        "dmean2": 0.0121896052733,
        "dvar": 0.000268215051619,
        "dvar2": 0.000613905314822,
        "max": 0.18246871233,
        "mean": 0.0201076325029,
        "median": 0.003487061942,
        "min": 2.55597196847e-23,
        "var": 0.000821774883661
    },
    "spectral_energyband_middle_high": {
        "dmean": 0.00166793679819,
        "dmean2": 0.0024365214631,
        "dvar": 7.48159936848e-06,
        "dvar2": 1.57953454618e-05,
        "max": 0.0652024894953,
        "mean": 0.00274082273245,
        "median": 0.00157834368292,
        "min": 1.20766743748e-21,
        "var": 1.2087972209e-05
    },
    "spectral_energyband_middle_low": {
        "dmean": 0.00790077727288,
        "dmean2": 0.0127411019057,
        "dvar": 0.000381833990104,
        "dvar2": 0.000942818180192,
        "max": 0.166593849659,
        "mean": 0.0108718965203,
        "median": 0.00568986590952,
        "min": 2.02292877828e-22,
        "var": 0.000346947141225
    },
    "spectral_entropy": {
        "dmean": 0.298197567463,
        "dmean2": 0.429320603609,
        "dvar": 0.0820224434137,
        "dvar2": 0.164790153503,
        "max": 9.82273483276,
        "mean": 7.41595649719,
        "median": 7.55225753784,
        "min": 3.86624097824,
        "var": 0.589279234409
    },
    "spectral_flux": {
        "dmean": 0.0352411977947,
        "dmean2": 0.0508757717907,
        "dvar": 0.00207379809581,
        "dvar2": 0.00330746965483,
        "max": 0.46483245492,
        "mean": 0.0860718563199,
        "median": 0.064659923315,
        "min": 6.45083431117e-11,
        "var": 0.00546536734328
    },
    "spectral_kurtosis": {
        "dmean": 2.36676692963,
        "dmean2": 3.5917930603,
        "dvar": 24.2894058228,
        "dvar2": 53.9093017578,
        "max": 149.849777222,
        "mean": 5.44343328476,
        "median": 3.42998075485,
        "min": -1.46409511566,
        "var": 67.6148986816
    },
    "spectral_rms": {
        "dmean": 0.00103466981091,
        "dmean2": 0.00138545769732,
        "dvar": 1.64883704201e-06,
        "dvar2": 2.96177290693e-06,
        "max": 0.0137608218938,
        "mean": 0.00491425255314,
        "median": 0.00426462711766,
        "min": 3.13166484932e-12,
        "var": 9.08225047169e-06
    },
    "spectral_rolloff": {
        "dmean": 1332.07189941,
        "dmean2": 2248.36157227,
        "dvar": 6489209.5,
        "dvar2": 13846151,
        "max": 19789.0136719,
        "mean": 2693.41040039,
        "median": 947.4609375,
        "min": 64.599609375,
        "var": 14322468
    },
    "spectral_skewness": {
        "dmean": 0.332673639059,
        "dmean2": 0.49474722147,
        "dvar": 0.160541504622,
        "dvar2": 0.344814807177,
        "max": 10.127617836,
        "mean": 1.76879274845,
        "median": 1.64037358761,
        "min": -0.111375033855,
        "var": 0.610269904137
    },
    "spectral_spread": {
        "dmean": 1128337.5,
        "dmean2": 1599709.625,
        "dvar": 1.46778200474e+12,
        "dvar2": 2.73211274035e+12,
        "max": 42226016,
        "mean": 7623931.5,
        "median": 7491857,
        "min": 736576.75,
        "var": 1.48266234675e+13
    },
    "spectral_strongpeak": {
        "dmean": 0.53891056776,
        "dmean2": 0.859644770622,
        "dvar": 1.37132787704,
        "dvar2": 3.25820827484,
        "max": 29.1145534515,
        "mean": 0.970726132393,
        "median": 0.636902093887,
        "min": 0,
        "var": 1.78976225853
    },
    "zerocrossingrate": {
        "dmean": 0.0234375,
        "dmean2": 0.0257362835109,
        "dvar": 0.000628428882919,
        "dvar2": 0.000721425749362,
        "max": 0.53564453125,
        "mean": 0.105608642101,
        "median": 0.08544921875,
        "min": 0.0048828125,
        "var": 0.00585177680477
    },
    "barkbands": {
        "dmean": [0.000285410031211, 0.00397181417793, 0.00548611674458, 0.00356231327169, 0.00423677731305, 0.000205248681596, 0.000719055184163, 0.000801677757408, 0.000621388317086, 0.000241399800871, 0.000574443023652, 0.00011805826216, 0.000435426307376, 0.000138370509376, 0.000372157170204, 7.29956373107e-05, 5.30269790033e-05, 0.000104843362351, 6.09814997006e-05, 0.000137632829137, 0.000113513895485, 0.000226488395128, 0.00024171602854, 0.000251169782132, 0.000222690709052, 0.000317118770909, 0.000170876213815],
        "dmean2": [0.000456582201878, 0.00599817000329, 0.00835217349231, 0.00644083833322, 0.00770830130205, 0.00036642680061, 0.00101252575405, 0.00108500162605, 0.000827244075481, 0.000384350161767, 0.000857940409333, 0.000180646951776, 0.000682716316078, 0.000218651548494, 0.000610120536294, 0.000118241478049, 8.37317711557e-05, 0.000166538011399, 9.58126329351e-05, 0.000223105380428, 0.000178165719262, 0.000363747996744, 0.000389381806599, 0.000394006376155, 0.000351985741872, 0.000492828781717, 0.000257827865425],
        "dvar": [7.12470864528e-07, 6.79575096001e-05, 0.000161447969731, 0.000131124194013, 0.000197606161237, 3.15568826181e-07, 2.17919819079e-06, 3.56483201358e-06, 2.33854279941e-06, 5.72378098695e-07, 1.44709724736e-06, 7.23337549857e-08, 2.01044053938e-06, 2.58183661117e-07, 9.52567177137e-07, 9.87983597156e-08, 1.93591933595e-08, 5.50854970527e-08, 1.29400685722e-08, 5.7738787973e-08, 3.82525158216e-08, 5.07056086008e-07, 3.14609906127e-07, 2.73267090733e-07, 2.14135468468e-07, 2.76607977412e-07, 7.80692062108e-08],
        "dvar2": [1.97842450689e-06, 0.000173928739969, 0.00039274408482, 0.000366342632333, 0.000558593019377, 9.27263727135e-07, 3.3263588648e-06, 6.43449129711e-06, 3.58484567187e-06, 1.37163067393e-06, 2.94470805784e-06, 1.49757440226e-07, 4.68904727313e-06, 6.48676007131e-07, 2.39156770476e-06, 2.60924878148e-07, 4.75931862809e-08, 1.34586741751e-07, 2.86836741026e-08, 1.47060873701e-07, 8.49781685019e-08, 1.31828676331e-06, 7.55311248213e-07, 6.8036911216e-07, 5.33105890099e-07, 6.45582247216e-07, 1.82730175879e-07],
        "max": [0.0234565958381, 0.129455804825, 0.150597423315, 0.104696750641, 0.12243052572, 0.00727294851094, 0.0218395385891, 0.0351789668202, 0.0314272902906, 0.0165024045855, 0.0212265532464, 0.00767020042986, 0.0600016191602, 0.0179500188679, 0.0299925971776, 0.0192156564444, 0.00590985827148, 0.00457778479904, 0.00316089531407, 0.0046121221967, 0.00481159519404, 0.0262951925397, 0.0126300379634, 0.00604711938649, 0.00627598538995, 0.00472540361807, 0.00282875914127],
        "mean": [0.000495196552947, 0.00686281267554, 0.0111364563927, 0.00305109634064, 0.0037545056548, 0.000253730744589, 0.00172879209276, 0.00107567943633, 0.000984250451438, 0.000290615367703, 0.000768844038248, 0.000139612195198, 0.000464809883852, 0.00014513466158, 0.000427352293627, 8.247277583e-05, 7.24036144675e-05, 0.000144915407873, 8.40798602439e-05, 0.000183278898476, 0.000151613174239, 0.000266496732365, 0.000259914289927, 0.000308075541398, 0.000286667956971, 0.000418987649027, 0.00022515989258],
        "median": [6.00053936068e-05, 0.00123908184469, 0.00113339733798, 0.000141819546116, 0.000981212360784, 0.000106677609438, 0.000458781636553, 0.000221727197641, 0.000180320945219, 8.55253820191e-05, 0.000267619179795, 4.9816651881e-05, 0.000129036983708, 3.89045017073e-05, 0.000142799559399, 2.9406939575e-05, 2.91386750177e-05, 3.9216807636e-05, 3.32788258675e-05, 6.33657546132e-05, 4.8959213018e-05, 4.83524454467e-05, 6.23410014668e-05, 7.97022366896e-05, 6.67442873237e-05, 0.000184041899047, 9.62166304816e-05],
        "min": [8.67407489731e-25, 4.85329711428e-24, 2.96269709439e-24, 5.59232222485e-25, 1.15041258193e-23, 7.97996703364e-24, 6.43528350677e-24, 4.30118638292e-24, 1.80693213066e-23, 1.8867697452e-23, 2.34443844342e-23, 2.23796888471e-23, 2.18533718952e-23, 2.24389181016e-23, 4.12140190606e-23, 4.57112330397e-23, 6.61955399894e-23, 7.47398376043e-23, 1.65894886148e-22, 1.96540567216e-22, 2.47318243642e-22, 3.46678922347e-22, 3.86665208782e-22, 5.48823633164e-22, 9.74871125985e-22, 1.30165866186e-21, 1.73566039696e-21],
        "var": [1.9818637611e-06, 0.000140460557304, 0.000421891134465, 8.61168518895e-05, 0.000122079785797, 2.32417491475e-07, 9.70790006249e-06, 5.97619646214e-06, 5.74138584852e-06, 6.54134737488e-07, 2.23694814849e-06, 9.33722148488e-08, 1.98070256374e-06, 2.20594472466e-07, 9.37023798997e-07, 7.57331193313e-08, 2.24122960191e-08, 8.30359354609e-08, 2.06683044013e-08, 8.44658529786e-08, 6.42533990458e-08, 6.09248900219e-07, 3.36701248216e-07, 3.50435129803e-07, 3.10478242227e-07, 3.59676477046e-07, 1.05713375831e-07]
    },
    "erbbands": {
        "dmean": [0.121627211571, 1.00539922714, 5.18558168411, 8.50611686707, 15.6161766052, 12.3937273026, 3.399279356, 1.5231744051, 5.67871856689, 12.2684726715, 16.3745536804, 18.0124950409, 7.53911972046, 23.8191394806, 7.14047241211, 4.56501722336, 18.8174495697, 7.28899145126, 12.5439825058, 13.8495883942, 3.64249062538, 2.79434275627, 6.82566595078, 2.73194408417, 5.96683835983, 4.4259262085, 4.82625341415, 4.70722341537, 10.110915184, 5.76335334778, 6.37983560562, 6.06735134125, 3.92622900009, 2.54777050018, 1.52404296398, 1.13285768032, 0.620151877403, 0.210829257965, 0.0308693889529, 0.00111536553595],
        "dmean2": [0.174008011818, 1.56364119053, 7.85857248306, 13.862197876, 28.1332988739, 22.207906723, 6.16122961044, 2.67043089867, 8.56081199646, 16.6086883545, 22.3537368774, 23.9180316925, 10.9499912262, 35.6640815735, 10.7069473267, 6.93902730942, 29.3900604248, 11.287320137, 20.0926322937, 22.5297050476, 5.69700193405, 4.27265357971, 10.9459133148, 4.13778972626, 9.62293243408, 7.00567770004, 7.5866818428, 7.38059043884, 16.444568634, 9.23718547821, 10.2901382446, 9.55093479156, 6.27372312546, 4.04648542404, 2.37969636917, 1.73009669781, 0.977990567684, 0.330570906401, 0.0468917712569, 0.00162284018006],
        "dvar": [0.069480702281, 4.36439228058, 133.141983032, 493.73916626, 2913.14257812, 1402.08654785, 99.1766662598, 18.00548172, 137.61505127, 402.41897583, 1495.99694824, 1997.0189209, 357.8019104, 2278.67089844, 164.340408325, 112.232025146, 3593.7512207, 373.855529785, 878.014099121, 1143.52062988, 113.33203125, 72.409034729, 245.659423828, 30.3045444489, 115.525970459, 61.3624305725, 69.4166564941, 82.7627639771, 1333.53137207, 152.907348633, 230.238723755, 159.877548218, 78.547088623, 30.5350399017, 8.70096302032, 4.16135263443, 1.08833038807, 0.13411423564, 0.00244241044857, 3.09284700961e-06],
        "dvar2": [0.176109045744, 11.3058643341, 323.695465088, 1286.36962891, 8027.70751953, 3993.71606445, 286.2527771, 53.3323287964, 250.451019287, 605.66583252, 2769.83300781, 3094.74707031, 792.625366211, 4651.67724609, 342.178771973, 234.745117188, 8304.53515625, 891.093261719, 2214.97143555, 2829.09057617, 293.643310547, 176.004989624, 607.629577637, 60.206489563, 297.53994751, 145.974624634, 163.687606812, 178.811889648, 3506.15429688, 386.846832275, 534.707214355, 395.080963135, 207.158004761, 78.2863388062, 20.7489280701, 9.57288455963, 2.64174079895, 0.323031812906, 0.00556697603315, 6.71737370794e-06],
        "max": [4.69959831238, 34.2302055359, 134.597229004, 233.642318726, 483.648345947, 332.778503418, 108.026535034, 60.8809890747, 148.727798462, 293.016723633, 758.954406738, 939.000244141, 396.797393799, 838.155273438, 219.30279541, 339.971038818, 2484.00952148, 775.849365234, 830.838195801, 875.458862305, 643.801452637, 401.665344238, 304.529571533, 165.121261597, 206.147293091, 212.65045166, 216.94039917, 203.225357056, 1401.57641602, 190.67767334, 367.310272217, 136.298522949, 123.142616272, 80.4548950195, 36.9250526428, 18.4150791168, 8.82580661774, 3.24878978729, 0.483613342047, 0.0263622514904],
        "mean": [0.201593026519, 1.68648540974, 10.7726125717, 12.286523819, 12.5739002228, 13.3341093063, 3.90375638008, 2.15854144096, 13.0664653778, 28.4881744385, 22.9331455231, 28.7620677948, 11.1942329407, 32.001701355, 10.4729909897, 5.7959280014, 20.3019542694, 8.65837955475, 15.0906534195, 16.157377243, 5.23311090469, 4.25736474991, 9.3485326767, 3.98728632927, 8.26435661316, 5.98925065994, 6.57038784027, 6.1570854187, 11.9231462479, 6.41881322861, 6.83389997482, 6.86833190918, 4.92128610611, 3.27705407143, 2.04093074799, 1.40079367161, 0.775362491608, 0.276415288448, 0.0419988259673, 0.00153389840852],
        "median": [0.0399544164538, 0.256087869406, 1.23067069054, 1.06979262829, 1.78569233418, 3.84421133995, 1.92110514641, 0.978297710419, 3.90213274956, 11.0370502472, 6.88366556168, 5.7473359108, 4.16465091705, 12.1107711792, 5.09793424606, 2.45181155205, 5.81654024124, 3.44371151924, 6.4125123024, 5.67650938034, 2.50061964989, 1.75126123428, 2.46864509583, 1.53592538834, 2.91114234924, 2.16806864738, 2.21524524689, 1.58545029163, 1.83664429188, 1.55388319492, 1.58500039577, 1.95762896538, 1.01553738117, 0.676039755344, 0.571086764336, 0.349473685026, 0.328110694885, 0.113133206964, 0.0178004670888, 0.000589703151491],
        "min": [6.8151713086e-23, 4.65416423022e-22, 4.94141744016e-21, 2.1623836091e-21, 5.42584437601e-21, 3.07933363412e-20, 3.30529675925e-20, 7.16885060534e-20, 8.71842614141e-20, 2.22143902994e-19, 1.99217558342e-19, 5.33741650671e-19, 6.5889366376e-19, 5.8597696898e-19, 8.30820414043e-19, 1.28923718868e-18, 1.04063291526e-18, 1.28027809886e-18, 2.5051001483e-18, 2.9071055833e-18, 3.10826722288e-18, 4.64880632775e-18, 6.14782758331e-18, 5.58364491061e-18, 9.47277807637e-18, 9.51514213144e-18, 8.61858091783e-18, 1.04745773434e-17, 1.19570281034e-17, 8.36478867101e-18, 1.14405431463e-17, 9.48305331394e-18, 1.00070093663e-17, 9.8274358999e-18, 6.85862429727e-18, 4.20136117336e-18, 2.43772959613e-18, 8.32974288961e-19, 2.39215437422e-19, 2.56176656329e-20],
        "var": [0.123805135489, 8.41142272949, 351.135955811, 558.982971191, 1872.50585938, 927.700805664, 64.393119812, 15.2297925949, 505.787384033, 1720.50378418, 2399.74951172, 4807.32421875, 502.98425293, 3506.06274414, 258.854064941, 146.49597168, 3599.90478516, 370.203552246, 840.478271484, 1168.08239746, 107.223564148, 81.5062179565, 358.447570801, 55.2057800293, 174.806381226, 91.6839065552, 122.857803345, 132.335708618, 1573.69787598, 154.089874268, 254.636703491, 169.758529663, 107.778038025, 47.7472267151, 13.1041440964, 5.33151197433, 1.29747724533, 0.170294165611, 0.00349616724998, 5.49486185264e-06]
    },
    "gfcc": {
        "mean": [-32.7061080933, 37.9339790344, -79.3923416138, 6.06639528275, -41.7053222656, 14.2946929932, -22.1602210999, 8.66944694519, -14.5983028412, 6.23126983643, -20.2991008759, -6.79100179672, -16.3976306915],
        "cov": [[37730.4375, 3497.07788086, 5758.27441406, -63.7157669067, -1719.3815918, -130.209335327, -594.204162598, 235.483001709, -897.461181641, -878.336975098, -622.433776855, 778.169799805, -895.606201172], [3497.07788086, 2819.0612793, 1028.21337891, 24.3484249115, 54.3502159119, -115.506538391, 269.753967285, 169.032821655, 130.931716919, -140.634460449, -36.7491798401, -134.202270508, -185.120620728], [5758.27441406, 1028.21337891, 3141.2956543, 234.196029663, -11.2506427765, -35.7737083435, -271.349273682, -78.1118545532, -270.216644287, -244.518127441, -187.712921143, 263.888214111, -188.937026978], [-63.7157669067, 24.3484249115, 234.196029663, 638.361633301, 232.22177124, 142.107879639, 10.0088348389, -68.8438568115, -75.2351226807, -25.2157249451, -9.52111148834, -10.8302164078, 6.55490636826], [-1719.3815918, 54.3502159119, -11.2506427765, 232.22177124, 456.114807129, 99.3649673462, 52.8852767944, -62.7720108032, -15.6004590988, 18.4827404022, 4.54704809189, -16.3208847046, 55.7115821838], [-130.209335327, -115.506538391, -35.7737083435, 142.107879639, 99.3649673462, 228.912887573, 38.1203193665, 28.0973377228, 4.41938829422, -3.12474131584, 4.69728851318, -44.8839797974, -0.0352933444083], [-594.204162598, 269.753967285, -271.349273682, 10.0088348389, 52.8852767944, 38.1203193665, 231.260055542, 85.6204071045, 105.712516785, 35.2630500793, 30.405538559, -69.9987182617, -13.3115167618], [235.483001709, 169.032821655, -78.1118545532, -68.8438568115, -62.7720108032, 28.0973377228, 85.6204071045, 195.212554932, 106.175666809, 33.1352233887, 27.787858963, -49.231388092, -27.4549751282], [-897.461181641, 130.931716919, -270.216644287, -75.2351226807, -15.6004590988, 4.41938829422, 105.712516785, 106.175666809, 216.508300781, 106.971313477, 48.1920585632, -70.0590667725, -23.0365905762], [-878.336975098, -140.634460449, -244.518127441, -25.2157249451, 18.4827404022, -3.12474131584, 35.2630500793, 33.1352233887, 106.971313477, 159.953262329, 65.7749404907, -21.5848426819, 4.67936992645], [-622.433776855, -36.7491798401, -187.712921143, -9.52111148834, 4.54704809189, 4.69728851318, 30.405538559, 27.787858963, 48.1920585632, 65.7749404907, 127.58065033, 8.3517332077, 2.75174832344], [778.169799805, -134.202270508, 263.888214111, -10.8302164078, -16.3208847046, -44.8839797974, -69.9987182617, -49.231388092, -70.0590667725, -21.5848426819, 8.3517332077, 202.894104004, 49.8570327759], [-895.606201172, -185.120620728, -188.937026978, 6.55490636826, 55.7115821838, -0.0352933444083, -13.3115167618, -27.4549751282, -23.0365905762, 4.67936992645, 2.75174832344, 49.8570327759, 150.445373535]],
        "icov": [[8.7782384071e-05, -0.000137350798468, -4.57060514236e-06, -4.10095344705e-05, 0.000329469155986, -0.000235690269619, 0.000101026416814, -0.00020872821915, 0.000407532585086, -0.000163541641086, 0.000348680187017, -0.000457232672488, 0.000411033426644], [-0.000137350798468, 0.000939072109759, -0.000348354806192, 4.99232228321e-05, -0.000728855782654, 0.0011110433843, -0.00106382998638, 0.000150579900946, -0.00121556664817, 0.00126797833946, -0.000973697577138, 0.0013517125044, -0.000553994730581], [-4.57060514236e-06, -0.000348354806192, 0.000755965826102, -0.000194252905203, -0.000105656923552, -0.000268152100034, 0.000910971604753, -0.000309925701004, 0.000360970356269, -0.000103588070488, 0.000813222897705, -0.00120257725939, 0.00100724794902], [-4.10095344705e-05, 4.99232228321e-05, -0.000194252905203, 0.00232514482923, -0.000929390487727, -0.000991928274743, -0.000361558486475, 0.000681986624841, 0.000484428746859, -0.000159621878993, -0.000421929784352, 0.000525203533471, -0.000178755493835], [0.000329469155986, -0.000728855782654, -0.000105656923552, -0.000929390487727, 0.00462253252044, -0.00198338320479, -0.000485414580908, 0.000673693022691, 0.00169163686223, -0.00161490694154, 0.00133274286054, -0.00139261945151, 8.644189802e-05], [-0.000235690269619, 0.0011110433843, -0.000268152100034, -0.000991928274743, -0.00198338320479, 0.00719497026876, -0.00120696087833, -0.00112948624883, -0.00127408513799, 0.00190767366439, -0.00161951652262, 0.00276320311241, -0.0010467688553], [0.000101026416814, -0.00106382998638, 0.000910971604753, -0.000361558486475, -0.000485414580908, -0.00120696087833, 0.00826491601765, -0.00202286685817, -0.00135369063355, 0.000106104533188, 0.000530054967385, -0.00098934059497, 0.00110137497541], [-0.00020872821915, 0.000150579900946, -0.000309925701004, 0.000681986624841, 0.000673693022691, -0.00112948624883, -0.00202286685817, 0.00927000213414, -0.00420591142029, 0.000904984772205, -0.00186210894026, 0.00176932441536, -0.00143770175055], [0.000407532585086, -0.00121556664817, 0.000360970356269, 0.000484428746859, 0.00169163686223, -0.00127408513799, -0.00135369063355, -0.00420591142029, 0.0136192701757, -0.00750200776383, 0.00218110973947, -0.00125406938605, 0.002542946022], [-0.000163541641086, 0.00126797833946, -0.000103588070488, -0.000159621878993, -0.00161490694154, 0.00190767366439, 0.000106104533188, 0.000904984772205, -0.00750200776383, 0.013616476208, -0.00509356288239, 0.0013802673202, -0.000699969939888], [0.000348680187017, -0.000973697577138, 0.000813222897705, -0.000421929784352, 0.00133274286054, -0.00161951652262, 0.000530054967385, -0.00186210894026, 0.00218110973947, -0.00509356288239, 0.0127563755959, -0.00461248261854, 0.00291806878522], [-0.000457232672488, 0.0013517125044, -0.00120257725939, 0.000525203533471, -0.00139261945151, 0.00276320311241, -0.00098934059497, 0.00176932441536, -0.00125406938605, 0.0013802673202, -0.00461248261854, 0.0110483337194, -0.00565207051113], [0.000411033426644, -0.000553994730581, 0.00100724794902, -0.000178755493835, 8.644189802e-05, -0.0010467688553, 0.00110137497541, -0.00143770175055, 0.002542946022, -0.000699969939888, 0.00291806878522, -0.00565207051113, 0.0117185683921]]
    },
    "melbands": {
        "dmean": [0.0010326220654, 0.00213537807576, 0.00155450310558, 0.00111037131865, 0.000169333870872, 3.32905292453e-05, 0.000115169357741, 0.00015600102779, 0.000108569030999, 0.000118355201266, 3.44271174981e-05, 9.18464647839e-05, 4.1755309212e-05, 1.449395495e-05, 1.04460141301e-05, 5.74250152567e-05, 8.33327521832e-06, 1.62142787303e-05, 3.93978843931e-05, 6.07158790444e-06, 4.0310183067e-06, 3.13812097374e-06, 5.50267668586e-06, 4.18800527768e-06, 2.23532924792e-06, 2.5694607757e-06, 6.86085695634e-06, 2.48688502325e-06, 2.81294660454e-06, 3.26861481881e-06, 2.38496727434e-06, 7.60530838306e-06, 2.5486604045e-06, 3.60593730875e-06, 3.05170078718e-06, 4.72175042887e-06, 3.69837221115e-06, 3.05743446916e-06, 2.19925527745e-06, 2.18818126996e-06],
        "dmean2": [0.00150396232493, 0.00321101373993, 0.0024902545847, 0.00199809437618, 0.000307566137053, 5.88109651289e-05, 0.000167627353221, 0.000210257567232, 0.000149309867993, 0.000156396941748, 5.15244537382e-05, 0.000138016141136, 6.26769397059e-05, 2.22634898819e-05, 1.61826264957e-05, 9.08229631023e-05, 1.30961579998e-05, 2.57329174929e-05, 6.46421322017e-05, 9.9984681583e-06, 6.40479674985e-06, 4.93332754559e-06, 8.86261386768e-06, 6.62098454995e-06, 3.44798559127e-06, 4.08673759011e-06, 1.13029227577e-05, 3.94711332774e-06, 4.43767339675e-06, 5.28230066266e-06, 3.75560375687e-06, 1.24409234559e-05, 4.04581214752e-06, 5.83840528634e-06, 4.87106308356e-06, 7.67130768509e-06, 5.81618223805e-06, 4.87697889184e-06, 3.57922795047e-06, 3.46096840076e-06],
        "dvar": [4.77006460642e-06, 2.06866734516e-05, 1.70263829204e-05, 1.31823080665e-05, 2.49480990533e-07, 8.66946692213e-09, 5.67304958565e-08, 6.61012933278e-08, 6.40176338607e-08, 8.93752130082e-08, 1.01875095027e-08, 3.25892308695e-08, 6.86600909461e-09, 1.02037089889e-09, 5.98315119671e-10, 3.66717856082e-08, 5.19438936308e-10, 2.47900522332e-09, 1.09141327087e-08, 8.25323975828e-10, 7.91949283929e-11, 1.14100263959e-10, 1.4821538441e-10, 8.92634716143e-11, 2.10288106373e-11, 2.17824161486e-11, 1.74888492577e-10, 2.53987456067e-11, 2.31081317276e-11, 3.59462945521e-11, 2.09730201955e-11, 1.02157360349e-09, 3.24202747981e-11, 6.19604922925e-11, 4.71909664124e-11, 1.45495865356e-10, 5.5000767829e-11, 4.33643988773e-11, 3.20748046179e-11, 2.01260536015e-11],
        "dvar2": [1.20538070405e-05, 4.95116619277e-05, 4.23342280556e-05, 3.67521424778e-05, 7.2412751706e-07, 2.56207517424e-08, 9.36258928164e-08, 1.08997596726e-07, 1.1813728662e-07, 1.36142418228e-07, 2.35622295008e-08, 6.70375825962e-08, 1.40456410946e-08, 2.17703366445e-09, 1.24683541269e-09, 8.57912283436e-08, 1.29241684022e-09, 6.24929485937e-09, 2.73065534628e-08, 2.19147855418e-09, 2.03297378931e-10, 2.81809409142e-10, 3.67619962249e-10, 2.15928719349e-10, 4.32321296817e-11, 4.99689976896e-11, 4.62492044662e-10, 6.0882368591e-11, 5.46770129173e-11, 8.50930506613e-11, 4.34973168595e-11, 2.69243227713e-09, 7.81367540115e-11, 1.60521387849e-10, 1.11495299104e-10, 3.27918803222e-10, 1.35384398137e-10, 1.14475651181e-10, 8.8682332311e-11, 4.92268274754e-11],
        "max": [0.0346148051322, 0.0516361147165, 0.0383359156549, 0.0316616371274, 0.0048336670734, 0.00128253886942, 0.00327653926797, 0.00420795893297, 0.00498487427831, 0.00623316550627, 0.00221517053433, 0.00310457008891, 0.00142412749119, 0.000834382779431, 0.000700153992511, 0.0077768964693, 0.000733732245862, 0.001875678543, 0.00305068795569, 0.00170859030914, 0.000438454415416, 0.000539956032299, 0.000205592121347, 0.000216697531869, 0.000136229064083, 0.000132601213409, 0.000232495687669, 0.000108486186946, 0.000110130982648, 0.000138391726068, 8.87079440872e-05, 0.00125052116346, 9.67838786892e-05, 0.000113742687972, 0.000125672857394, 0.000353020121111, 8.77006968949e-05, 8.59161227709e-05, 9.12521136343e-05, 6.59936558804e-05],
        "mean": [0.00183071754873, 0.00448955455795, 0.00221806578338, 0.000998733448796, 0.000203533898457, 4.28720049968e-05, 0.000272526493063, 0.00032444903627, 0.000146911494085, 0.0001871707791, 4.71535022371e-05, 0.000122632583953, 5.82779357501e-05, 1.71583997144e-05, 1.26707664094e-05, 5.96786085225e-05, 9.83232985163e-06, 1.8316832211e-05, 4.4043026719e-05, 6.33812578599e-06, 5.77035143579e-06, 4.18675062974e-06, 7.67411802371e-06, 5.66703374716e-06, 2.99588418784e-06, 3.64933976016e-06, 8.72087730386e-06, 2.9384402751e-06, 3.79968946618e-06, 4.09516223954e-06, 2.86849763143e-06, 9.04685839487e-06, 2.58914224105e-06, 3.89493379771e-06, 3.26167491949e-06, 4.99080852023e-06, 4.13215002482e-06, 3.68487735614e-06, 2.85631563202e-06, 2.74216972684e-06],
        "median": [0.000357651471859, 0.000617684097961, 0.000193130763364, 0.000246652547503, 9.44251369219e-05, 1.682974289e-05, 7.53926942707e-05, 0.000130131767946, 3.84369704989e-05, 3.03405031445e-05, 1.39481380756e-05, 4.62346397399e-05, 2.31074845942e-05, 6.43202565698e-06, 4.72191641165e-06, 1.56132446136e-05, 3.88701391785e-06, 6.89499302098e-06, 1.36066264531e-05, 2.11709175346e-06, 2.69007432507e-06, 1.5975832639e-06, 2.175385589e-06, 1.53371274791e-06, 1.07123673843e-06, 1.44172997807e-06, 2.59984676632e-06, 8.28498116334e-07, 1.18521711556e-06, 1.21742664305e-06, 6.82590950873e-07, 1.11026588456e-06, 5.72497640405e-07, 8.70286100962e-07, 6.7350123345e-07, 1.1430804534e-06, 1.14792510431e-06, 7.5957387935e-07, 5.19571074165e-07, 5.5190622561e-07],
        "min": [1.31998714764e-24, 1.80241641473e-24, 4.84625800981e-25, 1.71819210247e-24, 1.69386363215e-24, 1.61630627922e-24, 1.23033044336e-24, 2.26140763826e-24, 1.84836716803e-24, 3.03333860238e-24, 3.06423591745e-24, 2.04150477232e-24, 3.24155212742e-24, 3.12069074813e-24, 3.02611835573e-24, 2.83335723531e-24, 1.70081428559e-24, 3.29045105114e-24, 3.30707412535e-24, 3.95194464397e-24, 3.64465452797e-24, 3.60453227347e-24, 4.28558665852e-24, 3.2198101348e-24, 4.1284818538e-24, 5.27384241273e-24, 5.26621215562e-24, 4.82537853798e-24, 5.14353876283e-24, 5.11226871098e-24, 5.62192847045e-24, 5.54802245882e-24, 5.61701860017e-24, 3.62164937182e-24, 5.28656950014e-24, 5.0507067948e-24, 6.05530616924e-24, 5.13891524907e-24, 6.78280671224e-24, 7.02093778711e-24],
        "var": [9.9837743619e-06, 5.29725439264e-05, 1.94389394892e-05, 8.45279737405e-06, 1.6189345331e-07, 6.87992729453e-09, 2.33968478369e-07, 1.97645633193e-07, 1.03553063013e-07, 2.18588937173e-07, 1.27440058506e-08, 4.98544210359e-08, 1.07550199857e-08, 1.26622379248e-09, 7.79791342609e-10, 3.579485508e-08, 4.83801387841e-10, 2.16564122191e-09, 1.07236584057e-08, 6.076406045e-10, 9.46949810232e-11, 1.12626137583e-10, 2.2257078125e-10, 1.31432170702e-10, 3.54672888281e-11, 3.48733507349e-11, 2.31897223646e-10, 3.28988017384e-11, 3.91755794471e-11, 5.36152164332e-11, 3.11011424947e-11, 1.19338749993e-09, 3.27429923452e-11, 5.92314322589e-11, 5.16551697249e-11, 1.65625027582e-10, 6.0658894574e-11, 5.68049357552e-11, 4.67169358753e-11, 3.15066826795e-11]
    },
    "mfcc": {
        "mean": [-688.554931641, 99.9820175171, 18.9226074219, 7.6373872757, 4.35055875778, 6.97136497498, 4.53466129303, 4.28832006454, 6.72518968582, 12.7430744171, 1.87434887886, -0.0695774555206, -1.18098509312],
        "cov": [[15576.3974609, 974.710021973, 2429.81567383, 772.11114502, 249.909835815, 288.958557129, 142.4659729, 220.395324707, -112.938293457, -500.724487305, -138.78024292, 57.92710495, -359.716552734], [974.710021973, 1966.05895996, 337.970397949, 256.888031006, 94.5776138306, 27.4245281219, 140.42817688, 107.201065063, 159.96723938, 143.024856567, 99.678894043, 98.628326416, -65.700553894], [2429.81567383, 337.970397949, 1539.36975098, 372.575408936, 341.42779541, 125.2787323, 43.4569358826, 40.206073761, -70.3410491943, -243.714782715, -101.639854431, -8.0229139328, -165.327835083], [772.11114502, 256.888031006, 372.575408936, 456.536437988, 218.077865601, 155.913894653, 96.0784072876, 39.7237434387, -22.5465240479, -91.1402893066, -45.8762321472, -16.1922016144, -34.6767349243], [249.909835815, 94.5776138306, 341.42779541, 218.077865601, 344.403900146, 147.518478394, 85.2295455933, 19.0791435242, -25.0087146759, -83.0905456543, -59.9126091003, -32.6703300476, -24.550775528], [288.958557129, 27.4245281219, 125.2787323, 155.913894653, 147.518478394, 210.467575073, 90.8879318237, 25.5095424652, -11.286813736, -16.6615028381, -15.5999603271, -24.3355808258, -4.14312458038], [142.4659729, 140.42817688, 43.4569358826, 96.0784072876, 85.2295455933, 90.8879318237, 156.183227539, 59.3074111938, 24.0102233887, 30.0675773621, 3.3685605526, -7.25971603394, 0.414573460817], [220.395324707, 107.201065063, 40.206073761, 39.7237434387, 19.0791435242, 25.5095424652, 59.3074111938, 130.79675293, 47.5358886719, 43.4373283386, 19.6580467224, 2.02639198303, 2.38496994972], [-112.938293457, 159.96723938, -70.3410491943, -22.5465240479, -25.0087146759, -11.286813736, 24.0102233887, 47.5358886719, 158.170318604, 81.8357696533, 50.5720558167, 18.6003074646, 0.714485824108], [-500.724487305, 143.024856567, -243.714782715, -91.1402893066, -83.0905456543, -16.6615028381, 30.0675773621, 43.4373283386, 81.8357696533, 291.210083008, 120.649047852, 21.9261608124, 64.8944854736], [-138.78024292, 99.678894043, -101.639854431, -45.8762321472, -59.9126091003, -15.5999603271, 3.3685605526, 19.6580467224, 50.5720558167, 120.649047852, 174.122894287, 80.0386657715, 26.6958465576], [57.92710495, 98.628326416, -8.0229139328, -16.1922016144, -32.6703300476, -24.3355808258, -7.25971603394, 2.02639198303, 18.6003074646, 21.9261608124, 80.0386657715, 128.386306763, 30.8463439941], [-359.716552734, -65.700553894, -165.327835083, -34.6767349243, -24.550775528, -4.14312458038, 0.414573460817, 2.38496994972, 0.714485824108, 64.8944854736, 26.6958465576, 30.8463439941, 137.666992188]],
