{
"lowlevel": {
    "average_loudness": 0.916698992252,
    "barkbands_crest": {
        "dmean": 3.10111308098,
        "dmean2": 4.58930063248,
        "dvar": 11.8864631653,
        "dvar2": 21.2922363281,
        "max": 25.9386844635,
        "mean": 14.5415382385,
        "median": 13.8279333115,
        "min": 1.81982243061,
        "var": 50.3915367126
    },
    "barkbands_flatness_db": {
        "dmean": 0.0445185825229,
        "dmean2": 0.0568928085268,
        "dvar": 0.00213240878657,
        "dvar2": 0.00399523600936,
        "max": 0.61778730154,
        "mean": 0.22259670496,
        "median": 0.200643852353,
        "min": 0.0168464481831,
        "var": 0.014294651337
    },
    "barkbands_kurtosis": {
        "dmean": 25.2516880035,
        "dmean2": 33.3547210693,
        "dvar": 3015.69091797,
        "dvar2": 5038.25341797,
        "max": 802.953063965,
        "mean": 45.6523170471,
        "median": 6.52457523346,
        "min": -1.89646875858,
        "var": 8726.53515625
    },
    "barkbands_skewness": {
        "dmean": 1.48367762566,
        "dmean2": 1.9631909132,
        "dvar": 4.11293268204,
        "dvar2": 7.45556783676,
        "max": 24.4162807465,
        "mean": 3.77842354774,
        "median": 2.27571749687,
        "min": -3.524913311,
        "var": 18.2682723999
    },
    "barkbands_spread": {
        "dmean": 10.3078689575,
        "dmean2": 15.8576812744,
        "dvar": 276.379241943,
        "dvar2": 625.247924805,
        "max": 116.891403198,
        "mean": 20.7347946167,
        "median": 12.7860403061,
        "min": 0.14468587935,
        "var": 558.030151367
    },
    "dissonance": {
        "dmean": 0.0139150395989,
        "dmean2": 0.0235631857067,
        "dvar": 0.000222839764319,
        "dvar2": 0.000619933125563,
        "max": 0.500000178814,
        "mean": 0.476571857929,
        "median": 0.48108586669,
        "min": 0.287011861801,
        "var": 0.000377069751266
    },
    "dynamic_complexity": 6.52808523178,
    "erbbands_crest": {
        "dmean": 2.38837456703,
        "dmean2": 3.66526198387,
        "dvar": 5.21147584915,
        "dvar2": 11.3487157822,
        "max": 31.3089237213,
        "mean": 8.63351821899,
        "median": 7.39472150803,
        "min": 2.12478709221,
        "var": 20.8942127228
    },
    "erbbands_flatness_db": {
        "dmean": 0.0273893997073,
        "dmean2": 0.0389848910272,
        "dvar": 0.00102878862526,
        "dvar2": 0.00224930583499,
        "max": 0.623440504074,
        "mean": 0.164709970355,
        "median": 0.12006380409,
        "min": 0.0352436304092,
        "var": 0.012241108343
    },
    "erbbands_kurtosis": {
        "dmean": 1.48242139816,
        "dmean2": 2.21062850952,
        "dvar": 4.16617441177,
        "dvar2": 9.11364746094,
        "max": 45.3649559021,
        "mean": 0.863944768906,
        "median": -0.0589399337769,
        "min": -1.87631416321,
        "var": 8.93187332153
    },
    "erbbands_skewness": {
        "dmean": 0.538120210171,
        "dmean2": 0.74477148056,
        "dvar": 0.306574136019,
        "dvar2": 0.606071949005,
        "max": 5.07888412476,
        "mean": 0.12458665669,
        "median": 0.206885710359,
        "min": -3.70524430275,
        "var": 1.26252913475
    },
    "erbbands_spread": {
        "dmean": 17.5815315247,
        "dmean2": 24.8999042511,
        "dvar": 394.746948242,
        "dvar2": 898.554931641,
        "max": 200.954147339,
        "mean": 55.7205467224,
        "median": 47.2797698975,
        "min": 1.31691265106,
        "var": 1537.81396484
    },
    "hfc": {
        "dmean": 25.3339004517,
        "dmean2": 37.7801589966,
        "dvar": 2939.3527832,
        "dvar2": 7174.50683594,
        "max": 396.75579834,
        "mean": 28.5600605011,
        "median": 8.3184928894,
        "min": 1.19137486902e-16,
        "var": 3054.04956055
    },
    "melbands_crest": {
        "dmean": 3.8256688118,
        "dmean2": 5.28205108643,
        "dvar": 16.2838592529,
        "dvar2": 30.7163314819,
        "max": 36.6075973511,
        "mean": 20.8714599609,
        "median": 19.2985610962,
        "min": 2.34516429901,
        "var": 114.082939148
    },
    "melbands_flatness_db": {
        "dmean": 0.0546754449606,
        "dmean2": 0.0705134868622,
        "dvar": 0.00334962201305,
        "dvar2": 0.00627482822165,
        "max": 0.775331437588,
        "mean": 0.300028979778,
        "median": 0.272313505411,
        "min": 0.00886241253465,
        "var": 0.0208711698651
    },
    "melbands_kurtosis": {
        "dmean": 62.5283470154,
        "dmean2": 84.4286880493,
        "dvar": 14981.9863281,
        "dvar2": 27310.5371094,
        "max": 1733.87414551,
        "mean": 126.277236938,
        "median": 35.899307251,
        "min": -1.8243970871,
        "var": 49015.0429688
    },
    "melbands_skewness": {
        "dmean": 2.08154964447,
        "dmean2": 2.74214410782,
        "dvar": 6.75765609741,
        "dvar2": 12.7908000946,
        "max": 32.4134101868,
        "mean": 6.5922794342,
        "median": 5.02354621887,
        "min": -2.0832233429,
        "var": 38.7266616821
    },
    "melbands_spread": {
        "dmean": 9.50268363953,
        "dmean2": 14.9682388306,
        "dvar": 359.554321289,
        "dvar2": 860.793640137,
        "max": 235.638778687,
        "mean": 16.8911972046,
        "median": 8.31704902649,
        "min": 0.105021588504,
        "var": 607.725341797
    },
    "pitch_salience": {
        "dmean": 0.0942121371627,
        "dmean2": 0.136705085635,
        "dvar": 0.0122246611863,
        "dvar2": 0.022626105696,
        "max": 0.936655700207,
        "mean": 0.444327324629,
        "median": 0.507249712944,
        "min": 0.0125285526738,
        "var": 0.0579767413437
    },
    "silence_rate_20dB": {
        "dmean": 0,
        "dmean2": 0,
        "dvar": 0,
        "dvar2": 0,
        "max": 1,
        "mean": 1,
        "median": 1,
        "min": 1,
        "var": 0
    },
    "silence_rate_30dB": {
        "dmean": 0.06016933918,
        "dmean2": 0.120349518955,
        "dvar": 0.0565492101014,
        "dvar2": 0.109291188419,
        "max": 1,
        "mean": 0.675312995911,
        "median": 1,
        "min": 0,
        "var": 0.21928422153
    },
    "silence_rate_60dB": {
        "dmean": 0.093856960535,
        "dmean2": 0.187730833888,
        "dvar": 0.0850419104099,
        "dvar2": 0.176640048623,
        "max": 1,
        "mean": 0.26947671175,
        "median": 0,
        "min": 0,
        "var": 0.196874365211
    },
    "spectral_centroid": {
        "dmean": 483.56362915,
        "dmean2": 729.119018555,
        "dvar": 481607.53125,
        "dvar2": 1021370.125,
        "max": 11219.8818359,
        "mean": 1379.69567871,
        "median": 1120.39123535,
        "min": 81.5808410645,
        "var": 1195525.5
    },
    "spectral_complexity": {
        "dmean": 4.07764387131,
        "dmean2": 5.99099159241,
        "dvar": 39.4311065674,
        "dvar2": 73.8542938232,
        "max": 60,
        "mean": 8.78321170807,
        "median": 6,
        "min": 0,
        "var": 110.368843079
    },
    "spectral_decrease": {
        "dmean": 4.96174346054e-09,
        "dmean2": 6.59798526925e-09,
        "dvar": 9.33215836485e-17,
        "dvar2": 1.84002171507e-16,
        "max": -4.51295761075e-29,
        "mean": -1.82245205593e-08,
        "median": -4.958748967e-09,
        "min": -8.93921168199e-08,
        "var": 5.07823462812e-16
    },
    "spectral_energy": {
        "dmean": 0.0194585639983,
        "dmean2": 0.0265156105161,
        "dvar": 0.00141250132583,
        "dvar2": 0.00277835084125,
        "max": 0.348034918308,
        "mean": 0.0713740512729,
        "median": 0.0200665090233,
        "min": 1.09764556996e-20,
        "var": 0.0074796974659
    },
    "spectral_energyband_high": {
        "dmean": 0.00226667243987,
        "dmean2": 0.0033419074025,
        "dvar": 2.58981690422e-05,
        "dvar2": 6.13095689914e-05,
        "max": 0.0375089384615,
        "mean": 0.00236456072889,
        "median": 0.000119479132991,
        "min": 7.88310797802e-21,
        "var": 2.8010481401e-05
    },
    "spectral_energyband_low": {
        "dmean": 0.0168790630996,
        "dmean2": 0.0220841709524,
        "dvar": 0.00116658792831,
        "dvar2": 0.00215964228846,
        "max": 0.299090087414,
        "mean": 0.0622125566006,
        "median": 0.0109702423215,
        "min": 2.73089736192e-22,
        "var": 0.00674756709486
    },
    "spectral_energyband_middle_high": {
        "dmean": 0.000904275919311,
        "dmean2": 0.00143717578612,
        "dvar": 4.44564057034e-06,
        "dvar2": 1.13642572614e-05,
        "max": 0.0242802090943,
        "mean": 0.00112695700955,
        "median": 0.000376040523406,
        "min": 1.48901426281e-21,
        "var": 4.87664874527e-06
    },
    "spectral_energyband_middle_low": {
        "dmean": 0.00723488489166,
        "dmean2": 0.0125134987757,
        "dvar": 0.00040907273069,
        "dvar2": 0.00115270225797,
        "max": 0.167562171817,
        "mean": 0.00746822776273,
        "median": 0.00146707193926,
        "min": 3.46978941927e-22,
        "var": 0.000278246792732
    },
    "spectral_entropy": {
        "dmean": 0.31664070487,
        "dmean2": 0.436516702175,
        "dvar": 0.12486448139,
        "dvar2": 0.238868251443,
        "max": 9.81474018097,
        "mean": 7.63676929474,
        "median": 7.76274061203,
        "min": 4.7134976387,
        "var": 0.639102876186
    },
    "spectral_flux": {
        "dmean": 0.0486440472305,
        "dmean2": 0.0647326111794,
        "dvar": 0.00546870846301,
        "dvar2": 0.00764814205468,
        "max": 0.570753395557,
        "mean": 0.0890044867992,
        "median": 0.0531996712089,
        "min": 1.04768582698e-10,
        "var": 0.0116744618863
    },
    "spectral_kurtosis": {
        "dmean": 4.70796489716,
        "dmean2": 7.43318891525,
        "dvar": 78.2478713989,
        "dvar2": 196.509689331,
        "max": 162.748321533,
        "mean": 8.58180618286,
        "median": 2.80579710007,
        "min": -1.2587852478,
        "var": 221.975723267
    },
    "spectral_rms": {
        "dmean": 0.0012353444472,
        "dmean2": 0.00156845327001,
        "dvar": 4.04555703426e-06,
        "dvar2": 6.82226618665e-06,
        "max": 0.0184267815202,
        "mean": 0.00633457070217,
        "median": 0.00442459993064,
        "min": 3.27242074584e-12,
        "var": 2.95065619866e-05
    },
    "spectral_rolloff": {
        "dmean": 1166.70251465,
        "dmean2": 2014.77148438,
        "dvar": 5288670.5,
        "dvar2": 13141618,
        "max": 18841.5527344,
        "mean": 1723.14819336,
        "median": 409.130859375,
        "min": 64.599609375,
        "var": 6658543
    },
    "spectral_skewness": {
        "dmean": 0.48546269536,
        "dmean2": 0.71162623167,
        "dvar": 0.376162737608,
        "dvar2": 0.893724739552,
        "max": 9.16352939606,
        "mean": 1.82203304768,
        "median": 1.5160690546,
        "min": 0.026739642024,
        "var": 1.4638119936
    },
    "spectral_spread": {
        "dmean": 1294631.75,
        "dmean2": 1704781.875,
        "dvar": 2.46795416371e+12,
        "dvar2": 3.79214967603e+12,
        "max": 42322824,
        "mean": 6266309,
        "median": 6497823.5,
        "min": 423062.40625,
        "var": 1.20313452954e+13
    },
    "spectral_strongpeak": {
        "dmean": 0.186605393887,
        "dmean2": 0.281723737717,
        "dvar": 0.0907480046153,
        "dvar2": 0.197877660394,
        "max": 8.35231685638,
        "mean": 0.551224946976,
        "median": 0.418059885502,
        "min": 0,
        "var": 0.222787171602
    },
    "zerocrossingrate": {
        "dmean": 0.0180501323193,
        "dmean2": 0.0206802785397,
        "dvar": 0.000530287739821,
        "dvar2": 0.000637576216832,
        "max": 0.5107421875,
        "mean": 0.062906704843,
        "median": 0.05517578125,
        "min": 0.001953125,
        "var": 0.00311303627677
    },
    "barkbands": {
        "dmean": [0.00140831700992, 0.0152255790308, 0.00533693330362, 0.00357948616147, 0.00232511968352, 0.00088505691383, 0.000432057509897, 0.000260885572061, 0.000260140834143, 8.97847567103e-05, 0.000109089087346, 0.000181758005056, 0.000112286004878, 5.69862604607e-05, 7.52951018512e-05, 0.000134300353238, 8.74205652508e-05, 5.96811405558e-05, 9.97138995444e-05, 0.000117081443022, 0.000141695214552, 0.00028381170705, 0.000297546182992, 0.000392572546843, 0.000588139577303, 0.000481325667351, 9.85023289104e-05],
        "dmean2": [0.00157536484767, 0.0178415253758, 0.0101797049865, 0.00596870062873, 0.00422223471105, 0.00166290148627, 0.000832173682284, 0.000485066586407, 0.000477525725728, 0.000146080245031, 0.000185725686606, 0.000319778017001, 0.000193563988432, 9.33603441808e-05, 0.000119182150229, 0.000233852799283, 0.000142643315485, 9.50473331613e-05, 0.000171216204762, 0.000197201094124, 0.000219573892537, 0.000427134917118, 0.000423268298618, 0.000561407709029, 0.000910798087716, 0.000788759905845, 0.00015564399655],
        "dvar": [5.24676534042e-06, 0.000799921283033, 0.00036744074896, 7.45330617065e-05, 5.75289850531e-05, 1.21657994896e-05, 3.26672125084e-06, 8.67560856932e-07, 4.10906835668e-07, 4.08610389968e-08, 7.75959634325e-08, 1.96597653712e-07, 7.15508576832e-08, 1.35222339992e-08, 2.6611751025e-08, 1.32903878125e-07, 5.37551940738e-08, 2.22816485262e-08, 5.44660956336e-08, 7.54128350877e-08, 8.66874003691e-08, 3.3659657106e-07, 3.44725492596e-07, 8.66363961904e-07, 2.4788673727e-06, 1.66288555192e-06, 6.28044816153e-08],
        "dvar2": [7.78179219196e-06, 0.00116345693823, 0.00106361426879, 0.000204152674996, 0.000164837751072, 3.52135357389e-05, 9.59608405537e-06, 2.53505777437e-06, 1.15718717097e-06, 9.51006526861e-08, 2.15012192939e-07, 5.39628672414e-07, 1.88762626863e-07, 2.89629102923e-08, 5.89842272802e-08, 3.53514053586e-07, 1.30717694447e-07, 5.35721369488e-08, 1.48421747781e-07, 1.9940515017e-07, 2.14396564502e-07, 6.63852176785e-07, 7.14473742391e-07, 2.07809785024e-06, 6.30994964013e-06, 4.32912383985e-06, 1.6163392047e-07],
        "max": [0.0233259983361, 0.257894843817, 0.164743036032, 0.0701863914728, 0.0666180551052, 0.0312458854169, 0.017916738987, 0.0106409452856, 0.00710231577978, 0.00447064451873, 0.00415411405265, 0.00481999339536, 0.00296659325249, 0.00127893732861, 0.00180954125244, 0.00384635967202, 0.0028108721599, 0.00125434366055, 0.00230836612172, 0.00299730570987, 0.00287988362834, 0.00416910788044, 0.00386566389352, 0.00832972116768, 0.0126258786768, 0.00953744631261, 0.0023647188209],
        "mean": [0.00451745418832, 0.0526858940721, 0.00324242399074, 0.00397919863462, 0.00207742862403, 0.000584402645472, 0.000295981910313, 0.000244574504904, 0.000220971822273, 0.000128177140141, 0.000130196698592, 0.000182832678547, 0.000126659826492, 8.54179234011e-05, 0.000100593402749, 0.000123581849039, 8.17209875095e-05, 6.38426281512e-05, 9.23747211345e-05, 0.000114728027256, 0.00018442698638, 0.000356922479114, 0.000344013737049, 0.000416109600337, 0.000531286117621, 0.000380306271836, 8.2716185716e-05],
        "median": [0.00021714324248, 0.00552329234779, 0.000150285777636, 0.000202187336981, 0.00032761800685, 5.19995701325e-05, 4.41487172793e-05, 5.32141566509e-05, 6.10370188951e-05, 4.3181637011e-05, 4.16642214986e-05, 4.8418474762e-05, 3.19139762723e-05, 2.47991138167e-05, 3.86786632589e-05, 2.66817805823e-05, 9.37064760365e-06, 8.69498762768e-06, 8.62897286424e-06, 8.58995190356e-06, 1.44531668411e-05, 2.11032856896e-05, 1.68586739164e-05, 1.98585221369e-05, 1.94160529645e-05, 7.50724757381e-06, 1.86021168247e-06],
        "min": [7.22891055181e-23, 1.18170025694e-22, 9.80994983772e-23, 1.114559406e-23, 2.65988056914e-23, 5.96859670846e-23, 4.78696069635e-23, 5.7597265356e-23, 9.57891078016e-23, 9.65099625859e-23, 4.12133974382e-23, 5.3216455692e-23, 9.0054739042e-23, 1.34791362832e-22, 1.67022338775e-22, 1.37384329695e-22, 1.34515135298e-22, 1.61451655498e-22, 3.89109289193e-22, 2.60478185346e-22, 6.17353305287e-22, 6.13314943297e-22, 6.2055428827e-22, 6.57106341329e-22, 1.32875024056e-21, 1.74394230051e-21, 2.38054401383e-21],
        "var": [4.82697942061e-05, 0.00548980897292, 0.000201443981496, 6.97740906617e-05, 3.56308992195e-05, 6.85058421368e-06, 1.75129764557e-06, 5.43060764358e-07, 2.67564900014e-07, 7.00363074202e-08, 7.22530657526e-08, 1.60137403782e-07, 7.42036974088e-08, 2.58802206332e-08, 4.19673931162e-08, 1.11362204791e-07, 5.72714142777e-08, 2.69820059629e-08, 4.79565009925e-08, 7.61311582664e-08, 1.25846284504e-07, 5.15605961482e-07, 5.00587248098e-07, 9.57329007178e-07, 2.1472840217e-06, 1.27727753352e-06, 5.32034682976e-08]
    },
    "erbbands": {
        "dmean": [0.719551205635, 3.1014020443, 5.90879154205, 9.91276168823, 9.04450035095, 7.71857595444, 6.50211381912, 8.29894924164, 6.70900011063, 6.63399600983, 5.19241094589, 6.42228937149, 3.80481171608, 3.22186589241, 5.93130016327, 5.96028327942, 4.80045843124, 4.01705265045, 2.67361068726, 5.49612760544, 7.39978075027, 4.66199493408, 2.81726098061, 4.98901176453, 4.81705760956, 5.14200973511, 6.19541740417, 5.75497055054, 9.70461559296, 11.4571552277, 8.82059860229, 7.52028512955, 7.07192420959, 6.21039056778, 4.37867259979, 2.34402155876, 0.833934664726, 0.156635373831, 0.0166654158384, 0.000606427667663],
        "dmean2": [0.754258990288, 4.42659044266, 10.6990814209, 17.5403938293, 14.9163064957, 14.4547452927, 12.0123033524, 15.8326673508, 12.9487361908, 12.6140193939, 9.55247879028, 11.8402481079, 6.35527610779, 5.53673887253, 10.1890048981, 10.4343271255, 8.29327774048, 6.76696920395, 3.8671734333, 8.99020957947, 12.8386278152, 7.49850797653, 4.51128292084, 8.59594726562, 7.8709526062, 8.49005126953, 9.78550624847, 8.71284675598, 14.7908096313, 17.8405666351, 12.4631872177, 10.2950258255, 10.4699487686, 9.27770996094, 7.18514585495, 3.87676429749, 1.35808670521, 0.247847229242, 0.0265177600086, 0.000932460767217],
        "dvar": [1.4564961195, 46.8198051453, 390.333679199, 801.229431152, 448.070587158, 802.546142578, 525.383911133, 1189.84863281, 790.138244629, 710.261291504, 266.937805176, 265.801361084, 76.0796279907, 66.5061340332, 236.665008545, 205.518737793, 143.377059937, 67.8062133789, 33.7936515808, 146.030288696, 429.761993408, 142.727920532, 44.4987716675, 175.123352051, 115.361343384, 126.763679504, 223.042800903, 114.763938904, 377.02822876, 645.324584961, 294.667205811, 265.003936768, 315.217559814, 253.498336792, 155.90447998, 43.6926040649, 4.80960226059, 0.146714270115, 0.00170547002926, 2.14189458347e-06],
        "dvar2": [1.29290485382, 93.5419540405, 1092.43078613, 2286.95678711, 1227.78063965, 2321.07836914, 1507.31811523, 3457.6171875, 2317.67480469, 2084.68994141, 773.421936035, 749.319091797, 179.365264893, 188.048492432, 646.149169922, 563.100280762, 383.404968262, 161.940917969, 52.5125656128, 364.724456787, 1132.79418945, 334.334106445, 100.759742737, 477.497131348, 297.950653076, 336.602386475, 568.336608887, 244.692077637, 900.493469238, 1254.46435547, 610.157409668, 565.552856445, 788.825866699, 622.877685547, 414.24822998, 116.680099487, 12.3851747513, 0.369515746832, 0.00436331797391, 5.2906698329e-06],
        "max": [11.8676929474, 62.1292114258, 164.332305908, 241.356506348, 192.893997192, 251.069320679, 199.784225464, 299.342651367, 270.676849365, 254.884246826, 171.997177124, 187.436584473, 175.094284058, 94.4184112549, 222.795913696, 182.40071106, 138.097061157, 79.3051834106, 69.4026947021, 161.646087646, 246.684173584, 144.588607788, 64.9105224609, 133.09954834, 110.095481873, 114.292457581, 149.515457153, 100.953926086, 162.323577881, 166.772537231, 118.646743774, 134.541442871, 158.305786133, 128.114837646, 98.0140686035, 55.0356140137, 15.6004657745, 3.50900530815, 0.354637205601, 0.0123782083392],
        "mean": [2.62097120285, 7.34979867935, 4.47527599335, 9.07279109955, 11.0764980316, 5.73608112335, 4.64611244202, 5.17721843719, 4.47247171402, 5.12343215942, 5.00315141678, 5.30047082901, 4.79085588455, 4.37903690338, 6.41290140152, 6.51019716263, 5.58806848526, 5.41828012466, 3.99138998985, 6.35571241379, 6.61716794968, 4.50547838211, 3.17399549484, 4.37001371384, 5.00805997849, 5.14576768875, 6.95895195007, 8.07761383057, 11.2732696533, 13.2373399734, 10.0552597046, 8.54984855652, 7.17440128326, 5.92997932434, 3.6744697094, 1.86113476753, 0.663339495659, 0.128148362041, 0.0139147462323, 0.000610423681792],
        "median": [0.214900821447, 0.949746191502, 0.853863239288, 0.781924068928, 0.756335556507, 0.898138344288, 0.478807985783, 0.434928894043, 0.616864085197, 0.85886579752, 1.28909027576, 1.29242479801, 1.63271605968, 1.64801645279, 1.85966026783, 1.91696715355, 1.59062123299, 1.57521522045, 1.27905523777, 2.33004355431, 1.41545498371, 0.611246287823, 0.466838628054, 0.355319648981, 0.453601002693, 0.424214154482, 0.576881587505, 0.641720235348, 0.726650357246, 0.588656663895, 0.479805201292, 0.444469362497, 0.315155029297, 0.225077673793, 0.12214615941, 0.0463823378086, 0.0122988354415, 0.00255604274571, 0.000339270278346, 0.000129711945192],
        "min": [4.98226594526e-21, 2.19717442985e-20, 9.91465144555e-20, 8.33519982596e-20, 4.21361441949e-20, 1.38423957996e-19, 2.49323972248e-19, 5.51903641791e-19, 5.40963195913e-19, 8.93977928559e-19, 1.271081815e-18, 1.86887810926e-18, 3.58420089115e-18, 2.342419778e-18, 1.4851701162e-18, 2.43780404238e-18, 2.83490078084e-18, 6.57674306479e-18, 9.87205484932e-18, 9.06188851479e-18, 6.82188961985e-18, 7.78536023244e-18, 8.73976618629e-18, 1.46992790721e-17, 1.98253107107e-17, 1.42690492006e-17, 1.60840588269e-17, 2.71796941275e-17, 2.21258737021e-17, 2.16551334873e-17, 1.63174527998e-17, 1.36306287223e-17, 1.26945803878e-17, 1.39724850987e-17, 8.90165783988e-18, 5.23227264847e-18, 3.80398567504e-18, 1.17896046794e-18, 3.39566637042e-19, 3.78935283708e-20],
        "var": [14.6011800766, 126.972732544, 244.174682617, 533.313476562, 427.630645752, 451.440551758, 308.079925537, 650.651367188, 422.545379639, 397.901428223, 174.027526855, 170.8724823, 99.5587768555, 73.4500732422, 193.413879395, 182.330108643, 142.741363525, 104.206298828, 79.9481887817, 162.23576355, 353.753112793, 164.128799438, 61.8754997253, 145.107589722, 128.057128906, 132.940765381, 255.813339233, 222.151489258, 521.03704834, 850.027709961, 437.256195068, 357.695007324, 312.14730835, 245.60357666, 117.426002502, 31.975151062, 3.77202701569, 0.12545016408, 0.00146108388435, 2.0832201244e-06]
    },
    "gfcc": {
        "mean": [-99.1286468506, 60.0352210999, -96.9602813721, 17.7459182739, -40.5936355591, 27.5519332886, -24.4298171997, 5.1975569725, -15.6784915924, 1.81491863728, -16.9209327698, -0.523808062077, -6.61541032791],
        "cov": [[35128.5390625, -1328.96813965, 10769.5400391, 5721.11816406, -1453.29541016, 1244.51293945, -156.197814941, 714.585388184, -453.153747559, 1077.08276367, -199.494033813, 356.736633301, -726.000427246], [-1328.96813965, 5263.234375, 217.625015259, 162.535842896, 1135.69873047, -370.058746338, 326.133422852, -389.982879639, 245.667877197, -444.634216309, 119.937141418, -378.557281494, 126.563400269], [10769.5400391, 217.625015259, 5783.85986328, 2791.48217773, 510.042510986, 996.899902344, 277.609924316, 348.116027832, 28.0427513123, 478.661712646, 12.9390354156, 164.167205811, -142.663146973], [5721.11816406, 162.535842896, 2791.48217773, 1837.96252441, 411.440368652, 555.057678223, 214.039962769, 207.178421021, 106.041610718, 248.995605469, 11.2851676941, 62.6116065979, -46.6341133118], [-1453.29541016, 1135.69873047, 510.042510986, 411.440368652, 1215.41882324, 329.135955811, 462.155883789, 167.490386963, 299.563781738, 25.1475811005, 106.20463562, -8.18181800842, 135.300628662], [1244.51293945, -370.058746338, 996.899902344, 555.057678223, 329.135955811, 526.181213379, 250.736557007, 226.861984253, 96.7022399902, 178.278717041, 37.9431343079, 90.2075958252, 31.6730709076], [-156.197814941, 326.133422852, 277.609924316, 214.039962769, 462.155883789, 250.736557007, 378.428710938, 186.20552063, 196.782409668, 90.5822525024, 107.89050293, 30.0548038483, 86.1490478516], [714.585388184, -389.982879639, 348.116027832, 207.178421021, 167.490386963, 226.861984253, 186.20552063, 254.786865234, 135.542037964, 172.721466064, 58.6651153564, 94.2656021118, 33.7503471375], [-453.153747559, 245.667877197, 28.0427513123, 106.041610718, 299.563781738, 96.7022399902, 196.782409668, 135.542037964, 218.46711731, 98.3251113892, 90.7301864624, 33.1968460083, 84.8034591675], [1077.08276367, -444.634216309, 478.661712646, 248.995605469, 25.1475811005, 178.278717041, 90.5822525024, 172.721466064, 98.3251113892, 225.894958496, 75.349937439, 113.125717163, 23.625497818], [-199.494033813, 119.937141418, 12.9390354156, 11.2851676941, 106.20463562, 37.9431343079, 107.89050293, 58.6651153564, 90.7301864624, 75.349937439, 117.397201538, 54.226890564, 53.2767791748], [356.736633301, -378.557281494, 164.167205811, 62.6116065979, -8.18181800842, 90.2075958252, 30.0548038483, 94.2656021118, 33.1968460083, 113.125717163, 54.226890564, 120.326461792, 35.7763137817], [-726.000427246, 126.563400269, -142.663146973, -46.6341133118, 135.300628662, 31.6730709076, 86.1490478516, 33.7503471375, 84.8034591675, 23.625497818, 53.2767791748, 35.7763137817, 100.731735229]],
        "icov": [[0.000173855514731, -0.000123660371173, -0.000134874280775, -0.000382405414712, 0.000422960205469, 0.000291226169793, -0.000246455630986, -0.000641986262053, 0.000513071892783, -0.000269930664217, 0.00026803847868, -0.000271881814115, 0.000392700254451], [-0.000123660371173, 0.000721816497389, -0.0002101710852, 0.00038923494867, -0.000664189923555, 0.000451900181361, -0.00016123559908, 0.00129092088901, -0.00114992656745, 0.00109121890273, -0.00116759294178, 0.0013674685033, -0.00061620894121], [-0.000134874280775, -0.0002101710852, 0.00107204914093, -0.000826272473205, -0.000328446883941, -0.000826570380013, 0.000312689633574, 0.000268560892437, 0.000994416303001, -0.00107151712291, 4.20938413299e-05, -0.000357433920726, 0.000290255935397], [-0.000382405414712, 0.00038923494867, -0.000826272473205, 0.00322545063682, -0.00102167855948, -0.00106494268402, 0.000576314458158, 0.0021829882171, -0.00297119887546, 0.000686403247528, -2.38363227254e-05, 0.000998247414827, -0.000440835894551], [0.000422960205469, -0.000664189923555, -0.000328446883941, -0.00102167855948, 0.00342905614525, -0.000411407323554, -0.00198294245638, -0.00126315059606, -0.0010424220236, 0.00105091370642, 0.00161046918947, -0.00209369882941, 0.00111030950211], [0.000291226169793, 0.000451900181361, -0.000826570380013, -0.00106494268402, -0.000411407323554, 0.00737282866612, -0.00405670516193, -0.00220368197188, 0.00358927203342, -0.00213665701449, 0.00237167719752, -0.000212504019146, -0.00138986448292], [-0.000246455630986, -0.00016123559908, 0.000312689633574, 0.000576314458158, -0.00198294245638, -0.00405670516193, 0.0130556253716, -0.00640980526805, -0.00180337310303, 0.00352097325958, -0.0083118416369, 0.00598287023604, -0.00297939241864], [-0.000641986262053, 0.00129092088901, 0.000268560892437, 0.0021829882171, -0.00126315059606, -0.00220368197188, -0.00640980526805, 0.0219251178205, -0.0102377524599, -0.00432549789548, 0.00581558281556, -0.00663930876181, 0.00458300393075], [0.000513071892783, -0.00114992656745, 0.000994416303001, -0.00297119887546, -0.0010424220236, 0.00358927203342, -0.00180337310303, -0.0102377524599, 0.023884717375, -0.00992335099727, -0.00284755346365, 0.00729386182502, -0.00844541657716], [-0.000269930664217, 0.00109121890273, -0.00107151712291, 0.000686403247528, 0.00105091370642, -0.00213665701449, 0.00352097325958, -0.00432549789548, -0.00992335099727, 0.0227071810514, -0.00811054930091, -0.00624276744202, 0.00271734199487], [0.00026803847868, -0.00116759294178, 4.20938413299e-05, -2.38363227254e-05, 0.00161046918947, 0.00237167719752, -0.0083118416369, 0.00581558281556, -0.00284755346365, -0.00811054930091, 0.0251407343894, -0.0118514001369, 0.000910417817067], [-0.000271881814115, 0.0013674685033, -0.000357433920726, 0.000998247414827, -0.00209369882941, -0.000212504019146, 0.00598287023604, -0.00663930876181, 0.00729386182502, -0.00624276744202, -0.0118514001369, 0.0301276538521, -0.0128433844075], [0.000392700254451, -0.00061620894121, 0.000290255935397, -0.000440835894551, 0.00111030950211, -0.00138986448292, -0.00297939241864, 0.00458300393075, -0.00844541657716, 0.00271734199487, 0.000910417817067, -0.0128433844075, 0.0242497287691]]
    },
    "melbands": {
        "dmean": [0.00507968803868, 0.00316039309837, 0.0017130272463, 0.000573877128772, 0.000259367836406, 0.000179039154318, 0.00010053938604, 6.99681186234e-05, 4.11991240981e-05, 3.96561590605e-05, 1.76530011231e-05, 1.21210032376e-05, 1.74779361259e-05, 2.2667894882e-05, 9.0753655968e-06, 1.26425320559e-05, 6.77250318404e-06, 3.93269465349e-06, 6.61947387925e-06, 9.24370306166e-06, 8.35260925669e-06, 5.27625206814e-06, 2.8500735425e-06, 2.90688171845e-06, 4.23039182351e-06, 3.66115204997e-06, 3.35554409503e-06, 3.60548233402e-06, 4.2691294766e-06, 3.41354780176e-06, 3.24647180605e-06, 4.98868394061e-06, 6.63660512146e-06, 6.47931119602e-06, 5.28056625626e-06, 4.1561852413e-06, 4.91966557092e-06, 4.84944166601e-06, 5.2115087783e-06, 5.35649814992e-06],
        "dmean2": [0.00536389276385, 0.00504892366007, 0.00296139344573, 0.00101440050639, 0.000483166571939, 0.000340507336659, 0.000194109001313, 0.00013274900266, 7.55789951654e-05, 7.28758823243e-05, 2.9251061278e-05, 2.07948014577e-05, 2.9536193324e-05, 4.03599660785e-05, 1.53666042024e-05, 2.19484372792e-05, 1.12833749881e-05, 5.61106980967e-06, 1.0574951375e-05, 1.59260471264e-05, 1.4588880731e-05, 8.66414757184e-06, 4.34012417827e-06, 4.77832145407e-06, 7.40406812838e-06, 6.0896963987e-06, 5.57749262953e-06, 6.09486824033e-06, 6.96324514138e-06, 5.56600616619e-06, 4.67806648885e-06, 7.57073348723e-06, 1.02039830381e-05, 9.91236174741e-06, 7.56891540732e-06, 5.97252119405e-06, 6.7610176302e-06, 7.62625904827e-06, 7.52098367229e-06, 8.21280991659e-06],
        "dvar": [7.2602990258e-05, 7.57199741201e-05, 2.07530647458e-05, 2.9992763757e-06, 8.67098378876e-07, 5.41291683476e-07, 1.78189935696e-07, 7.66700409827e-08, 1.46971155246e-08, 9.97511140355e-09, 1.68101765841e-09, 9.13954023574e-10, 1.85497006644e-09, 3.25622040442e-09, 4.83686535269e-10, 9.33025101624e-10, 1.92710070124e-10, 7.63176119523e-11, 2.39233077792e-10, 5.88922577371e-10, 5.97389582246e-10, 1.93112234537e-10, 4.07355711662e-11, 6.11311418153e-11, 1.31372232537e-10, 6.01475744211e-11, 6.55660109539e-11, 6.11957984287e-11, 1.12439967059e-10, 4.96152216534e-11, 3.53052760638e-11, 9.98630969584e-11, 2.10074332929e-10, 2.05057096303e-10, 1.08027420342e-10, 6.9169975303e-11, 1.22113597012e-10, 1.51242504631e-10, 1.76929776385e-10, 1.99628355513e-10],
        "dvar2": [8.08293843875e-05, 0.00019224458083, 5.88290931773e-05, 8.56133010529e-06, 2.50178413808e-06, 1.5720720512e-06, 5.22973209627e-07, 2.25033204515e-07, 4.23263699645e-08, 2.81142291669e-08, 3.89121979083e-09, 2.57283527816e-09, 5.04920460997e-09, 9.01087382488e-09, 1.3296683754e-09, 2.46831199924e-09, 4.50410875263e-10, 1.25472743306e-10, 5.67378977134e-10, 1.59214397222e-09, 1.59430202373e-09, 4.60181226458e-10, 8.6732829252e-11, 1.54464274704e-10, 3.61735114085e-10, 1.58031990272e-10, 1.6948946413e-10, 1.65501903848e-10, 2.86422718876e-10, 1.21909010664e-10, 6.6872667126e-11, 2.2966514801e-10, 4.76892580981e-10, 4.20006390778e-10, 2.19119694611e-10, 1.57543866841e-10, 2.57764809497e-10, 3.94238752754e-10, 4.14164147422e-10, 5.04271568946e-10],
        "max": [0.0820940956473, 0.0751672536135, 0.037087187171, 0.0154866753146, 0.00781698338687, 0.00645103584975, 0.00409324187785, 0.00278914696537, 0.00119756837375, 0.0011946822051, 0.000863248016685, 0.000353799783625, 0.000655099691357, 0.000600007071625, 0.000276450271485, 0.000304194749333, 0.000136379545438, 0.000107691710582, 0.000169902094058, 0.000354688905645, 0.000311750627588, 0.00017310011026, 6.70851077302e-05, 7.35320718377e-05, 0.000118441952509, 7.91961720097e-05, 8.74614197528e-05, 8.30134376884e-05, 0.000107912717795, 6.39499994577e-05, 5.51036682737e-05, 9.44994899328e-05, 0.000109021071694, 9.64066566667e-05, 7.2265334893e-05, 6.71301677357e-05, 9.3561851827e-05, 0.00010471263522, 0.000114823575132, 0.000125807433506],
        "mean": [0.0181093234569, 0.00455390382558, 0.00172221625689, 0.00056563585531, 0.000182216434041, 0.00011322771752, 6.7519613367e-05, 5.60049811611e-05, 3.93017580791e-05, 3.2997388189e-05, 2.27652089961e-05, 1.64516968653e-05, 2.03575364139e-05, 2.13070798054e-05, 1.20869581224e-05, 1.38153145599e-05, 9.21658465813e-06, 5.75639114686e-06, 7.95834785094e-06, 9.17860688787e-06, 7.14397992851e-06, 4.8926672207e-06, 3.14761928166e-06, 3.01925979329e-06, 3.52887764166e-06, 3.68394671568e-06, 3.38269251188e-06, 3.44305362887e-06, 4.42541977463e-06, 4.10421625929e-06, 4.81987399326e-06, 6.0626002778e-06, 7.40177756597e-06, 7.04489048076e-06, 5.94818448008e-06, 4.72457531941e-06, 5.5582195273e-06, 4.78722722619e-06, 5.29014096173e-06, 4.9469813348e-06],
        "median": [0.00175789813511, 0.00075385713717, 0.000135530368425, 7.13424815331e-05, 1.75093882717e-05, 9.29093494051e-06, 9.61186196946e-06, 9.80284949037e-06, 1.01926061689e-05, 8.58447856444e-06, 7.78072626417e-06, 5.92843434788e-06, 6.35803917248e-06, 4.99141924593e-06, 4.16883449361e-06, 3.48857361132e-06, 2.64116920334e-06, 1.78161303666e-06, 2.66576603281e-06, 2.65696962742e-06, 1.40161228046e-06, 6.01133251621e-07, 4.31589540995e-07, 3.42801001807e-07, 2.50334323937e-07, 3.63205458598e-07, 2.57977774254e-07, 2.76545904399e-07, 3.63122495628e-07, 3.53097448169e-07, 3.87675129332e-07, 4.42738212314e-07, 3.21648656154e-07, 3.19893644019e-07, 2.77197699461e-07, 2.48736142794e-07, 2.77217424127e-07, 2.05601708103e-07, 2.21176932769e-07, 1.7059905133e-07],
        "min": [4.19500673059e-23, 4.4673287726e-23, 1.31823840079e-23, 6.71652267468e-24, 8.04177744101e-24, 1.25225981017e-23, 8.5058532675e-24, 1.1732923092e-23, 1.00231159893e-23, 1.33930706118e-23, 1.76901284912e-23, 9.25186482607e-24, 5.4217065008e-24, 4.91086976086e-24, 5.62247120675e-24, 8.99288415747e-24, 1.21197110602e-23, 1.73933432415e-23, 1.08803466803e-23, 1.15021402565e-23, 7.07918254319e-24, 7.18511788529e-24, 9.28327647846e-24, 6.9404171768e-24, 1.28048225568e-23, 1.2501850271e-23, 1.1854744515e-23, 9.25702713184e-24, 6.42544246698e-24, 1.75163976541e-23, 1.50284092451e-23, 1.04243732442e-23, 1.52247267477e-23, 1.09153855151e-23, 9.20819427522e-24, 8.55005787719e-24, 8.04434123895e-24, 8.85088998339e-24, 1.02430567206e-23, 1.19663596556e-23],
        "var": [0.00065993051976, 8.09194461908e-05, 1.49201614477e-05, 1.9500084818e-06, 4.95251754273e-07, 2.97627877899e-07, 9.52346184135e-08, 4.351429439e-08, 9.81353220908e-09, 6.4246550302e-09, 2.31026620057e-09, 1.07287401185e-09, 1.71349567868e-09, 2.46547138261e-09, 5.11697240135e-10, 9.47004363816e-10, 3.08518127712e-10, 1.74513833939e-10, 3.2170854869e-10, 4.82044903993e-10, 4.68364680373e-10, 2.08380548927e-10, 6.23714621617e-11, 6.59558935245e-11, 1.03126486517e-10, 6.19623935494e-11, 7.20531551091e-11, 6.0515398248e-11, 1.16169331099e-10, 6.98385932418e-11, 7.96830795791e-11, 1.57036855741e-10, 2.47463133318e-10, 2.55066245902e-10, 1.58550575446e-10, 9.22780463153e-11, 1.64708011119e-10, 1.37270958489e-10, 1.87653809158e-10, 1.81343801087e-10]
    },
    "mfcc": {
        "mean": [-737.80279541, 101.286903381, 15.6789636612, 6.42356920242, 11.4252748489, 19.5381069183, 6.77794551849, 7.84212684631, 8.32936668396, 4.90825271606, -0.0687890872359, -0.505339860916, 2.3493206501],
        "cov": [[17471.078125, -1719.45935059, 4380.68408203, 2371.72094727, 634.53314209, 1016.73547363, 624.522399902, 484.546264648, 289.574859619, 376.574523926, 573.368835449, 336.975891113, 198.700775146], [-1719.45935059, 4133.84960938, -428.180541992, 386.813598633, 598.378112793, 223.468200684, 210.695983887, 155.461105347, 118.267921448, 53.1457862854, -65.5354614258, -10.5726604462, -33.212638855], [4380.68408203, -428.180541992, 2571.74560547, 1273.31335449, 637.661193848, 716.557495117, 494.041107178, 299.179443359, 251.736755371, 240.131546021, 289.855865479, 133.810012817, 100.483718872], [2371.72094727, 386.813598633, 1273.31335449, 1126.97436523, 653.89642334, 496.59588623, 331.066558838, 244.47833252, 228.171813965, 211.174880981, 183.43347168, 127.042533875, 111.733718872], [634.53314209, 598.378112793, 637.661193848, 653.89642334, 612.610839844, 396.514099121, 275.98449707, 205.987213135, 205.03515625, 152.079208374, 105.87613678, 67.5807647705, 73.9472579956], [1016.73547363, 223.468200684, 716.557495117, 496.59588623, 396.514099121, 440.919067383, 303.059570312, 214.450744629, 201.469802856, 153.050491333, 139.34803772, 92.4366912842, 78.0470581055], [624.522399902, 210.695983887, 494.041107178, 331.066558838, 275.98449707, 303.059570312, 285.352050781, 192.975723267, 155.386016846, 124.214530945, 115.989204407, 77.9416046143, 61.5546340942], [484.546264648, 155.461105347, 299.179443359, 244.47833252, 205.987213135, 214.450744629, 192.975723267, 200.749526978, 149.927383423, 116.852966309, 99.9297332764, 71.0420303345, 62.1385231018], [289.574859619, 118.267921448, 251.736755371, 228.171813965, 205.03515625, 201.469802856, 155.386016846, 149.927383423, 200.890136719, 139.048797607, 102.578552246, 86.2292098999, 81.9303131104], [376.574523926, 53.1457862854, 240.131546021, 211.174880981, 152.079208374, 153.050491333, 124.214530945, 116.852966309, 139.048797607, 143.555786133, 112.830657959, 85.9517211914, 74.2979278564], [573.368835449, -65.5354614258, 289.855865479, 183.43347168, 105.87613678, 139.34803772, 115.989204407, 99.9297332764, 102.578552246, 112.830657959, 140.574752808, 100.241485596, 71.5395050049], [336.975891113, -10.5726604462, 133.810012817, 127.042533875, 67.5807647705, 92.4366912842, 77.9416046143, 71.0420303345, 86.2292098999, 85.9517211914, 100.241485596, 114.960617065, 84.9558258057], [198.700775146, -33.212638855, 100.483718872, 111.733718872, 73.9472579956, 78.0470581055, 61.5546340942, 62.1385231018, 81.9303131104, 74.2979278564, 71.5395050049, 84.9558258057, 101.938049316]],
