{
"lowlevel": {
    "average_loudness": 0.414950698614,
    "barkbands_crest": {
        "dmean": 2.10766649246,
        "dmean2": 3.4636759758,
        "dvar": 3.5520029068,
        "dvar2": 9.18971061707,
        "max": 25.9700317383,
        "mean": 13.956038475,
        "median": 13.6349840164,
        "min": 4.35445976257,
        "var": 12.659907341
    },
    "barkbands_flatness_db": {
        "dmean": 0.0212218891829,
        "dmean2": 0.0333402082324,
        "dvar": 0.00044609446195,
        "dvar2": 0.0010401426116,
        "max": 0.571002185345,
        "mean": 0.307695746422,
        "median": 0.301449477673,
        "min": 0.0346741043031,
        "var": 0.00737397745252
    },
    "barkbands_kurtosis": {
        "dmean": 7.89886283875,
        "dmean2": 12.7886505127,
        "dvar": 99.6148681641,
        "dvar2": 260.243499756,
        "max": 294.213104248,
        "mean": 27.2577953339,
        "median": 17.4515647888,
        "min": -1.57757759094,
        "var": 696.112609863
    },
    "barkbands_skewness": {
        "dmean": 0.631069600582,
        "dmean2": 1.01392626762,
        "dvar": 0.329965561628,
        "dvar2": 0.84368044138,
        "max": 14.0023145676,
        "mean": 3.34654116631,
        "median": 2.8873295784,
        "min": -2.31103539467,
        "var": 4.08257579803
    },
    "barkbands_spread": {
        "dmean": 0.699435889721,
        "dmean2": 1.10902094841,
        "dvar": 1.36498343945,
        "dvar2": 3.5389111042,
        "max": 60.6512947083,
        "mean": 3.06373167038,
        "median": 2.00394201279,
        "min": 0.193040981889,
        "var": 14.7618818283
    },
    "dissonance": {
        "dmean": 0.0459424071014,
        "dmean2": 0.0777455344796,
        "dvar": 0.00144812255166,
        "dvar2": 0.00404628412798,
        "max": 0.500000119209,
        "mean": 0.384552210569,
        "median": 0.391057610512,
        "min": 0.144663080573,
        "var": 0.00354538182728
    },
    "dynamic_complexity": 5.92005348206,
    "erbbands_crest": {
        "dmean": 2.67248916626,
        "dmean2": 4.36431932449,
        "dvar": 5.35035610199,
        "dvar2": 14.2459096909,
        "max": 30.3061122894,
        "mean": 13.8300590515,
        "median": 13.0296974182,
        "min": 2.7458384037,
        "var": 21.7120933533
    },
    "erbbands_flatness_db": {
        "dmean": 0.018266312778,
        "dmean2": 0.0289848484099,
        "dvar": 0.000339617603458,
        "dvar2": 0.000804661016446,
        "max": 0.529669284821,
        "mean": 0.301955223083,
        "median": 0.296415627003,
        "min": 0.0804786235094,
        "var": 0.00623360509053
    },
    "erbbands_kurtosis": {
        "dmean": 3.38203835487,
        "dmean2": 5.38862037659,
        "dvar": 15.3715143204,
        "dvar2": 38.8977203369,
        "max": 82.1643447876,
        "mean": 9.82147884369,
        "median": 6.92508602142,
        "min": -1.48009133339,
        "var": 93.7902908325
    },
    "erbbands_skewness": {
        "dmean": 0.443648785353,
        "dmean2": 0.698701441288,
        "dvar": 0.143883854151,
        "dvar2": 0.358448892832,
        "max": 8.09913635254,
        "mean": 2.11894774437,
        "median": 1.94449138641,
        "min": -1.01356363297,
        "var": 1.56030392647
    },
    "erbbands_spread": {
        "dmean": 2.25873565674,
        "dmean2": 3.62647151947,
        "dvar": 7.80929422379,
        "dvar2": 19.6970252991,
        "max": 67.1035614014,
        "mean": 10.0397205353,
        "median": 7.94897460938,
        "min": 0.702790558338,
        "var": 53.6958847046
    },
    "hfc": {
        "dmean": 1.48956394196,
        "dmean2": 2.3295378685,
        "dvar": 3.30125665665,
        "dvar2": 8.1890001297,
        "max": 40.0836791992,
        "mean": 7.37748861313,
        "median": 6.35504722595,
        "min": 1.10701647552e-16,
        "var": 36.5573692322
    },
    "melbands_crest": {
        "dmean": 2.80934143066,
        "dmean2": 4.56314611435,
        "dvar": 5.69151878357,
        "dvar2": 14.8249797821,
        "max": 32.6371574402,
        "mean": 17.2160892487,
        "median": 16.7827606201,
        "min": 1.59856617451,
        "var": 25.4363574982
    },
    "melbands_flatness_db": {
        "dmean": 0.0206108894199,
        "dmean2": 0.0320518761873,
        "dvar": 0.000466245779535,
        "dvar2": 0.00110398430843,
        "max": 0.658515870571,
        "mean": 0.387901067734,
        "median": 0.38290527463,
        "min": 0.00316482642666,
        "var": 0.0092779668048
    },
    "melbands_kurtosis": {
        "dmean": 7.88517284393,
        "dmean2": 12.6450557709,
        "dvar": 125.817970276,
        "dvar2": 321.495544434,
        "max": 276.054046631,
        "mean": 24.3087825775,
        "median": 12.9127292633,
        "min": -1.36293554306,
        "var": 877.477416992
    },
    "melbands_skewness": {
        "dmean": 0.613078415394,
        "dmean2": 0.983346045017,
        "dvar": 0.318815201521,
        "dvar2": 0.805676162243,
        "max": 12.2872924805,
        "mean": 2.65019631386,
        "median": 2.2771730423,
        "min": -1.21867883205,
        "var": 2.96965146065
    },
    "melbands_spread": {
        "dmean": 0.953377604485,
        "dmean2": 1.54447257519,
        "dvar": 5.12619066238,
        "dvar2": 12.8088502884,
        "max": 155.80027771,
        "mean": 4.85921478271,
        "median": 2.7044506073,
        "min": 0.384602159262,
        "var": 156.711349487
    },
    "pitch_salience": {
        "dmean": 0.0672970935702,
        "dmean2": 0.109394952655,
        "dvar": 0.00316457031295,
        "dvar2": 0.0083095645532,
        "max": 0.840817391872,
        "mean": 0.583912193775,
        "median": 0.597002387047,
        "min": 0.104838185012,
        "var": 0.011317672208
    },
    "silence_rate_20dB": {
        "dmean": 0,
        "dmean2": 0,
        "dvar": 0,
        "dvar2": 0,
        "max": 1,
        "mean": 1,
        "median": 1,
        "min": 1,
        "var": 0
    },
    "silence_rate_30dB": {
        "dmean": 0.00123098562472,
        "dmean2": 0.00246218778193,
        "dvar": 0.00122967304196,
        "dvar2": 0.00298408139497,
        "max": 1,
        "mean": 0.998593270779,
        "median": 1,
        "min": 0,
        "var": 0.00140466762241
    },
    "silence_rate_60dB": {
        "dmean": 0.0123098567128,
        "dmean2": 0.0246218778193,
        "dvar": 0.0121590802446,
        "dvar2": 0.0285898149014,
        "max": 1,
        "mean": 0.164234220982,
        "median": 0,
        "min": 0,
        "var": 0.137263163924
    },
    "spectral_centroid": {
        "dmean": 33.7187652588,
        "dmean2": 52.4920959473,
        "dvar": 12261.3984375,
        "dvar2": 18553.1230469,
        "max": 11509.8339844,
        "mean": 460.033660889,
        "median": 367.451721191,
        "min": 235.289733887,
        "var": 509967.125
    },
    "spectral_complexity": {
        "dmean": 1.07746422291,
        "dmean2": 1.84540975094,
        "dvar": 1.07699549198,
        "dvar2": 2.85555386543,
        "max": 18,
        "mean": 7.05530166626,
        "median": 7,
        "min": 0,
        "var": 9.35556221008
    },
    "spectral_decrease": {
        "dmean": 1.12874443126e-09,
        "dmean2": 1.76088121862e-09,
        "dvar": 2.06107600613e-18,
        "dvar2": 5.08213564498e-18,
        "max": 1.6680894527e-28,
        "mean": -5.53068968401e-09,
        "median": -4.55361437446e-09,
        "min": -3.45923645284e-08,
        "var": 2.32250544611e-17
    },
    "spectral_energy": {
        "dmean": 0.00439091818407,
        "dmean2": 0.00685103377327,
        "dvar": 3.10882860504e-05,
        "dvar2": 7.66891607782e-05,
        "max": 0.134139880538,
        "mean": 0.0215433090925,
        "median": 0.0177700556815,
        "min": 1.01209191095e-20,
        "var": 0.000350499671185
    },
    "spectral_energyband_high": {
        "dmean": 6.82776044414e-06,
        "dmean2": 1.02088733911e-05,
        "dvar": 3.64100277706e-10,
        "dvar2": 6.68206545651e-10,
        "max": 0.00115871313028,
        "mean": 3.0065590181e-05,
        "median": 4.83965595777e-06,
        "min": 7.17167933685e-21,
        "var": 3.84756093652e-09
    },
    "spectral_energyband_low": {
        "dmean": 6.01769097557e-05,
        "dmean2": 9.11009119591e-05,
        "dvar": 5.8817601456e-08,
        "dvar2": 1.08694820256e-07,
        "max": 0.0146214263514,
        "mean": 0.000121160162962,
        "median": 3.69061890524e-05,
        "min": 1.42651358322e-23,
        "var": 2.96055674198e-07
    },
    "spectral_energyband_middle_high": {
        "dmean": 0.000108891101263,
        "dmean2": 0.000163371732924,
        "dvar": 4.12550811291e-08,
        "dvar2": 9.43177980162e-08,
        "max": 0.00574746495113,
        "mean": 0.00036085996544,
        "median": 0.000225691153901,
        "min": 1.25630357743e-21,
        "var": 2.01507916131e-07
    },
    "spectral_energyband_middle_low": {
        "dmean": 0.00437370315194,
        "dmean2": 0.00682865222916,
        "dvar": 3.10859177262e-05,
        "dvar2": 7.66876619309e-05,
        "max": 0.133926600218,
        "mean": 0.0210945289582,
        "median": 0.0171670857817,
        "min": 1.39992064034e-22,
        "var": 0.000345366483089
    },
    "spectral_entropy": {
        "dmean": 0.162392556667,
        "dmean2": 0.255746632814,
        "dvar": 0.0278182309121,
        "dvar2": 0.06806614995,
        "max": 9.81507492065,
        "mean": 5.89224338531,
        "median": 5.84496450424,
        "min": 3.9930896759,
        "var": 0.483702421188
    },
    "spectral_flux": {
        "dmean": 0.0114540364593,
        "dmean2": 0.0194358397275,
        "dvar": 0.000141921249451,
        "dvar2": 0.000401471595978,
        "max": 0.165662690997,
        "mean": 0.0436657220125,
        "median": 0.0432528331876,
        "min": 6.54126267041e-11,
        "var": 0.00058184255613
    },
    "spectral_kurtosis": {
        "dmean": 12.9587974548,
        "dmean2": 22.1503219604,
        "dvar": 361.241851807,
        "dvar2": 1019.80224609,
        "max": 279.314025879,
        "mean": 43.7844467163,
        "median": 23.0935554504,
        "min": -1.23662149906,
        "var": 2110.85473633
    },
    "spectral_rms": {
        "dmean": 0.000437301554484,
        "dmean2": 0.000680527475197,
        "dvar": 2.01673614697e-07,
        "dvar2": 4.98974600305e-07,
        "max": 0.0114397630095,
        "mean": 0.00404304359108,
        "median": 0.00416372902691,
        "min": 3.14230282419e-12,
        "var": 4.67164545626e-06
    },
    "spectral_rolloff": {
        "dmean": 64.6692962646,
        "dmean2": 111.194129944,
        "dvar": 64417.3203125,
        "dvar2": 161131.046875,
        "max": 19422.9492188,
        "mean": 655.122131348,
        "median": 409.130859375,
        "min": 215.33203125,
        "var": 3074675.25
    },
    "spectral_skewness": {
        "dmean": 0.726777911186,
        "dmean2": 1.23955571651,
        "dvar": 0.791706502438,
        "dvar2": 2.24726247787,
        "max": 13.5359754562,
        "mean": 4.70296955109,
        "median": 3.96066999435,
        "min": -0.0520140752196,
        "var": 5.93966150284
    },
    "spectral_spread": {
        "dmean": 334165.28125,
        "dmean2": 559034.1875,
        "dvar": 247893114880,
        "dvar2": 468576141312,
        "max": 42108700,
        "mean": 2679583,
        "median": 2271407,
        "min": 321818.0625,
        "var": 7.93639439565e+12
    },
    "spectral_strongpeak": {
        "dmean": 0.240728855133,
        "dmean2": 0.391625463963,
        "dvar": 0.105555348098,
        "dvar2": 0.271661579609,
        "max": 7.46047258377,
        "mean": 0.991703510284,
        "median": 0.913282036781,
        "min": 0,
        "var": 0.458973348141
    },
    "zerocrossingrate": {
        "dmean": 0.00258883950301,
        "dmean2": 0.00356288161129,
        "dvar": 2.22996732191e-05,
        "dvar2": 3.13124874083e-05,
        "max": 0.5283203125,
        "mean": 0.0268904138356,
        "median": 0.01904296875,
        "min": 0.0087890625,
        "var": 0.00226769782603
    },
    "barkbands": {
        "dmean": [1.4769379959e-05, 2.62093799392e-05, 3.22758824041e-05, 5.3470779676e-05, 0.00245381030254, 0.00240930984728, 0.000869535026141, 0.000381664693123, 0.000363898812793, 7.57531961426e-05, 4.24061036028e-05, 3.90287350456e-05, 1.70753555722e-05, 6.22004336037e-06, 6.08612344877e-06, 2.70525856649e-06, 6.03127864451e-06, 3.311390401e-06, 4.14626947531e-06, 2.40410872721e-06, 2.74393005384e-06, 3.06015544993e-06, 2.49334470936e-06, 9.39693165947e-07, 8.25785548386e-07, 8.56437793573e-07, 3.06417661022e-07],
        "dmean2": [2.6279118174e-05, 4.14898495364e-05, 4.84534830321e-05, 8.82108070073e-05, 0.0038026117254, 0.00385775137693, 0.00140824308619, 0.000646406610031, 0.00054040516261, 0.000107254163595, 6.52877206448e-05, 6.08087757428e-05, 2.7635060178e-05, 9.91545675788e-06, 9.48357137531e-06, 4.55362442153e-06, 9.95087793854e-06, 5.36901961823e-06, 6.51527307127e-06, 3.82533380616e-06, 4.27038912676e-06, 4.70837721878e-06, 4.39012274001e-06, 1.54045847012e-06, 1.13921805678e-06, 8.81311905232e-07, 3.62700802725e-07],
        "dvar": [7.68216490421e-10, 7.88275489327e-09, 3.09863175119e-08, 1.54671475627e-08, 1.41201062434e-05, 1.13652595246e-05, 1.51952099259e-06, 3.2617629131e-07, 1.06046604742e-06, 1.60343276434e-08, 1.95955038862e-08, 8.52097770121e-09, 2.29837726629e-09, 2.46104497892e-10, 1.59589591542e-10, 3.92427826346e-11, 1.82682369232e-10, 9.9345205673e-11, 3.45759421094e-10, 1.23170210142e-10, 1.03322600475e-10, 1.51626391998e-10, 6.12954270673e-11, 5.29124530649e-12, 1.89884948043e-11, 2.81532436253e-11, 4.42970399944e-12],
        "dvar2": [2.24435869889e-09, 1.26449037907e-08, 5.72626248641e-08, 4.13889829076e-08, 3.33900024998e-05, 3.11986550514e-05, 3.5079360714e-06, 8.83367022197e-07, 2.18702234633e-06, 3.26537161754e-08, 4.26832968969e-08, 1.77387047273e-08, 5.27006349671e-09, 5.26100274456e-10, 3.37032041164e-10, 1.05484551649e-10, 4.59886295712e-10, 2.0249867061e-10, 5.76388214935e-10, 1.76681905217e-10, 1.8573660665e-10, 2.35049563146e-10, 1.87035595345e-10, 1.38143576439e-11, 2.46287781835e-11, 2.88397881965e-11, 5.29429061355e-12],
        "max": [0.000524822913576, 0.0126603934914, 0.00859502330422, 0.00624624965712, 0.0721442699432, 0.0728525146842, 0.0405791327357, 0.00953484512866, 0.0323976203799, 0.00522806961089, 0.00493144476786, 0.00519000319764, 0.00228300504386, 0.000491071725264, 0.000556641723961, 0.00014146004105, 0.000358287710696, 0.000668381340802, 0.00143801828381, 0.00115699379239, 0.000658828823362, 0.00105712597724, 0.000227600816288, 9.80785480351e-05, 0.000400297576562, 0.000419486255851, 0.00015965939383],
        "mean": [1.3852036318e-05, 4.76799468743e-05, 5.48676798644e-05, 0.000148322142195, 0.00954836979508, 0.00794517155737, 0.00193778029643, 0.000645070511382, 0.000737802416552, 0.000208601850318, 7.41319454391e-05, 7.18636001693e-05, 2.85987844109e-05, 1.07852874862e-05, 1.12909665404e-05, 4.32825436292e-06, 9.81844277703e-06, 5.45579950995e-06, 6.67849963065e-06, 4.87098532176e-06, 5.82109578318e-06, 6.67876111038e-06, 4.8123911256e-06, 2.88046567221e-06, 2.78249649455e-06, 3.77693072551e-06, 1.21092341487e-06],
        "median": [4.74298485642e-06, 1.1236611499e-05, 7.78206231189e-06, 1.98366033146e-05, 0.00632889475673, 0.0051654628478, 0.00113869190682, 0.000379364413675, 0.000155450805323, 0.000115994444059, 1.2032351151e-05, 2.61303030129e-05, 7.69251710153e-06, 4.2768970161e-06, 4.17557566834e-06, 1.62290768912e-06, 2.92415120384e-06, 1.2548102859e-06, 1.55442558025e-06, 9.21767309592e-07, 1.14065119305e-06, 9.65065510172e-07, 7.48987929455e-07, 4.39658379037e-07, 2.13577919794e-07, 9.07131010308e-08, 2.93924635741e-08],
        "min": [2.81784911738e-25, 1.61208833856e-24, 4.00833587274e-25, 1.92092067764e-24, 7.28179042264e-24, 1.05046201198e-23, 4.96148189325e-24, 1.25954880605e-23, 7.31004505369e-24, 1.35875169364e-23, 2.47380106114e-23, 2.26641584005e-23, 3.80303436856e-23, 3.28849984313e-23, 3.60771240843e-23, 5.53227584852e-23, 7.68768428638e-23, 1.12712610221e-22, 1.28864833867e-22, 2.02850722394e-22, 2.24094203836e-22, 3.09870596779e-22, 4.71888414593e-22, 5.53845938205e-22, 8.48692963034e-22, 1.26571891633e-21, 2.08639971892e-21],
        "var": [6.80351941451e-10, 1.15610518492e-07, 8.84750690489e-08, 1.98713379973e-07, 0.000106398547359, 7.52344276407e-05, 8.16389729152e-06, 6.69650944474e-07, 3.65997925655e-06, 8.35895122009e-08, 5.0993847367e-08, 2.60056669532e-08, 7.21854442887e-09, 5.41850120328e-10, 5.27263899208e-10, 6.45057618431e-11, 3.67346181251e-10, 2.39263303614e-10, 6.69077737658e-10, 3.58704177472e-10, 3.63655744406e-10, 7.04176605915e-10, 1.23132240515e-10, 3.15338206935e-11, 1.87920609629e-10, 4.88125206921e-10, 5.62530196035e-11]
    },
    "erbbands": {
        "dmean": [0.000634793075733, 0.00692431069911, 0.035409130156, 0.114377520978, 2.89142227173, 9.10616970062, 20.0941162109, 20.0969696045, 16.9489421844, 11.9328861237, 5.00638341904, 10.5958499908, 3.4715461731, 1.95525467396, 1.35764062405, 1.53194701672, 0.837479829788, 0.37087598443, 0.326905250549, 0.185165300965, 0.214787274599, 0.211218968034, 0.159901112318, 0.217826336622, 0.197962135077, 0.124984115362, 0.0952996984124, 0.125082299113, 0.0891426801682, 0.0657318383455, 0.0979943275452, 0.0253249593079, 0.0129452515393, 0.0088088363409, 0.00540318526328, 0.00443056318909, 0.00203354447149, 0.000442376214778, 4.14859314333e-05, 5.22535538039e-06],
        "dmean2": [0.00110019440763, 0.0105903977528, 0.0523306317627, 0.180172815919, 4.34486484528, 13.9055585861, 30.562707901, 34.3053894043, 26.6327362061, 20.2459392548, 8.02914047241, 15.6980838776, 5.03071451187, 2.86297011375, 2.07177877426, 2.39857268333, 1.3577837944, 0.594972133636, 0.501835346222, 0.301848679781, 0.360712200403, 0.347679316998, 0.25382399559, 0.365719228983, 0.300391674042, 0.203064680099, 0.144036501646, 0.205415308475, 0.132720440626, 0.112272076309, 0.173339739442, 0.0422928370535, 0.0209277905524, 0.0130721861497, 0.00707143545151, 0.0045949392952, 0.00225199572742, 0.000510220823344, 5.063426579e-05, 7.92266473582e-06],
        "dvar": [1.27546661588e-06, 0.000753767497372, 0.0385798960924, 0.0375878289342, 16.8531799316, 240.617950439, 984.66607666, 930.916625977, 579.560668945, 285.326904297, 62.6431312561, 925.887084961, 43.6269340515, 13.8170719147, 19.5800094604, 9.78481006622, 5.22838830948, 0.782572627068, 0.455866515636, 0.180325299501, 0.230764091015, 0.207137942314, 0.335483014584, 0.369447678328, 1.54140388966, 0.149716168642, 0.264163464308, 0.146956548095, 0.234812408686, 0.0570789203048, 0.107034988701, 0.00387172750197, 0.00098903325852, 0.00109065696597, 0.000863920664415, 0.00101715326309, 0.000197480389033, 9.54397819442e-06, 8.68887184424e-08, 5.72377353847e-11],
        "dvar2": [3.07754771711e-06, 0.00123720988631, 0.071714155376, 0.0935924872756, 41.301525116, 565.746398926, 2145.93334961, 2979.02709961, 1324.51123047, 771.680236816, 148.349502563, 1897.8359375, 93.8515319824, 29.5480804443, 40.0921936035, 22.4521827698, 12.0699033737, 1.72930502892, 0.938583493233, 0.440417617559, 0.616598546505, 0.518987178802, 0.579338312149, 0.959492981434, 2.35220932961, 0.327721506357, 0.395591765642, 0.359369635582, 0.243806898594, 0.14675283432, 0.330298751593, 0.0104704331607, 0.00263778027147, 0.0018657053588, 0.000935192219913, 0.000868928793352, 0.000221579684876, 1.09086176963e-05, 1.31666027414e-07, 1.18897364176e-10],
        "max": [0.114855036139, 3.49638342857, 9.29496860504, 10.0587520599, 166.714355469, 315.241760254, 1052.11413574, 563.933837891, 683.629089355, 230.601745605, 274.74899292, 980.679016113, 211.764556885, 87.1284866333, 144.573181152, 100.983856201, 106.938102722, 26.9516811371, 28.3634223938, 15.627538681, 10.7825183868, 15.1247911453, 47.8245353699, 20.7123680115, 101.342056274, 21.6985607147, 35.0271720886, 17.2983169556, 56.1969337463, 12.5607280731, 8.87666702271, 2.71354985237, 0.925314486027, 2.34250736237, 2.66940402985, 2.43579506874, 1.04165840149, 0.207873895764, 0.0249938908964, 0.000440523144789],
        "mean": [0.00087954220362, 0.0134266298264, 0.0704242363572, 0.442776352167, 12.9645500183, 32.5368156433, 69.1805038452, 49.7031440735, 39.8186454773, 19.9019126892, 11.4251947403, 21.4346885681, 8.96868038177, 4.49351978302, 2.81929254532, 2.93293714523, 1.49415028095, 0.706421077251, 0.608044266701, 0.372621774673, 0.369337022305, 0.378450125456, 0.306408256292, 0.364872902632, 0.336510300636, 0.255380421877, 0.21443490684, 0.259305864573, 0.218937799335, 0.1498349756, 0.169551774859, 0.0715660303831, 0.0402149111032, 0.027193499729, 0.0195325277746, 0.0176969021559, 0.00846069399267, 0.00186624960043, 0.000184353426448, 2.75395068456e-05],
        "median": [0.0003975519503, 0.00269291666336, 0.0158087238669, 0.228225588799, 7.23438310623, 20.0323143005, 30.7312927246, 31.7719078064, 22.0502052307, 12.4288311005, 7.44637537003, 5.19474983215, 4.17519712448, 2.28040456772, 0.794527173042, 1.2789106369, 0.507635951042, 0.298683464527, 0.276603221893, 0.140971928835, 0.140183627605, 0.128299713135, 0.0787815749645, 0.0916077792645, 0.0692046061158, 0.0481411889195, 0.0408670529723, 0.0458657518029, 0.0332400724292, 0.0253843963146, 0.0225122272968, 0.0116870999336, 0.00572856049985, 0.00279717030935, 0.00126126990654, 0.000480157759739, 0.000160949799465, 3.98609627155e-05, 1.88060021173e-05, 2.22839153139e-05],
        "min": [7.95932696138e-23, 2.09645692553e-22, 1.02149787944e-21, 7.21565238746e-21, 1.50211685622e-20, 3.28404532609e-20, 3.82850303698e-20, 8.6156231009e-20, 1.21900585821e-19, 2.13201033672e-19, 2.90294072892e-19, 3.14411195735e-19, 4.57511425454e-19, 9.6880510036e-19, 9.09071803389e-19, 1.15220861975e-18, 1.64227508238e-18, 1.75763761972e-18, 2.46022642725e-18, 3.45207222998e-18, 3.27933086189e-18, 5.160801762e-18, 5.84336101139e-18, 6.05844865017e-18, 8.79444117042e-18, 9.92604410073e-18, 1.01413484608e-17, 1.12737702999e-17, 9.66226199365e-18, 1.0261043977e-17, 1.16872927774e-17, 1.04333365996e-17, 9.46987053651e-18, 8.84527472778e-18, 6.72223007247e-18, 4.78345809658e-18, 2.46254398053e-18, 9.39139301667e-19, 2.73231042915e-19, 2.81484651067e-20],
        "var": [9.57475549512e-06, 0.00933270249516, 0.122159004211, 0.530445158482, 269.498626709, 1399.76135254, 9701.00195312, 3251.94067383, 3295.38061523, 556.981811523, 185.527557373, 3060.75219727, 206.194366455, 46.134929657, 56.6320724487, 28.3205356598, 16.1977615356, 1.78724265099, 1.21723151207, 0.560870587826, 0.427358180285, 0.459216028452, 0.977067768574, 0.669376969337, 3.10204672813, 0.414913028479, 0.832347631454, 0.450484275818, 1.47486054897, 0.138177275658, 0.179714605212, 0.0197591818869, 0.00610209209844, 0.00509687839076, 0.0104152802378, 0.013657219708, 0.00280699087307, 0.000118214498798, 9.73001647253e-07, 7.84988685165e-10]
    },
    "gfcc": {
        "mean": [-178.814712524, 146.421340942, -92.9531478882, -23.5457344055, -90.7826156616, -33.6682472229, -48.0513839722, -22.864490509, -25.6207828522, -13.1104516983, -10.865281105, -1.55568170547, -4.48293685913],
        "cov": [[24412.0078125, 406.372772217, 340.254852295, 1708.82727051, -1458.66638184, -494.146575928, -965.365661621, -306.914428711, -453.83215332, 76.1370544434, 57.2311820984, 359.893463135, 198.917434692], [406.372772217, 3056.21142578, -321.860137939, -584.252746582, 293.933746338, -407.884185791, 326.505157471, -453.858886719, 205.759613037, -293.862030029, 278.417327881, -242.372375488, 264.985412598], [340.254852295, -321.860137939, 691.444396973, 219.142120361, -9.31047344208, -13.4855775833, -105.962623596, 24.5246315002, -50.182559967, 55.0427017212, -26.3965759277, 51.1550865173, -37.035320282], [1708.82727051, -584.252746582, 219.142120361, 586.073059082, -129.971359253, 86.1354370117, -88.3073196411, 63.9581756592, -51.1712837219, 55.679145813, 6.3916554451, 43.6271362305, -28.0827121735], [-1458.66638184, 293.933746338, -9.31047344208, -129.971359253, 291.281280518, 26.4144248962, 115.558792114, -21.3117446899, 49.9778251648, -29.7576007843, 9.8021364212, -36.0360679626, 11.626871109], [-494.146575928, -407.884185791, -13.4855775833, 86.1354370117, 26.4144248962, 253.296035767, 48.4254493713, 90.7965164185, -27.5699138641, 43.0210952759, -51.1561813354, 14.4536371231, -54.8378410339], [-965.365661621, 326.505157471, -105.962623596, -88.3073196411, 115.558792114, 48.4254493713, 204.540863037, -2.42557024956, 39.8396568298, -34.4014434814, 39.1110610962, -52.3459854126, 30.4123039246], [-306.914428711, -453.858886719, 24.5246315002, 63.9581756592, -21.3117446899, 90.7965164185, -2.42557024956, 168.199401855, -7.11965417862, 46.2729644775, -59.9496841431, 35.970905304, -46.7460975647], [-453.83215332, 205.759613037, -50.182559967, -51.1712837219, 49.9778251648, -27.5699138641, 39.8396568298, -7.11965417862, 99.1798019409, 1.00223624706, 40.4353370667, -17.405790329, 28.4411716461], [76.1370544434, -293.862030029, 55.0427017212, 55.679145813, -29.7576007843, 43.0210952759, -34.4014434814, 46.2729644775, 1.00223624706, 107.538345337, 7.6715760231, 37.4232521057, -26.4733657837], [57.2311820984, 278.417327881, -26.3965759277, 6.3916554451, 9.8021364212, -51.1561813354, 39.1110610962, -59.9496841431, 40.4353370667, 7.6715760231, 122.928100586, -3.57137203217, 41.7647399902], [359.893463135, -242.372375488, 51.1550865173, 43.6271362305, -36.0360679626, 14.4536371231, -52.3459854126, 35.970905304, -17.405790329, 37.4232521057, -3.57137203217, 79.9779968262, -5.40754985809], [198.917434692, 264.985412598, -37.035320282, -28.0827121735, 11.626871109, -54.8378410339, 30.4123039246, -46.7460975647, 28.4411716461, -26.4733657837, 41.7647399902, -5.40754985809, 87.7959060669]],
        "icov": [[0.00016480103659, -0.000437015522039, 0.000165291508893, -0.000637461431324, 0.000517041946296, 3.01380241581e-05, 0.000451036583399, -5.31884143129e-05, 0.00061240332434, -0.000553196761757, 0.000641204009298, -0.000866439193487, -0.000146349120769], [-0.000437015522039, 0.00259481254034, -0.000565776717849, 0.00232608243823, -0.0015339438105, 0.000669655273668, -0.00213606283069, 0.00181721011177, -0.00250409077853, 0.00312843732536, -0.00301188905723, 0.00371225224808, -0.000591331918258], [0.000165291508893, -0.000565776717849, 0.00211864802986, -0.00147616793402, -0.000256096507655, 0.000694179499988, 0.0009310952737, -3.86251995224e-05, 0.00133605662268, -0.00150059245061, 0.00123367691413, -0.00155326502863, 0.000311261683237], [-0.000637461431324, 0.00232608243823, -0.00147616793402, 0.00539005594328, -0.00122434168588, -0.00119115866255, -0.000999889685772, -0.000143478246173, -0.00207276828587, 0.00323853874579, -0.00493064289913, 0.00477494671941, -0.00049919571029], [0.000517041946296, -0.0015339438105, -0.000256096507655, -0.00122434168588, 0.00703929224983, -0.000790263176896, -0.00121055846103, 0.000903414154891, -0.000428103405284, -0.00122414086945, 0.00312402984127, -0.00337412906811, 0.000508803757839], [3.01380241581e-05, 0.000669655273668, 0.000694179499988, -0.00119115866255, -0.000790263176896, 0.00775411212817, -0.00396822066978, 4.30627223977e-05, 0.00092943519121, -0.00184735970106, 0.00230323476717, -0.000959220749792, 0.0021549530793], [0.000451036583399, -0.00213606283069, 0.0009310952737, -0.000999889685772, -0.00121055846103, -0.00396822066978, 0.0132881309837, -0.00504708988592, 0.00302903959528, -0.000125180042232, -0.0030846837908, 0.00293041695841, -0.00348152709194], [-5.31884143129e-05, 0.00181721011177, -3.86251995224e-05, -0.000143478246173, 0.000903414154891, 4.30627223977e-05, -0.00504708988592, 0.0141255501658, -0.00493131717667, -0.000772793660872, 0.00507041346282, -0.00372580555268, 0.00247316504829], [0.00061240332434, -0.00250409077853, 0.00133605662268, -0.00207276828587, -0.000428103405284, 0.00092943519121, 0.00302903959528, -0.00493131717667, 0.0183478984982, -0.00521752983332, -0.00161497865338, -0.000118038231449, -0.00372275291011], [-0.000553196761757, 0.00312843732536, -0.00150059245061, 0.00323853874579, -0.00122414086945, -0.00184735970106, -0.000125180042232, -0.000772793660872, -0.00521752983332, 0.018925037235, -0.00857516843826, 0.000999059644528, 0.00239163916558], [0.000641204009298, -0.00301188905723, 0.00123367691413, -0.00493064289913, 0.00312402984127, 0.00230323476717, -0.0030846837908, 0.00507041346282, -0.00161497865338, -0.00857516843826, 0.0204836204648, -0.00891101360321, -0.000981384771876], [-0.000866439193487, 0.00371225224808, -0.00155326502863, 0.00477494671941, -0.00337412906811, -0.000959220749792, 0.00293041695841, -0.00372580555268, -0.000118038231449, 0.000999059644528, -0.00891101360321, 0.0270399879664, -0.00527634844184], [-0.000146349120769, -0.000591331918258, 0.000311261683237, -0.00049919571029, 0.000508803757839, 0.0021549530793, -0.00348152709194, 0.00247316504829, -0.00372275291011, 0.00239163916558, -0.000981384771876, -0.00527634844184, 0.0193484332412]]
    },
    "melbands": {
        "dmean": [6.43897283226e-06, 1.49017669173e-05, 6.03382504778e-05, 0.0004512075393, 0.000635752163362, 0.000451200263342, 0.00023925100686, 0.000122476572869, 3.8025653339e-05, 6.56564589008e-05, 1.54990975716e-05, 8.04414867162e-06, 5.18899605595e-06, 4.93072184327e-06, 2.28033991334e-06, 1.36903781822e-06, 7.48036711684e-07, 5.05756247549e-07, 3.42220090488e-07, 2.24307726171e-07, 3.29668012e-07, 2.63330605321e-07, 2.2686069201e-07, 1.32718525947e-07, 1.92521397935e-07, 1.7659287721e-07, 9.73564553419e-08, 8.31433908388e-08, 6.44743423095e-08, 5.98053162548e-08, 1.05455995936e-07, 6.71644571071e-08, 4.50143531339e-08, 3.42680515075e-08, 8.07282845017e-08, 1.89945588147e-08, 1.66743561181e-08, 9.59766133235e-09, 1.22534737912e-08, 7.93536525379e-09],
        "dmean2": [1.06641564344e-05, 2.19732301048e-05, 9.55671566771e-05, 0.000664688705001, 0.000982250436209, 0.000753994798288, 0.000375155883376, 0.000208302910323, 5.99184713792e-05, 9.73403293756e-05, 2.24532268476e-05, 1.17568561109e-05, 7.98231485533e-06, 7.62973559176e-06, 3.62821128874e-06, 2.23565393753e-06, 1.19682522381e-06, 7.82442668879e-07, 5.41522751973e-07, 3.71353905848e-07, 5.52355288619e-07, 4.3615591494e-07, 3.65477745845e-07, 2.16593292635e-07, 3.26015310748e-07, 2.72718608585e-07, 1.4977911178e-07, 1.38745093636e-07, 9.41627078532e-08, 9.76354783688e-08, 1.75562149707e-07, 9.75456515562e-08, 7.68798926742e-08, 5.86734074659e-08, 1.42466959119e-07, 3.19944604144e-08, 2.81753607112e-08, 1.5375075435e-08, 2.02561896145e-08, 1.15121538968e-08],
        "dvar": [2.59289228977e-10, 5.90939741585e-09, 9.97400118052e-09, 4.67568980866e-07, 1.00361046407e-06, 4.32728967326e-07, 1.13616955844e-07, 3.09249799102e-08, 4.41385727967e-09, 3.84450196123e-08, 7.91181953286e-10, 2.25322413505e-10, 3.14723025419e-10, 1.39908737373e-10, 2.79003226772e-11, 1.32703969341e-11, 3.73925976987e-12, 1.04136426045e-12, 5.88444278114e-13, 2.78765021049e-13, 6.16201425822e-13, 3.48787459418e-13, 4.24317373772e-13, 1.52699521864e-13, 3.13842999982e-13, 1.12867527824e-12, 4.27861847514e-13, 5.45927269591e-14, 2.4138842509e-13, 2.99278525952e-14, 1.19035776245e-13, 1.8253627776e-13, 1.88925006824e-14, 1.52769354648e-14, 7.44478941385e-14, 2.59893636898e-15, 1.62199768438e-15, 6.18020755184e-16, 1.09710576652e-15, 1.20086391443e-15],
        "dvar2": [4.45841114027e-10, 1.09270228421e-08, 2.44235707214e-08, 1.09608924959e-06, 2.26404267778e-06, 1.32621983084e-06, 2.57131375747e-07, 8.42424441316e-08, 9.92211379724e-09, 7.84707907542e-08, 1.73882575005e-09, 4.75880335138e-10, 6.74307054638e-10, 2.87422946554e-10, 6.37967872974e-11, 3.29893716511e-11, 8.05902133222e-12, 2.16101810925e-12, 1.25076988697e-12, 7.21524619565e-13, 1.62167241441e-12, 8.9545455469e-13, 9.00701551104e-13, 2.97590782312e-13, 8.31118485665e-13, 1.69890674879e-12, 5.16114657522e-13, 1.39724562758e-13, 3.48871268246e-13, 6.8720433532e-14, 2.97168702406e-13, 1.69039085572e-13, 5.36570875893e-14, 3.85062566956e-14, 2.27366004713e-13, 7.14044285261e-15, 4.65436854165e-15, 1.61019692724e-15, 3.08266799131e-15, 1.92070861779e-15],
        "max": [0.00235882820562, 0.0036811477039, 0.00634197797626, 0.0175996739417, 0.0296882260591, 0.0128606902435, 0.00961535982788, 0.00229006330483, 0.00233277212828, 0.00650061899796, 0.00103021319956, 0.000320291845128, 0.000651356182061, 0.000675903400406, 0.000239862711169, 0.000124962985865, 6.16659526713e-05, 4.15898975916e-05, 3.97258663725e-05, 1.20943932416e-05, 1.88118592632e-05, 1.31520127979e-05, 3.0407891245e-05, 2.91908581858e-05, 1.98300258489e-05, 8.25049210107e-05, 6.96843053447e-05, 9.69208667811e-06, 3.3324391552e-05, 9.91454180621e-06, 1.58648599609e-05, 5.01646536577e-05, 3.98930797019e-06, 6.4814344114e-06, 8.14813574834e-06, 2.02371097657e-06, 1.24573261928e-06, 7.3477508522e-07, 1.09152472305e-06, 2.5540543902e-06],
        "mean": [1.0899470908e-05, 2.81640932371e-05, 0.000226809148444, 0.00186060904525, 0.0021098437719, 0.00121403229423, 0.00056360673625, 0.00019490676641, 8.63276509335e-05, 0.000131162203616, 3.92359361285e-05, 1.73021799128e-05, 9.76589490165e-06, 9.22242907109e-06, 4.46078456662e-06, 2.23505730901e-06, 1.27356656776e-06, 9.01985515611e-07, 6.60001092001e-07, 3.87181728456e-07, 5.0596344181e-07, 4.32391345839e-07, 3.6736625475e-07, 2.31678711771e-07, 2.95366845648e-07, 2.60246110884e-07, 1.85017682952e-07, 1.5663800923e-07, 1.29783217062e-07, 1.19173947155e-07, 1.80900826763e-07, 1.44830991644e-07, 8.86672779643e-08, 6.83320067196e-08, 1.23031483668e-07, 4.50971029409e-08, 4.0927098155e-08, 2.73387286143e-08, 2.64946464767e-08, 2.16708571088e-08],
        "median": [3.82677080779e-06, 4.16111834056e-06, 9.85109436442e-05, 0.00109254638664, 0.00105659267865, 0.000805534771644, 0.000313754077069, 0.000117465060612, 5.35221770406e-05, 2.73074783763e-05, 1.83063311852e-05, 8.2894366642e-06, 2.03394893106e-06, 3.22354003401e-06, 1.96906148631e-06, 6.31535385764e-07, 4.70187842438e-07, 4.0599391582e-07, 2.26762907118e-07, 1.18988126019e-07, 1.51022135242e-07, 1.28554589196e-07, 7.79439659482e-08, 5.70328921867e-08, 5.81857690918e-08, 4.38758611665e-08, 3.5869117454e-08, 2.72069158314e-08, 1.95167881856e-08, 2.51354457248e-08, 2.66875428423e-08, 1.88126598744e-08, 1.54011878806e-08, 1.16741052381e-08, 1.38194407029e-08, 7.71459163218e-09, 5.93827653717e-09, 3.8108334266e-09, 3.10270986681e-09, 2.01387218013e-09],
        "min": [7.46768569217e-25, 2.04102549002e-25, 1.34387987091e-24, 1.7562877733e-24, 1.46140811566e-24, 2.06572260489e-24, 1.77494433371e-24, 3.53276328603e-24, 1.68171576586e-24, 1.39189665092e-24, 1.98924609001e-24, 3.76236598566e-24, 2.86511026725e-24, 3.6446174515e-24, 3.83535297433e-24, 2.72462005649e-24, 2.79527280574e-24, 3.13411420251e-24, 3.65234434407e-24, 3.55039314397e-24, 3.19877417269e-24, 5.16971671754e-24, 4.06599697036e-24, 4.04056251705e-24, 3.83719575341e-24, 3.64429125752e-24, 6.31986014013e-24, 5.64057635338e-24, 5.75173671569e-24, 4.36432523205e-24, 5.67349788554e-24, 4.43621057647e-24, 3.65756502554e-24, 4.18927108073e-24, 6.22054846862e-24, 6.21984401584e-24, 4.78887833833e-24, 5.24253212897e-24, 6.28090224433e-24, 6.34019184668e-24],
        "var": [3.87145293601e-09, 2.49013183407e-08, 1.95089555177e-07, 5.05021125718e-06, 7.99651115813e-06, 1.76649541572e-06, 6.72198666507e-07, 5.57637491738e-08, 1.33910385003e-08, 1.29191221276e-07, 3.77316045075e-09, 7.22807369513e-10, 8.369993032e-10, 4.37449076962e-10, 1.05006274509e-10, 3.12763079324e-11, 8.14152131129e-12, 2.60072497392e-12, 2.25233135094e-12, 6.27053801678e-13, 1.05016451264e-12, 6.51075059751e-13, 1.02974334788e-12, 4.09510289177e-13, 5.22951148531e-13, 2.25253951776e-12, 1.17252182356e-12, 1.24337755261e-13, 6.57830723488e-13, 9.61929781705e-14, 2.58251943051e-13, 1.08971273845e-12, 4.88395978662e-14, 3.13344727769e-14, 1.11625145975e-13, 9.10681713416e-15, 6.75811123846e-15, 3.30056996985e-15, 3.1963800469e-15, 4.67770133473e-15]
    },
    "mfcc": {
        "mean": [-816.263305664, 178.343490601, 30.5067920685, -0.974335730076, -26.5549583435, -23.3291988373, -27.6098194122, -19.0683898926, -21.7773704529, -17.9328575134, -13.2119140625, -9.56887626648, -8.92412185669],
        "cov": [[10441.6914062, 1626.71911621, 320.517425537, 891.910949707, -310.647949219, 16.6356334686, -369.191894531, -132.874130249, -348.9269104, -237.982254028, -206.692016602, -107.940536499, -150.82208252], [1626.71911621, 3142.80908203, 139.073379517, -237.037857056, -72.6466217041, -157.642623901, -78.9178695679, -169.535232544, -148.74168396, -133.24786377, -139.224395752, -120.637046814, -48.3992195129], [320.517425537, 139.073379517, 432.821990967, 163.949951172, 44.5222091675, -23.1250457764, -56.5104980469, -60.5077590942, -66.6327285767, -30.3557052612, 24.3216991425, -5.30500125885, -35.7607383728], [891.910949707, -237.037857056, 163.949951172, 408.312927246, 34.9474716187, 43.8321762085, 5.90382289886, 15.685634613, -28.0150794983, 6.30543708801, 16.5697860718, 24.1858978271, -12.1538591385], [-310.647949219, -72.6466217041, 44.5222091675, 34.9474716187, 179.350616455, 34.6248664856, 11.0854225159, 9.48694515228, 21.6723861694, 6.1438369751, 23.9963912964, 5.18813276291, 0.259000957012], [16.6356334686, -157.642623901, -23.1250457764, 43.8321762085, 34.6248664856, 148.733139038, 81.6433944702, 37.6502227783, 22.2647132874, 28.0382823944, 17.4409751892, 20.1491622925, 17.1863861084], [-369.191894531, -78.9178695679, -56.5104980469, 5.90382289886, 11.0854225159, 81.6433944702, 157.147949219, 62.4967536926, 45.4893836975, 38.9579963684, 12.8034677505, 18.7673816681, 29.1521778107], [-132.874130249, -169.535232544, -60.5077590942, 15.685634613, 9.48694515228, 37.6502227783, 62.4967536926, 110.357887268, 53.8664588928, 30.5434474945, 9.22434711456, 9.15665626526, 13.3491859436], [-348.9269104, -148.74168396, -66.6327285767, -28.0150794983, 21.6723861694, 22.2647132874, 45.4893836975, 53.8664588928, 109.542984009, 38.692691803, 8.23695087433, 9.92869663239, 13.1313266754], [-237.982254028, -133.24786377, -30.3557052612, 6.30543708801, 6.1438369751, 28.0382823944, 38.9579963684, 30.5434474945, 38.692691803, 85.2683029175, 30.2469387054, 12.65325737, 14.5319576263], [-206.692016602, -139.224395752, 24.3216991425, 16.5697860718, 23.9963912964, 17.4409751892, 12.8034677505, 9.22434711456, 8.23695087433, 30.2469387054, 71.8245162964, 26.6560001373, 8.23928928375], [-107.940536499, -120.637046814, -5.30500125885, 24.1858978271, 5.18813276291, 20.1491622925, 18.7673816681, 9.15665626526, 9.92869663239, 12.65325737, 26.6560001373, 72.2797698975, 28.7616882324], [-150.82208252, -48.3992195129, -35.7607383728, -12.1538591385, 0.259000957012, 17.1863861084, 29.1521778107, 13.3491859436, 13.1313266754, 14.5319576263, 8.23928928375, 28.7616882324, 65.2531890869]],
