{
"lowlevel": {
    "average_loudness": 0.868871629238,
    "barkbands_crest": {
        "dmean": 2.02752828598,
        "dmean2": 3.37228560448,
        "dvar": 4.83529138565,
        "dvar2": 13.5742778778,
        "max": 25.0613212585,
        "mean": 9.35716533661,
        "median": 8.65690422058,
        "min": 2.94224524498,
        "var": 12.2247257233
    },
    "barkbands_flatness_db": {
        "dmean": 0.0211422238499,
        "dmean2": 0.0315442420542,
        "dvar": 0.000653254101053,
        "dvar2": 0.00138768169563,
        "max": 0.513680279255,
        "mean": 0.171512469649,
        "median": 0.150951251388,
        "min": 0.0303770136088,
        "var": 0.00717572495341
    },
    "barkbands_kurtosis": {
        "dmean": 3.15800142288,
        "dmean2": 5.15869045258,
        "dvar": 108.778045654,
        "dvar2": 276.534118652,
        "max": 491.427093506,
        "mean": 6.07580471039,
        "median": 2.95796775818,
        "min": -1.78179204464,
        "var": 389.663330078
    },
    "barkbands_skewness": {
        "dmean": 0.456436604261,
        "dmean2": 0.719008505344,
        "dvar": 0.397330522537,
        "dvar2": 0.936453938484,
        "max": 16.6183719635,
        "mean": 1.88041329384,
        "median": 1.74207127094,
        "min": -2.12246417999,
        "var": 1.37440049648
    },
    "barkbands_spread": {
        "dmean": 3.75053262711,
        "dmean2": 5.86562585831,
        "dvar": 23.6698322296,
        "dvar2": 53.3388137817,
        "max": 101.134414673,
        "mean": 17.3803081512,
        "median": 15.9246044159,
        "min": 0.363001555204,
        "var": 103.907318115
    },
    "dissonance": {
        "dmean": 0.0182501934469,
        "dmean2": 0.0303104650229,
        "dvar": 0.000382580183214,
        "dvar2": 0.00101701496169,
        "max": 0.500000059605,
        "mean": 0.45627489686,
        "median": 0.465433567762,
        "min": 0.165645033121,
        "var": 0.00131801259704
    },
    "dynamic_complexity": 3.15601420403,
    "erbbands_crest": {
        "dmean": 1.76601815224,
        "dmean2": 2.73832559586,
        "dvar": 3.10950422287,
        "dvar2": 7.20443630219,
        "max": 31.6367511749,
        "mean": 8.31323623657,
        "median": 7.28918361664,
        "min": 1.78307747841,
        "var": 16.965171814
    },
    "erbbands_flatness_db": {
        "dmean": 0.0159667618573,
        "dmean2": 0.0211686901748,
        "dvar": 0.000496485561598,
        "dvar2": 0.000819875742309,
        "max": 0.428577214479,
        "mean": 0.174470543861,
        "median": 0.153595268726,
        "min": 0.0250305030495,
        "var": 0.00577601976693
    },
    "erbbands_kurtosis": {
        "dmean": 0.695151865482,
        "dmean2": 1.08531022072,
        "dvar": 6.84207773209,
        "dvar2": 18.465297699,
        "max": 158.43977356,
        "mean": 0.589023947716,
        "median": -0.54528427124,
        "min": -1.73367905617,
        "var": 65.9852752686
    },
    "erbbands_skewness": {
        "dmean": 0.241638794541,
        "dmean2": 0.367274641991,
        "dvar": 0.0682294592261,
        "dvar2": 0.1602909863,
        "max": 10.4459266663,
        "mean": 0.332617819309,
        "median": 0.264005213976,
        "min": -2.49694061279,
        "var": 0.688453018665
    },
    "erbbands_spread": {
        "dmean": 6.36602115631,
        "dmean2": 9.68071460724,
        "dvar": 74.8339691162,
        "dvar2": 163.7762146,
        "max": 131.202148438,
        "mean": 39.3171844482,
        "median": 37.2026481628,
        "min": 1.59516596794,
        "var": 316.1925354
    },
    "hfc": {
        "dmean": 4.24509525299,
        "dmean2": 6.45925951004,
        "dvar": 58.9185180664,
        "dvar2": 144.479431152,
        "max": 120.248931885,
        "mean": 18.3903484344,
        "median": 13.7507190704,
        "min": 1.11804153578e-16,
        "var": 258.988098145
    },
    "melbands_crest": {
        "dmean": 2.65644192696,
        "dmean2": 4.35553312302,
        "dvar": 6.97146844864,
        "dvar2": 18.0500659943,
        "max": 35.4939956665,
        "mean": 13.9587049484,
        "median": 13.2695207596,
        "min": 1.60200202465,
        "var": 20.032989502
    },
    "melbands_flatness_db": {
        "dmean": 0.0258597545326,
        "dmean2": 0.0386766195297,
        "dvar": 0.00101067638025,
        "dvar2": 0.00215262849815,
        "max": 0.671749472618,
        "mean": 0.254167824984,
        "median": 0.235691055655,
        "min": 0.00340172625147,
        "var": 0.0103696836159
    },
    "melbands_kurtosis": {
        "dmean": 6.96923923492,
        "dmean2": 11.3143177032,
        "dvar": 410.593688965,
        "dvar2": 940.532531738,
        "max": 1223.79272461,
        "mean": 15.7772884369,
        "median": 9.98680686951,
        "min": -1.61860370636,
        "var": 609.206237793
    },
    "melbands_skewness": {
        "dmean": 0.636762559414,
        "dmean2": 0.993763923645,
        "dvar": 0.823105454445,
        "dvar2": 1.89599812031,
        "max": 24.178981781,
        "mean": 2.97298383713,
        "median": 2.76722335815,
        "min": -1.10758829117,
        "var": 2.44213366508
    },
    "melbands_spread": {
        "dmean": 3.90986037254,
        "dmean2": 6.16820526123,
        "dvar": 30.4926338196,
        "dvar2": 68.4781036377,
        "max": 161.595611572,
        "mean": 16.2481460571,
        "median": 14.0432825089,
        "min": 0.219010189176,
        "var": 149.060165405
    },
    "pitch_salience": {
        "dmean": 0.062162142247,
        "dmean2": 0.102653250098,
        "dvar": 0.00381259247661,
        "dvar2": 0.0103520536795,
        "max": 0.935266196728,
        "mean": 0.546218216419,
        "median": 0.55349946022,
        "min": 0.0284851789474,
        "var": 0.0107004763559
    },
    "silence_rate_20dB": {
        "dmean": 0,
        "dmean2": 0,
        "dvar": 0,
        "dvar2": 0,
        "max": 1,
        "mean": 1,
        "median": 1,
        "min": 1,
        "var": 0
    },
    "silence_rate_30dB": {
        "dmean": 0.0310209654272,
        "dmean2": 0.0620472170413,
        "dvar": 0.0300636254251,
        "dvar2": 0.0842740610242,
        "max": 1,
        "mean": 0.981593549252,
        "median": 1,
        "min": 0,
        "var": 0.0180654972792
    },
    "silence_rate_60dB": {
        "dmean": 0.00698823947459,
        "dmean2": 0.0139776701108,
        "dvar": 0.00693941069767,
        "dvar2": 0.0163420792669,
        "max": 1,
        "mean": 0.0524073280394,
        "median": 0,
        "min": 0,
        "var": 0.0496606789529
    },
    "spectral_centroid": {
        "dmean": 180.958969116,
        "dmean2": 284.256256104,
        "dvar": 65140.1796875,
        "dvar2": 131600.34375,
        "max": 11577.9433594,
        "mean": 1049.60314941,
        "median": 938.695068359,
        "min": 140.598220825,
        "var": 594964.3125
    },
    "spectral_complexity": {
        "dmean": 2.96386575699,
        "dmean2": 4.63905239105,
        "dvar": 13.738699913,
        "dvar2": 29.7687263489,
        "max": 58,
        "mean": 18.7805709839,
        "median": 17,
        "min": 0,
        "var": 93.8573150635
    },
    "spectral_decrease": {
        "dmean": 2.56574894664e-09,
        "dmean2": 4.11375333798e-09,
        "dvar": 2.4907731733e-17,
        "dvar2": 6.00774065882e-17,
        "max": 8.98526426726e-20,
        "mean": -8.36721270048e-09,
        "median": -7.37271088624e-09,
        "min": -5.11337212572e-08,
        "var": 3.78074479496e-17
    },
    "spectral_energy": {
        "dmean": 0.00993143301457,
        "dmean2": 0.0158711913973,
        "dvar": 0.000365339801647,
        "dvar2": 0.000880111241713,
        "max": 0.196298256516,
        "mean": 0.0332478769124,
        "median": 0.0292796511203,
        "min": 1.0412075376e-20,
        "var": 0.000578229373787
    },
    "spectral_energyband_high": {
        "dmean": 0.000293121702271,
        "dmean2": 0.000467811914859,
        "dvar": 4.84002441681e-07,
        "dvar2": 1.17505783237e-06,
        "max": 0.0158624835312,
        "mean": 0.000675210612826,
        "median": 0.00020430512086,
        "min": 7.39898598424e-21,
        "var": 1.29944953642e-06
    },
    "spectral_energyband_low": {
        "dmean": 0.00786885246634,
        "dmean2": 0.01283462625,
        "dvar": 0.000354155898094,
        "dvar2": 0.00087071955204,
        "max": 0.18113912642,
        "mean": 0.0155545128509,
        "median": 0.0122183952481,
        "min": 2.364856688e-23,
        "var": 0.000389221298974
    },
    "spectral_energyband_middle_high": {
        "dmean": 0.00116268871352,
        "dmean2": 0.00175749568734,
        "dvar": 3.53583777724e-06,
        "dvar2": 7.94482639321e-06,
        "max": 0.0548641271889,
        "mean": 0.00480062002316,
        "median": 0.00319393002428,
        "min": 1.23438934965e-21,
        "var": 2.3999979021e-05
    },
    "spectral_energyband_middle_low": {
        "dmean": 0.00433852570131,
        "dmean2": 0.00712615158409,
        "dvar": 3.94408380089e-05,
        "dvar2": 0.000103618833236,
        "max": 0.0903301164508,
        "mean": 0.0146762738004,
        "median": 0.0130366394296,
        "min": 1.59639370631e-22,
        "var": 9.62789490586e-05
    },
    "spectral_entropy": {
        "dmean": 0.164750635624,
        "dmean2": 0.237515375018,
        "dvar": 0.0456997901201,
        "dvar2": 0.0850885137916,
        "max": 9.8197593689,
        "mean": 7.22712373734,
        "median": 7.33464813232,
        "min": 4.41461277008,
        "var": 0.488236814737
    },
    "spectral_flux": {
        "dmean": 0.0239802598953,
        "dmean2": 0.0380402170122,
        "dvar": 0.00127477163915,
        "dvar2": 0.00286110676825,
        "max": 0.402098417282,
        "mean": 0.0741014406085,
        "median": 0.0603847131133,
        "min": 6.47655123975e-11,
        "var": 0.00294438237324
    },
    "spectral_kurtosis": {
        "dmean": 4.59439229965,
        "dmean2": 7.78094577789,
        "dvar": 88.1140289307,
        "dvar2": 230.083648682,
        "max": 228.86340332,
        "mean": 10.3504962921,
        "median": 4.71348762512,
        "min": -1.24646317959,
        "var": 354.865966797
    },
    "spectral_rms": {
        "dmean": 0.000728572777007,
        "dmean2": 0.00114120182116,
        "dvar": 1.24655832678e-06,
        "dvar2": 2.84147404273e-06,
        "max": 0.0138387316838,
        "mean": 0.005334361922,
        "median": 0.0053446716629,
        "min": 3.18718098788e-12,
        "var": 3.98162728743e-06
    },
    "spectral_rolloff": {
        "dmean": 274.495727539,
        "dmean2": 458.552581787,
        "dvar": 306899.90625,
        "dvar2": 614551.625,
        "max": 19401.4160156,
        "mean": 995.816162109,
        "median": 732.12890625,
        "min": 64.599609375,
        "var": 1766586
    },
    "spectral_skewness": {
        "dmean": 0.389593064785,
        "dmean2": 0.644650816917,
        "dvar": 0.340554445982,
        "dvar2": 0.878894865513,
        "max": 13.0031738281,
        "mean": 1.96263492107,
        "median": 1.62812185287,
        "min": -0.0686468183994,
        "var": 1.5620765686
    },
    "spectral_spread": {
        "dmean": 453781.9375,
        "dmean2": 652409.6875,
        "dvar": 637266558976,
        "dvar2": 1.15357555098e+12,
        "max": 42870156,
        "mean": 4013594.5,
        "median": 3982202.75,
        "min": 446318.875,
        "var": 7.77156139418e+12
    },
    "spectral_strongpeak": {
        "dmean": 0.32004493475,
        "dmean2": 0.562445580959,
        "dvar": 0.384868294001,
        "dvar2": 0.973312020302,
        "max": 15.2586984634,
        "mean": 0.685492396355,
        "median": 0.46900805831,
        "min": 0,
        "var": 0.684150516987
    },
    "zerocrossingrate": {
        "dmean": 0.0070406710729,
        "dmean2": 0.00869476050138,
        "dvar": 9.89963227767e-05,
        "dvar2": 0.000132884582854,
        "max": 0.5234375,
        "mean": 0.0462075099349,
        "median": 0.0400390625,
        "min": 0.00146484375,
        "var": 0.00142440141644
    },
    "barkbands": {
        "dmean": [0.000120726792375, 0.00488803721964, 0.00337259704247, 0.00220129755326, 0.0023999477271, 0.000755356450099, 0.000533819955308, 0.00058993807761, 0.000417648232542, 0.000386077328585, 0.000322070060065, 0.000265733484412, 0.000193741158, 0.000181555253221, 0.000213173043448, 0.000177114532562, 0.000180794435437, 0.000104992774141, 0.000126034545247, 0.000131428038003, 9.01172461454e-05, 7.03513069311e-05, 5.33571692358e-05, 3.25254004565e-05, 1.98727739189e-05, 1.9206025172e-05, 9.87620387605e-06],
        "dmean2": [0.000190462509636, 0.00832455046475, 0.00562992040068, 0.00365100824274, 0.00404860964045, 0.00125443225261, 0.000849023577757, 0.000896558631212, 0.000642111699563, 0.000567649491131, 0.000490874692332, 0.00040820450522, 0.000313954456942, 0.000284515001113, 0.000336001015967, 0.000281838467345, 0.00028222129913, 0.000166220997926, 0.000202947980142, 0.000209546051337, 0.000151172702317, 0.000117281881103, 8.85269255377e-05, 5.16569380125e-05, 2.96288708341e-05, 2.84993566311e-05, 1.40740557981e-05],
        "dvar": [1.421003617e-07, 0.000204953015782, 5.50907243451e-05, 1.52528027684e-05, 1.09791089926e-05, 1.3450149936e-06, 1.39158089496e-06, 1.59978537795e-06, 1.03531567675e-06, 6.14508792296e-07, 8.92636649041e-07, 4.98460224208e-07, 2.60511313854e-07, 1.61429682066e-07, 1.81415231282e-07, 9.1694062121e-08, 1.23089648696e-07, 3.9000287444e-08, 6.0693835735e-08, 8.30967508136e-08, 5.51340129107e-08, 3.63687320259e-08, 1.73624794542e-08, 9.47413880681e-09, 3.41547234939e-09, 4.24376445096e-09, 1.58915636206e-09],
        "dvar2": [3.40333599524e-07, 0.00054448377341, 0.000151661297423, 4.07846127928e-05, 3.03302294924e-05, 3.80505525754e-06, 3.78715685656e-06, 3.63255458069e-06, 2.36565165324e-06, 1.25363521875e-06, 1.69920497228e-06, 1.06745221728e-06, 6.66370794988e-07, 3.80897091645e-07, 4.45502109869e-07, 2.37408272596e-07, 2.79071826981e-07, 8.80191635133e-08, 1.48689835555e-07, 1.84505651646e-07, 1.39303864444e-07, 9.29014021267e-08, 4.37188063529e-08, 2.03353582862e-08, 6.56578258429e-09, 1.0218603741e-08, 3.43866024544e-09],
        "max": [0.00385634670965, 0.128781452775, 0.107270166278, 0.0658269971609, 0.0514337904751, 0.0268293004483, 0.037996571511, 0.0353309176862, 0.0420247167349, 0.0245927944779, 0.0367830395699, 0.0431433171034, 0.017448766157, 0.0114094195887, 0.0141887338832, 0.00918069668114, 0.00932267028838, 0.00455350149423, 0.00515890540555, 0.0104484213516, 0.00751193752512, 0.00479244161397, 0.00346087361686, 0.00518637849018, 0.00365856522694, 0.00226735766046, 0.00126189552248],
        "mean": [0.000132971297717, 0.00674365926534, 0.00651453994215, 0.00379878631793, 0.00478605274111, 0.00178892805707, 0.00131416134536, 0.0015337393852, 0.00095288263401, 0.00109151529614, 0.000678597192746, 0.000570749689359, 0.000378245749744, 0.00039835300413, 0.000474359840155, 0.000401723897085, 0.000391247071093, 0.000203136325581, 0.000270670803729, 0.000265017471975, 0.000162287367857, 0.000125698366901, 0.000108197782538, 7.31345862732e-05, 4.3782798457e-05, 3.18523816532e-05, 1.34744377647e-05],
        "median": [1.04160562842e-05, 0.00411587394774, 0.00524159986526, 0.00240326626226, 0.00348215550184, 0.00124538352247, 0.000716584734619, 0.00060974911321, 0.000325498898746, 0.000422515702667, 0.000161642965395, 0.000236133244471, 0.000163924181834, 0.000175536144525, 0.000229845856666, 0.000220354966586, 0.00018293618632, 9.77220770437e-05, 9.25444473978e-05, 7.8844379459e-05, 4.3402738811e-05, 2.80161639239e-05, 2.49144668487e-05, 1.80961760634e-05, 8.2013402789e-06, 3.64079119208e-06, 5.54298821953e-07],
        "min": [9.51958587629e-25, 4.17718928153e-24, 1.4457311815e-24, 3.60863632232e-25, 6.73581347925e-24, 8.57116463957e-24, 1.94789652571e-23, 8.50932110004e-24, 2.91901317235e-23, 1.46538123333e-23, 1.80663567673e-23, 2.95419699981e-23, 3.46773724495e-23, 2.78779026284e-23, 3.76472191875e-23, 7.1686276947e-23, 6.59806732115e-23, 9.42026327905e-23, 1.37095985257e-22, 1.53906813096e-22, 1.51630589664e-22, 3.45730850379e-22, 4.36237051361e-22, 4.7266263424e-22, 8.75952057925e-22, 1.36587532218e-21, 2.02583721377e-21],
        "var": [1.72000952148e-07, 0.00017032471078, 6.07178117207e-05, 2.20372439799e-05, 2.0261226382e-05, 3.21188349517e-06, 3.38720019499e-06, 7.88998477219e-06, 3.74655633095e-06, 4.09854101235e-06, 4.01244778914e-06, 1.47847947574e-06, 6.11930545347e-07, 4.71632944254e-07, 5.72124065457e-07, 2.74175192772e-07, 3.5856672298e-07, 9.45963023469e-08, 2.09330508483e-07, 2.66238600943e-07, 1.06782756859e-07, 6.77948150951e-08, 4.06784650409e-08, 2.35969483953e-08, 1.0078148982e-08, 6.10845329874e-09, 2.45249687225e-09]
    },
    "erbbands": {
        "dmean": [0.11043638736, 1.21358537674, 3.56544494629, 5.66864919662, 7.5272231102, 9.33477878571, 6.52661991119, 6.08457136154, 6.98875141144, 9.94615459442, 13.3107690811, 9.13300800323, 11.9501647949, 11.0290241241, 12.0697669983, 11.5421142578, 8.26230239868, 9.91967010498, 9.13820457458, 11.1889781952, 9.26595592499, 8.24436569214, 5.84067344666, 6.49074602127, 6.3672208786, 6.51777267456, 4.55307292938, 3.03835105896, 2.56917738914, 2.05231666565, 1.40489256382, 0.811427414417, 0.509351909161, 0.28060567379, 0.121985889971, 0.0737748667598, 0.0371297113597, 0.0114337084815, 0.00171274412423, 9.52657865128e-05],
        "dmean2": [0.193901866674, 2.04334139824, 5.9026517868, 9.4461812973, 12.4696779251, 16.0389785767, 10.5261678696, 10.3949546814, 11.6311016083, 15.5985269547, 19.6460590363, 14.1250982285, 17.8080444336, 16.3562736511, 18.3085670471, 17.7168540955, 13.3713626862, 15.5755519867, 14.5385408401, 17.6599025726, 14.6297912598, 12.9227581024, 9.02703475952, 10.1966924667, 10.2450456619, 10.445476532, 7.72691392899, 5.09069347382, 4.28061294556, 3.43225741386, 2.34140706062, 1.3347222805, 0.793303787708, 0.426611542702, 0.185052767396, 0.110053390265, 0.0560977086425, 0.0168980658054, 0.00245340983383, 0.000137415758218],
        "dvar": [0.162235721946, 11.263551712, 66.6011505127, 102.554763794, 166.682739258, 176.636047363, 100.987373352, 106.612770081, 223.607467651, 496.422058105, 869.931213379, 559.495544434, 696.347900391, 626.967956543, 1194.22851562, 1015.6817627, 351.874420166, 589.327148438, 370.114196777, 473.768157959, 278.596588135, 263.035308838, 132.540771484, 150.180099487, 174.084701538, 247.64630127, 130.911773682, 75.0690078735, 44.9693832397, 36.379699707, 11.3748521805, 5.38630914688, 2.33392381668, 0.770702958107, 0.156142428517, 0.0439629927278, 0.0185246933252, 0.0022922239732, 4.59606053482e-05, 1.24217010011e-07],
        "dvar2": [0.448067933321, 29.6621379852, 175.829925537, 279.432006836, 443.272613525, 504.050537109, 264.965637207, 311.968200684, 619.168518066, 1253.31896973, 1846.73046875, 1358.30822754, 1389.38391113, 1276.22509766, 2229.57421875, 2220.55493164, 888.666137695, 1471.2791748, 914.399475098, 1123.51831055, 726.007263184, 613.719848633, 290.547119141, 349.727081299, 424.242706299, 519.409912109, 351.346405029, 187.252380371, 113.943717957, 94.4569168091, 28.3611526489, 13.0254249573, 4.55756044388, 1.47475218773, 0.367319017649, 0.100657142699, 0.0452526696026, 0.00552253052592, 9.83418794931e-05, 2.65785587317e-07],
        "max": [3.43060803413, 31.9377117157, 99.2215957642, 138.40234375, 196.362243652, 162.403930664, 205.253890991, 195.901519775, 461.912078857, 589.311340332, 958.159240723, 709.116882324, 922.579650879, 946.566345215, 1309.75268555, 2126.13330078, 604.21270752, 889.986877441, 662.329040527, 756.070495605, 627.724731445, 471.986236572, 284.620391846, 335.296142578, 362.594238281, 716.288635254, 322.361358643, 276.177032471, 168.9193573, 200.600967407, 89.4411087036, 110.816383362, 77.4619216919, 60.2755432129, 22.2621364594, 8.04966831207, 4.34933900833, 1.92232060432, 0.1534281075, 0.0073813307099],
        "mean": [0.133822649717, 1.76227915287, 6.72270536423, 11.4756565094, 14.0894784927, 16.582321167, 14.5548143387, 13.5231714249, 16.6013889313, 24.5408287048, 36.6731185913, 22.7825202942, 34.5358772278, 29.0540790558, 27.9719905853, 25.9492778778, 18.5124340057, 23.3355751038, 20.8073558807, 25.3909168243, 22.5875377655, 18.7081718445, 12.7683944702, 13.9136142731, 13.5903129578, 13.2176084518, 7.96683883667, 5.48795366287, 4.70205116272, 3.74127244949, 2.85315465927, 1.67966604233, 1.17457687855, 0.620041549206, 0.249149277806, 0.137713491917, 0.055943954736, 0.0159827116877, 0.00236854888499, 0.000154583191033],
        "median": [0.0568538121879, 1.08666908741, 4.8592839241, 9.09225749969, 8.9158039093, 11.1592874527, 9.81459522247, 9.20843887329, 9.21832275391, 11.1936101913, 14.3257598877, 9.36274814606, 11.9897356033, 13.125576973, 8.33997058868, 11.614613533, 9.11900043488, 9.9631652832, 10.8521614075, 11.9961280823, 12.9289140701, 9.67773532867, 6.67164134979, 6.13820838928, 4.62136316299, 3.8734805584, 2.28992772102, 1.34780216217, 1.07587146759, 0.796685218811, 0.658766210079, 0.40723502636, 0.283410131931, 0.123554520309, 0.0447258464992, 0.0191293768585, 0.00528876017779, 0.00106384826358, 0.000127720457385, 4.553630788e-05],
        "min": [7.76770949205e-23, 8.94107117368e-22, 2.3350914893e-21, 6.62287771606e-21, 1.49655923648e-20, 2.83533409423e-20, 4.5401533367e-20, 8.83844810958e-20, 7.64427007746e-20, 2.38582463308e-19, 3.36462771041e-19, 4.62021731141e-19, 4.63863965763e-19, 8.45470868366e-19, 1.36292285123e-18, 1.47756150214e-18, 1.6201733334e-18, 2.48632046006e-18, 2.41780881223e-18, 2.5019473494e-18, 3.74541094791e-18, 4.28601731879e-18, 4.82032305494e-18, 7.35298630882e-18, 6.50896719412e-18, 8.35107484363e-18, 7.69805628187e-18, 7.85081503431e-18, 1.34309043091e-17, 1.27407974502e-17, 1.18059179219e-17, 8.55674585832e-18, 9.68476047913e-18, 8.74930357875e-18, 7.38558136085e-18, 4.21191310284e-18, 2.32897044163e-18, 8.45399007051e-19, 2.46877688984e-19, 2.85606757016e-20],
        "var": [0.118617318571, 9.86198043823, 75.635307312, 144.715942383, 267.735870361, 297.473175049, 268.448181152, 214.928710938, 478.778625488, 1598.54663086, 5099.19335938, 1564.75195312, 4944.23339844, 2841.65820312, 5513.7109375, 2805.98413086, 907.764648438, 1913.55725098, 1152.00695801, 1648.66162109, 860.725769043, 700.355712891, 329.069152832, 483.009033203, 601.494995117, 757.615661621, 232.374862671, 133.127792358, 87.3122329712, 63.7183761597, 27.8892707825, 11.2089920044, 6.63911771774, 2.19296956062, 0.313676923513, 0.0879654288292, 0.0238379053771, 0.00283705559559, 7.38131566322e-05, 1.97016575498e-07]
    },
    "gfcc": {
        "mean": [-27.9429321289, 127.463562012, -111.988998413, 26.5423297882, -40.4534339905, -0.0707270950079, -29.8039684296, 0.948051035404, -20.4610843658, -6.06953334808, -14.7920389175, -7.52643823624, -9.02899742126],
        "cov": [[21647.9453125, -3068.63671875, -1032.54650879, 840.717163086, -1432.78283691, 1342.02172852, -580.235534668, 543.233398438, -382.349884033, 339.043029785, -596.170532227, 111.082878113, -656.414245605], [-3068.63671875, 3976.61425781, -817.891662598, -457.434814453, 934.383483887, -880.471618652, 397.344696045, -270.173828125, 299.892242432, -350.235290527, 328.001647949, -299.494720459, 356.837249756], [-1032.54650879, -817.891662598, 1367.0489502, 211.63973999, -63.3081817627, 354.087493896, -83.3491210938, 15.4808292389, -30.0903511047, 125.202827454, -59.7328872681, 91.1979751587, -85.948097229], [840.717163086, -457.434814453, 211.63973999, 400.978149414, -113.433166504, 235.259368896, -12.6072788239, 57.9433631897, -10.7230710983, 30.9655170441, -27.7113437653, 33.0666236877, -38.9735107422], [-1432.78283691, 934.383483887, -63.3081817627, -113.433166504, 572.92175293, -248.116333008, 136.502304077, -49.0575675964, 97.1715087891, -63.2467765808, 75.9659500122, -57.8896141052, 97.8136520386], [1342.02172852, -880.471618652, 354.087493896, 235.259368896, -248.116333008, 487.53213501, -40.4710006714, 100.426185608, -48.409450531, 78.1082687378, -76.3228225708, 47.4781417847, -100.157600403], [-580.235534668, 397.344696045, -83.3491210938, -12.6072788239, 136.502304077, -40.4710006714, 202.037094116, 27.418056488, 38.9437637329, -54.0017051697, 42.4106025696, -21.9648609161, 50.5572319031], [543.233398438, -270.173828125, 15.4808292389, 57.9433631897, -49.0575675964, 100.426185608, 27.418056488, 130.931228638, 10.9484643936, 28.5312747955, -19.7089691162, 36.7321662903, -23.228811264], [-382.349884033, 299.892242432, -30.0903511047, -10.7230710983, 97.1715087891, -48.409450531, 38.9437637329, 10.9484643936, 117.935394287, 5.67192220688, 41.4302825928, -21.9867477417, 30.0143089294], [339.043029785, -350.235290527, 125.202827454, 30.9655170441, -63.2467765808, 78.1082687378, -54.0017051697, 28.5312747955, 5.67192220688, 127.988090515, -14.4096803665, 20.5891895294, -37.7512779236], [-596.170532227, 328.001647949, -59.7328872681, -27.7113437653, 75.9659500122, -76.3228225708, 42.4106025696, -19.7089691162, 41.4302825928, -14.4096803665, 98.6925582886, -5.16868877411, 35.6258850098], [111.082878113, -299.494720459, 91.1979751587, 33.0666236877, -57.8896141052, 47.4781417847, -21.9648609161, 36.7321662903, -21.9867477417, 20.5891895294, -5.16868877411, 95.7631454468, -3.97075414658], [-656.414245605, 356.837249756, -85.948097229, -38.9735107422, 97.8136520386, -100.157600403, 50.5572319031, -23.228811264, 30.0143089294, -37.7512779236, 35.6258850098, -3.97075414658, 97.4882888794]],
        "icov": [[0.000124097350636, -0.000195336309844, 0.000234005754464, -0.000183741780347, 8.95982666407e-05, -0.000312259828206, 0.000293189106742, -0.000313121941872, 0.000264084752416, -0.000332768307999, 0.000594796263613, -0.000328556227032, 0.000605148670729], [-0.000195336309844, 0.00161954667419, -0.000319341022987, 0.000542249239516, -0.000728863233235, 0.0011102987919, -0.00102316727862, 0.0011816881597, -0.00162101199385, 0.00207942049019, -0.00256302626804, 0.00267762690783, -0.00227388902567], [0.000234005754464, -0.000319341022987, 0.00155199738219, -0.000507124292199, -0.000306881294819, -0.0014065655414, 0.000578501902055, 0.000413090601796, 0.000272342964308, -0.00119582866319, 0.00135119690094, -0.00163371651433, 0.00146405759733], [-0.000183741780347, 0.000542249239516, -0.000507124292199, 0.00388302048668, -0.000160064097145, -0.0010646864539, -0.000450676248875, 0.000235999919823, -0.000991681125015, 0.00120716006495, -0.0014436005149, 0.00066381029319, -0.00143266527448], [8.95982666407e-05, -0.000728863233235, -0.000306881294819, -0.000160064097145, 0.0034321686253, 0.000785703887232, -0.000948092958424, -0.00039880888653, -0.000547723320778, -0.000740210700314, 0.00106838450301, -0.000316817895509, 0.000175517008756], [-0.000312259828206, 0.0011102987919, -0.0014065655414, -0.0010646864539, 0.000785703887232, 0.00613970821723, -0.00190124253277, -0.000853905279655, -0.000784778676461, 0.000925310188904, -0.00120479182806, 0.00240378384478, -0.000392138637835], [0.000293189106742, -0.00102316727862, 0.000578501902055, -0.000450676248875, -0.000948092958424, -0.00190124253277, 0.00927420519292, -0.00469599990174, 0.00134015257936, 0.0012680584332, -0.000395072129322, 0.000349640613422, -0.000644420448225], [-0.000313121941872, 0.0011816881597, 0.000413090601796, 0.000235999919823, -0.00039880888653, -0.000853905279655, -0.00469599990174, 0.0143945198506, -0.00472082290798, -0.000258855958236, 0.00064581312472, -0.00381000642665, 0.000374876457499], [0.000264084752416, -0.00162101199385, 0.000272342964308, -0.000991681125015, -0.000547723320778, -0.000784778676461, 0.00134015257936, -0.00472082290798, 0.0145083433017, -0.00434175692499, -0.00147172261495, 0.00106467434671, -8.82311869645e-05], [-0.000332768307999, 0.00207942049019, -0.00119582866319, 0.00120716006495, -0.000740210700314, 0.000925310188904, 0.0012680584332, -0.000258855958236, -0.00434175692499, 0.0138643532991, -0.00423062080517, 0.00284429499879, -0.00108215922955], [0.000594796263613, -0.00256302626804, 0.00135119690094, -0.0014436005149, 0.00106838450301, -0.00120479182806, -0.000395072129322, 0.00064581312472, -0.00147172261495, -0.00423062080517, 0.0196089446545, -0.00681727239862, 0.00342088076286], [-0.000328556227032, 0.00267762690783, -0.00163371651433, 0.00066381029319, -0.000316817895509, 0.00240378384478, 0.000349640613422, -0.00381000642665, 0.00106467434671, 0.00284429499879, -0.00681727239862, 0.019639743492, -0.00742495292798], [0.000605148670729, -0.00227388902567, 0.00146405759733, -0.00143266527448, 0.000175517008756, -0.000392138637835, -0.000644420448225, 0.000374876457499, -8.82311869645e-05, -0.00108215922955, 0.00342088076286, -0.00742495292798, 0.0212735161185]]
    },
    "melbands": {
        "dmean": [0.00118632311933, 0.00173082796391, 0.00098471401725, 0.000583768473007, 0.000258615269559, 0.000138287214213, 0.000108198422822, 0.000107597043097, 0.000103065562143, 5.73517572775e-05, 6.00976745773e-05, 4.47397687822e-05, 4.82067589473e-05, 2.89714098471e-05, 2.47484458669e-05, 1.91589515453e-05, 1.86541055882e-05, 1.4700896827e-05, 1.4296716472e-05, 1.50785690494e-05, 1.11926747195e-05, 9.21071841731e-06, 8.5771043814e-06, 5.53008976567e-06, 5.67759707337e-06, 4.69098858957e-06, 4.85164491693e-06, 4.44320221504e-06, 3.34390688295e-06, 2.08540268432e-06, 1.85209546544e-06, 1.6083877199e-06, 1.33460196139e-06, 1.2178019233e-06, 9.51768640789e-07, 5.87751742387e-07, 5.07520269366e-07, 3.84498662243e-07, 3.32770525802e-07, 2.29770748206e-07],
        "dmean2": [0.00205161632039, 0.00281835044734, 0.00162803544663, 0.000990521162748, 0.000422202982008, 0.000234194201767, 0.000178627698915, 0.000170198618434, 0.000151871878188, 8.88707654667e-05, 8.92836542334e-05, 6.63106402499e-05, 7.28853992769e-05, 4.46988997282e-05, 3.90070963476e-05, 3.06134461425e-05, 2.93078555842e-05, 2.33059417951e-05, 2.26609790843e-05, 2.384326217e-05, 1.77028832695e-05, 1.45800895552e-05, 1.32911818582e-05, 8.76995545696e-06, 8.96051460586e-06, 7.71644226916e-06, 7.66618632042e-06, 7.212946457e-06, 5.72191447645e-06, 3.5384664443e-06, 3.12059478347e-06, 2.7134665288e-06, 2.21239292841e-06, 2.05412493415e-06, 1.59646185693e-06, 9.86446138995e-07, 8.39793074192e-07, 6.07966285315e-07, 5.18909644143e-07, 3.5604466575e-07],
        "dvar": [1.49364268509e-05, 1.65737237694e-05, 2.83277745439e-06, 7.36839922411e-07, 1.28081694584e-07, 5.19551939249e-08, 5.43707123768e-08, 5.65719489032e-08, 5.03918009542e-08, 2.19081073283e-08, 1.76048118306e-08, 1.09656657088e-08, 2.14980495628e-08, 7.27871452e-09, 3.14300074855e-09, 2.51618370584e-09, 1.97355332077e-09, 9.00995777986e-10, 9.92069315586e-10, 6.93486990055e-10, 4.22409607292e-10, 3.09058112435e-10, 4.02358035778e-10, 1.06322742277e-10, 1.25122495698e-10, 9.99800381374e-11, 1.08978034929e-10, 1.16349777035e-10, 6.51704107346e-11, 3.46103597171e-11, 2.92861672413e-11, 1.83089550465e-11, 1.2536535178e-11, 1.27576829309e-11, 5.06589301758e-12, 2.36430666711e-12, 2.54551327933e-12, 1.38654745237e-12, 1.4138510241e-12, 4.44431519581e-13],
        "dvar2": [4.05383616453e-05, 4.20818505518e-05, 7.69897815189e-06, 2.04522280001e-06, 3.41707874441e-07, 1.51005792759e-07, 1.51761227585e-07, 1.43660301433e-07, 1.0573130993e-07, 5.23248466777e-08, 3.4980843111e-08, 2.22944915862e-08, 4.00733988215e-08, 1.49782461989e-08, 7.69976349346e-09, 6.38957153853e-09, 4.83437778698e-09, 2.1932538008e-09, 2.38783681716e-09, 1.71642899893e-09, 1.0819133367e-09, 7.53001550002e-10, 8.51098913568e-10, 2.43257886057e-10, 2.89468005121e-10, 2.48507131539e-10, 2.52553089553e-10, 2.48975756678e-10, 1.78522197025e-10, 8.67489413636e-11, 7.50823708762e-11, 4.73640224263e-11, 3.14977280369e-11, 3.39620588596e-11, 1.29740489185e-11, 5.84595609768e-12, 6.12390173294e-12, 2.83229321073e-12, 2.81216174479e-12, 9.21422660394e-13],
        "max": [0.0331024006009, 0.0454718656838, 0.0234927516431, 0.0138203855604, 0.00665828678757, 0.00437650410458, 0.0078818872571, 0.00574470870197, 0.00712078763172, 0.00499203754589, 0.00463903229684, 0.00405587861314, 0.00588584318757, 0.00521407555789, 0.00205613486469, 0.00180858490057, 0.001477214857, 0.00103040691465, 0.00142223597504, 0.000620309379883, 0.000768301368225, 0.000376967363991, 0.000666428008117, 0.000206681725103, 0.000326527631842, 0.000273300945992, 0.000279010069789, 0.00047822992201, 0.000191291095689, 0.000225810916163, 0.000190685037524, 9.6084739198e-05, 0.000110508262878, 0.000127636551042, 6.02550535405e-05, 7.36897200113e-05, 9.00131853996e-05, 7.5228192145e-05, 8.0402882304e-05, 4.06969156757e-05],
        "mean": [0.00155941944104, 0.00322253932245, 0.00208326964639, 0.00111298135016, 0.000560408108868, 0.000316291174386, 0.000261723966105, 0.000264139613137, 0.000283931789454, 0.000135145673994, 0.000170587911271, 0.000113677946501, 0.00010442371422, 6.21867220616e-05, 5.41214685654e-05, 4.06647413911e-05, 4.18898380303e-05, 3.11990079354e-05, 3.08049202431e-05, 3.36373486789e-05, 2.49177501246e-05, 1.96025921468e-05, 1.64158318512e-05, 1.04531864054e-05, 1.13197702376e-05, 9.22575418372e-06, 9.97539063974e-06, 8.2186097643e-06, 5.43195938008e-06, 3.44665818375e-06, 3.08320113618e-06, 2.74865533356e-06, 2.25324924941e-06, 2.08307869798e-06, 1.79082940122e-06, 1.19275182442e-06, 9.44675150549e-07, 8.32249668292e-07, 6.93198501267e-07, 4.72902740967e-07],
        "median": [0.000890406314284, 0.00233710976318, 0.00173099641688, 0.000767633377109, 0.000398385687731, 0.000218117071199, 0.000150169245899, 0.000121868484712, 0.000107481821033, 5.08237899339e-05, 5.76948077651e-05, 5.007567961e-05, 2.45370829361e-05, 2.72143934126e-05, 2.48201286013e-05, 1.80467341124e-05, 1.7052208932e-05, 1.5563049601e-05, 1.46676175063e-05, 1.68605711224e-05, 1.31470733322e-05, 9.40130121307e-06, 6.80099901729e-06, 4.5357178351e-06, 4.61195668322e-06, 2.99398448078e-06, 3.0509258977e-06, 2.16999046643e-06, 1.4482802726e-06, 8.48424008382e-07, 7.07723870619e-07, 6.10651738953e-07, 4.32670304917e-07, 4.3485107426e-07, 3.93324597781e-07, 2.89328085046e-07, 2.16365236838e-07, 1.88124488432e-07, 1.55759195763e-07, 8.11888156704e-08],
        "min": [1.30633571246e-24, 1.44070870133e-24, 1.75340310619e-24, 1.39583701115e-24, 1.53716696434e-24, 1.89683833192e-24, 1.76827727577e-24, 2.12433713952e-24, 2.20073358503e-24, 3.41293846997e-24, 2.28701130223e-24, 2.69489676365e-24, 3.455626889e-24, 3.05914953955e-24, 2.65667901659e-24, 4.28658614528e-24, 3.12133366977e-24, 3.66905162918e-24, 3.36084919554e-24, 5.21532155533e-24, 3.21732265915e-24, 3.39856818529e-24, 3.60693001619e-24, 4.15923717391e-24, 5.05034391878e-24, 4.67076061727e-24, 4.58549737519e-24, 4.58496607737e-24, 5.05892751429e-24, 3.86398980848e-24, 5.11469485269e-24, 6.66580996252e-24, 5.53910162527e-24, 6.74832954637e-24, 6.4992628872e-24, 6.57208224293e-24, 4.64883383398e-24, 5.75446932987e-24, 6.42292955057e-24, 6.693585755e-24],
        "var": [1.13766182039e-05, 1.85968510777e-05, 4.00845374315e-06, 1.28780152409e-06, 3.13442399147e-07, 1.13245945954e-07, 1.15440677462e-07, 1.73381351942e-07, 2.97305291497e-07, 6.65472725814e-08, 1.24655159084e-07, 4.98820007522e-08, 1.00938422065e-07, 1.99086329644e-08, 8.94279672536e-09, 6.92567558858e-09, 6.23145979262e-09, 2.70612043884e-09, 2.72209965679e-09, 2.33407781991e-09, 1.28830079937e-09, 8.60883919707e-10, 9.76187575219e-10, 2.9098923271e-10, 3.9065420343e-10, 2.93850749289e-10, 3.87453652495e-10, 3.14569870152e-10, 1.07029718421e-10, 6.24056570309e-11, 4.43090703017e-11, 3.10404063564e-11, 2.41703497494e-11, 1.99152448005e-11, 1.14293513889e-11, 5.32639253883e-12, 4.37760461561e-12, 3.47680369737e-12, 3.29919078168e-12, 1.19351262814e-12]
    },
    "mfcc": {
        "mean": [-664.671875, 153.358032227, -3.92107534409, 27.6703128815, 9.76284408569, 3.0645608902, 1.20484375954, 1.95461714268, -1.00570106506, 2.82417345047, -5.92064523697, -2.93609237671, -0.490649670362],
        "cov": [[12667.2958984, -2200.34594727, 64.6919555664, 9.06303310394, -443.030029297, 477.758087158, 12.2874002457, 204.076461792, 119.360931396, 141.925033569, 152.990020752, 146.727249146, -40.0154075623], [-2200.34594727, 3195.33789062, -744.706054688, 229.2421875, 357.033233643, -257.42175293, 99.2446975708, -17.8565940857, 37.492893219, 32.2764892578, -91.3488082886, -44.4844551086, 42.4642982483], [64.6919555664, -744.706054688, 1070.14978027, -16.5837497711, -6.9199681282, 254.239318848, -13.2727613449, 30.3387088776, -10.5323028564, 19.1153831482, 48.3565330505, 12.8075647354, -29.804107666], [9.06303310394, 229.2421875, -16.5837497711, 292.485198975, 97.3056488037, 19.8026599884, 36.6560516357, 29.7732391357, 38.444606781, 5.69316339493, -5.95582485199, 27.810760498, 21.5985393524], [-443.030029297, 357.033233643, -6.9199681282, 97.3056488037, 251.591888428, 24.2583141327, 13.3222951889, -12.2513303757, 17.2697734833, 13.8868303299, 3.31410932541, 5.75747776031, 8.19378662109], [477.758087158, -257.42175293, 254.239318848, 19.8026599884, 24.2583141327, 212.985046387, 40.7900009155, 32.5667648315, 22.8238296509, 35.7790031433, 26.0769138336, 22.5854969025, -10.2507705688], [12.2874002457, 99.2446975708, -13.2727613449, 36.6560516357, 13.3222951889, 40.7900009155, 125.26158905, 61.4826622009, 24.5910491943, 13.9712629318, 0.316660135984, 1.4115229845, 1.54105210304], [204.076461792, -17.8565940857, 30.3387088776, 29.7732391357, -12.2513303757, 32.5667648315, 61.4826622009, 145.956298828, 48.5807113647, -2.85894632339, 10.8042325974, 18.3627586365, 3.54337716103], [119.360931396, 37.492893219, -10.5323028564, 38.444606781, 17.2697734833, 22.8238296509, 24.5910491943, 48.5807113647, 96.6079025269, 32.0141716003, 1.22944951057, 15.7680568695, 11.1796636581], [141.925033569, 32.2764892578, 19.1153831482, 5.69316339493, 13.8868303299, 35.7790031433, 13.9712629318, -2.85894632339, 32.0141716003, 98.535697937, 31.2297801971, 4.35053539276, 5.4552025795], [152.990020752, -91.3488082886, 48.3565330505, -5.95582485199, 3.31410932541, 26.0769138336, 0.316660135984, 10.8042325974, 1.22944951057, 31.2297801971, 85.4286651611, 30.4767589569, -5.64282226562], [146.727249146, -44.4844551086, 12.8075647354, 27.810760498, 5.75747776031, 22.5854969025, 1.4115229845, 18.3627586365, 15.7680568695, 4.35053539276, 30.4767589569, 86.468421936, 35.9198074341], [-40.0154075623, 42.4642982483, -29.804107666, 21.5985393524, 8.19378662109, -10.2507705688, 1.54105210304, 3.54337716103, 11.1796636581, 5.4552025795, -5.64282226562, 35.9198074341, 80.2385482788]],
