{
"lowlevel": {
    "average_loudness": 0.950284659863,
    "barkbands_crest": {
        "dmean": 2.21370434761,
        "dmean2": 3.66847896576,
        "dvar": 5.61738300323,
        "dvar2": 15.474313736,
        "max": 24.8601818085,
        "mean": 8.48997211456,
        "median": 7.66293430328,
        "min": 2.25806593895,
        "var": 13.4728212357
    },
    "barkbands_flatness_db": {
        "dmean": 0.0182935558259,
        "dmean2": 0.0290545467287,
        "dvar": 0.000457597256172,
        "dvar2": 0.00114011729602,
        "max": 0.46458619833,
        "mean": 0.141077265143,
        "median": 0.132142096758,
        "min": 0.0256525091827,
        "var": 0.00403555994853
    },
    "barkbands_kurtosis": {
        "dmean": 2.05227470398,
        "dmean2": 3.35313653946,
        "dvar": 21.7792377472,
        "dvar2": 54.8594741821,
        "max": 173.414489746,
        "mean": 2.64363956451,
        "median": 0.586932659149,
        "min": -1.9143191576,
        "var": 48.360294342
    },
    "barkbands_skewness": {
        "dmean": 0.437870115042,
        "dmean2": 0.693342268467,
        "dvar": 0.306026875973,
        "dvar2": 0.756516158581,
        "max": 11.3429841995,
        "mean": 1.32311761379,
        "median": 1.14254796505,
        "min": -2.01505470276,
        "var": 1.07436406612
    },
    "barkbands_spread": {
        "dmean": 3.75916528702,
        "dmean2": 6.00888109207,
        "dvar": 16.8315029144,
        "dvar2": 41.180065155,
        "max": 91.7075805664,
        "mean": 21.3297863007,
        "median": 21.760137558,
        "min": 0.984867095947,
        "var": 85.1729431152
    },
    "dissonance": {
        "dmean": 0.0165768712759,
        "dmean2": 0.027685707435,
        "dvar": 0.000305945199216,
        "dvar2": 0.000822450267151,
        "max": 0.500000059605,
        "mean": 0.462863266468,
        "median": 0.471213847399,
        "min": 0.147999033332,
        "var": 0.0010976055637
    },
    "dynamic_complexity": 2.24061059952,
    "erbbands_crest": {
        "dmean": 2.379809618,
        "dmean2": 3.80244231224,
        "dvar": 5.38171005249,
        "dvar2": 13.4181137085,
        "max": 33.1222610474,
        "mean": 9.18124771118,
        "median": 8.03320121765,
        "min": 2.27164793015,
        "var": 23.4544372559
    },
    "erbbands_flatness_db": {
        "dmean": 0.0155441956595,
        "dmean2": 0.0220754481852,
        "dvar": 0.000344396627042,
        "dvar2": 0.000629847112577,
        "max": 0.49634245038,
        "mean": 0.171915635467,
        "median": 0.168190300465,
        "min": 0.027613459155,
        "var": 0.00364555721171
    },
    "erbbands_kurtosis": {
        "dmean": 0.601356089115,
        "dmean2": 0.92395311594,
        "dvar": 0.798862934113,
        "dvar2": 1.42397010326,
        "max": 55.347568512,
        "mean": 0.144445300102,
        "median": -0.257299900055,
        "min": -1.73307013512,
        "var": 4.67449808121
    },
    "erbbands_skewness": {
        "dmean": 0.274491846561,
        "dmean2": 0.423637151718,
        "dvar": 0.061499260366,
        "dvar2": 0.144711568952,
        "max": 3.55231261253,
        "mean": -0.0183088425547,
        "median": -0.0646303147078,
        "min": -6.45527887344,
        "var": 0.450801581144
    },
    "erbbands_spread": {
        "dmean": 6.02110099792,
        "dmean2": 9.37938213348,
        "dvar": 46.892250061,
        "dvar2": 110.684181213,
        "max": 141.560012817,
        "mean": 34.3053474426,
        "median": 31.1971759796,
        "min": 1.53040957451,
        "var": 231.190490723
    },
    "hfc": {
        "dmean": 5.00975322723,
        "dmean2": 8.07215309143,
        "dvar": 46.5720825195,
        "dvar2": 122.143493652,
        "max": 94.5758056641,
        "mean": 26.7642116547,
        "median": 24.6881217957,
        "min": 1.06822587379e-16,
        "var": 234.638473511
    },
    "melbands_crest": {
        "dmean": 2.94954204559,
        "dmean2": 4.86676359177,
        "dvar": 8.11869907379,
        "dvar2": 22.5517807007,
        "max": 32.5928840637,
        "mean": 13.5444555283,
        "median": 12.8501787186,
        "min": 1.71222937107,
        "var": 22.6810932159
    },
    "melbands_flatness_db": {
        "dmean": 0.0223959572613,
        "dmean2": 0.0359876155853,
        "dvar": 0.000715003465302,
        "dvar2": 0.00181342009455,
        "max": 0.58788895607,
        "mean": 0.211563542485,
        "median": 0.20174947381,
        "min": 0.0036285710521,
        "var": 0.00630225753412
    },
    "melbands_kurtosis": {
        "dmean": 5.3004488945,
        "dmean2": 8.65003299713,
        "dvar": 151.577377319,
        "dvar2": 384.911437988,
        "max": 401.370178223,
        "mean": 9.96823596954,
        "median": 4.66532516479,
        "min": -1.94052112103,
        "var": 367.957794189
    },
    "melbands_skewness": {
        "dmean": 0.617184758186,
        "dmean2": 0.977567374706,
        "dvar": 0.676138758659,
        "dvar2": 1.65440368652,
        "max": 15.879240036,
        "mean": 2.34035539627,
        "median": 2.0263261795,
        "min": -0.393754512072,
        "var": 2.30686593056
    },
    "melbands_spread": {
        "dmean": 4.96846246719,
        "dmean2": 8.0168466568,
        "dvar": 27.6060142517,
        "dvar2": 68.9609832764,
        "max": 155.506225586,
        "mean": 23.6495704651,
        "median": 22.1741695404,
        "min": 0.654039084911,
        "var": 164.049972534
    },
    "pitch_salience": {
        "dmean": 0.0631028786302,
        "dmean2": 0.104504473507,
        "dvar": 0.00367569806986,
        "dvar2": 0.0102819679305,
        "max": 0.865923285484,
        "mean": 0.534445405006,
        "median": 0.540773928165,
        "min": 0.126323461533,
        "var": 0.00925975013524
    },
    "silence_rate_20dB": {
        "dmean": 0,
        "dmean2": 0,
        "dvar": 0,
        "dvar2": 0,
        "max": 1,
        "mean": 1,
        "median": 1,
        "min": 1,
        "var": 0
    },
    "silence_rate_30dB": {
        "dmean": 0.0141670070589,
        "dmean2": 0.0283359438181,
        "dvar": 0.0139646800235,
        "dvar2": 0.0412864796817,
        "max": 1,
        "mean": 0.992712676525,
        "median": 1,
        "min": 0,
        "var": 0.00723448349163
    },
    "silence_rate_60dB": {
        "dmean": 0.000953548587859,
        "dmean2": 0.0019072269788,
        "dvar": 0.000952674890868,
        "dvar2": 0.0021761932876,
        "max": 1,
        "mean": 0.0201593674719,
        "median": 0,
        "min": 0,
        "var": 0.0197528433055
    },
    "spectral_centroid": {
        "dmean": 171.013305664,
        "dmean2": 276.489990234,
        "dvar": 38784.8203125,
        "dvar2": 87675.328125,
        "max": 11585.796875,
        "mean": 1260.79846191,
        "median": 1285.21374512,
        "min": 190.226242065,
        "var": 309200.09375
    },
    "spectral_complexity": {
        "dmean": 3.26249837875,
        "dmean2": 5.30249977112,
        "dvar": 12.061674118,
        "dvar2": 27.6908969879,
        "max": 57,
        "mean": 25.9734382629,
        "median": 25,
        "min": 0,
        "var": 132.940811157
    },
    "spectral_decrease": {
        "dmean": 2.71009459318e-09,
        "dmean2": 4.41475167534e-09,
        "dvar": 2.03085033024e-17,
        "dvar2": 4.96153519321e-17,
        "max": 1.0767272466e-28,
        "mean": -9.58758317182e-09,
        "median": -8.79067751924e-09,
        "min": -4.78653028324e-08,
        "var": 2.88825397171e-17
    },
    "spectral_energy": {
        "dmean": 0.0104960799217,
        "dmean2": 0.0170807316899,
        "dvar": 0.000295046687825,
        "dvar2": 0.000719204719644,
        "max": 0.183414623141,
        "mean": 0.0386134497821,
        "median": 0.0358855836093,
        "min": 1.0171212337e-20,
        "var": 0.000437012407929
    },
    "spectral_energyband_high": {
        "dmean": 0.00025598827051,
        "dmean2": 0.000411818589782,
        "dvar": 2.955007119e-07,
        "dvar2": 7.36371418952e-07,
        "max": 0.00768344337121,
        "mean": 0.000687628402375,
        "median": 0.000415810209233,
        "min": 7.1433314372e-21,
        "var": 7.29174814751e-07
    },
    "spectral_energyband_low": {
        "dmean": 0.00838295184076,
        "dmean2": 0.0139239076525,
        "dvar": 0.000313110824209,
        "dvar2": 0.000781347625889,
        "max": 0.169276311994,
        "mean": 0.0143006611615,
        "median": 0.00938828289509,
        "min": 1.88425722322e-23,
        "var": 0.000350147485733
    },
    "spectral_energyband_middle_high": {
        "dmean": 0.00209036353044,
        "dmean2": 0.00333424680866,
        "dvar": 6.09940207141e-06,
        "dvar2": 1.59893788805e-05,
        "max": 0.0489741526544,
        "mean": 0.00916799157858,
        "median": 0.0069006960839,
        "min": 1.31032497417e-21,
        "var": 5.14287930855e-05
    },
    "spectral_energyband_middle_low": {
        "dmean": 0.00478004245088,
        "dmean2": 0.00780640589073,
        "dvar": 3.35074400937e-05,
        "dvar2": 9.12421310204e-05,
        "max": 0.0744597837329,
        "mean": 0.0167619287968,
        "median": 0.015512175858,
        "min": 2.018855353e-22,
        "var": 7.25311692804e-05
    },
    "spectral_entropy": {
        "dmean": 0.123383633792,
        "dmean2": 0.181155443192,
        "dvar": 0.0243210699409,
        "dvar2": 0.0487429797649,
        "max": 9.81365013123,
        "mean": 7.41497135162,
        "median": 7.54013252258,
        "min": 4.38749074936,
        "var": 0.293386250734
    },
    "spectral_flux": {
        "dmean": 0.0244141034782,
        "dmean2": 0.038921687752,
        "dvar": 0.0011310238624,
        "dvar2": 0.00252699409612,
        "max": 0.373432546854,
        "mean": 0.0925704315305,
        "median": 0.0870821103454,
        "min": 6.58199397763e-11,
        "var": 0.00248488620855
    },
    "spectral_kurtosis": {
        "dmean": 2.56455349922,
        "dmean2": 4.40969514847,
        "dvar": 24.3388328552,
        "dvar2": 69.2507400513,
        "max": 120.686698914,
        "mean": 7.24369716644,
        "median": 4.84805774689,
        "min": -1.25597798824,
        "var": 98.5910949707
    },
    "spectral_rms": {
        "dmean": 0.000750607578084,
        "dmean2": 0.00120508624241,
        "dvar": 1.06777724795e-06,
        "dvar2": 2.50883726949e-06,
        "max": 0.0133768860251,
        "mean": 0.00591234909371,
        "median": 0.00591695215553,
        "min": 3.15010062306e-12,
        "var": 2.7158098419e-06
    },
    "spectral_rolloff": {
        "dmean": 292.175170898,
        "dmean2": 499.741363525,
        "dvar": 206746.15625,
        "dvar2": 452368.8125,
        "max": 19293.75,
        "mean": 1294.27978516,
        "median": 1248.92578125,
        "min": 64.599609375,
        "var": 828377.125
    },
    "spectral_skewness": {
        "dmean": 0.256699830294,
        "dmean2": 0.433077484369,
        "dvar": 0.118348017335,
        "dvar2": 0.331607758999,
        "max": 8.28913974762,
        "mean": 1.71811723709,
        "median": 1.50294852257,
        "min": -0.0501874238253,
        "var": 0.594768106937
    },
    "spectral_spread": {
        "dmean": 366844.90625,
        "dmean2": 532543.6875,
        "dvar": 452037246976,
        "dvar2": 797025239040,
        "max": 43328144,
        "mean": 3706156.25,
        "median": 3409485.5,
        "min": 643699.3125,
        "var": 3.04736580403e+12
    },
    "spectral_strongpeak": {
        "dmean": 0.631984770298,
        "dmean2": 1.11358082294,
        "dvar": 1.26347351074,
        "dvar2": 3.31574940681,
        "max": 10.8697767258,
        "mean": 0.984038114548,
        "median": 0.538566112518,
        "min": 0,
        "var": 1.45584750175
    },
    "zerocrossingrate": {
        "dmean": 0.00657869363204,
        "dmean2": 0.00823752209544,
        "dvar": 6.46937405691e-05,
        "dvar2": 7.87095996202e-05,
        "max": 0.515625,
        "mean": 0.0525947697461,
        "median": 0.05029296875,
        "min": 0.00634765625,
        "var": 0.000696039234754
    },
    "barkbands": {
        "dmean": [0.000148849387188, 0.00535950111225, 0.00364350271411, 0.00243206322193, 0.00211885175668, 0.00107497279532, 0.000826548668556, 0.00103034020867, 0.00066091347253, 0.000751013343688, 0.000213373423321, 0.000711514032446, 0.000625314831268, 0.000388697400922, 0.000985187129118, 0.000467870064313, 0.000309772731271, 0.000155922956765, 0.00019711945788, 0.000144168385305, 9.57444062806e-05, 5.82319116802e-05, 4.15656104451e-05, 2.40002555074e-05, 1.53015262185e-05, 1.75489694811e-05, 8.94494951353e-06],
        "dmean2": [0.000234680512222, 0.00921736378223, 0.00614734599367, 0.00406739767641, 0.00347874173895, 0.00171861832496, 0.00133792532142, 0.00155224092305, 0.00101035845, 0.00115851592273, 0.000347744848114, 0.00111522502266, 0.00103220506571, 0.000626257620752, 0.00163152767345, 0.00078077375656, 0.000512955535669, 0.000263501773588, 0.000331585062668, 0.000243285932811, 0.000162630458362, 9.74560898612e-05, 6.9545218139e-05, 3.79403682018e-05, 2.24927152885e-05, 2.61561945081e-05, 1.28602978293e-05],
        "dvar": [1.50384266817e-07, 0.000177139998414, 5.26950643689e-05, 1.47313185153e-05, 9.02021565707e-06, 2.39273572333e-06, 1.86282989034e-06, 3.74506635126e-06, 1.51683582317e-06, 1.56036378485e-06, 1.33461924179e-07, 1.40377255775e-06, 1.15467537398e-06, 5.9270979591e-07, 2.83966346615e-06, 4.55000758848e-07, 1.82259867643e-07, 4.47193535535e-08, 6.86839385367e-08, 4.74157744179e-08, 3.40812107424e-08, 2.03462064974e-08, 1.18062226662e-08, 3.20428616973e-09, 1.18459109189e-09, 3.21122151092e-09, 1.58452795329e-09],
        "dvar2": [3.5850686686e-07, 0.000466759433039, 0.000150170162669, 4.14405731135e-05, 2.43152608164e-05, 6.79592585584e-06, 4.80355765831e-06, 8.27389158076e-06, 3.28589658238e-06, 3.60396643373e-06, 3.21721472574e-07, 3.21726224684e-06, 2.97055248666e-06, 1.44368050314e-06, 7.66944958741e-06, 1.24831024095e-06, 4.82053110318e-07, 1.21434354128e-07, 1.85191467494e-07, 1.29706606344e-07, 9.15493814091e-08, 5.28251860032e-08, 2.94476087959e-08, 7.39225658464e-09, 2.50752218989e-09, 7.34082306053e-09, 3.30503002743e-09],
        "max": [0.00360421510413, 0.111517645419, 0.0847108289599, 0.0440445691347, 0.0435006506741, 0.0214571524411, 0.0226140040904, 0.043647967279, 0.0311390683055, 0.0234033241868, 0.0118065755814, 0.0264400877059, 0.0185436680913, 0.0163376349956, 0.0254567116499, 0.0176559053361, 0.00658172229305, 0.00421546958387, 0.00639446591958, 0.00450564641505, 0.0032787907403, 0.00216080946848, 0.00338708981872, 0.00173262774479, 0.00105228857137, 0.00119500863366, 0.000922215986066],
        "mean": [0.000154428838869, 0.00628242641687, 0.00568983657286, 0.00402431981638, 0.00483433902264, 0.00255956919864, 0.00151240453124, 0.00216171238571, 0.0014342230279, 0.00146108912304, 0.000394450558815, 0.0013541179942, 0.00104110711254, 0.000732236658223, 0.00172646227293, 0.000935990770813, 0.000655964657199, 0.000326150737237, 0.000454176479252, 0.000335637741955, 0.000200692971703, 0.00012225608225, 8.50275682751e-05, 5.83456967433e-05, 3.59565565304e-05, 2.8398439099e-05, 1.20558015624e-05],
        "median": [1.39811809277e-05, 0.00257963174954, 0.00372415594757, 0.00281792413443, 0.00338700483553, 0.00151273165829, 0.000783259456512, 0.000889192917384, 0.000595547549892, 0.000622184190433, 0.000229365745327, 0.000622493564151, 0.000474806205602, 0.00035936300992, 0.000856043538079, 0.000651943089906, 0.000439252966316, 0.000240974099142, 0.000332447641995, 0.000238738793996, 0.000120977361803, 5.83927430853e-05, 2.84275574813e-05, 2.29085999308e-05, 1.25215929074e-05, 3.89355454899e-06, 4.58082325849e-07],
        "min": [2.30799839195e-26, 1.69535556534e-24, 1.97938966743e-24, 7.21839124941e-24, 1.51681875089e-23, 1.21400029292e-23, 9.36585207143e-24, 1.43534125229e-23, 4.18011556106e-23, 1.90063807769e-23, 2.15248286831e-23, 4.06638990197e-23, 3.98686704293e-23, 6.00332173442e-23, 7.87793292426e-23, 1.04832710193e-22, 7.46198045289e-23, 1.28515728207e-22, 1.51500989283e-22, 2.0896496239e-22, 3.04762438428e-22, 3.6582673484e-22, 5.63985867929e-22, 6.27259126337e-22, 9.49678367038e-22, 1.36452782154e-21, 1.81704499299e-21],
        "var": [1.77510543153e-07, 0.000155504283612, 5.24845636392e-05, 1.90826867765e-05, 2.44254115387e-05, 8.08941058494e-06, 4.3360764721e-06, 1.30065373014e-05, 6.62752700009e-06, 4.59426928501e-06, 3.15285376473e-07, 4.12147710449e-06, 2.18629497795e-06, 1.50033065438e-06, 5.62861441722e-06, 9.65653157436e-07, 4.53804659628e-07, 1.01848634415e-07, 1.91155223206e-07, 1.19045033387e-07, 6.22438207643e-08, 3.51235236451e-08, 2.33641834768e-08, 9.40401356786e-09, 3.53672002795e-09, 5.28663912647e-09, 2.76510148112e-09]
    },
    "erbbands": {
        "dmean": [0.127787992358, 1.31728756428, 3.77444028854, 6.30726385117, 8.41561603546, 6.57086133957, 5.69373655319, 10.1238412857, 13.2217140198, 9.70313358307, 25.8678226471, 14.3052568436, 13.9427185059, 26.1393642426, 10.4823760986, 31.7661724091, 30.6102428436, 17.5185852051, 53.5007591248, 24.2336559296, 25.9037952423, 13.5880851746, 8.64573574066, 8.83288860321, 10.6986303329, 7.14775037766, 5.12809801102, 2.63479495049, 2.18902850151, 1.68948316574, 1.04540145397, 0.61857432127, 0.376743614674, 0.210741236806, 0.0927148610353, 0.0665060505271, 0.0333034805954, 0.0103164715692, 0.00156178278849, 9.30011883611e-05],
        "dmean2": [0.223078563809, 2.26381826401, 6.38289499283, 10.5919055939, 13.9103412628, 10.9215717316, 9.2264213562, 16.0655574799, 21.4858512878, 15.987244606, 38.437046051, 21.9014835358, 21.4367046356, 40.3439216614, 16.4357528687, 50.2138519287, 50.430683136, 28.334936142, 88.4130401611, 39.7022323608, 43.0491714478, 22.501657486, 14.5074539185, 14.8880586624, 18.0764522552, 12.0363941193, 8.72813892365, 4.43695354462, 3.6757645607, 2.80964827538, 1.73912453651, 1.00685632229, 0.582878053188, 0.319461762905, 0.135366648436, 0.099478803575, 0.0510190427303, 0.0152755584568, 0.00226749107242, 0.000136434318847],
        "dvar": [0.151528656483, 9.59564113617, 61.4556045532, 97.2166366577, 151.298171997, 107.480407715, 80.3727493286, 240.536483765, 445.23236084, 353.447357178, 2482.19213867, 790.043395996, 642.45123291, 2159.34277344, 266.926849365, 2973.16357422, 2908.75415039, 1259.46765137, 9614.1875, 1580.73718262, 1473.11364746, 321.563476562, 139.191497803, 129.214202881, 229.645507812, 108.600891113, 85.9719772339, 37.413898468, 28.7396087646, 20.5266056061, 7.13616847992, 2.16920828819, 0.78767234087, 0.248932942748, 0.0429366454482, 0.0318578444421, 0.0137057537213, 0.00173763849307, 5.18744964211e-05, 1.39596963322e-07],
        "dvar2": [0.407097578049, 25.4402656555, 171.75479126, 276.396911621, 418.639404297, 298.385437012, 205.254638672, 659.541748047, 1167.96984863, 979.210205078, 5264.1328125, 1708.27355957, 1460.09472656, 4978.39697266, 576.494934082, 7121.52636719, 7480.36914062, 3128.64257812, 25679.015625, 4107.33056641, 3997.02441406, 869.55255127, 370.764862061, 350.473907471, 628.774536133, 299.387145996, 234.877410889, 99.8347473145, 75.4722366333, 53.6492843628, 17.1005897522, 5.21214723587, 1.7612862587, 0.542339384556, 0.0889061316848, 0.0747169479728, 0.0316021293402, 0.0036657275632, 0.000110411310743, 3.02081900827e-07],
        "max": [2.93299913406, 27.9474258423, 92.2600250244, 115.637268066, 172.025161743, 188.813812256, 240.410797119, 250.150848389, 357.49508667, 344.69152832, 1163.29516602, 884.046203613, 637.006530762, 868.597717285, 424.524658203, 1216.60546875, 966.33026123, 881.655029297, 1422.5057373, 1022.31719971, 1182.30053711, 250.078552246, 178.112976074, 213.647750854, 297.606750488, 160.173980713, 172.711807251, 108.047775269, 81.1953430176, 90.7374725342, 104.286262512, 53.6280021667, 33.2994346619, 17.5256481171, 3.65396595001, 4.24042129517, 2.46987271309, 0.987709879875, 0.17906679213, 0.00783838890493],
        "mean": [0.12644456327, 1.62711548805, 6.07539653778, 11.0757904053, 16.4317874908, 14.330737114, 14.1983203888, 22.7342453003, 26.3459415436, 19.1816654205, 56.5027084351, 34.1088485718, 31.4507293701, 51.680393219, 24.6060028076, 61.9885787964, 53.5245399475, 36.2805862427, 93.6275100708, 55.1500701904, 53.8392791748, 32.5185585022, 19.835855484, 20.8148212433, 23.7480716705, 16.9044837952, 10.6899700165, 5.7888174057, 4.62512683868, 3.30574297905, 2.15576887131, 1.37052404881, 0.927000999451, 0.503979861736, 0.208253055811, 0.120470069349, 0.0493772476912, 0.0144703341648, 0.00212653190829, 0.000152649765369],
        "median": [0.035501498729, 0.734132528305, 3.97116613388, 8.49608802795, 10.8624715805, 8.68591403961, 6.99664878845, 11.9388542175, 14.6632108688, 12.2936162949, 24.0700893402, 16.2115745544, 17.5628318787, 20.9705505371, 16.2497806549, 30.0664768219, 24.8855323792, 21.3853645325, 38.5257148743, 37.6046638489, 38.955783844, 22.9633293152, 15.1975488663, 15.469751358, 16.825044632, 12.5677461624, 7.0413775444, 3.03225016594, 2.16707491875, 1.23772311211, 0.733119308949, 0.492184698582, 0.372637778521, 0.187338024378, 0.0662277638912, 0.0237760189921, 0.0051950472407, 0.000996826565824, 0.000117694064102, 5.31556761416e-05],
        "min": [5.98526249949e-23, 5.46748310516e-22, 2.44573961898e-21, 1.12648905096e-20, 2.17869986785e-20, 5.26130490436e-20, 7.10276145933e-20, 1.20155997286e-19, 1.20531705305e-19, 2.77406650647e-19, 3.96364787008e-19, 9.21647326844e-19, 2.58814112019e-19, 7.81741927144e-19, 1.14448368341e-18, 2.1398382829e-18, 2.02220348042e-18, 3.25936809858e-18, 3.62909901403e-18, 4.94780771736e-18, 5.77556446121e-18, 4.96418258476e-18, 6.51158067127e-18, 6.39895175906e-18, 1.09074202784e-17, 9.67654492128e-18, 1.29354082329e-17, 1.14783593624e-17, 1.30764053042e-17, 1.31119343659e-17, 1.52859089451e-17, 1.4555319867e-17, 1.07745841711e-17, 9.27376834715e-18, 7.06213223465e-18, 4.44685142196e-18, 2.60070651068e-18, 1.04572607309e-18, 2.49821469688e-19, 2.68681720798e-20],
        "var": [0.114878877997, 8.71174621582, 62.1350975037, 112.713005066, 289.368286133, 302.233612061, 466.666320801, 777.204650879, 1067.79858398, 541.004272461, 9102.13085938, 3832.36132812, 2130.76928711, 5964.55859375, 843.760925293, 7710.69628906, 5584.98876953, 2862.53588867, 18988.9589844, 3957.06567383, 2975.63452148, 911.958679199, 337.485931396, 360.950286865, 572.27923584, 290.067932129, 154.054443359, 65.3779525757, 49.2325592041, 34.3323173523, 15.2302007675, 5.55939722061, 2.36697673798, 0.725502729416, 0.124022267759, 0.0602369569242, 0.0210236366838, 0.00297111156397, 8.71370648383e-05, 2.28782283784e-07]
    },
    "gfcc": {
        "mean": [14.3823394775, 114.68107605, -127.972000122, 28.8568267822, -40.8847389221, 6.23007488251, -33.2179374695, 1.64004790783, -21.2520999908, -2.31089949608, -17.4805030823, -9.3454246521, -10.7797317505],
        "cov": [[11703.2666016, -1360.10644531, -938.901672363, 437.06362915, -881.749328613, 82.0225982666, -637.582885742, 16.0534687042, -317.915130615, 320.173309326, -121.017471313, 131.573760986, -275.516479492], [-1360.10644531, 1991.92590332, -494.620574951, -113.108947754, 432.000244141, -203.145843506, 357.096435547, -67.9612197876, 261.056671143, -155.936691284, 132.379867554, -176.715637207, 140.941589355], [-938.901672363, -494.620574951, 974.584838867, -46.5642280579, 51.915763855, 145.780990601, -86.1721496582, 99.7879867554, -8.58145904541, 20.3481769562, -41.1228942871, 60.4856567383, -23.1842517853], [437.06362915, -113.108947754, -46.5642280579, 380.225311279, -41.592464447, 23.7646465302, 41.9550056458, -8.62345981598, -2.7864575386, 35.5906944275, 21.4114589691, -0.869558751583, -25.1890716553], [-881.749328613, 432.000244141, 51.915763855, -41.592464447, 310.902862549, -30.4723014832, 171.957885742, 6.64895486832, 76.8836212158, -20.277173996, 14.0309085846, -27.2841663361, 14.3394813538], [82.0225982666, -203.145843506, 145.780990601, 23.7646465302, -30.4723014832, 201.928726196, -38.2296409607, 61.0819168091, -34.0997200012, 5.08364725113, -14.8856334686, 6.78378486633, 5.65636110306], [-637.582885742, 357.096435547, -86.1721496582, 41.9550056458, 171.957885742, -38.2296409607, 307.684753418, 8.91512393951, 67.9713592529, -33.3850517273, -17.1998157501, -37.5235366821, -19.5429763794], [16.0534687042, -67.9612197876, 99.7879867554, -8.62345981598, 6.64895486832, 61.0819168091, 8.91512393951, 121.687225342, 28.3847694397, 23.4153938293, -9.98328876495, -0.939080893993, -3.49069714546], [-317.915130615, 261.056671143, -8.58145904541, -2.7864575386, 76.8836212158, -34.0997200012, 67.9713592529, 28.3847694397, 116.408226013, 12.845038414, 25.4891471863, -27.4819641113, 12.761220932], [320.173309326, -155.936691284, 20.3481769562, 35.5906944275, -20.277173996, 5.08364725113, -33.3850517273, 23.4153938293, 12.845038414, 92.7250595093, 23.6552066803, 23.37134552, -18.8268318176], [-121.017471313, 132.379867554, -41.1228942871, 21.4114589691, 14.0309085846, -14.8856334686, -17.1998157501, -9.98328876495, 25.4891471863, 23.6552066803, 91.1961364746, 17.8255119324, 30.9089698792], [131.573760986, -176.715637207, 60.4856567383, -0.869558751583, -27.2841663361, 6.78378486633, -37.5235366821, -0.939080893993, -27.4819641113, 23.37134552, 17.8255119324, 78.0288925171, 10.987742424], [-275.516479492, 140.941589355, -23.1842517853, -25.1890716553, 14.3394813538, 5.65636110306, -19.5429763794, -3.49069714546, 12.761220932, -18.8268318176, 30.9089698792, 10.987742424, 88.754119873]],
        "icov": [[0.000187630648725, -0.000242988957325, 0.000212926723179, -0.000204936048249, 0.000320460065268, -0.000134685062221, 0.000430809042882, -0.000198153356905, 0.000301474356093, -0.0006732630427, 0.000732626824174, -0.000656488875393, 0.000649628171232], [-0.000242988957325, 0.00280803954229, 0.000435050140368, 0.000721127027646, -0.00213405163959, 0.000798929366283, -0.00129174045287, 0.000636149430647, -0.00291719823144, 0.00394970318303, -0.00420589651912, 0.00413443194702, -0.00265056546777], [0.000212926723179, 0.000435050140368, 0.00193554419093, -0.000122638652101, -0.000975798873696, -0.000834811886307, 0.00119373877533, -0.000786719785538, -0.00105932704173, 0.00062239653198, 0.00075874250615, -0.00146520254202, 0.00108517764602], [-0.000204936048249, 0.000721127027646, -0.000122638652101, 0.00347527558915, 0.000292591546895, -0.00046953765559, -0.00185716897249, 0.00106150435749, -0.000544532609638, -6.71914604027e-05, -0.00257680332288, 0.00185999483801, -0.000480431015603], [0.000320460065268, -0.00213405163959, -0.000975798873696, 0.000292591546895, 0.00764387799427, -0.000505463394802, -0.00218126014806, 0.000252530007856, 0.000908450398128, -0.00360694364645, 0.00207745097578, -0.00218476890586, 0.00118994119111], [-0.000134685062221, 0.000798929366283, -0.000834811886307, -0.00046953765559, -0.000505463394802, 0.00774171808735, -0.000383836071705, -0.00373743940145, 0.00267098029144, 0.00117263838183, -0.0014575838577, 0.0028971338179, -0.00266770622693], [0.000430809042882, -0.00129174045287, 0.00119373877533, -0.00185716897249, -0.00218126014806, -0.000383836071705, 0.00780323008075, -0.00149144930765, -0.00112590496428, 0.000358288176358, 0.00447952840477, -0.00373244239017, 0.00434975605458], [-0.000198153356905, 0.000636149430647, -0.000786719785538, 0.00106150435749, 0.000252530007856, -0.00373743940145, -0.00149144930765, 0.0129289561883, -0.00512523856014, -0.00206687534228, 0.000899375183508, 0.00103903643321, -0.00129545072559], [0.000301474356093, -0.00291719823144, -0.00105932704173, -0.000544532609638, 0.000908450398128, 0.00267098029144, -0.00112590496428, -0.00512523856014, 0.0194441694766, -0.00800877716392, 0.000128957530251, 0.00246675033122, -0.000474235625006], [-0.0006732630427, 0.00394970318303, 0.00062239653198, -6.71914604027e-05, -0.00360694364645, 0.00117263838183, 0.000358288176358, -0.00206687534228, -0.00800877716392, 0.0234234258533, -0.0103612607345, 0.000639167614281, 0.00193641032092], [0.000732626824174, -0.00420589651912, 0.00075874250615, -0.00257680332288, 0.00207745097578, -0.0014575838577, 0.00447952840477, 0.000899375183508, 0.000128957530251, -0.0103612607345, 0.0241566505283, -0.0107145039365, -0.000103504004073], [-0.000656488875393, 0.00413443194702, -0.00146520254202, 0.00185999483801, -0.00218476890586, 0.0028971338179, -0.00373244239017, 0.00103903643321, 0.00246675033122, 0.000639167614281, -0.0107145039365, 0.026005635038, -0.0087781175971], [0.000649628171232, -0.00265056546777, 0.00108517764602, -0.000480431015603, 0.00118994119111, -0.00266770622693, 0.00434975605458, -0.00129545072559, -0.000474235625006, 0.00193641032092, -0.000103504004073, -0.0087781175971, 0.02012623474]]
    },
    "melbands": {
        "dmean": [0.00133508944418, 0.00182379537728, 0.00109419750515, 0.000552131445147, 0.000192543651792, 0.000219544570427, 0.000198694950086, 0.000117140174552, 0.000202591530979, 8.86236521183e-05, 7.1549686254e-05, 0.000113823771244, 3.02964308503e-05, 8.30054123071e-05, 7.25233694538e-05, 4.94358937431e-05, 3.32242962031e-05, 7.9823024862e-05, 5.34931677976e-05, 3.1622563256e-05, 3.21258812619e-05, 1.63896238519e-05, 1.30561784317e-05, 7.74375621404e-06, 7.83070572652e-06, 9.07144749362e-06, 6.0925294747e-06, 4.82464793095e-06, 4.07718061979e-06, 2.04103480428e-06, 1.57826013947e-06, 1.34346430514e-06, 1.1603076473e-06, 1.00664760794e-06, 6.72148416925e-07, 4.80299831906e-07, 3.71806351041e-07, 2.86432509711e-07, 2.44185883957e-07, 1.80801080774e-07],
        "dmean2": [0.00230993749574, 0.00304554612376, 0.00182727340143, 0.000906103581656, 0.000315894692903, 0.000350242829882, 0.000321934203384, 0.000191027284018, 0.000300263927784, 0.000135950918775, 0.000110196429887, 0.000175577719347, 4.85817909066e-05, 0.000129657331854, 0.000118258838484, 8.06106763775e-05, 5.37758023711e-05, 0.000131397275254, 8.85992849362e-05, 5.26532858203e-05, 5.34117425559e-05, 2.73069908872e-05, 2.18095628952e-05, 1.30415364765e-05, 1.32542436404e-05, 1.52815791807e-05, 1.02883077489e-05, 8.14310897113e-06, 6.95580592946e-06, 3.50698110196e-06, 2.6485631679e-06, 2.2900796921e-06, 1.93846790353e-06, 1.69659813309e-06, 1.12214456749e-06, 7.97079053427e-07, 6.11988696164e-07, 4.49564225846e-07, 3.81375855341e-07, 2.80524488971e-07],
        "dvar": [1.32687846417e-05, 1.47227583511e-05, 2.73024829767e-06, 6.53126505767e-07, 7.4565939201e-08, 1.11554349758e-07, 9.53340233423e-08, 4.74886654445e-08, 1.48113542764e-07, 2.89472890103e-08, 1.64385021151e-08, 4.16162393435e-08, 2.55440024688e-09, 1.99809058188e-08, 1.23434489296e-08, 6.62914034777e-09, 4.83811080088e-09, 2.02407726135e-08, 6.88288892547e-09, 2.34609731642e-09, 2.30680829993e-09, 5.28406263189e-10, 4.17255480167e-10, 1.29854585418e-10, 1.0638646214e-10, 1.69887090506e-10, 8.32161839437e-11, 5.02907646083e-11, 4.33673756628e-11, 2.37884000692e-11, 1.21017206672e-11, 1.10634973405e-11, 7.0595725446e-12, 7.93735736859e-12, 2.9647397818e-12, 1.37115850358e-12, 7.54843778629e-13, 4.54077530784e-13, 3.61733077303e-13, 1.61186168579e-13],
        "dvar2": [3.53405921487e-05, 3.93667178287e-05, 7.69254347688e-06, 1.73163255113e-06, 1.96009111164e-07, 3.13131636176e-07, 2.48336021968e-07, 1.30192489678e-07, 3.14983907401e-07, 6.23113010079e-08, 3.72816870708e-08, 9.59067278927e-08, 5.9877085512e-09, 4.41751240032e-08, 3.16602033479e-08, 1.66806888302e-08, 1.18993987996e-08, 5.32957464827e-08, 1.88695050696e-08, 6.30271257407e-09, 6.20691498199e-09, 1.42905998146e-09, 1.0784889648e-09, 3.43252593016e-10, 2.88598034359e-10, 4.62397370393e-10, 2.26640067824e-10, 1.38866931843e-10, 1.18283702277e-10, 6.50831888382e-11, 3.23363488763e-11, 2.96969289437e-11, 1.78390670291e-11, 2.13569214397e-11, 7.28373177744e-12, 3.12285982663e-12, 1.89313408699e-12, 1.05566391132e-12, 8.02670267492e-13, 3.64263415438e-13],
        "max": [0.0271529890597, 0.0429400466383, 0.017677064985, 0.0118204001337, 0.00664414418861, 0.0049764495343, 0.00530791701749, 0.00364380632527, 0.00868440140039, 0.00479304557666, 0.00318495021202, 0.00385370198637, 0.0017195395194, 0.00399044528604, 0.00161475001369, 0.00137778266799, 0.00177629827522, 0.0019647856243, 0.00128222140484, 0.00113173318096, 0.00153284682892, 0.000349425768945, 0.000416833208874, 0.000329151720507, 0.000192264516954, 0.000341853039572, 0.000271057855571, 0.000103387152194, 9.53605194809e-05, 9.23706247704e-05, 6.43473613309e-05, 5.81069325563e-05, 6.43055536784e-05, 6.27807312412e-05, 6.34298630757e-05, 6.27025074209e-05, 2.15356612898e-05, 2.6006176995e-05, 2.3825585231e-05, 1.32015702548e-05],
        "mean": [0.00145362922922, 0.0029133928474, 0.0020820570644, 0.00119563972112, 0.000476362096379, 0.000497581146192, 0.000398701580707, 0.000234061924857, 0.000449536804808, 0.000198391629965, 0.000155976158567, 0.000218261251575, 6.29966089036e-05, 0.000158700204338, 0.000138704388519, 8.87619462446e-05, 6.1529710365e-05, 0.000139876879985, 0.000101670950244, 6.39537756797e-05, 6.15579774603e-05, 3.45662883774e-05, 2.44348739216e-05, 1.52354577949e-05, 1.64740285982e-05, 1.84763157449e-05, 1.38646000778e-05, 1.02336898635e-05, 7.79491347203e-06, 3.79732841793e-06, 3.16824844049e-06, 2.65247285824e-06, 2.18770924221e-06, 1.7690375671e-06, 1.28445299197e-06, 1.00481759091e-06, 7.47062642859e-07, 6.50430195037e-07, 5.50534480226e-07, 3.93012072664e-07],
        "median": [0.000538717315067, 0.00176869810093, 0.00164424336981, 0.000746978388634, 0.000274264777545, 0.00027100276202, 0.000228183387662, 0.000147037921124, 0.000200172915356, 8.49292700877e-05, 8.33320591482e-05, 8.2563405158e-05, 4.09568710893e-05, 7.12112887413e-05, 7.06499777152e-05, 4.51836385764e-05, 3.22353334923e-05, 5.58571591682e-05, 5.79718252993e-05, 4.43910867034e-05, 4.24804529757e-05, 2.23924052989e-05, 1.60025792866e-05, 1.06906036308e-05, 1.18188245324e-05, 1.29809995997e-05, 9.69717802946e-06, 7.19582340025e-06, 5.0035687309e-06, 1.9572180463e-06, 1.59265630373e-06, 1.23080076264e-06, 9.74166368906e-07, 5.68506266063e-07, 4.05723682206e-07, 3.76099592359e-07, 2.51714084243e-07, 2.53145856277e-07, 2.1341790557e-07, 1.36645212478e-07],
        "min": [4.96573444517e-25, 1.00646700263e-24, 3.53082071605e-24, 2.21809463861e-24, 2.62808793638e-24, 3.27493593207e-24, 2.02959533923e-24, 3.67783677865e-24, 3.71823197903e-24, 5.56563377853e-24, 1.02934653268e-24, 2.74047951334e-24, 2.79455632282e-24, 3.41135325398e-24, 3.74644361715e-24, 5.73650617819e-24, 5.81701416674e-24, 6.0106799134e-24, 5.38404707005e-24, 5.53856164998e-24, 5.05760577784e-24, 4.34434220203e-24, 5.83235672248e-24, 4.38784866981e-24, 4.94587625239e-24, 6.32555058827e-24, 6.62128744189e-24, 6.25352285446e-24, 7.44575752838e-24, 5.77750998476e-24, 6.00627925284e-24, 5.80187277052e-24, 7.28920965946e-24, 5.9594990123e-24, 8.19863138796e-24, 7.18655755644e-24, 7.66839853052e-24, 7.29327229312e-24, 8.10680718973e-24, 7.370885951e-24],
        "var": [1.06872921606e-05, 1.58085495059e-05, 3.39726739185e-06, 1.88515218724e-06, 3.91171653291e-07, 3.52859530039e-07, 2.39888265696e-07, 8.00516062327e-08, 5.52899450668e-07, 1.33066876629e-07, 5.52854473312e-08, 1.14318346789e-07, 6.61269305979e-09, 6.37047818941e-08, 2.91553448051e-08, 1.37858675586e-08, 1.087386714e-08, 4.26269615161e-08, 1.51044012853e-08, 5.26880228335e-09, 4.40947101055e-09, 1.28670629707e-09, 8.21206269652e-10, 2.74353317842e-10, 2.57681626037e-10, 3.75727116086e-10, 2.02662941984e-10, 1.19543722144e-10, 8.08523317741e-11, 3.38238465014e-11, 2.02742996003e-11, 1.69947025203e-11, 1.26159135222e-11, 1.1610524174e-11, 5.78760823988e-12, 3.31532479421e-12, 1.71575210636e-12, 1.20505059924e-12, 9.58698723706e-13, 4.44229180351e-13]
    },
    "mfcc": {
        "mean": [-622.591430664, 142.472854614, -18.9411964417, 26.2561798096, 9.00417995453, 7.36611270905, 0.265065997839, -0.372383713722, 1.00763463974, 4.33917999268, -3.85833716393, -3.22769832611, 0.993543207645],
        "cov": [[7572.27197266, -1024.03771973, -405.199798584, 241.53187561, -279.852325439, 13.8169183731, -140.80847168, -226.252853394, -280.22366333, -89.2804260254, -51.1960258484, 27.626871109, 16.4353027344], [-1024.03771973, 1608.01916504, -349.225952148, 132.663696289, 120.339103699, 0.409173637629, 45.669506073, 58.3669242859, 113.453140259, 61.27501297, 61.0365333557, 31.8253631592, 63.5790405273], [-405.199798584, -349.225952148, 708.635925293, -141.522872925, 149.498626709, 1.53348708153, -1.25877046585, 39.9417877197, 9.7224149704, 17.3171043396, -20.7098674774, -9.42968082428, -60.2058258057], [241.53187561, 132.663696289, -141.522872925, 381.542419434, -58.8162956238, 70.5349502563, 31.3753681183, 15.4950752258, 16.9620895386, 11.7670574188, 68.3570785522, 37.643901825, 31.136423111], [-279.852325439, 120.339103699, 149.498626709, -58.8162956238, 200.823150635, -3.74600625038, 5.80771255493, 2.0793197155, 5.84310388565, 24.6703300476, -11.7236299515, 6.15118741989, 2.22695088387], [13.8169183731, 0.409173637629, 1.53348708153, 70.5349502563, -3.74600625038, 121.852516174, 54.0632133484, 33.1959648132, 21.0836219788, 7.01491928101, 18.5082950592, 0.397187203169, -1.64314436913], [-140.80847168, 45.669506073, -1.25877046585, 31.3753681183, 5.80771255493, 54.0632133484, 106.342704773, 56.1100234985, 36.9852409363, 16.4848232269, 7.68102264404, 7.29403877258, 7.42616558075], [-226.252853394, 58.3669242859, 39.9417877197, 15.4950752258, 2.0793197155, 33.1959648132, 56.1100234985, 102.714225769, 61.7288398743, 20.5293102264, 13.4378032684, 5.15204334259, -1.52175092697], [-280.22366333, 113.453140259, 9.7224149704, 16.9620895386, 5.84310388565, 21.0836219788, 36.9852409363, 61.7288398743, 109.871330261, 50.7243232727, 18.8758144379, 6.43301343918, 3.60907936096], [-89.2804260254, 61.27501297, 17.3171043396, 11.7670574188, 24.6703300476, 7.01491928101, 16.4848232269, 20.5293102264, 50.7243232727, 80.9295959473, 33.7675666809, 9.77115154266, 7.06322908401], [-51.1960258484, 61.0365333557, -20.7098674774, 68.3570785522, -11.7236299515, 18.5082950592, 7.68102264404, 13.4378032684, 18.8758144379, 33.7675666809, 81.3703613281, 37.5479545593, 10.5722694397], [27.626871109, 31.8253631592, -9.42968082428, 37.643901825, 6.15118741989, 0.397187203169, 7.29403877258, 5.15204334259, 6.43301343918, 9.77115154266, 37.5479545593, 76.5441360474, 36.8639945984], [16.4353027344, 63.5790405273, -60.2058258057, 31.136423111, 2.22695088387, -1.64314436913, 7.42616558075, -1.52175092697, 3.60907936096, 7.06322908401, 10.5722694397, 36.8639945984, 76.1647872925]],
