{
"lowlevel": {
    "average_loudness": 0.968111872673,
    "barkbands_crest": {
        "dmean": 2.25595211983,
        "dmean2": 3.72977781296,
        "dvar": 4.23884534836,
        "dvar2": 11.4077138901,
        "max": 26.1688137054,
        "mean": 9.8362569809,
        "median": 9.45731258392,
        "min": 2.78325796127,
        "var": 11.8741846085
    },
    "barkbands_flatness_db": {
        "dmean": 0.0250123534352,
        "dmean2": 0.0386579222977,
        "dvar": 0.00062008923851,
        "dvar2": 0.00146792910527,
        "max": 0.568794071674,
        "mean": 0.161763265729,
        "median": 0.144748315215,
        "min": 0.0290043782443,
        "var": 0.00597611069679
    },
    "barkbands_kurtosis": {
        "dmean": 4.40165805817,
        "dmean2": 7.23430204391,
        "dvar": 63.1492080688,
        "dvar2": 148.915908813,
        "max": 248.850601196,
        "mean": 7.42495393753,
        "median": 4.40351009369,
        "min": -1.66992497444,
        "var": 180.291717529
    },
    "barkbands_skewness": {
        "dmean": 0.620953023434,
        "dmean2": 1.00285661221,
        "dvar": 0.531972467899,
        "dvar2": 1.33904898167,
        "max": 12.6642484665,
        "mean": 2.1341547966,
        "median": 2.03380227089,
        "min": -2.1560883522,
        "var": 1.32636356354
    },
    "barkbands_spread": {
        "dmean": 4.48214244843,
        "dmean2": 7.09296274185,
        "dvar": 24.146484375,
        "dvar2": 58.5502853394,
        "max": 87.3494110107,
        "mean": 17.1330928802,
        "median": 16.0478649139,
        "min": 0.260520488024,
        "var": 90.595451355
    },
    "dissonance": {
        "dmean": 0.019011836499,
        "dmean2": 0.0321514084935,
        "dvar": 0.000450611260021,
        "dvar2": 0.00125970889349,
        "max": 0.500000059605,
        "mean": 0.457676172256,
        "median": 0.467932015657,
        "min": 0.134445548058,
        "var": 0.00172149855644
    },
    "dynamic_complexity": 1.79345822334,
    "erbbands_crest": {
        "dmean": 2.11500430107,
        "dmean2": 3.47392177582,
        "dvar": 4.39858722687,
        "dvar2": 11.2476520538,
        "max": 32.9252510071,
        "mean": 8.07843875885,
        "median": 6.8841881752,
        "min": 2.4188554287,
        "var": 18.8401451111
    },
    "erbbands_flatness_db": {
        "dmean": 0.0155542865396,
        "dmean2": 0.0216401554644,
        "dvar": 0.000343614607118,
        "dvar2": 0.000639830890577,
        "max": 0.514762878418,
        "mean": 0.156832650304,
        "median": 0.139577925205,
        "min": 0.0452839285135,
        "var": 0.00422897050157
    },
    "erbbands_kurtosis": {
        "dmean": 0.917601168156,
        "dmean2": 1.43012821674,
        "dvar": 12.7517318726,
        "dvar2": 29.439201355,
        "max": 143.541275024,
        "mean": 0.650203645229,
        "median": -0.477933883667,
        "min": -1.61955237389,
        "var": 41.3903236389
    },
    "erbbands_skewness": {
        "dmean": 0.307922482491,
        "dmean2": 0.48583817482,
        "dvar": 0.134177967906,
        "dvar2": 0.310895442963,
        "max": 9.15046977997,
        "mean": 0.537460327148,
        "median": 0.44623234868,
        "min": -1.56865441799,
        "var": 0.587977051735
    },
    "erbbands_spread": {
        "dmean": 6.73419618607,
        "dmean2": 10.4107017517,
        "dvar": 44.1828575134,
        "dvar2": 104.634490967,
        "max": 122.062599182,
        "mean": 43.941783905,
        "median": 43.2671852112,
        "min": 0.797809541225,
        "var": 265.638214111
    },
    "hfc": {
        "dmean": 4.90255212784,
        "dmean2": 7.79049682617,
        "dvar": 39.5822105408,
        "dvar2": 100.339332581,
        "max": 85.1661834717,
        "mean": 22.3486976624,
        "median": 19.5589370728,
        "min": 1.08721866857e-16,
        "var": 159.842498779
    },
    "melbands_crest": {
        "dmean": 3.56539654732,
        "dmean2": 5.82357358932,
        "dvar": 10.0531044006,
        "dvar2": 25.6433696747,
        "max": 32.6195411682,
        "mean": 15.7918205261,
        "median": 15.6753149033,
        "min": 1.47179627419,
        "var": 26.7043914795
    },
    "melbands_flatness_db": {
        "dmean": 0.030377427116,
        "dmean2": 0.0470700599253,
        "dvar": 0.000948482716922,
        "dvar2": 0.00226148311049,
        "max": 0.726440310478,
        "mean": 0.231819495559,
        "median": 0.217080503702,
        "min": 0.0034119556658,
        "var": 0.00795768108219
    },
    "melbands_kurtosis": {
        "dmean": 9.76864147186,
        "dmean2": 16.2157287598,
        "dvar": 232.560852051,
        "dvar2": 607.19744873,
        "max": 301.381317139,
        "mean": 18.7705593109,
        "median": 14.1033248901,
        "min": -1.37387526035,
        "var": 329.602661133
    },
    "melbands_skewness": {
        "dmean": 0.846219182014,
        "dmean2": 1.36541807652,
        "dvar": 0.88031566143,
        "dvar2": 2.27981352806,
        "max": 11.8173151016,
        "mean": 3.25258708,
        "median": 3.14824414253,
        "min": -1.31085407734,
        "var": 2.00649118423
    },
    "melbands_spread": {
        "dmean": 4.75216817856,
        "dmean2": 7.52516174316,
        "dvar": 31.0427246094,
        "dvar2": 72.224319458,
        "max": 155.6434021,
        "mean": 15.7258844376,
        "median": 12.7680521011,
        "min": 0.361531406641,
        "var": 200.049377441
    },
    "pitch_salience": {
        "dmean": 0.0733169391751,
        "dmean2": 0.120030082762,
        "dvar": 0.00432602129877,
        "dvar2": 0.0113561367616,
        "max": 0.912595272064,
        "mean": 0.517252922058,
        "median": 0.518895566463,
        "min": 0.0736537501216,
        "var": 0.0115698436275
    },
    "silence_rate_20dB": {
        "dmean": 0,
        "dmean2": 0,
        "dvar": 0,
        "dvar2": 0,
        "max": 1,
        "mean": 1,
        "median": 1,
        "min": 1,
        "var": 0
    },
    "silence_rate_30dB": {
        "dmean": 0.0310376491398,
        "dmean2": 0.0620809979737,
        "dvar": 0.0300762224942,
        "dvar2": 0.0833850950003,
        "max": 1,
        "mean": 0.98154437542,
        "median": 1,
        "min": 0,
        "var": 0.0181135646999
    },
    "silence_rate_60dB": {
        "dmean": 0.000367309461581,
        "dmean2": 0.00064285058761,
        "dvar": 0.000367275322787,
        "dvar2": 0.00082615960855,
        "max": 1,
        "mean": 0.0246074739844,
        "median": 0,
        "min": 0,
        "var": 0.0240019485354
    },
    "spectral_centroid": {
        "dmean": 213.142211914,
        "dmean2": 334.84677124,
        "dvar": 61171.59375,
        "dvar2": 130588.789062,
        "max": 11650.96875,
        "mean": 1075.19360352,
        "median": 940.615356445,
        "min": 169.460540771,
        "var": 997831.1875
    },
    "spectral_complexity": {
        "dmean": 3.23618006706,
        "dmean2": 5.20901823044,
        "dvar": 8.99352931976,
        "dvar2": 21.6570224762,
        "max": 45,
        "mean": 20.91065979,
        "median": 22,
        "min": 0,
        "var": 55.3087463379
    },
    "spectral_decrease": {
        "dmean": 4.97636465369e-09,
        "dmean2": 8.27935231484e-09,
        "dvar": 4.77917660973e-17,
        "dvar2": 1.27543428636e-16,
        "max": 2.37003470435e-28,
        "mean": -1.2243760672e-08,
        "median": -1.11423936744e-08,
        "min": -5.62010384897e-08,
        "var": 5.84408661422e-17
    },
    "spectral_energy": {
        "dmean": 0.0191000308841,
        "dmean2": 0.0317613147199,
        "dvar": 0.000701796729118,
        "dvar2": 0.00187294161879,
        "max": 0.215161398053,
        "mean": 0.0482379160821,
        "median": 0.0440840981901,
        "min": 9.90193919818e-21,
        "var": 0.000870679330546
    },
    "spectral_energyband_high": {
        "dmean": 0.000231311249081,
        "dmean2": 0.000346573157003,
        "dvar": 1.3367642282e-07,
        "dvar2": 3.2340932421e-07,
        "max": 0.00879306625575,
        "mean": 0.000759336224291,
        "median": 0.000489639758598,
        "min": 7.01277260974e-21,
        "var": 6.70027986871e-07
    },
    "spectral_energyband_low": {
        "dmean": 0.0138665651903,
        "dmean2": 0.0231551397592,
        "dvar": 0.000418205134338,
        "dvar2": 0.00112070259638,
        "max": 0.194687113166,
        "mean": 0.0249036923051,
        "median": 0.0209968276322,
        "min": 1.59613903045e-23,
        "var": 0.000479542301036
    },
    "spectral_energyband_middle_high": {
        "dmean": 0.00130337022711,
        "dmean2": 0.00198904448189,
        "dvar": 3.48099979419e-06,
        "dvar2": 7.94931293058e-06,
        "max": 0.0429120548069,
        "mean": 0.005027952604,
        "median": 0.00349128409289,
        "min": 1.21143226037e-21,
        "var": 2.27654327318e-05
    },
    "spectral_energyband_middle_low": {
        "dmean": 0.0101967062801,
        "dmean2": 0.0171828269958,
        "dvar": 0.00029338436434,
        "dvar2": 0.000770334212575,
        "max": 0.162132948637,
        "mean": 0.0206702314317,
        "median": 0.0169165730476,
        "min": 1.42027741688e-22,
        "var": 0.000282419641735
    },
    "spectral_entropy": {
        "dmean": 0.164980813861,
        "dmean2": 0.25128158927,
        "dvar": 0.0310019161552,
        "dvar2": 0.0690742507577,
        "max": 9.82545471191,
        "mean": 7.4208779335,
        "median": 7.53970861435,
        "min": 3.90889668465,
        "var": 0.436794817448
    },
    "spectral_flux": {
        "dmean": 0.0383197516203,
        "dmean2": 0.0609901025891,
        "dvar": 0.00211742660031,
        "dvar2": 0.00442346325144,
        "max": 0.423272788525,
        "mean": 0.108140364289,
        "median": 0.0945206433535,
        "min": 6.40167155397e-11,
        "var": 0.00366816506721
    },
    "spectral_kurtosis": {
        "dmean": 3.19662094116,
        "dmean2": 5.08313083649,
        "dvar": 121.79888916,
        "dvar2": 266.66003418,
        "max": 289.862548828,
        "mean": 7.64329004288,
        "median": 3.44863605499,
        "min": -1.25482988358,
        "var": 429.844329834
    },
    "spectral_rms": {
        "dmean": 0.00126017828006,
        "dmean2": 0.00204521254636,
        "dvar": 2.36671530729e-06,
        "dvar2": 6.20469700152e-06,
        "max": 0.0144883943722,
        "mean": 0.00650725141168,
        "median": 0.00655811512843,
        "min": 3.10812291703e-12,
        "var": 4.71699650006e-06
    },
    "spectral_rolloff": {
        "dmean": 289.034881592,
        "dmean2": 479.15814209,
        "dvar": 232684.796875,
        "dvar2": 486796.28125,
        "max": 19552.1484375,
        "mean": 944.081726074,
        "median": 624.462890625,
        "min": 107.666015625,
        "var": 3060177.5
    },
    "spectral_skewness": {
        "dmean": 0.271120578051,
        "dmean2": 0.42929059267,
        "dvar": 0.296484559774,
        "dvar2": 0.685745120049,
        "max": 14.045129776,
        "mean": 1.72746920586,
        "median": 1.48709976673,
        "min": -0.0814159885049,
        "var": 1.60976850986
    },
    "spectral_spread": {
        "dmean": 467424.53125,
        "dmean2": 672538.1875,
        "dvar": 552939356160,
        "dvar2": 973964378112,
        "max": 42619096,
        "mean": 4605261.5,
        "median": 4476386,
        "min": 295252.0625,
        "var": 1.25073306419e+13
    },
    "spectral_strongpeak": {
        "dmean": 0.359721451998,
        "dmean2": 0.626894712448,
        "dvar": 0.309317171574,
        "dvar2": 0.788797140121,
        "max": 7.76070737839,
        "mean": 0.697746217251,
        "median": 0.526604533195,
        "min": 0,
        "var": 0.416004776955
    },
    "zerocrossingrate": {
        "dmean": 0.00753428274766,
        "dmean2": 0.00930294860154,
        "dvar": 6.53002352919e-05,
        "dvar2": 7.99097251729e-05,
        "max": 0.5283203125,
        "mean": 0.0475900024176,
        "median": 0.041015625,
        "min": 0.00390625,
        "var": 0.00216418527998
    },
    "barkbands": {
        "dmean": [4.09796994063e-05, 0.00549005577341, 0.00759811839089, 0.00577101157978, 0.00370723800734, 0.00219266093336, 0.00110346497968, 0.000555849692319, 0.00105006573722, 0.000544098962564, 0.000297070422675, 0.000272193545243, 0.000270707183518, 0.000289498799248, 0.000212553946767, 0.000191673228983, 0.000183114854735, 0.000122551631648, 0.000131346838316, 9.20837264857e-05, 6.17934492766e-05, 6.76986965118e-05, 7.4898263847e-05, 5.04922536493e-05, 1.8421720597e-05, 8.26232007967e-06, 1.22267522329e-06],
        "dmean2": [7.62544514146e-05, 0.00892934948206, 0.0127991745248, 0.00995520688593, 0.00628829095513, 0.00352993630804, 0.00180712481961, 0.000909035035875, 0.00167634873651, 0.000853761739563, 0.000462236406747, 0.000425761798397, 0.000421477103373, 0.000458923430415, 0.00033868275932, 0.000309818220558, 0.000297742022667, 0.00019845017232, 0.000211285165278, 0.000144834833918, 9.87774183159e-05, 0.000106453087938, 0.000115157774417, 7.8207704064e-05, 2.83034642052e-05, 1.29630152514e-05, 1.95364282263e-06],
        "dvar": [2.63011425972e-08, 5.64078000025e-05, 0.000135687063448, 0.000151384199853, 2.66317856585e-05, 8.96815345186e-06, 3.10133873427e-06, 1.00172940165e-06, 3.4818867789e-06, 1.3075429024e-06, 6.35526134829e-07, 4.98834651808e-07, 4.0162217374e-07, 2.53962127772e-07, 1.97442048488e-07, 7.69517711774e-08, 6.97856918919e-08, 2.83273706714e-08, 3.38394379185e-08, 3.02964195953e-08, 8.89230200585e-09, 1.7441465161e-08, 1.69165605968e-08, 7.04554903308e-09, 1.57025825676e-09, 3.83422016359e-10, 1.39291495005e-11],
        "dvar2": [7.74729329578e-08, 0.000146484686411, 0.00036364592961, 0.000398555333959, 7.21642427379e-05, 2.21110840357e-05, 8.30278167996e-06, 2.44771922553e-06, 8.9853474492e-06, 3.0469682315e-06, 1.51268420723e-06, 1.23495760818e-06, 8.89961711437e-07, 5.93004926941e-07, 4.66460988946e-07, 1.84842164686e-07, 1.69721218413e-07, 7.079164277e-08, 8.26754344985e-08, 6.43081108365e-08, 2.24175487062e-08, 4.45712267094e-08, 3.98985804395e-08, 1.66556457515e-08, 3.33748051418e-09, 9.43102040907e-10, 3.40768177565e-11],
        "max": [0.00504339952022, 0.0781769901514, 0.115735977888, 0.127484619617, 0.08805590868, 0.064132720232, 0.0245732702315, 0.0352765023708, 0.0361908599734, 0.0228549726307, 0.0241074394435, 0.0204680208117, 0.024421999231, 0.0122240222991, 0.00866356026381, 0.00670045102015, 0.00549249444157, 0.00283878436312, 0.00369388377294, 0.00626582372934, 0.00215854379348, 0.0043121711351, 0.00297815166414, 0.0020428688731, 0.00132025242783, 0.000428483035648, 0.000120440003229],
        "mean": [3.66860804206e-05, 0.0100896861404, 0.0117470659316, 0.00547060836107, 0.00583371147513, 0.00388579722494, 0.00210014102049, 0.000959310738835, 0.00219437899068, 0.00102225854062, 0.000539080763701, 0.000570799864363, 0.00055513944244, 0.000577963481192, 0.000403476617066, 0.000397375493776, 0.000380754412618, 0.000266746064881, 0.000306015368551, 0.000208219513297, 0.000154976689373, 0.000167242018506, 0.000189165759366, 0.000125314123579, 4.19918069383e-05, 1.2633246115e-05, 1.38877373956e-06],
        "median": [1.49929455802e-05, 0.00758777279407, 0.00793214328587, 0.00207048398443, 0.00365592702292, 0.00258775730617, 0.00128915603273, 0.000517007545568, 0.00129775097594, 0.000377475545974, 0.000176666129846, 0.000171504972968, 0.000220989095396, 0.000305272464175, 0.000202765120775, 0.000284038396785, 0.000299121398712, 0.000197523055249, 0.00021037744591, 0.000101980964246, 0.000100749239209, 8.19721826701e-05, 8.9723012934e-05, 7.32233311282e-05, 2.2665843062e-05, 3.78802246814e-06, 2.22392031901e-07],
        "min": [1.49389449242e-25, 2.62531607637e-24, 1.15591088328e-24, 7.77665736381e-25, 4.04916110092e-24, 3.33051157728e-24, 7.79289971402e-24, 7.53798562339e-24, 1.92683157296e-23, 1.74035889669e-23, 8.57728225589e-24, 2.6819787719e-23, 2.392611339e-23, 3.11536790918e-23, 3.88937614127e-23, 4.44683763727e-23, 7.16139226248e-23, 8.26835343912e-23, 1.19720459228e-22, 2.03709066168e-22, 2.75962855961e-22, 3.01894746022e-22, 3.55989651974e-22, 4.80768388301e-22, 8.55344335265e-22, 1.32478478194e-21, 1.97509061215e-21],
        "var": [1.45504079896e-08, 8.9805580501e-05, 0.00015821341367, 0.000120130716823, 4.05005230277e-05, 1.67958787642e-05, 5.80104824621e-06, 2.13553994399e-06, 8.36888284539e-06, 3.76934667656e-06, 1.61018067502e-06, 1.53422797666e-06, 1.35829736791e-06, 7.66263667629e-07, 4.52951780971e-07, 1.8986939665e-07, 1.34059405354e-07, 6.7251960445e-08, 1.07254919612e-07, 1.24131233292e-07, 3.0798382511e-08, 6.05316401447e-08, 6.93752966185e-08, 2.34799415466e-08, 4.24411750188e-09, 5.77956515979e-10, 1.5567354697e-11]
    },
    "erbbands": {
        "dmean": [0.0699776411057, 1.58756649494, 7.72206878662, 14.4023370743, 15.1777868271, 13.5584726334, 17.0839385986, 16.9552650452, 14.7784547806, 13.1660900116, 15.5395011902, 22.3794803619, 19.6783905029, 14.7589864731, 9.06310844421, 9.5576543808, 10.6426591873, 15.5158872604, 9.37792873383, 9.31966495514, 11.1984033585, 9.97607135773, 6.55661821365, 6.8835773468, 5.82544708252, 3.79511332512, 2.48063826561, 2.44958758354, 2.30460906029, 2.41904878616, 2.10309123993, 1.33595430851, 0.71814006567, 0.233030036092, 0.13079379499, 0.0528490580618, 0.0118148596957, 0.00186359114014, 0.000214512096136, 2.8950495107e-05],
        "dmean2": [0.114539183676, 2.58300375938, 12.8058214188, 24.7527713776, 26.4073486328, 22.8075313568, 27.5680713654, 27.6105270386, 24.6645069122, 21.414850235, 25.3300094604, 35.9892997742, 31.0696029663, 23.2235507965, 14.0710868835, 14.8720645905, 16.5108242035, 24.4255466461, 14.7151556015, 14.9655828476, 18.2042922974, 16.1118183136, 10.4901723862, 11.1249856949, 9.18985843658, 5.93682670593, 4.03925418854, 3.91855740547, 3.63999152184, 3.68616294861, 3.23015236855, 2.04707789421, 1.13237512112, 0.36028778553, 0.202262014151, 0.0818672627211, 0.018699279055, 0.00295647303574, 0.000341305334587, 4.7349210945e-05],
        "dvar": [0.00867193937302, 4.84935283661, 133.709396362, 709.646057129, 1135.91357422, 391.073547363, 598.036132812, 662.955810547, 663.4765625, 409.799957275, 734.905883789, 1784.8359375, 1368.65283203, 1401.34899902, 479.096221924, 723.82220459, 597.4296875, 679.799255371, 390.642272949, 337.343078613, 269.351043701, 232.45135498, 79.7623596191, 91.7450485229, 77.9420394897, 58.22706604, 14.564412117, 21.0499000549, 18.8910274506, 21.4283294678, 12.4434976578, 5.29108524323, 1.46085882187, 0.230646818876, 0.090243421495, 0.0154221886769, 0.000854194688145, 2.79770538327e-05, 3.99624411784e-07, 2.39294628557e-09],
        "dvar2": [0.0228527933359, 12.5725269318, 352.908843994, 1920.77050781, 3050.27612305, 1047.26525879, 1490.10534668, 1666.02404785, 1802.16052246, 1069.72717285, 1823.3828125, 4582.68798828, 3323.84716797, 3397.40136719, 1160.95178223, 1813.46777344, 1305.00927734, 1547.78735352, 885.258422852, 837.934143066, 651.587646484, 550.674316406, 198.997711182, 227.094497681, 177.193786621, 122.317016602, 37.6678886414, 53.9056396484, 47.4863357544, 50.1766586304, 29.062505722, 12.4327764511, 3.54750394821, 0.520953416824, 0.197841703892, 0.0372610650957, 0.00209117727354, 6.88075306243e-05, 9.67488517745e-07, 6.10512307375e-09],
        "max": [1.18638634682, 23.6955566406, 118.600852966, 249.362640381, 359.936676025, 371.50189209, 539.656188965, 588.508117676, 353.265014648, 534.322753906, 749.683532715, 1087.17504883, 944.381103516, 1308.26025391, 797.340148926, 856.065307617, 826.809570312, 735.277954102, 465.214447021, 488.464660645, 462.216705322, 380.21963501, 156.792602539, 236.722442627, 209.913238525, 287.048278809, 72.6485137939, 172.537628174, 172.615020752, 135.205780029, 67.5909423828, 67.347694397, 23.0112228394, 14.6725263596, 8.6278181076, 2.16927456856, 0.721819639206, 0.156988695264, 0.0189435053617, 0.00120580533985],
        "mean": [0.125468954444, 2.92041802406, 13.0319414139, 16.5216236115, 16.1028652191, 21.6740074158, 30.3712730408, 29.6526107788, 27.3299827576, 26.7761230469, 28.8012542725, 45.6789093018, 40.8759460449, 31.3082389832, 19.835105896, 20.5167961121, 24.0800228119, 33.3589744568, 21.95952034, 19.7311992645, 23.8962993622, 21.6131343842, 15.3840818405, 16.4204616547, 14.677567482, 9.21508693695, 5.87323856354, 6.24089002609, 5.76597833633, 6.00467395782, 5.29722452164, 3.19885468483, 1.72967398167, 0.536558389664, 0.278730511665, 0.0909167677164, 0.0170482546091, 0.00245635421015, 0.000269408803433, 6.77682328387e-05],
        "median": [0.102092608809, 2.19267868996, 9.20867061615, 9.09474945068, 7.3338060379, 12.4212989807, 18.3336620331, 18.661687851, 17.6237640381, 17.7368755341, 17.1465988159, 27.6361045837, 21.1408405304, 11.422999382, 6.77850818634, 6.98002004623, 10.5236625671, 17.9530067444, 11.1768217087, 13.3181095123, 17.9760761261, 16.8032035828, 12.0609550476, 12.1764497757, 9.25754356384, 4.62696409225, 4.11326885223, 3.40611600876, 2.93563175201, 2.69528889656, 2.62150192261, 1.68604409695, 1.07118296623, 0.326673537493, 0.116285845637, 0.0306151434779, 0.00469452561811, 0.000539450673386, 7.30122046662e-05, 5.90053750784e-05],
        "min": [1.11084855697e-22, 6.05276690487e-22, 1.41396377809e-21, 3.7147772542e-21, 7.43606936352e-21, 1.48050983233e-20, 6.06091713806e-20, 4.45222468382e-20, 9.42865504757e-20, 1.09283457766e-19, 2.13834447226e-19, 4.98364841932e-19, 5.56236724032e-19, 6.33356220106e-19, 7.01648251479e-19, 1.2192045625e-18, 1.19750006701e-18, 1.69653978493e-18, 2.16144072498e-18, 3.49034856526e-18, 4.30476991687e-18, 4.4227051927e-18, 4.60493349524e-18, 7.08523290762e-18, 8.04697926222e-18, 9.17303925524e-18, 1.06828266801e-17, 1.07088332385e-17, 1.02021462358e-17, 1.12906538834e-17, 9.4342835722e-18, 9.61812859924e-18, 7.38380209536e-18, 7.45801094965e-18, 6.65717769397e-18, 3.99447048086e-18, 2.28133538489e-18, 1.03884310321e-18, 2.42626601021e-19, 2.84003351409e-20],
        "var": [0.0124768698588, 7.60834121704, 176.953262329, 570.064147949, 876.815917969, 749.395629883, 1218.32922363, 1225.59606934, 982.214477539, 906.530517578, 1439.10266113, 3825.48925781, 3525.69287109, 4495.88574219, 1525.63220215, 1876.6484375, 2082.3737793, 2329.93920898, 1372.60339355, 589.766662598, 603.088989258, 468.988464355, 193.513595581, 272.732818604, 305.340545654, 248.113189697, 37.5442695618, 73.5085678101, 70.0641326904, 78.6474990845, 52.0965194702, 17.5175762177, 4.2996506691, 0.577519953251, 0.230185806751, 0.02686117962, 0.00119679153431, 3.49176152667e-05, 4.58318140772e-07, 2.78810263765e-09]
    },
    "gfcc": {
        "mean": [6.59867525101, 117.557296753, -111.847625732, 41.151802063, -58.2082099915, 9.92971801758, -39.5255699158, 7.16256475449, -14.6056880951, -5.88406658173, -12.8935289383, -7.59073638916, -9.64103889465],
        "cov": [[20752.2617188, -1202.52099609, -1311.45275879, 1583.45654297, -1073.98352051, 1664.45532227, -183.890487671, 558.05682373, -299.946746826, 239.745574951, -268.947235107, 219.784729004, -199.987167358], [-1202.52099609, 1620.73291016, -262.832397461, -170.588150024, 357.10043335, -584.263305664, 63.2590904236, -142.283676147, 162.626296997, -136.112869263, 129.997940063, -183.495559692, 111.10395813], [-1311.45275879, -262.832397461, 666.112426758, -40.5832595825, 65.2896881104, 88.0633850098, -19.1517333984, 23.3049812317, -2.45370316505, 16.9307136536, -30.7018737793, 15.2618331909, -62.3438415527], [1583.45654297, -170.588150024, -40.5832595825, 558.51574707, 9.22083854675, 238.396331787, 50.5267677307, 109.968986511, 50.6999778748, 47.7628097534, -6.22314071655, -13.9670982361, 23.3282680511], [-1073.98352051, 357.10043335, 65.2896881104, 9.22083854675, 344.498931885, -125.645339966, 99.4824371338, 3.36750888824, 56.0919189453, -2.19130396843, 31.0743942261, -37.0795974731, 15.8474216461], [1664.45532227, -584.263305664, 88.0633850098, 238.396331787, -125.645339966, 491.643890381, 35.7465667725, 115.62928009, -56.8373908997, 47.1310119629, -35.0187149048, 65.757522583, -49.2850952148], [-183.890487671, 63.2590904236, -19.1517333984, 50.5267677307, 99.4824371338, 35.7465667725, 157.402114868, 22.5044574738, 30.9194736481, 7.03133535385, 10.0001220703, -4.32906246185, 0.126349687576], [558.05682373, -142.283676147, 23.3049812317, 109.968986511, 3.36750888824, 115.62928009, 22.5044574738, 124.849563599, 26.3638954163, 38.2987976074, -5.12269163132, 7.30268239975, -8.69178962708], [-299.946746826, 162.626296997, -2.45370316505, 50.6999778748, 56.0919189453, -56.8373908997, 30.9194736481, 26.3638954163, 124.925300598, 18.3756465912, 24.0181884766, -32.1430206299, 21.1550331116], [239.745574951, -136.112869263, 16.9307136536, 47.7628097534, -2.19130396843, 47.1310119629, 7.03133535385, 38.2987976074, 18.3756465912, 79.4923706055, 12.4060707092, 24.8454380035, -16.8859825134], [-268.947235107, 129.997940063, -30.7018737793, -6.22314071655, 31.0743942261, -35.0187149048, 10.0001220703, -5.12269163132, 24.0181884766, 12.4060707092, 84.6736373901, 0.613612771034, 20.0333518982], [219.784729004, -183.495559692, 15.2618331909, -13.9670982361, -37.0795974731, 65.757522583, -4.32906246185, 7.30268239975, -32.1430206299, 24.8454380035, 0.613612771034, 79.5819549561, 0.269775867462], [-199.987167358, 111.10395813, -62.3438415527, 23.3282680511, 15.8474216461, -49.2850952148, 0.126349687576, -8.69178962708, 21.1550331116, -16.8859825134, 20.0333518982, 0.269775867462, 80.1371002197]],
        "icov": [[0.000207369273994, -0.000534868915565, 0.000361505168257, -0.000425360427471, 0.000549461401533, -0.000617308018263, 0.000360426114639, -0.000522805494256, 0.000507269927766, -0.000653405906633, 0.000855169608258, -0.000716156908311, 0.00063557428075], [-0.000534868915565, 0.0037367050536, -0.000293456483632, 0.00115372298751, -0.00283594662324, 0.00285835168324, -0.000942244019825, 0.00194616359659, -0.00267800502479, 0.00444002216682, -0.0045009823516, 0.00401177536696, -0.00179408828262], [0.000361505168257, -0.000293456483632, 0.00267476192676, -0.000376288924599, -0.000356491451384, -0.00144300772808, 0.00155897799414, -0.000651311362162, -0.000183102951269, -0.000275826547295, 0.00141979567707, -0.00108961411752, 0.00224830908701], [-0.000425360427471, 0.00115372298751, -0.000376288924599, 0.00399376032874, -0.0016781889135, -0.000674404029269, -0.00058399757836, 0.000485802389449, -0.00192814006004, -9.06750210561e-05, -0.00119876395911, 0.0035771986004, -0.00336815905757], [0.000549461401533, -0.00283594662324, -0.000356491451384, -0.0016781889135, 0.00723428092897, -0.000437261653133, -0.00239262124524, -0.00263987132348, 0.00252480013296, -0.00340740196407, 0.00257641356438, -0.00237997877412, 0.0015115912538], [-0.000617308018263, 0.00285835168324, -0.00144300772808, -0.000674404029269, -0.000437261653133, 0.00778030790389, -0.00307542830706, -0.00123194698244, 3.95854294766e-05, 0.00418928638101, -0.00392255233601, 0.000504877476487, 0.000164144337759], [0.000360426114639, -0.000942244019825, 0.00155897799414, -0.00058399757836, -0.00239262124524, -0.00307542830706, 0.00996770802885, -0.000621447165031, -0.00139372504782, -0.000360278936569, 0.0014915287029, -0.00201257644221, 0.00201318017207], [-0.000522805494256, 0.00194616359659, -0.000651311362162, 0.000485802389449, -0.00263987132348, -0.00123194698244, -0.000621447165031, 0.0147134196013, -0.00458816066384, -0.00182165077422, -0.00137776439078, 0.00327877537347, -0.00212906394154], [0.000507269927766, -0.00267800502479, -0.000183102951269, -0.00192814006004, 0.00252480013296, 3.95854294766e-05, -0.00139372504782, -0.00458816066384, 0.0152269005775, -0.00725969159976, 0.00158193951938, 0.00201941537671, -0.00152443174738], [-0.000653405906633, 0.00444002216682, -0.000275826547295, -9.06750210561e-05, -0.00340740196407, 0.00418928638101, -0.000360278936569, -0.00182165077422, -0.00725969159976, 0.0258332900703, -0.00888742413372, -0.00376715837047, 0.00467303022742], [0.000855169608258, -0.0045009823516, 0.00141979567707, -0.00119876395911, 0.00257641356438, -0.00392255233601, 0.0014915287029, -0.00137776439078, 0.00158193951938, -0.00888742413372, 0.0200536530465, -0.00531262438744, -0.000531384022906], [-0.000716156908311, 0.00401177536696, -0.00108961411752, 0.0035771986004, -0.00237997877412, 0.000504877476487, -0.00201257644221, 0.00327877537347, 0.00201941537671, -0.00376715837047, -0.00531262438744, 0.0247544180602, -0.00818043295294], [0.00063557428075, -0.00179408828262, 0.00224830908701, -0.00336815905757, 0.0015115912538, 0.000164144337759, 0.00201318017207, -0.00212906394154, -0.00152443174738, 0.00467303022742, -0.000531384022906, -0.00818043295294, 0.0203970968723]]
    },
    "melbands": {
        "dmean": [0.00108479603659, 0.00334763759747, 0.00256736995652, 0.000926141045056, 0.000578622566536, 0.000382977159461, 0.000227229844313, 0.0001297648123, 0.000140262083733, 0.000150251187733, 0.000100888268207, 6.41749575152e-05, 3.28288479068e-05, 2.6489909942e-05, 3.06541551254e-05, 2.81135999103e-05, 3.04076838802e-05, 1.62588858075e-05, 1.73230491782e-05, 1.16637302199e-05, 1.39349667734e-05, 1.08815929707e-05, 7.91939964984e-06, 6.5860349423e-06, 6.22307470621e-06, 5.02649982081e-06, 4.68450753033e-06, 2.35582888308e-06, 1.5591393776e-06, 1.77684273694e-06, 1.56935743689e-06, 1.47414937146e-06, 1.43697650401e-06, 1.48120170707e-06, 1.44843102134e-06, 9.85220481198e-07, 8.68690221978e-07, 6.17550654169e-07, 2.86600482013e-07, 1.9047128319e-07],
        "dmean2": [0.00177276763134, 0.00551564292982, 0.00440969644114, 0.00158668798395, 0.000937636592425, 0.000622331164777, 0.000375578354578, 0.000210375597817, 0.000227858952712, 0.000240473178565, 0.000159226896358, 0.000101051031379, 5.04768358951e-05, 4.0840357542e-05, 4.87280267407e-05, 4.34752328147e-05, 4.81968818349e-05, 2.55523646047e-05, 2.76265400316e-05, 1.89513266378e-05, 2.269142351e-05, 1.77117490239e-05, 1.28724068418e-05, 1.07291725726e-05, 1.00863626358e-05, 8.10354231362e-06, 7.38154722058e-06, 3.68197675016e-06, 2.56257726505e-06, 2.87999364446e-06, 2.53622056334e-06, 2.36141318055e-06, 2.25041640078e-06, 2.28235489885e-06, 2.23585016101e-06, 1.55855138928e-06, 1.34448191602e-06, 9.8315251762e-07, 4.56412578842e-07, 2.9577753935e-07],
        "dvar": [2.08544679481e-06, 2.42318219534e-05, 2.40497302002e-05, 2.0406873773e-06, 6.34368802821e-07, 3.08115289727e-07, 1.37563304747e-07, 3.91452843473e-08, 6.06416250548e-08, 7.94101495671e-08, 3.65506025446e-08, 2.46297453543e-08, 6.64157040475e-09, 5.35302646654e-09, 7.22463955327e-09, 4.0753365127e-09, 2.71895794768e-09, 1.27195654009e-09, 1.42026379546e-09, 3.70624447799e-10, 4.16866735575e-10, 2.74423206381e-10, 1.24851642913e-10, 1.02786286427e-10, 8.11240727372e-11, 5.65742973302e-11, 7.99907570737e-11, 2.78037193963e-11, 6.29335472624e-12, 8.79551639854e-12, 1.30478457899e-11, 1.04312817065e-11, 7.63159067191e-12, 8.80136241665e-12, 6.74589160574e-12, 2.7197502063e-12, 2.65734960078e-12, 1.05746607217e-12, 2.90160311143e-13, 1.6766170158e-13],
        "dvar2": [5.476388651e-06, 6.37485500192e-05, 6.44002357149e-05, 5.50249023945e-06, 1.61661535003e-06, 7.72436862917e-07, 3.73826964051e-07, 1.00305264539e-07, 1.50169938706e-07, 2.08045136674e-07, 8.85185897914e-08, 5.92351163675e-08, 1.55824118053e-08, 1.23410597297e-08, 1.84127824099e-08, 8.79148132071e-09, 6.25421847644e-09, 2.89052404234e-09, 3.50026874152e-09, 8.9978036133e-10, 1.00883545961e-09, 6.67096600182e-10, 3.03411212821e-10, 2.54888693485e-10, 2.00581107279e-10, 1.35985639416e-10, 1.76021155984e-10, 5.84980050511e-11, 1.63857295787e-11, 2.15456125163e-11, 3.48115529458e-11, 2.6731779984e-11, 1.77892683223e-11, 2.09499483733e-11, 1.60859433412e-11, 6.69928912692e-12, 6.09635085469e-12, 2.58856781496e-12, 6.99749774184e-13, 3.84854420468e-13],
        "max": [0.0163309313357, 0.0518149808049, 0.0443182587624, 0.0144121097401, 0.0216130856425, 0.0127954566851, 0.0052337879315, 0.00495212990791, 0.00523857120425, 0.00653477478772, 0.0046209525317, 0.00501649174839, 0.00296070845798, 0.00244374969043, 0.0038394741714, 0.00208585872315, 0.00151043850929, 0.000881881511305, 0.000890517025255, 0.00047676556278, 0.000566333765164, 0.000427916500485, 0.000234185499721, 0.000190638354979, 0.000240722962189, 0.000170739062014, 0.00030814789352, 0.000194477295736, 5.33888633072e-05, 5.76465972699e-05, 0.000156609894475, 0.000144605321111, 0.000124555677758, 6.7371482146e-05, 5.67204915569e-05, 4.6190663852e-05, 5.37448977411e-05, 1.91824201465e-05, 1.2881899238e-05, 1.27820630951e-05],
        "mean": [0.001967696473, 0.005979642272, 0.00294968206435, 0.00128225726075, 0.00106270727701, 0.00068082427606, 0.000437245354988, 0.000264979113126, 0.000247434683843, 0.000306528410874, 0.000203397707082, 0.000131819091621, 6.56756164972e-05, 5.89972150919e-05, 5.67340648558e-05, 5.90589479543e-05, 6.11990762991e-05, 3.41186751029e-05, 3.12454685627e-05, 2.45387091127e-05, 2.75907495961e-05, 2.22629169002e-05, 1.62263895618e-05, 1.31677834361e-05, 1.34099955176e-05, 1.10742830657e-05, 1.02405219877e-05, 4.94035339216e-06, 3.18015759149e-06, 3.98190013584e-06, 3.5202529034e-06, 3.30553007188e-06, 3.17624107993e-06, 3.44607110492e-06, 3.37348183166e-06, 2.18754280468e-06, 1.88984790839e-06, 1.40557369832e-06, 6.06514674928e-07, 3.96624301402e-07],
        "median": [0.00157836184371, 0.00453020213172, 0.00163866148796, 0.000725327059627, 0.000704062753357, 0.000450369348982, 0.000292681972496, 0.000179179143743, 0.000136797170853, 0.000179116352228, 9.70231703832e-05, 4.42041928181e-05, 2.33682112594e-05, 1.55101024575e-05, 1.81093528226e-05, 2.49286822509e-05, 3.22355153912e-05, 1.57056419994e-05, 1.63023614732e-05, 1.73030730366e-05, 2.05132600968e-05, 1.73533626366e-05, 1.25659416881e-05, 9.03373438632e-06, 9.46249565459e-06, 7.13902682037e-06, 5.00588294017e-06, 2.2036711016e-06, 2.08460983231e-06, 2.37077620113e-06, 1.61741149896e-06, 1.50636333274e-06, 1.51989775077e-06, 1.33723403906e-06, 1.5501307189e-06, 1.09562370199e-06, 9.47119588091e-07, 8.33831165892e-07, 3.62055800451e-07, 2.1483896262e-07],
        "min": [1.13421375712e-24, 1.31080638443e-24, 1.59868046419e-24, 6.94462949681e-25, 1.94783562565e-24, 9.47309830314e-25, 1.87810347707e-24, 1.2523187578e-24, 1.63842160026e-24, 2.61269134366e-24, 2.7137533003e-24, 2.47408296058e-24, 1.49484950716e-24, 3.48508611064e-24, 2.25513875786e-24, 3.29206131346e-24, 2.7250606353e-24, 2.53068313889e-24, 3.22725915111e-24, 3.3710318121e-24, 4.48339708038e-24, 3.57623583279e-24, 2.85843216526e-24, 3.97239349636e-24, 5.23385820888e-24, 4.37704482529e-24, 4.30031942478e-24, 5.31088022109e-24, 5.04331437925e-24, 5.42152979596e-24, 4.88020121545e-24, 4.49278570844e-24, 6.17177438215e-24, 5.75625728311e-24, 4.43302278955e-24, 4.86214497819e-24, 6.16652135738e-24, 4.2167542058e-24, 6.17666768634e-24, 5.04300199033e-24],
        "var": [3.09895790451e-06, 3.26051995216e-05, 1.93564301298e-05, 2.43603722083e-06, 1.31538479309e-06, 5.59611919471e-07, 2.19571134608e-07, 8.96980978382e-08, 1.1872262462e-07, 1.80771152714e-07, 9.59226014174e-08, 7.99026338427e-08, 1.84258439617e-08, 1.98224476833e-08, 1.79535923905e-08, 1.56017581077e-08, 8.75458638916e-09, 4.32153024477e-09, 2.65580046843e-09, 8.46596848181e-10, 8.75426342528e-10, 5.21241383389e-10, 2.43946141065e-10, 2.16573661782e-10, 2.18599124913e-10, 1.69736530387e-10, 2.86816709272e-10, 9.98735191771e-11, 1.31150880087e-11, 2.692069484e-11, 3.52178425311e-11, 3.03179460703e-11, 2.30813510665e-11, 3.03245033251e-11, 2.48576628031e-11, 8.4617616733e-12, 7.49596652111e-12, 3.00956048277e-12, 6.5227212737e-13, 3.93397960692e-13]
    },
    "mfcc": {
        "mean": [-624.412902832, 133.948059082, 9.10466575623, 29.0178966522, 7.89366197586, 3.09094405174, -7.95120954514, 6.99402189255, -2.76462173462, 5.75840759277, -0.76924943924, -0.842681884766, -6.89412641525],
        "cov": [[9156.6953125, -626.934692383, -83.2859191895, 233.575531006, 121.511352539, 640.395874023, 433.07434082, 569.870056152, 140.472717285, 394.325927734, 106.889259338, 31.4364776611, 34.4086151123], [-626.934692383, 1313.01245117, -284.350036621, 223.049407959, 33.4424743652, -171.843643188, -70.2371444702, -99.5715789795, 11.7872962952, -49.9121551514, 6.68048620224, 29.2259902954, -42.0347366333], [-83.2859191895, -284.350036621, 548.962463379, -110.397735596, 69.02368927, 52.3356132507, -12.9294481277, 19.0347805023, -12.4916677475, 0.32892113924, 3.61088371277, -5.5739364624, 41.0762443542], [233.575531006, 223.049407959, -110.397735596, 391.783325195, 96.0393981934, 25.818113327, 16.280216217, 3.41654443741, 86.7483139038, 50.9391059875, 38.1366691589, 53.2648887634, 19.4992713928], [121.511352539, 33.4424743652, 69.02368927, 96.0393981934, 166.252120972, 33.6969604492, 31.7207622528, 21.4397792816, 43.7427520752, 31.3361721039, 26.168680191, 24.3906517029, 19.735326767], [640.395874023, -171.843643188, 52.3356132507, 25.818113327, 33.6969604492, 185.305358887, 91.7540969849, 89.6902923584, 26.1552257538, 43.8254623413, 16.3413600922, 13.6055555344, 8.11015987396], [433.07434082, -70.2371444702, -12.9294481277, 16.280216217, 31.7207622528, 91.7540969849, 147.028289795, 79.4739074707, 16.6158065796, 31.2166862488, 16.4547328949, 8.51413249969, 14.4513301849], [569.870056152, -99.5715789795, 19.0347805023, 3.41654443741, 21.4397792816, 89.6902923584, 79.4739074707, 121.374343872, 42.0119628906, 45.5259475708, 17.4069252014, 7.70289611816, 9.21098232269], [140.472717285, 11.7872962952, -12.4916677475, 86.7483139038, 43.7427520752, 26.1552257538, 16.6158065796, 42.0119628906, 99.8481521606, 46.5383415222, 22.5491733551, 19.4534626007, 2.52066230774], [394.325927734, -49.9121551514, 0.32892113924, 50.9391059875, 31.3361721039, 43.8254623413, 31.2166862488, 45.5259475708, 46.5383415222, 97.3204116821, 37.3272132874, 13.4827337265, 13.6303892136], [106.889259338, 6.68048620224, 3.61088371277, 38.1366691589, 26.168680191, 16.3413600922, 16.4547328949, 17.4069252014, 22.5491733551, 37.3272132874, 70.3041534424, 36.4752082825, 15.1244688034], [31.4364776611, 29.2259902954, -5.5739364624, 53.2648887634, 24.3906517029, 13.6055555344, 8.51413249969, 7.70289611816, 19.4534626007, 13.4827337265, 36.4752082825, 74.3095245361, 26.9258403778], [34.4086151123, -42.0347366333, 41.0762443542, 19.4992713928, 19.735326767, 8.11015987396, 14.4513301849, 9.21098232269, 2.52066230774, 13.6303892136, 15.1244688034, 26.9258403778, 69.5824737549]],
