{
"lowlevel": {
    "average_loudness": 0.971358716488,
    "barkbands_crest": {
        "dmean": 1.53727853298,
        "dmean2": 2.55034637451,
        "dvar": 2.10347747803,
        "dvar2": 5.78407287598,
        "max": 23.3027706146,
        "mean": 11.5255556107,
        "median": 11.4803905487,
        "min": 3.61696267128,
        "var": 7.63537073135
    },
    "barkbands_flatness_db": {
        "dmean": 0.028291836381,
        "dmean2": 0.0378167741001,
        "dvar": 0.000950568763074,
        "dvar2": 0.00172065361403,
        "max": 0.561472952366,
        "mean": 0.258218467236,
        "median": 0.256570756435,
        "min": 0.0474417954683,
        "var": 0.00528403650969
    },
    "barkbands_kurtosis": {
        "dmean": 7.42565870285,
        "dmean2": 11.2062892914,
        "dvar": 99.7997131348,
        "dvar2": 219.826522827,
        "max": 196.382476807,
        "mean": 20.9727611542,
        "median": 16.6103076935,
        "min": -1.95115637779,
        "var": 378.499176025
    },
    "barkbands_skewness": {
        "dmean": 0.653324246407,
        "dmean2": 0.986620485783,
        "dvar": 0.556253254414,
        "dvar2": 1.18130409718,
        "max": 11.0548706055,
        "mean": 3.40689730644,
        "median": 3.31515860558,
        "min": -3.05268764496,
        "var": 2.146266222
    },
    "barkbands_spread": {
        "dmean": 2.66231441498,
        "dmean2": 4.04115343094,
        "dvar": 20.0728092194,
        "dvar2": 45.1942825317,
        "max": 86.3270797729,
        "mean": 8.72306537628,
        "median": 5.49993467331,
        "min": 0.511414110661,
        "var": 71.5633163452
    },
    "dissonance": {
        "dmean": 0.0187886878848,
        "dmean2": 0.030981739983,
        "dvar": 0.0003121351765,
        "dvar2": 0.000807539734524,
        "max": 0.500000059605,
        "mean": 0.457599580288,
        "median": 0.462820708752,
        "min": 0.207775980234,
        "var": 0.000748635502532
    },
    "dynamic_complexity": 2.33900403976,
    "erbbands_crest": {
        "dmean": 1.78242397308,
        "dmean2": 2.79554891586,
        "dvar": 3.45123767853,
        "dvar2": 7.63367891312,
        "max": 29.7751197815,
        "mean": 9.11752986908,
        "median": 8.53657341003,
        "min": 2.4576086998,
        "var": 11.577082634
    },
    "erbbands_flatness_db": {
        "dmean": 0.0237697754055,
        "dmean2": 0.0273151826113,
        "dvar": 0.000609886250459,
        "dvar2": 0.000938487995882,
        "max": 0.405324548483,
        "mean": 0.196268811822,
        "median": 0.197256699204,
        "min": 0.0285353567451,
        "var": 0.00302667915821
    },
    "erbbands_kurtosis": {
        "dmean": 1.18571054935,
        "dmean2": 1.82227921486,
        "dvar": 8.8881893158,
        "dvar2": 20.1525058746,
        "max": 121.313903809,
        "mean": 1.07511007786,
        "median": -0.476264119148,
        "min": -1.92083966732,
        "var": 26.8787441254
    },
    "erbbands_skewness": {
        "dmean": 0.394309699535,
        "dmean2": 0.580713510513,
        "dvar": 0.242153003812,
        "dvar2": 0.475355237722,
        "max": 7.96670007706,
        "mean": 0.605497360229,
        "median": 0.389842301607,
        "min": -4.9204287529,
        "var": 1.50416040421
    },
    "erbbands_spread": {
        "dmean": 7.75412607193,
        "dmean2": 11.522023201,
        "dvar": 74.0525054932,
        "dvar2": 157.470306396,
        "max": 150.536270142,
        "mean": 42.0914421082,
        "median": 40.3625259399,
        "min": 1.56299364567,
        "var": 328.061737061
    },
    "hfc": {
        "dmean": 5.74664926529,
        "dmean2": 9.61588191986,
        "dvar": 171.598083496,
        "dvar2": 462.545837402,
        "max": 141.61567688,
        "mean": 10.8178815842,
        "median": 6.35772800446,
        "min": 1.22821365539e-16,
        "var": 171.199157715
    },
    "melbands_crest": {
        "dmean": 2.33021688461,
        "dmean2": 3.73278164864,
        "dvar": 7.96542835236,
        "dvar2": 19.2152671814,
        "max": 37.0292510986,
        "mean": 17.3757514954,
        "median": 16.5820198059,
        "min": 1.58437597752,
        "var": 17.6081314087
    },
    "melbands_flatness_db": {
        "dmean": 0.0312935896218,
        "dmean2": 0.042400225997,
        "dvar": 0.00129363907035,
        "dvar2": 0.00244286097586,
        "max": 0.719874322414,
        "mean": 0.373085409403,
        "median": 0.373108029366,
        "min": 0.00347279617563,
        "var": 0.00736469589174
    },
    "melbands_kurtosis": {
        "dmean": 15.4182739258,
        "dmean2": 23.2646179199,
        "dvar": 406.838989258,
        "dvar2": 910.206970215,
        "max": 342.032592773,
        "mean": 47.601146698,
        "median": 38.8877639771,
        "min": -1.84813189507,
        "var": 1502.24963379
    },
    "melbands_skewness": {
        "dmean": 0.859410583973,
        "dmean2": 1.28407979012,
        "dvar": 0.871572554111,
        "dvar2": 1.92064499855,
        "max": 15.2745304108,
        "mean": 4.92332792282,
        "median": 4.75181770325,
        "min": -1.66736125946,
        "var": 3.51993107796
    },
    "melbands_spread": {
        "dmean": 2.27995920181,
        "dmean2": 3.58583045006,
        "dvar": 23.0391693115,
        "dvar2": 53.2562675476,
        "max": 140.096237183,
        "mean": 6.81634950638,
        "median": 3.92860460281,
        "min": 0.502014458179,
        "var": 63.8342933655
    },
    "pitch_salience": {
        "dmean": 0.0519690029323,
        "dmean2": 0.0867429673672,
        "dvar": 0.00289360852912,
        "dvar2": 0.0079340916127,
        "max": 0.862648487091,
        "mean": 0.518847763538,
        "median": 0.519206881523,
        "min": 0.127393558621,
        "var": 0.00712263630703
    },
    "silence_rate_20dB": {
        "dmean": 0.003163166577,
        "dmean2": 0.00632688915357,
        "dvar": 0.00315297860652,
        "dvar2": 0.00927327107638,
        "max": 1,
        "mean": 0.998330712318,
        "median": 1,
        "min": 0,
        "var": 0.00166649266612
    },
    "silence_rate_30dB": {
        "dmean": 0.0933134183288,
        "dmean2": 0.186643227935,
        "dvar": 0.0846132412553,
        "dvar2": 0.152494058013,
        "max": 1,
        "mean": 0.871288001537,
        "median": 1,
        "min": 0,
        "var": 0.112144984305
    },
    "silence_rate_60dB": {
        "dmean": 0.00123012042604,
        "dmean2": 0.00246045691893,
        "dvar": 0.00122853473295,
        "dvar2": 0.00298144295812,
        "max": 1,
        "mean": 0.0112458271906,
        "median": 0,
        "min": 0,
        "var": 0.0111196814105
    },
    "spectral_centroid": {
        "dmean": 159.255981445,
        "dmean2": 237.460083008,
        "dvar": 63735.8085938,
        "dvar2": 139381.078125,
        "max": 10658.234375,
        "mean": 622.942687988,
        "median": 469.081542969,
        "min": 135.165390015,
        "var": 211090.015625
    },
    "spectral_complexity": {
        "dmean": 3.41657137871,
        "dmean2": 5.28312826157,
        "dvar": 26.6418514252,
        "dvar2": 56.0803108215,
        "max": 54,
        "mean": 10.8010892868,
        "median": 10,
        "min": 0,
        "var": 50.4538536072
    },
    "spectral_decrease": {
        "dmean": 8.19664425222e-09,
        "dmean2": 1.35665514378e-08,
        "dvar": 4.32214231446e-16,
        "dvar2": 1.15249113336e-15,
        "max": 4.11212906478e-18,
        "mean": -1.34397240004e-08,
        "median": -7.77817987796e-09,
        "min": -1.8347239461e-07,
        "var": 3.65501440064e-16
    },
    "spectral_energy": {
        "dmean": 0.0314113721251,
        "dmean2": 0.0519924983382,
        "dvar": 0.00633108289912,
        "dvar2": 0.0168920010328,
        "max": 0.699686586857,
        "mean": 0.05170558393,
        "median": 0.0300231128931,
        "min": 1.05617328668e-20,
        "var": 0.00534608028829
    },
    "spectral_energyband_high": {
        "dmean": 0.000107716870843,
        "dmean2": 0.000155619127327,
        "dvar": 9.53128989067e-08,
        "dvar2": 1.8176102401e-07,
        "max": 0.0174391493201,
        "mean": 0.0001722520974,
        "median": 1.86966008187e-05,
        "min": 7.58725116074e-21,
        "var": 3.59749492418e-07
    },
    "spectral_energyband_low": {
        "dmean": 0.0274063851684,
        "dmean2": 0.0454421155155,
        "dvar": 0.00510058226064,
        "dvar2": 0.0136493537575,
        "max": 0.657956957817,
        "mean": 0.0406073108315,
        "median": 0.0218296479434,
        "min": 1.22703943793e-22,
        "var": 0.00425693066791
    },
    "spectral_energyband_middle_high": {
        "dmean": 0.00127561483532,
        "dmean2": 0.00212243269198,
        "dvar": 8.23404570838e-06,
        "dvar2": 2.15387553908e-05,
        "max": 0.0442842468619,
        "mean": 0.00231517897919,
        "median": 0.000915116339456,
        "min": 1.35650744116e-21,
        "var": 1.13943178803e-05
    },
    "spectral_energyband_middle_low": {
        "dmean": 0.00644936645404,
        "dmean2": 0.011552949436,
        "dvar": 0.000270150980214,
        "dvar2": 0.000753393047489,
        "max": 0.326541155577,
        "mean": 0.0120571926236,
        "median": 0.00896025262773,
        "min": 3.02667829709e-22,
        "var": 0.000188886246178
    },
    "spectral_entropy": {
        "dmean": 0.252190113068,
        "dmean2": 0.326534062624,
        "dvar": 0.079280257225,
        "dvar2": 0.136238768697,
        "max": 9.78629207611,
        "mean": 6.69499874115,
        "median": 6.66807079315,
        "min": 4.1345205307,
        "var": 0.390301018953
    },
    "spectral_flux": {
        "dmean": 0.0481301508844,
        "dmean2": 0.0792543515563,
        "dvar": 0.00874439068139,
        "dvar2": 0.016660599038,
        "max": 0.705992937088,
        "mean": 0.0908405482769,
        "median": 0.0426225811243,
        "min": 1.02770292276e-10,
        "var": 0.0134561369196
    },
    "spectral_kurtosis": {
        "dmean": 5.3313741684,
        "dmean2": 8.8282365799,
        "dvar": 37.5782928467,
        "dvar2": 97.4705810547,
        "max": 114.55519104,
        "mean": 10.9394254684,
        "median": 8.46905040741,
        "min": -1.1842392683,
        "var": 81.1951141357
    },
    "spectral_rms": {
        "dmean": 0.00146560708527,
        "dmean2": 0.00227795401588,
        "dvar": 8.60493310029e-06,
        "dvar2": 2.10835005419e-05,
        "max": 0.0261270180345,
        "mean": 0.00631037447602,
        "median": 0.00541210127994,
        "min": 3.21000452781e-12,
        "var": 1.06236184365e-05
    },
    "spectral_rolloff": {
        "dmean": 125.068954468,
        "dmean2": 215.076538086,
        "dvar": 140302,
        "dvar2": 297216.84375,
        "max": 20025.8789062,
        "mean": 376.058410645,
        "median": 193.798828125,
        "min": 43.06640625,
        "var": 461981.75
    },
    "spectral_skewness": {
        "dmean": 0.47440725565,
        "dmean2": 0.758812069893,
        "dvar": 0.240468233824,
        "dvar2": 0.594815313816,
        "max": 9.09268665314,
        "mean": 2.11887907982,
        "median": 1.99065327644,
        "min": 0.0577410496771,
        "var": 0.797962129116
    },
    "spectral_spread": {
        "dmean": 516250.03125,
        "dmean2": 689707.25,
        "dvar": 440487542784,
        "dvar2": 770631270400,
        "max": 40255544,
        "mean": 3006094,
        "median": 2646707.5,
        "min": 1001870.625,
        "var": 1.79532254413e+12
    },
    "spectral_strongpeak": {
        "dmean": 0.217266067863,
        "dmean2": 0.382422357798,
        "dvar": 0.0775808170438,
        "dvar2": 0.209058150649,
        "max": 8.20590782166,
        "mean": 0.446729689837,
        "median": 0.4215041399,
        "min": 0,
        "var": 0.0884063988924
    },
    "zerocrossingrate": {
        "dmean": 0.00497115030885,
        "dmean2": 0.00607142131776,
        "dvar": 5.11891776114e-05,
        "dvar2": 6.57272903481e-05,
        "max": 0.51318359375,
        "mean": 0.0229078643024,
        "median": 0.0185546875,
        "min": 0.00146484375,
        "var": 0.00041524565313
    },
    "barkbands": {
        "dmean": [0.00490620313212, 0.0139682367444, 0.0118689993396, 0.00403729779646, 0.00211223890074, 0.000650113273878, 0.000238567314227, 0.000123972975416, 0.000177396490471, 0.000245609175181, 0.000346796645317, 0.000109682572656, 7.42867778172e-05, 0.000124424026581, 0.000217247172259, 0.000153819521074, 0.000115406241093, 9.02212559595e-05, 7.28736704332e-05, 6.9149187766e-05, 4.64192708023e-05, 2.6012536182e-05, 9.92807963485e-06, 5.41339431948e-06, 2.55243367064e-06, 4.11338487538e-06, 2.39162841353e-06],
        "dmean2": [0.00712875742465, 0.0235241819173, 0.0217828378081, 0.00734167778865, 0.00373518234119, 0.00111006177031, 0.000364658422768, 0.000195817934582, 0.000288028066279, 0.000407005019952, 0.000624823209364, 0.00018939092115, 0.000122427620227, 0.000204001844395, 0.000354491174221, 0.000247417541686, 0.000184050615644, 0.000151260770508, 0.000115918352094, 0.000116231938591, 7.14666311978e-05, 3.51095804945e-05, 1.50304067574e-05, 8.05097533885e-06, 3.57834073839e-06, 6.00056409894e-06, 3.45902867593e-06],
        "dvar": [0.000142110919114, 0.0013238764368, 0.00111142010428, 0.000104624959931, 5.24590323039e-05, 1.75331808805e-06, 3.07574140379e-07, 1.14678996965e-07, 1.6848633777e-07, 3.18731167681e-07, 1.0855075061e-06, 7.72438468744e-08, 2.88050276964e-08, 2.35553372363e-07, 3.24419147546e-07, 1.49281618178e-07, 1.23589828149e-07, 6.4018138346e-08, 4.4353804185e-08, 3.86733276514e-08, 1.91456752674e-08, 1.45831391407e-08, 1.9076473734e-09, 6.23890994422e-10, 1.59498761421e-10, 2.0131527001e-10, 6.19655438072e-11],
        "dvar2": [0.00029186863685, 0.0035494316835, 0.00317792315036, 0.000303046748741, 0.000136720511364, 4.84973952553e-06, 7.82129347954e-07, 2.75349577805e-07, 4.08768983107e-07, 7.84043379554e-07, 3.05130834022e-06, 2.0781746457e-07, 7.1277582947e-08, 5.95387064095e-07, 8.37268430587e-07, 3.52605383114e-07, 3.17081401136e-07, 1.73323044805e-07, 9.27321579525e-08, 1.0300275477e-07, 4.13937684129e-08, 2.92286728154e-08, 4.54854687248e-09, 1.49090872981e-09, 3.14949594182e-10, 4.86826079449e-10, 1.3983723901e-10],
        "max": [0.0768526419997, 0.308242708445, 0.300648212433, 0.127392947674, 0.240694105625, 0.0192247088999, 0.0170475505292, 0.0103087415919, 0.008087053895, 0.0135090583935, 0.0120715331286, 0.00402980670333, 0.00432244688272, 0.024440953508, 0.018590118736, 0.0130828591064, 0.0103569161147, 0.00997269246727, 0.0119720995426, 0.0047246622853, 0.0044898474589, 0.0106526743621, 0.00289899180643, 0.00145036319736, 0.000538276333828, 0.000802113325335, 0.000338141311659],
        "mean": [0.00435908976942, 0.0185485240072, 0.0143406782299, 0.00684605259448, 0.00311174383387, 0.000869776122272, 0.000438127637608, 0.000292645971058, 0.00031991789001, 0.000423578574555, 0.000324070337228, 0.000116806084407, 0.000126990795252, 0.000200919515919, 0.000396058894694, 0.000317512487527, 0.000223735391046, 0.000124178724946, 0.000111307017505, 7.39220049581e-05, 5.65805166843e-05, 4.10016764363e-05, 1.75627628778e-05, 1.07925598059e-05, 4.89456942887e-06, 6.01695728619e-06, 3.25679661728e-06],
        "median": [0.000237716987613, 0.00756071042269, 0.00881705991924, 0.00490413373336, 0.00217131339014, 0.000414699636167, 0.000185643453733, 5.45146540389e-05, 7.38274175092e-05, 6.6816675826e-05, 3.0805458664e-05, 2.29373217735e-05, 3.09536844725e-05, 5.01855611219e-05, 0.000101695055491, 6.99247320881e-05, 6.48193818051e-05, 3.1615345506e-05, 2.31190751947e-05, 8.3819777501e-06, 5.75301874051e-06, 2.04341426979e-06, 1.17581055292e-06, 4.13987010006e-07, 1.89490691582e-07, 1.92126535126e-07, 6.33667838201e-08],
        "min": [1.76960812356e-23, 6.35501548972e-23, 3.3982556386e-23, 2.77270030036e-23, 2.6407551098e-23, 6.78634002023e-23, 4.29915656492e-23, 9.33660678887e-23, 3.48830915964e-23, 2.19974115856e-23, 5.99719260073e-23, 6.93594654427e-23, 6.84199825917e-23, 1.33770551577e-22, 2.70859216205e-22, 1.09036051397e-22, 1.75975695479e-22, 6.95955368018e-23, 2.6032614345e-22, 3.8794879276e-22, 4.68303224795e-22, 4.5936458508e-22, 4.923758265e-22, 6.71853521662e-22, 1.18951167122e-21, 1.65865545571e-21, 2.59829325163e-21],
        "var": [0.000159405521117, 0.00110409245826, 0.00067728938302, 6.85734121362e-05, 4.17617084167e-05, 1.89745708212e-06, 6.13426550444e-07, 3.52344045496e-07, 4.05627275768e-07, 7.46043326671e-07, 7.85455029018e-07, 7.15589223432e-08, 6.89502570594e-08, 2.83230633613e-07, 6.2448719973e-07, 4.38430930672e-07, 2.86930855964e-07, 7.35127443363e-08, 8.83466597656e-08, 4.67492924372e-08, 3.33293392885e-08, 4.25347259636e-08, 8.74798011807e-09, 2.8386393236e-09, 5.94927052067e-10, 8.77728445481e-10, 2.32579053239e-10]
    },
    "erbbands": {
        "dmean": [0.500168025494, 3.1905310154, 11.8862991333, 15.6752166748, 7.80492925644, 7.94510650635, 4.10046291351, 6.19639635086, 4.21616697311, 2.66024470329, 2.49489378929, 4.02757835388, 6.54483890533, 10.7520074844, 11.2314825058, 3.92375206947, 3.51043105125, 5.85101556778, 9.8320646286, 9.06341266632, 7.71357154846, 5.83273363113, 5.34976768494, 4.41821575165, 2.97127437592, 3.10404157639, 2.08787608147, 1.78370630741, 1.11395943165, 0.485146015882, 0.228048235178, 0.148953914642, 0.0680415779352, 0.0364605560899, 0.0153299225494, 0.0141541408375, 0.00809958949685, 0.00289099826477, 0.000454743101727, 5.14986641065e-05],
        "dmean2": [0.752250552177, 5.98772573471, 22.0558509827, 28.6152935028, 13.747543335, 14.3773612976, 7.25769996643, 10.4820680618, 6.5152349472, 4.3158493042, 3.92796635628, 6.49020195007, 10.7025156021, 18.8736171722, 19.9480495453, 6.64166355133, 5.80774784088, 9.55949211121, 15.8589792252, 14.659869194, 12.2925376892, 9.29272270203, 8.79921627045, 7.13048505783, 4.65785217285, 5.18305540085, 3.24142622948, 2.74872326851, 1.51054310799, 0.679675161839, 0.344910264015, 0.225720778108, 0.100816436112, 0.0531152561307, 0.0208980627358, 0.0216154046357, 0.0119974082336, 0.00415053917095, 0.000652360904496, 8.02243303042e-05],
        "dvar": [1.35706222057, 83.1960067749, 1156.63891602, 1749.31469727, 407.240844727, 845.426757812, 102.801963806, 153.33946228, 76.5196075439, 55.6921348572, 42.4802780151, 87.0830078125, 257.014312744, 892.301574707, 923.247680664, 91.3635101318, 66.2412490845, 560.109375, 567.189941406, 642.84765625, 519.699462891, 305.440460205, 193.41204834, 185.194549561, 52.8062553406, 82.0821456909, 42.4363136292, 30.1607036591, 27.9336223602, 2.9569375515, 1.14498114586, 0.565457522869, 0.111473083496, 0.0452296361327, 0.00401711836457, 0.00538156181574, 0.000703535217326, 7.75987718953e-05, 2.09518043448e-06, 1.41719711522e-08],
        "dvar2": [2.83717060089, 240.372161865, 3327.02416992, 5013.71484375, 1106.67443848, 2240.29882812, 289.043121338, 411.273406982, 195.01789856, 149.868423462, 99.3148269653, 203.286834717, 613.075500488, 2435.22729492, 2544.66723633, 238.765350342, 163.783981323, 1437.61547852, 1395.13464355, 1645.91394043, 1281.8314209, 785.154296875, 514.353759766, 383.38885498, 125.64012146, 214.411117554, 99.2261123657, 71.3910598755, 57.3450775146, 5.62284040451, 2.92006087303, 1.5082051754, 0.242414116859, 0.100545585155, 0.00637712841853, 0.0136224059388, 0.00183602271136, 0.000185389391845, 4.56385259895e-06, 3.38761054763e-08],
        "max": [9.39643478394, 74.1591720581, 299.457427979, 417.774810791, 594.299682617, 939.384765625, 163.926315308, 245.039413452, 226.814651489, 269.852355957, 169.419708252, 235.741424561, 469.193023682, 377.485443115, 380.402008057, 155.885391235, 219.217590332, 1226.62207031, 825.616394043, 861.166870117, 854.032531738, 588.014465332, 515.418762207, 879.807495117, 360.040679932, 286.355895996, 209.06678772, 194.014343262, 468.926239014, 99.7428894043, 89.0356521606, 36.6941566467, 19.5679893494, 10.168466568, 2.78058457375, 4.09834289551, 1.30776655674, 0.362268149853, 0.0698139816523, 0.00563650624827],
        "mean": [0.640761911869, 3.83031058311, 14.3410205841, 22.6750984192, 17.1044311523, 8.50088024139, 4.72511100769, 8.4467830658, 7.50478744507, 5.46571922302, 6.20784330368, 8.09393882751, 11.8133163452, 12.899977684, 11.7783050537, 5.05341053009, 6.1571726799, 10.2682552338, 18.0557804108, 17.9481239319, 16.2108764648, 11.3183221817, 8.18279743195, 6.73353624344, 4.07639598846, 3.54083347321, 2.54253792763, 2.16490030289, 1.6931566, 0.803474485874, 0.437255442142, 0.265272080898, 0.145727783442, 0.0721495747566, 0.0299614518881, 0.0215301476419, 0.0115420361981, 0.00377035024576, 0.000587569200434, 8.2029713667e-05],
        "median": [0.193151503801, 1.85421180725, 8.11883735657, 14.7065849304, 12.8712234497, 3.98295497894, 2.21697950363, 3.66393136978, 3.47902107239, 2.11579656601, 1.58995747566, 2.28956413269, 2.40346074104, 1.83158373833, 1.83915114403, 1.39615166187, 1.6553542614, 3.125623703, 5.06573867798, 4.48661661148, 4.42839336395, 3.69092869759, 2.35612535477, 1.50643992424, 0.855009198189, 0.411170840263, 0.274594515562, 0.174068257213, 0.0821457654238, 0.0546518489718, 0.0269110612571, 0.0125050740317, 0.00539003871381, 0.00233822292648, 0.00123705295846, 0.000761706847697, 0.000350793387042, 8.94117329153e-05, 2.7544596378e-05, 3.69487825083e-05],
        "min": [2.70308386821e-21, 1.08129574739e-20, 3.9109516183e-20, 7.90117557361e-20, 3.46201064995e-20, 1.13717288021e-19, 3.38251833459e-19, 5.96204333472e-19, 4.19354385128e-19, 1.2064816975e-18, 1.97193281947e-18, 8.50485754227e-19, 7.37857255613e-19, 9.73550532137e-19, 3.45202342633e-18, 2.28149792589e-18, 3.43495972426e-18, 5.63467492337e-18, 1.23953064422e-17, 1.01079336728e-17, 6.73315506041e-18, 8.73722260591e-18, 5.01253170516e-18, 7.03355066294e-18, 1.46349972124e-17, 1.48742013019e-17, 2.50915428456e-17, 1.80810084832e-17, 1.81763757904e-17, 1.31391610157e-17, 1.3933594375e-17, 1.05302217832e-17, 1.38381410411e-17, 1.21758397092e-17, 9.01411718005e-18, 4.41916858199e-18, 3.31106854122e-18, 1.41897385031e-18, 3.68383102192e-19, 4.22335479432e-20],
        "var": [1.67671883106, 51.4723510742, 694.506652832, 1085.35693359, 333.583435059, 626.967834473, 74.1667251587, 209.202102661, 150.064117432, 95.6872177124, 160.902236938, 247.953781128, 663.962646484, 965.021728516, 776.704528809, 110.201148987, 157.959823608, 625.579162598, 1448.73522949, 1240.20593262, 1296.52368164, 649.931884766, 259.948944092, 354.643371582, 91.6028747559, 121.224502563, 64.665222168, 57.4530525208, 73.3764038086, 12.4442014694, 5.9410815239, 1.7335100174, 0.531421840191, 0.155271962285, 0.0201986059546, 0.0164456237108, 0.00298636895604, 0.000247679126915, 5.55885071662e-06, 2.96499855779e-08]
    },
    "gfcc": {
        "mean": [-74.2627029419, 157.479507446, -95.4515686035, 46.3097877502, -7.77066659927, -0.843361496925, -20.7439994812, -2.05363678932, -9.82434844971, -7.65404129028, -18.7001876831, -8.01966571808, -8.66613292694],
        "cov": [[6787.81005859, -1675.19238281, -815.229492188, 78.2228622437, -653.962158203, 388.328277588, 176.707687378, 219.848449707, -203.392425537, 149.298782349, -171.348556519, 340.662109375, -49.1954307556], [-1675.19238281, 2022.20788574, -553.325073242, -350.303771973, 475.560394287, -428.679290771, 93.431022644, -83.1185531616, 176.822921753, -168.191925049, 193.580215454, -216.988204956, 147.396697998], [-815.229492188, -553.325073242, 1064.25134277, 140.45526123, -55.9416999817, 129.953567505, -133.14163208, -63.4919090271, -33.9721679688, 73.714050293, -53.4006576538, 69.3055496216, -104.783103943], [78.2228622437, -350.303771973, 140.45526123, 371.806732178, -138.188247681, 105.034660339, 4.20293331146, -39.1007919312, -32.2429695129, -6.1569480896, 4.5761256218, 8.06709861755, 27.8623447418], [-653.962158203, 475.560394287, -55.9416999817, -138.188247681, 341.747772217, -142.672439575, 14.1589727402, -14.3727788925, 41.850605011, -36.5305404663, 20.9768466949, -32.6743812561, 7.13408660889], [388.328277588, -428.679290771, 129.953567505, 105.034660339, -142.672439575, 219.854248047, 7.02612781525, -18.9980106354, -33.6093597412, 29.3003520966, -33.3606376648, 27.1282215118, -20.474647522], [176.707687378, 93.431022644, -133.14163208, 4.20293331146, 14.1589727402, 7.02612781525, 155.870391846, 16.3168849945, -11.3379716873, -30.2033538818, 8.06168937683, 2.98593664169, 29.3681907654], [219.848449707, -83.1185531616, -63.4919090271, -39.1007919312, -14.3727788925, -18.9980106354, 16.3168849945, 107.502197266, 14.5875597, -9.57809638977, -27.9524478912, 5.66114521027, -17.7363052368], [-203.392425537, 176.822921753, -33.9721679688, -32.2429695129, 41.850605011, -33.6093597412, -11.3379716873, 14.5875597, 96.8663864136, 9.02767086029, 6.85348987579, -45.8003044128, -2.91407418251], [149.298782349, -168.191925049, 73.714050293, -6.1569480896, -36.5305404663, 29.3003520966, -30.2033538818, -9.57809638977, 9.02767086029, 82.7409286499, -2.87478160858, 4.58667087555, -42.4501571655], [-171.348556519, 193.580215454, -53.4006576538, 4.5761256218, 20.9768466949, -33.3606376648, 8.06168937683, -27.9524478912, 6.85348987579, -2.87478160858, 87.4122467041, 1.31523168087, 3.48461318016], [340.662109375, -216.988204956, 69.3055496216, 8.06709861755, -32.6743812561, 27.1282215118, 2.98593664169, 5.66114521027, -45.8003044128, 4.58667087555, 1.31523168087, 120.349517822, -2.97252750397], [-49.1954307556, 147.396697998, -104.783103943, 27.8623447418, 7.13408660889, -20.474647522, 29.3681907654, -17.7363052368, -2.91407418251, -42.4501571655, 3.48461318016, -2.97252750397, 95.1335449219]],
        "icov": [[0.000370452995412, -4.44458019047e-05, 0.000501647824422, -0.000102673300717, 0.000396279763663, -0.000321086932672, -0.000170168787008, -0.000297059421428, 0.000257267151028, -0.000790348800365, 0.000796366657596, -0.00108502106741, 0.000333502248395], [-4.44458019047e-05, 0.00476214196533, -7.23114790162e-05, 0.00334337027743, -0.00128679734189, 0.00390280480497, -0.00171205087099, 0.00429787253961, -0.00435359263793, 0.0063649835065, -0.00692768022418, 0.00524112489074, -0.00306955073029], [0.000501647824422, -7.23114790162e-05, 0.00216366467066, -0.000761794974096, 0.000250748271355, -0.000741498952266, 0.000622849038336, 0.000657614087686, 0.000159074625117, -0.00109339773189, 0.0022196341306, -0.00242687528953, 0.00208947504871], [-0.000102673300717, 0.00334337027743, -0.000761794974096, 0.00627927994356, 0.000307889888063, 0.00172092334833, -0.00140246399678, 0.00361638632603, -0.00275337719359, 0.00548161985353, -0.00605541886762, 0.00461414642632, -0.00372923142277], [0.000396279763663, -0.00128679734189, 0.000250748271355, 0.000307889888063, 0.00582254771143, 0.0013820779277, -0.000777289562393, 0.000974863651209, -0.000184732285561, -0.000115399445349, 0.0032277321443, -0.00240562413819, 0.00241662724875], [-0.000321086932672, 0.00390280480497, -0.000741498952266, 0.00172092334833, 0.0013820779277, 0.0116195837036, -0.00306527875364, 0.0064565371722, -0.00368981040083, 0.00522030051798, -0.00294630741701, 0.0042015267536, -0.000530960795004], [-0.000170168787008, -0.00171205087099, 0.000622849038336, -0.00140246399678, -0.000777289562393, -0.00306527875364, 0.00891919527203, -0.00334939896129, 0.00264597591013, -0.000728506420273, 0.000850586337037, -0.0014439469669, -0.000638192344923], [-0.000297059421428, 0.00429787253961, 0.000657614087686, 0.00361638632603, 0.000974863651209, 0.0064565371722, -0.00334939896129, 0.0190416052938, -0.00810997746885, 0.0104929953814, -0.000448200618848, 0.00256518693641, 0.00328335096128], [0.000257267151028, -0.00435359263793, 0.000159074625117, -0.00275337719359, -0.000184732285561, -0.00368981040083, 0.00264597591013, -0.00810997746885, 0.0190206039697, -0.00996826123446, 0.00433426955715, 0.000201825532713, 0.000733043649234], [-0.000790348800365, 0.0063649835065, -0.00109339773189, 0.00548161985353, -0.000115399445349, 0.00522030051798, -0.000728506420273, 0.0104929953814, -0.00996826123446, 0.0289838891476, -0.00967424269766, 0.00758464029059, 0.00345228798687], [0.000796366657596, -0.00692768022418, 0.0022196341306, -0.00605541886762, 0.0032277321443, -0.00294630741701, 0.000850586337037, -0.000448200618848, 0.00433426955715, -0.00967424269766, 0.0270775463432, -0.0121422829106, 0.00858604814857], [-0.00108502106741, 0.00524112489074, -0.00242687528953, 0.00461414642632, -0.00240562413819, 0.0042015267536, -0.0014439469669, 0.00256518693641, 0.000201825532713, 0.00758464029059, -0.0121422829106, 0.0199996978045, -0.00623703468591], [0.000333502248395, -0.00306955073029, 0.00208947504871, -0.00372923142277, 0.00241662724875, -0.000530960795004, -0.000638192344923, 0.00328335096128, 0.000733043649234, 0.00345228798687, 0.00858604814857, -0.00623703468591, 0.0204006712884]]
    },
    "melbands": {
        "dmean": [0.00395342009142, 0.00560051947832, 0.00240737525746, 0.000556131533813, 0.000178708476597, 0.000131826775032, 6.17816185695e-05, 2.78571405943e-05, 2.00797676371e-05, 2.7058285923e-05, 3.2657142583e-05, 4.23361016146e-05, 4.67358077003e-05, 1.42114067785e-05, 7.58837040848e-06, 7.46181694922e-06, 1.18499347082e-05, 1.49012603288e-05, 1.55546695169e-05, 1.23606941997e-05, 8.74475972523e-06, 6.30801332591e-06, 6.17086971033e-06, 4.13319048675e-06, 3.79681705454e-06, 2.29493912229e-06, 2.59736293629e-06, 1.87709019883e-06, 1.43205738823e-06, 1.08240578811e-06, 9.72673547039e-07, 7.5526497767e-07, 3.48971923358e-07, 2.7620791343e-07, 1.45344714042e-07, 9.72977360902e-08, 9.14498059501e-08, 5.3231506314e-08, 3.91970402802e-08, 3.36843370974e-08],
        "dmean2": [0.0060701132752, 0.0104624088854, 0.00438815541565, 0.000984855578281, 0.000320379447658, 0.000223073220695, 9.543276974e-05, 4.51266678283e-05, 3.17758167512e-05, 4.38980932813e-05, 5.33516613359e-05, 7.39284078008e-05, 8.40906795929e-05, 2.45435567194e-05, 1.25288352137e-05, 1.22809678942e-05, 1.93935265997e-05, 2.38992452068e-05, 2.55747036135e-05, 1.97286335606e-05, 1.39320864037e-05, 1.00338338598e-05, 1.02118510767e-05, 6.79373124512e-06, 6.19923275735e-06, 3.59929367733e-06, 4.42925147581e-06, 3.10890436594e-06, 2.29437364396e-06, 1.65930271123e-06, 1.47363186898e-06, 1.02145259007e-06, 4.92847391342e-07, 4.08984618616e-07, 2.23393030296e-07, 1.51637721046e-07, 1.42264980241e-07, 7.7800144993e-08, 6.12863644278e-08, 5.19269782728e-08],
        "dvar": [9.03894251678e-05, 0.00026195787359, 4.10207430832e-05, 3.68152882402e-06, 2.35469329368e-07, 6.88807162419e-08, 1.69397313954e-08, 6.6176850666e-09, 2.53037923947e-09, 4.08122513562e-09, 6.35930330617e-09, 1.33941222558e-08, 1.88919813127e-08, 1.26553811874e-09, 3.23759824505e-10, 2.80881873316e-10, 2.77107869984e-09, 1.30304422807e-09, 2.2122599308e-09, 9.18247367032e-10, 9.07082020607e-10, 4.17521323071e-10, 3.99411032026e-10, 1.17086687568e-10, 1.56241922178e-10, 3.55475857083e-11, 5.06020399194e-11, 3.08749484312e-11, 2.10724944438e-11, 1.03285774031e-11, 9.6431682084e-12, 1.8139729302e-11, 1.48026404502e-12, 1.23217343447e-12, 6.17307691509e-13, 1.59894897344e-13, 2.93383752622e-13, 8.03411089284e-14, 4.13557534572e-14, 5.54175744194e-14],
        "dvar2": [0.000204223251785, 0.000756016408559, 0.000117424344353, 9.54515144258e-06, 6.58443525481e-07, 1.86698954963e-07, 4.2984726889e-08, 1.75084906573e-08, 5.9858646928e-09, 9.7141663602e-09, 1.51918353453e-08, 3.62403760334e-08, 5.28720853765e-08, 3.41920580738e-09, 8.16399503556e-10, 7.04707181498e-10, 7.08285829987e-09, 3.12755910059e-09, 5.88355364428e-09, 2.1608324019e-09, 2.32960273294e-09, 1.05789954574e-09, 1.07709852148e-09, 3.02629699078e-10, 3.18098686281e-10, 8.04205729787e-11, 1.38684286277e-10, 7.75649405815e-11, 5.28083896056e-11, 2.1682078008e-11, 2.26734013509e-11, 3.6325140812e-11, 3.06065351015e-12, 2.66293194093e-12, 1.55483015785e-12, 4.27517532009e-13, 8.08494601563e-13, 1.89775590533e-13, 8.94750582219e-14, 1.35116025898e-13],
        "max": [0.0789028406143, 0.139229491353, 0.0632912293077, 0.0636016950011, 0.0103497235104, 0.00471548829228, 0.00351868406869, 0.00297139910981, 0.00139473448507, 0.00156868132763, 0.00238486472517, 0.00149739871267, 0.00169615959749, 0.000492300605401, 0.000382090394851, 0.000318839796819, 0.00278107891791, 0.00132823700551, 0.00191690749489, 0.000932136783376, 0.00127655174583, 0.000595727877226, 0.00100731174462, 0.000262352201389, 0.000849686795846, 0.000313194555929, 0.000125490812934, 0.000211429680348, 0.00013139382645, 0.000114436203148, 0.000127107603475, 0.000394154019887, 6.41961669317e-05, 6.01114224992e-05, 6.11310970271e-05, 2.98360755551e-05, 2.61456862063e-05, 1.78077698365e-05, 9.06070454221e-06, 1.04769023892e-05],
        "mean": [0.00561042455956, 0.00686831306666, 0.00387773453258, 0.000898665282875, 0.000189492289792, 0.000179568451131, 0.0001098912835, 5.87529502809e-05, 5.00584174006e-05, 5.06910109834e-05, 5.80007072131e-05, 5.11845755682e-05, 4.40915864601e-05, 1.68646074599e-05, 1.142270321e-05, 1.27348894239e-05, 2.00643571588e-05, 2.65349481197e-05, 2.6747227821e-05, 2.5526036552e-05, 1.71654064616e-05, 1.20549057101e-05, 9.62662579695e-06, 6.027289146e-06, 5.53145400772e-06, 3.27500333697e-06, 2.66378833658e-06, 2.19434900828e-06, 1.67678990692e-06, 1.29437023588e-06, 1.1871956076e-06, 1.100256668e-06, 5.43258352081e-07, 4.24154848133e-07, 2.73088232916e-07, 1.70884788986e-07, 1.5437781542e-07, 1.02159333437e-07, 7.7547738897e-08, 5.81138657196e-08],
        "median": [0.00208139745519, 0.00421684421599, 0.00280998786911, 0.00062099378556, 8.48759736982e-05, 8.13272345113e-05, 4.96652573929e-05, 2.0544455765e-05, 1.27148896354e-05, 1.1913986782e-05, 1.01717278085e-05, 6.33490162727e-06, 5.05742536916e-06, 3.47032346326e-06, 2.84333236777e-06, 3.17012813866e-06, 4.92715935252e-06, 6.65952211421e-06, 6.71634097671e-06, 5.300608791e-06, 4.52649510407e-06, 3.57708722731e-06, 2.41765565079e-06, 1.25976043819e-06, 1.1123989907e-06, 6.94154209668e-07, 3.85601055086e-07, 2.15901707179e-07, 1.61869380122e-07, 1.37187626592e-07, 7.76260549173e-08, 4.79237982631e-08, 3.05322700456e-08, 2.85114687415e-08, 1.41950060595e-08, 1.12777449601e-08, 5.67225200143e-09, 3.79645070936e-09, 2.69937427966e-09, 1.65448832412e-09],
        "min": [1.9167254759e-23, 1.78096693173e-23, 1.16606161014e-23, 4.17855716634e-24, 1.14522416488e-23, 1.33840381545e-23, 7.2089138745e-24, 1.55543364997e-23, 1.44679882585e-23, 4.99069538472e-24, 3.54276091471e-24, 3.2616874076e-24, 1.01651164743e-23, 7.66322675842e-24, 6.75863838068e-24, 7.40911257275e-24, 1.07696750173e-23, 1.75410606014e-23, 2.25694824701e-23, 8.30803298488e-24, 7.97485048181e-24, 1.04910335684e-23, 6.59280088575e-24, 2.5075647812e-24, 5.36043330771e-24, 1.21792700585e-23, 9.09520809435e-24, 9.44374814152e-24, 1.85721191595e-23, 1.10767075703e-23, 9.94733169986e-24, 1.06875261981e-23, 7.45681814713e-24, 7.44914726369e-24, 7.80063922836e-24, 7.25901995261e-24, 6.0270968977e-24, 8.80295721707e-24, 9.91815962359e-24, 1.09323050038e-23],
        "var": [0.000104917591671, 0.00015476300905, 2.52708487096e-05, 2.94871028927e-06, 1.60219855161e-07, 8.73147030234e-08, 3.39808075012e-08, 1.24752999042e-08, 1.01910133665e-08, 1.04226396402e-08, 1.64676894343e-08, 1.60462398924e-08, 1.37736622108e-08, 1.26861299243e-09, 5.8533644598e-10, 6.1902849513e-10, 3.07450664927e-09, 3.60176422021e-09, 3.20645154872e-09, 2.67488231565e-09, 1.96250926621e-09, 9.08919051135e-10, 6.31443786148e-10, 1.78463729905e-10, 2.96354607521e-10, 6.46615400113e-11, 5.00435179407e-11, 5.28748017592e-11, 2.80080438009e-11, 1.79043203874e-11, 1.92529724802e-11, 4.24560248069e-11, 4.73376286086e-12, 4.22418610507e-12, 2.84278243307e-12, 6.09061683466e-13, 6.92303690503e-13, 2.81243019325e-13, 1.53122794392e-13, 1.2614119005e-13]
    },
    "mfcc": {
        "mean": [-726.446960449, 183.347976685, -4.64048337936, 56.4390220642, 30.2213096619, 18.2293586731, 2.90064191818, 8.74373435974, 9.73170661926, 5.60865783691, -1.95850110054, -3.52242875099, -3.08555388451],
        "cov": [[6276.49755859, -1365.23852539, -774.503051758, -124.29385376, -853.770568848, 173.510314941, 16.3229904175, 251.866729736, 35.2057342529, 45.3460960388, -119.449760437, -75.7322769165, 32.5999565125], [-1365.23852539, 1828.01037598, -594.642883301, -64.3910064697, 263.850585938, -293.499786377, 4.94713830948, -86.9621276855, 15.4638271332, -5.65991926193, 44.4569740295, 11.6172275543, 14.646355629], [-774.503051758, -594.642883301, 921.331970215, 52.5286941528, 60.0632286072, 176.76399231, -27.6466445923, -25.3015613556, -55.5777931213, -23.4189491272, 10.6273727417, 43.05128479, -14.6852960587], [-124.29385376, -64.3910064697, 52.5286941528, 197.700469971, 22.0250320435, 6.77489900589, 22.7254886627, 16.7849941254, 3.19348883629, -27.62358284, -19.9670124054, -3.23166012764, 17.3481121063], [-853.770568848, 263.850585938, 60.0632286072, 22.0250320435, 256.906677246, -38.7244186401, -31.8802967072, -50.3714027405, -5.75462818146, -1.41947102547, 19.375005722, 9.52998065948, -6.60859775543], [173.510314941, -293.499786377, 176.76399231, 6.77489900589, -38.7244186401, 207.740966797, 25.3013935089, 3.46115541458, -22.6944789886, -3.14851856232, -10.9799518585, 11.8902444839, -7.17058086395], [16.3229904175, 4.94713830948, -27.6466445923, 22.7254886627, -31.8802967072, 25.3013935089, 112.427261353, 34.4132270813, -2.37954831123, -21.0143718719, -19.7867259979, -9.76938343048, 3.97897267342], [251.866729736, -86.9621276855, -25.3015613556, 16.7849941254, -50.3714027405, 3.46115541458, 34.4132270813, 118.416366577, 24.036529541, -16.4302749634, -24.7098484039, -11.6057243347, 11.9450826645], [35.2057342529, 15.4638271332, -55.5777931213, 3.19348883629, -5.75462818146, -22.6944789886, -2.37954831123, 24.036529541, 94.9745330811, 33.999004364, -20.3327484131, -32.9850006104, -7.91973686218], [45.3460960388, -5.65991926193, -23.4189491272, -27.62358284, -1.41947102547, -3.14851856232, -21.0143718719, -16.4302749634, 33.999004364, 98.6840438843, 34.2649879456, -28.7521686554, -27.7979354858], [-119.449760437, 44.4569740295, 10.6273727417, -19.9670124054, 19.375005722, -10.9799518585, -19.7867259979, -24.7098484039, -20.3327484131, 34.2649879456, 104.513214111, 41.096321106, -27.8087978363], [-75.7322769165, 11.6172275543, 43.05128479, -3.23166012764, 9.52998065948, 11.8902444839, -9.76938343048, -11.6057243347, -32.9850006104, -28.7521686554, 41.096321106, 101.627891541, 23.0570602417], [32.5999565125, 14.646355629, -14.6852960587, 17.3481121063, -6.60859775543, -7.17058086395, 3.97897267342, 11.9450826645, -7.91973686218, -27.7979354858, -27.8087978363, 23.0570602417, 68.9895782471]],
