{
"lowlevel": {
    "average_loudness": 0.693664133549,
    "barkbands_crest": {
        "dmean": 1.97036242485,
        "dmean2": 3.12154483795,
        "dvar": 3.91819429398,
        "dvar2": 9.14740657806,
        "max": 23.8600769043,
        "mean": 9.48283195496,
        "median": 8.7570104599,
        "min": 2.42962050438,
        "var": 12.672246933
    },
    "barkbands_flatness_db": {
        "dmean": 0.021429143846,
        "dmean2": 0.0297908764333,
        "dvar": 0.000510363606736,
        "dvar2": 0.00102176994551,
        "max": 0.367165058851,
        "mean": 0.163104489446,
        "median": 0.168489724398,
        "min": 0.0239281076938,
        "var": 0.00220652436838
    },
    "barkbands_kurtosis": {
        "dmean": 2.33265995979,
        "dmean2": 3.62081193924,
        "dvar": 22.9601707458,
        "dvar2": 51.470615387,
        "max": 138.740722656,
        "mean": 3.57599925995,
        "median": 1.49467515945,
        "min": -1.84233117104,
        "var": 55.9042015076
    },
    "barkbands_skewness": {
        "dmean": 0.449711799622,
        "dmean2": 0.680235385895,
        "dvar": 0.264063507318,
        "dvar2": 0.543171465397,
        "max": 9.26954364777,
        "mean": 1.38189148903,
        "median": 1.29888856411,
        "min": -3.41689372063,
        "var": 1.52871978283
    },
    "barkbands_spread": {
        "dmean": 4.33673715591,
        "dmean2": 6.58234739304,
        "dvar": 33.7447357178,
        "dvar2": 71.08959198,
        "max": 114.073730469,
        "mean": 18.5818748474,
        "median": 16.842382431,
        "min": 1.11333453655,
        "var": 106.949562073
    },
    "dissonance": {
        "dmean": 0.0195301435888,
        "dmean2": 0.0327962376177,
        "dvar": 0.000329913804308,
        "dvar2": 0.000911849143449,
        "max": 0.499999970198,
        "mean": 0.457491636276,
        "median": 0.462507665157,
        "min": 0.230482459068,
        "var": 0.000735141336918
    },
    "dynamic_complexity": 4.85257291794,
    "erbbands_crest": {
        "dmean": 2.38188147545,
        "dmean2": 3.77986097336,
        "dvar": 5.02249097824,
        "dvar2": 11.8692207336,
        "max": 31.2509231567,
        "mean": 9.45667076111,
        "median": 8.4976978302,
        "min": 2.24042367935,
        "var": 17.6883659363
    },
    "erbbands_flatness_db": {
        "dmean": 0.0207165330648,
        "dmean2": 0.0269034858793,
        "dvar": 0.000529005134013,
        "dvar2": 0.000858169049025,
        "max": 0.3700953722,
        "mean": 0.190657287836,
        "median": 0.195210710168,
        "min": 0.0396291166544,
        "var": 0.00393481040373
    },
    "erbbands_kurtosis": {
        "dmean": 0.640219807625,
        "dmean2": 0.996629655361,
        "dvar": 0.66242146492,
        "dvar2": 1.53450226784,
        "max": 17.6517696381,
        "mean": 0.0633454918861,
        "median": -0.316743850708,
        "min": -1.80058944225,
        "var": 2.05515170097
    },
    "erbbands_skewness": {
        "dmean": 0.295905411243,
        "dmean2": 0.449950188398,
        "dvar": 0.0677463039756,
        "dvar2": 0.149344533682,
        "max": 2.85258221626,
        "mean": 0.0767441466451,
        "median": 0.142047271132,
        "min": -3.67651152611,
        "var": 0.540535449982
    },
    "erbbands_spread": {
        "dmean": 5.81265354156,
        "dmean2": 8.47132873535,
        "dvar": 40.3442268372,
        "dvar2": 81.175743103,
        "max": 141.337310791,
        "mean": 32.1547737122,
        "median": 27.9848175049,
        "min": 4.65578460693,
        "var": 292.305847168
    },
    "hfc": {
        "dmean": 4.4124417305,
        "dmean2": 6.71530771255,
        "dvar": 95.7233734131,
        "dvar2": 216.37562561,
        "max": 251.2734375,
        "mean": 13.6523828506,
        "median": 7.36275005341,
        "min": 1.13794839822e-16,
        "var": 346.808807373
    },
    "melbands_crest": {
        "dmean": 2.58160948753,
        "dmean2": 4.08664035797,
        "dvar": 7.19265222549,
        "dvar2": 16.2440814972,
        "max": 32.0014915466,
        "mean": 13.4660682678,
        "median": 12.4049396515,
        "min": 1.69392824173,
        "var": 27.0956516266
    },
    "melbands_flatness_db": {
        "dmean": 0.0239466316998,
        "dmean2": 0.0343504883349,
        "dvar": 0.000644735177048,
        "dvar2": 0.00134628335945,
        "max": 0.49025824666,
        "mean": 0.242591172457,
        "median": 0.245027646422,
        "min": 0.00307563971728,
        "var": 0.00305807334371
    },
    "melbands_kurtosis": {
        "dmean": 5.22130823135,
        "dmean2": 8.20069217682,
        "dvar": 139.217254639,
        "dvar2": 340.411895752,
        "max": 386.463378906,
        "mean": 10.765165329,
        "median": 4.92919540405,
        "min": -1.83628809452,
        "var": 446.617645264
    },
    "melbands_skewness": {
        "dmean": 0.560756027699,
        "dmean2": 0.858648538589,
        "dvar": 0.48716583848,
        "dvar2": 1.057046175,
        "max": 16.4102058411,
        "mean": 2.30081486702,
        "median": 1.97522711754,
        "min": -0.926025390625,
        "var": 2.83687710762
    },
    "melbands_spread": {
        "dmean": 4.86689329147,
        "dmean2": 7.50164985657,
        "dvar": 43.7361602783,
        "dvar2": 87.2164382935,
        "max": 197.008972168,
        "mean": 22.0411109924,
        "median": 16.7070980072,
        "min": 0.783208966255,
        "var": 294.350646973
    },
    "pitch_salience": {
        "dmean": 0.0622490085661,
        "dmean2": 0.100878745317,
        "dvar": 0.00408660527319,
        "dvar2": 0.00999279785901,
        "max": 0.87138825655,
        "mean": 0.526003360748,
        "median": 0.530720770359,
        "min": 0.101697415113,
        "var": 0.0118446005508
    },
    "silence_rate_20dB": {
        "dmean": 0,
        "dmean2": 0,
        "dvar": 0,
        "dvar2": 0,
        "max": 1,
        "mean": 1,
        "median": 1,
        "min": 1,
        "var": 0
    },
    "silence_rate_30dB": {
        "dmean": 0.00818078219891,
        "dmean2": 0.0163626614958,
        "dvar": 0.00811506994069,
        "dvar2": 0.0207931809127,
        "max": 1,
        "mean": 0.993697226048,
        "median": 1,
        "min": 0,
        "var": 0.00626216409728
    },
    "silence_rate_60dB": {
        "dmean": 0.0182391200215,
        "dmean2": 0.0364806875587,
        "dvar": 0.0179091636091,
        "dvar2": 0.0403882302344,
        "max": 1,
        "mean": 0.105806626379,
        "median": 0,
        "min": 0,
        "var": 0.094596169889
    },
    "spectral_centroid": {
        "dmean": 184.229263306,
        "dmean2": 279.430969238,
        "dvar": 48983.3046875,
        "dvar2": 92426.34375,
        "max": 10971.0722656,
        "mean": 1087.24182129,
        "median": 947.834716797,
        "min": 186.067459106,
        "var": 314036.09375
    },
    "spectral_complexity": {
        "dmean": 2.47287607193,
        "dmean2": 3.97827243805,
        "dvar": 9.92379570007,
        "dvar2": 21.8582725525,
        "max": 49,
        "mean": 14.0356712341,
        "median": 14,
        "min": 0,
        "var": 41.9803009033
    },
    "spectral_decrease": {
        "dmean": 1.29012067696e-09,
        "dmean2": 1.96221239257e-09,
        "dvar": 7.47774499752e-18,
        "dvar2": 1.51744049985e-17,
        "max": 1.36548628307e-12,
        "mean": -4.46799930387e-09,
        "median": -3.28131166683e-09,
        "min": -5.11572260109e-08,
        "var": 2.07782045783e-17
    },
    "spectral_energy": {
        "dmean": 0.00520051410422,
        "dmean2": 0.00790046807379,
        "dvar": 0.000119656026072,
        "dvar2": 0.000245497823926,
        "max": 0.202564895153,
        "mean": 0.0181015320122,
        "median": 0.013161255978,
        "min": 1.08442045446e-20,
        "var": 0.000341437116731
    },
    "spectral_energyband_high": {
        "dmean": 0.000108664724394,
        "dmean2": 0.00016201325343,
        "dvar": 6.11341235413e-08,
        "dvar2": 1.31248683033e-07,
        "max": 0.011637465097,
        "mean": 0.000159149014507,
        "median": 2.66954430117e-05,
        "min": 7.67007746634e-21,
        "var": 1.27735916067e-07
    },
    "spectral_energyband_low": {
        "dmean": 0.00211639376357,
        "dmean2": 0.0033033688087,
        "dvar": 5.05865173182e-05,
        "dvar2": 9.62875055848e-05,
        "max": 0.119062274694,
        "mean": 0.00511722732335,
        "median": 0.00245727505535,
        "min": 9.31029480669e-23,
        "var": 9.73328351392e-05
    },
    "spectral_energyband_middle_high": {
        "dmean": 0.00174889189657,
        "dmean2": 0.0027479508426,
        "dvar": 1.85251683433e-05,
        "dvar2": 4.2268915422e-05,
        "max": 0.113926321268,
        "mean": 0.00498962169513,
        "median": 0.00161409331486,
        "min": 1.63466267411e-21,
        "var": 7.03225523466e-05
    },
    "spectral_energyband_middle_low": {
        "dmean": 0.00300429412164,
        "dmean2": 0.00454968539998,
        "dvar": 3.07135996991e-05,
        "dvar2": 6.57855634927e-05,
        "max": 0.0856014788151,
        "mean": 0.00862577091902,
        "median": 0.00554525153711,
        "min": 2.90315782546e-22,
        "var": 8.28602860565e-05
    },
    "spectral_entropy": {
        "dmean": 0.184929639101,
        "dmean2": 0.261845827103,
        "dvar": 0.040341168642,
        "dvar2": 0.0808935239911,
        "max": 9.80592823029,
        "mean": 7.12711381912,
        "median": 7.04795074463,
        "min": 5.31038236618,
        "var": 0.217969790101
    },
    "spectral_flux": {
        "dmean": 0.0178739205003,
        "dmean2": 0.0291695985943,
        "dvar": 0.000828625925351,
        "dvar2": 0.00195682374761,
        "max": 0.389360696077,
        "mean": 0.0505555123091,
        "median": 0.0413064882159,
        "min": 1.04135512713e-10,
        "var": 0.00146433932241
    },
    "spectral_kurtosis": {
        "dmean": 3.94530248642,
        "dmean2": 6.69763755798,
        "dvar": 20.9027080536,
        "dvar2": 60.9002304077,
        "max": 48.7504463196,
        "mean": 9.60566425323,
        "median": 8.24403953552,
        "min": -1.21532225609,
        "var": 42.4601593018
    },
    "spectral_rms": {
        "dmean": 0.000518561922945,
        "dmean2": 0.000779497087933,
        "dvar": 6.73276417729e-07,
        "dvar2": 1.25835845211e-06,
        "max": 0.014057890512,
        "mean": 0.00375423510559,
        "median": 0.00358332926407,
        "min": 3.25264684978e-12,
        "var": 3.56578993888e-06
    },
    "spectral_rolloff": {
        "dmean": 306.240997314,
        "dmean2": 516.835693359,
        "dvar": 651342.9375,
        "dvar2": 1400904.625,
        "max": 19789.0136719,
        "mean": 1298.32470703,
        "median": 882.861328125,
        "min": 86.1328125,
        "var": 2913602.75
    },
    "spectral_skewness": {
        "dmean": 0.372771322727,
        "dmean2": 0.613349199295,
        "dvar": 0.150199919939,
        "dvar2": 0.425655007362,
        "max": 5.06634759903,
        "mean": 2.00272512436,
        "median": 1.97247409821,
        "min": 0.0442932136357,
        "var": 0.426291137934
    },
    "spectral_spread": {
        "dmean": 547516,
        "dmean2": 724407.0625,
        "dvar": 636635578368,
        "dvar2": 1.07411269222e+12,
        "max": 40353924,
        "mean": 3332611,
        "median": 2791761,
        "min": 1218884.125,
        "var": 2.73024627507e+12
    },
    "spectral_strongpeak": {
        "dmean": 0.555553674698,
        "dmean2": 0.929002225399,
        "dvar": 1.7866550684,
        "dvar2": 4.08438014984,
        "max": 23.4930362701,
        "mean": 1.20256841183,
        "median": 0.436590313911,
        "min": 0,
        "var": 4.90835618973
    },
    "zerocrossingrate": {
        "dmean": 0.00943227857351,
        "dmean2": 0.0110490657389,
        "dvar": 0.000181967159733,
        "dvar2": 0.000239259883529,
        "max": 0.52490234375,
        "mean": 0.0505934208632,
        "median": 0.0419921875,
        "min": 0.00439453125,
        "var": 0.00186383491382
    },
    "barkbands": {
        "dmean": [1.50593205035e-05, 0.000542962923646, 0.00131263281219, 0.00103418598883, 0.00119676196482, 0.000618140969891, 0.000659638782963, 0.000404502789024, 0.000375108153094, 0.00032469703001, 0.000303759472445, 0.000192996405531, 0.000261425971985, 0.000178095462616, 0.000543478352483, 0.000248471304076, 0.000288571958663, 0.000189366255654, 9.41931211855e-05, 6.66906562401e-05, 3.63975959772e-05, 1.65116707649e-05, 9.85609858617e-06, 6.05924515185e-06, 2.96164694191e-06, 1.65266064869e-05, 1.20670611068e-05],
        "dmean2": [2.6367697501e-05, 0.000810073514003, 0.00205527781509, 0.00159377872478, 0.00185779377352, 0.000972981506493, 0.00110177008901, 0.000593529490288, 0.000578753475565, 0.000501694681589, 0.000509302772116, 0.000319703831337, 0.000406193896197, 0.000281673768768, 0.000822635949589, 0.000397038267693, 0.00045177974971, 0.000305655616103, 0.00015262204397, 0.000112779671326, 5.76051425014e-05, 2.32940237765e-05, 1.41768159665e-05, 8.88806971489e-06, 4.35541232946e-06, 2.53714679275e-05, 1.84452510439e-05],
        "dvar": [1.04593977923e-09, 1.13625856102e-06, 3.36229313689e-05, 1.10884675451e-05, 5.32749754711e-06, 1.76087826276e-06, 1.70925079601e-06, 1.30899491069e-06, 1.46808804402e-06, 1.06781465092e-06, 7.98663961632e-07, 2.19890125663e-07, 4.89859303343e-07, 3.01065057329e-07, 2.30383420785e-06, 7.32181604235e-07, 1.29099782953e-06, 5.1721502814e-07, 2.08931780321e-07, 8.20328835971e-08, 1.13411280367e-08, 2.2190962401e-09, 6.93230306492e-10, 5.24460141982e-10, 1.51501061696e-10, 1.62952107363e-09, 7.53216100602e-10],
        "dvar2": [2.94175084292e-09, 2.71838075605e-06, 6.26545806881e-05, 2.32616112044e-05, 1.13973374027e-05, 4.30396585216e-06, 4.65442963105e-06, 2.30989780903e-06, 3.10978271045e-06, 2.30484215535e-06, 2.10691200664e-06, 5.39862412552e-07, 1.06747813788e-06, 6.99022109529e-07, 4.74369653602e-06, 1.70356395301e-06, 2.79432993011e-06, 1.22531378111e-06, 4.44381583975e-07, 1.88297931913e-07, 2.67847450885e-08, 3.76429465376e-09, 1.21746901449e-09, 8.96268614881e-10, 2.49179371581e-10, 3.74563224881e-09, 1.6952139692e-09],
        "max": [0.000604255474173, 0.023881893605, 0.0999905765057, 0.0471424460411, 0.0585806109011, 0.0463890396059, 0.0259803272784, 0.0431497618556, 0.0599458925426, 0.0461051166058, 0.0152793982998, 0.0129864355549, 0.0201790817082, 0.0165656898171, 0.0407065488398, 0.0300650447607, 0.0391182936728, 0.0260329116136, 0.0271859541535, 0.0226832833141, 0.00471361307427, 0.00282555189915, 0.00157884531654, 0.00128560292069, 0.000687254767399, 0.000237098822254, 0.000156281414093],
        "mean": [3.43329338648e-05, 0.00228496571071, 0.00208940799348, 0.00151154131163, 0.00251538562588, 0.00150621647481, 0.00121534592472, 0.000902065541595, 0.000760452938266, 0.000638131168671, 0.00045585114276, 0.000278247345705, 0.000540216977242, 0.000316267454764, 0.0011934969807, 0.00050760305021, 0.000589005707297, 0.000346915534465, 0.000181734736543, 9.78068783297e-05, 5.36879560968e-05, 2.74229969364e-05, 1.57291269716e-05, 9.76500268735e-06, 4.54239807368e-06, 1.47172595462e-05, 1.0732028386e-05],
        "median": [1.10324763227e-05, 0.00132036348805, 0.00044246413745, 0.000398283125833, 0.00108935264871, 0.000614707591012, 0.000473474618047, 0.00024866044987, 0.000247469812166, 0.000166654819623, 0.000122571393149, 9.34889030759e-05, 0.000122345314594, 5.45590228285e-05, 0.000143419485539, 7.24736528355e-05, 8.33038502606e-05, 5.85971465625e-05, 3.35973563779e-05, 1.45316189446e-05, 8.53512574395e-06, 3.69770123143e-06, 1.42107808188e-06, 8.93244077815e-07, 3.23904146171e-07, 2.49262939178e-07, 5.94610938265e-08],
        "min": [1.28118041336e-22, 2.32604331152e-23, 4.65759571205e-24, 1.55522917722e-23, 6.95886705565e-23, 2.70730183805e-23, 2.09711098588e-23, 9.10000910182e-23, 4.99531779408e-23, 3.90875088065e-23, 1.39712668434e-22, 2.33975355628e-23, 1.11776453208e-22, 1.26558431772e-22, 1.57723322155e-22, 1.16912695007e-22, 1.83220354219e-22, 2.44144170282e-22, 3.07528878959e-22, 3.46541849876e-22, 3.4485063307e-22, 8.32136426086e-22, 8.456490959e-22, 1.18623879461e-21, 1.09605510521e-21, 1.44282846367e-21, 1.97867196493e-21],
        "var": [2.20832285791e-09, 6.39693507765e-06, 5.90592535445e-05, 1.53272721946e-05, 1.48910239659e-05, 6.57466398479e-06, 4.02580644732e-06, 5.31475689058e-06, 5.04369018017e-06, 4.35629954154e-06, 1.20271420201e-06, 4.53545595747e-07, 1.70733778759e-06, 7.82218251061e-07, 9.41791677178e-06, 2.3711168069e-06, 3.92899846702e-06, 1.36247433602e-06, 6.79425852468e-07, 2.47131595188e-07, 1.95407725556e-08, 6.27258600616e-09, 2.03348737848e-09, 1.67530445072e-09, 4.79700890121e-10, 1.54467749702e-09, 7.45539685543e-10]
    },
    "erbbands": {
        "dmean": [0.0104377632961, 0.159223511815, 1.21990776062, 2.64683270454, 4.28138589859, 3.58963227272, 4.15827226639, 5.5357131958, 9.38023662567, 8.66384887695, 7.51487207413, 10.0689983368, 8.1684961319, 11.1947031021, 11.6037445068, 8.9159488678, 11.8272924423, 10.7046375275, 25.237329483, 17.8015804291, 13.5960359573, 11.4592456818, 13.3540430069, 4.10432291031, 5.57424449921, 2.73193144798, 1.46818912029, 1.35708880424, 0.665637850761, 0.427987664938, 0.26588460803, 0.16627164185, 0.0807038918138, 0.0364918336272, 0.0225269384682, 0.0347821004689, 0.0324043519795, 0.013749265112, 0.00241258903407, 0.000106683291961],
        "dmean2": [0.0147061925381, 0.236594468355, 1.89780604839, 4.21221399307, 6.55448961258, 5.60903501511, 6.25686216354, 8.99579811096, 15.2852325439, 13.8405809402, 10.9825248718, 15.220243454, 12.998336792, 17.8974094391, 19.1093883514, 14.6450433731, 18.4460334778, 16.5209293365, 38.6296272278, 27.2977104187, 21.3670902252, 17.868642807, 21.3490028381, 6.70307254791, 9.06129074097, 4.6119427681, 2.35693645477, 2.12297034264, 0.949873507023, 0.622568070889, 0.37985175848, 0.241363763809, 0.117266580462, 0.0540847480297, 0.0336002707481, 0.0557434186339, 0.0487000569701, 0.0214355234057, 0.00362599524669, 0.000163905846421],
        "dvar": [0.000337135978043, 0.132409453392, 26.9863758087, 81.4344787598, 107.19972229, 58.5507850647, 90.8211212158, 145.02722168, 369.794708252, 390.374908447, 488.884918213, 1114.42626953, 921.981018066, 1286.04541016, 933.029785156, 426.628387451, 1005.21234131, 887.397399902, 5305.95361328, 4406.45703125, 2287.71557617, 2094.91137695, 2105.22363281, 782.209289551, 713.004455566, 90.6640548706, 19.6018600464, 18.8606529236, 4.17098236084, 1.05888676643, 0.544252932072, 0.36358204484, 0.124431110919, 0.0293254368007, 0.00645195040852, 0.00666626589373, 0.00629383465275, 0.0011552257929, 3.13999807986e-05, 5.18777873992e-08],
        "dvar2": [0.000643907464109, 0.278754889965, 45.642364502, 177.829864502, 204.67590332, 138.008361816, 191.737030029, 375.840209961, 985.03717041, 796.263977051, 893.112670898, 2224.49389648, 2246.14013672, 2981.20385742, 2286.37109375, 1019.75250244, 2207.48217773, 2014.61157227, 11887.15625, 8473.29589844, 5248.89697266, 4568.53955078, 4945.38232422, 1767.42004395, 1502.19885254, 233.087860107, 49.0710945129, 46.0525054932, 7.80442810059, 1.91545522213, 0.977401018143, 0.681962251663, 0.192103207111, 0.0479202568531, 0.0126439305022, 0.0164660271257, 0.0137214856222, 0.00273746741004, 6.89841617714e-05, 1.19055364678e-07],
        "max": [0.584802865982, 6.53405570984, 98.1145324707, 116.366989136, 155.299240112, 237.655838013, 472.589904785, 322.382232666, 388.665985107, 608.145202637, 1021.04248047, 1836.1784668, 1475.1763916, 1458.91113281, 758.538269043, 664.118774414, 943.188964844, 971.808532715, 2253.26782227, 2718.40112305, 1991.72790527, 1716.01391602, 1678.58886719, 2384.86621094, 1600.36645508, 397.976226807, 142.127960205, 190.797210693, 130.204330444, 55.2025375366, 45.8743133545, 39.307559967, 26.51820755, 9.81794452667, 5.07652711868, 0.545625686646, 0.475116610527, 0.195516258478, 0.0347010195255, 0.00135201704688],
        "mean": [0.0637002289295, 0.544451236725, 2.12041378021, 3.95663332939, 7.15409898758, 8.00584220886, 10.2898683548, 11.9881467819, 19.4755172729, 17.6323699951, 17.412694931, 21.5770015717, 15.8137979507, 20.3160934448, 19.3855304718, 14.7766666412, 24.5986728668, 23.2873306274, 51.802482605, 41.7632369995, 30.1020202637, 24.7321605682, 26.9026546478, 7.99667787552, 11.3331441879, 4.06009817123, 2.15996003151, 1.90981853008, 1.09587097168, 0.631464123726, 0.434720575809, 0.261151403189, 0.133848741651, 0.059877756983, 0.0298160482198, 0.0316937230527, 0.0302133578807, 0.0115052312613, 0.0021820992697, 0.000113570888061],
        "median": [0.0316000133753, 0.302160561085, 0.576111674309, 1.16911077499, 2.23861479759, 3.19525122643, 4.82043361664, 4.73665142059, 7.00579977036, 6.75504493713, 5.97677516937, 7.77643203735, 4.24603796005, 6.4078950882, 5.80259275436, 5.77617120743, 6.32243728638, 5.47113084793, 7.98422050476, 5.56139850616, 4.69333362579, 4.13260650635, 4.77116966248, 1.69072806835, 2.02110671997, 0.799026250839, 0.360523998737, 0.28827881813, 0.157856523991, 0.073857858777, 0.0363492444158, 0.0225530639291, 0.0108767077327, 0.0040196031332, 0.00215388345532, 0.00131742656231, 0.000376358599169, 8.69103387231e-05, 2.4587410735e-05, 2.44673556153e-05],
        "min": [1.89221543505e-21, 1.80119487151e-21, 4.29336020432e-21, 3.70577075982e-20, 7.44992722372e-20, 3.10963817135e-19, 2.26291722628e-19, 3.02862565312e-19, 3.24134652137e-19, 8.90071774911e-19, 1.84797980468e-18, 1.27264570335e-18, 1.30747011053e-18, 3.50761554696e-18, 3.15062879641e-18, 1.25111594976e-18, 5.10514119218e-18, 4.22334060301e-18, 8.26855778726e-18, 8.80878779096e-18, 7.32562731006e-18, 9.2534362477e-18, 1.43906811466e-17, 1.18489892164e-17, 1.7364135714e-17, 1.74202731535e-17, 1.53440034939e-17, 1.37362241178e-17, 2.67231781105e-17, 3.34186890085e-17, 2.03158718273e-17, 2.08426766897e-17, 2.14000574562e-17, 1.37267371833e-17, 7.38341828355e-18, 5.01470719017e-18, 2.79793862876e-18, 1.20634821123e-18, 2.49834265138e-19, 2.98273283263e-20],
        "var": [0.00705629494041, 0.447984665632, 53.0607681274, 112.17338562, 214.035324097, 224.543670654, 406.392974854, 414.260467529, 1056.52819824, 1304.32385254, 2047.6776123, 3970.99023438, 3216.59863281, 4094.8347168, 2020.13769531, 1021.70532227, 3383.90356445, 2728.55078125, 18863.3085938, 17918.3632812, 7671.64404297, 6285.44677734, 6010.23291016, 2154.67773438, 2586.05371094, 162.482330322, 29.4382858276, 28.5520973206, 10.1102294922, 2.69756960869, 1.69602763653, 1.03672003746, 0.413427382708, 0.0892349779606, 0.017306510359, 0.00586706260219, 0.00636369362473, 0.00104781030677, 3.17810299748e-05, 5.20397378523e-08]
    },
    "gfcc": {
        "mean": [-69.1719818115, 130.976974487, -125.176589966, 16.2018260956, -34.1923294067, -5.31007194519, -28.8905887604, -2.18919253349, -13.7835140228, -1.27850282192, -12.9066267014, -0.558106958866, -10.5511789322],
        "cov": [[15109.109375, 572.583129883, -682.649169922, 45.36876297, 74.7113952637, -185.253890991, -3.36608552933, 1.48990750313, 196.784942627, 107.740005493, 50.9593429565, 98.0949859619, 20.7856864929], [572.583129883, 2441.5234375, -1064.1517334, -26.7323036194, 348.330963135, -69.2402420044, 17.4039707184, 107.126373291, 252.923873901, -18.8631057739, 300.983398438, -25.1468048096, 270.068054199], [-682.649169922, -1064.1517334, 1251.48425293, -30.8404636383, -296.020721436, 211.160217285, -45.1345901489, -42.8211631775, -163.923019409, -27.0152492523, -181.420944214, 4.69818067551, -177.969696045], [45.36876297, -26.7323036194, -30.8404636383, 401.142791748, -46.2741661072, 70.3960647583, 60.8402481079, 8.47208976746, 27.695898056, -15.3366613388, 10.9080533981, -55.7607917786, 13.0276231766], [74.7113952637, 348.330963135, -296.020721436, -46.2741661072, 398.496520996, -53.1440620422, 71.3681030273, 68.5593490601, 114.633827209, 80.9489364624, 85.1348419189, 68.4142227173, 53.9240455627], [-185.253890991, -69.2402420044, 211.160217285, 70.3960647583, -53.1440620422, 190.358917236, 22.4771633148, 4.06036090851, -4.29586982727, -1.0236260891, -14.2785758972, -7.34004402161, -1.02010059357], [-3.36608552933, 17.4039707184, -45.1345901489, 60.8402481079, 71.3681030273, 22.4771633148, 152.476989746, 35.1423377991, 27.6260795593, 14.8307933807, 12.0698862076, 11.7769680023, 5.73977136612], [1.48990750313, 107.126373291, -42.8211631775, 8.47208976746, 68.5593490601, 4.06036090851, 35.1423377991, 136.175598145, 57.027015686, 19.3732757568, 32.548866272, 7.51875972748, 4.28693628311], [196.784942627, 252.923873901, -163.923019409, 27.695898056, 114.633827209, -4.29586982727, 27.6260795593, 57.027015686, 135.507263184, 51.1520385742, 47.9073600769, 10.2673444748, 35.2863388062], [107.740005493, -18.8631057739, -27.0152492523, -15.3366613388, 80.9489364624, -1.0236260891, 14.8307933807, 19.3732757568, 51.1520385742, 99.1220397949, 34.8869094849, 27.8296394348, 4.97807979584], [50.9593429565, 300.983398438, -181.420944214, 10.9080533981, 85.1348419189, -14.2785758972, 12.0698862076, 32.548866272, 47.9073600769, 34.8869094849, 123.407485962, 30.6035003662, 48.9264564514], [98.0949859619, -25.1468048096, 4.69818067551, -55.7607917786, 68.4142227173, -7.34004402161, 11.7769680023, 7.51875972748, 10.2673444748, 27.8296394348, 30.6035003662, 91.4571380615, 29.2534713745], [20.7856864929, 270.068054199, -177.969696045, 13.0276231766, 53.9240455627, -1.02010059357, 5.73977136612, 4.28693628311, 35.2863388062, 4.97807979584, 48.9264564514, 29.2534713745, 120.663856506]],
        "icov": [[7.25153877283e-05, -3.23781423504e-05, 5.09441561007e-05, -4.37041126133e-05, 8.25454553706e-05, 3.88094049413e-05, 1.48139906742e-05, 2.18509485421e-05, -8.12317739474e-05, -9.91933047771e-05, 0.000131594133563, -0.000224847637583, 0.000130792279379], [-3.23781423504e-05, 0.00120138947386, 0.000386263534892, 0.000619519327302, -0.000462520576548, -0.000518875196576, 0.000143378725625, 8.02790164016e-05, -0.00127287115902, 0.00178629520815, -0.00212151953019, 0.00170921045355, -0.00124350632541], [5.09441561007e-05, 0.000386263534892, 0.00216136686504, 0.000213912731851, 0.00066543725552, -0.0021033345256, 0.000502863898873, -0.000501547590829, 0.000637770222966, -0.00027802499244, 0.00110453378875, -0.00152494432405, 0.00171698653139], [-4.37041126133e-05, 0.000619519327302, 0.000213912731851, 0.00367624941282, 0.000266079092398, -0.00123894179706, -0.00140616705175, 0.000373045098968, -0.00149103812873, 0.00133726198692, -0.00190230435692, 0.00305641419254, -0.00112501170952], [8.25454553706e-05, -0.000462520576548, 0.00066543725552, 0.000266079092398, 0.00509920576587, 0.000571063661482, -0.0015007078182, -0.000664717226755, -0.00154248496983, -0.00232543121092, 0.000629249261692, -0.00321520376019, 0.000866103393491], [3.88094049413e-05, -0.000518875196576, -0.0021033345256, -0.00123894179706, 0.000571063661482, 0.00820257328451, -0.00133150909096, 2.5343915695e-05, -0.000586435082369, -0.000841238186695, 2.99665916828e-05, 0.000475098669995, -0.00185839121696], [1.48139906742e-05, 0.000143378725625, 0.000502863898873, -0.00140616705175, -0.0015007078182, -0.00133150909096, 0.00845287367702, -0.00156080932356, 0.000348186411429, 5.09506135131e-05, 0.000866430927999, -0.00139338790905, 0.00076537654968], [2.18509485421e-05, 8.02790164016e-05, -0.000501547590829, 0.000373045098968, -0.000664717226755, 2.5343915695e-05, -0.00156080932356, 0.00986736919731, -0.00420367252082, 0.00152565387543, -0.00231447815895, 0.000597615609877, 0.00101743079722], [-8.12317739474e-05, -0.00127287115902, 0.000637770222966, -0.00149103812873, -0.00154248496983, -0.000586435082369, 0.000348186411429, -0.00420367252082, 0.015977775678, -0.00722676189616, 0.002332017757, -4.85246545168e-08, -0.000538170977961], [-9.91933047771e-05, 0.00178629520815, -0.00027802499244, 0.00133726198692, -0.00232543121092, -0.000841238186695, 5.09506135131e-05, 0.00152565387543, -0.00722676189616, 0.0180809721351, -0.00622161664069, 0.000274118763627, 0.000263749534497], [0.000131594133563, -0.00212151953019, 0.00110453378875, -0.00190230435692, 0.000629249261692, 2.99665916828e-05, 0.000866430927999, -0.00231447815895, 0.002332017757, -0.00622161664069, 0.0174450855702, -0.00667756283656, 0.000440250121756], [-0.000224847637583, 0.00170921045355, -0.00152494432405, 0.00305641419254, -0.00321520376019, 0.000475098669995, -0.00139338790905, 0.000597615609877, -4.85246545168e-08, 0.000274118763627, -0.00667756283656, 0.0206081923097, -0.00717993406579], [0.000130792279379, -0.00124350632541, 0.00171698653139, -0.00112501170952, 0.000866103393491, -0.00185839121696, 0.00076537654968, 0.00101743079722, -0.000538170977961, 0.000263749534497, 0.000440250121756, -0.00717993406579, 0.0149353872985]]
    },
    "melbands": {
        "dmean": [0.000117672447232, 0.000475566979731, 0.000495557731483, 0.00028265506262, 0.000143876226502, 0.000122943980386, 0.000145108395373, 9.37526201596e-05, 5.78769322601e-05, 6.33756062598e-05, 4.02540463256e-05, 4.62506832264e-05, 3.97570802306e-05, 2.68335152214e-05, 1.9467810489e-05, 2.76222090179e-05, 2.01802195079e-05, 3.78994263883e-05, 3.01989311993e-05, 2.282789319e-05, 1.63812037499e-05, 1.0866865523e-05, 1.87874939002e-05, 7.12223891242e-06, 2.98358349937e-06, 4.57917440144e-06, 3.26672443407e-06, 1.5023438209e-06, 9.3580297289e-07, 1.00311706319e-06, 6.95815742802e-07, 3.98863932105e-07, 2.8177410627e-07, 2.26957979521e-07, 1.52701289835e-07, 1.43703260846e-07, 8.39244265194e-08, 6.04656094083e-08, 4.18864232188e-08, 2.99221802891e-08],
        "dmean2": [0.000169559789356, 0.000739641021937, 0.000766226032283, 0.000442121934611, 0.000219222521991, 0.00019789407088, 0.000237641346757, 0.00014700742031, 8.40247375891e-05, 9.7025949799e-05, 6.41359147266e-05, 7.34715576982e-05, 6.67304484523e-05, 4.39413015556e-05, 3.17830163112e-05, 4.24258032581e-05, 3.14672906825e-05, 5.80635096412e-05, 4.61845265818e-05, 3.59321784345e-05, 2.57215415331e-05, 1.69927570823e-05, 2.97424794553e-05, 1.1539852494e-05, 4.99747693539e-06, 7.39374354453e-06, 5.46705814486e-06, 2.56435760093e-06, 1.54170311362e-06, 1.61607738391e-06, 1.07244500214e-06, 5.74552018406e-07, 4.22383521936e-07, 3.39404721217e-07, 2.24818549555e-07, 2.13640248603e-07, 1.21393952668e-07, 8.82741133523e-08, 6.19447391159e-08, 4.5477076327e-08],
        "dvar": [4.36487326283e-08, 3.60326816917e-06, 1.98754128178e-06, 3.33351721338e-07, 9.11493529543e-08, 7.27594695604e-08, 8.46519299103e-08, 5.15882980778e-08, 2.81294862958e-08, 4.63929978878e-08, 2.27749445969e-08, 2.26568879214e-08, 1.335548383e-08, 3.77189790512e-09, 2.86842793962e-09, 6.04373173729e-09, 4.02673183686e-09, 1.24918067002e-08, 9.07784247772e-09, 6.89663481879e-09, 4.79240158668e-09, 1.71776304292e-09, 5.12282172238e-09, 6.3543015294e-10, 6.27365992489e-10, 7.23436588412e-10, 2.39358699528e-10, 2.65083215795e-11, 1.00324106661e-11, 7.61862968546e-12, 5.31080908417e-12, 1.49068669734e-12, 6.49862379621e-13, 2.72184347543e-13, 1.74430009824e-13, 3.62109376772e-13, 8.92246549539e-14, 6.92116381026e-14, 4.77942778941e-14, 2.04534621255e-14],
        "dvar2": [9.5365159325e-08, 6.22125935479e-06, 4.14555597672e-06, 7.17167665698e-07, 1.98767963866e-07, 1.85351410664e-07, 2.26980773732e-07, 9.83934640431e-08, 5.1814520674e-08, 9.49784748627e-08, 5.57012249658e-08, 5.10727247161e-08, 3.50882274347e-08, 9.11748632149e-09, 6.90382284674e-09, 1.25179502319e-08, 9.03912766859e-09, 2.80272871578e-08, 1.78357684177e-08, 1.49119188109e-08, 1.09171605089e-08, 3.85464193897e-09, 1.14015659136e-08, 1.43847367351e-09, 1.42744216447e-09, 1.50528212117e-09, 5.11854780783e-10, 7.12089276433e-11, 2.66169482288e-11, 1.77646109628e-11, 1.27395672136e-11, 2.75317117195e-12, 1.12333579938e-12, 5.56963980144e-13, 3.56695955325e-13, 7.16480856849e-13, 1.66967297193e-13, 1.1070119566e-13, 8.85415533751e-14, 3.72839474951e-14],
        "max": [0.00569099187851, 0.0360973700881, 0.017018482089, 0.0159273333848, 0.0126244463027, 0.00731141632423, 0.00592707330361, 0.0085481358692, 0.00756291253492, 0.0120391556993, 0.00720199523494, 0.00652832631022, 0.00208166032098, 0.00157171429601, 0.00153571169358, 0.00271397037432, 0.00191769050434, 0.00354481278919, 0.00279178493656, 0.00274511682801, 0.00334135582671, 0.00150149187539, 0.00242816540413, 0.001045049401, 0.0021997790318, 0.00189945555758, 0.00139466370456, 0.000105447485112, 6.77861680742e-05, 0.000139765863423, 0.000102930222056, 7.34394561732e-05, 4.88783916808e-05, 2.61858949671e-05, 2.74104422715e-05, 4.7706605983e-05, 1.54589306476e-05, 1.92957759282e-05, 1.57847516675e-05, 9.15651617106e-06],
        "mean": [0.000606026209425, 0.000978293712251, 0.000804247974884, 0.000545283546671, 0.000357506243745, 0.000277008279227, 0.000295934587484, 0.000194046122488, 0.000131948123453, 0.000131227221573, 7.48111051507e-05, 8.21193971206e-05, 5.97644939262e-05, 4.40118419647e-05, 3.37463607138e-05, 5.86112291785e-05, 3.87257932744e-05, 7.43364580558e-05, 6.67528947815e-05, 4.87319048261e-05, 3.44936233887e-05, 2.20978326979e-05, 3.80903402402e-05, 1.31992583192e-05, 5.00221995026e-06, 9.06237528397e-06, 5.70801194044e-06, 1.89247327853e-06, 1.20872994103e-06, 1.46310344462e-06, 9.72575548985e-07, 6.67592644277e-07, 4.13910413499e-07, 3.18663182952e-07, 2.4863598469e-07, 2.19383807121e-07, 1.32323918933e-07, 9.76065877012e-08, 6.72835724913e-08, 4.5108851765e-08],
        "median": [0.000338285637554, 0.000414092908613, 0.000240366585786, 0.000214752872125, 0.00016338378191, 0.000104219689092, 0.000104260951048, 6.86982530169e-05, 4.57582427771e-05, 4.34502435382e-05, 1.77547990461e-05, 2.29400047829e-05, 1.60985000548e-05, 1.55589623319e-05, 1.11956578621e-05, 1.23050085676e-05, 6.86458997734e-06, 1.08708418338e-05, 7.62946365285e-06, 6.74789907862e-06, 4.44721354143e-06, 3.60827675649e-06, 5.08944049216e-06, 2.40170265897e-06, 7.51169409341e-07, 1.42801150105e-06, 9.52148184297e-07, 3.15517866056e-07, 1.83196277703e-07, 2.03762922979e-07, 1.27433281705e-07, 9.30692038992e-08, 4.95613257101e-08, 3.52139757354e-08, 2.08675370317e-08, 1.52182337843e-08, 1.23028431886e-08, 7.73913022556e-09, 4.65692018281e-09, 2.45621345485e-09],
        "min": [1.82178291052e-23, 2.22170979093e-24, 6.35148162952e-24, 1.3774357064e-23, 1.03793695184e-23, 6.61895162475e-24, 4.24421050961e-24, 1.1560461532e-23, 1.41817248355e-23, 7.96333232374e-24, 6.15976949689e-24, 1.33453634597e-23, 1.61757127684e-23, 2.64264025071e-24, 6.2352074764e-24, 1.14314985512e-23, 8.07100315983e-24, 1.47756550556e-23, 1.19106747532e-23, 1.14921856207e-23, 8.73741707534e-24, 1.0846938421e-23, 9.80687501569e-24, 1.21292657434e-23, 8.94426271558e-24, 1.29660357492e-23, 1.22678007624e-23, 1.09130875633e-23, 8.96012513066e-24, 9.6500904885e-24, 7.58585528084e-24, 1.60018241591e-23, 1.56802308116e-23, 2.01417882778e-23, 1.13453241748e-23, 1.15434852454e-23, 1.2699112829e-23, 1.324562462e-23, 1.56936950895e-23, 1.08576132868e-23],
        "var": [5.03469436808e-07, 7.23992070562e-06, 3.09596930492e-06, 8.64819185153e-07, 3.95589751179e-07, 2.38601131741e-07, 2.3769064228e-07, 1.83961176958e-07, 1.14377783689e-07, 1.65376093264e-07, 7.69887265051e-08, 7.91119134647e-08, 2.06040073891e-08, 8.42636449505e-09, 6.02303673602e-09, 2.41830413472e-08, 1.1835905589e-08, 4.27124362545e-08, 3.80820885937e-08, 2.50329907914e-08, 1.58263944172e-08, 5.04154362702e-09, 1.55185500006e-08, 1.77196468609e-09, 1.69245162329e-09, 2.51383780459e-09, 9.0542345843e-10, 3.00448554924e-11, 1.14976856161e-11, 1.42747853468e-11, 8.20087400766e-12, 3.76523074871e-12, 1.59609120625e-12, 5.9329326391e-13, 4.80630834611e-13, 8.87683969299e-13, 2.43076853134e-13, 2.2178882808e-13, 1.26251033282e-13, 5.60176769337e-14]
    },
    "mfcc": {
        "mean": [-712.148071289, 167.498397827, -23.5694904327, 26.6058502197, 6.32198286057, 5.65363407135, -6.82856082916, 1.64011895657, -0.840564668179, 0.0212909374386, -1.2203925848, 0.942347228527, -1.13910663128],
        "cov": [[9625.27636719, 763.439758301, -765.62890625, 453.817443848, -178.044525146, 86.2373504639, -187.30027771, 32.0268249512, -0.289696604013, 92.2291259766, 28.3792152405, 73.9989471436, -9.29949092865], [763.439758301, 2129.01049805, -867.30645752, -8.98808574677, 216.877319336, -105.110305786, -31.4064807892, 31.1304111481, 58.9930000305, 12.1678857803, 117.305999756, 92.0211868286, 109.279296875], [-765.62890625, -867.30645752, 1182.63586426, -128.86038208, -107.20565033, 102.179420471, 35.627456665, 15.6734170914, -54.1238517761, -18.5467605591, -66.9009628296, -37.9561157227, -127.991172791], [453.817443848, -8.98808574677, -128.86038208, 247.042114258, 16.6247997284, 26.5336761475, 23.230222702, 27.2420940399, 33.0063972473, 36.5157699585, 23.3522987366, 14.2353239059, 27.6509399414], [-178.044525146, 216.877319336, -107.20565033, 16.6247997284, 188.415435791, 5.87641811371, 3.96364831924, 16.9875946045, 28.971157074, 21.4829330444, 36.8143844604, 32.5878677368, 45.6169395447], [86.2373504639, -105.110305786, 102.179420471, 26.5336761475, 5.87641811371, 158.676223755, 32.6684265137, 8.95479393005, 21.140707016, 19.0239658356, -15.7281932831, 10.7235918045, 10.5446166992], [-187.30027771, -31.4064807892, 35.627456665, 23.230222702, 3.96364831924, 32.6684265137, 109.513710022, 39.4610443115, 5.48878240585, 11.0334787369, 7.43156957626, -1.02844357491, 9.02545833588], [32.0268249512, 31.1304111481, 15.6734170914, 27.2420940399, 16.9875946045, 8.95479393005, 39.4610443115, 102.518157959, 34.9003791809, 19.0726394653, 23.8349704742, 15.5603504181, 2.12338662148], [-0.289696604013, 58.9930000305, -54.1238517761, 33.0063972473, 28.971157074, 21.140707016, 5.48878240585, 34.9003791809, 97.4028625488, 42.8888626099, 11.9776477814, 13.333861351, 18.1821136475], [92.2291259766, 12.1678857803, -18.5467605591, 36.5157699585, 21.4829330444, 19.0239658356, 11.0334787369, 19.0726394653, 42.8888626099, 96.78540802, 33.8849525452, 3.56724786758, 16.8151950836], [28.3792152405, 117.305999756, -66.9009628296, 23.3522987366, 36.8143844604, -15.7281932831, 7.43156957626, 23.8349704742, 11.9776477814, 33.8849525452, 103.16028595, 46.9548110962, 2.96608757973], [73.9989471436, 92.0211868286, -37.9561157227, 14.2353239059, 32.5878677368, 10.7235918045, -1.02844357491, 15.5603504181, 13.333861351, 3.56724786758, 46.9548110962, 92.057434082, 32.1719360352], [-9.29949092865, 109.279296875, -127.991172791, 27.6509399414, 45.6169395447, 10.5446166992, 9.02545833588, 2.12338662148, 18.1821136475, 16.8151950836, 2.96608757973, 32.1719360352, 96.9764633179]],
