{
"lowlevel": {
    "average_loudness": 0.895535647869,
    "barkbands_crest": {
        "dmean": 3.57359981537,
        "dmean2": 5.66214752197,
        "dvar": 11.810880661,
        "dvar2": 26.2886009216,
        "max": 26.3727664948,
        "mean": 13.5361614227,
        "median": 13.1879940033,
        "min": 2.05430412292,
        "var": 34.7734031677
    },
    "barkbands_flatness_db": {
        "dmean": 0.046114359051,
        "dmean2": 0.0685795173049,
        "dvar": 0.00222663162276,
        "dvar2": 0.00501163722947,
        "max": 0.561489164829,
        "mean": 0.152389466763,
        "median": 0.133682623506,
        "min": 0.0165047161281,
        "var": 0.00692654307932
    },
    "barkbands_kurtosis": {
        "dmean": 17.1020278931,
        "dmean2": 28.523765564,
        "dvar": 4278.91162109,
        "dvar2": 9944.9140625,
        "max": 1417.72509766,
        "mean": 16.0858745575,
        "median": 2.53364896774,
        "min": -1.9215413332,
        "var": 4381.49023438
    },
    "barkbands_skewness": {
        "dmean": 1.38363432884,
        "dmean2": 2.18556332588,
        "dvar": 4.17316627502,
        "dvar2": 9.29614925385,
        "max": 29.9481544495,
        "mean": 2.25293016434,
        "median": 1.67369246483,
        "min": -8.06006526947,
        "var": 8.72713279724
    },
    "barkbands_spread": {
        "dmean": 12.8912963867,
        "dmean2": 20.7070217133,
        "dvar": 218.336273193,
        "dvar2": 521.68939209,
        "max": 115.362251282,
        "mean": 26.8951568604,
        "median": 23.9889087677,
        "min": 0.126435011625,
        "var": 390.306030273
    },
    "dissonance": {
        "dmean": 0.0188373252749,
        "dmean2": 0.0316721461713,
        "dvar": 0.000942233717069,
        "dvar2": 0.00257796817459,
        "max": 0.500000119209,
        "mean": 0.473051786423,
        "median": 0.485372930765,
        "min": 0.0820816382766,
        "var": 0.00153841485735
    },
    "dynamic_complexity": 4.38266420364,
    "erbbands_crest": {
        "dmean": 2.37475442886,
        "dmean2": 3.89574813843,
        "dvar": 5.63728046417,
        "dvar2": 13.7771482468,
        "max": 27.7010879517,
        "mean": 7.3288860321,
        "median": 6.42599534988,
        "min": 2.09875774384,
        "var": 12.6409711838
    },
    "erbbands_flatness_db": {
        "dmean": 0.026217404753,
        "dmean2": 0.0370263457298,
        "dvar": 0.000686299870722,
        "dvar2": 0.00130139023531,
        "max": 0.45662483573,
        "mean": 0.141295522451,
        "median": 0.117661863565,
        "min": 0.0266686975956,
        "var": 0.00502341426909
    },
    "erbbands_kurtosis": {
        "dmean": 1.4399677515,
        "dmean2": 2.33402323723,
        "dvar": 9.30095481873,
        "dvar2": 21.036737442,
        "max": 188.05027771,
        "mean": 0.957059144974,
        "median": 0.107481479645,
        "min": -1.83668327332,
        "var": 17.6470947266
    },
    "erbbands_skewness": {
        "dmean": 0.549802422523,
        "dmean2": 0.859051406384,
        "dvar": 0.331550836563,
        "dvar2": 0.772476673126,
        "max": 4.1732211113,
        "mean": -0.271891534328,
        "median": -0.259244322777,
        "min": -9.78247737885,
        "var": 0.803132176399
    },
    "erbbands_spread": {
        "dmean": 15.1402587891,
        "dmean2": 22.9023551941,
        "dvar": 234.704345703,
        "dvar2": 555.210876465,
        "max": 181.966430664,
        "mean": 45.160118103,
        "median": 39.6535682678,
        "min": 1.08778226376,
        "var": 738.560302734
    },
    "hfc": {
        "dmean": 22.9041614532,
        "dmean2": 36.8875465393,
        "dvar": 1223.28381348,
        "dvar2": 3242.9206543,
        "max": 320.417572021,
        "mean": 31.7034358978,
        "median": 19.6596908569,
        "min": 1.14274128121e-16,
        "var": 1472.73266602
    },
    "melbands_crest": {
        "dmean": 4.02664279938,
        "dmean2": 6.29850816727,
        "dvar": 14.9142580032,
        "dvar2": 34.8867683411,
        "max": 37.1995925903,
        "mean": 19.098991394,
        "median": 19.5716114044,
        "min": 1.52092039585,
        "var": 58.2796897888
    },
    "melbands_flatness_db": {
        "dmean": 0.0566158257425,
        "dmean2": 0.0841008201241,
        "dvar": 0.00325441150926,
        "dvar2": 0.0072867157869,
        "max": 0.721127867699,
        "mean": 0.23361569643,
        "median": 0.218924283981,
        "min": 0.00292995246127,
        "var": 0.0119527699426
    },
    "melbands_kurtosis": {
        "dmean": 37.2300796509,
        "dmean2": 60.8388023376,
        "dvar": 8541.87207031,
        "dvar2": 20297.7246094,
        "max": 2093.64086914,
        "mean": 46.6792755127,
        "median": 13.3193912506,
        "min": -1.87785148621,
        "var": 11944.4052734
    },
    "melbands_skewness": {
        "dmean": 1.8389083147,
        "dmean2": 2.90868830681,
        "dvar": 5.48736572266,
        "dvar2": 12.9983978271,
        "max": 36.9749145508,
        "mean": 4.35641860962,
        "median": 3.42017197609,
        "min": -4.65393733978,
        "var": 15.425330162
    },
    "melbands_spread": {
        "dmean": 12.7735862732,
        "dmean2": 20.6387805939,
        "dvar": 288.940307617,
        "dvar2": 660.441162109,
        "max": 248.798980713,
        "mean": 26.5799617767,
        "median": 17.8158378601,
        "min": 0.122861996293,
        "var": 857.933227539
    },
    "pitch_salience": {
        "dmean": 0.108491614461,
        "dmean2": 0.175447642803,
        "dvar": 0.0119668627158,
        "dvar2": 0.0296875312924,
        "max": 0.951116144657,
        "mean": 0.470306962729,
        "median": 0.451036959887,
        "min": 0.0136726265773,
        "var": 0.0366727076471
    },
    "silence_rate_20dB": {
        "dmean": 0,
        "dmean2": 0,
        "dvar": 0,
        "dvar2": 0,
        "max": 1,
        "mean": 1,
        "median": 1,
        "min": 1,
        "var": 0
    },
    "silence_rate_30dB": {
        "dmean": 0.0518660023808,
        "dmean2": 0.103739619255,
        "dvar": 0.0491733700037,
        "dvar2": 0.12250110507,
        "max": 1,
        "mean": 0.94990080595,
        "median": 1,
        "min": 0,
        "var": 0.0475841835141
    },
    "silence_rate_60dB": {
        "dmean": 0.0464296191931,
        "dmean2": 0.092866063118,
        "dvar": 0.0442698597908,
        "dvar2": 0.101298689842,
        "max": 1,
        "mean": 0.123705282807,
        "median": 0,
        "min": 0,
        "var": 0.108406104147
    },
    "spectral_centroid": {
        "dmean": 450.830566406,
        "dmean2": 715.172241211,
        "dvar": 262201.65625,
        "dvar2": 604976.5,
        "max": 10735.7695312,
        "mean": 1739.95678711,
        "median": 1672.11572266,
        "min": 140.427703857,
        "var": 794022.5
    },
    "spectral_complexity": {
        "dmean": 6.70114612579,
        "dmean2": 10.7808389664,
        "dvar": 51.7868652344,
        "dvar2": 127.345870972,
        "max": 61,
        "mean": 19.8869457245,
        "median": 19,
        "min": 0,
        "var": 189.457946777
    },
    "spectral_decrease": {
        "dmean": 4.44766623531e-09,
        "dmean2": 6.95470925294e-09,
        "dvar": 3.08884163066e-17,
        "dvar2": 8.22917654548e-17,
        "max": 2.9622723263e-18,
        "mean": -1.15623191022e-08,
        "median": -1.07494537716e-08,
        "min": -7.85884211041e-08,
        "var": 8.49115721862e-17
    },
    "spectral_energy": {
        "dmean": 0.018000440672,
        "dmean2": 0.0284374430776,
        "dvar": 0.000476110406453,
        "dvar2": 0.00125292805023,
        "max": 0.299688220024,
        "mean": 0.0465143546462,
        "median": 0.043304361403,
        "min": 1.0653846375e-20,
        "var": 0.00131718406919
    },
    "spectral_energyband_high": {
        "dmean": 0.00209354585968,
        "dmean2": 0.00345070520416,
        "dvar": 1.49597990458e-05,
        "dvar2": 3.89431588701e-05,
        "max": 0.0351180024445,
        "mean": 0.00220042676665,
        "median": 0.000779415946454,
        "min": 7.42100643687e-21,
        "var": 1.4640646441e-05
    },
    "spectral_energyband_low": {
        "dmean": 0.0142268659547,
        "dmean2": 0.0216349046677,
        "dvar": 0.000419343152316,
        "dvar2": 0.00114685692824,
        "max": 0.289675891399,
        "mean": 0.0333309099078,
        "median": 0.0287985615432,
        "min": 5.26531143424e-23,
        "var": 0.000973656075075
    },
    "spectral_energyband_middle_high": {
        "dmean": 0.00358887342736,
        "dmean2": 0.00575191527605,
        "dvar": 2.87500661216e-05,
        "dvar2": 6.941526226e-05,
        "max": 0.0866920202971,
        "mean": 0.00601312797517,
        "median": 0.00334910023957,
        "min": 1.90920313181e-21,
        "var": 5.76484490011e-05
    },
    "spectral_energyband_middle_low": {
        "dmean": 0.00427083484828,
        "dmean2": 0.00728718005121,
        "dvar": 4.95503045386e-05,
        "dvar2": 0.000131943859742,
        "max": 0.120755203068,
        "mean": 0.00565338460729,
        "median": 0.00295080943033,
        "min": 2.87544697202e-22,
        "var": 5.831262024e-05
    },
    "spectral_entropy": {
        "dmean": 0.274532914162,
        "dmean2": 0.394048392773,
        "dvar": 0.0854154601693,
        "dvar2": 0.169866234064,
        "max": 9.79813957214,
        "mean": 7.80312633514,
        "median": 7.96912288666,
        "min": 4.88752603531,
        "var": 0.422101289034
    },
    "spectral_flux": {
        "dmean": 0.0402090698481,
        "dmean2": 0.065113812685,
        "dvar": 0.0016152166063,
        "dvar2": 0.00324602983892,
        "max": 0.329369783401,
        "mean": 0.103108085692,
        "median": 0.0950516909361,
        "min": 1.03217469294e-10,
        "var": 0.00399673031643
    },
    "spectral_kurtosis": {
        "dmean": 4.0959072113,
        "dmean2": 6.50837135315,
        "dvar": 74.6015472412,
        "dvar2": 182.965942383,
        "max": 243.406066895,
        "mean": 7.93752145767,
        "median": 2.86217737198,
        "min": -1.2075214386,
        "var": 275.798858643
    },
    "spectral_rms": {
        "dmean": 0.00127927644644,
        "dmean2": 0.0019694911316,
        "dvar": 1.75559887339e-06,
        "dvar2": 4.26011138188e-06,
        "max": 0.0170990861952,
        "mean": 0.00599747849628,
        "median": 0.00649985810742,
        "min": 3.22397208756e-12,
        "var": 9.41005782806e-06
    },
    "spectral_rolloff": {
        "dmean": 987.80871582,
        "dmean2": 1724.18615723,
        "dvar": 2844547.75,
        "dvar2": 6385720.5,
        "max": 19250.6835938,
        "mean": 1904.84814453,
        "median": 968.994140625,
        "min": 43.06640625,
        "var": 9195395
    },
    "spectral_skewness": {
        "dmean": 0.452262043953,
        "dmean2": 0.688436806202,
        "dvar": 0.369485676289,
        "dvar2": 0.878687262535,
        "max": 13.1059207916,
        "mean": 1.69704020023,
        "median": 1.31140244007,
        "min": -0.728276193142,
        "var": 1.59598982334
    },
    "spectral_spread": {
        "dmean": 1179129.5,
        "dmean2": 1645312.125,
        "dvar": 1.3373711319e+12,
        "dvar2": 2.25240521114e+12,
        "max": 40752228,
        "mean": 5326606.5,
        "median": 5292913,
        "min": 475237.4375,
        "var": 6.13158695731e+12
    },
    "spectral_strongpeak": {
        "dmean": 0.321347385645,
        "dmean2": 0.547574281693,
        "dvar": 0.727109909058,
        "dvar2": 1.88859045506,
        "max": 15.3832616806,
        "mean": 0.495321661234,
        "median": 0.329228311777,
        "min": 0,
        "var": 0.673756480217
    },
    "zerocrossingrate": {
        "dmean": 0.0201601833105,
        "dmean2": 0.0244085378945,
        "dvar": 0.000513371021952,
        "dvar2": 0.000661076570395,
        "max": 0.5244140625,
        "mean": 0.0694505050778,
        "median": 0.05126953125,
        "min": 0.001953125,
        "var": 0.00570776918903
    },
    "barkbands": {
        "dmean": [0.000888004200533, 0.0128771681339, 0.00358009338379, 0.00114859070163, 0.00142884696834, 0.00041501846863, 0.000777491251938, 0.000563086825423, 0.000720040989108, 0.000552835525014, 0.00043436663691, 0.000638545257971, 0.000442123069661, 0.00081018632045, 0.000409086234868, 0.000341821927577, 0.000289771414828, 0.000323763699271, 0.00034150108695, 0.000307861337205, 0.000230415142141, 0.000242051275563, 0.000686699873768, 0.000408249878092, 0.000275383936241, 0.00015593302669, 2.40360695898e-05],
        "dmean2": [0.00140554271638, 0.0199416540563, 0.00592470960692, 0.00204417179339, 0.00260796444491, 0.000726212747395, 0.00127538177185, 0.00091333076125, 0.00118672032841, 0.00087041646475, 0.000722637574654, 0.00102651841007, 0.000724543235265, 0.00130699865986, 0.00072030373849, 0.000555543520022, 0.000483671989059, 0.000524126866367, 0.000578244391363, 0.000514842162374, 0.000397597090341, 0.00040534051368, 0.00115734909195, 0.000683902006131, 0.000440687319497, 0.00024789510644, 3.87074469472e-05],
        "dvar": [3.94947392124e-06, 0.000372685870389, 3.9076723624e-05, 5.43597252545e-06, 1.33195990202e-05, 7.37660570849e-07, 2.03054582926e-06, 1.9227309167e-06, 1.95043890017e-06, 1.90778087017e-06, 9.15680800517e-07, 1.78259585937e-06, 1.0430239854e-06, 4.70580607725e-06, 1.56071178026e-06, 4.53217751328e-07, 3.34682681569e-07, 3.64825837096e-07, 3.5790998254e-07, 2.62343490931e-07, 1.91453892739e-07, 1.92530450249e-07, 2.92445315608e-06, 4.51141232816e-07, 2.42318549226e-07, 1.15157853031e-07, 2.85894463659e-09],
        "dvar2": [9.52417030931e-06, 0.00104146893136, 0.000101531419205, 1.48152266775e-05, 3.76941497962e-05, 2.04699381356e-06, 4.96350503454e-06, 4.33074956163e-06, 4.94899268233e-06, 4.12072677136e-06, 2.49961021836e-06, 3.87678801417e-06, 2.62469097834e-06, 1.18002262752e-05, 4.47134425485e-06, 9.85584051705e-07, 7.4041525977e-07, 8.43876534873e-07, 8.69977782259e-07, 6.47759122785e-07, 5.22975881267e-07, 5.04731929141e-07, 7.84022086009e-06, 1.16602109301e-06, 5.91273590089e-07, 2.82072335267e-07, 6.99976343554e-09],
        "max": [0.0408248081803, 0.257766604424, 0.0593435019255, 0.0313965454698, 0.105521582067, 0.0192172657698, 0.0213611572981, 0.0334984213114, 0.0325216688216, 0.0350970812142, 0.0344295948744, 0.0356415957212, 0.0332664661109, 0.0319251939654, 0.0335606746376, 0.0151983695105, 0.0138960033655, 0.017864825204, 0.0211771801114, 0.0137355346233, 0.00686434656382, 0.00472714193165, 0.0167094301432, 0.00627366965637, 0.00509673077613, 0.00620667729527, 0.00151824392378],
        "mean": [0.00163023429923, 0.0254729837179, 0.00563427247107, 0.0011147223413, 0.00139672937803, 0.000478358648252, 0.000929097703192, 0.000674394716043, 0.000917242723517, 0.000709766580258, 0.000604579399806, 0.000809846853372, 0.000590000243392, 0.000939361692872, 0.000448129721917, 0.000420680618845, 0.000402747216867, 0.00045225705253, 0.0004993773764, 0.000398886069888, 0.000258658954408, 0.000286546361167, 0.000641842314508, 0.00039490807103, 0.000254453712841, 0.000133983310661, 2.02435276151e-05],
        "median": [0.000794343475718, 0.0201880875975, 0.00351034733467, 0.000400865334086, 0.000481914321426, 0.000188972349861, 0.000274394988082, 0.000185804368812, 0.000352058239514, 0.000225133815547, 0.000266785209533, 0.000315356912324, 0.000221304537263, 0.000229628538364, 0.00014132821525, 0.000147207683767, 0.000119739626825, 0.000122533092508, 0.000141005701153, 0.00012404336303, 8.81645755726e-05, 9.87866005744e-05, 0.000103469967144, 0.000112015135528, 6.76316340105e-05, 1.84309992619e-05, 2.20334186452e-06],
        "min": [3.15211872994e-23, 8.19337915206e-24, 1.73405810687e-23, 2.80005294784e-23, 2.67442495542e-23, 2.3583618384e-23, 2.75269100127e-23, 1.3412692738e-22, 4.20668439635e-23, 5.20076935933e-23, 6.19064716933e-23, 4.73128920455e-23, 1.48169938914e-22, 3.16472163487e-22, 2.5809986438e-22, 1.308353453e-22, 1.58719028701e-22, 2.08755895317e-22, 4.04019921505e-22, 2.50227966557e-22, 3.68264504364e-22, 4.43170091111e-22, 6.94118634773e-22, 8.2649888527e-22, 1.06543710369e-21, 2.01818256193e-21, 2.08756475919e-21],
        "var": [1.15803750305e-05, 0.000693332345691, 4.84755510115e-05, 4.2188748921e-06, 1.32590630528e-05, 8.3442569121e-07, 2.86321983367e-06, 2.66481492872e-06, 2.70316763817e-06, 3.09969982482e-06, 1.4819191847e-06, 2.88619548883e-06, 1.7800372234e-06, 5.52525943931e-06, 1.38508426062e-06, 6.28318275631e-07, 6.46516411962e-07, 7.36147057978e-07, 1.22940218716e-06, 5.81083554607e-07, 2.14869501747e-07, 2.2436540803e-07, 2.3742279609e-06, 4.28679328479e-07, 2.41559007463e-07, 1.08380142194e-07, 2.79487832877e-09]
    },
    "erbbands": {
        "dmean": [0.490010529757, 2.62167668343, 4.23527383804, 3.78031396866, 4.37943649292, 4.65840387344, 3.72100901604, 3.54144692421, 10.7842950821, 9.4018201828, 15.9336633682, 15.7762765884, 15.3877859116, 13.7327394485, 18.032989502, 25.0659713745, 20.3679733276, 26.0073871613, 40.888217926, 15.9381484985, 15.7345495224, 19.2945308685, 15.9053544998, 15.9563360214, 18.0231456757, 14.1607990265, 10.8126115799, 8.69703578949, 8.5943145752, 14.458073616, 18.3555412292, 7.19061136246, 7.54595279694, 3.57120299339, 1.92347431183, 0.73584663868, 0.339788734913, 0.0389618352056, 0.00373873882927, 0.000182191637577],
        "dmean2": [0.731617748737, 4.17256641388, 6.86385631561, 6.55781173706, 7.9690117836, 8.60760688782, 6.50364542007, 6.14495897293, 17.5289154053, 15.5264377594, 25.5786380768, 26.3472919464, 24.6480979919, 22.2567176819, 29.8844814301, 40.5600738525, 33.1258201599, 41.9168624878, 68.5082473755, 25.99077034, 26.1694946289, 31.5232009888, 25.8741970062, 26.0508232117, 30.6481380463, 23.8812217712, 18.6631908417, 14.9645471573, 14.3357133865, 24.6029930115, 30.9602966309, 11.2352409363, 12.9166345596, 5.86031341553, 3.11059498787, 1.15600323677, 0.553179621696, 0.0620873868465, 0.00596855534241, 0.000287183182081],
        "dvar": [0.575005471706, 15.3669395447, 45.3056030273, 54.0600128174, 109.602416992, 150.571472168, 64.4183578491, 57.3446044922, 379.275939941, 401.552337646, 1492.40283203, 981.668151855, 1295.2590332, 962.938598633, 1195.60070801, 2656.74194336, 2131.47998047, 3236.46142578, 17526.8964844, 967.423278809, 744.566101074, 1651.17980957, 820.11151123, 788.078552246, 1036.06689453, 574.241760254, 353.563995361, 344.467285156, 231.760482788, 1158.03320312, 2024.4942627, 146.518936157, 164.579101562, 33.9249610901, 12.4912414551, 1.92956829071, 0.808458685875, 0.00738327018917, 6.59494762658e-05, 1.36711122423e-07],
        "dvar2": [1.47727191448, 43.9304046631, 114.059608459, 146.636383057, 308.255432129, 428.882263184, 172.832199097, 159.691940308, 881.991271973, 960.276123047, 3288.88671875, 2515.94921875, 3139.17529297, 2360.11401367, 3263.98291016, 5887.94433594, 5220.62402344, 7955.38476562, 47684.2265625, 2328.03564453, 1758.27319336, 3413.3269043, 1915.53796387, 1879.36877441, 2580.01977539, 1450.07763672, 959.237915039, 940.138366699, 598.034545898, 3136.35766602, 5447.53857422, 353.697143555, 433.358886719, 84.3170623779, 30.4524555206, 4.56127262115, 2.07423973083, 0.0174417048693, 0.000160831186804, 3.29260984699e-07],
        "max": [9.91303253174, 46.9305114746, 65.3387985229, 81.0556869507, 342.225738525, 287.837463379, 172.352371216, 191.980911255, 338.00012207, 951.409851074, 734.787902832, 744.907836914, 1090.3380127, 1424.96118164, 1106.51599121, 1639.37304688, 1503.08483887, 1732.44775391, 2317.89477539, 635.820373535, 485.067993164, 1055.32507324, 795.974121094, 1181.10778809, 1082.03417969, 761.448303223, 302.598449707, 326.728607178, 143.491653442, 343.497772217, 418.122802734, 120.270469666, 128.650741577, 68.0765914917, 41.2780685425, 16.743806839, 17.5760440826, 2.52755641937, 0.201925605536, 0.0103868739679],
        "mean": [1.05471658707, 4.45383453369, 7.15751361847, 4.6030459404, 4.26956272125, 4.27289962769, 4.11906576157, 4.114590168, 12.9492464066, 10.8679685593, 19.5503616333, 20.1185722351, 20.657535553, 20.0075454712, 26.1676197052, 33.0505180359, 27.8482685089, 34.6732139587, 44.1952819824, 21.1373119354, 20.4023971558, 26.7280197144, 22.7596530914, 24.243888855, 25.1940536499, 18.089881897, 12.4472045898, 10.214673996, 10.1941156387, 14.2653903961, 17.3794345856, 8.39325428009, 6.61735057831, 3.25777959824, 1.68011415005, 0.660095393658, 0.27590239048, 0.0334344990551, 0.00322999455966, 0.000201635251869],
        "median": [0.785816431046, 3.35095357895, 4.85381889343, 2.55908846855, 1.66787540913, 1.365929842, 1.29998719692, 1.62013590336, 3.82856011391, 2.8208386898, 6.0102314949, 7.64090490341, 8.11813259125, 8.37458896637, 12.3106775284, 13.2771377563, 10.8820867538, 11.2170276642, 11.1751995087, 7.80867624283, 7.90419960022, 7.68234300613, 6.77268218994, 7.13233804703, 6.59289216995, 5.66650533676, 4.02265357971, 3.4110314846, 3.67347121239, 3.07543301582, 2.83718538284, 2.61148953438, 1.72717356682, 0.857105076313, 0.378341823816, 0.123662739992, 0.0275597441941, 0.00398355629295, 0.000391549721826, 8.50005817483e-05],
        "min": [3.7711231779e-22, 1.83611275819e-21, 1.55970074376e-20, 6.5357045925e-20, 6.60719044577e-20, 1.20331928262e-19, 2.24709093472e-19, 9.81273374679e-20, 2.25558401166e-19, 1.71123681986e-18, 2.276304886e-18, 1.14992022459e-18, 1.18865502472e-18, 1.98008220286e-18, 2.53501286041e-18, 2.62749661597e-18, 6.58120032752e-18, 1.80481313626e-17, 1.36565327104e-17, 7.56221420014e-18, 8.31302949854e-18, 9.95853823673e-18, 1.15124598831e-17, 1.52487139417e-17, 2.12749496972e-17, 1.06098213736e-17, 1.21713315749e-17, 1.7842456212e-17, 1.51294526953e-17, 1.3408778882e-17, 2.31552453805e-17, 1.52788630206e-17, 1.42449451576e-17, 1.10246251538e-17, 8.45812276824e-18, 8.64655782051e-18, 3.24922955261e-18, 1.46067419634e-18, 2.74010583094e-19, 2.68707053204e-20],
        "var": [1.25872516632, 23.1411399841, 67.0704269409, 44.9932365417, 108.446769714, 127.30078125, 66.9734573364, 63.6296615601, 551.308898926, 624.980957031, 2007.63256836, 1347.4140625, 2024.60351562, 1827.79187012, 2109.98706055, 4596.03564453, 3550.84790039, 5383.11865234, 15813.4179688, 1361.44714355, 1048.79052734, 3073.89086914, 1650.03479004, 2436.71875, 3213.28735352, 1311.74768066, 455.886383057, 387.64666748, 277.465301514, 949.77520752, 1662.56225586, 184.32975769, 140.731124878, 33.2552833557, 11.9843168259, 1.94162523746, 0.683012545109, 0.0076082800515, 6.52239978081e-05, 1.47121625105e-07]
    },
    "gfcc": {
        "mean": [-29.0680465698, 75.5999069214, -100.712150574, 33.2081985474, -39.2704086304, 31.3058776855, -23.3016262054, 16.7142009735, -15.0465726852, 4.96173429489, -9.45280361176, -0.659327805042, -12.0758829117],
        "cov": [[34294.8398438, -961.183410645, 523.715209961, 2337.67895508, -856.045471191, 1601.60705566, -237.924682617, 910.293518066, -87.4955368042, 357.970123291, -324.754272461, 54.5315742493, -429.52633667], [-961.183410645, 3467.14013672, -503.596618652, -1025.23901367, 530.591186523, -350.751739502, -18.970993042, -291.838165283, 125.390296936, -215.73500061, 188.496566772, -122.003112793, 194.495147705], [523.715209961, -503.596618652, 1212.08398438, 346.91809082, -60.6230888367, 418.634674072, 42.6418647766, 77.7857208252, 49.5528488159, 98.4096832275, -18.0522212982, 72.7556686401, 38.1461296082], [2337.67895508, -1025.23901367, 346.91809082, 1124.62939453, -27.5743961334, 244.009674072, 140.16166687, 179.814117432, 21.0951976776, 86.2924499512, -33.1769561768, 45.2610435486, -26.5807285309], [-856.045471191, 530.591186523, -60.6230888367, -27.5743961334, 532.316650391, 9.18586921692, 54.1591339111, -7.66714334488, 66.7668533325, 0.290768355131, 62.6973571777, -15.8695716858, 46.4590797424], [1601.60705566, -350.751739502, 418.634674072, 244.009674072, 9.18586921692, 542.989013672, 116.378997803, 130.53225708, 86.2549133301, 80.0646362305, 9.6216583252, 40.738609314, -3.61811208725], [-237.924682617, -18.970993042, 42.6418647766, 140.16166687, 54.1591339111, 116.378997803, 275.724273682, 71.8454742432, 46.4236717224, 21.1339893341, 24.1097564697, 16.373254776, 17.2647018433], [910.293518066, -291.838165283, 77.7857208252, 179.814117432, -7.66714334488, 130.53225708, 71.8454742432, 227.038452148, 47.024433136, 24.3616771698, 8.69137859344, 12.5801038742, -28.6969680786], [-87.4955368042, 125.390296936, 49.5528488159, 21.0951976776, 66.7668533325, 86.2549133301, 46.4236717224, 47.024433136, 160.629440308, 36.3521118164, 26.5389156342, 10.4531383514, 13.2151727676], [357.970123291, -215.73500061, 98.4096832275, 86.2924499512, 0.290768355131, 80.0646362305, 21.1339893341, 24.3616771698, 36.3521118164, 118.374420166, 17.6833209991, 1.20846641064, -20.8796367645], [-324.754272461, 188.496566772, -18.0522212982, -33.1769561768, 62.6973571777, 9.6216583252, 24.1097564697, 8.69137859344, 26.5389156342, 17.6833209991, 97.4057388306, 5.23988676071, 10.9033250809], [54.5315742493, -122.003112793, 72.7556686401, 45.2610435486, -15.8695716858, 40.738609314, 16.373254776, 12.5801038742, 10.4531383514, 1.20846641064, 5.23988676071, 67.7827072144, 16.1191654205], [-429.52633667, 194.495147705, 38.1461296082, -26.5807285309, 46.4590797424, -3.61811208725, 17.2647018433, -28.6969680786, 13.2151727676, -20.8796367645, 10.9033250809, 16.1191654205, 79.6473236084]],
        "icov": [[8.51676813909e-05, -0.000227192838793, 0.000114093272714, -0.000260656146565, 0.000187735451618, -0.000319159647916, 0.000289888906991, -0.000338847225066, 0.000343769061146, -0.000447516242275, 0.000488309480716, -0.000374689960154, 0.000398156000301], [-0.000227192838793, 0.00141235941555, -0.000312310148729, 0.00114482094068, -0.000898865459021, 0.000940201745834, -0.000924228224903, 0.00143662991468, -0.00169003859628, 0.00241251476109, -0.00244371127337, 0.00238079275005, -0.00209195143543], [0.000114093272714, -0.000312310148729, 0.0014532142086, -0.000550155993551, 0.000388525193557, -0.00132492929697, 0.000718584284186, -0.000397019437514, 0.0006236154004, -0.00127524905838, 0.000974763184786, -0.00110435532406, -0.000435013120295], [-0.000260656146565, 0.00114482094068, -0.000550155993551, 0.00225699553266, -0.000868106668349, 0.000952678965405, -0.0013737117406, 0.00062770943623, -0.00113345403224, 0.00143215828575, -0.00151526369154, 0.00144798064139, -0.00163308146875], [0.000187735451618, -0.000898865459021, 0.000388525193557, -0.000868106668349, 0.00288949953392, -0.000820656714495, 0.000496438762639, -0.000835203391034, 0.000399008509703, -0.00141584663652, 0.000468044279842, -0.00052259711083, 0.000204658761504], [-0.000319159647916, 0.000940201745834, -0.00132492929697, 0.000952678965405, -0.000820656714495, 0.00443636160344, -0.00184970127884, 0.00039687010576, -0.00215355819091, 0.00105508696288, -0.00182026159018, 0.000978495460004, -0.00115537794773], [0.000289888906991, -0.000924228224903, 0.000718584284186, -0.0013737117406, 0.000496438762639, -0.00184970127884, 0.0056049101986, -0.00212181778625, 0.000947238178924, -0.00189629849046, 0.00124366092496, -0.0017369115958, 0.000191589424503], [-0.000338847225066, 0.00143662991468, -0.000397019437514, 0.00062770943623, -0.000835203391034, 0.00039687010576, -0.00212181778625, 0.00803582929075, -0.00328649557196, 0.00354458508082, -0.00337132834829, 0.00205077789724, 0.000445547630079], [0.000343769061146, -0.00169003859628, 0.0006236154004, -0.00113345403224, 0.000399008509703, -0.00215355819091, 0.000947238178924, -0.00328649557196, 0.010292256251, -0.00517725199461, 0.00237916270271, -0.00334806274623, 0.00087089050794], [-0.000447516242275, 0.00241251476109, -0.00127524905838, 0.00143215828575, -0.00141584663652, 0.00105508696288, -0.00189629849046, 0.00354458508082, -0.00517725199461, 0.0156917404383, -0.00667861569673, 0.004928374663, 0.000235530780628], [0.000488309480716, -0.00244371127337, 0.000974763184786, -0.00151526369154, 0.000468044279842, -0.00182026159018, 0.00124366092496, -0.00337132834829, 0.00237916270271, -0.00667861569673, 0.0167412720621, -0.0054210931994, 0.00244806986302], [-0.000374689960154, 0.00238079275005, -0.00110435532406, 0.00144798064139, -0.00052259711083, 0.000978495460004, -0.0017369115958, 0.00205077789724, -0.00334806274623, 0.004928374663, -0.0054210931994, 0.0214235391468, -0.0071037192829], [0.000398156000301, -0.00209195143543, -0.000435013120295, -0.00163308146875, 0.000204658761504, -0.00115537794773, 0.000191589424503, 0.000445547630079, 0.00087089050794, 0.000235530780628, 0.00244806986302, -0.0071037192829, 0.0204412490129]]
    },
    "melbands": {
        "dmean": [0.00390907656401, 0.00234431191348, 0.000643765495624, 0.000342412560713, 0.000141339623951, 8.43168309075e-05, 0.000160172145115, 9.95209484245e-05, 0.000147660131915, 9.3109687441e-05, 8.06074021966e-05, 6.08916707279e-05, 5.77247992624e-05, 5.35693943675e-05, 8.43500311021e-05, 3.4733213397e-05, 5.47766903765e-05, 8.05656673037e-05, 2.58190175373e-05, 2.51982510235e-05, 1.70973180502e-05, 2.09349564102e-05, 1.61795596796e-05, 1.53105684149e-05, 1.29118543555e-05, 1.48999415615e-05, 1.15447674034e-05, 9.65785056906e-06, 7.60352440921e-06, 4.98456665809e-06, 5.31465866516e-06, 4.51723508377e-06, 5.40001792615e-06, 1.1010196431e-05, 1.38162677104e-05, 5.32942522113e-06, 4.08888445236e-06, 4.85720511278e-06, 5.5028854149e-06, 2.29127317652e-06],
        "dmean2": [0.00599003816023, 0.00374394399114, 0.00111807626672, 0.000627432775218, 0.000250877841609, 0.000144542937051, 0.000262536195805, 0.000164122000569, 0.000236769672483, 0.000156649577548, 0.000128536266857, 9.76855735644e-05, 9.63717902778e-05, 8.88348658918e-05, 0.000135258058435, 5.73730467295e-05, 8.77436759765e-05, 0.000134190777317, 4.39263931185e-05, 4.04518468713e-05, 2.90331536235e-05, 3.4397449781e-05, 2.62394314632e-05, 2.52316276601e-05, 2.09851368709e-05, 2.54108890658e-05, 1.93138475879e-05, 1.64564353327e-05, 1.32063196361e-05, 8.51898403198e-06, 9.20858383324e-06, 7.49429636926e-06, 9.15508826438e-06, 1.89867860172e-05, 2.37655494857e-05, 8.44861278892e-06, 6.408718491e-06, 8.1614298324e-06, 9.65195977187e-06, 3.67208940588e-06],
        "dvar": [3.57638200512e-05, 1.11295803435e-05, 1.50071605276e-06, 7.79648473781e-07, 1.02580955286e-07, 2.88814661076e-08, 8.42056877559e-08, 4.47503509804e-08, 1.26269199541e-07, 3.24072857438e-08, 3.72708193197e-08, 1.91326776644e-08, 1.34520758976e-08, 1.10852900193e-08, 4.25069224264e-08, 6.97374469283e-09, 1.5856580049e-08, 6.84084184854e-08, 4.32664570837e-09, 3.17710102671e-09, 8.82673156788e-10, 2.07913264383e-09, 9.76416503207e-10, 9.15766906751e-10, 5.45551215314e-10, 8.1022621945e-10, 4.01285893403e-10, 2.90211188414e-10, 1.79942810652e-10, 8.07189523555e-11, 1.47497694614e-10, 6.11719286336e-11, 1.10876412218e-10, 8.49263659397e-10, 1.43504719219e-09, 8.2991571948e-11, 4.92636070826e-11, 6.58778864793e-11, 9.77300809724e-11, 1.50992603837e-11],
        "dvar2": [9.63339334703e-05, 2.88277296931e-05, 3.98276006308e-06, 2.19748494601e-06, 2.82113802541e-07, 7.97309098743e-08, 2.01982118142e-07, 1.07279753081e-07, 2.80065222569e-07, 8.47605576837e-08, 8.74916636917e-08, 4.44882424233e-08, 3.71626072138e-08, 2.88794783643e-08, 8.73947101354e-08, 1.83272437226e-08, 3.89247176713e-08, 1.83339395221e-07, 1.14160707554e-08, 6.75788136562e-09, 2.22714735543e-09, 4.33205027406e-09, 2.15563389361e-09, 2.2870996208e-09, 1.29967114848e-09, 1.99209226892e-09, 1.00671793124e-09, 7.31883442739e-10, 4.92890450676e-10, 2.16532167197e-10, 4.02287841927e-10, 1.55397472668e-10, 2.96827645796e-10, 2.30982655225e-09, 3.91523080623e-09, 1.98458041667e-10, 1.18666826365e-10, 1.68554684099e-10, 2.63443128423e-10, 3.6214642396e-11],
        "max": [0.0810980051756, 0.0296811535954, 0.0132835051045, 0.0284930262715, 0.00569667294621, 0.00401756772771, 0.00471299234778, 0.0102031677961, 0.00752092851326, 0.00415016477928, 0.00572553183883, 0.00560355745256, 0.00377331231721, 0.00418883049861, 0.00556641397998, 0.00334298424423, 0.00320004206151, 0.00449804170057, 0.00212663714774, 0.00128219940234, 0.000523342052475, 0.00120498670731, 0.000683840829879, 0.00104518746957, 0.000963961938396, 0.000888361188117, 0.000626074033789, 0.000552851066459, 0.000230453384575, 0.000145539292134, 0.000207249628147, 9.79693213594e-05, 0.000106822793896, 0.000287336442852, 0.000349029171048, 8.76493941178e-05, 7.36193105695e-05, 6.88328364049e-05, 0.00010971861775, 4.38783063146e-05],
        "mean": [0.00802428927273, 0.00438023172319, 0.000811327423435, 0.000330195529386, 0.000147080980241, 0.000100858509541, 0.000191638973774, 0.000113612404675, 0.000175437686266, 0.000120352815429, 0.000105874118162, 8.45781542012e-05, 8.23178343126e-05, 7.39254319342e-05, 0.000103764054074, 4.75679626106e-05, 6.96871866239e-05, 8.39167551021e-05, 3.03923861793e-05, 3.08992457576e-05, 2.11692276935e-05, 2.82175751636e-05, 2.14136198338e-05, 2.05872765946e-05, 1.8939779693e-05, 2.06893073482e-05, 1.46139418575e-05, 1.17185081763e-05, 8.5367637439e-06, 5.62215336686e-06, 6.09931248619e-06, 5.52893607164e-06, 5.7526672208e-06, 1.00205934359e-05, 1.21790772027e-05, 6.14966529611e-06, 4.8107431212e-06, 4.54071550848e-06, 4.37635935668e-06, 2.2072667889e-06],
        "median": [0.006182692945, 0.00333880144171, 0.000466694880743, 0.000117880241305, 4.3118634494e-05, 4.08882660849e-05, 5.68758841837e-05, 2.76053287962e-05, 5.18609194842e-05, 4.69856568088e-05, 3.96763571189e-05, 3.20361905324e-05, 3.83733786293e-05, 3.46174274455e-05, 3.06074289256e-05, 1.91206599993e-05, 2.031358963e-05, 1.82827261597e-05, 1.01265395642e-05, 9.77332183538e-06, 8.15831481304e-06, 7.60623697715e-06, 6.21647768639e-06, 5.39672919331e-06, 5.45947887076e-06, 4.87892066303e-06, 3.91700541513e-06, 3.36342941409e-06, 2.58000318354e-06, 1.99421106117e-06, 1.83329223091e-06, 2.04593447961e-06, 1.71534304627e-06, 1.65556446063e-06, 1.59957858159e-06, 1.49889604018e-06, 1.47252467286e-06, 1.20559820971e-06, 9.65329491009e-07, 6.00528551331e-07],
        "min": [4.31044918767e-24, 6.11256169374e-24, 1.14115577253e-23, 6.15281805459e-24, 7.05502446683e-24, 2.8635268262e-24, 3.83673426978e-24, 2.24986616934e-23, 1.64677885186e-23, 6.47296778665e-24, 6.09420766149e-24, 8.22488704547e-24, 8.38323746156e-24, 6.99862327869e-24, 7.71716827826e-24, 1.97478027427e-23, 3.42670101621e-23, 2.00318321116e-23, 1.77168566764e-23, 8.13104809649e-24, 8.77818777351e-24, 9.94899304093e-24, 9.71264242512e-24, 1.05445822355e-23, 1.21851423391e-23, 1.64046480917e-23, 1.14979663934e-23, 6.32145955562e-24, 7.29242505651e-24, 8.77039856093e-24, 1.07981315968e-23, 8.5703426465e-24, 8.59811765011e-24, 6.75692181935e-24, 1.46584697681e-23, 9.36910691153e-24, 1.03672447263e-23, 9.95824953479e-24, 8.76027589779e-24, 9.76269170525e-24],
        "var": [7.10198655725e-05, 1.9648918169e-05, 1.31249646529e-06, 8.47566639095e-07, 9.09917190484e-08, 3.39537038485e-08, 1.18116687986e-07, 7.08160925456e-08, 1.65000884067e-07, 4.63625013936e-08, 5.78710235288e-08, 3.53868720993e-08, 2.36013288912e-08, 1.91650357806e-08, 6.65648016707e-08, 1.20480150301e-08, 2.42693509733e-08, 6.18253253037e-08, 4.73459671468e-09, 4.34102531699e-09, 1.12563092181e-09, 3.70601616062e-09, 1.61432522905e-09, 1.74867953451e-09, 1.55289003878e-09, 2.52978038517e-09, 8.48233261408e-10, 6.13364137259e-10, 2.29932711759e-10, 9.10178668545e-11, 1.64183000528e-10, 8.18365653021e-11, 1.04299256731e-10, 6.41567243775e-10, 1.07731501497e-09, 1.07229572444e-10, 6.08130074076e-11, 6.29530663709e-11, 7.2988344535e-11, 1.58732506306e-11]
    },
    "mfcc": {
        "mean": [-664.279724121, 106.364204407, 7.54132032394, 15.433344841, 13.8510971069, 15.9325361252, 12.2183933258, 13.8835811615, 4.94053554535, 10.7594680786, 5.92606401443, 4.97996282578, 2.73631668091],
        "cov": [[19043.9609375, -1577.29785156, 769.579711914, 796.819641113, 351.507995605, 462.797088623, 343.172729492, 651.135864258, 221.896179199, 619.364135742, 218.673141479, 221.907363892, 136.602874756], [-1577.29785156, 3255.48364258, -639.792907715, -490.767150879, 133.403564453, -52.7676086426, -73.7980117798, -123.707328796, -17.3754043579, -115.310600281, -31.1267623901, -17.7146244049, -15.641998291], [769.579711914, -639.792907715, 1190.68920898, 83.6224594116, 16.7860622406, 252.627914429, 72.2312698364, 97.3346939087, 80.9755935669, 75.0564956665, 15.0647392273, 41.4384040833, 47.6659049988], [796.819641113, -490.767150879, 83.6224594116, 635.103149414, 122.213523865, 23.5492191315, 89.0923843384, 63.493598938, 40.2845687866, 43.2956733704, 19.8036689758, 4.16483545303, 16.1758022308], [351.507995605, 133.403564453, 16.7860622406, 122.213523865, 356.87677002, 139.104690552, 47.9221191406, 41.2961120605, 48.6236228943, 51.8069496155, 37.7230834961, 26.1914978027, 16.0108642578], [462.797088623, -52.7676086426, 252.627914429, 23.5492191315, 139.104690552, 317.765472412, 100.052528381, 77.0669326782, 70.0924301147, 71.5496139526, 36.2290306091, 35.6550750732, 29.1531982422], [343.172729492, -73.7980117798, 72.2312698364, 89.0923843384, 47.9221191406, 100.052528381, 210.778930664, 100.573852539, 40.3106002808, 58.0938339233, 26.5171260834, 22.7730522156, 33.204750061], [651.135864258, -123.707328796, 97.3346939087, 63.493598938, 41.2961120605, 77.0669326782, 100.573852539, 218.636520386, 86.5223770142, 68.4034042358, 34.7561950684, 37.8952522278, 36.9014511108], [221.896179199, -17.3754043579, 80.9755935669, 40.2845687866, 48.6236228943, 70.0924301147, 40.3106002808, 86.5223770142, 125.826347351, 57.1517906189, 21.6587848663, 22.2512321472, 14.7122211456], [619.364135742, -115.310600281, 75.0564956665, 43.2956733704, 51.8069496155, 71.5496139526, 58.0938339233, 68.4034042358, 57.1517906189, 134.053024292, 68.2986602783, 39.4584197998, 24.2331695557], [218.673141479, -31.1267623901, 15.0647392273, 19.8036689758, 37.7230834961, 36.2290306091, 26.5171260834, 34.7561950684, 21.6587848663, 68.2986602783, 98.5272445679, 48.1074104309, 18.6508197784], [221.907363892, -17.7146244049, 41.4384040833, 4.16483545303, 26.1914978027, 35.6550750732, 22.7730522156, 37.8952522278, 22.2512321472, 39.4584197998, 48.1074104309, 67.9030838013, 27.1643638611], [136.602874756, -15.641998291, 47.6659049988, 16.1758022308, 16.0108642578, 29.1531982422, 33.204750061, 36.9014511108, 14.7122211456, 24.2331695557, 18.6508197784, 27.1643638611, 50.9441108704]],
