{
"lowlevel": {
    "average_loudness": 0.0194763317704,
    "barkbands_crest": {
        "dmean": 2.21850585938,
        "dmean2": 3.46256542206,
        "dvar": 6.03681516647,
        "dvar2": 14.3695831299,
        "max": 26.9786281586,
        "mean": 18.4045543671,
        "median": 19.0544586182,
        "min": 2.81368255615,
        "var": 37.025680542
    },
    "barkbands_flatness_db": {
        "dmean": 0.0301083046943,
        "dmean2": 0.0442654229701,
        "dvar": 0.00083944958169,
        "dvar2": 0.00196344288997,
        "max": 0.65618032217,
        "mean": 0.333665519953,
        "median": 0.334925800562,
        "min": 0.0277835037559,
        "var": 0.0128174675629
    },
    "barkbands_kurtosis": {
        "dmean": 32.6653366089,
        "dmean2": 49.3813667297,
        "dvar": 16235.2441406,
        "dvar2": 35863.5195312,
        "max": 7741.11767578,
        "mean": 65.3108673096,
        "median": 18.7980537415,
        "min": -1.87687695026,
        "var": 58697.4492188
    },
    "barkbands_skewness": {
        "dmean": 1.44479298592,
        "dmean2": 2.14977669716,
        "dvar": 3.8821041584,
        "dvar2": 8.60521125793,
        "max": 68.5437774658,
        "mean": 4.09953594208,
        "median": 3.27695250511,
        "min": -10.920750618,
        "var": 27.5020751953
    },
    "barkbands_spread": {
        "dmean": 2.17415142059,
        "dmean2": 3.31189823151,
        "dvar": 12.4620962143,
        "dvar2": 28.6501216888,
        "max": 85.6242218018,
        "mean": 6.64817333221,
        "median": 3.23027086258,
        "min": 0.0164554901421,
        "var": 91.7851028442
    },
    "dissonance": {
        "dmean": 0.045346301049,
        "dmean2": 0.0765356048942,
        "dvar": 0.00268821208738,
        "dvar2": 0.00766387209296,
        "max": 0.500000059605,
        "mean": 0.381984323263,
        "median": 0.395420283079,
        "min": 0.080355502665,
        "var": 0.00838257651776
    },
    "dynamic_complexity": 9.38407993317,
    "erbbands_crest": {
        "dmean": 2.83640241623,
        "dmean2": 4.42101860046,
        "dvar": 8.71484375,
        "dvar2": 20.8456821442,
        "max": 34.5977020264,
        "mean": 21.1540794373,
        "median": 21.2064666748,
        "min": 2.587444067,
        "var": 56.8029975891
    },
    "erbbands_flatness_db": {
        "dmean": 0.024643316865,
        "dmean2": 0.0357714295387,
        "dvar": 0.000588905473705,
        "dvar2": 0.00137194106355,
        "max": 0.621245145798,
        "mean": 0.353653520346,
        "median": 0.356537282467,
        "min": 0.0574425384402,
        "var": 0.0090390779078
    },
    "erbbands_kurtosis": {
        "dmean": 11.1176919937,
        "dmean2": 17.0323925018,
        "dvar": 384.899078369,
        "dvar2": 906.117004395,
        "max": 458.980407715,
        "mean": 22.5907363892,
        "median": 8.39260482788,
        "min": -1.89963173866,
        "var": 1490.39709473
    },
    "erbbands_skewness": {
        "dmean": 0.911689341068,
        "dmean2": 1.37069654465,
        "dvar": 0.984078347683,
        "dvar2": 2.2512319088,
        "max": 16.7867507935,
        "mean": 2.72071957588,
        "median": 2.2743678093,
        "min": -6.66277980804,
        "var": 7.03604984283
    },
    "erbbands_spread": {
        "dmean": 3.68048667908,
        "dmean2": 5.56357288361,
        "dvar": 26.9347476959,
        "dvar2": 61.3007965088,
        "max": 101.056396484,
        "mean": 12.6385221481,
        "median": 7.96409797668,
        "min": 0.245163291693,
        "var": 201.000091553
    },
    "hfc": {
        "dmean": 4.54977464676,
        "dmean2": 6.77434253693,
        "dvar": 185.149490356,
        "dvar2": 442.000457764,
        "max": 267.609405518,
        "mean": 12.5713224411,
        "median": 2.89992713928,
        "min": 1.2623145401e-16,
        "var": 876.890197754
    },
    "melbands_crest": {
        "dmean": 2.65081262589,
        "dmean2": 4.10919523239,
        "dvar": 8.79897022247,
        "dvar2": 21.4279251099,
        "max": 36.2711982727,
        "mean": 23.4387702942,
        "median": 24.0433959961,
        "min": 1.74137580395,
        "var": 58.7271575928
    },
    "melbands_flatness_db": {
        "dmean": 0.0310767814517,
        "dmean2": 0.0447849296033,
        "dvar": 0.000909798021894,
        "dvar2": 0.00208634394221,
        "max": 0.73271304369,
        "mean": 0.349883109331,
        "median": 0.352365911007,
        "min": 0.0043343831785,
        "var": 0.0160042867064
    },
    "melbands_kurtosis": {
        "dmean": 26.355670929,
        "dmean2": 40.5095596313,
        "dvar": 1693.13452148,
        "dvar2": 3853.16015625,
        "max": 1088.62902832,
        "mean": 56.4279022217,
        "median": 29.0465641022,
        "min": -1.85908102989,
        "var": 6461.22021484
    },
    "melbands_skewness": {
        "dmean": 1.29070281982,
        "dmean2": 1.94845795631,
        "dvar": 2.0319173336,
        "dvar2": 4.72556829453,
        "max": 22.4264087677,
        "mean": 4.05090856552,
        "median": 3.8503446579,
        "min": -11.5331668854,
        "var": 14.5718812943
    },
    "melbands_spread": {
        "dmean": 3.41203713417,
        "dmean2": 5.28575611115,
        "dvar": 37.7403831482,
        "dvar2": 91.507598877,
        "max": 171.583953857,
        "mean": 10.5194711685,
        "median": 4.10926055908,
        "min": 0.128037616611,
        "var": 380.377075195
    },
    "pitch_salience": {
        "dmean": 0.0713055804372,
        "dmean2": 0.109277963638,
        "dvar": 0.00488054379821,
        "dvar2": 0.0112750483677,
        "max": 0.92048740387,
        "mean": 0.351460874081,
        "median": 0.335096955299,
        "min": 0.0173452347517,
        "var": 0.0387199372053
    },
    "silence_rate_20dB": {
        "dmean": 0,
        "dmean2": 0,
        "dvar": 0,
        "dvar2": 0,
        "max": 1,
        "mean": 1,
        "median": 1,
        "min": 1,
        "var": 0
    },
    "silence_rate_30dB": {
        "dmean": 0.011277185753,
        "dmean2": 0.0225563906133,
        "dvar": 0.0111510539427,
        "dvar2": 0.0261684730649,
        "max": 1,
        "mean": 0.980132460594,
        "median": 1,
        "min": 0,
        "var": 0.019473709166
    },
    "silence_rate_60dB": {
        "dmean": 0.0676631182432,
        "dmean2": 0.13533835113,
        "dvar": 0.0630846247077,
        "dvar2": 0.140827685595,
        "max": 1,
        "mean": 0.430821537971,
        "median": 0,
        "min": 0,
        "var": 0.245197191834
    },
    "spectral_centroid": {
        "dmean": 127.813713074,
        "dmean2": 194.19128418,
        "dvar": 44654.4882812,
        "dvar2": 93317.8046875,
        "max": 10882.7119141,
        "mean": 1207.59106445,
        "median": 833.834594727,
        "min": 294.011077881,
        "var": 1005132
    },
    "spectral_complexity": {
        "dmean": 0.796205163002,
        "dmean2": 1.31185102463,
        "dvar": 1.91390180588,
        "dvar2": 3.57580542564,
        "max": 50,
        "mean": 4.26767492294,
        "median": 3,
        "min": 0,
        "var": 29.8452205658
    },
    "spectral_decrease": {
        "dmean": 1.14301967891e-09,
        "dmean2": 1.69661240612e-09,
        "dvar": 7.91748165578e-18,
        "dvar2": 1.92628212767e-17,
        "max": 9.09676857055e-17,
        "mean": -2.9420130776e-09,
        "median": -1.02210595543e-09,
        "min": -4.93678449232e-08,
        "var": 3.20732830509e-17
    },
    "spectral_energy": {
        "dmean": 0.00471244566143,
        "dmean2": 0.00700050545856,
        "dvar": 0.000138911462273,
        "dvar2": 0.00033783420804,
        "max": 0.210598215461,
        "mean": 0.0122440587729,
        "median": 0.00417281500995,
        "min": 1.10179084343e-20,
        "var": 0.000571587588638
    },
    "spectral_energyband_high": {
        "dmean": 5.87085269217e-05,
        "dmean2": 7.79565452831e-05,
        "dvar": 8.96072691603e-08,
        "dvar2": 1.38197535193e-07,
        "max": 0.0178464613855,
        "mean": 0.000189469472389,
        "median": 1.34346810228e-05,
        "min": 7.74093954141e-21,
        "var": 6.00608586865e-07
    },
    "spectral_energyband_low": {
        "dmean": 2.33321611631e-06,
        "dmean2": 3.66656604456e-06,
        "dvar": 1.91855156761e-10,
        "dvar2": 4.3392536786e-10,
        "max": 0.000816955754999,
        "mean": 5.30040097146e-06,
        "median": 2.88686301531e-08,
        "min": 4.93910293489e-23,
        "var": 5.95795413005e-10
    },
    "spectral_energyband_middle_high": {
        "dmean": 0.00306070060469,
        "dmean2": 0.0046561518684,
        "dvar": 0.000118878815556,
        "dvar2": 0.000285709596938,
        "max": 0.210455223918,
        "mean": 0.00694935629144,
        "median": 0.000449553830549,
        "min": 1.66777938307e-21,
        "var": 0.000474887405289
    },
    "spectral_energyband_middle_low": {
        "dmean": 0.00204599485733,
        "dmean2": 0.00290293758735,
        "dvar": 3.14201352012e-05,
        "dvar2": 7.57541711209e-05,
        "max": 0.155001908541,
        "mean": 0.00528160575777,
        "median": 0.00143465353176,
        "min": 2.19866439498e-22,
        "var": 0.00011949375039
    },
    "spectral_entropy": {
        "dmean": 0.257268071175,
        "dmean2": 0.369423896074,
        "dvar": 0.0676733702421,
        "dvar2": 0.149976670742,
        "max": 9.79022598267,
        "mean": 6.18973016739,
        "median": 6.2855629921,
        "min": 2.76597595215,
        "var": 1.15276491642
    },
    "spectral_flux": {
        "dmean": 0.0133558697999,
        "dmean2": 0.0225570593029,
        "dvar": 0.000452517997473,
        "dvar2": 0.0012564411154,
        "max": 0.307502299547,
        "mean": 0.0309335328639,
        "median": 0.0202071145177,
        "min": 1.04966223213e-10,
        "var": 0.00121668388601
    },
    "spectral_kurtosis": {
        "dmean": 4.32352113724,
        "dmean2": 7.08727788925,
        "dvar": 40.3204460144,
        "dvar2": 105.511322021,
        "max": 152.042251587,
        "mean": 13.6798582077,
        "median": 7.80525159836,
        "min": -1.2138543129,
        "var": 234.892044067
    },
    "spectral_rms": {
        "dmean": 0.000513891340233,
        "dmean2": 0.000736359565053,
        "dvar": 6.01886313234e-07,
        "dvar2": 1.43785268847e-06,
        "max": 0.0143339345232,
        "mean": 0.00256156874821,
        "median": 0.0020176814869,
        "min": 3.27859397617e-12,
        "var": 5.38383346793e-06
    },
    "spectral_rolloff": {
        "dmean": 242.189987183,
        "dmean2": 424.565826416,
        "dvar": 486157.28125,
        "dvar2": 1215833,
        "max": 19982.8125,
        "mean": 1505.04187012,
        "median": 882.861328125,
        "min": 301.46484375,
        "var": 4721383
    },
    "spectral_skewness": {
        "dmean": 0.385470241308,
        "dmean2": 0.61631834507,
        "dvar": 0.185026556253,
        "dvar2": 0.476176679134,
        "max": 10.5562343597,
        "mean": 2.55617451668,
        "median": 2.24697566032,
        "min": -0.510728478432,
        "var": 1.81230795383
    },
    "spectral_spread": {
        "dmean": 420044.28125,
        "dmean2": 648029.1875,
        "dvar": 257826193408,
        "dvar2": 468183547904,
        "max": 40274920,
        "mean": 3937395.75,
        "median": 3697448.5,
        "min": 597876.4375,
        "var": 3.46455329997e+12
    },
    "spectral_strongpeak": {
        "dmean": 0.62421643734,
        "dmean2": 0.937289774418,
        "dvar": 1.50433290005,
        "dvar2": 3.55422306061,
        "max": 22.6012363434,
        "mean": 1.98279035091,
        "median": 1.0322291851,
        "min": 0,
        "var": 8.79105472565
    },
    "zerocrossingrate": {
        "dmean": 0.0058861640282,
        "dmean2": 0.00731547735631,
        "dvar": 9.08284491743e-05,
        "dvar2": 0.000120045464428,
        "max": 0.77978515625,
        "mean": 0.0610448122025,
        "median": 0.04052734375,
        "min": 0.0126953125,
        "var": 0.00561306299642
    },
    "barkbands": {
        "dmean": [1.36865807576e-07, 2.11493343727e-07, 1.75457705609e-06, 1.15425245895e-06, 6.55360054225e-05, 0.000387720501749, 0.000430690619396, 0.00119863694999, 0.000120892385894, 0.000489310303237, 0.000276082195342, 0.00156108057126, 0.00104090897366, 7.01425378793e-05, 4.29574865848e-05, 2.89553881885e-05, 7.92062710389e-05, 2.34271174122e-05, 3.03859305859e-05, 2.67317664111e-05, 1.97395766008e-05, 1.23959871416e-05, 8.76424473972e-06, 8.79918570718e-06, 1.66600511875e-05, 3.75492913918e-06, 5.76889362947e-07],
        "dmean2": [2.32551798263e-07, 3.61435553486e-07, 2.74674857792e-06, 2.01872103389e-06, 8.78199352883e-05, 0.000482530391309, 0.000551146513317, 0.00180015771184, 0.000178678019438, 0.000721186515875, 0.000416095746914, 0.00236653792672, 0.00162248616107, 9.99952026177e-05, 6.45521140541e-05, 4.65231169073e-05, 0.000121815639432, 3.69485933334e-05, 4.51432533737e-05, 4.16680923081e-05, 2.97003189189e-05, 1.89431484614e-05, 1.24173411677e-05, 1.32852110255e-05, 2.57617684838e-05, 5.56759050596e-06, 8.23644029424e-07],
        "dvar": [2.23288817991e-11, 3.84577005658e-12, 1.45180492628e-10, 2.36542868626e-11, 4.75955452828e-08, 3.14348449137e-06, 1.97538452085e-06, 2.44913953793e-05, 5.36163611287e-07, 4.69220003652e-06, 4.41037764176e-06, 4.06415638281e-05, 5.04518975504e-05, 1.65726575574e-07, 1.0465574718e-07, 2.78854574987e-08, 1.57984487714e-07, 1.36757645208e-08, 2.90750215015e-08, 2.11252491056e-08, 1.55359174414e-08, 5.3177728887e-09, 2.93727531187e-09, 2.35364194801e-09, 1.38420555018e-08, 5.13503795041e-10, 1.25578358476e-11],
        "dvar2": [5.55382857759e-11, 9.96006228882e-12, 3.39213379608e-10, 7.09378389363e-11, 9.71529843241e-08, 4.80150265503e-06, 3.69700887859e-06, 6.21415747446e-05, 1.13304497518e-06, 9.87523071672e-06, 1.08693047878e-05, 9.25457497942e-05, 0.000116504226753, 2.84265212258e-07, 2.63327052608e-07, 7.17588406474e-08, 3.75628474103e-07, 3.52379068147e-08, 6.28057463814e-08, 4.97739378602e-08, 3.4904111601e-08, 1.23523422602e-08, 6.06156191907e-09, 5.22902876554e-09, 3.82511373687e-08, 1.21464405201e-09, 2.65832859198e-11],
        "max": [0.000413175526774, 0.000114808513899, 0.000706262071617, 0.000150513966219, 0.00645382236689, 0.086462199688, 0.0503277480602, 0.154960766435, 0.0439793206751, 0.108912818134, 0.104162275791, 0.159906849265, 0.184356659651, 0.0376885086298, 0.0207477528602, 0.00660773739219, 0.018435716629, 0.004979244899, 0.00761128589511, 0.00777605175972, 0.00728872977197, 0.00362928095274, 0.00284778513014, 0.00232362234965, 0.00528827076778, 0.000846008595545, 0.000182380434126],
        "mean": [9.92269235667e-08, 3.02633679894e-07, 3.54725420948e-06, 2.04514503821e-06, 0.000196020060685, 0.00105078995693, 0.00103471847251, 0.00252686091699, 0.00019669001631, 0.000954218092375, 0.000547282455955, 0.00291462638415, 0.00204740348272, 0.000168583675986, 7.40358809708e-05, 4.65864868602e-05, 0.000149514889927, 4.61949348391e-05, 6.40819198452e-05, 5.94718803768e-05, 4.95268977829e-05, 2.76203809335e-05, 2.09106947295e-05, 1.8577067749e-05, 3.39600737789e-05, 9.18178920983e-06, 1.23145230191e-06],
        "median": [1.45812162344e-09, 1.27464012678e-08, 7.25574267335e-09, 5.06080510831e-09, 1.24112864341e-06, 7.97655411588e-06, 1.10843629955e-05, 4.5757566113e-05, 5.53617473997e-06, 2.34100771195e-05, 2.57107149082e-06, 3.4170843719e-05, 2.41799466494e-06, 2.77665958492e-06, 4.00880389861e-06, 1.75428795046e-06, 4.55857025372e-06, 1.91180424736e-06, 3.11297299049e-06, 3.22110781781e-06, 3.05944354295e-06, 1.56343185154e-06, 6.74276066093e-07, 5.46147248315e-07, 3.57494513992e-07, 5.17486249407e-08, 8.49672332492e-09],
        "min": [3.58237766714e-23, 2.39755670802e-23, 1.16629258862e-23, 2.43963265544e-23, 3.20116410568e-23, 2.72206742093e-23, 7.09456438421e-23, 3.22323927371e-23, 2.58136618987e-23, 1.11823658644e-22, 6.24497633542e-23, 8.21227363291e-23, 5.6896819981e-23, 7.1461786066e-23, 1.77876257038e-22, 7.22874394439e-23, 1.47811164974e-22, 2.15163465351e-22, 4.35745408002e-22, 3.51786550584e-22, 4.33392658751e-22, 6.51432550776e-22, 4.77952975284e-22, 9.4768291498e-22, 1.31613634206e-21, 1.4955671852e-21, 2.66820394783e-21],
        "var": [1.80192024496e-11, 5.77356044917e-12, 3.62063462545e-10, 7.06118705174e-11, 3.65557070836e-07, 1.45105905176e-05, 8.88635531737e-06, 8.48713898449e-05, 9.34834190502e-07, 1.66995669133e-05, 1.28969486468e-05, 0.000125896505779, 0.000176507222932, 1.69488373558e-06, 1.64985394235e-07, 5.21042160528e-08, 4.08678204167e-07, 4.55028761337e-08, 1.09267602966e-07, 7.569901328e-08, 6.41424477976e-08, 1.98630694115e-08, 1.10435216527e-08, 6.69603572589e-09, 3.54755584908e-08, 1.76761649762e-09, 2.94191893069e-11]
    },
    "erbbands": {
        "dmean": [3.59422256224e-06, 8.22061047074e-05, 0.00143808149733, 0.0031636825297, 0.0134961316362, 0.181850075722, 1.36283993721, 3.32342791557, 7.60033893585, 7.50359201431, 28.7198238373, 4.58278560638, 7.55740213394, 18.5468654633, 17.0143966675, 72.4195861816, 42.1685714722, 4.54048633575, 2.1884059906, 1.71585977077, 1.96832990646, 4.27321147919, 1.4451225996, 1.28266561031, 1.69174993038, 1.28974127769, 0.839038848877, 0.749679505825, 0.501665234566, 0.241804555058, 0.269496709108, 0.263842612505, 0.118059962988, 0.229784101248, 0.0774687305093, 0.0228923372924, 0.00604710215703, 0.000886028225068, 8.73942408361e-05, 7.2529778663e-06],
        "dmean2": [5.94808489041e-06, 0.000129943538923, 0.00221632607281, 0.00529981032014, 0.0237778816372, 0.262793689966, 1.68892812729, 4.20636129379, 9.43048286438, 10.523525238, 43.6402320862, 7.00715732574, 10.9889287949, 27.8761348724, 25.3579902649, 110.652435303, 65.2105941772, 6.62130212784, 3.23989868164, 2.62014889717, 3.14262294769, 6.42847585678, 2.23771715164, 1.98731064796, 2.64380216599, 1.97192668915, 1.24960887432, 1.13408648968, 0.778774857521, 0.354274272919, 0.392600148916, 0.402254283428, 0.175744444132, 0.369884490967, 0.113735079765, 0.0344902537763, 0.00890429317951, 0.00124936481006, 0.00011972883658, 1.01411915239e-05],
        "dvar": [1.43466227787e-09, 5.05076116042e-07, 0.000115916518553, 0.000194267136976, 0.00424431962892, 0.51293861866, 20.6930389404, 274.303375244, 662.90423584, 798.141174316, 16471.8027344, 392.026367188, 1536.93103027, 8972.50195312, 24362.8398438, 81815.46875, 59055.2382812, 434.577789307, 98.626663208, 170.318374634, 121.174964905, 486.402435303, 41.8892402649, 81.5039138794, 69.6085205078, 45.9405784607, 30.4043540955, 20.9621219635, 8.62405395508, 2.70360255241, 2.61314988136, 2.19114851952, 0.433594971895, 3.25323176384, 0.248537346721, 0.0212651174515, 0.00161786307581, 2.59971257037e-05, 2.60636397797e-07, 4.9138859648e-10],
        "dvar2": [4.05243794077e-09, 1.23563415855e-06, 0.000275714381132, 0.000488520541694, 0.0138443009928, 1.36922156811, 33.8617973328, 418.582000732, 1088.90148926, 1575.91223145, 43129.078125, 957.603210449, 3255.71069336, 19366.0136719, 60716.3125, 192736.375, 139090.125, 801.041687012, 231.045181274, 395.081542969, 325.671051025, 1061.21728516, 101.515274048, 193.186599731, 164.631347656, 106.862281799, 67.3595809937, 47.6068687439, 20.5977401733, 5.62442779541, 5.7898850441, 5.03199958801, 1.05872178078, 9.21429443359, 0.623557448387, 0.0534719154239, 0.00361688481644, 5.37096893822e-05, 4.81212907744e-07, 8.94187335287e-10],
        "max": [0.00202448293567, 0.043141130358, 0.645941615105, 0.592466175556, 2.85102939606, 25.0017223358, 242.118499756, 769.733093262, 878.700561523, 1327.70263672, 3842.77026367, 706.713623047, 1325.35852051, 5520.70019531, 7005.56835938, 8146.515625, 6305.51318359, 1736.58837891, 474.915313721, 720.896850586, 417.406066895, 1117.37817383, 274.047302246, 462.515991211, 375.758209229, 324.170074463, 321.251037598, 275.099395752, 120.720092773, 110.754753113, 85.222038269, 71.1316375732, 30.3961315155, 85.6727676392, 23.1094684601, 6.0975933075, 2.30971336365, 0.304470956326, 0.0261243116111, 0.00114966579713],
        "mean": [5.46051796846e-06, 0.00014830713917, 0.00293727568351, 0.00748397037387, 0.0267811436206, 0.51840108633, 4.79891729355, 7.94688129425, 18.8103942871, 18.9418525696, 56.5126190186, 8.89238452911, 15.6795377731, 35.3121185303, 39.2248878479, 142.050735474, 87.1027374268, 10.6064252853, 4.81764221191, 3.10358524323, 3.67272353172, 8.36575126648, 3.02216005325, 2.72297668457, 3.54723024368, 2.92362093925, 2.12896895409, 1.74781298637, 1.10247302055, 0.602515220642, 0.635090827942, 0.559216499329, 0.254995763302, 0.424072355032, 0.163362622261, 0.0526881590486, 0.0147445844486, 0.00204778718762, 0.000210299243918, 2.28057779168e-05],
        "median": [1.03529953321e-06, 5.39357461093e-06, 2.03013332793e-05, 8.149362111e-05, 0.00052565644728, 0.00694790529087, 0.0593820735812, 0.235826015472, 0.373075067997, 1.13440918922, 1.3527431488, 0.525752305984, 0.643742442131, 0.976685404778, 1.06110906601, 1.79852676392, 0.676921963692, 0.40397465229, 0.377201795578, 0.213198512793, 0.253933668137, 0.27015209198, 0.145135164261, 0.137421309948, 0.212975382805, 0.220373868942, 0.148286998272, 0.111223563552, 0.057671405375, 0.031143322587, 0.019600527361, 0.0137967197224, 0.00693764630705, 0.00462922640145, 0.00193295488134, 0.000393428199459, 7.27009100956e-05, 1.26069062389e-05, 5.99834311288e-06, 6.13463498667e-06],
        "min": [7.40108543972e-22, 5.34400438637e-21, 1.52001529984e-20, 3.45106343153e-20, 9.12876330143e-20, 1.20881021092e-19, 1.92428189121e-19, 2.54417621214e-19, 9.7323382536e-19, 6.40521723861e-19, 9.17045307506e-19, 4.5389866243e-19, 1.6636881001e-18, 4.1825564629e-18, 2.63470963091e-18, 3.43285641076e-18, 2.41193645027e-18, 3.28772054125e-18, 5.63073547571e-18, 1.02375412943e-17, 3.8264295666e-18, 8.7099678319e-18, 1.116090895e-17, 1.9188262525e-17, 2.09572991071e-17, 1.56552384712e-17, 1.37608550749e-17, 1.92354184373e-17, 2.53542603712e-17, 1.58152300909e-17, 1.64697880358e-17, 2.05367240878e-17, 1.41763437607e-17, 1.42475590483e-17, 9.08190214971e-18, 5.37772367379e-18, 2.45079470711e-18, 1.30431917279e-18, 3.20512092192e-19, 4.53992618515e-20],
        "var": [1.67325875378e-09, 9.7142026334e-07, 0.000267864437774, 0.000828285701573, 0.00924427900463, 2.38021588326, 246.88835144, 1124.88598633, 2881.23339844, 5213.94970703, 45906.9335938, 876.717224121, 4904.02734375, 30513.5488281, 102018.09375, 267342.65625, 226937.28125, 3857.58374023, 410.446746826, 313.000518799, 236.381668091, 1464.31494141, 144.703109741, 248.83795166, 269.041748047, 172.787078857, 137.593780518, 71.393371582, 30.682258606, 10.1461544037, 9.1774187088, 6.39529800415, 1.15481221676, 6.92892599106, 0.603810489178, 0.0547308325768, 0.00587837630883, 8.71870361152e-05, 7.42546376387e-07, 2.72613109864e-09]
    },
    "gfcc": {
        "mean": [-245.035598755, 23.7383289337, -172.515213013, -35.5668983459, -92.8006515503, -14.8166513443, -32.9210243225, -0.128026723862, -22.0600242615, 9.02517318726, -0.291905969381, 2.49170231819, -5.03831911087],
        "cov": [[25398.0820312, 834.436157227, -4349.58056641, -2662.05737305, -2042.07177734, 933.68927002, -1429.82177734, 250.947097778, -149.221298218, -638.432373047, -490.585113525, -5.7182765007, -236.459136963], [834.436157227, 7128.81933594, 1564.25415039, -243.281906128, -1063.11877441, -2248.14331055, -1278.84350586, -1276.66552734, 413.184204102, -96.6643371582, 213.465499878, -293.81829834, 372.908050537], [-4349.58056641, 1564.25415039, 2081.60595703, 806.385375977, -61.9191474915, -818.707702637, -280.489562988, -375.595489502, 4.75575590134, 141.247085571, 16.6071605682, -95.1595458984, 103.54397583], [-2662.05737305, -243.281906128, 806.385375977, 1738.4432373, 349.134277344, -326.516052246, 242.955093384, -142.088195801, -338.584136963, -61.7968597412, -212.446731567, -155.008728027, 64.1261825562], [-2042.07177734, -1063.11877441, -61.9191474915, 349.134277344, 821.042419434, 394.185058594, 384.768981934, 25.2216529846, -234.142333984, -44.6124153137, 57.884513855, 124.089202881, -84.8061141968], [933.68927002, -2248.14331055, -818.707702637, -326.516052246, 394.185058594, 1154.3157959, 431.970855713, 467.39465332, -136.69682312, -61.71434021, -105.788948059, 89.1383361816, -195.383789062], [-1429.82177734, -1278.84350586, -280.489562988, 242.955093384, 384.768981934, 431.970855713, 649.414489746, 329.577880859, -84.9279327393, -37.6508255005, -97.1457443237, -48.6045608521, -68.3211517334], [250.947097778, -1276.66552734, -375.595489502, -142.088195801, 25.2216529846, 467.39465332, 329.577880859, 607.761291504, 121.311531067, 1.32422709465, -194.563766479, -80.2040328979, -85.2751235962], [-149.221298218, 413.184204102, 4.75575590134, -338.584136963, -234.142333984, -136.69682312, -84.9279327393, 121.311531067, 419.428985596, 180.518234253, 50.7684135437, -108.672271729, -47.5465393066], [-638.432373047, -96.6643371582, 141.247085571, -61.7968597412, -44.6124153137, -61.71434021, -37.6508255005, 1.32422709465, 180.518234253, 303.785217285, 158.276184082, -43.7414703369, -98.8153152466], [-490.585113525, 213.465499878, 16.6071605682, -212.446731567, 57.884513855, -105.788948059, -97.1457443237, -194.563766479, 50.7684135437, 158.276184082, 340.642944336, 156.774475098, -16.6841411591], [-5.7182765007, -293.81829834, -95.1595458984, -155.008728027, 124.089202881, 89.1383361816, -48.6045608521, -80.2040328979, -108.672271729, -43.7414703369, 156.774475098, 300.855133057, 64.4639053345], [-236.459136963, 372.908050537, 103.54397583, 64.1261825562, -84.8061141968, -195.383789062, -68.3211517334, -85.2751235962, -47.5465393066, -98.8153152466, -16.6841411591, 64.4639053345, 213.160232544]],
        "icov": [[0.000230307778111, -0.000187881552847, 0.000569574011024, -5.7270815887e-05, 0.000483751879074, -0.000217747336137, 0.00057125632884, -0.000276008533547, 0.000640302954707, -0.000188238787814, 0.000378618540708, -0.000256653875113, 0.000553085003048], [-0.000187881552847, 0.00110201712232, -0.000756743946113, 0.000508539553266, -0.000352859235136, 0.00122810306493, -0.000154205801664, 0.00131572142709, -0.00129816576373, 0.00191556371283, -0.000895157223567, 0.00156558281742, -0.000404563907068], [0.000569574011024, -0.000756743946113, 0.0023537480738, -0.000540343811736, 0.000955799012445, -0.000358258082997, 0.00155265070498, -0.000926203676499, 0.00183255539741, -0.00168722774833, 0.00163597345818, -0.00125837430824, 0.00128912134096], [-5.7270815887e-05, 0.000508539553266, -0.000540343811736, 0.00168579153251, -0.000682472309563, 0.00133044586983, -0.000538601947483, 0.000680131604895, 0.000777155801188, -0.000142341901665, 0.000906351488084, 0.00102284585591, -0.000281450396869], [0.000483751879074, -0.000352859235136, 0.000955799012445, -0.000682472309563, 0.00391436461359, -0.00129923189525, -0.000263112509856, 0.000276798440609, 0.00130370422266, 0.000408379273722, -0.000152580905706, -0.00144295592327, 0.0021923573222], [-0.000217747336137, 0.00122810306493, -0.000358258082997, 0.00133044586983, -0.00129923189525, 0.00448698783293, -0.000651028822176, 9.57275333349e-05, 8.76997364685e-05, 0.00120963726658, 0.000458983820863, 0.000595734280068, 0.00124536408111], [0.00057125632884, -0.000154205801664, 0.00155265070498, -0.000538601947483, -0.000263112509856, -0.000651028822176, 0.00555372191593, -0.00252774218097, 0.00168634066358, 0.000640231417492, -0.000765295815654, 0.00159017788246, 0.000510837708134], [-0.000276008533547, 0.00131572142709, -0.000926203676499, 0.000680131604895, 0.000276798440609, 9.57275333349e-05, -0.00252774218097, 0.006915345788, -0.00391192827374, 0.00105955789331, 0.00243481970392, 0.000200601862161, -0.000459933857201], [0.000640302954707, -0.00129816576373, 0.00183255539741, 0.000777155801188, 0.00130370422266, 8.76997364685e-05, 0.00168634066358, -0.00391192827374, 0.00876063108444, -0.00468711415306, 0.0011111429194, 1.67292764672e-05, 0.00129515083972], [-0.000188238787814, 0.00191556371283, -0.00168722774833, -0.000142341901665, 0.000408379273722, 0.00120963726658, 0.000640231417492, 0.00105955789331, -0.00468711415306, 0.0128960255533, -0.00786456093192, 0.00496699288487, 0.00201785145327], [0.000378618540708, -0.000895157223567, 0.00163597345818, 0.000906351488084, -0.000152580905706, 0.000458983820863, -0.000765295815654, 0.00243481970392, 0.0011111429194, -0.00786456093192, 0.0127600468695, -0.00720437383279, 0.0017869627336], [-0.000256653875113, 0.00156558281742, -0.00125837430824, 0.00102284585591, -0.00144295592327, 0.000595734280068, 0.00159017788246, 0.000200601862161, 1.67292764672e-05, 0.00496699288487, -0.00720437383279, 0.0109895048663, -0.00373916397803], [0.000553085003048, -0.000404563907068, 0.00128912134096, -0.000281450396869, 0.0021923573222, 0.00124536408111, 0.000510837708134, -0.000459933857201, 0.00129515083972, 0.00201785145327, 0.0017869627336, -0.00373916397803, 0.0099595207721]]
    },
    "melbands": {
        "dmean": [4.64889282625e-08, 5.34458251877e-07, 5.84312033425e-07, 3.74826822735e-06, 3.81290337828e-05, 8.05389645393e-05, 0.000113229521958, 0.000109144006274, 0.000215873209527, 1.66391564562e-05, 3.69195477106e-05, 7.55274377298e-05, 4.18149065808e-05, 9.9011034763e-05, 0.000276375183603, 2.1701625883e-05, 7.25154268366e-06, 3.54687176696e-06, 3.32853346663e-06, 2.23945494326e-06, 2.6422069368e-06, 5.25598488821e-06, 2.18356376536e-06, 8.93957803783e-07, 1.1553903505e-06, 1.0606519254e-06, 1.37438428283e-06, 8.34821435092e-07, 5.80804510264e-07, 5.0965633136e-07, 4.28804156627e-07, 3.58646133236e-07, 1.96915394213e-07, 1.23825230958e-07, 1.67608547486e-07, 2.43875859951e-07, 1.28155363655e-07, 5.67064013524e-08, 2.05826566457e-07, 1.91898564594e-07],
        "dmean2": [7.92400953742e-08, 8.2882309016e-07, 1.02190881535e-06, 6.31042121313e-06, 4.77316098113e-05, 0.00010085167014, 0.000140722157084, 0.000155476969667, 0.000328590977006, 2.51089713856e-05, 5.38251224498e-05, 0.000113477413834, 6.19655911578e-05, 0.000149594518007, 0.000425164762419, 3.28667956637e-05, 1.02714429886e-05, 5.19767309015e-06, 5.10788095198e-06, 3.49667288901e-06, 4.2399810809e-06, 8.00741327112e-06, 3.35616141456e-06, 1.45646833971e-06, 1.80424456175e-06, 1.62735670983e-06, 2.18981244871e-06, 1.2880674376e-06, 8.75790590271e-07, 7.57147063268e-07, 6.70319366236e-07, 5.73734610043e-07, 3.00239491935e-07, 1.80125681482e-07, 2.53988218901e-07, 3.8193149976e-07, 1.92959902279e-07, 7.87254776924e-08, 3.44727197898e-07, 3.00235029727e-07],
        "dvar": [2.2171884283e-13, 1.55746908426e-11, 6.50186848805e-12, 4.29257573931e-10, 1.55738746344e-08, 1.60108299951e-07, 1.43420450627e-07, 1.82293760531e-07, 9.26757081743e-07, 8.01597099809e-09, 4.02036235414e-08, 1.52054752789e-07, 1.39612836847e-07, 2.02311099429e-07, 1.92124298337e-06, 2.05525871877e-08, 1.78682402208e-09, 2.30742799867e-10, 9.84202830345e-10, 1.78290465724e-10, 2.38442099398e-10, 7.55391582619e-10, 1.146252121e-10, 2.38746383774e-11, 7.18275716682e-11, 4.30128710427e-11, 4.87234246005e-11, 2.3886535111e-11, 1.59907954933e-11, 1.08521733266e-11, 6.48872275355e-12, 4.73214479754e-12, 1.59071757502e-12, 7.42018100609e-13, 1.30777127409e-12, 2.45485402839e-12, 4.69960225249e-13, 8.17803737598e-14, 4.03076573854e-12, 1.53466822583e-12],
        "dvar2": [5.74529898482e-13, 3.66261500295e-11, 1.87801805357e-11, 1.29435751006e-09, 2.54974903413e-08, 2.43574959313e-07, 2.39965544324e-07, 3.67912065258e-07, 2.45907813223e-06, 1.74114749285e-08, 8.58385931224e-08, 3.26377573856e-07, 3.46129212403e-07, 4.69099774136e-07, 4.63204287371e-06, 4.33677307399e-08, 2.99587910035e-09, 4.57312770985e-10, 2.54555354573e-09, 4.45568554275e-10, 6.66146360295e-10, 1.71124248105e-09, 2.79051948215e-10, 6.72868635809e-11, 1.70756353501e-10, 1.06388856058e-10, 1.25305543719e-10, 5.70363270502e-11, 3.71503522389e-11, 2.44189668486e-11, 1.53487274973e-11, 1.19659820247e-11, 3.82050207443e-12, 1.47329674502e-12, 3.25666121674e-12, 6.10385700317e-12, 9.54185081642e-13, 1.25698849116e-13, 1.1716135874e-11, 4.15135287257e-12],
        "max": [2.82721830445e-05, 0.000243034941377, 9.81485209195e-05, 0.000765639764722, 0.00623902166262, 0.0188347566873, 0.0122721428052, 0.0200103688985, 0.025799555704, 0.00344039103948, 0.0068105137907, 0.0222385488451, 0.0159477498382, 0.0178101900965, 0.0301545578986, 0.00570657709613, 0.00403857370839, 0.00121739087626, 0.0022090265993, 0.000486740114866, 0.000676793395542, 0.00148266705219, 0.000447259168141, 0.000219309004024, 0.000432875967817, 0.000351181515725, 0.000405019527534, 0.000263015332166, 0.000254389713518, 0.000189229031093, 0.000128055180539, 7.99928820925e-05, 6.84564511175e-05, 5.50740951439e-05, 5.53063764528e-05, 8.57202685438e-05, 3.70312081941e-05, 1.82102503459e-05, 0.000104823462607, 5.21009205841e-05],
        "mean": [6.1002687346e-08, 1.08043673208e-06, 1.28520321141e-06, 7.85922020441e-06, 0.000130602522404, 0.000196851280634, 0.000276382343145, 0.000264662347035, 0.000420106196543, 3.03661017824e-05, 7.51483821659e-05, 0.00014154901146, 9.39587407629e-05, 0.000202965369681, 0.000549067219254, 4.07706138503e-05, 1.73765893123e-05, 7.95453252067e-06, 5.44374552192e-06, 3.71015266865e-06, 4.48802575193e-06, 9.92407967715e-06, 4.03263220505e-06, 1.8533058892e-06, 2.27233499572e-06, 2.11798578675e-06, 2.76230980489e-06, 1.72081695382e-06, 1.33744583763e-06, 1.20645302104e-06, 8.90797025477e-07, 6.87826116064e-07, 4.18016469439e-07, 2.86985283537e-07, 3.48582432252e-07, 4.87665488436e-07, 2.62105032789e-07, 1.29388283199e-07, 3.45235349641e-07, 3.55131447805e-07],
        "median": [3.95560073585e-09, 4.02298772073e-09, 2.92149682224e-09, 3.45842465777e-08, 7.54690177018e-07, 3.26930467054e-06, 2.59437115346e-06, 1.02147114376e-05, 7.44685848986e-06, 1.16946182516e-06, 1.56102396431e-06, 2.48784090218e-06, 4.7247266366e-07, 3.857032425e-06, 2.6614975468e-06, 2.53730888744e-07, 2.77488169331e-07, 4.24430027124e-07, 2.50642784749e-07, 1.35764722131e-07, 2.4998837489e-07, 2.4192257797e-07, 1.03802456408e-07, 6.83808139001e-08, 6.70876403319e-08, 1.11240886724e-07, 1.5564475575e-07, 9.87490551552e-08, 5.3037517489e-08, 7.25122504264e-08, 4.41852634481e-08, 2.68941242609e-08, 2.28079173326e-08, 9.7611838612e-09, 1.05745918688e-08, 8.80652173407e-09, 7.59145279972e-09, 3.43002248826e-09, 3.21378301749e-09, 3.81296061391e-09],
        "min": [7.791487653e-24, 7.76471608046e-24, 9.36251203436e-24, 6.87053751123e-24, 6.53246249283e-24, 5.75931766899e-24, 1.49644073821e-23, 6.75983034951e-24, 6.57088987967e-24, 2.97192558369e-24, 9.05571929515e-24, 1.80002770447e-23, 9.11287542318e-24, 9.70891900164e-24, 6.6222861398e-24, 5.58668808166e-24, 5.88888333951e-24, 7.67011903615e-24, 1.51429613148e-23, 8.46341412852e-24, 3.92670977248e-24, 9.61613318197e-24, 9.67417993396e-24, 9.03562779676e-24, 1.63666786386e-23, 1.63435539701e-23, 1.55302494208e-23, 8.61819889332e-24, 7.53153747435e-24, 1.1962274145e-23, 1.02340502956e-23, 1.32507821926e-23, 1.40915438345e-23, 6.37764341258e-24, 8.74950479099e-24, 1.31888274237e-23, 1.1419436868e-23, 9.70675042301e-24, 1.10181504253e-23, 1.22589481654e-23],
        "var": [2.86299765362e-13, 3.69760784491e-11, 2.46099321477e-11, 1.09319198138e-09, 1.80442327746e-07, 6.63045454985e-07, 6.31588591204e-07, 1.15627676678e-06, 2.48417040893e-06, 1.64696452032e-08, 1.24504339283e-07, 5.22513346368e-07, 5.64247898183e-07, 8.61620094383e-07, 6.89447733748e-06, 6.93888537739e-08, 1.90537132738e-08, 1.79022707769e-09, 1.29024457785e-09, 3.6194461317e-10, 3.9544112429e-10, 2.00050420673e-09, 2.95062890787e-10, 8.0594066143e-11, 1.97129479407e-10, 1.34362340698e-10, 1.50349677153e-10, 6.97170376984e-11, 6.36483435401e-11, 3.90451698751e-11, 1.96880393932e-11, 1.3134163028e-11, 5.25258786119e-12, 2.53100145009e-12, 3.42735041736e-12, 6.20388376088e-12, 1.40827529759e-12, 3.19031666319e-13, 7.23080449683e-12, 3.6679244711e-12]
    },
    "mfcc": {
        "mean": [-877.013183594, 63.9131393433, -41.7797546387, -30.324213028, -42.023109436, -26.3790187836, -16.6558227539, -18.437084198, -12.619767189, -7.58611154556, -2.85077691078, 10.4086618423, 11.2080173492],
        "cov": [[15774.0048828, 714.05670166, -2311.3293457, -1319.08911133, -1133.85693359, -532.460510254, -558.088684082, 138.377243042, 142.348983765, -138.953765869, -130.852752686, -347.709472656, -388.149871826], [714.05670166, 4401.30908203, 823.906494141, 463.204833984, -319.90234375, -786.779541016, -1059.68664551, -962.656433105, -507.776550293, -245.649215698, -122.605422974, -440.551513672, -213.605148315], [-2311.3293457, 823.906494141, 1275.51135254, 667.447570801, 157.544830322, -116.615615845, -207.637176514, -334.626220703, -122.553588867, -21.8287467957, -51.871837616, -155.719207764, -85.9868469238], [-1319.08911133, 463.204833984, 667.447570801, 1242.11425781, 236.593795776, 71.3025741577, 22.9061641693, -232.399551392, -95.8300018311, -104.857414246, -138.666488647, -186.80696106, -136.76234436], [-1133.85693359, -319.90234375, 157.544830322, 236.593795776, 397.037017822, 230.990310669, 191.336730957, 78.1798477173, -28.526260376, -48.9157447815, -2.01453900337, 73.2843399048, 52.5073890686], [-532.460510254, -786.779541016, -116.615615845, 71.3025741577, 230.990310669, 424.38293457, 358.989044189, 217.306594849, 33.6967735291, -43.485874176, -2.80024504662, 140.548904419, 73.1129837036], [-558.088684082, -1059.68664551, -207.637176514, 22.9061641693, 191.336730957, 358.989044189, 649.143920898, 445.381378174, 204.245727539, 16.2157039642, -74.4298706055, 70.3439407349, 35.1726799011], [138.377243042, -962.656433105, -334.626220703, -232.399551392, 78.1798477173, 217.306594849, 445.381378174, 559.361206055, 337.935791016, 104.075370789, -37.3406410217, -0.691619932652, -32.2464408875], [142.348983765, -507.776550293, -122.553588867, -95.8300018311, -28.526260376, 33.6967735291, 204.245727539, 337.935791016, 459.295593262, 295.477996826, 52.0910606384, -87.9764328003, -122.331359863], [-138.953765869, -245.649215698, -21.8287467957, -104.857414246, -48.9157447815, -43.485874176, 16.2157039642, 104.075370789, 295.477996826, 396.131134033, 187.938079834, 12.6351385117, -50.9401054382], [-130.852752686, -122.605422974, -51.871837616, -138.666488647, -2.01453900337, -2.80024504662, -74.4298706055, -37.3406410217, 52.0910606384, 187.938079834, 307.991271973, 252.441894531, 121.654457092], [-347.709472656, -440.551513672, -155.719207764, -186.80696106, 73.2843399048, 140.548904419, 70.3439407349, -0.691619932652, -87.9764328003, 12.6351385117, 252.441894531, 512.162719727, 331.699127197], [-388.149871826, -213.605148315, -85.9868469238, -136.76234436, 52.5073890686, 73.1129837036, 35.1726799011, -32.2464408875, -122.331359863, -50.9401054382, 121.654457092, 331.699127197, 339.230407715]],
