{
"lowlevel": {
    "average_loudness": 0.760734677315,
    "barkbands_crest": {
        "dmean": 2.19622325897,
        "dmean2": 3.58516216278,
        "dvar": 6.13331079483,
        "dvar2": 15.9129714966,
        "max": 25.293088913,
        "mean": 13.4993028641,
        "median": 12.7716379166,
        "min": 3.18121957779,
        "var": 23.4546222687
    },
    "barkbands_flatness_db": {
        "dmean": 0.0217835400254,
        "dmean2": 0.033076390624,
        "dvar": 0.000590804149397,
        "dvar2": 0.00143648812082,
        "max": 0.43208655715,
        "mean": 0.200890436769,
        "median": 0.194582730532,
        "min": 0.0281238574535,
        "var": 0.0042097363621
    },
    "barkbands_kurtosis": {
        "dmean": 5.46723937988,
        "dmean2": 8.81515884399,
        "dvar": 118.432601929,
        "dvar2": 316.892028809,
        "max": 189.920394897,
        "mean": 12.2247867584,
        "median": 7.44083309174,
        "min": -1.89017271996,
        "var": 220.599731445
    },
    "barkbands_skewness": {
        "dmean": 0.589940845966,
        "dmean2": 0.91370767355,
        "dvar": 0.6342471838,
        "dvar2": 1.5592263937,
        "max": 12.6943664551,
        "mean": 2.59310340881,
        "median": 2.28187322617,
        "min": -2.51842570305,
        "var": 2.59508132935
    },
    "barkbands_spread": {
        "dmean": 3.00588798523,
        "dmean2": 4.6033115387,
        "dvar": 22.1845836639,
        "dvar2": 48.2143249512,
        "max": 115.472572327,
        "mean": 11.376625061,
        "median": 8.68235206604,
        "min": 0.885447621346,
        "var": 76.4756469727
    },
    "dissonance": {
        "dmean": 0.0199910979718,
        "dmean2": 0.0335979610682,
        "dvar": 0.000370906986063,
        "dvar2": 0.000999089330435,
        "max": 0.499997586012,
        "mean": 0.445113867521,
        "median": 0.453314036131,
        "min": 0.163378015161,
        "var": 0.00127970578615
    },
    "dynamic_complexity": 3.8764166832,
    "erbbands_crest": {
        "dmean": 1.94502103329,
        "dmean2": 3.04128170013,
        "dvar": 4.43724489212,
        "dvar2": 10.9292707443,
        "max": 28.5896911621,
        "mean": 9.58356952667,
        "median": 8.40274429321,
        "min": 2.45990657806,
        "var": 23.0568656921
    },
    "erbbands_flatness_db": {
        "dmean": 0.0167186483741,
        "dmean2": 0.0230712033808,
        "dvar": 0.000285096582957,
        "dvar2": 0.000563694804441,
        "max": 0.376974105835,
        "mean": 0.170786529779,
        "median": 0.149908065796,
        "min": 0.0306661818177,
        "var": 0.00621094601229
    },
    "erbbands_kurtosis": {
        "dmean": 0.793690025806,
        "dmean2": 1.19028401375,
        "dvar": 1.41192603111,
        "dvar2": 3.04795455933,
        "max": 28.2157001495,
        "mean": 0.882818818092,
        "median": -0.000422716140747,
        "min": -1.83337271214,
        "var": 6.86787462234
    },
    "erbbands_skewness": {
        "dmean": 0.281201899052,
        "dmean2": 0.426821142435,
        "dvar": 0.0829458534718,
        "dvar2": 0.194598913193,
        "max": 4.65597009659,
        "mean": 0.675373852253,
        "median": 0.604851722717,
        "min": -2.28280925751,
        "var": 0.560015261173
    },
    "erbbands_spread": {
        "dmean": 7.3798160553,
        "dmean2": 10.988492012,
        "dvar": 100.168182373,
        "dvar2": 217.865890503,
        "max": 160.437072754,
        "mean": 37.6630096436,
        "median": 32.4862518311,
        "min": 4.70337533951,
        "var": 468.410430908
    },
    "hfc": {
        "dmean": 4.14748859406,
        "dmean2": 6.00852918625,
        "dvar": 46.1795883179,
        "dvar2": 103.073867798,
        "max": 205.724975586,
        "mean": 14.7541074753,
        "median": 10.2826938629,
        "min": 1.19067143463e-16,
        "var": 190.200942993
    },
    "melbands_crest": {
        "dmean": 2.75397014618,
        "dmean2": 4.53551244736,
        "dvar": 9.16825580597,
        "dvar2": 24.5490455627,
        "max": 35.0749359131,
        "mean": 17.4384613037,
        "median": 17.2408390045,
        "min": 1.5701482296,
        "var": 28.2694969177
    },
    "melbands_flatness_db": {
        "dmean": 0.0245136525482,
        "dmean2": 0.0376468487084,
        "dvar": 0.000828813645057,
        "dvar2": 0.00199168804102,
        "max": 0.598327279091,
        "mean": 0.306522995234,
        "median": 0.299826562405,
        "min": 0.00374797848053,
        "var": 0.00674178963527
    },
    "melbands_kurtosis": {
        "dmean": 12.6430683136,
        "dmean2": 20.1987800598,
        "dvar": 730.554626465,
        "dvar2": 1877.03552246,
        "max": 618.26550293,
        "mean": 28.5551719666,
        "median": 16.1683883667,
        "min": -1.38079059124,
        "var": 1268.44714355
    },
    "melbands_skewness": {
        "dmean": 0.797112166882,
        "dmean2": 1.22763168812,
        "dvar": 1.2190322876,
        "dvar2": 2.87805223465,
        "max": 20.0086326599,
        "mean": 3.68661284447,
        "median": 3.1883046627,
        "min": -0.77443498373,
        "var": 4.82033157349
    },
    "melbands_spread": {
        "dmean": 2.48966002464,
        "dmean2": 3.8081741333,
        "dvar": 15.0412950516,
        "dvar2": 32.064163208,
        "max": 164.098007202,
        "mean": 10.5299825668,
        "median": 7.38357591629,
        "min": 0.652623176575,
        "var": 150.12802124
    },
    "pitch_salience": {
        "dmean": 0.0634867325425,
        "dmean2": 0.103967629373,
        "dvar": 0.00446182815358,
        "dvar2": 0.0118093714118,
        "max": 0.953139841557,
        "mean": 0.480470180511,
        "median": 0.47739186883,
        "min": 0.111854441464,
        "var": 0.0159020498395
    },
    "silence_rate_20dB": {
        "dmean": 0.00047702336451,
        "dmean2": 0.000954122631811,
        "dvar": 0.000476731453091,
        "dvar2": 0.00143001589458,
        "max": 1,
        "mean": 0.999761521816,
        "median": 1,
        "min": 0,
        "var": 0.000238416905631
    },
    "silence_rate_30dB": {
        "dmean": 0.0705994591117,
        "dmean2": 0.141210138798,
        "dvar": 0.0656219646335,
        "dvar2": 0.136364683509,
        "max": 1,
        "mean": 0.908577799797,
        "median": 1,
        "min": 0,
        "var": 0.0830552950501
    },
    "silence_rate_60dB": {
        "dmean": 0.00795038975775,
        "dmean2": 0.0158225335181,
        "dvar": 0.0078884055838,
        "dvar2": 0.0173221249133,
        "max": 1,
        "mean": 0.0775101333857,
        "median": 0,
        "min": 0,
        "var": 0.0715056285262
    },
    "spectral_centroid": {
        "dmean": 136.059249878,
        "dmean2": 215.082229614,
        "dvar": 45854,
        "dvar2": 100165.484375,
        "max": 11072.4091797,
        "mean": 737.879150391,
        "median": 613.27935791,
        "min": 160.796722412,
        "var": 207595.828125
    },
    "spectral_complexity": {
        "dmean": 2.32485294342,
        "dmean2": 3.75669884682,
        "dvar": 9.53862667084,
        "dvar2": 22.3538818359,
        "max": 47,
        "mean": 13.4625167847,
        "median": 13,
        "min": 0,
        "var": 37.4402656555
    },
    "spectral_decrease": {
        "dmean": 4.83316719979e-09,
        "dmean2": 7.80021558455e-09,
        "dvar": 1.08996530525e-16,
        "dvar2": 2.80525983065e-16,
        "max": 5.02156964596e-17,
        "mean": -1.25390187122e-08,
        "median": -1.0628171232e-08,
        "min": -1.43388547258e-07,
        "var": 1.57418240981e-16
    },
    "spectral_energy": {
        "dmean": 0.0185046754777,
        "dmean2": 0.029800163582,
        "dvar": 0.00157551723532,
        "dvar2": 0.00404983293265,
        "max": 0.547153115273,
        "mean": 0.0486633256078,
        "median": 0.0412357412279,
        "min": 1.06874651277e-20,
        "var": 0.00231884792447
    },
    "spectral_energyband_high": {
        "dmean": 0.000225313633564,
        "dmean2": 0.000339799793437,
        "dvar": 2.77212706123e-07,
        "dvar2": 6.14643511199e-07,
        "max": 0.0172735061496,
        "mean": 0.00039236471639,
        "median": 0.000142154240166,
        "min": 7.69637357032e-21,
        "var": 6.12686733348e-07
    },
    "spectral_energyband_low": {
        "dmean": 0.0157311409712,
        "dmean2": 0.0259545464069,
        "dvar": 0.00149191298988,
        "dvar2": 0.00388918374665,
        "max": 0.503891170025,
        "mean": 0.0308588240296,
        "median": 0.0262646451592,
        "min": 5.29153411736e-23,
        "var": 0.0016581605887
    },
    "spectral_energyband_middle_high": {
        "dmean": 0.000984752550721,
        "dmean2": 0.00137032917701,
        "dvar": 4.37693006461e-06,
        "dvar2": 8.39462336444e-06,
        "max": 0.0572653524578,
        "mean": 0.00347350421362,
        "median": 0.00134454260115,
        "min": 1.62685464246e-21,
        "var": 3.39241196343e-05
    },
    "spectral_energyband_middle_low": {
        "dmean": 0.00522218178958,
        "dmean2": 0.00828511454165,
        "dvar": 7.87243188825e-05,
        "dvar2": 0.000198730544071,
        "max": 0.142684862018,
        "mean": 0.0146854501218,
        "median": 0.00904613733292,
        "min": 2.54849959399e-22,
        "var": 0.000258216867223
    },
    "spectral_entropy": {
        "dmean": 0.178075909615,
        "dmean2": 0.266170203686,
        "dvar": 0.0397350639105,
        "dvar2": 0.0886809825897,
        "max": 9.8072977066,
        "mean": 7.01072835922,
        "median": 7.1476483345,
        "min": 4.9717965126,
        "var": 0.493016064167
    },
    "spectral_flux": {
        "dmean": 0.0311832744628,
        "dmean2": 0.0489807426929,
        "dvar": 0.00218560290523,
        "dvar2": 0.00470298808068,
        "max": 0.601912677288,
        "mean": 0.0811708793044,
        "median": 0.0647099688649,
        "min": 1.03380200234e-10,
        "var": 0.00535518722609
    },
    "spectral_kurtosis": {
        "dmean": 5.44765329361,
        "dmean2": 9.45313644409,
        "dvar": 100.514808655,
        "dvar2": 305.993743896,
        "max": 143.90020752,
        "mean": 16.3112392426,
        "median": 6.05766963959,
        "min": -1.19964075089,
        "var": 588.506835938
    },
    "spectral_rms": {
        "dmean": 0.00103693443816,
        "dmean2": 0.00161091715563,
        "dvar": 2.81231223198e-06,
        "dvar2": 6.72071200825e-06,
        "max": 0.0231042839587,
        "mean": 0.00613471725956,
        "median": 0.00634271185845,
        "min": 3.22905482734e-12,
        "var": 9.84159851214e-06
    },
    "spectral_rolloff": {
        "dmean": 139.57232666,
        "dmean2": 235.082595825,
        "dvar": 211796.671875,
        "dvar2": 439061.15625,
        "max": 19401.4160156,
        "mean": 638.503112793,
        "median": 366.064453125,
        "min": 64.599609375,
        "var": 2433089.75
    },
    "spectral_skewness": {
        "dmean": 0.44666031003,
        "dmean2": 0.753407776356,
        "dvar": 0.359369367361,
        "dvar2": 1.07943975925,
        "max": 9.43532371521,
        "mean": 2.57393455505,
        "median": 2.06660532951,
        "min": 0.0327452607453,
        "var": 2.39466905594
    },
    "spectral_spread": {
        "dmean": 730460.375,
        "dmean2": 1049139.375,
        "dvar": 844852625408,
        "dvar2": 1.62795395482e+12,
        "max": 41381876,
        "mean": 4216344,
        "median": 4327500,
        "min": 594912.625,
        "var": 4.67420368077e+12
    },
    "spectral_strongpeak": {
        "dmean": 0.270563781261,
        "dmean2": 0.473599821329,
        "dvar": 0.397449523211,
        "dvar2": 1.0641721487,
        "max": 7.54992866516,
        "mean": 0.627396345139,
        "median": 0.452081024647,
        "min": 0,
        "var": 0.55428725481
    },
    "zerocrossingrate": {
        "dmean": 0.00634730700403,
        "dmean2": 0.00783098023385,
        "dvar": 7.96406602603e-05,
        "dvar2": 9.67458399828e-05,
        "max": 0.611328125,
        "mean": 0.0329566374421,
        "median": 0.0263671875,
        "min": 0.00244140625,
        "var": 0.00189718371257
    },
    "barkbands": {
        "dmean": [0.00213384092785, 0.0129803549498, 0.00223944359459, 0.00211144867353, 0.00209610001184, 0.00161536294036, 0.000678117270581, 0.000478936301079, 0.000598987331614, 0.000430062180385, 0.000284736772301, 0.000183202428161, 0.000111152556201, 0.00010989344446, 0.000123098885524, 9.43728518905e-05, 7.15948990546e-05, 0.000115050876047, 5.47164854652e-05, 5.59577347303e-05, 3.77284413844e-05, 4.65820194222e-05, 4.45548430434e-05, 5.08196826559e-05, 3.04360983137e-05, 2.3975435397e-05, 9.81181892712e-06],
        "dmean2": [0.00343987857923, 0.0218562763184, 0.00376281351782, 0.00360841676593, 0.00342527264729, 0.00237544090487, 0.00112035206985, 0.000701618264429, 0.000878324441146, 0.000602191197686, 0.000392141751945, 0.000262006418779, 0.00016871317348, 0.000171851570485, 0.000198095542146, 0.000143659650348, 0.000112757523311, 0.000176305664354, 8.88559370651e-05, 9.49917011894e-05, 6.28788184258e-05, 7.35961657483e-05, 6.9135290687e-05, 7.81752823968e-05, 4.63541691715e-05, 3.75543022528e-05, 1.55877078214e-05],
        "dvar": [3.18195416185e-05, 0.00116107391659, 1.52546272147e-05, 2.3923943445e-05, 1.13738506116e-05, 1.36454591484e-05, 4.37991229774e-06, 1.80522476967e-06, 3.09651863972e-06, 2.76991772807e-06, 7.07345122919e-07, 1.96575825839e-07, 1.50546284772e-07, 1.50208450123e-07, 7.78110944566e-08, 7.30095948143e-08, 3.23484101727e-08, 7.44777963746e-08, 1.75878120956e-08, 2.48946019354e-08, 1.07309681141e-08, 1.62197206777e-08, 5.21002476717e-08, 1.60365747348e-08, 2.89183432756e-08, 3.63712882034e-09, 5.37289379654e-10],
        "dvar2": [7.64272699598e-05, 0.00313741341233, 4.13328816649e-05, 6.44452156848e-05, 2.99339008052e-05, 2.90134757961e-05, 1.15193088277e-05, 3.74768819711e-06, 6.57234204482e-06, 5.4776678553e-06, 1.24328119e-06, 3.67566485693e-07, 3.00418918187e-07, 3.89305597537e-07, 1.87633858673e-07, 1.49339143718e-07, 7.62036975743e-08, 1.57489353114e-07, 4.3748261902e-08, 6.9205349007e-08, 2.89532131603e-08, 3.98194259787e-08, 1.21651353879e-07, 3.10444789875e-08, 6.62666579387e-08, 8.85829454234e-09, 1.32383437546e-09],
        "max": [0.0776824429631, 0.433394700289, 0.0614195540547, 0.0640281736851, 0.0597982294858, 0.0883733332157, 0.0457117259502, 0.0649374350905, 0.0381055772305, 0.0522672794759, 0.0304325986654, 0.0198213774711, 0.0178104769439, 0.0178253538907, 0.00613290490583, 0.00675578275695, 0.00446390500292, 0.00734229572117, 0.0030625606887, 0.0038949623704, 0.00233522476628, 0.00382748059928, 0.0163164716214, 0.0047705732286, 0.0160586386919, 0.00227901735343, 0.000261367880739],
        "mean": [0.00213336921297, 0.0242765191942, 0.00379154225811, 0.00263391342014, 0.00442538876086, 0.00378288864158, 0.00107824523002, 0.00122159963939, 0.00140101159923, 0.00102363131009, 0.000776317901909, 0.000399211858166, 0.000205361560802, 0.000215090389247, 0.000238309323322, 0.000179399416083, 0.000130049942527, 0.000242290712777, 8.14157683635e-05, 7.50274484744e-05, 5.43460846529e-05, 7.42958800402e-05, 7.46334189898e-05, 7.30085375835e-05, 4.03904050472e-05, 2.6624491511e-05, 9.53658945946e-06],
        "median": [0.00042147008935, 0.0191583540291, 0.00205036322586, 0.00113077508286, 0.0025876366999, 0.00107927771751, 0.000233601080254, 0.00033022367279, 0.000310523435473, 0.000153776200023, 0.000154797249706, 0.000158986498718, 4.76389759569e-05, 7.25398858776e-05, 0.000127906518173, 7.27801816538e-05, 5.06909673277e-05, 5.90027666476e-05, 2.22706894419e-05, 1.94046915567e-05, 1.59787050507e-05, 2.08902420127e-05, 2.24307132157e-05, 2.55255072261e-05, 1.15826333058e-05, 4.17701266997e-06, 1.10835048872e-06],
        "min": [1.48634189868e-23, 1.12493868558e-23, 1.59300914592e-23, 1.75785015177e-23, 9.41808539187e-23, 2.06677423537e-23, 3.7460707226e-23, 1.53079847053e-23, 4.90298320285e-23, 7.58726039988e-23, 1.06557387324e-22, 3.240408358e-23, 6.33760943162e-23, 2.57120692359e-22, 1.02266873835e-22, 1.73867833897e-22, 1.8397440427e-22, 2.21014768541e-22, 2.43507957117e-22, 3.71023674753e-22, 5.03508887926e-22, 4.98546309122e-22, 6.4852075789e-22, 7.49746682429e-22, 1.30318801703e-21, 1.51133804193e-21, 2.55993416436e-21],
        "var": [3.17753001582e-05, 0.0011781953508, 2.627224967e-05, 2.34178751271e-05, 3.28094320139e-05, 5.75993908569e-05, 6.80072935211e-06, 1.15230850497e-05, 1.06040024548e-05, 1.46945121742e-05, 5.37808409717e-06, 8.70734879754e-07, 4.61996819467e-07, 3.6725253949e-07, 1.58331459943e-07, 2.0611457785e-07, 7.69123076338e-08, 2.30931050282e-07, 2.73298894626e-08, 2.76912111019e-08, 1.36710216481e-08, 2.55378882486e-08, 7.48453530264e-08, 3.62596281889e-08, 3.24675220043e-08, 4.69418637294e-09, 5.5464027815e-10]
    },
    "erbbands": {
        "dmean": [0.543146908283, 2.37294101715, 2.88489699364, 4.26228189468, 9.23155117035, 5.15827465057, 9.07259941101, 15.2383356094, 11.4253025055, 6.76810264587, 10.7859544754, 13.6566934586, 11.9593353271, 12.4859685898, 9.21218967438, 5.74664640427, 5.26806306839, 4.8210978508, 5.61487960815, 5.38562726974, 4.56991291046, 4.10661649704, 6.65669822693, 3.42301440239, 2.58072710037, 2.69721770287, 1.76144313812, 1.50324678421, 1.65543401241, 1.57350480556, 1.25892210007, 1.22867870331, 0.718668222427, 0.36979034543, 0.195731833577, 0.114487916231, 0.0433516539633, 0.0110114403069, 0.00169908767566, 0.000102042191429],
        "dmean2": [0.931404292583, 3.9454805851, 4.7869052887, 7.23052883148, 15.477730751, 8.21080875397, 13.1224250793, 22.9230060577, 18.6835441589, 10.6586465836, 15.7930278778, 20.1447219849, 16.9512519836, 17.6266727448, 12.54114151, 8.07675552368, 7.8582277298, 7.59212207794, 8.80839443207, 8.59890270233, 6.82604837418, 6.33951854706, 10.209774971, 5.24456548691, 4.2554526329, 4.56406831741, 2.94845604897, 2.5206387043, 2.65668082237, 2.45130705833, 1.95681226254, 1.90933382511, 1.11038124561, 0.569707155228, 0.301059156656, 0.177503302693, 0.0682686567307, 0.01734405756, 0.00271396595053, 0.000159131930559],
        "dvar": [2.32145094872, 35.724822998, 28.3217868805, 78.4992675781, 288.58380127, 80.8769073486, 349.10546875, 1496.10705566, 1182.16748047, 401.706634521, 865.34753418, 1952.81762695, 1641.92150879, 1694.79553223, 623.840148926, 207.844772339, 321.930725098, 354.192199707, 198.892089844, 152.635635376, 212.808013916, 92.8127746582, 270.238647461, 56.6222572327, 45.8427696228, 62.0051040649, 23.0463848114, 20.8683986664, 22.0261287689, 22.9067173004, 66.663520813, 8.53795814514, 3.93389892578, 0.864618241787, 1.48557126522, 0.33463421464, 0.0167123619467, 0.000643074745312, 1.65419041878e-05, 5.294696237e-08],
        "dvar2": [6.36992740631, 95.356048584, 77.0118103027, 210.444778442, 785.309082031, 199.923492432, 718.848754883, 3201.33764648, 3145.61352539, 932.114257812, 1815.93151855, 4278.70068359, 3346.64282227, 3310.52832031, 983.346557617, 383.861663818, 625.37109375, 972.877258301, 469.991424561, 356.458587646, 414.915802002, 211.593048096, 589.776794434, 120.162399292, 120.523780823, 172.788085938, 61.7261619568, 56.4770965576, 55.2541694641, 52.6583404541, 160.167419434, 17.5236530304, 7.53947734833, 1.98028719425, 3.36317896843, 0.746633470058, 0.041354868561, 0.00157398043666, 4.10129687225e-05, 1.28329460836e-07],
        "max": [20.6901683807, 91.2893829346, 74.1326065063, 120.81199646, 319.195983887, 187.088363647, 646.306884766, 931.545898438, 741.344055176, 725.618286133, 1230.88586426, 1060.27990723, 1337.95324707, 1539.49645996, 985.592163086, 431.972351074, 865.484558105, 960.475646973, 331.268585205, 303.38092041, 457.340026855, 344.825317383, 525.827941895, 215.832229614, 138.759277344, 194.311950684, 143.460403442, 136.799682617, 104.168449402, 202.687957764, 645.819152832, 81.7996673584, 83.4970169067, 26.3772392273, 118.577362061, 54.1339263916, 7.40425443649, 0.476649343967, 0.0621272660792, 0.00318491877988],
        "mean": [0.791351079941, 5.01530981064, 5.71108102798, 6.33367061615, 14.416258812, 11.7511835098, 22.0448570251, 34.0073394775, 20.4369792938, 14.5350866318, 30.1966552734, 32.8401908875, 29.2653388977, 33.58335495, 24.7684707642, 14.1761798859, 10.9417247772, 9.95023059845, 12.3249702454, 11.354139328, 9.25390911102, 8.57824420929, 13.5571203232, 6.84498977661, 3.88393974304, 3.55013418198, 2.48252940178, 2.10848116875, 2.53732252121, 2.7221930027, 2.04090356827, 1.82337081432, 0.997420370579, 0.501507997513, 0.253830164671, 0.130224660039, 0.0466303937137, 0.0113164363429, 0.00167109747417, 0.000142221164424],
        "median": [0.512811839581, 3.94582128525, 3.87369680405, 3.71104049683, 6.83082151413, 6.67524671555, 9.60844993591, 8.1207818985, 4.80632972717, 4.9506444931, 8.17027854919, 7.55001401901, 6.55692720413, 6.49957418442, 7.80255699158, 5.45183849335, 2.46860861778, 3.48268580437, 5.63394212723, 6.47965669632, 4.06523418427, 3.43137812614, 3.49900531769, 1.88793814182, 1.1414591074, 0.947693765163, 0.667366325855, 0.623389363289, 0.685739099979, 0.812163352966, 0.553699910641, 0.666516542435, 0.31790214777, 0.160496875644, 0.0663136169314, 0.022931298241, 0.00669067678973, 0.00139667547774, 0.000216237764107, 7.05080237822e-05],
        "min": [2.03384686564e-22, 3.09943606171e-21, 1.47480891001e-20, 6.00206323748e-20, 6.64694616772e-20, 4.36050948244e-19, 3.55480738998e-19, 1.41416516507e-19, 4.20629122151e-19, 5.40901105668e-19, 4.3510051772e-19, 1.20165851075e-18, 1.74979739507e-18, 3.85669279649e-18, 2.98990264031e-18, 1.63593763812e-18, 3.14357604771e-18, 1.1642825202e-17, 6.68605746428e-18, 7.25268652364e-18, 9.46629546191e-18, 1.08418579431e-17, 1.07011619655e-17, 1.3947173372e-17, 1.23099430573e-17, 1.84363024086e-17, 2.00344914527e-17, 1.98160677945e-17, 1.37740568775e-17, 2.4077027331e-17, 1.7437523178e-17, 1.29223602859e-17, 1.35613217403e-17, 1.28347734396e-17, 1.02537796769e-17, 6.34683276303e-18, 2.72659823003e-18, 1.15611694475e-18, 3.73773760696e-19, 3.80515392548e-20],
        "var": [2.01802587509, 41.8149642944, 45.8148498535, 82.0058898926, 514.245544434, 248.220046997, 1490.14355469, 5766.95556641, 2124.00170898, 1221.12805176, 5277.33886719, 6713.21484375, 8212.10546875, 9168.98046875, 4462.07226562, 1077.36462402, 1093.83776855, 737.367370605, 539.914367676, 322.622558594, 582.285827637, 289.886077881, 759.962097168, 180.902420044, 61.9158325195, 64.3869094849, 31.7170982361, 23.5581283569, 32.6278533936, 42.4240837097, 82.180847168, 19.3642082214, 8.3912229538, 1.457290411, 1.68596303463, 0.38850709796, 0.0181196946651, 0.000756958441343, 1.68838560057e-05, 5.93410085514e-08]
    },
    "gfcc": {
        "mean": [-42.4149627686, 130.200775146, -88.4758605957, 17.1460227966, -36.5808258057, 10.5033836365, -32.686706543, 7.32295656204, -13.4887933731, -6.40183925629, -13.1147909164, 1.29981648922, -4.59422063828],
        "cov": [[17629.3828125, -3451.56787109, 954.172119141, 2849.87084961, -1362.28515625, 1418.52380371, 326.952941895, 858.446716309, 1.27975940704, 482.567687988, 226.116394043, 598.748413086, -263.475158691], [-3451.56787109, 3048.86694336, -915.360717773, -1150.81201172, 689.130310059, -694.782348633, -3.34808087349, -361.914581299, 42.1110115051, -297.172668457, -1.600664258, -295.601318359, 132.637405396], [954.172119141, -915.360717773, 969.128540039, 359.839904785, -145.21913147, 357.591430664, -62.878074646, 149.677734375, -6.47964715958, 149.922607422, -3.73373484612, 91.0696182251, -3.18243169785], [2849.87084961, -1150.81201172, 359.839904785, 1046.03967285, -278.154388428, 385.046813965, 137.414337158, 198.105072021, 61.4562568665, 164.126922607, 85.3727340698, 130.145843506, -13.4071893692], [-1362.28515625, 689.130310059, -145.21913147, -278.154388428, 390.534515381, -154.446136475, 53.3921318054, -68.1008682251, 14.0130271912, -55.5387878418, -25.6415939331, -90.9163131714, 17.7883090973], [1418.52380371, -694.782348633, 357.591430664, 385.046813965, -154.446136475, 455.372039795, 113.208976746, 153.317733765, 5.68548488617, 68.300567627, 33.0489234924, 71.0548400879, -62.0835418701], [326.952941895, -3.34808087349, -62.878074646, 137.414337158, 53.3921318054, 113.208976746, 221.160018921, 45.7354316711, 12.1779308319, 21.4621810913, 35.7838745117, -2.88012576103, -28.7809200287], [858.446716309, -361.914581299, 149.677734375, 198.105072021, -68.1008682251, 153.317733765, 45.7354316711, 151.110427856, 29.4844970703, 45.8898735046, 27.2037582397, 54.0473327637, -20.9830112457], [1.27975940704, 42.1110115051, -6.47964715958, 61.4562568665, 14.0130271912, 5.68548488617, 12.1779308319, 29.4844970703, 93.2384796143, 19.8379077911, 15.8445386887, 5.7332239151, 14.5964298248], [482.567687988, -297.172668457, 149.922607422, 164.126922607, -55.5387878418, 68.300567627, 21.4621810913, 45.8898735046, 19.8379077911, 108.308753967, 30.2942371368, 41.3743972778, 10.8209514618], [226.116394043, -1.600664258, -3.73373484612, 85.3727340698, -25.6415939331, 33.0489234924, 35.7838745117, 27.2037582397, 15.8445386887, 30.2942371368, 90.2888793945, 37.8668899536, 23.0785541534], [598.748413086, -295.601318359, 91.0696182251, 130.145843506, -90.9163131714, 71.0548400879, -2.88012576103, 54.0473327637, 5.7332239151, 41.3743972778, 37.8668899536, 103.009712219, 12.4010229111], [-263.475158691, 132.637405396, -3.18243169785, -13.4071893692, 17.7883090973, -62.0835418701, -28.7809200287, -20.9830112457, 14.5964298248, 10.8209514618, 23.0785541534, 12.4010229111, 100.143264771]],
        "icov": [[0.000188171048649, -0.000317269674269, 0.000117697476526, -0.000520536268596, 0.000429391337093, -0.000190456339624, 0.00019254925428, -0.000686455983669, 0.000617496669292, -0.000562679895665, 0.000571876415052, -0.00065181060927, 0.000486222066684], [-0.000317269674269, 0.00214167824015, -1.13721180242e-05, 0.00170282856561, -0.0018093312392, 0.000768908357713, -0.000837397878058, 0.00218531372957, -0.0023967763409, 0.00297388876788, -0.00317576900125, 0.00290181837045, -0.00202789250761], [0.000117697476526, -1.13721180242e-05, 0.00253310939297, -0.000349122681655, -0.000625623273663, -0.00220468221232, 0.00219189445488, -0.00103693467099, 0.00119157554582, -0.00286906468682, 0.00121633079834, -0.000230063305935, -0.000599984719884], [-0.000520536268596, 0.00170282856561, -0.000349122681655, 0.00385457999073, -0.000794305291492, 7.84812655183e-05, -0.00171837117523, 0.00190083927009, -0.00318377977237, 0.00136393017601, -0.00281234551221, 0.00249880179763, -0.00237038778141], [0.000429391337093, -0.0018093312392, -0.000625623273663, -0.000794305291492, 0.00640462618321, 0.000742871139664, -0.00204984121956, -0.00228593009524, 0.000963814498391, -0.00153460970614, 0.00294908811338, -0.000498192501254, 0.00106212066021], [-0.000190456339624, 0.000768908357713, -0.00220468221232, 7.84812655183e-05, 0.000742871139664, 0.00686512188986, -0.00363402022049, -0.00113734428305, -0.000914559990633, 0.00339468056336, -0.00184717669617, 0.00078182114521, 0.00135766668245], [0.00019254925428, -0.000837397878058, 0.00219189445488, -0.00171837117523, -0.00204984121956, -0.00363402022049, 0.00934114959091, -0.00197283108719, 0.00220921216533, -0.00379910157062, -0.000864355068188, 0.000172182524693, 0.00210415222682], [-0.000686455983669, 0.00218531372957, -0.00103693467099, 0.00190083927009, -0.00228593009524, -0.00113734428305, -0.00197283108719, 0.0161356180906, -0.00665390957147, 0.00324313505553, -0.00406721606851, -0.000371630856534, -0.000361317099305], [0.000617496669292, -0.0023967763409, 0.00119157554582, -0.00318377977237, 0.000963814498391, -0.000914559990633, 0.00220921216533, -0.00665390957147, 0.0164463594556, -0.00576561223716, 0.00302007235587, -0.00226042745635, 0.000723045493942], [-0.000562679895665, 0.00297388876788, -0.00286906468682, 0.00136393017601, -0.00153460970614, 0.00339468056336, -0.00379910157062, 0.00324313505553, -0.00576561223716, 0.0208372529596, -0.00707773538306, 0.00207665050402, -0.00340027315542], [0.000571876415052, -0.00317576900125, 0.00121633079834, -0.00281234551221, 0.00294908811338, -0.00184717669617, -0.000864355068188, -0.00406721606851, 0.00302007235587, -0.00707773538306, 0.0212112311274, -0.00899338070303, -0.000846622919198], [-0.00065181060927, 0.00290181837045, -0.000230063305935, 0.00249880179763, -0.000498192501254, 0.00078182114521, 0.000172182524693, -0.000371630856534, -0.00226042745635, 0.00207665050402, -0.00899338070303, 0.0213082116097, -0.00514727085829], [0.000486222066684, -0.00202789250761, -0.000599984719884, -0.00237038778141, 0.00106212066021, 0.00135766668245, 0.00210415222682, -0.000361317099305, 0.000723045493942, -0.00340027315542, -0.000846622919198, -0.00514727085829, 0.0158909950405]]
    },
    "melbands": {
        "dmean": [0.00415030913427, 0.0019549485296, 0.000888715498149, 0.000523588154465, 0.000281752174487, 0.000323702115566, 0.000161046002177, 7.97666798462e-05, 9.02448227862e-05, 8.75748737599e-05, 6.28916968708e-05, 5.4923191783e-05, 3.11892399623e-05, 2.21417394641e-05, 1.47907830979e-05, 1.08479553091e-05, 9.82399524219e-06, 9.4568295026e-06, 1.00254501376e-05, 7.29436715119e-06, 5.13064469487e-06, 4.23474830313e-06, 6.00127486905e-06, 5.28106193087e-06, 2.78483753391e-06, 2.00608951673e-06, 1.90539356026e-06, 1.89681747997e-06, 1.21540517739e-06, 9.09150401185e-07, 8.94246909411e-07, 9.37905440423e-07, 9.98419864118e-07, 8.96090853075e-07, 8.04587500625e-07, 6.57662553749e-07, 8.32017121866e-07, 5.90291733715e-07, 3.19147204664e-07, 3.16041109727e-07],
        "dmean2": [0.00697627058253, 0.00322419777513, 0.00150287582073, 0.000857230217662, 0.000414224661654, 0.000485112308525, 0.000264111324213, 0.000122289042338, 0.000132146058604, 0.000129038424348, 8.86828565854e-05, 7.74684594944e-05, 4.22954472015e-05, 3.1610368751e-05, 2.10096441151e-05, 1.6565032638e-05, 1.55615507538e-05, 1.47423315866e-05, 1.6202482584e-05, 1.14295889944e-05, 7.7032864283e-06, 6.65439756631e-06, 9.3666394605e-06, 8.1080606833e-06, 4.33395962318e-06, 3.31038381773e-06, 3.17505896419e-06, 3.25014798364e-06, 2.04339016818e-06, 1.53470887199e-06, 1.50778896568e-06, 1.53037228756e-06, 1.57037868576e-06, 1.41025918765e-06, 1.26419524804e-06, 1.02335877727e-06, 1.30746923332e-06, 9.26137261104e-07, 4.93275024382e-07, 4.95555696034e-07],
        "dvar": [0.000124723184854, 1.72159034264e-05, 3.30939701598e-06, 7.80810069045e-07, 2.96009204703e-07, 6.27122346941e-07, 2.31847209875e-07, 5.30669765908e-08, 6.07777224104e-08, 8.21758092684e-08, 4.87796860682e-08, 3.4753600886e-08, 7.40685024425e-09, 2.37759789634e-09, 2.94244539845e-09, 1.83292181433e-09, 1.68336133921e-09, 7.06056713096e-10, 5.11147735249e-10, 3.70708241881e-10, 3.32064098441e-10, 9.9963252953e-11, 2.39844311078e-10, 1.95208141318e-10, 3.93428276069e-11, 2.96518781751e-11, 2.74017492724e-11, 3.16966869418e-11, 1.18300855223e-11, 6.32248940702e-12, 8.15510853291e-12, 7.99614974928e-12, 6.7149922775e-12, 8.63487406577e-12, 4.73696290526e-11, 4.59973422198e-12, 3.95396259137e-12, 3.4401858532e-12, 7.6214045925e-13, 6.54270583024e-13],
        "dvar2": [0.000335353804985, 4.56478919659e-05, 8.87398346094e-06, 2.04361799661e-06, 6.36506968021e-07, 1.35516495448e-06, 6.16296574663e-07, 1.16583116494e-07, 1.28279523892e-07, 1.77440853122e-07, 9.89786528294e-08, 6.77918734482e-08, 1.17809815237e-08, 4.46772174811e-09, 5.25831600484e-09, 3.56867868589e-09, 4.64384442012e-09, 1.64844771167e-09, 1.23235599503e-09, 7.85962350758e-10, 6.7471844778e-10, 2.29047988909e-10, 5.37791089439e-10, 4.29443980376e-10, 8.49987302765e-11, 7.71326336135e-11, 7.41814873417e-11, 8.85496606595e-11, 3.18868334515e-11, 1.72742029014e-11, 2.21259035399e-11, 2.05384303315e-11, 1.61787753333e-11, 1.96832255356e-11, 1.16483170332e-10, 9.82891459195e-12, 8.30145240743e-12, 6.38267260225e-12, 1.72561422616e-12, 1.52972751653e-12],
        "max": [0.144228368998, 0.0630611032248, 0.0243037287146, 0.0159704405814, 0.0171056631953, 0.018107810989, 0.0105864787474, 0.0087071293965, 0.00801873393357, 0.00724922725931, 0.00734379468486, 0.0059777200222, 0.00340656423941, 0.00234330212697, 0.00205200724304, 0.00233869696967, 0.00218747812323, 0.000713786866982, 0.000626140914392, 0.000525087874848, 0.000570005504414, 0.000355233205482, 0.000402790523367, 0.000404906575568, 0.000187106532394, 0.00012329807214, 0.000157088084961, 0.000105911349237, 0.000100663113699, 6.18319973e-05, 9.12350078579e-05, 6.83288017171e-05, 7.82899878686e-05, 0.00013186907745, 0.000590823008679, 7.93032668298e-05, 6.53984025121e-05, 8.50126380101e-05, 2.69255360763e-05, 2.44273178396e-05],
        "mean": [0.00711532775313, 0.00434350408614, 0.00138556468301, 0.000990158412606, 0.000709114421625, 0.000739450682886, 0.000281189422822, 0.000187233643373, 0.000247686344665, 0.000203358082217, 0.000148296603584, 0.00014337405446, 8.43414309202e-05, 5.07882032252e-05, 3.15710349241e-05, 2.09866157093e-05, 1.86446668522e-05, 1.96040855371e-05, 1.83821703104e-05, 1.38996865644e-05, 9.54474307946e-06, 8.19482374936e-06, 1.14289387056e-05, 1.0597520486e-05, 5.09164328832e-06, 2.80685389953e-06, 2.6481545774e-06, 2.32151933233e-06, 1.63733466252e-06, 1.21996663438e-06, 1.18837760965e-06, 1.33310277306e-06, 1.59746173267e-06, 1.48494984842e-06, 1.21187338209e-06, 1.0445545513e-06, 1.14024339837e-06, 7.69217933794e-07, 4.62912225885e-07, 4.03640484592e-07],
        "median": [0.00504558114335, 0.00384759553708, 0.000801248359494, 0.00052023056196, 0.000347584311385, 0.000186114222743, 6.53251045151e-05, 5.61565429962e-05, 5.89037845202e-05, 4.16092661908e-05, 2.75225083897e-05, 2.39247383433e-05, 2.19241574086e-05, 2.30728346651e-05, 5.94223865846e-06, 4.3488744268e-06, 6.08722257311e-06, 7.59852810006e-06, 1.02550238807e-05, 6.07652509643e-06, 3.92779429603e-06, 3.28984765474e-06, 3.07152913592e-06, 2.60631941273e-06, 1.3140303281e-06, 7.27494921193e-07, 7.45325621665e-07, 5.36306913546e-07, 4.06539840014e-07, 3.42490352523e-07, 3.34981280048e-07, 3.33606578806e-07, 4.35417092604e-07, 4.35831083223e-07, 2.64232937752e-07, 3.41368604495e-07, 4.04711755664e-07, 2.24506834456e-07, 1.36398384143e-07, 1.28927823084e-07],
        "min": [3.64092321588e-24, 6.93621097045e-24, 9.01956658873e-24, 1.56594175054e-23, 1.65915907713e-23, 3.8377164016e-24, 6.75532753147e-24, 5.31842449235e-24, 3.76216245955e-24, 7.93989289966e-24, 8.60190181588e-24, 1.51712971986e-23, 1.27254521057e-23, 4.28181274795e-24, 5.39607601556e-24, 6.51643638911e-24, 2.53673733079e-23, 1.15180878685e-23, 8.79291896205e-24, 1.18252056184e-23, 1.09044968681e-23, 1.20131959053e-23, 8.39605092924e-24, 1.04833973948e-23, 1.18000417444e-23, 6.529832825e-24, 1.21436048681e-23, 1.18743603303e-23, 1.39501531391e-23, 1.11434570358e-23, 1.13528222977e-23, 6.73184077573e-24, 1.08091977376e-23, 1.44377291319e-23, 1.04542119079e-23, 7.22406947021e-24, 7.95876403023e-24, 8.55970327947e-24, 1.00866169256e-23, 1.17914194947e-23],
        "var": [0.000121842604131, 2.32146285271e-05, 3.83512951885e-06, 2.09031736631e-06, 1.19706089663e-06, 2.45311298386e-06, 4.11347883755e-07, 2.50314457162e-07, 3.39746520694e-07, 2.85565079139e-07, 2.51427053399e-07, 1.7829907506e-07, 5.30780610575e-08, 9.72719504944e-09, 1.34111601824e-08, 6.46518305558e-09, 3.27613314255e-09, 2.02277017358e-09, 9.76548064635e-10, 1.05637887327e-09, 7.96250010371e-10, 2.85356210883e-10, 6.22954576812e-10, 4.95523122535e-10, 1.19668164267e-10, 3.91205123851e-11, 3.3606020744e-11, 3.28244376124e-11, 1.5806023157e-11, 7.26412549903e-12, 8.65977168446e-12, 1.03996308093e-11, 1.16314570822e-11, 1.52943716719e-11, 4.97061662663e-11, 9.6030145641e-12, 7.90998343214e-12, 6.84056804257e-12, 1.41535058413e-12, 1.00127848721e-12]
    },
    "mfcc": {
        "mean": [-689.520629883, 160.760925293, 17.7057952881, 17.2495098114, 18.5179920197, 6.3848233223, -2.05116033554, 11.2625989914, 3.90488147736, 2.29925966263, -3.8208065033, -3.76125025749, -1.27656185627],
        "cov": [[11242.3808594, -2871.75024414, 895.16204834, 1315.03198242, -217.809890747, 393.968353271, 501.301727295, 713.021362305, -7.10305929184, 272.629211426, 418.820892334, 438.254516602, 220.644317627], [-2871.75024414, 2242.78613281, -660.396789551, -512.766967773, 137.722106934, -177.743743896, -142.077468872, -173.951934814, -3.69882130623, -107.425094604, -101.008377075, -158.207321167, -71.32447052], [895.16204834, -660.396789551, 758.378417969, 145.023681641, 25.4829444885, 142.204879761, 54.9290237427, 37.4622535706, 47.5179672241, 61.1536827087, -2.50177621841, 82.3620223999, 53.9095611572], [1315.03198242, -512.766967773, 145.023681641, 453.552459717, 26.5369148254, 71.6563034058, 76.2496414185, 56.9228172302, 39.7591934204, 61.826965332, 35.5413665771, 83.4924545288, 70.405708313], [-217.809890747, 137.722106934, 25.4829444885, 26.5369148254, 163.2525177, 17.8682537079, 1.03154993057, 0.486244380474, 34.0791740417, 15.8777132034, -12.7641592026, 11.2482013702, 3.42993092537], [393.968353271, -177.743743896, 142.204879761, 71.6563034058, 17.8682537079, 182.833877563, 104.592086792, 73.4694976807, 29.8273296356, 47.9058113098, 52.1297683716, 32.327835083, 4.09904623032], [501.301727295, -142.077468872, 54.9290237427, 76.2496414185, 1.03154993057, 104.592086792, 191.339080811, 80.5806884766, 20.6070594788, 38.7776184082, 49.5035095215, 47.2939987183, 11.6298065186], [713.021362305, -173.951934814, 37.4622535706, 56.9228172302, 0.486244380474, 73.4694976807, 80.5806884766, 183.459228516, 11.034163475, 35.6320991516, 82.2343597412, 30.2203826904, -3.82807064056], [-7.10305929184, -3.69882130623, 47.5179672241, 39.7591934204, 34.0791740417, 29.8273296356, 20.6070594788, 11.034163475, 80.4093704224, 36.0221557617, -4.4860701561, 15.7331962585, 7.22413063049], [272.629211426, -107.425094604, 61.1536827087, 61.826965332, 15.8777132034, 47.9058113098, 38.7776184082, 35.6320991516, 36.0221557617, 84.8803100586, 36.4242668152, 23.9986286163, 13.1660013199], [418.820892334, -101.008377075, -2.50177621841, 35.5413665771, -12.7641592026, 52.1297683716, 49.5035095215, 82.2343597412, -4.4860701561, 36.4242668152, 111.008270264, 30.9369564056, -10.2258110046], [438.254516602, -158.207321167, 82.3620223999, 83.4924545288, 11.2482013702, 32.327835083, 47.2939987183, 30.2203826904, 15.7331962585, 23.9986286163, 30.9369564056, 83.0382843018, 37.5644683838], [220.644317627, -71.32447052, 53.9095611572, 70.405708313, 3.42993092537, 4.09904623032, 11.6298065186, -3.82807064056, 7.22413063049, 13.1660013199, -10.2258110046, 37.5644683838, 85.9068984985]],
