{
"lowlevel": {
    "average_loudness": 0.45317235589,
    "barkbands_crest": {
        "dmean": 2.09803009033,
        "dmean2": 3.41524910927,
        "dvar": 4.26164102554,
        "dvar2": 11.7172708511,
        "max": 25.8026428223,
        "mean": 14.1519536972,
        "median": 13.0371437073,
        "min": 3.94073700905,
        "var": 30.2017669678
    },
    "barkbands_flatness_db": {
        "dmean": 0.0224117189646,
        "dmean2": 0.0349415950477,
        "dvar": 0.00038807981764,
        "dvar2": 0.000974803988356,
        "max": 0.667293548584,
        "mean": 0.403454601765,
        "median": 0.397677570581,
        "min": 0.0546329244971,
        "var": 0.00474298326299
    },
    "barkbands_kurtosis": {
        "dmean": 3.49933600426,
        "dmean2": 5.4621720314,
        "dvar": 53.0166473389,
        "dvar2": 124.451057434,
        "max": 247.087722778,
        "mean": 6.77952861786,
        "median": 2.08294153214,
        "min": -1.91646325588,
        "var": 213.607955933
    },
    "barkbands_skewness": {
        "dmean": 0.5310151577,
        "dmean2": 0.810013175011,
        "dvar": 0.294776767492,
        "dvar2": 0.714421451092,
        "max": 12.0316038132,
        "mean": 1.59262216091,
        "median": 1.26765978336,
        "min": -5.78661584854,
        "var": 3.0543384552
    },
    "barkbands_spread": {
        "dmean": 1.24096798897,
        "dmean2": 1.88006329536,
        "dvar": 2.00950026512,
        "dvar2": 4.57293081284,
        "max": 35.9876747131,
        "mean": 5.3732585907,
        "median": 4.65153741837,
        "min": 0.126385807991,
        "var": 13.648897171
    },
    "dissonance": {
        "dmean": 0.0527160316706,
        "dmean2": 0.0884900093079,
        "dvar": 0.00200251070783,
        "dvar2": 0.00544611597434,
        "max": 0.500000298023,
        "mean": 0.36145016551,
        "median": 0.369379729033,
        "min": 0.0814606919885,
        "var": 0.00572056416422
    },
    "dynamic_complexity": 3.89673185349,
    "erbbands_crest": {
        "dmean": 2.90428853035,
        "dmean2": 4.34395837784,
        "dvar": 7.36610555649,
        "dvar2": 15.4005184174,
        "max": 33.7320251465,
        "mean": 15.5141372681,
        "median": 14.1521778107,
        "min": 2.67628884315,
        "var": 40.0628128052
    },
    "erbbands_flatness_db": {
        "dmean": 0.0189710315317,
        "dmean2": 0.0264599621296,
        "dvar": 0.000282315333607,
        "dvar2": 0.000537799031008,
        "max": 0.57608705759,
        "mean": 0.362859576941,
        "median": 0.362217903137,
        "min": 0.0788718834519,
        "var": 0.00313635822386
    },
    "erbbands_kurtosis": {
        "dmean": 1.82061243057,
        "dmean2": 2.67734885216,
        "dvar": 8.99704837799,
        "dvar2": 16.81665802,
        "max": 79.9979095459,
        "mean": 3.24007916451,
        "median": 1.1607093811,
        "min": -1.80980086327,
        "var": 50.2406959534
    },
    "erbbands_skewness": {
        "dmean": 0.439119279385,
        "dmean2": 0.641142725945,
        "dvar": 0.180750414729,
        "dvar2": 0.395252078772,
        "max": 4.8900680542,
        "mean": -0.109051518142,
        "median": -0.0585482120514,
        "min": -6.31090259552,
        "var": 1.03217792511
    },
    "erbbands_spread": {
        "dmean": 2.64095664024,
        "dmean2": 3.96717619896,
        "dvar": 8.94102668762,
        "dvar2": 20.1552429199,
        "max": 52.525718689,
        "mean": 11.5707426071,
        "median": 10.2084388733,
        "min": 0.326876997948,
        "var": 50.5964660645
    },
    "hfc": {
        "dmean": 2.34620380402,
        "dmean2": 3.21939373016,
        "dvar": 14.3551301956,
        "dvar2": 26.445306778,
        "max": 156.446762085,
        "mean": 10.217915535,
        "median": 7.27102947235,
        "min": 1.06364163883e-16,
        "var": 122.002059937
    },
    "melbands_crest": {
        "dmean": 2.52773952484,
        "dmean2": 4.0272769928,
        "dvar": 5.90922546387,
        "dvar2": 15.5181102753,
        "max": 35.4716110229,
        "mean": 19.670715332,
        "median": 18.0433654785,
        "min": 1.70692169666,
        "var": 64.5695037842
    },
    "melbands_flatness_db": {
        "dmean": 0.024390777573,
        "dmean2": 0.0369369313121,
        "dvar": 0.000488397548907,
        "dvar2": 0.00117199344095,
        "max": 0.844812452793,
        "mean": 0.530963361263,
        "median": 0.525067090988,
        "min": 0.0035425175447,
        "var": 0.00811001099646
    },
    "melbands_kurtosis": {
        "dmean": 4.91120290756,
        "dmean2": 7.61749744415,
        "dvar": 92.2337112427,
        "dvar2": 213.688247681,
        "max": 320.529846191,
        "mean": 10.8978996277,
        "median": 3.75809383392,
        "min": -1.91016566753,
        "var": 430.600952148
    },
    "melbands_skewness": {
        "dmean": 0.592208385468,
        "dmean2": 0.900912880898,
        "dvar": 0.352897465229,
        "dvar2": 0.840450227261,
        "max": 12.9985208511,
        "mean": 2.19097423553,
        "median": 1.78284859657,
        "min": -4.9606385231,
        "var": 4.04479837418
    },
    "melbands_spread": {
        "dmean": 1.74625122547,
        "dmean2": 2.66512274742,
        "dvar": 6.34462213516,
        "dvar2": 14.8434963226,
        "max": 157.233581543,
        "mean": 7.59383106232,
        "median": 5.84435653687,
        "min": 0.158384367824,
        "var": 130.15612793
    },
    "pitch_salience": {
        "dmean": 0.0587977841496,
        "dmean2": 0.0940671265125,
        "dvar": 0.00273273861967,
        "dvar2": 0.00710880802944,
        "max": 0.909905135632,
        "mean": 0.42777299881,
        "median": 0.441396445036,
        "min": 0.0372348986566,
        "var": 0.0216336809099
    },
    "silence_rate_20dB": {
        "dmean": 0.000330087466864,
        "dmean2": 0.000660229416098,
        "dvar": 0.000329943053657,
        "dvar2": 0.000824709015433,
        "max": 1,
        "mean": 0.999587416649,
        "median": 1,
        "min": 0,
        "var": 0.000412365101511
    },
    "silence_rate_30dB": {
        "dmean": 0.02937778458,
        "dmean2": 0.058760419488,
        "dvar": 0.0285149943084,
        "dvar2": 0.0713261142373,
        "max": 1,
        "mean": 0.840663433075,
        "median": 1,
        "min": 0,
        "var": 0.133948296309
    },
    "silence_rate_60dB": {
        "dmean": 0.00709688058123,
        "dmean2": 0.0141949327663,
        "dvar": 0.00704707158729,
        "dvar2": 0.0171275362372,
        "max": 1,
        "mean": 0.0461259186268,
        "median": 0,
        "min": 0,
        "var": 0.0439944379032
    },
    "spectral_centroid": {
        "dmean": 51.1481056213,
        "dmean2": 76.7286148071,
        "dvar": 9584.22949219,
        "dvar2": 17735.25,
        "max": 11848.2744141,
        "mean": 501.880859375,
        "median": 410.655548096,
        "min": 99.6775817871,
        "var": 795202.1875
    },
    "spectral_complexity": {
        "dmean": 1.25433242321,
        "dmean2": 2.11884140968,
        "dvar": 1.27336299419,
        "dvar2": 3.24855661392,
        "max": 19,
        "mean": 8.15752124786,
        "median": 8,
        "min": 0,
        "var": 7.29820919037
    },
    "spectral_decrease": {
        "dmean": 2.87225532247e-09,
        "dmean2": 4.53711823667e-09,
        "dvar": 2.06884687168e-17,
        "dvar2": 6.35567069156e-17,
        "max": 1.86777251749e-28,
        "mean": -1.38092071111e-08,
        "median": -8.68789040709e-09,
        "min": -9.74170291101e-08,
        "var": 2.06519549793e-16
    },
    "spectral_energy": {
        "dmean": 0.0110118733719,
        "dmean2": 0.0173623152077,
        "dvar": 0.000300994201098,
        "dvar2": 0.000920307938941,
        "max": 0.381864547729,
        "mean": 0.0530458800495,
        "median": 0.0336503833532,
        "min": 9.95615103225e-21,
        "var": 0.00301080080681
    },
    "spectral_energyband_high": {
        "dmean": 1.83615327387e-07,
        "dmean2": 2.53713892562e-07,
        "dvar": 4.31795847992e-13,
        "dvar2": 8.22828730065e-13,
        "max": 1.8138296582e-05,
        "mean": 3.68306842802e-07,
        "median": 1.15251381771e-07,
        "min": 7.00861570404e-21,
        "var": 9.15421384529e-13
    },
    "spectral_energyband_low": {
        "dmean": 0.00883769057691,
        "dmean2": 0.0145038347691,
        "dvar": 0.000271006574621,
        "dvar2": 0.000869554525707,
        "max": 0.32141199708,
        "mean": 0.0366856344044,
        "median": 0.0156345758587,
        "min": 1.64957015728e-23,
        "var": 0.00247383443639
    },
    "spectral_energyband_middle_high": {
        "dmean": 0.000557343882974,
        "dmean2": 0.000750105187763,
        "dvar": 1.34761160098e-06,
        "dvar2": 2.42006467488e-06,
        "max": 0.0443216487765,
        "mean": 0.00135578145273,
        "median": 0.000583704095334,
        "min": 1.2449408502e-21,
        "var": 4.45887189926e-06
    },
    "spectral_energyband_middle_low": {
        "dmean": 0.00476735131815,
        "dmean2": 0.00672304490581,
        "dvar": 5.29924291186e-05,
        "dvar2": 0.000105290768261,
        "max": 0.254242241383,
        "mean": 0.0172411240637,
        "median": 0.0108232898638,
        "min": 1.61257734555e-22,
        "var": 0.000428272993304
    },
    "spectral_entropy": {
        "dmean": 0.144993960857,
        "dmean2": 0.206298425794,
        "dvar": 0.0173417404294,
        "dvar2": 0.0332900583744,
        "max": 9.82169055939,
        "mean": 5.64113759995,
        "median": 5.59164905548,
        "min": 3.98804450035,
        "var": 0.305451542139
    },
    "spectral_flux": {
        "dmean": 0.0182217210531,
        "dmean2": 0.0301767569035,
        "dvar": 0.000420863536419,
        "dvar2": 0.00104305229615,
        "max": 0.309841543436,
        "mean": 0.0611866079271,
        "median": 0.0551504045725,
        "min": 6.4285625434e-11,
        "var": 0.00126949779224
    },
    "spectral_kurtosis": {
        "dmean": 35.5605545044,
        "dmean2": 59.5344848633,
        "dvar": 1087.47106934,
        "dvar2": 2986.95263672,
        "max": 502.424713135,
        "mean": 121.472480774,
        "median": 116.007759094,
        "min": -1.27483415604,
        "var": 4684.28466797
    },
    "spectral_rms": {
        "dmean": 0.0007237935788,
        "dmean2": 0.00112230074592,
        "dvar": 6.88807062943e-07,
        "dvar2": 2.03663375942e-06,
        "max": 0.0193015746772,
        "mean": 0.00630520517007,
        "median": 0.0057297158055,
        "min": 3.11661959261e-12,
        "var": 1.19963369798e-05
    },
    "spectral_rolloff": {
        "dmean": 81.6129684448,
        "dmean2": 142.804351807,
        "dvar": 45384.9960938,
        "dvar2": 95948.15625,
        "max": 19422.9492188,
        "mean": 552.953186035,
        "median": 409.130859375,
        "min": 64.599609375,
        "var": 2403387.75
    },
    "spectral_skewness": {
        "dmean": 1.64609849453,
        "dmean2": 2.8130774498,
        "dvar": 1.95687603951,
        "dvar2": 5.41068840027,
        "max": 16.9193115234,
        "mean": 7.88079357147,
        "median": 7.9160618782,
        "min": -0.073380663991,
        "var": 8.37385463715
    },
    "spectral_spread": {
        "dmean": 265025.4375,
        "dmean2": 463039.125,
        "dvar": 133999476736,
        "dvar2": 289083293696,
        "max": 42890076,
        "mean": 1158831.25,
        "median": 829213.625,
        "min": 204789.453125,
        "var": 1.09635457516e+13
    },
    "spectral_strongpeak": {
        "dmean": 0.318683981895,
        "dmean2": 0.51908570528,
        "dvar": 0.416526675224,
        "dvar2": 0.92325258255,
        "max": 11.7846097946,
        "mean": 0.961524546146,
        "median": 0.555970132351,
        "min": 0,
        "var": 1.46771633625
    },
    "zerocrossingrate": {
        "dmean": 0.00215850281529,
        "dmean2": 0.00284337089397,
        "dvar": 2.48683409154e-05,
        "dvar2": 5.03949959239e-05,
        "max": 0.52783203125,
        "mean": 0.0181243848056,
        "median": 0.01416015625,
        "min": 0.001953125,
        "var": 0.00170109968167
    },
    "barkbands": {
        "dmean": [0.000243660644628, 0.00734685780481, 0.00174707581755, 0.00192856194917, 0.00134458695538, 0.000915654352866, 0.000984067562968, 0.00154833355919, 0.00040263205301, 0.000411292072386, 0.000128160216263, 0.000237503307289, 9.78597745416e-06, 2.68658241112e-05, 1.43188799484e-05, 1.58605726028e-05, 3.63256935998e-06, 1.47306514009e-06, 4.92337619562e-07, 1.69952897977e-07, 7.16023151881e-08, 2.67096620377e-08, 1.64565356897e-08, 1.55653658851e-08, 5.9632410121e-09, 2.41771291876e-09, 2.39260966595e-09],
        "dmean2": [0.000288290379103, 0.0122894151136, 0.0027362848632, 0.00309907807969, 0.00216191657819, 0.00121239374857, 0.0014572897926, 0.00201984844171, 0.000528863980435, 0.000512687140144, 0.00018376596563, 0.000341036386089, 1.46270149344e-05, 3.69310400856e-05, 2.18487548409e-05, 2.26398769883e-05, 5.46614546693e-06, 2.19437924898e-06, 7.05443198967e-07, 2.41589390271e-07, 1.04595450523e-07, 3.88820069475e-08, 2.46324187714e-08, 2.2066277694e-08, 9.17261733235e-09, 4.19095513848e-09, 4.22576595938e-09],
        "dvar": [1.79384002763e-07, 0.000249546545092, 8.74856505106e-06, 1.07397145257e-05, 5.98886617809e-06, 2.02070691557e-06, 5.87281783737e-06, 2.75263773801e-05, 1.86836393823e-06, 1.48356616592e-06, 1.53073386855e-07, 8.61337127844e-07, 9.39542887934e-10, 1.24799068857e-08, 2.37779884671e-09, 9.20938791893e-09, 1.48001874645e-10, 3.82011054734e-11, 2.73734984332e-12, 4.810195753e-13, 7.67494656153e-14, 1.26446840195e-14, 1.29900362927e-14, 2.1781668232e-15, 4.39462636483e-16, 1.71827237561e-16, 1.32061370028e-16],
        "dvar2": [3.00118756513e-07, 0.000819970329758, 1.99919686565e-05, 2.6125315344e-05, 1.50596897583e-05, 3.13577447741e-06, 1.13474834507e-05, 4.72476021969e-05, 3.46604178958e-06, 2.02476007871e-06, 2.89044237434e-07, 1.68449560078e-06, 1.76817405162e-09, 2.58673011899e-08, 5.03134200969e-09, 1.2752181533e-08, 3.2437508235e-10, 8.39378982986e-11, 5.38684765197e-12, 9.64053056135e-13, 1.49939522603e-13, 2.70861570071e-14, 3.45148815941e-14, 5.115888419e-15, 1.06182462081e-15, 3.70699337154e-16, 2.82092464622e-16],
        "max": [0.0218171458691, 0.301569402218, 0.0881464481354, 0.0840732455254, 0.145074173808, 0.0471137091517, 0.146790206432, 0.24234418571, 0.0511960685253, 0.0324557237327, 0.0123361619189, 0.0433372743428, 0.00169195490889, 0.00653520133346, 0.00241578929126, 0.00586605910212, 0.000331028422806, 0.000232350445003, 3.48753274011e-05, 1.97253575607e-05, 5.91894468016e-06, 3.95376127926e-06, 6.1752430156e-06, 2.11002884498e-06, 1.00108525203e-06, 1.09077575416e-06, 9.15956150038e-07],
        "mean": [0.00228635617532, 0.0288443211466, 0.00363194267265, 0.00333489268087, 0.00294150575064, 0.00249231909402, 0.00242080725729, 0.00433497643098, 0.00104520318564, 0.000866441405378, 0.00028436226421, 0.000415267830249, 2.37010444835e-05, 5.98084880039e-05, 2.8143685995e-05, 2.67287123279e-05, 5.6296130424e-06, 2.14350075112e-06, 8.24233552521e-07, 2.81843483663e-07, 1.22029746308e-07, 4.97506817965e-08, 3.07674312694e-08, 3.14017967185e-08, 1.15194165318e-08, 2.99537372683e-09, 2.31232233361e-09],
        "median": [0.00029426018591, 0.00897785555571, 0.00132652849425, 0.00137741421349, 0.00121135800146, 0.00114162475802, 0.000911396055017, 0.000804891984444, 0.000114939466584, 0.000122065001051, 5.04416093463e-05, 3.35026306857e-05, 8.48952549859e-06, 1.81021387107e-05, 6.95367725712e-06, 4.78467973153e-06, 1.05048809473e-06, 3.35501084692e-07, 1.67784989458e-07, 4.27398347824e-08, 2.38854873658e-08, 1.51039749596e-08, 1.21383978424e-08, 1.61302828872e-08, 6.18872020297e-09, 1.54796453433e-09, 8.28623114568e-10],
        "min": [5.894228661e-25, 3.89779082194e-25, 9.14380015117e-25, 3.12555269511e-25, 1.20393135121e-23, 5.25941178019e-24, 7.32691326642e-24, 9.83045564587e-24, 1.03742671661e-23, 1.21345944989e-23, 5.15276409669e-24, 1.86235623568e-23, 3.59924225112e-23, 2.44848982791e-23, 5.03930310044e-23, 3.36363411119e-23, 6.48561172812e-23, 1.06154096386e-22, 1.2534303062e-22, 1.52834315674e-22, 2.77670178152e-22, 3.36913783596e-22, 3.51013138731e-22, 5.4254253331e-22, 8.43521216183e-22, 1.3616972119e-21, 1.9939762199e-21],
        "var": [1.51995791384e-05, 0.00197542482056, 4.91236787639e-05, 4.28946368629e-05, 3.39643229381e-05, 1.49748811964e-05, 3.54100920958e-05, 0.000197467204998, 1.00449715319e-05, 5.6794297052e-06, 5.56262534701e-07, 2.02692694984e-06, 4.34411795425e-09, 3.48297355401e-08, 8.11141109835e-09, 2.41149713531e-08, 2.41844960724e-10, 5.21301578293e-11, 5.24546985708e-12, 8.7312172466e-13, 1.47102992222e-13, 2.17117261805e-14, 1.25738161609e-14, 3.22760104606e-15, 5.21007689455e-16, 1.66245184559e-16, 1.28478619184e-16]
    },
    "erbbands": {
        "dmean": [0.285250425339, 1.395642519, 1.66331195831, 4.82960891724, 4.84555912018, 4.50220727921, 4.08449411392, 7.98270606995, 17.334394455, 10.1837015152, 40.0876579285, 11.5242185593, 16.8701152802, 6.29777431488, 6.22909355164, 8.09375190735, 0.764888882637, 1.36692297459, 0.75116032362, 0.621353447437, 0.948249697685, 0.23010545969, 0.0985030829906, 0.0371448360384, 0.0176172163337, 0.00810135342181, 0.00425897585228, 0.00187150097918, 0.000996919930913, 0.000684279133566, 0.000433972891187, 0.000347844645148, 0.000227332100621, 9.93039648165e-05, 2.93333814625e-05, 1.22497403936e-05, 5.48135494682e-06, 1.58901582381e-06, 4.96793018101e-06, 1.20046697702e-05],
        "dmean2": [0.462466001511, 2.36763715744, 2.62489485741, 7.59383106232, 8.06528186798, 7.19560480118, 6.05387449265, 10.582947731, 24.2731151581, 15.1810417175, 51.3406181335, 14.3753700256, 20.8615226746, 8.60677528381, 9.22011566162, 11.3608694077, 1.07731127739, 1.88340079784, 1.12815213203, 0.924330770969, 1.3310803175, 0.326791971922, 0.145350769162, 0.0531952828169, 0.0249232724309, 0.0115656051785, 0.00616559293121, 0.00267422012985, 0.00142220407724, 0.00100213254336, 0.000642493192572, 0.000501601258293, 0.000326743465848, 0.000147567538079, 4.64904587716e-05, 2.01951879717e-05, 9.17864326766e-06, 2.72490092357e-06, 7.78240701038e-06, 1.8884678866e-05],
        "dvar": [0.407598763704, 8.43923377991, 7.29882717133, 63.573299408, 73.0877380371, 82.3993911743, 106.62286377, 161.514602661, 1090.61779785, 951.226867676, 19747.7617188, 985.602600098, 2613.65185547, 276.192840576, 459.98135376, 733.059936523, 3.86364841461, 36.486366272, 4.6269993782, 4.77634382248, 42.460521698, 0.707398355007, 0.173536732793, 0.0191418901086, 0.00324415531941, 0.00108200928662, 0.000261332199443, 5.50361837668e-05, 1.50614050654e-05, 2.01847615244e-05, 7.92825630924e-06, 1.76130242835e-06, 3.52626500444e-07, 1.01516953066e-07, 1.19386589503e-08, 3.20609117033e-09, 5.46757805697e-10, 7.1292798054e-11, 6.13649131509e-11, 3.53616524951e-10],
        "dvar2": [1.32808303833, 27.527961731, 17.4114246368, 143.460830688, 203.161315918, 200.669631958, 175.321777344, 255.661575317, 2155.12866211, 1925.54943848, 32284.7832031, 1553.64941406, 3928.84765625, 488.238250732, 957.615905762, 1364.90637207, 7.29770278931, 75.8205490112, 8.88727092743, 9.68741226196, 58.8529663086, 1.27281975746, 0.381677895784, 0.0383069515228, 0.00614704471081, 0.00221145455725, 0.000517601030879, 0.000107269726868, 3.05351750285e-05, 5.01484064444e-05, 2.07441553357e-05, 4.36557093053e-06, 8.07234528111e-07, 2.45175385771e-07, 2.69371209782e-08, 7.06852532062e-09, 1.16721543542e-09, 1.53486195975e-10, 1.81913054065e-10, 1.07500319757e-09],
        "max": [14.4113855362, 46.3985137939, 65.9601898193, 262.464782715, 246.90145874, 387.947540283, 1104.23266602, 423.551422119, 1331.07568359, 1756.06433105, 6672.98583984, 1302.3314209, 1257.63049316, 447.069946289, 818.843566895, 1042.23657227, 80.2015151978, 372.826416016, 184.425201416, 151.805236816, 400.162994385, 34.9435539246, 15.2277574539, 3.32015347481, 1.24364304543, 1.03416740894, 0.34143871069, 0.186491340399, 0.104193888605, 0.247425213456, 0.147705063224, 0.0659434273839, 0.0252512283623, 0.0153908133507, 0.00787898059934, 0.00477258348837, 0.00188385834917, 0.000700443284586, 0.000186186924111, 0.000427073304309],
        "mean": [1.46905529499, 3.89851045609, 3.84919834137, 9.03834342957, 9.03598976135, 9.08860874176, 11.5035562515, 21.2029590607, 43.6962013245, 27.4965648651, 114.188041687, 34.0503501892, 37.6878395081, 15.2313699722, 12.0871400833, 14.5701055527, 1.89939129353, 3.06303048134, 1.78765237331, 1.2409683466, 1.58882761002, 0.376969158649, 0.152125865221, 0.0600443072617, 0.0305645391345, 0.0138175906613, 0.0072717089206, 0.00328141800128, 0.00187311158516, 0.00129078479949, 0.000833339581732, 0.000697485171258, 0.000495468208101, 0.000220995891141, 8.0052872363e-05, 3.84411396226e-05, 1.89135025721e-05, 3.10923655888e-06, 2.42158112087e-05, 5.7983717852e-05],
        "median": [0.319520413876, 1.46647953987, 1.73901772499, 3.86652588844, 4.33491849899, 3.30580639839, 3.74019432068, 9.34173488617, 17.5880527496, 10.2334032059, 18.9770011902, 5.50214958191, 4.75965642929, 3.967918396, 2.85194396973, 1.64486348629, 0.680703997612, 1.05190551281, 0.676981151104, 0.379587084055, 0.272679656744, 0.0783448666334, 0.0274919979274, 0.0100753456354, 0.00645592948422, 0.00236029480584, 0.0014402923407, 0.00064551550895, 0.000576168647967, 0.000445154029876, 0.000341695616953, 0.000349199777702, 0.000274156132946, 0.000128326442791, 5.60584157938e-05, 2.63774873019e-05, 1.23574545796e-05, 1.96793712348e-06, 1.5547258954e-05, 3.69499102817e-05],
        "min": [2.69636948808e-23, 5.89006011487e-22, 1.19000099217e-21, 6.36674980199e-21, 2.00156495579e-20, 3.24698892712e-20, 3.04913992618e-20, 4.14362912356e-20, 1.25483130903e-19, 1.1658896184e-19, 2.99337612679e-19, 2.37473239956e-19, 4.06327944842e-19, 5.95418770384e-19, 4.53435699781e-19, 1.24210371359e-18, 1.88898294085e-18, 2.41892281772e-18, 2.88353755329e-18, 3.17449440465e-18, 3.64552475304e-18, 4.41634665533e-18, 5.53800976981e-18, 6.83008491177e-18, 6.82353115978e-18, 7.40889875514e-18, 8.53204707241e-18, 1.09510904517e-17, 1.05961298801e-17, 1.06156463794e-17, 1.00617852664e-17, 9.72011252415e-18, 9.28760873316e-18, 8.21053354884e-18, 6.54243574889e-18, 4.3577764777e-18, 2.32302590815e-18, 1.03357189476e-18, 2.4788478138e-19, 2.71260310955e-20],
        "var": [5.84523963928, 31.019701004, 39.1305580139, 357.427062988, 275.508575439, 337.277893066, 1442.93823242, 1142.83154297, 5536.30810547, 5569.20556641, 147378.703125, 6744.92138672, 10187.8789062, 1072.51879883, 1096.2331543, 1831.83166504, 16.0372543335, 84.0947036743, 24.5892658234, 16.8829917908, 110.139175415, 1.47536623478, 0.243028119206, 0.0330348610878, 0.0066929589957, 0.00195662118495, 0.000503122515511, 0.000104491075035, 2.83071676677e-05, 2.37155200011e-05, 7.92433729657e-06, 2.17635215449e-06, 6.00571524956e-07, 1.36327017231e-07, 1.54437138633e-08, 4.00799216038e-09, 8.19720180623e-10, 7.33059446478e-11, 6.10129169409e-10, 3.54989104778e-09]
    },
    "gfcc": {
        "mean": [-196.343826294, 250.166427612, -71.8125, -32.0555839539, -21.7462387085, -2.34219670296, -17.6701660156, -1.20646619797, 6.56071424484, -10.0930042267, 0.682236790657, -13.7670249939, 1.99422311783],
        "cov": [[13496.125, 1662.61560059, -1838.9354248, 399.131988525, 343.75491333, 33.4682540894, -17.1982288361, 238.148269653, 398.235839844, -197.135726929, 86.9920196533, -115.910652161, 362.575134277], [1662.61560059, 774.709594727, -20.5606155396, -280.690551758, 16.1304111481, -32.826461792, -75.9819412231, -71.7279968262, 2.14074063301, -7.71743488312, -7.04500722885, -54.4639472961, -17.7611999512], [-1838.9354248, -20.5606155396, 902.716125488, -110.923339844, -6.29614448547, 107.892555237, 103.514526367, 62.4133605957, 73.2312545776, 164.769042969, 29.3629798889, -3.68842506409, -61.3818511963], [399.131988525, -280.690551758, -110.923339844, 437.759155273, 85.0164871216, 30.97905159, 100.593009949, 83.2690048218, 39.0162124634, -7.97178220749, 45.1860084534, 57.6884765625, 71.1581497192], [343.75491333, 16.1304111481, -6.29614448547, 85.0164871216, 316.090240479, 65.0337295532, 106.595619202, 73.4926071167, 68.778137207, 25.9306964874, 34.1420783997, 81.3583221436, 79.0592956543], [33.4682540894, -32.826461792, 107.892555237, 30.97905159, 65.0337295532, 169.335540771, 82.5420379639, 45.3756713867, 23.0110549927, 19.3500843048, 52.7209129333, 34.5872116089, 22.9015159607], [-17.1982288361, -75.9819412231, 103.514526367, 100.593009949, 106.595619202, 82.5420379639, 278.159667969, 197.614929199, 100.193893433, 44.9435539246, 13.1866903305, 65.6699142456, 63.5084228516], [238.148269653, -71.7279968262, 62.4133605957, 83.2690048218, 73.4926071167, 45.3756713867, 197.614929199, 280.987457275, 206.753707886, 64.5004501343, -18.348526001, -10.8279209137, 63.9044914246], [398.235839844, 2.14074063301, 73.2312545776, 39.0162124634, 68.778137207, 23.0110549927, 100.193893433, 206.753707886, 251.112121582, 116.216590881, -8.83113288879, -52.0175666809, 41.7830276489], [-197.135726929, -7.71743488312, 164.769042969, -7.97178220749, 25.9306964874, 19.3500843048, 44.9435539246, 64.5004501343, 116.216590881, 137.825714111, 46.6442070007, -17.556974411, -14.7162313461], [86.9920196533, -7.04500722885, 29.3629798889, 45.1860084534, 34.1420783997, 52.7209129333, 13.1866903305, -18.348526001, -8.83113288879, 46.6442070007, 120.602088928, 67.0500183105, 3.12193226814], [-115.910652161, -54.4639472961, -3.68842506409, 57.6884765625, 81.3583221436, 34.5872116089, 65.6699142456, -10.8279209137, -52.0175666809, -17.556974411, 67.0500183105, 155.962905884, 66.910369873], [362.575134277, -17.7611999512, -61.3818511963, 71.1581497192, 79.0592956543, 22.9015159607, 63.5084228516, 63.9044914246, 41.7830276489, -14.7162313461, 3.12193226814, 66.910369873, 119.065864563]],
        "icov": [[0.000311632145895, -0.000841890578158, 0.000541261804756, -0.00055595341837, 8.44927635626e-05, -0.000347835215507, -1.45000349221e-05, 0.000105916449684, -0.000738875416573, 0.00051715481095, -0.000522292975802, 0.000407868239563, -0.000393878377508], [-0.000841890578158, 0.00439272029325, -0.00158598052803, 0.0031556233298, -0.000796072941739, 0.00190752977505, -0.00119853788055, 0.0016190711176, 0.000151476328028, 0.000975554692559, -0.00103192054667, 0.000901783641893, 3.51323396899e-05], [0.000541261804756, -0.00158598052803, 0.00288229249418, -0.000824281654786, 0.000440775096649, -0.00222735316493, 0.000193244908587, -0.000657677126583, 0.000298310391372, -0.00311593012884, 0.00142624822911, -0.000639654230326, 0.000311624578899], [-0.00055595341837, 0.0031556233298, -0.000824281654786, 0.00524308113381, -0.000854020472616, 0.00186289579142, -0.00193244591355, 0.0010559525108, -0.000277968763839, 0.00205470505171, -0.00306367874146, 0.00162007019389, -0.0012005349854], [8.44927635626e-05, -0.000796072941739, 0.000440775096649, -0.000854020472616, 0.00489632831886, -0.00151311198715, -0.00079079833813, 0.00132617005147, -0.00233617657796, -0.000436495349277, 0.001231739996, -0.00278796860948, -0.000588196213357], [-0.000347835215507, 0.00190752977505, -0.00222735316493, 0.00186289579142, -0.00151311198715, 0.0108710946515, -0.00412789639086, 0.00221261172555, -0.00171331199817, 0.00600329833105, -0.00814456585795, 0.00434658396989, -0.00187570927665], [-1.45000349221e-05, -0.00119853788055, 0.000193244908587, -0.00193244591355, -0.00079079833813, -0.00412789639086, 0.0143245775253, -0.0138497315347, 0.00891515612602, -0.00838463474065, 0.00672695599496, -0.00702651683241, 0.00183913297951], [0.000105916449684, 0.0016190711176, -0.000657677126583, 0.0010559525108, 0.00132617005147, 0.00221261172555, -0.0138497315347, 0.0260109342635, -0.0219631753862, 0.0133024547249, -0.00476801581681, 0.00353225064464, -0.00143889256287], [-0.000738875416573, 0.000151476328028, 0.000298310391372, -0.000277968763839, -0.00233617657796, -0.00171331199817, 0.00891515612602, -0.0219631753862, 0.0337143205106, -0.0246557667851, 0.0079729501158, 0.00330943870358, -0.00544137740508], [0.00051715481095, 0.000975554692559, -0.00311593012884, 0.00205470505171, -0.000436495349277, 0.00600329833105, -0.00838463474065, 0.0133024547249, -0.0246557667851, 0.0359825529158, -0.0192098077387, 0.00637224176899, 0.00222653639503], [-0.000522292975802, -0.00103192054667, 0.00142624822911, -0.00306367874146, 0.001231739996, -0.00814456585795, 0.00672695599496, -0.00476801581681, 0.0079729501158, -0.0192098077387, 0.0278895162046, -0.0159953180701, 0.00680773565546], [0.000407868239563, 0.000901783641893, -0.000639654230326, 0.00162007019389, -0.00278796860948, 0.00434658396989, -0.00702651683241, 0.00353225064464, 0.00330943870358, 0.00637224176899, -0.0159953180701, 0.0244952365756, -0.0132579952478], [-0.000393878377508, 3.51323396899e-05, 0.000311624578899, -0.0012005349854, -0.000588196213357, -0.00187570927665, 0.00183913297951, -0.00143889256287, -0.00544137740508, 0.00222653639503, 0.00680773565546, -0.0132579952478, 0.0204808339477]]
    },
    "melbands": {
        "dmean": [0.00227306038141, 0.00109074369539, 0.000784797477536, 0.000329024740495, 0.000147139129695, 0.000200604961719, 0.00025135447504, 0.00013152405154, 0.00030609901296, 6.50812289678e-05, 8.30345306895e-05, 2.39096589212e-05, 1.69702689163e-05, 3.20536673826e-05, 5.84791314395e-06, 1.40188569731e-06, 2.87418015432e-06, 1.20155550576e-06, 1.04851790184e-06, 7.76211379616e-07, 1.16935984806e-06, 2.03255595466e-07, 1.37398174616e-07, 6.21758289299e-08, 2.86488379686e-08, 1.61206372695e-08, 8.33308266834e-09, 4.86165241398e-09, 2.9735887086e-09, 1.86967730187e-09, 8.79731731906e-10, 6.27293106348e-10, 4.70488925597e-10, 3.78789971611e-10, 2.90183210794e-10, 1.91173119002e-10, 2.49665427221e-10, 1.94058463743e-10, 1.05806197137e-10, 8.51494222354e-11],
        "dmean2": [0.00377129507251, 0.00178572849836, 0.00124167965259, 0.000544952636119, 0.000216241998714, 0.000262481567916, 0.000352969276719, 0.000193013111129, 0.000392218178604, 8.17787149572e-05, 0.000103131234937, 3.32946437993e-05, 2.52367426583e-05, 4.61201670987e-05, 7.9603642007e-06, 2.05937203646e-06, 3.94054995922e-06, 1.78738548584e-06, 1.58437205755e-06, 1.16856097065e-06, 1.62575099694e-06, 3.06220186985e-07, 2.05614398396e-07, 9.07800057348e-08, 4.19186392264e-08, 2.33689920748e-08, 1.19443317459e-08, 7.09712155711e-09, 4.36091296407e-09, 2.79336220821e-09, 1.28156729673e-09, 9.19962050983e-10, 7.04772074034e-10, 5.65444802092e-10, 4.38395320046e-10, 2.92596474827e-10, 3.64505647887e-10, 2.83260137568e-10, 1.59592117299e-10, 1.30190011549e-10],
        "dvar": [2.52508452832e-05, 3.29664590026e-06, 1.64077812315e-06, 3.70039970221e-07, 1.35505700882e-07, 1.05755901814e-07, 2.63764718511e-07, 1.47720498944e-07, 1.14381487037e-06, 4.13461300752e-08, 6.43039896886e-08, 4.50781589834e-09, 2.2933948074e-09, 1.63042699342e-08, 5.01258423657e-10, 5.1063476364e-11, 1.3122071485e-10, 1.4827247069e-11, 2.12675207306e-11, 5.0459233146e-12, 7.73140509946e-11, 4.96272402513e-13, 2.77072364618e-13, 8.18135029125e-14, 1.1274703942e-14, 2.54492171321e-15, 1.08203673276e-15, 3.71745449314e-16, 1.33201595489e-16, 5.06271294789e-17, 1.26497538161e-17, 5.77575016325e-18, 4.56103171141e-18, 7.89298056604e-18, 4.01446839935e-18, 8.08596138936e-19, 6.48101696802e-19, 1.92651902703e-19, 1.22514030718e-19, 6.77152409162e-20],
        "dvar2": [8.31228171592e-05, 9.49310924625e-06, 3.82795769838e-06, 1.02003843949e-06, 2.12699816871e-07, 1.61923466635e-07, 5.18309207109e-07, 3.29892571926e-07, 1.85236865491e-06, 6.77760709777e-08, 9.69050262256e-08, 8.14781131453e-09, 4.77752726269e-09, 3.19140625038e-08, 8.72828698206e-10, 1.07288899986e-10, 2.61943550184e-10, 2.7432629085e-11, 4.72049135891e-11, 9.5512929163e-12, 1.05480291168e-10, 1.09190651312e-12, 6.27333525838e-13, 1.76765083148e-13, 2.34828839317e-14, 5.15377408515e-15, 2.15575814307e-15, 7.94582655457e-16, 2.78298842279e-16, 9.97016740352e-17, 2.63562937304e-17, 1.211832915e-17, 1.03702119655e-17, 2.0574284705e-17, 1.06939001469e-17, 2.03443562053e-18, 1.61086320881e-18, 4.33222921128e-19, 2.94423953046e-19, 1.65864847637e-19],
        "max": [0.101121276617, 0.0304918549955, 0.0361008569598, 0.01435094513, 0.0402792580426, 0.0112719982862, 0.0237506944686, 0.0160381421447, 0.0510206967592, 0.00885271187872, 0.0062256376259, 0.00178754783701, 0.00125758128706, 0.00621035089716, 0.000572985794861, 0.000451100146165, 0.00064317783108, 0.000399741576985, 0.000272297125775, 0.0001041318028, 0.000542944238987, 1.98022571567e-05, 1.34105057441e-05, 1.12599018394e-05, 2.40424651565e-06, 9.91753950075e-07, 8.04731428161e-07, 6.35694163975e-07, 2.83301460513e-07, 1.54635401373e-07, 1.02745964625e-07, 6.40447552769e-08, 9.61730819427e-08, 1.5911933815e-07, 1.08319085257e-07, 4.48389201324e-08, 3.87515335376e-08, 1.66543596691e-08, 1.70624332441e-08, 1.18432126328e-08],
        "mean": [0.00994545780122, 0.00292087555863, 0.00157453946304, 0.00062266853638, 0.000412960129324, 0.000533596728928, 0.00064535823185, 0.000350498245098, 0.000861619773787, 0.000177978057764, 0.000181572890142, 5.534702359e-05, 3.47365858033e-05, 5.62141867704e-05, 1.11755816761e-05, 3.08074004352e-06, 6.19745287622e-06, 2.87074249172e-06, 2.10646157939e-06, 1.38676534789e-06, 1.9040285224e-06, 3.12834032457e-07, 2.03565818424e-07, 8.87995952326e-08, 4.44787282561e-08, 2.67303796875e-08, 1.37353843854e-08, 7.97796850804e-09, 4.81860640278e-09, 3.08011682826e-09, 1.47520717864e-09, 1.09670272863e-09, 8.40472247354e-10, 6.54208853756e-10, 5.07453912224e-10, 3.52463946918e-10, 4.58023424743e-10, 3.82842396673e-10, 2.06332714803e-10, 1.53315207752e-10],
        "median": [0.00265730288811, 0.00154182116967, 0.000740092829801, 0.00028596969787, 0.000126225597342, 0.000223698298214, 0.000251122488407, 0.000118496944197, 0.00013146350102, 2.14162919292e-05, 2.07536413654e-05, 1.16897890621e-05, 8.64254252519e-06, 4.53950633528e-06, 1.6430587948e-06, 9.92532250166e-07, 1.77756146513e-06, 1.06996412796e-06, 4.75386826793e-07, 3.87972818316e-07, 2.45830392487e-07, 5.95434883621e-08, 3.48628148572e-08, 1.1347426998e-08, 6.76291378454e-09, 5.91019544416e-09, 2.0496551123e-09, 1.31434141348e-09, 9.0818058629e-10, 5.6339155563e-10, 2.7975810557e-10, 3.14482107022e-10, 2.61294652582e-10, 2.20878107471e-10, 1.85314319445e-10, 1.55387938627e-10, 2.17071721709e-10, 1.93385196745e-10, 1.06894354479e-10, 7.21930154546e-11],
        "min": [1.40809921297e-25, 1.02472863955e-24, 1.33592706831e-24, 1.21722726651e-24, 1.10024146224e-24, 8.49077714953e-25, 2.0201294028e-24, 1.21991777523e-24, 1.91980463667e-24, 1.16098010346e-24, 1.83787748736e-24, 2.35220414794e-24, 1.00364337363e-24, 2.35029352683e-24, 3.21456874573e-24, 3.65967877834e-24, 3.75737170727e-24, 3.26507142367e-24, 3.42754344077e-24, 3.06214267504e-24, 3.05492104788e-24, 3.64418436687e-24, 4.18555554586e-24, 4.63887564834e-24, 5.14967491738e-24, 4.00924868342e-24, 3.31197137385e-24, 4.87788511983e-24, 4.27076317325e-24, 5.10113709475e-24, 5.57550163959e-24, 4.96602888751e-24, 4.31759547861e-24, 5.74781213269e-24, 5.18693557895e-24, 5.90177450999e-24, 5.55827212856e-24, 5.62543692932e-24, 6.50262895668e-24, 6.12661209532e-24],
        "var": [0.000251858233241, 1.29777890834e-05, 8.66414029588e-06, 1.10524740649e-06, 1.86764361843e-06, 7.68847712607e-07, 1.45584942857e-06, 7.37860148092e-07, 8.45985232445e-06, 2.49345873726e-07, 2.50281630088e-07, 1.63912812212e-08, 6.34256425158e-09, 3.84230567363e-08, 1.39100653218e-09, 1.13203335594e-10, 3.65187824425e-10, 9.30564236779e-11, 7.14338171948e-11, 1.27850273771e-11, 2.02570279995e-10, 7.8694911915e-13, 4.00068433243e-13, 1.09245457732e-13, 1.87834790717e-14, 4.85495399037e-15, 1.96781211998e-15, 6.46420181719e-16, 2.34100001347e-16, 9.61241972953e-17, 2.18272118701e-17, 1.01573866657e-17, 6.93078257082e-18, 8.03311571515e-18, 3.76075514828e-18, 9.17287568028e-19, 8.26239694606e-19, 3.65987974879e-19, 1.55047406101e-19, 8.69648194448e-20]
    },
    "mfcc": {
        "mean": [-832.804992676, 264.579986572, 34.9511146545, -6.21830272675, 14.9667634964, 2.82647633553, -5.45576334, 3.07929253578, 9.27021980286, 7.21946048737, 2.606569767, 3.37038040161, 5.89257526398],
        "cov": [[3721.98217773, 1879.37756348, -990.828491211, 44.9666252136, 246.190536499, -122.926765442, 61.0753364563, 186.743728638, 153.39666748, 114.874992371, -3.87785887718, -33.6275901794, 7.68688297272], [1879.37756348, 1532.88708496, -91.6697692871, -243.210464478, 119.410041809, 17.5109329224, -42.5369720459, 15.530913353, 59.7572555542, 89.102432251, 30.9115848541, -19.6527690887, -9.69443416595], [-990.828491211, -91.6697692871, 703.080627441, -74.6730651855, -86.6105651855, 115.718421936, -34.5069351196, -83.2656936646, -25.3985157013, 19.1559028625, 56.1166877747, 37.1973495483, -2.454652071], [44.9666252136, -243.210464478, -74.6730651855, 327.841705322, 70.4830245972, -24.3240661621, 86.7673568726, 96.4176635742, 74.0834579468, 52.2342987061, 50.6536827087, 47.3331108093, 21.4920825958], [246.190536499, 119.410041809, -86.6105651855, 70.4830245972, 151.255584717, 45.3297615051, 19.0686092377, 31.024269104, 25.541349411, 33.5488548279, 24.2525444031, 16.5079689026, 17.7098655701], [-122.926765442, 17.5109329224, 115.718421936, -24.3240661621, 45.3297615051, 146.573913574, 64.9800796509, -11.7239837646, -39.5427246094, -50.578704834, -25.712223053, 19.2215862274, 45.3669013977], [61.0753364563, -42.5369720459, -34.5069351196, 86.7673568726, 19.0686092377, 64.9800796509, 161.872894287, 111.192314148, 15.4707689285, -37.8093223572, -20.6244869232, 35.8226127625, 60.4631347656], [186.743728638, 15.530913353, -83.2656936646, 96.4176635742, 31.024269104, -11.7239837646, 111.192314148, 184.929672241, 135.832366943, 48.8379325867, 14.9679470062, 25.9879398346, 31.0784606934], [153.39666748, 59.7572555542, -25.3985157013, 74.0834579468, 25.541349411, -39.5427246094, 15.4707689285, 135.832366943, 222.883132935, 176.035339355, 72.1930923462, 0.501153349876, -22.5822257996], [114.874992371, 89.102432251, 19.1559028625, 52.2342987061, 33.5488548279, -50.578704834, -37.8093223572, 48.8379325867, 176.035339355, 259.039642334, 167.621078491, 1.61257648468, -65.0048828125], [-3.87785887718, 30.9115848541, 56.1166877747, 50.6536827087, 24.2525444031, -25.712223053, -20.6244869232, 14.9679470062, 72.1930923462, 167.621078491, 177.834960938, 55.7212295532, -31.9149742126], [-33.6275901794, -19.6527690887, 37.1973495483, 47.3331108093, 16.5079689026, 19.2215862274, 35.8226127625, 25.9879398346, 0.501153349876, 1.61257648468, 55.7212295532, 106.591690063, 78.1833572388], [7.68688297272, -9.69443416595, -2.454652071, 21.4920825958, 17.7098655701, 45.3669013977, 60.4631347656, 31.0784606934, -22.5822257996, -65.0048828125, -31.9149742126, 78.1833572388, 139.026275635]],
