{
"lowlevel": {
    "average_loudness": 0.0170774534345,
    "barkbands_crest": {
        "dmean": 3.01235294342,
        "dmean2": 4.95312261581,
        "dvar": 6.98103141785,
        "dvar2": 19.0238361359,
        "max": 26.3017406464,
        "mean": 13.8677368164,
        "median": 13.3326931,
        "min": 4.15326309204,
        "var": 23.7309818268
    },
    "barkbands_flatness_db": {
        "dmean": 0.0252783298492,
        "dmean2": 0.0409502238035,
        "dvar": 0.000506910320837,
        "dvar2": 0.00140154222026,
        "max": 0.590930521488,
        "mean": 0.34219455719,
        "median": 0.346670985222,
        "min": 0.0606569796801,
        "var": 0.00517150759697
    },
    "barkbands_kurtosis": {
        "dmean": 5.38710546494,
        "dmean2": 8.97649478912,
        "dvar": 96.5387573242,
        "dvar2": 280.564117432,
        "max": 179.302978516,
        "mean": 8.53340053558,
        "median": 4.03715419769,
        "min": -1.97382807732,
        "var": 182.732421875
    },
    "barkbands_skewness": {
        "dmean": 0.698809325695,
        "dmean2": 1.1301856041,
        "dvar": 0.51987850666,
        "dvar2": 1.46593868732,
        "max": 11.377204895,
        "mean": 1.63309657574,
        "median": 1.37982821465,
        "min": -4.11553812027,
        "var": 2.58991265297
    },
    "barkbands_spread": {
        "dmean": 1.48871564865,
        "dmean2": 2.40945410728,
        "dvar": 14.0882701874,
        "dvar2": 34.9615516663,
        "max": 152.095062256,
        "mean": 5.4853219986,
        "median": 3.44731760025,
        "min": 0.158565342426,
        "var": 147.925018311
    },
    "dissonance": {
        "dmean": 0.0534794852138,
        "dmean2": 0.090744368732,
        "dvar": 0.00227442500181,
        "dvar2": 0.00636694766581,
        "max": 0.500000178814,
        "mean": 0.381022751331,
        "median": 0.393042087555,
        "min": 0.0713664665818,
        "var": 0.00586633663625
    },
    "dynamic_complexity": 5.80756139755,
    "erbbands_crest": {
        "dmean": 2.89889883995,
        "dmean2": 4.67569971085,
        "dvar": 6.84982156754,
        "dvar2": 16.7408046722,
        "max": 32.8028144836,
        "mean": 12.509262085,
        "median": 11.0112924576,
        "min": 2.77061605453,
        "var": 34.8614311218
    },
    "erbbands_flatness_db": {
        "dmean": 0.0171717330813,
        "dmean2": 0.0268677584827,
        "dvar": 0.000234101113165,
        "dvar2": 0.000559354724828,
        "max": 0.552927553654,
        "mean": 0.319834381342,
        "median": 0.333307385445,
        "min": 0.0323922410607,
        "var": 0.00751023041084
    },
    "erbbands_kurtosis": {
        "dmean": 1.56330943108,
        "dmean2": 2.43979382515,
        "dvar": 5.1891746521,
        "dvar2": 11.6617479324,
        "max": 53.7312202454,
        "mean": 2.35762166977,
        "median": 1.01238536835,
        "min": -1.84510648251,
        "var": 20.0030269623
    },
    "erbbands_skewness": {
        "dmean": 0.386228948832,
        "dmean2": 0.605280637741,
        "dvar": 0.121176466346,
        "dvar2": 0.291052222252,
        "max": 5.51559257507,
        "mean": 0.651880264282,
        "median": 0.571033656597,
        "min": -2.34298706055,
        "var": 0.698664009571
    },
    "erbbands_spread": {
        "dmean": 2.92450976372,
        "dmean2": 4.67710208893,
        "dvar": 15.4066200256,
        "dvar2": 39.1776008606,
        "max": 221.453231812,
        "mean": 14.1749324799,
        "median": 10.1765842438,
        "min": 0.549162745476,
        "var": 313.820251465
    },
    "hfc": {
        "dmean": 2.25999903679,
        "dmean2": 3.49257302284,
        "dvar": 19.8176841736,
        "dvar2": 44.8926544189,
        "max": 136.978591919,
        "mean": 6.98656797409,
        "median": 3.31278920174,
        "min": 1.07708709573e-16,
        "var": 104.766807556
    },
    "melbands_crest": {
        "dmean": 3.85780024529,
        "dmean2": 6.39938688278,
        "dvar": 12.0182390213,
        "dvar2": 33.552406311,
        "max": 37.5231208801,
        "mean": 18.2848510742,
        "median": 17.347864151,
        "min": 1.40255832672,
        "var": 49.4845428467
    },
    "melbands_flatness_db": {
        "dmean": 0.0279170516878,
        "dmean2": 0.0450437813997,
        "dvar": 0.000637858931441,
        "dvar2": 0.00176365615334,
        "max": 0.73388582468,
        "mean": 0.470613747835,
        "median": 0.476163655519,
        "min": 0.000638663652353,
        "var": 0.00857320800424
    },
    "melbands_kurtosis": {
        "dmean": 7.09392642975,
        "dmean2": 11.9796571732,
        "dvar": 184.369232178,
        "dvar2": 551.699279785,
        "max": 249.067184448,
        "mean": 11.4083251953,
        "median": 4.8212223053,
        "min": -1.67716836929,
        "var": 351.005279541
    },
    "melbands_skewness": {
        "dmean": 0.758044302464,
        "dmean2": 1.23263335228,
        "dvar": 0.632586121559,
        "dvar2": 1.8310084343,
        "max": 12.4976987839,
        "mean": 2.00647330284,
        "median": 1.66705977917,
        "min": -2.97765922546,
        "var": 3.17468905449
    },
    "melbands_spread": {
        "dmean": 1.63051533699,
        "dmean2": 2.6298995018,
        "dvar": 9.10814571381,
        "dvar2": 18.2052440643,
        "max": 191.229248047,
        "mean": 6.50648355484,
        "median": 4.41829156876,
        "min": 0.362723976374,
        "var": 191.565109253
    },
    "pitch_salience": {
        "dmean": 0.0860687866807,
        "dmean2": 0.141540527344,
        "dvar": 0.00575175415725,
        "dvar2": 0.015670593828,
        "max": 0.989590167999,
        "mean": 0.493881136179,
        "median": 0.512343943119,
        "min": 0.0639806166291,
        "var": 0.0239193085581
    },
    "silence_rate_20dB": {
        "dmean": 0.00990462210029,
        "dmean2": 0.0198110602796,
        "dvar": 0.00980750843883,
        "dvar2": 0.0249206218868,
        "max": 1,
        "mean": 0.986153125763,
        "median": 1,
        "min": 0,
        "var": 0.0136562427506
    },
    "silence_rate_30dB": {
        "dmean": 0.0353998541832,
        "dmean2": 0.0708061978221,
        "dvar": 0.0341449268162,
        "dvar2": 0.0819314345717,
        "max": 1,
        "mean": 0.879779934883,
        "median": 1,
        "min": 0,
        "var": 0.105772070587
    },
    "silence_rate_60dB": {
        "dmean": 0.0498899482191,
        "dmean2": 0.0997890457511,
        "dvar": 0.0474078580737,
        "dvar2": 0.105241335928,
        "max": 1,
        "mean": 0.235029801726,
        "median": 0,
        "min": 0,
        "var": 0.179821714759
    },
    "spectral_centroid": {
        "dmean": 51.2189445496,
        "dmean2": 82.8394393921,
        "dvar": 10883.1728516,
        "dvar2": 24761.3027344,
        "max": 11745.8300781,
        "mean": 530.580505371,
        "median": 395.705108643,
        "min": 145.805480957,
        "var": 1229619.625
    },
    "spectral_complexity": {
        "dmean": 1.29475426674,
        "dmean2": 2.19884443283,
        "dvar": 1.57287788391,
        "dvar2": 3.90930724144,
        "max": 27,
        "mean": 7.79229688644,
        "median": 7,
        "min": 0,
        "var": 13.6162595749
    },
    "spectral_decrease": {
        "dmean": 4.96488405943e-09,
        "dmean2": 8.38357117061e-09,
        "dvar": 1.78301388309e-16,
        "dvar2": 5.32788806021e-16,
        "max": 5.36782058147e-14,
        "mean": -1.04780131238e-08,
        "median": -2.86168799768e-09,
        "min": -2.76815370626e-07,
        "var": 3.9606257409e-16
    },
    "spectral_energy": {
        "dmean": 0.0189209878445,
        "dmean2": 0.0319184325635,
        "dvar": 0.00256768101826,
        "dvar2": 0.00766643183306,
        "max": 1.05115962029,
        "mean": 0.0401800125837,
        "median": 0.0111379809678,
        "min": 1.00634478284e-20,
        "var": 0.00574281392619
    },
    "spectral_energyband_high": {
        "dmean": 9.69487132352e-07,
        "dmean2": 1.65512210515e-06,
        "dvar": 1.90115423404e-11,
        "dvar2": 5.60153347318e-11,
        "max": 0.000167968304595,
        "mean": 3.66404287888e-06,
        "median": 3.01733649621e-07,
        "min": 7.07986794341e-21,
        "var": 1.41607725546e-10
    },
    "spectral_energyband_low": {
        "dmean": 0.0160678382963,
        "dmean2": 0.0278387740254,
        "dvar": 0.00245908997022,
        "dvar2": 0.00743328919634,
        "max": 1.03148519993,
        "mean": 0.0260943733156,
        "median": 0.00171789363958,
        "min": 7.91203900996e-24,
        "var": 0.00446734577417
    },
    "spectral_energyband_middle_high": {
        "dmean": 0.000225833806326,
        "dmean2": 0.000332424155204,
        "dvar": 5.88412092384e-07,
        "dvar2": 1.03516572381e-06,
        "max": 0.0545403175056,
        "mean": 0.000659909972455,
        "median": 0.000223964278121,
        "min": 1.12596517664e-21,
        "var": 3.13848818223e-06
    },
    "spectral_energyband_middle_low": {
        "dmean": 0.00514486758038,
        "dmean2": 0.00791609007865,
        "dvar": 0.000120874035929,
        "dvar2": 0.000272670295089,
        "max": 0.391223758459,
        "mean": 0.0146832000464,
        "median": 0.00632520858198,
        "min": 1.04848727225e-22,
        "var": 0.000657992437482
    },
    "spectral_entropy": {
        "dmean": 0.149249956012,
        "dmean2": 0.239236757159,
        "dvar": 0.0185985714197,
        "dvar2": 0.0455559939146,
        "max": 9.81990718842,
        "mean": 5.78439998627,
        "median": 5.64526605606,
        "min": 4.0206155777,
        "var": 0.581007838249
    },
    "spectral_flux": {
        "dmean": 0.0240206196904,
        "dmean2": 0.040256191045,
        "dvar": 0.0014650716912,
        "dvar2": 0.00405403506011,
        "max": 0.732436954975,
        "mean": 0.0724240839481,
        "median": 0.0442839935422,
        "min": 6.36506541918e-11,
        "var": 0.00574525725096
    },
    "spectral_kurtosis": {
        "dmean": 26.7831363678,
        "dmean2": 45.8016319275,
        "dvar": 1090.65124512,
        "dvar2": 3198.26098633,
        "max": 701.258972168,
        "mean": 109.373130798,
        "median": 92.2488937378,
        "min": -1.25431418419,
        "var": 7340.31005859
    },
    "spectral_rms": {
        "dmean": 0.00102878687903,
        "dmean2": 0.00166854832787,
        "dvar": 2.73518458016e-06,
        "dvar2": 7.91363072494e-06,
        "max": 0.0320237651467,
        "mean": 0.00470270542428,
        "median": 0.00329641066492,
        "min": 3.13336856461e-12,
        "var": 1.70845723915e-05
    },
    "spectral_rolloff": {
        "dmean": 100.038269043,
        "dmean2": 176.911254883,
        "dvar": 207387.203125,
        "dvar2": 512741.875,
        "max": 19832.0800781,
        "mean": 826.845947266,
        "median": 452.197265625,
        "min": 43.06640625,
        "var": 6530034.5
    },
    "spectral_skewness": {
        "dmean": 1.10990214348,
        "dmean2": 1.90965092182,
        "dvar": 1.13475465775,
        "dvar2": 3.17604899406,
        "max": 22.663110733,
        "mean": 7.36177301407,
        "median": 7.06512737274,
        "min": -0.0929995104671,
        "var": 12.5682086945
    },
    "spectral_spread": {
        "dmean": 287369.78125,
        "dmean2": 509965.34375,
        "dvar": 172706906112,
        "dvar2": 399715237888,
        "max": 42579240,
        "mean": 1790158,
        "median": 1006147.875,
        "min": 171987.359375,
        "var": 2.00900010312e+13
    },
    "spectral_strongpeak": {
        "dmean": 0.260545313358,
        "dmean2": 0.420976758003,
        "dvar": 0.117814853787,
        "dvar2": 0.262257903814,
        "max": 8.24711894989,
        "mean": 0.673067033291,
        "median": 0.427673101425,
        "min": 0,
        "var": 0.633334517479
    },
    "zerocrossingrate": {
        "dmean": 0.00304056284949,
        "dmean2": 0.00413541030139,
        "dvar": 9.27854562178e-05,
        "dvar2": 0.000171716616023,
        "max": 0.7080078125,
        "mean": 0.0278145242482,
        "median": 0.0166015625,
        "min": 0.00146484375,
        "var": 0.00506359245628
    },
    "barkbands": {
        "dmean": [0.00324469525367, 0.0134152397513, 0.00112826679833, 0.00202351319604, 0.00181136955507, 0.00135199981742, 0.0012051446829, 0.000570084201172, 0.000592381809838, 0.000127588253235, 0.000109432010504, 3.08268718072e-05, 1.95440134121e-05, 1.8830958652e-05, 1.66073914443e-05, 9.61877867667e-06, 3.64830316357e-06, 1.34943036301e-06, 1.70115106357e-06, 1.39939879773e-06, 6.72132557611e-07, 7.79279858421e-08, 1.09992235764e-07, 4.42237713116e-08, 1.13496732013e-08, 7.85601805831e-09, 3.1503027742e-08],
        "dmean2": [0.005787295755, 0.0233952943236, 0.00186133221723, 0.00323514523916, 0.00294612441212, 0.0022000959143, 0.00179158977699, 0.000963366939686, 0.000843241577968, 0.000199229150894, 0.000164814540767, 4.92768704135e-05, 3.11454568873e-05, 2.90017433144e-05, 2.41496145463e-05, 1.51069862113e-05, 5.69864641875e-06, 2.27150121646e-06, 2.93308676191e-06, 2.404894758e-06, 1.16442447506e-06, 1.3715551006e-07, 1.83985903845e-07, 7.31079339289e-08, 1.87605149193e-08, 1.36656925775e-08, 5.28878807415e-08],
        "dvar": [0.00010830348765, 0.00207221345045, 8.61113312567e-06, 4.08971209254e-05, 2.08487490454e-05, 1.3646388652e-05, 1.22997334984e-05, 1.98413295038e-06, 3.87446607419e-06, 2.82645345351e-07, 1.25682078078e-07, 1.78500894066e-08, 6.02438410269e-09, 6.46075148936e-09, 7.33554195165e-09, 1.90300020186e-09, 1.06376685238e-09, 5.04225793063e-11, 4.35438005097e-11, 3.50603851507e-11, 1.05511250778e-11, 2.17663750522e-13, 3.00784435336e-13, 3.35851206329e-14, 4.53526342729e-15, 1.69671403714e-15, 1.22652848334e-15],
        "dvar2": [0.000322167761624, 0.00628090463579, 2.22716425924e-05, 0.000100017117802, 5.35034814675e-05, 3.45324879163e-05, 2.15399686567e-05, 5.46455339645e-06, 6.57546388538e-06, 5.22025345617e-07, 2.31073940427e-07, 4.80264930047e-08, 1.37462947691e-08, 1.56173580734e-08, 1.27940893435e-08, 4.64079086271e-09, 2.33958563634e-09, 1.37124853139e-10, 1.24303595195e-10, 1.06071276762e-10, 3.17447353126e-11, 7.01147148154e-13, 8.66141360023e-13, 9.15957644476e-14, 1.27688099216e-14, 4.96643157304e-15, 3.35650167294e-15],
        "max": [0.213533997536, 0.966515600681, 0.0766636803746, 0.316799551249, 0.1413436234, 0.161555618048, 0.209203660488, 0.0379027202725, 0.0947647616267, 0.0523055903614, 0.0250454172492, 0.00816194154322, 0.00297543010674, 0.00458096479997, 0.00608570594341, 0.0024695424363, 0.00346360867843, 0.0003447040217, 0.000176405679667, 0.000179543494596, 0.000105706407339, 2.22569233301e-05, 1.72290747287e-05, 6.27801819064e-06, 4.25384678238e-06, 2.43310159931e-06, 1.09522682123e-06],
        "mean": [0.00426875194535, 0.0187185518444, 0.00188602530397, 0.00412791781127, 0.00343679380603, 0.00221424759366, 0.00269245053641, 0.000862429500557, 0.00127329793759, 0.000245843781158, 0.000231318583246, 6.05776149314e-05, 3.58962170139e-05, 3.98765805585e-05, 4.36374612036e-05, 2.22801481868e-05, 7.02546094544e-06, 3.31244109475e-06, 3.70740485778e-06, 3.45021771864e-06, 1.68253143329e-06, 2.20097618353e-07, 3.17084385415e-07, 1.34326313628e-07, 4.29332231988e-08, 3.58855913873e-08, 1.56791983841e-07],
        "median": [7.86980581324e-06, 0.000247684482019, 0.000256350962445, 0.000494991545565, 0.000889111019205, 0.000645077263471, 0.000696714268997, 0.000265518057859, 0.000262014014879, 6.94523114362e-05, 5.73174111196e-05, 1.00956895039e-05, 7.32035823603e-06, 4.98189365317e-06, 6.53825281915e-06, 2.79243704426e-06, 5.48293257907e-07, 1.97907084498e-07, 1.12956591636e-07, 1.1433166236e-07, 1.92431723889e-08, 2.4679499333e-08, 6.86549705975e-09, 1.44437439786e-08, 5.79631143083e-09, 8.66819860335e-09, 1.36327727773e-07],
        "min": [3.58939206054e-25, 3.26800223915e-24, 1.72459666694e-24, 1.19478792084e-24, 5.55555963034e-24, 9.43078479026e-24, 9.44387751471e-24, 4.41200516845e-24, 1.42249638794e-23, 1.24023717554e-23, 9.37161627807e-24, 2.23532762063e-23, 2.38180615341e-23, 2.85322217285e-23, 2.92477154141e-23, 7.16583260274e-23, 4.78438585436e-23, 9.34809891453e-23, 1.21787653453e-22, 1.625544578e-22, 1.91616636285e-22, 3.34209391708e-22, 3.67485791366e-22, 5.93397227804e-22, 9.10035796766e-22, 1.24253069712e-21, 1.94630569619e-21],
        "var": [0.00018439698033, 0.00315923197195, 2.69289612334e-05, 0.00020335939189, 5.619399235e-05, 2.49162148975e-05, 6.83360194671e-05, 3.55414704245e-06, 1.88296216947e-05, 1.22295955407e-06, 5.83290784562e-07, 3.27178888426e-08, 1.38849625131e-08, 1.81942443334e-08, 5.43147926635e-08, 6.72007161029e-09, 2.4195589976e-09, 2.21000079348e-10, 1.55874577135e-10, 1.49856085874e-10, 3.99468826073e-11, 8.48695137605e-13, 1.47676499935e-12, 1.69105235457e-13, 1.4724973221e-14, 5.01539600662e-15, 8.57582657909e-15]
    },
    "erbbands": {
        "dmean": [0.643953025341, 2.25577235222, 1.52784943581, 4.33601903915, 5.1727437973, 7.71201562881, 9.08362293243, 11.9651546478, 16.043214798, 17.9757442474, 10.2192087173, 15.8276262283, 4.47113180161, 3.23857688904, 4.12023305893, 1.24844932556, 0.919526040554, 0.757673323154, 1.04476630688, 0.750273108482, 0.388512194157, 0.221567556262, 0.0795998573303, 0.0879088938236, 0.0521492809057, 0.0746992528439, 0.0290682110935, 0.0224762465805, 0.00357681955211, 0.00418139621615, 0.00165820401162, 0.00136655860115, 0.00022526308021, 0.000122791345348, 9.21889877645e-05, 2.88472729153e-05, 2.00340236916e-05, 2.88490846287e-05, 1.18309917525e-05, 2.04864900297e-05],
        "dmean2": [1.14909398556, 3.79329013824, 2.51621556282, 7.09465503693, 8.03513240814, 12.7784938812, 15.074678421, 19.3984584808, 24.8373069763, 26.9612827301, 16.666891098, 22.2682418823, 7.00844717026, 5.02431583405, 6.12128448486, 1.9461606741, 1.45121586323, 1.11899471283, 1.55103135109, 1.13984942436, 0.628771603107, 0.3355448246, 0.13231562078, 0.151205495, 0.0871886238456, 0.128565818071, 0.0507978498936, 0.0388551540673, 0.00627779914066, 0.00705516850576, 0.00278332317248, 0.00227075931616, 0.00037227672874, 0.000206492753932, 0.000148640931002, 4.83105395688e-05, 3.38410500262e-05, 4.71989187645e-05, 2.00593640329e-05, 3.45176922565e-05],
        "dvar": [4.55782985687, 62.2660713196, 15.1801319122, 166.434951782, 185.429733276, 442.478393555, 563.976867676, 1111.09680176, 3275.56225586, 1701.59680176, 736.455078125, 2944.24291992, 196.633255005, 121.63105011, 246.857849121, 32.2281455994, 12.9229984283, 14.9297008514, 27.2136287689, 7.66389560699, 5.0121307373, 4.09764289856, 0.140653565526, 0.122013449669, 0.0507102683187, 0.109768562019, 0.0210151821375, 0.0181478597224, 0.000589647330344, 0.000389418652048, 5.33191596332e-05, 3.10217692459e-05, 1.47612456658e-06, 6.53950337437e-07, 2.05787458185e-07, 3.20111794849e-08, 7.24510273997e-09, 1.48274215128e-09, 4.97201613214e-10, 2.98065994109e-09],
        "dvar2": [14.5598287582, 174.841018677, 40.4907951355, 454.176635742, 379.652404785, 1184.20947266, 1553.26135254, 2771.32788086, 5584.69970703, 3672.41943359, 1925.75158691, 4907.69677734, 425.04208374, 246.8334198, 433.896026611, 84.470451355, 30.7334213257, 32.7334861755, 49.4566116333, 16.7606658936, 13.3353853226, 7.95236635208, 0.373728275299, 0.354731321335, 0.139113619924, 0.335253208876, 0.0622144863009, 0.0564692653716, 0.00189085653983, 0.0011134481756, 0.000153486020281, 8.55214166222e-05, 4.22162293034e-06, 1.81817404155e-06, 5.66332118979e-07, 9.12505413453e-08, 2.09094856984e-08, 3.93711196978e-09, 1.46792422662e-09, 8.88970941304e-09],
        "max": [37.4291763306, 177.051589966, 62.4037590027, 547.667419434, 613.918457031, 625.094543457, 659.555603027, 1663.57104492, 3747.87792969, 1690.87988281, 1048.5246582, 2701.33300781, 1127.89697266, 744.782653809, 1261.11242676, 351.444335938, 166.39630127, 239.137237549, 379.681121826, 117.407318115, 177.520980835, 214.890304565, 16.097738266, 14.9740543365, 10.3188123703, 10.1487550735, 5.66044855118, 5.62833023071, 1.25983667374, 0.583815515041, 0.248626798391, 0.195011511445, 0.0735020339489, 0.0503467060626, 0.0263456739485, 0.0102694053203, 0.00491510238498, 0.00132626795676, 0.000522708462086, 0.00113441189751],
        "mean": [0.817361652851, 3.09200167656, 2.65147399902, 8.53008270264, 10.988612175, 13.5695705414, 14.9231491089, 19.7130336761, 32.4596710205, 37.6864318848, 18.63256073, 34.4370117188, 9.32307815552, 6.87354946136, 9.21446323395, 2.73564505577, 1.84588527679, 1.74825680256, 2.78505086899, 1.78118145466, 0.90513831377, 0.443817913532, 0.193045467138, 0.206352829933, 0.145243540406, 0.189121648669, 0.0772478356957, 0.050667591393, 0.010711488314, 0.0125490212813, 0.00553933018818, 0.0040026800707, 0.000904720160179, 0.000456740817754, 0.000346664193785, 0.000128274885355, 9.27899236558e-05, 0.000138629082358, 4.52517379017e-05, 4.41798620159e-05],
        "median": [0.00523081747815, 0.0688522458076, 0.350115299225, 1.31966781616, 2.1723985672, 3.21624135971, 4.04957962036, 6.00229644775, 8.23065567017, 11.1845760345, 5.94898700714, 6.95895195007, 3.07669758797, 2.19180655479, 2.22871208191, 0.567087113857, 0.422826379538, 0.284258186817, 0.39153662324, 0.325183421373, 0.109313808382, 0.0366838499904, 0.0149719426408, 0.00888956431299, 0.00453338399529, 0.00683580106124, 0.00148255808745, 0.00109240715392, 0.000752664287575, 0.000374208204448, 0.000241321744397, 0.000356961216312, 0.00015253991296, 9.68984531937e-05, 4.18683157477e-05, 2.2289219487e-05, 2.74353278655e-05, 0.000107949970698, 3.31051014655e-05, 1.26699087559e-05],
        "min": [7.72802032219e-23, 5.81729053627e-22, 2.20392681666e-21, 4.19389617852e-21, 8.07186348522e-21, 1.33174519579e-20, 4.52786065732e-20, 9.82522805145e-20, 1.3645628919e-19, 1.54694561871e-19, 2.39311312825e-19, 3.64074990466e-19, 4.37978485867e-19, 5.14453556545e-19, 7.83707670171e-19, 9.68682057244e-19, 1.42854546737e-18, 1.76942039395e-18, 2.0729042753e-18, 3.23528928454e-18, 3.71860078349e-18, 3.8743559977e-18, 5.47468371724e-18, 5.89951127214e-18, 6.32795195196e-18, 8.07355409376e-18, 8.124222215e-18, 9.9777304813e-18, 1.11104426608e-17, 1.11502680986e-17, 1.0882000191e-17, 9.91201594472e-18, 9.4907345131e-18, 8.12468378178e-18, 6.32059128527e-18, 3.48127935703e-18, 2.48876250402e-18, 9.76917777616e-19, 2.40535229939e-19, 2.72885817794e-20],
        "var": [6.57235765457, 90.9022674561, 34.396774292, 641.193786621, 984.266601562, 1052.67700195, 1013.62359619, 1992.95019531, 16695.125, 7792.51953125, 1730.63220215, 14371.1210938, 754.251037598, 450.568695068, 1247.6484375, 64.1130752563, 30.3688983917, 41.5402107239, 204.593048096, 28.7736740112, 14.8297080994, 9.42812538147, 0.548649251461, 0.499968707561, 0.287180364132, 0.477329462767, 0.084389410913, 0.0517273470759, 0.00250365422107, 0.00209933379665, 0.000344017171301, 0.000159728850122, 5.54679854758e-06, 1.43205215863e-06, 8.80727384356e-07, 1.24009844171e-07, 2.7747667275e-08, 1.01372759076e-08, 1.63698488098e-09, 6.73528299799e-09]
    },
    "gfcc": {
        "mean": [-209.018707275, 208.524810791, -72.0189208984, -36.3092422485, -33.4699554443, -21.9186420441, -17.9127731323, -11.0206356049, -2.54862880707, -6.47458934784, -9.67760372162, -9.01795005798, -3.68675708771],
        "cov": [[19309.515625, 3121.90869141, -1760.4017334, 1672.05249023, -275.49786377, 264.588500977, 291.418914795, 265.062316895, -52.3142776489, 71.8269271851, 237.353683472, -125.788818359, 269.404052734], [3121.90869141, 1643.10229492, -23.1703071594, -445.184295654, -79.0140075684, -183.598831177, -69.0004196167, -142.044326782, -71.6967086792, -188.331253052, -76.4071655273, -176.048370361, -26.2454223633], [-1760.4017334, -23.1703071594, 1249.09606934, 299.374481201, 175.936401367, -21.3694667816, 234.72883606, 95.065246582, -62.1335334778, 21.9232654572, 14.2624769211, 87.6453170776, -95.5585479736], [1672.05249023, -445.184295654, 299.374481201, 1410.72644043, 176.741333008, 258.344482422, 375.788024902, 255.777740479, -28.5818367004, 147.199279785, 139.280990601, 141.64175415, 49.7287406921], [-275.49786377, -79.0140075684, 175.936401367, 176.741333008, 378.921478271, 135.332855225, 56.9980392456, 63.0992050171, -9.84290981293, 16.05493927, 7.81910800934, 49.2897109985, -30.3159389496], [264.588500977, -183.598831177, -21.3694667816, 258.344482422, 135.332855225, 222.349136353, 91.7567672729, 63.2674980164, 7.5792427063, 49.919380188, 36.6997566223, 35.9414367676, 26.2945995331], [291.418914795, -69.0004196167, 234.72883606, 375.788024902, 56.9980392456, 91.7567672729, 258.070983887, 131.74357605, -10.8723840714, 51.2102203369, 50.4817962646, 49.0350914001, -4.36934423447], [265.062316895, -142.044326782, 95.065246582, 255.777740479, 63.0992050171, 63.2674980164, 131.74357605, 196.73197937, 59.0253677368, 66.582901001, 61.4278526306, 51.5975723267, 6.17481899261], [-52.3142776489, -71.6967086792, -62.1335334778, -28.5818367004, -9.84290981293, 7.5792427063, -10.8723840714, 59.0253677368, 121.739707947, 73.3819961548, 35.295009613, 12.7429523468, 26.7656135559], [71.8269271851, -188.331253052, 21.9232654572, 147.199279785, 16.05493927, 49.919380188, 51.2102203369, 66.582901001, 73.3819961548, 160.856964111, 84.804977417, 55.0832366943, 35.6318054199], [237.353683472, -76.4071655273, 14.2624769211, 139.280990601, 7.81910800934, 36.6997566223, 50.4817962646, 61.4278526306, 35.295009613, 84.804977417, 120.245399475, 57.7855758667, 24.30701828], [-125.788818359, -176.048370361, 87.6453170776, 141.64175415, 49.2897109985, 35.9414367676, 49.0350914001, 51.5975723267, 12.7429523468, 55.0832366943, 57.7855758667, 113.915878296, 23.8341903687], [269.404052734, -26.2454223633, -95.5585479736, 49.7287406921, -30.3159389496, 26.2945995331, -4.36934423447, 6.17481899261, 26.7656135559, 35.6318054199, 24.30701828, 23.8341903687, 93.5080871582]],
        "icov": [[0.000360110570909, -0.00108095572796, 0.000674669223372, -0.000757470435929, 0.000454687193269, -0.000459107366623, 0.00051531160716, -0.000785393349361, 0.000594812212512, -0.000898295431398, 0.000412078778027, -0.000680934812408, 0.000342335290043], [-0.00108095572796, 0.00418811012059, -0.00205844221637, 0.0024722518865, -0.00174728140701, 0.00211713230237, -0.00224400917068, 0.00277797714807, -0.00184778531548, 0.00369363953359, -0.00222176755778, 0.00350281689316, -0.00177252409048], [0.000674669223372, -0.00205844221637, 0.00254276837222, -0.00145427510142, 0.000274343707133, 0.000121019438666, -0.000315718731144, -0.00122831168119, 0.00138767273165, -0.0020733687561, 0.0012146566296, -0.00215196725912, 0.00159730401356], [-0.000757470435929, 0.0024722518865, -0.00145427510142, 0.00312680192292, -0.00108634214848, 0.000406957929954, -0.00235182512552, 0.000779772060923, 0.000107455882244, 0.00144484743942, -0.00130463030655, 0.0014856280759, -0.00152169005014], [0.000454687193269, -0.00174728140701, 0.000274343707133, -0.00108634214848, 0.00504656555131, -0.00395316723734, 0.00235402095132, -0.00225174659863, 0.00107156136073, -0.00140615692362, 0.00180103478488, -0.00287704914808, 0.00255839736201], [-0.000459107366623, 0.00211713230237, 0.000121019438666, 0.000406957929954, -0.00395316723734, 0.00967579055578, -0.00363646820188, 0.00195678300224, -0.000759513466619, 0.000932447903324, -0.00144479924347, 0.00246978737414, -0.00286929216236], [0.00051531160716, -0.00224400917068, -0.000315718731144, -0.00235182512552, 0.00235402095132, -0.00363646820188, 0.0113494247198, -0.00651433644816, 0.00404395954683, -0.0029851924628, 0.00113075459376, -0.00145868514664, 0.00161772046704], [-0.000785393349361, 0.00277797714807, -0.00122831168119, 0.000779772060923, -0.00225174659863, 0.00195678300224, -0.00651433644816, 0.014185834676, -0.00868173502386, 0.00423590186983, -0.00321757583879, 0.000607657304499, 0.000403552025091], [0.000594812212512, -0.00184778531548, 0.00138767273165, 0.000107455882244, 0.00107156136073, -0.000759513466619, 0.00404395954683, -0.00868173502386, 0.0182725246996, -0.00919200945646, 0.00145465275273, 0.000608863832895, -0.00180908141192], [-0.000898295431398, 0.00369363953359, -0.0020733687561, 0.00144484743942, -0.00140615692362, 0.000932447903324, -0.0029851924628, 0.00423590186983, -0.00919200945646, 0.0176098514348, -0.00830027461052, 0.00148400221951, -0.00269961357117], [0.000412078778027, -0.00222176755778, 0.0012146566296, -0.00130463030655, 0.00180103478488, -0.00144479924347, 0.00113075459376, -0.00321757583879, 0.00145465275273, -0.00830027461052, 0.0174276400357, -0.0069177239202, 0.00135928450618], [-0.000680934812408, 0.00350281689316, -0.00215196725912, 0.0014856280759, -0.00287704914808, 0.00246978737414, -0.00145868514664, 0.000607657304499, 0.000608863832895, 0.00148400221951, -0.0069177239202, 0.0178952980787, -0.00528265489265], [0.000342335290043, -0.00177252409048, 0.00159730401356, -0.00152169005014, 0.00255839736201, -0.00286929216236, 0.00161772046704, 0.000403552025091, -0.00180908141192, -0.00269961357117, 0.00135928450618, -0.00528265489265, 0.0158769711852]]
    },
    "melbands": {
        "dmean": [0.00458029424772, 0.00147690705489, 0.000753302243538, 0.000419586838689, 0.000325979635818, 0.000266159564489, 0.000238530250499, 0.000181398660061, 8.91871095519e-05, 9.02802494238e-05, 2.13345792872e-05, 1.3746633158e-05, 1.52058537424e-05, 5.1452657317e-06, 2.84023417407e-06, 1.66497466125e-06, 1.51517235736e-06, 1.95642633116e-06, 9.59997464633e-07, 9.18193165944e-07, 4.37597947212e-07, 2.88553394512e-07, 6.90211550136e-08, 7.6230776358e-08, 7.93321746073e-08, 6.63772681264e-08, 5.65200011238e-08, 4.61729605661e-08, 1.7437587374e-08, 1.76755445835e-08, 9.96685489696e-09, 1.91459714749e-09, 1.57902924069e-09, 3.498907164e-09, 1.3568374202e-09, 1.00782759915e-09, 6.70007271886e-10, 1.79632628217e-10, 1.38084585433e-10, 1.10818756949e-10],
        "dmean2": [0.00805229973048, 0.002455848502, 0.00120206328575, 0.000676378083881, 0.00053761334857, 0.000428230239777, 0.00036636920413, 0.000279427156784, 0.000139575524372, 0.000128093059175, 3.40963233612e-05, 2.13428775169e-05, 2.28288026847e-05, 7.90715876064e-06, 4.42847567683e-06, 2.58172485701e-06, 2.26323709285e-06, 2.96792677545e-06, 1.3994551864e-06, 1.43658746765e-06, 7.2299775411e-07, 4.46096549922e-07, 1.10024330979e-07, 1.28850146552e-07, 1.36655827987e-07, 1.13858469319e-07, 9.67886037984e-08, 8.00831898573e-08, 2.99795921421e-08, 3.05217540131e-08, 1.73492686883e-08, 3.3797107335e-09, 2.77006018123e-09, 5.8765974309e-09, 2.27058483127e-09, 1.66644720245e-09, 1.11034925698e-09, 2.98232077922e-10, 2.28520369294e-10, 1.89643162285e-10],
        "dvar": [0.000232862119447, 2.17821670958e-05, 4.98593180964e-06, 1.07706921426e-06, 6.81819642523e-07, 5.44642489331e-07, 6.19219861164e-07, 1.69748730627e-07, 5.84259289838e-08, 9.10888005023e-08, 5.42210898402e-09, 2.80322987045e-09, 2.43696329782e-09, 4.93526775003e-10, 1.4619004618e-10, 4.52082642155e-11, 6.36428201806e-11, 7.81442827114e-11, 1.80165795477e-11, 1.34650728068e-11, 7.15967909959e-12, 6.72524015644e-12, 1.22966754509e-13, 2.35049691299e-13, 9.6423289817e-14, 7.56394933125e-14, 5.95838550482e-14, 4.4892810579e-14, 7.77194657237e-15, 7.71923232393e-15, 3.80241729759e-15, 1.26731296093e-16, 1.22839417928e-16, 3.2427891409e-16, 3.5495150574e-17, 1.88637777687e-17, 6.45856335709e-18, 8.0863734287e-19, 6.39393397807e-19, 4.47700391305e-19],
        "dvar2": [0.000719288829714, 5.96286918153e-05, 1.23019572129e-05, 2.67274185717e-06, 1.83771271622e-06, 1.334851504e-06, 1.08606309368e-06, 3.89658850963e-07, 1.34777963012e-07, 1.56647530503e-07, 1.13679323732e-08, 5.48041434456e-09, 4.50235848604e-09, 1.0439140663e-09, 3.62272850607e-10, 9.32430799239e-11, 1.49567067065e-10, 1.51898743583e-10, 2.93553931163e-11, 3.13750032899e-11, 2.04643350876e-11, 1.36077087098e-11, 2.39896644216e-13, 6.68595766858e-13, 2.86763830997e-13, 2.09449875521e-13, 1.75304567954e-13, 1.38912007439e-13, 2.30135497519e-14, 2.30801926101e-14, 1.19397332258e-14, 3.96183276285e-16, 4.00999717381e-16, 9.22932181526e-16, 1.0377818553e-16, 5.16494717764e-17, 1.78765641774e-17, 2.33168628237e-18, 1.75698869652e-18, 1.25066151741e-18],
        "max": [0.305049955845, 0.0985561907291, 0.105399437249, 0.0260900836438, 0.0303387399763, 0.0357261486351, 0.0481748171151, 0.0153542235494, 0.00825500115752, 0.0146890124306, 0.00648237206042, 0.00426447717473, 0.00334307504818, 0.00155353103764, 0.000757006346248, 0.000357827550033, 0.000536028528586, 0.0005769788404, 0.000350956222974, 0.000180023038411, 0.000202577924938, 0.000274567166343, 2.54950355156e-05, 2.04503066925e-05, 1.10997916636e-05, 8.78640912561e-06, 6.13190150034e-06, 6.42468557999e-06, 3.13873692903e-06, 3.27775933329e-06, 2.51732353718e-06, 5.14408611707e-07, 5.35164076609e-07, 5.33788863777e-07, 1.84110888313e-07, 1.44499438193e-07, 8.72698748822e-08, 5.23667438301e-08, 4.50854287237e-08, 4.11501517306e-08],
        "mean": [0.00640883343294, 0.00230194116011, 0.00161257153377, 0.00084213441005, 0.000571969139855, 0.000448100734502, 0.000497233122587, 0.000360763107892, 0.000166500467458, 0.000193229920114, 3.99472555728e-05, 2.77628205367e-05, 3.2094958442e-05, 1.10599066829e-05, 5.42614361621e-06, 3.13769533022e-06, 3.28385272041e-06, 4.78136598758e-06, 2.40103236138e-06, 2.07762582249e-06, 8.57967393131e-07, 5.16010061347e-07, 1.5701159839e-07, 1.73609365106e-07, 1.6896666466e-07, 1.38974172614e-07, 1.21854625945e-07, 1.1506572406e-07, 4.1553931851e-08, 4.27590869378e-08, 2.10673114509e-08, 4.79733941461e-09, 4.23018020612e-09, 9.57608659036e-09, 3.44838824162e-09, 2.71828137777e-09, 1.96117277973e-09, 5.88250004263e-10, 4.32017477348e-10, 3.43012118709e-10],
        "median": [5.99822596996e-05, 0.000167019155924, 0.0002603790781, 0.000218756744289, 0.000157884845976, 0.000131395354401, 0.00013105609105, 0.00011183872266, 4.42975033366e-05, 3.92291367461e-05, 1.19629603432e-05, 7.87348290032e-06, 7.9406572695e-06, 1.88062290363e-06, 9.31008173666e-07, 6.02060254096e-07, 4.42021615754e-07, 6.15334329268e-07, 4.25375390023e-07, 2.98272652799e-07, 6.86553889295e-08, 3.52338140885e-08, 1.46094123465e-08, 9.7841290625e-09, 6.18751361259e-09, 3.43421291404e-09, 3.07310732417e-09, 4.21031165487e-09, 9.52922740716e-10, 5.02138941538e-10, 6.7959049499e-10, 4.13959533319e-10, 2.47334763781e-10, 1.56464341483e-10, 1.36727837385e-10, 1.32979738332e-10, 2.17612081133e-10, 9.01510185947e-11, 6.55405660299e-11, 5.93058172016e-11],
        "min": [9.48583643461e-25, 1.14866775966e-24, 1.19099488039e-24, 9.51677260108e-25, 1.36217099151e-24, 2.4897373136e-24, 2.19947673239e-24, 1.52696669702e-24, 1.72331871228e-24, 2.18816703081e-24, 1.85766330216e-24, 2.05593244663e-24, 2.60313764645e-24, 2.79255143283e-24, 1.83360541113e-24, 3.29266814471e-24, 3.16464568334e-24, 3.02940514469e-24, 2.67144846489e-24, 4.24236536395e-24, 3.72694652545e-24, 2.98592392045e-24, 4.32392687623e-24, 4.76776526506e-24, 4.08958470028e-24, 4.45139220459e-24, 4.13998029035e-24, 5.47828360492e-24, 5.23666300383e-24, 3.3883851743e-24, 5.51098110058e-24, 5.03611326248e-24, 4.99197965028e-24, 5.45684552096e-24, 5.28568321491e-24, 5.74786774738e-24, 5.76204002797e-24, 6.26335008919e-24, 5.90481044118e-24, 5.92045158078e-24],
        "var": [0.000371522823116, 3.47323875758e-05, 2.40355548158e-05, 3.46127603734e-06, 1.49512231928e-06, 1.09384677671e-06, 3.13965256282e-06, 6.61900742216e-07, 1.86572904681e-07, 4.30163851206e-07, 2.07437231836e-08, 1.08314566205e-08, 1.11081019938e-08, 1.9474586388e-09, 3.16392745336e-10, 1.13109709099e-10, 1.61931038023e-10, 5.20807563742e-10, 1.09537344473e-10, 4.84618907504e-11, 1.77676501983e-11, 1.44105023053e-11, 4.02374666789e-13, 8.46128939483e-13, 3.11999883394e-13, 2.72268888208e-13, 1.87086213492e-13, 1.91020281732e-13, 2.64937929858e-14, 2.73500687565e-14, 9.98477017213e-15, 4.4164755797e-16, 4.55803146115e-16, 1.52201571523e-15, 1.43738857406e-16, 8.66343974963e-17, 3.25899665312e-17, 2.3714153536e-18, 1.58068373096e-18, 8.92219032384e-19]
    },
    "mfcc": {
        "mean": [-846.180480957, 234.423477173, 32.2232246399, -2.33716869354, -2.63399219513, -4.06078386307, -9.54085826874, -7.58665466309, 2.91707110405, 6.01991224289, -6.72178459167, -3.73021841049, 3.01574039459],
        "cov": [[6989.72265625, 2369.84155273, -1049.33947754, 1107.46142578, 222.149307251, 244.452972412, 464.968414307, 309.377471924, 62.7614593506, 286.452453613, -14.9681406021, 242.511489868, 167.782455444], [2369.84155273, 2134.22509766, 150.268249512, -131.152160645, 16.2898960114, -65.5549545288, -23.144613266, -54.5119514465, 7.25184583664, 9.53645515442, -26.6653118134, -49.3424606323, -12.9303150177], [-1049.33947754, 150.268249512, 952.206176758, 132.106964111, -135.177352905, -43.9033432007, 41.9235267639, 2.1250500679, -18.2250862122, -49.4450302124, 20.0807170868, -41.0964050293, -55.4351615906], [1107.46142578, -131.152160645, 132.106964111, 1048.83166504, 153.354827881, 151.328704834, 403.354278564, 276.833404541, 42.3981666565, 123.181472778, 93.3945083618, 167.174255371, 84.7070236206], [222.149307251, 16.2898960114, -135.177352905, 153.354827881, 261.504272461, 122.115760803, 74.5269088745, 70.5706710815, 26.8143882751, 16.9602775574, 37.7416648865, 25.582698822, 30.1062831879], [244.452972412, -65.5549545288, -43.9033432007, 151.328704834, 122.115760803, 189.564254761, 132.146514893, 59.5224456787, 10.0067224503, 21.4019317627, 8.11832427979, 21.0166282654, 11.6449518204], [464.968414307, -23.144613266, 41.9235267639, 403.354278564, 74.5269088745, 132.146514893, 285.369415283, 174.296844482, 22.7608795166, 57.8517074585, 53.792427063, 73.6060562134, 34.5371055603], [309.377471924, -54.5119514465, 2.1250500679, 276.833404541, 70.5706710815, 59.5224456787, 174.296844482, 189.808120728, 52.479801178, 25.4241657257, 48.0284423828, 61.7762794495, 17.1339073181], [62.7614593506, 7.25184583664, -18.2250862122, 42.3981666565, 26.8143882751, 10.0067224503, 22.7608795166, 52.479801178, 84.2748260498, 48.7275695801, 4.38969945908, 10.8292503357, 20.6211566925], [286.452453613, 9.53645515442, -49.4450302124, 123.181472778, 16.9602775574, 21.4019317627, 57.8517074585, 25.4241657257, 48.7275695801, 133.259063721, 47.8935279846, 31.7106590271, 44.5898094177], [-14.9681406021, -26.6653118134, 20.0807170868, 93.3945083618, 37.7416648865, 8.11832427979, 53.792427063, 48.0284423828, 4.38969945908, 47.8935279846, 154.139907837, 53.636554718, -8.8997297287], [242.511489868, -49.3424606323, -41.0964050293, 167.174255371, 25.582698822, 21.0166282654, 73.6060562134, 61.7762794495, 10.8292503357, 31.7106590271, 53.636554718, 127.362976074, 67.9077606201], [167.782455444, -12.9303150177, -55.4351615906, 84.7070236206, 30.1062831879, 11.6449518204, 34.5371055603, 17.1339073181, 20.6211566925, 44.5898094177, -8.8997297287, 67.9077606201, 125.906562805]],
