{
"lowlevel": {
    "average_loudness": 0.0740971267223,
    "barkbands_crest": {
        "dmean": 2.30377674103,
        "dmean2": 3.63137841225,
        "dvar": 3.92000770569,
        "dvar2": 9.5700006485,
        "max": 26.4966831207,
        "mean": 12.6155633926,
        "median": 11.7820739746,
        "min": 3.97911453247,
        "var": 19.7768383026
    },
    "barkbands_flatness_db": {
        "dmean": 0.0205974485725,
        "dmean2": 0.0296215265989,
        "dvar": 0.000339715217706,
        "dvar2": 0.000691182853188,
        "max": 0.64008718729,
        "mean": 0.334548354149,
        "median": 0.3258022964,
        "min": 0.0664950981736,
        "var": 0.0068855220452
    },
    "barkbands_kurtosis": {
        "dmean": 5.01609659195,
        "dmean2": 7.80691623688,
        "dvar": 117.668434143,
        "dvar2": 272.405578613,
        "max": 347.700622559,
        "mean": 13.9276561737,
        "median": 4.77750301361,
        "min": -1.8375852108,
        "var": 919.815002441
    },
    "barkbands_skewness": {
        "dmean": 0.508678972721,
        "dmean2": 0.778760373592,
        "dvar": 0.271858811378,
        "dvar2": 0.632568120956,
        "max": 13.7482366562,
        "mean": 1.80503118038,
        "median": 1.41388642788,
        "min": -1.99436914921,
        "var": 3.51392030716
    },
    "barkbands_spread": {
        "dmean": 1.37736725807,
        "dmean2": 2.04613900185,
        "dvar": 4.41731071472,
        "dvar2": 9.21565914154,
        "max": 74.7992858887,
        "mean": 5.92549848557,
        "median": 4.09705734253,
        "min": 0.174373134971,
        "var": 46.2535896301
    },
    "dissonance": {
        "dmean": 0.0438052117825,
        "dmean2": 0.0736706480384,
        "dvar": 0.00153180211782,
        "dvar2": 0.0043064118363,
        "max": 0.500000119209,
        "mean": 0.381799012423,
        "median": 0.389929354191,
        "min": 0.0664728581905,
        "var": 0.0048967031762
    },
    "dynamic_complexity": 11.4042634964,
    "erbbands_crest": {
        "dmean": 2.59413838387,
        "dmean2": 4.09100151062,
        "dvar": 5.48479986191,
        "dvar2": 13.9211196899,
        "max": 32.8267555237,
        "mean": 13.1843805313,
        "median": 12.2169408798,
        "min": 2.29210281372,
        "var": 28.6442947388
    },
    "erbbands_flatness_db": {
        "dmean": 0.0163820888847,
        "dmean2": 0.0236500743777,
        "dvar": 0.000236121675698,
        "dvar2": 0.000494967680424,
        "max": 0.512826919556,
        "mean": 0.30506876111,
        "median": 0.310403823853,
        "min": 0.0324679277837,
        "var": 0.00512876734138
    },
    "erbbands_kurtosis": {
        "dmean": 2.31610131264,
        "dmean2": 3.48561573029,
        "dvar": 18.2535953522,
        "dvar2": 39.8171234131,
        "max": 218.710479736,
        "mean": 5.24709415436,
        "median": 1.61238002777,
        "min": -1.84315037727,
        "var": 171.351272583
    },
    "erbbands_skewness": {
        "dmean": 0.415413171053,
        "dmean2": 0.619885921478,
        "dvar": 0.144858852029,
        "dvar2": 0.326697319746,
        "max": 11.7818107605,
        "mean": 1.22166442871,
        "median": 1.02050435543,
        "min": -3.68866014481,
        "var": 1.84755790234
    },
    "erbbands_spread": {
        "dmean": 3.3028242588,
        "dmean2": 4.97541856766,
        "dvar": 14.5743522644,
        "dvar2": 31.8532810211,
        "max": 123.035392761,
        "mean": 17.0960979462,
        "median": 12.9027881622,
        "min": 0.975390136242,
        "var": 279.492431641
    },
    "hfc": {
        "dmean": 1.46831214428,
        "dmean2": 1.89734816551,
        "dvar": 21.3468322754,
        "dvar2": 32.009475708,
        "max": 174.527130127,
        "mean": 5.75915193558,
        "median": 1.44923758507,
        "min": 1.19732421668e-16,
        "var": 179.328323364
    },
    "melbands_crest": {
        "dmean": 2.8725669384,
        "dmean2": 4.58995485306,
        "dvar": 6.16545772552,
        "dvar2": 15.7992267609,
        "max": 33.7346687317,
        "mean": 15.7479705811,
        "median": 15.0069141388,
        "min": 2.8020772934,
        "var": 26.7971801758
    },
    "melbands_flatness_db": {
        "dmean": 0.0233798827976,
        "dmean2": 0.0327456183732,
        "dvar": 0.000468287122203,
        "dvar2": 0.000876151025295,
        "max": 0.810540854931,
        "mean": 0.460297137499,
        "median": 0.447666108608,
        "min": 0.00770999211818,
        "var": 0.0106113944203
    },
    "melbands_kurtosis": {
        "dmean": 6.27665758133,
        "dmean2": 9.75626087189,
        "dvar": 159.610046387,
        "dvar2": 363.64151001,
        "max": 555.101867676,
        "mean": 19.4277954102,
        "median": 7.28056335449,
        "min": -1.83092951775,
        "var": 2233.28808594
    },
    "melbands_skewness": {
        "dmean": 0.553282439709,
        "dmean2": 0.843283772469,
        "dvar": 0.299479544163,
        "dvar2": 0.685922384262,
        "max": 18.9113941193,
        "mean": 2.19771170616,
        "median": 1.79797196388,
        "min": -1.96978509426,
        "var": 4.57022571564
    },
    "melbands_spread": {
        "dmean": 1.69105100632,
        "dmean2": 2.493724823,
        "dvar": 12.4648790359,
        "dvar2": 22.2599430084,
        "max": 132.320526123,
        "mean": 6.93321323395,
        "median": 4.72013187408,
        "min": 0.177060008049,
        "var": 87.3078231812
    },
    "pitch_salience": {
        "dmean": 0.0648314580321,
        "dmean2": 0.103173553944,
        "dvar": 0.00310963857919,
        "dvar2": 0.00787562131882,
        "max": 0.845111012459,
        "mean": 0.505605876446,
        "median": 0.51664185524,
        "min": 0.0479630194604,
        "var": 0.0180683415383
    },
    "silence_rate_20dB": {
        "dmean": 0.000335008371621,
        "dmean2": 0.000670072855428,
        "dvar": 0.000334863929311,
        "dvar2": 0.000669637694955,
        "max": 1,
        "mean": 0.999246299267,
        "median": 1,
        "min": 0,
        "var": 0.000753234839067
    },
    "silence_rate_30dB": {
        "dmean": 0.0093802344054,
        "dmean2": 0.0187620408833,
        "dvar": 0.00929324701428,
        "dvar2": 0.0200847443193,
        "max": 1,
        "mean": 0.974708974361,
        "median": 1,
        "min": 0,
        "var": 0.0246519204229
    },
    "silence_rate_60dB": {
        "dmean": 0.0318257957697,
        "dmean2": 0.0636569261551,
        "dvar": 0.0308088287711,
        "dvar2": 0.0694773644209,
        "max": 1,
        "mean": 0.412528276443,
        "median": 0,
        "min": 0,
        "var": 0.24234507978
    },
    "spectral_centroid": {
        "dmean": 56.4190750122,
        "dmean2": 82.6750564575,
        "dvar": 17091.7988281,
        "dvar2": 25247.09375,
        "max": 10625.9199219,
        "mean": 450.861328125,
        "median": 365.184417725,
        "min": 87.0926971436,
        "var": 142727.9375
    },
    "spectral_complexity": {
        "dmean": 0.958291471004,
        "dmean2": 1.58388471603,
        "dvar": 1.31615519524,
        "dvar2": 3.00263285637,
        "max": 30,
        "mean": 5.99179315567,
        "median": 6,
        "min": 0,
        "var": 19.4051246643
    },
    "spectral_decrease": {
        "dmean": 1.19304432999e-09,
        "dmean2": 1.67659675032e-09,
        "dvar": 8.07416207151e-18,
        "dvar2": 1.40816166913e-17,
        "max": -1.12252149724e-29,
        "mean": -4.30355662218e-09,
        "median": -1.26393517874e-09,
        "min": -1.1253808907e-07,
        "var": 6.61919322937e-17
    },
    "spectral_energy": {
        "dmean": 0.00462603103369,
        "dmean2": 0.00648613879457,
        "dvar": 0.000122601632029,
        "dvar2": 0.000212300685234,
        "max": 0.440574735403,
        "mean": 0.0167649742216,
        "median": 0.00492432480678,
        "min": 1.09024610011e-20,
        "var": 0.00101144064683
    },
    "spectral_energyband_high": {
        "dmean": 1.86504644262e-06,
        "dmean2": 2.55962481788e-06,
        "dvar": 3.16114329157e-10,
        "dvar2": 6.53753440272e-10,
        "max": 0.00124114612117,
        "mean": 4.51777577837e-06,
        "median": 1.4809236859e-07,
        "min": 8.32798493694e-21,
        "var": 1.08931152987e-09
    },
    "spectral_energyband_low": {
        "dmean": 0.00229794648476,
        "dmean2": 0.00343121425249,
        "dvar": 4.21385229856e-05,
        "dvar2": 9.03896361706e-05,
        "max": 0.2065756917,
        "mean": 0.00538966013119,
        "median": 0.00107926724013,
        "min": 3.22070545248e-23,
        "var": 0.000185974757187
    },
    "spectral_energyband_middle_high": {
        "dmean": 0.000323639775161,
        "dmean2": 0.000395308656152,
        "dvar": 2.13101884583e-06,
        "dvar2": 2.74715307569e-06,
        "max": 0.0702127888799,
        "mean": 0.00103434699122,
        "median": 0.00012324207637,
        "min": 1.45350163812e-21,
        "var": 1.45037129187e-05
    },
    "spectral_energyband_middle_low": {
        "dmean": 0.00325053930283,
        "dmean2": 0.00460227252916,
        "dvar": 6.92742469255e-05,
        "dvar2": 0.000122673707665,
        "max": 0.437671810389,
        "mean": 0.0112116113305,
        "median": 0.00288695353083,
        "min": 5.33846282152e-22,
        "var": 0.000563743698876
    },
    "spectral_entropy": {
        "dmean": 0.159030020237,
        "dmean2": 0.23689429462,
        "dvar": 0.023357052356,
        "dvar2": 0.0512895807624,
        "max": 9.78108501434,
        "mean": 5.70032167435,
        "median": 5.68596601486,
        "min": 3.49540638924,
        "var": 0.471143186092
    },
    "spectral_flux": {
        "dmean": 0.0110623463988,
        "dmean2": 0.0185624677688,
        "dvar": 0.000369048881112,
        "dvar2": 0.000940472877119,
        "max": 0.43372541666,
        "mean": 0.0366101078689,
        "median": 0.0266887489706,
        "min": 1.04414851765e-10,
        "var": 0.00131827045698
    },
    "spectral_kurtosis": {
        "dmean": 20.7730636597,
        "dmean2": 34.8498802185,
        "dvar": 556.79888916,
        "dvar2": 1517.10375977,
        "max": 574.274353027,
        "mean": 68.0556106567,
        "median": 53.9948387146,
        "min": -1.12535881996,
        "var": 3108.54589844
    },
    "spectral_rms": {
        "dmean": 0.000432003842434,
        "dmean2": 0.000610438815784,
        "dvar": 4.3325226784e-07,
        "dvar2": 7.97266409336e-07,
        "max": 0.0207323171198,
        "mean": 0.00296518416144,
        "median": 0.00219185301103,
        "min": 3.26137207518e-12,
        "var": 7.56374674893e-06
    },
    "spectral_rolloff": {
        "dmean": 77.2380142212,
        "dmean2": 132.452438354,
        "dvar": 91469.7734375,
        "dvar2": 134401.4375,
        "max": 18841.5527344,
        "mean": 460.114898682,
        "median": 387.59765625,
        "min": 64.599609375,
        "var": 229477.703125
    },
    "spectral_skewness": {
        "dmean": 1.06244575977,
        "dmean2": 1.79182422161,
        "dvar": 1.03396224976,
        "dvar2": 2.82405161858,
        "max": 20.9402885437,
        "mean": 5.72512245178,
        "median": 5.33459091187,
        "min": 0.0645422413945,
        "var": 7.0934419632
    },
    "spectral_spread": {
        "dmean": 261264.421875,
        "dmean2": 438513.125,
        "dvar": 141106413568,
        "dvar2": 238758952960,
        "max": 39041028,
        "mean": 1694609.125,
        "median": 1220382.5,
        "min": 215124.984375,
        "var": 2.75763953664e+12
    },
    "spectral_strongpeak": {
        "dmean": 0.237091273069,
        "dmean2": 0.363916516304,
        "dvar": 0.230787783861,
        "dvar2": 0.459504038095,
        "max": 13.3344678879,
        "mean": 0.688774347305,
        "median": 0.274223089218,
        "min": 0,
        "var": 1.42491519451
    },
    "zerocrossingrate": {
        "dmean": 0.00249669561163,
        "dmean2": 0.00314174359664,
        "dvar": 4.94071500725e-05,
        "dvar2": 5.28946766281e-05,
        "max": 0.5107421875,
        "mean": 0.0186141841114,
        "median": 0.01611328125,
        "min": 0.00146484375,
        "var": 0.000209157820791
    },
    "barkbands": {
        "dmean": [4.17178380303e-05, 0.00110525207128, 0.00109988206532, 0.000751547515392, 0.0013616833603, 0.000990516273305, 0.000659194833133, 0.000711959088221, 0.000182380812475, 0.000161598029081, 0.000140813470352, 5.19956811331e-05, 2.1110594389e-05, 5.04491872562e-05, 1.52824322868e-05, 3.10810646624e-05, 6.45676163913e-06, 8.41293604026e-06, 2.65540620603e-06, 1.44315424677e-06, 1.03308468624e-06, 3.88226624182e-07, 1.6183942364e-07, 5.91907856062e-08, 3.47595126016e-08, 3.01494962329e-09, 1.21111765061e-09],
        "dmean2": [7.20726020518e-05, 0.00164489960298, 0.0016944083618, 0.00121702731121, 0.00218423618935, 0.00139035622124, 0.000911778479349, 0.00094991712831, 0.000259081338299, 0.000223774914048, 0.000176913090399, 6.73470858601e-05, 2.70777418336e-05, 6.7065571784e-05, 2.15449217649e-05, 4.48252176284e-05, 8.64810135681e-06, 1.22124456539e-05, 3.51777612195e-06, 2.1851310521e-06, 1.40003521665e-06, 6.11734549238e-07, 2.23152625267e-07, 7.67258896417e-08, 4.57798634557e-08, 4.18145384984e-09, 1.93898386236e-09],
        "dvar": [1.07541113792e-08, 1.80375791388e-05, 9.60634133662e-06, 5.34091077498e-06, 1.24305151985e-05, 1.06274037535e-05, 8.35913306219e-06, 1.90102527995e-05, 1.33290757276e-06, 3.72397124693e-07, 1.25543135709e-06, 1.48637184338e-07, 1.09423012873e-08, 6.19694873194e-08, 3.5658984654e-09, 1.69486344959e-08, 1.47201262291e-09, 9.26504739596e-09, 1.46230283438e-09, 1.50753243222e-10, 2.7752794507e-10, 1.89972742398e-11, 9.58726370862e-13, 6.01542876925e-14, 2.96801869377e-14, 9.48304404951e-17, 1.29498599054e-17],
        "dvar2": [2.78217875405e-08, 3.95816859964e-05, 2.11726764974e-05, 1.40022502819e-05, 2.98422419291e-05, 1.4101798115e-05, 1.39743797263e-05, 3.45733424183e-05, 2.71801468443e-06, 6.43533326183e-07, 1.56682597208e-06, 1.96859375023e-07, 1.12117781725e-08, 9.4308816756e-08, 6.55145893091e-09, 3.21932525083e-08, 2.4530770748e-09, 1.49542209726e-08, 2.62112753724e-09, 3.37964017882e-10, 5.52978107748e-10, 5.90663074007e-11, 1.75028665606e-12, 1.23917830207e-13, 5.16425179801e-14, 1.87299829589e-16, 3.12198411082e-17],
        "max": [0.00359470397234, 0.162610054016, 0.0916226357222, 0.0741757005453, 0.103543944657, 0.305040389299, 0.136180862784, 0.180592551827, 0.0626625344157, 0.0302236694843, 0.0617480501533, 0.0365290902555, 0.00958165246993, 0.026890642941, 0.00217352621257, 0.0034854109399, 0.00278502563015, 0.00959174893796, 0.00398665061221, 0.00109697913285, 0.00121542043053, 0.000248956057476, 6.35441538179e-05, 1.19460646602e-05, 1.40257179737e-05, 4.02503189889e-07, 1.19360791473e-07],
        "mean": [0.000119728923892, 0.0025034584105, 0.00200412399136, 0.00129933166318, 0.00324640190229, 0.0024404800497, 0.00160473654978, 0.00199773348868, 0.000368452398106, 0.000328958936734, 0.000410154316342, 0.000153776840307, 5.231515388e-05, 0.000108837753942, 3.1895320717e-05, 4.95694075653e-05, 1.30623393488e-05, 2.0483004846e-05, 4.70546183351e-06, 3.7894894831e-06, 1.79129710887e-06, 7.01074668541e-07, 3.45452150441e-07, 1.03867073165e-07, 7.18410717582e-08, 6.69956179422e-09, 3.02384073336e-09],
        "median": [2.45848641498e-05, 0.000335703662131, 0.000317123980494, 0.000174566433998, 0.000726377824321, 0.000402523612138, 0.000144066390931, 7.41304975236e-05, 2.77595281659e-05, 2.76017999568e-05, 1.48950985022e-05, 5.51835728402e-06, 2.66116558123e-06, 5.13640907229e-06, 3.66582321476e-06, 3.62467835657e-06, 7.96514370904e-07, 4.2568575509e-07, 1.47676544771e-07, 5.48644401022e-08, 2.00528784688e-08, 1.52237440432e-08, 1.17197167526e-08, 4.54725146426e-09, 2.98188829184e-09, 1.47833101316e-09, 1.33586564033e-09],
        "min": [7.68551917874e-24, 1.75357768111e-23, 5.16821196536e-24, 1.7084493153e-23, 3.82701857998e-23, 1.32823022345e-22, 1.55304876568e-22, 1.01351889848e-22, 6.61671094424e-23, 6.15302860157e-23, 8.04872194133e-23, 6.86127423316e-23, 1.53076451796e-22, 9.26181898852e-23, 1.1042814477e-22, 9.47894948169e-23, 1.54847791627e-22, 3.48791151064e-22, 1.74851183725e-22, 2.63185732677e-22, 5.0157810984e-22, 3.78475393704e-22, 5.55138761322e-22, 7.50319458555e-22, 1.32429485514e-21, 2.15148304076e-21, 2.71086776702e-21],
        "var": [4.93806133761e-08, 8.17980107968e-05, 2.69513202511e-05, 1.30376720335e-05, 6.40896614641e-05, 9.00070153875e-05, 4.4611733756e-05, 0.000113792462798, 3.32101194545e-06, 1.58070702128e-06, 7.64738342696e-06, 1.54783367634e-06, 1.04933484124e-07, 4.48979335488e-07, 1.24684857994e-08, 3.55492026927e-08, 6.66320953968e-09, 5.25933572249e-08, 4.32935420847e-09, 8.0218859333e-10, 7.01894098398e-10, 4.71418876158e-11, 5.32964341063e-12, 1.38812870703e-13, 1.92465685858e-13, 3.17380810116e-16, 4.01421751547e-17]
    },
    "erbbands": {
        "dmean": [0.0271765012294, 0.276189386845, 0.987646341324, 2.26922011375, 3.05692100525, 4.42553949356, 8.81511688232, 6.5218129158, 9.71543693542, 9.08588409424, 17.4790287018, 4.67247724533, 5.84697389603, 5.19623231888, 2.6155860424, 2.24212479591, 1.21512496471, 2.83363437653, 0.916923046112, 1.08899259567, 1.31554031372, 0.382975429296, 0.258985698223, 0.47821816802, 0.0795886442065, 0.0483404360712, 0.0520007126033, 0.020430335775, 0.016642568633, 0.009243180044, 0.0049939355813, 0.00131203536876, 0.000940989237279, 0.000653927447274, 0.000131859967951, 2.52461468335e-05, 4.16490183852e-06, 1.03569811927e-06, 2.17575257011e-06, 5.10667268827e-06],
        "dmean2": [0.0379961654544, 0.418623119593, 1.55308413506, 3.50828289986, 4.95531988144, 6.95021295547, 14.3922662735, 8.63195991516, 12.770275116, 11.9381513596, 23.9559383392, 6.30041790009, 8.05357646942, 6.50789451599, 3.47849917412, 2.90641331673, 1.50280249119, 3.76389813423, 1.25873267651, 1.51709258556, 1.89052116871, 0.501086473465, 0.37738391757, 0.69277715683, 0.117380335927, 0.0714465454221, 0.072766572237, 0.0263849329203, 0.02865797095, 0.0142518188804, 0.00695960689336, 0.00168751121964, 0.00121876178309, 0.000860699918121, 0.000172475876752, 3.35893928423e-05, 5.5572850215e-06, 1.49319055254e-06, 3.00463216263e-06, 7.1376998676e-06],
        "dvar": [0.00740186916664, 1.20095813274, 7.23297929764, 47.3167457581, 74.1680450439, 175.440124512, 506.840454102, 559.731018066, 1705.77233887, 1645.73034668, 13655.1289062, 553.444030762, 519.035705566, 1823.71875, 133.927719116, 212.478866577, 60.2440338135, 176.249847412, 10.0120458603, 16.3760700226, 32.6082763672, 6.2805981636, 4.0970788002, 56.7733039856, 0.416886925697, 0.0963541865349, 0.726314842701, 0.0643737614155, 0.0448525324464, 0.00958253536373, 0.000742053263821, 2.69217380264e-05, 1.80390889e-05, 1.19977858049e-05, 3.24846951116e-07, 7.29348625939e-09, 1.02719339978e-10, 1.01430938301e-11, 2.71006220937e-11, 1.51140600035e-10],
        "dvar2": [0.0128258718178, 2.77103114128, 17.2379722595, 109.691162109, 201.899169922, 395.800109863, 1220.31921387, 550.748840332, 2367.36694336, 2285.87329102, 25855.5957031, 1089.50427246, 902.56829834, 2386.35083008, 181.073120117, 290.226196289, 66.3490066528, 270.473083496, 17.4719085693, 31.8216724396, 60.6387786865, 10.1207933426, 7.90693759918, 98.7942657471, 0.879377067089, 0.20295137167, 1.47248959541, 0.104950591922, 0.153948992491, 0.0242346860468, 0.00136979646049, 4.81389142806e-05, 3.8024969399e-05, 1.98735142476e-05, 6.55661835935e-07, 1.427944607e-08, 1.94485122451e-10, 2.23164490359e-11, 4.54074659817e-11, 2.59437110683e-10],
        "max": [3.62843537331, 39.36561203, 68.9527740479, 220.425613403, 204.918731689, 425.363433838, 947.91809082, 2677.95751953, 4047.68237305, 2125.03344727, 4955.62597656, 1004.08892822, 1190.15722656, 2354.32055664, 572.346862793, 1323.59570312, 782.51763916, 1422.46716309, 244.198120117, 156.244171143, 201.726745605, 195.96270752, 133.879776001, 684.813903809, 48.2953491211, 20.4530906677, 61.9230155945, 20.9659805298, 13.8582448959, 4.91080665588, 1.85470461845, 0.440008103848, 0.219089880586, 0.315667033195, 0.0228730551898, 0.00382154085673, 0.000337005330948, 0.000131520195282, 0.000208269644645, 0.000490826612804],
        "mean": [0.0663009434938, 0.601492464542, 1.75457179546, 4.22997903824, 5.4037194252, 11.4975948334, 19.2694778442, 16.7328052521, 24.2153682709, 23.271686554, 50.3037033081, 11.7634267807, 12.2776269913, 14.5983228683, 7.00353050232, 6.61893939972, 3.66471672058, 6.2794342041, 2.07081508636, 2.17299103737, 2.10002326965, 0.803666770458, 0.552771747112, 1.27973639965, 0.198177114129, 0.138939067721, 0.0942413583398, 0.0410626269877, 0.0289068110287, 0.0153527418151, 0.0104831224307, 0.00263973465189, 0.00168116355781, 0.00136113655753, 0.000259264779743, 5.67775314266e-05, 1.36439657581e-05, 3.31734599968e-06, 8.31373472465e-06, 1.86391207535e-05],
        "median": [0.00960611552, 0.0752619504929, 0.331119865179, 0.611097157001, 0.936581671238, 2.12320566177, 3.83073043823, 2.84688615799, 2.72959208488, 1.94351661205, 1.5310229063, 0.875493407249, 1.23560321331, 0.546420693398, 0.61037927866, 0.307789057493, 0.195934846997, 0.401709109545, 0.25720179081, 0.288143008947, 0.203278526664, 0.0561592504382, 0.028765194118, 0.0181167945266, 0.00648996280506, 0.0028587304987, 0.0014542657882, 0.000790033780504, 0.000685982289724, 0.000478512258269, 0.000353679381078, 0.000134779606014, 7.94485385995e-05, 5.17177686561e-05, 2.36966880038e-05, 1.14930198833e-05, 4.94695677844e-06, 1.24221674014e-06, 2.59567218563e-06, 5.48141724721e-06],
        "min": [2.08415574412e-22, 4.63836399e-21, 9.39503177126e-21, 2.64279843625e-20, 1.15966004366e-19, 1.05317760039e-19, 3.78805965651e-19, 1.40833682462e-18, 1.35826665157e-18, 2.83526308595e-18, 2.2703446361e-18, 1.27919376848e-18, 2.51205549648e-18, 1.51612517928e-18, 3.58099763423e-18, 3.4875096814e-18, 5.09625106854e-18, 6.49948480917e-18, 3.57751603103e-18, 7.39589216719e-18, 6.52906437429e-18, 9.93077061075e-18, 1.81466766977e-17, 1.27042931426e-17, 7.70484578034e-18, 1.0819572043e-17, 2.03626819782e-17, 1.6729893325e-17, 1.38375917931e-17, 1.9939249877e-17, 1.3713225188e-17, 1.26510599342e-17, 1.41955823274e-17, 1.37627518e-17, 1.00621459172e-17, 8.07982660434e-18, 4.06038519515e-18, 1.5744485469e-18, 3.29628217079e-19, 4.23487586929e-20],
        "var": [0.053735461086, 4.6477599144, 17.5047416687, 125.064178467, 150.676361084, 1044.66931152, 2757.36669922, 5111.31933594, 12377.40625, 9004.59960938, 81677.203125, 2138.79321289, 2225.21850586, 10566.0507812, 838.320068359, 2096.52807617, 684.585571289, 1270.44042969, 54.9880523682, 43.7957229614, 60.0711135864, 29.0702419281, 13.7978601456, 302.756011963, 2.11028671265, 0.733268976212, 1.77460277081, 0.266507416964, 0.0881585925817, 0.016558336094, 0.00434735603631, 0.0001573223999, 4.26316582889e-05, 9.00693921722e-05, 9.86368604572e-07, 2.23156924051e-08, 5.9283838949e-10, 4.60088703247e-11, 2.35977654084e-10, 1.25708199405e-09]
    },
    "gfcc": {
        "mean": [-271.836242676, 207.175262451, -77.1595611572, -2.8477602005, -27.7569637299, -8.28591823578, -31.9496612549, -7.97240781784, -3.07515573502, -9.44497489929, -4.93037176132, -7.17291593552, -0.559410810471],
        "cov": [[29563.9882812, 5422.40380859, -6554.86572266, -2186.22753906, -988.849182129, -853.741699219, -343.902435303, -594.996154785, 716.300354004, -923.826721191, 420.521911621, -588.593566895, 415.681335449], [5422.40380859, 2693.39306641, -569.292602539, -1115.49584961, 149.077407837, -375.986755371, 6.11687469482, -259.745697021, 155.846282959, -356.764923096, 4.91136360168, -56.3111381531, 156.041702271], [-6554.86572266, -569.292602539, 2453.95874023, 379.842590332, 214.722488403, 134.709411621, 93.5308532715, 115.935585022, -141.201461792, 98.4593276978, -119.305801392, 97.5111618042, -116.340087891], [-2186.22753906, -1115.49584961, 379.842590332, 826.869262695, 4.33297491074, 86.7242050171, 39.9098548889, 68.2498092651, -99.2669830322, 144.124511719, -13.4773960114, 10.8178138733, -70.407623291], [-988.849182129, 149.077407837, 214.722488403, 4.33297491074, 368.799865723, 40.2077026367, 5.19997882843, -13.3197336197, -17.2626972198, -6.55580568314, -59.9989013672, 25.4685153961, 41.2516555786], [-853.741699219, -375.986755371, 134.709411621, 86.7242050171, 40.2077026367, 260.05456543, 6.60257673264, 77.3935852051, 18.7644290924, 46.6856193542, -7.18337774277, -2.00131917, -11.6837062836], [-343.902435303, 6.11687469482, 93.5308532715, 39.9098548889, 5.19997882843, 6.60257673264, 275.181030273, 34.8768119812, -37.6860237122, 50.8966331482, 11.4795408249, 13.1527242661, -13.1623296738], [-594.996154785, -259.745697021, 115.935585022, 68.2498092651, -13.3197336197, 77.3935852051, 34.8768119812, 175.457778931, 44.4581718445, 44.7937965393, 6.8150510788, -5.86985445023, -25.0024185181], [716.300354004, 155.846282959, -141.201461792, -99.2669830322, -17.2626972198, 18.7644290924, -37.6860237122, 44.4581718445, 170.402069092, 15.2110710144, 20.8808135986, 6.97549915314, 0.648668944836], [-923.826721191, -356.764923096, 98.4593276978, 144.124511719, -6.55580568314, 46.6856193542, 50.8966331482, 44.7937965393, 15.2110710144, 223.305114746, 81.7973861694, 8.47318172455, -15.5692777634], [420.521911621, 4.91136360168, -119.305801392, -13.4773960114, -59.9989013672, -7.18337774277, 11.4795408249, 6.8150510788, 20.8808135986, 81.7973861694, 163.957901001, 27.3336677551, -27.4541244507], [-588.593566895, -56.3111381531, 97.5111618042, 10.8178138733, 25.4685153961, -2.00131917, 13.1527242661, -5.86985445023, 6.97549915314, 8.47318172455, 27.3336677551, 140.325119019, 17.6733112335], [415.681335449, 156.041702271, -116.340087891, -70.407623291, 41.2516555786, -11.6837062836, -13.1623296738, -25.0024185181, 0.648668944836, -15.5692777634, -27.4541244507, 17.6733112335, 127.32749939]],
        "icov": [[0.000375656527467, -0.000797174405307, 0.000721710908692, -0.000608211383224, 0.000823695154395, -0.000326286593918, 0.000112681380415, -7.73645388108e-06, -0.000469427293865, 0.000631446368061, -0.000636095064692, 0.000793181883637, -0.00038064821274], [-0.000797174405307, 0.00413311738521, -0.00188155355863, 0.00337936379947, -0.00310657522641, 0.00286094774492, -0.00176982698031, 0.002125272993, -0.00163766066544, 0.00163317006081, -0.000985389342532, 0.000507376738824, -0.000884694512933], [0.000721710908692, -0.00188155355863, 0.00202834513038, -0.00148974428885, 0.00152034836356, -0.00101368315518, 0.000469768303446, -0.000671496381983, 7.6910118878e-06, 0.000394733506255, -0.000192819963559, 0.000598891463596, 0.00023391614377], [-0.000608211383224, 0.00337936379947, -0.00148974428885, 0.00453400565311, -0.00238719442859, 0.0021527018398, -0.00121699308511, 0.00131192710251, -0.000229586541536, 0.000142476012115, -5.00456189911e-05, 0.000125643302454, 8.32095029182e-05], [0.000823695154395, -0.00310657522641, 0.00152034836356, -0.00238719442859, 0.00579388067126, -0.00244046747684, 0.00104599806946, -0.000704070203938, 0.000454044231446, -0.000529013050254, 0.000919248035643, 5.56838967896e-05, -0.000820506596938], [-0.000326286593918, 0.00286094774492, -0.00101368315518, 0.0021527018398, -0.00244046747684, 0.00692476751283, -0.00120518729091, 6.48330969852e-05, -0.00216131145135, 0.00147535174619, -0.00119339162484, 0.00136692123488, -0.00111815973651], [0.000112681380415, -0.00176982698031, 0.000469768303446, -0.00121699308511, 0.00104599806946, -0.00120518729091, 0.00515827629715, -0.00244148611091, 0.00295964279212, -0.00282180146314, 0.00162905908655, -0.00173237686977, 0.00139329070225], [-7.73645388108e-06, 0.002125272993, -0.000671496381983, 0.00131192710251, -0.000704070203938, 6.48330969852e-05, -0.00244148611091, 0.00984688103199, -0.00494708959013, 0.00226773810573, -0.00202616560273, 0.0025907503441, -0.00104614871088], [-0.000469427293865, -0.00163766066544, 7.6910118878e-06, -0.000229586541536, 0.000454044231446, -0.00216131145135, 0.00295964279212, -0.00494708959013, 0.0116331074387, -0.00543311052024, 0.00383402872831, -0.00460530025885, 0.00315097044222], [0.000631446368061, 0.00163317006081, 0.000394733506255, 0.000142476012115, -0.000529013050254, 0.00147535174619, -0.00282180146314, 0.00226773810573, -0.00543311052024, 0.0122490897775, -0.0083749787882, 0.00518115237355, -0.00416259421036], [-0.000636095064692, -0.000985389342532, -0.000192819963559, -5.00456189911e-05, 0.000919248035643, -0.00119339162484, 0.00162905908655, -0.00202616560273, 0.00383402872831, -0.0083749787882, 0.0134796388447, -0.00631023803726, 0.0051823281683], [0.000793181883637, 0.000507376738824, 0.000598891463596, 0.000125643302454, 5.56838967896e-05, 0.00136692123488, -0.00173237686977, 0.0025907503441, -0.00460530025885, 0.00518115237355, -0.00631023803726, 0.0122305918485, -0.00455877929926], [-0.00038064821274, -0.000884694512933, 0.00023391614377, 8.32095029182e-05, -0.000820506596938, -0.00111815973651, 0.00139329070225, -0.00104614871088, 0.00315097044222, -0.00416259421036, 0.0051823281683, -0.00455877929926, 0.0117673575878]]
    },
    "melbands": {
        "dmean": [0.00027223493089, 0.000459898787085, 0.000370802474208, 0.000253552454524, 0.000286782858893, 0.000164293829584, 0.000150159321493, 0.000100494347862, 0.000136332848342, 2.2253518182e-05, 2.86749254883e-05, 1.94125768758e-05, 1.24425796457e-05, 4.25919506597e-06, 6.15141880189e-06, 1.95584948415e-06, 6.19857291895e-06, 1.46620004671e-06, 1.10210646653e-06, 2.57457486441e-06, 1.15615284813e-06, 4.16537261572e-07, 2.36489128724e-07, 2.83497996634e-07, 4.23480884137e-07, 3.30119007685e-08, 5.92780189379e-08, 3.06057401644e-08, 2.37799060443e-08, 3.68573722653e-08, 4.73123940026e-09, 1.20527552383e-08, 6.40342889824e-09, 4.40911129829e-09, 3.89847620852e-09, 1.20311205443e-09, 7.65797147917e-10, 7.2488304248e-10, 6.35843988572e-10, 5.56914347971e-10],
        "dmean2": [0.000387538195355, 0.000713121437002, 0.000580960942898, 0.000402814563131, 0.00046008019126, 0.00021568867669, 0.000195080472622, 0.000131174383569, 0.000186817516806, 3.04409149976e-05, 3.97907097067e-05, 2.4638729883e-05, 1.62115684361e-05, 5.87978229305e-06, 7.55330802349e-06, 2.61082072939e-06, 8.26156974654e-06, 2.02704450203e-06, 1.56842315846e-06, 3.67441657545e-06, 1.6758538095e-06, 5.51221603473e-07, 3.27918797893e-07, 4.17947916276e-07, 6.14012435562e-07, 4.92910956496e-08, 8.84835600345e-08, 4.54620945334e-08, 3.3470264782e-08, 5.01428374378e-08, 5.53264278835e-09, 2.11341522061e-08, 1.03580468647e-08, 6.70557298577e-09, 5.53558621164e-09, 1.58328716804e-09, 1.03169683907e-09, 9.56160706167e-10, 8.6379892128e-10, 7.48663353534e-10],
        "dvar": [9.90018520497e-07, 1.79820733592e-06, 1.05708056708e-06, 5.85176508139e-07, 5.01935460306e-07, 3.73634492234e-07, 3.98728985829e-07, 2.05737052283e-07, 7.91118281995e-07, 1.31292354766e-08, 1.25351382607e-08, 2.51533993634e-08, 5.92209703498e-09, 2.66719590858e-10, 3.52742968168e-09, 8.50239947892e-11, 9.22091125677e-10, 2.90152919052e-11, 2.34545022293e-11, 1.17120355081e-10, 2.85079355955e-11, 8.86161196506e-12, 2.74049880011e-12, 9.6178490519e-12, 4.62695090575e-11, 2.68808294444e-14, 5.31428742158e-13, 5.01395122253e-14, 1.17258823094e-13, 4.01263495087e-13, 3.91547629077e-15, 2.37425842333e-14, 5.82518618574e-15, 1.31926609733e-15, 5.79192076668e-16, 5.77892992825e-17, 9.76357176635e-18, 1.4803209353e-17, 7.35672930109e-18, 1.00019900343e-17],
        "dvar2": [1.93711025531e-06, 4.28911380368e-06, 2.54202700489e-06, 1.52641575824e-06, 1.15969010039e-06, 3.65416269688e-07, 5.58275587537e-07, 2.76884520645e-07, 1.49640857217e-06, 2.62809347618e-08, 2.18210853831e-08, 3.3446514891e-08, 7.50257633797e-09, 4.4781173214e-10, 4.18679668712e-09, 9.05031674603e-11, 1.41278788668e-09, 5.01530691976e-11, 4.49922529788e-11, 2.31633504044e-10, 5.37800984302e-11, 1.45569650084e-11, 4.97000747848e-12, 1.66584315786e-11, 8.07275357673e-11, 5.81275140326e-14, 1.14972159397e-12, 1.0698528245e-13, 2.40323413296e-13, 8.00535744465e-13, 3.85251760235e-15, 8.23665137831e-14, 1.50663478275e-14, 3.236899562e-15, 1.11779412275e-15, 7.89251602141e-17, 1.98850827817e-17, 3.04661008992e-17, 1.55995973401e-17, 1.5186040121e-17],
        "max": [0.0414778739214, 0.0349353738129, 0.0327048934996, 0.0163839459419, 0.0244244337082, 0.0690854862332, 0.0549715273082, 0.0267798993737, 0.0373339913785, 0.00549144670367, 0.0058688824065, 0.00868454854935, 0.00416591856629, 0.000844794849399, 0.00629861885682, 0.00130889611319, 0.00326935807243, 0.000460969109554, 0.000195632164832, 0.000380576064344, 0.000216073472984, 0.000240953304456, 9.44576240727e-05, 0.000282684137346, 0.000613187556155, 7.88801753515e-06, 6.9464527769e-05, 1.9573219106e-05, 2.38549691858e-05, 4.74472071801e-05, 7.61738419897e-06, 9.89641011984e-06, 4.04540833188e-06, 1.57496435804e-06, 1.38661630444e-06, 1.07511914393e-06, 1.40704713658e-07, 2.56267725263e-07, 8.88420927936e-08, 3.09923620989e-07],
        "mean": [0.000683228368871, 0.000917483237572, 0.000757409026846, 0.000555179547518, 0.000692443572916, 0.000422526121838, 0.000381316815037, 0.000263978552539, 0.000385081366403, 5.02400762343e-05, 5.76245220145e-05, 5.30920333404e-05, 3.48582325387e-05, 1.11385561468e-05, 1.90587852558e-05, 4.70035138278e-06, 1.33361509143e-05, 3.09451024805e-06, 2.31114745475e-06, 4.33928062193e-06, 1.73448029273e-06, 8.49730270147e-07, 4.70259635676e-07, 6.93766764925e-07, 1.12415114017e-06, 6.7084748423e-08, 1.4754552069e-07, 8.83877859792e-08, 4.32817266471e-08, 6.37840003037e-08, 1.07169935148e-08, 1.92606517402e-08, 9.96268667564e-09, 7.38373273634e-09, 7.83835929496e-09, 2.41808484347e-09, 1.32447230961e-09, 1.24940402468e-09, 1.05774733417e-09, 1.14854414868e-09],
        "median": [9.75926450337e-05, 0.000171123450855, 0.000137192706461, 0.000109582782898, 0.000134506597533, 6.63845712552e-05, 3.84266895708e-05, 1.83840656973e-05, 1.03507372842e-05, 4.63963806396e-06, 5.42718498764e-06, 1.46419154134e-06, 1.87009402453e-06, 1.00032161754e-06, 3.63528528169e-07, 2.78654312069e-07, 6.49291052923e-07, 3.28156261276e-07, 2.71506877425e-07, 3.37353526447e-07, 1.58634165359e-07, 4.50644712657e-08, 2.4942453436e-08, 1.56539030627e-08, 1.14324079092e-08, 3.45781159261e-09, 1.80830095342e-09, 1.17689658019e-09, 6.97966406893e-10, 4.878956128e-10, 2.23594948112e-10, 3.52009893456e-10, 1.96878166547e-10, 2.08724815209e-10, 2.14902720619e-10, 7.34070304542e-11, 5.58994101008e-11, 4.63257314454e-11, 3.58664972722e-11, 3.27660537591e-11],
        "min": [3.99501723826e-24, 6.05926546212e-24, 7.67794532519e-24, 8.50033755205e-24, 1.08237135671e-23, 2.93298610779e-23, 2.52563648013e-23, 3.07636315503e-23, 1.59077777397e-23, 8.5793301388e-24, 1.25835557504e-23, 5.42584368182e-24, 1.29809112992e-23, 7.92412435902e-24, 8.75542124778e-24, 1.54616311438e-23, 1.13904430743e-23, 5.60394086408e-24, 9.40080886473e-24, 6.41280175984e-24, 8.74184258502e-24, 9.64139645246e-24, 1.50594146341e-23, 1.60574940732e-23, 9.97914488245e-24, 5.72167440988e-24, 6.83159381492e-24, 6.92594157919e-24, 1.2321857456e-23, 1.17574369446e-23, 9.01070610304e-24, 6.69301304198e-24, 9.01703040092e-24, 1.24773529845e-23, 7.4935995757e-24, 6.28164180143e-24, 9.15273735358e-24, 8.93825869523e-24, 1.30423580417e-23, 1.11773827879e-23],
        "var": [5.99101167609e-06, 5.34872879143e-06, 3.25419000546e-06, 1.74818615051e-06, 3.3141568565e-06, 3.47402146872e-06, 2.78278253063e-06, 1.17268450595e-06, 4.64631420982e-06, 4.20872261486e-08, 5.33376862677e-08, 1.43926158103e-07, 3.7086653748e-08, 1.76870129653e-09, 3.88175678268e-08, 1.04170494453e-09, 6.6533600851e-09, 1.62398178238e-10, 7.49707171344e-11, 2.64824606688e-10, 4.73572882298e-11, 4.29459107165e-11, 9.02171566619e-12, 5.20457739406e-11, 2.44740588906e-10, 1.11896860592e-13, 2.60146266508e-12, 4.70535828183e-13, 3.05531533233e-13, 1.0205286052e-12, 2.37167429521e-14, 4.41266760545e-14, 1.07659513899e-14, 2.46617771879e-15, 2.67120712587e-15, 5.28761587873e-16, 2.39194560417e-17, 3.37850473018e-17, 1.92301228271e-17, 8.38047515871e-17]
    },
    "mfcc": {
        "mean": [-882.50958252, 203.563201904, 30.9325084686, 11.727730751, 19.9633407593, 2.97019100189, -9.18007850647, -0.836891829967, 0.715303778648, 0.442465752363, -2.41698169708, -3.20083189011, 2.04679608345],
        "cov": [[12600.1728516, 6606.56201172, -2151.43798828, -1120.06518555, -312.966339111, -786.720336914, -932.214172363, -95.4964370728, -266.843353271, -146.274490356, -163.803573608, -190.650985718, -59.5467453003], [6606.56201172, 4676.74121094, -540.106811523, -735.890441895, -113.164970398, -409.762634277, -536.5625, -91.8824462891, -80.9733657837, -148.046173096, -190.300460815, -137.632278442, -76.7747573853], [-2151.43798828, -540.106811523, 1046.68859863, 314.500152588, 65.8571853638, 171.880599976, 163.820159912, -8.65514278412, 41.9262161255, 4.91977214813, -5.18663692474, 30.1554851532, -12.8560009003], [-1120.06518555, -735.890441895, 314.500152588, 421.187469482, 103.948898315, 99.8478546143, 124.5417099, 12.850982666, -7.00556230545, -1.40765142441, 44.6246871948, 20.7601394653, 8.01436710358], [-312.966339111, -113.164970398, 65.8571853638, 103.948898315, 248.317016602, 79.5116500854, -26.33502388, 9.41086387634, 36.7909927368, -6.93222904205, -21.9285411835, -17.8744831085, -1.7251008749], [-786.720336914, -409.762634277, 171.880599976, 99.8478546143, 79.5116500854, 176.901763916, 109.358299255, 4.01810693741, 30.3564777374, 1.68038702011, -9.8064250946, -0.663343846798, -10.6497859955], [-932.214172363, -536.5625, 163.820159912, 124.5417099, -26.33502388, 109.358299255, 231.870452881, 44.4758224487, 7.51776599884, 23.9928913116, 19.8612995148, 15.5020942688, -12.0384302139], [-95.4964370728, -91.8824462891, -8.65514278412, 12.850982666, 9.41086387634, 4.01810693741, 44.4758224487, 136.800720215, 59.9780006409, -15.1065139771, 2.64496207237, -10.0907640457, -3.25463151932], [-266.843353271, -80.9733657837, 41.9262161255, -7.00556230545, 36.7909927368, 30.3564777374, 7.51776599884, 59.9780006409, 160.418212891, 37.0883636475, -34.9650497437, -33.6983108521, 5.44705343246], [-146.274490356, -148.046173096, 4.91977214813, -1.40765142441, -6.93222904205, 1.68038702011, 23.9928913116, -15.1065139771, 37.0883636475, 139.878356934, 49.2923927307, 2.38475847244, 12.7836713791], [-163.803573608, -190.300460815, -5.18663692474, 44.6246871948, -21.9285411835, -9.8064250946, 19.8612995148, 2.64496207237, -34.9650497437, 49.2923927307, 161.173690796, 72.3142166138, 17.1795368195], [-190.650985718, -137.632278442, 30.1554851532, 20.7601394653, -17.8744831085, -0.663343846798, 15.5020942688, -10.0907640457, -33.6983108521, 2.38475847244, 72.3142166138, 165.087982178, 57.3225135803], [-59.5467453003, -76.7747573853, -12.8560009003, 8.01436710358, -1.7251008749, -10.6497859955, -12.0384302139, -3.25463151932, 5.44705343246, 12.7836713791, 17.1795368195, 57.3225135803, 185.491836548]],
