{
"lowlevel": {
    "average_loudness": 0.657759785652,
    "barkbands_crest": {
        "dmean": 1.6989120245,
        "dmean2": 2.73224616051,
        "dvar": 2.60396885872,
        "dvar2": 6.64106416702,
        "max": 25.4630889893,
        "mean": 10.9513731003,
        "median": 10.0642108917,
        "min": 3.58368015289,
        "var": 15.8254175186
    },
    "barkbands_flatness_db": {
        "dmean": 0.0184833742678,
        "dmean2": 0.0305385030806,
        "dvar": 0.000366803782526,
        "dvar2": 0.000957021082286,
        "max": 0.712374091148,
        "mean": 0.333938270807,
        "median": 0.331934511662,
        "min": 0.0511165000498,
        "var": 0.00982577074319
    },
    "barkbands_kurtosis": {
        "dmean": 1.48334264755,
        "dmean2": 2.35657310486,
        "dvar": 3.53382825851,
        "dvar2": 8.86196613312,
        "max": 67.3907623291,
        "mean": 3.57732343674,
        "median": 2.56804704666,
        "min": -1.7419244051,
        "var": 18.1805458069
    },
    "barkbands_skewness": {
        "dmean": 0.316966056824,
        "dmean2": 0.505792140961,
        "dvar": 0.0921969786286,
        "dvar2": 0.23391571641,
        "max": 6.30112934113,
        "mean": 1.04351985455,
        "median": 1.04909515381,
        "min": -2.40585851669,
        "var": 0.818378448486
    },
    "barkbands_spread": {
        "dmean": 1.23924875259,
        "dmean2": 1.92509531975,
        "dvar": 4.17069911957,
        "dvar2": 9.41993045807,
        "max": 70.9324493408,
        "mean": 6.24847316742,
        "median": 5.06680011749,
        "min": 0.458444923162,
        "var": 25.1450328827
    },
    "dissonance": {
        "dmean": 0.0398012623191,
        "dmean2": 0.0672790557146,
        "dvar": 0.00152291811537,
        "dvar2": 0.0042166817002,
        "max": 0.499995529652,
        "mean": 0.380402654409,
        "median": 0.394941538572,
        "min": 0.0666345357895,
        "var": 0.00559489522129
    },
    "dynamic_complexity": 4.03825092316,
    "erbbands_crest": {
        "dmean": 2.16718173027,
        "dmean2": 3.40046548843,
        "dvar": 4.80129766464,
        "dvar2": 11.7607765198,
        "max": 31.2286472321,
        "mean": 12.9633617401,
        "median": 11.788646698,
        "min": 2.78053045273,
        "var": 30.474861145
    },
    "erbbands_flatness_db": {
        "dmean": 0.0137429265305,
        "dmean2": 0.0217920299619,
        "dvar": 0.000202030103537,
        "dvar2": 0.000491648970637,
        "max": 0.574057340622,
        "mean": 0.335930973291,
        "median": 0.337328076363,
        "min": 0.0415061078966,
        "var": 0.00814888440073
    },
    "erbbands_kurtosis": {
        "dmean": 1.09012007713,
        "dmean2": 1.69844508171,
        "dvar": 2.28457164764,
        "dvar2": 5.22369861603,
        "max": 32.1822242737,
        "mean": 1.84762108326,
        "median": 0.816829204559,
        "min": -1.7685418129,
        "var": 10.8081932068
    },
    "erbbands_skewness": {
        "dmean": 0.288492053747,
        "dmean2": 0.445180952549,
        "dvar": 0.0775361359119,
        "dvar2": 0.179665461183,
        "max": 5.07141304016,
        "mean": 0.65058016777,
        "median": 0.596866250038,
        "min": -2.95824742317,
        "var": 0.649076104164
    },
    "erbbands_spread": {
        "dmean": 2.60569596291,
        "dmean2": 4.0688662529,
        "dvar": 13.5105142593,
        "dvar2": 30.1397819519,
        "max": 103.227516174,
        "mean": 14.6499938965,
        "median": 11.8989009857,
        "min": 1.11612856388,
        "var": 127.65297699
    },
    "hfc": {
        "dmean": 1.88946688175,
        "dmean2": 2.8240146637,
        "dvar": 8.59144115448,
        "dvar2": 18.3541812897,
        "max": 90.8923110962,
        "mean": 10.2803020477,
        "median": 8.45840263367,
        "min": 1.08512662954e-16,
        "var": 75.9810943604
    },
    "melbands_crest": {
        "dmean": 2.24888086319,
        "dmean2": 3.69814610481,
        "dvar": 4.50160837173,
        "dvar2": 12.1662998199,
        "max": 32.533367157,
        "mean": 14.0089969635,
        "median": 12.994427681,
        "min": 1.58980572224,
        "var": 27.0292301178
    },
    "melbands_flatness_db": {
        "dmean": 0.0201093368232,
        "dmean2": 0.0325509831309,
        "dvar": 0.000531126221176,
        "dvar2": 0.00132523512002,
        "max": 0.903423607349,
        "mean": 0.44101318717,
        "median": 0.44110929966,
        "min": 0.00244360486977,
        "var": 0.0158209968358
    },
    "melbands_kurtosis": {
        "dmean": 1.95302402973,
        "dmean2": 3.12196731567,
        "dvar": 7.82378911972,
        "dvar2": 20.8219184875,
        "max": 90.7902526855,
        "mean": 5.22569704056,
        "median": 3.42686367035,
        "min": -1.75442326069,
        "var": 40.7867965698
    },
    "melbands_skewness": {
        "dmean": 0.351619750261,
        "dmean2": 0.562237620354,
        "dvar": 0.114302128553,
        "dvar2": 0.290420204401,
        "max": 7.3147983551,
        "mean": 1.39196562767,
        "median": 1.32312166691,
        "min": -1.71828639507,
        "var": 1.06301856041
    },
    "melbands_spread": {
        "dmean": 1.6127781868,
        "dmean2": 2.54302835464,
        "dvar": 11.4379272461,
        "dvar2": 24.7016010284,
        "max": 161.69720459,
        "mean": 9.20995330811,
        "median": 7.02878952026,
        "min": 0.613903999329,
        "var": 181.019439697
    },
    "pitch_salience": {
        "dmean": 0.0514197424054,
        "dmean2": 0.0841169804335,
        "dvar": 0.00212180544622,
        "dvar2": 0.0055529884994,
        "max": 0.950093567371,
        "mean": 0.575591921806,
        "median": 0.577275156975,
        "min": 0.207470878959,
        "var": 0.00989645067602
    },
    "silence_rate_20dB": {
        "dmean": 0,
        "dmean2": 0,
        "dvar": 0,
        "dvar2": 0,
        "max": 1,
        "mean": 1,
        "median": 1,
        "min": 1,
        "var": 0
    },
    "silence_rate_30dB": {
        "dmean": 0.00208550575189,
        "dmean2": 0.00417137378827,
        "dvar": 0.00208110990934,
        "dvar2": 0.0050236005336,
        "max": 1,
        "mean": 0.997132658958,
        "median": 1,
        "min": 0,
        "var": 0.00285895960405
    },
    "silence_rate_60dB": {
        "dmean": 0.00677789375186,
        "dmean2": 0.0135569656268,
        "dvar": 0.00673178723082,
        "dvar2": 0.0161535292864,
        "max": 1,
        "mean": 0.11078286916,
        "median": 0,
        "min": 0,
        "var": 0.0985063835979
    },
    "spectral_centroid": {
        "dmean": 59.0669975281,
        "dmean2": 91.2093048096,
        "dvar": 38777.1054688,
        "dvar2": 70452.890625,
        "max": 11901.0498047,
        "mean": 587.52947998,
        "median": 444.651275635,
        "min": 164.972686768,
        "var": 1147346
    },
    "spectral_complexity": {
        "dmean": 1.29440391064,
        "dmean2": 2.17537140846,
        "dvar": 1.60947751999,
        "dvar2": 4.07874441147,
        "max": 28,
        "mean": 10.7608823776,
        "median": 11,
        "min": 0,
        "var": 20.0353927612
    },
    "spectral_decrease": {
        "dmean": 1.32155164589e-09,
        "dmean2": 2.10072181872e-09,
        "dvar": 3.54012664016e-18,
        "dvar2": 9.2356146414e-18,
        "max": 1.73102053771e-28,
        "mean": -7.0245169681e-09,
        "median": -6.1491753911e-09,
        "min": -4.82447894967e-08,
        "var": 2.99233876993e-17
    },
    "spectral_energy": {
        "dmean": 0.00513852480799,
        "dmean2": 0.00815108697861,
        "dvar": 5.33695456397e-05,
        "dvar2": 0.000138363277074,
        "max": 0.190248563886,
        "mean": 0.0274446047843,
        "median": 0.0240844879299,
        "min": 1.01455568133e-20,
        "var": 0.000455357891042
    },
    "spectral_energyband_high": {
        "dmean": 1.29978243422e-05,
        "dmean2": 1.79138387466e-05,
        "dvar": 7.77138442487e-09,
        "dvar2": 1.29489885481e-08,
        "max": 0.00532949017361,
        "mean": 3.22102132486e-05,
        "median": 3.99743584012e-07,
        "min": 7.21562896145e-21,
        "var": 4.04298496903e-08
    },
    "spectral_energyband_low": {
        "dmean": 0.00221432512626,
        "dmean2": 0.00372023507953,
        "dvar": 1.65069232025e-05,
        "dvar2": 5.22204172739e-05,
        "max": 0.0668207630515,
        "mean": 0.0068653607741,
        "median": 0.0040578385815,
        "min": 1.46022681618e-23,
        "var": 6.37248158455e-05
    },
    "spectral_energyband_middle_high": {
        "dmean": 0.00049476273125,
        "dmean2": 0.000725823570974,
        "dvar": 1.16219234769e-06,
        "dvar2": 2.25931967179e-06,
        "max": 0.0322713926435,
        "mean": 0.001675642794,
        "median": 0.00100067502353,
        "min": 1.20042819348e-21,
        "var": 5.76394177187e-06
    },
    "spectral_energyband_middle_low": {
        "dmean": 0.00424343068153,
        "dmean2": 0.0066484156996,
        "dvar": 3.87351610698e-05,
        "dvar2": 9.52798582148e-05,
        "max": 0.166150450706,
        "mean": 0.0212528780103,
        "median": 0.0175144653767,
        "min": 1.46882770352e-22,
        "var": 0.000320836901665
    },
    "spectral_entropy": {
        "dmean": 0.122697591782,
        "dmean2": 0.194614514709,
        "dvar": 0.0228245519102,
        "dvar2": 0.0498433187604,
        "max": 9.82293796539,
        "mean": 5.80873918533,
        "median": 5.82153844833,
        "min": 3.98896193504,
        "var": 0.474459528923
    },
    "spectral_flux": {
        "dmean": 0.0143129546195,
        "dmean2": 0.0229358524084,
        "dvar": 0.00032598033431,
        "dvar2": 0.000803865259513,
        "max": 0.250503927469,
        "mean": 0.0473524518311,
        "median": 0.0415903888643,
        "min": 6.24124710247e-11,
        "var": 0.00094306783285
    },
    "spectral_kurtosis": {
        "dmean": 41.9738998413,
        "dmean2": 74.4948959351,
        "dvar": 6485.37109375,
        "dvar2": 19684.2539062,
        "max": 1327.49804688,
        "mean": 114.058158875,
        "median": 70.9613571167,
        "min": -1.25288403034,
        "var": 16947.78125
    },
    "spectral_rms": {
        "dmean": 0.0004436049785,
        "dmean2": 0.000695606169757,
        "dvar": 2.65632820629e-07,
        "dvar2": 6.55910298519e-07,
        "max": 0.0136238159612,
        "mean": 0.00469536054879,
        "median": 0.00484737660736,
        "min": 3.14612528737e-12,
        "var": 4.72898955195e-06
    },
    "spectral_rolloff": {
        "dmean": 84.4064254761,
        "dmean2": 147.511672974,
        "dvar": 150169.21875,
        "dvar2": 319983.875,
        "max": 19724.4140625,
        "mean": 761.389587402,
        "median": 516.796875,
        "min": 129.19921875,
        "var": 3487309.25
    },
    "spectral_skewness": {
        "dmean": 1.54316782951,
        "dmean2": 2.72171449661,
        "dvar": 3.00436830521,
        "dvar2": 8.82610797882,
        "max": 30.3894424438,
        "mean": 7.02552890778,
        "median": 5.75859355927,
        "min": -0.0659280270338,
        "var": 20.0346660614
    },
    "spectral_spread": {
        "dmean": 287452.28125,
        "dmean2": 497521.46875,
        "dvar": 355283730432,
        "dvar2": 566892691456,
        "max": 42487948,
        "mean": 1603819.125,
        "median": 1034358.5625,
        "min": 74817.7421875,
        "var": 1.58502213386e+13
    },
    "spectral_strongpeak": {
        "dmean": 0.328170657158,
        "dmean2": 0.540364265442,
        "dvar": 0.261850625277,
        "dvar2": 0.607150733471,
        "max": 7.68741416931,
        "mean": 1.10142457485,
        "median": 0.790478587151,
        "min": 0,
        "var": 1.02007055283
    },
    "zerocrossingrate": {
        "dmean": 0.00265839183703,
        "dmean2": 0.00355311925523,
        "dvar": 5.99846098339e-05,
        "dvar2": 0.000118239433505,
        "max": 0.5224609375,
        "mean": 0.0273826550692,
        "median": 0.0205078125,
        "min": 0.00439453125,
        "var": 0.00247556040995
    },
    "barkbands": {
        "dmean": [2.03636118385e-05, 0.000937986420467, 0.00109338248149, 0.00153187278192, 0.00164410553407, 0.00102000951301, 0.00141374242958, 0.000624813663308, 0.000592716271058, 0.000227555487072, 0.000156921087182, 7.45573343011e-05, 7.89107507444e-05, 4.9480018788e-05, 6.87485226081e-05, 4.35345536971e-05, 3.26331719407e-05, 2.15947547986e-05, 1.1267867194e-05, 3.56447071681e-06, 5.78040044275e-06, 3.37813639817e-06, 1.26166673908e-06, 2.85129158328e-06, 2.83503527498e-06, 2.67509562946e-07, 2.58451549051e-09],
        "dmean2": [2.97181813949e-05, 0.0015783526469, 0.00183035072405, 0.0025708838366, 0.00259029027075, 0.00171827466693, 0.00216046348214, 0.000842540699523, 0.000795306637883, 0.000332553114276, 0.000218905945076, 0.000114634975034, 0.000122758050566, 8.10719357105e-05, 0.000111079280032, 7.07511644578e-05, 5.43831010873e-05, 3.49730762537e-05, 1.8196500605e-05, 5.90650824961e-06, 7.87879253039e-06, 4.91652735946e-06, 1.65579945133e-06, 4.05509535994e-06, 4.2927144932e-06, 4.11660352029e-07, 4.12421119478e-09],
        "dvar": [1.95255989155e-09, 3.03790261569e-06, 5.29975795871e-06, 1.03627298813e-05, 9.25315725908e-06, 3.07189088744e-06, 1.10058763312e-05, 3.72834870177e-06, 3.36318544214e-06, 5.71309328734e-07, 2.64494616431e-07, 1.01947712494e-07, 1.3263212395e-07, 3.26309113063e-08, 3.88194472123e-08, 4.45958150408e-08, 1.17864908944e-08, 1.04227355635e-08, 3.03928904266e-09, 3.92399279736e-10, 2.95746360734e-09, 1.68507729992e-09, 1.45114267824e-10, 6.00344440826e-10, 1.08321018821e-09, 1.15310322055e-11, 8.74120928559e-17],
        "dvar2": [4.0945198343e-09, 8.81120649865e-06, 1.77529764187e-05, 2.94928777294e-05, 2.16402422666e-05, 8.91515355761e-06, 2.70741365966e-05, 6.01564670433e-06, 6.71568295729e-06, 9.37452796279e-07, 4.90811203235e-07, 2.06040880357e-07, 3.21419179272e-07, 8.43292937702e-08, 1.00848417617e-07, 1.0833085895e-07, 3.49105704345e-08, 2.58548276122e-08, 7.88915244243e-09, 8.71588856644e-10, 4.06401490238e-09, 3.34815952741e-09, 2.30435781567e-10, 1.26204868778e-09, 2.5725761521e-09, 2.81517812534e-11, 1.68401373101e-16],
        "max": [0.0014927117154, 0.027802515775, 0.0376310385764, 0.0959614366293, 0.094262778759, 0.0565495453775, 0.135930985212, 0.101455926895, 0.0632683709264, 0.0306798145175, 0.0166596956551, 0.0159529242665, 0.00923764519393, 0.00700903730467, 0.00531131355092, 0.0112273227423, 0.00313136354089, 0.00442766305059, 0.00204563257284, 0.00151596055366, 0.00493310717866, 0.00276946113445, 0.000774430984166, 0.000961864832789, 0.00148262630682, 0.000208716475754, 4.72080813552e-07],
        "mean": [7.9217919847e-05, 0.00222270656377, 0.00225767097436, 0.00452704215422, 0.00511627085507, 0.00276399916038, 0.00475033419207, 0.00201422022656, 0.00191056274343, 0.000667884596623, 0.000375101546524, 0.000187650090083, 0.000145846803207, 8.91188901733e-05, 0.000123865378555, 6.77362040733e-05, 5.47042400285e-05, 3.52219722117e-05, 1.96002147277e-05, 5.51749781152e-06, 1.3929875422e-05, 6.68042093821e-06, 1.94753852156e-06, 4.21408458351e-06, 3.2511286463e-06, 3.99841127319e-07, 5.59077406592e-09],
        "median": [8.84078508534e-06, 0.00109150703065, 0.0010355792474, 0.00121279119048, 0.00297474954277, 0.00164426618721, 0.00166661513504, 0.000618148944341, 0.000528318050783, 0.000205085525522, 9.7053751233e-05, 5.60663502256e-05, 4.1007388063e-05, 2.16536627704e-05, 3.1893774576e-05, 1.10797072921e-05, 7.57616362534e-06, 1.74267756847e-06, 8.87767214408e-07, 1.81787839892e-07, 1.12667173369e-07, 3.61145922056e-08, 2.01951824153e-08, 1.88077020624e-08, 5.9246478834e-09, 1.7986957479e-09, 6.4473643091e-10],
        "min": [7.9701045467e-26, 3.00564879574e-24, 5.32016619862e-25, 1.0295954183e-24, 5.22206986595e-24, 3.9083450906e-24, 4.63620338202e-24, 4.86665450156e-24, 8.80118306889e-24, 6.82236414233e-24, 1.4070545935e-23, 1.97899578918e-23, 3.11938352673e-23, 3.63346934808e-23, 2.09612490975e-23, 5.28829410785e-23, 6.2365986326e-23, 7.38780607078e-23, 1.29700635152e-22, 1.54356930817e-22, 2.33482582619e-22, 2.86791808354e-22, 4.06848688359e-22, 6.34159097038e-22, 8.67273224816e-22, 1.25932967311e-21, 1.99294587921e-21],
        "var": [2.45380107344e-08, 9.0182202257e-06, 1.11569715955e-05, 6.00556377321e-05, 5.32833400939e-05, 1.12255756903e-05, 7.09363666829e-05, 2.04563311854e-05, 1.34122492454e-05, 3.20670392284e-06, 8.21356536562e-07, 2.72330396456e-07, 1.99719778493e-07, 6.16083255522e-08, 8.18871299657e-08, 7.36473069196e-08, 2.48252689516e-08, 1.88893540809e-08, 7.86088527605e-09, 9.90252768673e-10, 1.9231773507e-08, 5.22142684645e-09, 3.14276188407e-10, 1.04786501698e-09, 1.14165943366e-09, 1.94560079853e-11, 5.69998486937e-16]
    },
    "erbbands": {
        "dmean": [0.0211760457605, 0.239465251565, 0.99449378252, 3.41904163361, 4.76044845581, 6.73070764542, 7.24892377853, 8.73034954071, 20.9241905212, 14.7428436279, 14.7552776337, 12.8769960403, 9.53287410736, 5.81318283081, 5.51421165466, 3.43838143349, 3.68195366859, 2.86416959763, 2.96525478363, 2.98385357857, 2.69837641716, 1.26710450649, 1.43320798874, 0.615267574787, 0.609277427197, 0.200037151575, 0.247644379735, 0.134170502424, 0.0940303429961, 0.081749714911, 0.0521618127823, 0.0679886862636, 0.024576857686, 0.0332104563713, 0.0197372492403, 0.00234708073549, 0.000330301845679, 1.07179193947e-05, 2.85645251097e-06, 5.71360533286e-06],
        "dmean2": [0.0352164879441, 0.402949690819, 1.66006696224, 5.8179192543, 7.79949712753, 10.5752391815, 11.753578186, 14.765329361, 33.6065177917, 21.0031604767, 18.5630626678, 17.1728439331, 12.9032535553, 8.63858699799, 7.73960733414, 5.23640489578, 5.61198425293, 4.69002389908, 4.78146266937, 4.73525238037, 4.42504072189, 2.08237218857, 2.30611348152, 1.01802146435, 0.989678382874, 0.323916822672, 0.326188564301, 0.182776331902, 0.13319632411, 0.128142282367, 0.0685537979007, 0.101066887379, 0.0329303666949, 0.0500795431435, 0.0291202254593, 0.00357753224671, 0.000510128505994, 1.65152359841e-05, 4.42229020337e-06, 9.03860382095e-06],
        "dvar": [0.00174790166784, 0.200063511729, 3.39374518394, 48.3162689209, 82.5949249268, 222.7159729, 161.487640381, 220.817199707, 3084.86572266, 911.41595459, 2620.9387207, 1123.23571777, 1363.12683105, 210.348526001, 405.623748779, 252.748931885, 285.837097168, 116.451751709, 46.7827148438, 166.757064819, 194.73626709, 14.9076833725, 40.4447784424, 6.75964021683, 10.9961900711, 1.30111181736, 5.4097738266, 1.82994425297, 1.95060360432, 1.19774436951, 0.266440063715, 0.467597395182, 0.0497612282634, 0.136171370745, 0.0617028102279, 0.000904535467271, 1.04344826468e-05, 7.72357999779e-09, 2.69668905262e-11, 6.5367836144e-11],
        "dvar2": [0.00510378414765, 0.575289428234, 10.7422857285, 145.869155884, 242.63444519, 504.173431396, 430.264984131, 632.636535645, 7814.44873047, 2104.43261719, 3919.04956055, 2107.57177734, 2661.47802734, 472.304504395, 701.98651123, 517.840515137, 670.840209961, 313.445892334, 106.831733704, 435.436981201, 478.741119385, 41.0353088379, 94.5318603516, 18.0704212189, 29.1410331726, 2.79963493347, 6.28677463531, 2.82371926308, 3.29193043709, 3.1621119976, 0.428647637367, 0.991971433163, 0.0916088446975, 0.336384445429, 0.125883474946, 0.00220535718836, 2.35833449551e-05, 1.72470642212e-08, 6.18183698675e-11, 1.67888175584e-10],
        "max": [1.01442301273, 7.53626251221, 37.4289855957, 158.90927124, 197.32661438, 401.493621826, 374.466125488, 446.169403076, 2427.51489258, 1264.8190918, 2768.80444336, 907.347961426, 1381.4354248, 427.274414062, 813.953735352, 820.940490723, 473.910461426, 440.21206665, 184.738388062, 419.809448242, 736.92779541, 117.388198853, 227.532608032, 80.0904083252, 118.998191833, 89.8022384644, 228.29397583, 105.250869751, 137.203720093, 79.8422546387, 34.1873970032, 25.0230236053, 15.3084249496, 17.9870548248, 18.9594898224, 1.82611095905, 0.124944418669, 0.00386484363116, 0.000177054098458, 0.000214036408579],
        "mean": [0.0620310120285, 0.519880950451, 2.25642967224, 9.78075027466, 12.7798070908, 20.7192935944, 22.1691589355, 23.4780788422, 61.986579895, 53.8703041077, 52.2231063843, 44.9457588196, 29.8321266174, 16.6599407196, 14.2868013382, 8.59815788269, 7.5855255127, 5.35262441635, 6.08897972107, 5.04186868668, 4.22286272049, 2.40743041039, 2.39501714706, 1.07668685913, 0.995702564716, 0.339947789907, 0.63687735796, 0.302516758442, 0.185293003917, 0.166592106223, 0.0841309428215, 0.0895791724324, 0.0403688177466, 0.0414371266961, 0.0235852599144, 0.00371750374325, 0.000495471409522, 1.92913175852e-05, 1.45747380884e-05, 3.07277769025e-05],
        "median": [0.0273351352662, 0.268838971853, 1.20613276958, 3.37860131264, 6.9390540123, 9.37253952026, 12.2701044083, 13.6875457764, 18.9023303986, 21.4618606567, 18.5098743439, 16.8107185364, 8.59490776062, 7.62260055542, 4.87841844559, 2.93301200867, 2.5185508728, 1.60941064358, 2.13010454178, 1.20851910114, 0.671471059322, 0.428814470768, 0.175702720881, 0.0709654837847, 0.0436018332839, 0.0165427140892, 0.00588470324874, 0.00303052808158, 0.00151986174751, 0.000886291498318, 0.000595324614551, 0.00050467933761, 0.000251204473898, 0.000118108706374, 5.29349817953e-05, 2.72562501777e-05, 1.25046344692e-05, 2.1090379505e-06, 1.20265876831e-05, 2.70520758932e-05],
        "min": [1.34302584615e-22, 4.96947483705e-22, 1.19196574808e-21, 5.55484900866e-21, 8.74066324428e-21, 1.44802069819e-20, 3.34088362017e-20, 6.47434523939e-20, 8.94998049049e-20, 1.3842528924e-19, 1.19566075337e-19, 3.6505995578e-19, 3.66523755272e-19, 5.74433198243e-19, 8.79171188799e-19, 1.32374685364e-18, 1.73609390746e-18, 1.70330943106e-18, 2.34232672018e-18, 2.61462134294e-18, 4.10787363412e-18, 3.37812931426e-18, 5.6261450369e-18, 6.30560318617e-18, 6.92135726133e-18, 8.27194012879e-18, 7.52910050585e-18, 1.04908769374e-17, 9.14998904029e-18, 9.30256498582e-18, 1.17481707889e-17, 1.17953316644e-17, 1.00876032277e-17, 8.51858057203e-18, 6.30382226631e-18, 4.03433024663e-18, 2.4056376767e-18, 8.79914927567e-19, 2.6692138675e-19, 2.75000072052e-20],
        "var": [0.00953045580536, 0.495945036411, 9.15813827515, 227.699737549, 293.304473877, 1230.35742188, 881.654724121, 867.027282715, 18043.6894531, 7601.80078125, 14710.6074219, 5943.61132812, 5177.92529297, 882.398498535, 1366.0715332, 583.868408203, 472.821563721, 226.020507812, 133.757568359, 283.001617432, 316.048126221, 38.5391159058, 80.6026763916, 15.3065748215, 21.5838184357, 3.38200855255, 41.0923881531, 7.22194862366, 6.29382514954, 3.21849536896, 0.612408339977, 0.665383756161, 0.124018728733, 0.142608731985, 0.0800552591681, 0.0015737003414, 1.7803215087e-05, 1.39878446603e-08, 1.73556599647e-10, 5.68516789201e-10]
    },
    "gfcc": {
        "mean": [-171.313812256, 230.311279297, -96.5506973267, -22.7774620056, -38.712726593, -15.7560195923, -28.747045517, -6.22933673859, -6.35040855408, -13.7909383774, -5.755215168, -15.1467952728, -1.49345266819],
        "cov": [[22399.4433594, -416.523071289, -4129.85107422, 2331.41455078, -327.772888184, 298.581298828, -662.039001465, 578.163757324, -166.676528931, -70.2284088135, 91.149887085, -47.7273864746, 161.220611572], [-416.523071289, 2580.79370117, 398.351745605, -1425.00683594, 491.533416748, -344.824462891, 310.280395508, -409.664672852, 70.3218383789, -145.930343628, 14.5274629593, -210.269958496, -24.9212722778], [-4129.85107422, 398.351745605, 1741.48864746, -442.971069336, -51.4236907959, 69.8947982788, 30.6767024994, -123.034584045, -27.7072601318, 4.08797359467, -70.2346572876, -21.9697494507, -83.3444442749], [2331.41455078, -1425.00683594, -442.971069336, 1510.51879883, -210.206100464, 283.013824463, -150.670181274, 268.911743164, -8.82894802094, 53.6787033081, 16.8539447784, 99.6131820679, 34.7374305725], [-327.772888184, 491.533416748, -51.4236907959, -210.206100464, 445.882293701, -41.6510238647, 133.402984619, -69.7690963745, 33.9164886475, -38.033203125, 13.9210100174, -35.9184875488, -5.77676391602], [298.581298828, -344.824462891, 69.8947982788, 283.013824463, -41.6510238647, 273.191131592, -36.3070030212, 50.2278137207, -10.1983375549, 19.4654712677, -17.5535964966, 11.9263267517, 1.49793350697], [-662.039001465, 310.280395508, 30.6767024994, -150.670181274, 133.402984619, -36.3070030212, 230.602966309, -64.6454696655, 16.7890262604, -11.1272106171, 20.975610733, -40.1086616516, -1.88797461987], [578.163757324, -409.664672852, -123.034584045, 268.911743164, -69.7690963745, 50.2278137207, -64.6454696655, 197.948104858, 9.17512989044, 17.7728271484, -0.620316624641, 44.3822517395, -0.342804938555], [-166.676528931, 70.3218383789, -27.7072601318, -8.82894802094, 33.9164886475, -10.1983375549, 16.7890262604, 9.17512989044, 119.585899353, 22.841588974, 7.84154176712, -7.89071846008, 4.48162317276], [-70.2284088135, -145.930343628, 4.08797359467, 53.6787033081, -38.033203125, 19.4654712677, -11.1272106171, 17.7728271484, 22.841588974, 106.180656433, 23.4510498047, 5.60039138794, -4.08497810364], [91.149887085, 14.5274629593, -70.2346572876, 16.8539447784, 13.9210100174, -17.5535964966, 20.975610733, -0.620316624641, 7.84154176712, 23.4510498047, 97.724357605, 16.5194778442, -3.51159477234], [-47.7273864746, -210.269958496, -21.9697494507, 99.6131820679, -35.9184875488, 11.9263267517, -40.1086616516, 44.3822517395, -7.89071846008, 5.60039138794, 16.5194778442, 113.092933655, 5.81738805771], [161.220611572, -24.9212722778, -83.3444442749, 34.7374305725, -5.77676391602, 1.49793350697, -1.88797461987, -0.342804938555, 4.48162317276, -4.08497810364, -3.51159477234, 5.81738805771, 81.1743774414]],
        "icov": [[0.000254213198787, -0.00069419411011, 0.000617047015112, -0.000556158833206, 0.000329854228767, -0.000422247307142, 0.000729882449377, -0.000606852583587, 0.000738362083212, -0.000343366438756, 0.000130834581796, 0.000114908798423, 0.000138585382956], [-0.00069419411011, 0.00329725956544, -0.00179343251511, 0.00232085702009, -0.00153121317271, 0.00159968005028, -0.00226194714196, 0.00264262733981, -0.00274853361771, 0.00219506048597, -0.000985206104815, 0.000817833701149, -0.000462483847514], [0.000617047015112, -0.00179343251511, 0.00224831420928, -0.00114999897778, 0.00106203940231, -0.00151321152225, 0.00166919536423, -0.00122550723609, 0.00188672705553, -0.00107914407272, 0.000869709358085, -5.02442198922e-05, 0.00104432960507], [-0.000556158833206, 0.00232085702009, -0.00114999897778, 0.00286717154086, -0.00080690975301, 0.000125130987726, -0.00165801460389, 0.00091113767121, -0.00197280896828, 0.00136565265711, -0.000848010065965, 6.33103263681e-05, -0.000548622105271], [0.000329854228767, -0.00153121317271, 0.00106203940231, -0.00080690975301, 0.00372264278121, -0.00100418459624, -0.000315411307383, -0.000863914901856, 0.00045927069732, 3.60993067261e-06, 0.000208817087696, -0.00030420938856, 0.000588644121308], [-0.000422247307142, 0.00159968005028, -0.00151321152225, 0.000125130987726, -0.00100418459624, 0.00583396619186, -0.001127999858, 0.00114760780707, -0.00104827678297, 0.000267898634775, 0.000410281092627, 0.000482732226374, -0.0004234672233], [0.000729882449377, -0.00226194714196, 0.00166919536423, -0.00165801460389, -0.000315411307383, -0.001127999858, 0.00803054124117, -0.00105504982639, 0.00190415035468, -0.00102306879126, -0.000897808291484, 0.00147447979543, 0.000158852664754], [-0.000606852583587, 0.00264262733981, -0.00122550723609, 0.00091113767121, -0.000863914901856, 0.00114760780707, -0.00105504982639, 0.00966328382492, -0.00323072215542, 0.00137331255246, -8.23130467325e-05, -0.00125932646915, 0.000636183423921], [0.000738362083212, -0.00274853361771, 0.00188672705553, -0.00197280896828, 0.00045927069732, -0.00104827678297, 0.00190415035468, -0.00323072215542, 0.0118199782446, -0.00399023201317, 0.000655791256577, 0.000447231461294, -0.000303277076455], [-0.000343366438756, 0.00219506048597, -0.00107914407272, 0.00136565265711, 3.60993067261e-06, 0.000267898634775, -0.00102306879126, 0.00137331255246, -0.00399023201317, 0.0127925267443, -0.00368581200019, 0.00120807625353, 0.000258817046415], [0.000130834581796, -0.000985206104815, 0.000869709358085, -0.000848010065965, 0.000208817087696, 0.000410281092627, -0.000897808291484, -8.23130467325e-05, 0.000655791256577, -0.00368581200019, 0.0126131530851, -0.0027997798752, 0.00120419752784], [0.000114908798423, 0.000817833701149, -5.02442198922e-05, 6.33103263681e-05, -0.00030420938856, 0.000482732226374, 0.00147447979543, -0.00125932646915, 0.000447231461294, 0.00120807625353, -0.0027997798752, 0.0116460407153, -0.000977032235824], [0.000138585382956, -0.000462483847514, 0.00104432960507, -0.000548622105271, 0.000588644121308, -0.0004234672233, 0.000158852664754, 0.000636183423921, -0.000303277076455, 0.000258817046415, 0.00120419752784, -0.000977032235824, 0.0134169179946]]
    },
    "melbands": {
        "dmean": [0.000224064220674, 0.000437837414211, 0.000617694982793, 0.000376545940526, 0.000265151291387, 0.00020268606022, 0.000302590749925, 0.000141267417348, 0.000120644319395, 8.02531358204e-05, 4.88303194288e-05, 2.53117614193e-05, 2.23117858695e-05, 9.219525964e-06, 7.44282397136e-06, 8.70152780408e-06, 5.09137544213e-06, 4.57114219898e-06, 4.24292966272e-06, 3.37559117725e-06, 3.29092631546e-06, 1.35460550155e-06, 1.66101426657e-06, 1.04327602912e-06, 4.86497299335e-07, 4.92855292578e-07, 2.54377880538e-07, 1.10549692067e-07, 9.87639126038e-08, 2.10966419445e-07, 5.80742245404e-08, 7.31717761937e-08, 4.52542714413e-08, 3.62484939842e-08, 4.20222292519e-08, 2.64945789752e-08, 4.54740032296e-08, 1.50668491017e-08, 2.30997940776e-08, 3.93928978326e-08],
        "dmean2": [0.000377111980924, 0.000733474094886, 0.00104626826942, 0.000601491658017, 0.000422599812737, 0.000341333652614, 0.000478813628433, 0.000202352806809, 0.000150665917317, 0.000107860694698, 6.64124017931e-05, 3.76200841856e-05, 3.14257667924e-05, 1.38772029459e-05, 1.09133852675e-05, 1.3936497453e-05, 8.34864113131e-06, 7.32974876883e-06, 6.85593204253e-06, 5.41881217941e-06, 5.42859970665e-06, 2.23735901272e-06, 2.69342922365e-06, 1.72610793925e-06, 8.02173701686e-07, 8.04650824193e-07, 4.12595852595e-07, 1.80736364541e-07, 1.35162039783e-07, 2.74995642258e-07, 8.48177563739e-08, 1.00883696064e-07, 7.09534972998e-08, 5.63145299282e-08, 5.43964020494e-08, 3.9038354771e-08, 6.77376092995e-08, 2.14555555544e-08, 2.89599046965e-08, 6.14664372733e-08],
        "dvar": [1.7375789696e-07, 6.20188188805e-07, 1.49042796238e-06, 4.22361580377e-07, 2.56469235183e-07, 1.25356308445e-07, 5.92139656419e-07, 8.46427710144e-08, 1.51827862283e-07, 5.62987949593e-08, 3.61636480761e-08, 4.86769291541e-09, 5.50304246616e-09, 1.5159725697e-09, 9.25652443584e-10, 1.58191493238e-09, 3.88290094522e-10, 1.09398885784e-10, 1.9308298016e-10, 1.80202699984e-10, 2.7752650178e-10, 2.11911235087e-11, 3.47164380576e-11, 3.77874884161e-11, 4.86959170903e-12, 8.72523754636e-12, 1.42249753643e-12, 6.60144790395e-13, 6.28695934288e-13, 4.74836836517e-12, 1.14332046434e-12, 1.55851330105e-12, 2.94555070439e-13, 2.33324237752e-13, 2.12088932029e-13, 8.5583524588e-14, 2.29054947752e-13, 3.2739151559e-14, 6.60036193994e-14, 2.55239134949e-13],
        "dvar2": [5.17342755302e-07, 1.91073036149e-06, 4.43466160505e-06, 1.06348056761e-06, 6.18094986748e-07, 3.48453454535e-07, 1.49486072587e-06, 1.99465546302e-07, 2.2792545451e-07, 1.0971684361e-07, 6.99486761846e-08, 1.01034132172e-08, 1.04219450847e-08, 2.87926127385e-09, 1.90594762195e-09, 4.15652579022e-09, 1.00912123102e-09, 2.49937875951e-10, 5.26455379291e-10, 4.49779519185e-10, 7.06122049721e-10, 5.97104032884e-11, 8.80380143786e-11, 1.01817547449e-10, 1.28278975983e-11, 2.45221187106e-11, 3.25246405329e-12, 1.36958424202e-12, 7.75394288707e-13, 5.47065604622e-12, 1.94394543865e-12, 2.6016129355e-12, 7.58620054796e-13, 6.10752550964e-13, 3.38599482654e-13, 1.73496335571e-13, 5.12741975614e-13, 7.48795421284e-14, 9.36219011387e-14, 6.41917129261e-13],
        "max": [0.00717011187226, 0.014097747393, 0.0321424566209, 0.0133765898645, 0.0186567865312, 0.0102831460536, 0.0312951877713, 0.0114411581308, 0.0206952150911, 0.00747859710827, 0.00701196445152, 0.00243942113593, 0.00225808983669, 0.00172192428727, 0.000961630721577, 0.000968881766312, 0.000742967706174, 0.000264536909526, 0.000375482661184, 0.000434264453361, 0.000815086590592, 0.000121639706776, 0.000155594359967, 0.000351485185092, 7.14659472578e-05, 0.00013624195708, 3.99226119043e-05, 6.52376766084e-05, 7.74628133513e-05, 0.000208891258808, 0.000102395111753, 0.000123549849377, 3.72616850655e-05, 3.49685287802e-05, 3.05499597744e-05, 1.20617305583e-05, 2.25145322474e-05, 1.02003168649e-05, 2.34934777836e-05, 2.50609027717e-05],
        "mean": [0.000579434970859, 0.00100100890268, 0.00181344291195, 0.00113933871035, 0.000862245622557, 0.000559423293453, 0.000931777700316, 0.000511330494191, 0.00041980529204, 0.000263571128016, 0.000146740610944, 7.06539358362e-05, 5.40151922905e-05, 2.33129430853e-05, 1.79973012564e-05, 1.53924647748e-05, 8.96575602383e-06, 9.26006578084e-06, 7.51231254981e-06, 5.28346799911e-06, 4.97947485201e-06, 2.3466300263e-06, 2.79790538116e-06, 1.63084428095e-06, 7.43357759347e-07, 7.82942208843e-07, 3.88452434663e-07, 1.76623572656e-07, 2.40185727307e-07, 5.32507385742e-07, 9.8111961222e-08, 1.32611759796e-07, 8.62301305915e-08, 6.86166643504e-08, 6.12453234794e-08, 3.32382370516e-08, 5.72624792028e-08, 2.11704680453e-08, 3.74926294455e-08, 4.1641261106e-08],
        "median": [0.000282261346001, 0.000576780294068, 0.000681896868628, 0.000681491626892, 0.000448312959634, 0.00030659645563, 0.00031365265022, 0.000205974138225, 0.000145144265844, 8.12205253169e-05, 3.47173445334e-05, 2.79208034044e-05, 1.51408130478e-05, 7.15784517524e-06, 5.70966903979e-06, 4.34387175119e-06, 1.99399937628e-06, 3.11508688355e-06, 1.93151890926e-06, 8.72037617228e-07, 4.87789861836e-07, 3.57375739668e-07, 1.83129955644e-07, 5.64355673305e-08, 3.21559276983e-08, 2.58025334432e-08, 1.75057941476e-08, 5.28479127127e-09, 3.0323030753e-09, 1.49625256629e-09, 1.06181574644e-09, 7.96698040872e-10, 4.42564235259e-10, 3.08737563293e-10, 3.04115538308e-10, 2.82235734783e-10, 2.70183458939e-10, 1.61545582467e-10, 9.6199569144e-11, 7.02891841953e-11],
        "min": [1.54617427677e-24, 7.68504349562e-25, 9.13585928008e-25, 9.11706368294e-25, 1.2115475666e-24, 1.30622152484e-24, 1.3012978495e-24, 1.34027526962e-24, 1.16783431865e-24, 1.37235824263e-24, 1.59774950971e-24, 1.73282921935e-24, 2.2746699678e-24, 3.28644738483e-24, 2.46621032597e-24, 2.62481554413e-24, 2.82810263282e-24, 3.41556656008e-24, 1.92573726511e-24, 2.88146986192e-24, 3.82939076361e-24, 3.11631000631e-24, 4.63587324373e-24, 3.34564902919e-24, 4.79007149045e-24, 3.97813048729e-24, 5.91364252788e-24, 3.95936861395e-24, 3.83543777688e-24, 4.48765535154e-24, 5.21582642631e-24, 3.75170216394e-24, 3.77722063094e-24, 4.16907742484e-24, 5.39332604644e-24, 5.29826317977e-24, 6.17555420917e-24, 6.45207638329e-24, 5.55780196746e-24, 6.75356284962e-24],
        "var": [6.38797587271e-07, 1.59999206062e-06, 7.45752504372e-06, 1.98521752282e-06, 1.63175161561e-06, 5.59065711059e-07, 3.43705846717e-06, 6.63988203087e-07, 8.4485412799e-07, 2.42408447093e-07, 1.39741302974e-07, 2.2397879107e-08, 1.65395501739e-08, 4.64570293346e-09, 2.21435358938e-09, 1.87953785868e-09, 8.07379996193e-10, 3.02957381404e-10, 3.82464143689e-10, 3.03309405369e-10, 4.53953180601e-10, 4.53196855044e-11, 8.63364171821e-11, 5.31223502687e-11, 9.00149139255e-12, 1.67731783324e-11, 2.68493452298e-12, 1.78976169822e-12, 4.85918119977e-12, 3.36573408033e-11, 2.78126241655e-12, 4.90624338031e-12, 8.65422967664e-13, 5.63492720367e-13, 4.4718319759e-13, 1.17396110194e-13, 3.02015330063e-13, 4.31945738942e-14, 2.11881605468e-13, 2.33431221401e-13]
    },
    "mfcc": {
        "mean": [-797.437744141, 241.754760742, 19.2001018524, 0.100960195065, 4.7913184166, -9.18357467651, -10.5423974991, -2.73862481117, -1.26030659676, 0.504179298878, -1.63716518879, -3.81130313873, -2.87048745155],
        "cov": [[8374.17871094, 1034.59301758, -2364.17944336, 350.05859375, 565.575012207, 53.7407569885, 71.1130065918, 168.786148071, 19.6985378265, 101.323188782, 61.1986274719, 37.2613601685, 90.6467819214], [1034.59301758, 2395.96948242, -294.443603516, -599.611755371, 183.978210449, 107.15499115, 63.1309127808, -38.5352249146, 4.92737340927, 37.8664360046, -57.2462844849, -51.7067756653, 32.0882492065], [-2364.17944336, -294.443603516, 1335.01757812, 43.5181465149, -198.120437622, -12.6044816971, -24.4538288116, -47.1067962646, -22.7324886322, -64.1770324707, -20.3399677277, 0.62281703949, -61.7333526611], [350.05859375, -599.611755371, 43.5181465149, 585.242919922, 99.5357818604, -3.33339262009, 17.3532161713, 52.5867729187, 28.5809192657, 5.95230150223, 41.0004768372, 35.9102859497, 4.77374649048], [565.575012207, 183.978210449, -198.120437622, 99.5357818604, 312.906341553, 78.4491043091, 16.8776092529, 53.7773666382, 39.4362411499, 10.4405994415, 1.69702959061, 36.8134994507, 22.5862751007], [53.7407569885, 107.15499115, -12.6044816971, -3.33339262009, 78.4491043091, 192.836120605, 59.2647399902, 9.5208158493, 17.3923778534, 14.4168949127, -8.38084506989, -0.723556637764, 12.9346408844], [71.1130065918, 63.1309127808, -24.4538288116, 17.3532161713, 16.8776092529, 59.2647399902, 141.187133789, 33.9954147339, -6.91779565811, 5.55019950867, 2.07971334457, 0.646017968655, 4.957675457], [168.786148071, -38.5352249146, -47.1067962646, 52.5867729187, 53.7773666382, 9.5208158493, 33.9954147339, 111.091461182, 24.7021808624, -14.0035924911, 4.50644445419, 13.1039361954, 0.0784313827753], [19.6985378265, 4.92737340927, -22.7324886322, 28.5809192657, 39.4362411499, 17.3923778534, -6.91779565811, 24.7021808624, 99.4441986084, 32.1884727478, -16.4048290253, 2.72993016243, 3.62090301514], [101.323188782, 37.8664360046, -64.1770324707, 5.95230150223, 10.4405994415, 14.4168949127, 5.55019950867, -14.0035924911, 32.1884727478, 122.223075867, 19.8195095062, -36.0618629456, 0.782561480999], [61.1986274719, -57.2462844849, -20.3399677277, 41.0004768372, 1.69702959061, -8.38084506989, 2.07971334457, 4.50644445419, -16.4048290253, 19.8195095062, 105.64238739, 32.1497917175, -14.3497781754], [37.2613601685, -51.7067756653, 0.62281703949, 35.9102859497, 36.8134994507, -0.723556637764, 0.646017968655, 13.1039361954, 2.72993016243, -36.0618629456, 32.1497917175, 142.647323608, 30.7624797821], [90.6467819214, 32.0882492065, -61.7333526611, 4.77374649048, 22.5862751007, 12.9346408844, 4.957675457, 0.0784313827753, 3.62090301514, 0.782561480999, -14.3497781754, 30.7624797821, 103.914268494]],
