{
"lowlevel": {
    "average_loudness": 0.263920158148,
    "barkbands_crest": {
        "dmean": 2.27813243866,
        "dmean2": 3.62271809578,
        "dvar": 4.59110116959,
        "dvar2": 11.9927711487,
        "max": 25.1058177948,
        "mean": 11.9656095505,
        "median": 11.2765674591,
        "min": 2.2746617794,
        "var": 17.0936107635
    },
    "barkbands_flatness_db": {
        "dmean": 0.0186974164099,
        "dmean2": 0.0293797906488,
        "dvar": 0.000329881324433,
        "dvar2": 0.00083862215979,
        "max": 0.561429142952,
        "mean": 0.310881495476,
        "median": 0.306569099426,
        "min": 0.0202524531633,
        "var": 0.00315616535954
    },
    "barkbands_kurtosis": {
        "dmean": 2.17766618729,
        "dmean2": 3.41252613068,
        "dvar": 9.27781867981,
        "dvar2": 22.8551959991,
        "max": 79.2021408081,
        "mean": 4.21297454834,
        "median": 2.3373298645,
        "min": -1.78845274448,
        "var": 42.4089508057
    },
    "barkbands_skewness": {
        "dmean": 0.438072115183,
        "dmean2": 0.674402177334,
        "dvar": 0.168009445071,
        "dvar2": 0.418492734432,
        "max": 7.49542617798,
        "mean": 0.90653014183,
        "median": 0.844704210758,
        "min": -4.33679628372,
        "var": 1.25631630421
    },
    "barkbands_spread": {
        "dmean": 1.28547549248,
        "dmean2": 2.04197573662,
        "dvar": 2.00563240051,
        "dvar2": 4.9926738739,
        "max": 33.7386360168,
        "mean": 5.79979658127,
        "median": 4.84923219681,
        "min": 0.29759311676,
        "var": 16.2399768829
    },
    "dissonance": {
        "dmean": 0.0479658283293,
        "dmean2": 0.0815100222826,
        "dvar": 0.00177023396827,
        "dvar2": 0.00500498432666,
        "max": 0.500000119209,
        "mean": 0.366641581059,
        "median": 0.37059700489,
        "min": 0.144374296069,
        "var": 0.00395050412044
    },
    "dynamic_complexity": 5.14859342575,
    "erbbands_crest": {
        "dmean": 2.90802407265,
        "dmean2": 4.67041158676,
        "dvar": 8.17824363708,
        "dvar2": 21.6924610138,
        "max": 33.1021156311,
        "mean": 13.6340179443,
        "median": 12.6494283676,
        "min": 2.83566522598,
        "var": 27.3025436401
    },
    "erbbands_flatness_db": {
        "dmean": 0.0170284565538,
        "dmean2": 0.0264085363597,
        "dvar": 0.000301038031466,
        "dvar2": 0.000773828767706,
        "max": 0.50450527668,
        "mean": 0.32794675231,
        "median": 0.32561391592,
        "min": 0.0820201709867,
        "var": 0.00234967889264
    },
    "erbbands_kurtosis": {
        "dmean": 2.1664056778,
        "dmean2": 3.53218054771,
        "dvar": 12.9030342102,
        "dvar2": 35.7255363464,
        "max": 123.52117157,
        "mean": 3.69835090637,
        "median": 1.62628030777,
        "min": -1.75295436382,
        "var": 57.3844642639
    },
    "erbbands_skewness": {
        "dmean": 0.401371777058,
        "dmean2": 0.62552344799,
        "dvar": 0.145569324493,
        "dvar2": 0.371990412474,
        "max": 8.03876972198,
        "mean": 0.755096971989,
        "median": 0.704367995262,
        "min": -3.23709821701,
        "var": 1.16163396835
    },
    "erbbands_spread": {
        "dmean": 2.43968772888,
        "dmean2": 3.80435156822,
        "dvar": 6.29988718033,
        "dvar2": 15.0050611496,
        "max": 47.5897483826,
        "mean": 11.2476100922,
        "median": 9.97807121277,
        "min": 0.620206832886,
        "var": 46.1606483459
    },
    "hfc": {
        "dmean": 2.52530789375,
        "dmean2": 3.87435650826,
        "dvar": 19.1703586578,
        "dvar2": 43.2046737671,
        "max": 107.019165039,
        "mean": 8.99844360352,
        "median": 5.63726997375,
        "min": 1.05800192141e-16,
        "var": 108.716583252
    },
    "melbands_crest": {
        "dmean": 2.65493130684,
        "dmean2": 4.24057483673,
        "dvar": 6.88874053955,
        "dvar2": 18.3966598511,
        "max": 32.9429626465,
        "mean": 14.3036527634,
        "median": 13.5709152222,
        "min": 1.57316911221,
        "var": 24.4425945282
    },
    "melbands_flatness_db": {
        "dmean": 0.0192556977272,
        "dmean2": 0.0299617368728,
        "dvar": 0.000363078754162,
        "dvar2": 0.000890740891919,
        "max": 0.712073564529,
        "mean": 0.397324740887,
        "median": 0.392217636108,
        "min": 0.00297330529429,
        "var": 0.00536031462252
    },
    "melbands_kurtosis": {
        "dmean": 2.61179232597,
        "dmean2": 4.07530212402,
        "dvar": 14.4316930771,
        "dvar2": 34.8602218628,
        "max": 153.196044922,
        "mean": 5.55677700043,
        "median": 3.01034069061,
        "min": -1.81186270714,
        "var": 91.2918624878
    },
    "melbands_skewness": {
        "dmean": 0.462183952332,
        "dmean2": 0.715009152889,
        "dvar": 0.188977688551,
        "dvar2": 0.466950714588,
        "max": 7.89263772964,
        "mean": 1.21038985252,
        "median": 1.13290560246,
        "min": -4.06167984009,
        "var": 1.40443587303
    },
    "melbands_spread": {
        "dmean": 2.00414514542,
        "dmean2": 3.16600847244,
        "dvar": 7.43902826309,
        "dvar2": 18.7411422729,
        "max": 158.454910278,
        "mean": 9.45892047882,
        "median": 7.02133321762,
        "min": 0.287501990795,
        "var": 165.954208374
    },
    "pitch_salience": {
        "dmean": 0.061166010797,
        "dmean2": 0.0976361557841,
        "dvar": 0.0031771431677,
        "dvar2": 0.00846266653389,
        "max": 0.979219436646,
        "mean": 0.515854656696,
        "median": 0.518257141113,
        "min": 0.130185008049,
        "var": 0.0131110297516
    },
    "silence_rate_20dB": {
        "dmean": 0,
        "dmean2": 0,
        "dvar": 0,
        "dvar2": 0,
        "max": 1,
        "mean": 1,
        "median": 1,
        "min": 1,
        "var": 0
    },
    "silence_rate_30dB": {
        "dmean": 0.00621585967019,
        "dmean2": 0.0124328909442,
        "dvar": 0.00617713248357,
        "dvar2": 0.0141615401953,
        "max": 1,
        "mean": 0.990488767624,
        "median": 1,
        "min": 0,
        "var": 0.00942121911794
    },
    "silence_rate_60dB": {
        "dmean": 0.0212846118957,
        "dmean2": 0.0425732322037,
        "dvar": 0.0208337977529,
        "dvar2": 0.0481011122465,
        "max": 1,
        "mean": 0.149919956923,
        "median": 0,
        "min": 0,
        "var": 0.127435162663
    },
    "spectral_centroid": {
        "dmean": 49.8024749756,
        "dmean2": 76.9696578979,
        "dvar": 12001.6660156,
        "dvar2": 23947.4179688,
        "max": 11699.7080078,
        "mean": 594.387023926,
        "median": 481.166229248,
        "min": 156.863143921,
        "var": 982370.1875
    },
    "spectral_complexity": {
        "dmean": 1.15972876549,
        "dmean2": 1.97551095486,
        "dvar": 1.24174571037,
        "dvar2": 3.1064453125,
        "max": 22,
        "mean": 8.66635322571,
        "median": 9,
        "min": 0,
        "var": 10.9355220795
    },
    "spectral_decrease": {
        "dmean": 1.41042999502e-09,
        "dmean2": 2.19425366765e-09,
        "dvar": 5.0027465721e-18,
        "dvar2": 1.22540091043e-17,
        "max": 2.23676685221e-28,
        "mean": -5.13972731042e-09,
        "median": -3.54861051655e-09,
        "min": -5.70282630008e-08,
        "var": 2.89014060525e-17
    },
    "spectral_energy": {
        "dmean": 0.00553879374638,
        "dmean2": 0.00861219409853,
        "dvar": 7.71644918132e-05,
        "dvar2": 0.000188535545021,
        "max": 0.221207633615,
        "mean": 0.0202147178352,
        "median": 0.0139752095565,
        "min": 1.00294195244e-20,
        "var": 0.000447115628049
    },
    "spectral_energyband_high": {
        "dmean": 1.77771516974e-06,
        "dmean2": 2.83531198875e-06,
        "dvar": 3.19817713978e-11,
        "dvar2": 7.48495293523e-11,
        "max": 0.000193001498701,
        "mean": 4.00653698307e-06,
        "median": 1.73113494384e-06,
        "min": 7.05125670306e-21,
        "var": 8.2624927733e-11
    },
    "spectral_energyband_low": {
        "dmean": 0.00110596255399,
        "dmean2": 0.0017897314392,
        "dvar": 9.07263074623e-06,
        "dvar2": 2.25256426347e-05,
        "max": 0.0797587186098,
        "mean": 0.00261039170437,
        "median": 0.000643381965347,
        "min": 9.66270121893e-24,
        "var": 3.56381533493e-05
    },
    "spectral_energyband_middle_high": {
        "dmean": 0.000831032404676,
        "dmean2": 0.00112924398854,
        "dvar": 5.4381953305e-06,
        "dvar2": 9.46476484387e-06,
        "max": 0.110528573394,
        "mean": 0.00235357973725,
        "median": 0.000968730601016,
        "min": 1.23866560685e-21,
        "var": 2.36390842474e-05
    },
    "spectral_energyband_middle_low": {
        "dmean": 0.0047685499303,
        "dmean2": 0.0074813682586,
        "dvar": 6.66559499223e-05,
        "dvar2": 0.000168896076502,
        "max": 0.206329718232,
        "mean": 0.0157215166837,
        "median": 0.00994520541281,
        "min": 1.6413253302e-22,
        "var": 0.000332952360623
    },
    "spectral_entropy": {
        "dmean": 0.151212081313,
        "dmean2": 0.238192483783,
        "dvar": 0.0237889513373,
        "dvar2": 0.0609901882708,
        "max": 9.82593154907,
        "mean": 5.86301279068,
        "median": 5.86885547638,
        "min": 3.57079648972,
        "var": 0.299081116915
    },
    "spectral_flux": {
        "dmean": 0.0157651640475,
        "dmean2": 0.0263601709157,
        "dvar": 0.000389119057218,
        "dvar2": 0.00105498870835,
        "max": 0.293617218733,
        "mean": 0.0476522408426,
        "median": 0.0413899160922,
        "min": 6.24707924279e-11,
        "var": 0.00110521598253
    },
    "spectral_kurtosis": {
        "dmean": 17.0776004791,
        "dmean2": 29.284532547,
        "dvar": 243.38420105,
        "dvar2": 690.157104492,
        "max": 204.92036438,
        "mean": 45.1846733093,
        "median": 38.6662025452,
        "min": -1.26419532299,
        "var": 795.747497559
    },
    "spectral_rms": {
        "dmean": 0.000544432783499,
        "dmean2": 0.000836931634694,
        "dvar": 4.22112037768e-07,
        "dvar2": 1.04641867438e-06,
        "max": 0.0146905519068,
        "mean": 0.00388131244108,
        "median": 0.00369247212075,
        "min": 3.12806638231e-12,
        "var": 4.657055797e-06
    },
    "spectral_rolloff": {
        "dmean": 93.8154678345,
        "dmean2": 166.278076172,
        "dvar": 52662.2734375,
        "dvar2": 108685.320312,
        "max": 19939.7460938,
        "mean": 819.386169434,
        "median": 602.9296875,
        "min": 86.1328125,
        "var": 2952810.75
    },
    "spectral_skewness": {
        "dmean": 0.976469039917,
        "dmean2": 1.67888140678,
        "dvar": 0.681137263775,
        "dvar2": 1.93324959278,
        "max": 11.9248695374,
        "mean": 4.70262718201,
        "median": 4.44301319122,
        "min": -0.0811418965459,
        "var": 2.56634497643
    },
    "spectral_spread": {
        "dmean": 237259.53125,
        "dmean2": 406258.90625,
        "dvar": 136297406464,
        "dvar2": 267699552256,
        "max": 42733800,
        "mean": 1704623.375,
        "median": 1337080.25,
        "min": 397239.84375,
        "var": 1.36165615206e+13
    },
    "spectral_strongpeak": {
        "dmean": 0.441308796406,
        "dmean2": 0.715988278389,
        "dvar": 0.464948564768,
        "dvar2": 1.06978011131,
        "max": 13.1228151321,
        "mean": 1.21300828457,
        "median": 0.882420599461,
        "min": 0,
        "var": 1.492577672
    },
    "zerocrossingrate": {
        "dmean": 0.00242880592123,
        "dmean2": 0.00318475090899,
        "dvar": 3.00996180158e-05,
        "dvar2": 6.4808584284e-05,
        "max": 0.53076171875,
        "mean": 0.0279626194388,
        "median": 0.02294921875,
        "min": 0.0029296875,
        "var": 0.00205148011446
    },
    "barkbands": {
        "dmean": [7.95540654508e-06, 0.000646482571028, 0.000474562053569, 0.000487046811031, 0.0016532712616, 0.00097205262864, 0.00179637840483, 0.00151469616685, 0.000576777965762, 0.000435825932072, 0.000218716872041, 0.000158331677085, 0.000144829245983, 8.43860834721e-05, 6.33641366221e-06, 4.15570939367e-05, 6.54300129099e-06, 4.38228926214e-06, 1.8766586436e-06, 1.7259710603e-06, 5.61178296721e-07, 2.51317516131e-07, 8.05576405583e-08, 3.69036676773e-08, 1.25771721926e-08, 3.38412609047e-09, 1.00317620877e-09],
        "dmean2": [1.3285991372e-05, 0.00102757127024, 0.000805007584859, 0.000782768824138, 0.00246429163963, 0.00134719873313, 0.0029517095536, 0.00239196349867, 0.000822069414426, 0.000580810010433, 0.000307467882521, 0.000222846880206, 0.000211450751522, 0.000134987523779, 1.00811002994e-05, 6.8676439696e-05, 1.09285156213e-05, 7.19528952686e-06, 3.02361968352e-06, 2.80707013189e-06, 9.13868689167e-07, 4.04598523573e-07, 1.2526943749e-07, 5.73684886263e-08, 2.0269826706e-08, 5.32057420344e-09, 1.68516223198e-09],
        "dvar": [4.49689979698e-10, 6.40997859591e-06, 1.35619200137e-06, 9.53449500685e-07, 1.55762500071e-05, 3.60556350643e-06, 2.6732646802e-05, 1.26138866108e-05, 3.65614187103e-06, 2.66231859314e-06, 7.12485132226e-07, 6.9871668984e-07, 4.52347279634e-07, 2.4888854e-07, 4.37891278793e-10, 1.42133202985e-07, 5.60573698571e-10, 1.01098455996e-10, 2.79770616396e-11, 2.17920213125e-11, 4.81596273277e-12, 1.66776987186e-12, 3.20658050893e-13, 4.61270900491e-14, 5.41137798023e-15, 4.6579850547e-17, 3.0668035539e-18],
        "dvar2": [1.26338917106e-09, 1.52326765601e-05, 3.96313043893e-06, 2.44982834374e-06, 3.94477247028e-05, 7.86026339483e-06, 6.90798042342e-05, 3.42937892128e-05, 7.33100932848e-06, 4.0669901864e-06, 1.3533128822e-06, 1.21177890833e-06, 1.01681735032e-06, 5.93371623836e-07, 1.12388431894e-09, 2.88158759076e-07, 1.68922165145e-09, 2.623807005e-10, 7.00876717774e-11, 5.411578477e-11, 1.20018717187e-11, 3.54972887022e-12, 6.53138784376e-13, 1.05705402114e-13, 1.30683970047e-14, 1.04632742512e-16, 7.64937422128e-18],
        "max": [0.000678565818816, 0.0754826515913, 0.023386914283, 0.0296960957348, 0.166279226542, 0.0512070506811, 0.138899862766, 0.0617663115263, 0.0775482878089, 0.109359063208, 0.0267434772104, 0.062335472554, 0.0359193384647, 0.0202468410134, 0.000687307270709, 0.0230265557766, 0.00135971873533, 0.000211910650251, 0.000181271039764, 0.000146999867866, 7.73280262365e-05, 9.17067372939e-05, 4.37561247963e-05, 1.47455684782e-05, 4.675207947e-06, 2.22350024615e-07, 4.38921681223e-08],
        "mean": [1.71685042005e-05, 0.00144768157043, 0.000771563034505, 0.00106411369052, 0.00406833086163, 0.00264385971241, 0.00382572598755, 0.00271783373319, 0.00125411606859, 0.000982146593742, 0.000481321272673, 0.000350122601958, 0.000303062523017, 0.000168085331097, 1.24199950733e-05, 7.74094369262e-05, 1.25744636534e-05, 8.1942334873e-06, 3.60233434549e-06, 3.55214592673e-06, 1.01711145817e-06, 5.35234562449e-07, 1.48053217686e-07, 8.05825237649e-08, 3.28299591956e-08, 1.25819310526e-08, 1.9608983326e-09],
        "median": [3.49413949152e-06, 0.000164442331879, 0.000172417348949, 0.000341950537404, 0.00146149285138, 0.000795950763859, 0.000533632584848, 0.000856096565258, 0.000386139814509, 0.00024517608108, 7.33439446776e-05, 5.61774286325e-05, 8.55114776641e-05, 6.87745296091e-06, 3.7899903873e-06, 5.32313833901e-06, 2.67020664069e-06, 2.00291174224e-06, 1.13758733278e-06, 1.57998010764e-06, 3.96423359916e-07, 1.86547183034e-07, 5.83018113787e-08, 3.94378893986e-08, 1.74736385361e-08, 5.3216786533e-09, 7.80110309684e-10],
        "min": [3.64319188124e-25, 2.15732000561e-24, 7.63210451938e-25, 2.12936395842e-24, 9.15005049334e-24, 4.99961424612e-24, 9.01765675648e-24, 8.73191477053e-24, 1.17667802132e-23, 1.21256204172e-23, 1.89340737863e-23, 2.06027102384e-23, 3.61042388114e-23, 3.03215822981e-23, 3.97179348875e-23, 6.73253528887e-23, 6.90388976144e-23, 1.01150496814e-22, 1.28028843256e-22, 1.30982616164e-22, 2.12071660718e-22, 3.20659260467e-22, 3.82020925887e-22, 6.20814145363e-22, 8.40279338651e-22, 1.33111253187e-21, 1.89179194927e-21],
        "var": [1.59913116082e-09, 2.53662838077e-05, 2.25866619985e-06, 3.98280280933e-06, 4.83964104205e-05, 2.01018283406e-05, 9.44697385421e-05, 2.42941041506e-05, 1.00010374808e-05, 1.0175935131e-05, 2.45535511567e-06, 3.20578965329e-06, 1.46614263485e-06, 9.13770293209e-07, 7.7455047931e-10, 4.37878384218e-07, 9.74816338761e-10, 2.4500335094e-10, 6.10079833874e-11, 5.7429928868e-11, 7.17087717331e-12, 4.94549236632e-12, 6.24419027768e-13, 8.09056733284e-14, 7.1923896892e-15, 3.55552191066e-16, 1.09739148463e-17]
    },
    "erbbands": {
        "dmean": [0.0124304639176, 0.169346153736, 0.463835626841, 1.06510579586, 2.09741663933, 6.92223978043, 6.97489070892, 10.5481519699, 27.4574375153, 27.0899505615, 23.0270595551, 12.9361505508, 10.636507988, 8.4035320282, 9.8519449234, 5.31022787094, 6.20776796341, 2.64017701149, 3.78649783134, 1.1124727726, 1.50836658478, 0.369604110718, 0.290073037148, 0.118377871811, 0.0632655695081, 0.0758275911212, 0.0348777994514, 0.0229756832123, 0.00799947697669, 0.0053205518052, 0.00287631363608, 0.000935764517635, 0.000469662249088, 0.000187624216778, 6.75078626955e-05, 2.09495956369e-05, 6.18643480266e-06, 1.30416572119e-06, 2.63729702965e-06, 6.20051287115e-06],
        "dmean2": [0.0184702854604, 0.273649483919, 0.789171040058, 1.74129605293, 3.34313368797, 10.3500804901, 10.4673299789, 14.4483966827, 45.2857208252, 42.3175048828, 36.8182144165, 18.2672939301, 14.432890892, 11.1361255646, 14.142370224, 7.25595235825, 9.16330242157, 4.01881551743, 5.9461555481, 1.81058824062, 2.4699549675, 0.613894760609, 0.474333107471, 0.19255580008, 0.102663062513, 0.123195528984, 0.0563058331609, 0.0376408398151, 0.0131873199716, 0.00843264441937, 0.00440305331722, 0.00147359957919, 0.00073194061406, 0.000302970758639, 0.000105871433334, 3.34030264639e-05, 9.74514023255e-06, 1.959049996e-06, 4.08219284509e-06, 9.63327420322e-06],
        "dvar": [0.00254373252392, 0.419827193022, 1.29036974907, 4.94131374359, 18.595746994, 276.584564209, 349.365539551, 429.130065918, 6996.94238281, 4757.82519531, 4397.53515625, 1397.78466797, 1186.83105469, 935.048339844, 1484.55395508, 771.102844238, 753.219360352, 112.14982605, 520.793823242, 69.66822052, 181.364212036, 2.56989717484, 0.444376915693, 0.101068519056, 0.0258616060019, 0.0472703501582, 0.0113516431302, 0.00849480740726, 0.000982821453363, 0.00243902928196, 0.000525350507814, 2.74881676887e-05, 5.35464505447e-06, 1.1599448726e-06, 1.09982536856e-07, 1.85580073531e-09, 1.45429127074e-10, 6.82895927306e-12, 1.72346477367e-11, 9.67141783326e-11],
        "dvar2": [0.0051096607931, 1.03703916073, 3.78654265404, 12.9979600906, 49.113319397, 677.298034668, 913.666015625, 942.267333984, 18668.3671875, 12271.8164062, 11577.7587891, 2755.62426758, 1911.7409668, 1477.92138672, 2881.05688477, 1164.14477539, 1672.27124023, 265.070800781, 1197.60314941, 146.398925781, 359.253173828, 7.6804728508, 1.14074802399, 0.250342041254, 0.064030520618, 0.118817135692, 0.0265595689416, 0.0209774933755, 0.00253074616194, 0.00510696088895, 0.000987373641692, 6.48665227345e-05, 1.22460514831e-05, 2.96544976663e-06, 2.33172329445e-07, 4.44507985975e-09, 3.40464489934e-10, 1.27824573842e-11, 4.14425160855e-11, 2.35436392604e-10],
        "max": [1.72558295727, 18.3594093323, 21.6376476288, 50.5916671753, 96.9436950684, 663.582092285, 735.233459473, 528.419372559, 2474.56933594, 1878.9107666, 1624.63598633, 1369.51525879, 2240.64868164, 1648.56652832, 1524.15368652, 1803.07666016, 1390.19787598, 540.078308105, 940.807250977, 507.92956543, 842.779602051, 94.9354934692, 14.0647087097, 8.70288276672, 6.42616891861, 7.59883356094, 3.89527416229, 3.56957912445, 1.20893394947, 4.43103790283, 1.88013148308, 0.328211843967, 0.142201587558, 0.0531250648201, 0.0254962109029, 0.00138278177474, 0.00045115724788, 7.46660589357e-05, 0.000106568222691, 0.000248328695307],
        "mean": [0.0332568101585, 0.356817692518, 0.809091448784, 2.23024320602, 4.70553350449, 16.0600357056, 19.5801429749, 29.1805686951, 54.1643867493, 61.2779197693, 43.14894104, 29.5089321136, 26.2624187469, 19.9525222778, 22.5418300629, 12.4792709351, 13.1419143677, 5.93723535538, 7.96760654449, 2.26349568367, 3.01545405388, 0.756163656712, 0.578674197197, 0.240109160542, 0.136214643717, 0.159629672766, 0.0711536258459, 0.0423920042813, 0.0170072782785, 0.0102287037298, 0.00530291208997, 0.00198993319646, 0.00107865862083, 0.00046375169768, 0.000202768453164, 8.00442139735e-05, 2.51417732215e-05, 4.81126426166e-06, 9.9197104646e-06, 2.26896027016e-05],
        "median": [0.00271942024119, 0.04828646034, 0.201148286462, 0.793751955032, 1.76972270012, 5.28571224213, 6.23951911926, 8.67315864563, 8.53204631805, 18.3811225891, 12.735669136, 11.1166391373, 10.1543121338, 5.27987909317, 4.34444952011, 2.60910320282, 3.97909545898, 1.66061353683, 0.453583300114, 0.314791917801, 0.257750213146, 0.169257581234, 0.147628471255, 0.0620833560824, 0.0594995208085, 0.0698891207576, 0.0295957904309, 0.0163442064077, 0.00721285259351, 0.00309111503884, 0.0018689717399, 0.000915740791243, 0.000585863133892, 0.000264528876869, 0.000111898189061, 4.5183540351e-05, 1.58743205247e-05, 2.8832478165e-06, 7.01161752659e-06, 1.56549394887e-05],
        "min": [1.02369223804e-22, 5.15788561834e-22, 8.71768192119e-22, 4.07561621717e-21, 1.23375684729e-20, 2.69959844091e-20, 7.15567323044e-20, 6.03774444868e-20, 1.43612706882e-19, 1.35615279151e-19, 2.97321178991e-19, 3.18475211633e-19, 4.78890063482e-19, 7.76082874381e-19, 8.99853082257e-19, 8.78455057183e-19, 1.67978979111e-18, 2.06294398675e-18, 2.15180220969e-18, 3.18902941558e-18, 3.85812340536e-18, 4.22638876356e-18, 6.12881649129e-18, 6.34052054777e-18, 7.94651652246e-18, 7.20191500482e-18, 8.08928127874e-18, 8.50757576117e-18, 1.03476299348e-17, 1.11946496472e-17, 1.02791484791e-17, 9.12065556141e-18, 9.70344648916e-18, 8.34596204027e-18, 6.3235298444e-18, 4.17535006541e-18, 2.27989691781e-18, 7.42661934201e-19, 2.33580786487e-19, 2.86378426054e-20],
        "var": [0.0160477273166, 1.43313324451, 2.31165003777, 14.4674406052, 60.2501182556, 828.00592041, 1310.19274902, 2378.42724609, 18069.4414062, 15661.9101562, 8520.99707031, 3995.03564453, 4814.18066406, 3562.88989258, 5219.37109375, 3775.45800781, 2286.66381836, 421.411010742, 2113.19238281, 186.82774353, 618.367919922, 4.53652048111, 1.15680158138, 0.243928879499, 0.0648433864117, 0.116541847587, 0.0265718735754, 0.0133069315925, 0.00238274410367, 0.00617012521252, 0.00115823431406, 4.40567382611e-05, 9.67166033661e-06, 1.26544784962e-06, 2.07010685926e-07, 1.05853281696e-08, 9.6234442637e-10, 4.21081988722e-11, 1.03083375169e-10, 5.63210755811e-10]
    },
    "gfcc": {
        "mean": [-182.071838379, 207.614578247, -116.548416138, -15.8813610077, -53.5285644531, -18.585931778, -18.9832191467, -13.5350761414, -13.8046617508, -8.99327850342, -3.81741380692, -14.7887439728, -2.66864156723],
        "cov": [[18698.5078125, 2123.29003906, -3037.28149414, -918.152099609, -978.581848145, -603.982421875, -17.480512619, 1.37006306648, -21.6039981842, -185.537460327, 126.686698914, 211.005691528, 167.769775391], [2123.29003906, 928.330871582, -110.552810669, -47.9055252075, 169.740966797, -167.574691772, -50.8165397644, -44.6263885498, 33.0253295898, -101.367774963, 10.1637735367, -30.0189590454, 103.885299683], [-3037.28149414, -110.552810669, 1132.89941406, 284.892150879, 221.27923584, 226.964889526, 96.8982696533, 58.3484230042, 7.85630178452, 114.555023193, -10.4292068481, -31.8878269196, -103.060852051], [-918.152099609, -47.9055252075, 284.892150879, 387.518798828, 167.169540405, 141.227249146, 1.38660383224, -3.98699021339, 26.9799633026, -19.7172527313, -19.317232132, -44.1840858459, -27.2901973724], [-978.581848145, 169.740966797, 221.27923584, 167.169540405, 397.825622559, 79.1526641846, -40.7175216675, -3.4485976696, 46.0558853149, -59.9425430298, -36.7984580994, -42.7389717102, 74.9402236938], [-603.982421875, -167.574691772, 226.964889526, 141.227249146, 79.1526641846, 443.618377686, 197.720169067, 59.6429176331, -15.285577774, 95.8559951782, -34.7735137939, -68.0590591431, -85.3564529419], [-17.480512619, -50.8165397644, 96.8982696533, 1.38660383224, -40.7175216675, 197.720169067, 298.938262939, 100.580032349, -7.8198466301, 86.6563491821, 4.72669696808, -7.14050865173, -61.2958068848], [1.37006306648, -44.6263885498, 58.3484230042, -3.98699021339, -3.4485976696, 59.6429176331, 100.580032349, 159.031311035, 33.4121932983, 42.3639183044, 1.15088701248, 13.2612371445, -12.7080945969], [-21.6039981842, 33.0253295898, 7.85630178452, 26.9799633026, 46.0558853149, -15.285577774, -7.8198466301, 33.4121932983, 122.464622498, 30.6386623383, 31.3717632294, -8.82358169556, -0.966310620308], [-185.537460327, -101.367774963, 114.555023193, -19.7172527313, -59.9425430298, 95.8559951782, 86.6563491821, 42.3639183044, 30.6386623383, 144.313186646, 41.0530281067, -3.96004056931, -63.4298362732], [126.686698914, 10.1637735367, -10.4292068481, -19.317232132, -36.7984580994, -34.7735137939, 4.72669696808, 1.15088701248, 31.3717632294, 41.0530281067, 111.296821594, 55.5208740234, -15.4731960297], [211.005691528, -30.0189590454, -31.8878269196, -44.1840858459, -42.7389717102, -68.0590591431, -7.14050865173, 13.2612371445, -8.82358169556, -3.96004056931, 55.5208740234, 128.012756348, 25.2668838501], [167.769775391, 103.885299683, -103.060852051, -27.2901973724, 74.9402236938, -85.3564529419, -61.2958068848, -12.7080945969, -0.966310620308, -63.4298362732, -15.4731960297, 25.2668838501, 159.8487854]],
        "icov": [[0.000273395969998, -0.000840456399601, 0.000666954438202, -0.000178350717761, 0.000705834594555, -0.000376080046408, 0.000222328846576, -0.000309217663016, -1.06911111288e-05, -0.000335314980475, 0.000406001170631, -0.000690287735779, 0.000203063129447], [-0.000840456399601, 0.00409951945767, -0.00201925286092, 0.000903032254428, -0.00297238887288, 0.0018544109771, -0.00136429758277, 0.0012422472937, -8.94966869964e-05, 0.00180552888196, -0.00213094986975, 0.0031058951281, -0.000951845315285], [0.000666954438202, -0.00201925286092, 0.00316232722253, -0.00133086065762, 0.000594337936491, -0.000571931246668, 0.000502688810229, -0.00105418136809, 0.000924846157432, -0.00269792089239, 0.00149604433682, -0.00215162755921, 0.00136882718652], [-0.000178350717761, 0.000903032254428, -0.00133086065762, 0.00452665193006, -0.00123038503807, -0.00110507267527, 0.000189100624993, 0.000605354318395, -0.00135959894396, 0.00285639404319, -0.00112763373181, 0.00107745255809, 0.000468209560495], [0.000705834594555, -0.00297238887288, 0.000594337936491, -0.00123038503807, 0.00736100971699, -0.00292495288886, 0.00149261311162, -0.000783819705248, -0.0025099941995, 0.00172979093622, 0.00118274532724, -0.00127803196665, -0.00215100962669], [-0.000376080046408, 0.0018544109771, -0.000571931246668, -0.00110507267527, -0.00292495288886, 0.0060741873458, -0.00309192761779, 0.000455345318187, 0.00194394215941, -0.0025311880745, 0.000429032341344, 0.00227852142416, 0.000786196324043], [0.000222328846576, -0.00136429758277, 0.000502688810229, 0.000189100624993, 0.00149261311162, -0.00309192761779, 0.00694276159629, -0.00344193959609, 0.00106127280742, -0.00153900217265, 8.83596949279e-05, -0.00103174790274, 0.000614897464402], [-0.000309217663016, 0.0012422472937, -0.00105418136809, 0.000605354318395, -0.000783819705248, 0.000455345318187, -0.00344193959609, 0.00987165886909, -0.00355309061706, -0.000167950580362, 0.00184227060527, -0.00140346679837, -0.000671497546136], [-1.06911111288e-05, -8.94966869964e-05, 0.000924846157432, -0.00135959894396, -0.0025099941995, 0.00194394215941, 0.00106127280742, -0.00355309061706, 0.0128790214658, -0.00440519442782, -0.00363804469816, 0.00264421454631, 0.000332501571393], [-0.000335314980475, 0.00180552888196, -0.00269792089239, 0.00285639404319, 0.00172979093622, -0.0025311880745, -0.00153900217265, -0.000167950580362, -0.00440519442782, 0.0167325139046, -0.00611790316179, 0.00318691809662, 0.000677724077832], [0.000406001170631, -0.00213094986975, 0.00149604433682, -0.00112763373181, 0.00118274532724, 0.000429032341344, 8.83596949279e-05, 0.00184227060527, -0.00363804469816, -0.00611790316179, 0.0173238813877, -0.00914791692048, 0.00225904304534], [-0.000690287735779, 0.0031058951281, -0.00215162755921, 0.00107745255809, -0.00127803196665, 0.00227852142416, -0.00103174790274, -0.00140346679837, 0.00264421454631, 0.00318691809662, -0.00914791692048, 0.0152677241713, -0.00320691405796], [0.000203063129447, -0.000951845315285, 0.00136882718652, 0.000468209560495, -0.00215100962669, 0.000786196324043, 0.000614897464402, -0.000671497546136, 0.000332501571393, 0.000677724077832, 0.00225904304534, -0.00320691405796, 0.0102310366929]]
    },
    "melbands": {
        "dmean": [0.000147869897773, 0.000235456653172, 0.000204955664231, 0.000279049185337, 0.000298570841551, 0.000254983897321, 0.000383199920179, 0.000314033299219, 0.000184024058399, 7.63829957577e-05, 5.81609456276e-05, 4.18071103923e-05, 2.71156059171e-05, 2.2169913791e-05, 1.37856577567e-05, 1.62319174706e-05, 3.7146030536e-06, 8.42398185341e-06, 4.76020574069e-07, 3.57493786396e-06, 1.16045396226e-06, 4.69011183668e-07, 2.06474510378e-07, 2.48643232226e-07, 1.01468899061e-07, 5.39527071908e-08, 4.411347021e-08, 6.24636982138e-08, 3.40153221146e-08, 1.62393334335e-08, 1.23921362061e-08, 5.74108671714e-09, 2.97543123473e-09, 2.53434251363e-09, 2.27651897333e-09, 5.92973947722e-10, 6.60116572515e-10, 4.16216394683e-10, 1.9693881248e-10, 1.66925251399e-10],
        "dmean2": [0.000226951175136, 0.000394782546209, 0.000329783040797, 0.000426511309342, 0.000441540614702, 0.000365116080502, 0.000628581794444, 0.000488551158924, 0.000295064906823, 0.000105746883492, 7.85273659858e-05, 5.52017263544e-05, 3.8816495362e-05, 3.10801660817e-05, 1.87641944649e-05, 2.45657502091e-05, 5.80993400945e-06, 1.32937220769e-05, 7.50293168039e-07, 5.94122229813e-06, 1.88309934401e-06, 7.87384749401e-07, 3.37701465014e-07, 4.06175729495e-07, 1.67910940263e-07, 8.76850023701e-08, 7.27454150251e-08, 1.0218033708e-07, 5.52821468602e-08, 2.65622404072e-08, 2.07468584534e-08, 9.52840650825e-09, 4.780321472e-09, 4.08525302475e-09, 3.48566797648e-09, 9.77780634237e-10, 1.03959807429e-09, 6.52540299573e-10, 3.20590970437e-10, 2.71921568595e-10],
        "dvar": [3.55836618837e-07, 4.20453119432e-07, 1.60473518918e-07, 3.77740462909e-07, 6.42954148589e-07, 2.90372781819e-07, 1.30078171878e-06, 6.31734280887e-07, 3.67059953987e-07, 4.7468024178e-08, 3.92417760509e-08, 2.3658037307e-08, 1.05342747858e-08, 1.23575691902e-08, 1.02094785959e-08, 7.06439706732e-09, 2.33392860594e-10, 2.68557220906e-09, 2.12569393511e-12, 1.04153741187e-09, 9.68948463131e-11, 3.65100701408e-12, 2.87947644244e-13, 3.55652085473e-13, 7.95683370537e-14, 2.9184272864e-14, 1.45129168286e-14, 3.67642284075e-14, 1.03229692521e-14, 5.24728609901e-15, 3.76196342754e-15, 5.2238819434e-16, 5.49889501253e-16, 5.0295852908e-16, 3.91014284194e-16, 5.60054503771e-18, 2.15279809379e-17, 5.20834107258e-18, 9.5604077293e-19, 1.19284510811e-18],
        "dvar2": [7.76383615175e-07, 1.15059333439e-06, 4.18139705971e-07, 9.02489887267e-07, 1.67053099176e-06, 7.09969015134e-07, 3.42827729582e-06, 1.66629217802e-06, 9.48542890455e-07, 8.63442082277e-08, 6.23475742145e-08, 3.61092915568e-08, 2.04536387827e-08, 2.18928875029e-08, 1.36639854986e-08, 1.74221437277e-08, 5.7793003716e-10, 6.23102458519e-09, 4.59111221263e-12, 2.14055506653e-09, 1.87549961672e-10, 1.11693267482e-11, 7.82174726464e-13, 9.08677213335e-13, 2.0147974272e-13, 7.38754624965e-14, 3.97095517005e-14, 9.2220034506e-14, 2.33506739471e-14, 1.29732582641e-14, 1.04720419687e-14, 1.36591124882e-15, 1.18861242988e-15, 1.06375987934e-15, 7.46132635572e-16, 1.35623168386e-17, 5.0059799384e-17, 1.13871502921e-17, 2.5433584924e-18, 2.89272256681e-18],
        "max": [0.0193047039211, 0.013594634831, 0.0113552780822, 0.0194047186524, 0.034321077168, 0.0144228003919, 0.0318615846336, 0.0168348290026, 0.0165470782667, 0.00940625648946, 0.0130589213222, 0.0093507533893, 0.0040026367642, 0.00946055259556, 0.00780829321593, 0.00488076033071, 0.000564930844121, 0.0021246348042, 5.66403687117e-05, 0.00193752662744, 0.000627186906058, 0.000111561916128, 2.09565841942e-05, 1.41813379742e-05, 8.20330205897e-06, 7.13882491254e-06, 2.98204486171e-06, 7.29633802621e-06, 3.9898113755e-06, 3.07677009914e-06, 2.86064255306e-06, 9.8440432339e-07, 2.09560812436e-06, 1.94690187527e-06, 1.66955260283e-06, 1.03580347854e-07, 3.3969357105e-07, 1.62514169233e-07, 2.90796826619e-08, 7.32619866994e-08],
        "mean": [0.000366923457477, 0.00045777412015, 0.000481035327539, 0.00065384915797, 0.000825985800475, 0.000648514134809, 0.000793978164438, 0.000673797156196, 0.000333799718646, 0.000172199739609, 0.000138808507472, 9.46350482991e-05, 6.09370290476e-05, 5.09235542268e-05, 2.83049885184e-05, 3.25824621541e-05, 7.65727236285e-06, 1.72729050973e-05, 9.28876261241e-07, 6.53565439279e-06, 2.38875963987e-06, 8.53056235428e-07, 3.94573106632e-07, 4.70401829489e-07, 1.666027174e-07, 1.0025141961e-07, 8.52478549973e-08, 1.19562500345e-07, 6.18302564703e-08, 2.66695483475e-08, 2.1788638449e-08, 1.10597273562e-08, 5.76647973816e-09, 4.54559323515e-09, 3.77967168674e-09, 1.13914599975e-09, 1.27162158581e-09, 9.02646457579e-10, 4.21540941042e-10, 3.70229097379e-10],
        "median": [3.51985909219e-05, 0.000100596502307, 0.000177493857336, 0.000272537785349, 0.00025799596915, 0.000187646524864, 0.0001102683309, 0.000199779315153, 7.99120389274e-05, 6.25451430096e-05, 4.6771398047e-05, 2.10511716432e-05, 1.10258051791e-05, 7.81487597123e-06, 3.08505764224e-06, 8.43380439619e-06, 1.59945784617e-06, 5.55664769308e-07, 2.74657708133e-07, 4.47240324775e-07, 2.18857508116e-07, 1.79333724759e-07, 1.19241150287e-07, 1.02878033204e-07, 3.79527520522e-08, 3.50493962742e-08, 4.02450055503e-08, 4.58613378385e-08, 2.20576374943e-08, 8.72536709551e-09, 7.61718776943e-09, 4.35398961329e-09, 1.93757143663e-09, 1.31293986794e-09, 1.15869336348e-09, 5.81638126551e-10, 5.14265796614e-10, 4.42035491544e-10, 2.44878339828e-10, 1.87309417976e-10],
        "min": [6.86202540624e-25, 7.28211158764e-25, 7.46367039017e-25, 1.13551961774e-24, 2.59457199753e-24, 1.47403008736e-24, 2.10227822203e-24, 1.67768034789e-24, 2.40429815554e-24, 1.66316727939e-24, 2.36063628216e-24, 2.70104553998e-24, 2.61551191583e-24, 3.27844656032e-24, 1.77229238056e-24, 3.37947775138e-24, 3.41842618086e-24, 2.65376693656e-24, 3.45327845008e-24, 3.14628987616e-24, 4.39556846263e-24, 3.59575461817e-24, 4.07197416944e-24, 4.48512271361e-24, 4.54553131515e-24, 5.15959878757e-24, 5.54314690399e-24, 4.2388028681e-24, 4.30572943287e-24, 4.39737889841e-24, 2.88679920898e-24, 4.50955018597e-24, 5.07870386275e-24, 5.51655558617e-24, 5.75190987066e-24, 6.0605733935e-24, 4.51646810168e-24, 5.94984887685e-24, 6.76795403911e-24, 6.39890400284e-24],
        "var": [1.82906671853e-06, 1.02254443846e-06, 6.57269367821e-07, 1.06444360881e-06, 2.20110791815e-06, 1.20914751278e-06, 3.8278849388e-06, 1.76234527771e-06, 7.16729459782e-07, 1.46055413097e-07, 1.55483903086e-07, 8.98106193858e-08, 3.56676430613e-08, 6.02949654649e-08, 4.09174134575e-08, 2.05410390919e-08, 7.69221242258e-10, 1.06344861805e-08, 5.65337880676e-12, 3.00777691642e-09, 3.60015156575e-10, 5.74141428844e-12, 6.06720457295e-13, 8.76306893802e-13, 1.55462109657e-13, 5.97292465596e-14, 2.72097933242e-14, 9.19968921463e-14, 2.61013134934e-14, 7.74727419668e-15, 5.4795310982e-15, 1.28549235262e-15, 1.28695793138e-15, 1.28057786746e-15, 8.10346520941e-16, 9.05583024398e-18, 3.57128413502e-17, 1.07783114469e-17, 9.21330103079e-19, 1.43185274226e-18]
    },
    "mfcc": {
        "mean": [-812.188232422, 227.326461792, 3.43257880211, 4.48097419739, -13.3783884048, -9.724858284, -1.78832960129, -7.68389225006, -3.86466765404, -4.37726211548, -3.03083848953, 1.78837347031, -5.35900306702],
        "cov": [[6388.92089844, 2666.44335938, -1384.96508789, -59.5659332275, -734.208740234, -456.156280518, -298.588745117, -175.593429565, -83.2293930054, -212.420089722, -158.414337158, 142.227584839, 244.152801514], [2666.44335938, 1736.0715332, -272.774261475, -117.961212158, -198.855865479, -208.567245483, -72.3762359619, -62.6092643738, 5.60394716263, -53.0621299744, -57.4438552856, 75.7915039062, 122.20904541], [-1384.96508789, -272.774261475, 666.140380859, 59.9820518494, 182.227813721, 190.597045898, 146.972976685, 69.6988220215, 51.8068847656, 104.000389099, 93.4810028076, 11.5217170715, -29.7000999451], [-59.5659332275, -117.961212158, 59.9820518494, 267.423187256, 165.796463013, 22.8233642578, -8.1102104187, 31.9502696991, 8.71776866913, -13.5291843414, -15.9409570694, -18.5208435059, 11.8619012833], [-734.208740234, -198.855865479, 182.227813721, 165.796463013, 496.47052002, 102.679649353, -54.4838790894, 46.9043235779, 24.2836608887, 19.8977737427, -46.2693138123, -116.164245605, -91.4191970825], [-456.156280518, -208.567245483, 190.597045898, 22.8233642578, 102.679649353, 281.084259033, 162.881256104, 55.3415412903, 59.0107650757, 80.6822280884, 63.6545066833, -9.40470218658, -62.1907653809], [-298.588745117, -72.3762359619, 146.972976685, -8.1102104187, -54.4838790894, 162.881256104, 266.391021729, 94.0230560303, 74.9711227417, 81.1699066162, 58.2215576172, 47.521396637, 3.30404949188], [-175.593429565, -62.6092643738, 69.6988220215, 31.9502696991, 46.9043235779, 55.3415412903, 94.0230560303, 124.839141846, 69.9758758545, 15.3920965195, 12.7847776413, 10.1980772018, 18.4446640015], [-83.2293930054, 5.60394716263, 51.8068847656, 8.71776866913, 24.2836608887, 59.0107650757, 74.9711227417, 69.9758758545, 130.368667603, 75.6897277832, -2.807284832, -2.77126264572, 0.618731796741], [-212.420089722, -53.0621299744, 104.000389099, -13.5291843414, 19.8977737427, 80.6822280884, 81.1699066162, 15.3920965195, 75.6897277832, 167.252548218, 74.7582321167, -7.03056430817, -51.570930481], [-158.414337158, -57.4438552856, 93.4810028076, -15.9409570694, -46.2693138123, 63.6545066833, 58.2215576172, 12.7847776413, -2.807284832, 74.7582321167, 178.351806641, 97.7932662964, -19.7478256226], [142.227584839, 75.7915039062, 11.5217170715, -18.5208435059, -116.164245605, -9.40470218658, 47.521396637, 10.1980772018, -2.77126264572, -7.03056430817, 97.7932662964, 172.511642456, 96.914276123], [244.152801514, 122.20904541, -29.7000999451, 11.8619012833, -91.4191970825, -62.1907653809, 3.30404949188, 18.4446640015, 0.618731796741, -51.570930481, -19.7478256226, 96.914276123, 217.75100708]],
