{
"lowlevel": {
    "average_loudness": 0.595838189125,
    "barkbands_crest": {
        "dmean": 2.39757490158,
        "dmean2": 3.78293418884,
        "dvar": 4.66809844971,
        "dvar2": 12.5992460251,
        "max": 25.9516372681,
        "mean": 12.5621948242,
        "median": 11.794960022,
        "min": 3.89444804192,
        "var": 18.757352829
    },
    "barkbands_flatness_db": {
        "dmean": 0.022960504517,
        "dmean2": 0.0378163382411,
        "dvar": 0.000494210864417,
        "dvar2": 0.00145918712951,
        "max": 0.680286407471,
        "mean": 0.392425596714,
        "median": 0.387013077736,
        "min": 0.0316182933748,
        "var": 0.00849786587059
    },
    "barkbands_kurtosis": {
        "dmean": 2.2847263813,
        "dmean2": 3.67127466202,
        "dvar": 10.7865371704,
        "dvar2": 28.4943981171,
        "max": 63.7159576416,
        "mean": 4.10905361176,
        "median": 2.41497755051,
        "min": -1.55074381828,
        "var": 33.3676681519
    },
    "barkbands_skewness": {
        "dmean": 0.412361592054,
        "dmean2": 0.636538147926,
        "dvar": 0.147836402059,
        "dvar2": 0.378055304289,
        "max": 6.59531211853,
        "mean": 0.53964138031,
        "median": 0.62487244606,
        "min": -4.84516954422,
        "var": 1.43018698692
    },
    "barkbands_spread": {
        "dmean": 0.881788253784,
        "dmean2": 1.36577761173,
        "dvar": 1.55978310108,
        "dvar2": 3.91407322884,
        "max": 63.7709465027,
        "mean": 3.97388029099,
        "median": 3.33718299866,
        "min": 0.126590952277,
        "var": 8.98935890198
    },
    "dissonance": {
        "dmean": 0.051820512861,
        "dmean2": 0.0876029953361,
        "dvar": 0.00205485709012,
        "dvar2": 0.00571545120329,
        "max": 0.500000238419,
        "mean": 0.373052984476,
        "median": 0.38147893548,
        "min": 0.0598842874169,
        "var": 0.00478234514594
    },
    "dynamic_complexity": 3.859416008,
    "erbbands_crest": {
        "dmean": 2.6074283123,
        "dmean2": 3.9115126133,
        "dvar": 5.38809537888,
        "dvar2": 11.8844442368,
        "max": 33.7795906067,
        "mean": 15.273106575,
        "median": 13.6790752411,
        "min": 2.91980481148,
        "var": 41.1913909912
    },
    "erbbands_flatness_db": {
        "dmean": 0.0165791995823,
        "dmean2": 0.0256223268807,
        "dvar": 0.000233074504649,
        "dvar2": 0.000576994672883,
        "max": 0.652173042297,
        "mean": 0.385803073645,
        "median": 0.385022461414,
        "min": 0.0467584207654,
        "var": 0.00594824459404
    },
    "erbbands_kurtosis": {
        "dmean": 1.96922314167,
        "dmean2": 2.87296557426,
        "dvar": 13.3037414551,
        "dvar2": 23.1713809967,
        "max": 109.042724609,
        "mean": 4.42009925842,
        "median": 1.93211174011,
        "min": -1.7659996748,
        "var": 66.9202423096
    },
    "erbbands_skewness": {
        "dmean": 0.385289728642,
        "dmean2": 0.582950472832,
        "dvar": 0.132266610861,
        "dvar2": 0.300988256931,
        "max": 8.26580142975,
        "mean": 0.711211502552,
        "median": 0.674412727356,
        "min": -5.02950620651,
        "var": 1.08421099186
    },
    "erbbands_spread": {
        "dmean": 1.56648504734,
        "dmean2": 2.35988211632,
        "dvar": 3.46457958221,
        "dvar2": 7.92425107956,
        "max": 81.7854766846,
        "mean": 8.1599187851,
        "median": 7.57745075226,
        "min": 0.359307378531,
        "var": 32.2880096436
    },
    "hfc": {
        "dmean": 2.16138839722,
        "dmean2": 2.95103549957,
        "dvar": 10.2858581543,
        "dvar2": 16.3525619507,
        "max": 110.564376831,
        "mean": 9.56543254852,
        "median": 6.91128253937,
        "min": 1.12637766346e-16,
        "var": 90.935333252
    },
    "melbands_crest": {
        "dmean": 3.11112594604,
        "dmean2": 4.98757743835,
        "dvar": 8.12330150604,
        "dvar2": 22.150970459,
        "max": 32.6595153809,
        "mean": 16.5379886627,
        "median": 15.5917282104,
        "min": 2.46330714226,
        "var": 33.4274787903
    },
    "melbands_flatness_db": {
        "dmean": 0.0245806276798,
        "dmean2": 0.0403617098927,
        "dvar": 0.000621930870693,
        "dvar2": 0.00185736385174,
        "max": 0.856938064098,
        "mean": 0.519039928913,
        "median": 0.509700596333,
        "min": 0.0071106874384,
        "var": 0.0125084863976
    },
    "melbands_kurtosis": {
        "dmean": 2.71374082565,
        "dmean2": 4.40930223465,
        "dvar": 16.8430118561,
        "dvar2": 47.7282180786,
        "max": 93.6449279785,
        "mean": 4.86805868149,
        "median": 2.74062371254,
        "min": -1.66369891167,
        "var": 45.9268341064
    },
    "melbands_skewness": {
        "dmean": 0.433051228523,
        "dmean2": 0.667272031307,
        "dvar": 0.163931086659,
        "dvar2": 0.428816229105,
        "max": 7.56229734421,
        "mean": 0.975191712379,
        "median": 0.982498884201,
        "min": -3.97193813324,
        "var": 1.79237568378
    },
    "melbands_spread": {
        "dmean": 1.19588923454,
        "dmean2": 1.8391263485,
        "dvar": 2.57611966133,
        "dvar2": 4.71537399292,
        "max": 112.358894348,
        "mean": 5.7418179512,
        "median": 4.88397789001,
        "min": 0.405100315809,
        "var": 15.8660163879
    },
    "pitch_salience": {
        "dmean": 0.0653350651264,
        "dmean2": 0.10458599776,
        "dvar": 0.00334547157399,
        "dvar2": 0.00894803181291,
        "max": 0.870899498463,
        "mean": 0.533776819706,
        "median": 0.542872846127,
        "min": 0.102798871696,
        "var": 0.0133183803409
    },
    "silence_rate_20dB": {
        "dmean": 0,
        "dmean2": 0,
        "dvar": 0,
        "dvar2": 0,
        "max": 1,
        "mean": 1,
        "median": 1,
        "min": 1,
        "var": 0
    },
    "silence_rate_30dB": {
        "dmean": 0.00537240551785,
        "dmean2": 0.0107456855476,
        "dvar": 0.00534403137863,
        "dvar2": 0.0133981658146,
        "max": 1,
        "mean": 0.990883946419,
        "median": 1,
        "min": 0,
        "var": 0.00903349556029
    },
    "silence_rate_60dB": {
        "dmean": 0.00455840444192,
        "dmean2": 0.00911755114794,
        "dvar": 0.00453720940277,
        "dvar2": 0.0111514581367,
        "max": 1,
        "mean": 0.0664170607924,
        "median": 0,
        "min": 0,
        "var": 0.0620084553957
    },
    "spectral_centroid": {
        "dmean": 32.6776237488,
        "dmean2": 49.9835700989,
        "dvar": 11518.7705078,
        "dvar2": 13210.7460938,
        "max": 11696.3457031,
        "mean": 396.936950684,
        "median": 383.103027344,
        "min": 154.03565979,
        "var": 32556.9960938
    },
    "spectral_complexity": {
        "dmean": 1.15116000175,
        "dmean2": 1.96352982521,
        "dvar": 1.07970511913,
        "dvar2": 2.74984669685,
        "max": 21,
        "mean": 8.4938955307,
        "median": 9,
        "min": 0,
        "var": 8.52677822113
    },
    "spectral_decrease": {
        "dmean": 1.80471670941e-09,
        "dmean2": 2.72209343954e-09,
        "dvar": 4.54391569017e-18,
        "dvar2": 1.10148429159e-17,
        "max": -1.89087109809e-29,
        "mean": -7.20007697907e-09,
        "median": -6.06804739789e-09,
        "min": -4.68068144244e-08,
        "var": 2.97671630601e-17
    },
    "spectral_energy": {
        "dmean": 0.00699719693512,
        "dmean2": 0.0105258189142,
        "dvar": 6.82755926391e-05,
        "dvar2": 0.00016368109209,
        "max": 0.186007246375,
        "mean": 0.0280423425138,
        "median": 0.0236207060516,
        "min": 1.02879385074e-20,
        "var": 0.000454510038253
    },
    "spectral_energyband_high": {
        "dmean": 4.31437314319e-07,
        "dmean2": 7.09719074621e-07,
        "dvar": 4.08844963093e-12,
        "dvar2": 1.02350844813e-11,
        "max": 8.70887161e-05,
        "mean": 1.40399902193e-06,
        "median": 1.20383162994e-07,
        "min": 7.46768398035e-21,
        "var": 2.81701849347e-11
    },
    "spectral_energyband_low": {
        "dmean": 0.00326777831651,
        "dmean2": 0.00538934906945,
        "dvar": 2.79701107502e-05,
        "dvar2": 7.89955302025e-05,
        "max": 0.110546551645,
        "mean": 0.00789798423648,
        "median": 0.00477813417092,
        "min": 4.17438906198e-23,
        "var": 8.28608681331e-05
    },
    "spectral_energyband_middle_high": {
        "dmean": 0.000227955257287,
        "dmean2": 0.000321406521834,
        "dvar": 1.22382027712e-06,
        "dvar2": 2.53175380749e-06,
        "max": 0.052911169827,
        "mean": 0.000673561997246,
        "median": 0.000301138177747,
        "min": 1.65730714727e-21,
        "var": 3.00535566566e-06
    },
    "spectral_energyband_middle_low": {
        "dmean": 0.00602555973455,
        "dmean2": 0.00889786053449,
        "dvar": 5.18617307534e-05,
        "dvar2": 0.00011839842773,
        "max": 0.174996688962,
        "mean": 0.0221562813967,
        "median": 0.0171084702015,
        "min": 2.5378167765e-22,
        "var": 0.000369371904526
    },
    "spectral_entropy": {
        "dmean": 0.140655040741,
        "dmean2": 0.217907711864,
        "dvar": 0.0184472855181,
        "dvar2": 0.0454684346914,
        "max": 9.7965669632,
        "mean": 5.39112234116,
        "median": 5.39293193817,
        "min": 3.87224411964,
        "var": 0.258300513029
    },
    "spectral_flux": {
        "dmean": 0.0166949555278,
        "dmean2": 0.0280524622649,
        "dvar": 0.000313186174026,
        "dvar2": 0.000839458254632,
        "max": 0.281642198563,
        "mean": 0.0553258545697,
        "median": 0.0525715723634,
        "min": 1.01429475929e-10,
        "var": 0.000762477924582
    },
    "spectral_kurtosis": {
        "dmean": 60.9173622131,
        "dmean2": 108.386566162,
        "dvar": 8745.37304688,
        "dvar2": 27587.0839844,
        "max": 1091.12695312,
        "mean": 173.875747681,
        "median": 126.9427948,
        "min": -1.18730461597,
        "var": 23654.6992188
    },
    "spectral_rms": {
        "dmean": 0.000634662515949,
        "dmean2": 0.000956307863817,
        "dvar": 4.11587535609e-07,
        "dvar2": 1.06528216293e-06,
        "max": 0.0134710986167,
        "mean": 0.0048430361785,
        "median": 0.00480047846213,
        "min": 3.16812461681e-12,
        "var": 3.90331433664e-06
    },
    "spectral_rolloff": {
        "dmean": 48.7470626831,
        "dmean2": 83.9794921875,
        "dvar": 38422.4570312,
        "dvar2": 59600.3320312,
        "max": 18238.6230469,
        "mean": 473.331970215,
        "median": 495.263671875,
        "min": 107.666015625,
        "var": 64865.390625
    },
    "spectral_skewness": {
        "dmean": 1.83795177937,
        "dmean2": 3.25058674812,
        "dvar": 3.37965321541,
        "dvar2": 10.3340148926,
        "max": 26.5338001251,
        "mean": 9.44506263733,
        "median": 8.47314453125,
        "min": -0.048176124692,
        "var": 21.3465099335
    },
    "spectral_spread": {
        "dmean": 297699.96875,
        "dmean2": 530804.375,
        "dvar": 165965070336,
        "dvar2": 295286177792,
        "max": 40380196,
        "mean": 942306.625,
        "median": 837123.125,
        "min": 78675.6796875,
        "var": 597886763008
    },
    "spectral_strongpeak": {
        "dmean": 0.401526093483,
        "dmean2": 0.609646618366,
        "dvar": 0.286187291145,
        "dvar2": 0.583095729351,
        "max": 10.7450475693,
        "mean": 1.29938971996,
        "median": 0.804868936539,
        "min": 0,
        "var": 1.6780333519
    },
    "zerocrossingrate": {
        "dmean": 0.00166460778564,
        "dmean2": 0.00219583464786,
        "dvar": 2.91497453873e-05,
        "dvar2": 4.0031503886e-05,
        "max": 0.51318359375,
        "mean": 0.0180590134114,
        "median": 0.01708984375,
        "min": 0.00439453125,
        "var": 0.000168057216797
    },
    "barkbands": {
        "dmean": [9.25570784602e-05, 0.000981528195553, 0.00137269345578, 0.00287101091817, 0.00170617143158, 0.00067599338945, 0.00156295089982, 0.00181672698818, 0.000426095502917, 9.44413550314e-05, 9.74771755864e-05, 6.37047996861e-05, 1.69089853443e-05, 1.69933919096e-05, 2.6213887395e-05, 9.69960456132e-06, 1.02687718027e-05, 2.62957269115e-06, 1.81152017831e-06, 2.54375180475e-07, 2.68008619742e-07, 1.01365188243e-07, 7.05364868736e-08, 9.35896835585e-08, 4.63829437081e-08, 1.00550030524e-08, 3.16459347616e-09],
        "dmean2": [0.000144205085235, 0.00153424509335, 0.00222518318333, 0.00474529573694, 0.00265487027355, 0.00108404329512, 0.00219078664668, 0.00216232193634, 0.000492193852551, 0.000140350384754, 0.00013962633966, 8.91923336894e-05, 2.75569800579e-05, 2.71867775155e-05, 3.913027831e-05, 1.55120287673e-05, 1.67305934156e-05, 4.17044839196e-06, 2.84684529106e-06, 4.24536693799e-07, 4.5059445597e-07, 1.64745969755e-07, 1.18341880295e-07, 1.52994104496e-07, 6.86100136704e-08, 1.61399800191e-08, 5.24898924326e-09],
        "dvar": [5.03841377508e-08, 1.81264215371e-06, 8.35849277792e-06, 2.87138336716e-05, 6.91394006935e-06, 1.07825928808e-06, 8.95369885257e-06, 2.0267569198e-05, 1.03334514279e-06, 1.57546764967e-07, 1.17866804317e-07, 6.85014924784e-07, 5.7718736457e-08, 3.36052163874e-09, 4.18781063161e-08, 9.60382329218e-10, 2.47957387955e-09, 2.28208785202e-10, 1.0102189224e-10, 1.04857951749e-12, 1.88059745727e-12, 3.71447989554e-13, 1.94772597031e-13, 4.74043493261e-13, 7.34325252515e-14, 6.11344843835e-15, 1.80000417287e-16],
        "dvar2": [1.44548138792e-07, 4.61434865429e-06, 2.29185443459e-05, 8.28746487969e-05, 1.68108344951e-05, 2.41009865931e-06, 1.73617900145e-05, 2.67818722932e-05, 1.24382006561e-06, 4.16631564804e-07, 2.04967591344e-07, 1.43183899581e-06, 1.40651948755e-07, 9.10094311024e-09, 6.4510047082e-08, 2.3661292925e-09, 6.44593090016e-09, 5.35972100035e-10, 2.28397745161e-10, 2.79824297414e-12, 4.82429244122e-12, 9.05499579398e-13, 5.38528477454e-13, 1.26755713131e-12, 1.57745100619e-13, 1.55185041792e-14, 4.47058483847e-16],
        "max": [0.00788210332394, 0.0330323129892, 0.0617090165615, 0.0996243953705, 0.0690002143383, 0.0454790741205, 0.109167315066, 0.170166894794, 0.0651379004121, 0.0245556738228, 0.0214914996177, 0.0489636957645, 0.0205715000629, 0.00182826269884, 0.0135068893433, 0.00102005817462, 0.00179621879943, 0.000800854584668, 0.000407532439567, 3.28581991198e-05, 4.28334824392e-05, 2.09062491194e-05, 2.0081839466e-05, 3.53426148649e-05, 1.34767433337e-05, 5.26103940501e-06, 7.48820013996e-07],
        "mean": [0.000324348278809, 0.00240355404094, 0.00250439275987, 0.00553944613785, 0.00422622216865, 0.00151455763262, 0.00393980182707, 0.00550154689699, 0.00139023561496, 0.000199986927328, 0.000223547162022, 0.000122874524095, 2.51593573921e-05, 3.42887542502e-05, 4.7914145398e-05, 1.82621570275e-05, 1.67480484379e-05, 4.64734011985e-06, 3.21886886923e-06, 4.41075798108e-07, 4.79245898077e-07, 1.86307659078e-07, 1.42838217698e-07, 2.0539664547e-07, 1.21723374491e-07, 2.47885854066e-08, 8.21954415642e-09],
        "median": [9.63075290201e-05, 0.00150163588114, 0.000960859062616, 0.00161580555141, 0.00199948018417, 0.000811729289126, 0.00123357889242, 0.00109385931864, 0.000457468326204, 7.58682726882e-05, 5.71911441511e-05, 1.54070403369e-05, 6.94905702403e-06, 9.3275175459e-06, 8.79395975062e-06, 4.12513418269e-06, 1.66936683854e-06, 7.94503876023e-07, 2.49713025369e-07, 8.29601134456e-08, 4.01862223498e-08, 1.14016343034e-08, 8.69171934426e-09, 6.78242884078e-09, 3.05132452638e-09, 1.27350463508e-09, 8.20871481899e-10],
        "min": [7.24387066779e-24, 1.26637765936e-23, 1.86206230611e-23, 1.05720487945e-23, 2.6332139151e-23, 2.26466046676e-23, 4.1638962653e-23, 7.28982449765e-23, 6.12253060788e-23, 1.21468246828e-22, 1.34773831188e-22, 2.0296762527e-22, 1.37548109841e-22, 1.80436760696e-22, 1.716817678e-22, 1.8378953314e-22, 1.28609015742e-22, 8.7134199266e-23, 1.96069320643e-22, 2.46590497369e-22, 5.17514867174e-22, 4.90898674988e-22, 5.29537359805e-22, 7.78407955491e-22, 1.0536507897e-21, 1.78843920524e-21, 2.41100227417e-21],
        "var": [3.9893782855e-07, 7.76505839895e-06, 1.78525242518e-05, 9.67291853158e-05, 3.79201555916e-05, 5.69639860259e-06, 5.262689956e-05, 0.000129353546072, 7.58739452067e-06, 3.26582551224e-07, 4.51304998705e-07, 1.2288741118e-06, 6.96195527894e-08, 8.23971557651e-09, 1.07154107809e-07, 2.24537499705e-09, 4.87029883089e-09, 4.41452291389e-10, 2.2577927028e-10, 1.77867345418e-12, 4.28000777181e-12, 8.81574056377e-13, 4.41308475223e-13, 1.37502281696e-12, 3.56958847246e-13, 2.99979327132e-14, 1.48371447354e-15]
    },
    "erbbands": {
        "dmean": [0.0337561666965, 0.227286979556, 1.20854079723, 6.24064731598, 5.73778820038, 7.00450944901, 6.91842699051, 5.7051243782, 23.3340625763, 14.7858886719, 44.8143005371, 14.0432720184, 1.8105455637, 3.26209235191, 4.34476518631, 3.23250818253, 0.942667007446, 0.856979370117, 1.46684837341, 0.711457133293, 0.641485095024, 0.326461166143, 0.174968242645, 0.0934126824141, 0.083770558238, 0.0161117874086, 0.0137875992805, 0.00550796696916, 0.00273314747028, 0.00227914447896, 0.0026812334545, 0.00122404284775, 0.00190626527183, 0.000620038365014, 0.000211023871088, 8.32873411127e-05, 1.30411581267e-05, 2.37809740611e-06, 3.5347541143e-06, 7.71835038904e-06],
        "dmean2": [0.0509685650468, 0.364270091057, 1.97004055977, 10.4613466263, 9.07141494751, 11.1129264832, 10.9748439789, 9.22574996948, 32.5336914062, 20.739320755, 52.1607055664, 15.4465026855, 2.50563669205, 4.8436126709, 6.22817325592, 4.4833073616, 1.4741038084, 1.34814453125, 2.190554142, 1.1021052599, 1.02851045132, 0.529924035072, 0.287109941244, 0.156836256385, 0.128662094474, 0.0257315561175, 0.0223682820797, 0.00937653519213, 0.00445352727547, 0.00365075841546, 0.00446483492851, 0.00203820713796, 0.00312578794546, 0.000937826582231, 0.000325140688801, 0.000128879779368, 2.08859619306e-05, 3.86586862078e-06, 5.33841330252e-06, 1.15746815936e-05],
        "dvar": [0.0031619023066, 0.102949418128, 5.85571813583, 138.048614502, 77.8548202515, 149.605987549, 172.17791748, 67.6890182495, 1979.49291992, 846.615478516, 14573.1503906, 856.237365723, 20.0700302124, 251.77746582, 279.604858398, 1798.91040039, 147.26991272, 8.43936252594, 147.630142212, 7.58797454834, 5.57737541199, 2.18383359909, 0.760896146297, 0.201975494623, 0.314401566982, 0.004260269925, 0.00477162189782, 0.00126993830781, 0.000234152001212, 0.00019767943013, 0.000346220418578, 5.13275917911e-05, 0.000280311855022, 1.17367408166e-05, 1.40406029914e-06, 3.832995219e-07, 7.76560593607e-09, 1.37848385484e-10, 2.21299107511e-11, 8.31553714775e-11],
        "dvar2": [0.00809614919126, 0.272863894701, 16.2381343842, 403.412414551, 192.365692139, 392.96572876, 373.050445557, 160.991226196, 3817.32275391, 1594.99206543, 18845.1308594, 998.664306641, 41.8185310364, 685.939086914, 477.107208252, 3763.24365234, 349.979309082, 21.7135314941, 230.264022827, 16.2613334656, 13.6693105698, 5.41885662079, 2.023178339, 0.560958385468, 0.640690565109, 0.0101143075153, 0.0116774849594, 0.00319967768155, 0.000584727618843, 0.000464389071567, 0.000943213235587, 0.000139109703014, 0.000761266506743, 2.92960266961e-05, 3.10285236083e-06, 8.99564099655e-07, 1.92470963611e-08, 3.20383136687e-10, 5.19424191159e-11, 1.96724747603e-10],
        "max": [1.1592874527, 8.8759803772, 57.3776245117, 173.612426758, 217.334152222, 303.703277588, 466.715545654, 227.565795898, 1689.60644531, 1039.2265625, 4646.86230469, 1737.12060547, 204.847106934, 986.761535645, 1075.57751465, 2530.3503418, 1058.52893066, 150.960296631, 798.436096191, 107.962562561, 104.738525391, 57.2601890564, 50.1450500488, 18.2339706421, 28.9645233154, 2.22729158401, 2.3648045063, 1.81675386429, 0.625096023083, 0.665788412094, 0.937001883984, 0.395377367735, 0.864010810852, 0.167538166046, 0.0547206029296, 0.0316379927099, 0.00590219162405, 0.000695830152836, 0.000187919416931, 0.000210921192775],
        "mean": [0.0772546157241, 0.524465560913, 2.42899298668, 11.6117687225, 13.545753479, 15.7883520126, 15.6725988388, 13.2723426819, 59.3695907593, 43.7642326355, 140.925827026, 50.3705749512, 5.70969104767, 7.23834609985, 10.3850946426, 6.39932727814, 1.56974339485, 1.83651864529, 2.73449325562, 1.4054197073, 1.19524586201, 0.610545635223, 0.336002469063, 0.178470015526, 0.154321178794, 0.0316451452672, 0.024905225262, 0.0111003974453, 0.00573925254866, 0.00459620961919, 0.00516722397879, 0.00312709086575, 0.00403153756633, 0.00173396873288, 0.000593707954977, 0.000198412672034, 3.91701978515e-05, 7.38889593777e-06, 1.46465799844e-05, 3.11609292112e-05],
        "median": [0.0394836068153, 0.309645533562, 1.16130769253, 3.95585560799, 6.15430736542, 6.06085205078, 6.38601016998, 7.85678005219, 19.2589378357, 19.6134986877, 25.1764755249, 20.0912055969, 3.33039593697, 3.04638576508, 2.71594691277, 0.830073237419, 0.4705773592, 0.528297185898, 0.651774823666, 0.33736127615, 0.249858021736, 0.0922603011131, 0.05524405092, 0.0258068349212, 0.01282729581, 0.00543502066284, 0.0027411384508, 0.000723467557691, 0.000412733992562, 0.000311151787173, 0.000269430107437, 0.000179532013135, 0.000115633993119, 6.3058163505e-05, 3.44068357663e-05, 2.05940232263e-05, 1.01921987152e-05, 1.77370702659e-06, 1.17632680485e-05, 2.62382109213e-05],
        "min": [2.68818931604e-22, 3.57434678545e-21, 2.14495913835e-20, 2.46178191454e-20, 7.72385519215e-20, 6.08379385188e-20, 9.73104449142e-20, 2.91012453404e-19, 5.50411459664e-19, 1.45526154e-18, 1.12256019185e-18, 1.44840183458e-18, 2.46877099618e-18, 4.48631000513e-18, 6.59234286397e-18, 8.99718727446e-18, 6.46705064376e-18, 8.50297084669e-18, 9.10081480724e-18, 1.01634019231e-17, 8.69992751363e-18, 7.8475898571e-18, 5.07408097377e-18, 7.6452093669e-18, 1.04356386433e-17, 1.39666236969e-17, 2.71814791833e-17, 1.41075885081e-17, 1.40428963668e-17, 1.7033121194e-17, 1.5030086797e-17, 1.5593226395e-17, 1.26121055177e-17, 1.15042178555e-17, 7.84940882727e-18, 4.92083294399e-18, 3.99487704013e-18, 1.39845367066e-18, 3.74865587406e-19, 3.1351392449e-20],
        "var": [0.0107104573399, 0.399136692286, 13.7678527832, 359.135650635, 384.879058838, 662.853820801, 805.788696289, 329.399841309, 11794.28125, 4462.38818359, 94811.0859375, 6880.359375, 75.0036239624, 463.115814209, 1090.43591309, 3233.81738281, 189.659790039, 17.1307525635, 368.997283936, 20.5126972198, 11.9828777313, 5.14219427109, 1.72880113125, 0.464446991682, 0.701301574707, 0.0100098680705, 0.0103920642287, 0.00294785900041, 0.000645888969302, 0.000469130609417, 0.000716745329555, 0.000239989691181, 0.000693316163961, 6.27295448794e-05, 8.28610063763e-06, 1.48601861838e-06, 4.15757384076e-08, 8.92036056133e-10, 1.68739633377e-10, 5.64140789638e-10]
    },
    "gfcc": {
        "mean": [-203.607452393, 247.575088501, -69.8022232056, -33.6207733154, -37.6506462097, -19.8551712036, -24.4646911621, -1.19274508953, 0.26058408618, -12.8609638214, -5.87845182419, -19.8399162292, -3.26348495483],
        "cov": [[11609.7988281, -741.963867188, -3305.07446289, 1381.78198242, 687.977111816, 164.264297485, -202.767120361, 551.727661133, 331.174621582, 48.1242332458, 201.42906189, -4.69824266434, 208.937530518], [-741.963867188, 1469.43591309, 708.111572266, -728.590087891, 344.113647461, -60.5579872131, 54.3575744629, -363.923675537, -0.283491313457, -80.5650024414, -46.3681221008, -67.5009536743, 35.6206092834], [-3305.07446289, 708.111572266, 1763.23217773, -436.359588623, -131.025146484, 60.2990112305, 113.283081055, -263.8565979, -170.297561646, -97.4320068359, -138.88684082, -81.5497283936, -74.150428772], [1381.78198242, -728.590087891, -436.359588623, 938.218383789, 51.8479537964, 47.2951622009, 12.2623634338, 218.25553894, -47.2451248169, -72.4973678589, 50.1944694519, -12.9056711197, 12.0301065445], [687.977111816, 344.113647461, -131.025146484, 51.8479537964, 397.957946777, 66.9572219849, 10.366560936, -63.4327697754, 4.21023797989, -63.8305244446, -11.9475488663, -19.5409870148, 31.8007774353], [164.264297485, -60.5579872131, 60.2990112305, 47.2951622009, 66.9572219849, 232.443893433, 44.8588104248, 19.0919189453, -23.744562149, -6.09857463837, -27.4011936188, -4.1220035553, -1.41045320034], [-202.767120361, 54.3575744629, 113.283081055, 12.2623634338, 10.366560936, 44.8588104248, 130.458114624, 48.53490448, -4.26146650314, -8.50365447998, 4.82624912262, -4.94680547714, -13.0169668198], [551.727661133, -363.923675537, -263.8565979, 218.25553894, -63.4327697754, 19.0919189453, 48.53490448, 245.439254761, 77.2326202393, 42.504108429, 57.4175415039, 34.8075790405, -6.71969604492], [331.174621582, -0.283491313457, -170.297561646, -47.2451248169, 4.21023797989, -23.744562149, -4.26146650314, 77.2326202393, 130.623703003, 70.2527999878, 37.3285217285, 22.9918727875, 8.53767490387], [48.1242332458, -80.5650024414, -97.4320068359, -72.4973678589, -63.8305244446, -6.09857463837, -8.50365447998, 42.504108429, 70.2527999878, 113.616958618, 47.8114128113, 35.6409454346, 9.5863904953], [201.42906189, -46.3681221008, -138.88684082, 50.1944694519, -11.9475488663, -27.4011936188, 4.82624912262, 57.4175415039, 37.3285217285, 47.8114128113, 106.451171875, 52.5423431396, 14.4974393845], [-4.69824266434, -67.5009536743, -81.5497283936, -12.9056711197, -19.5409870148, -4.1220035553, -4.94680547714, 34.8075790405, 22.9918727875, 35.6409454346, 52.5423431396, 90.2121276855, 30.2580680847], [208.937530518, 35.6206092834, -74.150428772, 12.0301065445, 31.8007774353, -1.41045320034, -13.0169668198, -6.71969604492, 8.53767490387, 9.5863904953, 14.4974393845, 30.2580680847, 64.7133560181]],
        "icov": [[0.000395399343688, -0.00119724695105, 0.000935083662625, -0.000936035299674, 0.000599887745921, -0.000773641571868, 0.000942893442698, -0.00101891474333, 0.000483026204165, -0.000755031534936, 0.000944280996919, -9.31947943172e-05, 0.000280211679637], [-0.00119724695105, 0.0101109957322, -0.00460254540667, 0.00688348477706, -0.00655270647258, 0.00424702884629, -0.00626912293956, 0.00766369793564, -0.00640602083877, 0.00794844608754, -0.00946222990751, 0.00595181481913, -0.00640134233981], [0.000935083662625, -0.00460254540667, 0.00370965222828, -0.00304993195459, 0.00329429423437, -0.00261194026098, 0.00201143301092, -0.0026556996163, 0.0028139303904, -0.00279823201708, 0.00432612095028, -0.00178337155376, 0.00269296905026], [-0.000936035299674, 0.00688348477706, -0.00304993195459, 0.00690220668912, -0.0046840198338, 0.00278225843795, -0.00351599487476, 0.00255434960127, -0.00202068150975, 0.00660252012312, -0.00770679023117, 0.00538037298247, -0.00512484414503], [0.000599887745921, -0.00655270647258, 0.00329429423437, -0.0046840198338, 0.00870982836932, -0.00430090306327, 0.00267614983022, -0.0019477425376, 0.000951237045228, -0.00125620409381, 0.0049057691358, -0.00355158257298, 0.00289987330325], [-0.000773641571868, 0.00424702884629, -0.00261194026098, 0.00278225843795, -0.00430090306327, 0.00786421634257, -0.00413232995197, 0.00184570485726, 9.17365468922e-05, 0.00011671527318, -0.000858696992509, 0.00072476756759, -0.00188049650751], [0.000942893442698, -0.00626912293956, 0.00201143301092, -0.00351599487476, 0.00267614983022, -0.00413232995197, 0.0152340671048, -0.00968929659575, 0.00551659660414, -0.00411654729396, 0.00371685414575, -0.0015831819037, 0.00380746414885], [-0.00101891474333, 0.00766369793564, -0.0026556996163, 0.00255434960127, -0.0019477425376, 0.00184570485726, -0.00968929659575, 0.0181031953543, -0.0124483276159, 0.0074949436821, -0.00779273035005, 0.00113677338231, -0.00177200359758], [0.000483026204165, -0.00640602083877, 0.0028139303904, -0.00202068150975, 0.000951237045228, 9.17365468922e-05, 0.00551659660414, -0.0124483276159, 0.0230107922107, -0.0146131170914, 0.00670669507235, -0.00242963107303, 0.00368055910803], [-0.000755031534936, 0.00794844608754, -0.00279823201708, 0.00660252012312, -0.00125620409381, 0.00011671527318, -0.00411654729396, 0.0074949436821, -0.0146131170914, 0.0268795657903, -0.014103163965, 0.00454539293423, -0.00682073319331], [0.000944280996919, -0.00946222990751, 0.00432612095028, -0.00770679023117, 0.0049057691358, -0.000858696992509, 0.00371685414575, -0.00779273035005, 0.00670669507235, -0.014103163965, 0.0272753629833, -0.0147047853097, 0.00802778918296], [-9.31947943172e-05, 0.00595181481913, -0.00178337155376, 0.00538037298247, -0.00355158257298, 0.00072476756759, -0.0015831819037, 0.00113677338231, -0.00242963107303, 0.00454539293423, -0.0147047853097, 0.0252928230911, -0.0133429095149], [0.000280211679637, -0.00640134233981, 0.00269296905026, -0.00512484414503, 0.00289987330325, -0.00188049650751, 0.00380746414885, -0.00177200359758, 0.00368055910803, -0.00682073319331, 0.00802778918296, -0.0133429095149, 0.0261909607798]]
    },
    "melbands": {
        "dmean": [0.000268199044513, 0.000494870415423, 0.00103448086884, 0.0004012096324, 0.000261090463027, 0.000128309970023, 0.000353232841007, 0.000178335190867, 0.000339731865097, 6.4900079451e-05, 7.75902208261e-06, 1.39173198477e-05, 1.33493176691e-05, 9.72556790657e-06, 4.19671232521e-06, 1.69203008227e-06, 1.74082106241e-06, 2.29567194765e-06, 1.32848708745e-06, 8.60012221438e-07, 8.70376481998e-07, 4.05132283277e-07, 2.8769611049e-07, 1.23570742971e-07, 7.44207895309e-08, 7.54925864044e-08, 2.42832651765e-08, 1.03018935604e-08, 1.08732640669e-08, 4.63040983334e-09, 3.8636787103e-09, 1.66380431654e-09, 2.01893635143e-09, 1.00896213606e-09, 2.086904205e-09, 5.99800598078e-10, 9.65634128214e-10, 1.8462453788e-09, 9.70192703953e-10, 5.4927640214e-10],
        "dmean2": [0.000410912063671, 0.000802775437478, 0.00170729344245, 0.000625612272415, 0.000412570312619, 0.000207876000786, 0.00049024168402, 0.000245802599238, 0.00039065015153, 7.24427809473e-05, 1.15130287668e-05, 2.07215198316e-05, 1.92201805476e-05, 1.34887486638e-05, 5.88303646509e-06, 2.82275414065e-06, 2.75262345895e-06, 3.47938907908e-06, 1.97253757506e-06, 1.36500148074e-06, 1.39579844927e-06, 6.51105494853e-07, 4.82323173401e-07, 2.00990768917e-07, 1.26483016061e-07, 1.1674799083e-07, 3.68207295764e-08, 1.70924465692e-08, 1.756290402e-08, 7.74111352797e-09, 6.59373888823e-09, 2.7616242626e-09, 3.1172446846e-09, 1.66000269086e-09, 3.50682949346e-09, 9.69172297971e-10, 1.55568313787e-09, 3.06705461028e-09, 1.54696655486e-09, 8.1984108391e-10],
        "dvar": [1.53737900632e-07, 8.47637750212e-07, 3.48410458173e-06, 3.60943602118e-07, 2.28565724569e-07, 3.95368431327e-08, 4.52288986708e-07, 1.22032531635e-07, 8.09003040558e-07, 2.32412808998e-08, 4.92052454337e-10, 4.66669858312e-09, 2.1516624038e-09, 8.07930522484e-09, 2.7925333157e-09, 6.07372430128e-10, 2.68593411401e-11, 3.12755932264e-10, 7.9014871035e-11, 7.94127350684e-12, 1.47879920115e-11, 4.65110285355e-12, 2.19617856886e-12, 4.37992009198e-13, 1.58273703388e-13, 2.16037487921e-13, 3.11646054015e-14, 2.05651468077e-15, 3.65208292549e-15, 9.55755872902e-16, 6.84504371214e-16, 9.21347846103e-17, 2.27168174874e-16, 3.16120206715e-17, 2.00728928163e-16, 1.85382424929e-17, 3.97260139711e-17, 3.587403172e-16, 5.60308787363e-17, 9.70084831486e-18],
        "dvar2": [3.89041929338e-07, 2.33861351262e-06, 9.95609298116e-06, 8.73568126281e-07, 5.21463846326e-07, 9.10894328854e-08, 8.59329361447e-07, 2.15303217033e-07, 1.03039644728e-06, 2.72643472243e-08, 1.10481090942e-09, 1.2644183478e-08, 3.79730158429e-09, 1.68987934757e-08, 5.68911451282e-09, 1.62772828549e-09, 6.83986617345e-11, 5.03786123929e-10, 1.19872764492e-10, 2.01695968954e-11, 3.62136813592e-11, 1.11593208632e-11, 5.78003617191e-12, 1.20183051878e-12, 4.3733959054e-13, 4.79409426653e-13, 5.56046772212e-14, 5.37659330171e-15, 8.79207324349e-15, 2.28354746272e-15, 1.89907391401e-15, 2.44466043495e-16, 4.96587623707e-16, 8.44294119159e-17, 5.65752046075e-16, 4.53705952095e-17, 1.05584298002e-16, 9.7079388409e-16, 1.46678776417e-16, 2.2804297462e-17],
        "max": [0.00822421070188, 0.022083491087, 0.0332580283284, 0.0158619713038, 0.0132265118882, 0.00647011166438, 0.0255734734237, 0.0134052727371, 0.0344422757626, 0.00923420116305, 0.000982310739346, 0.00426056375727, 0.0028581537772, 0.00510254874825, 0.00309544452466, 0.00177441665437, 0.000120853481349, 0.00113940075971, 0.000586523558013, 8.69022624101e-05, 0.000172180414665, 9.32193361223e-05, 6.49625580991e-05, 2.99996954709e-05, 1.65266847034e-05, 1.92211500689e-05, 1.04626315078e-05, 1.96590440282e-06, 2.35574907492e-06, 1.84725968211e-06, 1.06963602775e-06, 3.55760221282e-07, 7.03890634668e-07, 2.15276429572e-07, 6.67357198836e-07, 2.10633388065e-07, 3.97755314907e-07, 9.9490125649e-07, 4.58254703517e-07, 1.2135757288e-07],
        "mean": [0.000682313402649, 0.00106207176577, 0.00214594509453, 0.000994962290861, 0.000624617678113, 0.000285410991637, 0.000905058404896, 0.000533951155376, 0.00109343358781, 0.00022225290013, 1.8002183424e-05, 2.87677121378e-05, 3.07148584398e-05, 2.10696653085e-05, 7.51043626224e-06, 2.56383259511e-06, 3.58241936738e-06, 4.1753082769e-06, 2.54046062764e-06, 1.58653824656e-06, 1.45904073179e-06, 6.96650374721e-07, 4.89802573611e-07, 2.17957619952e-07, 1.25565307485e-07, 1.34126651119e-07, 4.18066044006e-08, 1.68358536001e-08, 1.83374346818e-08, 7.74345387811e-09, 6.98268420862e-09, 3.19809223548e-09, 3.24019922004e-09, 1.96833238597e-09, 3.70512043268e-09, 1.1572139913e-09, 2.16756990135e-09, 3.40142114474e-09, 1.96741090086e-09, 1.33511190992e-09],
        "median": [0.00040528154932, 0.000579868967179, 0.000781243434176, 0.000535171711817, 0.000246088835411, 0.000157551243319, 0.000287897302769, 0.000221364520257, 0.000217374094063, 8.18451153464e-05, 7.41111580282e-06, 1.06282986962e-05, 8.34115326143e-06, 3.27729821947e-06, 8.40388963752e-07, 6.86576925091e-07, 8.60562636262e-07, 1.01101682048e-06, 4.96991390264e-07, 3.43620456533e-07, 2.44242272629e-07, 6.83972558591e-08, 7.48844399823e-08, 2.64615120926e-08, 1.67217493185e-08, 9.13885411791e-09, 4.90842921863e-09, 2.45945352972e-09, 2.0252099997e-09, 5.06237496367e-10, 2.81161371962e-10, 2.23247531572e-10, 1.70799041577e-10, 1.47160547637e-10, 1.56745852409e-10, 1.00398397929e-10, 9.25099719051e-11, 7.2778463811e-11, 4.88753273964e-11, 3.30492092027e-11],
        "min": [3.84891033785e-24, 8.96705921802e-24, 6.49044618329e-24, 4.51644206927e-24, 3.73266497815e-24, 5.79168818181e-24, 8.40347489922e-24, 1.69713279007e-23, 1.02598776017e-23, 8.08860580207e-24, 1.30752701076e-23, 1.84104200288e-23, 1.80178733761e-23, 2.56689611429e-23, 1.77852430283e-23, 1.24186404339e-23, 1.65940725277e-23, 1.60798945674e-23, 1.15829393347e-23, 1.39241144183e-23, 9.69731012456e-24, 8.5505722145e-24, 5.36217235157e-24, 3.8776753619e-24, 6.39365097807e-24, 7.36303362955e-24, 7.75224418955e-24, 8.90737715737e-24, 1.57481959117e-23, 1.25721858982e-23, 8.7260858773e-24, 8.00630631041e-24, 8.62614193377e-24, 9.55652448539e-24, 8.73256400305e-24, 8.22059800873e-24, 1.04722705118e-23, 9.0879994834e-24, 8.51927652466e-24, 1.00209552993e-23],
        "var": [6.57896066514e-07, 2.17559863813e-06, 1.17274585136e-05, 1.67425059772e-06, 1.28550777845e-06, 1.95725050389e-07, 2.76065770777e-06, 6.44593910692e-07, 5.36032894161e-06, 1.75970953364e-07, 1.35096944742e-09, 8.78692940631e-09, 8.23063928124e-09, 1.54644226313e-08, 5.04368324883e-09, 5.38098454683e-10, 7.09501693508e-11, 7.677718461e-10, 2.1570946418e-10, 1.93507987412e-11, 2.86008074862e-11, 1.03170978705e-11, 4.96597771585e-12, 9.04979975506e-13, 3.14598309426e-13, 4.78721825636e-13, 6.75206621842e-14, 3.492495989e-15, 7.38853033253e-15, 1.93009014295e-15, 1.65194347544e-15, 2.2108563128e-16, 4.08094994743e-16, 7.72605948889e-17, 4.02308118587e-16, 3.82066750917e-17, 1.65569953716e-16, 7.61402627908e-16, 1.40788376953e-16, 4.05260630595e-17]
    },
    "mfcc": {
        "mean": [-834.048156738, 253.65763855, 40.6170959473, 2.11904025078, 4.74737024307, -13.5106430054, -12.3110246658, -2.63351726532, 4.00081348419, 6.46221065521, 1.16122698784, -0.233385697007, 0.945303022861],
        "cov": [[5066.09472656, 1371.36950684, -2162.18310547, -213.504089355, 571.844299316, -68.0788803101, -19.202129364, 104.988311768, 134.864364624, 150.678649902, 11.7322740555, 114.746856689, 214.251205444], [1371.36950684, 1495.28405762, -180.670913696, -298.597381592, 231.106536865, 218.764221191, 6.04617881775, -50.5454483032, -4.14665031433, 16.8031864166, -60.1214790344, -79.6098403931, -34.9986038208], [-2162.18310547, -180.670913696, 1560.53344727, 144.33052063, -293.885070801, 186.825073242, 100.820785522, -30.8398456573, -47.1054115295, -88.8782958984, -30.4805717468, -115.987098694, -167.720428467], [-213.504089355, -298.597381592, 144.33052063, 393.276275635, 62.1592636108, -89.7716217041, 65.3409729004, 83.7164916992, -2.91190814972, -11.4414958954, -2.03355646133, -9.31601524353, -37.8830795288], [571.844299316, 231.106536865, -293.885070801, 62.1592636108, 250.522705078, 58.9896011353, 26.0670890808, 48.9701728821, 20.1083431244, 13.3045301437, -22.2819805145, -28.0225219727, -7.41752624512], [-68.0788803101, 218.764221191, 186.825073242, -89.7716217041, 58.9896011353, 251.810913086, 100.590507507, -1.84364008904, 9.25688076019, -11.5021734238, -41.2909126282, -64.6037979126, -42.8769264221], [-19.202129364, 6.04617881775, 100.820785522, 65.3409729004, 26.0670890808, 100.590507507, 165.991012573, 89.5673904419, 9.89814090729, -4.8383564949, -13.3083486557, -20.3788299561, -13.6787672043], [104.988311768, -50.5454483032, -30.8398456573, 83.7164916992, 48.9701728821, -1.84364008904, 89.5673904419, 140.068481445, 46.0498695374, -0.214027285576, 11.7063541412, 16.5942382812, 14.3028173447], [134.864364624, -4.14665031433, -47.1054115295, -2.91190814972, 20.1083431244, 9.25688076019, 9.89814090729, 46.0498695374, 83.0385818481, 34.3601760864, 10.4291162491, 14.1285896301, 17.0384597778], [150.678649902, 16.8031864166, -88.8782958984, -11.4414958954, 13.3045301437, -11.5021734238, -4.8383564949, -0.214027285576, 34.3601760864, 85.3875961304, 45.5473136902, 13.8501262665, 13.0809659958], [11.7322740555, -60.1214790344, -30.4805717468, -2.03355646133, -22.2819805145, -41.2909126282, -13.3083486557, 11.7063541412, 10.4291162491, 45.5473136902, 100.56842041, 64.3287811279, 19.8209762573], [114.746856689, -79.6098403931, -115.987098694, -9.31601524353, -28.0225219727, -64.6037979126, -20.3788299561, 16.5942382812, 14.1285896301, 13.8501262665, 64.3287811279, 120.684562683, 74.603477478], [214.251205444, -34.9986038208, -167.720428467, -37.8830795288, -7.41752624512, -42.8769264221, -13.6787672043, 14.3028173447, 17.0384597778, 13.0809659958, 19.8209762573, 74.603477478, 111.618904114]],
