{
"lowlevel": {
    "average_loudness": 0.981731534004,
    "barkbands_crest": {
        "dmean": 2.83603096008,
        "dmean2": 4.60915374756,
        "dvar": 9.77966880798,
        "dvar2": 22.7028903961,
        "max": 25.5211601257,
        "mean": 8.82298374176,
        "median": 7.82739114761,
        "min": 2.40001487732,
        "var": 15.8760547638
    },
    "barkbands_flatness_db": {
        "dmean": 0.0176120642573,
        "dmean2": 0.0280671138316,
        "dvar": 0.000390901172068,
        "dvar2": 0.00104917061981,
        "max": 0.278258830309,
        "mean": 0.0976501256227,
        "median": 0.0900028198957,
        "min": 0.0390898808837,
        "var": 0.00110842473805
    },
    "barkbands_kurtosis": {
        "dmean": 1.62935864925,
        "dmean2": 2.75900745392,
        "dvar": 7.80795764923,
        "dvar2": 21.283197403,
        "max": 72.7108306885,
        "mean": 0.77103048563,
        "median": -0.0810276269913,
        "min": -1.75848448277,
        "var": 8.21520423889
    },
    "barkbands_skewness": {
        "dmean": 0.475188553333,
        "dmean2": 0.758763730526,
        "dvar": 0.302204668522,
        "dvar2": 0.788648188114,
        "max": 6.79685211182,
        "mean": 1.19024002552,
        "median": 1.09753489494,
        "min": -2.21937561035,
        "var": 0.49938467145
    },
    "barkbands_spread": {
        "dmean": 5.96273469925,
        "dmean2": 9.66233539581,
        "dvar": 34.7097015381,
        "dvar2": 93.6847305298,
        "max": 59.4371261597,
        "mean": 33.3410224915,
        "median": 34.385559082,
        "min": 2.10176324844,
        "var": 78.2574386597
    },
    "dissonance": {
        "dmean": 0.008694303222,
        "dmean2": 0.0146998874843,
        "dvar": 5.70075171709e-05,
        "dvar2": 0.000152986831381,
        "max": 0.500000059605,
        "mean": 0.482199281454,
        "median": 0.484224706888,
        "min": 0.350471973419,
        "var": 0.000125877457322
    },
    "dynamic_complexity": 0.884861767292,
    "erbbands_crest": {
        "dmean": 1.58319509029,
        "dmean2": 2.60735654831,
        "dvar": 2.73680496216,
        "dvar2": 7.10391712189,
        "max": 28.0730457306,
        "mean": 6.38242292404,
        "median": 5.64122104645,
        "min": 2.3869562149,
        "var": 7.11102676392
    },
    "erbbands_flatness_db": {
        "dmean": 0.0108315171674,
        "dmean2": 0.0166116394103,
        "dvar": 0.00011856357014,
        "dvar2": 0.000266094197286,
        "max": 0.278269410133,
        "mean": 0.134848713875,
        "median": 0.1296787709,
        "min": 0.0709884911776,
        "var": 0.000738637580071
    },
    "erbbands_kurtosis": {
        "dmean": 0.443932682276,
        "dmean2": 0.719256520271,
        "dvar": 0.460466623306,
        "dvar2": 1.23704195023,
        "max": 30.8695678711,
        "mean": -0.574109017849,
        "median": -0.736932277679,
        "min": -1.70128369331,
        "var": 0.787997961044
    },
    "erbbands_skewness": {
        "dmean": 0.252514719963,
        "dmean2": 0.404487729073,
        "dvar": 0.0528298616409,
        "dvar2": 0.133777633309,
        "max": 5.11191129684,
        "mean": -0.417119532824,
        "median": -0.458361506462,
        "min": -3.13030695915,
        "var": 0.174828842282
    },
    "erbbands_spread": {
        "dmean": 6.19265556335,
        "dmean2": 9.95384979248,
        "dvar": 33.2074432373,
        "dvar2": 83.872215271,
        "max": 79.794128418,
        "mean": 44.2513122559,
        "median": 43.6354675293,
        "min": 8.05177021027,
        "var": 105.245346069
    },
    "hfc": {
        "dmean": 5.25500154495,
        "dmean2": 8.51572132111,
        "dvar": 42.8152694702,
        "dvar2": 113.638031006,
        "max": 87.7127990723,
        "mean": 29.3530731201,
        "median": 28.975769043,
        "min": 1.10964227766e-16,
        "var": 88.258972168
    },
    "melbands_crest": {
        "dmean": 3.5122218132,
        "dmean2": 5.81487560272,
        "dvar": 9.85358715057,
        "dvar2": 25.1516513824,
        "max": 29.4319877625,
        "mean": 14.3814210892,
        "median": 13.8995389938,
        "min": 2.59005212784,
        "var": 21.2202796936
    },
    "melbands_flatness_db": {
        "dmean": 0.0242517795414,
        "dmean2": 0.0383879877627,
        "dvar": 0.000693474372383,
        "dvar2": 0.00181113870349,
        "max": 0.378917396069,
        "mean": 0.164589524269,
        "median": 0.15886478126,
        "min": 0.00669802213088,
        "var": 0.00153609446716
    },
    "melbands_kurtosis": {
        "dmean": 5.5873875618,
        "dmean2": 9.38886547089,
        "dvar": 88.6050033569,
        "dvar2": 240.184921265,
        "max": 86.6612091064,
        "mean": 8.78733444214,
        "median": 6.45720815659,
        "min": -1.67096316814,
        "var": 81.9594573975
    },
    "melbands_skewness": {
        "dmean": 0.696182608604,
        "dmean2": 1.11457753181,
        "dvar": 0.776305496693,
        "dvar2": 2.01814556122,
        "max": 8.51996707916,
        "mean": 2.64280176163,
        "median": 2.50476241112,
        "min": -1.54019200802,
        "var": 1.04901099205
    },
    "melbands_spread": {
        "dmean": 8.52752304077,
        "dmean2": 13.4252891541,
        "dvar": 66.3881072998,
        "dvar2": 165.553649902,
        "max": 129.367797852,
        "mean": 31.1824150085,
        "median": 30.2091827393,
        "min": 2.38400506973,
        "var": 161.99949646
    },
    "pitch_salience": {
        "dmean": 0.082035921514,
        "dmean2": 0.133513063192,
        "dvar": 0.00676775351167,
        "dvar2": 0.0172749664634,
        "max": 0.899464011192,
        "mean": 0.555927813053,
        "median": 0.55998980999,
        "min": 0.136344999075,
        "var": 0.0128750056028
    },
    "silence_rate_20dB": {
        "dmean": 0,
        "dmean2": 0,
        "dvar": 0,
        "dvar2": 0,
        "max": 1,
        "mean": 1,
        "median": 1,
        "min": 1,
        "var": 0
    },
    "silence_rate_30dB": {
        "dmean": 0,
        "dmean2": 0,
        "dvar": 0,
        "dvar2": 0,
        "max": 1,
        "mean": 1,
        "median": 1,
        "min": 1,
        "var": 0
    },
    "silence_rate_60dB": {
        "dmean": 0.00155803689267,
        "dmean2": 0.00311634340324,
        "dvar": 0.0015551430406,
        "dvar2": 0.0031082299538,
        "max": 1,
        "mean": 0.0114246150479,
        "median": 0,
        "min": 0,
        "var": 0.0112932892516
    },
    "spectral_centroid": {
        "dmean": 231.720779419,
        "dmean2": 373.208587646,
        "dvar": 46709.3203125,
        "dvar2": 109798.484375,
        "max": 11143.2207031,
        "mean": 2026.1932373,
        "median": 2075.95996094,
        "min": 327.902770996,
        "var": 176431.03125
    },
    "spectral_complexity": {
        "dmean": 4.38725852966,
        "dmean2": 6.92763137817,
        "dvar": 13.6489019394,
        "dvar2": 31.9092388153,
        "max": 60,
        "mean": 35.8072547913,
        "median": 37,
        "min": 0,
        "var": 69.2316970825
    },
    "spectral_decrease": {
        "dmean": 3.42679706833e-09,
        "dmean2": 5.62907853663e-09,
        "dvar": 2.51550852059e-17,
        "dvar2": 6.57733590514e-17,
        "max": -1.87787799227e-29,
        "mean": -9.07482089474e-09,
        "median": -7.83176723473e-09,
        "min": -3.75199142866e-08,
        "var": 2.54460492951e-17
    },
    "spectral_energy": {
        "dmean": 0.0132057415321,
        "dmean2": 0.0216585546732,
        "dvar": 0.000365643092664,
        "dvar2": 0.000953937356826,
        "max": 0.144264161587,
        "mean": 0.0369128957391,
        "median": 0.0322235375643,
        "min": 1.01356718434e-20,
        "var": 0.000377031567041
    },
    "spectral_energyband_high": {
        "dmean": 0.000366731372196,
        "dmean2": 0.000615943863522,
        "dvar": 2.2786359466e-07,
        "dvar2": 6.17341811449e-07,
        "max": 0.00590033549815,
        "mean": 0.0012362023117,
        "median": 0.00113578443415,
        "min": 7.14090724871e-21,
        "var": 3.77209346425e-07
    },
    "spectral_energyband_low": {
        "dmean": 0.0102745052427,
        "dmean2": 0.0169172622263,
        "dvar": 0.000356586126145,
        "dvar2": 0.000935099902563,
        "max": 0.125346124172,
        "mean": 0.0165184251964,
        "median": 0.0118440743536,
        "min": 3.69308735322e-23,
        "var": 0.000328762631398
    },
    "spectral_energyband_middle_high": {
        "dmean": 0.0014505762374,
        "dmean2": 0.00234807096422,
        "dvar": 1.9660496946e-06,
        "dvar2": 5.04555828229e-06,
        "max": 0.0253843292594,
        "mean": 0.00740857794881,
        "median": 0.00731999706477,
        "min": 1.67835279502e-21,
        "var": 7.87250610301e-06
    },
    "spectral_energyband_middle_low": {
        "dmean": 0.0053330110386,
        "dmean2": 0.0086529199034,
        "dvar": 7.74505751906e-05,
        "dvar2": 0.000204165829928,
        "max": 0.0822531878948,
        "mean": 0.0129122221842,
        "median": 0.0106164775789,
        "min": 3.29528884319e-22,
        "var": 9.22663821257e-05
    },
    "spectral_entropy": {
        "dmean": 0.0821224078536,
        "dmean2": 0.130556061864,
        "dvar": 0.00675741722807,
        "dvar2": 0.016523508355,
        "max": 9.79881954193,
        "mean": 7.79102945328,
        "median": 7.82045078278,
        "min": 6.25540590286,
        "var": 0.0312423910946
    },
    "spectral_flux": {
        "dmean": 0.0312570519745,
        "dmean2": 0.0473713427782,
        "dvar": 0.00128014350776,
        "dvar2": 0.00276856892742,
        "max": 0.32209661603,
        "mean": 0.101042635739,
        "median": 0.0886929482222,
        "min": 1.00676071646e-10,
        "var": 0.00219469331205
    },
    "spectral_kurtosis": {
        "dmean": 1.04377448559,
        "dmean2": 1.80820727348,
        "dvar": 1.09365773201,
        "dvar2": 3.29286026955,
        "max": 33.5707359314,
        "mean": 4.04760408401,
        "median": 4.10884952545,
        "min": -1.23464083672,
        "var": 2.1537592411
    },
    "spectral_rms": {
        "dmean": 0.000950199202634,
        "dmean2": 0.00150739785749,
        "dvar": 1.35665447942e-06,
        "dvar2": 3.45225294041e-06,
        "max": 0.0118636218831,
        "mean": 0.00583037408069,
        "median": 0.00560692418367,
        "min": 3.1445922255e-12,
        "var": 2.01933426069e-06
    },
    "spectral_rolloff": {
        "dmean": 600.924926758,
        "dmean2": 1002.57116699,
        "dvar": 413873.125,
        "dvar2": 971983.6875,
        "max": 18841.5527344,
        "mean": 2015.8170166,
        "median": 2282.51953125,
        "min": 86.1328125,
        "var": 838194.0625
    },
    "spectral_skewness": {
        "dmean": 0.146258428693,
        "dmean2": 0.244775041938,
        "dvar": 0.017879050225,
        "dvar2": 0.0474567748606,
        "max": 4.21974992752,
        "mean": 1.22095060349,
        "median": 1.25748276711,
        "min": -0.0718789771199,
        "var": 0.0773680955172
    },
    "spectral_spread": {
        "dmean": 303380.21875,
        "dmean2": 465334.0625,
        "dvar": 194413903872,
        "dvar2": 260984438784,
        "max": 41302732,
        "mean": 3877668.75,
        "median": 3827823,
        "min": 1363475.625,
        "var": 492530368512
    },
    "spectral_strongpeak": {
        "dmean": 0.310248523951,
        "dmean2": 0.541383564472,
        "dvar": 0.325022190809,
        "dvar2": 0.861474812031,
        "max": 12.0693683624,
        "mean": 0.553324043751,
        "median": 0.363870888948,
        "min": 0,
        "var": 0.400275170803
    },
    "zerocrossingrate": {
        "dmean": 0.00802737288177,
        "dmean2": 0.0104098329321,
        "dvar": 4.96564025525e-05,
        "dvar2": 7.96051172074e-05,
        "max": 0.4970703125,
        "mean": 0.068795800209,
        "median": 0.06884765625,
        "min": 0.0146484375,
        "var": 0.000309346156428
    },
    "barkbands": {
        "dmean": [0.000432441622252, 0.00823331158608, 0.00245376769453, 0.00171649979893, 0.0024257034529, 0.00142506021075, 0.000936638505664, 0.000814785948023, 0.000644783605821, 0.000405193364713, 0.000269782671239, 0.000220404690481, 0.000195764951059, 0.000177093825187, 0.000308937567752, 0.000380575074814, 0.000485635799123, 0.000497846165672, 0.000346017826814, 0.000286972994218, 0.000146996448166, 9.36191427172e-05, 5.08734701725e-05, 2.56396215264e-05, 2.61894110736e-05, 1.06400520963e-05, 1.58485886459e-06],
        "dmean2": [0.000742465665098, 0.0135628189892, 0.00408108253032, 0.0030439873226, 0.00390204321593, 0.00217572948895, 0.00155957776587, 0.00139931903686, 0.00103470578324, 0.000649531313684, 0.000443401338998, 0.000359716883395, 0.000326602166751, 0.000295863806969, 0.00051303912187, 0.000634018157143, 0.000804441515356, 0.000825449358672, 0.000573490862735, 0.000474918197142, 0.000248819560511, 0.000159883158631, 9.14468982955e-05, 4.38626884716e-05, 3.87735599361e-05, 1.5820887711e-05, 2.38020470533e-06],
        "dvar": [5.4077850109e-07, 0.000294926867355, 1.06007673821e-05, 8.33337344375e-06, 2.22345206566e-05, 4.21082131652e-06, 3.14486601383e-06, 1.95525285562e-06, 6.71955888265e-07, 2.87134099608e-07, 1.31982730522e-07, 1.00990718011e-07, 1.36501725478e-07, 8.86951667667e-08, 2.35020721107e-07, 3.1855557836e-07, 2.60535642838e-07, 2.92939034807e-07, 1.30166043277e-07, 8.03154165396e-08, 2.8629649762e-08, 1.95204084008e-08, 8.89351881028e-09, 2.08391792711e-09, 1.32645672224e-09, 2.14402176568e-10, 7.00504584894e-12],
        "dvar2": [1.52557345245e-06, 0.000766906887293, 2.93365174002e-05, 2.36452451645e-05, 5.35693579877e-05, 9.60364832281e-06, 8.30316821521e-06, 5.43648911844e-06, 1.62913170243e-06, 6.84922156324e-07, 3.27174063841e-07, 2.58284217125e-07, 3.90429420349e-07, 2.43701833824e-07, 5.92726962623e-07, 8.28406200526e-07, 6.78180015257e-07, 7.97817563125e-07, 3.46939714291e-07, 2.17001854708e-07, 7.86853320278e-08, 5.40752260747e-08, 2.55880188149e-08, 5.59408963596e-09, 2.55423970863e-09, 4.15323830882e-10, 1.50673796356e-11],
        "max": [0.00758780911565, 0.114077731967, 0.0281339026988, 0.0267593394965, 0.0411537401378, 0.0403257347643, 0.0497247874737, 0.017616301775, 0.0140963168815, 0.0105295469984, 0.00646262336522, 0.00933266244829, 0.0110702933744, 0.0107297394425, 0.0155239934102, 0.0186330601573, 0.0103190140799, 0.0118544884026, 0.00838579703122, 0.00616618897766, 0.00223979703151, 0.00200519151986, 0.000996271730401, 0.000746322621126, 0.000482253410155, 0.000221870199312, 5.15790015925e-05],
        "mean": [0.000409013649914, 0.0102595053613, 0.00482462951913, 0.00206082616933, 0.00339495600201, 0.00329722138122, 0.00150354194921, 0.00114481698256, 0.00127521471586, 0.000791063008364, 0.00046924923663, 0.000432450062362, 0.000358164135832, 0.000319256156217, 0.000613398791756, 0.000785415177234, 0.00116507161874, 0.00122474611271, 0.000928054854739, 0.000812616024632, 0.000388809276046, 0.000208000899875, 8.57741761138e-05, 5.36361621926e-05, 7.2696377174e-05, 3.04481491185e-05, 4.34372532254e-06],
        "median": [8.75502009876e-05, 0.00557551719248, 0.003773186123, 0.00112878868822, 0.00160240428522, 0.00176822673529, 0.000790981459431, 0.000672005233355, 0.000816547253635, 0.000505378236994, 0.000299890816677, 0.000281416520011, 0.00022846016509, 0.000232816077187, 0.000472086656373, 0.000656951568089, 0.000984315876849, 0.00107157300226, 0.00083332369104, 0.000730895553716, 0.000349794107024, 0.00017126777675, 5.7677480072e-05, 3.89911911043e-05, 5.47843883396e-05, 2.38319007622e-05, 3.2470129554e-06],
        "min": [5.24890730837e-24, 3.34226544699e-23, 1.61655644673e-24, 6.01178274094e-24, 1.14654028463e-22, 8.99286853802e-23, 1.95927489764e-23, 3.45518425914e-23, 5.1863982069e-23, 6.43676672305e-23, 4.63759587929e-23, 6.56182200245e-23, 1.36655889224e-22, 9.02994058295e-23, 1.34596987505e-22, 1.55210465695e-22, 1.5240559186e-22, 3.80819257225e-22, 3.7119343762e-22, 1.69152515655e-22, 4.80783281994e-22, 5.30106904757e-22, 5.66058767196e-22, 6.45070974488e-22, 1.09622635744e-21, 1.70660527405e-21, 2.21830917722e-21],
        "var": [4.9106034794e-07, 0.000258511863649, 1.62927335623e-05, 7.50845811126e-06, 2.64580776275e-05, 1.67926846188e-05, 4.6585482778e-06, 2.12653480958e-06, 1.85294550192e-06, 7.66549987929e-07, 2.95809570616e-07, 2.76352636774e-07, 3.07532559418e-07, 1.42615348864e-07, 3.9494267412e-07, 4.04344007165e-07, 6.42857230559e-07, 6.28049804163e-07, 3.50486885736e-07, 2.15687222749e-07, 5.01223773597e-08, 2.28620713472e-08, 9.13473829911e-09, 2.82455903111e-09, 3.81541287453e-09, 7.38342276208e-10, 1.72400947684e-11]
    },
    "erbbands": {
        "dmean": [0.235865369439, 1.85924077034, 3.15684294701, 3.9506444931, 7.71395349503, 8.13488960266, 9.5496006012, 12.2516145706, 12.5270938873, 14.592549324, 17.1871929169, 15.9541702271, 11.1362743378, 12.8254184723, 10.0974025726, 9.28033924103, 8.95956993103, 7.2974114418, 12.7309274673, 18.1566143036, 19.6344337463, 23.5370388031, 26.3093261719, 20.1735076904, 16.1822738647, 14.2501869202, 7.70732450485, 4.89316701889, 3.45188045502, 2.60199356079, 1.12199223042, 0.631817400455, 0.373199462891, 0.321506738663, 0.172387868166, 0.0669822022319, 0.0148077001795, 0.00223709037527, 0.000299081555568, 2.55895029113e-05],
        "dmean2": [0.37851986289, 3.1258058548, 5.34977960587, 6.84543848038, 12.6030006409, 13.4419202805, 15.0318746567, 18.8282222748, 20.4815750122, 24.8272972107, 29.5726261139, 25.6001911163, 17.5297031403, 20.7168960571, 16.5351448059, 15.1403169632, 14.8760499954, 12.2080345154, 21.1659145355, 30.2183017731, 32.4884490967, 39.1484527588, 43.606212616, 33.0373840332, 26.8158607483, 23.6745052338, 12.8897638321, 8.33985710144, 5.82199287415, 4.69285678864, 1.99253463745, 1.09549403191, 0.627434313297, 0.492961853743, 0.250334262848, 0.100444987416, 0.0216529238969, 0.00329135591164, 0.000450943072792, 4.08600608353e-05],
        "dvar": [0.203239053488, 16.0976982117, 24.2677688599, 32.9098892212, 246.751144409, 255.992446899, 187.577011108, 368.377868652, 458.752746582, 732.68572998, 847.775817871, 479.793487549, 219.286087036, 321.734069824, 220.863006592, 216.094482422, 271.279785156, 108.411506653, 419.476715088, 828.63458252, 946.404052734, 585.16595459, 871.578613281, 454.562438965, 331.095184326, 218.639312744, 73.4881134033, 35.1020622253, 27.093334198, 22.1471614838, 4.07245349884, 1.40379846096, 0.451347827911, 0.198630809784, 0.0585980117321, 0.00872826576233, 0.000464977492811, 1.10071159725e-05, 2.33603728361e-07, 1.61203572713e-09],
        "dvar2": [0.480134367943, 43.4328727722, 69.3507003784, 92.5045471191, 591.583557129, 665.640686035, 436.530853271, 844.798828125, 1141.59716797, 2028.56591797, 2375.52294922, 1152.2833252, 504.897247314, 797.809814453, 527.325134277, 544.506713867, 767.832397461, 295.908508301, 1136.02758789, 2121.21118164, 2534.68017578, 1521.69360352, 2404.43212891, 1162.83056641, 876.12109375, 591.832275391, 198.314819336, 98.1717758179, 74.3359146118, 62.9431266785, 11.5872592926, 3.86610746384, 1.19911670685, 0.420760303736, 0.107746526599, 0.0169667545706, 0.000914201664273, 2.22755716095e-05, 5.03941521401e-07, 3.94998744824e-09],
        "max": [3.08002114296, 25.5237388611, 38.0854187012, 57.1046257019, 144.983261108, 156.85760498, 274.20111084, 406.260681152, 389.608642578, 689.019897461, 364.220947266, 433.361968994, 352.545959473, 386.60925293, 305.61605835, 476.321868896, 488.347442627, 268.475708008, 607.440002441, 1029.41345215, 1242.2635498, 464.777099609, 757.754577637, 745.118408203, 470.711425781, 353.999237061, 129.988922119, 76.0651626587, 91.7800445557, 54.6309890747, 25.008234024, 20.3895244598, 11.3941898346, 6.52061033249, 2.61579227448, 0.924168527126, 0.503046751022, 0.0867705792189, 0.0112499315292, 0.000588418799452],
        "mean": [0.285435438156, 2.31811285019, 5.82127952576, 6.24753522873, 9.33912277222, 10.8662967682, 19.5041542053, 28.1813659668, 22.9591407776, 21.490945816, 25.7232837677, 31.1801109314, 24.4656181335, 24.5932216644, 19.3423976898, 19.1798343658, 17.7611064911, 14.4493398666, 26.0753707886, 38.6531867981, 46.5711669922, 61.9091835022, 69.7124023438, 55.0030632019, 44.0207138062, 39.9022445679, 21.506072998, 12.4736862183, 8.26127147675, 4.36847448349, 2.05768585205, 1.2088561058, 0.874450027943, 0.824134171009, 0.475885659456, 0.177119672298, 0.0453948155046, 0.00716566154733, 0.000778014480602, 7.55549917812e-05],
        "median": [0.0888452231884, 1.34181511402, 4.31366443634, 4.43668365479, 3.78896522522, 5.01542758942, 10.5231847763, 13.8608388901, 12.052564621, 13.1838769913, 16.7285881042, 19.1647510529, 16.9094715118, 16.3817043304, 13.2541437149, 12.6725444794, 11.7610473633, 11.1243114471, 19.5650978088, 31.4224910736, 40.4292831421, 54.384967804, 61.5033798218, 49.5191230774, 38.8431549072, 35.2953605652, 19.5448322296, 11.165763855, 6.95659351349, 2.80628347397, 1.44331145287, 0.818825006485, 0.686068356037, 0.641846239567, 0.356410086155, 0.134733557701, 0.0368072390556, 0.0055907536298, 0.000601535604801, 6.24125968898e-05],
        "min": [1.44792665082e-21, 5.52199038973e-21, 2.57711573158e-21, 1.48147433785e-20, 2.20746045307e-19, 2.79122791924e-19, 8.79712061522e-19, 5.57123875239e-19, 2.2508419403e-19, 4.37067398121e-19, 9.53882245122e-19, 1.11086613274e-18, 1.58047548824e-18, 2.84727354164e-18, 2.08746968512e-18, 2.52160178113e-18, 6.62987370272e-18, 5.68572313411e-18, 4.99007706025e-18, 7.93518083935e-18, 7.68956279134e-18, 1.21997253766e-17, 2.06062171854e-17, 1.65086258199e-17, 1.60935383167e-17, 8.22885311786e-18, 1.35927074543e-17, 2.33720229493e-17, 1.88562768949e-17, 1.65329217688e-17, 1.52347610591e-17, 1.00903908264e-17, 1.37376261889e-17, 1.18031592745e-17, 7.86655710855e-18, 6.83954413567e-18, 2.86351171745e-18, 1.20826189358e-18, 2.89167737241e-19, 3.5560723947e-20],
        "var": [0.233770370483, 12.6371383667, 27.0088596344, 35.2908706665, 269.880004883, 279.9168396, 613.248718262, 1605.828125, 997.822570801, 769.989013672, 860.635864258, 1280.80065918, 608.848022461, 719.760559082, 488.744720459, 558.441467285, 637.742675781, 209.698791504, 816.004943848, 1307.76904297, 1154.67944336, 1353.40136719, 1929.87988281, 1029.49987793, 820.461303711, 579.024414062, 141.740158081, 50.3146247864, 33.4117469788, 22.5805797577, 4.39069414139, 1.69617187977, 0.609901309013, 0.467632800341, 0.179688751698, 0.02676855959, 0.00157487299293, 3.85211678804e-05, 5.2855142485e-07, 2.2023143309e-09]
    },
    "gfcc": {
        "mean": [53.206111908, 84.4300384521, -124.812133789, 49.6038970947, -46.4869689941, -0.696920931339, -30.0224227905, 18.6708450317, -22.8126506805, 5.42659568787, -17.78424263, 2.35241317749, -8.07664871216],
        "cov": [[2055.96069336, -265.99786377, 410.233612061, -61.6660270691, 44.5053787231, 142.541503906, -36.3898582458, 180.615036011, -121.960388184, 77.6847991943, -131.830062866, 34.1516799927, -87.1715087891], [-265.99786377, 604.235351562, -205.914215088, 180.290924072, -10.3767604828, -134.592483521, 66.2320327759, -152.902313232, 87.2803039551, -66.6198043823, 84.7159194946, -40.5952568054, 68.4124221802], [410.233612061, -205.914215088, 331.483001709, -65.6285171509, 55.4653320312, 49.2757339478, -49.7318611145, 90.7161483765, -43.1172218323, 64.293800354, -40.4904098511, 48.3389854431, -21.8687038422], [-61.6660270691, 180.290924072, -65.6285171509, 160.359298706, 1.26873409748, 4.68882226944, 36.7143096924, -52.0877799988, 56.7861557007, -33.6812019348, 43.0051651001, -20.0522022247, 25.6219024658], [44.5053787231, -10.3767604828, 55.4653320312, 1.26873409748, 148.15385437, 45.7830123901, 72.8778762817, 65.6007766724, 6.80651330948, 49.8883132935, -1.68184769154, 31.5739803314, 13.450715065], [142.541503906, -134.592483521, 49.2757339478, 4.68882226944, 45.7830123901, 139.069519043, 41.7168693542, 68.9397659302, -0.977017939091, 9.67475032806, -7.62768316269, 6.56417322159, -17.7678985596], [-36.3898582458, 66.2320327759, -49.7318611145, 36.7143096924, 72.8778762817, 41.7168693542, 129.980438232, 54.5543746948, 42.6564598083, 12.9239797592, 15.4919052124, 9.06861209869, 13.6382284164], [180.615036011, -152.902313232, 90.7161483765, -52.0877799988, 65.6007766724, 68.9397659302, 54.5543746948, 146.248016357, 9.72803401947, 55.6862564087, -25.4515171051, 28.7388591766, -7.87262153625], [-121.960388184, 87.2803039551, -43.1172218323, 56.7861557007, 6.80651330948, -0.977017939091, 42.6564598083, 9.72803401947, 91.0278930664, 17.9400119781, 33.621055603, -7.12560939789, 18.309431076], [77.6847991943, -66.6198043823, 64.293800354, -33.6812019348, 49.8883132935, 9.67475032806, 12.9239797592, 55.6862564087, 17.9400119781, 92.4662094116, 19.8731212616, 31.8155422211, 0.407469719648], [-131.830062866, 84.7159194946, -40.4904098511, 43.0051651001, -1.68184769154, -7.62768316269, 15.4919052124, -25.4515171051, 33.621055603, 19.8731212616, 82.4113235474, 23.6574382782, 23.8666553497], [34.1516799927, -40.5952568054, 48.3389854431, -20.0522022247, 31.5739803314, 6.56417322159, 9.06861209869, 28.7388591766, -7.12560939789, 31.8155422211, 23.6574382782, 65.7348556519, 26.9248943329], [-87.1715087891, 68.4124221802, -21.8687038422, 25.6219024658, 13.450715065, -17.7678985596, 13.6382284164, -7.87262153625, 18.309431076, 0.407469719648, 23.8666553497, 26.9248943329, 56.9673995972]],
        "icov": [[0.000994162051938, -0.000975354283582, -0.000673969334457, -0.00109515921213, 0.00134502456058, -0.00118715059943, 0.000229531477089, -0.00112698646262, 0.00180881679989, -0.00182540446986, 0.00206279871054, -0.00115380261559, 0.00114068796393], [-0.000975354283582, 0.00738816987723, 7.92595383245e-05, -0.00141998392064, -0.00331991049461, 0.0069827279076, -0.00456993188709, 0.00441230367869, -0.00293190171942, 0.00455711269751, -0.00581613136455, 0.00550112500787, -0.00428394135088], [-0.000673969334457, 7.92595383245e-05, 0.0069834003225, -0.00118825491518, -0.002647833433, -0.000437571725342, 0.00563944689929, -0.00274620810524, -0.000396406190703, -0.00113019859418, 0.00195032299962, -0.00449712807313, 0.00229173363186], [-0.00109515921213, -0.00141998392064, -0.00118825491518, 0.0166602097452, -0.0028288885951, -0.00350315822288, -0.00143337831832, 0.00576239544898, -0.00872430857271, 0.00684394966811, -0.00615143915638, 0.00465998332947, -0.0040753162466], [0.00134502456058, -0.00331991049461, -0.002647833433, -0.0028288885951, 0.0177450850606, -0.00536690931767, -0.00772763555869, -0.000773447216488, 0.00704995542765, -0.0119531108066, 0.00846543628722, -0.00408293493092, -0.00161692500114], [-0.00118715059943, 0.0069827279076, -0.000437571725342, -0.00350315822288, -0.00536690931767, 0.0186446383595, -0.00476505653933, -0.0025852562394, -0.00125010451302, 0.00854816287756, -0.00903956219554, 0.00540164858103, 0.000646111206152], [0.000229531477089, -0.00456993188709, 0.00563944689929, -0.00143337831832, -0.00772763555869, -0.00476505653933, 0.0240552686155, -0.0116397496313, -0.00358512392268, 0.00285769044422, 0.000802161113825, -0.00572631740943, 0.00512197008356], [-0.00112698646262, 0.00441230367869, -0.00274620810524, 0.00576239544898, -0.000773447216488, -0.0025852562394, -0.0116397496313, 0.025277512148, -0.00804102886468, -0.00394652178511, 0.00464373733848, -0.000720173760783, -0.00400557974353], [0.00180881679989, -0.00293190171942, -0.000396406190703, -0.00872430857271, 0.00704995542765, -0.00125010451302, -0.00358512392268, -0.00804102886468, 0.0272088181227, -0.0121310409158, -0.000386996718589, 0.00606749905273, -0.00361071480438], [-0.00182540446986, 0.00455711269751, -0.00113019859418, 0.00684394966811, -0.0119531108066, 0.00854816287756, 0.00285769044422, -0.00394652178511, -0.0121310409158, 0.0320461131632, -0.0167930684984, 0.00100913108326, 0.00270924065262], [0.00206279871054, -0.00581613136455, 0.00195032299962, -0.00615143915638, 0.00846543628722, -0.00903956219554, 0.000802161113825, 0.00464373733848, -0.000386996718589, -0.0167930684984, 0.0347813516855, -0.0194022320211, 0.00413096835837], [-0.00115380261559, 0.00550112500787, -0.00449712807313, 0.00465998332947, -0.00408293493092, 0.00540164858103, -0.00572631740943, -0.000720173760783, 0.00606749905273, 0.00100913108326, -0.0194022320211, 0.0427546352148, -0.0223100893199], [0.00114068796393, -0.00428394135088, 0.00229173363186, -0.0040753162466, -0.00161692500114, 0.000646111206152, 0.00512197008356, -0.00400557974353, -0.00361071480438, 0.00270924065262, 0.00413096835837, -0.0223100893199, 0.0359151959419]]
    },
    "melbands": {
        "dmean": [0.00221608066931, 0.00189228367526, 0.000782634189818, 0.000562097353395, 0.000330774491886, 0.000269338692306, 0.000191376631847, 0.000162656724569, 0.000135847425554, 9.78680691333e-05, 5.647654325e-05, 5.47591625946e-05, 3.49074653059e-05, 2.6079993404e-05, 2.44683069468e-05, 1.69193262991e-05, 1.45257445183e-05, 2.07870289159e-05, 2.27909185924e-05, 2.91956512228e-05, 2.52028748946e-05, 2.62209414359e-05, 3.07211994368e-05, 2.62217545242e-05, 1.79573326022e-05, 1.41447671922e-05, 1.16872179206e-05, 1.02672602225e-05, 5.99591021455e-06, 3.85344492315e-06, 3.08709763885e-06, 2.32980642068e-06, 1.56455371325e-06, 1.52220559357e-06, 7.33117246909e-07, 4.31138744261e-07, 4.13370088381e-07, 2.99602959331e-07, 2.9666307455e-07, 2.91715991807e-07],
        "dmean2": [0.00359672983177, 0.00322309695184, 0.00133910833392, 0.000910387374461, 0.000530676858034, 0.000412660214351, 0.000313811353408, 0.000277872633887, 0.000232315083849, 0.000155775269377, 8.895843348e-05, 8.83529137354e-05, 5.73774668737e-05, 4.21918048232e-05, 4.05597456847e-05, 2.82589553535e-05, 2.42366131715e-05, 3.47025634255e-05, 3.79937955586e-05, 4.86103162984e-05, 4.16542679886e-05, 4.34301291534e-05, 5.11019861733e-05, 4.36058471678e-05, 2.93536231766e-05, 2.34275630646e-05, 1.94294298126e-05, 1.69452141563e-05, 9.90558692138e-06, 6.49777757644e-06, 5.26732310391e-06, 3.91497815144e-06, 2.69044630841e-06, 2.76616742667e-06, 1.29374802782e-06, 7.57891939429e-07, 7.08941797711e-07, 5.0919760497e-07, 4.78584809116e-07, 4.45569497742e-07],
        "dvar": [2.01927596208e-05, 1.2262369637e-05, 1.48243145759e-06, 1.3623562154e-06, 2.16509661755e-07, 1.647447192e-07, 1.15252156263e-07, 8.52322159517e-08, 4.76152663964e-08, 1.7383804618e-08, 5.6049906938e-09, 5.98382676742e-09, 2.2409318845e-09, 1.36228717196e-09, 1.75864145469e-09, 7.01739277797e-10, 4.27344354348e-10, 1.26470800499e-09, 1.30183441804e-09, 1.64483071607e-09, 1.47116296922e-09, 7.40232319885e-10, 1.2461435217e-09, 9.46089762088e-10, 3.76562253601e-10, 2.77733891441e-10, 1.50946630195e-10, 1.14728677947e-10, 4.27400649594e-11, 1.95515877793e-11, 1.38481439857e-11, 1.21478296172e-11, 5.26897969699e-12, 7.56219479398e-12, 1.36089230163e-12, 9.58299954147e-13, 4.75772849937e-13, 3.20671495e-13, 1.67239296413e-13, 1.67963109783e-13],
        "dvar2": [5.04839044879e-05, 3.45176376868e-05, 4.09247741118e-06, 3.2474154068e-06, 5.39676193512e-07, 3.7774995576e-07, 2.92558468118e-07, 2.36025798017e-07, 1.32887379323e-07, 4.12788985216e-08, 1.29384680747e-08, 1.47127368066e-08, 5.59088730867e-09, 3.528083381e-09, 5.00816277338e-09, 1.92039650848e-09, 1.13987930206e-09, 3.56993634654e-09, 3.29423288647e-09, 4.20866452799e-09, 3.92156040974e-09, 1.92190685588e-09, 3.25580873373e-09, 2.54869148009e-09, 9.44798461688e-10, 7.34984129114e-10, 4.05484534838e-10, 3.06245390158e-10, 1.12106421368e-10, 5.39499833696e-11, 3.82550137401e-11, 3.3311645109e-11, 1.44880947517e-11, 2.17028756078e-11, 3.85202937256e-12, 2.72368369178e-12, 1.2681813065e-12, 8.53136788645e-13, 3.96532768643e-13, 3.59076348299e-13],
        "max": [0.0305911395699, 0.0233219657093, 0.0108882142231, 0.0106607023627, 0.00756052369252, 0.00795027706772, 0.00774889439344, 0.00620294176042, 0.00281347520649, 0.00282347481698, 0.0017561808927, 0.001721709501, 0.000835323822685, 0.00100827985443, 0.00119214539882, 0.000543566595297, 0.000588975264691, 0.00131849572062, 0.00111676868983, 0.0012827682076, 0.00139644183218, 0.000663718266878, 0.000764289812651, 0.000672257971019, 0.000681222416461, 0.000587748829275, 0.000229778146604, 0.000213829131098, 0.000108823325718, 5.45972652617e-05, 5.9226709709e-05, 6.43144885544e-05, 3.7472214899e-05, 3.25123291987e-05, 1.36361959449e-05, 1.47540067701e-05, 1.09446727947e-05, 7.63080879551e-06, 7.16166141501e-06, 5.59849013371e-06],
        "mean": [0.00270087388344, 0.00312598864548, 0.00120378925931, 0.000729062536266, 0.000647858541925, 0.000625739165116, 0.000339010206517, 0.000237207786995, 0.000208092460525, 0.000191078957869, 0.000118818759802, 0.000100639073935, 6.31915754639e-05, 5.15854844707e-05, 4.83566946059e-05, 3.0698683986e-05, 2.62072990154e-05, 3.9201000618e-05, 4.57660098618e-05, 5.66169874219e-05, 5.39878383279e-05, 6.15264798398e-05, 6.95928611094e-05, 5.987061013e-05, 4.25283578807e-05, 3.36856792273e-05, 2.88380269922e-05, 2.59647695202e-05, 1.48686985995e-05, 8.75862860994e-06, 6.76159424984e-06, 5.12622591486e-06, 3.04195918943e-06, 2.23235497288e-06, 1.31272122417e-06, 7.162715292e-07, 7.75230773797e-07, 5.92379706177e-07, 7.01818407833e-07, 6.95329902101e-07],
        "median": [0.0012040999718, 0.00229273946024, 0.00083561259089, 0.000301513588056, 0.000370182213373, 0.000325068656821, 0.000178360278369, 0.000147081722389, 0.000139192008646, 0.000118650241347, 8.01412679721e-05, 6.42477170913e-05, 4.27376071457e-05, 3.29620052071e-05, 3.16099649353e-05, 2.1157979063e-05, 1.93941941689e-05, 2.82001947198e-05, 3.63607105101e-05, 4.55116896774e-05, 4.50543229817e-05, 5.29824574187e-05, 5.65768277738e-05, 5.02962502651e-05, 3.68987457477e-05, 2.87730199489e-05, 2.50930024777e-05, 2.22822454816e-05, 1.3118622519e-05, 7.5570142144e-06, 5.8803148022e-06, 4.33350396634e-06, 2.2265651296e-06, 1.37745746542e-06, 9.6131805094e-07, 4.51359085218e-07, 5.25409063812e-07, 4.12666850025e-07, 5.45364741811e-07, 5.3489657148e-07],
        "min": [1.07006875535e-23, 3.20778256979e-24, 7.03698952881e-24, 1.94767359362e-23, 2.63987568767e-23, 1.32902315488e-23, 3.59342392863e-24, 4.56275096541e-24, 8.2884739676e-24, 7.57448937292e-24, 7.73144508292e-24, 1.15044192756e-23, 6.47773053436e-24, 7.98588664588e-24, 1.04774596388e-23, 1.27601722407e-23, 1.0466541015e-23, 6.23490455381e-24, 1.09422643728e-23, 8.4072243551e-24, 9.74410377574e-24, 1.04062838748e-23, 2.01803130889e-23, 1.51958149955e-23, 1.31577115942e-23, 1.53523975743e-23, 7.57884230739e-24, 4.83515844105e-24, 6.34545630993e-24, 1.28623707487e-23, 1.36138491134e-23, 1.06163212462e-23, 9.7688874188e-24, 9.69651179733e-24, 9.75091243421e-24, 6.53247274802e-24, 5.71660400642e-24, 9.94350966878e-24, 8.10556473381e-24, 1.11731702706e-23],
        "var": [1.95896773221e-05, 1.02734102256e-05, 1.48861204252e-06, 1.56924033945e-06, 5.6145046301e-07, 6.98086182638e-07, 2.2223987628e-07, 9.11342965537e-08, 5.14296942811e-08, 4.77696886492e-08, 1.56758037662e-08, 1.34502426974e-08, 4.83132556184e-09, 3.88516729899e-09, 4.38220704169e-09, 1.27016608342e-09, 8.19987966416e-10, 2.32644192799e-09, 2.13353446021e-09, 2.42907893799e-09, 1.8669081836e-09, 1.55266077773e-09, 2.86160029006e-09, 1.92424121082e-09, 8.22968249103e-10, 7.6852357811e-10, 3.38290701007e-10, 2.89205048798e-10, 8.71303376671e-11, 3.21134299708e-11, 1.88341217622e-11, 1.44453156034e-11, 7.44013184395e-12, 7.3615349927e-12, 1.62020516361e-12, 8.28846756853e-13, 7.19035562428e-13, 4.50260786771e-13, 3.38344668038e-13, 3.70899329045e-13]
    },
    "mfcc": {
        "mean": [-585.851379395, 111.020652771, -16.2291851044, 48.403213501, 3.94705295563, -2.96453809738, 2.72754311562, 4.95376825333, 7.86625385284, -0.164243683219, 1.99853360653, 0.0825221538544, 2.6602768898],
        "cov": [[1517.68359375, -72.7971115112, 206.36378479, -30.3691635132, 47.0981025696, 12.0571737289, 74.602722168, 50.9677352905, 53.2674255371, 30.1986083984, 22.559047699, -22.2555770874, 9.06659698486], [-72.7971115112, 326.611175537, -85.6347885132, 144.438796997, -36.048286438, 14.4242973328, -20.3470668793, -27.1842899323, -7.47419643402, -21.8527030945, -1.86741662025, -3.58195352554, 13.9980134964], [206.36378479, -85.6347885132, 208.89302063, -38.6429977417, 52.4193115234, -14.4473772049, -15.6489334106, -3.12936854362, -18.2164707184, 4.88736534119, -6.58230686188, -9.15009117126, -1.75864541531], [-30.3691635132, 144.438796997, -38.6429977417, 155.869659424, -11.5690193176, 32.0693855286, -20.986825943, -5.98664665222, -1.46497488022, -0.478068470955, 3.90872049332, 4.94824075699, 6.50433111191], [47.0981025696, -36.048286438, 52.4193115234, -11.5690193176, 83.1572265625, 14.6115322113, 27.4076862335, 6.66538095474, 16.6097202301, 11.1908760071, 9.9827299118, 0.5665974617, 8.65700912476], [12.0571737289, 14.4242973328, -14.4473772049, 32.0693855286, 14.6115322113, 79.3041229248, 18.4019985199, 23.6417942047, -4.48441648483, 12.7556610107, 3.9071969986, 10.1824264526, 1.80112659931], [74.602722168, -20.3470668793, -15.6489334106, -20.986825943, 27.4076862335, 18.4019985199, 99.7677154541, 46.0723609924, 43.5028419495, 7.72238397598, 23.6105632782, 12.4144620895, 18.1989498138], [50.9677352905, -27.1842899323, -3.12936854362, -5.98664665222, 6.66538095474, 23.6417942047, 46.0723609924, 86.0668106079, 44.4487991333, 20.2787189484, 7.90484666824, 11.0740680695, 3.24600052834], [53.2674255371, -7.47419643402, -18.2164707184, -1.46497488022, 16.6097202301, -4.48441648483, 43.5028419495, 44.4487991333, 96.0955047607, 33.9562225342, 28.1240768433, 5.10669708252, 13.2808227539], [30.1986083984, -21.8527030945, 4.88736534119, -0.478068470955, 11.1908760071, 12.7556610107, 7.72238397598, 20.2787189484, 33.9562225342, 63.1679649353, 29.8897228241, 15.752286911, 2.51612496376], [22.559047699, -1.86741662025, -6.58230686188, 3.90872049332, 9.9827299118, 3.9071969986, 23.6105632782, 7.90484666824, 28.1240768433, 29.8897228241, 59.3343925476, 25.4362010956, 17.3822860718], [-22.2555770874, -3.58195352554, -9.15009117126, 4.94824075699, 0.5665974617, 10.1824264526, 12.4144620895, 11.0740680695, 5.10669708252, 15.752286911, 25.4362010956, 54.1722869873, 23.0061588287], [9.06659698486, 13.9980134964, -1.75864541531, 6.50433111191, 8.65700912476, 1.80112659931, 18.1989498138, 3.24600052834, 13.2808227539, 2.51612496376, 17.3822860718, 23.0061588287, 58.7235717773]],
