{
"lowlevel": {
    "average_loudness": 0.308846861124,
    "barkbands_crest": {
        "dmean": 1.66783070564,
        "dmean2": 2.53768777847,
        "dvar": 3.96670889854,
        "dvar2": 9.0375623703,
        "max": 26.0755748749,
        "mean": 14.3574132919,
        "median": 13.9107122421,
        "min": 2.46586179733,
        "var": 23.8244438171
    },
    "barkbands_flatness_db": {
        "dmean": 0.0271429121494,
        "dmean2": 0.0376046039164,
        "dvar": 0.00141695095226,
        "dvar2": 0.00269796443172,
        "max": 0.587217986584,
        "mean": 0.322637110949,
        "median": 0.330277383327,
        "min": 0.043560963124,
        "var": 0.0103512285277
    },
    "barkbands_kurtosis": {
        "dmean": 3.29151320457,
        "dmean2": 4.94365167618,
        "dvar": 36.9856987,
        "dvar2": 86.7499542236,
        "max": 161.237945557,
        "mean": 8.47033882141,
        "median": 5.68169021606,
        "min": -1.94310450554,
        "var": 104.842521667
    },
    "barkbands_skewness": {
        "dmean": 0.469680547714,
        "dmean2": 0.68886911869,
        "dvar": 0.406278520823,
        "dvar2": 0.897569358349,
        "max": 10.6937494278,
        "mean": 1.72234213352,
        "median": 1.58370578289,
        "min": -7.23726987839,
        "var": 1.99854040146
    },
    "barkbands_spread": {
        "dmean": 2.44403576851,
        "dmean2": 3.8140642643,
        "dvar": 53.378288269,
        "dvar2": 119.611984253,
        "max": 99.9544754028,
        "mean": 6.27420949936,
        "median": 3.8812687397,
        "min": 0.447958081961,
        "var": 83.6536865234
    },
    "dissonance": {
        "dmean": 0.0423847101629,
        "dmean2": 0.0715644806623,
        "dvar": 0.00159785198048,
        "dvar2": 0.00424719369039,
        "max": 0.500000059605,
        "mean": 0.36448764801,
        "median": 0.371609210968,
        "min": 0.0763157680631,
        "var": 0.00567333260551
    },
    "dynamic_complexity": 5.39413690567,
    "erbbands_crest": {
        "dmean": 1.80999708176,
        "dmean2": 2.68830323219,
        "dvar": 4.86007499695,
        "dvar2": 10.9954442978,
        "max": 32.3862571716,
        "mean": 15.1636953354,
        "median": 13.8344917297,
        "min": 2.31459712982,
        "var": 38.7865943909
    },
    "erbbands_flatness_db": {
        "dmean": 0.0236976277083,
        "dmean2": 0.0292170755565,
        "dvar": 0.00142569409218,
        "dvar2": 0.00242753280327,
        "max": 0.553551614285,
        "mean": 0.336216747761,
        "median": 0.361735671759,
        "min": 0.0614085197449,
        "var": 0.0103618884459
    },
    "erbbands_kurtosis": {
        "dmean": 1.80385386944,
        "dmean2": 2.67102074623,
        "dvar": 11.0432691574,
        "dvar2": 25.4865264893,
        "max": 92.9805679321,
        "mean": 4.9840593338,
        "median": 2.93061590195,
        "min": -1.85148751736,
        "var": 44.3188934326
    },
    "erbbands_skewness": {
        "dmean": 0.314726054668,
        "dmean2": 0.456810623407,
        "dvar": 0.200834095478,
        "dvar2": 0.453496396542,
        "max": 7.65876865387,
        "mean": 1.19248092175,
        "median": 1.05901169777,
        "min": -3.97366595268,
        "var": 0.916062176228
    },
    "erbbands_spread": {
        "dmean": 3.871925354,
        "dmean2": 5.84144258499,
        "dvar": 103.356697083,
        "dvar2": 233.206359863,
        "max": 153.449172974,
        "mean": 14.3350000381,
        "median": 9.73239994049,
        "min": 1.07629060745,
        "var": 235.089813232
    },
    "hfc": {
        "dmean": 3.35394191742,
        "dmean2": 5.08162641525,
        "dvar": 102.639915466,
        "dvar2": 220.355865479,
        "max": 160.332015991,
        "mean": 10.9340515137,
        "median": 4.69072914124,
        "min": 1.07572840194e-16,
        "var": 260.72265625
    },
    "melbands_crest": {
        "dmean": 1.84736728668,
        "dmean2": 2.75765371323,
        "dvar": 5.08789825439,
        "dvar2": 12.2710437775,
        "max": 33.2138404846,
        "mean": 16.8141746521,
        "median": 16.3881950378,
        "min": 1.00204753876,
        "var": 36.9281311035
    },
    "melbands_flatness_db": {
        "dmean": 0.0274166166782,
        "dmean2": 0.0375186800957,
        "dvar": 0.00176760344766,
        "dvar2": 0.00343046756461,
        "max": 0.679286360741,
        "mean": 0.402042925358,
        "median": 0.407367706299,
        "min": -1.98458820933e-07,
        "var": 0.0145085109398
    },
    "melbands_kurtosis": {
        "dmean": 3.94279885292,
        "dmean2": 5.81563568115,
        "dvar": 69.2722625732,
        "dvar2": 148.906494141,
        "max": 226.640853882,
        "mean": 10.2171258926,
        "median": 5.35878372192,
        "min": -1.81350815296,
        "var": 255.358856201
    },
    "melbands_skewness": {
        "dmean": 0.433602720499,
        "dmean2": 0.639428377151,
        "dvar": 0.398604393005,
        "dvar2": 0.844106316566,
        "max": 11.1126918793,
        "mean": 1.76966440678,
        "median": 1.49382472038,
        "min": -2.98952412605,
        "var": 2.43126559258
    },
    "melbands_spread": {
        "dmean": 1.84671521187,
        "dmean2": 2.89301514626,
        "dvar": 52.1098823547,
        "dvar2": 124.470458984,
        "max": 221.365447998,
        "mean": 8.18376159668,
        "median": 5.63763570786,
        "min": 0.752159833908,
        "var": 216.852279663
    },
    "pitch_salience": {
        "dmean": 0.0452578440309,
        "dmean2": 0.0706311091781,
        "dvar": 0.00292896921746,
        "dvar2": 0.00689050462097,
        "max": 0.995948910713,
        "mean": 0.504658818245,
        "median": 0.515489637852,
        "min": 0.152948692441,
        "var": 0.0150272082537
    },
    "silence_rate_20dB": {
        "dmean": 0,
        "dmean2": 0,
        "dvar": 0,
        "dvar2": 0,
        "max": 1,
        "mean": 1,
        "median": 1,
        "min": 1,
        "var": 0
    },
    "silence_rate_30dB": {
        "dmean": 0.00501903751865,
        "dmean2": 0.0100389439613,
        "dvar": 0.00499398913234,
        "dvar2": 0.0120152905583,
        "max": 1,
        "mean": 0.994289159775,
        "median": 1,
        "min": 0,
        "var": 0.00567803485319
    },
    "silence_rate_60dB": {
        "dmean": 0.0297680851072,
        "dmean2": 0.0595413222909,
        "dvar": 0.0288808494806,
        "dvar2": 0.064299993217,
        "max": 1,
        "mean": 0.232586309314,
        "median": 0,
        "min": 0,
        "var": 0.178471595049
    },
    "spectral_centroid": {
        "dmean": 63.9153862,
        "dmean2": 98.053237915,
        "dvar": 58513.4453125,
        "dvar2": 113701.875,
        "max": 11683.7304688,
        "mean": 616.900146484,
        "median": 471.933013916,
        "min": 243.565368652,
        "var": 1001535.6875
    },
    "spectral_complexity": {
        "dmean": 1.41934931278,
        "dmean2": 2.25443530083,
        "dvar": 9.32816123962,
        "dvar2": 15.4859113693,
        "max": 58,
        "mean": 8.61711502075,
        "median": 7,
        "min": 0,
        "var": 35.7427024841
    },
    "spectral_decrease": {
        "dmean": 9.29036847452e-10,
        "dmean2": 1.38895761559e-09,
        "dvar": 3.93546851495e-18,
        "dvar2": 8.51632733205e-18,
        "max": 1.83762796646e-10,
        "mean": -4.75794825761e-09,
        "median": -2.68624833488e-09,
        "min": -4.52080080038e-08,
        "var": 2.90360776736e-17
    },
    "spectral_energy": {
        "dmean": 0.00372245861217,
        "dmean2": 0.0055499272421,
        "dvar": 6.08691443631e-05,
        "dvar2": 0.000131410051836,
        "max": 0.181689918041,
        "mean": 0.0189493875951,
        "median": 0.0107066547498,
        "min": 1.01755437261e-20,
        "var": 0.000458215799881
    },
    "spectral_energyband_high": {
        "dmean": 0.000201483402634,
        "dmean2": 0.000314603879815,
        "dvar": 7.62705781199e-07,
        "dvar2": 1.59220951446e-06,
        "max": 0.0130812432617,
        "mean": 0.00021541233582,
        "median": 2.05376545637e-06,
        "min": 7.19592849193e-21,
        "var": 1.04660057332e-06
    },
    "spectral_energyband_low": {
        "dmean": 0.000925577129237,
        "dmean2": 0.00147469993681,
        "dvar": 3.08487469738e-05,
        "dvar2": 5.82852735533e-05,
        "max": 0.0697685033083,
        "mean": 0.00132453255355,
        "median": 3.85518105759e-05,
        "min": 8.73968741703e-24,
        "var": 5.27732991031e-05
    },
    "spectral_energyband_middle_high": {
        "dmean": 0.000540370063391,
        "dmean2": 0.000828407297377,
        "dvar": 1.78622974545e-06,
        "dvar2": 3.85954353987e-06,
        "max": 0.0252556186169,
        "mean": 0.00167629541829,
        "median": 0.000600140949246,
        "min": 1.18465925526e-21,
        "var": 7.06078435542e-06
    },
    "spectral_energyband_middle_low": {
        "dmean": 0.00283834547736,
        "dmean2": 0.00419495161623,
        "dvar": 2.71939661616e-05,
        "dvar2": 6.84826954966e-05,
        "max": 0.174137309194,
        "mean": 0.015844212845,
        "median": 0.00937314424664,
        "min": 1.41464356162e-22,
        "var": 0.000305667083012
    },
    "spectral_entropy": {
        "dmean": 0.230240285397,
        "dmean2": 0.324241518974,
        "dvar": 0.144393801689,
        "dvar2": 0.284694194794,
        "max": 9.83028125763,
        "mean": 5.95511388779,
        "median": 5.88337802887,
        "min": 3.8063018322,
        "var": 0.930444777012
    },
    "spectral_flux": {
        "dmean": 0.0132420659065,
        "dmean2": 0.0213843863457,
        "dvar": 0.000527857104316,
        "dvar2": 0.00113878853153,
        "max": 0.295951664448,
        "mean": 0.0341291576624,
        "median": 0.0209992825985,
        "min": 6.21234313991e-11,
        "var": 0.00146127282642
    },
    "spectral_kurtosis": {
        "dmean": 22.8141651154,
        "dmean2": 37.6986656189,
        "dvar": 1041.54174805,
        "dvar2": 2675.00244141,
        "max": 457.304901123,
        "mean": 55.4474182129,
        "median": 25.6976165771,
        "min": -1.28814268112,
        "var": 5080.8515625
    },
    "spectral_rms": {
        "dmean": 0.000356767704943,
        "dmean2": 0.000517557433341,
        "dvar": 3.43986926055e-07,
        "dvar2": 7.11799827968e-07,
        "max": 0.0133138448,
        "mean": 0.0036612462718,
        "median": 0.00323195243254,
        "min": 3.15077131052e-12,
        "var": 5.08248922415e-06
    },
    "spectral_rolloff": {
        "dmean": 232.066894531,
        "dmean2": 413.071136475,
        "dvar": 1529108.875,
        "dvar2": 3764562.5,
        "max": 19552.1484375,
        "mean": 952.841308594,
        "median": 667.529296875,
        "min": 64.599609375,
        "var": 4387107.5
    },
    "spectral_skewness": {
        "dmean": 1.2030339241,
        "dmean2": 1.97660946846,
        "dvar": 1.78006029129,
        "dvar2": 4.66035413742,
        "max": 17.673789978,
        "mean": 4.67458152771,
        "median": 3.60574531555,
        "min": -0.095987804234,
        "var": 10.1934452057
    },
    "spectral_spread": {
        "dmean": 836394.375,
        "dmean2": 1173104.625,
        "dvar": 3.01722396262e+12,
        "dvar2": 5.56990201856e+12,
        "max": 42740700,
        "mean": 2993764.25,
        "median": 1500388.875,
        "min": 208232.75,
        "var": 2.00507696087e+13
    },
    "spectral_strongpeak": {
        "dmean": 0.268443673849,
        "dmean2": 0.43958324194,
        "dvar": 0.213429287076,
        "dvar2": 0.488615959883,
        "max": 11.1282424927,
        "mean": 1.22095739841,
        "median": 0.858247101307,
        "min": 0,
        "var": 1.4361307621
    },
    "zerocrossingrate": {
        "dmean": 0.00638378318399,
        "dmean2": 0.00789507012814,
        "dvar": 0.000289084622636,
        "dvar2": 0.000372111913748,
        "max": 0.55126953125,
        "mean": 0.0341541692615,
        "median": 0.02392578125,
        "min": 0.00634765625,
        "var": 0.00278559979051
    },
    "barkbands": {
        "dmean": [8.21178837214e-05, 0.000758013047744, 0.000289272371447, 0.000178286267328, 0.00168437499087, 0.00026615880779, 0.000650440517347, 0.000581768457778, 0.000878162973095, 0.000363290542737, 9.36104552238e-05, 7.42472329875e-05, 3.55742413376e-05, 2.51990186371e-05, 2.62457851932e-05, 3.16029763781e-05, 2.89129366138e-05, 2.19163066504e-05, 1.64351640706e-05, 1.4485628526e-05, 1.38386039907e-05, 1.50442738232e-05, 2.79185860563e-05, 3.60024132533e-05, 4.36811533291e-05, 6.44542305963e-05, 3.77335186386e-06],
        "dmean2": [0.000143326906255, 0.00119312130846, 0.000552613404579, 0.000316322577419, 0.00271886680275, 0.000393659545807, 0.00104862474836, 0.000732848420739, 0.00102113594767, 0.000569235417061, 0.000143991172081, 0.000118124859, 5.61592314625e-05, 3.80238961952e-05, 4.14440473833e-05, 5.30604993401e-05, 4.80962444271e-05, 3.39396829077e-05, 2.35743536905e-05, 2.23943061428e-05, 1.89881757251e-05, 2.32082584262e-05, 4.2969801143e-05, 5.27706724824e-05, 7.03634941601e-05, 0.000106831699668, 6.50884203424e-06],
        "dvar": [1.41858308211e-07, 2.29759898502e-05, 4.76061586596e-06, 7.67971926052e-07, 1.59562277986e-05, 3.65063613117e-07, 2.47644038609e-06, 1.59873434313e-06, 5.98933002038e-06, 7.25798827261e-07, 9.26137886381e-08, 4.93892322595e-08, 3.25778479748e-08, 5.67114799566e-09, 1.16498055647e-08, 1.2647304537e-08, 1.47230956316e-08, 1.06171178516e-08, 6.30839647187e-09, 4.70078420634e-09, 6.48465636743e-09, 5.06698372149e-09, 2.90733019881e-08, 4.28171453848e-08, 3.6111448054e-08, 8.98601868471e-08, 4.26978868928e-10],
        "dvar2": [4.36392639358e-07, 3.93808950321e-05, 1.42167009471e-05, 2.18361014959e-06, 4.65799530502e-05, 7.68547522512e-07, 7.42634529161e-06, 2.41203815676e-06, 8.12741564005e-06, 1.7725011503e-06, 2.26256673841e-07, 1.27335837874e-07, 7.91328815808e-08, 1.20434071604e-08, 2.48206557529e-08, 3.56920679678e-08, 3.6232787437e-08, 2.05098711348e-08, 1.23361489912e-08, 9.38832034336e-09, 1.09779172419e-08, 9.24902554544e-09, 6.82524259332e-08, 9.71462625898e-08, 8.20631953502e-08, 2.30138610391e-07, 1.17083276407e-09],
        "max": [0.00437700515613, 0.0592108443379, 0.0343947932124, 0.0161569472402, 0.0735585615039, 0.0198489278555, 0.0356283597648, 0.031519446522, 0.162041112781, 0.0185166038573, 0.00655441638082, 0.00762832397595, 0.0109058860689, 0.00186632329132, 0.00211042817682, 0.00198408239521, 0.00216608820483, 0.0019872833509, 0.00180968327913, 0.00130870449357, 0.00162942986935, 0.00139884266537, 0.00350172072649, 0.00415080226958, 0.00289932708256, 0.00468737818301, 0.000443893251941],
        "mean": [7.34167915653e-05, 0.000992301851511, 0.000195641172468, 0.000232816571952, 0.0062322570011, 0.000977253424935, 0.00165261549409, 0.00185433693696, 0.00481553934515, 0.000990660628304, 0.000195206332137, 0.00016605584824, 6.33748350083e-05, 5.66745002288e-05, 4.68300713692e-05, 6.45714972052e-05, 4.63714968646e-05, 3.98463234887e-05, 2.77822673524e-05, 1.91418894246e-05, 1.61408752319e-05, 1.78723603312e-05, 3.7228968722e-05, 3.96941140934e-05, 4.23669844167e-05, 5.07550867042e-05, 2.62361209025e-06],
        "median": [2.97741507893e-06, 5.77064724894e-07, 1.36476146508e-05, 4.20220530941e-05, 0.00263161933981, 0.000408291612985, 0.000612612057012, 0.00053649576148, 0.000965884712059, 0.000190661317902, 3.86933133996e-05, 3.6078166886e-05, 8.49345997267e-06, 7.93956769485e-06, 3.75360900762e-06, 1.33158646349e-05, 9.63464390225e-06, 4.42522059529e-06, 3.37145752383e-06, 1.14919839689e-06, 4.53322087424e-07, 1.24521847056e-07, 1.30543247323e-08, 4.21063317546e-09, 3.85288156934e-09, 1.79872516881e-09, 5.23053877988e-10],
        "min": [1.41632271813e-25, 8.92669675537e-25, 1.18761806268e-24, 1.07005993983e-24, 4.21447676437e-24, 6.5959476519e-24, 6.83633329124e-24, 7.31204718266e-24, 8.14688211258e-24, 9.39372726038e-24, 1.39315328662e-23, 2.64125430099e-23, 2.31077553978e-23, 4.70444616121e-23, 3.87691718768e-23, 4.85350079816e-23, 4.41251366819e-23, 9.49193287001e-23, 1.19989050589e-22, 1.70323677487e-22, 2.50668365512e-22, 3.4666329659e-22, 3.16387067484e-22, 6.08979767659e-22, 8.78591422431e-22, 1.3380652111e-21, 2.00633485563e-21],
        "var": [1.38814542083e-07, 3.67054490198e-05, 2.62182311417e-06, 5.9712709799e-07, 7.61963019613e-05, 2.76780815511e-06, 7.83263294579e-06, 1.1955357877e-05, 0.000102369711385, 3.41154304806e-06, 1.62360549893e-07, 9.58083674618e-08, 5.17497724672e-08, 1.54631774052e-08, 1.72997562942e-08, 2.14915552021e-08, 1.94206712933e-08, 1.62855435804e-08, 9.26906640331e-09, 6.21166762471e-09, 1.00017532034e-08, 8.62089155618e-09, 4.24022630341e-08, 5.50118599563e-08, 4.31989484184e-08, 6.91359431926e-08, 2.82151912945e-10]
    },
    "erbbands": {
        "dmean": [0.0362551398575, 0.166746124625, 0.354654103518, 0.474940270185, 2.44260382652, 7.24835252762, 5.21519088745, 2.21836709976, 9.889793396, 6.94299507141, 12.6292276382, 24.5818710327, 9.63084888458, 7.38924598694, 3.44437980652, 2.49261784554, 1.77619242668, 1.04623401165, 1.59641230106, 1.65462625027, 1.5252712965, 1.56202232838, 1.33904635906, 0.778073191643, 0.814130246639, 0.715956389904, 0.600049078465, 0.540407478809, 0.509224236012, 0.56779974699, 0.809107363224, 0.705784618855, 0.733575582504, 0.507810533047, 0.295238107443, 0.203511685133, 0.126288473606, 0.0262400154024, 0.000504767405801, 1.84686232387e-05],
        "dmean2": [0.0580259971321, 0.255944490433, 0.671216785908, 0.853968679905, 4.03719139099, 11.9715642929, 7.52546834946, 3.40765237808, 16.3817768097, 9.68194007874, 15.6262750626, 28.3974666595, 14.5245685577, 11.7151622772, 5.2244052887, 3.980717659, 2.78709053993, 1.52917540073, 2.50114679337, 2.53556060791, 2.6938931942, 2.56793856621, 2.14099144936, 1.12932276726, 1.23781228065, 1.09528315067, 0.950666725636, 0.76662093401, 0.774259388447, 0.876505970955, 1.24115359783, 1.05710363388, 1.08932113647, 0.841520249844, 0.471806257963, 0.336037635803, 0.20883244276, 0.0437984392047, 0.000843420100864, 2.98318173009e-05],
        "dvar": [0.0457458496094, 1.10602021217, 6.53272771835, 7.34274482727, 51.7160148621, 404.195526123, 115.775398254, 29.1387996674, 703.005737305, 261.127929688, 738.499206543, 5116.11572266, 481.205993652, 380.753936768, 95.6888656616, 60.5196113586, 71.7207565308, 12.1161260605, 30.9013881683, 32.3403320312, 43.2492485046, 41.7461204529, 41.0885276794, 13.4600372314, 17.3938980103, 14.0337257385, 15.863866806, 8.77555656433, 5.73922920227, 9.87982273102, 22.5968513489, 17.737039566, 17.8121929169, 5.68728685379, 1.44954395294, 0.812476694584, 0.341263979673, 0.0170826446265, 6.33654553894e-06, 5.31468513643e-09],
        "dvar2": [0.110992148519, 2.2475206852, 19.6056995392, 21.0762786865, 165.282318115, 1239.34362793, 248.015075684, 64.0129318237, 2187.77734375, 493.291809082, 1184.64892578, 6740.28417969, 1154.69091797, 939.04119873, 229.046340942, 155.2447052, 176.332824707, 23.312915802, 73.820930481, 68.1956329346, 120.911750793, 99.9770431519, 89.9477462769, 21.8639030457, 38.5588722229, 29.7293453217, 34.7532615662, 15.2124538422, 10.8430566788, 22.1253223419, 49.2481460571, 41.6066856384, 40.9772834778, 13.8301143646, 3.22886610031, 2.034968853, 0.869556009769, 0.0442880429327, 1.65586170624e-05, 1.36267406248e-08],
        "max": [2.65461826324, 14.0406551361, 37.6987037659, 43.2853431702, 184.212203979, 370.999725342, 231.474700928, 204.376220703, 629.431884766, 439.61831665, 692.750427246, 4752.60888672, 608.215454102, 485.091430664, 202.823501587, 262.584869385, 496.045623779, 91.3733978271, 106.41859436, 112.716720581, 97.0113449097, 124.211074829, 124.530326843, 81.6014022827, 93.8720321655, 76.1029205322, 82.4135055542, 60.6736030579, 47.0554351807, 62.1728553772, 96.6848983765, 85.4221343994, 80.8448944092, 40.0565795898, 14.6971874237, 13.8635559082, 8.96618080139, 2.35946702957, 0.0471442937851, 0.00129185139667],
        "mean": [0.0346899032593, 0.197199076414, 0.253384739161, 0.625174343586, 7.78099584579, 24.4231815338, 18.8117046356, 8.68858718872, 22.1027812958, 27.6647872925, 52.247833252, 136.87097168, 34.9087524414, 20.1567306519, 9.21130657196, 5.89615488052, 3.58672094345, 2.62986898422, 2.70534038544, 4.22112131119, 2.48683977127, 2.57439470291, 2.42337918282, 1.55034613609, 1.18157446384, 0.88959223032, 0.705480933189, 0.588555514812, 0.559511423111, 0.76819139719, 1.10494565964, 0.849295973778, 0.7578971982, 0.492949604988, 0.27539101243, 0.172136336565, 0.0982208028436, 0.0194740016013, 0.000381981953979, 3.30615985149e-05],
        "median": [5.78492217755e-05, 0.000505617936142, 0.0139772696421, 0.185612037778, 2.67883276939, 7.81174230576, 10.4697704315, 3.17598986626, 5.79254770279, 8.12211036682, 17.4536991119, 22.6067562103, 12.015748024, 4.62732410431, 2.53252673149, 1.4519739151, 0.825725972652, 0.278148680925, 0.451457262039, 0.74501478672, 0.488708913326, 0.51423150301, 0.343750447035, 0.208466216922, 0.132151991129, 0.0528886914253, 0.025039691478, 0.0101498709992, 0.00479094963521, 0.00143403618131, 0.000355749449227, 0.000124389873235, 9.20484162634e-05, 6.60705700284e-05, 4.51848936791e-05, 2.67516606982e-05, 1.24524467537e-05, 2.73495584224e-06, 7.12360451871e-06, 1.32290551846e-05],
        "min": [6.92189409165e-23, 3.74570418627e-22, 2.05416814975e-21, 5.57957799312e-21, 4.25209447385e-21, 1.50886564835e-20, 3.2371800514e-20, 4.72704768753e-20, 5.92094137631e-20, 1.31173215864e-19, 2.65784039258e-19, 1.90267593361e-19, 4.95426592999e-19, 7.58077737385e-19, 6.64934925665e-19, 1.42939291391e-18, 1.0651169444e-18, 2.52453227525e-18, 2.50184601977e-18, 1.93491979578e-18, 3.4830424925e-18, 3.46471092936e-18, 6.56421210569e-18, 4.97194443404e-18, 6.30998848418e-18, 8.10470819717e-18, 9.52106557181e-18, 1.03812937042e-17, 1.24862177274e-17, 1.12288229598e-17, 8.90396319224e-18, 1.14836127865e-17, 9.59463915139e-18, 8.49752468954e-18, 5.7664088126e-18, 4.30354362161e-18, 2.32711342115e-18, 9.16830550739e-19, 2.44200984221e-19, 2.72050656181e-20],
        "var": [0.049806393683, 1.53727447987, 3.89617753029, 4.87338352203, 207.453811646, 1784.83239746, 597.934570312, 245.167388916, 1908.55236816, 1993.36535645, 7190.58251953, 91197.578125, 2966.13720703, 1567.41467285, 269.570465088, 118.325897217, 113.877258301, 37.0650749207, 41.0941352844, 112.816291809, 42.8007202148, 56.9737968445, 58.5990409851, 24.2073707581, 20.0794525146, 16.4870223999, 19.4171028137, 13.0415267944, 8.78796291351, 16.4608764648, 37.5445823669, 22.8678703308, 21.2503128052, 6.45274591446, 1.67615795135, 0.692349135876, 0.263824790716, 0.0126021737233, 4.61863101009e-06, 4.94511009919e-09]
    },
    "gfcc": {
        "mean": [-188.431793213, 171.286605835, -123.611656189, -39.4704437256, -66.9110641479, -43.9170646667, -40.5648078918, -6.56829690933, -26.596364975, -24.0663700104, -23.4088191986, -12.427028656, -2.01768660545],
        "cov": [[25701.2246094, -4867.67626953, -1662.76586914, 1660.13476562, -1755.57592773, 1636.36340332, -461.462371826, 712.438232422, -808.173706055, 747.979736328, -808.783691406, 661.997070312, -1009.95257568], [-4867.67626953, 5354.33007812, -1281.52941895, -830.320861816, 1208.4654541, -1895.67822266, 715.143920898, -559.390930176, 306.815795898, -498.071258545, 440.390350342, -557.864196777, 607.238708496], [-1662.76586914, -1281.52941895, 2066.3293457, -102.613456726, -270.951293945, 940.065429688, -515.981811523, 273.615722656, 24.7757301331, 182.395080566, -58.9544296265, 263.397338867, -113.355247498], [1660.13476562, -830.320861816, -102.613456726, 731.429016113, -58.9522438049, 317.102722168, 112.603279114, 62.3380661011, -47.6325759888, 95.3305206299, -54.280834198, 100.528083801, -63.7926521301], [-1755.57592773, 1208.4654541, -270.951293945, -58.9522438049, 716.773132324, -389.267608643, 268.908996582, -86.003288269, 53.0470085144, -61.5496063232, 122.044120789, -116.458206177, 168.985351562], [1636.36340332, -1895.67822266, 940.065429688, 317.102722168, -389.267608643, 1124.78430176, -387.660644531, 228.018066406, -53.9939804077, 189.969345093, -129.2865448, 245.560470581, -229.773880005], [-461.462371826, 715.143920898, -515.981811523, 112.603279114, 268.908996582, -387.660644531, 467.151489258, -35.6043777466, 78.8536453247, 6.67879629135, 79.0029602051, -60.0016555786, 99.7082977295], [712.438232422, -559.390930176, 273.615722656, 62.3380661011, -86.003288269, 228.018066406, -35.6043777466, 293.402313232, 6.45986413956, 93.4420318604, -42.8506965637, 106.191566467, -64.8076248169], [-808.173706055, 306.815795898, 24.7757301331, -47.6325759888, 53.0470085144, -53.9939804077, 78.8536453247, 6.45986413956, 167.988586426, 3.60286045074, 39.4552459717, -52.9060440063, 46.994304657], [747.979736328, -498.071258545, 182.395080566, 95.3305206299, -61.5496063232, 189.969345093, 6.67879629135, 93.4420318604, 3.60286045074, 185.759536743, -4.65184116364, 86.2894134521, -73.6119766235], [-808.783691406, 440.390350342, -58.9544296265, -54.280834198, 122.044120789, -129.2865448, 79.0029602051, -42.8506965637, 39.4552459717, -4.65184116364, 135.428604126, -13.4563493729, 56.9437789917], [661.997070312, -557.864196777, 263.397338867, 100.528083801, -116.458206177, 245.560470581, -60.0016555786, 106.191566467, -52.9060440063, 86.2894134521, -13.4563493729, 157.115066528, -46.8092918396], [-1009.95257568, 607.238708496, -113.355247498, -63.7926521301, 168.985351562, -229.773880005, 99.7082977295, -64.8076248169, 46.994304657, -73.6119766235, 56.9437789917, -46.8092918396, 148.317214966]],
        "icov": [[0.000192252773559, -0.000373739283532, 0.000480405375129, -0.000279031984974, 0.000377113494324, -0.000372691603843, 0.000394895701902, -0.000375769392122, 0.000535045750439, -0.000970958673861, 0.000984803540632, -0.000567968469113, 0.000440946430899], [-0.000373739283532, 0.00191860226914, -0.00104761472903, 0.00103778461926, -0.00145464600064, 0.00155694794375, -0.00114458531607, 0.00116271595471, -0.00171973567922, 0.00305314245634, -0.00324748526327, 0.00174938398413, -0.00154832750559], [0.000480405375129, -0.00104761472903, 0.00242521357723, -0.000286033842713, 0.000761152943596, -0.00178277585655, 0.00190036348067, -0.00120841374155, 0.000678881071508, -0.00300054368563, 0.00264335959218, -0.00252980389632, 0.000338642450515], [-0.000279031984974, 0.00103778461926, -0.000286033842713, 0.0030204707291, -0.000824400049169, -0.000578846782446, -0.0021724360995, 0.000956947624218, -0.000384180428227, 0.00163653679192, -0.00133197370451, 0.00063503999263, -0.00150151294656], [0.000377113494324, -0.00145464600064, 0.000761152943596, -0.000824400049169, 0.00378902442753, -0.00148836441804, -0.000211710314034, -0.00146847509313, 0.00299754901789, -0.00318346265703, 0.00139107450377, 0.00109630124643, -0.00108933099546], [-0.000372691603843, 0.00155694794375, -0.00178277585655, -0.000578846782446, -0.00148836441804, 0.00501403445378, 0.000885114190169, 0.00114398892038, -0.00334065989591, 0.00274147116579, -0.00208240561187, -0.00122692412697, 0.00167603325099], [0.000394895701902, -0.00114458531607, 0.00190036348067, -0.0021724360995, -0.000211710314034, 0.000885114190169, 0.00699355080724, -0.00132253079209, -0.00151004770305, -0.00399431819096, 0.00220064097084, -0.00338463112712, 0.000809137942269], [-0.000375769392122, 0.00116271595471, -0.00120841374155, 0.000956947624218, -0.00146847509313, 0.00114398892038, -0.00132253079209, 0.00645090686157, -0.00324268196709, 0.00203886930831, -0.000487206445541, -0.00265833805315, 0.00070953858085], [0.000535045750439, -0.00171973567922, 0.000678881071508, -0.000384180428227, 0.00299754901789, -0.00334065989591, -0.00151004770305, -0.00324268196709, 0.0131116444245, -0.00563101889566, 0.000867750612088, 0.00643182080239, -0.00320693571121], [-0.000970958673861, 0.00305314245634, -0.00300054368563, 0.00163653679192, -0.00318346265703, 0.00274147116579, -0.00399431819096, 0.00203886930831, -0.00563101889566, 0.01663370803, -0.00714400084689, -0.00135117513128, 0.00310527579859], [0.000984803540632, -0.00324748526327, 0.00264335959218, -0.00133197370451, 0.00139107450377, -0.00208240561187, 0.00220064097084, -0.000487206445541, 0.000867750612088, -0.00714400084689, 0.0176925938576, -0.00748599553481, 0.00196983898059], [-0.000567968469113, 0.00174938398413, -0.00252980389632, 0.00063503999263, 0.00109630124643, -0.00122692412697, -0.00338463112712, -0.00265833805315, 0.00643182080239, -0.00135117513128, -0.00748599553481, 0.0220395438373, -0.00760487979278], [0.000440946430899, -0.00154832750559, 0.000338642450515, -0.00150151294656, -0.00108933099546, 0.00167603325099, 0.000809137942269, 0.00070953858085, -0.00320693571121, 0.00310527579859, 0.00196983898059, -0.00760487979278, 0.0187016744167]]
    },
    "melbands": {
        "dmean": [0.000257179897744, 0.000196701192181, 0.000117400042654, 0.000356587115675, 0.000226914649829, 5.31795303687e-05, 0.000139213647344, 9.37144723139e-05, 0.000106169973151, 0.00014009368897, 5.13881386723e-05, 3.65759478882e-05, 1.3032874449e-05, 8.50290507515e-06, 6.64276967655e-06, 2.83815506918e-06, 1.89207082713e-06, 2.79008190773e-06, 2.0349539227e-06, 2.19925277634e-06, 1.90659602595e-06, 1.67212795077e-06, 1.56331748258e-06, 9.65952949628e-07, 6.18051728907e-07, 7.38737469419e-07, 5.33677905423e-07, 4.54942011174e-07, 4.25824765671e-07, 2.55122188264e-07, 3.44849411249e-07, 2.99408242199e-07, 2.83941176349e-07, 3.24013427644e-07, 4.17486688775e-07, 5.38911081094e-07, 4.14696046391e-07, 5.05131822592e-07, 5.37837763659e-07, 3.97119293893e-07],
        "dmean2": [0.000380697863875, 0.00035021227086, 0.000206845230423, 0.000585169182159, 0.000338941928931, 8.04046430858e-05, 0.000229993980611, 0.000121156823297, 0.00012764694111, 0.000165118792211, 7.84920484875e-05, 5.77041719225e-05, 1.97310891963e-05, 1.33956282298e-05, 1.0661819033e-05, 4.31822218161e-06, 2.78085531136e-06, 4.37901007899e-06, 3.15145234708e-06, 3.48546291207e-06, 3.38927679877e-06, 2.72740771834e-06, 2.62077128355e-06, 1.43516717799e-06, 8.91090621735e-07, 1.11097028821e-06, 8.58282362515e-07, 6.89472983595e-07, 7.02805891706e-07, 3.7903933503e-07, 5.01973943301e-07, 4.76633488233e-07, 4.29420396131e-07, 5.11978271334e-07, 6.54501491226e-07, 8.34812965422e-07, 6.43714940907e-07, 7.60676243772e-07, 9.15561486181e-07, 6.47586716696e-07],
        "dvar": [2.25674011745e-06, 1.66546624314e-06, 2.7164978178e-07, 8.59499095895e-07, 2.60138847352e-07, 1.47780898629e-08, 1.3437606583e-07, 3.8973261951e-08, 5.46693392778e-08, 1.58300252906e-07, 1.38272016059e-08, 8.22557755242e-09, 1.45518863626e-09, 7.86302079003e-10, 5.28129096011e-10, 1.40631714607e-10, 4.06085200189e-11, 7.83951445427e-11, 6.38561772903e-11, 5.4143713818e-11, 7.14314787875e-11, 4.43634365355e-11, 5.09176416308e-11, 2.08028941295e-11, 7.88101008065e-12, 1.49043069553e-11, 5.01623005286e-12, 5.88809773508e-12, 8.81578404027e-12, 2.09515933249e-12, 3.73287989061e-12, 2.1084837435e-12, 2.11159041641e-12, 3.52300480455e-12, 5.87799080243e-12, 1.15112841134e-11, 5.75441560721e-12, 9.77295761678e-12, 7.28622284035e-12, 3.46969219849e-12],
        "dvar2": [4.30691488873e-06, 4.6746681619e-06, 8.05387458058e-07, 2.67339669335e-06, 6.13781594438e-07, 3.23677049607e-08, 4.16729363906e-07, 6.4786362941e-08, 8.37256450836e-08, 2.17625981236e-07, 3.36067387252e-08, 2.02071870348e-08, 3.49253737042e-09, 1.95981186835e-09, 1.3242895669e-09, 3.4366987034e-10, 7.9383152829e-11, 1.94099181172e-10, 1.30021424183e-10, 1.32377858675e-10, 2.00810992834e-10, 1.05648809146e-10, 1.22941296032e-10, 4.14022774398e-11, 1.28691172302e-11, 3.37681722862e-11, 1.12689189577e-11, 1.21029696681e-11, 2.0959567415e-11, 3.29713144807e-12, 7.23278338263e-12, 4.58962251884e-12, 3.96781175624e-12, 8.24024702639e-12, 1.175408295e-11, 2.80316863471e-11, 1.35404396029e-11, 2.30276405583e-11, 1.76788375605e-11, 8.58140294935e-12],
        "max": [0.0193750634789, 0.0173788648099, 0.00914899073541, 0.0177126545459, 0.0107574937865, 0.00451594125479, 0.00829023960978, 0.00418308982626, 0.0116603691131, 0.0258560422808, 0.00305078923702, 0.00205033249222, 0.000854549347423, 0.0010839223396, 0.00113942311145, 0.000575300829951, 0.000188530160813, 0.000156947615324, 0.000147848870256, 0.000157183647389, 0.000122820056276, 0.000135946043883, 0.000116612682177, 9.48119632085e-05, 6.2981431256e-05, 9.30268142838e-05, 3.74073060811e-05, 5.04261479364e-05, 5.8295288909e-05, 2.84710858978e-05, 4.20753021899e-05, 2.49014810834e-05, 2.95738100249e-05, 3.90796121792e-05, 4.73826112284e-05, 6.81229503243e-05, 4.76747954963e-05, 5.98607439315e-05, 4.76198874821e-05, 3.08582530124e-05],
        "mean": [0.000296966143651, 0.000177974317921, 0.000224480056204, 0.00121443369426, 0.000816306855995, 0.000202380877454, 0.00031711650081, 0.000352648581611, 0.000523543916643, 0.000759219925385, 0.000148937659105, 9.60350516834e-05, 3.11767835228e-05, 1.76290759555e-05, 1.40909223774e-05, 5.37534606337e-06, 4.67944346383e-06, 4.58825843452e-06, 4.11051860283e-06, 5.35881463293e-06, 2.52229710895e-06, 2.72958732239e-06, 2.49764298133e-06, 1.7344615344e-06, 1.20880076793e-06, 1.14043473332e-06, 6.71984480505e-07, 5.45396062535e-07, 4.77715275338e-07, 3.25115820488e-07, 3.46396404893e-07, 2.90120254931e-07, 3.77778349048e-07, 4.38250566503e-07, 5.88987290939e-07, 6.56098279705e-07, 4.98051576869e-07, 5.19497064033e-07, 5.13286011028e-07, 3.84746385862e-07],
        "median": [5.15220051511e-07, 4.06802519137e-06, 5.97598045715e-05, 0.000397006049752, 0.000406928244047, 7.09053856554e-05, 0.000103083235445, 0.000110397624667, 0.000137118942803, 0.000130851753056, 4.33276509284e-05, 1.86793076864e-05, 7.20174693924e-06, 2.9876860026e-06, 2.8423232834e-06, 6.66574408115e-07, 3.98078555008e-07, 7.25420704839e-07, 4.8195920499e-07, 1.04113973975e-06, 3.67126432366e-07, 5.43041323908e-07, 3.26000815676e-07, 2.05795075203e-07, 1.50732986981e-07, 1.39006090194e-07, 4.73577692617e-08, 2.55454626341e-08, 1.60874833455e-08, 6.88921630854e-09, 4.56207382982e-09, 2.70109357103e-09, 1.25858312661e-09, 3.99309640908e-10, 1.60729471399e-10, 6.35110852798e-11, 5.29926172388e-11, 4.98652993897e-11, 4.1538099349e-11, 3.5979486751e-11],
        "min": [8.43376124152e-25, 6.19989549848e-25, 9.09239896066e-25, 8.33760895794e-25, 1.07981252859e-24, 1.25976737968e-24, 1.17220579135e-24, 1.37565923109e-24, 1.78777969228e-24, 9.14124325576e-25, 2.23739254294e-24, 1.99010160966e-24, 2.16212850726e-24, 2.73583608084e-24, 1.9920631123e-24, 2.11605035293e-24, 3.96785123527e-24, 3.79659505477e-24, 3.04038293305e-24, 2.35369016467e-24, 3.91872807784e-24, 2.7734787483e-24, 4.14698853064e-24, 4.62722180619e-24, 2.65997625796e-24, 5.05941148045e-24, 4.17175245217e-24, 4.5873847249e-24, 4.50700098195e-24, 4.63259513224e-24, 4.51886702769e-24, 6.13887769911e-24, 5.11749530891e-24, 4.5836518351e-24, 4.33341371748e-24, 5.93542771064e-24, 6.29795110621e-24, 5.56242942553e-24, 6.63116161384e-24, 6.67169565374e-24],
        "var": [3.31225169248e-06, 1.4033204252e-06, 2.80975655187e-07, 3.6547705804e-06, 1.29301770357e-06, 1.20191657516e-07, 3.7366484662e-07, 3.00643563378e-07, 7.69841392412e-07, 2.73057821687e-06, 6.52253930866e-08, 3.57073659529e-08, 3.49020390367e-09, 1.44767775545e-09, 9.69447744303e-10, 2.32354191443e-10, 1.32349173287e-10, 1.07970729579e-10, 1.2271879346e-10, 1.61510471663e-10, 6.14796408227e-11, 6.17704290495e-11, 6.50965809035e-11, 3.14516260258e-11, 1.44184924417e-11, 1.73034486045e-11, 5.70798139657e-12, 7.16840736076e-12, 9.74704258278e-12, 3.53849610203e-12, 4.90403551101e-12, 2.4526333655e-12, 4.03880921762e-12, 5.54481634218e-12, 1.10921584418e-11, 1.35157588246e-11, 7.68947058805e-12, 1.09578674259e-11, 8.21415591795e-12, 3.81981295552e-12]
    },
    "mfcc": {
        "mean": [-806.28302002, 184.954528809, 5.02662611008, -7.99772977829, -20.3181381226, -37.3426856995, -23.1158313751, -7.74903583527, -7.48624610901, -9.48872184753, -15.8894271851, -18.0026550293, -13.1512756348],
        "cov": [[12286.9589844, -617.609313965, -1982.11584473, 230.703552246, -172.563598633, 185.776870728, 525.337768555, 295.397583008, -41.9091720581, 62.7621803284, 288.75894165, 274.489105225, -16.9357872009], [-617.609313965, 2706.42944336, -787.906555176, 371.165283203, -114.940200806, -407.499786377, 65.1771850586, -119.527763367, 31.268705368, -53.4570350647, -31.41198349, -16.8610153198, 40.929107666], [-1982.11584473, -787.906555176, 1747.17492676, -373.048248291, 227.376098633, 192.587936401, -218.409133911, 62.0481185913, 17.3537712097, 28.9910621643, -29.336435318, -17.6091136932, 67.748046875], [230.703552246, 371.165283203, -373.048248291, 464.164672852, -29.8209781647, -18.9735164642, 142.461669922, 3.44754648209, 84.8892364502, 15.1884374619, 12.0794553757, 11.4085693359, 42.4594955444], [-172.563598633, -114.940200806, 227.376098633, -29.8209781647, 327.069976807, 163.099227905, 29.883310318, 67.3448486328, 26.1806983948, 26.7946739197, -21.5232810974, -22.2164402008, 26.9789123535], [185.776870728, -407.499786377, 192.587936401, -18.9735164642, 163.099227905, 386.353027344, 66.1653289795, 20.2032775879, 25.7334632874, 20.2362689972, 32.8599739075, 26.627822876, -6.19811677933], [525.337768555, 65.1771850586, -218.409133911, 142.461669922, 29.883310318, 66.1653289795, 207.876663208, 66.298576355, 35.7134208679, 2.74007773399, 56.7113075256, 61.9260215759, 22.2298088074], [295.397583008, -119.527763367, 62.0481185913, 3.44754648209, 67.3448486328, 20.2032775879, 66.298576355, 163.622039795, 58.6631584167, 23.9925804138, 14.8528213501, 10.9753885269, 26.2398529053], [-41.9091720581, 31.268705368, 17.3537712097, 84.8892364502, 26.1806983948, 25.7334632874, 35.7134208679, 58.6631584167, 153.234558105, 63.8483085632, 13.5375061035, 0.259243577719, 41.6705169678], [62.7621803284, -53.4570350647, 28.9910621643, 15.1884374619, 26.7946739197, 20.2362689972, 2.74007773399, 23.9925804138, 63.8483085632, 108.135894775, 53.8014717102, 8.79716873169, 15.5379142761], [288.75894165, -31.41198349, -29.336435318, 12.0794553757, -21.5232810974, 32.8599739075, 56.7113075256, 14.8528213501, 13.5375061035, 53.8014717102, 152.235107422, 90.9390106201, 1.98366749287], [274.489105225, -16.8610153198, -17.6091136932, 11.4085693359, -22.2164402008, 26.627822876, 61.9260215759, 10.9753885269, 0.259243577719, 8.79716873169, 90.9390106201, 130.815368652, 33.2273750305], [-16.9357872009, 40.929107666, 67.748046875, 42.4594955444, 26.9789123535, -6.19811677933, 22.2298088074, 26.2398529053, 41.6705169678, 15.5379142761, 1.98366749287, 33.2273750305, 97.833732605]],
