{
"lowlevel": {
    "average_loudness": 0.946949064732,
    "barkbands_crest": {
        "dmean": 2.74722194672,
        "dmean2": 4.52472448349,
        "dvar": 5.97635602951,
        "dvar2": 16.106924057,
        "max": 25.882932663,
        "mean": 11.5221471786,
        "median": 11.0658912659,
        "min": 2.59905910492,
        "var": 15.5384874344
    },
    "barkbands_flatness_db": {
        "dmean": 0.0261669959873,
        "dmean2": 0.040306661278,
        "dvar": 0.000728138023987,
        "dvar2": 0.00165182852652,
        "max": 0.583603858948,
        "mean": 0.160846233368,
        "median": 0.148238673806,
        "min": 0.0295839942992,
        "var": 0.00510656321421
    },
    "barkbands_kurtosis": {
        "dmean": 4.37346696854,
        "dmean2": 7.0929813385,
        "dvar": 55.221572876,
        "dvar2": 148.01574707,
        "max": 271.770233154,
        "mean": 8.0633020401,
        "median": 5.1807346344,
        "min": -1.89427959919,
        "var": 106.132240295
    },
    "barkbands_skewness": {
        "dmean": 0.614295125008,
        "dmean2": 0.972024977207,
        "dvar": 0.438305526972,
        "dvar2": 1.10693216324,
        "max": 12.2801990509,
        "mean": 2.27572274208,
        "median": 2.2192940712,
        "min": -9.71340847015,
        "var": 1.54105722904
    },
    "barkbands_spread": {
        "dmean": 5.56321620941,
        "dmean2": 8.77770328522,
        "dvar": 58.9749412537,
        "dvar2": 133.835845947,
        "max": 113.938034058,
        "mean": 17.2536621094,
        "median": 15.3892965317,
        "min": 0.138004660606,
        "var": 128.831329346
    },
    "dissonance": {
        "dmean": 0.0157000403851,
        "dmean2": 0.0258536748588,
        "dvar": 0.0002642935724,
        "dvar2": 0.000670186302159,
        "max": 0.500000059605,
        "mean": 0.461360394955,
        "median": 0.468328744173,
        "min": 0.169469386339,
        "var": 0.0009920935845
    },
    "dynamic_complexity": 2.68215370178,
    "erbbands_crest": {
        "dmean": 2.02220344543,
        "dmean2": 3.17902064323,
        "dvar": 3.91340923309,
        "dvar2": 9.01192092896,
        "max": 27.7862110138,
        "mean": 8.14005565643,
        "median": 7.2319021225,
        "min": 2.33020114899,
        "var": 13.2682609558
    },
    "erbbands_flatness_db": {
        "dmean": 0.0164713468403,
        "dmean2": 0.0234505236149,
        "dvar": 0.000330307055265,
        "dvar2": 0.000659787154291,
        "max": 0.456175208092,
        "mean": 0.13773059845,
        "median": 0.132474601269,
        "min": 0.0388130061328,
        "var": 0.00223230477422
    },
    "erbbands_kurtosis": {
        "dmean": 0.641744911671,
        "dmean2": 1.00440490246,
        "dvar": 1.38894021511,
        "dvar2": 3.06937766075,
        "max": 37.3497505188,
        "mean": -0.0961750671268,
        "median": -0.678411364555,
        "min": -1.76224029064,
        "var": 4.66603708267
    },
    "erbbands_skewness": {
        "dmean": 0.328399896622,
        "dmean2": 0.501693189144,
        "dvar": 0.115626677871,
        "dvar2": 0.264565557241,
        "max": 5.42918109894,
        "mean": 0.305237233639,
        "median": 0.254750937223,
        "min": -2.37575483322,
        "var": 0.545273423195
    },
    "erbbands_spread": {
        "dmean": 8.61082744598,
        "dmean2": 12.9999990463,
        "dvar": 94.5147323608,
        "dvar2": 201.720275879,
        "max": 151.659133911,
        "mean": 47.5585441589,
        "median": 46.4243545532,
        "min": 1.7496355772,
        "var": 296.217651367
    },
    "hfc": {
        "dmean": 4.48117780685,
        "dmean2": 6.68641519547,
        "dvar": 40.1913108826,
        "dvar2": 97.1050796509,
        "max": 89.7307434082,
        "mean": 17.8920898438,
        "median": 16.8554763794,
        "min": 1.05519758061e-16,
        "var": 125.220695496
    },
    "melbands_crest": {
        "dmean": 3.48436951637,
        "dmean2": 5.71646642685,
        "dvar": 9.9562253952,
        "dvar2": 25.8087177277,
        "max": 31.5641937256,
        "mean": 16.1168498993,
        "median": 15.5483531952,
        "min": 1.57102191448,
        "var": 27.5836467743
    },
    "melbands_flatness_db": {
        "dmean": 0.0309208873659,
        "dmean2": 0.0478606149554,
        "dvar": 0.00102010532282,
        "dvar2": 0.00232948246412,
        "max": 0.735907375813,
        "mean": 0.243588879704,
        "median": 0.231241241097,
        "min": 0.00327589572407,
        "var": 0.0078553520143
    },
    "melbands_kurtosis": {
        "dmean": 10.6542263031,
        "dmean2": 17.098903656,
        "dvar": 211.983306885,
        "dvar2": 546.771728516,
        "max": 331.025543213,
        "mean": 23.3404064178,
        "median": 17.9233093262,
        "min": -1.67646420002,
        "var": 437.248413086
    },
    "melbands_skewness": {
        "dmean": 0.866447806358,
        "dmean2": 1.3627332449,
        "dvar": 0.815134644508,
        "dvar2": 2.0339641571,
        "max": 13.5679855347,
        "mean": 3.71561670303,
        "median": 3.579246521,
        "min": -1.13238370419,
        "var": 2.31731319427
    },
    "melbands_spread": {
        "dmean": 4.93413496017,
        "dmean2": 7.84176301956,
        "dvar": 41.5082702637,
        "dvar2": 99.2353668213,
        "max": 239.362503052,
        "mean": 14.9755983353,
        "median": 11.3593530655,
        "min": 0.32636898756,
        "var": 279.305511475
    },
    "pitch_salience": {
        "dmean": 0.0840820968151,
        "dmean2": 0.137473940849,
        "dvar": 0.00559845613316,
        "dvar2": 0.0146635295823,
        "max": 0.875599265099,
        "mean": 0.519544482231,
        "median": 0.52421271801,
        "min": 0.0608111582696,
        "var": 0.0151194240898
    },
    "silence_rate_20dB": {
        "dmean": 0,
        "dmean2": 0,
        "dvar": 0,
        "dvar2": 0,
        "max": 1,
        "mean": 1,
        "median": 1,
        "min": 1,
        "var": 0
    },
    "silence_rate_30dB": {
        "dmean": 0.0297456663102,
        "dmean2": 0.0594965666533,
        "dvar": 0.0288610830903,
        "dvar2": 0.0767276883125,
        "max": 1,
        "mean": 0.980024635792,
        "median": 1,
        "min": 0,
        "var": 0.0195749122649
    },
    "silence_rate_60dB": {
        "dmean": 0.0098565518856,
        "dmean2": 0.0197148397565,
        "dvar": 0.00976123474538,
        "dvar2": 0.0233699064702,
        "max": 1,
        "mean": 0.0315909907222,
        "median": 0,
        "min": 0,
        "var": 0.0305873788893
    },
    "spectral_centroid": {
        "dmean": 245.362518311,
        "dmean2": 387.419769287,
        "dvar": 86625.3359375,
        "dvar2": 199387.8125,
        "max": 11773.3574219,
        "mean": 1096.98339844,
        "median": 965.326293945,
        "min": 99.5542678833,
        "var": 1034280.8125
    },
    "spectral_complexity": {
        "dmean": 3.06873178482,
        "dmean2": 4.86393260956,
        "dvar": 11.1511392593,
        "dvar2": 25.363904953,
        "max": 53,
        "mean": 18.0662612915,
        "median": 19,
        "min": 0,
        "var": 67.2759399414
    },
    "spectral_decrease": {
        "dmean": 3.79867515221e-09,
        "dmean2": 6.07351058335e-09,
        "dvar": 2.77777109688e-17,
        "dvar2": 7.19652096005e-17,
        "max": 8.62375307967e-16,
        "mean": -1.09885194277e-08,
        "median": -1.03731991885e-08,
        "min": -4.73722252536e-08,
        "var": 5.44407596663e-17
    },
    "spectral_energy": {
        "dmean": 0.0145789347589,
        "dmean2": 0.0232517383993,
        "dvar": 0.00040637809434,
        "dvar2": 0.00105018995237,
        "max": 0.182091966271,
        "mean": 0.043095972389,
        "median": 0.0408623963594,
        "min": 1.01898077449e-20,
        "var": 0.000813404796645
    },
    "spectral_energyband_high": {
        "dmean": 0.000287798058707,
        "dmean2": 0.0004339357547,
        "dvar": 2.42514403226e-07,
        "dvar2": 5.85482609949e-07,
        "max": 0.010236762464,
        "mean": 0.000638017605525,
        "median": 0.000418207724579,
        "min": 6.93615258212e-21,
        "var": 5.32193723757e-07
    },
    "spectral_energyband_low": {
        "dmean": 0.0116964317858,
        "dmean2": 0.018932139501,
        "dvar": 0.000321589264786,
        "dvar2": 0.000853663135786,
        "max": 0.157949209213,
        "mean": 0.0229346640408,
        "median": 0.0180670749396,
        "min": 8.23342962021e-24,
        "var": 0.000466909375973
    },
    "spectral_energyband_middle_high": {
        "dmean": 0.00100426946301,
        "dmean2": 0.0015893826494,
        "dvar": 2.35820357375e-06,
        "dvar2": 6.06415733273e-06,
        "max": 0.0323422886431,
        "mean": 0.00363328261301,
        "median": 0.00349719170481,
        "min": 1.21286165109e-21,
        "var": 6.86250859872e-06
    },
    "spectral_energyband_middle_low": {
        "dmean": 0.00791996251792,
        "dmean2": 0.0132135283202,
        "dvar": 0.000150435749674,
        "dvar2": 0.00039547754568,
        "max": 0.128905877471,
        "mean": 0.017293965444,
        "median": 0.0137306675315,
        "min": 1.09512548627e-22,
        "var": 0.000223187904339
    },
    "spectral_entropy": {
        "dmean": 0.206845760345,
        "dmean2": 0.308200120926,
        "dvar": 0.0517864152789,
        "dvar2": 0.108324244618,
        "max": 9.82062911987,
        "mean": 7.37787723541,
        "median": 7.4495472908,
        "min": 3.88477945328,
        "var": 0.376083344221
    },
    "spectral_flux": {
        "dmean": 0.0325979068875,
        "dmean2": 0.0499457791448,
        "dvar": 0.00139131455217,
        "dvar2": 0.00291648926213,
        "max": 0.363075047731,
        "mean": 0.0937960147858,
        "median": 0.0811127722263,
        "min": 6.40971303811e-11,
        "var": 0.00342311197892
    },
    "spectral_kurtosis": {
        "dmean": 2.53272724152,
        "dmean2": 4.13273668289,
        "dvar": 82.4253845215,
        "dvar2": 188.048583984,
        "max": 328.815612793,
        "mean": 7.4031624794,
        "median": 3.64419221878,
        "min": -1.2582423687,
        "var": 426.112457275
    },
    "spectral_rms": {
        "dmean": 0.00100733176805,
        "dmean2": 0.00157080416102,
        "dvar": 1.41293708111e-06,
        "dvar2": 3.48224307345e-06,
        "max": 0.0133285671473,
        "mean": 0.00606886437163,
        "median": 0.00631393305957,
        "min": 3.15297874615e-12,
        "var": 5.21384663443e-06
    },
    "spectral_rolloff": {
        "dmean": 373.909362793,
        "dmean2": 637.447875977,
        "dvar": 637571.1875,
        "dvar2": 1484530.75,
        "max": 19702.8808594,
        "mean": 983.99029541,
        "median": 452.197265625,
        "min": 86.1328125,
        "var": 4631009
    },
    "spectral_skewness": {
        "dmean": 0.254193782806,
        "dmean2": 0.40482160449,
        "dvar": 0.227057695389,
        "dvar2": 0.528048217297,
        "max": 14.1714143753,
        "mean": 1.73071777821,
        "median": 1.48420858383,
        "min": -0.0778532624245,
        "var": 1.67579710484
    },
    "spectral_spread": {
        "dmean": 586743.0625,
        "dmean2": 837425.0625,
        "dvar": 687546040320,
        "dvar2": 1.28336488038e+12,
        "max": 42502768,
        "mean": 4854188,
        "median": 4339475,
        "min": 262628.5625,
        "var": 1.26455864361e+13
    },
    "spectral_strongpeak": {
        "dmean": 0.308346509933,
        "dmean2": 0.537475764751,
        "dvar": 0.36580452323,
        "dvar2": 0.993079602718,
        "max": 9.39551925659,
        "mean": 0.63642346859,
        "median": 0.508140802383,
        "min": 0,
        "var": 0.434454202652
    },
    "zerocrossingrate": {
        "dmean": 0.00929307099432,
        "dmean2": 0.0116737550125,
        "dvar": 0.000142871169373,
        "dvar2": 0.000196609267732,
        "max": 0.72314453125,
        "mean": 0.0476697683334,
        "median": 0.03857421875,
        "min": 0.0029296875,
        "var": 0.00360175594687
    },
    "barkbands": {
        "dmean": [4.69745391456e-05, 0.0063531822525, 0.00653496943414, 0.00238475506194, 0.00528242159635, 0.00164573523216, 0.000780678470619, 0.000663975719362, 0.000347002147464, 0.000276066624792, 0.000184122720384, 0.00021469128842, 0.000186024844879, 0.000132770306664, 0.000221098132897, 0.000192976251128, 0.00025876329164, 7.56235094741e-05, 0.000100684868812, 8.21378343971e-05, 9.9860066257e-05, 7.04343328835e-05, 4.18629315391e-05, 3.02273165289e-05, 2.91199830826e-05, 2.31778485613e-05, 8.3976856331e-06],
        "dmean2": [7.96970998636e-05, 0.0102419182658, 0.010794211179, 0.00417405413464, 0.00892110355198, 0.00273238006048, 0.00118470436428, 0.00109562615398, 0.000577592465561, 0.000437983981101, 0.00029616674874, 0.000341440289048, 0.000290733209113, 0.000220075497054, 0.00035171105992, 0.000302483473206, 0.000401230267016, 0.000124116442748, 0.000158955794177, 0.000135337118991, 0.00015826561139, 0.000110140506877, 6.53413153486e-05, 4.68277321488e-05, 4.45313635282e-05, 3.57785102096e-05, 1.3228140233e-05],
        "dvar": [1.09974980234e-08, 7.70021433709e-05, 0.000143119075801, 2.01039310923e-05, 7.18107257853e-05, 8.45836075314e-06, 1.55983639161e-06, 2.15245268009e-06, 8.28285237731e-07, 3.51376172603e-07, 2.2201692218e-07, 2.0592420924e-07, 9.41434521451e-08, 7.74395374492e-08, 1.0480114554e-07, 1.09597756648e-07, 2.19457092498e-07, 1.14051168509e-08, 3.84908283024e-08, 3.19857278441e-08, 4.0747650587e-08, 1.89414812723e-08, 7.76289077464e-09, 4.00071353823e-09, 4.31812496871e-09, 3.20957771471e-09, 5.90676174639e-10],
        "dvar2": [2.93085378189e-08, 0.000195818764041, 0.000385932537029, 5.59455475013e-05, 0.000191723331227, 2.30958048633e-05, 3.26112353832e-06, 5.82712391406e-06, 2.14995998249e-06, 9.10560345346e-07, 5.87763167914e-07, 4.93498873766e-07, 2.19414317826e-07, 2.13973365248e-07, 2.55882014244e-07, 2.42158620267e-07, 4.44372375341e-07, 2.98618054728e-08, 8.66055174242e-08, 8.89283313654e-08, 1.00179669005e-07, 4.84653632782e-08, 1.98712744037e-08, 9.84710357699e-09, 9.9701829015e-09, 7.26159221642e-09, 1.39512901232e-09],
        "max": [0.00151200953405, 0.0930538475513, 0.109499916434, 0.0545062534511, 0.109776489437, 0.0495872609317, 0.0199170317501, 0.0211076494306, 0.0222517922521, 0.0230787675828, 0.014440539293, 0.00892149377614, 0.00543435988948, 0.0116771608591, 0.00609617866576, 0.00660261511803, 0.009969224222, 0.00214170478284, 0.00416449410841, 0.00628583179787, 0.00635002925992, 0.00314791221172, 0.00260498467833, 0.00157548452262, 0.00134223431814, 0.000708514882717, 0.000296946411254],
        "mean": [5.71281925659e-05, 0.0125839021057, 0.00896802358329, 0.00273778289557, 0.00820250064135, 0.00278339162469, 0.00171830342151, 0.00111550698057, 0.000567564798985, 0.000457619113149, 0.000310680276016, 0.000370031426428, 0.000358821096597, 0.00025218076189, 0.000462045252789, 0.00041586975567, 0.000635184755083, 0.000159027593327, 0.000222496775677, 0.000166574216564, 0.000211645252421, 0.00013807049254, 7.57723319111e-05, 4.89000267407e-05, 4.00960198021e-05, 2.85736605292e-05, 8.27653184388e-06],
        "median": [1.78037553269e-05, 0.00771573465317, 0.00303305406123, 0.00129158212803, 0.00492023024708, 0.00166612840258, 0.000843064568471, 0.000370855850633, 0.000228093762416, 0.00022454149439, 0.000135649199365, 0.000149281288031, 0.000195413798792, 0.000147366721649, 0.000314057047945, 0.000219234585529, 0.000301073072478, 0.000122687837575, 0.000130277941935, 0.00010598510562, 0.000140696763992, 8.17896434455e-05, 3.84623199352e-05, 2.09421741602e-05, 1.36345715873e-05, 7.67592155171e-06, 8.88788576958e-07],
        "min": [2.63034772705e-25, 2.13130021752e-24, 1.47986243186e-24, 1.60402006644e-24, 9.76207008285e-24, 9.83359531227e-24, 1.06485667246e-23, 5.61897497522e-24, 1.1442802928e-23, 1.29636139462e-23, 1.80872568481e-23, 2.18692185331e-23, 2.42782814085e-23, 1.26201368083e-23, 5.44401809044e-23, 6.09863254008e-23, 5.21567599054e-23, 7.07942898334e-23, 1.21152904414e-22, 1.8633247991e-22, 2.12658093604e-22, 2.45739108193e-22, 3.8333947218e-22, 6.19287869906e-22, 9.01507011312e-22, 1.35016777627e-21, 1.90359724641e-21],
        "var": [1.06910418296e-08, 0.000167734135175, 0.000181344890734, 1.92769803107e-05, 9.60808756645e-05, 1.28715419123e-05, 5.56558825338e-06, 3.36345237884e-06, 1.44736543461e-06, 4.93275990721e-07, 2.97966522567e-07, 4.0770910914e-07, 2.27670838626e-07, 1.04751364916e-07, 2.68727660568e-07, 3.43588794749e-07, 9.00674422155e-07, 2.44066686861e-08, 1.04724861671e-07, 4.90162186395e-08, 8.05586424235e-08, 3.47641169185e-08, 1.3113925057e-08, 6.80856304669e-09, 5.95707705386e-09, 4.00992528071e-09, 6.22178086829e-10]
    },
    "erbbands": {
        "dmean": [0.11107455194, 1.73508179188, 6.9933590889, 6.7477312088, 14.645485878, 19.0493850708, 14.0232906342, 12.0663776398, 12.3914365768, 11.3292188644, 13.1088829041, 8.38220024109, 7.63265275955, 8.71680736542, 7.54627799988, 9.60350990295, 8.65592575073, 6.49046373367, 8.31270122528, 13.2275714874, 9.40348434448, 12.7281074524, 4.63049077988, 4.62780380249, 5.01179552078, 3.91601276398, 3.79881691933, 3.73701524734, 2.61080503464, 2.02513480186, 1.0255317688, 0.795271217823, 0.443459182978, 0.309704005718, 0.22031326592, 0.103240557015, 0.0425492376089, 0.0111039374024, 0.00130901392549, 8.94100594451e-05],
        "dmean2": [0.172487601638, 2.81832146645, 11.5251598358, 11.4640283585, 25.2635269165, 32.1259117126, 23.3501548767, 19.9943370819, 18.5816650391, 18.4284229279, 21.9038085938, 13.8929643631, 12.2713365555, 14.1348848343, 12.1138124466, 15.1181116104, 13.4610033035, 10.6265363693, 13.322052002, 20.7335147858, 14.8731393814, 19.7112960815, 7.44879198074, 7.28720331192, 8.13571548462, 6.43518781662, 6.11775255203, 5.88281583786, 4.09833717346, 3.17593193054, 1.59577775002, 1.24719452858, 0.686687409878, 0.477527976036, 0.340705871582, 0.160266175866, 0.0661798641086, 0.0171948708594, 0.00205487525091, 0.000140084463055],
        "dvar": [0.0296089798212, 5.733066082, 143.960327148, 178.019165039, 543.377380371, 933.433532715, 665.85736084, 463.233123779, 378.020294189, 419.777313232, 1022.95373535, 470.835113525, 400.457366943, 389.330505371, 383.882415771, 397.371734619, 205.996673584, 122.597969055, 245.505233765, 407.517456055, 201.464813232, 778.293762207, 42.3029670715, 60.1319618225, 125.406715393, 73.7066955566, 52.4348754883, 64.129524231, 27.9796657562, 16.6339683533, 4.42723894119, 3.22668790817, 0.877050936222, 0.525045514107, 0.272291451693, 0.0603444166481, 0.0113336797804, 0.000890257128049, 1.39377607411e-05, 5.66316700201e-08],
        "dvar2": [0.0691522806883, 15.0161857605, 384.708312988, 480.992156982, 1479.61999512, 2500.68359375, 1763.99438477, 1256.74902344, 802.520690918, 1071.00012207, 2807.74511719, 1210.16955566, 1064.74768066, 1017.37634277, 1022.85717773, 917.091552734, 474.249786377, 319.423858643, 637.870117188, 967.561950684, 478.452423096, 1507.52612305, 102.14377594, 122.522674561, 316.408172607, 206.082702637, 132.782989502, 157.792526245, 73.0025558472, 41.8087768555, 11.358877182, 8.25996780396, 2.17856740952, 1.29344403744, 0.627897083759, 0.138618320227, 0.0256475284696, 0.00203468999825, 3.29963040713e-05, 1.34105405891e-07],
        "max": [2.10230326653, 25.2605304718, 108.651901245, 156.946731567, 273.926422119, 424.908660889, 612.273803711, 345.134643555, 307.71484375, 402.928588867, 458.672088623, 564.96697998, 896.560180664, 437.74206543, 723.776855469, 441.338195801, 240.375549316, 326.891906738, 436.981872559, 372.371398926, 312.839324951, 647.595581055, 106.15196991, 197.757003784, 295.349212646, 315.697845459, 267.766784668, 245.087249756, 116.318527222, 115.045211792, 57.5526618958, 54.7854652405, 22.8647212982, 24.2949295044, 8.04985523224, 2.88292574883, 1.3612793684, 0.360744357109, 0.04336925596, 0.00325516867451],
        "mean": [0.226326957345, 3.36687135696, 10.6433601379, 9.28376293182, 20.0173416138, 28.6895484924, 22.920955658, 20.3797111511, 26.9357643127, 23.1396808624, 21.0675182343, 14.8784580231, 12.6457538605, 13.6969871521, 14.0975189209, 18.2819366455, 17.8508358002, 13.8203878403, 17.3239555359, 28.3662586212, 24.7611637115, 32.2215423584, 11.4360046387, 11.0607614517, 10.2984228134, 8.4857673645, 8.41576290131, 7.52423620224, 5.20810270309, 3.60229611397, 1.9020113945, 1.29886889458, 0.674792230129, 0.439399123192, 0.288634687662, 0.134871304035, 0.0500416792929, 0.0122107360512, 0.0013195410138, 0.00012207099644],
        "median": [0.104389049113, 2.15290522575, 5.02632808685, 5.13644599915, 11.1941604614, 15.797712326, 12.3616428375, 11.9557647705, 13.5976200104, 11.6316823959, 8.22092723846, 6.60529136658, 6.01017951965, 7.08668804169, 7.38648605347, 8.61829376221, 10.4016132355, 8.95604896545, 11.1499462128, 17.6968994141, 18.1902770996, 13.9555473328, 9.54012107849, 7.68031787872, 6.30995416641, 5.34095525742, 5.82936477661, 4.71479034424, 3.15282773972, 1.88962650299, 0.975704312325, 0.554590165615, 0.275798350573, 0.158135712147, 0.0873367786407, 0.0422304868698, 0.011553844437, 0.00205964362249, 0.000174825370777, 6.00303901592e-05],
        "min": [6.55528581654e-23, 3.79116781796e-22, 2.54492475404e-21, 6.27633064077e-21, 1.65920620936e-20, 2.5528250963e-20, 5.57720001042e-20, 4.42910466259e-20, 9.08214908897e-20, 8.107181674e-20, 2.74812612246e-19, 2.44223860935e-19, 3.99716341904e-19, 5.44520744631e-19, 9.08672688743e-19, 1.54891803088e-18, 1.23508612007e-18, 1.83679570241e-18, 2.55384817654e-18, 3.12795991172e-18, 4.25998925363e-18, 4.27846143748e-18, 4.2078913507e-18, 4.47407848541e-18, 7.57437789104e-18, 8.96868180337e-18, 8.88636492471e-18, 8.12023024136e-18, 8.33336242517e-18, 1.1356762158e-17, 1.05514737075e-17, 1.10767482857e-17, 1.08771777281e-17, 8.24176540722e-18, 6.2120656025e-18, 3.647548864e-18, 2.36547164731e-18, 1.01902912901e-18, 2.33055190756e-19, 2.62567418199e-20],
        "var": [0.0764978006482, 11.4185857773, 199.921798706, 177.826873779, 634.986083984, 1325.40112305, 1226.63378906, 674.363891602, 1311.8190918, 1002.65698242, 1286.22949219, 972.110168457, 487.466125488, 460.459564209, 556.220581055, 900.030639648, 520.685913086, 238.897567749, 451.47756958, 1144.56103516, 640.011535645, 3263.89624023, 111.756492615, 212.982727051, 232.842376709, 123.086425781, 120.933395386, 117.565063477, 49.7296943665, 28.4296264648, 7.83643388748, 4.94563484192, 1.3173738718, 0.673843383789, 0.362713724375, 0.0757065191865, 0.0138208102435, 0.00105305679608, 1.47171595017e-05, 5.81713663905e-08]
    },
    "gfcc": {
        "mean": [-0.832860767841, 105.076660156, -95.0070419312, 42.0114402771, -44.2051391602, 7.79854679108, -35.6814651489, -0.524344086647, -19.5787734985, 4.23271799088, -17.5535068512, 2.38553857803, -9.83067035675],
        "cov": [[19400.0429688, -3.60966777802, -2105.54907227, 1103.87304688, -759.900634766, 158.545043945, -514.94140625, 235.274932861, -246.605667114, 200.133926392, -418.878997803, 132.519134521, -236.007080078], [-3.60966777802, 1553.90429688, -15.7341098785, -68.860244751, 70.4430084229, -85.0825958252, 91.7403488159, -118.055534363, 83.6438140869, -123.033905029, 86.0817718506, -76.3381118774, 128.602996826], [-2105.54907227, -15.7341098785, 775.155151367, -141.633255005, 129.938049316, 52.218082428, 100.135673523, -53.4220542908, -4.09663915634, -16.8658618927, 81.298614502, -28.4137134552, 32.2938690186], [1103.87304688, -68.860244751, -141.633255005, 301.789459229, -40.5846405029, 37.5528068542, -11.7105073929, 16.3326854706, 13.0063524246, 24.598783493, -5.83006954193, -1.58535003662, -6.85510730743], [-759.900634766, 70.4430084229, 129.938049316, -40.5846405029, 224.446777344, 9.89636898041, 38.5101280212, 14.3060560226, 23.3462963104, 4.09470796585, 10.2288103104, 10.0152521133, 8.35367298126], [158.545043945, -85.0825958252, 52.218082428, 37.5528068542, 9.89636898041, 105.373352051, 28.6341876984, 10.7922496796, -6.06315469742, 10.9185752869, 10.3049106598, 3.39644765854, 0.772452175617], [-514.94140625, 91.7403488159, 100.135673523, -11.7105073929, 38.5101280212, 28.6341876984, 113.944480896, 8.8289680481, 23.9721164703, -9.43465614319, 22.6261901855, -14.1012029648, 22.9995136261], [235.274932861, -118.055534363, -53.4220542908, 16.3326854706, 14.3060560226, 10.7922496796, 8.8289680481, 84.6656723022, 20.6792430878, 28.4299373627, -13.9646759033, 17.7620792389, -15.1244440079], [-246.605667114, 83.6438140869, -4.09663915634, 13.0063524246, 23.3462963104, -6.06315469742, 23.9721164703, 20.6792430878, 84.7188491821, 19.0287895203, 22.9882354736, -0.398447304964, 15.9944391251], [200.133926392, -123.033905029, -16.8658618927, 24.598783493, 4.09470796585, 10.9185752869, -9.43465614319, 28.4299373627, 19.0287895203, 84.4039840698, 13.0733013153, 22.3757553101, -16.3557224274], [-418.878997803, 86.0817718506, 81.298614502, -5.83006954193, 10.2288103104, 10.3049106598, 22.6261901855, -13.9646759033, 22.9882354736, 13.0733013153, 79.433052063, 12.1850576401, 23.1727981567], [132.519134521, -76.3381118774, -28.4137134552, -1.58535003662, 10.0152521133, 3.39644765854, -14.1012029648, 17.7620792389, -0.398447304964, 22.3757553101, 12.1850576401, 70.1031112671, 11.6718559265], [-236.007080078, 128.602996826, 32.2938690186, -6.85510730743, 8.35367298126, 0.772452175617, 22.9995136261, -15.1244440079, 15.9944391251, -16.3557224274, 23.1727981567, 11.6718559265, 71.6876907349]],
        "icov": [[0.000146308215335, -0.000232119928114, 0.00012688683637, -0.000366216816474, 0.00034637801582, -0.000417597417254, 0.00037054673885, -0.000377419259166, 0.000454753899248, -0.000406010774896, 0.000626406748779, -0.000360895704944, 0.000233707600273], [-0.000232119928114, 0.00156536314171, 0.00029265700141, 0.000745688332245, -0.00107909238432, 0.00134202220943, -0.00115034286864, 0.0017569308402, -0.00150216335896, 0.00172284350265, -0.00221154396422, 0.00178880081512, -0.00162999075837], [0.00012688683637, 0.00029265700141, 0.00237031793222, 0.000568545772694, -0.000853431120049, -0.000927270040847, -0.000887274218258, 0.00106610963121, 0.000834484526422, -0.00018819347315, -0.00163948058616, 0.00118602637667, -0.000393928814447], [-0.000366216816474, 0.000745688332245, 0.000568545772694, 0.00503112981096, -0.000585280358791, -0.000809315009974, -0.000703862053342, 0.00121177150868, -0.00190107419621, 0.00026679673465, -0.00185769493692, 0.0019138304051, -0.000986062805168], [0.00034637801582, -0.00107909238432, -0.000853431120049, -0.000585280358791, 0.00649989768863, -0.00127571716439, 7.08694497007e-05, -0.00201801862568, -0.000117915275041, -0.0012541259639, 0.00304517522454, -0.00289971777238, 0.00144041958265], [-0.000417597417254, 0.00134202220943, -0.000927270040847, -0.000809315009974, -0.00127571716439, 0.0135497245938, -0.00435887463391, 0.000105904473457, 0.00109150318895, 0.000512084981892, -0.00330300698988, 0.00110503961332, -0.00125744158868], [0.00037054673885, -0.00115034286864, -0.000887274218258, -0.000703862053342, 7.08694497007e-05, -0.00435887463391, 0.0143843907863, -0.00482061924413, -0.000645144551527, 0.000406134466175, 7.05426282366e-05, 0.00219477550127, -0.00212087924592], [-0.000377419259166, 0.0017569308402, 0.00106610963121, 0.00121177150868, -0.00201801862568, 0.000105904473457, -0.00482061924413, 0.0201044138521, -0.00662955408916, -0.0015614668373, 0.00226638326421, -0.00298364600167, 0.00213951920159], [0.000454753899248, -0.00150216335896, 0.000834484526422, -0.00190107419621, -0.000117915275041, 0.00109150318895, -0.000645144551527, -0.00662955408916, 0.0192428547889, -0.00558563927189, -0.0022430093959, 0.00205071968958, -0.00273207435384], [-0.000406010774896, 0.00172284350265, -0.00018819347315, 0.00026679673465, -0.0012541259639, 0.000512084981892, 0.000406134466175, -0.0015614668373, -0.00558563927189, 0.0193322785199, -0.00628396961838, -0.00248041539453, 0.00345591711812], [0.000626406748779, -0.00221154396422, -0.00163948058616, -0.00185769493692, 0.00304517522454, -0.00330300698988, 7.05426282366e-05, 0.00226638326421, -0.0022430093959, -0.00628396961838, 0.0231736004353, -0.00707818754017, -0.000544840004295], [-0.000360895704944, 0.00178880081512, 0.00118602637667, 0.0019138304051, -0.00289971777238, 0.00110503961332, 0.00219477550127, -0.00298364600167, 0.00205071968958, -0.00248041539453, -0.00707818754017, 0.0223647262901, -0.00813279859722], [0.000233707600273, -0.00162999075837, -0.000393928814447, -0.000986062805168, 0.00144041958265, -0.00125744158868, -0.00212087924592, 0.00213951920159, -0.00273207435384, 0.00345591711812, -0.000544840004295, -0.00813279859722, 0.0216018855572]]
    },
    "melbands": {
        "dmean": [0.00141145242378, 0.00306991883554, 0.00127695023548, 0.00136549049057, 0.00049394503003, 0.000277539336821, 0.000182089788723, 0.000127964725834, 0.000100301833299, 5.03207120346e-05, 3.75920499209e-05, 3.63555991498e-05, 2.53369180427e-05, 2.5193545298e-05, 2.2039959731e-05, 1.63235454238e-05, 1.27453204186e-05, 1.35530199259e-05, 1.38377617986e-05, 1.93422129087e-05, 1.11711751742e-05, 1.70675939444e-05, 7.82239203545e-06, 4.17801038566e-06, 3.98785095967e-06, 4.16593229602e-06, 3.3219944271e-06, 2.66193364951e-06, 2.36297455558e-06, 3.03724141304e-06, 2.06520167012e-06, 1.61400214438e-06, 1.37241158882e-06, 1.10125540687e-06, 5.98931762852e-07, 6.07208903602e-07, 4.54020607776e-07, 3.21035685147e-07, 2.96717445281e-07, 2.52719161153e-07],
        "dmean2": [0.00223427521996, 0.00505185918882, 0.0021601812914, 0.00231551076286, 0.000824889983051, 0.000458736059954, 0.000272016302915, 0.000209508725675, 0.000168206737726, 8.31687066238e-05, 6.04538290645e-05, 5.88708171563e-05, 4.05816936109e-05, 4.02557634516e-05, 3.44639338437e-05, 2.57284937106e-05, 2.09350055229e-05, 2.19572139031e-05, 2.21749760385e-05, 2.99137518596e-05, 1.78505069925e-05, 2.62336707237e-05, 1.24639782371e-05, 6.89358466843e-06, 6.2470744524e-06, 6.72905207466e-06, 5.48537536815e-06, 4.38515917267e-06, 3.85645626011e-06, 4.83886424263e-06, 3.26747112922e-06, 2.57200531451e-06, 2.18959894482e-06, 1.75039792794e-06, 9.48165222781e-07, 9.73110218183e-07, 7.12835287686e-07, 5.03662874962e-07, 4.66726589821e-07, 3.93114362396e-07],
        "dvar": [4.04323282055e-06, 2.38552529481e-05, 4.96928942084e-06, 4.95120002597e-06, 7.33026126909e-07, 2.34462305571e-07, 8.25350383593e-08, 5.9504031924e-08, 6.09988788369e-08, 1.73347167731e-08, 9.54854595392e-09, 6.60586696455e-09, 4.20634860276e-09, 2.9649558364e-09, 1.33210187325e-09, 7.93698384793e-10, 4.91455542928e-10, 7.87797049817e-10, 4.63958510499e-10, 9.70156732727e-10, 3.36061622974e-10, 1.69799951877e-09, 2.12836206992e-10, 3.85576917616e-11, 5.03016829578e-11, 5.77443058647e-11, 7.26150667374e-11, 3.11058227787e-11, 2.33976119729e-11, 5.77053682616e-11, 1.54764968202e-11, 1.20348730981e-11, 7.85341930376e-12, 5.31903687762e-12, 1.46060019548e-12, 2.30408400692e-12, 9.81816841369e-13, 4.51910617217e-13, 4.80501326661e-13, 3.51803221971e-13],
        "dvar2": [9.78299249255e-06, 6.43223029329e-05, 1.33601915877e-05, 1.32576160468e-05, 1.96627797777e-06, 6.35990318187e-07, 1.70601126115e-07, 1.55452312356e-07, 1.68142918255e-07, 4.39518252904e-08, 2.53667167271e-08, 1.71655809567e-08, 1.11512692413e-08, 7.29579774372e-09, 3.25527826917e-09, 1.85983373147e-09, 1.30123312125e-09, 2.12731476879e-09, 1.14973885967e-09, 2.15051687569e-09, 7.79663666961e-10, 3.21454241003e-09, 4.54981496922e-10, 1.01199285063e-10, 9.77105549249e-11, 1.42925019042e-10, 1.92737936722e-10, 8.60099144684e-11, 6.05037062118e-11, 1.39335890048e-10, 3.83987702746e-11, 3.19003920501e-11, 2.05193605163e-11, 1.34895532244e-11, 3.73826230388e-12, 6.19630085089e-12, 2.43838174478e-12, 1.12527142552e-12, 1.22044659535e-12, 8.74747540028e-13],
        "max": [0.0209759194404, 0.0442057624459, 0.0245925877243, 0.0298004746437, 0.0190838705748, 0.00772127741948, 0.0046067899093, 0.00420517800376, 0.00347354914993, 0.00338133075275, 0.00436639646068, 0.00175788463093, 0.00206070579588, 0.00109914154746, 0.00062825717032, 0.000746201956645, 0.000708651496097, 0.000946995511185, 0.000465809745947, 0.000639136880636, 0.000354555406375, 0.000931430608034, 0.000293589313515, 0.000118199597637, 0.000188771649846, 0.000146072838106, 0.00022162127425, 0.000198730049306, 0.000227759257541, 0.000284479989205, 9.87937746686e-05, 8.77119528013e-05, 7.58491150918e-05, 7.68364116084e-05, 3.6785233533e-05, 4.47163401986e-05, 2.70787695626e-05, 1.39052153827e-05, 2.04231982934e-05, 2.02554201678e-05],
        "mean": [0.00285814818926, 0.00531822489575, 0.00187867996283, 0.00200380804017, 0.000837492872961, 0.000472604733659, 0.000401188270189, 0.000249466887908, 0.000158057970111, 8.67032940732e-05, 6.08380069025e-05, 5.50278491573e-05, 4.44493307441e-05, 4.5365497499e-05, 4.375790013e-05, 3.19661448884e-05, 2.5146669941e-05, 2.59718235611e-05, 2.81359207293e-05, 4.26891092502e-05, 2.50862649409e-05, 4.0011935198e-05, 1.53713772306e-05, 8.25146980787e-06, 8.72852979228e-06, 8.45331942401e-06, 5.87311751588e-06, 5.54403914066e-06, 5.00714122609e-06, 5.54493135496e-06, 3.94010339733e-06, 3.01647719425e-06, 2.47416733146e-06, 1.78815298568e-06, 1.07301059415e-06, 9.67120513451e-07, 6.99430529494e-07, 4.70800102903e-07, 4.14358055423e-07, 3.49343366679e-07],
        "median": [0.00160437717568, 0.00368432560936, 0.00117048062384, 0.00111602502875, 0.000496752443723, 0.000281929475022, 0.000199352536583, 0.000126826344058, 6.3428269641e-05, 3.61737547792e-05, 2.84518355329e-05, 2.60202796198e-05, 2.03170275199e-05, 2.0046129066e-05, 2.67071845883e-05, 1.88985250134e-05, 1.43015931826e-05, 1.53791988851e-05, 1.87905588973e-05, 2.5134657335e-05, 1.55130710482e-05, 1.32246859721e-05, 8.46901457408e-06, 6.08842947258e-06, 5.29720500708e-06, 4.94624100611e-06, 3.15821239383e-06, 3.17945114148e-06, 3.39552843798e-06, 3.20484286931e-06, 2.47869388659e-06, 1.76948265107e-06, 1.389933459e-06, 8.72482530667e-07, 5.48932803213e-07, 4.42851387561e-07, 2.75485433576e-07, 1.88350284702e-07, 1.51903947199e-07, 1.25131492723e-07],
        "min": [9.62677333786e-25, 6.58544140515e-25, 1.22119947699e-24, 2.10117795828e-24, 2.27202333946e-24, 1.18782010968e-24, 1.37744324003e-24, 7.12040545587e-25, 2.06492644703e-24, 1.71826980527e-24, 1.66169999811e-24, 1.91299656985e-24, 2.71935224058e-24, 2.89174950837e-24, 3.17391519341e-24, 2.92910167781e-24, 2.37813380868e-24, 3.74006173243e-24, 3.97753055857e-24, 3.84084778497e-24, 3.43061210969e-24, 3.72326254502e-24, 3.93885073624e-24, 2.75362252767e-24, 2.64058940957e-24, 4.94220410488e-24, 5.11283471868e-24, 5.37873330299e-24, 5.45696582225e-24, 4.42107154684e-24, 4.24527192196e-24, 3.30357651331e-24, 5.26579129833e-24, 5.61850323639e-24, 5.1725294011e-24, 6.12523316646e-24, 5.60894421438e-24, 6.88359868124e-24, 5.8617780788e-24, 5.58460430558e-24],
        "var": [9.90754961094e-06, 3.34162432409e-05, 5.47184936295e-06, 6.52812150292e-06, 1.22593689866e-06, 3.46349480651e-07, 2.99656932157e-07, 1.29333557197e-07, 7.56679767733e-08, 3.65137537983e-08, 1.17048424286e-08, 8.13304268377e-09, 5.8541176351e-09, 5.6896092282e-09, 2.83682610736e-09, 1.72817971045e-09, 9.46532408008e-10, 1.16899567804e-09, 1.07049613618e-09, 3.28932081572e-09, 9.4839036624e-10, 6.61258292567e-09, 4.51899573317e-10, 7.5496962848e-11, 1.80310072428e-10, 1.30931279707e-10, 1.06868680572e-10, 5.43252977325e-11, 5.3822425683e-11, 1.00879242459e-10, 2.77439494989e-11, 1.91137054101e-11, 1.31938860878e-11, 8.39492364513e-12, 2.60881962734e-12, 2.76105657435e-12, 1.6066185925e-12, 6.62367188008e-13, 6.06330849244e-13, 4.38269104168e-13]
    },
    "mfcc": {
        "mean": [-643.636291504, 133.302246094, 11.4031734467, 38.827747345, 10.9506568909, 15.5752000809, -4.26982402802, 0.042463067919, 1.13652551174, -2.10943889618, -2.18310022354, 1.86853480339, 1.89311301708],
        "cov": [[9179.34277344, -548.131713867, -869.14074707, 430.072723389, -161.850341797, -12.1014451981, -219.197174072, 57.5685386658, 108.126968384, 22.3909873962, -26.6784191132, 77.8824920654, 3.83724164963], [-548.131713867, 1282.42211914, 158.833908081, 24.9231338501, 52.5508270264, 39.9131851196, 31.4069766998, 22.398393631, 19.2533187866, -9.88838005066, -39.4997253418, -23.3202972412, 5.5931763649], [-869.14074707, 158.833908081, 526.255065918, -30.7168006897, 24.1555423737, 57.5065689087, 92.7742462158, -10.5233325958, -34.7437095642, 16.0639133453, 5.57215929031, -30.4059028625, -2.15899801254], [430.072723389, 24.9231338501, -30.7168006897, 182.822479248, 28.4324645996, 27.2799739838, -7.60777664185, 7.47044324875, 15.4048023224, 16.8907032013, 7.76782083511, 10.2780790329, 17.4648532867], [-161.850341797, 52.5508270264, 24.1555423737, 28.4324645996, 135.188537598, 32.7979278564, 19.0858001709, 4.1686630249, 7.00729417801, 2.11394810677, 9.66861915588, 10.5493087769, 9.6994304657], [-12.1014451981, 39.9131851196, 57.5065689087, 27.2799739838, 32.7979278564, 91.6878509521, 38.3517494202, 7.98608398438, 5.20182704926, 6.47208881378, 7.25455284119, 0.377754956484, 5.15436077118], [-219.197174072, 31.4069766998, 92.7742462158, -7.60777664185, 19.0858001709, 38.3517494202, 96.3862304688, 21.2673034668, 0.31440743804, 10.5293540955, 4.74034786224, -10.7870197296, -3.97881174088], [57.5685386658, 22.398393631, -10.5233325958, 7.47044324875, 4.1686630249, 7.98608398438, 21.2673034668, 64.4467315674, 23.8639831543, 2.68207597733, -2.21721529961, 4.48465490341, 2.91820144653], [108.126968384, 19.2533187866, -34.7437095642, 15.4048023224, 7.00729417801, 5.20182704926, 0.31440743804, 23.8639831543, 69.9005813599, 17.2469768524, 0.159285977483, 8.00971508026, 9.91223526001], [22.3909873962, -9.88838005066, 16.0639133453, 16.8907032013, 2.11394810677, 6.47208881378, 10.5293540955, 2.68207597733, 17.2469768524, 65.9529266357, 18.1158237457, -3.87539601326, 3.61021375656], [-26.6784191132, -39.4997253418, 5.57215929031, 7.76782083511, 9.66861915588, 7.25455284119, 4.74034786224, -2.21721529961, 0.159285977483, 18.1158237457, 62.5755805969, 26.139503479, 5.04719352722], [77.8824920654, -23.3202972412, -30.4059028625, 10.2780790329, 10.5493087769, 0.377754956484, -10.7870197296, 4.48465490341, 8.00971508026, -3.87539601326, 26.139503479, 71.1982574463, 27.8607978821], [3.83724164963, 5.5931763649, -2.15899801254, 17.4648532867, 9.6994304657, 5.15436077118, -3.97881174088, 2.91820144653, 9.91223526001, 3.61021375656, 5.04719352722, 27.8607978821, 63.1672592163]],
