{
"lowlevel": {
    "average_loudness": 0.956531643867,
    "barkbands_crest": {
        "dmean": 2.99182009697,
        "dmean2": 4.89294910431,
        "dvar": 6.92493629456,
        "dvar2": 17.4387931824,
        "max": 25.5543842316,
        "mean": 11.9288902283,
        "median": 11.2400569916,
        "min": 2.62732315063,
        "var": 19.9453601837
    },
    "barkbands_flatness_db": {
        "dmean": 0.0270121823996,
        "dmean2": 0.0424092076719,
        "dvar": 0.00067298929207,
        "dvar2": 0.00155634246767,
        "max": 0.429141938686,
        "mean": 0.164591744542,
        "median": 0.160591512918,
        "min": 0.032941672951,
        "var": 0.00218505784869
    },
    "barkbands_kurtosis": {
        "dmean": 5.88927698135,
        "dmean2": 9.48771858215,
        "dvar": 72.7283401489,
        "dvar2": 180.184341431,
        "max": 161.735153198,
        "mean": 10.1677265167,
        "median": 6.46030807495,
        "min": -1.8725771904,
        "var": 151.601135254
    },
    "barkbands_skewness": {
        "dmean": 0.754213750362,
        "dmean2": 1.18851077557,
        "dvar": 0.620231211185,
        "dvar2": 1.49924838543,
        "max": 10.4596118927,
        "mean": 2.53874635696,
        "median": 2.42158889771,
        "min": -8.16839599609,
        "var": 2.24609255791
    },
    "barkbands_spread": {
        "dmean": 6.36889219284,
        "dmean2": 10.2790269852,
        "dvar": 67.335899353,
        "dvar2": 163.253555298,
        "max": 107.356399536,
        "mean": 18.1456928253,
        "median": 14.9905033112,
        "min": 0.596379101276,
        "var": 169.918029785
    },
    "dissonance": {
        "dmean": 0.0164445713162,
        "dmean2": 0.0273924805224,
        "dvar": 0.000251455261605,
        "dvar2": 0.000674807117321,
        "max": 0.500000059605,
        "mean": 0.462868720293,
        "median": 0.467602670193,
        "min": 0.284479171038,
        "var": 0.000583748682402
    },
    "dynamic_complexity": 2.28071403503,
    "erbbands_crest": {
        "dmean": 2.44292211533,
        "dmean2": 3.94789338112,
        "dvar": 5.48988485336,
        "dvar2": 13.0477895737,
        "max": 31.2569961548,
        "mean": 8.57530021667,
        "median": 7.56005954742,
        "min": 2.5102519989,
        "var": 16.2825565338
    },
    "erbbands_flatness_db": {
        "dmean": 0.0184222254902,
        "dmean2": 0.0281199850142,
        "dvar": 0.000363316910807,
        "dvar2": 0.000785446667578,
        "max": 0.401261925697,
        "mean": 0.14549459517,
        "median": 0.139849036932,
        "min": 0.0545034818351,
        "var": 0.00148131954484
    },
    "erbbands_kurtosis": {
        "dmean": 0.851800978184,
        "dmean2": 1.39630627632,
        "dvar": 2.52223992348,
        "dvar2": 5.5476641655,
        "max": 55.9345474243,
        "mean": -0.306889414787,
        "median": -0.85505926609,
        "min": -1.85443544388,
        "var": 4.66164398193
    },
    "erbbands_skewness": {
        "dmean": 0.413310557604,
        "dmean2": 0.647863566875,
        "dvar": 0.171316817403,
        "dvar2": 0.391857802868,
        "max": 6.19940376282,
        "mean": 0.392450004816,
        "median": 0.405298262835,
        "min": -4.21719455719,
        "var": 0.580051481724
    },
    "erbbands_spread": {
        "dmean": 11.4525089264,
        "dmean2": 18.1770820618,
        "dvar": 145.95274353,
        "dvar2": 349.905792236,
        "max": 152.052215576,
        "mean": 56.9549827576,
        "median": 55.1423416138,
        "min": 3.26845765114,
        "var": 454.189361572
    },
    "hfc": {
        "dmean": 5.14064121246,
        "dmean2": 7.7207069397,
        "dvar": 45.629119873,
        "dvar2": 104.245857239,
        "max": 139.587127686,
        "mean": 18.0680599213,
        "median": 15.0590648651,
        "min": 1.05110541886e-16,
        "var": 169.487823486
    },
    "melbands_crest": {
        "dmean": 3.62245321274,
        "dmean2": 6.02192974091,
        "dvar": 10.325135231,
        "dvar2": 28.1393623352,
        "max": 33.0195884705,
        "mean": 15.1512851715,
        "median": 14.7448387146,
        "min": 1.63727974892,
        "var": 25.5055160522
    },
    "melbands_flatness_db": {
        "dmean": 0.0315838046372,
        "dmean2": 0.048810787499,
        "dvar": 0.000976862153038,
        "dvar2": 0.00220189336687,
        "max": 0.560371994972,
        "mean": 0.235082283616,
        "median": 0.232706040144,
        "min": 0.00284992600791,
        "var": 0.00406390009448
    },
    "melbands_kurtosis": {
        "dmean": 16.4708786011,
        "dmean2": 26.4658699036,
        "dvar": 545.350585938,
        "dvar2": 1363.01928711,
        "max": 426.644317627,
        "mean": 33.0583305359,
        "median": 22.4225540161,
        "min": -1.91796064377,
        "var": 1234.71704102
    },
    "melbands_skewness": {
        "dmean": 1.11292099953,
        "dmean2": 1.76821136475,
        "dvar": 1.37615382671,
        "dvar2": 3.46178007126,
        "max": 17.0957260132,
        "mean": 4.23634290695,
        "median": 3.95463657379,
        "min": -1.56893610954,
        "var": 4.4135351181
    },
    "melbands_spread": {
        "dmean": 6.29058694839,
        "dmean2": 10.0345067978,
        "dvar": 133.302764893,
        "dvar2": 298.348724365,
        "max": 243.481124878,
        "mean": 16.4631137848,
        "median": 10.880109787,
        "min": 0.402591705322,
        "var": 424.476409912
    },
    "pitch_salience": {
        "dmean": 0.0880006849766,
        "dmean2": 0.143303886056,
        "dvar": 0.00650603510439,
        "dvar2": 0.0167039055377,
        "max": 0.861289322376,
        "mean": 0.537301242352,
        "median": 0.546348452568,
        "min": 0.122474141419,
        "var": 0.0164432842284
    },
    "silence_rate_20dB": {
        "dmean": 0,
        "dmean2": 0,
        "dvar": 0,
        "dvar2": 0,
        "max": 1,
        "mean": 1,
        "median": 1,
        "min": 1,
        "var": 0
    },
    "silence_rate_30dB": {
        "dmean": 0.00946951378137,
        "dmean2": 0.0189408585429,
        "dvar": 0.00938084442168,
        "dvar2": 0.0267025809735,
        "max": 1,
        "mean": 0.994492769241,
        "median": 1,
        "min": 0,
        "var": 0.00547706102952
    },
    "silence_rate_60dB": {
        "dmean": 0.0110155567527,
        "dmean2": 0.0220332425088,
        "dvar": 0.0108949113637,
        "dvar2": 0.0236765276641,
        "max": 1,
        "mean": 0.0335265696049,
        "median": 0,
        "min": 0,
        "var": 0.0324025824666
    },
    "spectral_centroid": {
        "dmean": 321.923858643,
        "dmean2": 508.601959229,
        "dvar": 128168.234375,
        "dvar2": 291639.625,
        "max": 11947.5576172,
        "mean": 1259.59411621,
        "median": 1040.58569336,
        "min": 134.638656616,
        "var": 1187114.5
    },
    "spectral_complexity": {
        "dmean": 3.32805109024,
        "dmean2": 5.0925784111,
        "dvar": 11.8014431,
        "dvar2": 25.2359771729,
        "max": 55,
        "mean": 15.1800966263,
        "median": 14,
        "min": 0,
        "var": 55.729850769
    },
    "spectral_decrease": {
        "dmean": 4.07564471061e-09,
        "dmean2": 6.63655796984e-09,
        "dvar": 2.83162783395e-17,
        "dvar2": 7.3522479674e-17,
        "max": 9.73660243583e-16,
        "mean": -1.0168077047e-08,
        "median": -9.11223274613e-09,
        "min": -4.54271429362e-08,
        "var": 4.69929048402e-17
    },
    "spectral_energy": {
        "dmean": 0.0156431030482,
        "dmean2": 0.0254384595901,
        "dvar": 0.000412946508732,
        "dvar2": 0.00107066053897,
        "max": 0.173876866698,
        "mean": 0.0400155410171,
        "median": 0.0362303331494,
        "min": 9.93396740532e-21,
        "var": 0.000695029622875
    },
    "spectral_energyband_high": {
        "dmean": 0.000314641103614,
        "dmean2": 0.000498930923641,
        "dvar": 5.16783359217e-07,
        "dvar2": 1.13140129088e-06,
        "max": 0.0169431008399,
        "mean": 0.000714070163667,
        "median": 0.000407697632909,
        "min": 7.07297665649e-21,
        "var": 1.32769150696e-06
    },
    "spectral_energyband_low": {
        "dmean": 0.0110183069482,
        "dmean2": 0.0184559896588,
        "dvar": 0.000325663306285,
        "dvar2": 0.000872150063515,
        "max": 0.157503381371,
        "mean": 0.0199488494545,
        "median": 0.0127589739859,
        "min": 1.01113792694e-23,
        "var": 0.00044665770838
    },
    "spectral_energyband_middle_high": {
        "dmean": 0.00116438861005,
        "dmean2": 0.00170766247902,
        "dvar": 3.32517311108e-06,
        "dvar2": 6.89388161845e-06,
        "max": 0.0310902036726,
        "mean": 0.00324966502376,
        "median": 0.00202006311156,
        "min": 1.09104264515e-21,
        "var": 1.1276179066e-05
    },
    "spectral_energyband_middle_low": {
        "dmean": 0.00930825341493,
        "dmean2": 0.0154650378972,
        "dvar": 0.000162548662047,
        "dvar2": 0.000422549288487,
        "max": 0.12115740031,
        "mean": 0.0175951980054,
        "median": 0.013730218634,
        "min": 1.46109926479e-22,
        "var": 0.0002079038386
    },
    "spectral_entropy": {
        "dmean": 0.205742955208,
        "dmean2": 0.320578664541,
        "dvar": 0.0483664125204,
        "dvar2": 0.106256425381,
        "max": 9.81861209869,
        "mean": 7.47969865799,
        "median": 7.48202037811,
        "min": 4.735227108,
        "var": 0.209669083357
    },
    "spectral_flux": {
        "dmean": 0.0380775295198,
        "dmean2": 0.0601627677679,
        "dvar": 0.00178781209979,
        "dvar2": 0.00393331237137,
        "max": 0.351446956396,
        "mean": 0.100509956479,
        "median": 0.0852237343788,
        "min": 6.28723045848e-11,
        "var": 0.00350382854231
    },
    "spectral_kurtosis": {
        "dmean": 1.2902545929,
        "dmean2": 2.12377285957,
        "dvar": 2.76165008545,
        "dvar2": 6.60704231262,
        "max": 48.1474647522,
        "mean": 3.01904678345,
        "median": 2.53521800041,
        "min": -1.27228033543,
        "var": 6.99924659729
    },
    "spectral_rms": {
        "dmean": 0.00113828666508,
        "dmean2": 0.0017918421654,
        "dvar": 1.69075963186e-06,
        "dvar2": 4.18018453274e-06,
        "max": 0.0130244372413,
        "mean": 0.00585403805599,
        "median": 0.00594530627131,
        "min": 3.11314559201e-12,
        "var": 4.7698877097e-06
    },
    "spectral_rolloff": {
        "dmean": 450.216339111,
        "dmean2": 781.00567627,
        "dvar": 907859.25,
        "dvar2": 2098374.25,
        "max": 19724.4140625,
        "mean": 1123.45202637,
        "median": 409.130859375,
        "min": 86.1328125,
        "var": 5095768
    },
    "spectral_skewness": {
        "dmean": 0.228075638413,
        "dmean2": 0.358878850937,
        "dvar": 0.0508050955832,
        "dvar2": 0.118020735681,
        "max": 5.58765220642,
        "mean": 1.23823940754,
        "median": 1.20278382301,
        "min": -0.184227198362,
        "var": 0.191048204899
    },
    "spectral_spread": {
        "dmean": 561910.1875,
        "dmean2": 887202.6875,
        "dvar": 696296144896,
        "dvar2": 1.41167650406e+12,
        "max": 42731888,
        "mean": 5016725,
        "median": 4605303,
        "min": 1556312.25,
        "var": 1.23140046848e+13
    },
    "spectral_strongpeak": {
        "dmean": 0.371898859739,
        "dmean2": 0.644115567207,
        "dvar": 0.366313457489,
        "dvar2": 0.896393477917,
        "max": 18.1359786987,
        "mean": 0.700538814068,
        "median": 0.524032354355,
        "min": 0,
        "var": 0.550655841827
    },
    "zerocrossingrate": {
        "dmean": 0.00984498392791,
        "dmean2": 0.0120574990287,
        "dvar": 0.000149824467371,
        "dvar2": 0.000169193692273,
        "max": 0.6875,
        "mean": 0.0505278147757,
        "median": 0.03955078125,
        "min": 0.00341796875,
        "var": 0.00319249997847
    },
    "barkbands": {
        "dmean": [6.31704460829e-05, 0.00628627976403, 0.00585546484217, 0.00248054717667, 0.00594021333382, 0.00198089354672, 0.000623845262453, 0.000810246274341, 0.000468017911771, 0.000393733906094, 0.000216222862946, 0.000185671684449, 0.000127176186652, 0.00010536499758, 0.000120700140542, 0.000114726819447, 0.000157756439876, 0.000125061313156, 0.000279143336229, 0.000129353400553, 8.37053376017e-05, 0.00011247835937, 7.13630506652e-05, 5.19763489137e-05, 2.2076364985e-05, 7.1102253969e-06, 1.79156120339e-06],
        "dmean2": [0.000105890518171, 0.0100251007825, 0.010102010332, 0.00434720655903, 0.00996857322752, 0.00331056746654, 0.00102451082785, 0.00136239698622, 0.000766679295339, 0.00059348862851, 0.00033448531758, 0.00028144576936, 0.00019918588805, 0.000168032827787, 0.000190947554074, 0.000185953293112, 0.000243465270614, 0.000195690459805, 0.000423296645749, 0.000206494019949, 0.000143366691191, 0.000181982148206, 0.000110911409138, 7.79002948548e-05, 3.48468274751e-05, 1.1817349332e-05, 3.04778177451e-06],
        "dvar": [1.56034207777e-08, 8.85830595507e-05, 0.000126553117298, 1.78883365152e-05, 8.44345559017e-05, 8.37036168377e-06, 1.87878788438e-06, 2.50051812145e-06, 1.02796218471e-06, 9.85708652479e-07, 5.02311308992e-07, 3.62269105381e-07, 7.88888527836e-08, 4.85003006645e-08, 6.64636417014e-08, 5.34345261372e-08, 1.64377652823e-07, 7.87874085972e-08, 3.78143653279e-07, 7.75754784854e-08, 5.08285786793e-08, 8.71207816999e-08, 3.33400933528e-08, 2.84717778243e-08, 4.33855706916e-09, 3.7287994914e-10, 1.97444404576e-11],
        "dvar2": [4.0799008616e-08, 0.000223953655222, 0.000343060994055, 4.93106963404e-05, 0.000217690583668, 2.1607032977e-05, 4.67278368887e-06, 6.55631811242e-06, 2.57581382357e-06, 2.24828750106e-06, 1.1170640164e-06, 7.78843855187e-07, 1.855187719e-07, 1.10269397169e-07, 1.64073412634e-07, 1.24897795217e-07, 3.30184150243e-07, 1.62173193985e-07, 7.47706906168e-07, 1.88531998901e-07, 1.39278284905e-07, 1.97880396513e-07, 6.91172132861e-08, 5.14531421913e-08, 9.0597342961e-09, 9.43346734061e-10, 5.35059219153e-11],
        "max": [0.0019366836641, 0.115622662008, 0.114332601428, 0.0503335520625, 0.0846469923854, 0.0628871396184, 0.0314430780709, 0.0271199569106, 0.0199010912329, 0.0212669558823, 0.0203332807869, 0.022400835529, 0.00818480271846, 0.00471108406782, 0.00607607699931, 0.00650182226673, 0.0132299894467, 0.00957357976586, 0.0229464583099, 0.007483093068, 0.00779373990372, 0.00584666011855, 0.00315979123116, 0.00360667728819, 0.00199921173044, 0.000784052885137, 8.51048826007e-05],
        "mean": [6.92610774422e-05, 0.0121583882719, 0.00643828464672, 0.00271408329718, 0.00802797358483, 0.00364272855222, 0.000968146312516, 0.00115824548993, 0.00068244501017, 0.000689338135999, 0.000339683814673, 0.000291414849926, 0.000197852335987, 0.00016829802189, 0.000206884666113, 0.000180798480869, 0.000301830354147, 0.000252910860581, 0.000620065780822, 0.000266238377662, 0.00014671390818, 0.000214605286601, 0.000135557071189, 9.78733951342e-05, 3.61884485756e-05, 8.09483663033e-06, 1.59510329922e-06],
        "median": [1.72938907781e-05, 0.00682754255831, 0.00173501356039, 0.00125572946854, 0.00490910187364, 0.00206843391061, 0.000392976042349, 0.000421417353209, 0.000150370353367, 0.000131826964207, 7.56029476179e-05, 9.14122938411e-05, 7.64463839005e-05, 7.59437753004e-05, 8.81195010152e-05, 8.92507086974e-05, 0.000120863987831, 0.000128907879116, 0.000194887019461, 0.000135726993904, 8.77560669323e-05, 0.000125023536384, 5.34226492164e-05, 2.91443211609e-05, 1.28215688164e-05, 2.22599965127e-06, 2.71024816811e-07],
        "min": [6.21430305684e-25, 1.77527743023e-24, 1.24019219075e-24, 9.92689448318e-25, 1.02125317478e-23, 8.51996204479e-24, 8.61161742679e-24, 6.36147570833e-24, 1.69017756124e-23, 1.89820665061e-23, 1.19344770533e-23, 2.24283142333e-23, 3.10986449996e-23, 3.51238109239e-23, 4.57484104765e-23, 5.92341832887e-23, 6.44877003058e-23, 9.61884481245e-23, 1.25898312967e-22, 1.3180057026e-22, 2.33759302403e-22, 2.77654602882e-22, 4.0040779684e-22, 5.52659743839e-22, 8.26565477752e-22, 1.33698064727e-21, 1.93372330164e-21],
        "var": [1.56119774886e-08, 0.000189582002349, 0.000127428633277, 1.71342344402e-05, 9.20593447518e-05, 2.24974810408e-05, 3.192836175e-06, 3.38996528626e-06, 1.95873826669e-06, 2.28735939345e-06, 8.57327165704e-07, 7.0000407959e-07, 1.40998622555e-07, 1.00645941359e-07, 1.25437125575e-07, 1.03833670551e-07, 4.75734964311e-07, 2.03434183277e-07, 1.20517063351e-06, 1.87457345646e-07, 7.71677335365e-08, 1.49840488461e-07, 8.61992788259e-08, 8.17049468083e-08, 9.62678381455e-09, 4.46601755577e-10, 1.55934466728e-11]
    },
    "erbbands": {
        "dmean": [0.129414021969, 1.66451144218, 6.23247909546, 6.81052589417, 16.8226661682, 19.4662570953, 18.2940158844, 13.7288532257, 10.9449739456, 10.8128175735, 17.835313797, 10.1130018234, 14.0625267029, 7.93613433838, 8.91666507721, 6.4472322464, 5.78693008423, 5.21892786026, 5.53985738754, 5.64665079117, 6.81021404266, 7.86034107208, 6.20196151733, 9.93307590485, 15.1579351425, 5.10104370117, 3.35770130157, 3.47523188591, 4.06221151352, 3.2461502552, 1.89536631107, 1.30787324905, 0.781207323074, 0.338106215, 0.109699770808, 0.0379569530487, 0.0119546111673, 0.00252922158688, 0.00030633751885, 2.65685557679e-05],
        "dmean2": [0.195556327701, 2.71686244011, 10.7939605713, 11.6886634827, 28.6806697845, 32.863658905, 31.1066684723, 22.5282936096, 17.752784729, 17.9284954071, 30.102514267, 16.6425533295, 21.4861545563, 12.1629228592, 13.5818605423, 9.86410522461, 8.96125125885, 8.230427742, 8.79413604736, 8.7690820694, 10.9017457962, 12.0900382996, 9.56306934357, 15.0496702194, 23.0321884155, 8.10545730591, 5.57760953903, 5.91381406784, 6.60272121429, 5.24710226059, 2.89623594284, 1.99019253254, 1.17959606647, 0.522636413574, 0.178339093924, 0.0619552843273, 0.0201237108558, 0.00426651677117, 0.000518161919899, 4.32686902059e-05],
        "dvar": [0.0393191240728, 6.41460132599, 134.214004517, 155.546325684, 680.887756348, 911.571044922, 700.389343262, 552.786010742, 508.352050781, 479.437347412, 1300.13708496, 478.041259766, 1109.08312988, 390.015075684, 1281.07250977, 191.13848877, 155.736846924, 100.22845459, 149.016098022, 134.215377808, 228.311233521, 344.329681396, 182.563690186, 761.536071777, 999.448730469, 141.400268555, 97.8035812378, 69.5868835449, 123.929367065, 65.4061965942, 27.7409172058, 16.573217392, 6.95760917664, 1.148696661, 0.0947256982327, 0.0123070050031, 0.000950384768657, 5.74170117034e-05, 5.62179081953e-07, 1.7760123372e-09],
        "dvar2": [0.0904756039381, 16.870016098, 369.393737793, 409.322296143, 1787.68615723, 2337.67578125, 1909.49890137, 1325.70690918, 1265.23168945, 1213.42773438, 3420.1628418, 1198.58325195, 2547.12573242, 828.606872559, 2843.53100586, 428.02154541, 356.27645874, 231.326202393, 360.295654297, 306.157653809, 499.349914551, 723.534790039, 370.29119873, 1470.29455566, 2083.43579102, 352.430358887, 254.266693115, 189.832672119, 284.270233154, 154.287811279, 54.738861084, 30.6109848022, 13.0627641678, 2.27862739563, 0.209882944822, 0.0297338645905, 0.00245935749263, 0.00016061529459, 1.51858080244e-06, 4.608450066e-09],
        "max": [2.41936779022, 29.1308269501, 121.416610718, 149.738174438, 244.582351685, 266.349029541, 527.403930664, 425.405975342, 498.546020508, 386.218536377, 494.654388428, 404.748504639, 615.918212891, 500.767486572, 1095.10583496, 333.533874512, 364.152770996, 254.079940796, 296.477661133, 318.220458984, 513.608886719, 513.244567871, 440.201507568, 1559.765625, 870.180236816, 400.724090576, 492.456542969, 268.634552002, 244.531570435, 154.03263855, 95.373878479, 95.5442962646, 62.0956459045, 31.3984451294, 9.03810310364, 5.31640720367, 0.806762635708, 0.298640966415, 0.0130181042477, 0.000964863109402],
        "mean": [0.258165001869, 3.09363818169, 7.53297567368, 8.46053695679, 19.9584980011, 25.5349369049, 30.0365486145, 25.8345794678, 19.1846618652, 16.5238895416, 25.339099884, 15.5162935257, 24.3413467407, 12.9161987305, 14.6249504089, 10.590344429, 9.6457529068, 8.97366046906, 9.5866317749, 10.712553978, 12.0565080643, 15.6743974686, 13.3279180527, 21.283914566, 34.1391525269, 11.2919025421, 6.25081729889, 6.37269687653, 7.62479639053, 5.77911138535, 3.62535524368, 2.3859462738, 1.44958007336, 0.597524702549, 0.16239182651, 0.046987503767, 0.012873115018, 0.00260352762416, 0.000286752270767, 5.856221469e-05],
        "median": [0.128019809723, 1.73276770115, 3.07412958145, 4.22358417511, 10.2130098343, 14.8145418167, 18.7366714478, 12.7475204468, 8.80710792542, 6.07089996338, 8.32751560211, 4.21753072739, 4.68837928772, 3.86447477341, 3.50382900238, 4.32617092133, 4.21754455566, 4.47560214996, 4.78002166748, 5.26286315918, 6.25307703018, 6.79570484161, 6.75012111664, 8.80579948425, 10.9392251968, 5.82198286057, 3.46949672699, 4.31389904022, 4.41663503647, 2.7852435112, 1.31717467308, 0.717024803162, 0.419351696968, 0.202922433615, 0.0551426745951, 0.0140473805368, 0.00341012049466, 0.000630049791653, 6.41563528916e-05, 4.90710153827e-05],
        "min": [6.73045648262e-23, 3.58073532185e-22, 2.17808368292e-21, 6.67137764182e-21, 1.19775049917e-20, 2.62033579742e-20, 4.2175638838e-20, 8.5427200546e-20, 1.05391527747e-19, 1.53279423864e-19, 2.21862635737e-19, 4.85502286805e-19, 5.65416102386e-19, 9.13917634212e-19, 5.88980306688e-19, 1.47899407556e-18, 1.52498490403e-18, 1.75506467442e-18, 1.58816206408e-18, 3.69125336526e-18, 3.40110591013e-18, 4.00564941325e-18, 5.04591340596e-18, 6.38178858853e-18, 7.04648942209e-18, 7.70954168468e-18, 9.56851099738e-18, 9.60558109653e-18, 1.00463442859e-17, 1.31575467592e-17, 1.06760264283e-17, 1.11901448216e-17, 1.05280065935e-17, 8.6797691221e-18, 6.34743246897e-18, 4.12118669249e-18, 2.38132518414e-18, 8.74169744622e-19, 2.31084613892e-19, 2.78326081285e-20],
        "var": [0.0995834246278, 12.1872110367, 137.458267212, 154.265609741, 707.853881836, 1037.89575195, 1348.68530273, 1643.62902832, 990.155761719, 857.849365234, 1780.99609375, 908.821533203, 2574.30541992, 768.600830078, 2534.00366211, 359.312713623, 292.068695068, 228.79850769, 262.954833984, 310.743682861, 570.234069824, 863.524047852, 495.813049316, 2089.22290039, 3397.09960938, 314.509338379, 195.498458862, 91.7504196167, 204.683868408, 117.129493713, 75.7981262207, 46.1090049744, 18.7181739807, 2.80174326897, 0.181398883462, 0.0168002136052, 0.00103165267501, 4.43584940513e-05, 4.46445227453e-07, 2.22082197077e-09]
    },
    "gfcc": {
        "mean": [-7.59326601028, 101.328971863, -101.075912476, 57.8545303345, -58.281703949, 4.56722402573, -37.2895698547, 2.42159581184, -20.7844371796, -4.02565002441, -9.42384624481, -1.76772546768, -9.46705341339],
        "cov": [[15929.1591797, 1130.60571289, -1016.98809814, 888.88885498, -989.859680176, 318.576324463, -234.091873169, 233.852035522, -140.229598999, -37.3876266479, -85.6759109497, 22.9283313751, -68.0874862671], [1130.60571289, 940.635986328, -252.275482178, -31.6802520752, 37.3145217896, -63.6322402954, 73.8859634399, -3.59719753265, 15.9566688538, -76.7663803101, 39.8235435486, -24.9363155365, 52.7203216553], [-1016.98809814, -252.275482178, 743.844787598, 164.601669312, 220.486755371, 135.062820435, 95.5115890503, -41.5000648499, 14.6048851013, 100.150566101, -51.8461494446, 86.4383544922, 22.2806434631], [888.88885498, -31.6802520752, 164.601669312, 482.649627686, 16.273431778, 61.023651123, -7.62818479538, -16.409696579, 40.751247406, 51.8651275635, 32.7978019714, 31.2399482727, 18.8175430298], [-989.859680176, 37.3145217896, 220.486755371, 16.273431778, 312.763336182, 16.4018192291, 62.3605918884, -32.5149765015, 27.7538948059, 52.3629112244, -11.2570323944, 32.6513824463, 14.2559747696], [318.576324463, -63.6322402954, 135.062820435, 61.023651123, 16.4018192291, 216.777008057, 79.4719314575, 25.3886184692, 15.908613205, 33.519443512, -8.02261352539, 26.2634773254, 19.4532318115], [-234.091873169, 73.8859634399, 95.5115890503, -7.62818479538, 62.3605918884, 79.4719314575, 239.853347778, 47.2748260498, 20.9509124756, 33.8406295776, -2.59495568275, 47.7917480469, 11.9207925797], [233.852035522, -3.59719753265, -41.5000648499, -16.409696579, -32.5149765015, 25.3886184692, 47.2748260498, 144.281997681, 46.7684631348, -8.86653327942, 20.8602294922, -13.501121521, -2.69228219986], [-140.229598999, 15.9566688538, 14.6048851013, 40.751247406, 27.7538948059, 15.908613205, 20.9509124756, 46.7684631348, 99.1434936523, 35.1859512329, 17.4516792297, -2.31434750557, 20.4179000854], [-37.3876266479, -76.7663803101, 100.150566101, 51.8651275635, 52.3629112244, 33.519443512, 33.8406295776, -8.86653327942, 35.1859512329, 118.527427673, 9.11541843414, 34.001285553, 1.25596368313], [-85.6759109497, 39.8235435486, -51.8461494446, 32.7978019714, -11.2570323944, -8.02261352539, -2.59495568275, 20.8602294922, 17.4516792297, 9.11541843414, 89.7200241089, 12.9492406845, 6.22889041901], [22.9283313751, -24.9363155365, 86.4383544922, 31.2399482727, 32.6513824463, 26.2634773254, 47.7917480469, -13.501121521, -2.31434750557, 34.001285553, 12.9492406845, 102.578582764, 34.0962028503], [-68.0874862671, 52.7203216553, 22.2806434631, 18.8175430298, 14.2559747696, 19.4532318115, 11.9207925797, -2.69228219986, 20.4179000854, 1.25596368313, 6.22889041901, 34.0962028503, 89.9606628418]],
        "icov": [[0.000220294867177, -0.000458245078335, 0.000290486961603, -0.000534944585524, 0.000542558787856, -0.000516304629855, 0.000564690039027, -0.000778928515501, 0.000681692035869, -0.000635182310361, 0.000997934723273, -0.000699189025909, 0.000452813546872], [-0.000458245078335, 0.00247695879079, 1.10583259811e-05, 0.000940586440265, -0.001666459837, 0.00138391181827, -0.0021690344438, 0.00223282142542, -0.00170083541889, 0.00230626924895, -0.00260824663565, 0.00205507432111, -0.00192330882419], [0.000290486961603, 1.10583259811e-05, 0.00301056262106, -0.0014092286583, -0.000838305102661, -0.00148785498459, 0.000347493070876, -0.000802346970886, 0.0011715895962, -0.00122708920389, 0.00261721643619, -0.00182241317816, 0.000407769111916], [-0.000534944585524, 0.000940586440265, -0.0014092286583, 0.00389438774437, -0.000813878665213, 0.00072308635572, -0.000855366000906, 0.00249395007268, -0.00275448523462, 0.00119460280985, -0.00353770214133, 0.00145804253407, -0.000960256904364], [0.000542558787856, -0.001666459837, -0.000838305102661, -0.000813878665213, 0.00615667365491, -0.000654293340631, 0.000722535478417, -0.000660485879052, 0.000160363299074, -0.00238060671836, 0.00232805078849, -0.00172245583963, 0.00130392517895], [-0.000516304629855, 0.00138391181827, -0.00148785498459, 0.00072308635572, -0.000654293340631, 0.00744796358049, -0.00313205784187, 0.000963250698987, -0.0011911712354, 0.000729514460545, -0.00194617325906, 0.00217276555486, -0.00247614341788], [0.000564690039027, -0.0021690344438, 0.000347493070876, -0.000855366000906, 0.000722535478417, -0.00313205784187, 0.0080668348819, -0.00462877983227, 0.00200545601547, -0.0027663577348, 0.0035504011903, -0.00472354190424, 0.00227459683083], [-0.000778928515501, 0.00223282142542, -0.000802346970886, 0.00249395007268, -0.000660485879052, 0.000963250698987, -0.00462877983227, 0.0137150175869, -0.00845638196915, 0.00509817618877, -0.0057862335816, 0.00353936338797, -0.000393518799683], [0.000681692035869, -0.00170083541889, 0.0011715895962, -0.00275448523462, 0.000160363299074, -0.0011911712354, 0.00200545601547, -0.00845638196915, 0.019117994234, -0.00780619867146, 0.00213980558328, 0.0013658470707, -0.00338391494006], [-0.000635182310361, 0.00230626924895, -0.00122708920389, 0.00119460280985, -0.00238060671836, 0.000729514460545, -0.0027663577348, 0.00509817618877, -0.00780619867146, 0.0152371404693, -0.00421765213832, -0.00121316150762, 0.00127121526748], [0.000997934723273, -0.00260824663565, 0.00261721643619, -0.00353770214133, 0.00232805078849, -0.00194617325906, 0.0035504011903, -0.0057862335816, 0.00213980558328, -0.00421765213832, 0.0183834545314, -0.006345376838, 0.00248922826722], [-0.000699189025909, 0.00205507432111, -0.00182241317816, 0.00145804253407, -0.00172245583963, 0.00217276555486, -0.00472354190424, 0.00353936338797, 0.0013658470707, -0.00121316150762, -0.006345376838, 0.0179512109607, -0.00770964380354], [0.000452813546872, -0.00192330882419, 0.000407769111916, -0.000960256904364, 0.00130392517895, -0.00247614341788, 0.00227459683083, -0.000393518799683, -0.00338391494006, 0.00127121526748, 0.00248922826722, -0.00770964380354, 0.0162012893707]]
    },
    "melbands": {
        "dmean": [0.00148525775876, 0.00278211385012, 0.0013610086171, 0.00148058950435, 0.000620785926003, 0.000322786683682, 0.000154491746798, 0.000132016240968, 0.000143005905556, 6.08290138189e-05, 7.01690587448e-05, 3.22401465382e-05, 2.93681132462e-05, 2.05186624953e-05, 1.56906771736e-05, 1.27213252199e-05, 1.02909471025e-05, 9.10911512619e-06, 9.22598337638e-06, 8.02745580586e-06, 8.82819949766e-06, 8.95255016076e-06, 7.74691943661e-06, 5.30141187483e-06, 8.6767531684e-06, 1.20833856272e-05, 8.69070481713e-06, 2.61269883595e-06, 2.16754165194e-06, 2.21653976951e-06, 2.15685099647e-06, 2.43973136094e-06, 2.46663239523e-06, 1.68424730873e-06, 1.1357205949e-06, 1.03340676105e-06, 7.67130813983e-07, 5.98062626977e-07, 4.41639400606e-07, 2.51630837056e-07],
        "dmean2": [0.00228905584663, 0.00479187397286, 0.00231919204816, 0.00251264148392, 0.00105404586066, 0.000533182290383, 0.000250035402132, 0.000218975168536, 0.000240846420638, 9.90254557109e-05, 0.000106956365926, 4.94362648169e-05, 4.4974629418e-05, 3.139664841e-05, 2.41340403591e-05, 1.97711833607e-05, 1.64145367307e-05, 1.4605529941e-05, 1.4508289496e-05, 1.26985241877e-05, 1.42039662023e-05, 1.38489831443e-05, 1.22320607261e-05, 8.19691013021e-06, 1.33176999952e-05, 1.84391501534e-05, 1.34026859087e-05, 4.2419210331e-06, 3.57636577064e-06, 3.78924278266e-06, 3.67463167095e-06, 4.00328463002e-06, 4.0112345232e-06, 2.7593825962e-06, 1.76043783995e-06, 1.60589365805e-06, 1.17453555504e-06, 9.19649551179e-07, 6.69871099035e-07, 4.01699452368e-07],
        "dvar": [4.92155504617e-06, 2.33416085393e-05, 4.45970272267e-06, 5.80662572247e-06, 7.52225105316e-07, 2.61933763568e-07, 9.94616797811e-08, 6.78373481833e-08, 8.42338465645e-08, 1.77715246963e-08, 2.85574124348e-08, 7.21994863895e-09, 1.28877912786e-08, 5.57302870519e-09, 1.14857456879e-09, 7.8189038577e-10, 4.53339116246e-10, 4.74078110102e-10, 4.36421510042e-10, 2.79953504823e-10, 5.15770481879e-10, 5.49126133453e-10, 2.90713814133e-10, 1.81910916885e-10, 6.53164355935e-10, 6.61314281114e-10, 3.61074781186e-10, 4.13347134298e-11, 4.38614075615e-11, 3.73387674946e-11, 2.31106609544e-11, 4.37019621879e-11, 4.30046900868e-11, 1.64663976898e-11, 1.00417981222e-11, 9.40388478893e-12, 6.08804586605e-12, 4.2143857848e-12, 2.0715434576e-12, 6.4302480441e-13],
        "dvar2": [1.17691752166e-05, 6.48741552141e-05, 1.16742785394e-05, 1.49368288476e-05, 2.05899232242e-06, 6.40090831894e-07, 2.48671483405e-07, 1.73201286202e-07, 2.19698634396e-07, 4.36404192783e-08, 6.5570148422e-08, 1.56215502756e-08, 2.87417432077e-08, 1.22908261346e-08, 2.51739362689e-09, 1.75595193941e-09, 1.04932673661e-09, 1.14636933279e-09, 1.0639964465e-09, 6.14176876024e-10, 1.076672973e-09, 1.12995812707e-09, 6.3046118326e-10, 3.60611818184e-10, 1.27149879514e-09, 1.36594568989e-09, 7.93179300018e-10, 1.08643392893e-10, 1.11005905856e-10, 1.00291094873e-10, 6.25195312187e-11, 1.02005494329e-10, 1.00539999937e-10, 3.99884812763e-11, 2.04320345365e-11, 1.8876367483e-11, 1.17430769969e-11, 8.27678550697e-12, 4.00697270503e-12, 1.3952620526e-12],
        "max": [0.0292980950326, 0.0470421276987, 0.0230613723397, 0.0227690208703, 0.014686036855, 0.00876952335238, 0.00731812324375, 0.00421810802072, 0.00406570592895, 0.00257914839312, 0.00309794675559, 0.00214202608913, 0.00329515174963, 0.00288381474093, 0.000823583337478, 0.000869618495926, 0.000580515305046, 0.000516428903211, 0.000599471968599, 0.000527755357325, 0.00089867238421, 0.000728577841073, 0.000619348953478, 0.000631919072475, 0.00148780678865, 0.000776039378252, 0.000600991712417, 0.000232327685808, 0.000356629723683, 0.00019815590349, 0.000137036113301, 0.000153213986778, 0.00014387180272, 8.0574551248e-05, 6.17746482021e-05, 6.41519218334e-05, 6.204451347e-05, 4.86898061354e-05, 3.2708470826e-05, 2.42602563958e-05],
        "mean": [0.00298523926176, 0.0041136732325, 0.001775963814, 0.00179455452599, 0.00103965296876, 0.000616230885498, 0.000267717899987, 0.000192580904695, 0.000203101255465, 9.15658383747e-05, 0.000120575437904, 5.08345146955e-05, 4.67840145575e-05, 3.27795278281e-05, 2.54185397353e-05, 1.93778778339e-05, 1.64630455401e-05, 1.43428787851e-05, 1.61738953466e-05, 1.379684727e-05, 1.45239418998e-05, 1.67266261997e-05, 1.47839100464e-05, 1.06183415483e-05, 1.69566410477e-05, 2.63805122813e-05, 1.83795291377e-05, 4.99011275679e-06, 3.87727868656e-06, 3.41801683135e-06, 3.84277564081e-06, 4.34105913882e-06, 4.12244025938e-06, 2.82796577267e-06, 2.08547658076e-06, 1.79882306384e-06, 1.30715966407e-06, 1.05706942577e-06, 7.76994170337e-07, 4.12749329826e-07],
        "median": [0.00159245333634, 0.00232645077631, 0.000992103130557, 0.000968876818661, 0.000699937634636, 0.000328864378389, 0.000119763986731, 6.7284781835e-05, 5.95212368353e-05, 2.28327553486e-05, 2.11472233786e-05, 1.24216894619e-05, 1.01081104731e-05, 1.03950860648e-05, 9.44072417042e-06, 7.02119314155e-06, 7.47840658732e-06, 6.67541371513e-06, 6.25636539553e-06, 6.60251771478e-06, 6.71317820888e-06, 6.53376173432e-06, 6.86138901074e-06, 5.20117828273e-06, 6.7610349106e-06, 7.56585086492e-06, 6.60011301079e-06, 2.77292360806e-06, 2.06457434615e-06, 1.77848619387e-06, 2.66602819465e-06, 2.49896856985e-06, 2.12168401958e-06, 1.26751820062e-06, 7.4226511515e-07, 5.4094243751e-07, 3.59062823918e-07, 2.95513700621e-07, 2.23976869052e-07, 1.46388572375e-07],
        "min": [9.56705755341e-25, 1.11614746188e-24, 1.43638456028e-24, 2.09293061473e-24, 1.96436186718e-24, 2.0651423977e-24, 1.46912544329e-24, 1.4892741341e-24, 1.35820962787e-24, 2.66430986535e-24, 2.76043217222e-24, 3.54152910841e-24, 1.54113937204e-24, 2.09797104149e-24, 1.63873241146e-24, 3.47255268858e-24, 2.92056265294e-24, 2.43550115422e-24, 3.65908318835e-24, 4.37509712771e-24, 3.66334737598e-24, 3.13666597033e-24, 4.49881615563e-24, 4.1667013758e-24, 4.81122124575e-24, 4.47693039311e-24, 4.70248544743e-24, 4.58931191209e-24, 4.91326947574e-24, 5.80132687878e-24, 5.06855556164e-24, 4.82292399727e-24, 5.29097213285e-24, 7.03390113837e-24, 5.84605055894e-24, 4.1337897044e-24, 5.36928748251e-24, 6.42328414354e-24, 5.95926550947e-24, 6.24458821585e-24],
        "var": [1.20672002595e-05, 2.59240496234e-05, 4.81731103719e-06, 5.83757218919e-06, 1.3228335547e-06, 7.66954826759e-07, 1.91943826167e-07, 1.13710889593e-07, 1.24788883227e-07, 3.59086662627e-08, 6.63491164232e-08, 1.43408804831e-08, 2.26147047755e-08, 1.11582769691e-08, 2.5644479873e-09, 1.53136481273e-09, 9.949631119e-10, 7.8233830525e-10, 8.7660489978e-10, 6.65516697307e-10, 1.39651123998e-09, 1.42832445871e-09, 7.20959902889e-10, 4.19634521576e-10, 1.7093152449e-09, 2.21650231502e-09, 1.074333289e-09, 7.24628759774e-11, 9.35849592265e-11, 5.35019389902e-11, 3.07425161716e-11, 6.93274881947e-11, 6.834172811e-11, 2.84820656643e-11, 2.58470866238e-11, 2.40259392242e-11, 1.55866985985e-11, 1.06699284824e-11, 5.15868337631e-12, 1.35402865135e-12]
    },
    "mfcc": {
        "mean": [-643.647338867, 117.06968689, 18.3111991882, 46.6526031494, 7.7453455925, 5.65333890915, -3.48082351685, 4.69699478149, -7.91383552551, -0.339817792177, 1.04706990719, -6.46468830109, 0.416937172413],
        "cov": [[6391.02978516, 408.93762207, 262.369354248, 217.205627441, -180.423065186, 9.71134757996, 12.5885038376, 190.011535645, 37.2197494507, 120.482460022, 110.063026428, -25.7581672668, 31.6396942139], [408.93762207, 974.081726074, -176.923614502, 5.71277952194, -18.2966194153, -36.6983299255, 49.0114212036, 40.1748123169, 27.1038475037, -30.0086669922, -3.33110690117, -17.9173030853, 15.5528402328], [262.369354248, -176.923614502, 458.484832764, 141.570846558, 75.5470657349, 171.87890625, 48.5150527954, 25.1843929291, 65.3221130371, 14.5304784775, 3.90410876274, 43.6855697632, -14.3082609177], [217.205627441, 5.71277952194, 141.570846558, 369.056915283, 86.2664108276, 125.822509766, 15.8535747528, -9.88031673431, 27.4162788391, -24.8696861267, 32.382232666, 57.4526290894, 8.1561794281], [-180.423065186, -18.2966194153, 75.5470657349, 86.2664108276, 236.41645813, 42.2615623474, -23.4314556122, -28.6594543457, 0.348546802998, 17.2390213013, -19.228805542, 6.86473274231, 0.789684414864], [9.71134757996, -36.6983299255, 171.87890625, 125.822509766, 42.2615623474, 294.88079834, 81.6180953979, -9.18237495422, 83.9726638794, -26.943775177, 4.84071397781, 93.7453231812, -4.44837760925], [12.5885038376, 49.0114212036, 48.5150527954, 15.8535747528, -23.4314556122, 81.6180953979, 132.902679443, 55.0471725464, 40.4750938416, 0.229010552168, 25.1546897888, 31.8297958374, 7.5508928299], [190.011535645, 40.1748123169, 25.1843929291, -9.88031673431, -28.6594543457, -9.18237495422, 55.0471725464, 130.737091064, 36.4061355591, 17.8288326263, 23.1627216339, -13.1622743607, 15.3808040619], [37.2197494507, 27.1038475037, 65.3221130371, 27.4162788391, 0.348546802998, 83.9726638794, 40.4750938416, 36.4061355591, 139.721633911, 30.9416637421, 7.2949090004, 41.1042060852, -1.09429311752], [120.482460022, -30.0086669922, 14.5304784775, -24.8696861267, 17.2390213013, -26.943775177, 0.229010552168, 17.8288326263, 30.9416637421, 101.063812256, 37.7047996521, -15.2741670609, -1.20005381107], [110.063026428, -3.33110690117, 3.90410876274, 32.382232666, -19.228805542, 4.84071397781, 25.1546897888, 23.1627216339, 7.2949090004, 37.7047996521, 111.548118591, 32.447353363, 3.53413367271], [-25.7581672668, -17.9173030853, 43.6855697632, 57.4526290894, 6.86473274231, 93.7453231812, 31.8297958374, -13.1622743607, 41.1042060852, -15.2741670609, 32.447353363, 119.547889709, 19.5684318542], [31.6396942139, 15.5528402328, -14.3082609177, 8.1561794281, 0.789684414864, -4.44837760925, 7.5508928299, 15.3808040619, -1.09429311752, -1.20005381107, 3.53413367271, 19.5684318542, 73.6347579956]],
