{
"lowlevel": {
    "average_loudness": 0.129625082016,
    "barkbands_crest": {
        "dmean": 1.86117184162,
        "dmean2": 2.91236138344,
        "dvar": 3.31662869453,
        "dvar2": 8.79227256775,
        "max": 26.8178310394,
        "mean": 11.154955864,
        "median": 10.588511467,
        "min": 3.39983987808,
        "var": 14.6466608047
    },
    "barkbands_flatness_db": {
        "dmean": 0.0191489588469,
        "dmean2": 0.0279070977122,
        "dvar": 0.000423585355747,
        "dvar2": 0.00084544433048,
        "max": 0.537120699883,
        "mean": 0.273772865534,
        "median": 0.282076984644,
        "min": 0.0523387268186,
        "var": 0.00619563134387
    },
    "barkbands_kurtosis": {
        "dmean": 4.50657320023,
        "dmean2": 6.81861495972,
        "dvar": 306.945220947,
        "dvar2": 603.986694336,
        "max": 1421.54077148,
        "mean": 14.5694684982,
        "median": 6.34594726562,
        "min": -1.92593026161,
        "var": 3101.87841797
    },
    "barkbands_skewness": {
        "dmean": 0.467913597822,
        "dmean2": 0.694936394691,
        "dvar": 0.427125483751,
        "dvar2": 0.915269911289,
        "max": 34.5793609619,
        "mean": 2.18958878517,
        "median": 1.81032919884,
        "min": -2.01535606384,
        "var": 5.33083343506
    },
    "barkbands_spread": {
        "dmean": 2.1890668869,
        "dmean2": 3.06835389137,
        "dvar": 26.6758003235,
        "dvar2": 46.3401184082,
        "max": 98.849937439,
        "mean": 8.56856441498,
        "median": 4.77497005463,
        "min": 0.227619513869,
        "var": 117.07585907
    },
    "dissonance": {
        "dmean": 0.0294122863561,
        "dmean2": 0.0491761937737,
        "dvar": 0.00076113967225,
        "dvar2": 0.00209986860864,
        "max": 0.499670356512,
        "mean": 0.397698074579,
        "median": 0.406329393387,
        "min": 0.162731274962,
        "var": 0.00312438071705
    },
    "dynamic_complexity": 4.72577905655,
    "erbbands_crest": {
        "dmean": 1.82468259335,
        "dmean2": 2.73450422287,
        "dvar": 3.14322638512,
        "dvar2": 7.26184034348,
        "max": 29.6203727722,
        "mean": 10.8746061325,
        "median": 10.0741672516,
        "min": 2.68567538261,
        "var": 14.8926410675
    },
    "erbbands_flatness_db": {
        "dmean": 0.0143110333011,
        "dmean2": 0.0199955496937,
        "dvar": 0.000281420565443,
        "dvar2": 0.000534555118065,
        "max": 0.439413428307,
        "mean": 0.257698267698,
        "median": 0.265391290188,
        "min": 0.0301141217351,
        "var": 0.00388261862099
    },
    "erbbands_kurtosis": {
        "dmean": 1.21650254726,
        "dmean2": 1.7449259758,
        "dvar": 3.36879897118,
        "dvar2": 7.02324199677,
        "max": 44.4919624329,
        "mean": 2.66850662231,
        "median": 1.16291069984,
        "min": -1.90571093559,
        "var": 19.6421508789
    },
    "erbbands_skewness": {
        "dmean": 0.297300189734,
        "dmean2": 0.411312818527,
        "dvar": 0.111134193838,
        "dvar2": 0.218023881316,
        "max": 6.18052005768,
        "mean": 1.14757275581,
        "median": 1.10479259491,
        "min": -3.92138051987,
        "var": 0.749363481998
    },
    "erbbands_spread": {
        "dmean": 4.42656564713,
        "dmean2": 6.42340803146,
        "dvar": 67.2616271973,
        "dvar2": 129.616744995,
        "max": 164.964782715,
        "mean": 25.7499465942,
        "median": 19.1356906891,
        "min": 1.32811152935,
        "var": 458.777252197
    },
    "hfc": {
        "dmean": 2.20085692406,
        "dmean2": 2.66999650002,
        "dvar": 26.0358486176,
        "dvar2": 42.1568183899,
        "max": 198.972747803,
        "mean": 8.67316436768,
        "median": 2.91068840027,
        "min": 1.14226204586e-16,
        "var": 239.422042847
    },
    "melbands_crest": {
        "dmean": 2.44232964516,
        "dmean2": 3.86023426056,
        "dvar": 5.95726442337,
        "dvar2": 15.661696434,
        "max": 32.0659294128,
        "mean": 14.6068410873,
        "median": 13.690320015,
        "min": 1.00135421753,
        "var": 23.036277771
    },
    "melbands_flatness_db": {
        "dmean": 0.0221173837781,
        "dmean2": 0.0311462283134,
        "dvar": 0.000602998828981,
        "dvar2": 0.00114732317161,
        "max": 0.687440931797,
        "mean": 0.376436382532,
        "median": 0.388822793961,
        "min": 3.19260976767e-07,
        "var": 0.0104547645897
    },
    "melbands_kurtosis": {
        "dmean": 5.89696025848,
        "dmean2": 9.02314281464,
        "dvar": 221.223907471,
        "dvar2": 525.778076172,
        "max": 858.144104004,
        "mean": 22.6875915527,
        "median": 9.67827796936,
        "min": -1.55754733086,
        "var": 5904.75048828
    },
    "melbands_skewness": {
        "dmean": 0.49301636219,
        "dmean2": 0.736061036587,
        "dvar": 0.369494348764,
        "dvar2": 0.86328035593,
        "max": 22.0230636597,
        "mean": 2.65310192108,
        "median": 2.23674583435,
        "min": -1.4032831192,
        "var": 4.35026311874
    },
    "melbands_spread": {
        "dmean": 2.40946340561,
        "dmean2": 3.34096312523,
        "dvar": 39.5276565552,
        "dvar2": 68.0973052979,
        "max": 200.702987671,
        "mean": 9.08790206909,
        "median": 5.36528778076,
        "min": 0.297775179148,
        "var": 154.82321167
    },
    "pitch_salience": {
        "dmean": 0.0562992617488,
        "dmean2": 0.08890157938,
        "dvar": 0.00296568125486,
        "dvar2": 0.00762929208577,
        "max": 0.996095478535,
        "mean": 0.560520470142,
        "median": 0.572430431843,
        "min": 0.0130143491551,
        "var": 0.0153109040111
    },
    "silence_rate_20dB": {
        "dmean": 0,
        "dmean2": 0,
        "dvar": 0,
        "dvar2": 0,
        "max": 1,
        "mean": 1,
        "median": 1,
        "min": 1,
        "var": 0
    },
    "silence_rate_30dB": {
        "dmean": 0.00417031021789,
        "dmean2": 0.00834118109196,
        "dvar": 0.00415299506858,
        "dvar2": 0.00975152198225,
        "max": 1,
        "mean": 0.993543207645,
        "median": 1,
        "min": 0,
        "var": 0.00641489587724
    },
    "silence_rate_60dB": {
        "dmean": 0.0453353077173,
        "dmean2": 0.0906767100096,
        "dvar": 0.0432827882469,
        "dvar2": 0.0953590497375,
        "max": 1,
        "mean": 0.154022067785,
        "median": 0,
        "min": 0,
        "var": 0.130289569497
    },
    "spectral_centroid": {
        "dmean": 108.66204834,
        "dmean2": 150.231002808,
        "dvar": 47702.9023438,
        "dvar2": 89512.4765625,
        "max": 11434.8720703,
        "mean": 630.602844238,
        "median": 393.749572754,
        "min": 138.987762451,
        "var": 300005.34375
    },
    "spectral_complexity": {
        "dmean": 1.3258895874,
        "dmean2": 2.01318454742,
        "dvar": 2.8267621994,
        "dvar2": 5.0699300766,
        "max": 36,
        "mean": 8.88794708252,
        "median": 7,
        "min": 0,
        "var": 29.0508155823
    },
    "spectral_decrease": {
        "dmean": 1.13032583293e-09,
        "dmean2": 1.52274781673e-09,
        "dvar": 3.284104728e-18,
        "dvar2": 6.11893085579e-18,
        "max": 7.71487572675e-29,
        "mean": -4.11647560483e-09,
        "median": -2.45955722455e-09,
        "min": -5.3044775683e-08,
        "var": 2.14682948936e-17
    },
    "spectral_energy": {
        "dmean": 0.00442207744345,
        "dmean2": 0.00593566708267,
        "dvar": 5.03223382111e-05,
        "dvar2": 9.32902039494e-05,
        "max": 0.203495889902,
        "mean": 0.0163232479244,
        "median": 0.00968577433378,
        "min": 1.03982338332e-20,
        "var": 0.000345038977684
    },
    "spectral_energyband_high": {
        "dmean": 6.04520646448e-05,
        "dmean2": 7.71670747781e-05,
        "dvar": 1.46257150391e-07,
        "dvar2": 2.24497242129e-07,
        "max": 0.0182052925229,
        "mean": 0.000136084068799,
        "median": 8.52339780977e-07,
        "min": 7.26042838487e-21,
        "var": 5.30843692559e-07
    },
    "spectral_energyband_low": {
        "dmean": 0.00183561723679,
        "dmean2": 0.00277970964089,
        "dvar": 1.36772205224e-05,
        "dvar2": 3.30208276864e-05,
        "max": 0.0765628218651,
        "mean": 0.0038697833661,
        "median": 0.0016904824879,
        "min": 3.02997497836e-23,
        "var": 3.79936100217e-05
    },
    "spectral_energyband_middle_high": {
        "dmean": 0.000529133831151,
        "dmean2": 0.000620986102149,
        "dvar": 2.41504199039e-06,
        "dvar2": 3.75419881493e-06,
        "max": 0.0777138397098,
        "mean": 0.00179385230877,
        "median": 0.000258385756752,
        "min": 1.45533805582e-21,
        "var": 2.26343636314e-05
    },
    "spectral_energyband_middle_low": {
        "dmean": 0.00330662843771,
        "dmean2": 0.00449788989499,
        "dvar": 3.15097058774e-05,
        "dvar2": 6.02700274612e-05,
        "max": 0.157481238246,
        "mean": 0.0118683679029,
        "median": 0.00675383675843,
        "min": 1.98022489758e-22,
        "var": 0.000188973150216
    },
    "spectral_entropy": {
        "dmean": 0.165151625872,
        "dmean2": 0.241652756929,
        "dvar": 0.0405232571065,
        "dvar2": 0.0794132724404,
        "max": 9.82141590118,
        "mean": 6.09925603867,
        "median": 5.96938323975,
        "min": 4.16929578781,
        "var": 0.560450315475
    },
    "spectral_flux": {
        "dmean": 0.0146115934476,
        "dmean2": 0.0238776281476,
        "dvar": 0.000320883496897,
        "dvar2": 0.000819600885734,
        "max": 0.310335546732,
        "mean": 0.0420154705644,
        "median": 0.0324562750757,
        "min": 6.50948392411e-11,
        "var": 0.00113402248826
    },
    "spectral_kurtosis": {
        "dmean": 12.1402893066,
        "dmean2": 20.4825611115,
        "dvar": 231.653793335,
        "dvar2": 604.999450684,
        "max": 240.089599609,
        "mean": 33.0188560486,
        "median": 21.6343212128,
        "min": -1.23770678043,
        "var": 1108.80383301
    },
    "spectral_rms": {
        "dmean": 0.0004925452522,
        "dmean2": 0.000652356597129,
        "dvar": 3.36085065555e-07,
        "dvar2": 6.24703091034e-07,
        "max": 0.0140901589766,
        "mean": 0.00350191676989,
        "median": 0.00307400966994,
        "min": 3.18506180631e-12,
        "var": 3.66168683286e-06
    },
    "spectral_rolloff": {
        "dmean": 189.951812744,
        "dmean2": 317.175933838,
        "dvar": 514425.53125,
        "dvar2": 986233.125,
        "max": 19336.8164062,
        "mean": 723.430847168,
        "median": 409.130859375,
        "min": 64.599609375,
        "var": 1421805.875
    },
    "spectral_skewness": {
        "dmean": 0.790277481079,
        "dmean2": 1.31566476822,
        "dvar": 0.69220072031,
        "dvar2": 1.84320616722,
        "max": 13.0426521301,
        "mean": 3.71607375145,
        "median": 3.3494515419,
        "min": -0.063322365284,
        "var": 4.66159534454
    },
    "spectral_spread": {
        "dmean": 402888.9375,
        "dmean2": 608006.25,
        "dvar": 598688464896,
        "dvar2": 966301843456,
        "max": 40091208,
        "mean": 2555902.5,
        "median": 1828039.75,
        "min": 423275.53125,
        "var": 4.6510374912e+12
    },
    "spectral_strongpeak": {
        "dmean": 0.239554092288,
        "dmean2": 0.386673033237,
        "dvar": 0.177925050259,
        "dvar2": 0.40205347538,
        "max": 10.7105398178,
        "mean": 0.691395998001,
        "median": 0.457630336285,
        "min": 0,
        "var": 0.639774024487
    },
    "zerocrossingrate": {
        "dmean": 0.00495940307155,
        "dmean2": 0.00561106298119,
        "dvar": 0.000142358490848,
        "dvar2": 0.000154152832692,
        "max": 0.51171875,
        "mean": 0.0279765985906,
        "median": 0.0185546875,
        "min": 0.0029296875,
        "var": 0.0009980549803
    },
    "barkbands": {
        "dmean": [5.55534206796e-05, 0.000227020849707, 0.00107575103175, 0.00141814548988, 0.00133580504917, 0.00080511305714, 0.000466517434688, 0.000433280336438, 0.000305305089569, 0.000126534054289, 0.000118818665214, 0.000102056459582, 0.000114061913337, 6.00222083449e-05, 3.07572663587e-05, 1.95224856725e-05, 5.47476483916e-05, 4.36719637946e-05, 0.00011830231233, 4.10260763601e-05, 2.65377343567e-06, 1.68598817254e-05, 1.80436818482e-05, 1.40491601996e-05, 1.40288548209e-05, 3.54875169251e-06, 4.7166778927e-07],
        "dmean2": [9.72317575361e-05, 0.000325698347297, 0.00168414064683, 0.00214255717583, 0.00184072041884, 0.00113459734712, 0.000627934001386, 0.000576015911065, 0.000376145006157, 0.000146593592945, 0.000150161286001, 0.000133503068355, 0.000149774103193, 8.35512764752e-05, 4.28793900937e-05, 2.58865056821e-05, 7.40621544537e-05, 5.97534090048e-05, 0.000153563654749, 5.75944832235e-05, 3.90051764043e-06, 2.40803365159e-05, 2.43091890297e-05, 1.82617550308e-05, 1.82587518793e-05, 4.74106309412e-06, 6.3679192408e-07],
        "dvar": [2.91231536664e-08, 3.96107736833e-07, 6.73831664244e-06, 7.03660543877e-06, 6.4738810579e-06, 2.85467308458e-06, 5.76574439037e-06, 4.85392592964e-06, 1.80999256827e-06, 3.65357692544e-07, 3.14512703881e-07, 5.223951689e-07, 3.4433384144e-07, 1.5614121196e-07, 5.38037987496e-08, 9.37039601467e-09, 4.03430853169e-08, 2.6420201138e-08, 1.3503697005e-07, 3.78817368585e-08, 4.1768405401e-10, 9.23080012427e-09, 1.55015342784e-08, 1.19177103741e-08, 1.14592246803e-08, 6.10740846785e-10, 1.01975121056e-11],
        "dvar2": [7.85972460449e-08, 6.16493650796e-07, 1.77301644726e-05, 1.58819329954e-05, 1.22457631733e-05, 6.13838619756e-06, 1.25961669255e-05, 8.22837864689e-06, 2.72437523563e-06, 4.64311881387e-07, 6.74347745644e-07, 8.23428422336e-07, 5.66089170206e-07, 2.78548156984e-07, 1.02239937405e-07, 1.91594882182e-08, 8.16205911747e-08, 5.24616936559e-08, 2.31210535162e-07, 7.71079768924e-08, 9.60945323314e-10, 1.88090663045e-08, 2.66789665915e-08, 1.99756033936e-08, 1.81857906512e-08, 1.11972509043e-09, 1.63893672939e-11],
        "max": [0.00434706825763, 0.034981392324, 0.0509116724133, 0.0593869164586, 0.105285681784, 0.0438000261784, 0.134714528918, 0.110938407481, 0.0972282811999, 0.0449151806533, 0.0341302864254, 0.058723051101, 0.0421196632087, 0.0337754189968, 0.0250158999115, 0.00757668819278, 0.00801599211991, 0.00569714885205, 0.0152308810502, 0.0116643169895, 0.00123668124434, 0.00391013501212, 0.00740475626662, 0.00693307630718, 0.00640459079295, 0.00102034443989, 0.000148410996189],
        "mean": [4.9862144806e-05, 0.000472783547593, 0.00209053652361, 0.0026125847362, 0.00361006776802, 0.00251414300874, 0.0012042716844, 0.000935337913688, 0.000795424159151, 0.00032450875733, 0.000264652830083, 0.000220763016841, 0.00022638621158, 0.000108499945782, 5.78941071581e-05, 4.12429617427e-05, 0.000104602186184, 0.000106550309283, 0.000349959649611, 0.000101857993286, 4.3035292947e-06, 3.50603004335e-05, 3.42696148437e-05, 2.61305976892e-05, 2.50582543231e-05, 5.79341894991e-06, 7.4820871987e-07],
        "median": [1.06788820631e-05, 0.000158855909831, 0.000607514928561, 0.00109604815952, 0.00179231062066, 0.00121856573969, 0.00036446301965, 0.000130546177388, 6.7071421654e-05, 3.18394231726e-05, 3.63703948096e-05, 6.47863907943e-06, 2.00475260499e-05, 4.36438313045e-06, 7.34691275284e-06, 6.99561041984e-06, 6.85012764734e-06, 2.25731787395e-06, 4.97148721479e-06, 1.06691231849e-06, 1.48822522306e-07, 1.1318494586e-07, 8.28539796771e-08, 3.92576708919e-08, 3.6372640011e-08, 6.6629866069e-08, 1.27679955497e-09],
        "min": [8.89024309851e-24, 1.22369428904e-23, 3.40566911673e-24, 1.92609580239e-24, 1.53461781949e-23, 3.27068767944e-23, 1.53473535977e-23, 2.08787058478e-23, 5.32433526934e-23, 2.1253600949e-23, 3.5493477455e-23, 5.81578677805e-23, 1.13386373165e-22, 4.28997201518e-23, 8.13949648124e-23, 8.17734097876e-23, 1.09909882088e-22, 1.15044331596e-22, 2.25461167256e-22, 1.75298158625e-22, 3.03824665827e-22, 4.74253230261e-22, 5.14075988985e-22, 7.20555951171e-22, 1.01739287448e-21, 1.58591101968e-21, 2.052140184e-21],
        "var": [2.39071056285e-08, 1.71189412868e-06, 1.61812495207e-05, 1.75368841155e-05, 2.98363065667e-05, 1.32365448735e-05, 1.19582637126e-05, 1.46332486111e-05, 1.20040676848e-05, 2.78289917333e-06, 8.49839125294e-07, 2.39862902163e-06, 1.33771266064e-06, 5.75840545025e-07, 1.52617431581e-07, 1.90051672178e-08, 1.1925565957e-07, 1.14405281693e-07, 8.99436031432e-07, 2.26939775416e-07, 6.37105590506e-10, 2.37373409817e-08, 4.76468713373e-08, 3.29153557743e-08, 3.45620279063e-08, 1.54641410788e-09, 2.65303525676e-11]
    },
    "erbbands": {
        "dmean": [0.0036776480265, 0.0741033405066, 0.921717822552, 3.2279188633, 5.53863286972, 3.37880563736, 4.79289865494, 7.19095277786, 7.11132574081, 8.28935337067, 7.39192581177, 8.31309986115, 4.73803567886, 2.64617753029, 5.39091920853, 3.84921813011, 5.24358987808, 3.40516638756, 1.89396512508, 1.01900744438, 1.28662371635, 2.78015065193, 2.56658148766, 3.12054944038, 6.36962842941, 1.32711553574, 0.123531915247, 0.158141389489, 0.496793687344, 0.781110227108, 0.441489011049, 0.341569811106, 0.215585336089, 0.163309201598, 0.102109156549, 0.0233098454773, 0.00549950171262, 0.000965220155194, 8.68892893777e-05, 7.38134394851e-06],
        "dmean2": [0.00621865736321, 0.107561782002, 1.45598304272, 4.89262342453, 8.08746433258, 4.54589748383, 6.44234752655, 10.4087276459, 9.35119915009, 11.3039007187, 9.67267131805, 10.1583576202, 5.30509996414, 3.17630147934, 6.99182367325, 4.80698728561, 6.75566959381, 4.73213005066, 2.54025387764, 1.36049365997, 1.64942979813, 3.71555066109, 3.43695187569, 3.96564555168, 8.07216453552, 1.69847893715, 0.170865431428, 0.226500958204, 0.699485778809, 1.10952579975, 0.584541320801, 0.455378353596, 0.287536233664, 0.217333301902, 0.134933918715, 0.0311094522476, 0.00727752270177, 0.00126378191635, 0.000117796451377, 9.81581524684e-06],
        "dvar": [7.50247199903e-05, 0.0445573404431, 5.50949859619, 35.2754974365, 133.758300781, 51.4445266724, 106.748428345, 291.957397461, 871.958190918, 1948.68127441, 1243.07958984, 1450.31616211, 528.470581055, 122.360061646, 772.477539062, 630.413330078, 703.222900391, 455.767303467, 185.605682373, 42.6524429321, 18.2807197571, 105.138175964, 82.0865478516, 112.301757812, 451.963806152, 31.10729599, 0.479936510324, 1.29471230507, 8.98052406311, 23.2349281311, 10.7520198822, 8.28476810455, 2.41559123993, 1.54408097267, 0.646771371365, 0.0268263723701, 0.00161887763534, 4.2933759687e-05, 3.35523736794e-07, 4.859437297e-10],
        "dvar2": [0.000202852068469, 0.0784047916532, 14.6966028214, 81.4614486694, 290.581939697, 91.8594818115, 210.293701172, 626.749694824, 1742.32983398, 3752.54516602, 2204.49462891, 2178.12670898, 614.555297852, 197.365768433, 1606.34313965, 898.31439209, 1126.63269043, 832.332092285, 339.134368896, 68.8212966919, 32.7683525085, 219.921234131, 161.172241211, 206.196304321, 732.585021973, 52.7809791565, 1.04771888256, 2.83572435379, 18.7580566406, 43.0687675476, 18.6339950562, 15.7971820831, 3.82206940651, 2.49758601189, 1.11361050606, 0.0487122088671, 0.00316675379872, 7.49224200263e-05, 5.59830596103e-07, 8.32981295051e-10],
        "max": [0.301336526871, 10.8821315765, 56.5849266052, 131.422363281, 483.775543213, 283.858154297, 374.632995605, 523.141967773, 1794.84484863, 2069.12011719, 1679.86804199, 2937.30371094, 1789.42346191, 958.107727051, 1110.34741211, 2526.75097656, 1829.70532227, 1987.57507324, 1395.2310791, 628.41607666, 223.676895142, 383.745300293, 307.009033203, 451.850128174, 969.803466797, 228.042694092, 29.9342269897, 69.8729019165, 127.943962097, 323.874755859, 148.059631348, 188.064941406, 74.6197891235, 72.0575027466, 49.688835144, 8.90588855743, 1.99128365517, 0.264156877995, 0.0291228070855, 0.00122014270164],
        "mean": [0.0073796636425, 0.15310433507, 1.72184586525, 6.43946313858, 11.4341640472, 10.1857881546, 14.3263187408, 21.9600505829, 21.7991218567, 19.172296524, 17.5138759613, 22.1083526611, 12.4456157684, 7.13656997681, 12.4537601471, 9.1140422821, 11.0871458054, 6.87539148331, 3.68874239922, 2.25094199181, 2.89168643951, 5.7764878273, 6.53275346756, 9.16704845428, 20.2012405396, 4.14894104004, 0.269680589437, 0.300070077181, 0.995677053928, 1.62782394886, 0.831879734993, 0.599415957928, 0.409536480904, 0.294166356325, 0.1720020473, 0.0382390618324, 0.00878794770688, 0.00162155530415, 0.00014105590526, 2.32680140471e-05],
        "median": [0.00389265082777, 0.0540871173143, 0.549109339714, 3.09011936188, 4.38536596298, 5.05713701248, 7.09278106689, 9.79937267303, 8.16609764099, 3.2520980835, 2.82469177246, 2.19713521004, 1.61188864708, 1.15197646618, 1.52066934109, 0.588879168034, 1.04635238647, 0.342104196548, 0.462023258209, 0.331274807453, 0.467999279499, 0.401080787182, 0.197033673525, 0.22033663094, 0.209377080202, 0.0613541714847, 0.0127764008939, 0.00578822707757, 0.00415622862056, 0.00283878389746, 0.00191606662702, 0.00125371746253, 0.000572817516513, 0.000367657456081, 0.000293552700896, 5.86012465646e-05, 7.36048532417e-05, 5.22578447999e-05, 6.24038148089e-06, 1.14847562145e-05],
        "min": [2.49469625103e-22, 2.86149077305e-21, 5.97241769825e-21, 7.02248875076e-21, 2.55484199528e-20, 4.47290936902e-20, 1.97299132631e-19, 2.41304301113e-19, 1.60605258486e-19, 3.43066489913e-19, 6.04550068864e-19, 1.27672794307e-18, 8.64429899705e-19, 9.98934326992e-19, 1.70953644671e-18, 2.38578472161e-18, 4.30210929043e-18, 2.89847209245e-18, 3.9424333757e-18, 4.64648401818e-18, 5.47505098544e-18, 6.77780585629e-18, 8.77840710142e-18, 1.07978163657e-17, 1.16829624869e-17, 8.63720323496e-18, 1.24026542876e-17, 1.29171837896e-17, 1.70474578883e-17, 1.43114719855e-17, 1.29313310597e-17, 1.39138181409e-17, 1.2835196956e-17, 9.96181056323e-18, 7.04347104003e-18, 5.66380119351e-18, 2.76077195627e-18, 1.22754130231e-18, 2.52408037614e-19, 3.20343495981e-20],
        "var": [0.000134834423079, 0.172005832195, 11.6702651978, 90.8685836792, 397.84588623, 293.183074951, 561.520629883, 1249.95141602, 2384.09765625, 5745.1484375, 4049.40478516, 9716.7421875, 4088.85400391, 960.558959961, 2274.7277832, 3620.67529297, 3028.36791992, 1793.25964355, 513.022949219, 167.219970703, 60.3232727051, 314.654937744, 388.512145996, 612.031433105, 3638.71044922, 249.068984985, 1.10661590099, 2.35411190987, 21.5411167145, 62.38904953, 33.4281044006, 18.6383838654, 7.74922132492, 4.56993246078, 1.77739870548, 0.0722886621952, 0.00362652377225, 0.000111507950351, 8.50958770116e-07, 1.63250446494e-09]
    },
    "gfcc": {
        "mean": [-147.701080322, 171.642288208, -92.1641311646, 6.8581571579, -41.2350730896, -23.242067337, -39.2719345093, -2.47803664207, -26.8570728302, -12.2391147614, -6.34400081635, -6.94343471527, -14.0506381989],
        "cov": [[12088.6953125, -2857.80151367, -2081.44970703, 816.671691895, -2063.97973633, 205.122634888, -902.100036621, 459.867126465, -613.565673828, -451.443664551, 184.062149048, -194.837539673, -652.58001709], [-2857.80151367, 3038.92602539, 32.7491912842, -859.321777344, 1083.66699219, -696.747680664, 410.022064209, -340.405181885, 184.602539062, -162.716262817, -18.1501712799, -100.157623291, 317.100158691], [-2081.44970703, 32.7491912842, 1390.70007324, 127.311203003, 154.699645996, 313.504821777, -56.4409332275, -182.289352417, 204.36239624, 243.080047607, -173.593917847, 31.2341575623, 89.8079528809], [816.671691895, -859.321777344, 127.311203003, 569.155761719, -283.964416504, 226.341537476, -172.241668701, 69.1156616211, 9.01949882507, 53.6978111267, 14.5684938431, -4.33763504028, -69.2881698608], [-2063.97973633, 1083.66699219, 154.699645996, -283.964416504, 790.776306152, -200.215179443, 187.086456299, -81.8058700562, 112.488601685, 10.9346857071, -21.3755531311, -1.36536157131, 138.447372437], [205.122634888, -696.747680664, 313.504821777, 226.341537476, -200.215179443, 418.776306152, -77.3929901123, 33.5062141418, 7.0859413147, 93.5846862793, -21.7831993103, 19.4335899353, -45.3512229919], [-902.100036621, 410.022064209, -56.4409332275, -172.241668701, 187.086456299, -77.3929901123, 345.920196533, 2.78212308884, -32.8246765137, -26.7165203094, 30.1825027466, 32.5640792847, 48.7375946045], [459.867126465, -340.405181885, -182.289352417, 69.1156616211, -81.8058700562, 33.5062141418, 2.78212308884, 229.314727783, -59.2852592468, -34.4157409668, 49.4007873535, 21.5429668427, -46.143032074], [-613.565673828, 184.602539062, 204.36239624, 9.01949882507, 112.488601685, 7.0859413147, -32.8246765137, -59.2852592468, 203.804275513, 54.9213905334, -88.3382034302, -19.6532077789, 63.4815750122], [-451.443664551, -162.716262817, 243.080047607, 53.6978111267, 10.9346857071, 93.5846862793, -26.7165203094, -34.4157409668, 54.9213905334, 169.834091187, -8.40007972717, 5.81971645355, -6.20671224594], [184.062149048, -18.1501712799, -173.593917847, 14.5684938431, -21.3755531311, -21.7831993103, 30.1825027466, 49.4007873535, -88.3382034302, -8.40007972717, 165.554107666, 22.1395492554, -48.5743904114], [-194.837539673, -100.157623291, 31.2341575623, -4.33763504028, -1.36536157131, 19.4335899353, 32.5640792847, 21.5429668427, -19.6532077789, 5.81971645355, 22.1395492554, 109.113143921, 4.14901971817], [-652.58001709, 317.100158691, 89.8079528809, -69.2881698608, 138.447372437, -45.3512229919, 48.7375946045, -46.143032074, 63.4815750122, -6.20671224594, -48.5743904114, 4.14901971817, 138.608856201]],
        "icov": [[0.000374435388949, -0.000238724111114, 0.00049379421398, -0.000290001451503, 0.000655265757814, -0.000294098164886, 0.000674632727169, -0.00016779032012, 0.000533901969902, 0.000222986447625, 0.000577253231313, 0.000127051389427, 0.000764251162764], [-0.000238724111114, 0.00276352837682, -0.00108066259418, 0.00195052730851, -0.00190701941028, 0.00217790412717, -0.00125145341735, 0.00199668994173, -0.00186206237413, 0.00237667676993, -0.00287531013601, 0.00226841494441, -0.00216510612518], [0.00049379421398, -0.00108066259418, 0.00238330243155, -0.00109223637264, 0.000896804325748, -0.00191344507039, 0.00118426966947, 8.86730049388e-06, 0.000957838026807, -0.00170952919871, 0.00248891185038, -0.00112455128692, 0.00116226985119], [-0.000290001451503, 0.00195052730851, -0.00109223637264, 0.00427143182606, -0.000901334220544, 0.000642774510197, -0.000261678331299, 0.000745059340261, -0.00211246823892, 0.00154432794079, -0.00293812295422, 0.00175365316682, -0.00157958932687], [0.000655265757814, -0.00190701941028, 0.000896804325748, -0.000901334220544, 0.00420941226184, -0.000863956927788, 0.00095243845135, -0.00153018534184, 0.000803407514468, -0.00114278530236, 0.00164793117438, -0.000825477007311, 0.00126777368132], [-0.000294098164886, 0.00217790412717, -0.00191344507039, 0.000642774510197, -0.000863956927788, 0.00606914609671, -0.00134249834809, 0.000736874411814, -0.00116390944459, 0.00066809845157, -0.00197673030198, 0.00142021139618, -0.00141222612001], [0.000674632727169, -0.00125145341735, 0.00118426966947, -0.000261678331299, 0.00095243845135, -0.00134249834809, 0.00547124678269, -0.00115644373, 0.00231620157138, -0.000320086168358, 0.00132189807482, -0.00131400581449, 0.000869176001288], [-0.00016779032012, 0.00199668994173, 8.86730049388e-06, 0.000745059340261, -0.00153018534184, 0.000736874411814, -0.00115644373, 0.00722040934488, -0.00103451579344, 0.00236495933495, -0.0024000951089, 0.000530146935489, -0.000688622065354], [0.000533901969902, -0.00186206237413, 0.000957838026807, -0.00211246823892, 0.000803407514468, -0.00116390944459, 0.00231620157138, -0.00103451579344, 0.0103424759582, -0.0033812103793, 0.00559260230511, -0.000469186488772, -0.000159381335834], [0.000222986447625, 0.00237667676993, -0.00170952919871, 0.00154432794079, -0.00114278530236, 0.00066809845157, -0.000320086168358, 0.00236495933495, -0.0033812103793, 0.011682420969, -0.00402624066919, 0.00219747237861, 0.000347096385667], [0.000577253231313, -0.00287531013601, 0.00248891185038, -0.00293812295422, 0.00164793117438, -0.00197673030198, 0.00132189807482, -0.0024000951089, 0.00559260230511, -0.00402624066919, 0.0129780769348, -0.00357082113624, 0.00457107834518], [0.000127051389427, 0.00226841494441, -0.00112455128692, 0.00175365316682, -0.000825477007311, 0.00142021139618, -0.00131400581449, 0.000530146935489, -0.000469186488772, 0.00219747237861, -0.00357082113624, 0.0125027010217, -0.00237074005418], [0.000764251162764, -0.00216510612518, 0.00116226985119, -0.00157958932687, 0.00126777368132, -0.00141222612001, 0.000869176001288, -0.000688622065354, -0.000159381335834, 0.000347096385667, 0.00457107834518, -0.00237074005418, 0.0137213850394]]
    },
    "melbands": {
        "dmean": [4.57635069324e-05, 0.000348133471562, 0.000616706616711, 0.000310398550937, 0.000164462893736, 0.000160246825544, 0.000104255974293, 9.35526040848e-05, 5.92061805946e-05, 4.93277257192e-05, 2.29183751799e-05, 1.01755404103e-05, 1.82422045327e-05, 1.25786746139e-05, 1.00836141428e-05, 1.08938502308e-05, 6.44970441499e-06, 3.26423241859e-06, 1.83178451607e-06, 1.22174333228e-06, 1.72383965946e-06, 2.92004301627e-06, 3.21992047247e-06, 1.88486387742e-06, 2.52639279097e-06, 5.47544823348e-06, 3.2269372241e-06, 4.48184806601e-07, 6.12144646084e-08, 5.51157874895e-08, 1.09873688814e-07, 2.49405275099e-07, 4.29403229418e-07, 4.47018834393e-07, 2.65179750158e-07, 2.45721025749e-07, 2.03945788257e-07, 1.62262821846e-07, 1.34570328214e-07, 1.49779296521e-07],
        "dmean2": [6.9690599048e-05, 0.000540761975572, 0.000926387030631, 0.000434801768279, 0.00022000070021, 0.000228979508393, 0.000138033763506, 0.000127649400383, 7.71926424932e-05, 6.04411579843e-05, 2.61671484623e-05, 1.2621492715e-05, 2.35279385379e-05, 1.59451810759e-05, 1.33117637233e-05, 1.43515972013e-05, 9.03473755898e-06, 4.51182404504e-06, 2.57180022345e-06, 1.57648480581e-06, 2.24208793043e-06, 3.92562606066e-06, 4.44877832706e-06, 2.50845823757e-06, 3.30401030624e-06, 7.03437353877e-06, 4.16502280132e-06, 6.07393474183e-07, 9.05866741618e-08, 8.2486550923e-08, 1.6191424379e-07, 3.58231488917e-07, 6.17194245933e-07, 6.39434119876e-07, 3.66966816046e-07, 3.34602191288e-07, 2.80721224044e-07, 2.24690879236e-07, 1.85043319334e-07, 2.0273060386e-07],
        "dvar": [1.20641887591e-08, 7.80448544901e-07, 1.1705748193e-06, 3.96773430111e-07, 1.07596243026e-07, 1.33910504019e-07, 2.10178228599e-07, 2.37793912561e-07, 7.43680104165e-08, 5.43633333905e-08, 1.26979093906e-08, 2.13916595548e-09, 8.42000691392e-09, 7.80209941098e-09, 3.52272033766e-09, 3.55944163033e-09, 2.09161288289e-09, 5.4744697664e-10, 1.78131467909e-10, 4.69105101986e-11, 3.64954177989e-11, 1.27587621024e-10, 1.41572947809e-10, 5.26906261678e-11, 8.50520903706e-11, 3.07904091112e-10, 1.66299127247e-10, 5.81704996672e-12, 2.1918477775e-13, 1.84886353731e-13, 6.05822629476e-13, 2.3609259079e-12, 6.13394144505e-12, 8.48630280631e-12, 4.1933579005e-12, 3.73436611495e-12, 3.09618324902e-12, 1.39714162548e-12, 8.77656562877e-13, 1.3887672479e-12],
        "dvar2": [2.32762804586e-08, 1.98547968466e-06, 2.63696506408e-06, 7.60705290759e-07, 2.17863259877e-07, 2.86906669089e-07, 4.41029129661e-07, 4.31643684351e-07, 1.30458118974e-07, 8.19672933972e-08, 1.50625858453e-08, 3.56008977853e-09, 1.83052435432e-08, 1.13984990335e-08, 6.31487573344e-09, 6.04560446149e-09, 3.77363784665e-09, 9.94134996546e-10, 3.49535594912e-10, 7.62237356566e-11, 6.40760292048e-11, 2.64903876612e-10, 2.75791084414e-10, 1.08995666659e-10, 1.62126687075e-10, 5.10966824407e-10, 2.79448936213e-10, 1.08586039466e-11, 4.91837527736e-13, 4.51623737322e-13, 1.34074327161e-12, 5.06808310596e-12, 1.25755109451e-11, 1.57258511768e-11, 7.94591562686e-12, 7.17459208363e-12, 6.21162756648e-12, 2.39988302668e-12, 1.52648412573e-12, 2.29993541573e-12],
        "max": [0.00509586697444, 0.0232865270227, 0.0234787743539, 0.026139723137, 0.0125428717583, 0.0106414342299, 0.0283962320536, 0.0246093273163, 0.013907680288, 0.0193801056594, 0.00880394876003, 0.00434523215517, 0.00514286244288, 0.00848098285496, 0.00463634636253, 0.00385714927688, 0.00419297302142, 0.00191085226834, 0.00128087424673, 0.000744407821912, 0.000383660197258, 0.000505932956003, 0.000499961955938, 0.000310092029395, 0.000421947625, 0.000562026281841, 0.000671434972901, 0.000125858423417, 2.06878448807e-05, 2.6235522455e-05, 4.13537745771e-05, 6.44133833703e-05, 9.79122705758e-05, 0.000205200718483, 8.04931405582e-05, 9.84277648968e-05, 0.000117115952889, 5.68921605009e-05, 3.95145398215e-05, 7.03077603248e-05],
        "mean": [9.51198671828e-05, 0.000679494638462, 0.00129445909988, 0.000772957457229, 0.000512430502567, 0.00050411146367, 0.000310534174787, 0.000209585952689, 0.000139782350743, 0.000130153246573, 5.71492964809e-05, 2.65923099505e-05, 4.11962719227e-05, 2.93260418402e-05, 2.13463772525e-05, 2.15365289478e-05, 1.18334082799e-05, 5.82032816965e-06, 3.56600708074e-06, 2.62456319433e-06, 3.57000658369e-06, 5.62945706406e-06, 7.08439210939e-06, 4.76732975585e-06, 6.66068535793e-06, 1.64961038536e-05, 9.95654409053e-06, 1.08930203169e-06, 8.64585061322e-08, 8.5837655206e-08, 1.93345456978e-07, 4.70357548465e-07, 8.78918854141e-07, 8.81955998011e-07, 4.68091400307e-07, 4.18085505771e-07, 3.35886880976e-07, 2.91672051844e-07, 2.4321394676e-07, 2.54218946338e-07],
        "median": [4.15955546487e-05, 0.000207081800909, 0.000697723357007, 0.000329468864948, 0.000279224885162, 0.000233864790061, 0.000113499292638, 3.04156710627e-05, 2.17904744204e-05, 1.17028175737e-05, 6.10051438343e-06, 3.60495528184e-06, 5.29655380888e-06, 1.07999585452e-06, 1.82183521247e-06, 1.73962212102e-06, 4.14115845615e-07, 7.19164745533e-07, 4.32322678989e-07, 4.11008045376e-07, 5.08763889684e-07, 4.09415918057e-07, 2.11905273773e-07, 1.12111145256e-07, 1.6372268874e-07, 1.76386834028e-07, 9.16941402807e-08, 2.29485124237e-08, 5.8171587547e-09, 3.18834114665e-09, 2.5653594804e-09, 2.37755282129e-09, 1.46296841308e-09, 1.47300427411e-09, 8.76234973468e-10, 1.02455322004e-09, 5.58225798919e-10, 3.52547852023e-10, 3.08236991486e-10, 2.62766836068e-10],
        "min": [4.90717670853e-24, 3.56733432634e-24, 1.0854572228e-24, 2.15734584081e-24, 6.58821760389e-24, 6.13005981191e-24, 2.91114207601e-24, 4.4311038854e-24, 5.02089692448e-24, 8.50531605322e-24, 3.86389514517e-24, 3.73326372357e-24, 5.15377699409e-24, 6.72306548702e-24, 8.22180575477e-24, 1.05374951091e-23, 4.25845615427e-24, 5.99567853999e-24, 6.28844336015e-24, 6.42983918324e-24, 6.60950185997e-24, 5.85733994735e-24, 8.51435324375e-24, 6.24479529184e-24, 8.04864920836e-24, 1.00525539117e-23, 5.67785042559e-24, 4.51992528459e-24, 6.66472370106e-24, 6.08455279287e-24, 7.45802668204e-24, 1.038323967e-23, 7.4758809709e-24, 8.13678627071e-24, 6.30995480818e-24, 8.53544422892e-24, 7.65973999322e-24, 8.99068086896e-24, 7.88848125674e-24, 7.80354539194e-24],
        "var": [4.22770476405e-08, 1.88890101072e-06, 3.21044126395e-06, 1.72795250819e-06, 5.65150514831e-07, 5.87315412304e-07, 5.18889748946e-07, 7.37593609301e-07, 2.44229227064e-07, 3.73206006543e-07, 9.55377643663e-08, 1.66523062006e-08, 2.14712727598e-08, 4.13965111079e-08, 1.3198889981e-08, 1.1190982363e-08, 7.26261539796e-09, 1.34556998876e-09, 4.71069960817e-10, 1.62937843773e-10, 1.05884599699e-10, 3.31199206949e-10, 5.55699930516e-10, 2.33159741514e-10, 3.896738765e-10, 2.21025220348e-09, 1.33766786536e-09, 3.27538551836e-11, 3.24914818358e-13, 2.66422355098e-13, 1.05426637472e-12, 5.13251507267e-12, 1.56894965769e-11, 2.16004974324e-11, 1.20373745693e-11, 9.09679102878e-12, 6.24370086882e-12, 4.26783001301e-12, 2.51111631488e-12, 3.82561994236e-12]
    },
    "mfcc": {
        "mean": [-794.237365723, 196.038070679, 18.5565910339, 23.4529399872, 14.6956529617, -16.0525245667, -5.13051986694, -0.629768967628, -19.0421867371, -4.66921186447, -2.45133972168, -12.0526390076, 3.56648421288],
        "cov": [[10065.4296875, -1874.36804199, -1444.20935059, -110.74432373, -754.486328125, -1002.2598877, -191.273345947, 464.01852417, -1017.9029541, -182.153747559, 517.209655762, -686.610168457, 61.3035354614], [-1874.36804199, 2409.98876953, -200.416976929, -41.4445419312, 247.71913147, -45.3738594055, 22.0303821564, -149.628677368, 195.867019653, -45.8811035156, -296.160797119, 89.9723739624, -75.1687011719], [-1444.20935059, -200.416976929, 1121.37854004, 18.0422725677, 88.7112808228, 432.968353271, -111.893341064, -202.61378479, 216.91569519, 35.6345214844, -68.556022644, 131.969665527, -16.2983531952], [-110.74432373, -41.4445419312, 18.0422725677, 260.936889648, 75.553276062, -2.57976722717, 0.754768967628, -1.24059474468, 3.76576447487, 3.19734597206, -10.1858539581, 12.1498498917, 29.2822666168], [-754.486328125, 247.71913147, 88.7112808228, 75.553276062, 401.897613525, 108.245895386, -69.6120376587, -73.1990814209, 106.830322266, 44.6726264954, -45.3308868408, 62.0504798889, -35.7342147827], [-1002.2598877, -45.3738594055, 432.968353271, -2.57976722717, 108.245895386, 392.597320557, -17.5276660919, -130.003387451, 157.333831787, 34.5702056885, -41.0851669312, 98.4307937622, -29.6404285431], [-191.273345947, 22.0303821564, -111.893341064, 0.754768967628, -69.6120376587, -17.5276660919, 272.662902832, 97.1447067261, -65.6333999634, 7.64960432053, 30.2039527893, 11.4348230362, 21.3437843323], [464.01852417, -149.628677368, -202.61378479, -1.24059474468, -73.1990814209, -130.003387451, 97.1447067261, 217.952713013, -56.0049781799, -40.1770515442, 50.1842346191, -30.7623538971, 24.3783168793], [-1017.9029541, 195.867019653, 216.91569519, 3.76576447487, 106.830322266, 157.333831787, -65.6333999634, -56.0049781799, 301.994689941, 55.7782516479, -121.033531189, 91.0514373779, -28.0334968567], [-182.153747559, -45.8811035156, 35.6345214844, 3.19734597206, 44.6726264954, 34.5702056885, 7.64960432053, -40.1770515442, 55.7782516479, 129.510772705, 2.09208583832, -1.5615477562, -10.3169174194], [517.209655762, -296.160797119, -68.556022644, -10.1858539581, -45.3308868408, -41.0851669312, 30.2039527893, 50.1842346191, -121.033531189, 2.09208583832, 199.169418335, -11.5071048737, -4.15618801117], [-686.610168457, 89.9723739624, 131.969665527, 12.1498498917, 62.0504798889, 98.4307937622, 11.4348230362, -30.7623538971, 91.0514373779, -1.5615477562, -11.5071048737, 151.207855225, 3.58460140228], [61.3035354614, -75.1687011719, -16.2983531952, 29.2822666168, -35.7342147827, -29.6404285431, 21.3437843323, 24.3783168793, -28.0334968567, -10.3169174194, -4.15618801117, 3.58460140228, 97.8164367676]],
