{
"lowlevel": {
    "average_loudness": 0.853217422962,
    "barkbands_crest": {
        "dmean": 2.19217562675,
        "dmean2": 3.42513751984,
        "dvar": 6.23199510574,
        "dvar2": 14.9087238312,
        "max": 26.8814964294,
        "mean": 15.9194250107,
        "median": 15.6324291229,
        "min": 2.15517735481,
        "var": 27.8395786285
    },
    "barkbands_flatness_db": {
        "dmean": 0.0299496389925,
        "dmean2": 0.0427674353123,
        "dvar": 0.00133667769842,
        "dvar2": 0.00250193173997,
        "max": 0.653650641441,
        "mean": 0.313742339611,
        "median": 0.312299251556,
        "min": 0.0232613012195,
        "var": 0.00903341267258
    },
    "barkbands_kurtosis": {
        "dmean": 12.2212591171,
        "dmean2": 18.6732120514,
        "dvar": 557.886474609,
        "dvar2": 1302.69812012,
        "max": 796.327880859,
        "mean": 30.0242557526,
        "median": 18.5185089111,
        "min": -1.7824896574,
        "var": 1570.52929688
    },
    "barkbands_skewness": {
        "dmean": 0.843824088573,
        "dmean2": 1.25190293789,
        "dvar": 1.11874985695,
        "dvar2": 2.42071866989,
        "max": 27.9877262115,
        "mean": 3.70537042618,
        "median": 3.42240691185,
        "min": -3.90865826607,
        "var": 6.28820896149
    },
    "barkbands_spread": {
        "dmean": 1.54483163357,
        "dmean2": 2.34261107445,
        "dvar": 11.9922246933,
        "dvar2": 27.7073249817,
        "max": 115.756034851,
        "mean": 4.77305364609,
        "median": 3.14949321747,
        "min": 0.117131486535,
        "var": 33.0740699768
    },
    "dissonance": {
        "dmean": 0.0301494970918,
        "dmean2": 0.0498802699149,
        "dvar": 0.000904827669729,
        "dvar2": 0.00243635848165,
        "max": 0.499999940395,
        "mean": 0.410725057125,
        "median": 0.424167096615,
        "min": 0.00500487862155,
        "var": 0.00362764950842
    },
    "dynamic_complexity": 6.29393148422,
    "erbbands_crest": {
        "dmean": 2.27743291855,
        "dmean2": 3.5346930027,
        "dvar": 5.87598752975,
        "dvar2": 13.7597084045,
        "max": 34.0829162598,
        "mean": 11.5038785934,
        "median": 10.4423418045,
        "min": 2.34641838074,
        "var": 25.9566955566
    },
    "erbbands_flatness_db": {
        "dmean": 0.021251488477,
        "dmean2": 0.0295039303601,
        "dvar": 0.000686157494783,
        "dvar2": 0.00122903625015,
        "max": 0.490543335676,
        "mean": 0.222432523966,
        "median": 0.209655746818,
        "min": 0.0217576194555,
        "var": 0.00734157767147
    },
    "erbbands_kurtosis": {
        "dmean": 1.16895401478,
        "dmean2": 1.77869021893,
        "dvar": 3.12181162834,
        "dvar2": 6.89439439774,
        "max": 64.0338516235,
        "mean": 1.87792122364,
        "median": 1.03066396713,
        "min": -1.84301590919,
        "var": 11.549955368
    },
    "erbbands_skewness": {
        "dmean": 0.319737374783,
        "dmean2": 0.478464841843,
        "dvar": 0.110522218049,
        "dvar2": 0.248028486967,
        "max": 5.35211420059,
        "mean": 0.916682600975,
        "median": 0.926715016365,
        "min": -3.33757066727,
        "var": 0.641473650932
    },
    "erbbands_spread": {
        "dmean": 7.87722826004,
        "dmean2": 11.9018115997,
        "dvar": 158.063232422,
        "dvar2": 351.610290527,
        "max": 144.599624634,
        "mean": 30.2671737671,
        "median": 26.0769481659,
        "min": 0.862812936306,
        "var": 395.44921875
    },
    "hfc": {
        "dmean": 3.46452116966,
        "dmean2": 5.16626930237,
        "dvar": 29.5791664124,
        "dvar2": 68.470161438,
        "max": 88.4952850342,
        "mean": 12.6716470718,
        "median": 10.8018064499,
        "min": 1.05068322588e-16,
        "var": 123.394271851
    },
    "melbands_crest": {
        "dmean": 2.38863396645,
        "dmean2": 3.69639086723,
        "dvar": 6.44643449783,
        "dvar2": 15.4308767319,
        "max": 39.9555091858,
        "mean": 19.9302635193,
        "median": 20.0629043579,
        "min": 1.53410184383,
        "var": 34.4335594177
    },
    "melbands_flatness_db": {
        "dmean": 0.0332367233932,
        "dmean2": 0.0467296428978,
        "dvar": 0.00173188431654,
        "dvar2": 0.00323432567529,
        "max": 0.835080981255,
        "mean": 0.418742060661,
        "median": 0.418944299221,
        "min": 0.00300751300529,
        "var": 0.0134165165946
    },
    "melbands_kurtosis": {
        "dmean": 19.2033843994,
        "dmean2": 29.3581352234,
        "dvar": 1575.53710938,
        "dvar2": 3562.69458008,
        "max": 1409.78430176,
        "mean": 46.6076850891,
        "median": 31.0341072083,
        "min": -1.73046505451,
        "var": 3421.84130859
    },
    "melbands_skewness": {
        "dmean": 0.932504832745,
        "dmean2": 1.39817655087,
        "dvar": 1.76194560528,
        "dvar2": 3.84409332275,
        "max": 36.4082641602,
        "mean": 4.33364582062,
        "median": 4.12441110611,
        "min": -2.88896203041,
        "var": 6.90587806702
    },
    "melbands_spread": {
        "dmean": 1.61489784718,
        "dmean2": 2.45293354988,
        "dvar": 31.273109436,
        "dvar2": 69.1800842285,
        "max": 177.331512451,
        "mean": 6.32824897766,
        "median": 2.75435352325,
        "min": 0.282306969166,
        "var": 280.472229004
    },
    "pitch_salience": {
        "dmean": 0.064445592463,
        "dmean2": 0.10120292753,
        "dvar": 0.00505482265726,
        "dvar2": 0.0125962356105,
        "max": 0.980361104012,
        "mean": 0.413023293018,
        "median": 0.415643811226,
        "min": 0.00458158645779,
        "var": 0.022344680503
    },
    "silence_rate_20dB": {
        "dmean": 0.0100182145834,
        "dmean2": 0.020038254559,
        "dvar": 0.00991701055318,
        "dvar2": 0.0234591700137,
        "max": 1,
        "mean": 0.989527344704,
        "median": 1,
        "min": 0,
        "var": 0.0103611405939
    },
    "silence_rate_30dB": {
        "dmean": 0.0801457166672,
        "dmean2": 0.160306036472,
        "dvar": 0.0737128406763,
        "dvar2": 0.156857222319,
        "max": 1,
        "mean": 0.546125113964,
        "median": 1,
        "min": 0,
        "var": 0.247896596789
    },
    "silence_rate_60dB": {
        "dmean": 0.00947176665068,
        "dmean2": 0.0189452599734,
        "dvar": 0.00938373524696,
        "dvar2": 0.021321926266,
        "max": 1,
        "mean": 0.16665148735,
        "median": 0,
        "min": 0,
        "var": 0.138906210661
    },
    "spectral_centroid": {
        "dmean": 107.579940796,
        "dmean2": 168.327011108,
        "dvar": 103608.820312,
        "dvar2": 193926.6875,
        "max": 11705.5449219,
        "mean": 586.054870605,
        "median": 381.334777832,
        "min": 99.8455810547,
        "var": 1439998.5
    },
    "spectral_complexity": {
        "dmean": 1.55245900154,
        "dmean2": 2.56380367279,
        "dvar": 4.86836338043,
        "dvar2": 12.0118112564,
        "max": 39,
        "mean": 8.7442855835,
        "median": 9,
        "min": 0,
        "var": 21.9740390778
    },
    "spectral_decrease": {
        "dmean": 7.98341392994e-09,
        "dmean2": 1.16979732567e-08,
        "dvar": 1.64449487946e-16,
        "dvar2": 3.56287177436e-16,
        "max": 2.66850353081e-28,
        "mean": -2.59592631835e-08,
        "median": -2.05227745909e-08,
        "min": -1.37480242302e-07,
        "var": 6.12030167604e-16
    },
    "spectral_energy": {
        "dmean": 0.0303830001503,
        "dmean2": 0.0445250980556,
        "dvar": 0.00237874174491,
        "dvar2": 0.00515400106087,
        "max": 0.524062931538,
        "mean": 0.0991256386042,
        "median": 0.0786096081138,
        "min": 9.82719325164e-21,
        "var": 0.00887923687696
    },
    "spectral_energyband_high": {
        "dmean": 0.000124061494716,
        "dmean2": 0.000197775414563,
        "dvar": 1.29057468712e-07,
        "dvar2": 3.29575641445e-07,
        "max": 0.008519413881,
        "mean": 0.000166570229339,
        "median": 2.63942238234e-05,
        "min": 7.11816301304e-21,
        "var": 2.86844482389e-07
    },
    "spectral_energyband_low": {
        "dmean": 0.0293864738196,
        "dmean2": 0.0429047755897,
        "dvar": 0.00230297190137,
        "dvar2": 0.00498189404607,
        "max": 0.514799118042,
        "mean": 0.0866286382079,
        "median": 0.0621403306723,
        "min": 1.59151520114e-23,
        "var": 0.00805061869323
    },
    "spectral_energyband_middle_high": {
        "dmean": 0.000546091527212,
        "dmean2": 0.000831871002447,
        "dvar": 9.26047221128e-07,
        "dvar2": 2.19053686124e-06,
        "max": 0.0181466750801,
        "mean": 0.00140810548328,
        "median": 0.000707598403096,
        "min": 1.13976986383e-21,
        "var": 3.16159025715e-06
    },
    "spectral_energyband_middle_low": {
        "dmean": 0.00436417432502,
        "dmean2": 0.00697840983048,
        "dvar": 7.88148827269e-05,
        "dvar2": 0.000204868119908,
        "max": 0.183969035745,
        "mean": 0.0134991854429,
        "median": 0.00884340982884,
        "min": 1.53965554834e-22,
        "var": 0.000250528973993
    },
    "spectral_entropy": {
        "dmean": 0.255678027868,
        "dmean2": 0.361940354109,
        "dvar": 0.11535577476,
        "dvar2": 0.220615908504,
        "max": 9.82500076294,
        "mean": 6.38547897339,
        "median": 6.35722875595,
        "min": 3.78643274307,
        "var": 0.826288580894
    },
    "spectral_flux": {
        "dmean": 0.0402618832886,
        "dmean2": 0.0662091448903,
        "dvar": 0.00375456712209,
        "dvar2": 0.00933389086276,
        "max": 0.59417527914,
        "mean": 0.0891899988055,
        "median": 0.0661795660853,
        "min": 6.32359997699e-11,
        "var": 0.00768700661138
    },
    "spectral_kurtosis": {
        "dmean": 10.2334213257,
        "dmean2": 17.004535675,
        "dvar": 285.475830078,
        "dvar2": 749.333190918,
        "max": 398.27923584,
        "mean": 26.9519824982,
        "median": 10.3268203735,
        "min": -1.27385962009,
        "var": 2013.95629883
    },
    "spectral_rms": {
        "dmean": 0.00131185306236,
        "dmean2": 0.00188088638242,
        "dvar": 3.73495845452e-06,
        "dvar2": 7.66722769185e-06,
        "max": 0.0226115211844,
        "mean": 0.00829245802015,
        "median": 0.00875741429627,
        "min": 3.09636973179e-12,
        "var": 2.79434680124e-05
    },
    "spectral_rolloff": {
        "dmean": 87.0272674561,
        "dmean2": 143.136566162,
        "dvar": 275405.375,
        "dvar2": 492695.5625,
        "max": 19573.6816406,
        "mean": 548.603393555,
        "median": 172.265625,
        "min": 21.533203125,
        "var": 4594768.5
    },
    "spectral_skewness": {
        "dmean": 0.702496767044,
        "dmean2": 1.13341259956,
        "dvar": 0.717305421829,
        "dvar2": 1.81520104408,
        "max": 16.3222923279,
        "mean": 3.21232199669,
        "median": 2.45955276489,
        "min": -0.0918639749289,
        "var": 5.6012172699
    },
    "spectral_spread": {
        "dmean": 681279,
        "dmean2": 986076.375,
        "dvar": 2.02352217293e+12,
        "dvar2": 3.69594361446e+12,
        "max": 43048336,
        "mean": 3443779.25,
        "median": 2664309,
        "min": 267354.125,
        "var": 1.95298852864e+13
    },
    "spectral_strongpeak": {
        "dmean": 0.225291326642,
        "dmean2": 0.368772029877,
        "dvar": 0.106951847672,
        "dvar2": 0.256073325872,
        "max": 3.91983008385,
        "mean": 0.675895154476,
        "median": 0.573039114475,
        "min": 0,
        "var": 0.301696479321
    },
    "zerocrossingrate": {
        "dmean": 0.00420704530552,
        "dmean2": 0.00542486272752,
        "dvar": 0.00018810898473,
        "dvar2": 0.000276142411167,
        "max": 0.65185546875,
        "mean": 0.0219085365534,
        "median": 0.01123046875,
        "min": 0,
        "var": 0.0036619969178
    },
    "barkbands": {
        "dmean": [0.00143858918454, 0.0250749215484, 0.0085260104388, 0.00234638573602, 0.00193407293409, 0.000681358098518, 0.00052801676793, 0.000344825326465, 0.000140801872476, 0.00037958152825, 0.000136510425364, 4.58371287095e-05, 3.17746998917e-05, 1.60629206221e-05, 1.85998851521e-05, 1.9641182007e-05, 2.66883762379e-05, 2.42918540607e-05, 2.69791162282e-05, 2.77205290331e-05, 3.2665735489e-05, 2.53611269727e-05, 2.29330398724e-05, 1.95524917217e-05, 1.30639209601e-05, 2.73646151072e-06, 6.36263337128e-07],
        "dmean2": [0.00258834031411, 0.0373807549477, 0.0132244657725, 0.00381238642149, 0.00313108111732, 0.00112059037201, 0.000769396196119, 0.000480705144582, 0.000205313190236, 0.0005792179727, 0.000201856950298, 7.16536451364e-05, 5.19366949447e-05, 2.5980420105e-05, 3.05943467538e-05, 3.21718762279e-05, 4.43323551735e-05, 3.98663214582e-05, 4.37469898316e-05, 4.3863994506e-05, 5.32452504558e-05, 3.98208103434e-05, 3.76410389435e-05, 3.23163112625e-05, 2.13379735214e-05, 4.04782167607e-06, 9.41498058182e-07],
        "dvar": [2.21942245844e-05, 0.001789453323, 0.000278576655546, 3.70158086298e-05, 1.54691224452e-05, 2.27235659622e-06, 1.29184081743e-06, 8.44950363899e-07, 1.15300558434e-07, 7.61308172059e-07, 1.19121530417e-07, 2.73689266805e-08, 1.13705365123e-08, 1.12440090572e-09, 1.57534785217e-09, 1.19865939396e-09, 3.07053404924e-09, 2.63634358788e-09, 3.42246542218e-09, 4.38482850029e-09, 7.94068188981e-09, 5.27232790759e-09, 5.23945198339e-09, 4.0261869394e-09, 1.75013270542e-09, 1.36312253152e-10, 6.02735847344e-11],
        "dvar2": [6.50978472549e-05, 0.0040701306425, 0.000619377300609, 9.18276273296e-05, 4.03092053602e-05, 6.20599894319e-06, 2.42019518737e-06, 1.33402511437e-06, 2.3721828768e-07, 1.83070528692e-06, 2.47616526394e-07, 6.30189163076e-08, 2.73529092709e-08, 2.88087553812e-09, 3.80140896539e-09, 3.0829301334e-09, 7.98822608061e-09, 6.8322196789e-09, 9.27642673787e-09, 1.10007309928e-08, 2.06212931175e-08, 1.33592985563e-08, 1.37849935911e-08, 1.06979936021e-08, 4.50992221346e-09, 2.14952125543e-10, 1.06311175141e-10],
        "max": [0.0684489011765, 0.462757766247, 0.258498042822, 0.113433495164, 0.138783767819, 0.030685108155, 0.0441780872643, 0.0248634591699, 0.0075686359778, 0.0175755396485, 0.00970895215869, 0.00404238607734, 0.00445157010108, 0.000608118367381, 0.00103449996095, 0.000532586476766, 0.00130819971673, 0.000713357760105, 0.00131136551499, 0.00227176584303, 0.00215883157216, 0.00178436364513, 0.00195857137442, 0.00172169634607, 0.000957427022513, 0.00081253942335, 0.00055401067948],
        "mean": [0.00249949959107, 0.0649917423725, 0.0165886934847, 0.00462083565071, 0.00489959307015, 0.00154156936333, 0.00111825147178, 0.000940492376685, 0.000316330988426, 0.000764312746469, 0.000292432960123, 9.19951344258e-05, 5.33558886673e-05, 2.72903835139e-05, 3.22862906614e-05, 3.619078052e-05, 4.56101661257e-05, 3.40152037097e-05, 4.53462998848e-05, 4.60416486021e-05, 4.42445380031e-05, 3.15120669256e-05, 2.67217856162e-05, 2.10032358154e-05, 1.22674691738e-05, 3.53377754436e-06, 7.6030710261e-07],
        "median": [0.000992222572677, 0.0327848941088, 0.00725687341765, 0.0011464857962, 0.00218143383972, 0.000754280947149, 0.000366752705304, 0.00019848413649, 0.00012384490401, 0.000155071815243, 8.01824062364e-05, 3.27887792082e-05, 2.06991044251e-05, 1.26530512716e-05, 1.48941517182e-05, 1.84340133274e-05, 1.91916533367e-05, 1.18649486467e-05, 1.45265457832e-05, 1.1049944078e-05, 8.03600414656e-06, 3.44864724866e-06, 1.17422200674e-06, 7.4563445196e-07, 2.92046763661e-07, 1.0917821669e-07, 7.73199371196e-09],
        "min": [1.03358509465e-25, 2.16390699417e-24, 1.06929504057e-24, 6.76693463361e-25, 1.35473765381e-23, 6.30970552813e-24, 8.64684322165e-24, 5.02468621784e-24, 6.83257594675e-24, 1.2782380253e-23, 1.1959937539e-23, 1.9360961132e-23, 2.99165874202e-23, 2.94904510701e-23, 4.30593950653e-23, 4.27017728625e-23, 8.14628888918e-23, 9.65740244023e-23, 1.13358390691e-22, 1.69325522318e-22, 2.68025021989e-22, 2.63925166714e-22, 3.26185931617e-22, 5.42897154686e-22, 7.22934903226e-22, 1.31935539943e-21, 1.98533908914e-21],
        "var": [1.91035378521e-05, 0.00536625785753, 0.000657753553241, 8.46813272801e-05, 7.17120128684e-05, 4.75351725981e-06, 4.40673375124e-06, 4.26515043728e-06, 3.1919785215e-07, 1.9680803689e-06, 5.40563803497e-07, 6.86279477691e-08, 2.19618101482e-08, 1.72096459305e-09, 3.45501383059e-09, 2.39011321845e-09, 5.77182701633e-09, 3.3900964258e-09, 7.71519292897e-09, 1.46920902111e-08, 1.55145833958e-08, 9.25620469161e-09, 1.22364118837e-08, 7.47998729622e-09, 2.11574757714e-09, 5.91598325883e-10, 1.31002805825e-10]
    },
    "erbbands": {
        "dmean": [0.745816528797, 5.80287218094, 10.2788105011, 8.31621742249, 6.1178021431, 7.53296327591, 5.89748096466, 5.71952295303, 8.42166137695, 7.12412929535, 5.13159799576, 3.48325967789, 3.52865839005, 14.6158771515, 5.10562229156, 2.02138614655, 1.62789750099, 0.851945459843, 0.899842858315, 1.00434434414, 1.08712673187, 1.29002761841, 1.2534686327, 1.28665876389, 1.42687642574, 1.30839216709, 1.52126967907, 1.00026321411, 0.983678221703, 0.846788644791, 0.612307727337, 0.407472789288, 0.318192839622, 0.19704452157, 0.0707534104586, 0.0191153362393, 0.00406075594947, 0.000807014293969, 0.00011684018682, 3.7288886233e-05],
        "dmean2": [1.07032990456, 8.79805183411, 15.6421880722, 13.2151327133, 9.98230838776, 12.0765008926, 9.82116699219, 9.38645839691, 12.4868345261, 10.2422647476, 7.10265493393, 5.01687955856, 5.29147863388, 22.3358726501, 7.43471908569, 3.1218316555, 2.62011647224, 1.39348113537, 1.46918416023, 1.67834675312, 1.76741302013, 2.12469768524, 2.04108262062, 2.149548769, 2.27033352852, 2.10747289658, 2.48374056816, 1.5956839323, 1.52650368214, 1.37495172024, 1.02250182629, 0.672757208347, 0.532970547676, 0.327479332685, 0.113171808422, 0.029863094911, 0.00588441872969, 0.00119662401266, 0.000179877679329, 5.45272232557e-05],
        "dvar": [1.57793056965, 100.431045532, 402.214294434, 328.494476318, 195.844039917, 294.056640625, 224.843994141, 157.714004517, 339.74887085, 280.293884277, 212.629241943, 76.3747558594, 45.8535499573, 1103.07250977, 161.24621582, 62.9093818665, 28.4752311707, 3.75294208527, 4.10643005371, 3.85937070847, 4.08000469208, 7.61788272858, 6.88184928894, 8.55275249481, 9.05954742432, 10.8077516556, 15.39057827, 8.97149276733, 7.85532283783, 6.32231330872, 4.10347080231, 1.73222839832, 1.11729490757, 0.420941025019, 0.0504418425262, 0.0038990622852, 0.000527343014255, 5.48553362023e-05, 1.42262354075e-06, 9.70486535579e-09],
        "dvar2": [3.28342843056, 234.812637329, 824.594665527, 829.1484375, 532.17364502, 721.082519531, 618.380981445, 424.655853271, 680.577575684, 522.072265625, 323.215606689, 156.383102417, 101.7758255, 2642.49047852, 318.300415039, 144.526626587, 67.5057754517, 9.79361629486, 9.52013111115, 10.1817569733, 10.2752103806, 20.134721756, 17.5935325623, 23.4927196503, 23.8686733246, 27.6735782623, 39.3249778748, 23.3826618195, 19.6452865601, 16.3914527893, 11.0305166245, 4.65164327621, 2.95693588257, 1.1214376688, 0.123230278492, 0.00825844053179, 0.000780641566962, 8.15934254206e-05, 2.93626226266e-06, 1.85254318552e-08],
        "max": [12.2826805115, 107.033859253, 346.051849365, 313.406066895, 314.50201416, 790.499938965, 359.850372314, 282.563812256, 677.073303223, 460.924316406, 456.882507324, 192.679351807, 142.404098511, 682.573547363, 468.515167236, 203.373748779, 220.088256836, 32.0658378601, 62.606918335, 35.2808456421, 38.9070549011, 90.7935409546, 36.3336524963, 71.4864273071, 68.3424987793, 105.778800964, 66.0761566162, 107.023612976, 66.0659637451, 40.5103683472, 64.5803451538, 48.8260040283, 20.2031269073, 11.8524980545, 6.68159818649, 3.05485773087, 1.73098433018, 0.551831066608, 0.0776872038841, 0.00635730708018],
        "mean": [1.93097627163, 14.1286172867, 21.5410785675, 18.0835571289, 13.9903087616, 18.9905414581, 12.5443468094, 13.2253036499, 17.7415046692, 19.2161808014, 14.2112026215, 8.06208229065, 8.46933269501, 28.5865955353, 12.1833820343, 4.41804075241, 3.04671645164, 1.50361442566, 1.65976142883, 1.7953094244, 2.06930017471, 2.24602341652, 1.97965681553, 2.02471208572, 2.53666090965, 2.18096995354, 2.06224036217, 1.46978867054, 1.22297346592, 0.940723240376, 0.726256608963, 0.483902543783, 0.31697010994, 0.1767924577, 0.0694822892547, 0.0218619443476, 0.00556495971978, 0.00104783417191, 0.000168316779309, 0.000115049733722],
        "median": [1.03657591343, 6.3662853241, 11.0344676971, 7.44548559189, 5.54884290695, 7.00983762741, 6.88562679291, 6.08666276932, 5.84473276138, 6.04764413834, 4.1542930603, 3.44353103638, 4.02295207977, 6.47489643097, 4.37661504745, 1.82893466949, 1.27670395374, 0.77017146349, 0.821982502937, 0.982149660587, 1.10626876354, 0.973239302635, 0.765045940876, 0.828796625137, 0.679311931133, 0.591541290283, 0.463494747877, 0.226797148585, 0.124336190522, 0.0738879442215, 0.0357232913375, 0.0191748794168, 0.00998459849507, 0.00442170770839, 0.00154366134666, 0.000695043127052, 0.000204324926017, 1.99904316105e-05, 4.43799399363e-05, 8.76496851561e-05],
        "min": [6.36222694057e-23, 6.66660267307e-22, 2.72185981798e-21, 5.47601199159e-21, 1.59428238636e-20, 4.09770864422e-20, 4.78149394329e-20, 7.46281896281e-20, 9.04327224642e-20, 1.79554105164e-19, 1.85747348581e-19, 2.50600596277e-19, 4.55086648886e-19, 6.94675222312e-19, 5.76811497601e-19, 1.14393981216e-18, 1.49716888798e-18, 1.66065193366e-18, 2.18102753471e-18, 2.5260232683e-18, 2.85984379182e-18, 4.90677045999e-18, 5.50208324785e-18, 6.61776212419e-18, 7.48002388011e-18, 7.22315452141e-18, 9.98160334093e-18, 1.093477845e-17, 1.04265355206e-17, 1.00281678192e-17, 1.06915840412e-17, 1.05852053057e-17, 8.81143394174e-18, 7.21711279422e-18, 6.70634530958e-18, 4.19644606616e-18, 2.40473398188e-18, 9.91583379683e-19, 2.43295350697e-19, 2.7551567053e-20],
        "var": [5.37056112289, 285.428436279, 1074.00915527, 672.47668457, 702.911193848, 1753.03015137, 372.923828125, 413.929504395, 1095.27746582, 1330.64257812, 982.833251953, 180.790222168, 143.084503174, 2690.75292969, 955.130126953, 140.995361328, 62.3443145752, 5.04067516327, 10.3704166412, 6.21180200577, 7.81830453873, 13.7953996658, 10.3463058472, 15.1941747665, 24.8371200562, 31.6316299438, 25.5093803406, 23.6829528809, 13.7519893646, 9.42926025391, 10.921585083, 4.54905080795, 1.55883347988, 0.43437692523, 0.0708029866219, 0.0124581437558, 0.00211388897151, 0.000155390473083, 2.83412077806e-06, 2.64678128303e-08]
    },
    "gfcc": {
        "mean": [-127.026069641, 169.860366821, -80.2738342285, 32.2715034485, -39.1607894897, -0.436796158552, -10.9364032745, 1.32885599136, -13.3792057037, -9.19673728943, -6.07282400131, -3.72759413719, 1.58066773415],
        "cov": [[37905.359375, -10.8149337769, -967.634765625, 4210.96044922, -1055.86352539, 1683.68579102, 605.024597168, 1399.40551758, 138.714294434, 519.938354492, 246.93397522, 294.584686279, 275.470550537], [-10.8149337769, 2648.56005859, -446.806427002, -858.163391113, 502.329956055, -672.742553711, 151.361236572, -406.299316406, 127.431877136, -277.705383301, 57.444694519, -196.745010376, 62.7984619141], [-967.634765625, -446.806427002, 1066.76489258, 370.491973877, 176.017547607, 328.491455078, 93.932762146, 204.061019897, 128.649673462, 130.963623047, 60.9709625244, 22.0858821869, 10.860956192], [4210.96044922, -858.163391113, 370.491973877, 1280.51843262, -62.1447639465, 555.899108887, 258.269226074, 408.486694336, 130.654571533, 190.997009277, 98.0426483154, 82.2302017212, 63.5877571106], [-1055.86352539, 502.329956055, 176.017547607, -62.1447639465, 482.609985352, -54.3229980469, 195.268890381, -35.1425018311, 118.584999084, -13.8920078278, 56.35181427, -43.971244812, 44.0105857849], [1683.68579102, -672.742553711, 328.491455078, 555.899108887, -54.3229980469, 466.035888672, 84.2746963501, 215.113723755, 6.90293931961, 107.893867493, 41.0794906616, 78.2285385132, 23.8077278137], [605.024597168, 151.361236572, 93.932762146, 258.269226074, 195.268890381, 84.2746963501, 306.52532959, 112.342910767, 113.008003235, 11.3886203766, 78.1873321533, 13.9605703354, 54.5887107849], [1399.40551758, -406.299316406, 204.061019897, 408.486694336, -35.1425018311, 215.113723755, 112.342910767, 274.821685791, 70.6935882568, 98.1867828369, 30.2259941101, 36.5045661926, 23.8470115662], [138.714294434, 127.431877136, 128.649673462, 130.654571533, 118.584999084, 6.90293931961, 113.008003235, 70.6935882568, 191.447921753, 60.0329284668, 35.2126350403, -37.7342185974, 17.8183708191], [519.938354492, -277.705383301, 130.963623047, 190.997009277, -13.8920078278, 107.893867493, 11.3886203766, 98.1867828369, 60.0329284668, 132.100723267, 26.0371875763, 16.5160999298, -6.96777534485], [246.93397522, 57.444694519, 60.9709625244, 98.0426483154, 56.35181427, 41.0794906616, 78.1873321533, 30.2259941101, 35.2126350403, 26.0371875763, 105.586463928, 28.999994278, 29.1133937836], [294.584686279, -196.745010376, 22.0858821869, 82.2302017212, -43.971244812, 78.2285385132, 13.9605703354, 36.5045661926, -37.7342185974, 16.5160999298, 28.999994278, 95.0711669922, 38.2873077393], [275.470550537, 62.7984619141, 10.860956192, 63.5877571106, 44.0105857849, 23.8077278137, 54.5887107849, 23.8470115662, 17.8183708191, -6.96777534485, 29.1133937836, 38.2873077393, 96.8261032104]],
        "icov": [[0.000122893368825, -0.000408127205446, 0.000244299706537, -0.000459001748823, 0.000249080476351, -0.000363775412552, 0.000221444119234, -0.000405739207054, 0.000220890622586, -0.000422076089308, 0.000265685608611, -0.00031299656257, 0.000113270783913], [-0.000408127205446, 0.00248801661655, -0.000649675552268, 0.00175074464642, -0.00126974831801, 0.00186056399252, -0.00109782523941, 0.00185449176934, -0.00127665116452, 0.00260418560356, -0.00198469986208, 0.00252070301212, -0.00122520094737], [0.000244299706537, -0.000649675552268, 0.00208455813117, -0.000700267613865, -0.000470337225124, -0.00183225842193, 0.00126489752438, -0.00147197057959, -0.000498458917718, -0.000617555226199, 1.49739453263e-05, -0.000630346010439, 0.000558125844691], [-0.000459001748823, 0.00175074464642, -0.000700267613865, 0.0042353249155, -0.000339817401255, -0.000625756918453, -0.00206513958983, 0.000424422149081, -0.00138872640673, 0.000993623165414, -0.0016484928783, 0.00233052298427, -0.00126323755831], [0.000249080476351, -0.00126974831801, -0.000470337225124, -0.000339817401255, 0.00514248525724, -0.000950177258346, -0.00278528803028, 0.000867663300596, 0.000266384537099, -0.00221164594404, 0.000633851916064, 0.000999763724394, -0.00115047814324], [-0.000363775412552, 0.00186056399252, -0.00183225842193, -0.000625756918453, -0.000950177258346, 0.00798487756401, -0.00112451624591, 0.000545957474969, 0.00139252538793, 0.000683126738295, -0.000895933131687, -0.00022732958314, -0.000435040274169], [0.000221444119234, -0.00109782523941, 0.00126489752438, -0.00206513958983, -0.00278528803028, -0.00112451624591, 0.00966241955757, -0.00400671781972, -0.00271429657005, 0.00343067618087, -0.0021797332447, -0.00312671647407, 0.00101630715653], [-0.000405739207054, 0.00185449176934, -0.00147197057959, 0.000424422149081, 0.000867663300596, 0.000545957474969, -0.00400671781972, 0.0111107090488, -0.00170944561251, -0.00152322615031, 0.000520354136825, 0.00145394168794, -0.00169460324105], [0.000220890622586, -0.00127665116452, -0.000498458917718, -0.00138872640673, 0.000266384537099, 0.00139252538793, -0.00271429657005, -0.00170944561251, 0.0126405069605, -0.00723754707724, 0.000375734001864, 0.00512084644288, -0.00232957885601], [-0.000422076089308, 0.00260418560356, -0.000617555226199, 0.000993623165414, -0.00221164594404, 0.000683126738295, 0.00343067618087, -0.00152322615031, -0.00723754707724, 0.0184595771134, -0.00474373204634, -0.00128325400874, 0.00280087650754], [0.000265685608611, -0.00198469986208, 1.49739453263e-05, -0.0016484928783, 0.000633851916064, -0.000895933131687, -0.0021797332447, 0.000520354136825, 0.000375734001864, -0.00474373204634, 0.0156723689288, -0.0061457362026, -4.7483270464e-05], [-0.00031299656257, 0.00252070301212, -0.000630346010439, 0.00233052298427, 0.000999763724394, -0.00022732958314, -0.00312671647407, 0.00145394168794, 0.00512084644288, -0.00128325400874, -0.0061457362026, 0.0233966391534, -0.00963640864938], [0.000113270783913, -0.00122520094737, 0.000558125844691, -0.00126323755831, -0.00115047814324, -0.000435040274169, 0.00101630715653, -0.00169460324105, -0.00232957885601, 0.00280087650754, -4.7483270464e-05, -0.00963640864938, 0.0164964329451]]
    },
    "melbands": {
        "dmean": [0.00681295897812, 0.005787555594, 0.00135703629348, 0.000465767720016, 0.000235168641666, 0.000127153296489, 0.000123781210277, 7.8879413195e-05, 3.92578403989e-05, 2.01064922294e-05, 1.96400796995e-05, 6.34473763057e-05, 1.85598310054e-05, 6.64289336783e-06, 4.64831555291e-06, 2.6659984087e-06, 1.6375291807e-06, 1.46450258853e-06, 1.26371730857e-06, 1.50148161993e-06, 1.32235766159e-06, 1.37840572734e-06, 1.47990078858e-06, 1.14784131711e-06, 1.05312255982e-06, 1.23275799524e-06, 9.09513005354e-07, 9.25176209421e-07, 9.90861622086e-07, 9.42466101606e-07, 4.82334144181e-07, 6.01529052346e-07, 4.67125829573e-07, 5.06759135988e-07, 3.65182529549e-07, 2.8398210361e-07, 2.30056926398e-07, 2.24895913448e-07, 1.97818721404e-07, 1.60212238143e-07],
        "dmean2": [0.0100279226899, 0.0086632790044, 0.00214991508983, 0.000750401755795, 0.000385181832826, 0.000208910176298, 0.000181932526175, 0.000112811932922, 5.40484543308e-05, 2.92597669613e-05, 2.9156133678e-05, 9.71406334429e-05, 2.72288452834e-05, 1.01144023574e-05, 7.18227420293e-06, 4.40835310656e-06, 2.68229769063e-06, 2.3878826596e-06, 2.08555798054e-06, 2.50623588727e-06, 2.15505201595e-06, 2.28432372751e-06, 2.40913118432e-06, 1.89835145648e-06, 1.77671597612e-06, 1.98970747078e-06, 1.42996907471e-06, 1.51986614583e-06, 1.6079558236e-06, 1.59523688126e-06, 7.55938799557e-07, 9.45434180721e-07, 7.51856134684e-07, 8.37431343825e-07, 6.15765372913e-07, 4.77906439755e-07, 3.8077413933e-07, 3.79462079536e-07, 3.35142630092e-07, 2.66780773472e-07],
        "dvar": [0.000132229208248, 0.000106200939626, 8.33765443531e-06, 8.5997817223e-07, 3.44887098436e-07, 7.70086217017e-08, 7.34984695328e-08, 3.89155481173e-08, 1.24703500859e-08, 2.58143262322e-09, 1.41889633376e-09, 2.13427320261e-08, 2.23467155891e-09, 4.22780255249e-10, 2.31376570681e-10, 7.02120583895e-11, 1.31677481419e-11, 1.02925749521e-11, 7.45410243946e-12, 7.60004646022e-12, 7.20954893008e-12, 1.00466258576e-11, 8.82864788221e-12, 6.61627089921e-12, 6.59563679714e-12, 8.04428572365e-12, 5.27157310859e-12, 6.10260973699e-12, 5.88528574832e-12, 8.1684971287e-12, 2.25548247614e-12, 3.1197980397e-12, 1.82116734887e-12, 2.36844138052e-12, 1.5512990198e-12, 9.29416808272e-13, 5.68021866522e-13, 5.5893305392e-13, 4.84936201438e-13, 2.71868112875e-13],
        "dvar2": [0.000290453637717, 0.000225075287744, 2.12750201172e-05, 2.26427073358e-06, 9.1816616532e-07, 2.08582662253e-07, 1.42879670761e-07, 6.9234545208e-08, 1.88457836003e-08, 5.37379385435e-09, 3.09838821266e-09, 5.12888291837e-08, 4.70204764014e-09, 9.30550025924e-10, 5.07058894872e-10, 1.777182429e-10, 3.45179718142e-11, 2.42135617112e-11, 1.88702786036e-11, 2.03643039931e-11, 1.8321510975e-11, 2.734502208e-11, 2.21630803987e-11, 1.72036013907e-11, 1.82806374205e-11, 2.09383291955e-11, 1.38464205379e-11, 1.59222340174e-11, 1.46577160132e-11, 2.23548089762e-11, 5.74673251694e-12, 7.95344953092e-12, 4.6926087148e-12, 6.22992152657e-12, 4.30049528974e-12, 2.43483250055e-12, 1.50657860753e-12, 1.47253964664e-12, 1.30623756169e-12, 7.2415185827e-13],
        "max": [0.122522190213, 0.157047793269, 0.054411649704, 0.02719088085, 0.0208688657731, 0.00572443241253, 0.0102928243577, 0.00547402491793, 0.0035523083061, 0.0010705300374, 0.000827263924293, 0.00298739294522, 0.00130512844771, 0.000508200144395, 0.000594894809183, 0.000287942035357, 6.34584648651e-05, 9.31234826567e-05, 4.33307213825e-05, 4.38084207417e-05, 6.63174942019e-05, 0.00010751489026, 6.3773826696e-05, 3.68809887732e-05, 6.80892408127e-05, 5.29749668203e-05, 7.4500698247e-05, 7.64297947171e-05, 4.36689224443e-05, 6.33208328509e-05, 6.50985602988e-05, 4.80230628455e-05, 2.12871145777e-05, 2.70803429885e-05, 3.8793146814e-05, 3.79717821488e-05, 2.56672828982e-05, 1.83231059054e-05, 1.46549564306e-05, 9.11387814995e-06],
        "mean": [0.0179891511798, 0.0142945852131, 0.00307929608971, 0.00118688051589, 0.000543087197002, 0.000292045355309, 0.000261827517534, 0.000214589381358, 0.000106368002889, 4.44941324531e-05, 4.35866204498e-05, 0.000122618919704, 4.09437598137e-05, 1.44454506881e-05, 9.78713342192e-06, 4.35553829448e-06, 2.67357154371e-06, 2.59921239376e-06, 2.14690635403e-06, 2.67860946224e-06, 2.3664949822e-06, 2.25838289225e-06, 2.343870392e-06, 1.58907187142e-06, 1.54100405325e-06, 1.99260193767e-06, 1.45223339132e-06, 1.45410626828e-06, 1.35115385547e-06, 1.13461840101e-06, 7.30827821371e-07, 7.33524132102e-07, 5.33762374744e-07, 5.29299427399e-07, 4.24008334221e-07, 3.41737944609e-07, 2.72210058938e-07, 2.27560207122e-07, 1.7901035676e-07, 1.40465232334e-07],
        "median": [0.00955367926508, 0.00894011836499, 0.00134786916897, 0.000494218198583, 0.000277938961517, 0.000132621687953, 8.46008551889e-05, 6.28021371085e-05, 3.12664633384e-05, 1.80776769412e-05, 1.84171494766e-05, 2.38927332248e-05, 1.2636595784e-05, 5.14747307534e-06, 3.70183897758e-06, 1.81372922725e-06, 1.1875074506e-06, 1.21774303352e-06, 1.00105887668e-06, 1.38032771702e-06, 1.10756570848e-06, 8.89972852747e-07, 7.68135009821e-07, 4.90604691095e-07, 4.68770565476e-07, 4.39871428171e-07, 3.29433731849e-07, 3.32855250917e-07, 3.03564434034e-07, 1.33312028083e-07, 1.00657011615e-07, 6.51696581144e-08, 5.35771178534e-08, 2.77218479283e-08, 2.00568788244e-08, 1.31090098776e-08, 9.66032587257e-09, 6.79392853087e-09, 4.92616702985e-09, 2.91680546383e-09],
        "min": [6.60347624455e-25, 1.6977448278e-24, 1.46585009281e-24, 2.32060198565e-24, 1.45795438401e-24, 1.39496640453e-24, 1.4968317174e-24, 1.77339915241e-24, 1.84966602751e-24, 1.16107466816e-24, 1.70323825793e-24, 2.56576733322e-24, 1.56170931457e-24, 2.15582925572e-24, 2.7500428741e-24, 2.70716946719e-24, 1.83848116317e-24, 2.37959714566e-24, 2.73394892834e-24, 3.37378690881e-24, 2.09391353542e-24, 4.90253347325e-24, 4.26708826472e-24, 4.29913692229e-24, 4.45888559433e-24, 4.36829123025e-24, 4.6700940298e-24, 4.1259354108e-24, 4.98392380271e-24, 4.63098901144e-24, 5.35493573606e-24, 5.46058590494e-24, 4.27694429287e-24, 5.7532730223e-24, 5.33258415117e-24, 5.20340581136e-24, 6.00133901142e-24, 5.91153114167e-24, 5.61670621125e-24, 5.42938921716e-24],
        "var": [0.000417954695877, 0.000317334197462, 1.86237721209e-05, 4.10499933423e-06, 9.8309749319e-07, 1.92873955029e-07, 2.4331055215e-07, 1.92585972059e-07, 5.6840811169e-08, 6.03783423259e-09, 4.22199164518e-09, 5.23646583872e-08, 1.007179673e-08, 1.48113710186e-09, 9.51083767298e-10, 1.08035511093e-10, 1.82398523368e-11, 2.52019412283e-11, 1.19260972625e-11, 1.45033863391e-11, 1.28818934686e-11, 1.66762072901e-11, 1.77675651969e-11, 8.15448923663e-12, 1.17039607173e-11, 1.68044848869e-11, 1.31660767358e-11, 1.64359845178e-11, 9.91982277571e-12, 1.25618014254e-11, 6.70266316408e-12, 5.37242212523e-12, 2.44449686188e-12, 3.30057378997e-12, 3.76662329798e-12, 2.70007432211e-12, 1.45377958803e-12, 8.7623593277e-13, 4.87628492273e-13, 2.67643275164e-13]
    },
    "mfcc": {
        "mean": [-757.578552246, 179.956695557, 30.3470230103, 39.1746559143, 3.61637926102, 7.71664619446, 7.76255655289, 10.4902687073, 6.2628121376, 0.0129788499326, -4.64488077164, 0.917601704597, 3.28169965744],
        "cov": [[15680.0878906, 904.396240234, 59.4154472351, 1920.86120605, 66.4357147217, 725.612731934, 641.503051758, 750.319519043, 654.24432373, 561.276000977, 290.918151855, 357.210510254, 366.463806152], [904.396240234, 2644.50366211, -195.801620483, 230.316070557, 135.072174072, 14.6622085571, 91.3840637207, 90.9954986572, 100.046775818, 34.9325523376, -1.21222662926, 53.5726509094, 77.8860473633], [59.4154472351, -195.801620483, 570.830200195, 120.922485352, 95.4409408569, 86.2928771973, 59.3776512146, 48.1125526428, 44.8216819763, 42.7796096802, 46.1781959534, 37.1629905701, 24.1556549072], [1920.86120605, 230.316070557, 120.922485352, 689.918823242, 128.741943359, 209.382858276, 215.881759644, 197.808349609, 206.636703491, 193.374984741, 113.976760864, 109.989265442, 109.001106262], [66.4357147217, 135.072174072, 95.4409408569, 128.741943359, 221.087661743, 113.370277405, 71.5953369141, 46.9592781067, 71.2102508545, 58.0473136902, 58.3147659302, 40.788433075, 18.5468616486], [725.612731934, 14.6622085571, 86.2928771973, 209.382858276, 113.370277405, 233.726547241, 145.006530762, 110.868354797, 90.6015167236, 60.6600990295, 57.8602676392, 54.8732223511, 50.8847007751], [641.503051758, 91.3840637207, 59.3776512146, 215.881759644, 71.5953369141, 145.006530762, 218.799179077, 146.934005737, 85.5438613892, 62.3518104553, 33.4130897522, 49.8338356018, 72.5556488037], [750.319519043, 90.9954986572, 48.1125526428, 197.808349609, 46.9592781067, 110.868354797, 146.934005737, 181.424072266, 108.871917725, 69.6816940308, 31.7730426788, 33.8404121399, 57.8304748535], [654.24432373, 100.046775818, 44.8216819763, 206.636703491, 71.2102508545, 90.6015167236, 85.5438613892, 108.871917725, 171.680999756, 113.943069458, 62.9512176514, 45.9422645569, 35.3209228516], [561.276000977, 34.9325523376, 42.7796096802, 193.374984741, 58.0473136902, 60.6600990295, 62.3518104553, 69.6816940308, 113.943069458, 149.036743164, 85.2906188965, 52.6737594604, 31.1182937622], [290.918151855, -1.21222662926, 46.1781959534, 113.976760864, 58.3147659302, 57.8602676392, 33.4130897522, 31.7730426788, 62.9512176514, 85.2906188965, 120.641487122, 70.2984466553, 19.8893661499], [357.210510254, 53.5726509094, 37.1629905701, 109.989265442, 40.788433075, 54.8732223511, 49.8338356018, 33.8404121399, 45.9422645569, 52.6737594604, 70.2984466553, 111.489006042, 55.5525779724], [366.463806152, 77.8860473633, 24.1556549072, 109.001106262, 18.5468616486, 50.8847007751, 72.5556488037, 57.8304748535, 35.3209228516, 31.1182937622, 19.8893661499, 55.5525779724, 97.9242858887]],
