{
"lowlevel": {
    "average_loudness": 0.744699656963,
    "barkbands_crest": {
        "dmean": 1.82566809654,
        "dmean2": 2.72554397583,
        "dvar": 3.98903393745,
        "dvar2": 9.78627872467,
        "max": 26.4107437134,
        "mean": 11.7805337906,
        "median": 11.3363494873,
        "min": 2.48992204666,
        "var": 17.5521678925
    },
    "barkbands_flatness_db": {
        "dmean": 0.0219682548195,
        "dmean2": 0.0317879840732,
        "dvar": 0.000891556555871,
        "dvar2": 0.00174841633998,
        "max": 0.737402737141,
        "mean": 0.236280292273,
        "median": 0.236925885081,
        "min": 0.040490988642,
        "var": 0.00702783698216
    },
    "barkbands_kurtosis": {
        "dmean": 2.92960596085,
        "dmean2": 4.53709745407,
        "dvar": 38.9659729004,
        "dvar2": 99.2990264893,
        "max": 217.233428955,
        "mean": 5.48310661316,
        "median": 2.82066726685,
        "min": -1.95367765427,
        "var": 85.4341506958
    },
    "barkbands_skewness": {
        "dmean": 0.494148820639,
        "dmean2": 0.743607521057,
        "dvar": 0.379152864218,
        "dvar2": 0.907663464546,
        "max": 11.4490404129,
        "mean": 1.73796761036,
        "median": 1.58348059654,
        "min": -2.80391359329,
        "var": 1.46971678734
    },
    "barkbands_spread": {
        "dmean": 4.6472697258,
        "dmean2": 6.88386774063,
        "dvar": 65.267539978,
        "dvar2": 137.371505737,
        "max": 98.0286941528,
        "mean": 15.5276575089,
        "median": 9.98646736145,
        "min": 0.431317061186,
        "var": 199.307769775
    },
    "dissonance": {
        "dmean": 0.0227424520999,
        "dmean2": 0.0373536013067,
        "dvar": 0.000619724101853,
        "dvar2": 0.00161230249796,
        "max": 0.499939203262,
        "mean": 0.426732629538,
        "median": 0.438671588898,
        "min": 0.0461516156793,
        "var": 0.00269030383788
    },
    "dynamic_complexity": 3.50869274139,
    "erbbands_crest": {
        "dmean": 2.29101324081,
        "dmean2": 3.58070993423,
        "dvar": 5.53903198242,
        "dvar2": 13.2302370071,
        "max": 33.5398139954,
        "mean": 10.2034454346,
        "median": 9.28507709503,
        "min": 2.41659188271,
        "var": 22.0130176544
    },
    "erbbands_flatness_db": {
        "dmean": 0.0169865321368,
        "dmean2": 0.024323316291,
        "dvar": 0.000560704793315,
        "dvar2": 0.00108774343971,
        "max": 0.631057441235,
        "mean": 0.232384905219,
        "median": 0.231260746717,
        "min": 0.0642116591334,
        "var": 0.00526979146525
    },
    "erbbands_kurtosis": {
        "dmean": 0.971591174603,
        "dmean2": 1.48617875576,
        "dvar": 3.69222283363,
        "dvar2": 8.70191001892,
        "max": 107.225257874,
        "mean": 0.764230072498,
        "median": -0.148534178734,
        "min": -1.91114425659,
        "var": 12.6954374313
    },
    "erbbands_skewness": {
        "dmean": 0.360041201115,
        "dmean2": 0.537740647793,
        "dvar": 0.165086358786,
        "dvar2": 0.384415030479,
        "max": 8.64105033875,
        "mean": 0.422684401274,
        "median": 0.35138720274,
        "min": -6.12845659256,
        "var": 0.720473587513
    },
    "erbbands_spread": {
        "dmean": 7.6118812561,
        "dmean2": 11.4087810516,
        "dvar": 102.130180359,
        "dvar2": 223.235977173,
        "max": 145.1668396,
        "mean": 34.1739768982,
        "median": 28.2388038635,
        "min": 0.658780872822,
        "var": 466.550445557
    },
    "hfc": {
        "dmean": 6.8231549263,
        "dmean2": 10.7838554382,
        "dvar": 216.245147705,
        "dvar2": 535.52166748,
        "max": 231.424026489,
        "mean": 16.6266384125,
        "median": 10.7738790512,
        "min": 1.17559014535e-16,
        "var": 329.813079834
    },
    "melbands_crest": {
        "dmean": 2.22764539719,
        "dmean2": 3.28874778748,
        "dvar": 6.86506175995,
        "dvar2": 17.6518974304,
        "max": 34.7563438416,
        "mean": 16.5351963043,
        "median": 15.7327661514,
        "min": 2.05188441277,
        "var": 33.5826454163
    },
    "melbands_flatness_db": {
        "dmean": 0.0254546497017,
        "dmean2": 0.0354164279997,
        "dvar": 0.00132464640774,
        "dvar2": 0.0025508266408,
        "max": 0.862328469753,
        "mean": 0.284493178129,
        "median": 0.290923088789,
        "min": 0.00828589778394,
        "var": 0.0106423413381
    },
    "melbands_kurtosis": {
        "dmean": 6.09188461304,
        "dmean2": 9.48304176331,
        "dvar": 158.690597534,
        "dvar2": 391.639404297,
        "max": 374.02444458,
        "mean": 13.6674394608,
        "median": 7.61929798126,
        "min": -1.8613524437,
        "var": 421.793060303
    },
    "melbands_skewness": {
        "dmean": 0.616294741631,
        "dmean2": 0.933642923832,
        "dvar": 0.606620371342,
        "dvar2": 1.51165032387,
        "max": 14.9622478485,
        "mean": 2.64449000359,
        "median": 2.34361195564,
        "min": -2.51718187332,
        "var": 2.71422314644
    },
    "melbands_spread": {
        "dmean": 5.97114181519,
        "dmean2": 8.97667694092,
        "dvar": 157.454803467,
        "dvar2": 345.465301514,
        "max": 187.360458374,
        "mean": 17.442899704,
        "median": 10.7326164246,
        "min": 0.418588131666,
        "var": 374.142303467
    },
    "pitch_salience": {
        "dmean": 0.0608760230243,
        "dmean2": 0.0941677689552,
        "dvar": 0.00530605763197,
        "dvar2": 0.0145115060732,
        "max": 0.955811679363,
        "mean": 0.497319638729,
        "median": 0.497111320496,
        "min": 0.0619637034833,
        "var": 0.0153428437188
    },
    "silence_rate_20dB": {
        "dmean": 0,
        "dmean2": 0,
        "dvar": 0,
        "dvar2": 0,
        "max": 1,
        "mean": 1,
        "median": 1,
        "min": 1,
        "var": 0
    },
    "silence_rate_30dB": {
        "dmean": 0.0111438874155,
        "dmean2": 0.0222892351449,
        "dvar": 0.0110188089311,
        "dvar2": 0.0310996882617,
        "max": 1,
        "mean": 0.993510723114,
        "median": 1,
        "min": 0,
        "var": 0.00644817017019
    },
    "silence_rate_60dB": {
        "dmean": 0.011930514127,
        "dmean2": 0.023862592876,
        "dvar": 0.0117852222174,
        "dvar2": 0.0265774130821,
        "max": 1,
        "mean": 0.0632538050413,
        "median": 0,
        "min": 0,
        "var": 0.0592690221965
    },
    "spectral_centroid": {
        "dmean": 222.931900024,
        "dmean2": 323.798065186,
        "dvar": 133785.203125,
        "dvar2": 268795.6875,
        "max": 10980.9169922,
        "mean": 978.543273926,
        "median": 684.889648438,
        "min": 134.686065674,
        "var": 518547.4375
    },
    "spectral_complexity": {
        "dmean": 2.63651251793,
        "dmean2": 4.35597229004,
        "dvar": 18.4498729706,
        "dvar2": 44.2970695496,
        "max": 54,
        "mean": 13.5526351929,
        "median": 12,
        "min": 0,
        "var": 55.3441505432
    },
    "spectral_decrease": {
        "dmean": 1.91110616221e-09,
        "dmean2": 2.91933255347e-09,
        "dvar": 1.96446246864e-17,
        "dvar2": 4.91513664742e-17,
        "max": 5.16987606475e-29,
        "mean": -6.87766066321e-09,
        "median": -5.39319344739e-09,
        "min": -5.01409758158e-08,
        "var": 3.74896021449e-17
    },
    "spectral_energy": {
        "dmean": 0.00768451299518,
        "dmean2": 0.0117594217882,
        "dvar": 0.000294184719678,
        "dvar2": 0.000733219028916,
        "max": 0.192021727562,
        "mean": 0.0274659339339,
        "median": 0.0221312642097,
        "min": 1.04678220178e-20,
        "var": 0.000572007615119
    },
    "spectral_energyband_high": {
        "dmean": 0.000553871854208,
        "dmean2": 0.000874325167388,
        "dvar": 2.68421467808e-06,
        "dvar2": 6.78853575664e-06,
        "max": 0.0240763537586,
        "mean": 0.000756609602831,
        "median": 5.64966721868e-05,
        "min": 7.52860130882e-21,
        "var": 3.13344776259e-06
    },
    "spectral_energyband_low": {
        "dmean": 0.00360386515968,
        "dmean2": 0.00585438078269,
        "dvar": 0.000120585449622,
        "dvar2": 0.000334713840857,
        "max": 0.167915254831,
        "mean": 0.010084727779,
        "median": 0.00106320157647,
        "min": 3.67823215574e-23,
        "var": 0.000200601905817
    },
    "spectral_energyband_middle_high": {
        "dmean": 0.0014435860794,
        "dmean2": 0.00224251812324,
        "dvar": 1.34274823722e-05,
        "dvar2": 2.97350288747e-05,
        "max": 0.0892919301987,
        "mean": 0.00367365498096,
        "median": 0.00170658598654,
        "min": 1.64912248188e-21,
        "var": 3.2796375308e-05
    },
    "spectral_energyband_middle_low": {
        "dmean": 0.00550795951858,
        "dmean2": 0.00877131614834,
        "dvar": 0.000206961136428,
        "dvar2": 0.000585707835853,
        "max": 0.16747520864,
        "mean": 0.0151434596628,
        "median": 0.0105953803286,
        "min": 2.62647010099e-22,
        "var": 0.000238370936131
    },
    "spectral_entropy": {
        "dmean": 0.208066448569,
        "dmean2": 0.301778554916,
        "dvar": 0.0977610200644,
        "dvar2": 0.197548627853,
        "max": 9.80404472351,
        "mean": 6.67111825943,
        "median": 6.63953876495,
        "min": 3.724391222,
        "var": 0.55169916153
    },
    "spectral_flux": {
        "dmean": 0.0220144689083,
        "dmean2": 0.0328268297017,
        "dvar": 0.00144516106229,
        "dvar2": 0.00234403763898,
        "max": 0.417567431927,
        "mean": 0.057783793658,
        "median": 0.0441848710179,
        "min": 1.02312373851e-10,
        "var": 0.00314050004818
    },
    "spectral_kurtosis": {
        "dmean": 6.73245573044,
        "dmean2": 11.5545501709,
        "dvar": 221.273910522,
        "dvar2": 575.869506836,
        "max": 1015.69769287,
        "mean": 14.4897575378,
        "median": 7.04360103607,
        "min": -1.17556798458,
        "var": 805.230712891
    },
    "spectral_rms": {
        "dmean": 0.000616372562945,
        "dmean2": 0.00089718104573,
        "dvar": 1.19055357573e-06,
        "dvar2": 2.74489480034e-06,
        "max": 0.0136871570721,
        "mean": 0.00469328928739,
        "median": 0.00464666308835,
        "min": 3.19570173275e-12,
        "var": 4.76892182633e-06
    },
    "spectral_rolloff": {
        "dmean": 469.234588623,
        "dmean2": 774.356811523,
        "dvar": 1238128.375,
        "dvar2": 2688312.25,
        "max": 18776.953125,
        "mean": 1272.76635742,
        "median": 667.529296875,
        "min": 86.1328125,
        "var": 2464005.75
    },
    "spectral_skewness": {
        "dmean": 0.516703665257,
        "dmean2": 0.858328521252,
        "dvar": 0.44358715415,
        "dvar2": 1.18735253811,
        "max": 22.9615364075,
        "mean": 2.29482650757,
        "median": 1.97123646736,
        "min": 0.0202392544597,
        "var": 2.29853272438
    },
    "spectral_spread": {
        "dmean": 441195,
        "dmean2": 663937,
        "dvar": 558283358208,
        "dvar2": 1.03292351283e+12,
        "max": 39517036,
        "mean": 3222354.25,
        "median": 2855339.75,
        "min": 65813.9921875,
        "var": 3.07302760448e+12
    },
    "spectral_strongpeak": {
        "dmean": 0.340290814638,
        "dmean2": 0.565537631512,
        "dvar": 1.44122338295,
        "dvar2": 3.30919837952,
        "max": 37.1095809937,
        "mean": 0.944163501263,
        "median": 0.684949040413,
        "min": 0,
        "var": 2.12105178833
    },
    "zerocrossingrate": {
        "dmean": 0.00952835008502,
        "dmean2": 0.010862769559,
        "dvar": 0.000240849840338,
        "dvar2": 0.000301657273667,
        "max": 0.5185546875,
        "mean": 0.0468909069896,
        "median": 0.03515625,
        "min": 0.00439453125,
        "var": 0.00151176925283
    },
    "barkbands": {
        "dmean": [4.74810485684e-06, 0.000553771853447, 0.00243017985485, 0.00168844556902, 0.00259172264487, 0.000941108795814, 0.00085266289534, 0.000646849686746, 0.000607824185863, 0.000457104295492, 0.000287036178634, 0.000289045390673, 0.000336943368893, 0.000236955456785, 0.000217353925109, 0.000191057682969, 0.000211385326111, 0.000114324269816, 0.00012171214621, 0.000117645875434, 0.000134768866701, 9.40890240599e-05, 0.000140504751471, 0.00010575637134, 4.70285231131e-05, 2.2773807359e-05, 3.88391299566e-06],
        "dmean2": [8.59520150698e-06, 0.000889720628038, 0.00409410567954, 0.00288284709677, 0.00407208688557, 0.00125212513376, 0.00124449143186, 0.000979659263976, 0.000984516576864, 0.000696748495102, 0.000449619954452, 0.000460741954157, 0.000528796052095, 0.000388792221202, 0.00037774827797, 0.000333373638568, 0.000366292661056, 0.00019700404664, 0.000195442684344, 0.000191808881937, 0.000210690443055, 0.000152375476318, 0.000223188020755, 0.000167814956512, 7.7165888797e-05, 3.9605445636e-05, 6.80740504322e-06],
        "dvar": [1.04061381734e-09, 2.7948983643e-06, 6.22145744273e-05, 3.97312396672e-05, 4.91995997436e-05, 3.47527247868e-06, 4.9817672334e-06, 3.56869622919e-06, 1.67654127381e-06, 1.18409025163e-06, 7.20624200312e-07, 1.63076879289e-06, 1.15909824672e-06, 4.82355119402e-07, 3.24614688907e-07, 3.55785886086e-07, 4.2047818738e-07, 1.11817399784e-07, 7.94105758928e-08, 1.24743621654e-07, 1.55024295623e-07, 9.61968353863e-08, 2.86852952058e-07, 1.32919822704e-07, 4.01688033946e-08, 2.02368095614e-08, 6.23979978798e-10],
        "dvar2": [2.96643554165e-09, 7.15269607099e-06, 0.000179350550752, 0.000114725560707, 0.000138899267768, 8.61306125444e-06, 1.16198943942e-05, 9.98586438072e-06, 4.3867585191e-06, 2.48822016147e-06, 1.79692528945e-06, 4.21482536694e-06, 2.91736023428e-06, 1.23415804865e-06, 8.97737720607e-07, 9.38259233862e-07, 1.17253455301e-06, 3.14450375072e-07, 1.82150785122e-07, 3.26820156715e-07, 3.59119155746e-07, 2.46819496397e-07, 6.72498970289e-07, 3.25757184783e-07, 1.06910682973e-07, 5.58128441241e-08, 1.69591740651e-09],
        "max": [0.001012054272, 0.0358957611024, 0.142028465867, 0.0935337096453, 0.129530146718, 0.0364397317171, 0.0710698291659, 0.0546143986285, 0.0282385312021, 0.0480981878936, 0.0299513489008, 0.0440499223769, 0.0464261323214, 0.0244490969926, 0.0161416865885, 0.0176419857889, 0.0204514935613, 0.0102502536029, 0.00711944373325, 0.0127404332161, 0.010350394994, 0.0042554368265, 0.0188998728991, 0.0092896791175, 0.0046597472392, 0.00381363276392, 0.000699592288584],
        "mean": [3.37823416885e-06, 0.00140894460492, 0.00657816790044, 0.0029882020317, 0.00523692695424, 0.00235478207469, 0.00195158389397, 0.00121988262981, 0.00109504023567, 0.00087697309209, 0.000414857349824, 0.000444054428954, 0.000550175551325, 0.000340176571626, 0.000276100181509, 0.000262682151515, 0.000304118118947, 0.000143212571857, 0.000186575125554, 0.000174119471922, 0.000190102815395, 0.000107875275717, 0.000173964814167, 0.000119800453831, 4.42820564786e-05, 1.73456137418e-05, 2.65223707174e-06],
        "median": [4.72336054713e-08, 9.19344529393e-05, 0.000577963655815, 0.000196861496079, 0.00326527934521, 0.000939413905144, 0.000585503061302, 0.000385412597097, 0.000481346942252, 0.000223047871259, 9.53984708758e-05, 7.52209598431e-05, 0.00019562667876, 6.93840629538e-05, 7.38166418159e-05, 5.37496744073e-05, 4.73445252283e-05, 1.41060072565e-05, 2.48108553933e-05, 1.32675522764e-05, 1.06273018901e-05, 4.40239091404e-06, 3.99250302507e-06, 1.63488243743e-06, 3.52587903762e-07, 4.48918093809e-08, 4.30774349525e-09],
        "min": [1.1563921476e-23, 6.08321251819e-24, 1.64046559803e-23, 1.08351717717e-23, 1.69792070434e-23, 5.32610042451e-23, 2.87744525135e-23, 3.64968990601e-23, 9.29572107478e-23, 4.5930249226e-23, 1.10283776914e-22, 9.69215144756e-23, 2.74801400273e-23, 1.11160964997e-22, 2.57501112642e-22, 1.92647191549e-22, 1.83563048018e-22, 2.06984101102e-22, 1.94776358687e-22, 3.52751964871e-22, 5.04662013243e-22, 3.77219754334e-22, 5.48004227565e-22, 8.94082883561e-22, 1.18596182239e-21, 1.66241623963e-21, 2.39923393359e-21],
        "var": [6.60122234653e-10, 9.32650345931e-06, 9.81454722933e-05, 4.89594713144e-05, 5.41804656677e-05, 1.29400132209e-05, 1.61632724485e-05, 5.56316126676e-06, 3.82976895708e-06, 6.08067011854e-06, 1.00966315131e-06, 2.25456165026e-06, 2.23489655582e-06, 1.22545679915e-06, 3.85579454587e-07, 4.40351357156e-07, 5.03504679727e-07, 1.160155918e-07, 1.51796029968e-07, 2.13518916325e-07, 2.49214906489e-07, 9.26237859744e-08, 4.20170010784e-07, 1.75778609446e-07, 3.13200345659e-08, 1.30949402433e-08, 4.07140626768e-10]
    },
    "erbbands": {
        "dmean": [0.00362992403097, 0.191921249032, 2.14748334885, 4.7719039917, 6.87230348587, 8.973320961, 8.8789806366, 6.69585800171, 11.920009613, 11.4384832382, 14.2165460587, 14.4251403809, 12.3271751404, 15.0026321411, 11.6057548523, 10.8777990341, 15.3084506989, 12.5638875961, 11.5549468994, 10.3349075317, 9.86646556854, 9.74866771698, 6.76620674133, 5.33265161514, 6.31129169464, 6.45883131027, 6.84270906448, 3.95542049408, 3.39882302284, 3.88467478752, 4.31934642792, 2.62413311005, 1.3229984045, 0.667357861996, 0.243990778923, 0.119488149881, 0.0354393795133, 0.00755156530067, 0.000670265872031, 2.45912833634e-05],
        "dmean2": [0.00549928378314, 0.309241473675, 3.58476686478, 7.95327043533, 11.3503141403, 14.06711483, 12.4564752579, 9.1888551712, 16.3092536926, 17.5973529816, 21.9409389496, 22.9384746552, 20.2212429047, 22.9108524323, 18.1797790527, 16.5143890381, 23.933216095, 20.1789207458, 19.7489795685, 18.1932983398, 16.9067573547, 16.8420848846, 11.5369348526, 8.843501091, 10.0188341141, 10.4785175323, 10.6017951965, 6.36409568787, 5.51754951477, 6.15510702133, 6.92086982727, 4.17083740234, 2.14401745796, 1.08829343319, 0.400408387184, 0.207124143839, 0.0611480847001, 0.0130631038919, 0.00116770784371, 4.08896594308e-05],
        "dvar": [0.000119867290778, 0.330625504255, 46.8546867371, 270.25100708, 493.321075439, 618.144470215, 354.664123535, 218.270050049, 718.436462402, 1116.51342773, 1378.89428711, 995.729248047, 840.217224121, 1495.25671387, 1682.47705078, 1281.4239502, 2795.52856445, 1301.2878418, 1174.09912109, 676.393493652, 1037.38903809, 1466.5871582, 390.122039795, 148.052902222, 272.604248047, 467.61819458, 489.132598877, 146.633712769, 119.188484192, 158.977767944, 433.485961914, 77.9700241089, 26.4352474213, 7.55862903595, 1.17208600044, 0.536525249481, 0.0481579899788, 0.0021277226042, 1.71925239556e-05, 1.10712372603e-08],
        "dvar2": [0.000263831228949, 0.85561054945, 133.38230896, 770.900634766, 1410.75927734, 1710.03137207, 888.705688477, 566.466308594, 1539.17590332, 2896.61889648, 3839.06225586, 2508.98095703, 2359.32983398, 3261.71582031, 4296.33007812, 3120.86865234, 7039.42382812, 3238.06445312, 3080.09960938, 1963.16247559, 2733.62158203, 4040.00854492, 1074.02685547, 394.862823486, 596.485961914, 1228.24768066, 1076.31982422, 378.583618164, 307.172485352, 383.029174805, 989.720947266, 188.932556152, 68.8560562134, 19.9974784851, 3.12016391754, 1.49294936657, 0.131117910147, 0.00573426531628, 4.63260257675e-05, 2.98004607657e-08],
        "max": [0.458938896656, 11.2086877823, 117.569351196, 240.479248047, 314.312652588, 466.293792725, 453.219512939, 315.615386963, 1071.1171875, 1107.4486084, 1140.78125, 786.218139648, 630.581420898, 1572.47009277, 1594.11437988, 1188.66381836, 2325.24511719, 1324.91455078, 1043.40100098, 639.618041992, 1084.69616699, 1356.54980469, 547.48651123, 228.015914917, 488.889984131, 873.89453125, 703.870239258, 220.70022583, 151.883163452, 272.827331543, 886.206420898, 251.837432861, 106.021583557, 57.0777282715, 25.3561763763, 18.9636478424, 6.24083948135, 1.31947040558, 0.113915085793, 0.0031319190748],
        "mean": [0.00886955112219, 0.527557313442, 6.04525470734, 10.7221574783, 12.0507860184, 17.9929199219, 20.9392414093, 16.5133190155, 30.6084213257, 22.2206764221, 27.7852020264, 26.6311626434, 23.2997837067, 26.6409072876, 18.3324451447, 19.0868053436, 26.6305084229, 19.7368526459, 15.5491065979, 13.9673891068, 14.8858919144, 13.6859340668, 9.70578575134, 8.09789085388, 9.62641525269, 9.92553520203, 9.97782325745, 5.07481527328, 3.9974501133, 4.8425283432, 5.33804607391, 3.11641907692, 1.2655030489, 0.623146414757, 0.238122880459, 0.0961301475763, 0.02699114196, 0.00542346900329, 0.000472875719424, 4.325631744e-05],
        "median": [0.00140986801125, 0.0621065720916, 0.552261173725, 1.56359100342, 5.66062021255, 10.4105415344, 10.3183603287, 6.21852207184, 9.56191635132, 8.63270187378, 12.0375518799, 11.4440765381, 6.34381771088, 8.51425457001, 6.6205329895, 4.65738773346, 9.46061515808, 4.96032142639, 4.12667560577, 3.46921539307, 3.76038694382, 2.42669987679, 1.07657623291, 1.1678788662, 1.26925063133, 0.904054820538, 0.685736000538, 0.345947504044, 0.20586463809, 0.157077312469, 0.127876728773, 0.0625551789999, 0.0198614802212, 0.00561546441168, 0.00165051827207, 0.000412095687352, 8.54678146425e-05, 1.54176341312e-05, 1.64767952811e-05, 2.86155300273e-05],
        "min": [3.09861483858e-22, 1.32588550165e-21, 1.66488128229e-20, 3.04098379609e-20, 1.64659122034e-20, 4.94614812163e-20, 5.30579545984e-19, 2.12039504071e-19, 3.40904394888e-19, 4.80031417631e-19, 1.22432915319e-18, 2.07971321251e-18, 1.88179763645e-18, 2.93727244665e-18, 4.6036253091e-18, 2.29342587032e-18, 1.46441088136e-18, 5.20872364361e-18, 1.18971245106e-17, 1.16683883917e-17, 9.75250822566e-18, 9.4798463347e-18, 1.20649230609e-17, 1.14736667668e-17, 1.26205642666e-17, 1.68848722302e-17, 1.59281898753e-17, 1.97315613688e-17, 1.30433668834e-17, 1.23043356e-17, 1.57431843139e-17, 2.10539899033e-17, 1.34324858784e-17, 1.19829560797e-17, 9.2743382746e-18, 4.62997721546e-18, 3.383499164e-18, 1.45775373179e-18, 3.60976526987e-19, 3.46402754892e-20],
        "var": [0.000337574922014, 1.00617694855, 82.0697937012, 394.808837891, 459.56036377, 739.950500488, 964.364440918, 730.426452637, 3657.44433594, 1909.69140625, 2113.68579102, 2418.10693359, 1839.52380371, 6442.92675781, 1959.25292969, 3106.34057617, 5749.97265625, 3630.41967773, 1434.02685547, 757.150634766, 1318.95019531, 1489.27148438, 477.431762695, 235.216812134, 513.229309082, 845.396484375, 878.221740723, 161.051452637, 117.114830017, 225.930587769, 657.843078613, 113.948806763, 21.4916286469, 5.94567155838, 0.943843185902, 0.346043646336, 0.0319834575057, 0.00142498360947, 1.14460863188e-05, 7.87441223338e-09]
    },
    "gfcc": {
        "mean": [-73.2389144897, 140.305099487, -135.486251831, 21.2231655121, -62.6796340942, -6.02306461334, -35.1411743164, -13.5105581284, -20.3165683746, -16.3134479523, -14.1068315506, -16.3486652374, -9.29419898987],
        "cov": [[13056.8828125, -1644.21264648, 967.508789062, 1745.3203125, -1065.32202148, 661.522399902, -624.026306152, 162.234176636, -304.131774902, 233.473175049, -218.007965088, 195.147109985, -214.677108765], [-1644.21264648, 4402.47460938, 9.82504653931, -728.948974609, 1047.92053223, -645.629150391, 674.858764648, -372.740600586, 447.792694092, -346.452850342, 258.845855713, -322.738677979, 142.858139038], [967.508789062, 9.82504653931, 1054.79211426, 306.718261719, -191.672027588, 108.546058655, -36.1460494995, 94.4096221924, 2.09063220024, 71.3627929688, -36.1489677429, 10.9946346283, -70.6076507568], [1745.3203125, -728.948974609, 306.718261719, 968.382507324, -192.113189697, 205.008407593, -29.4859237671, 73.9917144775, 0.561002016068, 53.8256912231, -53.841255188, -6.60777902603, -34.6510658264], [-1065.32202148, 1047.92053223, -191.672027588, -192.113189697, 765.954101562, -77.7652359009, 285.51663208, -27.1084747314, 122.56565094, -63.3332138062, 51.7259292603, -69.3334732056, 22.1286334991], [661.522399902, -645.629150391, 108.546058655, 205.008407593, -77.7652359009, 418.421173096, -36.9692192078, 98.9667053223, -91.7056655884, 47.8593254089, -41.3923149109, 25.2278366089, -42.0957374573], [-624.026306152, 674.858764648, -36.1460494995, -29.4859237671, 285.51663208, -36.9692192078, 314.527893066, -22.6817779541, 96.9189147949, -37.1312561035, 42.1539459229, -67.3883743286, 13.3878231049], [162.234176636, -372.740600586, 94.4096221924, 73.9917144775, -27.1084747314, 98.9667053223, -22.6817779541, 162.24281311, -5.07099676132, 62.4713745117, -18.2011985779, 44.2017288208, -29.2702884674], [-304.131774902, 447.792694092, 2.09063220024, 0.561002016068, 122.56565094, -91.7056655884, 96.9189147949, -5.07099676132, 165.276916504, 6.75089883804, 53.1128730774, -31.245803833, 14.7095756531], [233.473175049, -346.452850342, 71.3627929688, 53.8256912231, -63.3332138062, 47.8593254089, -37.1312561035, 62.4713745117, 6.75089883804, 157.5887146, 19.6743888855, 50.1346321106, -21.5081119537], [-218.007965088, 258.845855713, -36.1489677429, -53.841255188, 51.7259292603, -41.3923149109, 42.1539459229, -18.2011985779, 53.1128730774, 19.6743888855, 139.717102051, 24.0529232025, -6.42457532883], [195.147109985, -322.738677979, 10.9946346283, -6.60777902603, -69.3334732056, 25.2278366089, -67.3883743286, 44.2017288208, -31.245803833, 50.1346321106, 24.0529232025, 146.685317993, 13.2509469986], [-214.677108765, 142.858139038, -70.6076507568, -34.6510658264, 22.1286334991, -42.0957374573, 13.3878231049, -29.2702884674, 14.7095756531, -21.5081119537, -6.42457532883, 13.2509469986, 130.064208984]],
        "icov": [[0.000166234211065, -0.000287144997856, 0.000116374903882, -0.000386355648516, 0.000228826349485, -0.000226539035793, 0.000369713408872, -0.000106382503873, 0.00034457660513, -0.000395086448407, 0.000407429120969, -0.000418603420258, 0.000334233918693], [-0.000287144997856, 0.00182506476995, -0.000977907329798, 0.0013030275004, -0.00124352227431, 0.00101776293013, -0.00149169610813, 0.00149146676995, -0.00198629661463, 0.00224403850734, -0.00212522153743, 0.0019110882422, -0.00133605441079], [0.000116374903882, -0.000977907329798, 0.00168232794385, -0.000885613786522, 0.000921049853787, -0.000551745353732, 0.00060244865017, -0.00118427386042, 0.000795558094978, -0.0013642081758, 0.00136042339727, -0.000998242991045, 0.00113305216655], [-0.000386355648516, 0.0013030275004, -0.000885613786522, 0.00253886030987, -0.000605742214248, 0.000197211265913, -0.00139619235415, 0.000870523508638, -0.00209944951348, 0.00155734154396, -0.00120712188073, 0.00165554415435, -0.00110009906348], [0.000228826349485, -0.00124352227431, 0.000921049853787, -0.000605742214248, 0.0030823731795, -0.000814748986159, -0.000656607910059, -0.00127295276616, 0.000615216966253, -0.00111190648749, 0.00150689738803, -0.00128656858578, 0.00102721678559], [-0.000226539035793, 0.00101776293013, -0.000551745353732, 0.000197211265913, -0.000814748986159, 0.00424482580274, -0.00128160312306, -0.0010343628237, 0.00123588216957, 0.000827591167763, -0.00135580089409, 0.00145061127841, -0.000544838607311], [0.000369713408872, -0.00149169610813, 0.00060244865017, -0.00139619235415, -0.000656607910059, -0.00128160312306, 0.00709120417014, -0.00106517481618, 1.74291344592e-05, -0.00136187719181, 0.000784106669016, -0.000120753378724, 0.000754887005314], [-0.000106382503873, 0.00149146676995, -0.00118427386042, 0.000870523508638, -0.00127295276616, -0.0010343628237, -0.00106517481618, 0.0109167769551, -0.00340169668198, -0.000503189337905, 0.000640527054202, -0.00137227971572, 0.000696407572832], [0.00034457660513, -0.00198629661463, 0.000795558094978, -0.00209944951348, 0.000615216966253, 0.00123588216957, 1.74291344592e-05, -0.00340169668198, 0.0127324750647, -0.00381089909934, -0.00105383433402, 0.000316204299452, -3.45863645634e-06], [-0.000395086448407, 0.00224403850734, -0.0013642081758, 0.00155734154396, -0.00111190648749, 0.000827591167763, -0.00136187719181, -0.000503189337905, -0.00381089909934, 0.0115093719214, -0.00381364370696, 0.000450888794148, -0.00085867010057], [0.000407429120969, -0.00212522153743, 0.00136042339727, -0.00120712188073, 0.00150689738803, -0.00135580089409, 0.000784106669016, 0.000640527054202, -0.00105383433402, -0.00381364370696, 0.0125578278676, -0.00555506208912, 0.0034667244181], [-0.000418603420258, 0.0019110882422, -0.000998242991045, 0.00165554415435, -0.00128656858578, 0.00145061127841, -0.000120753378724, -0.00137227971572, 0.000316204299452, 0.000450888794148, -0.00555506208912, 0.0124142738059, -0.00399922020733], [0.000334233918693, -0.00133605441079, 0.00113305216655, -0.00110009906348, 0.00102721678559, -0.000544838607311, 0.000754887005314, 0.000696407572832, -3.45863645634e-06, -0.00085867010057, 0.0034667244181, -0.00399922020733, 0.0101946629584]]
    },
    "melbands": {
        "dmean": [8.56730621308e-05, 0.000825951108709, 0.000834017293528, 0.000600825238507, 0.000324001535773, 0.00015814670769, 0.000185409342521, 0.000125746577396, 0.00011918751261, 8.42382723931e-05, 6.18613048573e-05, 6.2823171902e-05, 4.02540863433e-05, 3.51132221112e-05, 2.9289692975e-05, 3.18474085361e-05, 2.39299915847e-05, 1.97124772967e-05, 1.23853315017e-05, 1.63740696735e-05, 1.24971948026e-05, 1.01926416392e-05, 9.1747233455e-06, 7.33888509785e-06, 4.23854680776e-06, 5.24559573023e-06, 3.7409952256e-06, 4.43054568677e-06, 4.41103475168e-06, 2.90086973109e-06, 2.27447344514e-06, 1.95109555534e-06, 1.87256296158e-06, 2.4278838282e-06, 2.4727141863e-06, 2.34159006141e-06, 1.28794658849e-06, 9.74979798229e-07, 7.62626939377e-07, 4.81345921344e-07],
        "dmean2": [0.00013582171232, 0.00136933347676, 0.00138416164555, 0.000957768235821, 0.000466254190542, 0.000212832834222, 0.000258105312241, 0.000194125648704, 0.000185325247003, 0.000135223730467, 0.000101065175841, 9.5399300335e-05, 6.26227847533e-05, 5.61014458071e-05, 4.51019805041e-05, 4.97190958413e-05, 3.91869762097e-05, 3.37359997502e-05, 2.16797925532e-05, 2.86798349407e-05, 2.18214299821e-05, 1.75815002876e-05, 1.62446503964e-05, 1.27526964206e-05, 7.1056338129e-06, 8.38067626319e-06, 6.12327039562e-06, 7.20158004697e-06, 6.91234026817e-06, 4.60874298369e-06, 3.71261239707e-06, 3.20322124026e-06, 3.07555364998e-06, 3.80950427825e-06, 3.99528880735e-06, 3.7408276512e-06, 2.05637047657e-06, 1.59075466399e-06, 1.25065594148e-06, 7.8456588426e-07],
        "dvar": [6.48634141953e-08, 6.72214309816e-06, 7.94680454419e-06, 3.02745002045e-06, 5.2658435834e-07, 1.11496802901e-07, 1.89308465792e-07, 1.35408370738e-07, 8.08805751262e-08, 3.31672893594e-08, 2.11410355888e-08, 2.73314277877e-08, 1.34407374119e-08, 2.24409753002e-08, 5.99600014084e-09, 9.98871385605e-09, 4.76147743456e-09, 3.45761108633e-09, 1.00770358724e-09, 1.9124113404e-09, 1.22033683159e-09, 1.30068567028e-09, 8.50705950128e-10, 5.71928115978e-10, 9.40034022845e-11, 1.96610325243e-10, 8.69373670276e-11, 2.2654787768e-10, 1.98947899821e-10, 6.50423187532e-11, 5.82332168597e-11, 3.97370365779e-11, 4.06529046537e-11, 7.75134331721e-11, 1.74613920545e-10, 7.71615341066e-11, 1.93470430648e-11, 1.51363435674e-11, 9.84971045698e-12, 3.91448895867e-12],
        "dvar2": [1.61356695116e-07, 1.89154452528e-05, 2.25549611059e-05, 8.54368045111e-06, 1.37653012189e-06, 2.81782604361e-07, 4.18043782702e-07, 3.57270550921e-07, 2.24572090701e-07, 8.40172731387e-08, 5.83470054494e-08, 5.76865311075e-08, 3.29621947515e-08, 5.72618255035e-08, 1.48292107482e-08, 2.4669443377e-08, 1.23875256719e-08, 8.91869689212e-09, 2.82198420187e-09, 5.28468824257e-09, 3.3607066019e-09, 3.59086960167e-09, 2.36516739527e-09, 1.6294093852e-09, 2.52286636027e-10, 4.31684771263e-10, 2.27281679588e-10, 5.78458392297e-10, 4.46921194497e-10, 1.55632437493e-10, 1.50757989426e-10, 1.02723433926e-10, 1.05098332814e-10, 1.77653572409e-10, 4.04761363315e-10, 1.80414350126e-10, 4.85331011491e-11, 3.95432506184e-11, 2.60173532024e-11, 1.03202620061e-11],
        "max": [0.00527432980016, 0.0448685660958, 0.0383307114244, 0.0365136675537, 0.013449662365, 0.00789541844279, 0.0156089328229, 0.00993776414543, 0.0089227790013, 0.00459983525798, 0.00305156433024, 0.00726005854085, 0.00348631036468, 0.00494997715577, 0.00318327266723, 0.0039825332351, 0.00230991630815, 0.0017407432897, 0.000591387448367, 0.00118221133016, 0.0010673791403, 0.00124432903249, 0.000940749130677, 0.000806603115052, 0.000133432753501, 0.000408816646086, 0.000260219792835, 0.000589900417253, 0.000431239808677, 0.00018753153563, 0.000167585414601, 0.000109523149149, 0.000131529232021, 0.00024964811746, 0.00053933064919, 0.00029329030076, 7.49408209231e-05, 8.51071017678e-05, 6.52956368867e-05, 3.90567183786e-05],
        "mean": [0.000210117752431, 0.00234762299806, 0.00182035658509, 0.00114468310494, 0.000753907486796, 0.000390611210605, 0.000460085604573, 0.000242023845203, 0.000231984464335, 0.000152800552314, 0.000113305679406, 0.000110241642687, 6.10382339801e-05, 5.34604150744e-05, 5.15679457749e-05, 5.2684750699e-05, 3.38393037964e-05, 2.48692267633e-05, 1.6227031665e-05, 2.15486088564e-05, 1.72384134203e-05, 1.43377201312e-05, 1.12229099614e-05, 8.88697377377e-06, 5.8773366618e-06, 7.53446192903e-06, 5.59504951525e-06, 6.54557697999e-06, 6.20344644631e-06, 3.91471121475e-06, 2.74551712209e-06, 2.26053134611e-06, 2.03055515158e-06, 3.08474159283e-06, 2.93996345135e-06, 2.97683163808e-06, 1.40867280152e-06, 9.13094368116e-07, 6.9645267331e-07, 4.55191923265e-07],
        "median": [1.37975785037e-05, 0.000209208141314, 0.000621064100415, 0.000672740919981, 0.000424836907769, 0.000147851824295, 0.000140625168569, 9.86860832199e-05, 0.000115450151497, 6.53931856505e-05, 2.42008627538e-05, 2.903357381e-05, 1.88661124412e-05, 9.71716326603e-06, 1.964342664e-05, 1.58917537192e-05, 7.37473783374e-06, 5.77548871661e-06, 4.6490472414e-06, 4.50708921562e-06, 4.00223871111e-06, 2.5382282729e-06, 9.24477944864e-07, 7.49556647861e-07, 6.59364843614e-07, 8.30354849768e-07, 5.32358285454e-07, 3.62048979241e-07, 3.0392050121e-07, 2.43605938977e-07, 1.10558445954e-07, 8.84882354057e-08, 6.42998827516e-08, 5.9113759221e-08, 5.27430117359e-08, 4.13891214635e-08, 2.23934151222e-08, 8.83475870239e-09, 4.74802597239e-09, 2.68597633024e-09],
        "min": [2.94219696605e-24, 6.06540003895e-24, 4.88282969999e-24, 1.17912479175e-24, 1.45530385081e-23, 6.13081396293e-24, 5.3165418758e-24, 5.84852955433e-24, 1.11614004659e-23, 1.28474691662e-23, 9.32681923384e-24, 1.09543536661e-23, 1.60213437333e-23, 1.27074786989e-23, 2.60525297697e-24, 4.28241859312e-24, 9.02133915918e-24, 1.95909172413e-23, 1.33441643912e-23, 1.73010654482e-23, 9.98603558246e-24, 9.07996493508e-24, 1.18408321641e-23, 1.01271485989e-23, 9.23163212157e-24, 7.21970391396e-24, 1.27954784994e-23, 1.01950860889e-23, 8.2942105641e-24, 1.12599725803e-23, 1.21682331056e-23, 7.13655008594e-24, 7.99759728601e-24, 6.08957310367e-24, 7.58940988808e-24, 1.31076504811e-23, 1.3163293574e-23, 8.4018490569e-24, 1.03238203e-23, 9.82011289054e-24],
        "var": [2.0722904992e-07, 1.23407880892e-05, 9.62992726272e-06, 3.35768754667e-06, 1.05376818738e-06, 4.11831280189e-07, 8.37753418637e-07, 2.31046641375e-07, 1.29268812543e-07, 8.00004471557e-08, 5.00832975092e-08, 1.333689994e-07, 1.90426518998e-08, 3.07220950901e-08, 1.44161056426e-08, 2.02890824141e-08, 1.14166347487e-08, 4.12085165991e-09, 1.14288911668e-09, 2.25138685472e-09, 1.5406182996e-09, 1.37220046437e-09, 9.9426200606e-10, 5.32118848984e-10, 1.40169528762e-10, 3.57299301257e-10, 1.45714759703e-10, 4.28104246497e-10, 3.43562733818e-10, 9.68110522304e-11, 6.20298118426e-11, 3.93581521541e-11, 3.84584239455e-11, 1.36920419447e-10, 2.60206134417e-10, 1.37089228858e-10, 2.09124124267e-11, 1.21397735614e-11, 7.66594773771e-12, 3.14067500305e-12]
    },
    "mfcc": {
        "mean": [-708.471496582, 161.565597534, -10.4639511108, 20.0267982483, -5.84698534012, -0.36752012372, -9.87737369537, -3.95521998405, -9.29071140289, -1.66476523876, -11.9623031616, -4.70971632004, -8.25420665741],
        "cov": [[9257.6328125, -1857.22912598, -48.9373474121, 610.239746094, 17.7392959595, 460.268859863, -80.0913925171, 129.123168945, -141.923141479, 80.0023345947, 38.5510063171, 122.279586792, -72.9089126587], [-1857.22912598, 4300.21289062, -571.342041016, -4.83950567245, 257.092803955, -57.0210113525, 234.308990479, 56.5686531067, 171.70652771, 47.0828361511, 126.175018311, 15.0926437378, 76.7997512817], [-48.9373474121, -571.342041016, 1029.43603516, 118.16355896, -44.2757720947, 28.0674972534, -6.05136537552, 22.9540252686, 19.1141662598, 96.2795410156, -15.5356607437, 57.4023971558, 90.3385543823], [610.239746094, -4.83950567245, 118.16355896, 562.126464844, 84.744644165, 124.99911499, 11.3703594208, 87.6729888916, 56.1782646179, 110.035308838, -29.9227027893, 78.940788269, 77.8031539917], [17.7392959595, 257.092803955, -44.2757720947, 84.744644165, 259.629608154, 73.8291778564, 99.3060836792, 57.5704460144, 74.7107162476, 12.9787416458, 50.4116592407, 31.7326087952, -0.61137086153], [460.268859863, -57.0210113525, 28.0674972534, 124.99911499, 73.8291778564, 249.162979126, 110.967376709, 87.4372558594, 45.4122390747, 61.3566551208, 18.398519516, 31.7172546387, -3.99637746811], [-80.0913925171, 234.308990479, -6.05136537552, 11.3703594208, 99.3060836792, 110.967376709, 208.610641479, 93.0401000977, 65.7887802124, 33.1000442505, 48.4388618469, -3.29944252968, -3.4034743309], [129.123168945, 56.5686531067, 22.9540252686, 87.6729888916, 57.5704460144, 87.4372558594, 93.0401000977, 172.617767334, 36.7644042969, 48.584980011, 27.199131012, -3.19720840454, 26.9628314972], [-141.923141479, 171.70652771, 19.1141662598, 56.1782646179, 74.7107162476, 45.4122390747, 65.7887802124, 36.7644042969, 189.253417969, 9.02180576324, -6.29674816132, 61.3142356873, -28.3143882751], [80.0023345947, 47.0828361511, 96.2795410156, 110.035308838, 12.9787416458, 61.3566551208, 33.1000442505, 48.584980011, 9.02180576324, 189.843139648, -10.8220653534, 30.8388462067, 56.8785896301], [38.5510063171, 126.175018311, -15.5356607437, -29.9227027893, 50.4116592407, 18.398519516, 48.4388618469, 27.199131012, -6.29674816132, -10.8220653534, 213.187698364, -33.1141929626, 62.448387146], [122.279586792, 15.0926437378, 57.4023971558, 78.940788269, 31.7326087952, 31.7172546387, -3.29944252968, -3.19720840454, 61.3142356873, 30.8388462067, -33.1141929626, 274.75390625, 27.5824680328], [-72.9089126587, 76.7997512817, 90.3385543823, 77.8031539917, -0.61137086153, -3.99637746811, -3.4034743309, 26.9628314972, -28.3143882751, 56.8785896301, 62.448387146, 27.5824680328, 209.564529419]],
