{
"lowlevel": {
    "average_loudness": 0.923847734928,
    "barkbands_crest": {
        "dmean": 2.73726034164,
        "dmean2": 4.24090766907,
        "dvar": 7.9936170578,
        "dvar2": 18.6741371155,
        "max": 26.8257217407,
        "mean": 11.8206968307,
        "median": 10.5960102081,
        "min": 2.44533514977,
        "var": 27.158782959
    },
    "barkbands_flatness_db": {
        "dmean": 0.0273672863841,
        "dmean2": 0.0412220731378,
        "dvar": 0.00108729093336,
        "dvar2": 0.00267173908651,
        "max": 0.62693721056,
        "mean": 0.152967199683,
        "median": 0.131301030517,
        "min": 0.0288760885596,
        "var": 0.00665666442364
    },
    "barkbands_kurtosis": {
        "dmean": 15.9707393646,
        "dmean2": 27.6600265503,
        "dvar": 14069.9208984,
        "dvar2": 42209.0859375,
        "max": 2485.69604492,
        "mean": 14.1961202621,
        "median": 1.62035512924,
        "min": -1.92473483086,
        "var": 9769.57324219
    },
    "barkbands_skewness": {
        "dmean": 0.883108496666,
        "dmean2": 1.39602398872,
        "dvar": 6.25690031052,
        "dvar2": 18.0817375183,
        "max": 45.7020568848,
        "mean": 1.9317176342,
        "median": 1.42509293556,
        "min": -5.73451519012,
        "var": 7.75805950165
    },
    "barkbands_spread": {
        "dmean": 8.36061668396,
        "dmean2": 12.9338855743,
        "dvar": 94.5553207397,
        "dvar2": 227.603439331,
        "max": 95.6730499268,
        "mean": 22.837802887,
        "median": 20.2461948395,
        "min": 0.0346276313066,
        "var": 203.817947388
    },
    "dissonance": {
        "dmean": 0.0204506199807,
        "dmean2": 0.0340183973312,
        "dvar": 0.000417583185481,
        "dvar2": 0.00111925578676,
        "max": 0.499999940395,
        "mean": 0.454837441444,
        "median": 0.463447242975,
        "min": 0.0885688066483,
        "var": 0.00167677772697
    },
    "dynamic_complexity": 3.87000060081,
    "erbbands_crest": {
        "dmean": 2.56558179855,
        "dmean2": 4.02274894714,
        "dvar": 5.72049856186,
        "dvar2": 12.9298591614,
        "max": 31.6895713806,
        "mean": 9.17596626282,
        "median": 7.93742418289,
        "min": 2.15628242493,
        "var": 23.6664466858
    },
    "erbbands_flatness_db": {
        "dmean": 0.019271293655,
        "dmean2": 0.0274138208479,
        "dvar": 0.000290337658953,
        "dvar2": 0.000603636319283,
        "max": 0.567848920822,
        "mean": 0.162162661552,
        "median": 0.151879563928,
        "min": 0.0292597673833,
        "var": 0.0034669903107
    },
    "erbbands_kurtosis": {
        "dmean": 1.31689596176,
        "dmean2": 1.98655498028,
        "dvar": 15.4187450409,
        "dvar2": 30.3324756622,
        "max": 149.343032837,
        "mean": 1.25220716,
        "median": -0.0301861763,
        "min": -1.79218482971,
        "var": 46.4722366333
    },
    "erbbands_skewness": {
        "dmean": 0.391383737326,
        "dmean2": 0.601019144058,
        "dvar": 0.167707189918,
        "dvar2": 0.390881597996,
        "max": 9.39463233948,
        "mean": 0.330512017012,
        "median": 0.284643918276,
        "min": -3.15955638885,
        "var": 0.878355026245
    },
    "erbbands_spread": {
        "dmean": 10.8004617691,
        "dmean2": 16.48229599,
        "dvar": 131.266555786,
        "dvar2": 302.405914307,
        "max": 146.385818481,
        "mean": 37.8457336426,
        "median": 34.7191505432,
        "min": 0.449181258678,
        "var": 327.254699707
    },
    "hfc": {
        "dmean": 10.9769544601,
        "dmean2": 16.2357006073,
        "dvar": 271.165252686,
        "dvar2": 584.592346191,
        "max": 201.877609253,
        "mean": 23.981256485,
        "median": 18.6471443176,
        "min": 1.17475383267e-16,
        "var": 507.270446777
    },
    "melbands_crest": {
        "dmean": 3.41696000099,
        "dmean2": 5.04734325409,
        "dvar": 11.8350000381,
        "dvar2": 25.009557724,
        "max": 39.8288841248,
        "mean": 17.0046577454,
        "median": 15.5205383301,
        "min": 2.53696417809,
        "var": 50.6496047974
    },
    "melbands_flatness_db": {
        "dmean": 0.0345521345735,
        "dmean2": 0.0508407875896,
        "dvar": 0.00149530998897,
        "dvar2": 0.00349940359592,
        "max": 0.717093229294,
        "mean": 0.215070202947,
        "median": 0.194702625275,
        "min": 0.00534479459748,
        "var": 0.0086566042155
    },
    "melbands_kurtosis": {
        "dmean": 19.8168525696,
        "dmean2": 33.3481674194,
        "dvar": 14241.8740234,
        "dvar2": 43948.265625,
        "max": 3152.84033203,
        "mean": 22.8262386322,
        "median": 7.96257591248,
        "min": -1.7429677248,
        "var": 10189.125
    },
    "melbands_skewness": {
        "dmean": 1.03898227215,
        "dmean2": 1.61042487621,
        "dvar": 5.94635486603,
        "dvar2": 17.3271808624,
        "max": 49.9818916321,
        "mean": 2.98916125298,
        "median": 2.45812153816,
        "min": -1.17927145958,
        "var": 7.97634029388
    },
    "melbands_spread": {
        "dmean": 8.26877403259,
        "dmean2": 12.9900436401,
        "dvar": 130.57963562,
        "dvar2": 338.942138672,
        "max": 156.838195801,
        "mean": 22.3943786621,
        "median": 20.2246227264,
        "min": 0.175791695714,
        "var": 236.481567383
    },
    "pitch_salience": {
        "dmean": 0.0750423744321,
        "dmean2": 0.117642596364,
        "dvar": 0.00585157051682,
        "dvar2": 0.0142069105059,
        "max": 0.895536124706,
        "mean": 0.463242918253,
        "median": 0.47715100646,
        "min": 0.0159313827753,
        "var": 0.01701297611
    },
    "silence_rate_20dB": {
        "dmean": 0,
        "dmean2": 0,
        "dvar": 0,
        "dvar2": 0,
        "max": 1,
        "mean": 1,
        "median": 1,
        "min": 1,
        "var": 0
    },
    "silence_rate_30dB": {
        "dmean": 0.0251529570669,
        "dmean2": 0.050310190767,
        "dvar": 0.024521427229,
        "dvar2": 0.0550766699016,
        "max": 1,
        "mean": 0.969411194324,
        "median": 1,
        "min": 0,
        "var": 0.0296571534127
    },
    "silence_rate_60dB": {
        "dmean": 0.00458871526644,
        "dmean2": 0.00909322686493,
        "dvar": 0.00456938939169,
        "dvar2": 0.0108810430393,
        "max": 1,
        "mean": 0.0580338165164,
        "median": 0,
        "min": 0,
        "var": 0.0546651519835
    },
    "spectral_centroid": {
        "dmean": 302.890441895,
        "dmean2": 478.222564697,
        "dvar": 143672.65625,
        "dvar2": 350496.40625,
        "max": 11463.9267578,
        "mean": 1338.86193848,
        "median": 1257.11132812,
        "min": 170.646179199,
        "var": 390814.84375
    },
    "spectral_complexity": {
        "dmean": 3.96736907959,
        "dmean2": 6.22070217133,
        "dvar": 31.3303318024,
        "dvar2": 68.1204071045,
        "max": 58,
        "mean": 18.6315746307,
        "median": 18,
        "min": 0,
        "var": 99.8169250488
    },
    "spectral_decrease": {
        "dmean": 2.74928924071e-09,
        "dmean2": 3.94565446982e-09,
        "dvar": 1.80388950638e-17,
        "dvar2": 3.91505146404e-17,
        "max": 1.79542688505e-28,
        "mean": -9.1282359449e-09,
        "median": -7.6331332366e-09,
        "min": -5.79761092467e-08,
        "var": 5.46338897957e-17
    },
    "spectral_energy": {
        "dmean": 0.010856308043,
        "dmean2": 0.015420419164,
        "dvar": 0.000262080662651,
        "dvar2": 0.00056309759384,
        "max": 0.220843717456,
        "mean": 0.0366272591054,
        "median": 0.030882935971,
        "min": 1.06018123524e-20,
        "var": 0.000829585653264
    },
    "spectral_energyband_high": {
        "dmean": 0.000992255168967,
        "dmean2": 0.0014671193203,
        "dvar": 2.71746671388e-06,
        "dvar2": 5.0265371101e-06,
        "max": 0.0209764670581,
        "mean": 0.00121780787595,
        "median": 0.000370641384507,
        "min": 7.59106475417e-21,
        "var": 5.01696968058e-06
    },
    "spectral_energyband_low": {
        "dmean": 0.00753912795335,
        "dmean2": 0.0115046538413,
        "dvar": 0.000261942914221,
        "dvar2": 0.00058360415278,
        "max": 0.213559225202,
        "mean": 0.0174761023372,
        "median": 0.0110421730205,
        "min": 5.26259081075e-23,
        "var": 0.000567631563172
    },
    "spectral_energyband_middle_high": {
        "dmean": 0.00238477019593,
        "dmean2": 0.00365655194037,
        "dvar": 1.26140466818e-05,
        "dvar2": 3.2180450944e-05,
        "max": 0.0484185069799,
        "mean": 0.00596011383459,
        "median": 0.00534749682993,
        "min": 1.21184978867e-21,
        "var": 2.32261972997e-05
    },
    "spectral_energyband_middle_low": {
        "dmean": 0.00432157469913,
        "dmean2": 0.0060596531257,
        "dvar": 3.15975776175e-05,
        "dvar2": 6.96632123436e-05,
        "max": 0.0917987897992,
        "mean": 0.013314130716,
        "median": 0.0107940332964,
        "min": 2.76240812679e-22,
        "var": 0.00011597496632
    },
    "spectral_entropy": {
        "dmean": 0.224955767393,
        "dmean2": 0.328351408243,
        "dvar": 0.0464940331876,
        "dvar2": 0.0861475691199,
        "max": 9.80174636841,
        "mean": 7.4480214119,
        "median": 7.51868343353,
        "min": 3.13053870201,
        "var": 0.47539049387
    },
    "spectral_flux": {
        "dmean": 0.0278275106102,
        "dmean2": 0.0441590845585,
        "dvar": 0.001041564974,
        "dvar2": 0.00254469574429,
        "max": 0.363153159618,
        "mean": 0.0823497474194,
        "median": 0.0724421590567,
        "min": 1.02965101723e-10,
        "var": 0.00248473975807
    },
    "spectral_kurtosis": {
        "dmean": 2.74923062325,
        "dmean2": 4.50631713867,
        "dvar": 71.7183227539,
        "dvar2": 203.558334351,
        "max": 335.890899658,
        "mean": 5.6250166893,
        "median": 3.21957731247,
        "min": -1.19594204426,
        "var": 232.176589966
    },
    "spectral_rms": {
        "dmean": 0.000790748454165,
        "dmean2": 0.00109109724872,
        "dvar": 8.51399761359e-07,
        "dvar2": 1.67042196608e-06,
        "max": 0.0146784633398,
        "mean": 0.00550625519827,
        "median": 0.00548905227333,
        "min": 3.21608950409e-12,
        "var": 5.41493818673e-06
    },
    "spectral_rolloff": {
        "dmean": 620.52557373,
        "dmean2": 1033.08508301,
        "dvar": 1010047.9375,
        "dvar2": 2295517.25,
        "max": 19552.1484375,
        "mean": 1293.20080566,
        "median": 1012.06054688,
        "min": 21.533203125,
        "var": 1498031.125
    },
    "spectral_skewness": {
        "dmean": 0.334108442068,
        "dmean2": 0.541230618954,
        "dvar": 0.211238056421,
        "dvar2": 0.555268883705,
        "max": 14.4325828552,
        "mean": 1.55117154121,
        "median": 1.42592740059,
        "min": -0.0813147872686,
        "var": 1.14315569401
    },
    "spectral_spread": {
        "dmean": 1008084.75,
        "dmean2": 1446836.625,
        "dvar": 1.43472852992e+12,
        "dvar2": 2.39067411251e+12,
        "max": 51732372,
        "mean": 4710131,
        "median": 4181417.75,
        "min": 314298.34375,
        "var": 3.29870894694e+12
    },
    "spectral_strongpeak": {
        "dmean": 0.396861255169,
        "dmean2": 0.67351937294,
        "dvar": 0.65146201849,
        "dvar2": 1.60260474682,
        "max": 11.3482351303,
        "mean": 0.767172276974,
        "median": 0.490166604519,
        "min": 0,
        "var": 0.901521027088
    },
    "zerocrossingrate": {
        "dmean": 0.0136286811903,
        "dmean2": 0.0163612607867,
        "dvar": 0.000209123158129,
        "dvar2": 0.000263825932052,
        "max": 0.50048828125,
        "mean": 0.052834071219,
        "median": 0.048828125,
        "min": 0,
        "var": 0.000975158531219
    },
    "barkbands": {
        "dmean": [0.000646671338473, 0.00678618950769, 0.00111347087659, 0.00102822051849, 0.00172603304964, 0.00139495404437, 0.00081264518667, 0.000525923736859, 0.000736263464205, 0.000500261608977, 0.000745602708776, 0.000193624655367, 0.000676934723742, 0.000350716290995, 0.000406026345445, 0.000261127948761, 0.000375387695385, 0.00019042295753, 0.000371318310499, 0.000222866568947, 0.0001765772613, 0.000145364130731, 0.000259851338342, 0.000254129379755, 0.00010727877816, 8.93882042874e-06, 2.68103434564e-07],
        "dmean2": [0.00094338535564, 0.0105490116403, 0.00175409985241, 0.00146679789759, 0.0026548684109, 0.00189868733287, 0.00110182841308, 0.000835729122628, 0.00102279032581, 0.000751061947085, 0.0010883876821, 0.000301723543089, 0.000997969997115, 0.000547720817849, 0.000641465710942, 0.000421374599682, 0.000636294367723, 0.000336866360158, 0.000683157530148, 0.000391388399294, 0.000282430817606, 0.000213364764932, 0.000371672736946, 0.00039398111403, 0.000166234924109, 1.38728337333e-05, 4.23813588668e-07],
        "dvar": [1.85940018582e-06, 0.000250233453698, 5.2789282563e-06, 3.06908691527e-06, 1.33871953949e-05, 6.78269498167e-06, 2.02470596378e-06, 8.62154138304e-07, 1.49284153395e-06, 5.32593389835e-07, 1.17622562357e-06, 1.23548119291e-07, 1.31433455408e-06, 2.77374653024e-07, 4.02104063824e-07, 4.34118561543e-07, 4.08690425502e-07, 2.20363801873e-07, 1.52762038397e-06, 2.69844065315e-07, 1.39702493129e-07, 7.88617668945e-08, 3.01497919963e-07, 1.84381093504e-07, 4.59904612171e-08, 4.0091346909e-10, 1.82539801417e-13],
        "dvar2": [3.65842038264e-06, 0.000577348226216, 1.35784639497e-05, 6.31491775493e-06, 3.38445643138e-05, 1.13637579489e-05, 3.28568580699e-06, 2.21807090384e-06, 2.68739177045e-06, 1.10482221771e-06, 2.39002110902e-06, 2.7500715305e-07, 2.44262378146e-06, 6.25518794095e-07, 8.97891311524e-07, 9.73951500782e-07, 1.11770339117e-06, 6.28310999673e-07, 4.42209238827e-06, 7.58782618959e-07, 3.4954339867e-07, 1.20124838077e-07, 5.5951812783e-07, 3.91130782873e-07, 1.01717922973e-07, 8.78817130179e-10, 4.08644309797e-13],
        "max": [0.0240229200572, 0.192282214761, 0.0426058992743, 0.0353687554598, 0.0743205472827, 0.0734746083617, 0.0345705524087, 0.0180766675621, 0.026204386726, 0.0138612221926, 0.0163819249719, 0.00799205061048, 0.0439479723573, 0.00795314554125, 0.0134076364338, 0.0187121871859, 0.0106449015439, 0.00656716572121, 0.0131115093827, 0.00547071686015, 0.0037526441738, 0.00393764209002, 0.00801790133119, 0.00353422248736, 0.00222690938972, 0.000325311266351, 7.99171357357e-06],
        "mean": [0.00112797459587, 0.0130615178496, 0.00218050228432, 0.00220527057536, 0.0036093138624, 0.00298285018653, 0.00179582030978, 0.000848408148158, 0.00136645557359, 0.000866429938469, 0.00120420230087, 0.000267526163952, 0.00114315550309, 0.000564760470297, 0.000592481228523, 0.000360914447811, 0.00050454220036, 0.000223960480071, 0.00034916124423, 0.000277439277852, 0.000223724229727, 0.000212222148548, 0.000287097092951, 0.000257339066593, 0.000102794656414, 1.07393789222e-05, 6.73871113577e-07],
        "median": [0.000234087317949, 0.00526928529143, 0.00103996833786, 0.000714465859346, 0.00116572249681, 0.00119760807138, 0.000735182256903, 0.000358902732842, 0.000646983040497, 0.000450862833532, 0.000592222437263, 0.000109202854219, 0.000521238544025, 0.000329890055582, 0.000293605582556, 0.000138395815156, 0.000290139723802, 0.00012350808538, 0.000150119099999, 0.000133687673951, 0.000100343240774, 6.93138863426e-05, 4.64930417365e-05, 3.91611647501e-05, 9.78445041255e-06, 2.47085858973e-06, 5.17062460403e-07],
        "min": [1.38663682223e-23, 2.95118923095e-23, 1.14619296495e-23, 4.68330784439e-24, 1.60735537035e-23, 3.79687683588e-23, 3.46694396643e-23, 1.07774650188e-23, 1.22026760349e-22, 7.04244781519e-23, 7.76802882295e-23, 5.79975964882e-23, 6.98480164677e-23, 9.49342855029e-23, 6.72732628255e-23, 6.74218589765e-23, 1.22527302059e-22, 1.16739625235e-22, 2.13656829375e-22, 2.93659719747e-22, 3.84490224603e-22, 5.5380670973e-22, 5.09141178085e-22, 7.32316062354e-22, 9.70469761761e-22, 1.68423767213e-21, 2.40750008516e-21],
        "var": [3.93524851461e-06, 0.000476051936857, 9.1953215815e-06, 1.16744186016e-05, 3.37844976457e-05, 2.60239557974e-05, 8.26710129331e-06, 1.79007395218e-06, 4.28071280112e-06, 1.26468989947e-06, 2.66789948e-06, 2.0472012352e-07, 4.09496442444e-06, 5.10957704591e-07, 7.95403195752e-07, 8.67692563133e-07, 4.63949675122e-07, 1.51382309355e-07, 8.82504934907e-07, 2.18433882537e-07, 1.56110715466e-07, 1.95599753283e-07, 5.03613193814e-07, 2.37400172409e-07, 5.48665575195e-08, 5.92711602021e-10, 6.01269142982e-13]
    },
    "erbbands": {
        "dmean": [0.288561075926, 1.38149487972, 1.42420399189, 2.43014144897, 3.81939435005, 7.28492975235, 8.90801620483, 10.9708089828, 7.44514322281, 19.1701431274, 9.8549041748, 19.9258518219, 15.7909173965, 13.4117326736, 25.4734401703, 10.8313055038, 33.141620636, 18.572725296, 13.3614368439, 25.0756797791, 10.7466917038, 18.2972621918, 12.6230297089, 14.1115341187, 17.4825267792, 12.8884992599, 8.02468585968, 6.17863178253, 5.65973186493, 6.4902176857, 6.36198854446, 6.22847127914, 3.89464211464, 1.58721542358, 0.513389885426, 0.086311429739, 0.0106550296769, 0.000874223886058, 6.22933148406e-05, 1.57189570018e-05],
        "dmean2": [0.404047816992, 2.24853205681, 2.22436857224, 3.49659824371, 5.68650341034, 11.5339040756, 12.5590286255, 15.1010913849, 11.1369962692, 27.2107505798, 14.7395086288, 27.4889316559, 23.9421291351, 19.9287452698, 37.3862457275, 16.2084503174, 48.9365386963, 28.7577552795, 20.3081302643, 40.3944015503, 17.2846717834, 31.4106445312, 21.8548488617, 25.3257789612, 32.2210693359, 22.9349594116, 13.3228569031, 9.59804725647, 8.41985034943, 9.08444213867, 8.86673164368, 9.63322925568, 6.10537195206, 2.45184469223, 0.798922240734, 0.134420052171, 0.0166972577572, 0.00133048056159, 9.51822294155e-05, 2.23610441026e-05],
        "dvar": [0.467470914125, 11.0873146057, 10.134979248, 13.1568622589, 42.7870407104, 306.7840271, 219.331939697, 428.337738037, 200.753372192, 1473.92382812, 261.663787842, 1153.42797852, 621.928283691, 389.7137146, 1291.52001953, 306.420501709, 3216.38793945, 725.677490234, 710.51739502, 1734.01049805, 514.673950195, 1257.91125488, 809.550292969, 1495.32421875, 3683.48120117, 949.721618652, 437.999267578, 126.127120972, 121.38722229, 170.835830688, 193.016067505, 113.391716003, 46.1045036316, 8.91333389282, 1.28926324844, 0.04306114465, 0.000421100907261, 2.11116935134e-06, 8.91176998863e-09, 4.01271793571e-10],
        "dvar2": [0.871688723564, 29.2576293945, 25.2822723389, 29.4384727478, 94.7664337158, 825.634765625, 410.420837402, 715.335693359, 408.532348633, 2702.1159668, 589.966918945, 2061.75634766, 1302.09411621, 813.697692871, 2640.3684082, 647.706481934, 5984.81494141, 1628.23828125, 1387.86462402, 4140.75585938, 1212.11865234, 3518.57202148, 2287.9296875, 4287.95361328, 10679.0673828, 2695.05395508, 1198.87219238, 252.906234741, 207.347503662, 301.167755127, 338.545532227, 240.627319336, 97.8160095215, 19.260055542, 2.93882918358, 0.0982181876898, 0.000917234166991, 3.9196124817e-06, 1.84544148851e-08, 7.78487718733e-10],
        "max": [9.75098609924, 40.1313018799, 58.0264396667, 72.3352050781, 124.647994995, 327.885528564, 311.378051758, 602.44921875, 373.319213867, 977.649780273, 286.847045898, 734.220275879, 541.548339844, 279.212219238, 534.135925293, 384.562713623, 2177.84204102, 454.69619751, 825.716247559, 808.585021973, 547.633056641, 419.051239014, 363.996551514, 452.587280273, 644.026489258, 328.63973999, 220.018463135, 172.205505371, 162.540359497, 170.75213623, 217.625991821, 137.691665649, 56.6019134521, 31.171503067, 12.6207036972, 2.92827129364, 0.269525438547, 0.028561744839, 0.00156978669111, 0.00024727883283],
        "mean": [0.488749355078, 2.43239545822, 2.95104622841, 5.44371414185, 7.91614770889, 14.4400234222, 19.1259460449, 23.4530620575, 15.1279993057, 38.7503318787, 19.5620059967, 37.3321914673, 28.0137863159, 25.101934433, 43.1295318604, 19.8050327301, 56.2653312683, 32.1778182983, 22.993850708, 35.9250640869, 16.453918457, 23.8428554535, 16.0867271423, 15.956029892, 16.8578262329, 15.6020317078, 9.51572036743, 8.70361709595, 7.80127429962, 8.02148628235, 7.42418861389, 6.29659795761, 3.83843445778, 1.5637319088, 0.492214143276, 0.092392064631, 0.0134420832619, 0.00162441423163, 0.000155902802362, 4.94900414196e-05],
        "median": [0.145701795816, 0.973277151585, 1.77350127697, 3.05629777908, 3.46994161606, 4.00989532471, 8.32193183899, 9.18184089661, 7.88303422928, 12.6031093597, 11.066860199, 17.3548431396, 14.5612745285, 15.7711515427, 22.4924850464, 11.858581543, 25.3744335175, 19.7726287842, 11.4249286652, 18.0227203369, 8.99848651886, 13.5199451447, 9.8184928894, 8.02691173553, 6.87536144257, 7.84767723083, 4.0655040741, 3.70439696312, 2.60158967972, 1.90913748741, 1.21674358845, 1.05067074299, 0.46357446909, 0.155217707157, 0.0485316924751, 0.0141205592081, 0.00407237699255, 0.000981411198154, 0.000122816374642, 4.1515846533e-05],
        "min": [1.41700411113e-21, 2.28714369044e-21, 8.53793694734e-21, 2.11716748536e-20, 1.43908036211e-20, 9.10782852335e-20, 9.49374059085e-20, 3.22464755426e-19, 4.05798781894e-19, 6.24868778335e-19, 6.56613643799e-19, 2.28810275628e-18, 3.04655003661e-18, 2.55357231181e-18, 2.85591013442e-18, 2.54156723278e-18, 3.30585730337e-18, 4.48297977599e-18, 3.37509790411e-18, 5.16574995643e-18, 4.6004720966e-18, 7.37834849358e-18, 6.63537610815e-18, 7.21940491169e-18, 1.24012365e-17, 1.36608017895e-17, 1.13638304163e-17, 1.61373739261e-17, 1.78427970104e-17, 1.63999773008e-17, 1.49661506988e-17, 1.54662326643e-17, 1.14869380525e-17, 9.59392777606e-18, 8.21116551482e-18, 7.22850224407e-18, 2.96926841313e-18, 1.10708002367e-18, 3.59268605818e-19, 3.45076293232e-20],
        "var": [0.903597354889, 16.1476688385, 14.7235364914, 40.1790542603, 119.025543213, 650.722167969, 746.295410156, 1699.94714355, 561.980773926, 5226.26953125, 661.017944336, 3301.40478516, 1475.67883301, 909.20526123, 3095.89404297, 693.296264648, 9987.34277344, 1460.6661377, 1822.18237305, 3119.31030273, 884.758789062, 1155.67126465, 617.604125977, 965.144470215, 2133.00976562, 710.117919922, 364.209991455, 225.953536987, 265.949920654, 340.380096436, 338.730438232, 148.156524658, 59.6218719482, 11.6453447342, 1.39255046844, 0.0512586981058, 0.000687942025252, 5.67619008507e-06, 2.63120707444e-08, 1.3307221991e-09]
    },
    "gfcc": {
        "mean": [-11.4685850143, 101.809020996, -121.198265076, 39.0433120728, -61.3958740234, 19.0067176819, -33.0993385315, 2.98380303383, -17.8935241699, -1.99603235722, -7.67282581329, -5.18552494049, -6.36286067963],
        "cov": [[17675.0761719, -376.818206787, -1153.04406738, 101.650718689, -949.529052734, 846.448486328, -585.722106934, 507.251190186, -171.440795898, 123.989227295, -75.0466766357, 72.8246231079, -122.780509949], [-376.818206787, 1610.8449707, 120.246635437, -78.2803649902, 186.218154907, -362.000793457, 235.501083374, -257.084777832, 179.261138916, -121.982017517, 169.674575806, -107.737052917, 113.503242493], [-1153.04406738, 120.246635437, 748.055847168, 58.4821510315, -63.3156585693, 93.5607757568, 14.1942586899, 61.4147415161, 72.8388595581, 23.0168933868, 30.1989002228, 45.1152648926, 47.867389679], [101.650718689, -78.2803649902, 58.4821510315, 413.130950928, 45.3692359924, 155.008132935, 34.4582748413, 35.0941047668, 115.252006531, 98.6037521362, 106.454689026, 9.51415538788, 59.6976051331], [-949.529052734, 186.218154907, -63.3156585693, 45.3692359924, 338.867340088, -27.7550048828, 168.385192871, -0.161257460713, 79.6553573608, 27.84192276, 43.2535705566, -0.832343459129, 33.8993415833], [846.448486328, -362.000793457, 93.5607757568, 155.008132935, -27.7550048828, 406.881500244, 8.05636787415, 206.065490723, 79.4053268433, 131.536483765, 48.3234786987, 60.4628868103, 13.9104681015], [-585.722106934, 235.501083374, 14.1942586899, 34.4582748413, 168.385192871, 8.05636787415, 219.868225098, 60.6864013672, 100.222496033, 32.1533546448, 65.0999298096, 19.4186725616, 36.6049957275], [507.251190186, -257.084777832, 61.4147415161, 35.0941047668, -0.161257460713, 206.065490723, 60.6864013672, 275.15612793, 91.9151229858, 99.8022613525, 12.6798772812, 78.155090332, 7.67536020279], [-171.440795898, 179.261138916, 72.8388595581, 115.252006531, 79.6553573608, 79.4053268433, 100.222496033, 91.9151229858, 197.381515503, 99.0337142944, 94.7292022705, 22.499080658, 56.3750534058], [123.989227295, -121.982017517, 23.0168933868, 98.6037521362, 27.84192276, 131.536483765, 32.1533546448, 99.8022613525, 99.0337142944, 150.396621704, 72.8205871582, 41.3925170898, 20.2947788239], [-75.0466766357, 169.674575806, 30.1989002228, 106.454689026, 43.2535705566, 48.3234786987, 65.0999298096, 12.6798772812, 94.7292022705, 72.8205871582, 156.317199707, 41.9302024841, 33.8087806702], [72.8246231079, -107.737052917, 45.1152648926, 9.51415538788, -0.832343459129, 60.4628868103, 19.4186725616, 78.155090332, 22.499080658, 41.3925170898, 41.9302024841, 115.077278137, 35.3382453918], [-122.780509949, 113.503242493, 47.867389679, 59.6976051331, 33.8993415833, 13.9104681015, 36.6049957275, 7.67536020279, 56.3750534058, 20.2947788239, 33.8087806702, 35.3382453918, 103.516273499]],
        "icov": [[0.000172244923306, -0.000551513396204, 0.000452986307209, -0.00030116434209, 0.000365797721315, -0.00052394712111, 0.000588128110394, -0.000607448397204, 0.000605262350291, -0.00035935442429, 0.000524856732227, -0.000454805820482, 0.000285587855615], [-0.000551513396204, 0.00425330037251, -0.0018414768856, 0.00231711007655, -0.000930151785724, 0.00256958743557, -0.00339225260541, 0.00322031485848, -0.00469188392162, 0.00393156660721, -0.00495006190613, 0.00407923292369, -0.00287390989251], [0.000452986307209, -0.0018414768856, 0.00277219084091, -0.00104744744021, 0.00143227179069, -0.00186257809401, 0.00158917251974, -0.00159757654183, 0.00119458569679, -0.000847825082019, 0.00212044268847, -0.00214307801798, 0.000771040737163], [-0.00030116434209, 0.00231711007655, -0.00104744744021, 0.00514846527949, -0.000842163921334, -4.32775450463e-05, -0.0012767406879, 0.00244282511994, -0.00326787261292, 0.0014609140344, -0.00436748750508, 0.00358540564775, -0.00313494354486], [0.000365797721315, -0.000930151785724, 0.00143227179069, -0.000842163921334, 0.00616800040007, -0.000956716248766, -0.00328596192412, 0.000380401441362, 0.000261022883933, -0.00154677825049, 0.00220479257405, -0.00115809380077, 0.000355927128112], [-0.00052394712111, 0.00256958743557, -0.00186257809401, -4.32775450463e-05, -0.000956716248766, 0.0073646674864, -0.00145356846042, -0.00160275178496, -0.0012415391393, -0.000123360747239, -0.00355329713784, 0.00305648730136, -0.001778791775], [0.000588128110394, -0.00339225260541, 0.00158917251974, -0.0012767406879, -0.00328596192412, -0.00145356846042, 0.0132917072624, -0.00623160135001, 0.0017828164855, -0.00036088458728, 0.000227577664191, -0.00199351669289, 0.00115789310075], [-0.000607448397204, 0.00322031485848, -0.00159757654183, 0.00244282511994, 0.000380401441362, -0.00160275178496, -0.00623160135001, 0.0138317113742, -0.00829739216715, 0.00040098692989, 0.00220395927317, -0.00337318796664, 0.00121916469652], [0.000605262350291, -0.00469188392162, 0.00119458569679, -0.00326787261292, 0.000261022883933, -0.0012415391393, 0.0017828164855, -0.00829739216715, 0.0197163093835, -0.00924893468618, 0.000141972399433, 0.00107251980808, -0.00207595876418], [-0.00035935442429, 0.00393156660721, -0.000847825082019, 0.0014609140344, -0.00154677825049, -0.000123360747239, -0.00036088458728, 0.00040098692989, -0.00924893468618, 0.0191879104823, -0.00835188943893, 0.00232890574262, -0.00135873712134], [0.000524856732227, -0.00495006190613, 0.00212044268847, -0.00436748750508, 0.00220479257405, -0.00355329713784, 0.000227577664191, 0.00220395927317, 0.000141972399433, -0.00835188943893, 0.0203779190779, -0.0113422637805, 0.00587654719129], [-0.000454805820482, 0.00407923292369, -0.00214307801798, 0.00358540564775, -0.00115809380077, 0.00305648730136, -0.00199351669289, -0.00337318796664, 0.00107251980808, 0.00232890574262, -0.0113422637805, 0.0203391760588, -0.00944499019533], [0.000285587855615, -0.00287390989251, 0.000771040737163, -0.00313494354486, 0.000355927128112, -0.001778791775, 0.00115789310075, 0.00121916469652, -0.00207595876418, -0.00135873712134, 0.00587654719129, -0.00944499019533, 0.0169262047857]]
    },
    "melbands": {
        "dmean": [0.00209647230804, 0.0010406691581, 0.00042901665438, 0.00041680331924, 0.000311644515023, 0.000251859833952, 0.000120681484987, 0.000188567049918, 9.37028162298e-05, 0.000110271634185, 7.81676353654e-05, 5.11367397849e-05, 0.000111050350824, 2.67300220003e-05, 6.40677681076e-05, 4.7060464567e-05, 3.82735452149e-05, 2.20482506847e-05, 2.45525297942e-05, 3.16760269925e-05, 1.07236737676e-05, 1.71663905348e-05, 2.33021237364e-05, 8.79500930751e-06, 1.18686557471e-05, 1.4089522665e-05, 9.57253632805e-06, 8.3698769231e-06, 5.44045451534e-06, 3.80960727853e-06, 3.90734476241e-06, 3.59358455171e-06, 2.37636731981e-06, 4.4239500312e-06, 3.53111204277e-06, 4.3853005991e-06, 3.58555871571e-06, 3.35507888849e-06, 1.54966028276e-06, 1.24960240555e-06],
        "dmean2": [0.00317911198363, 0.00166257319506, 0.000614402408246, 0.000642413913738, 0.000448900478659, 0.000344758736901, 0.000175320295966, 0.00027356724604, 0.000136134258355, 0.000152912238264, 0.000118841031508, 7.64920114307e-05, 0.000162667260156, 4.10562279285e-05, 9.43160048337e-05, 7.00652672094e-05, 5.92462965869e-05, 3.38695317623e-05, 3.91478097299e-05, 5.03063711221e-05, 1.75728182512e-05, 2.93279917969e-05, 4.05272003263e-05, 1.53375749505e-05, 2.13264738704e-05, 2.58124200627e-05, 1.74775195774e-05, 1.4840620679e-05, 9.10721701075e-06, 6.25729353487e-06, 5.99091345066e-06, 5.34522268936e-06, 3.58262036571e-06, 6.37834455119e-06, 4.71455132356e-06, 6.88130467097e-06, 5.49409423911e-06, 5.37926962352e-06, 2.36322966884e-06, 1.93499795387e-06],
        "dvar": [2.47730513365e-05, 5.69958410779e-06, 3.98005795432e-07, 9.05500712634e-07, 2.33308625752e-07, 2.20839154963e-07, 4.73924224309e-08, 1.39687884371e-07, 2.20229097181e-08, 3.39370380686e-08, 1.52728567571e-08, 6.51541931518e-09, 2.60548027597e-08, 2.10320760807e-09, 1.17314886694e-08, 5.41603606408e-09, 3.47447093318e-09, 1.82351356237e-09, 1.41205436233e-09, 4.6487551586e-09, 3.81711828812e-10, 1.00126751335e-09, 2.19308327054e-09, 3.20621890149e-10, 1.04361930209e-09, 2.087297446e-09, 9.22021681227e-10, 3.74471953446e-10, 2.05041955637e-10, 6.66065258503e-11, 4.62441439308e-11, 5.04005830126e-11, 2.31285858521e-11, 8.40337105457e-11, 7.39444269704e-11, 6.8404511222e-11, 3.51361023609e-11, 3.53700575773e-11, 8.13360663543e-12, 5.85692909102e-12],
        "dvar2": [5.20263965882e-05, 1.42062935993e-05, 8.48884667448e-07, 2.27828127208e-06, 4.85544376261e-07, 3.66910228422e-07, 9.14793716333e-08, 2.74632924402e-07, 4.69026311123e-08, 6.10435932913e-08, 3.19943218585e-08, 1.36033335707e-08, 5.32515969098e-08, 4.67090499612e-09, 2.18399929253e-08, 1.04576276527e-08, 7.65600560726e-09, 3.65161456628e-09, 3.35525029982e-09, 1.03430108922e-08, 9.58622958791e-10, 2.77719358621e-09, 6.13246298187e-09, 9.00278351867e-10, 2.99281244232e-09, 6.03124616916e-09, 2.66974931051e-09, 1.05504283088e-09, 5.5849924685e-10, 1.70231578833e-10, 8.8878404636e-11, 8.91164156358e-11, 3.80020077906e-11, 1.63174335155e-10, 1.26766694364e-10, 1.4716541874e-10, 7.41563477291e-11, 7.81819331497e-11, 1.58272561723e-11, 1.31927264252e-11],
        "max": [0.0656714737415, 0.0334929041564, 0.0115882270038, 0.0207124240696, 0.00900167692453, 0.0136298360303, 0.00574020342901, 0.00909122172743, 0.00234761694446, 0.00399152422324, 0.00268017104827, 0.00122404412832, 0.00251054391265, 0.000991792068817, 0.00411192327738, 0.00272516999394, 0.000987869687378, 0.00124804780353, 0.000472920335596, 0.00194757932331, 0.000293666031212, 0.000354589108611, 0.000720404670574, 0.000295324454783, 0.000373205315555, 0.000495071639307, 0.0003371310886, 0.00020838995988, 0.000147290178575, 8.51510194479e-05, 0.000116731745948, 9.83560530585e-05, 6.66608611937e-05, 0.000120601318486, 0.000130590604385, 0.000148018938489, 5.76995662414e-05, 4.49569924967e-05, 3.43199935742e-05, 2.72366523859e-05],
        "mean": [0.00398193113506, 0.00216115801595, 0.000982584664598, 0.000847559596878, 0.000682545418385, 0.000537219282705, 0.000257144856732, 0.000372207636246, 0.000180795876076, 0.000207718956517, 0.000131591441459, 9.15962373256e-05, 0.000178526432137, 3.9741917135e-05, 0.000109554544906, 8.2527178165e-05, 6.14628152107e-05, 3.5126318835e-05, 3.54187395715e-05, 4.58649810753e-05, 1.47020473378e-05, 2.30384302995e-05, 2.58076470345e-05, 1.13199803309e-05, 1.24646094264e-05, 1.33832954816e-05, 9.70091150521e-06, 1.01294890555e-05, 6.23225605523e-06, 4.58598196929e-06, 5.449094715e-06, 4.69355745736e-06, 3.61656998393e-06, 4.94212781632e-06, 4.25243024438e-06, 4.4158550736e-06, 3.60221542905e-06, 3.11915050588e-06, 1.67956318364e-06, 1.18049842968e-06],
        "median": [0.00145306182094, 0.00133340875618, 0.000557207909878, 0.000295623787679, 0.00032871181611, 0.000213145336602, 0.00012063383474, 0.000127843450173, 9.59561148193e-05, 0.000100623270555, 6.30207359791e-05, 5.30754332431e-05, 8.84906185092e-05, 1.71181563928e-05, 4.91718274134e-05, 4.52730237157e-05, 3.25504988723e-05, 1.6373971448e-05, 1.94605108845e-05, 1.78068803507e-05, 7.86232976679e-06, 1.33146204462e-05, 1.02503363451e-05, 6.57186819808e-06, 5.33439788342e-06, 4.89009107696e-06, 4.53841084891e-06, 4.86823773826e-06, 2.44182501774e-06, 1.77473236818e-06, 2.25160943046e-06, 1.50999937887e-06, 1.09972211249e-06, 9.83331005955e-07, 7.01195233432e-07, 6.27600741154e-07, 5.97842927164e-07, 3.57565625109e-07, 2.05064935699e-07, 1.02450677275e-07],
        "min": [1.2418168695e-23, 3.82981004318e-24, 6.82606074453e-24, 3.33444247117e-24, 3.67038559297e-24, 7.64540560171e-24, 6.37262428507e-24, 5.4847853965e-24, 7.46711593739e-24, 1.54192693132e-23, 1.52512419404e-23, 1.074153556e-23, 1.0011111104e-23, 6.00895309688e-24, 8.88659461682e-24, 5.89171258914e-24, 8.96318985528e-24, 5.56927634376e-24, 5.37078868481e-24, 4.62023368186e-24, 5.91239454993e-24, 9.10723585657e-24, 6.61637757162e-24, 4.60406558317e-24, 5.00697155735e-24, 1.06872059206e-23, 7.24386277918e-24, 8.91584952349e-24, 7.48139826407e-24, 6.52811034721e-24, 1.00357866732e-23, 9.14699681278e-24, 1.0047187291e-23, 7.40898477728e-24, 7.21196045531e-24, 1.06653300188e-23, 8.99083706342e-24, 8.44956646419e-24, 7.06728494302e-24, 6.93288276629e-24],
        "var": [4.8898604291e-05, 8.53974142956e-06, 1.30921137043e-06, 2.09199242818e-06, 7.84830945122e-07, 8.78090077094e-07, 1.51462629105e-07, 4.63353387659e-07, 5.82421648687e-08, 9.74572316181e-08, 3.56214293618e-08, 1.45318361788e-08, 5.82405768057e-08, 3.70139541239e-09, 3.69403210243e-08, 1.64657656399e-08, 6.79655620672e-09, 4.3694479146e-09, 2.33402297489e-09, 1.04393800271e-08, 4.91329532615e-10, 9.86828285754e-10, 1.98724214862e-09, 2.68654321012e-10, 6.75444034037e-10, 1.25251420346e-09, 5.45941403196e-10, 2.95895918878e-10, 1.77549489e-10, 7.10062911247e-11, 8.8159701761e-11, 1.03434288912e-10, 5.46929411482e-11, 1.43731040958e-10, 1.31546606941e-10, 9.36595245804e-11, 4.47323809938e-11, 4.0428330822e-11, 1.31349280411e-11, 7.0083609055e-12]
    },
    "mfcc": {
        "mean": [-644.696105957, 119.190475464, 5.23162031174, 19.7586288452, 1.55000889301, 9.65697193146, -0.368642091751, 3.58243823051, -3.45632362366, 3.91007065773, -2.04584622383, 1.66808974743, -3.38686847687],
        "cov": [[13984.5341797, -125.893638611, -534.378540039, -275.206481934, -70.4225845337, 42.8272285461, -108.099189758, 187.595474243, -25.0654716492, 154.313476562, 11.247672081, 189.716903687, -3.5457816124], [-125.893638611, 1568.23181152, -93.6650695801, 205.036773682, -74.2539596558, -30.0703125, -22.3975658417, -54.0121002197, -47.9647293091, -54.2233772278, -18.473690033, -36.6581306458, -21.2318744659], [-534.378540039, -93.6650695801, 845.714050293, -57.4258270264, 76.1282043457, 29.9658794403, -10.406244278, 33.1942367554, 15.1434030533, 6.6077299118, 23.907913208, 64.6113586426, 42.3517951965], [-275.206481934, 205.036773682, -57.4258270264, 308.021911621, 21.7876319885, 70.3813247681, 13.8807859421, -32.5320243835, -6.24955129623, 14.6210021973, 26.2553157806, 12.6319856644, 25.2343997955], [-70.4225845337, -74.2539596558, 76.1282043457, 21.7876319885, 139.555130005, 77.8417816162, 27.3746871948, 33.4334564209, 45.0340805054, 58.4050598145, 37.103302002, 34.8718261719, 33.9064826965], [42.8272285461, -30.0703125, 29.9658794403, 70.3813247681, 77.8417816162, 185.25769043, 50.7489967346, 4.72088050842, 29.9280281067, 60.71534729, 58.1560707092, 54.0452232361, 50.2169456482], [-108.099189758, -22.3975658417, -10.406244278, 13.8807859421, 27.3746871948, 50.7489967346, 114.286590576, 70.1453704834, 38.3073997498, 39.5710144043, 37.8021507263, 30.5376834869, 21.0068054199], [187.595474243, -54.0121002197, 33.1942367554, -32.5320243835, 33.4334564209, 4.72088050842, 70.1453704834, 148.37512207, 82.6906814575, 33.9858398438, 40.815662384, 68.2967071533, 36.3166275024], [-25.0654716492, -47.9647293091, 15.1434030533, -6.24955129623, 45.0340805054, 29.9280281067, 38.3073997498, 82.6906814575, 149.204467773, 84.1331329346, 17.8315086365, 22.7763004303, 73.8410110474], [154.313476562, -54.2233772278, 6.6077299118, 14.6210021973, 58.4050598145, 60.71534729, 39.5710144043, 33.9858398438, 84.1331329346, 164.94442749, 70.9542312622, 16.02967453, 55.9063034058], [11.247672081, -18.473690033, 23.907913208, 26.2553157806, 37.103302002, 58.1560707092, 37.8021507263, 40.815662384, 17.8315086365, 70.9542312622, 164.675765991, 106.69719696, 17.6220798492], [189.716903687, -36.6581306458, 64.6113586426, 12.6319856644, 34.8718261719, 54.0452232361, 30.5376834869, 68.2967071533, 22.7763004303, 16.02967453, 106.69719696, 196.257461548, 72.1391143799], [-3.5457816124, -21.2318744659, 42.3517951965, 25.2343997955, 33.9064826965, 50.2169456482, 21.0068054199, 36.3166275024, 73.8410110474, 55.9063034058, 17.6220798492, 72.1391143799, 150.311264038]],
