{
"lowlevel": {
    "average_loudness": 0.888090908527,
    "barkbands_crest": {
        "dmean": 3.06365728378,
        "dmean2": 4.84586763382,
        "dvar": 8.00107097626,
        "dvar2": 22.3486976624,
        "max": 26.8000946045,
        "mean": 12.9361829758,
        "median": 11.9111776352,
        "min": 2.31868958473,
        "var": 31.9714851379
    },
    "barkbands_flatness_db": {
        "dmean": 0.0378040857613,
        "dmean2": 0.0593001879752,
        "dvar": 0.00198793038726,
        "dvar2": 0.00523191131651,
        "max": 0.983191132545,
        "mean": 0.192951261997,
        "median": 0.174293577671,
        "min": 0.0195096936077,
        "var": 0.0099525321275
    },
    "barkbands_kurtosis": {
        "dmean": 34.2122573853,
        "dmean2": 61.3038063049,
        "dvar": 37219.5664062,
        "dvar2": 111295.757812,
        "max": 3855.44702148,
        "mean": 28.4792613983,
        "median": 3.40272712708,
        "min": -1.79430234432,
        "var": 25269.6582031
    },
    "barkbands_skewness": {
        "dmean": 1.29483532906,
        "dmean2": 2.16511774063,
        "dvar": 13.9846343994,
        "dvar2": 40.8933753967,
        "max": 46.6626396179,
        "mean": 2.67752671242,
        "median": 1.82890856266,
        "min": -2.6670126915,
        "var": 15.7176523209
    },
    "barkbands_spread": {
        "dmean": 6.86689329147,
        "dmean2": 11.5425186157,
        "dvar": 95.9109802246,
        "dvar2": 254.494247437,
        "max": 95.5972824097,
        "mean": 20.4981212616,
        "median": 14.4622173309,
        "min": 0.0114797614515,
        "var": 276.557952881
    },
    "dissonance": {
        "dmean": 0.0155005278066,
        "dmean2": 0.0256973132491,
        "dvar": 0.00030797769432,
        "dvar2": 0.00079522136366,
        "max": 0.5,
        "mean": 0.464234083891,
        "median": 0.473355561495,
        "min": 0.0843279734254,
        "var": 0.0010529543506
    },
    "dynamic_complexity": 6.37368392944,
    "erbbands_crest": {
        "dmean": 1.97972154617,
        "dmean2": 3.27414774895,
        "dvar": 3.67451143265,
        "dvar2": 10.0631494522,
        "max": 28.3749752045,
        "mean": 7.45364189148,
        "median": 6.81352519989,
        "min": 1.96970379353,
        "var": 10.4146537781
    },
    "erbbands_flatness_db": {
        "dmean": 0.0300895050168,
        "dmean2": 0.044073369354,
        "dvar": 0.00104641634971,
        "dvar2": 0.0021010315977,
        "max": 0.558633208275,
        "mean": 0.174334079027,
        "median": 0.17095156014,
        "min": 0.027719732374,
        "var": 0.00505443289876
    },
    "erbbands_kurtosis": {
        "dmean": 1.8017822504,
        "dmean2": 2.98725295067,
        "dvar": 218.685562134,
        "dvar2": 554.112670898,
        "max": 620.703552246,
        "mean": 1.4880297184,
        "median": -0.425723791122,
        "min": -1.72238600254,
        "var": 409.349853516
    },
    "erbbands_skewness": {
        "dmean": 0.351148217916,
        "dmean2": 0.555648028851,
        "dvar": 0.387861549854,
        "dvar2": 0.996024549007,
        "max": 17.5551948547,
        "mean": -0.00233137025498,
        "median": -0.013922973536,
        "min": -2.22226500511,
        "var": 1.34024441242
    },
    "erbbands_spread": {
        "dmean": 10.2159585953,
        "dmean2": 16.767665863,
        "dvar": 195.733718872,
        "dvar2": 519.295166016,
        "max": 134.845901489,
        "mean": 38.4824447632,
        "median": 35.9391365051,
        "min": 0.35613450408,
        "var": 325.01965332
    },
    "hfc": {
        "dmean": 6.97837591171,
        "dmean2": 11.3735933304,
        "dvar": 187.801925659,
        "dvar2": 452.074432373,
        "max": 241.551544189,
        "mean": 18.483745575,
        "median": 10.4593753815,
        "min": 1.24267290484e-16,
        "var": 501.950866699
    },
    "melbands_crest": {
        "dmean": 3.60051512718,
        "dmean2": 5.82578992844,
        "dvar": 12.9951181412,
        "dvar2": 33.8263664246,
        "max": 39.8755493164,
        "mean": 19.42786026,
        "median": 17.7122802734,
        "min": 2.10381436348,
        "var": 75.5811157227
    },
    "melbands_flatness_db": {
        "dmean": 0.0378826521337,
        "dmean2": 0.0592030324042,
        "dvar": 0.00216816598549,
        "dvar2": 0.00548628903925,
        "max": 1,
        "mean": 0.263482093811,
        "median": 0.247785314918,
        "min": 0.00393393728882,
        "var": 0.0133396629244
    },
    "melbands_kurtosis": {
        "dmean": 53.6535453796,
        "dmean2": 96.172668457,
        "dvar": 205044.109375,
        "dvar2": 623985.375,
        "max": 20373.1816406,
        "mean": 50.1550483704,
        "median": 10.3184843063,
        "min": -1.59533703327,
        "var": 126442.023438
    },
    "melbands_skewness": {
        "dmean": 1.52022910118,
        "dmean2": 2.53199863434,
        "dvar": 18.2653217316,
        "dvar2": 54.2692184448,
        "max": 93.5869522095,
        "mean": 3.88129234314,
        "median": 2.84073090553,
        "min": -0.511875748634,
        "var": 20.1296215057
    },
    "melbands_spread": {
        "dmean": 7.25813341141,
        "dmean2": 11.8290367126,
        "dvar": 162.870071411,
        "dvar2": 433.332427979,
        "max": 141.909103394,
        "mean": 20.0351333618,
        "median": 13.2277545929,
        "min": 0.00860726647079,
        "var": 382.331512451
    },
    "pitch_salience": {
        "dmean": 0.0733564123511,
        "dmean2": 0.123156823218,
        "dvar": 0.00630033528432,
        "dvar2": 0.0171931013465,
        "max": 0.952902793884,
        "mean": 0.418300777674,
        "median": 0.435390710831,
        "min": 0.0110519835725,
        "var": 0.025394661352
    },
    "silence_rate_20dB": {
        "dmean": 0,
        "dmean2": 0,
        "dvar": 0,
        "dvar2": 0,
        "max": 1,
        "mean": 1,
        "median": 1,
        "min": 1,
        "var": 0
    },
    "silence_rate_30dB": {
        "dmean": 0.039425201714,
        "dmean2": 0.0788576677442,
        "dvar": 0.0378721095622,
        "dvar2": 0.0903323888779,
        "max": 1,
        "mean": 0.953578352928,
        "median": 1,
        "min": 0,
        "var": 0.0442716777325
    },
    "silence_rate_60dB": {
        "dmean": 0.00423728814349,
        "dmean2": 0.00838323310018,
        "dvar": 0.00421881349757,
        "dvar2": 0.00978538300842,
        "max": 1,
        "mean": 0.134935989976,
        "median": 0,
        "min": 0,
        "var": 0.116726763546
    },
    "spectral_centroid": {
        "dmean": 250.193023682,
        "dmean2": 399.334259033,
        "dvar": 116227.125,
        "dvar2": 259410.921875,
        "max": 11256.4199219,
        "mean": 1438.48608398,
        "median": 1126.58288574,
        "min": 33.3467941284,
        "var": 882148.875
    },
    "spectral_complexity": {
        "dmean": 1.95210027695,
        "dmean2": 3.1472132206,
        "dvar": 4.80364179611,
        "dvar2": 10.8554182053,
        "max": 49,
        "mean": 16.2194900513,
        "median": 17,
        "min": 0,
        "var": 72.9897384644
    },
    "spectral_decrease": {
        "dmean": 3.24511373329e-09,
        "dmean2": 5.33569854966e-09,
        "dvar": 2.24238770983e-17,
        "dvar2": 5.57832473307e-17,
        "max": 1.02024333245e-28,
        "mean": -1.03558157605e-08,
        "median": -7.69124586242e-09,
        "min": -6.5335299837e-08,
        "var": 8.48623450136e-17
    },
    "spectral_energy": {
        "dmean": 0.0125326793641,
        "dmean2": 0.0205708891153,
        "dvar": 0.000336668279488,
        "dvar2": 0.000835265498608,
        "max": 0.25842449069,
        "mean": 0.0407616086304,
        "median": 0.0308789387345,
        "min": 1.08863325947e-20,
        "var": 0.0012787632877
    },
    "spectral_energyband_high": {
        "dmean": 0.00069414882455,
        "dmean2": 0.00115640799049,
        "dvar": 2.5290778467e-06,
        "dvar2": 6.0338734329e-06,
        "max": 0.0258594080806,
        "mean": 0.00106282462366,
        "median": 0.000105893079308,
        "min": 7.84027391634e-21,
        "var": 4.87740271637e-06
    },
    "spectral_energyband_low": {
        "dmean": 0.00988726783544,
        "dmean2": 0.0159602779895,
        "dvar": 0.000290960015263,
        "dvar2": 0.000705652113538,
        "max": 0.224985599518,
        "mean": 0.0257730912417,
        "median": 0.0126600861549,
        "min": 1.01584629059e-22,
        "var": 0.000963815720752
    },
    "spectral_energyband_middle_high": {
        "dmean": 0.000907450390514,
        "dmean2": 0.00136018695775,
        "dvar": 2.28462454288e-06,
        "dvar2": 5.08696075485e-06,
        "max": 0.0277896504849,
        "mean": 0.00357938348316,
        "median": 0.00228401622735,
        "min": 1.49343097511e-21,
        "var": 1.35784275699e-05
    },
    "spectral_energyband_middle_low": {
        "dmean": 0.00219387258403,
        "dmean2": 0.00360385118984,
        "dvar": 8.57719260239e-06,
        "dvar2": 2.49087406701e-05,
        "max": 0.0582533739507,
        "mean": 0.00826555583626,
        "median": 0.00728346500546,
        "min": 2.5022286736e-22,
        "var": 3.94288763346e-05
    },
    "spectral_entropy": {
        "dmean": 0.266815394163,
        "dmean2": 0.41404864192,
        "dvar": 0.108300983906,
        "dvar2": 0.244925767183,
        "max": 9.80535125732,
        "mean": 7.1685333252,
        "median": 7.13513755798,
        "min": 2.25969219208,
        "var": 0.405053377151
    },
    "spectral_flux": {
        "dmean": 0.0287823155522,
        "dmean2": 0.0493410378695,
        "dvar": 0.00149027630687,
        "dvar2": 0.00400506332517,
        "max": 0.4862626791,
        "mean": 0.0817042142153,
        "median": 0.0748473927379,
        "min": 1.04337587181e-10,
        "var": 0.00333278300241
    },
    "spectral_kurtosis": {
        "dmean": 5.10038757324,
        "dmean2": 8.62680435181,
        "dvar": 112.624237061,
        "dvar2": 286.247406006,
        "max": 375.954437256,
        "mean": 9.61958599091,
        "median": 4.40868806839,
        "min": -1.18046867847,
        "var": 227.98890686
    },
    "spectral_rms": {
        "dmean": 0.000860286294483,
        "dmean2": 0.00140048167668,
        "dvar": 1.18776074487e-06,
        "dvar2": 2.83088388642e-06,
        "max": 0.0158783327788,
        "mean": 0.00549819041044,
        "median": 0.00548869697377,
        "min": 3.25895885799e-12,
        "var": 9.53766902967e-06
    },
    "spectral_rolloff": {
        "dmean": 428.525482178,
        "dmean2": 742.116149902,
        "dvar": 680571.1875,
        "dvar2": 1678372.5,
        "max": 18949.21875,
        "mean": 1036.27246094,
        "median": 516.796875,
        "min": 21.533203125,
        "var": 1519932.75
    },
    "spectral_skewness": {
        "dmean": 0.455835700035,
        "dmean2": 0.76051658392,
        "dvar": 0.365912139416,
        "dvar2": 0.941870391369,
        "max": 17.5081825256,
        "mean": 1.83389592171,
        "median": 1.46169412136,
        "min": -0.0221606139094,
        "var": 1.34625935555
    },
    "spectral_spread": {
        "dmean": 1106138.5,
        "dmean2": 1724521.125,
        "dvar": 2.48675906355e+12,
        "dvar2": 5.17170737971e+12,
        "max": 39381856,
        "mean": 3796395.25,
        "median": 3348903,
        "min": 491926.65625,
        "var": 4.29166873805e+12
    },
    "spectral_strongpeak": {
        "dmean": 0.283993035555,
        "dmean2": 0.505022585392,
        "dvar": 0.583187103271,
        "dvar2": 1.60082411766,
        "max": 13.8385391235,
        "mean": 0.429625064135,
        "median": 0.293118804693,
        "min": 0,
        "var": 0.58150690794
    },
    "zerocrossingrate": {
        "dmean": 0.0085965115577,
        "dmean2": 0.0113661345094,
        "dvar": 0.000126553481095,
        "dvar2": 0.000168793252669,
        "max": 0.5068359375,
        "mean": 0.0388502664864,
        "median": 0.03271484375,
        "min": 0,
        "var": 0.000736925925594
    },
    "barkbands": {
        "dmean": [0.00489197624847, 0.00785449519753, 0.0030681125354, 0.000575525453314, 0.00121738226153, 0.00109936669469, 0.000100266057416, 0.000174838292878, 0.00017805857351, 0.000199338537641, 0.000141480486491, 0.000125349950395, 0.000157081347425, 8.01378992037e-05, 0.000192582476302, 0.000153481625603, 0.000358924589818, 0.000249087053817, 0.000342287938111, 0.000249811128015, 0.000208299636142, 0.000133331996039, 0.000105695289676, 8.57024206198e-05, 7.45322176954e-05, 6.93607580615e-05, 2.86184731522e-05],
        "dmean2": [0.00771431950852, 0.0115815345198, 0.00498546240851, 0.000981984427199, 0.00194861681666, 0.00188247847836, 0.000108062675281, 0.000201432121685, 0.000196310502361, 0.000234204489971, 0.000188474907191, 0.000174091372173, 0.000219214169192, 0.000116759991215, 0.000298378959997, 0.000234364371863, 0.000577885191888, 0.000400120858103, 0.000569607538637, 0.000418505689595, 0.000343638297636, 0.000215326377656, 0.000173514796188, 0.000151232568896, 0.000135501104523, 0.000126894519781, 5.22771624674e-05],
        "dvar": [6.42126979074e-05, 0.000189106940525, 6.39720092295e-05, 1.07532605398e-06, 4.86984208692e-06, 3.05975049741e-06, 1.6635352651e-08, 7.59404059636e-08, 6.0608741137e-08, 6.86217731527e-08, 2.6497231076e-08, 3.53794540331e-08, 4.54619808465e-08, 2.26119798441e-08, 1.17289779666e-07, 1.05812411277e-07, 6.98189353443e-07, 3.52054144059e-07, 5.83519351949e-07, 3.69278836843e-07, 3.53591417479e-07, 1.45229705595e-07, 1.04249274102e-07, 6.42540385343e-08, 3.92222254675e-08, 2.38703048439e-08, 3.86038978561e-09],
        "dvar2": [0.000171736464836, 0.000425850710599, 0.000157419839525, 2.82285668618e-06, 1.43514707815e-05, 9.83473091765e-06, 2.42392150795e-08, 1.38423175144e-07, 8.05549547067e-08, 1.24922891587e-07, 4.75408690193e-08, 6.53738609913e-08, 8.15647709373e-08, 4.62588864991e-08, 2.7618213494e-07, 2.52930533406e-07, 1.79123321686e-06, 8.97131769761e-07, 1.56629857884e-06, 9.81891844276e-07, 8.85961640051e-07, 3.39041463349e-07, 2.50725406659e-07, 1.74137511522e-07, 1.10397138542e-07, 6.73232989357e-08, 1.07908570968e-08],
        "max": [0.0774809196591, 0.162571549416, 0.116278901696, 0.0214312151074, 0.0524332970381, 0.0354637801647, 0.004598823376, 0.00765027431771, 0.00642937142402, 0.00884622801095, 0.00313188834116, 0.00450448738411, 0.00389767391607, 0.00342187494971, 0.00547629222274, 0.00498911784962, 0.0170974489301, 0.0095800133422, 0.0114731565118, 0.00835279375315, 0.0112183447927, 0.0060339118354, 0.00556276319548, 0.00370764732361, 0.00332999182865, 0.00111093942542, 0.000353466079105],
        "mean": [0.00780228339136, 0.0169646795839, 0.00319675239734, 0.000991786597297, 0.00288291857578, 0.00276314490475, 0.000387397682061, 0.000519039691426, 0.000508669007104, 0.000453867018223, 0.000312255637255, 0.000221247872105, 0.000319591694279, 0.000177576963324, 0.000324161577737, 0.000272708915872, 0.000538158696145, 0.000384086248232, 0.000535301864147, 0.000376385083655, 0.000323575543007, 0.000187411205843, 0.000120689510368, 7.76000815677e-05, 5.62508757866e-05, 4.61787421955e-05, 1.81545328815e-05],
        "median": [0.000935124407988, 0.00605524191633, 0.000832867168356, 0.00032226491021, 0.00161845120601, 0.0019185799174, 0.000280965323327, 0.000332257768605, 0.000342749786796, 0.000321209518006, 0.000227250115131, 0.000121774261061, 0.000192719540792, 7.66097000451e-05, 0.000154932407895, 0.0001060516297, 0.000124813203001, 5.81247586524e-05, 5.98173792241e-05, 4.25674043072e-05, 2.99658331642e-05, 1.3742520423e-05, 5.62009745408e-06, 2.22983112508e-06, 8.65725496624e-07, 2.08116119893e-07, 2.06106705036e-08],
        "min": [1.79002415933e-23, 7.70480824783e-23, 1.39996178733e-23, 9.09164638736e-24, 3.05120795849e-23, 4.80108225319e-23, 4.12803717291e-23, 2.37576852759e-23, 7.9594992486e-23, 5.78384548446e-23, 8.62184201075e-23, 1.15356064182e-22, 6.42335230113e-23, 9.63524428403e-23, 1.59364821792e-22, 1.9128165439e-22, 1.87734241562e-22, 2.45101355172e-22, 2.05510874963e-22, 2.4781983296e-22, 4.17304667315e-22, 4.97740030168e-22, 6.13860254442e-22, 8.78821138727e-22, 1.10440587315e-21, 1.93929505777e-21, 2.4931021714e-21],
        "var": [0.000163769189385, 0.000636472541373, 5.85089546803e-05, 2.80714539258e-06, 1.47679356814e-05, 9.46324234974e-06, 1.6815596382e-07, 3.86753129078e-07, 3.3077881767e-07, 2.27394181707e-07, 1.00756878396e-07, 8.92287062015e-08, 1.53267137648e-07, 8.29592607943e-08, 2.21036401626e-07, 2.02926884185e-07, 1.10581970603e-06, 6.91152592935e-07, 1.14674412544e-06, 6.44853514586e-07, 6.09479684499e-07, 2.28345982123e-07, 1.26954830648e-07, 5.59181856374e-08, 2.88235622037e-08, 1.62375748403e-08, 2.56113308339e-09]
    },
    "erbbands": {
        "dmean": [0.3011059165, 1.79192185402, 3.86582779884, 2.47230553627, 1.31358981133, 4.09200668335, 9.64548587799, 10.0546531677, 2.16947340965, 1.91356360912, 3.74884867668, 5.08228111267, 4.43918371201, 5.18354797363, 5.80469369888, 6.60421419144, 7.71206665039, 4.0129275322, 9.57073497772, 7.50440645218, 10.3594646454, 12.6526765823, 15.6999511719, 13.84025383, 16.3616352081, 14.2221479416, 8.99832439423, 6.78597354889, 5.30413913727, 4.01016950607, 2.6272995472, 2.0062725544, 1.34633266926, 0.873399674892, 0.514475882053, 0.289845943451, 0.126782312989, 0.0385799966753, 0.00529923895374, 0.000158180540893],
        "dmean2": [0.432923465967, 2.56990361214, 5.904753685, 4.23382425308, 2.28262805939, 6.55178689957, 14.3670921326, 18.3247032166, 2.52802968025, 2.32176136971, 4.36218118668, 5.56724119186, 4.86613798141, 6.51264047623, 7.81192207336, 9.120470047, 10.7774591446, 5.91220474243, 15.1527070999, 10.9590892792, 16.1755523682, 20.3723640442, 24.8192214966, 22.9815559387, 27.3685913086, 23.8685722351, 14.9519920349, 11.0464010239, 8.47036457062, 6.52497911453, 4.32189941406, 3.48318433762, 2.40404200554, 1.58486890793, 0.932346045971, 0.529556393623, 0.232077866793, 0.070562645793, 0.00968059711158, 0.000285161338979],
        "dvar": [0.248921498656, 12.5372161865, 96.6268081665, 21.4727535248, 13.3370742798, 90.966758728, 173.122238159, 297.79876709, 6.81152105331, 9.8048915863, 46.0855102539, 49.1982498169, 41.9924659729, 80.1154327393, 47.4159202576, 91.4236373901, 111.528701782, 51.7663383484, 363.252105713, 226.413574219, 404.426849365, 940.911132812, 1207.47875977, 1051.57409668, 1507.95922852, 1284.6763916, 623.988952637, 383.76071167, 234.311950684, 147.26461792, 57.8699111938, 35.9817771912, 15.8859605789, 6.23680257797, 1.60123002529, 0.460460692644, 0.0792755112052, 0.00710671208799, 0.000132232074975, 1.04656955102e-07],
        "dvar2": [0.581872045994, 24.6682319641, 222.776138306, 58.6318283081, 43.0713653564, 270.675720215, 385.480255127, 1052.8885498, 10.7177381516, 18.4033565521, 86.3607254028, 65.8081054688, 46.2029342651, 173.093032837, 82.2070541382, 167.354873657, 200.201477051, 110.966247559, 895.682067871, 459.052093506, 997.149353027, 2454.19873047, 2924.11987305, 2945.85400391, 4094.9921875, 3409.16186523, 1644.69238281, 956.17376709, 549.103942871, 354.381866455, 139.527481079, 93.8693771362, 43.8927459717, 17.6651287079, 4.46734666824, 1.29923450947, 0.223756417632, 0.0198845043778, 0.000369931571186, 2.92167840144e-07],
        "max": [5.67455387115, 41.7363471985, 139.079284668, 80.3887939453, 130.470672607, 249.827316284, 223.738052368, 305.169555664, 75.7667999268, 90.8737716675, 186.790344238, 186.81048584, 131.519104004, 332.799377441, 145.621002197, 233.773376465, 192.768325806, 147.967559814, 331.122253418, 377.488983154, 369.837249756, 705.749145508, 530.978210449, 503.207519531, 753.472473145, 481.829040527, 436.722290039, 367.216033936, 231.081481934, 191.625320435, 139.901428223, 94.7985458374, 63.4375953674, 49.6895713806, 20.520072937, 5.94252204895, 2.14711976051, 0.52678745985, 0.0633355528116, 0.00189707393292],
        "mean": [0.648795068264, 3.16484260559, 4.65280675888, 3.74333667755, 2.98123836517, 10.5194578171, 24.9386768341, 19.9820976257, 8.78862953186, 6.0849199295, 11.5495405197, 14.9420423508, 11.6091508865, 11.790307045, 13.4417495728, 13.0224018097, 15.7201700211, 9.32196712494, 16.8285903931, 15.2086801529, 19.0995159149, 20.626625061, 25.3926010132, 23.5057373047, 25.0138339996, 21.4383602142, 14.4499425888, 10.4528951645, 7.50368642807, 5.02324485779, 2.99433994293, 1.94474256039, 1.1528339386, 0.680890500546, 0.386221528053, 0.200506776571, 0.0829433724284, 0.0246311407536, 0.00338769191876, 0.000140960575663],
        "median": [0.178885802627, 0.906044125557, 1.12230837345, 1.54564499855, 0.954638719559, 5.16965818405, 16.9879722595, 13.3818435669, 6.52859067917, 3.96859407425, 7.6351556778, 10.4305763245, 6.7442855835, 8.0689868927, 10.2382860184, 8.72010040283, 9.62573242188, 5.88519048691, 8.76963710785, 7.28196907043, 7.38368940353, 5.41562271118, 4.57311916351, 3.19660067558, 2.74231648445, 2.23934745789, 1.45726847649, 0.993828117847, 0.561017155647, 0.298351287842, 0.146626740694, 0.0689226388931, 0.0291579701006, 0.0136867007241, 0.00447906646878, 0.00137307995465, 0.000318182603223, 5.57087369089e-05, 3.27066882164e-05, 4.58366339444e-05],
        "min": [1.12090788404e-21, 2.04567985495e-20, 2.84770367556e-20, 1.4766888072e-20, 8.43530935959e-20, 7.98109866913e-20, 1.58018444991e-19, 5.89506703751e-19, 4.9630800564e-19, 6.69923445144e-19, 5.86174665147e-19, 1.47353830243e-18, 2.37626428635e-18, 2.23380351895e-18, 3.80651271181e-18, 4.0068331087e-18, 3.67433007711e-18, 4.52666359773e-18, 7.53458305895e-18, 8.0052744701e-18, 1.09288789979e-17, 1.16426911988e-17, 1.43454674543e-17, 9.57128701552e-18, 1.06684726149e-17, 1.23004792839e-17, 1.45995756842e-17, 2.04036869755e-17, 1.67524687383e-17, 1.95881265962e-17, 1.7185777376e-17, 1.67596403942e-17, 1.56118727004e-17, 1.08654880117e-17, 8.67831080268e-18, 7.60691421326e-18, 3.61920055723e-18, 1.51140042702e-18, 3.22018698281e-19, 3.55642265399e-20],
        "var": [0.956599056721, 31.9387722015, 111.506668091, 33.0203285217, 52.1696472168, 257.976135254, 698.219055176, 614.374389648, 73.5286026001, 55.7798843384, 204.094543457, 263.792572021, 213.492843628, 195.836166382, 168.12310791, 235.227554321, 366.583251953, 139.796661377, 633.778259277, 581.879638672, 871.272827148, 1526.27722168, 2443.48168945, 2200.6015625, 2628.68847656, 2181.32641602, 1077.6451416, 641.431640625, 368.752288818, 192.495239258, 71.1590652466, 34.1076850891, 12.9262313843, 4.56849431992, 1.23015654087, 0.321852326393, 0.0530543811619, 0.00470191193745, 8.79965227796e-05, 7.63351977184e-08]
    },
    "gfcc": {
        "mean": [-75.2282714844, 121.872268677, -120.585426331, 35.1954421997, -38.3297767639, 1.73905158043, -21.2909259796, 1.26551377773, -13.0968790054, 1.53762066364, -3.44715356827, 4.2835187912, 1.62355577946],
        "cov": [[31661.3652344, 184.319885254, -678.861999512, 623.195129395, -1302.85546875, -65.2075424194, -720.945983887, 146.199203491, -403.417144775, 60.1297798157, -181.09185791, 244.770401001, -33.114692688], [184.319885254, 4261.85498047, -996.682495117, -973.664855957, 471.220977783, -675.759094238, 256.214294434, -584.378967285, 149.207107544, -444.927642822, 245.123062134, -275.448699951, 305.174743652], [-678.861999512, -996.682495117, 1582.30200195, -169.2368927, 385.201599121, 424.583282471, -6.31692647934, 279.20123291, -40.9479789734, 178.761291504, -117.156051636, 113.116607666, -127.067451477], [623.195129395, -973.664855957, -169.2368927, 1003.71148682, -192.692642212, 152.217132568, 86.4492416382, 125.448043823, 84.7599182129, 66.4775619507, 19.1427135468, -14.998380661, -29.7960567474], [-1302.85546875, 471.220977783, 385.201599121, -192.692642212, 497.382415771, 25.4481239319, 153.731918335, 26.1445770264, 61.6441078186, 11.2447319031, 36.2183876038, -8.95840644836, 22.2263088226], [-65.2075424194, -675.759094238, 424.583282471, 152.217132568, 25.4481239319, 288.252105713, 4.20542049408, 148.751846313, 6.51512289047, 90.584815979, -31.5370368958, 47.7329902649, -50.9063987732], [-720.945983887, 256.214294434, -6.31692647934, 86.4492416382, 153.731918335, 4.20542049408, 188.124023438, 7.93075418472, 85.2124633789, -8.9915304184, 53.2291755676, -26.3943443298, 36.2064971924], [146.199203491, -584.378967285, 279.20123291, 125.448043823, 26.1445770264, 148.751846313, 7.93075418472, 204.182388306, 13.7954931259, 93.8644332886, -25.9353866577, 53.106262207, -45.8138504028], [-403.417144775, 149.207107544, -40.9479789734, 84.7599182129, 61.6441078186, 6.51512289047, 85.2124633789, 13.7954931259, 109.925354004, 6.28502225876, 46.2854881287, -16.4007091522, 36.2792015076], [60.1297798157, -444.927642822, 178.761291504, 66.4775619507, 11.2447319031, 90.584815979, -8.9915304184, 93.8644332886, 6.28502225876, 117.768295288, -1.9422352314, 54.4509010315, -24.8341789246], [-181.09185791, 245.123062134, -117.156051636, 19.1427135468, 36.2183876038, -31.5370368958, 53.2291755676, -25.9353866577, 46.2854881287, -1.9422352314, 92.3292388916, 3.64431715012, 43.8544158936], [244.770401001, -275.448699951, 113.116607666, -14.998380661, -8.95840644836, 47.7329902649, -26.3943443298, 53.106262207, -16.4007091522, 54.4509010315, 3.64431715012, 85.5680541992, 4.96611595154], [-33.114692688, 305.174743652, -127.067451477, -29.7960567474, 22.2263088226, -50.9063987732, 36.2064971924, -45.8138504028, 36.2792015076, -24.8341789246, 43.8544158936, 4.96611595154, 86.1155548096]],
        "icov": [[5.61472843401e-05, -0.000197312925593, -4.08114647144e-05, -0.000188166886801, 0.0002049026225, -3.3265176171e-05, 0.000161961099366, -0.000193188621779, 0.000214968982618, -0.000244735769229, 0.000241179557634, -0.00038350772229, 9.02325191419e-05], [-0.000197312925593, 0.00218013813719, 0.000403895042837, 0.00172624760307, -0.00163429940585, 0.000842217239551, -0.00082381820539, 0.00134770746808, -0.00135823979508, 0.00302676670253, -0.00267396867275, 0.0036648993846, -0.00203008297831], [-4.08114647144e-05, 0.000403895042837, 0.00214096950367, 0.000711418106221, -0.00194104202092, -0.0021423632279, 0.000278954859823, -5.32667618245e-05, -0.000162804557476, 0.000120609678561, 0.00107214134187, -0.000367602624465, 0.0006257398054], [-0.000188166886801, 0.00172624760307, 0.000711418106221, 0.00308085302822, -0.00045704212971, -0.00038144987775, -0.00190098886378, 0.000481243361719, -0.00177450734191, 0.00176842079964, -0.00216027209535, 0.00365800363943, -0.000979621196166], [0.0002049026225, -0.00163429940585, -0.00194104202092, -0.00045704212971, 0.00620384095237, 0.000761969713494, -0.00297527457587, -0.00132829311769, 0.000905709457584, -0.00259358109906, 0.000689151289407, -0.00148460327182, 0.000846816517878], [-3.3265176171e-05, 0.000842217239551, -0.0021423632279, -0.00038144987775, 0.000761969713494, 0.00915364176035, -0.000798166322056, -0.0018323326949, -0.00094290880952, 0.000343249441357, -0.00148009846453, 0.00113075750414, -0.000530611432623], [0.000161961099366, -0.00082381820539, 0.000278954859823, -0.00190098886378, -0.00297527457587, -0.000798166322056, 0.0128284972161, -0.001619051327, -0.00388932414353, 0.000504599243868, -0.00140219647437, 0.000314786098897, -0.000743353331927], [-0.000193188621779, 0.00134770746808, -5.32667618245e-05, 0.000481243361719, -0.00132829311769, -0.0018323326949, -0.001619051327, 0.012655143626, -0.00391983659938, -0.00189483806025, 0.00102647137828, -0.00216595618986, 0.00261772144586], [0.000214968982618, -0.00135823979508, -0.000162804557476, -0.00177450734191, 0.000905709457584, -0.00094290880952, -0.00388932414353, -0.00391983659938, 0.0201412905008, -0.00478715822101, -0.00295354169793, 0.00414003059268, -0.00579994078726], [-0.000244735769229, 0.00302676670253, 0.000120609678561, 0.00176842079964, -0.00259358109906, 0.000343249441357, 0.000504599243868, -0.00189483806025, -0.00478715822101, 0.0225365851074, -0.00608819397166, -0.00362070114352, 0.00144674233161], [0.000241179557634, -0.00267396867275, 0.00107214134187, -0.00216027209535, 0.000689151289407, -0.00148009846453, -0.00140219647437, 0.00102647137828, -0.00295354169793, -0.00608819397166, 0.0227589793503, -0.00886242557317, -0.00110433704685], [-0.00038350772229, 0.0036648993846, -0.000367602624465, 0.00365800363943, -0.00148460327182, 0.00113075750414, 0.000314786098897, -0.00216595618986, 0.00414003059268, -0.00362070114352, -0.00886242557317, 0.0305745247751, -0.0126831103116], [9.02325191419e-05, -0.00203008297831, 0.0006257398054, -0.000979621196166, 0.000846816517878, -0.000530611432623, -0.000743353331927, 0.00261772144586, -0.00579994078726, 0.00144674233161, -0.00110433704685, -0.0126831103116, 0.0247529167682]]
    },
    "melbands": {
        "dmean": [0.00233530532569, 0.00201884447597, 0.000385070918128, 0.000159001589054, 0.000330382754328, 0.00021152177942, 2.8997012123e-05, 2.39369946939e-05, 3.10143877869e-05, 2.97214555758e-05, 2.21536611207e-05, 2.21648133447e-05, 1.98144807655e-05, 1.60996223713e-05, 1.65605870279e-05, 1.1801299479e-05, 8.44249643706e-06, 1.49558563862e-05, 9.10282051336e-06, 1.38101822813e-05, 1.4253028894e-05, 1.30233529489e-05, 1.86977304111e-05, 1.64499615494e-05, 1.12474835987e-05, 1.53901528392e-05, 6.71179486744e-06, 1.15101856863e-05, 4.96215443491e-06, 6.52075777907e-06, 4.45215482614e-06, 3.25597170558e-06, 2.58105046669e-06, 2.32014440371e-06, 1.5890003624e-06, 1.39320945891e-06, 1.19031460599e-06, 1.01365071714e-06, 7.87234910149e-07, 7.15977762411e-07],
        "dmean2": [0.00353893102147, 0.002969738096, 0.000653916038573, 0.000266378337983, 0.000504637544509, 0.000380132434657, 3.14647113555e-05, 2.88551491394e-05, 3.54681942554e-05, 3.27295565512e-05, 2.44612820097e-05, 2.78790284938e-05, 2.6226587579e-05, 2.21573463932e-05, 2.28373628488e-05, 1.64361554198e-05, 1.24628168123e-05, 2.35142633755e-05, 1.38373743539e-05, 2.04766110983e-05, 2.22982052946e-05, 2.07487992157e-05, 3.02278931485e-05, 2.6860188882e-05, 1.8840744815e-05, 2.55703507719e-05, 1.12246552817e-05, 1.95384091057e-05, 8.27410622151e-06, 1.10631963253e-05, 7.44752287574e-06, 5.27147994944e-06, 4.24007930633e-06, 3.89297110814e-06, 2.63690844804e-06, 2.37725521401e-06, 2.08674146052e-06, 1.81397172128e-06, 1.42012027027e-06, 1.30498801809e-06],
        "dvar": [1.45532294482e-05, 2.0520083126e-05, 5.41088525097e-07, 1.67361420722e-07, 2.18624478521e-07, 1.27226357449e-07, 1.29724020415e-09, 1.4605701093e-09, 2.57962895489e-09, 1.67663338768e-09, 1.03506703208e-09, 1.54337298497e-09, 4.99432439849e-10, 4.56291476825e-10, 4.02444799708e-10, 2.83141649016e-10, 2.66320937525e-10, 8.17357403982e-10, 2.53190246546e-10, 8.61777316175e-10, 9.53782164359e-10, 8.06242017592e-10, 2.41546294077e-09, 1.71688574468e-09, 8.94831375664e-10, 1.47726486599e-09, 2.68011807192e-10, 8.660401285e-10, 1.57981891458e-10, 3.37933236949e-10, 1.89236584736e-10, 9.66079646836e-11, 6.16024037337e-11, 5.63858751357e-11, 2.37205134007e-11, 1.83603271475e-11, 1.33277841888e-11, 9.79971312431e-12, 4.94380664878e-12, 4.21106205462e-12],
        "dvar2": [3.60687590728e-05, 4.40230578533e-05, 1.46518380006e-06, 5.51714833819e-07, 5.33536137937e-07, 4.42753020025e-07, 1.80128179039e-09, 2.58129495556e-09, 4.70038274969e-09, 2.29628716042e-09, 1.15600418127e-09, 3.29489169282e-09, 8.52204418145e-10, 8.53461135097e-10, 7.30313365338e-10, 5.07631825464e-10, 5.69553626484e-10, 2.01341943118e-09, 5.58612212043e-10, 1.95862925878e-09, 2.36482211591e-09, 2.08798711654e-09, 6.08744743502e-09, 4.55501369956e-09, 2.53400722627e-09, 3.92314403186e-09, 7.51898932005e-10, 2.34110908437e-09, 4.16204543052e-10, 9.12249553675e-10, 5.01861385782e-10, 2.34695318735e-10, 1.51519269354e-10, 1.44525433288e-10, 5.88744886176e-11, 4.76986714015e-11, 3.5731452519e-11, 2.70598734392e-11, 1.38565079549e-11, 1.19971437298e-11],
        "max": [0.0468886308372, 0.0641141086817, 0.0125129567459, 0.00906904879957, 0.0100175561383, 0.00671361014247, 0.00108564540278, 0.00111567275599, 0.00132991629653, 0.00105414504651, 0.000651148206089, 0.00147913442925, 0.000470553786727, 0.000482363248011, 0.000373325281544, 0.000407891231589, 0.0003293796035, 0.000491274462547, 0.000340990722179, 0.00047042928054, 0.000568619230762, 0.000501154805534, 0.00111059984192, 0.000623311032541, 0.000476330518723, 0.000672175083309, 0.000332831055857, 0.000448639533715, 0.000230172401643, 0.000265377020696, 0.000272640842013, 0.000173952968908, 0.00013016347657, 0.000132449000375, 0.000112547182653, 0.000109671498649, 6.13762676949e-05, 5.44054855709e-05, 4.32450833614e-05, 4.19429161411e-05],
        "mean": [0.00566707225516, 0.00314107164741, 0.000599338090979, 0.000412829162087, 0.000846097711474, 0.000455825327663, 0.000117172254249, 7.3021670687e-05, 9.79132310022e-05, 8.48555209814e-05, 5.50676850253e-05, 4.67768586532e-05, 4.4479053031e-05, 3.12285264954e-05, 3.46459164575e-05, 2.5614963306e-05, 1.72236486833e-05, 2.69561023742e-05, 1.64063603734e-05, 2.45112714765e-05, 2.38027769228e-05, 2.03898089239e-05, 2.5850487873e-05, 2.41637644649e-05, 1.69693139469e-05, 2.09081608773e-05, 1.10849805424e-05, 1.5883373635e-05, 7.93911840447e-06, 8.68451479619e-06, 5.87678914599e-06, 4.42554710389e-06, 3.24587040268e-06, 2.63439756054e-06, 1.77898050424e-06, 1.3755496866e-06, 1.09394511583e-06, 8.60099021338e-07, 6.4379929654e-07, 5.37706284831e-07],
        "median": [0.00215882528573, 0.000906489614863, 0.000243116068305, 0.000171483596205, 0.000600212311838, 0.000314281642204, 8.43726811581e-05, 4.57373644167e-05, 6.88407890266e-05, 5.79891639063e-05, 3.05096018565e-05, 2.84347843262e-05, 3.26821173076e-05, 2.15927775571e-05, 2.43579070229e-05, 1.62994547281e-05, 8.64584944793e-06, 1.36144390126e-05, 8.11749850982e-06, 9.35650950851e-06, 7.72617840994e-06, 5.45270268049e-06, 4.60949331682e-06, 3.23535414282e-06, 2.14718807001e-06, 2.04697516892e-06, 1.51088033817e-06, 1.40834197282e-06, 9.17591023608e-07, 6.75157366459e-07, 5.06172909809e-07, 3.3678944078e-07, 1.98643860472e-07, 1.31164256345e-07, 8.24142531997e-08, 5.72312721658e-08, 3.18753698991e-08, 2.06174384232e-08, 1.49736454347e-08, 9.47448164368e-09],
        "min": [1.79412450054e-23, 2.11353364998e-23, 5.6297886805e-24, 5.1031325184e-24, 5.69994996942e-24, 1.1663063148e-23, 8.06854585811e-24, 6.68556856162e-24, 4.67863660454e-24, 1.10561183006e-23, 1.2027807187e-23, 8.63631192856e-24, 1.28743125251e-23, 8.72810299463e-24, 1.50394264765e-23, 6.04847384494e-24, 7.87819056623e-24, 1.17084289609e-23, 9.71092270834e-24, 1.40655540232e-23, 1.15542476747e-23, 1.26996224331e-23, 9.92154541459e-24, 1.38502312836e-23, 6.72801322262e-24, 7.95731883705e-24, 6.25915847677e-24, 8.63201894752e-24, 8.91423472522e-24, 8.65480282818e-24, 1.2961386203e-23, 1.03997931272e-23, 7.82757961714e-24, 1.23590632917e-23, 9.79245858264e-24, 9.59410029689e-24, 9.56470418412e-24, 1.16557022868e-23, 8.96313069071e-24, 9.17997435406e-24],
        "var": [5.73094002903e-05, 3.5828405089e-05, 8.27546898563e-07, 5.28853888682e-07, 7.56857104989e-07, 2.9390656664e-07, 1.43281502218e-08, 8.55625614804e-09, 1.22445857897e-08, 8.76532446625e-09, 5.15678166835e-09, 3.71476804872e-09, 2.01370897734e-09, 1.21598042746e-09, 1.36465039269e-09, 9.41410616129e-10, 6.98850532999e-10, 1.52522072749e-09, 5.40040734354e-10, 1.77288272951e-09, 1.81029524704e-09, 1.34351285652e-09, 3.60257401688e-09, 2.9942719415e-09, 1.66236702182e-09, 2.26747554066e-09, 5.32915767071e-10, 1.33212574305e-09, 2.89339580073e-10, 4.75336880967e-10, 2.45802100896e-10, 1.36294434072e-10, 8.04808233945e-11, 6.08311526151e-11, 2.71017687459e-11, 1.75579516204e-11, 1.16734981057e-11, 7.79509269633e-12, 3.91965843463e-12, 2.95879922126e-12]
    },
    "mfcc": {
        "mean": [-705.679443359, 143.278167725, -10.0393657684, 34.0008277893, 5.86837148666, 9.04038333893, 3.23871231079, 4.72015523911, 1.63662874699, 1.01174473763, -0.863715171814, 3.13902831078, 3.1786506176],
        "cov": [[22990.8867188, 1120.14599609, -476.119598389, 1445.16723633, -641.786437988, 57.7180366516, -516.424560547, -102.334938049, -308.417572021, -171.889953613, -287.518676758, -98.7904968262, -152.11038208], [1120.14599609, 4536.72607422, -826.99206543, -387.530761719, 77.2952575684, -225.619171143, -27.6782684326, -207.226303101, -134.295303345, -243.523651123, -201.999008179, -144.516281128, -70.6915664673], [-476.119598389, -826.99206543, 774.323608398, -135.046096802, 225.432739258, 112.353385925, 113.623977661, 113.390647888, 100.711357117, 88.4579772949, 68.0038833618, 42.4101371765, 32.4999275208], [1445.16723633, -387.530761719, -135.046096802, 562.486877441, -84.9119720459, 114.21938324, -2.33739614487, 55.1548728943, 29.0185546875, 58.440826416, 36.7885513306, 29.5050086975, -0.368248522282], [-641.786437988, 77.2952575684, 225.432739258, -84.9119720459, 266.188262939, 47.057559967, 105.569511414, 53.9701499939, 64.4846572876, 38.7926177979, 41.4024543762, 24.2408351898, 28.4545879364], [57.7180366516, -225.619171143, 112.353385925, 114.21938324, 47.057559967, 156.623703003, 55.5341682434, 52.2057723999, 43.3160514832, 45.4332466125, 34.4086341858, 24.6017303467, 17.9419841766], [-516.424560547, -27.6782684326, 113.623977661, -2.33739614487, 105.569511414, 55.5341682434, 129.207260132, 58.4526176453, 49.5052719116, 36.6363143921, 42.1005554199, 26.7265071869, 26.3439884186], [-102.334938049, -207.226303101, 113.390647888, 55.1548728943, 53.9701499939, 52.2057723999, 58.4526176453, 107.943466187, 57.5444564819, 45.2854194641, 37.6582489014, 32.3201332092, 21.5151863098], [-308.417572021, -134.295303345, 100.711357117, 29.0185546875, 64.4846572876, 43.3160514832, 49.5052719116, 57.5444564819, 98.2497787476, 56.0409736633, 34.5002632141, 21.8671112061, 18.7458095551], [-171.889953613, -243.523651123, 88.4579772949, 58.440826416, 38.7926177979, 45.4332466125, 36.6363143921, 45.2854194641, 56.0409736633, 91.4629592896, 47.8412475586, 20.2826919556, 16.988948822], [-287.518676758, -201.999008179, 68.0038833618, 36.7885513306, 41.4024543762, 34.4086341858, 42.1005554199, 37.6582489014, 34.5002632141, 47.8412475586, 78.0702514648, 39.2982025146, 15.1023731232], [-98.7904968262, -144.516281128, 42.4101371765, 29.5050086975, 24.2408351898, 24.6017303467, 26.7265071869, 32.3201332092, 21.8671112061, 20.2826919556, 39.2982025146, 64.7115402222, 31.6783599854], [-152.11038208, -70.6915664673, 32.4999275208, -0.368248522282, 28.4545879364, 17.9419841766, 26.3439884186, 21.5151863098, 18.7458095551, 16.988948822, 15.1023731232, 31.6783599854, 57.5139884949]],
