{
"lowlevel": {
    "average_loudness": 0.912430763245,
    "barkbands_crest": {
        "dmean": 3.23225069046,
        "dmean2": 5.06299495697,
        "dvar": 8.40327739716,
        "dvar2": 20.4952068329,
        "max": 26.1217975616,
        "mean": 11.2159309387,
        "median": 10.5916519165,
        "min": 2.58913564682,
        "var": 26.5448455811
    },
    "barkbands_flatness_db": {
        "dmean": 0.0339384451509,
        "dmean2": 0.0489666201174,
        "dvar": 0.00125458533876,
        "dvar2": 0.00251548946835,
        "max": 0.531447887421,
        "mean": 0.161130100489,
        "median": 0.147602081299,
        "min": 0.0282725971192,
        "var": 0.00612552510574
    },
    "barkbands_kurtosis": {
        "dmean": 9.46620464325,
        "dmean2": 15.2777261734,
        "dvar": 716.086914062,
        "dvar2": 1789.32763672,
        "max": 603.897583008,
        "mean": 9.55320167542,
        "median": 0.527555465698,
        "min": -1.98140728474,
        "var": 905.028869629
    },
    "barkbands_skewness": {
        "dmean": 1.25349116325,
        "dmean2": 1.74697875977,
        "dvar": 2.52569794655,
        "dvar2": 5.27220821381,
        "max": 20.3116474152,
        "mean": 0.744032025337,
        "median": 0.537200570107,
        "min": -15.3232860565,
        "var": 7.93342590332
    },
    "barkbands_spread": {
        "dmean": 18.4750499725,
        "dmean2": 28.5969486237,
        "dvar": 404.020812988,
        "dvar2": 921.912658691,
        "max": 142.816558838,
        "mean": 48.6046257019,
        "median": 45.6324501038,
        "min": 0.244568988681,
        "var": 958.330322266
    },
    "dissonance": {
        "dmean": 0.0147910984233,
        "dmean2": 0.0233592614532,
        "dvar": 0.000323196611134,
        "dvar2": 0.000784833158832,
        "max": 0.500000059605,
        "mean": 0.471884995699,
        "median": 0.481400161982,
        "min": 0.297608345747,
        "var": 0.000758320384193
    },
    "dynamic_complexity": 4.45330476761,
    "erbbands_crest": {
        "dmean": 2.68774223328,
        "dmean2": 4.23150110245,
        "dvar": 7.74672889709,
        "dvar2": 15.8943758011,
        "max": 29.8668727875,
        "mean": 8.72040367126,
        "median": 7.50222396851,
        "min": 2.43359303474,
        "var": 22.7231369019
    },
    "erbbands_flatness_db": {
        "dmean": 0.0234459359199,
        "dmean2": 0.033973030746,
        "dvar": 0.000619339349214,
        "dvar2": 0.0011739138281,
        "max": 0.411695629358,
        "mean": 0.136035293341,
        "median": 0.124010182917,
        "min": 0.031041957438,
        "var": 0.00296646100469
    },
    "erbbands_kurtosis": {
        "dmean": 3.16503739357,
        "dmean2": 4.77765369415,
        "dvar": 59.9841003418,
        "dvar2": 124.557792664,
        "max": 185.870346069,
        "mean": 3.36852049828,
        "median": 0.0667058229446,
        "min": -1.95224010944,
        "var": 116.497406006
    },
    "erbbands_skewness": {
        "dmean": 0.681345105171,
        "dmean2": 0.965437889099,
        "dvar": 0.766437351704,
        "dvar2": 1.42423188686,
        "max": 11.9546489716,
        "mean": -0.751247823238,
        "median": -0.68857395649,
        "min": -10.1754465103,
        "var": 2.6423137188
    },
    "erbbands_spread": {
        "dmean": 20.505651474,
        "dmean2": 31.242351532,
        "dvar": 583.702514648,
        "dvar2": 1346.36865234,
        "max": 246.851760864,
        "mean": 64.8642807007,
        "median": 56.6630706787,
        "min": 1.40780591965,
        "var": 1491.30114746
    },
    "hfc": {
        "dmean": 67.6639022827,
        "dmean2": 95.9277191162,
        "dvar": 15258.3662109,
        "dvar2": 34394.1445312,
        "max": 931.328186035,
        "mean": 92.6732559204,
        "median": 34.4501838684,
        "min": 1.12104042945e-16,
        "var": 20260.6230469
    },
    "melbands_crest": {
        "dmean": 3.7756485939,
        "dmean2": 5.9918050766,
        "dvar": 11.5776596069,
        "dvar2": 27.711353302,
        "max": 34.3003692627,
        "mean": 16.417640686,
        "median": 16.3663082123,
        "min": 1.56469738483,
        "var": 42.3404808044
    },
    "melbands_flatness_db": {
        "dmean": 0.0455629862845,
        "dmean2": 0.0656736344099,
        "dvar": 0.00249827886,
        "dvar2": 0.00493809953332,
        "max": 0.695240080357,
        "mean": 0.197126880288,
        "median": 0.185662940145,
        "min": 0.00348485982977,
        "var": 0.0128636760637
    },
    "melbands_kurtosis": {
        "dmean": 25.5915203094,
        "dmean2": 40.4271278381,
        "dvar": 3147.01757812,
        "dvar2": 7673.52685547,
        "max": 816.999511719,
        "mean": 35.9136543274,
        "median": 10.5463829041,
        "min": -1.98146438599,
        "var": 5042.70214844
    },
    "melbands_skewness": {
        "dmean": 1.59468638897,
        "dmean2": 2.34504699707,
        "dvar": 3.92729711533,
        "dvar2": 9.31101322174,
        "max": 23.7838973999,
        "mean": 3.85600852966,
        "median": 3.1354842186,
        "min": -6.75581455231,
        "var": 12.1458129883
    },
    "melbands_spread": {
        "dmean": 27.3958873749,
        "dmean2": 40.8026390076,
        "dvar": 1290.65356445,
        "dvar2": 2544.18945312,
        "max": 320.312713623,
        "mean": 65.8736572266,
        "median": 40.8031654358,
        "min": 0.26639354229,
        "var": 4453.25048828
    },
    "pitch_salience": {
        "dmean": 0.0977536961436,
        "dmean2": 0.149171411991,
        "dvar": 0.00933044031262,
        "dvar2": 0.0215102955699,
        "max": 0.934329509735,
        "mean": 0.529244840145,
        "median": 0.536596536636,
        "min": 0.0662427544594,
        "var": 0.0269197076559
    },
    "silence_rate_20dB": {
        "dmean": 0,
        "dmean2": 0,
        "dvar": 0,
        "dvar2": 0,
        "max": 1,
        "mean": 1,
        "median": 1,
        "min": 1,
        "var": 0
    },
    "silence_rate_30dB": {
        "dmean": 0.0292258430272,
        "dmean2": 0.0584564842284,
        "dvar": 0.0283720679581,
        "dvar2": 0.0829543024302,
        "max": 1,
        "mean": 0.984731554985,
        "median": 1,
        "min": 0,
        "var": 0.0150345088914
    },
    "silence_rate_60dB": {
        "dmean": 0.0476151369512,
        "dmean2": 0.0951559916139,
        "dvar": 0.045343786478,
        "dvar2": 0.100374691188,
        "max": 1,
        "mean": 0.121408633888,
        "median": 0,
        "min": 0,
        "var": 0.10667899996
    },
    "spectral_centroid": {
        "dmean": 639.523498535,
        "dmean2": 931.866821289,
        "dvar": 628522.3125,
        "dvar2": 1270767.5,
        "max": 11336.3261719,
        "mean": 2398.3581543,
        "median": 2134.45898438,
        "min": 111.145782471,
        "var": 2328065.75
    },
    "spectral_complexity": {
        "dmean": 5.27838420868,
        "dmean2": 7.1908864975,
        "dvar": 65.6646652222,
        "dvar2": 103.001190186,
        "max": 60,
        "mean": 12.3002786636,
        "median": 8,
        "min": 0,
        "var": 170.288772583
    },
    "spectral_decrease": {
        "dmean": 2.48725107177e-09,
        "dmean2": 3.5449843061e-09,
        "dvar": 1.51280266359e-17,
        "dvar2": 2.91799111473e-17,
        "max": 5.54659340679e-09,
        "mean": -4.32986402288e-09,
        "median": -2.44325626397e-09,
        "min": -3.57707179433e-08,
        "var": 3.37115010191e-17
    },
    "spectral_energy": {
        "dmean": 0.0130290202796,
        "dmean2": 0.0186763051897,
        "dvar": 0.000329468399286,
        "dvar2": 0.000637842109427,
        "max": 0.15731805563,
        "mean": 0.0247475933284,
        "median": 0.0161821618676,
        "min": 1.0283588539e-20,
        "var": 0.000664504186716
    },
    "spectral_energyband_high": {
        "dmean": 0.00605081766844,
        "dmean2": 0.00836543086916,
        "dvar": 8.94269105629e-05,
        "dvar2": 0.000193989239051,
        "max": 0.0987363159657,
        "mean": 0.00871757231653,
        "median": 0.00319051765837,
        "min": 7.13806381535e-21,
        "var": 0.000155652596732
    },
    "spectral_energyband_low": {
        "dmean": 0.00594302965328,
        "dmean2": 0.00935957022011,
        "dvar": 0.000129900945467,
        "dvar2": 0.000315307348501,
        "max": 0.101441666484,
        "mean": 0.00969719048589,
        "median": 0.00326229236089,
        "min": 2.59542779328e-23,
        "var": 0.000229336903431
    },
    "spectral_energyband_middle_high": {
        "dmean": 0.00137957977131,
        "dmean2": 0.00183426379226,
        "dvar": 5.84289637118e-06,
        "dvar2": 1.07412442958e-05,
        "max": 0.028061741963,
        "mean": 0.00226665777154,
        "median": 0.00072648038622,
        "min": 1.25912550328e-21,
        "var": 1.45211060953e-05
    },
    "spectral_energyband_middle_low": {
        "dmean": 0.00490192417055,
        "dmean2": 0.00807526241988,
        "dvar": 0.000202196999453,
        "dvar2": 0.000487851822982,
        "max": 0.11940445751,
        "mean": 0.00556129449978,
        "median": 0.00201483489946,
        "min": 2.45618822682e-22,
        "var": 0.000176436878974
    },
    "spectral_entropy": {
        "dmean": 0.277459681034,
        "dmean2": 0.401171505451,
        "dvar": 0.150601506233,
        "dvar2": 0.267808020115,
        "max": 9.81342983246,
        "mean": 8.04738235474,
        "median": 8.25581169128,
        "min": 4.27132511139,
        "var": 0.503122806549
    },
    "spectral_flux": {
        "dmean": 0.0342569388449,
        "dmean2": 0.0492437593639,
        "dvar": 0.00180275726598,
        "dvar2": 0.0031388355419,
        "max": 0.363921642303,
        "mean": 0.096919156611,
        "median": 0.0809291154146,
        "min": 6.54286971824e-11,
        "var": 0.00501636369154
    },
    "spectral_kurtosis": {
        "dmean": 1.05715882778,
        "dmean2": 1.604642272,
        "dvar": 5.99364280701,
        "dvar2": 12.7346048355,
        "max": 54.5681800842,
        "mean": 1.39106810093,
        "median": 0.450653076172,
        "min": -1.5960637331,
        "var": 13.9937181473
    },
    "spectral_rms": {
        "dmean": 0.00119369686581,
        "dmean2": 0.00164976355154,
        "dvar": 1.78644768312e-06,
        "dvar2": 3.33122147822e-06,
        "max": 0.0123887462541,
        "mean": 0.00427950220183,
        "median": 0.00397334527224,
        "min": 3.16745479671e-12,
        "var": 5.82986513109e-06
    },
    "spectral_rolloff": {
        "dmean": 2115.43969727,
        "dmean2": 3438.90478516,
        "dvar": 11002122,
        "dvar2": 19607354,
        "max": 19186.0839844,
        "mean": 6532.625,
        "median": 7062.890625,
        "min": 64.599609375,
        "var": 27357336
    },
    "spectral_skewness": {
        "dmean": 0.268401175737,
        "dmean2": 0.37224060297,
        "dvar": 0.136322200298,
        "dvar2": 0.254802405834,
        "max": 5.70959997177,
        "mean": 0.9327891469,
        "median": 0.884418010712,
        "min": -0.953352868557,
        "var": 0.477174401283
    },
    "spectral_spread": {
        "dmean": 1689514.875,
        "dmean2": 2304543,
        "dvar": 6.04546374042e+12,
        "dvar2": 9.33771922637e+12,
        "max": 45429744,
        "mean": 9865591,
        "median": 8965592,
        "min": 1475718.375,
        "var": 2.08593328538e+13
    },
    "spectral_strongpeak": {
        "dmean": 1.59877514839,
        "dmean2": 2.81042695045,
        "dvar": 18.725944519,
        "dvar2": 48.8477783203,
        "max": 69.1027374268,
        "mean": 1.6874409914,
        "median": 0.333007544279,
        "min": 0,
        "var": 18.8191394806
    },
    "zerocrossingrate": {
        "dmean": 0.0485706962645,
        "dmean2": 0.0471747033298,
        "dvar": 0.00306252553128,
        "dvar2": 0.0029166303575,
        "max": 0.654296875,
        "mean": 0.194216325879,
        "median": 0.1650390625,
        "min": 0.001953125,
        "var": 0.0184901636094
    },
    "barkbands": {
        "dmean": [1.99520800379e-05, 0.00341068860143, 0.00290707312524, 0.00285446643829, 0.00281773181632, 0.000251740362728, 9.94548317976e-05, 0.000133278794237, 6.63950559101e-05, 7.58638125262e-05, 7.81005146564e-05, 0.000156409179908, 0.000238718028413, 0.000143039549585, 0.000133632507641, 9.56623553066e-05, 0.000210200392758, 0.000237225569435, 0.000231462123338, 0.000294078083243, 0.000360391364666, 0.000505353149492, 0.000877129670698, 0.00136489060242, 0.00128923263401, 0.00135264010169, 0.000929983740207],
        "dmean2": [2.48106898653e-05, 0.00544975046068, 0.00483179185539, 0.00507755484432, 0.00514036463574, 0.000392867426854, 0.000156535126735, 0.000190163016669, 0.000111698172987, 0.000125525766634, 0.000116843613796, 0.000218941451749, 0.00034601308289, 0.000228016084293, 0.000196913839318, 0.000126100043417, 0.000311418814817, 0.000367065600585, 0.000337039964506, 0.000428195809945, 0.000510632642545, 0.000705688667949, 0.00122203794308, 0.00187322113197, 0.00184637203347, 0.0020502761472, 0.00139328674413],
        "dvar": [2.27241048201e-09, 4.61278796138e-05, 6.70865847496e-05, 8.03565562819e-05, 0.000113792710181, 5.1364384035e-07, 5.42661275915e-08, 7.67190044826e-08, 3.20323536585e-08, 2.11660999838e-08, 2.93741155843e-08, 2.13327894016e-07, 4.70722540058e-07, 1.50758594941e-07, 1.02739157626e-07, 3.97701569455e-08, 1.86857789686e-07, 2.51535169582e-07, 2.15513523472e-07, 3.87351519748e-07, 5.73370073198e-07, 9.1683489245e-07, 3.33173011313e-06, 8.10660912975e-06, 6.11394989392e-06, 1.45474132296e-05, 1.05362541944e-05],
        "dvar2": [3.46815842711e-09, 0.000116031435027, 0.000173224543687, 0.000224532966968, 0.000325138884364, 1.00666659364e-06, 1.31773902012e-07, 1.53221435539e-07, 8.19068191049e-08, 5.34393365115e-08, 6.0882229036e-08, 2.77195141507e-07, 9.9594706171e-07, 3.95578155121e-07, 2.19745402319e-07, 7.25792261846e-08, 4.17443857259e-07, 5.97926316459e-07, 4.45922296421e-07, 8.51584900374e-07, 1.28985027459e-06, 1.84979990081e-06, 6.66685536999e-06, 1.55217003339e-05, 1.32339973788e-05, 3.363785072e-05, 2.37542953982e-05],
        "max": [0.003447920084, 0.0826247408986, 0.0689112842083, 0.0722195506096, 0.0834626704454, 0.0461683906615, 0.00788910314441, 0.00704291556031, 0.00584802730009, 0.00291232974268, 0.00672103976831, 0.0166745949537, 0.0193640720099, 0.00822661910206, 0.00363372685388, 0.00407463964075, 0.00974448770285, 0.0123948315158, 0.00923836510628, 0.0100833624601, 0.00894091650844, 0.0136130237952, 0.0576652027667, 0.0790063813329, 0.0629194676876, 0.0292637143284, 0.0241441633552],
        "mean": [4.00550052291e-05, 0.00520710181445, 0.00297557841986, 0.00242350320332, 0.00221571116708, 0.000391813518945, 0.00014236154675, 0.000274165446172, 9.02134852367e-05, 0.000102810547105, 0.000115191898658, 0.000247306132223, 0.000345441396348, 0.000163121381775, 0.000151858024765, 0.000130525964778, 0.000281977409031, 0.000301327178022, 0.000307219539536, 0.000319158454658, 0.000422883778811, 0.000695385562722, 0.00139922765084, 0.00204390590079, 0.00180677697062, 0.00132223509718, 0.000830751552712],
        "median": [2.59970602201e-06, 0.00103638123255, 0.000578070292249, 0.0005751386052, 0.00042670709081, 7.48396269046e-05, 4.14910718973e-05, 8.04783849162e-05, 1.44260156958e-05, 2.7201955163e-05, 2.51752608165e-05, 1.94752901734e-05, 2.64482223429e-05, 2.77930812445e-05, 2.67424475169e-05, 1.85107819561e-05, 7.00395758031e-05, 6.93446199875e-05, 4.45512559963e-05, 3.49549591192e-05, 5.34068967681e-05, 0.000140508811455, 0.000352786009898, 0.000386183033697, 0.000492227263749, 0.000177071575308, 1.74630295078e-05],
        "min": [2.04843452094e-24, 2.57677154842e-24, 3.72984913915e-24, 3.74130852709e-24, 1.244108116e-23, 1.20877850705e-23, 1.03648260788e-23, 1.71689391352e-23, 2.03831371163e-23, 1.73903471477e-23, 2.59548048919e-23, 2.84632121765e-23, 3.71508521287e-23, 3.27110609126e-23, 7.56239929068e-23, 7.85595841489e-23, 7.70168246538e-23, 1.33467578503e-22, 1.54008292163e-22, 2.02872192033e-22, 1.98648239471e-22, 4.46775122339e-22, 4.77258323304e-22, 5.25005587407e-22, 9.18122113294e-22, 1.4017035922e-21, 2.09150477231e-21],
        "var": [1.47310288412e-08, 8.24856688268e-05, 5.59603540751e-05, 5.2300565585e-05, 6.67449276079e-05, 1.80505890057e-06, 9.64377377954e-08, 2.36066270531e-07, 5.86977968453e-08, 3.33672112163e-08, 5.53397256908e-08, 8.10107906091e-07, 1.35845289151e-06, 1.88567682358e-07, 1.34841371846e-07, 7.84593225944e-08, 2.83130447087e-07, 4.35346066752e-07, 4.88548607791e-07, 4.82129394186e-07, 7.12287771876e-07, 1.45941658047e-06, 7.27177757653e-06, 1.87819441635e-05, 1.11199333332e-05, 1.43052384374e-05, 1.07024761746e-05]
    },
    "erbbands": {
        "dmean": [0.0667490810156, 0.904080867767, 2.76467633247, 7.3120803833, 9.97353744507, 8.21951770782, 4.39170885086, 1.45568299294, 1.21011185646, 2.40330290794, 2.49185371399, 1.71446549892, 1.64712226391, 2.67017269135, 3.64203000069, 7.64963150024, 10.1658697128, 7.75046777725, 7.65285348892, 5.46062898636, 6.3372502327, 11.6010761261, 13.307600975, 10.8710737228, 12.7105302811, 13.2387886047, 13.6005020142, 15.9648618698, 19.5549163818, 22.564163208, 24.9248065948, 28.7502212524, 22.5194149017, 15.4792308807, 8.92172336578, 4.89523744583, 2.5544424057, 0.852328240871, 0.205681785941, 0.00731272529811],
        "dmean2": [0.0948810726404, 1.42824673653, 4.47201299667, 12.6265449524, 17.8040771484, 14.958026886, 6.99601554871, 2.38869810104, 1.92737424374, 3.61847782135, 3.56054139137, 2.80672812462, 2.70267534256, 3.99876308441, 5.67642974854, 11.2934560776, 14.6671113968, 11.4715328217, 12.1722993851, 7.54840612411, 8.35543823242, 17.1600399017, 20.1814956665, 16.7692623138, 18.1024837494, 19.0642738342, 19.672750473, 23.4057750702, 27.8000335693, 32.373085022, 34.0086326599, 40.794883728, 31.3572368622, 22.079498291, 12.9879198074, 7.42020225525, 3.86559867859, 1.30201554298, 0.315985947847, 0.0105002447963],
        "dvar": [0.0134173631668, 3.28252267838, 50.9498558044, 455.127410889, 1414.20275879, 892.758728027, 133.668533325, 13.5346002579, 11.0131635666, 20.9031829834, 41.4176559448, 18.7039203644, 13.8072519302, 28.9029064178, 60.4926567078, 415.385223389, 884.626647949, 374.501403809, 428.354003906, 148.499649048, 181.758880615, 499.843078613, 816.18963623, 468.605987549, 670.811767578, 786.898864746, 802.261413574, 1107.24353027, 1457.31860352, 1533.9239502, 3499.42333984, 3397.9765625, 3251.53955078, 1405.38183594, 270.490692139, 121.252937317, 56.8031005859, 8.38219261169, 0.540453612804, 0.000647828448564],
        "dvar2": [0.0307347793132, 8.33809375763, 128.374023438, 1220.39685059, 3880.75097656, 2569.57324219, 284.505340576, 32.7335128784, 26.9717960358, 49.4856376648, 83.3460006714, 45.871673584, 37.0481109619, 57.5459709167, 133.331283569, 691.855529785, 1756.49621582, 876.451904297, 1077.50842285, 264.749969482, 367.838562012, 1131.20056152, 1852.13000488, 1154.23376465, 1364.45092773, 1725.06420898, 1787.50378418, 2409.45361328, 3049.76782227, 3205.02685547, 7136.26464844, 7168.2734375, 6276.98242188, 3041.3137207, 619.548583984, 301.529327393, 126.424682617, 19.5529289246, 1.22419214249, 0.00139260396827],
        "max": [1.15314793587, 22.5079498291, 57.047580719, 182.477905273, 325.321716309, 237.047805786, 701.98236084, 112.871734619, 126.948867798, 90.9537887573, 187.207336426, 109.597229004, 99.7590484619, 206.608078003, 215.615264893, 668.306518555, 994.697998047, 549.370361328, 229.276809692, 238.082962036, 260.12612915, 376.343231201, 728.693603516, 189.588302612, 589.803710938, 472.760253906, 360.175079346, 495.244537354, 549.657348633, 815.586914062, 1971.25610352, 1345.57641602, 1980.43310547, 1366.44885254, 421.195709229, 189.627624512, 60.7845420837, 22.3599128723, 5.59982538223, 0.197361275554],
        "mean": [0.101318091154, 1.33412623405, 3.26123189926, 6.85056257248, 7.43184280396, 6.9353222847, 6.55380105972, 1.95594024658, 1.59315407276, 4.47142362595, 4.98624229431, 2.53781819344, 2.22550940514, 3.91939210892, 5.74724435806, 11.9140024185, 16.26927948, 10.1410722733, 7.98196411133, 7.51935243607, 8.5782623291, 15.7996454239, 17.5168876648, 13.2476348877, 16.6063232422, 15.1207494736, 15.5452575684, 19.1736946106, 25.9950561523, 33.6571006775, 38.8839607239, 43.3978881836, 32.7058982849, 21.9130268097, 11.8188896179, 5.27380609512, 2.45158076286, 0.763030171394, 0.178251996636, 0.00681219249964],
        "median": [0.0201414301991, 0.260149210691, 0.743581235409, 2.02702236176, 1.07354283333, 1.51147627831, 1.61921465397, 0.51598405838, 0.447243452072, 1.58353877068, 1.38113188744, 0.580365896225, 0.717054605484, 0.912752628326, 1.39047122002, 1.1338133812, 1.39344918728, 1.64412331581, 1.2680324316, 1.29167914391, 1.42768073082, 3.87603139877, 4.45033216476, 2.89258480072, 2.28680276871, 1.70942687988, 1.7323319912, 2.78892946243, 4.83069896698, 8.71121788025, 9.40796279907, 8.57661437988, 5.73010444641, 5.06550645828, 3.25351285934, 1.19572937489, 0.247598335147, 0.0334433168173, 0.00339335715398, 0.000232481048442],
        "min": [7.99201420184e-23, 1.48608742477e-21, 4.34019849871e-21, 8.95178090079e-21, 2.28922137589e-20, 4.9660166122e-20, 5.69035314834e-20, 1.22891354324e-19, 1.98960098376e-19, 1.57596182213e-19, 4.74169343726e-19, 4.77907476312e-19, 5.50151311362e-19, 1.20322901654e-18, 1.33739047406e-18, 1.92870849656e-18, 1.71545864631e-18, 1.68567993746e-18, 3.05406538606e-18, 4.37023299054e-18, 4.34060627613e-18, 5.18409268651e-18, 7.15123033997e-18, 8.34810940114e-18, 8.63169090336e-18, 9.97770814742e-18, 9.0608173159e-18, 1.07628382064e-17, 1.64657199615e-17, 1.07014175643e-17, 1.51713394672e-17, 1.21892425167e-17, 9.20797853714e-18, 9.43013939733e-18, 6.40337262585e-18, 4.13271345432e-18, 2.28845348086e-18, 1.12468863096e-18, 2.96318636088e-19, 3.12598597444e-20],
        "var": [0.029114400968, 5.73044109344, 50.5090026855, 332.538696289, 901.769470215, 523.847290039, 435.648620605, 22.4272499084, 17.0249595642, 51.5045394897, 121.295059204, 33.9713630676, 17.3310165405, 61.0432090759, 113.919059753, 1629.54174805, 3135.94262695, 665.350097656, 424.454162598, 278.228515625, 307.547576904, 806.939575195, 1526.44116211, 605.570983887, 1675.42077637, 1028.31164551, 1010.60705566, 1416.74523926, 2177.57617188, 3020.3762207, 6881.21533203, 7189.63183594, 6573.33398438, 2325.04101562, 436.236572266, 118.319320679, 58.3462753296, 8.09920120239, 0.530940055847, 0.000708789972123]
    },
    "gfcc": {
        "mean": [-28.9076652527, 1.18141829967, -58.4673614502, 40.8328323364, -53.3618392944, 24.2717247009, -44.0611343384, 8.25088119507, -27.9278297424, -4.61321592331, -17.1162338257, 0.584482371807, -20.83618927],
        "cov": [[15462.4550781, -1398.34399414, -1062.14306641, 24.2876281738, -462.264587402, 472.119873047, -400.29119873, 148.664093018, -187.142944336, 212.254211426, -245.371643066, 296.425262451, -180.937469482], [-1398.34399414, 3195.765625, -33.4109611511, 236.234359741, 350.824554443, -41.3956489563, 279.367401123, -24.4996585846, 271.979248047, -139.657546997, 223.030044556, 36.7736091614, 87.1615600586], [-1062.14306641, -33.4109611511, 2520.06079102, 460.018432617, 422.445892334, 257.941314697, 188.375427246, 147.864959717, 237.405197144, 117.44480896, 116.053382874, 125.248924255, 54.2210960388], [24.2876281738, 236.234359741, 460.018432617, 1172.24633789, -46.0469932556, 224.034515381, 44.9412612915, 16.6977291107, 51.9529800415, -3.1236269474, -2.64352464676, -3.67566156387, 55.6534957886], [-462.264587402, 350.824554443, 422.445892334, -46.0469932556, 668.06060791, 33.0609741211, 142.056945801, 42.452381134, 135.387115479, 58.669254303, 65.4061126709, 54.9497833252, 8.80680942535], [472.119873047, -41.3956489563, 257.941314697, 224.034515381, 33.0609741211, 479.210723877, 47.5546073914, 58.2496833801, 22.9404163361, 38.6162872314, 56.4525222778, 50.6503639221, -7.51800251007], [-400.29119873, 279.367401123, 188.375427246, 44.9412612915, 142.056945801, 47.5546073914, 351.198699951, 104.538711548, 93.058555603, 100.389656067, 50.8519554138, 10.950343132, 67.3776931763], [148.664093018, -24.4996585846, 147.864959717, 16.6977291107, 42.452381134, 58.2496833801, 104.538711548, 226.262329102, 99.3077316284, 73.1380462646, 32.1766929626, 31.7695922852, 22.487695694], [-187.142944336, 271.979248047, 237.405197144, 51.9529800415, 135.387115479, 22.9404163361, 93.058555603, 99.3077316284, 253.032226562, 49.2229766846, 77.3383789062, 58.2677116394, 19.9036369324], [212.254211426, -139.657546997, 117.44480896, -3.1236269474, 58.669254303, 38.6162872314, 100.389656067, 73.1380462646, 49.2229766846, 173.874847412, 24.9006938934, 15.0301904678, 36.8224372864], [-245.371643066, 223.030044556, 116.053382874, -2.64352464676, 65.4061126709, 56.4525222778, 50.8519554138, 32.1766929626, 77.3383789062, 24.9006938934, 145.132385254, 47.3666152954, 21.9934101105], [296.425262451, 36.7736091614, 125.248924255, -3.67566156387, 54.9497833252, 50.6503639221, 10.950343132, 31.7695922852, 58.2677116394, 15.0301904678, 47.3666152954, 146.636489868, 22.6075325012], [-180.937469482, 87.1615600586, 54.2210960388, 55.6534957886, 8.80680942535, -7.51800251007, 67.3776931763, 22.487695694, 19.9036369324, 36.8224372864, 21.9934101105, 22.6075325012, 112.33102417]],
        "icov": [[8.79980216268e-05, 2.17749672515e-07, 4.80304624944e-05, -1.60246054293e-05, 2.89641720883e-05, -8.47128176247e-05, 9.69933025772e-05, -7.2047841968e-05, 3.99123964598e-05, -0.000203910967684, 0.000191362429177, -0.00027277765912, 0.000151836837176], [2.17749672515e-07, 0.000501353119034, 0.000101216151961, -0.000120920311019, -0.000194970445591, 8.47670962685e-05, -0.000416159891756, 0.000234466191614, -0.00042385829147, 0.000767499033827, -0.000618322577793, 0.000134347254061, -0.000236436884734], [4.80304624944e-05, 0.000101216151961, 0.000575144425966, -0.000218735061935, -0.000287742936052, -0.000151120009832, -4.270253703e-05, -8.35717801237e-05, -0.000243710950599, -7.90420599515e-05, -7.52916093916e-05, -0.000313455384457, 3.12905503961e-05], [-1.60246054293e-05, -0.000120920311019, -0.000218735061935, 0.00112195138354, 0.000245745875873, -0.000551312637981, 6.09817325312e-05, 0.000143222976476, -0.000286806724034, 0.000153639746713, 0.000510554411449, 0.000378468539566, -0.000679356860928], [2.89641720883e-05, -0.000194970445591, -0.000287742936052, 0.000245745875873, 0.00205515511334, -4.15467984567e-05, -0.000452266744105, 0.000334796030074, -0.000505147676449, -0.000521688780282, 0.000173882610397, -0.000442257383838, 0.000570903241169], [-8.47128176247e-05, 8.47670962685e-05, -0.000151120009832, -0.000551312637981, -4.15467984567e-05, 0.00280868308619, -0.000360676669516, -0.000421294767875, 0.000635616946965, -0.000102533391328, -0.00130280572921, -0.000534096965566, 0.000919331912883], [9.69933025772e-05, -0.000416159891756, -4.270253703e-05, 6.09817325312e-05, -0.000452266744105, -0.000360676669516, 0.00482620485127, -0.00137209729291, -9.20468810364e-05, -0.00212335190736, 0.000257398758549, 0.00059451139532, -0.00159697490744], [-7.2047841968e-05, 0.000234466191614, -8.35717801237e-05, 0.000143222976476, 0.000334796030074, -0.000421294767875, -0.00137209729291, 0.00654156319797, -0.00224614678882, -0.000975611561444, 6.10804345342e-05, -0.000139190233313, -0.000135755442898], [3.99123964598e-05, -0.00042385829147, -0.000243710950599, -0.000286806724034, -0.000505147676449, 0.000635616946965, -9.20468810364e-05, -0.00224614678882, 0.00683822715655, -0.00097082729917, -0.00170934048947, -0.00152817938942, 0.000988747109659], [-0.000203910967684, 0.000767499033827, -7.90420599515e-05, 0.000153639746713, -0.000521688780282, -0.000102533391328, -0.00212335190736, -0.000975611561444, -0.00097082729917, 0.0093682045117, -0.00132081331685, 0.00110197404865, -0.00232106726617], [0.000191362429177, -0.000618322577793, -7.52916093916e-05, 0.000510554411449, 0.000173882610397, -0.00130280572921, 0.000257398758549, 6.10804345342e-05, -0.00170934048947, -0.00132081331685, 0.0105321444571, -0.00230363267474, -0.000558671541512], [-0.00027277765912, 0.000134347254061, -0.000313455384457, 0.000378468539566, -0.000442257383838, -0.000534096965566, 0.00059451139532, -0.000139190233313, -0.00152817938942, 0.00110197404865, -0.00230363267474, 0.00957053154707, -0.00247520604171], [0.000151836837176, -0.000236436884734, 3.12905503961e-05, -0.000679356860928, 0.000570903241169, 0.000919331912883, -0.00159697490744, -0.000135755442898, 0.000988747109659, -0.00232106726617, -0.000558671541512, -0.00247520604171, 0.0118468003348]]
    },
    "melbands": {
        "dmean": [0.000809713965282, 0.00130383542273, 0.0012309368467, 0.00069428695133, 0.000182344592758, 3.42960338457e-05, 1.85062981473e-05, 2.71201715805e-05, 1.86583838513e-05, 1.02315216282e-05, 8.23582286102e-06, 1.08570329758e-05, 1.11325971375e-05, 1.45564672493e-05, 2.97252518067e-05, 1.92107218027e-05, 1.42507151395e-05, 1.244167197e-05, 9.01958992472e-06, 6.20884384261e-06, 8.43383259053e-06, 1.26217455545e-05, 1.27664334286e-05, 1.13175283332e-05, 8.66850587045e-06, 9.91715569398e-06, 8.88498379936e-06, 9.12549785426e-06, 9.06170316739e-06, 8.87139322003e-06, 9.33814681048e-06, 1.14271260827e-05, 9.87786916085e-06, 1.5362726117e-05, 1.49608513311e-05, 1.59564588103e-05, 1.92979241547e-05, 1.72976488102e-05, 1.39430339914e-05, 1.36939161166e-05],
        "dmean2": [0.00121628807392, 0.00204791780561, 0.00204532011412, 0.00126653409097, 0.000302354426822, 5.55290571356e-05, 2.9377590181e-05, 4.0566570533e-05, 2.67900959443e-05, 1.70985422301e-05, 1.35584941745e-05, 1.6270978449e-05, 1.71192477865e-05, 2.20951969823e-05, 4.45067962573e-05, 2.59547960013e-05, 2.21058380703e-05, 2.05445394386e-05, 1.29772415676e-05, 8.66390109877e-06, 1.1640797311e-05, 1.89702750504e-05, 1.89224847418e-05, 1.78435220732e-05, 1.37201850521e-05, 1.43873357956e-05, 1.34912461363e-05, 1.30745956994e-05, 1.36634853334e-05, 1.28773936012e-05, 1.37986562549e-05, 1.65514356922e-05, 1.38136174428e-05, 2.31026624533e-05, 2.11007536564e-05, 2.2625847123e-05, 2.80083604594e-05, 2.46409053943e-05, 2.00281192519e-05, 1.99249916477e-05],
        "dvar": [2.1858315904e-06, 7.89407840784e-06, 1.24107664305e-05, 7.5311359069e-06, 2.02433298568e-07, 7.57673301877e-09, 2.37296826633e-09, 2.51256837558e-09, 2.51179343991e-09, 7.41868788623e-10, 3.37296496289e-10, 4.75539718714e-10, 5.92312920933e-10, 1.19879139948e-09, 1.08228332962e-08, 2.45132203425e-09, 1.39648925757e-09, 1.22736176777e-09, 4.36038843921e-10, 1.90316526427e-10, 3.86200044167e-10, 6.97129132199e-10, 8.92316831536e-10, 6.25064278115e-10, 3.26942056761e-10, 4.9693377191e-10, 3.72795433412e-10, 3.89658305622e-10, 3.78736680906e-10, 3.41375927526e-10, 3.80679265888e-10, 5.21570009404e-10, 3.50487222578e-10, 7.62644170038e-10, 1.79612713591e-09, 1.07446329611e-09, 1.71427927409e-09, 2.91928348162e-09, 1.13381259936e-09, 1.30189836689e-09],
        "dvar2": [5.36406196261e-06, 1.96083074115e-05, 3.09960159939e-05, 2.12615323107e-05, 5.06924266119e-07, 1.75775571876e-08, 5.78366154969e-09, 5.78006975616e-09, 5.18758769275e-09, 1.84086923483e-09, 9.04058217177e-10, 9.74900493667e-10, 1.2826653073e-09, 2.12670991928e-09, 2.19659153089e-08, 4.08553546549e-09, 3.49461237725e-09, 3.21025139804e-09, 8.17735434921e-10, 3.37943062423e-10, 8.51276049652e-10, 1.61630109297e-09, 2.10003903156e-09, 1.51799173231e-09, 8.28236590422e-10, 9.70362901143e-10, 9.01584695789e-10, 8.38698610561e-10, 8.84657958e-10, 7.53206053083e-10, 8.11177069959e-10, 1.07038189423e-09, 7.95416066346e-10, 1.67768599013e-09, 3.92702892427e-09, 2.26184337926e-09, 3.72545683192e-09, 5.93570304019e-09, 2.5504811596e-09, 2.86553469842e-09],
        "max": [0.0161552391946, 0.0241282004863, 0.0293053612113, 0.0212403349578, 0.0193707663566, 0.00361512228847, 0.00183090905193, 0.00111504201777, 0.00162337953225, 0.000725651567336, 0.000497997330967, 0.000788229459431, 0.000831617042422, 0.000838965061121, 0.00321546546184, 0.00135406746995, 0.000916524557397, 0.000363378436305, 0.000214891377254, 0.000340627855621, 0.000464471348096, 0.000553640536964, 0.0010522614466, 0.000553508230951, 0.000149699058966, 0.000588226772379, 0.000307836715365, 0.000325204135152, 0.000257299921941, 0.000225741183385, 0.000382591621019, 0.000464582524728, 0.000229041659622, 0.000734702509362, 0.00155501742847, 0.000584381574299, 0.000833782716654, 0.00203048042022, 0.000948889064603, 0.00146450405009],
        "mean": [0.00122587068472, 0.00181946437806, 0.00119871611241, 0.000516301370226, 0.000246094132308, 4.77753310406e-05, 2.46522740781e-05, 5.18577544426e-05, 3.68039000023e-05, 1.38516188599e-05, 1.09406164484e-05, 1.56100595632e-05, 1.71140673046e-05, 2.32821457757e-05, 4.13494854001e-05, 2.96727030218e-05, 1.72780673893e-05, 1.23273230201e-05, 1.07585310616e-05, 9.030270121e-06, 1.06054985736e-05, 1.60973195307e-05, 1.78952177521e-05, 1.33441626531e-05, 9.82297751762e-06, 1.33758767333e-05, 9.61623118201e-06, 1.02880239865e-05, 9.77121908363e-06, 9.98620998871e-06, 1.14340919026e-05, 1.50532532643e-05, 1.29796799229e-05, 2.19635312533e-05, 2.13528383028e-05, 2.42929309024e-05, 2.74206249742e-05, 2.40031240537e-05, 1.89408747246e-05, 1.85750996025e-05],
        "median": [0.000241240253672, 0.00046031846432, 0.000332178780809, 8.56460392242e-05, 7.00934615452e-05, 1.12614925456e-05, 6.60234718453e-06, 1.90932805708e-05, 9.63602724369e-06, 2.58264662989e-06, 3.34126275447e-06, 3.17338935929e-06, 3.87288491766e-06, 2.91582568934e-06, 3.16490923069e-06, 2.64998288912e-06, 2.85534611066e-06, 1.82790086001e-06, 1.8234311483e-06, 1.33156947868e-06, 1.46273032442e-06, 3.39103917213e-06, 4.87056286147e-06, 2.90753314403e-06, 1.94159565581e-06, 1.47654043303e-06, 1.19319804526e-06, 1.01816362985e-06, 9.22227798128e-07, 1.11436156658e-06, 1.64854577633e-06, 2.47176967605e-06, 2.77902154266e-06, 5.46187038708e-06, 4.95544190926e-06, 4.84140809931e-06, 4.9690652304e-06, 3.59881505574e-06, 2.96687676382e-06, 4.12930057792e-06],
        "min": [1.07522520382e-24, 2.82303479315e-24, 2.16466489229e-24, 2.93981559219e-24, 2.00870965512e-24, 2.84249993598e-24, 2.93246005589e-24, 1.60347111786e-24, 3.18231163167e-24, 2.64535156564e-24, 2.96609235173e-24, 4.64706757441e-24, 3.73860312861e-24, 2.57914779468e-24, 3.87024823648e-24, 4.01129341089e-24, 2.5574568808e-24, 4.4902258548e-24, 5.38617502234e-24, 5.37503117876e-24, 4.39894320958e-24, 4.86319495206e-24, 6.16871005196e-24, 5.69504956547e-24, 6.33383047234e-24, 6.30114875389e-24, 4.73414637986e-24, 6.13410627392e-24, 4.56910997317e-24, 3.71278016131e-24, 4.15240839949e-24, 7.4451193399e-24, 8.02037170035e-24, 3.97933428903e-24, 7.97707822501e-24, 8.57810188237e-24, 6.35103592311e-24, 6.48839790595e-24, 6.77903674597e-24, 6.85063139515e-24],
        "var": [4.32604292655e-06, 1.09655456981e-05, 1.03038646557e-05, 4.4739972509e-06, 4.1306014964e-07, 1.61328692627e-08, 3.78759157371e-09, 6.55240484093e-09, 7.26897431136e-09, 1.1957583812e-09, 4.22879398165e-10, 9.89591186773e-10, 1.05232655923e-09, 3.64867203118e-09, 2.76868785676e-08, 7.58709006732e-09, 2.07393302532e-09, 1.10336639825e-09, 6.64243493542e-10, 3.86922910378e-10, 5.54173096301e-10, 9.76846714629e-10, 1.54767043625e-09, 9.48634060194e-10, 3.76124964507e-10, 1.42429890104e-09, 4.1681996743e-10, 5.15092357656e-10, 4.40969039062e-10, 4.24253493447e-10, 5.10021969102e-10, 7.71460229032e-10, 5.14485787306e-10, 1.45477174751e-09, 2.94454882699e-09, 2.21595519712e-09, 3.24120530415e-09, 4.9407220537e-09, 1.85773452177e-09, 1.94250593388e-09]
    },
    "mfcc": {
        "mean": [-692.19354248, 46.7285652161, 45.13489151, 20.0115070343, 20.9225101471, 10.0678091049, 3.38667845726, 10.1209688187, -6.67193984985, -3.57313680649, 1.41899979115, 0.9117654562, -5.04541683197],
        "cov": [[13187.0761719, -1611.77307129, -809.294311523, -431.220581055, -209.614395142, 126.428642273, -222.982498169, 46.4363212585, -126.659965515, -170.892288208, -44.6639328003, 22.8792743683, -5.58158111572], [-1611.77307129, 2615.61865234, -33.7678718567, 141.960144043, 213.17350769, 39.3851509094, 54.5653114319, 215.289672852, 18.0744609833, 41.049861908, 160.599212646, 117.847930908, 81.0219116211], [-809.294311523, -33.7678718567, 1872.78039551, 504.114196777, 387.887573242, 282.167144775, 135.254150391, 202.509292603, 110.101356506, 85.7789535522, 109.198303223, 88.5947647095, 109.849487305], [-431.220581055, 141.960144043, 504.114196777, 801.388549805, 178.486755371, 154.264663696, 51.4803657532, 66.7029266357, 124.070632935, 73.9499511719, 11.0380268097, 29.0847969055, 60.5218925476], [-209.614395142, 213.17350769, 387.887573242, 178.486755371, 516.380126953, 180.904647827, 39.5915374756, 130.486083984, 15.1306352615, 18.9428730011, 68.6148605347, 79.3308639526, 41.9747543335], [126.428642273, 39.3851509094, 282.167144775, 154.264663696, 180.904647827, 343.97833252, 120.313575745, 83.9254608154, 37.9142303467, 19.6063976288, 24.3649482727, 57.6545753479, 48.9514465332], [-222.982498169, 54.5653114319, 135.254150391, 51.4803657532, 39.5915374756, 120.313575745, 265.729919434, 27.2570571899, 72.6879959106, 68.6536560059, 23.812040329, 24.5172424316, 40.7490959167], [46.4363212585, 215.289672852, 202.509292603, 66.7029266357, 130.486083984, 83.9254608154, 27.2570571899, 242.912612915, 37.4725990295, 26.3982028961, 72.7874832153, 71.0952911377, 56.1289367676], [-126.659965515, 18.0744609833, 110.101356506, 124.070632935, 15.1306352615, 37.9142303467, 72.6879959106, 37.4725990295, 206.132385254, 86.7032394409, 45.5559272766, 33.8225822449, 66.0691223145], [-170.892288208, 41.049861908, 85.7789535522, 73.9499511719, 18.9428730011, 19.6063976288, 68.6536560059, 26.3982028961, 86.7032394409, 190.968902588, 77.4743423462, 31.0940647125, 37.3059577942], [-44.6639328003, 160.599212646, 109.198303223, 11.0380268097, 68.6148605347, 24.3649482727, 23.812040329, 72.7874832153, 45.5559272766, 77.4743423462, 172.499938965, 62.0826339722, 26.053817749], [22.8792743683, 117.847930908, 88.5947647095, 29.0847969055, 79.3308639526, 57.6545753479, 24.5172424316, 71.0952911377, 33.8225822449, 31.0940647125, 62.0826339722, 133.417541504, 56.2425804138], [-5.58158111572, 81.0219116211, 109.849487305, 60.5218925476, 41.9747543335, 48.9514465332, 40.7490959167, 56.1289367676, 66.0691223145, 37.3059577942, 26.053817749, 56.2425804138, 175.356842041]],
