{
"lowlevel": {
    "average_loudness": 0.733415663242,
    "barkbands_crest": {
        "dmean": 2.22488355637,
        "dmean2": 3.36040997505,
        "dvar": 5.06132364273,
        "dvar2": 11.3965559006,
        "max": 26.5878009796,
        "mean": 13.5700263977,
        "median": 12.7725629807,
        "min": 2.75977683067,
        "var": 24.5478229523
    },
    "barkbands_flatness_db": {
        "dmean": 0.0234758239239,
        "dmean2": 0.0315662510693,
        "dvar": 0.000637621677015,
        "dvar2": 0.00104653218295,
        "max": 0.491558432579,
        "mean": 0.191880702972,
        "median": 0.190224260092,
        "min": 0.0253275595605,
        "var": 0.00472666556016
    },
    "barkbands_kurtosis": {
        "dmean": 10.2500905991,
        "dmean2": 14.285902977,
        "dvar": 814.604248047,
        "dvar2": 1428.64782715,
        "max": 1151.24499512,
        "mean": 26.7364139557,
        "median": 10.3174352646,
        "min": -1.8370860815,
        "var": 3679.74462891
    },
    "barkbands_skewness": {
        "dmean": 0.792033791542,
        "dmean2": 1.10594522953,
        "dvar": 1.19102621078,
        "dvar2": 2.09407639503,
        "max": 30.5486068726,
        "mean": 3.25288271904,
        "median": 2.62933945656,
        "min": -2.21822166443,
        "var": 8.52046012878
    },
    "barkbands_spread": {
        "dmean": 4.91664457321,
        "dmean2": 6.97922086716,
        "dvar": 79.1110839844,
        "dvar2": 142.500808716,
        "max": 108.471855164,
        "mean": 14.003692627,
        "median": 9.39337348938,
        "min": 0.282317280769,
        "var": 193.834457397
    },
    "dissonance": {
        "dmean": 0.02956113033,
        "dmean2": 0.0483843609691,
        "dvar": 0.000789298210293,
        "dvar2": 0.00206505716778,
        "max": 0.500000119209,
        "mean": 0.424244135618,
        "median": 0.433126300573,
        "min": 0.12927749753,
        "var": 0.00234624720179
    },
    "dynamic_complexity": 4.41784334183,
    "erbbands_crest": {
        "dmean": 2.6489546299,
        "dmean2": 4.01336145401,
        "dvar": 6.7686662674,
        "dvar2": 14.5428390503,
        "max": 32.1506729126,
        "mean": 12.1966362,
        "median": 11.1939725876,
        "min": 2.6694984436,
        "var": 30.8119926453
    },
    "erbbands_flatness_db": {
        "dmean": 0.0187563374639,
        "dmean2": 0.0257521960884,
        "dvar": 0.000407724728575,
        "dvar2": 0.000690333778039,
        "max": 0.410308092833,
        "mean": 0.153782725334,
        "median": 0.142993062735,
        "min": 0.0265955645591,
        "var": 0.0033209619578
    },
    "erbbands_kurtosis": {
        "dmean": 1.71298444271,
        "dmean2": 2.5424220562,
        "dvar": 5.68397951126,
        "dvar2": 11.659280777,
        "max": 53.1934623718,
        "mean": 2.8489587307,
        "median": 1.73980522156,
        "min": -1.83820021152,
        "var": 17.7816085815
    },
    "erbbands_skewness": {
        "dmean": 0.433673352003,
        "dmean2": 0.622865974903,
        "dvar": 0.228164449334,
        "dvar2": 0.434771388769,
        "max": 6.46106719971,
        "mean": 1.19191324711,
        "median": 1.22008085251,
        "min": -2.80615067482,
        "var": 0.973402738571
    },
    "erbbands_spread": {
        "dmean": 10.3671007156,
        "dmean2": 15.1678390503,
        "dvar": 205.041381836,
        "dvar2": 387.521331787,
        "max": 175.319641113,
        "mean": 40.2237358093,
        "median": 31.953742981,
        "min": 2.690710783,
        "var": 802.603942871
    },
    "hfc": {
        "dmean": 5.70922040939,
        "dmean2": 7.81552505493,
        "dvar": 161.669342041,
        "dvar2": 320.422790527,
        "max": 182.121536255,
        "mean": 13.7232179642,
        "median": 6.11824035645,
        "min": 1.1657901065e-16,
        "var": 389.678253174
    },
    "melbands_crest": {
        "dmean": 2.55639243126,
        "dmean2": 3.91349887848,
        "dvar": 7.09910726547,
        "dvar2": 16.7372131348,
        "max": 38.05701828,
        "mean": 17.0244998932,
        "median": 16.2109909058,
        "min": 1.53607237339,
        "var": 37.9011306763
    },
    "melbands_flatness_db": {
        "dmean": 0.0271265730262,
        "dmean2": 0.0360178723931,
        "dvar": 0.000983113772236,
        "dvar2": 0.00154861458577,
        "max": 0.614813268185,
        "mean": 0.279570132494,
        "median": 0.280770868063,
        "min": 0.00272552040406,
        "var": 0.00836157239974
    },
    "melbands_kurtosis": {
        "dmean": 18.0117340088,
        "dmean2": 26.1740245819,
        "dvar": 1541.79785156,
        "dvar2": 3124.88647461,
        "max": 1499.77355957,
        "mean": 45.5406417847,
        "median": 17.8436374664,
        "min": -1.68902003765,
        "var": 6814.57910156
    },
    "melbands_skewness": {
        "dmean": 0.946526527405,
        "dmean2": 1.37490284443,
        "dvar": 1.45540642738,
        "dvar2": 2.93219614029,
        "max": 29.7587814331,
        "mean": 3.79573655128,
        "median": 3.16218304634,
        "min": -0.938354969025,
        "var": 9.35429954529
    },
    "melbands_spread": {
        "dmean": 3.9837038517,
        "dmean2": 5.85334300995,
        "dvar": 55.8116836548,
        "dvar2": 118.484977722,
        "max": 147.154006958,
        "mean": 12.8938398361,
        "median": 8.31014823914,
        "min": 0.243638023734,
        "var": 325.540924072
    },
    "pitch_salience": {
        "dmean": 0.0594545528293,
        "dmean2": 0.0904269218445,
        "dvar": 0.00372956157662,
        "dvar2": 0.00823701452464,
        "max": 0.924021422863,
        "mean": 0.475712716579,
        "median": 0.484076291323,
        "min": 0.0602969005704,
        "var": 0.0203453209251
    },
    "silence_rate_20dB": {
        "dmean": 0,
        "dmean2": 0,
        "dvar": 0,
        "dvar2": 0,
        "max": 1,
        "mean": 1,
        "median": 1,
        "min": 1,
        "var": 0
    },
    "silence_rate_30dB": {
        "dmean": 0.0175126157701,
        "dmean2": 0.0350278280675,
        "dvar": 0.0172047093511,
        "dvar2": 0.0394367724657,
        "max": 1,
        "mean": 0.970097184181,
        "median": 1,
        "min": 0,
        "var": 0.029006043449
    },
    "silence_rate_60dB": {
        "dmean": 0.0368061736226,
        "dmean2": 0.0736178085208,
        "dvar": 0.0354474075139,
        "dvar2": 0.074736662209,
        "max": 1,
        "mean": 0.124656826258,
        "median": 0,
        "min": 0,
        "var": 0.10911911726
    },
    "spectral_centroid": {
        "dmean": 170.365982056,
        "dmean2": 244.620117188,
        "dvar": 88803.875,
        "dvar2": 162779.625,
        "max": 11069.3105469,
        "mean": 770.379333496,
        "median": 612.758728027,
        "min": 115.362854004,
        "var": 365403.25
    },
    "spectral_complexity": {
        "dmean": 2.0507569313,
        "dmean2": 3.07784795761,
        "dvar": 11.8210754395,
        "dvar2": 23.2796039581,
        "max": 43,
        "mean": 8.52118396759,
        "median": 7,
        "min": 0,
        "var": 30.6658210754
    },
    "spectral_decrease": {
        "dmean": 2.02525352044e-09,
        "dmean2": 2.67420463551e-09,
        "dvar": 1.23461553702e-17,
        "dvar2": 2.37940885481e-17,
        "max": 3.31076124363e-18,
        "mean": -7.10071690335e-09,
        "median": -4.64364191544e-09,
        "min": -6.90514454504e-08,
        "var": 5.9278535405e-17
    },
    "spectral_energy": {
        "dmean": 0.00805564504117,
        "dmean2": 0.0105876047164,
        "dvar": 0.000185878598131,
        "dvar2": 0.000355809403118,
        "max": 0.263425916433,
        "mean": 0.0280445870012,
        "median": 0.0182640273124,
        "min": 1.0613310486e-20,
        "var": 0.000902938423678
    },
    "spectral_energyband_high": {
        "dmean": 0.000446526799351,
        "dmean2": 0.000638645957224,
        "dvar": 2.287178404e-06,
        "dvar2": 4.75370188724e-06,
        "max": 0.01899853535,
        "mean": 0.000524875707924,
        "median": 9.13228650461e-05,
        "min": 8.067520787e-21,
        "var": 2.67842392532e-06
    },
    "spectral_energyband_low": {
        "dmean": 0.00453107245266,
        "dmean2": 0.00610033003613,
        "dvar": 0.000141861251905,
        "dvar2": 0.00029049924342,
        "max": 0.258218705654,
        "mean": 0.0138708958402,
        "median": 0.00514019373804,
        "min": 2.1270320067e-23,
        "var": 0.000555954640731
    },
    "spectral_energyband_middle_high": {
        "dmean": 0.00113355903886,
        "dmean2": 0.00156249967404,
        "dvar": 1.22569617815e-05,
        "dvar2": 2.09911704587e-05,
        "max": 0.0952985584736,
        "mean": 0.00334209296852,
        "median": 0.000434165936895,
        "min": 1.35203468818e-21,
        "var": 7.22846016288e-05
    },
    "spectral_energyband_middle_low": {
        "dmean": 0.00384069583379,
        "dmean2": 0.00544833950698,
        "dvar": 3.30875118379e-05,
        "dvar2": 6.50082874927e-05,
        "max": 0.142917200923,
        "mean": 0.0110745197162,
        "median": 0.00671178661287,
        "min": 2.41880455028e-22,
        "var": 0.000163198928931
    },
    "spectral_entropy": {
        "dmean": 0.233134672046,
        "dmean2": 0.318982571363,
        "dvar": 0.0705690458417,
        "dvar2": 0.114956274629,
        "max": 9.78999042511,
        "mean": 7.10321807861,
        "median": 7.04857587814,
        "min": 5.13294315338,
        "var": 0.414051622152
    },
    "spectral_flux": {
        "dmean": 0.0224154889584,
        "dmean2": 0.0349571593106,
        "dvar": 0.000802692491561,
        "dvar2": 0.00180857162923,
        "max": 0.396089524031,
        "mean": 0.0525972731411,
        "median": 0.0398033522069,
        "min": 1.03020925124e-10,
        "var": 0.00180098577403
    },
    "spectral_kurtosis": {
        "dmean": 1.72253382206,
        "dmean2": 2.6597840786,
        "dvar": 5.03493690491,
        "dvar2": 10.8139781952,
        "max": 35.2025413513,
        "mean": 6.02403879166,
        "median": 5.13122367859,
        "min": -1.1546446085,
        "var": 20.7633686066
    },
    "spectral_rms": {
        "dmean": 0.000712141103577,
        "dmean2": 0.000900056154933,
        "dvar": 8.39413928588e-07,
        "dvar2": 1.38660323046e-06,
        "max": 0.0160312466323,
        "mean": 0.00455250032246,
        "median": 0.00422120420262,
        "min": 3.21783311802e-12,
        "var": 6.63519995214e-06
    },
    "spectral_rolloff": {
        "dmean": 391.32913208,
        "dmean2": 664.748840332,
        "dvar": 1347257.25,
        "dvar2": 2953227,
        "max": 20068.9453125,
        "mean": 1118.08569336,
        "median": 516.796875,
        "min": 21.533203125,
        "var": 6629313
    },
    "spectral_skewness": {
        "dmean": 0.249190926552,
        "dmean2": 0.369741767645,
        "dvar": 0.0873677581549,
        "dvar2": 0.157304421067,
        "max": 4.70366191864,
        "mean": 1.89804637432,
        "median": 1.89231300354,
        "min": 0.00369071215391,
        "var": 0.420414686203
    },
    "spectral_spread": {
        "dmean": 597541.1875,
        "dmean2": 853331.0625,
        "dvar": 634442153984,
        "dvar2": 1.08916486963e+12,
        "max": 39190744,
        "mean": 5581995.5,
        "median": 5490670,
        "min": 1524320.125,
        "var": 3.26818358886e+12
    },
    "spectral_strongpeak": {
        "dmean": 0.359878629446,
        "dmean2": 0.567794859409,
        "dvar": 0.557118237019,
        "dvar2": 1.19128060341,
        "max": 16.5830612183,
        "mean": 1.02357435226,
        "median": 0.490427285433,
        "min": 0,
        "var": 2.10645079613
    },
    "zerocrossingrate": {
        "dmean": 0.0116988578811,
        "dmean2": 0.0136982910335,
        "dvar": 0.000234660459682,
        "dvar2": 0.000285743182758,
        "max": 0.529296875,
        "mean": 0.0565090365708,
        "median": 0.0400390625,
        "min": 0.001953125,
        "var": 0.00447663944215
    },
    "barkbands": {
        "dmean": [9.23686457099e-05, 0.00286962673999, 0.00173425429966, 0.000850475160405, 0.00133891229052, 0.000834015314467, 0.000894343829714, 0.000629662768915, 0.000487316865474, 0.000638222554699, 8.30897770356e-05, 0.00013440263865, 0.000195880595129, 8.23599984869e-05, 0.000103852580651, 0.000102431360574, 6.25732063781e-05, 5.25047398696e-05, 2.9666491173e-05, 4.11270266341e-05, 6.36682234472e-05, 0.00012632815924, 8.62352680997e-05, 9.91911438177e-05, 3.50964619429e-05, 2.13248658838e-05, 3.77320247935e-06],
        "dmean2": [0.000135707639856, 0.0039922692813, 0.00244946684688, 0.00137564761098, 0.0020420239307, 0.00120523909573, 0.00131252920255, 0.000802539172582, 0.000628527486697, 0.000913939380553, 0.000116290764709, 0.000194638472749, 0.000281898013782, 0.000116736453492, 0.000149207087816, 0.000141212323797, 8.98657744983e-05, 7.56491863285e-05, 4.45587211289e-05, 5.97084945184e-05, 9.56456715357e-05, 0.000181919982424, 0.000123154983157, 0.000144740290125, 5.29628123331e-05, 3.29495269398e-05, 6.12072699369e-06],
        "dvar": [8.67257767823e-08, 6.34507086943e-05, 3.92525471398e-05, 6.22755214863e-06, 7.48989941712e-06, 3.7743568555e-06, 5.1486817938e-06, 3.64670086128e-06, 6.56361908113e-06, 6.75029605191e-06, 8.08234190686e-08, 2.36404829934e-07, 4.99722773384e-07, 1.70772409547e-07, 1.92457662251e-07, 5.58886029012e-07, 4.67828797923e-08, 5.24692396198e-08, 7.3521548849e-09, 1.55017048087e-08, 4.56906583679e-08, 2.09176931776e-07, 8.29206570074e-08, 1.19180754155e-07, 1.48103982411e-08, 5.95540150528e-09, 1.41209918758e-10],
        "dvar2": [1.64453126672e-07, 0.000139285082696, 7.88491670392e-05, 1.59185801749e-05, 1.69225550053e-05, 7.36236142984e-06, 1.04687105704e-05, 5.25981204191e-06, 9.24355208554e-06, 1.18624975585e-05, 1.36606303158e-07, 4.75373781228e-07, 1.03902016235e-06, 3.04711846866e-07, 3.88931653106e-07, 1.05335220724e-06, 8.58473043763e-08, 9.02166590322e-08, 1.72085972139e-08, 3.19531174853e-08, 9.96408218157e-08, 4.23401502303e-07, 1.75170512762e-07, 2.60504066318e-07, 3.43726682672e-08, 1.37330564698e-08, 3.40394767928e-10],
        "max": [0.0156325381249, 0.21990300715, 0.18752104044, 0.0613008625805, 0.0650626569986, 0.0506442822516, 0.0668879598379, 0.0875314027071, 0.114895239472, 0.0656614527106, 0.00836060754955, 0.0140264844522, 0.0233478005975, 0.0192900579423, 0.0209814701229, 0.0410634502769, 0.00753604387864, 0.0169422179461, 0.00237879832275, 0.00341574847698, 0.00290888780728, 0.00602953741327, 0.0036183882039, 0.00438773399219, 0.00162272132002, 0.00119120802265, 0.000209829522646],
        "mean": [0.000250692508416, 0.0096102328971, 0.00332125416026, 0.00120495667215, 0.00244821421802, 0.00192573096137, 0.00239604804665, 0.00180628499947, 0.0011259507155, 0.0016332177911, 0.000173314838321, 0.000259864376858, 0.000448184815468, 0.000187442841707, 0.000206458920729, 0.000219847119297, 0.000125788355945, 0.0001109398072, 4.1839248297e-05, 5.80859850743e-05, 7.17218208592e-05, 0.000135870373924, 9.96259041131e-05, 0.000104987062514, 3.4015662095e-05, 2.08040291909e-05, 2.31762041949e-05],
        "median": [7.19357058188e-06, 0.00269039580598, 0.000723391014617, 0.000228947581491, 0.000981073477305, 0.000470362894703, 0.000322612409946, 0.00019277825777, 5.54906691832e-05, 6.42055747448e-05, 1.73993958015e-05, 2.7055704777e-05, 3.13825294143e-05, 1.31246515593e-05, 2.12547074625e-05, 1.59772207553e-05, 1.51146750795e-05, 1.13996829896e-05, 8.39847871248e-06, 8.43371162773e-06, 1.08939548227e-05, 1.53691962623e-05, 1.46983420564e-05, 8.59281954035e-06, 2.29737838708e-06, 3.65195978702e-06, 2.2891408662e-05],
        "min": [9.63887209756e-24, 5.46007156763e-24, 2.58931877554e-24, 1.07744681362e-23, 2.48392656418e-23, 4.80733287146e-23, 3.77776178952e-23, 6.46786488211e-23, 5.01245248403e-23, 4.71120859243e-23, 8.22991130058e-23, 7.02353408613e-23, 1.28768264671e-22, 1.19653626932e-22, 5.03463146616e-23, 1.5249762984e-22, 8.82944369528e-23, 2.21231711601e-22, 2.87352846229e-22, 3.39263528864e-22, 4.98006400097e-22, 5.5353271625e-22, 8.47557306253e-22, 1.10008508634e-21, 1.17920361946e-21, 1.5853928201e-21, 2.34963237935e-21],
        "var": [6.85808686285e-07, 0.000348569476046, 9.11742390599e-05, 8.37739662529e-06, 1.58840266522e-05, 1.45090116348e-05, 3.05306566588e-05, 3.69504705304e-05, 3.40401311405e-05, 3.68481196347e-05, 3.35128419238e-07, 7.21736455489e-07, 2.30600380746e-06, 1.08363371965e-06, 5.13098711963e-07, 2.10590792449e-06, 2.07242237593e-07, 3.05712518411e-07, 1.12955031994e-08, 2.85368386699e-08, 5.01584231927e-08, 2.45830790391e-07, 9.68309024074e-08, 1.33077719511e-07, 1.46784131516e-08, 5.65142244113e-09, 1.68433031411e-10]
    },
    "erbbands": {
        "dmean": [0.0755280032754, 0.684262633324, 1.87028288841, 2.46029090881, 3.6576590538, 4.57181739807, 5.41895675659, 7.88042163849, 14.0478944778, 8.21891975403, 15.9013557434, 11.9864435196, 9.69990730286, 18.4346866608, 3.96141290665, 6.57590293884, 9.30023860931, 3.7550330162, 5.95848274231, 4.27199840546, 5.60554838181, 2.95357656479, 3.21652913094, 1.46598136425, 1.47740674019, 1.99327421188, 2.38286018372, 2.5441198349, 3.60296320915, 4.9481086731, 2.36297273636, 2.3221309185, 1.33426570892, 0.456822484732, 0.259726017714, 0.120444610715, 0.0292712189257, 0.00781958550215, 0.000607376627158, 3.08990565827e-05],
        "dmean2": [0.111163370311, 0.934017062187, 2.55991101265, 3.73173213005, 5.7828540802, 6.98496103287, 7.99666786194, 11.4492464066, 20.6827735901, 11.2919206619, 20.0794906616, 15.1037225723, 13.8043375015, 26.2153949738, 5.58856153488, 9.45258998871, 13.3252630234, 5.45005512238, 8.35139274597, 5.99201393127, 7.66612815857, 4.20616054535, 4.55673789978, 2.18289422989, 2.16024065018, 2.89263439178, 3.59470844269, 3.68069553375, 5.214407444, 7.14841079712, 3.47129201889, 3.42885041237, 1.97867250443, 0.663637697697, 0.406060695648, 0.187505036592, 0.044628277421, 0.0125119034201, 0.000987493549474, 5.00225833093e-05],
        "dvar": [0.0509668663144, 3.71490192413, 39.3279914856, 68.0200424194, 81.5360565186, 103.854972839, 154.966140747, 390.41607666, 1189.15734863, 369.837280273, 2631.82836914, 3347.59179688, 1215.55969238, 6423.95019531, 133.303619385, 480.90246582, 1184.92663574, 267.861846924, 475.608673096, 655.890625, 1478.703125, 97.711555481, 179.904388428, 18.9268569946, 17.9133682251, 34.9632301331, 58.9869155884, 73.0170440674, 167.398544312, 318.824493408, 66.4335784912, 69.7173233032, 20.9517421722, 2.39555668831, 0.882344961166, 0.185152053833, 0.0111401947215, 0.00100662291516, 2.18281093112e-06, 1.94322025138e-09],
        "dvar2": [0.12471421808, 7.67035388947, 75.3443222046, 158.518936157, 203.296218872, 221.654678345, 308.087615967, 754.28527832, 2499.61401367, 669.304931641, 3617.37817383, 4556.02539062, 2324.35839844, 11153.8261719, 238.656906128, 948.47088623, 2628.77807617, 534.792785645, 882.067810059, 1280.43908691, 2660.00390625, 179.391052246, 290.419250488, 40.6681785583, 39.622253418, 73.0619125366, 129.024871826, 152.081970215, 354.700927734, 634.741821289, 145.428253174, 152.125762939, 48.3526268005, 5.417324543, 2.11663985252, 0.4382417202, 0.0246628336608, 0.0024300199002, 5.19544983035e-06, 4.64808858069e-09],
        "max": [7.99419212341, 52.3013496399, 200.237731934, 310.344848633, 200.875061035, 206.013381958, 301.564147949, 620.778625488, 1034.78588867, 462.313995361, 2398.47387695, 2303.63671875, 1110.15344238, 2114.46533203, 409.337127686, 664.913146973, 1299.22131348, 593.914245605, 810.163757324, 1218.21813965, 2453.75756836, 324.255432129, 1068.28955078, 129.428283691, 78.9435958862, 174.971115112, 120.099456787, 109.202453613, 187.947967529, 233.238983154, 112.254692078, 103.270057678, 62.1583442688, 18.6396064758, 14.6642551422, 7.07786035538, 1.61929893494, 0.511011302471, 0.0255083367229, 0.000950819754507],
        "mean": [0.255632430315, 2.19782161713, 4.15750837326, 4.16240787506, 5.69098615646, 8.3641462326, 11.2384548187, 18.4785900116, 37.7628707886, 21.628276825, 48.1753730774, 30.5173301697, 22.2300243378, 49.8571281433, 8.90439510345, 13.834482193, 21.7119312286, 8.37571811676, 13.8416175842, 8.11965942383, 13.6993093491, 6.41793203354, 6.8262014389, 2.51731562614, 2.12816047668, 2.84835457802, 2.87551856041, 2.91565704346, 3.91761898994, 5.38876819611, 2.64255166054, 2.37513947487, 1.43514692783, 0.492117226124, 0.225899845362, 0.102230533957, 0.0357801541686, 0.00765295652673, 0.00515151768923, 0.000331615709001],
        "median": [0.0538065321743, 0.617154419422, 1.1916564703, 1.12542247772, 1.63098907471, 3.05483484268, 3.60203099251, 4.78309822083, 6.39319419861, 5.93661499023, 4.76311349869, 2.54196453094, 2.45999240875, 2.03078103065, 1.5623884201, 1.90136647224, 1.82420432568, 1.12208771706, 1.22036385536, 1.10467624664, 0.950404703617, 0.794773101807, 0.751459300518, 0.475415855646, 0.400198280811, 0.445582419634, 0.473611295223, 0.409275591373, 0.50521594286, 0.588386833668, 0.37716755271, 0.20330183208, 0.128240913153, 0.0403575748205, 0.0102127604187, 0.00433109281585, 0.0126327294856, 0.00174315192271, 0.00530052091926, 0.000343302730471],
        "min": [3.00388034314e-22, 8.0791579621e-22, 3.29453234452e-21, 2.6437170591e-20, 3.34173826576e-20, 1.23517943638e-19, 3.12110625506e-19, 2.83886214879e-19, 5.07441443095e-19, 6.59995623432e-19, 1.71675214999e-18, 1.0970736198e-18, 1.01814993942e-18, 2.79983762865e-18, 2.49483297574e-18, 2.95904901025e-18, 5.6424942617e-18, 7.28660671902e-18, 3.98642118632e-18, 6.54879428626e-18, 5.0365803271e-18, 5.59599885306e-18, 1.1043985316e-17, 1.13581336234e-17, 1.72172383634e-17, 1.630180916e-17, 2.44895456112e-17, 1.65739548903e-17, 1.74680808842e-17, 2.33073341166e-17, 2.63126632618e-17, 1.82676237381e-17, 2.1787920791e-17, 1.3425701343e-17, 7.6057048752e-18, 5.1546752488e-18, 3.17755000983e-18, 1.4118107764e-18, 2.80517521834e-19, 3.60457458228e-20],
        "var": [0.332861810923, 19.1984653473, 103.091377258, 115.09539032, 117.150611877, 240.335327148, 450.266418457, 1495.84326172, 6780.05615234, 1938.90246582, 28044.8027344, 18398.1523438, 4677.06884766, 38377.5, 506.416412354, 1519.84265137, 5411.46582031, 844.975097656, 2488.63305664, 1144.74914551, 8150.01318359, 418.628417969, 1080.99890137, 50.9935073853, 31.142244339, 63.0208129883, 69.2155227661, 87.2864227295, 190.468505859, 377.075744629, 72.4868774414, 75.2179489136, 22.4409694672, 2.62064218521, 0.798102557659, 0.169763877988, 0.0112218903378, 0.000864320609253, 4.3793183977e-06, 1.1990956672e-08]
    },
    "gfcc": {
        "mean": [-60.8839035034, 82.2860641479, -67.7500839233, 15.5362253189, -52.7432785034, 0.154036775231, -22.775226593, -8.01764202118, -1.87423348427, -3.18789720535, -6.5415558815, 0.289169698954, -10.5527477264],
        "cov": [[18495.96875, 2199.41479492, -1026.16809082, 20.9431743622, -404.566192627, 225.478851318, -424.107116699, -36.7645797729, -99.5595626831, -86.1452560425, -75.8443145752, -81.7415161133, -33.1223869324], [2199.41479492, 1327.13220215, 35.3607063293, -145.122619629, 257.817108154, -25.3187999725, 206.373794556, 1.46395838261, 147.590545654, -50.632270813, 77.7270355225, 5.43176364899, 13.4720726013], [-1026.16809082, 35.3607063293, 1567.89135742, 784.886169434, 89.1038131714, 191.705444336, 140.013549805, 3.91258978844, 61.7356910706, -26.7043685913, -88.1510314941, -71.953994751, -54.2234306335], [20.9431743622, -145.122619629, 784.886169434, 787.348815918, 54.8336830139, 239.288864136, -6.94131851196, 91.6110153198, -9.9630241394, 28.0464324951, -65.010887146, -74.0136642456, -16.9041538239], [-404.566192627, 257.817108154, 89.1038131714, 54.8336830139, 442.724884033, 55.7025489807, 170.526885986, 52.1443939209, 121.773681641, 27.5508537292, 21.1414604187, 28.3288326263, -10.2052135468], [225.478851318, -25.3187999725, 191.705444336, 239.288864136, 55.7025489807, 278.346405029, 50.2135696411, 99.7259292603, -3.45083761215, 47.4616966248, 6.4698638916, -1.614179492, 20.531496048], [-424.107116699, 206.373794556, 140.013549805, -6.94131851196, 170.526885986, 50.2135696411, 219.806594849, 54.6118850708, 96.9886932373, 20.4914474487, 47.1947364807, 31.666513443, 13.5495042801], [-36.7645797729, 1.46395838261, 3.91258978844, 91.6110153198, 52.1443939209, 99.7259292603, 54.6118850708, 156.211303711, 60.3701896667, 44.2729454041, 2.54509878159, 6.55176353455, 18.0672874451], [-99.5595626831, 147.590545654, 61.7356910706, -9.9630241394, 121.773681641, -3.45083761215, 96.9886932373, 60.3701896667, 175.578689575, 41.1832733154, 20.9873733521, -4.18964576721, 3.18118286133], [-86.1452560425, -50.632270813, -26.7043685913, 28.0464324951, 27.5508537292, 47.4616966248, 20.4914474487, 44.2729454041, 41.1832733154, 94.8923950195, 44.9278488159, 24.5770645142, 16.5770378113], [-75.8443145752, 77.7270355225, -88.1510314941, -65.010887146, 21.1414604187, 6.4698638916, 47.1947364807, 2.54509878159, 20.9873733521, 44.9278488159, 105.23223114, 60.3592529297, 34.7416648865], [-81.7415161133, 5.43176364899, -71.953994751, -74.0136642456, 28.3288326263, -1.614179492, 31.666513443, 6.55176353455, -4.18964576721, 24.5770645142, 60.3592529297, 112.158126831, 52.1118545532], [-33.1223869324, 13.4720726013, -54.2234306335, -16.9041538239, -10.2052135468, 20.531496048, 13.5495042801, 18.0672874451, 3.18118286133, 16.5770378113, 34.7416648865, 52.1118545532, 89.9628982544]],
        "icov": [[0.00012507259089, -0.000354398333002, 0.00025603879476, -0.000283909932477, 0.000310478877509, -0.000291698495857, 0.000200908209081, 0.000302123924484, -0.000222165224841, -0.0001286015613, 0.000517470005434, -0.000479156384245, 0.000320226565236], [-0.000354398333002, 0.00212584086694, -0.000824676710181, 0.00106767122634, -0.00135941966437, 0.000719492323697, -0.000830223842058, -0.000879824277945, 5.82725588174e-05, 0.00188598781824, -0.00288639822975, 0.00218177214265, -0.00126067933161], [0.00025603879476, -0.000824676710181, 0.00275198183954, -0.00314245466143, 0.00162545545027, -0.000824626535177, -0.00192346167751, 0.00301739177667, -0.00193378783297, 0.000304731773213, 0.00285257538781, -0.00263931229711, 0.00178177130874], [-0.000283909932477, 0.00106767122634, -0.00314245466143, 0.00557009130716, -0.00217982637696, -0.000654418370686, 0.00250263465568, -0.00358966644853, 0.00228973501362, -0.000575221842155, -0.00255033490248, 0.00405339756981, -0.00220383750275], [0.000310478877509, -0.00135941966437, 0.00162545545027, -0.00217982637696, 0.0050979196094, -0.00124888552818, -0.00258700642735, 0.00236854259856, -0.0027326727286, -0.000727424689103, 0.00363051518798, -0.00402690004557, 0.00282655167393], [-0.000291698495857, 0.000719492323697, -0.000824626535177, -0.000654418370686, -0.00124888552818, 0.00774810323492, -0.00180355727207, -0.00424052262679, 0.00376589945517, -0.002164861653, -0.00170619448181, 0.00250767660327, -0.00214978819713], [0.000200908209081, -0.000830223842058, -0.00192346167751, 0.00250263465568, -0.00258700642735, -0.00180355727207, 0.0118855694309, -0.0031974397134, -0.00203220197, 0.00199053389952, -0.00428521912545, -9.39285309869e-05, -0.000106266124931], [0.000302123924484, -0.000879824277945, 0.00301739177667, -0.00358966644853, 0.00236854259856, -0.00424052262679, -0.0031974397134, 0.0143805444241, -0.00554456561804, -0.00254157208838, 0.00639703171328, -0.00427088327706, 0.000885091081727], [-0.000222165224841, 5.82725588174e-05, -0.00193378783297, 0.00228973501362, -0.0027326727286, 0.00376589945517, -0.00203220197, -0.00554456561804, 0.0129374722019, -0.00524443108588, -0.00167808448896, 0.00549112865701, -0.00259955506772], [-0.0001286015613, 0.00188598781824, 0.000304731773213, -0.000575221842155, -0.000727424689103, -0.002164861653, 0.00199053389952, -0.00254157208838, -0.00524443108588, 0.0206893533468, -0.00998391583562, -0.000361106998753, 0.000805845833384], [0.000517470005434, -0.00288639822975, 0.00285257538781, -0.00255033490248, 0.00363051518798, -0.00170619448181, -0.00428521912545, 0.00639703171328, -0.00167808448896, -0.00998391583562, 0.0245545953512, -0.010874803178, 0.000740727526136], [-0.000479156384245, 0.00218177214265, -0.00263931229711, 0.00405339756981, -0.00402690004557, 0.00250767660327, -9.39285309869e-05, -0.00427088327706, 0.00549112865701, -0.000361106998753, -0.010874803178, 0.0214934945107, -0.00986787024885], [0.000320226565236, -0.00126067933161, 0.00178177130874, -0.00220383750275, 0.00282655167393, -0.00214978819713, -0.000106266124931, 0.000885091081727, -0.00259955506772, 0.000805845833384, 0.000740727526136, -0.00986787024885, 0.0181051641703]]
    },
    "melbands": {
        "dmean": [0.000732955697458, 0.000946479442064, 0.000449997518444, 0.000296687125228, 0.000195693181013, 0.000173505628482, 0.00020589446649, 9.24884370761e-05, 0.000136447270052, 6.44409374218e-05, 5.29239805473e-05, 8.39750427986e-05, 1.10311220851e-05, 1.58591064974e-05, 2.06947479455e-05, 1.59860901476e-05, 6.69112796459e-06, 1.02603880805e-05, 6.36587901681e-06, 7.15338410373e-06, 6.39588279228e-06, 3.02671514874e-06, 3.88430771636e-06, 2.17586193685e-06, 1.12350278414e-06, 1.33515197831e-06, 1.00406475667e-06, 1.42821590998e-06, 1.3936837604e-06, 1.65045480571e-06, 1.51766914769e-06, 1.74046942902e-06, 2.96449888992e-06, 2.5678741622e-06, 1.38832831453e-06, 1.36627977554e-06, 1.28460771975e-06, 1.11091219424e-06, 4.94536891438e-07, 3.50307686858e-07],
        "dmean2": [0.00104586803354, 0.00126760220155, 0.000679387943819, 0.000456556852441, 0.000290211319225, 0.000252043711953, 0.000302056898363, 0.000125422709971, 0.000170961764525, 8.2196573203e-05, 7.55857254262e-05, 0.000119596013974, 1.55386005645e-05, 2.27547225222e-05, 2.96587113553e-05, 2.30182704399e-05, 9.75836883299e-06, 1.43506549648e-05, 9.16596764e-06, 1.00115348687e-05, 8.80174866325e-06, 4.35831043433e-06, 5.63191360925e-06, 3.14136332236e-06, 1.72051250047e-06, 2.02644423553e-06, 1.46306581428e-06, 2.08460846807e-06, 2.07134098673e-06, 2.54743213191e-06, 2.19161620407e-06, 2.53687380791e-06, 4.3741429181e-06, 3.68868359146e-06, 2.08222263609e-06, 2.02051819542e-06, 1.89970148767e-06, 1.67199254975e-06, 7.35043443001e-07, 5.17503735864e-07],
        "dvar": [4.26870110459e-06, 7.90933881945e-06, 1.70930763943e-06, 4.33727763038e-07, 1.79478249152e-07, 1.691301037e-07, 2.58534555542e-07, 4.68039615953e-08, 2.06128191849e-07, 9.83773418284e-08, 3.88927610118e-08, 1.38494044677e-07, 1.24596843953e-09, 3.61979646257e-09, 4.50670922802e-09, 3.47646733623e-09, 1.21415033583e-09, 1.73241465617e-09, 1.33117628032e-09, 3.16187409588e-09, 1.64080427023e-09, 1.00454353169e-10, 2.77701667217e-10, 6.62271279483e-11, 1.19017833783e-11, 1.64195324004e-11, 8.9854790275e-12, 1.87281700564e-11, 1.91225334178e-11, 3.42393891017e-11, 2.62008869462e-11, 3.95034074896e-11, 1.20478696464e-10, 8.17377623918e-11, 2.4375414881e-11, 2.27797988805e-11, 2.14157615253e-11, 1.49100263386e-11, 2.9227874461e-12, 1.44117259359e-12],
        "dvar2": [1.00382903838e-05, 1.50583719005e-05, 3.98564861825e-06, 1.02652359146e-06, 3.57957617325e-07, 3.29715078351e-07, 5.31233922629e-07, 8.45972110142e-08, 2.81276896885e-07, 1.35131088541e-07, 7.29219422624e-08, 2.39486723785e-07, 2.19501994358e-09, 7.43135064596e-09, 8.27984081297e-09, 7.91699505953e-09, 2.40152919773e-09, 3.06392977656e-09, 2.69696953659e-09, 6.19564621829e-09, 2.88224200062e-09, 1.84660883806e-10, 5.10581632529e-10, 1.11837518413e-10, 2.73192614364e-11, 3.86856727208e-11, 1.84955939453e-11, 3.97900601357e-11, 4.16624165722e-11, 7.75467676184e-11, 5.53545438653e-11, 8.48618536553e-11, 2.49789994244e-10, 1.62206401089e-10, 5.54241583184e-11, 4.98913584057e-11, 4.6539654075e-11, 3.47763484676e-11, 6.92967081287e-12, 3.26473245139e-12],
        "max": [0.0625859722495, 0.0769729241729, 0.044535767287, 0.0172854401171, 0.00846320390701, 0.0121077373624, 0.015684293583, 0.00542593002319, 0.0179502498358, 0.0124579621479, 0.0054236324504, 0.00970589648932, 0.00112836901098, 0.00201512593776, 0.00188108312432, 0.00224284012802, 0.00127637397964, 0.00186970236246, 0.0020966946613, 0.00339317927137, 0.00254641193897, 0.000397014169721, 0.00108778197318, 0.000445282872533, 0.000116535775305, 7.71795530454e-05, 0.000123007630464, 0.000154671797645, 9.18630757951e-05, 8.92784591997e-05, 7.13591070962e-05, 9.22517210711e-05, 0.000145119789522, 0.000113203510409, 7.00856544427e-05, 5.98427177465e-05, 5.7206096244e-05, 5.58001192985e-05, 2.78134848486e-05, 1.58855764312e-05],
        "mean": [0.00252185133286, 0.00252415495925, 0.000764180964325, 0.000518693821505, 0.00040169613203, 0.000404604448704, 0.000558523228392, 0.000237348431256, 0.000406685547205, 0.000154200461111, 0.000118947245937, 0.000224828152568, 2.30196965276e-05, 3.06767433358e-05, 4.64118675154e-05, 3.64371444448e-05, 1.36973567351e-05, 2.38258926402e-05, 1.20100057757e-05, 1.293742298e-05, 1.60197796504e-05, 6.16958595856e-06, 7.89106070442e-06, 4.22126186095e-06, 1.71008935013e-06, 1.8033424567e-06, 1.37063125294e-06, 2.02370597435e-06, 1.73421346972e-06, 1.73664636804e-06, 1.74454623902e-06, 1.91947219719e-06, 3.06963784169e-06, 2.85651572085e-06, 1.51985420871e-06, 1.4673454416e-06, 1.29711395402e-06, 1.16025637453e-06, 5.87763508975e-07, 3.53737277692e-07],
        "median": [0.000665552332066, 0.000864337896928, 0.000236515406868, 0.000177609006641, 0.000141571814311, 0.000104282880784, 8.63769237185e-05, 5.55509104743e-05, 3.09346505674e-05, 9.29123689275e-06, 8.37401603349e-06, 6.86227940605e-06, 3.20839876622e-06, 3.58848615178e-06, 4.22715356763e-06, 2.8762394777e-06, 1.2755087937e-06, 1.77049662398e-06, 1.38839777719e-06, 1.25519022731e-06, 9.87063003777e-07, 7.76814545134e-07, 7.34734328489e-07, 5.3393705457e-07, 3.24996534573e-07, 3.28943514205e-07, 2.16867235281e-07, 2.97745515354e-07, 2.6785778573e-07, 2.45829852474e-07, 2.28571963135e-07, 2.66624454071e-07, 3.16618837815e-07, 3.31068662263e-07, 2.19411674607e-07, 1.66639480881e-07, 9.90530892864e-08, 9.4690193464e-08, 6.33556496155e-08, 2.29780408034e-08],
        "min": [2.5608503632e-24, 1.27430214186e-24, 3.98028447199e-24, 5.55966210147e-24, 9.74914223034e-24, 7.14153568686e-24, 8.08927633384e-24, 8.73373230605e-24, 1.42845323441e-23, 6.10423250587e-24, 5.10728192677e-24, 1.10599568978e-23, 1.03218442035e-23, 5.61382450237e-24, 9.76983010758e-24, 1.48580768207e-23, 1.34107600288e-23, 6.37407421142e-24, 4.95491147077e-24, 1.21073701202e-23, 4.40567140425e-24, 5.58736768533e-24, 7.13223659451e-24, 1.11940806066e-23, 8.74713268625e-24, 1.15812527501e-23, 1.03086173727e-23, 1.14969495517e-23, 1.56039100967e-23, 1.14498537668e-23, 8.99585264106e-24, 1.02284233508e-23, 1.07039605374e-23, 1.34518249721e-23, 1.43234815625e-23, 1.39337748089e-23, 1.00573375642e-23, 1.50418861448e-23, 1.41437427606e-23, 1.08480333599e-23],
        "var": [2.59188545897e-05, 2.44969996857e-05, 2.8487227155e-06, 7.98089388354e-07, 5.17518458309e-07, 6.54144628243e-07, 1.53578446316e-06, 2.3456371423e-07, 1.91246567738e-06, 5.31634839263e-07, 1.55204716634e-07, 8.11495510789e-07, 4.74486538948e-09, 1.06864010974e-08, 1.9427425002e-08, 1.61263855603e-08, 4.12645073666e-09, 1.02784820655e-08, 2.62473176527e-09, 5.775882439e-09, 1.08295088452e-08, 4.69149108451e-10, 1.44862122298e-09, 3.13018250209e-10, 2.4649759664e-11, 2.67215988919e-11, 1.57129101397e-11, 3.48896710134e-11, 2.50765259252e-11, 3.44852167655e-11, 3.15089516978e-11, 4.46537806731e-11, 1.35178326865e-10, 9.82536899063e-11, 2.49724182305e-11, 2.49431898747e-11, 2.31468507556e-11, 1.55309428512e-11, 3.24442404366e-12, 1.50466553279e-12]
    },
    "mfcc": {
        "mean": [-718.850280762, 126.538597107, 35.3269081116, 23.2434062958, 0.956072807312, 10.4276151657, -11.9032773972, 3.98667573929, -3.08838701248, 2.1773223877, 1.73514771461, 4.95843172073, 2.14926695824],
        "cov": [[8855.52539062, 569.651306152, -673.324707031, -278.951904297, 94.1985168457, -18.3502807617, -25.9701271057, -32.3991622925, -2.05688333511, -23.4837760925, -102.280479431, 137.440704346, 61.8700218201], [569.651306152, 1349.91381836, -215.403747559, 13.4376754761, 52.7718772888, 40.8868141174, 21.0438518524, 119.686988831, 59.5612754822, 35.6308860779, 55.8889770508, 55.4256019592, 62.6626586914], [-673.324707031, -215.403747559, 1413.40161133, 475.563049316, 174.710830688, 247.831359863, 123.21938324, 96.9239425659, 92.4842300415, 86.7593002319, 63.5940666199, -51.5622215271, -66.4412231445], [-278.951904297, 13.4376754761, 475.563049316, 404.712310791, 183.863235474, 139.455322266, 87.2752304077, 83.3189086914, 76.89453125, 68.1834716797, 51.0878562927, -6.37168312073, -2.27734255791], [94.1985168457, 52.7718772888, 174.710830688, 183.863235474, 224.215805054, 129.159622192, 80.0291976929, 74.9502334595, 79.1658630371, 55.3261909485, 41.6803779602, 17.6483745575, 12.5796880722], [-18.3502807617, 40.8868141174, 247.831359863, 139.455322266, 129.159622192, 187.142288208, 105.425117493, 62.9096374512, 54.6840629578, 46.5248298645, 34.3504333496, 9.65921211243, 17.4440155029], [-25.9701271057, 21.0438518524, 123.21938324, 87.2752304077, 80.0291976929, 105.425117493, 150.928421021, 74.0270233154, 38.1285247803, 29.3890342712, 17.391866684, 16.8663196564, 24.4145679474], [-32.3991622925, 119.686988831, 96.9239425659, 83.3189086914, 74.9502334595, 62.9096374512, 74.0270233154, 123.795318604, 80.0749282837, 34.3969650269, 39.6257362366, 21.7885322571, 20.3615341187], [-2.05688333511, 59.5612754822, 92.4842300415, 76.89453125, 79.1658630371, 54.6840629578, 38.1285247803, 80.0749282837, 129.902374268, 82.2419204712, 47.4383888245, 21.9558410645, 12.71571064], [-23.4837760925, 35.6308860779, 86.7593002319, 68.1834716797, 55.3261909485, 46.5248298645, 29.3890342712, 34.3969650269, 82.2419204712, 115.934783936, 66.784576416, 19.2134132385, 4.01554393768], [-102.280479431, 55.8889770508, 63.5940666199, 51.0878562927, 41.6803779602, 34.3504333496, 17.391866684, 39.6257362366, 47.4383888245, 66.784576416, 100.536048889, 46.056186676, 4.85621404648], [137.440704346, 55.4256019592, -51.5622215271, -6.37168312073, 17.6483745575, 9.65921211243, 16.8663196564, 21.7885322571, 21.9558410645, 19.2134132385, 46.056186676, 85.2043228149, 41.7427787781], [61.8700218201, 62.6626586914, -66.4412231445, -2.27734255791, 12.5796880722, 17.4440155029, 24.4145679474, 20.3615341187, 12.71571064, 4.01554393768, 4.85621404648, 41.7427787781, 84.0386505127]],
