{
"lowlevel": {
    "average_loudness": 0.759845852852,
    "barkbands_crest": {
        "dmean": 2.59593296051,
        "dmean2": 4.17325878143,
        "dvar": 6.31999063492,
        "dvar2": 15.8661050797,
        "max": 26.7420806885,
        "mean": 11.7931289673,
        "median": 10.6489009857,
        "min": 2.60898685455,
        "var": 24.6762256622
    },
    "barkbands_flatness_db": {
        "dmean": 0.0255167111754,
        "dmean2": 0.0415752604604,
        "dvar": 0.000981095945463,
        "dvar2": 0.00274554197676,
        "max": 0.542042732239,
        "mean": 0.202804267406,
        "median": 0.182130351663,
        "min": 0.0276847817004,
        "var": 0.00651857629418
    },
    "barkbands_kurtosis": {
        "dmean": 15.8384561539,
        "dmean2": 28.2812347412,
        "dvar": 13773.6181641,
        "dvar2": 41254.6445312,
        "max": 2621.328125,
        "mean": 15.1890001297,
        "median": 4.30139827728,
        "min": -1.79644799232,
        "var": 9487.95605469
    },
    "barkbands_skewness": {
        "dmean": 0.851174294949,
        "dmean2": 1.40672540665,
        "dvar": 6.2998380661,
        "dvar2": 18.4090805054,
        "max": 46.5883674622,
        "mean": 2.2822728157,
        "median": 1.8945735693,
        "min": -2.39481687546,
        "var": 7.53926420212
    },
    "barkbands_spread": {
        "dmean": 3.53398513794,
        "dmean2": 5.81293344498,
        "dvar": 38.2466888428,
        "dvar2": 108.197128296,
        "max": 83.2577209473,
        "mean": 12.9610919952,
        "median": 12.0029878616,
        "min": 0.139087185264,
        "var": 71.0346679688
    },
    "dissonance": {
        "dmean": 0.0199328586459,
        "dmean2": 0.0331211574376,
        "dvar": 0.00042271395796,
        "dvar2": 0.00107928330544,
        "max": 0.500000178814,
        "mean": 0.457185477018,
        "median": 0.463356077671,
        "min": 0.121235340834,
        "var": 0.000929331115913
    },
    "dynamic_complexity": 4.61825084686,
    "erbbands_crest": {
        "dmean": 1.93390488625,
        "dmean2": 3.10167574883,
        "dvar": 3.78614044189,
        "dvar2": 9.33147525787,
        "max": 30.3522815704,
        "mean": 7.82793951035,
        "median": 7.16325330734,
        "min": 1.9358445406,
        "var": 10.9671278
    },
    "erbbands_flatness_db": {
        "dmean": 0.0145589951426,
        "dmean2": 0.0225107185543,
        "dvar": 0.000255005084909,
        "dvar2": 0.000579516927246,
        "max": 0.415975451469,
        "mean": 0.182540610433,
        "median": 0.174555912614,
        "min": 0.0292368400842,
        "var": 0.00331033905968
    },
    "erbbands_kurtosis": {
        "dmean": 0.786691963673,
        "dmean2": 1.25952196121,
        "dvar": 2.05157756805,
        "dvar2": 5.16883468628,
        "max": 35.4413414001,
        "mean": 0.532872676849,
        "median": 0.0998010635376,
        "min": -1.81191182137,
        "var": 3.17935538292
    },
    "erbbands_skewness": {
        "dmean": 0.280454188585,
        "dmean2": 0.442097216845,
        "dvar": 0.084932461381,
        "dvar2": 0.206023365259,
        "max": 4.61510324478,
        "mean": 0.390660911798,
        "median": 0.413236767054,
        "min": -2.72003006935,
        "var": 0.343056350946
    },
    "erbbands_spread": {
        "dmean": 6.33341026306,
        "dmean2": 10.081196785,
        "dvar": 76.5147323608,
        "dvar2": 206.567657471,
        "max": 156.785247803,
        "mean": 33.4237289429,
        "median": 31.7263412476,
        "min": 1.77566516399,
        "var": 224.240097046
    },
    "hfc": {
        "dmean": 3.92894244194,
        "dmean2": 5.93032169342,
        "dvar": 68.1647262573,
        "dvar2": 144.13508606,
        "max": 220.356918335,
        "mean": 15.164855957,
        "median": 11.4387159348,
        "min": 1.21603027758e-16,
        "var": 256.784362793
    },
    "melbands_crest": {
        "dmean": 3.27277827263,
        "dmean2": 5.4590959549,
        "dvar": 9.18555641174,
        "dvar2": 24.8414993286,
        "max": 39.8316764832,
        "mean": 16.1941890717,
        "median": 15.4180669785,
        "min": 2.23575901985,
        "var": 35.8256721497
    },
    "melbands_flatness_db": {
        "dmean": 0.0296278949827,
        "dmean2": 0.0477252304554,
        "dvar": 0.00118496839423,
        "dvar2": 0.00317362137139,
        "max": 0.644724845886,
        "mean": 0.276471734047,
        "median": 0.248246476054,
        "min": 0.00787762738764,
        "var": 0.00942012388259
    },
    "melbands_kurtosis": {
        "dmean": 20.0714550018,
        "dmean2": 34.7660484314,
        "dvar": 13614.7646484,
        "dvar2": 41174.328125,
        "max": 3165.16088867,
        "mean": 25.4538574219,
        "median": 10.9987401962,
        "min": -1.55326461792,
        "var": 10743.0458984
    },
    "melbands_skewness": {
        "dmean": 1.01612699032,
        "dmean2": 1.66589653492,
        "dvar": 5.97045660019,
        "dvar2": 17.4718036652,
        "max": 50.135761261,
        "mean": 3.24146771431,
        "median": 2.80676698685,
        "min": -1.78213536739,
        "var": 8.48647403717
    },
    "melbands_spread": {
        "dmean": 4.2048368454,
        "dmean2": 6.98726558685,
        "dvar": 64.0949249268,
        "dvar2": 183.952194214,
        "max": 136.523025513,
        "mean": 12.8501968384,
        "median": 11.1191034317,
        "min": 0.164743557572,
        "var": 95.6859054565
    },
    "pitch_salience": {
        "dmean": 0.0786530598998,
        "dmean2": 0.129321277142,
        "dvar": 0.00556823285297,
        "dvar2": 0.0149988867342,
        "max": 0.947790920734,
        "mean": 0.485369324684,
        "median": 0.497878134251,
        "min": 0.0154926255345,
        "var": 0.0182324945927
    },
    "silence_rate_20dB": {
        "dmean": 0,
        "dmean2": 0,
        "dvar": 0,
        "dvar2": 0,
        "max": 1,
        "mean": 1,
        "median": 1,
        "min": 1,
        "var": 0
    },
    "silence_rate_30dB": {
        "dmean": 0.0206012520939,
        "dmean2": 0.0412056483328,
        "dvar": 0.0201780367643,
        "dvar2": 0.0476005487144,
        "max": 1,
        "mean": 0.973220407963,
        "median": 1,
        "min": 0,
        "var": 0.0260574519634
    },
    "silence_rate_60dB": {
        "dmean": 0.00457805581391,
        "dmean2": 0.00915681011975,
        "dvar": 0.00455705774948,
        "dvar2": 0.00983594730496,
        "max": 1,
        "mean": 0.0545510016382,
        "median": 0,
        "min": 0,
        "var": 0.0515888594091
    },
    "spectral_centroid": {
        "dmean": 153.819885254,
        "dmean2": 249.442153931,
        "dvar": 63648.8046875,
        "dvar2": 161068.34375,
        "max": 11038.7578125,
        "mean": 866.906616211,
        "median": 741.249755859,
        "min": 168.666809082,
        "var": 297138.0625
    },
    "spectral_complexity": {
        "dmean": 2.33236694336,
        "dmean2": 3.72407484055,
        "dvar": 8.42369747162,
        "dvar2": 18.766160965,
        "max": 64,
        "mean": 15.9700927734,
        "median": 16,
        "min": 0,
        "var": 61.7524375916
    },
    "spectral_decrease": {
        "dmean": 3.40090111628e-09,
        "dmean2": 5.31673949311e-09,
        "dvar": 1.86260609499e-17,
        "dvar2": 4.68554935968e-17,
        "max": 9.00247785778e-29,
        "mean": -9.60834078967e-09,
        "median": -7.92158783014e-09,
        "min": -7.16358385944e-08,
        "var": 5.54900316559e-17
    },
    "spectral_energy": {
        "dmean": 0.0130939483643,
        "dmean2": 0.0204176250845,
        "dvar": 0.000272755976766,
        "dvar2": 0.000682523939759,
        "max": 0.274968892336,
        "mean": 0.0376396179199,
        "median": 0.031015092507,
        "min": 1.06899846358e-20,
        "var": 0.000843571149744
    },
    "spectral_energyband_high": {
        "dmean": 0.000157102927915,
        "dmean2": 0.000235884508584,
        "dvar": 5.42035081708e-07,
        "dvar2": 1.02721639905e-06,
        "max": 0.0226021464914,
        "mean": 0.000389529130189,
        "median": 0.000155136076501,
        "min": 7.90166057287e-21,
        "var": 1.49834079366e-06
    },
    "spectral_energyband_low": {
        "dmean": 0.0104697793722,
        "dmean2": 0.0165923219174,
        "dvar": 0.000228994525969,
        "dvar2": 0.000577607192099,
        "max": 0.244942247868,
        "mean": 0.0185685325414,
        "median": 0.0113083720207,
        "min": 8.84646289599e-23,
        "var": 0.000418397190515
    },
    "spectral_energyband_middle_high": {
        "dmean": 0.00150077033322,
        "dmean2": 0.00230315281078,
        "dvar": 8.50877768244e-06,
        "dvar2": 1.95134580281e-05,
        "max": 0.0947565287352,
        "mean": 0.00449510524049,
        "median": 0.00314006814733,
        "min": 1.44714046573e-21,
        "var": 2.55827071669e-05
    },
    "spectral_energyband_middle_low": {
        "dmean": 0.00467544421554,
        "dmean2": 0.00744832120836,
        "dvar": 5.58750798518e-05,
        "dvar2": 0.000148632476339,
        "max": 0.12450953573,
        "mean": 0.0155207803473,
        "median": 0.0108183017001,
        "min": 1.97726244089e-22,
        "var": 0.000207649864024
    },
    "spectral_entropy": {
        "dmean": 0.141652151942,
        "dmean2": 0.222081229091,
        "dvar": 0.0258086435497,
        "dvar2": 0.0583099275827,
        "max": 9.78997135162,
        "mean": 7.21036863327,
        "median": 7.29983520508,
        "min": 5.33695936203,
        "var": 0.302747070789
    },
    "spectral_flux": {
        "dmean": 0.0276999399066,
        "dmean2": 0.0460672490299,
        "dvar": 0.0009181725909,
        "dvar2": 0.00234829937108,
        "max": 0.373204797506,
        "mean": 0.0801542773843,
        "median": 0.0713234245777,
        "min": 1.03392384931e-10,
        "var": 0.00240209326148
    },
    "spectral_kurtosis": {
        "dmean": 5.04832458496,
        "dmean2": 8.58148097992,
        "dvar": 128.765686035,
        "dvar2": 341.294769287,
        "max": 162.918441772,
        "mean": 10.2245559692,
        "median": 4.56426095963,
        "min": -1.17178153992,
        "var": 307.463439941
    },
    "spectral_rms": {
        "dmean": 0.000982265686616,
        "dmean2": 0.00149968347978,
        "dvar": 1.02080070974e-06,
        "dvar2": 2.34494405049e-06,
        "max": 0.0163787156343,
        "mean": 0.00557100214064,
        "median": 0.00550078414381,
        "min": 3.22943538231e-12,
        "var": 5.68561563341e-06
    },
    "spectral_rolloff": {
        "dmean": 238.271194458,
        "dmean2": 417.365844727,
        "dvar": 269600.71875,
        "dvar2": 652251.5,
        "max": 19164.5507812,
        "mean": 667.825683594,
        "median": 559.86328125,
        "min": 21.533203125,
        "var": 364959.875
    },
    "spectral_skewness": {
        "dmean": 0.395485788584,
        "dmean2": 0.664892613888,
        "dvar": 0.415397912264,
        "dvar2": 1.08927702904,
        "max": 10.0611104965,
        "mean": 2.0240187645,
        "median": 1.67363321781,
        "min": -0.17290943861,
        "var": 1.45325171947
    },
    "spectral_spread": {
        "dmean": 333912.96875,
        "dmean2": 543807.1875,
        "dvar": 320866156544,
        "dvar2": 619162501120,
        "max": 39082112,
        "mean": 3552700.5,
        "median": 3592548.25,
        "min": 503893.625,
        "var": 1.91642887782e+12
    },
    "spectral_strongpeak": {
        "dmean": 0.360553205013,
        "dmean2": 0.608426392078,
        "dvar": 0.443289250135,
        "dvar2": 1.07201492786,
        "max": 7.82059860229,
        "mean": 0.688784182072,
        "median": 0.473441034555,
        "min": 0,
        "var": 0.617833852768
    },
    "zerocrossingrate": {
        "dmean": 0.00486817071214,
        "dmean2": 0.00631076982245,
        "dvar": 5.9915593738e-05,
        "dvar2": 6.95997150615e-05,
        "max": 0.51904296875,
        "mean": 0.0290209390223,
        "median": 0.02783203125,
        "min": 0,
        "var": 0.000339826248819
    },
    "barkbands": {
        "dmean": [0.000110546287033, 0.00818915851414, 0.00298628793098, 0.00138620217331, 0.00264899688773, 0.000843378657009, 0.000797236221842, 0.000914786884096, 0.00079567549983, 0.000711364788003, 0.000360635080142, 0.000548413314391, 0.000274440797511, 0.000236404550378, 0.000108101703518, 8.04097071523e-05, 6.58552453388e-05, 6.18482299615e-05, 8.43716989039e-05, 5.46875889995e-05, 4.79043192172e-05, 3.55561678589e-05, 4.19500574935e-05, 2.64460231847e-05, 1.41362461363e-05, 7.98965174909e-06, 2.88262572212e-06],
        "dmean2": [0.000154712659423, 0.0128149222583, 0.00500458525494, 0.00228032772429, 0.00443949270993, 0.00131387542933, 0.00118577992544, 0.00141421856824, 0.00118556478992, 0.00104346103035, 0.000566161121242, 0.000870939111337, 0.000447389786132, 0.000382583966712, 0.000173581167473, 0.000132009925437, 0.000107880521682, 0.000102931269794, 0.000148416962475, 9.33976916713e-05, 7.83724462963e-05, 5.27450501977e-05, 6.64511171635e-05, 3.72100112145e-05, 2.33021637541e-05, 1.13988789963e-05, 3.92073252442e-06],
        "dvar": [2.15098381773e-07, 0.000175734443474, 2.18498007598e-05, 7.53997937863e-06, 2.06572749448e-05, 2.49991421697e-06, 1.74548654286e-06, 1.34768142743e-05, 6.93600122759e-06, 5.48854904991e-06, 4.33315051396e-07, 1.37976564929e-06, 3.53970762035e-07, 2.9979099736e-07, 3.61256518033e-08, 2.53654341975e-08, 2.99303479778e-08, 2.63675907775e-08, 2.47480897997e-07, 4.00748803031e-08, 2.98820097555e-08, 2.34752874917e-08, 4.27312052409e-08, 2.65903210561e-08, 6.35999963805e-09, 1.64688063187e-09, 2.58053217683e-10],
        "dvar2": [3.40125325238e-07, 0.000441541487817, 5.79138286412e-05, 2.21807513299e-05, 6.1950282543e-05, 5.37967889613e-06, 3.93864002035e-06, 3.07838599838e-05, 1.45751810123e-05, 1.19521591841e-05, 1.01163334421e-06, 3.44027057508e-06, 9.40944175909e-07, 7.69605378537e-07, 8.85847484255e-08, 6.65669475097e-08, 8.03496078561e-08, 7.14664665225e-08, 7.20346804428e-07, 1.1123433552e-07, 7.46137729379e-08, 3.75856039625e-08, 9.69157269992e-08, 4.90805369679e-08, 1.67389728745e-08, 3.31365823669e-09, 4.83588169509e-10],
        "max": [0.0092882104218, 0.218646422029, 0.0765117928386, 0.052133128047, 0.100243911147, 0.0583077482879, 0.0312600359321, 0.0965285301208, 0.0927538052201, 0.092303134501, 0.0136909671128, 0.0197967085987, 0.012063857168, 0.010373968631, 0.00333145121112, 0.00441234465688, 0.00355003750883, 0.00325410952792, 0.0181704498827, 0.00363699882291, 0.00357881584205, 0.00464668869972, 0.00630694115534, 0.00545397168025, 0.00187714514323, 0.000775644963142, 0.000306961184833],
        "mean": [0.000153829110786, 0.0126112159342, 0.00453873351216, 0.0029716049321, 0.00604152213782, 0.0016681185225, 0.00202559586614, 0.00134898384567, 0.00136596895754, 0.00119891564827, 0.000708783802111, 0.000943954160903, 0.000455844448879, 0.00040092782001, 0.000207002769457, 0.000164347307873, 0.000129427950014, 0.000125090315123, 0.000124371683341, 0.00010578698857, 9.06558416318e-05, 7.42984702811e-05, 8.08129261713e-05, 5.778013292e-05, 3.2198640838e-05, 1.05517601696e-05, 3.25840392179e-06],
        "median": [1.91874150914e-05, 0.00583401042968, 0.0027151745744, 0.000923737476114, 0.00290636741556, 0.000850442098454, 0.000919554557186, 0.00049262738321, 0.000659693207126, 0.000358041492291, 0.000273802696029, 0.000351064198185, 0.0001721312874, 0.000150207240949, 0.000108003980131, 9.77484814939e-05, 6.60232035443e-05, 7.04758203938e-05, 5.73781799176e-05, 5.45805123693e-05, 4.63316500827e-05, 3.04803870677e-05, 1.85447443073e-05, 6.23276082479e-06, 1.11928432034e-06, 5.11394553371e-08, 2.51596343759e-09],
        "min": [2.36827797775e-23, 4.28726653782e-23, 3.44473232546e-24, 2.93362224522e-23, 4.08528785382e-23, 4.23365807505e-23, 1.32235231041e-23, 1.71821257341e-23, 4.93705757633e-23, 9.6590161341e-23, 5.72688720275e-23, 1.07616556152e-22, 4.96299500735e-23, 1.04053309308e-22, 1.6198165643e-22, 2.46726585341e-22, 1.41922690659e-22, 1.62194459548e-22, 1.58628442225e-22, 3.78378105066e-22, 4.7663192988e-22, 4.45230116168e-22, 7.40705705366e-22, 8.00044302284e-22, 1.28506678394e-21, 1.67151492345e-21, 2.40974352984e-21],
        "var": [4.25871434118e-07, 0.000292983168038, 3.32831587002e-05, 2.04988118639e-05, 5.91443022131e-05, 6.60133537167e-06, 7.78620687925e-06, 1.62727756106e-05, 9.67879168456e-06, 8.43876023282e-06, 1.28678334477e-06, 2.58979707723e-06, 6.12400640421e-07, 5.62880984489e-07, 8.032814236e-08, 5.00756769384e-08, 4.37960352428e-08, 3.43697266203e-08, 1.57676879553e-07, 4.27749817788e-08, 4.40602825336e-08, 6.45015418854e-08, 9.82635626201e-08, 7.32350073918e-08, 1.59625912488e-08, 2.3930559756e-09, 3.61349117295e-10]
    },
    "erbbands": {
        "dmean": [0.148954823613, 2.13925027847, 4.30607891083, 3.02664470673, 8.66143321991, 8.72841262817, 5.8926320076, 6.65599775314, 11.348690033, 14.0254163742, 20.3243236542, 14.1658229828, 20.9747276306, 15.4809293747, 11.8285932541, 18.6872215271, 14.535867691, 9.8350019455, 7.81226205826, 5.42505407333, 4.49394464493, 4.21697282791, 3.2251996994, 3.94513034821, 3.60314655304, 2.54643416405, 1.99320471287, 1.84580779076, 1.34884440899, 1.33496797085, 0.977604329586, 0.683665931225, 0.374477654696, 0.207958459854, 0.085857398808, 0.033843498677, 0.0145621336997, 0.00459214998409, 0.000488551973831, 2.46510644502e-05],
        "dmean2": [0.225093185902, 3.37217974663, 7.18910598755, 5.04290819168, 14.4859189987, 14.7189674377, 8.78640842438, 10.6944160461, 16.6961517334, 22.3609104156, 30.2428779602, 21.5601768494, 30.8061084747, 23.5646743774, 18.6871395111, 29.7687454224, 23.3392925262, 16.0707740784, 12.6486816406, 8.6893787384, 7.35480737686, 6.89163684845, 5.38905525208, 6.75218009949, 6.24683380127, 4.3924202919, 3.41072010994, 2.90421533585, 2.0702457428, 1.99649834633, 1.55333197117, 1.03420424461, 0.534559369087, 0.339757978916, 0.141347527504, 0.0501216053963, 0.0203455332667, 0.00626834202558, 0.000654189381748, 3.58355937351e-05],
        "dvar": [0.110455319285, 11.6171007156, 41.982460022, 26.8115406036, 265.716278076, 246.019836426, 147.347290039, 133.61340332, 405.969696045, 1473.42529297, 7026.01416016, 2148.54418945, 4959.86767578, 996.113525391, 501.318023682, 1630.13671875, 902.329101562, 503.707641602, 366.384246826, 98.7810745239, 98.6931762695, 134.39604187, 85.5927276611, 427.007476807, 397.373687744, 127.358901978, 70.0339279175, 42.776096344, 35.2499084473, 41.8866462708, 25.8415184021, 16.2150382996, 5.20664310455, 1.67119991779, 0.180233895779, 0.0271569676697, 0.0058557796292, 0.000629463233054, 7.06549690221e-06, 4.4505061858e-09],
        "dvar2": [0.245167806745, 29.667257309, 111.830101013, 75.9502792358, 825.040466309, 707.764831543, 284.21005249, 327.893707275, 859.016662598, 3674.84692383, 15849.1113281, 4913.51367188, 11124.5976562, 2224.19848633, 1232.55871582, 4119.30419922, 2339.76318359, 1301.49243164, 940.504333496, 246.006240845, 261.948822021, 360.072601318, 236.77796936, 1237.75720215, 1150.52404785, 360.277862549, 192.941650391, 93.8675308228, 64.0687408447, 77.5098800659, 53.8304672241, 32.7934417725, 9.98464584351, 4.35026073456, 0.483218103647, 0.0556815899909, 0.0120525835082, 0.0011350964196, 1.30974494823e-05, 8.34707059028e-09],
        "max": [5.52708387375, 57.1409339905, 91.2333145142, 88.9641647339, 344.850158691, 474.09588623, 490.912445068, 489.770721436, 569.921264648, 1074.90942383, 2228.25390625, 1548.08361816, 2437.52954102, 995.000305176, 492.969482422, 709.995422363, 540.363769531, 478.940612793, 415.475524902, 185.600448608, 293.884124756, 246.074111938, 190.790298462, 930.578613281, 433.685211182, 213.963165283, 173.190612793, 191.523574829, 168.097091675, 235.260299683, 152.668899536, 121.468238831, 79.1602325439, 30.3998146057, 11.0317821503, 4.06224441528, 1.484151721, 0.496325880289, 0.0510977171361, 0.00126035348512],
        "mean": [0.224593535066, 3.25241065025, 6.70387554169, 6.98434734344, 20.2205581665, 17.2489280701, 11.8823652267, 13.9557361603, 29.2586650848, 24.7323551178, 33.2779197693, 24.7375278473, 36.4947547913, 32.0251159668, 25.0303153992, 33.2175369263, 25.3462791443, 18.0321712494, 15.0724000931, 11.2986774445, 9.47140693665, 8.65140151978, 6.59805822372, 7.08192205429, 5.83645248413, 4.67487239838, 3.78468036652, 3.40872693062, 2.75784230232, 2.62361097336, 2.09909367561, 1.42780709267, 0.816273868084, 0.439212083817, 0.199160590768, 0.0581368915737, 0.0174335725605, 0.00531238643453, 0.000564325309824, 5.57174862479e-05],
        "median": [0.0812386870384, 1.59172606468, 4.18632984161, 3.58002376556, 9.37491989136, 8.29515361786, 5.29512786865, 7.94587373734, 12.658413887, 12.7395544052, 12.8205108643, 13.047036171, 14.1685113907, 15.0496225357, 12.9368934631, 13.867058754, 10.1055831909, 7.64358997345, 7.73109483719, 6.5950512886, 5.55749368668, 4.53917121887, 3.86243748665, 4.03831100464, 3.18926310539, 2.52939367294, 2.05563855171, 1.63638615608, 1.18586492538, 0.810367286205, 0.47098582983, 0.203818574548, 0.0724095702171, 0.0206551570445, 0.0042789876461, 0.00060217740247, 7.41871117498e-05, 8.44600253913e-06, 1.78946793312e-05, 3.5651584767e-05],
        "min": [2.82513259044e-21, 3.38161976118e-21, 6.13934864276e-21, 6.17552882805e-20, 1.07003418418e-19, 1.2467496252e-19, 1.8130378603e-19, 3.80358919703e-19, 1.89156948292e-19, 2.14276691586e-19, 5.32725304192e-19, 1.50793867616e-18, 8.64225017407e-19, 5.17978927938e-18, 2.01722612788e-18, 4.84265072762e-18, 2.06433551133e-18, 4.52781586032e-18, 9.49510533546e-18, 1.06303189091e-17, 1.10361254459e-17, 7.75273788344e-18, 9.44932833318e-18, 6.86058016582e-18, 1.08778105212e-17, 2.1355265626e-17, 1.98138873464e-17, 1.61242697308e-17, 1.29444931576e-17, 1.69410725354e-17, 2.13942307959e-17, 1.96776457364e-17, 1.31522205432e-17, 1.06900090893e-17, 1.11504773753e-17, 5.11492425728e-18, 3.46741663714e-18, 1.45166433831e-18, 3.35826798396e-19, 3.63241147172e-20],
        "var": [0.196749806404, 17.920715332, 61.2275161743, 75.7441101074, 694.717651367, 571.058654785, 443.685028076, 321.9559021, 1910.1907959, 2082.87866211, 8651.5078125, 2762.06640625, 6855.7265625, 2391.62915039, 1237.41442871, 3105.62670898, 1684.87475586, 936.679382324, 706.350402832, 220.490829468, 186.195449829, 195.616287231, 98.9812698364, 295.3956604, 265.568389893, 112.250343323, 72.4782180786, 79.402015686, 82.9314117432, 102.268218994, 68.9536437988, 42.6588287354, 14.465836525, 3.62910723686, 0.530174255371, 0.0524849630892, 0.00773899350315, 0.000903514039237, 1.00112611108e-05, 8.2559195036e-09]
    },
    "gfcc": {
        "mean": [-52.2855644226, 150.345611572, -119.554573059, 38.7655563354, -51.6592140198, 13.488861084, -20.419675827, -1.54289567471, -12.0653524399, -8.20049667358, -6.27323293686, -8.99079704285, -5.20462656021],
        "cov": [[19979.6992188, -399.72845459, -714.690856934, 10.2104473114, -2065.68969727, 769.014282227, -1134.5168457, -49.7050437927, -671.403015137, -169.907730103, -302.229278564, -174.209350586, -226.634811401], [-399.72845459, 2833.85131836, -152.783538818, -480.349029541, 456.257751465, -726.991394043, 499.554626465, -380.554901123, 348.363677979, -250.069564819, 187.295776367, -175.184494019, 163.082595825], [-714.690856934, -152.783538818, 682.244445801, -263.672454834, 152.246902466, 61.1419563293, -48.3186721802, 131.684860229, -92.7035064697, 125.749954224, -34.5648345947, 107.539970398, -13.5381336212], [10.2104473114, -480.349029541, -263.672454834, 601.037353516, -111.495048523, 122.140457153, -14.1137371063, -19.3089618683, 84.5315246582, -59.0852661133, 52.1184921265, -25.0944576263, 32.7875175476], [-2065.68969727, 456.257751465, 152.246902466, -111.495048523, 475.051055908, -191.414718628, 240.353942871, -21.7420310974, 109.847427368, 25.2380638123, 40.0295600891, 29.390668869, 33.2302970886], [769.014282227, -726.991394043, 61.1419563293, 122.140457153, -191.414718628, 356.299255371, -180.204986572, 123.936058044, -119.29763031, 54.5192642212, -33.6120262146, 27.9990577698, -27.2930927277], [-1134.5168457, 499.554626465, -48.3186721802, -14.1137371063, 240.353942871, -180.204986572, 289.005493164, -45.3296775818, 141.339050293, -39.2483253479, 60.1865653992, -0.150438055396, 48.5951728821], [-49.7050437927, -380.554901123, 131.684860229, -19.3089618683, -21.7420310974, 123.936058044, -45.3296775818, 175.965682983, -49.2390823364, 68.3798294067, -43.9659080505, 40.9420013428, -25.2215442657], [-671.403015137, 348.363677979, -92.7035064697, 84.5315246582, 109.847427368, -119.29763031, 141.339050293, -49.2390823364, 168.673339844, -30.6321582794, 65.564491272, -34.5997123718, 41.5587615967], [-169.907730103, -250.069564819, 125.749954224, -59.0852661133, 25.2380638123, 54.5192642212, -39.2483253479, 68.3798294067, -30.6321582794, 112.341712952, -12.4414949417, 41.0348167419, -30.4365653992], [-302.229278564, 187.295776367, -34.5648345947, 52.1184921265, 40.0295600891, -33.6120262146, 60.1865653992, -43.9659080505, 65.564491272, -12.4414949417, 92.9387817383, 4.97574901581, 35.2233505249], [-174.209350586, -175.184494019, 107.539970398, -25.0944576263, 29.390668869, 27.9990577698, -0.150438055396, 40.9420013428, -34.5997123718, 41.0348167419, 4.97574901581, 91.4190673828, 8.92325782776], [-226.634811401, 163.082595825, -13.5381336212, 32.7875175476, 33.2302970886, -27.2930927277, 48.5951728821, -25.2215442657, 41.5587615967, -30.4365653992, 35.2233505249, 8.92325782776, 68.9418411255]],
        "icov": [[0.000154651832418, -0.000451586558484, 0.000111482120701, -0.000301807100186, 0.000646096188575, -0.000426052341936, 0.000151209416799, 4.84466409034e-06, 0.000324397406075, -0.000400156917749, 0.000643255829345, -0.000649153022096, 0.000540310866199], [-0.000451586558484, 0.003689146135, -0.000619026308414, 0.00317727727816, -0.00209847814403, 0.00303637422621, -0.00116121745668, 0.00098372832872, -0.0021042607259, 0.0038745123893, -0.00451621133834, 0.00519634922966, -0.00383809581399], [0.000111482120701, -0.000619026308414, 0.00295727141201, 0.000443943688879, -0.00082547578495, -0.000804674171377, 0.00144671532325, -0.00124323647469, 0.000566310947761, -0.00136610504705, 0.000597552338149, -0.00245225639082, -0.000127253602841], [-0.000301807100186, 0.00317727727816, 0.000443943688879, 0.00581049639732, -0.00158533791546, 0.0005753528676, -0.000124192520161, 0.00111211009789, -0.00479899719357, 0.00491295196116, -0.00395999010652, 0.00290712062269, -0.00298910797574], [0.000646096188575, -0.00209847814403, -0.00082547578495, -0.00158533791546, 0.00779660232365, -0.000931170827243, -0.0032431348227, 0.00067222956568, 0.00115390354767, -0.00409672781825, 0.00363227375783, -0.00290918839164, 0.00210159621201], [-0.000426052341936, 0.00303637422621, -0.000804674171377, 0.0005753528676, -0.000931170827243, 0.0100334752351, 0.000411060114857, -0.00340271997266, 0.00278261676431, 0.00142596371006, -0.0062654633075, 0.00608107168227, -0.00476226070896], [0.000151209416799, -0.00116121745668, 0.00144671532325, -0.000124192520161, -0.0032431348227, 0.000411060114857, 0.0113549549133, -0.00242648273706, -0.00471700867638, 0.00265860673971, 2.76547198155e-05, -0.00473220879212, 0.00103710335679], [4.84466409034e-06, 0.00098372832872, -0.00124323647469, 0.00111211009789, 0.00067222956568, -0.00340271997266, -0.00242648273706, 0.0123235210776, -0.00299720512703, -0.00252391421236, 0.00470438832417, -0.00128455110826, -8.12579164631e-05], [0.000324397406075, -0.0021042607259, 0.000566310947761, -0.00479899719357, 0.00115390354767, 0.00278261676431, -0.00471700867638, -0.00299720512703, 0.0212109349668, -0.00657753273845, -0.00475091161206, 0.00623139226809, -0.00285785249434], [-0.000400156917749, 0.0038745123893, -0.00136610504705, 0.00491295196116, -0.00409672781825, 0.00142596371006, 0.00265860673971, -0.00252391421236, -0.00657753273845, 0.022752687335, -0.00690696854144, -0.00111721304711, 0.00433978065848], [0.000643255829345, -0.00451621133834, 0.000597552338149, -0.00395999010652, 0.00363227375783, -0.0062654633075, 2.76547198155e-05, 0.00470438832417, -0.00475091161206, -0.00690696854144, 0.0256315730512, -0.0107033969834, 0.000373171438696], [-0.000649153022096, 0.00519634922966, -0.00245225639082, 0.00290712062269, -0.00290918839164, 0.00608107168227, -0.00473220879212, -0.00128455110826, 0.00623139226809, -0.00111721304711, -0.0107033969834, 0.0275928396732, -0.011967247352], [0.000540310866199, -0.00383809581399, -0.000127253602841, -0.00298910797574, 0.00210159621201, -0.00476226070896, 0.00103710335679, -8.12579164631e-05, -0.00285785249434, 0.00433978065848, 0.000373171438696, -0.011967247352, 0.0280947051942]]
    },
    "melbands": {
        "dmean": [0.00182199955452, 0.00249821227044, 0.000640289974399, 0.000688809202984, 0.000209751058719, 0.000159211442224, 0.000160227835295, 0.000167529608007, 0.000175875291461, 9.16269127629e-05, 0.000113925423648, 7.21292890375e-05, 4.4963642722e-05, 3.68479195458e-05, 6.8305133027e-05, 2.8507614843e-05, 1.73807238752e-05, 1.61164116435e-05, 9.51694983087e-06, 5.959484497e-06, 5.37690948477e-06, 5.02615603182e-06, 3.14821772918e-06, 3.20347248817e-06, 3.44309751199e-06, 3.0328885714e-06, 2.59735315922e-06, 1.65135179486e-06, 1.46979198234e-06, 1.07661935544e-06, 1.04268508494e-06, 8.4681903445e-07, 7.53622316552e-07, 8.92709351774e-07, 5.88624459397e-07, 5.93385550474e-07, 3.60081486406e-07, 2.94662783062e-07, 1.96531985353e-07, 1.76041936584e-07],
        "dmean2": [0.00280206068419, 0.00408192770556, 0.00105497566983, 0.00115997751709, 0.000323001266224, 0.000252041936619, 0.000236893058172, 0.000262873218162, 0.000259214371908, 0.000140092670335, 0.000166871817783, 0.000108921449282, 7.07793878973e-05, 5.80222767894e-05, 0.000109245542262, 4.69696824439e-05, 2.83462977677e-05, 2.61584682448e-05, 1.5213736333e-05, 9.73889655143e-06, 8.81083087734e-06, 8.16052306618e-06, 5.4214415286e-06, 5.28561258761e-06, 5.91091747992e-06, 5.31731075171e-06, 4.38691358795e-06, 2.88126148007e-06, 2.52413883572e-06, 1.82034693808e-06, 1.62430740147e-06, 1.39241433317e-06, 1.05651349713e-06, 1.38141638217e-06, 9.31329566356e-07, 9.8454881936e-07, 5.31648822744e-07, 4.21469650291e-07, 3.05224034491e-07, 2.95988456855e-07],
        "dvar": [1.05767730929e-05, 1.34173014885e-05, 1.27340842937e-06, 1.41001771681e-06, 1.54524911977e-07, 7.1545301239e-08, 7.37733074629e-08, 2.9701604376e-07, 5.53713675799e-07, 1.09373608836e-07, 1.43086268167e-07, 2.58759449423e-08, 6.63742882878e-09, 7.21831172612e-09, 2.99957285677e-08, 5.9438396427e-09, 1.57040924709e-09, 1.94703342338e-09, 3.12482761888e-10, 1.06885084117e-10, 1.3816414679e-10, 1.47493600666e-10, 1.52744816795e-10, 5.72564946844e-11, 3.56443513594e-10, 2.60609450686e-10, 1.1440044051e-10, 5.17045711801e-11, 3.15433443254e-11, 1.55011264241e-11, 1.43560146409e-11, 1.31127660813e-11, 1.24042104713e-11, 1.69154794338e-11, 8.46363430729e-12, 9.80114947535e-12, 4.8530463502e-12, 2.9979454249e-12, 1.54768602448e-12, 1.1814156424e-12],
        "dvar2": [2.58165255218e-05, 3.51057606167e-05, 3.78296681447e-06, 4.2712827053e-06, 3.24545027297e-07, 1.685142621e-07, 1.59259940347e-07, 6.96074664575e-07, 1.23554491438e-06, 2.51129421258e-07, 3.18257406207e-07, 5.56024879472e-08, 1.55941553004e-08, 1.7149613285e-08, 7.61393437188e-08, 1.57001700529e-08, 4.03548217065e-09, 5.0061781387e-09, 7.55324969237e-10, 2.72617040054e-10, 3.70108305114e-10, 3.76226938492e-10, 4.41766317971e-10, 1.46240880516e-10, 1.03574271382e-09, 7.56202545027e-10, 3.23090831866e-10, 1.47060766342e-10, 8.81108103146e-11, 3.94055309216e-11, 3.00289064448e-11, 2.91213546333e-11, 2.04057066383e-11, 3.63108119961e-11, 1.78992654032e-11, 2.25263904752e-11, 9.17918865917e-12, 5.48368295217e-12, 3.61413004558e-12, 3.20756745817e-12],
        "max": [0.0507908761501, 0.0569612681866, 0.0194609947503, 0.0260623637587, 0.012670581229, 0.0103215780109, 0.00726705836132, 0.0167151354253, 0.0212240312248, 0.0130299646407, 0.0133050456643, 0.00573887955397, 0.00166682363488, 0.00234449934214, 0.00279930001125, 0.00163810967933, 0.000820157292765, 0.000968293810729, 0.000349528854713, 0.00017087982269, 0.000342909130268, 0.000247496791417, 0.000275461701676, 0.000147899292642, 0.000872160599101, 0.000493907427881, 0.00020210792718, 0.000134411282488, 0.000129428997752, 6.83024627506e-05, 0.000122081197333, 8.21227295091e-05, 0.000122155266581, 0.000133217079565, 9.18311852729e-05, 8.02908180049e-05, 6.80196972098e-05, 6.4568099333e-05, 3.33681236953e-05, 2.65337803285e-05],
        "mean": [0.00285077979788, 0.0039656185545, 0.00160468777176, 0.00153894943651, 0.000429905339843, 0.00034679719829, 0.000415016664192, 0.000272443750873, 0.000284559762804, 0.00015361692931, 0.000193696076167, 0.000143749144627, 9.14817501325e-05, 7.04313351889e-05, 0.000105178434751, 4.58643335151e-05, 3.10856521537e-05, 2.75693237199e-05, 1.76899538928e-05, 1.17038398457e-05, 1.01374080259e-05, 9.5952209449e-06, 5.51795119463e-06, 6.10280585533e-06, 5.73207216803e-06, 4.60800993096e-06, 4.18522495238e-06, 2.72771740129e-06, 2.59847547568e-06, 1.9360436454e-06, 1.86491126897e-06, 1.5889088445e-06, 1.38351276746e-06, 1.55052237005e-06, 1.20038805562e-06, 1.13239650545e-06, 7.5270185107e-07, 6.20804883056e-07, 4.07727611673e-07, 3.4875048982e-07],
        "median": [0.00120822712779, 0.00240958249196, 0.000869672279805, 0.000771242543124, 0.00019929507107, 0.000197960747755, 0.000190569364349, 0.000122694938909, 0.000106915496872, 7.8009259596e-05, 6.94836780895e-05, 6.32865921943e-05, 4.10973225371e-05, 3.0462138966e-05, 2.66207407549e-05, 1.31443512146e-05, 1.33504145197e-05, 1.0311629012e-05, 8.57067880133e-06, 6.66470668875e-06, 5.13156874149e-06, 4.32928618466e-06, 3.25144878843e-06, 3.1263314213e-06, 3.05508615384e-06, 2.26979022955e-06, 1.86362956356e-06, 1.30765317863e-06, 1.29577892949e-06, 9.32157888656e-07, 8.54536267525e-07, 6.47222861971e-07, 5.00266537529e-07, 3.94377025259e-07, 2.84198705458e-07, 1.72693859213e-07, 9.10686708266e-08, 5.50121690424e-08, 2.62590109656e-08, 1.26462138539e-08],
        "min": [1.89173704455e-23, 3.03727206007e-24, 1.03291198676e-23, 1.07384984455e-23, 5.7800323675e-24, 8.28039997623e-24, 3.23221674747e-24, 2.32135179794e-24, 4.7125347465e-24, 9.10270779497e-24, 3.52634945244e-24, 2.10582852997e-23, 6.06518704651e-24, 1.18864504125e-23, 7.57141597083e-24, 5.85289944932e-24, 7.60321100961e-24, 1.60340443939e-23, 1.19693368167e-23, 1.3169112212e-23, 1.43314506353e-23, 6.51125948942e-24, 9.8890948324e-24, 8.41669620799e-24, 5.01741134257e-24, 6.29938722749e-24, 1.04338316864e-23, 1.50131779187e-23, 1.0583082592e-23, 1.21151711656e-23, 8.33211769718e-24, 6.45288181028e-24, 1.010515989e-23, 8.36498637565e-24, 1.05166052835e-23, 1.59166650466e-23, 1.06571321763e-23, 1.00637375928e-23, 6.45565978396e-24, 1.00907474013e-23],
        "var": [1.81749510375e-05, 2.01057628146e-05, 3.64404172615e-06, 3.77890592063e-06, 4.76773465152e-07, 1.92989247694e-07, 3.43388364854e-07, 3.89531663814e-07, 6.88981288022e-07, 1.29645442826e-07, 2.0197443007e-07, 5.71442946296e-08, 1.97249079292e-08, 1.34321487266e-08, 5.1692847336e-08, 9.7214840622e-09, 2.92386026501e-09, 3.5550986599e-09, 6.77222555812e-10, 2.36023145472e-10, 2.4931676168e-10, 2.66346694699e-10, 1.1653022991e-10, 9.4319128896e-11, 2.38954078746e-10, 1.72176495283e-10, 9.66950061687e-11, 4.40261854751e-11, 3.14023217152e-11, 2.26633538325e-11, 2.70023760296e-11, 2.54780970627e-11, 3.06347100465e-11, 3.46547929242e-11, 2.20980976573e-11, 2.24042867591e-11, 1.36913484022e-11, 8.1141707936e-12, 3.76612152922e-12, 2.31011997726e-12]
    },
    "mfcc": {
        "mean": [-680.711425781, 159.939224243, 5.26626110077, 26.3227901459, 0.329077720642, 13.4161167145, 3.46283006668, 9.63506317139, 0.212850034237, 4.21576833725, -0.0286908652633, 1.04636645317, -0.0835135281086],
        "cov": [[14697.4970703, 293.53918457, -179.53944397, -49.9165649414, -721.989318848, 116.681480408, -378.362518311, -155.230316162, -473.844818115, -163.24407959, -339.596954346, -223.974212646, -234.239242554], [293.53918457, 2581.02636719, -68.3764266968, 14.3717460632, -26.2797374725, -171.183319092, -17.2909069061, -67.931060791, 26.3802337646, -45.7496795654, -6.4758310318, -34.4037399292, -4.55065917969], [-179.53944397, -68.3764266968, 415.169342041, -177.988433838, 105.476081848, -25.9271373749, 33.3840065002, -0.587306499481, -2.40373682976, -10.3115167618, -12.4453363419, 1.00553047657, 26.9582939148], [-49.9165649414, 14.3717460632, -177.988433838, 375.581176758, -38.4413871765, 68.4315948486, -38.1924133301, 37.0752334595, 20.4489498138, 19.4028205872, 16.0296707153, 19.5986976624, 0.614995837212], [-721.989318848, -26.2797374725, 105.476081848, -38.4413871765, 181.647491455, 8.12061023712, 47.803150177, 5.17164802551, 27.5207176208, 16.8461837769, 15.0482654572, 14.4187822342, 22.1122665405], [116.681480408, -171.183319092, -25.9271373749, 68.4315948486, 8.12061023712, 122.691612244, -0.37810087204, 14.6159143448, -16.6666679382, 5.46600008011, 2.57954740524, 2.79238438606, -1.51134181023], [-378.362518311, -17.2909069061, 33.3840065002, -38.1924133301, 47.803150177, -0.37810087204, 103.025634766, 31.0060558319, 36.181060791, -2.60970282555, 16.5864067078, 11.3301858902, 14.9733848572], [-155.230316162, -67.931060791, -0.587306499481, 37.0752334595, 5.17164802551, 14.6159143448, 31.0060558319, 86.7509384155, 33.492816925, 11.3293876648, -0.26066377759, 13.2939901352, 6.96301794052], [-473.844818115, 26.3802337646, -2.40373682976, 20.4489498138, 27.5207176208, -16.6666679382, 36.181060791, 33.492816925, 90.5919036865, 26.5609016418, 28.0406208038, 10.2433891296, 12.1408243179], [-163.24407959, -45.7496795654, -10.3115167618, 19.4028205872, 16.8461837769, 5.46600008011, -2.60970282555, 11.3293876648, 26.5609016418, 62.265247345, 26.1263980865, 9.46112155914, -3.06430745125], [-339.596954346, -6.4758310318, -12.4453363419, 16.0296707153, 15.0482654572, 2.57954740524, 16.5864067078, -0.26066377759, 28.0406208038, 26.1263980865, 75.9311599731, 27.2013053894, 6.56511354446], [-223.974212646, -34.4037399292, 1.00553047657, 19.5986976624, 14.4187822342, 2.79238438606, 11.3301858902, 13.2939901352, 10.2433891296, 9.46112155914, 27.2013053894, 62.0185165405, 27.9693279266], [-234.239242554, -4.55065917969, 26.9582939148, 0.614995837212, 22.1122665405, -1.51134181023, 14.9733848572, 6.96301794052, 12.1408243179, -3.06430745125, 6.56511354446, 27.9693279266, 59.3141708374]],
