{
"lowlevel": {
    "average_loudness": 0.905008971691,
    "barkbands_crest": {
        "dmean": 2.06445121765,
        "dmean2": 3.33843302727,
        "dvar": 4.779047966,
        "dvar2": 12.1804332733,
        "max": 25.9852256775,
        "mean": 12.141582489,
        "median": 11.3411111832,
        "min": 2.18006443977,
        "var": 17.5950603485
    },
    "barkbands_flatness_db": {
        "dmean": 0.0262479577214,
        "dmean2": 0.0363828353584,
        "dvar": 0.000776497938205,
        "dvar2": 0.00161891896278,
        "max": 0.483795911074,
        "mean": 0.197254657745,
        "median": 0.191973820329,
        "min": 0.0167566854507,
        "var": 0.00501852296293
    },
    "barkbands_kurtosis": {
        "dmean": 5.92914152145,
        "dmean2": 9.10992145538,
        "dvar": 105.211776733,
        "dvar2": 240.080627441,
        "max": 274.672027588,
        "mean": 14.3100986481,
        "median": 10.2972145081,
        "min": -1.78842771053,
        "var": 298.508544922
    },
    "barkbands_skewness": {
        "dmean": 0.625537097454,
        "dmean2": 0.944933652878,
        "dvar": 0.566164553165,
        "dvar2": 1.30429458618,
        "max": 12.786523819,
        "mean": 2.81394338608,
        "median": 2.66371941566,
        "min": -2.78150773048,
        "var": 2.22787570953
    },
    "barkbands_spread": {
        "dmean": 3.77248692513,
        "dmean2": 5.72536230087,
        "dvar": 40.0621986389,
        "dvar2": 94.3490524292,
        "max": 88.1685333252,
        "mean": 11.4607009888,
        "median": 7.59723043442,
        "min": 0.376675754786,
        "var": 114.648162842
    },
    "dissonance": {
        "dmean": 0.0197238959372,
        "dmean2": 0.0321429632604,
        "dvar": 0.000434557179688,
        "dvar2": 0.00108737905975,
        "max": 0.499999970198,
        "mean": 0.447458475828,
        "median": 0.456084012985,
        "min": 0.0118001997471,
        "var": 0.00133824138902
    },
    "dynamic_complexity": 4.16141653061,
    "erbbands_crest": {
        "dmean": 2.04566240311,
        "dmean2": 3.27691936493,
        "dvar": 5.485227108,
        "dvar2": 13.6618652344,
        "max": 32.8794937134,
        "mean": 10.2688112259,
        "median": 9.19701862335,
        "min": 2.39169573784,
        "var": 23.5363731384
    },
    "erbbands_flatness_db": {
        "dmean": 0.0192909911275,
        "dmean2": 0.0254593752325,
        "dvar": 0.000468368583824,
        "dvar2": 0.000906868139282,
        "max": 0.394148170948,
        "mean": 0.164855659008,
        "median": 0.156198635697,
        "min": 0.0553109273314,
        "var": 0.00260700448416
    },
    "erbbands_kurtosis": {
        "dmean": 1.17675435543,
        "dmean2": 1.80941355228,
        "dvar": 3.63861465454,
        "dvar2": 8.34390449524,
        "max": 51.4707984924,
        "mean": 1.53685796261,
        "median": 0.852663993835,
        "min": -1.78368759155,
        "var": 10.0410194397
    },
    "erbbands_skewness": {
        "dmean": 0.337476819754,
        "dmean2": 0.514574766159,
        "dvar": 0.156749173999,
        "dvar2": 0.357404381037,
        "max": 5.29756736755,
        "mean": 1.08886563778,
        "median": 1.17071020603,
        "min": -2.27325510979,
        "var": 0.700995266438
    },
    "erbbands_spread": {
        "dmean": 9.03277873993,
        "dmean2": 12.968337059,
        "dvar": 127.612045288,
        "dvar2": 270.236816406,
        "max": 137.917129517,
        "mean": 41.021068573,
        "median": 37.0004501343,
        "min": 3.31945729256,
        "var": 459.134429932
    },
    "hfc": {
        "dmean": 3.95050215721,
        "dmean2": 5.33195734024,
        "dvar": 82.1928024292,
        "dvar2": 193.64730835,
        "max": 104.114723206,
        "mean": 8.60637187958,
        "median": 4.68495559692,
        "min": 1.08779279809e-16,
        "var": 132.186218262
    },
    "melbands_crest": {
        "dmean": 2.90193486214,
        "dmean2": 4.69375133514,
        "dvar": 9.50559139252,
        "dvar2": 24.6356582642,
        "max": 34.6699142456,
        "mean": 16.3489971161,
        "median": 15.4577732086,
        "min": 1.6489969492,
        "var": 28.1120643616
    },
    "melbands_flatness_db": {
        "dmean": 0.0304485633969,
        "dmean2": 0.0417226925492,
        "dvar": 0.00110030372161,
        "dvar2": 0.00229453481734,
        "max": 0.614549219608,
        "mean": 0.276257574558,
        "median": 0.274687975645,
        "min": 0.00318576046266,
        "var": 0.00783402938396
    },
    "melbands_kurtosis": {
        "dmean": 12.2531175613,
        "dmean2": 18.8031597137,
        "dvar": 398.671569824,
        "dvar2": 929.983947754,
        "max": 364.05847168,
        "mean": 31.1206607819,
        "median": 22.0654621124,
        "min": -1.73939371109,
        "var": 1063.02282715
    },
    "melbands_skewness": {
        "dmean": 0.823397815228,
        "dmean2": 1.22854101658,
        "dvar": 0.926107645035,
        "dvar2": 2.10381150246,
        "max": 15.02140522,
        "mean": 3.83147716522,
        "median": 3.55718183517,
        "min": -0.576599299908,
        "var": 3.65628862381
    },
    "melbands_spread": {
        "dmean": 3.27901387215,
        "dmean2": 5.06119966507,
        "dvar": 43.3988685608,
        "dvar2": 101.620788574,
        "max": 167.764923096,
        "mean": 10.6094560623,
        "median": 6.45493841171,
        "min": 0.370190173388,
        "var": 242.695892334
    },
    "pitch_salience": {
        "dmean": 0.0729957148433,
        "dmean2": 0.120958790183,
        "dvar": 0.0066639399156,
        "dvar2": 0.018352933228,
        "max": 0.973805725574,
        "mean": 0.4946154356,
        "median": 0.501088738441,
        "min": 0.057487860322,
        "var": 0.0156226819381
    },
    "silence_rate_20dB": {
        "dmean": 0,
        "dmean2": 0,
        "dvar": 0,
        "dvar2": 0,
        "max": 1,
        "mean": 1,
        "median": 1,
        "min": 1,
        "var": 0
    },
    "silence_rate_30dB": {
        "dmean": 0.0499728396535,
        "dmean2": 0.0999547317624,
        "dvar": 0.0474789105356,
        "dvar2": 0.098118558526,
        "max": 1,
        "mean": 0.942699372768,
        "median": 1,
        "min": 0,
        "var": 0.0540226772428
    },
    "silence_rate_60dB": {
        "dmean": 0.0394713021815,
        "dmean2": 0.0789497494698,
        "dvar": 0.0379118211567,
        "dvar2": 0.0810393989086,
        "max": 1,
        "mean": 0.131438404322,
        "median": 0,
        "min": 0,
        "var": 0.114166684449
    },
    "spectral_centroid": {
        "dmean": 167.323165894,
        "dmean2": 253.350753784,
        "dvar": 68218.0703125,
        "dvar2": 142888.96875,
        "max": 11842.6269531,
        "mean": 777.018188477,
        "median": 548.171691895,
        "min": 129.579727173,
        "var": 853958.0625
    },
    "spectral_complexity": {
        "dmean": 2.27720451355,
        "dmean2": 3.16505217552,
        "dvar": 12.3942041397,
        "dvar2": 18.8253898621,
        "max": 51,
        "mean": 9.38734531403,
        "median": 8,
        "min": 0,
        "var": 50.8807144165
    },
    "spectral_decrease": {
        "dmean": 4.10119005423e-09,
        "dmean2": 6.19609696884e-09,
        "dvar": 1.09382486381e-16,
        "dvar2": 2.58546007479e-16,
        "max": 2.40925190668e-20,
        "mean": -7.53680495791e-09,
        "median": -4.10080414071e-09,
        "min": -1.0544060558e-07,
        "var": 1.32802934138e-16
    },
    "spectral_energy": {
        "dmean": 0.0158027298748,
        "dmean2": 0.0238028429449,
        "dvar": 0.00161476433277,
        "dvar2": 0.00381886283867,
        "max": 0.406226456165,
        "mean": 0.0292261354625,
        "median": 0.0160285551101,
        "min": 9.84731054263e-21,
        "var": 0.00196891115047
    },
    "spectral_energyband_high": {
        "dmean": 0.000133310400997,
        "dmean2": 0.000171637744643,
        "dvar": 7.13712964284e-08,
        "dvar2": 1.34964267318e-07,
        "max": 0.0043093059212,
        "mean": 0.000238030683249,
        "median": 6.80936791468e-05,
        "min": 6.99571200961e-21,
        "var": 1.87120463124e-07
    },
    "spectral_energyband_low": {
        "dmean": 0.00812080781907,
        "dmean2": 0.0122101036832,
        "dvar": 0.000591928896029,
        "dvar2": 0.00125015107915,
        "max": 0.372701019049,
        "mean": 0.0146576836705,
        "median": 0.00588085968047,
        "min": 1.79401674215e-23,
        "var": 0.000844598398544
    },
    "spectral_energyband_middle_high": {
        "dmean": 0.000433943263488,
        "dmean2": 0.000581362517551,
        "dvar": 1.28770022911e-06,
        "dvar2": 2.96501661978e-06,
        "max": 0.0198897086084,
        "mean": 0.000909241905902,
        "median": 0.000429870910011,
        "min": 1.17700914726e-21,
        "var": 2.20552624342e-06
    },
    "spectral_energyband_middle_low": {
        "dmean": 0.00980671588331,
        "dmean2": 0.0154663426802,
        "dvar": 0.00101704348344,
        "dvar2": 0.00259226188064,
        "max": 0.381524890661,
        "mean": 0.014812130481,
        "median": 0.00745341693982,
        "min": 1.74164243649e-22,
        "var": 0.000891059404239
    },
    "spectral_entropy": {
        "dmean": 0.229709252715,
        "dmean2": 0.313452780247,
        "dvar": 0.0697671175003,
        "dvar2": 0.141028746963,
        "max": 9.82022380829,
        "mean": 7.17093992233,
        "median": 7.22633266449,
        "min": 4.66530036926,
        "var": 0.434272348881
    },
    "spectral_flux": {
        "dmean": 0.0338103100657,
        "dmean2": 0.0509995780885,
        "dvar": 0.00365143152885,
        "dvar2": 0.00771875539795,
        "max": 0.604364931583,
        "mean": 0.0662496387959,
        "median": 0.0384967327118,
        "min": 6.32228505659e-11,
        "var": 0.00637665111572
    },
    "spectral_kurtosis": {
        "dmean": 2.56907963753,
        "dmean2": 4.11503458023,
        "dvar": 23.0196628571,
        "dvar2": 54.795009613,
        "max": 186.945053101,
        "mean": 6.03224849701,
        "median": 3.84001255035,
        "min": -1.25339007378,
        "var": 53.3609237671
    },
    "spectral_rms": {
        "dmean": 0.00108338310383,
        "dmean2": 0.00149542093277,
        "dvar": 3.80397023036e-06,
        "dvar2": 7.93883918959e-06,
        "max": 0.0199077501893,
        "mean": 0.00445599341765,
        "median": 0.00395444268361,
        "min": 3.09953733686e-12,
        "var": 8.65748734213e-06
    },
    "spectral_rolloff": {
        "dmean": 233.330001831,
        "dmean2": 399.939300537,
        "dvar": 516086.3125,
        "dvar2": 1338213.875,
        "max": 19939.7460938,
        "mean": 739.559204102,
        "median": 344.53125,
        "min": 64.599609375,
        "var": 3047595.75
    },
    "spectral_skewness": {
        "dmean": 0.293623238802,
        "dmean2": 0.444689333439,
        "dvar": 0.14678889513,
        "dvar2": 0.330930709839,
        "max": 11.3273334503,
        "mean": 1.80719172955,
        "median": 1.64851737022,
        "min": -0.0588775128126,
        "var": 0.604163885117
    },
    "spectral_spread": {
        "dmean": 649769,
        "dmean2": 955595.6875,
        "dvar": 1.03192769331e+12,
        "dvar2": 2.26228568064e+12,
        "max": 42558112,
        "mean": 4760336,
        "median": 4563798,
        "min": 529350,
        "var": 9.41509994086e+12
    },
    "spectral_strongpeak": {
        "dmean": 0.24653057754,
        "dmean2": 0.415285199881,
        "dvar": 0.15009778738,
        "dvar2": 0.383904933929,
        "max": 4.43758058548,
        "mean": 0.557488799095,
        "median": 0.441600799561,
        "min": 0,
        "var": 0.207228899002
    },
    "zerocrossingrate": {
        "dmean": 0.00733752408996,
        "dmean2": 0.00903601013124,
        "dvar": 9.64955470408e-05,
        "dvar2": 0.000145023121149,
        "max": 0.5205078125,
        "mean": 0.0370313599706,
        "median": 0.02587890625,
        "min": 0.00244140625,
        "var": 0.0022148003336
    },
    "barkbands": {
        "dmean": [0.000579335785005, 0.00450226385146, 0.0037074862048, 0.00421245675534, 0.00424677692354, 0.00158842024393, 0.000369213637896, 0.000274700025329, 0.00031166212284, 8.10233541415e-05, 5.24951647094e-05, 5.03925766679e-05, 5.08268858539e-05, 8.11543577584e-05, 5.6258875702e-05, 4.97165128763e-05, 6.72655514791e-05, 4.47843267466e-05, 4.96094071423e-05, 3.61937381967e-05, 2.98999348161e-05, 2.56187868217e-05, 2.18697859964e-05, 2.31025678659e-05, 1.83046176971e-05, 9.20518959902e-06, 1.77974936832e-06],
        "dmean2": [0.000994643080048, 0.00667126197368, 0.00618358096108, 0.00724404957145, 0.00706053618342, 0.00233997823671, 0.000555542937946, 0.000384597457014, 0.000474742089864, 0.000122544923215, 7.85589727457e-05, 7.40947725717e-05, 8.23779337225e-05, 0.00011924449791, 9.52329210122e-05, 8.24996313895e-05, 0.000110353619675, 7.02531106072e-05, 7.61284536566e-05, 5.08303346578e-05, 4.18866802647e-05, 3.56536656909e-05, 3.07697009703e-05, 3.21815605275e-05, 2.63313631876e-05, 1.43553033922e-05, 2.7422461244e-06],
        "dvar": [1.21894699987e-05, 0.000228804783546, 0.000221787646296, 0.000237238156842, 0.000209580350202, 1.38889772643e-05, 1.17315096304e-06, 3.18276278222e-07, 1.00074703369e-06, 5.50541017219e-08, 2.28854339923e-08, 3.63940415582e-08, 2.13470752186e-08, 3.50750077871e-08, 4.45497896351e-08, 2.59714720841e-08, 7.43995300923e-08, 2.71196167745e-08, 1.08330313608e-08, 5.60540458494e-09, 4.20785672972e-09, 2.86961765461e-09, 2.50825804571e-09, 2.99302604923e-09, 2.83012258073e-09, 1.31232213985e-09, 6.1614352509e-11],
        "dvar2": [3.19698847306e-05, 0.000554428668693, 0.000624798005447, 0.000628474750556, 0.000537972489838, 3.09144161292e-05, 2.76671516986e-06, 7.17317448107e-07, 2.25179223889e-06, 1.27459031773e-07, 5.05498718439e-08, 6.59919550117e-08, 5.34159099175e-08, 7.9110954232e-08, 1.252035986e-07, 7.47319504057e-08, 2.07580043821e-07, 5.6868369569e-08, 2.49734846136e-08, 1.18381153769e-08, 7.68437846688e-09, 5.86013682025e-09, 5.71623859358e-09, 6.6250520625e-09, 6.69046062995e-09, 3.26201043954e-09, 1.49701584462e-10],
        "max": [0.0670685172081, 0.25319981575, 0.275744199753, 0.182160064578, 0.174249589443, 0.0664226189256, 0.0213832873851, 0.0118527160957, 0.0172138120979, 0.00488900858909, 0.00245085032657, 0.0119974967092, 0.00515280105174, 0.00439368654042, 0.00420523015782, 0.00287449080497, 0.00560538703576, 0.00990450009704, 0.00174900237471, 0.00131533108652, 0.00134368811268, 0.000928569876123, 0.000978208263405, 0.000948175089434, 0.000869390612934, 0.000991727341898, 0.000204292475246],
        "mean": [0.000461619085399, 0.00776666030288, 0.00508210575208, 0.00370008056052, 0.00558835547417, 0.00378962676041, 0.000506837677676, 0.000554537284188, 0.000581903965212, 0.000133111112518, 9.40192257985e-05, 8.73779063113e-05, 7.95120577095e-05, 0.000140320407809, 7.60210677981e-05, 7.02319666743e-05, 9.46699728956e-05, 7.02086908859e-05, 7.97173852334e-05, 6.53356401017e-05, 5.50701588509e-05, 4.37399176008e-05, 3.52649949491e-05, 3.46289816662e-05, 2.38889533648e-05, 9.58959753916e-06, 1.80507106506e-06],
        "median": [4.46015428679e-06, 0.00201733666472, 0.00114809744991, 0.000625618908089, 0.00262352125719, 0.0018205489032, 9.10654125619e-05, 0.000288477225695, 0.000203566843993, 4.7946919949e-05, 3.83096848964e-05, 1.37229289976e-05, 3.05155735987e-05, 5.18860651937e-05, 2.51096917054e-05, 2.4014228984e-05, 2.57450028585e-05, 2.13571602217e-05, 2.55907125393e-05, 2.12648646993e-05, 1.87764089787e-05, 1.21695866255e-05, 9.06328568817e-06, 7.59803970141e-06, 3.8914772631e-06, 8.17369709694e-07, 5.63214541671e-08],
        "min": [2.83217310579e-25, 5.80481758828e-24, 1.69419022056e-25, 8.09453724721e-25, 1.07968165656e-23, 9.72457236859e-24, 6.24945390991e-24, 5.39084468447e-24, 1.44929967269e-23, 1.21455454659e-23, 1.31673238643e-23, 3.57861227627e-23, 2.55592290132e-23, 3.82715710396e-23, 4.87650398216e-23, 5.17588900192e-23, 7.27775934342e-23, 9.36048592401e-23, 1.26085102607e-22, 1.47076400994e-22, 2.34750313648e-22, 2.93870149971e-22, 3.34756697093e-22, 6.05919239782e-22, 9.52850168479e-22, 1.30346539315e-21, 1.82210218461e-21],
        "var": [9.15975033422e-06, 0.00028825152549, 0.000175136126927, 0.000173478591023, 0.000171644380316, 3.31602022925e-05, 1.70833914126e-06, 7.07272533873e-07, 1.74686795162e-06, 7.63224292655e-08, 3.30780487445e-08, 1.43462358437e-07, 3.35781713545e-08, 6.08304020489e-08, 3.63084922128e-08, 2.57117047653e-08, 6.86124153049e-08, 5.70482114881e-08, 1.93665687931e-08, 1.45446570343e-08, 1.15386047383e-08, 6.76484779305e-09, 4.68049465852e-09, 5.29085664169e-09, 3.60916208031e-09, 1.1954651713e-09, 6.73789912753e-11]
    },
    "erbbands": {
        "dmean": [0.171067327261, 0.870274662971, 3.64390540123, 8.73208141327, 20.6033439636, 9.42781829834, 11.4896316528, 13.9474964142, 5.44188547134, 7.79382610321, 4.16561746597, 7.70166444778, 4.06915283203, 1.75763821602, 2.23069143295, 2.10442638397, 2.19415640831, 3.81833362579, 2.81068611145, 3.06749677658, 2.80035805702, 3.50905060768, 2.7601749897, 2.53885531425, 2.00704741478, 1.82174170017, 1.32052695751, 1.15039467812, 0.95334559679, 0.719131946564, 0.621478974819, 0.586875140667, 0.322012424469, 0.224935382605, 0.118344463408, 0.0442328937352, 0.0157726556063, 0.00396525906399, 0.000304619374219, 2.2624119083e-05],
        "dmean2": [0.269458085299, 1.29893648624, 5.9031124115, 14.8938884735, 35.6776657104, 15.6533298492, 17.9680480957, 20.5273399353, 8.46824645996, 10.8559446335, 6.02038812637, 11.7730197906, 6.17479085922, 2.68053126335, 3.26135659218, 3.02868628502, 3.46643805504, 5.58345603943, 4.42332696915, 5.14703893661, 4.59285545349, 5.78105306625, 4.3438615799, 3.85480380058, 2.98029851913, 2.59329509735, 1.8412476778, 1.6285264492, 1.33897352219, 0.931241750717, 0.869904220104, 0.850696444511, 0.444855302572, 0.317596435547, 0.179295107722, 0.0678176432848, 0.0249258875847, 0.00625886814669, 0.000456795678474, 3.3066553442e-05],
        "dvar": [0.668223500252, 5.56820964813, 181.33442688, 750.923706055, 7915.73291016, 496.203369141, 463.003845215, 1422.77941895, 209.338195801, 439.039367676, 100.725128174, 571.105285645, 147.337585449, 37.3520278931, 49.8064689636, 71.7952575684, 36.6653823853, 79.3277282715, 76.7747039795, 102.047325134, 90.6011657715, 233.448760986, 115.266555786, 29.1004543304, 15.8608999252, 15.3410568237, 7.77637195587, 6.28563308716, 4.02017211914, 2.62434864044, 2.00904846191, 2.15730428696, 0.591344058514, 0.341533005238, 0.157284989953, 0.0248478874564, 0.00443311734125, 0.000328760797856, 1.48611445638e-06, 2.71438516108e-09],
        "dvar2": [1.68804502487, 12.7986621857, 493.111999512, 2018.07080078, 20824.3535156, 1265.83544922, 1108.82128906, 3201.23828125, 523.285888672, 918.035766602, 238.943862915, 1210.53222656, 345.542327881, 91.115776062, 110.055625916, 120.441886902, 89.6592254639, 178.342544556, 201.35269165, 286.287811279, 264.909179688, 652.066772461, 279.183685303, 67.8133239746, 34.5962867737, 34.2038803101, 14.4377098083, 12.8161211014, 8.37368869781, 5.43896341324, 4.54876422882, 5.00450754166, 1.2987446785, 0.773031949997, 0.390774607658, 0.0621517971158, 0.0111115314066, 0.000825628638268, 3.46145452568e-06, 6.18032158783e-09],
        "max": [14.2706422806, 39.0755310059, 243.094970703, 338.988739014, 1100.7902832, 272.83972168, 356.16305542, 660.151428223, 268.918243408, 495.325775146, 295.396514893, 458.74395752, 199.759399414, 134.651992798, 125.814064026, 612.771179199, 216.167617798, 230.178192139, 176.998718262, 203.934005737, 175.639221191, 317.60546875, 470.013671875, 79.5211105347, 70.6851043701, 72.933265686, 64.6211090088, 54.1782150269, 31.5902252197, 54.5538635254, 26.2342433929, 30.7379741669, 14.6205282211, 10.0015392303, 6.87879562378, 3.81531476974, 1.73505461216, 0.475119322538, 0.0281542446464, 0.000833378580865],
        "mean": [0.20532296598, 1.79808306694, 5.59850692749, 9.02149581909, 17.2515335083, 15.6688680649, 30.3401622772, 30.3637886047, 7.94772100449, 13.6891050339, 8.97395610809, 15.5491094589, 7.10220909119, 2.56899499893, 3.89861774445, 4.12313699722, 3.77688646317, 6.75495529175, 4.34132146835, 4.4475979805, 4.12467908859, 4.88956832886, 4.24461126328, 4.14544439316, 3.50316929817, 3.17383122444, 2.47145199776, 2.0093767643, 1.59174454212, 1.2420372963, 0.981554150581, 0.872885286808, 0.481314688921, 0.304427504539, 0.142327606678, 0.050248298794, 0.015681842342, 0.00376191921532, 0.000326667126501, 4.00922908739e-05],
        "median": [0.033973518759, 0.51274394989, 1.91579687595, 2.11071109772, 2.02148914337, 8.69425773621, 20.309797287, 11.6444568634, 2.08573126793, 4.82202863693, 4.98352432251, 5.76465511322, 2.68917560577, 0.907473504543, 1.59898376465, 0.779812157154, 1.55360972881, 2.57403182983, 1.79141294956, 1.78492593765, 1.44159030914, 1.35142052174, 1.26711964607, 1.38093101978, 1.19642043114, 1.01385247707, 0.835571944714, 0.661622047424, 0.444744467735, 0.34332421422, 0.246552541852, 0.183178842068, 0.112928181887, 0.055671337992, 0.0200970564038, 0.00564781390131, 0.00113552913535, 0.000150158899487, 2.14091305679e-05, 2.00566755666e-05],
        "min": [1.52929647937e-22, 8.71530902759e-22, 1.82129136182e-21, 4.44932373557e-21, 1.28357589994e-20, 1.95164864479e-20, 3.72910888533e-20, 9.01388148528e-20, 1.25231254407e-19, 2.77079681661e-19, 2.47759541066e-19, 3.3736005521e-19, 7.37401479095e-19, 6.62450075105e-19, 8.25640660746e-19, 1.43177974357e-18, 1.61711493648e-18, 1.70393002331e-18, 2.87384816639e-18, 2.45091175317e-18, 3.73413978489e-18, 4.69660578662e-18, 6.43807946999e-18, 5.95145614666e-18, 7.27957072073e-18, 8.17075195164e-18, 1.02847443559e-17, 1.01829912144e-17, 1.10166271445e-17, 1.04632060915e-17, 1.10091568763e-17, 1.20791629752e-17, 1.03033236597e-17, 9.3249013439e-18, 6.80664964425e-18, 4.11785025949e-18, 2.27045837343e-18, 8.57943873124e-19, 2.3455771264e-19, 2.49647244772e-20],
        "var": [0.609782278538, 10.6534051895, 177.666381836, 554.764831543, 5791.28759766, 556.275817871, 1158.93676758, 3020.08544922, 258.584899902, 901.545410156, 180.292709351, 1157.06164551, 221.085250854, 39.3939399719, 68.7087936401, 347.569488525, 63.7528190613, 139.446502686, 72.7649765015, 94.9077224731, 88.9081115723, 209.832504272, 172.801513672, 50.7672996521, 37.0628128052, 35.9760894775, 23.0858078003, 14.6626701355, 9.0536699295, 6.03867340088, 3.66679620743, 3.52059841156, 1.01302778721, 0.506468713284, 0.164256900549, 0.0244431048632, 0.00387315778062, 0.000288942712359, 1.86447698525e-06, 3.76218922682e-09]
    },
    "gfcc": {
        "mean": [-74.5334854126, 113.756462097, -92.8409729004, 40.6375312805, -61.2799568176, 1.53833544254, -43.1459465027, 0.68073195219, -19.8144397736, -0.242756664753, -12.3806095123, -6.51198577881, -5.57494115829],
        "cov": [[16092.9072266, 365.184265137, -144.946609497, 704.761657715, -410.097412109, 242.293518066, -497.185089111, 141.129074097, -285.333099365, 76.9108428955, -327.032867432, -89.9341506958, -326.189086914], [365.184265137, 2070.88232422, 194.971191406, -79.9518203735, 422.320526123, 57.2664833069, 352.51663208, -41.9626960754, 396.883361816, -28.443523407, 242.463973999, -107.607460022, 256.22366333], [-144.946609497, 194.971191406, 632.103637695, 86.9482955933, 240.071365356, 113.521751404, 174.44631958, 93.2917251587, 130.077316284, 62.2783813477, 52.8640289307, -0.504330039024, 13.1168880463], [704.761657715, -79.9518203735, 86.9482955933, 312.918060303, 71.741859436, 100.503753662, 51.9509658813, 68.0691680908, -10.6734409332, -4.08370018005, -39.1437034607, -18.2320156097, -38.0739212036], [-410.097412109, 422.320526123, 240.071365356, 71.741859436, 351.451934814, 130.906768799, 201.374984741, 57.6190185547, 157.91947937, 23.7910633087, 86.2368164062, -9.48038482666, 40.7546615601], [242.293518066, 57.2664833069, 113.521751404, 100.503753662, 130.906768799, 161.303939819, 96.1906890869, 61.5639419556, 41.3358154297, 31.1327571869, 20.1805171967, 11.5533971786, -3.98456025124], [-497.185089111, 352.51663208, 174.44631958, 51.9509658813, 201.374984741, 96.1906890869, 211.255477905, 62.1293182373, 122.47253418, 14.1467866898, 74.4648361206, -6.20164823532, 52.3095245361], [141.129074097, -41.9626960754, 93.2917251587, 68.0691680908, 57.6190185547, 61.5639419556, 62.1293182373, 104.870880127, 52.1882247925, 37.0176277161, 9.61468505859, 18.6388607025, -4.67488193512], [-285.333099365, 396.883361816, 130.077316284, -10.6734409332, 157.91947937, 41.3358154297, 122.47253418, 52.1882247925, 175.056472778, 46.5806083679, 80.9607086182, -6.70796918869, 63.4984664917], [76.9108428955, -28.443523407, 62.2783813477, -4.08370018005, 23.7910633087, 31.1327571869, 14.1467866898, 37.0176277161, 46.5806083679, 87.5234222412, 45.9977836609, 29.325220108, 4.80049324036], [-327.032867432, 242.463973999, 52.8640289307, -39.1437034607, 86.2368164062, 20.1805171967, 74.4648361206, 9.61468505859, 80.9607086182, 45.9977836609, 114.245056152, 36.7885360718, 57.2042999268], [-89.9341506958, -107.607460022, -0.504330039024, -18.2320156097, -9.48038482666, 11.5533971786, -6.20164823532, 18.6388607025, -6.70796918869, 29.325220108, 36.7885360718, 72.9283828735, 26.5661773682], [-326.189086914, 256.22366333, 13.1168880463, -38.0739212036, 40.7546615601, -3.98456025124, 52.3095245361, -4.67488193512, 63.4984664917, 4.80049324036, 57.2042999268, 26.5661773682, 101.879188538]],
        "icov": [[0.000160227835295, -0.000516447820701, -3.61096972483e-05, -0.000301935418975, 0.000196585344383, -0.000283245171886, 0.000757622066885, -0.000573263503611, 0.000563071516808, -0.000576161430217, 0.000613821961451, -0.000638791942038, 0.000696766655892], [-0.000516447820701, 0.00371468276717, 0.000130662709125, 0.000942184589803, -0.000695233524311, -4.04631828133e-05, -0.00231316895224, 0.00311758811586, -0.00453267898411, 0.00419428478926, -0.00530746765435, 0.00644442951307, -0.00512619828805], [-3.61096972483e-05, 0.000130662709125, 0.0024829453323, -4.2850158934e-05, -0.00129242893308, 0.000561245658901, -0.00153278012294, -0.000194340624148, -0.000157363174367, -0.00167900207452, 0.0011159547139, -0.00012939091539, 0.000121459757793], [-0.000301935418975, 0.000942184589803, -4.2850158934e-05, 0.0056356661953, -0.00126361544244, -0.001583199366, -0.0012305668788, -0.00241211731918, 0.0015700024087, 0.00131485797465, -0.000494690728374, 0.00360508286394, -0.00196271413006], [0.000196585344383, -0.000695233524311, -0.00129242893308, -0.00126361544244, 0.0103032514453, -0.00464583234861, -0.00295859738253, 0.00319763203152, -0.0065074712038, 0.00335904723033, -0.00124005624093, -0.00319656124339, 0.00486204959452], [-0.000283245171886, -4.04631828133e-05, 0.000561245658901, -0.001583199366, -0.00464583234861, 0.0151300560683, -0.00620971992612, -0.00131808838341, 0.00377961830236, -0.00565004581586, 0.00380968721583, -0.00359289371409, 0.000817333580926], [0.000757622066885, -0.00231316895224, -0.00153278012294, -0.0012305668788, -0.00295859738253, -0.00620971992612, 0.0222046207637, -0.0107351792976, 0.00232483888976, 0.0043495548889, -0.00687008397654, 0.00513183837757, -0.00210675457492], [-0.000573263503611, 0.00311758811586, -0.000194340624148, -0.00241211731918, 0.00319763203152, -0.00131808838341, -0.0107351792976, 0.0283796861768, -0.0161964241415, -0.000681203440763, 0.00640812003985, -0.0102020902559, 0.00412006024271], [0.000563071516808, -0.00453267898411, -0.000157363174367, 0.0015700024087, -0.0065074712038, 0.00377961830236, 0.00232483888976, -0.0161964241415, 0.0320612229407, -0.0142031526193, -0.000517430715263, 0.00863421615213, -0.00665106717497], [-0.000576161430217, 0.00419428478926, -0.00167900207452, 0.00131485797465, 0.00335904723033, -0.00565004581586, 0.0043495548889, -0.000681203440763, -0.0142031526193, 0.0310901738703, -0.0173169374466, 0.00222885422409, 0.00101469620131], [0.000613821961451, -0.00530746765435, 0.0011159547139, -0.000494690728374, -0.00124005624093, 0.00380968721583, -0.00687008397654, 0.00640812003985, -0.000517430715263, -0.0173169374466, 0.0375275835395, -0.0243274234235, 0.005862116348], [-0.000638791942038, 0.00644442951307, -0.00012939091539, 0.00360508286394, -0.00319656124339, -0.00359289371409, 0.00513183837757, -0.0102020902559, 0.00863421615213, 0.00222885422409, -0.0243274234235, 0.0470620244741, -0.022952562198], [0.000696766655892, -0.00512619828805, 0.000121459757793, -0.00196271413006, 0.00486204959452, 0.000817333580926, -0.00210675457492, 0.00412006024271, -0.00665106717497, 0.00101469620131, 0.005862116348, -0.022952562198, 0.0303385257721]]
    },
    "melbands": {
        "dmean": [0.00135609484278, 0.00158896972425, 0.00202883477323, 0.00103965203743, 0.000405522325309, 0.000299970590277, 8.19997731014e-05, 8.28823976917e-05, 3.40900260198e-05, 4.83178628201e-05, 1.95419906959e-05, 7.09120558895e-06, 7.20179605196e-06, 5.90074932916e-06, 5.48323396288e-06, 5.21239462614e-06, 7.85190331953e-06, 4.98040526509e-06, 4.20701235271e-06, 3.8331891119e-06, 3.18132447319e-06, 3.29631802742e-06, 4.45182831754e-06, 1.89545107787e-06, 2.22747280532e-06, 1.77251206424e-06, 1.26526504118e-06, 1.26162922243e-06, 8.97039512893e-07, 7.55429937271e-07, 6.74937439271e-07, 5.79323341299e-07, 4.73962586511e-07, 3.88669462836e-07, 3.34267610924e-07, 4.47495864364e-07, 3.26428761355e-07, 2.32088524399e-07, 2.16736182779e-07, 1.90641415543e-07],
        "dmean2": [0.0020876810886, 0.00246454006992, 0.00347878760658, 0.00175212521572, 0.000634153140709, 0.000439213908976, 0.000127733670524, 0.000115078299132, 5.00391870446e-05, 7.43495838833e-05, 3.0143359254e-05, 1.10894779937e-05, 1.05726139736e-05, 8.46292368806e-06, 8.6960480985e-06, 8.21571939014e-06, 1.15449529403e-05, 7.83860377851e-06, 7.26525786376e-06, 6.22195739197e-06, 5.24072402186e-06, 5.44801741853e-06, 7.35955063647e-06, 2.96159237223e-06, 3.45471744367e-06, 2.66834513241e-06, 1.88187618733e-06, 1.85765634342e-06, 1.28797944399e-06, 1.09522181901e-06, 9.85602468973e-07, 8.44861290261e-07, 6.75157707519e-07, 5.26434291714e-07, 4.72351644021e-07, 6.72593614581e-07, 4.76211369005e-07, 3.25775573629e-07, 3.10770360556e-07, 2.78818049537e-07],
        "dvar": [3.07241025439e-05, 2.80670828943e-05, 4.94595406053e-05, 1.53928358486e-05, 5.23820403941e-07, 5.98272208663e-07, 4.92717724399e-08, 4.37031069112e-08, 8.258355777e-09, 2.40042865585e-08, 3.47104123222e-09, 7.06363689762e-10, 4.52340970236e-10, 4.36385039215e-10, 3.83469839216e-10, 2.43220082963e-10, 3.45457468187e-10, 2.09364164894e-10, 3.24476501223e-10, 1.07581291098e-10, 1.14324640033e-10, 1.50457618586e-10, 5.36001576457e-10, 1.8667114729e-11, 2.35110039076e-11, 1.40829778394e-11, 5.76853148582e-12, 8.54109838411e-12, 3.67674207052e-12, 2.98029548089e-12, 2.25967551962e-12, 1.48266295075e-12, 1.22258453361e-12, 8.42136419193e-13, 5.78900913751e-13, 1.45221638534e-12, 6.92680992859e-13, 3.0832706722e-13, 3.37604483215e-13, 2.68967980483e-13],
        "dvar2": [7.71155318944e-05, 7.28599989088e-05, 0.000131350127049, 3.9718219341e-05, 1.26932491185e-06, 1.34488084313e-06, 1.23763655324e-07, 9.31438393081e-08, 1.9641614557e-08, 5.21140073317e-08, 8.34398150573e-09, 1.78725090283e-09, 9.88037873739e-10, 7.40702776891e-10, 9.49301304232e-10, 5.87159432186e-10, 7.68158703313e-10, 5.38017463914e-10, 9.30017673983e-10, 2.91305479738e-10, 3.30033694818e-10, 4.18476142627e-10, 1.30344501859e-09, 4.57167151358e-11, 5.66763823373e-11, 3.20719562019e-11, 1.22007742451e-11, 2.02741053112e-11, 7.40979760189e-12, 5.79268143869e-12, 5.05955563904e-12, 3.24896945285e-12, 2.76934183051e-12, 1.8418420001e-12, 1.29296627658e-12, 3.66658569825e-12, 1.61372326092e-12, 6.90159192816e-13, 7.87153111789e-13, 6.3063817406e-13],
        "max": [0.0966865643859, 0.0933733582497, 0.0789935588837, 0.0469097904861, 0.0121449669823, 0.0135479243472, 0.00384365674108, 0.00466477125883, 0.00269673275761, 0.00307153793983, 0.000937273201998, 0.000614395365119, 0.000382165628253, 0.00134352850728, 0.000667883141432, 0.00071167369606, 0.000528198317625, 0.000316409918014, 0.000375774368877, 0.000182539632078, 0.000186143734027, 0.000252787751378, 0.00110213889275, 7.55064684199e-05, 7.47217345634e-05, 6.76040290273e-05, 4.36836235167e-05, 6.07461843174e-05, 4.67933095933e-05, 4.04101811e-05, 3.85341445508e-05, 1.95765933313e-05, 2.20495003305e-05, 3.19479222526e-05, 1.6969304852e-05, 3.11579970003e-05, 2.00291651709e-05, 8.08193181001e-06, 1.46592674355e-05, 8.47757746669e-06],
        "mean": [0.00199376698583, 0.00283413892612, 0.00197132560425, 0.0010825432837, 0.00106603105087, 0.00066996231908, 0.000111486166134, 0.000149088678882, 7.32696498744e-05, 9.41466641962e-05, 3.19580649375e-05, 9.20454658626e-06, 1.29117233882e-05, 1.08343492684e-05, 8.62684191816e-06, 8.69152609084e-06, 1.35686259455e-05, 7.73010651756e-06, 5.2142986533e-06, 5.99727309236e-06, 4.56786619907e-06, 4.72358715342e-06, 5.59841100767e-06, 3.08223479806e-06, 3.39719508702e-06, 2.78517109109e-06, 2.23478400585e-06, 2.06864228858e-06, 1.57970907821e-06, 1.3274026287e-06, 1.10864573344e-06, 9.06350521745e-07, 7.86605710346e-07, 6.49167020583e-07, 5.25162533904e-07, 6.31902310033e-07, 4.78860556541e-07, 3.38189437343e-07, 3.02688391685e-07, 2.43359323804e-07],
        "median": [0.000440460658865, 0.00116321793757, 0.000431645661592, 0.000339701917255, 0.00075327657396, 0.000276187842246, 2.29466531891e-05, 5.65766458749e-05, 4.03304620704e-05, 3.24434840877e-05, 1.09152097139e-05, 2.65298467639e-06, 5.30811757926e-06, 2.17847014028e-06, 2.37822337112e-06, 2.93473340207e-06, 4.86031376568e-06, 3.07705454361e-06, 1.69280383489e-06, 2.35881839217e-06, 1.42232238431e-06, 1.40981080676e-06, 1.15681291391e-06, 1.02197896013e-06, 1.10775113171e-06, 8.33025183056e-07, 7.96958943283e-07, 6.13582528786e-07, 5.22369930422e-07, 4.16470044229e-07, 3.50504649305e-07, 2.46099034484e-07, 2.09724873912e-07, 1.81393403409e-07, 1.39783708164e-07, 1.32104048589e-07, 1.00078665355e-07, 7.98059573981e-08, 6.02279612849e-08, 4.10293488073e-08],
        "min": [1.8050413494e-24, 1.62816532381e-24, 1.22781092023e-24, 2.19560125598e-24, 1.11565402939e-24, 2.35734752105e-24, 1.41511746192e-24, 2.73640149689e-24, 2.25177406888e-24, 2.20331651284e-24, 3.03682615644e-24, 2.29736549604e-24, 2.1922416946e-24, 3.80600103777e-24, 3.38843684468e-24, 2.81084669495e-24, 2.69784670901e-24, 4.03913507324e-24, 3.55336754401e-24, 3.15764414838e-24, 3.92466149513e-24, 3.50495120596e-24, 4.31223122445e-24, 3.68257388839e-24, 3.74838618713e-24, 3.99720514398e-24, 4.92258197872e-24, 4.91698303845e-24, 6.3976860016e-24, 5.57408208439e-24, 5.15661728778e-24, 4.79917218428e-24, 4.09806574388e-24, 6.23495504091e-24, 5.41598370936e-24, 7.00409008476e-24, 5.72023513316e-24, 6.73086101049e-24, 6.53118019943e-24, 6.66213544843e-24],
        "var": [3.04509831039e-05, 3.35705990437e-05, 3.64681545761e-05, 1.19503183669e-05, 1.2790439996e-06, 1.30409841859e-06, 5.99187544026e-08, 8.96760994351e-08, 1.37436586556e-08, 4.74021177865e-08, 4.94084106961e-09, 6.71445399281e-10, 6.52135456747e-10, 1.82293036222e-09, 6.6973698809e-10, 4.64744437378e-10, 6.26598772868e-10, 2.13035533658e-10, 2.34270824961e-10, 1.34252151063e-10, 1.23896268245e-10, 1.45035886079e-10, 7.53104523188e-10, 3.08488130873e-11, 3.65233225608e-11, 2.61208398661e-11, 1.55033208493e-11, 1.69221338331e-11, 9.74189912767e-12, 7.09785572331e-12, 4.51699832052e-12, 2.99626014104e-12, 2.44906438879e-12, 1.73565675721e-12, 1.05738323913e-12, 1.89777945962e-12, 1.12026707355e-12, 5.14389041344e-13, 4.77058551083e-13, 3.57583998219e-13]
    },
    "mfcc": {
        "mean": [-717.243896484, 136.025741577, 23.4185714722, 36.0163764954, 6.97535037994, 1.86703526974, -7.66970300674, -5.35623884201, -4.92118597031, 2.28135037422, -1.52960968018, -3.1615190506, -8.04398155212],
        "cov": [[8826.94140625, -227.343658447, 304.821716309, 306.322296143, 184.595855713, 87.8004074097, 7.68333721161, -10.9873933792, -76.2491531372, 39.9854164124, -7.27299213409, -112.913612366, -137.567565918], [-227.343658447, 1944.48254395, 165.748657227, 128.341873169, 201.187042236, 187.563964844, 83.6283798218, 102.473182678, 178.335342407, 212.994293213, 145.513076782, 47.3208732605, 36.6628990173], [304.821716309, 165.748657227, 352.77331543, 111.372993469, 96.5284118652, 68.7028808594, 73.7682495117, 62.0779342651, 64.5195236206, 88.57396698, 61.7855262756, 17.1109695435, 2.63632082939], [306.322296143, 128.341873169, 111.372993469, 211.215896606, 90.1332855225, 78.3954849243, 71.0902557373, 73.7654418945, 65.4560165405, 55.5475578308, 41.7037696838, 25.0827980042, 13.265581131], [184.595855713, 201.187042236, 96.5284118652, 90.1332855225, 166.678283691, 106.440261841, 71.659614563, 71.8938980103, 69.2536239624, 72.5783233643, 62.811214447, 45.336101532, 31.4532699585], [87.8004074097, 187.563964844, 68.7028808594, 78.3954849243, 106.440261841, 144.656021118, 94.669708252, 70.295211792, 65.1493606567, 54.6108474731, 47.6944274902, 45.8051452637, 33.4636993408], [7.68333721161, 83.6283798218, 73.7682495117, 71.0902557373, 71.659614563, 94.669708252, 122.627990723, 83.4878234863, 52.9132080078, 41.3329162598, 40.4011611938, 41.9196548462, 32.9585762024], [-10.9873933792, 102.473182678, 62.0779342651, 73.7654418945, 71.8938980103, 70.295211792, 83.4878234863, 107.980895996, 76.1442565918, 45.2953910828, 38.8596687317, 43.8399658203, 29.7833099365], [-76.2491531372, 178.335342407, 64.5195236206, 65.4560165405, 69.2536239624, 65.1493606567, 52.9132080078, 76.1442565918, 108.220802307, 71.4789047241, 44.3576202393, 32.3073997498, 21.5683860779], [39.9854164124, 212.994293213, 88.57396698, 55.5475578308, 72.5783233643, 54.6108474731, 41.3329162598, 45.2953910828, 71.4789047241, 109.298446655, 71.6388168335, 17.018327713, 10.6219940186], [-7.27299213409, 145.513076782, 61.7855262756, 41.7037696838, 62.811214447, 47.6944274902, 40.4011611938, 38.8596687317, 44.3576202393, 71.6388168335, 91.3023910522, 48.7700805664, 21.0120563507], [-112.913612366, 47.3208732605, 17.1109695435, 25.0827980042, 45.336101532, 45.8051452637, 41.9196548462, 43.8399658203, 32.3073997498, 17.018327713, 48.7700805664, 104.028656006, 59.1740684509], [-137.567565918, 36.6628990173, 2.63632082939, 13.265581131, 31.4532699585, 33.4636993408, 32.9585762024, 29.7833099365, 21.5683860779, 10.6219940186, 21.0120563507, 59.1740684509, 82.4631118774]],
