{
"lowlevel": {
    "average_loudness": 0.704172194004,
    "barkbands_crest": {
        "dmean": 1.04812407494,
        "dmean2": 1.56698727608,
        "dvar": 1.01627349854,
        "dvar2": 2.54603624344,
        "max": 26.6246166229,
        "mean": 10.7991962433,
        "median": 9.9374332428,
        "min": 3.31403660774,
        "var": 20.4356880188
    },
    "barkbands_flatness_db": {
        "dmean": 0.0107275359333,
        "dmean2": 0.0174264740199,
        "dvar": 0.000128507410409,
        "dvar2": 0.000362253224012,
        "max": 0.784138679504,
        "mean": 0.311701089144,
        "median": 0.25671979785,
        "min": 0.0363249853253,
        "var": 0.0234056320041
    },
    "barkbands_kurtosis": {
        "dmean": 1.74580347538,
        "dmean2": 2.6227915287,
        "dvar": 201.815994263,
        "dvar2": 451.044006348,
        "max": 1178.61401367,
        "mean": 4.42957782745,
        "median": 1.2332816124,
        "min": -1.6769503355,
        "var": 938.161560059
    },
    "barkbands_skewness": {
        "dmean": 0.236552119255,
        "dmean2": 0.344439089298,
        "dvar": 0.121049799025,
        "dvar2": 0.25134524703,
        "max": 21.2526416779,
        "mean": 1.19983720779,
        "median": 1.03322207928,
        "min": -2.45665192604,
        "var": 1.46357023716
    },
    "barkbands_spread": {
        "dmean": 0.906387150288,
        "dmean2": 1.35686922073,
        "dvar": 1.34870111942,
        "dvar2": 2.95496201515,
        "max": 78.6717605591,
        "mean": 8.98869037628,
        "median": 8.9926404953,
        "min": 0.0345661751926,
        "var": 30.0969085693
    },
    "dissonance": {
        "dmean": 0.0365384034812,
        "dmean2": 0.0623993724585,
        "dvar": 0.00117388239596,
        "dvar2": 0.00335551961325,
        "max": 0.500000178814,
        "mean": 0.41531303525,
        "median": 0.425552934408,
        "min": 0.071067109704,
        "var": 0.00313617265783
    },
    "dynamic_complexity": 4.69803762436,
    "erbbands_crest": {
        "dmean": 1.86963295937,
        "dmean2": 2.7327876091,
        "dvar": 2.88506698608,
        "dvar2": 6.20011997223,
        "max": 30.129655838,
        "mean": 12.7088136673,
        "median": 12.152217865,
        "min": 2.47118091583,
        "var": 18.6423358917
    },
    "erbbands_flatness_db": {
        "dmean": 0.00912424921989,
        "dmean2": 0.0138836400583,
        "dvar": 7.29859893909e-05,
        "dvar2": 0.00018058763817,
        "max": 0.558501303196,
        "mean": 0.295901298523,
        "median": 0.265195816755,
        "min": 0.0575478114188,
        "var": 0.00806005392224
    },
    "erbbands_kurtosis": {
        "dmean": 0.872956871986,
        "dmean2": 1.29405522346,
        "dvar": 4.53486871719,
        "dvar2": 5.59633874893,
        "max": 301.936004639,
        "mean": 2.3894546032,
        "median": 1.53079748154,
        "min": -1.71179234982,
        "var": 80.3908309937
    },
    "erbbands_skewness": {
        "dmean": 0.226556196809,
        "dmean2": 0.332312136889,
        "dvar": 0.0477227903903,
        "dvar2": 0.0936339274049,
        "max": 13.1973180771,
        "mean": 0.54233366251,
        "median": 0.493086487055,
        "min": -2.76458072662,
        "var": 0.718811571598
    },
    "erbbands_spread": {
        "dmean": 1.97166252136,
        "dmean2": 2.90510749817,
        "dvar": 7.45761346817,
        "dvar2": 16.7307090759,
        "max": 154.199874878,
        "mean": 14.7873067856,
        "median": 14.0949220657,
        "min": 0.730511307716,
        "var": 55.6956596375
    },
    "hfc": {
        "dmean": 1.94128406048,
        "dmean2": 2.77422237396,
        "dvar": 6.29698085785,
        "dvar2": 13.2683811188,
        "max": 79.829208374,
        "mean": 17.9388027191,
        "median": 17.560590744,
        "min": 1.17834141424e-16,
        "var": 159.170410156
    },
    "melbands_crest": {
        "dmean": 1.12935614586,
        "dmean2": 1.69213247299,
        "dvar": 1.18225252628,
        "dvar2": 2.79679226875,
        "max": 27.4792480469,
        "mean": 13.5640239716,
        "median": 12.6592311859,
        "min": 1.73372066021,
        "var": 29.5930576324
    },
    "melbands_flatness_db": {
        "dmean": 0.0122626693919,
        "dmean2": 0.0199245549738,
        "dvar": 0.000205045842449,
        "dvar2": 0.000567477720324,
        "max": 0.981846094131,
        "mean": 0.415685236454,
        "median": 0.345473259687,
        "min": 0.00367317046039,
        "var": 0.0375065989792
    },
    "melbands_kurtosis": {
        "dmean": 1.60398244858,
        "dmean2": 2.3438680172,
        "dvar": 95.3830184937,
        "dvar2": 194.200164795,
        "max": 796.991882324,
        "mean": 4.97046518326,
        "median": 3.21124076843,
        "min": -1.52308988571,
        "var": 100.760414124
    },
    "melbands_skewness": {
        "dmean": 0.241088613868,
        "dmean2": 0.351508527994,
        "dvar": 0.125240132213,
        "dvar2": 0.285130769014,
        "max": 22.3116168976,
        "mean": 1.57092368603,
        "median": 1.47783064842,
        "min": -1.11110234261,
        "var": 0.852697491646
    },
    "melbands_spread": {
        "dmean": 1.19098925591,
        "dmean2": 1.73694074154,
        "dvar": 4.50964832306,
        "dvar2": 7.9000287056,
        "max": 183.300109863,
        "mean": 11.1359519958,
        "median": 9.91005802155,
        "min": 0.248924225569,
        "var": 92.3324508667
    },
    "pitch_salience": {
        "dmean": 0.0363663434982,
        "dmean2": 0.0554462149739,
        "dvar": 0.00104846083559,
        "dvar2": 0.00249144784175,
        "max": 0.963266313076,
        "mean": 0.503728270531,
        "median": 0.518511593342,
        "min": 0.0656912177801,
        "var": 0.0149626675993
    },
    "silence_rate_20dB": {
        "dmean": 0,
        "dmean2": 0,
        "dvar": 0,
        "dvar2": 0,
        "max": 1,
        "mean": 1,
        "median": 1,
        "min": 1,
        "var": 0
    },
    "silence_rate_30dB": {
        "dmean": 0.0174494143575,
        "dmean2": 0.0349020697176,
        "dvar": 0.0171454623342,
        "dvar2": 0.0368417091668,
        "max": 1,
        "mean": 0.918143868446,
        "median": 1,
        "min": 0,
        "var": 0.0751621201634
    },
    "silence_rate_60dB": {
        "dmean": 0.00148505659308,
        "dmean2": 0.00297038885765,
        "dvar": 0.00148256728426,
        "dvar2": 0.00314783700742,
        "max": 1,
        "mean": 0.0764733180404,
        "median": 0,
        "min": 0,
        "var": 0.0706357583404
    },
    "spectral_centroid": {
        "dmean": 38.5202674866,
        "dmean2": 59.117099762,
        "dvar": 12200.3457031,
        "dvar2": 14035.1630859,
        "max": 11139.6396484,
        "mean": 565.422729492,
        "median": 531.366577148,
        "min": 75.0178985596,
        "var": 104906.140625
    },
    "spectral_complexity": {
        "dmean": 1.46166694164,
        "dmean2": 2.48602986336,
        "dvar": 1.87320351601,
        "dvar2": 5.05580377579,
        "max": 29,
        "mean": 14.4059400558,
        "median": 15,
        "min": 0,
        "var": 45.4758262634
    },
    "spectral_decrease": {
        "dmean": 1.03374897531e-09,
        "dmean2": 1.50299672708e-09,
        "dvar": 1.43109370065e-18,
        "dvar2": 3.42343627115e-18,
        "max": 1.67083187161e-30,
        "mean": -1.25685293284e-08,
        "median": -1.06566346858e-08,
        "min": -4.46964811829e-08,
        "var": 7.89118790021e-17
    },
    "spectral_energy": {
        "dmean": 0.00403684703633,
        "dmean2": 0.00586803676561,
        "dvar": 2.16039188672e-05,
        "dvar2": 5.13462218805e-05,
        "max": 0.172814443707,
        "mean": 0.0490634851158,
        "median": 0.0421607121825,
        "min": 1.06815956996e-20,
        "var": 0.00118529319298
    },
    "spectral_energyband_high": {
        "dmean": 1.93212399608e-05,
        "dmean2": 2.84833768092e-05,
        "dvar": 3.61894891832e-09,
        "dvar2": 7.20214865524e-09,
        "max": 0.00136052665766,
        "mean": 7.85027150414e-05,
        "median": 2.29739143833e-05,
        "min": 7.734813235e-21,
        "var": 1.93038829366e-08
    },
    "spectral_energyband_low": {
        "dmean": 0.00257793441415,
        "dmean2": 0.00351207586937,
        "dvar": 1.36399276016e-05,
        "dvar2": 3.33838834194e-05,
        "max": 0.129067227244,
        "mean": 0.0231023281813,
        "median": 0.0109908804297,
        "min": 1.95960385263e-23,
        "var": 0.000600926403422
    },
    "spectral_energyband_middle_high": {
        "dmean": 0.00116177694872,
        "dmean2": 0.00166112056468,
        "dvar": 3.57579278898e-06,
        "dvar2": 7.29931389287e-06,
        "max": 0.0519084334373,
        "mean": 0.00558078754693,
        "median": 0.00225374102592,
        "min": 1.61018218714e-21,
        "var": 4.05756218242e-05
    },
    "spectral_energyband_middle_low": {
        "dmean": 0.00287317903712,
        "dmean2": 0.00418076524511,
        "dvar": 1.06902780317e-05,
        "dvar2": 2.55642353295e-05,
        "max": 0.0871222391725,
        "mean": 0.0221102908254,
        "median": 0.0230550337583,
        "min": 4.37523311155e-22,
        "var": 0.000190103179193
    },
    "spectral_entropy": {
        "dmean": 0.0709436908364,
        "dmean2": 0.108759127557,
        "dvar": 0.0044082859531,
        "dvar2": 0.00901999510825,
        "max": 9.81150913239,
        "mean": 6.16462135315,
        "median": 6.3665060997,
        "min": 3.54208922386,
        "var": 0.667703032494
    },
    "spectral_flux": {
        "dmean": 0.00987917836756,
        "dmean2": 0.0165702439845,
        "dvar": 0.000148809267557,
        "dvar2": 0.000404463382438,
        "max": 0.188567504287,
        "mean": 0.0456075295806,
        "median": 0.0446071401238,
        "min": 1.0335180628e-10,
        "var": 0.000603970373049
    },
    "spectral_kurtosis": {
        "dmean": 33.820186615,
        "dmean2": 59.3289375305,
        "dvar": 7240.99853516,
        "dvar2": 22548.6152344,
        "max": 1799.23828125,
        "mean": 110.99785614,
        "median": 18.3903083801,
        "min": -1.21754491329,
        "var": 44478.1914062
    },
    "spectral_rms": {
        "dmean": 0.000277312705293,
        "dmean2": 0.000408133782912,
        "dvar": 7.7915764507e-08,
        "dvar2": 1.93176248331e-07,
        "max": 0.012984585017,
        "mean": 0.00633850926533,
        "median": 0.00641345465556,
        "min": 3.22816794997e-12,
        "var": 7.69022790337e-06
    },
    "spectral_rolloff": {
        "dmean": 54.1885147095,
        "dmean2": 92.6446304321,
        "dvar": 63809.7421875,
        "dvar2": 97728.140625,
        "max": 18776.953125,
        "mean": 691.151062012,
        "median": 538.330078125,
        "min": 86.1328125,
        "var": 1304420
    },
    "spectral_skewness": {
        "dmean": 0.952838659286,
        "dmean2": 1.64800596237,
        "dvar": 1.87802863121,
        "dvar2": 5.60173559189,
        "max": 32.7634544373,
        "mean": 5.87018156052,
        "median": 3.04326248169,
        "min": -0.027186697349,
        "var": 37.0644645691
    },
    "spectral_spread": {
        "dmean": 176234.84375,
        "dmean2": 296747.28125,
        "dvar": 104163057664,
        "dvar2": 130683772928,
        "max": 39963540,
        "mean": 1690245.25,
        "median": 1785493.75,
        "min": 71144.2421875,
        "var": 1.28862637261e+12
    },
    "spectral_strongpeak": {
        "dmean": 0.325613826513,
        "dmean2": 0.565528929234,
        "dvar": 0.474393785,
        "dvar2": 1.11059427261,
        "max": 10.2398672104,
        "mean": 1.1314240694,
        "median": 0.646327912807,
        "min": 0,
        "var": 1.57939732075
    },
    "zerocrossingrate": {
        "dmean": 0.0022167081479,
        "dmean2": 0.00283251167275,
        "dvar": 2.38075881498e-05,
        "dvar2": 3.26631343341e-05,
        "max": 0.5498046875,
        "mean": 0.0245539527386,
        "median": 0.021484375,
        "min": 0.00244140625,
        "var": 0.00118866295088
    },
    "barkbands": {
        "dmean": [6.48746663501e-06, 0.00204608496279, 0.000752896303311, 0.000657714204863, 0.00107084121555, 0.00129562581424, 0.000478974776343, 0.000920527789276, 0.000553602527361, 0.000933487375733, 0.000753831584007, 0.000116649280244, 0.000421160919359, 0.000136472503073, 0.000117913543363, 8.21699140943e-05, 6.18632111582e-05, 2.65323869826e-05, 2.5887560696e-05, 1.40769943755e-05, 6.75062847222e-06, 7.86928194429e-06, 7.20426157841e-07, 3.01844778505e-07, 9.18863847232e-08, 2.24930420956e-08, 6.20311224608e-09],
        "dmean2": [1.20596278066e-05, 0.00287858932279, 0.000956517877057, 0.00106318714097, 0.00144996959716, 0.00197458826005, 0.000680503610056, 0.00111138052307, 0.000715258414857, 0.00120336120017, 0.00104071816895, 0.000179920985829, 0.000657186552417, 0.000223161332542, 0.00019178056391, 0.000132700035465, 0.000106075909571, 4.43102471763e-05, 4.38444476458e-05, 2.29031138588e-05, 1.06104234874e-05, 1.06293491626e-05, 1.20166839679e-06, 4.98138774674e-07, 1.49051672338e-07, 3.62899825745e-08, 1.03229798043e-08],
        "dvar": [6.96337570938e-11, 9.91288015939e-06, 1.38548205086e-06, 8.14564486973e-07, 1.61122432019e-06, 3.5818447941e-06, 4.34677787098e-07, 1.82343228516e-06, 1.099097517e-06, 2.41858015215e-06, 2.17066667574e-06, 6.03956920031e-08, 1.10492965177e-06, 5.02214234643e-08, 4.70710723732e-08, 2.28426575433e-08, 1.61231810125e-08, 2.43923636845e-09, 2.65297650515e-09, 1.42571865425e-09, 6.00149485663e-10, 1.76998660173e-09, 2.60733015039e-12, 5.77061781606e-13, 8.64002608608e-14, 5.38990273041e-15, 1.67648797562e-16],
        "dvar2": [2.4429089307e-10, 2.74220546999e-05, 2.78366542261e-06, 2.45076148531e-06, 4.17179626311e-06, 1.00497654785e-05, 8.68740187343e-07, 2.61247350863e-06, 1.65946210018e-06, 3.95164033762e-06, 3.81647532777e-06, 1.20748325116e-07, 2.60648516814e-06, 1.30958554223e-07, 1.20650540225e-07, 5.73640477342e-08, 4.61252724904e-08, 6.74905020759e-09, 7.62049268133e-09, 3.40250272401e-09, 1.17821719048e-09, 3.21496052003e-09, 7.19611002731e-12, 1.61118676994e-12, 2.24574400959e-13, 1.38140384141e-14, 4.31077063245e-16],
        "max": [0.000175872381078, 0.10127004981, 0.0348416753113, 0.028480168432, 0.0361454673111, 0.0390888638794, 0.0147991832346, 0.0388876572251, 0.0375710427761, 0.0411060377955, 0.0443046949804, 0.0138018457219, 0.0477075688541, 0.00341670587659, 0.00388717046008, 0.0034623532556, 0.00326680671424, 0.000697210954968, 0.000930589390919, 0.00134844554123, 0.000707523198798, 0.0011724854121, 4.60296178062e-05, 3.26987174049e-05, 1.44639789141e-05, 4.10697566622e-06, 7.17277089279e-07],
        "mean": [9.74412159849e-06, 0.016143033281, 0.00602870015427, 0.00259314640425, 0.00419100793079, 0.00503471307456, 0.0019247867167, 0.003434877377, 0.00236869626679, 0.00270019681193, 0.00250484677963, 0.000264186732238, 0.000919587211683, 0.000218979737838, 0.000234711304074, 0.000161306787049, 0.000119066484331, 5.98571932642e-05, 5.94739249209e-05, 3.68001528841e-05, 2.1978339646e-05, 2.96556445392e-05, 2.49574145528e-06, 1.25291171571e-06, 4.02774617214e-07, 1.07408375527e-07, 2.11059294486e-08],
        "median": [7.28545774109e-06, 0.00529325101525, 0.00435846298933, 0.00151066039689, 0.00338639575057, 0.0037684282288, 0.00142977235373, 0.00191281340085, 0.000812250480521, 0.00072592595825, 0.000555682694539, 0.000107849235064, 0.000191933300812, 0.000112016597996, 8.81488522282e-05, 7.41464391467e-05, 3.76752213924e-05, 1.41242653626e-05, 1.27304219859e-05, 6.17848081674e-06, 3.73854345526e-06, 4.45405203209e-06, 4.44089920393e-07, 2.02841434316e-07, 5.22593488483e-08, 1.90370723629e-08, 9.43181976965e-09],
        "min": [1.46268528147e-24, 3.69774565575e-24, 1.2528034931e-23, 6.99221693928e-24, 6.23445293094e-23, 4.93153618109e-23, 1.28258534308e-22, 9.63330368621e-23, 7.45779885901e-23, 8.70771803998e-23, 1.59672199866e-22, 4.00425921708e-23, 4.45445961133e-23, 7.73697736445e-23, 8.22124645239e-23, 7.04690961247e-23, 2.00574385366e-22, 2.67712708801e-22, 4.79885318471e-22, 2.7079302762e-22, 4.92804159038e-22, 4.11552091646e-22, 7.78685634529e-22, 8.16089657366e-22, 1.12913778587e-21, 1.43025939772e-21, 2.68418816304e-21],
        "var": [1.06550303303e-10, 0.00038857551408, 3.27270718117e-05, 9.51596484811e-06, 1.40769807331e-05, 2.46019535552e-05, 3.53481573256e-06, 1.87378645933e-05, 1.30676589833e-05, 1.65354194905e-05, 1.72937488969e-05, 6.4350882667e-07, 6.48741934128e-06, 9.46270333202e-08, 1.18683622929e-07, 5.56030848031e-08, 3.44684032427e-08, 7.95832111322e-09, 8.45145819994e-09, 5.94872773263e-09, 2.93987656441e-09, 8.57404014454e-09, 1.51367147982e-11, 6.33130960853e-12, 7.81933925161e-13, 4.92353621523e-14, 1.74043141925e-15]
    },
    "erbbands": {
        "dmean": [0.024601124227, 0.561456263065, 1.04552686214, 1.20569217205, 4.02668809891, 3.23957490921, 4.86102628708, 12.7522373199, 9.76310920715, 17.5438652039, 11.1164426804, 14.7942848206, 37.0719718933, 5.12641429901, 35.179977417, 8.39231204987, 20.0674781799, 7.03507852554, 4.22634649277, 6.55506372452, 2.70398783684, 2.39859843254, 1.84518516064, 1.81597757339, 0.784285485744, 0.722773909569, 0.279428124428, 0.282783925533, 0.194772332907, 0.258295804262, 0.0296617541462, 0.00853835139424, 0.00378321297467, 0.00148741737939, 0.000551746052224, 0.000159908013302, 3.6968744098e-05, 7.65539789427e-06, 2.33713785747e-06, 4.50480956715e-06],
        "dmean2": [0.0387997888029, 0.784068286419, 1.33044719696, 1.84900641441, 6.61163043976, 3.75760412216, 6.76316165924, 20.3822631836, 12.307767868, 21.9673423767, 15.2323389053, 18.9099082947, 47.5908317566, 7.25569200516, 48.5111465454, 12.2843513489, 31.6225624084, 11.404499054, 6.91443681717, 10.6632051468, 4.39973545074, 4.10444641113, 3.1758928299, 3.09999394417, 1.33517837524, 1.18046069145, 0.457682698965, 0.434271752834, 0.277662783861, 0.332517802715, 0.0460401102901, 0.0140605019405, 0.00623484840617, 0.00240148301236, 0.000909266993403, 0.000262245972408, 5.87923095736e-05, 1.2557291484e-05, 3.55497741111e-06, 6.54583209325e-06],
        "dvar": [0.00162444391754, 0.738408625126, 2.76381325722, 2.16957139969, 34.229511261, 16.0589637756, 43.5021018982, 366.898651123, 242.26234436, 713.504577637, 238.627990723, 786.963806152, 3889.70629883, 52.9659881592, 5089.95214844, 220.199523926, 2540.67407227, 134.860549927, 53.372303009, 175.17616272, 21.6627178192, 24.1485767365, 12.6325597763, 13.2042360306, 4.18791675568, 3.5593354702, 0.485299885273, 1.58267474174, 0.400427430868, 3.91062355042, 0.00824974942952, 0.00041305393097, 9.32680341066e-05, 2.05558844755e-05, 3.75136664843e-06, 3.79972618703e-07, 7.8038437934e-09, 2.38422032117e-10, 8.53328865902e-12, 2.66045276087e-11],
        "dvar2": [0.00483687454835, 1.99921536446, 5.07317590714, 5.9204621315, 121.705757141, 21.5240249634, 100.727180481, 1106.19604492, 393.246490479, 1094.20825195, 481.826263428, 1181.79675293, 6312.98535156, 103.859786987, 9016.17871094, 438.081970215, 6169.2578125, 348.78414917, 143.946899414, 451.628845215, 55.8940582275, 68.6901779175, 36.3995018005, 37.0368652344, 12.3347272873, 8.67394161224, 1.18694758415, 3.0422000885, 0.742953956127, 7.04126501083, 0.0178422164172, 0.00113062304445, 0.000259998603724, 5.42702582607e-05, 1.03035154098e-05, 9.80757590696e-07, 1.92697768853e-08, 6.03201322225e-10, 2.13024216322e-11, 6.27611851378e-11],
        "max": [1.53570902348, 28.5409870148, 56.1147956848, 38.7798957825, 102.154846191, 146.380264282, 172.069442749, 338.760864258, 432.901550293, 731.849853516, 404.83203125, 978.53503418, 1699.27124023, 251.042007446, 2136.44189453, 681.638793945, 2225.12890625, 214.898788452, 151.015045166, 255.325531006, 101.246711731, 139.055953979, 66.3750991821, 56.7634887695, 53.3731040955, 64.2140350342, 21.7619075775, 36.4442253113, 12.138794899, 56.0949020386, 2.22279191017, 0.7758025527, 0.373888075352, 0.265137910843, 0.102984391153, 0.0365505740047, 0.00399263110012, 0.000557126651984, 0.000138754607178, 0.000190562670468],
        "mean": [0.16297878325, 4.46027374268, 9.34696483612, 6.74909067154, 12.5032587051, 12.5165748596, 18.3044700623, 44.3542709351, 45.4302978516, 62.9336776733, 44.7937507629, 63.7214393616, 111.409347534, 20.3961658478, 116.446098328, 26.9214248657, 44.0785293579, 12.8714923859, 10.1090221405, 13.0516500473, 6.25364685059, 5.02802276611, 4.54867649078, 3.99166727066, 1.94425523281, 1.87593352795, 0.866464614868, 0.948977589607, 0.752117931843, 0.960090696812, 0.108415037394, 0.0353549271822, 0.0156852602959, 0.00632452173159, 0.00231072865427, 0.000714943511412, 0.000189195183339, 3.76414500352e-05, 2.65797825705e-05, 5.48745701963e-05],
        "median": [0.12870799005, 1.27288722992, 3.62611031532, 5.5641374588, 8.8390045166, 8.56384754181, 12.0912237167, 33.6119804382, 27.4668502808, 33.8687591553, 33.8665351868, 22.4706935883, 30.1901531219, 10.1469564438, 23.2450275421, 11.3241796494, 10.2042293549, 6.96162509918, 5.56253480911, 5.43905639648, 3.41907763481, 1.69113719463, 1.29300951958, 0.856898367405, 0.409072220325, 0.319410771132, 0.191575825214, 0.174712747335, 0.162894964218, 0.0517291687429, 0.015313660726, 0.00771216349676, 0.00228492775932, 0.000775517721195, 0.000312498392304, 0.000143510100315, 4.37343151134e-05, 1.20537451949e-05, 2.45437022386e-05, 4.80726630485e-05],
        "min": [9.4082946814e-23, 1.37890089247e-21, 1.34845707145e-20, 1.73638959221e-20, 1.26432036313e-19, 1.82465961865e-19, 3.0710274483e-19, 4.95765220062e-19, 1.15005309047e-18, 3.07007133091e-18, 1.13996655348e-18, 9.50199223445e-19, 3.08968812594e-18, 3.90667601219e-18, 5.96718788114e-18, 1.83469052775e-18, 1.82696445403e-18, 4.16145094957e-18, 4.03311759985e-18, 3.97984261891e-18, 7.24076354229e-18, 8.41602754687e-18, 1.34002746382e-17, 2.21760107734e-17, 2.13022913252e-17, 1.23611256849e-17, 1.79119278029e-17, 1.9353174215e-17, 1.70615745527e-17, 1.68715430418e-17, 2.1489158043e-17, 1.61175745309e-17, 1.5099045536e-17, 1.10133126317e-17, 8.85411149827e-18, 4.80200265873e-18, 2.83670796368e-18, 1.20650630612e-18, 3.77610818913e-19, 3.94446083416e-20],
        "var": [0.0165834184736, 31.3995628357, 124.627555847, 29.145318985, 148.891586304, 197.497116089, 369.798248291, 1879.41210938, 2605.38256836, 6684.71923828, 1973.39208984, 9104.7734375, 27905.2539062, 544.260986328, 39043.6601562, 2279.91357422, 14003.2773438, 298.389404297, 163.781387329, 372.288269043, 63.2428207397, 55.0884513855, 41.9746932983, 36.9371261597, 11.7892084122, 14.5295257568, 2.43381118774, 7.23174953461, 2.14942550659, 18.5538253784, 0.0440607480705, 0.00389986392111, 0.000942659913562, 0.000208638099139, 2.9431492294e-05, 3.03530714518e-06, 9.9694396738e-08, 3.4374474378e-09, 3.61107033164e-10, 1.45935152851e-09]
    },
    "gfcc": {
        "mean": [-122.313453674, 213.318939209, -94.6705245972, -1.21541273594, -40.6005058289, -0.55232334137, -9.97926521301, -8.57028388977, -4.28674316406, -7.43543863297, -4.08051013947, -5.35607290268, -4.28492116928],
        "cov": [[34156.515625, -2927.50073242, -10542.3876953, 3773.59985352, -765.789001465, -467.656799316, -345.738098145, 358.600280762, 448.921478271, -62.8658638, -413.567565918, 92.541557312, -120.633506775], [-2927.50073242, 2464.34545898, 1953.41748047, -1139.89990234, 565.625366211, -169.57510376, 134.110427856, -219.163421631, 118.022880554, -81.6862335205, 140.189849854, -85.1215286255, 64.5018615723], [-10542.3876953, 1953.41748047, 4539.26513672, -1346.01452637, 412.364959717, 233.583480835, 261.797698975, -134.506637573, -108.403388977, -62.1985626221, 206.607269287, -70.0861129761, 61.6561355591], [3773.59985352, -1139.89990234, -1346.01452637, 1026.83496094, -259.125244141, 43.7650375366, 0.397233396769, 58.1118850708, 40.0217437744, 19.7052536011, -76.9645690918, 46.7916641235, -33.1272010803], [-765.789001465, 565.625366211, 412.364959717, -259.125244141, 335.509124756, -55.3315544128, 14.6870260239, -3.65320086479, 24.1320304871, -6.11543655396, 53.6513938904, -36.3095321655, 19.0288887024], [-467.656799316, -169.57510376, 233.583480835, 43.7650375366, -55.3315544128, 192.948028564, 63.9304733276, 24.4256305695, -48.7658996582, -27.1383972168, -8.03015708923, 12.2232789993, -16.8924312592], [-345.738098145, 134.110427856, 261.797698975, 0.397233396769, 14.6870260239, 63.9304733276, 179.907989502, 11.2807598114, -3.1676762104, -23.4512500763, 3.23311877251, 7.210688591, 17.6570949554], [358.600280762, -219.163421631, -134.506637573, 58.1118850708, -3.65320086479, 24.4256305695, 11.2807598114, 160.762634277, -38.2217941284, 1.56339514256, 10.8580102921, -23.6195907593, 5.29052734375], [448.921478271, 118.022880554, -108.403388977, 40.0217437744, 24.1320304871, -48.7658996582, -3.1676762104, -38.2217941284, 156.912307739, 16.0133590698, -8.4447183609, 20.3803768158, -20.2531032562], [-62.8658638, -81.6862335205, -62.1985626221, 19.7052536011, -6.11543655396, -27.1383972168, -23.4512500763, 1.56339514256, 16.0133590698, 81.7885055542, 19.6603603363, -7.63658237457, 3.11109209061], [-413.567565918, 140.189849854, 206.607269287, -76.9645690918, 53.6513938904, -8.03015708923, 3.23311877251, 10.8580102921, -8.4447183609, 19.6603603363, 84.0039596558, 3.69815826416, -3.96104812622], [92.541557312, -85.1215286255, -70.0861129761, 46.7916641235, -36.3095321655, 12.2232789993, 7.210688591, -23.6195907593, 20.3803768158, -7.63658237457, 3.69815826416, 79.1968765259, 2.59443020821], [-120.633506775, 64.5018615723, 61.6561355591, -33.1272010803, 19.0288887024, -16.8924312592, 17.6570949554, 5.29052734375, -20.2531032562, 3.11109209061, -3.96104812622, 2.59443020821, 71.825378418]],
        "icov": [[0.00036273727892, -0.00123687298037, 0.000922910345253, -0.00122902984731, 0.000547246192582, -0.000844298978336, 0.000594636250753, -0.00117436249275, 0.000306005676975, -0.000156896770932, 0.000238823471591, -0.000341077160556, 7.62369745644e-05], [-0.00123687298037, 0.00694313552231, -0.00336129497737, 0.00596298230812, -0.00338798738085, 0.0043916143477, -0.00385554134846, 0.0068331756629, -0.0034078930039, 0.00394338322803, -0.00362507696263, 0.0040527950041, -0.00178005779162], [0.000922910345253, -0.00336129497737, 0.00291343103163, -0.00267194886692, 0.00142856582534, -0.0031105785165, 0.00118485745043, -0.00267377193086, 0.000875348050613, -0.000509932404384, -0.000141907876241, -0.000569438212551, -8.73771132319e-05], [-0.00122902984731, 0.00596298230812, -0.00267194886692, 0.0073260627687, -0.00211071572267, 0.00294708204456, -0.00385957327671, 0.00566698471084, -0.00306969322264, 0.00239726388827, -0.00272842007689, 0.00295863067731, -0.00118966947775], [0.000547246192582, -0.00338798738085, 0.00142856582534, -0.00211071572267, 0.00633821450174, -0.00123684690334, 0.00160307856277, -0.00352026033215, 0.000315272423904, -0.000658453791402, -0.000700091419276, 2.81051979982e-05, -0.000265236245468], [-0.000844298978336, 0.0043916143477, -0.0031105785165, 0.00294708204456, -0.00123684690334, 0.0116828586906, -0.00448765838519, 0.00276094535366, 0.000668529886752, 0.00285317958333, 0.000111165136332, 8.36568942759e-05, 0.00271078618243], [0.000594636250753, -0.00385554134846, 0.00118485745043, -0.00385957327671, 0.00160307856277, -0.00448765838519, 0.00970438402146, -0.00442708190531, 0.000840859371237, -0.000904365675524, 0.00200400524773, -0.00263771694154, -0.0013937264448], [-0.00117436249275, 0.0068331756629, -0.00267377193086, 0.00566698471084, -0.00352026033215, 0.00276094535366, -0.00442708190531, 0.0146713694558, -0.00230160122737, 0.00438703596592, -0.00634784298018, 0.00715269194916, -0.00305773108266], [0.000306005676975, -0.0034078930039, 0.000875348050613, -0.00306969322264, 0.000315272423904, 0.000668529886752, 0.000840859371237, -0.00230160122737, 0.0113950558007, -0.00551052717492, 0.00531226024032, -0.00604263599962, 0.00540673406795], [-0.000156896770932, 0.00394338322803, -0.000509932404384, 0.00239726388827, -0.000658453791402, 0.00285317958333, -0.000904365675524, 0.00438703596592, -0.00551052717492, 0.0198345407844, -0.00947376247495, 0.00712985359132, -0.00470973132178], [0.000238823471591, -0.00362507696263, -0.000141907876241, -0.00272842007689, -0.000700091419276, 0.000111165136332, 0.00200400524773, -0.00634784298018, 0.00531226024032, -0.00947376247495, 0.0215979740024, -0.00859210826457, 0.00611626403406], [-0.000341077160556, 0.0040527950041, -0.000569438212551, 0.00295863067731, 2.81051979982e-05, 8.36568942759e-05, -0.00263771694154, 0.00715269194916, -0.00604263599962, 0.00712985359132, -0.00859210826457, 0.0203247815371, -0.00544591806829], [7.62369745644e-05, -0.00178005779162, -8.73771132319e-05, -0.00118966947775, -0.000265236245468, 0.00271078618243, -0.0013937264448, -0.00305773108266, 0.00540673406795, -0.00470973132178, 0.00611626403406, -0.00544591806829, 0.0187138207257]]
    },
    "melbands": {
        "dmean": [0.000411532557337, 0.000639624660835, 0.00029778748285, 0.000221940019401, 0.000183175230632, 0.000280812120764, 0.000135138106998, 0.000210810903809, 9.42087281146e-05, 8.42275476316e-05, 0.000182669435162, 1.52264474309e-05, 0.00010285643657, 4.14290188928e-05, 4.12638692069e-05, 2.75409165624e-05, 1.5514646293e-05, 7.00551800037e-06, 7.93285471445e-06, 9.83922473097e-06, 2.21153140956e-06, 2.00863223654e-06, 3.92610445488e-06, 1.42238593526e-06, 1.65615426795e-06, 7.90805700035e-07, 3.95917936657e-07, 5.55224573873e-07, 2.41800506728e-07, 1.07002890104e-07, 2.42681693408e-07, 1.34520320216e-07, 1.46534048895e-07, 1.0978134668e-07, 1.70427689739e-08, 8.62978311034e-09, 5.01238384132e-09, 3.57240748095e-09, 2.56204191196e-09, 1.28518062859e-09],
        "dmean2": [0.000610452727415, 0.000832251622342, 0.000481522059999, 0.000336595723638, 0.000231313388213, 0.000434445450082, 0.000170943792909, 0.000257661944488, 0.000131072636577, 0.000107763138658, 0.000234752311371, 2.26517895499e-05, 0.000142279823194, 5.86557398492e-05, 6.32677110843e-05, 4.36922091467e-05, 2.5296696549e-05, 1.15040911624e-05, 1.29300460685e-05, 1.59665814863e-05, 3.66360836779e-06, 3.39873599842e-06, 6.78435890222e-06, 2.41330917561e-06, 2.82547853203e-06, 1.34990989409e-06, 6.66653988901e-07, 9.008061852e-07, 3.91217241713e-07, 1.82612794219e-07, 3.71295129753e-07, 1.95596612684e-07, 1.92694983525e-07, 1.42213380627e-07, 2.8433266408e-08, 1.42150886617e-08, 8.25852097819e-09, 5.96987570489e-09, 4.17830392507e-09, 2.11243467163e-09],
        "dvar": [4.2719776161e-07, 9.06855859739e-07, 1.56861545975e-07, 8.17223053673e-08, 5.47360166081e-08, 1.68996365346e-07, 4.503128892e-08, 1.05211540813e-07, 1.84111339507e-08, 2.3081039302e-08, 9.44803133507e-08, 5.33313671003e-10, 4.04713489388e-08, 6.04370464785e-09, 1.0516200355e-08, 3.99357391601e-09, 6.85440149084e-10, 1.43984602019e-10, 2.04890882038e-10, 2.94700625014e-10, 1.27073950321e-11, 1.37571898318e-11, 7.29964561019e-11, 7.79562352171e-12, 1.11493019678e-11, 4.48442238205e-12, 5.77297758209e-13, 2.80893060547e-12, 5.1430707566e-13, 4.88420169923e-14, 1.42496312059e-12, 2.38819679093e-13, 1.05533756647e-12, 6.79221164989e-13, 1.6643642607e-15, 4.28535752645e-16, 1.48089867133e-16, 8.5035543399e-17, 8.4866262541e-17, 2.03503487152e-17],
        "dvar2": [1.27276314288e-06, 1.87926843864e-06, 5.12886913384e-07, 2.62483354163e-07, 1.06398296396e-07, 4.79981792978e-07, 7.26846494103e-08, 1.53711809503e-07, 3.71361323914e-08, 3.51258861997e-08, 1.53717948592e-07, 1.12654674478e-09, 7.15695520626e-08, 1.13116440659e-08, 2.36994086578e-08, 1.00756007981e-08, 1.77072312368e-09, 3.92599397436e-10, 5.17540454936e-10, 7.49813600098e-10, 3.46923323402e-11, 3.85273826731e-11, 2.09436287757e-10, 2.22991382304e-11, 3.12683837156e-11, 1.31860390662e-11, 1.60716578934e-12, 6.64754579507e-12, 1.21112733557e-12, 1.39560644942e-13, 2.72726654628e-12, 4.41417952537e-13, 1.90509283696e-12, 1.22294372979e-12, 4.52699045649e-15, 1.14416183488e-15, 4.10894041587e-16, 2.40975685417e-16, 2.37896244198e-16, 5.24691912199e-17],
        "max": [0.0204937253147, 0.0356058292091, 0.0103380959481, 0.00945609156042, 0.00657641794533, 0.00855210237205, 0.00587040605024, 0.00913471356034, 0.00360884005204, 0.00524451071396, 0.00826957542449, 0.000873984885402, 0.00610987981781, 0.00222052889876, 0.00485312240198, 0.00260146567598, 0.000403508747695, 0.000226038435358, 0.00026274821721, 0.000358837249223, 5.74702062295e-05, 0.000101290017483, 0.000206884680665, 4.81599199702e-05, 5.21897418366e-05, 5.10265999765e-05, 1.37870920298e-05, 6.21431827312e-05, 2.4478911655e-05, 4.94738742418e-06, 3.40750229952e-05, 9.56322583079e-06, 2.97196838801e-05, 2.326185313e-05, 1.05629862901e-06, 8.30093654258e-07, 4.21727264666e-07, 2.43172507908e-07, 4.4443154934e-07, 1.94914008489e-07],
        "mean": [0.00301342224702, 0.00575097184628, 0.00147774582729, 0.000831063312944, 0.000713676097803, 0.001060999115, 0.000616768724285, 0.00075248547364, 0.000388101587305, 0.000373917719116, 0.000533385958988, 4.10882275901e-05, 0.000344633444911, 0.000127367195091, 9.62220437941e-05, 5.77563696424e-05, 2.35906591115e-05, 1.53798591782e-05, 1.57771082741e-05, 1.91552826436e-05, 4.80230664834e-06, 4.19815478381e-06, 7.1634908636e-06, 3.10004725179e-06, 3.25920791511e-06, 1.6647686607e-06, 9.42086956002e-07, 1.3849945617e-06, 6.6897035822e-07, 2.73473602874e-07, 7.33922377094e-07, 4.88488296924e-07, 5.18508159075e-07, 3.97959155407e-07, 4.83478288515e-08, 2.88700032769e-08, 1.73999001873e-08, 1.17236567121e-08, 8.43778202864e-09, 4.27505675304e-09],
        "median": [0.00145087169949, 0.00191675126553, 0.00120200950187, 0.000682926212903, 0.000473752443213, 0.000800477922894, 0.000372207898181, 0.000386488944059, 0.00026366050588, 0.000142866876558, 0.000134553542011, 2.47310108534e-05, 7.48387101339e-05, 3.34871947416e-05, 2.30891091633e-05, 1.37332663144e-05, 1.17121971925e-05, 8.13892893348e-06, 5.65218260817e-06, 8.37942843646e-06, 2.55362738244e-06, 1.56533553763e-06, 1.53802955083e-06, 8.2659016698e-07, 6.66022856421e-07, 2.50256675827e-07, 1.97600840579e-07, 2.01272413847e-07, 1.22851488982e-07, 6.47822133715e-08, 8.40506402255e-08, 7.19288593132e-08, 2.59865391428e-08, 1.53336863207e-08, 6.41468833606e-09, 5.49421175222e-09, 3.53462548119e-09, 1.59600888061e-09, 7.51265771815e-10, 5.28166510527e-10],
        "min": [1.29435311253e-24, 4.80613545949e-24, 5.8573056319e-24, 1.1608260192e-23, 1.05812603233e-23, 1.13864766817e-23, 1.93752174263e-23, 3.25572172589e-23, 6.69625368258e-24, 8.45559336151e-24, 1.56956088661e-23, 1.42627724049e-23, 2.45606052602e-23, 4.2254036712e-24, 3.89252330186e-24, 5.08583555977e-24, 8.31036643544e-24, 6.28239713575e-24, 6.10080766625e-24, 4.48147068205e-24, 1.07322530337e-23, 9.18249634237e-24, 1.11436952718e-23, 1.11393691586e-23, 1.87746323756e-23, 1.81469562637e-23, 1.10068823361e-23, 7.73536808821e-24, 9.77654883591e-24, 1.46896360848e-23, 9.09013808531e-24, 9.88586602471e-24, 7.42936736535e-24, 1.11527955712e-23, 1.18987534872e-23, 1.28642300939e-23, 8.54753904431e-24, 9.23391350731e-24, 1.26862236306e-23, 7.8255404117e-24],
        "var": [1.05490489659e-05, 4.89773156005e-05, 1.44868010921e-06, 5.34394871465e-07, 5.69389271732e-07, 1.08455799364e-06, 4.83953556341e-07, 1.01728323898e-06, 1.74775564687e-07, 2.79978138451e-07, 6.62900902171e-07, 3.15929171713e-09, 3.27911180875e-07, 4.38739888864e-08, 6.77973375218e-08, 2.00613943235e-08, 1.18516174652e-09, 3.95392302233e-10, 5.35210431529e-10, 7.23735127384e-10, 3.57297108566e-11, 3.41789721525e-11, 1.48339007744e-10, 2.24304966961e-11, 2.73614152169e-11, 1.06538979028e-11, 2.07823255133e-12, 1.13274771507e-11, 2.23630771019e-12, 2.00988734662e-13, 6.27640907996e-12, 1.24604254866e-12, 5.00776937279e-12, 3.22435285936e-12, 7.22995560041e-15, 2.65904881494e-15, 1.05719516224e-15, 5.21643440622e-16, 5.91529852698e-16, 1.0009297017e-16]
    },
    "mfcc": {
        "mean": [-740.700622559, 219.111160278, 9.444647789, 22.5312309265, -2.68281531334, 9.687707901, -1.53141474724, 6.2544002533, 2.31534647942, 1.03910458088, 3.91894984245, 2.74776220322, 2.72285699844],
        "cov": [[18081.7480469, 1701.5279541, -5387.23925781, -115.705726624, -1131.10791016, 164.708557129, -457.119812012, 161.002822876, -107.14239502, 98.9966125488, 108.282493591, -48.9192199707, -28.4787712097], [1701.5279541, 2536.20800781, -46.8955535889, -436.355529785, 85.8892669678, 0.99754691124, -126.4688797, -117.240280151, 27.8659915924, -68.8253173828, 41.5235595703, 65.9516906738, 69.4262466431], [-5387.23925781, -46.8955535889, 2305.12597656, 137.564453125, 356.815307617, -1.63469588757, 196.117324829, 0.0556315220892, 42.8270263672, -25.2991657257, -16.9282207489, 2.69892239571, 13.052236557], [-115.705726624, -436.355529785, 137.564453125, 436.797424316, 24.7463741302, 46.8668861389, 40.4357948303, 51.6198959351, 39.1077423096, 19.0901546478, 15.1323022842, -0.76684564352, -4.03679132462], [-1131.10791016, 85.8892669678, 356.815307617, 24.7463741302, 268.411743164, -8.75298023224, 38.8164749146, -0.2219748348, 13.1068353653, 17.2651290894, 3.88754320145, 37.5909729004, 9.45998382568], [164.708557129, 0.99754691124, -1.63469588757, 46.8668861389, -8.75298023224, 137.70930481, -4.55093574524, 28.139131546, 10.5430250168, -22.1284999847, 38.6568145752, -20.6926326752, 20.6950492859], [-457.119812012, -126.4688797, 196.117324829, 40.4357948303, 38.8164749146, -4.55093574524, 176.629684448, 38.9792709351, 13.6746463776, 23.1461772919, -37.0013427734, 22.9513225555, -23.8054733276], [161.002822876, -117.240280151, 0.0556315220892, 51.6198959351, -0.2219748348, 28.139131546, 38.9792709351, 130.945129395, 25.0025997162, 6.20993757248, 11.6393127441, -24.7971973419, 15.0016298294], [-107.14239502, 27.8659915924, 42.8270263672, 39.1077423096, 13.1068353653, 10.5430250168, 13.6746463776, 25.0025997162, 100.774894714, 11.7766113281, 0.363192200661, 5.03060436249, -1.83988404274], [98.9966125488, -68.8253173828, -25.2991657257, 19.0901546478, 17.2651290894, -22.1284999847, 23.1461772919, 6.20993757248, 11.7766113281, 85.5649108887, 6.85478496552, 11.5549678802, -10.9751052856], [108.282493591, 41.5235595703, -16.9282207489, 15.1323022842, 3.88754320145, 38.6568145752, -37.0013427734, 11.6393127441, 0.363192200661, 6.85478496552, 97.9823989868, 5.7311372757, 4.93152332306], [-48.9192199707, 65.9516906738, 2.69892239571, -0.76684564352, 37.5909729004, -20.6926326752, 22.9513225555, -24.7971973419, 5.03060436249, 11.5549678802, 5.7311372757, 77.7092971802, 14.1237306595], [-28.4787712097, 69.4262466431, 13.052236557, -4.03679132462, 9.45998382568, 20.6950492859, -23.8054733276, 15.0016298294, -1.83988404274, -10.9751052856, 4.93152332306, 14.1237306595, 91.4041824341]],
