{
"lowlevel": {
    "average_loudness": 0.822537302971,
    "barkbands_crest": {
        "dmean": 2.20908498764,
        "dmean2": 3.14621472359,
        "dvar": 4.35798311234,
        "dvar2": 9.88247203827,
        "max": 26.6249465942,
        "mean": 12.2818279266,
        "median": 11.6805429459,
        "min": 3.09582710266,
        "var": 21.7409057617
    },
    "barkbands_flatness_db": {
        "dmean": 0.0235236026347,
        "dmean2": 0.0287943650037,
        "dvar": 0.000690502987709,
        "dvar2": 0.00110149278771,
        "max": 0.550165176392,
        "mean": 0.25108486414,
        "median": 0.242117226124,
        "min": 0.0315756835043,
        "var": 0.0104461871088
    },
    "barkbands_kurtosis": {
        "dmean": 4.30350780487,
        "dmean2": 6.01036262512,
        "dvar": 162.294784546,
        "dvar2": 328.955505371,
        "max": 474.807159424,
        "mean": 7.19578742981,
        "median": 3.41113805771,
        "min": -1.79926240444,
        "var": 307.157318115
    },
    "barkbands_skewness": {
        "dmean": 0.564737856388,
        "dmean2": 0.7366117239,
        "dvar": 0.427926033735,
        "dvar2": 0.816539406776,
        "max": 17.0831642151,
        "mean": 1.50138700008,
        "median": 1.28672134876,
        "min": -3.054292202,
        "var": 2.38946986198
    },
    "barkbands_spread": {
        "dmean": 2.77138495445,
        "dmean2": 3.70518922806,
        "dvar": 29.9791202545,
        "dvar2": 52.8429260254,
        "max": 113.870094299,
        "mean": 10.3073644638,
        "median": 7.11411762238,
        "min": 0.147751107812,
        "var": 128.292678833
    },
    "dissonance": {
        "dmean": 0.0385313294828,
        "dmean2": 0.0621696412563,
        "dvar": 0.00125158461742,
        "dvar2": 0.00322464364581,
        "max": 0.499999910593,
        "mean": 0.369648367167,
        "median": 0.379793733358,
        "min": 0.104686841369,
        "var": 0.00623739091679
    },
    "dynamic_complexity": 3.63454890251,
    "erbbands_crest": {
        "dmean": 3.05174970627,
        "dmean2": 4.28965425491,
        "dvar": 7.42618131638,
        "dvar2": 15.7257509232,
        "max": 32.7779045105,
        "mean": 15.4136209488,
        "median": 14.9171504974,
        "min": 2.60844898224,
        "var": 31.4790496826
    },
    "erbbands_flatness_db": {
        "dmean": 0.0235428605229,
        "dmean2": 0.027956251055,
        "dvar": 0.000719539821148,
        "dvar2": 0.0011651875684,
        "max": 0.50752311945,
        "mean": 0.278070479631,
        "median": 0.271369367838,
        "min": 0.0443032979965,
        "var": 0.0113908713683
    },
    "erbbands_kurtosis": {
        "dmean": 2.98379611969,
        "dmean2": 4.21296977997,
        "dvar": 19.7521648407,
        "dvar2": 41.2790031433,
        "max": 84.770980835,
        "mean": 4.52740335464,
        "median": 2.53974628448,
        "min": -1.7752366066,
        "var": 45.1054458618
    },
    "erbbands_skewness": {
        "dmean": 0.522103071213,
        "dmean2": 0.669112682343,
        "dvar": 0.228919863701,
        "dvar2": 0.42812949419,
        "max": 7.04133987427,
        "mean": 1.23328375816,
        "median": 1.15028047562,
        "min": -2.77804636955,
        "var": 1.40013194084
    },
    "erbbands_spread": {
        "dmean": 4.42845869064,
        "dmean2": 6.0842218399,
        "dvar": 43.549571991,
        "dvar2": 84.65599823,
        "max": 117.821456909,
        "mean": 16.6421413422,
        "median": 11.1986379623,
        "min": 0.776692807674,
        "var": 233.647338867
    },
    "hfc": {
        "dmean": 3.53344559669,
        "dmean2": 4.53724718094,
        "dvar": 26.2719955444,
        "dvar2": 52.8307342529,
        "max": 159.834472656,
        "mean": 13.5515537262,
        "median": 10.6782417297,
        "min": 1.16391485496e-16,
        "var": 155.007492065
    },
    "melbands_crest": {
        "dmean": 2.57276940346,
        "dmean2": 3.64182925224,
        "dvar": 6.10976743698,
        "dvar2": 13.3057165146,
        "max": 33.494808197,
        "mean": 15.5797615051,
        "median": 14.7219848633,
        "min": 1.56711351871,
        "var": 32.6240081787
    },
    "melbands_flatness_db": {
        "dmean": 0.0249893926084,
        "dmean2": 0.0306575987488,
        "dvar": 0.000865322072059,
        "dvar2": 0.00139910553116,
        "max": 0.629278600216,
        "mean": 0.329272568226,
        "median": 0.326769918203,
        "min": 0.00360269262455,
        "var": 0.0117485346273
    },
    "melbands_kurtosis": {
        "dmean": 4.94075918198,
        "dmean2": 6.89910507202,
        "dvar": 76.5146179199,
        "dvar2": 163.057846069,
        "max": 169.950973511,
        "mean": 9.37480449677,
        "median": 4.68982124329,
        "min": -1.74175286293,
        "var": 207.46862793
    },
    "melbands_skewness": {
        "dmean": 0.606088936329,
        "dmean2": 0.797860264778,
        "dvar": 0.430144667625,
        "dvar2": 0.871898531914,
        "max": 11.5673389435,
        "mean": 1.75584673882,
        "median": 1.52616691589,
        "min": -2.82159018517,
        "var": 2.52480888367
    },
    "melbands_spread": {
        "dmean": 3.03354692459,
        "dmean2": 3.9778149128,
        "dvar": 19.7919540405,
        "dvar2": 35.5518875122,
        "max": 145.507919312,
        "mean": 12.4509820938,
        "median": 9.52182102203,
        "min": 0.350107610226,
        "var": 173.693344116
    },
    "pitch_salience": {
        "dmean": 0.0561891980469,
        "dmean2": 0.0811288431287,
        "dvar": 0.00307868258096,
        "dvar2": 0.00652366317809,
        "max": 0.870805382729,
        "mean": 0.453314989805,
        "median": 0.454469949007,
        "min": 0.0624980032444,
        "var": 0.013687283732
    },
    "silence_rate_20dB": {
        "dmean": 0,
        "dmean2": 0,
        "dvar": 0,
        "dvar2": 0,
        "max": 1,
        "mean": 1,
        "median": 1,
        "min": 1,
        "var": 0
    },
    "silence_rate_30dB": {
        "dmean": 0.0144548937678,
        "dmean2": 0.0289123058319,
        "dvar": 0.0142460502684,
        "dvar2": 0.0338226333261,
        "max": 1,
        "mean": 0.986939489841,
        "median": 1,
        "min": 0,
        "var": 0.0128886215389
    },
    "silence_rate_60dB": {
        "dmean": 0.0242075938731,
        "dmean2": 0.0484194010496,
        "dvar": 0.0236170794815,
        "dvar2": 0.0513036698103,
        "max": 1,
        "mean": 0.0828907266259,
        "median": 0,
        "min": 0,
        "var": 0.0760152563453
    },
    "spectral_centroid": {
        "dmean": 101.905441284,
        "dmean2": 134.074859619,
        "dvar": 33277.4960938,
        "dvar2": 55502.8710938,
        "max": 11130.6210938,
        "mean": 746.485412598,
        "median": 604.055603027,
        "min": 195.538040161,
        "var": 202068.609375
    },
    "spectral_complexity": {
        "dmean": 1.63845348358,
        "dmean2": 2.5259950161,
        "dvar": 4.93058395386,
        "dvar2": 10.0720691681,
        "max": 50,
        "mean": 9.32895088196,
        "median": 8,
        "min": 0,
        "var": 29.1933822632
    },
    "spectral_decrease": {
        "dmean": 1.66592917239e-09,
        "dmean2": 2.2378738862e-09,
        "dvar": 1.1070072111e-17,
        "dvar2": 2.68026999459e-17,
        "max": 4.55389851939e-18,
        "mean": -6.13591177867e-09,
        "median": -4.45164083374e-09,
        "min": -6.34575059166e-08,
        "var": 3.63789301928e-17
    },
    "spectral_energy": {
        "dmean": 0.00656020548195,
        "dmean2": 0.00879128929228,
        "dvar": 0.000165918565472,
        "dvar2": 0.000399438256864,
        "max": 0.24497500062,
        "mean": 0.0243873931468,
        "median": 0.0178129915148,
        "min": 1.07700070899e-20,
        "var": 0.000561154796742
    },
    "spectral_energyband_high": {
        "dmean": 9.33703195187e-05,
        "dmean2": 0.000132367538754,
        "dvar": 6.49330544888e-08,
        "dvar2": 1.47310075249e-07,
        "max": 0.00300827762112,
        "mean": 0.000191662606085,
        "median": 1.19935584735e-05,
        "min": 7.35736765188e-21,
        "var": 1.66190133655e-07
    },
    "spectral_energyband_low": {
        "dmean": 0.00270532653667,
        "dmean2": 0.00445561204106,
        "dvar": 0.000122372730402,
        "dvar2": 0.000314106058795,
        "max": 0.172885730863,
        "mean": 0.00540239736438,
        "median": 0.00135851744562,
        "min": 9.62926156293e-23,
        "var": 0.000157623770065
    },
    "spectral_energyband_middle_high": {
        "dmean": 0.00127976643853,
        "dmean2": 0.00165113527328,
        "dvar": 5.13452096129e-06,
        "dvar2": 8.38250980451e-06,
        "max": 0.0661552250385,
        "mean": 0.00334532209672,
        "median": 0.00161191215739,
        "min": 1.82093775018e-21,
        "var": 2.56071107287e-05
    },
    "spectral_energyband_middle_low": {
        "dmean": 0.0043738745153,
        "dmean2": 0.00535103539005,
        "dvar": 3.51324197254e-05,
        "dvar2": 7.77904569986e-05,
        "max": 0.11813852191,
        "mean": 0.0168876405805,
        "median": 0.0127185173333,
        "min": 2.94785809223e-22,
        "var": 0.000232435180806
    },
    "spectral_entropy": {
        "dmean": 0.222509205341,
        "dmean2": 0.269414454699,
        "dvar": 0.0776113718748,
        "dvar2": 0.128614202142,
        "max": 9.80029773712,
        "mean": 6.30045986176,
        "median": 6.23882818222,
        "min": 3.55149126053,
        "var": 0.968887388706
    },
    "spectral_flux": {
        "dmean": 0.0168007928878,
        "dmean2": 0.0262395367026,
        "dvar": 0.000590115319937,
        "dvar2": 0.00133070524316,
        "max": 0.3966139853,
        "mean": 0.052683904767,
        "median": 0.0431191660464,
        "min": 1.03778645399e-10,
        "var": 0.00175340811256
    },
    "spectral_kurtosis": {
        "dmean": 8.32371425629,
        "dmean2": 13.6146259308,
        "dvar": 120.342506409,
        "dvar2": 316.887542725,
        "max": 148.393844604,
        "mean": 26.8292942047,
        "median": 15.1861743927,
        "min": -1.17855107784,
        "var": 711.221435547
    },
    "spectral_rms": {
        "dmean": 0.000581617117859,
        "dmean2": 0.00072139815893,
        "dvar": 5.70873282868e-07,
        "dvar2": 1.26348845697e-06,
        "max": 0.0154596250504,
        "mean": 0.00437735719606,
        "median": 0.00416875630617,
        "min": 3.24150038408e-12,
        "var": 4.63132619188e-06
    },
    "spectral_rolloff": {
        "dmean": 244.474197388,
        "dmean2": 382.52456665,
        "dvar": 780573.0625,
        "dvar2": 1486447.75,
        "max": 19121.484375,
        "mean": 1050.38684082,
        "median": 667.529296875,
        "min": 107.666015625,
        "var": 3338448.75
    },
    "spectral_skewness": {
        "dmean": 0.567637681961,
        "dmean2": 0.914232134819,
        "dvar": 0.414101392031,
        "dvar2": 1.05367565155,
        "max": 9.60265731812,
        "mean": 3.53422784805,
        "median": 3.02245497704,
        "min": -0.0158607102931,
        "var": 3.50455594063
    },
    "spectral_spread": {
        "dmean": 513331.1875,
        "dmean2": 697288.4375,
        "dvar": 746030170112,
        "dvar2": 1.23079963443e+12,
        "max": 39740924,
        "mean": 3274367.25,
        "median": 2519675.25,
        "min": 578276.25,
        "var": 5.30524248474e+12
    },
    "spectral_strongpeak": {
        "dmean": 0.546191751957,
        "dmean2": 0.841725170612,
        "dvar": 0.563892662525,
        "dvar2": 1.26663255692,
        "max": 18.3463478088,
        "mean": 1.5004042387,
        "median": 1.27563726902,
        "min": 0,
        "var": 1.38442158699
    },
    "zerocrossingrate": {
        "dmean": 0.00703585892916,
        "dmean2": 0.00742325279862,
        "dvar": 0.00019039590552,
        "dvar2": 0.000178750560735,
        "max": 0.5166015625,
        "mean": 0.0421095713973,
        "median": 0.02978515625,
        "min": 0.00634765625,
        "var": 0.00227352580987
    },
    "barkbands": {
        "dmean": [0.000151739615831, 0.00186541292351, 0.000907843816094, 0.000824247428682, 0.000551439239644, 0.00122092023958, 0.00151603040285, 0.00142895523459, 0.000661982048769, 0.000605250825174, 0.000465235352749, 0.000404891994549, 0.000167434380273, 0.000184309174074, 8.39475178509e-05, 9.0128298325e-05, 8.41484361445e-05, 3.10135474137e-05, 2.9148412068e-05, 2.05243632081e-05, 2.06797139981e-05, 1.3646467778e-05, 1.2968404917e-05, 1.05681383502e-05, 1.02047069959e-05, 1.26650802486e-05, 1.68603382917e-05],
        "dmean2": [0.00025120380451, 0.00314388889819, 0.00159095763229, 0.0014103067806, 0.000885696266778, 0.00141915073618, 0.00164832593873, 0.00163075712044, 0.000808455515653, 0.000687704188749, 0.000592851778492, 0.000557852152269, 0.000238400098169, 0.000284986803308, 0.000128341751406, 0.000142976408824, 0.000129198539071, 4.96684842801e-05, 4.63515534648e-05, 3.31734845531e-05, 3.3766937122e-05, 2.17599172174e-05, 1.89752445294e-05, 1.53305991262e-05, 1.4159393686e-05, 1.75742079591e-05, 2.43740541919e-05],
        "dvar": [5.70806605538e-07, 7.59686809033e-05, 1.01541127151e-05, 7.96215226728e-06, 2.73053342426e-06, 8.42118424771e-06, 7.55445944378e-06, 5.98917949901e-06, 2.62408138951e-06, 2.96487314699e-06, 1.43428724186e-06, 5.73082843403e-07, 2.04607914611e-07, 2.84594051436e-07, 8.67104006375e-08, 1.95737925424e-07, 2.71810478125e-07, 1.02996651208e-08, 9.32404464749e-09, 3.99640009974e-09, 3.13276582453e-09, 2.08934003432e-09, 1.16760745517e-09, 8.12106715209e-10, 8.87973805597e-10, 1.79712777992e-09, 3.63945007464e-09],
        "dvar2": [1.42227008837e-06, 0.000204459327506, 2.94892106467e-05, 2.15356740227e-05, 7.01565386407e-06, 2.09802910831e-05, 1.34535148391e-05, 9.73791429715e-06, 4.90007732878e-06, 3.9806627683e-06, 2.17010233428e-06, 1.1127660855e-06, 3.7078248738e-07, 6.13402619365e-07, 1.76017152853e-07, 4.33451248227e-07, 4.77309981761e-07, 2.32274981471e-08, 2.30601671092e-08, 1.04612691842e-08, 8.35806002186e-09, 5.772079259e-09, 2.72194666806e-09, 1.80304193798e-09, 1.71990044429e-09, 3.78584941174e-09, 8.40441050087e-09],
        "max": [0.00830733217299, 0.145888715982, 0.0581458061934, 0.0596915557981, 0.0377914570272, 0.0752129331231, 0.110612884164, 0.0562808141112, 0.0546181835234, 0.0568228885531, 0.0359667278826, 0.0150309810415, 0.0152806108817, 0.0262562297285, 0.0139658171684, 0.0323231332004, 0.036170002073, 0.00354335154407, 0.00346409715712, 0.00188026018441, 0.000683008634951, 0.001354394597, 0.000576392631046, 0.000460861308966, 0.00035755962017, 0.000647444801871, 0.000849227595609],
        "mean": [0.000139128693263, 0.00267916521989, 0.00143532129005, 0.00225065369159, 0.00140230043326, 0.00333373388276, 0.00422373879701, 0.00353919598274, 0.00146311614662, 0.0011686530197, 0.000824741728138, 0.000610414659604, 0.000232456688536, 0.000302465748973, 0.000153059212607, 0.000160600655363, 0.000162405194715, 5.67001297895e-05, 4.58021277154e-05, 3.20570688928e-05, 3.70997258869e-05, 2.46649178735e-05, 2.68248750217e-05, 2.08576566365e-05, 1.9805129341e-05, 2.24016439461e-05, 2.01476887014e-05],
        "median": [2.33966193264e-06, 0.000914028263651, 5.52323035663e-05, 0.000121502693219, 0.000185131371836, 0.000502835435327, 0.00133262469899, 0.000955548603088, 0.000250744487857, 9.95262016659e-05, 0.000175981069333, 0.000182691946975, 6.24832391622e-05, 8.35227911011e-05, 3.14767967211e-05, 1.40187094075e-05, 1.48752724272e-05, 7.48685124563e-06, 4.42844020654e-06, 3.0496457839e-06, 3.2977175124e-06, 1.78642198989e-06, 1.3285687146e-06, 7.70667554661e-07, 2.98290984801e-07, 1.53304782202e-07, 1.16450245002e-07],
        "min": [6.19541125811e-23, 4.37872139137e-23, 1.45402147853e-23, 1.95810186147e-23, 6.47416251649e-23, 4.66335881428e-23, 4.92646538319e-23, 6.45717171477e-23, 3.09203151033e-23, 5.13966040708e-23, 3.92158848748e-23, 1.03663523668e-22, 4.01218095829e-23, 1.3365128843e-22, 2.09845040859e-22, 2.54942603223e-22, 2.18940733314e-22, 2.78953459207e-22, 2.9810084256e-22, 3.49602705919e-22, 4.59201259318e-22, 5.3613698276e-22, 5.77125438089e-22, 7.99109230744e-22, 1.30819492351e-21, 1.53219506988e-21, 2.35262182139e-21],
        "var": [5.78572155518e-07, 6.36247059447e-05, 1.3134416804e-05, 2.55567956629e-05, 8.37425704958e-06, 3.91429239244e-05, 4.59316652268e-05, 2.93234479614e-05, 8.68021561473e-06, 1.01308751255e-05, 4.55468943983e-06, 1.20700894968e-06, 3.68792683503e-07, 7.33993829272e-07, 3.79652448146e-07, 8.82709912275e-07, 1.23961990539e-06, 3.44303359157e-08, 2.25347722704e-08, 5.34230348848e-09, 5.2527449057e-09, 2.88135426629e-09, 3.37413119667e-09, 2.17656714874e-09, 2.56807863863e-09, 3.97840249633e-09, 4.60775417821e-09]
    },
    "erbbands": {
        "dmean": [0.0603658594191, 0.408444166183, 0.927184343338, 1.99291574955, 2.56576633453, 1.42315876484, 1.66763579845, 12.4800186157, 13.6063232422, 36.4259414673, 29.2527980804, 12.6080493927, 22.8404273987, 14.9453163147, 16.2551555634, 16.8044300079, 7.76537132263, 7.6124587059, 7.17787027359, 2.70684862137, 6.57348251343, 3.90467262268, 1.71065378189, 1.69449090958, 0.963294267654, 0.815268993378, 0.983559727669, 0.776548504829, 0.517116487026, 0.433750480413, 0.364746600389, 0.236248418689, 0.182916879654, 0.115931041539, 0.0774629414082, 0.0471338741481, 0.0251036435366, 0.0100104669109, 0.0029898241628, 0.000194352935068],
        "dmean2": [0.102365486324, 0.703598678112, 1.65597212315, 3.34773755074, 4.18280696869, 2.27264904976, 2.29246044159, 14.4736013412, 16.0156669617, 39.256149292, 32.7344207764, 15.1450986862, 25.4779129028, 18.0381278992, 21.139377594, 22.8995494843, 10.7972745895, 11.7293729782, 10.9721431732, 4.20266819, 10.2921476364, 6.01048946381, 2.65542602539, 2.69154667854, 1.55080711842, 1.31394529343, 1.58822023869, 1.26204144955, 0.824425399303, 0.672537982464, 0.539661407471, 0.35013961792, 0.268733561039, 0.163540378213, 0.109821967781, 0.0655100494623, 0.0355537235737, 0.013952893205, 0.00439597014338, 0.00028467195807],
        "dvar": [0.0918862149119, 3.4475941658, 11.3765697479, 41.7976493835, 67.1614456177, 18.7693481445, 31.8440742493, 902.150756836, 1405.61608887, 3362.8059082, 2627.70410156, 955.524658203, 2845.80395508, 2286.86181641, 1302.50805664, 1085.35070801, 453.68081665, 236.47177124, 538.437194824, 51.8575286865, 1124.70556641, 462.284576416, 34.1289749146, 28.9632759094, 10.5385866165, 5.70960330963, 7.6438794136, 4.72710323334, 3.58797669411, 1.6405646801, 0.919432342052, 0.424499362707, 0.241579353809, 0.108494855464, 0.0587939247489, 0.0228550117463, 0.00757366232574, 0.00112323975191, 0.000120422984764, 4.82613359054e-07],
        "dvar2": [0.238411217928, 9.7372636795, 33.8925056458, 112.2421875, 167.711975098, 47.6082725525, 60.02891922, 2132.69238281, 3486.90209961, 4340.52929688, 4417.36376953, 1846.80932617, 3765.66967773, 3196.40966797, 2063.78515625, 2060.60424805, 823.683959961, 543.022399902, 1153.11401367, 112.2472229, 2246.41967773, 998.573181152, 73.3230743408, 70.9865646362, 27.4649372101, 14.8721494675, 19.8870849609, 12.542347908, 9.99307441711, 4.30665588379, 2.10728502274, 1.01138794422, 0.539414465427, 0.225425377488, 0.111800409853, 0.0469050519168, 0.0159353539348, 0.002225904027, 0.000286566180876, 1.14465365186e-06],
        "max": [4.49884653091, 31.6825275421, 59.0028076172, 136.488998413, 203.066085815, 126.381317139, 241.519042969, 890.142456055, 1863.57885742, 1083.65197754, 1346.44177246, 1212.3840332, 1814.39782715, 2049.65917969, 1058.87744141, 772.93927002, 762.866455078, 582.15020752, 860.322998047, 386.299560547, 2251.58276367, 1145.94909668, 249.82359314, 204.20274353, 77.2462539673, 63.2128143311, 33.5437812805, 26.8698787689, 59.5549812317, 35.4824409485, 14.2906599045, 12.5344371796, 7.38488197327, 5.09706878662, 3.64832401276, 2.05432057381, 1.42794823647, 0.488474488258, 0.15220682323, 0.0104249389842],
        "mean": [0.073088593781, 0.616059601307, 1.43442213535, 5.26812362671, 6.82266902924, 3.52826857567, 5.81776046753, 33.5688896179, 38.9617805481, 99.3983688354, 70.8284759521, 29.8785152435, 48.6727676392, 29.8585414886, 30.9412689209, 25.3431549072, 11.8383312225, 12.547457695, 13.5790691376, 5.22469234467, 12.9341478348, 7.97159767151, 3.51555895805, 2.94405341148, 1.5166592598, 1.39881896973, 1.75601875782, 1.32650732994, 0.934740006924, 0.853130280972, 0.720591127872, 0.441609978676, 0.359449625015, 0.231289446354, 0.139650732279, 0.0871180668473, 0.0427197143435, 0.0155179584399, 0.00347676547244, 0.000232732883887],
        "median": [0.0200140476227, 0.220876544714, 0.186728209257, 0.246705695987, 0.830059349537, 0.476586550474, 0.933534920216, 4.77066326141, 15.1784906387, 23.8686218262, 23.1425571442, 11.1064176559, 9.8991765976, 6.25183105469, 11.1024303436, 9.19026279449, 3.69711184502, 5.23212337494, 2.60754299164, 1.49417483807, 1.4235907793, 0.839631557465, 0.474010765553, 0.317010194063, 0.178067371249, 0.159588649869, 0.134263500571, 0.111706346273, 0.0771746337414, 0.0523303933442, 0.0337046198547, 0.018651869148, 0.0117410896346, 0.00474867830053, 0.00182202225551, 0.000837559695356, 0.000265652255621, 8.69008799782e-05, 3.1743395084e-05, 3.08689159283e-05],
        "min": [2.74653589197e-21, 4.70164249907e-21, 1.67220457721e-20, 3.68080832302e-20, 1.24920867807e-19, 2.4753408265e-19, 1.9637908807e-19, 4.69063416299e-19, 8.93447395593e-19, 7.36167273922e-19, 1.29710946657e-18, 8.03466895355e-19, 1.42017636413e-18, 1.41766059769e-18, 2.75034782619e-18, 4.01459743952e-18, 2.3690047425e-18, 5.93870102161e-18, 1.25703759101e-17, 1.04784427584e-17, 1.13324174054e-17, 1.3937844429e-17, 1.55313731375e-17, 1.41029248639e-17, 1.82623330909e-17, 1.35920961679e-17, 1.39568695831e-17, 2.37007279811e-17, 1.69404008647e-17, 1.6831181591e-17, 1.83238058453e-17, 1.64397613795e-17, 1.27874181767e-17, 1.30874630546e-17, 9.69864553289e-18, 6.76119896472e-18, 2.45348614603e-18, 1.27141258385e-18, 2.93611196395e-19, 3.38030685429e-20],
        "var": [0.0770446658134, 2.7505800724, 12.3338985443, 118.12664032, 187.296859741, 74.6503448486, 253.06262207, 4262.02050781, 5785.15576172, 22966.203125, 11202.2998047, 2886.20507812, 11594.8076172, 6993.59375, 4050.86328125, 2127.93286133, 850.291687012, 514.235778809, 2015.4675293, 232.779602051, 5657.15332031, 1839.67944336, 147.702453613, 81.539390564, 18.9599876404, 8.5329246521, 14.8580770493, 7.16353988647, 4.29276323318, 3.44794297218, 2.46943116188, 0.979004979134, 0.669617414474, 0.323936909437, 0.144210427999, 0.054999101907, 0.0158388186246, 0.00222150818445, 0.000143024968565, 5.35187382411e-07]
    },
    "gfcc": {
        "mean": [-105.124565125, 120.249572754, -119.483573914, -28.5888576508, -60.6568908691, -0.824793577194, -26.5220146179, 2.99916410446, -5.91985321045, 6.4216709137, -7.24320363998, -1.81409478188, -11.662109375],
        "cov": [[18061.8398438, -785.737548828, 1983.75500488, 3630.45166016, 732.706542969, 1380.6953125, 587.875549316, 476.43460083, -600.754455566, -513.967956543, -933.968200684, -375.199584961, -519.230529785], [-785.737548828, 2768.8046875, -468.014709473, -490.248474121, 241.705932617, -211.855209351, -51.7029724121, -236.869812012, 36.2622795105, -275.179748535, 81.654586792, -148.45715332, 47.6337203979], [1983.75500488, -468.014709473, 1482.19213867, 1122.4440918, 223.463638306, 516.275939941, 246.670700073, 115.380363464, -112.570739746, -16.8400707245, -242.358963013, -93.3698272705, -153.608505249], [3630.45166016, -490.248474121, 1122.4440918, 2197.19970703, 563.668212891, 817.312194824, 483.906616211, 348.088043213, -170.145614624, -217.624084473, -396.615509033, -185.077178955, -159.221618652], [732.706542969, 241.705932617, 223.463638306, 563.668212891, 457.80645752, 267.066375732, 177.68296814, 118.155235291, -24.0233783722, -142.777664185, -126.96913147, -80.3773574829, -60.4237861633], [1380.6953125, -211.855209351, 516.275939941, 817.312194824, 267.066375732, 553.147705078, 338.904266357, 207.786514282, -35.542049408, -91.5357208252, -212.46144104, -132.806854248, -139.281585693], [587.875549316, -51.7029724121, 246.670700073, 483.906616211, 177.68296814, 338.904266357, 402.533294678, 238.775558472, 35.1948509216, -83.4153366089, -138.471466064, -119.501861572, -89.5480804443], [476.43460083, -236.869812012, 115.380363464, 348.088043213, 118.155235291, 207.786514282, 238.775558472, 266.361450195, 84.8652420044, -14.0788326263, -97.9663772583, -60.8693656921, -63.253993988], [-600.754455566, 36.2622795105, -112.570739746, -170.145614624, -24.0233783722, -35.542049408, 35.1948509216, 84.8652420044, 250.037536621, 203.108352661, 120.440338135, -13.1677007675, -30.7198448181], [-513.967956543, -275.179748535, -16.8400707245, -217.624084473, -142.777664185, -91.5357208252, -83.4153366089, -14.0788326263, 203.108352661, 379.074310303, 234.876571655, 73.4146881104, -24.4448776245], [-933.968200684, 81.654586792, -242.358963013, -396.615509033, -126.96913147, -212.46144104, -138.471466064, -97.9663772583, 120.440338135, 234.876571655, 306.990722656, 139.483383179, 56.6845779419], [-375.199584961, -148.45715332, -93.3698272705, -185.077178955, -80.3773574829, -132.806854248, -119.501861572, -60.8693656921, -13.1677007675, 73.4146881104, 139.483383179, 191.050964355, 122.591911316], [-519.230529785, 47.6337203979, -153.608505249, -159.221618652, -60.4237861633, -139.281585693, -89.5480804443, -63.253993988, -30.7198448181, -24.4448776245, 56.6845779419, 122.591911316, 191.231628418]],
        "icov": [[9.88051615423e-05, -5.39705688425e-05, 3.01974632748e-05, -0.000168373779161, 8.6199164798e-05, -5.09669916937e-06, 8.3798498963e-05, -8.41320070322e-05, 0.000186615172424, -0.000152354550664, 0.000266600050963, -0.000247987976763, 0.000291175383609], [-5.39705688425e-05, 0.000826472532935, -8.42453227961e-05, 0.00019438531308, -0.000562199682463, 5.49239193788e-05, -0.000237581247347, 0.00113785045687, -0.0011857827194, 0.00167373637669, -0.00150362378918, 0.00145190639887, -0.000592348515056], [3.01974632748e-05, -8.42453227961e-05, 0.00152038270608, -0.00067087111529, 0.000145854690345, -0.000303009466734, -0.000633241899777, 0.00131218251772, 0.000124886559206, -0.00134628987871, 0.00194647081662, -0.00158868567087, 0.00101800775155], [-0.000168373779161, 0.00019438531308, -0.00067087111529, 0.00192508788314, -0.0011262355838, -0.00123789254576, 0.000437634298578, -0.00149053230416, 0.00130699761212, -0.000152049266035, -0.00114813772961, 0.0018712321762, -0.00165590888355], [8.6199164798e-05, -0.000562199682463, 0.000145854690345, -0.0011262355838, 0.00461930269375, -0.00123638648074, 0.000625987944659, -0.000420123920776, -0.00145845965017, 0.00187182240188, -0.000154824461788, -0.00145462201908, 0.00125013652723], [-5.09669916937e-06, 5.49239193788e-05, -0.000303009466734, -0.00123789254576, -0.00123638648074, 0.0079826824367, -0.00467095803469, 0.00144574360456, 0.000309087772621, -0.00178244791459, 0.0031846514903, -0.00202789600007, 0.00259061250836], [8.3798498963e-05, -0.000237581247347, -0.000633241899777, 0.000437634298578, 0.000625987944659, -0.00467095803469, 0.0102860955521, -0.00776415783912, 0.00105178949889, 0.00237784674391, -0.0044781579636, 0.00486866990104, -0.00213411729783], [-8.41320070322e-05, 0.00113785045687, 0.00131218251772, -0.00149053230416, -0.000420123920776, 0.00144574360456, -0.00776415783912, 0.0170689895749, -0.00990742165595, 0.0021669077687, 0.00600666506216, -0.00683010276407, 0.00351508357562], [0.000186615172424, -0.0011857827194, 0.000124886559206, 0.00130699761212, -0.00145845965017, 0.000309087772621, 0.00105178949889, -0.00990742165595, 0.0179753564298, -0.010361392051, -0.00188479432836, 0.00640552304685, -0.00301423761994], [-0.000152354550664, 0.00167373637669, -0.00134628987871, -0.000152049266035, 0.00187182240188, -0.00178244791459, 0.00237784674391, 0.0021669077687, -0.010361392051, 0.0158389862627, -0.00978318136185, 0.00129044649657, 0.001517698518], [0.000266600050963, -0.00150362378918, 0.00194647081662, -0.00114813772961, -0.000154824461788, 0.0031846514903, -0.0044781579636, 0.00600666506216, -0.00188479432836, -0.00978318136185, 0.0202030483633, -0.0141111994162, 0.0053707016632], [-0.000247987976763, 0.00145190639887, -0.00158868567087, 0.0018712321762, -0.00145462201908, -0.00202789600007, 0.00486866990104, -0.00683010276407, 0.00640552304685, 0.00129044649657, -0.0141111994162, 0.0242417566478, -0.0128328436986], [0.000291175383609, -0.000592348515056, 0.00101800775155, -0.00165590888355, 0.00125013652723, 0.00259061250836, -0.00213411729783, 0.00351508357562, -0.00301423761994, 0.001517698518, 0.0053707016632, -0.0128328436986, 0.0143961040303]]
    },
    "melbands": {
        "dmean": [0.000522567948792, 0.00048989627976, 0.000349367503077, 0.000136078422656, 5.58790416108e-05, 0.000277313520201, 0.000234177685343, 0.000381324818591, 0.000212848462979, 8.37333063828e-05, 0.000114925242087, 5.91354437347e-05, 6.73605027259e-05, 4.85321797896e-05, 2.86105878331e-05, 1.46028978634e-05, 1.49136776599e-05, 1.39421681524e-05, 4.80319022245e-06, 3.95634242523e-06, 8.61784337758e-06, 5.14667954121e-06, 1.76970559096e-06, 1.80910637937e-06, 1.48358469687e-06, 9.55016389526e-07, 5.60097248581e-07, 5.59244881515e-07, 7.38589506e-07, 4.7077179488e-07, 4.60763089905e-07, 3.11384837914e-07, 2.85655858079e-07, 2.49714446454e-07, 2.3857683118e-07, 1.82505019097e-07, 1.44254698853e-07, 1.44671176372e-07, 1.04697342351e-07, 9.95454882968e-08],
        "dmean2": [0.000880196632352, 0.000863748195115, 0.000580285035539, 0.000220944071771, 7.95523665147e-05, 0.000320694147376, 0.000271511205938, 0.000412299035816, 0.000242456750129, 0.000100818855572, 0.00012831352069, 7.14254420018e-05, 8.58823623275e-05, 6.70889567118e-05, 3.96047107643e-05, 2.12462236959e-05, 2.29881152336e-05, 2.13919665839e-05, 7.23117182133e-06, 6.21749632046e-06, 1.34713664011e-05, 7.87099634181e-06, 2.79535038317e-06, 2.85272790279e-06, 2.36789992414e-06, 1.52976610934e-06, 9.22212677779e-07, 9.11603478926e-07, 1.20068580145e-06, 7.75766750394e-07, 7.51275536004e-07, 5.01600425196e-07, 4.64181482585e-07, 3.93045297642e-07, 3.63586053709e-07, 2.76113837572e-07, 2.20778176185e-07, 2.19918632638e-07, 1.49924190396e-07, 1.45394039919e-07],
        "dvar": [6.37910989099e-06, 3.70035081687e-06, 1.23907227589e-06, 1.71302588114e-07, 3.5464637449e-08, 4.35757158357e-07, 2.9041120797e-07, 3.5700949752e-07, 1.43424145449e-07, 3.80427280788e-08, 7.06191087829e-08, 4.34333813359e-08, 2.92593576035e-08, 8.251276995e-09, 3.82969922441e-09, 8.88420448319e-10, 1.17440646097e-09, 2.31859620392e-09, 3.23594623319e-10, 2.23570981173e-10, 2.01032723801e-09, 9.72441571712e-10, 4.72964965803e-11, 4.39410521857e-11, 2.42005512852e-11, 9.98242981332e-12, 4.91305737413e-12, 2.33446118339e-12, 4.83278347896e-12, 1.68674243409e-12, 1.48754402893e-12, 1.38569613683e-12, 7.24741935302e-13, 5.08824698955e-13, 3.72550812899e-13, 2.57978778314e-13, 1.51091148599e-13, 1.54740613769e-13, 8.56407975677e-14, 8.19687335585e-14],
        "dvar2": [1.68164824572e-05, 1.07678806671e-05, 3.24631560034e-06, 4.38212055087e-07, 7.13184533652e-08, 1.04925516098e-06, 6.92099604294e-07, 4.77396270071e-07, 2.60414168451e-07, 6.81238745415e-08, 9.32497883355e-08, 6.03559797696e-08, 4.40501217724e-08, 1.63905387041e-08, 7.47891437669e-09, 1.71384806347e-09, 2.65465049942e-09, 4.99792474074e-09, 6.65825339308e-10, 5.33115440682e-10, 3.7453280477e-09, 2.0169335091e-09, 1.1126773114e-10, 1.00761635147e-10, 5.93865859266e-11, 2.47731592184e-11, 1.31415460111e-11, 6.01475206446e-12, 1.24738483431e-11, 4.53572249204e-12, 3.89364929188e-12, 3.91943335426e-12, 1.96145812266e-12, 1.30623777853e-12, 8.63505176651e-13, 6.38689730444e-13, 3.59601508727e-13, 3.68018007561e-13, 1.80099777322e-13, 1.73559151534e-13],
        "max": [0.0406511798501, 0.0286832209677, 0.0226119607687, 0.00957639887929, 0.00722053833306, 0.017897637561, 0.0261155888438, 0.0115551957861, 0.00946749653667, 0.00665514310822, 0.00890329200774, 0.00915961898863, 0.00521263061091, 0.00181283534039, 0.00203257473186, 0.000851197808515, 0.00152230809908, 0.00211568223312, 0.000939373101573, 0.000797214219347, 0.00272289686836, 0.00172700732946, 0.000336171360686, 0.000242088004597, 0.000196023800527, 0.00011186379561, 9.22811595956e-05, 2.83889312414e-05, 2.64207446889e-05, 1.67104226421e-05, 1.64416996995e-05, 3.85136663681e-05, 2.0640422008e-05, 1.8412094505e-05, 8.50396918395e-06, 8.70205258252e-06, 6.92243020239e-06, 5.78245089855e-06, 4.33138620792e-06, 4.46102967544e-06],
        "mean": [0.000725108431652, 0.000797456305008, 0.000995138892904, 0.000347531022271, 0.000180598348379, 0.00074194278568, 0.000691639084835, 0.00105298927519, 0.00048477211385, 0.000190949838725, 0.000241475878283, 0.000114115573524, 0.000122785975691, 7.32687767595e-05, 4.05318096455e-05, 2.11683200178e-05, 2.37475051108e-05, 2.50048960879e-05, 9.03102318262e-06, 6.75976889397e-06, 1.66244899447e-05, 9.61316072789e-06, 3.17283274853e-06, 3.14251315103e-06, 2.3127690838e-06, 1.49911227254e-06, 7.92146352069e-07, 9.36749074754e-07, 1.19548519706e-06, 7.97614063686e-07, 7.71058864757e-07, 5.15003932833e-07, 4.73968128745e-07, 4.88495174977e-07, 4.46403618071e-07, 3.18866852922e-07, 2.52421102687e-07, 2.65084253215e-07, 2.09622797342e-07, 1.87394917361e-07],
        "median": [0.000241104848101, 0.000207345205126, 7.6217293099e-05, 4.53338107036e-05, 1.76507546712e-05, 0.00010507251136, 0.00029958927189, 0.000264323636657, 0.000176128160092, 4.0066355723e-05, 4.62364878331e-05, 1.8340857423e-05, 3.25321416312e-05, 2.18539807975e-05, 8.97711197467e-06, 8.14996656118e-06, 8.97982954484e-06, 3.62891341865e-06, 1.99392434297e-06, 1.22775895761e-06, 1.71116687397e-06, 8.45870431476e-07, 3.66827777043e-07, 3.42164156564e-07, 2.18208654701e-07, 1.34496175974e-07, 1.04127273914e-07, 9.2079147862e-08, 8.1634297544e-08, 6.16164541611e-08, 6.01780314469e-08, 3.87002963009e-08, 3.10167180828e-08, 2.62718575783e-08, 1.94064053716e-08, 1.37122180277e-08, 9.60370005743e-09, 8.9398195513e-09, 5.22600096531e-09, 3.27134341838e-09],
        "min": [2.04261710564e-23, 7.3647983114e-24, 9.28815794974e-24, 1.32130959406e-23, 8.1694711446e-24, 1.10163526113e-23, 1.28019116601e-23, 9.5285593663e-24, 9.40883710216e-24, 4.93708715862e-24, 6.81787473492e-24, 5.55398900827e-24, 6.02415444652e-24, 1.36888429642e-23, 6.12031816859e-24, 5.16397933218e-24, 1.16465215236e-23, 2.03668313614e-23, 1.20595564718e-23, 1.77107982247e-23, 1.18913863152e-23, 1.13999023054e-23, 2.18501628091e-23, 8.16726785609e-24, 1.15578314698e-23, 1.28352055346e-23, 1.39867184197e-23, 8.08556474328e-24, 6.87278734253e-24, 1.09933872926e-23, 1.55466656163e-23, 9.86035820734e-24, 9.58285350696e-24, 9.40231558905e-24, 1.29106734908e-23, 6.74412412889e-24, 1.1172714309e-23, 7.49583915181e-24, 1.18255779608e-23, 1.06992747036e-23],
        "var": [5.42588395547e-06, 3.6584785903e-06, 3.83078850064e-06, 4.72638333804e-07, 2.58736406522e-07, 2.00129807126e-06, 1.3853901919e-06, 2.48406786341e-06, 5.13672432589e-07, 1.33805031055e-07, 2.87009527256e-07, 1.29648086045e-07, 9.2906361715e-08, 1.76509029615e-08, 7.37175120946e-09, 1.70229419449e-09, 2.48235654254e-09, 7.66625429804e-09, 1.5511523177e-09, 7.41659456072e-10, 1.02215924613e-08, 3.36919114829e-09, 1.83257506392e-10, 1.30323765668e-10, 5.85827983346e-11, 2.71186788303e-11, 4.79041025597e-12, 3.81723515644e-12, 8.26387656222e-12, 2.64973503208e-12, 2.45308764621e-12, 1.46887699486e-12, 1.09246444356e-12, 1.18177939223e-12, 9.58741224431e-13, 5.38558726695e-13, 3.27606512881e-13, 3.6986659937e-13, 2.57641374598e-13, 2.22490049388e-13]
    },
    "mfcc": {
        "mean": [-755.581298828, 166.192581177, -8.92818450928, -14.2788743973, -14.8660020828, -5.77061271667, -11.1993083954, -3.34962630272, -0.208015471697, 3.73634552956, 6.64415931702, 9.9523601532, 5.48702335358],
        "cov": [[11964.1367188, -966.350036621, 1215.58374023, 2178.12988281, 818.188354492, 1094.87072754, 959.137207031, 1001.47937012, 613.161560059, 224.220291138, -152.489761353, -180.943069458, -354.491088867], [-966.350036621, 2730.19238281, -632.962402344, -470.143798828, -7.46410036087, -203.644348145, -197.619445801, -108.722595215, -200.44744873, -180.752349854, -77.927520752, -97.6072769165, -55.2314147949], [1215.58374023, -632.962402344, 1256.63757324, 693.78112793, 240.035552979, 455.181915283, 316.365753174, 222.390014648, 198.563476562, 163.643280029, 37.7395629883, -26.3382701874, -77.227722168], [2178.12988281, -470.143798828, 693.78112793, 1198.35949707, 500.573455811, 515.800170898, 470.138092041, 452.199981689, 319.002197266, 163.655960083, -41.0368232727, -87.1983108521, -132.834350586], [818.188354492, -7.46410036087, 240.035552979, 500.573455811, 418.185516357, 293.597106934, 204.838256836, 206.192489624, 127.559410095, 55.2609176636, -15.6728897095, -37.5419921875, -55.0772323608], [1094.87072754, -203.644348145, 455.181915283, 515.800170898, 293.597106934, 445.749816895, 312.339904785, 244.572814941, 181.843811035, 121.560302734, 34.6406784058, 22.8539791107, -36.5190467834], [959.137207031, -197.619445801, 316.365753174, 470.138092041, 204.838256836, 312.339904785, 370.833251953, 332.298431396, 210.501419067, 109.254547119, 7.8863363266, -23.2497444153, -62.6311721802], [1001.47937012, -108.722595215, 222.390014648, 452.199981689, 206.192489624, 244.572814941, 332.298431396, 454.523040771, 295.072967529, 111.543296814, -23.9114494324, -74.5499649048, -109.630104065], [613.161560059, -200.44744873, 198.563476562, 319.002197266, 127.559410095, 181.843811035, 210.501419067, 295.072967529, 324.50994873, 182.357437134, 32.3617553711, -3.48082184792, -64.3152770996], [224.220291138, -180.752349854, 163.643280029, 163.655960083, 55.2609176636, 121.560302734, 109.254547119, 111.543296814, 182.357437134, 223.622512817, 154.22416687, 94.001121521, 23.5805549622], [-152.489761353, -77.927520752, 37.7395629883, -41.0368232727, -15.6728897095, 34.6406784058, 7.8863363266, -23.9114494324, 32.3617553711, 154.22416687, 256.095214844, 213.494812012, 109.438232422], [-180.943069458, -97.6072769165, -26.3382701874, -87.1983108521, -37.5419921875, 22.8539791107, -23.2497444153, -74.5499649048, -3.48082184792, 94.001121521, 213.494812012, 287.949798584, 176.532394409], [-354.491088867, -55.2314147949, -77.227722168, -132.834350586, -55.0772323608, -36.5190467834, -62.6311721802, -109.630104065, -64.3152770996, 23.5805549622, 109.438232422, 176.532394409, 216.951644897]],
