{
"lowlevel": {
    "average_loudness": 0.949271082878,
    "barkbands_crest": {
        "dmean": 2.82076740265,
        "dmean2": 4.46847581863,
        "dvar": 8.83089351654,
        "dvar2": 20.5639343262,
        "max": 26.8816585541,
        "mean": 11.3888540268,
        "median": 10.5399961472,
        "min": 2.49944067001,
        "var": 26.6693248749
    },
    "barkbands_flatness_db": {
        "dmean": 0.021797625348,
        "dmean2": 0.0334441363811,
        "dvar": 0.00059979519574,
        "dvar2": 0.00121414288878,
        "max": 0.529118835926,
        "mean": 0.129477337003,
        "median": 0.117634676397,
        "min": 0.0210759751499,
        "var": 0.00347261340357
    },
    "barkbands_kurtosis": {
        "dmean": 3.31145191193,
        "dmean2": 4.99449634552,
        "dvar": 118.00377655,
        "dvar2": 218.055648804,
        "max": 745.672546387,
        "mean": 4.71733760834,
        "median": 0.796548366547,
        "min": -1.94819271564,
        "var": 472.55255127
    },
    "barkbands_skewness": {
        "dmean": 0.693924844265,
        "dmean2": 1.03092443943,
        "dvar": 0.730261921883,
        "dvar2": 1.40995252132,
        "max": 27.0881443024,
        "mean": 1.55355107784,
        "median": 1.30705833435,
        "min": -4.55366945267,
        "var": 2.73821401596
    },
    "barkbands_spread": {
        "dmean": 14.5326814651,
        "dmean2": 21.4044418335,
        "dvar": 286.020629883,
        "dvar2": 593.234436035,
        "max": 131.251052856,
        "mean": 51.7980308533,
        "median": 49.4741783142,
        "min": 0.348783791065,
        "var": 879.336486816
    },
    "dissonance": {
        "dmean": 0.0177297256887,
        "dmean2": 0.02870124951,
        "dvar": 0.000281002430711,
        "dvar2": 0.000698123942129,
        "max": 0.500000059605,
        "mean": 0.459556102753,
        "median": 0.466076880693,
        "min": 0.294047832489,
        "var": 0.000825539813377
    },
    "dynamic_complexity": 3.30075788498,
    "erbbands_crest": {
        "dmean": 2.17244935036,
        "dmean2": 3.42231082916,
        "dvar": 5.62842226028,
        "dvar2": 12.457901001,
        "max": 32.1625404358,
        "mean": 8.56570720673,
        "median": 7.25838947296,
        "min": 1.99652087688,
        "var": 18.0329399109
    },
    "erbbands_flatness_db": {
        "dmean": 0.0158429574221,
        "dmean2": 0.0230904854834,
        "dvar": 0.000301961263176,
        "dvar2": 0.000637445889879,
        "max": 0.390852957964,
        "mean": 0.110148742795,
        "median": 0.0957728922367,
        "min": 0.0342042930424,
        "var": 0.00262565352023
    },
    "erbbands_kurtosis": {
        "dmean": 0.993090569973,
        "dmean2": 1.58422076702,
        "dvar": 2.9187939167,
        "dvar2": 7.41979551315,
        "max": 58.2623062134,
        "mean": -0.0783153176308,
        "median": -0.647028446198,
        "min": -1.8872538805,
        "var": 4.69069814682
    },
    "erbbands_skewness": {
        "dmean": 0.48049518466,
        "dmean2": 0.680515170097,
        "dvar": 0.290697902441,
        "dvar2": 0.566685855389,
        "max": 4.22245407104,
        "mean": 0.0771284252405,
        "median": 0.0498651191592,
        "min": -6.56124782562,
        "var": 0.935522437096
    },
    "erbbands_spread": {
        "dmean": 13.4481868744,
        "dmean2": 20.9425506592,
        "dvar": 194.95072937,
        "dvar2": 454.955993652,
        "max": 160.06312561,
        "mean": 75.8232803345,
        "median": 75.4633789062,
        "min": 1.34074401855,
        "var": 1086.47509766
    },
    "hfc": {
        "dmean": 90.6773986816,
        "dmean2": 137.718215942,
        "dvar": 28727.71875,
        "dvar2": 63723.09375,
        "max": 1181.73400879,
        "mean": 119.251739502,
        "median": 48.5608863831,
        "min": 1.14189491001e-16,
        "var": 33089.6015625
    },
    "melbands_crest": {
        "dmean": 3.56960916519,
        "dmean2": 5.59560728073,
        "dvar": 17.2842197418,
        "dvar2": 34.6386375427,
        "max": 39.9536056519,
        "mean": 18.3832263947,
        "median": 16.4334926605,
        "min": 1.84331905842,
        "var": 67.9025421143
    },
    "melbands_flatness_db": {
        "dmean": 0.031112389639,
        "dmean2": 0.0477940104902,
        "dvar": 0.00126006605569,
        "dvar2": 0.00259271683171,
        "max": 0.590959489346,
        "mean": 0.199314817786,
        "median": 0.193196564913,
        "min": 0.00789019744843,
        "var": 0.0053176577203
    },
    "melbands_kurtosis": {
        "dmean": 13.2848730087,
        "dmean2": 20.7752361298,
        "dvar": 717.604919434,
        "dvar2": 1470.19335938,
        "max": 1300.63525391,
        "mean": 28.5892181396,
        "median": 17.1999893188,
        "min": -1.82940089703,
        "var": 2216.86743164
    },
    "melbands_skewness": {
        "dmean": 1.03997325897,
        "dmean2": 1.61483466625,
        "dvar": 1.67815828323,
        "dvar2": 3.59285140038,
        "max": 35.0087585449,
        "mean": 4.0750002861,
        "median": 3.69833374023,
        "min": -3.89362001419,
        "var": 5.92674922943
    },
    "melbands_spread": {
        "dmean": 15.6662120819,
        "dmean2": 25.7289333344,
        "dvar": 657.576660156,
        "dvar2": 1587.45410156,
        "max": 240.858108521,
        "mean": 34.541557312,
        "median": 25.0213851929,
        "min": 0.347129136324,
        "var": 1025.73815918
    },
    "pitch_salience": {
        "dmean": 0.0763955265284,
        "dmean2": 0.119588896632,
        "dvar": 0.00727165816352,
        "dvar2": 0.0159951001406,
        "max": 0.875564932823,
        "mean": 0.480510890484,
        "median": 0.499778330326,
        "min": 0.00499165058136,
        "var": 0.023112654686
    },
    "silence_rate_20dB": {
        "dmean": 0,
        "dmean2": 0,
        "dvar": 0,
        "dvar2": 0,
        "max": 1,
        "mean": 1,
        "median": 1,
        "min": 1,
        "var": 0
    },
    "silence_rate_30dB": {
        "dmean": 0.156118139625,
        "dmean2": 0.312263727188,
        "dvar": 0.131753146648,
        "dvar2": 0.246919617057,
        "max": 1,
        "mean": 0.830886900425,
        "median": 1,
        "min": 0,
        "var": 0.140513330698
    },
    "silence_rate_60dB": {
        "dmean": 0.0101969055831,
        "dmean2": 0.0203956048936,
        "dvar": 0.0100949509069,
        "dvar2": 0.0222626328468,
        "max": 1,
        "mean": 0.039201900363,
        "median": 0,
        "min": 0,
        "var": 0.0376677140594
    },
    "spectral_centroid": {
        "dmean": 446.601104736,
        "dmean2": 661.360107422,
        "dvar": 314928.375,
        "dvar2": 654669.5625,
        "max": 11113.0976562,
        "mean": 1810.01208496,
        "median": 1584.09313965,
        "min": 193.741363525,
        "var": 788128
    },
    "spectral_complexity": {
        "dmean": 4.44971847534,
        "dmean2": 6.74391222,
        "dvar": 34.9265327454,
        "dvar2": 74.0909194946,
        "max": 64,
        "mean": 16.199262619,
        "median": 13,
        "min": 0,
        "var": 91.8275756836
    },
    "spectral_decrease": {
        "dmean": 5.65366997662e-09,
        "dmean2": 8.85152662278e-09,
        "dvar": 7.63207721293e-17,
        "dvar2": 1.82619985791e-16,
        "max": -2.53652226006e-29,
        "mean": -1.24520180833e-08,
        "median": -8.53266790557e-09,
        "min": -7.2095751591e-08,
        "var": 1.29494661674e-16
    },
    "spectral_energy": {
        "dmean": 0.027246883139,
        "dmean2": 0.0409164428711,
        "dvar": 0.00154208077583,
        "dvar2": 0.00346785970032,
        "max": 0.312195181847,
        "mean": 0.0578132383525,
        "median": 0.0414086207747,
        "min": 1.04530595904e-20,
        "var": 0.0026683609467
    },
    "spectral_energyband_high": {
        "dmean": 0.00883375667036,
        "dmean2": 0.0133908661082,
        "dvar": 0.000283098925138,
        "dvar2": 0.000630976050161,
        "max": 0.123973570764,
        "mean": 0.0110808257014,
        "median": 0.00414933124557,
        "min": 7.47344839524e-21,
        "var": 0.000325028755469
    },
    "spectral_energyband_low": {
        "dmean": 0.0187451075763,
        "dmean2": 0.0296001192182,
        "dvar": 0.000950563990045,
        "dvar2": 0.00229381676763,
        "max": 0.257473409176,
        "mean": 0.0311487969011,
        "median": 0.0130248190835,
        "min": 5.06376693928e-23,
        "var": 0.00146573409438
    },
    "spectral_energyband_middle_high": {
        "dmean": 0.00129106501117,
        "dmean2": 0.00212441082112,
        "dvar": 1.06671222966e-05,
        "dvar2": 2.91014512186e-05,
        "max": 0.0358224920928,
        "mean": 0.00282905786298,
        "median": 0.00158690847456,
        "min": 1.6189422035e-21,
        "var": 1.44471705426e-05
    },
    "spectral_energyband_middle_low": {
        "dmean": 0.00352012296207,
        "dmean2": 0.00572155648842,
        "dvar": 3.14315839205e-05,
        "dvar2": 8.30366989248e-05,
        "max": 0.122146420181,
        "mean": 0.0115607185289,
        "median": 0.00834307167679,
        "min": 2.42203244289e-22,
        "var": 9.46249128901e-05
    },
    "spectral_entropy": {
        "dmean": 0.199482545257,
        "dmean2": 0.27307510376,
        "dvar": 0.0574439503253,
        "dvar2": 0.110154010355,
        "max": 9.81020641327,
        "mean": 8.05536079407,
        "median": 8.23307514191,
        "min": 5.28620386124,
        "var": 0.338438808918
    },
    "spectral_flux": {
        "dmean": 0.0515029802918,
        "dmean2": 0.0745844319463,
        "dvar": 0.00439019827172,
        "dvar2": 0.00878370646387,
        "max": 0.479834973812,
        "mean": 0.11840352416,
        "median": 0.0867751836777,
        "min": 1.02240202415e-10,
        "var": 0.00802396796644
    },
    "spectral_kurtosis": {
        "dmean": 0.693776726723,
        "dmean2": 1.12139618397,
        "dvar": 1.67437303066,
        "dvar2": 4.55820178986,
        "max": 28.3926715851,
        "mean": 1.03447937965,
        "median": 0.272304058075,
        "min": -1.24346351624,
        "var": 5.07473087311
    },
    "spectral_rms": {
        "dmean": 0.00153242354281,
        "dmean2": 0.00221288716421,
        "dvar": 3.80103961106e-06,
        "dvar2": 7.97137545305e-06,
        "max": 0.0174522399902,
        "mean": 0.00677659967914,
        "median": 0.00635599391535,
        "min": 3.1934474596e-12,
        "var": 1.048080685e-05
    },
    "spectral_rolloff": {
        "dmean": 2108.8659668,
        "dmean2": 3350.43237305,
        "dvar": 8878746,
        "dvar2": 18279010,
        "max": 18647.7539062,
        "mean": 4542.11914062,
        "median": 2519.38476562,
        "min": 21.533203125,
        "var": 19143984
    },
    "spectral_skewness": {
        "dmean": 0.170139431953,
        "dmean2": 0.253783613443,
        "dvar": 0.0363624058664,
        "dvar2": 0.0819973424077,
        "max": 4.11571359634,
        "mean": 0.982534408569,
        "median": 0.914843380451,
        "min": 0.00991302169859,
        "var": 0.152928501368
    },
    "spectral_spread": {
        "dmean": 821653.625,
        "dmean2": 1244354.75,
        "dvar": 988934504448,
        "dvar2": 1.8850751447e+12,
        "max": 40160024,
        "mean": 9988532,
        "median": 10958665,
        "min": 1866817.375,
        "var": 1.01675664671e+13
    },
    "spectral_strongpeak": {
        "dmean": 0.401380807161,
        "dmean2": 0.69361281395,
        "dvar": 0.596997737885,
        "dvar2": 1.45450329781,
        "max": 11.5998735428,
        "mean": 0.759692907333,
        "median": 0.435418426991,
        "min": 0,
        "var": 1.00915312767
    },
    "zerocrossingrate": {
        "dmean": 0.0288171358407,
        "dmean2": 0.0327913798392,
        "dvar": 0.000947742781136,
        "dvar2": 0.0011488123564,
        "max": 0.50390625,
        "mean": 0.137234717607,
        "median": 0.130859375,
        "min": 0,
        "var": 0.00558947538957
    },
    "barkbands": {
        "dmean": [0.00435981014743, 0.0159250851721, 0.00156776397489, 0.000690674874932, 0.00148731959052, 0.00125421176199, 0.000755344110075, 0.000868426577654, 0.00081154005602, 0.000309341558022, 0.000168064827449, 0.000117348150525, 7.28094237274e-05, 0.00015792157501, 0.000123549893033, 0.000118586220196, 0.000120104763482, 0.000251018005656, 0.000190265462152, 0.000332461961079, 0.00118854490574, 0.00109225825872, 0.000890146184247, 0.00159122690093, 0.00165909843054, 0.0018071011873, 0.0010568551952],
        "dmean2": [0.00740866409615, 0.0254257246852, 0.00271606305614, 0.0011998108821, 0.00248708855361, 0.0020159103442, 0.00122869713232, 0.00133579445537, 0.00119384517893, 0.000475472799735, 0.000273645680863, 0.000162049225764, 0.000119907628687, 0.000251092278631, 0.000209298232221, 0.000193255997146, 0.000206760203582, 0.00043913864647, 0.000324514461681, 0.000575243961066, 0.00199071085081, 0.00176142679993, 0.00139425543603, 0.00240400386974, 0.00258396635763, 0.00276903738268, 0.00170038023498],
        "dvar": [7.66887824284e-05, 0.000720378360711, 1.54315202963e-05, 2.34613980865e-06, 7.57893212722e-06, 7.79171932663e-06, 4.20818787461e-06, 6.10188226347e-06, 3.01951740767e-06, 4.72879975177e-07, 4.20475515739e-07, 1.61762912398e-07, 4.89040345997e-08, 2.64760359414e-07, 2.40434104626e-07, 1.49655946302e-07, 8.96988368027e-08, 8.33503236208e-07, 1.6879091902e-07, 1.02389810763e-06, 2.02690862352e-05, 5.13168106409e-06, 2.5309832381e-06, 7.954218745e-06, 8.90046794666e-06, 1.15556222227e-05, 4.87445322506e-06],
        "dvar2": [0.000200824593776, 0.00178950536065, 4.28722778452e-05, 6.22542802375e-06, 1.97926910914e-05, 1.99431487999e-05, 1.02837748273e-05, 1.55703892233e-05, 6.48006698611e-06, 1.06164645786e-06, 1.09388190594e-06, 2.01199966909e-07, 1.20719775509e-07, 5.33752768206e-07, 6.71131942909e-07, 3.67630548226e-07, 2.49515267114e-07, 2.45436535806e-06, 4.6028816314e-07, 2.88182081931e-06, 5.66175476706e-05, 1.23560248539e-05, 5.3303842833e-06, 1.62675205502e-05, 2.09568934224e-05, 2.6132525818e-05, 1.15540005936e-05],
        "max": [0.0936647057533, 0.220991328359, 0.0454545989633, 0.0217323079705, 0.0460403710604, 0.0950949117541, 0.0375783294439, 0.0570476837456, 0.0445607416332, 0.0282910205424, 0.0162167344242, 0.020814973861, 0.00823401473463, 0.0198023989797, 0.0179579481483, 0.0121674304828, 0.00937623064965, 0.0210063531995, 0.00602314993739, 0.0122080584988, 0.0557854101062, 0.0178390014917, 0.0130912782624, 0.0223779007792, 0.021581929177, 0.0231704059988, 0.0170250218362],
        "mean": [0.005612464156, 0.024725150317, 0.00204958277754, 0.00075016572373, 0.00243064691313, 0.00275405915454, 0.00143153511453, 0.00195336272009, 0.00218345667236, 0.000624595966656, 0.000239191605942, 0.000254242564552, 0.000126727158204, 0.000245929317316, 0.000177107911441, 0.000213200022699, 0.000181688868906, 0.000318867038004, 0.000268952891929, 0.000369098648662, 0.00103100051638, 0.00110488710925, 0.00131096295081, 0.00240899203345, 0.00226639257744, 0.00185236986727, 0.000928428838961],
        "median": [0.00145382469054, 0.00932704284787, 0.000790536520071, 0.000366356223822, 0.00163645553403, 0.00113028183114, 0.000529146578629, 0.000770375481807, 0.000650558678899, 0.00020019011572, 5.54925209144e-05, 5.96230056544e-05, 3.56758719136e-05, 6.6191307269e-05, 5.50742770429e-05, 7.7501666965e-05, 7.58244641474e-05, 9.54801871558e-05, 0.000125162710901, 0.000118886826385, 0.000114998299978, 0.000302076863591, 0.000582184002269, 0.00134559452999, 0.00123588484712, 0.00030374279595, 7.03324039932e-05],
        "min": [4.4741973845e-24, 9.36476817655e-24, 2.97414855428e-23, 1.18868132885e-23, 3.13296234726e-23, 1.44786694352e-23, 7.50627025955e-23, 2.48299712826e-23, 4.52163963711e-23, 1.40516372546e-22, 2.71535232136e-23, 1.03067927374e-22, 9.5465977753e-23, 9.78783522665e-23, 9.36309168935e-23, 6.95286918841e-23, 1.87085911494e-22, 3.3119245944e-22, 2.81031381941e-22, 5.22498044714e-22, 3.69633462025e-22, 5.95593921436e-22, 7.50677664515e-22, 8.47528932504e-22, 1.05039336215e-21, 1.49347853396e-21, 2.3072846094e-21],
        "var": [9.38547600526e-05, 0.00104669760913, 1.38404884638e-05, 1.88542537671e-06, 1.05876042653e-05, 2.41472862399e-05, 7.89040495874e-06, 1.23087274915e-05, 1.493581658e-05, 1.81090479145e-06, 8.36863932818e-07, 8.70020301136e-07, 1.18197775123e-07, 5.62024297324e-07, 3.34981024253e-07, 2.40008915853e-07, 1.45274270835e-07, 1.00765407751e-06, 1.64088888255e-07, 7.38458197702e-07, 1.33869598358e-05, 4.96525581184e-06, 3.68422593056e-06, 1.09249785964e-05, 9.80537151918e-06, 1.26556033138e-05, 4.54611745226e-06]
    },
    "erbbands": {
        "dmean": [0.691370844841, 2.8013510704, 2.36063790321, 1.94814431667, 2.9492623806, 5.85641670227, 8.8194103241, 11.9584541321, 10.1294183731, 12.5649747849, 18.1754417419, 15.7913961411, 13.426448822, 7.66226053238, 5.92644262314, 3.44901609421, 3.21536922455, 5.56886434555, 7.07743263245, 5.31113386154, 7.4663143158, 7.51386022568, 11.8776550293, 11.054936409, 11.6590890884, 15.9615106583, 15.7511005402, 64.8926544189, 32.5797195435, 43.1917419434, 30.4201011658, 30.8122062683, 25.0678482056, 20.7868595123, 11.539305687, 6.40440320969, 3.51656508446, 1.67527341843, 0.139999568462, 0.00358507898636],
        "dmean2": [1.07734286785, 4.60219669342, 3.99458527565, 3.33097434044, 5.01550292969, 9.93530464172, 13.9890642166, 19.6343097687, 16.3758220673, 20.5515956879, 27.5511837006, 24.0020885468, 19.2745857239, 12.118221283, 9.25891590118, 5.02517414093, 5.23008012772, 9.04682445526, 11.6292142868, 8.78527641296, 12.1613874435, 12.9653072357, 20.7439613342, 18.9652175903, 20.3271331787, 27.5810489655, 25.0868816376, 110.709243774, 51.8710403442, 70.6134414673, 47.6784133911, 47.3824577332, 38.1095085144, 32.5943260193, 18.0361766815, 9.9268655777, 5.35459852219, 2.70847511292, 0.218054026365, 0.00548610650003],
        "dvar": [1.39359974861, 27.2517738342, 29.6572799683, 19.1905651093, 28.1951560974, 143.272018433, 300.664672852, 997.712646484, 586.69921875, 1742.84094238, 2370.60205078, 1547.69396973, 700.600585938, 420.004425049, 446.17880249, 113.308677673, 85.7253417969, 320.365447998, 462.624206543, 325.7550354, 682.93145752, 348.871643066, 2091.59472656, 638.020629883, 1063.03210449, 2830.35693359, 1638.41003418, 69950.6015625, 5073.41259766, 9733.67382812, 2863.52075195, 3021.74682617, 1916.6348877, 1492.59692383, 429.784576416, 140.962600708, 43.788898468, 12.3755331039, 0.0785069018602, 4.9724458222e-05],
        "dvar2": [3.21227407455, 71.0741119385, 79.9248428345, 49.920841217, 76.7085037231, 386.020385742, 744.825744629, 2633.76708984, 1423.95983887, 4639.03564453, 6045.04736328, 3569.67236328, 1340.99475098, 1103.8223877, 1097.05456543, 176.982818604, 207.352615356, 759.713562012, 1011.37835693, 872.670166016, 1680.37744141, 982.965270996, 6222.83544922, 1747.25292969, 3022.12792969, 7982.47021484, 4146.64697266, 199268.46875, 12934.890625, 24689.1484375, 5921.33007812, 6233.12939453, 4153.37597656, 3525.23632812, 1028.55847168, 330.474731445, 97.9718780518, 29.486656189, 0.17710980773, 0.000112080313556],
        "max": [9.46922779083, 48.0872268677, 51.4870529175, 54.163230896, 73.8348617554, 262.213531494, 460.952789307, 1095.71411133, 467.807281494, 997.752624512, 1718.65820312, 967.641418457, 698.115783691, 470.514801025, 448.553039551, 488.363525391, 352.477874756, 513.14666748, 798.619995117, 651.061950684, 838.625793457, 581.366394043, 1145.34387207, 441.666320801, 477.085510254, 656.071411133, 583.124694824, 3210.82373047, 800.276855469, 876.27130127, 460.188110352, 496.556945801, 402.112701416, 327.22644043, 158.870315552, 85.9006729126, 46.7648696899, 24.6222667694, 2.02399230003, 0.0681140944362],
        "mean": [1.11640536785, 3.90948462486, 3.1507833004, 2.52044725418, 4.14313220978, 8.41738891602, 16.8758602142, 24.7283306122, 22.7556152344, 24.7301540375, 46.1293830872, 41.1058502197, 35.4813804626, 14.964715004, 9.35455417633, 7.08873176575, 6.11445999146, 9.34348678589, 10.6382074356, 9.46892929077, 13.4217147827, 11.6740322113, 15.1683731079, 15.6908102036, 14.9961919785, 17.5852413177, 17.8585681915, 53.5876617432, 33.6796264648, 44.314704895, 43.2994003296, 45.800579071, 38.7292747498, 27.4674510956, 15.407875061, 7.16917133331, 3.48915410042, 1.46542346478, 0.132346391678, 0.00367961241864],
        "median": [0.290902405977, 1.64553761482, 1.58161497116, 1.23230290413, 2.52263879776, 4.77277612686, 9.74180793762, 9.42885398865, 9.37288093567, 11.2993631363, 19.9169464111, 12.127907753, 11.5752830505, 6.48864746094, 2.93510723114, 1.9535793066, 1.92697679996, 3.08931779861, 4.02124500275, 4.44239044189, 5.43348550797, 4.8162612915, 4.30859804153, 6.93838262558, 6.6017332077, 5.47213459015, 3.65797019005, 4.96314668655, 9.64788818359, 13.2830696106, 18.5000972748, 23.448059082, 22.4886322021, 14.0569391251, 8.07114601135, 2.1100590229, 0.44489505887, 0.0912974476814, 0.0124072888866, 0.000641826889478],
        "min": [1.65045958218e-22, 2.89109196441e-21, 2.34387588083e-20, 4.96744834552e-20, 7.52744955675e-20, 1.08944507585e-19, 1.34001462701e-19, 1.27543301767e-19, 9.68288939658e-19, 6.92533134719e-19, 5.0806374141e-19, 1.06300628967e-18, 2.92093604314e-18, 4.05254310935e-18, 1.83086026792e-18, 4.27679921804e-18, 4.29459973123e-18, 5.46726018484e-18, 3.84162073855e-18, 6.23284686103e-18, 3.16551225717e-18, 1.27782844484e-17, 1.69637488647e-17, 9.20781558255e-18, 2.18248213182e-17, 2.30866059333e-17, 2.05873161084e-17, 1.55347678867e-17, 2.26455565394e-17, 2.1698077396e-17, 2.11328615747e-17, 1.77258171282e-17, 1.50844391807e-17, 1.24755545421e-17, 7.32733378366e-18, 6.09189487106e-18, 2.7940072461e-18, 1.04115693418e-18, 3.44829599539e-19, 3.24382237634e-20],
        "var": [2.46116113663, 32.410861969, 26.6230201721, 17.4150695801, 28.9177417755, 174.699111938, 664.579101562, 2597.95483398, 1478.76538086, 2108.04614258, 5519.875, 5902.5078125, 4099.96044922, 919.297363281, 842.739013672, 529.145141602, 231.003936768, 760.93572998, 822.705566406, 504.381896973, 1064.01904297, 572.336181641, 2550.3972168, 698.262390137, 798.791137695, 1992.99182129, 1527.36767578, 43550.8007812, 4716.49414062, 8449.84277344, 4126.12792969, 4160.47949219, 2590.18408203, 1611.42810059, 464.646972656, 148.663009644, 48.5044937134, 11.4770116806, 0.0815549716353, 5.31750411028e-05]
    },
    "gfcc": {
        "mean": [45.2638931274, 25.1112174988, -58.3386917114, 26.3582344055, -68.1670227051, 13.1598453522, -35.7180557251, 23.5992794037, -7.47955989838, 6.65420293808, -11.2608327866, 4.73814535141, -5.32087230682],
        "cov": [[11515.9609375, -1864.17138672, 3011.73730469, 626.791992188, 167.77571106, 809.429138184, -5.95568132401, 320.945648193, -449.421234131, 30.0023727417, -513.154296875, 12.8786306381, -318.650543213], [-1864.17138672, 2026.2878418, -971.863586426, 92.6754226685, 78.1123657227, -44.1747207642, 225.712219238, -35.6906547546, 253.262283325, -115.213989258, 316.469055176, -85.7948455811, 198.691741943], [3011.73730469, -971.863586426, 2303.10083008, 330.410369873, 89.2272567749, 426.917053223, -173.580429077, 305.050750732, -205.554901123, -40.6433525085, -272.715118408, 31.7566871643, -228.414932251], [626.791992188, 92.6754226685, 330.410369873, 359.787811279, 172.634216309, 96.0238571167, 47.9216346741, 9.14859294891, 16.5729751587, -43.1593666077, 1.40618884563, -12.6700649261, -3.09697842598], [167.77571106, 78.1123657227, 89.2272567749, 172.634216309, 336.594299316, 120.780075073, 102.771713257, 16.1027317047, 0.852881133556, 44.6704292297, 1.86332798004, 0.180279612541, 7.03093147278], [809.429138184, -44.1747207642, 426.917053223, 96.0238571167, 120.780075073, 249.609710693, 31.2870864868, 82.0662231445, -46.5069770813, -0.713053584099, -29.1682796478, -6.117831707, -33.680644989], [-5.95568132401, 225.712219238, -173.580429077, 47.9216346741, 102.771713257, 31.2870864868, 273.837280273, -18.3423042297, 59.5864486694, 53.2306556702, 46.6088218689, 4.4497885704, 49.2396774292], [320.945648193, -35.6906547546, 305.050750732, 9.14859294891, 16.1027317047, 82.0662231445, -18.3423042297, 202.33770752, 7.99180793762, -23.3936519623, -61.0870819092, -12.7751340866, -20.5528144836], [-449.421234131, 253.262283325, -205.554901123, 16.5729751587, 0.852881133556, -46.5069770813, 59.5864486694, 7.99180793762, 161.655715942, 33.2518424988, 50.0949630737, -6.41782474518, 38.5983657837], [30.0023727417, -115.213989258, -40.6433525085, -43.1593666077, 44.6704292297, -0.713053584099, 53.2306556702, -23.3936519623, 33.2518424988, 165.801101685, 31.9098052979, 24.0411300659, -16.0071144104], [-513.154296875, 316.469055176, -272.715118408, 1.40618884563, 1.86332798004, -29.1682796478, 46.6088218689, -61.0870819092, 50.0949630737, 31.9098052979, 162.422180176, 30.7349720001, 38.9045982361], [12.8786306381, -85.7948455811, 31.7566871643, -12.6700649261, 0.180279612541, -6.117831707, 4.4497885704, -12.7751340866, -6.41782474518, 24.0411300659, 30.7349720001, 90.080329895, 24.4220867157], [-318.650543213, 198.691741943, -228.414932251, -3.09697842598, 7.03093147278, -33.680644989, 49.2396774292, -20.5528144836, 38.5983657837, -16.0071144104, 38.9045982361, 24.4220867157, 98.728805542]],
        "icov": [[0.000173891487066, 4.76620261907e-05, -5.72923963773e-05, -0.000328873255057, 0.000292971060844, -0.000371229136363, -0.000144006931805, -6.26990470209e-07, 0.000268110568868, -0.000239926419454, 0.000308968999889, -4.44604193035e-05, -7.83126233728e-06], [4.76620261907e-05, 0.00152025651187, 0.000134042333229, 2.55469658441e-05, -0.000271650904324, -0.000434702844359, -0.00043262791587, -0.000472178478958, -0.0010634487262, 0.00152917765081, -0.00276356399991, 0.00215805927292, -0.00138739251997], [-5.72923963773e-05, 0.000134042333229, 0.00168367754668, -0.00161877460778, 0.00090566999279, -0.00164219923317, 0.000416064664023, -0.00131251674611, 0.000506169977598, -0.000361913349479, 0.00126917578746, -0.0018436278915, 0.00198373245075], [-0.000328873255057, 2.55469658441e-05, -0.00161877460778, 0.00697256950662, -0.00398624967784, 0.00151779758744, -0.000301197433146, 0.0020882319659, -0.00287426798604, 0.00366420950741, -0.0026586423628, 0.00203801738098, -0.000991366337985], [0.000292971060844, -0.000271650904324, 0.00090566999279, -0.00398624967784, 0.00655609415844, -0.00316242570989, -0.00088812148897, -0.000770408834796, 0.00200783950277, -0.00334294233471, 0.00258275587112, -0.00137249194086, 0.000194168431335], [-0.000371229136363, -0.000434702844359, -0.00164219923317, 0.00151779758744, -0.00316242570989, 0.00939868297428, -0.000897508871276, -0.00134488195181, 0.00128536624834, 0.000660879595671, -0.00239265197888, 0.00175989337731, -0.000363740400644], [-0.000144006931805, -0.00043262791587, 0.000416064664023, -0.000301197433146, -0.00088812148897, -0.000897508871276, 0.00554012786597, 0.000267679482931, -0.000850132782944, -0.00182749622036, 0.000511489924975, -0.00015699044161, -0.00171790877357], [-6.26990470209e-07, -0.000472178478958, -0.00131251674611, 0.0020882319659, -0.000770408834796, -0.00134488195181, 0.000267679482931, 0.00826572161168, -0.00286263041198, 0.00125577789731, 0.00219657015987, 0.000204872791073, -0.000433057954069], [0.000268110568868, -0.0010634487262, 0.000506169977598, -0.00287426798604, 0.00200783950277, 0.00128536624834, -0.000850132782944, -0.00286263041198, 0.0113921137527, -0.00470053171739, 0.000871417461894, 0.000235836414504, -0.00140762631781], [-0.000239926419454, 0.00152917765081, -0.000361913349479, 0.00366420950741, -0.00334294233471, 0.000660879595671, -0.00182749622036, 0.00125577789731, -0.00470053171739, 0.0118038952351, -0.00471139792353, -0.000158598777489, 0.00270943599753], [0.000308968999889, -0.00276356399991, 0.00126917578746, -0.0026586423628, 0.00258275587112, -0.00239265197888, 0.000511489924975, 0.00219657015987, 0.000871417461894, -0.00471139792353, 0.0164043903351, -0.00851075444371, 0.00315027893521], [-4.44604193035e-05, 0.00215805927292, -0.0018436278915, 0.00203801738098, -0.00137249194086, 0.00175989337731, -0.00015699044161, 0.000204872791073, 0.000235836414504, -0.000158598777489, -0.00851075444371, 0.0198059789836, -0.00953246280551], [-7.83126233728e-06, -0.00138739251997, 0.00198373245075, -0.000991366337985, 0.000194168431335, -0.000363740400644, -0.00171790877357, -0.000433057954069, -0.00140762631781, 0.00270943599753, 0.00315027893521, -0.00953246280551, 0.0201889313757]]
    },
    "melbands": {
        "dmean": [0.00521905999631, 0.00200450094417, 0.000348755274899, 0.000299393781461, 0.000298134837067, 0.000252428115346, 0.000152648266521, 0.000155949397595, 0.000147367958562, 0.000107789222966, 7.03070036252e-05, 3.49669280695e-05, 2.23799670493e-05, 1.45042222357e-05, 6.6980437623e-06, 1.02069407149e-05, 1.07727819341e-05, 1.23276422528e-05, 1.16633891594e-05, 6.17797741143e-06, 9.03716772882e-06, 8.43091311253e-06, 7.05691354597e-06, 1.43198467413e-05, 8.44310488901e-06, 7.96257154434e-06, 1.10084711196e-05, 1.04400451164e-05, 8.12080088508e-06, 1.5760639144e-05, 4.7222514695e-05, 1.67860525835e-05, 2.41933557845e-05, 2.1140818717e-05, 1.84619839274e-05, 1.83862139238e-05, 1.90290666069e-05, 1.68925344042e-05, 1.99812802748e-05, 1.76414487214e-05],
        "dmean2": [0.00818649865687, 0.00333591969684, 0.000593716802541, 0.000511888239998, 0.000478023895994, 0.000410754437326, 0.000246236275416, 0.000245887669735, 0.000222873335588, 0.000161617295817, 0.000100882782135, 5.48463758605e-05, 3.61670172424e-05, 1.94475342141e-05, 1.08485864985e-05, 1.68118585862e-05, 1.74274991878e-05, 1.99134592549e-05, 1.96954842977e-05, 9.90053104033e-06, 1.48677618199e-05, 1.45321937453e-05, 1.22916144392e-05, 2.51471192314e-05, 1.44490431921e-05, 1.36285734698e-05, 1.95574757527e-05, 1.79948347068e-05, 1.32399954964e-05, 2.58083309745e-05, 8.09419798316e-05, 2.71909611911e-05, 4.04991151299e-05, 3.40379556292e-05, 2.93622415484e-05, 2.83049485006e-05, 2.97044789477e-05, 2.55264531006e-05, 3.1686584407e-05, 2.80241656583e-05],
        "dvar": [7.52041742089e-05, 1.65501951415e-05, 5.39339794159e-07, 3.57619313718e-07, 3.25561984482e-07, 3.99980706334e-07, 1.31962025307e-07, 2.27095938499e-07, 1.5912050344e-07, 6.51507434668e-08, 1.92924520803e-08, 7.759970444e-09, 7.92896237556e-09, 2.90290680383e-09, 4.97013319389e-10, 1.2266520022e-09, 1.0794860561e-09, 1.91861526666e-09, 2.67166910817e-09, 1.93366544998e-10, 1.03215280767e-09, 5.22406118364e-10, 5.34597699442e-10, 3.55945872776e-09, 2.89805179854e-10, 3.50291129436e-10, 1.35733591033e-09, 1.02486374942e-09, 3.15155762598e-10, 2.68765032452e-09, 3.75113735629e-08, 1.40975153773e-09, 2.96807001199e-09, 2.14790718545e-09, 1.04051944838e-09, 1.09388675895e-09, 1.13589482265e-09, 7.60174700964e-10, 1.38972056085e-09, 1.09359055145e-09],
        "dvar2": [0.000178700502147, 4.37073649664e-05, 1.40365546031e-06, 9.6738801858e-07, 8.20536229185e-07, 1.04593277683e-06, 3.19464675158e-07, 5.93018910422e-07, 4.02152124934e-07, 1.4355734379e-07, 3.68344181823e-08, 1.99791880817e-08, 2.05666399467e-08, 3.24831428422e-09, 1.0386697058e-09, 3.03889180486e-09, 2.46499265444e-09, 3.77472586521e-09, 7.49410933309e-09, 4.6142076271e-10, 2.53260101779e-09, 1.45749101677e-09, 1.54520585216e-09, 1.06273168043e-08, 7.73585806524e-10, 9.76329350699e-10, 3.90333054767e-09, 2.85878409834e-09, 7.99585508915e-10, 7.20541049049e-09, 1.0718255794e-07, 3.72648534253e-09, 7.65879981657e-09, 5.32600497039e-09, 2.25714114066e-09, 2.29610219726e-09, 2.41653919097e-09, 1.60270552385e-09, 3.26540861018e-09, 2.6332374059e-09],
        "max": [0.0728642866015, 0.0345806255937, 0.0097869168967, 0.0118698170409, 0.0152777954936, 0.0222836062312, 0.00680888770148, 0.00957518257201, 0.0159514565021, 0.00580921210349, 0.0035846454557, 0.00224593514577, 0.00218318286352, 0.00290548056364, 0.000781693030149, 0.00122690829448, 0.000871826137882, 0.00186751282308, 0.00191255961545, 0.000272838020464, 0.00103192555252, 0.000783501251135, 0.000705727783497, 0.00161649729125, 0.000197474320885, 0.000298989150906, 0.000456418696558, 0.000403649028158, 0.000233027807553, 0.000690393440891, 0.00232413131744, 0.000445049634436, 0.000445209327154, 0.000451486033853, 0.000289497518679, 0.00029493929469, 0.000306565198116, 0.000221233029151, 0.000379177421564, 0.000280945852865],
        "mean": [0.00842762272805, 0.00284228404053, 0.000486111355713, 0.000423383404268, 0.000561858876608, 0.00054806395201, 0.000339245190844, 0.000326067325659, 0.000363470084267, 0.000281051441561, 0.000179844748345, 6.75292758388e-05, 3.18265083479e-05, 3.03944161715e-05, 1.02713829619e-05, 1.82706698979e-05, 1.70289822563e-05, 1.79157923412e-05, 1.66727222677e-05, 1.18351345009e-05, 1.52814864123e-05, 1.26818549688e-05, 8.89022612682e-06, 1.72179952642e-05, 1.20273143693e-05, 1.10146938823e-05, 1.20491467896e-05, 1.12371862997e-05, 9.36784454098e-06, 1.51198128151e-05, 3.82198923035e-05, 1.77536749106e-05, 2.24616051128e-05, 2.30411169468e-05, 2.46118961513e-05, 2.65996222879e-05, 2.77825693047e-05, 2.6732648621e-05, 2.67521518253e-05, 2.22373255383e-05],
        "median": [0.00269655766897, 0.00143130042125, 0.000280442240182, 0.000253052014159, 0.000342183979228, 0.00022574661125, 0.000140972595545, 0.000141782220453, 0.000148461971548, 7.21458054613e-05, 5.61553861189e-05, 2.65436301561e-05, 9.13561234483e-06, 6.79691993355e-06, 2.19895264308e-06, 4.21948834628e-06, 4.9936288633e-06, 5.3127200772e-06, 4.48651599072e-06, 4.54726477983e-06, 5.69381609239e-06, 4.89831609229e-06, 3.03832553072e-06, 4.55553026768e-06, 5.44759086551e-06, 5.20385583513e-06, 4.17815135734e-06, 3.06684091811e-06, 2.04988145924e-06, 2.19591788664e-06, 2.99398311654e-06, 4.85538430439e-06, 5.94278571953e-06, 7.2862117122e-06, 9.34228683036e-06, 1.20105778478e-05, 1.41059190355e-05, 1.50232872329e-05, 1.30858379634e-05, 1.07590267362e-05],
        "min": [2.65309817973e-24, 1.00654233885e-23, 9.02096366139e-24, 7.13771681122e-24, 4.4168460134e-24, 2.9973704894e-24, 1.54516141881e-23, 6.93669296446e-24, 3.6200767776e-24, 7.59129684336e-24, 1.48107514773e-23, 1.72022259099e-23, 4.45872308898e-24, 1.01599857229e-23, 1.12122520176e-23, 9.63273554858e-24, 1.03988259838e-23, 5.62963682478e-24, 8.10455183641e-24, 6.68537213525e-24, 2.95465860177e-24, 1.17981177126e-23, 1.33646952851e-23, 1.83337837696e-23, 4.90125512415e-24, 1.42805154644e-23, 1.46886736745e-23, 1.57814700647e-23, 1.48398762219e-23, 8.07102603679e-24, 8.86305895172e-24, 1.48747517625e-23, 8.12704620512e-24, 1.33405529859e-23, 1.12607890514e-23, 1.28942296853e-23, 9.58024711053e-24, 1.09637000901e-23, 9.8524411993e-24, 1.08858434631e-23],
        "var": [0.000124072117615, 1.66829813679e-05, 5.05422974584e-07, 3.78711717985e-07, 6.77318098496e-07, 1.10125711217e-06, 3.24808155483e-07, 3.41463987752e-07, 3.71017563339e-07, 3.00782176055e-07, 1.09529075587e-07, 1.85215665027e-08, 1.33814328507e-08, 1.52280659194e-08, 1.42473122189e-09, 3.24422755327e-09, 2.43151387913e-09, 3.70407060579e-09, 3.66239572003e-09, 3.86402937425e-10, 1.580195641e-09, 8.93759399823e-10, 5.72267289112e-10, 4.02258049093e-09, 3.3272806732e-10, 3.08285036388e-10, 9.03754404646e-10, 7.62077956296e-10, 3.2769761904e-10, 1.99126937162e-09, 2.31987797861e-08, 1.25177568311e-09, 2.41598518969e-09, 2.02658290149e-09, 1.41930656117e-09, 1.54836976574e-09, 1.51355439293e-09, 1.13794196288e-09, 1.56808233065e-09, 1.12436526756e-09]
    },
    "mfcc": {
        "mean": [-618.43371582, 72.5082092285, 53.3599128723, 16.9307518005, 5.42397165298, -8.557762146, -6.86023664474, 9.0315284729, 6.79250764847, 12.7781639099, 5.25696182251, -0.39761608839, 0.898285508156],
        "cov": [[7177.20800781, -939.0546875, 1659.99560547, 236.611587524, 395.94619751, 358.423339844, 391.002075195, 177.755020142, 213.261535645, -27.343132019, 23.3076877594, -11.2063045502, -97.8575973511], [-939.0546875, 1239.89562988, -467.669616699, 64.0952682495, -73.2627258301, -1.20313465595, 29.4770908356, 90.3007888794, -19.2944278717, 153.584564209, -21.022693634, 30.0536499023, 142.381866455], [1659.99560547, -467.669616699, 1604.31237793, 49.3300628662, 441.459075928, -22.2957000732, 92.7052688599, 176.795166016, 63.5648727417, -23.4736003876, 38.2786140442, -88.8964538574, -76.6029434204], [236.611587524, 64.0952682495, 49.3300628662, 285.376373291, 82.345664978, 108.300819397, 50.3947143555, 41.1482772827, 39.0936775208, 11.1938276291, 14.6349058151, 25.0506572723, 3.79161858559], [395.94619751, -73.2627258301, 441.459075928, 82.345664978, 375.101531982, 43.0772399902, 79.53125, 92.9866256714, 26.8081760406, 6.54278278351, 23.2302150726, -40.7545814514, -43.3670272827], [358.423339844, -1.20313465595, -22.2957000732, 108.300819397, 43.0772399902, 252.156845093, 119.089706421, -2.90807127953, 23.1058864594, 5.85253238678, 18.8523426056, 45.3081092834, 39.999584198], [391.002075195, 29.4770908356, 92.7052688599, 50.3947143555, 79.53125, 119.089706421, 204.916946411, 54.7769851685, 29.9932861328, 22.1259346008, 0.959266126156, 11.8451719284, 19.289981842], [177.755020142, 90.3007888794, 176.795166016, 41.1482772827, 92.9866256714, -2.90807127953, 54.7769851685, 149.846435547, 50.1309661865, 31.0697307587, -11.7147283554, -34.9875679016, -9.50798511505], [213.261535645, -19.2944278717, 63.5648727417, 39.0936775208, 26.8081760406, 23.1058864594, 29.9932861328, 50.1309661865, 134.430587769, 55.1044120789, 15.5030584335, -11.2008562088, -16.7697105408], [-27.343132019, 153.584564209, -23.4736003876, 11.1938276291, 6.54278278351, 5.85253238678, 22.1259346008, 31.0697307587, 55.1044120789, 129.678222656, 23.7034244537, 0.143403157592, 17.3272304535], [23.3076877594, -21.022693634, 38.2786140442, 14.6349058151, 23.2302150726, 18.8523426056, 0.959266126156, -11.7147283554, 15.5030584335, 23.7034244537, 100.961044312, 28.6984653473, -6.9434094429], [-11.2063045502, 30.0536499023, -88.8964538574, 25.0506572723, -40.7545814514, 45.3081092834, 11.8451719284, -34.9875679016, -11.2008562088, 0.143403157592, 28.6984653473, 119.824684143, 57.7272377014], [-97.8575973511, 142.381866455, -76.6029434204, 3.79161858559, -43.3670272827, 39.999584198, 19.289981842, -9.50798511505, -16.7697105408, 17.3272304535, -6.9434094429, 57.7272377014, 123.999282837]],
