{
"lowlevel": {
    "average_loudness": 0.925208330154,
    "barkbands_crest": {
        "dmean": 2.42754554749,
        "dmean2": 4.01630735397,
        "dvar": 5.04210186005,
        "dvar2": 13.3933830261,
        "max": 26.9412231445,
        "mean": 11.2954406738,
        "median": 10.2325944901,
        "min": 3.32094216347,
        "var": 20.7685012817
    },
    "barkbands_flatness_db": {
        "dmean": 0.0267631243914,
        "dmean2": 0.0413615815341,
        "dvar": 0.00105443515349,
        "dvar2": 0.00217856978998,
        "max": 1,
        "mean": 0.203364446759,
        "median": 0.176020726562,
        "min": 0.024804674089,
        "var": 0.0104716662318
    },
    "barkbands_kurtosis": {
        "dmean": 12.2664251328,
        "dmean2": 19.0147533417,
        "dvar": 71123.109375,
        "dvar2": 164202.234375,
        "max": 22464.2734375,
        "mean": 29.6595821381,
        "median": 6.41686725616,
        "min": -1.93117451668,
        "var": 165536.484375
    },
    "barkbands_skewness": {
        "dmean": 0.636315107346,
        "dmean2": 0.979247808456,
        "dvar": 1.35673856735,
        "dvar2": 2.91337370872,
        "max": 90.9008636475,
        "mean": 2.51497554779,
        "median": 2.1874370575,
        "min": -2.08398675919,
        "var": 9.93367481232
    },
    "barkbands_spread": {
        "dmean": 4.48996639252,
        "dmean2": 6.78847312927,
        "dvar": 52.7715835571,
        "dvar2": 103.891716003,
        "max": 121.478675842,
        "mean": 15.7234401703,
        "median": 10.585773468,
        "min": 0.00310592004098,
        "var": 238.795959473
    },
    "dissonance": {
        "dmean": 0.0264032464474,
        "dmean2": 0.0442921742797,
        "dvar": 0.000667893677019,
        "dvar2": 0.00185353669804,
        "max": 0.500000119209,
        "mean": 0.446235895157,
        "median": 0.454615116119,
        "min": 0.175484851003,
        "var": 0.0013979485957
    },
    "dynamic_complexity": 3.7089471817,
    "erbbands_crest": {
        "dmean": 2.52252149582,
        "dmean2": 3.87232065201,
        "dvar": 7.02975034714,
        "dvar2": 15.7915096283,
        "max": 35.6228561401,
        "mean": 9.85783863068,
        "median": 8.61802387238,
        "min": 2.13238310814,
        "var": 23.5373439789
    },
    "erbbands_flatness_db": {
        "dmean": 0.0201850868762,
        "dmean2": 0.0283648557961,
        "dvar": 0.000653630064335,
        "dvar2": 0.00126156606711,
        "max": 0.421468526125,
        "mean": 0.162589102983,
        "median": 0.145097777247,
        "min": 0.0425827763975,
        "var": 0.00537311891094
    },
    "erbbands_kurtosis": {
        "dmean": 1.28973650932,
        "dmean2": 1.91213965416,
        "dvar": 6.74933815002,
        "dvar2": 13.9769525528,
        "max": 197.441558838,
        "mean": 1.59565424919,
        "median": 0.711848497391,
        "min": -1.85975384712,
        "var": 17.4902019501
    },
    "erbbands_skewness": {
        "dmean": 0.361941367388,
        "dmean2": 0.514799773693,
        "dvar": 0.125313252211,
        "dvar2": 0.259913831949,
        "max": 13.0715932846,
        "mean": 0.799295902252,
        "median": 0.74263137579,
        "min": -3.12928175926,
        "var": 0.657930612564
    },
    "erbbands_spread": {
        "dmean": 9.75741577148,
        "dmean2": 14.2732744217,
        "dvar": 179.893463135,
        "dvar2": 355.331481934,
        "max": 165.331100464,
        "mean": 38.5470619202,
        "median": 31.1599388123,
        "min": 2.71498560905,
        "var": 683.226989746
    },
    "hfc": {
        "dmean": 7.70651054382,
        "dmean2": 10.8708934784,
        "dvar": 280.530792236,
        "dvar2": 523.390197754,
        "max": 438.939941406,
        "mean": 22.8370475769,
        "median": 11.8455848694,
        "min": 1.23111580202e-16,
        "var": 956.691101074
    },
    "melbands_crest": {
        "dmean": 3.63352799416,
        "dmean2": 6.07778453827,
        "dvar": 10.5140953064,
        "dvar2": 30.0143985748,
        "max": 39.9997520447,
        "mean": 15.990858078,
        "median": 14.9940834045,
        "min": 2.12743163109,
        "var": 32.5157966614
    },
    "melbands_flatness_db": {
        "dmean": 0.0310759004205,
        "dmean2": 0.0474013164639,
        "dvar": 0.0013392571127,
        "dvar2": 0.00270713632926,
        "max": 1,
        "mean": 0.302833586931,
        "median": 0.281955242157,
        "min": 0.00592432357371,
        "var": 0.0109487744048
    },
    "melbands_kurtosis": {
        "dmean": 544.672302246,
        "dmean2": 816.036987305,
        "dvar": 978105280,
        "dvar2": 2018532224,
        "max": 2805232.75,
        "mean": 627.153625488,
        "median": 13.7071971893,
        "min": -1.74176299572,
        "var": 1227406208
    },
    "melbands_skewness": {
        "dmean": 1.05719482899,
        "dmean2": 1.58741521835,
        "dvar": 195.59928894,
        "dvar2": 386.032196045,
        "max": 1426.81799316,
        "mean": 3.77137494087,
        "median": 2.89441657066,
        "min": -0.459911704063,
        "var": 424.594421387
    },
    "melbands_spread": {
        "dmean": 3.56473708153,
        "dmean2": 5.46343803406,
        "dvar": 42.1009254456,
        "dvar2": 85.0451049805,
        "max": 156.928039551,
        "mean": 11.8571567535,
        "median": 8.04678440094,
        "min": 0.00013947871048,
        "var": 136.594039917
    },
    "pitch_salience": {
        "dmean": 0.0744740590453,
        "dmean2": 0.12253344059,
        "dvar": 0.00442095519975,
        "dvar2": 0.0122623639181,
        "max": 0.921716868877,
        "mean": 0.515259981155,
        "median": 0.530109643936,
        "min": 0.000682016543578,
        "var": 0.0158221516758
    },
    "silence_rate_20dB": {
        "dmean": 0,
        "dmean2": 0,
        "dvar": 0,
        "dvar2": 0,
        "max": 1,
        "mean": 1,
        "median": 1,
        "min": 1,
        "var": 0
    },
    "silence_rate_30dB": {
        "dmean": 0.0256800465286,
        "dmean2": 0.0513649769127,
        "dvar": 0.0250192563981,
        "dvar2": 0.0656500682235,
        "max": 1,
        "mean": 0.977365672588,
        "median": 1,
        "min": 0,
        "var": 0.0221246890724
    },
    "silence_rate_60dB": {
        "dmean": 0.00570667674765,
        "dmean2": 0.0114144394174,
        "dvar": 0.00567574612796,
        "dvar2": 0.0139470249414,
        "max": 1,
        "mean": 0.0693295300007,
        "median": 0,
        "min": 0,
        "var": 0.0645369067788
    },
    "spectral_centroid": {
        "dmean": 141.489807129,
        "dmean2": 206.376815796,
        "dvar": 50451.2734375,
        "dvar2": 89743.203125,
        "max": 10896.5771484,
        "mean": 737.91796875,
        "median": 584.282348633,
        "min": 183.40411377,
        "var": 243040.4375
    },
    "spectral_complexity": {
        "dmean": 2.30055165291,
        "dmean2": 3.60011410713,
        "dvar": 9.43152236938,
        "dvar2": 15.2824239731,
        "max": 55,
        "mean": 14.5767946243,
        "median": 14,
        "min": 0,
        "var": 54.3610153198
    },
    "spectral_decrease": {
        "dmean": 3.66896779624e-09,
        "dmean2": 6.17130480052e-09,
        "dvar": 1.77682399131e-17,
        "dvar2": 4.92428956633e-17,
        "max": 1.41466572022e-28,
        "mean": -1.17774803243e-08,
        "median": -1.11509663725e-08,
        "min": -4.86007536438e-08,
        "var": 5.40016524925e-17
    },
    "spectral_energy": {
        "dmean": 0.0142233148217,
        "dmean2": 0.023807676509,
        "dvar": 0.000266369868768,
        "dvar2": 0.000727717357222,
        "max": 0.189259782434,
        "mean": 0.0465224087238,
        "median": 0.0440505743027,
        "min": 1.06326555264e-20,
        "var": 0.000840534979943
    },
    "spectral_energyband_high": {
        "dmean": 0.000579607964028,
        "dmean2": 0.000784408766776,
        "dvar": 2.47951902566e-06,
        "dvar2": 4.60610044684e-06,
        "max": 0.0373461470008,
        "mean": 0.00115781323984,
        "median": 0.000229542216402,
        "min": 7.65011931068e-21,
        "var": 7.53760104999e-06
    },
    "spectral_energyband_low": {
        "dmean": 0.0111399935558,
        "dmean2": 0.0191083010286,
        "dvar": 0.000179209528142,
        "dvar2": 0.000518154061865,
        "max": 0.142520532012,
        "mean": 0.024608945474,
        "median": 0.0211424380541,
        "min": 4.53664061609e-23,
        "var": 0.00037966677337
    },
    "spectral_energyband_middle_high": {
        "dmean": 0.00137415155768,
        "dmean2": 0.00198655226268,
        "dvar": 9.79125434242e-06,
        "dvar2": 1.98385168915e-05,
        "max": 0.0619219839573,
        "mean": 0.00369128747843,
        "median": 0.00151410698891,
        "min": 1.45978495941e-21,
        "var": 3.42298517353e-05
    },
    "spectral_energyband_middle_low": {
        "dmean": 0.00495367590338,
        "dmean2": 0.00754659157246,
        "dvar": 5.21087495144e-05,
        "dvar2": 0.000124595419038,
        "max": 0.127999946475,
        "mean": 0.0156798660755,
        "median": 0.0121921217069,
        "min": 2.13273430353e-22,
        "var": 0.00016860368487
    },
    "spectral_entropy": {
        "dmean": 0.226600006223,
        "dmean2": 0.318161100149,
        "dvar": 0.0827089324594,
        "dvar2": 0.160812601447,
        "max": 9.79615211487,
        "mean": 7.07687091827,
        "median": 7.19778347015,
        "min": 5.0603890419,
        "var": 0.527134656906
    },
    "spectral_flux": {
        "dmean": 0.0258943382651,
        "dmean2": 0.0418923832476,
        "dvar": 0.000671410816722,
        "dvar2": 0.00164600065909,
        "max": 0.325380474329,
        "mean": 0.0987368226051,
        "median": 0.0977076590061,
        "min": 1.03114766725e-10,
        "var": 0.00262674014084
    },
    "spectral_kurtosis": {
        "dmean": 6.33915567398,
        "dmean2": 10.1157646179,
        "dvar": 139.659805298,
        "dvar2": 375.701141357,
        "max": 269.783416748,
        "mean": 14.1188707352,
        "median": 5.62247276306,
        "min": -1.58087873459,
        "var": 576.307983398
    },
    "spectral_rms": {
        "dmean": 0.000964730628766,
        "dmean2": 0.00160063977819,
        "dvar": 9.74775844043e-07,
        "dvar2": 2.68066150966e-06,
        "max": 0.0135883660987,
        "mean": 0.00633313972503,
        "median": 0.00655562151223,
        "min": 3.22076415017e-12,
        "var": 5.27923475602e-06
    },
    "spectral_rolloff": {
        "dmean": 263.314880371,
        "dmean2": 455.07244873,
        "dvar": 758602.4375,
        "dvar2": 1657151.125,
        "max": 19336.8164062,
        "mean": 694.375061035,
        "median": 366.064453125,
        "min": 21.533203125,
        "var": 1580039.125
    },
    "spectral_skewness": {
        "dmean": 0.543723583221,
        "dmean2": 0.824160158634,
        "dvar": 0.546058356762,
        "dvar2": 1.3760560751,
        "max": 13.5436105728,
        "mean": 2.53112602234,
        "median": 2.09741783142,
        "min": -0.117304012179,
        "var": 2.37896132469
    },
    "spectral_spread": {
        "dmean": 997148.6875,
        "dmean2": 1343281,
        "dvar": 1.70079289344e+12,
        "dvar2": 2.87256136909e+12,
        "max": 40097548,
        "mean": 5416748.5,
        "median": 5344228,
        "min": 393832.875,
        "var": 1.02461792584e+13
    },
    "spectral_strongpeak": {
        "dmean": 0.47283667326,
        "dmean2": 0.832117438316,
        "dvar": 1.37942886353,
        "dvar2": 3.35654115677,
        "max": 36.4447631836,
        "mean": 0.599602162838,
        "median": 0.252234876156,
        "min": 0,
        "var": 1.6564912796
    },
    "zerocrossingrate": {
        "dmean": 0.00960396323353,
        "dmean2": 0.0111268954352,
        "dvar": 0.000190624254174,
        "dvar2": 0.000210439349758,
        "max": 0.5029296875,
        "mean": 0.040771137923,
        "median": 0.03173828125,
        "min": 0,
        "var": 0.0013794337865
    },
    "barkbands": {
        "dmean": [0.00442808214575, 0.00853434670717, 0.0031201527454, 0.00154040625785, 0.00231621041894, 0.002182896249, 0.0007107576821, 0.00049882219173, 0.000487765850266, 0.000212921571801, 0.000202658469789, 0.000576642109081, 0.000214143350604, 0.000249186356086, 0.000178797505214, 0.000116648356197, 8.41047731228e-05, 0.00016267853789, 6.45240288577e-05, 6.02220789006e-05, 8.2148166257e-05, 6.74327748129e-05, 7.17681687092e-05, 0.000158418231877, 0.000172282932908, 9.08620568225e-05, 1.91554117919e-05],
        "dmean2": [0.00792200211436, 0.0145288212225, 0.00507836882025, 0.00245193322189, 0.00350853987038, 0.00326419784687, 0.0010466533713, 0.000743093085475, 0.000731795385946, 0.000334997865139, 0.000304618559312, 0.000844701251481, 0.000322958774632, 0.00038619665429, 0.000277658953564, 0.000180510862265, 0.000126105544041, 0.000262270972598, 9.63081547525e-05, 8.95295015653e-05, 0.000126778613776, 0.000100579178252, 0.000109763110231, 0.000221324517042, 0.000245708099101, 0.000132780682179, 2.8030735848e-05],
        "dvar": [3.21371335303e-05, 0.000111724795715, 2.37984386331e-05, 7.29271050659e-06, 1.78032587428e-05, 1.27286430143e-05, 2.21606683226e-06, 1.34451352096e-06, 1.29287798245e-06, 5.49536196104e-07, 5.97247378664e-07, 3.01287400362e-06, 7.92840637587e-07, 1.2513735328e-06, 1.54666952312e-06, 1.34584126954e-07, 7.00130726727e-08, 1.23892641568e-06, 4.17233003702e-08, 3.28168994201e-08, 3.04662250983e-07, 3.54074991549e-08, 3.71130788324e-08, 4.12914545223e-07, 3.71333698013e-07, 1.05468416223e-07, 3.72939812365e-09],
        "dvar2": [0.000105977247586, 0.000314201519359, 6.08294612903e-05, 1.94332624233e-05, 4.48694627266e-05, 2.81185493805e-05, 4.45763362222e-06, 2.77257458947e-06, 2.79402024717e-06, 1.15022521641e-06, 1.04473656393e-06, 6.00274506724e-06, 1.58806608397e-06, 2.34498656937e-06, 2.96857115245e-06, 3.03982432115e-07, 1.42670245395e-07, 3.19836567542e-06, 7.88678065078e-08, 7.19593842291e-08, 8.33685305679e-07, 6.58181562585e-08, 8.62802806978e-08, 8.23212985779e-07, 7.97966720256e-07, 2.14760035533e-07, 7.62695773204e-09],
        "max": [0.0450992956758, 0.128838047385, 0.0652569159865, 0.0317338891327, 0.102131821215, 0.0737254470587, 0.0408691354096, 0.0297535844147, 0.0242492742836, 0.0268000196666, 0.0278429295868, 0.0320718437433, 0.031992290169, 0.0382508151233, 0.0487535633147, 0.0121887391433, 0.00993808731437, 0.0412334501743, 0.00824072491378, 0.00673691881821, 0.026594735682, 0.00478363968432, 0.00542884506285, 0.0252018477768, 0.0257814303041, 0.0170995946974, 0.00105234479997],
        "mean": [0.00587537046522, 0.0147166689858, 0.00547048542649, 0.00254384079017, 0.00470111565664, 0.00500605953857, 0.0013975930633, 0.000916000572033, 0.000966937979683, 0.000371874833945, 0.000372482085368, 0.00128448859323, 0.000336727447575, 0.000384280690923, 0.000261846143985, 0.000186703458894, 0.000156840935233, 0.000236967520323, 0.000113520109153, 0.000111309651402, 0.00013317707635, 0.000104142935015, 0.000115998496767, 0.000281712797005, 0.000294600031339, 0.000153521905304, 2.81575848931e-05],
        "median": [0.00351634249091, 0.0107773281634, 0.00314794899896, 0.00100618926808, 0.00304276891984, 0.00261593610048, 0.000702219549567, 0.000428471597843, 0.000435460591689, 0.000179748880328, 9.04006810742e-05, 0.000175764158485, 6.36375480099e-05, 7.98688342911e-05, 6.6992630309e-05, 4.49757098977e-05, 3.5469980503e-05, 2.90028056043e-05, 2.64793234237e-05, 2.03327163035e-05, 2.4678392947e-05, 1.69431386894e-05, 1.36877151817e-05, 3.03641591017e-05, 3.40298320225e-05, 1.96210294234e-05, 1.99737155526e-06],
        "min": [1.70897879874e-23, 2.13467969763e-23, 1.14877159348e-23, 6.27449945479e-24, 3.33633510625e-23, 1.49372327017e-23, 1.29607992905e-23, 5.48976571206e-23, 7.27243737221e-23, 1.64066760953e-22, 5.87788969505e-23, 1.11750818384e-22, 7.17074689064e-23, 1.63909847053e-22, 8.74781552425e-23, 1.57894082142e-22, 1.39932602854e-22, 1.4872770775e-22, 2.19610444668e-22, 3.12895354547e-22, 4.76794952719e-22, 4.87538859595e-22, 5.34283803343e-22, 8.187144311e-22, 1.11023683004e-21, 1.75168580964e-21, 2.50973423704e-21],
        "var": [3.39101607096e-05, 0.000219594032387, 4.91542705277e-05, 1.39050171128e-05, 3.03609849652e-05, 4.02732875955e-05, 6.70699000693e-06, 3.45204239238e-06, 3.3964765862e-06, 8.66665288868e-07, 1.95566667571e-06, 1.32532513817e-05, 1.75665820734e-06, 1.93118489733e-06, 1.96436462829e-06, 2.44395721438e-07, 3.2670035921e-07, 1.64348648468e-06, 8.60729301166e-08, 7.27007360979e-08, 2.80155916244e-07, 7.95308991997e-08, 8.02339386041e-08, 1.1136073681e-06, 7.94342099653e-07, 2.43809239464e-07, 6.62688703912e-09]
    },
    "erbbands": {
        "dmean": [0.411019355059, 1.58384358883, 3.37795877457, 4.31341552734, 6.15256309509, 9.04336071014, 14.817445755, 18.724237442, 12.6324663162, 10.0379009247, 12.3380327225, 10.9290704727, 8.79520893097, 6.03847169876, 10.970454216, 23.8780498505, 9.50167369843, 14.7148160934, 7.16594839096, 8.34442710876, 6.75258350372, 4.22563791275, 8.09988880157, 4.62338876724, 3.42475771904, 2.6849489212, 2.73297095299, 3.38682055473, 2.40974187851, 2.29188013077, 1.91588294506, 2.80372476578, 2.89576935768, 2.13760185242, 1.19202506542, 0.540897130966, 0.141829743981, 0.0226630698889, 0.00304118241183, 0.000220673697186],
        "dmean2": [0.731791675091, 2.64642906189, 5.58273983002, 6.80069637299, 9.73904418945, 13.5301713943, 22.2891464233, 27.7742519379, 18.9151268005, 14.6486463547, 18.196269989, 16.3163337708, 13.6239538193, 9.12264728546, 15.9058828354, 34.965133667, 13.9461784363, 22.5359477997, 11.1715068817, 12.8646497726, 10.2374410629, 6.21873855591, 12.9113883972, 7.39058017731, 5.05277442932, 3.9636323452, 3.9589381218, 5.36716461182, 3.45651435852, 3.59843015671, 2.79710555077, 3.8680331707, 4.15670204163, 3.06106901169, 1.74835956097, 0.817008256912, 0.20452542603, 0.0326832160354, 0.00439245859161, 0.000335448799888],
        "dvar": [0.275075703859, 4.0279750824, 25.2012081146, 52.0919113159, 168.261489868, 266.391021729, 558.676269531, 1179.19250488, 648.622497559, 508.464141846, 909.975769043, 884.366943359, 778.469787598, 205.822647095, 1008.3460083, 5713.65625, 1574.02258301, 4628.56591797, 2704.55688477, 5025.140625, 299.317565918, 239.542831421, 3226.96166992, 513.741516113, 155.582336426, 77.8130493164, 106.520225525, 678.023010254, 47.6599121094, 29.6064834595, 30.8363399506, 135.673294067, 180.700790405, 89.7802276611, 17.7321739197, 3.72036719322, 0.272912830114, 0.00638383161277, 9.20735765249e-05, 4.57913131413e-07],
        "dvar2": [0.82576996088, 10.8555002213, 66.8386611938, 139.659790039, 449.559204102, 640.760803223, 1256.95019531, 2560.80224609, 1428.47607422, 1002.62475586, 1827.8338623, 1955.54992676, 1594.10046387, 411.872192383, 1818.36010742, 11329.5351562, 3097.83935547, 8647.02050781, 5287.47070312, 9557.71679688, 578.233215332, 468.959564209, 8398.20214844, 1343.00024414, 278.26373291, 167.404388428, 255.962387085, 1896.52624512, 83.4642028809, 63.7480125427, 66.1828842163, 266.111541748, 393.490142822, 176.311737061, 43.496006012, 8.16918945312, 0.537302851677, 0.0124216815457, 0.000185094962944, 9.41817290823e-07],
        "max": [4.94561052322, 24.2036495209, 59.4402236938, 82.1447372437, 274.562591553, 360.955291748, 700.179016113, 615.168273926, 568.319641113, 694.410522461, 779.156982422, 736.295227051, 890.369018555, 512.612548828, 870.521240234, 1643.70776367, 1598.91223145, 2037.91259766, 2579.42944336, 3895.51098633, 660.090332031, 666.345825195, 2012.13916016, 807.224365234, 556.443908691, 360.699371338, 325.776275635, 1372.29504395, 217.177597046, 135.634689331, 166.654510498, 502.782531738, 666.556091309, 530.072570801, 185.146179199, 84.988243103, 29.5198745728, 3.59586286545, 0.192580908537, 0.0103968800977],
        "mean": [0.538996398449, 2.89594268799, 6.24221372604, 7.9893784523, 10.1260452271, 17.3593177795, 29.4608764648, 40.9575576782, 27.126783371, 18.5092754364, 23.9547767639, 21.5940990448, 16.6363010406, 12.308180809, 23.3347854614, 54.2158927917, 17.897151947, 23.068315506, 11.6578626633, 12.4726734161, 11.9197902679, 8.85049533844, 12.2149591446, 7.57971143723, 6.62033557892, 5.41103935242, 5.25189304352, 4.73751974106, 3.81096458435, 3.29624056816, 3.44726800919, 4.95737266541, 5.05595111847, 3.60852622986, 1.89282810688, 0.895558714867, 0.23300729692, 0.0361676923931, 0.00461067119613, 0.00035944004776],
        "median": [0.33011046052, 2.16203284264, 4.20664644241, 4.6049451828, 5.48695611954, 10.7314796448, 16.4283771515, 17.5454216003, 11.7190618515, 11.3082427979, 11.2583971024, 9.76930141449, 8.00870227814, 6.0255651474, 5.865691185, 8.21320915222, 4.54961252213, 5.08600378036, 3.56635451317, 2.93057870865, 3.28083348274, 2.21353530884, 1.64728927612, 1.53630685806, 1.34488141537, 1.00381553173, 0.969818294048, 0.892887711525, 0.711338460445, 0.408285915852, 0.443951457739, 0.635862529278, 0.480371147394, 0.376813113689, 0.232123851776, 0.121572516859, 0.0270589422435, 0.00355677935295, 0.000374792725779, 8.5141058662e-05],
        "min": [4.72571757464e-22, 5.51542625921e-21, 1.25671530981e-20, 2.17287470688e-20, 5.88052778728e-20, 1.1770869297e-19, 9.4188044897e-20, 1.89497488211e-19, 1.91335599854e-19, 3.32810561841e-19, 1.77539615349e-18, 1.70021246685e-18, 3.13200151619e-18, 4.29470147445e-18, 2.5813736454e-18, 5.38247458564e-18, 3.33277830999e-18, 7.67976070108e-18, 6.52854945435e-18, 4.77310427685e-18, 1.00733873017e-17, 8.11501155888e-18, 7.43684091623e-18, 7.99072684466e-18, 1.27816270852e-17, 1.42628618897e-17, 2.04696248508e-17, 1.90113352094e-17, 1.75356615402e-17, 1.64138127237e-17, 1.34992004763e-17, 1.46528163371e-17, 1.57731365239e-17, 1.23959723226e-17, 8.44371741788e-18, 6.89150720816e-18, 3.279505397e-18, 1.29544745392e-18, 3.89739277097e-19, 3.39546687772e-20],
        "var": [0.40193682909, 8.36306667328, 48.515296936, 95.1593475342, 197.402145386, 474.722503662, 1458.46679688, 3624.70605469, 2134.96972656, 853.596984863, 2476.67724609, 1955.96118164, 1459.8770752, 555.236938477, 3406.8815918, 27171.7617188, 3877.27587891, 7053.71240234, 3458.89599609, 6459.51513672, 808.161193848, 1147.26989746, 4044.08740234, 756.451660156, 336.761413574, 179.419540405, 212.107849121, 532.67791748, 112.960594177, 62.444644928, 74.2697753906, 318.857574463, 425.335479736, 184.799667358, 27.9698524475, 7.65024375916, 0.648777902126, 0.0134737221524, 0.000169396444107, 8.26905477425e-07]
    },
    "gfcc": {
        "mean": [-25.2919368744, 121.701675415, -70.3666687012, 15.3476238251, -46.4356384277, 11.7392072678, -32.9956626892, 7.0027089119, -19.7276000977, 4.73351669312, -8.4807806015, 1.72086513042, -5.09041929245],
        "cov": [[15476.6835938, -6313.05175781, 778.647216797, 1211.97949219, -1507.08691406, 1627.51574707, -940.781738281, 986.824829102, -924.04498291, 889.261291504, -324.311950684, 398.138580322, -309.030914307], [-6313.05175781, 3895.5300293, -803.29901123, -648.863647461, 754.543518066, -879.140869141, 444.668579102, -562.533813477, 462.377838135, -459.323425293, 194.201141357, -204.607833862, 195.842697144], [778.647216797, -803.29901123, 1257.9197998, 39.0525360107, -292.521026611, 483.975128174, -3.98932218552, 205.465148926, -21.7463970184, 124.584182739, -77.0796585083, 76.0638427734, -82.6267852783], [1211.97949219, -648.863647461, 39.0525360107, 371.019012451, -186.774520874, 112.757324219, -53.3030433655, 98.2885818481, -38.0243492126, 36.433921814, -36.6172447205, 36.4583740234, -38.0033950806], [-1507.08691406, 754.543518066, -292.521026611, -186.774520874, 472.954406738, -219.193389893, 82.5894775391, -95.2657165527, 61.2192840576, -74.7153778076, 65.8054885864, -51.8963279724, 54.1271095276], [1627.51574707, -879.140869141, 483.975128174, 112.757324219, -219.193389893, 504.172912598, -63.8764266968, 159.848052979, -87.2564468384, 142.136917114, -37.5358276367, 65.1802368164, -75.640083313], [-940.781738281, 444.668579102, -3.98932218552, -53.3030433655, 82.5894775391, -63.8764266968, 202.390289307, -75.4063186646, 79.2294235229, -64.0028686523, 34.5812797546, -18.2646999359, 6.51636648178], [986.824829102, -562.533813477, 205.465148926, 98.2885818481, -95.2657165527, 159.848052979, -75.4063186646, 272.707214355, -74.4951934814, 87.5930557251, -36.0728034973, 28.3051548004, -0.295788735151], [-924.04498291, 462.377838135, -21.7463970184, -38.0243492126, 61.2192840576, -87.2564468384, 79.2294235229, -74.4951934814, 194.3384552, -68.333366394, 9.34089946747, -13.0917692184, 13.6296739578], [889.261291504, -459.323425293, 124.584182739, 36.433921814, -74.7153778076, 142.136917114, -64.0028686523, 87.5930557251, -68.333366394, 158.658828735, -1.21924507618, 10.9180316925, -13.2308559418], [-324.311950684, 194.201141357, -77.0796585083, -36.6172447205, 65.8054885864, -37.5358276367, 34.5812797546, -36.0728034973, 9.34089946747, -1.21924507618, 93.7783966064, 7.96366739273, 15.3287830353], [398.138580322, -204.607833862, 76.0638427734, 36.4583740234, -51.8963279724, 65.1802368164, -18.2646999359, 28.3051548004, -13.0917692184, 10.9180316925, 7.96366739273, 101.661247253, 1.98044514656], [-309.030914307, 195.842697144, -82.6267852783, -38.0033950806, 54.1271095276, -75.640083313, 6.51636648178, -0.295788735151, 13.6296739578, -13.2308559418, 15.3287830353, 1.98044514656, 79.6644439697]],
        "icov": [[0.000300657644402, 0.000169326507603, 0.000275163212791, -0.000204026087886, 0.000293095974484, -0.000393933150917, 0.000305747264065, -0.000122189667309, 0.000354055024218, -0.000487032375531, 0.000280134932837, -0.000405294500524, 0.000154174951604], [0.000169326507603, 0.00137382047251, 0.000200358073926, 0.000940396159422, -0.000145707963384, 0.000277081184322, -0.000585114816204, 0.000452454434708, -0.00105561304372, 0.0012317240471, -0.000901915307622, 0.000955780618824, -0.00111748371273], [0.000275163212791, 0.000200358073926, 0.00180156773422, 0.000501188565977, 0.000758974463679, -0.00149379146751, -0.000377381744329, -0.000785802665632, -0.00024105272314, -0.000510812737048, 0.000907481415197, -0.000764406984672, 0.000577236991376], [-0.000204026087886, 0.000940396159422, 0.000501188565977, 0.0049435775727, 0.000885291490704, 0.000397262308979, -0.000922111212276, -0.000785904587246, -0.00154196564108, 0.00178491615225, -0.00064497673884, 0.000448681792477, 0.000296265963698], [0.000293095974484, -0.000145707963384, 0.000758974463679, 0.000885291490704, 0.00394008308649, -8.52375669638e-05, -0.000115917959192, -0.000730634958018, 0.000382713711588, -0.000424831931014, -0.000797746994067, 8.01267451607e-05, -3.10493633151e-05], [-0.000393933150917, 0.000277081184322, -0.00149379146751, 0.000397262308979, -8.52375669638e-05, 0.00558553216979, -0.000869572395459, -0.000373021292035, -0.000384123646654, -0.00107378163375, -0.000780979287811, -0.000511639576871, 0.00191228766926], [0.000305747264065, -0.000585114816204, -0.000377381744329, -0.000922111212276, -0.000115917959192, -0.000869572395459, 0.00799106154591, 0.000414738984546, -0.000598198617809, 0.000623677042313, -0.00153503706679, 1.53874971147e-05, 0.000895069329999], [-0.000122189667309, 0.000452454434708, -0.000785802665632, -0.000785904587246, -0.000730634958018, -0.000373021292035, 0.000414738984546, 0.00635743560269, 0.000408488267567, -0.000665229803417, 0.000734288885724, 0.000554151600227, -0.00297972769476], [0.000354055024218, -0.00105561304372, -0.00024105272314, -0.00154196564108, 0.000382713711588, -0.000384123646654, -0.000598198617809, 0.000408488267567, 0.00871132593602, -0.00052472326206, 0.00173312379047, -0.00152539066039, 0.000535477069207], [-0.000487032375531, 0.0012317240471, -0.000510812737048, 0.00178491615225, -0.000424831931014, -0.00107378163375, 0.000623677042313, -0.000665229803417, -0.00052472326206, 0.0132541842759, -0.00428710645065, 0.00378808076493, -0.00235817860812], [0.000280134932837, -0.000901915307622, 0.000907481415197, -0.00064497673884, -0.000797746994067, -0.000780979287811, -0.00153503706679, 0.000734288885724, 0.00173312379047, -0.00428710645065, 0.01521693822, -0.00425586523488, 3.55072770617e-05], [-0.000405294500524, 0.000955780618824, -0.000764406984672, 0.000448681792477, 8.01267451607e-05, -0.000511639576871, 1.53874971147e-05, 0.000554151600227, -0.00152539066039, 0.00378808076493, -0.00425586523488, 0.0137776294723, -0.00367356557399], [0.000154174951604, -0.00111748371273, 0.000577236991376, 0.000296265963698, -3.10493633151e-05, 0.00191228766926, 0.000895069329999, -0.00297972769476, 0.000535477069207, -0.00235817860812, 3.55072770617e-05, -0.00367356557399, 0.0179916452616]]
    },
    "melbands": {
        "dmean": [0.00289211096242, 0.00171852705535, 0.000765898439568, 0.000520651112311, 0.000465109886136, 0.000410900334828, 0.000184786535101, 0.00010155657219, 0.000101061690657, 6.80902012391e-05, 4.40877229266e-05, 2.48040905717e-05, 3.44003710779e-05, 6.97442228557e-05, 3.49511137756e-05, 2.4305880288e-05, 2.71614717349e-05, 1.11440804176e-05, 1.21824969028e-05, 8.7222597358e-06, 8.54165318742e-06, 4.71624616694e-06, 5.07538743477e-06, 1.0201936675e-05, 3.16463524541e-06, 2.66437791652e-06, 2.50648372457e-06, 1.79959374691e-06, 1.62745834587e-06, 2.35524180425e-06, 1.86972033589e-06, 1.39205587857e-06, 1.37249537602e-06, 1.39042094816e-06, 1.13527676149e-06, 1.29519571601e-06, 2.05102833206e-06, 2.26717088481e-06, 1.70402677213e-06, 2.04310549634e-06],
        "dmean2": [0.00504229171202, 0.0028544308152, 0.00121438188944, 0.000794870604295, 0.000696439936291, 0.000610906048678, 0.000274045014521, 0.000149387356942, 0.00014932717022, 0.000102027457615, 6.82892423356e-05, 3.77728574676e-05, 5.0506547268e-05, 0.00010168740846, 5.12309670739e-05, 3.68274777429e-05, 4.16378024966e-05, 1.75245368155e-05, 1.89453094208e-05, 1.35553409564e-05, 1.29522668431e-05, 7.01411727277e-06, 7.61439332564e-06, 1.69702943822e-05, 5.15755709785e-06, 3.97168696509e-06, 3.83475980925e-06, 2.63519063992e-06, 2.33009677686e-06, 3.68245378013e-06, 3.00586452795e-06, 1.9386054646e-06, 2.14876422433e-06, 2.20093033931e-06, 1.6799833702e-06, 1.93595406017e-06, 2.95162976727e-06, 3.31804767484e-06, 2.39270548263e-06, 3.01331488117e-06],
        "dvar": [1.34026577143e-05, 5.30991428604e-06, 1.62842752616e-06, 1.04715820726e-06, 5.07947390815e-07, 5.31802925252e-07, 1.35335596951e-07, 4.69784104951e-08, 5.70547449286e-08, 3.13856887146e-08, 1.97989553641e-08, 3.43756512144e-09, 1.38532492144e-08, 4.50384014528e-08, 1.32722410839e-08, 1.0467953615e-08, 1.72309686519e-08, 6.36744346139e-09, 5.2322737254e-09, 4.29433111293e-09, 4.60847304762e-10, 4.11982448156e-10, 4.82688389258e-10, 6.28991747575e-09, 1.75481948417e-10, 6.86377621406e-11, 6.93397284035e-11, 3.40833264389e-11, 2.9385532202e-11, 4.16925827196e-10, 1.21957471899e-10, 1.57813866142e-11, 1.44144956388e-11, 1.05768744457e-11, 1.27562994889e-11, 3.54315396467e-11, 9.21402190657e-11, 1.19587062475e-10, 4.38927470758e-11, 1.14537664075e-10],
        "dvar2": [3.92225847463e-05, 1.44718505908e-05, 4.41378961114e-06, 2.69553811449e-06, 1.15939963052e-06, 1.1638290971e-06, 2.92255094791e-07, 9.40704012464e-08, 1.14333154499e-07, 7.02702820377e-08, 4.06288407362e-08, 7.16660508715e-09, 2.40090543002e-08, 8.91180462759e-08, 2.64942361383e-08, 1.99474019524e-08, 3.19974233776e-08, 1.2482511913e-08, 1.03745225744e-08, 8.26638757445e-09, 8.72774907901e-10, 8.52296899723e-10, 9.7268015864e-10, 1.67021276809e-08, 4.82281936609e-10, 1.26879839968e-10, 1.49653595072e-10, 7.3659363331e-11, 6.54473350514e-11, 1.14654785666e-09, 3.44212547354e-10, 2.66297487533e-11, 3.07620456885e-11, 2.45466112714e-11, 2.96824440027e-11, 7.75551983745e-11, 1.92581464664e-10, 2.53953663654e-10, 1.01396668839e-10, 2.35412633831e-10],
        "max": [0.0411265455186, 0.0258423909545, 0.0135859334841, 0.0273747015744, 0.0196238253266, 0.0131223900244, 0.00843544583768, 0.00642050616443, 0.00648194691166, 0.00437439326197, 0.00464272778481, 0.00220795697533, 0.00417409464717, 0.00390041735955, 0.00312774186023, 0.00294029084034, 0.00466889003292, 0.00393002014607, 0.00350540177897, 0.00356731377542, 0.00091305928072, 0.000915609940421, 0.000772992381826, 0.00304283341393, 0.000454859051388, 0.000308329443214, 0.000291683973046, 0.000227928016102, 0.000242395850364, 0.000867809983902, 0.000598843325861, 0.000133854860906, 0.000101077544969, 7.9353696492e-05, 0.000142013333971, 0.000344032421708, 0.000476695742691, 0.000459561968455, 0.000357155804522, 0.000599343155045],
        "mean": [0.00470791058615, 0.00352068478242, 0.00145805324428, 0.000960746547207, 0.000972793262918, 0.000917666126043, 0.000403990823543, 0.000187390018255, 0.000195618529688, 0.000131337947096, 8.07046817499e-05, 4.70889135613e-05, 6.64870021865e-05, 0.000154359498993, 6.9966459705e-05, 3.6930625356e-05, 4.20934629801e-05, 1.68023034348e-05, 1.79010021384e-05, 1.28423844217e-05, 1.42549088196e-05, 8.77518596099e-06, 8.42948702484e-06, 1.38419036375e-05, 4.91321134177e-06, 4.84696738567e-06, 4.49637582278e-06, 3.23020503856e-06, 3.06863444166e-06, 3.5163643588e-06, 2.39776682065e-06, 2.12112217923e-06, 2.00718977794e-06, 1.8073950514e-06, 1.97194481188e-06, 2.09950053431e-06, 3.45457920048e-06, 3.87769614463e-06, 2.82529231299e-06, 3.1864506127e-06],
        "median": [0.00338265183382, 0.00273163593374, 0.000896699086297, 0.000585451489314, 0.000604997505434, 0.000417699076934, 0.00018010858912, 0.000115112568892, 8.92302268767e-05, 5.83642831771e-05, 3.64142906619e-05, 2.20845158765e-05, 1.57635313371e-05, 1.89812253666e-05, 1.25120941448e-05, 8.2000697148e-06, 8.09616085462e-06, 4.73616819363e-06, 4.2638935156e-06, 2.80829522126e-06, 3.71607120542e-06, 1.96351538762e-06, 1.37217580232e-06, 1.41849750435e-06, 1.07046366793e-06, 1.05715992049e-06, 6.56353677186e-07, 6.1839512e-07, 5.57278610813e-07, 5.26150813585e-07, 4.29403229418e-07, 3.72768028001e-07, 2.72193716455e-07, 1.94538699816e-07, 2.25204743742e-07, 2.57420708749e-07, 3.72291282247e-07, 3.37062857625e-07, 2.97366227642e-07, 3.10184390173e-07],
        "min": [6.60459120083e-24, 7.25891187867e-24, 4.64741388435e-24, 6.09743370816e-24, 4.33708507613e-24, 3.80272410957e-24, 2.84147086693e-24, 4.46474288655e-24, 1.67746853874e-23, 9.23340074772e-24, 1.71636190572e-23, 1.9740314875e-23, 7.15711568974e-24, 1.28539709578e-23, 9.8740236448e-24, 8.12741302544e-24, 1.55883253607e-23, 1.11804790669e-23, 6.05071381548e-24, 8.31536544699e-24, 1.29802754774e-23, 9.25999640428e-24, 6.77110474957e-24, 5.6643530155e-24, 5.88827236674e-24, 1.07109372232e-23, 8.65186747675e-24, 9.09516155155e-24, 1.27217223714e-23, 1.22459217052e-23, 9.70732076945e-24, 1.08118688206e-23, 7.90786988007e-24, 9.60529581085e-24, 7.24178255297e-24, 9.81832217628e-24, 8.26423700514e-24, 1.11884339403e-23, 1.0291193013e-23, 1.02179259787e-23],
        "var": [2.31675621762e-05, 1.07689784272e-05, 2.77660478787e-06, 1.56023941145e-06, 1.31797219183e-06, 1.67181053712e-06, 4.62099421839e-07, 7.90491725411e-08, 1.56841451826e-07, 6.97753961276e-08, 3.6897169764e-08, 8.53117310129e-09, 4.57902231688e-08, 1.93311450403e-07, 4.51278054925e-08, 1.71541820748e-08, 2.67501008011e-08, 8.06976441226e-09, 6.79327749609e-09, 5.56900481286e-09, 1.2383239989e-09, 1.73784608926e-09, 1.24516208455e-09, 7.34839389338e-09, 2.3901070012e-10, 1.71816547101e-10, 1.39075861938e-10, 6.9166970762e-11, 7.95255181152e-11, 3.41945943783e-10, 9.80469802569e-11, 3.64139100817e-11, 2.99936325776e-11, 1.88466187101e-11, 2.66404242416e-11, 5.53885583232e-11, 1.84804976877e-10, 2.76775796726e-10, 9.76919795059e-11, 1.93253760217e-10]
    },
    "mfcc": {
        "mean": [-681.507507324, 156.9271698, 37.6661720276, 15.0574550629, 12.3803157806, 5.30297517776, 4.50908136368, 0.797334372997, 1.02398705482, 0.265975475311, 1.45893752575, 3.95364284515, 1.44597017765],
        "cov": [[11142.7226562, -3407.86572266, -373.828094482, 183.699157715, -48.8746604919, -181.494003296, 391.695495605, -314.728942871, -66.8568496704, -3.17495536804, -85.3423995972, 106.157691956, -3.37967085838], [-3407.86572266, 2503.26928711, -380.567443848, -86.3654022217, -4.94787693024, -11.7873830795, -172.851455688, 53.0955924988, -1.02276754379, -48.0706825256, -19.7290725708, -42.7202186584, 28.9387950897], [-373.828094482, -380.567443848, 1105.39733887, -156.607635498, -70.4202957153, 156.368988037, 23.599149704, 123.128646851, 64.6715927124, 44.1587867737, 59.857509613, 20.9114990234, 31.9962406158], [183.699157715, -86.3654022217, -156.607635498, 253.716781616, -34.9131736755, -53.536945343, -22.1847381592, 11.8900079727, -1.73531293869, -12.7435178757, -8.59905433655, -10.293803215, -11.1909370422], [-48.8746604919, -4.94787693024, -70.4202957153, -34.9131736755, 194.952850342, -24.6335487366, 25.1278152466, -19.346408844, 12.9646339417, 5.21292161942, 3.01757264137, 6.48143911362, -5.44818353653], [-181.494003296, -11.7873830795, 156.368988037, -53.536945343, -24.6335487366, 222.013000488, -14.299706459, 43.3177337646, -24.316236496, 11.830997467, 33.6375770569, -7.60452795029, 38.1284370422], [391.695495605, -172.851455688, 23.599149704, -22.1847381592, 25.1278152466, -14.299706459, 191.152130127, -29.812122345, 5.85040903091, 15.5004959106, -4.07617235184, 40.5927429199, -0.390702217817], [-314.728942871, 53.0955924988, 123.128646851, 11.8900079727, -19.346408844, 43.3177337646, -29.812122345, 167.119110107, 19.3226528168, -12.9442186356, 17.6819610596, -4.03340196609, 25.9822406769], [-66.8568496704, -1.02276754379, 64.6715927124, -1.73531293869, 12.9646339417, -24.316236496, 5.85040903091, 19.3226528168, 100.225868225, 28.7128505707, -3.14792919159, 1.71726763248, 0.38876491785], [-3.17495536804, -48.0706825256, 44.1587867737, -12.7435178757, 5.21292161942, 11.830997467, 15.5004959106, -12.9442186356, 28.7128505707, 93.2061843872, 27.0756511688, -4.75611352921, -20.315990448], [-85.3423995972, -19.7290725708, 59.857509613, -8.59905433655, 3.01757264137, 33.6375770569, -4.07617235184, 17.6819610596, -3.14792919159, 27.0756511688, 75.7869720459, 9.94833469391, -14.017033577], [106.157691956, -42.7202186584, 20.9114990234, -10.293803215, 6.48143911362, -7.60452795029, 40.5927429199, -4.03340196609, 1.71726763248, -4.75611352921, 9.94833469391, 77.3240585327, 24.8500270844], [-3.37967085838, 28.9387950897, 31.9962406158, -11.1909370422, -5.44818353653, 38.1284370422, -0.390702217817, 25.9822406769, 0.38876491785, -20.315990448, -14.017033577, 24.8500270844, 94.8668060303]],
