{
"lowlevel": {
    "average_loudness": 0.708534419537,
    "barkbands_crest": {
        "dmean": 1.56143033504,
        "dmean2": 2.47773766518,
        "dvar": 2.29517102242,
        "dvar2": 5.32693481445,
        "max": 24.6516857147,
        "mean": 12.605714798,
        "median": 11.7833185196,
        "min": 4.85913658142,
        "var": 14.9508905411
    },
    "barkbands_flatness_db": {
        "dmean": 0.0244161896408,
        "dmean2": 0.0413888767362,
        "dvar": 0.000473399850307,
        "dvar2": 0.0012241974473,
        "max": 0.628167152405,
        "mean": 0.429471194744,
        "median": 0.42639157176,
        "min": 0.0700030848384,
        "var": 0.00295924046077
    },
    "barkbands_kurtosis": {
        "dmean": 1.60096669197,
        "dmean2": 2.49971079826,
        "dvar": 6.32833909988,
        "dvar2": 13.6314516068,
        "max": 54.061580658,
        "mean": 4.04048585892,
        "median": 2.15189361572,
        "min": -1.92272210121,
        "var": 37.7354240417
    },
    "barkbands_skewness": {
        "dmean": 0.328131079674,
        "dmean2": 0.505121290684,
        "dvar": 0.123932376504,
        "dvar2": 0.255791902542,
        "max": 6.56574440002,
        "mean": 1.36349511147,
        "median": 1.18150269985,
        "min": -2.86461472511,
        "var": 1.17995262146
    },
    "barkbands_spread": {
        "dmean": 0.807001471519,
        "dmean2": 1.19304203987,
        "dvar": 1.69265031815,
        "dvar2": 3.10133051872,
        "max": 26.8130626678,
        "mean": 4.92136907578,
        "median": 4.0533618927,
        "min": 0.681130290031,
        "var": 11.4720201492
    },
    "dissonance": {
        "dmean": 0.0425224602222,
        "dmean2": 0.0727400034666,
        "dvar": 0.00156895222608,
        "dvar2": 0.00418968731537,
        "max": 0.499753504992,
        "mean": 0.357617974281,
        "median": 0.362429529428,
        "min": 0.0898913145065,
        "var": 0.00400377577171
    },
    "dynamic_complexity": 3.41016983986,
    "erbbands_crest": {
        "dmean": 2.21533441544,
        "dmean2": 3.44529986382,
        "dvar": 5.13670825958,
        "dvar2": 11.8956861496,
        "max": 33.8054046631,
        "mean": 13.7575130463,
        "median": 12.5455121994,
        "min": 3.62677836418,
        "var": 31.2117385864
    },
    "erbbands_flatness_db": {
        "dmean": 0.0149317281321,
        "dmean2": 0.0244040414691,
        "dvar": 0.000207759818295,
        "dvar2": 0.000544055888895,
        "max": 0.496418267488,
        "mean": 0.382357269526,
        "median": 0.382691442966,
        "min": 0.0927922949195,
        "var": 0.00108327937778
    },
    "erbbands_kurtosis": {
        "dmean": 0.956548035145,
        "dmean2": 1.44649922848,
        "dvar": 3.71360182762,
        "dvar2": 7.29088783264,
        "max": 73.4526901245,
        "mean": 1.49295425415,
        "median": 0.61593580246,
        "min": -1.77461051941,
        "var": 13.6885194778
    },
    "erbbands_skewness": {
        "dmean": 0.277110099792,
        "dmean2": 0.399805665016,
        "dvar": 0.107915960252,
        "dvar2": 0.187636718154,
        "max": 3.06035161018,
        "mean": 0.377952933311,
        "median": 0.538584709167,
        "min": -6.43400430679,
        "var": 1.00525736809
    },
    "erbbands_spread": {
        "dmean": 1.76210033894,
        "dmean2": 2.73486638069,
        "dvar": 3.58223748207,
        "dvar2": 7.61685705185,
        "max": 44.5770721436,
        "mean": 12.1537027359,
        "median": 11.3511533737,
        "min": 0.999945223331,
        "var": 29.0518913269
    },
    "hfc": {
        "dmean": 2.4722533226,
        "dmean2": 3.32228827477,
        "dvar": 51.1975746155,
        "dvar2": 95.7392730713,
        "max": 198.952850342,
        "mean": 11.5981445312,
        "median": 9.0366897583,
        "min": 1.11635871954e-16,
        "var": 157.306381226
    },
    "melbands_crest": {
        "dmean": 1.84855222702,
        "dmean2": 3.00238513947,
        "dvar": 3.07770514488,
        "dvar2": 7.95190000534,
        "max": 29.8244667053,
        "mean": 16.0022945404,
        "median": 15.5139284134,
        "min": 1.84646677971,
        "var": 23.4855670929
    },
    "melbands_flatness_db": {
        "dmean": 0.0272324644029,
        "dmean2": 0.0453487411141,
        "dvar": 0.00073319056537,
        "dvar2": 0.00173986447044,
        "max": 0.799651026726,
        "mean": 0.564601063728,
        "median": 0.563299715519,
        "min": 0.00529447477311,
        "var": 0.00489063980058
    },
    "melbands_kurtosis": {
        "dmean": 2.50468659401,
        "dmean2": 3.90312290192,
        "dvar": 14.7828416824,
        "dvar2": 32.5820960999,
        "max": 90.4360198975,
        "mean": 7.64039802551,
        "median": 4.34782171249,
        "min": -1.89377582073,
        "var": 97.9112701416
    },
    "melbands_skewness": {
        "dmean": 0.370105564594,
        "dmean2": 0.575900971889,
        "dvar": 0.150028273463,
        "dvar2": 0.32731372118,
        "max": 7.61267948151,
        "mean": 1.9236317873,
        "median": 1.72129786015,
        "min": -1.7349537611,
        "var": 1.45765578747
    },
    "melbands_spread": {
        "dmean": 1.11415457726,
        "dmean2": 1.59196460247,
        "dvar": 5.75187444687,
        "dvar2": 8.91070652008,
        "max": 121.978897095,
        "mean": 6.09464025497,
        "median": 4.77892398834,
        "min": 0.624392330647,
        "var": 27.2385139465
    },
    "pitch_salience": {
        "dmean": 0.0473073981702,
        "dmean2": 0.0766232460737,
        "dvar": 0.00199078791775,
        "dvar2": 0.00519282463938,
        "max": 0.841590106487,
        "mean": 0.469565927982,
        "median": 0.487679243088,
        "min": 0.080635368824,
        "var": 0.0140829281881
    },
    "silence_rate_20dB": {
        "dmean": 0,
        "dmean2": 0,
        "dvar": 0,
        "dvar2": 0,
        "max": 1,
        "mean": 1,
        "median": 1,
        "min": 1,
        "var": 0
    },
    "silence_rate_30dB": {
        "dmean": 0.015697138384,
        "dmean2": 0.0313971750438,
        "dvar": 0.0154494419694,
        "dvar2": 0.0344741232693,
        "max": 1,
        "mean": 0.967408359051,
        "median": 1,
        "min": 0,
        "var": 0.0315328687429
    },
    "silence_rate_60dB": {
        "dmean": 0.000184672200703,
        "dmean2": 0.000277033890598,
        "dvar": 0.000184638105566,
        "dvar2": 0.000276942941127,
        "max": 1,
        "mean": 0.046163789928,
        "median": 0,
        "min": 0,
        "var": 0.0440323539078
    },
    "spectral_centroid": {
        "dmean": 31.2303848267,
        "dmean2": 44.3563079834,
        "dvar": 13780.4257812,
        "dvar2": 15052.4169922,
        "max": 11401.8623047,
        "mean": 360.835021973,
        "median": 335.883148193,
        "min": 142.173110962,
        "var": 30203.7519531
    },
    "spectral_complexity": {
        "dmean": 1.08162510395,
        "dmean2": 1.81004714966,
        "dvar": 1.31749022007,
        "dvar2": 2.90001559258,
        "max": 26,
        "mean": 9.48102664948,
        "median": 10,
        "min": 0,
        "var": 9.81676197052
    },
    "spectral_decrease": {
        "dmean": 1.62863211806e-09,
        "dmean2": 2.46835751838e-09,
        "dvar": 4.7398057077e-18,
        "dvar2": 1.00211607722e-17,
        "max": -2.03268785232e-28,
        "mean": -1.09710702745e-08,
        "median": -9.55675272252e-09,
        "min": -4.89783253954e-08,
        "var": 5.16655058454e-17
    },
    "spectral_energy": {
        "dmean": 0.00634289812297,
        "dmean2": 0.00957848783582,
        "dvar": 7.54682550905e-05,
        "dvar2": 0.000157769012731,
        "max": 0.202524229884,
        "mean": 0.0424593351781,
        "median": 0.0370044000447,
        "min": 1.08928797616e-20,
        "var": 0.000776662665885
    },
    "spectral_energyband_high": {
        "dmean": 4.51096184406e-07,
        "dmean2": 6.21506160314e-07,
        "dvar": 8.11392186079e-12,
        "dvar2": 1.55923052247e-11,
        "max": 9.87506427919e-05,
        "mean": 7.34858986107e-07,
        "median": 5.49574252773e-08,
        "min": 7.91528481917e-21,
        "var": 1.55779972255e-11
    },
    "spectral_energyband_low": {
        "dmean": 0.00378684257157,
        "dmean2": 0.00581960985437,
        "dvar": 3.09619535983e-05,
        "dvar2": 7.12555192877e-05,
        "max": 0.126407429576,
        "mean": 0.0223840028048,
        "median": 0.0139190107584,
        "min": 3.93187902021e-23,
        "var": 0.000510505633429
    },
    "spectral_energyband_middle_high": {
        "dmean": 0.00116046110634,
        "dmean2": 0.00136131781619,
        "dvar": 2.81588054349e-05,
        "dvar2": 4.89607336931e-05,
        "max": 0.144314020872,
        "mean": 0.00299803377129,
        "median": 0.000740717514418,
        "min": 1.90719657259e-21,
        "var": 8.55915059219e-05
    },
    "spectral_energyband_middle_low": {
        "dmean": 0.00408161524683,
        "dmean2": 0.00634659081697,
        "dvar": 2.6891089874e-05,
        "dvar2": 5.90048330196e-05,
        "max": 0.105176746845,
        "mean": 0.0189847648144,
        "median": 0.0156060969457,
        "min": 2.77760247135e-22,
        "var": 0.000211209844565
    },
    "spectral_entropy": {
        "dmean": 0.117332421243,
        "dmean2": 0.188638180494,
        "dvar": 0.0236890129745,
        "dvar2": 0.0537840016186,
        "max": 9.80391979218,
        "mean": 5.41773986816,
        "median": 5.43546438217,
        "min": 4.22520542145,
        "var": 0.112650714815
    },
    "spectral_flux": {
        "dmean": 0.0174276269972,
        "dmean2": 0.0278802234679,
        "dvar": 0.000506963930093,
        "dvar2": 0.00123400904704,
        "max": 0.319996893406,
        "mean": 0.0466439537704,
        "median": 0.0401706546545,
        "min": 1.04368957921e-10,
        "var": 0.000944840197917
    },
    "spectral_kurtosis": {
        "dmean": 46.8678016663,
        "dmean2": 81.8412094116,
        "dvar": 2064.14648438,
        "dvar2": 5698.40673828,
        "max": 596.798217773,
        "mean": 154.580780029,
        "median": 146.219360352,
        "min": -1.15733575821,
        "var": 6725.66650391
    },
    "spectral_rms": {
        "dmean": 0.000466497062007,
        "dmean2": 0.000707045604941,
        "dvar": 2.90910065814e-07,
        "dvar2": 5.96264953856e-07,
        "max": 0.0140564795583,
        "mean": 0.00602421304211,
        "median": 0.00600848160684,
        "min": 3.25993854307e-12,
        "var": 5.13251507073e-06
    },
    "spectral_rolloff": {
        "dmean": 56.4600028992,
        "dmean2": 97.1079483032,
        "dvar": 41824.5859375,
        "dvar2": 54498.9453125,
        "max": 17614.1601562,
        "mean": 425.073638916,
        "median": 366.064453125,
        "min": 86.1328125,
        "var": 92129.8828125
    },
    "spectral_skewness": {
        "dmean": 2.10671210289,
        "dmean2": 3.73174834251,
        "dvar": 3.43790531158,
        "dvar2": 9.41968154907,
        "max": 19.0682582855,
        "mean": 8.70265674591,
        "median": 8.76071548462,
        "min": -0.0618956908584,
        "var": 9.58635139465
    },
    "spectral_spread": {
        "dmean": 271826.53125,
        "dmean2": 485994.1875,
        "dvar": 192714342400,
        "dvar2": 297109585920,
        "max": 39191088,
        "mean": 717199.875,
        "median": 672545.9375,
        "min": 134273.9375,
        "var": 226632073216
    },
    "spectral_strongpeak": {
        "dmean": 0.337268739939,
        "dmean2": 0.570706427097,
        "dvar": 0.816284358501,
        "dvar2": 1.64151847363,
        "max": 16.2881774902,
        "mean": 1.08564221859,
        "median": 0.674793839455,
        "min": 0,
        "var": 2.08630490303
    },
    "zerocrossingrate": {
        "dmean": 0.00188585673459,
        "dmean2": 0.00229829014279,
        "dvar": 2.09220761462e-05,
        "dvar2": 3.12613265123e-05,
        "max": 0.46240234375,
        "mean": 0.0146941058338,
        "median": 0.013671875,
        "min": 0.0029296875,
        "var": 9.65127037489e-05
    },
    "barkbands": {
        "dmean": [8.23962272989e-06, 0.00215757708065, 0.00175387470517, 0.000940353958867, 0.00206858920865, 0.00144283124246, 0.000879305531271, 0.000350862625055, 0.000355846364982, 0.000231917394558, 0.000461874733446, 0.000168485814356, 0.00043939583702, 1.97461704374e-05, 1.28060100906e-05, 8.99128735909e-06, 4.14844453189e-06, 3.12662814395e-06, 5.68186180772e-07, 4.05151581617e-07, 1.43255107332e-07, 5.11986790741e-08, 1.58837316633e-08, 4.4555235057e-09, 2.27843344192e-09, 1.40620559641e-09, 1.40108891156e-09],
        "dmean2": [1.25168817249e-05, 0.00329138478264, 0.00277417339385, 0.00153179827612, 0.00332053774036, 0.00227688159794, 0.00129070226103, 0.000494292529766, 0.000496969965752, 0.000324349908624, 0.000448310980573, 0.00021339590603, 0.00058936822461, 3.02058833768e-05, 1.825932668e-05, 1.45104468174e-05, 5.88805869484e-06, 4.43661929239e-06, 8.57515601638e-07, 5.7449705082e-07, 2.13561236251e-07, 7.96378145651e-08, 2.69995261704e-08, 7.81171216602e-09, 4.11000078415e-09, 2.60637555982e-09, 2.60992716328e-09],
        "dvar": [2.5582946872e-10, 1.46245592987e-05, 9.73490296019e-06, 3.6023920984e-06, 7.03816704117e-06, 7.44579392631e-06, 4.25280813943e-06, 1.12800546503e-06, 1.80855033705e-06, 4.71576726113e-07, 6.23179130343e-06, 9.66839706962e-07, 1.96613509615e-05, 4.68895278161e-09, 1.15313614213e-09, 3.82539599997e-09, 3.05218683661e-10, 6.02867866739e-10, 5.61887168737e-12, 5.39449257833e-12, 1.55579151992e-12, 2.25189292669e-13, 2.5548231472e-14, 1.85398973836e-15, 3.12872847832e-16, 1.24791180362e-17, 6.28486700898e-18],
        "dvar2": [6.19426121506e-10, 3.26159679389e-05, 2.25485309784e-05, 8.53398887557e-06, 1.81236700882e-05, 1.92448460439e-05, 8.20609238872e-06, 1.85331646207e-06, 3.45775993082e-06, 7.54613665777e-07, 5.05266916662e-06, 1.72188549641e-06, 4.1151924961e-05, 1.15406173506e-08, 2.44492492918e-09, 9.72374891717e-09, 6.1349103575e-10, 1.1011285217e-09, 1.1273681641e-11, 1.00919203549e-11, 3.54318679431e-12, 4.77953126295e-13, 6.66242031704e-14, 5.09221850681e-15, 8.78819764424e-16, 3.67217303822e-17, 1.96337241003e-17],
        "max": [0.000370109948562, 0.0989024788141, 0.0938031896949, 0.0453769937158, 0.0462189354002, 0.0777454301715, 0.0520869977772, 0.0524272434413, 0.0757014602423, 0.0240429732949, 0.127103000879, 0.0414905697107, 0.13392265141, 0.0017692229012, 0.00113095028792, 0.00276637729257, 0.000584144378081, 0.000960831413977, 6.73574322718e-05, 7.66856464907e-05, 7.05611455487e-05, 1.51892236318e-05, 7.98723885964e-06, 1.77258584699e-06, 6.07305253197e-07, 1.08413892974e-07, 8.4946762513e-08],
        "mean": [1.07846226456e-05, 0.0114665506408, 0.00918060541153, 0.00248180283234, 0.00594569602981, 0.0055414326489, 0.00235798535869, 0.00116230477579, 0.00112776574679, 0.000715641537681, 0.00126236700453, 0.000412904162658, 0.000678527751006, 4.43657590949e-05, 3.57203680323e-05, 1.81903742487e-05, 9.3513781394e-06, 5.31172599949e-06, 1.06616835183e-06, 6.8385617169e-07, 1.9159789133e-07, 5.83843906554e-08, 1.51683341443e-08, 3.84526011032e-09, 1.94300864287e-09, 1.28914789954e-09, 1.21547250043e-09],
        "median": [3.54747089659e-06, 0.00407148757949, 0.00641064858064, 0.00117086898535, 0.00354479183443, 0.00264351372607, 0.000770182930864, 0.000450613733847, 0.000324352789903, 0.000202874129172, 0.000107129577373, 7.29419480194e-05, 4.55957597296e-05, 1.72679137904e-05, 1.24660136862e-05, 3.85428484151e-06, 2.53649568549e-06, 7.42931092645e-07, 2.66521453796e-07, 5.31799457804e-08, 1.06842303893e-08, 2.80936696129e-09, 1.06089181884e-09, 6.27700280642e-10, 5.67006108732e-10, 5.74880698601e-10, 5.17908271824e-10],
        "min": [2.7742903284e-23, 1.73321323684e-23, 7.37497856138e-24, 2.40120171872e-23, 4.58350305593e-23, 7.28114134789e-23, 2.0078335462e-23, 4.71288003092e-23, 4.54055809934e-23, 9.87469449212e-23, 6.44313819481e-23, 6.63654480066e-23, 1.94283036631e-22, 1.64099602811e-22, 1.63662308812e-22, 3.18840588982e-22, 2.25284109003e-22, 2.33231737473e-22, 2.22245139117e-22, 2.39733566919e-22, 3.67507601792e-22, 9.03014253134e-22, 7.55582031695e-22, 9.13157010135e-22, 1.28253425014e-21, 1.69410769783e-21, 2.12531012529e-21],
        "var": [4.43472258915e-10, 0.000299412669847, 0.000103238358861, 1.34885649459e-05, 4.26598562626e-05, 6.11789000686e-05, 1.76314988494e-05, 9.13579788175e-06, 9.39875008044e-06, 2.84025600195e-06, 4.23560632044e-05, 3.11115900331e-06, 2.88044666377e-05, 8.0947284431e-09, 4.19260048901e-09, 6.59096821565e-09, 6.35703378826e-10, 1.1061359606e-09, 1.05017036733e-11, 1.09968900305e-11, 1.99215557245e-12, 2.65807720886e-13, 2.44943717138e-14, 1.39481137771e-15, 2.10783672468e-16, 8.60654957582e-18, 4.59613973814e-18]
    },
    "erbbands": {
        "dmean": [0.0258302129805, 0.605151355267, 2.00169372559, 2.44290161133, 4.19026613235, 8.55799198151, 10.9449558258, 11.9212121964, 14.1296749115, 7.82335615158, 8.33098983765, 7.8509516716, 7.53547525406, 7.95978450775, 17.5772457123, 8.19992637634, 19.9417266846, 5.26538896561, 0.73098808527, 0.594252824783, 0.360939890146, 0.2125005126, 0.225305438042, 0.0475540496409, 0.0203227140009, 0.0157977342606, 0.0127902245149, 0.00336613506079, 0.00255986838602, 0.00078718533041, 0.000360988546163, 0.000130319633172, 6.80853481754e-05, 2.99144630844e-05, 1.60881063493e-05, 7.23110224499e-06, 3.41953432326e-06, 1.01645809991e-06, 2.96762050311e-06, 7.04500916981e-06],
        "dmean2": [0.0407717004418, 0.924509704113, 3.17748236656, 3.82029795647, 6.93479585648, 13.8249979019, 17.3946208954, 18.3968791962, 21.1496200562, 11.191403389, 11.9747982025, 10.6380605698, 10.2114849091, 8.6286687851, 17.4046916962, 9.89705562592, 26.7144794464, 7.24402046204, 1.04038822651, 0.898484230042, 0.55636370182, 0.305858522654, 0.318999558687, 0.0695116445422, 0.0295145679265, 0.0224649570882, 0.0177432838827, 0.00532353902236, 0.00402636127546, 0.00127342378255, 0.000627269444522, 0.00022855908901, 0.000119554926641, 5.27397896803e-05, 2.83767803921e-05, 1.24825037346e-05, 5.74891191718e-06, 1.76756952897e-06, 4.43339695266e-06, 1.05895078377e-05],
        "dvar": [0.00298079662025, 1.08955073357, 10.6850910187, 21.6525745392, 45.1969795227, 176.2996521, 395.884246826, 745.025878906, 1049.59643555, 438.987640381, 986.873413086, 965.808288574, 525.574951172, 1873.19384766, 12205.4453125, 1778.71228027, 37546.7226562, 2569.06494141, 4.80986785889, 4.5977845192, 4.252805233, 0.633936107159, 3.12560367584, 0.0344864688814, 0.0104422559962, 0.00641433894634, 0.00800346769392, 0.000613067706581, 0.000650431727991, 5.79663319513e-05, 1.23328027257e-05, 1.54068015945e-06, 4.83900919335e-07, 6.24825986506e-08, 1.25569030729e-08, 5.28607158046e-10, 4.5064344617e-11, 3.90629672706e-12, 1.93378941332e-11, 9.95394322523e-11],
        "dvar2": [0.0075625940226, 2.42560601234, 27.0608978271, 42.847202301, 132.062713623, 457.431213379, 1145.2019043, 1765.13415527, 2033.88586426, 821.055236816, 1960.29638672, 1613.7286377, 787.090209961, 1425.49316406, 10108.3759766, 2993.16308594, 77979.5, 5380.83886719, 10.5762720108, 11.0432796478, 10.4973974228, 1.24925339222, 5.75130939484, 0.0666693970561, 0.0190162044019, 0.0123344380409, 0.0165485329926, 0.00157998478971, 0.00144176476169, 0.000144791134517, 3.38240206474e-05, 4.26392853115e-06, 1.33141691094e-06, 1.73705373641e-07, 3.4990037534e-08, 1.44792611234e-09, 1.17788334641e-10, 1.02545047106e-11, 3.92279993211e-11, 2.05431019418e-10],
        "max": [1.24282181263, 27.9017047882, 66.4025192261, 134.27772522, 139.515411377, 274.333312988, 420.680206299, 968.928588867, 744.034301758, 1005.75952148, 1303.52294922, 2201.67041016, 926.150146484, 2901.90527344, 6481.5078125, 1817.04650879, 5583.35839844, 1696.2043457, 55.4971160889, 77.8280639648, 89.0573959351, 24.0619468689, 68.4317779541, 4.9281206131, 4.1557059288, 2.32799482346, 4.42538118362, 0.901067793369, 0.897481203079, 0.376932829618, 0.125894799829, 0.0511210784316, 0.0262797251344, 0.00919656362385, 0.00410292297602, 0.000822733098175, 0.000209839417948, 5.6742788729e-05, 0.00011097452807, 0.00024239551567],
        "mean": [0.110950633883, 3.28304791451, 10.6256341934, 10.7000389099, 10.7171831131, 23.1914348602, 32.6416549683, 51.1593055725, 40.4493942261, 24.711315155, 29.4442520142, 25.3849544525, 24.5946846008, 22.5987491608, 49.9215736389, 20.804479599, 32.1501083374, 8.3531665802, 2.02712917328, 1.53344237804, 0.797229707241, 0.510232150555, 0.392616301775, 0.0993765294552, 0.0363384261727, 0.0272847693413, 0.0195930507034, 0.0043940958567, 0.00281601818278, 0.000865673355293, 0.000346884073224, 0.000133562833071, 8.05949603091e-05, 4.77271751151e-05, 3.50523841917e-05, 2.42105834332e-05, 1.41036452987e-05, 2.39135965785e-06, 1.96202254301e-05, 4.67950158054e-05],
        "median": [0.0436503663659, 1.19575297832, 6.99677658081, 4.76054000854, 5.99745130539, 11.9573783875, 21.5552749634, 17.3806266785, 17.0640258789, 9.39464950562, 10.6295986176, 7.92466974258, 7.71002244949, 5.39771842957, 4.23136043549, 3.89516663551, 2.61460018158, 1.55493879318, 0.831177532673, 0.563116371632, 0.212943509221, 0.145922422409, 0.064283631742, 0.0268370788544, 0.00835613161325, 0.00299617322162, 0.00101745582651, 0.000353564624675, 0.000141939570312, 7.0705980761e-05, 4.69358783448e-05, 3.79044140573e-05, 3.38620229741e-05, 3.05524481519e-05, 2.6298854209e-05, 2.04841271625e-05, 1.22132651086e-05, 1.86370732536e-06, 1.70592720679e-05, 4.07058105338e-05],
        "min": [9.76855874779e-22, 2.24141772779e-21, 8.82594928128e-21, 3.07506137551e-20, 1.94378370813e-19, 1.13819767944e-19, 1.84182452109e-19, 7.89527402768e-19, 3.42755211508e-19, 6.64137316759e-19, 8.88134414519e-19, 1.21366948343e-18, 2.26400140157e-18, 2.60099726466e-18, 2.88646722022e-18, 3.37352667453e-18, 8.28326423138e-18, 9.94799499264e-18, 7.7961648656e-18, 1.25888675327e-17, 1.71321462938e-17, 1.31066883864e-17, 1.24587114905e-17, 1.02655306046e-17, 1.17062443124e-17, 1.25125998259e-17, 1.25659356046e-17, 1.4931111328e-17, 3.98226286666e-17, 2.64399564319e-17, 1.88556697443e-17, 1.88771317725e-17, 1.56049359637e-17, 1.51613322361e-17, 8.94306153826e-18, 5.67532919612e-18, 2.97955254289e-18, 1.48091892484e-18, 2.77275051381e-19, 2.79793486767e-20],
        "var": [0.0247522443533, 23.2404937744, 118.922477722, 247.871047974, 197.557571411, 942.316040039, 1418.68115234, 8364.74902344, 4217.58447266, 2954.94824219, 5471.25634766, 5634.99169922, 3430.94604492, 11809.2304688, 85390.96875, 6370.60791016, 58056.8632812, 3368.62524414, 12.0435905457, 10.4511070251, 7.83326721191, 1.54351627827, 5.61254072189, 0.0788910463452, 0.0176417417824, 0.0129593499005, 0.0127439405769, 0.000625561922789, 0.000710986729246, 6.17597906967e-05, 9.29502311919e-06, 1.11992324037e-06, 3.57175707677e-07, 4.39323279977e-08, 9.11485376065e-09, 6.00217209268e-10, 1.11256795443e-10, 6.6449653939e-12, 1.6871709585e-10, 9.51217882239e-10]
    },
    "gfcc": {
        "mean": [-196.544891357, 275.403533936, -78.4384155273, -41.8169975281, -4.68536806107, -20.1853733063, -18.4104061127, -11.217382431, -11.8358592987, -11.1389141083, -0.551496267319, -11.2526893616, -1.27255952358],
        "cov": [[8856.79589844, 175.11126709, -2845.01416016, 23.4642543793, 757.906616211, -307.434875488, 228.980377197, -144.495666504, -131.878250122, -78.9403152466, -7.5973072052, 36.6401786804, 178.874267578], [175.11126709, 279.011444092, 39.6837158203, -209.342758179, 145.880996704, -22.0197086334, -75.0052566528, 40.9462776184, -8.99242782593, -48.5228767395, 4.9908823967, -19.0100822449, 16.5741958618], [-2845.01416016, 39.6837158203, 1274.71704102, -29.9813461304, -164.85824585, 206.228988647, -89.4968032837, 91.5905838013, 82.9338531494, 5.16477203369, -1.37355494499, -44.6322937012, -55.8725471497], [23.4642543793, -209.342758179, -29.9813461304, 281.923706055, -46.4393882751, 2.14421629906, 108.581855774, 1.64268302917, 23.2591819763, 63.6186332703, 8.99244785309, 20.607837677, -2.21462249756], [757.906616211, 145.880996704, -164.85824585, -46.4393882751, 300.886810303, 32.5472755432, -11.480260849, 31.1333122253, -25.128911972, -28.8116168976, 34.8234176636, 5.58444547653, 18.6957263947], [-307.434875488, -22.0197086334, 206.228988647, 2.14421629906, 32.5472755432, 212.738571167, 64.0697631836, 3.13509178162, 18.6334781647, -6.71512889862, 23.3127326965, 42.6217308044, 10.3285560608], [228.980377197, -75.0052566528, -89.4968032837, 108.581855774, -11.480260849, 64.0697631836, 199.492401123, 45.9647865295, 5.13698959351, 47.0117988586, -0.633965909481, 17.7354507446, 42.6114196777], [-144.495666504, 40.9462776184, 91.5905838013, 1.64268302917, 31.1333122253, 3.13509178162, 45.9647865295, 117.229728699, 52.0973739624, 13.6444568634, 10.3442983627, -1.52019023895, 14.1483001709], [-131.878250122, -8.99242782593, 82.9338531494, 23.2591819763, -25.128911972, 18.6334781647, 5.13698959351, 52.0973739624, 104.305282593, 43.5431442261, 6.1439499855, 13.3897562027, -3.79400491714], [-78.9403152466, -48.5228767395, 5.16477203369, 63.6186332703, -28.8116168976, -6.71512889862, 47.0117988586, 13.6444568634, 43.5431442261, 92.0951156616, 35.98046875, 3.10662579536, -1.39804875851], [-7.5973072052, 4.9908823967, -1.37355494499, 8.99244785309, 34.8234176636, 23.3127326965, -0.633965909481, 10.3442983627, 6.1439499855, 35.98046875, 94.6152572632, 71.437461853, 2.12693786621], [36.6401786804, -19.0100822449, -44.6322937012, 20.607837677, 5.58444547653, 42.6217308044, 17.7354507446, -1.52019023895, 13.3897562027, 3.10662579536, 71.437461853, 152.806838989, 61.218952179], [178.874267578, 16.5741958618, -55.8725471497, -2.21462249756, 18.6957263947, 10.3285560608, 42.6114196777, 14.1483001709, -3.79400491714, -1.39804875851, 2.12693786621, 61.218952179, 100.854202271]],
        "icov": [[0.000716426293366, -0.000595543009695, 0.00146667251829, -0.000562319008168, -0.000680149241816, 0.00011248383089, -0.00099308276549, 0.00168854778167, -0.00243260757998, 0.00257503124885, -0.00219768867828, 0.00212217611261, -0.00137297064066], [-0.000595543009695, 0.0238455478102, -0.00687243929133, 0.0185449067503, -0.0130938328803, 0.0160359386355, -0.013535217382, 0.00936311855912, -0.0117437858135, 0.01081605535, -0.00801892857999, 0.00172777753323, -0.00224385829642], [0.00146667251829, -0.00687243929133, 0.00687300087884, -0.00655251322314, 0.0042382683605, -0.0088422363624, 0.00718037644401, -0.00531269563362, 0.00232735904865, -0.00176385464147, 0.000219109875616, 0.00370824383572, -0.00216918345541], [-0.000562319008168, 0.0185449067503, -0.00655251322314, 0.0204954072833, -0.0111965211108, 0.0155929829925, -0.0160517524928, 0.0107143549249, -0.010747413151, 0.00667954655364, -0.00454284669831, -0.00185177777894, 0.00143536319956], [-0.000680149241816, -0.0130938328803, 0.0042382683605, -0.0111965211108, 0.0152792483568, -0.0149401519448, 0.0148456376046, -0.0143985329196, 0.0139806512743, -0.0101760979742, 0.00472306599841, -0.000367414322682, 0.000413719826611], [0.00011248383089, 0.0160359386355, -0.0088422363624, 0.0155929829925, -0.0149401519448, 0.0296028368175, -0.028128284961, 0.0257084015757, -0.0253789462149, 0.0253167413175, -0.0184062737972, 0.0042838412337, -0.00219115917571], [-0.00099308276549, -0.013535217382, 0.00718037644401, -0.0160517524928, 0.0148456376046, -0.028128284961, 0.0387464724481, -0.0341410748661, 0.0340331830084, -0.0357723943889, 0.0273165591061, -0.0109501099214, 0.0030137009453], [0.00168854778167, 0.00936311855912, -0.00531269563362, 0.0107143549249, -0.0143985329196, 0.0257084015757, -0.0341410748661, 0.0466215573251, -0.0422655120492, 0.0396835021675, -0.0341340638697, 0.018836306408, -0.011074394919], [-0.00243260757998, -0.0117437858135, 0.00232735904865, -0.010747413151, 0.0139806512743, -0.0253789462149, 0.0340331830084, -0.0422655120492, 0.056811824441, -0.0524943135679, 0.0441225394607, -0.0275135133415, 0.0160350129008], [0.00257503124885, 0.01081605535, -0.00176385464147, 0.00667954655364, -0.0101760979742, 0.0253167413175, -0.0357723943889, 0.0396835021675, -0.0524943135679, 0.0712592825294, -0.0579224005342, 0.0351972766221, -0.0194646622986], [-0.00219768867828, -0.00801892857999, 0.000219109875616, -0.00454284669831, 0.00472306599841, -0.0184062737972, 0.0273165591061, -0.0341340638697, 0.0441225394607, -0.0579224005342, 0.069592371583, -0.0437602065504, 0.0254457183182], [0.00212217611261, 0.00172777753323, 0.00370824383572, -0.00185177777894, -0.000367414322682, 0.0042838412337, -0.0109501099214, 0.018836306408, -0.0275135133415, 0.0351972766221, -0.0437602065504, 0.0396811142564, -0.0241315662861], [-0.00137297064066, -0.00224385829642, -0.00216918345541, 0.00143536319956, 0.000413719826611, -0.00219115917571, 0.0030137009453, -0.011074394919, 0.0160350129008, -0.0194646622986, 0.0254457183182, -0.0241315662861, 0.0264216531068]]
    },
    "melbands": {
        "dmean": [0.000419182440965, 0.000981862074696, 0.000451173138572, 0.000443580909632, 0.000382170284865, 0.000270960095804, 0.000200339782168, 7.75779190008e-05, 7.34503264539e-05, 4.79872214783e-05, 3.74514929717e-05, 3.02610060317e-05, 5.50576478417e-05, 2.67175037152e-05, 2.58729087363e-05, 5.22567352164e-05, 3.76971161131e-06, 9.8906355106e-07, 9.64006289905e-07, 8.54830830122e-07, 3.2924836546e-07, 2.48334231401e-07, 2.10466282624e-07, 1.42792728752e-07, 3.31811058629e-08, 1.46687053615e-08, 1.20757261968e-08, 1.13102096577e-08, 1.15980149928e-08, 3.03940361768e-09, 1.66250302414e-09, 1.53906176692e-09, 6.79268918891e-10, 4.0602615714e-10, 1.93884686084e-10, 1.42230602296e-10, 6.37700170447e-11, 5.17795112343e-11, 2.96367236308e-11, 2.36115797053e-11],
        "dmean2": [0.000640729791485, 0.00153253856115, 0.000718312337995, 0.000727893726435, 0.00060472136829, 0.000419485993916, 0.00029823067598, 0.000109959568363, 0.000107330823084, 6.43655585009e-05, 5.15270839969e-05, 3.45169282809e-05, 5.38828790013e-05, 2.88998126052e-05, 3.31479459419e-05, 7.07407089067e-05, 5.38180029253e-06, 1.4449254877e-06, 1.32565787681e-06, 1.39229962315e-06, 4.94632502068e-07, 3.52789413682e-07, 3.04711619492e-07, 1.99701560177e-07, 5.09376860691e-08, 2.18140527863e-08, 1.80431509733e-08, 1.58165089914e-08, 1.59629784946e-08, 4.68763872163e-09, 2.71586397815e-09, 2.41737851958e-09, 1.08056508186e-09, 6.83743561769e-10, 3.40293238033e-10, 2.55794746495e-10, 1.10600098524e-10, 9.14859507595e-11, 5.31810637194e-11, 4.26139679099e-11],
        "dvar": [6.14166310697e-07, 2.2424267172e-06, 5.93066999954e-07, 3.2801168004e-07, 3.68797685724e-07, 3.07313825942e-07, 2.07689055287e-07, 4.58774032097e-08, 8.73684626868e-08, 3.85683485149e-08, 1.33437181304e-08, 2.56518148944e-08, 9.65615853943e-08, 2.24619469691e-08, 4.70580872047e-08, 3.23062693042e-07, 4.85964879449e-10, 7.12138160941e-12, 8.77263626325e-12, 3.25196328199e-11, 2.47635635955e-12, 1.10595343647e-12, 1.61904344098e-12, 1.16238388272e-12, 1.89107406899e-14, 5.17229191944e-15, 4.19983202743e-15, 4.8334956812e-15, 7.19848070312e-15, 8.58717131487e-16, 1.64721941387e-16, 2.49419836278e-16, 3.81539042774e-17, 2.13001935952e-17, 3.49908235176e-18, 2.23172088496e-18, 3.12087335202e-19, 2.83515250224e-19, 7.22460904097e-20, 4.5018577824e-20],
        "dvar2": [1.40177701269e-06, 5.47436502529e-06, 1.32162449518e-06, 8.81331402525e-07, 9.9874011994e-07, 7.29922476239e-07, 4.08280271813e-07, 8.34210140965e-08, 1.90195379446e-07, 5.94000404419e-08, 2.03317345182e-08, 2.03616252747e-08, 7.92375871583e-08, 2.11543174089e-08, 8.94433966891e-08, 6.91120305873e-07, 9.79939906998e-10, 1.73622383831e-11, 1.71909379093e-11, 8.33076732598e-11, 5.62599055884e-12, 2.11659119051e-12, 3.17951936481e-12, 2.06665088688e-12, 3.97118827351e-14, 1.00752324439e-14, 8.72065396648e-15, 8.57778491926e-15, 1.42965541207e-14, 2.1910635351e-15, 4.32927936113e-16, 5.52255581912e-16, 8.40640627829e-17, 5.37258109192e-17, 9.64328233449e-18, 6.26249135982e-18, 8.47921287533e-19, 7.73941045281e-19, 2.00386765213e-19, 1.27571244962e-19],
        "max": [0.0167775917798, 0.0349198244512, 0.0192665196955, 0.0114384200424, 0.0110846888274, 0.0187913514674, 0.00960613880306, 0.0125088058412, 0.0103617478162, 0.0148827983066, 0.00460557173938, 0.0106630241498, 0.0169462375343, 0.00834024418145, 0.00956631358713, 0.0184982139617, 0.000768353231251, 7.11250395398e-05, 0.000124869024148, 0.00025481233024, 5.81619933655e-05, 3.44616237271e-05, 4.3367370381e-05, 4.23366909672e-05, 5.14063640367e-06, 2.76570517599e-06, 2.23623942475e-06, 2.31027138398e-06, 3.51192124981e-06, 1.44846342209e-06, 5.20248534031e-07, 5.61886224659e-07, 1.82737963428e-07, 2.54341216532e-07, 6.83975684979e-08, 5.28823704826e-08, 2.45426416967e-08, 2.01257304155e-08, 9.8991499442e-09, 7.50137907346e-09],
        "mean": [0.0021136617288, 0.00552981114015, 0.00181598926429, 0.0012133771088, 0.00115732988343, 0.00112134008668, 0.000565572699998, 0.000245592411375, 0.000250634126132, 0.000151970001752, 0.000119463933515, 8.30133358249e-05, 0.000152375549078, 7.71039121901e-05, 5.39347020094e-05, 7.28798331693e-05, 7.34638479116e-06, 2.77336948784e-06, 2.70317673312e-06, 1.6946555661e-06, 7.31735212867e-07, 5.64832760119e-07, 4.08195774071e-07, 2.39589013518e-07, 6.61126193791e-08, 2.45160549639e-08, 1.97867855434e-08, 1.91929814264e-08, 1.76212804348e-08, 4.05059141784e-09, 1.84111659252e-09, 1.64552693693e-09, 7.70085217816e-10, 3.98768795762e-10, 1.70143343858e-10, 1.20774210077e-10, 5.48336896722e-11, 4.53043193238e-11, 2.44076928807e-11, 1.98958974296e-11],
        "median": [0.000805389136076, 0.00322387460619, 0.00100766809192, 0.000678983691614, 0.000744124758057, 0.000462638505269, 0.000230716512306, 8.11925419839e-05, 7.8857257904e-05, 4.44147408416e-05, 3.51377821062e-05, 1.80066072062e-05, 1.20508802866e-05, 1.01487858046e-05, 6.99167685525e-06, 4.09849644711e-06, 2.24931682169e-06, 1.01071998415e-06, 9.22876438381e-07, 4.16742437892e-07, 1.85315727208e-07, 1.44815672343e-07, 7.39370307201e-08, 3.26878648593e-08, 1.6637796918e-08, 4.68196725834e-09, 2.58231125372e-09, 1.31351673982e-09, 5.20220588829e-10, 2.54081145012e-10, 1.26989432858e-10, 6.43498032638e-11, 3.99165527021e-11, 2.29142538277e-11, 1.6493773361e-11, 1.12527383245e-11, 8.44532950517e-12, 6.89496593501e-12, 5.82536319529e-12, 5.15672313878e-12],
        "min": [7.78215227305e-24, 3.988434194e-24, 1.23900016276e-23, 1.08222951952e-23, 6.21089833317e-24, 1.60172889883e-23, 5.49505321005e-24, 8.90816522941e-24, 7.40545620245e-24, 7.00925712369e-24, 1.20609314564e-23, 1.13084883149e-23, 8.68031064555e-24, 6.3084461117e-24, 1.60651444462e-23, 1.8690965788e-23, 1.77462953877e-23, 1.26969513501e-23, 1.16688841526e-23, 1.9487518087e-23, 2.06779849237e-23, 1.26887519298e-23, 1.30449462944e-23, 1.04007334494e-23, 7.99742452548e-24, 8.15614255075e-24, 9.70953194657e-24, 7.44398416906e-24, 6.58366824305e-24, 1.02270901758e-23, 7.10758469122e-24, 2.11648935402e-23, 1.98920207157e-23, 1.33460592351e-23, 9.64331022902e-24, 1.21177602071e-23, 1.16041360272e-23, 1.12354240178e-23, 1.13239491997e-23, 1.33866650613e-23],
        "var": [9.46649834077e-06, 3.66926942661e-05, 5.1415922826e-06, 2.10376651921e-06, 1.58980378728e-06, 3.2040682072e-06, 8.12430755559e-07, 3.52195684172e-07, 4.08339843716e-07, 2.41069017193e-07, 8.51675494573e-08, 1.6165519412e-07, 6.70174529205e-07, 1.48067641703e-07, 1.16217897528e-07, 4.17367999717e-07, 7.33406169129e-10, 2.30345898605e-11, 3.27028647218e-11, 5.38977577846e-11, 5.12894501176e-12, 2.69825806663e-12, 2.89582203702e-12, 2.20708672692e-12, 4.0705933497e-14, 8.21575710838e-15, 7.10761947887e-15, 1.04814677513e-14, 1.24823188149e-14, 9.17109147651e-16, 1.47147026818e-16, 2.72139880431e-16, 4.37548699364e-17, 2.36156342571e-17, 2.48047105236e-18, 1.51151974782e-18, 2.55871132646e-19, 2.1797051831e-19, 4.80839088413e-20, 3.00035565708e-20]
    },
    "mfcc": {
        "mean": [-819.143737793, 273.280456543, 30.5765686035, -5.84041404724, 18.1376171112, 4.56709623337, -1.41257429123, 0.528371870518, -3.47459936142, -4.67522001266, -0.835764408112, 1.09633517265, -1.61791265011],
        "cov": [[3857.59399414, 1776.1875, -1638.2487793, -455.759521484, 122.868141174, -127.775588989, 102.694747925, 109.411933899, -27.5141162872, -107.552658081, -129.849822998, -16.1665096283, 5.87697839737], [1776.1875, 1178.97692871, -531.926879883, -403.154663086, 82.4916687012, -1.93165743351, 19.6654911041, 84.286857605, 7.33351945877, -50.1196784973, -62.2963523865, -57.3089065552, -24.9576416016], [-1638.2487793, -531.926879883, 935.07598877, 129.497406006, -87.7235336304, 118.291618347, -31.2675437927, -37.1953849792, 45.9455986023, 77.4215164185, 66.1645202637, -9.4512090683, -14.3898544312], [-455.759521484, -403.154663086, 129.497406006, 268.547424316, 6.46216964722, -25.8555107117, 21.8490180969, -24.2929096222, 8.75729656219, 45.7970542908, 36.8039703369, 47.1463890076, 35.2061653137], [122.868141174, 82.4916687012, -87.7235336304, 6.46216964722, 157.8959198, 28.0924720764, -15.9900579453, 45.2156982422, -10.913269043, -30.3038082123, 10.4345064163, 4.93607711792, 16.558303833], [-127.775588989, -1.93165743351, 118.291618347, -25.8555107117, 28.0924720764, 147.146438599, 69.5640258789, 23.0562229156, 19.6234436035, -6.08217191696, 0.459189414978, 14.053278923, 11.0398111343], [102.694747925, 19.6654911041, -31.2675437927, 21.8490180969, -15.9900579453, 69.5640258789, 146.350906372, 64.008934021, 23.7571983337, 10.3795890808, -11.167842865, 29.3473396301, 39.2590332031], [109.411933899, 84.286857605, -37.1953849792, -24.2929096222, 45.2156982422, 23.0562229156, 64.008934021, 127.127319336, 50.6795463562, -19.5126953125, -2.32965135574, 21.6048107147, 39.298210144], [-27.5141162872, 7.33351945877, 45.9455986023, 8.75729656219, -10.913269043, 19.6234436035, 23.7571983337, 50.6795463562, 103.631278992, 58.273059845, -4.88887310028, 2.1894338131, 16.194770813], [-107.552658081, -50.1196784973, 77.4215164185, 45.7970542908, -30.3038082123, -6.08217191696, 10.3795890808, -19.5126953125, 58.273059845, 128.78918457, 47.5900344849, -29.9261798859, -22.3574848175], [-129.849822998, -62.2963523865, 66.1645202637, 36.8039703369, 10.4345064163, 0.459189414978, -11.167842865, -2.32965135574, -4.88887310028, 47.5900344849, 111.797233582, 52.8369102478, -27.118637085], [-16.1665096283, -57.3089065552, -9.4512090683, 47.1463890076, 4.93607711792, 14.053278923, 29.3473396301, 21.6048107147, 2.1894338131, -29.9261798859, 52.8369102478, 142.355636597, 61.3889007568], [5.87697839737, -24.9576416016, -14.3898544312, 35.2061653137, 16.558303833, 11.0398111343, 39.2590332031, 39.298210144, 16.194770813, -22.3574848175, -27.118637085, 61.3889007568, 127.219497681]],
