{
"lowlevel": {
    "average_loudness": 0.0209386926144,
    "barkbands_crest": {
        "dmean": 1.63631141186,
        "dmean2": 2.4142510891,
        "dvar": 2.98593139648,
        "dvar2": 6.60663223267,
        "max": 26.9075222015,
        "mean": 11.8181581497,
        "median": 10.7725811005,
        "min": 2.17833948135,
        "var": 21.0045433044
    },
    "barkbands_flatness_db": {
        "dmean": 0.0127233602107,
        "dmean2": 0.0183723885566,
        "dvar": 0.000204741605558,
        "dvar2": 0.000441285286797,
        "max": 0.736013829708,
        "mean": 0.233353465796,
        "median": 0.235891416669,
        "min": 0.0179844740778,
        "var": 0.00329691451043
    },
    "barkbands_kurtosis": {
        "dmean": 5.52421188354,
        "dmean2": 7.55984926224,
        "dvar": 49839.9960938,
        "dvar2": 110450.726562,
        "max": 22383.3671875,
        "mean": 7.5803604126,
        "median": 0.882999420166,
        "min": -1.78929901123,
        "var": 56999.3359375
    },
    "barkbands_skewness": {
        "dmean": 0.325908333063,
        "dmean2": 0.479785919189,
        "dvar": 1.33328306675,
        "dvar2": 2.13099813461,
        "max": 133.934402466,
        "mean": 0.288095831871,
        "median": 0.252465546131,
        "min": -5.42099094391,
        "var": 5.95030403137
    },
    "barkbands_spread": {
        "dmean": 2.24753522873,
        "dmean2": 3.39458656311,
        "dvar": 10.2947530746,
        "dvar2": 23.7616691589,
        "max": 132.091247559,
        "mean": 13.2347068787,
        "median": 11.9331293106,
        "min": 0.020260496065,
        "var": 49.0681800842
    },
    "dissonance": {
        "dmean": 0.0298359356821,
        "dmean2": 0.0508222393692,
        "dvar": 0.000938155222684,
        "dvar2": 0.00259463861585,
        "max": 0.5,
        "mean": 0.418676674366,
        "median": 0.426670849323,
        "min": 0.143277958035,
        "var": 0.00268455781043
    },
    "dynamic_complexity": 6.34101867676,
    "erbbands_crest": {
        "dmean": 2.01234793663,
        "dmean2": 2.89533782005,
        "dvar": 4.5226931572,
        "dvar2": 9.47308158875,
        "max": 32.4924888611,
        "mean": 13.7735967636,
        "median": 12.6306247711,
        "min": 2.85568904877,
        "var": 34.4814414978
    },
    "erbbands_flatness_db": {
        "dmean": 0.0122631844133,
        "dmean2": 0.0169687848538,
        "dvar": 0.000191547398572,
        "dvar2": 0.000371737667592,
        "max": 0.547898292542,
        "mean": 0.290448099375,
        "median": 0.292724698782,
        "min": 0.0405017100275,
        "var": 0.00339015154168
    },
    "erbbands_kurtosis": {
        "dmean": 1.32583332062,
        "dmean2": 1.86549174786,
        "dvar": 8.51561355591,
        "dvar2": 16.8198299408,
        "max": 91.2148361206,
        "mean": 2.39244556427,
        "median": 0.613971233368,
        "min": -1.81873786449,
        "var": 34.7700881958
    },
    "erbbands_skewness": {
        "dmean": 0.2930534482,
        "dmean2": 0.410756379366,
        "dvar": 0.106893375516,
        "dvar2": 0.207784950733,
        "max": 7.10520362854,
        "mean": 0.479900121689,
        "median": 0.421595036983,
        "min": -4.07272768021,
        "var": 1.05313968658
    },
    "erbbands_spread": {
        "dmean": 2.28254008293,
        "dmean2": 3.22521185875,
        "dvar": 9.57521438599,
        "dvar2": 18.7827301025,
        "max": 186.566955566,
        "mean": 15.5457544327,
        "median": 14.5503225327,
        "min": 0.56705904007,
        "var": 75.7938079834
    },
    "hfc": {
        "dmean": 3.83097529411,
        "dmean2": 4.80694627762,
        "dvar": 182.752716064,
        "dvar2": 322.050506592,
        "max": 787.666137695,
        "mean": 13.5016326904,
        "median": 3.9373383522,
        "min": 1.08787333239e-16,
        "var": 742.159912109
    },
    "melbands_crest": {
        "dmean": 1.96916973591,
        "dmean2": 2.84248352051,
        "dvar": 4.69355773926,
        "dvar2": 10.242515564,
        "max": 39.9986534119,
        "mean": 14.6352291107,
        "median": 13.4415359497,
        "min": 1.60646224022,
        "var": 34.3037872314
    },
    "melbands_flatness_db": {
        "dmean": 0.0134851168841,
        "dmean2": 0.0188863389194,
        "dvar": 0.000254300393863,
        "dvar2": 0.000528409378603,
        "max": 0.726492643356,
        "mean": 0.304558008909,
        "median": 0.29616189003,
        "min": 0.00405130395666,
        "var": 0.00654085492715
    },
    "melbands_kurtosis": {
        "dmean": 11.881362915,
        "dmean2": 18.4612979889,
        "dvar": 427452.1875,
        "dvar2": 1082071.125,
        "max": 61001.5,
        "mean": 13.7282829285,
        "median": 2.12703514099,
        "min": -1.74104166031,
        "var": 349337.34375
    },
    "melbands_skewness": {
        "dmean": 0.352861464024,
        "dmean2": 0.499839097261,
        "dvar": 5.23107719421,
        "dvar2": 11.183836937,
        "max": 239.189346313,
        "mean": 0.892225325108,
        "median": 0.791956365108,
        "min": -4.80373620987,
        "var": 10.5381059647
    },
    "melbands_spread": {
        "dmean": 2.61993503571,
        "dmean2": 3.79572701454,
        "dvar": 12.7440853119,
        "dvar2": 26.5269508362,
        "max": 185.061767578,
        "mean": 16.6732978821,
        "median": 14.047170639,
        "min": 0.0152011783794,
        "var": 171.187408447
    },
    "pitch_salience": {
        "dmean": 0.0410069525242,
        "dmean2": 0.0627752766013,
        "dvar": 0.00175731652416,
        "dvar2": 0.00425948016346,
        "max": 0.91524630785,
        "mean": 0.491734027863,
        "median": 0.489930003881,
        "min": 0.000620601465926,
        "var": 0.0116714984179
    },
    "silence_rate_20dB": {
        "dmean": 0.000318040867569,
        "dmean2": 0.000636132317595,
        "dvar": 0.000317923666444,
        "dvar2": 0.000794696621597,
        "max": 1,
        "mean": 0.99968200922,
        "median": 1,
        "min": 0,
        "var": 0.000317853468005
    },
    "silence_rate_30dB": {
        "dmean": 0.00858710333705,
        "dmean2": 0.017175571993,
        "dvar": 0.00851482804865,
        "dvar2": 0.0186270158738,
        "max": 1,
        "mean": 0.985768795013,
        "median": 1,
        "min": 0,
        "var": 0.014028721489
    },
    "silence_rate_60dB": {
        "dmean": 0.0386419668794,
        "dmean2": 0.0772900730371,
        "dvar": 0.0371501967311,
        "dvar2": 0.079905577004,
        "max": 1,
        "mean": 0.295754492283,
        "median": 0,
        "min": 0,
        "var": 0.208275690675
    },
    "spectral_centroid": {
        "dmean": 70.8413391113,
        "dmean2": 102.47492218,
        "dvar": 13711.4775391,
        "dvar2": 24576.0097656,
        "max": 11062.3251953,
        "mean": 919.745727539,
        "median": 857.077392578,
        "min": 275.309753418,
        "var": 215859.984375
    },
    "spectral_complexity": {
        "dmean": 1.23781502247,
        "dmean2": 2.02321887016,
        "dvar": 2.42755508423,
        "dvar2": 5.38639450073,
        "max": 40,
        "mean": 9.62394618988,
        "median": 9,
        "min": 0,
        "var": 31.9189853668
    },
    "spectral_decrease": {
        "dmean": 8.44574687964e-10,
        "dmean2": 1.05288322505e-09,
        "dvar": 6.51481412028e-18,
        "dvar2": 1.14848130255e-17,
        "max": 8.56830239866e-18,
        "mean": -3.62208507632e-09,
        "median": -1.69431357833e-09,
        "min": -1.12241053785e-07,
        "var": 3.26153675935e-17
    },
    "spectral_energy": {
        "dmean": 0.00352200493217,
        "dmean2": 0.0043867090717,
        "dvar": 0.000116742281534,
        "dvar2": 0.000205445234315,
        "max": 0.495066821575,
        "mean": 0.014895260334,
        "median": 0.00675825215876,
        "min": 1.03025692645e-20,
        "var": 0.000573597732
    },
    "spectral_energyband_high": {
        "dmean": 2.39933051489e-05,
        "dmean2": 3.88711923733e-05,
        "dvar": 2.8842604749e-08,
        "dvar2": 7.81113271842e-08,
        "max": 0.00652306666598,
        "mean": 4.69791521027e-05,
        "median": 6.17583373241e-06,
        "min": 7.6633889356e-21,
        "var": 3.36077228269e-08
    },
    "spectral_energyband_low": {
        "dmean": 0.000230323668802,
        "dmean2": 0.000370113819372,
        "dvar": 6.33747106349e-07,
        "dvar2": 1.50592029513e-06,
        "max": 0.0416043847799,
        "mean": 0.000728205312043,
        "median": 0.000384113402106,
        "min": 8.02364373761e-23,
        "var": 2.53134680861e-06
    },
    "spectral_energyband_middle_high": {
        "dmean": 0.00279084756039,
        "dmean2": 0.00351818534546,
        "dvar": 0.000102464313386,
        "dvar2": 0.000183638447197,
        "max": 0.457905441523,
        "mean": 0.00838403683156,
        "median": 0.00129469530657,
        "min": 1.32618327455e-21,
        "var": 0.000389863096643
    },
    "spectral_energyband_middle_low": {
        "dmean": 0.00104433123488,
        "dmean2": 0.00125815020874,
        "dvar": 6.84836732034e-06,
        "dvar2": 1.04811406345e-05,
        "max": 0.16276447475,
        "mean": 0.00520904455334,
        "median": 0.0028886590153,
        "min": 4.40658458963e-22,
        "var": 6.50904330541e-05
    },
    "spectral_entropy": {
        "dmean": 0.114123083651,
        "dmean2": 0.164740175009,
        "dvar": 0.0228092297912,
        "dvar2": 0.0513213053346,
        "max": 9.78531455994,
        "mean": 6.41704511642,
        "median": 6.44663143158,
        "min": 4.01864433289,
        "var": 0.254700422287
    },
    "spectral_flux": {
        "dmean": 0.0104757547379,
        "dmean2": 0.0166663955897,
        "dvar": 0.000524794857483,
        "dvar2": 0.00125523039605,
        "max": 0.449876129627,
        "mean": 0.0295481570065,
        "median": 0.0206607840955,
        "min": 1.01501571037e-10,
        "var": 0.00103808043059
    },
    "spectral_kurtosis": {
        "dmean": 10.0145378113,
        "dmean2": 17.7498321533,
        "dvar": 140.748931885,
        "dvar2": 426.044006348,
        "max": 117.427177429,
        "mean": 26.5561847687,
        "median": 15.9399604797,
        "min": -1.19097161293,
        "var": 547.867980957
    },
    "spectral_rms": {
        "dmean": 0.000338305544574,
        "dmean2": 0.000421758944867,
        "dvar": 4.12179758769e-07,
        "dvar2": 6.79570746343e-07,
        "max": 0.0219770800322,
        "mean": 0.00314199924469,
        "median": 0.00256776483729,
        "min": 3.17037650473e-12,
        "var": 4.65965013063e-06
    },
    "spectral_rolloff": {
        "dmean": 105.846923828,
        "dmean2": 185.430755615,
        "dvar": 92748.8359375,
        "dvar2": 193406.671875,
        "max": 19961.2792969,
        "mean": 1117.62036133,
        "median": 968.994140625,
        "min": 21.533203125,
        "var": 2006686.125
    },
    "spectral_skewness": {
        "dmean": 0.686052441597,
        "dmean2": 1.21330881119,
        "dvar": 0.535447120667,
        "dvar2": 1.63846206665,
        "max": 8.38994121552,
        "mean": 3.20661258698,
        "median": 2.69057750702,
        "min": 0.0298938658088,
        "var": 2.12139749527
    },
    "spectral_spread": {
        "dmean": 224130.0625,
        "dmean2": 380993.96875,
        "dvar": 151141482496,
        "dvar2": 281460375552,
        "max": 40793700,
        "mean": 2088692.375,
        "median": 2122882.25,
        "min": 648397.375,
        "var": 1.21465680691e+12
    },
    "spectral_strongpeak": {
        "dmean": 0.595699250698,
        "dmean2": 0.897681474686,
        "dvar": 1.46171784401,
        "dvar2": 3.16377425194,
        "max": 41.7373085022,
        "mean": 1.90334486961,
        "median": 0.762384057045,
        "min": 0,
        "var": 6.74538898468
    },
    "zerocrossingrate": {
        "dmean": 0.00322260963731,
        "dmean2": 0.00403732806444,
        "dvar": 3.39700964105e-05,
        "dvar2": 4.95238782605e-05,
        "max": 0.51416015625,
        "mean": 0.04113779217,
        "median": 0.03759765625,
        "min": 0,
        "var": 0.00138651009183
    },
    "barkbands": {
        "dmean": [0.000280400592601, 6.57008058624e-05, 8.7629785412e-05, 9.86339000519e-05, 0.000192321676877, 0.000268236151896, 0.000147675935295, 0.000170662169694, 0.000547021452803, 0.000407656858442, 0.000909994123504, 0.000969542074017, 0.000547477568034, 0.000377671734896, 0.000165086967172, 0.000122367433505, 8.3365579485e-05, 3.67173634004e-05, 3.44179497915e-05, 2.21082045755e-05, 1.13211062853e-05, 3.12611609843e-06, 1.38370273817e-06, 3.03727983919e-06, 2.38903771788e-06, 2.89757082328e-07, 4.34637037472e-08],
        "dmean2": [0.000489527126774, 0.00010142375686, 0.000134279936901, 0.000156736583449, 0.000273872807156, 0.000371500645997, 0.000191675746464, 0.000222253453103, 0.000598553160671, 0.000529551878572, 0.00119266065303, 0.00120618403889, 0.000720093550626, 0.000490335572977, 0.000255608931184, 0.000185473210877, 0.000140263655339, 5.91002899455e-05, 5.08193807036e-05, 3.36123812303e-05, 1.71879200934e-05, 5.20369621881e-06, 2.34129493037e-06, 5.67845836486e-06, 4.44326497018e-06, 5.4574763908e-07, 7.84908351648e-08],
        "dvar": [2.15942819182e-07, 1.27590752186e-07, 2.224468858e-07, 3.26156367692e-07, 1.88362022868e-07, 1.13246642286e-06, 3.20974322676e-07, 6.03420062362e-07, 3.4326981222e-06, 3.23452582052e-06, 3.20386316162e-05, 2.1337877115e-05, 4.98127792525e-06, 1.89919919649e-05, 3.35728236678e-06, 1.61188694392e-07, 2.25974019941e-07, 1.69852008014e-08, 5.78240637594e-08, 1.32035324896e-08, 3.47313244831e-09, 4.17866269364e-10, 2.14543258159e-10, 4.05488664867e-09, 2.15660844738e-09, 9.64535604164e-11, 1.1323609151e-12],
        "dvar2": [6.76950776324e-07, 3.20313574775e-07, 5.16790919391e-07, 9.09212758415e-07, 4.52857278788e-07, 1.80380015991e-06, 6.11695952557e-07, 1.0152921277e-06, 4.5574665819e-06, 6.06152934779e-06, 6.04165725235e-05, 3.39918951795e-05, 8.58121165948e-06, 3.39434736816e-05, 7.23101538824e-06, 3.18313567504e-07, 6.69043913604e-07, 4.14040925989e-08, 1.32375589601e-07, 2.80313905421e-08, 7.40364569651e-09, 1.08773623442e-09, 6.01971694714e-10, 1.19018235267e-08, 6.27534468833e-09, 2.86099727242e-10, 3.3430877424e-12],
        "max": [0.00998644344509, 0.0201681032777, 0.0205601137131, 0.0295612327754, 0.0181817002594, 0.122946120799, 0.0346903577447, 0.0584973543882, 0.1099729985, 0.0717234537005, 0.234980553389, 0.288657009602, 0.102277770638, 0.413313239813, 0.16967138648, 0.0231662709266, 0.021712616086, 0.00567695125937, 0.0177896935493, 0.0054487073794, 0.00267746066675, 0.00111138762441, 0.000758531852625, 0.00312270992436, 0.00241962540895, 0.000721669232007, 6.03067419434e-05],
        "mean": [0.000920718477573, 0.000135042981128, 0.00023777889146, 0.000245555362199, 0.000862585613504, 0.00100366270635, 0.000596348545514, 0.000486508186441, 0.00193584314547, 0.00100361404475, 0.00213070865721, 0.00232823705301, 0.00131338485517, 0.00074036832666, 0.00034508376848, 0.000216736501898, 0.000185053388122, 6.84135520714e-05, 6.57381606288e-05, 3.76937568944e-05, 2.39404271269e-05, 5.37968844583e-06, 2.25797157327e-06, 2.41716452365e-06, 1.80094787083e-06, 2.95946676943e-07, 8.48587049518e-08],
        "median": [0.00108436064329, 1.58204820764e-05, 3.12354495691e-05, 3.87556938222e-05, 0.000409701839089, 0.000277139479294, 0.000182615825906, 9.83219069894e-05, 0.000231264159083, 6.97728028172e-05, 7.4359420978e-05, 0.000111254310468, 7.86317250459e-05, 3.61049897037e-05, 2.4929006031e-05, 4.47300590167e-05, 1.28586762003e-05, 1.0595812455e-05, 1.07509840745e-05, 4.09113090427e-06, 2.04909360946e-06, 6.34958155388e-07, 2.25497956308e-07, 1.450003424e-07, 9.13291913207e-08, 5.01461769886e-08, 2.91220025872e-08],
        "min": [1.57459034819e-23, 3.45572320891e-23, 3.17800851376e-23, 9.07975588694e-24, 4.78360456652e-23, 2.79328736117e-23, 9.87351751164e-23, 3.46906568672e-23, 1.98728842123e-22, 1.3477078934e-22, 5.96871977076e-23, 6.76252210069e-23, 9.39982988834e-23, 1.40954764639e-22, 1.18803424203e-22, 4.11551858143e-23, 1.84395088014e-22, 1.21378240954e-22, 2.80670954548e-22, 3.70941481758e-22, 3.98460029845e-22, 7.53473993408e-22, 6.50058847329e-22, 8.62458068338e-22, 1.17613097468e-21, 1.76045299517e-21, 1.95505329272e-21],
        "var": [5.62149637062e-07, 3.24537040797e-07, 7.3575387205e-07, 6.97602160926e-07, 1.66739778251e-06, 8.98108100955e-06, 2.56869225268e-06, 2.59506964539e-06, 3.0034532756e-05, 1.4842172277e-05, 9.22966282815e-05, 8.20430286694e-05, 1.85851840797e-05, 4.19243078795e-05, 4.76566356156e-06, 3.71706676106e-07, 9.72618067863e-07, 4.38006431125e-08, 9.29686052586e-08, 2.32054464533e-08, 1.06127782118e-08, 4.72464012358e-10, 1.57307403215e-10, 2.19260920531e-09, 1.19822141098e-09, 5.02483402109e-11, 6.34026360059e-13]
    },
    "erbbands": {
        "dmean": [0.00208261050284, 0.0172577295452, 0.0848974585533, 0.220172837377, 0.426640242338, 0.647489190102, 1.67800664902, 2.44678759575, 2.08015727997, 2.45265817642, 4.20661735535, 11.2479143143, 12.3243131638, 28.9822883606, 28.7939434052, 32.3532371521, 26.8406009674, 16.7528533936, 13.2654514313, 6.95387649536, 6.58716058731, 5.29239797592, 2.3772380352, 1.78815853596, 1.33365511894, 0.757299304008, 0.499734759331, 0.383092612028, 0.129976004362, 0.0697603076696, 0.0420311763883, 0.0413266010582, 0.058006465435, 0.0425206832588, 0.0115839624777, 0.00135362998117, 0.000568609160837, 0.000124276935821, 9.09720256459e-06, 4.46712328994e-06],
        "dmean2": [0.00353662343696, 0.0264949146658, 0.133143663406, 0.334024488926, 0.615114271641, 0.97587621212, 2.23511505127, 3.55008602142, 2.65706276894, 3.34819030762, 5.23911905289, 12.0388698578, 14.8641338348, 37.0754737854, 38.4966888428, 39.9483833313, 33.7033424377, 21.9743614197, 17.9324054718, 10.5200042725, 9.91665077209, 8.92246246338, 3.86328315735, 2.68980169296, 2.00398612022, 1.13237977028, 0.768258273602, 0.578054487705, 0.212528392673, 0.116325870156, 0.0729191303253, 0.0754859596491, 0.108898453414, 0.0796905532479, 0.0213374197483, 0.00244558718987, 0.00108199415263, 0.000238313223235, 1.56472669914e-05, 5.71344025957e-06],
        "dvar": [3.05725479848e-05, 0.0102450009435, 0.234727650881, 1.21347546577, 2.05573225021, 2.90556645393, 44.8535461426, 71.0102844238, 55.4967498779, 65.1359024048, 598.3984375, 1273.52416992, 1915.88427734, 35739.96875, 23432.9355469, 22331.46875, 11930.9228516, 12079.8476562, 32672.8769531, 4574.234375, 603.279174805, 998.670776367, 63.5739974976, 96.3566436768, 62.619430542, 18.4838657379, 7.42909574509, 6.00780820847, 0.94444668293, 0.159664392471, 0.315709799528, 0.543575286865, 1.90606474876, 0.630085766315, 0.0726275295019, 0.000777981011197, 0.000492639839649, 3.25756664097e-05, 2.99094367051e-08, 2.74667399935e-10],
        "dvar2": [7.86932578194e-05, 0.0257991105318, 0.575666427612, 3.00882768631, 5.45197963715, 7.4295258522, 60.893371582, 157.128356934, 103.033668518, 123.824485779, 1019.61218262, 1468.33520508, 3235.95043945, 76296.203125, 41187.9375, 36984.7265625, 19562.2128906, 21937.9746094, 59326.0546875, 9442.11328125, 1154.66845703, 3007.25341797, 157.761947632, 200.203521729, 146.176086426, 36.8754196167, 16.2517089844, 12.9159097672, 2.36750531197, 0.441267937422, 0.892011642456, 1.5820800066, 5.61920261383, 1.82737874985, 0.211839497089, 0.00222909054719, 0.00146737205796, 9.72411362454e-05, 8.84820892111e-08, 5.98173011124e-10],
        "max": [0.31387835741, 5.7840628624, 23.1599464417, 56.4318580627, 49.3610458374, 70.2822952271, 813.773620605, 674.407043457, 537.911376953, 397.095245361, 1966.87097168, 1874.08935547, 2331.97998047, 8987.32617188, 7257.65576172, 8175.75537109, 5328.25537109, 7985.5625, 18015.4023438, 6238.39648438, 1596.17248535, 1460.93762207, 271.495635986, 719.322875977, 552.899047852, 240.855209351, 174.727676392, 162.863357544, 63.4328918457, 18.3938903809, 32.6145057678, 44.9800262451, 88.7283401489, 30.0101718903, 15.2716007233, 1.9109377861, 1.72583639622, 0.441517621279, 0.0107062133029, 0.000788793957327],
        "mean": [0.00496587250382, 0.0360724180937, 0.222083419561, 0.638763785362, 1.61338508129, 2.52680397034, 6.67224836349, 8.84542655945, 8.96557807922, 8.15292358398, 13.4054727554, 40.5516433716, 38.6176948547, 70.61769104, 71.2172393799, 78.0249862671, 68.4928283691, 39.6459579468, 26.3520565033, 15.0756702423, 12.357465744, 12.354391098, 4.88527441025, 3.84869909286, 2.49424409866, 1.35808217525, 0.950782060623, 0.86945950985, 0.231762364507, 0.135857075453, 0.0625098198652, 0.0426679551601, 0.0436707064509, 0.0297545194626, 0.00939030200243, 0.00160377088469, 0.000527969852556, 0.000128508036141, 2.26582687901e-05, 1.84324508155e-05],
        "median": [0.00314866891131, 0.00327275274321, 0.0273370780051, 0.140155285597, 0.403962433338, 1.22396659851, 2.41238307953, 2.5678319931, 3.24847698212, 2.37468385696, 3.2922129631, 5.34256649017, 5.49558639526, 3.74491453171, 4.25416707993, 4.74573993683, 4.61106204987, 3.24331092834, 2.66946697235, 2.56218838692, 2.80280256271, 1.18445420265, 0.802743673325, 0.648728847504, 0.430341154337, 0.195454508066, 0.134436294436, 0.046130977571, 0.0275631137192, 0.0133027471602, 0.00547890551388, 0.00362008530647, 0.00207199482247, 0.00116872950457, 0.000579074490815, 0.000255399441812, 8.8889428298e-05, 2.53626822087e-05, 9.24234336708e-06, 8.14933355286e-06],
        "min": [5.0597901968e-22, 9.92257993941e-21, 3.94546734494e-20, 3.02238515701e-20, 9.61743769664e-20, 1.60877142414e-19, 1.7420695119e-19, 2.91470142777e-19, 8.98709815253e-19, 1.49017621327e-18, 1.08670356666e-18, 3.6215571948e-18, 4.18347173825e-18, 4.85116861998e-18, 2.13206361232e-18, 2.74961701212e-18, 4.47845923394e-18, 3.46585740169e-18, 1.0111287063e-17, 4.6640314141e-18, 4.12695172777e-18, 9.52080170119e-18, 6.63840813869e-18, 1.00378061276e-17, 1.49424155783e-17, 1.76335004631e-17, 2.13530835235e-17, 1.40397117214e-17, 2.3007464601e-17, 2.42041947696e-17, 2.12846707238e-17, 1.53244605247e-17, 1.54744019e-17, 9.653346641e-18, 1.0364722795e-17, 5.53034759579e-18, 3.51137508284e-18, 1.2218113188e-18, 2.80940598868e-19, 2.92115408278e-20],
        "var": [0.000117267860333, 0.0244382806122, 0.64730656147, 3.65554714203, 10.2814054489, 15.3667430878, 363.746490479, 466.621643066, 478.248168945, 388.17388916, 2382.61010742, 12595.1582031, 12223.5585938, 88796.28125, 79809.484375, 82102.9609375, 47579.4648438, 31015.2324219, 69761.015625, 6500.13818359, 1396.50671387, 4461.73144531, 171.024871826, 235.539718628, 93.1612319946, 33.1629981995, 13.249420166, 24.1924705505, 1.09851443768, 0.226411312819, 0.209917649627, 0.304839462042, 1.01799857616, 0.351579040289, 0.0402229316533, 0.000459292117739, 0.000253014964983, 1.6581681848e-05, 1.76389960416e-08, 9.30883814476e-10]
    },
    "gfcc": {
        "mean": [-153.351837158, 157.927474976, -151.983337402, -20.6259593964, -36.8866767883, -12.9185113907, -29.962474823, -4.55568170547, -19.8799705505, -5.02686309814, -7.51351308823, -2.41793632507, -0.852405965328],
        "cov": [[12980.0058594, -1424.4354248, -2485.26733398, 1388.88049316, -1255.25585938, 494.421173096, 472.341705322, -396.423553467, -342.581390381, -26.2545166016, -61.8698425293, 27.5244197845, 164.730407715], [-1424.4354248, 2545.68432617, 279.453308105, -781.221984863, 900.789428711, -561.004943848, -67.6447601318, -11.3107566833, 7.85572147369, -175.595352173, 19.796672821, -190.064147949, -78.3910598755], [-2485.26733398, 279.453308105, 1039.98486328, -171.543548584, 122.5570755, 47.9436264038, -278.332702637, 28.1659851074, -1.53309726715, -34.2036819458, -54.019367218, -7.8254365921, -72.4140090942], [1388.88049316, -781.221984863, -171.543548584, 564.625793457, -286.135955811, 166.270675659, 85.6923828125, -69.0341873169, -32.9584579468, 55.6325149536, -40.1315383911, 17.8755607605, -2.662504673], [-1255.25585938, 900.789428711, 122.5570755, -286.135955811, 565.648864746, -144.338134766, 34.0905838013, 11.1228456497, 18.2320747375, -60.3003845215, 21.3931427002, -74.3292236328, -53.354057312], [494.421173096, -561.004943848, 47.9436264038, 166.270675659, -144.338134766, 411.280487061, 53.1984443665, -29.4986038208, -33.1881103516, 1.87953221798, -21.0791664124, 32.3920936584, -24.0547924042], [472.341705322, -67.6447601318, -278.332702637, 85.6923828125, 34.0905838013, 53.1984443665, 311.024993896, 73.9531555176, 18.1165161133, -17.1355247498, -0.0467291548848, -20.792350769, 4.84773159027], [-396.423553467, -11.3107566833, 28.1659851074, -69.0341873169, 11.1228456497, -29.4986038208, 73.9531555176, 193.440658569, 87.6851119995, -8.62947273254, -16.4189281464, -9.08041572571, 20.6174449921], [-342.581390381, 7.85572147369, -1.53309726715, -32.9584579468, 18.2320747375, -33.1881103516, 18.1165161133, 87.6851119995, 147.787582397, 55.107219696, -7.22823429108, -10.6549272537, 15.1173286438], [-26.2545166016, -175.595352173, -34.2036819458, 55.6325149536, -60.3003845215, 1.87953221798, -17.1355247498, -8.62947273254, 55.107219696, 129.497756958, 52.6683692932, 0.888307273388, -15.2087287903], [-61.8698425293, 19.796672821, -54.019367218, -40.1315383911, 21.3931427002, -21.0791664124, -0.0467291548848, -16.4189281464, -7.22823429108, 52.6683692932, 127.783554077, 48.7457962036, -16.749546051], [27.5244197845, -190.064147949, -7.8254365921, 17.8755607605, -74.3292236328, 32.3920936584, -20.792350769, -9.08041572571, -10.6549272537, 0.888307273388, 48.7457962036, 145.891113281, 67.776802063], [164.730407715, -78.3910598755, -72.4140090942, -2.662504673, -53.354057312, -24.0547924042, 4.84773159027, 20.6174449921, 15.1173286438, -15.2087287903, -16.749546051, 67.776802063, 134.10357666]],
        "icov": [[0.000708975712769, -0.00145999563392, 0.00191946513951, -0.00183264177758, 0.00198255642317, -0.00172618858051, 0.00102549768053, -0.000807886186522, 0.00111116375774, -8.85027329787e-05, 0.0001946612756, -0.000101272438769, -0.000217769134906], [-0.00145999563392, 0.00500723719597, -0.00430869078264, 0.00507809920236, -0.00566167803481, 0.005176987499, -0.00258511840366, 0.0033025611192, -0.00311964261346, 0.00217545474879, -0.00118451274466, 0.00175460265018, 0.000320079707308], [0.00191946513951, -0.00430869078264, 0.00702916504815, -0.00508630322292, 0.00498140463606, -0.0055285859853, 0.00476773735136, -0.00379937700927, 0.0036934951786, -0.000919635873288, 0.0019795850385, -0.00147415034007, 0.000691768073011], [-0.00183264177758, 0.00507809920236, -0.00508630322292, 0.00896646920592, -0.00485783442855, 0.00518744112924, -0.00441553862765, 0.00445423088968, -0.00276927603409, -0.00051498238463, 0.00134702632204, 0.00031867279904, 0.00138464977499], [0.00198255642317, -0.00566167803481, 0.00498140463606, -0.00485783442855, 0.0101810013875, -0.00533355120569, 0.00164943223353, -0.00172637752257, 0.00210462301038, 0.000295562291285, -0.000364497769624, -8.88923677849e-05, -5.61246597499e-05], [-0.00172618858051, 0.005176987499, -0.0055285859853, 0.00518744112924, -0.00533355120569, 0.00891283806413, -0.00427679903805, 0.00406212871894, -0.00322653981857, 0.00171112513635, -0.000137970288051, 5.67431015952e-05, 0.00178299203981], [0.00102549768053, -0.00258511840366, 0.00476773735136, -0.00441553862765, 0.00164943223353, -0.00427679903805, 0.008300983347, -0.00526673858985, 0.00234910147265, 0.000556226179469, -0.000383879465517, 0.000313317752443, -0.000293297314784], [-0.000807886186522, 0.0033025611192, -0.00379937700927, 0.00445423088968, -0.00172637752257, 0.00406212871894, -0.00526673858985, 0.0127363437787, -0.00866590067744, 0.0051283724606, -0.00207223789766, 0.00228230352513, -0.000619996455498], [0.00111116375774, -0.00311964261346, 0.0036934951786, -0.00276927603409, 0.00210462301038, -0.00322653981857, 0.00234910147265, -0.00866590067744, 0.0170594435185, -0.0108486972749, 0.00593614159152, -0.00238182744943, -0.000951334834099], [-8.85027329787e-05, 0.00217545474879, -0.000919635873288, -0.00051498238463, 0.000295562291285, 0.00171112513635, 0.000556226179469, 0.0051283724606, -0.0108486972749, 0.0203366819769, -0.0114747611806, 0.00620797229931, -0.000551854784135], [0.0001946612756, -0.00118451274466, 0.0019795850385, 0.00134702632204, -0.000364497769624, -0.000137970288051, -0.000383879465517, -0.00207223789766, 0.00593614159152, -0.0114747611806, 0.0190946403891, -0.0107140988111, 0.00615622662008], [-0.000101272438769, 0.00175460265018, -0.00147415034007, 0.00031867279904, -8.88923677849e-05, 5.67431015952e-05, 0.000313317752443, 0.00228230352513, -0.00238182744943, 0.00620797229931, -0.0107140988111, 0.0166238453239, -0.00879447069019], [-0.000217769134906, 0.000320079707308, 0.000691768073011, 0.00138464977499, -5.61246597499e-05, 0.00178299203981, -0.000293297314784, -0.000619996455498, -0.000951334834099, -0.000551854784135, 0.00615622662008, -0.00879447069019, 0.0139743350446]]
    },
    "melbands": {
        "dmean": [2.80485237454e-05, 3.58091092494e-05, 4.27998929808e-05, 3.51689232048e-05, 5.2689389122e-05, 5.28160126123e-05, 3.11097683152e-05, 3.04019467876e-05, 3.53938667104e-05, 8.1109443272e-05, 6.19270067546e-05, 0.000113596870506, 0.000100969264167, 8.9802480943e-05, 9.73797141341e-05, 5.79138431931e-05, 2.76276532531e-05, 2.45917235588e-05, 1.52736683958e-05, 7.54475377107e-06, 7.42325028114e-06, 6.66249843562e-06, 2.13657995118e-06, 1.8841921019e-06, 1.56590522238e-06, 1.21145137655e-06, 1.07027585727e-06, 4.0492633957e-07, 3.68615388879e-07, 2.79712622842e-07, 1.92234310248e-07, 7.4352655588e-08, 6.24659222126e-08, 3.03652036848e-08, 2.45071163363e-08, 2.41995046224e-08, 2.77863243525e-08, 4.02033855096e-08, 4.27885353815e-08, 3.39236017055e-08],
        "dmean2": [4.765561971e-05, 5.59886575502e-05, 6.57942509861e-05, 4.99078705616e-05, 7.19557938282e-05, 7.51141851651e-05, 4.03248850489e-05, 4.09569693147e-05, 4.46604062745e-05, 8.67738999659e-05, 7.52098858356e-05, 0.000144943100167, 0.000133729801746, 0.000114783804747, 0.000120945223898, 7.38823582651e-05, 3.67954016838e-05, 3.23825624946e-05, 2.36832602241e-05, 1.16668661576e-05, 1.10843393486e-05, 1.11561421363e-05, 3.48284038409e-06, 3.00333795167e-06, 2.36508799389e-06, 1.80127335625e-06, 1.62176877438e-06, 6.19967067905e-07, 5.85818099808e-07, 4.10795394146e-07, 2.95936700923e-07, 1.22678784464e-07, 1.04860973238e-07, 5.00874328679e-08, 4.25623305489e-08, 4.31290132497e-08, 5.09560358353e-08, 7.53596296477e-08, 8.09842859439e-08, 6.33019539009e-08],
        "dvar": [6.34432284485e-09, 3.96043873252e-08, 4.14159941897e-08, 7.34564054028e-09, 3.41177290863e-08, 3.41376633628e-08, 1.29325279374e-08, 1.00020534077e-08, 5.60118671444e-08, 6.52402718515e-08, 5.4549932571e-08, 4.99640805174e-07, 3.6309194229e-07, 3.2162247976e-07, 2.92515863975e-07, 5.84581307805e-08, 5.53936914116e-08, 1.62878080801e-07, 3.69968375935e-08, 5.61905577623e-10, 9.92598558902e-10, 1.83553894306e-09, 4.5442531682e-11, 5.7098083206e-11, 8.4847615045e-11, 1.23639945504e-10, 4.16628086197e-11, 5.05154858915e-12, 4.02311647538e-12, 2.4655817752e-12, 1.65412139281e-12, 2.29675219815e-13, 2.33675356625e-13, 2.26998053601e-14, 1.6698460377e-13, 8.50981069465e-14, 3.25864904721e-13, 1.17470410569e-12, 9.14492006426e-13, 4.74891610411e-13],
        "dvar2": [1.64772693267e-08, 9.6838476793e-08, 1.10873109804e-07, 1.6911464229e-08, 5.19699838719e-08, 6.86855088361e-08, 2.45093971785e-08, 1.75810423997e-08, 9.7151186651e-08, 7.40159009638e-08, 9.32066157588e-08, 1.06606535155e-06, 6.15283681782e-07, 5.3913464626e-07, 4.85143914375e-07, 8.55402149114e-08, 1.03310739519e-07, 2.91173648748e-07, 7.67882042396e-08, 1.25778021332e-09, 1.84413795346e-09, 5.33438448969e-09, 1.12801698537e-10, 1.35461891704e-10, 1.74642036943e-10, 2.96125235444e-10, 8.99788923925e-11, 1.03326357886e-11, 9.31809317206e-12, 5.32287712171e-12, 3.30422408185e-12, 5.710699383e-13, 6.32620529312e-13, 5.99262664231e-14, 4.67905553712e-13, 2.43013617042e-13, 9.48406284063e-13, 3.46789459128e-12, 2.68883136242e-12, 1.37677922448e-12],
        "max": [0.00412701349705, 0.0109592303634, 0.0100087253377, 0.00331057119183, 0.0211013518274, 0.017141295597, 0.00808199122548, 0.00472493236884, 0.0220098588616, 0.0127720516175, 0.0118665825576, 0.0333669781685, 0.035035520792, 0.0432272478938, 0.0232967566699, 0.00872422847897, 0.0183833036572, 0.0412133261561, 0.0179088041186, 0.000813446298707, 0.00210176873952, 0.00202031247318, 0.000172680302057, 0.000402162870159, 0.000702328572515, 0.000891077273991, 0.000326800713083, 0.000144993668073, 9.21941900742e-05, 5.89878218307e-05, 0.000110081608, 3.12142328767e-05, 2.50009597949e-05, 7.29185285309e-06, 2.37713120441e-05, 1.71109677467e-05, 4.01012766815e-05, 7.37387454137e-05, 6.61283775116e-05, 3.28932183038e-05],
        "mean": [7.39413299016e-05, 9.38479715842e-05, 0.000132523317006, 0.000149066123413, 0.000211292805034, 0.000196653651074, 0.000132120912895, 9.40424433793e-05, 0.000108320673462, 0.000290088733891, 0.000189557424164, 0.000273602578091, 0.000240698151174, 0.000223149065278, 0.000219307359657, 0.00014599248243, 5.8784167777e-05, 4.50095431006e-05, 3.18093552778e-05, 1.37854958666e-05, 1.27196171888e-05, 1.46766251419e-05, 4.36178970631e-06, 3.6016579088e-06, 3.20168146573e-06, 2.04561433748e-06, 1.77069443907e-06, 6.62766410642e-07, 6.38614153559e-07, 5.63854769098e-07, 4.09323234862e-07, 1.18720755893e-07, 9.85607471193e-08, 6.0242378197e-08, 3.25821076785e-08, 3.27952101031e-08, 2.49661926688e-08, 3.15119983441e-08, 2.865821358e-08, 2.38191510959e-08],
        "median": [5.96474274062e-05, 1.10641722131e-05, 3.62258433597e-05, 5.42856141692e-05, 8.48796626087e-05, 6.21705548838e-05, 4.7063214879e-05, 2.35629031522e-05, 2.12377126445e-05, 3.13108539558e-05, 2.1271276637e-05, 1.31125489133e-05, 1.13192581921e-05, 1.11060089694e-05, 8.80022525962e-06, 7.13532062946e-06, 3.83263795811e-06, 2.83720419247e-06, 1.95603774955e-06, 2.93408788821e-06, 2.34073604588e-06, 8.68947267918e-07, 6.42047439214e-07, 5.48358968899e-07, 4.12154861351e-07, 2.87611101157e-07, 1.32182933044e-07, 8.96264253925e-08, 8.93767762022e-08, 3.3972632707e-08, 1.78209482726e-08, 1.47909275938e-08, 6.92988688655e-09, 5.74322545077e-09, 2.91506840888e-09, 2.49773601801e-09, 1.96488736393e-09, 1.4313948915e-09, 1.05288999741e-09, 8.57896642614e-10],
        "min": [8.48455244534e-24, 1.84556249141e-23, 6.29928033684e-24, 1.11766412586e-23, 5.95004214777e-24, 6.45280726292e-24, 1.61679219781e-23, 1.49465175945e-23, 1.04447589877e-23, 2.63088866869e-23, 2.1809238283e-23, 2.06027670364e-23, 7.17528788955e-24, 5.53587715632e-24, 1.22136304729e-23, 7.60909038994e-24, 5.8004476933e-24, 1.87110470312e-23, 8.03460196222e-24, 4.35144983879e-24, 5.41595097164e-24, 1.06822613404e-23, 7.53387802465e-24, 4.77601320025e-24, 7.93041000272e-24, 1.27213247855e-23, 7.37484839933e-24, 1.34772357595e-23, 1.54351080625e-23, 8.87740280955e-24, 7.83600544047e-24, 1.15010508395e-23, 1.67605048238e-23, 1.14099918364e-23, 1.26771809181e-23, 1.08931096609e-23, 8.10631967369e-24, 1.07369491227e-23, 9.13072103458e-24, 7.85919873994e-24],
        "var": [1.77835062232e-08, 1.201229054e-07, 1.11279291559e-07, 7.17828356755e-08, 2.70405735137e-07, 2.41332685391e-07, 1.09240509971e-07, 5.56286359199e-08, 2.17174914496e-07, 6.71285363296e-07, 3.38168121061e-07, 1.26780025766e-06, 1.18630384804e-06, 1.14168096843e-06, 1.05679430362e-06, 2.48784573387e-07, 1.24426875914e-07, 3.52644747181e-07, 5.1918277677e-08, 1.25163379661e-09, 2.17763163057e-09, 7.73443709079e-09, 1.53288270965e-10, 1.51524764958e-10, 2.08377939903e-10, 1.50919082786e-10, 7.13557685161e-11, 8.76934028865e-12, 6.67199975823e-12, 7.73614419053e-12, 5.88918237093e-12, 2.75841144631e-13, 2.40860201792e-13, 3.94936294497e-14, 1.07054319023e-13, 5.74490609706e-14, 1.80477445597e-13, 6.23813717696e-13, 4.89889108012e-13, 2.64948490664e-13]
    },
    "mfcc": {
        "mean": [-780.146850586, 186.006057739, -31.7130432129, -2.50139141083, -1.86258554459, -3.54291009903, -3.38604450226, -1.23949849606, -3.85324692726, -4.47182321548, -4.09107208252, -0.72018301487, -0.126008480787],
        "cov": [[8999.87207031, -571.971435547, -2060.97094727, 592.108459473, -908.382507324, 228.405914307, 372.817871094, 67.4222488403, -118.45111084, -153.679397583, -148.944717407, -15.2703857422, -95.7371826172], [-571.971435547, 1410.24060059, 63.1975250244, -220.059677124, 347.252838135, -157.743927002, -68.4140090942, -19.5826587677, -42.6740875244, -38.1958618164, -34.7645721436, -63.7007598877, -31.1678237915], [-2060.97094727, 63.1975250244, 887.466796875, -110.897232056, 209.072814941, 37.7680892944, -121.205574036, -32.959690094, 17.5600395203, -2.74916243553, 6.30031442642, -14.6317014694, -20.3904819489], [592.108459473, -220.059677124, -110.897232056, 355.572235107, -88.7187423706, 11.0234575272, 41.3025970459, -42.5506362915, -4.24249267578, 20.8896903992, -2.02120232582, 14.9311952591, -12.848862648], [-908.382507324, 347.252838135, 209.072814941, -88.7187423706, 304.626373291, -2.58300232887, -64.5084762573, -26.5702915192, -19.3572177887, -11.1484031677, -7.06299066544, -29.5601348877, -14.2057628632], [228.405914307, -157.743927002, 37.7680892944, 11.0234575272, -2.58300232887, 268.180053711, 86.0714874268, 1.50987958908, -34.6489601135, -39.8246650696, 1.09134864807, 1.80041790009, -23.822769165], [372.817871094, -68.4140090942, -121.205574036, 41.3025970459, -64.5084762573, 86.0714874268, 184.981277466, 68.5412826538, -7.2329993248, 1.10107004642, 5.99416160583, 10.7046613693, 1.49539864063], [67.4222488403, -19.5826587677, -32.959690094, -42.5506362915, -26.5702915192, 1.50987958908, 68.5412826538, 162.295791626, 70.5398101807, -7.74497509003, -18.5358409882, -15.3597240448, 22.4325809479], [-118.45111084, -42.6740875244, 17.5600395203, -4.24249267578, -19.3572177887, -34.6489601135, -7.2329993248, 70.5398101807, 155.390213013, 68.2596435547, -12.9304656982, -19.3091239929, -8.95720386505], [-153.679397583, -38.1958618164, -2.74916243553, 20.8896903992, -11.1484031677, -39.8246650696, 1.10107004642, -7.74497509003, 68.2596435547, 154.081878662, 72.3091506958, -6.04408359528, -28.3270301819], [-148.944717407, -34.7645721436, 6.30031442642, -2.02120232582, -7.06299066544, 1.09134864807, 5.99416160583, -18.5358409882, -12.9304656982, 72.3091506958, 130.313018799, 54.5371551514, -24.801404953], [-15.2703857422, -63.7007598877, -14.6317014694, 14.9311952591, -29.5601348877, 1.80041790009, 10.7046613693, -15.3597240448, -19.3091239929, -6.04408359528, 54.5371551514, 127.043395996, 53.9294433594], [-95.7371826172, -31.1678237915, -20.3904819489, -12.848862648, -14.2057628632, -23.822769165, 1.49539864063, 22.4325809479, -8.95720386505, -28.3270301819, -24.801404953, 53.9294433594, 164.993423462]],
