{
"lowlevel": {
    "average_loudness": 0.94995456934,
    "barkbands_crest": {
        "dmean": 3.27958965302,
        "dmean2": 5.57199907303,
        "dvar": 8.82394981384,
        "dvar2": 24.4996681213,
        "max": 26.9002075195,
        "mean": 12.3302192688,
        "median": 11.476568222,
        "min": 2.72199082375,
        "var": 25.5278053284
    },
    "barkbands_flatness_db": {
        "dmean": 0.0241441335529,
        "dmean2": 0.0380985215306,
        "dvar": 0.000609568494838,
        "dvar2": 0.00141343998257,
        "max": 0.634656608105,
        "mean": 0.136865153909,
        "median": 0.130190700293,
        "min": 0.0303940884769,
        "var": 0.00277125323191
    },
    "barkbands_kurtosis": {
        "dmean": 4.32898139954,
        "dmean2": 7.24189758301,
        "dvar": 370.843719482,
        "dvar2": 799.35534668,
        "max": 1607.78930664,
        "mean": 10.630774498,
        "median": 3.61758494377,
        "min": -1.90030026436,
        "var": 5246.69824219
    },
    "barkbands_skewness": {
        "dmean": 0.585919141769,
        "dmean2": 0.951276540756,
        "dvar": 0.615650892258,
        "dvar2": 1.34475064278,
        "max": 39.7506523132,
        "mean": 2.19833874702,
        "median": 1.89773607254,
        "min": -2.15418815613,
        "var": 5.22943162918
    },
    "barkbands_spread": {
        "dmean": 4.82871103287,
        "dmean2": 7.56218385696,
        "dvar": 33.3049507141,
        "dvar2": 71.0786895752,
        "max": 106.128181458,
        "mean": 19.8104095459,
        "median": 17.6352367401,
        "min": 0.341910213232,
        "var": 147.346588135
    },
    "dissonance": {
        "dmean": 0.0130467852578,
        "dmean2": 0.021630294621,
        "dvar": 0.000144221325172,
        "dvar2": 0.000377357180696,
        "max": 0.5,
        "mean": 0.472439348698,
        "median": 0.475853830576,
        "min": 0.298148036003,
        "var": 0.000336170196533
    },
    "dynamic_complexity": 2.57714319229,
    "erbbands_crest": {
        "dmean": 1.97064304352,
        "dmean2": 3.10263419151,
        "dvar": 3.6075026989,
        "dvar2": 8.48692512512,
        "max": 26.5473518372,
        "mean": 6.94833087921,
        "median": 6.21307849884,
        "min": 2.11323571205,
        "var": 9.18373966217
    },
    "erbbands_flatness_db": {
        "dmean": 0.0144418636337,
        "dmean2": 0.0196585413069,
        "dvar": 0.000179303548066,
        "dvar2": 0.000326155975927,
        "max": 0.247176319361,
        "mean": 0.129305541515,
        "median": 0.127838224173,
        "min": 0.0472749732435,
        "var": 0.000741772004403
    },
    "erbbands_kurtosis": {
        "dmean": 0.508714854717,
        "dmean2": 0.807022988796,
        "dvar": 0.472964912653,
        "dvar2": 1.12185549736,
        "max": 16.5479183197,
        "mean": -0.0833086073399,
        "median": -0.398958444595,
        "min": -1.72531104088,
        "var": 1.68170213699
    },
    "erbbands_skewness": {
        "dmean": 0.262249082327,
        "dmean2": 0.403471767902,
        "dvar": 0.0660710036755,
        "dvar2": 0.145050406456,
        "max": 2.40258097649,
        "mean": 0.203617945313,
        "median": 0.245556816459,
        "min": -3.56579518318,
        "var": 0.308024466038
    },
    "erbbands_spread": {
        "dmean": 6.8638715744,
        "dmean2": 10.416138649,
        "dvar": 45.6938514709,
        "dvar2": 101.141532898,
        "max": 136.011581421,
        "mean": 41.8857383728,
        "median": 40.6245498657,
        "min": 6.80473279953,
        "var": 189.093826294
    },
    "hfc": {
        "dmean": 7.36551189423,
        "dmean2": 10.2396364212,
        "dvar": 145.649612427,
        "dvar2": 289.424621582,
        "max": 303.429168701,
        "mean": 23.7637271881,
        "median": 19.3861522675,
        "min": 1.17142631667e-16,
        "var": 403.419189453
    },
    "melbands_crest": {
        "dmean": 3.69206833839,
        "dmean2": 6.26734399796,
        "dvar": 11.1057004929,
        "dvar2": 30.5252475739,
        "max": 39.984161377,
        "mean": 16.0580692291,
        "median": 15.7038154602,
        "min": 2.56106567383,
        "var": 31.0413799286
    },
    "melbands_flatness_db": {
        "dmean": 0.0293579753488,
        "dmean2": 0.0466712228954,
        "dvar": 0.000840113440063,
        "dvar2": 0.00192766473629,
        "max": 0.597095787525,
        "mean": 0.218105912209,
        "median": 0.213739559054,
        "min": 0.00817690137774,
        "var": 0.00355417188257
    },
    "melbands_kurtosis": {
        "dmean": 10.2843179703,
        "dmean2": 16.9224758148,
        "dvar": 1688.54968262,
        "dvar2": 3327.5847168,
        "max": 3087.40600586,
        "mean": 26.1640987396,
        "median": 12.4924869537,
        "min": -1.69228351116,
        "var": 19181.2695312
    },
    "melbands_skewness": {
        "dmean": 0.831758677959,
        "dmean2": 1.34376335144,
        "dvar": 1.15123260021,
        "dvar2": 2.51948809624,
        "max": 54.8510131836,
        "mean": 3.47194647789,
        "median": 3.05502176285,
        "min": -0.3092687428,
        "var": 8.95065116882
    },
    "melbands_spread": {
        "dmean": 5.23572921753,
        "dmean2": 8.40549182892,
        "dvar": 47.2834625244,
        "dvar2": 106.474067688,
        "max": 183.615707397,
        "mean": 17.3565692902,
        "median": 14.4886169434,
        "min": 0.366873025894,
        "var": 194.662826538
    },
    "pitch_salience": {
        "dmean": 0.0864866003394,
        "dmean2": 0.14620603621,
        "dvar": 0.00620010867715,
        "dvar2": 0.017291802913,
        "max": 0.8278221488,
        "mean": 0.502304434776,
        "median": 0.513969957829,
        "min": 0.0024429243058,
        "var": 0.0160635150969
    },
    "silence_rate_20dB": {
        "dmean": 0,
        "dmean2": 0,
        "dvar": 0,
        "dvar2": 0,
        "max": 1,
        "mean": 1,
        "median": 1,
        "min": 1,
        "var": 0
    },
    "silence_rate_30dB": {
        "dmean": 0.057307895273,
        "dmean2": 0.114624507725,
        "dvar": 0.0540303438902,
        "dvar2": 0.123240038753,
        "max": 1,
        "mean": 0.940720498562,
        "median": 1,
        "min": 0,
        "var": 0.0557713992894
    },
    "silence_rate_60dB": {
        "dmean": 0.00729649607092,
        "dmean2": 0.014594101347,
        "dvar": 0.00724341301247,
        "dvar2": 0.0165100265294,
        "max": 1,
        "mean": 0.0302477572113,
        "median": 0,
        "min": 0,
        "var": 0.0293334741145
    },
    "spectral_centroid": {
        "dmean": 213.03692627,
        "dmean2": 323.586334229,
        "dvar": 56023.5585938,
        "dvar2": 115072.460938,
        "max": 10982.5224609,
        "mean": 1259.29553223,
        "median": 1175.80737305,
        "min": 221.982376099,
        "var": 307826.40625
    },
    "spectral_complexity": {
        "dmean": 4.9187502861,
        "dmean2": 6.96169042587,
        "dvar": 28.9681129456,
        "dvar2": 51.1600990295,
        "max": 58,
        "mean": 24.5405082703,
        "median": 24,
        "min": 0,
        "var": 111.138381958
    },
    "spectral_decrease": {
        "dmean": 4.61239180183e-09,
        "dmean2": 7.49225836927e-09,
        "dvar": 3.04454213839e-17,
        "dvar2": 7.44623752255e-17,
        "max": 1.93035904338e-21,
        "mean": -1.3285911038e-08,
        "median": -1.23028183197e-08,
        "min": -7.70138512962e-08,
        "var": 7.39630823904e-17
    },
    "spectral_energy": {
        "dmean": 0.0178144238889,
        "dmean2": 0.0288029331714,
        "dvar": 0.000447468250059,
        "dvar2": 0.00108664226718,
        "max": 0.29438328743,
        "mean": 0.0522995851934,
        "median": 0.0488875284791,
        "min": 1.05045895498e-20,
        "var": 0.00110827677418
    },
    "spectral_energyband_high": {
        "dmean": 0.000454545806861,
        "dmean2": 0.000619360886049,
        "dvar": 1.50864320858e-06,
        "dvar2": 2.95686754725e-06,
        "max": 0.0346418581903,
        "mean": 0.000907428795472,
        "median": 0.000430852058344,
        "min": 8.00078492147e-21,
        "var": 3.19101923196e-06
    },
    "spectral_energyband_low": {
        "dmean": 0.0154087096453,
        "dmean2": 0.0257333498448,
        "dvar": 0.000401063472964,
        "dvar2": 0.00103676167782,
        "max": 0.266084998846,
        "mean": 0.0308425091207,
        "median": 0.0233385935426,
        "min": 1.05668637696e-22,
        "var": 0.000790344667621
    },
    "spectral_energyband_middle_high": {
        "dmean": 0.00196287315339,
        "dmean2": 0.002933135489,
        "dvar": 7.60822877055e-06,
        "dvar2": 1.61958159879e-05,
        "max": 0.0598144009709,
        "mean": 0.00587567687035,
        "median": 0.00462071737275,
        "min": 1.270732891e-21,
        "var": 2.59901116806e-05
    },
    "spectral_energyband_middle_low": {
        "dmean": 0.00537285069004,
        "dmean2": 0.00868260487914,
        "dvar": 4.12722183682e-05,
        "dvar2": 0.000105627274024,
        "max": 0.102350071073,
        "mean": 0.0163594223559,
        "median": 0.0150750856847,
        "min": 2.21337002443e-22,
        "var": 0.000108126791019
    },
    "spectral_entropy": {
        "dmean": 0.135611966252,
        "dmean2": 0.184693008661,
        "dvar": 0.017952978611,
        "dvar2": 0.0309585928917,
        "max": 9.79584884644,
        "mean": 7.66189813614,
        "median": 7.65625905991,
        "min": 6.72957992554,
        "var": 0.0843965932727
    },
    "spectral_flux": {
        "dmean": 0.0328645892441,
        "dmean2": 0.0505427569151,
        "dvar": 0.0012462438317,
        "dvar2": 0.00262014078908,
        "max": 0.457916736603,
        "mean": 0.10354115814,
        "median": 0.094622656703,
        "min": 1.02491896914e-10,
        "var": 0.00271252566017
    },
    "spectral_kurtosis": {
        "dmean": 1.15584826469,
        "dmean2": 1.91913402081,
        "dvar": 1.51454484463,
        "dvar2": 4.10689115524,
        "max": 19.3548107147,
        "mean": 4.22551298141,
        "median": 3.92135810852,
        "min": -1.21770393848,
        "var": 3.9712202549
    },
    "spectral_rms": {
        "dmean": 0.00118759379257,
        "dmean2": 0.00187643466052,
        "dvar": 1.50257005771e-06,
        "dvar2": 3.45231137544e-06,
        "max": 0.0169470701367,
        "mean": 0.00670668855309,
        "median": 0.00690616760403,
        "min": 3.20130900955e-12,
        "var": 6.04462366027e-06
    },
    "spectral_rolloff": {
        "dmean": 342.830749512,
        "dmean2": 577.4921875,
        "dvar": 420176.875,
        "dvar2": 857009.625,
        "max": 18626.2207031,
        "mean": 891.754211426,
        "median": 667.529296875,
        "min": 21.533203125,
        "var": 1008076.25
    },
    "spectral_skewness": {
        "dmean": 0.171271637082,
        "dmean2": 0.269700795412,
        "dvar": 0.0272598564625,
        "dvar2": 0.0649265348911,
        "max": 3.33982157707,
        "mean": 1.52700281143,
        "median": 1.51134669781,
        "min": -0.0311981197447,
        "var": 0.119937986135
    },
    "spectral_spread": {
        "dmean": 430886.59375,
        "dmean2": 599887.6875,
        "dvar": 305503371264,
        "dvar2": 527024226304,
        "max": 40167484,
        "mean": 4437140.5,
        "median": 4297814,
        "min": 1979542.75,
        "var": 1.26589874995e+12
    },
    "spectral_strongpeak": {
        "dmean": 0.290162503719,
        "dmean2": 0.506373286247,
        "dvar": 0.317191004753,
        "dvar2": 0.826487720013,
        "max": 12.5162124634,
        "mean": 0.542961359024,
        "median": 0.417510807514,
        "min": 0,
        "var": 0.356390237808
    },
    "zerocrossingrate": {
        "dmean": 0.00788987800479,
        "dmean2": 0.00964073371142,
        "dvar": 0.000103868005681,
        "dvar2": 0.00012010546925,
        "max": 0.521484375,
        "mean": 0.0428079925478,
        "median": 0.03857421875,
        "min": 0,
        "var": 0.000657846976537
    },
    "barkbands": {
        "dmean": [0.00057816359913, 0.0136886807159, 0.00320624816231, 0.0015291327145, 0.00296897883527, 0.00110210920684, 0.00111984019168, 0.000819681154098, 0.000651406939141, 0.000647957029287, 0.000443295226432, 0.000440728443209, 0.000306211557472, 0.000282709603198, 0.000422368524596, 0.000239864355535, 0.00024273605959, 0.00023151357891, 0.000176564892172, 0.000145834783325, 0.000116876108223, 9.44834318943e-05, 7.30117753847e-05, 9.14214906516e-05, 5.55579754291e-05, 1.67049947777e-05, 2.27994314628e-06],
        "dmean2": [0.000948564324062, 0.0232606697828, 0.00555807631463, 0.00254006590694, 0.00505735911429, 0.00171215913724, 0.00175251311157, 0.00129241356626, 0.000996595714241, 0.000992726068944, 0.000699908006936, 0.000697442621458, 0.00048873515334, 0.000451732455986, 0.000658952805679, 0.000386233412428, 0.000390917586628, 0.000366313179256, 0.000281785905827, 0.00022962258663, 0.000172377564013, 0.00014013897453, 0.000106716994196, 0.000133347246447, 8.11156351119e-05, 2.42090991378e-05, 3.37607320944e-06],
        "dvar": [1.95444476958e-06, 0.000327762681991, 2.76815098914e-05, 4.05067930842e-06, 1.63309923664e-05, 2.37893777921e-06, 5.95170104134e-06, 3.64612265003e-06, 1.82944995686e-06, 1.04535831724e-06, 8.47464662002e-07, 6.39444920125e-07, 2.89522660069e-07, 2.71944145425e-07, 8.45429099172e-07, 2.10325524108e-07, 1.81070674898e-07, 1.75978243533e-07, 1.82001485882e-07, 8.41168628085e-08, 3.86920433471e-08, 3.61886058897e-08, 1.00738695608e-07, 3.26214006918e-07, 9.3738947271e-08, 1.43756029303e-09, 1.80156254498e-11],
        "dvar2": [4.55420831713e-06, 0.000888229405973, 7.73177089286e-05, 1.08135836854e-05, 4.46448248113e-05, 5.70597239857e-06, 1.3882593521e-05, 9.08403580979e-06, 3.92721403841e-06, 2.41629595621e-06, 1.94340236703e-06, 1.54796839524e-06, 6.7062086373e-07, 6.21502067588e-07, 1.8142850422e-06, 5.00663077219e-07, 4.36924921132e-07, 4.11109965626e-07, 4.5599372811e-07, 1.91304138752e-07, 8.32431865661e-08, 8.03714002018e-08, 2.30065907658e-07, 6.53717393106e-07, 2.05303408052e-07, 3.09153946887e-09, 3.95990081004e-11],
        "max": [0.0339909866452, 0.257670640945, 0.0632115453482, 0.0276863202453, 0.0726996064186, 0.0331169143319, 0.0639946609735, 0.0497469827533, 0.0334880575538, 0.0281895622611, 0.0334435850382, 0.027753232047, 0.0179884843528, 0.0117070805281, 0.024984491989, 0.0125152850524, 0.0230275467038, 0.0189659558237, 0.0336339883506, 0.0183417722583, 0.00817899499089, 0.0047859637998, 0.0103452019393, 0.0232204031199, 0.0191882811487, 0.00092697981745, 6.73435060889e-05],
        "mean": [0.00067372067133, 0.0248426739126, 0.0040779565461, 0.0025010840036, 0.00512612285092, 0.0028483630158, 0.00215385272168, 0.00148755707778, 0.0013777075801, 0.00129770324565, 0.000771461811382, 0.000777647597715, 0.000552050070837, 0.000483525014715, 0.000684821570758, 0.000396512536099, 0.000465414195787, 0.000436803529738, 0.000314147036988, 0.000265131733613, 0.000217676992179, 0.000170906350832, 0.000116549519589, 0.000143887766171, 8.67662456585e-05, 2.63109250227e-05, 3.36895141118e-06],
        "median": [0.000172950924025, 0.0168159175664, 0.00234590796754, 0.0013989219442, 0.00370196904987, 0.00199131574482, 0.000965154147707, 0.000788334175013, 0.000626185908914, 0.000785996613558, 0.000408462539781, 0.000481039838633, 0.000364148552762, 0.000248672004091, 0.000296565791359, 0.000239500135649, 0.000312036194373, 0.000244560040301, 0.000205556687433, 0.000164247467183, 0.000113876252726, 6.5709798946e-05, 3.75303716282e-05, 4.0023427573e-05, 2.72233446594e-05, 7.88559191278e-06, 1.0123416132e-06],
        "min": [3.00131850158e-23, 2.85983156506e-23, 1.69530215945e-23, 5.91818912771e-23, 1.53189940481e-23, 3.97381202604e-23, 3.36800724051e-23, 2.78823833583e-23, 3.48043790553e-23, 4.86033832895e-23, 3.88591083309e-23, 9.25370508079e-23, 1.14424981122e-22, 3.25746258414e-23, 6.05409660881e-23, 1.03618571219e-22, 9.54414725779e-23, 2.56762082502e-22, 1.6726029709e-22, 6.59953207808e-22, 5.0153984062e-22, 3.94384686056e-22, 6.52338592236e-22, 1.08168960734e-21, 1.03177786037e-21, 1.86557662464e-21, 2.22915845067e-21],
        "var": [2.48375545198e-06, 0.000623511034064, 2.8516362363e-05, 9.10607195692e-06, 2.37506828853e-05, 8.3714903667e-06, 1.29658919832e-05, 5.32242893314e-06, 5.71958617002e-06, 2.60932347373e-06, 2.30481919061e-06, 1.13626674647e-06, 5.79085565278e-07, 6.07471349667e-07, 1.86596696494e-06, 3.36535435963e-07, 3.21323483377e-07, 3.76253325385e-07, 2.11279001405e-07, 1.20798887338e-07, 7.44342898429e-08, 7.45044062e-08, 1.58047669174e-07, 5.74361820327e-07, 1.35659732337e-07, 2.85226264829e-09, 3.35526884054e-11]
    },
    "erbbands": {
        "dmean": [0.427938491106, 3.03812193871, 4.13687419891, 3.85426449776, 8.82259750366, 10.4910068512, 9.81631374359, 8.40192985535, 11.9466981888, 22.8369693756, 14.9700565338, 13.0845937729, 27.1793727875, 11.8646736145, 16.2635536194, 19.5092449188, 13.8036422729, 14.7335987091, 18.7109680176, 20.7019805908, 12.0390262604, 12.1931114197, 12.4018192291, 9.77816581726, 8.34998321533, 7.45057010651, 5.31278610229, 4.19326400757, 3.63654279709, 2.49328279495, 2.08037543297, 1.93843400478, 1.57725596428, 0.884559929371, 0.248634919524, 0.0898759812117, 0.0291332025081, 0.00439334986731, 0.000383451901143, 3.92862966692e-05],
        "dmean2": [0.737282931805, 5.13684797287, 7.05908298492, 6.39021873474, 14.8792095184, 18.1446704865, 15.5902824402, 13.4008274078, 19.0786113739, 35.9972648621, 22.610874176, 19.7841434479, 41.4977760315, 18.5332736969, 25.7090606689, 30.8631973267, 21.8386859894, 23.4579639435, 28.7692375183, 33.3853874207, 19.1545810699, 19.3264274597, 19.4587078094, 15.7469854355, 13.1880559921, 11.8268003464, 7.90623617172, 6.14499855042, 5.45792770386, 3.59567379951, 3.08613491058, 2.78623366356, 2.34932470322, 1.30663919449, 0.355101913214, 0.128492504358, 0.0433579720557, 0.00656128488481, 0.000555507722311, 5.93880504312e-05],
        "dvar": [0.426615834236, 16.4570827484, 45.1105079651, 23.9527206421, 136.472015381, 224.537185669, 215.619445801, 174.043395996, 617.804199219, 3411.25537109, 699.478881836, 668.33013916, 1947.13891602, 520.02722168, 1188.6619873, 1029.71520996, 540.353759766, 699.340332031, 2251.96044922, 1684.25097656, 491.445953369, 524.035400391, 486.6121521, 649.396118164, 251.03276062, 203.313903809, 83.472869873, 52.6031494141, 47.8320655823, 49.639755249, 94.1345825195, 160.904800415, 99.5723571777, 29.9601421356, 0.761241257191, 0.0539781488478, 0.00432741083205, 9.09457958187e-05, 4.76458779985e-07, 3.04344172086e-09],
        "dvar2": [1.19011390209, 43.9338607788, 121.453117371, 62.3259506226, 372.391998291, 615.887634277, 530.671386719, 438.833496094, 1470.58813477, 8133.06103516, 1615.12451172, 1437.4239502, 4269.25341797, 1213.92871094, 2902.4296875, 2451.80859375, 1253.22497559, 1621.76403809, 4774.58251953, 3879.95629883, 1116.06518555, 1258.88061523, 1116.30822754, 1717.99914551, 550.817810059, 470.564147949, 180.507873535, 114.744819641, 108.033248901, 115.642311096, 210.167755127, 314.282104492, 219.487991333, 66.4037094116, 1.4903523922, 0.115100696683, 0.00966048520058, 0.000200996990316, 1.01856403489e-06, 6.94628354836e-09],
        "max": [8.47005367279, 62.2091712952, 78.7690582275, 77.2921142578, 225.354064941, 217.345611572, 341.541992188, 351.152770996, 801.585388184, 1232.78137207, 741.824523926, 737.518798828, 1352.97949219, 794.587768555, 1383.0736084, 1059.94348145, 802.464599609, 665.88684082, 1339.33862305, 1480.55065918, 823.070556641, 1362.06164551, 992.600158691, 2011.29870605, 785.373291016, 704.672363281, 405.114044189, 289.956054688, 156.822052002, 302.28894043, 344.87979126, 672.347045898, 299.047027588, 335.940979004, 37.6456565857, 7.78590869904, 1.22646927834, 0.136810824275, 0.011910514906, 0.00073900440475],
        "mean": [0.69740998745, 5.52265310287, 6.17936086655, 6.98563146591, 13.4618206024, 16.4907894135, 22.2579727173, 20.3971557617, 24.4179134369, 40.2373428345, 31.2972831726, 30.429857254, 55.2928924561, 24.3437099457, 30.6011791229, 35.1689987183, 27.4951667786, 26.432384491, 31.7307338715, 33.6743202209, 22.3915328979, 23.9693012238, 23.9233894348, 18.5470352173, 15.1628713608, 13.2421865463, 9.64579868317, 8.02656650543, 6.50043439865, 4.15594100952, 3.28164505959, 2.99638080597, 2.40557527542, 1.35576117039, 0.400064349174, 0.142612621188, 0.0442995689809, 0.00653031421825, 0.000605833833106, 9.06798159122e-05],
        "median": [0.392265558243, 3.67492961884, 4.10361385345, 4.56824207306, 8.98751163483, 10.8429307938, 14.0916481018, 14.2503919601, 13.2164382935, 17.0215873718, 18.1803302765, 17.157497406, 32.5479660034, 16.2267951965, 18.9043273926, 22.7074794769, 19.2394485474, 15.225479126, 12.3645219803, 17.8320198059, 13.7584209442, 15.9640922546, 13.7652750015, 11.9325008392, 10.09582901, 7.94121742249, 5.24980068207, 4.0558719635, 2.59371042252, 1.23078453541, 1.06133377552, 0.904787302017, 0.614073634148, 0.3847219944, 0.130556061864, 0.0414136536419, 0.0133222825825, 0.00207608239725, 0.000217206921661, 7.4238749221e-05],
        "min": [1.79395320413e-21, 3.14806987926e-21, 1.3522721189e-20, 1.46581664896e-19, 6.04355022261e-20, 5.67687915164e-20, 2.3281778992e-19, 3.45294371646e-19, 5.56548622822e-19, 5.2544234079e-19, 5.39485489447e-19, 7.95152592825e-19, 1.18927758153e-18, 1.59574565594e-18, 2.11808674151e-18, 3.71595959579e-18, 4.87168435353e-18, 2.49299291247e-18, 3.35537626394e-18, 2.85268619798e-18, 5.55725619471e-18, 6.23714778662e-18, 1.08988266991e-17, 1.34040713972e-17, 1.35666562281e-17, 2.72331299951e-17, 2.93619140431e-17, 1.56266097502e-17, 1.55666490819e-17, 1.66951798634e-17, 1.7655460454e-17, 1.97862115375e-17, 1.66578855983e-17, 1.01245269159e-17, 7.88893896157e-18, 7.09451718281e-18, 3.39983639468e-18, 1.40804886237e-18, 3.18822317297e-19, 3.15478866186e-20],
        "var": [0.696312367916, 31.4723434448, 53.4104156494, 56.0453109741, 199.449005127, 317.997619629, 717.204467773, 478.864379883, 1467.40991211, 5745.85449219, 1646.70117188, 2024.17602539, 5177.7578125, 1114.51416016, 2313.73168945, 1956.28015137, 1186.00427246, 1460.32165527, 5340.39355469, 3283.62036133, 992.377563477, 915.458251953, 1095.54272461, 710.478210449, 385.187438965, 301.507629395, 146.377578735, 106.284568787, 97.6890106201, 77.1897125244, 153.842758179, 289.267547607, 154.114685059, 41.9680519104, 1.55519509315, 0.102309294045, 0.0079991677776, 0.000157866597874, 9.39517121878e-07, 6.03210636996e-09]
    },
    "gfcc": {
        "mean": [27.3627929688, 104.146278381, -108.237937927, 40.3204841614, -47.5269317627, 16.9694824219, -28.6356277466, 13.3239059448, -20.2834796906, 4.15969848633, -11.3939008713, 0.631229579449, -5.76180315018],
        "cov": [[11210.8447266, 721.379638672, -73.2368545532, -450.401153564, -622.010803223, -66.8614883423, -338.505310059, -3.98674416542, -201.02293396, 29.2840423584, -5.76403665543, 136.578063965, -36.6433486938], [721.379638672, 914.715454102, -128.882873535, -101.622673035, 17.6160430908, -111.333084106, 47.7907333374, -49.9793777466, 15.2691383362, -70.7136230469, 87.1356048584, -44.1202774048, 67.8840560913], [-73.2368545532, -128.882873535, 323.114471436, 20.0092105865, 35.7814216614, 47.2665023804, 23.4052429199, 20.9189720154, -9.21303939819, 28.5755958557, -9.2344083786, 28.494342804, -22.8261508942], [-450.401153564, -101.622673035, 20.0092105865, 246.62979126, 9.25149917603, 33.072845459, 24.6804561615, -36.8612747192, 13.9512720108, -17.6942195892, -25.1643295288, -6.19639396667, 9.28219032288], [-622.010803223, 17.6160430908, 35.7814216614, 9.25149917603, 224.931137085, 13.0980005264, 60.4749641418, 34.8958816528, 32.3931808472, 6.0041179657, -0.0820602178574, -0.139185205102, -7.44064235687], [-66.8614883423, -111.333084106, 47.2665023804, 33.072845459, 13.0980005264, 109.240600586, 13.8285217285, 22.0324401855, 1.48256587982, 3.88568472862, -1.944840312, -7.53177690506, -3.32701659203], [-338.505310059, 47.7907333374, 23.4052429199, 24.6804561615, 60.4749641418, 13.8285217285, 140.254196167, 3.76545953751, 11.4592971802, 0.978175163269, -15.8638715744, 7.84100294113, 1.07222092152], [-3.98674416542, -49.9793777466, 20.9189720154, -36.8612747192, 34.8958816528, 22.0324401855, 3.76545953751, 87.2731933594, 27.1024093628, 13.3452425003, 14.0707607269, -4.46168994904, -4.43241024017], [-201.02293396, 15.2691383362, -9.21303939819, 13.9512720108, 32.3931808472, 1.48256587982, 11.4592971802, 27.1024093628, 70.0950088501, 22.4417419434, 19.5329437256, -1.45993328094, 10.0204372406], [29.2840423584, -70.7136230469, 28.5755958557, -17.6942195892, 6.0041179657, 3.88568472862, 0.978175163269, 13.3452425003, 22.4417419434, 60.1283149719, 15.9259214401, 16.1944007874, -10.9830789566], [-5.76403665543, 87.1356048584, -9.2344083786, -25.1643295288, -0.0820602178574, -1.944840312, -15.8638715744, 14.0707607269, 19.5329437256, 15.9259214401, 80.4345321655, 9.79844379425, 16.1747970581], [136.578063965, -44.1202774048, 28.494342804, -6.19639396667, -0.139185205102, -7.53177690506, 7.84100294113, -4.46168994904, -1.45993328094, 16.1944007874, 9.79844379425, 63.0062599182, 12.0966377258], [-36.6433486938, 67.8840560913, -22.8261508942, 9.28219032288, -7.44064235687, -3.32701659203, 1.07222092152, -4.43241024017, 10.0204372406, -10.9830789566, 16.1747970581, 12.0966377258, 55.9099578857]],
        "icov": [[0.000180617003934, -0.000451336265542, 6.81109231664e-05, 7.26028747522e-06, 0.000457445567008, -0.000414584588725, 0.000535138999112, -0.000555860577151, 0.000440253614215, -0.000570721691474, 0.000730093684979, -0.000940211990383, 0.000476042332593], [-0.000451336265542, 0.0036227197852, -0.000290176220005, 0.00133195938542, -0.00135923246853, 0.00299879559316, -0.00298947072588, 0.0035046339035, -0.0021862781141, 0.00450234208256, -0.00505563756451, 0.00491223158315, -0.00302518927492], [6.81109231664e-05, -0.000290176220005, 0.00390629144385, -0.000548322161194, -0.000271075696219, -0.0015699127689, 9.66373409028e-05, -0.00121228676289, 0.0016341219889, -0.00191092968453, 0.000758361595217, -0.00232894835062, 0.0014715786092], [7.26028747522e-06, 0.00133195938542, -0.000548322161194, 0.00614459579811, -0.000159548770171, -0.0010409479728, -0.00118811288849, 0.00457574240863, -0.00389554840513, 0.00363073311746, -0.000314260571031, 0.00140190508682, -0.00135508202948], [0.000457445567008, -0.00135923246853, -0.000271075696219, -0.000159548770171, 0.00683944765478, -0.00108770711813, -0.000669344037306, -0.00312144379131, -0.00101024005562, -0.000589632545598, 0.00200278940611, -0.00276411138475, 0.00256068748422], [-0.000414584588725, 0.00299879559316, -0.0015699127689, -0.0010409479728, -0.00108770711813, 0.0138451866806, -0.003353160806, -0.000863356806803, 0.000389847817132, 0.00238090776838, -0.00463035097346, 0.00637493282557, -0.00334776635282], [0.000535138999112, -0.00298947072588, 9.66373409028e-05, -0.00118811288849, -0.000669344037306, -0.003353160806, 0.0112906470895, -0.00253021041863, 0.000916671589948, -0.00355817121454, 0.00627603707835, -0.0058433227241, 0.00209675123915], [-0.000555860577151, 0.0035046339035, -0.00121228676289, 0.00457574240863, -0.00312144379131, -0.000863356806803, -0.00253021041863, 0.0204479601234, -0.00915698986501, 0.00526109943166, -0.00586912687868, 0.00596346333623, -0.00158896879293], [0.000440253614215, -0.0021862781141, 0.0016341219889, -0.00389554840513, -0.00101024005562, 0.000389847817132, 0.000916671589948, -0.00915698986501, 0.0254824925214, -0.0129880970344, 0.000283540546661, 0.000300862768199, -0.0038634466473], [-0.000570721691474, 0.00450234208256, -0.00191092968453, 0.00363073311746, -0.000589632545598, 0.00238090776838, -0.00355817121454, 0.00526109943166, -0.0129880970344, 0.0315303578973, -0.00948930438608, -0.00114886357915, 0.00484045501798], [0.000730093684979, -0.00505563756451, 0.000758361595217, -0.000314260571031, 0.00200278940611, -0.00463035097346, 0.00627603707835, -0.00586912687868, 0.000283540546661, -0.00948930438608, 0.0230045262724, -0.0082994569093, -0.00039045145968], [-0.000940211990383, 0.00491223158315, -0.00232894835062, 0.00140190508682, -0.00276411138475, 0.00637493282557, -0.0058433227241, 0.00596346333623, 0.000300862768199, -0.00114886357915, -0.0082994569093, 0.0281781908125, -0.0111429160461], [0.000476042332593, -0.00302518927492, 0.0014715786092, -0.00135508202948, 0.00256068748422, -0.00334776635282, 0.00209675123915, -0.00158896879293, -0.0038634466473, 0.00484045501798, -0.00039045145968, -0.0111429160461, 0.0268392655998]]
    },
    "melbands": {
        "dmean": [0.00381587143056, 0.00269797001965, 0.00076135242125, 0.000711226835847, 0.000350751797669, 0.000193361396668, 0.000194904292584, 0.000232966558542, 0.000112894631457, 8.98965954548e-05, 0.000135643582325, 4.78616675537e-05, 6.37707198621e-05, 4.7944005928e-05, 3.93981172238e-05, 3.08903399855e-05, 2.73519763141e-05, 3.06104702759e-05, 2.79470295936e-05, 2.25601343118e-05, 1.44610567077e-05, 1.33874673338e-05, 1.39653702718e-05, 1.18796988318e-05, 8.14972008811e-06, 6.88718409947e-06, 5.19923014508e-06, 5.15433521286e-06, 3.60586500392e-06, 3.15053557642e-06, 2.42214514401e-06, 2.28283852266e-06, 1.7281907958e-06, 1.33349556108e-06, 1.19678918509e-06, 1.35660843625e-06, 1.17575689274e-06, 1.15377554266e-06, 1.08338133487e-06, 6.54276561818e-07],
        "dmean2": [0.00653038639575, 0.00449738372117, 0.00125810084864, 0.00122129672673, 0.000568924762774, 0.000305536377709, 0.000308750895783, 0.000370129360817, 0.000169357997947, 0.000137380629894, 0.000207281598705, 7.50519247958e-05, 0.000100714074506, 7.63553907746e-05, 6.15768367425e-05, 4.91441205668e-05, 4.40223011537e-05, 4.73326836072e-05, 4.42342861788e-05, 3.67646862287e-05, 2.33354603552e-05, 2.14705905819e-05, 2.27312793868e-05, 1.90344962903e-05, 1.33154599098e-05, 1.11367171485e-05, 8.19606248115e-06, 8.30118915474e-06, 5.48084108232e-06, 4.71716339234e-06, 3.60250419362e-06, 3.52578035745e-06, 2.5527847356e-06, 1.95133156922e-06, 1.82460155429e-06, 2.02935211746e-06, 1.73508260559e-06, 1.74189938207e-06, 1.6580980855e-06, 9.77151330517e-07],
        "dvar": [2.77095859929e-05, 1.46597967614e-05, 8.11152574443e-07, 9.73110900304e-07, 2.43437028757e-07, 8.43728926725e-08, 1.68524209698e-07, 3.62936958709e-07, 3.72107464841e-08, 3.25551070546e-08, 4.77488235617e-08, 9.07523034499e-09, 1.81681816258e-08, 7.16316739258e-09, 5.83296921874e-09, 2.61937560531e-09, 2.44221243229e-09, 6.48130171754e-09, 3.67020613901e-09, 1.68058067462e-09, 7.31046223557e-10, 6.19728324214e-10, 5.52326073766e-10, 5.32650090701e-10, 5.8576127282e-10, 1.77040021532e-10, 1.44898593124e-10, 8.80289799388e-11, 4.05985661756e-11, 2.98238898855e-11, 1.76352439596e-11, 1.78747103924e-11, 1.74467055386e-11, 1.52443509205e-11, 2.45666108983e-11, 7.12089970323e-11, 6.73036348875e-11, 5.96542745757e-11, 5.79423974079e-11, 1.29573530724e-11],
        "dvar2": [7.63674834161e-05, 3.77823234885e-05, 2.17608908315e-06, 2.68950725513e-06, 6.28039629191e-07, 2.10753867691e-07, 4.03192416343e-07, 8.7844165364e-07, 8.37322886582e-08, 7.07021854396e-08, 1.04907215359e-07, 2.1505497827e-08, 4.24738182403e-08, 1.82851032093e-08, 1.27986083953e-08, 6.3573923903e-09, 5.71103431213e-09, 1.35891120578e-08, 8.22009926793e-09, 4.10523970373e-09, 1.65817715114e-09, 1.51689438788e-09, 1.28380417408e-09, 1.28775212715e-09, 1.59948554401e-09, 4.27408747283e-10, 3.32552874127e-10, 2.09084874414e-10, 9.17735817896e-11, 6.5806353422e-11, 3.94448709806e-11, 4.23474380562e-11, 3.93100794971e-11, 3.66291892651e-11, 5.69061811562e-11, 1.56216262148e-10, 1.38586350729e-10, 1.35399635948e-10, 1.37660771671e-10, 2.72487969688e-11],
        "max": [0.0654268488288, 0.0576461441815, 0.0116108646616, 0.0195987615734, 0.0100400149822, 0.0073257246986, 0.0133628547192, 0.0120727140456, 0.00551289552823, 0.0047313477844, 0.00656085927039, 0.00346706807613, 0.00550575554371, 0.00350855663419, 0.00341157871298, 0.00202299281955, 0.00115244102199, 0.00238367915154, 0.00215731118806, 0.00118881987873, 0.00110311014578, 0.0014113484649, 0.000820099958219, 0.0010126628913, 0.00197254051454, 0.00067365495488, 0.000895123695955, 0.000343124906067, 0.000278057996184, 0.000217002714635, 0.000136122253025, 9.40890458878e-05, 0.000142395219882, 0.000168596918229, 0.000148050676216, 0.000397782947402, 0.000461748219095, 0.000256350438576, 0.0004216269881, 0.000204695970751],
        "mean": [0.00678365956992, 0.00482868216932, 0.00139176798984, 0.00110556266736, 0.000769168371335, 0.000481519266032, 0.000395998911699, 0.000407239218475, 0.000238405511482, 0.000198269655812, 0.000273376121186, 9.05063425307e-05, 0.000112347966933, 8.47398550832e-05, 7.5165029557e-05, 5.6798577134e-05, 4.5419576054e-05, 4.98038934893e-05, 4.45589212177e-05, 3.73772199964e-05, 2.4850385671e-05, 2.46175040957e-05, 2.45742012339e-05, 2.09122263186e-05, 1.41894615808e-05, 1.14333106467e-05, 9.41780672292e-06, 8.59978717926e-06, 6.11684890828e-06, 5.28666669197e-06, 4.42712871518e-06, 3.94430389861e-06, 2.76727905657e-06, 2.08052142625e-06, 1.81055520443e-06, 1.99854230232e-06, 1.73446551344e-06, 1.70195107785e-06, 1.56084968239e-06, 9.89996578937e-07],
        "median": [0.0043065873906, 0.00354870595038, 0.00104337837547, 0.000763107440434, 0.000520696863532, 0.000337951292749, 0.000208790574106, 0.000182755014976, 0.000137990267831, 0.000102457015601, 0.000158960814588, 5.71947311983e-05, 6.29566056887e-05, 5.57154198759e-05, 4.78273068438e-05, 3.86656611226e-05, 2.50893590419e-05, 1.79818489414e-05, 2.08669189306e-05, 2.29321631195e-05, 1.47677183122e-05, 1.61399657372e-05, 1.46724942169e-05, 1.05344070107e-05, 8.93160176929e-06, 7.35547973818e-06, 6.044240763e-06, 4.93970628668e-06, 3.25437804349e-06, 2.59602938968e-06, 2.20146375796e-06, 1.58443049258e-06, 8.44074293127e-07, 6.02467707722e-07, 5.88106331634e-07, 6.05884849847e-07, 5.07423806084e-07, 4.2483981133e-07, 3.70941279471e-07, 2.9715104688e-07],
        "min": [1.29488188599e-23, 5.28120840143e-24, 2.14057375077e-23, 2.91537786464e-24, 6.53808076019e-24, 7.31004584255e-24, 8.34540605913e-24, 6.11125376236e-24, 4.37198073271e-24, 5.12144276888e-24, 6.25124146872e-24, 6.6603321124e-24, 6.25843588018e-24, 9.8935802955e-24, 8.46200443408e-24, 1.27757128006e-23, 3.2255155713e-24, 5.55961950299e-24, 3.87451084638e-24, 4.50421669739e-24, 7.04154441168e-24, 5.33838622313e-24, 9.77147803801e-24, 1.09037750603e-23, 1.11509046716e-23, 6.17293006337e-24, 1.59082526339e-23, 1.8629833801e-23, 2.34459479565e-23, 9.31024053306e-24, 8.58614747474e-24, 9.84112498961e-24, 6.14191205258e-24, 1.10464192558e-23, 1.0555025965e-23, 1.06532951569e-23, 1.27461865258e-23, 1.26710538354e-23, 1.00809584263e-23, 8.38054586815e-24],
        "var": [5.13613777002e-05, 2.33633545577e-05, 1.64856919582e-06, 1.24970881643e-06, 6.90887361543e-07, 2.5055766173e-07, 3.81879345923e-07, 5.62470404475e-07, 9.82207879474e-08, 9.90512987187e-08, 1.28153942569e-07, 1.68302669579e-08, 4.35397602416e-08, 1.11602771469e-08, 1.2385728887e-08, 4.92127938401e-09, 4.74339456602e-09, 1.58033923725e-08, 6.76237066344e-09, 2.95015234464e-09, 1.41419786992e-09, 1.03580866107e-09, 1.07303665953e-09, 1.10435649514e-09, 5.40767042256e-10, 2.33204788813e-10, 1.91325177923e-10, 1.28815666467e-10, 6.49116732587e-11, 5.09785755276e-11, 3.47198658712e-11, 3.60715797509e-11, 2.864334811e-11, 2.18063032908e-11, 3.74139955128e-11, 1.16235389369e-10, 1.08551313771e-10, 8.53192169692e-11, 7.10782960267e-11, 2.00740118972e-11]
    },
    "mfcc": {
        "mean": [-613.240661621, 130.454101562, 3.95590519905, 29.9760570526, 8.61764431, 8.02247142792, 7.60273694992, 6.39513635635, 4.81097364426, 2.88892483711, 1.59045624733, 3.32688856125, 0.0257082786411],
        "cov": [[7171.26513672, 621.828735352, 17.3003673553, -243.361709595, -131.924804688, -164.728790283, -82.3163909912, -73.4667129517, -64.2760009766, -73.9985351562, -7.42774295807, -8.0814037323, -3.28846788406], [621.828735352, 928.898132324, -133.710586548, 12.7284517288, -11.2879810333, -64.53175354, 46.8809013367, 1.21678161621, -10.4593648911, -10.2589559555, 0.405384391546, 37.9535522461, -19.4075679779], [17.3003673553, -133.710586548, 254.956863403, 5.16331958771, -3.38317894936, 25.2535114288, 7.94389533997, -3.02722406387, -5.48394680023, -9.9515542984, 4.64271736145, 3.09933853149, 6.12986278534], [-243.361709595, 12.7284517288, 5.16331958771, 191.633026123, -4.32129955292, 70.5396652222, -3.70020198822, 25.0178222656, 18.5530815125, -2.94529080391, -12.9518184662, -6.65967273712, 5.24298715591], [-131.924804688, -11.2879810333, -3.38317894936, -4.32129955292, 157.204315186, -11.1233940125, 12.0837450027, 8.68833637238, 9.64851570129, 19.3329162598, 13.8029994965, 9.77520179749, 10.920791626], [-164.728790283, -64.53175354, 25.2535114288, 70.5396652222, -11.1233940125, 127.163642883, 20.006565094, 24.5520687103, 15.8252353668, 4.1345911026, -4.53249740601, -12.8527402878, -2.92726492882], [-82.3163909912, 46.8809013367, 7.94389533997, -3.70020198822, 12.0837450027, 20.006565094, 83.5978469849, 29.6702442169, 11.5862541199, 7.8879570961, 11.0351572037, 4.27113485336, -7.04266738892], [-73.4667129517, 1.21678161621, -3.02722406387, 25.0178222656, 8.68833637238, 24.5520687103, 29.6702442169, 65.943611145, 27.0483646393, 9.92522144318, 2.75787138939, -4.5465259552, -2.27157831192], [-64.2760009766, -10.4593648911, -5.48394680023, 18.5530815125, 9.64851570129, 15.8252353668, 11.5862541199, 27.0483646393, 60.7805213928, 23.9949855804, 6.06307554245, -5.75610971451, -5.29804468155], [-73.9985351562, -10.2589559555, -9.9515542984, -2.94529080391, 19.3329162598, 4.1345911026, 7.8879570961, 9.92522144318, 23.9949855804, 61.5940437317, 21.4112739563, -0.775476932526, -7.18414020538], [-7.42774295807, 0.405384391546, 4.64271736145, -12.9518184662, 13.8029994965, -4.53249740601, 11.0351572037, 2.75787138939, 6.06307554245, 21.4112739563, 57.1617851257, 18.9396724701, 2.78471112251], [-8.0814037323, 37.9535522461, 3.09933853149, -6.65967273712, 9.77520179749, -12.8527402878, 4.27113485336, -4.5465259552, -5.75610971451, -0.775476932526, 18.9396724701, 58.5572891235, 21.1154651642], [-3.28846788406, -19.4075679779, 6.12986278534, 5.24298715591, 10.920791626, -2.92726492882, -7.04266738892, -2.27157831192, -5.29804468155, -7.18414020538, 2.78471112251, 21.1154651642, 51.8682136536]],
