{
"lowlevel": {
    "average_loudness": 0.825395166874,
    "barkbands_crest": {
        "dmean": 1.45796465874,
        "dmean2": 2.03777503967,
        "dvar": 2.05570960045,
        "dvar2": 4.1786699295,
        "max": 23.9860477448,
        "mean": 10.8047971725,
        "median": 10.2027454376,
        "min": 3.00316143036,
        "var": 15.3217391968
    },
    "barkbands_flatness_db": {
        "dmean": 0.0131226433441,
        "dmean2": 0.0177685264498,
        "dvar": 0.00022718134278,
        "dvar2": 0.00041454154416,
        "max": 0.362448036671,
        "mean": 0.190099865198,
        "median": 0.190723136067,
        "min": 0.0452781096101,
        "var": 0.00148788373917
    },
    "barkbands_kurtosis": {
        "dmean": 0.754513025284,
        "dmean2": 1.08743047714,
        "dvar": 2.71593165398,
        "dvar2": 6.58780431747,
        "max": 87.054977417,
        "mean": 0.812786102295,
        "median": -0.135896682739,
        "min": -1.96266901493,
        "var": 13.0812091827
    },
    "barkbands_skewness": {
        "dmean": 0.23219498992,
        "dmean2": 0.321109265089,
        "dvar": 0.0901685580611,
        "dvar2": 0.187126621604,
        "max": 6.42519235611,
        "mean": 0.100288890302,
        "median": 0.0147319100797,
        "min": -6.10309076309,
        "var": 0.967780411243
    },
    "barkbands_spread": {
        "dmean": 2.42917180061,
        "dmean2": 3.38025474548,
        "dvar": 18.4597911835,
        "dvar2": 40.862827301,
        "max": 140.908340454,
        "mean": 16.7196426392,
        "median": 15.742972374,
        "min": 1.61949276924,
        "var": 85.0477981567
    },
    "dissonance": {
        "dmean": 0.0325258970261,
        "dmean2": 0.0552696883678,
        "dvar": 0.000971801695414,
        "dvar2": 0.00264533050358,
        "max": 0.499361336231,
        "mean": 0.412226051092,
        "median": 0.418588042259,
        "min": 0.164230659604,
        "var": 0.00221566227265
    },
    "dynamic_complexity": 2.86039876938,
    "erbbands_crest": {
        "dmean": 2.21788096428,
        "dmean2": 3.12134289742,
        "dvar": 4.83193683624,
        "dvar2": 9.19971656799,
        "max": 32.0762062073,
        "mean": 14.385471344,
        "median": 13.4214296341,
        "min": 2.72665572166,
        "var": 32.9520759583
    },
    "erbbands_flatness_db": {
        "dmean": 0.0150202894583,
        "dmean2": 0.0195106044412,
        "dvar": 0.00031534692971,
        "dvar2": 0.000535418163054,
        "max": 0.398946344852,
        "mean": 0.245373502374,
        "median": 0.254615336657,
        "min": 0.0466740317643,
        "var": 0.00296712690033
    },
    "erbbands_kurtosis": {
        "dmean": 1.2713124752,
        "dmean2": 1.78593313694,
        "dvar": 3.9718735218,
        "dvar2": 7.77804803848,
        "max": 51.5475006104,
        "mean": 2.6759390831,
        "median": 1.19522619247,
        "min": -1.87715780735,
        "var": 20.0142860413
    },
    "erbbands_skewness": {
        "dmean": 0.320758670568,
        "dmean2": 0.435035854578,
        "dvar": 0.124151565135,
        "dvar2": 0.246760800481,
        "max": 4.73385047913,
        "mean": 0.0372179411352,
        "median": 0.0304920375347,
        "min": -5.59934234619,
        "var": 0.851350188255
    },
    "erbbands_spread": {
        "dmean": 2.3463306427,
        "dmean2": 3.26582193375,
        "dvar": 18.0866985321,
        "dvar2": 37.9141693115,
        "max": 155.999740601,
        "mean": 14.2805957794,
        "median": 12.5287027359,
        "min": 1.22952330112,
        "var": 121.101142883
    },
    "hfc": {
        "dmean": 4.62370014191,
        "dmean2": 6.02149581909,
        "dvar": 33.2838897705,
        "dvar2": 59.4089660645,
        "max": 181.84526062,
        "mean": 27.6306476593,
        "median": 25.9701404572,
        "min": 1.13457905998e-16,
        "var": 318.081420898
    },
    "melbands_crest": {
        "dmean": 1.50444030762,
        "dmean2": 2.15883493423,
        "dvar": 2.62211155891,
        "dvar2": 5.69742393494,
        "max": 35.9778785706,
        "mean": 12.4860496521,
        "median": 11.8539142609,
        "min": 2.1872215271,
        "var": 17.0635280609
    },
    "melbands_flatness_db": {
        "dmean": 0.0119211981073,
        "dmean2": 0.0169503111392,
        "dvar": 0.000211520047742,
        "dvar2": 0.000463173317257,
        "max": 0.479085981846,
        "mean": 0.262392282486,
        "median": 0.261119633913,
        "min": 0.00782843865454,
        "var": 0.0015287186252
    },
    "melbands_kurtosis": {
        "dmean": 0.903867423534,
        "dmean2": 1.31181955338,
        "dvar": 8.45353889465,
        "dvar2": 20.125043869,
        "max": 154.135955811,
        "mean": 1.51464807987,
        "median": -0.271429777145,
        "min": -1.91074180603,
        "var": 51.4345321655
    },
    "melbands_skewness": {
        "dmean": 0.22991591692,
        "dmean2": 0.3158659935,
        "dvar": 0.0904717668891,
        "dvar2": 0.197266206145,
        "max": 8.78386116028,
        "mean": 0.615981698036,
        "median": 0.42821213603,
        "min": -4.99245548248,
        "var": 1.14607310295
    },
    "melbands_spread": {
        "dmean": 3.07500100136,
        "dmean2": 4.25391960144,
        "dvar": 27.6307811737,
        "dvar2": 68.7312774658,
        "max": 343.676818848,
        "mean": 26.1860523224,
        "median": 25.1651153564,
        "min": 1.55709314346,
        "var": 220.313812256
    },
    "pitch_salience": {
        "dmean": 0.0356210656464,
        "dmean2": 0.0531301349401,
        "dvar": 0.00121611729264,
        "dvar2": 0.00279436865821,
        "max": 0.945815682411,
        "mean": 0.470410108566,
        "median": 0.461383223534,
        "min": 0.108135327697,
        "var": 0.00760364858434
    },
    "silence_rate_20dB": {
        "dmean": 0,
        "dmean2": 0,
        "dvar": 0,
        "dvar2": 0,
        "max": 1,
        "mean": 1,
        "median": 1,
        "min": 1,
        "var": 0
    },
    "silence_rate_30dB": {
        "dmean": 0.00190809345804,
        "dmean2": 0.00381649052724,
        "dvar": 0.00190456572454,
        "dvar2": 0.00491534452885,
        "max": 1,
        "mean": 0.996740579605,
        "median": 1,
        "min": 0,
        "var": 0.00324905756861
    },
    "silence_rate_60dB": {
        "dmean": 0.0022261091508,
        "dmean2": 0.00445257220417,
        "dvar": 0.00222179573029,
        "dvar2": 0.00522717740387,
        "max": 1,
        "mean": 0.0226568095386,
        "median": 0,
        "min": 0,
        "var": 0.0221418272704
    },
    "spectral_centroid": {
        "dmean": 71.157661438,
        "dmean2": 98.301651001,
        "dvar": 19659.0996094,
        "dvar2": 36818.125,
        "max": 11150.4208984,
        "mean": 990.80255127,
        "median": 977.661254883,
        "min": 244.967391968,
        "var": 134739.609375
    },
    "spectral_complexity": {
        "dmean": 1.2901892662,
        "dmean2": 2.13405418396,
        "dvar": 1.3718111515,
        "dvar2": 3.32249903679,
        "max": 32,
        "mean": 15.3797597885,
        "median": 16,
        "min": 0,
        "var": 15.8570461273
    },
    "spectral_decrease": {
        "dmean": 1.12385356577e-09,
        "dmean2": 1.46811851565e-09,
        "dvar": 1.61539253965e-18,
        "dvar2": 2.83467702848e-18,
        "max": 2.42958404046e-13,
        "mean": -8.4402076439e-09,
        "median": -8.38727132191e-09,
        "min": -3.73919490926e-08,
        "var": 1.91615776784e-17
    },
    "spectral_energy": {
        "dmean": 0.00459799310192,
        "dmean2": 0.00599400792271,
        "dvar": 2.69785032287e-05,
        "dvar2": 4.66803212475e-05,
        "max": 0.157619521022,
        "mean": 0.0343614332378,
        "median": 0.0340753756464,
        "min": 1.09897495583e-20,
        "var": 0.000324191496475
    },
    "spectral_energyband_high": {
        "dmean": 5.95046767558e-05,
        "dmean2": 8.82990352693e-05,
        "dvar": 6.25278886446e-08,
        "dvar2": 1.38439119723e-07,
        "max": 0.00444414839149,
        "mean": 9.38867015066e-05,
        "median": 3.22031228279e-05,
        "min": 8.03329215019e-21,
        "var": 8.23478814027e-08
    },
    "spectral_energyband_low": {
        "dmean": 0.000807836768217,
        "dmean2": 0.00136091909371,
        "dvar": 3.62164678336e-06,
        "dvar2": 1.01914065453e-05,
        "max": 0.0370766669512,
        "mean": 0.00643465342,
        "median": 0.00624980172142,
        "min": 3.30797429453e-23,
        "var": 1.00947827377e-05
    },
    "spectral_energyband_middle_high": {
        "dmean": 0.00317745655775,
        "dmean2": 0.00401938473806,
        "dvar": 1.72836735146e-05,
        "dvar2": 2.69869779004e-05,
        "max": 0.141610711813,
        "mean": 0.016047667712,
        "median": 0.0127552766353,
        "min": 1.83714249303e-21,
        "var": 0.000208503159229
    },
    "spectral_energyband_middle_low": {
        "dmean": 0.0024660998024,
        "dmean2": 0.00306168221869,
        "dvar": 1.0847986232e-05,
        "dvar2": 1.69513659785e-05,
        "max": 0.0984705090523,
        "mean": 0.0127533227205,
        "median": 0.00962984189391,
        "min": 3.40327544453e-22,
        "var": 0.000107405008748
    },
    "spectral_entropy": {
        "dmean": 0.112081833184,
        "dmean2": 0.152098536491,
        "dvar": 0.0194750633091,
        "dvar2": 0.0368629619479,
        "max": 9.80491447449,
        "mean": 6.63236141205,
        "median": 6.59641599655,
        "min": 5.39615869522,
        "var": 0.138905882835
    },
    "spectral_flux": {
        "dmean": 0.0129876816645,
        "dmean2": 0.0205965600908,
        "dvar": 0.000211062259041,
        "dvar2": 0.000501584203448,
        "max": 0.197042703629,
        "mean": 0.0445367954671,
        "median": 0.0405797809362,
        "min": 1.04832004189e-10,
        "var": 0.000543142145034
    },
    "spectral_kurtosis": {
        "dmean": 4.81842851639,
        "dmean2": 8.24531078339,
        "dvar": 20.7158241272,
        "dvar2": 62.2167053223,
        "max": 51.6268005371,
        "mean": 15.7361650467,
        "median": 14.7953948975,
        "min": -1.15272915363,
        "var": 51.5044708252
    },
    "spectral_rms": {
        "dmean": 0.000378326920327,
        "dmean2": 0.000496191496495,
        "dvar": 1.56682347097e-07,
        "dvar2": 2.82219332348e-07,
        "max": 0.0124006103724,
        "mean": 0.00554420938715,
        "median": 0.00576578453183,
        "min": 3.27440180005e-12,
        "var": 2.7851658615e-06
    },
    "spectral_rolloff": {
        "dmean": 144.918441772,
        "dmean2": 252.799041748,
        "dvar": 395675.25,
        "dvar2": 997804.75,
        "max": 19250.6835938,
        "mean": 1278.63012695,
        "median": 1248.92578125,
        "min": 21.533203125,
        "var": 932732.3125
    },
    "spectral_skewness": {
        "dmean": 0.369536161423,
        "dmean2": 0.628592610359,
        "dvar": 0.105057500303,
        "dvar2": 0.317344367504,
        "max": 5.37645053864,
        "mean": 2.93682575226,
        "median": 2.923361063,
        "min": -0.120730929077,
        "var": 0.356762647629
    },
    "spectral_spread": {
        "dmean": 464848.09375,
        "dmean2": 669929.125,
        "dvar": 821311963136,
        "dvar2": 1.58167348019e+12,
        "max": 39492796,
        "mean": 2953013.25,
        "median": 2329746.25,
        "min": 1223763.5,
        "var": 3.3761895383e+12
    },
    "spectral_strongpeak": {
        "dmean": 0.815300583839,
        "dmean2": 1.29595863819,
        "dvar": 1.4756578207,
        "dvar2": 3.11646175385,
        "max": 19.1531257629,
        "mean": 3.05033445358,
        "median": 2.83311629295,
        "min": 0,
        "var": 6.07812690735
    },
    "zerocrossingrate": {
        "dmean": 0.00518036959693,
        "dmean2": 0.00622070394456,
        "dvar": 0.000130181972054,
        "dvar2": 0.000185790340765,
        "max": 0.5703125,
        "mean": 0.045672442764,
        "median": 0.04248046875,
        "min": 0.00341796875,
        "var": 0.00080988422269
    },
    "barkbands": {
        "dmean": [5.11975194968e-05, 0.00070155778667, 0.000177730777068, 0.000108156935312, 0.000222158618271, 0.000491772778332, 0.000671204354148, 0.000821399560664, 0.000723361503333, 0.000993532943539, 0.0010181828402, 0.00111901271157, 0.000841543485876, 0.000664586550556, 0.000305220368318, 0.000178951391717, 9.10680464585e-05, 3.13294549414e-05, 2.10009293369e-05, 1.21446682897e-05, 4.09789890909e-06, 2.5696888315e-06, 3.98845122618e-06, 5.66523021917e-06, 9.35463140195e-06, 3.39782345691e-05, 4.3795325837e-06],
        "dmean2": [8.66954869707e-05, 0.00116828666069, 0.00029272964457, 0.000179731825483, 0.000353579351213, 0.000725943013094, 0.000797070155386, 0.00103752769064, 0.000834141334053, 0.00116412213538, 0.00126544374507, 0.00144462659955, 0.00116378988605, 0.000870930030942, 0.000420109485276, 0.000261574459728, 0.000141888755024, 4.97044748045e-05, 3.22838313878e-05, 1.90022856259e-05, 6.80349330651e-06, 4.17198543801e-06, 5.92369678998e-06, 8.57822760736e-06, 1.43023817145e-05, 5.28678137925e-05, 7.03660134604e-06],
        "dvar": [3.37338654788e-08, 2.5126626042e-06, 2.45545862754e-07, 4.54787993931e-08, 1.01583985668e-07, 9.40863174037e-07, 2.08951701097e-06, 3.63324261343e-06, 3.41595819009e-06, 5.16703084941e-06, 4.5381543714e-06, 6.88095815349e-06, 2.81633674604e-06, 1.69306906628e-06, 4.11046642057e-07, 1.33972022809e-07, 2.15647144586e-08, 2.69006372733e-09, 2.33753594259e-09, 7.1510086741e-10, 8.18556819548e-11, 7.0995674617e-11, 1.84116097368e-10, 3.68173408427e-10, 1.03037445243e-09, 3.74618345234e-08, 5.18016407547e-10],
        "dvar2": [8.3683936225e-08, 7.22660752217e-06, 6.68804773341e-07, 1.27700857888e-07, 2.70045092066e-07, 2.50020411841e-06, 2.839925628e-06, 6.29412579656e-06, 4.17352566728e-06, 6.26049541097e-06, 6.56936299492e-06, 1.05370554593e-05, 4.91873697683e-06, 2.68916141977e-06, 7.31055592951e-07, 2.43427962232e-07, 5.0500151616e-08, 6.69146205112e-09, 5.11688247329e-09, 1.57907997789e-09, 2.12333636784e-10, 1.82914378088e-10, 3.91203264227e-10, 8.90152396238e-10, 2.49071074876e-09, 9.02765222577e-08, 1.22925847279e-09],
        "max": [0.00630401493981, 0.0287968125194, 0.00762573350221, 0.0040970495902, 0.00744938245043, 0.0409830696881, 0.0514482855797, 0.0651588514447, 0.0701151415706, 0.111737057567, 0.0647575706244, 0.117904998362, 0.0385345630348, 0.0354679077864, 0.0178324505687, 0.0198416989297, 0.00283261877485, 0.00148980657104, 0.00182504649274, 0.000685381121002, 0.000325210014125, 0.000387103267713, 0.000399474112783, 0.000656772579532, 0.000714170222636, 0.00283845374361, 0.000390946835978],
        "mean": [0.000141330252518, 0.00529932370409, 0.00076491368236, 0.000386660249205, 0.000880146981217, 0.00193814455997, 0.00262789358385, 0.00310817360878, 0.00221909186803, 0.00381298805587, 0.00337050436065, 0.00336061324924, 0.00242106174119, 0.00224513770081, 0.00087137328228, 0.00046218506759, 0.000212840284803, 7.79374968261e-05, 4.98307672387e-05, 2.63291512965e-05, 1.05456556412e-05, 6.67738868287e-06, 7.19447052688e-06, 1.04005794128e-05, 1.43127044794e-05, 3.17177255056e-05, 4.17640376327e-06],
        "median": [2.84510788333e-05, 0.00530110578984, 0.000443505705334, 0.000261501292698, 0.000662996841129, 0.000995441921987, 0.000774446758442, 0.000643600884359, 0.000660796882585, 0.000841478642542, 0.000630125985481, 0.000906915345695, 0.000788397097494, 0.000747044454329, 0.00029462078237, 0.00015269278083, 0.000114928305265, 4.09557615058e-05, 2.44477050728e-05, 1.41359496411e-05, 6.57491773381e-06, 4.00679482482e-06, 2.55261170423e-06, 2.77710341834e-06, 2.44752004619e-06, 5.64054175811e-07, 7.93231791363e-08],
        "min": [5.22896529912e-24, 8.27231415195e-24, 2.37648323557e-23, 1.0258276214e-24, 9.5505547016e-23, 4.6911961379e-23, 8.92155614328e-23, 3.49680014288e-23, 7.14285655556e-23, 3.38144974587e-23, 3.39264936192e-23, 9.9727909234e-23, 6.18464930209e-23, 1.08768974649e-22, 3.01629183886e-22, 2.64405677668e-22, 2.52137338114e-22, 2.38482900529e-22, 2.36385843186e-22, 3.92739513483e-22, 5.90729792472e-22, 4.61447480792e-22, 7.59620848069e-22, 9.10000960669e-22, 1.44142169118e-21, 1.83569149384e-21, 2.02772381565e-21],
        "var": [8.37484535055e-08, 7.49467471906e-06, 7.5743406569e-07, 1.41589453051e-07, 5.79517518418e-07, 8.15624844108e-06, 2.18875557039e-05, 3.33160314767e-05, 2.44962102443e-05, 7.63709904277e-05, 4.92970611958e-05, 4.65915072709e-05, 1.36468897836e-05, 1.28561487145e-05, 2.40148779085e-06, 7.61872513522e-07, 6.81559484406e-08, 1.05246105164e-08, 6.33139052297e-09, 1.79795467403e-09, 3.45863476747e-10, 1.95770150091e-10, 4.26826463062e-10, 8.83434103649e-10, 1.93792337733e-09, 3.5194325676e-08, 5.36061361966e-10]
    },
    "erbbands": {
        "dmean": [0.02226905711, 0.158534914255, 0.224012702703, 0.278685539961, 0.464362114668, 0.806967735291, 1.94092321396, 4.84445858002, 7.83346176147, 13.6532449722, 17.294834137, 18.0890808105, 28.9692249298, 33.5383300781, 33.7404022217, 45.2122268677, 44.738079071, 33.0821876526, 19.609041214, 11.2913293839, 8.64377880096, 3.85351157188, 1.9222356081, 1.33883833885, 0.889714837074, 0.444303900003, 0.219943508506, 0.111507929862, 0.0955631509423, 0.0803199708462, 0.110477633774, 0.128367841244, 0.0913516879082, 0.089373357594, 0.093210041523, 0.241590276361, 0.0325302444398, 0.00414132652804, 0.000704553502146, 5.93919103267e-05],
        "dmean2": [0.0378453694284, 0.261999845505, 0.382012039423, 0.454611420631, 0.774281442165, 1.29311060905, 2.76263427734, 7.25138282776, 9.81406974792, 16.3576564789, 21.9454631805, 20.6254825592, 34.0573806763, 38.5655555725, 44.970954895, 58.7030410767, 60.2413215637, 44.1133880615, 25.5634536743, 16.3518791199, 12.7974529266, 5.85345315933, 3.03988242149, 2.07241845131, 1.35420274734, 0.705489397049, 0.363657057285, 0.184271857142, 0.15600296855, 0.127233147621, 0.172847703099, 0.190067023039, 0.141107052565, 0.135667607188, 0.140318721533, 0.384996652603, 0.0501284450293, 0.00662591774017, 0.00114192976616, 9.11528404686e-05],
        "dvar": [0.0042070178315, 0.105430521071, 0.344661146402, 0.362987160683, 0.662884473801, 1.49689185619, 8.85702323914, 109.728256226, 239.910140991, 1215.87512207, 1830.97644043, 2239.71386719, 4952.625, 6138.47851562, 4977.91552734, 10520.7763672, 8158.55566406, 4733.08154297, 1184.13952637, 419.54385376, 238.62298584, 38.0889968872, 9.5985250473, 10.5889616013, 4.5110039711, 0.594213187695, 0.248480454087, 0.0546486862004, 0.143922522664, 0.101887777448, 0.145334094763, 0.190675184131, 0.106629401445, 0.0990037620068, 0.11886113137, 2.11400079727, 0.0273045748472, 0.000398685369873, 1.27953408082e-05, 9.21613789728e-08],
        "dvar2": [0.011407468468, 0.308668375015, 0.971978187561, 0.957325220108, 1.85269117355, 4.01706933975, 19.5333805084, 312.76385498, 434.877502441, 1613.859375, 3269.8840332, 2646.00561523, 6224.37548828, 7208.08398438, 9042.515625, 16132.5341797, 13628.4140625, 7670.68408203, 2022.4954834, 775.054992676, 435.040161133, 79.7450256348, 24.020318985, 22.3185691833, 10.0405721664, 1.43246567249, 0.634612858295, 0.146674439311, 0.379194110632, 0.25638872385, 0.324918270111, 0.370904445648, 0.270367056131, 0.23697181046, 0.264199048281, 5.24236774445, 0.0633439943194, 0.000953545502853, 3.09071583615e-05, 2.06342008369e-07],
        "max": [1.59688103199, 4.28049468994, 8.20875835419, 12.0305614471, 14.4312095642, 29.5356769562, 122.981773376, 361.280029297, 638.638977051, 1327.70031738, 1563.83508301, 2050.80859375, 2942.40625, 4161.53808594, 3030.73901367, 4215.26171875, 2302.49121094, 2077.22851562, 817.71282959, 690.343505859, 605.323669434, 145.59703064, 62.6784667969, 196.031829834, 95.4214630127, 23.0623149872, 19.2138633728, 8.64312171936, 20.9060306549, 15.8843402863, 14.3543386459, 10.1225309372, 12.2327184677, 8.96715736389, 7.63191175461, 20.7029094696, 2.2221763134, 0.311050474644, 0.0628645345569, 0.00591147504747],
        "mean": [0.163295865059, 1.12212657928, 1.17665612698, 1.18944144249, 1.63087105751, 3.13472008705, 7.4445810318, 17.8907985687, 32.3996200562, 53.0276985168, 65.4405593872, 58.3253479004, 107.658943176, 138.677993774, 102.679718018, 142.282546997, 136.627426147, 120.142341614, 63.8702011108, 35.9009017944, 22.7419681549, 10.2700662613, 5.25660562515, 3.2832710743, 2.07470011711, 1.0694668293, 0.575883448124, 0.299718886614, 0.236334949732, 0.193495124578, 0.210164532065, 0.231029942632, 0.165124744177, 0.143189936876, 0.129465684295, 0.217811748385, 0.0327702127397, 0.00424150563776, 0.000697431853041, 9.25633430597e-05],
        "median": [0.127673059702, 1.12523543835, 0.920853316784, 0.808336794376, 1.14757907391, 2.32851696014, 4.49891138077, 8.42043018341, 12.5138397217, 13.9973506927, 18.4701118469, 20.0583057404, 25.2153396606, 32.9806442261, 37.6615486145, 52.1608848572, 53.7588577271, 55.9503898621, 37.0138435364, 16.7100601196, 14.0848646164, 5.72106742859, 2.81512761116, 1.79770195484, 1.12488627434, 0.690952420235, 0.352484822273, 0.206563472748, 0.143797770143, 0.101098395884, 0.0744584649801, 0.0598662681878, 0.0427113510668, 0.0283794626594, 0.0164049528539, 0.00447087455541, 0.000727990758605, 0.00010351275705, 3.58789511665e-05, 4.63326505269e-05],
        "min": [2.40372708336e-22, 2.31034412753e-21, 2.33987326371e-20, 1.57723051039e-20, 9.59250143234e-20, 3.69178022761e-19, 3.91477312811e-19, 5.01339228319e-19, 1.34945779843e-18, 6.29793501509e-19, 1.22181338676e-18, 1.76176297623e-18, 7.62048669615e-19, 1.44192811231e-18, 2.08463907306e-18, 4.28047975818e-18, 2.97971260234e-18, 3.86325151157e-18, 8.91772665045e-18, 2.13641379653e-17, 1.63741560308e-17, 1.1967367861e-17, 1.35699939019e-17, 1.07068463507e-17, 1.58589019185e-17, 1.65490120861e-17, 1.67164086267e-17, 2.67197287674e-17, 1.51745356931e-17, 2.45211306757e-17, 2.06684211675e-17, 1.71273420288e-17, 1.5258502797e-17, 1.47312661464e-17, 1.02484302998e-17, 6.33275125387e-18, 3.69450501225e-18, 1.3611752254e-18, 2.72427152606e-19, 3.08639504237e-20],
        "var": [0.0194798652083, 0.307657957077, 0.970240831375, 1.29797661304, 2.27546882629, 8.01915740967, 87.3506317139, 721.182189941, 2682.94433594, 11071.0498047, 16204.8574219, 16320.6982422, 49959.953125, 105836.320312, 33082.8320312, 73056.703125, 38396.859375, 34364.6835938, 6345.90039062, 3126.21533203, 987.123718262, 166.034408569, 42.211856842, 26.8507442474, 9.31449222565, 1.59058642387, 1.06829559803, 0.18159198761, 0.213716357946, 0.31882122159, 0.348283082247, 0.463098376989, 0.24667942524, 0.210683465004, 0.177301481366, 1.85953354836, 0.0281550772488, 0.000419945165049, 1.32715267682e-05, 1.01424951993e-07]
    },
    "gfcc": {
        "mean": [-26.9295520782, 140.275253296, -130.973312378, -8.42564678192, -34.927318573, 24.9522895813, -29.1252288818, 10.4883594513, -12.4797849655, 8.53195285797, -1.7441586256, -1.00707161427, -2.99158668518],
        "cov": [[4735.40771484, 373.917388916, -665.662475586, -255.178787231, 174.925857544, 121.642822266, -9.38248252869, 40.1058425903, -34.2103538513, 103.990341187, -67.3749923706, -31.0072650909, -67.4864578247], [373.917388916, 1277.68505859, -739.090332031, 141.367858887, 115.603187561, -101.952278137, 132.950164795, -143.158721924, 192.381912231, -112.383827209, 136.847869873, -154.403518677, 108.799087524], [-665.662475586, -739.090332031, 952.045715332, -11.8944673538, -129.451065063, 100.639152527, -122.249923706, 81.2638015747, -151.013900757, 63.0207366943, -80.4704284668, 117.09992981, -72.5210647583], [-255.178787231, 141.367858887, -11.8944673538, 254.928085327, 19.5476417542, -31.4931774139, 2.75859689713, -50.911190033, 26.2899150848, -26.0263156891, 22.0574760437, -44.4897155762, 19.9215049744], [174.925857544, 115.603187561, -129.451065063, 19.5476417542, 155.537536621, 32.2437133789, 21.8474216461, -31.4441413879, 12.8487262726, 4.10965251923, 23.9202651978, -12.0318450928, 3.35238647461], [121.642822266, -101.952278137, 100.639152527, -31.4931774139, 32.2437133789, 162.712142944, 27.8135929108, -5.20745706558, -64.0953674316, -3.85126447678, -14.2194814682, 21.3454647064, 2.73589777946], [-9.38248252869, 132.950164795, -122.249923706, 2.75859689713, 21.8474216461, 27.8135929108, 149.003341675, 5.92868328094, 8.62554073334, -57.2025718689, 7.43074417114, -14.6557331085, 27.3643245697], [40.1058425903, -143.158721924, 81.2638015747, -50.911190033, -31.4441413879, -5.20745706558, 5.92868328094, 140.227462769, 21.7714214325, 12.0073213577, -39.6673965454, 8.63283729553, -15.4047355652], [-34.2103538513, 192.381912231, -151.013900757, 26.2899150848, 12.8487262726, -64.0953674316, 8.62554073334, 21.7714214325, 158.011444092, 40.0250282288, 25.2660522461, -54.9763183594, -6.79050731659], [103.990341187, -112.383827209, 63.0207366943, -26.0263156891, 4.10965251923, -3.85126447678, -57.2025718689, 12.0073213577, 40.0250282288, 134.028564453, 28.969455719, 10.1889066696, -53.4009017944], [-67.3749923706, 136.847869873, -80.4704284668, 22.0574760437, 23.9202651978, -14.2194814682, 7.43074417114, -39.6673965454, 25.2660522461, 28.969455719, 110.94908905, 12.2825927734, -4.80739545822], [-31.0072650909, -154.403518677, 117.09992981, -44.4897155762, -12.0318450928, 21.3454647064, -14.6557331085, 8.63283729553, -54.9763183594, 10.1889066696, 12.2825927734, 102.242912292, 15.0510063171], [-67.4864578247, 108.799087524, -72.5210647583, 19.9215049744, 3.35238647461, 2.73589777946, 27.3643245697, -15.4047355652, -6.79050731659, -53.4009017944, -4.80739545822, 15.0510063171, 95.8298416138]],
        "icov": [[0.000349195179297, -0.000302707019728, 0.000403901358368, 0.000105048668047, -7.50978142605e-05, -0.000371751957573, 0.000245363684371, -0.000391258508898, 0.000650222122204, -0.000688836735208, 0.000765901291743, -0.000380555866286, 0.000514106883202], [-0.000302707019728, 0.00273750745691, 0.000432484142948, -0.000116326060379, -0.000222163871513, 0.000399584969273, -0.000408540799981, 0.00153665209655, -0.00238855625503, 0.00241542886943, -0.00297528365627, 0.00231733266264, -0.00194613274653], [0.000403901358368, 0.000432484142948, 0.00306226103567, -0.00108361698221, 0.00139806536026, -0.00186268414836, 0.00137739360798, -0.00106027862057, 0.0012098713778, -0.00079370464664, 0.00137576914858, -0.00206537265331, 0.00181347585749], [0.000105048668047, -0.000116326060379, -0.00108361698221, 0.00547947641462, -0.00108323257882, 0.00120433303528, 3.82083590011e-06, 0.00155191903468, -0.000456523994217, 0.000869890325703, -0.00125222653151, 0.00302402488887, -0.00158658064902], [-7.50978142605e-05, -0.000222163871513, 0.00139806536026, -0.00108323257882, 0.00866814982146, -0.00288776308298, 2.17589822569e-05, 0.000712844368536, -0.000346316344803, -0.000755375658628, -7.91989514255e-05, -0.0011280173203, 0.00109785213135], [-0.000371751957573, 0.000399584969273, -0.00186268414836, 0.00120433303528, -0.00288776308298, 0.0100650554523, -0.00342929782346, 0.00105116900522, 0.00287573505193, -0.00128933705855, -0.000451507570688, 0.00219357688911, -0.00229543843307], [0.000245363684371, -0.000408540799981, 0.00137739360798, 3.82083590011e-06, 2.17589822569e-05, -0.00342929782346, 0.0104902163148, -0.00229074782692, -0.000831504527014, 0.00423410674557, -0.00113849609625, -0.000544103852008, 0.000740475486964], [-0.000391258508898, 0.00153665209655, -0.00106027862057, 0.00155191903468, 0.000712844368536, 0.00105116900522, -0.00229074782692, 0.0115193221718, -0.00520158838481, 0.00157529686112, 0.00187312602066, -0.000522570218891, -8.95258199307e-06], [0.000650222122204, -0.00238855625503, 0.0012098713778, -0.000456523994217, -0.000346316344803, 0.00287573505193, -0.000831504527014, -0.00520158838481, 0.0159558132291, -0.00855000596493, 0.00106335279997, 0.00409320974723, -0.000711860659067], [-0.000688836735208, 0.00241542886943, -0.00079370464664, 0.000869890325703, -0.000755375658628, -0.00128933705855, 0.00423410674557, 0.00157529686112, -0.00855000596493, 0.0179108642042, -0.00631555216387, -0.000875122088473, 0.00429404340684], [0.000765901291743, -0.00297528365627, 0.00137576914858, -0.00125222653151, -7.91989514255e-05, -0.000451507570688, -0.00113849609625, 0.00187312602066, 0.00106335279997, -0.00631555216387, 0.0176144316792, -0.00820839870721, 0.00458952318877], [-0.000380555866286, 0.00231733266264, -0.00206537265331, 0.00302402488887, -0.0011280173203, 0.00219357688911, -0.000544103852008, -0.000522570218891, 0.00409320974723, -0.000875122088473, -0.00820839870721, 0.0208088885993, -0.00892004091293], [0.000514106883202, -0.00194613274653, 0.00181347585749, -0.00158658064902, 0.00109785213135, -0.00229543843307, 0.000740475486964, -8.95258199307e-06, -0.000711860659067, 0.00429404340684, 0.00458952318877, -0.00892004091293, 0.0184967983514]]
    },
    "melbands": {
        "dmean": [0.000193700485397, 0.000145097685163, 4.99538582517e-05, 4.3749485485e-05, 5.98639890086e-05, 0.000106903891719, 0.000123270903714, 0.000158070077305, 0.000128987259814, 0.000120218333905, 0.000146134058014, 0.000134708170663, 0.000115237948194, 0.000103827871499, 0.000148905266542, 7.40424075047e-05, 6.65780098643e-05, 3.359492257e-05, 2.11654223676e-05, 1.57581362146e-05, 9.3691960501e-06, 4.99818406752e-06, 2.13217026612e-06, 1.62086826094e-06, 1.13576322747e-06, 7.147522183e-07, 6.2574548565e-07, 2.68171191919e-07, 1.63053712754e-07, 1.12826882059e-07, 6.15170065998e-08, 5.90546207491e-08, 5.62205819676e-08, 4.37714930968e-08, 5.36617328351e-08, 1.20394659575e-07, 6.42300932441e-08, 6.21262543632e-08, 7.29669054067e-08, 7.85549616467e-08],
        "dmean2": [0.000326127687003, 0.000243756861892, 8.19117922219e-05, 7.19506133464e-05, 8.62481829245e-05, 0.000158719180035, 0.000152127016918, 0.000191718674614, 0.000164454962942, 0.000136143295094, 0.000172218002263, 0.000154684079462, 0.000148794817505, 0.000138347662869, 0.000193322324776, 0.000101053366961, 8.87453497853e-05, 4.34152279922e-05, 2.95256850222e-05, 2.32480524573e-05, 1.40478286994e-05, 7.67330402596e-06, 3.35990330314e-06, 2.56972907664e-06, 1.75545460479e-06, 1.09170855467e-06, 9.54001166065e-07, 4.34886032963e-07, 2.67145964017e-07, 1.90312960058e-07, 1.01515652773e-07, 9.63888169281e-08, 9.30925239118e-08, 7.09139413857e-08, 8.99557335288e-08, 1.77521698674e-07, 9.62448254427e-08, 9.60478274692e-08, 1.16494796032e-07, 1.20426236094e-07],
        "dvar": [2.39974411897e-07, 1.028951786e-07, 1.0492584579e-08, 4.7726538277e-09, 7.63911600643e-09, 4.98867755994e-08, 5.4727568255e-08, 1.32925421781e-07, 9.27403718265e-08, 1.07047121389e-07, 1.2571136665e-07, 1.01939782837e-07, 5.36480762037e-08, 3.8197530472e-08, 1.59035394631e-07, 1.99773548815e-08, 2.03630641238e-08, 3.84488352267e-09, 2.80609580017e-09, 1.08059861059e-09, 2.99784586044e-10, 7.32261334901e-11, 1.20520520647e-11, 9.61056581539e-12, 8.94551793751e-12, 3.49714463117e-12, 2.6713030659e-12, 2.48176127001e-13, 1.57897851153e-13, 6.39843199582e-14, 1.60328412195e-14, 5.12882040982e-14, 3.70148654566e-14, 3.77725499804e-14, 5.07980024147e-14, 2.02433312084e-13, 4.23279914266e-14, 4.94900615714e-14, 8.80433692532e-14, 7.96960967272e-14],
        "dvar2": [6.75391447658e-07, 2.99846959706e-07, 2.77166716245e-08, 1.33680648773e-08, 1.71298069063e-08, 1.36755261337e-07, 9.30230044105e-08, 1.9076173885e-07, 1.62417066463e-07, 1.25991121536e-07, 1.57509177257e-07, 1.18118407499e-07, 8.99454306591e-08, 6.38360759808e-08, 2.40602446411e-07, 3.29461684601e-08, 3.32232481526e-08, 6.36096775253e-09, 4.97247798492e-09, 1.99485428176e-09, 5.69317593069e-10, 1.56866589163e-10, 3.0349459057e-11, 2.41069820356e-11, 1.87574053512e-11, 7.79316021438e-12, 5.7298879183e-12, 6.12330986697e-13, 3.842620124e-13, 1.70398404046e-13, 4.34418973504e-14, 1.34057383792e-13, 9.57887130617e-14, 9.81487094831e-14, 1.37543147987e-13, 3.47145868908e-13, 9.91287808132e-14, 1.25098119797e-13, 2.33844139799e-13, 1.89018383736e-13],
        "max": [0.0106074716896, 0.00430892594159, 0.00183156109415, 0.00143464363646, 0.00329051050358, 0.00914487615228, 0.008450306952, 0.0120634976774, 0.010902158916, 0.0138213960454, 0.0144884679466, 0.0184761416167, 0.00920863542706, 0.00707898195833, 0.0191206932068, 0.00412788940594, 0.0037639895454, 0.00185868807603, 0.001972299302, 0.00189908139873, 0.000741501862649, 0.000183716925676, 6.55383701087e-05, 8.24594608275e-05, 0.000177624169737, 8.59155188664e-05, 4.17797891714e-05, 2.01388993446e-05, 1.87441019079e-05, 6.7784581006e-06, 4.19589196099e-06, 1.28207630041e-05, 1.0002120689e-05, 1.06748748294e-05, 1.11505059976e-05, 8.87968053576e-06, 6.18248304818e-06, 8.65680522111e-06, 9.20055390452e-06, 9.1547935881e-06],
        "mean": [0.00149049831089, 0.000945556734223, 0.000210393758607, 0.000168523125467, 0.000232949663769, 0.000412588182371, 0.00050622492563, 0.000610627583228, 0.000472991756396, 0.000376278563635, 0.00053233379731, 0.000547446485143, 0.000358863151632, 0.000299780309433, 0.000429325038567, 0.000238263804931, 0.000229516022955, 0.000105342718598, 6.38842466287e-05, 4.27600243711e-05, 2.17536653508e-05, 1.19512751553e-05, 5.4028496379e-06, 3.9800884224e-06, 2.4920288979e-06, 1.57794488587e-06, 1.28052602122e-06, 5.80504774916e-07, 3.98902614052e-07, 2.44109344294e-07, 1.47505517134e-07, 1.33769475497e-07, 1.26943987766e-07, 9.4857007582e-08, 9.75422125293e-08, 1.91006421346e-07, 1.15314847449e-07, 1.12143020203e-07, 1.15682084356e-07, 1.23544708686e-07],
        "median": [0.0014171381481, 0.000889710441697, 0.000155039131641, 0.000125458376715, 0.000149011888425, 0.000197760193259, 0.000185532131582, 0.000144575664308, 0.000128293744638, 0.000102966121631, 0.000106162842712, 0.000111147179268, 9.78255266091e-05, 0.000124171565403, 9.96554881567e-05, 5.9085276007e-05, 7.12403416401e-05, 4.84757947561e-05, 1.87976056623e-05, 1.27300854729e-05, 1.32396462504e-05, 5.69620533497e-06, 2.36627283812e-06, 1.95714278561e-06, 1.09735867682e-06, 7.85160352734e-07, 5.63548610444e-07, 3.54101189259e-07, 2.11195029465e-07, 1.45514519545e-07, 9.56292680598e-08, 7.96380490442e-08, 6.45713313929e-08, 4.66794887188e-08, 3.92355232748e-08, 4.05466984432e-08, 3.32976632933e-08, 3.04258485073e-08, 2.59492853871e-08, 2.15581827945e-08],
        "min": [2.10070089465e-24, 8.96677522809e-24, 3.59364993728e-24, 1.76829167248e-23, 1.55956144354e-23, 1.13105109542e-23, 1.95361198074e-23, 5.59590197703e-24, 1.13033583524e-23, 1.0354985039e-23, 3.87808399185e-24, 5.93184667656e-24, 5.37586184929e-24, 1.15085860389e-23, 7.25250317268e-24, 6.6514637381e-24, 7.4514736145e-24, 1.33809505529e-23, 2.39124187647e-23, 2.47532703368e-23, 1.9170992382e-23, 1.30196333256e-23, 1.27764133091e-23, 9.9508176762e-24, 8.44785700261e-24, 9.1902563671e-24, 1.33163286453e-23, 1.06826470934e-23, 1.08163132629e-23, 1.13265161531e-23, 1.72339365406e-23, 7.72995334695e-24, 9.88895204857e-24, 1.4346311197e-23, 1.32576500157e-23, 8.72539562401e-24, 1.18922595842e-23, 9.94943716962e-24, 1.32800583986e-23, 1.15500359463e-23],
        "var": [8.49692469274e-07, 2.59408636794e-07, 3.52615927568e-08, 2.21499067976e-08, 7.01057132346e-08, 4.02626653795e-07, 6.20259413608e-07, 1.21930338537e-06, 8.5230624336e-07, 7.8824115235e-07, 1.26850875404e-06, 1.80068400368e-06, 4.44299274704e-07, 2.40311777588e-07, 9.39211588502e-07, 1.47151155261e-07, 1.62257052239e-07, 2.45871163429e-08, 2.14355928563e-08, 6.90702028905e-09, 9.33791821645e-10, 2.78578743407e-10, 5.58907226056e-11, 3.30355846845e-11, 2.11950561269e-11, 7.37882931839e-12, 6.24318262019e-12, 6.44308608203e-13, 7.6876303717e-13, 1.637866817e-13, 4.48731899078e-14, 6.45333260571e-14, 1.26245056618e-13, 8.71295494521e-14, 9.34076898945e-14, 3.98116137496e-13, 1.11027032294e-13, 1.08381572217e-13, 1.43908200786e-13, 1.75284157848e-13]
    },
    "mfcc": {
        "mean": [-676.241271973, 183.670700073, -24.1146259308, -8.31594371796, 10.3422374725, 9.07096862793, 6.65247964859, 3.45103931427, 2.13011980057, 6.82576990128, 4.90079212189, 6.74342489243, 5.50532150269],
        "cov": [[3389.61132812, 529.176513672, -686.152038574, -232.615188599, -3.56026268005, -38.0461082458, 13.1394128799, 0.444889813662, 20.5610561371, 57.3328285217, -13.6948881149, 17.9014625549, 25.8269290924], [529.176513672, 765.280090332, -393.501403809, 33.9329566956, -23.8249588013, 22.0363140106, -31.9662532806, 9.93778705597, -0.593484342098, 28.9716625214, 19.8752326965, 15.2617549896, 19.1626415253], [-686.152038574, -393.501403809, 701.098449707, -14.4027442932, 54.0134849548, -6.00927877426, 30.645526886, -12.986333847, -6.71167707443, -35.1417427063, -13.6104669571, 4.21938562393, -26.6538696289], [-232.615188599, 33.9329566956, -14.4027442932, 227.111923218, 14.0570602417, -4.35230302811, -34.7590713501, -11.6359739304, -7.64977121353, 11.5909051895, 14.0950345993, 2.35609054565, -2.57612705231], [-3.56026268005, -23.8249588013, 54.0134849548, 14.0570602417, 136.927780151, 32.8930511475, -6.23293590546, -35.6691246033, -23.4122657776, 3.20393371582, 21.0236377716, 13.3340244293, 1.20489561558], [-38.0461082458, 22.0363140106, -6.00927877426, -4.35230302811, 32.8930511475, 148.647445679, 50.5925178528, -13.5971364975, -26.1626033783, -17.7688045502, 0.583526313305, 1.50623178482, -3.68905973434], [13.1394128799, -31.9662532806, 30.645526886, -34.7590713501, -6.23293590546, 50.5925178528, 136.177383423, 60.824092865, -7.78410959244, -38.1660041809, -35.2660140991, -14.5102643967, -14.652794838], [0.444889813662, 9.93778705597, -12.986333847, -11.6359739304, -35.6691246033, -13.5971364975, 60.824092865, 120.787765503, 47.0221672058, -20.8827533722, -43.4057846069, -26.5055027008, -14.6160373688], [20.5610561371, -0.593484342098, -6.71167707443, -7.64977121353, -23.4122657776, -26.1626033783, -7.78410959244, 47.0221672058, 102.042198181, 38.5611419678, -20.2964420319, -35.881942749, -20.5648899078], [57.3328285217, 28.9716625214, -35.1417427063, 11.5909051895, 3.20393371582, -17.7688045502, -38.1660041809, -20.8827533722, 38.5611419678, 100.931282043, 48.6081466675, -4.63961362839, -5.03777837753], [-13.6948881149, 19.8752326965, -13.6104669571, 14.0950345993, 21.0236377716, 0.583526313305, -35.2660140991, -43.4057846069, -20.2964420319, 48.6081466675, 112.918884277, 58.6863670349, 19.3414936066], [17.9014625549, 15.2617549896, 4.21938562393, 2.35609054565, 13.3340244293, 1.50623178482, -14.5102643967, -26.5055027008, -35.881942749, -4.63961362839, 58.6863670349, 117.875526428, 59.4463653564], [25.8269290924, 19.1626415253, -26.6538696289, -2.57612705231, 1.20489561558, -3.68905973434, -14.652794838, -14.6160373688, -20.5648899078, -5.03777837753, 19.3414936066, 59.4463653564, 114.015724182]],
