{
"lowlevel": {
    "average_loudness": 0.259399980307,
    "barkbands_crest": {
        "dmean": 2.40113687515,
        "dmean2": 3.96864318848,
        "dvar": 4.81913757324,
        "dvar2": 13.1568517685,
        "max": 26.7840900421,
        "mean": 11.0820150375,
        "median": 10.2918663025,
        "min": 2.8089928627,
        "var": 18.9369125366
    },
    "barkbands_flatness_db": {
        "dmean": 0.0184938982129,
        "dmean2": 0.0287856087089,
        "dvar": 0.000360520614777,
        "dvar2": 0.000814302125946,
        "max": 0.425505191088,
        "mean": 0.184584707022,
        "median": 0.181125327945,
        "min": 0.024743789807,
        "var": 0.00374213280156
    },
    "barkbands_kurtosis": {
        "dmean": 3.185308218,
        "dmean2": 5.07190275192,
        "dvar": 41.138874054,
        "dvar2": 95.114440918,
        "max": 337.428771973,
        "mean": 8.54357814789,
        "median": 4.19332647324,
        "min": -1.94428503513,
        "var": 628.54284668
    },
    "barkbands_skewness": {
        "dmean": 0.485043764114,
        "dmean2": 0.767370223999,
        "dvar": 0.303930193186,
        "dvar2": 0.700999319553,
        "max": 17.7831993103,
        "mean": 1.63308107853,
        "median": 1.45085442066,
        "min": -4.29760599136,
        "var": 3.23883509636
    },
    "barkbands_spread": {
        "dmean": 3.74519634247,
        "dmean2": 5.81574773788,
        "dvar": 53.9412231445,
        "dvar2": 106.344009399,
        "max": 122.22467804,
        "mean": 14.2098379135,
        "median": 10.8634643555,
        "min": 0.538682579994,
        "var": 189.964691162
    },
    "dissonance": {
        "dmean": 0.026532009244,
        "dmean2": 0.0440481007099,
        "dvar": 0.000620084465481,
        "dvar2": 0.0016076285392,
        "max": 0.500000238419,
        "mean": 0.43324521184,
        "median": 0.441897153854,
        "min": 0.157224938273,
        "var": 0.00217966083437
    },
    "dynamic_complexity": 5.23464345932,
    "erbbands_crest": {
        "dmean": 2.48284435272,
        "dmean2": 3.87416934967,
        "dvar": 6.23604631424,
        "dvar2": 14.7581882477,
        "max": 31.3257770538,
        "mean": 10.9950809479,
        "median": 9.74032497406,
        "min": 1.8450460434,
        "var": 25.4490242004
    },
    "erbbands_flatness_db": {
        "dmean": 0.0154355503619,
        "dmean2": 0.0227412488312,
        "dvar": 0.000289795920253,
        "dvar2": 0.000563181063626,
        "max": 0.450381815434,
        "mean": 0.206888571382,
        "median": 0.200991243124,
        "min": 0.0211513582617,
        "var": 0.00597691722214
    },
    "erbbands_kurtosis": {
        "dmean": 1.58096659184,
        "dmean2": 2.40590000153,
        "dvar": 6.95080900192,
        "dvar2": 15.9645299911,
        "max": 74.6215057373,
        "mean": 2.57624983788,
        "median": 1.00604581833,
        "min": -1.90750575066,
        "var": 25.4167385101
    },
    "erbbands_skewness": {
        "dmean": 0.370950073004,
        "dmean2": 0.550608813763,
        "dvar": 0.172885835171,
        "dvar2": 0.336645662785,
        "max": 6.92740249634,
        "mean": 0.974634408951,
        "median": 0.921093165874,
        "min": -4.37459611893,
        "var": 1.07538795471
    },
    "erbbands_spread": {
        "dmean": 5.53962278366,
        "dmean2": 8.4767036438,
        "dvar": 95.4243087769,
        "dvar2": 210.972961426,
        "max": 203.264724731,
        "mean": 26.4344291687,
        "median": 23.4511547089,
        "min": 2.01614809036,
        "var": 321.332977295
    },
    "hfc": {
        "dmean": 4.0376124382,
        "dmean2": 5.46524715424,
        "dvar": 156.658203125,
        "dvar2": 230.781204224,
        "max": 416.553924561,
        "mean": 14.9677305222,
        "median": 7.95533132553,
        "min": 1.2191507999e-16,
        "var": 634.619812012
    },
    "melbands_crest": {
        "dmean": 3.35004734993,
        "dmean2": 5.6397819519,
        "dvar": 11.4063606262,
        "dvar2": 34.7498321533,
        "max": 39.5003623962,
        "mean": 14.9177007675,
        "median": 13.7204246521,
        "min": 2.96991419792,
        "var": 32.8788261414
    },
    "melbands_flatness_db": {
        "dmean": 0.0211178734899,
        "dmean2": 0.0325114876032,
        "dvar": 0.000518478569575,
        "dvar2": 0.00113523786422,
        "max": 0.525041759014,
        "mean": 0.264136791229,
        "median": 0.261624932289,
        "min": 0.00657126586884,
        "var": 0.0042120302096
    },
    "melbands_kurtosis": {
        "dmean": 5.46486854553,
        "dmean2": 8.7195148468,
        "dvar": 235.888870239,
        "dvar2": 582.719177246,
        "max": 669.144104004,
        "mean": 13.2424983978,
        "median": 6.6646604538,
        "min": -1.78937232494,
        "var": 1119.90515137
    },
    "melbands_skewness": {
        "dmean": 0.565403282642,
        "dmean2": 0.88827174902,
        "dvar": 0.531221568584,
        "dvar2": 1.25340306759,
        "max": 20.8221683502,
        "mean": 2.0763604641,
        "median": 1.80492544174,
        "min": -2.93348312378,
        "var": 3.66422891617
    },
    "melbands_spread": {
        "dmean": 4.37702608109,
        "dmean2": 6.58389520645,
        "dvar": 112.899085999,
        "dvar2": 201.180969238,
        "max": 251.432388306,
        "mean": 16.5030040741,
        "median": 11.4664459229,
        "min": 0.472065985203,
        "var": 449.849853516
    },
    "pitch_salience": {
        "dmean": 0.0683752819896,
        "dmean2": 0.115167170763,
        "dvar": 0.00400134641677,
        "dvar2": 0.0114779146388,
        "max": 0.92688369751,
        "mean": 0.573056221008,
        "median": 0.58500868082,
        "min": 0.0247587971389,
        "var": 0.013750962913
    },
    "silence_rate_20dB": {
        "dmean": 0,
        "dmean2": 0,
        "dvar": 0,
        "dvar2": 0,
        "max": 1,
        "mean": 1,
        "median": 1,
        "min": 1,
        "var": 0
    },
    "silence_rate_30dB": {
        "dmean": 0.0113581046462,
        "dmean2": 0.0227180533111,
        "dvar": 0.0112286144868,
        "dvar2": 0.0257727522403,
        "max": 1,
        "mean": 0.986858129501,
        "median": 1,
        "min": 0,
        "var": 0.0129686659202
    },
    "silence_rate_60dB": {
        "dmean": 0.0183352269232,
        "dmean2": 0.0366734266281,
        "dvar": 0.017998630181,
        "dvar2": 0.03970798105,
        "max": 1,
        "mean": 0.226656928658,
        "median": 0,
        "min": 0,
        "var": 0.175297230482
    },
    "spectral_centroid": {
        "dmean": 135.639099121,
        "dmean2": 196.788604736,
        "dvar": 77420.421875,
        "dvar2": 116764.90625,
        "max": 11153.6933594,
        "mean": 971.626586914,
        "median": 704.270202637,
        "min": 142.482894897,
        "var": 519028.375
    },
    "spectral_complexity": {
        "dmean": 1.62680518627,
        "dmean2": 2.64843821526,
        "dvar": 3.44099640846,
        "dvar2": 7.30906486511,
        "max": 40,
        "mean": 10.9600877762,
        "median": 10,
        "min": 0,
        "var": 41.7896690369
    },
    "spectral_decrease": {
        "dmean": 1.81962112045e-09,
        "dmean2": 2.97071767186e-09,
        "dvar": 1.26342450068e-17,
        "dvar2": 3.29912649336e-17,
        "max": 5.78369466435e-20,
        "mean": -6.34091357199e-09,
        "median": -4.53150006408e-09,
        "min": -9.13509694556e-08,
        "var": 4.61462623222e-17
    },
    "spectral_energy": {
        "dmean": 0.00709097506478,
        "dmean2": 0.0115119656548,
        "dvar": 0.000185793862329,
        "dvar2": 0.000484256830532,
        "max": 0.353283494711,
        "mean": 0.0252897087485,
        "median": 0.0183903984725,
        "min": 1.10934242081e-20,
        "var": 0.000709073501639
    },
    "spectral_energyband_high": {
        "dmean": 0.000278857827652,
        "dmean2": 0.000343117018929,
        "dvar": 2.04546631721e-06,
        "dvar2": 2.67034511126e-06,
        "max": 0.0485763810575,
        "mean": 0.000641085440293,
        "median": 5.72222306801e-05,
        "min": 8.13178318864e-21,
        "var": 7.75640182837e-06
    },
    "spectral_energyband_low": {
        "dmean": 0.00454717082903,
        "dmean2": 0.00806711800396,
        "dvar": 0.000114031783596,
        "dvar2": 0.000312151387334,
        "max": 0.186244428158,
        "mean": 0.00800774153322,
        "median": 0.00301844836213,
        "min": 1.02162434962e-22,
        "var": 0.000178947884706
    },
    "spectral_energyband_middle_high": {
        "dmean": 0.000643699546345,
        "dmean2": 0.000989901949652,
        "dvar": 1.55839961735e-06,
        "dvar2": 3.56874170393e-06,
        "max": 0.0516830906272,
        "mean": 0.00253038201481,
        "median": 0.00114026677329,
        "min": 1.519390936e-21,
        "var": 1.71838855749e-05
    },
    "spectral_energyband_middle_low": {
        "dmean": 0.00421303557232,
        "dmean2": 0.00646588020027,
        "dvar": 7.79267211328e-05,
        "dvar2": 0.000202138893656,
        "max": 0.27043107152,
        "mean": 0.0146390683949,
        "median": 0.00783198326826,
        "min": 4.06110895153e-22,
        "var": 0.000326801877236
    },
    "spectral_entropy": {
        "dmean": 0.148723170161,
        "dmean2": 0.214171767235,
        "dvar": 0.0345012135804,
        "dvar2": 0.0586866177619,
        "max": 9.81386375427,
        "mean": 6.93861484528,
        "median": 6.91500616074,
        "min": 5.28551769257,
        "var": 0.313131690025
    },
    "spectral_flux": {
        "dmean": 0.0161344781518,
        "dmean2": 0.0260306373239,
        "dvar": 0.000656608259305,
        "dvar2": 0.00144276476931,
        "max": 0.492176532745,
        "mean": 0.0595362260938,
        "median": 0.0495720878243,
        "min": 1.05325324851e-10,
        "var": 0.00240476359613
    },
    "spectral_kurtosis": {
        "dmean": 3.78083229065,
        "dmean2": 6.40895795822,
        "dvar": 22.9704208374,
        "dvar2": 67.44947052,
        "max": 66.4538955688,
        "mean": 10.3128681183,
        "median": 8.61808681488,
        "min": -1.50721371174,
        "var": 53.4007987976
    },
    "spectral_rms": {
        "dmean": 0.000587432063185,
        "dmean2": 0.000940828293096,
        "dvar": 6.17251657786e-07,
        "dvar2": 1.59893602358e-06,
        "max": 0.0185652039945,
        "mean": 0.00425677979365,
        "median": 0.00423578266054,
        "min": 3.28981048132e-12,
        "var": 6.55272788208e-06
    },
    "spectral_rolloff": {
        "dmean": 278.951538086,
        "dmean2": 468.267028809,
        "dvar": 912432.625,
        "dvar2": 1800889.375,
        "max": 18992.2851562,
        "mean": 1143.64416504,
        "median": 624.462890625,
        "min": 21.533203125,
        "var": 2629923.5
    },
    "spectral_skewness": {
        "dmean": 0.352663248777,
        "dmean2": 0.575533211231,
        "dvar": 0.154886633158,
        "dvar2": 0.410780698061,
        "max": 6.75296354294,
        "mean": 2.29117250443,
        "median": 2.27078795433,
        "min": -0.126693844795,
        "var": 0.618893861771
    },
    "spectral_spread": {
        "dmean": 495333.53125,
        "dmean2": 706957,
        "dvar": 929610203136,
        "dvar2": 1.56003939123e+12,
        "max": 40125248,
        "mean": 3943317.5,
        "median": 3311464,
        "min": 1192512.75,
        "var": 5.54381554483e+12
    },
    "spectral_strongpeak": {
        "dmean": 0.438782811165,
        "dmean2": 0.738426268101,
        "dvar": 0.624823689461,
        "dvar2": 1.64444506168,
        "max": 23.6215362549,
        "mean": 1.04331719875,
        "median": 0.532375454903,
        "min": 0,
        "var": 1.7940967083
    },
    "zerocrossingrate": {
        "dmean": 0.0080269696191,
        "dmean2": 0.00915793795139,
        "dvar": 0.000273558951449,
        "dvar2": 0.000245320261456,
        "max": 0.5078125,
        "mean": 0.0471596419811,
        "median": 0.03759765625,
        "min": 0,
        "var": 0.00194480305072
    },
    "barkbands": {
        "dmean": [0.000949789129663, 0.00323820626363, 0.00114620476961, 0.00109823339153, 0.00134731805883, 0.00185061048251, 0.000697143666912, 0.00119182572234, 0.000596320664044, 0.000167225065525, 0.000202030321816, 0.000181144307135, 0.000221317619435, 0.000150332038174, 7.50301114749e-05, 6.5618653025e-05, 4.46072008344e-05, 5.49974211026e-05, 2.68832664005e-05, 3.27068482875e-05, 3.68584769603e-05, 6.91079112585e-05, 1.6387202777e-05, 8.69871801115e-05, 8.31430079415e-05, 2.83824374492e-05, 1.02949279608e-05],
        "dmean2": [0.00163138890639, 0.00575472367927, 0.00209973030724, 0.00189191754907, 0.00205447711051, 0.00274750660174, 0.000985023449175, 0.00171671679709, 0.00091948203044, 0.000257882522419, 0.000296035665087, 0.000297963386402, 0.000337810372002, 0.000246511597652, 0.000116822724522, 0.000107964639028, 7.12594701326e-05, 8.71679876582e-05, 4.23538767791e-05, 5.03058254253e-05, 5.30233046447e-05, 9.354793292e-05, 2.37311433011e-05, 0.000116294766485, 0.000113408714242, 3.87001855415e-05, 1.41713053381e-05],
        "dvar": [3.31887645189e-06, 5.20285211678e-05, 3.11122530547e-05, 2.14494084503e-05, 9.45010197029e-06, 1.54285025928e-05, 3.30991838382e-06, 9.84139114735e-06, 2.69963948085e-06, 2.0848118254e-07, 3.3272976907e-07, 2.2437920677e-07, 5.19966363299e-07, 1.96965615373e-07, 3.97097075222e-08, 2.65956447976e-08, 1.22177175044e-08, 3.54562565974e-08, 2.42893065661e-08, 3.60988963166e-08, 3.91882473139e-08, 1.74002451558e-07, 3.52484885724e-09, 3.75937247554e-07, 2.84269674466e-07, 2.41686510805e-08, 3.60728491522e-09],
        "dvar2": [9.78059870249e-06, 0.000142537115607, 9.22715917113e-05, 6.36883123661e-05, 2.43544945988e-05, 3.47311724909e-05, 6.07564061283e-06, 2.03514264285e-05, 6.89263015374e-06, 4.61720105704e-07, 6.13488680301e-07, 6.04758042755e-07, 1.09566769879e-06, 5.30437262114e-07, 8.94291360964e-08, 6.84531755724e-08, 3.16962704972e-08, 8.73061054563e-08, 5.73007170601e-08, 7.63753718047e-08, 7.80825857305e-08, 2.84266803874e-07, 7.21543180759e-09, 7.08453967491e-07, 5.43236865269e-07, 4.61869653634e-08, 8.08854849765e-09],
        "max": [0.0318864025176, 0.125772923231, 0.108869791031, 0.135918021202, 0.0585509538651, 0.0736531838775, 0.0718866959214, 0.0882015228271, 0.0373081415892, 0.0335133932531, 0.0460790991783, 0.0187070667744, 0.038589771837, 0.0122477691621, 0.0076874839142, 0.00422940496355, 0.00377691956237, 0.00884316582233, 0.0089203575626, 0.00944432336837, 0.0065569463186, 0.0175817701966, 0.00109435804188, 0.0364976115525, 0.0169322378933, 0.00586369633675, 0.00229060067795],
        "mean": [0.00141676981002, 0.00472075166181, 0.00136954314075, 0.00192247016821, 0.00309426267631, 0.00396491540596, 0.00146099750418, 0.00294885318726, 0.00118694640696, 0.000356598960934, 0.000543189176824, 0.000319087004755, 0.000503012852278, 0.000265066832071, 0.000147186714457, 0.000135153459269, 9.48037923081e-05, 0.000115097929665, 5.7238547015e-05, 5.80155028729e-05, 7.07119179424e-05, 0.000138668328873, 3.96649193135e-05, 0.000155886358698, 0.000136751114042, 4.67079553346e-05, 2.13137645915e-05],
        "median": [0.000272493227385, 0.000324131688103, 0.000529106357135, 0.000653255498037, 0.00125734915491, 0.00109659228474, 0.000418209907366, 0.000366997002857, 0.000144962541526, 0.000139405077789, 0.00013218143431, 0.000117841394967, 7.27275473764e-05, 6.91938912496e-05, 3.77245851269e-05, 4.59810034954e-05, 4.10943903262e-05, 4.23113051511e-05, 1.64485427376e-05, 8.14840313978e-06, 3.54637063538e-06, 7.34181458029e-06, 3.372758556e-06, 5.69766598346e-06, 3.5323037082e-06, 1.43332999869e-06, 1.7932559615e-07],
        "min": [2.47029252338e-23, 5.70053735525e-23, 2.05957430189e-23, 4.28728310389e-24, 3.29833504536e-23, 5.7841061241e-23, 1.00371537691e-22, 7.70185790804e-23, 1.19985175704e-22, 2.69418781436e-23, 1.28952706661e-22, 5.30825891518e-23, 9.23693894666e-23, 7.59168622511e-23, 1.20407235221e-22, 1.6089487116e-22, 1.52032290258e-22, 1.60426653814e-22, 3.79337334683e-22, 3.35224687247e-22, 4.07435020271e-22, 6.19740183816e-22, 5.74894110308e-22, 1.04559516933e-21, 1.39762635515e-21, 1.60471201105e-21, 2.55846579761e-21],
        "var": [5.91143952988e-06, 7.43729033275e-05, 1.92364241229e-05, 1.72385698534e-05, 2.43653630605e-05, 5.38632302778e-05, 1.09297661766e-05, 5.1185812481e-05, 7.34572495276e-06, 5.62884451938e-07, 4.40871917817e-06, 4.48634722261e-07, 4.02747537009e-06, 3.87247041544e-07, 1.18264040339e-07, 5.59906609965e-08, 3.01572455896e-08, 9.13714472972e-08, 6.88981955932e-08, 7.77860904577e-08, 1.11406329495e-07, 6.11983523413e-07, 1.37135778289e-08, 8.45215367917e-07, 6.2426806835e-07, 4.68772007878e-08, 7.78032749338e-09]
    },
    "erbbands": {
        "dmean": [0.180712014437, 0.430848896503, 1.04174149036, 2.6543610096, 3.86034655571, 3.97473621368, 8.48701763153, 19.4642410278, 11.6146230698, 15.7751636505, 20.4328231812, 12.546713829, 8.05777549744, 7.28503656387, 6.16260957718, 5.84471321106, 8.3914270401, 8.63097572327, 4.88675403595, 3.14840126038, 3.70640540123, 2.5520966053, 3.289041996, 1.2947422266, 1.40082132816, 1.40555691719, 1.40211939812, 1.7780816555, 2.80884718895, 1.24723434448, 0.382169336081, 1.69592034817, 1.40286850929, 1.26575899124, 0.388161659241, 0.155183717608, 0.0497905984521, 0.0108571518213, 0.00208850903437, 7.00997261447e-05],
        "dmean2": [0.325529932976, 0.742345333099, 1.88699352741, 4.74826478958, 5.95504140854, 6.35464000702, 12.5719032288, 29.00639534, 16.4592723846, 22.0022315979, 29.6197319031, 19.415102005, 12.4988212585, 10.6756868362, 9.69272518158, 9.4567565918, 12.9769735336, 13.6852302551, 7.81829023361, 4.84905576706, 6.11940813065, 4.11184358597, 5.20553588867, 2.05184435844, 2.14646339417, 2.08806777, 2.06538057327, 2.45868039131, 3.8114759922, 1.74802076817, 0.541658043861, 2.34360480309, 1.8671412468, 1.73452746868, 0.545325040817, 0.21756067872, 0.0688315108418, 0.0145822819322, 0.00288915913552, 9.84797879937e-05],
        "dvar": [0.139732778072, 1.80888068676, 28.9517612457, 145.050872803, 127.340248108, 112.095947266, 396.555786133, 2100.03344727, 758.724243164, 1886.24499512, 2590.10522461, 1294.8795166, 511.293121338, 394.033233643, 193.13961792, 298.057006836, 912.711486816, 640.211914062, 155.977432251, 65.3088912964, 79.9547729492, 35.8222007751, 143.446228027, 18.2117443085, 90.8777770996, 78.2458877563, 64.7241821289, 106.205329895, 287.136505127, 35.5831642151, 1.81544303894, 186.350616455, 74.3818740845, 69.5226364136, 6.23963689804, 0.781987190247, 0.0771747305989, 0.00358393322676, 0.000164666154888, 2.02639043323e-07],
        "dvar2": [0.412839442492, 4.76807832718, 84.5524673462, 430.524780273, 348.623779297, 303.270690918, 902.993591309, 4690.23632812, 1408.85925293, 3431.18017578, 5363.10302734, 3444.05834961, 1260.43591309, 794.150939941, 449.745483398, 795.328857422, 2034.79931641, 1669.19885254, 375.256469727, 148.460632324, 209.725692749, 95.4716567993, 347.77331543, 44.500125885, 209.668273926, 155.897491455, 132.485794067, 191.654449463, 483.683990479, 66.842590332, 3.33790588379, 386.615020752, 128.32850647, 133.976348877, 12.6095170975, 1.52435362339, 0.14935746789, 0.00665327953175, 0.000383808364859, 4.6796691322e-07],
        "max": [5.11803531647, 27.169927597, 103.590827942, 295.105682373, 308.471282959, 231.731613159, 544.424804688, 924.43762207, 1298.5526123, 1552.00183105, 1550.13183594, 1027.53430176, 606.258422852, 1023.03839111, 786.309143066, 681.459289551, 1541.33740234, 817.896606445, 367.163665771, 281.735015869, 217.594985962, 173.050720215, 549.39855957, 172.244369507, 550.936889648, 516.858764648, 332.919799805, 373.460449219, 740.628112793, 322.21786499, 37.2796401978, 924.940673828, 336.797515869, 282.923187256, 106.257957458, 33.0352134705, 10.2860984802, 3.03420853615, 0.497538328171, 0.0220406223089],
        "mean": [0.230293110013, 0.706398189068, 1.42424726486, 4.2062702179, 9.25082683563, 8.11937427521, 17.8660945892, 40.8808784485, 25.6957626343, 41.569606781, 49.3605194092, 26.0764980316, 16.2986888885, 19.6893157959, 15.138209343, 11.1103372574, 18.5155067444, 18.2686634064, 10.092045784, 7.20121049881, 7.95638895035, 6.11395454407, 7.34376335144, 2.9669983387, 2.93186903, 2.56196808815, 2.63093948364, 3.54451060295, 5.45598268509, 2.64598584175, 0.917553305626, 2.89068078995, 2.53512883186, 2.05053305626, 0.631970584393, 0.251276165247, 0.0792475342751, 0.0191524028778, 0.00476157385856, 0.000158599505085],
        "median": [0.0127403652295, 0.0727217420936, 0.638378918171, 2.07498383522, 2.91887044907, 3.2906870842, 5.3809466362, 8.78535366058, 8.95906734467, 9.29485988617, 8.04809379578, 3.5621304512, 4.88914251328, 6.40150594711, 5.95638179779, 4.36400222778, 3.57602834702, 3.71606135368, 3.75817298889, 2.24885606766, 2.95627450943, 3.02443265915, 2.82996916771, 1.11599719524, 0.625761806965, 0.371422618628, 0.179564610124, 0.145661041141, 0.259124577045, 0.186969310045, 0.100519493222, 0.111172713339, 0.0895644873381, 0.0441341921687, 0.0216217506677, 0.00822788849473, 0.00199343473651, 0.000324089050991, 4.81025053887e-05, 3.0733186577e-05],
        "min": [1.7690444856e-21, 1.23653662651e-20, 2.68008925692e-20, 1.86901184757e-20, 3.84133209129e-20, 1.49716330451e-19, 1.66547284567e-19, 5.34842938259e-19, 1.51208936507e-18, 8.13042906812e-19, 3.35916144242e-18, 2.13881340612e-18, 1.00087654707e-18, 2.79191820146e-18, 3.69145271579e-18, 2.08341008947e-18, 3.67046714365e-18, 4.87622433433e-18, 5.33639607603e-18, 5.58269323932e-18, 1.03931984876e-17, 9.19764456974e-18, 8.93765508577e-18, 1.8565666839e-17, 1.5595795618e-17, 1.50327354294e-17, 1.53123406744e-17, 1.86341011454e-17, 2.45082547823e-17, 1.82913257714e-17, 1.61667653076e-17, 1.70253688573e-17, 2.03554623458e-17, 1.42415586802e-17, 1.02298832561e-17, 5.42981950877e-18, 3.1275895416e-18, 1.30135073176e-18, 3.50625938434e-19, 3.91859754597e-20],
        "var": [0.180022314191, 2.11835479736, 18.6646213531, 97.1284713745, 279.499969482, 219.128189087, 1214.54345703, 7199.48144531, 2686.71166992, 10408.8261719, 10665.9970703, 3468.66381836, 1274.13220215, 2786.75952148, 1572.21838379, 648.163452148, 4479.46240234, 2676.32470703, 377.608459473, 224.492126465, 162.740921021, 92.906539917, 379.429534912, 52.677936554, 265.91506958, 166.052017212, 165.590423584, 348.552825928, 964.949645996, 106.7213974, 6.46343755722, 336.114379883, 202.062591553, 158.030212402, 11.4646549225, 1.41676390171, 0.146475702524, 0.00800624862313, 0.0004099101061, 3.67622988051e-07]
    },
    "gfcc": {
        "mean": [-79.804977417, 113.26599884, -116.9217453, 4.71779966354, -49.9161224365, 3.72137665749, -36.8874969482, 7.72247362137, -12.6010951996, -1.38291656971, -7.23353672028, 2.701359272, -8.65374851227],
        "cov": [[19745.5761719, -734.953125, 4234.81005859, 604.647521973, -935.117797852, 842.441650391, -960.286071777, 247.795410156, -178.878311157, 658.859069824, -616.327148438, -125.967018127, -408.895874023], [-734.953125, 3220.61523438, 109.458930969, 59.5044250488, 469.544464111, -625.020996094, -144.601501465, -84.5879364014, 133.383880615, -409.147979736, 59.0836982727, -204.900863647, 102.087532043], [4234.81005859, 109.458930969, 3656.24169922, 400.829681396, -241.429824829, 338.083129883, -550.560119629, 134.491607666, -129.102996826, 255.604873657, -298.276855469, -96.6118774414, -62.452922821], [604.647521973, 59.5044250488, 400.829681396, 383.626495361, 15.5808076859, 67.7458724976, -19.9153156281, 2.99931454659, 11.9219446182, 60.1075553894, -9.88969326019, -17.3097648621, 30.9584407806], [-935.117797852, 469.544464111, -241.429824829, 15.5808076859, 365.929931641, -113.790664673, 132.84387207, -8.84007358551, 48.5388259888, -75.3769607544, 59.0691375732, -5.74347400665, 46.3421287537], [842.441650391, -625.020996094, 338.083129883, 67.7458724976, -113.790664673, 384.820953369, 45.9754371643, 51.5713195801, -32.4764785767, 137.21321106, -28.2745342255, 42.5035934448, -11.6419639587], [-960.286071777, -144.601501465, -550.560119629, -19.9153156281, 132.84387207, 45.9754371643, 420.579620361, -24.655040741, 88.3986053467, 22.7602958679, 42.0169067383, 34.9061546326, 26.3189582825], [247.795410156, -84.5879364014, 134.491607666, 2.99931454659, -8.84007358551, 51.5713195801, -24.655040741, 124.166061401, 11.9783172607, 34.3595161438, -13.1531610489, -4.84257602692, -11.6301403046], [-178.878311157, 133.383880615, -129.102996826, 11.9219446182, 48.5388259888, -32.4764785767, 88.3986053467, 11.9783172607, 156.354751587, 19.9250335693, 29.9083652496, -11.6015901566, -17.789932251], [658.859069824, -409.147979736, 255.604873657, 60.1075553894, -75.3769607544, 137.21321106, 22.7602958679, 34.3595161438, 19.9250335693, 196.129730225, -3.63105177879, 28.6468238831, -22.0119056702], [-616.327148438, 59.0836982727, -298.276855469, -9.88969326019, 59.0691375732, -28.2745342255, 42.0169067383, -13.1531610489, 29.9083652496, -3.63105177879, 137.069900513, 30.2513504028, 37.4637794495], [-125.967018127, -204.900863647, -96.6118774414, -17.3097648621, -5.74347400665, 42.5035934448, 34.9061546326, -4.84257602692, -11.6015901566, 28.6468238831, 30.2513504028, 113.700737, 21.4619808197], [-408.895874023, 102.087532043, -62.452922821, 30.9584407806, 46.3421287537, -11.6419639587, 26.3189582825, -11.6301403046, -17.789932251, -22.0119056702, 37.4637794495, 21.4619808197, 123.209732056]],
        "icov": [[8.8460452389e-05, -5.06825272168e-05, -2.48287888098e-05, -5.85712587053e-05, 9.46303189266e-05, -0.000126711063785, 0.000113162648631, -6.46402622806e-06, 1.19527730931e-05, -0.000211632650462, 0.000212996616028, -4.0734968934e-05, 0.000171598236193], [-5.06825272168e-05, 0.000805664050858, -0.000192868305021, -5.34203718416e-05, -0.000603016931564, 0.000761299335863, 0.000126529543195, 0.000195192013052, -0.000718759722076, 0.00120933598373, -0.000430352316471, 0.000711010186933, -0.000510668905918], [-2.48287888098e-05, -0.000192868305021, 0.000633973511867, -0.000294694269542, -0.000136797214509, -0.000498188252095, 0.000703687022906, -0.000105854785943, 0.000128128798679, -0.000839072163217, 0.00103630172089, 5.24831339135e-05, -0.000138774266816], [-5.85712587053e-05, -5.34203718416e-05, -0.000294694269542, 0.00335320667364, -0.000422666344093, -0.000402484409278, 1.68091792148e-05, 0.00059818814043, -0.00048160777078, -0.000736238376703, -0.000217719527427, 0.000672977417707, -0.00122031767387], [9.46303189266e-05, -0.000603016931564, -0.000136797214509, -0.000422666344093, 0.0046882876195, 0.000547477335203, -0.00174994731788, -0.000998588162474, 0.000366403575754, 0.000532799458597, -0.00106932001654, -0.000442011019913, -3.13195268973e-05], [-0.000126711063785, 0.000761299335863, -0.000498188252095, -0.000402484409278, 0.000547477335203, 0.00532985804603, -0.00156424741726, -0.0012643878581, 0.000898205908015, -0.000427767343353, -0.000839268439449, -0.000306706439005, -0.000328326161252], [0.000113162648631, 0.000126529543195, 0.000703687022906, 1.68091792148e-05, -0.00174994731788, -0.00156424741726, 0.00484198052436, 0.00123988918494, -0.00232215202413, -0.00118451099843, 0.00181174592581, -0.000245688745053, -0.000838691892568], [-6.46402622806e-06, 0.000195192013052, -0.000105854785943, 0.00059818814043, -0.000998588162474, -0.0012643878581, 0.00123988918494, 0.00947633292526, -0.00167123437859, -0.000865719222929, 0.000642908795271, 0.000708231818862, -0.000216197091504], [1.19527730931e-05, -0.000718759722076, 0.000128128798679, -0.00048160777078, 0.000366403575754, 0.000898205908015, -0.00232215202413, -0.00167123437859, 0.00965649727732, -0.00231051049195, -0.00181619357318, 0.000651697569992, 0.00252672447823], [-0.000211632650462, 0.00120933598373, -0.000839072163217, -0.000736238376703, 0.000532799458597, -0.000427767343353, -0.00118451099843, -0.000865719222929, -0.00231051049195, 0.0107933711261, -0.00257246638648, -0.000729719176888, 0.000489785685204], [0.000212996616028, -0.000430352316471, 0.00103630172089, -0.000217719527427, -0.00106932001654, -0.000839268439449, 0.00181174592581, 0.000642908795271, -0.00181619357318, -0.00257246638648, 0.0119272926822, -0.00223404960707, -0.00231933081523], [-4.0734968934e-05, 0.000711010186933, 5.24831339135e-05, 0.000672977417707, -0.000442011019913, -0.000306706439005, -0.000245688745053, 0.000708231818862, 0.000651697569992, -0.000729719176888, -0.00223404960707, 0.0115959905088, -0.00198708265088], [0.000171598236193, -0.000510668905918, -0.000138774266816, -0.00122031767387, -3.13195268973e-05, -0.000328326161252, -0.000838691892568, -0.000216197091504, 0.00252672447823, 0.000489785685204, -0.00231933081523, -0.00198708265088, 0.0109883211553]]
    },
    "melbands": {
        "dmean": [0.00118326791562, 0.000498798734043, 0.000496232067235, 0.000269492564257, 0.000274852471193, 0.000402321107686, 0.00016953710292, 0.000211098129512, 0.000148584411363, 8.45622998895e-05, 4.11075270677e-05, 3.00159226754e-05, 2.20866040763e-05, 2.20533893298e-05, 1.35978407343e-05, 2.52913978329e-05, 1.49053694258e-05, 9.1208039521e-06, 6.08936034041e-06, 3.8579505599e-06, 4.50971219834e-06, 2.67478412752e-06, 3.36953485203e-06, 2.40051781475e-06, 1.06204981876e-06, 1.14404519991e-06, 1.08923018161e-06, 1.0070582448e-06, 1.00188049146e-06, 9.526733038e-07, 1.24501241316e-06, 1.87673049368e-06, 1.2374060816e-06, 5.8831409433e-07, 1.8357928866e-07, 3.92065487631e-07, 1.42823262195e-06, 1.13791838885e-06, 9.57955307967e-07, 1.1675361975e-06],
        "dmean2": [0.00211874791421, 0.000876056205016, 0.000859380117618, 0.000423999881605, 0.000411668239394, 0.000597900303546, 0.000240997833316, 0.000298884115182, 0.000216684013139, 0.000132102344651, 6.37234261376e-05, 4.4266191253e-05, 3.31949304382e-05, 3.64032021025e-05, 2.10834659811e-05, 3.91961475543e-05, 2.38401244133e-05, 1.47211003423e-05, 9.4434908533e-06, 6.18690364718e-06, 7.45472925701e-06, 4.28699195254e-06, 5.44970271221e-06, 3.75772265215e-06, 1.73267198988e-06, 1.81000359589e-06, 1.69421514329e-06, 1.52809820975e-06, 1.53759026489e-06, 1.43548720644e-06, 1.75598415808e-06, 2.56966654888e-06, 1.8178557184e-06, 8.34228956137e-07, 2.85022053959e-07, 5.73269289816e-07, 2.0130548819e-06, 1.574800649e-06, 1.32089451199e-06, 1.62360026934e-06],
        "dvar": [6.18729245616e-06, 5.04258468936e-06, 4.26620317739e-06, 4.58304668882e-07, 4.25594691933e-07, 8.22401489131e-07, 1.47630885294e-07, 3.2385125337e-07, 1.33427619176e-07, 6.28402574421e-08, 1.33940796232e-08, 6.53633591696e-09, 3.65045260686e-09, 2.9126969725e-09, 3.55213414238e-09, 6.36844887936e-09, 1.90298776737e-09, 6.23498586094e-10, 2.82235346205e-10, 1.14064112322e-10, 1.25374155502e-10, 3.73971166534e-11, 1.37977726467e-10, 6.82120887552e-11, 1.44156622403e-11, 7.1305093774e-11, 3.00574148904e-11, 5.50078212147e-11, 4.13104550567e-11, 3.01307659378e-11, 6.04944289107e-11, 1.3448007985e-10, 5.84173751039e-11, 5.40446203415e-12, 3.90566160142e-13, 3.94108747373e-12, 1.67628189107e-10, 5.45186638889e-11, 3.52230709877e-11, 6.38710542789e-11],
        "dvar2": [1.76325684151e-05, 1.41638602145e-05, 1.25594151541e-05, 1.26073189222e-06, 9.79606738838e-07, 1.83446263691e-06, 2.74512132137e-07, 6.29878002201e-07, 2.7835687888e-07, 1.67754507174e-07, 3.30151053163e-08, 1.33191262464e-08, 6.99008717575e-09, 7.81661224636e-09, 8.02262611899e-09, 1.37554101443e-08, 5.04155917014e-09, 1.53886547949e-09, 6.39087283094e-10, 2.83086387665e-10, 3.25745097562e-10, 9.89012274855e-11, 3.67349789476e-10, 1.55296761561e-10, 3.69116265331e-11, 1.707549796e-10, 7.3752108587e-11, 1.10798946407e-10, 9.21353895955e-11, 7.00618313365e-11, 1.16598966593e-10, 2.40717112909e-10, 1.17978127268e-10, 1.14244516625e-11, 8.3258801329e-13, 8.06541031878e-12, 3.78339470863e-10, 1.02146145708e-10, 6.83866782647e-11, 1.27990423815e-10],
        "max": [0.039740100503, 0.0429274253547, 0.0546515658498, 0.015978526324, 0.0183916538954, 0.0180446673185, 0.0167918447405, 0.0181513372809, 0.0102912290022, 0.00696536293253, 0.00299425492994, 0.0045374147594, 0.00486030196771, 0.000969531713054, 0.00268235243857, 0.00465703662485, 0.0012421606807, 0.000550961762201, 0.000859568477608, 0.000315555749694, 0.00028755274252, 0.00014313403517, 0.000582931039389, 0.000282254099147, 0.000167695892742, 0.000508140015882, 0.000321865169099, 0.000469028629595, 0.000240328052314, 0.000191506274859, 0.000278003397398, 0.000541852903552, 0.000336914905347, 9.81777775451e-05, 1.17429999591e-05, 8.84116234374e-05, 0.000903811247554, 0.00029332676786, 0.000234991370235, 0.000278801133391],
        "mean": [0.00170003727544, 0.000787005177699, 0.000916905351914, 0.000610006041825, 0.000581958040129, 0.000858411425725, 0.00037030983367, 0.000550190801732, 0.000356198550435, 0.000163068732945, 7.89259574958e-05, 7.84466683399e-05, 6.10990900896e-05, 3.88625376218e-05, 2.33000700973e-05, 5.76158126933e-05, 2.95945137623e-05, 1.7232283426e-05, 1.19335281852e-05, 8.02787235443e-06, 9.02594092622e-06, 5.71623195356e-06, 7.59290787755e-06, 4.65072525913e-06, 2.14603824134e-06, 2.22036146624e-06, 1.98694965547e-06, 1.64297432548e-06, 1.66994914252e-06, 1.64527455127e-06, 2.22889866563e-06, 3.40308224622e-06, 2.21686946134e-06, 1.25143685636e-06, 4.12920911685e-07, 6.91974435085e-07, 2.29838587984e-06, 1.93560390471e-06, 1.59448438808e-06, 1.78147513452e-06],
        "median": [0.000127443869133, 0.000345465232385, 0.000436445465311, 0.000273192417808, 0.000173701686435, 0.000213525694562, 0.000134578483994, 0.000104270286101, 5.49097530893e-05, 1.96513701667e-05, 2.34911349253e-05, 2.54588430835e-05, 1.76299636223e-05, 1.45075664477e-05, 4.12684994444e-06, 7.33667502573e-06, 6.14417785982e-06, 5.74032310396e-06, 3.03320939565e-06, 2.98854638459e-06, 3.09282040689e-06, 2.45433034252e-06, 2.73476166512e-06, 1.86719648809e-06, 7.31027910206e-07, 5.32032970568e-07, 3.3541692801e-07, 1.73327748598e-07, 1.08300824309e-07, 7.00680189425e-08, 6.60662706764e-08, 1.24663955603e-07, 1.25252569205e-07, 7.58879181717e-08, 4.06918410079e-08, 4.43011423101e-08, 6.26405380899e-08, 6.02051883902e-08, 3.78288902425e-08, 2.96248305887e-08],
        "min": [1.84643639153e-23, 1.56460542017e-23, 3.55359355266e-24, 6.75619291188e-24, 6.14661484686e-24, 1.27749002738e-23, 2.35471903651e-23, 7.38533236076e-24, 3.29878658934e-23, 1.14887004332e-23, 4.5765228991e-24, 9.96956653334e-24, 1.57839423548e-23, 5.38748887017e-24, 6.68567111353e-24, 1.02795581035e-23, 8.43550501856e-24, 7.76037340118e-24, 8.2116878248e-24, 7.4485114418e-24, 1.26084955879e-23, 8.0396609272e-24, 1.02435008493e-23, 7.19014766242e-24, 1.65781864468e-23, 1.34261633268e-23, 9.69182044152e-24, 9.84359885741e-24, 9.27321376875e-24, 1.05345321476e-23, 9.63181258132e-24, 1.49907269374e-23, 9.91082637261e-24, 1.00827317856e-23, 8.50674704691e-24, 1.10847941834e-23, 9.84957921193e-24, 1.58254821923e-23, 1.17917665935e-23, 1.19003982622e-23],
        "var": [8.96251094673e-06, 4.00930730393e-06, 3.42140629073e-06, 9.7167230706e-07, 1.30069793158e-06, 2.86438535113e-06, 5.19998081927e-07, 1.85414126008e-06, 5.38532901828e-07, 1.53944839099e-07, 3.20520499031e-08, 4.13201206584e-08, 5.0826038489e-08, 5.4279127859e-09, 8.35898550378e-09, 5.49133680749e-08, 6.21847817683e-09, 1.35252364863e-09, 8.94980589639e-10, 2.74473443973e-10, 2.46998782538e-10, 8.85322024025e-11, 3.72012781691e-10, 1.58189406019e-10, 3.31415589416e-11, 1.65025215715e-10, 9.2205861002e-11, 9.84125003711e-11, 8.59686002941e-11, 6.37611421994e-11, 1.70228858787e-10, 4.17129636388e-10, 1.46836778847e-10, 1.70104728914e-11, 1.34560364153e-12, 8.59395627578e-12, 2.574307989e-10, 1.3347847827e-10, 8.5622169077e-11, 1.31046812291e-10]
    },
    "mfcc": {
        "mean": [-723.276977539, 150.304122925, -4.79245519638, 6.32945775986, 7.84983110428, -6.55511379242, -6.17195749283, 4.25697469711, -2.02060270309, -2.83010292053, 4.42286491394, 1.18738925457, 0.981352090836],
        "cov": [[10660.5410156, 393.306427002, 2775.31762695, 323.305908203, 119.246826172, 459.596496582, -268.72644043, -267.665924072, 207.131881714, 309.90020752, 154.511047363, 41.9076690674, -102.759170532], [393.306427002, 2907.53857422, 515.170349121, 284.674316406, 421.533050537, -344.804931641, -170.998886108, 35.463886261, -116.876113892, 12.162815094, -106.699150085, -163.221832275, -105.709030151], [2775.31762695, 515.170349121, 2482.43041992, 198.722412109, 322.738861084, 139.7684021, -113.129867554, -236.463485718, 107.378517151, 95.173789978, -36.0300178528, -33.4853363037, -101.788467407], [323.305908203, 284.674316406, 198.722412109, 289.41519165, 101.600143433, 13.6805105209, -1.01588368416, -29.4999237061, 15.8969554901, 10.3580598831, -17.2802658081, -0.290543615818, -0.425003111362], [119.246826172, 421.533050537, 322.738861084, 101.600143433, 317.105133057, -91.3300857544, -26.9760818481, -27.9133033752, -29.2007770538, 12.1979064941, -48.072013855, -23.5066223145, -14.5833654404], [459.596496582, -344.804931641, 139.7684021, 13.6805105209, -91.3300857544, 293.190582275, 77.5200119019, 8.88123321533, 68.3997268677, 26.3988513947, 55.8069534302, 25.1786689758, 22.3005466461], [-268.72644043, -170.998886108, -113.129867554, -1.01588368416, -26.9760818481, 77.5200119019, 192.638534546, 20.8495979309, 57.8198165894, -2.91089439392, 5.3343667984, 17.2513599396, 9.75741004944], [-267.665924072, 35.463886261, -236.463485718, -29.4999237061, -27.9133033752, 8.88123321533, 20.8495979309, 146.204376221, -5.50858592987, 15.1229200363, 15.765332222, -5.46529769897, 16.0582466125], [207.131881714, -116.876113892, 107.378517151, 15.8969554901, -29.2007770538, 68.3997268677, 57.8198165894, -5.50858592987, 149.534866333, 32.4701385498, 31.2190322876, 20.2171611786, -7.12041425705], [309.90020752, 12.162815094, 95.173789978, 10.3580598831, 12.1979064941, 26.3988513947, -2.91089439392, 15.1229200363, 32.4701385498, 129.230667114, 50.4845962524, 20.1841030121, 3.76274085045], [154.511047363, -106.699150085, -36.0300178528, -17.2802658081, -48.072013855, 55.8069534302, 5.3343667984, 15.765332222, 31.2190322876, 50.4845962524, 128.123565674, 37.8934631348, 20.9393615723], [41.9076690674, -163.221832275, -33.4853363037, -0.290543615818, -23.5066223145, 25.1786689758, 17.2513599396, -5.46529769897, 20.2171611786, 20.1841030121, 37.8934631348, 89.2138290405, 27.4918689728], [-102.759170532, -105.709030151, -101.788467407, -0.425003111362, -14.5833654404, 22.3005466461, 9.75741004944, 16.0582466125, -7.12041425705, 3.76274085045, 20.9393615723, 27.4918689728, 104.440589905]],
