{
"lowlevel": {
    "average_loudness": 0.70491206646,
    "barkbands_crest": {
        "dmean": 2.37887692451,
        "dmean2": 3.85780382156,
        "dvar": 4.78507757187,
        "dvar2": 12.8311700821,
        "max": 26.5294799805,
        "mean": 13.0477237701,
        "median": 12.2471313477,
        "min": 2.89796423912,
        "var": 24.9727935791
    },
    "barkbands_flatness_db": {
        "dmean": 0.019823692739,
        "dmean2": 0.0317855030298,
        "dvar": 0.000399433076382,
        "dvar2": 0.00101145030931,
        "max": 0.525841414928,
        "mean": 0.248727545142,
        "median": 0.243384048343,
        "min": 0.0231697130948,
        "var": 0.00420814054087
    },
    "barkbands_kurtosis": {
        "dmean": 2.93995094299,
        "dmean2": 4.68322038651,
        "dvar": 29.6717948914,
        "dvar2": 74.7429046631,
        "max": 143.119186401,
        "mean": 5.93744134903,
        "median": 2.90814685822,
        "min": -1.85290932655,
        "var": 122.638504028
    },
    "barkbands_skewness": {
        "dmean": 0.486513704062,
        "dmean2": 0.761326670647,
        "dvar": 0.26452884078,
        "dvar2": 0.666914403439,
        "max": 10.6267747879,
        "mean": 1.75627374649,
        "median": 1.59769833088,
        "min": -2.84121203423,
        "var": 1.59299886227
    },
    "barkbands_spread": {
        "dmean": 1.98779058456,
        "dmean2": 3.14179706573,
        "dvar": 5.67829322815,
        "dvar2": 13.4111709595,
        "max": 98.9032821655,
        "mean": 10.3377666473,
        "median": 8.06005859375,
        "min": 0.309519857168,
        "var": 61.57604599
    },
    "dissonance": {
        "dmean": 0.0283012334257,
        "dmean2": 0.0479740649462,
        "dvar": 0.000755976885557,
        "dvar2": 0.00212979735807,
        "max": 0.499999821186,
        "mean": 0.416447103024,
        "median": 0.427662312984,
        "min": 0.124214865267,
        "var": 0.00305594783276
    },
    "dynamic_complexity": 3.50290393829,
    "erbbands_crest": {
        "dmean": 2.74809885025,
        "dmean2": 4.44765281677,
        "dvar": 6.55880403519,
        "dvar2": 17.7739257812,
        "max": 31.0194683075,
        "mean": 13.184510231,
        "median": 12.3120861053,
        "min": 2.82539892197,
        "var": 27.4728507996
    },
    "erbbands_flatness_db": {
        "dmean": 0.0151992589235,
        "dmean2": 0.0237653888762,
        "dvar": 0.000284889218165,
        "dvar2": 0.000689977256116,
        "max": 0.507391095161,
        "mean": 0.280484229326,
        "median": 0.278168350458,
        "min": 0.0399088487029,
        "var": 0.00253280135803
    },
    "erbbands_kurtosis": {
        "dmean": 1.07696938515,
        "dmean2": 1.73448467255,
        "dvar": 3.85636901855,
        "dvar2": 10.5602464676,
        "max": 87.174407959,
        "mean": 0.970586895943,
        "median": 0.0388488769531,
        "min": -1.79997730255,
        "var": 14.8424282074
    },
    "erbbands_skewness": {
        "dmean": 0.350914806128,
        "dmean2": 0.549122095108,
        "dvar": 0.107516877353,
        "dvar2": 0.275070726871,
        "max": 7.49807357788,
        "mean": 0.613311648369,
        "median": 0.587920427322,
        "min": -3.9861638546,
        "var": 0.85237801075
    },
    "erbbands_spread": {
        "dmean": 3.64562320709,
        "dmean2": 5.7559223175,
        "dvar": 13.6251029968,
        "dvar2": 34.0125770569,
        "max": 84.9040145874,
        "mean": 22.4461765289,
        "median": 20.4856109619,
        "min": 1.46338546276,
        "var": 114.700271606
    },
    "hfc": {
        "dmean": 2.51989197731,
        "dmean2": 3.93932175636,
        "dvar": 12.8794898987,
        "dvar2": 30.7170600891,
        "max": 111.561408997,
        "mean": 13.7467565536,
        "median": 10.5236740112,
        "min": 1.15703681508e-16,
        "var": 130.101776123
    },
    "melbands_crest": {
        "dmean": 2.74203515053,
        "dmean2": 4.53890705109,
        "dvar": 6.39717054367,
        "dvar2": 17.9694023132,
        "max": 33.0992012024,
        "mean": 15.2878513336,
        "median": 14.7198801041,
        "min": 3.0914247036,
        "var": 25.4566993713
    },
    "melbands_flatness_db": {
        "dmean": 0.019114786759,
        "dmean2": 0.0301145557314,
        "dvar": 0.000352818024112,
        "dvar2": 0.000893029791769,
        "max": 0.651172935963,
        "mean": 0.311494410038,
        "median": 0.307427257299,
        "min": 0.00845485366881,
        "var": 0.00603905599564
    },
    "melbands_kurtosis": {
        "dmean": 4.04435586929,
        "dmean2": 6.38724184036,
        "dvar": 40.4908714294,
        "dvar2": 102.733016968,
        "max": 142.77166748,
        "mean": 9.26519298553,
        "median": 5.6805562973,
        "min": -1.84371936321,
        "var": 151.397064209
    },
    "melbands_skewness": {
        "dmean": 0.524524092674,
        "dmean2": 0.819233775139,
        "dvar": 0.289860159159,
        "dvar2": 0.734280347824,
        "max": 8.76236152649,
        "mean": 2.21644186974,
        "median": 2.02104783058,
        "min": -1.69173920155,
        "var": 1.60998404026
    },
    "melbands_spread": {
        "dmean": 3.21931600571,
        "dmean2": 5.07548284531,
        "dvar": 18.1696643829,
        "dvar2": 41.2429199219,
        "max": 142.478057861,
        "mean": 14.0444879532,
        "median": 10.4185533524,
        "min": 0.712062001228,
        "var": 143.921722412
    },
    "pitch_salience": {
        "dmean": 0.0564633011818,
        "dmean2": 0.092699803412,
        "dvar": 0.00274028116837,
        "dvar2": 0.00724163139239,
        "max": 0.869602739811,
        "mean": 0.465256989002,
        "median": 0.468009501696,
        "min": 0.0752723142505,
        "var": 0.0109619833529
    },
    "silence_rate_20dB": {
        "dmean": 0,
        "dmean2": 0,
        "dvar": 0,
        "dvar2": 0,
        "max": 1,
        "mean": 1,
        "median": 1,
        "min": 1,
        "var": 0
    },
    "silence_rate_30dB": {
        "dmean": 0,
        "dmean2": 0,
        "dvar": 0,
        "dvar2": 0,
        "max": 1,
        "mean": 1,
        "median": 1,
        "min": 1,
        "var": 0
    },
    "silence_rate_60dB": {
        "dmean": 0.011196769774,
        "dmean2": 0.0223955940455,
        "dvar": 0.0110687492415,
        "dvar2": 0.027211504057,
        "max": 1,
        "mean": 0.0524915121496,
        "median": 0,
        "min": 0,
        "var": 0.0497402176261
    },
    "spectral_centroid": {
        "dmean": 110.434715271,
        "dmean2": 174.381790161,
        "dvar": 26333.515625,
        "dvar2": 52849.7070312,
        "max": 10493.3515625,
        "mean": 829.749450684,
        "median": 638.00567627,
        "min": 206.704421997,
        "var": 285925
    },
    "spectral_complexity": {
        "dmean": 1.57929515839,
        "dmean2": 2.64396500587,
        "dvar": 2.75624132156,
        "dvar2": 6.66212797165,
        "max": 45,
        "mean": 13.3136644363,
        "median": 12,
        "min": 0,
        "var": 43.3304481506
    },
    "spectral_decrease": {
        "dmean": 1.13336917629e-09,
        "dmean2": 1.79238579534e-09,
        "dvar": 1.72662920349e-18,
        "dvar2": 4.12389612258e-18,
        "max": -6.86796488559e-29,
        "mean": -5.59247537169e-09,
        "median": -4.6754040639e-09,
        "min": -2.2448013226e-08,
        "var": 1.58922190992e-17
    },
    "spectral_energy": {
        "dmean": 0.00446140393615,
        "dmean2": 0.00705489143729,
        "dvar": 2.63083838945e-05,
        "dvar2": 6.27754561719e-05,
        "max": 0.0881008952856,
        "mean": 0.022354112938,
        "median": 0.0188814848661,
        "min": 1.07538778758e-20,
        "var": 0.00024945725454
    },
    "spectral_energyband_high": {
        "dmean": 4.03917183576e-05,
        "dmean2": 6.41113219899e-05,
        "dvar": 1.54533577046e-08,
        "dvar2": 3.99655775141e-08,
        "max": 0.00341529096477,
        "mean": 0.000116606483061,
        "median": 1.67253419932e-05,
        "min": 7.76629698927e-21,
        "var": 7.48280797325e-08
    },
    "spectral_energyband_low": {
        "dmean": 0.000871459662449,
        "dmean2": 0.0014298617607,
        "dvar": 4.50985135103e-06,
        "dvar2": 1.28572446556e-05,
        "max": 0.0386587493122,
        "mean": 0.00174967234489,
        "median": 0.000193027299247,
        "min": 2.89345565674e-23,
        "var": 1.30622438519e-05
    },
    "spectral_energyband_middle_high": {
        "dmean": 0.00109140668064,
        "dmean2": 0.00165188999381,
        "dvar": 3.09309552904e-06,
        "dvar2": 7.15970372767e-06,
        "max": 0.0713496357203,
        "mean": 0.00426878919825,
        "median": 0.00285752094351,
        "min": 1.80637464581e-21,
        "var": 2.53674043051e-05
    },
    "spectral_energyband_middle_low": {
        "dmean": 0.00398930348456,
        "dmean2": 0.00621782615781,
        "dvar": 2.2609528969e-05,
        "dvar2": 5.38937638339e-05,
        "max": 0.0817378088832,
        "mean": 0.0170415714383,
        "median": 0.0134432818741,
        "min": 3.23346486742e-22,
        "var": 0.000179369235411
    },
    "spectral_entropy": {
        "dmean": 0.142611354589,
        "dmean2": 0.228556513786,
        "dvar": 0.0239394828677,
        "dvar2": 0.0622237771749,
        "max": 9.80129241943,
        "mean": 6.33963394165,
        "median": 6.41011095047,
        "min": 4.02854728699,
        "var": 0.337866008282
    },
    "spectral_flux": {
        "dmean": 0.0138661637902,
        "dmean2": 0.0228214915842,
        "dvar": 0.00026090873871,
        "dvar2": 0.000650586967822,
        "max": 0.208434179425,
        "mean": 0.04909664765,
        "median": 0.046054571867,
        "min": 1.03700908971e-10,
        "var": 0.000663226062898
    },
    "spectral_kurtosis": {
        "dmean": 8.49838066101,
        "dmean2": 15.1945772171,
        "dvar": 101.250679016,
        "dvar2": 313.113708496,
        "max": 327.50869751,
        "mean": 20.6873321533,
        "median": 14.359336853,
        "min": -1.19785058498,
        "var": 617.283813477
    },
    "spectral_rms": {
        "dmean": 0.000471589621156,
        "dmean2": 0.000747404585127,
        "dvar": 2.39400236524e-07,
        "dvar2": 5.69720384647e-07,
        "max": 0.00927103497088,
        "mean": 0.00433127162978,
        "median": 0.00429196469486,
        "min": 3.2390722049e-12,
        "var": 3.04892569147e-06
    },
    "spectral_rolloff": {
        "dmean": 188.126968384,
        "dmean2": 328.97253418,
        "dvar": 139027.09375,
        "dvar2": 279663.0625,
        "max": 18669.2871094,
        "mean": 1004.13983154,
        "median": 796.728515625,
        "min": 193.798828125,
        "var": 589545.5625
    },
    "spectral_skewness": {
        "dmean": 0.619555592537,
        "dmean2": 1.10639202595,
        "dvar": 0.32995095849,
        "dvar2": 1.0349189043,
        "max": 14.5737915039,
        "mean": 2.80798268318,
        "median": 2.52449655533,
        "min": 0.028967378661,
        "var": 2.54266452789
    },
    "spectral_spread": {
        "dmean": 257374.140625,
        "dmean2": 449202.09375,
        "dvar": 163619766272,
        "dvar2": 300258066432,
        "max": 40807392,
        "mean": 2210695.75,
        "median": 2135054.5,
        "min": 273196.9375,
        "var": 847960145920
    },
    "spectral_strongpeak": {
        "dmean": 0.539942204952,
        "dmean2": 0.913176476955,
        "dvar": 1.14738476276,
        "dvar2": 3.02861404419,
        "max": 19.0861816406,
        "mean": 1.52709984779,
        "median": 1.12919926643,
        "min": 0,
        "var": 2.24831438065
    },
    "zerocrossingrate": {
        "dmean": 0.00393197266385,
        "dmean2": 0.00496034603566,
        "dvar": 2.56531948253e-05,
        "dvar2": 3.75934905605e-05,
        "max": 0.53271484375,
        "mean": 0.0370182804763,
        "median": 0.03076171875,
        "min": 0.005859375,
        "var": 0.000554676109459
    },
    "barkbands": {
        "dmean": [1.76712364919e-05, 0.000132795597892, 0.000488085468533, 0.000560342916287, 0.00145980087109, 0.00239175627939, 0.000755299814045, 0.000616744742729, 0.000281655782601, 0.000391467910958, 0.000395736016799, 0.00011897108925, 0.000177601134055, 0.000129385574837, 0.000292728800559, 0.000126563798403, 0.000261309061898, 7.94833686086e-05, 8.6830528744e-05, 5.31246623723e-05, 1.93056421267e-05, 4.82251698486e-06, 8.01497606062e-07, 7.92897139945e-07, 1.56833573328e-06, 2.44351070933e-07, 2.0670016454e-07],
        "dmean2": [3.20643048326e-05, 0.000210966783925, 0.000802751455922, 0.000943471270148, 0.00211172318086, 0.00395028851926, 0.000969845452346, 0.000862501910888, 0.000382994563552, 0.000528189819306, 0.000594162789639, 0.000188423684449, 0.000284166133497, 0.000203245945158, 0.000473659136333, 0.000194618201931, 0.000415086862631, 0.000125756967464, 0.000135049645905, 8.68987990543e-05, 2.97555161524e-05, 7.5006064435e-06, 1.30395596898e-06, 1.32397599373e-06, 2.70045188699e-06, 4.23310524411e-07, 3.29472356952e-07],
        "dvar": [3.13324499679e-09, 2.53409581319e-07, 2.24625819101e-06, 2.18435934585e-06, 6.84146016283e-06, 1.48299623106e-05, 2.44427633334e-06, 1.66870233897e-06, 3.36841992521e-07, 9.44970679484e-07, 6.22380980531e-07, 5.26834575965e-08, 2.02025333351e-07, 6.9111642631e-08, 1.06645666165e-06, 1.73972509288e-07, 8.74846762144e-07, 9.66958282334e-08, 7.78241400212e-08, 3.69731090188e-08, 3.84262532904e-09, 2.4531168763e-10, 9.71536913419e-12, 1.51189009229e-11, 1.33757338538e-10, 1.33743363606e-12, 1.62702663842e-12],
        "dvar2": [8.79864536785e-09, 5.77948753744e-07, 6.06405728831e-06, 6.72501846566e-06, 1.45638105096e-05, 3.97499316023e-05, 4.0385466491e-06, 3.11998178404e-06, 6.52376854759e-07, 1.55313114192e-06, 1.43321312862e-06, 1.28837072566e-07, 4.98853239606e-07, 1.47478303347e-07, 2.82839209831e-06, 3.74165949779e-07, 2.040524123e-06, 2.53564024888e-07, 1.728978134e-07, 9.92164572722e-08, 8.35816749145e-09, 5.93328997045e-10, 2.56001209814e-11, 4.17337726877e-11, 4.07486266951e-10, 3.87560383092e-12, 3.95057337538e-12],
        "max": [0.000878278166056, 0.0180000048131, 0.0295172762126, 0.034251626581, 0.0552071034908, 0.0750353187323, 0.0583242923021, 0.0604326464236, 0.0235681105405, 0.068070858717, 0.0210948009044, 0.00574704445899, 0.0160779710859, 0.0107219181955, 0.0292374975979, 0.016658378765, 0.038768414408, 0.0110511435196, 0.00879166647792, 0.00668045924976, 0.00270976079628, 0.000484119984321, 9.35751668294e-05, 0.000103661972389, 0.000544854905456, 3.81117752113e-05, 7.85962620284e-05],
        "mean": [1.2424421584e-05, 0.000258837040747, 0.000882379419636, 0.00104554055724, 0.00426412001252, 0.00594357214868, 0.00281507987529, 0.00178308458999, 0.00072304951027, 0.00106290995609, 0.000972476263996, 0.000211143749766, 0.000301191379549, 0.000257235980825, 0.000577777042054, 0.000252389640082, 0.000467312609544, 0.000146073653013, 0.000199324407731, 0.000108177810034, 5.1048646128e-05, 1.04601567728e-05, 1.85849523859e-06, 1.68606106854e-06, 3.68381029148e-06, 7.59241231663e-07, 5.6476659438e-07],
        "median": [1.43653994655e-06, 4.25958569394e-06, 3.01800791931e-05, 0.000216509448364, 0.00190660869703, 0.00307422503829, 0.000527663505636, 0.000384889659472, 0.000270541117061, 0.000155710149556, 0.000459005939774, 8.52419107105e-05, 0.00010378472507, 0.000118486459542, 0.000148384511704, 6.9438101491e-05, 8.86998532224e-05, 3.1798328564e-05, 2.35978459386e-05, 1.32727091113e-05, 6.24966878604e-06, 1.74149602117e-06, 4.50683643294e-07, 2.79462625485e-07, 8.89270026505e-08, 4.05041369334e-08, 1.59571040825e-08],
        "min": [3.26728863557e-23, 1.56641806476e-23, 2.43318920012e-24, 6.03910020523e-24, 1.48183974327e-22, 4.81857950361e-23, 3.55336367859e-23, 2.80146690213e-23, 5.45454969907e-23, 5.02403832638e-23, 6.67987787682e-23, 8.52328614687e-23, 8.24745809146e-23, 2.10239067415e-22, 2.46253571721e-22, 1.36109214928e-22, 2.19139879672e-22, 1.8241389856e-22, 3.40387523125e-22, 3.53887066294e-22, 3.86787387559e-22, 6.3621467923e-22, 5.36032928851e-22, 8.23334858842e-22, 1.39366675303e-21, 1.66124978572e-21, 2.2815297271e-21],
        "var": [1.97195082485e-09, 1.31054127905e-06, 5.00480564369e-06, 4.22697621616e-06, 3.93991904275e-05, 5.57615603611e-05, 3.58314027835e-05, 1.69593022292e-05, 2.72620559372e-06, 1.20833092296e-05, 2.09438690035e-06, 1.20886411992e-07, 4.09675152468e-07, 2.30307790616e-07, 2.971888307e-06, 5.13222460086e-07, 1.90425294022e-06, 2.15507199641e-07, 3.66259172324e-07, 1.005472825e-07, 1.89018329877e-08, 6.7525224301e-10, 1.85293707461e-11, 2.39333431545e-11, 4.92661078599e-10, 9.61170639607e-12, 6.23313293341e-12]
    },
    "erbbands": {
        "dmean": [0.0021937568672, 0.0417667888105, 0.430232733488, 1.34150707722, 1.89122211933, 7.7294511795, 9.30104827881, 24.1266555786, 8.87657165527, 16.3298110962, 10.567773819, 6.48180675507, 10.3965187073, 11.3510322571, 13.69257164, 6.00148057938, 8.03703117371, 7.51556348801, 13.5339727402, 12.1297550201, 8.38269233704, 10.0878238678, 6.44980287552, 4.57050514221, 3.54258298874, 2.98555231094, 1.01445245743, 0.637005090714, 0.162007316947, 0.0473716147244, 0.0252782702446, 0.0237033795565, 0.00855876598507, 0.0259217731655, 0.00580798042938, 0.00124220328871, 0.00051674072165, 0.000257455511019, 1.93186533579e-05, 5.81808171773e-06],
        "dmean2": [0.00377024011686, 0.0652482658625, 0.69766163826, 2.26169490814, 3.02344083786, 11.1564464569, 13.8084287643, 41.4754257202, 11.2830924988, 23.6654949188, 13.4447956085, 8.73049068451, 14.186876297, 15.5733480453, 20.6284999847, 9.5354347229, 12.9050779343, 11.9161186218, 22.3925704956, 19.4593219757, 12.883351326, 16.0534210205, 10.587187767, 6.86913347244, 5.74729394913, 4.8662109375, 1.58231663704, 0.986011087894, 0.248639896512, 0.0764311552048, 0.0408795699477, 0.0394269190729, 0.0142592098564, 0.0446013659239, 0.00996107235551, 0.00211599934846, 0.000905054796021, 0.000408863415942, 3.19884275086e-05, 9.34483432502e-06],
        "dvar": [4.58702888864e-05, 0.0233443770558, 1.78924572468, 11.5286254883, 14.5985193253, 211.413894653, 230.157104492, 1606.60131836, 450.664154053, 1216.99206543, 799.492492676, 224.506286621, 753.373657227, 826.145935059, 681.714782715, 117.121818542, 490.919555664, 214.613021851, 3243.42431641, 1694.68395996, 823.726135254, 1705.8873291, 516.218261719, 255.010238647, 158.374252319, 128.280883789, 10.7725400925, 4.93716239929, 0.234731778502, 0.0178404934704, 0.00781319104135, 0.0166007392108, 0.00253707100637, 0.0381049253047, 0.00145324948244, 3.5379849578e-05, 7.95900450612e-06, 3.6037567952e-06, 7.11572223366e-09, 6.09396422213e-11],
        "dvar2": [0.000112846551929, 0.0543797239661, 4.67610692978, 36.8758773804, 36.5364227295, 457.510009766, 453.147369385, 4627.11523438, 672.861877441, 2716.99414062, 1192.52612305, 428.520324707, 1344.83886719, 1377.10974121, 1546.26586914, 290.011138916, 1217.90490723, 469.060302734, 9010.03125, 4347.04492188, 1773.02978516, 3632.40576172, 1393.49560547, 509.175445557, 402.407714844, 346.915893555, 24.6843013763, 10.8422985077, 0.53585678339, 0.0458260625601, 0.0205230265856, 0.0457071922719, 0.00694069219753, 0.115864515305, 0.00442636059597, 0.000100780147477, 2.38409193116e-05, 8.65859055921e-06, 1.91914466541e-08, 1.58127400063e-10],
        "max": [0.165719807148, 5.56408071518, 26.4221248627, 73.9777145386, 82.9514160156, 322.219604492, 690.520568848, 920.864990234, 864.08190918, 1245.91577148, 1663.54187012, 664.764526367, 988.734008789, 2474.25219727, 620.190734863, 296.076477051, 813.094482422, 596.683166504, 1761.66162109, 1527.3404541, 1104.56945801, 2520.08105469, 646.875061035, 552.155700684, 446.873779297, 415.769165039, 85.9773406982, 85.8045654297, 14.0477218628, 4.45320463181, 2.27404069901, 4.26906299591, 2.20018005371, 9.16038799286, 1.79543340206, 0.19028249383, 0.102594196796, 0.120485804975, 0.00281263981014, 0.000266996503342],
        "mean": [0.00278629385866, 0.0853408798575, 0.789844036102, 2.69063663483, 4.6269493103, 20.6812839508, 30.8982543945, 51.6040725708, 33.6367111206, 53.3216362, 32.6311073303, 18.9767036438, 27.9607429504, 32.5668869019, 35.1799316406, 12.1744127274, 14.4373521805, 15.0710458755, 24.2849578857, 24.1394023895, 18.5871353149, 19.5523853302, 12.1704092026, 11.3105983734, 7.33810997009, 6.06481790543, 2.70383906364, 1.55340564251, 0.427774757147, 0.114630252123, 0.0618958361447, 0.047090575099, 0.019691189751, 0.0599376708269, 0.0146122071892, 0.00384254101664, 0.00136384763755, 0.000608736416325, 6.96877395967e-05, 3.04926379613e-05],
        "median": [0.000231731188251, 0.00235995114781, 0.0444942079484, 0.537809193134, 2.00112891197, 8.25936889648, 17.4589481354, 26.0155181885, 8.74333572388, 11.5875797272, 6.10068702698, 7.08391952515, 6.91481733322, 13.2994070053, 17.5918769836, 6.77290630341, 5.557929039, 7.42036914825, 8.18571949005, 6.12921190262, 5.71394872665, 4.45633554459, 2.55879426003, 1.71426212788, 1.038585186, 0.726247370243, 0.338003098965, 0.156673043966, 0.0676774382591, 0.0335898846388, 0.0139751406386, 0.00746987573802, 0.00334265874699, 0.00138357968535, 0.000491706538014, 0.000222561662667, 7.97054817667e-05, 1.73329353856e-05, 1.63514450833e-05, 2.3400722057e-05],
        "min": [3.56906952056e-22, 3.95991029002e-21, 3.7047319373e-21, 1.58623272346e-20, 1.18515788604e-19, 7.64807058463e-19, 3.69602702457e-19, 5.31605094848e-19, 4.984131286e-19, 4.98433704718e-19, 9.19390571337e-19, 1.35595033906e-18, 7.67507906561e-19, 2.24767285628e-18, 2.51879453693e-18, 4.92021131776e-18, 3.99621872708e-18, 1.11956861045e-17, 1.3893557179e-17, 9.200210484e-18, 7.04289366796e-18, 1.38456179266e-17, 1.04089951557e-17, 1.25153121511e-17, 1.74793239231e-17, 1.52465748526e-17, 1.49906617147e-17, 1.70648650771e-17, 1.80063901745e-17, 2.05423224462e-17, 1.66543651176e-17, 2.14113484715e-17, 1.15903422465e-17, 1.28908976441e-17, 1.07292124873e-17, 5.86077605842e-18, 3.01350499831e-18, 1.24715789053e-18, 3.28259414111e-19, 3.54185135052e-20],
        "var": [7.77718960308e-05, 0.1222159639, 4.68719816208, 26.9014720917, 52.3607368469, 1107.7989502, 1739.57434082, 4483.07666016, 5827.16748047, 15293.1191406, 7284.52880859, 2043.10913086, 4928.11865234, 12706.40625, 2483.9206543, 282.566894531, 983.832885742, 715.579772949, 6098.75439453, 3942.04174805, 2608.34814453, 3608.48266602, 1118.64672852, 1347.13500977, 386.041381836, 336.558074951, 53.561870575, 18.6740703583, 1.02536284924, 0.0510506629944, 0.0219432599843, 0.023850729689, 0.00339196808636, 0.138013154268, 0.00567173864692, 0.000244753668085, 3.5532455513e-05, 1.21319972095e-05, 4.34875744304e-08, 6.74668543255e-10]
    },
    "gfcc": {
        "mean": [-108.219062805, 153.294830322, -157.142669678, -5.5477232933, -58.6536903381, -34.494468689, -40.5447769165, -23.202791214, -26.7028026581, -14.3254432678, -10.6158123016, -5.02786922455, 0.961491703987],
        "cov": [[17640.6582031, -30.3209209442, -2575.65795898, 1311.66308594, 439.588623047, 67.5413513184, 206.99822998, 487.732879639, 43.8416862488, 154.45552063, -230.687286377, -267.023345947, -106.045463562], [-30.3209209442, 1894.87036133, 9.5680809021, -39.8817825317, 310.528015137, -105.59677887, 369.323486328, -248.154281616, 136.726989746, -245.523727417, 55.831199646, -203.660110474, -17.1328907013], [-2575.65795898, 9.5680809021, 1004.79626465, -238.874954224, -39.1861343384, 166.386535645, -121.835342407, 54.5400428772, -45.8634872437, 24.9141464233, -4.67935371399, 18.8729515076, -45.5300140381], [1311.66308594, -39.8817825317, -238.874954224, 575.87701416, 121.670219421, 25.3022174835, 176.512954712, 58.1767921448, 37.7482070923, 11.6659193039, -4.78082466125, -33.9353790283, -2.52658009529], [439.588623047, 310.528015137, -39.1861343384, 121.670219421, 294.01373291, 24.3901576996, 83.5460128784, 6.98146343231, 39.7088623047, -20.5455570221, 1.99684619904, -52.4813346863, -24.4117946625], [67.5413513184, -105.59677887, 166.386535645, 25.3022174835, 24.3901576996, 251.422454834, -30.1662998199, 52.0380058289, -6.31116724014, -13.6914377213, -19.4537239075, -2.31396865845, 1.19589209557], [206.99822998, 369.323486328, -121.835342407, 176.512954712, 83.5460128784, -30.1662998199, 300.62197876, -1.98211658001, 28.5211601257, -20.2774391174, -0.83809363842, -30.3773975372, -16.3452186584], [487.732879639, -248.154281616, 54.5400428772, 58.1767921448, 6.98146343231, 52.0380058289, -1.98211658001, 252.290634155, 19.5815505981, 70.0900726318, -51.120349884, -32.7467384338, -37.0318565369], [43.8416862488, 136.726989746, -45.8634872437, 37.7482070923, 39.7088623047, -6.31116724014, 28.5211601257, 19.5815505981, 179.670166016, 31.0841312408, 37.6756057739, -51.7622680664, -34.4072494507], [154.45552063, -245.523727417, 24.9141464233, 11.6659193039, -20.5455570221, -13.6914377213, -20.2774391174, 70.0900726318, 31.0841312408, 185.287597656, 37.4140701294, 19.4915370941, -40.6708030701], [-230.687286377, 55.831199646, -4.67935371399, -4.78082466125, 1.99684619904, -19.4537239075, -0.83809363842, -51.120349884, 37.6756057739, 37.4140701294, 149.827072144, 53.2822608948, 36.0660629272], [-267.023345947, -203.660110474, 18.8729515076, -33.9353790283, -52.4813346863, -2.31396865845, -30.3773975372, -32.7467384338, -51.7622680664, 19.4915370941, 53.2822608948, 191.639816284, 97.4748764038], [-106.045463562, -17.1328907013, -45.5300140381, -2.52658009529, -24.4117946625, 1.19589209557, -16.3452186584, -37.0318565369, -34.4072494507, -40.6708030701, 36.0660629272, 97.4748764038, 169.299560547]],
        "icov": [[0.000176854257006, -0.000338174257195, 0.000584454333875, -0.000342922983691, 8.03232833277e-05, -0.000376631302061, 0.0005922956625, -0.000493130588438, 0.000366235501133, -0.000446782214567, 0.00023986013548, -0.000256699480815, 0.000255975231994], [-0.000338174257195, 0.00259379437193, -0.00159161083866, 0.00157049775589, -0.00154334155377, 0.00138284557033, -0.00343528413214, 0.0021867074538, -0.00162127031945, 0.00256538204849, -0.00136413739529, 0.00247988943011, -0.00129000924062], [0.000584454333875, -0.00159161083866, 0.00339442677796, -0.000789282552432, 0.000565534341149, -0.0023063828703, 0.00262636994012, -0.00218154722825, 0.00176252250094, -0.00193146348465, 0.000734071189072, -0.00152364233509, 0.00159540202003], [-0.000342922983691, 0.00157049775589, -0.000789282552432, 0.0036524978932, -0.0014112124918, 0.00040888323565, -0.00342872506008, 0.00102940294892, -0.00111413269769, 0.00131466204766, -0.000951563881245, 0.00157730584033, -0.00114189391024], [8.03232833277e-05, -0.00154334155377, 0.000565534341149, -0.0014112124918, 0.00515545997769, -0.00106272415724, 0.00122591271065, -0.00106780708302, 0.00038987674634, -0.000915690383408, 0.000293049932225, -0.000761884730309, 0.000896324345376], [-0.000376631302061, 0.00138284557033, -0.0023063828703, 0.00040888323565, -0.00106272415724, 0.00603280775249, -0.00138910172973, 0.000566868868191, -0.00122955290135, 0.00236858450808, -0.00056216865778, 0.00103068107273, -0.00107063853648], [0.0005922956625, -0.00343528413214, 0.00262636994012, -0.00342872506008, 0.00122591271065, -0.00138910172973, 0.00913058500737, -0.00307458010502, 0.00204333500005, -0.00283307326026, 0.00177267799154, -0.00328427995555, 0.00232206750661], [-0.000493130588438, 0.0021867074538, -0.00218154722825, 0.00102940294892, -0.00106780708302, 0.000566868868191, -0.00307458010502, 0.00779746845365, -0.00222252425738, -0.000338929356076, 0.00126915017609, 0.00252037798055, -0.00166274432559], [0.000366235501133, -0.00162127031945, 0.00176252250094, -0.00111413269769, 0.00038987674634, -0.00122955290135, 0.00204333500005, -0.00222252425738, 0.00849498715252, -0.00243727886118, -0.0018724182155, 0.00082068471238, 0.00136606104206], [-0.000446782214567, 0.00256538204849, -0.00193146348465, 0.00131466204766, -0.000915690383408, 0.00236858450808, -0.00283307326026, -0.000338929356076, -0.00243727886118, 0.0108482204378, -0.00409714924172, 0.000246847426752, 0.00182494858745], [0.00023986013548, -0.00136413739529, 0.000734071189072, -0.000951563881245, 0.000293049932225, -0.00056216865778, 0.00177267799154, 0.00126915017609, -0.0018724182155, -0.00409714924172, 0.0108514260501, -0.00335459713824, -0.00105467438698], [-0.000256699480815, 0.00247988943011, -0.00152364233509, 0.00157730584033, -0.000761884730309, 0.00103068107273, -0.00328427995555, 0.00252037798055, 0.00082068471238, 0.000246847426752, -0.00335459713824, 0.0118516590446, -0.00606188736856], [0.000255975231994, -0.00129000924062, 0.00159540202003, -0.00114189391024, 0.000896324345376, -0.00107063853648, 0.00232206750661, -0.00166274432559, 0.00136606104206, 0.00182494858745, -0.00105467438698, -0.00606188736856, 0.0107766529545]]
    },
    "melbands": {
        "dmean": [2.80832900899e-05, 0.00016696365492, 0.000232013568166, 0.000322895182762, 0.000337004341418, 0.000504394061863, 0.000134680274641, 0.000167477599462, 7.82853385317e-05, 4.01969264203e-05, 5.22371628904e-05, 4.61368654214e-05, 5.73020988668e-05, 1.45435014929e-05, 1.96072614926e-05, 1.44839286804e-05, 1.45309131767e-05, 2.13199909922e-05, 1.43818197103e-05, 1.3140336705e-05, 1.13226788017e-05, 1.01570622064e-05, 1.418651118e-05, 2.95934319183e-06, 4.12704412156e-06, 3.44701743415e-06, 1.79153471436e-06, 2.07758671422e-06, 7.92082346379e-07, 5.97571272465e-07, 3.49800700405e-07, 1.15696821013e-07, 5.42340430343e-08, 1.84355730681e-08, 1.60532138693e-08, 1.55652291056e-08, 1.31246018498e-08, 6.55181020548e-09, 4.36414016036e-09, 3.30629958967e-08],
        "dmean2": [4.57345413452e-05, 0.000268885341939, 0.000386960600736, 0.000477683788631, 0.000497547618579, 0.000853097008076, 0.000168016762473, 0.000245246599661, 9.8168515251e-05, 5.4536438256e-05, 7.12124747224e-05, 6.27859990345e-05, 8.62779925228e-05, 2.25978510571e-05, 3.11667063215e-05, 2.32812235481e-05, 2.2925392841e-05, 3.52650495188e-05, 2.31760968745e-05, 2.10282287298e-05, 1.74633951247e-05, 1.59169831022e-05, 2.33870923694e-05, 4.77348248751e-06, 6.19663796897e-06, 5.58438705411e-06, 2.87100237983e-06, 3.41775944435e-06, 1.25585995647e-06, 9.13361077437e-07, 5.47875401935e-07, 1.80241684689e-07, 8.50643289141e-08, 3.05191676375e-08, 2.61347672392e-08, 2.55783803027e-08, 2.19172520133e-08, 1.09593072395e-08, 7.40755723427e-09, 5.702205641e-08],
        "dvar": [9.40993327703e-09, 2.62757367864e-07, 3.02830670762e-07, 3.85488647225e-07, 2.40521160322e-07, 6.79020786265e-07, 9.89565407394e-08, 1.2243496883e-07, 4.75824286639e-08, 7.09159975187e-09, 1.87423410125e-08, 1.53505972378e-08, 1.33127970869e-08, 7.16920134369e-10, 2.05224837124e-09, 1.02414055014e-09, 8.30629842685e-10, 7.33430072231e-09, 2.28009744419e-09, 1.46441814231e-09, 1.6574287498e-09, 2.25471796789e-09, 3.37393757377e-09, 6.31881283408e-11, 2.31791058569e-10, 1.58476537448e-10, 3.70193667387e-11, 6.31422414354e-11, 7.51957784234e-12, 4.96262709745e-12, 1.5168856839e-12, 1.45118848036e-13, 2.51638834959e-14, 3.53933521692e-15, 2.43554053708e-15, 5.11758883764e-15, 6.06572109638e-15, 1.42815588846e-15, 7.13037417196e-16, 6.79466655466e-14],
        "dvar2": [2.13584776532e-08, 6.82077654801e-07, 9.25187578105e-07, 8.85611598278e-07, 4.69214029408e-07, 1.90267257949e-06, 1.47872370349e-07, 2.8200554425e-07, 7.22689890154e-08, 1.36170825726e-08, 3.35622551972e-08, 2.4621808592e-08, 3.07057383964e-08, 1.67960423347e-09, 5.00526819991e-09, 2.50178189276e-09, 1.81448744918e-09, 2.03893737449e-08, 5.84024073547e-09, 3.76673936486e-09, 3.58736507167e-09, 4.13974765578e-09, 9.07106123549e-09, 1.55464474627e-10, 4.63976579379e-10, 3.97783084249e-10, 9.52015064004e-11, 1.72038036594e-10, 1.78950066571e-11, 9.56310725053e-12, 3.4609075588e-12, 3.37896133599e-13, 5.97891622821e-14, 9.26456346806e-15, 6.39211550173e-15, 1.37859711304e-14, 1.67962787911e-14, 3.83412894058e-15, 1.9523679565e-15, 2.06808474425e-13],
        "max": [0.00283765606582, 0.0118378708139, 0.0116985579953, 0.0133441872895, 0.018798654899, 0.0179403666407, 0.0131309721619, 0.0114788124338, 0.0128921093419, 0.00359228835441, 0.004892825149, 0.0110703380778, 0.0030533419922, 0.000639965117443, 0.00144485302735, 0.00105256726965, 0.00116670306306, 0.00262084230781, 0.00153533974662, 0.00127323716879, 0.00137440569233, 0.00358082959428, 0.00191323447507, 0.000290666794172, 0.000524862203747, 0.000430513493484, 0.000178219896043, 0.000271693104878, 7.64261712902e-05, 0.000132871413371, 2.90246080112e-05, 1.17556437544e-05, 4.81022607346e-06, 2.01435250347e-06, 1.57359681907e-06, 2.48187529905e-06, 2.71955582321e-06, 1.62923265634e-06, 9.59572844295e-07, 1.22585388453e-05],
        "mean": [4.6959012252e-05, 0.000314092001645, 0.000477950059576, 0.000864602799993, 0.00113726721611, 0.00114471057896, 0.000519236782566, 0.000535910599865, 0.000235420506215, 0.00010873995052, 0.000138151575811, 0.000128260930069, 0.000138963703648, 3.17485319101e-05, 3.52302049578e-05, 2.52861318586e-05, 2.78023417195e-05, 3.74095143343e-05, 2.97127025988e-05, 2.55300255958e-05, 2.30076966545e-05, 1.93424839381e-05, 2.25180883717e-05, 5.71241162106e-06, 9.53024027694e-06, 6.42972872811e-06, 3.64859420188e-06, 3.99926739192e-06, 1.69591953636e-06, 1.31357580813e-06, 7.63476634802e-07, 2.57736985532e-07, 1.13858000361e-07, 3.93610086746e-08, 3.59025520424e-08, 3.27708882253e-08, 2.38762680738e-08, 1.30743984528e-08, 9.09119446391e-09, 7.55939169039e-08],
        "median": [1.4048405319e-06, 1.01525456557e-05, 0.000130744883791, 0.000352272210876, 0.000711687665898, 0.000566749600694, 0.000107504441985, 0.000122072800878, 3.61587772204e-05, 4.18402487412e-05, 3.18457532558e-05, 4.47532183898e-05, 6.69531291351e-05, 1.4558753719e-05, 1.56223159138e-05, 9.7075208032e-06, 1.18201996884e-05, 1.32297136588e-05, 7.21654669178e-06, 6.41656151856e-06, 5.1751335377e-06, 4.56553698314e-06, 2.00786325877e-06, 1.64623861565e-06, 1.0615769952e-06, 7.28534701011e-07, 6.07042579759e-07, 3.83960866657e-07, 1.94317578917e-07, 1.2376109737e-07, 6.62747865476e-08, 3.52839073514e-08, 2.455722381e-08, 1.13181384265e-08, 6.98412438993e-09, 5.25646637328e-09, 3.52596130071e-09, 2.08794292966e-09, 1.33545607905e-09, 9.29640864289e-10],
        "min": [5.12019557978e-24, 3.36370487201e-24, 2.61556654444e-24, 3.35458966314e-23, 1.84413023555e-23, 1.12379444284e-23, 7.07943024551e-24, 5.73667814987e-24, 8.9097192854e-24, 7.32143304971e-24, 3.80591781295e-24, 9.01325017946e-24, 9.22829366222e-24, 8.89840228685e-24, 1.31505589924e-23, 9.03138135851e-24, 2.1393565384e-23, 2.08011229555e-23, 1.44332562906e-23, 1.06809715529e-23, 7.47773637175e-24, 1.5590728231e-23, 1.01035427252e-23, 7.84608392739e-24, 1.03191731205e-23, 1.38397063014e-23, 1.33145063766e-23, 9.29993564305e-24, 1.09207158483e-23, 5.66851425677e-24, 1.19882884111e-23, 8.14212054816e-24, 1.53451353208e-23, 8.97160700113e-24, 8.20180339766e-24, 1.26758414323e-23, 1.34072133102e-23, 6.31899199871e-24, 9.63194668768e-24, 1.11787625056e-23],
        "var": [3.47092345976e-08, 7.95077085058e-07, 6.86082671564e-07, 1.86058605323e-06, 1.80455731424e-06, 2.21738537221e-06, 1.31950332616e-06, 1.45142928432e-06, 4.25108680702e-07, 6.09184453992e-08, 1.23835533827e-07, 2.49685882636e-07, 4.36934506354e-08, 2.21019647029e-09, 4.33227853591e-09, 2.22639440217e-09, 2.92471225016e-09, 1.33107054268e-08, 6.91834545208e-09, 3.33956862164e-09, 4.86578999315e-09, 4.77080153161e-09, 6.25862295323e-09, 1.65097630012e-10, 1.20206378185e-09, 3.74139774717e-10, 9.86582551765e-11, 1.64456670504e-10, 2.37973789979e-11, 1.73737794984e-11, 5.13085971279e-12, 4.63035209133e-13, 7.08914467385e-14, 7.21886031583e-15, 7.93848849639e-15, 9.38104489787e-15, 7.46549852238e-15, 1.91523699671e-15, 1.17589486545e-15, 2.45066445435e-13]
    },
    "mfcc": {
        "mean": [-737.513671875, 181.822662354, -40.6005477905, 16.3903102875, -16.4991073608, -15.5815258026, -16.4931926727, -18.0134220123, -13.77825737, -17.3231658936, -19.4273719788, -12.1300239563, -6.90581417084],
        "cov": [[8031.00976562, 972.702453613, -1630.68066406, 920.865478516, -144.052886963, 21.9167232513, -22.5489902496, -36.4530830383, 189.749420166, 235.099945068, 222.015930176, 194.720123291, 36.5939407349], [972.702453613, 1732.53674316, -112.68196106, 45.9601020813, 71.5084152222, 34.4942321777, 138.417831421, 18.5468826294, 10.2382726669, -42.1964302063, 25.5334644318, -35.8264656067, -56.7183074951], [-1630.68066406, -112.68196106, 764.050354004, -242.127288818, 96.6405334473, 29.3358764648, 17.7222251892, 55.9349403381, -29.9133033752, -21.2047691345, -45.232131958, -42.9432258606, 17.9552516937], [920.865478516, 45.9601020813, -242.127288818, 485.161895752, -49.7971839905, 75.9502258301, 105.564178467, 29.2663021088, 91.8911743164, 20.9969844818, 89.4346694946, 67.2849807739, 0.629962563515], [-144.052886963, 71.5084152222, 96.6405334473, -49.7971839905, 285.472808838, 36.0510635376, 6.55512857437, 18.0334396362, 7.4876909256, 44.4124069214, 13.6301784515, 20.0476760864, 14.0223388672], [21.9167232513, 34.4942321777, 29.3358764648, 75.9502258301, 36.0510635376, 202.173202515, 59.7776184082, 44.7904319763, 6.95263385773, 10.6425971985, 12.1647195816, 14.1062679291, -8.39120292664], [-22.5489902496, 138.417831421, 17.7222251892, 105.564178467, 6.55512857437, 59.7776184082, 201.671569824, 58.701133728, 43.2088394165, -13.5094261169, 38.5801124573, 7.08392763138, -11.4488763809], [-36.4530830383, 18.5468826294, 55.9349403381, 29.2663021088, 18.0334396362, 44.7904319763, 58.701133728, 162.27230835, 64.5540542603, 4.47727680206, -12.0250253677, -12.9703102112, -11.3397083282], [189.749420166, 10.2382726669, -29.9133033752, 91.8911743164, 7.4876909256, 6.95263385773, 43.2088394165, 64.5540542603, 162.025268555, 44.2082519531, 29.1228179932, 4.98141813278, -11.6240587234], [235.099945068, -42.1964302063, -21.2047691345, 20.9969844818, 44.4124069214, 10.6425971985, -13.5094261169, 4.47727680206, 44.2082519531, 173.269821167, 80.1358947754, 45.1740341187, 5.15611743927], [222.015930176, 25.5334644318, -45.232131958, 89.4346694946, 13.6301784515, 12.1647195816, 38.5801124573, -12.0250253677, 29.1228179932, 80.1358947754, 220.826293945, 104.085365295, 2.27401804924], [194.720123291, -35.8264656067, -42.9432258606, 67.2849807739, 20.0476760864, 14.1062679291, 7.08392763138, -12.9703102112, 4.98141813278, 45.1740341187, 104.085365295, 165.538253784, 21.9537982941], [36.5939407349, -56.7183074951, 17.9552516937, 0.629962563515, 14.0223388672, -8.39120292664, -11.4488763809, -11.3397083282, -11.6240587234, 5.15611743927, 2.27401804924, 21.9537982941, 131.406097412]],
