{
"lowlevel": {
    "average_loudness": 0.081171259284,
    "barkbands_crest": {
        "dmean": 1.74995851517,
        "dmean2": 2.74497103691,
        "dvar": 3.71346855164,
        "dvar2": 8.91163158417,
        "max": 26.5999145508,
        "mean": 15.1467103958,
        "median": 14.7399044037,
        "min": 3.91495537758,
        "var": 22.5636482239
    },
    "barkbands_flatness_db": {
        "dmean": 0.0158341675997,
        "dmean2": 0.0244905557483,
        "dvar": 0.000283012195723,
        "dvar2": 0.000672355352435,
        "max": 0.558708012104,
        "mean": 0.396419882774,
        "median": 0.403838783503,
        "min": 0.0435690768063,
        "var": 0.00422764802352
    },
    "barkbands_kurtosis": {
        "dmean": 2.9333178997,
        "dmean2": 4.44770145416,
        "dvar": 37.210144043,
        "dvar2": 99.772102356,
        "max": 235.133270264,
        "mean": 9.01390266418,
        "median": 5.34077215195,
        "min": -1.93536424637,
        "var": 186.519088745
    },
    "barkbands_skewness": {
        "dmean": 0.431665539742,
        "dmean2": 0.633489847183,
        "dvar": 0.296406507492,
        "dvar2": 0.665936172009,
        "max": 8.97004032135,
        "mean": 1.48361313343,
        "median": 1.43933582306,
        "min": -9.1313123703,
        "var": 2.46336960793
    },
    "barkbands_spread": {
        "dmean": 0.968211710453,
        "dmean2": 1.49972188473,
        "dvar": 10.5440340042,
        "dvar2": 29.3879680634,
        "max": 103.044898987,
        "mean": 4.01802539825,
        "median": 2.23495006561,
        "min": 0.190505862236,
        "var": 31.857755661
    },
    "dissonance": {
        "dmean": 0.0430653057992,
        "dmean2": 0.0742366313934,
        "dvar": 0.00191390316468,
        "dvar2": 0.00545308832079,
        "max": 0.499968618155,
        "mean": 0.355656564236,
        "median": 0.363632917404,
        "min": 0.0984463840723,
        "var": 0.00594465341419
    },
    "dynamic_complexity": 6.03085613251,
    "erbbands_crest": {
        "dmean": 1.89098954201,
        "dmean2": 2.88176894188,
        "dvar": 4.74652671814,
        "dvar2": 10.8233413696,
        "max": 33.4737968445,
        "mean": 15.2753477097,
        "median": 14.3205528259,
        "min": 2.06488418579,
        "var": 33.5924110413
    },
    "erbbands_flatness_db": {
        "dmean": 0.0126024624333,
        "dmean2": 0.0188873652369,
        "dvar": 0.000192315797904,
        "dvar2": 0.000399575190386,
        "max": 0.55887901783,
        "mean": 0.399050533772,
        "median": 0.411380589008,
        "min": 0.0215105377138,
        "var": 0.00483961729333
    },
    "erbbands_kurtosis": {
        "dmean": 1.54057121277,
        "dmean2": 2.19270944595,
        "dvar": 9.72487354279,
        "dvar2": 17.9207992554,
        "max": 116.989570618,
        "mean": 4.20595693588,
        "median": 1.9511449337,
        "min": -1.88526034355,
        "var": 66.5295028687
    },
    "erbbands_skewness": {
        "dmean": 0.313719987869,
        "dmean2": 0.434794992208,
        "dvar": 0.176827087998,
        "dvar2": 0.317242950201,
        "max": 8.37793731689,
        "mean": 0.794585466385,
        "median": 0.950579047203,
        "min": -7.66211175919,
        "var": 1.97848987579
    },
    "erbbands_spread": {
        "dmean": 1.42385482788,
        "dmean2": 2.10241246223,
        "dvar": 6.48796701431,
        "dvar2": 15.1328229904,
        "max": 124.093696594,
        "mean": 9.51037788391,
        "median": 6.7805480957,
        "min": 0.408396303654,
        "var": 142.717697144
    },
    "hfc": {
        "dmean": 3.15303850174,
        "dmean2": 3.67074537277,
        "dvar": 315.256164551,
        "dvar2": 425.061004639,
        "max": 1408.81005859,
        "mean": 9.19041442871,
        "median": 3.03073787689,
        "min": 1.13847951435e-16,
        "var": 1033.06103516
    },
    "melbands_crest": {
        "dmean": 2.10349774361,
        "dmean2": 3.26597809792,
        "dvar": 5.43774366379,
        "dvar2": 13.0439071655,
        "max": 38.0909843445,
        "mean": 17.9089832306,
        "median": 17.2274436951,
        "min": 2.31799006462,
        "var": 34.4636802673
    },
    "melbands_flatness_db": {
        "dmean": 0.0162378102541,
        "dmean2": 0.0253778211772,
        "dvar": 0.000315571931424,
        "dvar2": 0.000736925576348,
        "max": 0.70662343502,
        "mean": 0.518994867802,
        "median": 0.527868509293,
        "min": 0.00531191611663,
        "var": 0.00541782239452
    },
    "melbands_kurtosis": {
        "dmean": 2.91964745522,
        "dmean2": 4.43810462952,
        "dvar": 73.5848464966,
        "dvar2": 194.290969849,
        "max": 399.838867188,
        "mean": 8.73591709137,
        "median": 5.04657888412,
        "min": -1.92121112347,
        "var": 220.83291626
    },
    "melbands_skewness": {
        "dmean": 0.39918383956,
        "dmean2": 0.590009152889,
        "dvar": 0.275193870068,
        "dvar2": 0.622698545456,
        "max": 17.3201198578,
        "mean": 1.59671640396,
        "median": 1.50957369804,
        "min": -5.7434129715,
        "var": 2.42188644409
    },
    "melbands_spread": {
        "dmean": 1.2460654974,
        "dmean2": 1.78670191765,
        "dvar": 7.15097379684,
        "dvar2": 12.8662614822,
        "max": 135.723876953,
        "mean": 6.01473665237,
        "median": 3.43058729172,
        "min": 0.357124835253,
        "var": 46.9833183289
    },
    "pitch_salience": {
        "dmean": 0.0495186038315,
        "dmean2": 0.0776186957955,
        "dvar": 0.0027954026591,
        "dvar2": 0.00679693045095,
        "max": 0.842420101166,
        "mean": 0.499379813671,
        "median": 0.507042884827,
        "min": 0.0530057772994,
        "var": 0.0171881336719
    },
    "silence_rate_20dB": {
        "dmean": 0.000984009820968,
        "dmean2": 0.00196818099357,
        "dvar": 0.000983032514341,
        "dvar2": 0.00212828582153,
        "max": 1,
        "mean": 0.998688101768,
        "median": 1,
        "min": 0,
        "var": 0.00131027796306
    },
    "silence_rate_30dB": {
        "dmean": 0.0095120947808,
        "dmean2": 0.0190257504582,
        "dvar": 0.00942222680897,
        "dvar2": 0.0206337999552,
        "max": 1,
        "mean": 0.983273208141,
        "median": 1,
        "min": 0,
        "var": 0.0164445471019
    },
    "silence_rate_60dB": {
        "dmean": 0.0278802793473,
        "dmean2": 0.0557651296258,
        "dvar": 0.0271000992507,
        "dvar2": 0.0588908009231,
        "max": 1,
        "mean": 0.221384063363,
        "median": 0,
        "min": 0,
        "var": 0.172357395291
    },
    "spectral_centroid": {
        "dmean": 37.871383667,
        "dmean2": 53.5495491028,
        "dvar": 14953.6357422,
        "dvar2": 21690.9238281,
        "max": 11649.3525391,
        "mean": 446.98614502,
        "median": 358.782592773,
        "min": 184.468261719,
        "var": 74974.15625
    },
    "spectral_complexity": {
        "dmean": 0.848052501678,
        "dmean2": 1.44366085529,
        "dvar": 1.1323595047,
        "dvar2": 2.51872873306,
        "max": 28,
        "mean": 6.82945251465,
        "median": 6,
        "min": 0,
        "var": 12.7886676788
    },
    "spectral_decrease": {
        "dmean": 1.06604691741e-09,
        "dmean2": 1.36577271714e-09,
        "dvar": 1.22306172638e-17,
        "dvar2": 1.75640900835e-17,
        "max": -5.96585027185e-29,
        "mean": -4.30044666544e-09,
        "median": -2.21549845136e-09,
        "min": -2.40831298015e-07,
        "var": 5.70905632754e-17
    },
    "spectral_energy": {
        "dmean": 0.00430163647979,
        "dmean2": 0.00547509780154,
        "dvar": 0.000216551066842,
        "dvar2": 0.000307677080855,
        "max": 1.03673005104,
        "mean": 0.0170645229518,
        "median": 0.00866743829101,
        "min": 1.0551507008e-20,
        "var": 0.000972834299318
    },
    "spectral_energyband_high": {
        "dmean": 1.52359262984e-07,
        "dmean2": 2.5746544452e-07,
        "dvar": 3.48414040674e-11,
        "dvar2": 9.64814547699e-11,
        "max": 0.0005037834635,
        "mean": 1.92826988155e-07,
        "median": 4.77624375606e-08,
        "min": 7.86748201926e-21,
        "var": 2.22883326378e-11
    },
    "spectral_energyband_low": {
        "dmean": 0.000255037331954,
        "dmean2": 0.000399007636588,
        "dvar": 7.91872821537e-07,
        "dvar2": 1.95762640942e-06,
        "max": 0.0429452359676,
        "mean": 0.000647958659101,
        "median": 0.000141700686072,
        "min": 7.36345866781e-23,
        "var": 3.90928789784e-06
    },
    "spectral_energyband_middle_high": {
        "dmean": 0.00194089359138,
        "dmean2": 0.00218760850839,
        "dvar": 0.000177968191565,
        "dvar2": 0.000234195307712,
        "max": 1.00126516819,
        "mean": 0.00384672963992,
        "median": 0.000164242141182,
        "min": 1.3427617229e-21,
        "var": 0.00055073160911
    },
    "spectral_energyband_middle_low": {
        "dmean": 0.00265094847418,
        "dmean2": 0.00373315671459,
        "dvar": 3.55339434464e-05,
        "dvar2": 6.68137727189e-05,
        "max": 0.233104020357,
        "mean": 0.0127791585401,
        "median": 0.00742223579437,
        "min": 4.17901147134e-22,
        "var": 0.000264952570433
    },
    "spectral_entropy": {
        "dmean": 0.116287432611,
        "dmean2": 0.178283557296,
        "dvar": 0.0208995044231,
        "dvar2": 0.0475651733577,
        "max": 9.8074092865,
        "mean": 5.18430614471,
        "median": 5.1009106636,
        "min": 3.4135286808,
        "var": 0.369891256094
    },
    "spectral_flux": {
        "dmean": 0.0131580438465,
        "dmean2": 0.0213183220476,
        "dvar": 0.00070106232306,
        "dvar2": 0.00173131527845,
        "max": 0.78845500946,
        "mean": 0.028917549178,
        "median": 0.0182816069573,
        "min": 1.02720526529e-10,
        "var": 0.00119960890152
    },
    "spectral_kurtosis": {
        "dmean": 33.3568077087,
        "dmean2": 57.1435317993,
        "dvar": 1051.79443359,
        "dvar2": 3028.0078125,
        "max": 453.883483887,
        "mean": 160.610092163,
        "median": 159.559829712,
        "min": -1.17268490791,
        "var": 5252.69970703
    },
    "spectral_rms": {
        "dmean": 0.000385207822546,
        "dmean2": 0.000505200470798,
        "dvar": 4.89067929266e-07,
        "dvar2": 7.709678016e-07,
        "max": 0.0318032056093,
        "mean": 0.00335939624347,
        "median": 0.00290792668238,
        "min": 3.20845021558e-12,
        "var": 5.36272818863e-06
    },
    "spectral_rolloff": {
        "dmean": 67.3598251343,
        "dmean2": 119.858451843,
        "dvar": 158906.1875,
        "dvar2": 412512.5,
        "max": 18346.2890625,
        "mean": 577.900146484,
        "median": 430.6640625,
        "min": 21.533203125,
        "var": 194568.203125
    },
    "spectral_skewness": {
        "dmean": 1.28748571873,
        "dmean2": 2.23989486694,
        "dvar": 1.41083478928,
        "dvar2": 3.93873977661,
        "max": 17.7459125519,
        "mean": 9.8290719986,
        "median": 10.114692688,
        "min": -0.0712135881186,
        "var": 8.51483631134
    },
    "spectral_spread": {
        "dmean": 280413.59375,
        "dmean2": 500782.71875,
        "dvar": 129262116864,
        "dvar2": 252398338048,
        "max": 39805720,
        "mean": 1020281.3125,
        "median": 768192,
        "min": 237851.546875,
        "var": 1.83453981082e+12
    },
    "spectral_strongpeak": {
        "dmean": 0.389170736074,
        "dmean2": 0.543394207954,
        "dvar": 1.45947611332,
        "dvar2": 2.24494338036,
        "max": 52.4274597168,
        "mean": 1.27465677261,
        "median": 0.718996882439,
        "min": 0,
        "var": 5.27698516846
    },
    "zerocrossingrate": {
        "dmean": 0.00246931379661,
        "dmean2": 0.00299163372256,
        "dvar": 5.06034302816e-05,
        "dvar2": 7.70358819864e-05,
        "max": 0.4716796875,
        "mean": 0.0223180875182,
        "median": 0.01708984375,
        "min": 0.0009765625,
        "var": 0.000258659245446
    },
    "barkbands": {
        "dmean": [1.46008073898e-06, 0.000109695480205, 0.000102564161352, 0.000191011058632, 0.00143800396472, 0.000761792005505, 0.000386319909012, 0.000280642852886, 0.000452936830698, 0.00034917567973, 0.00040354320663, 0.000454062334029, 0.000813501945231, 4.00888857257e-05, 8.10548663139e-05, 1.14136255434e-05, 1.38759025958e-06, 1.07928269699e-06, 3.98857736172e-07, 1.68798663935e-07, 3.77172746369e-08, 2.91858057722e-08, 1.71376939306e-08, 7.64010987808e-09, 3.91584809023e-09, 4.16846335227e-09, 2.90047119655e-09],
        "dmean2": [2.52912650467e-06, 0.000175313965883, 0.000163521108334, 0.000304263783619, 0.00212410883978, 0.00114234071225, 0.000599748920649, 0.000403138023103, 0.000584969180636, 0.000518061977345, 0.000493583094794, 0.000544850598089, 0.000842635170557, 5.90254967392e-05, 9.88156243693e-05, 1.52933589561e-05, 2.15915474655e-06, 1.53367705025e-06, 5.41555493783e-07, 2.75184959264e-07, 6.19271460778e-08, 5.29952863815e-08, 3.22916129392e-08, 1.38430609198e-08, 6.7664878145e-09, 7.61829621609e-09, 5.14205700242e-09],
        "dvar": [6.06359884178e-12, 2.55699802665e-07, 1.11380067835e-07, 4.96876964462e-07, 1.00684101199e-05, 5.54372309125e-06, 1.76541846031e-06, 3.15366605719e-06, 1.10062383101e-05, 1.15619304779e-05, 1.93235173356e-05, 2.64198188233e-05, 9.44591229199e-05, 3.45764362919e-07, 7.25924701328e-06, 3.99395538864e-08, 1.34075056613e-10, 2.01524338883e-10, 1.51645345586e-11, 1.73786401936e-11, 7.93144846675e-13, 2.79220136595e-12, 1.05596174166e-12, 1.77729616506e-13, 2.29715115067e-14, 1.35317960247e-14, 2.23162836646e-15],
        "dvar2": [1.50953381739e-11, 5.83726318837e-07, 2.90435536954e-07, 1.31481328935e-06, 2.14406081795e-05, 1.01839741546e-05, 4.15752128902e-06, 7.66376433603e-06, 1.52578832058e-05, 2.52716072282e-05, 2.26949596254e-05, 3.70929192286e-05, 0.000126723214635, 9.19375793274e-07, 1.38282994158e-05, 8.51242347721e-08, 3.27697202707e-10, 3.99457439348e-10, 3.16266839107e-11, 4.53442491888e-11, 2.15621856307e-12, 8.11003694756e-12, 3.08724660419e-12, 5.05771694057e-13, 6.25209519572e-14, 3.90396502831e-14, 6.47234010975e-15],
        "max": [8.85632034624e-05, 0.0200177431107, 0.0105891795829, 0.0519804134965, 0.115439973772, 0.0986823812127, 0.0484982579947, 0.0983811765909, 0.188298359513, 0.17100597918, 0.367204785347, 0.430678158998, 0.891798913479, 0.0458113700151, 0.272994399071, 0.0152861569077, 0.000458188966149, 0.00139183748979, 0.000213986204471, 0.000290579337161, 5.48300813534e-05, 0.000137655835715, 8.30717981444e-05, 3.52851529897e-05, 1.33026524054e-05, 8.29615510156e-06, 3.88405487683e-06],
        "mean": [1.6332968471e-06, 0.000232551581576, 0.000233592480072, 0.000435457739513, 0.00554856238887, 0.00327544286847, 0.00145391013939, 0.000832502264529, 0.00117861828767, 0.000540671695489, 0.000671232584864, 0.000871831085533, 0.00159161654301, 6.7616783781e-05, 0.000106856663479, 1.67720099853e-05, 2.57004626292e-06, 1.90890204976e-06, 8.41916801164e-07, 1.72619110117e-07, 4.34483524714e-08, 2.39987851813e-08, 1.41896432382e-08, 8.71977157146e-09, 7.89610243856e-09, 1.0426297159e-08, 1.59928905674e-08],
        "median": [8.0198356045e-07, 2.40578992816e-05, 4.64363984065e-05, 0.000115095594083, 0.00273002358153, 0.00122012523934, 0.000467015139293, 0.000101872225059, 0.000102448568214, 2.86602808046e-05, 2.04404532269e-05, 1.55959060066e-05, 1.089251964e-05, 1.95296661332e-06, 6.37965285932e-07, 2.16918635942e-07, 4.56584317021e-08, 2.70316746764e-08, 9.51612122435e-09, 6.32433128089e-09, 4.31931024281e-09, 3.3833531532e-09, 3.51918494346e-09, 4.03578415131e-09, 5.53932721914e-09, 8.47124503878e-09, 1.5300155809e-08],
        "min": [4.10890161616e-23, 3.21966005401e-23, 1.21161990514e-23, 2.22383517942e-23, 2.27548379615e-23, 6.98741877171e-23, 7.44889861473e-23, 6.16069822283e-23, 1.34165146113e-22, 6.64250985128e-23, 6.18273205455e-23, 3.05874473558e-23, 5.52341346956e-23, 1.34187309949e-22, 1.12703396326e-22, 1.94378987361e-22, 1.78387703961e-22, 2.30010155754e-22, 1.58057508878e-22, 3.61130046337e-22, 5.3246379395e-22, 5.02621375232e-22, 7.14420304646e-22, 8.73018959484e-22, 1.2235972276e-21, 1.78594978742e-21, 2.25750069576e-21],
        "var": [8.60958873639e-12, 1.02078149666e-06, 3.87812718827e-07, 2.87524539999e-06, 6.67476197123e-05, 4.33127752331e-05, 9.88766805676e-06, 1.05058852569e-05, 3.99062264478e-05, 2.15385371121e-05, 4.68360813102e-05, 7.41432741052e-05, 0.000274973950582, 3.54546386916e-07, 1.18959133033e-05, 5.28395780464e-08, 2.4251328723e-10, 3.8550079795e-10, 5.15500593601e-11, 1.3229545931e-11, 5.65829718149e-13, 1.57129149102e-12, 5.6997212939e-13, 1.03254752838e-13, 1.49552001642e-14, 7.61399356243e-15, 1.24383781337e-15]
    },
    "erbbands": {
        "dmean": [0.00140314933378, 0.030620444566, 0.108027011156, 0.399735271931, 2.50829529762, 5.08042049408, 6.61494827271, 6.61395978928, 6.64816713333, 4.10921478271, 6.29392957687, 11.4731330872, 7.42341327667, 17.6900844574, 11.0389184952, 19.031873703, 30.2166481018, 13.9708271027, 2.49445104599, 3.73025155067, 0.57113224268, 0.0971403494477, 0.0725190117955, 0.0247559975833, 0.0139084085822, 0.00728227803484, 0.00231184996665, 0.00130613846704, 0.00120344117749, 0.000817899010144, 0.000393943511881, 0.000154439505422, 0.000122899218695, 4.55046829302e-05, 3.31210285367e-05, 1.48654826262e-05, 1.16979263112e-05, 2.55898430623e-06, 2.40927374762e-06, 4.99128464071e-06],
        "dmean2": [0.00213264115155, 0.0490855686367, 0.174187943339, 0.628067493439, 3.62124824524, 7.71698474884, 9.47380542755, 10.3362560272, 10.5280799866, 5.83566713333, 8.87735271454, 14.7015228271, 10.2078342438, 22.576669693, 13.979765892, 21.8703231812, 30.9642543793, 15.0818023682, 3.16213726997, 4.4810667038, 0.735836029053, 0.137797534466, 0.103259973228, 0.0333371125162, 0.019916575402, 0.0120385922492, 0.0034987127874, 0.0020787618123, 0.0021973263938, 0.00155465351418, 0.000727346923668, 0.000272488337941, 0.0002217033325, 7.59846734582e-05, 5.74132754991e-05, 2.49298045674e-05, 2.11048809433e-05, 4.35066385762e-06, 3.11335020342e-06, 6.29409578323e-06],
        "dvar": [4.21951954195e-05, 0.0194717794657, 0.155163928866, 2.14111948013, 39.7800750732, 153.216964722, 325.142944336, 396.097137451, 667.500305176, 279.410736084, 2467.94604492, 8525.7890625, 3553.1184082, 26371.890625, 8803.86621094, 42172.03125, 114582.976562, 27186.9042969, 1590.73486328, 14841.9111328, 101.469841003, 0.852390050888, 0.934630930424, 0.067520827055, 0.0252957493067, 0.0374916307628, 0.00293038855307, 0.000876509118825, 0.00460650352761, 0.00282198796049, 0.000439613941126, 5.92305077589e-05, 4.38445058535e-05, 2.53038524534e-06, 1.8038952021e-06, 1.40082065059e-07, 1.2267122429e-07, 1.90182913862e-09, 1.59234958552e-10, 3.27390559107e-10],
        "dvar2": [9.31031463551e-05, 0.04488170892, 0.411448717117, 5.99001026154, 84.1074371338, 360.691741943, 593.05871582, 821.639404297, 1532.05004883, 512.613952637, 6320.44042969, 11429.9726562, 6421.67626953, 40310.6875, 12999.7060547, 55851.1328125, 149146.28125, 38956.8085938, 2971.80444336, 28254.5273438, 203.051300049, 1.66810894012, 1.8402775526, 0.134957492352, 0.059898879379, 0.103400103748, 0.00678199576214, 0.00230394420214, 0.0134742325172, 0.00833211373538, 0.00127409817651, 0.000165663819644, 0.000125027290778, 6.6856232479e-06, 5.04217996422e-06, 3.8016162307e-07, 3.60541662303e-07, 5.4220397061e-09, 3.05454078697e-10, 4.60387117318e-10],
        "max": [0.360845148563, 5.45047092438, 15.7522687912, 86.7543029785, 333.087982178, 413.588195801, 706.828552246, 680.339050293, 1250.53051758, 922.59576416, 2796.39331055, 5501.7421875, 3465.42285156, 11940.7314453, 7679.52685547, 12513.2871094, 31894.8085938, 14446.4453125, 3863.42602539, 12305.7910156, 733.211364746, 73.5438308716, 95.6899642944, 16.9258804321, 9.43323707581, 14.2661190033, 4.65975666046, 1.89105331898, 5.51237726212, 4.24959230423, 1.70806109905, 0.65647995472, 0.553540229797, 0.143525466323, 0.115058407187, 0.0331124663353, 0.0200681146234, 0.00353419245221, 0.0012231010478, 0.00134742225055],
        "mean": [0.00300378189422, 0.0653069987893, 0.236005932093, 1.05336987972, 7.90355062485, 18.1559143066, 27.720949173, 28.7135639191, 27.3115844727, 14.2265396118, 18.6677360535, 30.1648616791, 15.9857168198, 27.9350681305, 21.8563556671, 37.9197845459, 60.3025627136, 27.0770530701, 4.14713096619, 5.08347797394, 0.816122293472, 0.176830381155, 0.133971869946, 0.0532932803035, 0.0251927841455, 0.00794246234, 0.00294683175161, 0.00161161727738, 0.000984891783446, 0.000608762027696, 0.000377120100893, 0.000193928121007, 0.000155067449668, 9.63255370152e-05, 7.01096869307e-05, 4.39569157606e-05, 2.6714613341e-05, 9.40936388361e-06, 1.05982662717e-05, 1.95940065169e-05],
        "median": [0.000455503584817, 0.00765362102538, 0.0522557944059, 0.327292501926, 1.92382502556, 7.98132562637, 12.4606227875, 10.6618232727, 10.0944728851, 2.8838891983, 2.90379548073, 2.54695510864, 1.59338569641, 1.23604309559, 1.01630949974, 0.715366840363, 0.560673177242, 0.261277347803, 0.11300034821, 0.0421040579677, 0.0145945753902, 0.0044775037095, 0.00241452315822, 0.000799694098532, 0.000532357138582, 0.000318448699545, 0.000210525497096, 0.000167278514709, 0.000129535095766, 0.00011258883751, 0.000106369741843, 8.82279564394e-05, 7.63549905969e-05, 6.33928575553e-05, 4.80069174955e-05, 3.35296645062e-05, 1.9312965378e-05, 7.93743311078e-06, 6.27399549558e-06, 9.85564111033e-06],
        "min": [1.86684465859e-21, 3.96626399033e-21, 8.04522164559e-21, 5.52768420347e-20, 5.36982292279e-20, 1.07909827424e-19, 3.73523073272e-19, 5.06767239197e-19, 1.40001259593e-18, 5.91448355142e-19, 1.692935759e-18, 3.96323862247e-18, 2.48005787564e-18, 1.31978807063e-18, 2.69881943711e-18, 1.55613859385e-18, 2.83392077861e-18, 6.35334598317e-18, 5.96496566042e-18, 6.14898977207e-18, 1.10782587175e-17, 1.08085978378e-17, 1.05268626027e-17, 1.10770535154e-17, 9.20345634073e-18, 1.6063207258e-17, 2.09358271528e-17, 2.11616077554e-17, 1.54240977382e-17, 2.1656121141e-17, 1.91387044801e-17, 2.0092519827e-17, 1.41544466355e-17, 1.05804010407e-17, 1.04592389333e-17, 6.51354563881e-18, 3.35729718412e-18, 1.49544039069e-18, 2.87790559069e-19, 3.14399783228e-20],
        "var": [0.000186098463018, 0.0763594657183, 0.43287602067, 10.1466779709, 307.461517334, 767.477600098, 2094.26489258, 2904.04663086, 4383.42871094, 1290.84899902, 6923.95605469, 31004.1660156, 9801.26171875, 59870.3632812, 25505.46875, 129223.390625, 344731.3125, 75277.0703125, 2769.16967773, 24441.2773438, 151.277481079, 1.66994178295, 1.83237993717, 0.228578001261, 0.0408840067685, 0.0250153467059, 0.00276760407723, 0.000695081311278, 0.00251721753739, 0.00148462073412, 0.000243862697971, 3.60495287168e-05, 2.53905327554e-05, 1.77315621386e-06, 1.10607197712e-06, 9.37828588121e-08, 6.5970745311e-08, 1.15474663165e-09, 3.81368603364e-10, 1.39221001394e-09]
    },
    "gfcc": {
        "mean": [-255.744384766, 221.813201904, -67.6857299805, -67.2111434937, -47.0652580261, -15.6653900146, -40.664981842, -27.1584682465, -22.6421756744, -8.83884906769, -6.19174957275, -6.08455896378, -4.03120088577],
        "cov": [[6308.71728516, 2154.72924805, -2091.2668457, -888.534240723, 699.60559082, -354.88659668, -29.8891944885, -222.424758911, 98.6172180176, -97.6780776978, 312.921356201, -153.935745239, 65.3112640381], [2154.72924805, 1335.56335449, -193.379104614, -515.685791016, 35.2480430603, -170.545455933, -125.192893982, -237.256637573, -15.4824047089, -83.5660705566, 69.118270874, -85.8931884766, 34.1102790833], [-2091.2668457, -193.379104614, 1498.4152832, 292.51171875, -488.061035156, 50.7966156006, -41.683303833, -91.5312805176, -107.410652161, -45.9995498657, -156.893417358, -2.80830478668, -24.7254867554], [-888.534240723, -515.685791016, 292.51171875, 491.926025391, 52.0999641418, 102.413154602, 130.928131104, 159.90725708, 0.0315355956554, 18.0018692017, -54.5186691284, 16.0090866089, -43.4570579529], [699.60559082, 35.2480430603, -488.061035156, 52.0999641418, 382.744171143, 113.312149048, 40.8861999512, 31.8827972412, 47.2493896484, 38.6986694336, 57.3802490234, -26.9830055237, -31.3638458252], [-354.88659668, -170.545455933, 50.7966156006, 102.413154602, 113.312149048, 256.814208984, 97.3983459473, 0.306234627962, -25.5559177399, 42.4308738708, -9.64604854584, -8.18097877502, -43.4067077637], [-29.8891944885, -125.192893982, -41.683303833, 130.928131104, 40.8861999512, 97.3983459473, 210.738067627, 150.330383301, -4.97400188446, -24.6467838287, -16.660943985, 4.8175034523, -11.929520607], [-222.424758911, -237.256637573, -91.5312805176, 159.90725708, 31.8827972412, 0.306234627962, 150.330383301, 290.339935303, 101.427612305, -22.4946060181, -45.4174346924, 28.3958034515, 1.68554353714], [98.6172180176, -15.4824047089, -107.410652161, 0.0315355956554, 47.2493896484, -25.5559177399, -4.97400188446, 101.427612305, 133.583938599, 43.5865859985, -11.5190019608, -7.5786113739, 9.25708961487], [-97.6780776978, -83.5660705566, -45.9995498657, 18.0018692017, 38.6986694336, 42.4308738708, -24.6467838287, -22.4946060181, 43.5865859985, 111.051712036, 53.9089775085, -1.83627748489, -22.8873748779], [312.921356201, 69.118270874, -156.893417358, -54.5186691284, 57.3802490234, -9.64604854584, -16.660943985, -45.4174346924, -11.5190019608, 53.9089775085, 132.469100952, 43.868927002, -22.9418964386], [-153.935745239, -85.8931884766, -2.80830478668, 16.0090866089, -26.9830055237, -8.18097877502, 4.8175034523, 28.3958034515, -7.5786113739, -1.83627748489, 43.868927002, 107.481262207, 47.9858055115], [65.3112640381, 34.1102790833, -24.7254867554, -43.4570579529, -31.3638458252, -43.4067077637, -11.929520607, 1.68554353714, 9.25708961487, -22.8873748779, -22.9418964386, 47.9858055115, 120.035232544]],
        "icov": [[0.00386395608075, -0.00543890101835, 0.00548827089369, -0.00436841091141, 0.00160479312763, 0.00136583636049, -0.0044994209893, 0.00667299609631, -0.00690083485097, 0.00646668439731, -0.00484574679285, 0.00296761421487, -0.000982770230621], [-0.00543890101835, 0.0100121721625, -0.00900220684707, 0.00889721978456, -0.00472986092791, 0.000232375619817, 0.00388513482176, -0.0074186171405, 0.00795229431242, -0.00705442856997, 0.00536120031029, -0.00295768002979, 0.00106809590943], [0.00548827089369, -0.00900220684707, 0.0115494802594, -0.0110432086512, 0.00896917004138, -0.00267303315923, -0.00316131138243, 0.0105756735429, -0.0119560128078, 0.0123592410237, -0.00810412876308, 0.00537805398926, -0.00155305559747], [-0.00436841091141, 0.00889721978456, -0.0110432086512, 0.0159160681069, -0.0120883733034, 0.00609354069456, -0.00107573135756, -0.0096837291494, 0.0133023941889, -0.0148872584105, 0.0117687974125, -0.00760128255934, 0.00383361661807], [0.00160479312763, -0.00472986092791, 0.00896917004138, -0.0120883733034, 0.018082274124, -0.0125377317891, 0.0066715888679, 0.00307795964181, -0.0101266019046, 0.0136499321088, -0.0128962127492, 0.00968436151743, -0.00419997423887], [0.00136583636049, 0.000232375619817, -0.00267303315923, 0.00609354069456, -0.0125377317891, 0.0187665205449, -0.0152920605615, 0.00765321915969, 0.0022084901575, -0.0112055521458, 0.0128702819347, -0.0103063127026, 0.0070023983717], [-0.0044994209893, 0.00388513482176, -0.00316131138243, -0.00107573135756, 0.0066715888679, -0.0152920605615, 0.0277155395597, -0.0228486526757, 0.0151749430224, -0.001382037648, -0.00589267816395, 0.00830164737999, -0.0062866252847], [0.00667299609631, -0.0074186171405, 0.0105756735429, -0.0096837291494, 0.00307795964181, 0.00765321915969, -0.0228486526757, 0.0350630432367, -0.031519588083, 0.0191652216017, -0.00312195951119, -0.00449956674129, 0.00524569675326], [-0.00690083485097, 0.00795229431242, -0.0119560128078, 0.0133023941889, -0.0101266019046, 0.0022084901575, 0.0151749430224, -0.031519588083, 0.0449619069695, -0.0344648808241, 0.0188352260739, -0.00553224049509, -0.000275908678304], [0.00646668439731, -0.00705442856997, 0.0123592410237, -0.0148872584105, 0.0136499321088, -0.0112055521458, -0.001382037648, 0.0191652216017, -0.0344648808241, 0.0488185323775, -0.0340014509857, 0.0193804074079, -0.00752970017493], [-0.00484574679285, 0.00536120031029, -0.00810412876308, 0.0117687974125, -0.0128962127492, 0.0128702819347, -0.00589267816395, -0.00312195951119, 0.0188352260739, -0.0340014509857, 0.0450512990355, -0.0313039347529, 0.0176361463964], [0.00296761421487, -0.00295768002979, 0.00537805398926, -0.00760128255934, 0.00968436151743, -0.0103063127026, 0.00830164737999, -0.00449956674129, -0.00553224049509, 0.0193804074079, -0.0313039347529, 0.0361436158419, -0.0190366115421], [-0.000982770230621, 0.00106809590943, -0.00155305559747, 0.00383361661807, -0.00419997423887, 0.0070023983717, -0.0062866252847, 0.00524569675326, -0.000275908678304, -0.00752970017493, 0.0176361463964, -0.0190366115421, 0.0199328884482]]
    },
    "melbands": {
        "dmean": [2.20034689846e-05, 5.07867443957e-05, 0.000111572771857, 0.000276767095784, 0.000241677305894, 0.000148602950503, 9.32406255743e-05, 4.8895344662e-05, 5.60143125767e-05, 7.05192360329e-05, 3.8797774323e-05, 7.31932159397e-05, 4.05081373174e-05, 5.46792762179e-05, 2.42143105424e-05, 0.000105642415292, 1.34651027111e-05, 2.61556760961e-06, 8.55461530591e-06, 1.3580323639e-06, 4.98091026202e-07, 8.1783468886e-08, 6.908386041e-08, 4.68331577963e-08, 1.99987457705e-08, 1.21828769295e-08, 8.6503835206e-09, 3.9564671539e-09, 1.62027147255e-09, 1.13393305856e-09, 5.54414791853e-10, 6.76363853813e-10, 5.83804116161e-10, 4.43869913047e-10, 2.94506058429e-10, 6.90668425229e-11, 1.09371657564e-10, 9.6985239284e-11, 6.23005536049e-11, 2.98478221306e-11],
        "dmean2": [3.47283530573e-05, 8.10603669379e-05, 0.000171820429387, 0.000402034114813, 0.000355855532689, 0.000229518758715, 0.00014597500558, 6.8818917498e-05, 7.73806532379e-05, 9.16051503737e-05, 5.47562303836e-05, 9.51483525569e-05, 5.14440180268e-05, 6.52498783893e-05, 2.85612823063e-05, 0.000108086038381, 1.58095299412e-05, 3.86815418096e-06, 1.03967295217e-05, 1.71064220922e-06, 6.54155655866e-07, 1.27088142676e-07, 9.82576722208e-08, 6.7059559683e-08, 2.66279887029e-08, 1.77863590523e-08, 1.33945805558e-08, 6.71314115408e-09, 2.56225596296e-09, 1.84913517831e-09, 8.63080162894e-10, 1.22316012874e-09, 1.10066322723e-09, 8.52078518854e-10, 5.51660273018e-10, 1.12275432007e-10, 1.98935867779e-10, 1.77969028403e-10, 1.10365327988e-10, 4.89798965275e-11],
        "dvar": [1.03465271906e-08, 3.79635913816e-08, 9.05585935129e-08, 4.19726319478e-07, 4.02630803364e-07, 2.11896434621e-07, 1.22291325511e-07, 4.64892977448e-08, 2.10958077673e-07, 2.9131501833e-07, 1.18344644306e-07, 4.22736633254e-07, 1.40230753232e-07, 4.4380789177e-07, 6.1941946683e-08, 1.64632922406e-06, 2.5012056426e-08, 1.00386354784e-09, 9.09567106078e-08, 6.59853782725e-10, 1.1881484685e-10, 5.20678552357e-13, 4.52544252072e-13, 4.99254609009e-13, 4.84995039734e-14, 2.03638866972e-14, 3.08053346829e-14, 1.42060088397e-14, 1.88833650085e-15, 8.37734643076e-16, 1.21021129358e-16, 1.38708919008e-15, 1.32243410643e-15, 8.75727511832e-16, 2.5980702778e-16, 3.70109640096e-18, 3.68857834588e-17, 2.98804636429e-17, 7.85441326998e-18, 5.33520896845e-19],
        "dvar2": [2.34896617712e-08, 9.43831608424e-08, 2.37996601982e-07, 8.25860411169e-07, 8.04933847576e-07, 4.27340438591e-07, 2.73793574479e-07, 8.70234231343e-08, 5.08677544531e-07, 4.00954007773e-07, 2.22412040785e-07, 7.00298073752e-07, 1.83779164331e-07, 6.35576270724e-07, 8.10749369862e-08, 2.17718024942e-06, 4.35900595619e-08, 2.17979034822e-09, 1.76139621999e-07, 1.2378555958e-09, 2.25507376661e-10, 1.27225020883e-12, 8.13381751275e-13, 9.70783566381e-13, 9.1106511441e-14, 4.81675077157e-14, 7.94201130642e-14, 3.95328335226e-14, 4.04074060521e-15, 2.22270296854e-15, 3.00554103573e-16, 4.02830997319e-15, 3.91533356572e-15, 2.5857135494e-15, 7.58847129506e-16, 8.98829260133e-18, 1.05190374742e-16, 8.58821131251e-17, 2.19396472221e-17, 1.28320269931e-18],
        "max": [0.0039248643443, 0.00785173941404, 0.0176245346665, 0.031244635582, 0.0219055786729, 0.017426315695, 0.0164972636849, 0.0121617680416, 0.0248570833355, 0.0303317587823, 0.0203113462776, 0.0440665371716, 0.0281201805919, 0.0652828589082, 0.0137210590765, 0.119097582996, 0.0118608390912, 0.00172655994538, 0.0301955007017, 0.00229148683138, 0.00106189725921, 3.08686685457e-05, 4.93421248393e-05, 7.10907916073e-05, 1.59192022693e-05, 7.31019054001e-06, 1.09796210381e-05, 9.55709674599e-06, 3.79543666895e-06, 2.316382961e-06, 8.81985727119e-07, 3.06197739519e-06, 2.89661556963e-06, 2.36558685174e-06, 1.2963600966e-06, 1.82844473784e-07, 5.06851733917e-07, 4.52397074469e-07, 2.3954200401e-07, 7.01704081507e-08],
        "mean": [4.72239298688e-05, 0.000115538081445, 0.000304443266941, 0.00098844524473, 0.000995495356619, 0.000643441453576, 0.000380001729354, 0.000157596572535, 0.000157766859047, 0.000183808020665, 7.7516087913e-05, 0.00011366992112, 7.27822698536e-05, 0.000105026694655, 5.03158007632e-05, 0.000205952324905, 2.50647572102e-05, 4.33360082752e-06, 1.11987528726e-05, 2.01998136617e-06, 6.8949850629e-07, 1.46398761558e-07, 1.31044032514e-07, 8.16711889229e-08, 4.2581685733e-08, 2.23936815757e-08, 1.07955395734e-08, 3.94829502426e-09, 2.10738759776e-09, 1.31009247895e-09, 7.04098890303e-10, 5.5307508573e-10, 4.24255269804e-10, 3.10554609806e-10, 2.50747922426e-10, 1.07294985396e-10, 1.1350718282e-10, 1.03515557237e-10, 8.75312738957e-11, 6.49958351029e-11],
        "median": [5.50197000848e-06, 2.2187774448e-05, 8.68357601576e-05, 0.000333860283718, 0.000465877586976, 0.000238421736867, 0.000133151217597, 2.32057682297e-05, 2.02360388357e-05, 1.45216472447e-05, 6.93517904438e-06, 4.63097694592e-06, 2.82671317109e-06, 2.40873828261e-06, 5.86164446759e-07, 1.13063549634e-06, 2.79890116417e-07, 1.27939529193e-07, 4.37633218553e-08, 2.86551724571e-08, 9.05262353967e-09, 2.80199374814e-09, 2.57672949644e-09, 1.03808073249e-09, 4.21841117593e-10, 3.49948292566e-10, 2.62515842397e-10, 1.70200881167e-10, 1.25387061845e-10, 1.00089533883e-10, 8.75637479192e-11, 7.02276292674e-11, 6.10782396882e-11, 5.839650985e-11, 5.89880366775e-11, 5.25681650987e-11, 4.89741164289e-11, 4.83031566134e-11, 4.89570328721e-11, 4.76355829782e-11],
        "min": [1.40444898593e-23, 4.54114012092e-24, 9.23536343366e-24, 5.75502626567e-24, 1.04793781485e-23, 1.31584247244e-23, 1.90023970293e-23, 6.30575885702e-24, 1.47760589524e-23, 2.40097563118e-23, 1.13652555345e-23, 4.86256189118e-24, 9.99886561622e-24, 3.11858527838e-24, 6.37136684079e-24, 5.92023543289e-24, 1.2665220209e-23, 8.93701939475e-24, 9.46341286616e-24, 8.18740195298e-24, 1.4409025639e-23, 1.16056372295e-23, 8.79047743755e-24, 1.08499818464e-23, 8.8610252683e-24, 5.37135114264e-24, 8.4864236234e-24, 1.10243540274e-23, 1.34214238505e-23, 1.46442576501e-23, 1.02441011724e-23, 7.58092332246e-24, 1.16919859442e-23, 1.24550455758e-23, 1.08682652756e-23, 1.17888612188e-23, 1.24947797107e-23, 8.79190764237e-24, 1.06670039817e-23, 8.07571818146e-24],
        "var": [4.16929886171e-08, 1.28091599549e-07, 5.07854167608e-07, 3.31094861394e-06, 2.36140135712e-06, 1.6458443497e-06, 8.13851784187e-07, 1.93582948782e-07, 5.66003222957e-07, 1.03869354007e-06, 3.02990144974e-07, 9.20845707242e-07, 3.60087938134e-07, 1.18452612696e-06, 2.03974892088e-07, 4.82731411466e-06, 5.79618024688e-08, 1.70176261971e-09, 1.45055480516e-07, 1.12341025371e-09, 1.94439353507e-10, 8.91805997539e-13, 1.01316307774e-12, 9.67171655264e-13, 2.12794761196e-13, 3.7952757934e-14, 2.69903067588e-14, 9.07297901495e-15, 1.99228311359e-15, 6.60711003968e-16, 1.10160373647e-16, 7.77969162988e-16, 6.91759526045e-16, 4.59630411548e-16, 1.40833150585e-16, 3.06886323363e-18, 2.12926761778e-17, 1.69064351744e-17, 4.79874646225e-18, 4.47948390392e-19]
    },
    "mfcc": {
        "mean": [-888.22442627, 237.730941772, 46.733001709, -25.7601127625, -11.3289985657, -2.01488161087, -10.1215486526, -17.598236084, -17.8519554138, -12.957239151, -8.55419826508, -7.55855894089, -6.91313743591],
        "cov": [[4276.52587891, 2500.89208984, -1480.88867188, -812.870300293, 213.259567261, -64.3592681885, -150.653869629, -90.1536712646, -142.454025269, -72.8796615601, 64.6125793457, 68.0364456177, 0.391383677721], [2500.89208984, 1870.03405762, -373.473358154, -522.166931152, -9.11991882324, -16.4036254883, -130.008010864, -158.036453247, -157.433731079, -97.0664596558, -18.2100429535, -8.69479942322, -47.8833427429], [-1480.88867188, -373.473358154, 1244.33581543, 372.42288208, -263.997192383, 7.81403827667, 28.113193512, -76.191696167, -36.6533889771, -48.9273872375, -111.129066467, -96.0479812622, -57.1860656738], [-812.870300293, -522.166931152, 372.42288208, 397.574005127, 24.1118049622, -43.6788864136, 51.1852760315, 76.4537887573, 59.7348518372, 24.1055145264, -13.7370128632, -13.7620105743, 11.1429185867], [213.259567261, -9.11991882324, -263.997192383, 24.1118049622, 217.720046997, 84.7685928345, 7.55314922333, 32.4324264526, 31.7037334442, 38.5099945068, 58.4107894897, 41.7129707336, 10.8809156418], [-64.3592681885, -16.4036254883, 7.81403827667, -43.6788864136, 84.7685928345, 212.648193359, 109.20652771, -25.9374351501, -32.7664031982, 8.79706573486, 29.5504283905, 14.6275777817, -22.5574359894], [-150.653869629, -130.008010864, 28.113193512, 51.1852760315, 7.55314922333, 109.20652771, 196.106903076, 106.662071228, 0.858875155449, -3.46628570557, 26.2540340424, 23.4118003845, -1.84331297874], [-90.1536712646, -158.036453247, -76.191696167, 76.4537887573, 32.4324264526, -25.9374351501, 106.662071228, 210.725128174, 132.492431641, 28.0023345947, 12.7598848343, 35.4017372131, 36.8625831604], [-142.454025269, -157.433731079, -36.6533889771, 59.7348518372, 31.7037334442, -32.7664031982, 0.858875155449, 132.492431641, 201.997894287, 105.042190552, -18.7984580994, -19.2540054321, 32.9481277466], [-72.8796615601, -97.0664596558, -48.9273872375, 24.1055145264, 38.5099945068, 8.79706573486, -3.46628570557, 28.0023345947, 105.042190552, 139.261108398, 63.7214393616, -19.4989509583, -25.2213764191], [64.6125793457, -18.2100429535, -111.129066467, -13.7370128632, 58.4107894897, 29.5504283905, 26.2540340424, 12.7598848343, -18.7984580994, 63.7214393616, 173.320587158, 100.408920288, -53.2874298096], [68.0364456177, -8.69479942322, -96.0479812622, -13.7620105743, 41.7129707336, 14.6275777817, 23.4118003845, 35.4017372131, -19.2540054321, -19.4989509583, 100.408920288, 148.061737061, 39.6200294495], [0.391383677721, -47.8833427429, -57.1860656738, 11.1429185867, 10.8809156418, -22.5574359894, -1.84331297874, 36.8625831604, 32.9481277466, -25.2213764191, -53.2874298096, 39.6200294495, 145.874008179]],
