{
"lowlevel": {
    "average_loudness": 0.00260551972315,
    "barkbands_crest": {
        "dmean": 1.68470418453,
        "dmean2": 2.63857555389,
        "dvar": 3.636241436,
        "dvar2": 8.96781539917,
        "max": 26.2636070251,
        "mean": 13.1928749084,
        "median": 12.7638978958,
        "min": 3.65790700912,
        "var": 16.8587474823
    },
    "barkbands_flatness_db": {
        "dmean": 0.015431095846,
        "dmean2": 0.0242660399526,
        "dvar": 0.000297378457617,
        "dvar2": 0.000710433523636,
        "max": 0.528890967369,
        "mean": 0.372789442539,
        "median": 0.379186421633,
        "min": 0.0369966588914,
        "var": 0.00408007018268
    },
    "barkbands_kurtosis": {
        "dmean": 1.93807041645,
        "dmean2": 3.00815320015,
        "dvar": 17.8969402313,
        "dvar2": 43.8929710388,
        "max": 141.175292969,
        "mean": 4.74664497375,
        "median": 2.71405673027,
        "min": -1.89171159267,
        "var": 50.9476356506
    },
    "barkbands_skewness": {
        "dmean": 0.366549760103,
        "dmean2": 0.550148069859,
        "dvar": 0.236259460449,
        "dvar2": 0.543947994709,
        "max": 10.6188526154,
        "mean": 0.894329726696,
        "median": 0.89255464077,
        "min": -9.42475986481,
        "var": 1.45539700985
    },
    "barkbands_spread": {
        "dmean": 1.29202497005,
        "dmean2": 2.05390405655,
        "dvar": 21.460018158,
        "dvar2": 60.1638145447,
        "max": 109.650375366,
        "mean": 5.12476158142,
        "median": 3.26250219345,
        "min": 0.22992439568,
        "var": 55.1601676941
    },
    "dissonance": {
        "dmean": 0.0369117148221,
        "dmean2": 0.0626613199711,
        "dvar": 0.00168864079751,
        "dvar2": 0.00451974291354,
        "max": 0.500000059605,
        "mean": 0.372500926256,
        "median": 0.380970150232,
        "min": 0.101938650012,
        "var": 0.00584635464475
    },
    "dynamic_complexity": 9.26756858826,
    "erbbands_crest": {
        "dmean": 1.88488268852,
        "dmean2": 2.83643603325,
        "dvar": 5.19226169586,
        "dvar2": 11.8188028336,
        "max": 34.1675186157,
        "mean": 14.3292713165,
        "median": 13.8185558319,
        "min": 2.01482462883,
        "var": 27.1963291168
    },
    "erbbands_flatness_db": {
        "dmean": 0.0132087599486,
        "dmean2": 0.01983220689,
        "dvar": 0.000219008506974,
        "dvar2": 0.00043162482325,
        "max": 0.529407083988,
        "mean": 0.378925681114,
        "median": 0.388872087002,
        "min": 0.0217259544879,
        "var": 0.00538777094334
    },
    "erbbands_kurtosis": {
        "dmean": 1.337428689,
        "dmean2": 1.931188941,
        "dvar": 10.6681079865,
        "dvar2": 22.967508316,
        "max": 136.302246094,
        "mean": 3.34866261482,
        "median": 1.42652201653,
        "min": -1.88980090618,
        "var": 46.9346694946
    },
    "erbbands_skewness": {
        "dmean": 0.292583882809,
        "dmean2": 0.410796552896,
        "dvar": 0.143640547991,
        "dvar2": 0.272005230188,
        "max": 4.30219078064,
        "mean": 0.599884569645,
        "median": 0.686182141304,
        "min": -9.34255027771,
        "var": 1.58595132828
    },
    "erbbands_spread": {
        "dmean": 1.54097998142,
        "dmean2": 2.31321024895,
        "dvar": 7.72173070908,
        "dvar2": 18.7950954437,
        "max": 127.464103699,
        "mean": 10.3406820297,
        "median": 7.26433372498,
        "min": 0.488573282957,
        "var": 175.699676514
    },
    "hfc": {
        "dmean": 2.81182575226,
        "dmean2": 3.72492456436,
        "dvar": 441.581665039,
        "dvar2": 877.094726562,
        "max": 1047.25366211,
        "mean": 7.16746807098,
        "median": 1.20392990112,
        "min": 1.15439182236e-16,
        "var": 893.492004395
    },
    "melbands_crest": {
        "dmean": 1.91000080109,
        "dmean2": 3.01037454605,
        "dvar": 4.84663677216,
        "dvar2": 12.6358785629,
        "max": 37.6005859375,
        "mean": 14.7528934479,
        "median": 14.0643949509,
        "min": 2.13584470749,
        "var": 20.5674552917
    },
    "melbands_flatness_db": {
        "dmean": 0.0163505058736,
        "dmean2": 0.0258288085461,
        "dvar": 0.000353124167304,
        "dvar2": 0.000831639918033,
        "max": 0.670662045479,
        "mean": 0.492674261332,
        "median": 0.503105044365,
        "min": 0.0079379118979,
        "var": 0.0059435009025
    },
    "melbands_kurtosis": {
        "dmean": 2.53797674179,
        "dmean2": 4.0540895462,
        "dvar": 93.506362915,
        "dvar2": 269.051452637,
        "max": 279.101928711,
        "mean": 5.68607234955,
        "median": 3.08828616142,
        "min": -1.9142524004,
        "var": 184.293563843
    },
    "melbands_skewness": {
        "dmean": 0.351641744375,
        "dmean2": 0.531154334545,
        "dvar": 0.295949608088,
        "dvar2": 0.768231868744,
        "max": 14.6581039429,
        "mean": 1.16586816311,
        "median": 1.09949111938,
        "min": -5.92452812195,
        "var": 1.86874401569
    },
    "melbands_spread": {
        "dmean": 1.43264293671,
        "dmean2": 2.17795586586,
        "dvar": 11.7340364456,
        "dvar2": 24.1755218506,
        "max": 134.767913818,
        "mean": 6.82712841034,
        "median": 4.81873226166,
        "min": 0.46908813715,
        "var": 46.1674346924
    },
    "pitch_salience": {
        "dmean": 0.0478833653033,
        "dmean2": 0.0743804574013,
        "dvar": 0.00289141456597,
        "dvar2": 0.00695685204118,
        "max": 0.897882163525,
        "mean": 0.551769554615,
        "median": 0.560025691986,
        "min": 0.0792475342751,
        "var": 0.0139524415135
    },
    "silence_rate_20dB": {
        "dmean": 0.00147118919995,
        "dmean2": 0.00294261891395,
        "dvar": 0.00146898080129,
        "dvar2": 0.00358769716695,
        "max": 1,
        "mean": 0.998447179794,
        "median": 1,
        "min": 0,
        "var": 0.0015503099421
    },
    "silence_rate_30dB": {
        "dmean": 0.00702901510522,
        "dmean2": 0.0140591794625,
        "dvar": 0.0069790314883,
        "dvar2": 0.0159871745855,
        "max": 1,
        "mean": 0.978751242161,
        "median": 1,
        "min": 0,
        "var": 0.0207980070263
    },
    "silence_rate_60dB": {
        "dmean": 0.0410298332572,
        "dmean2": 0.0820663720369,
        "dvar": 0.0393424667418,
        "dvar2": 0.0838220044971,
        "max": 1,
        "mean": 0.493952274323,
        "median": 0,
        "min": 0,
        "var": 0.249969050288
    },
    "spectral_centroid": {
        "dmean": 40.0157012939,
        "dmean2": 58.2723846436,
        "dvar": 17312.6425781,
        "dvar2": 26747.5585938,
        "max": 11427.3691406,
        "mean": 477.504364014,
        "median": 389.965637207,
        "min": 153.300338745,
        "var": 101433.023438
    },
    "spectral_complexity": {
        "dmean": 0.812750279903,
        "dmean2": 1.36864471436,
        "dvar": 1.35818862915,
        "dvar2": 3.02827358246,
        "max": 33,
        "mean": 6.60534477234,
        "median": 6,
        "min": 0,
        "var": 22.7407569885
    },
    "spectral_decrease": {
        "dmean": 8.51965109572e-10,
        "dmean2": 1.13987641548e-09,
        "dvar": 1.24504843521e-17,
        "dvar2": 2.33262583547e-17,
        "max": -1.26036731495e-28,
        "mean": -3.21446402829e-09,
        "median": -8.30726820666e-10,
        "min": -1.63395370123e-07,
        "var": 6.33509771711e-17
    },
    "spectral_energy": {
        "dmean": 0.00346624525264,
        "dmean2": 0.00462587876245,
        "dvar": 0.000224369636271,
        "dvar2": 0.00042040363769,
        "max": 0.666249334812,
        "mean": 0.0127822263166,
        "median": 0.00323881325312,
        "min": 1.09463750828e-20,
        "var": 0.00104706978891
    },
    "spectral_energyband_high": {
        "dmean": 2.23973916036e-06,
        "dmean2": 3.95625966121e-06,
        "dvar": 3.41433326057e-09,
        "dvar2": 8.44447889392e-09,
        "max": 0.00327333761379,
        "mean": 2.29141755881e-06,
        "median": 1.47045966514e-08,
        "min": 7.9567310915e-21,
        "var": 2.91016277743e-09
    },
    "spectral_energyband_low": {
        "dmean": 0.00026613031514,
        "dmean2": 0.00042918798863,
        "dvar": 7.80637321895e-07,
        "dvar2": 1.86362683507e-06,
        "max": 0.0539614893496,
        "mean": 0.000776452245191,
        "median": 0.000218672343181,
        "min": 3.80787860561e-23,
        "var": 3.95379265683e-06
    },
    "spectral_energyband_middle_high": {
        "dmean": 0.00136837665923,
        "dmean2": 0.00177238683682,
        "dvar": 0.000138054907438,
        "dvar2": 0.00025822079624,
        "max": 0.550763785839,
        "mean": 0.00248055788688,
        "median": 8.25400056783e-05,
        "min": 1.92820223456e-21,
        "var": 0.000271538738161
    },
    "spectral_energyband_middle_low": {
        "dmean": 0.00227886810899,
        "dmean2": 0.00321527011693,
        "dvar": 6.61123413011e-05,
        "dvar2": 0.000151070213178,
        "max": 0.419315844774,
        "mean": 0.00980451703072,
        "median": 0.00262460485101,
        "min": 2.89157835711e-22,
        "var": 0.000514430576004
    },
    "spectral_entropy": {
        "dmean": 0.111343592405,
        "dmean2": 0.174440190196,
        "dvar": 0.0213055778295,
        "dvar2": 0.0496608056128,
        "max": 9.79664897919,
        "mean": 5.4314084053,
        "median": 5.31762504578,
        "min": 3.77734017372,
        "var": 0.429260641336
    },
    "spectral_flux": {
        "dmean": 0.00939844362438,
        "dmean2": 0.014891596511,
        "dvar": 0.000490313046612,
        "dvar2": 0.00117985357065,
        "max": 0.666395425797,
        "mean": 0.0235214773566,
        "median": 0.0124005349353,
        "min": 1.04624926778e-10,
        "var": 0.00118740042672
    },
    "spectral_kurtosis": {
        "dmean": 32.9096984863,
        "dmean2": 56.5937538147,
        "dvar": 1033.9395752,
        "dvar2": 3004.79052734,
        "max": 443.152587891,
        "mean": 137.596389771,
        "median": 134.084350586,
        "min": -1.19881165028,
        "var": 5538.30126953
    },
    "spectral_rms": {
        "dmean": 0.00030615463038,
        "dmean2": 0.000404054793762,
        "dvar": 4.26982353474e-07,
        "dvar2": 7.71048064507e-07,
        "max": 0.0254950858653,
        "mean": 0.00253328192048,
        "median": 0.00177758769132,
        "min": 3.26793366673e-12,
        "var": 6.05293053013e-06
    },
    "spectral_rolloff": {
        "dmean": 99.3450317383,
        "dmean2": 177.862182617,
        "dvar": 436641.5625,
        "dvar2": 1125813.375,
        "max": 18195.5566406,
        "mean": 601.774047852,
        "median": 473.73046875,
        "min": 21.533203125,
        "var": 376995.3125
    },
    "spectral_skewness": {
        "dmean": 1.36461246014,
        "dmean2": 2.36460661888,
        "dvar": 1.50757730007,
        "dvar2": 4.24781847,
        "max": 17.2836513519,
        "mean": 8.77802848816,
        "median": 8.97068500519,
        "min": -0.0427017174661,
        "var": 10.4463567734
    },
    "spectral_spread": {
        "dmean": 281932.21875,
        "dmean2": 504049.9375,
        "dvar": 133005762560,
        "dvar2": 252255731712,
        "max": 40279636,
        "mean": 1136495.25,
        "median": 844855.375,
        "min": 209204.53125,
        "var": 2.38663840563e+12
    },
    "spectral_strongpeak": {
        "dmean": 0.332805633545,
        "dmean2": 0.500251412392,
        "dvar": 1.72587049007,
        "dvar2": 3.43522906303,
        "max": 55.27866745,
        "mean": 0.920330524445,
        "median": 0.437693357468,
        "min": 0,
        "var": 3.94069552422
    },
    "zerocrossingrate": {
        "dmean": 0.0027400420513,
        "dmean2": 0.0034303413704,
        "dvar": 7.70579572418e-05,
        "dvar2": 0.000117206436698,
        "max": 0.49951171875,
        "mean": 0.0235529057682,
        "median": 0.0185546875,
        "min": 0.0029296875,
        "var": 0.000397512776544
    },
    "barkbands": {
        "dmean": [1.07038931674e-06, 0.000125825463329, 0.000131306704134, 0.000140189295053, 0.000576306832954, 0.00111887336243, 0.000427769817179, 0.000256128114415, 0.000454745313618, 0.000189464335563, 0.000270273361821, 0.000302101485431, 0.000175703738932, 5.45770417375e-05, 0.000292570068268, 0.000279825821053, 3.14506469294e-05, 3.79159496333e-06, 1.56409771535e-06, 2.20611809709e-06, 4.41898947656e-07, 1.4138194615e-07, 4.53583588467e-08, 1.37064652961e-08, 4.97859575788e-09, 1.98576688426e-09, 1.62778546198e-09],
        "dmean2": [1.72233649209e-06, 0.000205797638046, 0.00022092940344, 0.000210048092413, 0.000899991486222, 0.00163770874497, 0.00068014441058, 0.000397121359129, 0.000589555071201, 0.000267987546977, 0.000324965512846, 0.000349457608536, 0.000220665722736, 8.12223515823e-05, 0.000391829293221, 0.000391771551222, 5.15331703355e-05, 5.69108397031e-06, 2.36341361415e-06, 3.93433856516e-06, 6.76661329635e-07, 2.28171344929e-07, 7.34409937309e-08, 2.39129782642e-08, 8.40793301649e-09, 3.47309137005e-09, 2.80902923144e-09],
        "dvar": [1.62689289124e-11, 2.38418579102e-07, 2.18368711558e-07, 2.5501853429e-07, 5.40612290933e-06, 2.13896146306e-05, 1.06746374513e-05, 1.47245145854e-06, 8.31537636259e-06, 1.83576037216e-06, 9.91690831142e-06, 1.34515867103e-05, 1.47103510244e-05, 4.22789554477e-07, 3.81749814551e-05, 3.68670698663e-05, 8.55673022215e-07, 2.12281392464e-09, 2.25500632056e-10, 3.34277139302e-09, 8.80708769802e-11, 4.96921687826e-12, 9.24003820506e-13, 1.34450922075e-13, 2.05088225048e-14, 7.5875295003e-16, 1.22811359962e-15],
        "dvar2": [3.38672596911e-11, 5.83954772537e-07, 6.02799161697e-07, 4.59161469735e-07, 1.42066946864e-05, 4.88644764118e-05, 3.6607223592e-05, 3.50729351339e-06, 1.45663670992e-05, 3.70362431568e-06, 1.31963315653e-05, 2.0053352273e-05, 2.27251202887e-05, 1.06846039216e-06, 8.16368847154e-05, 7.94001243776e-05, 2.27173040912e-06, 5.05269959206e-09, 5.20846643592e-10, 8.41548697395e-09, 2.09216546865e-10, 1.24614337946e-11, 2.38706081811e-12, 3.6562669125e-13, 5.42271610916e-14, 1.85465211812e-15, 3.02242679635e-15],
        "max": [0.000271311262622, 0.0241822563112, 0.0197309851646, 0.0345322489738, 0.121541202068, 0.208880066872, 0.148389562964, 0.0439387187362, 0.191149145365, 0.0864665284753, 0.230389431119, 0.204840421677, 0.312063932419, 0.0374986752868, 0.493597090244, 0.445660561323, 0.0747919976711, 0.00283885817043, 0.000838899344672, 0.00339430687018, 0.000761787872761, 0.000125520920847, 5.58296669624e-05, 2.85727965093e-05, 1.16527862701e-05, 1.91356434698e-06, 3.06885613099e-06],
        "mean": [1.37872802952e-06, 0.000265987560851, 0.000328149530105, 0.000385312945582, 0.00200341106392, 0.00418030517176, 0.00139486731496, 0.000630495138466, 0.00105231301859, 0.000379567441996, 0.000503202260006, 0.000513788254466, 0.000305912690237, 0.00010425709479, 0.000382618716685, 0.000301396212308, 3.69692388631e-05, 6.51804430163e-06, 2.73827185993e-06, 2.28012982006e-06, 5.17715704973e-07, 1.52814791932e-07, 4.39372946914e-08, 1.18303633556e-08, 5.34240029992e-09, 3.42119310659e-09, 3.95653554364e-09],
        "median": [3.44237435002e-07, 3.13454511343e-05, 5.12389160576e-05, 8.12010111986e-05, 0.00053418346215, 0.000730642350391, 0.000138028844958, 5.40833352716e-05, 8.04203300504e-05, 1.60491545103e-05, 1.0326220945e-05, 7.34851073503e-06, 3.75455329049e-06, 1.20914228319e-06, 4.98921167491e-07, 1.75098392674e-07, 5.48552279156e-08, 1.71956671124e-08, 8.11500555642e-09, 4.45955983253e-09, 2.33670549576e-09, 1.32186295243e-09, 1.13944453872e-09, 1.06018616108e-09, 1.24651311495e-09, 1.7774042238e-09, 2.99584179686e-09],
        "min": [8.78667197254e-24, 1.67581382411e-23, 1.74627645788e-23, 1.87413807052e-24, 2.25022920313e-23, 1.35035490039e-23, 4.64227414e-23, 1.08524023872e-22, 6.89662593023e-23, 1.39184371441e-22, 5.80311577865e-23, 1.45123522181e-22, 8.16274389657e-23, 1.89040885522e-22, 1.16038069144e-22, 1.67976507061e-22, 1.26499172541e-22, 2.47713153722e-22, 4.86886616777e-22, 2.69471250152e-22, 5.89920837702e-22, 4.20587010257e-22, 7.38033019376e-22, 8.9213236502e-22, 1.26254691294e-21, 2.00326120111e-21, 2.11920340788e-21],
        "var": [3.7757998117e-11, 7.71380769038e-07, 1.14137947094e-06, 1.70374096342e-06, 2.77741310128e-05, 0.00014009012375, 3.0436722227e-05, 5.21519450558e-06, 2.31812155107e-05, 4.53577922599e-06, 2.627206959e-05, 3.35864824592e-05, 3.30362709065e-05, 8.02778572506e-07, 5.52743404114e-05, 4.05679129472e-05, 7.51248990127e-07, 2.71680722363e-09, 4.41573166921e-10, 2.75309397502e-09, 8.12446013243e-11, 5.26559308309e-12, 7.29704870747e-13, 8.95922130429e-14, 1.44274173229e-14, 6.29133139238e-16, 9.50615653462e-16]
    },
    "erbbands": {
        "dmean": [0.00170247629285, 0.0352979302406, 0.13704046607, 0.30507838726, 0.966624498367, 2.42241621017, 6.02759552002, 8.91958332062, 7.80333137512, 3.91444921494, 7.90977144241, 9.84829235077, 5.83852100372, 9.95454978943, 6.92750263214, 12.4087324142, 7.3818602562, 3.7904586792, 7.6469502449, 18.8772697449, 9.53626155853, 2.21226286888, 0.414778262377, 0.116898499429, 0.0603914223611, 0.104206852615, 0.0375595279038, 0.0222505889833, 0.00681451708078, 0.00207901909016, 0.0010799128795, 0.000466423429316, 0.000171735329786, 7.06942300894e-05, 3.19475766446e-05, 1.07449868665e-05, 4.87036550112e-06, 1.44167518101e-06, 1.93011396732e-06, 4.06814478993e-06],
        "dmean2": [0.00280395848677, 0.0577418319881, 0.232309043407, 0.466560930014, 1.47037470341, 3.8574783802, 8.65868663788, 13.5152664185, 12.0445699692, 6.11682987213, 11.3918190002, 12.8756790161, 7.72051763535, 12.3134670258, 8.74858570099, 14.2174272537, 9.13112068176, 4.89790153503, 11.0162916183, 26.2646713257, 13.1657161713, 3.52654385567, 0.6372641325, 0.175540179014, 0.0913329720497, 0.18779361248, 0.0647681504488, 0.0340747311711, 0.0111746555194, 0.0031833325047, 0.00177454191726, 0.000798628898337, 0.000293443910778, 0.00011860414088, 5.33872225787e-05, 1.71479769051e-05, 8.15635394247e-06, 2.34449498748e-06, 2.59860735241e-06, 5.42319821761e-06],
        "dvar": [4.55332628917e-05, 0.0179884955287, 0.218028619885, 1.14680099487, 20.8901004791, 97.8227844238, 580.737487793, 1479.70214844, 4007.64624023, 269.555084229, 1948.95300293, 3753.68505859, 917.40637207, 10358.5576172, 3767.25634766, 22784.5957031, 19336.9101562, 3992.21191406, 13599.2294922, 104877.25, 54707.6875, 3612.6315918, 71.6885147095, 1.56615018845, 0.255937367678, 9.91794013977, 1.4065464735, 0.291518062353, 0.010502608493, 0.0013099986827, 0.000517066568136, 0.000106875777419, 2.53823345702e-05, 4.08103051086e-06, 6.83877658503e-07, 4.24739035054e-08, 3.82306541979e-09, 5.04298325321e-10, 1.43474884751e-10, 3.50822371153e-10],
        "dvar2": [0.000109330117994, 0.0445563457906, 0.615799427032, 2.18582057953, 51.8920822144, 266.721588135, 1171.40588379, 3892.79614258, 13054.9423828, 646.631896973, 4073.81225586, 6737.42773438, 1555.28930664, 14248.5673828, 6109.87597656, 35751.2148438, 29973.5429688, 6749.13330078, 31717.9316406, 233040.9375, 115538.710938, 9444.22558594, 196.585739136, 3.68647098541, 0.591217279434, 27.9474143982, 2.96331214905, 0.678854525089, 0.0266716219485, 0.00281842867844, 0.0013692000648, 0.00029309160891, 6.70611552778e-05, 1.09091897684e-05, 1.79921767085e-06, 1.02365149246e-07, 9.84822623451e-09, 1.1644575304e-09, 2.88045115537e-10, 6.60147714271e-10],
        "max": [0.307092308998, 6.65714168549, 16.389837265, 76.5914382935, 273.880310059, 450.405334473, 1187.70568848, 1586.51159668, 3587.16601562, 882.231689453, 2998.49145508, 4129.42675781, 1675.21740723, 7347.9921875, 2987.97021484, 8759.21386719, 11080.1318359, 4999.03564453, 7051.02978516, 22329.171875, 18277.6855469, 4930.9921875, 653.341064453, 66.6122512817, 18.6251869202, 234.743469238, 94.2246398926, 45.4903678894, 4.60578298569, 2.55472707748, 1.30187106133, 0.702536702156, 0.418118864298, 0.163408011198, 0.0651636570692, 0.0172879975289, 0.00330013944767, 0.00183847732842, 0.000774418876972, 0.00079410726903],
        "mean": [0.00356498244219, 0.0767853409052, 0.331716418266, 0.933767676353, 3.03664588928, 8.24069690704, 19.492143631, 33.3564682007, 29.2045192719, 11.4966125488, 19.7213592529, 23.7470817566, 13.8351869583, 18.0969963074, 13.7558135986, 21.4804363251, 13.2079906464, 7.31231355667, 10.602722168, 24.4014205933, 10.5187368393, 2.61112189293, 0.628827035427, 0.215481996536, 0.0974242836237, 0.103086173534, 0.0414219126105, 0.0242473278195, 0.00750847533345, 0.0023148371838, 0.00104462401941, 0.000416354741901, 0.000165631252457, 7.91934726294e-05, 4.23854507972e-05, 2.13917246583e-05, 1.06956385935e-05, 3.31558135258e-06, 6.86079192747e-06, 1.4606050172e-05],
        "median": [0.000525895389728, 0.0112366750836, 0.0729386359453, 0.236467793584, 0.641841411591, 2.38229179382, 4.07425308228, 5.04337882996, 2.85826969147, 1.58859777451, 1.94561767578, 2.01934528351, 1.05453169346, 0.62758398056, 0.387064516544, 0.323602676392, 0.220064252615, 0.115395709872, 0.0527060180902, 0.028491852805, 0.0105903772637, 0.00400333758444, 0.00168864219449, 0.000636610668153, 0.000359779165592, 0.000221176713239, 0.000126879691379, 8.24504822958e-05, 5.19048153365e-05, 4.0026701754e-05, 3.47609384335e-05, 2.56888743024e-05, 2.03442723432e-05, 1.60444615176e-05, 1.18004345495e-05, 8.0470172179e-06, 4.55415374745e-06, 1.70470275407e-06, 1.97785584533e-06, 3.65416144632e-06],
        "min": [5.67643001842e-22, 3.74708051504e-21, 1.34427754753e-20, 1.98110402941e-20, 6.3519069991e-20, 6.03662064627e-20, 4.14935541059e-20, 1.71086231383e-19, 5.81695378732e-19, 1.58484889554e-18, 1.74054992942e-18, 1.36970076917e-18, 2.74393841721e-18, 5.31437694171e-18, 2.33741864402e-18, 6.15384573585e-18, 3.74596639969e-18, 1.00496943674e-17, 6.64092359493e-18, 8.74835480259e-18, 6.80963990216e-18, 8.09836124033e-18, 1.32621793164e-17, 1.6896169863e-17, 2.29072913744e-17, 1.3781048208e-17, 1.71688201734e-17, 2.49368302925e-17, 1.72665399823e-17, 1.79414895836e-17, 1.92174537288e-17, 2.07095667855e-17, 1.45811427914e-17, 1.33444606263e-17, 9.20381037403e-18, 5.91877548143e-18, 4.07319077821e-18, 1.376594389e-18, 2.95588700896e-19, 3.15533149914e-20],
        "var": [0.000132299392135, 0.0578335933387, 0.914588868618, 7.3699388504, 114.328773499, 455.561584473, 2932.46289062, 9653.47070312, 15459.4990234, 1352.29882812, 6112.94433594, 11417.1542969, 2873.62329102, 27727.7324219, 9402.68945312, 55607.3085938, 43001.9257812, 9494.15722656, 17329.1503906, 145289.390625, 61110.265625, 3310.48876953, 58.9652557373, 2.8351984024, 0.390549391508, 6.64322280884, 1.431625247, 0.270703583956, 0.0103358514607, 0.00151824171189, 0.000388784945244, 7.17053699191e-05, 1.79309736268e-05, 2.82237351712e-06, 4.92020831189e-07, 3.70666626281e-08, 3.15038795051e-09, 4.64740190775e-10, 3.69235225728e-10, 1.45267220475e-09]
    },
    "gfcc": {
        "mean": [-292.37902832, 228.893371582, -75.2455749512, -50.8294715881, -40.2595672607, -20.3548755646, -32.8611602783, -17.4449214935, -15.3266735077, -9.79115581512, -8.41475772858, -7.7947936058, -1.91699874401],
        "cov": [[14137.5166016, 3033.7409668, -4540.55029297, -576.457824707, 1031.53515625, -1154.73840332, -63.2535362244, -443.913848877, 245.290740967, -306.14175415, 223.885757446, -250.847564697, 245.032226562], [3033.7409668, 1768.61035156, -388.260894775, -651.397277832, 55.9951782227, -261.036193848, -110.938201904, -176.336410522, 25.7232666016, -107.642807007, 92.0754699707, -72.9152297974, 69.7620162964], [-4540.55029297, -388.260894775, 2182.97827148, 55.2835502625, -592.120727539, 380.631835938, 25.6367511749, 84.6356124878, -114.31816864, 73.7626647949, -38.9308128357, 97.2727508545, -60.5044708252], [-576.457824707, -651.397277832, 55.2835502625, 559.682434082, 89.5702362061, 108.651519775, 137.943374634, 103.805427551, 25.3380584717, 54.6865501404, -69.6056976318, 10.4350757599, -3.10345458984], [1031.53515625, 55.9951782227, -592.120727539, 89.5702362061, 397.132324219, 3.32831788063, -6.87103462219, 24.888217926, 85.0860977173, 27.20337677, 12.6427001953, -13.4152574539, 49.0346298218], [-1154.73840332, -261.036193848, 380.631835938, 108.651519775, 3.32831788063, 302.291900635, 112.179824829, 57.5402984619, -16.3962535858, 30.7308712006, -38.2629737854, 25.1686935425, -6.32319116592], [-63.2535362244, -110.938201904, 25.6367511749, 137.943374634, -6.87103462219, 112.179824829, 217.916259766, 92.3216094971, -14.5337314606, -18.6670303345, -38.6751785278, -16.5408840179, -15.4039878845], [-443.913848877, -176.336410522, 84.6356124878, 103.805427551, 24.888217926, 57.5402984619, 92.3216094971, 175.352813721, 66.1599578857, 8.26905059814, -41.4560050964, -17.5653400421, -18.8163204193], [245.290740967, 25.7232666016, -114.31816864, 25.3380584717, 85.0860977173, -16.3962535858, -14.5337314606, 66.1599578857, 136.79258728, 46.6482696533, -18.7197265625, -21.8354701996, 19.3499698639], [-306.14175415, -107.642807007, 73.7626647949, 54.6865501404, 27.20337677, 30.7308712006, -18.6670303345, 8.26905059814, 46.6482696533, 97.9961700439, 30.9179840088, 9.67999362946, 6.91249465942], [223.885757446, 92.0754699707, -38.9308128357, -69.6056976318, 12.6427001953, -38.2629737854, -38.6751785278, -41.4560050964, -18.7197265625, 30.9179840088, 126.431915283, 66.9024353027, 2.81080651283], [-250.847564697, -72.9152297974, 97.2727508545, 10.4350757599, -13.4152574539, 25.1686935425, -16.5408840179, -17.5653400421, -21.8354701996, 9.67999362946, 66.9024353027, 122.584968567, 41.7344436646], [245.032226562, 69.7620162964, -60.5044708252, -3.10345458984, 49.0346298218, -6.32319116592, -15.4039878845, -18.8163204193, 19.3499698639, 6.91249465942, 2.81080651283, 41.7344436646, 94.5496139526]],
        "icov": [[0.00128667894751, -0.00193120155018, 0.00233074184507, -0.00197885464877, 0.00127832742874, 0.000197480272618, -0.000709816638846, 0.00152181705926, -0.00194921309594, 0.00224947906099, -0.00252288696356, 0.00128689210396, -0.00120418879669], [-0.00193120155018, 0.00477713765576, -0.0043237246573, 0.00486103631556, -0.00342745822854, 0.00125699897762, -0.00113381049596, 7.2280097811e-05, 0.000723550328985, -0.000899312493857, 0.00191793520935, 0.000164229044458, 0.000352230970748], [0.00233074184507, -0.0043237246573, 0.00632027024403, -0.00469936896116, 0.00574958603829, -0.00272057577968, 0.00159349257592, 1.43019769894e-05, -0.00163831957616, 0.00200331909582, -0.00398082658648, 0.00145803927444, -0.00219756248407], [-0.00197885464877, 0.00486103631556, -0.00469936896116, 0.00839576311409, -0.00527105852962, 0.00277980254032, -0.00354257947765, -0.000256547267782, 0.00227676285431, -0.00506937224418, 0.00668559223413, -0.00344081362709, 0.00232608313672], [0.00127832742874, -0.00342745822854, 0.00574958603829, -0.00527105852962, 0.0107471961528, -0.00605200277641, 0.00500806001946, -0.00293161021546, -0.00144130294211, 0.00129151134752, -0.00527170021087, 0.00301748607308, -0.00399824418128], [0.000197480272618, 0.00125699897762, -0.00272057577968, 0.00277980254032, -0.00605200277641, 0.0107263876125, -0.00774326501414, 0.00407720776275, -0.000690295011736, -0.00183319416828, 0.00423174211755, -0.00317487679422, 0.00186780269723], [-0.000709816638846, -0.00113381049596, 0.00159349257592, -0.00354257947765, 0.00500806001946, -0.00774326501414, 0.0144452042878, -0.00983488373458, 0.00634466530755, -0.000970448541921, -0.000601877749432, 0.00146171229426, -0.000994207104668], [0.00152181705926, 7.2280097811e-05, 1.43019769894e-05, -0.000256547267782, -0.00293161021546, 0.00407720776275, -0.00983488373458, 0.0182542130351, -0.0134570784867, 0.00826552230865, -0.00324211432599, 0.00154420279432, 0.00139154249337], [-0.00194921309594, 0.000723550328985, -0.00163831957616, 0.00227676285431, -0.00144130294211, -0.000690295011736, 0.00634466530755, -0.0134570784867, 0.023212024942, -0.0164579115808, 0.0108121195808, -0.0042075868696, 0.000589499715716], [0.00224947906099, -0.000899312493857, 0.00200331909582, -0.00506937224418, 0.00129151134752, -0.00183319416828, -0.000970448541921, 0.00826552230865, -0.0164579115808, 0.0303459055722, -0.0201253183186, 0.0125742144883, -0.00715854438022], [-0.00252288696356, 0.00191793520935, -0.00398082658648, 0.00668559223413, -0.00527170021087, 0.00423174211755, -0.000601877749432, -0.00324211432599, 0.0108121195808, -0.0201253183186, 0.0316484458745, -0.0215765163302, 0.012910538353], [0.00128689210396, 0.000164229044458, 0.00145803927444, -0.00344081362709, 0.00301748607308, -0.00317487679422, 0.00146171229426, 0.00154420279432, -0.0042075868696, 0.0125742144883, -0.0215765163302, 0.0265695378184, -0.015012559481], [-0.00120418879669, 0.000352230970748, -0.00219756248407, 0.00232608313672, -0.00399824418128, 0.00186780269723, -0.000994207104668, 0.00139154249337, 0.000589499715716, -0.00715854438022, 0.012910538353, -0.015012559481, 0.0210662893951]]
    },
    "melbands": {
        "dmean": [2.58629806922e-05, 6.22373263468e-05, 6.30618960713e-05, 0.000124963524286, 0.000182114599738, 0.000211947583011, 0.000106837302155, 4.19680327468e-05, 7.58236637921e-05, 6.02380714554e-05, 2.96201105812e-05, 3.92188994738e-05, 2.69121792371e-05, 3.25612236338e-05, 2.51131004916e-05, 1.73172902578e-05, 5.41016333955e-06, 7.79495621828e-06, 3.06762267428e-05, 2.4191893317e-05, 7.16330623618e-06, 2.10972393688e-06, 8.40073994368e-07, 1.87261434803e-07, 9.10769344387e-08, 4.14256042802e-08, 4.90443206047e-08, 7.8403566306e-08, 3.25204148055e-08, 9.8193551068e-09, 1.33972921645e-08, 3.90956023111e-09, 1.68513480947e-09, 1.08411890576e-09, 6.76291467272e-10, 4.65428473539e-10, 2.15125570135e-10, 1.12993628343e-10, 9.43129463415e-11, 4.87048942843e-11],
        "dmean2": [4.24493264291e-05, 0.000104196798929, 9.39558303799e-05, 0.000196144828806, 0.000264761038125, 0.000315884157317, 0.000164164754096, 6.5957348852e-05, 0.000105459694169, 7.9612043919e-05, 3.97167968913e-05, 4.91181890538e-05, 3.38128120347e-05, 3.71609712602e-05, 3.05946887238e-05, 2.1224746888e-05, 7.38867993277e-06, 1.2277055248e-05, 4.07230254496e-05, 3.43069659721e-05, 9.85760743788e-06, 3.43187184626e-06, 1.36375172133e-06, 2.79011658222e-07, 1.38347658662e-07, 6.15870305865e-08, 8.03263162652e-08, 1.44016539139e-07, 5.62931070647e-08, 1.47755025992e-08, 2.06895460764e-08, 6.38453689916e-09, 2.68647037949e-09, 1.68785030397e-09, 1.12262588114e-09, 7.78852538019e-10, 3.78824721592e-10, 1.92076035632e-10, 1.63805455311e-10, 8.23590778909e-11],
        "dvar": [1.0386696836e-08, 4.39395044793e-08, 4.24824015965e-08, 3.78942559109e-07, 4.61321860712e-07, 8.44812859668e-07, 6.61293142912e-07, 3.07209191419e-08, 2.11742829492e-07, 1.52393312192e-07, 2.67422830547e-08, 1.48313006321e-07, 7.1959000536e-08, 2.04544321036e-07, 1.30079484961e-07, 2.42601913669e-07, 4.81135664643e-09, 1.44631933097e-08, 4.53056145489e-07, 2.37978767359e-07, 3.52572904205e-08, 3.77366315973e-09, 7.59071472345e-10, 5.0916488907e-12, 1.16454393871e-12, 1.22774457701e-13, 4.2745773826e-13, 6.74141471813e-12, 1.76277417142e-12, 2.96034389764e-14, 1.34213061671e-13, 4.74171161455e-15, 6.6293012441e-16, 4.83305088302e-16, 2.20247690702e-16, 1.17740120767e-16, 2.90994959568e-17, 1.19275267068e-17, 7.52407124773e-18, 2.11728706466e-18],
        "dvar2": [2.50400642443e-08, 1.19228602102e-07, 8.35465314708e-08, 1.02980163774e-06, 9.52779942054e-07, 2.15792920244e-06, 2.11131168726e-06, 7.34381515599e-08, 4.16863827013e-07, 2.76138337085e-07, 4.52032011822e-08, 2.11946954209e-07, 1.12276325126e-07, 2.86362933366e-07, 2.0186669758e-07, 3.78081722374e-07, 9.55914725154e-09, 3.84728551239e-08, 9.6304120234e-07, 5.17801822753e-07, 7.41133163729e-08, 9.76384306739e-09, 2.12072581718e-09, 1.15802862091e-11, 2.70581018529e-12, 2.73266950518e-13, 1.08318909398e-12, 1.87739546131e-11, 3.65884449474e-12, 7.18727987824e-14, 3.14196097525e-13, 1.23889427498e-14, 1.63305326428e-15, 1.12379820991e-15, 5.93061552965e-16, 3.15460321727e-16, 8.09559217051e-17, 3.14512763175e-17, 2.01478929516e-17, 5.67096499121e-18],
        "max": [0.00485974550247, 0.00708510167897, 0.0118375467137, 0.0332222729921, 0.0341586321592, 0.04350977391, 0.0470261089504, 0.00791856832802, 0.0351283028722, 0.0288845058531, 0.00989641807973, 0.0269919857383, 0.0176239516586, 0.0309460218996, 0.0227250158787, 0.0418038144708, 0.00400127097964, 0.00846623815596, 0.0539583601058, 0.0345901288092, 0.0148390764371, 0.00499646831304, 0.00225063040853, 0.000151939384523, 5.99095910729e-05, 1.76276807906e-05, 3.64260740753e-05, 0.000187544952496, 0.000108994383481, 1.1483975868e-05, 3.12642296194e-05, 3.77054129785e-06, 1.53398730163e-06, 1.23625500237e-06, 8.47330568376e-07, 7.09276775979e-07, 3.79530604278e-07, 2.899298579e-07, 2.18186386292e-07, 1.19887417327e-07],
        "mean": [5.51880912099e-05, 0.000153150802362, 0.000198496170924, 0.000414516951423, 0.000606095069088, 0.000798129127361, 0.000402744539315, 0.000113491834782, 0.000181456751307, 0.000142127231811, 6.63222308503e-05, 7.02383840689e-05, 5.24605056853e-05, 5.61570159334e-05, 4.26167753176e-05, 2.97458354908e-05, 1.08318436105e-05, 1.09121829155e-05, 3.98840820708e-05, 2.72680335911e-05, 7.73082592787e-06, 2.46105423685e-06, 1.08156484657e-06, 3.18239955277e-07, 1.64639004652e-07, 6.97182684917e-08, 6.43007069812e-08, 7.22875839188e-08, 3.49028361768e-08, 1.22076677656e-08, 1.38896245616e-08, 4.19217016656e-09, 1.77567405224e-09, 1.12532738683e-09, 6.2920413324e-10, 4.25904672641e-10, 1.77803854973e-10, 1.03224442882e-10, 8.70656463592e-11, 5.03870174751e-11],
        "median": [6.77936441207e-06, 3.60054764315e-05, 5.10050340381e-05, 0.000106643521576, 0.000145025289385, 0.000125555729028, 3.92632355215e-05, 1.37664055728e-05, 1.52505881488e-05, 1.08356798592e-05, 4.35006859334e-06, 2.11262931771e-06, 1.25625683722e-06, 7.99850340627e-07, 5.5319344483e-07, 3.21918889767e-07, 1.56744278001e-07, 6.78896441286e-08, 3.8379781131e-08, 1.96475795633e-08, 7.39112770987e-09, 3.12704906413e-09, 1.81715409386e-09, 7.37358285541e-10, 3.65921237755e-10, 2.21659357535e-10, 2.05852418445e-10, 1.15346537877e-10, 7.46837452992e-11, 5.32315094781e-11, 4.15450243652e-11, 2.75377411846e-11, 2.26124813318e-11, 1.96510238637e-11, 1.90474545858e-11, 1.54361454174e-11, 1.32748378262e-11, 1.22403961966e-11, 1.18930039428e-11, 1.0995020866e-11],
        "min": [5.36750347357e-24, 6.68914683468e-24, 4.15467874117e-24, 5.97263946283e-24, 1.3116751175e-24, 4.20991320403e-24, 7.99513446227e-24, 1.94142518416e-23, 1.32309383966e-23, 9.58532343046e-24, 1.39328376422e-23, 2.21007744523e-23, 7.27167012609e-24, 1.37039843604e-23, 1.19741480793e-23, 9.56977971518e-24, 2.01991889527e-23, 1.04805062196e-23, 9.79210990612e-24, 1.41701364688e-23, 6.20145566813e-24, 6.68931486206e-24, 1.31450211888e-23, 1.11847625816e-23, 1.28520445595e-23, 2.33755105663e-23, 1.07807111814e-23, 7.97593674328e-24, 8.16838330541e-24, 1.54880721837e-23, 1.45594298592e-23, 9.20264700533e-24, 7.10674613208e-24, 1.2325186449e-23, 1.1294672205e-23, 1.03164097407e-23, 1.39834967118e-23, 1.03372482904e-23, 1.00372011008e-23, 1.16249572219e-23],
        "var": [3.37441008469e-08, 1.66118155676e-07, 3.03364430465e-07, 1.70282146428e-06, 2.43369186137e-06, 5.54373445993e-06, 2.76332229987e-06, 1.29416434902e-07, 6.02091233759e-07, 4.37802299302e-07, 8.09883644592e-08, 3.93379849584e-07, 1.81469914651e-07, 5.25996142642e-07, 2.72665261036e-07, 5.39961490631e-07, 1.23994849943e-08, 1.40256037895e-08, 6.60304522171e-07, 2.64043393372e-07, 3.93706862667e-08, 3.53812112941e-09, 5.7716048607e-10, 7.15284905958e-12, 2.24559520284e-12, 2.29689639704e-13, 4.26803232513e-13, 4.58516558055e-12, 1.81618088624e-12, 2.91251364118e-14, 1.22174012985e-13, 4.68737445099e-15, 6.58213315564e-16, 4.75649498646e-16, 1.56694861609e-16, 8.86675147977e-17, 1.84094637065e-17, 8.4090204999e-18, 5.17232480153e-18, 1.45710305084e-18]
    },
    "mfcc": {
        "mean": [-897.920166016, 219.266082764, 42.7666053772, -10.9975786209, -6.28534889221, -5.83824825287, -10.4386196136, -11.7437477112, -9.00199222565, -7.0626001358, -6.63626813889, -6.21551179886, -4.73560810089],
        "cov": [[8255.87890625, 3909.73266602, -2979.89599609, -647.476318359, 401.183258057, -223.994873047, -347.25189209, -168.545532227, -31.5590057373, -109.525268555, -79.6318130493, -3.34018445015, -5.69051837921], [3909.73266602, 2624.95385742, -768.227722168, -567.037414551, 45.3014259338, -136.61428833, -216.104888916, -138.37663269, -98.0410232544, -96.1050338745, -44.2895622253, -18.9765300751, -53.9013328552], [-2979.89599609, -768.227722168, 1901.85498047, 222.669036865, -384.866943359, 35.5019836426, 121.106460571, 16.9664478302, -69.3911590576, -13.46621418, 23.3227558136, -14.1319141388, -60.5782432556], [-647.476318359, -567.037414551, 222.669036865, 415.965637207, 25.3996944427, -18.792049408, 73.5155715942, 52.5190238953, 42.5975151062, 32.422706604, 17.4303874969, 14.6110992432, 17.462310791], [401.183258057, 45.3014259338, -384.866943359, 25.3996944427, 256.863891602, 63.1947021484, -35.4442710876, 4.62815618515, 60.4401245117, 51.6152381897, -3.1320078373, 3.20227599144, 50.2100906372], [-223.994873047, -136.61428833, 35.5019836426, -18.792049408, 63.1947021484, 174.660400391, 76.4442977905, 1.90975856781, 34.7831687927, 31.6660728455, -12.8434295654, -14.0783472061, 21.4663257599], [-347.25189209, -216.104888916, 121.106460571, 73.5155715942, -35.4442710876, 76.4442977905, 175.916351318, 98.6409454346, 17.9998607635, 5.86835813522, 10.1150045395, 3.29251098633, -7.03189706802], [-168.545532227, -138.37663269, 16.9664478302, 52.5190238953, 4.62815618515, 1.90975856781, 98.6409454346, 157.865859985, 84.6031646729, 20.1711940765, 21.5885505676, 7.8596739769, -13.86673069], [-31.5590057373, -98.0410232544, -69.3911590576, 42.5975151062, 60.4401245117, 34.7831687927, 17.9998607635, 84.6031646729, 171.765975952, 119.53477478, 10.2472171783, -28.958896637, -10.4206161499], [-109.525268555, -96.1050338745, -13.46621418, 32.422706604, 51.6152381897, 31.6660728455, 5.86835813522, 20.1711940765, 119.53477478, 176.246932983, 63.002407074, -40.8765029907, -28.8246994019], [-79.6318130493, -44.2895622253, 23.3227558136, 17.4303874969, -3.1320078373, -12.8434295654, 10.1150045395, 21.5885505676, 10.2472171783, 63.002407074, 109.306045532, 40.0665397644, -37.5277709961], [-3.34018445015, -18.9765300751, -14.1319141388, 14.6110992432, 3.20227599144, -14.0783472061, 3.29251098633, 7.8596739769, -28.958896637, -40.8765029907, 40.0665397644, 101.412017822, 44.7755470276], [-5.69051837921, -53.9013328552, -60.5782432556, 17.462310791, 50.2100906372, 21.4663257599, -7.03189706802, -13.86673069, -10.4206161499, -28.8246994019, -37.5277709961, 44.7755470276, 132.601486206]],
