{
"lowlevel": {
    "average_loudness": 0.160548344254,
    "barkbands_crest": {
        "dmean": 1.78647065163,
        "dmean2": 2.91027760506,
        "dvar": 3.42106389999,
        "dvar2": 8.82037067413,
        "max": 25.79829216,
        "mean": 14.7965679169,
        "median": 14.3893566132,
        "min": 3.88327622414,
        "var": 20.1075496674
    },
    "barkbands_flatness_db": {
        "dmean": 0.0158993192017,
        "dmean2": 0.026098696515,
        "dvar": 0.000235275161685,
        "dvar2": 0.000599881517701,
        "max": 0.557173967361,
        "mean": 0.407111227512,
        "median": 0.414253890514,
        "min": 0.0438330695033,
        "var": 0.00363432522863
    },
    "barkbands_kurtosis": {
        "dmean": 2.79205846786,
        "dmean2": 4.39110374451,
        "dvar": 20.6160564423,
        "dvar2": 48.9994888306,
        "max": 151.143814087,
        "mean": 9.81450366974,
        "median": 6.88954925537,
        "min": -1.35507524014,
        "var": 119.139823914
    },
    "barkbands_skewness": {
        "dmean": 0.408214867115,
        "dmean2": 0.648828685284,
        "dvar": 0.201739475131,
        "dvar2": 0.510133981705,
        "max": 10.503452301,
        "mean": 1.50545811653,
        "median": 1.3978048563,
        "min": -3.48169708252,
        "var": 1.64214456081
    },
    "barkbands_spread": {
        "dmean": 0.662199854851,
        "dmean2": 1.06846952438,
        "dvar": 9.59407424927,
        "dvar2": 26.0926990509,
        "max": 99.419303894,
        "mean": 2.63541340828,
        "median": 1.72665560246,
        "min": 0.198047697544,
        "var": 27.9059734344
    },
    "dissonance": {
        "dmean": 0.0451355539262,
        "dmean2": 0.0773693695664,
        "dvar": 0.00175681908149,
        "dvar2": 0.00482444558293,
        "max": 0.500000059605,
        "mean": 0.351158261299,
        "median": 0.353983491659,
        "min": 0.110852696002,
        "var": 0.00484393443912
    },
    "dynamic_complexity": 4.71787214279,
    "erbbands_crest": {
        "dmean": 1.80826747417,
        "dmean2": 2.88548398018,
        "dvar": 3.63274121284,
        "dvar2": 9.07339096069,
        "max": 32.0611839294,
        "mean": 15.2083444595,
        "median": 14.8938989639,
        "min": 1.80103909969,
        "var": 22.4049854279
    },
    "erbbands_flatness_db": {
        "dmean": 0.0127927623689,
        "dmean2": 0.0208732001483,
        "dvar": 0.000151052692672,
        "dvar2": 0.000370438705431,
        "max": 0.519133985043,
        "mean": 0.402437180281,
        "median": 0.411584198475,
        "min": 0.0194963514805,
        "var": 0.00423279823735
    },
    "erbbands_kurtosis": {
        "dmean": 1.45615196228,
        "dmean2": 2.25219154358,
        "dvar": 4.13981771469,
        "dvar2": 9.55456542969,
        "max": 57.0959434509,
        "mean": 5.05653047562,
        "median": 3.20491504669,
        "min": -1.57109737396,
        "var": 33.7070121765
    },
    "erbbands_skewness": {
        "dmean": 0.255215197802,
        "dmean2": 0.395866364241,
        "dvar": 0.0723047405481,
        "dvar2": 0.165153130889,
        "max": 6.17860794067,
        "mean": 1.46055436134,
        "median": 1.39813613892,
        "min": -3.07191896439,
        "var": 0.825958371162
    },
    "erbbands_spread": {
        "dmean": 1.09530234337,
        "dmean2": 1.75651848316,
        "dvar": 4.58327388763,
        "dvar2": 12.3997459412,
        "max": 120.654563904,
        "mean": 7.62033653259,
        "median": 5.53028202057,
        "min": 0.802756845951,
        "var": 138.67414856
    },
    "hfc": {
        "dmean": 1.41035890579,
        "dmean2": 2.04692411423,
        "dvar": 12.6824064255,
        "dvar2": 23.1945648193,
        "max": 253.419708252,
        "mean": 6.82832527161,
        "median": 4.34370756149,
        "min": 1.21438941594e-16,
        "var": 82.657989502
    },
    "melbands_crest": {
        "dmean": 2.13390135765,
        "dmean2": 3.41806411743,
        "dvar": 5.17475700378,
        "dvar2": 13.4167432785,
        "max": 37.1492042542,
        "mean": 17.2548561096,
        "median": 16.8137226105,
        "min": 1.75617218018,
        "var": 25.072052002
    },
    "melbands_flatness_db": {
        "dmean": 0.0169992521405,
        "dmean2": 0.0279973000288,
        "dvar": 0.000256518775132,
        "dvar2": 0.000655695679598,
        "max": 0.703441679478,
        "mean": 0.537056744099,
        "median": 0.546727001667,
        "min": 0.00391634227708,
        "var": 0.00461622374132
    },
    "melbands_kurtosis": {
        "dmean": 2.67222166061,
        "dmean2": 4.28084373474,
        "dvar": 36.878944397,
        "dvar2": 100.228378296,
        "max": 257.439758301,
        "mean": 9.01088905334,
        "median": 5.88462734222,
        "min": -1.53949809074,
        "var": 160.653915405
    },
    "melbands_skewness": {
        "dmean": 0.363273322582,
        "dmean2": 0.581997394562,
        "dvar": 0.17100302875,
        "dvar2": 0.451701283455,
        "max": 11.0509157181,
        "mean": 1.44489014149,
        "median": 1.35610985756,
        "min": -2.71383285522,
        "var": 1.59159004688
    },
    "melbands_spread": {
        "dmean": 0.606528282166,
        "dmean2": 0.962922930717,
        "dvar": 2.2587826252,
        "dvar2": 4.20616960526,
        "max": 129.650009155,
        "mean": 3.33400177956,
        "median": 2.69317293167,
        "min": 0.552317738533,
        "var": 7.05648374557
    },
    "pitch_salience": {
        "dmean": 0.052099969238,
        "dmean2": 0.0851424261928,
        "dvar": 0.00282467156649,
        "dvar2": 0.00727633014321,
        "max": 0.825094640255,
        "mean": 0.543924987316,
        "median": 0.556309878826,
        "min": 0.0791085362434,
        "var": 0.0141341816634
    },
    "silence_rate_20dB": {
        "dmean": 0.000308308925014,
        "dmean2": 0.000616665405687,
        "dvar": 0.000308152695652,
        "dvar2": 0.000616348639596,
        "max": 1,
        "mean": 0.999537587166,
        "median": 1,
        "min": 0,
        "var": 0.00046207595733
    },
    "silence_rate_30dB": {
        "dmean": 0.00539540639147,
        "dmean2": 0.010791644454,
        "dvar": 0.00536712771282,
        "dvar2": 0.012834476307,
        "max": 1,
        "mean": 0.986204266548,
        "median": 1,
        "min": 0,
        "var": 0.0136031676084
    },
    "silence_rate_60dB": {
        "dmean": 0.0152612915263,
        "dmean2": 0.0305249355733,
        "dvar": 0.0150280501693,
        "dvar2": 0.0354561619461,
        "max": 1,
        "mean": 0.101348750293,
        "median": 0,
        "min": 0,
        "var": 0.0910792350769
    },
    "spectral_centroid": {
        "dmean": 21.6285896301,
        "dmean2": 34.3887634277,
        "dvar": 9962.32226562,
        "dvar2": 14245.2539062,
        "max": 10970.3085938,
        "mean": 371.17868042,
        "median": 341.443847656,
        "min": 169.099945068,
        "var": 38463.0585938
    },
    "spectral_complexity": {
        "dmean": 0.910127937794,
        "dmean2": 1.55831336975,
        "dvar": 0.924334943295,
        "dvar2": 2.17585754395,
        "max": 24,
        "mean": 7.58566474915,
        "median": 7,
        "min": 0,
        "var": 8.3373708725
    },
    "spectral_decrease": {
        "dmean": 1.07109632275e-09,
        "dmean2": 1.56233559423e-09,
        "dvar": 4.47657243496e-18,
        "dvar2": 8.65023629269e-18,
        "max": 9.69373203157e-29,
        "mean": -5.13792253187e-09,
        "median": -3.42164740985e-09,
        "min": -1.06072455708e-07,
        "var": 3.68926325142e-17
    },
    "spectral_energy": {
        "dmean": 0.00416777422652,
        "dmean2": 0.00607787398621,
        "dvar": 6.86361599946e-05,
        "dvar2": 0.000132379194838,
        "max": 0.423327714205,
        "mean": 0.0200109630823,
        "median": 0.0133250737563,
        "min": 1.06490206162e-20,
        "var": 0.000562532746699
    },
    "spectral_energyband_high": {
        "dmean": 2.751612449e-08,
        "dmean2": 4.24014885425e-08,
        "dvar": 1.11700376054e-13,
        "dvar2": 1.97804825904e-13,
        "max": 3.46304150298e-05,
        "mean": 8.90460825076e-08,
        "median": 4.24801669396e-08,
        "min": 7.51695534896e-21,
        "var": 3.46857525341e-13
    },
    "spectral_energyband_low": {
        "dmean": 0.000521023583133,
        "dmean2": 0.000827382435091,
        "dvar": 1.85131693797e-06,
        "dvar2": 4.7458975132e-06,
        "max": 0.0518797710538,
        "mean": 0.0013789559016,
        "median": 0.000437709939433,
        "min": 7.98323701987e-23,
        "var": 7.97185475676e-06
    },
    "spectral_energyband_middle_high": {
        "dmean": 0.000112340028863,
        "dmean2": 0.000154501045472,
        "dvar": 3.58230181519e-07,
        "dvar2": 7.17062107469e-07,
        "max": 0.037589725107,
        "mean": 0.000411047891248,
        "median": 0.00016840956232,
        "min": 1.68639619751e-21,
        "var": 1.09552729555e-06
    },
    "spectral_energyband_middle_low": {
        "dmean": 0.0040100235492,
        "dmean2": 0.00589139759541,
        "dvar": 6.31726798019e-05,
        "dvar2": 0.000124593527289,
        "max": 0.383073240519,
        "mean": 0.0187022648752,
        "median": 0.0123221185058,
        "min": 2.39875208472e-22,
        "var": 0.000502877112012
    },
    "spectral_entropy": {
        "dmean": 0.107950992882,
        "dmean2": 0.175877794623,
        "dvar": 0.0139392232522,
        "dvar2": 0.0339932069182,
        "max": 9.8162946701,
        "mean": 5.15925836563,
        "median": 5.10262727737,
        "min": 3.94200563431,
        "var": 0.303656488657
    },
    "spectral_flux": {
        "dmean": 0.0127474460751,
        "dmean2": 0.0204994380474,
        "dvar": 0.000342927349266,
        "dvar2": 0.000810927711427,
        "max": 0.360569119453,
        "mean": 0.0334061868489,
        "median": 0.0254599060863,
        "min": 1.0319409216e-10,
        "var": 0.000747656275053
    },
    "spectral_kurtosis": {
        "dmean": 42.3199577332,
        "dmean2": 73.7284011841,
        "dvar": 1467.24121094,
        "dvar2": 4479.12597656,
        "max": 471.638244629,
        "mean": 189.519866943,
        "median": 189.776672363,
        "min": -1.18347978592,
        "var": 5336.00927734
    },
    "spectral_rms": {
        "dmean": 0.000412792578572,
        "dmean2": 0.000607164693065,
        "dvar": 3.00635548456e-07,
        "dvar2": 5.86405633385e-07,
        "max": 0.0203224662691,
        "mean": 0.00390249141492,
        "median": 0.00360556133091,
        "min": 3.22324198582e-12,
        "var": 4.29357169196e-06
    },
    "spectral_rolloff": {
        "dmean": 45.0871124268,
        "dmean2": 80.5819854736,
        "dvar": 158818.671875,
        "dvar2": 369595.28125,
        "max": 19121.484375,
        "mean": 430.874725342,
        "median": 409.130859375,
        "min": 21.533203125,
        "var": 121590.039062
    },
    "spectral_skewness": {
        "dmean": 1.38377857208,
        "dmean2": 2.41161441803,
        "dvar": 1.5147485733,
        "dvar2": 4.31832122803,
        "max": 17.5705413818,
        "mean": 10.872877121,
        "median": 11.356637001,
        "min": 0.027112763375,
        "var": 7.75120973587
    },
    "spectral_spread": {
        "dmean": 322422.625,
        "dmean2": 585911.5625,
        "dvar": 153494159360,
        "dvar2": 316211986432,
        "max": 40574220,
        "mean": 957688.375,
        "median": 719210.8125,
        "min": 202873.09375,
        "var": 1.86062051738e+12
    },
    "spectral_strongpeak": {
        "dmean": 0.248003363609,
        "dmean2": 0.405435949564,
        "dvar": 0.143186852336,
        "dvar2": 0.330885946751,
        "max": 9.94537353516,
        "mean": 1.05381512642,
        "median": 0.847086489201,
        "min": 0,
        "var": 0.761383235455
    },
    "zerocrossingrate": {
        "dmean": 0.00163977290504,
        "dmean2": 0.00221907696687,
        "dvar": 4.11639302911e-05,
        "dvar2": 6.44543324597e-05,
        "max": 0.50634765625,
        "mean": 0.0182148292661,
        "median": 0.01611328125,
        "min": 0.00634765625,
        "var": 0.000215090112761
    },
    "barkbands": {
        "dmean": [1.10130577013e-06, 0.000169186067069, 0.000232082093135, 0.000436274625827, 0.00176557654049, 0.00199683126993, 0.000665704486892, 0.000242504276684, 0.000359666475561, 5.28015989403e-05, 3.86814390367e-05, 2.5142031518e-05, 1.67403341038e-05, 1.26912309497e-05, 2.41932229983e-06, 3.14964086101e-06, 9.03844011191e-07, 5.4752217693e-07, 1.28770111019e-07, 2.07776569283e-08, 8.71528627044e-09, 4.17949141962e-09, 1.79700454517e-09, 1.71836134211e-09, 1.7922805462e-09, 2.56644461238e-09, 2.19105733557e-09],
        "dmean2": [1.91159438145e-06, 0.000272273668088, 0.000359030149411, 0.000722102180589, 0.00252109207213, 0.00306119862944, 0.00107331119943, 0.000372696638806, 0.000476034649182, 7.58171299822e-05, 5.49850446987e-05, 3.65774576494e-05, 2.28624940064e-05, 1.81226041605e-05, 3.88418084185e-06, 4.2638416744e-06, 1.12560792331e-06, 7.04374940597e-07, 1.83178897828e-07, 3.05427114711e-08, 1.31881057186e-08, 7.07157354896e-09, 2.99294344863e-09, 2.86477730427e-09, 3.02335623203e-09, 4.55553728074e-09, 3.82421561085e-09],
        "dvar": [2.51645796215e-12, 2.87183468117e-07, 4.08307613498e-07, 1.25564531572e-06, 1.4714023564e-05, 2.11410351767e-05, 2.75007005257e-06, 1.06311608761e-06, 1.04203027149e-05, 1.68389206578e-07, 7.82053319881e-08, 1.27671349048e-08, 3.11437950984e-08, 2.64397126415e-09, 1.91664628613e-10, 4.58671933767e-10, 4.17308687606e-11, 4.97099306163e-11, 4.05608662976e-12, 7.42944592023e-14, 9.97959310675e-15, 3.81641197594e-15, 9.16061334808e-18, 7.06483463371e-18, 1.00767200124e-17, 1.42908513655e-16, 8.74973123113e-18],
        "dvar2": [6.74524975805e-12, 6.90999058861e-07, 9.47034095589e-07, 3.59186219612e-06, 2.78423158306e-05, 4.79063892271e-05, 6.38800702291e-06, 2.53381790571e-06, 1.60925519594e-05, 3.77534433937e-07, 1.2238908198e-07, 2.83290990666e-08, 5.25976595611e-08, 6.09826544817e-09, 4.90584239898e-10, 8.02116206788e-10, 6.42919814609e-11, 9.6146660078e-11, 8.07285835402e-12, 1.27236952528e-13, 1.9723912648e-14, 1.04695195045e-14, 2.27730201087e-17, 1.83561320636e-17, 2.77832067568e-17, 4.09920138986e-16, 2.59923061367e-17],
        "max": [2.9266169804e-05, 0.023800091818, 0.0209098905325, 0.0380577519536, 0.184749737382, 0.159810915589, 0.0711733102798, 0.0408146120608, 0.278819143772, 0.0363715551794, 0.0299488604069, 0.00703794695437, 0.0214208830148, 0.00248482590541, 0.000600876752287, 0.00179777981248, 0.00053231586935, 0.00056535762269, 0.000173867476406, 2.80258045677e-05, 7.90787908045e-06, 4.98432200402e-06, 1.39754931183e-07, 7.56132081392e-08, 1.37646523513e-07, 3.99993012934e-07, 8.73113563671e-08],
        "mean": [1.22960466342e-06, 0.000355807685992, 0.000553295947611, 0.0010202851845, 0.00586235988885, 0.00788279436529, 0.00236420403235, 0.000614247575868, 0.00092860229779, 0.00014612909581, 0.000109091110062, 6.94326954545e-05, 4.76319437439e-05, 3.73658185708e-05, 5.47194031242e-06, 8.91662784852e-06, 2.25421399591e-06, 1.53076825882e-06, 2.99235892953e-07, 4.60010056713e-08, 2.00964489494e-08, 7.24394855212e-09, 4.6344736937e-09, 4.82502215959e-09, 5.70736391481e-09, 8.03934252502e-09, 1.22914327605e-08],
        "median": [6.28305770078e-07, 6.16068864474e-05, 0.000158870767336, 0.000295345031191, 0.00289539596997, 0.003063097829, 0.000897887744941, 0.000160921714269, 0.000204197174753, 4.33681634604e-05, 2.89489289571e-05, 2.21342888835e-05, 8.54964400787e-06, 6.34392881693e-06, 9.30173143843e-07, 6.94219693287e-07, 1.25751128621e-07, 3.81972604657e-08, 1.35729205653e-08, 7.80337572337e-09, 4.95878227369e-09, 3.46308604016e-09, 3.18094883767e-09, 3.50139761629e-09, 4.49944170811e-09, 6.68262867265e-09, 1.17350982265e-08],
        "min": [7.34321586589e-24, 2.19445926149e-23, 3.87976055793e-23, 2.95127064139e-23, 3.14628179033e-23, 3.86907811909e-23, 2.85666665511e-23, 2.0272529351e-23, 4.93046869451e-23, 1.08153448573e-22, 7.5554920246e-23, 1.02352588305e-22, 4.71069078414e-23, 1.46864342561e-22, 8.12598928928e-23, 2.63232887627e-22, 2.20448480007e-22, 2.38862336314e-22, 2.65174469952e-22, 2.92745625595e-22, 4.24623655685e-22, 4.45996358853e-22, 5.31002394413e-22, 8.51068481966e-22, 1.29003976309e-21, 1.35952303552e-21, 2.63476048637e-21],
        "var": [3.551915706e-12, 9.41494704421e-07, 1.74165222688e-06, 4.97465498484e-06, 9.45129577303e-05, 0.000166828685906, 1.9577330022e-05, 2.64655272986e-06, 3.34769574692e-05, 3.91145078993e-07, 2.12168359326e-07, 2.95374249504e-08, 1.3184120462e-07, 1.14551488295e-08, 3.62053692582e-10, 1.84648707435e-09, 1.46845910431e-10, 1.55490065268e-10, 9.1928391982e-12, 2.27538799434e-13, 3.20577101648e-14, 3.52894466375e-15, 2.67867138534e-17, 1.67375679067e-17, 1.82081560695e-17, 9.24338467977e-17, 8.83180326433e-18]
    },
    "erbbands": {
        "dmean": [0.00194016331807, 0.048101823777, 0.221702098846, 0.940394639969, 4.16661834717, 5.38649606705, 11.1580104828, 15.909778595, 13.8901500702, 4.69882154465, 6.37018108368, 8.02509689331, 2.13926148415, 1.93996310234, 1.2521135807, 0.821206629276, 0.850018084049, 0.567061007023, 0.302214980125, 0.167417958379, 0.117344692349, 0.0553474090993, 0.0390388816595, 0.00878601241857, 0.0035530817695, 0.00108808826189, 0.000417124741944, 0.000296837941278, 0.000163822973263, 7.44007484172e-05, 5.30568613613e-05, 3.89759006794e-05, 2.86979429802e-05, 2.12485228985e-05, 1.39177327583e-05, 1.14110162031e-05, 5.32758531335e-06, 1.72766169726e-06, 1.98566567633e-06, 4.61445461042e-06],
        "dmean2": [0.00309859286062, 0.0769821703434, 0.34515786171, 1.53981244564, 6.05910110474, 7.87107229233, 16.1424865723, 24.9741744995, 22.3796024323, 7.30617856979, 9.40703678131, 10.3022327423, 3.0879034996, 2.72892427444, 1.77524995804, 1.16700065136, 1.15146827698, 0.805488049984, 0.433023005724, 0.250238627195, 0.159954339266, 0.0684126839042, 0.0492585971951, 0.0118762729689, 0.00491680763662, 0.00157023139764, 0.000610638351645, 0.000462550320663, 0.000276978011243, 0.000120202836115, 8.78251521499e-05, 6.4475920226e-05, 4.79926784465e-05, 3.55438060069e-05, 2.33125629165e-05, 1.99632540898e-05, 9.1146930572e-06, 3.0135029192e-06, 2.89681133836e-06, 6.72497981213e-06],
        "dvar": [3.62023347407e-05, 0.0226473789662, 0.350700110197, 6.55200147629, 114.490715027, 128.492156982, 602.731506348, 1601.46203613, 1506.46789551, 175.618667603, 1785.59313965, 6331.640625, 121.987037659, 202.046966553, 36.8072547913, 17.0483722687, 88.8251800537, 5.89404153824, 2.42005443573, 1.04518771172, 0.561213672161, 0.197995841503, 0.180406183004, 0.00898770242929, 0.00352436979301, 0.000337977107847, 1.89346937987e-05, 1.25762035168e-05, 4.73430827697e-06, 6.71261886964e-07, 1.04662332134e-08, 3.61185548137e-09, 2.01247085663e-09, 1.21008503218e-09, 9.43663369668e-10, 3.60735397109e-09, 6.17842166317e-10, 1.88219041047e-11, 1.50130585047e-11, 8.53478815399e-11],
        "dvar2": [8.6430729425e-05, 0.0537062324584, 0.785561919212, 19.0845909119, 241.797622681, 251.688644409, 1058.04968262, 3696.63208008, 3580.51733398, 385.672821045, 3868.52148438, 8453.13964844, 240.638092041, 409.644622803, 85.8642120361, 32.8467521667, 150.165176392, 14.2818164825, 4.91412591934, 2.42897820473, 0.953110575676, 0.309497773647, 0.354348480701, 0.0193947236985, 0.00661824736744, 0.00056318793213, 3.43386782333e-05, 2.66283950623e-05, 1.30633588924e-05, 1.41013424582e-06, 2.48463685182e-08, 9.12178421686e-09, 5.27958921026e-09, 3.25026650039e-09, 2.66118838077e-09, 1.05872084433e-08, 1.69557123897e-09, 5.45398136376e-11, 2.84954872198e-11, 1.64125352198e-10],
        "max": [0.244244247675, 7.10515928268, 27.3234329224, 80.3963546753, 515.578186035, 476.734863281, 1170.58300781, 1454.56091309, 1926.57226562, 692.017944336, 2350.66674805, 8233.61328125, 687.833435059, 972.142822266, 316.539794922, 355.994750977, 1175.15612793, 137.938812256, 88.4886245728, 74.7119216919, 66.3567886353, 38.0256690979, 28.0885658264, 5.77088022232, 5.58073282242, 1.98052704334, 0.339853316545, 0.27202501893, 0.179408192635, 0.0869244411588, 0.00535314437002, 0.00202092318796, 0.00160612573382, 0.000973195885308, 0.00189142860472, 0.00273757264949, 0.00149962713476, 0.00011161074508, 0.000208401907003, 0.000482513627503],
        "mean": [0.00414667045698, 0.104741089046, 0.53782081604, 2.38571476936, 11.683339119, 16.9334583282, 39.4088783264, 67.0352783203, 56.0596542358, 14.9845046997, 17.1965675354, 19.9112548828, 6.69564676285, 5.18254137039, 4.24276065826, 2.48860001564, 2.53406333923, 1.82908451557, 0.777296960354, 0.463203191757, 0.333097070456, 0.137137249112, 0.109236881137, 0.0219623595476, 0.009302563034, 0.00265871384181, 0.000988737563603, 0.000698489660863, 0.000293556688121, 0.000174032131326, 0.000143469616887, 0.000112343455839, 9.16949065868e-05, 7.20111711416e-05, 5.32000231033e-05, 3.8120746467e-05, 2.08050132642e-05, 7.21407286619e-06, 1.10270175355e-05, 2.23595125135e-05],
        "median": [0.000875729892869, 0.0209058001637, 0.175612658262, 0.848234653473, 3.43563199043, 8.56821632385, 20.4528160095, 23.3514003754, 21.4059009552, 6.3371591568, 4.34854269028, 4.06552457809, 2.67075157166, 1.57999408245, 1.51513683796, 0.913497924805, 0.509459972382, 0.330563098192, 0.147530823946, 0.0760603696108, 0.0317889899015, 0.00951142702252, 0.0032098563388, 0.00135111704003, 0.000614891992882, 0.000394282717025, 0.000252122001257, 0.000177784750122, 0.0001341887546, 0.000109257307486, 9.82483688858e-05, 8.12880825833e-05, 6.85258128215e-05, 5.60371736356e-05, 4.27104423579e-05, 2.97443384625e-05, 1.71180090547e-05, 6.42958502794e-06, 7.92690025264e-06, 1.49413372128e-05],
        "min": [9.89431504055e-22, 4.39934877875e-21, 3.25452273304e-20, 7.98760237669e-20, 1.11203770483e-19, 1.10804629988e-19, 1.52098649389e-19, 4.28387688556e-19, 4.98046429095e-19, 3.82748411848e-19, 6.34292950451e-19, 9.98499023195e-19, 3.24770547233e-18, 2.9658651853e-18, 3.52237493063e-18, 2.98313857764e-18, 2.81878006467e-18, 4.97371542773e-18, 5.60716785928e-18, 8.41040437307e-18, 1.54895177985e-17, 1.27627458606e-17, 1.11871595267e-17, 1.70521347675e-17, 1.05458596327e-17, 1.50446865349e-17, 1.46958264202e-17, 1.82335869103e-17, 1.3808014296e-17, 1.69688244449e-17, 1.54498048573e-17, 1.54010309797e-17, 1.56475506545e-17, 1.42804725649e-17, 9.17431145902e-18, 5.28395902905e-18, 2.39594994416e-18, 1.40725766412e-18, 4.19209189081e-19, 3.42627838619e-20],
        "var": [0.00011999020353, 0.0769732147455, 1.40047955513, 22.8547611237, 657.479431152, 721.598999023, 3833.35595703, 14094.0195312, 11688.6435547, 700.313293457, 4047.5012207, 22481.7285156, 460.392944336, 437.24005127, 139.178131104, 42.4814109802, 381.449249268, 28.829000473, 7.19536542892, 2.39855146408, 2.39269542694, 0.653799533844, 0.582848131657, 0.0195003543049, 0.00886886846274, 0.00106059887912, 6.06038156548e-05, 4.16234106524e-05, 4.46324156655e-06, 9.96638846118e-07, 3.01354461385e-08, 9.86738069031e-09, 5.71835379048e-09, 2.93301893883e-09, 1.60230040347e-09, 2.45372633323e-09, 5.1338078233e-10, 1.57849393279e-11, 1.2552221762e-10, 6.95830615349e-10]
    },
    "gfcc": {
        "mean": [-243.254699707, 237.364501953, -60.4679145813, -63.2234382629, -43.0209617615, -21.5172634125, -42.7002410889, -24.0338630676, -16.566614151, -10.8962059021, -7.05518484116, -6.38554334641, -2.21740055084],
        "cov": [[5376.86328125, 2080.31103516, -1434.78137207, -789.61895752, 415.170776367, -496.206604004, -228.049697876, -84.7410812378, 212.5677948, -113.149528503, 210.85005188, -64.0936279297, 89.5357513428], [2080.31103516, 1307.80480957, -159.102005005, -495.641448975, 34.0611305237, -120.967338562, -86.6798477173, -166.20602417, 21.5464553833, -83.3694992065, 48.525718689, -59.4590530396, 46.2400054932], [-1434.78137207, -159.102005005, 1057.93359375, 232.749679565, -267.524749756, 238.37852478, 114.592803955, -145.748443604, -147.969146729, -3.89781761169, -100.669898987, -29.487695694, -12.3882246017], [-789.61895752, -495.641448975, 232.749679565, 454.626403809, 69.5459594727, 95.1975402832, 105.201980591, 123.017776489, -11.7115821838, 25.9466571808, -30.9278564453, 14.9784736633, -40.1437301636], [415.170776367, 34.0611305237, -267.524749756, 69.5459594727, 237.738143921, -9.02560806274, -17.7927856445, 79.2352752686, 66.4597015381, -8.06226539612, 18.3093833923, 7.89871168137, -4.23913955688], [-496.206604004, -120.967338562, 238.37852478, 95.1975402832, -9.02560806274, 184.278289795, 96.7701187134, 0.00968051236123, -37.0828666687, 5.84152078629, -49.634601593, -20.368850708, -10.9825153351], [-228.049697876, -86.6798477173, 114.592803955, 105.201980591, -17.7927856445, 96.7701187134, 152.556182861, 75.1117401123, -30.0797290802, 0.795489966869, -16.0342464447, -28.6662044525, -34.7980041504], [-84.7410812378, -166.20602417, -145.748443604, 123.017776489, 79.2352752686, 0.00968051236123, 75.1117401123, 183.172058105, 57.4430389404, 11.4595031738, 13.5043125153, 9.60771846771, -39.2967071533], [212.5677948, 21.5464553833, -147.969146729, -11.7115821838, 66.4597015381, -37.0828666687, -30.0797290802, 57.4430389404, 101.971786499, 41.6464881897, 25.2057304382, 22.4685726166, 16.541601181], [-113.149528503, -83.3694992065, -3.89781761169, 25.9466571808, -8.06226539612, 5.84152078629, 0.795489966869, 11.4595031738, 41.6464881897, 74.7703552246, 33.9979019165, 15.0123596191, 8.73244953156], [210.85005188, 48.525718689, -100.669898987, -30.9278564453, 18.3093833923, -49.634601593, -16.0342464447, 13.5043125153, 25.2057304382, 33.9979019165, 82.1600494385, 31.6209926605, -1.26695215702], [-64.0936279297, -59.4590530396, -29.487695694, 14.9784736633, 7.89871168137, -20.368850708, -28.6662044525, 9.60771846771, 22.4685726166, 15.0123596191, 31.6209926605, 72.0053482056, 34.7303581238], [89.5357513428, 46.2400054932, -12.3882246017, -40.1437301636, -4.23913955688, -10.9825153351, -34.7980041504, -39.2967071533, 16.541601181, 8.73244953156, -1.26695215702, 34.7303581238, 72.2472229004]],
        "icov": [[0.00271452125162, -0.00415033707395, 0.00399254681543, -0.00358376652002, 0.00109396397602, 0.00122732261661, -0.00274840882048, 0.00464519672096, -0.00415035802871, 0.00357042020187, -0.00286706280895, 0.00226149708033, -0.00117958744522], [-0.00415033707395, 0.00888822507113, -0.00748363276944, 0.00838132202625, -0.00422647548839, 0.000238386521232, 0.00136720854789, -0.00513630080968, 0.00355795584619, -0.00197669444606, 0.00173371878918, -0.00108186760917, 0.000456429464975], [0.00399254681543, -0.00748363276944, 0.0105836270377, -0.0103818299249, 0.00812426395714, -0.00358350225724, -0.00261639920063, 0.0102646742016, -0.0082638124004, 0.00765222078189, -0.00460796896368, 0.00268477457576, -0.000261411594693], [-0.00358376652002, 0.00838132202625, -0.0103818299249, 0.0159231945872, -0.0115911560133, 0.00530878547579, -0.00114377122372, -0.0100223077461, 0.0106636527926, -0.0110609307885, 0.00834329333156, -0.0058983406052, 0.00214633345604], [0.00109396397602, -0.00422647548839, 0.00812426395714, -0.0115911560133, 0.0185909569263, -0.011641795747, 0.00693937158212, 0.0025878213346, -0.0107355387881, 0.0131032727659, -0.00939067918807, 0.00589291658252, -0.00175041158218], [0.00122732261661, 0.000238386521232, -0.00358350225724, 0.00530878547579, -0.011641795747, 0.021964320913, -0.0160938426852, 0.00592392403632, 0.00207472639158, -0.00910775177181, 0.0115559352562, -0.00602511595935, 0.0025128624402], [-0.00274840882048, 0.00136720854789, -0.00261639920063, -0.00114377122372, 0.00693937158212, -0.0160938426852, 0.0312460009009, -0.0229274779558, 0.0152772180736, -0.00452772853896, -0.00519908312708, 0.00911662261933, -0.00543769728392], [0.00464519672096, -0.00513630080968, 0.0102646742016, -0.0100223077461, 0.0025878213346, 0.00592392403632, -0.0229274779558, 0.0366751849651, -0.0285157039762, 0.017209848389, -0.00421235011891, -0.00413024565205, 0.0100398631766], [-0.00415035802871, 0.00355795584619, -0.0082638124004, 0.0106636527926, -0.0107355387881, 0.00207472639158, 0.0152772180736, -0.0285157039762, 0.0481347069144, -0.0360244587064, 0.0168500039726, -0.00783263798803, -0.0036977857817], [0.00357042020187, -0.00197669444606, 0.00765222078189, -0.0110609307885, 0.0131032727659, -0.00910775177181, -0.00452772853896, 0.017209848389, -0.0360244587064, 0.0526890866458, -0.0325531922281, 0.0175457429141, -0.00855490751565], [-0.00286706280895, 0.00173371878918, -0.00460796896368, 0.00834329333156, -0.00939067918807, 0.0115559352562, -0.00519908312708, -0.00421235011891, 0.0168500039726, -0.0325531922281, 0.0440842807293, -0.027982160449, 0.0170008689165], [0.00226149708033, -0.00108186760917, 0.00268477457576, -0.0058983406052, 0.00589291658252, -0.00602511595935, 0.00911662261933, -0.00413024565205, -0.00783263798803, 0.0175457429141, -0.027982160449, 0.0419844128191, -0.02435352467], [-0.00117958744522, 0.000456429464975, -0.000261411594693, 0.00214633345604, -0.00175041158218, 0.0025128624402, -0.00543769728392, 0.0100398631766, -0.0036977857817, -0.00855490751565, 0.0170008689165, -0.02435352467, 0.0331658683717]]
    },
    "melbands": {
        "dmean": [3.2651150832e-05, 9.63656784734e-05, 0.000221726819291, 0.000376708019758, 0.000343536026776, 0.000366991764167, 0.000196993816644, 4.97273358633e-05, 6.03078879067e-05, 4.58761205664e-05, 9.80835829978e-06, 8.1973239503e-06, 4.61335457658e-06, 3.31780665874e-06, 2.08190908779e-06, 1.51726635522e-06, 1.0114467841e-06, 6.1635006432e-07, 2.08803228929e-07, 2.54869576111e-07, 1.13751866593e-07, 5.30131707421e-08, 5.07751103385e-08, 2.01280965229e-08, 6.34698160695e-09, 4.55641613328e-09, 8.2480428043e-10, 7.20367265838e-10, 2.47382114793e-10, 2.27485447146e-10, 1.70241085118e-10, 1.13449222239e-10, 4.88777837648e-11, 3.93713499303e-11, 3.17967145669e-11, 2.92547375214e-11, 2.38264789842e-11, 2.12569684077e-11, 2.0710384796e-11, 1.82616144428e-11],
        "dmean2": [5.2639428759e-05, 0.000149906380102, 0.00035393613507, 0.000524306669831, 0.000507965683937, 0.000573665951379, 0.000317095749779, 7.67259843997e-05, 8.691464609e-05, 5.92199903622e-05, 1.46684951687e-05, 1.15827933769e-05, 6.57400551063e-06, 4.74992475574e-06, 2.89229501504e-06, 2.10104599319e-06, 1.44443208683e-06, 8.8353948513e-07, 3.39115928227e-07, 3.41398134651e-07, 1.61188296488e-07, 6.51819647146e-08, 6.49954188248e-08, 2.55370089519e-08, 8.98779450864e-09, 6.41869846163e-09, 1.22678134318e-09, 1.03561403897e-09, 3.66727814782e-10, 3.41853628738e-10, 2.771858576e-10, 1.93858887276e-10, 8.24440099523e-11, 6.44356304424e-11, 5.34529781548e-11, 4.86069171024e-11, 3.99968357045e-11, 3.60441572422e-11, 3.51836268453e-11, 3.09933294307e-11],
        "dvar": [1.05509707637e-08, 6.85615617613e-08, 2.45814931077e-07, 8.69798668646e-07, 5.19042998803e-07, 8.33778415199e-07, 2.94005104706e-07, 2.52091396646e-08, 2.2170168279e-07, 1.94581474489e-07, 2.80997891622e-09, 3.75284869847e-09, 6.54505782904e-10, 1.895562457e-10, 4.81124085017e-10, 1.88212528895e-10, 1.92907478186e-11, 1.13726892487e-11, 1.88998621441e-12, 3.36584080919e-12, 4.0175135896e-13, 1.71293521359e-13, 3.99758161686e-13, 4.90596163683e-14, 6.63929453882e-15, 8.82541669546e-15, 4.19292426198e-17, 2.37306709266e-16, 4.62440863558e-18, 7.36455277532e-18, 5.04671494397e-18, 2.96587821339e-18, 1.77890955144e-19, 1.3277229816e-19, 2.81552893467e-21, 2.94509417605e-21, 1.25969257437e-21, 1.06491637976e-21, 1.04991191718e-21, 8.82494075101e-22],
        "dvar2": [2.58585046709e-08, 1.49975420527e-07, 6.73744921187e-07, 1.51990195718e-06, 9.60941065387e-07, 1.95093548427e-06, 7.10681547389e-07, 5.41035731771e-08, 4.51101698218e-07, 2.58613937376e-07, 6.04824013095e-09, 7.95081778193e-09, 1.18470599997e-09, 4.65234933911e-10, 8.22961865321e-10, 3.26912052984e-10, 4.60715493533e-11, 2.30105500626e-11, 5.08950737457e-12, 5.98335183483e-12, 7.54596309483e-13, 2.61324246747e-13, 8.00533955531e-13, 9.50067661262e-14, 1.50704169738e-14, 1.63960082897e-14, 8.66471757824e-17, 3.78950576261e-16, 9.29966654495e-18, 1.28294290256e-17, 1.21871298974e-17, 8.31563346311e-18, 4.10267004768e-19, 2.72655118413e-19, 7.34257937505e-21, 6.60129347195e-21, 3.30850798102e-21, 2.84264151601e-21, 2.85083375447e-21, 2.43486247665e-21],
        "max": [0.0038061470259, 0.0132876224816, 0.014501620084, 0.0497342124581, 0.033394832164, 0.0307514630258, 0.0255378745496, 0.00901062786579, 0.026560805738, 0.0460055656731, 0.00409999163821, 0.00357337296009, 0.00226785708219, 0.000708318431862, 0.00192092952784, 0.0017576465616, 0.000240759982262, 0.000193292711629, 6.58623175696e-05, 0.000153031316586, 4.76582026749e-05, 3.5459674109e-05, 6.18607591605e-05, 1.86558027053e-05, 4.6936875151e-06, 8.98046982911e-06, 2.96690899404e-07, 1.76179196387e-06, 1.57670442036e-07, 2.2249626852e-07, 1.6093643751e-07, 1.34497412319e-07, 4.41444036881e-08, 3.84183103108e-08, 2.11979633846e-09, 3.46090600623e-09, 7.32047533702e-10, 1.13580322925e-09, 8.32110158555e-10, 9.42259936743e-10],
        "mean": [6.87035717419e-05, 0.000237203101278, 0.000601774605457, 0.00113554985728, 0.00122803717386, 0.00153422879521, 0.000785787997302, 0.000142597404192, 0.000157629299792, 0.000114619047963, 2.99589155475e-05, 2.10406997212e-05, 1.48215121953e-05, 9.36750802794e-06, 5.91417801843e-06, 4.50298739452e-06, 3.11966118716e-06, 1.44337388974e-06, 4.59711742451e-07, 7.61833007346e-07, 2.90761647648e-07, 1.28240927211e-07, 1.26990428839e-07, 5.7318288782e-08, 1.42007472448e-08, 1.15213163454e-08, 1.74770642403e-09, 1.68101510489e-09, 5.24863763562e-10, 5.27574373077e-10, 3.41650208124e-10, 1.73436293105e-10, 1.01691620402e-10, 8.53095094566e-11, 7.66496310867e-11, 7.08738137623e-11, 5.96920360363e-11, 5.64110494428e-11, 5.43200970315e-11, 5.00222953337e-11],
        "median": [1.24440484797e-05, 6.787237362e-05, 0.00022071285639, 0.000399463198846, 0.000658855366055, 0.000559874228202, 0.000294262717944, 4.81004244648e-05, 3.28137793986e-05, 2.54084825428e-05, 1.22799392557e-05, 5.97156622462e-06, 4.49714207207e-06, 3.07126515509e-06, 1.07063044652e-06, 9.00753775568e-07, 4.7018005489e-07, 2.08479548292e-07, 7.85441187645e-08, 6.55955716411e-08, 2.31036416665e-08, 6.82123513229e-09, 4.17232604022e-09, 1.48147216716e-09, 8.92140972208e-10, 4.24391966014e-10, 3.02659314277e-10, 2.17937112801e-10, 1.49018547502e-10, 1.17237081154e-10, 9.05992086908e-11, 7.3713452009e-11, 6.03732480675e-11, 5.51175424746e-11, 5.31304930607e-11, 4.72475322755e-11, 4.34629207624e-11, 4.15654143049e-11, 4.07770345268e-11, 3.9504528121e-11],
        "min": [7.90139254318e-24, 1.30571641721e-23, 1.55345234692e-23, 7.73053631516e-24, 4.86289281833e-24, 9.02917728114e-24, 6.73954163589e-24, 4.03201284256e-24, 6.28011062241e-24, 6.17670357951e-24, 1.63769101646e-23, 1.17488454605e-23, 1.15828651817e-23, 9.33575308359e-24, 7.4759677456e-24, 5.46219084246e-24, 1.11168984557e-23, 1.09183066671e-23, 7.2423631546e-24, 1.58750100354e-23, 1.74339364459e-23, 1.23334426672e-23, 1.18515149185e-23, 1.01556209556e-23, 1.45783640987e-23, 9.37172356315e-24, 6.6878933347e-24, 1.04613771315e-23, 8.24806141228e-24, 1.04770036772e-23, 1.01656489554e-23, 6.8828145535e-24, 9.64853012163e-24, 8.78680292345e-24, 7.82621646549e-24, 9.52147618423e-24, 9.44245835394e-24, 8.68938096824e-24, 1.56641475154e-23, 1.03838557704e-23],
        "var": [3.32543024228e-08, 2.88941521376e-07, 1.07415598904e-06, 5.82225311518e-06, 3.25551786773e-06, 7.06353876012e-06, 2.20239235205e-06, 8.60879225684e-08, 5.2118542726e-07, 6.93719186984e-07, 9.78358993819e-09, 7.97062860158e-09, 2.61753241304e-09, 4.64786070742e-10, 1.33072264319e-09, 8.60040427764e-10, 8.98805335714e-11, 3.24418443498e-11, 2.78276251868e-12, 1.34562022983e-11, 1.4699127332e-12, 5.81427213233e-13, 1.09813026727e-12, 1.62118745078e-13, 1.21825496197e-14, 2.20848780751e-14, 9.23169430161e-17, 7.80056093351e-16, 1.26021487446e-17, 2.64675958449e-17, 1.13601304374e-17, 2.38116098878e-18, 2.63728030146e-19, 1.99153581091e-19, 6.56585879934e-21, 1.03196839868e-20, 2.78414514486e-21, 2.46416276491e-21, 2.47092924772e-21, 1.42006160978e-21]
    },
    "mfcc": {
        "mean": [-875.116943359, 251.382614136, 51.6252212524, -21.1878051758, -4.88118267059, -3.78463172913, -16.350528717, -16.5303554535, -13.0911865234, -12.347949028, -9.78015232086, -6.40413999557, -4.23757839203],
        "cov": [[3321.41723633, 2185.50219727, -907.663269043, -597.417480469, 214.738998413, -196.599319458, -352.804595947, -81.161315918, -67.5325546265, -87.9268264771, 52.1895675659, 70.4505081177, -7.23500347137], [2185.50219727, 1761.7331543, -169.584503174, -448.776000977, -14.8585319519, -47.482711792, -189.47807312, -135.301727295, -86.3068161011, -76.2512893677, -33.1651802063, -6.6444606781, -17.5379180908], [-907.663269043, -169.584503174, 884.935668945, 199.673294067, -250.934524536, 149.295913696, 189.445892334, -57.7053756714, -37.3266372681, 1.11085486412, -90.5703582764, -88.0351028442, -26.7990398407], [-597.417480469, -448.776000977, 199.673294067, 324.719848633, 76.1753463745, 12.7667064667, 98.1335525513, 88.1818618774, 30.2671165466, 15.2616024017, 23.6011447906, 9.74455451965, -8.82431125641], [214.738998413, -14.8585319519, -250.934524536, 76.1753463745, 229.45475769, 7.71966218948, -54.005531311, 57.021697998, 47.1603927612, -5.58370828629, 30.6465568542, 49.9564666748, 13.2520303726], [-196.599319458, -47.482711792, 149.295913696, 12.7667064667, 7.71966218948, 133.859909058, 73.9610824585, -13.792678833, 16.6495265961, 15.1978597641, -29.0164108276, -21.1929969788, -2.45932269096], [-352.804595947, -189.47807312, 189.445892334, 98.1335525513, -54.005531311, 73.9610824585, 171.949493408, 74.6344528198, 12.0341959, 39.4610061646, 16.7383060455, -26.9414329529, -16.4419403076], [-81.161315918, -135.301727295, -57.7053756714, 88.1818618774, 57.021697998, -13.792678833, 74.6344528198, 136.098953247, 64.5016555786, 21.0230312347, 38.2157592773, 25.5761623383, 0.244608655572], [-67.5325546265, -86.3068161011, -37.3266372681, 30.2671165466, 47.1603927612, 16.6495265961, 12.0341959, 64.5016555786, 91.281829834, 43.2724685669, 5.85380554199, 13.7440605164, 12.0145349503], [-87.9268264771, -76.2512893677, 1.11085486412, 15.2616024017, -5.58370828629, 15.1978597641, 39.4610061646, 21.0230312347, 43.2724685669, 94.7008743286, 55.3952560425, -9.58921432495, -0.384034097195], [52.1895675659, -33.1651802063, -90.5703582764, 23.6011447906, 30.6465568542, -29.0164108276, 16.7383060455, 38.2157592773, 5.85380554199, 55.3952560425, 104.312705994, 45.2071723938, -6.91862392426], [70.4505081177, -6.6444606781, -88.0351028442, 9.74455451965, 49.9564666748, -21.1929969788, -26.9414329529, 25.5761623383, 13.7440605164, -9.58921432495, 45.2071723938, 77.6540527344, 26.0099258423], [-7.23500347137, -17.5379180908, -26.7990398407, -8.82431125641, 13.2520303726, -2.45932269096, -16.4419403076, 0.244608655572, 12.0145349503, -0.384034097195, -6.91862392426, 26.0099258423, 57.3537521362]],
