{
"lowlevel": {
    "average_loudness": 0.857071816921,
    "barkbands_crest": {
        "dmean": 2.3768119812,
        "dmean2": 3.79338145256,
        "dvar": 6.49496603012,
        "dvar2": 15.5780096054,
        "max": 25.5557670593,
        "mean": 12.9373998642,
        "median": 11.7943935394,
        "min": 2.47889852524,
        "var": 28.8966960907
    },
    "barkbands_flatness_db": {
        "dmean": 0.0222863890231,
        "dmean2": 0.0325328782201,
        "dvar": 0.000502704700921,
        "dvar2": 0.00105521350633,
        "max": 0.420718371868,
        "mean": 0.176107227802,
        "median": 0.165243387222,
        "min": 0.0272711981088,
        "var": 0.00482986448333
    },
    "barkbands_kurtosis": {
        "dmean": 6.45836210251,
        "dmean2": 9.92667388916,
        "dvar": 191.071334839,
        "dvar2": 471.818267822,
        "max": 424.121490479,
        "mean": 11.8142366409,
        "median": 5.72731113434,
        "min": -1.94485235214,
        "var": 402.273071289
    },
    "barkbands_skewness": {
        "dmean": 0.749464869499,
        "dmean2": 1.08968567848,
        "dvar": 0.799709379673,
        "dvar2": 1.75436520576,
        "max": 17.8398838043,
        "mean": 2.49058747292,
        "median": 2.21422314644,
        "min": -6.34247016907,
        "var": 3.35144162178
    },
    "barkbands_spread": {
        "dmean": 7.10674762726,
        "dmean2": 10.0215129852,
        "dvar": 102.672843933,
        "dvar2": 194.536407471,
        "max": 117.638114929,
        "mean": 20.8492641449,
        "median": 13.7769556046,
        "min": 0.633531808853,
        "var": 377.935272217
    },
    "dissonance": {
        "dmean": 0.0206981357187,
        "dmean2": 0.0338225029409,
        "dvar": 0.000521306123119,
        "dvar2": 0.00135879579466,
        "max": 0.5,
        "mean": 0.45219373703,
        "median": 0.465300649405,
        "min": 0.198580831289,
        "var": 0.00188497744966
    },
    "dynamic_complexity": 3.41297507286,
    "erbbands_crest": {
        "dmean": 2.44729042053,
        "dmean2": 3.99530172348,
        "dvar": 6.62518978119,
        "dvar2": 16.2121105194,
        "max": 29.5471630096,
        "mean": 8.57859706879,
        "median": 7.5249080658,
        "min": 2.32138729095,
        "var": 15.3574714661
    },
    "erbbands_flatness_db": {
        "dmean": 0.0162723585963,
        "dmean2": 0.0234941262752,
        "dvar": 0.000302792148432,
        "dvar2": 0.000578092003707,
        "max": 0.336917370558,
        "mean": 0.15208311379,
        "median": 0.139406606555,
        "min": 0.0376669988036,
        "var": 0.00300088897347
    },
    "erbbands_kurtosis": {
        "dmean": 1.2598644495,
        "dmean2": 1.94811522961,
        "dvar": 3.97123146057,
        "dvar2": 8.63366794586,
        "max": 51.9708786011,
        "mean": 0.717236280441,
        "median": -0.164340734482,
        "min": -1.82649636269,
        "var": 9.31423282623
    },
    "erbbands_skewness": {
        "dmean": 0.475852787495,
        "dmean2": 0.673033297062,
        "dvar": 0.243236407638,
        "dvar2": 0.44250741601,
        "max": 5.83612108231,
        "mean": 0.337607890368,
        "median": 0.444798827171,
        "min": -5.40680074692,
        "var": 1.09235262871
    },
    "erbbands_spread": {
        "dmean": 12.5755090714,
        "dmean2": 18.6061191559,
        "dvar": 210.913986206,
        "dvar2": 441.681427002,
        "max": 174.393936157,
        "mean": 50.8454742432,
        "median": 45.9973335266,
        "min": 4.35803794861,
        "var": 794.622619629
    },
    "hfc": {
        "dmean": 6.98132610321,
        "dmean2": 9.84668827057,
        "dvar": 175.100891113,
        "dvar2": 370.110534668,
        "max": 185.832275391,
        "mean": 16.7811222076,
        "median": 9.92416381836,
        "min": 1.1424554076e-16,
        "var": 431.076080322
    },
    "melbands_crest": {
        "dmean": 3.22553634644,
        "dmean2": 5.27140617371,
        "dvar": 10.6118440628,
        "dvar2": 26.6607341766,
        "max": 35.8334159851,
        "mean": 18.575334549,
        "median": 17.6151561737,
        "min": 1.82678079605,
        "var": 46.1274375916
    },
    "melbands_flatness_db": {
        "dmean": 0.0269987229258,
        "dmean2": 0.0380346029997,
        "dvar": 0.00074026803486,
        "dvar2": 0.0014152568765,
        "max": 0.538095355034,
        "mean": 0.250538527966,
        "median": 0.246507883072,
        "min": 0.00319207250141,
        "var": 0.007217109669
    },
    "melbands_kurtosis": {
        "dmean": 16.3468952179,
        "dmean2": 25.2722988129,
        "dvar": 1271.66845703,
        "dvar2": 3031.61181641,
        "max": 1276.32189941,
        "mean": 34.5493888855,
        "median": 18.90259552,
        "min": -1.91709887981,
        "var": 2918.56347656
    },
    "melbands_skewness": {
        "dmean": 1.03369140625,
        "dmean2": 1.54139816761,
        "dvar": 1.58180332184,
        "dvar2": 3.40759921074,
        "max": 25.3912296295,
        "mean": 4.10981178284,
        "median": 3.6513094902,
        "min": -2.02984857559,
        "var": 6.78392028809
    },
    "melbands_spread": {
        "dmean": 7.39581012726,
        "dmean2": 10.4895362854,
        "dvar": 209.48638916,
        "dvar2": 381.60546875,
        "max": 262.118225098,
        "mean": 18.583568573,
        "median": 10.5164937973,
        "min": 0.339181900024,
        "var": 620.722900391
    },
    "pitch_salience": {
        "dmean": 0.0735495463014,
        "dmean2": 0.119861207902,
        "dvar": 0.00506293773651,
        "dvar2": 0.0129321934655,
        "max": 0.906593799591,
        "mean": 0.495151072741,
        "median": 0.50425696373,
        "min": 0.0675529539585,
        "var": 0.020632635802
    },
    "silence_rate_20dB": {
        "dmean": 0,
        "dmean2": 0,
        "dvar": 0,
        "dvar2": 0,
        "max": 1,
        "mean": 1,
        "median": 1,
        "min": 1,
        "var": 0
    },
    "silence_rate_30dB": {
        "dmean": 0.0253456216305,
        "dmean2": 0.0506957359612,
        "dvar": 0.0247021373361,
        "dvar2": 0.063897408545,
        "max": 1,
        "mean": 0.981036782265,
        "median": 1,
        "min": 0,
        "var": 0.018605042249
    },
    "silence_rate_60dB": {
        "dmean": 0.0202056001872,
        "dmean2": 0.0404147841036,
        "dvar": 0.0198004674166,
        "dvar2": 0.0448168516159,
        "max": 1,
        "mean": 0.113424897194,
        "median": 0,
        "min": 0,
        "var": 0.100570932031
    },
    "spectral_centroid": {
        "dmean": 327.674682617,
        "dmean2": 448.784667969,
        "dvar": 173725.859375,
        "dvar2": 293775.6875,
        "max": 11305.1367188,
        "mean": 1266.28039551,
        "median": 981.923156738,
        "min": 205.694732666,
        "var": 830671.8125
    },
    "spectral_complexity": {
        "dmean": 3.43034386635,
        "dmean2": 4.83258008957,
        "dvar": 23.4312057495,
        "dvar2": 38.9421653748,
        "max": 57,
        "mean": 13.8413820267,
        "median": 11,
        "min": 0,
        "var": 116.00112915
    },
    "spectral_decrease": {
        "dmean": 2.98914670793e-09,
        "dmean2": 4.96577712283e-09,
        "dvar": 3.96904749832e-17,
        "dvar2": 1.00949406506e-16,
        "max": 2.63125656545e-17,
        "mean": -7.62077867478e-09,
        "median": -5.7020179689e-09,
        "min": -7.60775762387e-08,
        "var": 5.83371575458e-17
    },
    "spectral_energy": {
        "dmean": 0.0116725452244,
        "dmean2": 0.0193277839571,
        "dvar": 0.000593848351855,
        "dvar2": 0.00150945375208,
        "max": 0.289372742176,
        "mean": 0.0302846431732,
        "median": 0.023062126711,
        "min": 1.0554238158e-20,
        "var": 0.000880181731191
    },
    "spectral_energyband_high": {
        "dmean": 0.000690706248861,
        "dmean2": 0.000955454888754,
        "dvar": 2.62170419774e-06,
        "dvar2": 5.59926957067e-06,
        "max": 0.0205780100077,
        "mean": 0.00124133622739,
        "median": 0.000241352201556,
        "min": 7.38064907027e-21,
        "var": 5.76641150474e-06
    },
    "spectral_energyband_low": {
        "dmean": 0.00635839719325,
        "dmean2": 0.0107458662242,
        "dvar": 0.00034228945151,
        "dvar2": 0.000864351401106,
        "max": 0.26930141449,
        "mean": 0.0167506113648,
        "median": 0.00856738165021,
        "min": 3.34952643831e-23,
        "var": 0.000543864909559
    },
    "spectral_energyband_middle_high": {
        "dmean": 0.000964799546637,
        "dmean2": 0.00137071928475,
        "dvar": 2.54189944826e-06,
        "dvar2": 5.18447677678e-06,
        "max": 0.0266309510916,
        "mean": 0.00225740321912,
        "median": 0.00106416083872,
        "min": 1.60999952482e-21,
        "var": 8.0596864791e-06
    },
    "spectral_energyband_middle_low": {
        "dmean": 0.00646133581176,
        "dmean2": 0.0108178108931,
        "dvar": 0.000242314767092,
        "dvar2": 0.000642035680357,
        "max": 0.145539030433,
        "mean": 0.0105176614597,
        "median": 0.00682514021173,
        "min": 2.687275752e-22,
        "var": 0.000216839180212
    },
    "spectral_entropy": {
        "dmean": 0.181475773454,
        "dmean2": 0.255073040724,
        "dvar": 0.0383618921041,
        "dvar2": 0.0673198774457,
        "max": 9.8066034317,
        "mean": 7.48272323608,
        "median": 7.58033275604,
        "min": 5.44453620911,
        "var": 0.409630060196
    },
    "spectral_flux": {
        "dmean": 0.0276650283486,
        "dmean2": 0.0431999824941,
        "dvar": 0.00199121539481,
        "dvar2": 0.00441186921671,
        "max": 0.469597399235,
        "mean": 0.0741733014584,
        "median": 0.0615621581674,
        "min": 6.80763223571e-11,
        "var": 0.0036410219036
    },
    "spectral_kurtosis": {
        "dmean": 1.68245017529,
        "dmean2": 2.72124052048,
        "dvar": 7.27105045319,
        "dvar2": 21.0145969391,
        "max": 66.6698455811,
        "mean": 4.78504562378,
        "median": 2.63090372086,
        "min": -1.24870109558,
        "var": 52.5150909424
    },
    "spectral_rms": {
        "dmean": 0.000866893737111,
        "dmean2": 0.00137595413253,
        "dvar": 2.02899946089e-06,
        "dvar2": 4.84889778818e-06,
        "max": 0.0168022289872,
        "mean": 0.00483769457787,
        "median": 0.00474337814376,
        "min": 3.20886546501e-12,
        "var": 6.1427399487e-06
    },
    "spectral_rolloff": {
        "dmean": 602.226074219,
        "dmean2": 991.147644043,
        "dvar": 1759080.625,
        "dvar2": 3660530.5,
        "max": 20198.1445312,
        "mean": 1383.73352051,
        "median": 452.197265625,
        "min": 64.599609375,
        "var": 5029486.5
    },
    "spectral_skewness": {
        "dmean": 0.265590459108,
        "dmean2": 0.385792136192,
        "dvar": 0.0811471939087,
        "dvar2": 0.167569637299,
        "max": 6.24715185165,
        "mean": 1.46198403835,
        "median": 1.32649981976,
        "min": -0.502306520939,
        "var": 0.955456376076
    },
    "spectral_spread": {
        "dmean": 702188.1875,
        "dmean2": 970135.0625,
        "dvar": 1.23196263629e+12,
        "dvar2": 2.04367986688e+12,
        "max": 41613832,
        "mean": 5166809,
        "median": 4645003,
        "min": 1306596.625,
        "var": 5.30432393216e+12
    },
    "spectral_strongpeak": {
        "dmean": 0.274850606918,
        "dmean2": 0.467230379581,
        "dvar": 0.284358561039,
        "dvar2": 0.763150334358,
        "max": 10.8286705017,
        "mean": 0.595370590687,
        "median": 0.431814461946,
        "min": 0,
        "var": 0.382338583469
    },
    "zerocrossingrate": {
        "dmean": 0.013106440194,
        "dmean2": 0.0139602655545,
        "dvar": 0.000341673527146,
        "dvar2": 0.000327741319779,
        "max": 0.6396484375,
        "mean": 0.0532156042755,
        "median": 0.037109375,
        "min": 0.001953125,
        "var": 0.00292275543325
    },
    "barkbands": {
        "dmean": [0.000559708278161, 0.00510343676433, 0.00114861538168, 0.00206316518597, 0.0031810735818, 0.00095867854543, 0.00104613567237, 0.000532985781319, 0.000493639381602, 0.000187435929547, 0.000182921459782, 0.000161019575899, 0.0001999175729, 0.000180567614734, 0.000137239359901, 0.000103953520011, 0.000101528334199, 8.71128067956e-05, 0.000157583490363, 0.000160943876836, 0.000233395418036, 0.000169435079442, 0.000102713835076, 0.000106084444269, 5.85453526583e-05, 1.9079681806e-05, 3.57402677764e-06],
        "dmean2": [0.000921337457839, 0.00857646297663, 0.00209680269472, 0.00353714032099, 0.00540747772902, 0.00153899926227, 0.00168879283592, 0.000829172087833, 0.000786135613453, 0.00028897143784, 0.000283885281533, 0.000254051119555, 0.000318199570756, 0.000293101678835, 0.000206359938602, 0.000156559952302, 0.000153943590703, 0.000141345444717, 0.000234229490161, 0.000243379094172, 0.00035151647171, 0.000250909448368, 0.000140926014865, 0.00015127795632, 8.05539239082e-05, 2.64865448116e-05, 4.81025472254e-06],
        "dvar": [1.66056247508e-06, 0.000244916300289, 2.06588192668e-05, 3.41808408848e-05, 7.73900537752e-05, 4.63274363938e-06, 8.2019760157e-06, 2.37133758674e-06, 1.75655111434e-06, 2.36356328287e-07, 4.49081937859e-07, 3.58039585535e-07, 3.68157913044e-07, 2.27209255854e-07, 1.11635600319e-07, 7.69139489876e-08, 4.1057184319e-08, 4.15546530519e-08, 1.06776411712e-07, 1.56217907943e-07, 5.30787758635e-07, 1.68743511608e-07, 7.35427292398e-08, 1.19960731126e-07, 5.20154728179e-08, 5.18178122633e-09, 1.86197404717e-10],
        "dvar2": [4.54041446574e-06, 0.000627889996395, 5.97031830694e-05, 8.91968520591e-05, 0.000207531469641, 1.06637253339e-05, 1.93673549802e-05, 5.44718659512e-06, 4.13292036683e-06, 5.7014807453e-07, 9.85965129985e-07, 8.40619804876e-07, 8.30286808196e-07, 5.37186110705e-07, 2.41366677756e-07, 1.69608370015e-07, 8.60992201979e-08, 1.0510575521e-07, 2.37835607209e-07, 3.45951406189e-07, 1.31015895022e-06, 3.80890924134e-07, 1.35908649668e-07, 2.33131132177e-07, 9.09885073952e-08, 9.7491250628e-09, 3.18048809511e-10],
        "max": [0.0260523278266, 0.225711271167, 0.0865472331643, 0.0554620474577, 0.0887804627419, 0.0380816236138, 0.0815963745117, 0.0354593098164, 0.0284074749798, 0.0126696778461, 0.0256730038673, 0.0142770558596, 0.0157539248466, 0.00830793753266, 0.00684835249558, 0.00723850075155, 0.00365550909191, 0.00415152916685, 0.0076516866684, 0.00563532533124, 0.00952305365354, 0.00473346654326, 0.00565560068935, 0.00754139525816, 0.00611797999591, 0.00168972904794, 0.000402481266065],
        "mean": [0.000859741470776, 0.0132888397202, 0.00218215142377, 0.00202772533521, 0.00397174898535, 0.00169600034133, 0.00142542389221, 0.000639580364805, 0.000628466368653, 0.000316144403769, 0.000279661209788, 0.00020726803632, 0.000228710458032, 0.000209779347642, 0.000203259667614, 0.000150252060848, 0.000156880138093, 0.000127774081193, 0.000292445212835, 0.000275621569017, 0.000360889156582, 0.000293156510452, 0.000174369532033, 0.000165675301105, 9.02780157048e-05, 2.77369908872e-05, 5.12350197823e-06],
        "median": [0.000115542519779, 0.00642157625407, 0.000298890547128, 0.000717879622243, 0.0017821281217, 0.000905924011022, 0.000477267632959, 9.50309840846e-05, 0.000135115871672, 0.000146210033563, 7.66886369092e-05, 4.21481345256e-05, 3.75507224817e-05, 3.46997912857e-05, 4.6507720981e-05, 3.33992284141e-05, 4.14596033806e-05, 3.18394741043e-05, 7.3824696301e-05, 4.34225221397e-05, 5.73079414607e-05, 5.17544867762e-05, 2.28183707804e-05, 2.73391069641e-05, 1.26870181703e-05, 3.09251595354e-06, 3.66343044789e-07],
        "min": [5.08245726294e-24, 1.06968339679e-23, 2.00922793674e-24, 6.31333981032e-24, 3.97236462405e-23, 2.71910225056e-23, 2.95782607552e-23, 2.1406785115e-23, 6.50887492067e-23, 4.19172096715e-23, 3.62663655046e-23, 6.39258609473e-23, 7.96746295721e-23, 3.15491918615e-23, 7.96697954324e-23, 6.22152507842e-23, 1.78808274109e-22, 1.67489659976e-22, 2.26551309918e-22, 3.1529243147e-22, 1.95988415069e-22, 4.84840778594e-22, 4.12879271233e-22, 7.41450894932e-22, 1.23932587711e-21, 1.44844434552e-21, 2.17722156524e-21],
        "var": [2.71399494522e-06, 0.000387468084227, 3.20757935697e-05, 2.69383181148e-05, 6.21762374067e-05, 7.54645134293e-06, 1.02814437923e-05, 3.26013173435e-06, 2.45035812441e-06, 3.85444508311e-07, 8.00727946171e-07, 5.0061771617e-07, 5.28390160071e-07, 3.20771789575e-07, 2.14410718513e-07, 1.35444850002e-07, 8.09412057379e-08, 6.07328800584e-08, 2.55539532645e-07, 3.50514341108e-07, 7.50075798805e-07, 3.46197481349e-07, 1.70078180872e-07, 2.50678937164e-07, 1.15603128847e-07, 1.05270485662e-08, 3.92180482534e-10]
    },
    "erbbands": {
        "dmean": [0.198112934828, 0.999775707722, 1.47081232071, 3.49318265915, 13.7130918503, 8.08828639984, 5.87970638275, 9.1546792984, 14.3540811539, 13.1203336716, 10.2105178833, 10.937746048, 7.7878537178, 5.96696281433, 7.02592420578, 6.8962225914, 8.70757961273, 9.2443113327, 7.5819978714, 6.22280502319, 5.10060453415, 5.19907045364, 3.53801870346, 6.71349716187, 8.81327438354, 8.54564476013, 8.67532634735, 9.3077287674, 6.36583995819, 3.9719722271, 2.7332983017, 2.42206692696, 1.67751610279, 0.81736189127, 0.335101604462, 0.110564172268, 0.0300751514733, 0.00668919831514, 0.00059680454433, 3.22273008351e-05],
        "dmean2": [0.331752002239, 1.71793377399, 2.61029887199, 6.15044212341, 23.6741275787, 13.6254863739, 9.70699119568, 14.6568231583, 22.8336734772, 21.0878944397, 15.8653697968, 17.4373626709, 11.9537525177, 9.22802257538, 10.8216772079, 10.6329479218, 13.6909856796, 14.8199062347, 11.4030990601, 9.25478649139, 7.53218746185, 7.71508932114, 5.421875, 10.5996179581, 12.954252243, 12.5965070724, 13.4373674393, 14.0694437027, 9.5162858963, 5.52530002594, 3.76692914963, 3.45391988754, 2.37096834183, 1.13712871075, 0.461259305477, 0.154821395874, 0.0421904437244, 0.00903151836246, 0.000802563445177, 4.62360003439e-05],
        "dvar": [0.335200250149, 10.9081335068, 31.9653167725, 88.5347518921, 1867.42224121, 400.277618408, 144.481903076, 519.803405762, 1518.86755371, 1193.03161621, 911.857910156, 873.6171875, 634.370422363, 260.255615234, 630.700500488, 682.518066406, 692.399169922, 643.061462402, 334.161987305, 245.780899048, 134.666229248, 105.576416016, 52.526725769, 188.197555542, 363.467590332, 487.748016357, 830.657653809, 716.004394531, 246.754013062, 77.4421157837, 56.566192627, 51.5388832092, 35.9034614563, 9.85970783234, 1.84698617458, 0.194680646062, 0.012519092299, 0.000687708554324, 4.76587820231e-06, 7.41866479359e-09],
        "dvar2": [0.830351293087, 28.907371521, 89.3298492432, 239.065490723, 4977.91015625, 1087.44494629, 376.276794434, 1202.42944336, 3579.14892578, 2886.97167969, 2040.4576416, 2090.95849609, 1452.10620117, 630.34185791, 1421.00134277, 1596.52539062, 1533.85498047, 1551.82751465, 727.115234375, 554.98638916, 279.052337646, 220.00390625, 116.54839325, 463.655059814, 775.791381836, 1047.49047852, 2046.53393555, 1824.42370605, 553.485107422, 149.00402832, 105.392318726, 100.792076111, 69.9141845703, 17.843208313, 3.31985521317, 0.384258598089, 0.0235120691359, 0.00123619916849, 8.17015552457e-06, 1.26008909973e-08],
        "max": [11.0050354004, 47.7454376221, 105.266334534, 84.2807159424, 399.301239014, 196.689666748, 280.709442139, 437.108673096, 718.683654785, 876.233276367, 618.089050293, 642.94934082, 619.084838867, 678.813659668, 868.427307129, 687.374633789, 817.589477539, 462.635437012, 347.481231689, 350.478179932, 258.242858887, 176.544189453, 139.398208618, 218.508987427, 451.963439941, 337.618682861, 384.432617188, 337.144836426, 181.18913269, 192.3175354, 176.316970825, 192.627670288, 140.129058838, 84.4384994507, 35.7393035889, 10.3334922791, 3.18339681625, 0.740846633911, 0.0630109980702, 0.00221296492964],
        "mean": [0.462669163942, 2.60605382919, 3.43871045113, 3.74506640434, 14.0723400116, 11.0510787964, 10.5312299728, 15.0258789062, 21.1247329712, 17.0310249329, 13.1832885742, 14.152510643, 12.1140785217, 10.4028911591, 11.2167835236, 9.25869083405, 10.4286203384, 11.188117981, 11.0035657883, 9.72979068756, 8.27281665802, 8.37451171875, 6.01110029221, 11.2629127502, 16.4793663025, 14.6123514175, 12.7182540894, 14.4483451843, 10.8548622131, 6.99551582336, 4.63476085663, 3.74400520325, 2.56983733177, 1.25305628777, 0.513684511185, 0.161613687873, 0.0428911745548, 0.00940683018416, 0.000872670905665, 6.77496209391e-05],
        "median": [0.11816072464, 1.15543758869, 0.702952563763, 1.45373082161, 5.05698633194, 4.402135849, 6.54549646378, 6.05175304413, 7.28110408783, 4.68922519684, 2.84854149818, 3.64935708046, 3.41352319717, 5.38901138306, 3.4090256691, 2.0440659523, 1.80675542355, 2.10201120377, 2.684217453, 1.96821558475, 2.1518073082, 2.28836011887, 1.8288487196, 2.73709726334, 4.00311136246, 2.22966980934, 1.77697205544, 2.53500390053, 1.93062078953, 1.13815867901, 0.590589404106, 0.533175110817, 0.443582803011, 0.184891298413, 0.0688827112317, 0.0197420045733, 0.00466104317456, 0.000831398239825, 8.2289087004e-05, 3.62376813428e-05],
        "min": [6.20400908467e-22, 1.08518412231e-21, 1.56563711771e-21, 1.34288071089e-20, 3.44441335177e-20, 1.39446934845e-19, 1.02310279966e-19, 1.83565013481e-19, 3.98490408538e-19, 4.12455466175e-19, 5.11033940194e-19, 1.24461472374e-18, 1.18946007825e-18, 1.95934664606e-18, 2.19008412844e-18, 2.70062599957e-18, 3.6121277494e-18, 1.76498256996e-18, 4.18409336448e-18, 4.4235116938e-18, 6.70254193312e-18, 9.49711290281e-18, 9.69010572025e-18, 1.18318649233e-17, 1.40630299429e-17, 1.5740482742e-17, 9.54614651516e-18, 9.81653531379e-18, 1.24769160814e-17, 1.65303773613e-17, 1.0629846589e-17, 1.21400310605e-17, 1.29917160716e-17, 1.09099200183e-17, 1.02416689255e-17, 5.67660264067e-18, 2.58542972554e-18, 1.19086824985e-18, 2.91138779394e-19, 3.31817912794e-20],
        "var": [0.645645260811, 16.0700359344, 57.4629821777, 65.3650131226, 1384.67578125, 398.453796387, 192.049606323, 806.714904785, 2147.27368164, 1507.7598877, 1322.17370605, 1180.90246582, 1044.9708252, 409.87411499, 1051.84643555, 927.588562012, 1014.66009521, 928.75177002, 638.64440918, 469.937347412, 291.289489746, 222.48588562, 106.668067932, 376.376953125, 871.928466797, 1074.92553711, 1082.19787598, 1054.75317383, 492.349365234, 191.325653076, 128.760528564, 109.889518738, 71.550567627, 21.2931213379, 3.98312497139, 0.38863876462, 0.0246987920254, 0.00130558537785, 1.02827125374e-05, 1.78158536812e-08]
    },
    "gfcc": {
        "mean": [-39.7839164734, 93.1916275024, -92.3685913086, 42.3792533875, -67.8641586304, 7.17027282715, -34.674533844, 3.06268978119, -23.1364402771, 0.155150949955, -12.5324573517, -0.708475470543, -4.79862165451],
        "cov": [[14971.6328125, -1237.44775391, -389.733825684, 1990.5144043, 291.455810547, 1128.5402832, 407.296691895, 750.365722656, 493.389007568, 834.786437988, 287.379821777, 359.067382812, -85.0419616699], [-1237.44775391, 1759.92834473, -340.138305664, -561.686340332, 123.129585266, -147.099990845, 3.91447138786, -85.5881500244, -26.8180522919, -151.711791992, 56.0785293579, -144.396789551, 84.1024780273], [-389.733825684, -340.138305664, 1161.38830566, 159.426116943, 21.8867168427, 320.315338135, 84.0972595215, 174.680114746, 76.2228393555, 92.0833435059, 51.8109664917, 165.542922974, 72.243309021], [1990.5144043, -561.686340332, 159.426116943, 931.240234375, 153.176040649, 198.586120605, 183.730377197, 160.906265259, 170.495162964, 194.205307007, 82.4961776733, 127.175956726, 51.1931037903], [291.455810547, 123.129585266, 21.8867168427, 153.176040649, 356.091430664, 138.47164917, 65.0993423462, 103.615905762, 110.611053467, 107.86605072, 65.0503005981, 27.1340236664, 52.7078170776], [1128.5402832, -147.099990845, 320.315338135, 198.586120605, 138.47164917, 410.225860596, 157.277511597, 163.426544189, 107.293701172, 163.926528931, 97.355178833, 102.789955139, 38.7256965637], [407.296691895, 3.91447138786, 84.0972595215, 183.730377197, 65.0993423462, 157.277511597, 247.334747314, 104.200546265, 34.7623062134, 60.2392539978, 68.8930435181, 55.2035446167, 29.5369720459], [750.365722656, -85.5881500244, 174.680114746, 160.906265259, 103.615905762, 163.426544189, 104.200546265, 234.70866394, 98.3512573242, 113.017524719, 70.9268188477, 80.0586013794, 39.3162536621], [493.389007568, -26.8180522919, 76.2228393555, 170.495162964, 110.611053467, 107.293701172, 34.7623062134, 98.3512573242, 171.994171143, 116.420730591, 53.2754516602, 36.2084083557, 32.3457145691], [834.786437988, -151.711791992, 92.0833435059, 194.205307007, 107.86605072, 163.926528931, 60.2392539978, 113.017524719, 116.420730591, 192.110794067, 80.272102356, 58.043838501, 22.121925354], [287.379821777, 56.0785293579, 51.8109664917, 82.4961776733, 65.0503005981, 97.355178833, 68.8930435181, 70.9268188477, 53.2754516602, 80.272102356, 112.665489197, 56.8331985474, 21.9600486755], [359.067382812, -144.396789551, 165.542922974, 127.175956726, 27.1340236664, 102.789955139, 55.2035446167, 80.0586013794, 36.2084083557, 58.043838501, 56.8331985474, 114.240562439, 39.316078186], [-85.0419616699, 84.1024780273, 72.243309021, 51.1931037903, 52.7078170776, 38.7256965637, 29.5369720459, 39.3162536621, 32.3457145691, 22.121925354, 21.9600486755, 39.316078186, 89.6990432739]],
        "icov": [[0.000199597227038, -0.000155937770614, 0.000322831503581, -0.000450956489658, 0.000293296441669, -0.000657825206872, 0.00039407753502, -0.000463588628918, 0.000224987583351, -0.000425120408181, 0.000504589814227, -0.000451958330814, 0.000616174715105], [-0.000155937770614, 0.00145107170101, -0.000111253764771, 0.00110826245509, -0.000687369902153, 0.000614084943663, -0.000783200957812, 0.000452538370155, -0.000849358155392, 0.00175272300839, -0.00263410829939, 0.00244004954584, -0.00240355310962], [0.000322831503581, -0.000111253764771, 0.00187988753896, -0.000627962639555, 0.000752764986828, -0.00212775077671, 0.0009614447481, -0.00114224373829, 0.000132624467369, -6.141281483e-05, 0.00120105047245, -0.00185529887676, 0.000401545985369], [-0.000450956489658, 0.00110826245509, -0.000627962639555, 0.0031993384473, -0.00115608959459, 0.00195612292737, -0.0023451494053, 0.00140894635115, -0.00194306287449, 0.000589077128097, -0.00127340655308, 0.000519683526363, -0.00215797801502], [0.000293296441669, -0.000687369902153, 0.000752764986828, -0.00115608959459, 0.00480879843235, -0.00195761048235, 0.000966949737631, -0.00141869904473, -0.00057775125606, -0.00142676651012, 0.00050473830197, 0.000352838018443, -0.000419027521275], [-0.000657825206872, 0.000614084943663, -0.00212775077671, 0.00195612292737, -0.00195761048235, 0.00816285144538, -0.00374515750445, 0.0012757187942, -0.000967923144344, -0.00166755227838, -0.00175059109461, 0.000227821728913, -0.00121290050447], [0.00039407753502, -0.000783200957812, 0.0009614447481, -0.0023451494053, 0.000966949737631, -0.00374515750445, 0.0080422880128, -0.00292015750892, 0.00233715609647, 0.000535545579623, -0.00117708952166, -0.000432381319115, 0.000855269201566], [-0.000463588628918, 0.000452538370155, -0.00114224373829, 0.00140894635115, -0.00141869904473, 0.0012757187942, -0.00292015750892, 0.00943423248827, -0.00279962667264, -0.000602452782914, -0.00111886276864, -0.00163214094937, -0.0014912376646], [0.000224987583351, -0.000849358155392, 0.000132624467369, -0.00194306287449, -0.00057775125606, -0.000967923144344, 0.00233715609647, -0.00279962667264, 0.0126581797376, -0.00576779711992, 0.000490647566039, 0.000845028087497, -0.0004059173516], [-0.000425120408181, 0.00175272300839, -6.141281483e-05, 0.000589077128097, -0.00142676651012, -0.00166755227838, 0.000535545579623, -0.000602452782914, -0.00576779711992, 0.0164133328944, -0.00804798305035, 0.00319811282679, -0.00208663265221], [0.000504589814227, -0.00263410829939, 0.00120105047245, -0.00127340655308, 0.00050473830197, -0.00175059109461, -0.00117708952166, -0.00111886276864, 0.000490647566039, -0.00804798305035, 0.0220994390547, -0.0113559579477, 0.00541976792738], [-0.000451958330814, 0.00244004954584, -0.00185529887676, 0.000519683526363, 0.000352838018443, 0.000227821728913, -0.000432381319115, -0.00163214094937, 0.000845028087497, 0.00319811282679, -0.0113559579477, 0.0234832204878, -0.00957281235605], [0.000616174715105, -0.00240355310962, 0.000401545985369, -0.00215797801502, -0.000419027521275, -0.00121290050447, 0.000855269201566, -0.0014912376646, -0.0004059173516, -0.00208663265221, 0.00541976792738, -0.00957281235605, 0.0195662211627]]
    },
    "melbands": {
        "dmean": [0.00157174875494, 0.000925366883166, 0.000991769717075, 0.000800400157459, 0.000219289824599, 0.000198952489882, 0.000220757807256, 0.000139525480336, 8.13219812699e-05, 7.06066857674e-05, 3.79582816095e-05, 2.39232413151e-05, 2.48749747698e-05, 1.75225923158e-05, 2.05857832043e-05, 1.91571780306e-05, 1.79255366675e-05, 1.31699125632e-05, 9.86453142104e-06, 8.19300021249e-06, 6.22830293651e-06, 6.24259291726e-06, 3.46066531165e-06, 4.23321353082e-06, 5.60767193747e-06, 7.54423763283e-06, 6.34487378193e-06, 5.66021026316e-06, 4.81594906887e-06, 6.15023054706e-06, 5.89049795963e-06, 4.21196727984e-06, 2.74244052889e-06, 2.15009390558e-06, 1.5597129277e-06, 1.75987327111e-06, 1.42415251503e-06, 1.31987098939e-06, 9.40215841183e-07, 6.34101525065e-07],
        "dmean2": [0.00265125650913, 0.00159520225134, 0.00172165688127, 0.00135949777905, 0.000364124920452, 0.000318804290146, 0.000352648174157, 0.000223495895625, 0.000127236984554, 0.0001122067697, 5.84319495829e-05, 3.73287002731e-05, 3.83039550798e-05, 2.76222435787e-05, 3.1862371543e-05, 3.07509508275e-05, 2.9252618333e-05, 2.02218234335e-05, 1.47847713379e-05, 1.23789977806e-05, 9.51374204305e-06, 9.44061139307e-06, 5.09815936311e-06, 6.8326253313e-06, 9.00101349544e-06, 1.15067805382e-05, 9.83026802714e-06, 8.31317993288e-06, 7.72370094637e-06, 9.56613257586e-06, 9.17823217605e-06, 6.54568611935e-06, 3.84544318877e-06, 3.09819438371e-06, 2.19556659431e-06, 2.54996507465e-06, 2.07197331292e-06, 1.88546653135e-06, 1.35779646371e-06, 8.92476464287e-07],
        "dvar": [2.21750742639e-05, 1.02046915345e-05, 8.10310302768e-06, 5.23790095031e-06, 2.00747280132e-07, 2.30221530728e-07, 3.5486269212e-07, 1.30861494085e-07, 5.7192767855e-08, 3.79852629351e-08, 1.55606745267e-08, 4.03401667626e-09, 8.94070417701e-09, 4.24530277598e-09, 4.89945106708e-09, 3.13944159558e-09, 2.44702880181e-09, 1.13344800212e-09, 5.98527838402e-10, 5.66921509737e-10, 2.03193378789e-10, 1.62132043902e-10, 4.70420646881e-11, 1.04223227271e-10, 1.31765168221e-10, 2.784619757e-10, 1.98238411797e-10, 2.17618312259e-10, 2.78586903546e-10, 3.18503834418e-10, 3.31397548292e-10, 1.27953453388e-10, 3.50798903814e-11, 2.75756101981e-11, 1.85474881981e-11, 2.65170541774e-11, 1.88763640135e-11, 2.19423732656e-11, 1.21745972678e-11, 6.42311724641e-12],
        "dvar2": [5.64363326703e-05, 2.73673940683e-05, 2.14436986425e-05, 1.4015031411e-05, 5.29453700437e-07, 5.32257899977e-07, 8.35082175854e-07, 3.12801489599e-07, 1.27664165461e-07, 9.03880632563e-08, 3.56062024309e-08, 9.85805748144e-09, 1.98266221219e-08, 1.03716182309e-08, 1.0516817639e-08, 7.21034831841e-09, 5.96239546624e-09, 2.54648724329e-09, 1.31418276261e-09, 1.30906585571e-09, 4.35718933156e-10, 3.50624113077e-10, 9.72574312752e-11, 2.59669508118e-10, 3.31652566521e-10, 6.61086574372e-10, 4.369629103e-10, 4.75966432933e-10, 7.03430647064e-10, 8.14488254619e-10, 8.99094743101e-10, 3.0504554438e-10, 6.62787810746e-11, 5.81692055635e-11, 3.5704182666e-11, 5.39324800097e-11, 3.79852434229e-11, 4.37267271003e-11, 2.42981728488e-11, 1.17459141372e-11],
        "max": [0.0779735296965, 0.0506634265184, 0.0254999324679, 0.023356506601, 0.00724875694141, 0.0087733194232, 0.0141095854342, 0.00782182533294, 0.00527030276135, 0.00410732720047, 0.00305904727429, 0.00257240002975, 0.00340577843599, 0.00178334373049, 0.00188946269918, 0.00128181534819, 0.000904026383068, 0.00059295684332, 0.000501171103679, 0.000748555466998, 0.000282962369965, 0.000238372405875, 0.000175653811311, 0.000205436546821, 0.000178207628778, 0.000421714852564, 0.000236218140344, 0.000231676647672, 0.000233838232816, 0.00021228499827, 0.000250366458204, 0.000131717184559, 0.000113168556709, 0.000118084477435, 0.000109888533188, 0.000117333205708, 0.00011838239152, 0.000113107606012, 8.82537497091e-05, 7.47489611967e-05],
        "mean": [0.00389309111051, 0.00239673885517, 0.00103861070238, 0.000959542230703, 0.000371821952285, 0.000331316550728, 0.000321443803841, 0.00017544637376, 0.000102088888525, 9.06804853003e-05, 5.84050831094e-05, 4.03117664973e-05, 3.81450117857e-05, 2.45779028774e-05, 2.46101262746e-05, 2.23117822316e-05, 2.0318724637e-05, 1.76066278073e-05, 1.42869175761e-05, 1.17430763567e-05, 9.4035794973e-06, 9.4681590781e-06, 5.42390125702e-06, 6.22719971943e-06, 8.94910681382e-06, 1.27531293401e-05, 1.07976275103e-05, 9.13848725759e-06, 6.558921541e-06, 9.04702028492e-06, 8.42947429192e-06, 6.48386821922e-06, 4.84697648062e-06, 3.50104733116e-06, 2.58507679973e-06, 2.64735808742e-06, 2.13371208702e-06, 1.94719655155e-06, 1.36980906973e-06, 9.51856009124e-07],
        "median": [0.00163801363669, 0.000785264768638, 0.000389227556298, 0.000400787452236, 0.000221839814913, 0.000140679869219, 0.000112842026283, 4.06844119425e-05, 2.10680791497e-05, 2.09247918974e-05, 1.6337935449e-05, 2.10396119655e-05, 1.06965289888e-05, 6.91060859026e-06, 3.53975315193e-06, 3.87106456401e-06, 3.49121114596e-06, 3.9315846152e-06, 2.84346970147e-06, 2.50526727541e-06, 2.28044609685e-06, 2.29709826272e-06, 1.72450040736e-06, 1.56546775543e-06, 2.0174961719e-06, 2.91180526801e-06, 2.20407719098e-06, 1.10805024178e-06, 8.64529226874e-07, 1.32943091558e-06, 1.41682903632e-06, 1.09950497063e-06, 9.04724970496e-07, 4.84461395445e-07, 3.02771525185e-07, 3.8185950757e-07, 2.92818413072e-07, 3.14361415121e-07, 2.04337013088e-07, 1.3429576029e-07],
        "min": [5.00724647538e-24, 9.39647328519e-25, 2.42035956079e-24, 7.10372163937e-24, 3.6032219755e-24, 4.59172661532e-24, 6.51965691375e-24, 4.48707751093e-24, 3.80504217734e-24, 9.22122231307e-24, 6.07304725657e-24, 7.61709259496e-24, 5.54344943215e-24, 8.35737781222e-24, 7.59583279357e-24, 6.48544835503e-24, 2.44318387057e-24, 6.45348844431e-24, 5.6678527969e-24, 3.54421991296e-24, 9.52542679964e-24, 8.31621268361e-24, 9.54157872668e-24, 8.07396296594e-24, 8.4612999813e-24, 7.18653073517e-24, 9.69715156352e-24, 1.04624460381e-23, 7.09653669424e-24, 4.27321140307e-24, 5.8927818901e-24, 5.76898673711e-24, 9.58120478767e-24, 9.24743458323e-24, 5.13013088846e-24, 7.44892480491e-24, 6.76026658959e-24, 7.91402930602e-24, 8.78880031926e-24, 8.69257901035e-24],
        "var": [3.67745633412e-05, 1.65998972079e-05, 6.15572707829e-06, 4.16071543441e-06, 2.5612104082e-07, 3.67881938246e-07, 4.85407497308e-07, 1.69098939296e-07, 8.31068618368e-08, 5.25978407495e-08, 2.53719072418e-08, 6.13493389423e-09, 1.53417865079e-08, 5.60867485788e-09, 7.72262964688e-09, 4.64109239928e-09, 3.29694471723e-09, 1.92426830026e-09, 1.11605369391e-09, 8.8942103682e-10, 3.92062410315e-10, 3.11246139972e-10, 9.96363061501e-11, 1.48420220558e-10, 2.48475601206e-10, 5.55124057833e-10, 4.35895347595e-10, 4.63317689769e-10, 3.22105869754e-10, 4.62485660879e-10, 3.93313104308e-10, 2.01478764228e-10, 8.96096460923e-11, 5.64694818683e-11, 4.02012763356e-11, 5.42323234931e-11, 3.80087870899e-11, 4.18333735708e-11, 2.33845113412e-11, 1.37499595043e-11]
    },
    "mfcc": {
        "mean": [-682.994445801, 115.808662415, 26.9695396423, 31.6850223541, -3.02985572815, 3.65311670303, -2.24085426331, -0.956469297409, -2.84990334511, -1.6272790432, -3.18867754936, -5.67472028732, -2.88403487206],
        "cov": [[10639.1865234, -1424.07055664, -124.428749084, 1241.35083008, 515.957092285, 967.170227051, 472.137756348, 562.624206543, 485.026306152, 663.657287598, 638.07623291, 617.812133789, 406.232818604], [-1424.07055664, 1895.9666748, -317.995422363, -498.270477295, -37.7447891235, -250.677642822, -4.27129220963, -132.277099609, -51.9288597107, -132.921295166, -72.2601089478, -106.326515198, -42.8290214539], [-124.428749084, -317.995422363, 1018.94000244, 73.2227554321, 119.034248352, 147.906463623, 119.624099731, 171.245605469, 121.360855103, 39.1232872009, 41.2609443665, 111.729476929, 87.1849899292], [1241.35083008, -498.270477295, 73.2227554321, 655.679443359, 133.123855591, 196.345626831, 87.9570007324, 133.591339111, 126.240371704, 132.141281128, 78.4841308594, 120.469604492, 87.7275695801], [515.957092285, -37.7447891235, 119.034248352, 133.123855591, 368.040039062, 156.19859314, 68.3167877197, 78.0051574707, 131.74395752, 127.455581665, 95.264831543, 94.1321868896, 109.183166504], [967.170227051, -250.677642822, 147.906463623, 196.345626831, 156.19859314, 332.028686523, 153.247879028, 112.565666199, 112.889503479, 129.665161133, 116.275680542, 127.439682007, 80.4058532715], [472.137756348, -4.27129220963, 119.624099731, 87.9570007324, 68.3167877197, 153.247879028, 260.642578125, 138.889816284, 106.057327271, 49.7206764221, 112.581542969, 107.650642395, 63.942401886], [562.624206543, -132.277099609, 171.245605469, 133.591339111, 78.0051574707, 112.565666199, 138.889816284, 195.261260986, 105.455764771, 59.9531707764, 75.596496582, 96.7465896606, 73.2338867188], [485.026306152, -51.9288597107, 121.360855103, 126.240371704, 131.74395752, 112.889503479, 106.057327271, 105.455764771, 178.611755371, 100.539085388, 79.1603164673, 81.0885543823, 75.1690368652], [663.657287598, -132.921295166, 39.1232872009, 132.141281128, 127.455581665, 129.665161133, 49.7206764221, 59.9531707764, 100.539085388, 167.030303955, 102.711494446, 73.5721130371, 59.3865470886], [638.07623291, -72.2601089478, 41.2609443665, 78.4841308594, 95.264831543, 116.275680542, 112.581542969, 75.596496582, 79.1603164673, 102.711494446, 166.538757324, 109.348014832, 56.1564598083], [617.812133789, -106.326515198, 111.729476929, 120.469604492, 94.1321868896, 127.439682007, 107.650642395, 96.7465896606, 81.0885543823, 73.5721130371, 109.348014832, 153.420547485, 94.6065368652], [406.232818604, -42.8290214539, 87.1849899292, 87.7275695801, 109.183166504, 80.4058532715, 63.942401886, 73.2338867188, 75.1690368652, 59.3865470886, 56.1564598083, 94.6065368652, 132.301193237]],
