{
"lowlevel": {
    "average_loudness": 0.669552147388,
    "barkbands_crest": {
        "dmean": 2.29907464981,
        "dmean2": 3.6201479435,
        "dvar": 4.73752784729,
        "dvar2": 11.3217992783,
        "max": 26.6344585419,
        "mean": 13.5217933655,
        "median": 12.8980293274,
        "min": 4.28498792648,
        "var": 19.1034183502
    },
    "barkbands_flatness_db": {
        "dmean": 0.0186899546534,
        "dmean2": 0.0278257559985,
        "dvar": 0.000339082587743,
        "dvar2": 0.00070956122363,
        "max": 0.474176257849,
        "mean": 0.24405939877,
        "median": 0.224235743284,
        "min": 0.0501736402512,
        "var": 0.00611144583672
    },
    "barkbands_kurtosis": {
        "dmean": 3.68092083931,
        "dmean2": 5.67900705338,
        "dvar": 55.552532196,
        "dvar2": 120.151138306,
        "max": 311.135070801,
        "mean": 7.97125196457,
        "median": 4.84821033478,
        "min": -1.96520459652,
        "var": 136.195495605
    },
    "barkbands_skewness": {
        "dmean": 0.508165478706,
        "dmean2": 0.754696965218,
        "dvar": 0.348602890968,
        "dvar2": 0.731552779675,
        "max": 13.9051370621,
        "mean": 1.79341948032,
        "median": 1.6090233326,
        "min": -3.27664995193,
        "var": 1.69188141823
    },
    "barkbands_spread": {
        "dmean": 2.62626385689,
        "dmean2": 3.89962339401,
        "dvar": 44.8433685303,
        "dvar2": 81.7778549194,
        "max": 112.613296509,
        "mean": 9.00295448303,
        "median": 6.3966293335,
        "min": 0.210577175021,
        "var": 121.850860596
    },
    "dissonance": {
        "dmean": 0.0344669483602,
        "dmean2": 0.0581979304552,
        "dvar": 0.00110010884237,
        "dvar2": 0.00303271715529,
        "max": 0.500000178814,
        "mean": 0.377043843269,
        "median": 0.389461159706,
        "min": 0.101584151387,
        "var": 0.00449807615951
    },
    "dynamic_complexity": 4.72067070007,
    "erbbands_crest": {
        "dmean": 2.67763543129,
        "dmean2": 4.20649957657,
        "dvar": 6.30810546875,
        "dvar2": 15.1165647507,
        "max": 33.6627006531,
        "mean": 14.0456466675,
        "median": 13.1738967896,
        "min": 2.88219070435,
        "var": 26.2932262421
    },
    "erbbands_flatness_db": {
        "dmean": 0.0165415816009,
        "dmean2": 0.0245541296899,
        "dvar": 0.000313215889037,
        "dvar2": 0.000590901589021,
        "max": 0.445713788271,
        "mean": 0.264227330685,
        "median": 0.254746675491,
        "min": 0.0369959324598,
        "var": 0.00483895326033
    },
    "erbbands_kurtosis": {
        "dmean": 1.60682058334,
        "dmean2": 2.51784420013,
        "dvar": 5.77805519104,
        "dvar2": 13.2397031784,
        "max": 69.7203216553,
        "mean": 2.62737727165,
        "median": 1.62794160843,
        "min": -1.88379752636,
        "var": 16.8950176239
    },
    "erbbands_skewness": {
        "dmean": 0.361731857061,
        "dmean2": 0.55147331953,
        "dvar": 0.151370763779,
        "dvar2": 0.3272973001,
        "max": 7.23566150665,
        "mean": 1.03766870499,
        "median": 1.00764203072,
        "min": -3.84565138817,
        "var": 0.716390311718
    },
    "erbbands_spread": {
        "dmean": 4.88626289368,
        "dmean2": 7.20287275314,
        "dvar": 107.389808655,
        "dvar2": 195.622894287,
        "max": 172.271682739,
        "mean": 21.089553833,
        "median": 15.1729478836,
        "min": 1.20099580288,
        "var": 375.927642822
    },
    "hfc": {
        "dmean": 3.53248143196,
        "dmean2": 5.08270549774,
        "dvar": 42.0485534668,
        "dvar2": 83.5373306274,
        "max": 229.680953979,
        "mean": 13.5858488083,
        "median": 9.75141906738,
        "min": 1.23021702066e-16,
        "var": 203.921676636
    },
    "melbands_crest": {
        "dmean": 2.53376293182,
        "dmean2": 3.97077989578,
        "dvar": 6.0044336319,
        "dvar2": 14.1884012222,
        "max": 33.7565803528,
        "mean": 15.9802455902,
        "median": 15.5344085693,
        "min": 1.76399970055,
        "var": 22.4733200073
    },
    "melbands_flatness_db": {
        "dmean": 0.0197311285883,
        "dmean2": 0.0287404544652,
        "dvar": 0.000419423828134,
        "dvar2": 0.000824086309876,
        "max": 0.611655592918,
        "mean": 0.334334790707,
        "median": 0.303930521011,
        "min": 0.00352877285331,
        "var": 0.0103181954473
    },
    "melbands_kurtosis": {
        "dmean": 5.49382400513,
        "dmean2": 8.39091205597,
        "dvar": 106.251419067,
        "dvar2": 239.527862549,
        "max": 261.216918945,
        "mean": 13.0922498703,
        "median": 7.32414054871,
        "min": -1.89130187035,
        "var": 304.813262939
    },
    "melbands_skewness": {
        "dmean": 0.556351482868,
        "dmean2": 0.82833725214,
        "dvar": 0.404543399811,
        "dvar2": 0.872492790222,
        "max": 13.2356386185,
        "mean": 2.27807164192,
        "median": 1.99625146389,
        "min": -1.75559675694,
        "var": 2.63489317894
    },
    "melbands_spread": {
        "dmean": 2.670109272,
        "dmean2": 3.9611093998,
        "dvar": 43.9946899414,
        "dvar2": 80.3262329102,
        "max": 275.819702148,
        "mean": 10.085852623,
        "median": 7.93420505524,
        "min": 0.434472471476,
        "var": 118.31224823
    },
    "pitch_salience": {
        "dmean": 0.0566557087004,
        "dmean2": 0.0894804820418,
        "dvar": 0.00287856673822,
        "dvar2": 0.00689376844093,
        "max": 0.952054560184,
        "mean": 0.499174505472,
        "median": 0.502088308334,
        "min": 0.062655583024,
        "var": 0.0118550024927
    },
    "silence_rate_20dB": {
        "dmean": 0,
        "dmean2": 0,
        "dvar": 0,
        "dvar2": 0,
        "max": 1,
        "mean": 1,
        "median": 1,
        "min": 1,
        "var": 0
    },
    "silence_rate_30dB": {
        "dmean": 0.00201152055524,
        "dmean2": 0.0040234089829,
        "dvar": 0.00200731493533,
        "dvar2": 0.00455525657162,
        "max": 1,
        "mean": 0.997988641262,
        "median": 1,
        "min": 0,
        "var": 0.00200713193044
    },
    "silence_rate_60dB": {
        "dmean": 0.0193837434053,
        "dmean2": 0.038771033287,
        "dvar": 0.0190094709396,
        "dvar2": 0.042203746736,
        "max": 1,
        "mean": 0.159352719784,
        "median": 0,
        "min": 0,
        "var": 0.13395498693
    },
    "spectral_centroid": {
        "dmean": 92.2388534546,
        "dmean2": 131.965606689,
        "dvar": 37185.4960938,
        "dvar2": 63014.28125,
        "max": 10342.2490234,
        "mean": 660.592224121,
        "median": 579.146118164,
        "min": 175.759384155,
        "var": 142857.765625
    },
    "spectral_complexity": {
        "dmean": 1.20746088028,
        "dmean2": 1.94294071198,
        "dvar": 1.69036316872,
        "dvar2": 3.51631712914,
        "max": 26,
        "mean": 9.59480667114,
        "median": 10,
        "min": 0,
        "var": 21.1256999969
    },
    "spectral_decrease": {
        "dmean": 1.27162080865e-09,
        "dmean2": 1.87043536215e-09,
        "dvar": 3.28186947919e-18,
        "dvar2": 7.01752072985e-18,
        "max": 9.91766953585e-29,
        "mean": -5.26117727162e-09,
        "median": -4.3973891195e-09,
        "min": -4.53751631824e-08,
        "var": 2.03556989194e-17
    },
    "spectral_energy": {
        "dmean": 0.00506062060595,
        "dmean2": 0.00744124036282,
        "dvar": 5.15870888194e-05,
        "dvar2": 0.000110302593384,
        "max": 0.177235528827,
        "mean": 0.0210891719908,
        "median": 0.017580691725,
        "min": 1.07841063188e-20,
        "var": 0.000326444016537
    },
    "spectral_energyband_high": {
        "dmean": 8.71816155268e-05,
        "dmean2": 0.000124598824186,
        "dvar": 2.28539917657e-07,
        "dvar2": 4.15927758013e-07,
        "max": 0.0225307047367,
        "mean": 0.000156917245477,
        "median": 4.6265504352e-05,
        "min": 7.59838901845e-21,
        "var": 4.43971856612e-07
    },
    "spectral_energyband_low": {
        "dmean": 0.000286191265332,
        "dmean2": 0.000482809555251,
        "dvar": 2.66817778538e-07,
        "dvar2": 8.70933604347e-07,
        "max": 0.0104935653508,
        "mean": 0.000636368000414,
        "median": 0.00034206622513,
        "min": 6.34018742905e-23,
        "var": 7.46506486848e-07
    },
    "spectral_energyband_middle_high": {
        "dmean": 0.00161549425684,
        "dmean2": 0.00229837419465,
        "dvar": 1.57239701366e-05,
        "dvar2": 3.33445241267e-05,
        "max": 0.12272696197,
        "mean": 0.00503806630149,
        "median": 0.00142474658787,
        "min": 1.56930379368e-21,
        "var": 9.52365080593e-05
    },
    "spectral_energyband_middle_low": {
        "dmean": 0.00419033877552,
        "dmean2": 0.00622981972992,
        "dvar": 3.82031830668e-05,
        "dvar2": 8.42538138386e-05,
        "max": 0.173088863492,
        "mean": 0.0158107150346,
        "median": 0.0131612885743,
        "min": 2.85764976512e-22,
        "var": 0.000189748519915
    },
    "spectral_entropy": {
        "dmean": 0.175727307796,
        "dmean2": 0.254347234964,
        "dvar": 0.042558465153,
        "dvar2": 0.0769571885467,
        "max": 9.79943847656,
        "mean": 6.16254091263,
        "median": 6.25162601471,
        "min": 3.96808171272,
        "var": 0.505227327347
    },
    "spectral_flux": {
        "dmean": 0.0168879050761,
        "dmean2": 0.0273644477129,
        "dvar": 0.000419295072788,
        "dvar2": 0.00107523496263,
        "max": 0.294176727533,
        "mean": 0.0471489094198,
        "median": 0.0418703854084,
        "min": 1.03846549415e-10,
        "var": 0.00109923118725
    },
    "spectral_kurtosis": {
        "dmean": 7.80051088333,
        "dmean2": 13.025762558,
        "dvar": 199.464797974,
        "dvar2": 563.954467773,
        "max": 271.73739624,
        "mean": 34.748085022,
        "median": 12.5393562317,
        "min": -1.60065484047,
        "var": 2539.03588867
    },
    "spectral_rms": {
        "dmean": 0.00051434681518,
        "dmean2": 0.000752102234401,
        "dvar": 3.55703349442e-07,
        "dvar2": 7.14133591373e-07,
        "max": 0.0131496274844,
        "mean": 0.00406176457182,
        "median": 0.00414148438722,
        "min": 3.24362130037e-12,
        "var": 4.07694551541e-06
    },
    "spectral_rolloff": {
        "dmean": 245.818023682,
        "dmean2": 436.386749268,
        "dvar": 1104725,
        "dvar2": 2289674.5,
        "max": 19035.3515625,
        "mean": 921.689697266,
        "median": 645.99609375,
        "min": 86.1328125,
        "var": 1999961.875
    },
    "spectral_skewness": {
        "dmean": 0.4932051301,
        "dmean2": 0.794859647751,
        "dvar": 0.43517640233,
        "dvar2": 1.17489206791,
        "max": 13.3348684311,
        "mean": 3.94351577759,
        "median": 2.90055847168,
        "min": -0.542172372341,
        "var": 7.01165246964
    },
    "spectral_spread": {
        "dmean": 541095.375,
        "dmean2": 782788.0625,
        "dvar": 1.2934718423e+12,
        "dvar2": 1.86603982029e+12,
        "max": 39388020,
        "mean": 3396382.75,
        "median": 3140469.5,
        "min": 348927.90625,
        "var": 6.59050515661e+12
    },
    "spectral_strongpeak": {
        "dmean": 0.481166601181,
        "dmean2": 0.772082209587,
        "dvar": 0.607902944088,
        "dvar2": 1.43659341335,
        "max": 13.0898685455,
        "mean": 1.56409049034,
        "median": 1.11907124519,
        "min": 0,
        "var": 2.37140607834
    },
    "zerocrossingrate": {
        "dmean": 0.00626890268177,
        "dmean2": 0.00712660234421,
        "dvar": 0.000256387487752,
        "dvar2": 0.000249900156632,
        "max": 0.50830078125,
        "mean": 0.0355858281255,
        "median": 0.0302734375,
        "min": 0.00439453125,
        "var": 0.00121794594452
    },
    "barkbands": {
        "dmean": [7.79888941906e-05, 2.68949315796e-05, 0.000191140497918, 0.000164022261743, 0.00156944338232, 0.00208400655538, 0.000635312055238, 0.000540440960322, 0.000713829533197, 0.00127489864826, 0.000257153704297, 0.000120879580209, 0.000134153044201, 0.000138826260809, 0.000145748577779, 8.64991816343e-05, 8.90677329153e-05, 5.51445300516e-05, 2.1616311642e-05, 2.42131682171e-05, 5.06710421178e-06, 3.30398484039e-06, 5.66961489312e-06, 2.07580851566e-05, 3.73435250367e-05, 1.54713452503e-05, 1.04832781744e-06],
        "dmean2": [0.000111278393888, 4.55693734693e-05, 0.000329122151015, 0.000255877064774, 0.00241741002537, 0.00322333397344, 0.000915011332836, 0.000786624324974, 0.00102506228723, 0.0018502951134, 0.000380741083063, 0.000174919492565, 0.000197945046239, 0.000195373009774, 0.000212897342863, 0.000122883386211, 0.00012850650819, 7.99767585704e-05, 3.09046990878e-05, 3.49724650732e-05, 7.77304467192e-06, 4.82670338897e-06, 8.420447557e-06, 3.01825530187e-05, 5.61256092624e-05, 2.36038067669e-05, 1.61785430919e-06],
        "dvar": [5.14079872005e-08, 8.01978750076e-09, 1.59131914756e-07, 6.60841052991e-08, 9.95599111775e-06, 1.3189776837e-05, 3.61872298527e-06, 2.94942810797e-06, 3.70565931007e-06, 1.4400060536e-05, 8.65385175075e-07, 2.72076846386e-07, 3.00042188428e-07, 3.41193498343e-07, 2.41351301611e-07, 1.04691935121e-07, 1.00927849189e-07, 1.70871334859e-08, 2.67302291412e-09, 3.22659010621e-09, 8.89021523065e-10, 7.58667906275e-10, 1.14407505691e-09, 1.39277984701e-08, 8.85163231601e-08, 1.7746289771e-08, 1.21615564841e-10],
        "dvar2": [1.13547017122e-07, 2.19463807127e-08, 5.27942006556e-07, 1.47422753116e-07, 2.32378461078e-05, 3.20502877003e-05, 6.75582350596e-06, 6.22571906206e-06, 7.89458499639e-06, 3.15756587952e-05, 1.73540581727e-06, 5.44425859061e-07, 5.98121005169e-07, 6.78266417253e-07, 4.98399685966e-07, 1.98479270352e-07, 2.21044544446e-07, 3.69963863989e-08, 5.1268584933e-09, 6.79136080706e-09, 2.05000927345e-09, 1.29283606043e-09, 1.97055993745e-09, 2.57496743927e-08, 1.79146681489e-07, 3.85624971955e-08, 3.38522376797e-10],
        "max": [0.00886949617416, 0.00517242634669, 0.00861051864922, 0.00434237765148, 0.108698800206, 0.0653502494097, 0.0638262853026, 0.0489142127335, 0.040503539145, 0.109900981188, 0.0347437597811, 0.0229877289385, 0.0290128625929, 0.0194993019104, 0.0153623130172, 0.0171398296952, 0.0100352829322, 0.00412844400853, 0.00119546498172, 0.00150629202835, 0.00139952020254, 0.00202132482082, 0.00305420928635, 0.00613549072295, 0.0153178060427, 0.0050856275484, 0.000576338556129],
        "mean": [0.000110451954242, 5.3540301451e-05, 0.000405196769862, 0.000298517232295, 0.00465805456042, 0.00546229723841, 0.00157437997404, 0.00119598675519, 0.00169223186094, 0.00311576225795, 0.00060150079662, 0.000284492678475, 0.000288606010145, 0.000287652568659, 0.000288095179712, 0.000186001037946, 0.000208219935303, 0.000138575705932, 5.2535400755e-05, 6.13253796473e-05, 7.56209601604e-06, 4.33377681475e-06, 9.91839806375e-06, 3.46387678292e-05, 5.03769224451e-05, 1.75542318175e-05, 1.38078087275e-06],
        "median": [2.30315126828e-05, 1.30156531668e-05, 0.000167958380189, 0.000149105268065, 0.00256585003808, 0.00300381379202, 0.000147111728438, 0.000329772883561, 0.000167893478647, 0.000199379384867, 0.000110070512164, 2.76716709777e-05, 2.56172916124e-05, 2.28390272241e-05, 2.69994525297e-05, 1.34743731905e-05, 1.73841108335e-05, 2.2361495212e-05, 1.29543695948e-05, 1.6581176169e-05, 1.4863492197e-06, 1.81140848099e-07, 2.42351552515e-06, 8.93817014003e-06, 5.12384531248e-06, 1.10273822429e-06, 2.73565206044e-07],
        "min": [3.77829584835e-24, 3.89865472324e-23, 1.61700329699e-23, 1.72439566518e-23, 6.50009900087e-23, 7.16894639451e-23, 4.8261582481e-23, 1.41694233385e-23, 5.34956493436e-23, 1.30575993077e-22, 6.06765744332e-23, 6.95178813343e-23, 1.18547934244e-22, 1.13404346572e-22, 1.2311383592e-22, 2.1773797918e-22, 1.65806028855e-22, 1.81338965136e-22, 3.07781617371e-22, 2.89640239932e-22, 4.54281746008e-22, 4.07677661263e-22, 4.77446337257e-22, 8.79401235482e-22, 1.1560316571e-21, 1.85961248279e-21, 2.54658820295e-21],
        "var": [7.3857371774e-08, 1.81109474084e-08, 4.40111051603e-07, 1.57193539962e-07, 4.11405380873e-05, 4.56994348497e-05, 1.48658100443e-05, 6.00176736043e-06, 1.62369033205e-05, 7.14444322512e-05, 3.09838787871e-06, 1.18169248253e-06, 1.17393494747e-06, 1.29012812522e-06, 8.61487706061e-07, 5.68195616779e-07, 4.56456973552e-07, 8.13302136748e-08, 1.08218234374e-08, 1.28664119359e-08, 1.34287969633e-09, 1.92293270196e-09, 2.88692070249e-09, 2.83766521392e-08, 1.33605354335e-07, 2.41880417917e-08, 9.62692703332e-11]
    },
    "erbbands": {
        "dmean": [0.000819842796773, 0.00897824205458, 0.155244931579, 0.436344504356, 0.590093493462, 6.25830841064, 13.1931991577, 19.5092372894, 11.1896896362, 10.131939888, 9.03785610199, 18.128156662, 25.6424980164, 35.2657470703, 9.61221408844, 5.37050247192, 6.47699451447, 6.53302097321, 7.091547966, 5.74217128754, 5.29920911789, 3.43314790726, 2.6299738884, 1.78835785389, 0.894506156445, 1.29207193851, 0.39370188117, 0.159759372473, 0.109030351043, 0.138036236167, 0.177109152079, 0.241073876619, 0.462895125151, 0.422086387873, 0.284608006477, 0.105720281601, 0.0206178836524, 0.00285158585757, 0.000168125494383, 1.03817565105e-05],
        "dmean2": [0.00135124125518, 0.015351805836, 0.267344653606, 0.722109377384, 0.879462957382, 9.59657001495, 20.0889701843, 30.6963806152, 16.1107788086, 14.697227478, 13.2647638321, 25.8223724365, 36.252784729, 51.9174118042, 14.1100797653, 7.7653927803, 9.48848247528, 9.09349536896, 10.2596292496, 8.21406555176, 7.42132997513, 4.81099176407, 3.77077293396, 2.51542448997, 1.28843426704, 1.87379622459, 0.576479434967, 0.242359399796, 0.162390977144, 0.206959679723, 0.257830053568, 0.362536609173, 0.679113864899, 0.63650316, 0.43266376853, 0.1637724787, 0.0309872347862, 0.00431622099131, 0.000252681842539, 1.50719042722e-05],
        "dvar": [1.82501626114e-05, 0.000536728475709, 0.121130056679, 0.428059220314, 1.72967624664, 162.40196228, 536.665893555, 1420.83972168, 922.905029297, 1164.6541748, 585.473632812, 2731.16894531, 4746.39208984, 17942.0859375, 812.512451172, 501.988342285, 710.351013184, 785.033813477, 608.348510742, 536.389526367, 392.663787842, 131.737380981, 50.6644630432, 19.105304718, 5.08475446701, 9.58968639374, 1.86020803452, 1.51311528683, 0.861110150814, 1.67739844322, 0.93146532774, 2.10133433342, 7.44153881073, 10.8091621399, 5.90857887268, 0.912884771824, 0.0310742389411, 0.0007764773909, 1.38141945172e-06, 1.17585585713e-09],
        "dvar2": [4.58783761133e-05, 0.00165195716545, 0.405615717173, 1.29128336906, 3.68431138992, 358.48614502, 1284.72949219, 3502.62719727, 1719.53967285, 2490.01269531, 1349.84082031, 5593.33691406, 9065.03027344, 39648.8320312, 1791.7545166, 1040.5838623, 1455.25866699, 1504.67004395, 1249.5111084, 1100.39306641, 747.02166748, 273.654174805, 106.416603088, 38.3453292847, 10.6629896164, 20.0954856873, 4.0091085434, 3.61502790451, 1.54460859299, 3.48151135445, 1.56353390217, 4.53561258316, 13.5761232376, 21.9365367889, 13.2374868393, 2.08829021454, 0.066792756319, 0.00186539546121, 3.27544239553e-06, 2.36762254247e-09],
        "max": [0.275851994753, 0.69766575098, 8.94621276855, 10.7035589218, 35.4368019104, 451.275085449, 504.191864014, 755.357116699, 848.574401855, 965.878173828, 684.251342773, 1279.98474121, 2068.73730469, 5101.80761719, 1354.39782715, 1177.12280273, 1173.88134766, 1037.07775879, 1119.44372559, 813.406799316, 1134.30969238, 495.079467773, 243.993484497, 154.0809021, 71.1527252197, 84.3985366821, 65.4713439941, 59.1836509705, 68.8750762939, 121.744842529, 81.8490905762, 63.2526779175, 152.966903687, 151.97102356, 123.834159851, 40.0748558044, 7.98639249802, 1.05143511295, 0.0535938702524, 0.00108988326974],
        "mean": [0.00135036651045, 0.020203050226, 0.335191696882, 0.844965398312, 1.58004009724, 19.6940250397, 37.529750824, 48.5843315125, 31.734287262, 22.9373245239, 20.6696586609, 44.4916191101, 65.2605819702, 83.9245910645, 25.4799060822, 13.727435112, 14.4636058807, 14.4806509018, 15.8938989639, 11.6497850418, 13.4832410812, 9.25129890442, 7.10303688049, 5.27553319931, 2.46963214874, 3.25136089325, 0.827882051468, 0.248736381531, 0.149260044098, 0.190430551767, 0.313526928425, 0.392889261246, 0.767733633518, 0.591141343117, 0.33544832468, 0.116645641625, 0.0252128075808, 0.00327935512178, 0.000268752046395, 3.3818945667e-05],
        "median": [0.000702277524397, 0.00565894925967, 0.12834648788, 0.535325229168, 0.938179910183, 10.637181282, 23.1847686768, 21.7818832397, 5.03618240356, 7.20672798157, 6.80639743805, 6.54833602905, 12.1647396088, 5.73372507095, 6.65341377258, 2.33942079544, 1.73200893402, 1.82511794567, 2.10075759888, 1.51328349113, 1.00048947334, 0.915552377701, 1.29575359821, 1.08818924427, 0.701845765114, 0.816238045692, 0.24346922338, 0.0524983033538, 0.0102827120572, 0.0189170464873, 0.0827892869711, 0.12089329958, 0.178546786308, 0.088492423296, 0.01643114537, 0.0044011939317, 0.0024398365058, 0.000410890264902, 6.86718922225e-05, 2.57408282778e-05],
        "min": [1.1488295716e-21, 8.49763612628e-21, 2.17334548897e-20, 3.31273815359e-20, 1.61951223515e-19, 1.9709308711e-19, 5.72060792548e-19, 4.64819514467e-19, 5.51293596089e-19, 7.30144882075e-19, 2.81235101016e-19, 1.08544532155e-18, 2.55423529707e-18, 4.09498822813e-18, 2.65424432826e-18, 3.56207753208e-18, 5.96012748102e-18, 6.35384022359e-18, 5.87712486963e-18, 8.35661033629e-18, 1.16568252339e-17, 9.24523061602e-18, 7.45201471739e-18, 1.17869200647e-17, 1.87681308744e-17, 1.55331780456e-17, 1.59903541527e-17, 1.91895363831e-17, 1.56245815033e-17, 1.24735866795e-17, 1.43864178578e-17, 1.685854638e-17, 1.41581590221e-17, 1.16999362331e-17, 8.92263348585e-18, 6.34650644028e-18, 2.94676124225e-18, 1.67793318423e-18, 3.33511519862e-19, 3.59955689176e-20],
        "var": [1.71161846083e-05, 0.00222228351049, 0.380296498537, 0.866890192032, 4.38611364365, 792.96661377, 1913.48632812, 4709.42529297, 4294.39306641, 2134.69360352, 1581.56921387, 11317.6210938, 23949.6015625, 84777.3359375, 3969.18896484, 2454.60986328, 2599.87255859, 3319.17529297, 2761.98925781, 1584.16601562, 2441.52416992, 790.845336914, 258.748138428, 120.361503601, 20.1323795319, 39.8650360107, 4.11929702759, 2.05345273018, 1.90822255611, 3.74163389206, 2.26822638512, 3.25815844536, 15.0541200638, 15.5672597885, 7.94621658325, 1.18739652634, 0.0399246662855, 0.000800281472038, 1.69526458649e-06, 2.37749442356e-09]
    },
    "gfcc": {
        "mean": [-110.384025574, 133.718444824, -101.595664978, -23.8468933105, -63.9143180847, -14.108839035, -53.9550437927, 4.07532405853, -37.1771888733, -12.6320524216, -4.37429380417, -10.5101585388, 1.85496497154],
        "cov": [[16851.7324219, -4920.42236328, -3614.85742188, 1120.25793457, -945.680236816, -326.620574951, -1468.59814453, 1424.60791016, -624.472290039, -73.0967330933, 426.24005127, -237.148742676, 411.449798584], [-4920.42236328, 3095.95458984, 754.098815918, -920.819335938, 599.824401855, -39.5986747742, 666.406860352, -627.656188965, 236.03918457, -128.760421753, -13.5146903992, -82.8929824829, -122.238945007], [-3614.85742188, 754.098815918, 1424.38928223, -129.253997803, 18.3032588959, 176.751983643, 244.555892944, -252.731872559, 121.639183044, 55.2329368591, -211.676116943, 129.954116821, -157.07749939], [1120.25793457, -920.819335938, -129.253997803, 591.406494141, -132.808288574, -39.8883934021, -206.478118896, 213.685928345, -37.5747337341, 34.2845802307, -38.5054244995, 39.581943512, 42.9411582947], [-945.680236816, 599.824401855, 18.3032588959, -132.808288574, 405.430969238, -48.3186264038, 29.8203754425, -67.9883575439, 85.8402175903, -30.3121967316, -39.4614715576, -15.9872341156, 18.780330658], [-326.620574951, -39.5986747742, 176.751983643, -39.8883934021, -48.3186264038, 288.122894287, 127.143753052, -78.2207717896, -11.8416938782, 27.3527450562, -22.5204372406, -15.6802568436, -71.5601348877], [-1468.59814453, 666.406860352, 244.555892944, -206.478118896, 29.8203754425, 127.143753052, 411.931732178, -203.439590454, -4.19608831406, -30.6411895752, 23.5989875793, -13.9649038315, -117.812446594], [1424.60791016, -627.656188965, -252.731872559, 213.685928345, -67.9883575439, -78.2207717896, -203.439590454, 309.118774414, -36.7755813599, -21.1362628937, 5.2591509819, -20.1501483917, 44.8150672913], [-624.472290039, 236.03918457, 121.639183044, -37.5747337341, 85.8402175903, -11.8416938782, -4.19608831406, -36.7755813599, 139.751541138, 17.9335346222, -61.8075447083, 11.9872875214, 16.9962806702], [-73.0967330933, -128.760421753, 55.2329368591, 34.2845802307, -30.3121967316, 27.3527450562, -30.6411895752, -21.1362628937, 17.9335346222, 115.496032715, -22.3140048981, 16.2794895172, 23.101650238], [426.24005127, -13.5146903992, -211.676116943, -38.5054244995, -39.4614715576, -22.5204372406, 23.5989875793, 5.2591509819, -61.8075447083, -22.3140048981, 159.151245117, -19.5935821533, -12.7730007172], [-237.148742676, -82.8929824829, 129.954116821, 39.581943512, -15.9872341156, -15.6802568436, -13.9649038315, -20.1501483917, 11.9872875214, 16.2794895172, -19.5935821533, 129.366592407, 14.3151798248], [411.449798584, -122.238945007, -157.07749939, 42.9411582947, 18.780330658, -71.5601348877, -117.812446594, 44.8150672913, 16.9962806702, 23.101650238, -12.7730007172, 14.3151798248, 139.250259399]],
        "icov": [[0.000350761984009, -1.84199325304e-05, 0.000765085511375, 7.13750196155e-05, 0.000539727858268, -0.000335983670084, 0.000724351557437, -0.00055501924362, 0.000583524350077, 6.50301662972e-05, 0.000327970628859, -0.000187456884305, 0.000301790161757], [-1.84199325304e-05, 0.00268441531807, -0.00116687407717, 0.00164189154748, -0.00203485717066, 0.00209045549855, -0.00239819916897, 0.00217634020373, -0.00202377745882, 0.00178309332114, -0.00114333932288, 0.00235962611623, -0.00118861859664], [0.000765085511375, -0.00116687407717, 0.0036138666328, -0.000372160342522, 0.00222583254799, -0.00173279794399, 0.002332537435, -0.00158746063244, 0.00161538040265, -0.000954790739343, 0.00296345027164, -0.00267233233899, 0.00270777381957], [7.13750196155e-05, 0.00164189154748, -0.000372160342522, 0.00371452281252, -0.00064531591488, 0.00114881934132, -0.000793161685579, -0.000226871663472, -0.000637156888843, 0.000408649677411, 0.000323203217704, 0.000444275297923, -0.000261536391918], [0.000539727858268, -0.00203485717066, 0.00222583254799, -0.00064531591488, 0.00564144924283, -0.00153563870117, 0.0028422717005, -0.00186432967894, 0.000721373071428, -0.000227171287406, 0.00213970569894, -0.00166139332578, 0.00110015121754], [-0.000335983670084, 0.00209045549855, -0.00173279794399, 0.00114881934132, -0.00153563870117, 0.00676273647696, -0.00348706543446, 0.00262898765504, -0.0014417328639, -0.000109296372102, -0.000141600321513, 0.00286940624937, 0.000291193311568], [0.000724351557437, -0.00239819916897, 0.002332537435, -0.000793161685579, 0.0028422717005, -0.00348706543446, 0.00867950264364, -0.000645082560368, 0.00326251913793, -0.000139751122333, 0.00101627991535, -0.00211112131365, 0.00394103256986], [-0.00055501924362, 0.00217634020373, -0.00158746063244, -0.000226871663472, -0.00186432967894, 0.00262898765504, -0.000645082560368, 0.00921540614218, -0.00200195447542, 0.00315835140646, -0.000790301710367, 0.00324824126437, -0.000765467237215], [0.000583524350077, -0.00202377745882, 0.00161538040265, -0.000637156888843, 0.000721373071428, -0.0014417328639, 0.00326251913793, -0.00200195447542, 0.0129300113767, -0.0024393054191, 0.00429137283936, -0.00199767877348, 0.000509804231115], [6.50301662972e-05, 0.00178309332114, -0.000954790739343, 0.000408649677411, -0.000227171287406, -0.000109296372102, -0.000139751122333, 0.00315835140646, -0.0024393054191, 0.0121628018096, -0.000646750500891, 0.00145186728332, -0.00291880709119], [0.000327970628859, -0.00114333932288, 0.00296345027164, 0.000323203217704, 0.00213970569894, -0.000141600321513, 0.00101627991535, -0.000790301710367, 0.00429137283936, -0.000646750500891, 0.0112838009372, -0.00189443130512, 0.00283654686064], [-0.000187456884305, 0.00235962611623, -0.00267233233899, 0.000444275297923, -0.00166139332578, 0.00286940624937, -0.00211112131365, 0.00324824126437, -0.00199767877348, 0.00145186728332, -0.00189443130512, 0.0119209280238, -0.00305535364896], [0.000301790161757, -0.00118861859664, 0.00270777381957, -0.000261536391918, 0.00110015121754, 0.000291193311568, 0.00394103256986, -0.000765467237215, 0.000509804231115, -0.00291880709119, 0.00283654686064, -0.00305535364896, 0.0129594840109]]
    },
    "melbands": {
        "dmean": [9.04989792616e-06, 5.76344391447e-05, 7.51551633584e-05, 0.00018839747645, 0.000466877303552, 0.000416359805968, 0.000157267815666, 0.000116362185508, 7.6980155427e-05, 0.000115474336781, 0.000132552799187, 0.000154313267558, 3.4799977584e-05, 1.5811285266e-05, 1.54183053382e-05, 1.08061094579e-05, 1.36278276841e-05, 1.25659362311e-05, 8.4348839664e-06, 6.27377994533e-06, 7.52842925067e-06, 4.53232814834e-06, 3.24391885442e-06, 2.42641522163e-06, 1.51947142513e-06, 7.22314894119e-07, 7.11401298759e-07, 9.37293179959e-07, 3.56678526714e-07, 8.95179255167e-08, 9.69849978105e-08, 5.95638631751e-08, 7.18185333426e-08, 8.09865881024e-08, 1.01377288786e-07, 1.15085292407e-07, 1.73522053615e-07, 3.22080296655e-07, 3.76994222506e-07, 3.943673903e-07],
        "dmean2": [1.42652579598e-05, 9.92320128717e-05, 0.000120012839034, 0.000288214359898, 0.000712291512173, 0.000649221707135, 0.000225839030463, 0.000168465776369, 0.000112904628622, 0.00016401486937, 0.00018651568098, 0.000226802105317, 5.11017788085e-05, 2.24640043598e-05, 2.24603409151e-05, 1.58424227266e-05, 1.89394559129e-05, 1.81766044989e-05, 1.22327282952e-05, 8.77843285707e-06, 1.05431354314e-05, 6.35326796328e-06, 4.61382751382e-06, 3.50335676558e-06, 2.13666999116e-06, 1.06175411929e-06, 1.03595152723e-06, 1.36816811391e-06, 5.20952937677e-07, 1.38079371936e-07, 1.4818263594e-07, 9.3082569208e-08, 1.05892084434e-07, 1.2312047204e-07, 1.49089089518e-07, 1.71568416363e-07, 2.67503509122e-07, 4.84747204155e-07, 5.60209116429e-07, 6.18565650257e-07],
        "dvar": [1.16336762446e-09, 1.63861884062e-08, 1.24042713878e-08, 1.44449089134e-07, 6.65267521072e-07, 6.00226144343e-07, 1.93883550992e-07, 1.62190346487e-07, 3.96660020385e-08, 1.08313592762e-07, 1.28713864456e-07, 3.42817088494e-07, 1.17409459932e-08, 3.71053543446e-09, 3.34774807875e-09, 1.87577908761e-09, 3.95944121934e-09, 2.04083172584e-09, 8.98871255206e-10, 5.51643897229e-10, 8.16964718098e-10, 2.74914230269e-10, 1.43802691976e-10, 3.56741372554e-11, 1.50618476025e-11, 3.71653966283e-12, 3.48921933013e-12, 5.11157262351e-12, 1.29591617385e-12, 4.41825639659e-13, 6.32038963267e-13, 2.81897985857e-13, 4.35845451527e-13, 5.70611374991e-13, 3.60115854237e-13, 2.89374806669e-13, 1.26755919129e-12, 3.98574749594e-12, 5.4956152476e-12, 1.19164756188e-11],
        "dvar2": [2.71871503088e-09, 5.45293907805e-08, 3.26695754893e-08, 3.11722089918e-07, 1.59642593189e-06, 1.46564639181e-06, 3.58292368219e-07, 3.43166561834e-07, 9.19172933322e-08, 2.2519839149e-07, 2.45881579986e-07, 7.62753700201e-07, 2.53808227768e-08, 7.21016979455e-09, 6.80568357225e-09, 3.8996703644e-09, 7.51061524085e-09, 4.16909129441e-09, 1.9290489206e-09, 1.08098008322e-09, 1.56957147279e-09, 5.67264402118e-10, 2.94565177805e-10, 7.99733751444e-11, 2.93863891554e-11, 7.89203251361e-12, 7.99054138828e-12, 1.05594239949e-11, 2.71863282754e-12, 1.06674391542e-12, 1.51720996877e-12, 5.67063269171e-13, 7.27941795384e-13, 1.28504314394e-12, 6.07900286099e-13, 5.9719080809e-13, 2.82236083463e-12, 8.32639773102e-12, 9.96394980413e-12, 2.66350899669e-11],
        "max": [0.00217570015229, 0.00329869682901, 0.00167664303444, 0.0126254083589, 0.0232397019863, 0.0153462672606, 0.0138030489907, 0.0117021556944, 0.00517569296062, 0.00813997350633, 0.0108319912106, 0.0205498170108, 0.00386946043, 0.00248044240288, 0.00339776859619, 0.00148203526624, 0.0023786413949, 0.00209272583015, 0.00103128945921, 0.000826935633086, 0.00140782189555, 0.000576509220991, 0.000677281641401, 0.000180087328772, 0.00012995954603, 7.49054379412e-05, 6.84555925545e-05, 6.65587867843e-05, 4.78604997625e-05, 2.85731639451e-05, 4.20479409513e-05, 3.33696225425e-05, 6.22377847321e-05, 6.78615979268e-05, 4.97950641147e-05, 3.0599629099e-05, 5.45476832485e-05, 0.00010943201778, 0.000124055703054, 0.000146776699694],
        "mean": [1.66604713741e-05, 0.000126410057419, 0.000155836998601, 0.000597626203671, 0.00140763563104, 0.00106615794357, 0.000439793424448, 0.000256214407273, 0.000173969965545, 0.000277458893834, 0.000328198249917, 0.000360430945875, 8.76089470694e-05, 3.93071641156e-05, 3.33634670824e-05, 2.34792132687e-05, 2.87157890853e-05, 2.66717925115e-05, 1.58490583999e-05, 1.2636329302e-05, 1.76838730113e-05, 1.01960949905e-05, 8.1637635958e-06, 5.90120316701e-06, 4.11561177316e-06, 1.73481009824e-06, 1.77587685357e-06, 2.20741571866e-06, 6.73140050367e-07, 1.17342203509e-07, 1.43558381183e-07, 7.68091794612e-08, 8.91799061264e-08, 1.11060558083e-07, 1.76552376274e-07, 1.87751652447e-07, 2.58122810237e-07, 5.07800450578e-07, 5.89064256928e-07, 4.86752810502e-07],
        "median": [6.42392205918e-06, 4.83768417325e-05, 9.5946030342e-05, 0.000314298144076, 0.000912776915357, 0.000512076774612, 4.99724083056e-05, 7.81384151196e-05, 4.32360902778e-05, 3.02431344608e-05, 4.49996732641e-05, 1.59597057063e-05, 1.84343043657e-05, 5.30895977136e-06, 3.81541121897e-06, 2.47781645157e-06, 2.09102540794e-06, 2.92534605251e-06, 1.83951942745e-06, 1.1336528587e-06, 1.05117737803e-06, 8.26315954328e-07, 7.99133999863e-07, 1.17265471999e-06, 6.67203721605e-07, 4.32063188782e-07, 4.5313265673e-07, 5.36251320682e-07, 1.35823825076e-07, 2.33340280431e-08, 9.64117408131e-09, 2.10020667524e-09, 2.29184160538e-09, 9.18829545782e-09, 3.98790263034e-08, 5.48479484053e-08, 6.56349499195e-08, 1.19808547083e-07, 1.12441085776e-07, 5.30677795041e-08],
        "min": [1.06016460668e-23, 1.14861989553e-23, 9.93443619064e-24, 1.27598740513e-23, 1.66129420806e-23, 1.11755652523e-23, 8.86518335413e-24, 6.97124349439e-24, 1.95299714255e-24, 7.77235935377e-24, 1.3811674918e-23, 1.79441843012e-23, 7.93726520398e-24, 6.8848403483e-24, 1.19781160497e-23, 1.18925396298e-23, 1.20892318414e-23, 9.01552446545e-24, 8.57899881722e-24, 1.27495068413e-23, 1.40715146562e-23, 9.37115321672e-24, 7.92775390805e-24, 7.62590022697e-24, 9.20652425668e-24, 1.27688560216e-23, 1.07631203721e-23, 1.10412411728e-23, 9.33384798451e-24, 1.15908650202e-23, 1.10092836287e-23, 1.00203683868e-23, 6.04990128875e-24, 7.65603313583e-24, 7.43855207287e-24, 9.83944944905e-24, 1.02079445217e-23, 1.01399786327e-23, 9.20612509306e-24, 1.06149225958e-23],
        "var": [1.55118884404e-09, 5.33541815173e-08, 3.0130291151e-08, 7.24657525097e-07, 2.55724467024e-06, 2.06739218811e-06, 9.06825334823e-07, 2.92755146347e-07, 1.21240901763e-07, 4.50422362519e-07, 6.39444976969e-07, 1.64898517596e-06, 5.20281240313e-08, 1.80266699346e-08, 1.4183404673e-08, 6.62426380416e-09, 1.6430233174e-08, 8.83783712879e-09, 2.47629872163e-09, 1.76030579002e-09, 4.3835606256e-09, 1.09100428691e-09, 8.43470515655e-10, 1.51046869457e-10, 8.65731653032e-11, 1.36673996773e-11, 1.13170774835e-11, 1.99623807068e-11, 3.12369596335e-12, 5.86132650662e-13, 8.2681897353e-13, 4.90148557592e-13, 1.14494210553e-12, 1.1742311767e-12, 9.07692866182e-13, 4.86704372551e-13, 1.8043649257e-12, 6.68480201749e-12, 1.03100757098e-11, 1.41540147658e-11]
    },
    "mfcc": {
        "mean": [-756.884460449, 171.512084961, 12.5892190933, -7.53641557693, 6.44049358368, -34.7750663757, 1.97539293766, -13.0139789581, -16.9323425293, -1.11038529873, -22.748544693, -8.6720867157, -9.16088294983],
        "cov": [[10793.21875, -1386.5123291, -2823.00976562, -186.808868408, 840.248535156, -1903.70483398, 189.106536865, -272.693572998, -388.375427246, 458.660736084, -685.710632324, 160.726303101, 59.8137969971], [-1386.5123291, 1667.45214844, 195.993896484, -319.56652832, -209.459228516, 308.368560791, 48.192489624, 18.6974010468, -44.6671867371, -21.4932670593, 108.272880554, -39.0209770203, -51.4565734863], [-2823.00976562, 195.993896484, 1323.7467041, 30.5807323456, -366.381011963, 601.614135742, -92.8290252686, 92.955039978, 132.055389404, -184.75038147, 239.442947388, -35.0856208801, -31.9700164795], [-186.808868408, -319.56652832, 30.5807323456, 388.686981201, 101.335365295, -113.873214722, -55.0797653198, 34.7802009583, 57.852306366, -41.0939903259, -38.9743385315, 38.6805076599, 64.9750595093], [840.248535156, -209.459228516, -366.381011963, 101.335365295, 456.875701904, -269.44909668, -88.9896087646, -29.7857666016, 77.4786911011, 44.0552101135, -140.800109863, 52.8016204834, 69.4346389771], [-1903.70483398, 308.368560791, 601.614135742, -113.873214722, -269.44909668, 685.250183105, -11.4969482422, 37.1959762573, 74.017364502, -80.7775497437, 202.323989868, -100.736366272, -52.1363143921], [189.106536865, 48.192489624, -92.8290252686, -55.0797653198, -88.9896087646, -11.4969482422, 243.752624512, 41.1788864136, -110.259437561, 64.036491394, 14.8820734024, 0.700148582458, -49.1413879395], [-272.693572998, 18.6974010468, 92.955039978, 34.7802009583, -29.7857666016, 37.1959762573, 41.1788864136, 168.172668457, -39.1871948242, 9.0443315506, 12.3115167618, -1.73543453217, 12.9417772293], [-388.375427246, -44.6671867371, 132.055389404, 57.852306366, 77.4786911011, 74.017364502, -110.259437561, -39.1871948242, 254.970962524, -71.9534301758, 26.1011638641, 2.55986905098, -23.1323661804], [458.660736084, -21.4932670593, -184.75038147, -41.0939903259, 44.0552101135, -80.7775497437, 64.036491394, 9.0443315506, -71.9534301758, 188.018783569, -32.0513305664, -16.6175994873, -9.46687889099], [-685.710632324, 108.272880554, 239.442947388, -38.9743385315, -140.800109863, 202.323989868, 14.8820734024, 12.3115167618, 26.1011638641, -32.0513305664, 165.565567017, -27.7461795807, -53.9516487122], [160.726303101, -39.0209770203, -35.0856208801, 38.6805076599, 52.8016204834, -100.736366272, 0.700148582458, -1.73543453217, 2.55986905098, -16.6175994873, -27.7461795807, 125.566596985, 17.2993659973], [59.8137969971, -51.4565734863, -31.9700164795, 64.9750595093, 69.4346389771, -52.1363143921, -49.1413879395, 12.9417772293, -23.1323661804, -9.46687889099, -53.9516487122, 17.2993659973, 155.200469971]],
