{
"lowlevel": {
    "average_loudness": 0.597940385342,
    "barkbands_crest": {
        "dmean": 2.03782916069,
        "dmean2": 3.02062773705,
        "dvar": 4.47355604172,
        "dvar2": 9.6936340332,
        "max": 25.7176361084,
        "mean": 12.1516599655,
        "median": 11.0287256241,
        "min": 2.1818292141,
        "var": 25.433801651
    },
    "barkbands_flatness_db": {
        "dmean": 0.0196598730981,
        "dmean2": 0.0286441519856,
        "dvar": 0.000543998554349,
        "dvar2": 0.00110149011016,
        "max": 0.461245387793,
        "mean": 0.175120785832,
        "median": 0.163804665208,
        "min": 0.028637221083,
        "var": 0.00464440975338
    },
    "barkbands_kurtosis": {
        "dmean": 4.25404024124,
        "dmean2": 6.41740846634,
        "dvar": 144.745193481,
        "dvar2": 293.34487915,
        "max": 576.795166016,
        "mean": 8.07280826569,
        "median": 3.62937927246,
        "min": -1.82015454769,
        "var": 337.125152588
    },
    "barkbands_skewness": {
        "dmean": 0.523989975452,
        "dmean2": 0.762046337128,
        "dvar": 0.573206841946,
        "dvar2": 1.16572499275,
        "max": 19.4540786743,
        "mean": 1.93948471546,
        "median": 1.61914134026,
        "min": -2.13332700729,
        "var": 2.36043787003
    },
    "barkbands_spread": {
        "dmean": 3.88414049149,
        "dmean2": 5.96923351288,
        "dvar": 45.1827354431,
        "dvar2": 102.792922974,
        "max": 104.16771698,
        "mean": 14.0806560516,
        "median": 12.4155778885,
        "min": 0.231286287308,
        "var": 91.9909362793
    },
    "dissonance": {
        "dmean": 0.0248267557472,
        "dmean2": 0.0413825958967,
        "dvar": 0.000519994937349,
        "dvar2": 0.001393095823,
        "max": 0.499999850988,
        "mean": 0.437695711851,
        "median": 0.44409930706,
        "min": 0.250933647156,
        "var": 0.00142315903213
    },
    "dynamic_complexity": 3.98773026466,
    "erbbands_crest": {
        "dmean": 2.40192961693,
        "dmean2": 3.59064126015,
        "dvar": 5.19327688217,
        "dvar2": 11.6717243195,
        "max": 32.6226196289,
        "mean": 12.1598405838,
        "median": 10.8841314316,
        "min": 2.2630469799,
        "var": 30.9239196777
    },
    "erbbands_flatness_db": {
        "dmean": 0.0175987128168,
        "dmean2": 0.0243346057832,
        "dvar": 0.000429587205872,
        "dvar2": 0.000743192969821,
        "max": 0.485566526651,
        "mean": 0.170595571399,
        "median": 0.166278839111,
        "min": 0.0394860245287,
        "var": 0.00317344954237
    },
    "erbbands_kurtosis": {
        "dmean": 1.17506062984,
        "dmean2": 1.81164062023,
        "dvar": 2.81924176216,
        "dvar2": 6.30737161636,
        "max": 42.2416648865,
        "mean": 1.62684619427,
        "median": 0.783576488495,
        "min": -1.66301774979,
        "var": 8.62275123596
    },
    "erbbands_skewness": {
        "dmean": 0.310868620872,
        "dmean2": 0.473269224167,
        "dvar": 0.0898616015911,
        "dvar2": 0.204711318016,
        "max": 5.18552494049,
        "mean": 0.859654068947,
        "median": 0.769554316998,
        "min": -1.31452441216,
        "var": 0.455738186836
    },
    "erbbands_spread": {
        "dmean": 6.53111696243,
        "dmean2": 9.70462322235,
        "dvar": 84.1781997681,
        "dvar2": 172.052932739,
        "max": 142.802230835,
        "mean": 28.615020752,
        "median": 26.6488113403,
        "min": 2.25602459908,
        "var": 203.682037354
    },
    "hfc": {
        "dmean": 5.3961186409,
        "dmean2": 8.25057697296,
        "dvar": 99.4909973145,
        "dvar2": 238.094924927,
        "max": 119.069313049,
        "mean": 15.8315610886,
        "median": 12.8238315582,
        "min": 1.08190419857e-16,
        "var": 216.59135437
    },
    "melbands_crest": {
        "dmean": 2.52798342705,
        "dmean2": 3.78289699554,
        "dvar": 8.60708904266,
        "dvar2": 18.3171653748,
        "max": 35.1536102295,
        "mean": 16.358959198,
        "median": 14.4984540939,
        "min": 1.1838632822,
        "var": 50.8721122742
    },
    "melbands_flatness_db": {
        "dmean": 0.0223104972392,
        "dmean2": 0.0323696434498,
        "dvar": 0.000702864315826,
        "dvar2": 0.00136871961877,
        "max": 0.592028796673,
        "mean": 0.267071485519,
        "median": 0.256539165974,
        "min": 0.00144629203714,
        "var": 0.00688771065325
    },
    "melbands_kurtosis": {
        "dmean": 8.28895664215,
        "dmean2": 12.7884540558,
        "dvar": 871.910949707,
        "dvar2": 2042.3416748,
        "max": 878.951416016,
        "mean": 15.22610569,
        "median": 7.2324962616,
        "min": -1.46191728115,
        "var": 1280.72827148
    },
    "melbands_skewness": {
        "dmean": 0.656857609749,
        "dmean2": 0.961817085743,
        "dvar": 1.0890173912,
        "dvar2": 2.35055375099,
        "max": 22.3739032745,
        "mean": 2.52020382881,
        "median": 2.10568261147,
        "min": -1.54755878448,
        "var": 3.54954338074
    },
    "melbands_spread": {
        "dmean": 3.07488393784,
        "dmean2": 4.72839927673,
        "dvar": 17.0391540527,
        "dvar2": 38.4111404419,
        "max": 159.553131104,
        "mean": 14.3894433975,
        "median": 12.6428480148,
        "min": 0.255993247032,
        "var": 157.454940796
    },
    "pitch_salience": {
        "dmean": 0.0550131648779,
        "dmean2": 0.0849699378014,
        "dvar": 0.00321962544695,
        "dvar2": 0.00754946563393,
        "max": 0.99387794733,
        "mean": 0.46920466423,
        "median": 0.477270692587,
        "min": 0.0385649912059,
        "var": 0.016775386408
    },
    "silence_rate_20dB": {
        "dmean": 0.00889748521149,
        "dmean2": 0.0177966915071,
        "dvar": 0.00881841592491,
        "dvar2": 0.0232850909233,
        "max": 1,
        "mean": 0.992844045162,
        "median": 1,
        "min": 0,
        "var": 0.00710448762402
    },
    "silence_rate_30dB": {
        "dmean": 0.0473887808621,
        "dmean2": 0.0947867333889,
        "dvar": 0.045147292316,
        "dvar2": 0.0883093550801,
        "max": 1,
        "mean": 0.880379080772,
        "median": 1,
        "min": 0,
        "var": 0.105303384364
    },
    "silence_rate_60dB": {
        "dmean": 0.0172147005796,
        "dmean2": 0.0344327315688,
        "dvar": 0.0169138386846,
        "dvar2": 0.0384739600122,
        "max": 1,
        "mean": 0.0945749953389,
        "median": 0,
        "min": 0,
        "var": 0.0856546536088
    },
    "spectral_centroid": {
        "dmean": 128.473587036,
        "dmean2": 203.630569458,
        "dvar": 27552.6152344,
        "dvar2": 63381.0898438,
        "max": 11773.4824219,
        "mean": 926.651184082,
        "median": 820.163391113,
        "min": 180.910049438,
        "var": 774476.8125
    },
    "spectral_complexity": {
        "dmean": 2.15241789818,
        "dmean2": 3.50517463684,
        "dvar": 6.30166435242,
        "dvar2": 15.0295181274,
        "max": 39,
        "mean": 13.4362249374,
        "median": 14,
        "min": 0,
        "var": 42.5926094055
    },
    "spectral_decrease": {
        "dmean": 4.89252860447e-09,
        "dmean2": 7.39513872361e-09,
        "dvar": 2.0403082141e-16,
        "dvar2": 5.02280373326e-16,
        "max": 1.60571231329e-28,
        "mean": -1.17370912989e-08,
        "median": -5.64019186911e-09,
        "min": -1.93619072775e-07,
        "var": 3.36863970802e-16
    },
    "spectral_energy": {
        "dmean": 0.0188333727419,
        "dmean2": 0.0284551288933,
        "dvar": 0.00296914251521,
        "dvar2": 0.00730321742594,
        "max": 0.740103542805,
        "mean": 0.0457343570888,
        "median": 0.0226087700576,
        "min": 1.00697138831e-20,
        "var": 0.00492947082967
    },
    "spectral_energyband_high": {
        "dmean": 0.000278616964351,
        "dmean2": 0.000443783646915,
        "dvar": 3.81509579483e-07,
        "dvar2": 9.33175783757e-07,
        "max": 0.00563561683521,
        "mean": 0.000386488274671,
        "median": 0.000155316345626,
        "min": 7.23603786591e-21,
        "var": 4.32738971767e-07
    },
    "spectral_energyband_low": {
        "dmean": 0.0159918610007,
        "dmean2": 0.0242632199079,
        "dvar": 0.00261657335795,
        "dvar2": 0.00645343400538,
        "max": 0.671419680119,
        "mean": 0.0282041653991,
        "median": 0.00523361423984,
        "min": 1.608978215e-23,
        "var": 0.00391113525257
    },
    "spectral_energyband_middle_high": {
        "dmean": 0.00100580987055,
        "dmean2": 0.0014661361929,
        "dvar": 2.28419798987e-06,
        "dvar2": 4.69615679322e-06,
        "max": 0.0319983698428,
        "mean": 0.00366004579701,
        "median": 0.00252514146268,
        "min": 1.13680758384e-21,
        "var": 1.45615495057e-05
    },
    "spectral_energyband_middle_low": {
        "dmean": 0.00358883943409,
        "dmean2": 0.00553496787325,
        "dvar": 4.52570820926e-05,
        "dvar2": 0.000113163492642,
        "max": 0.204885318875,
        "mean": 0.0151375746354,
        "median": 0.00971880927682,
        "min": 1.73365840682e-22,
        "var": 0.000297231017612
    },
    "spectral_entropy": {
        "dmean": 0.182512506843,
        "dmean2": 0.261104285717,
        "dvar": 0.0508995316923,
        "dvar2": 0.0949891880155,
        "max": 9.82175636292,
        "mean": 7.06969213486,
        "median": 7.08006429672,
        "min": 4.73114061356,
        "var": 0.30776283145
    },
    "spectral_flux": {
        "dmean": 0.0304330531508,
        "dmean2": 0.0476931035519,
        "dvar": 0.00435979431495,
        "dvar2": 0.0104712545872,
        "max": 0.736319899559,
        "mean": 0.0670121237636,
        "median": 0.0480457097292,
        "min": 6.45274111921e-11,
        "var": 0.00547485658899
    },
    "spectral_kurtosis": {
        "dmean": 2.69921112061,
        "dmean2": 4.38000631332,
        "dvar": 12.7620029449,
        "dvar2": 33.4777641296,
        "max": 62.0583343506,
        "mean": 8.43360137939,
        "median": 6.88480854034,
        "min": -1.26173579693,
        "var": 37.7575531006
    },
    "spectral_rms": {
        "dmean": 0.000954871007707,
        "dmean2": 0.00136741925962,
        "dvar": 3.93996151615e-06,
        "dvar2": 8.73579756444e-06,
        "max": 0.0268710292876,
        "mean": 0.00551422173157,
        "median": 0.00469652377069,
        "min": 3.13434369605e-12,
        "var": 1.42123635669e-05
    },
    "spectral_rolloff": {
        "dmean": 279.516479492,
        "dmean2": 488.406768799,
        "dvar": 1045036.4375,
        "dvar2": 2596612.75,
        "max": 19552.1484375,
        "mean": 921.152099609,
        "median": 645.99609375,
        "min": 64.599609375,
        "var": 2985945
    },
    "spectral_skewness": {
        "dmean": 0.283697456121,
        "dmean2": 0.448951154947,
        "dvar": 0.0993089675903,
        "dvar2": 0.237160176039,
        "max": 6.2227768898,
        "mean": 2.20947408676,
        "median": 2.12751436234,
        "min": -0.090298935771,
        "var": 0.436211556196
    },
    "spectral_spread": {
        "dmean": 728836.6875,
        "dmean2": 1031057.4375,
        "dvar": 1.52955401011e+12,
        "dvar2": 2.51686341837e+12,
        "max": 42419288,
        "mean": 4707182,
        "median": 4157114.5,
        "min": 1140300.875,
        "var": 1.19340395397e+13
    },
    "spectral_strongpeak": {
        "dmean": 0.358461916447,
        "dmean2": 0.592435121536,
        "dvar": 0.330402553082,
        "dvar2": 0.79652261734,
        "max": 6.20498180389,
        "mean": 0.9660115242,
        "median": 0.629320025444,
        "min": 0,
        "var": 0.924486160278
    },
    "zerocrossingrate": {
        "dmean": 0.00870500598103,
        "dmean2": 0.0107482327148,
        "dvar": 0.000194909909624,
        "dvar2": 0.000263568625087,
        "max": 0.685546875,
        "mean": 0.0447572246194,
        "median": 0.0361328125,
        "min": 0.001953125,
        "var": 0.00214825291187
    },
    "barkbands": {
        "dmean": [0.00223041628487, 0.013463861309, 0.00119589979295, 0.0011503075948, 0.00122099579312, 0.00104394415393, 0.000535519269761, 0.000656703661662, 0.000685997132678, 0.000549544405658, 0.000266508519417, 0.000214207742829, 0.000132477958687, 0.000160519048222, 0.000135829512146, 0.000115580311103, 0.000157756338012, 8.88610520633e-05, 7.22133700037e-05, 4.87818178954e-05, 3.44033396686e-05, 3.08760354528e-05, 2.74777903542e-05, 3.23772910633e-05, 4.63875840069e-05, 7.55161308916e-05, 3.83512233384e-05],
        "dmean2": [0.00386840850115, 0.0200548246503, 0.00197739060968, 0.00195495295338, 0.00188450305723, 0.00175940117333, 0.000798244145699, 0.000943051360082, 0.000880670675542, 0.00070482090814, 0.000372839422198, 0.000333568750648, 0.000206765500479, 0.000259941356489, 0.000209413934499, 0.00019369686197, 0.000252681231359, 0.000149801999214, 0.000121972851048, 8.152382361e-05, 5.65704867768e-05, 4.91360842716e-05, 4.48070277344e-05, 5.25439936609e-05, 7.68488680478e-05, 0.000124363810755, 6.45942636766e-05],
        "dvar": [9.81706689345e-05, 0.00190639519133, 8.70596795721e-06, 1.66171557794e-05, 6.54058567306e-06, 4.74610533274e-06, 1.75262357516e-06, 1.74800436525e-06, 1.60320314535e-06, 1.20831521144e-06, 3.85173393624e-07, 2.58615926896e-07, 1.04404477952e-07, 1.04810254697e-07, 7.10173182483e-08, 5.6569469109e-08, 8.25628418966e-08, 3.14242676325e-08, 2.34063239901e-08, 1.03919379768e-08, 6.65396582278e-09, 5.00316987839e-09, 4.76700456886e-09, 6.5733591903e-09, 1.72440497437e-08, 4.21748005408e-08, 2.24096936563e-08],
        "dvar2": [0.000277359387837, 0.00460189813748, 2.33698410739e-05, 4.73524341942e-05, 1.55489469762e-05, 1.3707321159e-05, 3.52937695425e-06, 4.06367007599e-06, 2.60175397671e-06, 2.06696063287e-06, 6.97756433965e-07, 6.20249011263e-07, 2.3977094088e-07, 2.68803802328e-07, 1.64211783726e-07, 1.53522137225e-07, 2.12409901224e-07, 8.7906563806e-08, 6.90976236228e-08, 3.00952187615e-08, 1.80192536448e-08, 1.18971330565e-08, 1.20263941028e-08, 1.62464068865e-08, 4.39128982066e-08, 1.07405050187e-07, 5.93458615583e-08],
        "max": [0.158733725548, 0.558995068073, 0.102547511458, 0.145750924945, 0.0793000683188, 0.0348080284894, 0.080674149096, 0.0296795368195, 0.0506790317595, 0.0277039892972, 0.024670034647, 0.0194992031902, 0.00763219920918, 0.00646670535207, 0.00556835439056, 0.0038843259681, 0.00551535561681, 0.00339428335428, 0.0031507385429, 0.00190673349425, 0.00159253482707, 0.00138956180308, 0.000917725556064, 0.00102881342173, 0.00119062466547, 0.00178022391628, 0.00193416827824],
        "mean": [0.00205388199538, 0.0218832921237, 0.00305268494412, 0.00289285671897, 0.00333300745115, 0.00241210614331, 0.00166184455156, 0.00180193479173, 0.00210841582157, 0.0016502966173, 0.000642237195279, 0.000400049495511, 0.000216387445107, 0.000241053727223, 0.000249804579653, 0.000171514649992, 0.000274038582575, 0.000146356571349, 0.000117162649985, 9.01126113604e-05, 6.09416383668e-05, 4.82170944451e-05, 3.53902978532e-05, 3.79022567358e-05, 4.61630188511e-05, 7.18263545423e-05, 3.49037254637e-05],
        "median": [6.19646161795e-05, 0.00237983651459, 0.00102109170984, 0.000440386298578, 0.0011958720861, 0.00109626539052, 0.000344694708474, 0.00052899500588, 0.000575678306632, 0.000382899539545, 0.000167725185747, 0.00014278384333, 6.35734031675e-05, 8.35298778838e-05, 6.94364935043e-05, 4.06148428738e-05, 9.76817027549e-05, 6.02903382969e-05, 4.35621695942e-05, 3.70447596652e-05, 2.22271137318e-05, 2.07905195566e-05, 1.27103567138e-05, 1.3792547179e-05, 1.10144674181e-05, 1.08751255539e-05, 1.25162239328e-06],
        "min": [5.44652248716e-25, 5.46191355785e-24, 2.17045335639e-24, 1.2162557843e-24, 7.04852819727e-24, 8.00123472365e-24, 5.74223961925e-24, 8.10425364698e-24, 2.09060035906e-23, 1.27274155805e-23, 1.80497449344e-23, 2.79647309705e-23, 3.44084434561e-23, 4.1103572223e-23, 5.58348680522e-23, 6.40994040356e-23, 8.39878559446e-23, 8.82224865273e-23, 1.43563685425e-22, 1.47618947971e-22, 2.38968914577e-22, 2.85340581967e-22, 3.73333459484e-22, 6.1914791967e-22, 9.17173561698e-22, 1.20866627423e-21, 1.8737939047e-21],
        "var": [7.03350451658e-05, 0.00294182333164, 2.8263844797e-05, 6.52685121167e-05, 2.80191543425e-05, 1.22469809867e-05, 2.19376888708e-05, 8.97285735846e-06, 1.38736495501e-05, 9.7052907222e-06, 2.16508738049e-06, 6.5775168423e-07, 2.18737980617e-07, 1.691695104e-07, 1.89977896525e-07, 1.02797720558e-07, 1.71555655015e-07, 5.18183043141e-08, 3.88458971656e-08, 2.45317792746e-08, 1.64653428669e-08, 8.60643023515e-09, 4.99726482417e-09, 6.06370420542e-09, 1.39571367797e-08, 3.5301408019e-08, 1.80372143888e-08]
    },
    "erbbands": {
        "dmean": [0.636761188507, 2.09501338005, 1.46308302879, 2.64602446556, 3.77198648453, 4.36580514908, 7.93662881851, 7.46614122391, 9.01533603668, 6.10425567627, 18.4286727905, 15.7185144424, 19.0228424072, 9.9261264801, 7.64934253693, 8.74729156494, 6.63360595703, 7.65728187561, 6.43120670319, 5.9705119133, 6.09059381485, 7.91727972031, 5.08577060699, 5.26383638382, 2.08643531799, 1.80417013168, 1.60403549671, 1.30162167549, 1.08713281155, 1.04482662678, 0.780866861343, 0.575655519962, 0.650434613228, 0.53893238306, 0.336627423763, 0.346036523581, 0.106935754418, 0.0460060797632, 0.00724867451936, 0.000261360197328],
        "dmean2": [0.930406987667, 3.20222735405, 2.39979243279, 4.51993513107, 6.0380616188, 6.84811735153, 13.17694664, 12.4813728333, 13.6447429657, 8.85785484314, 25.5923175812, 20.1022109985, 24.4848804474, 13.3901500702, 11.2580394745, 13.45698452, 10.302731514, 12.3225631714, 9.98035430908, 9.59324264526, 9.80835342407, 12.8898916245, 8.49633026123, 9.0449514389, 3.37766432762, 3.01319098473, 2.64457249641, 2.12615013123, 1.71983718872, 1.69225800037, 1.28436219692, 0.910722970963, 1.08124876022, 0.902226746082, 0.552725195885, 0.577263832092, 0.176768705249, 0.0763654634356, 0.0122872255743, 0.000441738928203],
        "dvar": [4.79624032974, 40.4200897217, 12.7993202209, 73.1036376953, 99.5699081421, 83.0655136108, 297.731842041, 272.29019165, 559.356384277, 160.843200684, 1378.85583496, 939.799804688, 1408.9387207, 458.89642334, 441.582214355, 409.283752441, 224.426589966, 218.036514282, 139.134033203, 104.28679657, 115.452293396, 226.950698853, 130.628753662, 135.839492798, 16.3676147461, 13.4080705643, 11.4342536926, 10.1196622849, 6.79677772522, 6.60450983047, 4.00515890121, 1.73516631126, 3.13578081131, 2.28775167465, 0.900200009346, 0.934372425079, 0.0976893678308, 0.0290604848415, 0.000788919511251, 1.06961419988e-06],
        "dvar2": [11.6238203049, 98.3730926514, 32.7141838074, 207.878585815, 249.685943604, 209.611740112, 854.191894531, 776.897521973, 1197.68383789, 350.554229736, 3068.68481445, 1477.03625488, 2446.41210938, 796.432617188, 930.179626465, 948.324523926, 520.615600586, 547.193847656, 327.140472412, 261.116882324, 295.564666748, 598.58770752, 366.768981934, 409.626983643, 43.1032905579, 39.0957145691, 30.9544467926, 27.5082130432, 16.1171875, 16.0860748291, 10.3166017532, 4.15166711807, 8.01602172852, 5.90377092361, 2.27214431763, 2.39685606956, 0.254244953394, 0.0762722417712, 0.00207652035169, 2.86869430965e-06],
        "max": [23.7060413361, 106.492515564, 117.273948669, 280.518127441, 283.267791748, 193.621459961, 270.389160156, 375.883331299, 1439.52783203, 325.900115967, 801.827819824, 1440.39892578, 961.869995117, 982.171325684, 788.470825195, 990.170532227, 368.030792236, 315.428985596, 259.929870605, 182.895019531, 262.410430908, 216.98626709, 231.130096436, 236.851226807, 76.3722076416, 70.2316207886, 61.5221595764, 68.0580444336, 64.4514846802, 60.8906974792, 25.6484375, 16.4338665009, 23.8539657593, 14.0349817276, 8.61035919189, 8.61982154846, 3.22738528252, 1.9452483654, 0.332985907793, 0.0175139699131],
        "mean": [0.976950466633, 3.49357867241, 3.85422110558, 7.14870023727, 10.0100631714, 11.2383613586, 18.3041934967, 17.6887073517, 27.8990345001, 17.657661438, 54.4708061218, 48.9622879028, 58.48487854, 29.3010101318, 17.3280639648, 17.3789196014, 12.1439056396, 12.6011562347, 12.4643096924, 11.3189201355, 10.8136110306, 14.0100317001, 8.7276506424, 8.62425994873, 4.00217151642, 3.40117383003, 2.95744776726, 2.2110979557, 1.65487861633, 1.56645894051, 0.976811349392, 0.754460513592, 0.677164971828, 0.527483999729, 0.335967719555, 0.31259304285, 0.10592969507, 0.0445163846016, 0.00644834432751, 0.000254851387581],
        "median": [0.0679476186633, 0.50770252943, 1.30914759636, 1.68344688416, 2.34573602676, 4.1950006485, 6.99466848373, 8.31826400757, 5.9029135704, 7.19295692444, 15.5987710953, 17.1336288452, 16.6607208252, 8.98622131348, 5.91096067429, 6.49201536179, 4.53830528259, 5.59461927414, 5.92240953445, 5.5938243866, 4.97240066528, 5.69053888321, 3.80593419075, 3.16266012192, 1.97885036469, 1.57502961159, 1.19755423069, 0.855503976345, 0.674455225468, 0.609788477421, 0.341764181852, 0.315787374973, 0.186145186424, 0.121307969093, 0.0756546929479, 0.04712055251, 0.0172747652978, 0.00391288334504, 0.000189395141206, 4.52927233709e-05],
        "min": [1.07947107803e-22, 1.37331277853e-21, 2.83773336229e-21, 6.76535998047e-21, 1.29848728451e-20, 3.25975594289e-20, 4.94424754492e-20, 5.21955360918e-20, 8.5629950269e-20, 2.93714309628e-19, 3.09081748597e-19, 4.69283601438e-19, 4.89874660125e-19, 8.45936519352e-19, 1.10565241334e-18, 1.79140726822e-18, 1.93840263975e-18, 2.24089741988e-18, 3.44769292902e-18, 3.30266273184e-18, 3.66297206011e-18, 5.01091498065e-18, 5.04397366742e-18, 6.76834952752e-18, 7.76981750873e-18, 7.00787580391e-18, 8.9457647645e-18, 1.11537877521e-17, 9.6460980573e-18, 1.34916201932e-17, 1.0919582315e-17, 1.14934231485e-17, 1.03780362669e-17, 8.0313943523e-18, 5.99393931574e-18, 3.51725799136e-18, 2.17705851533e-18, 9.24801056327e-19, 2.45273604831e-19, 2.7935391782e-20],
        "var": [7.2354054451, 63.7548294067, 50.4005622864, 283.723724365, 415.380615234, 319.852874756, 770.8984375, 699.698364258, 6847.11035156, 812.873535156, 8322.36621094, 7371.10839844, 10832.1074219, 3262.80053711, 1577.20397949, 1237.84729004, 522.638549805, 373.626586914, 334.68270874, 252.591873169, 229.523040771, 444.152313232, 210.226242065, 214.636352539, 36.3653411865, 31.7826099396, 26.9171829224, 21.4947948456, 11.3095226288, 10.6575059891, 3.77561187744, 1.84351563454, 2.58511018753, 1.80243384838, 0.745505869389, 0.738440752029, 0.0806050151587, 0.0233904384077, 0.000632178620435, 8.13104747976e-07]
    },
    "gfcc": {
        "mean": [-34.1662101746, 108.319587708, -94.386428833, 12.7137241364, -47.4053840637, 6.70830821991, -27.3428287506, 15.3541593552, -16.125289917, 2.45224261284, -17.5864753723, 2.90831828117, -10.0424633026],
        "cov": [[17859.8515625, -1646.80004883, -161.105514526, 249.760635376, -207.404647827, 438.390716553, -504.058746338, 293.314544678, -544.904846191, 192.92036438, -521.470825195, 320.365783691, -366.63269043], [-1646.80004883, 2019.62780762, -180.954345703, 195.52154541, 160.544876099, -192.837677002, 117.032600403, -176.770370483, 60.6568717957, -144.98739624, 193.330001831, -93.8333587646, 162.458526611], [-161.105514526, -180.954345703, 1089.65808105, 41.4645767212, 175.480331421, 182.233657837, 0.419967204332, 18.1157608032, -30.3602142334, 42.3249320984, 15.2909851074, 124.335205078, 25.0317325592], [249.760635376, 195.52154541, 41.4645767212, 255.041748047, 69.9925613403, 71.2026672363, 38.1303367615, 30.8196601868, 7.66046237946, 2.20212435722, 1.38047075272, -11.20262146, 29.2349033356], [-207.404647827, 160.544876099, 175.480331421, 69.9925613403, 272.837463379, 51.3915023804, 122.651161194, 24.9999580383, 61.4975624084, 1.40604805946, 34.0958786011, -1.89832282066, 11.4998197556], [438.390716553, -192.837677002, 182.233657837, 71.2026672363, 51.3915023804, 230.276596069, 44.8067932129, 91.3914413452, 0.770834803581, 42.1754493713, -35.4781494141, 38.278755188, -3.90076208115], [-504.058746338, 117.032600403, 0.419967204332, 38.1303367615, 122.651161194, 44.8067932129, 222.240936279, 54.7619094849, 81.0705490112, 3.64005422592, 28.1662044525, -26.6732826233, 29.9740810394], [293.314544678, -176.770370483, 18.1157608032, 30.8196601868, 24.9999580383, 91.3914413452, 54.7619094849, 181.025222778, 63.4151039124, 40.863483429, -27.2360191345, 9.28579902649, -12.0636024475], [-544.904846191, 60.6568717957, -30.3602142334, 7.66046237946, 61.4975624084, 0.770834803581, 81.0705490112, 63.4151039124, 197.975646973, 58.9134788513, 33.8092041016, -45.3701171875, 6.68714284897], [192.92036438, -144.98739624, 42.3249320984, 2.20212435722, 1.40604805946, 42.1754493713, 3.64005422592, 40.863483429, 58.9134788513, 149.534103394, 31.8484554291, 0.831067919731, -28.6554794312], [-521.470825195, 193.330001831, 15.2909851074, 1.38047075272, 34.0958786011, -35.4781494141, 28.1662044525, -27.2360191345, 33.8092041016, 31.8484554291, 156.604507446, 28.8977718353, 22.1954536438], [320.365783691, -93.8333587646, 124.335205078, -11.20262146, -1.89832282066, 38.278755188, -26.6732826233, 9.28579902649, -45.3701171875, 0.831067919731, 28.8977718353, 147.130187988, 38.7023887634], [-366.63269043, 162.458526611, 25.0317325592, 29.2349033356, 11.4998197556, -3.90076208115, 29.9740810394, -12.0636024475, 6.68714284897, -28.6554794312, 22.1954536438, 38.7023887634, 127.675376892]],
        "icov": [[8.94478580449e-05, 1.95928782887e-06, 7.4446616054e-05, -0.000119061558507, -8.59880674398e-05, -2.96448051813e-05, 0.000131211345433, -0.000102291356598, 0.000209617559449, -0.000197705609025, 0.000274955120403, -0.000272920995485, 0.000212981933146], [1.95928782887e-06, 0.000933951348998, 8.53527599247e-05, -0.000675571674947, -0.00033553657704, 0.000360208709026, -1.80683728104e-05, 0.000524562783539, -0.00016926076205, 0.000778628163971, -0.00103603280149, 0.00068939832272, -0.000795025553089], [7.4446616054e-05, 8.53527599247e-05, 0.0013979987707, 3.8620277337e-05, -0.00112393090967, -0.000944519531913, 0.00064067391213, 0.000313604134135, 0.000268223055173, -0.00038855735329, 0.000172639163793, -0.000884015287738, -8.9454355475e-05], [-0.000119061558507, -0.000675571674947, 3.8620277337e-05, 0.00557000748813, -0.000930783280637, -0.00187943491619, 0.00039480580017, -0.000762780138757, 0.000528414268047, -0.000307099282509, -0.000150607913383, 0.00137680431362, -0.00139137648512], [-8.59880674398e-05, -0.00033553657704, -0.00112393090967, -0.000930783280637, 0.00650845561177, -0.000180629314855, -0.00316704087891, 0.000553451478481, -0.00149254244752, 0.000992119545117, -0.000551271834411, -0.000329182774294, 0.00131404772401], [-2.96448051813e-05, 0.000360208709026, -0.000944519531913, -0.00187943491619, -0.000180629314855, 0.00813986174762, -0.0016361012822, -0.00247564888559, 0.00112701812759, -0.00164333474822, 0.0016217075754, -0.00131944252644, 0.000177391702891], [0.000131211345433, -1.80683728104e-05, 0.00064067391213, 0.00039480580017, -0.00316704087891, -0.0016361012822, 0.00811492558569, -0.00170795433223, -0.000947064603679, 0.00063067447627, -0.00100091146305, 0.00151420547627, -0.00174131430686], [-0.000102291356598, 0.000524562783539, 0.000313604134135, -0.000762780138757, 0.000553451478481, -0.00247564888559, -0.00170795433223, 0.00951279513538, -0.00343561568297, -5.12254773639e-05, 0.00119401502889, -0.00151456915773, 0.00074627099093], [0.000209617559449, -0.00016926076205, 0.000268223055173, 0.000528414268047, -0.00149254244752, 0.00112701812759, -0.000947064603679, -0.00343561568297, 0.00941408053041, -0.00371143501252, -0.000503284973092, 0.00232936115935, -0.00123436085414], [-0.000197705609025, 0.000778628163971, -0.00038855735329, -0.000307099282509, 0.000992119545117, -0.00164333474822, 0.00063067447627, -5.12254773639e-05, -0.00371143501252, 0.010840495117, -0.00407090457156, 0.00103759148624, 0.00131614762358], [0.000274955120403, -0.00103603280149, 0.000172639163793, -0.000150607913383, -0.000551271834411, 0.0016217075754, -0.00100091146305, 0.00119401502889, -0.000503284973092, -0.00407090457156, 0.0110809057951, -0.00471966201439, 0.00117251009215], [-0.000272920995485, 0.00068939832272, -0.000884015287738, 0.00137680431362, -0.000329182774294, -0.00131944252644, 0.00151420547627, -0.00151456915773, 0.00232936115935, 0.00103759148624, -0.00471966201439, 0.0123815732077, -0.00513401720673], [0.000212981933146, -0.000795025553089, -8.9454355475e-05, -0.00139137648512, 0.00131404772401, 0.000177391702891, -0.00174131430686, 0.00074627099093, -0.00123436085414, 0.00131614762358, 0.00117251009215, -0.00513401720673, 0.0118705891073]]
    },
    "melbands": {
        "dmean": [0.00462609808892, 0.00131957989652, 0.000473939377116, 0.000279890547972, 0.00024632376153, 0.000181649127626, 0.000123322941363, 7.02273537172e-05, 0.000164338256582, 9.73913847702e-05, 9.5907409559e-05, 4.1582112317e-05, 2.66216975433e-05, 1.86240340554e-05, 2.49264139711e-05, 1.48916642502e-05, 1.61335301527e-05, 1.02137992144e-05, 1.19938476928e-05, 1.0111296433e-05, 7.29608791517e-06, 1.04049813672e-05, 4.48005539511e-06, 3.71041551261e-06, 4.90079810334e-06, 1.62501737577e-06, 1.65099152127e-06, 1.37642803111e-06, 1.15259308586e-06, 1.11314489004e-06, 6.7094924816e-07, 6.95300343523e-07, 5.49943592887e-07, 5.70095664898e-07, 4.56187024156e-07, 4.21440091714e-07, 3.46645208538e-07, 4.33411941003e-07, 5.09597498421e-07, 4.50681312714e-07],
        "dmean2": [0.00688309548423, 0.00208107242361, 0.000797852757387, 0.000440337287728, 0.000401626166422, 0.000302675121929, 0.000185952463653, 0.000100746940007, 0.000227169177379, 0.000123393183458, 0.000123506630189, 5.57803832635e-05, 3.85954554076e-05, 2.83983008558e-05, 3.92111614929e-05, 2.29279430641e-05, 2.60815540969e-05, 1.6127820345e-05, 1.87023433682e-05, 1.68116548593e-05, 1.15762568385e-05, 1.68144688359e-05, 7.51375864638e-06, 6.2232570599e-06, 8.45911927172e-06, 2.65603466687e-06, 2.7489970762e-06, 2.33982609643e-06, 1.93561936612e-06, 1.83940824172e-06, 1.11554220439e-06, 1.10891949134e-06, 8.83946029262e-07, 9.3025340675e-07, 7.63876187193e-07, 6.75308285736e-07, 5.5446088254e-07, 7.11838140433e-07, 8.71521024237e-07, 7.47296553527e-07],
        "dvar": [0.00024345847487, 1.25389206005e-05, 2.15351383304e-06, 4.02896546348e-07, 2.75560580576e-07, 1.41420571254e-07, 9.6061540944e-08, 2.30580976535e-08, 1.08017907507e-07, 4.04868387704e-08, 3.62177381419e-08, 7.73143504773e-09, 4.14620560107e-09, 2.31232100134e-09, 4.29005053704e-09, 1.67701785792e-09, 1.07058262255e-09, 4.48190540236e-10, 6.8216349236e-10, 4.37785974139e-10, 2.07311154354e-10, 3.86278176112e-10, 8.30481378111e-11, 5.30334144655e-11, 1.24792343126e-10, 1.49089438711e-11, 1.7513306777e-11, 1.05759697874e-11, 6.75055714452e-12, 9.5880846665e-12, 3.06628420571e-12, 2.90598990184e-12, 1.64294955678e-12, 2.10779896141e-12, 1.48864492781e-12, 9.81592845201e-13, 6.23308479483e-13, 1.36596615095e-12, 1.9962020318e-12, 1.61112984932e-12],
        "dvar2": [0.00059400300961, 3.11580515699e-05, 6.03749231232e-06, 9.80105710369e-07, 7.58992143801e-07, 4.05501083378e-07, 2.04777180102e-07, 5.05319448507e-08, 2.35611778976e-07, 6.16429431943e-08, 6.30169765259e-08, 1.32275612685e-08, 8.41429237397e-09, 5.29465582488e-09, 1.026469576e-08, 3.72123776238e-09, 2.69251221319e-09, 1.10084696914e-09, 1.590798826e-09, 1.1835358249e-09, 5.01953700827e-10, 1.00518338098e-09, 2.29153029885e-10, 1.48374104669e-10, 3.78233999676e-10, 4.19934191587e-11, 4.95335994444e-11, 3.20146825716e-11, 1.91058557863e-11, 2.70486411047e-11, 8.46021083051e-12, 6.87971424621e-12, 3.97887842465e-12, 5.07558231555e-12, 3.89670934409e-12, 2.44145068745e-12, 1.47953708746e-12, 3.43721036876e-12, 5.24894580925e-12, 4.13257145518e-12],
        "max": [0.184487402439, 0.0736788883805, 0.0497160702944, 0.0210010781884, 0.00849490612745, 0.00767870107666, 0.0185997392982, 0.00428399117664, 0.00676573859528, 0.0098117981106, 0.00474014645442, 0.00364207103848, 0.00216142088175, 0.0022362654563, 0.00169757544063, 0.0010017688619, 0.000637012941297, 0.000499482615851, 0.000598502985667, 0.000306153960992, 0.000324028835166, 0.000292082171654, 0.000185997923836, 0.0001270656212, 0.000229547702475, 6.77132629789e-05, 8.19384877104e-05, 6.97804935044e-05, 5.1808085118e-05, 7.32000844437e-05, 2.95100508083e-05, 4.68082616862e-05, 2.18159839278e-05, 3.1613108149e-05, 1.75278255483e-05, 1.47716000356e-05, 1.3191312064e-05, 2.1735950213e-05, 1.26209215523e-05, 1.23351455841e-05],
        "mean": [0.00716027710587, 0.00284951482899, 0.00134453061037, 0.000755730376113, 0.000615775759798, 0.000444236356998, 0.000380369456252, 0.000194761072635, 0.000479170819744, 0.00029456516495, 0.000287981907604, 0.000119881857245, 6.10409333603e-05, 4.01399083785e-05, 4.31881126133e-05, 2.34059370996e-05, 2.43289869104e-05, 1.78923310159e-05, 2.13016155612e-05, 1.53495657287e-05, 1.19142914627e-05, 1.77009915205e-05, 7.47020794734e-06, 6.29984606348e-06, 7.52275764171e-06, 2.71001181318e-06, 2.77940807791e-06, 2.3389643502e-06, 1.88981209703e-06, 1.99774854082e-06, 9.44200394315e-07, 9.98059476842e-07, 8.17734701286e-07, 8.18216562948e-07, 5.34411185527e-07, 5.27843099007e-07, 4.49580539907e-07, 4.5956275585e-07, 4.92337164815e-07, 4.31671395518e-07],
        "median": [0.000647946435492, 0.000763167045079, 0.000345127045875, 0.000258358311839, 0.000246451905696, 0.000205299977097, 8.12432845123e-05, 6.26948749414e-05, 0.000123064222862, 8.74005854712e-05, 7.41042313166e-05, 3.14611170324e-05, 1.80948627531e-05, 1.44283594636e-05, 1.40594556797e-05, 4.58292015537e-06, 8.54444624565e-06, 7.89280238678e-06, 5.5783721109e-06, 3.76147659154e-06, 4.01222359869e-06, 5.90747595197e-06, 2.89647346108e-06, 2.74003241429e-06, 2.31070498558e-06, 1.11932297386e-06, 9.87908947536e-07, 8.73035105542e-07, 7.12525320523e-07, 6.1355632397e-07, 3.4303150187e-07, 3.53586926849e-07, 3.32116457002e-07, 2.94407925594e-07, 1.65286934362e-07, 1.87132769724e-07, 1.82768175705e-07, 1.3391850473e-07, 9.36628126169e-08, 8.52008099628e-08],
        "min": [1.65389027515e-24, 1.92297151878e-24, 1.32589088405e-24, 1.51036334433e-24, 1.80683088036e-24, 1.21231670598e-24, 1.52769146297e-24, 3.15058009619e-24, 2.87139965803e-24, 2.52726717395e-24, 2.24327428985e-24, 3.22199567394e-24, 3.03971121799e-24, 3.25933620767e-24, 4.24102193383e-24, 3.97965456656e-24, 3.6519794959e-24, 4.34462066993e-24, 4.52908080426e-24, 4.57005502854e-24, 3.53860598432e-24, 4.44585440104e-24, 4.7498139463e-24, 3.57730158388e-24, 5.03912947215e-24, 4.29199930882e-24, 4.64740362915e-24, 3.88244718151e-24, 4.26542337378e-24, 5.74075222202e-24, 5.58549650726e-24, 4.28096906121e-24, 5.64012749153e-24, 5.31589067113e-24, 5.33707237529e-24, 4.65784025893e-24, 6.50578795018e-24, 6.716679658e-24, 6.79667094265e-24, 6.22621130663e-24],
        "var": [0.000357454409823, 2.84221441689e-05, 8.63334389578e-06, 1.67108305504e-06, 8.15318458081e-07, 4.20668470724e-07, 1.15353009278e-06, 1.16440197928e-07, 6.93683432473e-07, 3.13923749218e-07, 2.79280897075e-07, 5.84910537782e-08, 1.76280625652e-08, 7.15791914629e-09, 8.91772966582e-09, 3.60353813456e-09, 1.74680270248e-09, 8.66623717233e-10, 1.73976788531e-09, 8.40961245085e-10, 3.99290822628e-10, 7.73250241615e-10, 1.41208281179e-10, 8.93222162901e-11, 1.91031399033e-10, 2.5866952677e-11, 3.48006831685e-11, 2.32068357586e-11, 1.23136639774e-11, 2.47209249599e-11, 4.33070853484e-12, 4.99349736907e-12, 2.42067021809e-12, 3.36225448525e-12, 1.330426329e-12, 1.00835908633e-12, 6.67796167756e-13, 1.18285069239e-12, 1.52045379325e-12, 1.28919000041e-12]
    },
    "mfcc": {
        "mean": [-688.12689209, 150.076507568, 10.223649025, 18.1937236786, 3.38264632225, -1.31367361546, 0.256142258644, 9.04690933228, 6.22414112091, 4.56847047806, 1.17306447029, 0.438574880362, -3.81693816185],
        "cov": [[9820.28125, -849.877258301, -300.152954102, 126.786979675, 93.9759521484, 178.084121704, 7.2792634964, 66.2987060547, 44.9666519165, -130.921554565, -54.0956420898, -94.6511993408, -28.0337333679], [-849.877258301, 1488.8951416, 59.8640670776, 258.260375977, 112.77355957, 60.0250358582, 85.248878479, -4.87967538834, -84.634147644, -61.3658065796, -78.151512146, 6.47102737427, 18.6731395721], [-300.152954102, 59.8640670776, 630.531311035, 30.5010738373, 139.255859375, 91.479095459, 52.0701828003, 32.646446228, 1.78894162178, -11.6012487411, -6.07588434219, -23.5357341766, 21.5147628784], [126.786979675, 258.260375977, 30.5010738373, 233.123214722, 69.2072067261, 52.7974433899, 52.1900405884, 19.6934833527, 19.2797851562, 10.3991889954, -4.48609733582, 12.1514148712, 7.90413951874], [93.9759521484, 112.77355957, 139.255859375, 69.2072067261, 174.359329224, 59.0450439453, 28.6612796783, 35.2793807983, 11.2241668701, 19.1914234161, 19.6632289886, 11.5521373749, 19.5625553131], [178.084121704, 60.0250358582, 91.479095459, 52.7974433899, 59.0450439453, 152.153717041, 60.1658477783, 28.2787837982, 33.388256073, 15.4418258667, 6.20586872101, 11.1688022614, 5.47038459778], [7.2792634964, 85.248878479, 52.0701828003, 52.1900405884, 28.6612796783, 60.1658477783, 154.185623169, 63.6563453674, 19.2646408081, 9.41084289551, 2.48943638802, 10.7109575272, 3.02742362022], [66.2987060547, -4.87967538834, 32.646446228, 19.6934833527, 35.2793807983, 28.2787837982, 63.6563453674, 157.678710938, 69.5271911621, 13.399058342, 5.1587061882, -2.62821412086, 4.99358129501], [44.9666519165, -84.634147644, 1.78894162178, 19.2797851562, 11.2241668701, 33.388256073, 19.2646408081, 69.5271911621, 168.666885376, 81.2274703979, 21.6931838989, 14.3650026321, 6.02909183502], [-130.921554565, -61.3658065796, -11.6012487411, 10.3991889954, 19.1914234161, 15.4418258667, 9.41084289551, 13.399058342, 81.2274703979, 175.766586304, 83.2655944824, 20.5046405792, 6.91966104507], [-54.0956420898, -78.151512146, -6.07588434219, -4.48609733582, 19.6632289886, 6.20586872101, 2.48943638802, 5.1587061882, 21.6931838989, 83.2655944824, 163.885284424, 54.0520324707, -5.885866642], [-94.6511993408, 6.47102737427, -23.5357341766, 12.1514148712, 11.5521373749, 11.1688022614, 10.7109575272, -2.62821412086, 14.3650026321, 20.5046405792, 54.0520324707, 137.055679321, 37.414604187], [-28.0337333679, 18.6731395721, 21.5147628784, 7.90413951874, 19.5625553131, 5.47038459778, 3.02742362022, 4.99358129501, 6.02909183502, 6.91966104507, -5.885866642, 37.414604187, 125.621490479]],
