{
"lowlevel": {
    "average_loudness": 0.92254447937,
    "barkbands_crest": {
        "dmean": 2.92970466614,
        "dmean2": 4.68231201172,
        "dvar": 7.74573469162,
        "dvar2": 17.3451747894,
        "max": 25.1358890533,
        "mean": 10.3984851837,
        "median": 9.33572101593,
        "min": 2.13115286827,
        "var": 22.4506797791
    },
    "barkbands_flatness_db": {
        "dmean": 0.0237425155938,
        "dmean2": 0.0371906422079,
        "dvar": 0.000526591553353,
        "dvar2": 0.00128759094514,
        "max": 0.372574418783,
        "mean": 0.0921425148845,
        "median": 0.084105938673,
        "min": 0.0146862166002,
        "var": 0.00172874401323
    },
    "barkbands_kurtosis": {
        "dmean": 1.58614599705,
        "dmean2": 2.55698490143,
        "dvar": 6.31374740601,
        "dvar2": 16.3078594208,
        "max": 66.8751449585,
        "mean": 1.79425764084,
        "median": 1.01574468613,
        "min": -1.74225401878,
        "var": 9.51165866852
    },
    "barkbands_skewness": {
        "dmean": 0.435481488705,
        "dmean2": 0.682742416859,
        "dvar": 0.188247784972,
        "dvar2": 0.454895764589,
        "max": 7.76806163788,
        "mean": 1.06899404526,
        "median": 1.07768857479,
        "min": -2.2218542099,
        "var": 0.931327819824
    },
    "barkbands_spread": {
        "dmean": 7.64539909363,
        "dmean2": 11.8984165192,
        "dvar": 64.2258834839,
        "dvar2": 152.514328003,
        "max": 96.765411377,
        "mean": 30.7192802429,
        "median": 29.7141342163,
        "min": 2.05115318298,
        "var": 173.672439575
    },
    "dissonance": {
        "dmean": 0.0192190930247,
        "dmean2": 0.031999848783,
        "dvar": 0.000334239564836,
        "dvar2": 0.000899586186279,
        "max": 0.500000119209,
        "mean": 0.463343024254,
        "median": 0.468131899834,
        "min": 0.201316997409,
        "var": 0.000653777620755
    },
    "dynamic_complexity": 3.44587230682,
    "erbbands_crest": {
        "dmean": 3.1817650795,
        "dmean2": 5.14337730408,
        "dvar": 8.55946826935,
        "dvar2": 20.2970428467,
        "max": 32.2882575989,
        "mean": 9.54335212708,
        "median": 8.51825904846,
        "min": 2.38485002518,
        "var": 20.6047668457
    },
    "erbbands_flatness_db": {
        "dmean": 0.0203371848911,
        "dmean2": 0.0310053415596,
        "dvar": 0.000369678047718,
        "dvar2": 0.000837715342641,
        "max": 0.416007459164,
        "mean": 0.121078789234,
        "median": 0.109282873571,
        "min": 0.0379939042032,
        "var": 0.00202550296672
    },
    "erbbands_kurtosis": {
        "dmean": 0.8186429739,
        "dmean2": 1.31037187576,
        "dvar": 0.817881286144,
        "dvar2": 1.9717772007,
        "max": 20.1859493256,
        "mean": 0.647425293922,
        "median": 0.296669483185,
        "min": -1.41404664516,
        "var": 1.78379487991
    },
    "erbbands_skewness": {
        "dmean": 0.319200873375,
        "dmean2": 0.504038512707,
        "dvar": 0.0742634162307,
        "dvar2": 0.184625208378,
        "max": 2.75390148163,
        "mean": 0.385934650898,
        "median": 0.400915503502,
        "min": -2.04866719246,
        "var": 0.311160027981
    },
    "erbbands_spread": {
        "dmean": 7.31432104111,
        "dmean2": 11.3996152878,
        "dvar": 44.590965271,
        "dvar2": 103.282798767,
        "max": 91.408996582,
        "mean": 33.8778266907,
        "median": 33.7359809875,
        "min": 2.72937488556,
        "var": 129.648040771
    },
    "hfc": {
        "dmean": 19.4332351685,
        "dmean2": 30.3766536713,
        "dvar": 667.770568848,
        "dvar2": 1682.45251465,
        "max": 234.451461792,
        "mean": 34.2071990967,
        "median": 25.5434703827,
        "min": 1.0523803358e-16,
        "var": 1106.56848145
    },
    "melbands_crest": {
        "dmean": 3.38501024246,
        "dmean2": 5.3146648407,
        "dvar": 10.700709343,
        "dvar2": 22.1439704895,
        "max": 32.45936203,
        "mean": 14.1606035233,
        "median": 13.4596996307,
        "min": 1.49403607845,
        "var": 37.2998504639
    },
    "melbands_flatness_db": {
        "dmean": 0.0284127295017,
        "dmean2": 0.0444392822683,
        "dvar": 0.000816026993562,
        "dvar2": 0.00188683206216,
        "max": 0.381782352924,
        "mean": 0.160775274038,
        "median": 0.16177764535,
        "min": 0.002946509514,
        "var": 0.00342655391432
    },
    "melbands_kurtosis": {
        "dmean": 4.20688199997,
        "dmean2": 6.80704545975,
        "dvar": 50.139465332,
        "dvar2": 130.485733032,
        "max": 161.515518188,
        "mean": 6.78817081451,
        "median": 4.16082525253,
        "min": -1.70215320587,
        "var": 79.7608261108
    },
    "melbands_skewness": {
        "dmean": 0.632478773594,
        "dmean2": 0.992256999016,
        "dvar": 0.444432109594,
        "dvar2": 1.05103075504,
        "max": 10.8514661789,
        "mean": 1.95161163807,
        "median": 1.72902727127,
        "min": -1.29291677475,
        "var": 1.59170460701
    },
    "melbands_spread": {
        "dmean": 8.10992622375,
        "dmean2": 13.0485143661,
        "dvar": 66.8147964478,
        "dvar2": 163.764877319,
        "max": 172.455795288,
        "mean": 32.5811843872,
        "median": 27.7364597321,
        "min": 1.68405580521,
        "var": 549.373962402
    },
    "pitch_salience": {
        "dmean": 0.0816143080592,
        "dmean2": 0.130108997226,
        "dvar": 0.00545365829021,
        "dvar2": 0.0127365011722,
        "max": 0.946844935417,
        "mean": 0.509950995445,
        "median": 0.510578036308,
        "min": 0.102729938924,
        "var": 0.0163709893823
    },
    "silence_rate_20dB": {
        "dmean": 0,
        "dmean2": 0,
        "dvar": 0,
        "dvar2": 0,
        "max": 1,
        "mean": 1,
        "median": 1,
        "min": 1,
        "var": 0
    },
    "silence_rate_30dB": {
        "dmean": 0.000351710186806,
        "dmean2": 0.000703482248355,
        "dvar": 0.000351609487552,
        "dvar2": 0.00105482048821,
        "max": 1,
        "mean": 0.999824166298,
        "median": 1,
        "min": 0,
        "var": 0.000175804176251
    },
    "silence_rate_60dB": {
        "dmean": 0.016882089898,
        "dmean2": 0.0337671488523,
        "dvar": 0.0166010335088,
        "dvar2": 0.0415864810348,
        "max": 1,
        "mean": 0.0824687853456,
        "median": 0,
        "min": 0,
        "var": 0.0756712704897
    },
    "spectral_centroid": {
        "dmean": 265.32131958,
        "dmean2": 421.765777588,
        "dvar": 66569.328125,
        "dvar2": 164209.078125,
        "max": 11921.4179688,
        "mean": 1914.81506348,
        "median": 1608.33312988,
        "min": 382.514038086,
        "var": 3093914
    },
    "spectral_complexity": {
        "dmean": 6.51050710678,
        "dmean2": 9.54572677612,
        "dvar": 33.9907493591,
        "dvar2": 77.8568496704,
        "max": 51,
        "mean": 20.36627388,
        "median": 20,
        "min": 0,
        "var": 104.606781006
    },
    "spectral_decrease": {
        "dmean": 3.4146774297e-09,
        "dmean2": 5.11439957052e-09,
        "dvar": 1.74160545324e-17,
        "dvar2": 4.17631315179e-17,
        "max": 2.5792583446e-28,
        "mean": -7.00884594806e-09,
        "median": -5.6288040895e-09,
        "min": -3.43089716637e-08,
        "var": 3.4152431299e-17
    },
    "spectral_energy": {
        "dmean": 0.0144062247127,
        "dmean2": 0.0216148700565,
        "dvar": 0.00029211549554,
        "dvar2": 0.000705205020495,
        "max": 0.140945225954,
        "mean": 0.0295556597412,
        "median": 0.0243207849562,
        "min": 9.74908284489e-21,
        "var": 0.00058091362007
    },
    "spectral_energyband_high": {
        "dmean": 0.00118409493007,
        "dmean2": 0.00189954298548,
        "dvar": 3.17072181133e-06,
        "dvar2": 7.97922621132e-06,
        "max": 0.0161760151386,
        "mean": 0.00178636040073,
        "median": 0.00119653856382,
        "min": 6.7813284437e-21,
        "var": 4.2878059503e-06
    },
    "spectral_energyband_low": {
        "dmean": 0.00749417673796,
        "dmean2": 0.0113987876102,
        "dvar": 0.00010899091285,
        "dvar2": 0.000255130551523,
        "max": 0.0788494646549,
        "mean": 0.0125078586861,
        "median": 0.00474208500236,
        "min": 1.35544636644e-23,
        "var": 0.000225438474445
    },
    "spectral_energyband_middle_high": {
        "dmean": 0.00378235196695,
        "dmean2": 0.00582941807806,
        "dvar": 1.97366152861e-05,
        "dvar2": 4.71056882816e-05,
        "max": 0.0530655272305,
        "mean": 0.00770010706037,
        "median": 0.00581999309361,
        "min": 1.10675493685e-21,
        "var": 4.81758288515e-05
    },
    "spectral_energyband_middle_low": {
        "dmean": 0.00442824792117,
        "dmean2": 0.00689868815243,
        "dvar": 3.41575105267e-05,
        "dvar2": 7.89224359323e-05,
        "max": 0.0673095956445,
        "mean": 0.00791662652045,
        "median": 0.00578432017937,
        "min": 1.48542192909e-22,
        "var": 5.23784110555e-05
    },
    "spectral_entropy": {
        "dmean": 0.21386860311,
        "dmean2": 0.3289283216,
        "dvar": 0.0426409170032,
        "dvar2": 0.103148758411,
        "max": 9.82886314392,
        "mean": 7.83949565887,
        "median": 7.86604690552,
        "min": 5.07590961456,
        "var": 0.283758759499
    },
    "spectral_flux": {
        "dmean": 0.0328574478626,
        "dmean2": 0.0525639019907,
        "dvar": 0.00124444626272,
        "dvar2": 0.00325434142724,
        "max": 0.301187515259,
        "mean": 0.0925283282995,
        "median": 0.0892713069916,
        "min": 6.29395494056e-11,
        "var": 0.00284907082096
    },
    "spectral_kurtosis": {
        "dmean": 1.14701855183,
        "dmean2": 1.86379516125,
        "dvar": 2.10201573372,
        "dvar2": 5.72983551025,
        "max": 25.4002170563,
        "mean": 4.65570783615,
        "median": 4.37512350082,
        "min": -1.27656769753,
        "var": 5.84532356262
    },
    "spectral_rms": {
        "dmean": 0.001200202154,
        "dmean2": 0.00176511378959,
        "dvar": 1.49704044361e-06,
        "dvar2": 3.58542160939e-06,
        "max": 0.0117263607681,
        "mean": 0.00483154971153,
        "median": 0.004871097859,
        "min": 3.08403975101e-12,
        "var": 5.49104834136e-06
    },
    "spectral_rolloff": {
        "dmean": 822.977661133,
        "dmean2": 1392.49328613,
        "dvar": 2379094,
        "dvar2": 5794533,
        "max": 19853.6132812,
        "mean": 2484.45849609,
        "median": 1571.92382812,
        "min": 64.599609375,
        "var": 11874900
    },
    "spectral_skewness": {
        "dmean": 0.169268608093,
        "dmean2": 0.269778043032,
        "dvar": 0.0288065951318,
        "dvar2": 0.071225643158,
        "max": 3.67385029793,
        "mean": 1.66373515129,
        "median": 1.69733190536,
        "min": -0.120717048645,
        "var": 0.177469849586
    },
    "spectral_spread": {
        "dmean": 730063,
        "dmean2": 1088564.875,
        "dvar": 721081466880,
        "dvar2": 1.51975113523e+12,
        "max": 42995084,
        "mean": 6690410,
        "median": 5680917,
        "min": 1707033.625,
        "var": 4.14819433841e+13
    },
    "spectral_strongpeak": {
        "dmean": 0.608097732067,
        "dmean2": 1.03810095787,
        "dvar": 1.33392798901,
        "dvar2": 3.37701702118,
        "max": 12.2291498184,
        "mean": 0.911973953247,
        "median": 0.422486782074,
        "min": 0,
        "var": 1.66130304337
    },
    "zerocrossingrate": {
        "dmean": 0.017044076696,
        "dmean2": 0.0212651807815,
        "dvar": 0.000335736956913,
        "dvar2": 0.000472177256597,
        "max": 0.67041015625,
        "mean": 0.101864852011,
        "median": 0.0859375,
        "min": 0.01220703125,
        "var": 0.00730805238709
    },
    "barkbands": {
        "dmean": [0.00018574904243, 0.00687456130981, 0.00141502555925, 0.00067932222737, 0.0015711026499, 0.000608868664131, 0.00127291644458, 0.000876086764038, 0.000915158889256, 0.00102251127828, 0.000687818625011, 0.000504864146933, 0.000819575681817, 0.000403540034313, 0.000693823501933, 0.000362461258192, 0.000510284968186, 0.000233743354329, 0.000277291110251, 0.000152476190124, 0.000171696243342, 0.00015384494327, 0.000145479760249, 0.000150024789036, 0.000168523431057, 0.000202884330065, 0.000238983091549],
        "dmean2": [0.000312950462103, 0.0104748159647, 0.00242277863435, 0.00120314781088, 0.00275484938174, 0.000985274557024, 0.00196212576702, 0.00142089033034, 0.00144669646397, 0.00164137978572, 0.00110540888272, 0.000803829694632, 0.00130298477598, 0.00066876411438, 0.00109209376387, 0.000576779362746, 0.000806174590252, 0.000382608908694, 0.000466061523184, 0.00025214246125, 0.000281882705167, 0.000251206103712, 0.000233122045756, 0.000241321802605, 0.00027222832432, 0.000331299350364, 0.000397009396693],
        "dvar": [8.8109572971e-08, 9.71759363892e-05, 5.44732029084e-06, 2.75243246506e-06, 1.24442922242e-05, 1.63531251474e-06, 4.68740927317e-06, 2.37017502513e-06, 3.06867218569e-06, 3.20608455695e-06, 1.43885449688e-06, 8.75960949998e-07, 2.0537599994e-06, 4.29727236906e-07, 1.52849725055e-06, 5.54518805984e-07, 1.11937163183e-06, 2.62469569634e-07, 4.10324815903e-07, 5.3508827591e-08, 6.32596979244e-08, 5.1192550643e-08, 4.7724686425e-08, 5.83845718438e-08, 9.32412618226e-08, 1.44958647752e-07, 2.00380114279e-07],
        "dvar2": [2.3438198582e-07, 0.000229834899073, 1.53016299009e-05, 7.60946704759e-06, 3.4572713048e-05, 4.07506058764e-06, 9.90096032183e-06, 5.41235203855e-06, 6.74357079333e-06, 7.76286378823e-06, 3.32646663992e-06, 1.99664577849e-06, 4.92835988553e-06, 1.06243351183e-06, 3.44658178619e-06, 1.24205678276e-06, 2.65431026492e-06, 6.65667982958e-07, 1.27637724745e-06, 1.47034839415e-07, 1.76252925144e-07, 1.33638550892e-07, 1.18904821989e-07, 1.47445291532e-07, 2.35519308944e-07, 3.67012830793e-07, 5.12909707595e-07],
        "max": [0.00482004694641, 0.0718691051006, 0.0209813471884, 0.0190861858428, 0.0404531098902, 0.0313950143754, 0.0466399081051, 0.0297031458467, 0.041480679065, 0.0381355471909, 0.0271027479321, 0.0257192067802, 0.0360172614455, 0.0170919671655, 0.0205069072545, 0.0158643610775, 0.0160619374365, 0.0119786709547, 0.0147730987519, 0.0053042829968, 0.00422897562385, 0.00343389529735, 0.00388827826828, 0.00261316122487, 0.00387916318141, 0.00393822649494, 0.00469617918134],
        "mean": [0.000222508388106, 0.0103555545211, 0.00169002288021, 0.000566776376218, 0.00161591707729, 0.000892173324246, 0.00204838160425, 0.00117053848226, 0.00136967247818, 0.00157109333668, 0.00102757674176, 0.000656297779642, 0.00113672926091, 0.000477547204355, 0.00101057218853, 0.0004833531857, 0.000699008640368, 0.000290106312605, 0.000379482342396, 0.000213531006011, 0.000244311842835, 0.000215191030293, 0.000196378256078, 0.000218513581785, 0.000249598320806, 0.000279030879028, 0.000275830272585],
        "median": [9.13966796361e-05, 0.00243339501321, 0.000560345069971, 0.000121214412502, 0.000632986775599, 0.000400222634198, 0.000950527202804, 0.00042488204781, 0.00048703228822, 0.000655661453493, 0.000385982973967, 0.000236871477682, 0.000476010347484, 0.000243065383984, 0.000385184423067, 0.000219372392166, 0.000275683356449, 0.000150825391756, 0.000201396993361, 0.00013493699953, 0.000152993336087, 0.000131266715471, 0.000103626196506, 0.000117691350169, 0.000129909371026, 0.000134059577249, 0.000113052847155],
        "min": [5.63048916434e-26, 1.75122565287e-24, 1.54167234619e-25, 3.26429114162e-25, 6.03554599242e-24, 5.13313999838e-24, 5.29683258052e-24, 3.69007713889e-24, 1.3966889612e-23, 1.01012479288e-23, 8.39716953401e-24, 1.74687031237e-23, 1.57121702119e-23, 1.9208950791e-23, 2.19277662118e-23, 3.81915742329e-23, 4.48258628914e-23, 8.69472392315e-23, 9.05295701981e-23, 1.58302194598e-22, 1.95546387905e-22, 3.03416073744e-22, 4.03294800561e-22, 5.0621595563e-22, 8.42264390367e-22, 1.23110627465e-21, 1.87886280933e-21],
        "var": [1.05162961006e-07, 0.000185238211998, 6.64382650939e-06, 1.9377910121e-06, 9.06808600121e-06, 2.4489295356e-06, 1.01024907053e-05, 3.56450050276e-06, 5.5992554735e-06, 6.84953556629e-06, 3.25631094711e-06, 1.70957991941e-06, 3.48906723957e-06, 5.42193561159e-07, 3.13807322527e-06, 8.82472932062e-07, 1.82323822173e-06, 3.09115506525e-07, 5.37132166301e-07, 7.43893906474e-08, 9.26962897552e-08, 7.35216758585e-08, 8.24858048531e-08, 8.70740421988e-08, 1.27827647134e-07, 1.7481850989e-07, 2.05238251283e-07]
    },
    "erbbands": {
        "dmean": [0.172177836299, 1.67161893845, 1.83331036568, 1.7236174345, 3.67625522614, 6.12801074982, 4.09663629532, 5.62988901138, 17.0804023743, 20.7546024323, 14.0877780914, 24.7901496887, 15.7079267502, 34.8910751343, 30.2467079163, 23.7342453003, 38.6585350037, 23.2329940796, 37.455116272, 24.2248039246, 17.8032779694, 21.7259979248, 16.5177021027, 10.4410514832, 14.6509170532, 8.07335758209, 6.39673662186, 6.8498878479, 5.49271869659, 4.67050933838, 4.41663408279, 3.32549786568, 2.39667677879, 1.84119546413, 1.28653633595, 0.790239572525, 0.396594613791, 0.146773666143, 0.0372102074325, 0.00331071252003],
        "dmean2": [0.248017787933, 2.5834338665, 3.18470215797, 2.80279898643, 6.37172794342, 10.9016885757, 7.09883642197, 9.12264537811, 26.0014133453, 33.3372001648, 22.6467456818, 38.8869934082, 25.4534816742, 56.2588768005, 47.9573402405, 36.7671012878, 61.2837219238, 37.967918396, 59.6402282715, 38.0679512024, 27.885345459, 34.224861145, 26.1884307861, 17.0235214233, 24.8629245758, 13.2743530273, 10.428445816, 11.5068836212, 9.04853820801, 7.53002977371, 7.09707641602, 5.3359208107, 3.88078904152, 2.95499777794, 2.08007407188, 1.28179526329, 0.644022941589, 0.240764886141, 0.0617525875568, 0.00551835121587],
        "dvar": [0.0561316534877, 6.1375875473, 9.0449886322, 12.8631505966, 64.143913269, 209.052581787, 72.9693984985, 139.214630127, 1014.53466797, 1216.30102539, 580.800292969, 2311.57226562, 796.789428711, 4100.99072266, 2825.63110352, 1937.35864258, 4477.90820312, 1375.85546875, 5091.06738281, 1893.91748047, 1082.47094727, 1785.20776367, 1110.88195801, 293.509460449, 1583.51000977, 153.196472168, 81.926940918, 122.548439026, 67.4506759644, 46.9752044678, 50.1121368408, 28.7766971588, 16.2918777466, 10.668592453, 5.54346418381, 2.17325854301, 0.543242454529, 0.0717538520694, 0.0049703461118, 4.31364314863e-05],
        "dvar2": [0.119571968913, 14.8572416306, 25.4985771179, 32.5280265808, 174.360595703, 589.520874023, 197.579360962, 359.56930542, 2125.17456055, 2890.26098633, 1283.33837891, 5029.03808594, 2002.32556152, 10017.8359375, 6384.90869141, 4344.53027344, 10648.6230469, 3432.37524414, 11626.1621094, 4293.36914062, 2409.54614258, 4239.67919922, 2708.31176758, 761.13684082, 4971.69384766, 419.677764893, 216.215042114, 366.1378479, 182.644668579, 117.730743408, 125.195602417, 72.3207702637, 41.0066184998, 27.0695533752, 13.8236703873, 5.51796770096, 1.3711950779, 0.180624857545, 0.0127550503239, 0.00011129413906],
        "max": [2.11447119713, 16.0110645294, 25.2763462067, 38.1178283691, 98.8972320557, 164.593002319, 131.863037109, 275.028747559, 714.384399414, 490.204071045, 458.98059082, 1138.02722168, 823.180480957, 1431.18359375, 1318.01428223, 1257.11340332, 1760.36364746, 885.456237793, 1178.3894043, 956.861755371, 653.538208008, 846.571777344, 841.931762695, 534.084960938, 962.843566895, 339.740722656, 160.923095703, 231.60723877, 147.16809082, 126.083480835, 159.945266724, 87.2764816284, 47.0313568115, 36.6423606873, 33.0987052917, 16.8746318817, 11.2700490952, 3.47047162056, 0.704391539097, 0.0814694166183],
        "mean": [0.298569887877, 2.29400801659, 2.55883216858, 1.82526469231, 3.81770157814, 5.97766971588, 4.8829164505, 8.53735351562, 28.0211868286, 30.1622810364, 21.1125144958, 37.7079467773, 23.9343681335, 55.410282135, 48.0160293579, 34.8074455261, 55.0165939331, 29.9417476654, 53.2340698242, 35.1027679443, 25.3372497559, 30.5499916077, 23.1063041687, 15.060590744, 19.480222702, 11.6656341553, 9.02877426147, 9.77972412109, 7.72638893127, 6.31138944626, 6.25566053391, 4.67684841156, 3.23727154732, 2.63901782036, 1.78515124321, 1.09763491154, 0.559303224087, 0.192106887698, 0.0412422567606, 0.00348404655233],
        "median": [0.0717018544674, 0.53940308094, 1.07641911507, 0.62804210186, 1.53146028519, 2.01121997833, 2.18637752533, 4.34934425354, 12.0720863342, 15.2256317139, 10.6150255203, 13.4673938751, 13.6806316376, 22.067691803, 20.6825428009, 15.0801467896, 23.8209152222, 17.2706375122, 20.1034450531, 17.2388114929, 12.5396118164, 13.7349376678, 11.1449298859, 9.77763175964, 9.35518169403, 7.38535022736, 5.72345733643, 5.79628515244, 4.70943164825, 3.82765126228, 3.16344022751, 2.25816869736, 1.69632101059, 1.33486998081, 0.878814697266, 0.502732753754, 0.2422195822, 0.0826273858547, 0.0164551530033, 0.00129688938614],
        "min": [6.72908134029e-23, 4.90111126747e-22, 1.24571734176e-21, 3.12652784236e-21, 5.533270823e-21, 1.73332417719e-20, 3.51720783061e-20, 5.28189620862e-20, 1.04172011493e-19, 1.31120198757e-19, 2.01611832625e-19, 3.70256304388e-19, 3.1556379437e-19, 4.82170765189e-19, 7.66664544228e-19, 8.90020386315e-19, 1.19864126606e-18, 1.4496853087e-18, 1.46553750135e-18, 2.7652290122e-18, 2.78021462977e-18, 3.26092526608e-18, 4.39290601113e-18, 5.35969651311e-18, 5.57924058744e-18, 7.72621764583e-18, 7.1201382751e-18, 9.1393647325e-18, 1.09906015608e-17, 1.00286773624e-17, 1.19979900873e-17, 9.63255462913e-18, 8.16669793945e-18, 7.65935746409e-18, 5.72968695648e-18, 3.80396747707e-18, 2.32887883137e-18, 9.58114928316e-19, 2.41689043496e-19, 2.68644465359e-20],
        "var": [0.149566724896, 9.96359348297, 11.8211927414, 11.941532135, 49.2105407715, 145.469116211, 69.7064971924, 196.088409424, 2229.39379883, 1754.92089844, 934.496398926, 4258.36767578, 1165.89599609, 9059.19335938, 6524.02587891, 4138.453125, 7840.42431641, 1772.4342041, 9513.26757812, 3525.62890625, 1864.60827637, 2886.09619141, 1761.99731445, 424.596405029, 1980.33825684, 215.821105957, 118.260856628, 177.838531494, 97.398109436, 64.1487579346, 103.164718628, 49.9742050171, 20.4643955231, 14.7176370621, 7.27841043472, 2.7483997345, 0.755177736282, 0.0923263505101, 0.0048530981876, 3.99824530177e-05]
    },
    "gfcc": {
        "mean": [-6.59483242035, 51.3778572083, -97.885925293, 8.23072147369, -40.4402580261, 12.5081806183, -22.9154243469, 10.5210523605, -12.8057851791, 8.08674240112, -10.014673233, 3.58298945427, -10.9850959778],
        "cov": [[58210.3945312, 141.916946411, -2228.40527344, -318.728790283, -1470.05505371, 1044.57446289, -457.56842041, 567.102783203, -510.343261719, 497.797149658, -579.548461914, 407.520233154, -426.618164062], [141.916946411, 1521.99414062, -571.706604004, 331.690307617, -221.784240723, 21.3704853058, -26.2183551788, -2.01395750046, -1.72924804688, -6.8000869751, 59.6727294922, -15.804274559, 35.2501602173], [-2228.40527344, -571.706604004, 879.514282227, -86.6277999878, 300.625946045, 64.3463516235, 162.748657227, 23.5178909302, 60.6727561951, 26.7950134277, 19.3801345825, 39.3050498962, 38.6032371521], [-318.728790283, 331.690307617, -86.6277999878, 318.365203857, 39.0690040588, 71.5207824707, 19.4199523926, 53.2240982056, 24.7587356567, 2.42360782623, 12.9652662277, -0.27763941884, -0.463696777821], [-1470.05505371, -221.784240723, 300.625946045, 39.0690040588, 254.421676636, 36.9361610413, 72.6985931396, 20.0617465973, 47.4694900513, 3.63745546341, 14.4188776016, -2.53896975517, 14.5816240311], [1044.57446289, 21.3704853058, 64.3463516235, 71.5207824707, 36.9361610413, 157.930450439, 70.4111404419, 63.6904144287, 7.75388860703, 39.2132530212, -5.28369140625, 29.9587039948, 0.7864844203], [-457.56842041, -26.2183551788, 162.748657227, 19.4199523926, 72.6985931396, 70.4111404419, 140.328948975, 50.4419631958, 45.2618370056, 22.6707038879, 21.8768615723, 21.7970046997, 16.1535892487], [567.102783203, -2.01395750046, 23.5178909302, 53.2240982056, 20.0617465973, 63.6904144287, 50.4419631958, 118.12310791, 44.8309326172, 39.8219833374, 1.34431838989, 26.7107563019, 3.22535824776], [-510.343261719, -1.72924804688, 60.6727561951, 24.7587356567, 47.4694900513, 7.75388860703, 45.2618370056, 44.8309326172, 98.7348251343, 36.9793586731, 27.5607089996, 6.00881528854, 14.2345027924], [497.797149658, -6.8000869751, 26.7950134277, 2.42360782623, 3.63745546341, 39.2132530212, 22.6707038879, 39.8219833374, 36.9793586731, 92.5909500122, 28.2901611328, 26.2895393372, 2.12576818466], [-579.548461914, 59.6727294922, 19.3801345825, 12.9652662277, 14.4188776016, -5.28369140625, 21.8768615723, 1.34431838989, 27.5607089996, 28.2901611328, 82.8428039551, 20.863779068, 8.23942756653], [407.520233154, -15.804274559, 39.3050498962, -0.27763941884, -2.53896975517, 29.9587039948, 21.7970046997, 26.7107563019, 6.00881528854, 26.2895393372, 20.863779068, 77.6172561646, 18.2338180542], [-426.618164062, 35.2501602173, 38.6032371521, -0.463696777821, 14.5816240311, 0.7864844203, 16.1535892487, 3.22535824776, 14.2345027924, 2.12576818466, 8.23942756653, 18.2338180542, 71.6728897095]],
        "icov": [[3.54125768354e-05, 1.00248225863e-05, 6.45297695883e-05, 9.01573293959e-05, 0.000104807877506, -0.000284476176603, 0.000132350483909, -9.55430441536e-05, 5.99710656388e-05, -0.000127607680042, 0.000189801139641, -0.000151839485625, 0.000136635746458], [1.00248225863e-05, 0.00140443840064, 0.000601944571827, -0.00140833319165, 0.00109384860843, -0.000182674353709, -0.000718248193152, 0.000650480797049, -5.27699339727e-05, 2.01412640308e-05, -0.000892882468179, 0.000495260988828, -0.00106577877887], [6.45297695883e-05, 0.000601944571827, 0.00288198050112, 0.000564873684198, -0.00209857244045, -0.000543182482943, -0.00180931924842, 0.000665981904604, 0.00022894940048, -0.000607019406743, 0.000504993309733, -0.00109423033427, -0.000456959503936], [9.01573293959e-05, -0.00140833319165, 0.000564873684198, 0.00611533178017, -0.00222031306475, -0.00306119560264, 0.00193631567527, -0.00227036420256, -0.000643881910946, 0.00130696524866, 6.37822085992e-06, -0.00037780974526, 0.00130017742049], [0.000104807877506, 0.00109384860843, -0.00209857244045, -0.00222031306475, 0.0090758735314, -0.00166632805485, -0.000332593888743, 0.000504019495565, -0.00206089532003, 0.000994016998447, -0.000868327973876, 0.00177155528218, -0.000545138900634], [-0.000284476176603, -0.000182674353709, -0.000543182482943, -0.00306119560264, -0.00166632805485, 0.0152279520407, -0.0067682270892, -0.0022907378152, 0.00444698240608, -0.00410505384207, 0.00202415534295, -0.000954447197728, -0.000281588872895], [0.000132350483909, -0.000718248193152, -0.00180931924842, 0.00193631567527, -0.000332593888743, -0.0067682270892, 0.0152287920937, -0.00325610139407, -0.00383524107747, 0.00261954264715, -0.00228670029901, -0.000459545175545, 4.80628732475e-05], [-9.55430441536e-05, 0.000650480797049, 0.000665981904604, -0.00227036420256, 0.000504019495565, -0.0022907378152, -0.00325610139407, 0.0160971991718, -0.00599787663668, -0.00240534404293, 0.00297404080629, -0.00304185086861, 0.000364560226444], [5.99710656388e-05, -5.27699339727e-05, 0.00022894940048, -0.000643881910946, -0.00206089532003, 0.00444698240608, -0.00383524107747, -0.00599787663668, 0.0186719223857, -0.00611677439883, -0.00232301885262, 0.00267636333592, -0.00218049786054], [-0.000127607680042, 2.01412640308e-05, -0.000607019406743, 0.00130696524866, 0.000994016998447, -0.00410505384207, 0.00261954264715, -0.00240534404293, -0.00611677439883, 0.0184387732297, -0.00597694097087, -0.00163372652605, 0.000697262352332], [0.000189801139641, -0.000892882468179, 0.000504993309733, 6.37822085992e-06, -0.000868327973876, 0.00202415534295, -0.00228670029901, 0.00297404080629, -0.00232301885262, -0.00597694097087, 0.0188841950148, -0.00592140993103, 0.00180708151311], [-0.000151839485625, 0.000495260988828, -0.00109423033427, -0.00037780974526, 0.00177155528218, -0.000954447197728, -0.000459545175545, -0.00304185086861, 0.00267636333592, -0.00163372652605, -0.00592140993103, 0.0191287901253, -0.00533873587847], [0.000136635746458, -0.00106577877887, -0.000456959503936, 0.00130017742049, -0.000545138900634, -0.000281588872895, 4.80628732475e-05, 0.000364560226444, -0.00218049786054, 0.000697262352332, 0.00180708151311, -0.00533873587847, 0.0171938613057]]
    },
    "melbands": {
        "dmean": [0.0018165857764, 0.00132251856849, 0.000320186692988, 0.000378628872568, 0.000167177946423, 0.000122854835354, 0.000261863839114, 0.000224919698667, 0.000123542398796, 0.00014308327809, 8.04370793048e-05, 0.000149786035763, 9.72258276306e-05, 6.62893726258e-05, 7.96782042016e-05, 6.91924578859e-05, 4.3037442083e-05, 5.84941772104e-05, 3.68032960978e-05, 3.39966318279e-05, 2.02603441721e-05, 2.06747881748e-05, 2.91448995995e-05, 9.49889181356e-06, 8.21974845167e-06, 1.33460080178e-05, 6.10550296187e-06, 5.47213358004e-06, 4.05434138884e-06, 3.77381252292e-06, 4.84181146021e-06, 3.37205074175e-06, 2.8186864256e-06, 2.58004592979e-06, 2.92672370961e-06, 2.1539538011e-06, 2.05846254175e-06, 1.74161050381e-06, 1.6391849158e-06, 1.64011419201e-06],
        "dmean2": [0.00270462920889, 0.00216711428948, 0.000507626566105, 0.000655352254398, 0.000294569210382, 0.000198811118025, 0.000398448726628, 0.000362671737093, 0.00019730135682, 0.000225770534598, 0.000131024993607, 0.000241375659243, 0.000155764078954, 0.000103881189716, 0.000126359576825, 0.000109748252726, 7.14284324204e-05, 9.3550515885e-05, 5.85773777857e-05, 5.31331861566e-05, 3.21006773447e-05, 3.25593136949e-05, 4.62020761915e-05, 1.56600217451e-05, 1.34465353767e-05, 2.27474356507e-05, 1.01624937088e-05, 9.08966285351e-06, 6.69559995004e-06, 6.21871186013e-06, 8.34983438835e-06, 5.62173318031e-06, 4.59321290691e-06, 4.19288153353e-06, 4.72963620268e-06, 3.45454009221e-06, 3.29929684995e-06, 2.83256304101e-06, 2.66571532848e-06, 2.609835974e-06],
        "dvar": [6.41453334538e-06, 4.13882480643e-06, 3.88177966215e-07, 6.98668259247e-07, 1.30572118451e-07, 6.45414672817e-08, 2.31533377359e-07, 1.48830622493e-07, 4.28180051415e-08, 7.60438680913e-08, 2.07362198523e-08, 7.98721089268e-08, 2.85203380912e-08, 1.36646383098e-08, 1.73131429193e-08, 1.66047300354e-08, 5.47607514889e-09, 1.24298003001e-08, 3.90788690297e-09, 4.85521001181e-09, 1.80553472173e-09, 1.55206880681e-09, 4.46744330418e-09, 2.8747360048e-10, 2.20513982074e-10, 1.43040257417e-09, 1.8873168306e-10, 7.71641847641e-11, 3.46227144177e-11, 3.65377693379e-11, 8.49250045287e-11, 3.12565633098e-11, 1.83605786824e-11, 1.51674298121e-11, 2.713279601e-11, 1.22350437073e-11, 1.16618078042e-11, 8.49324343494e-12, 8.42106332583e-12, 8.46273572053e-12],
        "dvar2": [1.45339963638e-05, 1.06722400233e-05, 9.28403608214e-07, 1.92250081454e-06, 3.63567437489e-07, 1.63745880855e-07, 4.82365067001e-07, 3.52647930413e-07, 9.47710603327e-08, 1.65549991493e-07, 5.19987004566e-08, 1.94243568785e-07, 6.61693064785e-08, 3.1054945282e-08, 4.13075760264e-08, 4.06802946884e-08, 1.35163080728e-08, 2.86051786702e-08, 8.98932750459e-09, 1.08271569488e-08, 4.0355252473e-09, 3.61354057787e-09, 1.06843760506e-08, 7.36367189447e-10, 5.70324010241e-10, 4.43757608437e-09, 5.05767372427e-10, 2.15876636012e-10, 9.22682485971e-11, 1.02707398142e-10, 2.68732702757e-10, 8.88637496921e-11, 4.71770018884e-11, 3.79793627103e-11, 6.82964518273e-11, 3.09755589234e-11, 2.89328526415e-11, 2.14902731027e-11, 2.14227715428e-11, 2.12638049529e-11],
        "max": [0.019530588761, 0.0150482337922, 0.00713990582153, 0.0102397175506, 0.00417923275381, 0.00602298323065, 0.0108673665673, 0.00642211735249, 0.00343060167506, 0.00643973704427, 0.00403999630362, 0.00631518755108, 0.00375771638937, 0.00283486023545, 0.00335301016457, 0.00469177542254, 0.0019790737424, 0.00187360355631, 0.00104335520882, 0.00150465965271, 0.00106079119723, 0.000746139674447, 0.00102001137566, 0.000423061021138, 0.000502038921695, 0.000874935649335, 0.000303815410007, 0.000221182956011, 0.000110824257717, 0.000138587784022, 0.000215637352085, 0.000112729692773, 7.97927787062e-05, 5.22670088685e-05, 0.000140471383929, 6.17211844656e-05, 5.7022432884e-05, 3.7691079342e-05, 3.97084186261e-05, 3.74535884475e-05],
        "mean": [0.00287076923996, 0.00197479315102, 0.000363029248547, 0.000398512434913, 0.000186642777408, 0.000183089272468, 0.000429870124208, 0.000319780723657, 0.000186333592865, 0.000215192310861, 0.000116926094051, 0.000232089936617, 0.000148537321365, 9.67531668721e-05, 0.000112134111987, 9.41635880736e-05, 5.04056260979e-05, 8.12802245491e-05, 5.17037915415e-05, 4.72097453894e-05, 2.67448722298e-05, 2.78501265711e-05, 3.92400506826e-05, 1.21002985907e-05, 1.10110486276e-05, 1.70510793396e-05, 8.17588170321e-06, 7.59774366088e-06, 5.50439972358e-06, 4.92816388942e-06, 6.60914565742e-06, 4.58741260445e-06, 3.69517556464e-06, 3.24765892401e-06, 4.1329931264e-06, 2.61850891548e-06, 2.77766639556e-06, 2.26151450988e-06, 2.11539827433e-06, 2.38058714785e-06],
        "median": [0.000653323833831, 0.000750201637857, 0.000139820200275, 0.000153151544509, 8.4023035015e-05, 8.76907433849e-05, 0.000187721743714, 0.000157094502356, 8.60326763359e-05, 7.57394955144e-05, 6.08547597949e-05, 8.20217246655e-05, 5.96620229771e-05, 3.747856681e-05, 4.90477505082e-05, 3.97721050831e-05, 2.45016126428e-05, 3.07181217067e-05, 2.28128228628e-05, 1.97878653125e-05, 1.16808732855e-05, 1.23710615298e-05, 1.39601852425e-05, 6.55028452456e-06, 6.61487138132e-06, 7.3060559771e-06, 4.84347083329e-06, 4.4912139856e-06, 3.43887768395e-06, 2.74874082606e-06, 3.39460120813e-06, 2.59857279161e-06, 2.16716853174e-06, 1.79281335022e-06, 1.7868158011e-06, 1.24466191664e-06, 1.22543019643e-06, 1.05095386971e-06, 9.1935379487e-07, 9.92273044176e-07],
        "min": [8.99824249517e-25, 6.24364325909e-25, 9.34740613689e-25, 4.53600345313e-25, 1.37263138572e-24, 1.23583501615e-24, 1.65616337784e-24, 1.21749508478e-24, 1.57877060102e-24, 2.11192658254e-24, 1.15424125917e-24, 2.10114699549e-24, 1.84713437565e-24, 1.36111372068e-24, 1.78075784415e-24, 2.25212412591e-24, 2.15442291394e-24, 2.20010801833e-24, 1.84444258503e-24, 2.79521975485e-24, 2.5051918876e-24, 2.80194933001e-24, 2.77906999718e-24, 3.99417828469e-24, 3.29098096845e-24, 3.53473504386e-24, 3.76720604174e-24, 3.59337935799e-24, 3.58735048852e-24, 4.64805917257e-24, 4.6822756199e-24, 4.70943215656e-24, 5.0935127541e-24, 4.31693046886e-24, 5.66939738656e-24, 5.02138207394e-24, 5.4214875919e-24, 4.67393183811e-24, 5.22692333267e-24, 5.71272241633e-24],
        "var": [1.40294223456e-05, 6.30690465186e-06, 4.02878725936e-07, 5.38217818757e-07, 1.03993876621e-07, 9.45654932138e-08, 5.13656857493e-07, 2.13227963286e-07, 7.33625213911e-08, 1.3954571898e-07, 3.05974516834e-08, 1.76408121888e-07, 6.45424265144e-08, 2.99203612997e-08, 3.01279037274e-08, 2.63035548898e-08, 6.96738577943e-09, 2.23442953029e-08, 7.18748971451e-09, 8.86174422732e-09, 2.88021673178e-09, 2.45920039887e-09, 7.1874119989e-09, 3.93597432424e-10, 2.9656940792e-10, 1.76143499786e-09, 2.05596678571e-10, 1.08290328094e-10, 4.4844954139e-11, 5.15044951133e-11, 1.18058368637e-10, 4.43988734666e-11, 2.40396990508e-11, 1.91545373313e-11, 6.30797844514e-11, 1.59598341487e-11, 1.93575554891e-11, 1.11063042443e-11, 1.16038316109e-11, 1.42858181881e-11]
    },
    "mfcc": {
        "mean": [-640.076293945, 102.616241455, -2.36521935463, 8.47920513153, 2.97123169899, 6.60999202728, 2.44725108147, 5.49532556534, 4.25205516815, 5.6611828804, 5.34731197357, 4.27263450623, 4.2432756424],
        "cov": [[17682.4257812, 1506.03515625, 303.056488037, -70.4092941284, 208.533416748, 328.329986572, 258.502990723, 230.656356812, 325.004455566, 68.7314147949, 169.359588623, 292.987731934, 162.262481689], [1506.03515625, 1205.93615723, -48.4405059814, 143.003097534, -57.1381225586, 45.0332107544, 0.730611622334, 25.2944564819, -5.18631315231, 23.7708930969, 19.9851226807, 37.6302108765, 13.1049556732], [303.056488037, -48.4405059814, 204.196868896, 33.0309143066, 69.3500366211, 43.8508110046, 55.3845748901, 32.3279762268, 36.4573707581, 11.792593956, 23.6298656464, 18.869638443, 15.8793869019], [-70.4092941284, 143.003097534, 33.0309143066, 169.936538696, 52.9945144653, 41.9893302917, 20.2293720245, 44.1414604187, 17.2379589081, 27.2969036102, 26.666015625, 5.57694339752, -3.44392824173], [208.533416748, -57.1381225586, 69.3500366211, 52.9945144653, 143.20753479, 49.1520423889, 39.2840042114, 29.1919345856, 32.5756225586, 24.0282859802, 19.4671936035, 5.32855939865, 0.148311451077], [328.329986572, 45.0332107544, 43.8508110046, 41.9893302917, 49.1520423889, 104.337776184, 56.8128509521, 33.22473526, 25.9248104095, 14.080201149, 22.9063396454, 20.1522006989, 10.4147291183], [258.502990723, 0.730611622334, 55.3845748901, 20.2293720245, 39.2840042114, 56.8128509521, 100.851997375, 45.5798950195, 27.8625507355, 13.6116161346, 20.062494278, 16.4904346466, 18.4303874969], [230.656356812, 25.2944564819, 32.3279762268, 44.1414604187, 29.1919345856, 33.22473526, 45.5798950195, 99.6508255005, 44.5627250671, 20.2515258789, 22.5076847076, 19.8075180054, 7.33366250992], [325.004455566, -5.18631315231, 36.4573707581, 17.2379589081, 32.5756225586, 25.9248104095, 27.8625507355, 44.5627250671, 109.736846924, 32.3608474731, 20.3602790833, 17.5036678314, 12.1476726532], [68.7314147949, 23.7708930969, 11.792593956, 27.2969036102, 24.0282859802, 14.080201149, 13.6116161346, 20.2515258789, 32.3608474731, 93.289390564, 31.3785057068, -6.47320461273, 9.26691818237], [169.359588623, 19.9851226807, 23.6298656464, 26.666015625, 19.4671936035, 22.9063396454, 20.062494278, 22.5076847076, 20.3602790833, 31.3785057068, 85.6877441406, 39.0737342834, 12.7792110443], [292.987731934, 37.6302108765, 18.869638443, 5.57694339752, 5.32855939865, 20.1522006989, 16.4904346466, 19.8075180054, 17.5036678314, -6.47320461273, 39.0737342834, 116.825637817, 33.5078659058], [162.262481689, 13.1049556732, 15.8793869019, -3.44392824173, 0.148311451077, 10.4147291183, 18.4303874969, 7.33366250992, 12.1476726532, 9.26691818237, 12.7792110443, 33.5078659058, 94.1262512207]],
