{
"lowlevel": {
    "average_loudness": 0.84113919735,
    "barkbands_crest": {
        "dmean": 2.57229137421,
        "dmean2": 4.14434766769,
        "dvar": 6.11848783493,
        "dvar2": 15.6108226776,
        "max": 26.9866447449,
        "mean": 12.560210228,
        "median": 11.8192100525,
        "min": 3.34174537659,
        "var": 20.3484554291
    },
    "barkbands_flatness_db": {
        "dmean": 0.0270492974669,
        "dmean2": 0.0401869751513,
        "dvar": 0.000861668318976,
        "dvar2": 0.00179628236219,
        "max": 0.622808158398,
        "mean": 0.216954365373,
        "median": 0.207070589066,
        "min": 0.0370558947325,
        "var": 0.00558099197224
    },
    "barkbands_kurtosis": {
        "dmean": 12.1484708786,
        "dmean2": 18.7497901917,
        "dvar": 2469.97021484,
        "dvar2": 6685.30078125,
        "max": 3716.84106445,
        "mean": 25.2794399261,
        "median": 8.99790000916,
        "min": -1.93634355068,
        "var": 5155.73339844
    },
    "barkbands_skewness": {
        "dmean": 0.914675951004,
        "dmean2": 1.37724924088,
        "dvar": 1.46594119072,
        "dvar2": 3.50933909416,
        "max": 19.5958309174,
        "mean": 2.91217899323,
        "median": 2.28971219063,
        "min": -57.1588172913,
        "var": 9.16894435883
    },
    "barkbands_spread": {
        "dmean": 4.50497913361,
        "dmean2": 6.73329782486,
        "dvar": 55.4146995544,
        "dvar2": 112.287612915,
        "max": 119.208015442,
        "mean": 13.0230484009,
        "median": 9.73712348938,
        "min": 0.0818350762129,
        "var": 157.81036377
    },
    "dissonance": {
        "dmean": 0.0357563346624,
        "dmean2": 0.0572256185114,
        "dvar": 0.00108752027154,
        "dvar2": 0.00268964329734,
        "max": 0.500000059605,
        "mean": 0.395558148623,
        "median": 0.405546665192,
        "min": 0.108050949872,
        "var": 0.00438662013039
    },
    "dynamic_complexity": 3.98652505875,
    "erbbands_crest": {
        "dmean": 2.8573513031,
        "dmean2": 4.39808225632,
        "dvar": 7.25364589691,
        "dvar2": 16.6325111389,
        "max": 34.6489906311,
        "mean": 13.7232551575,
        "median": 12.7299880981,
        "min": 2.81877183914,
        "var": 33.8223228455
    },
    "erbbands_flatness_db": {
        "dmean": 0.0215813126415,
        "dmean2": 0.0305137969553,
        "dvar": 0.000479133974295,
        "dvar2": 0.000892031239346,
        "max": 0.633139550686,
        "mean": 0.181033805013,
        "median": 0.177029743791,
        "min": 0.0486028417945,
        "var": 0.00405967002735
    },
    "erbbands_kurtosis": {
        "dmean": 3.93511939049,
        "dmean2": 5.94033575058,
        "dvar": 112.163795471,
        "dvar2": 312.228820801,
        "max": 634.690307617,
        "mean": 9.33342933655,
        "median": 3.60360431671,
        "min": -1.86961269379,
        "var": 1180.1595459
    },
    "erbbands_skewness": {
        "dmean": 0.552677631378,
        "dmean2": 0.810466170311,
        "dvar": 0.417862534523,
        "dvar2": 0.908521771431,
        "max": 9.43637275696,
        "mean": 1.54311621189,
        "median": 1.45087707043,
        "min": -18.1354904175,
        "var": 3.29605650902
    },
    "erbbands_spread": {
        "dmean": 10.744559288,
        "dmean2": 15.8055362701,
        "dvar": 261.007232666,
        "dvar2": 501.337554932,
        "max": 225.458557129,
        "mean": 35.9079704285,
        "median": 24.7379493713,
        "min": 0.162632390857,
        "var": 1102.29174805
    },
    "hfc": {
        "dmean": 3.97453308105,
        "dmean2": 5.67509365082,
        "dvar": 51.1911315918,
        "dvar2": 104.964942932,
        "max": 369.945648193,
        "mean": 13.4356412888,
        "median": 10.1594209671,
        "min": 3.19815001149e-07,
        "var": 157.233734131
    },
    "melbands_crest": {
        "dmean": 3.14538264275,
        "dmean2": 5.06825637817,
        "dvar": 9.52649593353,
        "dvar2": 24.4791717529,
        "max": 39.0103569031,
        "mean": 17.011505127,
        "median": 16.5237369537,
        "min": 1.89699494839,
        "var": 28.520690918
    },
    "melbands_flatness_db": {
        "dmean": 0.0311220549047,
        "dmean2": 0.0455914437771,
        "dvar": 0.00114982749801,
        "dvar2": 0.00228302017786,
        "max": 0.615590155125,
        "mean": 0.326178848743,
        "median": 0.319547235966,
        "min": 0.00627341028303,
        "var": 0.00736159272492
    },
    "melbands_kurtosis": {
        "dmean": 27.0415878296,
        "dmean2": 41.4086265564,
        "dvar": 3374.52270508,
        "dvar2": 7402.17236328,
        "max": 1114.49816895,
        "mean": 55.1060638428,
        "median": 13.0401287079,
        "min": -1.97707915306,
        "var": 12138.3525391
    },
    "melbands_skewness": {
        "dmean": 1.23463046551,
        "dmean2": 1.84742259979,
        "dvar": 2.60097169876,
        "dvar2": 5.54866504669,
        "max": 28.1194705963,
        "mean": 3.6315870285,
        "median": 2.52657437325,
        "min": -19.6156654358,
        "var": 14.2907657623
    },
    "melbands_spread": {
        "dmean": 3.39802217484,
        "dmean2": 5.2203540802,
        "dvar": 47.8631095886,
        "dvar2": 122.959899902,
        "max": 209.334518433,
        "mean": 10.8906316757,
        "median": 8.15196323395,
        "min": 0.321021437645,
        "var": 215.642044067
    },
    "pitch_salience": {
        "dmean": 0.0719386264682,
        "dmean2": 0.116527527571,
        "dvar": 0.00509574264288,
        "dvar2": 0.0130131645128,
        "max": 0.890809059143,
        "mean": 0.474044710398,
        "median": 0.468817919493,
        "min": 0.0327978916466,
        "var": 0.0156100066379
    },
    "silence_rate_20dB": {
        "dmean": 0,
        "dmean2": 0,
        "dvar": 0,
        "dvar2": 0,
        "max": 1,
        "mean": 1,
        "median": 1,
        "min": 1,
        "var": 0
    },
    "silence_rate_30dB": {
        "dmean": 0.0127909043804,
        "dmean2": 0.0255840811878,
        "dvar": 0.012626728043,
        "dvar2": 0.0300790835172,
        "max": 1,
        "mean": 0.981881141663,
        "median": 1,
        "min": 0,
        "var": 0.0177929922938
    },
    "silence_rate_60dB": {
        "dmean": 0.0216734763235,
        "dmean2": 0.0432619713247,
        "dvar": 0.0212060846388,
        "dvar2": 0.0477837882936,
        "max": 1,
        "mean": 0.0678568258882,
        "median": 0,
        "min": 0,
        "var": 0.063255622983
    },
    "spectral_centroid": {
        "dmean": 124.340522766,
        "dmean2": 176.385345459,
        "dvar": 42759.03125,
        "dvar2": 75617.0390625,
        "max": 4908.5234375,
        "mean": 663.475341797,
        "median": 522.254943848,
        "min": 123.83656311,
        "var": 369588.65625
    },
    "spectral_complexity": {
        "dmean": 1.67294371128,
        "dmean2": 2.60318017006,
        "dvar": 5.53977489471,
        "dvar2": 10.1596384048,
        "max": 39,
        "mean": 8.80353450775,
        "median": 8,
        "min": 0,
        "var": 26.8278217316
    },
    "spectral_decrease": {
        "dmean": 2.67962629863e-09,
        "dmean2": 4.0836583004e-09,
        "dvar": 1.49950341914e-17,
        "dvar2": 3.64163981658e-17,
        "max": 1.52715855373e-19,
        "mean": -8.39526315133e-09,
        "median": -6.87005075051e-09,
        "min": -8.49646113465e-08,
        "var": 4.83581664412e-17
    },
    "spectral_energy": {
        "dmean": 0.010372646153,
        "dmean2": 0.0157606881112,
        "dvar": 0.000221370675717,
        "dvar2": 0.000534540391527,
        "max": 0.323921084404,
        "mean": 0.0329043082893,
        "median": 0.0270732454956,
        "min": 2.84318037863e-11,
        "var": 0.000727882259525
    },
    "spectral_energyband_high": {
        "dmean": 0.000168617174495,
        "dmean2": 0.000233705461142,
        "dvar": 3.40715786251e-07,
        "dvar2": 7.28179486487e-07,
        "max": 0.0350403338671,
        "mean": 0.000313636322971,
        "median": 0.000120274278743,
        "min": 2.11409639794e-11,
        "var": 4.8795436669e-07
    },
    "spectral_energyband_low": {
        "dmean": 0.00705720949918,
        "dmean2": 0.0115651953965,
        "dvar": 0.000158722832566,
        "dvar2": 0.000421665492468,
        "max": 0.305477499962,
        "mean": 0.015120157972,
        "median": 0.00944700092077,
        "min": 3.13068662791e-13,
        "var": 0.000333125703037
    },
    "spectral_energyband_middle_high": {
        "dmean": 0.000814146827906,
        "dmean2": 0.00123172928579,
        "dvar": 3.40141173183e-06,
        "dvar2": 7.13948293196e-06,
        "max": 0.061446364969,
        "mean": 0.00228932825848,
        "median": 0.00073891482316,
        "min": 3.84320179847e-12,
        "var": 1.50093837874e-05
    },
    "spectral_energyband_middle_low": {
        "dmean": 0.00606028176844,
        "dmean2": 0.00865118112415,
        "dvar": 7.83589930506e-05,
        "dvar2": 0.000160535040777,
        "max": 0.136798933148,
        "mean": 0.0181964859366,
        "median": 0.0129890842363,
        "min": 6.38748168941e-13,
        "var": 0.000329450122081
    },
    "spectral_entropy": {
        "dmean": 0.27358931303,
        "dmean2": 0.382282584906,
        "dvar": 0.0944947972894,
        "dvar2": 0.163011848927,
        "max": 8.88816452026,
        "mean": 6.73995923996,
        "median": 6.73731517792,
        "min": 3.42137551308,
        "var": 0.590114057064
    },
    "spectral_flux": {
        "dmean": 0.0272079221904,
        "dmean2": 0.0422562658787,
        "dvar": 0.000902132538613,
        "dvar2": 0.00199098489247,
        "max": 0.403114885092,
        "mean": 0.0702909529209,
        "median": 0.0577264614403,
        "min": 1.52508182509e-05,
        "var": 0.00231410865672
    },
    "spectral_kurtosis": {
        "dmean": 1.98607516289,
        "dmean2": 2.95732903481,
        "dvar": 11.9039211273,
        "dvar2": 26.3633384705,
        "max": 156.618148804,
        "mean": 7.59682941437,
        "median": 5.75480937958,
        "min": -0.942167758942,
        "var": 104.169052124
    },
    "spectral_rms": {
        "dmean": 0.000870303541888,
        "dmean2": 0.00128792063333,
        "dvar": 9.88650185718e-07,
        "dvar2": 2.21135996981e-06,
        "max": 0.0177769679576,
        "mean": 0.00516305817291,
        "median": 0.00513935042545,
        "min": 1.66548332459e-07,
        "var": 5.44450722373e-06
    },
    "spectral_rolloff": {
        "dmean": 271.342346191,
        "dmean2": 477.869384766,
        "dvar": 999794.375,
        "dvar2": 2350373.25,
        "max": 18690.8203125,
        "mean": 785.708129883,
        "median": 495.263671875,
        "min": 21.533203125,
        "var": 2456518
    },
    "spectral_skewness": {
        "dmean": 0.288482576609,
        "dmean2": 0.412326961756,
        "dvar": 0.129637852311,
        "dvar2": 0.260823398829,
        "max": 9.98292255402,
        "mean": 2.35445332527,
        "median": 2.34596514702,
        "min": -0.9289290905,
        "var": 0.882840096951
    },
    "spectral_spread": {
        "dmean": 915930.8125,
        "dmean2": 1364438.75,
        "dvar": 1.338949632e+12,
        "dvar2": 2.49210784973e+12,
        "max": 15985184,
        "mean": 7329374,
        "median": 6863995,
        "min": 610171.5625,
        "var": 9.96778442752e+12
    },
    "spectral_strongpeak": {
        "dmean": 0.427645325661,
        "dmean2": 0.715790331364,
        "dvar": 0.459604769945,
        "dvar2": 1.08225059509,
        "max": 16.3923206329,
        "mean": 1.03040862083,
        "median": 0.678326785564,
        "min": 0,
        "var": 1.12079811096
    },
    "zerocrossingrate": {
        "dmean": 0.0103136291727,
        "dmean2": 0.0123837012798,
        "dvar": 0.000177450012416,
        "dvar2": 0.00021980983729,
        "max": 0.51220703125,
        "mean": 0.0483712852001,
        "median": 0.03759765625,
        "min": 0.00048828125,
        "var": 0.00190935470164
    },
    "barkbands": {
        "dmean": [0.000630616268609, 0.00397194363177, 0.00249951612204, 0.00275680772029, 0.0012902317103, 0.000801555463113, 0.0017980808625, 0.000845755450428, 0.000828299671412, 0.000560804328416, 0.000189107478946, 9.25775020733e-05, 4.46505509899e-05, 7.41889307392e-05, 0.000112034271297, 8.57215054566e-05, 7.20557873137e-05, 4.03293015552e-05, 2.67280393018e-05, 1.79906455742e-05, 2.41959933192e-05, 1.24454472825e-05, 1.20971790238e-05, 2.10235302802e-05, 7.16692666174e-05, 2.80685890175e-05, 2.61466038864e-06],
        "dmean2": [0.00106891198084, 0.0068017388694, 0.00380719802342, 0.00437882496044, 0.00201855646446, 0.00123700080439, 0.00252638780512, 0.0012473538518, 0.00118558888789, 0.000866097223479, 0.000276019593002, 0.000141362746945, 6.74983020872e-05, 0.000105475082819, 0.00016017674352, 0.000126060811453, 0.000106136743852, 5.74689765926e-05, 3.68519613403e-05, 2.34679937421e-05, 3.4790027712e-05, 1.72723066498e-05, 1.68911119545e-05, 3.15811375913e-05, 0.00010462764476, 4.22291777795e-05, 4.02864270654e-06],
        "dvar": [2.81971347249e-06, 7.64523647376e-05, 3.12075353577e-05, 4.63490396214e-05, 8.47214141686e-06, 2.77953336081e-06, 1.41233440445e-05, 3.64454103874e-06, 4.35334141002e-06, 2.87643160846e-06, 6.89168416557e-07, 9.32425123779e-08, 1.93917681912e-08, 5.89428204023e-08, 1.09451868013e-07, 6.12492314644e-08, 4.83328577161e-08, 1.69253606686e-08, 5.98154281661e-09, 3.86994081225e-09, 1.41980480706e-08, 2.05886485638e-09, 4.45948744598e-09, 7.35691019216e-09, 3.69697303881e-08, 3.91005308131e-08, 3.76931680313e-10],
        "dvar2": [7.36921174394e-06, 0.000226444826694, 6.4953819674e-05, 0.000117608724395, 2.09179652302e-05, 6.47114848107e-06, 2.62166486209e-05, 7.65852473705e-06, 8.81863434188e-06, 6.17443993178e-06, 1.25056931211e-06, 2.09016690178e-07, 4.177920232e-08, 1.07698937768e-07, 2.40875522195e-07, 1.336867399e-07, 1.01729796143e-07, 3.64784611406e-08, 1.08012212507e-08, 5.63733904002e-09, 3.22609992054e-08, 3.56525520218e-09, 1.05660786787e-08, 1.702239949e-08, 7.68838148701e-08, 1.02853242367e-07, 9.69189062339e-10],
        "max": [0.0340051278472, 0.296610206366, 0.153782427311, 0.103835940361, 0.0505966991186, 0.0358088202775, 0.0845201611519, 0.0487003475428, 0.102495327592, 0.043822824955, 0.0518839731812, 0.0142454821616, 0.00461425120011, 0.011625315994, 0.0115455659106, 0.00845586229116, 0.00707272114232, 0.00429387530312, 0.000940146390349, 0.000833600352053, 0.00391324330121, 0.0014935892541, 0.00532542914152, 0.00712272245437, 0.0110033992678, 0.00801517535001, 0.00116346008144],
        "mean": [0.000586186884902, 0.00619312142953, 0.0055751176551, 0.00615069177002, 0.00275560864247, 0.00150516186841, 0.0036899575498, 0.00168687477708, 0.00187776295934, 0.00107138673775, 0.000402424309868, 0.000186563484021, 8.41752334964e-05, 0.000149937550304, 0.000230733596254, 0.000169227045262, 0.000143911980558, 7.42966731195e-05, 4.3946562073e-05, 2.72062170552e-05, 3.94101225538e-05, 1.78435111593e-05, 1.75079785549e-05, 3.49194051523e-05, 0.000138846677146, 4.73601758131e-05, 4.09590802519e-06],
        "median": [0.000159424875164, 0.00293542537838, 0.00182519946247, 0.00168962485623, 0.000895849254448, 0.000440335919848, 0.000565735273995, 0.000231883575907, 0.000253573991358, 0.000110790351755, 2.44913426286e-05, 2.73337191175e-05, 1.1040834579e-05, 1.19599144455e-05, 1.83021111297e-05, 1.30695852931e-05, 1.35957507155e-05, 7.11862230673e-06, 3.84757504435e-06, 3.428483069e-06, 3.27406223732e-06, 4.06126264352e-06, 5.3237499742e-06, 1.4201101294e-05, 6.27054323559e-05, 1.83003066923e-05, 1.56061616963e-06],
        "min": [2.98284888543e-14, 1.661098288e-13, 2.66654645413e-14, 1.09557164163e-14, 1.98802308844e-14, 9.65638566287e-14, 5.59558943505e-15, 6.43019911948e-14, 4.1069198823e-13, 2.47819343172e-13, 3.10295761525e-13, 1.53350490401e-13, 3.59515531494e-13, 3.92388541364e-13, 2.53644815654e-13, 5.20517060443e-13, 3.6369551034e-13, 2.99990826451e-13, 5.42551897506e-13, 7.94980888844e-13, 1.17957369133e-12, 1.44796186759e-12, 1.91280476701e-12, 1.64896069889e-12, 3.01992372082e-12, 4.89226714695e-12, 7.07308864256e-12],
        "var": [2.44916236625e-06, 8.62402157509e-05, 0.000123763544252, 9.68672102317e-05, 1.94271087821e-05, 7.07773051545e-06, 5.75397207285e-05, 1.38845016409e-05, 2.04929947358e-05, 7.95307187218e-06, 3.09525444209e-06, 2.5895965905e-07, 5.12103994765e-08, 2.13122717696e-07, 3.60563916502e-07, 2.32599049355e-07, 1.55292838144e-07, 3.5863347847e-08, 1.23611458847e-08, 7.53170059653e-09, 2.55894345713e-08, 3.45775563737e-09, 5.03331420987e-09, 8.63845350807e-09, 5.51857475273e-08, 3.67880232943e-08, 3.17194465138e-10]
    },
    "erbbands": {
        "dmean": [0.109432131052, 0.932710170746, 2.35656738281, 6.84677696228, 6.13150024414, 4.3096575737, 5.50324964523, 6.87870168686, 23.3119335175, 20.6640338898, 21.3682289124, 16.4046630859, 20.0221538544, 10.3760919571, 4.47091150284, 3.87538552284, 2.09139466286, 2.66492986679, 5.04737615585, 4.79400253296, 4.31052112579, 3.47392272949, 2.46375012398, 1.5333262682, 1.16571509838, 0.87689769268, 1.13290500641, 0.722157537937, 0.44214656949, 0.349725782871, 0.378058880568, 0.380555152893, 0.400436729193, 0.675312876701, 0.620286226273, 0.206533104181, 0.0267082639039, 0.00453679915518, 0.000435007124906, 2.40074587055e-05],
        "dmean2": [0.190791726112, 1.58705365658, 3.69887375832, 10.7507553101, 9.66837882996, 6.62026596069, 8.89308643341, 10.2667121887, 33.1804351807, 29.5173454285, 30.9663619995, 23.8440380096, 30.1322174072, 15.7509822845, 6.79998683929, 5.80732107162, 3.12808632851, 3.77051711082, 7.3025226593, 6.79060411453, 6.35266876221, 5.12786197662, 3.52741909027, 2.09611701965, 1.6337351799, 1.12182021141, 1.61279559135, 1.01009237766, 0.617698252201, 0.484794735909, 0.538752317429, 0.56118118763, 0.614840328693, 0.996733725071, 0.957971096039, 0.303928166628, 0.0391526781023, 0.00671587139368, 0.000663881248329, 3.73476068489e-05],
        "dvar": [0.0782935097814, 3.80572915077, 22.8600139618, 262.301055908, 213.634567261, 113.85358429, 210.345870972, 199.33744812, 2548.02685547, 2015.96057129, 2545.84887695, 1436.82470703, 3892.86669922, 1185.39611816, 262.951843262, 156.858840942, 40.8769721985, 56.269203186, 242.106231689, 152.9324646, 157.522537231, 118.237861633, 63.916721344, 15.1214399338, 14.8080625534, 9.66900253296, 43.4844512939, 6.12093687057, 2.39267206192, 2.82385802269, 4.2313337326, 3.12246870995, 1.77215301991, 3.37160372734, 2.82715702057, 1.22898685932, 0.0197106748819, 0.000879488070495, 9.19936246646e-06, 4.94231855441e-09],
        "dvar2": [0.223013624549, 11.4773359299, 54.9575500488, 640.703491211, 526.052734375, 271.221435547, 580.456665039, 420.02255249, 5070.29638672, 3758.24609375, 5293.08886719, 3026.97119141, 7864.55517578, 2322.11132812, 532.417724609, 356.055877686, 88.3279495239, 106.033592224, 532.743103027, 295.824798584, 365.685760498, 257.757141113, 135.20199585, 28.0512924194, 26.4174404144, 14.1315250397, 103.521697998, 10.3929424286, 3.88321995735, 5.29412937164, 10.2333526611, 7.83574962616, 3.82988405228, 7.14552545547, 6.31376218796, 3.24410581589, 0.0363005362451, 0.00189966335893, 2.22472863243e-05, 1.10048663515e-08],
        "max": [9.95125675201, 60.7402839661, 103.10773468, 255.123306274, 243.827178955, 305.621337891, 288.402587891, 365.540893555, 1338.36987305, 1106.53198242, 1529.24926758, 1244.00878906, 2222.17016602, 1904.7166748, 581.443847656, 456.923126221, 237.865753174, 249.945861816, 553.000671387, 348.497161865, 549.216064453, 485.861236572, 245.177932739, 76.2497787476, 50.255355835, 40.2713508606, 225.715118408, 41.9730911255, 37.5013809204, 136.54095459, 162.957458496, 137.901077271, 106.489067078, 89.5570602417, 83.2557220459, 46.1746673584, 12.1777019501, 2.23150849342, 0.229157626629, 0.00472287228331],
        "mean": [0.138652533293, 1.548579216, 5.49164628983, 14.8600912094, 15.5102033615, 8.34379959106, 8.45918464661, 15.0878772736, 51.8191337585, 36.2255706787, 48.6255645752, 37.7129707336, 40.7397727966, 22.1008281708, 9.40889835358, 8.23018550873, 4.45125627518, 5.76614284515, 11.3493528366, 10.7633676529, 9.27218055725, 7.26119709015, 4.80310869217, 2.80075359344, 1.90721607208, 1.32131159306, 1.87767481804, 1.06797683239, 0.659473717213, 0.508573293686, 0.534539222717, 0.593053758144, 0.706003963947, 1.2417396307, 1.14434027672, 0.36058357358, 0.0509672872722, 0.007720453199, 0.00071961939102, 6.35882970528e-05],
        "median": [0.0610734373331, 0.781080305576, 2.44420194626, 6.02728271484, 4.18517827988, 2.42435026169, 2.87367534637, 4.06501436234, 7.08228397369, 10.321559906, 8.3101234436, 7.54194784164, 6.63263750076, 3.34175658226, 1.61077773571, 1.44215142727, 1.01965892315, 0.987954080105, 1.36470365524, 1.4937338829, 1.19477200508, 0.803355276585, 0.472872763872, 0.29092913866, 0.180991977453, 0.169784620404, 0.15440915525, 0.126003742218, 0.14312261343, 0.131089240313, 0.166283011436, 0.22054387629, 0.302669286728, 0.562783062458, 0.509274721146, 0.143846407533, 0.0218261238188, 0.00304317637347, 0.000283339410089, 4.77062858408e-05],
        "min": [1.02744930619e-11, 1.85441818151e-11, 2.21558691532e-11, 4.65362991198e-11, 2.92609964037e-11, 7.93647647601e-11, 2.74468281436e-10, 1.06109510067e-09, 1.54057502866e-10, 6.67135402477e-10, 2.21269558232e-09, 7.82607045835e-09, 8.8241192131e-09, 1.55566848292e-08, 5.06765207575e-09, 8.71311200967e-09, 1.38398155158e-08, 1.28775594632e-08, 2.21914611132e-08, 1.58230619718e-08, 3.16221075991e-08, 2.19281286462e-08, 1.20010028581e-08, 2.53787781901e-08, 3.60399141641e-08, 3.1373748044e-08, 4.04540294596e-08, 5.08048181302e-08, 4.52328379197e-08, 5.79246268728e-08, 5.43225056049e-08, 3.31248273255e-08, 3.53867228853e-08, 3.72549031624e-08, 1.84994686236e-08, 1.91684588202e-08, 8.9299954098e-09, 4.03512778746e-09, 8.92353579918e-10, 1.00405531112e-10],
        "var": [0.0682234838605, 4.91564798355, 77.7228012085, 542.150390625, 711.035949707, 303.420440674, 258.905731201, 705.678894043, 13047.1982422, 5019.80175781, 11918.6865234, 5932.56298828, 13832.0117188, 4878.50878906, 857.349304199, 466.991119385, 110.88394928, 183.938354492, 811.52142334, 565.550292969, 591.663757324, 388.724395752, 144.486251831, 38.4552574158, 27.6285438538, 18.4569187164, 79.0344924927, 10.9888858795, 4.26142549515, 4.33810138702, 4.67763471603, 3.24562430382, 2.34748506546, 4.77571678162, 3.86450815201, 1.17533028126, 0.0283115524799, 0.00106399098877, 8.6218560682e-06, 6.56271881283e-09]
    },
    "gfcc": {
        "mean": [-56.8192443848, 92.4053497314, -49.6972045898, 9.01943683624, -51.6517944336, 18.7082061768, -45.5790710449, 29.1374282837, -22.1698856354, 7.80029153824, -24.7785606384, -4.63631439209, -9.71466064453],
        "cov": [[12721.5742188, 1115.86779785, -961.409301758, -726.448120117, -29.1983585358, 9.36607265472, -912.948364258, 557.658508301, 15.9283857346, -276.575683594, -106.853645325, -64.1051864624, -301.08807373], [1115.86779785, 1496.84777832, -359.985015869, -624.624694824, 214.469085693, -25.8659896851, -154.877502441, 85.2527999878, 171.759933472, -143.578994751, 76.4898834229, -28.2133140564, 40.8042678833], [-961.409301758, -359.985015869, 1715.14465332, 672.168579102, -327.766662598, 194.131286621, 50.6688613892, -229.687713623, -236.64276123, -91.9105987549, -170.693099976, -94.7659912109, -45.4611625671], [-726.448120117, -624.624694824, 672.168579102, 825.949890137, 29.2081928253, 44.2566566467, 158.152374268, -152.578872681, -224.007751465, -1.26236283779, -119.807624817, -74.9833221436, -36.0209579468], [-29.1983585358, 214.469085693, -327.766662598, 29.2081928253, 414.18862915, 84.7356338501, 18.7679920197, 64.0373764038, 50.2358474731, -33.7056884766, 53.7650718689, -11.5848655701, -18.9802398682], [9.36607265472, -25.8659896851, 194.131286621, 44.2566566467, 84.7356338501, 226.368377686, 48.9563484192, 34.1687088013, -5.21151065826, -8.25147151947, -3.98273682594, 6.24928998947, -18.8530216217], [-912.948364258, -154.877502441, 50.6688613892, 158.152374268, 18.7679920197, 48.9563484192, 244.385253906, 14.4529380798, -6.55470609665, 58.4968757629, -1.04286170006, 1.85611414909, 34.4012641907], [557.658508301, 85.2527999878, -229.687713623, -152.578872681, 64.0373764038, 34.1687088013, 14.4529380798, 226.346115112, 146.414276123, 24.2555122375, 39.2969055176, 10.8466768265, -26.8305454254], [15.9283857346, 171.759933472, -236.64276123, -224.007751465, 50.2358474731, -5.21151065826, -6.55470609665, 146.414276123, 215.230010986, 86.3397216797, 63.8117103577, 11.7130317688, 8.60055446625], [-276.575683594, -143.578994751, -91.9105987549, -1.26236283779, -33.7056884766, -8.25147151947, 58.4968757629, 24.2555122375, 86.3397216797, 173.507995605, 70.6075744629, 35.8337974548, 26.8140621185], [-106.853645325, 76.4898834229, -170.693099976, -119.807624817, 53.7650718689, -3.98273682594, -1.04286170006, 39.2969055176, 63.8117103577, 70.6075744629, 162.846069336, 102.256027222, 22.0320568085], [-64.1051864624, -28.2133140564, -94.7659912109, -74.9833221436, -11.5848655701, 6.24928998947, 1.85611414909, 10.8466768265, 11.7130317688, 35.8337974548, 102.256027222, 140.992248535, 81.7006225586], [-301.08807373, 40.8042678833, -45.4611625671, -36.0209579468, -18.9802398682, -18.8530216217, 34.4012641907, -26.8305454254, 8.60055446625, 26.8140621185, 22.0320568085, 81.7006225586, 151.198104858]],
        "icov": [[0.000247977179242, -0.000415921211243, 0.000407620857004, -0.0005734974402, 0.000652942340821, -0.00059218890965, 0.00120279274415, -0.0011773603037, 0.00092583958758, -0.00047567623551, 0.000343778316164, -0.000159635208547, 0.00018538061704], [-0.000415921211243, 0.00254541961476, -0.00153923803009, 0.00304566253908, -0.00280072563328, 0.0020240789745, -0.00214492948726, 0.0018615256995, -0.00137971667573, 0.00194209872279, -0.00209944136441, 0.00276628881693, -0.00198803353123], [0.000407620857004, -0.00153923803009, 0.00446844287217, -0.005903897807, 0.00701842224225, -0.00643876800314, 0.00319953402504, 0.000733455060981, -0.00290436949581, 0.0040298383683, -0.00357301556505, 0.00284777535126, -0.000923129264265], [-0.0005734974402, 0.00304566253908, -0.005903897807, 0.0110189532861, -0.0105195259675, 0.00863412208855, -0.00547251710668, -0.000402895821026, 0.00632258225232, -0.00619984138757, 0.00544488616288, -0.00242259469815, 0.00107120606117], [0.000652942340821, -0.00280072563328, 0.00701842224225, -0.0105195259675, 0.0150288837031, -0.0115726785734, 0.00519203720614, 0.000571593525819, -0.00597449252382, 0.00872927438468, -0.00973046105355, 0.00744636030868, -0.00279012252577], [-0.00059218890965, 0.0020240789745, -0.00643876800314, 0.00863412208855, -0.0115726785734, 0.0149167682976, -0.00591419823468, -0.0016099025961, 0.00480484496802, -0.00664879195392, 0.00827717967331, -0.00796252675354, 0.00386496610008], [0.00120279274415, -0.00214492948726, 0.00319953402504, -0.00547251710668, 0.00519203720614, -0.00591419823468, 0.0124491620809, -0.00693110888824, 0.00459779659286, -0.00268585723825, -0.00136408500839, 0.00341331213713, -0.00294666201808], [-0.0011773603037, 0.0018615256995, 0.000733455060981, -0.000402895821026, 0.000571593525819, -0.0016099025961, -0.00693110888824, 0.0183269064873, -0.0167994778603, 0.00922240875661, -0.00261849793606, -0.00161135708913, 0.00255013327114], [0.00092583958758, -0.00137971667573, -0.00290436949581, 0.00632258225232, -0.00597449252382, 0.00480484496802, 0.00459779659286, -0.0167994778603, 0.02746338211, -0.0170983485878, 0.00515531376004, 0.00110931845848, -0.00120961759239], [-0.00047567623551, 0.00194209872279, 0.0040298383683, -0.00619984138757, 0.00872927438468, -0.00664879195392, -0.00268585723825, 0.00922240875661, -0.0170983485878, 0.0234643314034, -0.015976857394, 0.0102111315355, -0.00560051947832], [0.000343778316164, -0.00209944136441, -0.00357301556505, 0.00544488616288, -0.00973046105355, 0.00827717967331, -0.00136408500839, -0.00261849793606, 0.00515531376004, -0.015976857394, 0.0333389826119, -0.0299550872296, 0.0149988187477], [-0.000159635208547, 0.00276628881693, 0.00284777535126, -0.00242259469815, 0.00744636030868, -0.00796252675354, 0.00341331213713, -0.00161135708913, 0.00110931845848, 0.0102111315355, -0.0299550872296, 0.0406794287264, -0.021396342665], [0.00018538061704, -0.00198803353123, -0.000923129264265, 0.00107120606117, -0.00279012252577, 0.00386496610008, -0.00294666201808, 0.00255013327114, -0.00120961759239, -0.00560051947832, 0.0149988187477, -0.021396342665, 0.0191898625344]]
    },
    "melbands": {
        "dmean": [0.00106977892574, 0.00121900078375, 0.00115176232066, 0.000331978866598, 0.000190315666259, 0.00017343822401, 0.000354499235982, 0.000207368997508, 0.00018735647609, 0.000101737867226, 0.000102249920019, 4.50359511888e-05, 1.82933290489e-05, 1.03826650957e-05, 8.70681833476e-06, 4.09815265812e-06, 5.65348500459e-06, 8.20413424663e-06, 8.80649258761e-06, 6.92105641065e-06, 5.02034117744e-06, 4.21294907937e-06, 2.53004964179e-06, 2.07025459531e-06, 1.28802014387e-06, 9.56384951678e-07, 7.11473944648e-07, 5.90456693317e-07, 6.5027728624e-07, 6.96539473211e-07, 3.582854049e-07, 2.64163958263e-07, 2.17159666249e-07, 1.88344444041e-07, 2.22446828957e-07, 2.17208139475e-07, 2.45316385872e-07, 2.57871931808e-07, 3.69998957694e-07, 6.69774237849e-07],
        "dmean2": [0.00184196967166, 0.0019685740117, 0.00177670293488, 0.000518024142366, 0.000302357395412, 0.000260571570834, 0.000501011498272, 0.000297972961562, 0.000270187098067, 0.000148240025737, 0.00015435993555, 6.90497836331e-05, 2.74331578112e-05, 1.58713410201e-05, 1.31756460178e-05, 6.05394143349e-06, 7.98398832558e-06, 1.1904196981e-05, 1.25009028125e-05, 9.89603449852e-06, 7.5316679613e-06, 6.24290487394e-06, 3.68833980247e-06, 2.98034615298e-06, 1.78242612492e-06, 1.38267228067e-06, 9.63506636253e-07, 7.44980070522e-07, 8.98356972812e-07, 1.02135265934e-06, 5.1306125215e-07, 3.65213765008e-07, 3.20970798384e-07, 2.67916021812e-07, 3.28069575062e-07, 3.13651810302e-07, 3.66905197779e-07, 3.97048125933e-07, 5.73504564727e-07, 1.01522152818e-06],
        "dvar": [6.17687737758e-06, 5.07658842253e-06, 6.70921735946e-06, 5.76780564643e-07, 2.34371057672e-07, 1.20137613635e-07, 5.41491544936e-07, 1.94319611069e-07, 2.06000422054e-07, 6.58475514115e-08, 9.97679094894e-08, 2.12855955084e-08, 5.32602983938e-09, 1.45396272799e-09, 6.71875721725e-10, 1.877428768e-10, 2.89539919818e-10, 6.95557278441e-10, 6.9894895427e-10, 4.10727285516e-10, 3.00099389783e-10, 1.79776762921e-10, 1.02240597932e-10, 4.03050821884e-11, 1.16151055787e-11, 9.4759955091e-12, 5.63620808011e-12, 4.5105516544e-12, 1.06461202701e-11, 1.33800999794e-11, 1.73221300585e-12, 8.73396515701e-13, 7.10623996713e-13, 1.12124426497e-12, 1.4776292169e-12, 9.30249475541e-13, 1.3220105349e-12, 6.24735235332e-13, 1.38248657314e-12, 3.60648251714e-12],
        "dvar2": [1.79037397174e-05, 1.3536179722e-05, 1.61930365721e-05, 1.41836619605e-06, 6.39050995233e-07, 2.64082643753e-07, 1.04091316189e-06, 3.68242723425e-07, 4.1850097432e-07, 1.41559056033e-07, 2.03609587857e-07, 4.33092210983e-08, 1.01376276262e-08, 3.2032958508e-09, 1.57345592111e-09, 3.86053716772e-10, 5.37948074975e-10, 1.4182568453e-09, 1.4432326445e-09, 8.18008105696e-10, 7.09732106419e-10, 3.86288584453e-10, 2.24960522432e-10, 9.10601177795e-11, 2.1987111784e-11, 1.86551486064e-11, 8.46832153012e-12, 7.38020842356e-12, 2.43070372857e-11, 3.17109602466e-11, 2.96133321857e-12, 1.42714724587e-12, 1.32577336696e-12, 2.39597057472e-12, 3.62132134175e-12, 2.22460179618e-12, 3.36705012829e-12, 1.3140457689e-12, 3.00244074394e-12, 7.85274709841e-12],
        "max": [0.0888842940331, 0.0420971214771, 0.0377555377781, 0.0131921684369, 0.00806333869696, 0.00687090773135, 0.0178531296551, 0.0109864352271, 0.0160522665828, 0.0118812723085, 0.0112084550783, 0.00701861549169, 0.00356614147313, 0.00198778905906, 0.000638410507236, 0.000373646675143, 0.000572464254219, 0.00112589763012, 0.000889047805686, 0.000837134022731, 0.000850331969559, 0.000648002722301, 0.000306857255055, 0.000202451017685, 6.5320309659e-05, 4.17554365413e-05, 4.07764928241e-05, 2.84407269646e-05, 0.000101745230495, 0.00012843964214, 2.65737689915e-05, 1.26903923956e-05, 4.75540946354e-05, 8.79692161107e-05, 9.44379426073e-05, 6.90884990036e-05, 9.20352395042e-05, 5.97242178628e-05, 9.36630094657e-05, 7.57519665058e-05],
        "mean": [0.00153026997577, 0.00269942567684, 0.00275824195705, 0.000771506340243, 0.000310807168717, 0.000373692193534, 0.000768362253439, 0.000353758136043, 0.000425901293056, 0.000227903175983, 0.000203190327738, 9.17040961212e-05, 3.79683042411e-05, 2.05481774174e-05, 1.75688619493e-05, 7.844870197e-06, 1.13668966151e-05, 1.72043783095e-05, 1.81154173333e-05, 1.41214168252e-05, 9.97268671199e-06, 8.4206021711e-06, 4.6032910177e-06, 3.78137951884e-06, 2.0921468149e-06, 1.46633351505e-06, 1.12718475975e-06, 7.98683117864e-07, 1.02853368844e-06, 1.08660151454e-06, 4.94244488891e-07, 3.74957267013e-07, 3.16279169965e-07, 2.62719140665e-07, 3.01526313251e-07, 3.15161003073e-07, 3.80313821324e-07, 4.37736218828e-07, 6.58358999317e-07, 1.18187949738e-06],
        "median": [0.00075160554843, 0.00140120543074, 0.00110796431545, 0.000230890393141, 0.000103767066321, 9.55152063398e-05, 0.000110993882117, 8.22903530207e-05, 5.38039093954e-05, 3.86764768336e-05, 2.55779941654e-05, 1.08947542685e-05, 3.10038944917e-06, 2.80954373011e-06, 2.37473136622e-06, 7.73168892465e-07, 1.21483219573e-06, 1.63165088907e-06, 1.36356231906e-06, 1.10044641133e-06, 9.95086111288e-07, 8.26300379231e-07, 3.68559426533e-07, 3.5021145095e-07, 1.89294752317e-07, 1.23215627923e-07, 1.05296983577e-07, 9.50207237338e-08, 9.97923379487e-08, 7.97322954327e-08, 6.43578630388e-08, 7.56089875154e-08, 8.17578325041e-08, 6.74356357422e-08, 8.93659191092e-08, 1.07230121671e-07, 1.45129391171e-07, 1.88607927498e-07, 3.01220211441e-07, 5.3580703252e-07],
        "min": [7.83208946916e-14, 1.48867632902e-14, 7.35010976507e-15, 3.35421404871e-15, 9.58176375428e-15, 2.15213453612e-14, 1.86659083575e-15, 1.00474582335e-14, 2.30291368521e-14, 5.4756668492e-14, 4.3827490465e-14, 6.17072311217e-14, 2.58014299487e-14, 1.56383051311e-14, 3.16817630615e-14, 2.9186766529e-14, 2.32729739207e-14, 4.22652703309e-14, 1.8466060251e-14, 2.35424286538e-14, 4.04642682209e-14, 2.24402795472e-14, 1.49418610893e-14, 1.07916215704e-14, 2.16828576036e-14, 2.06859099891e-14, 3.08824045167e-14, 1.90218934354e-14, 2.20471630861e-14, 3.46059816816e-14, 2.65893264437e-14, 2.66751545982e-14, 2.71106786109e-14, 3.06969822283e-14, 2.77592585149e-14, 3.41157461168e-14, 1.42147121032e-14, 2.229679386e-14, 2.78261605652e-14, 3.49941734932e-14],
        "var": [6.04061960985e-06, 1.42179869727e-05, 1.57585254783e-05, 1.54631322857e-06, 3.06538851191e-07, 4.23522607207e-07, 2.55878285316e-06, 4.8923027407e-07, 9.91749971035e-07, 2.55298573393e-07, 3.45732587448e-07, 7.89930467704e-08, 2.09950083985e-08, 3.70808050931e-09, 1.88149118507e-09, 5.51293510842e-10, 9.18345455236e-10, 2.4079382932e-09, 2.48813059045e-09, 1.55384416445e-09, 1.04681363577e-09, 6.29156615695e-10, 2.06236666633e-10, 9.37775621046e-11, 2.64828332874e-11, 1.66818572844e-11, 1.18088906709e-11, 7.78953984648e-12, 1.97504304578e-11, 2.25349374577e-11, 2.84714873205e-12, 1.46963832163e-12, 1.23395206813e-12, 1.38889453324e-12, 1.6305600533e-12, 1.02332194368e-12, 1.34862824033e-12, 8.73080253927e-13, 1.78760977375e-12, 4.73948267785e-12]
    },
    "mfcc": {
        "mean": [-729.416564941, 141.309204102, 50.9265098572, 9.56358146667, 22.1997585297, -8.88369464874, 1.45233368874, 2.40005302429, 15.0128965378, 4.15512084961, 3.45153141022, -0.769131481647, -0.182473614812],
        "cov": [[8478.25390625, 1434.74267578, -1211.32348633, -236.639328003, 213.055664062, -640.387145996, -282.430480957, -7.99607229233, -85.1725692749, -68.3563995361, 21.2235431671, -151.951171875, 19.3788738251], [1434.74267578, 1613.79077148, -318.222961426, -429.941955566, 151.432952881, -202.990966797, -162.810317993, 35.0367012024, 29.62251091, 2.9751060009, 1.78962874413, -74.1682281494, 24.8618850708], [-1211.32348633, -318.222961426, 1628.29772949, 396.483306885, -93.9145278931, 269.95602417, 121.313156128, -61.2840194702, -9.0277223587, -58.1623344421, -73.8711624146, -98.6554641724, -165.391876221], [-236.639328003, -429.941955566, 396.483306885, 514.930114746, 61.809425354, 136.79977417, 138.743942261, -10.3626194, -2.75166487694, -31.1884403229, -40.1032791138, -17.1876392365, -82.3332214355], [213.055664062, 151.432952881, -93.9145278931, 61.809425354, 279.412078857, 73.2959213257, 45.9047164917, 59.6718444824, -9.96444892883, 12.967546463, 19.3500099182, -29.446937561, -0.52345508337], [-640.387145996, -202.990966797, 269.95602417, 136.79977417, 73.2959213257, 264.273620605, 153.009811401, 7.21702480316, 12.4270811081, -23.652053833, -30.5661811829, 0.320871889591, -46.8933258057], [-282.430480957, -162.810317993, 121.313156128, 138.743942261, 45.9047164917, 153.009811401, 194.833892822, 70.6830062866, 6.94151735306, -17.4283752441, -5.64486980438, 16.1826210022, -28.1139240265], [-7.99607229233, 35.0367012024, -61.2840194702, -10.3626194, 59.6718444824, 7.21702480316, 70.6830062866, 132.005157471, 45.3762664795, 24.7464580536, 28.683757782, 6.04757738113, 13.1535520554], [-85.1725692749, 29.62251091, -9.0277223587, -2.75166487694, -9.96444892883, 12.4270811081, 6.94151735306, 45.3762664795, 146.057403564, 86.7036361694, 19.4992675781, 23.3394813538, -6.36852455139], [-68.3563995361, 2.9751060009, -58.1623344421, -31.1884403229, 12.967546463, -23.652053833, -17.4283752441, 24.7464580536, 86.7036361694, 152.230499268, 95.4915161133, 22.3218803406, 6.19810771942], [21.2235431671, 1.78962874413, -73.8711624146, -40.1032791138, 19.3500099182, -30.5661811829, -5.64486980438, 28.683757782, 19.4992675781, 95.4915161133, 152.406829834, 83.6777496338, 28.8221035004], [-151.951171875, -74.1682281494, -98.6554641724, -17.1876392365, -29.446937561, 0.320871889591, 16.1826210022, 6.04757738113, 23.3394813538, 22.3218803406, 83.6777496338, 169.175949097, 87.8961868286], [19.3788738251, 24.8618850708, -165.391876221, -82.3332214355, -0.52345508337, -46.8933258057, -28.1139240265, 13.1535520554, -6.36852455139, 6.19810771942, 28.8221035004, 87.8961868286, 159.127197266]],
