{
"lowlevel": {
    "average_loudness": 0.857553482056,
    "barkbands_crest": {
        "dmean": 2.03150463104,
        "dmean2": 3.32720160484,
        "dvar": 4.41446590424,
        "dvar2": 11.2946195602,
        "max": 24.9443206787,
        "mean": 12.4329147339,
        "median": 11.9722728729,
        "min": 3.61026358604,
        "var": 13.6706676483
    },
    "barkbands_flatness_db": {
        "dmean": 0.032503772527,
        "dmean2": 0.04731111601,
        "dvar": 0.00185661867727,
        "dvar2": 0.00404017884284,
        "max": 0.670005142689,
        "mean": 0.215713128448,
        "median": 0.186070591211,
        "min": 0.0375443920493,
        "var": 0.0124997934327
    },
    "barkbands_kurtosis": {
        "dmean": 3.53587698936,
        "dmean2": 5.54584693909,
        "dvar": 37.3833885193,
        "dvar2": 92.0096893311,
        "max": 211.509216309,
        "mean": 7.09045934677,
        "median": 4.81265735626,
        "min": -1.94278347492,
        "var": 149.543777466
    },
    "barkbands_skewness": {
        "dmean": 0.520210087299,
        "dmean2": 0.796058237553,
        "dvar": 0.321383327246,
        "dvar2": 0.766755759716,
        "max": 8.42502784729,
        "mean": 1.88516283035,
        "median": 1.88279783726,
        "min": -12.2100257874,
        "var": 1.87656354904
    },
    "barkbands_spread": {
        "dmean": 5.26497411728,
        "dmean2": 8.00356960297,
        "dvar": 92.7633666992,
        "dvar2": 189.849990845,
        "max": 127.558830261,
        "mean": 15.9936075211,
        "median": 11.2215919495,
        "min": 0.777694821358,
        "var": 286.35824585
    },
    "dissonance": {
        "dmean": 0.0346970036626,
        "dmean2": 0.0566372089088,
        "dvar": 0.00149895960931,
        "dvar2": 0.00367955234833,
        "max": 0.500000178814,
        "mean": 0.436381608248,
        "median": 0.450856685638,
        "min": 0.0312474556267,
        "var": 0.00308600347489
    },
    "dynamic_complexity": 3.99768686295,
    "erbbands_crest": {
        "dmean": 2.85208296776,
        "dmean2": 4.59005022049,
        "dvar": 7.4867310524,
        "dvar2": 18.7282409668,
        "max": 30.5536651611,
        "mean": 10.5553369522,
        "median": 9.60254096985,
        "min": 2.08375597,
        "var": 24.8285884857
    },
    "erbbands_flatness_db": {
        "dmean": 0.0240731053054,
        "dmean2": 0.0348704904318,
        "dvar": 0.000850365089718,
        "dvar2": 0.00157804472838,
        "max": 0.464800238609,
        "mean": 0.189192429185,
        "median": 0.175305455923,
        "min": 0.0304099284112,
        "var": 0.00641748728231
    },
    "erbbands_kurtosis": {
        "dmean": 1.94908618927,
        "dmean2": 3.05085420609,
        "dvar": 7.68855524063,
        "dvar2": 18.8024101257,
        "max": 44.774307251,
        "mean": 2.78717565536,
        "median": 1.19999647141,
        "min": -1.85488915443,
        "var": 22.6362037659
    },
    "erbbands_skewness": {
        "dmean": 0.46312096715,
        "dmean2": 0.700967788696,
        "dvar": 0.214760139585,
        "dvar2": 0.4916228652,
        "max": 5.21104288101,
        "mean": 0.7674305439,
        "median": 0.763772130013,
        "min": -3.01159286499,
        "var": 1.1650326252
    },
    "erbbands_spread": {
        "dmean": 8.73535728455,
        "dmean2": 12.8416862488,
        "dvar": 152.451217651,
        "dvar2": 294.483947754,
        "max": 165.533981323,
        "mean": 30.1855945587,
        "median": 22.1340484619,
        "min": 2.72445058823,
        "var": 581.276489258
    },
    "hfc": {
        "dmean": 7.54070711136,
        "dmean2": 11.5466499329,
        "dvar": 251.3697052,
        "dvar2": 591.116271973,
        "max": 280.179229736,
        "mean": 19.4915218353,
        "median": 12.141500473,
        "min": 1.26664155497e-16,
        "var": 561.002319336
    },
    "melbands_crest": {
        "dmean": 2.58485507965,
        "dmean2": 4.25883626938,
        "dvar": 7.0056643486,
        "dvar2": 18.2419910431,
        "max": 36.8869628906,
        "mean": 19.8166637421,
        "median": 19.8319969177,
        "min": 2.61020302773,
        "var": 37.3867797852
    },
    "melbands_flatness_db": {
        "dmean": 0.0384130515158,
        "dmean2": 0.0558234602213,
        "dvar": 0.00266506290063,
        "dvar2": 0.00582197029144,
        "max": 0.871165633202,
        "mean": 0.322896152735,
        "median": 0.290071308613,
        "min": 0.00622467882931,
        "var": 0.0185735803097
    },
    "melbands_kurtosis": {
        "dmean": 7.36783456802,
        "dmean2": 11.3486700058,
        "dvar": 200.791122437,
        "dvar2": 485.374938965,
        "max": 276.803222656,
        "mean": 14.3991174698,
        "median": 9.17660999298,
        "min": -1.57126271725,
        "var": 347.885986328
    },
    "melbands_skewness": {
        "dmean": 0.686388134956,
        "dmean2": 1.03047156334,
        "dvar": 0.630904197693,
        "dvar2": 1.40860176086,
        "max": 14.8365182877,
        "mean": 2.73474597931,
        "median": 2.50776052475,
        "min": -0.965165019035,
        "var": 2.71602678299
    },
    "melbands_spread": {
        "dmean": 3.91696715355,
        "dmean2": 6.16582727432,
        "dvar": 43.9293937683,
        "dvar2": 106.137145996,
        "max": 205.3256073,
        "mean": 13.3820161819,
        "median": 11.0177764893,
        "min": 0.56844753027,
        "var": 185.516464233
    },
    "pitch_salience": {
        "dmean": 0.0555728934705,
        "dmean2": 0.0942605435848,
        "dvar": 0.00350992335007,
        "dvar2": 0.00963134691119,
        "max": 0.921547889709,
        "mean": 0.468767642975,
        "median": 0.465260565281,
        "min": 0.125281631947,
        "var": 0.00858446862549
    },
    "silence_rate_20dB": {
        "dmean": 0,
        "dmean2": 0,
        "dvar": 0,
        "dvar2": 0,
        "max": 1,
        "mean": 1,
        "median": 1,
        "min": 1,
        "var": 0
    },
    "silence_rate_30dB": {
        "dmean": 0.0147154694423,
        "dmean2": 0.0294336806983,
        "dvar": 0.0144981192425,
        "dvar2": 0.0367634408176,
        "max": 1,
        "mean": 0.988731622696,
        "median": 1,
        "min": 0,
        "var": 0.0111423404887
    },
    "silence_rate_60dB": {
        "dmean": 0.000745087105315,
        "dmean2": 0.00149031297769,
        "dvar": 0.0007445452502,
        "dvar2": 0.00167434918694,
        "max": 1,
        "mean": 0.0257031098008,
        "median": 0,
        "min": 0,
        "var": 0.0250417143106
    },
    "spectral_centroid": {
        "dmean": 193.903778076,
        "dmean2": 292.979034424,
        "dvar": 99735.625,
        "dvar2": 210498.578125,
        "max": 10584.9521484,
        "mean": 887.145568848,
        "median": 683.533081055,
        "min": 171.015838623,
        "var": 424309.875
    },
    "spectral_complexity": {
        "dmean": 3.44006705284,
        "dmean2": 5.36810731888,
        "dvar": 20.3231658936,
        "dvar2": 45.3771896362,
        "max": 52,
        "mean": 14.5967588425,
        "median": 13,
        "min": 0,
        "var": 61.7380447388
    },
    "spectral_decrease": {
        "dmean": 2.15747397725e-09,
        "dmean2": 3.44634742966e-09,
        "dvar": 6.92814179671e-18,
        "dvar2": 1.54700459669e-17,
        "max": 6.64378233113e-16,
        "mean": -9.92557414037e-09,
        "median": -8.16292278216e-09,
        "min": -3.90431296182e-08,
        "var": 3.52702269305e-17
    },
    "spectral_energy": {
        "dmean": 0.00853386241943,
        "dmean2": 0.0136248562485,
        "dvar": 0.000111112916784,
        "dvar2": 0.000249465083471,
        "max": 0.159332439303,
        "mean": 0.0392293967307,
        "median": 0.0324029400945,
        "min": 1.09603781843e-20,
        "var": 0.000553993624635
    },
    "spectral_energyband_high": {
        "dmean": 0.000511639053002,
        "dmean2": 0.000781694368925,
        "dvar": 2.26017596106e-06,
        "dvar2": 5.19942068422e-06,
        "max": 0.0253695193678,
        "mean": 0.000777174485847,
        "median": 0.000112313442514,
        "min": 8.08756295319e-21,
        "var": 4.18508761868e-06
    },
    "spectral_energyband_low": {
        "dmean": 0.00523768970743,
        "dmean2": 0.00869903061539,
        "dvar": 6.58391363686e-05,
        "dvar2": 0.000146735968883,
        "max": 0.0943251550198,
        "mean": 0.0205493886024,
        "median": 0.0188206322491,
        "min": 6.99049091162e-23,
        "var": 0.000167859441717
    },
    "spectral_energyband_middle_high": {
        "dmean": 0.00130453240126,
        "dmean2": 0.00204190681688,
        "dvar": 5.27473821421e-06,
        "dvar2": 1.28779702209e-05,
        "max": 0.0554933026433,
        "mean": 0.00313111231662,
        "median": 0.00159102259204,
        "min": 1.23514716099e-21,
        "var": 2.04112675419e-05
    },
    "spectral_energyband_middle_low": {
        "dmean": 0.00452086236328,
        "dmean2": 0.00711953360587,
        "dvar": 4.4166965381e-05,
        "dvar2": 0.00010607153672,
        "max": 0.107177868485,
        "mean": 0.0152101609856,
        "median": 0.0103609124199,
        "min": 4.81139872367e-22,
        "var": 0.000211823266
    },
    "spectral_entropy": {
        "dmean": 0.280127763748,
        "dmean2": 0.38697052002,
        "dvar": 0.128656625748,
        "dvar2": 0.254976421595,
        "max": 9.81009674072,
        "mean": 7.04326725006,
        "median": 7.02598190308,
        "min": 4.58139419556,
        "var": 0.633419215679
    },
    "spectral_flux": {
        "dmean": 0.0234489142895,
        "dmean2": 0.0369671359658,
        "dvar": 0.000719243602362,
        "dvar2": 0.00140682887286,
        "max": 0.32403075695,
        "mean": 0.0762203112245,
        "median": 0.0667314752936,
        "min": 1.04691824654e-10,
        "var": 0.00194431631826
    },
    "spectral_kurtosis": {
        "dmean": 16.0688476562,
        "dmean2": 24.3909912109,
        "dvar": 2929.38745117,
        "dvar2": 6292.92236328,
        "max": 802.015197754,
        "mean": 29.6017494202,
        "median": 8.70585727692,
        "min": -1.58545172215,
        "var": 6247.38183594
    },
    "spectral_rms": {
        "dmean": 0.000646841421258,
        "dmean2": 0.00102716113906,
        "dvar": 4.64402006628e-07,
        "dvar2": 1.03101604054e-06,
        "max": 0.0124678099528,
        "mean": 0.00588124617934,
        "median": 0.00562251079828,
        "min": 3.270023358e-12,
        "var": 3.68349537894e-06
    },
    "spectral_rolloff": {
        "dmean": 350.870697021,
        "dmean2": 626.750366211,
        "dvar": 1252694.25,
        "dvar2": 2769114.25,
        "max": 19745.9472656,
        "mean": 1000.60626221,
        "median": 516.796875,
        "min": 43.06640625,
        "var": 5219458.5
    },
    "spectral_skewness": {
        "dmean": 0.800884962082,
        "dmean2": 1.23176109791,
        "dvar": 2.8971862793,
        "dvar2": 6.41486883163,
        "max": 22.9111709595,
        "mean": 3.06499147415,
        "median": 2.44402956963,
        "min": -0.128420487046,
        "var": 8.03296375275
    },
    "spectral_spread": {
        "dmean": 836212.3125,
        "dmean2": 1168660,
        "dvar": 1.51626173645e+12,
        "dvar2": 2.53715991757e+12,
        "max": 39601720,
        "mean": 4570234.5,
        "median": 4134748,
        "min": 124667.085938,
        "var": 1.03263785452e+13
    },
    "spectral_strongpeak": {
        "dmean": 0.310982137918,
        "dmean2": 0.554763436317,
        "dvar": 0.530027389526,
        "dvar2": 1.34288167953,
        "max": 7.5420627594,
        "mean": 0.563428342342,
        "median": 0.24844455719,
        "min": 0,
        "var": 0.82366746664
    },
    "zerocrossingrate": {
        "dmean": 0.00859001185745,
        "dmean2": 0.0100413747132,
        "dvar": 0.000223806651775,
        "dvar2": 0.000246555864578,
        "max": 0.7890625,
        "mean": 0.0393932200968,
        "median": 0.02783203125,
        "min": 0.0009765625,
        "var": 0.0050192438066
    },
    "barkbands": {
        "dmean": [0.000981327728368, 0.00440155901015, 0.00142917758785, 0.000438968418166, 0.000912796880584, 0.00134578929283, 0.00171577266883, 0.00163103092927, 0.00107154028956, 0.000578796607442, 0.000306362344418, 0.000126008308143, 0.000112966365123, 0.000181352486834, 0.000174731918378, 0.000220097339479, 0.000111169130832, 8.68477363838e-05, 0.000100263816421, 5.52114252059e-05, 5.37297164556e-05, 4.27439481427e-05, 9.25166241359e-05, 9.99869735097e-05, 0.000168023572769, 7.00132804923e-05, 1.42511589729e-05],
        "dmean2": [0.00174626044463, 0.00732713099569, 0.00254267454147, 0.000715411209967, 0.00140980782453, 0.00214873137884, 0.0025840185117, 0.00253557576798, 0.00168559874874, 0.000872050703038, 0.000466557132313, 0.000196899709408, 0.000184330478078, 0.000309460214339, 0.000287470815238, 0.00036441051634, 0.000191474464373, 0.000151741594891, 0.000167295132997, 9.32804468903e-05, 8.86058114702e-05, 6.88953878125e-05, 0.000148243954754, 0.000155260058818, 0.000256469356827, 0.00010330673831, 2.18998520722e-05],
        "dvar": [1.7020067844e-06, 5.27246629645e-05, 1.40595075209e-05, 6.0538411617e-07, 1.41784596508e-06, 4.40053463535e-06, 1.43084398587e-05, 1.75365548785e-05, 8.26291216072e-06, 2.18194918489e-06, 7.84512224072e-07, 7.03186771034e-08, 6.60707897282e-08, 1.77475257601e-07, 1.35923585276e-07, 2.50146257486e-07, 5.72959315548e-08, 5.09016579997e-08, 5.48348815244e-08, 2.06827852622e-08, 2.56972612078e-08, 1.45726160028e-08, 1.09992768671e-07, 1.1513213849e-07, 4.34354376466e-07, 5.86334216734e-08, 2.53738741129e-09],
        "dvar2": [5.15344618179e-06, 0.000120130331197, 3.99497112085e-05, 1.73012267624e-06, 3.5325144836e-06, 1.08750764412e-05, 3.26040280925e-05, 4.30500331277e-05, 2.27799191634e-05, 4.930209343e-06, 1.83422469036e-06, 1.75129770241e-07, 1.7179748113e-07, 4.74748674151e-07, 3.57280868002e-07, 6.22873017164e-07, 1.59393891863e-07, 1.45921589478e-07, 1.50417676537e-07, 5.80044385856e-08, 6.89545132104e-08, 3.72415591698e-08, 2.98557750966e-07, 2.7208622555e-07, 9.3251492217e-07, 1.20324116892e-07, 5.84711790097e-09],
        "max": [0.0228921473026, 0.0871003940701, 0.04163075611, 0.0163716599345, 0.0198413673788, 0.0476923659444, 0.0878271088004, 0.0693142414093, 0.0667934194207, 0.050169326365, 0.0312941074371, 0.00617637345567, 0.00774828530848, 0.00931247882545, 0.011152183637, 0.00857873912901, 0.00390184856951, 0.00383139890619, 0.00405666325241, 0.00274612242356, 0.00203833705746, 0.00206710677594, 0.00355026405305, 0.00813970714808, 0.0167313460261, 0.00893542356789, 0.00186528800987],
        "mean": [0.00275850342587, 0.0154510186985, 0.00211696326733, 0.000957797397859, 0.00237567233853, 0.00288044475019, 0.00352751859464, 0.0029811845161, 0.00201879162341, 0.0011470047757, 0.000576459162403, 0.000186225370271, 0.000162139462191, 0.000210732265259, 0.000301062769722, 0.000345346546965, 0.000167254504049, 0.000113213944132, 0.000141511991387, 7.59491958888e-05, 7.44148856029e-05, 5.82520042371e-05, 9.9713121017e-05, 0.000138684670674, 0.000244247872615, 9.99513940769e-05, 1.93499854504e-05],
        "median": [0.00165686709806, 0.0138665223494, 0.00123129074927, 0.000708560575731, 0.0017431358574, 0.00154499034397, 0.000574217527173, 0.000557024613954, 0.000608675298281, 0.000318126287311, 0.000156766938744, 5.68238465348e-05, 6.11836294411e-05, 4.8982208682e-05, 8.93539836397e-05, 5.37372725375e-05, 5.58441752219e-05, 2.93893444905e-05, 4.33760214946e-05, 1.69382838067e-05, 8.97265636013e-06, 5.22545997228e-06, 6.44097963232e-06, 1.37602601171e-05, 2.15942272916e-05, 1.17312411021e-05, 2.88847331831e-06],
        "min": [1.72353249358e-24, 5.29621774233e-23, 4.29923592433e-24, 2.63525517157e-23, 8.63925122429e-23, 5.29224882534e-23, 1.00794297717e-22, 1.98799527216e-23, 1.85486694802e-22, 2.00566780747e-23, 5.98516972945e-23, 6.20384512782e-23, 7.7318201074e-23, 5.15868079013e-23, 1.07311550971e-22, 1.58665853165e-22, 1.11906293402e-22, 1.86478917738e-22, 2.52367584524e-22, 3.12145646386e-22, 3.88120297432e-22, 5.14681935135e-22, 6.84953863347e-22, 6.95384396806e-22, 1.41941789928e-21, 1.79218676155e-21, 2.68852460085e-21],
        "var": [8.78835908225e-06, 0.000123054240248, 1.10276841951e-05, 9.34647516715e-07, 4.23482470069e-06, 1.31833476189e-05, 4.45766891062e-05, 4.2484349251e-05, 1.72584332176e-05, 7.25274730939e-06, 2.54837505054e-06, 1.46698880599e-07, 1.15967843328e-07, 2.17345217379e-07, 2.72247973498e-07, 5.03968124121e-07, 8.07882969411e-08, 5.63218485183e-08, 7.64952403642e-08, 2.81959113835e-08, 3.46062059009e-08, 2.17883915354e-08, 1.03785062322e-07, 2.10248046528e-07, 8.877418054e-07, 1.14831507858e-07, 4.14741307964e-09]
    },
    "erbbands": {
        "dmean": [0.20714366436, 0.877031624317, 1.74154567719, 1.39009356499, 1.37490546703, 3.79670834541, 7.04816293716, 12.3468151093, 20.6090335846, 32.4681282043, 32.0087852478, 30.7803382874, 14.2476119995, 16.4938030243, 11.9439678192, 5.54298448563, 5.22070837021, 7.78001070023, 9.89048862457, 10.2721147537, 9.03608322144, 5.77218341827, 4.92858219147, 5.68108415604, 3.42803025246, 2.58039617538, 2.80258488655, 1.73213207722, 1.53890645504, 2.07127451897, 2.47314095497, 2.0216255188, 2.0128018856, 2.17644429207, 1.045825243, 0.384577572346, 0.112477086484, 0.0251379404217, 0.00224047107622, 9.74853537627e-05],
        "dmean2": [0.355012178421, 1.42112314701, 3.10329341888, 2.40635824203, 2.17513990402, 5.81261634827, 11.0668325424, 19.8344020844, 31.1536998749, 49.2924804688, 49.5993843079, 48.4182319641, 21.3376998901, 24.9929275513, 18.3448085785, 8.68502140045, 8.4238576889, 13.1651830673, 16.5447025299, 16.6448764801, 15.2035961151, 10.0141410828, 8.75198554993, 9.39488887787, 5.56895160675, 4.37952852249, 4.6720662117, 2.80245304108, 2.47972726822, 3.25197458267, 3.93939971924, 3.17629313469, 3.12989783287, 3.42016196251, 1.560942173, 0.563035607338, 0.168877109885, 0.0383219756186, 0.00342422234826, 0.000149968414917],
        "dvar": [0.0952602624893, 3.04313445091, 22.8576107025, 9.04478263855, 3.85267949104, 28.9593906403, 103.641914368, 402.612915039, 2126.80053711, 5449.07177734, 9683.97363281, 7222.2109375, 845.352172852, 2942.56738281, 1308.96508789, 156.100585938, 113.418945312, 318.518035889, 481.065093994, 435.155395508, 398.782958984, 188.618148804, 188.192504883, 167.776977539, 58.3620033264, 44.9898071289, 73.9130859375, 25.1782417297, 18.4643974304, 44.4409446716, 77.2140197754, 40.5306777954, 60.5523071289, 88.0278625488, 16.1484661102, 1.98102211952, 0.13851827383, 0.00672681257129, 6.48811619612e-05, 1.29608352495e-07],
        "dvar2": [0.265421003103, 6.94067621231, 64.5103759766, 26.0178203583, 10.183848381, 70.6115188599, 259.586853027, 1018.06677246, 4913.4453125, 12918.4902344, 23322.140625, 20073.8183594, 1852.67663574, 6625.69287109, 3187.53881836, 394.403137207, 284.639709473, 852.275268555, 1244.8807373, 1114.8840332, 1032.4473877, 533.121276855, 545.87310791, 450.488739014, 152.815536499, 124.82888031, 216.930023193, 62.7870597839, 47.9489822388, 113.628387451, 209.205108643, 99.2633056641, 146.999084473, 208.45249939, 33.8213615417, 4.05277252197, 0.285014271736, 0.0149809829891, 0.000151516578626, 2.91277643782e-07],
        "max": [3.61818552017, 19.5955238342, 48.1662750244, 50.9985275269, 45.1522712708, 104.827522278, 168.372360229, 439.508117676, 945.98248291, 1424.25561523, 1885.29077148, 2021.45080566, 986.683410645, 1820.17895508, 1445.32751465, 322.760925293, 387.567901611, 384.480316162, 685.799560547, 394.392700195, 329.980895996, 181.980224609, 222.52130127, 221.493545532, 179.694351196, 125.477462769, 126.114570618, 90.7235717773, 86.114364624, 143.282455444, 142.620986938, 133.311828613, 217.488693237, 240.977203369, 116.926704407, 47.0854530334, 12.4652509689, 2.32848381996, 0.320681899786, 0.0165777746588],
        "mean": [0.711176991463, 2.41299581528, 2.71190690994, 2.97551345825, 3.8987057209, 8.85988330841, 15.4832983017, 25.7320957184, 43.0240402222, 68.6078262329, 57.7246055603, 57.790435791, 30.0541706085, 31.2130260468, 22.9305324554, 9.16917610168, 8.18654251099, 9.93700408936, 14.8103380203, 19.3762531281, 14.8415298462, 8.24296092987, 6.18092441559, 7.84427833557, 5.51007795334, 3.59674572945, 3.46343851089, 2.52113842964, 2.05964565277, 2.46711683273, 2.80118513107, 2.51884198189, 2.76416611671, 2.95264673233, 1.55029392242, 0.538329720497, 0.162101015449, 0.0362143404782, 0.00300886691548, 0.00016875944857],
        "median": [0.677316009998, 1.85654568672, 1.59801638126, 2.15583086014, 3.10532426834, 6.05031585693, 10.4498634338, 12.9709320068, 9.56588172913, 13.4788036346, 12.2993812561, 17.8129119873, 13.2993717194, 6.06279611588, 7.00754737854, 3.05885219574, 3.47491884232, 2.67948579788, 4.45681190491, 4.15119743347, 3.49034643173, 2.93497657776, 1.7982749939, 2.35416126251, 1.79952645302, 0.797095298767, 0.487365305424, 0.277935385704, 0.187401920557, 0.170677274466, 0.190948665142, 0.225617513061, 0.249421089888, 0.217579245567, 0.137079894543, 0.0528789572418, 0.0197082031518, 0.00485890638083, 0.000469601771329, 6.87343708705e-05],
        "min": [1.86995244239e-21, 1.04327936654e-20, 7.37006212778e-21, 4.92564664402e-20, 1.80454038896e-19, 3.52505783925e-19, 2.88734604793e-19, 5.41851277698e-19, 1.52551305885e-18, 6.86145749426e-19, 7.03293151826e-19, 4.37781368727e-18, 2.27286050593e-18, 1.98418894781e-18, 2.16710070833e-18, 1.96344181048e-18, 3.66572863951e-18, 3.46896760079e-18, 3.39065034719e-18, 6.36545011707e-18, 9.03182794415e-18, 8.1503677398e-18, 1.06476946651e-17, 8.23953284675e-18, 1.65199581943e-17, 1.59156779414e-17, 1.68491181754e-17, 1.46085489394e-17, 1.3933534818e-17, 1.84667095679e-17, 2.43165292055e-17, 1.41548850412e-17, 1.2898430778e-17, 1.40460065659e-17, 1.04672964997e-17, 5.73346469034e-18, 3.64876523309e-18, 1.31656299682e-18, 3.55175767846e-19, 4.3981907259e-20],
        "var": [0.208697080612, 5.81626796722, 17.6652927399, 9.75879573822, 11.0609512329, 80.3389282227, 265.280212402, 1139.70678711, 6019.45800781, 16338.1113281, 21120.4257812, 14410.0917969, 2924.45263672, 8708.6171875, 4199.91259766, 354.719482422, 272.146850586, 446.000518799, 842.108886719, 1061.59558105, 785.156738281, 216.589309692, 176.099487305, 241.281295776, 107.673156738, 62.4150695801, 77.5497436523, 38.6883735657, 26.4058532715, 51.7400398254, 79.6520385742, 57.5103187561, 99.2507095337, 144.762283325, 35.6928443909, 4.05727338791, 0.267273515463, 0.0122729232535, 9.94413421722e-05, 1.91662181237e-07]
    },
    "gfcc": {
        "mean": [-46.8986434937, 128.093658447, -74.2075958252, 5.93769931793, -41.0248565674, 1.47027254105, -29.7904033661, 19.4798088074, -13.7700204849, 5.95878171921, -7.13816070557, 1.04043090343, -1.86298966408],
        "cov": [[21115.078125, -4519.81396484, -811.850952148, 1258.25488281, -1786.35241699, 1435.95214844, -986.346923828, 1342.81237793, -200.87487793, 1171.42980957, -548.18359375, 326.83291626, -561.21875], [-4519.81396484, 5096.86865234, -57.3069229126, -803.942749023, 1021.61798096, -639.045654297, 848.765014648, -486.641662598, 282.745910645, -463.977142334, 389.073944092, -279.464385986, 312.854187012], [-811.850952148, -57.3069229126, 1893.0925293, -80.7746734619, -193.256576538, 363.645355225, 118.493034363, 183.698043823, -93.5707626343, 89.7518997192, 172.210189819, 102.871009827, -117.234840393], [1258.25488281, -803.942749023, -80.7746734619, 963.692077637, -82.4677200317, 114.873512268, -1.23997247219, 39.8576545715, 1.29431128502, 36.7104568481, -64.8463973999, 50.5204658508, 9.22798919678], [-1786.35241699, 1021.61798096, -193.256576538, -82.4677200317, 553.612304688, -186.619720459, 206.703109741, -180.944152832, 71.1457138062, -155.836593628, 75.0594940186, -65.9908065796, 113.841819763], [1435.95214844, -639.045654297, 363.645355225, 114.873512268, -186.619720459, 435.876953125, -23.1640605927, 114.941299438, -20.8379364014, 125.350273132, -9.88212966919, 55.3780899048, -82.5756072998], [-986.346923828, 848.765014648, 118.493034363, -1.23997247219, 206.703109741, -23.1640605927, 367.800933838, -76.7543258667, 63.9587135315, -80.6119232178, 94.2114181519, -47.4944496155, 40.6790657043], [1342.81237793, -486.641662598, 183.698043823, 39.8576545715, -180.944152832, 114.941299438, -76.7543258667, 253.513946533, -58.356048584, 110.454727173, -16.5937919617, 31.7167072296, -67.5294113159], [-200.87487793, 282.745910645, -93.5707626343, 1.29431128502, 71.1457138062, -20.8379364014, 63.9587135315, -58.356048584, 184.267913818, -38.7384185791, -10.1366596222, -13.4321231842, 2.22419381142], [1171.42980957, -463.977142334, 89.7518997192, 36.7104568481, -155.836593628, 125.350273132, -80.6119232178, 110.454727173, -38.7384185791, 168.899246216, -26.0911159515, 12.7112264633, -63.7392234802], [-548.18359375, 389.073944092, 172.210189819, -64.8463973999, 75.0594940186, -9.88212966919, 94.2114181519, -16.5937919617, -10.1366596222, -26.0911159515, 113.545761108, -6.87438058853, 6.9500041008], [326.83291626, -279.464385986, 102.871009827, 50.5204658508, -65.9908065796, 55.3780899048, -47.4944496155, 31.7167072296, -13.4321231842, 12.7112264633, -6.87438058853, 77.818901062, -24.5750522614], [-561.21875, 312.854187012, -117.234840393, 9.22798919678, 113.841819763, -82.5756072998, 40.6790657043, -67.5294113159, 2.22419381142, -63.7392234802, 6.9500041008, -24.5750522614, 111.29750824]],
        "icov": [[0.000220704037929, -0.000269601412583, 0.000325286324369, -0.000260684872046, 0.000265176786343, -0.00060858996585, 0.000317256082781, -0.000753653876018, 0.000111772977107, -0.000772969913669, 0.000516197818797, -0.000709625135642, 0.000305159890559], [-0.000269601412583, 0.00115710124373, -0.000470952189062, 0.000766718178056, -0.000597748556174, 0.00126119889319, -0.00129927985836, 0.00105048599653, -0.000858886050992, 0.00121717958245, -0.00198464514688, 0.00186603260227, -0.00126209284645], [0.000325286324369, -0.000470952189062, 0.00136283633765, -0.000309196911985, 0.000617580022663, -0.00147266918793, 0.000243196409428, -0.00141698867083, 0.000449802813819, -0.00102440046612, -0.000361793703632, -0.00190830754582, 0.000757875852287], [-0.000260684872046, 0.000766718178056, -0.000309196911985, 0.00175044767093, -0.000362521037459, 0.000714783614967, -0.0012724166736, 0.000862815533765, -0.000494841777254, 0.000886451802216, -0.000661546713673, 0.000447725702543, -0.00139312271494], [0.000265176786343, -0.000597748556174, 0.000617580022663, -0.000362521037459, 0.00394588895142, -0.000540595559869, -0.000311356474413, -0.000126400685986, -5.36505976925e-05, -8.49684656714e-05, -0.000235307175899, -0.000534635153599, -0.000853024714161], [-0.00060858996585, 0.00126119889319, -0.00147266918793, 0.000714783614967, -0.000540595559869, 0.00582582503557, -0.0020462567918, 0.00214361026883, -0.00103767041583, 0.000234105595155, -0.00165956036653, 0.00123417680152, -0.000769684906118], [0.000317256082781, -0.00129927985836, 0.000243196409428, -0.0012724166736, -0.000311356474413, -0.0020462567918, 0.00635328283533, -0.00121763604693, -0.000307489564875, -0.000261723354924, -0.000677565927617, 0.000426929414971, 0.00134588393848], [-0.000753653876018, 0.00105048599653, -0.00141698867083, 0.000862815533765, -0.000126400685986, 0.00214361026883, -0.00121763604693, 0.00910167302936, 0.000516422616784, 0.000123974008602, -0.00178542535286, 0.00207680696622, 5.94641903717e-07], [0.000111772977107, -0.000858886050992, 0.000449802813819, -0.000494841777254, -5.36505976925e-05, -0.00103767041583, -0.000307489564875, 0.000516422616784, 0.00740128057078, 0.000308370537823, 0.00328640709631, -0.00113846443128, 0.00277555827051], [-0.000772969913669, 0.00121717958245, -0.00102440046612, 0.000886451802216, -8.49684656714e-05, 0.000234105595155, -0.000261723354924, 0.000123974008602, 0.000308370537823, 0.0144802248105, -0.00191618758254, 0.00599999912083, 0.00169080717023], [0.000516197818797, -0.00198464514688, -0.000361793703632, -0.000661546713673, -0.000235307175899, -0.00165956036653, -0.000677565927617, -0.00178542535286, 0.00328640709631, -0.00191618758254, 0.0180333703756, -0.00369519903325, 0.00292413844727], [-0.000709625135642, 0.00186603260227, -0.00190830754582, 0.000447725702543, -0.000534635153599, 0.00123417680152, 0.000426929414971, 0.00207680696622, -0.00113846443128, 0.00599999912083, -0.00369519903325, 0.0213767960668, 0.000105459534097], [0.000305159890559, -0.00126209284645, 0.000757875852287, -0.00139312271494, -0.000853024714161, -0.000769684906118, 0.00134588393848, 5.94641903717e-07, 0.00277555827051, 0.00169080717023, 0.00292413844727, 0.000105459534097, 0.0155486632138]]
    },
    "melbands": {
        "dmean": [0.00142491597217, 0.000952092115767, 0.00022352625092, 0.00015317829093, 0.000240061504883, 0.000274149380857, 0.000324295222526, 0.000346318469383, 0.000267257652013, 0.000168892001966, 6.8265995651e-05, 6.98029907653e-05, 4.25527650805e-05, 1.80247570825e-05, 1.2673506717e-05, 1.0443984138e-05, 1.60594208864e-05, 1.71068204509e-05, 1.12810848805e-05, 1.86854085769e-05, 8.95930952538e-06, 6.42698887532e-06, 5.9333151512e-06, 3.79362882086e-06, 5.04628997078e-06, 3.3732776501e-06, 1.68400265466e-06, 1.77563458692e-06, 1.97788085643e-06, 1.35464676987e-06, 8.83347979652e-07, 9.86273448689e-07, 7.29925716314e-07, 1.33841797378e-06, 1.34385811634e-06, 1.61973969171e-06, 1.19136177545e-06, 1.27951739159e-06, 1.89282275187e-06, 1.93718756236e-06],
        "dmean2": [0.00242060353048, 0.00162462773733, 0.000386000465369, 0.000237659434788, 0.000374329771148, 0.00043736299267, 0.000489034689963, 0.000530549208634, 0.000413845409639, 0.000266001035925, 0.000101645106042, 0.000106332699943, 6.49243011139e-05, 2.79655705526e-05, 2.0130417397e-05, 1.71953088284e-05, 2.7249685445e-05, 2.88547325908e-05, 1.83394113265e-05, 3.05227476929e-05, 1.51714530148e-05, 1.10509618025e-05, 1.06370998765e-05, 6.40534790364e-06, 8.36546587379e-06, 5.80565665587e-06, 2.61451327788e-06, 3.07183495352e-06, 3.39703865393e-06, 2.20933839046e-06, 1.44381851896e-06, 1.63036895628e-06, 1.06313314063e-06, 2.15330328501e-06, 2.13149291994e-06, 2.7017206321e-06, 1.87428690879e-06, 1.97575172933e-06, 3.01380123346e-06, 3.07063464788e-06],
        "dvar": [4.88148816657e-06, 5.44987869944e-06, 2.27630110317e-07, 4.45792522896e-08, 1.04579321203e-07, 1.96432651478e-07, 5.14372572979e-07, 6.06087382948e-07, 6.03733838034e-07, 2.26079791332e-07, 2.06217389831e-08, 5.49750929224e-08, 1.64622591114e-08, 1.45807865781e-09, 5.81197423521e-10, 6.57620680133e-10, 1.38998756949e-09, 1.48773948716e-09, 5.63691648914e-10, 1.72122205377e-09, 3.39595462862e-10, 2.08946707159e-10, 2.57692867045e-10, 8.16802042669e-11, 1.33965907811e-10, 7.10613443089e-11, 1.33391414234e-11, 2.26980500367e-11, 3.81794040827e-11, 1.62545584631e-11, 6.11073301335e-12, 7.58748185808e-12, 4.60438761771e-12, 1.90601041894e-11, 2.22139355521e-11, 3.86557452714e-11, 1.36177215337e-11, 2.53538978007e-11, 6.34755234485e-11, 8.29344024011e-11],
        "dvar2": [1.23062936837e-05, 1.4549574189e-05, 6.53011227314e-07, 1.12639654049e-07, 2.60537092345e-07, 4.89368744638e-07, 1.17841102565e-06, 1.47384139382e-06, 1.44820364767e-06, 6.29583098544e-07, 4.51066526352e-08, 1.2504631286e-07, 3.88798397921e-08, 3.57485463454e-09, 1.49210976907e-09, 1.71506231439e-09, 3.72065800391e-09, 3.82716303093e-09, 1.46820100522e-09, 4.21913393112e-09, 9.06603236928e-10, 5.80200332223e-10, 7.46282757813e-10, 2.28492752496e-10, 3.55847989963e-10, 1.97635963151e-10, 3.17997884969e-11, 6.35746802424e-11, 1.15386783461e-10, 4.19001847107e-11, 1.53554408772e-11, 2.08970306337e-11, 1.06170038039e-11, 4.88709593627e-11, 5.88423129666e-11, 1.07036761399e-10, 3.21261073299e-11, 6.30524590872e-11, 1.55551835301e-10, 2.04029029782e-10],
        "max": [0.0253050830215, 0.023592973128, 0.00889518950135, 0.00414132513106, 0.00459644710645, 0.010095288977, 0.0163329225034, 0.0149278575554, 0.0150124449283, 0.0113035347313, 0.00477585103363, 0.00753840385005, 0.00479276804253, 0.000943353981711, 0.000604743137956, 0.000890087045263, 0.000884600623976, 0.00101602217183, 0.000595658784732, 0.000740976596717, 0.000278573628748, 0.000227936645388, 0.000215137712075, 0.000208692377782, 0.00020619831048, 0.000157271468197, 9.56710791797e-05, 0.000100319564808, 9.73434944171e-05, 4.35319416283e-05, 5.97371508775e-05, 5.77979153604e-05, 6.29618516541e-05, 8.62039232743e-05, 9.88114334177e-05, 6.98373623891e-05, 0.000103651771497, 0.000143328594277, 0.000246394280111, 0.000272772827884],
        "mean": [0.00529741449282, 0.00199138210155, 0.000546003167983, 0.000425246078521, 0.000558985862881, 0.000579279498197, 0.00068211753387, 0.000729222840164, 0.000470954139018, 0.00031628049328, 0.000137153212563, 0.000126166080008, 8.0687845184e-05, 2.9880211514e-05, 1.93643863895e-05, 1.47837099576e-05, 1.92938277905e-05, 2.37244257733e-05, 1.94009371626e-05, 3.17511476169e-05, 1.43342485899e-05, 9.19657850318e-06, 6.38093933958e-06, 5.22872142028e-06, 6.64828303343e-06, 4.68051803182e-06, 2.8182821552e-06, 2.28751605391e-06, 2.25320309255e-06, 1.91393110072e-06, 1.25014855712e-06, 1.16064711619e-06, 1.11658607693e-06, 1.47023399677e-06, 1.56382293426e-06, 1.6542328467e-06, 1.5210324591e-06, 1.73113312485e-06, 2.43256522481e-06, 2.51583537647e-06],
        "median": [0.00499268155545, 0.00133295194246, 0.000435605033999, 0.000321501167491, 0.000398664444219, 0.000295945559628, 0.000136279675644, 0.000149242856423, 0.000101652767626, 9.72278503468e-05, 4.85777054564e-05, 2.07632911042e-05, 2.21091177082e-05, 1.00263869172e-05, 7.75552871346e-06, 5.66037124372e-06, 4.29135252489e-06, 6.32527735434e-06, 5.7531742641e-06, 4.33824334323e-06, 3.61916340808e-06, 2.96717189485e-06, 1.7515418449e-06, 1.38349992085e-06, 1.86084116649e-06, 1.3863800632e-06, 8.20799527901e-07, 4.00818692015e-07, 3.04157026676e-07, 1.98111763439e-07, 1.39660755849e-07, 1.08349858863e-07, 7.92290322238e-08, 9.47231484361e-08, 1.07467215571e-07, 1.00368310996e-07, 1.44319940887e-07, 1.48756356566e-07, 1.7180894929e-07, 1.65496146565e-07],
        "min": [1.59696212792e-23, 7.09926220867e-24, 1.14683210006e-23, 2.07759204273e-23, 1.10956031555e-23, 1.25712163881e-23, 2.21536060449e-23, 6.30720089476e-24, 6.49533120445e-24, 2.97534162751e-23, 1.00893542729e-23, 6.96325154456e-24, 7.42475883994e-24, 7.31905700067e-24, 4.78167682712e-24, 9.00303837504e-24, 5.89193425906e-24, 4.01571852613e-24, 9.22277794677e-24, 5.44556954318e-24, 1.30870730444e-23, 8.98039412276e-24, 7.25556789729e-24, 9.06374279942e-24, 5.76368480296e-24, 1.14529863334e-23, 1.1275275693e-23, 1.0392399134e-23, 9.01755420456e-24, 9.96450756835e-24, 8.68809118066e-24, 6.6207525942e-24, 1.13383545887e-23, 8.40913260963e-24, 1.27996168637e-23, 1.17478215191e-23, 8.67922911725e-24, 8.49346420698e-24, 1.04692515411e-23, 1.25583137792e-23],
        "var": [1.11449980977e-05, 5.75134981773e-06, 2.56237569829e-07, 1.28442223968e-07, 2.8934610441e-07, 5.81334120398e-07, 1.52804727804e-06, 1.80456061116e-06, 1.28753072204e-06, 4.44409693046e-07, 7.06176450649e-08, 1.54498323468e-07, 5.10229831718e-08, 4.16964240912e-09, 1.30339361526e-09, 1.0166733011e-09, 1.93223459455e-09, 2.37788699842e-09, 1.04845487847e-09, 3.96031429872e-09, 6.48870623898e-10, 2.74285621993e-10, 2.06455269547e-10, 1.1315637316e-10, 1.87473453428e-10, 9.00310381802e-11, 3.06585902499e-11, 2.8409014724e-11, 3.5196106446e-11, 2.38502533695e-11, 9.20704311402e-12, 8.84995202122e-12, 8.70017079213e-12, 2.01183288778e-11, 2.52706640336e-11, 3.22513613038e-11, 2.23040058644e-11, 3.98697012904e-11, 9.35359567578e-11, 1.19909096541e-10]
    },
    "mfcc": {
        "mean": [-698.886169434, 166.515686035, 26.3878898621, 16.9860572815, 12.143828392, -9.09934997559, 3.04194021225, 2.50637435913, 6.32025575638, 7.16143035889, 2.57540655136, 1.50739991665, 4.55896568298],
        "cov": [[12693.7636719, -2720.0949707, -1040.44030762, -138.079147339, 146.68661499, -234.943725586, -243.60067749, -127.24887085, 213.765548706, 491.888885498, 173.177825928, 76.1205215454, 162.516036987], [-2720.0949707, 3283.5847168, -63.3036575317, -126.617584229, -50.1489982605, 20.8544960022, 228.364181519, 71.2288589478, 47.1734466553, 17.2603721619, 35.5914573669, 14.0104808807, 32.2457962036], [-1040.44030762, -63.3036575317, 1769.53710938, -20.2894306183, -81.2508773804, 137.270751953, 229.312210083, 160.503173828, -69.3899459839, -44.3190383911, 163.007522583, 165.227005005, 56.3596611023], [-138.079147339, -126.617584229, -20.2894306183, 626.890869141, 80.1396026611, 72.8810043335, 55.6407585144, 57.4435195923, 48.2429695129, -15.7981233597, -0.908213853836, 12.3092432022, -21.1404151917], [146.68661499, -50.1489982605, -81.2508773804, 80.1396026611, 214.695541382, 15.763879776, -1.21836483479, 3.10950136185, 21.2869129181, -11.3714256287, -23.326839447, -12.3772144318, 1.82030487061], [-234.943725586, 20.8544960022, 137.270751953, 72.8810043335, 15.763879776, 335.006622314, 47.9883575439, 73.2096405029, 19.2181968689, 13.7008361816, 8.75168800354, 30.6441364288, 10.7873268127], [-243.60067749, 228.364181519, 229.312210083, 55.6407585144, -1.21836483479, 47.9883575439, 272.636108398, 37.0449028015, -11.0543165207, 11.465959549, 40.1956558228, 27.8111438751, -15.6365966797], [-127.24887085, 71.2288589478, 160.503173828, 57.4435195923, 3.10950136185, 73.2096405029, 37.0449028015, 150.633956909, 18.4510993958, -2.99381256104, 21.720281601, 29.215303421, 15.9537563324], [213.765548706, 47.1734466553, -69.3899459839, 48.2429695129, 21.2869129181, 19.2181968689, -11.0543165207, 18.4510993958, 95.5744781494, 26.6051845551, -1.46216535568, -3.88683962822, 3.7407002449], [491.888885498, 17.2603721619, -44.3190383911, -15.7981233597, -11.3714256287, 13.7008361816, 11.465959549, -2.99381256104, 26.6051845551, 113.81363678, 25.7137928009, -5.081553936, 5.38777160645], [173.177825928, 35.5914573669, 163.007522583, -0.908213853836, -23.326839447, 8.75168800354, 40.1956558228, 21.720281601, -1.46216535568, 25.7137928009, 114.084274292, 57.0072364807, 6.09527921677], [76.1205215454, 14.0104808807, 165.227005005, 12.3092432022, -12.3772144318, 30.6441364288, 27.8111438751, 29.215303421, -3.88683962822, -5.081553936, 57.0072364807, 101.466217041, 20.3685703278], [162.516036987, 32.2457962036, 56.3596611023, -21.1404151917, 1.82030487061, 10.7873268127, -15.6365966797, 15.9537563324, 3.7407002449, 5.38777160645, 6.09527921677, 20.3685703278, 82.9529953003]],
