{
"lowlevel": {
    "average_loudness": 0.746626794338,
    "barkbands_crest": {
        "dmean": 2.5201690197,
        "dmean2": 3.80604100227,
        "dvar": 6.38552856445,
        "dvar2": 15.6316404343,
        "max": 26.6521205902,
        "mean": 15.094912529,
        "median": 14.2711086273,
        "min": 2.84961676598,
        "var": 32.1069297791
    },
    "barkbands_flatness_db": {
        "dmean": 0.0364695005119,
        "dmean2": 0.0528370216489,
        "dvar": 0.00184352742508,
        "dvar2": 0.00343796866946,
        "max": 0.711536467075,
        "mean": 0.296683937311,
        "median": 0.286628782749,
        "min": 0.0315382741392,
        "var": 0.0153750078753
    },
    "barkbands_kurtosis": {
        "dmean": 7.55478239059,
        "dmean2": 12.3431119919,
        "dvar": 375.007293701,
        "dvar2": 1010.43347168,
        "max": 580.03894043,
        "mean": 12.3068265915,
        "median": 4.43794536591,
        "min": -1.85709857941,
        "var": 580.174255371
    },
    "barkbands_skewness": {
        "dmean": 0.787360310555,
        "dmean2": 1.21313619614,
        "dvar": 1.08473098278,
        "dvar2": 2.73965263367,
        "max": 18.0428695679,
        "mean": 2.20101428032,
        "median": 1.65896320343,
        "min": -3.33774614334,
        "var": 4.25371837616
    },
    "barkbands_spread": {
        "dmean": 3.60106348991,
        "dmean2": 5.52517557144,
        "dvar": 50.9561271667,
        "dvar2": 110.989456177,
        "max": 79.9955749512,
        "mean": 9.36026191711,
        "median": 6.18475294113,
        "min": 0.08496953547,
        "var": 108.734268188
    },
    "dissonance": {
        "dmean": 0.0404073223472,
        "dmean2": 0.0666847899556,
        "dvar": 0.00151673331857,
        "dvar2": 0.0038959144149,
        "max": 0.499886631966,
        "mean": 0.381751686335,
        "median": 0.397563815117,
        "min": 0.0867260694504,
        "var": 0.00621789321303
    },
    "dynamic_complexity": 3.64558839798,
    "erbbands_crest": {
        "dmean": 2.25824308395,
        "dmean2": 3.44773292542,
        "dvar": 4.81721591949,
        "dvar2": 10.8192691803,
        "max": 29.8331890106,
        "mean": 12.1995744705,
        "median": 11.4698524475,
        "min": 2.76486897469,
        "var": 21.4048938751
    },
    "erbbands_flatness_db": {
        "dmean": 0.0292892698199,
        "dmean2": 0.0387912504375,
        "dvar": 0.00133138743695,
        "dvar2": 0.00237672775984,
        "max": 0.690051972866,
        "mean": 0.276960492134,
        "median": 0.249831289053,
        "min": 0.0683593004942,
        "var": 0.0158729832619
    },
    "erbbands_kurtosis": {
        "dmean": 2.26494717598,
        "dmean2": 3.44448471069,
        "dvar": 11.358045578,
        "dvar2": 27.1611385345,
        "max": 84.1438827515,
        "mean": 3.97366786003,
        "median": 2.59635019302,
        "min": -1.85276854038,
        "var": 28.7179718018
    },
    "erbbands_skewness": {
        "dmean": 0.527075767517,
        "dmean2": 0.77377396822,
        "dvar": 0.35626116395,
        "dvar2": 0.777800381184,
        "max": 6.43858289719,
        "mean": 1.02329039574,
        "median": 0.991472065449,
        "min": -3.14505314827,
        "var": 1.27957820892
    },
    "erbbands_spread": {
        "dmean": 8.21916007996,
        "dmean2": 12.2440786362,
        "dvar": 191.348358154,
        "dvar2": 392.3800354,
        "max": 163.355621338,
        "mean": 20.9541454315,
        "median": 13.8436956406,
        "min": 0.373702943325,
        "var": 406.294403076
    },
    "hfc": {
        "dmean": 6.47117137909,
        "dmean2": 9.71403408051,
        "dvar": 320.450958252,
        "dvar2": 769.137817383,
        "max": 235.031951904,
        "mean": 14.4487171173,
        "median": 9.34913635254,
        "min": 1.17948940858e-16,
        "var": 444.620117188
    },
    "melbands_crest": {
        "dmean": 2.63922357559,
        "dmean2": 4.03179550171,
        "dvar": 7.62350940704,
        "dvar2": 19.5911216736,
        "max": 34.8198432922,
        "mean": 17.6866664886,
        "median": 16.9252624512,
        "min": 1.00376045704,
        "var": 44.8794441223
    },
    "melbands_flatness_db": {
        "dmean": 0.041171271354,
        "dmean2": 0.0593383274972,
        "dvar": 0.00264290696941,
        "dvar2": 0.0050085708499,
        "max": 0.820231378078,
        "mean": 0.375555545092,
        "median": 0.354211091995,
        "min": -5.43603277947e-07,
        "var": 0.0193145349622
    },
    "melbands_kurtosis": {
        "dmean": 11.624997139,
        "dmean2": 18.7803668976,
        "dvar": 752.94921875,
        "dvar2": 1914.01086426,
        "max": 481.23550415,
        "mean": 19.2994556427,
        "median": 7.59796905518,
        "min": -1.8219691515,
        "var": 1173.46057129
    },
    "melbands_skewness": {
        "dmean": 0.864265859127,
        "dmean2": 1.30883359909,
        "dvar": 1.26513457298,
        "dvar2": 2.95612287521,
        "max": 17.2531604767,
        "mean": 2.63900947571,
        "median": 2.09718132019,
        "min": -2.78533482552,
        "var": 5.00429344177
    },
    "melbands_spread": {
        "dmean": 3.36035013199,
        "dmean2": 5.29474925995,
        "dvar": 56.6312255859,
        "dvar2": 144.580245972,
        "max": 136.956222534,
        "mean": 9.88929080963,
        "median": 7.41804122925,
        "min": 0.277517586946,
        "var": 100.562995911
    },
    "pitch_salience": {
        "dmean": 0.0682051256299,
        "dmean2": 0.105691023171,
        "dvar": 0.00596434203908,
        "dvar2": 0.0139220822603,
        "max": 0.995987951756,
        "mean": 0.423075795174,
        "median": 0.439320206642,
        "min": 0.0439522080123,
        "var": 0.0222768913954
    },
    "silence_rate_20dB": {
        "dmean": 0,
        "dmean2": 0,
        "dvar": 0,
        "dvar2": 0,
        "max": 1,
        "mean": 1,
        "median": 1,
        "min": 1,
        "var": 0
    },
    "silence_rate_30dB": {
        "dmean": 0.0510299243033,
        "dmean2": 0.102068498731,
        "dvar": 0.0484257750213,
        "dvar2": 0.105550386012,
        "max": 1,
        "mean": 0.813103914261,
        "median": 1,
        "min": 0,
        "var": 0.151955872774
    },
    "silence_rate_60dB": {
        "dmean": 0.0149190472439,
        "dmean2": 0.0298406239599,
        "dvar": 0.0146985491738,
        "dvar2": 0.0331839770079,
        "max": 1,
        "mean": 0.0812002047896,
        "median": 0,
        "min": 0,
        "var": 0.0746050104499
    },
    "spectral_centroid": {
        "dmean": 144.467880249,
        "dmean2": 211.013092041,
        "dvar": 104329.4375,
        "dvar2": 199955.984375,
        "max": 11159.8808594,
        "mean": 761.78125,
        "median": 621.555664062,
        "min": 103.654678345,
        "var": 278355.65625
    },
    "spectral_complexity": {
        "dmean": 2.38314819336,
        "dmean2": 3.52526283264,
        "dvar": 24.9518280029,
        "dvar2": 41.73802948,
        "max": 61,
        "mean": 10.9414310455,
        "median": 10,
        "min": 0,
        "var": 68.5817489624
    },
    "spectral_decrease": {
        "dmean": 4.12432488162e-09,
        "dmean2": 6.8274825793e-09,
        "dvar": 5.26845427293e-17,
        "dvar2": 1.5031557855e-16,
        "max": 4.21869802597e-20,
        "mean": -1.17847074321e-08,
        "median": -5.54133450237e-09,
        "min": -7.53260920305e-08,
        "var": 2.00632856098e-16
    },
    "spectral_energy": {
        "dmean": 0.0158908776939,
        "dmean2": 0.0262825340033,
        "dvar": 0.000771997612901,
        "dvar2": 0.00219229282811,
        "max": 0.286411911249,
        "mean": 0.0457886345685,
        "median": 0.021870996803,
        "min": 1.06265494148e-20,
        "var": 0.00293895578943
    },
    "spectral_energyband_high": {
        "dmean": 0.00053750234656,
        "dmean2": 0.000819595356006,
        "dvar": 4.23656274506e-06,
        "dvar2": 1.06494162537e-05,
        "max": 0.0259841922671,
        "mean": 0.00057351362193,
        "median": 2.14143929043e-05,
        "min": 7.82077054846e-21,
        "var": 4.68495909445e-06
    },
    "spectral_energyband_low": {
        "dmean": 0.0139634888619,
        "dmean2": 0.0222268085927,
        "dvar": 0.000686682935338,
        "dvar2": 0.00193677213974,
        "max": 0.281483471394,
        "mean": 0.0309840738773,
        "median": 0.00621229130775,
        "min": 4.82941908354e-23,
        "var": 0.00244332803413
    },
    "spectral_energyband_middle_high": {
        "dmean": 0.00113093480468,
        "dmean2": 0.00173084693961,
        "dvar": 6.54257428323e-06,
        "dvar2": 1.482207972e-05,
        "max": 0.0384851582348,
        "mean": 0.00254041771404,
        "median": 0.00134476739913,
        "min": 1.38993383799e-21,
        "var": 1.22158189697e-05
    },
    "spectral_energyband_middle_low": {
        "dmean": 0.00638891337439,
        "dmean2": 0.0111760962754,
        "dvar": 0.000386801431887,
        "dvar2": 0.00108289916534,
        "max": 0.179717421532,
        "mean": 0.012619917281,
        "median": 0.00843534991145,
        "min": 2.32896477899e-22,
        "var": 0.000300477258861
    },
    "spectral_entropy": {
        "dmean": 0.307583391666,
        "dmean2": 0.435245066881,
        "dvar": 0.169290959835,
        "dvar2": 0.336766302586,
        "max": 9.81330490112,
        "mean": 6.4356880188,
        "median": 6.4934668541,
        "min": 3.33771967888,
        "var": 0.928788244724
    },
    "spectral_flux": {
        "dmean": 0.031945746392,
        "dmean2": 0.0478179827332,
        "dvar": 0.00232070032507,
        "dvar2": 0.00420735543594,
        "max": 0.522040367126,
        "mean": 0.0794771388173,
        "median": 0.0487517490983,
        "min": 6.64592894606e-11,
        "var": 0.00754454592243
    },
    "spectral_kurtosis": {
        "dmean": 15.890089035,
        "dmean2": 25.4771976471,
        "dvar": 857.1484375,
        "dvar2": 2109.1340332,
        "max": 678.809631348,
        "mean": 40.082195282,
        "median": 12.4533576965,
        "min": -1.23863172531,
        "var": 4567.86083984
    },
    "spectral_rms": {
        "dmean": 0.000942972605117,
        "dmean2": 0.00149885250721,
        "dvar": 1.82482915534e-06,
        "dvar2": 4.84690781377e-06,
        "max": 0.0167160481215,
        "mean": 0.00562441302463,
        "median": 0.00461925938725,
        "min": 3.21983932572e-12,
        "var": 1.30376974994e-05
    },
    "spectral_rolloff": {
        "dmean": 220.282714844,
        "dmean2": 379.546661377,
        "dvar": 443749.375,
        "dvar2": 1060148.25,
        "max": 19315.2832031,
        "mean": 759.514160156,
        "median": 624.462890625,
        "min": 64.599609375,
        "var": 847978.25
    },
    "spectral_skewness": {
        "dmean": 0.963172018528,
        "dmean2": 1.48517799377,
        "dvar": 1.63965129852,
        "dvar2": 3.73164606094,
        "max": 21.2419338226,
        "mean": 3.7992682457,
        "median": 2.77325344086,
        "min": -0.0256019029766,
        "var": 9.6586151123
    },
    "spectral_spread": {
        "dmean": 1022695.125,
        "dmean2": 1437807,
        "dvar": 2.4136539177e+12,
        "dvar2": 4.55093203763e+12,
        "max": 41502032,
        "mean": 3353200,
        "median": 2552056.25,
        "min": 138785.875,
        "var": 6.09985966899e+12
    },
    "spectral_strongpeak": {
        "dmean": 0.301510930061,
        "dmean2": 0.504635095596,
        "dvar": 0.224566146731,
        "dvar2": 0.547932326794,
        "max": 4.87525081635,
        "mean": 0.977499485016,
        "median": 0.756139218807,
        "min": 0,
        "var": 0.525205790997
    },
    "zerocrossingrate": {
        "dmean": 0.00681064790115,
        "dmean2": 0.00815101806074,
        "dvar": 9.95183072519e-05,
        "dvar2": 0.000120991709991,
        "max": 0.51708984375,
        "mean": 0.0313741602004,
        "median": 0.0283203125,
        "min": 0.00244140625,
        "var": 0.000611781491898
    },
    "barkbands": {
        "dmean": [0.000222822156502, 0.0137942405418, 0.0037319206167, 0.00260444544256, 0.00261717755347, 0.000660081161186, 0.00103466864675, 0.00068257318344, 0.000771545455791, 0.000420386058977, 0.000295828212984, 0.000246435636654, 8.18604967208e-05, 8.00579946372e-05, 6.06106950727e-05, 6.3056962972e-05, 7.31901600375e-05, 5.90152485529e-05, 7.93685903773e-05, 0.000147905637277, 8.55562684592e-05, 0.000151413056301, 0.000140929783811, 5.11437101522e-05, 3.5814675357e-05, 1.68236856553e-05, 3.05136927636e-06],
        "dmean2": [0.000248984259088, 0.0220805313438, 0.0062759174034, 0.0048164287582, 0.00493222847581, 0.00101701286621, 0.00143101660069, 0.00101277825888, 0.00118427025154, 0.000657401629724, 0.000458903494291, 0.000376650859835, 0.000133255947731, 0.000129428575747, 9.58069504122e-05, 9.58564560278e-05, 0.000111647197627, 8.91880554263e-05, 0.000126375685795, 0.000235891711782, 0.000120988021081, 0.000237996981014, 0.000231879064813, 7.88099277997e-05, 5.57747225685e-05, 2.65549952019e-05, 4.98601730214e-06],
        "dvar": [2.49470218705e-07, 0.00077335833339, 0.000156756155775, 0.000113142945338, 0.000118623225717, 1.27054556742e-06, 3.34667856805e-06, 1.91246704162e-06, 1.85157000487e-06, 1.28059764393e-06, 5.01216845805e-07, 4.37707768697e-07, 6.10453909644e-08, 5.03310744193e-08, 3.4285999817e-08, 4.43424603702e-08, 9.68303695004e-08, 6.00993317335e-08, 1.14776007365e-07, 6.13336510469e-07, 1.18961665407e-07, 5.31082491761e-07, 1.49452517917e-07, 2.39042261541e-08, 1.39910598662e-08, 2.07246397821e-09, 1.39728076332e-10],
        "dvar2": [3.95901821548e-07, 0.00204754061997, 0.000406551203923, 0.000321854226058, 0.000345838197973, 3.09273173116e-06, 6.25958500677e-06, 4.14753139921e-06, 4.30116642747e-06, 2.90559842142e-06, 1.15519378596e-06, 9.8031955531e-07, 1.49676850469e-07, 1.20871902709e-07, 7.30395939286e-08, 9.08008814804e-08, 2.31926620131e-07, 1.41816670407e-07, 2.73525387229e-07, 1.60146237249e-06, 2.64574993025e-07, 1.35139657687e-06, 3.46150159203e-07, 5.62097710599e-08, 3.44178765488e-08, 4.77218620176e-09, 3.41027595052e-10],
        "max": [0.00701854098588, 0.272377550602, 0.0954856127501, 0.102185860276, 0.100450612605, 0.0219001118094, 0.0447435490787, 0.0364232286811, 0.0221022814512, 0.0256241243333, 0.0169664435089, 0.0153925362974, 0.00513921538368, 0.00535002211109, 0.00214582961053, 0.00326332915574, 0.00409366190434, 0.0029479789082, 0.00442517688498, 0.0106390984729, 0.00403715763241, 0.00829419493675, 0.00428893137723, 0.00172630825546, 0.00173840706702, 0.000592560798395, 0.000155355010065],
        "mean": [0.000584371446166, 0.0263004116714, 0.00320877856575, 0.00175983062945, 0.00202351040207, 0.00159660726786, 0.00363152171485, 0.0017676417483, 0.00174433051143, 0.000826646981295, 0.000553584715817, 0.000473064370453, 0.00012942738249, 0.000124903395772, 8.55863763718e-05, 8.8870023319e-05, 8.933711797e-05, 7.20133175491e-05, 8.65527472342e-05, 0.000140413714689, 9.60228135227e-05, 0.00013337659766, 0.000157210015459, 6.0575450334e-05, 3.68385044567e-05, 1.4719095816e-05, 2.46266768045e-06],
        "median": [1.58187754096e-06, 0.00431029312313, 0.000317688653013, 5.4357926274e-05, 0.000314406875987, 0.00062916718889, 0.00176268350333, 0.000601324136369, 0.00105806288775, 0.000175413151737, 0.00011225608614, 0.000195004118723, 4.77460562252e-05, 4.05237879022e-05, 2.10166344914e-05, 2.39519540628e-05, 1.88634803635e-05, 8.81702999322e-06, 9.14923475648e-06, 6.46252101433e-06, 3.5443017623e-06, 2.94751225738e-06, 2.1803027721e-06, 9.54891220317e-07, 6.7926362135e-07, 3.28806152083e-07, 1.68086700114e-07],
        "min": [9.49027279113e-25, 1.21978398442e-23, 6.02597079876e-24, 9.07811347853e-24, 2.54308040356e-23, 9.97864001147e-24, 3.11946462163e-23, 4.93039801257e-23, 2.15121832428e-23, 3.68490055474e-23, 7.27261912576e-23, 2.64526344988e-23, 7.34400598897e-23, 9.14292376615e-23, 6.34485054364e-23, 1.29682787963e-22, 1.5413651677e-22, 1.24865220725e-22, 2.95243550496e-22, 2.8854035326e-22, 3.43917000411e-22, 5.60755198532e-22, 6.7605753182e-22, 6.14411371603e-22, 1.03804765111e-21, 1.67050053668e-21, 2.15835877765e-21],
        "var": [1.45745616464e-06, 0.00205120909959, 0.00012150665134, 6.58477219986e-05, 6.62064703647e-05, 4.66316214442e-06, 2.25752319238e-05, 1.01549394458e-05, 4.68868347525e-06, 3.20515232488e-06, 1.42802502978e-06, 8.59452882196e-07, 9.93224702484e-08, 9.83865149351e-08, 4.88811977561e-08, 6.03047425329e-08, 1.04722126082e-07, 6.58809611309e-08, 1.15523270949e-07, 5.13164025051e-07, 1.48141381828e-07, 4.49885646958e-07, 2.41326574724e-07, 3.56987577277e-08, 1.57723025751e-08, 2.14481632455e-09, 1.19624810058e-10]
    },
    "erbbands": {
        "dmean": [0.380450725555, 3.27390217781, 4.25888156891, 6.11210632324, 10.5933971405, 7.27493238449, 4.9519867897, 6.08051919937, 10.6970367432, 13.7996606827, 17.8052120209, 11.2573785782, 16.5561389923, 15.3738822937, 6.30878591537, 7.34370231628, 3.81415057182, 3.64144396782, 3.03357458115, 3.35295057297, 3.38322544098, 4.46075439453, 3.10867166519, 5.41538238525, 3.27317023277, 7.55660533905, 3.76516866684, 4.07798051834, 5.98738956451, 4.85894823074, 3.3643655777, 1.67989957333, 0.67944175005, 0.444741159678, 0.217753216624, 0.0937168225646, 0.0279974974692, 0.0044238390401, 0.000515396764968, 4.33475288446e-05],
        "dmean2": [0.577170133591, 5.24313116074, 6.58345842361, 10.6664276123, 20.1503200531, 13.7540149689, 8.13430976868, 9.35394096375, 15.2857751846, 19.3380680084, 26.6159133911, 17.3634243011, 26.1839580536, 23.9381351471, 9.89220523834, 11.4251995087, 6.09076547623, 5.74409103394, 4.90268564224, 5.16017055511, 5.20063686371, 6.95288848877, 4.8140001297, 8.38044834137, 5.23460769653, 12.1378421783, 5.66213130951, 5.96696329117, 9.44976711273, 7.96474170685, 5.49295091629, 2.76428794861, 1.03311800957, 0.675727844238, 0.343726098537, 0.149417027831, 0.0445523262024, 0.00698303245008, 0.000837335886899, 7.27439401089e-05],
        "dvar": [0.62617200613, 45.4400901794, 136.432922363, 539.003234863, 2058.42407227, 902.280517578, 149.002853394, 99.2003936768, 363.364257812, 543.809631348, 1022.45446777, 392.223602295, 1202.43701172, 955.590942383, 220.313156128, 326.051574707, 114.959365845, 122.726203918, 74.8910369873, 136.009246826, 115.449668884, 383.594940186, 167.894439697, 619.887878418, 172.776275635, 1739.37646484, 265.927734375, 300.009735107, 867.815551758, 202.082366943, 112.734146118, 32.7723274231, 4.05454158783, 2.1954498291, 0.508105874062, 0.0827654078603, 0.00516672385857, 0.000196726832655, 3.60224635187e-06, 1.81595218862e-08],
        "dvar2": [1.55549550056, 117.535629272, 321.586242676, 1460.96337891, 5949.9296875, 2628.54443359, 393.880859375, 231.804046631, 720.274414062, 1070.125, 2311.58447266, 930.81262207, 2882.38793945, 2269.82666016, 522.059692383, 749.557983398, 273.962097168, 271.43359375, 170.699462891, 289.843200684, 239.938308716, 957.960998535, 417.154174805, 1439.18310547, 400.231933594, 4680.32910156, 641.755371094, 684.795532227, 2218.03613281, 496.128936768, 271.907318115, 85.4983520508, 8.81843471527, 5.1682138443, 1.31467103958, 0.194858118892, 0.0119420634583, 0.000443108583568, 8.70039548317e-06, 4.90186273794e-08],
        "max": [8.57084655762, 69.6341247559, 109.964805603, 226.899642944, 401.176849365, 297.885009766, 198.092681885, 223.55909729, 544.744384766, 582.785705566, 674.872924805, 391.838592529, 575.310668945, 664.454223633, 308.775512695, 439.957366943, 211.470687866, 322.910125732, 194.440078735, 136.741897583, 177.251022339, 258.480621338, 166.603088379, 318.933013916, 149.807388306, 561.373901367, 225.916183472, 213.488128662, 348.172698975, 145.352767944, 134.669174194, 69.0816879272, 25.2405948639, 19.0450172424, 12.561378479, 5.49789476395, 0.959965348244, 0.215225487947, 0.0250226799399, 0.00189878290985],
        "mean": [0.849630832672, 5.40484762192, 5.28891658783, 4.7630443573, 6.61191511154, 5.86461830139, 8.68238544464, 15.721985817, 37.0198020935, 49.7608757019, 46.349067688, 26.4956951141, 36.559261322, 31.206325531, 12.8854398727, 14.0052700043, 7.09134674072, 6.15432453156, 4.60003948212, 4.61129379272, 5.11417865753, 5.45999288559, 3.77876019478, 5.85527944565, 3.82410573959, 6.84967136383, 4.12231779099, 4.21408128738, 5.17919540405, 5.23465776443, 3.63908410072, 1.80992639065, 0.851065337658, 0.480794042349, 0.217941880226, 0.0863660946488, 0.0234488528222, 0.00371475797147, 0.000434950896306, 7.36622096156e-05],
        "median": [0.0447748526931, 1.0810598135, 1.06532859802, 0.377498328686, 0.330197513103, 0.99163377285, 2.96845340729, 6.09630727768, 21.4367103577, 28.5107688904, 25.9716358185, 17.4303855896, 13.4270820618, 12.3891277313, 5.88742446899, 6.24947166443, 2.95304965973, 2.41340255737, 1.47482848167, 1.3038431406, 1.90578484535, 1.11373877525, 0.578628182411, 0.536097168922, 0.415490329266, 0.260208785534, 0.182962119579, 0.126731783152, 0.121398277581, 0.0898402184248, 0.0555316209793, 0.0258333422244, 0.0136339161545, 0.00666479300708, 0.00488044600934, 0.00188735011034, 0.0005270174006, 0.000127971943584, 4.62773241452e-05, 3.16151199513e-05],
        "min": [4.01395829346e-22, 1.33209995853e-21, 5.55824416502e-21, 5.69973583218e-20, 5.69139035528e-20, 6.03388901155e-20, 1.42972249369e-19, 9.60519994722e-20, 3.4599390795e-19, 5.89517560496e-19, 9.52453807602e-19, 5.12319844155e-19, 1.40441898705e-18, 1.87270154485e-18, 3.98547820042e-18, 1.68425087955e-18, 3.64214696101e-18, 3.70779863187e-18, 6.05783901806e-18, 5.90613326654e-18, 6.86681586687e-18, 8.27658309357e-18, 6.00578991878e-18, 1.17204503123e-17, 1.09543065299e-17, 1.39739409366e-17, 1.14915413126e-17, 1.64450371375e-17, 1.88571123473e-17, 2.05825052259e-17, 1.67428320841e-17, 1.27625101141e-17, 1.03585404471e-17, 8.36207882732e-18, 8.96063168165e-18, 5.38351269731e-18, 2.97860728225e-18, 1.05756447522e-18, 2.94829478341e-19, 3.06941683718e-20],
        "var": [2.41080665588, 94.4133148193, 163.407394409, 362.005432129, 1138.46899414, 506.961547852, 242.769134521, 435.864990234, 2143.59448242, 3515.56445312, 4029.80029297, 925.501342773, 3574.57470703, 2480.28735352, 474.41027832, 641.954650879, 216.43572998, 257.056610107, 114.392417908, 170.958221436, 157.590240479, 393.657653809, 171.862197876, 637.372924805, 193.316116333, 1357.82434082, 291.653869629, 332.708496094, 719.869567871, 305.585723877, 145.208511353, 37.4761199951, 6.6785569191, 2.70716738701, 0.549121201038, 0.0871307104826, 0.00511837983504, 0.000193562096683, 3.10665086545e-06, 1.72503700213e-08]
    },
    "gfcc": {
        "mean": [-113.790100098, 130.960418701, -120.069145203, -27.8994235992, -66.7646484375, -6.26135778427, -25.9168720245, 10.1199426651, -3.22475409508, 2.78749442101, -3.23123717308, 2.8188252449, -5.31018304825],
        "cov": [[22183.078125, -2774.91625977, 4417.90673828, 7478.91357422, -325.027893066, 3644.91748047, 998.766479492, 1027.79260254, -96.0987854004, 695.512817383, -309.54083252, 410.41027832, -632.525390625], [-2774.91625977, 2751.04541016, 646.72869873, -1111.88867188, 864.630249023, -90.9974060059, 107.907539368, -30.875617981, 235.227890015, -194.398147583, 132.119140625, -143.587356567, 196.634124756], [4417.90673828, 646.72869873, 5003.85400391, 2563.80786133, 726.787231445, 2503.80566406, 686.077331543, 833.635498047, 384.455322266, 294.020355225, -213.518875122, 48.4845199585, -308.865631104], [7478.91357422, -1111.88867188, 2563.80786133, 4021.33789062, 68.8593826294, 1965.68688965, 837.603027344, 477.870483398, 171.483642578, 259.154083252, -151.054626465, 45.5001068115, -283.576538086], [-325.027893066, 864.630249023, 726.787231445, 68.8593826294, 630.099975586, 331.139953613, 164.101364136, 141.447998047, 124.884910583, -13.1471061707, 39.2367401123, -43.7369651794, 24.1188144684], [3644.91748047, -90.9974060059, 2503.80566406, 1965.68688965, 331.139953613, 1802.21142578, 551.398803711, 453.732177734, 234.555160522, 144.559356689, -161.270507812, 54.6180610657, -181.638259888], [998.766479492, 107.907539368, 686.077331543, 837.603027344, 164.101364136, 551.398803711, 449.479034424, 183.51524353, 170.94871521, 48.1416816711, 10.201467514, -19.8438339233, -42.742401123], [1027.79260254, -30.875617981, 833.635498047, 477.870483398, 141.447998047, 453.732177734, 183.51524353, 376.7684021, 131.253616333, 135.878005981, 15.9784030914, 46.5827293396, -69.1251449585], [-96.0987854004, 235.227890015, 384.455322266, 171.483642578, 124.884910583, 234.555160522, 170.94871521, 131.253616333, 246.783035278, 69.4445266724, 33.1944732666, -10.8541383743, -9.48592758179], [695.512817383, -194.398147583, 294.020355225, 259.154083252, -13.1471061707, 144.559356689, 48.1416816711, 135.878005981, 69.4445266724, 197.984848022, 72.084564209, 49.1119232178, -27.3296260834], [-309.54083252, 132.119140625, -213.518875122, -151.054626465, 39.2367401123, -161.270507812, 10.201467514, 15.9784030914, 33.1944732666, 72.084564209, 160.943527222, 36.6377830505, 36.0976715088], [410.41027832, -143.587356567, 48.4845199585, 45.5001068115, -43.7369651794, 54.6180610657, -19.8438339233, 46.5827293396, -10.8541383743, 49.1119232178, 36.6377830505, 131.801055908, 13.5914678574], [-632.525390625, 196.634124756, -308.865631104, -283.576538086, 24.1188144684, -181.638259888, -42.742401123, -69.1251449585, -9.48592758179, -27.3296260834, 36.0976715088, 13.5914678574, 127.542350769]],
        "icov": [[0.000204331154237, -0.000243980903178, 0.000204694282729, -0.000463716132799, 0.000184058706509, -0.000216990491026, 0.00038222951116, -0.000305484252749, 0.000412898050854, -0.000474476459203, 0.000315030571073, -0.000414331647335, 0.000356903357897], [-0.000243980903178, 0.0018467369955, -0.000987662584521, 0.00103869033046, -0.00140124210157, 0.000678330252413, -0.000899206672329, 0.00104407907929, -0.00129707693122, 0.00229752063751, -0.0019960294012, 0.00130572053604, -0.00182234216481], [0.000204694282729, -0.000987662584521, 0.001438910258, -0.000721634947695, 0.000243743794272, -0.0014023570111, 0.00102307309862, -0.00115820160136, 0.000714361725841, -0.00173148070462, 0.00147214403842, -0.000619953440037, 0.001421345165], [-0.000463716132799, 0.00103869033046, -0.000721634947695, 0.00201120623387, -0.000470064987894, -2.50956759373e-06, -0.00208426686004, 0.00116299360525, -0.000457524030935, 0.000894223572686, -0.00109883700497, 0.0012868772028, -0.000828358519357], [0.000184058706509, -0.00140124210157, 0.000243743794272, -0.000470064987894, 0.00398811232299, -0.000969029439148, 0.000481559516629, -0.00139725394547, 0.00082216685405, -0.000116426126624, -0.000709382351488, 0.000565846916288, 6.48274435662e-05], [-0.000216990491026, 0.000678330252413, -0.0014023570111, -2.50956759373e-06, -0.000969029439148, 0.00378532591276, -0.00181799044367, 0.000555494509172, -0.00120331754442, 0.000865004200023, 0.00149232777767, -0.00121822836809, -0.000454339868156], [0.00038222951116, -0.000899206672329, 0.00102307309862, -0.00208426686004, 0.000481559516629, -0.00181799044367, 0.00748609239236, -0.00213233800605, -0.00171718175989, 0.0010231055785, -0.0016953087179, 0.000887508853339, 0.000275028462056], [-0.000305484252749, 0.00104407907929, -0.00115820160136, 0.00116299360525, -0.00139725394547, 0.000555494509172, -0.00213233800605, 0.00684180203825, -0.00168060185388, -0.0013043283252, -0.000526888761669, -0.000881756015588, 0.000543774862308], [0.000412898050854, -0.00129707693122, 0.000714361725841, -0.000457524030935, 0.00082216685405, -0.00120331754442, -0.00171718175989, -0.00168060185388, 0.00846887845546, -0.00392984692007, 0.00104172434658, 8.38700434542e-05, 0.00088864954887], [-0.000474476459203, 0.00229752063751, -0.00173148070462, 0.000894223572686, -0.000116426126624, 0.000865004200023, 0.0010231055785, -0.0013043283252, -0.00392984692007, 0.0142695792019, -0.00874903518707, 0.00153777142987, -0.00213251658715], [0.000315030571073, -0.0019960294012, 0.00147214403842, -0.00109883700497, -0.000709382351488, 0.00149232777767, -0.0016953087179, -0.000526888761669, 0.00104172434658, -0.00874903518707, 0.0158203784376, -0.0054442435503, 0.00147263496183], [-0.000414331647335, 0.00130572053604, -0.000619953440037, 0.0012868772028, 0.000565846916288, -0.00121822836809, 0.000887508853339, -0.000881756015588, 8.38700434542e-05, 0.00153777142987, -0.0054442435503, 0.0126015571877, -0.00419662287459], [0.000356903357897, -0.00182234216481, 0.001421345165, -0.000828358519357, 6.48274435662e-05, -0.000454339868156, 0.000275028462056, 0.000543774862308, 0.00088864954887, -0.00213251658715, 0.00147263496183, -0.00419662287459, 0.0133874742314]]
    },
    "melbands": {
        "dmean": [0.00379036879167, 0.00262282369658, 0.00116446625907, 0.000688720843755, 0.000179564376594, 0.000132504923386, 0.000184801465366, 0.000155531262862, 0.000149854487972, 7.90321646491e-05, 8.66126792971e-05, 6.56548945699e-05, 2.52179543168e-05, 3.0307472116e-05, 1.42579365274e-05, 7.84906387707e-06, 6.99922884451e-06, 5.18896331414e-06, 5.77978289584e-06, 4.07561265092e-06, 3.84080158256e-06, 4.54353812529e-06, 3.13441228172e-06, 3.12993029183e-06, 4.82223958898e-06, 2.05717697099e-06, 3.57207431989e-06, 5.37376899956e-06, 2.63429615188e-06, 1.8562564037e-06, 2.47895991379e-06, 3.4618576592e-06, 2.74846820503e-06, 3.00496844829e-06, 1.88913099919e-06, 1.9061628791e-06, 7.01638100509e-07, 4.88218404371e-07, 4.72373699267e-07, 3.37115238835e-07],
        "dmean2": [0.00595493987203, 0.00403336435556, 0.00201695575379, 0.00130688794889, 0.00030480697751, 0.000202924857149, 0.000260062748566, 0.000219095760258, 0.000224559626076, 0.000122001823911, 0.000136251852382, 0.000101970559626, 3.9928683691e-05, 4.65807024739e-05, 2.2439420718e-05, 1.22234769151e-05, 1.13354026325e-05, 8.42623558128e-06, 9.14592328627e-06, 6.02983709541e-06, 6.02687305218e-06, 6.97489304002e-06, 5.05280286234e-06, 4.77728781334e-06, 7.51342440708e-06, 3.32532681568e-06, 5.64904894418e-06, 8.91590480023e-06, 4.15804288423e-06, 2.57766146206e-06, 3.76255684387e-06, 5.47341642232e-06, 4.3490194912e-06, 4.74758508062e-06, 3.05223215946e-06, 3.2333789477e-06, 1.09361815248e-06, 7.38653454846e-07, 7.42995894143e-07, 5.24122867773e-07],
        "dvar": [5.8177352912e-05, 2.96919406537e-05, 1.89450292964e-05, 8.60879663378e-06, 2.52559857472e-07, 4.62891094344e-08, 1.00803305259e-07, 5.9863396018e-08, 7.28659870219e-08, 2.16958344623e-08, 3.42916806062e-08, 1.7282337339e-08, 3.13589709755e-09, 8.07757771781e-09, 1.55682644554e-09, 7.23002269165e-10, 4.29508956179e-10, 2.27169894007e-10, 2.75317407761e-10, 2.35164415718e-10, 1.3240172847e-10, 3.67837843518e-10, 1.84135942605e-10, 1.9058161993e-10, 5.00492036704e-10, 5.91929838478e-11, 2.72170674886e-10, 9.34436417133e-10, 1.46120116007e-10, 5.29467858446e-11, 1.14857810762e-10, 3.00990371516e-10, 1.60979007902e-10, 6.27676313703e-11, 3.17931306282e-11, 5.31666169423e-11, 4.38999878116e-12, 2.11433214686e-12, 2.77038244775e-12, 1.18907455497e-12],
        "dvar2": [0.000156541209435, 6.88172294758e-05, 5.03535811731e-05, 2.50799748756e-05, 6.94156028658e-07, 1.08338106486e-07, 1.94155177269e-07, 1.18880137734e-07, 1.62268918302e-07, 5.17829334967e-08, 8.13620317786e-08, 4.08040996547e-08, 7.59908935777e-09, 1.83385697738e-08, 3.41774564205e-09, 1.51498458223e-09, 1.01199215674e-09, 5.40022748741e-10, 6.04625793876e-10, 4.60911198097e-10, 2.78064460346e-10, 8.95998830686e-10, 4.74182693111e-10, 4.62815286095e-10, 1.16351772661e-09, 1.44360523535e-10, 6.2766836173e-10, 2.58083399096e-09, 3.7064695757e-10, 1.10192209524e-10, 2.6854837798e-10, 7.67969909887e-10, 4.18400203372e-10, 1.36085850921e-10, 7.32608904097e-11, 1.42497832978e-10, 1.05880000947e-11, 4.3922036147e-12, 7.06531924979e-12, 2.70672156563e-12],
        "max": [0.0747344568372, 0.068924665451, 0.0408194176853, 0.0266788806766, 0.00616845209152, 0.00461637089029, 0.0072283949703, 0.00518683949485, 0.00464264536276, 0.00312165799551, 0.00326495920308, 0.002461980097, 0.00115937867668, 0.00218449463136, 0.00123062345665, 0.000702419900335, 0.000555480015464, 0.000395926879719, 0.000185878234333, 0.000196547058295, 0.000178481612238, 0.000255568127614, 0.000171679566847, 0.000173747583176, 0.000289572752081, 0.000106364641397, 0.000218929955736, 0.000411099696066, 0.000176946792635, 9.26966240513e-05, 0.000134369547595, 0.000212273371289, 0.000144918085425, 9.08935471671e-05, 7.41204567021e-05, 8.89396833372e-05, 2.48810429184e-05, 1.96734454221e-05, 2.36035193666e-05, 1.7538015527e-05],
        "mean": [0.00748869171366, 0.00439730333164, 0.000904455431737, 0.000446169724455, 0.000287972332444, 0.000342666957295, 0.000666686799377, 0.000538903695997, 0.000369816087186, 0.000178858739673, 0.000188524776604, 0.000131845343276, 5.01841386722e-05, 5.23731323483e-05, 2.61553650489e-05, 1.34714227897e-05, 1.0814770576e-05, 7.15402620699e-06, 8.14468421595e-06, 5.36817924512e-06, 5.68794848732e-06, 5.61710612601e-06, 3.62186688108e-06, 3.61262436854e-06, 5.10170184498e-06, 2.41174234361e-06, 3.88624175685e-06, 4.61976651422e-06, 2.69611291515e-06, 2.24827545026e-06, 2.42957753471e-06, 2.92586128126e-06, 2.66586994258e-06, 3.11163353217e-06, 2.06816139325e-06, 1.83206270776e-06, 8.17658929009e-07, 6.2439659132e-07, 4.90358729621e-07, 3.72073998278e-07],
        "median": [0.000793858896941, 0.00110448081978, 6.40605212539e-05, 4.11717446696e-05, 9.29968737182e-05, 0.000133259629365, 0.000379146076739, 0.000346598157194, 0.000212094426388, 0.000108304331661, 6.05769600952e-05, 4.9657173804e-05, 1.6599711671e-05, 1.7721347831e-05, 7.25166864868e-06, 4.55274221167e-06, 3.56876375918e-06, 1.48002834521e-06, 2.11221504287e-06, 9.3093541409e-07, 2.1980404199e-06, 1.11540794023e-06, 5.06745777784e-07, 4.41987708655e-07, 3.98587133077e-07, 3.38422495361e-07, 2.4673724397e-07, 1.44318249795e-07, 1.17449488357e-07, 7.05786504795e-08, 6.80657308294e-08, 6.62889050318e-08, 4.44959447066e-08, 4.88718541192e-08, 3.50963063056e-08, 2.04627284006e-08, 1.31649233737e-08, 1.00889803178e-08, 6.54577192449e-09, 4.88866103154e-09],
        "min": [4.06018858751e-24, 2.26147567751e-24, 1.0316090252e-23, 4.83635514305e-24, 4.39311273863e-24, 2.01214613044e-24, 5.13909471492e-24, 6.74837687803e-24, 6.26940775208e-24, 3.74211000977e-24, 6.93773504972e-24, 6.74296529222e-24, 1.23692632632e-23, 5.63734517912e-24, 6.86037934935e-24, 4.91280089236e-24, 7.10996626229e-24, 1.15336102845e-23, 2.97048433482e-24, 9.27945681395e-24, 6.49251023785e-24, 8.64861736982e-24, 4.07524794219e-24, 6.25854355969e-24, 8.91848510778e-24, 9.42754178308e-24, 8.57062742529e-24, 9.34661333168e-24, 6.16227886343e-24, 6.56717750025e-24, 1.07249426597e-23, 1.21872714747e-23, 9.24187942473e-24, 1.158651603e-23, 8.70311661432e-24, 9.36267769515e-24, 7.19500546788e-24, 7.31432541296e-24, 6.91270370433e-24, 6.81353126677e-24],
        "var": [0.000172668427695, 6.46960834274e-05, 1.32242312247e-05, 4.69358064947e-06, 3.0496846648e-07, 2.05868801118e-07, 6.64631841119e-07, 3.87185508544e-07, 2.39786231759e-07, 5.16264613282e-08, 1.04335079243e-07, 4.37191545188e-08, 8.25983370589e-09, 1.41526896869e-08, 3.97305388589e-09, 1.64404723169e-09, 8.03406952077e-10, 3.67454511263e-10, 3.98001687163e-10, 3.25006355162e-10, 1.78730225064e-10, 4.00090571784e-10, 1.79559478397e-10, 1.92636379071e-10, 5.10347542004e-10, 6.09331682333e-11, 2.93702812071e-10, 6.77736200494e-10, 1.39585260017e-10, 7.59654353311e-11, 1.17840140423e-10, 2.44715941955e-10, 1.50407686306e-10, 9.91677989726e-11, 4.32815762397e-11, 5.02924403512e-11, 6.41288194422e-12, 3.59895164885e-12, 3.00124725419e-12, 1.54100246019e-12]
    },
    "mfcc": {
        "mean": [-750.993041992, 162.32359314, -0.192306950688, -13.8520641327, -24.2998409271, -16.0708217621, -14.4306097031, 2.34324502945, -2.20000076294, 5.1694560051, 3.52664685249, 5.60768556595, 8.28551006317],
        "cov": [[13640.7158203, -1729.21252441, 2657.06054688, 3040.3515625, 1406.56958008, 1981.93457031, 1231.65478516, 1411.40197754, 602.641296387, 691.382995605, 301.565612793, 246.768920898, 290.766479492], [-1729.21252441, 2689.52197266, 417.216888428, -273.552185059, 428.333343506, 61.6237030029, 162.869384766, 188.536682129, 139.864654541, 106.037406921, 87.3113098145, 65.8486328125, 97.5694046021], [2657.06054688, 417.216888428, 4027.0065918, 1272.81628418, 1390.1463623, 1704.38427734, 984.043457031, 1179.1451416, 736.170776367, 787.308105469, 383.997467041, 223.386199951, 240.927947998], [3040.3515625, -273.552185059, 1272.81628418, 1443.66674805, 683.287780762, 837.395080566, 620.377197266, 581.397033691, 339.017364502, 369.521331787, 233.996124268, 157.820373535, 110.974197388], [1406.56958008, 428.333343506, 1390.1463623, 683.287780762, 885.270324707, 798.575561523, 517.202697754, 569.716491699, 324.316680908, 343.55758667, 203.045135498, 108.263626099, 89.3878631592], [1981.93457031, 61.6237030029, 1704.38427734, 837.395080566, 798.575561523, 1133.64526367, 636.766357422, 663.304382324, 418.539428711, 396.783050537, 198.425994873, 73.8031311035, 57.8112068176], [1231.65478516, 162.869384766, 984.043457031, 620.377197266, 517.202697754, 636.766357422, 526.395935059, 466.079101562, 268.870483398, 282.649047852, 167.83190918, 95.1813812256, 76.2787017822], [1411.40197754, 188.536682129, 1179.1451416, 581.397033691, 569.716491699, 663.304382324, 466.079101562, 611.466491699, 345.652160645, 299.736785889, 184.125030518, 115.707443237, 112.662605286], [602.641296387, 139.864654541, 736.170776367, 339.017364502, 324.316680908, 418.539428711, 268.870483398, 345.652160645, 310.1690979, 235.401687622, 126.955825806, 72.7650222778, 63.5400619507], [691.382995605, 106.037406921, 787.308105469, 369.521331787, 343.55758667, 396.783050537, 282.649047852, 299.736785889, 235.401687622, 325.518676758, 178.082015991, 89.3206100464, 85.8865737915], [301.565612793, 87.3113098145, 383.997467041, 233.996124268, 203.045135498, 198.425994873, 167.83190918, 184.125030518, 126.955825806, 178.082015991, 191.3465271, 122.178962708, 69.1128540039], [246.768920898, 65.8486328125, 223.386199951, 157.820373535, 108.263626099, 73.8031311035, 95.1813812256, 115.707443237, 72.7650222778, 89.3206100464, 122.178962708, 183.254455566, 129.607681274], [290.766479492, 97.5694046021, 240.927947998, 110.974197388, 89.3878631592, 57.8112068176, 76.2787017822, 112.662605286, 63.5400619507, 85.8865737915, 69.1128540039, 129.607681274, 183.203277588]],
