{
"lowlevel": {
    "average_loudness": 0.829289376736,
    "barkbands_crest": {
        "dmean": 2.18304395676,
        "dmean2": 3.34430527687,
        "dvar": 5.65761899948,
        "dvar2": 14.6185846329,
        "max": 25.2760467529,
        "mean": 11.1054992676,
        "median": 10.418756485,
        "min": 2.64159822464,
        "var": 13.866891861
    },
    "barkbands_flatness_db": {
        "dmean": 0.0237816218287,
        "dmean2": 0.0352165549994,
        "dvar": 0.000792725360952,
        "dvar2": 0.00199562450871,
        "max": 0.358367830515,
        "mean": 0.196675315499,
        "median": 0.199861854315,
        "min": 0.0152084510773,
        "var": 0.00299038575031
    },
    "barkbands_kurtosis": {
        "dmean": 5.03433704376,
        "dmean2": 7.86976861954,
        "dvar": 92.362991333,
        "dvar2": 240.783981323,
        "max": 183.258605957,
        "mean": 9.30359268188,
        "median": 6.55704689026,
        "min": -1.79866826534,
        "var": 118.607398987
    },
    "barkbands_skewness": {
        "dmean": 0.641784727573,
        "dmean2": 0.933847784996,
        "dvar": 0.585501194,
        "dvar2": 1.37332463264,
        "max": 12.5553703308,
        "mean": 2.26526546478,
        "median": 2.18955159187,
        "min": -2.65409851074,
        "var": 1.65443205833
    },
    "barkbands_spread": {
        "dmean": 3.69925785065,
        "dmean2": 5.87242555618,
        "dvar": 42.5109291077,
        "dvar2": 112.644393921,
        "max": 94.1725158691,
        "mean": 10.6587743759,
        "median": 8.42776298523,
        "min": 1.10464799404,
        "var": 59.6277618408
    },
    "dissonance": {
        "dmean": 0.0287259109318,
        "dmean2": 0.0466298088431,
        "dvar": 0.00060470867902,
        "dvar2": 0.00151951680891,
        "max": 0.500000059605,
        "mean": 0.416872173548,
        "median": 0.420260101557,
        "min": 0.230688080192,
        "var": 0.00168917200062
    },
    "dynamic_complexity": 3.78695511818,
    "erbbands_crest": {
        "dmean": 2.73463511467,
        "dmean2": 3.98965644836,
        "dvar": 6.13740348816,
        "dvar2": 12.9892921448,
        "max": 31.4783878326,
        "mean": 10.8530673981,
        "median": 9.78064537048,
        "min": 2.27277565002,
        "var": 23.3379383087
    },
    "erbbands_flatness_db": {
        "dmean": 0.0243473034352,
        "dmean2": 0.0323426984251,
        "dvar": 0.000922332983464,
        "dvar2": 0.00182430201676,
        "max": 0.348566204309,
        "mean": 0.189593747258,
        "median": 0.191782489419,
        "min": 0.0363345704973,
        "var": 0.00370788085274
    },
    "erbbands_kurtosis": {
        "dmean": 1.47598421574,
        "dmean2": 2.20910716057,
        "dvar": 4.21992874146,
        "dvar2": 9.25358486176,
        "max": 45.4219284058,
        "mean": 2.06506347656,
        "median": 0.815212726593,
        "min": -1.70904064178,
        "var": 14.1680307388
    },
    "erbbands_skewness": {
        "dmean": 0.380239635706,
        "dmean2": 0.56508910656,
        "dvar": 0.111522518098,
        "dvar2": 0.253808319569,
        "max": 5.48768234253,
        "mean": 0.860014796257,
        "median": 0.775822758675,
        "min": -2.79779815674,
        "var": 0.597619354725
    },
    "erbbands_spread": {
        "dmean": 7.85311555862,
        "dmean2": 11.5113735199,
        "dvar": 130.758758545,
        "dvar2": 301.753967285,
        "max": 156.286026001,
        "mean": 26.6576690674,
        "median": 23.3137321472,
        "min": 2.20585632324,
        "var": 231.700149536
    },
    "hfc": {
        "dmean": 7.11386156082,
        "dmean2": 10.9809617996,
        "dvar": 231.55229187,
        "dvar2": 586.308166504,
        "max": 192.220779419,
        "mean": 16.83776474,
        "median": 11.3841638565,
        "min": 1.0650568456e-16,
        "var": 333.176330566
    },
    "melbands_crest": {
        "dmean": 2.5224339962,
        "dmean2": 3.77558732033,
        "dvar": 6.46694850922,
        "dvar2": 15.9324512482,
        "max": 31.8558483124,
        "mean": 14.9704408646,
        "median": 14.5014276505,
        "min": 1.50571894646,
        "var": 22.2948856354
    },
    "melbands_flatness_db": {
        "dmean": 0.025274919346,
        "dmean2": 0.0366117842495,
        "dvar": 0.000948776316363,
        "dvar2": 0.0022800238803,
        "max": 0.476123511791,
        "mean": 0.287695556879,
        "median": 0.296509385109,
        "min": 0.0026032961905,
        "var": 0.00439669378102
    },
    "melbands_kurtosis": {
        "dmean": 8.28537464142,
        "dmean2": 12.6869697571,
        "dvar": 259.113830566,
        "dvar2": 624.641052246,
        "max": 303.527008057,
        "mean": 14.1232070923,
        "median": 8.73864841461,
        "min": -1.58231127262,
        "var": 359.201965332
    },
    "melbands_skewness": {
        "dmean": 0.755534052849,
        "dmean2": 1.0694205761,
        "dvar": 0.816998779774,
        "dvar2": 1.78619289398,
        "max": 13.7994613647,
        "mean": 2.58391213417,
        "median": 2.38232350349,
        "min": -1.30509603024,
        "var": 2.18293333054
    },
    "melbands_spread": {
        "dmean": 2.74921584129,
        "dmean2": 4.18061542511,
        "dvar": 17.1282310486,
        "dvar2": 40.8856582642,
        "max": 164.62059021,
        "mean": 11.248131752,
        "median": 8.36010742188,
        "min": 0.740404188633,
        "var": 268.247772217
    },
    "pitch_salience": {
        "dmean": 0.0578512921929,
        "dmean2": 0.0906632840633,
        "dvar": 0.00332308723591,
        "dvar2": 0.00880908500403,
        "max": 0.94543915987,
        "mean": 0.503059327602,
        "median": 0.498459279537,
        "min": 0.113749019802,
        "var": 0.0100036859512
    },
    "silence_rate_20dB": {
        "dmean": 0,
        "dmean2": 0,
        "dvar": 0,
        "dvar2": 0,
        "max": 1,
        "mean": 1,
        "median": 1,
        "min": 1,
        "var": 0
    },
    "silence_rate_30dB": {
        "dmean": 0.052836984396,
        "dmean2": 0.10568190366,
        "dvar": 0.050045657903,
        "dvar2": 0.106956698,
        "max": 1,
        "mean": 0.949043154716,
        "median": 1,
        "min": 0,
        "var": 0.0483664162457
    },
    "silence_rate_60dB": {
        "dmean": 0.0103572504595,
        "dmean2": 0.020716054365,
        "dvar": 0.0102495243773,
        "dvar2": 0.0228370800614,
        "max": 1,
        "mean": 0.088405251503,
        "median": 0,
        "min": 0,
        "var": 0.0805866122246
    },
    "spectral_centroid": {
        "dmean": 100.013793945,
        "dmean2": 151.37046814,
        "dvar": 38388.1992188,
        "dvar2": 80037.890625,
        "max": 11991.0371094,
        "mean": 732.36315918,
        "median": 521.894348145,
        "min": 181.561218262,
        "var": 1796297.25
    },
    "spectral_complexity": {
        "dmean": 2.17051935196,
        "dmean2": 3.45462727547,
        "dvar": 8.52279281616,
        "dvar2": 16.8672180176,
        "max": 41,
        "mean": 12.1649532318,
        "median": 12,
        "min": 0,
        "var": 29.6763439178
    },
    "spectral_decrease": {
        "dmean": 4.19370760341e-09,
        "dmean2": 6.60072929648e-09,
        "dvar": 1.12092105075e-16,
        "dvar2": 2.84765144738e-16,
        "max": 1.08707153198e-21,
        "mean": -9.84744286114e-09,
        "median": -8.02793209687e-09,
        "min": -1.15421400437e-07,
        "var": 1.23899519366e-16
    },
    "spectral_energy": {
        "dmean": 0.016332026571,
        "dmean2": 0.0256322100759,
        "dvar": 0.0016572100576,
        "dvar2": 0.00419532135129,
        "max": 0.444845825434,
        "mean": 0.0386937893927,
        "median": 0.0316820442677,
        "min": 9.89651728776e-21,
        "var": 0.0018630370032
    },
    "spectral_energyband_high": {
        "dmean": 0.00036825274583,
        "dmean2": 0.000595784978941,
        "dvar": 9.88622673503e-07,
        "dvar2": 2.56407315646e-06,
        "max": 0.0138137834147,
        "mean": 0.000424104189733,
        "median": 4.68845428259e-05,
        "min": 6.85066944349e-21,
        "var": 9.48088541008e-07
    },
    "spectral_energyband_low": {
        "dmean": 0.0119075048715,
        "dmean2": 0.0193528179079,
        "dvar": 0.00146001996472,
        "dvar2": 0.00372790172696,
        "max": 0.376731812954,
        "mean": 0.0186626594514,
        "median": 0.00634759664536,
        "min": 8.31802311938e-24,
        "var": 0.00130673602689
    },
    "spectral_energyband_middle_high": {
        "dmean": 0.0012680235086,
        "dmean2": 0.00190771894995,
        "dvar": 5.78584513278e-06,
        "dvar2": 1.3323226085e-05,
        "max": 0.0523994155228,
        "mean": 0.00300522451289,
        "median": 0.00176752021071,
        "min": 1.1225569946e-21,
        "var": 1.45160456668e-05
    },
    "spectral_energyband_middle_low": {
        "dmean": 0.00549299456179,
        "dmean2": 0.00781911890954,
        "dvar": 8.206594066e-05,
        "dvar2": 0.000207586403121,
        "max": 0.211987704039,
        "mean": 0.0189329013228,
        "median": 0.0159515663981,
        "min": 1.60722394612e-22,
        "var": 0.000242103458731
    },
    "spectral_entropy": {
        "dmean": 0.22386418283,
        "dmean2": 0.32182854414,
        "dvar": 0.0861067101359,
        "dvar2": 0.20138540864,
        "max": 9.82316970825,
        "mean": 6.85760593414,
        "median": 6.72502326965,
        "min": 5.38940858841,
        "var": 0.357839077711
    },
    "spectral_flux": {
        "dmean": 0.0331839807332,
        "dmean2": 0.0536758378148,
        "dvar": 0.00378493615426,
        "dvar2": 0.00888595357537,
        "max": 0.579606115818,
        "mean": 0.0729907378554,
        "median": 0.0538664273918,
        "min": 6.28990817764e-11,
        "var": 0.00537906726822
    },
    "spectral_kurtosis": {
        "dmean": 3.9113972187,
        "dmean2": 6.08127737045,
        "dvar": 15.055264473,
        "dvar2": 39.3568077087,
        "max": 54.6796951294,
        "mean": 11.7366037369,
        "median": 10.9445981979,
        "min": -1.27331185341,
        "var": 46.7907028198
    },
    "spectral_rms": {
        "dmean": 0.0009964290075,
        "dmean2": 0.00146078597754,
        "dvar": 3.41172699336e-06,
        "dvar2": 7.93344588601e-06,
        "max": 0.0208325684071,
        "mean": 0.00540981115773,
        "median": 0.00555961439386,
        "min": 3.10727203516e-12,
        "var": 8.48389572639e-06
    },
    "spectral_rolloff": {
        "dmean": 219.721054077,
        "dmean2": 373.90423584,
        "dvar": 540579.625,
        "dvar2": 1452291,
        "max": 19724.4140625,
        "mean": 955.642333984,
        "median": 581.396484375,
        "min": 86.1328125,
        "var": 5704013.5
    },
    "spectral_skewness": {
        "dmean": 0.384219944477,
        "dmean2": 0.589595019817,
        "dvar": 0.131884977221,
        "dvar2": 0.330860495567,
        "max": 5.69975662231,
        "mean": 2.62529778481,
        "median": 2.61063599586,
        "min": -0.102443866432,
        "var": 0.608730256557
    },
    "spectral_spread": {
        "dmean": 905728.4375,
        "dmean2": 1242741.875,
        "dvar": 2.19116797952e+12,
        "dvar2": 4.4154444841e+12,
        "max": 44911744,
        "mean": 4598476,
        "median": 3200072.5,
        "min": 1395042.25,
        "var": 2.55258001408e+13
    },
    "spectral_strongpeak": {
        "dmean": 0.376484960318,
        "dmean2": 0.611612439156,
        "dvar": 0.339259386063,
        "dvar2": 0.700619101524,
        "max": 7.34675693512,
        "mean": 0.944817304611,
        "median": 0.654611051083,
        "min": 0,
        "var": 0.9071854949
    },
    "zerocrossingrate": {
        "dmean": 0.00861385464668,
        "dmean2": 0.0106729930267,
        "dvar": 0.000148450184497,
        "dvar2": 0.000210339872865,
        "max": 0.529296875,
        "mean": 0.0459704063833,
        "median": 0.03076171875,
        "min": 0.00537109375,
        "var": 0.00414874730632
    },
    "barkbands": {
        "dmean": [0.000236854233663, 0.00872688926756, 0.00284941261634, 0.00115998380352, 0.00228182319552, 0.00155765376985, 0.000708496838342, 0.0015152603155, 0.000715964706615, 0.000472325307783, 0.000604553439189, 0.000290158815915, 0.000176282410393, 0.000179199007107, 0.000147026308696, 0.000121975805087, 6.25264510745e-05, 3.12031515932e-05, 3.17111225741e-05, 2.61174518528e-05, 2.94528199447e-05, 2.16800672206e-05, 3.94426933781e-05, 3.85083258152e-05, 9.28653462324e-05, 0.000127130610053, 3.03664819512e-05],
        "dmean2": [0.000378969678422, 0.01487812493, 0.00418722862378, 0.00176338129677, 0.00353506300598, 0.00209789141081, 0.000873436394613, 0.00187341438141, 0.000954815361183, 0.000645243155304, 0.000892112904694, 0.000462599069579, 0.000289547402645, 0.000290583149763, 0.000252944068052, 0.000200551075977, 0.000106395389594, 5.2752038755e-05, 5.08386692673e-05, 4.22245066147e-05, 4.93645566166e-05, 3.59470759577e-05, 6.3302613853e-05, 6.26821565675e-05, 0.000151874555741, 0.000215556487092, 5.22579503013e-05],
        "dvar": [8.66878508532e-07, 0.00111094559543, 4.21593395004e-05, 5.79951802138e-06, 2.07811608561e-05, 5.71120563109e-06, 3.78966706194e-06, 1.09272205009e-05, 2.10410667023e-06, 1.22502513022e-06, 1.75772390776e-06, 3.27021496105e-07, 1.28185732251e-07, 1.20792037706e-07, 1.17361139473e-07, 1.72105416141e-07, 1.68862737127e-08, 3.62951380062e-09, 7.82939757471e-09, 5.2762292313e-09, 7.61594076693e-09, 3.86928000751e-09, 3.00184375135e-08, 3.24180895461e-08, 1.01190543944e-07, 1.01997045476e-07, 6.32771079978e-09],
        "dvar2": [2.14087890527e-06, 0.00296768755652, 9.26168140722e-05, 1.25599835883e-05, 5.93808144913e-05, 1.32838858917e-05, 8.02803970146e-06, 1.70572839124e-05, 3.40049837178e-06, 2.01022908186e-06, 3.56402938451e-06, 7.17229454494e-07, 3.18689131973e-07, 2.63562924374e-07, 3.20596171832e-07, 4.29952791592e-07, 4.29478852482e-08, 9.25439369581e-09, 1.80548411777e-08, 1.22256116342e-08, 2.00134611106e-08, 1.01287218612e-08, 7.99491957082e-08, 8.42587297711e-08, 2.67007834509e-07, 2.65559066293e-07, 1.69128746563e-08],
        "max": [0.0105956895277, 0.334346413612, 0.0812999904156, 0.0273307450116, 0.0616584680974, 0.0644097551703, 0.0730287507176, 0.116261817515, 0.0399454087019, 0.0345149561763, 0.0358705371618, 0.0194150805473, 0.00993834808469, 0.00963817350566, 0.00622605904937, 0.00958125200123, 0.00276557053439, 0.00110747106373, 0.00100422627293, 0.000943118240684, 0.000955725845415, 0.000953478505835, 0.00479987775907, 0.00407845294103, 0.00615766597912, 0.00413708854467, 0.00158008513972],
        "mean": [0.000195687316591, 0.00871101394296, 0.00775354215875, 0.00284805591218, 0.00514112180099, 0.00389755796641, 0.00176530203316, 0.00319180451334, 0.00144698808435, 0.000857371662278, 0.00102328858338, 0.000426393118687, 0.000245436589466, 0.000255252642091, 0.000177573427209, 0.000143323093653, 8.86732304934e-05, 4.54599685327e-05, 4.07045481552e-05, 3.08600792778e-05, 3.06003348669e-05, 2.36462201428e-05, 3.67894281226e-05, 3.3716984035e-05, 8.65543479449e-05, 0.000146279315231, 5.06859541929e-05],
        "median": [1.0738545825e-05, 0.0015543049667, 0.00277926027775, 0.00130048452411, 0.00383023824543, 0.00238175271079, 0.000451257830719, 0.00075149431359, 0.000394795672037, 0.000291693781037, 0.000288067909423, 0.000202506635105, 0.000114953632874, 9.30029782467e-05, 8.83835236891e-05, 4.73714098916e-05, 4.75909400848e-05, 2.53368380072e-05, 1.81161849468e-05, 1.06087563836e-05, 7.04804415363e-06, 3.42245812135e-06, 3.19781111102e-06, 2.07276707442e-06, 5.77062655793e-06, 3.55332076651e-06, 4.52927395145e-07],
        "min": [1.49919489815e-25, 2.57404189247e-24, 4.65155777068e-25, 2.80133924471e-25, 7.06435195817e-24, 5.39386247186e-24, 8.47574244675e-24, 2.46564885422e-24, 1.13218429411e-23, 7.97779924388e-24, 7.85577508361e-24, 1.57306831996e-23, 2.38443542681e-23, 2.18542980179e-23, 2.63824385e-23, 5.67975686574e-23, 6.92447524453e-23, 7.3273427223e-23, 8.73253560406e-23, 1.57083183619e-22, 2.34174432566e-22, 2.84783583059e-22, 3.64988245118e-22, 5.11301571492e-22, 8.51231757241e-22, 1.22553562923e-21, 1.91225719734e-21],
        "var": [7.33877016046e-07, 0.000809229270089, 9.340683755e-05, 1.40858664963e-05, 2.64741011051e-05, 2.37519470829e-05, 2.05484739126e-05, 5.27102893102e-05, 8.7383459686e-06, 4.41906968263e-06, 5.08740140504e-06, 6.95658059158e-07, 2.10611844409e-07, 2.62107363369e-07, 1.00372460565e-07, 1.85161738386e-07, 2.40100916926e-08, 4.34534674909e-09, 8.55821991053e-09, 5.75835290562e-09, 6.21220230812e-09, 3.61429175477e-09, 2.29459988788e-08, 2.50546996483e-08, 7.95305155066e-08, 1.33383892376e-07, 1.89855509092e-08]
    },
    "erbbands": {
        "dmean": [0.268367886543, 1.8985285759, 3.06243371964, 4.27674722672, 4.24966812134, 9.58380413055, 13.7001819611, 9.99983692169, 10.4155197144, 20.9909000397, 29.2428703308, 16.2120132446, 17.6658592224, 16.3857555389, 17.1285972595, 13.3927288055, 8.41283512115, 10.6621026993, 4.70978879929, 8.21982097626, 5.69269275665, 2.96538424492, 1.79068171978, 1.84019494057, 1.32009541988, 1.1580824852, 1.122407794, 1.17924141884, 0.774786531925, 0.713552117348, 1.45947480202, 0.703050374985, 0.723507285118, 0.704337179661, 0.774092793465, 0.478453069925, 0.242427408695, 0.0663527995348, 0.00483943661675, 0.000215814317926],
        "dmean2": [0.470712870359, 3.19730091095, 4.66235017776, 6.28568124771, 6.80101966858, 14.8255491257, 19.0008201599, 13.0519809723, 13.3967866898, 22.6663856506, 40.4221839905, 21.4889564514, 23.7070503235, 23.7190952301, 25.4457817078, 21.3656482697, 13.8096208572, 17.3034534454, 7.82952070236, 14.0704116821, 9.48385810852, 5.01218795776, 3.01598334312, 3.04406142235, 2.12111210823, 1.86275243759, 1.89001882076, 1.96307194233, 1.31085002422, 1.11962449551, 2.36181783676, 1.1271481514, 1.19044613838, 1.15817785263, 1.26647722721, 0.797093629837, 0.411889851093, 0.115431897342, 0.00799308903515, 0.000359411351383],
        "dvar": [1.18671607971, 48.8413734436, 53.3606147766, 85.6388778687, 90.5708770752, 408.224639893, 367.069732666, 409.063262939, 1106.44104004, 2454.09521484, 3995.73876953, 1146.27661133, 1830.86779785, 1512.46020508, 1748.52331543, 767.028320312, 295.793731689, 369.138702393, 47.2110939026, 741.662963867, 309.999664307, 36.828327179, 12.8097772598, 16.969625473, 15.9855699539, 10.2847642899, 10.6413640976, 12.6576499939, 5.32041168213, 3.9664850235, 49.9051856995, 9.75955486298, 12.4649343491, 9.37400245667, 5.7619304657, 1.56847822666, 0.401724666357, 0.0318491198123, 0.000172105545062, 3.56323909045e-07],
        "dvar2": [3.22279238701, 129.878616333, 121.732391357, 181.614486694, 240.243789673, 1183.22998047, 983.470092773, 838.558105469, 2770.88647461, 2619.58447266, 9081.37304688, 1833.68725586, 2996.57739258, 2960.52441406, 3331.36889648, 1664.15429688, 746.418457031, 827.540588379, 117.688903809, 1979.67333984, 786.014404297, 91.9826507568, 33.0292053223, 40.0356025696, 33.6544761658, 23.8344116211, 27.1630706787, 34.1798744202, 14.4061841965, 9.67276096344, 133.131362915, 25.3526821136, 32.6123962402, 24.5767307281, 14.9938220978, 4.06280565262, 1.06384778023, 0.0866119489074, 0.000422676355811, 9.27722851429e-07],
        "max": [10.602180481, 72.0679092407, 92.0440673828, 91.4078826904, 152.454452515, 290.162597656, 506.550537109, 689.679016113, 935.452148438, 2094.47119141, 1251.8236084, 1125.76013184, 1335.14050293, 1390.43359375, 1152.68981934, 999.452392578, 409.927154541, 501.163604736, 99.2585144043, 380.48135376, 343.421417236, 179.319580078, 76.302482605, 50.4070091248, 42.6070899963, 41.8292579651, 40.8313522339, 38.9059143066, 41.7264785767, 27.6828212738, 199.995346069, 89.9286956787, 99.911605835, 100.039283752, 43.9971542358, 23.2432632446, 7.07541227341, 2.27032256126, 0.418158441782, 0.00983941275626],
        "mean": [0.226791933179, 2.1012032032, 7.39900636673, 11.471198082, 9.01608181, 20.0974807739, 33.6382751465, 25.2932395935, 24.7980060577, 53.3356742859, 56.8218574524, 34.4674682617, 33.2136383057, 30.0266971588, 28.0497226715, 20.3362312317, 12.6904773712, 15.9161739349, 7.52508163452, 9.53560256958, 7.18906736374, 4.35187482834, 2.70086097717, 2.48763680458, 1.7402318716, 1.36116707325, 1.27230942249, 1.1817176342, 0.843582451344, 0.754853248596, 1.30481624603, 0.65206193924, 0.623871147633, 0.629090487957, 0.777882575989, 0.553264677525, 0.24946628511, 0.0774947479367, 0.00941773783416, 0.000364042585716],
        "median": [0.0347399972379, 0.47476759553, 2.68319272995, 4.22835159302, 5.820353508, 13.4584054947, 22.660949707, 12.246295929, 6.75348329544, 12.1215171814, 18.2255077362, 11.4928092957, 10.3098773956, 11.063832283, 8.74637508392, 10.1438674927, 6.67392301559, 7.24667739868, 4.80969429016, 3.74731731415, 2.8215034008, 2.26552081108, 1.58469009399, 1.2047894001, 0.741371691227, 0.466594815254, 0.387571305037, 0.199409872293, 0.139559194446, 0.0887860953808, 0.0954237058759, 0.0428423807025, 0.0389768518507, 0.03118715249, 0.0459377206862, 0.0249682422727, 0.00600563222542, 0.00112942699343, 8.58054481796e-05, 5.18101478519e-05],
        "min": [1.03385472287e-22, 2.70274626098e-22, 1.0029499294e-21, 3.12618574179e-21, 1.25347347267e-20, 1.37160940443e-20, 2.6402758585e-20, 3.2370873167e-20, 1.61904345638e-19, 8.40958921242e-20, 1.48104000341e-19, 2.80963837474e-19, 4.47020397143e-19, 7.09519857284e-19, 9.08991256676e-19, 1.10813498915e-18, 1.35177214638e-18, 1.71220048527e-18, 2.16771158121e-18, 3.31727653172e-18, 3.7065727502e-18, 4.48915467926e-18, 4.81730467288e-18, 5.67533085048e-18, 5.0486550961e-18, 7.63519717276e-18, 7.60803587017e-18, 1.03120537238e-17, 1.11368975512e-17, 9.27209661514e-18, 9.9138001733e-18, 9.68899233514e-18, 7.69799010742e-18, 8.49813928474e-18, 5.64727950155e-18, 3.56880995509e-18, 2.24092885274e-18, 8.81415846788e-19, 2.32560717695e-19, 2.56281378687e-20],
        "var": [0.815850377083, 36.7103805542, 95.8406295776, 211.034591675, 113.981231689, 502.071411133, 1309.14477539, 1669.39916992, 3996.81811523, 16502.4765625, 10000.3134766, 4990.59521484, 6485.61279297, 4499.00830078, 4691.59228516, 1613.06225586, 458.004394531, 762.836975098, 77.253692627, 596.401672363, 318.102020264, 55.1639556885, 14.6617736816, 20.1199111938, 18.6729240417, 10.9153299332, 9.3978061676, 10.0416440964, 4.54073905945, 4.14985370636, 37.1533355713, 7.85037660599, 9.3958568573, 7.09885025024, 4.99366569519, 2.02018928528, 0.408158123493, 0.0340722464025, 0.000873713463079, 6.22879554157e-07]
    },
    "gfcc": {
        "mean": [-60.4260559082, 116.770202637, -97.1143722534, -8.49974822998, -50.4663963318, -3.34728550911, -40.5916557312, -2.28836679459, -29.3949737549, -1.66907179356, -19.1766319275, -0.330240279436, -9.95916366577],
        "cov": [[31295.5566406, 708.896179199, 591.821777344, -204.000564575, -289.877807617, 677.926147461, -401.876953125, 749.601013184, -243.750244141, 602.305847168, -632.833557129, 190.513641357, -636.859863281], [708.896179199, 1838.94445801, -698.370910645, 315.395965576, 99.2702484131, -32.1974945068, 94.9580459595, -95.2705154419, -15.5801820755, -186.764648438, 125.042007446, -165.250274658, 120.735931396], [591.821777344, -698.370910645, 2306.34350586, 313.154632568, 864.635009766, 748.644104004, 432.442871094, 598.880004883, 215.202301025, 383.865509033, -180.327514648, 39.0643577576, -340.381561279], [-204.000564575, 315.395965576, 313.154632568, 645.356567383, 250.644851685, 336.555358887, 145.053833008, 124.355934143, 46.0331573486, 14.2998886108, 22.6717395782, -38.478477478, -3.06585383415], [-289.877807617, 99.2702484131, 864.635009766, 250.644851685, 595.217407227, 346.184509277, 297.190338135, 231.169418335, 123.976722717, 114.098869324, -40.8546104431, -21.9000720978, -109.357276917], [677.926147461, -32.1974945068, 748.644104004, 336.555358887, 346.184509277, 473.268951416, 185.720932007, 259.355163574, 48.8419075012, 128.319351196, -58.2780838013, 1.05887794495, -104.399742126], [-401.876953125, 94.9580459595, 432.442871094, 145.053833008, 297.190338135, 185.720932007, 266.421081543, 119.852874756, 113.100524902, 29.3058700562, 1.11425018311, -27.0435791016, -40.5941925049], [749.601013184, -95.2705154419, 598.880004883, 124.355934143, 231.169418335, 259.355163574, 119.852874756, 270.562072754, 63.2598381042, 149.944732666, -61.8450508118, 18.4049396515, -105.660491943], [-243.750244141, -15.5801820755, 215.202301025, 46.0331573486, 123.976722717, 48.8419075012, 113.100524902, 63.2598381042, 133.898864746, 45.6705513, 13.1922960281, -21.7256126404, -28.2402038574], [602.305847168, -186.764648438, 383.865509033, 14.2998886108, 114.098869324, 128.319351196, 29.3058700562, 149.944732666, 45.6705513, 174.920669556, -30.7101821899, 38.2389564514, -87.7169265747], [-632.833557129, 125.042007446, -180.327514648, 22.6717395782, -40.8546104431, -58.2780838013, 1.11425018311, -61.8450508118, 13.1922960281, -30.7101821899, 108.350524902, 8.69204425812, 62.6785964966], [190.513641357, -165.250274658, 39.0643577576, -38.478477478, -21.9000720978, 1.05887794495, -27.0435791016, 18.4049396515, -21.7256126404, 38.2389564514, 8.69204425812, 89.9625244141, 9.71197795868], [-636.859863281, 120.735931396, -340.381561279, -3.06585383415, -109.357276917, -104.399742126, -40.5941925049, -105.660491943, -28.2402038574, -87.7169265747, 62.6785964966, 9.71197795868, 137.236618042]],
        "icov": [[5.27006232005e-05, -0.00010582957475, 1.03201273305e-05, 6.10698771197e-05, 0.00014201553131, -0.000159874136443, 7.52738123992e-05, -1.87184978131e-05, -9.17460929486e-05, -6.75000046613e-05, 0.000296443147818, -0.000263557449216, 0.000185264303582], [-0.00010582957475, 0.00144243403338, 0.000910084694624, -0.000467782723717, -0.00139803683851, 0.000529695593286, -0.000468101789011, -0.0011953614885, 0.00110716139898, 0.000369615096133, -0.00168217823375, 0.00233179912902, -0.000215848427615], [1.03201273305e-05, 0.000910084694624, 0.00277481391095, 0.000196856723051, -0.0022557200864, -0.00123553082813, -0.000314950593747, -0.00181856902782, -0.000256588595221, -0.000341279286658, 2.75986039924e-05, 0.000178895003046, 0.00160698837135], [6.10698771197e-05, -0.000467782723717, 0.000196856723051, 0.00349019723944, -0.000224913499551, -0.0036195309367, 0.00110314693302, 0.000206947996048, -0.00130714604165, 0.000932677066885, -0.000700008298736, 0.000110435736133, -0.000546851020772], [0.00014201553131, -0.00139803683851, -0.0022557200864, -0.000224913499551, 0.00762249436229, -0.000783873256296, -0.0040868697688, 0.00164310936816, -0.000179242837476, -0.00139997480437, 0.00180702877697, -0.00132543488871, 0.000159848597832], [-0.000159874136443, 0.000529695593286, -0.00123553082813, -0.0036195309367, -0.000783873256296, 0.0103827957064, -0.0028903898783, -0.00392130296677, 0.00481344619766, -0.00114236038644, -0.000459819915704, 0.00167763687205, -0.0006017665728], [7.52738123992e-05, -0.000468101789011, -0.000314950593747, 0.00110314693302, -0.0040868697688, -0.0028903898783, 0.0138969067484, -0.00162800319958, -0.00794901419431, 0.00592555478215, -0.00134949455969, -0.00119685288519, 0.000259153835941], [-1.87184978131e-05, -0.0011953614885, -0.00181856902782, 0.000206947996048, 0.00164310936816, -0.00392130296677, -0.00162800319958, 0.0156810805202, -0.00195341743529, -0.00692210020497, 0.00428532855585, -0.00244755181484, -0.000233631493757], [-9.17460929486e-05, 0.00110716139898, -0.000256588595221, -0.00130714604165, -0.000179242837476, 0.00481344619766, -0.00794901419431, -0.00195341743529, 0.0175305008888, -0.00544191431254, -0.00422073854133, 0.00673328805715, -0.00082148326328], [-6.75000046613e-05, 0.000369615096133, -0.000341279286658, 0.000932677066885, -0.00139997480437, -0.00114236038644, 0.00592555478215, -0.00692210020497, -0.00544191431254, 0.0184925980866, -0.00374547019601, -0.00519467052072, 0.00575295323506], [0.000296443147818, -0.00168217823375, 2.75986039924e-05, -0.000700008298736, 0.00180702877697, -0.000459819915704, -0.00134949455969, 0.00428532855585, -0.00422073854133, -0.00374547019601, 0.0184252038598, -0.00560055254027, -0.00438260659575], [-0.000263557449216, 0.00233179912902, 0.000178895003046, 0.000110435736133, -0.00132543488871, 0.00167763687205, -0.00119685288519, -0.00244755181484, 0.00673328805715, -0.00519467052072, -0.00560055254027, 0.0207146126777, -0.00568945845589], [0.000185264303582, -0.000215848427615, 0.00160698837135, -0.000546851020772, 0.000159848597832, -0.0006017665728, 0.000259153835941, -0.000233631493757, -0.00082148326328, 0.00575295323506, -0.00438260659575, -0.00568945845589, 0.0177885144949]]
    },
    "melbands": {
        "dmean": [0.00245054019615, 0.0019237480592, 0.000699075113516, 0.000488626828883, 0.000441445678007, 0.000248306343565, 0.00015569171228, 0.000254679645877, 0.000237350919633, 9.63095444604e-05, 8.60507643665e-05, 6.12078365521e-05, 6.19678976364e-05, 3.51148955815e-05, 3.05750654661e-05, 1.72002473846e-05, 2.21119498747e-05, 6.38450319457e-06, 1.21411048895e-05, 1.14798840514e-05, 5.8391251514e-06, 3.68802488993e-06, 1.84028931471e-06, 1.41748409987e-06, 1.58222019309e-06, 1.15846808058e-06, 9.1739286745e-07, 7.47206854612e-07, 7.27943699985e-07, 6.6459062964e-07, 7.31886302674e-07, 4.4327285309e-07, 4.10434637388e-07, 3.60091576113e-07, 9.41923417486e-07, 5.4511849612e-07, 3.9558943854e-07, 4.11113006749e-07, 6.54104610476e-07, 5.98769759108e-07],
        "dmean2": [0.00423496868461, 0.00305850314908, 0.00102680898272, 0.000785681884736, 0.000622921215836, 0.000326419220073, 0.000194282343728, 0.000277338229353, 0.000333290954586, 0.00012577061716, 0.000115475559141, 8.87486894499e-05, 9.25954664126e-05, 5.4524774896e-05, 4.94084597449e-05, 2.82411256194e-05, 3.59396217391e-05, 1.05388480733e-05, 2.07882603718e-05, 1.88818758033e-05, 9.85462247627e-06, 6.27979852652e-06, 3.10355972033e-06, 2.4036544346e-06, 2.65394874077e-06, 1.90792684407e-06, 1.46893171404e-06, 1.20852337204e-06, 1.23026097754e-06, 1.09079155663e-06, 1.23925917705e-06, 7.69190705796e-07, 6.63623154651e-07, 5.6332891063e-07, 1.54030249178e-06, 8.79650428942e-07, 6.36861955172e-07, 6.77226978496e-07, 1.08764368179e-06, 9.93821686279e-07],
        "dvar": [9.37960867304e-05, 2.94527071674e-05, 2.19036905946e-06, 1.3235236338e-06, 3.48610200263e-07, 2.24928697889e-07, 2.04773698442e-07, 3.84960202382e-07, 2.6081499982e-07, 4.66971457058e-08, 4.50994122048e-08, 2.07987316259e-08, 1.84932389402e-08, 5.07696062968e-09, 4.01342958867e-09, 1.69616543033e-09, 1.80356118928e-09, 9.16623305036e-11, 8.23387857896e-10, 1.69087355228e-09, 2.7526961266e-10, 5.47719369859e-11, 1.35296496229e-11, 7.10359548961e-12, 1.20406315127e-11, 1.25314333563e-11, 7.91753208135e-12, 4.08798992921e-12, 4.26488922303e-12, 3.49168935952e-12, 5.39767102542e-12, 1.91493392324e-12, 1.24664081141e-12, 1.08757198126e-12, 2.15353498922e-11, 6.22563806063e-12, 3.53535798726e-12, 3.53643633474e-12, 1.6251033505e-11, 7.60382729004e-12],
        "dvar2": [0.000252082914812, 7.26427824702e-05, 4.6869936341e-06, 3.79828748009e-06, 9.28561973979e-07, 4.82549808112e-07, 4.72187792866e-07, 4.15598975678e-07, 5.93453478359e-07, 6.90735930675e-08, 7.36462624218e-08, 4.07239539868e-08, 3.82264850884e-08, 1.05346549262e-08, 8.76816486084e-09, 4.19970680454e-09, 3.99669852769e-09, 2.21827764491e-10, 2.23361840135e-09, 4.24405977029e-09, 7.11267433839e-10, 1.3805674659e-10, 3.46099190973e-11, 1.80090126839e-11, 2.86993033505e-11, 2.96342672623e-11, 1.7438736219e-11, 9.77634986854e-12, 1.11235309158e-11, 8.54484018264e-12, 1.49644914516e-11, 5.32066534928e-12, 3.0100234371e-12, 2.66457732614e-12, 5.77732965634e-11, 1.63681342785e-11, 9.12997108471e-12, 9.35091847704e-12, 4.2584564347e-11, 2.05277340265e-11],
        "max": [0.0946477279067, 0.0597616583109, 0.0162238739431, 0.0156289655715, 0.015144075267, 0.0146279577166, 0.0125767616555, 0.0266092419624, 0.00965881627053, 0.00771579192951, 0.00664081610739, 0.00512881670147, 0.00317020947114, 0.00197634845972, 0.00203849212267, 0.00137903506402, 0.00115184043534, 0.000184674092452, 0.000609139853623, 0.000918763340451, 0.000260228465777, 0.000209862395423, 5.6305059843e-05, 4.97965083923e-05, 4.39215327788e-05, 3.78107979486e-05, 3.50997361238e-05, 3.01707623294e-05, 2.79716241494e-05, 2.27998170885e-05, 2.32530492212e-05, 2.49490021815e-05, 1.56352525664e-05, 1.72053823917e-05, 0.000120718541439, 7.53628919483e-05, 5.0046492106e-05, 5.25004361407e-05, 9.91203050944e-05, 6.52435410302e-05],
        "mean": [0.00226704776287, 0.00362250348553, 0.00188554020133, 0.000972365902271, 0.00114873249549, 0.000621269398835, 0.000381121120881, 0.000626462046057, 0.000446435704362, 0.000202561612241, 0.000156355919898, 0.000108305997855, 0.0001012080902, 5.48569078092e-05, 4.41748234152e-05, 2.39831515501e-05, 3.14955505019e-05, 9.90655007627e-06, 1.45152298501e-05, 1.3087381376e-05, 7.16687691238e-06, 5.15604097018e-06, 2.62645994553e-06, 2.07668040275e-06, 2.02819819606e-06, 1.35989512273e-06, 1.07493281121e-06, 8.54334473388e-07, 8.23027562546e-07, 6.91589377766e-07, 6.9775069278e-07, 4.80127027913e-07, 4.28760756677e-07, 3.82048966685e-07, 8.17721399926e-07, 5.11683708737e-07, 3.62180259117e-07, 3.62991073644e-07, 5.44826832538e-07, 5.29030785401e-07],
        "median": [0.000388088548789, 0.00133060663939, 0.000822914531454, 0.000702360295691, 0.000839167565573, 0.000321328261634, 9.28214358282e-05, 0.000131907945615, 0.000134070229251, 5.73998077016e-05, 4.4002696086e-05, 3.90540117223e-05, 3.04318637063e-05, 2.37806325458e-05, 2.19528737944e-05, 8.54504287418e-06, 1.20043287097e-05, 5.74433352085e-06, 6.16878332949e-06, 4.13873749494e-06, 2.82235328086e-06, 2.53905591308e-06, 1.52186578362e-06, 1.26990721583e-06, 9.17674640277e-07, 5.61437218494e-07, 3.75606049374e-07, 2.78422703559e-07, 2.65694126256e-07, 1.54935378305e-07, 9.66214557252e-08, 7.79224720304e-08, 5.92790421194e-08, 4.19383425765e-08, 5.6578130625e-08, 3.53125244601e-08, 2.10582093985e-08, 2.55880934219e-08, 2.05885442028e-08, 2.07082777592e-08],
        "min": [8.70582654875e-25, 8.33925669116e-25, 8.66920762553e-25, 1.59751009043e-24, 7.76629715493e-25, 7.96961668553e-25, 2.2722672947e-24, 7.4001956835e-25, 1.51786787673e-24, 1.7676183797e-24, 1.63359456038e-24, 2.43029191123e-24, 2.14753142507e-24, 1.88686910223e-24, 2.20743614171e-24, 2.10727545865e-24, 2.50540290789e-24, 2.98498300661e-24, 2.55192144382e-24, 3.50949504477e-24, 3.88558724235e-24, 4.1931810698e-24, 3.16665570093e-24, 3.61651388732e-24, 3.82034331789e-24, 3.38475286426e-24, 4.23463097721e-24, 4.33514763375e-24, 4.12076994959e-24, 4.66579197685e-24, 4.91298745796e-24, 5.78982094804e-24, 4.08212247055e-24, 4.80180816299e-24, 4.94514379504e-24, 5.78662724467e-24, 5.19149401169e-24, 4.88954724502e-24, 5.79494972722e-24, 6.16688265567e-24],
        "var": [6.65057741571e-05, 3.29198628606e-05, 5.2060163398e-06, 1.27223495383e-06, 1.25295287035e-06, 9.25522385842e-07, 9.10919141006e-07, 2.48577794082e-06, 6.33069305422e-07, 2.13740989352e-07, 1.59290621582e-07, 6.12072739159e-08, 4.84993094574e-08, 1.27325554544e-08, 8.18254708435e-09, 3.04827563191e-09, 3.80361520058e-09, 1.66956365399e-10, 7.37698235831e-10, 1.71886116451e-09, 2.77681544425e-10, 8.49448913987e-11, 1.50207936367e-11, 8.33871166561e-12, 1.41358461395e-11, 1.24025425347e-11, 8.71228523353e-12, 4.22871416703e-12, 3.85476546516e-12, 3.34245695358e-12, 3.99505298634e-12, 1.5571106687e-12, 1.31839049226e-12, 1.1358043412e-12, 1.56089204062e-11, 4.96384877646e-12, 2.84950036657e-12, 2.63597498863e-12, 1.19291286918e-11, 5.37213502849e-12]
    },
    "mfcc": {
        "mean": [-708.10748291, 166.452896118, -1.36106753349, 5.9060177803, -1.12101387978, -3.59030508995, -6.53267049789, -5.55142402649, -6.94974708557, -7.02862262726, -7.35652303696, -5.56363391876, -4.74968004227],
        "cov": [[10474.4306641, 1361.24243164, 929.888366699, 172.853744507, 378.074401855, 247.852783203, 192.485214233, 253.143386841, 368.056671143, 301.353393555, 221.347045898, 215.760375977, 203.505401611], [1361.24243164, 1727.93920898, -137.295608521, 209.577468872, 112.523872375, 78.9725189209, 127.309082031, 94.3370666504, 44.2432632446, 64.6505279541, 40.128326416, 24.6076068878, -9.380402565], [929.888366699, -137.295608521, 1145.85131836, 250.859725952, 564.454162598, 388.472076416, 396.378540039, 314.740600586, 358.71697998, 303.330474854, 258.80291748, 200.381072998, 103.65977478], [172.853744507, 209.577468872, 250.859725952, 333.776123047, 244.04133606, 213.929428101, 180.728027344, 154.760559082, 136.95652771, 104.822143555, 88.2420806885, 67.7028198242, 44.2695541382], [378.074401855, 112.523872375, 564.454162598, 244.04133606, 456.208221436, 293.661407471, 298.258209229, 212.421356201, 229.631347656, 182.703933716, 151.54258728, 117.749687195, 62.7349281311], [247.852783203, 78.9725189209, 388.472076416, 213.929428101, 293.661407471, 304.4375, 238.494033813, 189.326873779, 173.805221558, 135.421936035, 111.54132843, 88.7107772827, 48.4440917969], [192.485214233, 127.309082031, 396.378540039, 180.728027344, 298.258209229, 238.494033813, 300.635406494, 193.963653564, 183.541732788, 124.08316803, 103.218910217, 90.1980361938, 47.8659133911], [253.143386841, 94.3370666504, 314.740600586, 154.760559082, 212.421356201, 189.326873779, 193.963653564, 210.451828003, 163.405548096, 120.975090027, 84.4315490723, 74.3091659546, 43.8462600708], [368.056671143, 44.2432632446, 358.71697998, 136.95652771, 229.631347656, 173.805221558, 183.541732788, 163.405548096, 220.447494507, 149.266067505, 108.522926331, 78.2584075928, 44.2693710327], [301.353393555, 64.6505279541, 303.330474854, 104.822143555, 182.703933716, 135.421936035, 124.08316803, 120.975090027, 149.266067505, 182.850387573, 123.222602844, 72.0231781006, 26.4750499725], [221.347045898, 40.128326416, 258.80291748, 88.2420806885, 151.54258728, 111.54132843, 103.218910217, 84.4315490723, 108.522926331, 123.222602844, 148.376602173, 85.9158630371, 37.2517127991], [215.760375977, 24.6076068878, 200.381072998, 67.7028198242, 117.749687195, 88.7107772827, 90.1980361938, 74.3091659546, 78.2584075928, 72.0231781006, 85.9158630371, 116.121879578, 69.8108596802], [203.505401611, -9.380402565, 103.65977478, 44.2695541382, 62.7349281311, 48.4440917969, 47.8659133911, 43.8462600708, 44.2693710327, 26.4750499725, 37.2517127991, 69.8108596802, 103.031570435]],
