{
"lowlevel": {
    "average_loudness": 0.904167413712,
    "barkbands_crest": {
        "dmean": 1.57426249981,
        "dmean2": 2.39931511879,
        "dvar": 2.32539844513,
        "dvar2": 5.41985225677,
        "max": 22.9604511261,
        "mean": 8.39138698578,
        "median": 7.60053634644,
        "min": 2.76377224922,
        "var": 11.316742897
    },
    "barkbands_flatness_db": {
        "dmean": 0.0122276740149,
        "dmean2": 0.0191316697747,
        "dvar": 0.000146637845319,
        "dvar2": 0.000327056914102,
        "max": 0.318378299475,
        "mean": 0.160833775997,
        "median": 0.157179638743,
        "min": 0.0519238635898,
        "var": 0.00136497477069
    },
    "barkbands_kurtosis": {
        "dmean": 0.818821847439,
        "dmean2": 1.26324486732,
        "dvar": 1.04866349697,
        "dvar2": 2.40654706955,
        "max": 25.6327056885,
        "mean": 0.917416870594,
        "median": 0.370510816574,
        "min": -1.69544398785,
        "var": 4.36382389069
    },
    "barkbands_skewness": {
        "dmean": 0.274409502745,
        "dmean2": 0.4117192626,
        "dvar": 0.0586631260812,
        "dvar2": 0.131223201752,
        "max": 4.2084069252,
        "mean": 0.842029452324,
        "median": 0.829887390137,
        "min": -2.2499871254,
        "var": 0.543678045273
    },
    "barkbands_spread": {
        "dmean": 2.16264891624,
        "dmean2": 3.33672976494,
        "dvar": 4.04874801636,
        "dvar2": 9.52945709229,
        "max": 43.0791397095,
        "mean": 14.8238754272,
        "median": 14.3292036057,
        "min": 2.28376936913,
        "var": 29.6748485565
    },
    "dissonance": {
        "dmean": 0.0186183713377,
        "dmean2": 0.0310021266341,
        "dvar": 0.000293987628538,
        "dvar2": 0.000799654284492,
        "max": 0.500000119209,
        "mean": 0.454312384129,
        "median": 0.457938849926,
        "min": 0.159974381328,
        "var": 0.000756997033022
    },
    "dynamic_complexity": 2.00083565712,
    "erbbands_crest": {
        "dmean": 2.25683116913,
        "dmean2": 3.5131790638,
        "dvar": 4.7614030838,
        "dvar2": 10.8445520401,
        "max": 28.6643772125,
        "mean": 8.9717092514,
        "median": 7.96201658249,
        "min": 2.57052946091,
        "var": 15.486374855
    },
    "erbbands_flatness_db": {
        "dmean": 0.0111077772453,
        "dmean2": 0.0169006846845,
        "dvar": 0.000126085898955,
        "dvar2": 0.000272948876955,
        "max": 0.36237886548,
        "mean": 0.227036401629,
        "median": 0.22468328476,
        "min": 0.0849991291761,
        "var": 0.00135684560519
    },
    "erbbands_kurtosis": {
        "dmean": 0.545308828354,
        "dmean2": 0.835205793381,
        "dvar": 0.417534559965,
        "dvar2": 0.941453099251,
        "max": 12.7773294449,
        "mean": 0.0799202173948,
        "median": -0.253583908081,
        "min": -1.7949308157,
        "var": 1.58649921417
    },
    "erbbands_skewness": {
        "dmean": 0.24509292841,
        "dmean2": 0.376588344574,
        "dvar": 0.0424881391227,
        "dvar2": 0.0986533015966,
        "max": 2.91085577011,
        "mean": 0.170076593757,
        "median": 0.147655725479,
        "min": -2.02455997467,
        "var": 0.240026772022
    },
    "erbbands_spread": {
        "dmean": 3.54014015198,
        "dmean2": 5.3938202858,
        "dvar": 9.75576591492,
        "dvar2": 22.2568664551,
        "max": 56.7528381348,
        "mean": 23.7582588196,
        "median": 23.4269580841,
        "min": 3.73402309418,
        "var": 68.0214614868
    },
    "hfc": {
        "dmean": 3.8992061615,
        "dmean2": 6.00763034821,
        "dvar": 20.5043411255,
        "dvar2": 46.7728424072,
        "max": 90.7951583862,
        "mean": 21.3062515259,
        "median": 21.7535324097,
        "min": 1.14169572492e-16,
        "var": 112.320617676
    },
    "melbands_crest": {
        "dmean": 2.09225797653,
        "dmean2": 3.2294921875,
        "dvar": 3.91667795181,
        "dvar2": 10.2585897446,
        "max": 27.6422176361,
        "mean": 11.3357229233,
        "median": 10.7151050568,
        "min": 1.55543649197,
        "var": 17.640794754
    },
    "melbands_flatness_db": {
        "dmean": 0.0125786317512,
        "dmean2": 0.019276112318,
        "dvar": 0.000188052610611,
        "dvar2": 0.000411117012845,
        "max": 0.395960688591,
        "mean": 0.206620052457,
        "median": 0.20503821969,
        "min": 0.0024002562277,
        "var": 0.00248322146945
    },
    "melbands_kurtosis": {
        "dmean": 1.36176943779,
        "dmean2": 2.07751941681,
        "dvar": 2.45254874229,
        "dvar2": 5.56147241592,
        "max": 31.4758796692,
        "mean": 2.75038480759,
        "median": 1.8644618988,
        "min": -1.67783761024,
        "var": 10.2937850952
    },
    "melbands_skewness": {
        "dmean": 0.316567420959,
        "dmean2": 0.469455361366,
        "dvar": 0.0759849920869,
        "dvar2": 0.169213712215,
        "max": 4.55668449402,
        "mean": 1.35276770592,
        "median": 1.33255755901,
        "min": -0.860302507877,
        "var": 0.543746232986
    },
    "melbands_spread": {
        "dmean": 3.50821900368,
        "dmean2": 5.39005851746,
        "dvar": 14.2722663879,
        "dvar2": 34.9867630005,
        "max": 157.078277588,
        "mean": 23.2760105133,
        "median": 20.2409763336,
        "min": 2.84993720055,
        "var": 319.990631104
    },
    "pitch_salience": {
        "dmean": 0.0458195023239,
        "dmean2": 0.0716309770942,
        "dvar": 0.00155097048264,
        "dvar2": 0.00371146155521,
        "max": 0.827467024326,
        "mean": 0.593048810959,
        "median": 0.59566873312,
        "min": 0.249720335007,
        "var": 0.00717189954594
    },
    "silence_rate_20dB": {
        "dmean": 0,
        "dmean2": 0,
        "dvar": 0,
        "dvar2": 0,
        "max": 1,
        "mean": 1,
        "median": 1,
        "min": 1,
        "var": 0
    },
    "silence_rate_30dB": {
        "dmean": 0,
        "dmean2": 0,
        "dvar": 0,
        "dvar2": 0,
        "max": 1,
        "mean": 1,
        "median": 1,
        "min": 1,
        "var": 0
    },
    "silence_rate_60dB": {
        "dmean": 0.00172117038164,
        "dmean2": 0.00336436904036,
        "dvar": 0.00171814882196,
        "dvar2": 0.00350965606049,
        "max": 1,
        "mean": 0.0455292202532,
        "median": 0,
        "min": 0,
        "var": 0.0434556230903
    },
    "spectral_centroid": {
        "dmean": 124.787200928,
        "dmean2": 194.476196289,
        "dvar": 25451.1757812,
        "dvar2": 44346.7304688,
        "max": 10566.25,
        "mean": 1163.15979004,
        "median": 1068.35876465,
        "min": 413.800384521,
        "var": 280644.03125
    },
    "spectral_complexity": {
        "dmean": 2.22343921661,
        "dmean2": 3.79790306091,
        "dvar": 3.52958011627,
        "dvar2": 9.84655475616,
        "max": 39,
        "mean": 21.9856834412,
        "median": 24,
        "min": 0,
        "var": 46.8639984131
    },
    "spectral_decrease": {
        "dmean": 1.17702103619e-09,
        "dmean2": 1.77187420292e-09,
        "dvar": 1.84734018727e-18,
        "dvar2": 4.27416961088e-18,
        "max": 3.53036384098e-18,
        "mean": -6.9510188716e-09,
        "median": -6.8986016899e-09,
        "min": -2.86524173276e-08,
        "var": 1.37138993402e-17
    },
    "spectral_energy": {
        "dmean": 0.00474061677232,
        "dmean2": 0.00714429747313,
        "dvar": 2.96431244351e-05,
        "dvar2": 6.83308680891e-05,
        "max": 0.112043716013,
        "mean": 0.0281672086567,
        "median": 0.0281301178038,
        "min": 1.01635843423e-20,
        "var": 0.000219382345676
    },
    "spectral_energyband_high": {
        "dmean": 5.94556622673e-05,
        "dmean2": 0.000103668542579,
        "dvar": 1.29433743723e-08,
        "dvar2": 3.67037706894e-08,
        "max": 0.00147322367411,
        "mean": 0.000166932644788,
        "median": 0.000126464525238,
        "min": 7.55678037961e-21,
        "var": 2.51467540124e-08
    },
    "spectral_energyband_low": {
        "dmean": 0.000620471895672,
        "dmean2": 0.00103912211489,
        "dvar": 8.33787794363e-07,
        "dvar2": 2.58675413534e-06,
        "max": 0.0148057900369,
        "mean": 0.00193386839237,
        "median": 0.000956997566391,
        "min": 7.37068084717e-23,
        "var": 5.31458817932e-06
    },
    "spectral_energyband_middle_high": {
        "dmean": 0.00252728257328,
        "dmean2": 0.00379034271464,
        "dvar": 8.8355218395e-06,
        "dvar2": 1.89887341548e-05,
        "max": 0.0502392761409,
        "mean": 0.00948320329189,
        "median": 0.00874256156385,
        "min": 1.48828078625e-21,
        "var": 3.49033507518e-05
    },
    "spectral_energyband_middle_low": {
        "dmean": 0.00347484368831,
        "dmean2": 0.0051034996286,
        "dvar": 1.91123272089e-05,
        "dvar2": 4.41166303062e-05,
        "max": 0.103829294443,
        "mean": 0.0175788160414,
        "median": 0.0154873039573,
        "min": 1.91363822142e-22,
        "var": 0.000135484398925
    },
    "spectral_entropy": {
        "dmean": 0.0879398584366,
        "dmean2": 0.136403784156,
        "dvar": 0.0103721935302,
        "dvar2": 0.0214159600437,
        "max": 9.79870414734,
        "mean": 7.22058582306,
        "median": 7.22658777237,
        "min": 5.72814893723,
        "var": 0.11710241437
    },
    "spectral_flux": {
        "dmean": 0.0130050424486,
        "dmean2": 0.0214347168803,
        "dvar": 0.000228443386732,
        "dvar2": 0.000583673361689,
        "max": 0.215892791748,
        "mean": 0.0627722367644,
        "median": 0.0626029968262,
        "min": 1.00814606663e-10,
        "var": 0.000608464120887
    },
    "spectral_kurtosis": {
        "dmean": 3.40407133102,
        "dmean2": 6.06789112091,
        "dvar": 12.3598175049,
        "dvar2": 38.6311988831,
        "max": 56.6895141602,
        "mean": 7.98233413696,
        "median": 6.95386981964,
        "min": -1.21847939491,
        "var": 22.5619812012
    },
    "spectral_rms": {
        "dmean": 0.000435008230852,
        "dmean2": 0.000654744100757,
        "dvar": 2.26893774879e-07,
        "dvar2": 5.05772334236e-07,
        "max": 0.0104551874101,
        "mean": 0.00497821019962,
        "median": 0.00523870391771,
        "min": 3.14891927637e-12,
        "var": 2.69749375548e-06
    },
    "spectral_rolloff": {
        "dmean": 221.105514526,
        "dmean2": 370.638641357,
        "dvar": 94624.2265625,
        "dvar2": 181726.875,
        "max": 19745.9472656,
        "mean": 1798.02612305,
        "median": 1378.125,
        "min": 322.998046875,
        "var": 7435293
    },
    "spectral_skewness": {
        "dmean": 0.308692395687,
        "dmean2": 0.542862057686,
        "dvar": 0.0813506171107,
        "dvar2": 0.247012659907,
        "max": 5.26390647888,
        "mean": 1.79881131649,
        "median": 1.74329054356,
        "min": -0.0368590541184,
        "var": 0.20966334641
    },
    "spectral_spread": {
        "dmean": 184818.5625,
        "dmean2": 311215.65625,
        "dvar": 244007895040,
        "dvar2": 301423329280,
        "max": 42133412,
        "mean": 2752489,
        "median": 2589904.75,
        "min": 1052724,
        "var": 1.62254723482e+12
    },
    "spectral_strongpeak": {
        "dmean": 0.571260690689,
        "dmean2": 0.944531857967,
        "dvar": 0.768107116222,
        "dvar2": 1.73773908615,
        "max": 15.1247177124,
        "mean": 1.51693749428,
        "median": 1.17790448666,
        "min": 0,
        "var": 1.48341500759
    },
    "zerocrossingrate": {
        "dmean": 0.00417884998024,
        "dmean2": 0.00544295506552,
        "dvar": 2.56794337474e-05,
        "dvar2": 3.42160201399e-05,
        "max": 0.52392578125,
        "mean": 0.0586267150939,
        "median": 0.046875,
        "min": 0.01513671875,
        "var": 0.00514374952763
    },
    "barkbands": {
        "dmean": [1.37154102049e-05, 7.70471378928e-05, 0.000351852329914, 0.000614210090134, 0.00148686766624, 0.000916912336834, 0.00166530965362, 0.000526679388713, 0.00073144887574, 0.000904192624148, 0.00100746087264, 0.000476286542835, 0.000868129834998, 0.000377041200409, 0.000453748303698, 0.000397824100219, 0.000193028055946, 0.000209380275919, 0.000156090696692, 5.0668943004e-05, 2.5028233722e-05, 9.77152831183e-06, 4.38964298155e-06, 2.13539260585e-06, 1.13326984774e-06, 5.99233487719e-07, 5.83760986217e-08],
        "dmean2": [2.37867425312e-05, 0.000129792373627, 0.000574574922211, 0.00100449309684, 0.00238438532688, 0.00115249003284, 0.00216238107532, 0.000801357382443, 0.00103039527312, 0.00132962048519, 0.00143832946196, 0.000740924908314, 0.00136188825127, 0.000609721639194, 0.000752961204853, 0.000651959038805, 0.000327214132994, 0.000351397873601, 0.000246561598033, 8.69022551342e-05, 4.3673793698e-05, 1.6947329641e-05, 7.74225009081e-06, 3.63770504919e-06, 1.6080119849e-06, 8.24677556466e-07, 9.59932151545e-08],
        "dvar": [2.85672263622e-10, 1.85169710676e-08, 4.49550839221e-07, 1.21840798784e-06, 8.77613092598e-06, 1.50989831127e-06, 6.72963642501e-06, 5.19879222338e-07, 9.97862343866e-07, 1.39919973208e-06, 2.10813664125e-06, 4.45081099087e-07, 1.52377617724e-06, 2.59599516994e-07, 3.72392946701e-07, 9.28160602598e-07, 7.76454598395e-08, 1.23786350059e-07, 1.8639099153e-07, 8.25934698412e-09, 2.04573602502e-09, 2.72561750947e-10, 1.68615815754e-10, 4.87432490204e-11, 3.67848217164e-11, 1.76555402243e-11, 2.38908800512e-13],
        "dvar2": [8.13375033992e-10, 5.25269499008e-08, 1.46994716488e-06, 3.8320990825e-06, 2.54386941378e-05, 2.21386335397e-06, 1.15983339128e-05, 1.23721338241e-06, 1.858843234e-06, 3.03051865558e-06, 4.2163519538e-06, 9.94118295239e-07, 3.47046943716e-06, 6.26053065389e-07, 9.79841729531e-07, 2.25860367209e-06, 2.12138289157e-07, 3.22484595472e-07, 3.5965425127e-07, 2.19299369775e-08, 5.9165730093e-09, 7.7569084489e-10, 4.7555542837e-10, 1.25499721726e-10, 6.55090912072e-11, 3.07346890993e-11, 6.88840911395e-13],
        "max": [0.000272269797279, 0.00402635708451, 0.0120838806033, 0.0187641195953, 0.0633703991771, 0.0317070744932, 0.0512736029923, 0.018909079954, 0.021523848176, 0.0204132255167, 0.0422447547317, 0.0180074796081, 0.0257427450269, 0.0101398471743, 0.0110372882336, 0.0315593890846, 0.00539410300553, 0.00699043832719, 0.0151965143159, 0.00218524900265, 0.000676645024214, 0.0002633795375, 0.000196727356524, 0.000245115079451, 0.000214048719499, 0.000177312380401, 2.21417794819e-05],
        "mean": [1.37036067827e-05, 0.000193734769709, 0.000855075893924, 0.00166701315902, 0.00445385463536, 0.00324905989692, 0.00526928156614, 0.00106322695501, 0.00162814254873, 0.00190696725622, 0.00214664568193, 0.000854477402754, 0.00145725521725, 0.000687712803483, 0.000759674294386, 0.000690066604875, 0.000360040896339, 0.000370332447346, 0.000331728515448, 0.000108237421955, 5.73689212615e-05, 2.39644905378e-05, 9.98138693831e-06, 5.44709700989e-06, 2.75844968201e-06, 1.32482750814e-06, 1.26307696746e-07],
        "median": [7.93084564066e-06, 4.57235255453e-05, 0.000406647450291, 0.000504272175021, 0.00178224139381, 0.00181664177217, 0.00280743301846, 0.000661396887153, 0.00102518266067, 0.00126209750306, 0.00133845489472, 0.000564044283237, 0.000853025179822, 0.000475436914712, 0.000545120390598, 0.00047380887554, 0.000266228162218, 0.00023707060609, 0.000147581929923, 6.99448864907e-05, 3.88766347896e-05, 1.7028356524e-05, 5.43277610632e-06, 2.78124593933e-06, 1.2861335108e-06, 5.50935169485e-07, 8.87891271617e-09],
        "min": [1.92147631182e-23, 3.77497001077e-24, 1.64188207667e-23, 2.3096383179e-23, 2.79360858533e-23, 4.67810925103e-23, 4.40337739673e-23, 2.25783240231e-23, 2.04917001541e-23, 9.97741049286e-23, 7.31337483557e-23, 6.00510203571e-23, 6.92869533483e-23, 1.46992504059e-22, 1.0486889051e-22, 1.25934196672e-22, 1.3523163557e-22, 1.79599962292e-22, 2.51234351124e-22, 1.89738251184e-22, 4.1375143585e-22, 4.04895241565e-22, 7.62789216387e-22, 7.03078327608e-22, 9.64346787498e-22, 1.77765596892e-21, 2.49766156024e-21],
        "var": [3.04586994515e-10, 1.52274225229e-07, 1.36442417897e-06, 6.28870566288e-06, 3.92989568354e-05, 1.56340283866e-05, 4.01757279178e-05, 1.97918302547e-06, 3.68759378944e-06, 4.05441551266e-06, 6.48982631901e-06, 1.00017234672e-06, 3.35657159667e-06, 5.35837102689e-07, 6.08145455772e-07, 1.20901677292e-06, 1.46782724642e-07, 2.17415134784e-07, 5.10216466409e-07, 1.607608624e-08, 3.84439191592e-09, 5.91018789464e-10, 2.22655102688e-10, 1.56000670715e-10, 8.61107157801e-11, 3.75551534315e-11, 7.22935979743e-13]
    },
    "erbbands": {
        "dmean": [0.000839635846205, 0.0264959782362, 0.324183672667, 1.18406176567, 3.13711380959, 6.79803991318, 5.5558681488, 7.98030853271, 18.288105011, 19.3994579315, 8.27116298676, 22.2103157043, 11.9854431152, 59.2608261108, 25.9242458344, 19.3584957123, 45.5827293396, 20.4657058716, 20.1838035583, 18.5461864471, 13.0559272766, 12.7557811737, 11.325969696, 8.83689975739, 5.71724414825, 2.74532175064, 1.58285474777, 0.598808050156, 0.380083858967, 0.177915975451, 0.123169586062, 0.0629525408149, 0.0255900882185, 0.0127499140799, 0.00895965937525, 0.0038056159392, 0.000772815255914, 0.000126341372379, 1.10089267764e-05, 5.7046549955e-06],
        "dmean2": [0.00144302134868, 0.0445009171963, 0.538572728634, 1.96329319477, 5.06999254227, 10.8629131317, 6.94538116455, 10.229968071, 24.320684433, 26.7961711884, 11.7638292313, 31.2064971924, 17.722410202, 83.6570968628, 38.3397026062, 29.9868450165, 71.560546875, 32.7980957031, 33.0432777405, 30.591796875, 21.4086265564, 21.59308815, 18.9089126587, 13.652217865, 9.51041316986, 4.71405601501, 2.76006650925, 1.04856956005, 0.659037470818, 0.317760884762, 0.216146528721, 0.10929222405, 0.041709959507, 0.0191003605723, 0.0121935848147, 0.00517234997824, 0.00111888896208, 0.000188294390682, 1.73814642039e-05, 8.65649963089e-06],
        "dvar": [2.81224538412e-06, 0.00236326572485, 0.408550858498, 3.97581386566, 35.4763374329, 172.77796936, 78.4761352539, 123.188568115, 766.725952148, 671.893920898, 113.44455719, 978.19744873, 224.018463135, 6933.56152344, 2940.95727539, 766.699279785, 4189.27490234, 784.015014648, 634.891296387, 1403.09204102, 555.665710449, 371.901611328, 380.752624512, 657.828796387, 186.748733521, 24.3681812286, 7.73724412918, 1.2763979435, 0.395502120256, 0.219276458025, 0.143097937107, 0.0394285097718, 0.00934264715761, 0.00413290923461, 0.00392489368096, 0.000726863509044, 2.35178558796e-05, 6.23249263754e-07, 5.52723555813e-09, 4.63768086434e-11],
        "dvar2": [7.89591376815e-06, 0.00685556605458, 1.32007706165, 12.3656368256, 107.910140991, 445.143615723, 115.441955566, 181.201660156, 1359.40429688, 1250.57714844, 218.926544189, 1796.14953613, 460.561981201, 13454.1054688, 6212.41699219, 1704.07678223, 9590.31445312, 1852.01599121, 1603.11572266, 3404.57250977, 1399.82409668, 1003.67700195, 981.794250488, 1186.8157959, 434.867767334, 64.3919372559, 22.3452587128, 3.70452690125, 1.13258171082, 0.63582110405, 0.391847223043, 0.111344262958, 0.0187917053699, 0.00731841288507, 0.0069099352695, 0.00122735952027, 4.69747610623e-05, 1.55094062393e-06, 1.54347290504e-08, 1.1177160586e-10],
        "max": [0.0332348048687, 1.35607409477, 11.8376321793, 36.5166778564, 159.162017822, 264.585540771, 288.616851807, 380.299102783, 585.939575195, 458.982818604, 270.587188721, 676.358947754, 340.712738037, 1651.20776367, 1967.21337891, 740.752624512, 1351.41247559, 603.408325195, 391.30166626, 1192.35168457, 703.752441406, 390.316589355, 382.017730713, 1014.56665039, 519.91003418, 130.245254517, 39.9308166504, 21.6288452148, 10.6841287613, 7.43418312073, 7.36608171463, 6.90165328979, 4.40464448929, 3.71935844421, 2.46511912346, 1.33059036732, 0.224713265896, 0.0316616483033, 0.00345734227449, 0.000148841878399],
        "mean": [0.00198106258176, 0.0706474632025, 0.839432656765, 3.72725701332, 9.69336986542, 18.2942790985, 21.416015625, 25.4068164825, 57.2857551575, 59.7021446228, 21.2082233429, 47.7625770569, 29.5031394958, 121.548454285, 52.8309898376, 38.9581680298, 79.8185653687, 41.4641036987, 40.5869293213, 35.0226364136, 27.3204174042, 26.6331291199, 20.2719860077, 18.0903568268, 11.5449447632, 5.7616519928, 3.57121539116, 1.56464874744, 0.950023651123, 0.413090407848, 0.278936713934, 0.157363638282, 0.068150088191, 0.0302540417761, 0.0210065860301, 0.00847730506212, 0.00174127414357, 0.000276455073617, 3.61879792763e-05, 3.39184080076e-05],
        "median": [0.000696138013154, 0.0228661987931, 0.409130603075, 1.38528013229, 4.22073984146, 7.33313655853, 10.36947155, 15.3087730408, 32.1211280823, 37.0426216125, 14.8142185211, 27.8244037628, 22.1561031342, 65.5361328125, 34.2496528625, 27.5657653809, 49.6334381104, 31.5441055298, 31.8663101196, 25.301815033, 22.2002296448, 20.0150680542, 12.8447113037, 9.13545227051, 6.50640773773, 3.86292815208, 2.47827029228, 1.13470840454, 0.677576363087, 0.274157196283, 0.155636638403, 0.0821980312467, 0.032380759716, 0.0144199486822, 0.00941623654217, 0.00401830952615, 0.000630817783531, 6.26351393294e-05, 1.93115320144e-05, 3.38805875799e-05],
        "min": [1.70308480871e-22, 1.34264731914e-21, 2.17926936232e-20, 4.95261273199e-20, 1.0238709144e-19, 7.97306855484e-20, 1.63313034222e-19, 4.071105094e-19, 8.28650047212e-19, 2.81504968691e-19, 5.57638898568e-19, 5.71912830616e-19, 1.39711787737e-18, 2.87522087262e-18, 2.86762218471e-18, 2.36111281907e-18, 2.94101833406e-18, 5.55293210806e-18, 5.43952399172e-18, 9.08183514808e-18, 5.57483626427e-18, 8.10568096157e-18, 1.04296754982e-17, 1.02941584985e-17, 9.92675299451e-18, 9.76159066878e-18, 1.7298217691e-17, 1.47061281276e-17, 1.47641052167e-17, 1.62741267337e-17, 2.01200930656e-17, 1.55084916674e-17, 1.18003030199e-17, 1.11535619318e-17, 8.0812576268e-18, 6.96395085902e-18, 3.20137095031e-18, 1.06538433054e-18, 2.97436544837e-19, 4.06121640827e-20],
        "var": [7.58124133426e-06, 0.0179540086538, 1.3918620348, 27.9295959473, 218.006576538, 746.063903809, 920.824279785, 1027.7947998, 4357.29101562, 4070.0612793, 526.152526855, 3560.15209961, 829.350830078, 24138.2402344, 6272.42431641, 1753.32958984, 9053.44433594, 1620.08813477, 1302.31787109, 2099.61083984, 820.573120117, 807.421081543, 687.286376953, 1751.76159668, 360.789276123, 44.1447219849, 15.0687656403, 2.55641341209, 0.939900517464, 0.256048858166, 0.191738039255, 0.110572978854, 0.0290125738829, 0.00952180381864, 0.00882046017796, 0.00152113975491, 5.13875347679e-05, 1.83356064554e-06, 1.93416678229e-08, 3.1488631147e-10]
    },
    "gfcc": {
        "mean": [-42.4915504456, 131.862884521, -168.218063354, 5.46748924255, -60.9880218506, -11.5488204956, -40.0389404297, -10.1386222839, -27.3019676208, -9.3852930069, -13.5943069458, -8.58877658844, -9.50183105469],
        "cov": [[24988.4667969, 4325.96435547, -1997.05957031, 416.240661621, -1060.42297363, -442.716827393, -652.657348633, -467.688812256, -555.695495605, -380.985961914, -216.122970581, -332.837738037, -202.215988159], [4325.96435547, 1724.70141602, -555.63458252, 37.4911193848, 32.4542121887, -207.012008667, -60.0158195496, -244.664016724, 18.8973503113, -212.220428467, 28.1721973419, -161.459136963, 28.1255493164], [-1997.05957031, -555.63458252, 431.504699707, 5.64678621292, 41.280872345, 103.302375793, 46.8204612732, 99.9410324097, 6.83468437195, 101.722702026, 0.392332136631, 71.841255188, 5.04784727097], [416.240661621, 37.4911193848, 5.64678621292, 292.451660156, 23.6892604828, 7.74827384949, -10.3391771317, -36.3761138916, 22.8543319702, -61.1230545044, 15.8088951111, -31.7961196899, -14.7685651779], [-1060.42297363, 32.4542121887, 41.280872345, 23.6892604828, 195.041030884, 16.435749054, 41.0083351135, -17.868560791, 53.7481117249, -14.9276571274, 14.0250959396, -3.77855610847, 17.9554424286], [-442.716827393, -207.012008667, 103.302375793, 7.74827384949, 16.435749054, 148.425979614, 30.916053772, 32.1441497803, 3.82270359993, 36.00233078, -13.1255760193, 15.2459993362, -4.3043756485], [-652.657348633, -60.0158195496, 46.8204612732, -10.3391771317, 41.0083351135, 30.916053772, 103.038719177, 30.3650989532, 19.8529224396, 7.46063232422, 7.02280902863, 9.29151630402, 9.39191627502], [-467.688812256, -244.664016724, 99.9410324097, -36.3761138916, -17.868560791, 32.1441497803, 30.3650989532, 117.961990356, -3.65323495865, 54.4301948547, -18.8480949402, 37.8279037476, -10.3626661301], [-555.695495605, 18.8973503113, 6.83468437195, 22.8543319702, 53.7481117249, 3.82270359993, 19.8529224396, -3.65323495865, 105.38381958, 5.03073072433, 23.8692817688, -18.3585605621, 15.4034051895], [-380.985961914, -212.220428467, 101.722702026, -61.1230545044, -14.9276571274, 36.00233078, 7.46063232422, 54.4301948547, 5.03073072433, 120.571731567, 3.26718378067, 35.9170570374, -10.9500370026], [-216.122970581, 28.1721973419, 0.392332136631, 15.8088951111, 14.0250959396, -13.1255760193, 7.02280902863, -18.8480949402, 23.8692817688, 3.26718378067, 76.6697769165, 4.03775882721, 0.673960089684], [-332.837738037, -161.459136963, 71.841255188, -31.7961196899, -3.77855610847, 15.2459993362, 9.29151630402, 37.8279037476, -18.3585605621, 35.9170570374, 4.03775882721, 67.0886611938, 15.4976654053], [-202.215988159, 28.1255493164, 5.04784727097, -14.7685651779, 17.9554424286, -4.3043756485, 9.39191627502, -10.3626661301, 15.4034051895, -10.9500370026, 0.673960089684, 15.4976654053, 57.224395752]],
        "icov": [[0.000377484131604, -0.00107284635305, 0.000803313916549, -0.000961451791227, 0.00150655675679, -0.000722196302377, 0.000940435973462, -0.000546107825357, 0.00101970753167, -0.000999143579975, 0.0008036334184, -0.000959133496508, 0.000546574767213], [-0.00107284635305, 0.00438475096598, -0.00123457738664, 0.00284576928243, -0.00461057154462, 0.00275473948568, -0.0028611230664, 0.00253186840564, -0.00257977237925, 0.00313442363404, -0.00255241524428, 0.00429871911183, -0.00236088549718], [0.000803313916549, -0.00123457738664, 0.00664280960336, -0.00288525875658, 0.00196123193018, -0.00255562947132, 0.00165607698727, -0.00226978538558, 0.00281469593756, -0.00411042338237, 0.0012202373473, -0.00278611690737, -0.000179576411028], [-0.000961451791227, 0.00284576928243, -0.00288525875658, 0.00692705670372, -0.00379442912526, 0.00126409169752, -0.00172431615647, 0.00212880107574, -0.00379276182503, 0.0056014531292, -0.00279818940908, 0.00300227245316, 0.000512875150889], [0.00150655675679, -0.00461057154462, 0.00196123193018, -0.00379442912526, 0.0131161017343, -0.00323417130858, 0.00144533731509, -9.98887117021e-05, 0.000555016624276, -0.00265612080693, 0.00380772654898, -0.00544535648078, 0.00259575736709], [-0.000722196302377, 0.00275473948568, -0.00255562947132, 0.00126409169752, -0.00323417130858, 0.0106098623946, -0.00403850199655, 0.00199577980675, -0.00186557031702, 0.000360913807526, 0.000404717458878, 0.00264958431944, -0.000668338034302], [0.000940435973462, -0.0028611230664, 0.00165607698727, -0.00172431615647, 0.00144533731509, -0.00403850199655, 0.0153255267069, -0.00590648828074, 0.00198991992511, -0.000933376664761, -0.000262448709691, -0.00142122223042, -0.000530034827534], [-0.000546107825357, 0.00253186840564, -0.00226978538558, 0.00212880107574, -9.98887117021e-05, 0.00199577980675, -0.00590648828074, 0.0178746171296, -0.00430030794814, -0.000649414665531, 0.00398787902668, -0.00495676649734, 0.00429187435657], [0.00101970753167, -0.00257977237925, 0.00281469593756, -0.00379276182503, 0.000555016624276, -0.00186557031702, 0.00198991992511, -0.00430030794814, 0.0180605277419, -0.00625242525712, -0.00271363020875, 0.00637272559106, -0.00552739808336], [-0.000999143579975, 0.00313442363404, -0.00411042338237, 0.0056014531292, -0.00265612080693, 0.000360913807526, -0.000933376664761, -0.000649414665531, -0.00625242525712, 0.018166417256, -0.00337488017976, -0.00211319560185, 0.00340434489772], [0.0008036334184, -0.00255241524428, 0.0012202373473, -0.00279818940908, 0.00380772654898, 0.000404717458878, -0.000262448709691, 0.00398787902668, -0.00271363020875, -0.00337488017976, 0.0185643211007, -0.00806714780629, 0.00491622183472], [-0.000959133496508, 0.00429871911183, -0.00278611690737, 0.00300227245316, -0.00544535648078, 0.00264958431944, -0.00142122223042, -0.00495676649734, 0.00637272559106, -0.00211319560185, -0.00806714780629, 0.0336645506322, -0.0143798422068], [0.000546574767213, -0.00236088549718, -0.000179576411028, 0.000512875150889, 0.00259575736709, -0.000668338034302, -0.000530034827534, 0.00429187435657, -0.00552739808336, 0.00340434489772, 0.00491622183472, -0.0143798422068, 0.0266902931035]]
    },
    "melbands": {
        "dmean": [1.32782197397e-05, 0.000119426913443, 0.000239569344558, 0.000385601888411, 0.000191665312741, 0.000176508838194, 0.000318623293424, 0.000194554711925, 6.82207974023e-05, 0.000139415205922, 5.54354119231e-05, 0.000232072197832, 0.000100687801023, 4.93798324896e-05, 5.641921598e-05, 0.0001024283265, 3.90692912333e-05, 3.0567181966e-05, 3.68707806047e-05, 3.39596190315e-05, 1.41943073686e-05, 1.53278997459e-05, 1.42066410262e-05, 5.33787488166e-06, 8.81975392986e-06, 3.76850357497e-06, 4.10825896324e-06, 2.12355848817e-06, 1.14082422442e-06, 6.21215406227e-07, 3.26002947304e-07, 3.05466841155e-07, 1.24869259821e-07, 9.84994414921e-08, 8.21561485509e-08, 5.37883195761e-08, 4.32609290613e-08, 1.85826021237e-08, 1.64903202204e-08, 9.35772792587e-09],
        "dmean2": [2.25685798796e-05, 0.000197586996364, 0.000389088352676, 0.000624660518952, 0.000257592939306, 0.000225532086915, 0.000418245384935, 0.000273474695859, 9.50285539147e-05, 0.000195977947442, 8.31908764667e-05, 0.00032826710958, 0.000146571226651, 7.60838374845e-05, 8.90104056452e-05, 0.00015958394215, 6.35788965155e-05, 4.94728265039e-05, 6.12799849478e-05, 5.57628518436e-05, 2.37636450038e-05, 2.60208671534e-05, 2.37232870859e-05, 8.9360455604e-06, 1.35666123242e-05, 6.28195220997e-06, 6.88899308443e-06, 3.66069093616e-06, 1.99188161787e-06, 1.08053734493e-06, 5.70100610275e-07, 5.27318661625e-07, 2.20455959266e-07, 1.76493813342e-07, 1.45576564137e-07, 9.32757799887e-08, 7.52534461412e-08, 3.09949967914e-08, 2.5390356484e-08, 1.46967957804e-08],
        "dvar": [5.22594911789e-10, 5.47641541004e-08, 1.44362246601e-07, 6.56538702515e-07, 8.10669504858e-08, 5.50609264849e-08, 2.41211154162e-07, 6.29035312727e-08, 7.83726772369e-09, 3.8743102948e-08, 5.87645487826e-09, 1.06697847002e-07, 3.30997806941e-08, 4.46184866831e-09, 5.98207883229e-09, 2.13550350736e-08, 3.30932614645e-09, 1.54373580585e-09, 2.66374877711e-09, 9.8751842259e-09, 3.69655223098e-10, 4.89236873236e-10, 6.03571248536e-10, 7.30468949217e-11, 7.18656301135e-10, 5.36793283434e-11, 1.0653369853e-10, 1.37807187536e-11, 3.7348930372e-12, 1.14658716549e-12, 3.55736463507e-13, 2.54546790547e-13, 5.826843321e-14, 7.68468744043e-14, 5.63393021201e-14, 2.41858230221e-14, 2.76540519406e-14, 3.40622631859e-15, 7.3861747339e-15, 1.86971066986e-15],
        "dvar2": [1.49948653494e-09, 1.75341725139e-07, 4.30312780964e-07, 1.94801032194e-06, 1.46857317418e-07, 8.17512741946e-08, 4.23141955253e-07, 1.22672332736e-07, 1.36807480899e-08, 7.06528524574e-08, 1.2102568725e-08, 2.09475857105e-07, 6.88063863663e-08, 9.98815430364e-09, 1.34755628878e-08, 4.78678785498e-08, 8.0266300273e-09, 3.71461039705e-09, 7.01001878767e-09, 2.38551258747e-08, 9.9835772982e-10, 1.33114497203e-09, 1.56715540545e-09, 1.88315613103e-10, 1.28922317266e-09, 1.32005545384e-10, 2.5059959663e-10, 3.82715283076e-11, 1.08086109507e-11, 3.28382395061e-12, 1.02430152034e-12, 7.18350509285e-13, 1.72089298649e-13, 2.23267191952e-13, 1.5943726916e-13, 6.46883872965e-14, 7.80011634709e-14, 7.73422734819e-15, 1.27995021605e-14, 3.5954312444e-15],
        "max": [0.000575628248043, 0.00447829300538, 0.00662742136046, 0.0173927489668, 0.0117272995412, 0.00744537590072, 0.00967323128134, 0.00412787916139, 0.00239833933301, 0.0043277349323, 0.00168258487247, 0.00642815651372, 0.00637771142647, 0.00144940265454, 0.00210083206184, 0.00309849344194, 0.00122274493333, 0.000750619685277, 0.00100033765193, 0.00325762550347, 0.000305130553897, 0.00043149702833, 0.000459682196379, 0.00018298017676, 0.00105721864384, 0.000208602185012, 0.000403495010687, 5.26650146639e-05, 3.23438798659e-05, 2.32034126384e-05, 1.36083399411e-05, 8.47767114465e-06, 4.49957587989e-06, 3.93007439925e-06, 3.70484690393e-06, 3.8216116991e-06, 6.71581028655e-06, 2.15185718844e-06, 3.5473067328e-06, 2.47868729275e-06],
        "mean": [3.28228707076e-05, 0.000305271416437, 0.000743232783861, 0.00111927976832, 0.000709882646333, 0.000571323384065, 0.0009960870957, 0.000580885040108, 0.000161265386851, 0.000295053992886, 0.000113537724246, 0.000468462530989, 0.000208938479773, 9.75564253167e-05, 0.000108962878585, 0.000173288644874, 6.54207688058e-05, 6.04590277362e-05, 6.02288346272e-05, 5.01397662447e-05, 2.70763648587e-05, 2.83042209048e-05, 2.38548127527e-05, 1.08849253593e-05, 1.64894972841e-05, 7.98797464086e-06, 6.57177224639e-06, 3.60619583262e-06, 2.35697825701e-06, 1.34582933242e-06, 7.71929592247e-07, 6.43650196253e-07, 2.90991494012e-07, 1.92212610273e-07, 1.67108908045e-07, 1.18968152663e-07, 9.29340160383e-08, 4.75235104602e-08, 3.39615695566e-08, 2.05806003351e-08],
        "median": [8.73271983437e-06, 0.000136269663926, 0.000314196833642, 0.000393403868657, 0.000412568682805, 0.000346382003045, 0.000538437394425, 0.000366979307728, 0.000101902995084, 0.000168363694684, 7.16825743439e-05, 0.000248803931754, 0.000133692519739, 6.88072905177e-05, 7.78487883508e-05, 0.000100789220596, 4.09166568716e-05, 4.46911835752e-05, 4.18561103288e-05, 2.53474627243e-05, 2.091009992e-05, 2.04336593015e-05, 1.43750276038e-05, 7.07760727892e-06, 7.40126461096e-06, 4.47628508482e-06, 3.39239613822e-06, 2.21014238377e-06, 1.53852465701e-06, 8.95426069292e-07, 5.27640224846e-07, 4.21787547111e-07, 2.09385120797e-07, 1.1396986821e-07, 8.81945751985e-08, 6.52827054637e-08, 4.11870928474e-08, 2.30763621545e-08, 1.4381221547e-08, 1.12625189175e-08],
        "min": [2.00830970264e-24, 9.86709981264e-24, 1.04194988727e-23, 6.39454594077e-24, 5.45521691762e-24, 1.05208209562e-23, 1.10915886424e-23, 2.87749577789e-24, 4.59857313912e-24, 3.31799038256e-24, 7.51736479933e-24, 1.21797544191e-23, 9.17195006093e-24, 6.69178241897e-24, 6.38557777557e-24, 6.63641148317e-24, 1.07695629991e-23, 8.63853572745e-24, 9.04668447121e-24, 1.09932934181e-23, 5.80832644159e-24, 7.53180253161e-24, 1.02242944528e-23, 8.43813665854e-24, 7.66919449117e-24, 7.4587760999e-24, 6.77065588771e-24, 5.77187160144e-24, 1.02688863932e-23, 9.84029747452e-24, 7.09984754346e-24, 7.96829425883e-24, 8.09975004008e-24, 9.48081592659e-24, 9.54364711997e-24, 9.6633354631e-24, 8.23969002036e-24, 7.11848122691e-24, 9.74109900455e-24, 9.22763101906e-24],
        "var": [3.23251847512e-09, 2.10276610346e-07, 8.33876185879e-07, 2.66605570687e-06, 7.32769876777e-07, 4.68241836415e-07, 1.38725340548e-06, 3.71007814692e-07, 3.64783296902e-08, 1.41828095934e-07, 1.94689988575e-08, 3.65320886431e-07, 7.95981875967e-08, 1.07527151627e-08, 1.32440440836e-08, 4.79855835067e-08, 6.34624619522e-09, 3.49251605414e-09, 4.29698943094e-09, 1.24520456168e-08, 6.64741206524e-10, 9.5569552272e-10, 1.04988506777e-09, 1.56819474073e-10, 1.8661490131e-09, 1.33490871135e-10, 1.5966795941e-10, 1.99583700261e-11, 7.1375765541e-12, 2.25322364933e-12, 7.27270186348e-13, 5.38599004805e-13, 8.87969710782e-14, 7.76360177318e-14, 6.88343696278e-14, 4.69466892932e-14, 8.68975437397e-14, 1.32764613309e-14, 1.6291689406e-14, 3.91122714999e-15]
    },
    "mfcc": {
        "mean": [-658.655456543, 160.420013428, -48.2064552307, 12.0943107605, -14.2095584869, -5.01100349426, -11.5880975723, -8.02409362793, -13.3204011917, -7.79965209961, -10.5986061096, -4.70299482346, -5.35190105438],
        "cov": [[9138.74511719, 1996.27001953, -699.241271973, 495.417694092, -288.698181152, 23.5637512207, -178.10874939, -86.8761672974, -246.11895752, -104.104393005, -149.478591919, -13.3083562851, -106.608718872], [1996.27001953, 1147.69030762, -254.2918396, 39.5377159119, 9.24824428558, 7.13433074951, -53.3399162292, -34.9420776367, -44.8457260132, -36.0014419556, -45.2741165161, -19.7906627655, -8.84166145325], [-699.241271973, -254.2918396, 242.740707397, -18.735086441, 21.8625659943, 7.72420406342, 36.7492294312, 8.14896869659, 25.5233802795, 19.6052970886, 26.4711017609, 16.186422348, 15.7571516037], [495.417694092, 39.5377159119, -18.735086441, 209.06892395, 31.444683075, 14.4154319763, -18.07188797, 18.8407382965, -29.9422912598, -4.53455400467, -6.06294059753, -0.551116287708, -21.1412391663], [-288.698181152, 9.24824428558, 21.8625659943, 31.444683075, 149.61618042, 46.9152183533, -3.87121653557, 10.8205194473, 7.69338274002, 2.77933955193, 3.16497421265, 7.61742687225, 0.810793220997], [23.5637512207, 7.13433074951, 7.72420406342, 14.4154319763, 46.9152183533, 113.26473999, 15.1794700623, 7.09082984924, 14.1008911133, 10.0360097885, -1.87647426128, 12.3985767365, 2.84814929962], [-178.10874939, -53.3399162292, 36.7492294312, -18.07188797, -3.87121653557, 15.1794700623, 82.7025299072, 26.7520580292, 10.0005025864, 0.520841836929, 5.99131345749, 5.51394414902, 10.2648916245], [-86.8761672974, -34.9420776367, 8.14896869659, 18.8407382965, 10.8205194473, 7.09082984924, 26.7520580292, 71.5205383301, 22.0752849579, -1.01535749435, 1.34801411629, -1.44384205341, -7.20959711075], [-246.11895752, -44.8457260132, 25.5233802795, -29.9422912598, 7.69338274002, 14.1008911133, 10.0005025864, 22.0752849579, 89.7344512939, 27.5572280884, 2.58526754379, 5.22755432129, 7.2757563591], [-104.104393005, -36.0014419556, 19.6052970886, -4.53455400467, 2.77933955193, 10.0360097885, 0.520841836929, -1.01535749435, 27.5572280884, 60.7388648987, 22.9865856171, 4.11211395264, 8.51107025146], [-149.478591919, -45.2741165161, 26.4711017609, -6.06294059753, 3.16497421265, -1.87647426128, 5.99131345749, 1.34801411629, 2.58526754379, 22.9865856171, 60.9044342041, 27.4174938202, 6.80724525452], [-13.3083562851, -19.7906627655, 16.186422348, -0.551116287708, 7.61742687225, 12.3985767365, 5.51394414902, -1.44384205341, 5.22755432129, 4.11211395264, 27.4174938202, 61.7456817627, 23.1372528076], [-106.608718872, -8.84166145325, 15.7571516037, -21.1412391663, 0.810793220997, 2.84814929962, 10.2648916245, -7.20959711075, 7.2757563591, 8.51107025146, 6.80724525452, 23.1372528076, 56.6788444519]],
