{
"lowlevel": {
    "average_loudness": 0.629071891308,
    "barkbands_crest": {
        "dmean": 2.0479183197,
        "dmean2": 3.32140302658,
        "dvar": 3.83952951431,
        "dvar2": 9.89865684509,
        "max": 24.8058795929,
        "mean": 9.22951984406,
        "median": 8.57023906708,
        "min": 2.73785662651,
        "var": 11.7480125427
    },
    "barkbands_flatness_db": {
        "dmean": 0.0215309988707,
        "dmean2": 0.0314066261053,
        "dvar": 0.00046056022984,
        "dvar2": 0.00100249028765,
        "max": 0.32686778903,
        "mean": 0.137890055776,
        "median": 0.136097609997,
        "min": 0.0122761884704,
        "var": 0.0019423624035
    },
    "barkbands_kurtosis": {
        "dmean": 2.3303437233,
        "dmean2": 3.75793123245,
        "dvar": 14.5222702026,
        "dvar2": 37.1572608948,
        "max": 94.8038482666,
        "mean": 4.12310361862,
        "median": 2.70651292801,
        "min": -1.91310405731,
        "var": 30.1680412292
    },
    "barkbands_skewness": {
        "dmean": 0.442165762186,
        "dmean2": 0.681501746178,
        "dvar": 0.256629228592,
        "dvar2": 0.618373095989,
        "max": 8.26044559479,
        "mean": 1.55786895752,
        "median": 1.50024747849,
        "min": -4.075340271,
        "var": 0.993726074696
    },
    "barkbands_spread": {
        "dmean": 4.97300386429,
        "dmean2": 7.71864318848,
        "dvar": 61.0058135986,
        "dvar2": 127.841743469,
        "max": 105.574363708,
        "mean": 18.3039073944,
        "median": 15.3159656525,
        "min": 1.36057496071,
        "var": 164.823120117
    },
    "dissonance": {
        "dmean": 0.0195407569408,
        "dmean2": 0.0323624275625,
        "dvar": 0.000355288793799,
        "dvar2": 0.000938817567658,
        "max": 0.500000059605,
        "mean": 0.45336791873,
        "median": 0.461209714413,
        "min": 0.240946471691,
        "var": 0.00106982968282
    },
    "dynamic_complexity": 4.04577255249,
    "erbbands_crest": {
        "dmean": 2.06278777122,
        "dmean2": 3.16658449173,
        "dvar": 4.56570720673,
        "dvar2": 10.5071344376,
        "max": 30.8750934601,
        "mean": 8.89679145813,
        "median": 7.8467540741,
        "min": 2.41559958458,
        "var": 18.4781951904
    },
    "erbbands_flatness_db": {
        "dmean": 0.0188703928143,
        "dmean2": 0.0246564038098,
        "dvar": 0.000344120431691,
        "dvar2": 0.00061854312662,
        "max": 0.329206168652,
        "mean": 0.153339624405,
        "median": 0.15166297555,
        "min": 0.0395226106048,
        "var": 0.0019464493962
    },
    "erbbands_kurtosis": {
        "dmean": 0.790033340454,
        "dmean2": 1.21339392662,
        "dvar": 1.56394803524,
        "dvar2": 3.24596762657,
        "max": 43.8828544617,
        "mean": 0.667262375355,
        "median": 0.0197978019714,
        "min": -1.74319720268,
        "var": 4.68628931046
    },
    "erbbands_skewness": {
        "dmean": 0.298613846302,
        "dmean2": 0.441062539816,
        "dvar": 0.104077704251,
        "dvar2": 0.194269686937,
        "max": 4.26488447189,
        "mean": 0.484916239977,
        "median": 0.487335145473,
        "min": -5.55984830856,
        "var": 0.512579500675
    },
    "erbbands_spread": {
        "dmean": 6.90935134888,
        "dmean2": 10.3073158264,
        "dvar": 78.0030441284,
        "dvar2": 174.695388794,
        "max": 134.176849365,
        "mean": 35.000629425,
        "median": 32.1334075928,
        "min": 3.18412637711,
        "var": 271.114593506
    },
    "hfc": {
        "dmean": 5.11043262482,
        "dmean2": 6.99903678894,
        "dvar": 158.214981079,
        "dvar2": 289.204040527,
        "max": 446.156158447,
        "mean": 16.9567642212,
        "median": 9.64937782288,
        "min": 1.06131593782e-16,
        "var": 558.016723633
    },
    "melbands_crest": {
        "dmean": 2.69874453545,
        "dmean2": 4.43239307404,
        "dvar": 6.7311835289,
        "dvar2": 17.8376293182,
        "max": 30.3840618134,
        "mean": 12.8506822586,
        "median": 12.0829114914,
        "min": 1.00226271152,
        "var": 20.9672031403
    },
    "melbands_flatness_db": {
        "dmean": 0.0244796629995,
        "dmean2": 0.037034612149,
        "dvar": 0.000699029886164,
        "dvar2": 0.00159615115263,
        "max": 0.430873453617,
        "mean": 0.205408841372,
        "median": 0.203531712294,
        "min": -4.22802912681e-07,
        "var": 0.00306492694654
    },
    "melbands_kurtosis": {
        "dmean": 4.95702600479,
        "dmean2": 8.07181549072,
        "dvar": 75.7932052612,
        "dvar2": 206.54083252,
        "max": 164.437515259,
        "mean": 10.3652029037,
        "median": 6.79069519043,
        "min": -1.91009652615,
        "var": 144.894790649
    },
    "melbands_skewness": {
        "dmean": 0.565935611725,
        "dmean2": 0.887279510498,
        "dvar": 0.450912564993,
        "dvar2": 1.16781461239,
        "max": 9.38064098358,
        "mean": 2.32321572304,
        "median": 2.15092110634,
        "min": -1.30609309673,
        "var": 1.69736838341
    },
    "melbands_spread": {
        "dmean": 5.77997207642,
        "dmean2": 8.84918498993,
        "dvar": 157.808578491,
        "dvar2": 291.612426758,
        "max": 268.246826172,
        "mean": 20.2986946106,
        "median": 15.9587259293,
        "min": 1.26490604877,
        "var": 501.473602295
    },
    "pitch_salience": {
        "dmean": 0.0575918406248,
        "dmean2": 0.0935451313853,
        "dvar": 0.00294336653315,
        "dvar2": 0.00792591832578,
        "max": 0.996018528938,
        "mean": 0.571965932846,
        "median": 0.576037824154,
        "min": 0.165460303426,
        "var": 0.00923171732575
    },
    "silence_rate_20dB": {
        "dmean": 0,
        "dmean2": 0,
        "dvar": 0,
        "dvar2": 0,
        "max": 1,
        "mean": 1,
        "median": 1,
        "min": 1,
        "var": 0
    },
    "silence_rate_30dB": {
        "dmean": 0.001132075442,
        "dmean2": 0.00226436462253,
        "dvar": 0.00113073992543,
        "dvar2": 0.00282524595968,
        "max": 1,
        "mean": 0.999151051044,
        "median": 1,
        "min": 0,
        "var": 0.000848310359288
    },
    "silence_rate_60dB": {
        "dmean": 0.0101886792108,
        "dmean2": 0.0203792806715,
        "dvar": 0.0100853135809,
        "dvar2": 0.0229810364544,
        "max": 1,
        "mean": 0.0722573325038,
        "median": 0,
        "min": 0,
        "var": 0.0670347064734
    },
    "spectral_centroid": {
        "dmean": 198.860214233,
        "dmean2": 303.384857178,
        "dvar": 115664.0625,
        "dvar2": 206325.421875,
        "max": 11434.5302734,
        "mean": 1058.78063965,
        "median": 895.355773926,
        "min": 211.182754517,
        "var": 858217.6875
    },
    "spectral_complexity": {
        "dmean": 2.5369811058,
        "dmean2": 3.96943116188,
        "dvar": 10.1544818878,
        "dvar2": 21.3172855377,
        "max": 52,
        "mean": 15.67786026,
        "median": 14,
        "min": 0,
        "var": 68.0955276489
    },
    "spectral_decrease": {
        "dmean": 1.46380907395e-09,
        "dmean2": 2.29518670736e-09,
        "dvar": 5.92591487729e-18,
        "dvar2": 1.46827983256e-17,
        "max": 1.85384371065e-28,
        "mean": -5.3134718847e-09,
        "median": -4.11472811379e-09,
        "min": -3.37850991627e-08,
        "var": 2.05092749263e-17
    },
    "spectral_energy": {
        "dmean": 0.00585308670998,
        "dmean2": 0.0091056060046,
        "dvar": 9.18134392123e-05,
        "dvar2": 0.000225342315389,
        "max": 0.136309117079,
        "mean": 0.0215922556818,
        "median": 0.0167453084141,
        "min": 9.76267962621e-21,
        "var": 0.000341030448908
    },
    "spectral_energyband_high": {
        "dmean": 0.000365630781744,
        "dmean2": 0.000489962054417,
        "dvar": 2.11506130654e-06,
        "dvar2": 3.54232201971e-06,
        "max": 0.0532910786569,
        "mean": 0.000637302990071,
        "median": 0.000151819360326,
        "min": 6.80565918594e-21,
        "var": 5.26143639945e-06
    },
    "spectral_energyband_low": {
        "dmean": 0.00282502779737,
        "dmean2": 0.00482089491561,
        "dvar": 3.46187480318e-05,
        "dvar2": 9.60654215305e-05,
        "max": 0.0720649808645,
        "mean": 0.00533436797559,
        "median": 0.00408548256382,
        "min": 8.70204218577e-24,
        "var": 3.31591727445e-05
    },
    "spectral_energyband_middle_high": {
        "dmean": 0.00135596829932,
        "dmean2": 0.0018990628887,
        "dvar": 9.58966302278e-06,
        "dvar2": 1.80718179763e-05,
        "max": 0.0969236269593,
        "mean": 0.00482086930424,
        "median": 0.00191122083925,
        "min": 1.30825611387e-21,
        "var": 8.64993417053e-05
    },
    "spectral_energyband_middle_low": {
        "dmean": 0.00361956539564,
        "dmean2": 0.00566645991057,
        "dvar": 4.42869240942e-05,
        "dvar2": 0.000107128820673,
        "max": 0.103637203574,
        "mean": 0.0115975718945,
        "median": 0.00896740891039,
        "min": 1.79634609063e-22,
        "var": 0.000125168444356
    },
    "spectral_entropy": {
        "dmean": 0.195022687316,
        "dmean2": 0.268704563379,
        "dvar": 0.0467007793486,
        "dvar2": 0.0831829085946,
        "max": 9.83199214935,
        "mean": 7.42498779297,
        "median": 7.40604782104,
        "min": 5.72686100006,
        "var": 0.242901399732
    },
    "spectral_flux": {
        "dmean": 0.0196342822164,
        "dmean2": 0.0293445494026,
        "dvar": 0.000616540317424,
        "dvar2": 0.00122971425299,
        "max": 0.303841292858,
        "mean": 0.0619421675801,
        "median": 0.0507303103805,
        "min": 6.20404769225e-11,
        "var": 0.0019124156097
    },
    "spectral_kurtosis": {
        "dmean": 1.93097651005,
        "dmean2": 3.06685638428,
        "dvar": 5.76066970825,
        "dvar2": 14.460609436,
        "max": 49.9039115906,
        "mean": 5.87586832047,
        "median": 5.17664813995,
        "min": -1.26625716686,
        "var": 15.2919683456
    },
    "spectral_rms": {
        "dmean": 0.000566438771784,
        "dmean2": 0.000858516374137,
        "dvar": 6.0100836663e-07,
        "dvar2": 1.4067139773e-06,
        "max": 0.0115318913013,
        "mean": 0.00418261764571,
        "median": 0.00404189154506,
        "min": 3.08618950708e-12,
        "var": 3.57141493623e-06
    },
    "spectral_rolloff": {
        "dmean": 396.880950928,
        "dmean2": 661.205566406,
        "dvar": 890083.375,
        "dvar2": 1721906.25,
        "max": 19659.8144531,
        "mean": 1314.83325195,
        "median": 839.794921875,
        "min": 129.19921875,
        "var": 3806795.25
    },
    "spectral_skewness": {
        "dmean": 0.236468225718,
        "dmean2": 0.360006302595,
        "dvar": 0.0624830834568,
        "dvar2": 0.136018261313,
        "max": 5.71331119537,
        "mean": 1.86407124996,
        "median": 1.85836088657,
        "min": -0.318131804466,
        "var": 0.313739031553
    },
    "spectral_spread": {
        "dmean": 771000.25,
        "dmean2": 1050340.625,
        "dvar": 1.18885724979e+12,
        "dvar2": 2.13461316403e+12,
        "max": 42753892,
        "mean": 4848010.5,
        "median": 4337905,
        "min": 1527791.625,
        "var": 1.00412277391e+13
    },
    "spectral_strongpeak": {
        "dmean": 0.393437922001,
        "dmean2": 0.64788711071,
        "dvar": 0.491716682911,
        "dvar2": 1.1558650732,
        "max": 12.4410133362,
        "mean": 0.977838456631,
        "median": 0.429963946342,
        "min": 0,
        "var": 1.68180012703
    },
    "zerocrossingrate": {
        "dmean": 0.0102461678907,
        "dmean2": 0.0119200702757,
        "dvar": 0.000279223022517,
        "dvar2": 0.000293230899842,
        "max": 0.53564453125,
        "mean": 0.0553474463522,
        "median": 0.044921875,
        "min": 0.00537109375,
        "var": 0.00268321461044
    },
    "barkbands": {
        "dmean": [6.57138079987e-05, 0.00116154225543, 0.00161602383014, 0.00106294581201, 0.00148843182251, 0.000488783407491, 0.00062370573869, 0.00111256574746, 0.00069424090907, 0.000602832296863, 0.000278076360701, 0.000306732050376, 0.000279496161966, 0.000248391268542, 0.000231834172155, 0.000151599539095, 0.000111561079393, 9.87585954135e-05, 5.2081195463e-05, 4.90520578751e-05, 4.62451207568e-05, 6.84116603225e-05, 9.83935024124e-05, 8.1206082541e-05, 6.48126660963e-05, 2.60812157649e-05, 3.0932953905e-06],
        "dmean2": [0.000103796490293, 0.00197353982367, 0.00277756503783, 0.00187541008927, 0.00245679239742, 0.00073169573443, 0.000919205194805, 0.00166026630905, 0.000987180741504, 0.000823204230983, 0.000424201745773, 0.000464202312287, 0.00040889455704, 0.000374706811272, 0.000349604961229, 0.000232448030147, 0.000166249112226, 0.000153033455717, 8.35198079585e-05, 7.96786916908e-05, 7.12843248039e-05, 9.89907348412e-05, 0.00013566549751, 0.000113014422823, 9.01183011592e-05, 3.6955858377e-05, 4.72862802781e-06],
        "dvar": [3.65013477222e-08, 8.9664645202e-06, 9.30556325329e-06, 6.39536528979e-06, 9.19739341043e-06, 7.7679868582e-07, 2.75527258964e-06, 1.23963336591e-05, 4.17558067056e-06, 4.50996640211e-06, 1.35829009196e-06, 1.16612739021e-06, 1.0376213595e-06, 6.16075681137e-07, 3.10531362402e-07, 1.33603293762e-07, 7.01592668406e-08, 4.0024392689e-08, 1.95684695115e-08, 1.94505140882e-08, 1.97680751768e-08, 8.12860676547e-08, 3.06246505488e-07, 1.86119066825e-07, 9.0227146643e-08, 5.8233484701e-09, 7.7596824799e-11],
        "dvar2": [7.92576884123e-08, 2.42002170125e-05, 2.67897776212e-05, 1.81120576599e-05, 2.48684027611e-05, 1.75747470621e-06, 5.42511133972e-06, 2.76963564829e-05, 8.94834738574e-06, 7.99883764557e-06, 3.33811135533e-06, 2.90686261906e-06, 1.86034424132e-06, 1.45515957684e-06, 6.66167125019e-07, 2.9013602898e-07, 1.35374449428e-07, 9.11824145078e-08, 4.83131650242e-08, 5.1350010466e-08, 4.48031869382e-08, 1.62131470915e-07, 5.73774059376e-07, 3.45308308169e-07, 1.6432024097e-07, 1.11730331653e-08, 1.87673959706e-10],
        "max": [0.00188002944924, 0.0364800170064, 0.0395442210138, 0.0356658101082, 0.0483487173915, 0.026679482311, 0.0400932915509, 0.0764137506485, 0.0607807636261, 0.0701413676143, 0.0522759705782, 0.0509390309453, 0.0432971790433, 0.0220041628927, 0.013759592548, 0.0118175400421, 0.00978988874704, 0.00498920492828, 0.00664359517395, 0.0035265807528, 0.00512488884851, 0.00898083485663, 0.0236340593547, 0.0169760771096, 0.01369149331, 0.00251636654139, 0.0001770840463],
        "mean": [5.71359705646e-05, 0.00185652438086, 0.00273049320094, 0.00143978954293, 0.00299048051238, 0.00147323333658, 0.00160886032972, 0.00221005734056, 0.00162444403395, 0.00147417688277, 0.000532705860678, 0.000600239203777, 0.000542189867701, 0.000465541379526, 0.000444908539066, 0.000310417584842, 0.00024469368509, 0.000211808786844, 0.000100853620097, 8.6094289145e-05, 8.2241887867e-05, 0.00010606572323, 0.000146188031067, 0.000128339466755, 8.88183931238e-05, 3.30220318574e-05, 2.95695986097e-06],
        "median": [2.79327355202e-06, 0.00111955043394, 0.0017048404552, 0.000811073346995, 0.00189326913096, 0.00074281351408, 0.000381074438337, 0.000422741170041, 0.000565523165278, 0.000175077322638, 0.00016452318232, 0.000240891618887, 0.000138858857099, 0.000119103802717, 0.000128516650875, 8.78085629665e-05, 7.81007838668e-05, 7.70213155192e-05, 3.472753815e-05, 3.2802541682e-05, 2.93736775347e-05, 2.36360538111e-05, 1.78204882104e-05, 2.19861394726e-05, 1.20898766909e-05, 5.33923912371e-06, 2.73819978247e-07],
        "min": [3.03610572922e-25, 2.29668175085e-24, 3.64886453071e-25, 7.84347634767e-25, 5.2938909182e-24, 8.4649318969e-24, 8.80149861325e-24, 1.18389507308e-23, 1.08156261651e-23, 2.12620449161e-23, 1.97096976056e-23, 2.71622259271e-23, 1.63872726414e-23, 3.73155063323e-23, 4.0421876494e-23, 5.32299862343e-23, 6.27034988866e-23, 1.15859773958e-22, 1.33435014325e-22, 1.93665831859e-22, 2.35298250122e-22, 3.09543793794e-22, 4.38919077465e-22, 5.82860419004e-22, 9.79815630408e-22, 1.3790487187e-21, 1.95118759661e-21],
        "var": [3.59849998688e-08, 7.64100514061e-06, 1.09091570266e-05, 5.34358969162e-06, 1.30060698211e-05, 3.95232655137e-06, 1.13964824777e-05, 2.96541675198e-05, 1.21046559798e-05, 2.634039447e-05, 4.10680058849e-06, 2.17313368012e-06, 3.44428963217e-06, 1.57677220614e-06, 8.1755337078e-07, 4.46817722377e-07, 2.6495067118e-07, 1.16798794636e-07, 3.57965248554e-08, 2.92279160874e-08, 3.38759029717e-08, 1.3797402687e-07, 6.74125317346e-07, 4.10174379795e-07, 1.69473963751e-07, 1.09446451901e-08, 7.70768587843e-11]
    },
    "erbbands": {
        "dmean": [0.0283206757158, 0.300837278366, 1.56479620934, 2.64002132416, 4.73730516434, 5.65790224075, 3.66527795792, 4.53451442719, 6.18942642212, 16.5802211761, 22.6350269318, 13.6885042191, 20.4214744568, 16.179983139, 10.6373434067, 12.3622913361, 12.6805143356, 12.1438846588, 11.411734581, 10.6818208694, 7.6575088501, 5.92596721649, 5.41886901855, 3.13505458832, 2.61330127716, 2.25891828537, 1.93113684654, 1.99057245255, 2.12582468987, 2.76273798943, 2.9930434227, 1.9912481308, 1.28788864613, 0.889642357826, 0.372155487537, 0.152412012219, 0.0401718840003, 0.00657951878384, 0.000534511986189, 2.01120674319e-05],
        "dmean2": [0.0448640547693, 0.538154780865, 2.71690607071, 4.6284236908, 8.11088085175, 9.27263069153, 5.83680391312, 6.6839427948, 9.18257427216, 23.580991745, 33.5651397705, 19.4325656891, 27.7849559784, 21.8086471558, 16.1296749115, 18.5856342316, 18.1603622437, 18.3326377869, 16.8676681519, 15.7509689331, 11.7324705124, 8.83553981781, 8.27344989777, 4.85893630981, 4.24156999588, 3.68342781067, 3.01725149155, 3.05476140976, 3.14449691772, 3.91386604309, 4.12721920013, 2.75739836693, 1.80117332935, 1.24439799786, 0.523986637592, 0.21715568006, 0.0578314401209, 0.00974534358829, 0.00079933530651, 2.94195542665e-05],
        "dvar": [0.00579308206216, 0.610817074776, 9.97366714478, 25.0124530792, 162.844085693, 103.243133545, 55.3014793396, 71.5084686279, 254.709106445, 2575.43994141, 5096.27050781, 1479.67004395, 5434.88623047, 3596.58349609, 1670.13098145, 2138.91918945, 2366.93994141, 1542.85375977, 839.904602051, 787.877807617, 287.349609375, 221.685562134, 118.524589539, 50.8069572449, 62.8475952148, 43.1596183777, 28.144536972, 49.5730819702, 77.6151809692, 161.152877808, 316.969543457, 135.958129883, 44.8412704468, 23.6899032593, 1.84180438519, 0.236538022757, 0.0132372844964, 0.000265101611149, 2.08118308365e-06, 1.89413196239e-09],
        "dvar2": [0.013171935454, 1.75356531143, 29.0655078888, 72.0211791992, 447.628875732, 277.445892334, 136.584533691, 155.558731079, 518.104187012, 5246.81542969, 11409.6787109, 3185.51074219, 10955.3291016, 6260.52441406, 4080.02026367, 5117.72558594, 3754.55639648, 3599.12719727, 1791.63806152, 1607.26977539, 647.247253418, 450.210998535, 272.092712402, 117.940231323, 160.7472229, 113.889610291, 66.2203063965, 113.435455322, 163.420578003, 296.05581665, 610.988586426, 252.703109741, 86.9209136963, 43.6326332092, 3.40429925919, 0.450737088919, 0.0272250566632, 0.000597126083449, 4.93435982207e-06, 4.2725316618e-09],
        "max": [0.783991217613, 9.59632873535, 40.5177612305, 60.6944618225, 174.435516357, 156.799240112, 160.667388916, 302.50680542, 619.804626465, 1224.05102539, 1643.80175781, 1490.47949219, 2104.32958984, 2270.36376953, 1764.21374512, 2394.25830078, 2412.82714844, 1308.90637207, 763.726074219, 912.832580566, 526.550048828, 572.703918457, 344.465515137, 186.948913574, 417.552429199, 174.329650879, 218.729095459, 272.566040039, 305.423950195, 474.978851318, 790.53326416, 465.35824585, 335.475128174, 263.962677002, 70.1583633423, 18.0329227448, 4.16273593903, 0.307074993849, 0.0238973908126, 0.0008901906549],
        "mean": [0.0370964482427, 0.500238895416, 2.69820475578, 4.29311323166, 6.91813421249, 11.5658760071, 8.38343143463, 14.2533445358, 17.0566577911, 39.2760009766, 48.3986434937, 33.691192627, 44.9910583496, 40.0657920837, 23.7419090271, 25.1292629242, 26.3687038422, 24.3155956268, 24.3989887238, 21.7964076996, 16.0756072998, 13.8437147141, 12.2538547516, 6.90445423126, 4.90709400177, 3.96311235428, 3.62932372093, 3.30902051926, 3.33688569069, 4.19307327271, 4.41368484497, 3.03085494041, 2.03647279739, 1.23582422733, 0.495738446712, 0.197249531746, 0.0498164966702, 0.00713701406494, 0.000533335609362, 4.13011621276e-05],
        "median": [0.0179858971387, 0.328936964273, 1.69748592377, 2.95181298256, 3.67616415024, 6.55998516083, 4.38965988159, 6.78571367264, 7.31065273285, 10.0488300323, 11.2781877518, 12.8601064682, 9.49308204651, 7.01772499084, 9.09400844574, 9.78694152832, 8.02027130127, 6.68087720871, 6.85171747208, 5.95497941971, 5.21392917633, 4.48898410797, 4.7122335434, 2.42604374886, 1.80118954182, 1.59908425808, 1.27817499638, 1.09109771252, 0.802450239658, 0.687075197697, 0.521487653255, 0.428687930107, 0.356246292591, 0.167621359229, 0.0709836408496, 0.0312115140259, 0.00807556975633, 0.000954797258601, 6.44493411528e-05, 2.50888915616e-05],
        "min": [3.96818997214e-23, 4.01662830364e-22, 1.61007162039e-21, 4.65882015039e-21, 1.24083675401e-20, 2.06613771171e-20, 4.03831352194e-20, 7.34214171249e-20, 1.27565002333e-19, 1.94107831054e-19, 3.062741942e-19, 4.03230799682e-19, 7.70146767811e-19, 9.4764375234e-19, 9.16156088347e-19, 1.26704941291e-18, 1.4793210187e-18, 2.38670847556e-18, 2.46832452545e-18, 2.47575074619e-18, 4.13605278246e-18, 3.42269118821e-18, 5.52924124173e-18, 6.24568511772e-18, 7.65844673824e-18, 9.3029711315e-18, 9.82169030337e-18, 9.26133830409e-18, 1.10451681843e-17, 1.18080727274e-17, 1.20794078206e-17, 1.19984855685e-17, 9.52268436426e-18, 7.82001330984e-18, 6.58984932801e-18, 4.18521998448e-18, 2.69923530216e-18, 1.003115208e-18, 2.54070954989e-19, 2.77628858501e-20],
        "var": [0.00570151302963, 0.465409696102, 10.2900333405, 24.3633155823, 141.474594116, 208.389160156, 138.677825928, 413.209411621, 922.860595703, 8279.3671875, 14938.8007812, 4265.15283203, 16276.0234375, 20945.3046875, 5848.65136719, 3972.7277832, 7824.88085938, 4424.25830078, 2736.40429688, 2299.12036133, 946.521850586, 808.948669434, 372.694946289, 138.286010742, 92.9137802124, 59.4038047791, 67.101020813, 67.586769104, 120.634506226, 332.6668396, 679.839233398, 295.668060303, 93.2432098389, 42.2281761169, 3.62328505516, 0.451413094997, 0.0223897434771, 0.000342615676345, 2.2093388452e-06, 2.93870194845e-09]
    },
    "gfcc": {
        "mean": [-26.6637229919, 102.351173401, -108.721702576, 20.4164619446, -58.9599494934, 14.9026813507, -41.6494598389, 8.20338630676, -23.4766559601, -1.07456159592, -19.8254795074, -3.86542987823, -14.804145813],
        "cov": [[16471.3320312, -369.771087646, -870.913085938, 92.497215271, -625.354370117, 332.613311768, -403.091888428, 273.074798584, -263.956939697, 120.198776245, -322.513641357, 89.4322738647, -136.980209351], [-369.771087646, 1353.18945312, -427.456329346, -58.1930770874, 174.424545288, -136.528030396, 74.2910766602, -71.8913879395, 120.087783813, -86.5681304932, 144.582458496, -106.316238403, 69.751335144], [-870.913085938, -427.456329346, 677.650146484, 96.452041626, 19.1198883057, 110.21118927, 40.7070198059, 8.44474029541, -37.7766571045, 61.1137619019, -24.7400226593, 84.5538711548, -22.2003002167], [92.497215271, -58.1930770874, 96.452041626, 309.830108643, 21.1706466675, 36.0486717224, -0.0428850874305, 8.12630653381, -6.65913820267, -6.52309703827, 16.1526985168, 15.9603681564, 25.2815742493], [-625.354370117, 174.424545288, 19.1198883057, 21.1706466675, 249.601882935, -15.452881813, 56.425743103, 14.0810861588, 19.7239933014, 2.61702752113, 31.1690330505, 1.28619170189, 16.5197219849], [332.613311768, -136.528030396, 110.21118927, 36.0486717224, -15.452881813, 193.31086731, 58.2561187744, 10.7141571045, -38.1623382568, 1.67669665813, -9.94637966156, 12.7282781601, -9.77272510529], [-403.091888428, 74.2910766602, 40.7070198059, -0.0428850874305, 56.425743103, 58.2561187744, 128.32131958, 13.7869224548, 1.67752695084, -10.6983346939, 20.2605762482, -6.72048473358, 3.64668178558], [273.074798584, -71.8913879395, 8.44474029541, 8.12630653381, 14.0810861588, 10.7141571045, 13.7869224548, 109.976493835, 39.987651825, 20.4932498932, -19.7439727783, 9.78823661804, -1.79790282249], [-263.956939697, 120.087783813, -37.7766571045, -6.65913820267, 19.7239933014, -38.1623382568, 1.67752695084, 39.987651825, 130.115188599, 17.1382865906, 10.5085535049, -13.2130908966, 17.527223587], [120.198776245, -86.5681304932, 61.1137619019, -6.52309703827, 2.61702752113, 1.67669665813, -10.6983346939, 20.4932498932, 17.1382865906, 80.0737228394, 10.6018686295, 15.3187150955, -13.8694944382], [-322.513641357, 144.582458496, -24.7400226593, 16.1526985168, 31.1690330505, -9.94637966156, 20.2605762482, -19.7439727783, 10.5085535049, 10.6018686295, 96.201965332, 7.73791360855, 10.5168533325], [89.4322738647, -106.316238403, 84.5538711548, 15.9603681564, 1.28619170189, 12.7282781601, -6.72048473358, 9.78823661804, -13.2130908966, 15.3187150955, 7.73791360855, 71.9694900513, 12.0130081177], [-136.980209351, 69.751335144, -22.2003002167, 25.2815742493, 16.5197219849, -9.77272510529, 3.64668178558, -1.79790282249, 17.527223587, -13.8694944382, 10.5168533325, 12.0130081177, 63.6206588745]],
        "icov": [[0.000128529165522, -0.000165293939062, 0.000265908543952, -0.000137569397339, 0.000239383749431, -0.000384758372093, 0.000372387847165, -0.000397727679228, 0.000390084052924, -0.000453993096016, 0.000510828744154, -0.000461185525637, 0.000247766496614], [-0.000165293939062, 0.00188497360796, 0.000225714480621, 0.0003802383726, -0.00107344891876, 0.000922450330108, -0.00108538649511, 0.00141706061549, -0.00166480848566, 0.00177289207932, -0.00248315930367, 0.00196801894344, -0.00108813727275], [0.000265908543952, 0.000225714480621, 0.00303099560551, -0.000921537750401, 4.06967483286e-05, -0.00131332722958, -0.000394733564463, 0.000414927606471, 0.000295040081255, -0.00215787440538, 0.00181905750651, -0.00311561021954, 0.00130685337353], [-0.000137569397339, 0.0003802383726, -0.000921537750401, 0.00394353969023, -0.000645814405289, -0.000287323520752, 0.000659329525661, -0.00030940270517, -0.00023450909066, 0.00154981005471, -0.00198052288033, 0.00128695322201, -0.00203785323538], [0.000239383749431, -0.00107344891876, 4.06967483286e-05, -0.000645814405289, 0.0056718075648, 0.000302009197185, -0.00144896458369, -0.00169213872869, 0.00124109350145, -0.00167878088541, 0.000846488401294, -0.00135008466896, -2.08767360164e-05], [-0.000384758372093, 0.000922450330108, -0.00131332722958, -0.000287323520752, 0.000302009197185, 0.00872826389968, -0.00512947328389, 0.000690814747941, 0.000492808409035, 0.00118943105917, -0.00117486563977, 0.00138109794352, -0.000551036500838], [0.000372387847165, -0.00108538649511, -0.000394733564463, 0.000659329525661, -0.00144896458369, -0.00512947328389, 0.0134364003316, -0.00372748356313, 0.00138618948404, 0.00125298649073, -0.00138670345768, 0.00104497082066, 0.000227995275054], [-0.000397727679228, 0.00141706061549, 0.000414927606471, -0.00030940270517, -0.00169213872869, 0.000690814747941, -0.00372748356313, 0.0145389577374, -0.00621925015002, -0.000947143242229, 0.00193282775581, -0.00147923990153, 0.000494509877171], [0.000390084052924, -0.00166480848566, 0.000295040081255, -0.00023450909066, 0.00124109350145, 0.000492808409035, 0.00138618948404, -0.00621925015002, 0.0129150366411, -0.00453689834103, 0.00128132803366, 0.00126673234627, -0.00263860705309], [-0.000453993096016, 0.00177289207932, -0.00215787440538, 0.00154981005471, -0.00167878088541, 0.00118943105917, 0.00125298649073, -0.000947143242229, -0.00453689834103, 0.0195015352219, -0.0068026734516, 0.000734111352358, 0.00271716155112], [0.000510828744154, -0.00248315930367, 0.00181905750651, -0.00198052288033, 0.000846488401294, -0.00117486563977, -0.00138670345768, 0.00193282775581, 0.00128132803366, -0.0068026734516, 0.0179224628955, -0.00668501341715, 0.00144150375854], [-0.000461185525637, 0.00196801894344, -0.00311561021954, 0.00128695322201, -0.00135008466896, 0.00138109794352, 0.00104497082066, -0.00147923990153, 0.00126673234627, 0.000734111352358, -0.00668501341715, 0.0229086838663, -0.0076977587305], [0.000247766496614, -0.00108813727275, 0.00130685337353, -0.00203785323538, -2.08767360164e-05, -0.000551036500838, 0.000227995275054, 0.000494509877171, -0.00263860705309, 0.00271716155112, 0.00144150375854, -0.0076977587305, 0.0211666226387]]
    },
    "melbands": {
        "dmean": [0.00027765793493, 0.000664488121402, 0.000515014631674, 0.000365459098248, 0.000151076237671, 9.7158990684e-05, 0.000103843063698, 0.00019948152476, 0.00016996274644, 9.09335431061e-05, 0.000105517923657, 7.17945440556e-05, 4.04353013437e-05, 3.54942530976e-05, 2.84430971078e-05, 2.99481489492e-05, 2.2612799512e-05, 1.95405118575e-05, 1.6544092432e-05, 1.15325010484e-05, 9.98221548798e-06, 6.46651233183e-06, 6.82481049807e-06, 4.74717171528e-06, 2.55912732428e-06, 2.14588794734e-06, 1.69689133145e-06, 1.58392367666e-06, 1.32920251872e-06, 1.24986775063e-06, 1.18354080314e-06, 1.17524041343e-06, 1.56364001214e-06, 1.55515670031e-06, 1.73612602339e-06, 1.64413722814e-06, 1.08762480977e-06, 8.9146794835e-07, 8.99917779407e-07, 7.18219723694e-07],
        "dmean2": [0.000452197011327, 0.00116562610492, 0.000899940845557, 0.000609264883678, 0.000241582281888, 0.000143622310134, 0.000153675006004, 0.000286908150883, 0.000251377321547, 0.000128849089378, 0.000143293931615, 9.592508286e-05, 6.14742166363e-05, 5.45117509319e-05, 4.23692872573e-05, 4.31848748121e-05, 3.45297085005e-05, 2.88410501526e-05, 2.48199648922e-05, 1.72201544046e-05, 1.54012741405e-05, 9.75149941951e-06, 1.0405357898e-05, 7.3750456977e-06, 3.98762767873e-06, 3.48449680132e-06, 2.79175515061e-06, 2.59803550762e-06, 2.10595635508e-06, 1.97302961169e-06, 1.82540520655e-06, 1.78436835085e-06, 2.31975604947e-06, 2.25850089919e-06, 2.4843270694e-06, 2.27056102631e-06, 1.55716884365e-06, 1.28259046051e-06, 1.28664044041e-06, 1.02524722934e-06],
        "dvar": [5.23716323642e-07, 2.03246622732e-06, 1.20943388993e-06, 6.15114686298e-07, 7.52734692355e-08, 3.18843902392e-08, 6.842503808e-08, 3.69779968423e-07, 2.62290342334e-07, 7.5738768146e-08, 1.40230412171e-07, 7.06116694005e-08, 2.80030629796e-08, 1.77349441799e-08, 9.50096357144e-09, 1.22404628655e-08, 6.17644735357e-09, 3.01866842634e-09, 1.81896653295e-09, 9.96174143175e-10, 5.50794299059e-10, 3.16299014758e-10, 2.06769434907e-10, 9.74505337537e-11, 3.55914603345e-11, 3.55945099784e-11, 2.94902574582e-11, 2.08989717893e-11, 1.35972223064e-11, 1.52200457099e-11, 2.12434896063e-11, 2.41407692447e-11, 4.82320919315e-11, 5.91156776308e-11, 1.13079892672e-10, 1.07928763149e-10, 3.64931626584e-11, 1.81825561552e-11, 4.36923518199e-11, 1.33287382867e-11],
        "dvar2": [1.31585818508e-06, 5.91722164245e-06, 3.40153178513e-06, 1.66692905168e-06, 1.90651547882e-07, 6.99634696844e-08, 1.37938300782e-07, 7.80456048233e-07, 5.82706888963e-07, 1.64771336131e-07, 2.76114064945e-07, 1.22139780956e-07, 7.0279682518e-08, 4.55919852982e-08, 2.14463504733e-08, 2.1797932348e-08, 1.44790215373e-08, 6.36553698641e-09, 3.72673403248e-09, 2.06817318826e-09, 1.24529564438e-09, 6.63383403765e-10, 4.03689387474e-10, 2.19940232693e-10, 8.33324867444e-11, 8.8083575156e-11, 7.92088269974e-11, 5.5202110244e-11, 3.35181743472e-11, 3.63163839279e-11, 5.05304756371e-11, 5.4243151637e-11, 9.67258773077e-11, 1.19977555668e-10, 2.33385755166e-10, 1.97562952109e-10, 7.16514139687e-11, 3.70320406284e-11, 9.15462566864e-11, 2.53513824516e-11],
        "max": [0.00800579413772, 0.0178482439369, 0.0138535518199, 0.0130509091541, 0.00495541468263, 0.00616080872715, 0.00843358784914, 0.015113520436, 0.0119590330869, 0.0108130611479, 0.0103165321052, 0.00941989850253, 0.00804517604411, 0.00629241485149, 0.00337145989761, 0.00461343163624, 0.00225200550631, 0.00157700153068, 0.00152474467177, 0.0011998998234, 0.000723204517271, 0.000752971682232, 0.000626926426776, 0.00023932151089, 0.000154958179337, 0.000283935107291, 0.000221034933929, 0.000107455627585, 0.00016279197007, 0.000149398911162, 0.000179320879397, 0.000175627632416, 0.000193755317014, 0.000319332932122, 0.000531469588168, 0.000423677265644, 0.000252863159403, 0.000134880872793, 0.000499337678775, 0.000150129737449],
        "mean": [0.000420163705712, 0.00118484592531, 0.00083710096078, 0.000670804234687, 0.00035420441418, 0.000302421540255, 0.000287909351755, 0.000443964090664, 0.000367234955775, 0.000212396524148, 0.000229909768677, 0.000174575499841, 8.28106349218e-05, 6.81261662976e-05, 5.28867094545e-05, 6.19245402049e-05, 4.09266322094e-05, 3.90243840229e-05, 3.18828533636e-05, 2.270841469e-05, 1.84113760042e-05, 1.34329284265e-05, 1.40489264595e-05, 9.4769811767e-06, 5.08236053065e-06, 3.93349728256e-06, 2.80957351606e-06, 2.61350305664e-06, 2.38261668528e-06, 2.02733508559e-06, 1.8396839323e-06, 1.78255504579e-06, 2.26630208999e-06, 2.23715005632e-06, 2.48558285421e-06, 2.40438725996e-06, 1.6204747908e-06, 1.41744021676e-06, 1.27600958422e-06, 9.61095679486e-07],
        "median": [0.000252020545304, 0.000849631906021, 0.000572310062125, 0.000407056591939, 0.000195129090571, 0.000146320555359, 0.000114802496682, 0.000115921975521, 8.80109728314e-05, 7.46010482544e-05, 4.26791411883e-05, 2.49213007919e-05, 2.801082519e-05, 2.7111318559e-05, 1.98418165382e-05, 1.55127490871e-05, 1.0473848306e-05, 8.99352380657e-06, 9.72241195996e-06, 5.3830149227e-06, 5.6918406699e-06, 3.83602537113e-06, 5.07648383063e-06, 3.30284751726e-06, 1.64972220773e-06, 1.2726524119e-06, 1.09464872367e-06, 9.83678660305e-07, 7.66395828578e-07, 6.61795809265e-07, 5.84908889323e-07, 4.39266727881e-07, 4.31835644576e-07, 3.33580970846e-07, 3.02078774439e-07, 2.4096755169e-07, 2.56459998127e-07, 2.56853724068e-07, 1.78614058655e-07, 1.17522205301e-07],
        "min": [6.93377822203e-25, 1.29243351812e-24, 1.22019722921e-24, 1.54802011268e-24, 2.04133694216e-24, 1.70086556154e-24, 2.01139316271e-24, 2.82194143193e-24, 2.15250834852e-24, 1.88141610123e-24, 3.60362429456e-24, 3.30308367246e-24, 2.58224703196e-24, 2.77776541846e-24, 3.77531198198e-24, 3.05106608186e-24, 3.61476537713e-24, 3.85059652803e-24, 3.01269924008e-24, 3.46932230317e-24, 4.64806193358e-24, 3.78160945858e-24, 3.2444168758e-24, 4.83289086038e-24, 4.62729122595e-24, 4.8590676318e-24, 4.35652615871e-24, 4.0720708049e-24, 5.59280924785e-24, 5.14613727065e-24, 4.98149016682e-24, 5.74131034111e-24, 6.01769564786e-24, 5.36418355245e-24, 5.76556386964e-24, 6.49692233689e-24, 6.75626864253e-24, 5.88052733037e-24, 6.06921654801e-24, 5.77901276478e-24],
        "var": [4.78510003177e-07, 1.84914256351e-06, 1.09704569695e-06, 7.60972852731e-07, 1.99695364245e-07, 1.83397375508e-07, 2.5514057711e-07, 9.67581627265e-07, 8.2703974158e-07, 2.07093492577e-07, 4.50184330703e-07, 4.24161044066e-07, 9.38525772654e-08, 2.99089322198e-08, 1.71694889417e-08, 4.68282621569e-08, 1.41414870924e-08, 9.62882928945e-09, 4.36999014752e-09, 3.17849746523e-09, 1.50138268484e-09, 1.02154240622e-09, 7.01915359169e-10, 2.60360760729e-10, 8.66339361361e-11, 6.08341779729e-11, 3.38592279214e-11, 2.94020571778e-11, 3.14730151663e-11, 2.34719171183e-11, 2.53599554551e-11, 3.31448271607e-11, 8.25256391002e-11, 1.0871060302e-10, 2.1890735058e-10, 2.32632274555e-10, 7.46067027602e-11, 3.88125573347e-11, 6.28446530926e-11, 2.3248274833e-11]
    },
    "mfcc": {
        "mean": [-667.211608887, 135.050994873, 6.37950658798, 11.2686853409, 4.66412115097, 2.39697861671, -3.69739103317, 2.86767220497, -0.413284927607, -0.392429918051, -0.902213215828, 0.818240702152, -4.77242946625],
        "cov": [[8293.02148438, -70.8129882812, -237.331726074, -132.475570679, -55.6515960693, -64.8462524414, -52.2258834839, 38.4442253113, 97.4689407349, 17.2186183929, 46.2398757935, -68.4544906616, -83.4669494629], [-70.8129882812, 1301.63708496, -357.263458252, 39.034412384, 36.2761535645, -25.8732910156, -2.4347755909, 0.0015599837061, -31.3720779419, 33.4802398682, 26.0055541992, 28.899433136, -4.99617576599], [-237.331726074, -357.263458252, 550.016052246, 20.4673900604, -6.06435251236, 98.0418167114, 33.9414024353, 23.4042396545, 14.0205364227, -26.871887207, -22.0162830353, 34.6575660706, 41.8227462769], [-132.475570679, 39.034412384, 20.4673900604, 246.576324463, 80.5270462036, 3.62374567986, 7.66842222214, 5.37499332428, 11.5672769547, -9.88201332092, -19.681060791, 39.3823242188, 38.0098876953], [-55.6515960693, 36.2761535645, -6.06435251236, 80.5270462036, 137.099975586, 17.2889137268, 9.04632568359, 10.6020479202, 18.5507907867, 6.25299310684, 2.43121957779, 16.4735908508, 19.9158229828], [-64.8462524414, -25.8732910156, 98.0418167114, 3.62374567986, 17.2889137268, 139.954559326, 74.2319946289, 23.0063781738, -7.85076951981, -2.83600449562, -4.10377502441, -5.44719362259, 1.7033367157], [-52.2258834839, -2.4347755909, 33.9414024353, 7.66842222214, 9.04632568359, 74.2319946289, 160.911178589, 40.9817733765, -18.5773563385, -7.54939985275, 7.52168464661, -3.23580527306, 2.01246190071], [38.4442253113, 0.0015599837061, 23.4042396545, 5.37499332428, 10.6020479202, 23.0063781738, 40.9817733765, 93.8505630493, 35.1627006531, 8.00043678284, 0.840557396412, 4.95806598663, 1.60018372536], [97.4689407349, -31.3720779419, 14.0205364227, 11.5672769547, 18.5507907867, -7.85076951981, -18.5773563385, 35.1627006531, 108.074081421, 32.4374275208, 0.583398640156, 7.32742166519, 0.744464337826], [17.2186183929, 33.4802398682, -26.871887207, -9.88201332092, 6.25299310684, -2.83600449562, -7.54939985275, 8.00043678284, 32.4374275208, 82.9424514771, 29.1483726501, -1.72255587578, -1.5584384203], [46.2398757935, 26.0055541992, -22.0162830353, -19.681060791, 2.43121957779, -4.10377502441, 7.52168464661, 0.840557396412, 0.583398640156, 29.1483726501, 78.3399734497, 14.105840683, -2.37827014923], [-68.4544906616, 28.899433136, 34.6575660706, 39.3823242188, 16.4735908508, -5.44719362259, -3.23580527306, 4.95806598663, 7.32742166519, -1.72255587578, 14.105840683, 83.0329055786, 32.5877914429], [-83.4669494629, -4.99617576599, 41.8227462769, 38.0098876953, 19.9158229828, 1.7033367157, 2.01246190071, 1.60018372536, 0.744464337826, -1.5584384203, -2.37827014923, 32.5877914429, 71.0491485596]],
