{
"lowlevel": {
    "average_loudness": 0.875128924847,
    "barkbands_crest": {
        "dmean": 2.36123561859,
        "dmean2": 3.78872036934,
        "dvar": 5.11229896545,
        "dvar2": 12.7876319885,
        "max": 25.5002403259,
        "mean": 11.3331670761,
        "median": 10.6505908966,
        "min": 2.46004867554,
        "var": 20.7688674927
    },
    "barkbands_flatness_db": {
        "dmean": 0.0223707593977,
        "dmean2": 0.0338951684535,
        "dvar": 0.000509583333042,
        "dvar2": 0.0010883732466,
        "max": 0.612899422646,
        "mean": 0.170216411352,
        "median": 0.159197285771,
        "min": 0.0151669317856,
        "var": 0.0051839905791
    },
    "barkbands_kurtosis": {
        "dmean": 4.86605834961,
        "dmean2": 7.74032402039,
        "dvar": 122.25037384,
        "dvar2": 300.844696045,
        "max": 267.122283936,
        "mean": 7.93999433517,
        "median": 1.44965338707,
        "min": -1.86963713169,
        "var": 342.953887939
    },
    "barkbands_skewness": {
        "dmean": 0.663101732731,
        "dmean2": 1.00958991051,
        "dvar": 0.597224056721,
        "dvar2": 1.34791696072,
        "max": 12.6453552246,
        "mean": 1.90226948261,
        "median": 1.48859095573,
        "min": -2.68300890923,
        "var": 3.86591172218
    },
    "barkbands_spread": {
        "dmean": 5.22060775757,
        "dmean2": 8.05647373199,
        "dvar": 41.731628418,
        "dvar2": 91.6332015991,
        "max": 105.940246582,
        "mean": 22.013792038,
        "median": 21.2383022308,
        "min": 0.448414564133,
        "var": 171.404800415
    },
    "dissonance": {
        "dmean": 0.015830444172,
        "dmean2": 0.0269064698368,
        "dvar": 0.000322601816151,
        "dvar2": 0.000891945208423,
        "max": 0.500000059605,
        "mean": 0.470151305199,
        "median": 0.478313982487,
        "min": 0.118115842342,
        "var": 0.000936997239478
    },
    "dynamic_complexity": 3.88407278061,
    "erbbands_crest": {
        "dmean": 2.82783818245,
        "dmean2": 4.56310844421,
        "dvar": 8.03559303284,
        "dvar2": 19.155412674,
        "max": 33.537651062,
        "mean": 11.0319318771,
        "median": 9.56368350983,
        "min": 2.59730219841,
        "var": 30.355255127
    },
    "erbbands_flatness_db": {
        "dmean": 0.0178589858115,
        "dmean2": 0.0264847259969,
        "dvar": 0.000333303207299,
        "dvar2": 0.000643628183752,
        "max": 0.542622625828,
        "mean": 0.177901163697,
        "median": 0.170747131109,
        "min": 0.0251557528973,
        "var": 0.00441933935508
    },
    "erbbands_kurtosis": {
        "dmean": 1.05845594406,
        "dmean2": 1.6734521389,
        "dvar": 6.46825170517,
        "dvar2": 16.611541748,
        "max": 125.835754395,
        "mean": 1.22804951668,
        "median": 0.264321327209,
        "min": -1.87438988686,
        "var": 32.1147384644
    },
    "erbbands_skewness": {
        "dmean": 0.341794073582,
        "dmean2": 0.529028773308,
        "dvar": 0.116039671004,
        "dvar2": 0.275790542364,
        "max": 7.36333227158,
        "mean": -0.391954600811,
        "median": -0.383008658886,
        "min": -5.05484676361,
        "var": 0.711822509766
    },
    "erbbands_spread": {
        "dmean": 6.88053655624,
        "dmean2": 10.510679245,
        "dvar": 59.1044616699,
        "dvar2": 125.708587646,
        "max": 156.631744385,
        "mean": 34.7359008789,
        "median": 31.0917510986,
        "min": 0.351275026798,
        "var": 371.471557617
    },
    "hfc": {
        "dmean": 4.85518932343,
        "dmean2": 7.15156793594,
        "dvar": 62.1262283325,
        "dvar2": 139.105499268,
        "max": 239.798141479,
        "mean": 19.8134098053,
        "median": 13.7177963257,
        "min": 1.2523341097e-16,
        "var": 346.470306396
    },
    "melbands_crest": {
        "dmean": 3.31345820427,
        "dmean2": 5.34039354324,
        "dvar": 10.3874921799,
        "dvar2": 26.5166778564,
        "max": 38.4470405579,
        "mean": 18.2171993256,
        "median": 18.2035598755,
        "min": 2.36269521713,
        "var": 46.208896637
    },
    "melbands_flatness_db": {
        "dmean": 0.0265642423183,
        "dmean2": 0.0397164598107,
        "dvar": 0.000782380928285,
        "dvar2": 0.00159212748986,
        "max": 0.764094471931,
        "mean": 0.257937252522,
        "median": 0.248653024435,
        "min": 0.00426654005423,
        "var": 0.00813624635339
    },
    "melbands_kurtosis": {
        "dmean": 11.8033056259,
        "dmean2": 18.5248279572,
        "dvar": 515.298156738,
        "dvar2": 1285.44030762,
        "max": 416.539520264,
        "mean": 23.8669166565,
        "median": 8.12813568115,
        "min": -1.81943464279,
        "var": 1666.51501465
    },
    "melbands_skewness": {
        "dmean": 0.91516315937,
        "dmean2": 1.38206386566,
        "dvar": 1.13256430626,
        "dvar2": 2.56001138687,
        "max": 18.4811420441,
        "mean": 3.40640830994,
        "median": 2.80740237236,
        "min": -1.54389643669,
        "var": 7.61520528793
    },
    "melbands_spread": {
        "dmean": 6.46912145615,
        "dmean2": 9.86203289032,
        "dvar": 71.2496490479,
        "dvar2": 150.007003784,
        "max": 180.787216187,
        "mean": 23.2807445526,
        "median": 19.1383304596,
        "min": 0.453747302294,
        "var": 333.100952148
    },
    "pitch_salience": {
        "dmean": 0.0657025501132,
        "dmean2": 0.104638263583,
        "dvar": 0.00384116987698,
        "dvar2": 0.0095551321283,
        "max": 0.831624984741,
        "mean": 0.430312603712,
        "median": 0.430541545153,
        "min": 0.0698711425066,
        "var": 0.0151396431029
    },
    "silence_rate_20dB": {
        "dmean": 0,
        "dmean2": 0,
        "dvar": 0,
        "dvar2": 0,
        "max": 1,
        "mean": 1,
        "median": 1,
        "min": 1,
        "var": 0
    },
    "silence_rate_30dB": {
        "dmean": 0.00815993454307,
        "dmean2": 0.0163212008774,
        "dvar": 0.00809400342405,
        "dvar2": 0.021274799481,
        "max": 1,
        "mean": 0.993717372417,
        "median": 1,
        "min": 0,
        "var": 0.00624221982434
    },
    "silence_rate_60dB": {
        "dmean": 0.0153406774625,
        "dmean2": 0.0306838583201,
        "dvar": 0.0151057196781,
        "dvar2": 0.0349690020084,
        "max": 1,
        "mean": 0.0948107019067,
        "median": 0,
        "min": 0,
        "var": 0.0858089774847
    },
    "spectral_centroid": {
        "dmean": 219.745895386,
        "dmean2": 328.392150879,
        "dvar": 66043.3125,
        "dvar2": 122887.914062,
        "max": 11735.3496094,
        "mean": 1562.11450195,
        "median": 1570.85546875,
        "min": 146.429580688,
        "var": 416214.03125
    },
    "spectral_complexity": {
        "dmean": 2.7316198349,
        "dmean2": 4.12893772125,
        "dvar": 8.2296667099,
        "dvar2": 15.6231431961,
        "max": 54,
        "mean": 16.9529209137,
        "median": 17,
        "min": 0,
        "var": 82.6983337402
    },
    "spectral_decrease": {
        "dmean": 2.72089240028e-09,
        "dmean2": 4.29226920673e-09,
        "dvar": 1.49620594635e-17,
        "dvar2": 3.69870733791e-17,
        "max": 8.23057175646e-29,
        "mean": -9.26924581535e-09,
        "median": -8.29794011281e-09,
        "min": -4.15079739469e-08,
        "var": 4.97029569764e-17
    },
    "spectral_energy": {
        "dmean": 0.0105012916028,
        "dmean2": 0.0165393669158,
        "dvar": 0.000216691259993,
        "dvar2": 0.000534516235348,
        "max": 0.157792642713,
        "mean": 0.0367813818157,
        "median": 0.033418674022,
        "min": 1.10484002181e-20,
        "var": 0.000745086057577
    },
    "spectral_energyband_high": {
        "dmean": 0.000266021757852,
        "dmean2": 0.000406596023822,
        "dvar": 5.85413431509e-07,
        "dvar2": 1.43933777963e-06,
        "max": 0.0310927703977,
        "mean": 0.000631027913187,
        "median": 0.00023736213916,
        "min": 8.00906399774e-21,
        "var": 1.08551932954e-06
    },
    "spectral_energyband_low": {
        "dmean": 0.00941470451653,
        "dmean2": 0.0150051927194,
        "dvar": 0.000216971515329,
        "dvar2": 0.000546268362086,
        "max": 0.155253767967,
        "mean": 0.0242722984403,
        "median": 0.0168228559196,
        "min": 9.3176652919e-23,
        "var": 0.000606133311521
    },
    "spectral_energyband_middle_high": {
        "dmean": 0.00186527799815,
        "dmean2": 0.0027232945431,
        "dvar": 8.48333456815e-06,
        "dvar2": 1.74338565557e-05,
        "max": 0.0576470084488,
        "mean": 0.00698498589918,
        "median": 0.00358701637015,
        "min": 1.61179363433e-21,
        "var": 7.25653444533e-05
    },
    "spectral_energyband_middle_low": {
        "dmean": 0.00197908305563,
        "dmean2": 0.00309382402338,
        "dvar": 9.04293210624e-06,
        "dvar2": 2.12766590266e-05,
        "max": 0.0546998120844,
        "mean": 0.00529822986573,
        "median": 0.00399813475087,
        "min": 2.96346087741e-22,
        "var": 2.48087944783e-05
    },
    "spectral_entropy": {
        "dmean": 0.132432237267,
        "dmean2": 0.198791235685,
        "dvar": 0.0219417121261,
        "dvar2": 0.0438233166933,
        "max": 9.81659984589,
        "mean": 7.30372667313,
        "median": 7.35706806183,
        "min": 3.15886235237,
        "var": 0.269842594862
    },
    "spectral_flux": {
        "dmean": 0.0252519417554,
        "dmean2": 0.0399305447936,
        "dvar": 0.000981716788374,
        "dvar2": 0.00233135605231,
        "max": 0.337095022202,
        "mean": 0.0790374428034,
        "median": 0.0697228014469,
        "min": 1.05111370996e-10,
        "var": 0.00231998204254
    },
    "spectral_kurtosis": {
        "dmean": 3.03835678101,
        "dmean2": 5.27967739105,
        "dvar": 65.3871002197,
        "dvar2": 206.096252441,
        "max": 298.919464111,
        "mean": 8.78537845612,
        "median": 5.47669172287,
        "min": -1.20520377159,
        "var": 301.766815186
    },
    "spectral_rms": {
        "dmean": 0.00080394174438,
        "dmean2": 0.00123866519425,
        "dvar": 1.00005138393e-06,
        "dvar2": 2.26869155995e-06,
        "max": 0.0124074192718,
        "mean": 0.00545068737119,
        "median": 0.00570995453745,
        "min": 3.28312767597e-12,
        "var": 6.17433715888e-06
    },
    "spectral_rolloff": {
        "dmean": 371.542877197,
        "dmean2": 622.875488281,
        "dvar": 712186.9375,
        "dvar2": 1654859.75,
        "max": 18798.4863281,
        "mean": 1205.43261719,
        "median": 1033.59375,
        "min": 43.06640625,
        "var": 1385298.125
    },
    "spectral_skewness": {
        "dmean": 0.294472634792,
        "dmean2": 0.4857596457,
        "dvar": 0.171774283051,
        "dvar2": 0.510729193687,
        "max": 15.376039505,
        "mean": 1.6735509634,
        "median": 1.46396780014,
        "min": -0.061174698174,
        "var": 1.29420113564
    },
    "spectral_spread": {
        "dmean": 449133.34375,
        "dmean2": 668287.375,
        "dvar": 567197368320,
        "dvar2": 951052599296,
        "max": 40566848,
        "mean": 3624807.25,
        "median": 3261609.25,
        "min": 331972.71875,
        "var": 2.44207740518e+12
    },
    "spectral_strongpeak": {
        "dmean": 0.491556495428,
        "dmean2": 0.850809454918,
        "dvar": 1.31161057949,
        "dvar2": 3.14988398552,
        "max": 18.8868904114,
        "mean": 0.97410595417,
        "median": 0.380129009485,
        "min": 0,
        "var": 3.47069096565
    },
    "zerocrossingrate": {
        "dmean": 0.00867299828678,
        "dmean2": 0.0102790892124,
        "dvar": 0.000141674754559,
        "dvar2": 0.000171961379237,
        "max": 0.52001953125,
        "mean": 0.0490080416203,
        "median": 0.04345703125,
        "min": 0.001953125,
        "var": 0.000911833019927
    },
    "barkbands": {
        "dmean": [0.00119747663848, 0.00731352204457, 0.00315708457492, 0.000773880805355, 0.000738287169952, 0.00027117371792, 0.000166714584338, 0.00021915610705, 0.000648926012218, 0.000411983113736, 0.000356306933099, 0.000357735290891, 0.000508107652422, 0.000437016802607, 0.000482015573652, 0.000249011733104, 0.00019075430464, 0.000222175411182, 0.000175216104253, 0.000170454775798, 8.82693639142e-05, 2.59031166934e-05, 3.07748523483e-05, 2.79683372355e-05, 2.35756051552e-05, 2.09136596823e-05, 1.30683611133e-05],
        "dmean2": [0.00178328424226, 0.0118148652837, 0.00510903913528, 0.00129515037406, 0.00118712626863, 0.000443477241788, 0.000269651034614, 0.000349186913809, 0.00100735283922, 0.000616968784016, 0.000548076350242, 0.000549125834368, 0.000775086693466, 0.000677864823956, 0.000771952793002, 0.000410035485402, 0.000297149526887, 0.000343208463164, 0.00026892052847, 0.000257029518252, 0.000139324431075, 4.30469772255e-05, 5.09019664605e-05, 4.46773592557e-05, 3.87521031371e-05, 3.25071960106e-05, 2.0596646209e-05],
        "dvar": [1.23860363601e-05, 0.000145767975482, 4.38910647063e-05, 2.83840927295e-06, 2.59419539361e-06, 2.13831214069e-07, 2.35503762269e-07, 3.8864325802e-07, 2.26755173571e-06, 1.02567832982e-06, 1.17808951927e-06, 6.8934355113e-07, 1.84104715117e-06, 1.64364621469e-06, 7.32483556476e-07, 2.52770433917e-07, 2.31401628525e-07, 2.41193930606e-07, 1.3229194451e-07, 1.35165876713e-07, 4.99316179514e-08, 2.18093365589e-08, 7.72796440174e-08, 2.62358934577e-08, 1.86779285372e-08, 9.01986751956e-09, 2.16139506293e-09],
        "dvar2": [2.22130365728e-05, 0.000393812282709, 0.000109828732093, 7.22931781638e-06, 6.16841498413e-06, 5.47280819774e-07, 5.91685591189e-07, 9.24445487271e-07, 5.62492141398e-06, 2.22114340431e-06, 2.55205986832e-06, 1.50857465542e-06, 4.06447770729e-06, 3.70259317606e-06, 1.69356917468e-06, 6.55999713217e-07, 5.45842226529e-07, 5.75493686483e-07, 2.87076204586e-07, 3.07650878995e-07, 1.07522438952e-07, 5.72925422659e-08, 2.10022989222e-07, 6.32631298458e-08, 4.73295251879e-08, 2.26510028511e-08, 5.1685749014e-09],
        "max": [0.0859787762165, 0.124284483492, 0.113271325827, 0.0374677479267, 0.0436352938414, 0.0121520878747, 0.0137887280434, 0.0211316030473, 0.0317328684032, 0.027001356706, 0.0484225265682, 0.0285576749593, 0.0389582887292, 0.0344311930239, 0.0221624784172, 0.0124795269221, 0.0142652960494, 0.0156379304826, 0.00858811661601, 0.00814479961991, 0.011960404925, 0.00603283988312, 0.0165021959692, 0.00637290580198, 0.00666620722041, 0.0049360524863, 0.00169126526453],
        "mean": [0.00251494091935, 0.0144723840058, 0.00695704109967, 0.00113723916002, 0.00146387377754, 0.000533036072738, 0.000236528780079, 0.000328508787788, 0.00141188025009, 0.000884666922502, 0.000582436041441, 0.000703312631231, 0.00109816645272, 0.00110272411257, 0.000857717473991, 0.00039932699292, 0.000408970896387, 0.000481683120597, 0.000415285583586, 0.000411533372244, 0.000194408421521, 3.9810238377e-05, 3.68048858945e-05, 3.62913815479e-05, 2.66372426267e-05, 2.79910109384e-05, 1.83086667676e-05],
        "median": [0.000279438914731, 0.0076791588217, 0.00358276907355, 0.000448805774795, 0.000642259605229, 0.000287692062557, 8.44269816298e-05, 9.82615238172e-05, 0.000292269687634, 0.00016643210256, 0.000113611429697, 0.000202079187147, 0.000137521332363, 0.000149936633534, 0.000455723813502, 0.000206496362807, 8.38850392029e-05, 0.000147749553435, 0.000145884696394, 0.000126150072902, 7.04953345121e-05, 1.59886785696e-05, 4.68346206617e-06, 4.76031436847e-06, 3.40211363437e-06, 1.63031882039e-06, 6.18253238827e-07],
        "min": [3.42106728717e-24, 3.36550812916e-23, 5.45454275709e-23, 4.75846775043e-24, 4.22640307908e-23, 3.1276599398e-23, 6.12128799419e-23, 3.19531328212e-23, 9.67671438628e-23, 4.56745983393e-23, 4.35611137565e-23, 1.11276542586e-22, 1.23548062827e-22, 1.05771744971e-22, 1.88515075019e-22, 1.97981456369e-22, 1.84484891939e-22, 2.78971786024e-22, 2.90242601497e-22, 2.45523174875e-22, 3.64981404116e-22, 4.49090410163e-22, 5.16910587099e-22, 8.19301797998e-22, 1.35507310271e-21, 1.93637973079e-21, 2.65953894819e-21],
        "var": [3.77598007617e-05, 0.000316579331411, 7.88330144132e-05, 4.11350856666e-06, 5.50686536371e-06, 5.28390842192e-07, 3.0626998182e-07, 5.71664827476e-07, 8.63022978592e-06, 4.22377115683e-06, 2.66826100415e-06, 1.90930632016e-06, 7.09824234946e-06, 1.02366202555e-05, 1.62729941167e-06, 3.96044811168e-07, 9.24657570067e-07, 9.43156408084e-07, 5.16472539402e-07, 4.73208331186e-07, 1.65298985166e-07, 1.78907466619e-08, 5.41728333303e-08, 3.02404359331e-08, 1.71405254434e-08, 1.03052624212e-08, 3.67230090781e-09]
    },
    "erbbands": {
        "dmean": [0.278860896826, 1.52924346924, 3.53629803658, 2.9042365551, 1.92871832848, 3.13651371002, 2.63380241394, 2.27944302559, 1.99789834023, 3.69422626495, 5.01433086395, 11.5441236496, 15.4814157486, 13.5065803528, 13.4650974274, 13.039276123, 19.4360389709, 25.7711830139, 14.98878479, 31.0299358368, 10.2842311859, 9.4997959137, 10.74958992, 11.0165758133, 6.26491880417, 8.29128456116, 5.92407608032, 1.11554288864, 0.89183139801, 0.958242475986, 0.896468579769, 0.640090286732, 0.441518574953, 0.25148999691, 0.176894232631, 0.0798997357488, 0.0379207208753, 0.0137729356065, 0.00195948104374, 0.000172088723048],
        "dmean2": [0.462163090706, 2.43533611298, 5.71785783768, 4.68852949142, 3.17104268074, 5.00382852554, 4.30131816864, 3.69764995575, 3.2893705368, 5.88038778305, 7.91488933563, 17.9298820496, 23.6648254395, 19.8765697479, 20.3049716949, 19.8821601868, 29.3144016266, 39.4769706726, 22.8800945282, 51.0364379883, 16.3924407959, 14.5619974136, 16.3950195312, 16.6284255981, 9.40508937836, 12.4630002975, 9.01480770111, 1.76806676388, 1.47259533405, 1.59379208088, 1.48314583302, 1.02756226063, 0.718068599701, 0.410233259201, 0.291695952415, 0.127962037921, 0.059848934412, 0.0212386827916, 0.00306880497374, 0.000273370766081],
        "dvar": [0.253629088402, 6.9702963829, 53.6630401611, 37.1460075378, 15.325097084, 65.3953857422, 24.0413150787, 17.078962326, 22.7157993317, 138.258850098, 163.419494629, 815.959777832, 1337.22253418, 1216.95068359, 1159.69311523, 1045.73034668, 3111.95727539, 5562.50683594, 1477.35131836, 2648.91137695, 529.023742676, 577.630615234, 601.122924805, 487.432098389, 158.43069458, 335.164367676, 196.410751343, 6.17739772797, 17.5202255249, 71.3821716309, 62.8748321533, 12.6468915939, 8.35751628876, 2.60470700264, 0.81854724884, 0.17684584856, 0.040446985513, 0.00208399514668, 4.03917802032e-05, 4.17818199594e-07],
        "dvar2": [0.730210363865, 18.1552448273, 135.036270142, 90.8201904297, 38.2219276428, 154.979705811, 60.0063667297, 43.4918251038, 55.8762817383, 344.256988525, 385.750640869, 1970.10717773, 3212.31689453, 2692.39135742, 2459.234375, 2341.72802734, 6623.53320312, 12894.8818359, 3107.92822266, 6746.81640625, 1314.18811035, 1313.11096191, 1462.31188965, 1029.69946289, 328.944641113, 764.21081543, 418.854370117, 14.8691854477, 46.1950263977, 189.696304321, 170.283966064, 30.445394516, 21.2711105347, 6.49745893478, 2.0779569149, 0.445439815521, 0.105722002685, 0.0047599975951, 9.55138093559e-05, 1.04418563751e-06],
        "max": [6.41855478287, 30.1852836609, 103.263320923, 102.279083252, 72.3072509766, 233.97038269, 159.692138672, 127.204544067, 146.847610474, 332.401367188, 346.596069336, 744.608642578, 734.241149902, 1003.64794922, 1303.59741211, 1171.67663574, 2010.43408203, 1921.85705566, 1477.2791748, 1421.41943359, 590.857849121, 862.170410156, 715.657775879, 622.533203125, 543.092285156, 479.041320801, 679.491821289, 104.572616577, 168.070861816, 352.927337646, 473.863128662, 130.494979858, 136.330947876, 74.7760162354, 40.9700431824, 24.3077831268, 12.6507453918, 1.46968233585, 0.17684198916, 0.0205484293401],
        "mean": [0.472199887037, 3.05113625526, 8.24351596832, 5.6509885788, 3.14746642113, 5.81044149399, 5.46265172958, 4.39914798737, 3.32172751427, 5.20273065567, 8.50035190582, 23.6790523529, 35.543598175, 30.5841064453, 27.2211704254, 27.527299881, 44.5488319397, 72.3840332031, 28.3083496094, 53.2903594971, 19.5218753815, 21.8717212677, 26.1356582642, 26.6632270813, 16.7062835693, 20.9041862488, 14.5511817932, 2.76698493958, 1.50363373756, 1.18720042706, 1.07491135597, 0.830175638199, 0.551824331284, 0.295140445232, 0.191962823272, 0.0970605611801, 0.0515131875873, 0.0196464825422, 0.00291456421837, 0.000245083414484],
        "median": [0.222203373909, 1.51477193832, 4.71656990051, 2.56036067009, 1.63029313087, 1.94883227348, 2.42550110817, 2.28090643883, 1.45286726952, 1.70034813881, 3.13868737221, 5.60582542419, 8.15345573425, 6.50456285477, 7.76276350021, 8.15879535675, 6.74205207825, 9.58207893372, 9.8668346405, 27.5620231628, 10.0124988556, 4.85395383835, 7.39848899841, 10.4345998764, 6.58674144745, 6.35938310623, 4.21363830566, 1.51821553707, 0.687760591507, 0.263684809208, 0.126059234142, 0.107900887728, 0.0687973201275, 0.0371895879507, 0.0216686856002, 0.00847804918885, 0.00253515597433, 0.000767066143453, 0.000125974183902, 5.94813900534e-05],
        "min": [5.21654455795e-22, 9.99118907822e-21, 5.59697932058e-20, 3.97794032322e-20, 4.60463982027e-20, 2.16505193704e-19, 1.32344607009e-19, 3.63552755156e-19, 3.40097661146e-19, 1.35454702715e-18, 1.00965086542e-18, 2.03495364239e-18, 2.32099704091e-18, 9.21218226901e-19, 2.70108735955e-18, 4.21022275926e-18, 5.84228278146e-18, 5.62951000763e-18, 7.77516440421e-18, 8.3672933739e-18, 1.3861722306e-17, 1.0159696154e-17, 1.53822208925e-17, 1.19586841189e-17, 1.47976093403e-17, 1.23169277704e-17, 1.28923708528e-17, 1.60441390905e-17, 1.71866905834e-17, 1.45689170619e-17, 1.47581445532e-17, 1.62811726581e-17, 1.39493968334e-17, 1.29502850762e-17, 1.07271908579e-17, 8.22364188e-18, 3.48020567659e-18, 1.38529570866e-18, 3.50907179843e-19, 3.83031411015e-20],
        "var": [0.439984828234, 15.7971506119, 101.121101379, 65.806892395, 22.0502510071, 131.672607422, 96.3515090942, 42.1699714661, 36.4714050293, 164.963531494, 276.250915527, 2151.02929688, 4769.77685547, 4710.65673828, 3098.02026367, 2745.42944336, 11495.5009766, 45543.1367188, 3960.17456055, 4720.40917969, 1196.14221191, 2315.23461914, 2752.64526367, 1914.43212891, 788.352539062, 1182.54455566, 813.518981934, 15.279759407, 15.7085781097, 52.1034584045, 44.6822013855, 13.5083866119, 8.92754364014, 2.51164507866, 0.761151373386, 0.18295943737, 0.0403119586408, 0.00354587216862, 7.39951065043e-05, 6.48619845833e-07]
    },
    "gfcc": {
        "mean": [-30.4869918823, 106.104530334, -120.875419617, 33.753162384, -20.2635364532, 10.5161514282, -13.860994339, 9.34189605713, -20.2152824402, 3.99088716507, -14.1407546997, -4.41030454636, -2.32519817352],
        "cov": [[12347.3955078, -2373.29589844, -495.889801025, 1145.28088379, -251.392456055, 469.230285645, 444.925384521, 503.56829834, -714.08770752, 143.951934814, -277.339691162, -348.986297607, -452.279968262], [-2373.29589844, 1578.77392578, -412.028564453, -179.846618652, 124.775512695, -181.260604858, 64.7648849487, -134.273300171, 149.89630127, -62.650352478, 139.673751831, -50.8845787048, 161.12828064], [-495.889801025, -412.028564453, 1256.05078125, 209.321273804, 219.61366272, 136.321640015, -109.360412598, -18.0314540863, 41.133644104, 2.11582303047, -94.0428771973, 89.7677307129, -71.3553619385], [1145.28088379, -179.846618652, 209.321273804, 905.844360352, 48.218624115, 61.2458496094, 3.00485920906, 25.220205307, -13.3320083618, -54.4562835693, -36.821937561, -37.9069061279, -15.8767471313], [-251.392456055, 124.775512695, 219.61366272, 48.218624115, 306.288787842, 24.8835296631, 52.0448608398, -19.1181602478, 30.6988601685, 17.4551525116, -23.8041210175, -2.69128489494, 6.33076238632], [469.230285645, -181.260604858, 136.321640015, 61.2458496094, 24.8835296631, 308.56451416, 99.7622528076, 16.3905601501, -42.0997810364, 32.780506134, -18.5355587006, -58.7666931152, -55.989944458], [444.925384521, 64.7648849487, -109.360412598, 3.00485920906, 52.0448608398, 99.7622528076, 270.795318604, 35.030166626, -54.3551902771, 31.2067298889, 11.3575372696, -63.7405700684, -34.8451499939], [503.56829834, -134.273300171, -18.0314540863, 25.220205307, -19.1181602478, 16.3905601501, 35.030166626, 183.925094604, -33.2058868408, 8.64305210114, 8.79273605347, -13.4776992798, -24.8446178436], [-714.08770752, 149.89630127, 41.133644104, -13.3320083618, 30.6988601685, -42.0997810364, -54.3551902771, -33.2058868408, 196.439941406, 1.53317332268, 2.47959208488, 50.3824615479, 48.3486480713], [143.951934814, -62.650352478, 2.11582303047, -54.4562835693, 17.4551525116, 32.780506134, 31.2067298889, 8.64305210114, 1.53317332268, 100.015594482, 4.00054502487, -7.23697662354, -17.2385387421], [-277.339691162, 139.673751831, -94.0428771973, -36.821937561, -23.8041210175, -18.5355587006, 11.3575372696, 8.79273605347, 2.47959208488, 4.00054502487, 111.973426819, 13.7915859222, 16.6273574829], [-348.986297607, -50.8845787048, 89.7677307129, -37.9069061279, -2.69128489494, -58.7666931152, -63.7405700684, -13.4776992798, 50.3824615479, -7.23697662354, 13.7915859222, 135.36114502, 29.4038677216], [-452.279968262, 161.12828064, -71.3553619385, -15.8767471313, 6.33076238632, -55.989944458, -34.8451499939, -24.8446178436, 48.3486480713, -17.2385387421, 16.6273574829, 29.4038677216, 105.55606842]],
        "icov": [[0.000220349815208, 0.0002547444019, 0.000225206284085, -0.000254217331531, -4.17043775087e-05, -1.24613834487e-05, -0.00014183013991, -0.000228869670536, 0.000366938154912, -0.000185204466106, 0.00029722385807, 0.000107905761979, 0.000289290241199], [0.0002547444019, 0.00158981827553, 0.000444534729468, -8.27346520964e-05, -0.000710198539309, 0.000532853649929, -0.00062724907184, 0.000463979347842, -0.000421978911618, 0.000706569931936, -0.00111976615153, 0.00136898900382, -0.000716146838386], [0.000225206284085, 0.000444534729468, 0.00161399308126, -0.000441266078269, -0.00114384223707, -0.000689590524416, 0.00062614493072, -0.000148418403114, 0.000210075071664, 3.77446740458e-05, 0.000727021892089, -0.000906464818399, 0.00123357458506], [-0.000254217331531, -8.27346520964e-05, -0.000441266078269, 0.00156868598424, -0.000127037084894, -3.54872245225e-05, 7.50096878619e-05, 0.000172373882378, -0.000594747893047, 0.00113631389104, -0.000440585601609, 0.000535801111255, -0.000593042001128], [-4.17043775087e-05, -0.000710198539309, -0.00114384223707, -0.000127037084894, 0.00475298659876, 0.000230609730352, -0.00128614413552, 8.00993220764e-05, -0.00025330868084, -0.0010993774049, 0.00109886971768, 2.05588985409e-05, -0.000697729585227], [-1.24613834487e-05, 0.000532853649929, -0.000689590524416, -3.54872245225e-05, 0.000230609730352, 0.00482470355928, -0.00172330671921, 0.000474108324852, -0.000294348923489, -0.000548783340491, -0.000571563839912, 0.00201886496507, 0.000322617008351], [-0.00014183013991, -0.00062724907184, 0.00062614493072, 7.50096878619e-05, -0.00128614413552, -0.00172330671921, 0.00580461369827, -0.000725484627765, 0.000798836292233, -0.000900820072275, -0.000303635577438, 0.00033045274904, 0.00113554438576], [-0.000228869670536, 0.000463979347842, -0.000148418403114, 0.000172373882378, 8.00993220764e-05, 0.000474108324852, -0.000725484627765, 0.00652829417959, -0.000286221678834, 0.000331047573127, -0.0016384634655, 0.000520962290466, 7.85810261732e-05], [0.000366938154912, -0.000421978911618, 0.000210075071664, -0.000594747893047, -0.00025330868084, -0.000294348923489, 0.000798836292233, -0.000286221678834, 0.00762896146625, -0.00173029594589, 0.00157689524349, -0.0021574026905, -0.00110003130976], [-0.000185204466106, 0.000706569931936, 3.77446740458e-05, 0.00113631389104, -0.0010993774049, -0.000548783340491, -0.000900820072275, 0.000331047573127, -0.00173029594589, 0.0122304335237, -0.00179526093416, 0.000749249476939, 0.000743704906199], [0.00029722385807, -0.00111976615153, 0.000727021892089, -0.000440585601609, 0.00109886971768, -0.000571563839912, -0.000303635577438, -0.0016384634655, 0.00157689524349, -0.00179526093416, 0.012141816318, -0.00280059501529, 0.000405131402658], [0.000107905761979, 0.00136898900382, -0.000906464818399, 0.000535801111255, 2.05588985409e-05, 0.00201886496507, 0.00033045274904, 0.000520962290466, -0.0021574026905, 0.000749249476939, -0.00280059501529, 0.0117018884048, -0.00256622489542], [0.000289290241199, -0.000716146838386, 0.00123357458506, -0.000593042001128, -0.000697729585227, 0.000322617008351, 0.00113554438576, 7.85810261732e-05, -0.00110003130976, 0.000743704906199, 0.000405131402658, -0.00256622489542, 0.0144337071106]]
    },
    "melbands": {
        "dmean": [0.00217212666757, 0.00177101208828, 0.000472165294923, 0.00017063022824, 0.000102133148175, 5.01347640238e-05, 3.17730227835e-05, 4.21171316702e-05, 4.28694438597e-05, 8.67070193635e-05, 7.88867037045e-05, 5.71176169615e-05, 5.22412519786e-05, 4.13830202888e-05, 3.76665593649e-05, 5.36098850716e-05, 4.64591830678e-05, 2.45460796577e-05, 3.25574983435e-05, 3.1326268072e-05, 1.13539335871e-05, 1.00145953184e-05, 1.07064215626e-05, 1.31347005663e-05, 9.58871896728e-06, 5.97068674324e-06, 4.4188427637e-06, 6.34295611235e-06, 5.38823906027e-06, 1.25105725601e-06, 5.95370295287e-07, 4.92147648856e-07, 5.77122818868e-07, 5.60053706522e-07, 5.77765490561e-07, 3.89129212408e-07, 4.14142874661e-07, 3.32256377078e-07, 2.42246812832e-07, 2.12504502883e-07],
        "dmean2": [0.00354543933645, 0.0028250948526, 0.000758485984989, 0.000275095138932, 0.000164079858223, 8.15056773718e-05, 5.21045039932e-05, 6.69052387821e-05, 6.72178794048e-05, 0.00013477219909, 0.000120528537082, 8.42165973154e-05, 7.97641550889e-05, 6.28764682915e-05, 5.7182936871e-05, 8.20655550342e-05, 7.14147099643e-05, 3.77343894797e-05, 5.24379283888e-05, 5.13389786647e-05, 1.81782343134e-05, 1.54866229423e-05, 1.6361971575e-05, 2.06530294236e-05, 1.45329540828e-05, 9.18578734854e-06, 6.74969396641e-06, 9.62132526183e-06, 8.25870665722e-06, 2.00567365027e-06, 9.70539986156e-07, 8.17046213797e-07, 9.66092670751e-07, 9.40538200211e-07, 9.67959522313e-07, 6.33144793483e-07, 6.71439352118e-07, 5.44745262232e-07, 3.96129109959e-07, 3.5026565115e-07],
        "dvar": [1.37001361509e-05, 1.11128656499e-05, 9.39898711749e-07, 1.73101142309e-07, 3.43681740844e-08, 7.91758392182e-09, 6.15062489828e-09, 1.70214633499e-08, 1.14081162295e-08, 4.42176322224e-08, 3.41250938618e-08, 2.21008100709e-08, 2.25914860152e-08, 9.17229669994e-09, 1.14993898848e-08, 2.13107895775e-08, 1.75114518441e-08, 4.45562342577e-09, 3.59508001146e-09, 2.86042589615e-09, 8.72125982543e-10, 6.68312793994e-10, 1.02221309195e-09, 7.71912089803e-10, 4.27187535346e-10, 1.85816098619e-10, 8.28031185285e-11, 2.03664710097e-10, 1.72709735402e-10, 9.51781882474e-12, 1.89684617839e-12, 4.36297786094e-12, 1.34646903002e-11, 2.87207185118e-11, 3.35644810556e-11, 4.449946054e-12, 5.60822178627e-12, 4.83243957003e-12, 2.88343459352e-12, 2.00668886889e-12],
        "dvar2": [3.82940670534e-05, 2.73641380772e-05, 2.26734232456e-06, 4.13471894944e-07, 8.37844780222e-08, 2.03651104869e-08, 1.53753436649e-08, 4.20019112823e-08, 2.71041571409e-08, 1.08411441602e-07, 8.13958678236e-08, 4.87244946612e-08, 4.81748756442e-08, 1.92453253334e-08, 2.51339429269e-08, 4.91971334782e-08, 4.01700361863e-08, 9.40796773818e-09, 8.61739124502e-09, 7.28799598448e-09, 2.17100626365e-09, 1.43736866853e-09, 2.62767874126e-09, 1.83063042503e-09, 9.29431087648e-10, 4.08545891561e-10, 1.8793258616e-10, 4.68213967597e-10, 3.72108871494e-10, 2.21606899498e-11, 4.73506000034e-12, 1.1409646665e-11, 3.54486717757e-11, 7.73337574533e-11, 9.21803189335e-11, 1.12787869322e-11, 1.33466146121e-11, 1.24387167233e-11, 7.4449569773e-12, 5.07431119692e-12],
        "max": [0.0424567833543, 0.0457178503275, 0.014492155984, 0.0118554243818, 0.00484343152493, 0.00263825221919, 0.00241508660838, 0.00349044683389, 0.00245398213156, 0.00504450220615, 0.00384685583413, 0.00436163553968, 0.00667697843164, 0.00424978183582, 0.00315905176103, 0.00304081570357, 0.00330251152627, 0.00242590717971, 0.00138034694828, 0.00139865593519, 0.000903808278963, 0.00125032383949, 0.000983976642601, 0.000667293439619, 0.000525465351529, 0.000488407560624, 0.000229496552492, 0.000371667440049, 0.000689584936481, 0.000120835917187, 6.45245672786e-05, 8.67499111337e-05, 0.000134998306748, 0.00026382584474, 0.000361932354281, 9.9864184449e-05, 7.14422712917e-05, 0.000118967480375, 7.66353477957e-05, 7.34327841201e-05],
        "mean": [0.0042462120764, 0.00429732073098, 0.000947465014178, 0.000302947097225, 0.000218227723963, 9.64292485151e-05, 5.1918450481e-05, 6.0377351474e-05, 7.13417757652e-05, 0.000182829098776, 0.000181021692697, 0.000125370483147, 9.37780350796e-05, 8.19408523967e-05, 7.19265954103e-05, 0.000138285482535, 0.00012280671217, 4.00259123126e-05, 5.68160721741e-05, 5.27805786987e-05, 1.8844852093e-05, 2.04341249628e-05, 2.42480946326e-05, 2.67774230451e-05, 2.11156748264e-05, 1.40526044561e-05, 1.02469912235e-05, 1.48358158185e-05, 1.22545980048e-05, 2.57850570051e-06, 1.18077218758e-06, 8.0704563743e-07, 7.63951675253e-07, 6.28604766462e-07, 6.51323261991e-07, 4.94931327921e-07, 5.18642821135e-07, 4.10748299373e-07, 2.85991148985e-07, 2.36724957858e-07],
        "median": [0.00236414000392, 0.00264295050874, 0.000480682356283, 0.000129664942506, 9.31634131121e-05, 5.08090815856e-05, 2.28972494369e-05, 1.92489969777e-05, 2.3406042601e-05, 3.8497368223e-05, 3.98401389248e-05, 2.3601052817e-05, 2.25079311349e-05, 2.37126878346e-05, 1.33096200443e-05, 1.47625250975e-05, 1.53996988956e-05, 1.12122916107e-05, 3.0546078051e-05, 2.73300574918e-05, 6.10565030001e-06, 4.56056841358e-06, 3.75475110559e-06, 8.53304754855e-06, 7.47106059862e-06, 4.72325427836e-06, 3.92316906073e-06, 3.95840379497e-06, 3.14152521241e-06, 9.41388520914e-07, 6.56077986605e-07, 3.3666839272e-07, 2.6770049999e-07, 9.27847736421e-08, 6.86004995032e-08, 6.19539761715e-08, 6.22552462914e-08, 4.76948116557e-08, 3.4988698161e-08, 2.6719659374e-08],
        "min": [7.41946794985e-24, 2.418843804e-23, 7.05776418075e-24, 9.21660589905e-24, 6.6706370024e-24, 7.48463732695e-24, 6.48363752482e-24, 1.31755682496e-23, 8.31154420477e-24, 1.39912243932e-23, 1.15052933335e-23, 3.26452020711e-24, 7.01670081519e-24, 1.06710816037e-23, 1.30937420745e-23, 1.28119649035e-23, 9.80708800813e-24, 1.12421916555e-23, 1.46082855928e-23, 7.62504352403e-24, 1.98333278866e-23, 1.04769681785e-23, 1.09008807297e-23, 1.43820860391e-23, 8.40261504083e-24, 1.39947900445e-23, 6.05209589978e-24, 8.93269722585e-24, 9.32451654886e-24, 6.69722082605e-24, 9.94388911087e-24, 9.75588541336e-24, 8.20613345517e-24, 8.31904548312e-24, 8.4416967878e-24, 9.4781543099e-24, 9.73983761596e-24, 1.04907937547e-23, 8.87811515095e-24, 1.16097416728e-23],
        "var": [2.92292770609e-05, 2.40963090619e-05, 1.6507096916e-06, 2.86221165879e-07, 1.39481841188e-07, 1.91437052877e-08, 9.38733268896e-09, 2.1004016304e-08, 2.00376621962e-08, 1.40428198847e-07, 1.25786428384e-07, 8.95724454608e-08, 5.50897851781e-08, 2.71244395833e-08, 3.33821965626e-08, 1.34474149149e-07, 1.30745121396e-07, 1.16507248293e-08, 6.79577905061e-09, 4.85586859611e-09, 1.99060967709e-09, 2.15258766367e-09, 4.25023749528e-09, 2.6391722141e-09, 1.43297973487e-09, 7.18759496365e-10, 2.81037582095e-10, 6.63668731082e-10, 6.8106986717e-10, 2.3880794911e-11, 3.16018088434e-12, 4.30261598919e-12, 1.03586505693e-11, 2.01977219672e-11, 2.25237103274e-11, 4.1909800283e-12, 6.18080586712e-12, 5.06362356559e-12, 2.7868345652e-12, 1.80111047604e-12]
    },
    "mfcc": {
        "mean": [-673.583312988, 138.119262695, -22.884601593, 36.625164032, 10.3999376297, 14.8435535431, 18.1870670319, 6.53696680069, 9.70662975311, 11.3369588852, -2.45700931549, -2.21497321129, -1.22764444351],
        "cov": [[8558.52734375, -238.198852539, -1099.46435547, 565.689575195, -222.801025391, -91.8977355957, 703.234191895, 204.152557373, -15.9774951935, 243.864898682, -40.079624176, 124.5806427, -187.137359619], [-238.198852539, 871.789001465, -296.74407959, -46.5574417114, -91.2450714111, 29.3026371002, 42.643661499, -69.7512207031, 38.7730255127, 32.5930099487, 30.4482841492, -40.4021759033, 6.46108007431], [-1099.46435547, -296.74407959, 825.645202637, 39.5852241516, 228.218948364, 113.603797913, -113.339881897, 37.2438774109, 23.9046020508, -60.6124954224, 27.5260601044, -3.78631043434, 45.226978302], [565.689575195, -46.5574417114, 39.5852241516, 736.137023926, 200.721954346, 62.7114181519, 35.930721283, 83.989364624, 40.152015686, -41.3290710449, 1.21896028519, 28.1794166565, -29.5941982269], [-222.801025391, -91.2450714111, 228.218948364, 200.721954346, 311.051300049, 70.9838790894, -58.832736969, 27.1466808319, 37.8626098633, -16.5317955017, -2.35374498367, -19.1504497528, 15.5969705582], [-91.8977355957, 29.3026371002, 113.603797913, 62.7114181519, 70.9838790894, 310.634918213, 65.3806533813, 19.8842945099, 33.3434181213, 35.0554504395, 57.8941688538, -60.2036170959, -1.52125155926], [703.234191895, 42.643661499, -113.339881897, 35.930721283, -58.832736969, 65.3806533813, 351.018188477, 39.6876945496, -10.1998128891, 99.7562026978, 16.3513717651, 14.5545635223, -40.032585144], [204.152557373, -69.7512207031, 37.2438774109, 83.989364624, 27.1466808319, 19.8842945099, 39.6876945496, 125.064476013, 32.0429878235, 1.36286818981, 5.45948839188, 25.8536052704, 1.37566363811], [-15.9774951935, 38.7730255127, 23.9046020508, 40.152015686, 37.8626098633, 33.3434181213, -10.1998128891, 32.0429878235, 109.920440674, 29.0713481903, 6.11586904526, -7.19213914871, 26.8815841675], [243.864898682, 32.5930099487, -60.6124954224, -41.3290710449, -16.5317955017, 35.0554504395, 99.7562026978, 1.36286818981, 29.0713481903, 142.448135376, 12.002448082, -17.2901973724, -0.876711249352], [-40.079624176, 30.4482841492, 27.5260601044, 1.21896028519, -2.35374498367, 57.8941688538, 16.3513717651, 5.45948839188, 6.11586904526, 12.002448082, 101.67175293, 20.7309837341, -7.81116104126], [124.5806427, -40.4021759033, -3.78631043434, 28.1794166565, -19.1504497528, -60.2036170959, 14.5545635223, 25.8536052704, -7.19213914871, -17.2901973724, 20.7309837341, 118.248054504, 12.3070201874], [-187.137359619, 6.46108007431, 45.226978302, -29.5941982269, 15.5969705582, -1.52125155926, -40.032585144, 1.37566363811, 26.8815841675, -0.876711249352, -7.81116104126, 12.3070201874, 95.8977661133]],
