{
"lowlevel": {
    "average_loudness": 0.971120297909,
    "barkbands_crest": {
        "dmean": 1.97032213211,
        "dmean2": 3.21709036827,
        "dvar": 4.04246282578,
        "dvar2": 10.7271957397,
        "max": 26.6864299774,
        "mean": 9.4950504303,
        "median": 8.72761726379,
        "min": 2.86454486847,
        "var": 11.6334648132
    },
    "barkbands_flatness_db": {
        "dmean": 0.0248492304236,
        "dmean2": 0.0359189510345,
        "dvar": 0.000702670775354,
        "dvar2": 0.00152804818936,
        "max": 0.443516284227,
        "mean": 0.186640113592,
        "median": 0.180359125137,
        "min": 0.0460247769952,
        "var": 0.00350063107908
    },
    "barkbands_kurtosis": {
        "dmean": 3.2062561512,
        "dmean2": 5.18837928772,
        "dvar": 49.1024246216,
        "dvar2": 125.097610474,
        "max": 345.164642334,
        "mean": 5.38760662079,
        "median": 3.29550862312,
        "min": -1.85289168358,
        "var": 63.2463035583
    },
    "barkbands_skewness": {
        "dmean": 0.508646965027,
        "dmean2": 0.795567929745,
        "dvar": 0.421629667282,
        "dvar2": 1.02455329895,
        "max": 9.01857089996,
        "mean": 1.7019329071,
        "median": 1.62855386734,
        "min": -17.6796302795,
        "var": 1.32267153263
    },
    "barkbands_spread": {
        "dmean": 3.31614875793,
        "dmean2": 5.17351770401,
        "dvar": 14.1631593704,
        "dvar2": 34.9706077576,
        "max": 78.8602828979,
        "mean": 14.8669042587,
        "median": 12.1210803986,
        "min": 1.23190617561,
        "var": 90.9412307739
    },
    "dissonance": {
        "dmean": 0.0184305850416,
        "dmean2": 0.0304873920977,
        "dvar": 0.000352892500814,
        "dvar2": 0.000946583168115,
        "max": 0.500000119209,
        "mean": 0.456249982119,
        "median": 0.463716685772,
        "min": 0.255993098021,
        "var": 0.00096843612846
    },
    "dynamic_complexity": 2.71715760231,
    "erbbands_crest": {
        "dmean": 2.32685256004,
        "dmean2": 3.66768813133,
        "dvar": 5.11498403549,
        "dvar2": 11.8681793213,
        "max": 31.3871326447,
        "mean": 10.2179327011,
        "median": 9.22306442261,
        "min": 2.18779373169,
        "var": 20.0026283264
    },
    "erbbands_flatness_db": {
        "dmean": 0.0247688833624,
        "dmean2": 0.0324160568416,
        "dvar": 0.000854317273479,
        "dvar2": 0.00149045686703,
        "max": 0.393469244242,
        "mean": 0.194449231029,
        "median": 0.190750390291,
        "min": 0.0460675545037,
        "var": 0.00343805225566
    },
    "erbbands_kurtosis": {
        "dmean": 0.803572177887,
        "dmean2": 1.27457427979,
        "dvar": 1.71831965446,
        "dvar2": 4.12157964706,
        "max": 28.7625675201,
        "mean": 0.372174650431,
        "median": -0.237927675247,
        "min": -1.66556680202,
        "var": 4.45017910004
    },
    "erbbands_skewness": {
        "dmean": 0.307520747185,
        "dmean2": 0.472746789455,
        "dvar": 0.0793032497168,
        "dvar2": 0.184937059879,
        "max": 3.93016195297,
        "mean": 0.403439253569,
        "median": 0.453283935785,
        "min": -2.60799479485,
        "var": 0.610507905483
    },
    "erbbands_spread": {
        "dmean": 6.5098657608,
        "dmean2": 10.0264225006,
        "dvar": 53.4847145081,
        "dvar2": 122.936264038,
        "max": 120.653007507,
        "mean": 34.2583808899,
        "median": 33.1439361572,
        "min": 2.96602916718,
        "var": 184.71333313
    },
    "hfc": {
        "dmean": 5.43027925491,
        "dmean2": 8.19457530975,
        "dvar": 60.7752609253,
        "dvar2": 150.13269043,
        "max": 118.737220764,
        "mean": 19.5538253784,
        "median": 18.5406589508,
        "min": 1.12373915583e-16,
        "var": 142.830413818
    },
    "melbands_crest": {
        "dmean": 2.76861214638,
        "dmean2": 4.5561337471,
        "dvar": 8.9989490509,
        "dvar2": 23.7616443634,
        "max": 30.2118721008,
        "mean": 13.10176754,
        "median": 12.5101470947,
        "min": 2.49154615402,
        "var": 17.467048645
    },
    "melbands_flatness_db": {
        "dmean": 0.0273807384074,
        "dmean2": 0.0403756350279,
        "dvar": 0.000912001531105,
        "dvar2": 0.00206408230588,
        "max": 0.605068027973,
        "mean": 0.262886911631,
        "median": 0.258192241192,
        "min": 0.00791189912707,
        "var": 0.0063185733743
    },
    "melbands_kurtosis": {
        "dmean": 6.85497283936,
        "dmean2": 11.1774711609,
        "dvar": 187.169754028,
        "dvar2": 480.924224854,
        "max": 257.950256348,
        "mean": 12.8928356171,
        "median": 8.43333435059,
        "min": -1.75126063824,
        "var": 246.056335449
    },
    "melbands_skewness": {
        "dmean": 0.673702061176,
        "dmean2": 1.05919480324,
        "dvar": 0.787624120712,
        "dvar2": 1.92999398708,
        "max": 11.5949058533,
        "mean": 2.61604309082,
        "median": 2.48189592361,
        "min": -1.12417197227,
        "var": 1.75295221806
    },
    "melbands_spread": {
        "dmean": 4.19335603714,
        "dmean2": 6.55223560333,
        "dvar": 27.3259010315,
        "dvar2": 63.9871864319,
        "max": 150.783538818,
        "mean": 16.7344608307,
        "median": 12.5307655334,
        "min": 0.930111408234,
        "var": 247.158737183
    },
    "pitch_salience": {
        "dmean": 0.0640807598829,
        "dmean2": 0.105071745813,
        "dvar": 0.00439107278362,
        "dvar2": 0.0121006313711,
        "max": 0.940841555595,
        "mean": 0.552560806274,
        "median": 0.557681679726,
        "min": 0.142178848386,
        "var": 0.0105046257377
    },
    "silence_rate_20dB": {
        "dmean": 0,
        "dmean2": 0,
        "dvar": 0,
        "dvar2": 0,
        "max": 1,
        "mean": 1,
        "median": 1,
        "min": 1,
        "var": 0
    },
    "silence_rate_30dB": {
        "dmean": 0.0565306954086,
        "dmean2": 0.113070711493,
        "dvar": 0.0533322282135,
        "dvar2": 0.125339612365,
        "max": 1,
        "mean": 0.95550429821,
        "median": 1,
        "min": 0,
        "var": 0.0425183549523
    },
    "silence_rate_60dB": {
        "dmean": 0.000988875166513,
        "dmean2": 0.00197791331448,
        "dvar": 0.000987873179838,
        "dvar2": 0.00246838480234,
        "max": 1,
        "mean": 0.0313117988408,
        "median": 0,
        "min": 0,
        "var": 0.0303313899785
    },
    "spectral_centroid": {
        "dmean": 160.550811768,
        "dmean2": 247.673019409,
        "dvar": 37932.1367188,
        "dvar2": 85425.140625,
        "max": 10559.2607422,
        "mean": 967.315002441,
        "median": 747.380004883,
        "min": 198.220550537,
        "var": 407905.75
    },
    "spectral_complexity": {
        "dmean": 3.09501433372,
        "dmean2": 4.75902414322,
        "dvar": 12.5162734985,
        "dvar2": 26.3150215149,
        "max": 52,
        "mean": 17.1622447968,
        "median": 16,
        "min": 0,
        "var": 56.9066162109
    },
    "spectral_decrease": {
        "dmean": 4.51333903584e-09,
        "dmean2": 7.27984339477e-09,
        "dvar": 6.81975144069e-17,
        "dvar2": 1.74729106263e-16,
        "max": 2.01728350279e-15,
        "mean": -1.13964997439e-08,
        "median": -9.98679094977e-09,
        "min": -7.69960522007e-08,
        "var": 7.35240016863e-17
    },
    "spectral_energy": {
        "dmean": 0.0174208376557,
        "dmean2": 0.0280499570072,
        "dvar": 0.000999465817586,
        "dvar2": 0.00255644298159,
        "max": 0.295369267464,
        "mean": 0.044786542654,
        "median": 0.0393855646253,
        "min": 1.02314357708e-20,
        "var": 0.00109154055826
    },
    "spectral_energyband_high": {
        "dmean": 0.000195562199224,
        "dmean2": 0.000305477762595,
        "dvar": 2.10469579542e-07,
        "dvar2": 5.3988998161e-07,
        "max": 0.00942237768322,
        "mean": 0.00031777494587,
        "median": 0.0001747377828,
        "min": 7.46546093245e-21,
        "var": 2.48230605848e-07
    },
    "spectral_energyband_low": {
        "dmean": 0.0131781166419,
        "dmean2": 0.0217861235142,
        "dvar": 0.000878244987689,
        "dvar2": 0.00231709820218,
        "max": 0.246628493071,
        "mean": 0.0200011897832,
        "median": 0.0150785446167,
        "min": 5.89389473618e-23,
        "var": 0.000769091362599
    },
    "spectral_energyband_middle_high": {
        "dmean": 0.00137273967266,
        "dmean2": 0.00204422138631,
        "dvar": 3.8494963519e-06,
        "dvar2": 9.18303430808e-06,
        "max": 0.0308530498296,
        "mean": 0.00437892880291,
        "median": 0.00321349920705,
        "min": 1.50021734984e-21,
        "var": 1.49277684613e-05
    },
    "spectral_energyband_middle_low": {
        "dmean": 0.00689187878743,
        "dmean2": 0.011462520808,
        "dvar": 0.000111292145448,
        "dvar2": 0.000304671149934,
        "max": 0.162520229816,
        "mean": 0.0222864653915,
        "median": 0.0205194093287,
        "min": 3.55867094544e-22,
        "var": 0.000165963137988
    },
    "spectral_entropy": {
        "dmean": 0.192638859153,
        "dmean2": 0.275631457567,
        "dvar": 0.0489329025149,
        "dvar2": 0.0979224294424,
        "max": 9.79909420013,
        "mean": 7.06834602356,
        "median": 7.09029722214,
        "min": 5.27839040756,
        "var": 0.245626211166
    },
    "spectral_flux": {
        "dmean": 0.0393284410238,
        "dmean2": 0.0625741705298,
        "dvar": 0.00328235863708,
        "dvar2": 0.0071326973848,
        "max": 0.503931164742,
        "mean": 0.0885590836406,
        "median": 0.0690899714828,
        "min": 1.0115056015e-10,
        "var": 0.00475810421631
    },
    "spectral_kurtosis": {
        "dmean": 4.14431858063,
        "dmean2": 6.9940366745,
        "dvar": 46.1072120667,
        "dvar2": 119.081672668,
        "max": 107.976539612,
        "mean": 8.51425647736,
        "median": 5.67927312851,
        "min": -1.26113915443,
        "var": 85.5440139771
    },
    "spectral_rms": {
        "dmean": 0.00112322950736,
        "dmean2": 0.00174513657112,
        "dvar": 2.82773385152e-06,
        "dvar2": 6.75076580592e-06,
        "max": 0.0169754270464,
        "mean": 0.00620014546439,
        "median": 0.00619878526777,
        "min": 3.15941261868e-12,
        "var": 5.25223867953e-06
    },
    "spectral_rolloff": {
        "dmean": 267.434783936,
        "dmean2": 461.273071289,
        "dvar": 223887.375,
        "dvar2": 501814.34375,
        "max": 19789.0136719,
        "mean": 1215.99169922,
        "median": 689.0625,
        "min": 86.1328125,
        "var": 5357057.5
    },
    "spectral_skewness": {
        "dmean": 0.374562144279,
        "dmean2": 0.618483901024,
        "dvar": 0.219478398561,
        "dvar2": 0.579232931137,
        "max": 7.3580737114,
        "mean": 1.91980314255,
        "median": 1.76054739952,
        "min": 0.0479505248368,
        "var": 0.635600090027
    },
    "spectral_spread": {
        "dmean": 537840.1875,
        "dmean2": 767036.5,
        "dvar": 568202690560,
        "dvar2": 996726669312,
        "max": 42179960,
        "mean": 3535872.25,
        "median": 3339166,
        "min": 568579.625,
        "var": 2.27240155546e+12
    },
    "spectral_strongpeak": {
        "dmean": 0.527735650539,
        "dmean2": 0.912015795708,
        "dvar": 0.896749794483,
        "dvar2": 2.13220500946,
        "max": 11.865281105,
        "mean": 1.01297950745,
        "median": 0.59223562479,
        "min": 6.77056055665e-09,
        "var": 1.55574536324
    },
    "zerocrossingrate": {
        "dmean": 0.00587044050917,
        "dmean2": 0.00747636891901,
        "dvar": 6.34699536022e-05,
        "dvar2": 0.000102432757558,
        "max": 0.76025390625,
        "mean": 0.0487831830978,
        "median": 0.03564453125,
        "min": 0.00537109375,
        "var": 0.00559459719807
    },
    "barkbands": {
        "dmean": [0.000184988035471, 0.00635770242661, 0.00660175736994, 0.00241745985113, 0.00376356276684, 0.00152335024904, 0.000559753098059, 0.000623776868451, 0.0010740928119, 0.000303511420498, 0.000213374078157, 0.00017024257977, 0.000126351835206, 0.000177181325853, 0.000531540426891, 0.000347232416971, 0.000237384956563, 0.000161835341714, 0.000136565431603, 0.000103339130874, 5.65970258322e-05, 3.24075481331e-05, 2.82834334939e-05, 2.5876066502e-05, 1.64281391335e-05, 1.620608964e-05, 2.91732681035e-06],
        "dmean2": [0.000318033009535, 0.0106977401301, 0.0111774047837, 0.00418881466612, 0.00644078757614, 0.00241611828096, 0.000813718186691, 0.000930588634219, 0.0015581252519, 0.000469364982564, 0.000320775754517, 0.00028386656777, 0.000197191227926, 0.000270839605946, 0.000823694979772, 0.000536163221113, 0.000356410047971, 0.000245830626227, 0.000213895735214, 0.000163451215485, 9.11315946723e-05, 5.10811260028e-05, 4.46516496595e-05, 4.1077091737e-05, 2.70477157756e-05, 2.77498475043e-05, 5.20628645972e-06],
        "dvar": [1.99469440076e-07, 0.00019877422892, 0.000282684224658, 2.48850210482e-05, 4.4677992264e-05, 3.97156554754e-06, 1.29989086872e-06, 3.23189465234e-06, 5.46333922102e-06, 4.95744473028e-07, 1.73253113189e-07, 2.23154785317e-07, 8.07316382634e-08, 1.28387284803e-07, 9.26272662127e-07, 5.38703602615e-07, 2.77356889455e-07, 1.1056827276e-07, 8.77945822708e-08, 3.96070838349e-08, 1.66167364313e-08, 8.61925464335e-09, 6.44241282544e-09, 6.01447736059e-09, 2.61742538754e-09, 3.75036268707e-09, 1.33816999148e-10],
        "dvar2": [5.48926266219e-07, 0.000524653878529, 0.000776912318543, 7.00837335899e-05, 0.00012528647494, 9.70301516645e-06, 2.43940235123e-06, 6.15184308117e-06, 1.12453217298e-05, 9.81652192422e-07, 3.70794225546e-07, 6.34999992144e-07, 2.05233817496e-07, 2.8593819934e-07, 2.1318128347e-06, 1.190023454e-06, 5.86167516303e-07, 2.3811296046e-07, 2.1158034258e-07, 9.3765414988e-08, 4.24358184148e-08, 2.1666840766e-08, 1.55127999335e-08, 1.6301889616e-08, 7.51507567287e-09, 1.03193977807e-08, 3.81086523449e-10],
        "max": [0.0110451392829, 0.137331143022, 0.154528230429, 0.0649311393499, 0.129602313042, 0.0386783666909, 0.020765459165, 0.0419959425926, 0.0509059242904, 0.0253340881318, 0.0110354200006, 0.0104946279898, 0.00488362973556, 0.00820025522262, 0.0269546378404, 0.0188803542405, 0.0136176012456, 0.00669204257429, 0.00597676541656, 0.0045686387457, 0.00241423025727, 0.00144304928835, 0.00106140493881, 0.00211780774407, 0.00189655285794, 0.00134122371674, 0.000350281101419],
        "mean": [0.000303549983073, 0.00938735157251, 0.00822939164937, 0.00365999969654, 0.0078078485094, 0.00456426013261, 0.00140314258169, 0.00150905095506, 0.00309016578831, 0.000612847507, 0.000424224010203, 0.000262038811343, 0.000198357462068, 0.000304424116621, 0.000940810889006, 0.000652243033983, 0.000478743691929, 0.000295540725347, 0.000235307088587, 0.000189293918083, 8.62488523126e-05, 4.36537193309e-05, 3.84218001273e-05, 3.54543990397e-05, 1.95355969481e-05, 1.27356333905e-05, 2.05380729312e-06],
        "median": [0.000235115701798, 0.00713694375008, 0.00488753709942, 0.00231384858489, 0.00607166998088, 0.00319637288339, 0.000311457319185, 0.000162158656167, 0.00129927799571, 0.000286856928142, 0.000204283511266, 0.00012841411808, 8.76525809872e-05, 0.000143451237818, 0.000418612966314, 0.000182150863111, 0.000100226898212, 8.92601819942e-05, 5.75352278247e-05, 9.06972054509e-05, 4.1849896661e-05, 1.52423490363e-05, 8.13346377981e-06, 9.09237314772e-06, 4.39035875388e-06, 4.95306153425e-07, 2.34352341977e-08],
        "min": [2.33795921326e-23, 3.05691773372e-23, 1.25323902321e-23, 1.03041042994e-23, 2.24194726803e-23, 1.34887452401e-23, 5.66696406621e-23, 1.7796354923e-22, 7.15130052269e-23, 3.38160814914e-23, 6.97568620124e-23, 1.44589722095e-22, 1.27438775299e-22, 1.52990573242e-22, 9.46554705046e-23, 1.70403674294e-22, 2.30283038518e-22, 2.06048398473e-22, 1.59009758654e-22, 2.36073201832e-22, 2.71483817337e-22, 5.38444798493e-22, 5.29496919639e-22, 8.04994259314e-22, 1.46675793445e-21, 1.60592986083e-21, 2.30659273421e-21],
        "var": [1.72466343429e-07, 0.00017613406817, 0.000206671815249, 2.38636130234e-05, 5.34373175469e-05, 1.91968465515e-05, 7.60418879509e-06, 1.8985614588e-05, 2.63906204054e-05, 1.57754345764e-06, 5.47543038465e-07, 1.97120883172e-07, 1.18108175684e-07, 2.46826829198e-07, 2.41235215981e-06, 1.6418391624e-06, 9.98872792479e-07, 2.68057192443e-07, 1.77083322228e-07, 7.40760910389e-08, 2.02589642839e-08, 9.06933461664e-09, 7.5575483649e-09, 7.41552641514e-09, 2.55473531219e-09, 2.60054422441e-09, 7.88337867208e-11]
    },
    "erbbands": {
        "dmean": [0.0960121303797, 1.77093398571, 7.36959409714, 7.61927127838, 10.5437965393, 14.5744981766, 11.1339464188, 13.4818992615, 7.84871292114, 11.5367250443, 11.9834260941, 22.1779956818, 18.412979126, 8.94111347198, 6.17945432663, 7.02862119675, 6.07274675369, 6.08382081985, 18.8670597076, 22.9157657623, 17.9694480896, 11.3488616943, 8.43465042114, 5.93410587311, 8.75689601898, 4.30278682709, 2.72593283653, 1.85004544258, 1.31721949577, 0.963460803032, 0.799433588982, 0.548895299435, 0.427374094725, 0.232380375266, 0.0881014615297, 0.0790453478694, 0.0279707144946, 0.00404173182324, 0.000538189080544, 4.23047204094e-05],
        "dmean2": [0.158035665751, 2.98325705528, 12.4541091919, 13.1388454437, 18.2011318207, 24.6797084808, 17.1600475311, 22.6335201263, 11.6333446503, 17.2665958405, 17.6096458435, 32.8386611938, 27.0633506775, 13.0881090164, 9.74073410034, 11.6341514587, 9.46332263947, 9.28043842316, 29.017868042, 35.0464744568, 27.8145637512, 17.1888046265, 12.9080524445, 8.9693441391, 13.8724069595, 6.86648702621, 4.34639310837, 3.01140713692, 2.09831428528, 1.48547160625, 1.28002536297, 0.870320618153, 0.693955242634, 0.384239882231, 0.142055675387, 0.133067727089, 0.048461381346, 0.0071764071472, 0.000954931601882, 7.0699279604e-05],
        "dvar": [0.0339921489358, 16.5517082214, 345.182769775, 312.659362793, 283.736175537, 936.250244141, 265.985626221, 369.039978027, 223.627670288, 1067.53979492, 867.305725098, 2319.58544922, 1764.13415527, 294.566040039, 145.254608154, 380.927429199, 202.139022827, 102.450050354, 988.07232666, 1555.14953613, 1315.38574219, 615.135803223, 275.350830078, 200.54524231, 388.66708374, 54.3604049683, 27.124786377, 28.9111614227, 16.1343536377, 6.97240495682, 5.77276611328, 2.42677688599, 1.65537750721, 0.571723043919, 0.0441977865994, 0.0913084596395, 0.0116591881961, 0.000227549462579, 4.45060277343e-06, 1.06585531512e-08],
        "dvar2": [0.0909269377589, 43.7002944946, 935.770568848, 879.245849609, 818.274902344, 2596.76855469, 563.566223145, 1033.35827637, 405.86541748, 2220.76245117, 1732.76843262, 4833.06298828, 3474.23046875, 593.365356445, 374.057861328, 1078.70336914, 518.176086426, 231.429901123, 2252.40576172, 3574.00585938, 3099.18505859, 1312.23303223, 604.312866211, 417.6668396, 961.53112793, 136.268493652, 66.0975341797, 76.374420166, 41.582359314, 15.9120378494, 14.6109666824, 6.21447181702, 4.63638544083, 1.65204465389, 0.112453646958, 0.245239272714, 0.032658688724, 0.000646233092993, 1.26470431496e-05, 2.89113817331e-08],
        "max": [2.23990774155, 38.9482269287, 162.634231567, 214.665344238, 201.205825806, 624.836242676, 343.32901001, 360.652435303, 321.5206604, 862.527160645, 646.053344727, 1034.85986328, 1015.62451172, 414.453796387, 221.761993408, 421.970581055, 229.135269165, 175.274688721, 597.091430664, 912.801696777, 843.760070801, 899.114379883, 294.599761963, 445.593719482, 411.761016846, 133.975128174, 145.117721558, 87.8351974487, 74.3501739502, 50.152256012, 39.4888114929, 34.2244567871, 30.758026123, 26.0611724854, 4.51434135437, 6.23480224609, 2.98963809013, 0.442039996386, 0.0674665048718, 0.00250030984171],
        "mean": [0.183842763305, 2.44608187675, 9.26899147034, 11.5426340103, 18.1623382568, 29.760187149, 33.7221832275, 33.8712348938, 20.3952903748, 29.2002468109, 32.1903190613, 62.501991272, 47.9908027649, 19.879327774, 12.2567052841, 11.343419075, 10.0170116425, 11.8089971542, 35.5333824158, 44.0636177063, 37.0761833191, 24.2436504364, 16.7761096954, 11.4854774475, 14.8862876892, 8.44596290588, 4.79426670074, 2.61556696892, 1.75332593918, 1.39350318909, 1.00499367714, 0.787678301334, 0.542933046818, 0.286578595638, 0.0976216495037, 0.0658923760056, 0.0211970098317, 0.00298168254085, 0.000398653675802, 6.84699916746e-05],
        "median": [0.148801729083, 1.64805340767, 5.41835975647, 7.95875120163, 12.8131256104, 19.5471229553, 23.1115703583, 22.978969574, 8.49363136292, 3.97196769714, 7.86075305939, 27.3892478943, 22.5239810944, 10.0768938065, 7.18973636627, 6.0661315918, 4.84728908539, 6.6999168396, 17.5183410645, 19.70885849, 12.2351236343, 7.26102542877, 5.60327911377, 3.4764790535, 3.79451370239, 4.66627502441, 2.41193199158, 1.23848927021, 0.647206068039, 0.377222657204, 0.200640588999, 0.202462315559, 0.138659209013, 0.0696106106043, 0.0167314708233, 0.00364893605001, 0.000706612307113, 7.14045308996e-05, 2.96173202514e-05, 4.88835648866e-05],
        "min": [6.54996788429e-22, 7.30435135228e-21, 1.37512120618e-20, 2.92814795949e-20, 6.19028236975e-20, 5.28889945573e-20, 1.51459187077e-19, 8.86299210932e-20, 6.53420364743e-19, 1.62990087401e-18, 3.7805466852e-18, 1.66453833838e-18, 1.1182703298e-18, 2.3944591579e-18, 3.50970293723e-18, 5.6719294838e-18, 3.84945537972e-18, 8.10959435305e-18, 7.422720116e-18, 6.32196440509e-18, 1.08078666102e-17, 1.0983750851e-17, 1.11824975368e-17, 8.81810763492e-18, 8.38539539443e-18, 1.00358167583e-17, 1.30939415332e-17, 9.44786339632e-18, 1.82178506263e-17, 2.00333085844e-17, 1.42894011524e-17, 1.54226452091e-17, 1.42231439854e-17, 1.46448257724e-17, 1.14168444218e-17, 5.78496619605e-18, 3.50693395013e-18, 1.42675958443e-18, 3.35582082182e-19, 3.01784471093e-20],
        "var": [0.0387892015278, 14.2522687912, 261.069396973, 250.488327026, 347.309051514, 1138.41589355, 1276.18896484, 1235.78710938, 1167.25317383, 5483.55371094, 4947.20458984, 10798.5107422, 7001.28125, 1015.14038086, 262.26574707, 347.022338867, 282.986358643, 229.457809448, 2445.44848633, 4300.35546875, 3986.29370117, 2151.02685547, 731.654663086, 490.373016357, 716.580444336, 113.550788879, 47.2278671265, 27.4271583557, 15.4412546158, 9.40643405914, 5.80377864838, 3.24338650703, 1.81144893169, 0.560343801975, 0.0464861616492, 0.0683797895908, 0.00760382879525, 0.000138084214996, 2.65112521447e-06, 7.87390863621e-09]
    },
    "gfcc": {
        "mean": [-24.1894950867, 138.162231445, -119.841278076, 35.6037712097, -44.0298576355, -1.62477135658, -34.9921417236, 0.511164903641, -17.4345340729, -8.82870674133, -18.2858772278, -10.9806556702, 5.34412574768],
        "cov": [[14012.0654297, 1197.41271973, 529.020019531, 981.222167969, -422.457672119, 723.773864746, -509.701080322, 589.650695801, -242.818389893, 317.742034912, -256.580932617, 120.742729187, -259.038116455], [1197.41271973, 2978.2980957, -517.849121094, -73.5980300903, 562.991333008, -465.972839355, 271.672241211, -287.567871094, 165.070541382, -231.462585449, 77.0753326416, -139.958816528, 357.517730713], [529.020019531, -517.849121094, 1064.66003418, 13.633649826, -59.8125457764, 472.81463623, -85.0936737061, 135.659088135, -51.3630981445, 99.7793273926, -66.7471694946, 99.1549987793, -92.1423492432], [981.222167969, -73.5980300903, 13.633649826, 396.536987305, -19.446023941, 101.147415161, -9.18528175354, 102.347808838, 0.975364565849, 24.7523994446, 19.9669151306, -28.5320968628, -3.6896071434], [-422.457672119, 562.991333008, -59.8125457764, -19.446023941, 432.555511475, -160.24810791, 145.400543213, -53.5186233521, 45.7839775085, -33.6452484131, 12.8454742432, 10.5131664276, 63.6543121338], [723.773864746, -465.972839355, 472.81463623, 101.147415161, -160.24810791, 421.933135986, -102.53742981, 131.064407349, -26.1749801636, 70.8969192505, -0.485153257847, 38.1154785156, -57.5632209778], [-509.701080322, 271.672241211, -85.0936737061, -9.18528175354, 145.400543213, -102.53742981, 188.607803345, -21.6675624847, 49.1594314575, -44.5567779541, -2.3093214035, -18.3349990845, 41.8150787354], [589.650695801, -287.567871094, 135.659088135, 102.347808838, -53.5186233521, 131.064407349, -21.6675624847, 194.50718689, 7.21831989288, 48.2979698181, -26.2242221832, -1.79209220409, -46.4136238098], [-242.818389893, 165.070541382, -51.3630981445, 0.975364565849, 45.7839775085, -26.1749801636, 49.1594314575, 7.21831989288, 118.877624512, 11.2052173615, 22.3440876007, -35.2282295227, 15.0411014557], [317.742034912, -231.462585449, 99.7793273926, 24.7523994446, -33.6452484131, 70.8969192505, -44.5567779541, 48.2979698181, 11.2052173615, 123.29447937, 21.2547683716, 16.118265152, -71.4743804932], [-256.580932617, 77.0753326416, -66.7471694946, 19.9669151306, 12.8454742432, -0.485153257847, -2.3093214035, -26.2242221832, 22.3440876007, 21.2547683716, 113.601348877, 3.24040937424, 7.66562366486], [120.742729187, -139.958816528, 99.1549987793, -28.5320968628, 10.5131664276, 38.1154785156, -18.3349990845, -1.79209220409, -35.2282295227, 16.118265152, 3.24040937424, 103.368743896, -11.1937856674], [-259.038116455, 357.517730713, -92.1423492432, -3.6896071434, 63.6543121338, -57.5632209778, 41.8150787354, -46.4136238098, 15.0411014557, -71.4743804932, 7.66562366486, -11.1937856674, 146.929229736]],
        "icov": [[0.000433013192378, -0.000933447503485, 0.000389196706237, -0.00088922836585, 0.000627366011031, -0.000703773112036, 0.000736225803848, -0.000971183064394, 0.000894832599442, -0.00120308017358, 0.00171640957706, -0.00149814970791, 0.00131211522967], [-0.000933447503485, 0.00275321607478, -0.000903103791643, 0.00188039743807, -0.00198825239204, 0.00174167775549, -0.00151025434025, 0.00257920939475, -0.00238152267411, 0.00295972381718, -0.00397710781544, 0.00397142022848, -0.0038822197821], [0.000389196706237, -0.000903103791643, 0.00287914206274, -0.000304858549498, -0.000214844869333, -0.00380495027639, 0.000391544977902, -0.000591251475271, 0.00110438326374, -0.00188193644863, 0.0032079089433, -0.00229510269128, 0.00161500624381], [-0.00088922836585, 0.00188039743807, -0.000304858549498, 0.00513868127018, -0.00162848550826, 0.000346713379258, -0.00171927164774, 0.000348990433849, -0.000982629833743, 0.00211805826984, -0.00424837274477, 0.00416733371094, -0.00309442356229], [0.000627366011031, -0.00198825239204, -0.000214844869333, -0.00162848550826, 0.00528804538772, 0.00070642051287, -0.00113037414849, -0.00172513572033, 0.00113024178427, -0.00246688374318, 0.00213492801413, -0.003797568148, 0.00181449600495], [-0.000703773112036, 0.00174167775549, -0.00380495027639, 0.000346713379258, 0.00070642051287, 0.00900404527783, 8.274364518e-05, -0.000601536652539, -0.00196721847169, 0.0023727028165, -0.00516433175653, 0.00232977489941, -0.00304570747539], [0.000736225803848, -0.00151025434025, 0.000391544977902, -0.00171927164774, -0.00113037414849, 8.274364518e-05, 0.0100511163473, -0.0022600220982, -0.00141211983282, 0.000664034800138, 0.00309977587312, -0.00236534094438, 0.00224858126603], [-0.000971183064394, 0.00257920939475, -0.000591251475271, 0.000348990433849, -0.00172513572033, -0.000601536652539, -0.0022600220982, 0.0109521206468, -0.00343306222931, 0.00106597563718, -0.00114368728828, 0.00390435475856, -0.00250843935646], [0.000894832599442, -0.00238152267411, 0.00110438326374, -0.000982629833743, 0.00113024178427, -0.00196721847169, -0.00141211983282, -0.00343306222931, 0.0141313709319, -0.00581523682922, 0.0016736072721, 0.000562868197449, 0.00177752005402], [-0.00120308017358, 0.00295972381718, -0.00188193644863, 0.00211805826984, -0.00246688374318, 0.0023727028165, 0.000664034800138, 0.00106597563718, -0.00581523682922, 0.0182498022914, -0.00813195295632, 0.00293899839744, 0.00181736901868], [0.00171640957706, -0.00397710781544, 0.0032079089433, -0.00424837274477, 0.00213492801413, -0.00516433175653, 0.00309977587312, -0.00114368728828, 0.0016736072721, -0.00813195295632, 0.0186360608786, -0.00765563733876, 0.0047341613099], [-0.00149814970791, 0.00397142022848, -0.00229510269128, 0.00416733371094, -0.003797568148, 0.00232977489941, -0.00236534094438, 0.00390435475856, 0.000562868197449, 0.00293899839744, -0.00765563733876, 0.0186541117728, -0.0059823077172], [0.00131211522967, -0.0038822197821, 0.00161500624381, -0.00309442356229, 0.00181449600495, -0.00304570747539, 0.00224858126603, -0.00250843935646, 0.00177752005402, 0.00181736901868, 0.0047341613099, -0.0059823077172, 0.0160885378718]]
    },
    "melbands": {
        "dmean": [0.00128963240422, 0.00337311229669, 0.00136205088347, 0.000919791869819, 0.000417726725573, 0.000286688184133, 0.000117599163787, 0.000133142311824, 9.41506586969e-05, 0.000158777911565, 9.26459615584e-05, 3.65529340343e-05, 2.45843548328e-05, 1.82216263056e-05, 1.79718736035e-05, 1.14373342512e-05, 1.23349736896e-05, 2.57265674009e-05, 4.68823272968e-05, 2.619053339e-05, 2.06257536775e-05, 1.39537323776e-05, 8.05571289675e-06, 8.98577036423e-06, 4.54987321064e-06, 5.95479332333e-06, 6.09697235632e-06, 2.63001402345e-06, 2.16651983465e-06, 1.20066351883e-06, 1.06631966901e-06, 7.77311299771e-07, 6.0346957298e-07, 5.55291649107e-07, 5.2811282103e-07, 3.57522566219e-07, 3.24871649582e-07, 2.74821616131e-07, 3.4194263776e-07, 1.54634250293e-07],
        "dmean2": [0.00215019797906, 0.00564534962177, 0.00233431300148, 0.00157968082931, 0.000667049258482, 0.000473056890769, 0.000173027045093, 0.000199262183742, 0.000137564784382, 0.000233845494222, 0.000136396876769, 5.37540363439e-05, 3.76663992938e-05, 3.06384026771e-05, 2.88523315248e-05, 1.76142057171e-05, 1.89379697986e-05, 3.97149924538e-05, 7.24069250282e-05, 3.99950440624e-05, 3.19990358548e-05, 2.09895843e-05, 1.23433901535e-05, 1.36051212394e-05, 6.91522382112e-06, 9.40889003687e-06, 9.60732540989e-06, 4.26683845944e-06, 3.45919670508e-06, 1.99052897187e-06, 1.75187790319e-06, 1.27295857055e-06, 9.38517416671e-07, 8.67035510055e-07, 8.5595092969e-07, 5.79003085477e-07, 5.19856200754e-07, 4.45380891279e-07, 5.77456034989e-07, 2.55635569602e-07],
        "dvar": [7.17946704754e-06, 6.68599750497e-05, 8.30875342217e-06, 2.82378573502e-06, 3.99306827603e-07, 1.53976870365e-07, 4.88637077467e-08, 1.45842591337e-07, 4.60716442774e-08, 1.25532821471e-07, 4.67646614766e-08, 5.37728661598e-09, 2.07803663166e-09, 2.59704835415e-09, 1.94141436261e-09, 6.91510126938e-10, 4.27823609872e-10, 2.2951520684e-09, 9.68953894898e-09, 3.54302320815e-09, 1.81921933073e-09, 1.0224602276e-09, 4.11852663085e-10, 4.64569882563e-10, 1.56176280242e-10, 1.72867636872e-10, 1.8955348402e-10, 2.27872217623e-11, 1.99516410337e-11, 8.82873028157e-12, 1.0673874111e-11, 5.69099281589e-12, 3.03075078055e-12, 2.33148743367e-12, 2.65938963559e-12, 1.02393549369e-12, 9.00553774347e-13, 5.39957022237e-13, 1.85355767193e-12, 2.05550027411e-13],
        "dvar2": [1.88922240341e-05, 0.000179032213055, 2.31811882259e-05, 7.93159506429e-06, 9.88899842014e-07, 4.19732259616e-07, 8.75781793752e-08, 2.96303880987e-07, 9.26998993123e-08, 2.62055152689e-07, 9.07974140318e-08, 1.05602318001e-08, 4.78988537722e-09, 7.38446193083e-09, 5.39710676151e-09, 1.73375247492e-09, 9.81093761787e-10, 5.08068165317e-09, 2.19357545461e-08, 7.54714246654e-09, 4.2757499763e-09, 2.10237849352e-09, 9.14622488857e-10, 9.76237202188e-10, 3.22419868581e-10, 4.12807593664e-10, 4.63581201204e-10, 5.75263794933e-11, 4.82495189635e-11, 2.32606139211e-11, 2.82677093538e-11, 1.49933589849e-11, 7.36207969587e-12, 5.22194223626e-12, 6.71734369517e-12, 2.66418007447e-12, 2.32078484035e-12, 1.44451323732e-12, 5.64765465297e-12, 5.66142456266e-13],
        "max": [0.0253770556301, 0.0705996677279, 0.0341618172824, 0.0307413097471, 0.0114049240947, 0.00718721235171, 0.00489088799804, 0.00963353551924, 0.00424592150375, 0.00700306612998, 0.00521317357197, 0.00195394526236, 0.000809152319562, 0.00114648148883, 0.000852627039421, 0.000666424748488, 0.000400603894377, 0.000963501282968, 0.00293848291039, 0.00181538553443, 0.00091445579892, 0.000860304979142, 0.000529234530404, 0.000530128600076, 0.000411598681239, 0.000224642135436, 0.000255936873145, 0.000111156208732, 0.000143272714922, 4.67028730782e-05, 6.33521267446e-05, 3.85446837754e-05, 2.9201108191e-05, 2.8548465707e-05, 2.65789476543e-05, 1.98060424736e-05, 2.74795675068e-05, 1.7192962332e-05, 3.68180008081e-05, 1.52699522005e-05],
        "mean": [0.0021369154565, 0.00441541569307, 0.00215509883128, 0.00181004568003, 0.00118606025353, 0.000770211394411, 0.000304038956529, 0.000332366122166, 0.000253312871791, 0.000444993464043, 0.000234136692598, 7.63553398428e-05, 4.86662102048e-05, 2.78931584035e-05, 2.87238271994e-05, 1.78572827281e-05, 2.21868886001e-05, 4.66393285024e-05, 8.0747406173e-05, 4.93363841088e-05, 4.00770331908e-05, 2.74061731034e-05, 1.52956563397e-05, 1.55286470545e-05, 7.92781884229e-06, 9.81469565886e-06, 9.7201891549e-06, 4.7920580073e-06, 3.67349321095e-06, 1.62442790952e-06, 1.4094658809e-06, 9.94018364509e-07, 7.81781693604e-07, 8.03079842626e-07, 6.28663372026e-07, 4.45172531727e-07, 4.80498272282e-07, 3.39304278896e-07, 4.11513241261e-07, 1.82443699259e-07],
        "median": [0.00171766674612, 0.00271778530441, 0.00156187545508, 0.00131187913939, 0.000884007895365, 0.000536136620212, 0.0001145213173, 3.07293084916e-05, 5.82244392717e-05, 0.000187393336091, 0.000106418294308, 3.33854331984e-05, 2.53235048149e-05, 1.43065253724e-05, 1.33236853799e-05, 7.605447081e-06, 1.1063157217e-05, 2.2029318643e-05, 3.15603938361e-05, 1.49289953697e-05, 1.23536246974e-05, 6.04568958806e-06, 3.80650590159e-06, 4.48032096756e-06, 2.02062574317e-06, 2.25779331231e-06, 2.94469032269e-06, 2.55100667346e-06, 1.50402047439e-06, 7.88656166151e-07, 5.69868234379e-07, 3.56090623654e-07, 2.36966883449e-07, 1.97362822973e-07, 1.10155866651e-07, 9.89319346445e-08, 1.2307009456e-07, 8.59841122747e-08, 9.68444737737e-08, 3.98898905019e-08],
        "min": [8.59502531537e-24, 9.41768417721e-24, 6.33780909231e-24, 3.90973545795e-24, 4.86373847722e-24, 2.01949851129e-24, 1.09135522024e-23, 2.45192594824e-23, 2.73183383448e-23, 9.97352740394e-24, 5.18481827628e-24, 9.15181833063e-24, 9.49383765356e-24, 1.87347049697e-23, 8.75382695989e-24, 1.19132125187e-23, 1.58742558844e-23, 1.29402313201e-23, 7.68634353839e-24, 1.13333248116e-23, 1.40697286751e-23, 1.45632353242e-23, 6.11506672154e-24, 1.16129878354e-23, 6.45822437076e-24, 6.23422731672e-24, 6.40114594553e-24, 6.42045528834e-24, 9.46644840293e-24, 5.90848416642e-24, 5.35723408231e-24, 9.49821109841e-24, 1.1948078593e-23, 1.0532856607e-23, 7.87968151335e-24, 8.18645531989e-24, 1.0331788584e-23, 9.68565470469e-24, 9.93058339398e-24, 1.30152835466e-23],
        "var": [6.92913090461e-06, 5.33365709998e-05, 7.03312161932e-06, 3.47939658241e-06, 1.18956359074e-06, 5.72845749502e-07, 2.70937619007e-07, 7.99844087851e-07, 2.79697246697e-07, 5.93752702116e-07, 1.86338056096e-07, 1.86106561273e-08, 5.39060751592e-09, 2.33040786668e-09, 2.06688222093e-09, 9.96858151581e-10, 9.71911662262e-10, 5.2963384789e-09, 2.57778260959e-08, 1.10219842142e-08, 5.50218315354e-09, 3.41788819469e-09, 1.12307696476e-09, 1.03408426266e-09, 3.56340901231e-10, 3.2767905056e-10, 3.26081439628e-10, 4.59133044084e-11, 3.68338762269e-11, 8.59383397778e-12, 9.89473260271e-12, 5.10071845872e-12, 3.42481013167e-12, 3.25093294298e-12, 2.59266328025e-12, 1.07880165304e-12, 1.31004983337e-12, 5.93230813865e-13, 1.68508067742e-12, 1.96318845512e-13]
    },
    "mfcc": {
        "mean": [-661.875366211, 159.358078003, -5.73745012283, 34.7468109131, 11.0684022903, 2.77812337875, -2.58464074135, -1.15125143528, 6.34518861771, 4.33530139923, -13.4619636536, -11.6850423813, -5.90089845657],
        "cov": [[8546.70996094, 359.883728027, 244.659988403, 421.184082031, 92.0478668213, 105.072341919, 9.66625976562, 92.035774231, 89.0204849243, 171.408889771, 110.589546204, 104.931213379, 102.989448547], [359.883728027, 2183.59814453, -501.94128418, 205.115966797, 156.701522827, 17.0256996155, 24.1071434021, -10.8942251205, 95.8522567749, -46.3179092407, -117.872268677, -106.687477112, -61.7653884888], [244.659988403, -501.94128418, 912.891296387, -230.058883667, 106.303756714, 175.01210022, 52.7363319397, 84.4208602905, 17.2523269653, 65.9185791016, 25.000087738, 11.993730545, -5.36365938187], [421.184082031, 205.115966797, -230.058883667, 342.56930542, 22.5632648468, -5.89396190643, 41.2854042053, 16.7221660614, 52.1534042358, 27.3883552551, 19.038110733, 9.43479824066, 13.5915222168], [92.0478668213, 156.701522827, 106.303756714, 22.5632648468, 203.430969238, 57.5596351624, 49.7634391785, 31.1914100647, 24.7127780914, 16.2139892578, -4.39273166656, 8.67780303955, 16.5383205414], [105.072341919, 17.0256996155, 175.01210022, -5.89396190643, 57.5596351624, 149.081253052, 37.4315452576, 30.7964954376, 1.28326284885, 8.15341949463, 14.5398731232, 6.369617939, 8.23684120178], [9.66625976562, 24.1071434021, 52.7363319397, 41.2854042053, 49.7634391785, 37.4315452576, 112.205657959, 39.9319038391, 21.4547786713, 5.02563524246, -3.96304559708, -1.77383422852, 5.05804729462], [92.035774231, -10.8942251205, 84.4208602905, 16.7221660614, 31.1914100647, 30.7964954376, 39.9319038391, 112.493179321, 46.8395805359, 10.7260246277, -6.38061380386, -6.52575731277, -4.52287006378], [89.0204849243, 95.8522567749, 17.2523269653, 52.1534042358, 24.7127780914, 1.28326284885, 21.4547786713, 46.8395805359, 116.838752747, 47.0605621338, -6.59114217758, -18.2946491241, -17.5669326782], [171.408889771, -46.3179092407, 65.9185791016, 27.3883552551, 16.2139892578, 8.15341949463, 5.02563524246, 10.7260246277, 47.0605621338, 96.9152832031, 43.9171562195, 14.1278352737, 7.25810813904], [110.589546204, -117.872268677, 25.000087738, 19.038110733, -4.39273166656, 14.5398731232, -3.96304559708, -6.38061380386, -6.59114217758, 43.9171562195, 113.707382202, 68.8136978149, 23.2841758728], [104.931213379, -106.687477112, 11.993730545, 9.43479824066, 8.67780303955, 6.369617939, -1.77383422852, -6.52575731277, -18.2946491241, 14.1278352737, 68.8136978149, 107.512748718, 43.5948944092], [102.989448547, -61.7653884888, -5.36365938187, 13.5915222168, 16.5383205414, 8.23684120178, 5.05804729462, -4.52287006378, -17.5669326782, 7.25810813904, 23.2841758728, 43.5948944092, 78.1492843628]],
