{
"lowlevel": {
    "average_loudness": 0.965236485004,
    "barkbands_crest": {
        "dmean": 2.94732093811,
        "dmean2": 4.60484838486,
        "dvar": 9.03334903717,
        "dvar2": 16.7386322021,
        "max": 25.9440841675,
        "mean": 13.0502243042,
        "median": 11.6819343567,
        "min": 2.42520809174,
        "var": 34.2558860779
    },
    "barkbands_flatness_db": {
        "dmean": 0.03688044101,
        "dmean2": 0.0536900237203,
        "dvar": 0.00148036365863,
        "dvar2": 0.00320151075721,
        "max": 0.473957508802,
        "mean": 0.158786952496,
        "median": 0.153433084488,
        "min": 0.0241840593517,
        "var": 0.00409438833594
    },
    "barkbands_kurtosis": {
        "dmean": 4.76713180542,
        "dmean2": 7.11056995392,
        "dvar": 35.4889450073,
        "dvar2": 80.0899124146,
        "max": 166.259002686,
        "mean": 8.27325820923,
        "median": 5.84779024124,
        "min": -1.87994253635,
        "var": 83.9452514648
    },
    "barkbands_skewness": {
        "dmean": 0.701368272305,
        "dmean2": 1.05073022842,
        "dvar": 0.461507588625,
        "dvar2": 1.02187132835,
        "max": 10.8239049911,
        "mean": 2.28348064423,
        "median": 2.14138936996,
        "min": -2.94105648994,
        "var": 1.59051012993
    },
    "barkbands_spread": {
        "dmean": 11.2412118912,
        "dmean2": 17.8346843719,
        "dvar": 263.001495361,
        "dvar2": 625.395202637,
        "max": 115.390319824,
        "mean": 20.6198558807,
        "median": 13.407371521,
        "min": 0.474583476782,
        "var": 356.283599854
    },
    "dissonance": {
        "dmean": 0.0286701135337,
        "dmean2": 0.0478289835155,
        "dvar": 0.000637932156678,
        "dvar2": 0.00171904405579,
        "max": 0.499999910593,
        "mean": 0.435048192739,
        "median": 0.440744370222,
        "min": 0.204404458404,
        "var": 0.00135732372291
    },
    "dynamic_complexity": 1.81979942322,
    "erbbands_crest": {
        "dmean": 3.13194608688,
        "dmean2": 4.9440164566,
        "dvar": 8.08609771729,
        "dvar2": 19.138841629,
        "max": 32.8488349915,
        "mean": 10.4362325668,
        "median": 9.36628723145,
        "min": 2.51324892044,
        "var": 22.286813736
    },
    "erbbands_flatness_db": {
        "dmean": 0.0295187141746,
        "dmean2": 0.0432807095349,
        "dvar": 0.000962133985013,
        "dvar2": 0.00197524344549,
        "max": 0.524125814438,
        "mean": 0.139078080654,
        "median": 0.127073600888,
        "min": 0.0372827798128,
        "var": 0.00353208952583
    },
    "erbbands_kurtosis": {
        "dmean": 1.77860736847,
        "dmean2": 2.75862336159,
        "dvar": 4.7783575058,
        "dvar2": 11.5927619934,
        "max": 41.6334915161,
        "mean": 1.90182447433,
        "median": 1.29833579063,
        "min": -1.8449640274,
        "var": 8.85803890228
    },
    "erbbands_skewness": {
        "dmean": 0.485792130232,
        "dmean2": 0.775271236897,
        "dvar": 0.20521491766,
        "dvar2": 0.558853983879,
        "max": 5.67449998856,
        "mean": 0.870460152626,
        "median": 0.863945007324,
        "min": -3.37208247185,
        "var": 0.525047063828
    },
    "erbbands_spread": {
        "dmean": 16.8132228851,
        "dmean2": 25.0307750702,
        "dvar": 394.593536377,
        "dvar2": 868.82800293,
        "max": 146.209030151,
        "mean": 42.5173683167,
        "median": 32.3631896973,
        "min": 0.801047742367,
        "var": 845.293701172
    },
    "hfc": {
        "dmean": 26.6377887726,
        "dmean2": 43.6235275269,
        "dvar": 1865.9786377,
        "dvar2": 4857.59765625,
        "max": 444.720306396,
        "mean": 39.0942382812,
        "median": 22.0044784546,
        "min": 1.26582999153e-16,
        "var": 1974.57324219
    },
    "melbands_crest": {
        "dmean": 4.11125516891,
        "dmean2": 6.14783287048,
        "dvar": 15.745724678,
        "dvar2": 32.6218185425,
        "max": 34.9983673096,
        "mean": 18.6954879761,
        "median": 18.1833724976,
        "min": 1.92376029491,
        "var": 59.0163993835
    },
    "melbands_flatness_db": {
        "dmean": 0.0425140485168,
        "dmean2": 0.0625317916274,
        "dvar": 0.00212713400833,
        "dvar2": 0.0045112548396,
        "max": 0.544782459736,
        "mean": 0.244647249579,
        "median": 0.240692347288,
        "min": 0.00627944711596,
        "var": 0.00614082254469
    },
    "melbands_kurtosis": {
        "dmean": 10.4320926666,
        "dmean2": 15.4874715805,
        "dvar": 206.327270508,
        "dvar2": 414.336517334,
        "max": 289.579467773,
        "mean": 21.8631057739,
        "median": 14.1608419418,
        "min": -1.88142645359,
        "var": 572.519958496
    },
    "melbands_skewness": {
        "dmean": 0.902958154678,
        "dmean2": 1.31917905807,
        "dvar": 0.850694000721,
        "dvar2": 1.63649094105,
        "max": 13.2886285782,
        "mean": 3.36273908615,
        "median": 3.10193824768,
        "min": -1.24282515049,
        "var": 3.45852470398
    },
    "melbands_spread": {
        "dmean": 7.48387956619,
        "dmean2": 12.3729810715,
        "dvar": 134.673797607,
        "dvar2": 337.00378418,
        "max": 201.361984253,
        "mean": 15.0134944916,
        "median": 10.8451633453,
        "min": 0.91835129261,
        "var": 215.671386719
    },
    "pitch_salience": {
        "dmean": 0.0912023559213,
        "dmean2": 0.136042833328,
        "dvar": 0.00873948633671,
        "dvar2": 0.0175169762224,
        "max": 0.908677339554,
        "mean": 0.464637517929,
        "median": 0.474992096424,
        "min": 0.0772479996085,
        "var": 0.028618061915
    },
    "silence_rate_20dB": {
        "dmean": 0,
        "dmean2": 0,
        "dvar": 0,
        "dvar2": 0,
        "max": 1,
        "mean": 1,
        "median": 1,
        "min": 1,
        "var": 0
    },
    "silence_rate_30dB": {
        "dmean": 0.0828882455826,
        "dmean2": 0.165787696838,
        "dvar": 0.0760205462575,
        "dvar2": 0.179555758834,
        "max": 1,
        "mean": 0.92455381155,
        "median": 1,
        "min": 0,
        "var": 0.0697519406676
    },
    "silence_rate_60dB": {
        "dmean": 0.00960043258965,
        "dmean2": 0.019202163443,
        "dvar": 0.00950765050948,
        "dvar2": 0.0242400523275,
        "max": 1,
        "mean": 0.0169010274112,
        "median": 0,
        "min": 0,
        "var": 0.0166120696813
    },
    "spectral_centroid": {
        "dmean": 257.679870605,
        "dmean2": 422.638824463,
        "dvar": 122815.953125,
        "dvar2": 304840.40625,
        "max": 11400.2734375,
        "mean": 887.938171387,
        "median": 753.965209961,
        "min": 239.338485718,
        "var": 204251.671875
    },
    "spectral_complexity": {
        "dmean": 3.91373133659,
        "dmean2": 6.6465177536,
        "dvar": 26.3531246185,
        "dvar2": 67.9462966919,
        "max": 45,
        "mean": 15.4546375275,
        "median": 14,
        "min": 0,
        "var": 32.762134552
    },
    "spectral_decrease": {
        "dmean": 3.80632414476e-09,
        "dmean2": 5.76897507543e-09,
        "dvar": 1.67954076839e-17,
        "dvar2": 3.12015140946e-17,
        "max": 5.72588541931e-29,
        "mean": -1.4781883273e-08,
        "median": -1.51029020401e-08,
        "min": -3.8745596953e-08,
        "var": 7.85645491717e-17
    },
    "spectral_energy": {
        "dmean": 0.0153176346794,
        "dmean2": 0.0236115157604,
        "dvar": 0.000270901859039,
        "dvar2": 0.00053666671738,
        "max": 0.153805524111,
        "mean": 0.0593359433115,
        "median": 0.062219299376,
        "min": 1.12653364116e-20,
        "var": 0.00117736123502
    },
    "spectral_energyband_high": {
        "dmean": 0.00240242294967,
        "dmean2": 0.00396839203313,
        "dvar": 1.65879937413e-05,
        "dvar2": 4.28890198236e-05,
        "max": 0.0360874459147,
        "mean": 0.00259804865345,
        "median": 0.000603450811468,
        "min": 8.410425925e-21,
        "var": 1.86914130609e-05
    },
    "spectral_energyband_low": {
        "dmean": 0.0119877187535,
        "dmean2": 0.0167083498091,
        "dvar": 0.000201337985345,
        "dvar2": 0.000316708086757,
        "max": 0.13094560802,
        "mean": 0.0360088422894,
        "median": 0.0277686417103,
        "min": 1.04298891174e-22,
        "var": 0.0010501089273
    },
    "spectral_energyband_middle_high": {
        "dmean": 0.00247043021955,
        "dmean2": 0.00403250660747,
        "dvar": 1.5024136701e-05,
        "dvar2": 3.82740872737e-05,
        "max": 0.0596214234829,
        "mean": 0.00486461026594,
        "median": 0.00328563293442,
        "min": 1.4387344649e-21,
        "var": 2.32493712247e-05
    },
    "spectral_energyband_middle_low": {
        "dmean": 0.00890900753438,
        "dmean2": 0.014003213495,
        "dvar": 0.000176813991857,
        "dvar2": 0.000424037803896,
        "max": 0.12230861187,
        "mean": 0.0181873068213,
        "median": 0.0145988222212,
        "min": 3.14405044993e-22,
        "var": 0.000210889586015
    },
    "spectral_entropy": {
        "dmean": 0.338115215302,
        "dmean2": 0.515716195107,
        "dvar": 0.137860476971,
        "dvar2": 0.318013906479,
        "max": 9.8024520874,
        "mean": 7.57685947418,
        "median": 7.56947898865,
        "min": 4.78198575974,
        "var": 0.323486953974
    },
    "spectral_flux": {
        "dmean": 0.0433736294508,
        "dmean2": 0.065316259861,
        "dvar": 0.0018289021682,
        "dvar2": 0.00352527946234,
        "max": 0.381974220276,
        "mean": 0.120402403176,
        "median": 0.0971314907074,
        "min": 1.0613828566e-10,
        "var": 0.00502261007205
    },
    "spectral_kurtosis": {
        "dmean": 2.47322583199,
        "dmean2": 3.79425621033,
        "dvar": 16.4240913391,
        "dvar2": 43.8336372375,
        "max": 170.867019653,
        "mean": 5.03833627701,
        "median": 3.25426745415,
        "min": -1.17256903648,
        "var": 70.4099960327
    },
    "spectral_rms": {
        "dmean": 0.00103171484079,
        "dmean2": 0.00156324577983,
        "dvar": 1.22541848668e-06,
        "dvar2": 2.18529635276e-06,
        "max": 0.0122496597469,
        "mean": 0.00717507721856,
        "median": 0.00779113313183,
        "min": 3.31520314673e-12,
        "var": 6.40750431558e-06
    },
    "spectral_rolloff": {
        "dmean": 1164.62634277,
        "dmean2": 2137.36108398,
        "dvar": 5976399,
        "dvar2": 15110937,
        "max": 19078.4179688,
        "mean": 1424.49707031,
        "median": 667.529296875,
        "min": 64.599609375,
        "var": 5740193
    },
    "spectral_skewness": {
        "dmean": 0.380168765783,
        "dmean2": 0.567094743252,
        "dvar": 0.18752412498,
        "dvar2": 0.433799594641,
        "max": 10.2611017227,
        "mean": 1.80157244205,
        "median": 1.73107004166,
        "min": -0.19462685287,
        "var": 0.620917856693
    },
    "spectral_spread": {
        "dmean": 1765345.125,
        "dmean2": 2547406.75,
        "dvar": 4.60875418829e+12,
        "dvar2": 9.87522557542e+12,
        "max": 39813976,
        "mean": 7106407,
        "median": 6755089,
        "min": 567295.4375,
        "var": 9.29667167027e+12
    },
    "spectral_strongpeak": {
        "dmean": 0.384991586208,
        "dmean2": 0.646096348763,
        "dvar": 0.402881979942,
        "dvar2": 0.99193495512,
        "max": 21.1100215912,
        "mean": 0.892929077148,
        "median": 0.678325653076,
        "min": 0,
        "var": 0.558268725872
    },
    "zerocrossingrate": {
        "dmean": 0.020509628579,
        "dmean2": 0.0254729948938,
        "dvar": 0.000592437805608,
        "dvar2": 0.0008618941647,
        "max": 0.51025390625,
        "mean": 0.0577390268445,
        "median": 0.042724609375,
        "min": 0.001953125,
        "var": 0.00223389966413
    },
    "barkbands": {
        "dmean": [0.000507114571519, 0.00981979817152, 0.00648440932855, 0.00426559941843, 0.00278562353924, 0.0024558166042, 0.0015028771013, 0.000977010233328, 0.000965874409303, 0.00102023629006, 0.000617072859313, 0.000469054444693, 0.00035633664811, 0.000211412669159, 0.000323316024151, 0.000334800686687, 7.1108006523e-05, 6.79861695971e-05, 4.48046266683e-05, 9.81861812761e-05, 0.000156968642841, 0.000273009121884, 0.000332658004481, 0.000540307722986, 0.000589114555623, 0.000439515395556, 0.000117657742521],
        "dmean2": [0.000539634958841, 0.0132593149319, 0.00941122043878, 0.00757942255586, 0.00484775239602, 0.00386492535472, 0.00228994805366, 0.00155780580826, 0.00148137670476, 0.00145333725959, 0.00100464187562, 0.000772421655711, 0.000572207383811, 0.000354427058483, 0.000594324781559, 0.000634399184491, 0.000122494006064, 0.000122796802316, 7.56982844905e-05, 0.000173424487002, 0.000260003871517, 0.000460295937955, 0.000552433542907, 0.000905323948245, 0.000995766255073, 0.000736533140298, 0.000196199966013],
        "dvar": [6.60654734475e-07, 0.000153837696416, 0.000155385350809, 0.000111725654278, 3.35586955771e-05, 1.18672214739e-05, 3.46058141076e-06, 1.64061657415e-06, 2.85915348286e-06, 3.90573677578e-06, 1.10923531338e-06, 1.27381906623e-06, 6.27588065072e-07, 1.82954778438e-07, 6.38621713733e-07, 8.74958118402e-07, 1.35964421943e-08, 1.71417422479e-08, 4.67458027842e-09, 4.97216561257e-08, 9.02840540107e-08, 2.17511939127e-07, 3.02228897908e-07, 9.68120161815e-07, 1.36723144806e-06, 7.11559039246e-07, 9.81591341542e-08],
        "dvar2": [6.83535461121e-07, 0.000242313864874, 0.000341778737493, 0.000304153218167, 9.29112356971e-05, 2.98387221846e-05, 7.44537237551e-06, 4.03713602282e-06, 7.4848830991e-06, 6.69312248647e-06, 2.70670307145e-06, 3.17734816235e-06, 1.48769129282e-06, 4.74467952927e-07, 1.79983953785e-06, 2.52878840001e-06, 3.60259875265e-08, 4.83514206451e-08, 1.23060894808e-08, 1.36239194148e-07, 2.34388451759e-07, 5.75352885335e-07, 7.77480181569e-07, 2.52281347457e-06, 3.60389276466e-06, 1.86636259514e-06, 2.58171326095e-07],
        "max": [0.00661865295842, 0.102959670126, 0.0941565185785, 0.079087421298, 0.0578644685447, 0.0531941093504, 0.0473169498146, 0.0242378022522, 0.0337773486972, 0.0570205152035, 0.0221205670387, 0.0248737297952, 0.018534284085, 0.00996996834874, 0.0120811741799, 0.00593374762684, 0.00213278783485, 0.00110765895806, 0.00127905362751, 0.00393346929923, 0.00536297215149, 0.00482671195641, 0.00987162534148, 0.0109833618626, 0.00729542132467, 0.0122711770236, 0.00872421357781],
        "mean": [0.00093984673731, 0.0262757148594, 0.00694943033159, 0.00315321795642, 0.00297356070951, 0.00443118298426, 0.00295870797709, 0.0017570698401, 0.00200146739371, 0.00204640510492, 0.000929539033677, 0.000641204009298, 0.000586577167269, 0.000286390451947, 0.000288024893962, 0.000241346526309, 9.81808334473e-05, 7.57762391004e-05, 6.76786585245e-05, 0.000100934252259, 0.000190693463082, 0.000303227134282, 0.000404484278988, 0.000594854587689, 0.000540822278708, 0.000392679183278, 0.000107007464976],
        "median": [5.79937186558e-05, 0.0137353427708, 0.000719539937563, 0.000443309894763, 0.00133048882708, 0.00303780660033, 0.00200440781191, 0.00109117734246, 0.000854634388816, 0.000820349378046, 0.000454213266494, 0.000223051261855, 0.000227620344958, 0.000113890273497, 9.35769930948e-05, 6.6311135015e-05, 6.27056288067e-05, 4.12864028476e-05, 4.624594294e-05, 4.18403433287e-05, 5.34480386705e-05, 7.37065420253e-05, 7.8896919149e-05, 9.35622374527e-05, 9.69797547441e-05, 7.00916716596e-05, 2.69381926046e-05],
        "min": [3.10979697346e-23, 7.32708965572e-23, 1.82072820348e-23, 1.07466213463e-23, 8.93347740928e-23, 5.60872278112e-23, 4.38017447316e-23, 2.05674450005e-23, 6.35617101317e-23, 1.14103857935e-22, 7.19790390062e-23, 4.80466210398e-23, 1.86713480795e-22, 8.08387989416e-23, 1.35606641112e-22, 1.02462549205e-22, 1.72216539763e-22, 2.27723191192e-22, 2.05341314044e-22, 3.02847134637e-22, 4.74986605845e-22, 8.04699061253e-22, 6.79810540732e-22, 7.20525608425e-22, 9.66125649907e-22, 2.04438375017e-21, 2.6951230626e-21],
        "var": [2.6448810786e-06, 0.000824200804345, 0.000189329977729, 7.33959313948e-05, 2.45459668804e-05, 2.14490428334e-05, 9.38181801757e-06, 4.09918447986e-06, 8.19548858999e-06, 1.24353027786e-05, 2.06318782148e-06, 2.06538356906e-06, 1.40712234042e-06, 2.89539514142e-07, 4.79731966152e-07, 4.85192572341e-07, 1.36920599303e-08, 1.19171135182e-08, 5.26382581967e-09, 3.90594969701e-08, 1.10925547858e-07, 2.64145370465e-07, 5.81593212701e-07, 1.34825722853e-06, 1.10305757062e-06, 6.27212500603e-07, 8.18051191231e-08]
    },
    "erbbands": {
        "dmean": [0.363112419844, 2.26938319206, 7.4211473465, 11.1178979874, 11.3932275772, 7.4422955513, 14.429567337, 21.9723815918, 19.7251281738, 27.042142868, 15.7623062134, 27.494020462, 22.51811409, 29.8005542755, 24.8988552094, 22.2030830383, 17.2184829712, 11.656414032, 11.7340555191, 21.3182601929, 14.3843660355, 4.08281421661, 4.07441091537, 2.39766788483, 2.67392659187, 4.8754658699, 5.19586992264, 8.28388500214, 9.051820755, 8.75163555145, 9.83989715576, 10.7547883987, 9.51293849945, 6.89384222031, 4.00676345825, 2.13165903091, 0.703098475933, 0.165161550045, 0.0197441503406, 0.000945637293626],
        "dmean2": [0.42773681879, 2.90294361115, 10.7842493057, 18.1785163879, 19.8178329468, 12.8583879471, 21.8953742981, 35.3437995911, 30.1055488586, 42.9989967346, 24.9566116333, 41.9984970093, 32.6211624146, 44.3108291626, 39.9692840576, 36.1422195435, 27.4887943268, 19.1759643555, 20.7631530762, 40.2924957275, 27.1124382019, 7.22337245941, 7.37464380264, 4.03804969788, 4.61672735214, 8.62738800049, 8.75708866119, 13.6535415649, 15.2647132874, 14.5298986435, 16.4573669434, 17.6359996796, 16.1681880951, 11.706943512, 6.86841583252, 3.58733606339, 1.1708394289, 0.279492884874, 0.0327105000615, 0.00156115973368],
        "dvar": [0.288763672113, 8.1182012558, 183.402297974, 627.871887207, 662.338256836, 265.718414307, 497.314941406, 945.264160156, 696.75793457, 1245.23254395, 640.976806641, 2449.54711914, 1470.26831055, 4753.92041016, 1726.79626465, 3105.99414062, 1438.79919434, 491.532714844, 667.33392334, 3480.27587891, 1534.68103027, 52.9183502197, 66.395690918, 12.5933046341, 21.5923366547, 127.340209961, 141.160888672, 232.776901245, 246.642486572, 200.759628296, 282.715332031, 356.946228027, 332.370483398, 183.663986206, 69.1117553711, 16.0004673004, 1.75899910927, 0.223914861679, 0.00232169707306, 4.20109654442e-06],
        "dvar2": [0.30845028162, 13.4409093857, 413.459259033, 1531.19750977, 1757.8482666, 742.022399902, 1146.0168457, 2377.60595703, 1502.45507812, 2979.34960938, 1609.10449219, 6501.55371094, 2778.38720703, 8114.77929688, 4073.1640625, 7734.00878906, 3451.35327148, 1245.43127441, 1778.62683105, 10057.9570312, 4430.95556641, 146.752532959, 187.768600464, 32.7431678772, 58.9378967285, 355.286102295, 350.198883057, 605.245422363, 653.897827148, 502.177612305, 728.228942871, 902.614379883, 880.004150391, 489.652374268, 182.538391113, 42.079990387, 4.51974201202, 0.594767570496, 0.00601051840931, 1.09240072561e-05],
        "max": [4.31025886536, 24.6951904297, 99.0040817261, 176.173049927, 213.259902954, 223.204605103, 361.917663574, 545.669799805, 684.574035645, 519.06640625, 483.392578125, 1017.16149902, 769.28894043, 2140.89648438, 816.479248047, 1276.35083008, 873.133056641, 534.691162109, 733.418945312, 370.810791016, 253.414199829, 121.805267334, 62.8533782959, 53.326751709, 91.5668945312, 228.641220093, 338.511688232, 152.709655762, 188.905563354, 214.903610229, 266.945068359, 350.476654053, 200.696853638, 95.1169967651, 55.9686813354, 30.5676937103, 22.1961326599, 12.5014677048, 1.39223003387, 0.0591596104205],
        "mean": [0.876590013504, 5.32392120361, 8.98598384857, 9.65103721619, 9.63220691681, 8.61524295807, 25.4282798767, 37.446056366, 39.1266746521, 48.9608268738, 32.2823905945, 58.2426834106, 52.6354064941, 51.0158195496, 41.1432189941, 32.6939926147, 29.2488193512, 18.2707996368, 13.3282251358, 15.745223999, 11.0899200439, 5.18553543091, 4.53664922714, 3.60395264626, 3.54369592667, 5.06252527237, 6.61723041534, 9.0297908783, 10.131436348, 10.8753623962, 11.8418140411, 12.1389770508, 9.97522354126, 6.40310049057, 3.60133433342, 1.88197529316, 0.658154547215, 0.148147940636, 0.0181469637901, 0.000957884418312],
        "median": [0.153337463737, 3.15524196625, 2.21230697632, 1.59402966499, 2.33274912834, 3.98797988892, 15.2385749817, 23.652545929, 25.0942649841, 32.2380218506, 21.253200531, 27.0939788818, 22.9509677887, 21.9413394928, 21.9103240967, 13.2450675964, 12.8792982101, 9.14059257507, 5.4676156044, 4.38495016098, 3.64768242836, 3.14718937874, 2.53860068321, 2.43484115601, 2.2217540741, 2.12347579002, 2.09404468536, 2.28289747238, 2.42828178406, 2.43622946739, 2.25795960426, 2.05586099625, 1.5064817667, 1.08755505085, 0.668250322342, 0.307473838329, 0.127765193582, 0.0333283655345, 0.0043816305697, 0.000331383140292],
        "min": [1.57585853361e-21, 1.86151988535e-20, 2.22100676345e-20, 3.6676936329e-20, 2.41639024918e-19, 2.07698266346e-19, 2.49429075885e-19, 5.97015539159e-19, 8.38087919508e-19, 2.43644136572e-19, 8.35260719572e-19, 1.59214173341e-18, 3.14638122396e-18, 2.75220422628e-18, 2.18099961736e-18, 2.69601033175e-18, 7.1946755201e-18, 4.70825166247e-18, 6.43621335053e-18, 6.98049033537e-18, 5.45223031311e-18, 1.03221263022e-17, 9.18699213781e-18, 1.30963519375e-17, 1.10688702176e-17, 1.4058134688e-17, 1.5117964811e-17, 2.79152380175e-17, 2.60364676553e-17, 1.62437079938e-17, 2.12289882337e-17, 1.94687114942e-17, 1.11628495157e-17, 9.99994110793e-18, 7.94884172717e-18, 8.81971236531e-18, 3.29970390679e-18, 1.2613584103e-18, 3.8220774592e-19, 4.08265007966e-20],
        "var": [1.53265440464, 34.066734314, 237.359146118, 532.901550293, 473.248504639, 207.911712646, 971.773986816, 1761.30432129, 1887.46582031, 2702.75073242, 1448.07617188, 6624.64404297, 6845.04443359, 12413.328125, 3485.60791016, 4979.87402344, 3045.91601562, 845.849914551, 791.270874023, 1938.14208984, 854.8515625, 41.9784965515, 44.3634300232, 15.0352487564, 18.7355499268, 95.7724685669, 221.355789185, 235.29826355, 292.72253418, 390.238037109, 532.641174316, 587.165100098, 388.042022705, 153.084014893, 53.1802520752, 13.1789798737, 1.75222420692, 0.183120563626, 0.00206309510395, 3.67293318959e-06]
    },
    "gfcc": {
        "mean": [35.2348136902, 74.0372619629, -76.4334030151, -0.0952535569668, -66.3889541626, 17.8133640289, -29.5419654846, 8.33032417297, -15.1620521545, 8.37438011169, -9.58666992188, 6.34996795654, -8.60648059845],
        "cov": [[6466.81640625, -1913.13916016, 1692.17724609, 955.719299316, 299.575469971, 815.787780762, -42.2583427429, 310.220428467, -159.862731934, 111.456047058, -330.732299805, 93.8190994263, -149.361999512], [-1913.13916016, 2007.27453613, -461.286590576, -2.94802808762, 366.923614502, -51.8407974243, 354.332489014, 56.8036308289, 240.892440796, -18.7015380859, 223.443435669, -61.1063346863, 94.7601928711], [1692.17724609, -461.286590576, 1095.16906738, 410.861816406, 223.775222778, 445.212402344, 139.284103394, 261.775360107, 33.3443450928, 125.8282547, -24.2468338013, 69.604347229, -57.3219299316], [955.719299316, -2.94802808762, 410.861816406, 447.157348633, 168.925430298, 262.574127197, 141.327041626, 131.191207886, 80.253578186, 61.1894989014, 5.06603288651, 22.4209594727, 9.98369216919], [299.575469971, 366.923614502, 223.775222778, 168.925430298, 380.758972168, 173.581954956, 184.483520508, 127.690582275, 98.0736541748, 54.5529022217, 42.0927429199, 18.858297348, 9.20539855957], [815.787780762, -51.8407974243, 445.212402344, 262.574127197, 173.581954956, 424.827972412, 210.826797485, 192.890258789, 92.6519012451, 91.6111221313, 38.7071609497, 33.7675209045, -7.92787504196], [-42.2583427429, 354.332489014, 139.284103394, 141.327041626, 184.483520508, 210.826797485, 296.464080811, 162.195831299, 131.852340698, 68.0633010864, 106.545219421, 25.7828388214, 26.6889705658], [310.220428467, 56.8036308289, 261.775360107, 131.191207886, 127.690582275, 192.890258789, 162.195831299, 207.487380981, 119.674209595, 93.1259155273, 60.1009712219, 50.844291687, 22.0335140228], [-159.862731934, 240.892440796, 33.3443450928, 80.253578186, 98.0736541748, 92.6519012451, 131.852340698, 119.674209595, 173.225967407, 88.3499908447, 95.5045776367, 26.9094257355, 51.4975585938], [111.456047058, -18.7015380859, 125.8282547, 61.1894989014, 54.5529022217, 91.6111221313, 68.0633010864, 93.1259155273, 88.3499908447, 135.572235107, 80.8001708984, 53.4963760376, 21.9557418823], [-330.732299805, 223.443435669, -24.2468338013, 5.06603288651, 42.0927429199, 38.7071609497, 106.545219421, 60.1009712219, 95.5045776367, 80.8001708984, 166.780609131, 64.3732910156, 40.6358909607], [93.8190994263, -61.1063346863, 69.604347229, 22.4209594727, 18.858297348, 33.7675209045, 25.7828388214, 50.844291687, 26.9094257355, 53.4963760376, 64.3732910156, 92.3063049316, 47.9785003662], [-149.361999512, 94.7601928711, -57.3219299316, 9.98369216919, 9.20539855957, -7.92787504196, 26.6889705658, 22.0335140228, 51.4975585938, 21.9557418823, 40.6358909607, 47.9785003662, 102.443977356]],
        "icov": [[0.000534194579814, 0.000391197216231, -4.88123914693e-05, -0.000786216522101, -0.000495518557727, -0.000434711109847, 0.000492410501465, -0.000425643287599, 0.000545870629139, 5.89186565776e-05, 0.000313991302392, -0.000166918456671, 0.000107043255412], [0.000391197216231, 0.0017087594606, 0.000375727948267, -0.000678961107042, -0.001695487299, 0.000336105906172, -0.000509889912792, -0.000476388056995, 5.6317239796e-05, 0.00123574631289, -0.00188568851445, 0.00232087797485, -0.000952293630689], [-4.88123914693e-05, 0.000375727948267, 0.00297517562285, -0.00133607140742, -0.000867957423907, -0.00123051833361, 0.00108962215018, -0.00300275790505, 0.00208958610892, -0.000641620485112, -0.000290228665108, -0.000209146528505, 0.00102113175672], [-0.000786216522101, -0.000678961107042, -0.00133607140742, 0.00568045768887, 0.00040358514525, -0.000749617523979, -0.0015085299965, 0.00261581479572, -0.00297573511489, 0.000109114938823, 0.00107230478898, -0.000337512843544, -0.000878102786373], [-0.000495518557727, -0.001695487299, -0.000867957423907, 0.00040358514525, 0.00598196918145, 0.000109106404125, -0.00216529844329, 0.00120331335347, -0.00181167176925, -0.00100454967469, 0.00291301310062, -0.0030911215581, 0.00151529198047], [-0.000434711109847, 0.000336105906172, -0.00123051833361, -0.000749617523979, 0.000109106404125, 0.00765308365226, -0.0041722021997, -0.00120788067579, -0.000129719788674, -0.000703156518284, -0.000318203237839, 0.00142837211024, 4.21824224759e-05], [0.000492410501465, -0.000509889912792, 0.00108962215018, -0.0015085299965, -0.00216529844329, -0.0041722021997, 0.0128970788792, -0.00708760833368, 0.00189168774523, 0.00210712663829, -0.00556354550645, 0.00353621551767, -0.000869431241881], [-0.000425643287599, -0.000476388056995, -0.00300275790505, 0.00261581479572, 0.00120331335347, -0.00120788067579, -0.00708760833368, 0.021606285125, -0.0122691122815, -0.00181711814366, 0.00691262399778, -0.00990449357778, 0.00333647336811], [0.000545870629139, 5.6317239796e-05, 0.00208958610892, -0.00297573511489, -0.00181167176925, -0.000129719788674, 0.00189168774523, -0.0122691122815, 0.0239279326051, -0.00718439556658, -0.00779443746433, 0.0124318990856, -0.00871739443392], [5.89186565776e-05, 0.00123574631289, -0.000641620485112, 0.000109114938823, -0.00100454967469, -0.000703156518284, 0.00210712663829, -0.00181711814366, -0.00718439556658, 0.0182904675603, -0.00584174972028, -0.00341082480736, 0.00205707130954], [0.000313991302392, -0.00188568851445, -0.000290228665108, 0.00107230478898, 0.00291301310062, -0.000318203237839, -0.00556354550645, 0.00691262399778, -0.00779443746433, -0.00584174972028, 0.021884733811, -0.0171279832721, 0.00612243032083], [-0.000166918456671, 0.00232087797485, -0.000209146528505, -0.000337512843544, -0.0030911215581, 0.00142837211024, 0.00353621551767, -0.00990449357778, 0.0124318990856, -0.00341082480736, -0.0171279832721, 0.0362773425877, -0.016591431573], [0.000107043255412, -0.000952293630689, 0.00102113175672, -0.000878102786373, 0.00151529198047, 4.21824224759e-05, -0.000869431241881, 0.00333647336811, -0.00871739443392, 0.00205707130954, 0.00612243032083, -0.016591431573, 0.0201144553721]]
    },
    "melbands": {
        "dmean": [0.00278389872983, 0.00319302128628, 0.00184413837269, 0.000667419692036, 0.000443898956291, 0.000474691245472, 0.000299341394566, 0.000278331834124, 0.000126587226987, 0.000169186736457, 0.000111532273877, 0.000126210288727, 8.73836324899e-05, 6.13395604887e-05, 4.10894062952e-05, 3.5402510548e-05, 2.15953168663e-05, 1.70743151102e-05, 2.5458230084e-05, 2.82296659861e-05, 1.43944353113e-05, 3.85119074053e-06, 4.35241327068e-06, 3.12700149152e-06, 1.9016100623e-06, 1.81204859473e-06, 2.4046339604e-06, 3.53225209437e-06, 3.44744944414e-06, 3.07325649374e-06, 5.95670917392e-06, 5.82574057262e-06, 4.5556130317e-06, 5.05093339598e-06, 5.84846247875e-06, 5.41435429113e-06, 7.56197323426e-06, 6.87817873768e-06, 6.37010407445e-06, 5.77907894694e-06],
        "dmean2": [0.0036732677836, 0.00432627042755, 0.00292224623263, 0.00117680267431, 0.000679726304952, 0.000758980109822, 0.000454917404568, 0.000443752098363, 0.000199982881895, 0.000257816544035, 0.000161851785379, 0.000187232988537, 0.000141628464917, 9.96545713861e-05, 6.62767342874e-05, 5.66510752833e-05, 3.57414064638e-05, 2.98809791275e-05, 4.75738124806e-05, 5.33937491127e-05, 2.70128111879e-05, 6.65438710712e-06, 7.84751864558e-06, 5.57339899387e-06, 3.18276465805e-06, 3.12537099489e-06, 4.24397057941e-06, 6.29520354778e-06, 5.81484937356e-06, 5.13882969244e-06, 9.97276674752e-06, 1.00335555544e-05, 7.59575414122e-06, 8.44136866363e-06, 1.00079496406e-05, 8.80130119185e-06, 1.26684144561e-05, 1.17926692838e-05, 1.07833775473e-05, 9.89226646197e-06],
        "dvar": [1.42851613418e-05, 2.45571536652e-05, 1.53550390678e-05, 2.24610926125e-06, 4.39968260935e-07, 4.300324008e-07, 1.56631571713e-07, 1.29192869736e-07, 4.00331110484e-08, 9.34142647679e-08, 3.72531872017e-08, 9.26086585196e-08, 2.24382290526e-08, 1.59275490574e-08, 8.01152921781e-09, 6.05644956408e-09, 1.96041582967e-09, 1.3080014849e-09, 4.59904736516e-09, 6.0471476715e-09, 1.43024403432e-09, 4.72354377834e-11, 6.32335642181e-11, 3.38184064086e-11, 8.18530139501e-12, 7.94497974355e-12, 2.56821525851e-11, 7.02300578803e-11, 8.74131184103e-11, 3.31379021445e-11, 1.28832403079e-10, 1.25549140528e-10, 6.19093248888e-11, 7.1816275149e-11, 1.10268155717e-10, 8.41437336474e-11, 1.92740878813e-10, 1.77130324297e-10, 1.36106306781e-10, 1.41444231327e-10],
        "dvar2": [1.90676146303e-05, 4.93857369293e-05, 3.61486490874e-05, 6.11955965724e-06, 1.04168157122e-06, 1.08233314222e-06, 3.32780047074e-07, 3.13348664349e-07, 1.0126454697e-07, 2.43164919311e-07, 7.02188245327e-08, 1.57309372639e-07, 5.37296607206e-08, 3.89934342593e-08, 1.94192519842e-08, 1.40111087177e-08, 4.97316277048e-09, 3.42219896865e-09, 1.31632349465e-08, 1.74760081961e-08, 4.12011180728e-09, 1.29102034618e-10, 1.74426514898e-10, 9.48838646542e-11, 2.12103390407e-11, 2.13453438952e-11, 7.2318429023e-11, 1.95752108967e-10, 2.08071060381e-10, 8.78381395397e-11, 3.40900391249e-10, 3.4211941613e-10, 1.68078231888e-10, 1.84619847188e-10, 2.88231966072e-10, 2.08529873924e-10, 4.97626773122e-10, 4.7013609672e-10, 3.58631790931e-10, 3.79592218769e-10],
        "max": [0.0322321541607, 0.0394639037549, 0.028693690896, 0.0143789956346, 0.010233733803, 0.0107793640345, 0.0106958346441, 0.00579563481733, 0.00383105268702, 0.00625241175294, 0.00383176794276, 0.00946741644293, 0.00344736990519, 0.00267042126507, 0.00240993709303, 0.00222653523088, 0.00111069669947, 0.00109953142237, 0.000547605741303, 0.00050017965259, 0.000239213070017, 0.000156729292939, 0.000131226013764, 5.836789569e-05, 4.46912454208e-05, 4.32499255112e-05, 0.000107368272438, 0.000178244008566, 0.000324316060869, 7.98689070507e-05, 0.000100139870483, 0.000110648477857, 9.96589733404e-05, 0.000154854817083, 0.000191491737496, 0.000213727384107, 0.000220731875743, 0.000134518573759, 0.000127500927192, 7.97595348558e-05],
        "mean": [0.0074771954678, 0.00561530608684, 0.00170863175299, 0.000620928127319, 0.000784851319622, 0.000825789931696, 0.000598591868766, 0.000503745279275, 0.000252978672506, 0.000352555449354, 0.000252461293712, 0.000206882788916, 0.000136006434332, 8.96584024304e-05, 6.32496448816e-05, 5.87687791267e-05, 3.10804243782e-05, 1.97986682906e-05, 2.01993843802e-05, 2.04479420063e-05, 1.12935003926e-05, 5.23266453456e-06, 4.78027959616e-06, 3.54302392225e-06, 2.81988081952e-06, 2.4798157483e-06, 2.58754971583e-06, 3.49423271473e-06, 4.24752624895e-06, 3.83739825338e-06, 5.95045094087e-06, 5.92489959672e-06, 5.57206931262e-06, 6.16714578427e-06, 6.82848212818e-06, 6.5275248744e-06, 8.00162706582e-06, 7.05336606188e-06, 6.33113950244e-06, 5.13998611495e-06],
        "median": [0.00279416702688, 0.00349842291325, 0.000318054866511, 0.000200778449653, 0.000497548782732, 0.000543976726476, 0.000393961672671, 0.00032909977017, 0.000153589731781, 0.000157305097673, 0.000100721488707, 7.93665094534e-05, 6.79447693983e-05, 3.82134930987e-05, 2.82812507066e-05, 2.36283958657e-05, 1.30460430228e-05, 8.16736519482e-06, 5.59125601285e-06, 5.72258250031e-06, 3.81724930776e-06, 3.23031554217e-06, 2.67387486019e-06, 1.91019148588e-06, 1.83203701454e-06, 1.60816296102e-06, 1.34402762342e-06, 1.3487057231e-06, 1.21266816677e-06, 1.28630745166e-06, 1.38480868372e-06, 1.39435564961e-06, 1.29278896566e-06, 1.31650779167e-06, 1.33568335059e-06, 1.08352571715e-06, 1.32847776513e-06, 9.98313225864e-07, 1.08548556454e-06, 8.5074270828e-07],
        "min": [2.01744266089e-23, 1.71600186961e-23, 1.1477188586e-23, 1.84350514217e-23, 9.05365957933e-24, 1.32058723413e-23, 1.15970015692e-23, 2.44209898961e-24, 8.52912308648e-24, 9.28711034246e-24, 1.62387159335e-23, 1.18605741971e-23, 8.95691131133e-24, 4.51300815774e-24, 8.72653158371e-24, 2.09152979498e-23, 7.12105843548e-24, 9.97243562045e-24, 1.17809284335e-23, 7.42716881001e-24, 5.51044309745e-24, 1.08502532145e-23, 6.23164734713e-24, 1.35864235752e-23, 9.9814057578e-24, 8.40864746018e-24, 6.95777527215e-24, 1.00213268528e-23, 9.64894269588e-24, 8.41834019412e-24, 2.03832948885e-23, 1.42892181779e-23, 1.53925963483e-23, 5.95053124153e-24, 9.90245734727e-24, 1.73949935385e-23, 9.36649420421e-24, 7.41040630463e-24, 7.69023262265e-24, 8.61402424141e-24],
        "var": [8.16789543023e-05, 4.89784215461e-05, 1.4173128875e-05, 1.57519150434e-06, 8.21104549686e-07, 7.97003394837e-07, 4.3449011855e-07, 2.86879185296e-07, 9.34990254109e-08, 2.5329271125e-07, 1.72405492549e-07, 2.42007217821e-07, 4.35595062243e-08, 2.8402133978e-08, 1.35856659256e-08, 1.47717651444e-08, 3.44002959451e-09, 1.66445679461e-09, 2.82257039963e-09, 3.37047167953e-09, 8.07265532199e-10, 4.40347584785e-11, 4.76956217577e-11, 2.47659809327e-11, 1.03846731561e-11, 8.09051003275e-12, 1.7859462173e-11, 5.29348127831e-11, 1.40318548447e-10, 3.77395441287e-11, 1.16511258974e-10, 1.12663968432e-10, 1.03686260966e-10, 1.42041545192e-10, 1.86275481151e-10, 1.71259520454e-10, 2.61250576727e-10, 1.99253322175e-10, 1.42769213118e-10, 1.09774168922e-10]
    },
    "mfcc": {
        "mean": [-625.586547852, 123.816368103, 33.6835479736, -3.32299113274, -5.59828138351, 4.15821456909, -2.40294957161, 2.75518274307, 1.28723096848, 1.79080450535, 2.50257182121, 5.39851522446, 4.140188694],
        "cov": [[4413.25927734, -1163.66699219, 1010.68780518, 274.099395752, 539.415405273, 456.636871338, 279.185241699, 200.364135742, 239.527008057, 57.4622039795, -31.3079071045, -39.80991745, -48.1423301697], [-1163.66699219, 1505.11584473, -415.106048584, 172.909317017, 62.6577949524, 46.213809967, 122.163513184, 129.623687744, 68.0484771729, 107.606193542, 109.984230042, 89.1847305298, 76.806060791], [1010.68780518, -415.106048584, 834.584472656, 121.484901428, 224.718566895, 210.720062256, 209.549743652, 172.983062744, 142.605712891, 92.2828063965, 116.717643738, 80.9747161865, 37.2417106628], [274.099395752, 172.909317017, 121.484901428, 269.486816406, 139.781967163, 108.880302429, 88.7386322021, 81.0907974243, 82.3843231201, 60.1451339722, 35.9393386841, 43.8758277893, 32.9229660034], [539.415405273, 62.6577949524, 224.718566895, 139.781967163, 264.162475586, 153.71421814, 120.111679077, 104.068992615, 109.427383423, 70.7104034424, 57.5564804077, 31.8343276978, 35.9541854858], [456.636871338, 46.213809967, 210.720062256, 108.880302429, 153.71421814, 225.10357666, 166.594406128, 128.782424927, 110.453559875, 86.0138015747, 70.8482513428, 63.5087547302, 35.6141090393], [279.185241699, 122.163513184, 209.549743652, 88.7386322021, 120.111679077, 166.594406128, 224.641540527, 165.028991699, 101.135848999, 79.3501205444, 99.7625656128, 82.3609542847, 50.5632781982], [200.364135742, 129.623687744, 172.983062744, 81.0907974243, 104.068992615, 128.782424927, 165.028991699, 188.103988647, 118.874153137, 84.4476470947, 89.8445281982, 67.3819580078, 47.2054328918], [239.527008057, 68.0484771729, 142.605712891, 82.3843231201, 109.427383423, 110.453559875, 101.135848999, 118.874153137, 162.27015686, 105.576133728, 55.1506614685, 44.0872650146, 33.2870597839], [57.4622039795, 107.606193542, 92.2828063965, 60.1451339722, 70.7104034424, 86.0138015747, 79.3501205444, 84.4476470947, 105.576133728, 128.565246582, 91.0129013062, 53.9987487793, 33.2681236267], [-31.3079071045, 109.984230042, 116.717643738, 35.9393386841, 57.5564804077, 70.8482513428, 99.7625656128, 89.8445281982, 55.1506614685, 91.0129013062, 153.808364868, 104.144294739, 49.8457298279], [-39.80991745, 89.1847305298, 80.9747161865, 43.8758277893, 31.8343276978, 63.5087547302, 82.3609542847, 67.3819580078, 44.0872650146, 53.9987487793, 104.144294739, 130.189086914, 73.959564209], [-48.1423301697, 76.806060791, 37.2417106628, 32.9229660034, 35.9541854858, 35.6141090393, 50.5632781982, 47.2054328918, 33.2870597839, 33.2681236267, 49.8457298279, 73.959564209, 95.6357498169]],
