{
"lowlevel": {
    "average_loudness": 0.489512860775,
    "barkbands_crest": {
        "dmean": 1.85955798626,
        "dmean2": 2.94520449638,
        "dvar": 3.84004306793,
        "dvar2": 9.04833984375,
        "max": 25.0413684845,
        "mean": 10.9561328888,
        "median": 10.4351053238,
        "min": 3.39800071716,
        "var": 11.9986534119
    },
    "barkbands_flatness_db": {
        "dmean": 0.0259743742645,
        "dmean2": 0.0364989936352,
        "dvar": 0.000811169622466,
        "dvar2": 0.0015351496404,
        "max": 0.497395008802,
        "mean": 0.251276195049,
        "median": 0.239175826311,
        "min": 0.0377105101943,
        "var": 0.00840686634183
    },
    "barkbands_kurtosis": {
        "dmean": 5.48037147522,
        "dmean2": 8.46854400635,
        "dvar": 149.523254395,
        "dvar2": 348.727752686,
        "max": 322.035949707,
        "mean": 11.4060792923,
        "median": 7.48686313629,
        "min": -1.82370817661,
        "var": 218.861557007
    },
    "barkbands_skewness": {
        "dmean": 0.558858931065,
        "dmean2": 0.836143136024,
        "dvar": 0.571208238602,
        "dvar2": 1.22471809387,
        "max": 14.2998914719,
        "mean": 2.18620705605,
        "median": 2.07684493065,
        "min": -4.77499818802,
        "var": 1.83090519905
    },
    "barkbands_spread": {
        "dmean": 1.68395411968,
        "dmean2": 2.62244367599,
        "dvar": 8.47279071808,
        "dvar2": 19.2565078735,
        "max": 116.81539917,
        "mean": 6.69726037979,
        "median": 5.03621006012,
        "min": 0.340703368187,
        "var": 29.5420570374
    },
    "dissonance": {
        "dmean": 0.0267758537084,
        "dmean2": 0.0436807088554,
        "dvar": 0.000683694961481,
        "dvar2": 0.00171193585265,
        "max": 0.500000059605,
        "mean": 0.415351688862,
        "median": 0.428826838732,
        "min": 0.156981050968,
        "var": 0.00337872863747
    },
    "dynamic_complexity": 5.40908813477,
    "erbbands_crest": {
        "dmean": 1.83282482624,
        "dmean2": 2.92725133896,
        "dvar": 3.37435293198,
        "dvar2": 8.81186103821,
        "max": 29.2768192291,
        "mean": 10.1185693741,
        "median": 9.25064086914,
        "min": 2.58827805519,
        "var": 16.9947032928
    },
    "erbbands_flatness_db": {
        "dmean": 0.0231957864016,
        "dmean2": 0.0311462227255,
        "dvar": 0.000698107236531,
        "dvar2": 0.00117412081454,
        "max": 0.539845585823,
        "mean": 0.21439756453,
        "median": 0.196057662368,
        "min": 0.029384849593,
        "var": 0.00661731977016
    },
    "erbbands_kurtosis": {
        "dmean": 1.34653937817,
        "dmean2": 2.11560988426,
        "dvar": 4.81466770172,
        "dvar2": 11.9030570984,
        "max": 105.604263306,
        "mean": 3.34878444672,
        "median": 1.43218708038,
        "min": -1.63172912598,
        "var": 56.1943893433
    },
    "erbbands_skewness": {
        "dmean": 0.317754000425,
        "dmean2": 0.487325578928,
        "dvar": 0.117132484913,
        "dvar2": 0.275502830744,
        "max": 6.71991205215,
        "mean": 1.1409124136,
        "median": 1.01466536522,
        "min": -5.4504942894,
        "var": 0.706966280937
    },
    "erbbands_spread": {
        "dmean": 5.62407398224,
        "dmean2": 8.52139091492,
        "dvar": 64.0293502808,
        "dvar2": 145.059402466,
        "max": 126.329032898,
        "mean": 25.0048694611,
        "median": 22.3863868713,
        "min": 0.447454094887,
        "var": 227.650421143
    },
    "hfc": {
        "dmean": 2.25749397278,
        "dmean2": 3.48550581932,
        "dvar": 27.5088500977,
        "dvar2": 67.4829330444,
        "max": 76.1534957886,
        "mean": 8.39660453796,
        "median": 3.94192528725,
        "min": 1.19444642225e-16,
        "var": 107.21030426
    },
    "melbands_crest": {
        "dmean": 2.20517110825,
        "dmean2": 3.57254052162,
        "dvar": 5.3801856041,
        "dvar2": 13.5846996307,
        "max": 31.8963603973,
        "mean": 14.6892271042,
        "median": 14.3468179703,
        "min": 2.59632515907,
        "var": 16.4351119995
    },
    "melbands_flatness_db": {
        "dmean": 0.0287471972406,
        "dmean2": 0.0402820594609,
        "dvar": 0.00104487384669,
        "dvar2": 0.00197181222029,
        "max": 0.648159205914,
        "mean": 0.351538300514,
        "median": 0.338454276323,
        "min": 0.00654037063941,
        "var": 0.0110076488927
    },
    "melbands_kurtosis": {
        "dmean": 8.72360610962,
        "dmean2": 13.5008516312,
        "dvar": 387.001373291,
        "dvar2": 924.058044434,
        "max": 302.671569824,
        "mean": 18.2367992401,
        "median": 12.3950033188,
        "min": -1.49050450325,
        "var": 533.798706055
    },
    "melbands_skewness": {
        "dmean": 0.608699500561,
        "dmean2": 0.918560385704,
        "dvar": 0.702104866505,
        "dvar2": 1.58527088165,
        "max": 12.3945045471,
        "mean": 2.69171261787,
        "median": 2.54261827469,
        "min": -5.19459009171,
        "var": 2.33903765678
    },
    "melbands_spread": {
        "dmean": 1.56197190285,
        "dmean2": 2.39634537697,
        "dvar": 7.76327562332,
        "dvar2": 17.1515235901,
        "max": 183.865661621,
        "mean": 6.73618412018,
        "median": 5.29710817337,
        "min": 0.441656857729,
        "var": 36.7021217346
    },
    "pitch_salience": {
        "dmean": 0.0553729981184,
        "dmean2": 0.0893087983131,
        "dvar": 0.00334865646437,
        "dvar2": 0.00843490101397,
        "max": 0.812719166279,
        "mean": 0.563104808331,
        "median": 0.57057762146,
        "min": 0.123521842062,
        "var": 0.00915649719536
    },
    "silence_rate_20dB": {
        "dmean": 0.000189609403606,
        "dmean2": 0.000379254750442,
        "dvar": 0.000189551195945,
        "dvar2": 0.000568649324123,
        "max": 1,
        "mean": 0.999905228615,
        "median": 1,
        "min": 0,
        "var": 9.47811640799e-05
    },
    "silence_rate_30dB": {
        "dmean": 0.0246492233127,
        "dmean2": 0.0493031181395,
        "dvar": 0.024042930454,
        "dvar2": 0.0482014045119,
        "max": 1,
        "mean": 0.965115189552,
        "median": 1,
        "min": 0,
        "var": 0.0336698256433
    },
    "silence_rate_60dB": {
        "dmean": 0.0200985968113,
        "dmean2": 0.0402010045946,
        "dvar": 0.0196890961379,
        "dvar2": 0.0461710691452,
        "max": 1,
        "mean": 0.170347899199,
        "median": 0,
        "min": 0,
        "var": 0.141322597861
    },
    "spectral_centroid": {
        "dmean": 80.1132659912,
        "dmean2": 125.226852417,
        "dvar": 20457.5039062,
        "dvar2": 41152.5,
        "max": 11088.0791016,
        "mean": 473.753570557,
        "median": 402.295288086,
        "min": 137.180679321,
        "var": 73152.2109375
    },
    "spectral_complexity": {
        "dmean": 1.46094048023,
        "dmean2": 2.43462586403,
        "dvar": 4.22409963608,
        "dvar2": 10.4333295822,
        "max": 45,
        "mean": 10.3074226379,
        "median": 8,
        "min": 0,
        "var": 42.1990737915
    },
    "spectral_decrease": {
        "dmean": 2.94596058659e-09,
        "dmean2": 4.65474858657e-09,
        "dvar": 1.02153060176e-16,
        "dvar2": 2.56797202081e-16,
        "max": 2.05911721592e-30,
        "mean": -7.43102823719e-09,
        "median": -4.66743443894e-09,
        "min": -1.23693453702e-07,
        "var": 1.28059337875e-16
    },
    "spectral_energy": {
        "dmean": 0.011294237338,
        "dmean2": 0.0178404767066,
        "dvar": 0.0014856668422,
        "dvar2": 0.00373358163051,
        "max": 0.472023576498,
        "mean": 0.0288080442697,
        "median": 0.0179317854345,
        "min": 1.08262093273e-20,
        "var": 0.00188915175386
    },
    "spectral_energyband_high": {
        "dmean": 7.2196846304e-05,
        "dmean2": 0.000109106324089,
        "dvar": 3.96799855196e-08,
        "dvar2": 9.03370889205e-08,
        "max": 0.00351294362918,
        "mean": 0.000126946586533,
        "median": 1.56515725394e-05,
        "min": 8.06285093239e-21,
        "var": 7.98053179096e-08
    },
    "spectral_energyband_low": {
        "dmean": 0.00877675972879,
        "dmean2": 0.0138972718269,
        "dvar": 0.00150158035103,
        "dvar2": 0.00380070973188,
        "max": 0.452118456364,
        "mean": 0.0136773353443,
        "median": 0.00724154664204,
        "min": 4.07807072317e-23,
        "var": 0.00135791755747
    },
    "spectral_energyband_middle_high": {
        "dmean": 0.000531567609869,
        "dmean2": 0.000838419073261,
        "dvar": 1.38600785249e-06,
        "dvar2": 3.54374788003e-06,
        "max": 0.023160006851,
        "mean": 0.00171844032593,
        "median": 0.00034540440538,
        "min": 1.51660808716e-21,
        "var": 7.73189094616e-06
    },
    "spectral_energyband_middle_low": {
        "dmean": 0.00428888294846,
        "dmean2": 0.00704420683905,
        "dvar": 6.74796538078e-05,
        "dvar2": 0.000205562144401,
        "max": 0.157776638865,
        "mean": 0.0146566638723,
        "median": 0.00840323325247,
        "min": 3.67180016257e-22,
        "var": 0.00028221696266
    },
    "spectral_entropy": {
        "dmean": 0.226208508015,
        "dmean2": 0.325631707907,
        "dvar": 0.0770073235035,
        "dvar2": 0.149233490229,
        "max": 9.79461956024,
        "mean": 6.4553771019,
        "median": 6.54194021225,
        "min": 4.24750852585,
        "var": 0.577342867851
    },
    "spectral_flux": {
        "dmean": 0.0212566833943,
        "dmean2": 0.0347759462893,
        "dvar": 0.00248870020732,
        "dvar2": 0.00513531919569,
        "max": 0.625975370407,
        "mean": 0.0558086670935,
        "median": 0.0362198837101,
        "min": 1.04049074912e-10,
        "var": 0.00514278747141
    },
    "spectral_kurtosis": {
        "dmean": 10.8032665253,
        "dmean2": 17.5180969238,
        "dvar": 328.73223877,
        "dvar2": 856.941223145,
        "max": 410.684204102,
        "mean": 25.4978313446,
        "median": 10.9610109329,
        "min": -1.20155727863,
        "var": 1345.3137207
    },
    "spectral_rms": {
        "dmean": 0.000685474427883,
        "dmean2": 0.00103238213342,
        "dvar": 2.34514891417e-06,
        "dvar2": 5.33777301825e-06,
        "max": 0.0214595161378,
        "mean": 0.00447365595028,
        "median": 0.00418263394386,
        "min": 3.24994696953e-12,
        "var": 8.09182529338e-06
    },
    "spectral_rolloff": {
        "dmean": 84.0365142822,
        "dmean2": 140.138458252,
        "dvar": 46392.7148438,
        "dvar2": 83440.75,
        "max": 18647.7539062,
        "mean": 459.70880127,
        "median": 409.130859375,
        "min": 86.1328125,
        "var": 444120.75
    },
    "spectral_skewness": {
        "dmean": 0.712914347649,
        "dmean2": 1.12861204147,
        "dvar": 0.815469682217,
        "dvar2": 1.99923205376,
        "max": 15.1832084656,
        "mean": 3.34432768822,
        "median": 2.60525560379,
        "min": -0.0375085361302,
        "var": 4.18157148361
    },
    "spectral_spread": {
        "dmean": 675261.625,
        "dmean2": 952934,
        "dvar": 758567600128,
        "dvar2": 1.30063807283e+12,
        "max": 39572772,
        "mean": 3125023.5,
        "median": 2929635.25,
        "min": 274421.125,
        "var": 2.83997818061e+12
    },
    "spectral_strongpeak": {
        "dmean": 0.211186364293,
        "dmean2": 0.363647222519,
        "dvar": 0.113335564733,
        "dvar2": 0.293549627066,
        "max": 7.02231884003,
        "mean": 0.456318795681,
        "median": 0.315392285585,
        "min": 0,
        "var": 0.200783938169
    },
    "zerocrossingrate": {
        "dmean": 0.0041472427547,
        "dmean2": 0.00524808606133,
        "dvar": 2.79735595541e-05,
        "dvar2": 3.53053255822e-05,
        "max": 0.51513671875,
        "mean": 0.0230849329382,
        "median": 0.01953125,
        "min": 0.00390625,
        "var": 0.000409164204029
    },
    "barkbands": {
        "dmean": [5.54977232241e-05, 0.00506041990593, 0.00409463606775, 0.00169732363429, 0.00287581956945, 0.000443670578534, 0.000694860005751, 0.000242522713961, 0.000359624216799, 0.000262664048932, 6.73477989039e-05, 0.000241945992457, 0.000139219322591, 2.90439347737e-05, 3.53119830834e-05, 3.41960403603e-05, 2.83643385046e-05, 2.27628752327e-05, 3.93179725506e-05, 2.05605738302e-05, 1.64099055837e-05, 2.4077406124e-05, 8.58877592691e-06, 9.1886449809e-06, 8.77831280377e-06, 5.20270077686e-06, 2.96097027785e-06],
        "dmean2": [9.271230374e-05, 0.0077281887643, 0.00727376714349, 0.00288245989941, 0.00463552214205, 0.000678188458551, 0.00106650299858, 0.00038601597771, 0.000559323234484, 0.000401754805353, 0.000107951309474, 0.000395584153011, 0.000224902280024, 4.80134658574e-05, 5.39848806511e-05, 5.47578310943e-05, 4.75023662148e-05, 3.73367947759e-05, 6.21757280896e-05, 3.3060903661e-05, 2.59831485891e-05, 3.9085480239e-05, 1.33647672556e-05, 1.48702501974e-05, 1.32801260406e-05, 8.06450043456e-06, 4.63898231828e-06],
        "dvar": [4.50382842132e-08, 0.000481804949231, 0.000434312445577, 1.83476877282e-05, 3.04951608996e-05, 6.59034128603e-07, 2.31848048315e-06, 3.58878708084e-07, 1.07190851395e-06, 3.96662102276e-07, 3.50977629182e-08, 5.1772013876e-07, 1.75688299464e-07, 6.27696250532e-09, 5.91845950026e-09, 6.38792041485e-09, 4.90594942448e-09, 5.3523034893e-09, 9.21220077998e-09, 4.03553457318e-09, 3.35324701339e-09, 5.02960828541e-09, 7.23830329008e-10, 1.07111719494e-09, 9.20565068618e-10, 3.00611313619e-10, 1.13423173631e-10],
        "dvar2": [1.17940565758e-07, 0.00112669658847, 0.0012413917575, 5.59634318051e-05, 9.10093731363e-05, 1.66486938724e-06, 6.06959247307e-06, 9.92798391053e-07, 2.75372030956e-06, 9.55870518737e-07, 9.77920393552e-08, 1.36498647407e-06, 4.52544099971e-07, 1.76444014954e-08, 1.33152235904e-08, 1.53354022814e-08, 1.12993658874e-08, 1.40685454397e-08, 2.15245794521e-08, 9.43772704431e-09, 8.88209772398e-09, 1.35607640672e-08, 1.71680902827e-09, 2.67246691443e-09, 2.01472238892e-09, 6.60927035323e-10, 2.49515130779e-10],
        "max": [0.00459102075547, 0.274800896645, 0.258838653564, 0.0692497417331, 0.108105272055, 0.0175790283829, 0.0413007102907, 0.0140779931098, 0.0263114850968, 0.0135750779882, 0.0043107913807, 0.0147501425818, 0.0116183469072, 0.00253505050205, 0.00163073046133, 0.00137039239053, 0.00186547613703, 0.00151938537601, 0.00144794792868, 0.00216240668669, 0.00243825884536, 0.00126964249648, 0.000402781151934, 0.000546019058675, 0.000464742945042, 0.000241613626713, 0.000145292069647],
        "mean": [9.75436996669e-05, 0.00721248006448, 0.00502041447908, 0.00373514951207, 0.00665020896122, 0.00119589082897, 0.00174925895408, 0.000574007048272, 0.000715256901458, 0.000539772619959, 0.000151675514644, 0.000400714809075, 0.000244485156145, 5.42384914297e-05, 8.14353770693e-05, 6.14450182184e-05, 5.9078571212e-05, 3.79608754884e-05, 8.15411476651e-05, 3.49871261278e-05, 2.75815455097e-05, 3.69955996575e-05, 1.23709205582e-05, 1.32748182295e-05, 1.18986445159e-05, 5.73860279474e-06, 2.63671017819e-06],
        "median": [2.94163110084e-05, 0.00320794899017, 0.0019858579617, 0.0013380155433, 0.00351387797855, 0.000612179923337, 0.000648753950372, 0.000136172646307, 0.000100025237771, 0.000136983027915, 1.83889696928e-05, 2.39709588641e-05, 1.31432116177e-05, 6.53289498587e-06, 9.88774263533e-06, 5.59864020033e-06, 1.0487759937e-05, 6.0324482547e-06, 8.10216624814e-06, 4.53322581961e-06, 4.42634291176e-06, 1.66123982126e-06, 1.22279561765e-06, 9.95076675281e-07, 7.61893488743e-07, 4.88819637212e-07, 6.75000677575e-08],
        "min": [3.75432552088e-24, 2.908977915e-23, 4.20337118055e-24, 2.36776458707e-23, 7.96680914929e-23, 3.26864516078e-23, 1.54692266122e-22, 3.87159016776e-23, 3.04404541701e-23, 6.65022175549e-23, 1.10358977446e-22, 1.49854958429e-22, 1.51151820514e-22, 1.24651672923e-22, 8.18581334489e-23, 1.48324416812e-22, 1.7783572852e-22, 1.75820775819e-22, 2.53190423246e-22, 2.24874279986e-22, 3.73799859295e-22, 6.61768521901e-22, 6.53553412786e-22, 7.22501622951e-22, 1.13646164625e-21, 2.12724479089e-21, 2.4114505996e-21],
        "var": [4.90142930687e-08, 0.000491367303766, 0.000263556779828, 3.27373745677e-05, 7.47684971429e-05, 2.55557529272e-06, 8.13300448499e-06, 1.13458088435e-06, 2.89621516458e-06, 1.10219343696e-06, 9.07845034703e-08, 1.12586906198e-06, 4.24564433388e-07, 1.41152183275e-08, 2.05108126039e-08, 1.5882022808e-08, 1.96571097177e-08, 7.46038875121e-09, 2.77828497985e-08, 7.94503840496e-09, 4.19028411969e-09, 9.28135079903e-09, 1.004172967e-09, 1.29778943148e-09, 1.40618472422e-09, 3.51761120232e-10, 1.13026671356e-10]
    },
    "erbbands": {
        "dmean": [0.0880973637104, 1.40254318714, 4.75928020477, 4.74842739105, 10.1123342514, 8.08808231354, 5.4742565155, 3.70954847336, 11.0947465897, 4.71667146683, 4.74389123917, 8.05893325806, 6.46718645096, 6.66983318329, 6.5769534111, 5.94214057922, 6.66065692902, 1.62856757641, 1.74744081497, 1.55908739567, 2.25944447517, 1.43906533718, 1.30235314369, 1.84707522392, 1.46541702747, 0.905841231346, 0.78560757637, 0.581186830997, 0.730421602726, 0.647677242756, 0.240820720792, 0.186719104648, 0.160391315818, 0.111279785633, 0.0566196031868, 0.0238462593406, 0.00974369980395, 0.00291046220809, 0.000539770582691, 3.81301324524e-05],
        "dmean2": [0.129537537694, 2.2522315979, 8.37549972534, 8.16843891144, 16.9753227234, 12.4705915451, 8.98731327057, 5.5478181839, 17.2913227081, 7.06086301804, 7.56135416031, 12.2977952957, 10.1569328308, 10.178653717, 10.684091568, 9.74230098724, 10.7634525299, 2.71808195114, 2.68405723572, 2.48493385315, 3.59370779991, 2.43727898598, 2.11131381989, 2.98049497604, 2.33499979973, 1.45916366577, 1.22573626041, 0.90320366621, 1.13356411457, 1.07318532467, 0.378244161606, 0.293821156025, 0.265366911888, 0.171848282218, 0.0847543925047, 0.037215270102, 0.0151164690033, 0.00460249558091, 0.000846532639116, 5.87633476243e-05],
        "dvar": [0.131807014346, 40.4334068298, 598.997070312, 270.380767822, 518.112854004, 165.10458374, 101.745140076, 52.8977661133, 642.605163574, 82.2403640747, 154.882141113, 559.342346191, 239.101959229, 306.634490967, 341.009887695, 371.661804199, 395.313995361, 28.2727355957, 16.3956871033, 12.6448879242, 29.3913211823, 10.6386795044, 12.439160347, 23.4427490234, 13.8356838226, 6.42186737061, 8.39781188965, 3.12212467194, 4.27773571014, 3.62363100052, 0.601024806499, 0.378849238157, 0.362424820662, 0.149427011609, 0.0394063331187, 0.00678383791819, 0.00114945624955, 0.000102858481114, 3.56607370122e-06, 1.79054939764e-08],
        "dvar2": [0.246414005756, 102.059318542, 1695.14074707, 775.135742188, 1658.01171875, 409.968231201, 307.063079834, 134.742828369, 1757.7923584, 186.447128296, 430.231994629, 1362.0760498, 620.532592773, 700.23223877, 849.765991211, 1016.49993896, 1011.42285156, 82.2698898315, 37.3746337891, 31.4863109589, 67.8556289673, 27.4956169128, 31.4253139496, 58.5988960266, 33.8273010254, 15.5984611511, 20.2607078552, 7.98042535782, 10.3175373077, 10.007519722, 1.44116508961, 0.894959270954, 0.934296905994, 0.340202391148, 0.0862185508013, 0.0159753952175, 0.00257228477858, 0.000230639925576, 7.73007559474e-06, 4.00973050318e-08],
        "max": [4.97194242477, 74.6265792847, 293.495605469, 239.961791992, 506.699035645, 227.985809326, 162.539993286, 165.963195801, 652.357788086, 254.968704224, 380.696990967, 720.766479492, 373.209686279, 543.940490723, 456.704071045, 591.618347168, 560.154846191, 194.047973633, 89.0203857422, 59.5025444031, 109.517669678, 67.536277771, 75.6726989746, 71.8274612427, 64.1403656006, 55.5043754578, 96.9193954468, 56.8463058472, 53.0245437622, 33.10389328, 13.3832159042, 10.3943805695, 10.6910324097, 7.51242256165, 3.5944852829, 1.28451538086, 0.528879880905, 0.148341923952, 0.0239595193416, 0.00205472600646],
        "mean": [0.15258140862, 1.82989358902, 5.91627931595, 8.56268501282, 22.2068901062, 18.628068924, 13.6103115082, 10.8628139496, 27.2405090332, 14.3764467239, 12.4763889313, 16.3763084412, 13.8648538589, 15.3645887375, 12.7970972061, 11.1827583313, 11.99614048, 3.44992351532, 3.98416614532, 3.46703219414, 4.29253387451, 3.15532326698, 2.59234642982, 3.36270093918, 3.22340154648, 1.61031794548, 1.35859429836, 0.926238536835, 1.27700042725, 0.890606880188, 0.356697589159, 0.287901192904, 0.213054895401, 0.150460004807, 0.0739371702075, 0.0275336224586, 0.0101605206728, 0.0027558633592, 0.000495436543133, 5.61669003218e-05],
        "median": [0.0639731958508, 0.788636922836, 2.48686599731, 4.12334251404, 8.57530403137, 11.4948863983, 6.25128173828, 5.71614170074, 9.95115280151, 6.31859350204, 3.1487698555, 2.7433989048, 2.78396940231, 4.07137775421, 1.34785795212, 0.979042410851, 0.722711324692, 0.327423363924, 0.595960974693, 0.321196049452, 0.403378278017, 0.569410085678, 0.483664572239, 0.423909723759, 0.317479401827, 0.224101662636, 0.171089798212, 0.157753407955, 0.0634310394526, 0.0522195808589, 0.0326313711703, 0.0219468176365, 0.0145066091791, 0.00896308012307, 0.004768836312, 0.00251042516902, 0.000723526463844, 0.000123989448184, 2.45174014708e-05, 2.23089100473e-05],
        "min": [1.71402970472e-21, 2.97791139555e-21, 6.14289404872e-21, 3.15737618621e-20, 1.39081140068e-19, 3.85712536025e-19, 2.41745834615e-19, 3.25188066647e-19, 2.05553782513e-18, 1.26709449426e-18, 1.02625610262e-18, 7.28212174574e-19, 1.14944139041e-18, 2.54648978461e-18, 5.33924860837e-18, 7.85342644351e-18, 6.61096724905e-18, 6.18183132393e-18, 5.62740938246e-18, 4.74329847784e-18, 9.89868923787e-18, 9.93690084626e-18, 7.59913044369e-18, 1.1353972905e-17, 1.40083202172e-17, 9.6118800769e-18, 1.61412236246e-17, 1.6598927473e-17, 2.6033919939e-17, 2.19461306637e-17, 1.66525949511e-17, 1.40378323671e-17, 1.3142427552e-17, 1.23351960543e-17, 9.16490806982e-18, 8.92248293898e-18, 3.55533187418e-18, 1.38480281241e-18, 3.10679241155e-19, 3.73434371076e-20],
        "var": [0.168811202049, 35.6971206665, 376.992401123, 225.135391235, 1429.86047363, 448.594696045, 329.014007568, 197.487411499, 2053.79223633, 376.747314453, 528.737731934, 1437.85510254, 678.554748535, 1038.26452637, 922.407226562, 775.16192627, 940.29510498, 83.4100036621, 57.0685844421, 34.4503211975, 88.7700576782, 33.8188858032, 26.0416622162, 49.2153892517, 41.3825836182, 12.9315042496, 13.9062042236, 4.30392932892, 10.5050573349, 5.29588937759, 0.828642308712, 0.548483848572, 0.386841952801, 0.218725636601, 0.0576735287905, 0.00775570655242, 0.00126399972942, 0.000102664198494, 3.62360560757e-06, 1.9415432817e-08]
    },
    "gfcc": {
        "mean": [-113.181045532, 160.840621948, -80.9649581909, 21.2450046539, -48.958782196, -8.03811359406, -27.1361732483, 0.175424665213, -22.8484611511, -9.08554935455, -12.4601144791, -4.44917631149, -6.83736515045],
        "cov": [[20189.6738281, -3624.86572266, -1285.36230469, 1259.03320312, -230.054885864, 1968.91662598, -310.475006104, 181.805603027, -523.265808105, 390.990814209, -298.480255127, 418.28616333, -405.983032227], [-3624.86572266, 2589.79785156, 27.3384914398, -448.017456055, 374.072143555, -709.179138184, 393.987792969, -133.708404541, 289.141296387, -223.969894409, 199.237823486, -241.572814941, 218.790023804], [-1285.36230469, 27.3384914398, 881.998291016, 16.8550548553, 120.457290649, 11.9207696915, 13.3646125793, 147.968841553, 78.6160430908, 86.3035202026, 35.5117263794, 30.0114097595, 22.5801391602], [1259.03320312, -448.017456055, 16.8550548553, 413.331726074, 0.185887932777, 169.770614624, -40.2687339783, 49.5231513977, -1.90519142151, 48.0369186401, 10.8837013245, 39.8769493103, -1.64534783363], [-230.054885864, 374.072143555, 120.457290649, 0.185887932777, 320.376861572, -47.6242408752, 90.698387146, 30.790851593, 64.7546005249, 6.7987575531, 46.1207771301, -33.5521965027, 34.5547485352], [1968.91662598, -709.179138184, 11.9207696915, 169.770614624, -47.6242408752, 487.934265137, -63.4018783569, 11.1000156403, -57.7012290955, 76.5082778931, -44.6736717224, 84.5535583496, -69.2211608887], [-310.475006104, 393.987792969, 13.3646125793, -40.2687339783, 90.698387146, -63.4018783569, 208.830718994, -8.31779098511, 49.1595840454, -26.4799556732, 30.7181091309, -14.7783079147, 33.5868110657], [181.805603027, -133.708404541, 147.968841553, 49.5231513977, 30.790851593, 11.1000156403, -8.31779098511, 164.455184937, 18.7756538391, 48.7924118042, 27.0841503143, 4.64182472229, -4.47870159149], [-523.265808105, 289.141296387, 78.6160430908, -1.90519142151, 64.7546005249, -57.7012290955, 49.1595840454, 18.7756538391, 140.068496704, 14.08111763, 44.4387817383, -23.5671443939, 17.7500534058], [390.990814209, -223.969894409, 86.3035202026, 48.0369186401, 6.7987575531, 76.5082778931, -26.4799556732, 48.7924118042, 14.08111763, 114.137695312, 13.0806074142, 27.9086761475, -31.5623989105], [-298.480255127, 199.237823486, 35.5117263794, 10.8837013245, 46.1207771301, -44.6736717224, 30.7181091309, 27.0841503143, 44.4387817383, 13.0806074142, 108.250404358, -1.0975266695, 12.3115730286], [418.28616333, -241.572814941, 30.0114097595, 39.8769493103, -33.5521965027, 84.5535583496, -14.7783079147, 4.64182472229, -23.5671443939, 27.9086761475, -1.0975266695, 103.608459473, -4.48573446274], [-405.983032227, 218.790023804, 22.5801391602, -1.64534783363, 34.5547485352, -69.2211608887, 33.5868110657, -4.47870159149, 17.7500534058, -31.5623989105, 12.3115730286, -4.48573446274, 92.6884078979]],
        "icov": [[0.000142752425745, -0.000172365820617, 0.000283923815005, -0.00032344009378, -5.07715813001e-05, -0.000468518672278, 4.89129197376e-05, -0.000410173815908, 0.000397312978748, -0.000319264625432, 0.000401237193728, -0.000349625566741, 0.000333694595611], [-0.000172365820617, 0.00292592891492, -0.000502275011968, 0.00194115366321, -0.00103862094693, 0.00186491676141, -0.00206356844865, 0.00242943060584, -0.00299033592455, 0.00237784930505, -0.00340198166668, 0.00317378551699, -0.0028718393296], [0.000283923815005, -0.000502275011968, 0.00208312808536, -0.000520092668012, -0.000442252203356, -0.0010423384374, 0.000348319066688, -0.00205011060461, 0.000322163803503, -0.00138623418752, 0.00123460683972, -0.00139851821586, 0.00030826497823], [-0.00032344009378, 0.00194115366321, -0.000520092668012, 0.00471238000318, -0.000604873697739, 0.000674604903907, -0.000768515281379, 0.00122740992811, -0.00262356735766, 0.00148047879338, -0.00303621124476, 0.00209097820334, -0.00321027822793], [-5.07715813001e-05, -0.00103862094693, -0.000442252203356, -0.000604873697739, 0.00462346337736, -0.000540278211702, -0.000611911818851, -0.000800623616669, 0.000291391421342, -0.00116790691391, 0.000193083498743, 0.000410572771216, -7.70982296672e-05], [-0.000468518672278, 0.00186491676141, -0.0010423384374, 0.000674604903907, -0.000540278211702, 0.0055103036575, -0.00110774033237, 0.00263001094572, -0.00187329854816, 0.00085369811859, -0.00156552297994, 0.000641982012894, -0.000454821711173], [4.89129197376e-05, -0.00206356844865, 0.000348319066688, -0.000768515281379, -0.000611911818851, -0.00110774033237, 0.00772738037631, -0.00134698243346, 0.000498564622831, -0.000317613244988, 0.00153820484411, -0.00268770311959, 0.000984403770417], [-0.000410173815908, 0.00242943060584, -0.00205011060461, 0.00122740992811, -0.000800623616669, 0.00263001094572, -0.00134698243346, 0.0108188968152, -0.00248412811197, -0.000224840725423, -0.00457693031058, 0.00369600579143, -0.00255057658069], [0.000397312978748, -0.00299033592455, 0.000322163803503, -0.00262356735766, 0.000291391421342, -0.00187329854816, 0.000498564622831, -0.00248412811197, 0.0133973807096, -0.00469801574945, 0.0011111398926, -0.00142207753379, 0.00248371204361], [-0.000319264625432, 0.00237784930505, -0.00138623418752, 0.00148047879338, -0.00116790691391, 0.00085369811859, -0.000317613244988, -0.000224840725423, -0.00469801574945, 0.0158379692584, -0.00409412290901, 0.000236145220697, 0.00137796695344], [0.000401237193728, -0.00340198166668, 0.00123460683972, -0.00303621124476, 0.000193083498743, -0.00156552297994, 0.00153820484411, -0.00457693031058, 0.0011111398926, -0.00409412290901, 0.0160827506334, -0.00530263083056, 0.00341366603971], [-0.000349625566741, 0.00317378551699, -0.00139851821586, 0.00209097820334, 0.000410572771216, 0.000641982012894, -0.00268770311959, 0.00369600579143, -0.00142207753379, 0.000236145220697, -0.00530263083056, 0.0164503287524, -0.00531316222623], [0.000333694595611, -0.0028718393296, 0.00030826497823, -0.00321027822793, -7.70982296672e-05, -0.000454821711173, 0.000984403770417, -0.00255057658069, 0.00248371204361, 0.00137796695344, 0.00341366603971, -0.00531316222623, 0.0173894558102]]
    },
    "melbands": {
        "dmean": [0.00105169904418, 0.00229553086683, 0.000937055097893, 0.00073260901263, 0.000198275578441, 8.14558225102e-05, 0.000161050222232, 5.18972228747e-05, 4.09636959375e-05, 5.04518102389e-05, 3.53131254087e-05, 3.13951277349e-05, 1.58184211614e-05, 3.00150750263e-05, 1.41260743476e-05, 1.07946943899e-05, 2.8083311463e-06, 2.94435562864e-06, 2.14756551031e-06, 1.70042017089e-06, 2.85976580017e-06, 1.50335381477e-06, 1.73193859609e-06, 1.02534283997e-06, 1.67215148394e-06, 1.43090778693e-06, 8.80654567936e-07, 5.79209427087e-07, 5.70878455619e-07, 4.55234498986e-07, 3.04519204519e-07, 3.20485384009e-07, 7.21331559816e-07, 2.1426635044e-07, 1.39726878956e-07, 1.37939025535e-07, 1.11353728016e-07, 1.18205562671e-07, 9.93078899114e-08, 9.9973455292e-08],
        "dmean2": [0.00150969775859, 0.00393972964957, 0.00161380774807, 0.00116108055227, 0.000323910877341, 0.000122326542623, 0.000248565251241, 7.90472331573e-05, 6.46727494313e-05, 7.80458649388e-05, 5.5363838328e-05, 4.78618894704e-05, 2.56574294326e-05, 4.92023209517e-05, 2.31833055295e-05, 1.75734439836e-05, 4.69707629236e-06, 4.56754469269e-06, 3.36822836289e-06, 2.72927013611e-06, 4.54035944131e-06, 2.58115665019e-06, 2.83272083834e-06, 1.71962187778e-06, 2.69998554359e-06, 2.24666314352e-06, 1.44930186252e-06, 9.40456970966e-07, 8.87824228357e-07, 7.33519755158e-07, 4.75125119692e-07, 4.77009052702e-07, 1.2166273109e-06, 3.42106517337e-07, 2.21772040732e-07, 2.21556973656e-07, 1.76738382152e-07, 1.9680544483e-07, 1.62275185289e-07, 1.53267990299e-07],
        "dvar": [1.86093075172e-05, 0.000129654523334, 7.36815445634e-06, 1.95873121811e-06, 1.11007480541e-07, 2.40092585813e-08, 1.30953722532e-07, 1.07042792408e-08, 1.27039436748e-08, 2.16972431133e-08, 6.98919899733e-09, 6.5146612549e-09, 1.70368841257e-09, 7.73073605131e-09, 3.02032976407e-09, 1.43868394975e-09, 7.37015379282e-11, 4.26875895743e-11, 2.11803283245e-11, 1.49974303809e-11, 5.21298247624e-11, 1.31031904077e-11, 1.52623261251e-11, 1.57558601582e-11, 1.8994694706e-11, 1.18781564445e-11, 5.69750713622e-12, 3.04435773466e-12, 4.54856508361e-12, 3.72602382975e-12, 7.68406172025e-13, 9.16887334286e-13, 5.93708155555e-12, 3.58735637767e-13, 2.13889154868e-13, 1.94135275889e-13, 1.37876025159e-13, 2.00401571422e-13, 1.29080855163e-13, 1.24553782544e-13],
        "dvar2": [3.65836203855e-05, 0.000357416254701, 2.1506612029e-05, 5.71959617446e-06, 3.28164730945e-07, 6.08859167528e-08, 3.47834912873e-07, 2.66715396435e-08, 3.38449943627e-08, 5.4708298336e-08, 1.80660055804e-08, 1.51043249019e-08, 4.27552970805e-09, 2.04303471918e-08, 8.1084952086e-09, 3.72775099677e-09, 2.12203199457e-10, 1.01525926555e-10, 5.06838702952e-11, 3.8238176514e-11, 1.17486173568e-10, 3.43771955347e-11, 3.74464001474e-11, 4.25290462569e-11, 4.72018049646e-11, 2.76893716289e-11, 1.49294257512e-11, 7.22102412587e-12, 1.02914638617e-11, 9.97861775848e-12, 1.98070227754e-12, 2.04684099531e-12, 1.70936598209e-11, 8.87395246261e-13, 5.26706391175e-13, 4.65755635014e-13, 3.29223627527e-13, 5.12707823246e-13, 3.37516093633e-13, 2.71746790651e-13],
        "max": [0.0584471896291, 0.129304587841, 0.0394217893481, 0.0272908229381, 0.00600219611079, 0.00358187942766, 0.00976417213678, 0.00234607304446, 0.00333668338135, 0.00432722596452, 0.00187810102943, 0.00235778302886, 0.000959494966082, 0.00174623832572, 0.00220243586227, 0.001388602308, 0.00030319954385, 0.000124451384181, 8.61733933561e-05, 7.74573418312e-05, 0.000174181215698, 7.05288694007e-05, 8.43488742248e-05, 8.87464993866e-05, 6.66667328915e-05, 5.28592827322e-05, 4.71733656013e-05, 4.81808710902e-05, 9.01618914213e-05, 8.71922748047e-05, 1.84855944099e-05, 2.73826226476e-05, 4.82620707771e-05, 1.09698903543e-05, 9.33331375563e-06, 6.22991274213e-06, 6.19884121988e-06, 7.53488166083e-06, 8.72609234648e-06, 6.30580507277e-06],
        "mean": [0.00169766671024, 0.00292347790673, 0.00197341875173, 0.00160341721494, 0.000518586661201, 0.000231805708609, 0.000404334132327, 0.000152151245857, 0.000101886806078, 0.000100147532066, 7.21726755728e-05, 6.88653817633e-05, 3.33266907546e-05, 4.9410838983e-05, 2.4414368454e-05, 1.93799660337e-05, 5.13009354108e-06, 6.27235294814e-06, 4.99637053508e-06, 3.55393717655e-06, 5.24725646756e-06, 2.96182656712e-06, 3.45915577782e-06, 1.51619155986e-06, 2.88771275336e-06, 3.04843592858e-06, 1.6145797872e-06, 9.19704916669e-07, 9.53817448135e-07, 6.97058283095e-07, 4.37007827259e-07, 5.68876941998e-07, 9.92516447695e-07, 2.93579091704e-07, 1.89566350173e-07, 2.06439167982e-07, 1.61591998449e-07, 1.52589620939e-07, 1.27547110651e-07, 1.31182758878e-07],
        "median": [0.000772533938289, 0.00137966847979, 0.000866142625455, 0.000806721393019, 0.000275593774859, 0.000123358346173, 0.000152498862008, 6.1401653511e-05, 2.1998417651e-05, 1.44127798194e-05, 1.43712932186e-05, 1.84330929187e-05, 3.89782462662e-06, 2.60343858827e-06, 1.76210210157e-06, 1.09077177513e-06, 5.30816976152e-07, 9.31400450099e-07, 6.01801559696e-07, 3.0539791851e-07, 4.60711447658e-07, 4.72467831969e-07, 6.45398699817e-07, 2.85549191403e-07, 3.35955064656e-07, 2.97159232332e-07, 1.59209150752e-07, 1.33025537252e-07, 1.02150480075e-07, 9.73889129341e-08, 7.19639956515e-08, 2.89850543567e-08, 3.05820258006e-08, 2.64022439467e-08, 1.86199340391e-08, 1.34522002426e-08, 1.26415891089e-08, 1.00970138917e-08, 8.33675528611e-09, 6.7821770422e-09],
        "min": [1.05197149732e-23, 2.93723345323e-24, 9.4317061798e-24, 1.81519749968e-23, 1.06018054167e-23, 8.21014165743e-24, 3.21557154571e-23, 1.17071076189e-23, 8.69607760846e-24, 4.02215878656e-24, 6.16031893851e-24, 1.01076542682e-23, 1.5570747962e-23, 1.95242332513e-23, 1.60825830054e-23, 1.4591287218e-23, 1.09936397281e-23, 9.6541381338e-24, 6.23808287439e-24, 6.46807606017e-24, 1.34041919729e-23, 1.1779048578e-23, 4.4336321846e-24, 9.86227671706e-24, 8.67190927691e-24, 1.07418156056e-23, 7.2793678308e-24, 6.33702772558e-24, 9.47984010565e-24, 1.01176933121e-23, 8.65902796719e-24, 1.56406015951e-23, 1.21895504938e-23, 1.19131998969e-23, 9.04349826201e-24, 9.64691611221e-24, 8.16173005254e-24, 8.81862478351e-24, 9.34656521116e-24, 1.07887946391e-23],
        "var": [2.34898670897e-05, 9.01737221284e-05, 9.77249055722e-06, 4.7172743507e-06, 4.02891998874e-07, 9.07318451482e-08, 4.5077618438e-07, 4.33882547668e-08, 3.91369034958e-08, 5.821047111e-08, 1.87812538854e-08, 2.07246984019e-08, 5.02976860162e-09, 1.63900217842e-08, 5.35137667512e-09, 3.22483217907e-09, 1.84505341561e-10, 1.40643871549e-10, 6.6089349271e-11, 3.77906733684e-11, 1.65326224932e-10, 3.70189087717e-11, 4.32480475043e-11, 1.56155106207e-11, 3.87461937534e-11, 3.88187329503e-11, 1.17852776149e-11, 5.48552913163e-12, 8.99343967353e-12, 3.76567787369e-12, 9.97839072654e-13, 2.19254779263e-12, 8.50892360044e-12, 5.04002492952e-13, 2.61155300944e-13, 2.8950282384e-13, 1.89978309234e-13, 2.09793377874e-13, 1.37939830456e-13, 1.94008302262e-13]
    },
    "mfcc": {
        "mean": [-758.080383301, 181.399429321, 29.5970211029, 30.8893356323, 3.02755784988, -3.01993966103, 1.50961256027, 3.43243026733, -2.11740851402, -4.10573720932, -4.38532114029, -4.18397855759, -2.3384039402],
        "cov": [[14023.9833984, -1219.44128418, -1518.9876709, 50.0661659241, -104.262016296, 931.030456543, 466.555267334, 280.010131836, -91.2665405273, 69.8061447144, 108.312820435, 21.2760944366, 202.060775757], [-1219.44128418, 1770.57739258, 118.941223145, 61.0970573425, 70.9771881104, -90.0270233154, 55.9140434265, 42.8743515015, 82.2958297729, 32.365650177, 20.8629589081, 5.96176099777, -19.7662277222], [-1518.9876709, 118.941223145, 704.592956543, 60.8252258301, 86.1770935059, -122.4008255, -39.0649871826, 24.3361549377, 65.2316741943, 42.0500526428, 41.4016151428, 50.0523910522, -9.4486579895], [50.0661659241, 61.0970573425, 60.8252258301, 287.802703857, 64.4237060547, -0.325586944818, 22.2279663086, 17.3475914001, 32.2332229614, 25.7589473724, 27.410320282, 22.8604221344, 9.36746120453], [-104.262016296, 70.9771881104, 86.1770935059, 64.4237060547, 226.614898682, 54.2137908936, 32.9154434204, 9.58644580841, 26.4441986084, 45.7614898682, 20.8404483795, 41.5803451538, 8.45933818817], [931.030456543, -90.0270233154, -122.4008255, -0.325586944818, 54.2137908936, 229.956558228, 78.3203964233, 27.1973628998, 9.29390239716, -2.38001990318, 23.1692428589, 15.4122476578, 15.8469572067], [466.555267334, 55.9140434265, -39.0649871826, 22.2279663086, 32.9154434204, 78.3203964233, 140.218505859, 43.8213386536, 11.5484886169, 15.0897722244, 3.11329746246, 11.3500766754, 14.6029520035], [280.010131836, 42.8743515015, 24.3361549377, 17.3475914001, 9.58644580841, 27.1973628998, 43.8213386536, 98.4695281982, 27.6394100189, 4.98782157898, 15.0193223953, 2.56163215637, 18.2315864563], [-91.2665405273, 82.2958297729, 65.2316741943, 32.2332229614, 26.4441986084, 9.29390239716, 11.5484886169, 27.6394100189, 95.6574630737, 27.9110622406, -3.30834007263, 6.33222293854, -2.39447188377], [69.8061447144, 32.365650177, 42.0500526428, 25.7589473724, 45.7614898682, -2.38001990318, 15.0897722244, 4.98782157898, 27.9110622406, 103.73223877, 36.1141014099, 22.9035606384, 20.3853034973], [108.312820435, 20.8629589081, 41.4016151428, 27.410320282, 20.8404483795, 23.1692428589, 3.11329746246, 15.0193223953, -3.30834007263, 36.1141014099, 105.269386292, 41.2806243896, 20.291677475], [21.2760944366, 5.96176099777, 50.0523910522, 22.8604221344, 41.5803451538, 15.4122476578, 11.3500766754, 2.56163215637, 6.33222293854, 22.9035606384, 41.2806243896, 95.6754760742, 25.1209468842], [202.060775757, -19.7662277222, -9.4486579895, 9.36746120453, 8.45933818817, 15.8469572067, 14.6029520035, 18.2315864563, -2.39447188377, 20.3853034973, 20.291677475, 25.1209468842, 87.2068710327]],
