{
"lowlevel": {
    "average_loudness": 0.587056338787,
    "barkbands_crest": {
        "dmean": 2.56452083588,
        "dmean2": 3.82933139801,
        "dvar": 4.7994852066,
        "dvar2": 11.0742845535,
        "max": 26.6719055176,
        "mean": 13.5419559479,
        "median": 12.9396371841,
        "min": 4.08666610718,
        "var": 20.295759201
    },
    "barkbands_flatness_db": {
        "dmean": 0.0218925848603,
        "dmean2": 0.0294688083231,
        "dvar": 0.000357529293979,
        "dvar2": 0.000690718763508,
        "max": 0.73793053627,
        "mean": 0.34823307395,
        "median": 0.349529802799,
        "min": 0.0561198852956,
        "var": 0.0102636031806
    },
    "barkbands_kurtosis": {
        "dmean": 4.07369232178,
        "dmean2": 6.17446660995,
        "dvar": 79.2372741699,
        "dvar2": 183.87437439,
        "max": 353.66506958,
        "mean": 5.34732103348,
        "median": 2.36536359787,
        "min": -1.91650855541,
        "var": 148.635360718
    },
    "barkbands_skewness": {
        "dmean": 0.685710608959,
        "dmean2": 0.963975429535,
        "dvar": 0.486826658249,
        "dvar2": 1.03403639793,
        "max": 16.893075943,
        "mean": 1.61291754246,
        "median": 1.45253968239,
        "min": -3.72759652138,
        "var": 1.97745168209
    },
    "barkbands_spread": {
        "dmean": 3.39171743393,
        "dmean2": 5.30527019501,
        "dvar": 19.2755088806,
        "dvar2": 49.056186676,
        "max": 77.6159973145,
        "mean": 11.1332416534,
        "median": 7.27832460403,
        "min": 0.126115009189,
        "var": 98.9625320435
    },
    "dissonance": {
        "dmean": 0.0432458519936,
        "dmean2": 0.0712686255574,
        "dvar": 0.00141562952194,
        "dvar2": 0.00391031662002,
        "max": 0.499848723412,
        "mean": 0.329634487629,
        "median": 0.337052851915,
        "min": 0.0377092659473,
        "var": 0.00587580911815
    },
    "dynamic_complexity": 3.38132190704,
    "erbbands_crest": {
        "dmean": 3.31485533714,
        "dmean2": 4.90849208832,
        "dvar": 7.62632369995,
        "dvar2": 17.1279792786,
        "max": 33.8094787598,
        "mean": 15.7338914871,
        "median": 14.8732776642,
        "min": 2.47939634323,
        "var": 33.3421859741
    },
    "erbbands_flatness_db": {
        "dmean": 0.0171098057181,
        "dmean2": 0.024263208732,
        "dvar": 0.000211919250432,
        "dvar2": 0.000449359184131,
        "max": 0.689300954342,
        "mean": 0.368138849735,
        "median": 0.365449219942,
        "min": 0.079129062593,
        "var": 0.00923163257539
    },
    "erbbands_kurtosis": {
        "dmean": 2.36467933655,
        "dmean2": 3.67518854141,
        "dvar": 17.9326171875,
        "dvar2": 40.5399780273,
        "max": 101.481895447,
        "mean": 2.41954874992,
        "median": 0.935859918594,
        "min": -1.87364900112,
        "var": 33.1480827332
    },
    "erbbands_skewness": {
        "dmean": 0.56554877758,
        "dmean2": 0.819266498089,
        "dvar": 0.289362668991,
        "dvar2": 0.623388707638,
        "max": 8.47713851929,
        "mean": 1.0479054451,
        "median": 0.973256587982,
        "min": -3.29545092583,
        "var": 1.09399056435
    },
    "erbbands_spread": {
        "dmean": 5.883436203,
        "dmean2": 9.29720783234,
        "dvar": 52.5955429077,
        "dvar2": 136.244140625,
        "max": 102.427711487,
        "mean": 20.4426860809,
        "median": 14.4485330582,
        "min": 0.403341919184,
        "var": 266.662902832
    },
    "hfc": {
        "dmean": 5.72713565826,
        "dmean2": 8.34648323059,
        "dvar": 59.7039031982,
        "dvar2": 145.819259644,
        "max": 172.706710815,
        "mean": 20.7903137207,
        "median": 14.6093883514,
        "min": 1.10277105375e-16,
        "var": 385.589538574
    },
    "melbands_crest": {
        "dmean": 3.06254529953,
        "dmean2": 4.40341234207,
        "dvar": 7.14259004593,
        "dvar2": 14.908826828,
        "max": 32.280708313,
        "mean": 17.4107913971,
        "median": 16.7795963287,
        "min": 1.52879667282,
        "var": 34.622303009
    },
    "melbands_flatness_db": {
        "dmean": 0.0230751819909,
        "dmean2": 0.0292149372399,
        "dvar": 0.000396215036744,
        "dvar2": 0.000739319541026,
        "max": 0.835323631763,
        "mean": 0.373849272728,
        "median": 0.372349202633,
        "min": 0.00309021747671,
        "var": 0.0156007343903
    },
    "melbands_kurtosis": {
        "dmean": 6.76772403717,
        "dmean2": 10.0708065033,
        "dvar": 131.787231445,
        "dvar2": 292.72567749,
        "max": 246.302368164,
        "mean": 10.9976158142,
        "median": 6.24791526794,
        "min": -1.91209828854,
        "var": 281.019317627
    },
    "melbands_skewness": {
        "dmean": 0.808006644249,
        "dmean2": 1.12629854679,
        "dvar": 0.601472496986,
        "dvar2": 1.27511107922,
        "max": 11.7915086746,
        "mean": 2.22928738594,
        "median": 2.04734444618,
        "min": -2.94577860832,
        "var": 2.56925201416
    },
    "melbands_spread": {
        "dmean": 4.50412082672,
        "dmean2": 6.7235045433,
        "dvar": 37.4103279114,
        "dvar2": 84.7623672485,
        "max": 161.030914307,
        "mean": 14.6520137787,
        "median": 9.61496829987,
        "min": 0.266341924667,
        "var": 258.15045166
    },
    "pitch_salience": {
        "dmean": 0.0624335892498,
        "dmean2": 0.0951648727059,
        "dvar": 0.00328946113586,
        "dvar2": 0.00739771593362,
        "max": 0.910562992096,
        "mean": 0.404286056757,
        "median": 0.403796076775,
        "min": 0.0359548553824,
        "var": 0.0109561132267
    },
    "silence_rate_20dB": {
        "dmean": 0,
        "dmean2": 0,
        "dvar": 0,
        "dvar2": 0,
        "max": 1,
        "mean": 1,
        "median": 1,
        "min": 1,
        "var": 0
    },
    "silence_rate_30dB": {
        "dmean": 0.00113507383503,
        "dmean2": 0.00227033160627,
        "dvar": 0.0011337378528,
        "dvar2": 0.00275145168416,
        "max": 1,
        "mean": 0.998783946037,
        "median": 1,
        "min": 0,
        "var": 0.00121479248628
    },
    "silence_rate_60dB": {
        "dmean": 0.0233500897884,
        "dmean2": 0.0467039644718,
        "dvar": 0.0228063259274,
        "dvar2": 0.053436756134,
        "max": 1,
        "mean": 0.0811511948705,
        "median": 0,
        "min": 0,
        "var": 0.0745714306831
    },
    "spectral_centroid": {
        "dmean": 164.30078125,
        "dmean2": 237.447967529,
        "dvar": 46669.0898438,
        "dvar2": 96286.9921875,
        "max": 11411.2167969,
        "mean": 1027.82250977,
        "median": 823.333557129,
        "min": 370.66229248,
        "var": 619702.375
    },
    "spectral_complexity": {
        "dmean": 0.952975511551,
        "dmean2": 1.6354496479,
        "dvar": 0.903608620167,
        "dvar2": 2.28006720543,
        "max": 19,
        "mean": 7.44102144241,
        "median": 7,
        "min": 0,
        "var": 11.6065282822
    },
    "spectral_decrease": {
        "dmean": 1.37594335925e-09,
        "dmean2": 1.55513169009e-09,
        "dvar": 1.90560265371e-18,
        "dvar2": 2.52275487091e-18,
        "max": 7.04836381335e-18,
        "mean": -5.41649347596e-09,
        "median": -4.48440040657e-09,
        "min": -3.4735037957e-08,
        "var": 1.81465062985e-17
    },
    "spectral_energy": {
        "dmean": 0.00556971644983,
        "dmean2": 0.00639640074223,
        "dvar": 3.08395865432e-05,
        "dvar2": 4.25584366894e-05,
        "max": 0.14044727385,
        "mean": 0.0223288293928,
        "median": 0.0187025032938,
        "min": 1.03028439143e-20,
        "var": 0.000302686938085
    },
    "spectral_energyband_high": {
        "dmean": 0.000445008656243,
        "dmean2": 0.000728233542759,
        "dvar": 1.09733605314e-06,
        "dvar2": 2.81555981019e-06,
        "max": 0.025133792311,
        "mean": 0.000791423139162,
        "median": 3.69669505744e-05,
        "min": 6.96240587305e-21,
        "var": 2.59424450633e-06
    },
    "spectral_energyband_low": {
        "dmean": 5.6928961385e-06,
        "dmean2": 6.84229644321e-06,
        "dvar": 1.87838161692e-10,
        "dvar2": 3.13741060909e-10,
        "max": 0.00149896508083,
        "mean": 6.32859519101e-05,
        "median": 1.36350627145e-06,
        "min": 1.45747053618e-23,
        "var": 2.85822903123e-08
    },
    "spectral_energyband_middle_high": {
        "dmean": 0.00220190128312,
        "dmean2": 0.00309273321182,
        "dvar": 7.07759863872e-06,
        "dvar2": 1.35745094667e-05,
        "max": 0.0694931596518,
        "mean": 0.00595464138314,
        "median": 0.00383099890314,
        "min": 1.17430758265e-21,
        "var": 4.78359033877e-05
    },
    "spectral_energyband_middle_low": {
        "dmean": 0.0048446864821,
        "dmean2": 0.00510264839977,
        "dvar": 2.57989577221e-05,
        "dvar2": 3.0676877941e-05,
        "max": 0.115666799247,
        "mean": 0.0156655143946,
        "median": 0.0119180297479,
        "min": 1.69507326357e-22,
        "var": 0.000203895120649
    },
    "spectral_entropy": {
        "dmean": 0.162055596709,
        "dmean2": 0.208429396152,
        "dvar": 0.0208963267505,
        "dvar2": 0.0382034629583,
        "max": 9.81987285614,
        "mean": 5.73354530334,
        "median": 5.78078651428,
        "min": 2.91789793968,
        "var": 0.576644837856
    },
    "spectral_flux": {
        "dmean": 0.0141099942848,
        "dmean2": 0.0241559240967,
        "dvar": 0.000155709509272,
        "dvar2": 0.000456294335891,
        "max": 0.157688379288,
        "mean": 0.0488107167184,
        "median": 0.0485042668879,
        "min": 6.17339235287e-11,
        "var": 0.000499609974213
    },
    "spectral_kurtosis": {
        "dmean": 13.3312997818,
        "dmean2": 22.4964122772,
        "dvar": 644.105957031,
        "dvar2": 1787.15393066,
        "max": 721.896911621,
        "mean": 38.858757019,
        "median": 12.5274353027,
        "min": -1.24030053616,
        "var": 4729.23730469
    },
    "spectral_rms": {
        "dmean": 0.000587991613429,
        "dmean2": 0.000678280834109,
        "dvar": 2.36298774325e-07,
        "dvar2": 3.59461097332e-07,
        "max": 0.0117056285962,
        "mean": 0.0042755426839,
        "median": 0.00427157385275,
        "min": 3.17041878861e-12,
        "var": 3.50394429915e-06
    },
    "spectral_rolloff": {
        "dmean": 465.816497803,
        "dmean2": 830.593505859,
        "dvar": 1036634.3125,
        "dvar2": 2529180.75,
        "max": 19616.7480469,
        "mean": 1598.04882812,
        "median": 990.52734375,
        "min": 344.53125,
        "var": 4287536.5
    },
    "spectral_skewness": {
        "dmean": 0.764408826828,
        "dmean2": 1.29790997505,
        "dvar": 0.920451939106,
        "dvar2": 2.66472601891,
        "max": 21.9731807709,
        "mean": 3.61440062523,
        "median": 2.5672750473,
        "min": -0.0678503662348,
        "var": 8.97647285461
    },
    "spectral_spread": {
        "dmean": 381784.53125,
        "dmean2": 628110.8125,
        "dvar": 260397285376,
        "dvar2": 523108548608,
        "max": 42271284,
        "mean": 2865776.5,
        "median": 2220856.75,
        "min": 130331.1875,
        "var": 8.32916527514e+12
    },
    "spectral_strongpeak": {
        "dmean": 0.731570005417,
        "dmean2": 1.14357674122,
        "dvar": 1.82906210423,
        "dvar2": 4.90709495544,
        "max": 34.8254356384,
        "mean": 2.20905447006,
        "median": 1.82498073578,
        "min": 0,
        "var": 3.28974962234
    },
    "zerocrossingrate": {
        "dmean": 0.00838648993522,
        "dmean2": 0.0105277597904,
        "dvar": 0.000102083649836,
        "dvar2": 0.000157092508744,
        "max": 0.5283203125,
        "mean": 0.0584188252687,
        "median": 0.0419921875,
        "min": 0.0146484375,
        "var": 0.00280942232348
    },
    "barkbands": {
        "dmean": [1.47422028363e-07, 3.54191206497e-06, 2.23166171054e-06, 1.24132407109e-06, 6.93233823768e-06, 0.00210226583295, 0.00228558923118, 0.000725359888747, 0.00119880039711, 0.000245574046858, 0.00135658960789, 0.000256994040683, 0.000490283884574, 0.000345838721842, 0.000344959873473, 0.00015457214613, 3.55741030944e-05, 4.44507313659e-05, 8.05900435807e-06, 7.84576259321e-05, 9.47891312535e-05, 0.00019270402845, 0.000123312012875, 0.000221072055865, 1.75057084562e-05, 2.29824010489e-07, 2.8124882423e-09],
        "dmean2": [2.4941377319e-07, 4.58081376564e-06, 2.69760744231e-06, 1.75238494649e-06, 7.37229674996e-06, 0.00207554898225, 0.00228147092275, 0.000735732610337, 0.00157047400717, 0.000277371058473, 0.00195934064686, 0.000398436270189, 0.000577852595598, 0.000580908032134, 0.000526284624357, 0.000240920373471, 5.38987442269e-05, 7.42191477912e-05, 1.32680670504e-05, 0.000114029870019, 0.00015144169447, 0.000316379126161, 0.000197918605409, 0.000374408846255, 3.0278801205e-05, 4.18219912035e-07, 5.07516029202e-09],
        "dvar": [2.04372692272e-13, 9.66478563846e-11, 3.24867251156e-11, 1.63823832972e-11, 4.29511148869e-10, 1.34565107146e-05, 7.48894717617e-06, 1.41322630043e-06, 7.13422150511e-06, 6.00279349783e-07, 4.10023403674e-06, 5.47474769519e-07, 1.6452285081e-06, 3.64413153875e-07, 1.19792241549e-06, 3.34301347493e-07, 1.19127072651e-08, 2.21293934288e-08, 2.03977679192e-09, 4.59732412139e-08, 1.1721411397e-07, 4.98375925417e-07, 2.43367793473e-07, 3.58092819397e-07, 3.51388362851e-09, 7.94897947378e-13, 1.00677297172e-16],
        "dvar2": [5.43420397656e-13, 1.94014304622e-10, 4.26310237112e-11, 2.55222371015e-11, 3.33791216889e-10, 1.31815286295e-05, 7.48700040276e-06, 1.61040259172e-06, 1.374148178e-05, 6.77362777424e-07, 8.18701755634e-06, 1.25969722831e-06, 1.38368375247e-06, 9.72241082309e-07, 2.88945989269e-06, 7.18932540167e-07, 3.02493354809e-08, 5.95851297192e-08, 5.69805536088e-09, 8.90520368557e-08, 2.83703457171e-07, 1.28159649648e-06, 5.85192879043e-07, 9.50307651237e-07, 1.00906563105e-08, 2.5978884842e-12, 3.26355918286e-16],
        "max": [1.06062416307e-05, 0.00128002662677, 0.000513163511641, 0.000577480532229, 0.00218443898484, 0.0978168174624, 0.0534208938479, 0.0629138499498, 0.0650621503592, 0.0450371541083, 0.0375149510801, 0.0211686827242, 0.0604498684406, 0.0088215963915, 0.0307272262871, 0.0155667643994, 0.00294368411414, 0.00539033999667, 0.00190614478197, 0.00677562598139, 0.0086890719831, 0.0243368893862, 0.00857340823859, 0.0131740216166, 0.00144712766632, 2.46185099968e-05, 2.02658156923e-07],
        "mean": [1.6922670909e-07, 4.02209443564e-05, 1.91763865587e-05, 6.81275832903e-06, 3.02950156765e-05, 0.00577776506543, 0.00552542041987, 0.00172091741115, 0.00227734376676, 0.000626219960395, 0.00210644118488, 0.000369241577573, 0.00157128612045, 0.000460469018435, 0.000544482434634, 0.000218588844291, 5.41667650396e-05, 6.18036428932e-05, 1.23011341202e-05, 0.000121306868095, 0.000131146196509, 0.000233829094213, 0.000143008641317, 0.000249116652412, 2.6844900276e-05, 3.86933805885e-07, 4.15198364578e-09],
        "median": [7.20380155528e-09, 4.74030912301e-07, 3.37582292786e-07, 3.05945491164e-07, 2.14677106669e-06, 0.0013641823316, 0.00343269528821, 0.00099354237318, 0.000511555466801, 4.1004128434e-05, 0.00108853098936, 4.23850688094e-05, 0.000172904809006, 0.000215991967707, 4.30764448538e-05, 2.65013368335e-05, 5.84270765103e-06, 9.8026721389e-06, 1.01105570138e-06, 7.10204267307e-06, 1.42582177887e-06, 2.24651330427e-06, 4.12994296539e-07, 4.70314432732e-07, 2.14202682258e-08, 1.44791156842e-09, 5.16255038718e-10],
        "min": [5.43460723622e-25, 2.87874276977e-24, 2.12510332067e-24, 2.70966285929e-24, 5.61308967843e-24, 1.06696056449e-23, 1.36432026277e-23, 9.82890395647e-24, 1.55828459328e-23, 3.36547373482e-23, 1.26341138458e-23, 1.84711307641e-23, 3.7496022951e-23, 3.11612521565e-23, 5.52047196502e-23, 5.09364015513e-23, 8.46228132426e-23, 9.96464230579e-23, 1.10193657444e-22, 1.60665281082e-22, 2.24811272088e-22, 3.75895528243e-22, 3.51397825173e-22, 6.55529073903e-22, 7.91556310406e-22, 1.31934439324e-21, 1.97046155112e-21],
        "var": [2.55609552621e-13, 1.4946033744e-08, 2.68768274303e-09, 1.08901376805e-09, 1.21278382892e-08, 0.000103910249891, 4.00892640755e-05, 6.67029507895e-06, 1.88648573385e-05, 4.67157678941e-06, 8.76537069416e-06, 1.04915022803e-06, 2.65098042291e-05, 5.31402349679e-07, 2.3990835416e-06, 5.32470210146e-07, 2.26872316489e-08, 3.07874294947e-08, 3.24920446104e-09, 1.0793007732e-07, 2.06496466149e-07, 6.52915502997e-07, 3.20392643971e-07, 4.42359919361e-07, 7.33422300669e-09, 1.63927953243e-12, 1.82494876377e-16]
    },
    "erbbands": {
        "dmean": [5.44783251826e-05, 0.000956438947469, 0.00278412993066, 0.00296301022172, 0.0106346309185, 0.0609466060996, 2.47182774544, 22.643289566, 11.7564344406, 60.8674545288, 9.25700759888, 17.0961112976, 28.3913650513, 18.4829883575, 43.0500183105, 9.74102020264, 21.0701789856, 22.1337585449, 4.67953538895, 25.4066371918, 6.27284288406, 1.62232649326, 2.59041500092, 0.938517272472, 0.888494074345, 4.91715049744, 0.767831325531, 5.05267763138, 7.49514293671, 6.79803180695, 2.37573671341, 7.74099493027, 0.925500869751, 0.395582079887, 0.0377388820052, 0.00636733416468, 0.000516883505043, 2.00255108211e-05, 5.05435127707e-06, 7.02936404195e-06],
        "dmean2": [8.25353781693e-05, 0.00119979586452, 0.00326349772513, 0.00372568075545, 0.0115998741239, 0.0659492313862, 2.56426382065, 22.2627258301, 11.9964141846, 60.018699646, 9.42244148254, 21.6991462708, 36.9645080566, 25.4408874512, 61.9815940857, 13.7194919586, 22.6471328735, 36.9193572998, 7.22263813019, 38.5579528809, 9.99542999268, 2.48394846916, 4.21207475662, 1.57162880898, 1.3282572031, 7.14830446243, 1.21993350983, 8.14110279083, 12.2233924866, 11.020734787, 3.89320087433, 13.1283626556, 1.60356926918, 0.676029801369, 0.0674561187625, 0.0113964723423, 0.000953098526224, 3.54708645318e-05, 7.42605107007e-06, 8.69861924002e-06],
        "dvar": [2.29714807176e-08, 7.19494528312e-06, 5.06524083903e-05, 9.85374936135e-05, 0.00194802379701, 0.0254842508584, 64.6801834106, 1622.99072266, 347.646057129, 5187.56152344, 498.423553467, 1197.52368164, 3457.22363281, 913.105712891, 3771.9909668, 522.71282959, 4049.82739258, 1634.94726562, 111.62210083, 6385.10986328, 355.12802124, 13.1902122498, 63.8900871277, 9.70925807953, 5.38233280182, 184.878753662, 11.072136879, 313.54800415, 759.032897949, 455.679168701, 43.4223594666, 465.973449707, 12.3566169739, 1.58254718781, 0.0218394808471, 0.000563482230064, 4.02479508921e-06, 3.16268256029e-09, 5.69542121798e-11, 5.14142790842e-11],
        "dvar2": [6.11156707464e-08, 1.36899989229e-05, 6.61089070491e-05, 0.000136902366648, 0.0012483629398, 0.0294807963073, 69.3355712891, 1593.3338623, 349.364807129, 5153.17236328, 576.722595215, 2195.41357422, 6281.3984375, 1414.51306152, 7474.23876953, 1081.19384766, 2990.53857422, 4386.74951172, 261.540100098, 15186.2207031, 829.048339844, 31.2801322937, 175.828140259, 26.558921814, 11.4825658798, 356.460662842, 26.6577777863, 767.294921875, 1959.4486084, 1105.4296875, 107.186782837, 1227.05053711, 35.5536384583, 4.44520521164, 0.0689046084881, 0.00171489128843, 1.34676383823e-05, 1.0103372361e-08, 1.50818760258e-10, 8.90816517773e-11],
        "max": [0.0124420998618, 0.351113528013, 0.816849827766, 1.41315591335, 5.04397535324, 7.21920537949, 401.934020996, 931.910827637, 544.937683105, 1520.10742188, 1195.70471191, 780.47479248, 1380.26989746, 1697.91992188, 1140.01403809, 752.98828125, 3050.30297852, 674.021179199, 239.288238525, 2285.18310547, 443.41305542, 76.5380020142, 363.742462158, 89.366859436, 87.0295562744, 417.414337158, 109.767715454, 452.001098633, 948.895996094, 335.454040527, 191.72517395, 480.225250244, 111.012306213, 29.7462902069, 4.25225448608, 0.599711358547, 0.0638356357813, 0.00176314113196, 0.000163353106473, 0.000172878586454],
        "mean": [0.000396912917495, 0.0113239632919, 0.0286668017507, 0.0205535423011, 0.0487254671752, 0.238230600953, 8.70392990112, 60.391418457, 33.9671974182, 144.641677856, 23.3976287842, 35.8932571411, 52.8367843628, 36.6007385254, 70.6184005737, 22.207326889, 74.3910751343, 32.8422012329, 8.63175010681, 40.1835327148, 9.50557613373, 2.68189930916, 3.76206111908, 1.40695917606, 1.47581195831, 7.57974433899, 1.22316563129, 7.12159252167, 9.57901668549, 8.13932704926, 3.03221011162, 8.16684627533, 1.08559250832, 0.568485856056, 0.0598829463124, 0.00963373482227, 0.000961798010394, 5.34989922016e-05, 1.79998332897e-05, 2.83763893094e-05],
        "median": [1.39192407005e-05, 0.000130606757011, 0.000477138150018, 0.00131240184419, 0.00606323685497, 0.0543486960232, 0.971145868301, 13.5709209442, 18.6203041077, 87.8967132568, 12.1576414108, 9.94728565216, 14.0132980347, 15.9039373398, 39.3696899414, 5.23415899277, 6.81939220428, 15.8276386261, 3.20054101944, 3.38057947159, 1.4429012537, 0.859845936298, 0.921491980553, 0.307921022177, 0.19589176774, 0.379405319691, 0.111042737961, 0.0819098874927, 0.0982848331332, 0.0469564162195, 0.068515136838, 0.0371363200247, 0.00343175348826, 0.000525743118487, 0.000139680269058, 4.31488842878e-05, 1.33487601488e-05, 3.29679323841e-06, 1.12988554974e-05, 2.32648999372e-05],
        "min": [9.9408609894e-23, 7.98921721662e-22, 2.484757058e-21, 1.23429782664e-20, 9.94685252051e-21, 1.93926646188e-20, 4.62195083641e-20, 1.06182596756e-19, 1.25329288234e-19, 1.66970025559e-19, 2.26289809773e-19, 3.63486761653e-19, 5.52902152188e-19, 1.17789733406e-18, 1.15227334663e-18, 1.32837068987e-18, 2.08781131071e-18, 2.38129189012e-18, 2.73892673668e-18, 3.17184453155e-18, 4.49977071524e-18, 5.73051537787e-18, 5.30811270293e-18, 6.42016811459e-18, 6.87215035464e-18, 8.46458470319e-18, 7.61382944318e-18, 9.62111223971e-18, 9.62982327874e-18, 1.12017791169e-17, 1.08444610805e-17, 9.18743302508e-18, 1.13626674004e-17, 6.80811168598e-18, 6.52263056348e-18, 4.28063774968e-18, 2.51714762033e-18, 9.38279757613e-19, 2.75523367187e-19, 2.61935335888e-20],
        "var": [1.41291195632e-06, 0.00117124908138, 0.00622481899336, 0.00610069511458, 0.0419602766633, 0.351282596588, 816.053894043, 11246.234375, 2231.67431641, 27239.4863281, 2377.15625, 3973.23706055, 9299.67871094, 5827.49365234, 8423.56738281, 2436.40380859, 65459.59375, 2662.04199219, 277.866119385, 12979.3339844, 583.198974609, 27.5892066956, 86.5891952515, 13.7790241241, 12.7825202942, 430.589660645, 17.3683300018, 599.949890137, 1006.15960693, 606.596923828, 63.8769416809, 540.257507324, 13.5524978638, 3.06844210625, 0.034386523068, 0.000853335193824, 7.99037570687e-06, 1.36009692397e-08, 3.35085903469e-10, 5.02603014763e-10]
    },
    "gfcc": {
        "mean": [-155.473754883, 104.037086487, -193.564910889, -48.35181427, -98.0677642822, -8.45297241211, -32.2767944336, -10.7147121429, 8.66620540619, 0.47724083066, 11.7567148209, 0.054750084877, -0.393688648939],
        "cov": [[18394.1425781, -2041.6270752, -832.858947754, 2786.97558594, -2485.36376953, 1418.50109863, -1137.60339355, -62.8631782532, 113.510902405, 233.679611206, -32.7326202393, -79.7746276855, 405.378387451], [-2041.6270752, 4463.29736328, 384.523071289, -1630.38720703, 1540.24694824, -1245.54711914, 566.235778809, -395.604278564, 40.77318573, -155.13671875, 246.345947266, 202.439300537, -36.9739532471], [-832.858947754, 384.523071289, 1568.28808594, -145.803329468, 79.2118911743, 371.711120605, -419.580841064, 89.1248474121, -200.561050415, -23.6258106232, 79.4893493652, 153.676559448, 98.0224609375], [2786.97558594, -1630.38720703, -145.803329468, 1950.63647461, -504.913452148, 520.405517578, -39.413482666, 60.113407135, 95.4579086304, 72.5569992065, -192.731658936, -69.6455841064, 67.2671432495], [-2485.36376953, 1540.24694824, 79.2118911743, -504.913452148, 1257.45874023, -375.614807129, 465.168273926, 57.7890625, -3.47107815742, -65.8749465942, -63.0116043091, -55.4177322388, -159.909378052], [1418.50109863, -1245.54711914, 371.711120605, 520.405517578, -375.614807129, 1107.52783203, -215.489181519, 225.754699707, -25.5309123993, -29.9791145325, -97.0311965942, -165.112686157, -91.3549423218], [-1137.60339355, 566.235778809, -419.580841064, -39.413482666, 465.168273926, -215.489181519, 945.874511719, -31.1899776459, 77.2848510742, 129.199371338, -124.144065857, -166.618835449, -232.656036377], [-62.8631782532, -395.604278564, 89.1248474121, 60.113407135, 57.7890625, 225.754699707, -31.1899776459, 363.956298828, -21.3039207458, -82.9917373657, -29.6956882477, -85.1869354248, -77.2303085327], [113.510902405, 40.77318573, -200.561050415, 95.4579086304, -3.47107815742, -25.5309123993, 77.2848510742, -21.3039207458, 281.324920654, 19.2544574738, -54.5933647156, -18.944480896, -44.9652900696], [233.679611206, -155.13671875, -23.6258106232, 72.5569992065, -65.8749465942, -29.9791145325, 129.199371338, -82.9917373657, 19.2544574738, 351.481384277, -42.3466567993, -12.6605796814, -2.79380822182], [-32.7326202393, 246.345947266, 79.4893493652, -192.731658936, -63.0116043091, -97.0311965942, -124.144065857, -29.6956882477, -54.5933647156, -42.3466567993, 255.287399292, 93.3745651245, 3.1100435257], [-79.7746276855, 202.439300537, 153.676559448, -69.6455841064, -55.4177322388, -165.112686157, -166.618835449, -85.1869354248, -18.944480896, -12.6605796814, 93.3745651245, 271.862518311, 105.874267578], [405.378387451, -36.9739532471, 98.0224609375, 67.2671432495, -159.909378052, -91.3549423218, -232.656036377, -77.2303085327, -44.9652900696, -2.79380822182, 3.1100435257, 105.874267578, 259.031433105]],
        "icov": [[0.000269345677225, -0.000725451100152, 0.000570987351239, -0.000522509857547, 0.000835334532894, -0.000568291521631, 0.000535492843483, -0.000585988746025, 0.000470109283924, -0.000562696892302, 0.000358732999302, -2.17969591176e-05, 9.61975529208e-05], [-0.000725451100152, 0.00303280283697, -0.00204698508605, 0.00181075150613, -0.003157510655, 0.0020415103063, -0.00191099802032, 0.00256846286356, -0.00194122642279, 0.00209397193976, -0.00179150397889, 0.000227039985475, -0.000692950270604], [0.000570987351239, -0.00204698508605, 0.002487415215, -0.00120052543934, 0.0018027711194, -0.0020168274641, 0.0016952729784, -0.00178169552237, 0.00178178586066, -0.00174535589758, 0.00103792280424, -0.000780129455961, 0.000174649539986], [-0.000522509857547, 0.00181075150613, -0.00120052543934, 0.00187857972924, -0.00175530381966, 0.000956913747359, -0.00136460573412, 0.00142889737617, -0.001319632167, 0.00125817896333, -0.000634466297925, -5.422436152e-05, -0.000688843312673], [0.000835334532894, -0.003157510655, 0.0018027711194, -0.00175530381966, 0.00479259993881, -0.00160096783657, 0.00146384304389, -0.00293850945309, 0.002059556311, -0.00175528100226, 0.00239084730856, -0.000121131095511, 0.00120772584341], [-0.000568291521631, 0.0020415103063, -0.0020168274641, 0.000956913747359, -0.00160096783657, 0.00336227822118, -0.000991571112536, 0.00120432302356, -0.00120649312157, 0.00162674172316, -0.000541902205441, 0.00107444636524, 0.000736864865758], [0.000535492843483, -0.00191099802032, 0.0016952729784, -0.00136460573412, 0.00146384304389, -0.000991571112536, 0.00349072203971, -0.00122703320812, 0.00141858670395, -0.00203070323914, 0.00169940816704, 0.000374234950868, 0.00197644461878], [-0.000585988746025, 0.00256846286356, -0.00178169552237, 0.00142889737617, -0.00293850945309, 0.00120432302356, -0.00122703320812, 0.00589512940496, -0.00134689745028, 0.00245433463715, -0.0012987931259, 0.000862572982442, 0.000308772054268], [0.000470109283924, -0.00194122642279, 0.00178178586066, -0.001319632167, 0.002059556311, -0.00120649312157, 0.00141858670395, -0.00134689745028, 0.0055012232624, -0.00138940929901, 0.00212796754204, -0.000643879408017, 0.00155172345694], [-0.000562696892302, 0.00209397193976, -0.00174535589758, 0.00125817896333, -0.00175528100226, 0.00162674172316, -0.00203070323914, 0.00245433463715, -0.00138940929901, 0.00490147294477, -0.000688046100549, 0.000251752469921, -0.000371767499018], [0.000358732999302, -0.00179150397889, 0.00103792280424, -0.000634466297925, 0.00239084730856, -0.000541902205441, 0.00169940816704, -0.0012987931259, 0.00212796754204, -0.000688046100549, 0.00687394710258, -0.00167413870804, 0.00234255194664], [-2.17969591176e-05, 0.000227039985475, -0.000780129455961, -5.422436152e-05, -0.000121131095511, 0.00107444636524, 0.000374234950868, 0.000862572982442, -0.000643879408017, 0.000251752469921, -0.00167413870804, 0.00611080462113, -0.00131335447077], [9.61975529208e-05, -0.000692950270604, 0.000174649539986, -0.000688843312673, 0.00120772584341, 0.000736864865758, 0.00197644461878, 0.000308772054268, 0.00155172345694, -0.000371767499018, 0.00234255194664, -0.00131335447077, 0.00737061398104]]
    },
    "melbands": {
        "dmean": [7.47806097934e-07, 1.40307201946e-06, 6.35326216525e-07, 1.01464740965e-06, 6.48509376333e-05, 0.000474776985357, 0.0002428922744, 0.00056701223366, 4.59040929854e-05, 0.000145278274431, 0.000142849748954, 6.27631015959e-05, 0.000202076684218, 3.57717253792e-05, 3.26414992742e-05, 5.02073125972e-05, 3.72565191356e-05, 6.43729435978e-06, 2.22326943913e-05, 2.81754219031e-05, 4.39201085101e-06, 1.27280338802e-06, 2.71940143648e-06, 2.5659212497e-06, 5.63620687899e-07, 3.24704444665e-07, 2.27980717682e-06, 3.00221790894e-06, 5.72758381168e-07, 4.93956235914e-08, 4.675594937e-06, 3.26170425069e-06, 5.5521086324e-06, 4.2025417315e-06, 1.14872364065e-06, 3.85394832847e-06, 3.90683499063e-06, 4.18694497739e-07, 6.79068705267e-07, 2.70871964858e-07],
        "dmean2": [1.03339914403e-06, 1.62811977589e-06, 7.8114101143e-07, 1.07609514544e-06, 6.72699025017e-05, 0.000466840661829, 0.000245815230301, 0.0005595634575, 4.77319590573e-05, 0.000189349331777, 0.000186522374861, 8.55343678268e-05, 0.000291186093818, 5.5403848819e-05, 3.11407493427e-05, 6.92790272296e-05, 6.25556349405e-05, 1.00242414192e-05, 3.39628641086e-05, 4.28168095823e-05, 7.30557530915e-06, 1.99170540327e-06, 4.16834291173e-06, 4.27117402069e-06, 9.52657046582e-07, 5.23355140558e-07, 3.32141280524e-06, 4.36541995441e-06, 9.25976451072e-07, 8.07116791179e-08, 7.53254471419e-06, 5.33627508048e-06, 9.14716747502e-06, 6.75065621181e-06, 1.85009639608e-06, 6.54788664178e-06, 6.62431693854e-06, 7.31466684556e-07, 1.18277273486e-06, 4.68374452112e-07],
        "dvar": [4.25413653957e-12, 1.29518930303e-11, 3.56571044392e-12, 1.79809101636e-11, 5.63628930195e-08, 6.91280661158e-07, 9.61928634524e-08, 4.35195119053e-07, 2.4910793428e-08, 9.78974910026e-08, 8.91986644547e-08, 1.35726203609e-08, 8.81970763089e-08, 1.06856763438e-08, 1.34887212511e-08, 9.7770085361e-09, 4.64918992193e-09, 2.88111812186e-10, 5.10367614837e-09, 7.29936511235e-09, 1.96391639062e-10, 1.5641160242e-11, 6.95392979311e-11, 8.04167565871e-11, 5.43447535237e-12, 3.51716203904e-12, 3.84249680685e-11, 6.85837567294e-11, 1.18724908377e-11, 5.11552843e-14, 2.84200274425e-10, 1.05521404115e-10, 5.64064517317e-10, 3.33667315999e-10, 2.31577344106e-11, 1.15343158635e-10, 1.18478629685e-10, 3.73879659871e-12, 7.05519496991e-12, 8.87933064748e-13],
        "dvar2": [9.9040090365e-12, 1.86497969845e-11, 4.40488314227e-12, 1.32301834418e-11, 5.80544146089e-08, 6.76552360801e-07, 9.51458005716e-08, 4.3429125185e-07, 2.85039707393e-08, 1.90265467381e-07, 1.6282803017e-07, 1.87178113009e-08, 1.74562757138e-07, 2.43461499849e-08, 9.79993775019e-09, 1.4176943175e-08, 1.24837145066e-08, 6.79090061961e-10, 1.23021433041e-08, 1.6490890431e-08, 5.24703835936e-10, 4.27535437608e-11, 1.79228507036e-10, 2.08427788917e-10, 1.56733150763e-11, 8.93858424778e-12, 7.52939516291e-11, 1.31764946176e-10, 2.87353023321e-11, 1.27548985913e-13, 6.95782598203e-10, 2.72080774577e-10, 1.44775846866e-09, 8.01620936297e-10, 5.71303490626e-11, 3.04744618429e-10, 3.11538905784e-10, 1.0746967552e-11, 2.03231684953e-11, 2.55065434919e-12],
        "max": [0.000244307244429, 0.000424835481681, 0.000192153296666, 0.000471090985229, 0.0119421165437, 0.0188598129898, 0.00823220703751, 0.0140784801915, 0.00780622055754, 0.00752482330427, 0.00702458247542, 0.00750119099393, 0.00553541071713, 0.0030828777235, 0.00548536563292, 0.00393770029768, 0.00106177141424, 0.000361152429832, 0.00201863027178, 0.00201742164791, 0.000263725087279, 0.000127019462525, 0.000304708140902, 0.000253638776485, 8.3860119048e-05, 8.03332659416e-05, 0.000210185360629, 0.000246829091338, 0.000112650901428, 1.03874599517e-05, 0.000429463223554, 0.000330606329953, 0.000821085937787, 0.000313594209729, 0.00017527770251, 0.000238449749304, 0.000241689107497, 5.70723714191e-05, 7.95781379566e-05, 2.26474367082e-05],
        "mean": [7.45765555621e-06, 1.60125709954e-05, 4.07871766583e-06, 4.38011602455e-06, 0.000235835643252, 0.00127635570243, 0.000696735747624, 0.00134423177224, 0.000113989488455, 0.000282457011053, 0.00026270528906, 0.000125558522996, 0.000319530459819, 5.2528710512e-05, 0.000126330094645, 0.000129956883029, 5.07689801452e-05, 9.8860655271e-06, 3.53689065378e-05, 4.38725910499e-05, 5.9317094383e-06, 1.94152198674e-06, 4.1123603296e-06, 3.28863939103e-06, 8.14902648472e-07, 4.68886895533e-07, 3.53953441845e-06, 4.59786542706e-06, 7.41677069982e-07, 8.48559551514e-08, 6.53571169096e-06, 4.18353374698e-06, 6.63356922814e-06, 4.86591579829e-06, 1.30939179144e-06, 4.0581585381e-06, 4.07545439884e-06, 4.29279992886e-07, 7.42594920666e-07, 3.71251786646e-07],
        "median": [1.22791419699e-07, 2.13365282775e-07, 1.96550459464e-07, 2.25914376983e-07, 1.87332261703e-05, 0.000300548796076, 0.000449629995273, 0.000842806184664, 2.4712204322e-05, 7.52346022637e-05, 6.22359584668e-05, 4.52647873317e-05, 0.000168202532222, 7.60415059631e-06, 2.23470692617e-06, 2.94170877169e-05, 2.37718304561e-05, 1.64279072123e-06, 3.3614851418e-06, 3.32183299179e-06, 6.1699915932e-07, 3.00318106383e-07, 5.88723253259e-07, 4.10132912521e-07, 1.32861003976e-07, 3.91392056542e-08, 1.71092366941e-07, 2.50183347816e-07, 2.32965202684e-08, 1.29488384459e-08, 2.37448407603e-08, 5.50961090084e-08, 1.33005881864e-08, 6.48583142748e-09, 4.84500572995e-09, 3.24167466204e-08, 8.27592394614e-09, 2.61007021551e-10, 1.11298054106e-10, 8.89746262778e-11],
        "min": [1.0083303907e-24, 1.49242770418e-24, 1.96721754366e-24, 1.09758221212e-24, 1.37232905478e-24, 2.53441523983e-24, 2.60698294893e-24, 2.10133395552e-24, 1.62970873017e-24, 2.05868221853e-24, 2.5129645341e-24, 4.34545134046e-24, 3.43109292041e-24, 2.52129352475e-24, 3.38380149801e-24, 4.10807678319e-24, 3.34245059265e-24, 3.5951345735e-24, 4.68002657746e-24, 4.12625568832e-24, 5.21259564647e-24, 5.13782504329e-24, 4.77816718496e-24, 4.24378018598e-24, 4.49384159876e-24, 3.68313437406e-24, 3.94378387791e-24, 4.07881950994e-24, 4.56863705106e-24, 4.30486050258e-24, 5.3130420944e-24, 4.7453635875e-24, 7.23325575545e-24, 4.98944149031e-24, 4.93377354838e-24, 4.80908343269e-24, 5.28885601347e-24, 7.14777478776e-24, 6.2537500464e-24, 4.8693141461e-24],
        "var": [5.04633057563e-10, 1.97869987062e-09, 1.87993995371e-10, 4.07012562542e-10, 7.19731360732e-07, 4.92006074637e-06, 6.56881468331e-07, 2.27657301366e-06, 1.21773666706e-07, 2.66430106421e-07, 2.40551969455e-07, 1.04524445987e-07, 1.91974081076e-07, 2.03422754197e-08, 2.23106681574e-07, 1.16170539854e-07, 6.76345335293e-09, 6.45624276263e-10, 1.01550519105e-08, 1.41936400411e-08, 2.92655427669e-10, 2.74042195186e-11, 1.19617010741e-10, 9.77087785681e-11, 7.29144175593e-12, 5.14349587227e-12, 9.26900153853e-11, 1.58469515288e-10, 1.71780818736e-11, 8.74122551685e-14, 5.43246947426e-10, 1.47480638812e-10, 7.33373750617e-10, 4.39259101315e-10, 2.90414602089e-11, 1.35118943811e-10, 1.36338648704e-10, 3.8174038583e-12, 7.29973720359e-12, 1.59596164409e-12]
    },
    "mfcc": {
        "mean": [-786.686889648, 136.443359375, -42.8814620972, -51.5569381714, -42.8281021118, -20.4834213257, -30.5545043945, -10.6041164398, -13.9960279465, 5.53839349747, 3.03712272644, 8.4057636261, 8.43982601166],
        "cov": [[9995.65332031, -1273.90405273, 704.009216309, 218.809936523, -189.483810425, 654.367126465, -540.816894531, -346.252593994, -71.5538024902, 310.709259033, -364.763916016, 34.0803375244, 407.115936279], [-1273.90405273, 3872.19140625, -237.201538086, -61.5121879578, 195.694259644, -305.673828125, 68.5267410278, -118.496635437, -153.188430786, -325.51953125, -75.7088317871, -71.7943954468, -9.06042194366], [704.009216309, -237.201538086, 1467.67492676, -266.759490967, 149.637786865, 260.393432617, -27.7324142456, -51.155090332, -58.487613678, -24.1521148682, -111.965301514, 33.5415344238, 158.615249634], [218.809936523, -61.5121879578, -266.759490967, 978.157592773, 115.927467346, 73.4412078857, 126.597740173, 24.21925354, 163.625, -6.63175392151, -18.6697902679, -83.8926544189, 50.0272026062], [-189.483810425, 195.694259644, 149.637786865, 115.927467346, 653.360900879, 120.518959045, 55.1645088196, 121.013847351, 48.6643943787, 53.8187866211, -90.1582641602, -22.6400547028, -137.619155884], [654.367126465, -305.673828125, 260.393432617, 73.4412078857, 120.518959045, 529.360351562, 156.675491333, 90.5333938599, 82.865562439, 110.113754272, 95.2926940918, 0.984103083611, 4.89139509201], [-540.816894531, 68.5267410278, -27.7324142456, 126.597740173, 55.1645088196, 156.675491333, 531.627319336, 190.981735229, 114.985176086, 89.5045166016, 168.842590332, 36.3609199524, -98.6058273315], [-346.252593994, -118.496635437, -51.155090332, 24.21925354, 121.013847351, 90.5333938599, 190.981735229, 451.72467041, 26.2183589935, 118.505104065, 83.9104385376, 78.0060424805, -166.120330811], [-71.5538024902, -153.188430786, -58.487613678, 163.625, 48.6643943787, 82.865562439, 114.985176086, 26.2183589935, 390.86038208, 46.1767692566, 153.732162476, -38.8419914246, 29.9324550629], [310.709259033, -325.51953125, -24.1521148682, -6.63175392151, 53.8187866211, 110.113754272, 89.5045166016, 118.505104065, 46.1767692566, 312.62298584, 69.6122894287, -4.44402885437, -36.6567115784], [-364.763916016, -75.7088317871, -111.965301514, -18.6697902679, -90.1582641602, 95.2926940918, 168.842590332, 83.9104385376, 153.732162476, 69.6122894287, 403.306427002, 82.5822296143, -21.6102638245], [34.0803375244, -71.7943954468, 33.5415344238, -83.8926544189, -22.6400547028, 0.984103083611, 36.3609199524, 78.0060424805, -38.8419914246, -4.44402885437, 82.5822296143, 287.555023193, -32.0846862793], [407.115936279, -9.06042194366, 158.615249634, 50.0272026062, -137.619155884, 4.89139509201, -98.6058273315, -166.120330811, 29.9324550629, -36.6567115784, -21.6102638245, -32.0846862793, 529.956604004]],
