{
"lowlevel": {
    "average_loudness": 0.878476500511,
    "barkbands_crest": {
        "dmean": 1.93705511093,
        "dmean2": 3.03115940094,
        "dvar": 3.48368859291,
        "dvar2": 9.02685546875,
        "max": 23.530790329,
        "mean": 9.66607093811,
        "median": 8.91430664062,
        "min": 2.889336586,
        "var": 12.1810188293
    },
    "barkbands_flatness_db": {
        "dmean": 0.0140674961731,
        "dmean2": 0.0216015428305,
        "dvar": 0.000176152185304,
        "dvar2": 0.000418909359723,
        "max": 0.312902420759,
        "mean": 0.184787422419,
        "median": 0.183701813221,
        "min": 0.0277053769678,
        "var": 0.00141592184082
    },
    "barkbands_kurtosis": {
        "dmean": 0.937725543976,
        "dmean2": 1.45862293243,
        "dvar": 1.27227580547,
        "dvar2": 3.05363535881,
        "max": 20.4456253052,
        "mean": 1.18892896175,
        "median": 0.896422624588,
        "min": -1.84951651096,
        "var": 4.19318628311
    },
    "barkbands_skewness": {
        "dmean": 0.262841105461,
        "dmean2": 0.405678570271,
        "dvar": 0.0677425265312,
        "dvar2": 0.160379707813,
        "max": 4.18338012695,
        "mean": 1.06608331203,
        "median": 1.11275279522,
        "min": -2.44361114502,
        "var": 0.421048372984
    },
    "barkbands_spread": {
        "dmean": 3.31975007057,
        "dmean2": 4.97284936905,
        "dvar": 9.17926120758,
        "dvar2": 20.7412872314,
        "max": 55.8035926819,
        "mean": 20.9222583771,
        "median": 20.0344657898,
        "min": 3.74633741379,
        "var": 58.0648612976
    },
    "dissonance": {
        "dmean": 0.0136324958876,
        "dmean2": 0.0223233308643,
        "dvar": 0.000154820270836,
        "dvar2": 0.000410919397837,
        "max": 0.5,
        "mean": 0.461784124374,
        "median": 0.465408444405,
        "min": 0.342897862196,
        "var": 0.000508474768139
    },
    "dynamic_complexity": 3.98785996437,
    "erbbands_crest": {
        "dmean": 2.24830818176,
        "dmean2": 3.35553002357,
        "dvar": 4.44582700729,
        "dvar2": 9.22704792023,
        "max": 29.8190746307,
        "mean": 9.64193248749,
        "median": 8.31401348114,
        "min": 2.70522451401,
        "var": 22.22797966
    },
    "erbbands_flatness_db": {
        "dmean": 0.0112559376284,
        "dmean2": 0.0162487253547,
        "dvar": 0.000134093526867,
        "dvar2": 0.000254904560279,
        "max": 0.366397500038,
        "mean": 0.236948505044,
        "median": 0.231442645192,
        "min": 0.0742509588599,
        "var": 0.00183312408626
    },
    "erbbands_kurtosis": {
        "dmean": 0.515765011311,
        "dmean2": 0.791590929031,
        "dvar": 0.433679193258,
        "dvar2": 0.944830477238,
        "max": 10.6627664566,
        "mean": -0.453956246376,
        "median": -0.789839744568,
        "min": -1.78864097595,
        "var": 1.25424540043
    },
    "erbbands_skewness": {
        "dmean": 0.283522933722,
        "dmean2": 0.418142795563,
        "dvar": 0.0564062185585,
        "dvar2": 0.121789999306,
        "max": 2.90764641762,
        "mean": 0.290782064199,
        "median": 0.320144355297,
        "min": -2.45105171204,
        "var": 0.501115739346
    },
    "erbbands_spread": {
        "dmean": 4.17446041107,
        "dmean2": 6.20331573486,
        "dvar": 11.8753137589,
        "dvar2": 26.7151165009,
        "max": 65.5589141846,
        "mean": 33.8393707275,
        "median": 34.1743164062,
        "min": 8.98572921753,
        "var": 69.4805374146
    },
    "hfc": {
        "dmean": 2.77529382706,
        "dmean2": 4.10998249054,
        "dvar": 9.23026275635,
        "dvar2": 19.4561347961,
        "max": 77.6705703735,
        "mean": 18.8097934723,
        "median": 18.6114730835,
        "min": 1.12771716666e-16,
        "var": 118.492797852
    },
    "melbands_crest": {
        "dmean": 2.43238687515,
        "dmean2": 3.89520931244,
        "dvar": 6.17438364029,
        "dvar2": 16.4349842072,
        "max": 31.4428806305,
        "mean": 12.9802274704,
        "median": 12.0634479523,
        "min": 1.71438789368,
        "var": 22.9248867035
    },
    "melbands_flatness_db": {
        "dmean": 0.0159037970006,
        "dmean2": 0.0237771980464,
        "dvar": 0.000250130193308,
        "dvar2": 0.000581839994993,
        "max": 0.36143642664,
        "mean": 0.218922257423,
        "median": 0.218719705939,
        "min": 0.00369883351959,
        "var": 0.00183329440188
    },
    "melbands_kurtosis": {
        "dmean": 1.84873497486,
        "dmean2": 2.91797041893,
        "dvar": 5.50834703445,
        "dvar2": 13.8216552734,
        "max": 47.6123695374,
        "mean": 5.18982696533,
        "median": 4.73799848557,
        "min": -1.75265216827,
        "var": 15.3773021698
    },
    "melbands_skewness": {
        "dmean": 0.329368054867,
        "dmean2": 0.502348542213,
        "dvar": 0.108873806894,
        "dvar2": 0.267974048853,
        "max": 5.93286991119,
        "mean": 1.84219527245,
        "median": 1.83854055405,
        "min": -0.96314561367,
        "var": 0.511066913605
    },
    "melbands_spread": {
        "dmean": 4.50023698807,
        "dmean2": 6.8947429657,
        "dvar": 22.6553993225,
        "dvar2": 51.4895362854,
        "max": 143.378067017,
        "mean": 25.211397171,
        "median": 21.7517757416,
        "min": 4.20254850388,
        "var": 195.969924927
    },
    "pitch_salience": {
        "dmean": 0.0502446889877,
        "dmean2": 0.0809668451548,
        "dvar": 0.002120136749,
        "dvar2": 0.00552600296214,
        "max": 0.839586555958,
        "mean": 0.548591434956,
        "median": 0.55145162344,
        "min": 0.20590685308,
        "var": 0.00814883969724
    },
    "silence_rate_20dB": {
        "dmean": 0,
        "dmean2": 0,
        "dvar": 0,
        "dvar2": 0,
        "max": 1,
        "mean": 1,
        "median": 1,
        "min": 1,
        "var": 0
    },
    "silence_rate_30dB": {
        "dmean": 0.000528448144905,
        "dmean2": 0.00105698930565,
        "dvar": 0.000528250588104,
        "dvar2": 0.00105580221862,
        "max": 1,
        "mean": 0.999471604824,
        "median": 1,
        "min": 0,
        "var": 0.000528204138391
    },
    "silence_rate_60dB": {
        "dmean": 0.00105689628981,
        "dmean2": 0.00211397861131,
        "dvar": 0.00105573225301,
        "dvar2": 0.00246180500835,
        "max": 1,
        "mean": 0.108850724995,
        "median": 0,
        "min": 0,
        "var": 0.0970021635294
    },
    "spectral_centroid": {
        "dmean": 182.738037109,
        "dmean2": 275.174224854,
        "dvar": 35293.9648438,
        "dvar2": 65564.7578125,
        "max": 11349.6328125,
        "mean": 1534.55871582,
        "median": 1414.4822998,
        "min": 535.368530273,
        "var": 318822.59375
    },
    "spectral_complexity": {
        "dmean": 2.6600317955,
        "dmean2": 4.32220554352,
        "dvar": 5.8409371376,
        "dvar2": 14.6515779495,
        "max": 50,
        "mean": 22.6714229584,
        "median": 24,
        "min": 0,
        "var": 90.4454803467
    },
    "spectral_decrease": {
        "dmean": 1.44702894112e-09,
        "dmean2": 2.24837370943e-09,
        "dvar": 4.41920042845e-18,
        "dvar2": 1.11471132317e-17,
        "max": 1.01882254065e-18,
        "mean": -7.08622405199e-09,
        "median": -6.97145274842e-09,
        "min": -3.73287356581e-08,
        "var": 1.98978627222e-17
    },
    "spectral_energy": {
        "dmean": 0.00563775701448,
        "dmean2": 0.00873861089349,
        "dvar": 6.50514120935e-05,
        "dvar2": 0.00016317301197,
        "max": 0.146630808711,
        "mean": 0.0284510925412,
        "median": 0.0281590372324,
        "min": 1.05217220436e-20,
        "var": 0.000311889540171
    },
    "spectral_energyband_high": {
        "dmean": 0.000116366281873,
        "dmean2": 0.000178758637048,
        "dvar": 2.37816770721e-08,
        "dvar2": 5.16417415497e-08,
        "max": 0.00372227025218,
        "mean": 0.000405008147936,
        "median": 0.000322395790135,
        "min": 7.58106426982e-21,
        "var": 1.26770402176e-07
    },
    "spectral_energyband_low": {
        "dmean": 0.00306599866599,
        "dmean2": 0.00524376705289,
        "dvar": 4.87924844492e-05,
        "dvar2": 0.000130727741634,
        "max": 0.0957317128778,
        "mean": 0.00710933050141,
        "median": 0.0057417890057,
        "min": 1.1543024235e-22,
        "var": 6.26417750027e-05
    },
    "spectral_energyband_middle_high": {
        "dmean": 0.000905550608877,
        "dmean2": 0.00140193232801,
        "dvar": 9.30913586217e-07,
        "dvar2": 2.16328407987e-06,
        "max": 0.0248764194548,
        "mean": 0.00453908508644,
        "median": 0.00442509306595,
        "min": 1.53720036077e-21,
        "var": 7.64390733821e-06
    },
    "spectral_energyband_middle_low": {
        "dmean": 0.00367209059186,
        "dmean2": 0.00524131860584,
        "dvar": 2.00857666641e-05,
        "dvar2": 3.92222027585e-05,
        "max": 0.0957054719329,
        "mean": 0.0167269743979,
        "median": 0.0148998005316,
        "min": 2.96698891581e-22,
        "var": 0.000163935037563
    },
    "spectral_entropy": {
        "dmean": 0.0912410765886,
        "dmean2": 0.134583905339,
        "dvar": 0.00944706890732,
        "dvar2": 0.0190001539886,
        "max": 9.80114459991,
        "mean": 7.35434532166,
        "median": 7.40939092636,
        "min": 6.21007204056,
        "var": 0.0834676399827
    },
    "spectral_flux": {
        "dmean": 0.0146207967773,
        "dmean2": 0.0233568847179,
        "dvar": 0.00036966992775,
        "dvar2": 0.000836127495859,
        "max": 0.289049208164,
        "mean": 0.062968455255,
        "median": 0.0612840168178,
        "min": 1.02575448135e-10,
        "var": 0.00114526506513
    },
    "spectral_kurtosis": {
        "dmean": 2.8647377491,
        "dmean2": 5.11353254318,
        "dvar": 6.48180341721,
        "dvar2": 20.5293903351,
        "max": 24.8809318542,
        "mean": 3.7513654232,
        "median": 3.11698913574,
        "min": -1.24847924709,
        "var": 9.41143321991
    },
    "spectral_rms": {
        "dmean": 0.000468735670438,
        "dmean2": 0.000720488314983,
        "dvar": 3.31492543637e-07,
        "dvar2": 8.17964064481e-07,
        "max": 0.0119605371729,
        "mean": 0.00486982846633,
        "median": 0.00524139590561,
        "min": 3.20391868418e-12,
        "var": 4.04202455684e-06
    },
    "spectral_rolloff": {
        "dmean": 311.841400146,
        "dmean2": 517.217956543,
        "dvar": 164998.5,
        "dvar2": 334708.90625,
        "max": 19078.4179688,
        "mean": 1536.99890137,
        "median": 1119.7265625,
        "min": 86.1328125,
        "var": 2399878
    },
    "spectral_skewness": {
        "dmean": 0.297558218241,
        "dmean2": 0.520165860653,
        "dvar": 0.0640147700906,
        "dvar2": 0.196505501866,
        "max": 2.91367936134,
        "mean": 0.915228426456,
        "median": 0.86700886488,
        "min": -0.265185177326,
        "var": 0.155145183206
    },
    "spectral_spread": {
        "dmean": 177195.265625,
        "dmean2": 283213.0625,
        "dvar": 159023775744,
        "dvar2": 188945760256,
        "max": 42218408,
        "mean": 2767532.75,
        "median": 2669401.5,
        "min": 1445994.125,
        "var": 665553010688
    },
    "spectral_strongpeak": {
        "dmean": 0.488447517157,
        "dmean2": 0.808541536331,
        "dvar": 0.558904826641,
        "dvar2": 1.31307256222,
        "max": 13.050151825,
        "mean": 1.20906317234,
        "median": 0.790939033031,
        "min": 0,
        "var": 1.4789583683
    },
    "zerocrossingrate": {
        "dmean": 0.00541005656123,
        "dmean2": 0.00655938964337,
        "dvar": 3.96480463678e-05,
        "dvar2": 4.53707652923e-05,
        "max": 0.515625,
        "mean": 0.0557923354208,
        "median": 0.04833984375,
        "min": 0.01611328125,
        "var": 0.00150171853602
    },
    "barkbands": {
        "dmean": [0.000340027327184, 0.00248442450538, 0.000691511377227, 0.00026893694303, 0.000952797941864, 0.00139856047463, 0.00121797656175, 0.00159972009715, 0.000994768808596, 0.000311470968882, 0.000174576343852, 0.000246072479058, 0.000191064857063, 0.00023014274484, 0.000201763032237, 0.000311945128487, 0.000222845395911, 0.000216966320295, 0.000181867930223, 0.000116967443319, 5.975113163e-05, 1.46052316268e-05, 4.4784687816e-06, 2.0435982151e-06, 1.73327953235e-06, 5.24092911292e-07, 3.53362310079e-07],
        "dmean2": [0.000593559467234, 0.00430274521932, 0.00121350772679, 0.000446556747193, 0.00151299301069, 0.00207522162236, 0.00170789926779, 0.00213184067979, 0.00134792667814, 0.000435796071542, 0.000266023300355, 0.00038682637387, 0.000308629008941, 0.000370754511096, 0.000329037487973, 0.00052090245299, 0.000372959533706, 0.000358320627129, 0.000290536292596, 0.000190912352991, 9.52154732659e-05, 2.28432054428e-05, 6.46046191832e-06, 2.62517255578e-06, 2.36454593505e-06, 6.90835349815e-07, 5.11157224992e-07],
        "dvar": [1.20538823012e-06, 3.65152372979e-05, 1.97229519472e-06, 2.57461067577e-07, 1.89864078948e-06, 4.23016354034e-06, 4.89926196678e-06, 1.07427431431e-05, 2.88883211397e-06, 3.75820889076e-07, 7.74866251163e-08, 1.11986885543e-07, 9.29297740981e-08, 1.20070978937e-07, 7.22266122466e-08, 1.66796837675e-07, 9.80656267302e-08, 1.78424329533e-07, 6.50132108149e-08, 2.33166463914e-08, 6.74434819103e-09, 4.4394599108e-10, 2.63397914591e-10, 7.08223549251e-11, 1.48689408008e-10, 1.93209354765e-11, 1.33862183491e-11],
        "dvar2": [3.30397688231e-06, 0.000100765821117, 5.65438176636e-06, 6.65948959977e-07, 4.79454593005e-06, 1.03731063064e-05, 9.71920417214e-06, 1.67240305018e-05, 4.83300527776e-06, 6.28322766261e-07, 1.70182644865e-07, 2.67546170107e-07, 2.22809887873e-07, 2.8780434036e-07, 1.79137742862e-07, 4.4298454327e-07, 2.64062833821e-07, 4.59590211221e-07, 1.53505908429e-07, 5.6621509259e-08, 1.63122990671e-08, 9.71105085235e-10, 3.64339225456e-10, 1.2412891548e-10, 3.10354131283e-10, 4.11036794878e-11, 3.00335797898e-11],
        "max": [0.0261326059699, 0.0852897390723, 0.0235141552985, 0.0115028163418, 0.0278630647808, 0.0356367602944, 0.0523858591914, 0.0753104016185, 0.0366200692952, 0.0241767819971, 0.00587505241856, 0.00456159189343, 0.0114721925929, 0.0108722699806, 0.00619909865782, 0.00564597966149, 0.00757822440937, 0.0154617456719, 0.00650409748778, 0.00325111090206, 0.00163013767451, 0.000386700296076, 0.000502096721902, 0.000267684023129, 0.000390507513657, 0.000128550396767, 0.000114051588753],
        "mean": [0.00042651683907, 0.00550673017278, 0.00102184212301, 0.000551433826331, 0.00254586944357, 0.0036288483534, 0.00326100015081, 0.00419571436942, 0.00220271805301, 0.000624867680017, 0.000331288785674, 0.000455528701423, 0.000344817468431, 0.000417063449277, 0.000385042163543, 0.000632693467196, 0.000459811359178, 0.000471604871564, 0.000437300070189, 0.000315739423968, 0.000173291293322, 4.05275568482e-05, 1.11973558887e-05, 4.01952274842e-06, 3.89052729588e-06, 1.16558669561e-06, 6.46355545086e-07],
        "median": [6.19224010734e-05, 0.00470378668979, 0.000457756919786, 0.000194402804482, 0.00161560531706, 0.00202044495381, 0.00134851248004, 0.0010082089575, 0.00104950694367, 0.000298878789181, 0.000169988052221, 0.000298941246001, 0.000217033884837, 0.000275231926935, 0.000270316086244, 0.000472721614642, 0.000352759991074, 0.000337330973707, 0.000327099784045, 0.000259219232248, 0.000127956722281, 2.82556884486e-05, 5.14715202371e-06, 7.52960204409e-07, 5.40504636604e-08, 4.42480541096e-09, 9.22075693577e-10],
        "min": [7.5981340586e-23, 3.88958156065e-23, 3.07759724904e-23, 1.09655349806e-23, 6.0092104233e-23, 7.86452859976e-23, 4.8523260265e-23, 3.11472546086e-23, 3.72652338046e-23, 7.34057286631e-23, 8.00380609466e-23, 7.68688469697e-23, 6.48151217577e-23, 1.0399016257e-22, 1.32723234596e-22, 1.52999572568e-22, 1.37919429824e-22, 2.38073475408e-22, 3.22823288946e-22, 4.13841504832e-22, 4.25047343411e-22, 7.06505947174e-22, 5.84130421953e-22, 8.91361427034e-22, 1.1784544919e-21, 1.59098295353e-21, 2.19924444125e-21],
        "var": [1.06142260847e-06, 4.1204973968e-05, 2.83820918412e-06, 1.05450021692e-06, 8.71256361279e-06, 2.04938969546e-05, 3.04488748952e-05, 6.43282037345e-05, 1.06680327008e-05, 1.16495027669e-06, 1.98506896254e-07, 2.43886887574e-07, 1.99878002149e-07, 2.58498630501e-07, 1.62787216595e-07, 3.64824444432e-07, 2.21602491024e-07, 4.82935092805e-07, 1.88723788597e-07, 7.93780259301e-08, 2.70963589344e-08, 1.66713387539e-09, 1.0682098539e-09, 2.85433759961e-10, 7.06547209628e-10, 7.93649312936e-11, 3.14413946267e-11]
    },
    "erbbands": {
        "dmean": [0.0941953808069, 0.494979918003, 0.807607233524, 0.77438044548, 2.02686548233, 3.62230229378, 6.49925899506, 12.488161087, 19.5680866241, 17.2712135315, 36.0994987488, 23.458070755, 15.4838342667, 6.61869907379, 7.7097120285, 8.86795425415, 8.53507041931, 9.58600902557, 8.24545288086, 16.3801860809, 13.2909708023, 10.815785408, 9.42088794708, 11.0152740479, 5.59897994995, 5.80025672913, 3.15083098412, 1.94025695324, 0.634350001812, 0.220138251781, 0.115974582732, 0.0528791472316, 0.0305973365903, 0.0167104508728, 0.0124841565266, 0.00294320029207, 0.00119554367848, 0.000454160588561, 6.14472955931e-05, 8.39949007059e-06],
        "dmean2": [0.163719415665, 0.863188028336, 1.4222048521, 1.31298530102, 3.32671046257, 5.73572635651, 9.90662479401, 18.1679077148, 28.2183380127, 23.5575294495, 47.8173065186, 31.4382514954, 21.2932434082, 9.73015785217, 11.8829517365, 13.9568767548, 13.708108902, 15.327088356, 13.5874614716, 27.0211391449, 22.0252475739, 18.251329422, 15.533949852, 17.8819828033, 8.90859413147, 9.47800827026, 5.03043842316, 3.10651779175, 0.997107625008, 0.334298223257, 0.15388302505, 0.0711107775569, 0.0388639122248, 0.0206580758095, 0.0179148893803, 0.00391405634582, 0.00165308336727, 0.00066382001387, 8.87699061423e-05, 1.24344069263e-05],
        "dvar": [0.0585112646222, 1.42698383331, 2.97969841957, 2.09775900841, 11.8476228714, 32.5155715942, 204.530807495, 331.240447998, 1309.38671875, 702.731323242, 6503.68652344, 1884.32080078, 811.72442627, 96.2052612305, 118.671836853, 158.429504395, 211.253677368, 209.116607666, 147.251434326, 493.504638672, 253.254486084, 238.345428467, 271.832336426, 268.930084229, 53.7030296326, 68.2107086182, 19.0360584259, 6.79441595078, 0.781538665295, 0.226177066565, 0.19614174962, 0.0493423864245, 0.0213827993721, 0.00777170946822, 0.0110497381538, 0.000599474238697, 0.000107646199467, 1.65119417943e-05, 3.76211659159e-07, 4.48272224896e-10],
        "dvar2": [0.162039905787, 3.98883652687, 8.5101776123, 5.58755731583, 31.5581092834, 81.3272323608, 575.307861328, 701.714233398, 2798.3762207, 1148.98754883, 9869.35644531, 3083.08422852, 1346.25256348, 198.729888916, 259.991943359, 372.522827148, 501.04800415, 491.018951416, 377.163513184, 1295.91821289, 676.164245605, 672.278015137, 707.051330566, 670.873657227, 123.23739624, 166.292312622, 46.3369026184, 16.2440452576, 1.7552947998, 0.407380372286, 0.238527998328, 0.0816551074386, 0.0391723141074, 0.0124292615801, 0.025670312345, 0.00123960792553, 0.000238613254623, 3.72509202862e-05, 8.34713432596e-07, 9.6953245432e-10],
        "max": [3.11274957657, 16.3950099945, 26.0271911621, 36.4087257385, 116.349395752, 110.221237183, 294.21762085, 400.701934814, 922.804199219, 674.574035645, 1880.7331543, 1071.38293457, 952.967102051, 185.885192871, 196.061218262, 230.776473999, 572.637329102, 459.595977783, 222.829086304, 308.478302002, 295.299987793, 289.705657959, 562.087158203, 586.370483398, 209.888961792, 185.342819214, 127.943611145, 45.1506881714, 14.4095001221, 12.5049600601, 15.3586921692, 6.77421855927, 4.51607894897, 2.66984605789, 3.44721961021, 0.84667545557, 0.288355767727, 0.103680886328, 0.0191893856972, 0.000647609820589],
        "mean": [0.210079625249, 1.02285158634, 1.32211196423, 1.49528133869, 4.60129165649, 9.23939609528, 17.3385715485, 32.6692466736, 52.866897583, 48.4770812988, 94.3073883057, 55.6522636414, 33.0135993958, 14.6291437149, 16.2178783417, 18.1778297424, 16.5992527008, 19.1518783569, 17.351392746, 32.9532203674, 30.5758228302, 24.2629547119, 23.3673381805, 28.7076148987, 15.7211647034, 15.0121641159, 9.12100315094, 5.49715471268, 1.85203671455, 0.61419826746, 0.287457764149, 0.114214889705, 0.0580758340657, 0.0357588194311, 0.0269654560834, 0.00718021485955, 0.00236729858443, 0.000773552164901, 0.000123299090774, 3.87652617064e-05],
        "median": [0.117955468595, 0.961111664772, 0.766906261444, 0.762198269367, 2.27303242683, 5.18410491943, 8.32077884674, 18.0346908569, 22.8552074432, 26.6446342468, 26.7369689941, 26.7656173706, 17.7718868256, 8.99999713898, 11.3425388336, 13.1841592789, 10.7828845978, 13.8927583694, 12.5836620331, 24.1154155731, 25.1876010895, 19.4175338745, 17.9338130951, 21.2374382019, 12.6850147247, 11.918554306, 7.20412540436, 4.03888225555, 1.32942867279, 0.396851092577, 0.122650809586, 0.031051594764, 0.00653994688764, 0.00119501037989, 0.000219293957343, 5.86288588238e-05, 2.06205259019e-05, 5.37411870027e-06, 1.58249386004e-05, 3.37013443641e-05],
        "min": [2.70414308752e-21, 3.88168719607e-21, 2.27266160777e-20, 5.01403606235e-20, 9.18374108536e-20, 2.57142302453e-19, 4.4355094316e-19, 5.64439150384e-19, 7.2681801335e-19, 5.25073883526e-19, 6.84553375048e-19, 1.04924169409e-18, 1.93400431364e-18, 2.61392981995e-18, 3.46667734447e-18, 2.78560598621e-18, 3.11406203666e-18, 4.15473548377e-18, 5.46907171038e-18, 1.11508934471e-17, 6.9587081883e-18, 7.76772226024e-18, 9.64167098666e-18, 2.11087079008e-17, 1.19762013228e-17, 2.07931318797e-17, 1.64764187155e-17, 1.93141428706e-17, 2.9869591181e-17, 1.49175736901e-17, 1.66260441078e-17, 1.59037698493e-17, 1.63575842944e-17, 1.3809754684e-17, 8.60469503688e-18, 5.76260005946e-18, 3.23758946703e-18, 9.90625814727e-19, 2.84159779017e-19, 3.53334205308e-20],
        "var": [0.0770415663719, 1.43789029121, 3.62782216072, 4.88644075394, 46.5585746765, 148.768829346, 688.899230957, 1772.03027344, 7618.09179688, 4220.78955078, 37319.5429688, 7163.57714844, 2445.7265625, 291.76260376, 303.925354004, 365.374572754, 459.442565918, 476.785430908, 327.944702148, 1021.94537354, 642.969116211, 533.718078613, 864.93371582, 968.837280273, 198.884414673, 203.883636475, 71.7348022461, 26.9142417908, 3.06824874878, 0.812798082829, 0.865072190762, 0.208291620016, 0.0733248218894, 0.0399418324232, 0.0411068238318, 0.00295435846783, 0.000363847822882, 4.1391736886e-05, 8.91587774277e-07, 2.44880249411e-09]
    },
    "gfcc": {
        "mean": [-62.9891357422, 158.488128662, -184.292633057, 47.0853157043, -56.2301750183, -28.1830272675, -9.21779918671, -10.0386896133, 5.68647432327, -5.20302391052, -0.0859551280737, -8.70387649536, 0.601411581039],
        "cov": [[18299.2265625, 3155.0546875, 1767.6965332, 1462.08178711, 502.80657959, 1314.01391602, 288.345306396, 227.066833496, 145.139083862, 185.838424683, 543.798278809, 64.6556091309, 498.259857178], [3155.0546875, 1458.81201172, 103.643066406, 331.806304932, 272.755371094, 98.5290298462, 332.65713501, -77.9177246094, 213.218780518, -44.121635437, 185.430755615, -2.72159171104, 116.731468201], [1767.6965332, 103.643066406, 907.452148438, 180.514266968, 237.153793335, 424.146820068, 9.26759719849, 207.855957031, -41.0741653442, 146.638061523, 74.118927002, 103.926544189, 76.5135803223], [1462.08178711, 331.806304932, 180.514266968, 376.877227783, 126.753379822, 184.692504883, 76.6721115112, -11.7517728806, 33.9318656921, 1.87176406384, 101.898529053, 5.45057678223, 75.5992507935], [502.80657959, 272.755371094, 237.153793335, 126.753379822, 237.834335327, 147.031219482, 109.171966553, 57.0173873901, 43.0925712585, 32.6820602417, 65.6563796997, 48.9966468811, 19.4332027435], [1314.01391602, 98.5290298462, 424.146820068, 184.692504883, 147.031219482, 334.844726562, 51.1096305847, 108.025291443, -12.1428546906, 69.1979751587, 66.3313751221, 53.1874046326, 67.3492355347], [288.345306396, 332.65713501, 9.26759719849, 76.6721115112, 109.171966553, 51.1096305847, 191.309448242, 27.2813949585, 97.6464385986, -3.60305905342, 57.5023384094, 21.8927402496, 31.7434902191], [227.066833496, -77.9177246094, 207.855957031, -11.7517728806, 57.0173873901, 108.025291443, 27.2813949585, 161.399337769, 20.5730323792, 55.4818382263, 1.2267768383, 38.1259613037, 3.41925764084], [145.139083862, 213.218780518, -41.0741653442, 33.9318656921, 43.0925712585, -12.1428546906, 97.6464385986, 20.5730323792, 131.804336548, 18.0453205109, 41.8879013062, 1.86187601089, 14.5726881027], [185.838424683, -44.121635437, 146.638061523, 1.87176406384, 32.6820602417, 69.1979751587, -3.60305905342, 55.4818382263, 18.0453205109, 102.669540405, 26.8024806976, 30.5480823517, 14.0906085968], [543.798278809, 185.430755615, 74.118927002, 101.898529053, 65.6563796997, 66.3313751221, 57.5023384094, 1.2267768383, 41.8879013062, 26.8024806976, 100.728530884, 39.0704193115, 29.0660419464], [64.6556091309, -2.72159171104, 103.926544189, 5.45057678223, 48.9966468811, 53.1874046326, 21.8927402496, 38.1259613037, 1.86187601089, 30.5480823517, 39.0704193115, 83.1611022949, 25.6866874695], [498.259857178, 116.731468201, 76.5135803223, 75.5992507935, 19.4332027435, 67.3492355347, 31.7434902191, 3.41925764084, 14.5726881027, 14.0906085968, 29.0660419464, 25.6866874695, 80.8526687622]],
        "icov": [[0.000300227373373, -0.00109411019366, 9.7855401691e-05, -0.000472550978884, 0.00106561556458, -0.00102553039324, 0.00117240066174, -0.000893927528523, 0.000423205085099, -0.000324508320773, 3.60844496754e-05, -0.00022950040875, 0.000294554018183], [-0.00109411019366, 0.00611537322402, -0.00130327208899, 0.00170131458435, -0.00514942035079, 0.00481462292373, -0.00632051890716, 0.00477586127818, -0.00282764085568, 0.00260594091378, -0.00220669503324, 0.00308790034615, -0.00306956353597], [9.7855401691e-05, -0.00130327208899, 0.00452445819974, -3.59608275176e-05, -0.00145483855158, -0.00389297842048, 0.0032599712722, -0.00312652951106, 0.00174743530806, -0.00239320844412, 0.000754596607294, -0.00127364171203, -0.000289169751341], [-0.000472550978884, 0.00170131458435, -3.59608275176e-05, 0.00740754138678, -0.00372461951338, -0.00126252486371, -0.000643131963443, 0.0024932846427, -0.00126806751359, 0.00294675352052, -0.00534036336467, 0.00477000465617, -0.00422299234197], [0.00106561556458, -0.00514942035079, -0.00145483855158, -0.00372461951338, 0.015110604465, -0.00514390179887, -2.19304874918e-05, -0.0024828996975, 0.00145915627945, -0.00208066729829, 0.00223090802319, -0.00610826723278, 0.00773168168962], [-0.00102553039324, 0.00481462292373, -0.00389297842048, -0.00126252486371, -0.00514390179887, 0.0156296957284, -0.0072446744889, 0.00015664754028, 0.00233977264725, 0.000270023389021, -0.00291623175144, 0.00362290791236, -0.00528336782008], [0.00117240066174, -0.00632051890716, 0.0032599712722, -0.000643131963443, -2.19304874918e-05, -0.0072446744889, 0.0204191189259, -0.00685795303434, -0.0045612026006, 0.00169044628274, -0.000498921552207, -0.00281278719194, -0.000669633154757], [-0.000893927528523, 0.00477586127818, -0.00312652951106, 0.0024932846427, -0.0024828996975, 0.00015664754028, -0.00685795303434, 0.017413649708, -0.00669493759051, -0.000335835880833, 0.00428892904893, -0.00265046651475, 0.00222893757746], [0.000423205085099, -0.00282764085568, 0.00174743530806, -0.00126806751359, 0.00145915627945, 0.00233977264725, -0.0045612026006, -0.00669493759051, 0.0189849324524, -0.00618153065443, -0.00417853007093, 0.00356992403977, -0.0011959153926], [-0.000324508320773, 0.00260594091378, -0.00239320844412, 0.00294675352052, -0.00208066729829, 0.000270023389021, 0.00169044628274, -0.000335835880833, -0.00618153065443, 0.0182587336749, -0.00588336866349, 0.000986561062746, -0.0028936562594], [3.60844496754e-05, -0.00220669503324, 0.000754596607294, -0.00534036336467, 0.00223090802319, -0.00291623175144, -0.000498921552207, 0.00428892904893, -0.00417853007093, -0.00588336866349, 0.0263456795365, -0.0139162223786, 0.00587879680097], [-0.00022950040875, 0.00308790034615, -0.00127364171203, 0.00477000465617, -0.00610826723278, 0.00362290791236, -0.00281278719194, -0.00265046651475, 0.00356992403977, 0.000986561062746, -0.0139162223786, 0.0262471623719, -0.0107831507921], [0.000294554018183, -0.00306956353597, -0.000289169751341, -0.00422299234197, 0.00773168168962, -0.00528336782008, -0.000669633154757, 0.00222893757746, -0.0011959153926, -0.0028936562594, 0.00587879680097, -0.0107831507921, 0.0239504333586]]
    },
    "melbands": {
        "dmean": [0.000754362612497, 0.000472484942293, 0.000151465632371, 0.000211684542592, 0.000203897099709, 0.000280824751826, 0.000287016708171, 0.00021787690639, 0.000285370158963, 0.000140549396747, 7.6853299106e-05, 2.70788041234e-05, 2.44008570007e-05, 3.13711825584e-05, 2.07985103771e-05, 1.67298730958e-05, 2.00081740331e-05, 1.53236869664e-05, 1.56963506015e-05, 2.73165715043e-05, 1.63125750987e-05, 1.39740568557e-05, 7.55814335207e-06, 1.40164684126e-05, 9.56276289799e-06, 7.10093218004e-06, 4.02432578994e-06, 4.24139352617e-06, 2.40718304667e-06, 1.90104219655e-06, 1.02990031792e-06, 4.37069189729e-07, 2.38527661622e-07, 1.12172045874e-07, 7.63452447927e-08, 5.4332616628e-08, 2.52892196073e-08, 2.04926013936e-08, 2.47861873248e-08, 1.33658453194e-08],
        "dmean2": [0.00130556093063, 0.000826501869597, 0.000253242527833, 0.000341931940056, 0.000308037822833, 0.000410607201047, 0.000410434789956, 0.000294292345643, 0.000379630626412, 0.00018869464111, 0.00010564821423, 3.97839830839e-05, 3.7650410377e-05, 4.9070262321e-05, 3.30944712914e-05, 2.71728113148e-05, 3.200502033e-05, 2.52457666647e-05, 2.56364110101e-05, 4.55092922493e-05, 2.71187509497e-05, 2.37163440033e-05, 1.24941225295e-05, 2.32733618759e-05, 1.55019843078e-05, 1.13615715236e-05, 6.68343591315e-06, 6.95301332598e-06, 3.91718731407e-06, 3.10163932227e-06, 1.66217853348e-06, 7.03865453033e-07, 3.82206962968e-07, 1.73477957333e-07, 1.07432761354e-07, 7.45235908539e-08, 3.49918423126e-08, 2.76732894378e-08, 3.52666731374e-08, 1.82252843928e-08],
        "dvar": [3.57587805411e-06, 1.11736187591e-06, 6.52391420886e-08, 1.17001754063e-07, 1.51804002257e-07, 1.5893810712e-07, 2.6657289709e-07, 1.27473470002e-07, 3.69265052313e-07, 6.12605077777e-08, 2.03253023301e-08, 1.63153079935e-09, 1.4139672766e-09, 1.93963956008e-09, 9.37409816437e-10, 5.38501021552e-10, 1.01690034171e-09, 6.04277183847e-10, 4.39389469253e-10, 1.57914870069e-09, 4.09433154047e-10, 3.95997984404e-10, 1.58867377587e-10, 9.12724229529e-10, 1.9107576632e-10, 1.06675404621e-10, 2.98879601623e-11, 3.58123461441e-11, 1.09289461162e-11, 7.77003548308e-12, 1.87571681277e-12, 3.92935331625e-13, 1.16809068928e-13, 1.08012015131e-13, 7.81458434746e-14, 5.96934746641e-14, 1.05691297321e-14, 8.49738285785e-15, 2.02204552201e-14, 6.02719464981e-15],
        "dvar2": [9.84694179351e-06, 3.11796657115e-06, 1.7511511885e-07, 3.11578730816e-07, 4.10059669775e-07, 3.47113427779e-07, 5.56037321076e-07, 2.13425622064e-07, 5.64774836675e-07, 1.00651213586e-07, 3.35930785411e-08, 3.31981953039e-09, 3.16067305661e-09, 4.65002836236e-09, 2.27809104913e-09, 1.30151123212e-09, 2.36243402618e-09, 1.549506079e-09, 1.07278752548e-09, 4.17460466196e-09, 1.10212039495e-09, 1.12040809963e-09, 4.12935824423e-10, 2.35981278962e-09, 4.76019001994e-10, 2.50699405679e-10, 7.48554829233e-11, 8.93516788336e-11, 2.71590475803e-11, 1.98223954612e-11, 4.68058881584e-12, 9.38769569893e-13, 2.69492083814e-13, 2.13732474102e-13, 1.10341708101e-13, 1.08079255994e-13, 1.81502236878e-14, 1.57242959159e-14, 4.88127198167e-14, 1.24066897841e-14],
        "max": [0.0265155509114, 0.0132407722995, 0.00539129367098, 0.00747806951404, 0.00773966498673, 0.00822883658111, 0.0121786138043, 0.00974998995662, 0.0143763823435, 0.00585266528651, 0.00470682000741, 0.000813466438558, 0.000901743478607, 0.00060543732252, 0.00106698204763, 0.000728561077267, 0.00108003756031, 0.000422483484726, 0.000657511234749, 0.000593760458287, 0.000413859612308, 0.000389124907088, 0.000315247190883, 0.00105518940836, 0.000443482713308, 0.000271586410236, 0.000125482794829, 0.000151264088345, 0.000105747429188, 4.47854035883e-05, 2.15132076846e-05, 1.12447942229e-05, 6.65475408823e-06, 9.18853038456e-06, 8.99259612197e-06, 7.3807282206e-06, 3.2791567719e-06, 2.85584474113e-06, 3.58071861228e-06, 2.48709375228e-06],
        "mean": [0.00169370055664, 0.000923978630453, 0.000338590994943, 0.000510340789333, 0.000567988026887, 0.000737683498301, 0.000775190826971, 0.000594401615672, 0.000735260953661, 0.000314241333399, 0.000155745947268, 5.53480640519e-05, 4.89017766085e-05, 5.83531691518e-05, 3.92793663195e-05, 3.1530365959e-05, 3.71928545064e-05, 2.76246082649e-05, 3.17039703077e-05, 5.04644667672e-05, 3.36951161444e-05, 2.74872945738e-05, 1.57986632985e-05, 2.80041385849e-05, 2.29836168728e-05, 1.57106042025e-05, 9.06414516066e-06, 1.00172674138e-05, 6.02424552198e-06, 4.64126924271e-06, 2.57500460066e-06, 1.07308596853e-06, 5.69365738556e-07, 2.57010583482e-07, 1.79535675215e-07, 1.09208080801e-07, 5.12380324835e-08, 3.71434154545e-08, 4.10073965895e-08, 2.70799365154e-08],
        "median": [0.00124500482343, 0.000737868191209, 0.000178296861122, 0.00027952142409, 0.000320817169268, 0.00041414014413, 0.00034455867717, 0.000285683549009, 0.000221649126615, 0.000148937397171, 7.32889966457e-05, 3.06930669467e-05, 3.18700767821e-05, 3.7411628e-05, 2.5748680855e-05, 2.2660340619e-05, 2.50566226896e-05, 1.74354227056e-05, 2.22828402912e-05, 3.35787481163e-05, 2.6832381991e-05, 2.12151262531e-05, 1.13512169264e-05, 1.8873186491e-05, 1.64959565154e-05, 1.12141960926e-05, 7.09146843292e-06, 7.81281505624e-06, 4.70355280413e-06, 3.20694675793e-06, 1.85584190149e-06, 7.35847208944e-07, 3.93337757032e-07, 1.43183711998e-07, 7.60090159702e-08, 3.0930888073e-08, 1.17430474234e-08, 4.86776485786e-09, 1.69884506462e-09, 5.63860902414e-10],
        "min": [2.09180873619e-23, 9.60326764947e-24, 8.67745023591e-24, 1.37316749559e-23, 1.50586241955e-23, 1.41414661081e-23, 1.06815190223e-23, 6.54903922146e-24, 5.41890722788e-24, 6.29590874533e-24, 9.53097406953e-24, 1.00579102773e-23, 1.10854134392e-23, 7.10256595814e-24, 1.00976806998e-23, 5.38425059616e-24, 8.18007895719e-24, 8.61654622972e-24, 1.25073352209e-23, 1.34637604376e-23, 7.3970792885e-24, 7.65263472305e-24, 9.13631248067e-24, 9.8597981161e-24, 1.87364215311e-23, 9.89753406636e-24, 9.93739441904e-24, 1.48232501895e-23, 9.72072588281e-24, 1.00479256648e-23, 1.10472357268e-23, 2.05805038039e-23, 9.71295165859e-24, 7.69015452542e-24, 8.52559293393e-24, 1.22335058235e-23, 8.289277028e-24, 9.72880697392e-24, 1.36453483293e-23, 1.12199355228e-23],
        "var": [4.29508099842e-06, 1.23697611798e-06, 2.26904191436e-07, 4.69228240263e-07, 5.72417832245e-07, 8.59188560298e-07, 1.60449872055e-06, 7.77611205649e-07, 2.08054734685e-06, 2.25541413101e-07, 6.15942994386e-08, 4.87098272828e-09, 3.44328743296e-09, 4.15951761923e-09, 2.10193751293e-09, 1.17274723266e-09, 2.24440488417e-09, 1.20213550225e-09, 1.09208464494e-09, 3.10077963306e-09, 9.38232269654e-10, 7.27530147238e-10, 3.61975116547e-10, 2.30230434717e-09, 6.18660289664e-10, 2.89440388324e-10, 7.61419885476e-11, 9.66730306917e-11, 3.33889652038e-11, 2.31257599875e-11, 6.23226557167e-12, 1.18905254566e-12, 3.75636885963e-13, 2.84805463718e-13, 3.27753828851e-13, 2.01670020202e-13, 4.50342583049e-14, 2.70718743375e-14, 4.91859496383e-14, 2.55511029137e-14]
    },
    "mfcc": {
        "mean": [-669.628479004, 158.46421814, -53.0575141907, 54.7548828125, -22.8393039703, -0.873797178268, -13.9086580276, -1.47734582424, 0.434775680304, 5.57421302795, 2.83388137817, 5.12991476059, 2.41272759438],
        "cov": [[10713.2509766, 2899.11962891, 259.670501709, 1454.72241211, -57.6033439636, 1199.98608398, 251.196472168, 399.920501709, 61.386554718, 122.084472656, -31.5053787231, 237.530029297, 126.35861969], [2899.11962891, 1556.71801758, -94.1259994507, 538.167053223, -54.4900970459, 388.986846924, 109.336158752, 186.42956543, 81.0374298096, 48.3696098328, 69.1328201294, 83.8482284546, 102.317687988], [259.670501709, -94.1259994507, 342.469360352, -14.7159051895, 116.520797729, 83.7352294922, 61.9943695068, 44.7112960815, 27.6463909149, 20.7237472534, 5.83122634888, 34.7124900818, 28.4234886169], [1454.72241211, 538.167053223, -14.7159051895, 402.678527832, 1.91503405571, 254.269134521, 53.0251846313, 92.0201797485, 5.93704462051, 17.3673267365, 0.770043253899, 51.7281455994, 31.8792266846], [-57.6033439636, -54.4900970459, 116.520797729, 1.91503405571, 151.334335327, 42.5723266602, 55.9729957581, 29.1925392151, 4.65277719498, 8.6318025589, 20.1334133148, 17.2188835144, 20.8695468903], [1199.98608398, 388.986846924, 83.7352294922, 254.269134521, 42.5723266602, 311.346801758, 94.8172149658, 89.1798782349, 16.4628810883, 12.2555351257, -0.429574221373, 49.5249862671, 34.7772789001], [251.196472168, 109.336158752, 61.9943695068, 53.0251846313, 55.9729957581, 94.8172149658, 112.551269531, 68.4529876709, 22.5995063782, 7.01501178741, 20.6469268799, 16.4350547791, 22.0369930267], [399.920501709, 186.42956543, 44.7112960815, 92.0201797485, 29.1925392151, 89.1798782349, 68.4529876709, 136.396728516, 44.983417511, 17.8351612091, 29.2967567444, 23.0656147003, 30.9095497131], [61.386554718, 81.0374298096, 27.6463909149, 5.93704462051, 4.65277719498, 16.4628810883, 22.5995063782, 44.983417511, 89.3146438599, 42.7101020813, 24.0199546814, 13.4974813461, 16.5617370605], [122.084472656, 48.3696098328, 20.7237472534, 17.3673267365, 8.6318025589, 12.2555351257, 7.01501178741, 17.8351612091, 42.7101020813, 72.9619750977, 31.8655338287, 18.4404506683, 9.74921798706], [-31.5053787231, 69.1328201294, 5.83122634888, 0.770043253899, 20.1334133148, -0.429574221373, 20.6469268799, 29.2967567444, 24.0199546814, 31.8655338287, 86.9721755981, 26.031791687, 23.993391037], [237.530029297, 83.8482284546, 34.7124900818, 51.7281455994, 17.2188835144, 49.5249862671, 16.4350547791, 23.0656147003, 13.4974813461, 18.4404506683, 26.031791687, 68.2049026489, 34.6302833557], [126.35861969, 102.317687988, 28.4234886169, 31.8792266846, 20.8695468903, 34.7772789001, 22.0369930267, 30.9095497131, 16.5617370605, 9.74921798706, 23.993391037, 34.6302833557, 72.2829437256]],
