{
"lowlevel": {
    "average_loudness": 0.366413921118,
    "barkbands_crest": {
        "dmean": 2.52523756027,
        "dmean2": 4.21025514603,
        "dvar": 4.43906116486,
        "dvar2": 12.3475217819,
        "max": 23.1628341675,
        "mean": 9.77064990997,
        "median": 9.1614074707,
        "min": 2.81763672829,
        "var": 11.0286769867
    },
    "barkbands_flatness_db": {
        "dmean": 0.0280560404062,
        "dmean2": 0.0416125170887,
        "dvar": 0.000726723461412,
        "dvar2": 0.0015121124452,
        "max": 0.538439512253,
        "mean": 0.227713301778,
        "median": 0.216608226299,
        "min": 0.0290508195758,
        "var": 0.00713642220944
    },
    "barkbands_kurtosis": {
        "dmean": 3.01580095291,
        "dmean2": 4.98962068558,
        "dvar": 16.7440872192,
        "dvar2": 44.0841751099,
        "max": 84.7459869385,
        "mean": 5.89807319641,
        "median": 4.29738998413,
        "min": -1.65784466267,
        "var": 42.7705307007
    },
    "barkbands_skewness": {
        "dmean": 0.496439933777,
        "dmean2": 0.814796686172,
        "dvar": 0.211614280939,
        "dvar2": 0.573600828648,
        "max": 7.82928133011,
        "mean": 1.74064469337,
        "median": 1.66597890854,
        "min": -2.15750098228,
        "var": 0.831483364105
    },
    "barkbands_spread": {
        "dmean": 2.31489419937,
        "dmean2": 3.64425253868,
        "dvar": 7.74407720566,
        "dvar2": 18.7761306763,
        "max": 90.4411849976,
        "mean": 9.03737258911,
        "median": 7.40672063828,
        "min": 0.437476366758,
        "var": 45.6262817383
    },
    "dissonance": {
        "dmean": 0.0278632286936,
        "dmean2": 0.0470326729119,
        "dvar": 0.000607542402577,
        "dvar2": 0.0016863681376,
        "max": 0.500000059605,
        "mean": 0.445275187492,
        "median": 0.451023131609,
        "min": 0.212640553713,
        "var": 0.00112132437062
    },
    "dynamic_complexity": 5.33407831192,
    "erbbands_crest": {
        "dmean": 2.61037158966,
        "dmean2": 4.25400018692,
        "dvar": 5.15783596039,
        "dvar2": 12.8696975708,
        "max": 29.033657074,
        "mean": 8.92980861664,
        "median": 8.01222229004,
        "min": 2.45319247246,
        "var": 14.4607820511
    },
    "erbbands_flatness_db": {
        "dmean": 0.0213291626424,
        "dmean2": 0.0303754806519,
        "dvar": 0.000449614919489,
        "dvar2": 0.000871637952514,
        "max": 0.376183867455,
        "mean": 0.219978809357,
        "median": 0.218447655439,
        "min": 0.0463600307703,
        "var": 0.00235242908821
    },
    "erbbands_kurtosis": {
        "dmean": 0.928123652935,
        "dmean2": 1.49215316772,
        "dvar": 1.19304430485,
        "dvar2": 3.00203323364,
        "max": 22.3970069885,
        "mean": 0.623952925205,
        "median": 0.153559684753,
        "min": -1.68132853508,
        "var": 3.37102746964
    },
    "erbbands_skewness": {
        "dmean": 0.342654138803,
        "dmean2": 0.542497754097,
        "dvar": 0.0807037353516,
        "dvar2": 0.201353371143,
        "max": 4.20639562607,
        "mean": 0.708734929562,
        "median": 0.68319016695,
        "min": -1.81397783756,
        "var": 0.325543522835
    },
    "erbbands_spread": {
        "dmean": 5.1148891449,
        "dmean2": 7.99744796753,
        "dvar": 26.2455806732,
        "dvar2": 61.9649391174,
        "max": 113.072593689,
        "mean": 24.5168743134,
        "median": 23.095413208,
        "min": 3.96561527252,
        "var": 128.215820312
    },
    "hfc": {
        "dmean": 2.41143226624,
        "dmean2": 3.45727229118,
        "dvar": 16.0398597717,
        "dvar2": 32.9869651794,
        "max": 150.487182617,
        "mean": 9.92327022552,
        "median": 4.2869143486,
        "min": 1.10122899056e-16,
        "var": 182.006286621
    },
    "melbands_crest": {
        "dmean": 3.441832304,
        "dmean2": 5.77398824692,
        "dvar": 8.21580123901,
        "dvar2": 22.6637210846,
        "max": 33.1881637573,
        "mean": 14.238489151,
        "median": 13.3795509338,
        "min": 1.62014949322,
        "var": 25.9335384369
    },
    "melbands_flatness_db": {
        "dmean": 0.0334319025278,
        "dmean2": 0.0496303290129,
        "dvar": 0.00104084552731,
        "dvar2": 0.00216643535532,
        "max": 0.712227225304,
        "mean": 0.332315385342,
        "median": 0.320005089045,
        "min": 0.00365409580991,
        "var": 0.0119473189116
    },
    "melbands_kurtosis": {
        "dmean": 5.67077970505,
        "dmean2": 9.38331127167,
        "dvar": 61.4787139893,
        "dvar2": 163.681091309,
        "max": 282.319244385,
        "mean": 12.7064933777,
        "median": 8.71595859528,
        "min": -1.58606159687,
        "var": 270.48916626
    },
    "melbands_skewness": {
        "dmean": 0.631158530712,
        "dmean2": 1.02843761444,
        "dvar": 0.331569671631,
        "dvar2": 0.888680756092,
        "max": 12.6420946121,
        "mean": 2.48411083221,
        "median": 2.334867239,
        "min": -1.18785536289,
        "var": 1.57773244381
    },
    "melbands_spread": {
        "dmean": 2.5752491951,
        "dmean2": 4.1185874939,
        "dvar": 11.6132602692,
        "dvar2": 29.487663269,
        "max": 158.154724121,
        "mean": 10.0007486343,
        "median": 7.5876326561,
        "min": 0.37509304285,
        "var": 114.719810486
    },
    "pitch_salience": {
        "dmean": 0.0836930349469,
        "dmean2": 0.137998685241,
        "dvar": 0.00488250004128,
        "dvar2": 0.0133502762765,
        "max": 0.873905897141,
        "mean": 0.595083713531,
        "median": 0.609500825405,
        "min": 0.14167521894,
        "var": 0.0128741776571
    },
    "silence_rate_20dB": {
        "dmean": 0,
        "dmean2": 0,
        "dvar": 0,
        "dvar2": 0,
        "max": 1,
        "mean": 1,
        "median": 1,
        "min": 1,
        "var": 0
    },
    "silence_rate_30dB": {
        "dmean": 0.00895162671804,
        "dmean2": 0.0179047938436,
        "dvar": 0.00887213367969,
        "dvar2": 0.0206829700619,
        "max": 1,
        "mean": 0.988897502422,
        "median": 1,
        "min": 0,
        "var": 0.0109788523987
    },
    "silence_rate_60dB": {
        "dmean": 0.0201411601156,
        "dmean2": 0.0402857884765,
        "dvar": 0.0197392366827,
        "dvar2": 0.0460627451539,
        "max": 1,
        "mean": 0.0999225378036,
        "median": 0,
        "min": 0,
        "var": 0.0899327173829
    },
    "spectral_centroid": {
        "dmean": 107.600814819,
        "dmean2": 168.154388428,
        "dvar": 36770.1953125,
        "dvar2": 84308.9453125,
        "max": 11794.4306641,
        "mean": 595.217529297,
        "median": 473.38494873,
        "min": 112.777145386,
        "var": 323897.78125
    },
    "spectral_complexity": {
        "dmean": 2.18522977829,
        "dmean2": 3.40466547012,
        "dvar": 5.40398979187,
        "dvar2": 11.4635772705,
        "max": 47,
        "mean": 12.5332641602,
        "median": 11,
        "min": 0,
        "var": 62.1426582336
    },
    "spectral_decrease": {
        "dmean": 1.95618965471e-09,
        "dmean2": 2.9954532188e-09,
        "dvar": 6.74479969548e-18,
        "dvar2": 1.60216794825e-17,
        "max": 6.93747528916e-18,
        "mean": -6.09649974948e-09,
        "median": -4.15201784065e-09,
        "min": -6.31000389717e-08,
        "var": 3.72039369747e-17
    },
    "spectral_energy": {
        "dmean": 0.00755200907588,
        "dmean2": 0.0115370918065,
        "dvar": 0.000100322038634,
        "dvar2": 0.000236503576161,
        "max": 0.24496473372,
        "mean": 0.0239097010344,
        "median": 0.0161310993135,
        "min": 1.00205297562e-20,
        "var": 0.000578911567573
    },
    "spectral_energyband_high": {
        "dmean": 3.81976897188e-05,
        "dmean2": 5.99496524956e-05,
        "dvar": 1.83565553868e-08,
        "dvar2": 4.40553193926e-08,
        "max": 0.0031891039107,
        "mean": 7.29147868697e-05,
        "median": 6.23243613518e-06,
        "min": 7.04627504013e-21,
        "var": 3.50452573628e-08
    },
    "spectral_energyband_low": {
        "dmean": 0.00518218101934,
        "dmean2": 0.00852513313293,
        "dvar": 5.86720962019e-05,
        "dvar2": 0.000157440998009,
        "max": 0.169280275702,
        "mean": 0.00910154543817,
        "median": 0.00574474269524,
        "min": 1.52245105998e-23,
        "var": 0.000122839090182
    },
    "spectral_energyband_middle_high": {
        "dmean": 0.000955597672146,
        "dmean2": 0.00142113131005,
        "dvar": 5.03925548401e-06,
        "dvar2": 1.04552718767e-05,
        "max": 0.0821027234197,
        "mean": 0.00310634542257,
        "median": 0.000715150497854,
        "min": 1.23432563493e-21,
        "var": 4.14614805777e-05
    },
    "spectral_energyband_middle_low": {
        "dmean": 0.00413224473596,
        "dmean2": 0.00617673667148,
        "dvar": 3.56944619853e-05,
        "dvar2": 8.0254227214e-05,
        "max": 0.167345002294,
        "mean": 0.0123563539237,
        "median": 0.00750054325908,
        "min": 2.16298945428e-22,
        "var": 0.000195004337002
    },
    "spectral_entropy": {
        "dmean": 0.207278817892,
        "dmean2": 0.298102706671,
        "dvar": 0.0432546101511,
        "dvar2": 0.0879719182849,
        "max": 9.81389522552,
        "mean": 6.78218793869,
        "median": 6.86798906326,
        "min": 4.54558610916,
        "var": 0.383115708828
    },
    "spectral_flux": {
        "dmean": 0.0167356263846,
        "dmean2": 0.0274435915053,
        "dvar": 0.000278117717244,
        "dvar2": 0.00070516357664,
        "max": 0.331122636795,
        "mean": 0.0715976506472,
        "median": 0.0667575746775,
        "min": 6.3081970203e-11,
        "var": 0.00157336087432
    },
    "spectral_kurtosis": {
        "dmean": 10.2333345413,
        "dmean2": 16.5537395477,
        "dvar": 191.380508423,
        "dvar2": 439.163604736,
        "max": 230.437927246,
        "mean": 22.944272995,
        "median": 12.8033380508,
        "min": -1.23916077614,
        "var": 673.966064453
    },
    "spectral_rms": {
        "dmean": 0.000724387413356,
        "dmean2": 0.00109879195224,
        "dvar": 4.74887542623e-07,
        "dvar2": 1.12328950763e-06,
        "max": 0.0154593009502,
        "mean": 0.00426787976176,
        "median": 0.00396707188338,
        "min": 3.12667990457e-12,
        "var": 5.11172038387e-06
    },
    "spectral_rolloff": {
        "dmean": 134.854751587,
        "dmean2": 230.642120361,
        "dvar": 61346.7148438,
        "dvar2": 136449.609375,
        "max": 19466.015625,
        "mean": 629.591064453,
        "median": 430.6640625,
        "min": 64.599609375,
        "var": 1915738.25
    },
    "spectral_skewness": {
        "dmean": 0.67462348938,
        "dmean2": 1.09095001221,
        "dvar": 0.587840855122,
        "dvar2": 1.41224575043,
        "max": 12.2687902451,
        "mean": 3.10129928589,
        "median": 2.52137923241,
        "min": -0.088830396533,
        "var": 3.09572649002
    },
    "spectral_spread": {
        "dmean": 386100.3125,
        "dmean2": 594176,
        "dvar": 436124909568,
        "dvar2": 907158683648,
        "max": 47792224,
        "mean": 2434207,
        "median": 2175740.25,
        "min": 437203.78125,
        "var": 4.16001897267e+12
    },
    "spectral_strongpeak": {
        "dmean": 0.354023188353,
        "dmean2": 0.591712713242,
        "dvar": 0.412221640348,
        "dvar2": 0.998489737511,
        "max": 10.9209957123,
        "mean": 0.666941702366,
        "median": 0.27833044529,
        "min": 0,
        "var": 1.45304226875
    },
    "zerocrossingrate": {
        "dmean": 0.0037747444585,
        "dmean2": 0.00485040619969,
        "dvar": 2.00957638299e-05,
        "dvar2": 2.9070304663e-05,
        "max": 0.52880859375,
        "mean": 0.0262880977243,
        "median": 0.0205078125,
        "min": 0.00244140625,
        "var": 0.00143585633487
    },
    "barkbands": {
        "dmean": [0.000587535672821, 0.00319286133163, 0.00245817401446, 0.00140202604234, 0.00172045093495, 0.00152005720884, 0.00125592015684, 0.000552506768145, 0.000637231627479, 0.000261275999947, 0.00036887609167, 0.000249176518992, 0.0002677157172, 0.000154203531565, 0.000133355613798, 9.10082890186e-05, 8.51903023431e-05, 4.80925336888e-05, 3.54268267984e-05, 2.42686201091e-05, 1.352279196e-05, 9.78999560175e-06, 5.28544114786e-06, 3.76836464966e-06, 2.14692431655e-06, 6.18870160451e-07, 3.69996683958e-07],
        "dmean2": [0.00102411373518, 0.00532537233084, 0.00411675451323, 0.00232893833891, 0.00278006098233, 0.00228778738528, 0.00189671351109, 0.000844662426971, 0.000912265153602, 0.000409140717238, 0.000551867240574, 0.000393689551856, 0.00043399061542, 0.000255713035585, 0.000224673334742, 0.00015116603754, 0.000143037585076, 8.06619646028e-05, 5.86813148402e-05, 4.06496073992e-05, 2.18149980356e-05, 1.61019343068e-05, 8.70249368745e-06, 6.17894647803e-06, 3.33237426275e-06, 9.67411665442e-07, 5.84842950957e-07],
        "dvar": [4.07428569815e-06, 2.92234963126e-05, 1.40592928801e-05, 5.61460637982e-06, 6.91128116159e-06, 7.88987381384e-06, 7.76771139499e-06, 1.36169319376e-06, 2.29987313105e-06, 3.55529721219e-07, 1.67454652455e-06, 1.15228840514e-06, 5.6559542827e-07, 3.13559553433e-07, 1.16641288628e-07, 4.83286477504e-08, 5.61686732681e-08, 1.82003265792e-08, 1.63449680457e-08, 5.65144508968e-09, 2.00574534759e-09, 1.62818791782e-09, 4.60676691239e-10, 3.32872784892e-10, 8.43721620347e-11, 6.21034603951e-12, 2.42943859474e-12],
        "dvar2": [1.10452419904e-05, 7.89756450104e-05, 3.74096816813e-05, 1.52992779476e-05, 1.70260209416e-05, 1.67724701896e-05, 1.65702494996e-05, 2.9098291634e-06, 4.21010645368e-06, 7.99167594323e-07, 3.04476498059e-06, 2.62148637376e-06, 1.43219938309e-06, 8.51796244206e-07, 3.16187822591e-07, 1.28758571805e-07, 1.53324464236e-07, 4.9396621904e-08, 4.52344366408e-08, 1.53596442232e-08, 4.79967887657e-09, 3.88789489492e-09, 1.16987353138e-09, 9.2300067589e-10, 2.04039743434e-10, 1.5909997278e-11, 5.22602317324e-12],
        "max": [0.0606416389346, 0.156899526715, 0.0700324848294, 0.0567380227149, 0.081570751965, 0.100210279226, 0.07649718225, 0.0283068474382, 0.0681874454021, 0.0162829607725, 0.0488805323839, 0.054792355746, 0.0210576243699, 0.0219940431416, 0.0069045019336, 0.00511337723583, 0.00638020783663, 0.00237631914206, 0.00307169696316, 0.00190078339074, 0.00118223147001, 0.000901531195268, 0.000524813949596, 0.000393205322325, 0.000184965741937, 5.75459307584e-05, 4.52306157968e-05],
        "mean": [0.000622674939223, 0.00455567752942, 0.00323479855433, 0.00210189563222, 0.00310528837144, 0.00280999508686, 0.00208353204653, 0.000968822569121, 0.00120071764104, 0.000453995686257, 0.000619301688857, 0.000638645025901, 0.000472149258712, 0.000289088406134, 0.000213650506339, 0.000152056309162, 0.000142504621181, 8.07561154943e-05, 6.28944399068e-05, 4.45462319476e-05, 2.48961550824e-05, 1.43914949149e-05, 7.69258531363e-06, 5.26199664819e-06, 3.15926604344e-06, 8.05237561963e-07, 4.79182403978e-07],
        "median": [0.000143498808029, 0.00235109566711, 0.00172131112777, 0.00104757805821, 0.0018133900594, 0.00113889831118, 0.000595830148086, 0.00030356287607, 0.000237704982283, 0.000133815963636, 0.000101666468254, 7.67435703892e-05, 8.61808439367e-05, 5.93622680753e-05, 5.47616727999e-05, 3.55001320713e-05, 2.73198656942e-05, 1.33723633553e-05, 8.81616506376e-06, 4.93831566928e-06, 1.71755289102e-06, 9.60328861765e-07, 4.38294762262e-07, 2.2965976143e-07, 1.01443262679e-07, 4.52850166255e-08, 7.15408621232e-09],
        "min": [6.64871643139e-25, 3.55968592543e-24, 2.14791993907e-24, 2.70546533042e-24, 8.74386916868e-24, 1.58419062764e-23, 8.59746052898e-24, 2.4225449816e-23, 3.79221561457e-23, 1.75193479938e-23, 1.99634284048e-23, 2.88238730715e-23, 2.67743777299e-23, 5.13371744456e-23, 6.66271289461e-23, 8.84732117666e-23, 9.97929050617e-23, 1.16107135494e-22, 1.29739661678e-22, 2.38023922322e-22, 2.85560352304e-22, 4.09682226243e-22, 4.1223467721e-22, 6.48826406781e-22, 9.57615544679e-22, 1.49101961034e-21, 2.06572747374e-21],
        "var": [4.79754044136e-06, 4.76456807519e-05, 2.13016082853e-05, 1.06198476715e-05, 1.931828956e-05, 2.31247940974e-05, 2.08163201023e-05, 4.02125533583e-06, 7.9093460954e-06, 8.28391250707e-07, 4.85793816551e-06, 1.13737451102e-05, 1.71644671809e-06, 1.18451509934e-06, 1.97673443836e-07, 9.01526178154e-08, 9.59237027587e-08, 3.11791978902e-08, 2.39560993265e-08, 1.00442303363e-08, 4.21077661628e-09, 2.43190889648e-09, 6.26666329939e-10, 3.31185856517e-10, 1.41955849853e-10, 7.27360446179e-12, 4.58267668604e-12]
    },
    "erbbands": {
        "dmean": [0.073892146349, 0.8130453825, 2.77359390259, 3.17300462723, 5.61474847794, 6.40670061111, 6.57330608368, 15.3472633362, 15.2070074081, 18.7363891602, 9.72673606873, 15.2170591354, 8.55377674103, 15.0572214127, 9.15150547028, 10.2478923798, 11.4631967545, 9.15241527557, 5.23287773132, 6.14080810547, 4.69754457474, 4.4153342247, 2.96113109589, 1.88944101334, 1.72635686398, 0.995732784271, 0.646616399288, 0.462452322245, 0.353039711714, 0.242066398263, 0.145580053329, 0.104873210192, 0.0481854081154, 0.0278174337, 0.013206936419, 0.00304139824584, 0.00112082308624, 0.000338099896908, 6.02898398938e-05, 1.15826460387e-05],
        "dmean2": [0.125289782882, 1.35986948013, 4.64343214035, 5.24693346024, 9.30535030365, 10.2774591446, 10.2396678925, 23.0572414398, 23.4544963837, 28.4786624908, 14.4726963043, 21.3987026215, 13.0783634186, 22.301366806, 14.2676277161, 16.1046791077, 18.7024879456, 15.2409009933, 8.61695098877, 10.3876161575, 7.8097987175, 7.40785503387, 4.94171333313, 3.17804551125, 2.83772706985, 1.66414129734, 1.04673182964, 0.744496226311, 0.58269405365, 0.396793007851, 0.237434774637, 0.17819981277, 0.0748399943113, 0.0422991737723, 0.0209169238806, 0.0046091848053, 0.00181574537419, 0.000544451002497, 9.53083726927e-05, 1.78952668648e-05],
        "dvar": [0.0366472564638, 1.643273592, 17.5301265717, 24.8618907928, 80.0780334473, 120.232475281, 172.19468689, 889.400756836, 999.93536377, 1785.56237793, 384.613830566, 1562.9395752, 335.79119873, 2853.22216797, 433.459197998, 2590.41064453, 964.748779297, 1184.5144043, 163.892883301, 248.236953735, 134.253738403, 181.208129883, 63.5954284668, 58.2427711487, 31.004693985, 9.76338195801, 4.28371953964, 2.95580530167, 2.18010568619, 1.00376796722, 0.380412876606, 0.338845849037, 0.0334405004978, 0.0126884290949, 0.00346295768395, 0.000130389089463, 2.56321545749e-05, 2.23961478696e-06, 6.07993868584e-08, 5.5499471685e-10],
        "dvar2": [0.100134856999, 4.45831441879, 47.2970314026, 66.3268203735, 221.578964233, 268.996673584, 422.083587646, 1828.44567871, 2296.65014648, 3760.89355469, 747.828430176, 2748.38598633, 730.29473877, 5233.24804688, 971.85168457, 5860.5625, 2533.83642578, 3203.12475586, 411.738708496, 703.538452148, 360.15914917, 496.409881592, 175.604766846, 167.46206665, 81.3204193115, 26.2749900818, 10.2599687576, 7.22995138168, 5.27922391891, 2.47892999649, 0.96092748642, 0.968374490738, 0.0832199901342, 0.0287012681365, 0.00881323963404, 0.000318258506013, 6.89759108354e-05, 5.75524109081e-06, 1.37087084795e-07, 1.14732023881e-09],
        "max": [4.4538898468, 35.7189674377, 74.3307189941, 127.927986145, 207.877746582, 447.545043945, 435.315582275, 1147.67980957, 889.590393066, 947.61920166, 518.870300293, 1914.61193848, 438.861572266, 1972.43798828, 546.875610352, 2790.71533203, 722.389709473, 1708.75378418, 396.390625, 348.012268066, 320.456634521, 433.477539062, 155.244262695, 220.693832397, 172.235549927, 71.9684371948, 53.373134613, 42.3780097961, 37.870174408, 24.8239440918, 16.0513134003, 13.4619207382, 3.20529985428, 2.63343644142, 1.12115347385, 0.242620944977, 0.147333577275, 0.031556583941, 0.007767082192, 0.000843980698846],
        "mean": [0.0980480983853, 1.13729929924, 3.79687094688, 5.32704305649, 9.34250068665, 11.0105276108, 12.0687265396, 27.4861869812, 25.8060855865, 32.226600647, 19.1869773865, 29.1748027802, 17.1027698517, 26.9715366364, 18.212890625, 28.8529129028, 21.6587543488, 19.4052810669, 9.89946079254, 10.2987318039, 8.24001598358, 7.75058841705, 5.33856296539, 3.29950404167, 3.34416866302, 1.96870195866, 1.24628543854, 0.766811490059, 0.534722208977, 0.340294867754, 0.20638678968, 0.131927475333, 0.0769785940647, 0.0439633242786, 0.0179200451821, 0.00424895435572, 0.00140056421515, 0.000399068143452, 8.4476734628e-05, 3.30110306095e-05],
        "median": [0.0374432615936, 0.601596534252, 2.1044344902, 3.19955801964, 5.3163933754, 5.65524721146, 5.76860904694, 10.5192975998, 9.65951538086, 8.65826416016, 6.63379049301, 5.43964862823, 4.64686441422, 5.03324079514, 4.15754318237, 3.46454811096, 4.14821195602, 3.38365459442, 3.23088908195, 2.56709074974, 1.91768407822, 1.51787769794, 0.894353985786, 0.563961803913, 0.379857480526, 0.23294749856, 0.0976526588202, 0.0556168705225, 0.0367602258921, 0.0222130604088, 0.0114994700998, 0.00615286221728, 0.00301106297411, 0.00142101850361, 0.000600893981755, 0.000245675735641, 8.25606257422e-05, 1.518730096e-05, 1.00495990409e-05, 1.88875073945e-05],
        "min": [1.52670825829e-22, 6.87344376947e-22, 2.95623748636e-21, 7.90085762607e-21, 1.50066202001e-20, 3.45050443838e-20, 4.76928721314e-20, 1.00468633418e-19, 9.02947383983e-20, 3.96519650728e-19, 6.35417295699e-19, 8.48091169752e-19, 7.24533650691e-19, 9.5251233063e-19, 1.42778104909e-18, 1.7513491859e-18, 1.79050315981e-18, 2.36710388145e-18, 2.63365270089e-18, 3.05363856086e-18, 5.39697919768e-18, 6.27774291595e-18, 7.19762855489e-18, 7.00631905e-18, 7.80864536669e-18, 1.10521702682e-17, 8.99324575884e-18, 8.7788049753e-18, 1.4786740187e-17, 1.3298925988e-17, 1.20525889708e-17, 1.17300083842e-17, 1.07060266147e-17, 9.56675985602e-18, 6.14536548021e-18, 4.82142940901e-18, 2.54424667758e-18, 1.0743244986e-18, 2.78712742985e-19, 2.84981040119e-20],
        "var": [0.0505045764148, 2.65251207352, 26.974401474, 49.5412368774, 166.668670654, 414.254333496, 407.56817627, 2472.06030273, 2202.65795898, 4584.76367188, 1377.59997559, 5545.91845703, 1149.88696289, 8519.39355469, 1559.40722656, 27882.2324219, 2865.75708008, 5630.67382812, 345.837036133, 413.515319824, 251.024047852, 303.485778809, 118.713294983, 61.2912368774, 69.4917831421, 18.2733192444, 9.72434520721, 4.95665693283, 3.2847070694, 1.38951718807, 0.493878126144, 0.260607779026, 0.0602298416197, 0.0262915994972, 0.00466655986384, 0.00018240576901, 2.53065245488e-05, 2.47465436587e-06, 1.03904369553e-07, 1.96017424514e-09]
    },
    "gfcc": {
        "mean": [-116.3179245, 180.293640137, -106.104011536, 14.4029607773, -36.5107765198, -0.381895452738, -26.7566490173, -5.06099271774, -11.8771409988, -5.2703294754, -7.01955032349, -7.48427629471, -6.7031288147],
        "cov": [[23295.5371094, -801.18951416, -4093.39477539, 915.832946777, -1012.95880127, -272.870819092, -397.529693604, 533.175048828, -123.250099182, 119.587524414, 32.3209877014, 143.139083862, 108.082885742], [-801.18951416, 1970.48217773, 352.545074463, -307.234649658, 419.448669434, -164.576019287, 115.623352051, -230.677154541, 145.275817871, -133.152664185, 86.5736618042, -87.3339996338, 94.7879257202], [-4093.39477539, 352.545074463, 1238.77526855, -269.711364746, 220.613143921, 184.906738281, 48.0692405701, -103.204216003, 17.3858890533, -13.9077196121, -13.4520368576, -18.7593784332, -24.9339523315], [915.832946777, -307.234649658, -269.711364746, 327.241027832, -89.8072662354, -5.10860204697, 24.8867740631, 23.3499221802, 9.46597099304, 15.4983043671, 14.2598390579, 18.3308620453, -5.00385665894], [-1012.95880127, 419.448669434, 220.613143921, -89.8072662354, 239.38508606, -10.2204618454, 42.5219726562, -56.6645927429, 27.2138843536, -35.6066894531, 15.3989858627, -19.6313095093, 18.9026489258], [-272.870819092, -164.576019287, 184.906738281, -5.10860204697, -10.2204618454, 172.162277222, 25.2620830536, 15.6629648209, -12.7755365372, 21.3329563141, -7.44494056702, 12.7152490616, -21.0736942291], [-397.529693604, 115.623352051, 48.0692405701, 24.8867740631, 42.5219726562, 25.2620830536, 113.634674072, -18.3715114594, 32.0524520874, -4.63213825226, 18.2839565277, -8.14215755463, 1.71647024155], [533.175048828, -230.677154541, -103.204216003, 23.3499221802, -56.6645927429, 15.6629648209, -18.3715114594, 97.2584381104, -2.52804970741, 27.0785751343, -12.2194604874, 10.6442499161, -5.86895465851], [-123.250099182, 145.275817871, 17.3858890533, 9.46597099304, 27.2138843536, -12.7755365372, 32.0524520874, -2.52804970741, 77.286277771, 6.51424694061, 19.1394729614, -5.95639181137, 11.5239200592], [119.587524414, -133.152664185, -13.9077196121, 15.4983043671, -35.6066894531, 21.3329563141, -4.63213825226, 27.0785751343, 6.51424694061, 58.983001709, 10.0104637146, 12.8918943405, -8.42072105408], [32.3209877014, 86.5736618042, -13.4520368576, 14.2598390579, 15.3989858627, -7.44494056702, 18.2839565277, -12.2194604874, 19.1394729614, 10.0104637146, 53.831451416, 11.2834796906, 10.8977613449], [143.139083862, -87.3339996338, -18.7593784332, 18.3308620453, -19.6313095093, 12.7152490616, -8.14215755463, 10.6442499161, -5.95639181137, 12.8918943405, 11.2834796906, 44.8930511475, 12.0448617935], [108.082885742, 94.7879257202, -24.9339523315, -5.00385665894, 18.9026489258, -21.0736942291, 1.71647024155, -5.86895465851, 11.5239200592, -8.42072105408, 10.8977613449, 12.0448617935, 42.6882286072]],
        "icov": [[0.000186572986422, -0.000393011927372, 0.00060078635579, -0.000277122744592, 0.00042440337711, -0.000650893896818, 0.000577061320655, -0.000671243295074, 0.00037609616993, -0.000211296995985, 0.000150886451593, -0.000287001574179, -6.77382513459e-06], [-0.000393011927372, 0.00259073963389, -0.00116345379502, 0.00178426399361, -0.00218354025856, 0.0019992555026, -0.00157464086078, 0.00348811573349, -0.00280431238934, 0.00199068197981, -0.00200050347485, 0.00247863749973, -0.00177022221033], [0.00060078635579, -0.00116345379502, 0.00352546828799, 0.000114963710075, 0.000316627585562, -0.00379680306651, 0.00198981678113, -0.000595803139731, 0.000360101374099, -0.00090226350585, 0.00107414380182, -0.00120042427443, 0.000747782120015], [-0.000277122744592, 0.00178426399361, 0.000114963710075, 0.00553198996931, -0.000501023896504, 0.000896565557923, -0.00245439726859, 0.00290183559991, -0.00277020828798, 0.00159788457677, -0.00173629249912, 0.000123811943922, 8.88066715561e-05], [0.00042440337711, -0.00218354025856, 0.000316627585562, -0.000501023896504, 0.00882035307586, -0.00113631680142, -7.7933902503e-05, -0.00195327633992, 0.00149276072625, 0.000841155881062, -3.75444433303e-05, -0.00041765536298, -0.000941563572269], [-0.000650893896818, 0.0019992555026, -0.00379680306651, 0.000896565557923, -0.00113631680142, 0.0117957815528, -0.00509616127238, 0.00091602554312, 0.000127133142087, -0.000468954152893, -0.000213652019738, -0.00131248845719, 0.00205135834403], [0.000577061320655, -0.00157464086078, 0.00198981678113, -0.00245439726859, -7.7933902503e-05, -0.00509616127238, 0.0142017928883, -0.00122563017067, -0.00256596831605, 0.000332162948325, -0.00195866147988, 0.00109102483839, 0.00063947297167], [-0.000671243295074, 0.00348811573349, -0.000595803139731, 0.00290183559991, -0.00195327633992, 0.00091602554312, -0.00122563017067, 0.0200167391449, -0.00576345203444, -0.00276904040948, 0.00217172107659, 0.00139769981615, -0.00187431613449], [0.00037609616993, -0.00280431238934, 0.000360101374099, -0.00277020828798, 0.00149276072625, 0.000127133142087, -0.00256596831605, -0.00576345203444, 0.0209920853376, -0.00581157160923, -0.00191120745149, 0.00187973759603, -0.00298299081624], [-0.000211296995985, 0.00199068197981, -0.00090226350585, 0.00159788457677, 0.000841155881062, -0.000468954152893, 0.000332162948325, -0.00276904040948, -0.00581157160923, 0.026444485411, -0.00791771616787, -0.00281538651325, 0.00437800819054], [0.000150886451593, -0.00200050347485, 0.00107414380182, -0.00173629249912, -3.75444433303e-05, -0.000213652019738, -0.00195866147988, 0.00217172107659, -0.00191120745149, -0.00791771616787, 0.0277369916439, -0.00875518471003, -0.000884075183421], [-0.000287001574179, 0.00247863749973, -0.00120042427443, 0.000123811943922, -0.00041765536298, -0.00131248845719, 0.00109102483839, 0.00139769981615, 0.00187973759603, -0.00281538651325, -0.00875518471003, 0.034631550312, -0.0143777448684], [-6.77382513459e-06, -0.00177022221033, 0.000747782120015, 8.88066715561e-05, -0.000941563572269, 0.00205135834403, 0.00063947297167, -0.00187431613449, -0.00298299081624, 0.00437800819054, -0.000884075183421, -0.0143777448684, 0.0349183231592]]
    },
    "melbands": {
        "dmean": [0.00076454464579, 0.00127895164769, 0.000603094696999, 0.000431338819908, 0.000224277231609, 0.000321162748151, 0.000245018309215, 0.000188667152543, 7.5143390859e-05, 0.000100375094917, 4.22582415922e-05, 5.99856612098e-05, 3.74884730263e-05, 3.06396395899e-05, 2.21328973566e-05, 2.90750340355e-05, 1.57296544785e-05, 8.09491575637e-06, 1.04431319414e-05, 7.48824777475e-06, 5.51819448447e-06, 5.00903342981e-06, 4.01539136874e-06, 2.35784091274e-06, 1.57621741437e-06, 1.43082343129e-06, 1.16345393053e-06, 6.26332507636e-07, 4.63661393724e-07, 3.21744551002e-07, 2.89287356736e-07, 2.18486064796e-07, 1.7992165624e-07, 1.22879654896e-07, 9.23458003399e-08, 6.6993735004e-08, 6.24695601914e-08, 3.5215816041e-08, 2.71902145244e-08, 2.4023927736e-08],
        "dmean2": [0.00128821167164, 0.00213143811561, 0.000993201741949, 0.000698554504197, 0.000349211943103, 0.000483489246108, 0.00037354262895, 0.00028645308339, 0.000112116598757, 0.00014156580437, 6.53656752547e-05, 8.92667085282e-05, 5.77313949179e-05, 4.8234109272e-05, 3.56880591426e-05, 4.76016393804e-05, 2.62727553491e-05, 1.33404037115e-05, 1.77056626853e-05, 1.25466567624e-05, 9.2248992587e-06, 8.47892715683e-06, 6.73825525155e-06, 3.98896645493e-06, 2.67230097961e-06, 2.37580411522e-06, 1.95541520043e-06, 1.05599497147e-06, 7.53005849674e-07, 5.25816290065e-07, 4.66088579287e-07, 3.62306138868e-07, 3.00683524301e-07, 2.02797892257e-07, 1.52793930397e-07, 1.12174213029e-07, 1.07436868291e-07, 5.47476091128e-08, 4.38249365686e-08, 3.67169299409e-08],
        "dvar": [2.36199093706e-06, 3.53948212251e-06, 8.71897952948e-07, 4.51145211855e-07, 1.62163601658e-07, 3.76528703327e-07, 2.66811184702e-07, 1.65048419376e-07, 2.27567280575e-08, 6.83074148355e-08, 8.35865776594e-09, 4.09295353165e-08, 1.00145172155e-08, 1.65406106589e-08, 5.0537884988e-09, 7.8977677731e-09, 3.42844308499e-09, 3.72756658873e-10, 8.91286933147e-10, 3.67386260303e-10, 2.0010777757e-10, 2.76505568442e-10, 1.4959745942e-10, 4.43952132001e-11, 4.57568184731e-11, 2.32981273163e-11, 1.39078436268e-11, 4.12516158385e-12, 2.09901779118e-12, 1.53257810089e-12, 1.18597362833e-12, 8.71602920047e-13, 5.84217461734e-13, 2.53987504856e-13, 1.56831036872e-13, 8.49514618264e-14, 1.30083809935e-13, 1.79181095552e-14, 1.11585867364e-14, 9.99277548051e-15],
        "dvar2": [6.49595403956e-06, 9.50935191213e-06, 2.38999609792e-06, 1.11281974569e-06, 3.98644061761e-07, 7.79837193932e-07, 5.9116786133e-07, 3.51445237357e-07, 4.54292639063e-08, 1.18969992968e-07, 1.84811135284e-08, 7.60571552405e-08, 2.06025720928e-08, 3.77727111811e-08, 1.18327259102e-08, 2.07420907117e-08, 9.31465660159e-09, 9.35549415715e-10, 2.48403209113e-09, 1.00400210368e-09, 5.42860645325e-10, 7.64761809435e-10, 3.9861197676e-10, 1.22939006197e-10, 1.32476404846e-10, 6.10788988831e-11, 3.80967375702e-11, 1.11242438872e-11, 5.20320028383e-12, 3.86313940906e-12, 2.99662855294e-12, 2.08521611436e-12, 1.51163576014e-12, 6.29882756197e-13, 3.98988513669e-13, 2.32079112872e-13, 3.74007872199e-13, 4.29383938615e-14, 2.8251816644e-14, 2.23482849929e-14],
        "max": [0.0438502207398, 0.0430651903152, 0.0214955471456, 0.0205509215593, 0.012550631538, 0.0232999511063, 0.0141208553687, 0.00862854253501, 0.00365501595661, 0.0131513476372, 0.00213765096851, 0.00730239693075, 0.0031829776708, 0.00632037315518, 0.00298269395716, 0.0030158655718, 0.00284354109317, 0.00059311336372, 0.000712615903467, 0.00044848077232, 0.000370872701751, 0.000540980370715, 0.000271212629741, 0.00014457499492, 0.000200783397304, 0.000183284500963, 9.74128124653e-05, 5.44931681361e-05, 4.19147509092e-05, 4.36646732851e-05, 2.89652016363e-05, 2.67518807959e-05, 1.73388179974e-05, 1.65692654264e-05, 1.08297399493e-05, 5.75223612032e-06, 8.50731066748e-06, 3.31576120516e-06, 2.38092479776e-06, 2.64454320131e-06],
        "mean": [0.00109615572728, 0.00188501446974, 0.00107820890844, 0.000761256262194, 0.000430363521446, 0.000583968765568, 0.000420980562922, 0.000328739290126, 0.000142594479257, 0.000188752514077, 7.98756955191e-05, 0.000105140650703, 6.59404249745e-05, 7.71541017457e-05, 4.76648383483e-05, 5.52315759705e-05, 3.13263335556e-05, 1.41926875585e-05, 1.62562118931e-05, 1.18145317174e-05, 8.94863751455e-06, 8.14100076241e-06, 6.43134899292e-06, 3.84146960641e-06, 2.43939553002e-06, 2.52915833698e-06, 2.09815016206e-06, 1.10457426672e-06, 8.4226405761e-07, 5.27562690422e-07, 4.26568533385e-07, 3.23434278471e-07, 2.33903861613e-07, 1.68875359918e-07, 1.22503479361e-07, 9.39320585758e-08, 7.27211002527e-08, 5.71325102783e-08, 4.03818951611e-08, 3.63401397863e-08],
        "median": [0.00054032902699, 0.00109786761459, 0.000667825108394, 0.000431715685409, 0.000226908159675, 0.000227543991059, 0.000145348341903, 9.11702009034e-05, 4.74962071166e-05, 3.30912480422e-05, 2.20521706069e-05, 1.96971359401e-05, 1.39455751196e-05, 9.14556676435e-06, 8.86142788659e-06, 8.18846274342e-06, 5.76081902182e-06, 4.91510490974e-06, 3.87959607906e-06, 2.60431056631e-06, 2.03359422812e-06, 1.6170976096e-06, 1.02924343537e-06, 6.13715258169e-07, 4.27968785743e-07, 2.83327835859e-07, 2.17781234824e-07, 1.33365972488e-07, 6.22699829478e-08, 3.82542815203e-08, 2.87155081935e-08, 2.14807176491e-08, 1.51773225099e-08, 1.0653011806e-08, 6.76264022559e-09, 4.58757876132e-09, 3.24116911088e-09, 2.119679543e-09, 1.48847056902e-09, 1.03136510443e-09],
        "min": [1.74496584438e-24, 1.71604068156e-24, 1.77816604165e-24, 2.01452336278e-24, 1.4381281401e-24, 2.61663545097e-24, 1.47295062982e-24, 3.7264511208e-24, 4.52531359901e-24, 5.11662046216e-24, 3.68097644506e-24, 3.3646242894e-24, 3.95991568899e-24, 4.13341775648e-24, 5.25240038446e-24, 2.6928897043e-24, 4.34232587356e-24, 3.68381949976e-24, 4.718121065e-24, 2.76881125554e-24, 5.68152454525e-24, 6.75030406522e-24, 5.64558759228e-24, 5.08657196142e-24, 4.79200735511e-24, 5.09648754857e-24, 5.64022373256e-24, 5.85019207869e-24, 4.39488491466e-24, 5.60458260243e-24, 3.74551907217e-24, 7.93661991576e-24, 7.29074478278e-24, 6.06717221497e-24, 5.69618039758e-24, 6.15451213339e-24, 6.54070845587e-24, 7.00453342459e-24, 7.01574787122e-24, 7.99026719048e-24],
        "var": [3.59838486474e-06, 5.93080585531e-06, 1.84036412065e-06, 1.23521294881e-06, 4.23291396601e-07, 1.0693557897e-06, 6.60301395783e-07, 4.32142371665e-07, 7.48775121906e-08, 2.44225446977e-07, 2.64300812347e-08, 1.20698075534e-07, 2.77172595986e-08, 1.51872967535e-07, 3.53740503556e-08, 3.07080370021e-08, 1.57902739772e-08, 7.18865411642e-10, 1.39371336694e-09, 6.12114581244e-10, 3.4169772567e-10, 4.20652679356e-10, 2.27332652702e-10, 7.33296270927e-11, 4.17896099669e-11, 4.59289828392e-11, 2.54834538888e-11, 6.79039506915e-12, 4.62990713476e-12, 2.35151936985e-12, 1.83226545915e-12, 1.30713766634e-12, 6.96688420929e-13, 3.56281654569e-13, 1.92595193808e-13, 9.05164073035e-14, 9.37454798576e-14, 3.60690278101e-14, 1.82419912373e-14, 2.05604610214e-14]
    },
    "mfcc": {
        "mean": [-748.739807129, 200.535064697, 0.960915148258, 22.7718276978, 9.60164737701, 6.42538309097, -0.596826255322, 1.15916764736, -1.71606123447, 1.07238185406, -0.379843950272, 1.1977006197, 1.11325013638],
        "cov": [[14418.5351562, -138.049667358, -2710.54614258, 432.609283447, -842.319702148, -366.480499268, -422.288604736, 11.6921644211, -121.162216187, 110.488204956, -95.2553939819, 26.2996997833, -37.0788955688], [-138.049667358, 2010.97998047, 21.8165531158, -76.3448562622, 282.407867432, -24.7248344421, -16.7945156097, -56.5917701721, 17.0938529968, -35.513961792, -17.2273368835, -48.2557296753, 5.04361438751], [-2710.54614258, 21.8165531158, 981.851196289, -143.081237793, 182.038238525, 147.34954834, 120.67527771, 20.8787269592, 30.4221115112, -21.4245281219, 35.2192802429, 21.7783718109, 20.6699790955], [432.609283447, -76.3448562622, -143.081237793, 261.718078613, -56.9608192444, 17.2478618622, -20.2892475128, 14.7135858536, -16.3862266541, 22.1051673889, -4.49532938004, 3.35549020767, 12.8981590271], [-842.319702148, 282.407867432, 182.038238525, -56.9608192444, 195.740936279, 22.1802406311, 29.5953044891, -4.344581604, 16.6691455841, -19.1968841553, 2.42555379868, -14.4726915359, -0.340932607651], [-366.480499268, -24.7248344421, 147.34954834, 17.2478618622, 22.1802406311, 136.733169556, 42.0242919922, 28.6578350067, 4.34286355972, 4.33857059479, 9.25956439972, 15.9174423218, 11.0728435516], [-422.288604736, -16.7945156097, 120.67527771, -20.2892475128, 29.5953044891, 42.0242919922, 88.9429473877, 19.5626831055, 4.54364204407, 0.315838813782, 6.82827711105, 3.90189123154, 3.11924743652], [11.6921644211, -56.5917701721, 20.8787269592, 14.7135858536, -4.344581604, 28.6578350067, 19.5626831055, 57.2038154602, 14.8635377884, 8.70850849152, 1.15693533421, 5.92702817917, 4.38435554504], [-121.162216187, 17.0938529968, 30.4221115112, -16.3862266541, 16.6691455841, 4.34286355972, 4.54364204407, 14.8635377884, 51.8103752136, 13.5300130844, 6.36593818665, 1.29226458073, 1.07612013817], [110.488204956, -35.513961792, -21.4245281219, 22.1051673889, -19.1968841553, 4.33857059479, 0.315838813782, 8.70850849152, 13.5300130844, 49.5496101379, 15.3037443161, 9.10309791565, 2.43896794319], [-95.2553939819, -17.2273368835, 35.2192802429, -4.49532938004, 2.42555379868, 9.25956439972, 6.82827711105, 1.15693533421, 6.36593818665, 15.3037443161, 41.1535339355, 16.6657924652, 2.52122092247], [26.2996997833, -48.2557296753, 21.7783718109, 3.35549020767, -14.4726915359, 15.9174423218, 3.90189123154, 5.92702817917, 1.29226458073, 9.10309791565, 16.6657924652, 47.2661476135, 17.0022010803], [-37.0788955688, 5.04361438751, 20.6699790955, 12.8981590271, -0.340932607651, 11.0728435516, 3.11924743652, 4.38435554504, 1.07612013817, 2.43896794319, 2.52122092247, 17.0022010803, 39.2562255859]],
