{
"lowlevel": {
    "average_loudness": 0.773695468903,
    "barkbands_crest": {
        "dmean": 2.95209765434,
        "dmean2": 4.90918970108,
        "dvar": 7.54733133316,
        "dvar2": 19.8746891022,
        "max": 26.6420345306,
        "mean": 13.8801422119,
        "median": 13.2333402634,
        "min": 3.14447450638,
        "var": 22.1873092651
    },
    "barkbands_flatness_db": {
        "dmean": 0.0306998137385,
        "dmean2": 0.0471467711031,
        "dvar": 0.000843467423692,
        "dvar2": 0.0018795109354,
        "max": 0.553203880787,
        "mean": 0.238995313644,
        "median": 0.226599812508,
        "min": 0.0329038836062,
        "var": 0.00682231551036
    },
    "barkbands_kurtosis": {
        "dmean": 11.0718317032,
        "dmean2": 17.8327236176,
        "dvar": 413.649780273,
        "dvar2": 1053.95153809,
        "max": 848.112854004,
        "mean": 23.0956516266,
        "median": 14.8220844269,
        "min": -1.8966537714,
        "var": 1063.22521973
    },
    "barkbands_skewness": {
        "dmean": 0.909807682037,
        "dmean2": 1.43535661697,
        "dvar": 0.995730280876,
        "dvar2": 2.47835588455,
        "max": 22.0626144409,
        "mean": 3.17641615868,
        "median": 2.98830103874,
        "min": -8.98680782318,
        "var": 4.36645936966
    },
    "barkbands_spread": {
        "dmean": 2.92920732498,
        "dmean2": 4.72904396057,
        "dvar": 28.9163341522,
        "dvar2": 69.1072692871,
        "max": 114.10949707,
        "mean": 7.26091003418,
        "median": 4.98364257812,
        "min": 0.0713219717145,
        "var": 64.5167160034
    },
    "dissonance": {
        "dmean": 0.030624743551,
        "dmean2": 0.0506597831845,
        "dvar": 0.000789277488366,
        "dvar2": 0.00203935615718,
        "max": 0.500000119209,
        "mean": 0.420122921467,
        "median": 0.43040561676,
        "min": 0.165457129478,
        "var": 0.00271355779842
    },
    "dynamic_complexity": 3.556245327,
    "erbbands_crest": {
        "dmean": 2.32253837585,
        "dmean2": 3.71774363518,
        "dvar": 4.9701795578,
        "dvar2": 12.0756082535,
        "max": 31.367017746,
        "mean": 10.278755188,
        "median": 9.53698730469,
        "min": 2.00608253479,
        "var": 20.4371967316
    },
    "erbbands_flatness_db": {
        "dmean": 0.0220024399459,
        "dmean2": 0.0311707854271,
        "dvar": 0.000525215698872,
        "dvar2": 0.000981277320534,
        "max": 0.466428369284,
        "mean": 0.181048989296,
        "median": 0.161848843098,
        "min": 0.0312200542539,
        "var": 0.00600031716749
    },
    "erbbands_kurtosis": {
        "dmean": 1.9440151453,
        "dmean2": 3.03649640083,
        "dvar": 9.06590461731,
        "dvar2": 21.2667217255,
        "max": 110.894042969,
        "mean": 4.17030382156,
        "median": 2.12529182434,
        "min": -1.73240458965,
        "var": 41.0817070007
    },
    "erbbands_skewness": {
        "dmean": 0.404965937138,
        "dmean2": 0.631018877029,
        "dvar": 0.176787897944,
        "dvar2": 0.431222319603,
        "max": 8.37906742096,
        "mean": 1.37792766094,
        "median": 1.20264911652,
        "min": -1.83276259899,
        "var": 0.954358637333
    },
    "erbbands_spread": {
        "dmean": 9.19445610046,
        "dmean2": 13.6918754578,
        "dvar": 136.775131226,
        "dvar2": 291.365356445,
        "max": 166.477767944,
        "mean": 33.2209625244,
        "median": 26.9113178253,
        "min": 0.865690767765,
        "var": 598.227233887
    },
    "hfc": {
        "dmean": 4.03456830978,
        "dmean2": 6.08285665512,
        "dvar": 37.898727417,
        "dvar2": 85.0392074585,
        "max": 80.342956543,
        "mean": 10.5035610199,
        "median": 7.67358016968,
        "min": 1.18727774419e-16,
        "var": 86.6030426025
    },
    "melbands_crest": {
        "dmean": 3.3798251152,
        "dmean2": 5.56135940552,
        "dvar": 8.97207069397,
        "dvar2": 23.1853942871,
        "max": 35.7169952393,
        "mean": 17.3620128632,
        "median": 16.7491149902,
        "min": 1.60119438171,
        "var": 27.7839279175
    },
    "melbands_flatness_db": {
        "dmean": 0.035047672689,
        "dmean2": 0.0541223287582,
        "dvar": 0.00115607283078,
        "dvar2": 0.00258691096678,
        "max": 0.667059719563,
        "mean": 0.34050282836,
        "median": 0.329112112522,
        "min": 0.00266872881912,
        "var": 0.00878929812461
    },
    "melbands_kurtosis": {
        "dmean": 18.2843704224,
        "dmean2": 29.1084194183,
        "dvar": 974.161376953,
        "dvar2": 2348.13818359,
        "max": 889.644836426,
        "mean": 39.0265884399,
        "median": 24.8387851715,
        "min": -1.7106115818,
        "var": 2310.66674805
    },
    "melbands_skewness": {
        "dmean": 1.02895224094,
        "dmean2": 1.59527301788,
        "dvar": 1.22002804279,
        "dvar2": 2.81872081757,
        "max": 22.8900241852,
        "mean": 3.9004740715,
        "median": 3.54854393005,
        "min": -1.91964673996,
        "var": 5.64173126221
    },
    "melbands_spread": {
        "dmean": 2.35274577141,
        "dmean2": 3.81652021408,
        "dvar": 20.6284179688,
        "dvar2": 50.7459602356,
        "max": 160.165359497,
        "mean": 6.63635635376,
        "median": 4.02381086349,
        "min": 0.227143779397,
        "var": 91.5491256714
    },
    "pitch_salience": {
        "dmean": 0.0814832150936,
        "dmean2": 0.135627031326,
        "dvar": 0.00576691608876,
        "dvar2": 0.015179506503,
        "max": 0.87246543169,
        "mean": 0.490318238735,
        "median": 0.499993145466,
        "min": 0.0875084325671,
        "var": 0.0155047820881
    },
    "silence_rate_20dB": {
        "dmean": 0.000176382396603,
        "dmean2": 0.000352795905201,
        "dvar": 0.000176326691872,
        "dvar2": 0.000528971024323,
        "max": 1,
        "mean": 0.99991184473,
        "median": 1,
        "min": 0,
        "var": 8.81695013959e-05
    },
    "silence_rate_30dB": {
        "dmean": 0.080959521234,
        "dmean2": 0.16193331778,
        "dvar": 0.0743968635798,
        "dvar2": 0.149309501052,
        "max": 1,
        "mean": 0.865873038769,
        "median": 1,
        "min": 0,
        "var": 0.116129435599
    },
    "silence_rate_60dB": {
        "dmean": 0.0126995323226,
        "dmean2": 0.0254013054073,
        "dvar": 0.012538254261,
        "dvar2": 0.0293404310942,
        "max": 1,
        "mean": 0.0585537925363,
        "median": 0,
        "min": 0,
        "var": 0.055122576654
    },
    "spectral_centroid": {
        "dmean": 122.432662964,
        "dmean2": 201.955276489,
        "dvar": 54256.9882812,
        "dvar2": 126901.78125,
        "max": 11111.3115234,
        "mean": 517.031982422,
        "median": 421.328308105,
        "min": 133.819290161,
        "var": 138309.109375
    },
    "spectral_complexity": {
        "dmean": 1.92697763443,
        "dmean2": 3.08572936058,
        "dvar": 6.84828281403,
        "dvar2": 15.8208274841,
        "max": 37,
        "mean": 9.44444465637,
        "median": 9,
        "min": 0,
        "var": 18.6939353943
    },
    "spectral_decrease": {
        "dmean": 5.83037218505e-09,
        "dmean2": 9.09469033417e-09,
        "dvar": 1.04907598086e-16,
        "dvar2": 2.3843283957e-16,
        "max": 3.04782492045e-16,
        "mean": -1.26914967424e-08,
        "median": -7.85840725825e-09,
        "min": -1.14891761882e-07,
        "var": 2.03647512532e-16
    },
    "spectral_energy": {
        "dmean": 0.0222919732332,
        "dmean2": 0.0347490310669,
        "dvar": 0.00152577797417,
        "dvar2": 0.00346258492209,
        "max": 0.437245070934,
        "mean": 0.0488532222807,
        "median": 0.030543519184,
        "min": 1.06280123289e-20,
        "var": 0.00297298980877
    },
    "spectral_energyband_high": {
        "dmean": 0.000173837906914,
        "dmean2": 0.000260486965999,
        "dvar": 1.27674795181e-07,
        "dvar2": 2.96556777357e-07,
        "max": 0.00456259865314,
        "mean": 0.000225580457482,
        "median": 8.17753025331e-05,
        "min": 7.72754390069e-21,
        "var": 1.60777588576e-07
    },
    "spectral_energyband_low": {
        "dmean": 0.0186208598316,
        "dmean2": 0.0298293288797,
        "dvar": 0.00136529176962,
        "dvar2": 0.00326902675442,
        "max": 0.42284399271,
        "mean": 0.0313686020672,
        "median": 0.0145679796115,
        "min": 9.01406807045e-23,
        "var": 0.00221921922639
    },
    "spectral_energyband_middle_high": {
        "dmean": 0.000755397893954,
        "dmean2": 0.001155101927,
        "dvar": 2.71937574325e-06,
        "dvar2": 6.72852002026e-06,
        "max": 0.0395016483963,
        "mean": 0.00172245223075,
        "median": 0.000672787544318,
        "min": 1.68699790275e-21,
        "var": 8.6695945356e-06
    },
    "spectral_energyband_middle_low": {
        "dmean": 0.00747433258221,
        "dmean2": 0.0118238041177,
        "dvar": 0.000202790019102,
        "dvar2": 0.000458348687971,
        "max": 0.311534136534,
        "mean": 0.0181298758835,
        "median": 0.0109983021393,
        "min": 1.78308805249e-22,
        "var": 0.000551865901798
    },
    "spectral_entropy": {
        "dmean": 0.268966048956,
        "dmean2": 0.403392314911,
        "dvar": 0.0782278701663,
        "dvar2": 0.163089349866,
        "max": 9.80111217499,
        "mean": 6.68186044693,
        "median": 6.9347076416,
        "min": 3.47683286667,
        "var": 0.850905358791
    },
    "spectral_flux": {
        "dmean": 0.0385226309299,
        "dmean2": 0.0619284771383,
        "dvar": 0.00292605813593,
        "dvar2": 0.00633067125455,
        "max": 0.555934250355,
        "mean": 0.0906140878797,
        "median": 0.0708631873131,
        "min": 1.03092250014e-10,
        "var": 0.00588087039068
    },
    "spectral_kurtosis": {
        "dmean": 5.57627344131,
        "dmean2": 8.96461868286,
        "dvar": 82.9547653198,
        "dvar2": 197.074645996,
        "max": 158.705841064,
        "mean": 14.6831407547,
        "median": 5.81385278702,
        "min": -1.18194460869,
        "var": 389.955596924
    },
    "spectral_rms": {
        "dmean": 0.00134514423553,
        "dmean2": 0.00207896367647,
        "dvar": 3.23034964822e-06,
        "dvar2": 6.80063885738e-06,
        "max": 0.0206538271159,
        "mean": 0.00604714546353,
        "median": 0.00545880524442,
        "min": 3.22006093664e-12,
        "var": 1.10935225166e-05
    },
    "spectral_rolloff": {
        "dmean": 133.709030151,
        "dmean2": 238.304855347,
        "dvar": 249674,
        "dvar2": 640513.375,
        "max": 19810.546875,
        "mean": 504.022399902,
        "median": 279.931640625,
        "min": 64.599609375,
        "var": 2291382.5
    },
    "spectral_skewness": {
        "dmean": 0.497000694275,
        "dmean2": 0.780344605446,
        "dvar": 0.352093189955,
        "dvar2": 0.812785983086,
        "max": 10.9212760925,
        "mean": 2.72284603119,
        "median": 2.10001993179,
        "min": -0.0360765345395,
        "var": 2.52929806709
    },
    "spectral_spread": {
        "dmean": 793957.625,
        "dmean2": 1158707.25,
        "dvar": 702907219968,
        "dvar2": 1.34706665882e+12,
        "max": 40706508,
        "mean": 4426771.5,
        "median": 4515343,
        "min": 684151.875,
        "var": 4.1862299648e+12
    },
    "spectral_strongpeak": {
        "dmean": 0.308637917042,
        "dmean2": 0.517154097557,
        "dvar": 0.253986299038,
        "dvar2": 0.653712153435,
        "max": 9.48302745819,
        "mean": 0.676956057549,
        "median": 0.475309550762,
        "min": 2.68232303036e-09,
        "var": 0.502238929272
    },
    "zerocrossingrate": {
        "dmean": 0.00624891463667,
        "dmean2": 0.00816891342402,
        "dvar": 7.76953165769e-05,
        "dvar2": 0.000114889517135,
        "max": 0.81884765625,
        "mean": 0.0279411412776,
        "median": 0.02001953125,
        "min": 0.001953125,
        "var": 0.00295145623386
    },
    "barkbands": {
        "dmean": [0.000693957321346, 0.0149075547233, 0.0050979135558, 0.00380441662855, 0.00376834115013, 0.000784635951277, 0.000256644038018, 0.000469040271128, 0.000385611929232, 0.000215827851207, 0.000178786867764, 0.000390165660065, 0.000127407867694, 3.79837292712e-05, 3.18427519233e-05, 2.70328400802e-05, 2.47631069215e-05, 1.82385792868e-05, 1.25214555737e-05, 2.48546002695e-05, 4.13303860114e-05, 4.16655966546e-05, 3.48779540218e-05, 1.93732867046e-05, 2.40742883761e-05, 8.41665587359e-06, 2.40446661337e-06],
        "dmean2": [0.00108870153781, 0.0241024587303, 0.00890102051198, 0.00636693229899, 0.00598099501804, 0.0012114928104, 0.000403571990319, 0.000694230373483, 0.000595727120526, 0.000327825488057, 0.000284879613901, 0.000587854185142, 0.000204431402381, 6.21721992502e-05, 5.28099080839e-05, 4.67113750346e-05, 4.14965652453e-05, 3.04583409161e-05, 2.10526341107e-05, 4.19527677877e-05, 6.42369268462e-05, 6.65938205202e-05, 5.24932656845e-05, 3.04970853904e-05, 3.7351375795e-05, 1.27046241687e-05, 3.85194061892e-06],
        "dvar": [4.77744788441e-06, 0.00105827767402, 0.000119041469588, 5.72924946027e-05, 7.5042276876e-05, 2.19440039473e-06, 2.75315358067e-07, 1.82681037586e-06, 1.55760221787e-06, 2.95420022667e-07, 2.28780280054e-07, 1.35912273436e-06, 4.95332130868e-07, 7.33395433272e-09, 7.57705009846e-09, 8.15604739302e-09, 3.6684100202e-09, 1.37360534058e-09, 8.52311166089e-10, 4.07989775297e-09, 7.29048332815e-09, 1.00013348714e-08, 5.39306421743e-09, 2.12822248713e-09, 3.48865270006e-09, 3.76696396298e-10, 4.51861152662e-11],
        "dvar2": [1.1989432096e-05, 0.0027046315372, 0.000338203011779, 0.000144776786328, 0.000174728324055, 5.27749807588e-06, 6.65295772251e-07, 3.6578039726e-06, 3.2899793041e-06, 6.47393335385e-07, 5.43671319519e-07, 3.20972503687e-06, 1.29130864934e-06, 1.90899598351e-08, 1.96177190048e-08, 2.23997407289e-08, 9.88834703008e-09, 3.65455443685e-09, 2.29471441848e-09, 1.11112674617e-08, 1.70595040316e-08, 2.49433327326e-08, 1.27940573691e-08, 5.33590105434e-09, 8.5567597452e-09, 8.80497008637e-10, 1.11480845388e-10],
        "max": [0.0308484099805, 0.412973731756, 0.145839422941, 0.135085627437, 0.194643005729, 0.0505425520241, 0.0187337901443, 0.0440847761929, 0.0811319872737, 0.0138792898506, 0.0124453948811, 0.0331243947148, 0.0326024778187, 0.00154441024642, 0.00130834628362, 0.00150593812577, 0.00116799375974, 0.000908133981284, 0.000427192280767, 0.00122498034034, 0.00134198926389, 0.00172747822944, 0.00101269676816, 0.000738313363399, 0.000964987382758, 0.000342728133546, 0.000104392885987],
        "mean": [0.000818635220639, 0.0211735572666, 0.0068054352887, 0.00594343570992, 0.00787167623639, 0.00219335360453, 0.000517202250194, 0.000853477977216, 0.000712832552381, 0.000375785748474, 0.000298329017824, 0.000671062502079, 0.000176430941792, 5.49013748241e-05, 3.98028823838e-05, 2.95439403999e-05, 3.56851378456e-05, 2.75741040241e-05, 1.8098822693e-05, 2.89136169158e-05, 5.85363959544e-05, 4.87852703372e-05, 4.1498511564e-05, 2.24934265134e-05, 2.50568919e-05, 9.01436214917e-06, 2.18322384171e-06],
        "median": [6.49106077617e-05, 0.00637307297438, 0.00282378587872, 0.00226469594054, 0.00337582849897, 0.00102240801789, 0.000237159896642, 0.000164933648193, 0.00025918969186, 9.30859823711e-05, 0.000110236731416, 0.000108842825284, 3.32306444761e-05, 2.40860299527e-05, 1.54918616317e-05, 1.08791482489e-05, 1.69123777596e-05, 1.22803048725e-05, 8.48648232932e-06, 1.02986023194e-05, 2.00874383154e-05, 1.59988921951e-05, 1.16856181194e-05, 6.57031750961e-06, 6.02530599281e-06, 1.97684630621e-06, 2.05337329362e-07],
        "min": [2.21275136816e-23, 5.76108337635e-23, 9.86894338057e-24, 1.09181567835e-23, 3.5071282254e-23, 2.92396690329e-23, 2.48254305992e-23, 1.22062041364e-23, 6.10936167948e-23, 4.45635792622e-23, 1.22614354438e-22, 1.04337179327e-22, 2.10413967344e-22, 1.82827602463e-22, 9.56939648655e-23, 1.27909428648e-22, 2.20662949199e-22, 1.50117617556e-22, 2.90495668076e-22, 3.46893265322e-22, 4.70218604316e-22, 4.20111876178e-22, 5.32006279868e-22, 7.32730561428e-22, 1.23011884798e-21, 1.74501747374e-21, 2.62776438823e-21],
        "var": [5.20766388945e-06, 0.00147112400737, 0.000134403584525, 0.000120295662782, 0.000198669309611, 1.12819816422e-05, 7.73550539179e-07, 6.08356276643e-06, 3.78964955416e-06, 7.54811310344e-07, 4.49196789987e-07, 3.27001180267e-06, 7.85238455592e-07, 8.81029116329e-09, 6.98954494283e-09, 6.04652550251e-09, 3.71114072806e-09, 1.76496528503e-09, 8.49375736411e-10, 3.34941918645e-09, 1.09505791102e-08, 1.00575903161e-08, 6.50597531404e-09, 2.27500662753e-09, 3.29278471156e-09, 3.99847793764e-10, 3.97052633827e-11]
    },
    "erbbands": {
        "dmean": [0.503428697586, 3.24935102463, 5.68696928024, 9.14728927612, 16.0925102234, 10.1760368347, 7.31637334824, 5.93695354462, 3.46415710449, 5.49984073639, 11.8014268875, 7.22553539276, 6.39093828201, 6.41532611847, 9.6021194458, 11.7030668259, 6.78996038437, 2.14485669136, 1.64559209347, 1.60583376884, 1.38758718967, 1.42865037918, 1.07931828499, 0.613379538059, 0.672047436237, 1.22225046158, 1.35678958893, 1.89473903179, 1.53886699677, 1.15252220631, 1.02821469307, 0.45754390955, 0.32510265708, 0.286581426859, 0.163813710213, 0.0522397682071, 0.0131652411073, 0.00337444781326, 0.000463614182081, 3.58763572876e-05],
        "dmean2": [0.775048434734, 5.458360672, 9.84787368774, 15.6191778183, 25.4183940887, 16.5257644653, 11.5130624771, 9.19093322754, 5.49420309067, 8.31886100769, 17.6674022675, 11.2810029984, 9.66333007812, 9.96301269531, 14.5828695297, 18.0445327759, 10.6863193512, 3.4907605648, 2.73912835121, 2.64716005325, 2.39610528946, 2.40043640137, 1.79253554344, 1.03701269627, 1.10544848442, 2.07711839676, 2.1483373642, 2.97588181496, 2.46055459976, 1.84066462517, 1.51143705845, 0.708376049995, 0.504646778107, 0.455321371555, 0.251251161098, 0.0774135440588, 0.0203651916236, 0.00541186938062, 0.000739724549931, 5.50753975403e-05],
        "dvar": [1.26211941242, 53.9663124084, 139.904922485, 335.825592041, 1657.26293945, 463.178955078, 191.801254272, 146.381164551, 51.0839157104, 165.6509552, 1009.16729736, 630.647338867, 248.95980835, 245.953521729, 522.335021973, 1241.60083008, 1227.1673584, 24.6549625397, 18.6804027557, 18.2818183899, 22.1667938232, 10.2932033539, 5.11517190933, 2.066644907, 1.8457005024, 10.6384029388, 8.53458309174, 16.2139263153, 13.5497522354, 7.34128284454, 4.52511358261, 1.13378453255, 0.589186370373, 0.560958147049, 0.158481955528, 0.013503106311, 0.00106369890273, 8.34967577248e-05, 1.62681317306e-06, 4.30311208888e-09],
        "dvar2": [2.84682869911, 147.872848511, 383.005432129, 912.365234375, 3452.95117188, 1178.10339355, 447.582946777, 340.880432129, 129.614486694, 359.154083252, 2215.22192383, 1293.68359375, 527.044006348, 597.619567871, 1127.70239258, 3197.63671875, 3125.52124023, 64.1184844971, 48.4242935181, 48.1422576904, 60.3485679626, 27.7672157288, 13.7042236328, 5.49593925476, 4.84290122986, 29.1366786957, 21.0089855194, 38.7416496277, 34.2289810181, 18.5426483154, 10.0414171219, 2.79393815994, 1.44319927692, 1.4104385376, 0.388925492764, 0.0314168184996, 0.00255945790559, 0.000209770034417, 3.97842495659e-06, 9.86836923289e-09],
        "max": [13.1414365768, 97.5889892578, 153.737426758, 274.701385498, 1069.13952637, 548.734191895, 526.234313965, 387.379394531, 339.670440674, 294.906280518, 847.848693848, 1484.19360352, 673.198974609, 425.116485596, 525.586669922, 1299.6854248, 1621.79833984, 83.0232391357, 81.7251815796, 74.8430633545, 82.6947250366, 54.9003143311, 61.6236152649, 20.6468086243, 19.2263870239, 57.8907165527, 55.2766799927, 74.8115921021, 89.4932022095, 42.677646637, 31.8667564392, 17.8329811096, 16.5029468536, 11.2752733231, 6.99853992462, 1.82162129879, 0.723542690277, 0.122541278601, 0.0206702314317, 0.000995825859718],
        "mean": [0.664356529713, 4.47531604767, 8.01466655731, 14.473777771, 26.1100482941, 24.8506469727, 20.9454593658, 17.0830860138, 7.53272294998, 11.0896062851, 21.8312263489, 13.9477386475, 11.9356880188, 12.0574264526, 17.4359130859, 20.1757392883, 10.3514814377, 3.21674966812, 2.1590321064, 2.11374497414, 1.57575106621, 2.13232159615, 1.72186934948, 0.858426749706, 1.04869306087, 1.39484286308, 1.88501298428, 2.5093524456, 1.8183068037, 1.30948364735, 1.24953472614, 0.518639087677, 0.391838908195, 0.29607206583, 0.169449552894, 0.0592088066041, 0.0133965397254, 0.00309505406767, 0.000433599983808, 6.72633759677e-05],
        "median": [0.154882490635, 1.41289424896, 3.84709310532, 6.96046352386, 10.54114151, 10.0094051361, 8.78042411804, 7.73474121094, 3.90295982361, 3.86425733566, 5.63834953308, 5.73609399796, 3.9282875061, 4.75813102722, 5.82011222839, 3.99328589439, 2.06904435158, 1.34423947334, 0.864299416542, 0.890618085861, 0.64453202486, 1.05452275276, 0.776552915573, 0.41999489069, 0.524550199509, 0.502698302269, 0.70001912117, 0.804514110088, 0.607987999916, 0.410149842501, 0.318543374538, 0.16028547287, 0.107856705785, 0.0626697093248, 0.0426110848784, 0.0149602685124, 0.00249865069054, 0.000394706934458, 6.53480310575e-05, 4.11364271713e-05],
        "min": [3.061020025e-21, 7.54953770248e-21, 7.36570327369e-21, 3.15242925841e-20, 5.42035267223e-20, 1.37969293003e-19, 2.53966316641e-19, 2.03909313852e-19, 3.85555888697e-19, 2.55096943292e-19, 5.49802241143e-19, 1.45151865113e-18, 1.09821492225e-18, 1.65766198594e-18, 6.42850940389e-18, 4.47007575843e-18, 9.4267148696e-18, 1.10224521503e-17, 5.28303589548e-18, 5.09608976832e-18, 8.93859145423e-18, 1.1754995029e-17, 7.89178859878e-18, 1.37375277544e-17, 1.3909984986e-17, 1.55217364834e-17, 1.87426454398e-17, 1.86445203124e-17, 1.71722480099e-17, 1.80763977785e-17, 1.16795983433e-17, 9.45146576789e-18, 1.48331565999e-17, 1.50997453308e-17, 8.23142813111e-18, 6.99404947997e-18, 3.16095118327e-18, 1.3973088527e-18, 3.85018919232e-19, 3.49502323432e-20],
        "var": [1.92531108856, 65.311706543, 162.728546143, 479.63470459, 3436.90405273, 1920.40637207, 1294.57800293, 762.328063965, 149.887878418, 469.098907471, 2872.18164062, 1590.18005371, 707.050476074, 565.807800293, 1284.50793457, 2700.28442383, 2067.35473633, 31.4853649139, 18.9892501831, 16.8527679443, 16.2662181854, 11.2325201035, 6.7213602066, 1.95111560822, 2.35170292854, 8.38006210327, 10.5789957047, 23.1976909637, 13.436331749, 7.19228553772, 6.23175764084, 1.13724279404, 0.725808620453, 0.51780128479, 0.148760616779, 0.0152283329517, 0.00102510524448, 7.14799680281e-05, 1.44881357755e-06, 6.43425313029e-09]
    },
    "gfcc": {
        "mean": [-65.1510238647, 129.25479126, -69.6191101074, 27.7654266357, -56.6284980774, 14.8088665009, -24.9007530212, -2.29492950439, -24.7750244141, -6.00312566757, -16.9116268158, 0.440996348858, -6.9336514473],
        "cov": [[13138.5205078, -822.079711914, -575.405700684, 1008.01428223, -343.477081299, 1309.87890625, 402.519989014, 641.749938965, -7.96096849442, 541.082397461, -123.504234314, 207.839996338, -199.492477417], [-822.079711914, 1821.25109863, 49.4999389648, -275.590576172, 158.960449219, -600.569824219, -84.4239273071, -367.749237061, 22.9950618744, -262.262664795, 102.748916626, -97.491355896, 157.276123047], [-575.405700684, 49.4999389648, 641.018554688, 162.030822754, 195.35710144, 54.4524154663, -35.9137496948, -75.4905395508, 34.9902153015, 66.3406295776, -8.157995224, 9.36264610291, 43.6809425354], [1008.01428223, -275.590576172, 162.030822754, 416.453125, 62.8485794067, 200.892959595, 31.813375473, 35.4268302917, 38.4455986023, 106.796226501, -22.2879257202, 12.1498241425, -0.200534582138], [-343.477081299, 158.960449219, 195.35710144, 62.8485794067, 260.099578857, 30.9653491974, 31.849653244, -55.0560188293, 50.2679176331, 25.0781211853, 21.060760498, -2.03922939301, 24.232208252], [1309.87890625, -600.569824219, 54.4524154663, 200.892959595, 30.9653491974, 540.145446777, 195.126296997, 257.250152588, 58.8621139526, 193.140945435, 6.33499908447, 79.3949584961, -70.9660415649], [402.519989014, -84.4239273071, -35.9137496948, 31.813375473, 31.849653244, 195.126296997, 219.847625732, 146.518432617, 69.0650100708, 66.9253921509, 41.0835380554, 44.2034072876, -26.9330730438], [641.749938965, -367.749237061, -75.4905395508, 35.4268302917, -55.0560188293, 257.250152588, 146.518432617, 282.41104126, 70.9505996704, 100.526580811, 5.9186463356, 46.1932868958, -74.1669158936], [-7.96096849442, 22.9950618744, 34.9902153015, 38.4455986023, 50.2679176331, 58.8621139526, 69.0650100708, 70.9505996704, 123.562164307, 59.1394844055, 21.0365276337, 3.8861489296, -5.99931049347], [541.082397461, -262.262664795, 66.3406295776, 106.796226501, 25.0781211853, 193.140945435, 66.9253921509, 100.526580811, 59.1394844055, 157.680862427, 14.0700311661, 35.2381477356, -19.278465271], [-123.504234314, 102.748916626, -8.157995224, -22.2879257202, 21.060760498, 6.33499908447, 41.0835380554, 5.9186463356, 21.0365276337, 14.0700311661, 86.1067504883, 24.1554756165, 11.4701738358], [207.839996338, -97.491355896, 9.36264610291, 12.1498241425, -2.03922939301, 79.3949584961, 44.2034072876, 46.1932868958, 3.8861489296, 35.2381477356, 24.1554756165, 77.5729751587, 5.62505626678], [-199.492477417, 157.276123047, 43.6809425354, -0.200534582138, 24.232208252, -70.9660415649, -26.9330730438, -74.1669158936, -5.99931049347, -19.278465271, 11.4701738358, 5.62505626678, 92.6176986694]],
        "icov": [[0.000218630637391, -0.000416465249145, 0.000348486093571, -0.000547586183529, 0.00029633534723, -0.000528455479071, 0.00015633754083, -0.000183249663678, 0.00056513765594, -0.000712036911864, 0.000670237699524, -0.00042922058492, 0.000260313478066], [-0.000416465249145, 0.00224643596448, -0.000804517185315, 0.00135945051443, -0.000959139259066, 0.00187907018699, -0.00119902193546, 0.00122387078591, -0.00212326622568, 0.00265833176672, -0.00261166365817, 0.00164050632156, -0.00136765860952], [0.000348486093571, -0.000804517185315, 0.00296778604388, -0.00136499502696, -0.00106242741458, -0.00109187467024, 0.00117898301687, 3.97694657295e-06, 0.000756453431677, -0.00198939442635, 0.00167749286629, -0.00133103004191, 9.51782294578e-06], [-0.000547586183529, 0.00135945051443, -0.00136499502696, 0.00506957340986, -0.000755630317144, -9.91429624264e-05, -0.000294683995889, 0.00172956334427, -0.00236843619496, 0.000935511139687, -0.000920509337448, 0.00184558006003, -0.00136896036565], [0.00029633534723, -0.000959139259066, -0.00106242741458, -0.000755630317144, 0.00704294536263, -0.00212139077485, -0.00110105308704, 0.00268259318545, -0.00177928712219, -0.000651637557894, 0.000537909276318, -0.000208382174606, 0.000821440655272], [-0.000528455479071, 0.00187907018699, -0.00109187467024, -9.91429624264e-05, -0.00212139077485, 0.0086404858157, -0.00367232155986, -0.00261733355001, 0.00141643499956, -0.00193609367125, -0.00132113380823, -0.000107432155346, 5.62493623875e-05], [0.00015633754083, -0.00119902193546, 0.00117898301687, -0.000294683995889, -0.00110105308704, -0.00367232155986, 0.0109228705987, -0.00350453751162, -0.00191312434617, 0.000809375720564, -0.00181287957821, -0.00214119371958, 5.9475794842e-05], [-0.000183249663678, 0.00122387078591, 3.97694657295e-06, 0.00172956334427, 0.00268259318545, -0.00261733355001, -0.00350453751162, 0.0124431978911, -0.00602570082992, 0.000790099438746, 0.000314261182211, -0.0013203030685, 0.00358217931353], [0.00056513765594, -0.00212326622568, 0.000756453431677, -0.00236843619496, -0.00177928712219, 0.00141643499956, -0.00191312434617, -0.00602570082992, 0.017164459452, -0.00791272893548, 0.00110866362229, 0.00167868391145, -0.000144318910316], [-0.000712036911864, 0.00265833176672, -0.00198939442635, 0.000935511139687, -0.000651637557894, -0.00193609367125, 0.000809375720564, 0.000790099438746, -0.00791272893548, 0.0182149354368, -0.00516525702551, 0.000224987583351, -0.00164756900631], [0.000670237699524, -0.00261166365817, 0.00167749286629, -0.000920509337448, 0.000537909276318, -0.00132113380823, -0.00181287957821, 0.000314261182211, 0.00110866362229, -0.00516525702551, 0.0187250040472, -0.00651703309268, 0.000730360334273], [-0.00042922058492, 0.00164050632156, -0.00133103004191, 0.00184558006003, -0.000208382174606, -0.000107432155346, -0.00214119371958, -0.0013203030685, 0.00167868391145, 0.000224987583351, -0.00651703309268, 0.0202949084342, -0.00505620799959], [0.000260313478066, -0.00136765860952, 9.51782294578e-06, -0.00136896036565, 0.000821440655272, 5.62493623875e-05, 5.9475794842e-05, 0.00358217931353, -0.000144318910316, -0.00164756900631, 0.000730360334273, -0.00505620799959, 0.0162511449307]]
    },
    "melbands": {
        "dmean": [0.00430609798059, 0.0032877700869, 0.0017676812131, 0.0009393816581, 0.000284809124423, 0.000134635716677, 5.06829819642e-05, 7.21232427168e-05, 0.000100154968095, 4.25542966696e-05, 3.3901338611e-05, 2.80414806184e-05, 2.88480732706e-05, 4.29700266977e-05, 2.71379121841e-05, 8.79819890542e-06, 3.67218603969e-06, 2.70493569587e-06, 2.46821332439e-06, 2.00742329071e-06, 1.59087846896e-06, 1.64208643127e-06, 1.24955477077e-06, 7.47798310385e-07, 4.89765056955e-07, 5.01886063375e-07, 5.49514368231e-07, 9.10938183551e-07, 7.63137222748e-07, 1.19137075671e-06, 1.05489891666e-06, 8.7633890189e-07, 8.27310202567e-07, 6.18279443643e-07, 6.44341412226e-07, 4.09336678331e-07, 2.53571272424e-07, 2.07833110721e-07, 2.66300588692e-07, 2.358462865e-07],
        "dmean2": [0.00682863360271, 0.00560074253008, 0.00293151754886, 0.0014965897426, 0.000453735818155, 0.000208289493457, 8.05488671176e-05, 0.000106606537884, 0.000151804386405, 6.61958547425e-05, 5.10263816977e-05, 4.31765984104e-05, 4.46694029961e-05, 6.43763924018e-05, 4.28785824624e-05, 1.41194150274e-05, 6.03989610681e-06, 4.52933545603e-06, 4.12268309447e-06, 3.39000598615e-06, 2.7680337098e-06, 2.78184029412e-06, 2.04692832995e-06, 1.25867086354e-06, 8.33956221413e-07, 8.47772867019e-07, 9.11415213523e-07, 1.56656506078e-06, 1.25137989926e-06, 1.84772409284e-06, 1.70267924204e-06, 1.43565694088e-06, 1.30709497626e-06, 1.02998797047e-06, 9.72139332589e-07, 6.02883403644e-07, 4.11418966451e-07, 3.27334419126e-07, 4.20477078933e-07, 3.7920875684e-07],
        "dvar": [8.69447540026e-05, 4.66284473077e-05, 1.2045575204e-05, 4.89417470817e-06, 2.90276176429e-07, 7.01721489804e-08, 9.99324356599e-09, 3.32074456821e-08, 7.17434929243e-08, 2.05151096111e-08, 7.09275349564e-09, 4.4203960492e-09, 4.46378800589e-09, 1.8534027646e-08, 1.45953498176e-08, 1.8802019941e-09, 7.68110991478e-11, 4.69824075477e-11, 4.82005685365e-11, 3.7685667087e-11, 3.06990197152e-11, 1.3856203511e-11, 6.56470667756e-12, 2.551060925e-12, 1.40578304206e-12, 1.34724544888e-12, 1.26044389769e-12, 6.84052771024e-12, 3.52763781727e-12, 6.46216326977e-12, 5.91730961105e-12, 5.01107055156e-12, 4.15668584622e-12, 2.4324715419e-12, 2.01145328692e-12, 7.14292828444e-13, 4.21384606895e-13, 2.4629406045e-13, 4.28776426257e-13, 4.14405624616e-13],
        "dvar2": [0.000214164334466, 0.00012334821804, 2.9230302971e-05, 1.12811922008e-05, 7.01937437952e-07, 1.64786385426e-07, 2.54967567059e-08, 6.62627854808e-08, 1.63900196526e-07, 4.17243875006e-08, 1.49473162736e-08, 1.04927222466e-08, 1.01236574679e-08, 4.10952871732e-08, 3.71821684553e-08, 4.70249750251e-09, 2.0082921437e-10, 1.23271309826e-10, 1.24805527024e-10, 1.03127277551e-10, 8.35893992912e-11, 3.78376392718e-11, 1.7252825904e-11, 6.88104347807e-12, 3.76700406979e-12, 3.65014312179e-12, 3.31719807872e-12, 1.89271341655e-11, 9.34052574869e-12, 1.52025388805e-11, 1.50395355891e-11, 1.31662129116e-11, 1.01054251772e-11, 6.4365557155e-12, 4.69915252543e-12, 1.59795700977e-12, 1.07522194273e-12, 6.18885476721e-13, 1.04886997525e-12, 1.049455336e-12],
        "max": [0.106858707964, 0.0856730267406, 0.0669385790825, 0.0474186092615, 0.0175436921418, 0.00860396586359, 0.00436924397945, 0.00574477855116, 0.0114466287196, 0.00807365123183, 0.00338236265816, 0.00158101774286, 0.00187269202434, 0.00354507262819, 0.00417921412736, 0.002045547124, 0.000164370430866, 0.000156744092237, 0.000106105930172, 0.000113937756396, 9.98360992526e-05, 6.99487281963e-05, 4.13272173319e-05, 4.26207770943e-05, 1.78171103471e-05, 1.76971097972e-05, 1.52879711095e-05, 4.693018127e-05, 4.40494914073e-05, 4.95677268191e-05, 3.47997302015e-05, 6.4156622102e-05, 3.36105076713e-05, 2.61866734945e-05, 2.21194659389e-05, 1.42127782965e-05, 9.91965316643e-06, 7.77697187004e-06, 1.45980338857e-05, 1.0422088053e-05],
        "mean": [0.00593825429678, 0.00491863815114, 0.00296511407942, 0.00188757886644, 0.000822540721856, 0.000387133273762, 0.000106720581243, 0.000141649928992, 0.000182637988473, 7.99700646894e-05, 6.12588773947e-05, 5.13719714945e-05, 5.08678531332e-05, 7.52756604925e-05, 4.08182968386e-05, 1.21535367725e-05, 5.18542310601e-06, 3.47352374774e-06, 2.96389680443e-06, 2.46402123594e-06, 1.64541722825e-06, 2.24890550271e-06, 2.04725211006e-06, 1.07998107524e-06, 6.33788147297e-07, 7.16150339031e-07, 7.95470782577e-07, 9.65916683526e-07, 9.66965785665e-07, 1.6848064206e-06, 1.2789066659e-06, 9.78885395853e-07, 9.83946279121e-07, 6.38769506622e-07, 7.4749129908e-07, 5.09415201577e-07, 2.5720873964e-07, 2.47170476086e-07, 3.02437371147e-07, 2.2978844072e-07],
        "median": [0.00166529882699, 0.00229440396652, 0.0014103401918, 0.000840456108563, 0.000352538336301, 0.000180571485544, 5.34755454282e-05, 3.68927649106e-05, 4.96714128531e-05, 2.9665978218e-05, 1.76678931894e-05, 1.87654986803e-05, 2.00361191673e-05, 1.20184367915e-05, 6.30051090411e-06, 2.99566499962e-06, 2.14443412005e-06, 1.32836407829e-06, 1.11030419703e-06, 9.4439201348e-07, 5.93320919506e-07, 1.03902357296e-06, 8.98206280908e-07, 4.74142780149e-07, 2.81261804957e-07, 3.46702876186e-07, 3.60720861181e-07, 2.9788228062e-07, 3.50411852423e-07, 5.68657355871e-07, 3.73177613255e-07, 3.0979776966e-07, 3.19160619711e-07, 1.75228052512e-07, 1.79404281653e-07, 1.4421857486e-07, 7.21269373116e-08, 7.31784410846e-08, 6.10600210393e-08, 4.55489050921e-08],
        "min": [2.21453955806e-23, 6.00384995568e-24, 5.74025129534e-24, 6.89808295632e-24, 8.13401973552e-24, 5.01013291743e-24, 5.52452268688e-24, 2.68476522583e-24, 6.51839868061e-24, 8.20630069368e-24, 5.7301881912e-24, 5.90596099481e-24, 1.94288899446e-23, 1.44536830549e-23, 1.39975352805e-23, 2.17218293393e-23, 2.11035154286e-23, 8.04456448659e-24, 7.156751236e-24, 6.23700884027e-24, 1.20119305724e-23, 1.25215268286e-23, 8.90311967507e-24, 6.76628402058e-24, 1.16411651581e-23, 1.11445117428e-23, 9.75930354766e-24, 1.07716874015e-23, 1.09232118042e-23, 1.25665273989e-23, 9.87931295717e-24, 9.75006046443e-24, 7.8458598909e-24, 1.17703750523e-23, 6.51440625557e-24, 5.9934003097e-24, 5.46072119459e-24, 8.83886379889e-24, 1.36981814996e-23, 1.26839177902e-23],
        "var": [0.000125061822473, 5.97257567279e-05, 2.31141239055e-05, 1.24299876916e-05, 1.83892086625e-06, 3.72999323872e-07, 2.91921509188e-08, 1.09419076466e-07, 1.84746511422e-07, 5.23259906515e-08, 2.00615932755e-08, 1.05237925041e-08, 9.38313959864e-09, 4.67039882324e-08, 2.87596897408e-08, 2.91816149023e-09, 8.67687796613e-11, 5.04418139202e-11, 4.29007558644e-11, 3.15617809665e-11, 2.19178078464e-11, 1.42727999558e-11, 9.63010313854e-12, 2.85431856102e-12, 1.25271310252e-12, 1.30757535875e-12, 1.54114524961e-12, 5.07280458958e-12, 3.35093367984e-12, 9.73559340783e-12, 6.75563164437e-12, 4.40368227994e-12, 4.42071596343e-12, 2.0251695286e-12, 2.47103964894e-12, 9.63671742231e-13, 3.6059385187e-13, 2.70544491757e-13, 5.19513685543e-13, 3.58152147262e-13]
    },
    "mfcc": {
        "mean": [-720.309631348, 160.163711548, 40.0770530701, 25.7983112335, -0.934443712234, 15.2085084915, 5.08192062378, 7.9906668663, 2.47831273079, -8.19743824005, -5.10579061508, -0.0371720008552, -3.10902190208],
        "cov": [[8794.40429688, -1176.90783691, -61.7523651123, -102.545806885, -130.378585815, 743.424316406, 472.517242432, 474.806152344, 384.854797363, 344.069946289, 365.163330078, 427.163604736, 179.223770142], [-1176.90783691, 1855.47595215, -33.5299720764, 165.805908203, 32.0412712097, -209.025619507, -162.274627686, -173.059280396, -132.536834717, -183.057785034, -162.956359863, -94.9732666016, -75.8287582397], [-61.7523651123, -33.5299720764, 405.146697998, 118.283027649, 114.313858032, 116.216300964, 13.9689855576, -29.159620285, 25.7685832977, 31.458152771, -24.5374927521, 24.1148967743, 2.37675356865], [-102.545806885, 165.805908203, 118.283027649, 281.838989258, 100.891777039, 55.6316566467, -52.3511123657, -82.0018463135, -25.8104496002, -13.5870599747, -47.600605011, -31.1178512573, -26.9740390778], [-130.378585815, 32.0412712097, 114.313858032, 100.891777039, 205.16178894, 100.414367676, -8.18756771088, -49.7029876709, -0.34779715538, 25.0145320892, -15.6447782516, -3.54012656212, -17.951581955], [743.424316406, -209.025619507, 116.216300964, 55.6316566467, 100.414367676, 293.201629639, 100.840065002, 56.4323120117, 72.3317260742, 96.7035140991, 42.8875083923, 92.4686279297, 33.7797470093], [472.517242432, -162.274627686, 13.9689855576, -52.3511123657, -8.18756771088, 100.840065002, 159.039199829, 107.318778992, 53.6321716309, 44.5647659302, 58.8480644226, 74.2391281128, 41.3180274963], [474.806152344, -173.059280396, -29.159620285, -82.0018463135, -49.7029876709, 56.4323120117, 107.318778992, 215.191329956, 71.3109817505, 75.0735931396, 92.9993362427, 75.0943832397, 56.8460845947], [384.854797363, -132.536834717, 25.7685832977, -25.8104496002, -0.34779715538, 72.3317260742, 53.6321716309, 71.3109817505, 124.480575562, 72.6663970947, 45.2991523743, 55.6466827393, 28.4702796936], [344.069946289, -183.057785034, 31.458152771, -13.5870599747, 25.0145320892, 96.7035140991, 44.5647659302, 75.0735931396, 72.6663970947, 149.391189575, 77.902671814, 57.626247406, 33.732585907], [365.163330078, -162.956359863, -24.5374927521, -47.600605011, -15.6447782516, 42.8875083923, 58.8480644226, 92.9993362427, 45.2991523743, 77.902671814, 136.8256073, 75.9336547852, 36.0446205139], [427.163604736, -94.9732666016, 24.1148967743, -31.1178512573, -3.54012656212, 92.4686279297, 74.2391281128, 75.0943832397, 55.6466827393, 57.626247406, 75.9336547852, 139.219406128, 49.6356811523], [179.223770142, -75.8287582397, 2.37675356865, -26.9740390778, -17.951581955, 33.7797470093, 41.3180274963, 56.8460845947, 28.4702796936, 33.732585907, 36.0446205139, 49.6356811523, 92.6125106812]],
