{
"lowlevel": {
    "average_loudness": 0.85093408823,
    "barkbands_crest": {
        "dmean": 2.5030772686,
        "dmean2": 4.09846067429,
        "dvar": 5.40643978119,
        "dvar2": 13.8089342117,
        "max": 25.3114528656,
        "mean": 11.7268066406,
        "median": 11.4017219543,
        "min": 2.21925497055,
        "var": 14.8136167526
    },
    "barkbands_flatness_db": {
        "dmean": 0.0273732561618,
        "dmean2": 0.0398200117052,
        "dvar": 0.000967224012129,
        "dvar2": 0.00190237222705,
        "max": 0.469362527132,
        "mean": 0.227435693145,
        "median": 0.222765013576,
        "min": 0.0152666177601,
        "var": 0.00882833171636
    },
    "barkbands_kurtosis": {
        "dmean": 3.47859025002,
        "dmean2": 5.50930118561,
        "dvar": 27.3005371094,
        "dvar2": 65.5099334717,
        "max": 100.750907898,
        "mean": 6.54250383377,
        "median": 4.30596590042,
        "min": -1.85154914856,
        "var": 63.8211593628
    },
    "barkbands_skewness": {
        "dmean": 0.530557096004,
        "dmean2": 0.83040869236,
        "dvar": 0.282424360514,
        "dvar2": 0.68937432766,
        "max": 8.81021976471,
        "mean": 1.84122157097,
        "median": 1.73659670353,
        "min": -2.36933112144,
        "var": 1.00820744038
    },
    "barkbands_spread": {
        "dmean": 4.10764884949,
        "dmean2": 6.66958904266,
        "dvar": 72.7570495605,
        "dvar2": 188.555938721,
        "max": 96.0787734985,
        "mean": 11.9907608032,
        "median": 7.94467926025,
        "min": 0.405030429363,
        "var": 137.797622681
    },
    "dissonance": {
        "dmean": 0.0327414348722,
        "dmean2": 0.0547124557197,
        "dvar": 0.000964953855146,
        "dvar2": 0.00262725329958,
        "max": 0.500000059605,
        "mean": 0.424917787313,
        "median": 0.436978459358,
        "min": 0.132270038128,
        "var": 0.00273889303207
    },
    "dynamic_complexity": 3.69298005104,
    "erbbands_crest": {
        "dmean": 3.1968998909,
        "dmean2": 5.11843633652,
        "dvar": 7.49304819107,
        "dvar2": 18.6544437408,
        "max": 32.5758514404,
        "mean": 11.5393190384,
        "median": 10.6442432404,
        "min": 2.41606664658,
        "var": 25.7449626923
    },
    "erbbands_flatness_db": {
        "dmean": 0.0245475303382,
        "dmean2": 0.0349453277886,
        "dvar": 0.000853163655847,
        "dvar2": 0.00156880053692,
        "max": 0.475607544184,
        "mean": 0.219878047705,
        "median": 0.209139794111,
        "min": 0.0464383997023,
        "var": 0.00763777038082
    },
    "erbbands_kurtosis": {
        "dmean": 1.73003661633,
        "dmean2": 2.72648286819,
        "dvar": 8.97490596771,
        "dvar2": 18.5300827026,
        "max": 173.537536621,
        "mean": 2.26759696007,
        "median": 1.19958114624,
        "min": -1.79988515377,
        "var": 27.5897827148
    },
    "erbbands_skewness": {
        "dmean": 0.425226122141,
        "dmean2": 0.665729999542,
        "dvar": 0.166270539165,
        "dvar2": 0.418928563595,
        "max": 10.1836013794,
        "mean": 0.987258434296,
        "median": 0.930258154869,
        "min": -1.49554443359,
        "var": 0.582205474377
    },
    "erbbands_spread": {
        "dmean": 7.68401288986,
        "dmean2": 11.966296196,
        "dvar": 148.214248657,
        "dvar2": 343.215515137,
        "max": 132.116867065,
        "mean": 26.7680225372,
        "median": 21.4687213898,
        "min": 0.74372023344,
        "var": 357.697845459
    },
    "hfc": {
        "dmean": 8.23513317108,
        "dmean2": 13.1897411346,
        "dvar": 446.435455322,
        "dvar2": 1161.41064453,
        "max": 402.27746582,
        "mean": 18.6026592255,
        "median": 10.9321861267,
        "min": 1.10847615152e-16,
        "var": 639.452636719
    },
    "melbands_crest": {
        "dmean": 2.86268997192,
        "dmean2": 4.72479486465,
        "dvar": 7.08813047409,
        "dvar2": 18.7287788391,
        "max": 32.469291687,
        "mean": 15.0015611649,
        "median": 14.6947574615,
        "min": 1.65431797504,
        "var": 19.728471756
    },
    "melbands_flatness_db": {
        "dmean": 0.0285990945995,
        "dmean2": 0.0416977778077,
        "dvar": 0.00115637795534,
        "dvar2": 0.00234154402278,
        "max": 0.581558465958,
        "mean": 0.312225282192,
        "median": 0.308076262474,
        "min": 0.00318478210829,
        "var": 0.0132273612544
    },
    "melbands_kurtosis": {
        "dmean": 5.55962944031,
        "dmean2": 8.66061019897,
        "dvar": 71.1155014038,
        "dvar2": 161.02255249,
        "max": 309.827758789,
        "mean": 11.6462841034,
        "median": 8.4413690567,
        "min": -1.50997173786,
        "var": 159.875762939
    },
    "melbands_skewness": {
        "dmean": 0.625906288624,
        "dmean2": 0.966961681843,
        "dvar": 0.373944938183,
        "dvar2": 0.830701291561,
        "max": 13.314409256,
        "mean": 2.36751103401,
        "median": 2.22919249535,
        "min": -2.06015205383,
        "var": 1.44435679913
    },
    "melbands_spread": {
        "dmean": 3.41074299812,
        "dmean2": 5.4580745697,
        "dvar": 36.3233718872,
        "dvar2": 91.2978591919,
        "max": 141.285690308,
        "mean": 11.4794540405,
        "median": 8.13933563232,
        "min": 0.542337119579,
        "var": 126.505363464
    },
    "pitch_salience": {
        "dmean": 0.0703467056155,
        "dmean2": 0.116343058646,
        "dvar": 0.00404665945098,
        "dvar2": 0.0107352621853,
        "max": 0.89815980196,
        "mean": 0.516183972359,
        "median": 0.510726511478,
        "min": 0.11523180455,
        "var": 0.0122690629214
    },
    "silence_rate_20dB": {
        "dmean": 0,
        "dmean2": 0,
        "dvar": 0,
        "dvar2": 0,
        "max": 1,
        "mean": 1,
        "median": 1,
        "min": 1,
        "var": 0
    },
    "silence_rate_30dB": {
        "dmean": 0.02180794999,
        "dmean2": 0.0436197333038,
        "dvar": 0.0213312394917,
        "dvar2": 0.0438264720142,
        "max": 1,
        "mean": 0.96632373333,
        "median": 1,
        "min": 0,
        "var": 0.0325412228703
    },
    "silence_rate_60dB": {
        "dmean": 0.00633133994415,
        "dmean2": 0.0126637937501,
        "dvar": 0.00629121251404,
        "dvar2": 0.0153244938701,
        "max": 1,
        "mean": 0.0777279511094,
        "median": 0,
        "min": 0,
        "var": 0.0716871097684
    },
    "spectral_centroid": {
        "dmean": 141.072631836,
        "dmean2": 223.814865112,
        "dvar": 59284.4414062,
        "dvar2": 139870.84375,
        "max": 11589.6835938,
        "mean": 741.038574219,
        "median": 554.530395508,
        "min": 136.76499939,
        "var": 359203.9375
    },
    "spectral_complexity": {
        "dmean": 2.88462901115,
        "dmean2": 4.48104810715,
        "dvar": 16.4127082825,
        "dvar2": 31.7825107574,
        "max": 61,
        "mean": 14.31179142,
        "median": 12,
        "min": 0,
        "var": 84.8276824951
    },
    "spectral_decrease": {
        "dmean": 2.59105759071e-09,
        "dmean2": 3.96379062906e-09,
        "dvar": 1.8580359221e-17,
        "dvar2": 3.94848180306e-17,
        "max": 1.0409161441e-28,
        "mean": -9.93950077799e-09,
        "median": -9.31065180509e-09,
        "min": -7.07987197757e-08,
        "var": 6.25980509078e-17
    },
    "spectral_energy": {
        "dmean": 0.0102222952992,
        "dmean2": 0.0156074361876,
        "dvar": 0.000280560605461,
        "dvar2": 0.000595780904405,
        "max": 0.274311035872,
        "mean": 0.0392012670636,
        "median": 0.0364599451423,
        "min": 1.02226469768e-20,
        "var": 0.000961275305599
    },
    "spectral_energyband_high": {
        "dmean": 0.000662290956825,
        "dmean2": 0.00111962098163,
        "dvar": 4.90783486384e-06,
        "dvar2": 1.31315737235e-05,
        "max": 0.0383700355887,
        "mean": 0.000794649415184,
        "median": 4.20873766416e-05,
        "min": 7.11648280242e-21,
        "var": 5.03980618305e-06
    },
    "spectral_energyband_low": {
        "dmean": 0.0058431904763,
        "dmean2": 0.0090262638405,
        "dvar": 0.000244468654273,
        "dvar2": 0.000544367998373,
        "max": 0.238611727953,
        "mean": 0.0187564194202,
        "median": 0.0182842817158,
        "min": 2.85335659475e-23,
        "var": 0.000595684628934
    },
    "spectral_energyband_middle_high": {
        "dmean": 0.00107333739288,
        "dmean2": 0.00160530337598,
        "dvar": 4.45688647233e-06,
        "dvar2": 9.13607709663e-06,
        "max": 0.0396907776594,
        "mean": 0.00289704231545,
        "median": 0.00147790112533,
        "min": 1.26684881758e-21,
        "var": 1.56880723807e-05
    },
    "spectral_energyband_middle_low": {
        "dmean": 0.00616374285892,
        "dmean2": 0.00990551523864,
        "dvar": 5.51221055503e-05,
        "dvar2": 0.000144050805829,
        "max": 0.122108228505,
        "mean": 0.0178746823221,
        "median": 0.0158567614853,
        "min": 2.05775806009e-22,
        "var": 0.000156906156917
    },
    "spectral_entropy": {
        "dmean": 0.232997819781,
        "dmean2": 0.350946813822,
        "dvar": 0.0871175453067,
        "dvar2": 0.180771291256,
        "max": 9.8173866272,
        "mean": 6.81099653244,
        "median": 6.87512350082,
        "min": 4.3718328476,
        "var": 0.710758149624
    },
    "spectral_flux": {
        "dmean": 0.0241079535335,
        "dmean2": 0.0383112728596,
        "dvar": 0.000936960044783,
        "dvar2": 0.00210057804361,
        "max": 0.419882357121,
        "mean": 0.0801691040397,
        "median": 0.0707671567798,
        "min": 6.4988243953e-11,
        "var": 0.00259677763097
    },
    "spectral_kurtosis": {
        "dmean": 9.15436458588,
        "dmean2": 15.2322750092,
        "dvar": 221.866317749,
        "dvar2": 591.272033691,
        "max": 203.046356201,
        "mean": 22.463432312,
        "median": 8.19394397736,
        "min": -1.23476886749,
        "var": 901.008605957
    },
    "spectral_rms": {
        "dmean": 0.000737244321499,
        "dmean2": 0.00112298934255,
        "dvar": 8.24599510452e-07,
        "dvar2": 1.69895895397e-06,
        "max": 0.0163591112942,
        "mean": 0.00566649995744,
        "median": 0.00596411619335,
        "min": 3.1580554144e-12,
        "var": 6.13596284893e-06
    },
    "spectral_rolloff": {
        "dmean": 325.75479126,
        "dmean2": 580.235839844,
        "dvar": 988317.125,
        "dvar2": 2715415.75,
        "max": 19315.2832031,
        "mean": 811.21685791,
        "median": 495.263671875,
        "min": 64.599609375,
        "var": 1688206.75
    },
    "spectral_skewness": {
        "dmean": 0.632121324539,
        "dmean2": 1.03664255142,
        "dvar": 0.680810451508,
        "dvar2": 1.78431975842,
        "max": 11.2519893646,
        "mean": 2.96956205368,
        "median": 2.23459219933,
        "min": -0.054862767458,
        "var": 3.93825364113
    },
    "spectral_spread": {
        "dmean": 649332.8125,
        "dmean2": 979815.8125,
        "dvar": 1.43931998208e+12,
        "dvar2": 2.8216918016e+12,
        "max": 41793032,
        "mean": 3425991.25,
        "median": 3037632.5,
        "min": 387603.84375,
        "var": 6.26575854797e+12
    },
    "spectral_strongpeak": {
        "dmean": 0.349630355835,
        "dmean2": 0.596253812313,
        "dvar": 0.415567785501,
        "dvar2": 1.04754114151,
        "max": 10.7359991074,
        "mean": 0.760598599911,
        "median": 0.550344228745,
        "min": 0,
        "var": 0.634069740772
    },
    "zerocrossingrate": {
        "dmean": 0.00731803569943,
        "dmean2": 0.00929464865476,
        "dvar": 0.000129271298647,
        "dvar2": 0.000182860923815,
        "max": 0.5224609375,
        "mean": 0.035581804812,
        "median": 0.025390625,
        "min": 0.00341796875,
        "var": 0.00129368610214
    },
    "barkbands": {
        "dmean": [0.000241651679971, 0.00487638497725, 0.00168479431886, 0.0013665278675, 0.00264523783699, 0.00252329185605, 0.00168702017982, 0.000977518968284, 0.00117495574523, 0.000417803559685, 0.000273188896244, 0.00017836112238, 0.000206993718166, 8.67855997058e-05, 0.000253243924817, 0.000144215679029, 8.73976605362e-05, 5.9813959524e-05, 7.35549911042e-05, 8.33187586977e-05, 0.000101049117802, 8.70912044775e-05, 0.000156033973326, 0.000130940999952, 0.00012594666623, 3.8955535274e-05, 2.56930998148e-05],
        "dmean2": [0.000376670068363, 0.00782840512693, 0.00287397578359, 0.00246266718023, 0.00453284243122, 0.00378954829648, 0.00263258232735, 0.00146618031431, 0.00179801287595, 0.000658734119497, 0.000434337591287, 0.000279553089058, 0.000327013171045, 0.000141188662383, 0.000383639038773, 0.000236896783463, 0.000143507117173, 9.72908310359e-05, 0.00011895775242, 0.000132706467411, 0.000162494485267, 0.000143843630212, 0.000276712205959, 0.000229701588978, 0.000228298566071, 6.78261931171e-05, 4.37214403064e-05],
        "dvar": [7.61292710649e-07, 0.000241251240368, 3.2807005482e-05, 1.34905903906e-05, 1.17000136015e-05, 1.04101100078e-05, 6.85778968545e-06, 4.42110695076e-06, 4.58605427411e-06, 7.00675514054e-07, 3.54571028538e-07, 2.73146952168e-07, 2.91771158345e-07, 5.47091616454e-08, 7.25976690319e-07, 1.26918834553e-07, 5.90372231102e-08, 2.81061893759e-08, 3.89551146895e-08, 5.55708865591e-08, 7.40692556178e-08, 5.98906737537e-08, 3.22814315723e-07, 2.23195854687e-07, 2.57520611058e-07, 2.13341948552e-08, 9.84968462348e-09],
        "dvar2": [1.73422790795e-06, 0.000581388710998, 8.8674161816e-05, 3.90397690353e-05, 3.57693097612e-05, 2.46156960202e-05, 1.76518078661e-05, 9.08543279365e-06, 9.21692480915e-06, 1.53704445438e-06, 8.04886781225e-07, 6.545639053e-07, 6.57283067085e-07, 1.30517420871e-07, 1.39876476624e-06, 3.15206534651e-07, 1.50650848241e-07, 7.0907411498e-08, 9.7344219796e-08, 1.31247077206e-07, 1.86040963968e-07, 1.4946287763e-07, 9.00760426248e-07, 6.06612786669e-07, 7.16373904197e-07, 5.55447634554e-08, 2.2490555196e-08],
        "max": [0.0116944620386, 0.228612869978, 0.0912602245808, 0.0423915237188, 0.0406569465995, 0.051875051111, 0.0427523180842, 0.0521903857589, 0.0529542453587, 0.0193760506809, 0.0211933143437, 0.0200327150524, 0.014736296609, 0.0087296590209, 0.023581167683, 0.00851560942829, 0.00587281351909, 0.00303082820028, 0.00702654290944, 0.00595477409661, 0.00657958351076, 0.00501397019252, 0.00778837781399, 0.00920370779932, 0.00813057925552, 0.00356905348599, 0.00409109052271],
        "mean": [0.000341150996974, 0.0138245206326, 0.00359357660636, 0.00162652914878, 0.00441352603957, 0.00466185994446, 0.0029222946614, 0.00176344939973, 0.00222574593499, 0.000763019605074, 0.000458342023194, 0.000285048416117, 0.000325238303049, 0.000130591884954, 0.000417498260504, 0.000235363782849, 0.000134438916575, 9.63477432379e-05, 0.00012886870536, 0.00013091728033, 0.000155337285833, 0.000129809239297, 0.000139795680298, 0.000137131239171, 9.6548217698e-05, 3.40123915521e-05, 3.03605502268e-05],
        "median": [3.38470272254e-05, 0.010296298191, 0.00149828614667, 0.000379574543331, 0.00309591810219, 0.00307667208835, 0.00164155010134, 0.000376101874281, 0.000857979524881, 0.000287178903818, 0.000143269950058, 6.92714384058e-05, 0.000107037252747, 4.25600992457e-05, 9.654169844e-05, 8.26957693789e-05, 3.70962043235e-05, 2.32721558859e-05, 2.26101001317e-05, 1.36813732752e-05, 1.14236827358e-05, 5.32967260369e-06, 3.3927046843e-06, 2.44476041189e-06, 8.40060693008e-07, 1.09932159376e-07, 8.69326122199e-09],
        "min": [3.1861589063e-24, 4.83102007674e-24, 5.03187865714e-24, 8.64263090163e-25, 2.09372693037e-23, 8.31192128028e-24, 1.89908938596e-23, 1.69040648868e-23, 3.50959041805e-23, 1.84814332875e-23, 2.90943009007e-23, 3.13816251835e-23, 3.88556909855e-23, 5.04956996735e-23, 5.89639132317e-23, 5.95583672555e-23, 6.04393544926e-23, 1.6310037479e-22, 1.37798854013e-22, 2.18184714266e-22, 3.59524152726e-22, 3.88143874906e-22, 4.49310937807e-22, 6.69023820797e-22, 9.62819855708e-22, 1.44095741182e-21, 2.10386260025e-21],
        "var": [8.95066193607e-07, 0.000436146598076, 3.45305452356e-05, 1.33517060021e-05, 2.011239485e-05, 2.64269747277e-05, 1.37731058203e-05, 1.54841363837e-05, 1.61664647749e-05, 2.1619580366e-06, 9.42048302477e-07, 6.02427121521e-07, 4.86555961743e-07, 8.18200760477e-08, 1.42137730563e-06, 2.15111413127e-07, 9.77399210456e-08, 4.0290547787e-08, 8.24474355454e-08, 9.64131174896e-08, 1.2709867292e-07, 1.05076892964e-07, 2.36608144633e-07, 1.96947297582e-07, 1.7904842764e-07, 2.25062581904e-08, 3.33569794009e-08]
    },
    "erbbands": {
        "dmean": [0.145791530609, 1.13368821144, 1.85027611256, 3.62409424782, 4.06102514267, 13.5893421173, 12.4538516998, 23.5600013733, 24.5863571167, 18.4855270386, 22.7741470337, 32.8194007874, 11.7439651489, 14.0478515625, 9.11197566986, 8.0630235672, 9.49208831787, 5.25216627121, 11.5422964096, 9.54818344116, 5.98951101303, 4.03380537033, 3.45351409912, 3.13246774673, 4.20456504822, 3.72008872032, 3.87352609634, 3.92050385475, 3.50879740715, 4.58211183548, 3.74073719978, 2.86388778687, 2.24782371521, 1.87708103657, 0.580613017082, 0.195497617126, 0.0693397969007, 0.016184611246, 0.0040776822716, 0.000368792912923],
        "dmean2": [0.233492270112, 1.77600574493, 2.99821543694, 6.47541999817, 7.0785908699, 23.6087799072, 18.7519931793, 35.5083885193, 38.7440719604, 28.5571193695, 33.6740760803, 50.2200241089, 18.077960968, 22.607416153, 14.2937698364, 12.5617761612, 15.0633125305, 8.38023281097, 17.6447887421, 14.9129142761, 9.80049705505, 6.52050590515, 5.61173677444, 5.07276201248, 6.80837345123, 5.76927661896, 6.10520887375, 6.42222261429, 5.85497283936, 8.08693122864, 6.52153921127, 4.92315578461, 4.04190301895, 3.42792582512, 1.02928256989, 0.337839305401, 0.122215680778, 0.0270033925772, 0.00703771691769, 0.000631083035842],
        "dvar": [0.233374893665, 13.8219366074, 33.615650177, 110.629493713, 59.7891044617, 344.083282471, 304.683044434, 1079.96826172, 1971.68798828, 845.204650879, 3005.41601562, 3519.2487793, 620.635314941, 879.855407715, 563.770629883, 523.543334961, 573.219726562, 186.533630371, 1389.63439941, 924.981628418, 216.030914307, 116.211547852, 102.672904968, 85.6625061035, 114.627410889, 110.704338074, 119.347671509, 128.47076416, 99.2990570068, 267.324951172, 173.905014038, 94.2788238525, 76.9626693726, 57.6787605286, 5.30612516403, 0.615899503231, 0.067063651979, 0.00390224787407, 0.000230277481023, 2.49885169978e-06],
        "dvar2": [0.516283154488, 34.3554534912, 83.9179077148, 314.699951172, 165.660049438, 1093.08752441, 682.126831055, 2562.77734375, 5230.51611328, 1957.87792969, 6149.07910156, 7201.77099609, 1316.07800293, 2009.49499512, 1303.28479004, 1177.61645508, 1284.0592041, 434.385925293, 2711.30810547, 1959.40820312, 542.079406738, 290.754577637, 260.715515137, 225.261779785, 276.250640869, 249.00642395, 291.015930176, 329.172515869, 253.989593506, 742.977478027, 480.676330566, 253.391525269, 211.482849121, 161.897109985, 14.2380037308, 1.56997108459, 0.178860589862, 0.00823237374425, 0.000569343334064, 5.59046475246e-06],
        "max": [7.24367332458, 57.4387626648, 104.485725403, 130.567993164, 122.293876648, 229.072402954, 267.221191406, 646.848144531, 810.688354492, 545.205688477, 1460.70410156, 1461.26428223, 702.218078613, 720.008911133, 1044.2520752, 628.202148438, 611.391174316, 454.894927979, 1342.46191406, 876.259521484, 283.902587891, 193.135787964, 188.507583618, 381.168487549, 191.394271851, 285.337860107, 362.661407471, 175.912536621, 182.260635376, 173.878143311, 228.718109131, 123.508415222, 216.827392578, 115.473228455, 47.4727516174, 24.8069858551, 5.82127809525, 2.73672366142, 0.524365067482, 0.0740366354585],
        "mean": [0.397676706314, 3.0658416748, 4.79121446609, 5.05749988556, 6.34288263321, 20.3008594513, 25.7645549774, 42.56407547, 42.5072937012, 33.4428825378, 45.9103507996, 63.0323028564, 23.935590744, 25.8103466034, 16.7093601227, 13.8621969223, 15.4456014633, 8.68008232117, 18.5232200623, 18.276807785, 10.3377094269, 6.45635175705, 5.61909532547, 5.53528785706, 7.28014039993, 6.09018707275, 6.38958644867, 5.77808094025, 5.13830709457, 4.41031455994, 3.61050200462, 3.10894012451, 2.14790487289, 1.44301629066, 0.460286289454, 0.162109434605, 0.0595869831741, 0.0180403832346, 0.00466423714533, 0.000460919050965],
        "median": [0.206275671721, 1.89571487904, 3.37111330032, 2.49048876762, 4.0306186676, 12.7988271713, 15.3022584915, 25.7527484894, 21.1018943787, 20.9344654083, 10.5569601059, 25.5023384094, 10.0185613632, 10.5749416351, 6.2536444664, 3.65944123268, 5.29125833511, 3.25004601479, 4.59393835068, 5.38716554642, 3.72049927711, 1.84061539173, 1.59090900421, 1.27669429779, 1.04076075554, 0.65580701828, 0.5338960886, 0.343403577805, 0.204999238253, 0.136063635349, 0.0979122519493, 0.0645621940494, 0.0355498977005, 0.0136321177706, 0.00391840049997, 0.000889320916031, 0.000157138041686, 2.44161728915e-05, 2.34842846112e-05, 4.54373039247e-05],
        "min": [2.13600208095e-22, 1.09983719469e-21, 6.05439460891e-21, 3.27188867915e-21, 2.07661366336e-20, 4.32231144498e-20, 7.14165445776e-20, 4.89346964131e-20, 1.3194223534e-19, 4.44456447436e-19, 5.32970408147e-19, 7.608034526e-19, 6.14117239829e-19, 1.25932395958e-18, 1.4087004739e-18, 1.48304002273e-18, 2.36518668359e-18, 3.62468228315e-18, 3.56823134225e-18, 5.0521747496e-18, 5.44468849387e-18, 4.03820806934e-18, 9.16097730755e-18, 7.52245824553e-18, 7.94545607692e-18, 9.80687880732e-18, 1.11442958546e-17, 1.51207408291e-17, 1.23676819185e-17, 1.3536121683e-17, 1.21482242845e-17, 1.04124263009e-17, 1.14398739572e-17, 9.35765852334e-18, 7.81962867086e-18, 4.46881306723e-18, 2.58537078892e-18, 1.02900647816e-18, 2.7364171224e-19, 2.52468059907e-20],
        "var": [0.420853883028, 22.6793041229, 47.9780502319, 99.8777999878, 69.7087478638, 552.75604248, 928.403259277, 2775.89306641, 3793.56958008, 1743.32226562, 11007.2402344, 12043.1074219, 2139.41430664, 2457.05224609, 1446.39404297, 1191.32678223, 1007.3470459, 280.310424805, 2451.85864258, 2529.02514648, 351.435974121, 179.622497559, 140.146881104, 153.725814819, 240.965377808, 206.213790894, 220.784729004, 190.463287354, 173.15020752, 199.503509521, 143.926681519, 86.4305419922, 62.2208518982, 39.1388282776, 4.09548377991, 0.560868084431, 0.0703432261944, 0.0108333248645, 0.000678880256601, 7.21170681572e-06]
    },
    "gfcc": {
        "mean": [-68.0883483887, 155.024887085, -103.428199768, 14.8441362381, -55.8075256348, -2.33287405968, -30.6456165314, -1.37651205063, -6.97294664383, -4.11351442337, -4.90945100784, -6.55266857147, 2.49412250519],
        "cov": [[23462.3457031, -4570.421875, -1235.83520508, 2378.5612793, -1358.4753418, 1480.27575684, -57.8935661316, 785.213256836, -280.504516602, 481.507171631, -210.903884888, 113.885375977, -204.15222168], [-4570.421875, 4089.03344727, -339.501586914, -722.108764648, 870.025695801, -777.633850098, 261.883453369, -312.17980957, 393.040374756, -341.394378662, 323.501678467, -133.843231201, 351.436035156], [-1235.83520508, -339.501586914, 1349.40991211, -76.1886291504, 240.675735474, 334.179718018, 18.710767746, 169.296676636, -18.1457290649, 101.218742371, -29.4669723511, 106.884597778, -68.4386062622], [2378.5612793, -722.108764648, -76.1886291504, 820.91204834, -197.086532593, 396.933044434, 116.685409546, 152.415283203, -21.3596191406, 100.471290588, -12.7154664993, -7.044962883, -32.9723510742], [-1358.4753418, 870.025695801, 240.675735474, -197.086532593, 597.898864746, -127.385543823, 127.119483948, 10.1055898666, 125.201667786, 16.1530361176, 67.9198226929, 36.8306694031, 69.677192688], [1480.27575684, -777.633850098, 334.179718018, 396.933044434, -127.385543823, 570.143249512, 9.08345127106, 209.58190918, -30.9987106323, 110.647567749, -40.237575531, 9.70168876648, -50.7796325684], [-57.8935661316, 261.883453369, 18.710767746, 116.685409546, 127.119483948, 9.08345127106, 275.559448242, 20.9336853027, 77.6459732056, 36.2956504822, 29.5306377411, 14.6720590591, -1.05564177036], [785.213256836, -312.17980957, 169.296676636, 152.415283203, 10.1055898666, 209.58190918, 20.9336853027, 198.464538574, -0.615048766136, 82.175819397, -15.2145729065, 16.6058082581, -17.0897140503], [-280.504516602, 393.040374756, -18.1457290649, -21.3596191406, 125.201667786, -30.9987106323, 77.6459732056, -0.615048766136, 153.29208374, 6.55766010284, 49.062877655, -3.60282897949, 32.1312522888], [481.507171631, -341.394378662, 101.218742371, 100.471290588, 16.1530361176, 110.647567749, 36.2956504822, 82.175819397, 6.55766010284, 153.267349243, -15.2039632797, 37.3829994202, -40.2511749268], [-210.903884888, 323.501678467, -29.4669723511, -12.7154664993, 67.9198226929, -40.237575531, 29.5306377411, -15.2145729065, 49.062877655, -15.2039632797, 106.209991455, 1.57129836082, 45.8251686096], [113.885375977, -133.843231201, 106.884597778, -7.044962883, 36.8306694031, 9.70168876648, 14.6720590591, 16.6058082581, -3.60282897949, 37.3829994202, 1.57129836082, 88.0713806152, -8.14774799347], [-204.15222168, 351.436035156, -68.4386062622, -32.9723510742, 69.677192688, -50.7796325684, -1.05564177036, -17.0897140503, 32.1312522888, -40.2511749268, 45.8251686096, -8.14774799347, 112.483695984]],
        "icov": [[8.38474952616e-05, 4.48494101875e-05, 0.000129634106997, -0.00012237210467, 3.35108343279e-05, -6.97490540915e-05, 3.46544911736e-05, -0.000204469368327, -2.0052650143e-05, 1.94859603653e-05, -9.82747224043e-06, -0.000192172970856, -2.51437286352e-05], [4.48494101875e-05, 0.00108318473212, 8.34255915834e-05, 0.000265023380052, -0.000845471164212, 0.000401867117034, -0.000604295230005, 0.000126702943817, -0.000976002076641, 0.00123250577599, -0.00116139021702, 0.00124332890846, -0.00117262091953], [0.000129634106997, 8.34255915834e-05, 0.00154117320199, 0.000407154293498, -0.000653982278891, -0.00131688744295, 1.34512436034e-06, -0.000538813881576, 0.000361365033314, 0.000304990884615, -8.21588764666e-05, -0.00140738964546, 0.000697876850609], [-0.00012237210467, 0.000265023380052, 0.000407154293498, 0.00284750550054, 0.000157785325428, -0.0015943616163, -0.00155182380695, 8.53296005516e-05, 0.00025341368746, -9.24217165448e-05, -0.000768406316638, 0.000660876277834, -0.000531347235665], [3.35108343279e-05, -0.000845471164212, -0.000653982278891, 0.000157785325428, 0.00378439528868, 0.000522378366441, -0.000533326470759, -0.00097197399009, -0.000568510149606, -0.00155038095545, 0.000604715081863, -0.00132558506448, -0.000645140418783], [-6.97490540915e-05, 0.000401867117034, -0.00131688744295, -0.0015943616163, 0.000522378366441, 0.00530713796616, 0.000318228529068, -0.00257008546032, -0.000862494343892, -0.000112134854135, -8.45474278321e-05, 0.0017585826572, -0.000597890058998], [3.46544911736e-05, -0.000604295230005, 1.34512436034e-06, -0.00155182380695, -0.000533326470759, 0.000318228529068, 0.00569757493213, -9.87663806882e-05, -0.00147324928548, -0.00101297418587, 0.000352514412953, -0.00129879638553, 0.00183000077959], [-0.000204469368327, 0.000126702943817, -0.000538813881576, 8.53296005516e-05, -0.00097197399009, -0.00257008546032, -9.87663806882e-05, 0.0102029498667, -0.000121400364151, -0.00274622044526, 0.00032483538962, 0.000954034971073, -0.00108998548239], [-2.0052650143e-05, -0.000976002076641, 0.000361365033314, 0.00025341368746, -0.000568510149606, -0.000862494343892, -0.00147324928548, -0.000121400364151, 0.0107405316085, -0.00202775769867, -0.00184760324191, 7.72349303588e-05, 0.000202253795578], [1.94859603653e-05, 0.00123250577599, 0.000304990884615, -9.24217165448e-05, -0.00155038095545, -0.000112134854135, -0.00101297418587, -0.00274622044526, -0.00202775769867, 0.0120629612356, -0.000950287329033, -0.00218823412433, 0.00195057771634], [-9.82747224043e-06, -0.00116139021702, -8.21588764666e-05, -0.000768406316638, 0.000604715081863, -8.45474278321e-05, 0.000352514412953, 0.00032483538962, -0.00184760324191, -0.000950287329033, 0.0143229411915, -0.00226772134192, -0.0028362153098], [-0.000192172970856, 0.00124332890846, -0.00140738964546, 0.000660876277834, -0.00132558506448, 0.0017585826572, -0.00129879638553, 0.000954034971073, 7.72349303588e-05, -0.00218823412433, -0.00226772134192, 0.016452871263, -0.00183763506357], [-2.51437286352e-05, -0.00117262091953, 0.000697876850609, -0.000531347235665, -0.000645140418783, -0.000597890058998, 0.00183000077959, -0.00108998548239, 0.000202253795578, 0.00195057771634, -0.0028362153098, -0.00183763506357, 0.0144209088758]]
    },
    "melbands": {
        "dmean": [0.0013228582684, 0.00108696962707, 0.000596432306338, 0.00063213321846, 0.000448388571385, 0.000513711944222, 0.000364737439668, 0.000187278361409, 0.000188251739019, 0.000195489628823, 5.56734121346e-05, 5.86716269027e-05, 3.19210012094e-05, 2.2840418751e-05, 1.89484562725e-05, 1.99899004656e-05, 9.23968673305e-06, 1.71070569195e-05, 1.66601748788e-05, 1.23571771837e-05, 6.43138355372e-06, 4.54285418527e-06, 4.42370219389e-06, 2.57607825915e-06, 2.65943413069e-06, 3.10809150506e-06, 3.11134726871e-06, 2.46917079494e-06, 2.40962071985e-06, 2.78599145531e-06, 2.23091387852e-06, 2.07155403587e-06, 1.58987461418e-06, 3.20973276757e-06, 2.14284114008e-06, 1.82261726422e-06, 1.88003730273e-06, 1.52280449583e-06, 1.69732311406e-06, 1.57659837896e-06],
        "dmean2": [0.00212808512151, 0.00165797176305, 0.00105555832852, 0.00110417825636, 0.000695681083016, 0.000777043111157, 0.00057208474027, 0.000288142357022, 0.000278597464785, 0.000300412735669, 8.63715686137e-05, 9.44446437643e-05, 5.04929339513e-05, 3.55161319021e-05, 2.97742990369e-05, 3.16345103784e-05, 1.50610085257e-05, 2.63372912741e-05, 2.50491866609e-05, 2.01950333576e-05, 1.05933377199e-05, 7.48494585423e-06, 7.23543053027e-06, 4.21740514867e-06, 4.36301434092e-06, 5.05219350089e-06, 5.05070192958e-06, 3.87319414585e-06, 3.8178422983e-06, 4.57858823211e-06, 3.72616113964e-06, 3.47787249666e-06, 2.60678939412e-06, 5.79196239414e-06, 3.74296428163e-06, 3.12175484396e-06, 3.28100873048e-06, 2.72436045634e-06, 3.07379241349e-06, 2.89798163067e-06],
        "dvar": [1.82249332283e-05, 9.64027549344e-06, 2.78702918877e-06, 7.3979907711e-07, 2.84655328642e-07, 4.79691550481e-07, 3.77680777319e-07, 8.93002152225e-08, 1.80059046784e-07, 1.28151000922e-07, 1.50018184542e-08, 1.56541819507e-08, 5.30515054109e-09, 4.01493904789e-09, 1.81325721105e-09, 3.96051946794e-09, 6.84945156149e-10, 2.83273693391e-09, 5.11872233488e-09, 9.71453695264e-10, 2.85922008292e-10, 1.55202184438e-10, 1.93211904809e-10, 3.99345695401e-11, 7.06892461233e-11, 6.26351540078e-11, 7.39583880249e-11, 5.09073998234e-11, 5.22342447073e-11, 6.17040585293e-11, 4.28363559901e-11, 3.42452212421e-11, 2.01240968334e-11, 1.48250606236e-10, 5.75962437466e-11, 3.6846685425e-11, 4.2689598384e-11, 3.59491984792e-11, 4.34095016877e-11, 4.20912263377e-11],
        "dvar2": [4.25773505413e-05, 2.21789669013e-05, 7.88012766861e-06, 2.30915929933e-06, 6.74614057061e-07, 1.15819443636e-06, 9.86096438282e-07, 2.05787188179e-07, 3.7048869217e-07, 2.66917112413e-07, 3.1891911334e-08, 3.54624027921e-08, 1.20752412514e-08, 9.67666569096e-09, 3.99878929969e-09, 9.00323993136e-09, 1.66168800941e-09, 5.68493474518e-09, 9.65846602696e-09, 2.37201103204e-09, 7.18222148421e-10, 3.94827559536e-10, 4.96800878214e-10, 1.00903611855e-10, 1.90332638539e-10, 1.51014825645e-10, 1.88236690124e-10, 1.12691307674e-10, 1.26616508944e-10, 1.57880153395e-10, 1.11503195566e-10, 8.74745761936e-11, 4.9629959864e-11, 4.18704321214e-10, 1.59863608462e-10, 9.91869850142e-11, 1.16497450575e-10, 9.79122338762e-11, 1.21218882154e-10, 1.18988083275e-10],
        "max": [0.0560754314065, 0.0475258901715, 0.0203773397952, 0.0107170622796, 0.00746970949695, 0.0125261414796, 0.0107392761856, 0.00511919334531, 0.0112091116607, 0.00811266060919, 0.00337783480063, 0.00319173489697, 0.00294047524221, 0.00264950213023, 0.00113632238936, 0.00191464950331, 0.0010278460104, 0.00191625172738, 0.00263633788563, 0.000759767892305, 0.000355150754331, 0.000282985100057, 0.000351086520823, 0.000106148982013, 0.000359379308065, 0.000185855999007, 0.000242270485614, 0.000160835537827, 0.000254123297054, 0.000165640944033, 0.000110471002699, 0.000117839052109, 7.84999938332e-05, 0.000117413357657, 0.000156076217536, 7.29197199689e-05, 8.26934701763e-05, 0.000169403647305, 9.47145890677e-05, 0.000105288061604],
        "mean": [0.00377921224572, 0.00311517319642, 0.000860133732203, 0.000968891486991, 0.000939802965149, 0.000922852836084, 0.000632038980257, 0.000340865983162, 0.000381415389711, 0.000367929198546, 0.000106687170046, 0.000104015518446, 5.58271276532e-05, 3.85704443033e-05, 3.20996368828e-05, 3.05166959151e-05, 1.34686033562e-05, 2.66651259153e-05, 2.76438568108e-05, 2.19450666918e-05, 1.00786619441e-05, 6.85505119691e-06, 6.21048184257e-06, 4.26796896136e-06, 4.34032699559e-06, 5.31963041794e-06, 4.66549954581e-06, 3.87477530239e-06, 3.90413924833e-06, 4.02790965381e-06, 3.12207203024e-06, 2.97677433991e-06, 2.26657425628e-06, 2.65707740255e-06, 2.04126672543e-06, 1.89555282759e-06, 1.97174108507e-06, 1.51606036525e-06, 1.39907763241e-06, 1.15733541861e-06],
        "median": [0.00238922890276, 0.0026795770973, 0.000477741414215, 0.000633979740087, 0.000666969805025, 0.000583190005273, 0.000329099537339, 0.000194549589651, 8.59771826072e-05, 0.000142975288327, 3.83544320357e-05, 3.99808195652e-05, 2.02004721359e-05, 9.40105383052e-06, 1.0666356502e-05, 9.06900459086e-06, 4.03344438382e-06, 6.30846261629e-06, 6.57363307255e-06, 6.86621024215e-06, 3.23753124576e-06, 1.75378545464e-06, 1.70928819898e-06, 1.07424182261e-06, 9.4463825917e-07, 7.66311018197e-07, 5.54087705495e-07, 3.80778828912e-07, 3.10795115865e-07, 2.86414433504e-07, 1.57152896918e-07, 1.2132898064e-07, 8.2649556532e-08, 6.42580033627e-08, 5.22216119236e-08, 4.63122908911e-08, 3.1574845849e-08, 2.75286495821e-08, 1.42686973348e-08, 9.07561492625e-09],
        "min": [3.00260083442e-24, 2.26134748762e-24, 1.34292317985e-24, 1.21678412389e-24, 1.95264629666e-24, 1.02955676412e-24, 2.42503395608e-24, 4.35181665911e-24, 4.24697507265e-24, 4.68097991586e-24, 2.78858010982e-24, 4.84335036712e-24, 4.49936244181e-24, 3.5933316319e-24, 3.97387458271e-24, 3.99869569666e-24, 5.60142518666e-24, 4.08180416518e-24, 5.47387150588e-24, 4.04482788797e-24, 5.76161364865e-24, 3.50680384579e-24, 6.17637304679e-24, 7.19853246498e-24, 5.60128240283e-24, 5.09346305586e-24, 5.98609545772e-24, 5.34509232968e-24, 6.62548575963e-24, 6.10416308611e-24, 6.94107350907e-24, 5.53622149411e-24, 6.6492501944e-24, 8.00613197215e-24, 7.68823917114e-24, 3.88572805402e-24, 6.35244482869e-24, 6.79797098542e-24, 6.92132279859e-24, 7.58929865869e-24],
        "var": [3.37950623361e-05, 1.77108777279e-05, 2.49033496402e-06, 1.13247085665e-06, 8.72665623319e-07, 1.18005459626e-06, 7.56546000957e-07, 1.94808421838e-07, 6.66955884299e-07, 4.54438122688e-07, 5.08146804634e-08, 4.40709015948e-08, 1.42288723026e-08, 9.06016506264e-09, 4.23472279465e-09, 5.51249135228e-09, 9.28500776265e-10, 5.02080998999e-09, 9.31191657116e-09, 2.40562836318e-09, 4.5329950904e-10, 2.52475013118e-10, 2.22613802392e-10, 6.71923419682e-11, 1.12286679954e-10, 1.44720485595e-10, 1.17162751723e-10, 9.08473365979e-11, 9.50781953168e-11, 8.80064840447e-11, 6.23235074659e-11, 5.7248605162e-11, 3.85675415215e-11, 9.77358124987e-11, 4.756430666e-11, 3.44967665544e-11, 3.67014543756e-11, 3.01621644327e-11, 3.20209588012e-11, 2.74003580242e-11]
    },
    "mfcc": {
        "mean": [-704.635559082, 174.6222229, 14.6186361313, 17.7793560028, 1.28050363064, -1.74170529842, -8.71777629852, -2.27691817284, 0.281702905893, 3.56616687775, -4.63443660736, -0.39552924037, 0.325592905283],
        "cov": [[15124.4726562, -2998.90600586, -460.724090576, 590.015197754, -553.211547852, 622.481567383, 256.88973999, 231.463043213, 177.076950073, 364.408050537, 148.340209961, 287.726470947, -58.9639625549], [-2998.90600586, 3827.98657227, -329.62197876, -112.271148682, 384.277954102, -294.87286377, -110.660133362, -31.4151344299, -14.5040845871, -63.439540863, -84.268699646, -119.944763184, 116.663955688], [-460.724090576, -329.62197876, 899.658569336, -47.3831558228, 159.95489502, 164.284179688, 122.683364868, 111.224411011, 78.6016769409, 21.5998840332, 53.7649116516, 58.9810714722, 8.59146118164], [590.015197754, -112.271148682, -47.3831558228, 374.483337402, -29.2611064911, 134.773254395, 92.3764648438, 63.5178794861, 44.6720848083, 48.8544654846, 51.4382095337, 62.1431427002, 20.3522224426], [-553.211547852, 384.277954102, 159.95489502, -29.2611064911, 345.055541992, 27.8722896576, 57.9733772278, 46.453163147, 58.04454422, 26.7901725769, -2.322879076, 1.57988095284, 68.8477859497], [622.481567383, -294.87286377, 164.284179688, 134.773254395, 27.8722896576, 256.813232422, 110.646842957, 89.8744812012, 76.4700088501, 75.584777832, 50.401096344, 69.7993164062, 21.1800498962], [256.88973999, -110.660133362, 122.683364868, 92.3764648438, 57.9733772278, 110.646842957, 175.885513306, 82.5739593506, 68.7180557251, 46.866443634, 43.1524200439, 51.5777244568, 17.8997879028], [231.463043213, -31.4151344299, 111.224411011, 63.5178794861, 46.453163147, 89.8744812012, 82.5739593506, 130.289779663, 60.2886695862, 41.55311203, 37.6636238098, 33.83253479, 22.0970153809], [177.076950073, -14.5040845871, 78.6016769409, 44.6720848083, 58.04454422, 76.4700088501, 68.7180557251, 60.2886695862, 120.102478027, 60.2090263367, 34.4305877686, 33.8131866455, 27.1032543182], [364.408050537, -63.439540863, 21.5998840332, 48.8544654846, 26.7901725769, 75.584777832, 46.866443634, 41.55311203, 60.2090263367, 115.079078674, 42.6149024963, 35.1842727661, 21.2076377869], [148.340209961, -84.268699646, 53.7649116516, 51.4382095337, -2.322879076, 50.401096344, 43.1524200439, 37.6636238098, 34.4305877686, 42.6149024963, 104.552871704, 54.0174980164, 12.1120538712], [287.726470947, -119.944763184, 58.9810714722, 62.1431427002, 1.57988095284, 69.7993164062, 51.5777244568, 33.83253479, 33.8131866455, 35.1842727661, 54.0174980164, 95.7722930908, 27.3444213867], [-58.9639625549, 116.663955688, 8.59146118164, 20.3522224426, 68.8477859497, 21.1800498962, 17.8997879028, 22.0970153809, 27.1032543182, 21.2076377869, 12.1120538712, 27.3444213867, 82.0957260132]],
