{
"lowlevel": {
    "average_loudness": 0.719369053841,
    "barkbands_crest": {
        "dmean": 2.12500190735,
        "dmean2": 3.32087159157,
        "dvar": 4.32438230515,
        "dvar2": 9.64512443542,
        "max": 25.8863792419,
        "mean": 10.9334659576,
        "median": 10.2045793533,
        "min": 2.57815432549,
        "var": 15.558927536
    },
    "barkbands_flatness_db": {
        "dmean": 0.0246510505676,
        "dmean2": 0.0355391353369,
        "dvar": 0.000877753016539,
        "dvar2": 0.00174950587098,
        "max": 0.475935459137,
        "mean": 0.230503901839,
        "median": 0.22581243515,
        "min": 0.0295961108059,
        "var": 0.00978792551905
    },
    "barkbands_kurtosis": {
        "dmean": 3.83510613441,
        "dmean2": 5.78704023361,
        "dvar": 77.7213821411,
        "dvar2": 147.562240601,
        "max": 257.89642334,
        "mean": 6.60643434525,
        "median": 2.81610202789,
        "min": -1.92308425903,
        "var": 179.202423096
    },
    "barkbands_skewness": {
        "dmean": 0.528171002865,
        "dmean2": 0.773659288883,
        "dvar": 0.399313420057,
        "dvar2": 0.785127460957,
        "max": 14.1369218826,
        "mean": 1.7269269228,
        "median": 1.49094009399,
        "min": -3.69662499428,
        "var": 1.8259344101
    },
    "barkbands_spread": {
        "dmean": 3.66419029236,
        "dmean2": 5.44885540009,
        "dvar": 37.338596344,
        "dvar2": 77.9631729126,
        "max": 100.484008789,
        "mean": 12.8136425018,
        "median": 8.96187973022,
        "min": 0.436873406172,
        "var": 134.592834473
    },
    "dissonance": {
        "dmean": 0.0357816368341,
        "dmean2": 0.0590418688953,
        "dvar": 0.00117103988305,
        "dvar2": 0.00305968848988,
        "max": 0.499992311001,
        "mean": 0.421980172396,
        "median": 0.435438811779,
        "min": 0.14634411037,
        "var": 0.00315725710243
    },
    "dynamic_complexity": 5.27400779724,
    "erbbands_crest": {
        "dmean": 2.49028635025,
        "dmean2": 3.94323968887,
        "dvar": 5.9481883049,
        "dvar2": 14.1120071411,
        "max": 33.4697380066,
        "mean": 10.0023384094,
        "median": 9.15116119385,
        "min": 2.41615533829,
        "var": 19.8841114044
    },
    "erbbands_flatness_db": {
        "dmean": 0.0215964075178,
        "dmean2": 0.0295095462352,
        "dvar": 0.00057026889408,
        "dvar2": 0.00102781853639,
        "max": 0.501246631145,
        "mean": 0.216644570231,
        "median": 0.205127835274,
        "min": 0.0371562466025,
        "var": 0.00703393109143
    },
    "erbbands_kurtosis": {
        "dmean": 1.45748877525,
        "dmean2": 2.3067111969,
        "dvar": 5.34805679321,
        "dvar2": 13.1264591217,
        "max": 74.0906906128,
        "mean": 1.81573688984,
        "median": 0.562356472015,
        "min": -1.87297534943,
        "var": 19.201461792
    },
    "erbbands_skewness": {
        "dmean": 0.405020982027,
        "dmean2": 0.607512056828,
        "dvar": 0.189472049475,
        "dvar2": 0.418962866068,
        "max": 5.49657440186,
        "mean": 0.528798222542,
        "median": 0.49192404747,
        "min": -5.46204805374,
        "var": 0.78453785181
    },
    "erbbands_spread": {
        "dmean": 7.19859647751,
        "dmean2": 10.4447717667,
        "dvar": 126.072067261,
        "dvar2": 255.830322266,
        "max": 162.592071533,
        "mean": 27.3347797394,
        "median": 22.6291542053,
        "min": 0.735037863255,
        "var": 416.505218506
    },
    "hfc": {
        "dmean": 5.63103199005,
        "dmean2": 8.19772911072,
        "dvar": 146.157546997,
        "dvar2": 330.729064941,
        "max": 145.920028687,
        "mean": 15.0450115204,
        "median": 6.58652877808,
        "min": 1.08279391404e-16,
        "var": 372.823455811
    },
    "melbands_crest": {
        "dmean": 2.5171084404,
        "dmean2": 3.96774244308,
        "dvar": 7.0213265419,
        "dvar2": 15.4366054535,
        "max": 34.1623687744,
        "mean": 14.1822481155,
        "median": 13.4717979431,
        "min": 1.6570417881,
        "var": 23.979434967
    },
    "melbands_flatness_db": {
        "dmean": 0.0298566427082,
        "dmean2": 0.0423766113818,
        "dvar": 0.00148373353295,
        "dvar2": 0.00288166152313,
        "max": 0.618148267269,
        "mean": 0.32236802578,
        "median": 0.321418702602,
        "min": 0.00231942278333,
        "var": 0.0144280809909
    },
    "melbands_kurtosis": {
        "dmean": 8.07379245758,
        "dmean2": 11.7687702179,
        "dvar": 684.68963623,
        "dvar2": 1156.50646973,
        "max": 1113.20202637,
        "mean": 14.8442335129,
        "median": 6.62145233154,
        "min": -1.89033019543,
        "var": 1627.17822266
    },
    "melbands_skewness": {
        "dmean": 0.677310943604,
        "dmean2": 0.990478277206,
        "dvar": 0.903649032116,
        "dvar2": 1.69393110275,
        "max": 25.2498455048,
        "mean": 2.43232369423,
        "median": 2.13134407997,
        "min": -3.93038010597,
        "var": 3.59998345375
    },
    "melbands_spread": {
        "dmean": 3.6816380024,
        "dmean2": 5.55152797699,
        "dvar": 42.0171737671,
        "dvar2": 87.0616073608,
        "max": 251.089019775,
        "mean": 13.5429296494,
        "median": 8.92840385437,
        "min": 0.477778434753,
        "var": 246.31578064
    },
    "pitch_salience": {
        "dmean": 0.0680794492364,
        "dmean2": 0.107562251389,
        "dvar": 0.00435619382188,
        "dvar2": 0.00988690089434,
        "max": 0.891391038895,
        "mean": 0.511504709721,
        "median": 0.513488769531,
        "min": 0.0539759024978,
        "var": 0.0154147353023
    },
    "silence_rate_20dB": {
        "dmean": 0,
        "dmean2": 0,
        "dvar": 0,
        "dvar2": 0,
        "max": 1,
        "mean": 1,
        "median": 1,
        "min": 1,
        "var": 0
    },
    "silence_rate_30dB": {
        "dmean": 0.0239211693406,
        "dmean2": 0.0478455908597,
        "dvar": 0.023352496326,
        "dvar2": 0.0538587272167,
        "max": 1,
        "mean": 0.976624071598,
        "median": 1,
        "min": 0,
        "var": 0.0228312257677
    },
    "silence_rate_60dB": {
        "dmean": 0.0118246683851,
        "dmean2": 0.0236509442329,
        "dvar": 0.0116826556623,
        "dvar2": 0.0266249682754,
        "max": 1,
        "mean": 0.135294914246,
        "median": 0,
        "min": 0,
        "var": 0.116994276643
    },
    "spectral_centroid": {
        "dmean": 142.038589478,
        "dmean2": 211.604873657,
        "dvar": 49701.2851562,
        "dvar2": 92138.1484375,
        "max": 11415.7734375,
        "mean": 784.847351074,
        "median": 570.978637695,
        "min": 132.756195068,
        "var": 395133.96875
    },
    "spectral_complexity": {
        "dmean": 2.71083927155,
        "dmean2": 4.09650659561,
        "dvar": 20.9004325867,
        "dvar2": 33.8702964783,
        "max": 55,
        "mean": 12.7267599106,
        "median": 10,
        "min": 0,
        "var": 77.6514282227
    },
    "spectral_decrease": {
        "dmean": 2.28918661804e-09,
        "dmean2": 3.52771345469e-09,
        "dvar": 2.78885366273e-17,
        "dvar2": 7.07805347621e-17,
        "max": 3.3653191817e-19,
        "mean": -8.08046785039e-09,
        "median": -6.81457468232e-09,
        "min": -1.00525618052e-07,
        "var": 5.7503160965e-17
    },
    "spectral_energy": {
        "dmean": 0.00902325846255,
        "dmean2": 0.0138698117808,
        "dvar": 0.000420091615524,
        "dvar2": 0.00106079305988,
        "max": 0.388156116009,
        "mean": 0.0318622924387,
        "median": 0.0267422571778,
        "min": 1.0182830024e-20,
        "var": 0.000890332681593
    },
    "spectral_energyband_high": {
        "dmean": 0.000303291104501,
        "dmean2": 0.000439033581642,
        "dvar": 7.85914210155e-07,
        "dvar2": 1.66867005191e-06,
        "max": 0.00830143969506,
        "mean": 0.000400098942919,
        "median": 2.70806231129e-05,
        "min": 7.18167255106e-21,
        "var": 1.08096219265e-06
    },
    "spectral_energyband_low": {
        "dmean": 0.00640404224396,
        "dmean2": 0.0102407801896,
        "dvar": 0.000340117927408,
        "dvar2": 0.000883383385371,
        "max": 0.340851515532,
        "mean": 0.0166372470558,
        "median": 0.0100939339027,
        "min": 2.74519019624e-23,
        "var": 0.000488183868583
    },
    "spectral_energyband_middle_high": {
        "dmean": 0.00124317209702,
        "dmean2": 0.00180999818258,
        "dvar": 7.76364504418e-06,
        "dvar2": 1.68724309333e-05,
        "max": 0.050559066236,
        "mean": 0.00366809684783,
        "median": 0.000769397709519,
        "min": 1.19494378003e-21,
        "var": 3.89321612602e-05
    },
    "spectral_energyband_middle_low": {
        "dmean": 0.00453019980341,
        "dmean2": 0.00734688295051,
        "dvar": 9.94727670331e-05,
        "dvar2": 0.000271809549304,
        "max": 0.184717223048,
        "mean": 0.0121256578714,
        "median": 0.00891679339111,
        "min": 2.08656448356e-22,
        "var": 0.00014911123435
    },
    "spectral_entropy": {
        "dmean": 0.232178643346,
        "dmean2": 0.331932157278,
        "dvar": 0.0914343446493,
        "dvar2": 0.174011543393,
        "max": 9.81652450562,
        "mean": 6.71217250824,
        "median": 6.65851211548,
        "min": 4.80046749115,
        "var": 0.569017529488
    },
    "spectral_flux": {
        "dmean": 0.023836709559,
        "dmean2": 0.0360811576247,
        "dvar": 0.00138320832048,
        "dvar2": 0.00270199635997,
        "max": 0.556872725487,
        "mean": 0.069684535265,
        "median": 0.0548826754093,
        "min": 6.39076291886e-11,
        "var": 0.00352026964538
    },
    "spectral_kurtosis": {
        "dmean": 9.83202838898,
        "dmean2": 16.1940097809,
        "dvar": 263.136291504,
        "dvar2": 665.5,
        "max": 216.657241821,
        "mean": 22.7330684662,
        "median": 9.90700531006,
        "min": -1.24511015415,
        "var": 921.326293945
    },
    "spectral_rms": {
        "dmean": 0.000663308193907,
        "dmean2": 0.00098925025668,
        "dvar": 1.09043628527e-06,
        "dvar2": 2.43147860601e-06,
        "max": 0.0194599293172,
        "mean": 0.0049396478571,
        "median": 0.00510783772916,
        "min": 3.15189909762e-12,
        "var": 6.68504299028e-06
    },
    "spectral_rolloff": {
        "dmean": 236.353164673,
        "dmean2": 396.869171143,
        "dvar": 435635.8125,
        "dvar2": 1024394.375,
        "max": 20047.4121094,
        "mean": 831.951171875,
        "median": 538.330078125,
        "min": 64.599609375,
        "var": 1593936.75
    },
    "spectral_skewness": {
        "dmean": 0.679344475269,
        "dmean2": 1.08786296844,
        "dvar": 0.77794355154,
        "dvar2": 1.92407035828,
        "max": 11.8803834915,
        "mean": 3.06463432312,
        "median": 2.4924826622,
        "min": -0.04461607337,
        "var": 3.50854468346
    },
    "spectral_spread": {
        "dmean": 618597.9375,
        "dmean2": 850753.5625,
        "dvar": 1.00209262592e+12,
        "dvar2": 1.6823690199e+12,
        "max": 42116960,
        "mean": 3379348,
        "median": 2887327,
        "min": 382451.8125,
        "var": 6.52636061696e+12
    },
    "spectral_strongpeak": {
        "dmean": 0.291935533285,
        "dmean2": 0.50510519743,
        "dvar": 0.366336733103,
        "dvar2": 0.835580706596,
        "max": 9.97075462341,
        "mean": 0.637999296188,
        "median": 0.292770147324,
        "min": 0,
        "var": 1.12629365921
    },
    "zerocrossingrate": {
        "dmean": 0.00723329838365,
        "dmean2": 0.00869415421039,
        "dvar": 0.000124169324408,
        "dvar2": 0.000157402435434,
        "max": 0.51904296875,
        "mean": 0.0352287814021,
        "median": 0.02587890625,
        "min": 0.00341796875,
        "var": 0.00137081684079
    },
    "barkbands": {
        "dmean": [0.000188012985745, 0.00394459208474, 0.00342924869619, 0.00190307362936, 0.0017922539264, 0.00108752038796, 0.00094553490635, 0.000740319897886, 0.000529834709596, 0.000157705784659, 0.000242862573941, 0.000259742490016, 0.000224136354518, 0.000196663138922, 0.000160620809766, 0.000184144504601, 0.000143731347634, 0.000116617527965, 7.18538358342e-05, 4.10451320931e-05, 4.73541367683e-05, 4.17895716964e-05, 5.25914765603e-05, 4.0113038267e-05, 5.73930738028e-05, 4.78549300169e-05, 1.71764095285e-05],
        "dmean2": [0.00029081889079, 0.00623129028827, 0.00593036133796, 0.00338516221382, 0.00297344615683, 0.00165473297238, 0.00139860960189, 0.00116483482998, 0.000793654238805, 0.000243673246587, 0.000351569993654, 0.00038562741247, 0.000343966414221, 0.000305397086777, 0.000261627195869, 0.000288654817268, 0.000210843747482, 0.000183279757039, 0.000113917303679, 6.1428938352e-05, 7.03067344148e-05, 6.27659246675e-05, 7.75658336352e-05, 5.83850269322e-05, 8.82930326043e-05, 7.73188003222e-05, 2.90710177069e-05],
        "dvar": [5.44392719348e-07, 0.000121585326269, 0.000150442429003, 5.34758582944e-05, 1.1232662473e-05, 4.17682076659e-06, 2.44411558015e-06, 2.26449378715e-06, 1.37744757467e-06, 5.84792928748e-07, 1.07732864763e-06, 7.39627409985e-07, 3.15635929837e-07, 2.93324546874e-07, 2.52219223285e-07, 2.32307471038e-07, 1.39315702086e-07, 8.02368305131e-08, 3.8818011916e-08, 1.59214312845e-08, 2.06924184454e-08, 1.56158641573e-08, 2.41712818649e-08, 1.27899193458e-08, 3.54592799567e-08, 2.85534351718e-08, 4.07443900841e-09],
        "dvar2": [1.29578063479e-06, 0.000285091489786, 0.000417980947532, 0.000151655243826, 3.2394851587e-05, 1.0344666407e-05, 5.20591311215e-06, 5.34072887604e-06, 2.78756601801e-06, 1.29878969801e-06, 1.68778058196e-06, 1.58846842169e-06, 6.95134758644e-07, 7.05998047579e-07, 6.57174496155e-07, 5.69597659705e-07, 3.03103746546e-07, 1.93796594772e-07, 9.38249513638e-08, 2.82226420012e-08, 4.50033006416e-08, 3.10995709185e-08, 5.33021200511e-08, 2.56926213638e-08, 8.68763194717e-08, 7.04659228745e-08, 1.03865245293e-08],
        "max": [0.0102535691112, 0.17389985919, 0.226865321398, 0.142266869545, 0.0557118691504, 0.0387177951634, 0.0357873216271, 0.0423433631659, 0.0430051460862, 0.050775423646, 0.0418399833143, 0.0226990915835, 0.0130118615925, 0.01329607144, 0.00601941300556, 0.00847001560032, 0.0115282796323, 0.00449268100783, 0.00580122414976, 0.0014240910532, 0.00197196262889, 0.00141740601975, 0.00167860323563, 0.000999455922283, 0.00151826336514, 0.00129609648138, 0.000481568102259],
        "mean": [0.000396774761612, 0.0105044059455, 0.00480743451044, 0.00182762893382, 0.00304424460046, 0.00202669319697, 0.00185145495925, 0.0019106885884, 0.00138418853749, 0.00030365146813, 0.000623118423391, 0.000653227325529, 0.000447097321739, 0.000353933864972, 0.000253215344856, 0.000362069782568, 0.000315978162689, 0.0002380755177, 0.000127575796796, 6.08217633271e-05, 6.95542403264e-05, 5.87937392993e-05, 7.5200892752e-05, 5.9623431298e-05, 5.48375210201e-05, 3.95956012653e-05, 1.23535501189e-05],
        "median": [0.000114635258797, 0.00636062305421, 0.00199800124392, 0.00067143177148, 0.00196954212151, 0.00111259170808, 0.000789221725427, 0.000458634400275, 0.000405696220696, 5.69618205191e-05, 9.89694017335e-05, 4.45435362053e-05, 4.98084555147e-05, 3.77565011149e-05, 1.73544467543e-05, 2.34687722696e-05, 1.32629429572e-05, 1.19186524898e-05, 5.40212613487e-06, 5.0485614338e-06, 4.64022377855e-06, 4.53435586678e-06, 4.31167063653e-06, 2.23040342462e-06, 1.0938063042e-06, 1.49192146637e-07, 2.16185522817e-08],
        "min": [5.37082388773e-25, 6.3876039648e-24, 1.76748032904e-24, 3.90278243793e-24, 2.12736601041e-23, 7.31290861877e-24, 8.96081301737e-24, 1.51967474291e-23, 2.31233306676e-23, 2.68652166408e-23, 1.2712065925e-23, 6.32516057544e-23, 5.57873092059e-23, 3.90255895363e-23, 6.72857457604e-23, 1.12145526515e-22, 1.02296345678e-22, 1.12844078624e-22, 1.33293953373e-22, 2.18643566256e-22, 3.01467196033e-22, 3.58442113243e-22, 4.72447710664e-22, 6.51500657872e-22, 1.05682723596e-21, 1.29285007691e-21, 2.02808287989e-21],
        "var": [7.65401921399e-07, 0.000200757509447, 0.000108724358142, 3.3356322092e-05, 1.32022687467e-05, 7.99360441306e-06, 9.2989694167e-06, 1.33480534714e-05, 7.19069339539e-06, 1.61432546975e-06, 7.28280474505e-06, 3.41642112289e-06, 1.05872538825e-06, 6.21701190084e-07, 3.79894089519e-07, 5.62251159408e-07, 4.69738608899e-07, 2.12527211829e-07, 9.47493390413e-08, 2.47845495238e-08, 3.08317531506e-08, 2.67168047685e-08, 3.3885019235e-08, 2.05842205503e-08, 3.40895063289e-08, 2.39724489148e-08, 3.05281466773e-09]
    },
    "erbbands": {
        "dmean": [0.113343000412, 0.95203602314, 3.19955778122, 5.92108201981, 5.52507019043, 6.92654943466, 6.60013818741, 11.3003845215, 9.22249412537, 17.699924469, 10.7454710007, 11.9412050247, 8.07590675354, 5.55212402344, 10.1140727997, 9.96757411957, 10.7348890305, 10.8268604279, 8.2505273819, 8.31541442871, 8.35312271118, 7.85120487213, 6.48351573944, 5.13846588135, 2.38539791107, 1.9926803112, 1.9872033596, 1.64686608315, 1.4571685791, 1.34773099422, 1.719383955, 0.942058742046, 0.699345052242, 0.770115911961, 0.32627427578, 0.153326123953, 0.0966672301292, 0.0312399994582, 0.00276391766965, 0.000128015162772],
        "dmean2": [0.169735386968, 1.46930634975, 5.27170181274, 10.5980072021, 9.24243164062, 11.3062763214, 10.2884016037, 17.4648971558, 13.730096817, 27.0012340546, 16.8168010712, 18.0253257751, 12.2486877441, 8.58940792084, 14.1704912186, 15.0210018158, 16.2659130096, 16.9230690002, 13.2629804611, 13.22935009, 12.8669872284, 11.3457317352, 10.1703958511, 8.08299446106, 3.5960624218, 2.97084784508, 2.85893034935, 2.47135972977, 2.18946456909, 1.98422932625, 2.54505300522, 1.38966345787, 1.03912174702, 1.19649958611, 0.498930037022, 0.232877388597, 0.156710758805, 0.0535428896546, 0.00469429697841, 0.000212282218854],
        "dvar": [0.1487762779, 6.69344043732, 106.293739319, 588.77154541, 228.121444702, 139.93661499, 104.905586243, 522.982788086, 280.379852295, 920.139770508, 406.877258301, 978.797729492, 482.747131348, 253.125427246, 2533.39794922, 1358.87976074, 733.83026123, 964.457275391, 665.014648438, 498.789154053, 426.566314697, 421.649536133, 261.571777344, 178.459091187, 43.9141578674, 40.7606201172, 36.4185218811, 22.831035614, 18.6661491394, 16.4901943207, 28.2983036041, 7.05769252777, 4.22347927094, 6.56040811539, 1.10811662674, 0.242858529091, 0.121791236103, 0.0140501912683, 0.000106283499917, 2.05928301966e-07],
        "dvar2": [0.312006056309, 16.7563476562, 283.699310303, 1680.06201172, 636.117736816, 406.889160156, 270.363647461, 1335.96862793, 632.435668945, 2144.19189453, 975.524414062, 1911.8059082, 1041.95495605, 498.399108887, 4002.3684082, 3047.04101562, 1614.03259277, 2403.34228516, 1730.35180664, 1217.1237793, 989.080444336, 822.546325684, 639.197753906, 423.981628418, 100.311950684, 77.6857147217, 72.1601104736, 49.7870597839, 37.5679283142, 34.6929168701, 64.8426589966, 14.3223266602, 9.03189754486, 16.377122879, 2.61859536171, 0.554966688156, 0.304726779461, 0.0367243029177, 0.000268960313406, 5.15595331763e-07],
        "max": [4.86596250534, 45.2482185364, 180.367965698, 481.087249756, 259.962432861, 167.60774231, 172.025650024, 459.072967529, 389.643005371, 747.582275391, 539.471618652, 1357.38452148, 1062.83642578, 806.027770996, 2031.93395996, 1155.45544434, 733.123352051, 808.134460449, 322.296630859, 378.661895752, 387.351379395, 796.735595703, 246.882232666, 430.307342529, 92.1153488159, 78.9566802979, 80.9425048828, 57.5794754028, 50.5127372742, 53.3582077026, 60.5432548523, 26.5283870697, 18.4028644562, 20.2735061646, 8.9258928299, 3.92996883392, 2.73892021179, 0.915513575077, 0.0781972929835, 0.00327835953794],
        "mean": [0.337420076132, 2.24322724342, 5.26249265671, 6.12301778793, 7.22164821625, 11.7404718399, 12.1410493851, 19.7634334564, 19.6896400452, 46.3686676025, 29.765586853, 28.3068943024, 18.6076374054, 11.7359666824, 29.6364040375, 23.972990036, 23.0918540955, 21.1775550842, 13.2756681442, 14.8076114655, 18.7593650818, 18.2635650635, 13.8578834534, 11.0558233261, 3.86206412315, 2.80436658859, 3.02233600616, 2.38080358505, 2.01480007172, 2.06479120255, 2.30195641518, 1.42427873611, 0.93208771944, 0.738281428814, 0.320222556591, 0.144922584295, 0.076514095068, 0.0221915543079, 0.00203284062445, 0.000123738500406],
        "median": [0.179337471724, 1.31736028194, 2.50767421722, 2.77074050903, 3.71995615959, 7.03493404388, 7.37124109268, 10.5226144791, 9.75510406494, 15.9595012665, 10.470281601, 9.19202709198, 4.81371831894, 4.00893592834, 3.03939151764, 2.01998949051, 2.71403026581, 2.96381282806, 1.85585546494, 1.28646254539, 1.54485297203, 0.723374128342, 0.829777359962, 0.364709734917, 0.269167602062, 0.220123708248, 0.221665412188, 0.153791487217, 0.162151068449, 0.144192516804, 0.117464825511, 0.059626929462, 0.0327323041856, 0.0164066702127, 0.00541546754539, 0.000841975328512, 0.000249510543654, 5.18702290719e-05, 2.36336436501e-05, 3.30928596668e-05],
        "min": [8.31895350194e-23, 2.22085736203e-21, 5.90359812921e-21, 8.2479770231e-21, 1.09747811436e-20, 4.88703960451e-20, 1.01686979987e-19, 8.41583765722e-20, 1.97910690522e-19, 2.44610257678e-19, 4.56440640151e-19, 6.18850057102e-19, 5.34973167507e-19, 1.1155820962e-18, 1.16170506677e-18, 2.6369372283e-18, 2.68845879314e-18, 2.2969167793e-18, 3.14089101944e-18, 5.69326081744e-18, 6.19709901008e-18, 5.41783035297e-18, 7.50914642794e-18, 8.11837239371e-18, 9.93521753372e-18, 1.12350822355e-17, 1.06865010163e-17, 1.20596770815e-17, 1.17154309803e-17, 1.44040186068e-17, 1.21009012817e-17, 1.03084554882e-17, 1.16616427338e-17, 1.07179007924e-17, 7.32817502634e-18, 3.74478559937e-18, 2.10011748348e-18, 8.71161392132e-19, 2.93536517495e-19, 2.95133131174e-20],
        "var": [0.256633490324, 9.48883914948, 91.0722732544, 357.073944092, 175.516723633, 213.596389771, 212.350219727, 867.415405273, 1005.72265625, 5739.64990234, 2307.00048828, 3693.85986328, 1878.67724609, 798.300842285, 17523.40625, 4545.95605469, 2521.30908203, 1994.98706055, 805.224365234, 882.032287598, 1251.97827148, 1747.53991699, 707.495178223, 533.319702148, 69.4448394775, 57.239315033, 59.6900939941, 35.296043396, 31.671869278, 27.7952632904, 35.1764030457, 11.1671066284, 5.89048528671, 6.09380102158, 1.12806463242, 0.25237172842, 0.0980148538947, 0.0100518157706, 8.0603560491e-05, 1.65233245752e-07]
    },
    "gfcc": {
        "mean": [-93.1166152954, 155.992416382, -96.764289856, 18.5599441528, -50.4999771118, 1.23356306553, -29.3352012634, 3.64135336876, -6.33040332794, -5.35943698883, -6.35128498077, -5.57834529877, -7.11101818085],
        "cov": [[26175.4003906, -5051.22607422, -1193.77441406, 2338.45385742, -160.765716553, 2176.97412109, -1096.84033203, 799.991271973, 23.2489128113, 869.621276855, 186.011749268, 680.623352051, -468.108184814], [-5051.22607422, 4233.79150391, -201.904846191, -734.685302734, 749.013549805, -787.099487305, 703.099487305, -425.740814209, 362.848419189, -366.442474365, 214.072845459, -377.063903809, 380.638671875], [-1193.77441406, -201.904846191, 1517.85131836, -29.5873947144, -112.510276794, 118.910896301, 107.826416016, 177.855773926, -18.4387378693, 144.336288452, -102.211105347, 81.4328460693, -24.0692081451], [2338.45385742, -734.685302734, -29.5873947144, 829.951538086, 23.811290741, 374.176269531, -36.4738235474, 128.56161499, 111.469200134, 152.802597046, 74.048576355, 26.0585460663, -6.49106121063], [-160.765716553, 749.013549805, -112.510276794, 23.811290741, 558.234191895, -14.4464063644, 152.6144104, -46.0133590698, 168.525405884, 75.0221405029, 98.972038269, -51.4053268433, 35.6026306152], [2176.97412109, -787.099487305, 118.910896301, 374.176269531, -14.4464063644, 514.356445312, -92.708656311, 133.453186035, 21.7977409363, 171.732330322, 56.0518417358, 95.8079681396, -53.6675643921], [-1096.84033203, 703.099487305, 107.826416016, -36.4738235474, 152.6144104, -92.708656311, 309.7449646, -49.5449676514, 84.4976501465, -46.8324203491, 33.9961967468, -57.0373497009, 89.7709503174], [799.991271973, -425.740814209, 177.855773926, 128.56161499, -46.0133590698, 133.453186035, -49.5449676514, 201.371841431, 19.3596630096, 65.0623016357, -8.12987422943, 78.6706390381, -40.6237106323], [23.2489128113, 362.848419189, -18.4387378693, 111.469200134, 168.525405884, 21.7977409363, 84.4976501465, 19.3596630096, 184.13420105, 46.9003372192, 53.7768516541, -39.2667007446, 44.2438468933], [869.621276855, -366.442474365, 144.336288452, 152.802597046, 75.0221405029, 171.732330322, -46.8324203491, 65.0623016357, 46.9003372192, 213.366638184, 28.3119277954, 44.5682258606, -52.1970405579], [186.011749268, 214.072845459, -102.211105347, 74.048576355, 98.972038269, 56.0518417358, 33.9961967468, -8.12987422943, 53.7768516541, 28.3119277954, 130.52923584, 1.71159482002, 17.6979656219], [680.623352051, -377.063903809, 81.4328460693, 26.0585460663, -51.4053268433, 95.8079681396, -57.0373497009, 78.6706390381, -39.2667007446, 44.5682258606, 1.71159482002, 146.005523682, -15.208738327], [-468.108184814, 380.638671875, -24.0692081451, -6.49106121063, 35.6026306152, -53.6675643921, 89.7709503174, -40.6237106323, 44.2438468933, -52.1970405579, 17.6979656219, -15.208738327, 115.420120239]],
        "icov": [[8.85095214471e-05, -7.04734193278e-05, 0.000125941762235, -0.000166290163179, 2.1247407858e-05, -0.00024594613933, 0.000143188415677, -0.000114584749099, 6.79443837726e-05, -0.000131670691189, 0.000206911528949, -0.000273585028481, 0.000182310570381], [-7.04734193278e-05, 0.00171974895056, -0.000458958355011, 0.0012015264947, -0.00107617408503, 0.000982685247436, -0.000952415575739, 0.000821974768769, -0.00172499881592, 0.00161188247148, -0.00243733334355, 0.00182001374196, -0.00216274079867], [0.000125941762235, -0.000458958355011, 0.00126284419093, -0.000206250479096, 0.000549920310732, -0.000665402389131, -0.000500313995872, -0.00116114527918, 0.000739681185223, -0.00153749855235, 0.00158027140424, -0.000681114324834, 0.000466620083898], [-0.000166290163179, 0.0012015264947, -0.000206250479096, 0.00315261771902, -0.000375724601327, -0.000405921979109, -0.000882848340552, -0.00013628245506, -0.00195250962861, 0.000569053925574, -0.00204061064869, 0.00237819529139, -0.00230467994697], [2.1247407858e-05, -0.00107617408503, 0.000549920310732, -0.000375724601327, 0.00385735114105, -0.000444973062258, -0.00063627952477, 0.000161902295076, -0.00110885337926, -0.00230391533114, 0.000517446896993, -0.00119318149518, 0.00203048414551], [-0.00024594613933, 0.000982685247436, -0.000665402389131, -0.000405921979109, -0.000444973062258, 0.00518388487399, -0.000401018332923, -2.37169897446e-05, -0.000391482608393, -0.000561440887395, -0.00290343398228, 0.000405656959629, -0.00115381472278], [0.000143188415677, -0.000952415575739, -0.000500313995872, -0.000882848340552, -0.00063627952477, -0.000401018332923, 0.00650412589312, -0.000151959204231, 5.05700372742e-05, 0.000386910891393, 0.000520415895153, -0.000295300793368, -0.00149787880946], [-0.000114584749099, 0.000821974768769, -0.00116114527918, -0.00013628245506, 0.000161902295076, -2.37169897446e-05, -0.000151959204231, 0.00992974080145, -0.00450747879222, 0.00201961747371, -0.00032309917151, -0.0035889793653, 0.0023446707055], [6.79443837726e-05, -0.00172499881592, 0.000739681185223, -0.00195250962861, -0.00110885337926, -0.000391482608393, 5.05700372742e-05, -0.00450747879222, 0.0135307302698, -0.00439584907144, 0.000818886444904, 0.00219337572344, -0.00246821623296], [-0.000131670691189, 0.00161188247148, -0.00153749855235, 0.000569053925574, -0.00230391533114, -0.000561440887395, 0.000386910891393, 0.00201961747371, -0.00439584907144, 0.0112044513226, -0.00284083047882, -0.000220580943278, 0.00187976181041], [0.000206911528949, -0.00243733334355, 0.00158027140424, -0.00204061064869, 0.000517446896993, -0.00290343398228, 0.000520415895153, -0.00032309917151, 0.000818886444904, -0.00284083047882, 0.0144224055111, -0.00411059241742, 0.00271205930039], [-0.000273585028481, 0.00182001374196, -0.000681114324834, 0.00237819529139, -0.00119318149518, 0.000405656959629, -0.000295300793368, -0.0035889793653, 0.00219337572344, -0.000220580943278, -0.00411059241742, 0.0139859803021, -0.00606417562813], [0.000182310570381, -0.00216274079867, 0.000466620083898, -0.00230467994697, 0.00203048414551, -0.00115381472278, -0.00149787880946, 0.0023446707055, -0.00246821623296, 0.00187976181041, 0.00271205930039, -0.00606417562813, 0.0179122369736]]
    },
    "melbands": {
        "dmean": [0.0010148192523, 0.00143136724364, 0.000975063245278, 0.000419571559178, 0.000243699760176, 0.000232134989346, 0.0001657729008, 0.000194880369236, 7.93005528976e-05, 8.18314219941e-05, 4.00239077862e-05, 2.22407925321e-05, 3.05900794046e-05, 2.80271506199e-05, 2.82360233541e-05, 2.42373644141e-05, 2.05153519346e-05, 1.2794687791e-05, 1.31355782287e-05, 1.37285833262e-05, 9.23053448787e-06, 8.77275124367e-06, 6.78653577779e-06, 5.35093386134e-06, 4.36588106822e-06, 2.2262308903e-06, 1.5463812133e-06, 1.29652300984e-06, 1.17185072668e-06, 1.28448607484e-06, 9.06411401047e-07, 8.15436294488e-07, 8.41932205731e-07, 6.89167450219e-07, 1.07251560166e-06, 7.9346119719e-07, 5.24885422237e-07, 4.89696219574e-07, 5.34893217718e-07, 6.76118247611e-07],
        "dmean2": [0.00157709198538, 0.00224070670083, 0.0017022016691, 0.000691603636369, 0.000389124499634, 0.000357345066732, 0.00024499342544, 0.000299938285025, 0.000123621051898, 0.000123594640172, 6.09494163655e-05, 3.45806583937e-05, 4.37255657744e-05, 4.07158004236e-05, 4.22683187935e-05, 3.73159855371e-05, 3.22217456414e-05, 2.03736344702e-05, 2.14356987271e-05, 2.1513134925e-05, 1.42440794662e-05, 1.29218669827e-05, 1.07462719825e-05, 8.26692848932e-06, 6.94161099091e-06, 3.59806381312e-06, 2.26509610002e-06, 2.00670024242e-06, 1.68950441548e-06, 1.99583018912e-06, 1.4179468053e-06, 1.24227858578e-06, 1.26865063521e-06, 1.02498472643e-06, 1.60163858709e-06, 1.2061104826e-06, 7.77961531639e-07, 7.39138897643e-07, 7.89830721715e-07, 1.0762465763e-06],
        "dvar": [9.61018122325e-06, 1.64671710081e-05, 1.35756326927e-05, 7.40231655527e-07, 1.44273982983e-07, 2.18828432708e-07, 7.89946739133e-08, 1.20367062095e-07, 2.26463381381e-08, 4.31958468994e-08, 1.37057938332e-08, 5.53212453624e-09, 1.92331466309e-08, 8.39265990038e-09, 1.00481774012e-08, 4.10729938949e-09, 3.62271790344e-09, 1.53467905051e-09, 1.38863875954e-09, 1.46997647388e-09, 5.9121529894e-10, 6.16224904437e-10, 3.51787210473e-10, 1.64842875461e-10, 1.36928454686e-10, 4.26135446374e-11, 1.74313254803e-11, 1.70912901887e-11, 1.1713071485e-11, 1.75288498994e-11, 6.37792509778e-12, 5.58232366582e-12, 6.8445865295e-12, 4.08839975763e-12, 1.17988969289e-11, 5.37933586564e-12, 2.14064638411e-12, 2.05238321997e-12, 2.67303063364e-12, 5.29852290515e-12],
        "dvar2": [2.10175385291e-05, 4.19159005105e-05, 3.81246063625e-05, 2.09936229112e-06, 4.02467065896e-07, 5.55767201149e-07, 1.74231473693e-07, 2.8370143923e-07, 5.34129931395e-08, 8.57114699215e-08, 2.97639193292e-08, 1.15915170795e-08, 3.03080049946e-08, 1.67561360342e-08, 1.95615132981e-08, 8.82936390667e-09, 8.94733798162e-09, 3.8800758162e-09, 3.56806828528e-09, 3.52978024587e-09, 1.29814936578e-09, 1.19208376503e-09, 8.91653195723e-10, 3.7822744936e-10, 3.27697174951e-10, 1.06399715427e-10, 3.35170918797e-11, 3.26905794101e-11, 2.09666572298e-11, 4.02166598634e-11, 1.42857791569e-11, 1.16037275275e-11, 1.36702333481e-11, 8.67852924941e-12, 2.7528347657e-11, 1.19067368812e-11, 4.45433794016e-12, 4.45036065291e-12, 5.94096256565e-12, 1.3564494146e-11],
        "max": [0.0404850579798, 0.068298779428, 0.0703645497561, 0.0153610594571, 0.00614126119763, 0.00922076404095, 0.00583818135783, 0.00956914760172, 0.00438976241276, 0.00859306752682, 0.00613836478442, 0.00441269902512, 0.00558688351884, 0.00267115375027, 0.00260484381579, 0.00146462209523, 0.00137884961441, 0.000578957493417, 0.000484597287141, 0.000864552275743, 0.000600107305218, 0.000911441689823, 0.000274271442322, 0.000261716428213, 0.000401791738113, 0.000112691748654, 4.99824891449e-05, 4.8777754273e-05, 4.94491832796e-05, 4.67488534923e-05, 3.23125750583e-05, 2.86317645077e-05, 3.12757547363e-05, 2.63758138317e-05, 4.38141760242e-05, 2.18598106585e-05, 1.5933323084e-05, 1.36070639201e-05, 1.62703672686e-05, 1.75482455234e-05],
        "mean": [0.00298493751325, 0.00286491494626, 0.00112910650205, 0.000667168409564, 0.000458322349004, 0.000414237962104, 0.000343284656992, 0.000524734030478, 0.000221794092795, 0.000188790872926, 8.9983419457e-05, 4.33483510278e-05, 8.30267017591e-05, 7.65818695072e-05, 6.29559581284e-05, 4.94323976454e-05, 3.75864510715e-05, 1.92252355191e-05, 2.15002182813e-05, 2.54135884461e-05, 1.95262637135e-05, 1.9483268261e-05, 1.35299687827e-05, 1.16668343253e-05, 8.96576420928e-06, 3.12686142934e-06, 2.22138714889e-06, 1.73903379164e-06, 1.88861372408e-06, 1.70056330262e-06, 1.27963187424e-06, 1.10457847313e-06, 1.14820034014e-06, 1.11691929305e-06, 1.39732935622e-06, 1.11047006612e-06, 7.71592908677e-07, 6.48040497708e-07, 6.32244848475e-07, 6.04877470778e-07],
        "median": [0.00180135667324, 0.00158768205438, 0.000565736321732, 0.000405803381, 0.000294573721476, 0.000219134235522, 0.00016269502521, 0.000168402650161, 6.87700667186e-05, 5.70695192437e-05, 2.00127979042e-05, 1.30220341816e-05, 1.07809646579e-05, 6.51943219054e-06, 2.59928629021e-06, 5.40174823982e-06, 4.06362096328e-06, 2.36507958107e-06, 1.44880914377e-06, 1.45143258123e-06, 1.41494615491e-06, 6.7284065608e-07, 7.87778049016e-07, 5.33300408279e-07, 2.55197903698e-07, 1.80279386086e-07, 1.75057550678e-07, 1.26177425841e-07, 1.47882929014e-07, 8.60838937911e-08, 8.72423981946e-08, 9.29259584836e-08, 6.82587000256e-08, 7.58834985959e-08, 6.30592893458e-08, 5.67338354074e-08, 2.71277471597e-08, 2.1843675313e-08, 1.94474729653e-08, 1.11413100967e-08],
        "min": [1.31359372583e-24, 4.0822979921e-24, 3.03489640545e-24, 3.8234001539e-24, 3.54143760054e-24, 1.64163788478e-24, 3.06688313744e-24, 3.06385410877e-24, 4.23620002155e-24, 3.98995748441e-24, 2.55975424097e-24, 3.88338040396e-24, 2.21012024094e-24, 5.99098836748e-24, 6.09699865137e-24, 4.84438061947e-24, 4.01270981064e-24, 3.80930636496e-24, 6.73410875084e-24, 7.49575474369e-24, 5.75315469317e-24, 5.15016006684e-24, 4.73647588611e-24, 5.00028872219e-24, 5.76114112097e-24, 5.48533562698e-24, 6.3194309998e-24, 7.47495800364e-24, 5.96200837884e-24, 7.22099606812e-24, 5.51089669247e-24, 5.05925489157e-24, 7.09869975085e-24, 6.97185801703e-24, 6.06896411252e-24, 7.17509304091e-24, 6.24164024265e-24, 7.68247654223e-24, 7.30473365321e-24, 7.95052832238e-24],
        "var": [1.70128223544e-05, 1.8395798179e-05, 8.79174967849e-06, 7.62799061249e-07, 2.72661310419e-07, 3.75441345568e-07, 2.91979773692e-07, 7.98307439709e-07, 1.69670116179e-07, 1.67003975093e-07, 5.19093710238e-08, 1.54461652357e-08, 1.28606018279e-07, 5.07573929553e-08, 5.00151813299e-08, 1.63416320476e-08, 7.74570363404e-09, 1.88293647341e-09, 2.72844480342e-09, 3.71244457398e-09, 1.76317838108e-09, 2.34295405299e-09, 7.59072804613e-10, 5.33210864351e-10, 4.11347372831e-10, 5.32117509777e-11, 2.90786283941e-11, 2.34494888784e-11, 2.22165289637e-11, 2.20819369734e-11, 9.80055533256e-12, 9.39265592387e-12, 1.12052051665e-11, 7.25951460404e-12, 1.39523063242e-11, 7.33639104328e-12, 3.30372534885e-12, 2.81264421476e-12, 3.33050861195e-12, 4.56786865277e-12]
    },
    "mfcc": {
        "mean": [-730.212341309, 171.909927368, 22.0775756836, 18.5898017883, 6.44838476181, -1.55657887459, -7.31496763229, 5.32461309433, 0.289473503828, 2.68875384331, 2.42946267128, 4.48654317856, -1.22988677025],
        "cov": [[16980.71875, -2129.90698242, -1617.35778809, 606.22467041, 845.368591309, 657.456726074, -34.2859764099, 472.717437744, -230.637496948, 149.673309326, 324.707427979, 715.706787109, 249.215377808], [-2129.90698242, 3481.67602539, -9.12252521515, -37.4720497131, 117.606826782, -16.8768234253, 139.577438354, 3.75327515602, 191.159851074, 73.4022521973, 32.9880065918, -62.9347038269, -8.15856838226], [-1617.35778809, -9.12252521515, 1188.57641602, -4.34430885315, -145.387512207, -58.151260376, 38.5693092346, 34.7084770203, 101.705291748, 16.4007015228, -10.7630414963, -67.0113372803, 28.2165927887], [606.22467041, -37.4720497131, -4.34430885315, 420.354370117, 113.536247253, 137.899429321, 62.6835441589, 59.4971694946, 75.683555603, 104.864738464, 75.9526824951, 50.4908676147, 55.3817100525], [845.368591309, 117.606826782, -145.387512207, 113.536247253, 332.626251221, 169.143478394, 52.170627594, 38.6694717407, 23.509973526, 96.8980026245, 122.515075684, 113.805122375, 47.884185791], [657.456726074, -16.8768234253, -58.151260376, 137.899429321, 169.143478394, 297.409912109, 108.806015015, 25.5400505066, 27.4227581024, 87.2468795776, 106.420379639, 77.7711029053, 42.6408691406], [-34.2859764099, 139.577438354, 38.5693092346, 62.6835441589, 52.170627594, 108.806015015, 147.737167358, 47.2301521301, 27.4413509369, 37.001285553, 48.4517211914, 33.5733528137, 24.7932357788], [472.717437744, 3.75327515602, 34.7084770203, 59.4971694946, 38.6694717407, 25.5400505066, 47.2301521301, 151.600906372, 40.5497703552, 11.7522439957, 15.8231086731, 46.4249343872, 30.4617595673], [-230.637496948, 191.159851074, 101.705291748, 75.683555603, 23.509973526, 27.4227581024, 27.4413509369, 40.5497703552, 133.350830078, 49.9716033936, 12.3703155518, -2.83601474762, 20.0124263763], [149.673309326, 73.4022521973, 16.4007015228, 104.864738464, 96.8980026245, 87.2468795776, 37.001285553, 11.7522439957, 49.9716033936, 143.17906189, 81.1350402832, 25.7453346252, 26.8600406647], [324.707427979, 32.9880065918, -10.7630414963, 75.9526824951, 122.515075684, 106.420379639, 48.4517211914, 15.8231086731, 12.3703155518, 81.1350402832, 140.072662354, 80.7741470337, 24.6464691162], [715.706787109, -62.9347038269, -67.0113372803, 50.4908676147, 113.805122375, 77.7711029053, 33.5733528137, 46.4249343872, -2.83601474762, 25.7453346252, 80.7741470337, 148.814865112, 43.0863838196], [249.215377808, -8.15856838226, 28.2165927887, 55.3817100525, 47.884185791, 42.6408691406, 24.7932357788, 30.4617595673, 20.0124263763, 26.8600406647, 24.6464691162, 43.0863838196, 78.0394515991]],
