{
"lowlevel": {
    "average_loudness": 0.753596663475,
    "barkbands_crest": {
        "dmean": 2.64008045197,
        "dmean2": 4.06536531448,
        "dvar": 6.75141239166,
        "dvar2": 14.8494310379,
        "max": 26.4492874146,
        "mean": 12.6028680801,
        "median": 11.7149057388,
        "min": 2.20086765289,
        "var": 26.7074871063
    },
    "barkbands_flatness_db": {
        "dmean": 0.0237502325326,
        "dmean2": 0.0363526940346,
        "dvar": 0.000606272427831,
        "dvar2": 0.0015002831351,
        "max": 0.403596103191,
        "mean": 0.134840145707,
        "median": 0.121876716614,
        "min": 0.0170155484229,
        "var": 0.00384239200503
    },
    "barkbands_kurtosis": {
        "dmean": 4.77540445328,
        "dmean2": 7.47306919098,
        "dvar": 104.698783875,
        "dvar2": 243.448730469,
        "max": 461.232727051,
        "mean": 8.09017562866,
        "median": 3.3939614296,
        "min": -1.98536634445,
        "var": 305.016571045
    },
    "barkbands_skewness": {
        "dmean": 0.674239873886,
        "dmean2": 1.02016162872,
        "dvar": 0.631838083267,
        "dvar2": 1.41590702534,
        "max": 19.6098079681,
        "mean": 2.04025554657,
        "median": 1.93855464458,
        "min": -12.7022256851,
        "var": 3.41532111168
    },
    "barkbands_spread": {
        "dmean": 7.35181188583,
        "dmean2": 11.4605379105,
        "dvar": 60.9639778137,
        "dvar2": 153.528091431,
        "max": 95.2356491089,
        "mean": 25.9092674255,
        "median": 23.9612388611,
        "min": 0.568785011768,
        "var": 239.665435791
    },
    "dissonance": {
        "dmean": 0.0133497910574,
        "dmean2": 0.0221392568201,
        "dvar": 0.00017466211284,
        "dvar2": 0.000458325725049,
        "max": 0.499999970198,
        "mean": 0.464764028788,
        "median": 0.472088634968,
        "min": 0.270176738501,
        "var": 0.000904766144231
    },
    "dynamic_complexity": 6.79217100143,
    "erbbands_crest": {
        "dmean": 2.51651024818,
        "dmean2": 4.13050746918,
        "dvar": 6.22514200211,
        "dvar2": 16.1566848755,
        "max": 34.7099189758,
        "mean": 9.05418300629,
        "median": 8.01661014557,
        "min": 2.331782341,
        "var": 20.5252666473
    },
    "erbbands_flatness_db": {
        "dmean": 0.0162369776517,
        "dmean2": 0.0247490312904,
        "dvar": 0.000340762926498,
        "dvar2": 0.000689423410222,
        "max": 0.496826857328,
        "mean": 0.128886222839,
        "median": 0.11267067492,
        "min": 0.0326304621994,
        "var": 0.00332940532826
    },
    "erbbands_kurtosis": {
        "dmean": 1.98056411743,
        "dmean2": 3.05184221268,
        "dvar": 97.1422424316,
        "dvar2": 212.161682129,
        "max": 306.899871826,
        "mean": 1.80652725697,
        "median": -0.56168794632,
        "min": -1.84827506542,
        "var": 196.374450684
    },
    "erbbands_skewness": {
        "dmean": 0.38291195035,
        "dmean2": 0.597600400448,
        "dvar": 0.306961387396,
        "dvar2": 0.675549149513,
        "max": 5.13070440292,
        "mean": 0.0747454538941,
        "median": 0.112429104745,
        "min": -12.4934511185,
        "var": 1.34092020988
    },
    "erbbands_spread": {
        "dmean": 10.3041448593,
        "dmean2": 15.4707393646,
        "dvar": 104.205528259,
        "dvar2": 210.484527588,
        "max": 136.893096924,
        "mean": 50.4469070435,
        "median": 50.0554122925,
        "min": 0.324254244566,
        "var": 471.693237305
    },
    "hfc": {
        "dmean": 5.47208833694,
        "dmean2": 8.14268493652,
        "dvar": 80.9434509277,
        "dvar2": 173.944717407,
        "max": 117.351211548,
        "mean": 18.5291824341,
        "median": 16.7880764008,
        "min": 1.19345142323e-16,
        "var": 310.639801025
    },
    "melbands_crest": {
        "dmean": 3.18069958687,
        "dmean2": 4.97309684753,
        "dvar": 10.1815195084,
        "dvar2": 25.1840648651,
        "max": 36.9766311646,
        "mean": 16.8812026978,
        "median": 15.9091997147,
        "min": 2.75714325905,
        "var": 37.9148597717
    },
    "melbands_flatness_db": {
        "dmean": 0.0276482328773,
        "dmean2": 0.0420164503157,
        "dvar": 0.000869870651513,
        "dvar2": 0.00208354601637,
        "max": 0.530716300011,
        "mean": 0.205333039165,
        "median": 0.195621296763,
        "min": 0.0111009525135,
        "var": 0.00593288708478
    },
    "melbands_kurtosis": {
        "dmean": 13.2472372055,
        "dmean2": 20.904045105,
        "dvar": 585.868286133,
        "dvar2": 1356.8392334,
        "max": 687.781982422,
        "mean": 25.9341068268,
        "median": 14.8797359467,
        "min": -1.97200655937,
        "var": 1534.07800293
    },
    "melbands_skewness": {
        "dmean": 1.00290942192,
        "dmean2": 1.53498566151,
        "dvar": 1.56747126579,
        "dvar2": 3.52101063728,
        "max": 21.5174617767,
        "mean": 3.67882275581,
        "median": 3.25061559677,
        "min": -7.31880044937,
        "var": 5.75691127777
    },
    "melbands_spread": {
        "dmean": 7.552339077,
        "dmean2": 11.7596721649,
        "dvar": 105.916816711,
        "dvar2": 240.279327393,
        "max": 173.137466431,
        "mean": 24.3305091858,
        "median": 17.0917129517,
        "min": 0.260243415833,
        "var": 487.431488037
    },
    "pitch_salience": {
        "dmean": 0.0752616450191,
        "dmean2": 0.12015170604,
        "dvar": 0.00602436065674,
        "dvar2": 0.0153146749362,
        "max": 0.925669431686,
        "mean": 0.494490116835,
        "median": 0.500169038773,
        "min": 0.0381010808051,
        "var": 0.0190369971097
    },
    "silence_rate_20dB": {
        "dmean": 0,
        "dmean2": 0,
        "dvar": 0,
        "dvar2": 0,
        "max": 1,
        "mean": 1,
        "median": 1,
        "min": 1,
        "var": 0
    },
    "silence_rate_30dB": {
        "dmean": 0.0667170658708,
        "dmean2": 0.133446738124,
        "dvar": 0.0622680820525,
        "dvar2": 0.135302275419,
        "max": 1,
        "mean": 0.89218556881,
        "median": 1,
        "min": 0,
        "var": 0.0961820632219
    },
    "silence_rate_60dB": {
        "dmean": 0.0175770167261,
        "dmean2": 0.0351573564112,
        "dvar": 0.0172650739551,
        "dvar2": 0.0399813055992,
        "max": 1,
        "mean": 0.306812822819,
        "median": 0,
        "min": 0,
        "var": 0.21266373992
    },
    "spectral_centroid": {
        "dmean": 287.326873779,
        "dmean2": 447.727752686,
        "dvar": 91212.59375,
        "dvar2": 196275.421875,
        "max": 11195.8789062,
        "mean": 1542.41418457,
        "median": 1414.62475586,
        "min": 118.032424927,
        "var": 599137.3125
    },
    "spectral_complexity": {
        "dmean": 2.70232462883,
        "dmean2": 4.50373315811,
        "dvar": 11.0178508759,
        "dvar2": 28.1615867615,
        "max": 50,
        "mean": 15.7895679474,
        "median": 16,
        "min": 0,
        "var": 123.190483093
    },
    "spectral_decrease": {
        "dmean": 3.62348129279e-09,
        "dmean2": 5.54173729128e-09,
        "dvar": 4.81206663437e-17,
        "dvar2": 1.11598470155e-16,
        "max": -2.22311086538e-29,
        "mean": -8.50938075558e-09,
        "median": -4.69643612888e-09,
        "min": -6.54926068933e-08,
        "var": 1.33642423198e-16
    },
    "spectral_energy": {
        "dmean": 0.0139985634014,
        "dmean2": 0.0213234331459,
        "dvar": 0.000700917327777,
        "dvar2": 0.00161623687018,
        "max": 0.250090748072,
        "mean": 0.0337970741093,
        "median": 0.0196412727237,
        "min": 1.09088425703e-20,
        "var": 0.00198975764215
    },
    "spectral_energyband_high": {
        "dmean": 0.00048800179502,
        "dmean2": 0.000737405265681,
        "dvar": 6.21179594873e-07,
        "dvar2": 1.38746770517e-06,
        "max": 0.014578317292,
        "mean": 0.00114055967424,
        "median": 0.000729141000193,
        "min": 8.01067150694e-21,
        "var": 1.83106590157e-06
    },
    "spectral_energyband_low": {
        "dmean": 0.00983440317214,
        "dmean2": 0.014514869079,
        "dvar": 0.000457098736661,
        "dvar2": 0.000978246564046,
        "max": 0.234034210443,
        "mean": 0.0200839731842,
        "median": 0.00668118940666,
        "min": 1.2497017078e-22,
        "var": 0.00136141863186
    },
    "spectral_energyband_middle_high": {
        "dmean": 0.000782232324127,
        "dmean2": 0.00133106508292,
        "dvar": 1.49645472902e-06,
        "dvar2": 4.29537431046e-06,
        "max": 0.0186130143702,
        "mean": 0.0028326974716,
        "median": 0.00240687583573,
        "min": 1.60050068026e-21,
        "var": 7.41952499084e-06
    },
    "spectral_energyband_middle_low": {
        "dmean": 0.00718842167407,
        "dmean2": 0.0117238927633,
        "dvar": 0.000329391885316,
        "dvar2": 0.000812200363725,
        "max": 0.209339812398,
        "mean": 0.0114391399547,
        "median": 0.00460534868762,
        "min": 4.36521243236e-22,
        "var": 0.000358339806553
    },
    "spectral_entropy": {
        "dmean": 0.174655467272,
        "dmean2": 0.277758508921,
        "dvar": 0.0335836224258,
        "dvar2": 0.0841954723001,
        "max": 9.81579303741,
        "mean": 7.63500070572,
        "median": 7.76193380356,
        "min": 5.01713895798,
        "var": 0.289618402719
    },
    "spectral_flux": {
        "dmean": 0.0288028325886,
        "dmean2": 0.0443521402776,
        "dvar": 0.00230705318972,
        "dvar2": 0.00464809220284,
        "max": 0.448209196329,
        "mean": 0.0775317624211,
        "median": 0.0564574114978,
        "min": 1.04445403715e-10,
        "var": 0.00609284266829
    },
    "spectral_kurtosis": {
        "dmean": 1.41817724705,
        "dmean2": 2.25205469131,
        "dvar": 9.28199958801,
        "dvar2": 20.7912464142,
        "max": 98.4029159546,
        "mean": 4.791639328,
        "median": 3.28063821793,
        "min": -1.17365479469,
        "var": 28.7690219879
    },
    "spectral_rms": {
        "dmean": 0.000885265646502,
        "dmean2": 0.00130693358369,
        "dvar": 1.98494262804e-06,
        "dvar2": 4.22446282755e-06,
        "max": 0.015620210208,
        "mean": 0.00456165149808,
        "median": 0.00437746709213,
        "min": 3.26232638993e-12,
        "var": 1.21641278383e-05
    },
    "spectral_rolloff": {
        "dmean": 545.201599121,
        "dmean2": 904.920349121,
        "dvar": 700172,
        "dvar2": 1634342.125,
        "max": 18669.2871094,
        "mean": 1495.39038086,
        "median": 882.861328125,
        "min": 43.06640625,
        "var": 2181604.75
    },
    "spectral_skewness": {
        "dmean": 0.180704668164,
        "dmean2": 0.283138513565,
        "dvar": 0.0621644333005,
        "dvar2": 0.14622938633,
        "max": 7.71991491318,
        "mean": 1.49269676208,
        "median": 1.34717226028,
        "min": -0.546089887619,
        "var": 0.28659132123
    },
    "spectral_spread": {
        "dmean": 627682.875,
        "dmean2": 934794,
        "dvar": 502824828928,
        "dvar2": 1.01513737011e+12,
        "max": 39680912,
        "mean": 5294706.5,
        "median": 5280183.5,
        "min": 594152.125,
        "var": 2.4676990976e+12
    },
    "spectral_strongpeak": {
        "dmean": 0.241573393345,
        "dmean2": 0.403331816196,
        "dvar": 0.13953755796,
        "dvar2": 0.346154779196,
        "max": 5.27105760574,
        "mean": 0.597631931305,
        "median": 0.395910948515,
        "min": 0,
        "var": 0.322952061892
    },
    "zerocrossingrate": {
        "dmean": 0.0122374389321,
        "dmean2": 0.0152080617845,
        "dvar": 0.000150792839122,
        "dvar2": 0.000202427181648,
        "max": 0.51220703125,
        "mean": 0.0690633058548,
        "median": 0.06494140625,
        "min": 0.0029296875,
        "var": 0.00143759825733
    },
    "barkbands": {
        "dmean": [0.000154933237354, 0.0074865790084, 0.00359660480171, 0.00383392442018, 0.0035099950619, 0.0010413734708, 0.000282973254798, 0.000130919885123, 0.000340169208357, 0.000308244227199, 0.000158237235155, 0.000132505374495, 0.000195308864932, 0.000183953015949, 0.000177098801942, 0.000124963684357, 0.000171710460563, 0.000115711554827, 0.000124214115203, 9.25889762584e-05, 9.96670860332e-05, 0.000128678424517, 8.78851496964e-05, 5.01646318298e-05, 8.8450833573e-05, 5.088832404e-05, 3.03352626361e-05],
        "dmean2": [0.000171598847373, 0.0102912308648, 0.00637124525383, 0.0064295893535, 0.00633157324046, 0.00160160416272, 0.000429233739851, 0.000213182065636, 0.000549643184058, 0.00052218028577, 0.00026308951783, 0.000227225202252, 0.000333201140165, 0.000312613003189, 0.000305618712446, 0.000208489480428, 0.000292535376502, 0.000198377776542, 0.000212961196667, 0.000154236680828, 0.000154192021, 0.000196923399926, 0.000143190889503, 8.17592081148e-05, 0.000141558048199, 8.1973412307e-05, 4.63459946332e-05],
        "dvar": [1.7073122649e-07, 0.000387039413908, 0.000149880055687, 0.000123627949506, 0.000110528133519, 4.64711820314e-06, 3.40295855494e-07, 9.39823436852e-08, 4.43391883209e-07, 5.05820310082e-07, 1.05524790683e-07, 7.42698205158e-08, 1.25717804167e-07, 1.60190680276e-07, 1.17287306978e-07, 3.99172286336e-08, 5.5905559293e-08, 2.80420913157e-08, 2.97897759793e-08, 1.91114821746e-08, 2.44673472594e-08, 4.1064183165e-08, 2.2705805236e-08, 7.25499660348e-09, 2.35351169664e-08, 8.63257376693e-09, 3.63145535864e-09],
        "dvar2": [1.94114505803e-07, 0.000758548732847, 0.000428468280006, 0.000312097545248, 0.000310171744786, 1.16210812848e-05, 6.0722913986e-07, 2.36737321302e-07, 1.0960968666e-06, 1.42721444263e-06, 2.81717547068e-07, 2.05371676998e-07, 3.62710323998e-07, 4.49126332569e-07, 3.37957317242e-07, 1.00124744051e-07, 1.52399323383e-07, 7.99437103183e-08, 8.42725214056e-08, 4.87850684294e-08, 5.14086906378e-08, 9.22907972267e-08, 5.72310305813e-08, 1.9733882084e-08, 5.81330006355e-08, 2.33203394373e-08, 8.02521249454e-09],
        "max": [0.0122287124395, 0.223437607288, 0.132495626807, 0.134111329913, 0.112123325467, 0.0342715196311, 0.0134526202455, 0.00542236538604, 0.0121524399146, 0.0119332708418, 0.00794246979058, 0.0090940464288, 0.00536523386836, 0.00618651974946, 0.00749711086974, 0.00842087808996, 0.00572668761015, 0.00304928096011, 0.00352237420157, 0.00400197086856, 0.00402634311467, 0.00515627115965, 0.00435579475015, 0.00178932119161, 0.00118324859068, 0.00105212151539, 0.0010420383187],
        "mean": [0.000276497681625, 0.0141565967351, 0.0040421327576, 0.00349945947528, 0.00321108335629, 0.00312930508517, 0.00071655906504, 0.000185960088857, 0.00053368578665, 0.000426144368248, 0.00025277127861, 0.00019765131583, 0.000293698743917, 0.000286785332719, 0.000280768377706, 0.00022810343944, 0.000321063766023, 0.000220816960791, 0.000281083368463, 0.000235642990447, 0.000253812264418, 0.000256039347732, 0.000158516864758, 9.63357815635e-05, 0.000125833306811, 7.85890078987e-05, 5.2012175729e-05],
        "median": [1.23496624838e-06, 0.00122143747285, 0.000388168089557, 0.000222935632337, 0.000692405854352, 0.000409484404372, 0.000146473234054, 4.33333188994e-05, 0.000172517742612, 0.000115612543595, 8.41365472297e-05, 6.72378882882e-05, 0.000127710780362, 0.000105261424324, 0.000123517689644, 0.000133343433845, 0.000218039160245, 0.000152236912982, 0.00022201599495, 0.00017706755898, 0.00016948702978, 0.000155476591317, 9.90369953797e-05, 5.89845330978e-05, 5.42585439689e-05, 3.65285923181e-05, 1.86740162462e-05],
        "min": [2.49506350522e-24, 1.19276210632e-23, 7.82338603257e-23, 3.35471998296e-23, 4.72234920168e-23, 1.44111154893e-22, 1.13021111633e-22, 1.25684679967e-23, 6.58711477634e-23, 3.17573280782e-23, 5.2817626551e-23, 1.14458037549e-22, 4.59972392941e-23, 1.32907575612e-22, 2.32303557421e-22, 1.96803870053e-22, 2.71215629873e-22, 2.36401797109e-22, 1.54724464269e-22, 2.29087074899e-22, 6.16959505923e-22, 6.95963382845e-22, 3.21867643913e-22, 8.48503434469e-22, 1.13313272896e-21, 1.81102996014e-21, 2.71604612768e-21],
        "var": [8.57442387314e-07, 0.00100616272539, 0.000118920077512, 0.000106757419417, 7.26013386156e-05, 2.66072984232e-05, 2.59732019003e-06, 1.57684368673e-07, 8.12510108972e-07, 7.09158541667e-07, 1.91362943269e-07, 1.23120400985e-07, 2.02673987815e-07, 2.9502569987e-07, 2.07199363444e-07, 9.86055894714e-08, 1.40180731023e-07, 6.00078067237e-08, 8.75557262248e-08, 6.71221371817e-08, 9.02275303361e-08, 1.05125906202e-07, 4.10406748586e-08, 1.39434295221e-08, 3.46665132156e-08, 1.43843337241e-08, 8.96848018073e-09]
    },
    "erbbands": {
        "dmean": [0.210852712393, 1.79462468624, 3.62282800674, 8.28903102875, 17.1742115021, 8.02577781677, 7.22946834564, 7.58995103836, 5.3401017189, 3.13750100136, 3.02636790276, 7.97047615051, 9.22790527344, 7.68992948532, 6.27852153778, 5.9131269455, 9.26089096069, 9.44927310944, 8.41663169861, 8.21798324585, 6.81791973114, 7.44375228882, 6.04410648346, 6.27816104889, 5.44989204407, 4.59173059464, 4.19906187057, 4.25804376602, 4.58185386658, 4.17979001999, 2.09488987923, 0.92409235239, 1.03017139435, 1.01819860935, 0.601242363453, 0.210262596607, 0.0914786309004, 0.0354654155672, 0.0048949723132, 0.000311914511258],
        "dmean2": [0.259586721659, 2.51714348793, 6.17351102829, 13.7297763824, 30.1930580139, 14.3634023666, 11.534866333, 11.6817789078, 8.35639572144, 4.90814352036, 4.84005308151, 12.7369174957, 15.5654945374, 12.9263496399, 10.5712919235, 10.0877161026, 15.802321434, 15.9696016312, 14.5602092743, 13.9794692993, 11.3000535965, 12.6253118515, 10.3994598389, 10.9042768478, 9.23508262634, 7.73714542389, 6.87088441849, 6.36199092865, 6.97126102448, 6.76897621155, 3.46317434311, 1.47835147381, 1.71866381168, 1.65830779076, 0.94513130188, 0.323906183243, 0.15137425065, 0.0578886345029, 0.007480813656, 0.000464061333332],
        "dvar": [0.304960876703, 23.5314540863, 136.753631592, 432.405181885, 2827.72851562, 461.359039307, 362.183685303, 225.447998047, 152.065093994, 54.6953201294, 41.1639175415, 245.663085938, 415.103820801, 457.331329346, 145.890716553, 148.697021484, 299.654602051, 475.456970215, 359.644958496, 158.93901062, 136.596405029, 109.591072083, 72.3526687622, 84.4778671265, 72.9935073853, 47.1619224548, 44.6650466919, 49.7747001648, 56.3810005188, 37.5712165833, 15.8359832764, 2.90958857536, 3.27052211761, 3.19642281532, 1.05274760723, 0.118247397244, 0.0300902314484, 0.00506358128041, 9.17154320632e-05, 4.73762128195e-07],
        "dvar2": [0.450421720743, 48.1415519714, 378.740631104, 1067.43859863, 7757.03369141, 1306.27941895, 959.635192871, 525.253723145, 301.622375488, 122.916999817, 103.574401855, 582.166259766, 1197.56408691, 1253.65112305, 397.910827637, 412.406097412, 864.967956543, 1333.39953613, 1054.62939453, 451.474853516, 332.878356934, 300.81628418, 207.914352417, 243.56048584, 200.944244385, 122.950881958, 109.742500305, 95.985824585, 126.665542603, 89.058303833, 41.6954879761, 7.59695148468, 9.03778934479, 8.30448722839, 2.4943959713, 0.280196517706, 0.0833966061473, 0.0135422023013, 0.000195305008674, 1.05207141132e-06],
        "max": [6.73676538467, 58.3817253113, 132.485168457, 221.26322937, 604.653381348, 333.722808838, 330.87512207, 279.592803955, 274.751098633, 142.681228638, 116.705619812, 341.27456665, 363.814727783, 446.528747559, 233.529495239, 456.344696045, 295.830108643, 322.237091064, 456.774108887, 190.583053589, 519.75201416, 262.711883545, 160.599884033, 248.723251343, 175.459976196, 196.522506714, 189.326080322, 190.231811523, 225.951477051, 116.584663391, 126.253936768, 60.238658905, 19.7808074951, 13.6933240891, 9.50799369812, 3.10970067978, 1.99856328964, 0.878614187241, 0.155061781406, 0.0149440374225],
        "mean": [0.426472872496, 3.08273172379, 4.87160253525, 8.57804489136, 13.3808879852, 8.68135547638, 13.8400754929, 26.4600772858, 17.6282234192, 5.43620967865, 5.00951004028, 12.8425064087, 13.091594696, 11.6496477127, 10.7036361694, 9.56892108917, 14.4730386734, 15.1347665787, 13.6916780472, 14.6168117523, 13.6848335266, 15.6522712708, 12.9516897202, 14.0038194656, 13.2135267258, 11.7121448517, 10.7945413589, 9.86097717285, 9.06719017029, 7.16680049896, 3.97265625, 2.08942651749, 1.65211820602, 1.40498447418, 0.875664293766, 0.349775582552, 0.136374592781, 0.051005449146, 0.00835614465177, 0.00056242546998],
        "median": [0.0106448465958, 0.484654814005, 1.00955820084, 0.989477396011, 1.49450159073, 2.34340786934, 3.22467708588, 3.48803019524, 3.45012807846, 1.61191344261, 2.04417920113, 4.44587850571, 4.59161090851, 4.46205425262, 4.80387830734, 4.88103818893, 7.10568141937, 5.75435733795, 5.48261404037, 8.98519611359, 8.66264533997, 10.9206733704, 9.95513916016, 10.8897657394, 10.4871463776, 8.75123310089, 7.60796117783, 6.26760053635, 5.37254619598, 4.43652248383, 2.40039467812, 1.36703002453, 0.908055126667, 0.63521695137, 0.362653970718, 0.169612154365, 0.0625657960773, 0.019463211298, 0.00297381100245, 0.000226834890782],
        "min": [5.1045803306e-22, 3.03028307588e-21, 5.7811239421e-20, 1.53654705368e-19, 4.20136116043e-20, 1.33310469621e-19, 6.02677538753e-19, 1.34361459458e-18, 2.21405272067e-18, 6.14515217101e-19, 4.72375809363e-19, 1.51309180458e-18, 1.44297945887e-18, 1.58624662398e-18, 2.62826175804e-18, 3.88217988553e-18, 3.14188653131e-18, 5.61746749868e-18, 8.29325574599e-18, 1.23881777997e-17, 1.06944038999e-17, 1.69340812049e-17, 1.55695640664e-17, 8.26425396654e-18, 9.63428426379e-18, 1.15363976629e-17, 2.40617790836e-17, 1.77366383049e-17, 2.36755452945e-17, 2.02597558945e-17, 8.91883672684e-18, 1.61284436842e-17, 1.33883814353e-17, 1.23619156424e-17, 9.08395355763e-18, 6.24917540632e-18, 3.24870470651e-18, 1.28988166577e-18, 3.44445244897e-19, 4.39951195305e-20],
        "var": [1.07942068577, 48.7338142395, 128.32711792, 433.879760742, 1907.62280273, 346.916412354, 780.204223633, 2195.29272461, 1532.68798828, 126.476753235, 76.5140457153, 493.238830566, 564.51348877, 660.164794922, 280.596374512, 222.952590942, 481.422576904, 815.468200684, 633.962524414, 322.963775635, 358.895385742, 310.181915283, 172.758041382, 235.224563599, 215.774551392, 163.193878174, 151.572189331, 156.625686646, 141.742797852, 76.4082183838, 27.2772274017, 6.49758434296, 4.8860874176, 4.29857444763, 1.6997988224, 0.250665426254, 0.0442772507668, 0.00760412728414, 0.000232054851949, 1.16438479836e-06]
    },
    "gfcc": {
        "mean": [-36.083026886, 55.5766677856, -96.1039886475, 32.8279571533, -43.8324241638, 2.2242398262, -34.2693367004, 2.11361265182, -24.5593032837, -0.803138017654, -16.7984352112, 3.22061252594, -10.3875360489],
        "cov": [[23111.5058594, -1923.25476074, 1688.29724121, 10.2307939529, -476.849273682, 1295.51989746, 704.703063965, 59.7169532776, -6.29810810089, 700.239135742, -190.206787109, 411.710601807, 36.4955863953], [-1923.25476074, 1229.51184082, 103.261245728, -101.416793823, 9.94408226013, -224.245956421, -157.478881836, -57.3610534668, -51.6409645081, -95.179977417, 91.5789108276, -38.6515960693, 51.1139602661], [1688.29724121, 103.261245728, 627.508361816, 113.197540283, 50.3586997986, 116.830291748, 9.23068809509, -22.1024284363, -28.4243888855, 63.365814209, 1.14051651955, 79.1242294312, 29.7630558014], [10.2307939529, -101.416793823, 113.197540283, 466.254669189, 277.173492432, 212.513397217, 196.79498291, 146.566970825, 129.920059204, 97.3635864258, 49.4462928772, 64.7644500732, 45.8380432129], [-476.849273682, 9.94408226013, 50.3586997986, 277.173492432, 406.382873535, 155.891860962, 155.265304565, 146.011459351, 130.028762817, 51.6974411011, 49.5720901489, 33.3046264648, 35.5997657776], [1295.51989746, -224.245956421, 116.830291748, 212.513397217, 155.891860962, 392.177154541, 211.54019165, 129.505096436, 118.195747375, 111.942436218, 16.2017822266, 46.8572463989, 34.9287757874], [704.703063965, -157.478881836, 9.23068809509, 196.79498291, 155.265304565, 211.54019165, 295.950469971, 131.031723022, 112.417488098, 109.032333374, 38.8778686523, 46.451210022, 29.3225822449], [59.7169532776, -57.3610534668, -22.1024284363, 146.566970825, 146.011459351, 129.505096436, 131.031723022, 220.075531006, 132.671081543, 74.3436203003, 61.2262039185, 44.0868339539, 27.4329433441], [-6.29810810089, -51.6409645081, -28.4243888855, 129.920059204, 130.028762817, 118.195747375, 112.417488098, 132.671081543, 194.30758667, 113.135215759, 57.6097068787, 53.9125289917, 34.6680488586], [700.239135742, -95.179977417, 63.365814209, 97.3635864258, 51.6974411011, 111.942436218, 109.032333374, 74.3436203003, 113.135215759, 193.983779907, 81.5579681396, 73.5778427124, 38.0997047424], [-190.206787109, 91.5789108276, 1.14051651955, 49.4462928772, 49.5720901489, 16.2017822266, 38.8778686523, 61.2262039185, 57.6097068787, 81.5579681396, 143.139419556, 80.13646698, 39.2974967957], [411.710601807, -38.6515960693, 79.1242294312, 64.7644500732, 33.3046264648, 46.8572463989, 46.451210022, 44.0868339539, 53.9125289917, 73.5778427124, 80.13646698, 141.932922363, 63.5723876953], [36.4955863953, 51.1139602661, 29.7630558014, 45.8380432129, 35.5997657776, 34.9287757874, 29.3225822449, 27.4329433441, 34.6680488586, 38.0997047424, 39.2974967957, 63.5723876953, 104.947425842]],
        "icov": [[0.000104165279481, 8.41727742227e-05, -0.000235752100707, 0.000182748262887, 0.000165249497513, -0.000240466484684, -0.000177004869329, -7.1194866905e-05, 0.000188470017747, -0.000277831422864, 0.00025414043921, -0.00021558937442, 7.58993483032e-05], [8.41727742227e-05, 0.00143458438106, -0.000877926766407, 0.000336083030561, -1.21630173453e-05, 0.000503178685904, -9.14482297958e-05, 0.000180219678441, -0.000567742972635, 0.000974143214989, -0.00192848243751, 0.00165618082974, -0.00125791144092], [-0.000235752100707, -0.000877926766407, 0.00313461339101, -0.000953663082328, -0.000762785959523, -0.000597774400376, 0.001271026209, 0.000303213251755, 0.00154281116556, -0.00128426181618, 0.00149051297922, -0.0020871006418, 0.000723177450709], [0.000182748262887, 0.000336083030561, -0.000953663082328, 0.00487710675225, -0.00187990628183, -0.000892226758879, -0.00135454011615, -0.000539479369763, 8.02457216196e-05, -0.000581869564485, 0.00042935681995, -0.000664709485136, -0.000206225071452], [0.000165249497513, -1.21630173453e-05, -0.000762785959523, -0.00187990628183, 0.00536606553942, -0.000514010491315, -0.00107814033981, -0.000858817540575, -0.00171819934621, 0.00147659750655, -0.000763139280025, 0.000779638707172, -0.000292561919196], [-0.000240466484684, 0.000503178685904, -0.000597774400376, -0.000892226758879, -0.000514010491315, 0.00606539985165, -0.00199135718867, -0.000651507929433, -0.00147968693636, 0.000338318932336, -0.000157472008141, 0.00158492091578, -0.00125499721617], [-0.000177004869329, -9.14482297958e-05, 0.001271026209, -0.00135454011615, -0.00107814033981, -0.00199135718867, 0.00768680078909, -0.00138176651672, 0.000531094730832, -0.00187859835569, 0.000351664202753, -0.000252381316386, 0.000106980267446], [-7.1194866905e-05, 0.000180219678441, 0.000303213251755, -0.000539479369763, -0.000858817540575, -0.000651507929433, -0.00138176651672, 0.00975747779012, -0.00492707034573, 0.0020393889863, -0.00301926000975, 0.000671119254548, 4.15245194745e-05], [0.000188470017747, -0.000567742972635, 0.00154281116556, 8.02457216196e-05, -0.00171819934621, -0.00147968693636, 0.000531094730832, -0.00492707034573, 0.0142942117527, -0.00723511585966, 0.0032642991282, -0.00310226832516, 0.000514824059792], [-0.000277831422864, 0.000974143214989, -0.00128426181618, -0.000581869564485, 0.00147659750655, 0.000338318932336, -0.00187859835569, 0.0020393889863, -0.00723511585966, 0.0139114800841, -0.00739357806742, 0.00193377328105, -0.00144437514246], [0.00025414043921, -0.00192848243751, 0.00149051297922, 0.00042935681995, -0.000763139280025, -0.000157472008141, 0.000351664202753, -0.00301926000975, 0.0032642991282, -0.00739357806742, 0.0174979120493, -0.00941869709641, 0.00200203852728], [-0.00021558937442, 0.00165618082974, -0.0020871006418, -0.000664709485136, 0.000779638707172, 0.00158492091578, -0.000252381316386, 0.000671119254548, -0.00310226832516, 0.00193377328105, -0.00941869709641, 0.0176491122693, -0.00758774857968], [7.58993483032e-05, -0.00125791144092, 0.000723177450709, -0.000206225071452, -0.000292561919196, -0.00125499721617, 0.000106980267446, 4.15245194745e-05, 0.000514824059792, -0.00144437514246, 0.00200203852728, -0.00758774857968, 0.0146769573912]]
    },
    "melbands": {
        "dmean": [0.00200834404677, 0.00179557141382, 0.00176752707921, 0.000916082062759, 0.000242114940193, 0.000177143869223, 7.77259992901e-05, 3.24265492964e-05, 3.01774107356e-05, 4.9814752856e-05, 4.66833989776e-05, 3.25982364302e-05, 2.31522353715e-05, 1.54308072524e-05, 1.92357711057e-05, 1.76371177076e-05, 1.86168035725e-05, 1.38158748086e-05, 1.18539437608e-05, 9.39835535974e-06, 9.60505349212e-06, 7.89463138062e-06, 9.93786034087e-06, 5.34935361429e-06, 5.67425013287e-06, 4.95605627293e-06, 3.52816073246e-06, 3.24247048411e-06, 2.91852506962e-06, 2.60273282038e-06, 2.82648966277e-06, 2.82438372778e-06, 2.54888277595e-06, 2.4669332106e-06, 1.35471464091e-06, 7.78232163157e-07, 5.44703141259e-07, 7.22224058336e-07, 8.25256961434e-07, 8.94113611594e-07],
        "dmean2": [0.00272415042855, 0.00287506775931, 0.00295349163935, 0.00166280008852, 0.000393896101741, 0.000273063109489, 0.000120809047075, 5.10599165864e-05, 4.78547881357e-05, 8.05191812105e-05, 7.88454854046e-05, 5.46815281268e-05, 3.85711136914e-05, 2.63131896645e-05, 3.27480047417e-05, 3.02169919451e-05, 3.14550852636e-05, 2.3929605959e-05, 2.02918563446e-05, 1.57928188855e-05, 1.60232302733e-05, 1.33399871629e-05, 1.70892581082e-05, 9.1319107014e-06, 9.84559210337e-06, 8.46105740493e-06, 6.00523253524e-06, 5.50042523173e-06, 4.89284684591e-06, 4.18851459472e-06, 4.3004733925e-06, 4.31501939602e-06, 4.12502367908e-06, 4.02879413741e-06, 2.27482200899e-06, 1.28111730646e-06, 8.86547070422e-07, 1.22295750771e-06, 1.36615199153e-06, 1.46071931795e-06],
        "dvar": [2.81736993202e-05, 2.43291433435e-05, 2.18297827814e-05, 7.74799991632e-06, 3.56170630766e-07, 1.22471902841e-07, 3.00143589982e-08, 5.84036463636e-09, 3.34812289005e-09, 9.23634235761e-09, 1.05489457169e-08, 8.87351525591e-09, 2.2049750914e-09, 9.70215907614e-10, 1.10838338507e-09, 1.05407982343e-09, 1.9432109255e-09, 8.826443465e-10, 4.19159873477e-10, 2.17485779386e-10, 2.64020888485e-10, 1.35957398117e-10, 2.19326556916e-10, 6.41184813577e-11, 7.56262066859e-11, 5.82883116773e-11, 2.76588092707e-11, 2.43488632035e-11, 2.18692512016e-11, 1.71487598427e-11, 2.15995971109e-11, 2.31146716351e-11, 1.54150945481e-11, 1.34316724409e-11, 6.10210449878e-12, 2.77911461205e-12, 8.72063977021e-13, 1.64698127098e-12, 1.98022631279e-12, 2.6085212549e-12],
        "dvar2": [5.17675143783e-05, 5.78232757107e-05, 5.51057746634e-05, 2.14923802559e-05, 9.64917035162e-07, 2.93034275956e-07, 5.98678155939e-08, 1.35208182428e-08, 8.1585422862e-09, 2.24319745001e-08, 3.03889002851e-08, 2.42428246366e-08, 5.91053606058e-09, 2.63559418734e-09, 3.18466031324e-09, 3.07391578858e-09, 5.43871170322e-09, 2.58706744916e-09, 1.19140253219e-09, 5.92269677746e-10, 6.6174371538e-10, 3.69316605076e-10, 6.19686135739e-10, 1.77669656765e-10, 2.17267120961e-10, 1.64069716146e-10, 7.35012051223e-11, 6.4122644694e-11, 5.66922377099e-11, 3.86373745498e-11, 4.39286662601e-11, 5.24198670582e-11, 3.81358347679e-11, 3.269660237e-11, 1.61337783411e-11, 7.5896667423e-12, 2.26583443848e-12, 4.59369911901e-12, 5.3571257673e-12, 6.73653667571e-12],
        "max": [0.0600823387504, 0.0617943033576, 0.0483647361398, 0.0310293082148, 0.00963797979057, 0.00604704720899, 0.00368324737065, 0.00129603035748, 0.00102412747219, 0.00185057183262, 0.00178959581535, 0.00197317823768, 0.000951385998633, 0.000977492076345, 0.000724130892195, 0.000490727077704, 0.000688745465595, 0.000688284577336, 0.000319486454828, 0.000451855565188, 0.000530479825102, 0.000402251462219, 0.000221513182623, 0.000142315460835, 0.00025284991716, 0.000150639942149, 0.000123446472571, 0.000141433687531, 0.000110036606202, 0.0001240142592, 0.000114339658467, 0.000150063351612, 7.36525835237e-05, 6.78383294144e-05, 7.28044324205e-05, 6.18811391178e-05, 2.67387786153e-05, 1.54474601004e-05, 1.57869581017e-05, 1.25028909679e-05],
        "mean": [0.00394766312093, 0.00313980435021, 0.00170728878584, 0.000805452640634, 0.000449631799711, 0.000607303983998, 0.000245872943196, 4.98666959174e-05, 4.96175089211e-05, 7.83930081525e-05, 6.40839207335e-05, 4.70308805234e-05, 3.80571873393e-05, 2.37477233895e-05, 2.97255228361e-05, 2.70183445537e-05, 2.85186688416e-05, 2.12348350033e-05, 1.94543918042e-05, 1.67176021932e-05, 1.69058912434e-05, 1.53962337208e-05, 1.69087397808e-05, 1.01115392681e-05, 1.13635005619e-05, 1.04657365227e-05, 8.21480716695e-06, 7.45583247408e-06, 6.72545729685e-06, 5.89464070799e-06, 5.88872080698e-06, 5.354597306e-06, 4.48605123893e-06, 3.81750123779e-06, 2.42102555603e-06, 1.56316298217e-06, 1.14113095151e-06, 1.12934390017e-06, 1.17681804568e-06, 1.19359867767e-06],
        "median": [0.000198512803763, 0.00100326084066, 0.000189898375538, 0.000149338447955, 0.000117149756989, 7.62588024372e-05, 3.90540517401e-05, 1.18415728139e-05, 1.69114282471e-05, 2.70312575594e-05, 1.83830652531e-05, 1.46469838e-05, 1.33738440127e-05, 8.11086556496e-06, 1.460527983e-05, 1.30729149532e-05, 8.60302770889e-06, 6.98398343957e-06, 9.74992053671e-06, 8.82042149897e-06, 8.63192781253e-06, 9.72333509708e-06, 9.88069950836e-06, 6.75943238093e-06, 8.07110882306e-06, 7.91649017629e-06, 6.11765608483e-06, 5.20394587511e-06, 4.67402742288e-06, 3.84683380616e-06, 3.5735054098e-06, 3.07657069243e-06, 2.65866628979e-06, 2.27578016165e-06, 1.40513816405e-06, 9.74338263404e-07, 7.34983018447e-07, 6.18757610482e-07, 5.7017649624e-07, 5.04829301917e-07],
        "min": [3.58979832391e-24, 2.23999736165e-23, 2.19682978851e-23, 3.74694730484e-24, 1.87125016907e-23, 3.20179330114e-23, 3.02729947772e-23, 4.57441190732e-24, 4.35429959881e-24, 1.03074790464e-23, 6.90081320391e-24, 5.76196903049e-24, 7.56807751148e-24, 8.85819010221e-24, 1.21435307152e-23, 5.37178146626e-24, 1.05661528481e-23, 1.03718153864e-23, 2.3168444045e-23, 1.08699431827e-23, 1.26480340853e-23, 1.70627900118e-23, 1.68848419242e-23, 9.98998462015e-24, 6.27032874719e-24, 5.57441143382e-24, 9.25211962814e-24, 6.20084153992e-24, 1.36917948817e-23, 1.61143046801e-23, 8.46189951558e-24, 1.1565537852e-23, 1.65465152592e-23, 9.16467360794e-24, 4.54147775338e-24, 6.35419373331e-24, 1.10403402937e-23, 9.01372428486e-24, 9.55997417413e-24, 1.10457787008e-23],
        "var": [8.24873422971e-05, 4.04580969189e-05, 1.94383155758e-05, 5.18528122484e-06, 6.80659866248e-07, 1.09723180231e-06, 2.94906243425e-07, 1.20503376166e-08, 6.93050594691e-09, 1.72599445847e-08, 1.44422704906e-08, 1.26892834018e-08, 4.17801970798e-09, 1.71881853195e-09, 1.83914006247e-09, 1.59005009159e-09, 3.45807094071e-09, 1.58726376487e-09, 7.59761087377e-10, 5.03095065607e-10, 6.35408781147e-10, 3.69555080981e-10, 4.32166219477e-10, 1.53950560633e-10, 1.86962265114e-10, 1.48619144769e-10, 8.25687782036e-11, 7.39599978483e-11, 6.32258412292e-11, 5.26119495192e-11, 5.91860102594e-11, 5.32168233092e-11, 3.19844671581e-11, 2.30717996791e-11, 1.05790853508e-11, 4.37477745002e-12, 1.96895061019e-12, 2.35646766857e-12, 2.70784089595e-12, 3.37981270575e-12]
    },
    "mfcc": {
        "mean": [-688.806884766, 94.7658309937, 6.86750555038, 31.649263382, 9.87324714661, 5.78981113434, -0.0779362097383, 2.50826025009, -1.2631059885, -5.29476833344, -3.00641036034, -3.25001478195, -1.88012242317],
        "cov": [[20469.9082031, -787.552856445, 748.446533203, 68.9775543213, -717.026855469, 1199.81066895, 455.565948486, 250.96862793, 335.162353516, 417.733215332, 383.589263916, -201.274856567, 131.531341553], [-787.552856445, 1065.28515625, 185.561904907, -56.5420761108, 2.91271829605, -183.404998779, -103.571357727, -142.690338135, -157.00718689, -123.723678589, -118.326675415, -41.667514801, -25.6185855865], [748.446533203, 185.561904907, 394.248474121, 99.4355239868, 38.1094512939, 94.7298965454, 23.5918827057, -11.9807577133, -18.4908847809, -37.7826118469, -6.98449468613, -25.0745658875, 22.0178585052], [68.9775543213, -56.5420761108, 99.4355239868, 281.878692627, 155.108291626, 97.539680481, 101.018638611, 87.0148086548, 78.2609634399, 53.4798355103, 66.9801254272, 50.1178817749, 61.826915741], [-717.026855469, 2.91271829605, 38.1094512939, 155.108291626, 286.456939697, 77.2916412354, 58.5273742676, 99.5978775024, 76.4074172974, 46.290763855, 48.1995925903, 44.8525886536, 39.6228256226], [1199.81066895, -183.404998779, 94.7298965454, 97.539680481, 77.2916412354, 305.968688965, 144.74609375, 104.422607422, 126.516395569, 107.355529785, 89.5558700562, 22.1039505005, 53.2790985107], [455.565948486, -103.571357727, 23.5918827057, 101.018638611, 58.5273742676, 144.74609375, 195.094741821, 111.609939575, 82.2559814453, 88.5725708008, 63.2614212036, 24.1859607697, 41.2808761597], [250.96862793, -142.690338135, -11.9807577133, 87.0148086548, 99.5978775024, 104.422607422, 111.609939575, 201.670684814, 119.237335205, 86.5862121582, 82.8634490967, 36.2967300415, 30.0494594574], [335.162353516, -157.00718689, -18.4908847809, 78.2609634399, 76.4074172974, 126.516395569, 82.2559814453, 119.237335205, 190.322875977, 118.540550232, 73.5214614868, 49.2546577454, 41.1929206848], [417.733215332, -123.723678589, -37.7826118469, 53.4798355103, 46.290763855, 107.355529785, 88.5725708008, 86.5862121582, 118.540550232, 192.592681885, 97.8081054688, 33.0966262817, 49.6076164246], [383.589263916, -118.326675415, -6.98449468613, 66.9801254272, 48.1995925903, 89.5558700562, 63.2614212036, 82.8634490967, 73.5214614868, 97.8081054688, 160.384063721, 63.9407196045, 42.5299377441], [-201.274856567, -41.667514801, -25.0745658875, 50.1178817749, 44.8525886536, 22.1039505005, 24.1859607697, 36.2967300415, 49.2546577454, 33.0966262817, 63.9407196045, 133.00088501, 67.7827911377], [131.531341553, -25.6185855865, 22.0178585052, 61.826915741, 39.6228256226, 53.2790985107, 41.2808761597, 30.0494594574, 41.1929206848, 49.6076164246, 42.5299377441, 67.7827911377, 120.319137573]],
