{
"lowlevel": {
    "average_loudness": 0.70644646883,
    "barkbands_crest": {
        "dmean": 3.32676720619,
        "dmean2": 5.33343029022,
        "dvar": 12.2427968979,
        "dvar2": 29.3109550476,
        "max": 26.6979618073,
        "mean": 13.4731369019,
        "median": 12.3407297134,
        "min": 3.36937975883,
        "var": 28.3078842163
    },
    "barkbands_flatness_db": {
        "dmean": 0.0314076915383,
        "dmean2": 0.0453122295439,
        "dvar": 0.00121935363859,
        "dvar2": 0.00232120743021,
        "max": 0.763107061386,
        "mean": 0.221704810858,
        "median": 0.204838693142,
        "min": 0.042726341635,
        "var": 0.00872555095702
    },
    "barkbands_kurtosis": {
        "dmean": 11.6134519577,
        "dmean2": 19.0220413208,
        "dvar": 3118.79541016,
        "dvar2": 8509.32910156,
        "max": 2475.74755859,
        "mean": 13.9609212875,
        "median": 6.10607147217,
        "min": -1.97971785069,
        "var": 2210.72314453
    },
    "barkbands_skewness": {
        "dmean": 0.993398308754,
        "dmean2": 1.49391520023,
        "dvar": 2.46746134758,
        "dvar2": 5.49380207062,
        "max": 39.243019104,
        "mean": 2.19865250587,
        "median": 1.99693346024,
        "min": -10.6039686203,
        "var": 4.73317432404
    },
    "barkbands_spread": {
        "dmean": 5.92923355103,
        "dmean2": 9.09143161774,
        "dvar": 116.283958435,
        "dvar2": 241.995574951,
        "max": 121.512496948,
        "mean": 14.6030073166,
        "median": 10.2579231262,
        "min": 0.029769545421,
        "var": 248.083267212
    },
    "dissonance": {
        "dmean": 0.0295133087784,
        "dmean2": 0.048354241997,
        "dvar": 0.00103799370117,
        "dvar2": 0.00271099340171,
        "max": 0.500000059605,
        "mean": 0.435160815716,
        "median": 0.446533679962,
        "min": 0.130768090487,
        "var": 0.00267118006013
    },
    "dynamic_complexity": 4.63204908371,
    "erbbands_crest": {
        "dmean": 2.96214532852,
        "dmean2": 4.66679382324,
        "dvar": 8.48256969452,
        "dvar2": 19.7363090515,
        "max": 30.6724872589,
        "mean": 10.9769153595,
        "median": 10.1203346252,
        "min": 2.35782980919,
        "var": 24.2571258545
    },
    "erbbands_flatness_db": {
        "dmean": 0.0238193422556,
        "dmean2": 0.0343566760421,
        "dvar": 0.000653638620861,
        "dvar2": 0.0013794968836,
        "max": 0.534373879433,
        "mean": 0.19424957037,
        "median": 0.187655866146,
        "min": 0.0328285060823,
        "var": 0.00382425682619
    },
    "erbbands_kurtosis": {
        "dmean": 2.66455721855,
        "dmean2": 4.21704387665,
        "dvar": 33.3146972656,
        "dvar2": 76.8243408203,
        "max": 144.72644043,
        "mean": 2.7480802536,
        "median": 0.950690031052,
        "min": -1.86471223831,
        "var": 46.9332847595
    },
    "erbbands_skewness": {
        "dmean": 0.590319395065,
        "dmean2": 0.864684522152,
        "dvar": 0.514470040798,
        "dvar2": 1.05851531029,
        "max": 9.23516654968,
        "mean": 0.743425130844,
        "median": 0.786356329918,
        "min": -9.49458885193,
        "var": 1.5247348547
    },
    "erbbands_spread": {
        "dmean": 11.2396936417,
        "dmean2": 17.340555191,
        "dvar": 230.036972046,
        "dvar2": 540.154785156,
        "max": 198.310089111,
        "mean": 35.0166778564,
        "median": 30.8729972839,
        "min": 0.813460528851,
        "var": 496.839691162
    },
    "hfc": {
        "dmean": 6.67875528336,
        "dmean2": 9.49038696289,
        "dvar": 180.389068604,
        "dvar2": 326.292694092,
        "max": 251.904693604,
        "mean": 14.0814437866,
        "median": 6.93002986908,
        "min": 1.22507672181e-16,
        "var": 436.584686279
    },
    "melbands_crest": {
        "dmean": 3.5316028595,
        "dmean2": 5.49916362762,
        "dvar": 11.3333311081,
        "dvar2": 26.8563404083,
        "max": 34.6490592957,
        "mean": 16.6467437744,
        "median": 16.1489524841,
        "min": 1.60504889488,
        "var": 36.7327537537
    },
    "melbands_flatness_db": {
        "dmean": 0.036990493536,
        "dmean2": 0.0515423119068,
        "dvar": 0.00177717604674,
        "dvar2": 0.00308829499409,
        "max": 0.928440153599,
        "mean": 0.291246324778,
        "median": 0.274748623371,
        "min": 0.00125942984596,
        "var": 0.0141895050183
    },
    "melbands_kurtosis": {
        "dmean": 17.3012599945,
        "dmean2": 27.618724823,
        "dvar": 1780.13537598,
        "dvar2": 4208.01611328,
        "max": 1402.1550293,
        "mean": 25.3090190887,
        "median": 13.2990102768,
        "min": -1.96109163761,
        "var": 2212.13916016
    },
    "melbands_skewness": {
        "dmean": 1.16283750534,
        "dmean2": 1.74798321724,
        "dvar": 2.29461121559,
        "dvar2": 5.06520414352,
        "max": 24.3612728119,
        "mean": 3.14902925491,
        "median": 2.76004314423,
        "min": -3.78700256348,
        "var": 5.183989048
    },
    "melbands_spread": {
        "dmean": 7.6834859848,
        "dmean2": 11.4408254623,
        "dvar": 371.12109375,
        "dvar2": 682.282287598,
        "max": 318.186920166,
        "mean": 18.331823349,
        "median": 9.63542938232,
        "min": 0.216579437256,
        "var": 1006.54614258
    },
    "pitch_salience": {
        "dmean": 0.0892367735505,
        "dmean2": 0.144216403365,
        "dvar": 0.0112655581906,
        "dvar2": 0.0285241641104,
        "max": 0.980661451817,
        "mean": 0.477016538382,
        "median": 0.486461341381,
        "min": 0.0376468598843,
        "var": 0.0216804277152
    },
    "silence_rate_20dB": {
        "dmean": 0.000386884610634,
        "dmean2": 0.000773844076321,
        "dvar": 0.000386767293094,
        "dvar2": 0.0011602967279,
        "max": 1,
        "mean": 0.999806582928,
        "median": 1,
        "min": 0,
        "var": 0.0001933745516
    },
    "silence_rate_30dB": {
        "dmean": 0.0694457888603,
        "dmean2": 0.138905003667,
        "dvar": 0.0646220296621,
        "dvar2": 0.122697606683,
        "max": 1,
        "mean": 0.919342339039,
        "median": 1,
        "min": 0,
        "var": 0.0741607695818
    },
    "silence_rate_60dB": {
        "dmean": 0.0365605950356,
        "dmean2": 0.0731282681227,
        "dvar": 0.0352288074791,
        "dvar2": 0.07688331604,
        "max": 1,
        "mean": 0.14110250771,
        "median": 0,
        "min": 0,
        "var": 0.121182151139
    },
    "spectral_centroid": {
        "dmean": 270.240020752,
        "dmean2": 385.311737061,
        "dvar": 229282.828125,
        "dvar2": 393552.78125,
        "max": 11028.6259766,
        "mean": 977.059936523,
        "median": 711.827758789,
        "min": 72.1084442139,
        "var": 826387.0625
    },
    "spectral_complexity": {
        "dmean": 3.06064414978,
        "dmean2": 4.22944498062,
        "dvar": 23.626909256,
        "dvar2": 32.6639595032,
        "max": 58,
        "mean": 10.9244680405,
        "median": 9,
        "min": 0,
        "var": 89.3669433594
    },
    "spectral_decrease": {
        "dmean": 5.28043830883e-09,
        "dmean2": 7.7034743029e-09,
        "dvar": 1.43116076432e-16,
        "dvar2": 2.84249460492e-16,
        "max": 1.38036906229e-17,
        "mean": -9.0276568443e-09,
        "median": -4.53392834388e-09,
        "min": -1.14663421868e-07,
        "var": 1.93864917266e-16
    },
    "spectral_energy": {
        "dmean": 0.0203364547342,
        "dmean2": 0.02961842902,
        "dvar": 0.00207912083715,
        "dvar2": 0.0041096820496,
        "max": 0.436597526073,
        "mean": 0.0353497229517,
        "median": 0.0182151868939,
        "min": 1.07823509834e-20,
        "var": 0.0028581735678
    },
    "spectral_energyband_high": {
        "dmean": 0.000381404679501,
        "dmean2": 0.000540584616829,
        "dvar": 1.92116613107e-06,
        "dvar2": 3.36177458848e-06,
        "max": 0.0304627325386,
        "mean": 0.00056897487957,
        "median": 7.3029390478e-05,
        "min": 7.98590213279e-21,
        "var": 4.1905082071e-06
    },
    "spectral_energyband_low": {
        "dmean": 0.0169925037771,
        "dmean2": 0.0258792228997,
        "dvar": 0.00203055120073,
        "dvar2": 0.00440974300727,
        "max": 0.41143772006,
        "mean": 0.0190193168819,
        "median": 0.00426374096423,
        "min": 8.30279321298e-23,
        "var": 0.00211148220114
    },
    "spectral_energyband_middle_high": {
        "dmean": 0.00139271607623,
        "dmean2": 0.00199634046294,
        "dvar": 8.3221038949e-06,
        "dvar2": 1.66239369719e-05,
        "max": 0.0546017102897,
        "mean": 0.00236188271083,
        "median": 0.000825058203191,
        "min": 1.27897167856e-21,
        "var": 1.70356888702e-05
    },
    "spectral_energyband_middle_low": {
        "dmean": 0.00653868261725,
        "dmean2": 0.0111628193408,
        "dvar": 0.000205506730708,
        "dvar2": 0.00057829945581,
        "max": 0.185129955411,
        "mean": 0.0141751021147,
        "median": 0.00762277655303,
        "min": 3.46612683275e-22,
        "var": 0.000294249679428
    },
    "spectral_entropy": {
        "dmean": 0.257091850042,
        "dmean2": 0.36089143157,
        "dvar": 0.0907903760672,
        "dvar2": 0.163131341338,
        "max": 9.79732513428,
        "mean": 7.04653024673,
        "median": 7.10486793518,
        "min": 3.62188816071,
        "var": 0.625722765923
    },
    "spectral_flux": {
        "dmean": 0.0430156961083,
        "dmean2": 0.0634284242988,
        "dvar": 0.00411061570048,
        "dvar2": 0.00723600015044,
        "max": 0.598215043545,
        "mean": 0.0914014354348,
        "median": 0.0591294765472,
        "min": 1.03838097842e-10,
        "var": 0.00975771714002
    },
    "spectral_kurtosis": {
        "dmean": 5.08357524872,
        "dmean2": 8.29063415527,
        "dvar": 302.858306885,
        "dvar2": 768.273376465,
        "max": 725.556030273,
        "mean": 10.8432302475,
        "median": 4.71478843689,
        "min": -1.57218003273,
        "var": 735.546081543
    },
    "spectral_rms": {
        "dmean": 0.00126297445968,
        "dmean2": 0.00174708245322,
        "dvar": 4.52192170997e-06,
        "dvar2": 7.49703986003e-06,
        "max": 0.0206385273486,
        "mean": 0.00481818988919,
        "median": 0.00421555619687,
        "min": 3.24335740556e-12,
        "var": 1.12725101644e-05
    },
    "spectral_rolloff": {
        "dmean": 427.995849609,
        "dmean2": 727.528991699,
        "dvar": 1415393.875,
        "dvar2": 2765358.75,
        "max": 19466.015625,
        "mean": 1348.40979004,
        "median": 473.73046875,
        "min": 64.599609375,
        "var": 9780323
    },
    "spectral_skewness": {
        "dmean": 0.450211137533,
        "dmean2": 0.68883228302,
        "dvar": 0.52868771553,
        "dvar2": 1.20530235767,
        "max": 22.7443084717,
        "mean": 2.08550000191,
        "median": 1.72518491745,
        "min": -1.18855082989,
        "var": 2.62845230103
    },
    "spectral_spread": {
        "dmean": 679036.9375,
        "dmean2": 1009436.375,
        "dvar": 976998301696,
        "dvar2": 1.7917018112e+12,
        "max": 40530432,
        "mean": 4317194,
        "median": 3985555.75,
        "min": 115834.6875,
        "var": 4.16175934669e+12
    },
    "spectral_strongpeak": {
        "dmean": 0.35215768218,
        "dmean2": 0.596160590649,
        "dvar": 0.373052000999,
        "dvar2": 0.95832669735,
        "max": 10.264248848,
        "mean": 0.695630133152,
        "median": 0.47534686327,
        "min": 0,
        "var": 0.558211505413
    },
    "zerocrossingrate": {
        "dmean": 0.0115262046456,
        "dmean2": 0.0130655141547,
        "dvar": 0.000452664098702,
        "dvar2": 0.000450922874734,
        "max": 0.56201171875,
        "mean": 0.0496471524239,
        "median": 0.02783203125,
        "min": 0.00244140625,
        "var": 0.00754007743672
    },
    "barkbands": {
        "dmean": [0.000420745724114, 0.0145572312176, 0.00410373648629, 0.00235958304256, 0.00324391317554, 0.00115760671906, 0.000914159405511, 0.000377820455469, 0.000566100876313, 0.000225134775974, 0.000180722476216, 0.000411774934037, 0.000162445445312, 9.9017204775e-05, 0.000193165498786, 0.000109311877168, 0.000139183393912, 0.000151908927364, 0.000155594185344, 8.21499852464e-05, 5.06464639329e-05, 3.34496508003e-05, 0.000106477091322, 0.000153786269948, 4.25675061706e-05, 4.60918272438e-06, 4.66481736794e-07],
        "dmean2": [0.00064599752659, 0.0233611483127, 0.00761622423306, 0.00425102747977, 0.00536433979869, 0.00190163706429, 0.00140607170761, 0.000583598855883, 0.000832758436445, 0.000346354267094, 0.000283177330857, 0.000664849998429, 0.000261524808593, 0.000159869523486, 0.000281249347609, 0.000173793712747, 0.000197487606783, 0.000211937149288, 0.000228960896493, 0.000123676276417, 7.35942594474e-05, 4.81527349621e-05, 0.000164259137819, 0.000217469219933, 6.02357176831e-05, 5.80043706577e-06, 6.63521461775e-07],
        "dvar": [1.0190234434e-06, 0.00174467556644, 0.000184052478289, 5.26303956576e-05, 4.21241238655e-05, 7.31673662813e-06, 4.58795148006e-06, 1.25440624288e-06, 1.76547200681e-06, 5.40065684618e-07, 3.11789364105e-07, 1.43337547343e-06, 3.34338608354e-07, 8.15553491407e-08, 2.83381183408e-07, 7.25894366838e-08, 1.35317094418e-07, 1.52305702272e-07, 2.89119782337e-07, 1.11898906141e-07, 3.10165866324e-08, 1.27681891726e-08, 2.04660054237e-07, 5.49299784325e-07, 5.01522912089e-08, 2.01252667309e-10, 2.952185588e-12],
        "dvar2": [2.14051078729e-06, 0.00414648186415, 0.000519765599165, 0.000150347827002, 0.000110957866127, 1.77953806997e-05, 9.98644281935e-06, 2.54017368206e-06, 3.98651764044e-06, 1.12031864319e-06, 7.65645154388e-07, 3.49702850144e-06, 7.83766779477e-07, 1.9633326076e-07, 6.34956393242e-07, 1.72974623069e-07, 2.51913604643e-07, 3.27369917841e-07, 5.98187739342e-07, 2.45738306148e-07, 6.49289759735e-08, 2.74082836427e-08, 4.40034966687e-07, 9.55631662691e-07, 1.04181950178e-07, 3.58018503732e-10, 6.03474908933e-12],
        "max": [0.0189482327551, 0.382139801979, 0.126749843359, 0.103056974709, 0.0942545831203, 0.0435978248715, 0.0428881794214, 0.0321374721825, 0.0301187690347, 0.0243702419102, 0.0115839848295, 0.0355132482946, 0.0275430679321, 0.00669448776171, 0.010092725046, 0.00562722422183, 0.00750616379082, 0.00693633360788, 0.0159459803253, 0.010929309763, 0.00586009304971, 0.00241962401196, 0.0124173471704, 0.0191860236228, 0.00841962266713, 0.000203492003493, 3.34999203915e-05],
        "mean": [0.000848303898238, 0.0147256758064, 0.0027032548096, 0.00237628445029, 0.00660922937095, 0.00177083315793, 0.00165844557341, 0.000607302295975, 0.00108485016972, 0.000324839376844, 0.000235099345446, 0.000464885786641, 0.000192322564544, 0.000116790150059, 0.000257352221524, 0.000149269370013, 0.000182145653525, 0.000201376038603, 0.000206482160138, 0.000110863431473, 6.61586891511e-05, 4.77105277241e-05, 0.000142695309478, 0.000209273130167, 5.2624152886e-05, 5.1096117204e-06, 4.92766332627e-07],
        "median": [7.30651736376e-05, 0.00324058718979, 0.000232539372519, 0.000268846692052, 0.00222659949213, 0.000354580086423, 0.000271529599559, 9.18334844755e-05, 0.000366795924492, 4.99495508848e-05, 5.0523718528e-05, 7.25571153453e-05, 2.25524272537e-05, 1.92460629478e-05, 2.77630606433e-05, 2.31973353948e-05, 1.83923511941e-05, 2.81929314951e-05, 1.65814581123e-05, 1.94554995687e-05, 1.2318933841e-05, 8.63142668095e-06, 1.60817271535e-05, 8.63732748257e-06, 2.30853356697e-06, 2.21136872369e-07, 9.15214215524e-09],
        "min": [2.96739436665e-24, 4.07802276043e-23, 2.88387131229e-23, 2.7243134657e-23, 2.94068602131e-23, 8.11203907303e-23, 5.40707794306e-23, 6.28213357732e-23, 7.85496508124e-23, 6.27815014529e-23, 4.01618521624e-23, 5.78843413057e-23, 6.28875180477e-23, 5.14195567677e-23, 1.46803682313e-22, 1.41839285973e-22, 2.21449992569e-22, 2.03085462156e-22, 1.77324306839e-22, 4.43194223944e-22, 6.94937081118e-22, 3.84041040893e-22, 5.22827523515e-22, 9.18962016655e-22, 1.28629967888e-21, 1.38175927001e-21, 2.75488504433e-21],
        "var": [3.74322644348e-06, 0.00153012585361, 0.000108964450192, 3.8680700527e-05, 9.82119308901e-05, 1.28739702632e-05, 1.21257171486e-05, 2.69374800155e-06, 4.09931408285e-06, 1.44907812683e-06, 3.82680298117e-07, 1.68482017671e-06, 4.00742692364e-07, 1.07300735408e-07, 4.95581161886e-07, 1.12089026061e-07, 2.24356853096e-07, 2.1954988938e-07, 4.51792288914e-07, 1.45246929151e-07, 4.2039772552e-08, 2.01763903362e-08, 3.69754957319e-07, 1.10614269033e-06, 7.54841380513e-08, 3.09896719397e-10, 3.77115613043e-12]
    },
    "erbbands": {
        "dmean": [0.342231780291, 3.57602238655, 5.46522045135, 6.0703163147, 10.9243545532, 11.2693815231, 6.03202295303, 12.1391019821, 13.7164134979, 10.8443555832, 8.05617809296, 10.6819896698, 11.2551050186, 7.68733739853, 8.27035045624, 15.240442276, 7.58775043488, 5.57751083374, 6.42779254913, 8.98910617828, 6.29108095169, 7.68221759796, 8.1790599823, 5.27441215515, 9.0939655304, 4.02479171753, 2.08792662621, 1.8722345829, 1.19575273991, 1.65325498581, 3.3165576458, 3.88187623024, 2.11792802811, 0.802712082863, 0.127666130662, 0.0289029721171, 0.00722284521908, 0.00131435063668, 6.99616139173e-05, 2.41767320404e-05],
        "dmean2": [0.549987077713, 5.81151628494, 9.57266044617, 11.0952682495, 18.52709198, 18.2549190521, 9.87779331207, 19.8208198547, 21.5691871643, 16.6363105774, 12.0306348801, 15.6626853943, 16.8414230347, 11.7911577225, 12.9884033203, 24.5305023193, 12.1253652573, 8.90553855896, 9.29818153381, 13.7559156418, 9.55183887482, 10.7553348541, 11.2872610092, 7.21915149689, 13.4433088303, 5.98789453506, 3.07639527321, 2.80092382431, 1.73007524014, 2.46958422661, 5.12598514557, 5.6273522377, 2.98123908043, 1.13842558861, 0.178148627281, 0.0388864278793, 0.00939654838294, 0.00169597368222, 0.000103723730717, 3.45831031154e-05],
        "dvar": [0.783955276012, 111.507133484, 282.852874756, 394.792816162, 617.725402832, 526.966552734, 192.285598755, 870.572753906, 887.302856445, 987.955200195, 479.351013184, 849.997192383, 729.250061035, 520.425537109, 448.796600342, 2337.69873047, 783.591003418, 267.774047852, 320.031188965, 579.505310059, 262.474517822, 387.454833984, 403.273742676, 203.210800171, 1131.84350586, 263.097198486, 61.6910247803, 40.538143158, 17.2535705566, 37.4320678711, 203.688919067, 359.691680908, 116.076225281, 20.1764965057, 0.25837546587, 0.00791287794709, 0.000464665703475, 1.66703794093e-05, 5.31206936216e-08, 2.58507282247e-09],
        "dvar2": [1.78983998299, 270.929321289, 754.701660156, 1128.71313477, 1687.06518555, 1284.76489258, 480.603546143, 2123.14111328, 2052.51147461, 2157.60449219, 980.005310059, 1871.67407227, 1636.40515137, 1219.00817871, 1059.57995605, 5657.88671875, 1836.07519531, 629.890930176, 697.48260498, 1384.65490723, 573.444641113, 713.62890625, 836.157165527, 396.955596924, 2353.62036133, 598.346374512, 127.280685425, 89.0051727295, 39.2918777466, 79.4850387573, 427.698791504, 644.806030273, 223.633026123, 40.7046737671, 0.515203416348, 0.0158627014607, 0.000841383065563, 2.88559913315e-05, 1.15950619772e-07, 4.93196861129e-09],
        "max": [7.90673112869, 95.4352874756, 128.066101074, 246.227722168, 359.253967285, 540.583312988, 284.246795654, 512.017150879, 654.760253906, 762.468383789, 608.803100586, 919.681091309, 833.641052246, 415.968536377, 672.118164062, 1598.95788574, 1448.79992676, 396.723388672, 302.95526123, 404.598571777, 267.6043396, 434.171203613, 434.489593506, 306.602355957, 1000.96160889, 577.659667969, 246.078414917, 209.817337036, 92.919090271, 162.36328125, 393.884338379, 585.956176758, 367.870117188, 175.492630005, 15.1415910721, 1.17239737511, 0.317155569792, 0.0702056884766, 0.00478619756177, 0.000472468003863],
        "mean": [0.380740553141, 3.39065098763, 4.20012331009, 5.38585996628, 19.6531238556, 20.8719425201, 9.30345535278, 19.3395328522, 26.0756702423, 16.0292263031, 15.0906019211, 19.4163398743, 19.4399414062, 10.8458347321, 11.3265771866, 16.7027854919, 9.36039638519, 6.91276216507, 8.5642080307, 12.3600540161, 8.93892765045, 10.8642930984, 11.437330246, 7.1733379364, 11.9835071564, 5.33169221878, 2.92425084114, 2.34656476974, 1.65314126015, 2.3028986454, 4.48505592346, 5.30037975311, 2.76477718353, 1.01272034645, 0.158320114017, 0.0303618758917, 0.00830726046115, 0.00154797791038, 8.6527034e-05, 4.31290645793e-05],
        "median": [0.0775161013007, 0.723666667938, 0.591932654381, 0.908984184265, 4.98210954666, 5.36270856857, 2.57155323029, 3.97015094757, 5.48862171173, 3.80329370499, 3.51373910904, 6.51526546478, 5.40997600555, 2.81878614426, 2.58742427826, 2.38729023933, 1.21047794819, 1.13508999348, 1.25631690025, 1.68229055405, 1.41154253483, 1.35725712776, 1.68498682976, 0.931623876095, 1.14881432056, 0.929239809513, 0.547911167145, 0.437364727259, 0.308782577515, 0.37443447113, 0.453069388866, 0.26791447401, 0.101940691471, 0.0427320040762, 0.00772719737142, 0.00149283930659, 0.000383439677535, 5.37865125807e-05, 1.349883496e-05, 2.24123359658e-05],
        "min": [5.01914000503e-22, 1.13970350358e-20, 3.72635172432e-20, 5.69981208789e-20, 9.18850900611e-20, 1.1233771878e-19, 5.80543167838e-19, 4.1801543821e-19, 7.91959417167e-19, 8.28172195312e-19, 1.48559952634e-18, 2.04889804636e-18, 1.26055346017e-18, 2.41242820914e-18, 1.90075330737e-18, 1.95645027315e-18, 2.46781353462e-18, 3.53788663507e-18, 4.69260016451e-18, 7.81127745539e-18, 8.96235139014e-18, 1.21029129849e-17, 1.07132024065e-17, 9.62290639446e-18, 1.00268236507e-17, 2.13859804965e-17, 2.64665618691e-17, 2.57744879747e-17, 1.53986321559e-17, 1.11224218904e-17, 1.54661830334e-17, 2.07469321881e-17, 1.45699311854e-17, 1.19947789721e-17, 1.0291046645e-17, 4.47554838536e-18, 2.73256220225e-18, 1.31572981914e-18, 3.31350613909e-19, 4.59460928599e-20],
        "var": [0.761613965034, 93.2111282349, 195.135925293, 249.416122437, 1088.14758301, 1373.81237793, 330.283843994, 1604.0760498, 2788.85913086, 1398.14355469, 1162.39123535, 1717.38195801, 1920.96191406, 790.276428223, 655.682617188, 2606.04980469, 923.998352051, 364.782653809, 490.606567383, 949.898254395, 415.541687012, 673.207275391, 636.283447266, 331.588256836, 1775.75646973, 319.299072266, 84.0006103516, 51.580368042, 24.7198848724, 60.8151245117, 384.885040283, 719.19329834, 206.612670898, 31.6456718445, 0.414058476686, 0.010375929065, 0.00073542894097, 2.76703285635e-05, 6.91412296305e-08, 3.90985199772e-09]
    },
    "gfcc": {
        "mean": [-100.46534729, 125.446022034, -97.2570266724, 44.6913795471, -60.6498374939, 13.3288545609, -30.4989700317, 8.06928253174, -10.8102617264, -10.5615625381, -1.67778158188, -6.38307905197, -1.30000030994],
        "cov": [[32415.3847656, 1562.15246582, -2331.9309082, 1303.77612305, -1624.14648438, 321.412261963, -1450.25463867, 228.07043457, -366.340148926, -161.405731201, -72.9216766357, 15.2952537537, -144.139129639], [1562.15246582, 2914.93188477, 61.6417999268, -394.851013184, 137.200256348, -383.834350586, 275.981994629, -290.154449463, 127.165779114, -266.088775635, 117.880317688, -127.996650696, 99.1098022461], [-2331.9309082, 61.6417999268, 1172.57446289, 127.032234192, 127.496025085, 72.9215316772, 131.868499756, -33.9132881165, 27.2147808075, 8.95660972595, 18.9918022156, -33.6867256165, 37.8624305725], [1303.77612305, -394.851013184, 127.032234192, 777.201049805, -90.9598922729, -38.1381454468, -249.171020508, 19.0072956085, 73.2599029541, -72.1588439941, 92.5987701416, -100.080978394, 38.136177063], [-1624.14648438, 137.200256348, 127.496025085, -90.9598922729, 594.16192627, -21.4348716736, 135.827392578, -7.61305570602, 35.7530784607, 95.4963607788, -16.6369476318, 71.5917892456, -8.69158935547], [321.412261963, -383.834350586, 72.9215316772, -38.1381454468, -21.4348716736, 371.648162842, 102.13054657, 85.0417327881, -42.1491355896, 96.5501480103, 7.19172716141, 40.8857803345, -19.2128067017], [-1450.25463867, 275.981994629, 131.868499756, -249.171020508, 135.827392578, 102.13054657, 446.273803711, 48.4913978577, -9.25970649719, 40.9830055237, 29.2288780212, 50.604095459, 3.19759678841], [228.07043457, -290.154449463, -33.9132881165, 19.0072956085, -7.61305570602, 85.0417327881, 48.4913978577, 195.335159302, 28.554517746, 62.4640846252, -28.8234996796, 34.1337966919, 1.50382220745], [-366.340148926, 127.165779114, 27.2147808075, 73.2599029541, 35.7530784607, -42.1491355896, -9.25970649719, 28.554517746, 204.724151611, 18.8404579163, 23.1555404663, -41.8226242065, 36.7351493835], [-161.405731201, -266.088775635, 8.95660972595, -72.1588439941, 95.4963607788, 96.5501480103, 40.9830055237, 62.4640846252, 18.8404579163, 210.865386963, -27.1634864807, 55.1154441833, -23.6327209473], [-72.9216766357, 117.880317688, 18.9918022156, 92.5987701416, -16.6369476318, 7.19172716141, 29.2288780212, -28.8234996796, 23.1555404663, -27.1634864807, 188.314941406, -10.0684528351, -13.5861635208], [15.2952537537, -127.996650696, -33.6867256165, -100.080978394, 71.5917892456, 40.8857803345, 50.604095459, 34.1337966919, -41.8226242065, 55.1154441833, -10.0684528351, 156.910949707, -14.2800426483], [-144.139129639, 99.1098022461, 37.8624305725, 38.136177063, -8.69158935547, -19.2128067017, 3.19759678841, 1.50382220745, 36.7351493835, -23.6327209473, -13.5861635208, -14.2800426483, 109.192451477]],
        "icov": [[0.000124803482322, -0.000351711030817, 0.000218827684876, -0.000421784032369, 0.0002715603041, -0.000411268876633, 0.000426719925599, -0.000367922853911, 0.0003691490856, -0.000280404521618, 0.000288079143502, -0.000352566305082, 0.000302092259517], [-0.000351711030817, 0.0016748807393, -0.00061483780155, 0.00160646589939, -0.00087051425362, 0.00161277328152, -0.00161007104907, 0.00167210958898, -0.00147172203287, 0.0013748141937, -0.00118497991934, 0.00135875190608, -0.00127083726693], [0.000218827684876, -0.00061483780155, 0.00138205708936, -0.00107674137689, 0.000300675339531, -0.000964846229181, 0.000296591751976, -0.000204008130822, 0.000595705176238, -0.000545264047105, 0.000693004694767, -0.000427548162406, 0.000303937442368], [-0.000421784032369, 0.00160646589939, -0.00107674137689, 0.00383928022347, -0.00113995955326, 0.0015607267851, -0.000245472823735, 0.000576865801122, -0.00162998354062, 0.00176060083322, -0.00254408735782, 0.00224793842062, -0.00189246120863], [0.0002715603041, -0.00087051425362, 0.000300675339531, -0.00113995955326, 0.00280744186603, -0.000465819699457, 0.000256830244325, -0.000268150528427, 0.000349378882675, -0.00164515490178, 0.00106412696186, -0.00175197445787, 0.00100984051824], [-0.000411268876633, 0.00161277328152, -0.000964846229181, 0.0015607267851, -0.000465819699457, 0.00543398642913, -0.00234571960755, 0.000442696356913, -0.00041939021321, -0.000330608949298, -0.00166353210807, 0.00138999545015, -0.00119129684754], [0.000426719925599, -0.00161007104907, 0.000296591751976, -0.000245472823735, 0.000256830244325, -0.00234571960755, 0.00544800516218, -0.00293722935021, 0.00168124795891, -0.000815550331026, -0.000273499957984, -0.0013048426481, 0.000549396325368], [-0.000367922853911, 0.00167210958898, -0.000204008130822, 0.000576865801122, -0.000268150528427, 0.000442696356913, -0.00293722935021, 0.00900799967349, -0.00308173429221, 0.000159252071171, 0.000661334779579, -0.000206230470212, -0.000989058869891], [0.0003691490856, -0.00147172203287, 0.000595705176238, -0.00162998354062, 0.000349378882675, -0.00041939021321, 0.00168124795891, -0.00308173429221, 0.00795409176499, -0.00262298388407, -0.000264915841399, 0.000860362895764, -0.00103103579022], [-0.000280404521618, 0.0013748141937, -0.000545264047105, 0.00176060083322, -0.00164515490178, -0.000330608949298, -0.000815550331026, 0.000159252071171, -0.00262298388407, 0.00823342613876, -0.00024319064687, -0.000352629140252, 0.000376760261133], [0.000288079143502, -0.00118497991934, 0.000693004694767, -0.00254408735782, 0.00106412696186, -0.00166353210807, -0.000273499957984, 0.000661334779579, -0.000264915841399, -0.00024319064687, 0.00773749733344, -0.00182331493124, 0.00265574897639], [-0.000352566305082, 0.00135875190608, -0.000427548162406, 0.00224793842062, -0.00175197445787, 0.00138999545015, -0.0013048426481, -0.000206230470212, 0.000860362895764, -0.000352629140252, -0.00182331493124, 0.00986097939312, -0.00149240193423], [0.000302092259517, -0.00127083726693, 0.000303937442368, -0.00189246120863, 0.00100984051824, -0.00119129684754, 0.000549396325368, -0.000989058869891, -0.00103103579022, 0.000376760261133, 0.00265574897639, -0.00149240193423, 0.0116979489103]]
    },
    "melbands": {
        "dmean": [0.00366260646842, 0.00346056534909, 0.00120409228839, 0.000822993461043, 0.000259742344497, 0.000259453052422, 0.000202946233912, 0.000111405606731, 6.600060442e-05, 7.72456332925e-05, 5.78235340072e-05, 3.26019944623e-05, 2.27286782319e-05, 4.97243127029e-05, 2.46986601269e-05, 1.46782722368e-05, 9.91249817162e-06, 8.68469578563e-06, 1.68200622284e-05, 8.33528793009e-06, 7.80992832006e-06, 8.4618341134e-06, 8.49323623697e-06, 6.71551697451e-06, 3.76591765416e-06, 7.66306402511e-06, 4.66808523925e-06, 2.4022076559e-06, 1.34781805627e-06, 1.23034965327e-06, 1.03885895442e-06, 6.67409722155e-07, 7.09200492111e-07, 1.0389999261e-06, 1.75600700913e-06, 2.60128149421e-06, 2.48220271715e-06, 1.68173005477e-06, 1.01724731394e-06, 5.79516324706e-07],
        "dmean2": [0.00588801223785, 0.00564461387694, 0.00215926230885, 0.0013543976238, 0.000424970960012, 0.000422779557994, 0.000317264406476, 0.000170430052094, 9.79398973868e-05, 0.000113726549898, 8.68653369253e-05, 5.02661496284e-05, 3.56676973752e-05, 8.03100338089e-05, 3.79119483114e-05, 2.37647163885e-05, 1.60992003657e-05, 1.29249256133e-05, 2.55047052633e-05, 1.32043833219e-05, 1.17670770123e-05, 1.17395165944e-05, 1.28943966047e-05, 9.40116751735e-06, 5.32559579369e-06, 1.15144748634e-05, 6.99683096173e-06, 3.62172090718e-06, 2.00620047508e-06, 1.81487962436e-06, 1.58911723247e-06, 9.96498783934e-07, 1.04983348592e-06, 1.58864168043e-06, 2.72980196314e-06, 4.02731257054e-06, 3.55968973054e-06, 2.39838527705e-06, 1.48797005295e-06, 8.36769288526e-07],
        "dvar": [0.000104036073026, 9.97157767415e-05, 1.26493359858e-05, 2.84157454189e-06, 3.05292417124e-07, 3.69991596472e-07, 1.87100027915e-07, 9.66864419638e-08, 3.0747731472e-08, 4.16666701142e-08, 1.89912441328e-08, 8.74679173535e-09, 3.28161386953e-09, 2.32402666001e-08, 6.55337117905e-09, 3.50027851148e-09, 8.75974903725e-10, 6.5291821949e-10, 2.15124340563e-09, 4.61870874879e-10, 4.4566933477e-10, 5.01741370673e-10, 4.59645738138e-10, 3.33315292034e-10, 1.17554327383e-10, 7.76163189276e-10, 3.60981661229e-10, 1.05499942116e-10, 2.67816671617e-11, 2.28243968864e-11, 1.17776881997e-11, 5.45520356318e-12, 6.29937334934e-12, 1.58749454554e-11, 5.28716029291e-11, 1.63437499645e-10, 1.51770748746e-10, 8.12907033354e-11, 2.88072378452e-11, 1.22950694764e-11],
        "dvar2": [0.000242410053033, 0.000242967216764, 3.61646380043e-05, 7.43748978493e-06, 7.74590318997e-07, 9.05183185296e-07, 4.29646405564e-07, 2.06796869406e-07, 6.36824850631e-08, 9.3099494336e-08, 4.22544097489e-08, 2.01431920033e-08, 7.97764165839e-09, 5.69691174235e-08, 1.50684424938e-08, 8.54176906984e-09, 2.11128892147e-09, 1.49680146055e-09, 4.95232921338e-09, 1.09281828031e-09, 9.58764068137e-10, 9.58540136153e-10, 9.6053576204e-10, 7.22563342492e-10, 2.37010633342e-10, 1.68944469525e-09, 7.27463422834e-10, 2.53254528459e-10, 5.66769339794e-11, 4.97097571439e-11, 2.65502619889e-11, 1.31812121981e-11, 1.33594706478e-11, 3.49925123599e-11, 1.12702104593e-10, 3.59789670279e-10, 2.77289718964e-10, 1.7119568263e-10, 5.48280414125e-11, 2.66276063698e-11],
        "max": [0.0920797809958, 0.0804924070835, 0.0422962196171, 0.0255108568817, 0.00962562207133, 0.0100190415978, 0.00859506987035, 0.00682083144784, 0.00420977827162, 0.00577101623639, 0.00431219115853, 0.00189517077524, 0.00151222571731, 0.00482423231006, 0.00314982444979, 0.00307877617888, 0.000755410699639, 0.000481819617562, 0.00107876246329, 0.00057817803463, 0.0003554787545, 0.000540468841791, 0.000362342776498, 0.000318793783663, 0.00026717633591, 0.000760173657909, 0.000692404923029, 0.000426449696533, 0.00018720953085, 0.000195078464458, 8.86495981831e-05, 5.72058706894e-05, 5.89556948398e-05, 0.000107600237243, 0.000185597775271, 0.000333886942826, 0.000370894151274, 0.000379285746021, 0.000170012688613, 0.000139271258377],
        "mean": [0.0039447513409, 0.00313254562207, 0.00134010240436, 0.00164676387794, 0.000408519583289, 0.000419975840487, 0.000379769859137, 0.000163374119438, 0.000122673183796, 0.000138083007187, 9.76195660769e-05, 4.4052809244e-05, 3.19633363688e-05, 5.52053679712e-05, 2.91200503852e-05, 1.77632937266e-05, 1.18320349429e-05, 1.04624969026e-05, 2.30830955843e-05, 1.09834691102e-05, 1.04032978925e-05, 1.09273105409e-05, 1.22024512166e-05, 8.27710573503e-06, 4.92670869789e-06, 9.666443475e-06, 6.11021232544e-06, 2.98821532851e-06, 1.81007806077e-06, 1.60564502494e-06, 1.23111658468e-06, 8.67384130743e-07, 9.94209358396e-07, 1.37079439355e-06, 2.305460157e-06, 3.35043000632e-06, 3.25441351379e-06, 2.11431256503e-06, 1.28711269554e-06, 6.98177075265e-07],
        "median": [0.00084974890342, 0.000589681323618, 0.000252822996117, 0.000499084708281, 0.000105215454823, 8.83025350049e-05, 8.62502492964e-05, 2.82018208964e-05, 2.27381606237e-05, 4.12652552768e-05, 2.48409851338e-05, 8.8736142061e-06, 8.11711470305e-06, 7.73860665504e-06, 3.00792248709e-06, 2.34054709836e-06, 1.843351356e-06, 1.50709809077e-06, 2.42697342401e-06, 1.53814266923e-06, 1.38601672006e-06, 1.18191269394e-06, 1.51305425788e-06, 1.22275298509e-06, 5.55761630494e-07, 6.9291888849e-07, 7.9406822806e-07, 4.27409133863e-07, 2.90056647145e-07, 2.93038397103e-07, 2.00622594093e-07, 1.59961047075e-07, 1.57656131705e-07, 2.1543269213e-07, 2.47707646395e-07, 2.31648556337e-07, 1.15877909934e-07, 6.84417287289e-08, 4.358840755e-08, 2.8104786054e-08],
        "min": [8.28016016252e-24, 1.87748990106e-23, 1.20637390123e-23, 6.06334032313e-24, 1.63346256423e-23, 1.13101969876e-23, 1.21549747203e-23, 1.02916899954e-23, 1.21223821432e-23, 1.27754280218e-23, 6.02986895492e-24, 9.86252915255e-24, 6.4033318791e-24, 4.67879240457e-24, 6.15185761644e-24, 6.39623331424e-24, 6.09245205154e-24, 5.88690921509e-24, 1.21839251267e-23, 1.03296436712e-23, 1.04164104822e-23, 1.30652791842e-23, 8.69920701967e-24, 1.18364263759e-23, 7.0382367179e-24, 7.01869663328e-24, 7.76977977861e-24, 1.6525021955e-23, 1.44792973685e-23, 2.13308635638e-23, 1.1476848587e-23, 7.38440387147e-24, 8.929015612e-24, 5.17410515076e-24, 7.83526548894e-24, 1.20403658526e-23, 1.29836226142e-23, 1.06033673613e-23, 8.06480192425e-24, 1.13410335604e-23],
        "var": [9.51611582423e-05, 8.35719329189e-05, 9.37815093494e-06, 6.55306894259e-06, 5.90278659729e-07, 6.81044411976e-07, 5.37309745141e-07, 1.4964427919e-07, 7.82545512834e-08, 8.56963922047e-08, 5.15509732679e-08, 1.47444509935e-08, 4.78675366011e-09, 2.63311257243e-08, 8.27115886892e-09, 3.82858811321e-09, 1.1441436687e-09, 8.26593904435e-10, 4.21385726312e-09, 7.04517222339e-10, 6.67929267451e-10, 8.19413981112e-10, 7.49337814021e-10, 4.33162339331e-10, 1.82341544641e-10, 1.12679998665e-09, 5.75094194488e-10, 1.1130787958e-10, 3.53320706026e-11, 2.84538469175e-11, 1.45432303353e-11, 7.0943398725e-12, 9.83257485848e-12, 2.38613920289e-11, 9.34360991356e-11, 2.83736867335e-10, 2.82848355848e-10, 1.27530791483e-10, 4.99276592292e-11, 1.68758045732e-11]
    },
    "mfcc": {
        "mean": [-727.164550781, 137.291641235, 28.6208209991, 28.804693222, 7.53950881958, 2.58500814438, 0.336259782314, 11.9160938263, -2.39991736412, 6.40446138382, -4.56137704849, 2.15010333061, -0.139284521341],
        "cov": [[16016.9130859, -94.7008743286, -1270.00537109, 176.821350098, 52.2512168884, -103.255775452, -369.496948242, 94.7113571167, -379.664672852, 68.5760650635, -226.769302368, 121.954360962, -34.0760116577], [-94.7008743286, 2261.46411133, -81.9930343628, -34.7773971558, -146.997299194, 33.9951438904, 59.6795578003, 80.5401306152, 9.35378074646, -83.3369064331, 25.1819038391, -32.0466384888, 60.852016449], [-1270.00537109, -81.9930343628, 1109.34301758, 165.223449707, 51.4438362122, 58.1717414856, 70.6513595581, 1.98568928242, 39.6068000793, 21.8410968781, -13.3213014603, 38.5639915466, -52.8270263672], [176.821350098, -34.7773971558, 165.223449707, 595.776672363, 225.166549683, -48.1385421753, -89.1307144165, -18.6842212677, -22.1400585175, -12.0221347809, -17.0652370453, 11.7252531052, 11.0732679367], [52.2512168884, -146.997299194, 51.4438362122, 225.166549683, 415.751464844, 36.1361808777, -70.412612915, -50.1897201538, 5.39869832993, 19.012046814, -9.6103515625, 12.2503108978, 16.5153694153], [-103.255775452, 33.9951438904, 58.1717414856, -48.1385421753, 36.1361808777, 217.718566895, 108.405380249, 2.60014557838, 38.6117095947, 22.4714107513, 39.3675537109, 34.24817276, 9.59339523315], [-369.496948242, 59.6795578003, 70.6513595581, -89.1307144165, -70.412612915, 108.405380249, 301.753356934, 83.749458313, 28.892332077, -6.57508802414, 57.3630180359, 28.8846626282, 30.3626708984], [94.7113571167, 80.5401306152, 1.98568928242, -18.6842212677, -50.1897201538, 2.60014557838, 83.749458313, 178.445907593, 15.7428998947, -4.45373296738, 22.9246349335, 11.1782484055, 25.3046092987], [-379.664672852, 9.35378074646, 39.6068000793, -22.1400585175, 5.39869832993, 38.6117095947, 28.892332077, 15.7428998947, 210.677749634, 71.3295211792, 5.55916976929, -11.4459619522, -9.13796710968], [68.5760650635, -83.3369064331, 21.8410968781, -12.0221347809, 19.012046814, 22.4714107513, -6.57508802414, -4.45373296738, 71.3295211792, 164.273376465, 42.1384429932, 14.1818189621, -14.0462779999], [-226.769302368, 25.1819038391, -13.3213014603, -17.0652370453, -9.6103515625, 39.3675537109, 57.3630180359, 22.9246349335, 5.55916976929, 42.1384429932, 138.661499023, 50.1530952454, 15.4989767075], [121.954360962, -32.0466384888, 38.5639915466, 11.7252531052, 12.2503108978, 34.24817276, 28.8846626282, 11.1782484055, -11.4459619522, 14.1818189621, 50.1530952454, 111.679336548, 32.6201896667], [-34.0760116577, 60.852016449, -52.8270263672, 11.0732679367, 16.5153694153, 9.59339523315, 30.3626708984, 25.3046092987, -9.13796710968, -14.0462779999, 15.4989767075, 32.6201896667, 113.39528656]],
