{
"lowlevel": {
    "average_loudness": 0.550508975983,
    "barkbands_crest": {
        "dmean": 2.47518849373,
        "dmean2": 3.97001671791,
        "dvar": 7.23732948303,
        "dvar2": 17.4900398254,
        "max": 26.6712837219,
        "mean": 14.4246501923,
        "median": 14.2411994934,
        "min": 2.0918302536,
        "var": 32.0825119019
    },
    "barkbands_flatness_db": {
        "dmean": 0.0299711171538,
        "dmean2": 0.0429745428264,
        "dvar": 0.00138908054214,
        "dvar2": 0.00264793634415,
        "max": 0.722885787487,
        "mean": 0.212023243308,
        "median": 0.188134968281,
        "min": 0.0292361732572,
        "var": 0.0113720707595
    },
    "barkbands_kurtosis": {
        "dmean": 9.57542610168,
        "dmean2": 15.2059144974,
        "dvar": 606.565490723,
        "dvar2": 1505.89099121,
        "max": 716.683288574,
        "mean": 17.5613517761,
        "median": 3.05489611626,
        "min": -1.95483446121,
        "var": 1932.38366699
    },
    "barkbands_skewness": {
        "dmean": 0.816366910934,
        "dmean2": 1.24090528488,
        "dvar": 1.2352335453,
        "dvar2": 2.80080747604,
        "max": 20.4745159149,
        "mean": 2.46153926849,
        "median": 1.78917479515,
        "min": -2.76492929459,
        "var": 6.13268470764
    },
    "barkbands_spread": {
        "dmean": 6.0640912056,
        "dmean2": 9.53399944305,
        "dvar": 98.5592880249,
        "dvar2": 226.721679688,
        "max": 107.922309875,
        "mean": 21.9018096924,
        "median": 17.0461444855,
        "min": 0.0739499181509,
        "var": 372.030090332
    },
    "dissonance": {
        "dmean": 0.0194551609457,
        "dmean2": 0.0319956503808,
        "dvar": 0.000516842934303,
        "dvar2": 0.00134669919498,
        "max": 0.499874413013,
        "mean": 0.454236418009,
        "median": 0.468588382006,
        "min": 0.104455836117,
        "var": 0.00195332453586
    },
    "dynamic_complexity": 3.34085392952,
    "erbbands_crest": {
        "dmean": 2.44517683983,
        "dmean2": 3.88736224174,
        "dvar": 5.86027145386,
        "dvar2": 14.4869232178,
        "max": 33.1007957458,
        "mean": 10.2844390869,
        "median": 8.85074615479,
        "min": 2.58911013603,
        "var": 29.2524547577
    },
    "erbbands_flatness_db": {
        "dmean": 0.0224476568401,
        "dmean2": 0.0309620592743,
        "dvar": 0.000771511171479,
        "dvar2": 0.00134898617398,
        "max": 0.516764640808,
        "mean": 0.182299464941,
        "median": 0.171245619655,
        "min": 0.0458269491792,
        "var": 0.00416297465563
    },
    "erbbands_kurtosis": {
        "dmean": 1.82297134399,
        "dmean2": 2.86425423622,
        "dvar": 19.320350647,
        "dvar2": 47.2468261719,
        "max": 193.707855225,
        "mean": 2.40344214439,
        "median": 0.132169604301,
        "min": -1.93603086472,
        "var": 71.5683517456
    },
    "erbbands_skewness": {
        "dmean": 0.453321963549,
        "dmean2": 0.689365923405,
        "dvar": 0.313724368811,
        "dvar2": 0.726213634014,
        "max": 10.6028623581,
        "mean": 0.116157270968,
        "median": -0.129847705364,
        "min": -4.64769268036,
        "var": 1.97930705547
    },
    "erbbands_spread": {
        "dmean": 9.55568122864,
        "dmean2": 14.1819009781,
        "dvar": 187.445846558,
        "dvar2": 375.570617676,
        "max": 186.676071167,
        "mean": 37.8687858582,
        "median": 34.2143707275,
        "min": 0.376186341047,
        "var": 491.124359131
    },
    "hfc": {
        "dmean": 6.8567700386,
        "dmean2": 10.8429193497,
        "dvar": 218.539154053,
        "dvar2": 546.007629395,
        "max": 211.675796509,
        "mean": 18.4768352509,
        "median": 11.0428104401,
        "min": 1.099602952e-16,
        "var": 453.896392822
    },
    "melbands_crest": {
        "dmean": 2.59711170197,
        "dmean2": 4.17338466644,
        "dvar": 7.51499891281,
        "dvar2": 18.0327110291,
        "max": 32.2356719971,
        "mean": 18.3112621307,
        "median": 19.205368042,
        "min": 1.58803796768,
        "var": 31.2960968018
    },
    "melbands_flatness_db": {
        "dmean": 0.034498911351,
        "dmean2": 0.0493229329586,
        "dvar": 0.00195015058853,
        "dvar2": 0.00370937283151,
        "max": 0.882412314415,
        "mean": 0.2883900702,
        "median": 0.263174116611,
        "min": 0.00202953233384,
        "var": 0.0186010245234
    },
    "melbands_kurtosis": {
        "dmean": 15.6698246002,
        "dmean2": 24.1796665192,
        "dvar": 1095.57824707,
        "dvar2": 2603.6496582,
        "max": 588.625183105,
        "mean": 31.704618454,
        "median": 13.2112483978,
        "min": -1.81579935551,
        "var": 2494.70263672
    },
    "melbands_skewness": {
        "dmean": 0.972625434399,
        "dmean2": 1.46448552608,
        "dvar": 1.60041022301,
        "dvar2": 3.49286413193,
        "max": 18.2624416351,
        "mean": 3.72196674347,
        "median": 3.17193627357,
        "min": -2.27405381203,
        "var": 6.53011751175
    },
    "melbands_spread": {
        "dmean": 6.78805208206,
        "dmean2": 10.6108388901,
        "dvar": 148.664962769,
        "dvar2": 344.803192139,
        "max": 204.697891235,
        "mean": 22.042547226,
        "median": 13.3209962845,
        "min": 0.251261770725,
        "var": 674.785522461
    },
    "pitch_salience": {
        "dmean": 0.0685179233551,
        "dmean2": 0.109513565898,
        "dvar": 0.00576896360144,
        "dvar2": 0.0139878522605,
        "max": 0.967584073544,
        "mean": 0.388913959265,
        "median": 0.386394500732,
        "min": 0.0478995740414,
        "var": 0.0199502706528
    },
    "silence_rate_20dB": {
        "dmean": 0,
        "dmean2": 0,
        "dvar": 0,
        "dvar2": 0,
        "max": 1,
        "mean": 1,
        "median": 1,
        "min": 1,
        "var": 0
    },
    "silence_rate_30dB": {
        "dmean": 0.0130531452596,
        "dmean2": 0.0261081624776,
        "dvar": 0.0128819085658,
        "dvar2": 0.0337436534464,
        "max": 1,
        "mean": 0.985226631165,
        "median": 1,
        "min": 0,
        "var": 0.0145533960313
    },
    "silence_rate_60dB": {
        "dmean": 0.0206555258483,
        "dmean2": 0.0413140170276,
        "dvar": 0.0202294681221,
        "dvar2": 0.0463510677218,
        "max": 1,
        "mean": 0.0532128512859,
        "median": 0,
        "min": 0,
        "var": 0.0503828115761
    },
    "spectral_centroid": {
        "dmean": 243.789352417,
        "dmean2": 372.705627441,
        "dvar": 139642.515625,
        "dvar2": 302774.4375,
        "max": 11644.9091797,
        "mean": 1450.92541504,
        "median": 1305.17675781,
        "min": 89.7077941895,
        "var": 1317308.625
    },
    "spectral_complexity": {
        "dmean": 2.5278635025,
        "dmean2": 4.00760269165,
        "dvar": 11.3282613754,
        "dvar2": 25.0003662109,
        "max": 52,
        "mean": 14.4810667038,
        "median": 13,
        "min": 0,
        "var": 76.0956878662
    },
    "spectral_decrease": {
        "dmean": 2.72834643766e-09,
        "dmean2": 4.33309876868e-09,
        "dvar": 1.98483774692e-17,
        "dvar2": 4.92858296459e-17,
        "max": 5.19710500576e-22,
        "mean": -8.04187294534e-09,
        "median": -6.64712640486e-09,
        "min": -6.221714699e-08,
        "var": 4.38654143535e-17
    },
    "spectral_energy": {
        "dmean": 0.0106968572363,
        "dmean2": 0.0169738624245,
        "dvar": 0.000293972610962,
        "dvar2": 0.000728764454834,
        "max": 0.236701071262,
        "mean": 0.0320277176797,
        "median": 0.0268239080906,
        "min": 1.00818186697e-20,
        "var": 0.000659768178593
    },
    "spectral_energyband_high": {
        "dmean": 0.000584003864788,
        "dmean2": 0.000943867722526,
        "dvar": 2.72769079857e-06,
        "dvar2": 6.95090784575e-06,
        "max": 0.0232516024262,
        "mean": 0.00103023310658,
        "median": 0.000172952291905,
        "min": 7.0984156915e-21,
        "var": 4.8826332204e-06
    },
    "spectral_energyband_low": {
        "dmean": 0.0082281017676,
        "dmean2": 0.0130977807567,
        "dvar": 0.000241058165557,
        "dvar2": 0.000604700122494,
        "max": 0.235557958484,
        "mean": 0.0202261805534,
        "median": 0.0144827989861,
        "min": 2.02037627682e-23,
        "var": 0.000430701038567
    },
    "spectral_energyband_middle_high": {
        "dmean": 0.000998722622171,
        "dmean2": 0.00153613893781,
        "dvar": 5.42778434465e-06,
        "dvar2": 1.21245002447e-05,
        "max": 0.0593121536076,
        "mean": 0.00356325577013,
        "median": 0.00150608620606,
        "min": 1.32023629831e-21,
        "var": 3.08040907839e-05
    },
    "spectral_energyband_middle_low": {
        "dmean": 0.00371221359819,
        "dmean2": 0.0060541597195,
        "dvar": 6.18717385805e-05,
        "dvar2": 0.000156887908815,
        "max": 0.159718111157,
        "mean": 0.00808996707201,
        "median": 0.00312930252403,
        "min": 1.37012189296e-22,
        "var": 0.00018517638091
    },
    "spectral_entropy": {
        "dmean": 0.237431272864,
        "dmean2": 0.338254511356,
        "dvar": 0.113198898733,
        "dvar2": 0.208484023809,
        "max": 9.81872749329,
        "mean": 7.0011267662,
        "median": 7.08390522003,
        "min": 3.44444227219,
        "var": 0.5602222085
    },
    "spectral_flux": {
        "dmean": 0.0276513230056,
        "dmean2": 0.0441114231944,
        "dvar": 0.00145172222983,
        "dvar2": 0.00321333669126,
        "max": 0.371013402939,
        "mean": 0.0667236745358,
        "median": 0.0489128902555,
        "min": 6.35777056002e-11,
        "var": 0.00280334567651
    },
    "spectral_kurtosis": {
        "dmean": 4.11294555664,
        "dmean2": 6.69377088547,
        "dvar": 62.0823745728,
        "dvar2": 149.033584595,
        "max": 188.503860474,
        "mean": 9.1827955246,
        "median": 4.65237236023,
        "min": -1.25151288509,
        "var": 244.062637329
    },
    "spectral_rms": {
        "dmean": 0.000863744062372,
        "dmean2": 0.00133467360865,
        "dvar": 1.466235517e-06,
        "dvar2": 3.33880757353e-06,
        "max": 0.0151963112876,
        "mean": 0.005136705935,
        "median": 0.00511562963948,
        "min": 3.13622717206e-12,
        "var": 4.86074623041e-06
    },
    "spectral_rolloff": {
        "dmean": 482.638702393,
        "dmean2": 836.451293945,
        "dvar": 1220664,
        "dvar2": 2960163.5,
        "max": 19573.6816406,
        "mean": 1387.98205566,
        "median": 559.86328125,
        "min": 64.599609375,
        "var": 3681702.75
    },
    "spectral_skewness": {
        "dmean": 0.401752024889,
        "dmean2": 0.628150045872,
        "dvar": 0.320166558027,
        "dvar2": 0.712822198868,
        "max": 11.8310613632,
        "mean": 1.84170913696,
        "median": 1.44255137444,
        "min": -0.265662252903,
        "var": 1.77911937237
    },
    "spectral_spread": {
        "dmean": 728389.8125,
        "dmean2": 1020126.25,
        "dvar": 1.35311903949e+12,
        "dvar2": 2.25085462938e+12,
        "max": 42016428,
        "mean": 4020187.25,
        "median": 3494345.5,
        "min": 575445.5,
        "var": 7.74942071194e+12
    },
    "spectral_strongpeak": {
        "dmean": 0.443258136511,
        "dmean2": 0.764942348003,
        "dvar": 1.8244664669,
        "dvar2": 4.495033741,
        "max": 24.880859375,
        "mean": 0.926343560219,
        "median": 0.388343095779,
        "min": 0,
        "var": 3.71791815758
    },
    "zerocrossingrate": {
        "dmean": 0.00948781240731,
        "dmean2": 0.011313226074,
        "dvar": 0.00020476616919,
        "dvar2": 0.000279343075817,
        "max": 0.51904296875,
        "mean": 0.0481651425362,
        "median": 0.037109375,
        "min": 0.00244140625,
        "var": 0.00233116280288
    },
    "barkbands": {
        "dmean": [3.4904529457e-05, 0.00629027467221, 0.00288155768067, 0.00104117614683, 0.00116269662976, 0.000962037185673, 0.000474836182548, 0.000386385072488, 0.00041143206181, 0.000307459529722, 8.71606171131e-05, 8.19808774395e-05, 7.09660962457e-05, 0.000115666582133, 0.000135264432174, 0.000290584372124, 0.000325272412738, 0.000183755793842, 0.000162891650689, 0.000110045461042, 0.00017239326553, 0.00010162241233, 0.000158499678946, 0.000115728835226, 5.3312855016e-05, 2.79636915366e-05, 7.02680063114e-06],
        "dmean2": [5.59264226467e-05, 0.0100686131045, 0.00485201971605, 0.00186145061161, 0.00189462432172, 0.00158697948791, 0.000765168922953, 0.00064675725298, 0.000664551334921, 0.000479783368064, 0.0001328416256, 0.000125188089442, 0.000110592991405, 0.00016940390924, 0.000206830576644, 0.000457474496216, 0.00050349655794, 0.00028014741838, 0.000252576603089, 0.000175867695361, 0.00026620173594, 0.000162398369866, 0.00026670700754, 0.000199436180992, 8.83863758645e-05, 4.73693726235e-05, 1.22623023344e-05],
        "dvar": [7.2869621448e-09, 0.000159817500389, 4.27974300692e-05, 1.15666753118e-05, 1.55103825819e-05, 8.22297351988e-06, 1.97089843823e-06, 2.2967140012e-06, 2.40989015765e-06, 2.98531404042e-06, 6.53570211284e-08, 5.11215318966e-08, 2.45053222159e-08, 8.00903876552e-08, 1.04981239701e-07, 1.34537219765e-06, 1.17132094601e-06, 2.87439547719e-07, 1.21472069736e-07, 7.21539592519e-08, 1.88895015185e-07, 7.21961512795e-08, 3.518529752e-07, 2.35331100384e-07, 3.1726635541e-08, 9.52451983949e-09, 1.58319946042e-09],
        "dvar2": [1.74035044154e-08, 0.000416842900449, 0.000113808084279, 3.18868442264e-05, 3.61489983334e-05, 2.22468697757e-05, 4.93120933243e-06, 6.19185630057e-06, 6.05050081504e-06, 6.94559048497e-06, 1.46673073687e-07, 1.19647523888e-07, 5.90852131666e-08, 1.67803761997e-07, 2.4751852834e-07, 2.95014206131e-06, 2.47889488492e-06, 6.52820574487e-07, 2.71424340781e-07, 1.64068637787e-07, 4.14710314089e-07, 1.74647794893e-07, 9.35477658004e-07, 6.30864974482e-07, 7.9382282081e-08, 2.40349287139e-08, 4.41966552245e-09],
        "max": [0.00148648070171, 0.203347831964, 0.0984360352159, 0.0657174065709, 0.158051744103, 0.0694760158658, 0.0377658084035, 0.0252706557512, 0.0445624254644, 0.0760489702225, 0.0128519823775, 0.0095710400492, 0.0046126767993, 0.0114147821441, 0.0072000073269, 0.046702966094, 0.0493285208941, 0.0145073495805, 0.0190599840134, 0.013963249512, 0.0104653686285, 0.00763172470033, 0.00787078402936, 0.00559972180054, 0.00283281086013, 0.00150516792201, 0.000751153507736],
        "mean": [7.37057489459e-05, 0.0154428621754, 0.00409117760137, 0.000924708379898, 0.00275503355078, 0.00177749700379, 0.000903653679416, 0.000528666656464, 0.000679268327076, 0.000681708450429, 0.000157338756253, 0.0001571810717, 0.000150403211592, 0.000270510063274, 0.000288850947982, 0.000594021403231, 0.000664866704028, 0.000366825668607, 0.000349316222128, 0.00020498361846, 0.000388119427953, 0.00019589967269, 0.000197796092834, 0.000101651210571, 5.33790953341e-05, 2.33268165175e-05, 5.03272394781e-06],
        "median": [2.17796296056e-05, 0.0111627141014, 0.00195505702868, 0.000246771960519, 0.000329197908286, 0.000372824055376, 0.00025559795904, 0.000131847089506, 0.000191074010218, 8.57360428199e-05, 5.32282356289e-05, 5.48484313185e-05, 4.77688299725e-05, 6.45882100798e-05, 0.000111265435407, 8.7060390797e-05, 7.34983477741e-05, 8.80436709849e-05, 0.000101570447441, 4.64513395855e-05, 4.83455805806e-05, 2.22467606363e-05, 1.53986329678e-05, 6.78375090502e-06, 3.16372734233e-06, 8.69611653798e-07, 8.14518656966e-08],
        "min": [1.47814895202e-25, 2.60864014848e-24, 2.23136051803e-24, 2.68127313582e-24, 1.12218729652e-23, 5.12806288959e-24, 1.08895731975e-23, 5.11552433993e-24, 1.46168526222e-23, 1.49516436127e-23, 1.44473122142e-23, 3.50080440083e-23, 2.90097097681e-23, 3.56835235134e-23, 4.85178676119e-23, 5.19080730827e-23, 8.69772790548e-23, 8.36705571558e-23, 1.57248528864e-22, 1.94840388949e-22, 2.50148575596e-22, 2.87708679296e-22, 3.92104840175e-22, 5.43704342408e-22, 9.00095190106e-22, 1.41850892957e-21, 2.06641490607e-21],
        "var": [1.48895127339e-08, 0.000269063195447, 4.67137397209e-05, 7.96967742644e-06, 0.000119525939226, 1.79745893547e-05, 4.17717865275e-06, 2.36037590184e-06, 3.80331039196e-06, 1.2881636394e-05, 2.00289861141e-07, 1.42710405271e-07, 7.91210013062e-08, 3.22942383946e-07, 2.62500009285e-07, 5.15073406859e-06, 4.24556037615e-06, 7.00282384969e-07, 4.08788338291e-07, 1.9066364132e-07, 8.71324743912e-07, 2.85903212216e-07, 3.60238772146e-07, 1.62353600786e-07, 2.79276690662e-08, 7.63137020243e-09, 9.76580039058e-10]
    },
    "erbbands": {
        "dmean": [0.114741146564, 1.6292488575, 3.4562997818, 3.33089828491, 2.69576859474, 5.08108568192, 5.02604722977, 8.88456535339, 6.65180778503, 9.54393005371, 6.46470832825, 9.31224822998, 13.5553512573, 3.84116864204, 3.51281166077, 3.43175935745, 3.22262215614, 5.36862897873, 5.30232477188, 8.71256923676, 21.292257309, 13.0845727921, 8.69360256195, 8.83090877533, 8.10338592529, 5.54723358154, 5.89700651169, 6.25610303879, 3.3592236042, 4.55050325394, 4.7611117363, 3.0660443306, 1.49574625492, 0.732152760029, 0.334128588438, 0.135868132114, 0.0490918196738, 0.00779990013689, 0.00112274230924, 9.18241858017e-05],
        "dmean2": [0.176836490631, 2.63259339333, 5.68390274048, 5.76320362091, 4.65704154968, 8.21293830872, 8.2099571228, 14.6169843674, 10.5401382446, 15.7620687485, 10.6351556778, 15.1111087799, 21.1068382263, 6.01214933395, 5.44732666016, 5.21736383438, 4.98582935333, 7.89343929291, 8.01148033142, 13.3825054169, 33.5449104309, 20.2966175079, 13.1265153885, 13.6402578354, 12.5747060776, 8.94236469269, 9.32471656799, 9.52859687805, 5.33806800842, 7.3002448082, 8.0771780014, 5.28116464615, 2.56116580963, 1.22262918949, 0.55807518959, 0.227318525314, 0.0832580402493, 0.0132245765999, 0.00193711149041, 0.000160854629939],
        "dvar": [0.0517050623894, 10.9580078125, 53.6947288513, 86.7888793945, 58.0578994751, 362.053100586, 274.373291016, 755.999145508, 365.572723389, 1242.05871582, 670.686523438, 1402.43200684, 4914.50683594, 265.828369141, 68.5034790039, 101.901229858, 54.9999046326, 168.692504883, 142.50050354, 581.405212402, 6325.81298828, 1790.60314941, 578.015686035, 699.193664551, 298.547149658, 167.43447876, 204.677383423, 312.945281982, 75.3323822021, 164.224380493, 372.388641357, 181.439483643, 34.7588882446, 6.26975822449, 1.26431822777, 0.215063795447, 0.0305385924876, 0.000879440456629, 3.18375859933e-05, 3.71714492076e-07],
        "dvar2": [0.115470513701, 28.9294929504, 136.713684082, 236.872207642, 152.551086426, 790.988586426, 668.244140625, 2051.24853516, 855.087463379, 3317.0559082, 1784.76733398, 3442.30200195, 11496.1064453, 645.892028809, 167.112380981, 231.086502075, 129.885787964, 360.262420654, 319.163604736, 1333.47753906, 14022.8886719, 3636.47851562, 1149.03771973, 1654.90942383, 686.232727051, 412.663635254, 478.786987305, 660.571716309, 181.792755127, 406.955932617, 994.268676758, 487.034118652, 92.3631134033, 16.0324497223, 3.16617703438, 0.534337878227, 0.0769000649452, 0.00225446559489, 8.60725776874e-05, 1.0681258118e-06],
        "max": [2.77681660652, 55.4632873535, 110.929946899, 188.148834229, 152.430969238, 927.622314453, 626.515930176, 666.09161377, 539.570983887, 1056.43530273, 588.827392578, 1253.26855469, 3044.7331543, 1018.09716797, 329.993286133, 465.435424805, 238.58744812, 605.599914551, 331.917785645, 624.504516602, 3230.62548828, 1760.30334473, 1251.03857422, 1394.30883789, 546.528442383, 624.305786133, 404.569458008, 579.855957031, 308.14831543, 269.563262939, 245.847061157, 150.013870239, 75.5751190186, 36.1781387329, 16.8743972778, 7.09449768066, 2.61675596237, 0.534305930138, 0.0985719189048, 0.012589645572],
        "mean": [0.338028281927, 3.77112627029, 5.78282880783, 4.01333284378, 3.13271379471, 13.406712532, 10.390203476, 16.8263301849, 13.7736949921, 15.5554943085, 9.64447116852, 15.3971261978, 30.0576534271, 8.01005458832, 6.87207555771, 7.1290473938, 7.3941192627, 13.304561615, 12.5849027634, 18.7090015411, 46.0583190918, 29.4722366333, 19.6426868439, 18.613325119, 17.9966068268, 10.709195137, 12.6259450912, 13.3658704758, 6.4532365799, 8.21114635468, 5.36193752289, 2.68277525902, 1.41226875782, 0.757809579372, 0.310273587704, 0.120345726609, 0.0398590601981, 0.00618828739971, 0.000848754658364, 9.2208472779e-05],
        "median": [0.231643393636, 2.52061510086, 2.90916538239, 1.63950753212, 0.785185337067, 1.24915003777, 2.02923774719, 3.57098650932, 3.84302711487, 4.41117620468, 2.97287392616, 4.34000873566, 4.76715946198, 2.5936460495, 3.07260990143, 2.71375799179, 2.4085419178, 3.75253534317, 4.53357934952, 6.48772144318, 6.43481492996, 4.38121414185, 5.20962810516, 5.6953792572, 5.07976341248, 2.65245079994, 2.02813243866, 1.46066975594, 0.900712490082, 0.642800629139, 0.412466466427, 0.190370649099, 0.0948688089848, 0.0479019209743, 0.0170569866896, 0.00545377423987, 0.0012912643142, 0.000189497324754, 3.2128951716e-05, 3.70828056475e-05],
        "min": [1.09517281793e-22, 4.80762380336e-22, 3.82318678595e-21, 6.69861119024e-21, 1.59601381109e-20, 3.98846102663e-20, 5.6241205382e-20, 5.31069824981e-20, 1.30655181081e-19, 1.72938159528e-19, 1.64377912938e-19, 2.29854027635e-19, 5.97539299583e-19, 4.10852441847e-19, 1.06194108784e-18, 1.81573320247e-18, 2.17779966916e-18, 2.56199900751e-18, 2.52243599278e-18, 4.37695300584e-18, 3.88057060564e-18, 5.84270381639e-18, 4.96550235143e-18, 6.25659314846e-18, 9.40795772203e-18, 8.83206299904e-18, 1.07007409306e-17, 1.07490003019e-17, 1.00974524673e-17, 1.05698801305e-17, 1.10734850582e-17, 1.07115298473e-17, 9.20378804015e-18, 8.92574037623e-18, 6.18619759679e-18, 4.46445754771e-18, 2.41325952566e-18, 9.78741710866e-19, 2.64097392139e-19, 2.66724453141e-20],
        "var": [0.134251400828, 17.9019184113, 75.8535766602, 67.6343231201, 61.1302871704, 3758.52783203, 1169.27075195, 1860.57873535, 1237.52893066, 1609.20056152, 810.134765625, 2338.19726562, 19775.1035156, 708.170837402, 191.549789429, 300.597290039, 183.927429199, 747.542114258, 470.433837891, 1560.44689941, 25166.5058594, 6376.31835938, 2143.38427734, 1735.62060547, 972.459777832, 396.904846191, 859.346984863, 1349.28442383, 309.035583496, 512.080383301, 319.928466797, 125.533439636, 25.3184165955, 5.47147464752, 1.06512737274, 0.180294632912, 0.0242777671665, 0.000667991873343, 2.13519233512e-05, 2.12928810583e-07]
    },
    "gfcc": {
        "mean": [-54.6395759583, 115.441604614, -105.40486908, 48.7685775757, -41.3979797363, 9.48477745056, -22.7522106171, 12.7641830444, -6.36339950562, 3.20928740501, -7.71016597748, -1.40032637119, -4.24550390244],
        "cov": [[14828.1445312, -3492.72607422, -2138.91210938, 1123.84667969, -1082.46679688, 527.195068359, -720.30078125, 462.831054688, -287.595031738, 398.029266357, -373.307128906, 247.639160156, -331.951202393], [-3492.72607422, 3049.17285156, 90.432182312, -667.249084473, 777.693115234, -409.581329346, 409.432373047, -237.236816406, 248.370361328, -270.665405273, 281.890808105, -155.768005371, 276.372039795], [-2138.91210938, 90.432182312, 2139.6003418, -99.7267074585, 44.0069351196, 138.924102783, 19.2453250885, -25.2380218506, -127.03742218, -62.8596305847, -86.9111633301, 20.1318378448, -37.8837280273], [1123.84667969, -667.249084473, -99.7267074585, 669.409362793, -111.098022461, 115.508590698, 13.6682224274, 36.3034057617, 12.7818565369, 59.7321014404, -30.1350917816, 14.2375478745, -24.2094345093], [-1082.46679688, 777.693115234, 44.0069351196, -111.098022461, 568.065002441, -72.6282424927, 138.110488892, -29.4710063934, 69.7282333374, -57.0454063416, 92.2749786377, -52.705406189, 78.5125274658], [527.195068359, -409.581329346, 138.924102783, 115.508590698, -72.6282424927, 331.740844727, -9.96766090393, 44.1984825134, -13.7668790817, 50.4478340149, -22.6152153015, -15.8265542984, -84.0681991577], [-720.30078125, 409.432373047, 19.2453250885, 13.6682224274, 138.110488892, -9.96766090393, 277.133605957, 23.5063495636, 96.063331604, -34.6381950378, 42.4719696045, -34.9653205872, 49.5237197876], [462.831054688, -237.236816406, -25.2380218506, 36.3034057617, -29.4710063934, 44.1984825134, 23.5063495636, 174.462188721, 38.8106079102, 35.3959121704, -20.4169540405, 15.269742012, -20.8892879486], [-287.595031738, 248.370361328, -127.03742218, 12.7818565369, 69.7282333374, -13.7668790817, 96.063331604, 38.8106079102, 161.641571045, 16.3432636261, 55.5482940674, -20.4134197235, 39.1931991577], [398.029266357, -270.665405273, -62.8596305847, 59.7321014404, -57.0454063416, 50.4478340149, -34.6381950378, 35.3959121704, 16.3432636261, 137.767593384, 15.4530744553, 15.7230939865, -42.1581573486], [-373.307128906, 281.890808105, -86.9111633301, -30.1350917816, 92.2749786377, -22.6152153015, 42.4719696045, -20.4169540405, 55.5482940674, 15.4530744553, 134.905517578, 5.24165534973, 29.1108074188], [247.639160156, -155.768005371, 20.1318378448, 14.2375478745, -52.705406189, -15.8265542984, -34.9653205872, 15.269742012, -20.4134197235, 15.7230939865, 5.24165534973, 88.7393951416, 33.5821418762], [-331.951202393, 276.372039795, -37.8837280273, -24.2094345093, 78.5125274658, -84.0681991577, 49.5237197876, -20.8892879486, 39.1931991577, -42.1581573486, 29.1108074188, 33.5821418762, 123.036506653]],
        "icov": [[0.000157524846145, -0.000101762481791, 0.000188816164155, -0.000230606019613, 9.27264482016e-05, -0.000211990249227, 0.000284753186861, -0.000374120136257, 0.000256934610661, -0.000150210922584, 0.00036204373464, -0.000435553229181, 0.000184098505997], [-0.000101762481791, 0.00176061748061, -0.00030139752198, 0.00122774578631, -0.00082924583694, 0.000953827053308, -0.00109875109047, 0.00152344594244, -0.00129187479615, 0.00136707304046, -0.00196989858523, 0.00237317453139, -0.00150048942305], [0.000188816164155, -0.00030139752198, 0.00078850396676, -0.000277548766462, 5.51502598682e-05, -0.000624607724603, 0.000214147614315, -0.000458807044197, 0.000745060387999, -0.000119905023894, 0.000949197041336, -0.00118432240561, 0.000568794785067], [-0.000230606019613, 0.00122774578631, -0.000277548766462, 0.00274656619877, -0.000408579944633, 0.000260862201685, -0.00134041358251, 0.00145103526302, -0.00120442570187, 0.000453911052318, -0.00113407557365, 0.00166640430689, -0.00134748884011], [9.27264482016e-05, -0.00082924583694, 5.51502598682e-05, -0.000408579944633, 0.00301760714501, -0.000360339239705, 1.62694559549e-05, -0.00107099697925, 0.00101927120704, -0.000488397316076, -0.000557708903216, 0.000964834005572, -0.000934166368097], [-0.000211990249227, 0.000953827053308, -0.000624607724603, 0.000260862201685, -0.000360339239705, 0.00477530481294, -0.00107520993333, 0.000587736722082, -0.000945051084273, 0.000286610214971, -0.00147165835369, 0.00175279495306, 0.00143892748747], [0.000284753186861, -0.00109875109047, 0.000214147614315, -0.00134041358251, 1.62694559549e-05, -0.00107520993333, 0.0065737105906, -0.00230195326731, -0.00116584438365, 0.000207495060749, 0.000881090469193, 9.2674701591e-05, -0.000534633756615], [-0.000374120136257, 0.00152344594244, -0.000458807044197, 0.00145103526302, -0.00107099697925, 0.000587736722082, -0.00230195326731, 0.00959473941475, -0.00451935175806, 0.000505161995534, 0.000411475106375, -0.00109515571967, 0.0011676941067], [0.000256934610661, -0.00129187479615, 0.000745060387999, -0.00120442570187, 0.00101927120704, -0.000945051084273, -0.00116584438365, -0.00451935175806, 0.0127635514364, -0.00354684353806, -0.00172179483343, 0.00284479022957, -0.00365690235049], [-0.000150210922584, 0.00136707304046, -0.000119905023894, 0.000453911052318, -0.000488397316076, 0.000286610214971, 0.000207495060749, 0.000505161995534, -0.00354684353806, 0.0117792868987, -0.00343475630507, -0.00148409453686, 0.00346980290487], [0.00036204373464, -0.00196989858523, 0.000949197041336, -0.00113407557365, -0.000557708903216, -0.00147165835369, 0.000881090469193, 0.000411475106375, -0.00172179483343, -0.00343475630507, 0.0136370938271, -0.00632286909968, 0.0024071384687], [-0.000435553229181, 0.00237317453139, -0.00118432240561, 0.00166640430689, 0.000964834005572, 0.00175279495306, 9.2674701591e-05, -0.00109515571967, 0.00284479022957, -0.00148409453686, -0.00632286909968, 0.0238231364638, -0.0126050431281], [0.000184098505997, -0.00150048942305, 0.000568794785067, -0.00134748884011, -0.000934166368097, 0.00143892748747, -0.000534633756615, 0.0011676941067, -0.00365690235049, 0.00346980290487, 0.0024071384687, -0.0126050431281, 0.0191223658621]]
    },
    "melbands": {
        "dmean": [0.00145237357356, 0.00189126189798, 0.000545048562344, 0.000271379918559, 0.000188340985915, 0.000193273343029, 0.000101883349998, 0.000102869576949, 4.82693685626e-05, 6.37047050986e-05, 6.64524704916e-05, 1.51189378812e-05, 1.25516862681e-05, 1.05654235085e-05, 7.00909822626e-06, 7.45387205825e-06, 1.08607600851e-05, 8.8035412773e-06, 9.21551782085e-06, 1.46881675391e-05, 2.93017947115e-05, 1.65873880178e-05, 1.08174026536e-05, 9.0721032393e-06, 7.5158063737e-06, 7.64264041209e-06, 4.7090861699e-06, 3.43940837411e-06, 3.49970764546e-06, 5.09860956299e-06, 3.27950965584e-06, 1.66170354987e-06, 2.65152289103e-06, 2.61980244431e-06, 2.74270087175e-06, 2.56262319454e-06, 1.64954224147e-06, 1.16501223602e-06, 6.99041834196e-07, 5.99433008119e-07],
        "dmean2": [0.00230735912919, 0.00305601675063, 0.000939452147577, 0.000448973209132, 0.000302596890833, 0.000318037957186, 0.000162041236763, 0.000170859653736, 7.92008941062e-05, 0.000102943617094, 0.000103451842733, 2.35740026255e-05, 1.92728803086e-05, 1.60681756824e-05, 1.09386928671e-05, 1.1349219676e-05, 1.59242863447e-05, 1.32477807711e-05, 1.42017570397e-05, 2.26823522098e-05, 4.63489668618e-05, 2.59221342276e-05, 1.61000243679e-05, 1.40627535075e-05, 1.16626924864e-05, 1.18902707982e-05, 7.34657669454e-06, 5.5845530369e-06, 5.53867357667e-06, 7.8457633208e-06, 5.07104186909e-06, 2.65049470727e-06, 4.26984797741e-06, 4.2973492782e-06, 4.59529246655e-06, 4.43428507424e-06, 2.84919133264e-06, 1.99511805477e-06, 1.17873844374e-06, 1.00530860436e-06],
        "dvar": [8.27529311209e-06, 1.39490748552e-05, 2.22396488425e-06, 8.56458655107e-07, 3.56480484243e-07, 3.44395118645e-07, 8.13264620092e-08, 1.51289427208e-07, 3.81026410423e-08, 6.43463451411e-08, 1.210263747e-07, 4.663855524e-09, 1.19390775044e-09, 7.52560902484e-10, 3.1554475699e-10, 2.47047687862e-10, 7.37738869994e-10, 4.79220885197e-10, 6.51738218949e-10, 2.23600826743e-09, 1.1976346137e-08, 3.29583538239e-09, 1.63331015379e-09, 7.28911375703e-10, 5.36220734482e-10, 3.08644887426e-10, 1.61856500425e-10, 6.25110449515e-11, 9.29529994642e-11, 2.31086094704e-10, 8.38433350525e-11, 2.11990043575e-11, 5.85292578292e-11, 5.66438909666e-11, 1.10318233715e-10, 1.31906527367e-10, 5.12133113695e-11, 2.19927374923e-11, 5.55852456077e-12, 4.21401455397e-12],
        "dvar2": [2.10712041735e-05, 3.48930952896e-05, 6.00284511165e-06, 2.12824988921e-06, 7.96916253876e-07, 9.30046155645e-07, 1.94865080516e-07, 4.08807551366e-07, 1.01349584725e-07, 1.56623173098e-07, 2.83995490236e-07, 1.13094076326e-08, 2.77330980403e-09, 1.76512637839e-09, 7.68403785045e-10, 5.6550014671e-10, 1.56542856455e-09, 1.03913300187e-09, 1.61474045246e-09, 5.08846342839e-09, 2.73310689636e-08, 6.96966395708e-09, 2.72390443534e-09, 1.72001668464e-09, 1.26954169399e-09, 7.25309479144e-10, 3.27583238313e-10, 1.58169602416e-10, 2.22762405744e-10, 5.01303831779e-10, 1.81850270953e-10, 5.01017005661e-11, 1.39614778072e-10, 1.43753592363e-10, 2.89694185307e-10, 3.56786239442e-10, 1.37585401405e-10, 5.8232411948e-11, 1.44676510355e-11, 1.08031569801e-11],
        "max": [0.0399061739445, 0.0570051111281, 0.0295544750988, 0.0317967049778, 0.0224472396076, 0.0135495131835, 0.00713060935959, 0.010691693984, 0.00406035874039, 0.00858936272562, 0.0150922778994, 0.00447746785358, 0.00171950564254, 0.00111165212002, 0.000695271824952, 0.000506881915499, 0.00138461880852, 0.000714348454494, 0.000514195358846, 0.00171252188738, 0.00422544311732, 0.00213835737668, 0.00354651175439, 0.000817540218122, 0.00128741597291, 0.000607971101999, 0.000927629938815, 0.000313699041726, 0.000310710602207, 0.000448764796602, 0.000258470565313, 0.000173345586518, 0.000326761684846, 0.000125962018501, 0.000142206976307, 0.000137934242957, 7.98701876192e-05, 5.92238320678e-05, 3.31158116751e-05, 2.94886103802e-05],
        "mean": [0.00380480685271, 0.00392002984881, 0.00066083780257, 0.000556408660486, 0.000461003510281, 0.000367307075066, 0.000210431360756, 0.000160156385391, 6.92937901476e-05, 0.000106871033495, 0.000147909144289, 2.91255564662e-05, 2.28471981245e-05, 2.03439813049e-05, 1.49380666699e-05, 1.66393856489e-05, 2.60358538071e-05, 1.97718509298e-05, 1.90018727153e-05, 3.02326934616e-05, 6.05002860539e-05, 3.35435615852e-05, 2.1191972337e-05, 1.73343396455e-05, 1.4101035049e-05, 1.52620486915e-05, 9.5036066341e-06, 5.93351433054e-06, 6.62205229673e-06, 1.07521345853e-05, 6.20859054834e-06, 2.85354849439e-06, 4.87267379867e-06, 4.35317815572e-06, 3.20535832543e-06, 2.27637701755e-06, 1.36509584081e-06, 1.05961885311e-06, 7.47639717247e-07, 5.9506476191e-07],
        "median": [0.00287019088864, 0.00232204748318, 0.000281800952507, 6.69564615237e-05, 7.36133588362e-05, 7.47532467358e-05, 5.90437557548e-05, 4.38114693679e-05, 2.13105195144e-05, 2.79429077636e-05, 2.2708245524e-05, 8.56732549437e-06, 8.78150240169e-06, 7.6489559433e-06, 4.97483597428e-06, 5.33985257789e-06, 6.63509263177e-06, 5.30013858224e-06, 6.82076733938e-06, 7.44331191527e-06, 5.85537964071e-06, 3.6015560454e-06, 3.71433816326e-06, 4.17815817855e-06, 3.86370356864e-06, 3.93332720705e-06, 2.47159232458e-06, 1.28050351123e-06, 1.09306802187e-06, 8.96237338566e-07, 6.5522181103e-07, 3.77001128982e-07, 4.05457967645e-07, 2.87096213469e-07, 2.44886280143e-07, 1.53398431735e-07, 8.71966676641e-08, 6.63320278704e-08, 5.13983451356e-08, 3.47946169654e-08],
        "min": [9.25173900276e-25, 2.02711732992e-24, 1.81136229462e-24, 1.392519358e-24, 1.99768236574e-24, 1.13821259166e-24, 2.07834280166e-24, 1.63619247656e-24, 1.33033276259e-24, 1.66183292117e-24, 2.89620874186e-24, 1.10765557145e-24, 3.25929715906e-24, 4.16988127411e-24, 2.69461435145e-24, 4.11201083253e-24, 3.57427472458e-24, 3.12502060843e-24, 4.70879041822e-24, 4.67722769897e-24, 4.96097978328e-24, 4.81365685379e-24, 2.72839081161e-24, 4.42083094426e-24, 4.0049198092e-24, 4.64749434816e-24, 6.11251672867e-24, 5.07554368597e-24, 5.95387246189e-24, 5.96277120733e-24, 6.16722896561e-24, 5.65517737988e-24, 5.62333343172e-24, 4.81572958582e-24, 6.14596955864e-24, 5.7701238801e-24, 5.72438769697e-24, 5.8643205775e-24, 6.89482890508e-24, 5.85150119336e-24],
        "var": [1.52311313286e-05, 2.36598316405e-05, 1.78009645424e-06, 4.81549386677e-06, 2.73244131677e-06, 8.57345128225e-07, 2.54804831457e-07, 1.74386784124e-07, 4.42687309032e-08, 1.12363274241e-07, 4.91885998599e-07, 1.16807745698e-08, 3.35704930521e-09, 2.10029704739e-09, 8.89988915898e-10, 9.78967240606e-10, 3.26869575851e-09, 1.57634172382e-09, 1.30650379404e-09, 6.71187772028e-09, 4.50647021921e-08, 1.06430810831e-08, 7.06975633591e-09, 1.59714397263e-09, 1.27429033991e-09, 8.15531142617e-10, 4.95318397409e-10, 1.29664515236e-10, 2.93719326638e-10, 9.81697723113e-10, 3.27269850109e-10, 7.66888566539e-11, 2.25347754346e-10, 1.43605682901e-10, 1.11079437315e-10, 9.27001600481e-11, 3.48525895644e-11, 1.59424331375e-11, 4.82026875012e-12, 3.63074132391e-12]
    },
    "mfcc": {
        "mean": [-695.292480469, 135.344543457, 7.00962781906, 42.124332428, 11.3257274628, 8.74489212036, 1.44926762581, 10.1581726074, 6.96158075333, 9.71244430542, 4.55117750168, 3.81928801537, 4.42552232742],
        "cov": [[11056.7998047, -3314.26464844, -1696.72399902, 229.337127686, -396.356445312, -101.029823303, -332.842926025, -81.4711227417, -64.7014770508, 100.137458801, 62.0747451782, 44.1321029663, 52.0941772461], [-3314.26464844, 3082.24804688, -149.64201355, -166.32723999, 248.592498779, -67.2535247803, 169.21105957, 23.9724292755, 75.7048721313, -54.8357810974, -68.4461898804, 62.2761230469, -17.1120147705], [-1696.72399902, -149.64201355, 1705.75732422, 4.65246248245, 96.643196106, 126.857215881, 69.6996765137, 72.9941711426, 3.33699727058, -27.8060779572, -2.67947006226, -100.765464783, -42.5679092407], [229.337127686, -166.32723999, 4.65246248245, 407.132781982, 23.9759616852, 39.3471069336, 18.8522605896, 37.6271743774, 48.2704086304, -10.3962955475, 4.50308609009, -10.1371555328, 17.8523712158], [-396.356445312, 248.592498779, 96.643196106, 23.9759616852, 306.034332275, 72.5701141357, 58.7576026917, 15.565621376, -8.7487859726, 14.7343177795, -16.7507228851, 33.4138336182, 1.92610120773], [-101.029823303, -67.2535247803, 126.857215881, 39.3471069336, 72.5701141357, 218.308044434, 70.4198226929, 22.3705539703, -4.96720933914, 41.8090934753, 38.4955749512, -18.2290248871, 6.92901945114], [-332.842926025, 169.21105957, 69.6996765137, 18.8522605896, 58.7576026917, 70.4198226929, 143.263519287, 53.1623725891, 25.422580719, 19.382478714, 11.5738592148, 20.9828834534, 2.74505138397], [-81.4711227417, 23.9724292755, 72.9941711426, 37.6271743774, 15.565621376, 22.3705539703, 53.1623725891, 133.901550293, 60.3265304565, 25.5946216583, -0.887382626534, 12.8579406738, 7.3420882225], [-64.7014770508, 75.7048721313, 3.33699727058, 48.2704086304, -8.7487859726, -4.96720933914, 25.422580719, 60.3265304565, 131.322723389, 34.1265602112, 8.01334476471, 5.76273107529, 7.93315887451], [100.137458801, -54.8357810974, -27.8060779572, -10.3962955475, 14.7343177795, 41.8090934753, 19.382478714, 25.5946216583, 34.1265602112, 118.779922485, 59.644947052, 22.5452899933, 17.5277957916], [62.0747451782, -68.4461898804, -2.67947006226, 4.50308609009, -16.7507228851, 38.4955749512, 11.5738592148, -0.887382626534, 8.01334476471, 59.644947052, 112.882125854, 30.4339962006, 18.0212841034], [44.1321029663, 62.2761230469, -100.765464783, -10.1371555328, 33.4138336182, -18.2290248871, 20.9828834534, 12.8579406738, 5.76273107529, 22.5452899933, 30.4339962006, 112.708618164, 36.3282089233], [52.0941772461, -17.1120147705, -42.5679092407, 17.8523712158, 1.92610120773, 6.92901945114, 2.74505138397, 7.3420882225, 7.93315887451, 17.5277957916, 18.0212841034, 36.3282089233, 78.8045959473]],
