{
"lowlevel": {
    "average_loudness": 0.940960109234,
    "barkbands_crest": {
        "dmean": 2.91909575462,
        "dmean2": 5.00439071655,
        "dvar": 7.58568668365,
        "dvar2": 20.7499103546,
        "max": 24.9873428345,
        "mean": 10.9164819717,
        "median": 9.82443237305,
        "min": 2.05729675293,
        "var": 20.970199585
    },
    "barkbands_flatness_db": {
        "dmean": 0.0251703355461,
        "dmean2": 0.0396289974451,
        "dvar": 0.000581827596761,
        "dvar2": 0.00130523950793,
        "max": 0.480423867702,
        "mean": 0.141964897513,
        "median": 0.131501272321,
        "min": 0.0133444787934,
        "var": 0.00457410374656
    },
    "barkbands_kurtosis": {
        "dmean": 5.1085729599,
        "dmean2": 8.4210357666,
        "dvar": 135.549499512,
        "dvar2": 307.283599854,
        "max": 541.123413086,
        "mean": 10.007232666,
        "median": 6.76366138458,
        "min": -1.75856351852,
        "var": 333.880310059
    },
    "barkbands_skewness": {
        "dmean": 0.675511062145,
        "dmean2": 1.08832466602,
        "dvar": 0.528301775455,
        "dvar2": 1.18219745159,
        "max": 19.357093811,
        "mean": 2.45037794113,
        "median": 2.61516308784,
        "min": -2.33582305908,
        "var": 2.88228416443
    },
    "barkbands_spread": {
        "dmean": 6.03568458557,
        "dmean2": 9.79159736633,
        "dvar": 49.3580703735,
        "dvar2": 115.197212219,
        "max": 93.9904251099,
        "mean": 22.3403167725,
        "median": 19.1435928345,
        "min": 0.276985943317,
        "var": 210.022460938
    },
    "dissonance": {
        "dmean": 0.0104532809928,
        "dmean2": 0.0177421774715,
        "dvar": 0.000113626891107,
        "dvar2": 0.000319265585858,
        "max": 0.500000119209,
        "mean": 0.478398174047,
        "median": 0.481679201126,
        "min": 0.319343328476,
        "var": 0.000248739554081
    },
    "dynamic_complexity": 2.16684222221,
    "erbbands_crest": {
        "dmean": 1.84334003925,
        "dmean2": 3.04064178467,
        "dvar": 3.43743109703,
        "dvar2": 8.85451221466,
        "max": 25.0699958801,
        "mean": 6.540995121,
        "median": 5.85460710526,
        "min": 2.21444296837,
        "var": 8.52886390686
    },
    "erbbands_flatness_db": {
        "dmean": 0.0152968103066,
        "dmean2": 0.0216914061457,
        "dvar": 0.000269765820121,
        "dvar2": 0.000501727452502,
        "max": 0.402358680964,
        "mean": 0.115988314152,
        "median": 0.0996491536498,
        "min": 0.0336016342044,
        "var": 0.00245837471448
    },
    "erbbands_kurtosis": {
        "dmean": 0.524325549603,
        "dmean2": 0.844663977623,
        "dvar": 0.626953721046,
        "dvar2": 1.55104470253,
        "max": 22.3013515472,
        "mean": -0.37610694766,
        "median": -0.6905772686,
        "min": -1.78192555904,
        "var": 1.5489076376
    },
    "erbbands_skewness": {
        "dmean": 0.28579723835,
        "dmean2": 0.453645855188,
        "dvar": 0.0831689983606,
        "dvar2": 0.185306861997,
        "max": 4.40530443192,
        "mean": -0.108463123441,
        "median": -0.195015519857,
        "min": -2.8094291687,
        "var": 0.390715152025
    },
    "erbbands_spread": {
        "dmean": 8.99762821198,
        "dmean2": 14.0423154831,
        "dvar": 87.0266342163,
        "dvar2": 188.677642822,
        "max": 124.250862122,
        "mean": 55.0985565186,
        "median": 56.2153511047,
        "min": 4.24424219131,
        "var": 368.981292725
    },
    "hfc": {
        "dmean": 6.11061763763,
        "dmean2": 9.11820316315,
        "dvar": 66.498916626,
        "dvar2": 145.797592163,
        "max": 105.256149292,
        "mean": 25.8412647247,
        "median": 22.0073451996,
        "min": 1.20704021399e-16,
        "var": 323.318603516
    },
    "melbands_crest": {
        "dmean": 4.04978132248,
        "dmean2": 6.8052110672,
        "dvar": 15.3614473343,
        "dvar2": 38.2340393066,
        "max": 37.745967865,
        "mean": 17.6280479431,
        "median": 16.4215717316,
        "min": 1.56728959084,
        "var": 56.1083908081
    },
    "melbands_flatness_db": {
        "dmean": 0.0298488661647,
        "dmean2": 0.0469699501991,
        "dvar": 0.000874513294548,
        "dvar2": 0.00181375164539,
        "max": 0.585254728794,
        "mean": 0.223628938198,
        "median": 0.226795777678,
        "min": 0.00289569585584,
        "var": 0.00795878097415
    },
    "melbands_kurtosis": {
        "dmean": 14.6836490631,
        "dmean2": 24.0814151764,
        "dvar": 600.58984375,
        "dvar2": 1442.98254395,
        "max": 1035.08630371,
        "mean": 34.0492782593,
        "median": 29.0381774902,
        "min": -1.75822603703,
        "var": 1420.4810791
    },
    "melbands_skewness": {
        "dmean": 1.02603268623,
        "dmean2": 1.64741539955,
        "dvar": 1.18141818047,
        "dvar2": 2.66904592514,
        "max": 23.099149704,
        "mean": 4.50428581238,
        "median": 4.71645593643,
        "min": -1.00220680237,
        "var": 5.23417854309
    },
    "melbands_spread": {
        "dmean": 6.30404376984,
        "dmean2": 10.0866003036,
        "dvar": 97.5036239624,
        "dvar2": 194.22467041,
        "max": 155.869827271,
        "mean": 21.0926399231,
        "median": 11.2389793396,
        "min": 0.229186177254,
        "var": 633.577514648
    },
    "pitch_salience": {
        "dmean": 0.0871785730124,
        "dmean2": 0.148564502597,
        "dvar": 0.0074127712287,
        "dvar2": 0.0184941999614,
        "max": 0.87016749382,
        "mean": 0.545280635357,
        "median": 0.577030658722,
        "min": 0.0442673526704,
        "var": 0.0218722373247
    },
    "silence_rate_20dB": {
        "dmean": 0,
        "dmean2": 0,
        "dvar": 0,
        "dvar2": 0,
        "max": 1,
        "mean": 1,
        "median": 1,
        "min": 1,
        "var": 0
    },
    "silence_rate_30dB": {
        "dmean": 0.113475173712,
        "dmean2": 0.226971536875,
        "dvar": 0.100595735013,
        "dvar2": 0.234810471535,
        "max": 1,
        "mean": 0.846598863602,
        "median": 1,
        "min": 0,
        "var": 0.129879593849
    },
    "silence_rate_60dB": {
        "dmean": 0.00541246728972,
        "dmean2": 0.0107326181605,
        "dvar": 0.00538397114724,
        "dvar2": 0.0117368139327,
        "max": 1,
        "mean": 0.0446953438222,
        "median": 0,
        "min": 0,
        "var": 0.0426982939243
    },
    "spectral_centroid": {
        "dmean": 283.40411377,
        "dmean2": 443.657104492,
        "dvar": 110725.210938,
        "dvar2": 213356.328125,
        "max": 11381.3017578,
        "mean": 1509.09350586,
        "median": 1373.96154785,
        "min": 165.696456909,
        "var": 653348.5625
    },
    "spectral_complexity": {
        "dmean": 3.3309071064,
        "dmean2": 5.05506277084,
        "dvar": 11.7753829956,
        "dvar2": 22.7304973602,
        "max": 49,
        "mean": 20.8309230804,
        "median": 21,
        "min": 0,
        "var": 85.171295166
    },
    "spectral_decrease": {
        "dmean": 6.22682438944e-09,
        "dmean2": 1.03482129532e-08,
        "dvar": 4.78534473012e-17,
        "dvar2": 1.2626563973e-16,
        "max": 9.43882810249e-18,
        "mean": -1.60948712136e-08,
        "median": -1.56111870098e-08,
        "min": -7.6314307762e-08,
        "var": 1.34037365545e-16
    },
    "spectral_energy": {
        "dmean": 0.0238476246595,
        "dmean2": 0.0395723767579,
        "dvar": 0.000697971205227,
        "dvar2": 0.00183395890053,
        "max": 0.29098072648,
        "mean": 0.0630895793438,
        "median": 0.061338249594,
        "min": 1.08625002611e-20,
        "var": 0.00197378150187
    },
    "spectral_energyband_high": {
        "dmean": 0.000431275053415,
        "dmean2": 0.000630258989986,
        "dvar": 4.89667797865e-07,
        "dvar2": 1.07826906515e-06,
        "max": 0.00917592924088,
        "mean": 0.00134521233849,
        "median": 0.000737225404009,
        "min": 7.9163236417e-21,
        "var": 2.07559810406e-06
    },
    "spectral_energyband_low": {
        "dmean": 0.0212283749133,
        "dmean2": 0.0358937345445,
        "dvar": 0.000594800105318,
        "dvar2": 0.00169051252306,
        "max": 0.274030923843,
        "mean": 0.0427803583443,
        "median": 0.0374240130186,
        "min": 4.35007027883e-23,
        "var": 0.00131427345332
    },
    "spectral_energyband_middle_high": {
        "dmean": 0.000812562648207,
        "dmean2": 0.00125377834775,
        "dvar": 8.36729270759e-07,
        "dvar2": 1.90375010334e-06,
        "max": 0.0158746484667,
        "mean": 0.00403107237071,
        "median": 0.00362395285629,
        "min": 1.53899366249e-21,
        "var": 6.6124885052e-06
    },
    "spectral_energyband_middle_low": {
        "dmean": 0.00872347690165,
        "dmean2": 0.0146750919521,
        "dvar": 0.000120551041618,
        "dvar2": 0.000312529940857,
        "max": 0.0974998474121,
        "mean": 0.016976505518,
        "median": 0.0136456703767,
        "min": 2.573666655e-22,
        "var": 0.000224363073357
    },
    "spectral_entropy": {
        "dmean": 0.147552877665,
        "dmean2": 0.217911422253,
        "dvar": 0.023126296699,
        "dvar2": 0.0453215055168,
        "max": 9.79054450989,
        "mean": 7.59240579605,
        "median": 7.65368509293,
        "min": 5.52077198029,
        "var": 0.231639608741
    },
    "spectral_flux": {
        "dmean": 0.0388771407306,
        "dmean2": 0.0633866041899,
        "dvar": 0.00176885526162,
        "dvar2": 0.00412386842072,
        "max": 0.396621823311,
        "mean": 0.127173006535,
        "median": 0.13208848238,
        "min": 1.04223317476e-10,
        "var": 0.00509869772941
    },
    "spectral_kurtosis": {
        "dmean": 1.16928470135,
        "dmean2": 1.957254529,
        "dvar": 3.32299947739,
        "dvar2": 9.50286579132,
        "max": 42.4598693848,
        "mean": 4.04303073883,
        "median": 3.49775505066,
        "min": -1.21892094612,
        "var": 6.72820615768
    },
    "spectral_rms": {
        "dmean": 0.00141518528108,
        "dmean2": 0.00229440606199,
        "dvar": 2.14342981053e-06,
        "dvar2": 5.08738503413e-06,
        "max": 0.0168488454074,
        "mean": 0.00718691246584,
        "median": 0.00773577345535,
        "min": 3.25538966443e-12,
        "var": 9.89900581772e-06
    },
    "spectral_rolloff": {
        "dmean": 437.096252441,
        "dmean2": 721.572570801,
        "dvar": 701361.4375,
        "dvar2": 1419122.125,
        "max": 19250.6835938,
        "mean": 1505.67224121,
        "median": 301.46484375,
        "min": 43.06640625,
        "var": 10014029
    },
    "spectral_skewness": {
        "dmean": 0.160910695791,
        "dmean2": 0.259218782187,
        "dvar": 0.0334979556501,
        "dvar2": 0.0860597342253,
        "max": 5.01638460159,
        "mean": 1.46289110184,
        "median": 1.41449654102,
        "min": -0.0546478889883,
        "var": 0.130996227264
    },
    "spectral_spread": {
        "dmean": 589976.875,
        "dmean2": 848933.4375,
        "dvar": 617434841088,
        "dvar2": 1.1270741033e+12,
        "max": 41186736,
        "mean": 5259901,
        "median": 5341975.5,
        "min": 1381748.875,
        "var": 2.97167303475e+12
    },
    "spectral_strongpeak": {
        "dmean": 0.283392995596,
        "dmean2": 0.497229486704,
        "dvar": 0.207336500287,
        "dvar2": 0.550686895847,
        "max": 6.09228944778,
        "mean": 0.4359793365,
        "median": 0.338667958975,
        "min": 0,
        "var": 0.269645094872
    },
    "zerocrossingrate": {
        "dmean": 0.00961894914508,
        "dmean2": 0.0117521528155,
        "dvar": 0.000114959519124,
        "dvar2": 0.000136125032441,
        "max": 0.52685546875,
        "mean": 0.0609158761799,
        "median": 0.04248046875,
        "min": 0.001953125,
        "var": 0.00621275417507
    },
    "barkbands": {
        "dmean": [0.00506241060793, 0.015501354821, 0.00771085591987, 0.00553407194093, 0.00445446418598, 0.00128385785501, 0.000373049260816, 0.000163431104738, 0.000196479668375, 0.000149589584908, 0.000109510197944, 0.000126729719341, 0.000172366097104, 0.000173124237335, 0.000241588903009, 0.000189553538803, 0.000270599557552, 0.000127680177684, 0.000173601001734, 0.000167795835296, 0.000101579295006, 8.02965878393e-05, 9.05852793949e-05, 0.000113418253022, 6.75386982039e-05, 5.59282525501e-05, 2.22364724323e-05],
        "dmean2": [0.0089050354436, 0.0273669157177, 0.0133122717962, 0.00990225467831, 0.00757879996672, 0.00217830506153, 0.000619420490693, 0.000264225760475, 0.000306775560603, 0.000221976399189, 0.000171671679709, 0.000198100140551, 0.000254568672972, 0.00025927493698, 0.000383992010029, 0.000304210057948, 0.000435746071162, 0.000207718097954, 0.000278799619991, 0.000268719042651, 0.000160191484611, 0.000127121689729, 0.000147005208419, 0.000171063278685, 0.000103694481368, 8.35807732074e-05, 3.50599766534e-05],
        "dvar": [4.22560260631e-05, 0.000388985616155, 0.000110058565042, 5.9551835875e-05, 3.74806477339e-05, 3.79839684683e-06, 4.64187735361e-07, 8.31430142512e-08, 7.60961711421e-08, 5.31542134752e-08, 5.83675472399e-08, 4.52116886152e-08, 1.23069696656e-07, 1.250083983e-07, 1.13585663541e-07, 6.09710326671e-08, 1.3445453817e-07, 2.85530621369e-08, 5.95924234403e-08, 5.30732258142e-08, 2.18036344535e-08, 1.7359596427e-08, 2.77602989485e-08, 6.21747915375e-08, 1.34223725468e-08, 9.88266712909e-09, 2.21418550161e-09],
        "dvar2": [0.000129943568027, 0.00118626106996, 0.000303646404063, 0.000171805819264, 0.000100622062746, 9.92431796476e-06, 1.21966991173e-06, 2.01930220101e-07, 1.76941540531e-07, 1.09440200902e-07, 1.36532094075e-07, 1.18209811717e-07, 2.52540615975e-07, 2.72517468147e-07, 2.80673418729e-07, 1.5007589127e-07, 3.41507387702e-07, 7.47901509612e-08, 1.53170475414e-07, 1.41646694374e-07, 5.52768355533e-08, 4.71397143542e-08, 7.25623294784e-08, 1.48371469777e-07, 3.16105790432e-08, 2.28150565107e-08, 4.71482541897e-09],
        "max": [0.0500977188349, 0.237386241555, 0.107547305524, 0.0795079097152, 0.0756250023842, 0.0215706713498, 0.0182501524687, 0.00457677710801, 0.00570796430111, 0.00590002397075, 0.00711293378845, 0.00557554606348, 0.0096338680014, 0.0085158534348, 0.00583345070481, 0.00292731425725, 0.00571404676884, 0.00291419727728, 0.0040346737951, 0.00422233436257, 0.00216743652709, 0.00233119726181, 0.0022841503378, 0.00297940475866, 0.00134524621535, 0.00107071781531, 0.00244183838367],
        "mean": [0.00675957649946, 0.0231993831694, 0.0109012397006, 0.00682242494076, 0.00673575885594, 0.00184371287469, 0.000611880619545, 0.000255840655882, 0.000455588218756, 0.000376708601834, 0.00022225601424, 0.000287234201096, 0.000372702721506, 0.000387089705328, 0.000525336945429, 0.000418664392782, 0.0005754668382, 0.000295440404443, 0.000417894654674, 0.000404640275519, 0.000251665711403, 0.000219109584577, 0.000197914167074, 0.000239833054366, 0.000143976227264, 0.000110857450636, 5.759645137e-05],
        "median": [0.00400947732851, 0.0163861736655, 0.00668624043465, 0.00356738176197, 0.00471659516916, 0.00101360946428, 0.000347430934198, 0.000142508244608, 0.000277337559965, 0.0002295399172, 0.000127291830722, 0.000163916585734, 0.000161523203133, 0.000164632205269, 0.000376370240701, 0.000276231090538, 0.000417035567807, 0.000221140144276, 0.000267987110419, 0.000288356270175, 0.000137187351356, 0.000103292659333, 9.68959357124e-05, 9.38464363571e-05, 6.09014205111e-05, 4.87050383526e-05, 2.38729298871e-05],
        "min": [2.82682057608e-23, 2.66437392085e-23, 5.85513961707e-25, 1.24407703488e-23, 4.3402748352e-23, 5.43700921907e-23, 5.58966074621e-23, 4.79750571562e-24, 8.19047835273e-23, 4.22274055567e-23, 7.32239056908e-23, 5.71763733532e-23, 1.15639195827e-22, 2.06493947112e-22, 1.07805377898e-22, 1.92335345367e-22, 1.20294850941e-22, 2.40645767805e-22, 2.81573764834e-22, 2.51340727439e-22, 3.44785403739e-22, 3.901067123e-22, 1.05248070072e-21, 9.66711603165e-22, 1.19046405984e-21, 1.81538881423e-21, 2.14376376543e-21],
        "var": [6.09387934674e-05, 0.000580381718464, 0.000167697202414, 7.2103975981e-05, 5.18056112924e-05, 5.32936746822e-06, 7.51160996515e-07, 1.21703365608e-07, 2.76662177612e-07, 2.03369239671e-07, 1.45621399383e-07, 1.42193528063e-07, 3.62037809509e-07, 3.88884473068e-07, 2.59509590705e-07, 1.82634053658e-07, 3.17992345344e-07, 8.06926294672e-08, 2.26043397333e-07, 1.6552998261e-07, 8.05128408388e-08, 7.39398586802e-08, 5.94230478157e-08, 1.20546829407e-07, 3.47852733285e-08, 2.17955200554e-08, 1.35071305252e-08]
    },
    "erbbands": {
        "dmean": [0.633046150208, 3.13423752785, 7.95863819122, 13.8109788895, 16.2746734619, 16.5313224792, 12.9734716415, 8.98026561737, 5.92200279236, 5.28274917603, 3.35707521439, 4.67940759659, 5.27991008759, 3.71178460121, 3.55521726608, 5.68222093582, 8.13695812225, 8.5881061554, 8.09637641907, 14.0792655945, 12.157248497, 11.4584760666, 7.19190120697, 11.2816963196, 6.34434652328, 8.19629001617, 5.05014276505, 3.06930088997, 2.86494493484, 3.05706596375, 2.82169795036, 2.90147089958, 1.37237501144, 0.849962115288, 0.457009881735, 0.260613977909, 0.0933014079928, 0.0262893363833, 0.00356776244007, 0.000253463425906],
        "dmean2": [1.11166810989, 5.53375577927, 13.4810419083, 24.2102432251, 28.4685955048, 28.5371494293, 21.9789009094, 15.231803894, 9.92498970032, 8.57799530029, 5.37625312805, 7.26021575928, 7.74901866913, 5.96041584015, 5.49744462967, 8.94849777222, 11.9046192169, 12.7933139801, 12.595541954, 22.5600128174, 19.3946971893, 18.6556453705, 11.7005672455, 18.1660480499, 10.2249097824, 13.2365112305, 8.01132011414, 4.84678220749, 4.54870891571, 4.92813205719, 4.52946233749, 4.36312437057, 2.14478373528, 1.33561646938, 0.690209925175, 0.389622360468, 0.141867920756, 0.0418569743633, 0.0055758357048, 0.000398014759412],
        "dvar": [0.685259461403, 17.0982780457, 107.139862061, 389.239959717, 481.470611572, 624.717834473, 433.068267822, 189.84223938, 100.662605286, 125.985977173, 31.0970420837, 50.0126495361, 66.3437652588, 54.5912895203, 44.6195983887, 93.4331512451, 293.260253906, 336.708251953, 148.52947998, 519.072998047, 272.103759766, 217.518600464, 72.6725006104, 322.587677002, 73.1640625, 150.945053101, 48.4095115662, 21.4138298035, 18.6382408142, 27.5764102936, 25.6474380493, 43.202671051, 7.08449697495, 2.16133856773, 0.573178470135, 0.18940423429, 0.0266455356032, 0.00283571099862, 4.24064419349e-05, 5.765840001e-07],
        "dvar2": [2.07679653168, 51.3188247681, 294.397918701, 1096.00317383, 1367.31591797, 1735.71166992, 1115.3918457, 495.151885986, 262.251678467, 326.026550293, 77.2900466919, 115.686401367, 137.247879028, 122.796585083, 106.093032837, 250.502700806, 601.837219238, 722.781494141, 355.973388672, 1298.65686035, 674.839233398, 562.745910645, 191.066253662, 837.690551758, 190.948852539, 414.379669189, 124.533226013, 53.0402488708, 48.7491722107, 74.7130050659, 66.7809371948, 101.693733215, 17.4285583496, 5.32672166824, 1.29138541222, 0.407148599625, 0.0622974596918, 0.00707900850102, 9.7010160971e-05, 1.04374589682e-06],
        "max": [8.5607624054, 44.819480896, 105.8019104, 203.726150513, 303.706787109, 336.260467529, 295.111846924, 178.483901978, 156.51550293, 410.093688965, 70.542098999, 152.499298096, 231.855529785, 237.687637329, 182.163131714, 281.201263428, 485.181060791, 444.80581665, 322.669433594, 416.337921143, 210.074417114, 216.016845703, 123.035827637, 284.114654541, 193.635681152, 254.771179199, 109.508255005, 91.649307251, 69.6213226318, 86.9819564819, 75.0245437622, 84.3352661133, 30.2353782654, 16.434223175, 9.27943611145, 5.65036821365, 1.91728270054, 0.651989936829, 0.17898774147, 0.0600457191467],
        "mean": [0.967255234718, 4.09815311432, 11.2133684158, 20.3700523376, 22.8227005005, 21.9586009979, 17.6376209259, 13.2380723953, 9.15626716614, 9.10450363159, 6.3282790184, 11.2109336853, 13.7492647171, 8.44377231598, 8.318359375, 13.7468118668, 19.0328426361, 20.0532608032, 19.1437397003, 29.475019455, 29.5739688873, 26.1316890717, 18.1556892395, 25.6689949036, 17.4232769012, 18.9999961853, 12.6783981323, 7.94921016693, 7.47909355164, 7.20045995712, 6.19203805923, 5.55715560913, 2.92191648483, 1.74839007854, 0.990687072277, 0.534686267376, 0.194622039795, 0.0529248714447, 0.00887508504093, 0.000741754367482],
        "median": [0.620622515678, 2.61125540733, 7.0632853508, 13.2130498886, 16.1300048828, 13.5870771408, 9.77280426025, 7.11641120911, 5.04120349884, 4.42596197128, 4.24806833267, 6.39468431473, 8.05699539185, 5.30411529541, 5.64852666855, 8.86901187897, 9.27224063873, 8.30362606049, 13.4298868179, 20.1629619598, 18.2275943756, 20.2587852478, 15.0669240952, 14.8621826172, 12.6941099167, 12.7952213287, 8.1952495575, 4.42692947388, 3.86800456047, 3.3751540184, 2.80834269524, 2.26063752174, 1.21337819099, 0.722045123577, 0.415680974722, 0.224519297481, 0.0849394723773, 0.024236837402, 0.00392687926069, 0.000305589375785],
        "min": [5.9717835803e-22, 6.68192136735e-21, 4.36738963797e-21, 2.46576530618e-20, 4.8441696768e-20, 1.75679384379e-19, 3.20180547863e-19, 5.45437364147e-19, 7.91753811086e-19, 4.27995475698e-19, 2.93897917875e-19, 2.06836636246e-18, 1.1819447288e-18, 2.02707247231e-18, 2.98298203371e-18, 2.74426205163e-18, 3.89831569773e-18, 9.04916482261e-18, 8.58373924325e-18, 1.16796901604e-17, 6.09837293603e-18, 7.74085543394e-18, 1.22260892771e-17, 1.14904998922e-17, 1.59413354296e-17, 1.28678432933e-17, 9.54480648257e-18, 1.91320208608e-17, 1.50103783918e-17, 1.64644196336e-17, 3.58240607466e-17, 1.95069024231e-17, 1.66720436217e-17, 1.3859913262e-17, 8.34243659649e-18, 5.68372507934e-18, 3.8863964387e-18, 1.24336092473e-18, 3.15777387914e-19, 3.12851339895e-20],
        "var": [1.16368281841, 21.1442985535, 171.663574219, 549.604858398, 619.133728027, 746.336608887, 563.590454102, 269.820098877, 143.969146729, 245.923339844, 47.3455467224, 193.311950684, 270.185852051, 161.374557495, 108.775924683, 266.954803467, 874.67565918, 1063.87902832, 394.180969238, 1039.25036621, 923.444030762, 532.273925781, 199.368896484, 1074.10949707, 272.597564697, 421.572509766, 179.36706543, 77.1428222656, 72.2301101685, 79.8529815674, 60.6120758057, 72.7958526611, 15.2431316376, 5.07968330383, 1.65670216084, 0.508685410023, 0.0677008256316, 0.00576052442193, 0.000182423711522, 5.25722680322e-06]
    },
    "gfcc": {
        "mean": [10.1646356583, 69.2274093628, -93.9680786133, 45.9383163452, -33.7624320984, 10.6089849472, -32.0241470337, 4.03569793701, -18.983259201, -2.2823176384, -13.6949415207, -0.965322434902, -7.20237779617],
        "cov": [[29456.5488281, 2311.75952148, 1322.53564453, 1317.11791992, 208.587600708, 354.136901855, -537.16204834, -34.0678253174, -486.775939941, -116.444541931, -425.887176514, -93.5196762085, -317.299285889], [2311.75952148, 2740.32373047, -311.044921875, 595.233642578, 300.756225586, -156.056259155, 172.844070435, -105.888160706, 178.966644287, -291.285217285, 157.117324829, -174.355560303, 216.413726807], [1322.53564453, -311.044921875, 1279.77697754, 100.686546326, 240.391540527, 236.818710327, 31.2849731445, 72.9607543945, -80.8682250977, 66.4063339233, -75.6658554077, 90.1988830566, -96.2453536987], [1317.11791992, 595.233642578, 100.686546326, 441.398284912, 192.126312256, 63.7693977356, 84.0349578857, 24.2847824097, 64.6550064087, -56.3332633972, 47.2561225891, -40.0987815857, 54.1704330444], [208.587600708, 300.756225586, 240.391540527, 192.126312256, 268.391143799, 83.8681259155, 117.989044189, 30.1891803741, 35.7440643311, -16.4600372314, 18.5694274902, -3.76980018616, 30.2712650299], [354.136901855, -156.056259155, 236.818710327, 63.7693977356, 83.8681259155, 219.157501221, 66.8435897827, 63.9623756409, -3.52032160759, 36.3015060425, -9.11095428467, 31.7447299957, -26.9561195374], [-537.16204834, 172.844070435, 31.2849731445, 84.0349578857, 117.989044189, 66.8435897827, 182.792678833, 65.5063934326, 76.7174758911, -5.18304729462, 48.2554664612, 2.72730350494, 48.3796653748], [-34.0678253174, -105.888160706, 72.9607543945, 24.2847824097, 30.1891803741, 63.9623756409, 65.5063934326, 122.54258728, 51.8764457703, 42.017665863, 11.0652427673, 37.5068283081, 13.8424730301], [-486.775939941, 178.966644287, -80.8682250977, 64.6550064087, 35.7440643311, -3.52032160759, 76.7174758911, 51.8764457703, 130.309661865, 23.7387123108, 67.3301239014, 3.47505402565, 61.5855102539], [-116.444541931, -291.285217285, 66.4063339233, -56.3332633972, -16.4600372314, 36.3015060425, -5.18304729462, 42.017665863, 23.7387123108, 120.230377197, 26.5157146454, 45.3385925293, -21.3324985504], [-425.887176514, 157.117324829, -75.6658554077, 47.2561225891, 18.5694274902, -9.11095428467, 48.2554664612, 11.0652427673, 67.3301239014, 26.5157146454, 107.280715942, 17.9853935242, 43.7613220215], [-93.5196762085, -174.355560303, 90.1988830566, -40.0987815857, -3.76980018616, 31.7447299957, 2.72730350494, 37.5068283081, 3.47505402565, 45.3385925293, 17.9853935242, 85.0506668091, 16.2203998566], [-317.299285889, 216.413726807, -96.2453536987, 54.1704330444, 30.2712650299, -26.9561195374, 48.3796653748, 13.8424730301, 61.5855102539, -21.3324985504, 43.7613220215, 16.2203998566, 100.722625732]],
        "icov": [[6.90214656061e-05, -0.000137250739499, -2.43628855969e-05, -0.000249796168646, 0.00016842444893, -7.88674296928e-05, 0.000171315448824, -0.000143220968312, 0.000298236933304, -0.000329701346345, 0.000341422128258, -0.000132420580485, 0.000109871347377], [-0.000137250739499, 0.00122629164252, 4.89638696308e-05, -0.000109478838567, -0.000877492362633, 0.000548952200916, -0.000184590404388, 0.000693776470143, -0.00125064526219, 0.00233832839876, -0.00172079598997, 0.00102035247255, -0.000714315916412], [-2.43628855969e-05, 4.89638696308e-05, 0.00147739134263, -7.00490636518e-05, -0.0015012321528, -0.000546449562535, 0.000287254777504, -2.51468027272e-05, 7.94011575636e-05, -2.33478876908e-05, 0.00068607745925, -0.0017848276766, 0.00137370964512], [-0.000249796168646, -0.000109478838567, -7.00490636518e-05, 0.00579235097393, -0.00311618298292, -0.00132619147189, 0.00150389107876, -0.00121845619287, -0.00153664522804, 0.00236720521934, -0.00309345754795, 0.00287118298002, -0.00138456898276], [0.00016842444893, -0.000877492362633, -0.0015012321528, -0.00311618298292, 0.00983824394643, -0.000576499500312, -0.00485610356554, 0.00152322929353, 0.00158549158368, -0.00278469384648, 0.00270197563805, -0.000314022094244, -0.00101308326703], [-7.88674296928e-05, 0.000548952200916, -0.000546449562535, -0.00132619147189, -0.000576499500312, 0.00838581193238, -0.00338705303147, -0.00142237031832, 0.00106648053043, -0.000558678642847, 0.000358404678991, -0.00169648649171, 0.00235013104975], [0.000171315448824, -0.000184590404388, 0.000287254777504, 0.00150389107876, -0.00485610356554, -0.00338705303147, 0.0143802156672, -0.00566946808249, -0.00247148075141, 0.00314983795397, -0.0038150108885, 0.00287432572804, -0.00180015922524], [-0.000143220968312, 0.000693776470143, -2.51468027272e-05, -0.00121845619287, 0.00152322929353, -0.00142237031832, -0.00566946808249, 0.0176291540265, -0.00787937641144, -0.00169595249463, 0.00514691695571, -0.00640761991963, 0.00140560616273], [0.000298236933304, -0.00125064526219, 7.94011575636e-05, -0.00153664522804, 0.00158549158368, 0.00106648053043, -0.00247148075141, -0.00787937641144, 0.0232055336237, -0.00835817214102, -0.00465910788625, 0.00626398902386, -0.00833554845303], [-0.000329701346345, 0.00233832839876, -2.33478876908e-05, 0.00236720521934, -0.00278469384648, -0.000558678642847, 0.00314983795397, -0.00169595249463, -0.00835817214102, 0.0214441809803, -0.00841653719544, -0.00415572104976, 0.00602755323052], [0.000341422128258, -0.00172079598997, 0.00068607745925, -0.00309345754795, 0.00270197563805, 0.000358404678991, -0.0038150108885, 0.00514691695571, -0.00465910788625, -0.00841653719544, 0.0219584293664, -0.00751132471487, 0.000236580526689], [-0.000132420580485, 0.00102035247255, -0.0017848276766, 0.00287118298002, -0.000314022094244, -0.00169648649171, 0.00287432572804, -0.00640761991963, 0.00626398902386, -0.00415572104976, -0.00751132471487, 0.0262133590877, -0.0123869366944], [0.000109871347377, -0.000714315916412, 0.00137370964512, -0.00138456898276, -0.00101308326703, 0.00235013104975, -0.00180015922524, 0.00140560616273, -0.00833554845303, 0.00602755323052, 0.000236580526689, -0.0123869366944, 0.0237366463989]]
    },
    "melbands": {
        "dmean": [0.00489844428375, 0.00383013323881, 0.00227212579921, 0.00111036701128, 0.000500551017467, 0.000208778714295, 8.73926328495e-05, 5.2309660532e-05, 2.91054111585e-05, 2.80132844637e-05, 2.62973298959e-05, 1.48599774548e-05, 1.40904121508e-05, 1.28411593323e-05, 2.08022484003e-05, 1.26058466776e-05, 1.85863736988e-05, 1.32075283545e-05, 1.6906476958e-05, 1.62042306329e-05, 1.58934617502e-05, 1.33453550006e-05, 1.18392190416e-05, 6.19494903731e-06, 1.05192848423e-05, 5.41264944331e-06, 6.47282695354e-06, 5.13405257152e-06, 3.23649760503e-06, 2.95951053886e-06, 2.10937992051e-06, 2.01325201488e-06, 1.65516996731e-06, 1.82067640253e-06, 1.77621427611e-06, 2.05700985134e-06, 1.51603967424e-06, 1.04542448298e-06, 8.76371132108e-07, 7.71241218445e-07],
        "dmean2": [0.00862174388021, 0.00643087457865, 0.00396802416071, 0.0019103793893, 0.000842752342578, 0.000353322480805, 0.000146145554027, 8.48440031405e-05, 4.60751180071e-05, 4.37784838141e-05, 3.87030377169e-05, 2.40237950493e-05, 2.20245801756e-05, 2.01420025405e-05, 3.09401548293e-05, 1.88608555618e-05, 2.76608807326e-05, 2.07747252716e-05, 2.69313204626e-05, 2.58381405729e-05, 2.55654249486e-05, 2.17434317165e-05, 1.91843009816e-05, 1.00665592981e-05, 1.70538842212e-05, 8.80025254446e-06, 1.04567179733e-05, 8.38936648506e-06, 5.20582852914e-06, 4.754944257e-06, 3.37986080012e-06, 3.27284647028e-06, 2.63449919657e-06, 2.98870986626e-06, 2.91343030767e-06, 3.2165637549e-06, 2.23655911213e-06, 1.65073333847e-06, 1.41407497267e-06, 1.21757159377e-06],
        "dvar": [3.83568512916e-05, 2.3332395358e-05, 9.90342505247e-06, 2.27593159252e-06, 5.81918300213e-07, 9.83036869684e-08, 2.16756692595e-08, 1.13283116221e-08, 1.92666682608e-09, 1.65385904971e-09, 1.6436102479e-09, 8.63459137523e-10, 9.1254875878e-10, 4.92201390756e-10, 1.37429101432e-09, 5.48915357612e-10, 1.7203156677e-09, 4.6604137216e-10, 5.4570820085e-10, 5.32362209871e-10, 5.12171860478e-10, 3.42698924793e-10, 2.88596535558e-10, 7.00940555598e-11, 3.00710373269e-10, 6.63230512177e-11, 7.65909557998e-11, 5.57266177648e-11, 1.98964351938e-11, 2.35255790543e-11, 1.14905333512e-11, 1.13160401188e-11, 6.79882105475e-12, 1.1786337531e-11, 9.32930642461e-12, 2.47409714244e-11, 1.05038998333e-11, 3.81878513186e-12, 2.43088795621e-12, 1.78440378792e-12],
        "dvar2": [0.000117877469165, 6.43452149234e-05, 2.78925017483e-05, 6.28334828434e-06, 1.50630717144e-06, 2.56391444964e-07, 5.66889646336e-08, 2.88935080306e-08, 4.69426097993e-09, 3.93682020317e-09, 3.4121629966e-09, 1.94103355611e-09, 2.16505791073e-09, 1.25966470588e-09, 3.01857339124e-09, 1.16485809887e-09, 3.662783854e-09, 1.12812037489e-09, 1.35410027635e-09, 1.331777022e-09, 1.27998356358e-09, 8.70633842798e-10, 7.57718388034e-10, 1.8553322767e-10, 7.89098897336e-10, 1.70967684454e-10, 2.07158193377e-10, 1.5372994544e-10, 5.06888073182e-11, 6.29895094417e-11, 2.88841988522e-11, 3.14873231655e-11, 1.83814474058e-11, 3.21128922065e-11, 2.51783420502e-11, 6.16317344382e-11, 2.31343000312e-11, 9.42604588133e-12, 6.20923234704e-12, 4.44511571648e-12],
        "max": [0.0720417797565, 0.0478549227118, 0.0343864820898, 0.0187579449266, 0.00899206381291, 0.00389886181802, 0.00211607874371, 0.00368804950267, 0.000539971049875, 0.000842825742438, 0.0011477090884, 0.000954588467721, 0.000834616133943, 0.000617233221419, 0.000883526925463, 0.000620200240519, 0.00100461614784, 0.000498009496368, 0.00044310442172, 0.000393133639591, 0.000284410547465, 0.000328234047629, 0.000314496923238, 0.000208562574699, 0.000266353337793, 0.000188562975382, 0.000132222950924, 0.000151212501805, 7.94618972577e-05, 8.60355139594e-05, 8.25979295769e-05, 5.79408588237e-05, 3.30486327584e-05, 7.83425057307e-05, 4.86100652779e-05, 5.56408303964e-05, 4.26039259764e-05, 1.95571683435e-05, 1.99783389689e-05, 1.59970477398e-05],
        "mean": [0.0076583516784, 0.00578619400039, 0.00363601301797, 0.00163147819694, 0.000694379443303, 0.000310303556034, 0.000137444658321, 8.88764625415e-05, 5.85524066992e-05, 6.64802719257e-05, 6.64598337607e-05, 3.17060475936e-05, 2.94710353046e-05, 2.93745179079e-05, 4.80988310301e-05, 2.79944888462e-05, 4.06614490203e-05, 2.83473946183e-05, 3.62615755876e-05, 3.47948953277e-05, 3.55607153324e-05, 2.78812367469e-05, 2.33431892411e-05, 1.38319301186e-05, 2.20098081627e-05, 1.28351066451e-05, 1.45761905515e-05, 1.11734671009e-05, 7.63342450227e-06, 6.30673184787e-06, 4.65129414806e-06, 4.61233275928e-06, 3.7678253193e-06, 3.85294333682e-06, 3.75130798602e-06, 3.54480539499e-06, 3.03905085275e-06, 2.10496591535e-06, 1.6981069848e-06, 1.43419413234e-06],
        "median": [0.00567489489913, 0.00389424874447, 0.00266335858032, 0.00114660931285, 0.000393401889596, 0.000171700725332, 7.83959476394e-05, 4.36851914856e-05, 3.7132667785e-05, 4.1296811105e-05, 3.86175925087e-05, 1.91090075532e-05, 1.81818213605e-05, 1.65691672009e-05, 2.84768557322e-05, 1.40052752613e-05, 1.39778712764e-05, 1.81246196007e-05, 2.68180538114e-05, 2.28215030802e-05, 2.05419273698e-05, 1.97434856091e-05, 1.66748795891e-05, 1.02607391455e-05, 1.16368219096e-05, 8.48931540531e-06, 1.00728339021e-05, 7.53591393732e-06, 5.35410845259e-06, 3.04995205624e-06, 2.37785752688e-06, 2.21668824452e-06, 1.84274222192e-06, 1.77706533577e-06, 1.66088511833e-06, 1.49234506353e-06, 1.22934875435e-06, 8.73905662502e-07, 6.64587616939e-07, 5.71486737044e-07],
        "min": [8.22258514935e-24, 4.76958911147e-24, 4.06583485944e-24, 8.25114112526e-24, 1.04757375555e-23, 1.09466693721e-23, 1.25941777625e-23, 3.71859958821e-24, 2.8606449201e-24, 1.36674206575e-23, 6.02144707589e-24, 7.92933241872e-24, 1.04922933793e-23, 7.04136534025e-24, 7.8135505148e-24, 1.06635385157e-23, 1.80614342752e-23, 1.59002535844e-23, 9.34357463947e-24, 1.85574479243e-23, 4.78641748673e-24, 8.2916357221e-24, 9.54683254031e-24, 1.06015585033e-23, 8.95820267663e-24, 9.79753253599e-24, 1.00018688097e-23, 8.5124757548e-24, 6.20330120822e-24, 5.79150713823e-24, 1.3169809565e-23, 8.90788597265e-24, 6.57891180622e-24, 9.79640525375e-24, 2.03564941281e-23, 1.50024793871e-23, 1.24442586918e-23, 1.15598288656e-23, 1.23723532314e-23, 1.16113848701e-23],
        "var": [6.11773430137e-05, 3.91047869925e-05, 1.49476400111e-05, 3.03846582028e-06, 7.90150068042e-07, 1.43087163451e-07, 3.18903587981e-08, 2.20385505401e-08, 4.06537914444e-09, 5.85153792088e-09, 6.66234312163e-09, 2.48450104934e-09, 2.08017114645e-09, 1.6232097888e-09, 4.13468193017e-09, 1.61520485875e-09, 5.35673816415e-09, 1.10128339781e-09, 1.22959642468e-09, 1.30732158432e-09, 1.53163748351e-09, 7.56135987157e-10, 5.62178248398e-10, 1.85054277457e-10, 9.27672882955e-10, 1.99609037632e-10, 2.23731325133e-10, 1.46433670745e-10, 6.37364119815e-11, 6.65804356093e-11, 3.60741922445e-11, 3.38835452751e-11, 2.09957381342e-11, 2.71980372252e-11, 2.44186684761e-11, 3.25763201137e-11, 2.02901931368e-11, 8.00307736748e-12, 5.36308714452e-12, 3.70485760126e-12]
    },
    "mfcc": {
        "mean": [-629.721069336, 103.061004639, 7.38242673874, 40.4063186646, 19.9453983307, 12.7312870026, 3.25448536873, 6.97549009323, 0.578763842583, 4.86386394501, -5.35716629028, -0.580167472363, -1.11439931393],
        "cov": [[11428.8349609, 866.871704102, 907.079589844, 643.47833252, 550.436401367, 341.60949707, 176.450057983, 112.858482361, 24.2171554565, 31.1745758057, -22.6080589294, -26.7164993286, -52.9581832886], [866.871704102, 1666.33581543, 9.45300674438, 495.282562256, 186.667861938, 97.9081497192, 84.6106719971, 139.17350769, 49.5774765015, 54.6414070129, -95.5963439941, 7.1737780571, 47.2633628845], [907.079589844, 9.45300674438, 708.158203125, 68.0950546265, 202.713562012, 129.172225952, 117.603759766, 62.6415405273, 41.6677284241, -26.7247657776, 44.4827156067, 10.3566055298, 24.2887077332], [643.47833252, 495.282562256, 68.0950546265, 413.461181641, 158.469970703, 92.6936950684, 74.1728057861, 87.4246520996, 50.9567604065, 61.3982543945, -22.040643692, 21.9295787811, 21.0225162506], [550.436401367, 186.667861938, 202.713562012, 158.469970703, 201.54133606, 111.217102051, 80.3395996094, 57.5096054077, 40.2391662598, 14.2450618744, 3.32109117508, 16.0167942047, 18.4500331879], [341.60949707, 97.9081497192, 129.172225952, 92.6936950684, 111.217102051, 163.698654175, 96.4388275146, 63.8799476624, 34.9302864075, 24.4510784149, 29.5155715942, 21.545627594, 5.30969524384], [176.450057983, 84.6106719971, 117.603759766, 74.1728057861, 80.3395996094, 96.4388275146, 139.415054321, 82.52368927, 44.7571144104, 22.0142154694, 28.3221054077, 16.588262558, 15.03860569], [112.858482361, 139.17350769, 62.6415405273, 87.4246520996, 57.5096054077, 63.8799476624, 82.52368927, 136.797912598, 69.0371017456, 38.9600524902, 4.5282292366, 16.6012878418, 18.2144317627], [24.2171554565, 49.5774765015, 41.6677284241, 50.9567604065, 40.2391662598, 34.9302864075, 44.7571144104, 69.0371017456, 97.6292419434, 42.2373809814, 5.48789024353, 10.104432106, 15.2677965164], [31.1745758057, 54.6414070129, -26.7247657776, 61.3982543945, 14.2450618744, 24.4510784149, 22.0142154694, 38.9600524902, 42.2373809814, 89.0495605469, 34.3672943115, 20.4683933258, 5.01211500168], [-22.6080589294, -95.5963439941, 44.4827156067, -22.040643692, 3.32109117508, 29.5155715942, 28.3221054077, 4.5282292366, 5.48789024353, 34.3672943115, 99.6384506226, 37.6173057556, -0.0783631056547], [-26.7164993286, 7.1737780571, 10.3566055298, 21.9295787811, 16.0167942047, 21.545627594, 16.588262558, 16.6012878418, 10.104432106, 20.4683933258, 37.6173057556, 69.2690887451, 30.8337001801], [-52.9581832886, 47.2633628845, 24.2887077332, 21.0225162506, 18.4500331879, 5.30969524384, 15.03860569, 18.2144317627, 15.2677965164, 5.01211500168, -0.0783631056547, 30.8337001801, 74.3053283691]],
