{
"lowlevel": {
    "average_loudness": 0.243814125657,
    "barkbands_crest": {
        "dmean": 2.10924100876,
        "dmean2": 3.27556443214,
        "dvar": 4.43890714645,
        "dvar2": 11.1411428452,
        "max": 25.9308166504,
        "mean": 12.6939935684,
        "median": 11.9733819962,
        "min": 2.7668697834,
        "var": 23.0355815887
    },
    "barkbands_flatness_db": {
        "dmean": 0.01785842143,
        "dmean2": 0.0270055942237,
        "dvar": 0.000312395539368,
        "dvar2": 0.000733914319426,
        "max": 0.512025117874,
        "mean": 0.244425475597,
        "median": 0.253100931644,
        "min": 0.0195475742221,
        "var": 0.00588802853599
    },
    "barkbands_kurtosis": {
        "dmean": 2.75337409973,
        "dmean2": 4.09452962875,
        "dvar": 15.5144901276,
        "dvar2": 34.3875732422,
        "max": 137.56539917,
        "mean": 7.46536827087,
        "median": 4.05221319199,
        "min": -1.87752795219,
        "var": 122.387870789
    },
    "barkbands_skewness": {
        "dmean": 0.449541985989,
        "dmean2": 0.662203431129,
        "dvar": 0.190883755684,
        "dvar2": 0.443797677755,
        "max": 9.70210361481,
        "mean": 1.68815481663,
        "median": 1.57722663879,
        "min": -4.99349451065,
        "var": 2.47416949272
    },
    "barkbands_spread": {
        "dmean": 1.95899891853,
        "dmean2": 2.96889662743,
        "dvar": 11.8056507111,
        "dvar2": 25.7386054993,
        "max": 116.382659912,
        "mean": 9.08344554901,
        "median": 6.30204677582,
        "min": 0.522092580795,
        "var": 88.7563018799
    },
    "dissonance": {
        "dmean": 0.0296014156193,
        "dmean2": 0.0495147295296,
        "dvar": 0.000938714947551,
        "dvar2": 0.00252815824933,
        "max": 0.500000059605,
        "mean": 0.417898565531,
        "median": 0.429689377546,
        "min": 0.140311256051,
        "var": 0.00294215651229
    },
    "dynamic_complexity": 4.6418056488,
    "erbbands_crest": {
        "dmean": 2.71164345741,
        "dmean2": 4.14241409302,
        "dvar": 6.86577892303,
        "dvar2": 16.4223270416,
        "max": 34.0261421204,
        "mean": 13.5262937546,
        "median": 12.4120311737,
        "min": 2.47860240936,
        "var": 33.7992782593
    },
    "erbbands_flatness_db": {
        "dmean": 0.0149354347959,
        "dmean2": 0.0217997338623,
        "dvar": 0.000256059836829,
        "dvar2": 0.000579939398449,
        "max": 0.57118499279,
        "mean": 0.257753372192,
        "median": 0.254907310009,
        "min": 0.0443162694573,
        "var": 0.00647400598973
    },
    "erbbands_kurtosis": {
        "dmean": 1.46119260788,
        "dmean2": 2.23585128784,
        "dvar": 6.72214126587,
        "dvar2": 15.7344532013,
        "max": 70.2587966919,
        "mean": 2.24138259888,
        "median": 0.872850894928,
        "min": -1.81208455563,
        "var": 22.3495140076
    },
    "erbbands_skewness": {
        "dmean": 0.350665599108,
        "dmean2": 0.525504410267,
        "dvar": 0.125759214163,
        "dvar2": 0.293550252914,
        "max": 5.71190023422,
        "mean": 0.63836979866,
        "median": 0.699453473091,
        "min": -4.74823856354,
        "var": 0.974339962006
    },
    "erbbands_spread": {
        "dmean": 3.65104436874,
        "dmean2": 5.40819978714,
        "dvar": 20.9824314117,
        "dvar2": 47.7013320923,
        "max": 159.407073975,
        "mean": 22.0754642487,
        "median": 18.3012256622,
        "min": 0.599306643009,
        "var": 293.978363037
    },
    "hfc": {
        "dmean": 2.76924777031,
        "dmean2": 4.11690330505,
        "dvar": 40.8143196106,
        "dvar2": 99.0046081543,
        "max": 449.120697021,
        "mean": 14.4398794174,
        "median": 10.060336113,
        "min": 1.07387796582e-16,
        "var": 301.531646729
    },
    "melbands_crest": {
        "dmean": 2.62437057495,
        "dmean2": 4.09282016754,
        "dvar": 7.1522102356,
        "dvar2": 18.0866069794,
        "max": 33.1451034546,
        "mean": 16.7819862366,
        "median": 15.4842166901,
        "min": 1.47928285599,
        "var": 43.0852966309
    },
    "melbands_flatness_db": {
        "dmean": 0.0189588107169,
        "dmean2": 0.0278113204986,
        "dvar": 0.000368220469682,
        "dvar2": 0.000820020562969,
        "max": 0.59302097559,
        "mean": 0.310284078121,
        "median": 0.310455858707,
        "min": 0.00396140199155,
        "var": 0.00736795784906
    },
    "melbands_kurtosis": {
        "dmean": 4.39507055283,
        "dmean2": 6.4210767746,
        "dvar": 46.8009605408,
        "dvar2": 99.8277053833,
        "max": 232.43522644,
        "mean": 13.419968605,
        "median": 6.41336154938,
        "min": -1.76312041283,
        "var": 452.260742188
    },
    "melbands_skewness": {
        "dmean": 0.519419312477,
        "dmean2": 0.759154856205,
        "dvar": 0.255394905806,
        "dvar2": 0.583997189999,
        "max": 11.5241823196,
        "mean": 2.17484140396,
        "median": 1.87704014778,
        "min": -3.89313840866,
        "var": 4.06219816208
    },
    "melbands_spread": {
        "dmean": 2.48725104332,
        "dmean2": 3.75820589066,
        "dvar": 15.9848241806,
        "dvar2": 36.0168151855,
        "max": 162.569564819,
        "mean": 10.9278821945,
        "median": 8.66359519958,
        "min": 0.541588783264,
        "var": 123.45236969
    },
    "pitch_salience": {
        "dmean": 0.0562226437032,
        "dmean2": 0.0884943529963,
        "dvar": 0.00283433846198,
        "dvar2": 0.00720547232777,
        "max": 0.842972934246,
        "mean": 0.477704316378,
        "median": 0.491685688496,
        "min": 0.076950237155,
        "var": 0.0205895639956
    },
    "silence_rate_20dB": {
        "dmean": 0,
        "dmean2": 0,
        "dvar": 0,
        "dvar2": 0,
        "max": 1,
        "mean": 1,
        "median": 1,
        "min": 1,
        "var": 0
    },
    "silence_rate_30dB": {
        "dmean": 0.0184214711189,
        "dmean2": 0.0368458665907,
        "dvar": 0.0180790182203,
        "dvar2": 0.0443706922233,
        "max": 1,
        "mean": 0.908932089806,
        "median": 1,
        "min": 0,
        "var": 0.0827820301056
    },
    "silence_rate_60dB": {
        "dmean": 0.0314435437322,
        "dmean2": 0.0628920793533,
        "dvar": 0.0304503608495,
        "dvar2": 0.0695827156305,
        "max": 1,
        "mean": 0.13505358994,
        "median": 0,
        "min": 0,
        "var": 0.116801820695
    },
    "spectral_centroid": {
        "dmean": 88.0012893677,
        "dmean2": 132.309448242,
        "dvar": 18889.234375,
        "dvar2": 39265.4296875,
        "max": 11661.6386719,
        "mean": 770.983459473,
        "median": 639.311767578,
        "min": 157.913864136,
        "var": 544420.8125
    },
    "spectral_complexity": {
        "dmean": 1.69525170326,
        "dmean2": 2.80473279953,
        "dvar": 3.31632661819,
        "dvar2": 8.39492321014,
        "max": 54,
        "mean": 13.067407608,
        "median": 12,
        "min": 0,
        "var": 69.9142608643
    },
    "spectral_decrease": {
        "dmean": 1.89551219165e-09,
        "dmean2": 2.78584844082e-09,
        "dvar": 8.05764823776e-18,
        "dvar2": 1.88494658897e-17,
        "max": 1.43122077329e-28,
        "mean": -9.86156045713e-09,
        "median": -5.64782531853e-09,
        "min": -5.37498578979e-08,
        "var": 1.08371036398e-16
    },
    "spectral_energy": {
        "dmean": 0.00730411102995,
        "dmean2": 0.0107345953584,
        "dvar": 0.00011688273662,
        "dvar2": 0.000274221383734,
        "max": 0.205428779125,
        "mean": 0.0385295115411,
        "median": 0.0224151313305,
        "min": 1.02258668419e-20,
        "var": 0.00159786653239
    },
    "spectral_energyband_high": {
        "dmean": 8.35937462398e-05,
        "dmean2": 0.000128548941575,
        "dvar": 2.50171581229e-07,
        "dvar2": 6.20009529939e-07,
        "max": 0.036127731204,
        "mean": 0.000295710749924,
        "median": 1.75499171746e-05,
        "min": 6.96302141174e-21,
        "var": 1.54601309532e-06
    },
    "spectral_energyband_low": {
        "dmean": 0.00481919245794,
        "dmean2": 0.00708387186751,
        "dvar": 9.44503481151e-05,
        "dvar2": 0.000218977977056,
        "max": 0.17362190783,
        "mean": 0.021021341905,
        "median": 0.00106308853719,
        "min": 2.59778838065e-23,
        "var": 0.00132831942756
    },
    "spectral_energyband_middle_high": {
        "dmean": 0.000917852623388,
        "dmean2": 0.00141981255729,
        "dvar": 2.39212522501e-06,
        "dvar2": 6.157493317e-06,
        "max": 0.0305205713958,
        "mean": 0.00293322955258,
        "median": 0.00184141693171,
        "min": 1.13362184796e-21,
        "var": 9.78504886007e-06
    },
    "spectral_energyband_middle_low": {
        "dmean": 0.00405202805996,
        "dmean2": 0.00595208164304,
        "dvar": 4.05762293667e-05,
        "dvar2": 9.63858547038e-05,
        "max": 0.10861505568,
        "mean": 0.0148861585185,
        "median": 0.0106722135097,
        "min": 1.85757961979e-22,
        "var": 0.000208082667086
    },
    "spectral_entropy": {
        "dmean": 0.132958337665,
        "dmean2": 0.199574425817,
        "dvar": 0.0204379856586,
        "dvar2": 0.0482792779803,
        "max": 9.82054901123,
        "mean": 6.57001304626,
        "median": 6.51390457153,
        "min": 4.52816963196,
        "var": 0.442294418812
    },
    "spectral_flux": {
        "dmean": 0.0165375228971,
        "dmean2": 0.0276058577001,
        "dvar": 0.000496339460369,
        "dvar2": 0.00132369645871,
        "max": 0.307235240936,
        "mean": 0.0557742603123,
        "median": 0.0394869372249,
        "min": 6.38930366947e-11,
        "var": 0.00211491505615
    },
    "spectral_kurtosis": {
        "dmean": 6.78387880325,
        "dmean2": 11.8595247269,
        "dvar": 91.3099975586,
        "dvar2": 268.28427124,
        "max": 231.853286743,
        "mean": 18.5595569611,
        "median": 12.0118665695,
        "min": -1.24995279312,
        "var": 441.287689209
    },
    "spectral_rms": {
        "dmean": 0.000575116486289,
        "dmean2": 0.00082972785458,
        "dvar": 4.89228455081e-07,
        "dvar2": 1.11682584247e-06,
        "max": 0.0141569180414,
        "mean": 0.00523131340742,
        "median": 0.00467636808753,
        "min": 3.15855284636e-12,
        "var": 1.02230742414e-05
    },
    "spectral_rolloff": {
        "dmean": 162.407684326,
        "dmean2": 278.835723877,
        "dvar": 294816.71875,
        "dvar2": 683933.4375,
        "max": 19315.2832031,
        "mean": 892.862854004,
        "median": 667.529296875,
        "min": 64.599609375,
        "var": 2202315.25
    },
    "spectral_skewness": {
        "dmean": 0.49199873209,
        "dmean2": 0.850874662399,
        "dvar": 0.310114979744,
        "dvar2": 0.918256044388,
        "max": 12.6110744476,
        "mean": 2.88517570496,
        "median": 2.56733345985,
        "min": -0.0773020461202,
        "var": 2.04319572449
    },
    "spectral_spread": {
        "dmean": 263127.03125,
        "dmean2": 430296.5,
        "dvar": 326108315648,
        "dvar2": 542710759424,
        "max": 50980528,
        "mean": 2816322,
        "median": 2484872.75,
        "min": 321382.375,
        "var": 7.3363792855e+12
    },
    "spectral_strongpeak": {
        "dmean": 0.464630812407,
        "dmean2": 0.766540169716,
        "dvar": 1.78214275837,
        "dvar2": 5.04514312744,
        "max": 68.0806121826,
        "mean": 1.19673073292,
        "median": 0.968074023724,
        "min": 0,
        "var": 1.97876048088
    },
    "zerocrossingrate": {
        "dmean": 0.0042732944712,
        "dmean2": 0.00527543807402,
        "dvar": 5.55274637009e-05,
        "dvar2": 7.59488539188e-05,
        "max": 0.5205078125,
        "mean": 0.0355916917324,
        "median": 0.02880859375,
        "min": 0.00341796875,
        "var": 0.00169686763547
    },
    "barkbands": {
        "dmean": [0.000475691456813, 0.00265384162776, 0.00228705420159, 0.000729517545551, 0.00166565668769, 0.00132330344059, 0.00105784379411, 0.0012843440054, 0.000670094916131, 0.000362904946087, 0.000298865343211, 0.000239410583163, 0.000214332845644, 8.62502056407e-05, 0.000102772879472, 7.53434869694e-05, 6.32436276646e-05, 5.70481388422e-05, 3.81534882763e-05, 2.4275319447e-05, 2.04649350053e-05, 1.91832659766e-05, 1.21087832667e-05, 1.54027402459e-05, 1.2461674487e-05, 1.94227923203e-05, 5.54913276574e-06],
        "dmean2": [0.000811323581729, 0.00390913290903, 0.00344604020938, 0.00112604873721, 0.00254479818977, 0.00197994639166, 0.0015567697119, 0.00187689636368, 0.000977173214778, 0.000531622674316, 0.000463735806989, 0.000391286303056, 0.000343927909853, 0.000138125746162, 0.000162674477906, 0.00011697570153, 0.000104789127363, 9.155839507e-05, 6.26819601166e-05, 3.90080203942e-05, 3.35270997311e-05, 3.02034022752e-05, 1.97182525881e-05, 2.48140131589e-05, 1.77300044015e-05, 2.77972103504e-05, 7.71436862124e-06],
        "dvar": [5.58856800126e-06, 3.76550669898e-05, 2.87085840682e-05, 3.68841278942e-06, 1.86753313756e-05, 5.31481691723e-06, 5.8298978729e-06, 9.07879712031e-06, 3.32846161655e-06, 5.8013074522e-07, 4.95956726354e-07, 7.45396903312e-07, 6.85753491325e-07, 3.86043446099e-08, 5.02981123418e-08, 2.73431588482e-08, 1.69767133684e-08, 5.79547361212e-08, 1.07639337443e-08, 5.67324853762e-09, 5.33968202987e-09, 8.7728091458e-09, 4.00115585109e-09, 2.13374775626e-08, 3.42487460614e-08, 1.42594785757e-07, 7.00408619991e-09],
        "dvar2": [1.71945011971e-05, 8.68320639711e-05, 6.97589057381e-05, 8.64527555677e-06, 4.27694722021e-05, 1.32426184791e-05, 1.34813844852e-05, 2.10997222894e-05, 7.93125309428e-06, 1.33912601541e-06, 1.24846508243e-06, 2.00182194021e-06, 1.8646674107e-06, 9.78333147827e-08, 1.09102778367e-07, 5.94115974195e-08, 4.5569677809e-08, 1.30794447273e-07, 2.9712570182e-08, 1.48650283194e-08, 1.47777559079e-08, 2.15810143089e-08, 1.07841193753e-08, 5.71844900321e-08, 7.32053919705e-08, 3.34883651476e-07, 1.38213147594e-08],
        "max": [0.0691527724266, 0.112628027797, 0.149945631623, 0.0536883100867, 0.0996523499489, 0.0394742265344, 0.0519674643874, 0.0714396238327, 0.0477261841297, 0.0181108620018, 0.0164661128074, 0.0288022682071, 0.0294319372624, 0.004233002197, 0.0106795514002, 0.00513432687148, 0.00293990573846, 0.0133546423167, 0.00261596706696, 0.00215560360812, 0.00274740089662, 0.00407332414761, 0.00212303758599, 0.00839749351144, 0.0151229426265, 0.0326880216599, 0.00472287461162],
        "mean": [0.000576947408263, 0.00940955802798, 0.0105535602197, 0.00135209632572, 0.00336514925584, 0.00323141482659, 0.00220302562229, 0.00286934734322, 0.00161228096113, 0.000729167019017, 0.000577156897634, 0.000382470694603, 0.000340395403327, 0.000178884292836, 0.000266842049314, 0.000169202059624, 0.000142885270179, 0.00013649003813, 0.000101231307781, 6.84455008013e-05, 6.00872190262e-05, 5.91918978898e-05, 3.1444193155e-05, 3.74403207388e-05, 3.00721530948e-05, 3.57893986802e-05, 8.48486706673e-06],
        "median": [2.03197828341e-06, 8.24414528324e-05, 0.000301931198919, 0.000219157605898, 0.00112830207217, 0.00146136630792, 0.000687456165906, 0.00072578235995, 0.000423562596552, 0.000342319195624, 0.000192886131117, 7.87743774708e-05, 7.97883767518e-05, 6.18193735136e-05, 7.1904847573e-05, 6.00324347033e-05, 4.75998567708e-05, 2.49302247539e-05, 1.86491161003e-05, 9.50765661401e-06, 5.42656789548e-06, 2.66568895313e-06, 1.58988609655e-06, 8.9775539891e-07, 2.87311792135e-07, 5.72460656656e-08, 2.68755684374e-09],
        "min": [2.17997816157e-25, 4.50736464683e-24, 1.33047860325e-24, 7.18415527777e-25, 1.1983627032e-23, 6.53302179521e-24, 1.51010286246e-23, 1.28864175957e-23, 1.76410692315e-23, 2.41657882657e-23, 1.66987228154e-23, 1.48771893427e-23, 2.73155867979e-23, 2.18374684594e-23, 3.50765707775e-23, 7.16817267973e-23, 7.49775245504e-23, 1.12273460821e-22, 1.30941040039e-22, 1.54058930722e-22, 2.61883695665e-22, 3.39728212113e-22, 4.62930892704e-22, 5.93053562129e-22, 8.2513391609e-22, 1.32670945109e-21, 1.93428855519e-21],
        "var": [6.20410764895e-06, 0.000298892176943, 0.000608658709098, 9.58626696956e-06, 4.22311713919e-05, 1.97889294213e-05, 1.61162115546e-05, 2.66338629444e-05, 1.19049182103e-05, 1.52781569795e-06, 1.32000548092e-06, 1.3060486026e-06, 1.16607861855e-06, 1.24315761241e-07, 4.33492914453e-07, 1.00769447897e-07, 6.30283381042e-08, 1.70911889086e-07, 5.72948799515e-08, 3.49373188158e-08, 3.57649341254e-08, 5.5850641445e-08, 1.58772781589e-08, 4.54408457529e-08, 1.22159562466e-07, 3.28868168253e-07, 1.37206406237e-08]
    },
    "erbbands": {
        "dmean": [0.0769875869155, 0.626329421997, 2.59199357033, 2.17040729523, 3.85876965523, 6.29683303833, 8.36220550537, 11.1154222488, 12.7587356567, 22.5792808533, 25.4552669525, 19.2644271851, 8.67434310913, 10.7125110626, 12.0385551453, 11.5843019485, 10.9941072464, 4.81407356262, 4.17190647125, 6.15736484528, 3.22573566437, 2.93544077873, 2.49912047386, 3.0112631321, 1.43595552444, 1.19459021091, 1.00652730465, 0.700034022331, 0.825157880783, 0.47635447979, 0.313296407461, 0.355523794889, 0.226026400924, 0.131870701909, 0.104831188917, 0.0840742066503, 0.0384712852538, 0.00729102827609, 0.000978397438303, 4.78682086396e-05],
        "dmean2": [0.116197839379, 0.924706339836, 3.86425089836, 3.38025021553, 6.04653835297, 9.58359718323, 12.4406166077, 17.1537742615, 18.4162254333, 34.2059745789, 36.2431297302, 27.9441661835, 12.7016859055, 15.9997577667, 19.0341072083, 18.8399868011, 17.6107673645, 7.70789003372, 6.85620546341, 9.1318321228, 5.2149977684, 4.81072092056, 4.0894947052, 4.85155344009, 2.31206130981, 1.90301406384, 1.64223754406, 1.12344574928, 1.2853076458, 0.775911986828, 0.502314984798, 0.561587750912, 0.355369061232, 0.185513988137, 0.155894041061, 0.141370624304, 0.0466223098338, 0.0103689944372, 0.00133398699109, 6.52023663861e-05],
        "dvar": [0.0642896443605, 1.81695449352, 35.9496078491, 22.6913452148, 108.879478455, 317.249328613, 274.202941895, 447.721130371, 828.051269531, 3347.14477539, 5095.68701172, 2665.23901367, 494.504699707, 445.059448242, 822.38848877, 1815.70593262, 1710.66870117, 121.610687256, 69.8056793213, 302.97253418, 43.5315628052, 44.0739479065, 40.7137985229, 157.155410767, 16.5580635071, 13.0211257935, 15.1908140182, 6.46514320374, 20.2593517303, 4.84752464294, 2.58128738403, 10.2429180145, 3.8379380703, 2.72669172287, 4.02857780457, 6.05589771271, 0.588017404079, 0.0106566213071, 0.000204821699299, 4.29883897368e-07],
        "dvar2": [0.152035117149, 4.24971914291, 85.7236862183, 59.5718955994, 270.616607666, 690.193115234, 611.412109375, 1206.3651123, 1827.69555664, 8445.57617188, 11434.8134766, 6362.85595703, 1200.69238281, 986.869995117, 2151.29003906, 4906.81298828, 4658.22265625, 314.436889648, 186.410690308, 563.082397461, 107.907455444, 116.523544312, 104.066238403, 363.655456543, 41.9325218201, 32.7852592468, 42.4592094421, 17.1159152985, 48.6789398193, 12.780424118, 6.63529109955, 26.1012248993, 9.88409996033, 3.7333304882, 10.0013427734, 17.5245094299, 0.709011971951, 0.0213304851204, 0.000406971783377, 8.20202330942e-07],
        "max": [4.61848497391, 26.2025279999, 149.004089355, 178.12272644, 255.568572998, 514.864562988, 360.298675537, 442.415679932, 862.09979248, 1358.73327637, 1970.10900879, 1376.19799805, 658.22869873, 586.538635254, 836.333984375, 1443.95007324, 1485.11767578, 225.507049561, 195.316055298, 783.959899902, 177.443115234, 188.508880615, 217.579101562, 680.066223145, 169.425796509, 121.844680786, 163.721343994, 73.0426712036, 200.382003784, 83.9080276489, 60.0191116333, 239.317962646, 104.485908508, 203.522293091, 188.521606445, 235.050338745, 74.8232192993, 5.98605251312, 0.888419568539, 0.0301808360964],
        "mean": [0.170962110162, 2.57450771332, 12.4844703674, 6.49107980728, 7.31804418564, 12.081445694, 20.0237503052, 25.9925518036, 28.7483272552, 45.8834152222, 60.8513069153, 48.2737693787, 19.80027771, 22.9184970856, 24.6090297699, 18.8978633881, 17.9455757141, 10.162610054, 9.23591995239, 17.2340106964, 7.8686413765, 7.3039355278, 6.61735248566, 7.57481193542, 4.23305797577, 3.4526488781, 2.71070146561, 2.15966892242, 2.32847476006, 1.35137844086, 0.847044587135, 0.823702931404, 0.552579283714, 0.341653466225, 0.23522913456, 0.140572607517, 0.0755568891764, 0.0122939515859, 0.00156899436843, 0.000101378980617],
        "median": [0.000875354511663, 0.0311882533133, 0.359885960817, 1.24816262722, 2.22682881355, 3.68347287178, 7.72846508026, 10.9629173279, 9.58439254761, 13.7761068344, 16.5269355774, 14.8512392044, 9.04401779175, 10.3983621597, 10.1075811386, 4.74906587601, 4.51134967804, 4.33491945267, 3.85005760193, 4.26015233994, 3.33596110344, 2.35670733452, 1.73574388027, 1.31042540073, 0.825518786907, 0.527305841446, 0.294280081987, 0.167208462954, 0.10248760134, 0.0681591778994, 0.0427050516009, 0.0242630802095, 0.0123617975041, 0.00463860621676, 0.00141948612873, 0.000411194283515, 9.13830663194e-05, 1.24103989947e-05, 1.21795146697e-05, 2.57646261161e-05],
        "min": [1.32787769729e-22, 9.39305085948e-22, 2.05128190334e-21, 6.83918261896e-21, 1.60967408498e-20, 3.3924609163e-20, 3.32771690815e-20, 7.69652656642e-20, 2.24235455023e-19, 1.36855003169e-19, 3.63483788972e-19, 4.24523850366e-19, 8.34122984338e-19, 7.48745278919e-19, 1.12106444251e-18, 1.06439791766e-18, 1.58827497423e-18, 1.82127613976e-18, 3.44539047179e-18, 1.89547754943e-18, 2.56981028082e-18, 4.7649999748e-18, 5.14057016499e-18, 8.11009727886e-18, 6.71172281074e-18, 7.76775452028e-18, 9.66694631746e-18, 7.92129578559e-18, 1.15637219201e-17, 1.10535375977e-17, 1.36376076452e-17, 1.04056731984e-17, 1.00622129188e-17, 8.48253534966e-18, 6.44065489683e-18, 4.61352914257e-18, 2.47114810647e-18, 8.92286551001e-19, 2.67521144393e-19, 2.68821695267e-20],
        "var": [0.166767075658, 23.0820293427, 778.693847656, 150.894088745, 229.536834717, 696.639770508, 958.570068359, 1475.70800781, 2653.60717773, 7372.51806641, 15379.2587891, 9555.78613281, 1296.32507324, 1338.96337891, 2100.76293945, 3064.01489258, 2889.86425781, 358.595703125, 268.733795166, 2469.81860352, 145.589691162, 190.927139282, 179.367446899, 536.665893555, 113.848831177, 82.4824752808, 81.6898345947, 44.86485672, 99.1022720337, 26.5109024048, 11.0304117203, 23.9823532104, 9.11303329468, 13.5990791321, 10.9063072205, 7.28980207443, 2.05428934097, 0.0252336021513, 0.000458745867945, 7.31230784368e-07]
    },
    "gfcc": {
        "mean": [-104.04914856, 150.643157959, -134.027893066, 0.812853932381, -63.1869239807, -7.12548446655, -33.0903816223, -3.81358385086, -14.4741573334, -11.7502031326, -6.78921842575, -11.3805007935, -4.99178791046],
        "cov": [[25797.9101562, -318.93447876, 38.1487922668, 3363.85888672, 635.223388672, 516.896118164, -57.7268981934, 890.63861084, 190.521896362, 443.92388916, -486.234039307, 105.134101868, -501.6144104], [-318.93447876, 1646.62573242, -96.2533416748, -240.985015869, 295.089752197, -185.973175049, 129.005096436, -294.038818359, 111.216812134, -189.624130249, 63.807964325, -199.151199341, 93.6223068237], [38.1487922668, -96.2533416748, 1576.81115723, 619.134094238, 487.741943359, 354.556488037, 250.42098999, 356.399993896, 132.461746216, 256.846496582, -47.1058425903, 207.284576416, -56.9848823547], [3363.85888672, -240.985015869, 619.134094238, 1258.13415527, 442.46685791, 201.003829956, 179.573303223, 265.421081543, 211.470275879, 240.704528809, -115.074211121, 98.7557754517, -68.5566940308], [635.223388672, 295.089752197, 487.741943359, 442.46685791, 593.706970215, 173.243347168, 201.67527771, 88.7995300293, 145.748123169, 150.671356201, -21.0537185669, 19.132850647, -13.1489725113], [516.896118164, -185.973175049, 354.556488037, 201.003829956, 173.243347168, 421.75881958, 133.364501953, 189.364990234, -15.6945304871, 76.2740859985, 32.159198761, 37.2903709412, -29.2584323883], [-57.7268981934, 129.005096436, 250.42098999, 179.573303223, 201.67527771, 133.364501953, 241.428085327, 88.1203842163, 99.0370101929, 62.5551147461, 3.97220396996, 15.0932636261, -9.41531944275], [890.63861084, -294.038818359, 356.399993896, 265.421081543, 88.7995300293, 189.364990234, 88.1203842163, 306.386413574, 65.4169692993, 131.582611084, -32.2293815613, 75.550994873, -41.2180519104], [190.521896362, 111.216812134, 132.461746216, 211.470275879, 145.748123169, -15.6945304871, 99.0370101929, 65.4169692993, 205.65763855, 99.915802002, -20.5025405884, 2.81191563606, -8.69061374664], [443.92388916, -189.624130249, 256.846496582, 240.704528809, 150.671356201, 76.2740859985, 62.5551147461, 131.582611084, 99.915802002, 249.738464355, -15.089094162, 71.5322875977, -36.4822311401], [-486.234039307, 63.807964325, -47.1058425903, -115.074211121, -21.0537185669, 32.159198761, 3.97220396996, -32.2293815613, -20.5025405884, -15.089094162, 115.685417175, 15.5576486588, 22.9126548767], [105.134101868, -199.151199341, 207.284576416, 98.7557754517, 19.132850647, 37.2903709412, 15.0932636261, 75.550994873, 2.81191563606, 71.5322875977, 15.5576486588, 182.254425049, 12.8430786133], [-501.6144104, 93.6223068237, -56.9848823547, -68.5566940308, -13.1489725113, -29.2584323883, -9.41531944275, -41.2180519104, -8.69061374664, -36.4822311401, 22.9126548767, 12.8430786133, 109.229522705]],
        "icov": [[0.000116960785817, -0.000238451888436, 0.00023482539109, -0.000407342711696, 7.66056182329e-05, -0.000144988865941, 0.000307178532239, -0.000396404444473, 0.000282319786493, -7.50920225983e-05, 0.000233623592067, -0.000239149463596, 0.000432116241427], [-0.000238451888436, 0.00192289263941, -0.000713913701475, 0.00114264024887, -0.00117677857634, 0.000961103127338, -0.00120067398529, 0.0015155087458, -0.00133653194644, 0.00123588030692, -0.00123806460761, 0.00157183478586, -0.00143296550959], [0.00023482539109, -0.000713913701475, 0.00179391645361, -0.000905930879526, -0.000402660050895, -0.000677551550325, 0.000440302246716, -0.00160230812617, 0.00081738847075, -0.000354931835318, 0.000951149442699, -0.00169588299468, 0.00120730488561], [-0.000407342711696, 0.00114264024887, -0.000905930879526, 0.00297600589693, -0.00120047561359, 0.000337832956575, -0.000959222204983, 0.00114837358706, -0.00196885270998, 0.000371806963813, 0.000174107277417, 0.000522011250723, -0.00128850445617], [7.66056182329e-05, -0.00117677857634, -0.000402660050895, -0.00120047561359, 0.00452265143394, -0.00143057713285, -0.000824791728519, 0.000915066630114, -0.000136895818287, -0.00190759426914, 0.000846682174597, -3.69615918316e-05, 1.10625423986e-05], [-0.000144988865941, 0.000961103127338, -0.000677551550325, 0.000337832956575, -0.00143057713285, 0.00580673245713, -0.00253819278441, -0.00219133123755, 0.00251430645585, 0.000423393939855, -0.00312921917066, 0.00190079689492, -0.000519180728588], [0.000307178532239, -0.00120067398529, 0.000440302246716, -0.000959222204983, -0.000824791728519, -0.00253819278441, 0.00874988082796, -0.00158092798665, -0.00234681949951, 0.000460380339064, 0.000514862011187, -0.00122407823801, 0.00144887971692], [-0.000396404444473, 0.0015155087458, -0.00160230812617, 0.00114837358706, 0.000915066630114, -0.00219133123755, -0.00158092798665, 0.00923478417099, -0.00314223743044, -0.000836552528199, 0.000927032902837, 0.000115073169582, -0.00110025249887], [0.000282319786493, -0.00133653194644, 0.00081738847075, -0.00196885270998, -0.000136895818287, 0.00251430645585, -0.00234681949951, -0.00314223743044, 0.0108890812844, -0.0033457078971, 7.95984160504e-05, 0.000609462382272, 0.000562302302569], [-7.50920225983e-05, 0.00123588030692, -0.000354931835318, 0.000371806963813, -0.00190759426914, 0.000423393939855, 0.000460380339064, -0.000836552528199, -0.0033457078971, 0.00818328838795, -0.00107300782111, -0.00112618866842, 0.00107632938307], [0.000233623592067, -0.00123806460761, 0.000951149442699, 0.000174107277417, 0.000846682174597, -0.00312921917066, 0.000514862011187, 0.000927032902837, 7.95984160504e-05, -0.00107300782111, 0.0124737760052, -0.00317017664202, -0.000198432084289], [-0.000239149463596, 0.00157183478586, -0.00169588299468, 0.000522011250723, -3.69615918316e-05, 0.00190079689492, -0.00122407823801, 0.000115073169582, 0.000609462382272, -0.00112618866842, -0.00317017664202, 0.009596276097, -0.00335095706396], [0.000432116241427, -0.00143296550959, 0.00120730488561, -0.00128850445617, 1.10625423986e-05, -0.000519180728588, 0.00144887971692, -0.00110025249887, 0.000562302302569, 0.00107632938307, -0.000198432084289, -0.00335095706396, 0.0126006146893]]
    },
    "melbands": {
        "dmean": [0.000688073050696, 0.00114381441381, 0.000404818099923, 0.000384121056413, 0.000280609412584, 0.000248396710958, 0.000197155706701, 0.000247208139626, 0.000199130488909, 0.000107565996586, 4.23316596425e-05, 4.49596518592e-05, 4.37191156379e-05, 2.88941428153e-05, 2.70490218099e-05, 1.83928314073e-05, 9.00570466911e-06, 6.94201844453e-06, 6.54323730487e-06, 8.04710725788e-06, 3.70123871107e-06, 3.32712261297e-06, 3.16409818879e-06, 2.85555779556e-06, 2.68069038611e-06, 1.3217339756e-06, 9.95139657789e-07, 8.46478087624e-07, 7.13058170732e-07, 5.39879522421e-07, 4.25230183509e-07, 5.95687311034e-07, 3.25956250435e-07, 2.77251615444e-07, 2.06273327308e-07, 1.82422525086e-07, 2.52222775998e-07, 1.79437193992e-07, 1.37152767365e-07, 1.19812582966e-07],
        "dmean2": [0.0010197639931, 0.0017018748913, 0.000622727617156, 0.000591208110563, 0.000418201263528, 0.000378045573598, 0.000283243512968, 0.000374438415747, 0.000281586078927, 0.000157131114975, 6.2285536842e-05, 6.70125518809e-05, 6.80632874719e-05, 4.70942359243e-05, 4.3707259465e-05, 2.96700291074e-05, 1.44432769957e-05, 1.14616868814e-05, 1.00979750641e-05, 1.21472730825e-05, 6.12413941781e-06, 5.47656964045e-06, 5.23109974893e-06, 4.63264723294e-06, 4.33446030002e-06, 2.17947422243e-06, 1.62737399023e-06, 1.35272159696e-06, 1.18891648526e-06, 8.77453487647e-07, 6.86356884216e-07, 9.33777471346e-07, 5.33849799922e-07, 4.45474483968e-07, 3.29165999347e-07, 3.03760856468e-07, 3.97001002739e-07, 2.77475237453e-07, 2.18600035851e-07, 1.7206467362e-07],
        "dvar": [3.47678292201e-06, 6.24154472462e-06, 7.21908634205e-07, 1.17133913591e-06, 3.22466661373e-07, 2.05333762437e-07, 1.92255072307e-07, 3.60052979431e-07, 3.04630361825e-07, 8.77088695006e-08, 1.24085595132e-08, 8.21995005396e-09, 1.10661124708e-08, 8.73765948484e-09, 7.03182578832e-09, 5.31497335032e-09, 4.8283216314e-10, 1.89723181609e-10, 2.41551695312e-10, 3.85604409514e-10, 5.7941831888e-11, 6.08225345089e-11, 5.38489149104e-11, 1.12252471207e-10, 1.19305926249e-10, 1.39283515277e-11, 9.41616316169e-12, 7.28122510202e-12, 8.60700399841e-12, 4.0310229113e-12, 2.50226228626e-12, 1.20034026121e-11, 2.09355818272e-12, 1.99450829116e-12, 1.24272803419e-12, 1.38540665485e-12, 6.63928937869e-12, 3.16240154723e-12, 2.1406817291e-12, 3.03503446333e-12],
        "dvar2": [8.01291207608e-06, 1.48714998431e-05, 1.79238088549e-06, 2.71524254458e-06, 7.01531121194e-07, 5.36178788479e-07, 4.24488007411e-07, 9.1098155508e-07, 6.93039339694e-07, 2.06209080034e-07, 3.02965332821e-08, 1.7967179744e-08, 2.81743499642e-08, 2.35107808777e-08, 1.88696311909e-08, 1.4671137194e-08, 1.23869914326e-09, 5.14052078682e-10, 5.04407460244e-10, 7.39020178386e-10, 1.52924117813e-10, 1.58802318517e-10, 1.48293294311e-10, 2.58583099377e-10, 2.79831602334e-10, 3.73372513462e-11, 2.51484215397e-11, 1.85163672589e-11, 2.46326552905e-11, 1.03304326898e-11, 6.8001099543e-12, 2.84559632802e-11, 5.70327986227e-12, 5.21682566937e-12, 3.06431421036e-12, 4.14246761893e-12, 1.67743544749e-11, 7.69197032457e-12, 5.30546396746e-12, 4.54791542967e-12],
        "max": [0.0359161756933, 0.0558453351259, 0.0263067707419, 0.0284535065293, 0.0148562220857, 0.0087547916919, 0.012457546778, 0.0142663819715, 0.0151197584346, 0.00842751283199, 0.0032842902001, 0.00255946000107, 0.00261014536954, 0.0033850222826, 0.00265755760483, 0.00291915656999, 0.000494942592923, 0.000282880675513, 0.000686824438162, 0.000699381984305, 0.000194414635189, 0.000249237928074, 0.00016179276281, 0.000553876277991, 0.000568012997974, 0.000134877263918, 8.71670999913e-05, 9.63883285294e-05, 0.000126449158415, 6.76622803439e-05, 4.66318633698e-05, 0.000151046857354, 4.30776817666e-05, 6.35175456409e-05, 4.75387969345e-05, 6.95324852131e-05, 0.000179220340215, 0.000119273063319, 0.000135931215482, 0.000189995524124],
        "mean": [0.00205883034505, 0.00549255125225, 0.00123687717132, 0.000720376730897, 0.000680030905642, 0.000593259232119, 0.000438519316958, 0.000512387952767, 0.000474396976642, 0.000267493189313, 8.91802774277e-05, 9.17353099794e-05, 8.68554998306e-05, 4.84676420456e-05, 4.32508677477e-05, 2.99465027638e-05, 1.82444928214e-05, 1.39295580084e-05, 1.73434073076e-05, 2.04223251785e-05, 7.60709963288e-06, 7.67379060562e-06, 6.67737367621e-06, 6.48635614198e-06, 6.23103778707e-06, 3.35320828526e-06, 2.51202664003e-06, 2.19482149078e-06, 1.69633301539e-06, 1.40007909977e-06, 1.19250626085e-06, 1.50781352204e-06, 8.90436353984e-07, 6.82138136199e-07, 4.99002510423e-07, 4.26792297503e-07, 5.33757429366e-07, 4.10402492435e-07, 3.01423682458e-07, 2.83113791966e-07],
        "median": [1.52757202159e-05, 0.000126638798974, 0.000284801673843, 0.000203177798539, 0.000282436289126, 0.000255483028013, 0.000138153714943, 0.000164434415638, 0.000137216804433, 7.10868771421e-05, 3.85803323297e-05, 3.74742667191e-05, 3.06770125462e-05, 1.22000174088e-05, 1.0764547369e-05, 7.5839730016e-06, 6.47822889732e-06, 5.34384435014e-06, 4.65222274215e-06, 5.45669945495e-06, 2.71820772468e-06, 2.17890965359e-06, 1.57711087923e-06, 1.17900844998e-06, 8.93700644156e-07, 6.25114978448e-07, 4.15160940292e-07, 3.00155960531e-07, 1.77167052584e-07, 1.09696216555e-07, 7.87634419908e-08, 5.80305474784e-08, 3.80010085621e-08, 3.30439426932e-08, 2.46423841332e-08, 1.74218310889e-08, 1.25701964393e-08, 8.9828366967e-09, 5.62008839466e-09, 3.18811155253e-09],
        "min": [2.31824979965e-24, 2.02195167149e-24, 1.54948423852e-24, 1.85195589351e-24, 1.76767951642e-24, 1.84234737047e-24, 3.07237242604e-24, 1.51084849378e-24, 2.97981084008e-24, 3.03504530295e-24, 3.49928047934e-24, 2.53314320162e-24, 3.33036524358e-24, 1.12938208268e-24, 1.46185855524e-24, 3.41923634101e-24, 2.52016505922e-24, 4.22594482978e-24, 2.33827740031e-24, 2.94467359486e-24, 2.19106076982e-24, 4.11972392003e-24, 5.17563514648e-24, 4.02420548618e-24, 5.97271046031e-24, 3.60966894125e-24, 4.18149172891e-24, 4.5602834085e-24, 4.64508990012e-24, 5.62141965516e-24, 4.1273044789e-24, 5.70300246669e-24, 6.31537586032e-24, 5.64365803851e-24, 7.08080128577e-24, 5.34234551601e-24, 6.32674452925e-24, 6.82495712813e-24, 6.59054868786e-24, 6.7918352253e-24],
        "var": [1.58978418767e-05, 0.000126097729662, 4.56471161669e-06, 2.35827315009e-06, 1.09615075417e-06, 7.31231921236e-07, 6.15374744939e-07, 8.21318906219e-07, 9.03153988929e-07, 3.48345935208e-07, 3.00046245627e-08, 2.46410500893e-08, 2.92500086374e-08, 1.57929189726e-08, 1.21298917577e-08, 9.06368491371e-09, 1.47845247156e-09, 6.42010888896e-10, 1.89966953279e-09, 2.56271248666e-09, 1.45363804327e-10, 2.43796510757e-10, 1.60806978844e-10, 3.28768429148e-10, 3.870755938e-10, 6.97123331284e-11, 4.48636648664e-11, 3.59565537067e-11, 3.76512883371e-11, 1.90323295318e-11, 1.40126833748e-11, 5.01096282524e-11, 1.19241292187e-11, 7.35693016923e-12, 4.16048879376e-12, 3.94239415419e-12, 1.30604312087e-11, 5.52478418916e-12, 6.47038585905e-12, 1.23969428473e-11]
    },
    "mfcc": {
        "mean": [-732.454040527, 174.338562012, -13.0055503845, 7.78236913681, -9.45000743866, -9.40172100067, -9.94501686096, -1.74431741238, -6.79422092438, 0.140148550272, -5.71963214874, -2.43555736542, -3.42191004753],
        "cov": [[13183.1083984, 541.72088623, 501.103302002, 2269.37280273, 660.850952148, 681.774475098, 49.5711898804, 557.910400391, 552.127746582, 388.208953857, 398.974243164, 472.505096436, 115.165336609], [541.72088623, 1975.8079834, -130.409729004, -77.9728775024, 98.9759216309, 44.3206520081, 28.7682495117, -49.9701576233, -50.28465271, 0.0642348602414, -74.4614715576, -97.129776001, -34.9838294983], [501.103302002, -130.409729004, 743.512573242, 320.578552246, 255.698501587, 174.567550659, 175.43586731, 197.861663818, 155.133728027, 62.1484298706, 115.876922607, 129.747329712, 46.6628913879], [2269.37280273, -77.9728775024, 320.578552246, 1039.00805664, 370.774841309, 376.351348877, 38.4960632324, 150.830490112, 270.014221191, 193.146713257, 183.266113281, 136.30305481, 92.0495758057], [660.850952148, 98.9759216309, 255.698501587, 370.774841309, 374.871063232, 238.987930298, 130.130004883, 103.730209351, 145.336853027, 97.8173904419, 84.8957138062, 91.24559021, 59.437877655], [681.774475098, 44.3206520081, 174.567550659, 376.351348877, 238.987930298, 351.268035889, 155.573928833, 109.741950989, 142.997009277, 104.125930786, 101.698112488, 98.7819519043, 71.5344924927], [49.5711898804, 28.7682495117, 175.43586731, 38.4960632324, 130.130004883, 155.573928833, 259.777893066, 127.122421265, 71.0413894653, 48.6729927063, 43.9223670959, 69.6080703735, 31.2584495544], [557.910400391, -49.9701576233, 197.861663818, 150.830490112, 103.730209351, 109.741950989, 127.122421265, 223.373306274, 99.4479217529, 44.5876312256, 51.8002929688, 67.2462158203, 32.5029373169], [552.127746582, -50.28465271, 155.133728027, 270.014221191, 145.336853027, 142.997009277, 71.0413894653, 99.4479217529, 221.634384155, 124.483551025, 92.614616394, 85.3988494873, 53.7165718079], [388.208953857, 0.0642348602414, 62.1484298706, 193.146713257, 97.8173904419, 104.125930786, 48.6729927063, 44.5876312256, 124.483551025, 166.277694702, 82.0242004395, 54.835319519, 33.5284805298], [398.974243164, -74.4614715576, 115.876922607, 183.266113281, 84.8957138062, 101.698112488, 43.9223670959, 51.8002929688, 92.614616394, 82.0242004395, 157.780914307, 100.892974854, 40.8831977844], [472.505096436, -97.129776001, 129.747329712, 136.30305481, 91.24559021, 98.7819519043, 69.6080703735, 67.2462158203, 85.3988494873, 54.835319519, 100.892974854, 180.096878052, 69.6752319336], [115.165336609, -34.9838294983, 46.6628913879, 92.0495758057, 59.437877655, 71.5344924927, 31.2584495544, 32.5029373169, 53.7165718079, 33.5284805298, 40.8831977844, 69.6752319336, 116.801818848]],
