{
"lowlevel": {
    "average_loudness": 0.796778738499,
    "barkbands_crest": {
        "dmean": 2.47026324272,
        "dmean2": 3.7930431366,
        "dvar": 6.28265762329,
        "dvar2": 13.0544967651,
        "max": 26.0699100494,
        "mean": 10.964594841,
        "median": 9.91876316071,
        "min": 3.13250422478,
        "var": 21.6584949493
    },
    "barkbands_flatness_db": {
        "dmean": 0.0195984411985,
        "dmean2": 0.0281076114625,
        "dvar": 0.000555455626454,
        "dvar2": 0.00100272649433,
        "max": 0.498858302832,
        "mean": 0.158786892891,
        "median": 0.142220467329,
        "min": 0.0286372955889,
        "var": 0.00424455525354
    },
    "barkbands_kurtosis": {
        "dmean": 4.3520731926,
        "dmean2": 6.47300577164,
        "dvar": 134.06288147,
        "dvar2": 283.082611084,
        "max": 256.852844238,
        "mean": 7.12433815002,
        "median": 2.67182302475,
        "min": -1.75467169285,
        "var": 225.180938721
    },
    "barkbands_skewness": {
        "dmean": 0.55245834589,
        "dmean2": 0.790967106819,
        "dvar": 0.639664292336,
        "dvar2": 1.11072564125,
        "max": 13.5126895905,
        "mean": 1.94731366634,
        "median": 1.59478497505,
        "min": -1.93585240841,
        "var": 2.22761511803
    },
    "barkbands_spread": {
        "dmean": 4.15296983719,
        "dmean2": 6.16149044037,
        "dvar": 24.1277866364,
        "dvar2": 51.246295929,
        "max": 83.6995010376,
        "mean": 18.2312145233,
        "median": 16.866065979,
        "min": 0.611015558243,
        "var": 112.744857788
    },
    "dissonance": {
        "dmean": 0.0194789022207,
        "dmean2": 0.0327165722847,
        "dvar": 0.000379292032449,
        "dvar2": 0.0010556379566,
        "max": 0.499866962433,
        "mean": 0.456960201263,
        "median": 0.463432848454,
        "min": 0.132606461644,
        "var": 0.00100113695953
    },
    "dynamic_complexity": 3.82026147842,
    "erbbands_crest": {
        "dmean": 2.36493182182,
        "dmean2": 3.76108217239,
        "dvar": 4.57671499252,
        "dvar2": 11.3625106812,
        "max": 30.4183616638,
        "mean": 9.34182262421,
        "median": 8.34828186035,
        "min": 2.22932124138,
        "var": 17.0541610718
    },
    "erbbands_flatness_db": {
        "dmean": 0.0118743916973,
        "dmean2": 0.017660420388,
        "dvar": 0.000117121191579,
        "dvar2": 0.000259645457845,
        "max": 0.40142261982,
        "mean": 0.160732328892,
        "median": 0.154991850257,
        "min": 0.0552843734622,
        "var": 0.00148669350892
    },
    "erbbands_kurtosis": {
        "dmean": 0.659736990929,
        "dmean2": 1.01715672016,
        "dvar": 0.773993015289,
        "dvar2": 1.72823750973,
        "max": 32.5882453918,
        "mean": 0.0555388890207,
        "median": -0.436980724335,
        "min": -1.77722001076,
        "var": 3.37109827995
    },
    "erbbands_skewness": {
        "dmean": 0.320058256388,
        "dmean2": 0.481449991465,
        "dvar": 0.0832147598267,
        "dvar2": 0.191159009933,
        "max": 3.71496462822,
        "mean": 0.34665030241,
        "median": 0.313170731068,
        "min": -2.55249118805,
        "var": 0.465313881636
    },
    "erbbands_spread": {
        "dmean": 6.4921579361,
        "dmean2": 9.77917385101,
        "dvar": 40.2721977234,
        "dvar2": 91.6568603516,
        "max": 101.236724854,
        "mean": 39.0424957275,
        "median": 37.5906562805,
        "min": 2.95149183273,
        "var": 181.657424927
    },
    "hfc": {
        "dmean": 4.40493822098,
        "dmean2": 6.58193922043,
        "dvar": 62.784740448,
        "dvar2": 155.45703125,
        "max": 88.4476318359,
        "mean": 14.8818502426,
        "median": 10.4979419708,
        "min": 1.15181670985e-16,
        "var": 183.128005981
    },
    "melbands_crest": {
        "dmean": 2.89377903938,
        "dmean2": 4.38381147385,
        "dvar": 7.87769699097,
        "dvar2": 17.0841846466,
        "max": 33.9481391907,
        "mean": 14.8696985245,
        "median": 13.7094202042,
        "min": 2.1210706234,
        "var": 32.0606689453
    },
    "melbands_flatness_db": {
        "dmean": 0.0238208919764,
        "dmean2": 0.0337412729859,
        "dvar": 0.00080990139395,
        "dvar2": 0.0014270885149,
        "max": 0.670679092407,
        "mean": 0.234866291285,
        "median": 0.212652534246,
        "min": 0.00620721885934,
        "var": 0.0072698360309
    },
    "melbands_kurtosis": {
        "dmean": 9.23627471924,
        "dmean2": 13.7477664948,
        "dvar": 525.654418945,
        "dvar2": 1036.90136719,
        "max": 405.520996094,
        "mean": 18.154296875,
        "median": 8.65169715881,
        "min": -1.77452945709,
        "var": 978.965270996
    },
    "melbands_skewness": {
        "dmean": 0.708174228668,
        "dmean2": 1.01822972298,
        "dvar": 0.97294229269,
        "dvar2": 1.67352175713,
        "max": 15.9893312454,
        "mean": 2.97224617004,
        "median": 2.44662952423,
        "min": -0.515281260014,
        "var": 3.57000827789
    },
    "melbands_spread": {
        "dmean": 4.73087835312,
        "dmean2": 7.05359077454,
        "dvar": 30.3413410187,
        "dvar2": 64.2994155884,
        "max": 151.367599487,
        "mean": 18.3731327057,
        "median": 15.9642953873,
        "min": 0.516200065613,
        "var": 181.020782471
    },
    "pitch_salience": {
        "dmean": 0.0616012103856,
        "dmean2": 0.0965194329619,
        "dvar": 0.00431634811684,
        "dvar2": 0.00976919010282,
        "max": 0.799372911453,
        "mean": 0.468746066093,
        "median": 0.475311934948,
        "min": 0.0627731233835,
        "var": 0.0123408921063
    },
    "silence_rate_20dB": {
        "dmean": 0.00844336673617,
        "dmean2": 0.0168882496655,
        "dvar": 0.00837159529328,
        "dvar2": 0.0248663071543,
        "max": 1,
        "mean": 0.995688855648,
        "median": 1,
        "min": 0,
        "var": 0.00429266272113
    },
    "silence_rate_30dB": {
        "dmean": 0.0450911708176,
        "dmean2": 0.0901904404163,
        "dvar": 0.0430601350963,
        "dvar2": 0.0869052037597,
        "max": 1,
        "mean": 0.923657238483,
        "median": 1,
        "min": 0,
        "var": 0.0705088302493
    },
    "silence_rate_60dB": {
        "dmean": 0.00790442805737,
        "dmean2": 0.015810277313,
        "dvar": 0.00784056074917,
        "dvar2": 0.0168137215078,
        "max": 1,
        "mean": 0.0585593692958,
        "median": 0,
        "min": 0,
        "var": 0.0551220960915
    },
    "spectral_centroid": {
        "dmean": 217.939575195,
        "dmean2": 326.461273193,
        "dvar": 65369.4023438,
        "dvar2": 130768.421875,
        "max": 11009.8574219,
        "mean": 1229.59143066,
        "median": 1167.08520508,
        "min": 162.334121704,
        "var": 330508.46875
    },
    "spectral_complexity": {
        "dmean": 2.37546038628,
        "dmean2": 3.7046353817,
        "dvar": 7.00141620636,
        "dvar2": 16.6088600159,
        "max": 43,
        "mean": 15.2077417374,
        "median": 15,
        "min": 0,
        "var": 44.9511108398
    },
    "spectral_decrease": {
        "dmean": 4.32196189948e-09,
        "dmean2": 6.33244967574e-09,
        "dvar": 1.21418096643e-16,
        "dvar2": 2.25688805362e-16,
        "max": -1.88074476909e-29,
        "mean": -1.03616883962e-08,
        "median": -5.32828892119e-09,
        "min": -1.33610299713e-07,
        "var": 2.45196900579e-16
    },
    "spectral_energy": {
        "dmean": 0.0166175663471,
        "dmean2": 0.0243423301727,
        "dvar": 0.00175609043799,
        "dvar2": 0.00326866749674,
        "max": 0.507490634918,
        "mean": 0.0404571220279,
        "median": 0.0212804172188,
        "min": 1.05182929599e-20,
        "var": 0.00357902375981
    },
    "spectral_energyband_high": {
        "dmean": 0.000152099702973,
        "dmean2": 0.000230290563195,
        "dvar": 1.09031383033e-07,
        "dvar2": 2.55923936265e-07,
        "max": 0.00672069005668,
        "mean": 0.000364306557458,
        "median": 0.000238684791839,
        "min": 7.42419075911e-21,
        "var": 1.81196170956e-07
    },
    "spectral_energyband_low": {
        "dmean": 0.0144143048674,
        "dmean2": 0.0214630737901,
        "dvar": 0.00178722082637,
        "dvar2": 0.00335877644829,
        "max": 0.497031509876,
        "mean": 0.0258285161108,
        "median": 0.00646517891437,
        "min": 5.16826765894e-23,
        "var": 0.00317843980156
    },
    "spectral_energyband_middle_high": {
        "dmean": 0.00145953916945,
        "dmean2": 0.00234338943847,
        "dvar": 9.62564990914e-06,
        "dvar2": 2.58290674537e-05,
        "max": 0.0373767018318,
        "mean": 0.00378894270398,
        "median": 0.00238256854936,
        "min": 1.61522675699e-21,
        "var": 1.79863254743e-05
    },
    "spectral_energyband_middle_low": {
        "dmean": 0.0041071716696,
        "dmean2": 0.00623773736879,
        "dvar": 4.8502071877e-05,
        "dvar2": 0.000125277801999,
        "max": 0.126129567623,
        "mean": 0.0117508396506,
        "median": 0.00795109570026,
        "min": 2.78270999861e-22,
        "var": 0.000143277575262
    },
    "spectral_entropy": {
        "dmean": 0.12716704607,
        "dmean2": 0.190281674266,
        "dvar": 0.0212403479964,
        "dvar2": 0.048151332885,
        "max": 9.81682777405,
        "mean": 7.22397279739,
        "median": 7.29851341248,
        "min": 4.69880819321,
        "var": 0.200647890568
    },
    "spectral_flux": {
        "dmean": 0.030280450359,
        "dmean2": 0.0493638813496,
        "dvar": 0.00351031683385,
        "dvar2": 0.00781345088035,
        "max": 0.574148356915,
        "mean": 0.0793247520924,
        "median": 0.0574995651841,
        "min": 1.0255873234e-10,
        "var": 0.00673936121166
    },
    "spectral_kurtosis": {
        "dmean": 1.74647307396,
        "dmean2": 2.99537134171,
        "dvar": 9.56655788422,
        "dvar2": 24.9926567078,
        "max": 116.483108521,
        "mean": 5.27488803864,
        "median": 3.80133461952,
        "min": -1.2288762331,
        "var": 63.4834671021
    },
    "spectral_rms": {
        "dmean": 0.000971605419181,
        "dmean2": 0.00137275655288,
        "dvar": 3.07492609863e-06,
        "dvar2": 5.21036963619e-06,
        "max": 0.022251131013,
        "mean": 0.00532211689278,
        "median": 0.00455646589398,
        "min": 3.20339653241e-12,
        "var": 1.11454137368e-05
    },
    "spectral_rolloff": {
        "dmean": 307.729644775,
        "dmean2": 504.815429688,
        "dvar": 238848.484375,
        "dvar2": 512417.90625,
        "max": 19164.5507812,
        "mean": 1049.23950195,
        "median": 667.529296875,
        "min": 64.599609375,
        "var": 1939545.25
    },
    "spectral_skewness": {
        "dmean": 0.205189391971,
        "dmean2": 0.338454693556,
        "dvar": 0.0570614524186,
        "dvar2": 0.145589083433,
        "max": 8.94239616394,
        "mean": 1.56047844887,
        "median": 1.43268942833,
        "min": -0.00273652444594,
        "var": 0.501428067684
    },
    "spectral_spread": {
        "dmean": 262420.0625,
        "dmean2": 402295.625,
        "dvar": 199106232320,
        "dvar2": 290479407104,
        "max": 41637900,
        "mean": 3980901,
        "median": 3884345,
        "min": 785930.0625,
        "var": 928684179456
    },
    "spectral_strongpeak": {
        "dmean": 0.364643126726,
        "dmean2": 0.608569085598,
        "dvar": 0.368948578835,
        "dvar2": 0.932549536228,
        "max": 11.7749681473,
        "mean": 0.70833003521,
        "median": 0.394847869873,
        "min": 0,
        "var": 0.633850038052
    },
    "zerocrossingrate": {
        "dmean": 0.00666287029162,
        "dmean2": 0.00794557947665,
        "dvar": 5.8326189901e-05,
        "dvar2": 7.41467811167e-05,
        "max": 0.51806640625,
        "mean": 0.0447953976691,
        "median": 0.04248046875,
        "min": 0.00244140625,
        "var": 0.0012049083598
    },
    "barkbands": {
        "dmean": [0.000587168266065, 0.0126042310148, 0.00365422782488, 0.00116329826415, 0.00126616668422, 0.000942050362937, 0.00125624251086, 0.000800486770459, 0.000538733380381, 0.000215855849092, 0.000421664910391, 0.00037276223884, 0.000252614117926, 0.000209925317904, 0.000244169204962, 0.000201576607651, 0.000144072866533, 0.000192380641238, 0.00014808755077, 0.00011051241745, 6.44848114462e-05, 3.50360860466e-05, 1.82987951121e-05, 1.30909929794e-05, 1.02993344626e-05, 6.6100596996e-06, 4.07810148317e-07],
        "dmean2": [0.000883322267327, 0.0188058558851, 0.00632267352194, 0.00195950130001, 0.00193823990412, 0.00136645464227, 0.0018965981435, 0.00112196942791, 0.000760432507377, 0.00032292996184, 0.000665879982989, 0.000600794097409, 0.000424960482633, 0.000346312765032, 0.000418220792199, 0.000335824181093, 0.000241610454395, 0.000329432834405, 0.000251620804192, 0.000180585630005, 0.000100670607935, 5.6542125094e-05, 2.85389578494e-05, 2.0072906409e-05, 1.5500057998e-05, 1.04893651951e-05, 6.66375967739e-07],
        "dvar": [2.16589546653e-06, 0.00146837579086, 0.000207478064112, 1.49355128087e-05, 5.0581825235e-06, 2.95421386909e-06, 1.13179867185e-05, 3.179726491e-06, 1.37689528401e-06, 3.22303264966e-07, 1.19540197829e-06, 9.20767149637e-07, 5.73201873522e-07, 3.14226838327e-07, 4.69527407176e-07, 3.12107090394e-07, 1.64416007919e-07, 3.19346298738e-07, 1.33026816229e-07, 4.99790395736e-08, 1.32678135145e-08, 8.26943225007e-09, 2.29431362797e-09, 2.04073513643e-09, 1.33319122408e-09, 8.01587463073e-10, 1.4349562337e-11],
        "dvar2": [4.62296065962e-06, 0.00274209748022, 0.000583680404816, 4.28437197115e-05, 1.20497306852e-05, 5.53737618247e-06, 2.74327157967e-05, 6.04103888691e-06, 2.75326738119e-06, 7.43564044114e-07, 2.9530615393e-06, 2.37188510255e-06, 1.58433329034e-06, 8.83123448148e-07, 1.31412480187e-06, 8.73147939728e-07, 4.60578547745e-07, 8.94316542599e-07, 3.74341112774e-07, 1.34360547577e-07, 3.08195176046e-08, 2.00608809564e-08, 5.51430767715e-09, 5.04660224721e-09, 3.19181125974e-09, 2.04825534311e-09, 4.08846914657e-11],
        "max": [0.0397151522338, 0.461904317141, 0.159780412912, 0.0607328563929, 0.064677529037, 0.0615788176656, 0.100605398417, 0.0431185625494, 0.0299586374313, 0.00992010347545, 0.0247015878558, 0.0211358591914, 0.0195023864508, 0.0161130130291, 0.00984282139689, 0.00926718302071, 0.00907876808196, 0.00981338322163, 0.00729182874784, 0.00474690366536, 0.00233814213425, 0.002821294358, 0.00146362138912, 0.00152190495282, 0.00106794363819, 0.000607129535638, 0.000156275476911],
        "mean": [0.00109918019734, 0.0193334072828, 0.00417163036764, 0.00178468064405, 0.00295919785276, 0.00203447649255, 0.00224234373309, 0.0015390526969, 0.00109625852201, 0.000348315836163, 0.000683924066834, 0.000599332910497, 0.000341344362823, 0.000302527245367, 0.000328366208123, 0.0003039422445, 0.000222806702368, 0.000317659199936, 0.000245629111305, 0.000211685415707, 0.000136266913614, 6.52098460705e-05, 3.74091323465e-05, 2.68020630756e-05, 1.7736439986e-05, 7.50122353566e-06, 4.73353509278e-07],
        "median": [0.000131833308842, 0.00368905533105, 0.00117131695151, 0.00056592549663, 0.00144817924593, 0.000849180505611, 0.000457099347841, 0.000396813382395, 0.000376915821107, 9.44270577747e-05, 0.000184615812032, 0.000208374025533, 0.000116903393064, 0.000122633064166, 0.000114245791337, 0.000122095792904, 7.15378700988e-05, 0.00012118963059, 0.000118678850413, 0.000119283271488, 8.27393960208e-05, 3.63409308193e-05, 1.94159292732e-05, 1.23415074995e-05, 5.65937625652e-06, 1.38967334351e-06, 9.74647491603e-08],
        "min": [5.28300558434e-23, 1.28046781953e-23, 4.36951080921e-24, 2.99169376744e-23, 3.18970164119e-23, 8.07712030283e-23, 6.88078623434e-23, 1.75870859021e-23, 3.41634043262e-23, 2.86416178034e-23, 3.08673004951e-23, 1.35899100248e-22, 1.90664348643e-22, 9.64594817988e-23, 1.69215687636e-22, 1.1932193932e-22, 1.45791895627e-22, 2.84190536363e-22, 2.32151338821e-22, 5.09456570986e-22, 3.64726696707e-22, 5.68994036582e-22, 6.19441805067e-22, 9.31432329845e-22, 1.16209233028e-21, 1.40071454996e-21, 2.35921725392e-21],
        "var": [5.88306465943e-06, 0.00236115790904, 0.000141192926094, 1.44137657117e-05, 1.80023125722e-05, 1.39388957905e-05, 2.80158819805e-05, 1.03296324596e-05, 4.64568938696e-06, 6.00426517394e-07, 2.2249698759e-06, 1.44463467677e-06, 6.2943638568e-07, 4.04075024107e-07, 4.56384810832e-07, 3.3486776374e-07, 2.16474902004e-07, 3.79059486022e-07, 1.53139922077e-07, 8.23441155262e-08, 3.07613632344e-08, 9.92822446477e-09, 3.17552029117e-09, 2.4244404262e-09, 1.59513202647e-09, 6.64070631817e-10, 8.56157419266e-12]
    },
    "erbbands": {
        "dmean": [0.454065918922, 2.82285094261, 4.80242538452, 3.99072432518, 3.00258302689, 4.56967782974, 8.62219905853, 6.63950061798, 11.7050523758, 22.1012535095, 17.1545162201, 11.2671508789, 5.82994794846, 11.3854389191, 14.6441993713, 12.0539064407, 13.1808490753, 7.75409936905, 9.85734176636, 14.8075551987, 10.6311359406, 8.67977142334, 9.75733852386, 8.25674438477, 6.2327876091, 4.97376489639, 3.29049134254, 1.97389340401, 1.37762773037, 0.758743643761, 0.499396234751, 0.323477327824, 0.188229501247, 0.0982531383634, 0.088659375906, 0.0417825952172, 0.0107318162918, 0.00129424617626, 5.95538112975e-05, 1.92488041648e-05],
        "dmean2": [0.644262909889, 4.33455562592, 8.19406414032, 6.7345457077, 5.04238510132, 7.10873222351, 12.4471273422, 9.54539203644, 17.0215587616, 33.7044792175, 23.9036483765, 16.1431674957, 8.22846126556, 17.861536026, 23.1098213196, 19.5631446838, 22.1071643829, 12.7734670639, 16.6851139069, 25.2018623352, 17.617225647, 14.655497551, 16.5039157867, 13.8833713531, 10.6405801773, 8.1694316864, 5.14792108536, 3.14691877365, 2.22180104256, 1.20381855965, 0.779208362103, 0.498986542225, 0.294159770012, 0.14534085989, 0.133914127946, 0.0652818977833, 0.0172109659761, 0.00209876825102, 9.17069846764e-05, 2.80804833892e-05],
        "dvar": [1.83326685429, 80.7302703857, 342.753173828, 203.467544556, 78.9656066895, 67.4338150024, 209.326019287, 185.300537109, 607.421386719, 4314.32080078, 1284.02844238, 774.410583496, 159.771087646, 980.157531738, 1260.15527344, 997.044311523, 1602.17565918, 540.649719238, 1051.55761719, 1368.73034668, 552.486999512, 540.393310547, 631.585998535, 304.930877686, 433.457641602, 128.316818237, 39.6449050903, 14.1946086884, 12.4019289017, 4.19052886963, 1.78323280811, 1.14674174786, 0.45089456439, 0.0791045501828, 0.123690962791, 0.0299411863089, 0.00248478166759, 7.40181349101e-05, 6.69197035563e-08, 2.12970596714e-09],
        "dvar2": [3.51472711563, 169.076461792, 927.449890137, 582.653686523, 216.197921753, 163.638458252, 396.558349609, 322.246002197, 1277.12841797, 10131.6347656, 2429.20703125, 1583.46008301, 281.932250977, 2472.60107422, 3143.42285156, 2616.05737305, 4437.21191406, 1482.15930176, 2986.96362305, 3850.11499023, 1503.30700684, 1500.04394531, 1763.01062012, 845.908569336, 1221.88317871, 352.495239258, 92.8358459473, 35.6248016357, 30.2822666168, 9.7429265976, 4.31730413437, 2.83823299408, 1.13516807556, 0.177827641368, 0.305885702372, 0.0756121277809, 0.00666044978425, 0.000207097895327, 1.79480508677e-07, 3.97404420482e-09],
        "max": [16.2785224915, 94.9644470215, 200.824066162, 196.873504639, 168.180541992, 235.21131897, 460.680877686, 501.800567627, 530.034790039, 2389.3605957, 834.02746582, 789.284606934, 303.570007324, 1021.38244629, 797.22454834, 599.392150879, 970.677612305, 608.454711914, 719.633483887, 561.940490723, 388.18939209, 427.016906738, 434.198822021, 317.494995117, 513.168884277, 320.865875244, 153.587722778, 93.0390396118, 112.734840393, 51.8724937439, 37.6455764771, 34.2894248962, 22.1381130219, 9.02570152283, 8.85012340546, 3.31978559494, 1.1549975872, 0.324371784925, 0.00845475587994, 0.000548789219465],
        "mean": [0.634791433811, 3.94567203522, 5.6522154808, 6.06981229782, 4.71561479568, 9.69607543945, 21.4846000671, 14.6615095139, 21.7557868958, 39.5424346924, 37.3709716797, 23.0500984192, 11.3057508469, 18.7871742249, 24.2894535065, 19.6121177673, 18.6136665344, 11.9054603577, 13.81208992, 21.9786605835, 17.9464035034, 14.2362728119, 17.470533371, 14.8019857407, 11.081372261, 9.60713195801, 6.78684568405, 4.07192373276, 2.57416272163, 1.51634740829, 1.01243340969, 0.647897541523, 0.383178114891, 0.206993162632, 0.126279473305, 0.0496505200863, 0.0111536495388, 0.00142225308809, 9.25343119889e-05, 4.78079527966e-05],
        "median": [0.0984923094511, 0.777177095413, 1.63453888893, 1.93056249619, 2.12932109833, 4.73775959015, 9.16921806335, 5.80079174042, 6.13372278214, 8.95350646973, 12.2847537994, 7.97569274902, 3.99208641052, 7.29729366302, 8.95184612274, 8.14456558228, 6.86713790894, 5.39501094818, 5.64448356628, 8.23911762238, 7.72495174408, 5.59014034271, 6.76483821869, 8.03746032715, 5.94811058044, 5.73451805115, 4.17004299164, 2.44932508469, 1.43958997726, 0.822963118553, 0.528849065304, 0.305338919163, 0.167812004685, 0.0817611217499, 0.0307409465313, 0.00925727002323, 0.00198747124523, 0.000292855373118, 3.29767644871e-05, 2.62777812168e-05],
        "min": [4.85979868498e-22, 2.81412943232e-21, 5.83427490088e-21, 5.71801587748e-20, 7.13443084457e-20, 7.03725650964e-20, 5.29271463243e-19, 7.06568528557e-19, 5.61550687383e-19, 1.13870655061e-18, 5.62474337935e-19, 9.29929059136e-19, 9.81518866375e-19, 9.31919462485e-19, 1.8880376802e-18, 6.39122589214e-18, 7.54591626053e-18, 7.02911366614e-18, 6.33779085175e-18, 8.01358184499e-18, 7.69014181777e-18, 9.98587159289e-18, 1.74170140619e-17, 1.25439326003e-17, 1.17090228121e-17, 2.15695351832e-17, 1.53194775887e-17, 1.80136594377e-17, 1.87436148954e-17, 2.05726386156e-17, 1.71672088256e-17, 1.655185097e-17, 1.77215058628e-17, 1.12488117793e-17, 8.82079845346e-18, 5.1072947569e-18, 3.04018115948e-18, 9.2906579277e-19, 3.3795138595e-19, 3.75611374739e-20],
        "var": [2.64006638527, 111.206497192, 257.896179199, 180.315475464, 88.9697494507, 198.734939575, 1146.96032715, 857.105773926, 1674.04162598, 10396.1123047, 4707.69140625, 2471.7590332, 504.138885498, 1320.85949707, 2136.69482422, 1355.46069336, 1690.39001465, 581.048095703, 996.135803223, 1686.42504883, 974.385498047, 711.660949707, 918.521484375, 450.813446045, 387.9581604, 177.51461792, 87.6723175049, 26.8800601959, 15.2318983078, 5.41961526871, 2.3740875721, 1.35244393349, 0.516060471535, 0.137546494603, 0.123347118497, 0.0264141559601, 0.00180492468644, 4.69220904051e-05, 5.35887210162e-08, 4.4465222615e-09]
    },
    "gfcc": {
        "mean": [-28.0574035645, 115.543045044, -117.36806488, 44.0944137573, -52.7352104187, 9.53375053406, -26.8634567261, 10.0825109482, -16.7193431854, 5.19115066528, -8.43142700195, 0.309091031551, -6.37036657333],
        "cov": [[13711.3291016, 30.9395885468, -492.969055176, 513.842651367, -319.92300415, 398.468292236, -351.850372314, 268.955841064, -170.2003479, 210.566116333, 121.67388916, 140.198638916, 28.290140152], [30.9395885468, 889.303527832, 208.191482544, 4.22141122818, 162.086029053, -81.365852356, 175.644943237, -48.6117973328, 127.70791626, -51.5766601562, 37.2163238525, -97.4835281372, -11.2903499603], [-492.969055176, 208.191482544, 580.352355957, 3.94209361076, 192.651626587, 75.7724304199, 101.946609497, 19.096944809, 22.3974533081, -14.5902986526, -9.01821327209, 7.37287139893, -20.2137393951], [513.842651367, 4.22141122818, 3.94209361076, 239.675537109, 48.4309272766, 8.03885269165, 36.9922943115, 16.6557788849, 4.93333435059, 2.85147380829, 14.2975006104, -36.9396896362, 4.4943113327], [-319.92300415, 162.086029053, 192.651626587, 48.4309272766, 276.218688965, 69.7978897095, 86.9663848877, -17.0430011749, 16.2446556091, -21.6449146271, -9.96549701691, 1.92733812332, -1.9057366848], [398.468292236, -81.365852356, 75.7724304199, 8.03885269165, 69.7978897095, 168.969345093, 14.6418924332, 2.839366436, -22.503534317, -3.32157945633, 1.7774232626, 35.3576850891, 15.5890302658], [-351.850372314, 175.644943237, 101.946609497, 36.9922943115, 86.9663848877, 14.6418924332, 178.508529663, 40.3617095947, 62.9573898315, -1.18582463264, 10.2047290802, -38.1741752625, -28.9435691833], [268.955841064, -48.6117973328, 19.096944809, 16.6557788849, -17.0430011749, 2.839366436, 40.3617095947, 118.585533142, 42.1716346741, 35.301815033, 11.364657402, -6.56649208069, -14.6952838898], [-170.2003479, 127.70791626, 22.3974533081, 4.93333435059, 16.2446556091, -22.503534317, 62.9573898315, 42.1716346741, 119.502761841, 26.8386993408, 16.7604427338, -30.9656772614, -10.3681926727], [210.566116333, -51.5766601562, -14.5902986526, 2.85147380829, -21.6449146271, -3.32157945633, -1.18582463264, 35.301815033, 26.8386993408, 90.0906295776, 26.7025260925, 0.127954736352, 2.96626543999], [121.67388916, 37.2163238525, -9.01821327209, 14.2975006104, -9.96549701691, 1.7774232626, 10.2047290802, 11.364657402, 16.7604427338, 26.7025260925, 87.0265960693, 25.8764858246, 15.107301712], [140.198638916, -97.4835281372, 7.37287139893, -36.9396896362, 1.92733812332, 35.3576850891, -38.1741752625, -6.56649208069, -30.9656772614, 0.127954736352, 25.8764858246, 106.991836548, 31.9409637451], [28.290140152, -11.2903499603, -20.2137393951, 4.4943113327, -1.9057366848, 15.5890302658, -28.9435691833, -14.6952838898, -10.3681926727, 2.96626543999, 15.107301712, 31.9409637451, 91.2845840454]],
        "icov": [[0.00020529946778, -0.000644987274427, 0.000279052939732, -0.000684837345034, 0.000411120156059, -0.000962913152762, 0.000811858684756, -0.000894476659596, 0.000573902856559, -0.000668627966661, 0.000421565055149, -0.000645615626127, 0.00048160267761], [-0.000644987274427, 0.00458789151162, -0.00149164255708, 0.00280428119004, -0.00217350502498, 0.00442310608923, -0.00386145734228, 0.00449642119929, -0.00361017906107, 0.0037908712402, -0.00340928416699, 0.00406134780496, -0.00239236000925], [0.000279052939732, -0.00149164255708, 0.002923238324, -0.000750262697693, -0.000676085124724, -0.00204318435863, 0.000791170692537, -0.00208179885522, 0.00128331058659, -0.00119950249791, 0.00121055648196, -0.00162666884717, 0.00121738144662], [-0.000684837345034, 0.00280428119004, -0.000750262697693, 0.00748815946281, -0.00279439520091, 0.00343938730657, -0.00335581274703, 0.0022802434396, -0.00115449924488, 0.00285884551704, -0.00359208486043, 0.00531524932012, -0.00280775106512], [0.000411120156059, -0.00217350502498, -0.000676085124724, -0.00279439520091, 0.00736251100898, -0.00399005878717, -0.000268223986495, -0.000204035415663, 0.000879744475242, -0.0016507608816, 0.00279789068736, -0.00310361944139, 0.00108533992898], [-0.000962913152762, 0.00442310608923, -0.00204318435863, 0.00343938730657, -0.00399005878717, 0.0128501113504, -0.0051701311022, 0.00424268702045, -0.00188078195788, 0.00360898673534, -0.00271651544608, 0.00204645493068, -0.00360772944987], [0.000811858684756, -0.00386145734228, 0.000791170692537, -0.00335581274703, -0.000268223986495, -0.0051701311022, 0.013799614273, -0.00677725300193, -0.000179265276529, -0.00154400349129, 0.000586802430917, -0.000974151364062, 0.0040465099737], [-0.000894476659596, 0.00449642119929, -0.00208179885522, 0.0022802434396, -0.000204035415663, 0.00424268702045, -0.00677725300193, 0.0169680621475, -0.00662495708093, 0.000254400307313, -0.00209986092523, 0.00234944629483, -0.00112130038906], [0.000573902856559, -0.00361017906107, 0.00128331058659, -0.00115449924488, 0.000879744475242, -0.00188078195788, -0.000179265276529, -0.00662495708093, 0.0159739498049, -0.00538157578558, 0.000558962521609, -0.000163555509062, 0.000886776426341], [-0.000668627966661, 0.0037908712402, -0.00119950249791, 0.00285884551704, -0.0016507608816, 0.00360898673534, -0.00154400349129, 0.000254400307313, -0.00538157578558, 0.0178402774036, -0.00673834420741, 0.00449197972193, -0.00247722351924], [0.000421565055149, -0.00340928416699, 0.00121055648196, -0.00359208486043, 0.00279789068736, -0.00271651544608, 0.000586802430917, -0.00209986092523, 0.000558962521609, -0.00673834420741, 0.0180250145495, -0.00839309860021, 0.000499089132063], [-0.000645615626127, 0.00406134780496, -0.00162666884717, 0.00531524932012, -0.00310361944139, 0.00204645493068, -0.000974151364062, 0.00234944629483, -0.000163555509062, 0.00449197972193, -0.00839309860021, 0.0186557341367, -0.00556767219678], [0.00048160267761, -0.00239236000925, 0.00121738144662, -0.00280775106512, 0.00108533992898, -0.00360772944987, 0.0040465099737, -0.00112130038906, 0.000886776426341, -0.00247722351924, 0.000499089132063, -0.00556767219678, 0.0147054716945]]
    },
    "melbands": {
        "dmean": [0.00372531078756, 0.00289055821486, 0.000653563940432, 0.000249452132266, 0.000282160384813, 0.000160823954502, 0.000199764079298, 0.000235915940721, 0.000136708491482, 6.42638042336e-05, 2.89909348794e-05, 4.40864496341e-05, 5.77232785872e-05, 3.95612769353e-05, 3.53428695234e-05, 2.43748090725e-05, 1.45397980305e-05, 1.77935617103e-05, 1.95760167117e-05, 1.60816780408e-05, 1.21577304526e-05, 8.97119662113e-06, 1.01450978036e-05, 8.74520810612e-06, 6.99025258655e-06, 5.68638688492e-06, 4.83843405163e-06, 3.09414781441e-06, 2.5398062462e-06, 1.33706271299e-06, 1.19905280371e-06, 9.38151686114e-07, 5.84078975407e-07, 4.13704185576e-07, 2.99870492881e-07, 2.87615335992e-07, 1.8106372579e-07, 1.50295392132e-07, 1.06614997719e-07, 7.87622198573e-08],
        "dmean2": [0.00524164224043, 0.00457496754825, 0.00110495544504, 0.00040502770571, 0.000407117069699, 0.000232886784943, 0.000293833261821, 0.000351450114977, 0.000190210674191, 9.22535618884e-05, 4.11066212109e-05, 6.92288158461e-05, 9.08334113774e-05, 6.39368008706e-05, 5.81592903472e-05, 4.08918313042e-05, 2.38335069298e-05, 2.98779923469e-05, 3.34805008606e-05, 2.73338591796e-05, 2.01930033654e-05, 1.50523428601e-05, 1.7517057131e-05, 1.46930360643e-05, 1.17582439998e-05, 9.71193730948e-06, 8.20914829092e-06, 5.07092545377e-06, 4.02074738304e-06, 2.11733117794e-06, 1.93623395717e-06, 1.53929681801e-06, 9.45728686474e-07, 6.61836679683e-07, 4.70574661904e-07, 4.53038580872e-07, 2.81959103177e-07, 2.40116634131e-07, 1.64524706747e-07, 1.17251900633e-07],
        "dvar": [0.000119750322483, 9.63824932114e-05, 5.45408875041e-06, 2.93696757581e-07, 2.04042635232e-07, 9.58523571626e-08, 1.98934841933e-07, 3.7859857116e-07, 7.8456771746e-08, 2.38581634449e-08, 4.11751477358e-09, 1.48325520755e-08, 2.24868479393e-08, 1.25246488736e-08, 9.41474009863e-09, 5.16497156156e-09, 1.9023218556e-09, 2.97491697943e-09, 2.56492360684e-09, 2.2739437e-09, 7.63859309139e-10, 7.60228435759e-10, 1.65701652399e-09, 6.1307342536e-10, 2.1993767918e-10, 1.99251767863e-10, 1.54348353543e-10, 6.93848103972e-11, 2.49205552028e-11, 6.74885798288e-12, 6.25474195007e-12, 5.86242382764e-12, 2.11197921131e-12, 1.16436135907e-12, 5.8350167146e-13, 6.50203578045e-13, 4.20293194778e-13, 3.01500876132e-13, 1.11645244373e-13, 4.745569172e-14],
        "dvar2": [0.000215937383473, 0.000238496169914, 1.56404003064e-05, 7.68734651047e-07, 3.83841069151e-07, 1.73058637642e-07, 4.48991528401e-07, 8.57437214563e-07, 1.47356516322e-07, 4.92300848975e-08, 7.42774242113e-09, 3.74826107929e-08, 5.54610153358e-08, 3.23377449263e-08, 2.51275391605e-08, 1.42418006277e-08, 5.1396540357e-09, 8.4481799334e-09, 7.15878911706e-09, 6.45733999605e-09, 2.1087318558e-09, 2.12577200287e-09, 4.77831019197e-09, 1.67819302899e-09, 6.1041560695e-10, 5.61875102001e-10, 4.31782720689e-10, 1.90801568989e-10, 5.89988266575e-11, 1.62272903448e-11, 1.59165371855e-11, 1.46652499172e-11, 5.04439849267e-12, 2.75552670959e-12, 1.42066642738e-12, 1.60093964995e-12, 1.04800315561e-12, 7.58298534641e-13, 2.81736168683e-13, 1.04161376247e-13],
        "max": [0.137587115169, 0.102145455778, 0.030196884647, 0.0162361338735, 0.0129210269079, 0.0113596972078, 0.0118614640087, 0.022499890998, 0.00671325437725, 0.00426566274837, 0.00149449636228, 0.00379478977993, 0.00368762598373, 0.00295358034782, 0.00300171365961, 0.00124885432888, 0.0010245363228, 0.00163001380861, 0.000691715162247, 0.000907557085156, 0.00046595861204, 0.000645002932288, 0.000849083822686, 0.000677796255331, 0.00022062145581, 0.00029620382702, 0.000239385757595, 0.000259790831478, 0.00012960958702, 5.6579723605e-05, 4.8636487918e-05, 7.81764392741e-05, 3.57677963621e-05, 2.79995656456e-05, 1.99565602088e-05, 2.46451345447e-05, 2.27239943342e-05, 1.94149852177e-05, 1.25260348796e-05, 7.32212674848e-06],
        "mean": [0.00554865412414, 0.00384512986057, 0.000984117970802, 0.00045426125871, 0.000730484956875, 0.000350669492036, 0.000369209941709, 0.000431395310443, 0.000304324406898, 0.000126599319628, 5.3122828831e-05, 7.19080999261e-05, 9.51598995016e-05, 6.05383502261e-05, 5.12214501214e-05, 3.30421717081e-05, 2.10986909224e-05, 2.36336163653e-05, 2.65993221547e-05, 2.3426988264e-05, 1.95639568119e-05, 1.35419395519e-05, 1.57028025569e-05, 1.51957246999e-05, 1.1674264897e-05, 9.44212024478e-06, 8.12498365121e-06, 5.51432140128e-06, 4.82772884425e-06, 2.65955532086e-06, 2.23058623305e-06, 1.57230942932e-06, 1.03778006633e-06, 7.69269490775e-07, 5.75206740905e-07, 5.17690978086e-07, 3.43165851291e-07, 2.83843149873e-07, 2.11166295117e-07, 1.60180974262e-07],
        "median": [0.000958911201451, 0.000992145272903, 0.000350946676917, 0.000221320311539, 0.000343189225532, 0.000140933538205, 9.19683079701e-05, 0.000102710306237, 9.80266195256e-05, 4.35653892055e-05, 1.46094471347e-05, 2.83926965494e-05, 3.01178042719e-05, 1.80376628123e-05, 1.42282606248e-05, 1.06184179458e-05, 9.04518674361e-06, 7.69819689594e-06, 9.33538103709e-06, 9.90374246612e-06, 6.64684102958e-06, 4.48083619631e-06, 4.73087902719e-06, 5.43335636394e-06, 5.72943417865e-06, 4.64975073555e-06, 3.85281191484e-06, 3.00690771837e-06, 2.71190378953e-06, 1.57373096954e-06, 1.16682952012e-06, 8.37548668642e-07, 5.49021194729e-07, 3.8354110643e-07, 2.99605261489e-07, 2.35006226035e-07, 1.54927306539e-07, 1.17147351375e-07, 8.54912372006e-08, 5.76759937587e-08],
        "min": [6.73887504843e-24, 3.34774108831e-24, 1.09154060255e-23, 3.22472355495e-24, 1.53331588345e-23, 1.55067650317e-23, 1.00660410666e-23, 1.01330500673e-23, 5.11752646891e-24, 5.26498784349e-24, 4.72031370389e-24, 3.38818243704e-24, 5.06172323734e-24, 1.36726066291e-23, 1.41585733457e-23, 2.15032075835e-23, 1.08708874492e-23, 8.26759281944e-24, 1.37974896212e-23, 6.52480028685e-24, 9.6996964288e-24, 9.14165543559e-24, 1.51133506319e-23, 1.20105555878e-23, 1.02867730254e-23, 7.8179918017e-24, 1.1145384223e-23, 1.60050584888e-23, 1.14367018778e-23, 8.59246625059e-24, 1.06586688773e-23, 8.92400318981e-24, 1.38842501213e-23, 1.07435179674e-23, 9.73456171423e-24, 9.30827469168e-24, 1.09158785532e-23, 1.25580865872e-23, 1.05071302752e-23, 9.41840361836e-24],
        "var": [0.000194030086277, 9.92906425381e-05, 4.4689072638e-06, 5.07433867369e-07, 1.24222958675e-06, 4.48758584071e-07, 5.52936683107e-07, 9.87918724604e-07, 3.1021642144e-07, 7.184201678e-08, 1.31068409459e-08, 1.93167348783e-08, 4.14229432977e-08, 1.92721856251e-08, 1.44034055793e-08, 5.86362203236e-09, 2.04612105037e-09, 3.50578921449e-09, 2.65548205647e-09, 2.05199635062e-09, 1.36177091825e-09, 8.60200966013e-10, 1.46983814009e-09, 1.03434938392e-09, 3.14778314525e-10, 2.30939489754e-10, 1.88258644784e-10, 7.8553004379e-11, 5.56689937203e-11, 1.2694597977e-11, 1.17255658308e-11, 6.64766158787e-12, 2.70013417007e-12, 1.54048497049e-12, 7.71846996039e-13, 8.06310693127e-13, 4.60745807826e-13, 3.25766106798e-13, 1.45863816902e-13, 8.76480081547e-14]
    },
    "mfcc": {
        "mean": [-665.316589355, 134.239425659, 1.31182610989, 37.0386695862, 0.960575163364, 6.91916561127, 2.77415919304, 4.36343765259, 1.18322443962, 4.43369913101, 1.44365370274, 5.03906297684, 4.27426624298],
        "cov": [[8890.0859375, 67.3250198364, -489.142425537, 82.9306564331, -62.8235244751, -14.5433197021, -48.0958404541, -31.5738735199, -106.597412109, 21.3341178894, -58.1962623596, -56.8632545471, 40.1305198669], [67.3250198364, 805.592834473, 183.587738037, 92.1738891602, 63.3667907715, 65.18409729, 32.9455947876, 49.1649932861, 37.7757720947, 28.0056114197, 42.6998977661, 28.1817874908, 19.3578643799], [-489.142425537, 183.587738037, 389.01739502, 21.3967113495, 66.9964599609, 35.2995033264, 59.7528457642, 61.0054969788, 41.7280578613, 9.81872177124, 44.1305236816, 45.19556427, -3.2661049366], [82.9306564331, 92.1738891602, 21.3967113495, 242.744720459, 26.033952713, 18.0036411285, 35.0293960571, 9.41154289246, 22.3305912018, 57.8421516418, 19.976480484, -2.43664240837, 22.023557663], [-62.8235244751, 63.3667907715, 66.9964599609, 26.033952713, 176.120452881, 85.8434066772, 45.3444099426, 31.7324199677, 21.0728416443, -22.5582313538, 1.4597465992, 6.60159635544, -36.2117767334], [-14.5433197021, 65.18409729, 35.2995033264, 18.0036411285, 85.8434066772, 156.703704834, 62.2413139343, 35.5371742249, 21.8717422485, -20.1699466705, -9.63338088989, 4.57783985138, -26.8947048187], [-48.0958404541, 32.9455947876, 59.7528457642, 35.0293960571, 45.3444099426, 62.2413139343, 119.374855042, 41.461265564, 21.5953807831, 9.47787666321, 6.98388004303, 9.39179039001, 2.16785311699], [-31.5738735199, 49.1649932861, 61.0054969788, 9.41154289246, 31.7324199677, 35.5371742249, 41.461265564, 113.220748901, 28.2188529968, -13.4794940948, 28.3143692017, 23.0102539062, -7.22526264191], [-106.597412109, 37.7757720947, 41.7280578613, 22.3305912018, 21.0728416443, 21.8717422485, 21.5953807831, 28.2188529968, 87.6864242554, 36.4134025574, 20.2340526581, 11.3576431274, 3.32536220551], [21.3341178894, 28.0056114197, 9.81872177124, 57.8421516418, -22.5582313538, -20.1699466705, 9.47787666321, -13.4794940948, 36.4134025574, 134.291290283, 32.6054115295, -9.26812744141, 42.9375114441], [-58.1962623596, 42.6998977661, 44.1305236816, 19.976480484, 1.4597465992, -9.63338088989, 6.98388004303, 28.3143692017, 20.2340526581, 32.6054115295, 108.622596741, 48.4008522034, 0.613255441189], [-56.8632545471, 28.1817874908, 45.19556427, -2.43664240837, 6.60159635544, 4.57783985138, 9.39179039001, 23.0102539062, 11.3576431274, -9.26812744141, 48.4008522034, 103.345680237, 13.7892818451], [40.1305198669, 19.3578643799, -3.2661049366, 22.023557663, -36.2117767334, -26.8947048187, 2.16785311699, -7.22526264191, 3.32536220551, 42.9375114441, 0.613255441189, 13.7892818451, 105.179924011]],
