{
"lowlevel": {
    "average_loudness": 0.813466310501,
    "barkbands_crest": {
        "dmean": 2.87635111809,
        "dmean2": 4.63696146011,
        "dvar": 8.00753211975,
        "dvar2": 19.4078674316,
        "max": 26.6400699615,
        "mean": 13.3256149292,
        "median": 12.5041656494,
        "min": 2.10737133026,
        "var": 25.1131877899
    },
    "barkbands_flatness_db": {
        "dmean": 0.0313859209418,
        "dmean2": 0.0487925596535,
        "dvar": 0.00149542244617,
        "dvar2": 0.00376819213852,
        "max": 0.516229093075,
        "mean": 0.21143309772,
        "median": 0.201974451542,
        "min": 0.0199784245342,
        "var": 0.00942879263312
    },
    "barkbands_kurtosis": {
        "dmean": 10.0201873779,
        "dmean2": 16.1890182495,
        "dvar": 573.830627441,
        "dvar2": 1487.26306152,
        "max": 972.04675293,
        "mean": 17.5545787811,
        "median": 9.34167480469,
        "min": -1.83729231358,
        "var": 881.864318848
    },
    "barkbands_skewness": {
        "dmean": 0.891729474068,
        "dmean2": 1.39333415031,
        "dvar": 1.47360765934,
        "dvar2": 3.71058344841,
        "max": 28.5792770386,
        "mean": 2.94031476974,
        "median": 2.52427053452,
        "min": -1.99038171768,
        "var": 4.57156848907
    },
    "barkbands_spread": {
        "dmean": 5.12583780289,
        "dmean2": 8.1740694046,
        "dvar": 73.2082977295,
        "dvar2": 197.878723145,
        "max": 119.246261597,
        "mean": 13.3000621796,
        "median": 7.67138004303,
        "min": 0.280593037605,
        "var": 209.598205566
    },
    "dissonance": {
        "dmean": 0.0267889052629,
        "dmean2": 0.0443250574172,
        "dvar": 0.000830847013276,
        "dvar2": 0.00217463285662,
        "max": 0.500000059605,
        "mean": 0.435590654612,
        "median": 0.452116131783,
        "min": 0.177634462714,
        "var": 0.00303598796017
    },
    "dynamic_complexity": 3.88703989983,
    "erbbands_crest": {
        "dmean": 2.68159198761,
        "dmean2": 4.31838846207,
        "dvar": 6.99553966522,
        "dvar2": 17.2836761475,
        "max": 32.1671218872,
        "mean": 11.1323719025,
        "median": 9.82428359985,
        "min": 2.34601473808,
        "var": 36.175037384
    },
    "erbbands_flatness_db": {
        "dmean": 0.0197576899081,
        "dmean2": 0.0283981263638,
        "dvar": 0.00079139333684,
        "dvar2": 0.00144708086737,
        "max": 0.476647287607,
        "mean": 0.177498266101,
        "median": 0.129850298166,
        "min": 0.0377159677446,
        "var": 0.0121083324775
    },
    "erbbands_kurtosis": {
        "dmean": 1.51700007915,
        "dmean2": 2.3163421154,
        "dvar": 4.32818222046,
        "dvar2": 10.0358982086,
        "max": 54.3807754517,
        "mean": 2.56618762016,
        "median": 1.40776896477,
        "min": -1.70923113823,
        "var": 18.1238384247
    },
    "erbbands_skewness": {
        "dmean": 0.389315992594,
        "dmean2": 0.60441493988,
        "dvar": 0.156305223703,
        "dvar2": 0.400139868259,
        "max": 6.583963871,
        "mean": 0.950349569321,
        "median": 0.959905445576,
        "min": -3.17116379738,
        "var": 1.02613389492
    },
    "erbbands_spread": {
        "dmean": 8.88545608521,
        "dmean2": 13.0368499756,
        "dvar": 135.755340576,
        "dvar2": 268.021148682,
        "max": 156.160736084,
        "mean": 38.4347610474,
        "median": 31.5031852722,
        "min": 1.9994430542,
        "var": 808.51776123
    },
    "hfc": {
        "dmean": 7.68459701538,
        "dmean2": 12.0022373199,
        "dvar": 419.207672119,
        "dvar2": 1117.40466309,
        "max": 240.024795532,
        "mean": 18.9748706818,
        "median": 10.9040489197,
        "min": 1.21749537988e-16,
        "var": 637.054199219
    },
    "melbands_crest": {
        "dmean": 3.60748887062,
        "dmean2": 5.76141214371,
        "dvar": 12.0258188248,
        "dvar2": 30.7533397675,
        "max": 39.1006393433,
        "mean": 18.4470710754,
        "median": 17.6085319519,
        "min": 3.20438361168,
        "var": 42.1569862366
    },
    "melbands_flatness_db": {
        "dmean": 0.0366441570222,
        "dmean2": 0.0567081794143,
        "dvar": 0.00204832758754,
        "dvar2": 0.00523762451485,
        "max": 0.609947383404,
        "mean": 0.304771065712,
        "median": 0.30647277832,
        "min": 0.0102224033326,
        "var": 0.0103349946439
    },
    "melbands_kurtosis": {
        "dmean": 20.1884212494,
        "dmean2": 32.8312721252,
        "dvar": 2155.52075195,
        "dvar2": 5414.42236328,
        "max": 895.448974609,
        "mean": 37.6109085083,
        "median": 18.4163856506,
        "min": -1.69906413555,
        "var": 4083.06030273
    },
    "melbands_skewness": {
        "dmean": 1.08841753006,
        "dmean2": 1.69235348701,
        "dvar": 2.01762652397,
        "dvar2": 4.70572710037,
        "max": 25.9794044495,
        "mean": 3.86869287491,
        "median": 3.29593753815,
        "min": -0.876760065556,
        "var": 8.29044914246
    },
    "melbands_spread": {
        "dmean": 4.17722415924,
        "dmean2": 6.85311937332,
        "dvar": 63.5316085815,
        "dvar2": 166.672225952,
        "max": 153.581726074,
        "mean": 10.9553070068,
        "median": 6.54977273941,
        "min": 0.308187782764,
        "var": 204.690444946
    },
    "pitch_salience": {
        "dmean": 0.0830381810665,
        "dmean2": 0.135733053088,
        "dvar": 0.00722576258704,
        "dvar2": 0.0179503764957,
        "max": 0.910378336906,
        "mean": 0.475386947393,
        "median": 0.496584385633,
        "min": 0.0307227130979,
        "var": 0.0223483126611
    },
    "silence_rate_20dB": {
        "dmean": 0.00580326933414,
        "dmean2": 0.011607660912,
        "dvar": 0.00576998014003,
        "dvar2": 0.0161172319204,
        "max": 1,
        "mean": 0.996324956417,
        "median": 1,
        "min": 0,
        "var": 0.00366176920943
    },
    "silence_rate_30dB": {
        "dmean": 0.0789244621992,
        "dmean2": 0.157864183187,
        "dvar": 0.0726933702826,
        "dvar2": 0.160407394171,
        "max": 1,
        "mean": 0.870889723301,
        "median": 1,
        "min": 0,
        "var": 0.112441152334
    },
    "silence_rate_60dB": {
        "dmean": 0.0176032502204,
        "dmean2": 0.0352099053562,
        "dvar": 0.0172926969826,
        "dvar2": 0.0390033125877,
        "max": 1,
        "mean": 0.0829787254333,
        "median": 0,
        "min": 0,
        "var": 0.0761042833328
    },
    "spectral_centroid": {
        "dmean": 202.810913086,
        "dmean2": 327.288391113,
        "dvar": 125524.765625,
        "dvar2": 329909.03125,
        "max": 10968.2978516,
        "mean": 860.71875,
        "median": 584.281738281,
        "min": 190.893173218,
        "var": 437088.5
    },
    "spectral_complexity": {
        "dmean": 3.15929985046,
        "dmean2": 5.05281496048,
        "dvar": 29.0503311157,
        "dvar2": 61.02110672,
        "max": 65,
        "mean": 13.2719535828,
        "median": 10,
        "min": 0,
        "var": 114.628349304
    },
    "spectral_decrease": {
        "dmean": 6.29850438472e-09,
        "dmean2": 9.98964022614e-09,
        "dvar": 1.63863274972e-16,
        "dvar2": 3.86894421817e-16,
        "max": 5.35915465412e-29,
        "mean": -1.38929623361e-08,
        "median": -9.92228521568e-09,
        "min": -1.47867638134e-07,
        "var": 2.86173495831e-16
    },
    "spectral_energy": {
        "dmean": 0.0242126323283,
        "dmean2": 0.0382874011993,
        "dvar": 0.00238092709333,
        "dvar2": 0.00559452595189,
        "max": 0.563576579094,
        "mean": 0.0541564039886,
        "median": 0.0392344482243,
        "min": 1.08407827311e-20,
        "var": 0.00421608425677
    },
    "spectral_energyband_high": {
        "dmean": 0.000640234735329,
        "dmean2": 0.00103140738793,
        "dvar": 3.96510495193e-06,
        "dvar2": 1.10072969619e-05,
        "max": 0.0239355191588,
        "mean": 0.00111127528362,
        "median": 0.000299511360936,
        "min": 8.01872440101e-21,
        "var": 5.54869757252e-06
    },
    "spectral_energyband_low": {
        "dmean": 0.0207246039063,
        "dmean2": 0.0330207832158,
        "dvar": 0.00232367031276,
        "dvar2": 0.00559375621378,
        "max": 0.545384168625,
        "mean": 0.0375328473747,
        "median": 0.0191640928388,
        "min": 1.36693956496e-22,
        "var": 0.0036600062158
    },
    "spectral_energyband_middle_high": {
        "dmean": 0.00104259315412,
        "dmean2": 0.00176012062002,
        "dvar": 7.56098961574e-06,
        "dvar2": 2.0694846171e-05,
        "max": 0.0601929798722,
        "mean": 0.00225156266242,
        "median": 0.0009821113199,
        "min": 1.48270579895e-21,
        "var": 1.32649201987e-05
    },
    "spectral_energyband_middle_low": {
        "dmean": 0.00557027338073,
        "dmean2": 0.00875925272703,
        "dvar": 0.000124922851683,
        "dvar2": 0.000306255766191,
        "max": 0.168326482177,
        "mean": 0.0142005123198,
        "median": 0.0104252947494,
        "min": 2.56669514408e-22,
        "var": 0.000222420989303
    },
    "spectral_entropy": {
        "dmean": 0.217552468181,
        "dmean2": 0.325517863035,
        "dvar": 0.102816164494,
        "dvar2": 0.227447837591,
        "max": 9.79146194458,
        "mean": 7.09135198593,
        "median": 7.37897348404,
        "min": 4.58050632477,
        "var": 0.987050712109
    },
    "spectral_flux": {
        "dmean": 0.0401484146714,
        "dmean2": 0.0625843852758,
        "dvar": 0.00341934524477,
        "dvar2": 0.0074508190155,
        "max": 0.620046913624,
        "mean": 0.097425609827,
        "median": 0.0746467709541,
        "min": 1.04119081412e-10,
        "var": 0.00766732543707
    },
    "spectral_kurtosis": {
        "dmean": 5.64407348633,
        "dmean2": 9.27344322205,
        "dvar": 154.538604736,
        "dvar2": 394.558288574,
        "max": 267.650634766,
        "mean": 14.5579319,
        "median": 4.39851570129,
        "min": -1.16431009769,
        "var": 613.703369141
    },
    "spectral_rms": {
        "dmean": 0.0013314493699,
        "dmean2": 0.00202951882966,
        "dvar": 4.07695188187e-06,
        "dvar2": 8.68917686603e-06,
        "max": 0.0234484709799,
        "mean": 0.00619781017303,
        "median": 0.00618688203394,
        "min": 3.25213358847e-12,
        "var": 1.44226469274e-05
    },
    "spectral_rolloff": {
        "dmean": 305.586791992,
        "dmean2": 529.318115234,
        "dvar": 676442.5625,
        "dvar2": 1660819.875,
        "max": 18540.0878906,
        "mean": 732.998779297,
        "median": 452.197265625,
        "min": 43.06640625,
        "var": 1489849.25
    },
    "spectral_skewness": {
        "dmean": 0.445735454559,
        "dmean2": 0.719748079777,
        "dvar": 0.5226572752,
        "dvar2": 1.30289804935,
        "max": 13.3721971512,
        "mean": 2.45892834663,
        "median": 1.84505093098,
        "min": -0.0299872867763,
        "var": 2.64330244064
    },
    "spectral_spread": {
        "dmean": 590681.625,
        "dmean2": 799125.375,
        "dvar": 685672300544,
        "dvar2": 1.02303314739e+12,
        "max": 39813932,
        "mean": 5086788.5,
        "median": 5579417,
        "min": 329062.03125,
        "var": 6.64760850842e+12
    },
    "spectral_strongpeak": {
        "dmean": 0.322698503733,
        "dmean2": 0.548588573933,
        "dvar": 0.312345206738,
        "dvar2": 0.764924228191,
        "max": 7.7578125,
        "mean": 0.642617583275,
        "median": 0.393931925297,
        "min": 0,
        "var": 0.569318115711
    },
    "zerocrossingrate": {
        "dmean": 0.00885697547346,
        "dmean2": 0.0101871676743,
        "dvar": 0.000144880847074,
        "dvar2": 0.000168002356077,
        "max": 0.4892578125,
        "mean": 0.0410039126873,
        "median": 0.02880859375,
        "min": 0.00244140625,
        "var": 0.00125138135627
    },
    "barkbands": {
        "dmean": [0.00240184203722, 0.0181185342371, 0.00344873452559, 0.00212448555976, 0.00276695075445, 0.000995628070086, 0.000815493811388, 0.000456860347185, 0.000697453506291, 0.00035971327452, 0.000139051437145, 0.000133529028972, 0.000179280890734, 7.85741722211e-05, 0.000104541475594, 7.84391377238e-05, 0.000113836969831, 9.17311044759e-05, 0.000108080719656, 0.000149377097841, 0.000142191332998, 0.00015115334827, 0.000124912112369, 7.68471509218e-05, 6.52252565487e-05, 6.83608377585e-05, 1.61720963661e-05],
        "dmean2": [0.00375197106041, 0.0290066692978, 0.00601740507409, 0.00349676143378, 0.00440338859335, 0.00153525930364, 0.00128287309781, 0.000698670046404, 0.00110284180846, 0.000575508107431, 0.000221372625674, 0.000218157365452, 0.000295990583254, 0.000138580959174, 0.000186542834854, 0.00013435119763, 0.000205621981877, 0.000166270445334, 0.000192959676497, 0.000269100186415, 0.000255479710177, 0.000267157302005, 0.000204584546736, 0.0001268597116, 0.000102265476016, 9.16231656447e-05, 2.51280598604e-05],
        "dvar": [3.22588093695e-05, 0.00205011945218, 0.000100390490843, 1.62389242178e-05, 5.3228563047e-05, 3.60006629307e-06, 2.92397635349e-06, 5.94656512476e-07, 5.78850449529e-06, 1.54708811806e-06, 1.9281095831e-07, 2.52075011531e-07, 4.76968807561e-07, 3.21426263383e-08, 9.27275820573e-08, 5.74600989012e-08, 2.01841288572e-07, 1.02465236296e-07, 1.66355079045e-07, 2.72172229643e-07, 2.27889970006e-07, 2.35910817992e-07, 1.75747302933e-07, 4.40584919659e-08, 2.24816965044e-08, 1.88350011143e-08, 1.79629155994e-09],
        "dvar2": [7.23109624232e-05, 0.0050208051689, 0.000289168005111, 4.0311650082e-05, 0.000140820906381, 1.00064280559e-05, 7.60957027524e-06, 1.12081488624e-06, 1.35934915306e-05, 3.70823204321e-06, 4.51508356036e-07, 5.8738368125e-07, 9.31236797896e-07, 8.95630449804e-08, 2.60724817736e-07, 1.4474329646e-07, 5.78098024562e-07, 3.03598653772e-07, 4.74302652265e-07, 7.69368455167e-07, 6.39535699065e-07, 7.1582860528e-07, 4.827481348e-07, 1.19313298796e-07, 5.51343326549e-08, 4.08394527085e-08, 4.79897899197e-09],
        "max": [0.104655221105, 0.531547963619, 0.109284847975, 0.0517785921693, 0.117258481681, 0.0402984954417, 0.0458547398448, 0.0318533405662, 0.0563902668655, 0.059989143163, 0.0205224789679, 0.0289349704981, 0.0329931825399, 0.00605972157791, 0.00341675896198, 0.00710494071245, 0.00524439895526, 0.00356116774492, 0.00438499031588, 0.00604297174141, 0.00596839515492, 0.00510797463357, 0.00735759781674, 0.00309475325048, 0.00121163344011, 0.00125206506345, 0.00060423661489],
        "mean": [0.00380052928813, 0.0284191053361, 0.00456683151424, 0.00302317272872, 0.00457228301093, 0.00221517635509, 0.00181488099042, 0.000911772309337, 0.00129859277513, 0.000692388857715, 0.000326327281073, 0.000268594449153, 0.000278276245808, 0.000116274553875, 0.000129330612253, 0.000124287835206, 0.000132737768581, 0.00013455816952, 0.000148807681398, 0.000179151538759, 0.00021960446611, 0.000209842430195, 0.000184566306416, 0.000125328457216, 0.000125559046865, 0.000114357033453, 2.41754387389e-05],
        "median": [0.000844116148073, 0.0114015862346, 0.00118599354755, 0.00111696287058, 0.0027876177337, 0.00107156042941, 0.000663517275825, 0.000388171523809, 0.000210301092011, 0.000180457922397, 6.67415297357e-05, 5.00566566188e-05, 5.87629547226e-05, 3.06817455566e-05, 2.89325471385e-05, 2.14443462028e-05, 3.03530687233e-05, 2.79775449599e-05, 2.60268170678e-05, 2.13335370063e-05, 4.49820945505e-05, 4.40587791672e-05, 3.69548506569e-05, 3.40480946761e-05, 3.24637185258e-05, 2.32743223023e-05, 3.40505494023e-06],
        "min": [3.90254222978e-25, 1.06820546589e-23, 1.05653289618e-22, 3.08280404655e-23, 1.84665222387e-23, 4.28232511311e-23, 3.0344115321e-23, 4.30144899471e-23, 2.92511043606e-23, 2.18261378924e-22, 5.81911261563e-23, 5.50482916881e-23, 5.96011803145e-23, 8.15653840115e-23, 1.60167023913e-22, 1.49154740246e-22, 8.70435433708e-23, 1.40920105247e-22, 2.89272592885e-22, 3.36958590895e-22, 4.08600212004e-22, 6.05724763481e-22, 5.45538185266e-22, 9.42136806297e-22, 1.17101632874e-21, 1.93749165863e-21, 2.50059263919e-21],
        "var": [6.44254687359e-05, 0.0028216491919, 7.79631591286e-05, 2.31126632571e-05, 5.28371419932e-05, 1.18035050036e-05, 1.34857009471e-05, 3.85715111406e-06, 1.65067231137e-05, 4.17445198764e-06, 1.43428189858e-06, 1.67787652572e-06, 1.32278285037e-06, 4.93839920068e-08, 7.77730662094e-08, 1.08900103157e-07, 1.40521777325e-07, 9.96865736624e-08, 1.59620441309e-07, 2.36093782746e-07, 2.9348359476e-07, 2.74484165175e-07, 2.01669195121e-07, 6.72162983051e-08, 4.77397108511e-08, 3.53907516626e-08, 1.9977357546e-09]
    },
    "erbbands": {
        "dmean": [0.67668479681, 3.79989790916, 4.67785215378, 4.96988964081, 10.1444149017, 8.93590068817, 8.70709323883, 8.30105209351, 11.9775085449, 9.54479408264, 8.88136863708, 19.4668922424, 12.7470035553, 7.1904463768, 5.94290876389, 6.34155654907, 8.30262374878, 4.38943052292, 4.36869668961, 5.57746315002, 3.80998492241, 6.28399801254, 5.63988733292, 4.5193157196, 5.92282581329, 8.19941329956, 5.82207155228, 5.63030195236, 4.65816640854, 5.0275850296, 3.52577853203, 2.02846121788, 1.15345489979, 0.638753354549, 0.517113387585, 0.355460822582, 0.11794821918, 0.0246711224318, 0.00252734054811, 0.000127151011839],
        "dmean2": [1.06640470028, 6.11281204224, 8.0074634552, 8.45329761505, 16.0915431976, 14.288775444, 13.2426376343, 13.1404800415, 18.1576690674, 15.2574510574, 13.6706733704, 30.8342876434, 20.1218395233, 11.460149765, 9.61309051514, 10.0944108963, 13.7992610931, 7.62360191345, 7.73209524155, 9.80645751953, 6.48535728455, 11.4787521362, 10.2001333237, 8.18404483795, 10.5446615219, 15.3388214111, 10.3284463882, 10.0639038086, 7.97067308426, 8.93031215668, 5.85828208923, 3.32124590874, 1.82068634033, 0.993530929089, 0.787975609303, 0.495658874512, 0.162278071046, 0.036721996963, 0.00387201597914, 0.000198836845811],
        "dvar": [2.31742024422, 113.561286926, 192.066650391, 80.6550827026, 805.600036621, 436.140686035, 259.63369751, 298.910644531, 541.535705566, 314.324127197, 332.999481201, 4574.96826172, 2045.35742188, 364.490753174, 333.528930664, 641.067626953, 1123.05578613, 94.7951431274, 122.702812195, 263.215698242, 112.774276733, 692.622436523, 447.82913208, 331.59753418, 462.23324585, 863.720581055, 370.373321533, 360.81137085, 218.366546631, 305.506958008, 141.707946777, 34.9828529358, 9.17965126038, 2.21632099152, 1.34503030777, 0.50533080101, 0.0624805055559, 0.00310135283507, 4.32300585089e-05, 1.36725077482e-07],
        "dvar2": [5.96796655655, 276.472106934, 519.958312988, 222.121658325, 2025.40454102, 1228.27453613, 615.230957031, 906.450927734, 1291.35681152, 793.33782959, 631.698547363, 11014.1777344, 4779.79541016, 942.299499512, 819.840209961, 1458.40283203, 2286.92749023, 256.258392334, 345.052215576, 725.091796875, 291.093475342, 2002.80444336, 1309.56652832, 949.39050293, 1333.42089844, 2540.66577148, 985.100769043, 1026.22998047, 628.784362793, 896.624328613, 393.885772705, 94.9769744873, 24.9476566315, 5.1000919342, 3.23975300789, 1.08525919914, 0.147915333509, 0.00776696205139, 0.000115272014227, 3.70253587789e-07],
        "max": [16.8854637146, 124.641372681, 138.483322144, 94.4687347412, 442.724090576, 382.494903564, 335.038757324, 444.823272705, 628.250549316, 645.550598145, 869.930419922, 1571.15795898, 2235.06396484, 565.490478516, 765.222167969, 1489.96118164, 1593.59851074, 289.84967041, 153.461791992, 228.425216675, 302.682495117, 289.435272217, 249.803726196, 204.255615234, 241.245559692, 326.44543457, 257.529541016, 207.79598999, 160.152023315, 217.630935669, 203.137954712, 90.1478424072, 35.2381095886, 14.5986318588, 9.64680957794, 6.1646938324, 2.6046628952, 0.630043387413, 0.0926339030266, 0.00663157459348],
        "mean": [1.1278283596, 5.10065603256, 6.2063202858, 7.48943042755, 14.1235599518, 14.4220066071, 16.0266399384, 18.4697132111, 29.2041282654, 19.6901874542, 19.9719963074, 36.6984214783, 23.7683124542, 15.7059020996, 13.8022050858, 13.7222318649, 13.3953437805, 7.06429386139, 6.12994909286, 7.5417265892, 6.01536750793, 7.54631137848, 8.10601711273, 6.34328222275, 7.96687316895, 8.84457588196, 9.10132789612, 8.63228797913, 7.30504322052, 7.00739336014, 4.89819860458, 3.01347279549, 1.9517519474, 1.29593932629, 0.964363694191, 0.609511137009, 0.184824466705, 0.0353611707687, 0.00389328598976, 0.000253702979535],
        "median": [0.465719640255, 1.59906828403, 1.87728083134, 3.17374491692, 6.15775108337, 8.71829032898, 8.66941070557, 8.44975471497, 11.0612688065, 9.79779243469, 7.47693347931, 6.55221652985, 6.15344190598, 4.94463729858, 3.26790714264, 2.64588785172, 3.09062862396, 2.28663396835, 1.61409270763, 1.47969412804, 1.35263681412, 1.69747114182, 1.78506088257, 1.07032752037, 1.40756034851, 1.08121395111, 1.75322580338, 1.56390571594, 1.65970540047, 1.37922549248, 1.06243300438, 0.679732501507, 0.480126053095, 0.32273799181, 0.246211349964, 0.131169646978, 0.0364126525819, 0.00561294425279, 0.000583881221246, 8.74383622431e-05],
        "min": [3.94486316584e-22, 4.36228317093e-21, 9.22774709395e-20, 1.29979090177e-19, 8.8461764322e-20, 3.83794969807e-20, 1.82492896934e-19, 3.65196104539e-19, 4.25564908866e-19, 5.07118429066e-19, 1.03485216355e-18, 9.83730850731e-19, 4.92766049277e-18, 4.12990145383e-18, 2.84425640036e-18, 2.49437430409e-18, 2.97680175376e-18, 5.04175930492e-18, 5.02267914332e-18, 8.28641496233e-18, 8.93623150794e-18, 4.95602699751e-18, 7.22655423373e-18, 9.26991616704e-18, 1.91206934495e-17, 1.45252965195e-17, 1.19831297876e-17, 2.06227723782e-17, 2.54014212467e-17, 1.8103893262e-17, 1.44508783885e-17, 2.01274433925e-17, 1.52476402612e-17, 1.44547032717e-17, 7.2475811649e-18, 5.6312350928e-18, 4.21889905671e-18, 1.6333102023e-18, 3.40990344123e-19, 3.45202664458e-20],
        "var": [3.62457942963, 131.409622192, 161.374862671, 103.678604126, 828.533874512, 440.286834717, 569.514770508, 981.346923828, 2986.17504883, 1364.94470215, 2235.10473633, 12656.4003906, 5596.19238281, 1165.88867188, 2429.69750977, 4374.61962891, 3004.66992188, 162.509796143, 129.39352417, 284.187896729, 171.644927979, 477.878570557, 403.327667236, 283.897674561, 437.624847412, 651.743774414, 518.323425293, 463.358642578, 301.76361084, 317.117340088, 147.700820923, 47.5927124023, 15.257153511, 6.02867746353, 2.57502985001, 0.997589945793, 0.098288744688, 0.004003115464, 4.97343098687e-05, 1.62321825314e-07]
    },
    "gfcc": {
        "mean": [-43.9571762085, 106.90348053, -82.4901885986, 19.2391643524, -56.5005493164, 0.647511959076, -27.4239063263, 3.25534296036, -17.5895271301, 2.43154335022, -13.4695482254, 2.10159826279, -8.22249126434],
        "cov": [[17845.8027344, -5910.62402344, 3838.06787109, 2902.43652344, 918.318908691, 3406.84716797, 129.944046021, 1611.14416504, -519.164978027, 1065.62341309, -529.507385254, 658.609375, -501.73248291], [-5910.62402344, 4005.78808594, -1192.10864258, -1248.73352051, -529.342224121, -1560.50048828, -6.06336164474, -761.631469727, 217.122116089, -518.540466309, 252.769073486, -352.083862305, 230.582473755], [3838.06787109, -1192.10864258, 1871.13122559, 724.391113281, 250.859100342, 1038.73791504, 73.9549636841, 547.571350098, -209.454589844, 373.649688721, -176.095581055, 227.289535522, -149.795150757], [2902.43652344, -1248.73352051, 724.391113281, 953.297241211, 170.108673096, 689.398986816, 64.0327911377, 341.819000244, -51.9671287537, 205.743743896, -60.9378738403, 129.432525635, -85.1274642944], [918.318908691, -529.342224121, 250.859100342, 170.108673096, 421.901306152, 345.351715088, 79.7997970581, 130.510955811, -8.0703792572, 97.5704040527, -53.2427330017, 38.8625106812, -52.5439949036], [3406.84716797, -1560.50048828, 1038.73791504, 689.398986816, 345.351715088, 1069.94335938, 124.16267395, 472.001495361, -131.499786377, 284.576843262, -132.475967407, 164.251373291, -117.30556488], [129.944046021, -6.06336164474, 73.9549636841, 64.0327911377, 79.7997970581, 124.16267395, 156.470046997, 76.2954940796, 36.3382110596, 10.3284673691, 9.99366092682, 10.4753608704, 9.17722511292], [1611.14416504, -761.631469727, 547.571350098, 341.819000244, 130.510955811, 472.001495361, 76.2954940796, 366.672393799, 16.1898422241, 185.363998413, -45.2618331909, 119.145202637, -45.3180770874], [-519.164978027, 217.122116089, -209.454589844, -51.9671287537, -8.0703792572, -131.499786377, 36.3382110596, 16.1898422241, 176.262939453, 29.3968162537, 75.8000869751, -2.85146570206, 39.0982704163], [1065.62341309, -518.540466309, 373.649688721, 205.743743896, 97.5704040527, 284.576843262, 10.3284673691, 185.363998413, 29.3968162537, 222.24041748, 33.8811912537, 118.162071228, -40.0754013062], [-529.507385254, 252.769073486, -176.095581055, -60.9378738403, -53.2427330017, -132.475967407, 9.99366092682, -45.2618331909, 75.8000869751, 33.8811912537, 154.675842285, 59.0305404663, 43.2179145813], [658.609375, -352.083862305, 227.289535522, 129.432525635, 38.8625106812, 164.251373291, 10.4753608704, 119.145202637, -2.85146570206, 118.162071228, 59.0305404663, 179.217941284, 31.1183986664], [-501.73248291, 230.582473755, -149.795150757, -85.1274642944, -52.5439949036, -117.30556488, 9.17722511292, -45.3180770874, 39.0982704163, -40.0754013062, 43.2179145813, 31.1183986664, 110.222229004]],
        "icov": [[0.000197473185835, 2.83360386675e-05, -4.74939988635e-05, -0.000241608227952, 5.92015676375e-05, -0.000306619534967, 0.000145757148857, 4.17027731601e-05, -3.05357457364e-06, -0.000125729595311, 0.000312429794576, -0.000258365209447, 0.000201192393433], [2.83360386675e-05, 0.00149678648449, -0.00144626712427, 0.000748727761675, 7.84528674558e-05, 0.0012604346266, -0.000809942546766, 0.000808703480288, -0.00110949133523, 0.00202103401534, -0.00275934999809, 0.0022036365699, -0.0010225645965], [-4.74939988635e-05, -0.00144626712427, 0.00320823374204, -0.000893689750228, 0.000257513398537, -0.00135901255999, 2.63097081188e-05, -0.00170434592292, 0.00307916314341, -0.00423585390672, 0.00400318345055, -0.00240720645525, 0.000930324720684], [-0.000241608227952, 0.000748727761675, -0.000893689750228, 0.00283002201468, 0.000286277005216, -0.000441517680883, -0.000116581883049, 0.000228957549552, -0.00151969282888, 0.00202001468278, -0.00223253946751, 0.00103671976831, -6.83493053657e-05], [5.92015676375e-05, 7.84528674558e-05, 0.000257513398537, 0.000286277005216, 0.00394688965753, -0.00175407051574, -0.00144887762144, 0.00171681214124, -0.00155064696446, -0.000832961639389, 0.00198150938377, -0.00126332312357, 0.00134457845706], [-0.000306619534967, 0.0012604346266, -0.00135901255999, -0.000441517680883, -0.00175407051574, 0.0074421283789, -0.00323874806054, -0.00288685993291, 0.00379875442013, -0.00146666856017, -0.00191762996837, 0.00334183638915, -0.00212588324212], [0.000145757148857, -0.000809942546766, 2.63097081188e-05, -0.000116581883049, -0.00144887762144, -0.00323874806054, 0.0112346755341, -0.0022893238347, -0.00284399208613, 0.00438058469445, -0.0023595248349, -5.53004465473e-05, -0.000168333033798], [4.17027731601e-05, 0.000808703480288, -0.00170434592292, 0.000228957549552, 0.00171681214124, -0.00288685993291, -0.0022893238347, 0.0125615857542, -0.00763419270515, -0.00016032574058, 0.00374283757992, -0.00407174648717, 0.00179170584306], [-3.05357457364e-06, -0.00110949133523, 0.00307916314341, -0.00151969282888, -0.00155064696446, 0.00379875442013, -0.00284399208613, -0.00763419270515, 0.0179945938289, -0.00993680395186, -0.00193785387091, 0.00547533808276, -0.00506221409887], [-0.000125729595311, 0.00202103401534, -0.00423585390672, 0.00202001468278, -0.000832961639389, -0.00146666856017, 0.00438058469445, -0.00016032574058, -0.00993680395186, 0.0225229524076, -0.0100178848952, -0.00286686606705, 0.00506577128544], [0.000312429794576, -0.00275934999809, 0.00400318345055, -0.00223253946751, 0.00198150938377, -0.00191762996837, -0.0023595248349, 0.00374283757992, -0.00193785387091, -0.0100178848952, 0.0231077540666, -0.0126316063106, 0.00310067436658], [-0.000258365209447, 0.0022036365699, -0.00240720645525, 0.00103671976831, -0.00126332312357, 0.00334183638915, -5.53004465473e-05, -0.00407174648717, 0.00547533808276, -0.00286686606705, -0.0126316063106, 0.0211262740195, -0.0109681701288], [0.000201192393433, -0.0010225645965, 0.000930324720684, -6.83493053657e-05, 0.00134457845706, -0.00212588324212, -0.000168333033798, 0.00179170584306, -0.00506221409887, 0.00506577128544, 0.00310067436658, -0.0109681701288, 0.0179866347462]]
    },
    "melbands": {
        "dmean": [0.00540126208216, 0.00322886090726, 0.00103732384741, 0.00066155649256, 0.000314693927066, 0.000186297605978, 0.000183488460607, 0.000102361183963, 7.4414529081e-05, 0.000122189812828, 6.20607315795e-05, 3.01043000945e-05, 1.82837775355e-05, 1.74829874595e-05, 1.86911165656e-05, 1.51679723785e-05, 7.87997123552e-06, 6.83841290083e-06, 7.86599957792e-06, 7.31405725674e-06, 3.98741121899e-06, 6.15230874246e-06, 7.83716859587e-06, 3.87478485209e-06, 3.79625430469e-06, 4.12614053857e-06, 4.38203187514e-06, 5.81489530305e-06, 4.11740847994e-06, 3.06740525957e-06, 3.39705979968e-06, 2.53111807069e-06, 3.26681515617e-06, 2.69239762929e-06, 2.05280457521e-06, 1.74279125531e-06, 1.17108822906e-06, 7.82972335855e-07, 7.42670124509e-07, 5.27905172021e-07],
        "dmean2": [0.00857903342694, 0.00526528339833, 0.00172658683732, 0.0010492176516, 0.000485348777147, 0.000291932112304, 0.000281328131678, 0.000163089658599, 0.000114938848128, 0.000193846528418, 9.73377027549e-05, 4.81242022943e-05, 2.94927940558e-05, 2.83413573925e-05, 3.01939817291e-05, 2.54571732512e-05, 1.37119241117e-05, 1.20919767141e-05, 1.40384736369e-05, 1.26113172882e-05, 6.69765904604e-06, 1.10957671495e-05, 1.45031699503e-05, 6.92968933436e-06, 6.84492943037e-06, 7.23217453924e-06, 7.96994481789e-06, 1.08820340756e-05, 7.45847228245e-06, 5.4035363064e-06, 6.0217803366e-06, 4.28723205914e-06, 5.93895947532e-06, 4.79594245917e-06, 3.43504007105e-06, 2.93504308502e-06, 2.00944464268e-06, 1.24250050249e-06, 1.17708748348e-06, 8.19475872049e-07],
        "dvar": [0.000161397954798, 8.36737453938e-05, 4.10638813264e-06, 3.21892571264e-06, 3.27422071678e-07, 1.39136346888e-07, 1.31782087465e-07, 3.15303942955e-08, 2.66979327535e-08, 1.92426995227e-07, 5.10923143793e-08, 6.8977374923e-09, 3.23663917889e-09, 3.3132545596e-09, 5.04340080809e-09, 2.37743313924e-09, 3.1594712957e-10, 2.71501904292e-10, 6.21501239362e-10, 5.02434482907e-10, 9.41951031064e-11, 5.49486123269e-10, 1.05218966873e-09, 1.50470247373e-10, 2.33029900931e-10, 2.01394775856e-10, 2.39153530313e-10, 4.23032386898e-10, 1.85807258468e-10, 6.75818498386e-11, 1.45983919397e-10, 6.03245647879e-11, 1.1480023876e-10, 7.95551263755e-11, 4.88700330203e-11, 3.53983509171e-11, 1.18222376333e-11, 3.85600969557e-12, 4.27679636497e-12, 1.28784374658e-12],
        "dvar2": [0.000401386932936, 0.000207508317544, 1.05319850263e-05, 8.51269942359e-06, 8.29032103411e-07, 4.09785002375e-07, 3.26067095102e-07, 7.62722081049e-08, 5.3686871837e-08, 4.59666551933e-07, 1.18816792849e-07, 1.78960171127e-08, 8.08639910588e-09, 7.80885045515e-09, 9.48043776816e-09, 5.35828093007e-09, 8.52667658702e-10, 7.65466912078e-10, 1.76009484765e-09, 1.29199584364e-09, 2.39083752795e-10, 1.57368573728e-09, 3.09180303582e-09, 4.3882200651e-10, 6.63945010082e-10, 5.66545033109e-10, 6.8906502726e-10, 1.24181187555e-09, 5.05704089715e-10, 1.7788580331e-10, 4.1572728593e-10, 1.66176905569e-10, 3.57205903745e-10, 2.2591815918e-10, 1.36279251772e-10, 9.89521173334e-11, 3.34645020028e-11, 1.02409946842e-11, 1.18240781749e-11, 2.8042941233e-12],
        "max": [0.143305137753, 0.0950444638729, 0.0232790373266, 0.0258315652609, 0.0108750509098, 0.0089786304161, 0.00949546229094, 0.00667194882408, 0.00655889045447, 0.010775947012, 0.0112749477848, 0.0025534266606, 0.00217776885256, 0.00308213522658, 0.00321349105798, 0.00195049797185, 0.000663963728584, 0.000241623522015, 0.000283955450868, 0.000611119146924, 0.000253307778621, 0.000278256571619, 0.00036086369073, 0.000155357454787, 0.000178478992893, 0.000155412169988, 0.000185409851838, 0.000220039277337, 0.000186647856026, 0.000104884093162, 0.000138605144457, 8.89392104e-05, 0.000126709463075, 0.000121813354781, 0.000123389239889, 0.000108873049612, 6.51340305922e-05, 2.24910691031e-05, 2.48778851528e-05, 1.35285436045e-05],
        "mean": [0.00903663225472, 0.00448729190975, 0.00157474831212, 0.00103733793367, 0.000586290436331, 0.000418401672505, 0.000439406692749, 0.000205153424758, 0.000164397410117, 0.000224209608859, 0.000111835826829, 6.23805099167e-05, 4.18397903559e-05, 3.73913971998e-05, 3.18810416502e-05, 2.39484361373e-05, 1.1916994481e-05, 9.35072148422e-06, 9.39846177062e-06, 1.08285366878e-05, 6.01623969487e-06, 7.28448958398e-06, 9.0150606411e-06, 5.72548015043e-06, 4.94167670695e-06, 5.86498663324e-06, 5.35258050149e-06, 5.95140954829e-06, 5.88995408179e-06, 4.81720780954e-06, 5.05519074068e-06, 4.26093538408e-06, 3.82728239856e-06, 3.78952154279e-06, 2.90029151984e-06, 2.27296231969e-06, 1.66766960774e-06, 1.33631328936e-06, 1.23827055631e-06, 1.0470585039e-06],
        "median": [0.00407363614067, 0.00150160491467, 0.00067525380291, 0.000584088847972, 0.00034244696144, 0.000189932907233, 0.000164553770446, 0.000104405597085, 5.33942729817e-05, 3.56826785719e-05, 2.63765396085e-05, 1.7250989913e-05, 9.3992366601e-06, 6.80924131302e-06, 6.01872989137e-06, 5.81048789172e-06, 3.37642495651e-06, 2.24804944082e-06, 1.9676986085e-06, 1.7663712697e-06, 1.52079360305e-06, 1.62791252478e-06, 1.64335278896e-06, 1.36831192776e-06, 7.40115297049e-07, 1.12774466743e-06, 7.37530967854e-07, 6.55120402371e-07, 9.67617779679e-07, 1.06053505533e-06, 7.56319309403e-07, 9.43187842495e-07, 7.46865168821e-07, 7.00703139955e-07, 6.65075731376e-07, 4.20643857524e-07, 3.95418339849e-07, 3.35071803192e-07, 2.94704193493e-07, 2.54926703747e-07],
        "min": [2.90626257688e-24, 3.32724237991e-23, 2.2070026232e-23, 4.30396199001e-24, 5.45800790751e-24, 8.28728515421e-24, 6.63163808583e-24, 6.8128244474e-24, 7.56866994602e-24, 5.38576442024e-24, 2.65999100966e-23, 1.91423725083e-23, 7.66291279178e-24, 8.57873375995e-24, 3.36160413542e-24, 9.56818069413e-24, 8.78868435671e-24, 5.8311588372e-24, 1.35504499402e-23, 8.77576991483e-24, 1.07053016009e-23, 5.38012130375e-24, 3.24606598952e-24, 8.96016615143e-24, 6.35602744049e-24, 1.4141262582e-23, 1.37733488998e-23, 8.64825764925e-24, 5.9465376332e-24, 1.14690372863e-23, 1.0625561174e-23, 1.48396837398e-23, 1.12477815239e-23, 1.01412834086e-23, 7.9123892642e-24, 8.52662081969e-24, 1.42780699956e-23, 9.45751849748e-24, 1.3005276846e-23, 1.21193529173e-23],
        "var": [0.00024672143627, 8.82843087311e-05, 5.34940636499e-06, 3.12681095238e-06, 6.24442577646e-07, 4.89253011438e-07, 6.96094275554e-07, 1.45579065247e-07, 1.643388714e-07, 5.12507710937e-07, 1.3799098042e-07, 2.0894768582e-08, 2.2736788452e-08, 2.29028334076e-08, 1.72845560087e-08, 6.14640249808e-09, 5.43525280339e-10, 3.04839625764e-10, 4.79714712398e-10, 8.99427643475e-10, 1.38174638398e-10, 3.94109023194e-10, 7.54325157892e-10, 1.60329929888e-10, 1.90594331984e-10, 2.27800611707e-10, 1.97919944322e-10, 3.14744230678e-10, 2.38439018529e-10, 1.18094131696e-10, 1.73719344465e-10, 9.89932649742e-11, 1.02405972591e-10, 8.79947642529e-11, 4.86696308255e-11, 3.77557499154e-11, 1.41527206621e-11, 7.00381679736e-12, 6.47212144989e-12, 3.8854379783e-12]
    },
    "mfcc": {
        "mean": [-697.077270508, 138.712768555, 29.2446136475, 21.7132892609, -0.900179803371, 1.25052070618, -3.10829162598, 0.798876881599, -0.11649478972, -0.411773771048, 0.738530755043, 0.983900010586, -1.07370090485],
        "cov": [[12949.546875, -3431.12475586, 1350.81066895, 1414.8984375, 1149.32214355, 1795.09277344, 1211.61706543, 1005.68566895, 698.109069824, 556.223205566, 458.479827881, 357.174835205, 204.41973877], [-3431.12475586, 2742.95678711, -121.56590271, -455.739868164, -488.955932617, -682.626953125, -434.240966797, -388.050201416, -288.86138916, -210.240249634, -189.687850952, -139.135635376, -114.056930542], [1350.81066895, -121.56590271, 966.990600586, 291.689605713, 124.122161865, 280.504119873, 226.818649292, 185.780792236, 124.050552368, 95.8482971191, 97.1593780518, 67.6215591431, 31.057970047], [1414.8984375, -455.739868164, 291.689605713, 423.138275146, 156.212478638, 234.815811157, 157.246185303, 152.967163086, 97.9142913818, 75.09815979, 86.5643768311, 77.1290664673, 60.180809021], [1149.32214355, -488.955932617, 124.122161865, 156.212478638, 319.638275146, 291.682067871, 191.062103271, 146.188919067, 121.119026184, 99.0475387573, 87.3978652954, 66.8341369629, 43.0724334717], [1795.09277344, -682.626953125, 280.504119873, 234.815811157, 291.682067871, 504.352752686, 335.297973633, 239.640533447, 167.694671631, 134.156494141, 99.2698669434, 64.3670806885, 43.2395515442], [1211.61706543, -434.240966797, 226.818649292, 157.246185303, 191.062103271, 335.297973633, 304.198120117, 217.44744873, 133.983261108, 97.9692153931, 65.3079147339, 48.2407684326, 36.3640060425], [1005.68566895, -388.050201416, 185.780792236, 152.967163086, 146.188919067, 239.640533447, 217.44744873, 242.953796387, 159.948638916, 94.0127944946, 61.1300048828, 44.5694084167, 41.4555892944], [698.109069824, -288.86138916, 124.050552368, 97.9142913818, 121.119026184, 167.694671631, 133.983261108, 159.948638916, 181.744735718, 109.056556702, 59.006893158, 28.2926235199, 21.889213562], [556.223205566, -210.240249634, 95.8482971191, 75.09815979, 99.0475387573, 134.156494141, 97.9692153931, 94.0127944946, 109.056556702, 148.663299561, 84.233215332, 30.2185745239, 3.87684941292], [458.479827881, -189.687850952, 97.1593780518, 86.5643768311, 87.3978652954, 99.2698669434, 65.3079147339, 61.1300048828, 59.006893158, 84.233215332, 143.413803101, 92.0781936646, 47.654964447], [357.174835205, -139.135635376, 67.6215591431, 77.1290664673, 66.8341369629, 64.3670806885, 48.2407684326, 44.5694084167, 28.2926235199, 30.2185745239, 92.0781936646, 132.157058716, 88.2712097168], [204.41973877, -114.056930542, 31.057970047, 60.180809021, 43.0724334717, 43.2395515442, 36.3640060425, 41.4555892944, 21.889213562, 3.87684941292, 47.654964447, 88.2712097168, 126.045951843]],
