{
"lowlevel": {
    "average_loudness": 0.745115399361,
    "barkbands_crest": {
        "dmean": 2.64074611664,
        "dmean2": 4.13245201111,
        "dvar": 6.44967556,
        "dvar2": 15.1315546036,
        "max": 26.5502319336,
        "mean": 11.5805778503,
        "median": 10.640411377,
        "min": 2.19375371933,
        "var": 21.5380077362
    },
    "barkbands_flatness_db": {
        "dmean": 0.0218240059912,
        "dmean2": 0.031279142946,
        "dvar": 0.000503711227793,
        "dvar2": 0.000986773869954,
        "max": 0.391900748014,
        "mean": 0.165231689811,
        "median": 0.160507649183,
        "min": 0.0269059520215,
        "var": 0.00262744235806
    },
    "barkbands_kurtosis": {
        "dmean": 3.70971345901,
        "dmean2": 5.66123867035,
        "dvar": 55.7815666199,
        "dvar2": 128.904220581,
        "max": 206.881393433,
        "mean": 7.29322338104,
        "median": 4.71412372589,
        "min": -1.78432250023,
        "var": 109.527900696
    },
    "barkbands_skewness": {
        "dmean": 0.515211045742,
        "dmean2": 0.772672712803,
        "dvar": 0.373244941235,
        "dvar2": 0.824457287788,
        "max": 13.0738992691,
        "mean": 1.99062478542,
        "median": 1.82130146027,
        "min": -2.0836725235,
        "var": 1.24465060234
    },
    "barkbands_spread": {
        "dmean": 4.1423625946,
        "dmean2": 6.11077308655,
        "dvar": 34.7246856689,
        "dvar2": 74.3867111206,
        "max": 88.928276062,
        "mean": 14.0039196014,
        "median": 11.755109787,
        "min": 0.586969673634,
        "var": 82.9187469482
    },
    "dissonance": {
        "dmean": 0.0217122528702,
        "dmean2": 0.0355159677565,
        "dvar": 0.000403305806685,
        "dvar2": 0.00107067578938,
        "max": 0.500000119209,
        "mean": 0.446931511164,
        "median": 0.452689945698,
        "min": 0.262823909521,
        "var": 0.00108870293479
    },
    "dynamic_complexity": 3.92024874687,
    "erbbands_crest": {
        "dmean": 2.69760036469,
        "dmean2": 4.11236906052,
        "dvar": 5.93355894089,
        "dvar2": 13.3026742935,
        "max": 32.7877922058,
        "mean": 11.2849330902,
        "median": 10.1857013702,
        "min": 2.5220117569,
        "var": 27.2597827911
    },
    "erbbands_flatness_db": {
        "dmean": 0.0154884066433,
        "dmean2": 0.0214182250202,
        "dvar": 0.000221472000703,
        "dvar2": 0.000380929210223,
        "max": 0.421188235283,
        "mean": 0.179586321115,
        "median": 0.174565061927,
        "min": 0.0511516705155,
        "var": 0.00300616282038
    },
    "erbbands_kurtosis": {
        "dmean": 1.25722002983,
        "dmean2": 1.83499729633,
        "dvar": 3.54639315605,
        "dvar2": 7.14835834503,
        "max": 68.7310333252,
        "mean": 1.64405703545,
        "median": 0.567625045776,
        "min": -1.73264467716,
        "var": 16.0963954926
    },
    "erbbands_skewness": {
        "dmean": 0.360500574112,
        "dmean2": 0.528140544891,
        "dvar": 0.121302589774,
        "dvar2": 0.260173559189,
        "max": 5.80615997314,
        "mean": 1.0291301012,
        "median": 0.955468893051,
        "min": -2.103754282,
        "var": 0.625457406044
    },
    "erbbands_spread": {
        "dmean": 7.2281999588,
        "dmean2": 10.5365552902,
        "dvar": 70.2136001587,
        "dvar2": 146.487747192,
        "max": 119.984970093,
        "mean": 33.20470047,
        "median": 31.6108398438,
        "min": 0.954030275345,
        "var": 227.683044434
    },
    "hfc": {
        "dmean": 4.95750761032,
        "dmean2": 6.70525121689,
        "dvar": 76.5900344849,
        "dvar2": 138.964294434,
        "max": 95.8647079468,
        "mean": 13.8562297821,
        "median": 9.3259267807,
        "min": 1.2632085569e-16,
        "var": 203.573654175
    },
    "melbands_crest": {
        "dmean": 2.90515255928,
        "dmean2": 4.56881475449,
        "dvar": 6.78490304947,
        "dvar2": 16.0345783234,
        "max": 34.4406852722,
        "mean": 14.2885389328,
        "median": 13.4824209213,
        "min": 2.55384302139,
        "var": 24.4502811432
    },
    "melbands_flatness_db": {
        "dmean": 0.0256593413651,
        "dmean2": 0.0364090204239,
        "dvar": 0.000739727867767,
        "dvar2": 0.00147261924576,
        "max": 0.45931917429,
        "mean": 0.229454144835,
        "median": 0.22661498189,
        "min": 0.00510529335588,
        "var": 0.00373270758428
    },
    "melbands_kurtosis": {
        "dmean": 6.49231624603,
        "dmean2": 9.85025882721,
        "dvar": 143.51789856,
        "dvar2": 315.388305664,
        "max": 275.618774414,
        "mean": 14.5622720718,
        "median": 9.89875888824,
        "min": -1.47849106789,
        "var": 319.860870361
    },
    "melbands_skewness": {
        "dmean": 0.637485086918,
        "dmean2": 0.944507062435,
        "dvar": 0.488537877798,
        "dvar2": 1.03424656391,
        "max": 14.9534654617,
        "mean": 2.58401370049,
        "median": 2.36125850677,
        "min": -1.65782523155,
        "var": 1.90138959885
    },
    "melbands_spread": {
        "dmean": 4.1597495079,
        "dmean2": 6.25538778305,
        "dvar": 38.3258934021,
        "dvar2": 88.6227111816,
        "max": 134.625411987,
        "mean": 14.2928104401,
        "median": 11.9581899643,
        "min": 0.732360184193,
        "var": 96.9998474121
    },
    "pitch_salience": {
        "dmean": 0.068106725812,
        "dmean2": 0.107193991542,
        "dvar": 0.00403011962771,
        "dvar2": 0.00960870832205,
        "max": 0.841584146023,
        "mean": 0.517280697823,
        "median": 0.526888549328,
        "min": 0.0606965050101,
        "var": 0.0131914615631
    },
    "silence_rate_20dB": {
        "dmean": 0,
        "dmean2": 0,
        "dvar": 0,
        "dvar2": 0,
        "max": 1,
        "mean": 1,
        "median": 1,
        "min": 1,
        "var": 0
    },
    "silence_rate_30dB": {
        "dmean": 0.0203649401665,
        "dmean2": 0.0407331958413,
        "dvar": 0.0199493598193,
        "dvar2": 0.0478690601885,
        "max": 1,
        "mean": 0.980125427246,
        "median": 1,
        "min": 0,
        "var": 0.0194803960621
    },
    "silence_rate_60dB": {
        "dmean": 0.0231345724314,
        "dmean2": 0.0462729111314,
        "dvar": 0.0226046331227,
        "dvar2": 0.0516224578023,
        "max": 1,
        "mean": 0.101734951138,
        "median": 0,
        "min": 0,
        "var": 0.091407828033
    },
    "spectral_centroid": {
        "dmean": 201.741592407,
        "dmean2": 301.807250977,
        "dvar": 75927.9453125,
        "dvar2": 167969,
        "max": 11064.4453125,
        "mean": 973.397888184,
        "median": 849.276000977,
        "min": 199.076324463,
        "var": 224657.40625
    },
    "spectral_complexity": {
        "dmean": 3.04024100304,
        "dmean2": 4.52146625519,
        "dvar": 17.5607719421,
        "dvar2": 34.0119895935,
        "max": 54,
        "mean": 14.0364093781,
        "median": 13,
        "min": 0,
        "var": 60.0591506958
    },
    "spectral_decrease": {
        "dmean": 2.46033837747e-09,
        "dmean2": 3.42395978237e-09,
        "dvar": 1.53787020662e-17,
        "dvar2": 3.400428656e-17,
        "max": 1.53424514565e-28,
        "mean": -6.86089096646e-09,
        "median": -4.49771464517e-09,
        "min": -6.80122766994e-08,
        "var": 5.14989017439e-17
    },
    "spectral_energy": {
        "dmean": 0.00959888566285,
        "dmean2": 0.0133036728948,
        "dvar": 0.000228638076806,
        "dvar2": 0.000500313064549,
        "max": 0.260831862688,
        "mean": 0.0271514095366,
        "median": 0.0180544611067,
        "min": 1.08786141272e-20,
        "var": 0.000782522431109
    },
    "spectral_energyband_high": {
        "dmean": 0.000321607396472,
        "dmean2": 0.000470708851935,
        "dvar": 6.68283973937e-07,
        "dvar2": 1.4044829868e-06,
        "max": 0.00946041382849,
        "mean": 0.000461774267023,
        "median": 0.000162838128745,
        "min": 7.82668278957e-21,
        "var": 8.67759922585e-07
    },
    "spectral_energyband_low": {
        "dmean": 0.00563369877636,
        "dmean2": 0.00866974517703,
        "dvar": 0.00017760026094,
        "dvar2": 0.000421229604399,
        "max": 0.24838013947,
        "mean": 0.00989745091647,
        "median": 0.0022827971261,
        "min": 5.64283249557e-23,
        "var": 0.000396437681047
    },
    "spectral_energyband_middle_high": {
        "dmean": 0.00108570931479,
        "dmean2": 0.00155794911552,
        "dvar": 3.29671024701e-06,
        "dvar2": 6.64867093292e-06,
        "max": 0.0360915586352,
        "mean": 0.00272407452576,
        "median": 0.00160411151592,
        "min": 1.42729015051e-21,
        "var": 9.78570824373e-06
    },
    "spectral_energyband_middle_low": {
        "dmean": 0.00525852525607,
        "dmean2": 0.0070667876862,
        "dvar": 5.93349395785e-05,
        "dvar2": 0.000114477530587,
        "max": 0.120068944991,
        "mean": 0.0150914061815,
        "median": 0.0102224359289,
        "min": 3.12812353758e-22,
        "var": 0.000228029472055
    },
    "spectral_entropy": {
        "dmean": 0.169552519917,
        "dmean2": 0.241096630692,
        "dvar": 0.0335739143193,
        "dvar2": 0.0607614517212,
        "max": 9.79418945312,
        "mean": 7.22268199921,
        "median": 7.2265458107,
        "min": 5.32267093658,
        "var": 0.199782520533
    },
    "spectral_flux": {
        "dmean": 0.0204456243664,
        "dmean2": 0.03290303424,
        "dvar": 0.00070796685759,
        "dvar2": 0.00172045989893,
        "max": 0.363167136908,
        "mean": 0.0657514631748,
        "median": 0.0544718280435,
        "min": 1.04300595938e-10,
        "var": 0.00219068373553
    },
    "spectral_kurtosis": {
        "dmean": 1.9008961916,
        "dmean2": 3.21426844597,
        "dvar": 4.97126293182,
        "dvar2": 14.4574422836,
        "max": 45.1448173523,
        "mean": 4.82875013351,
        "median": 3.98924589157,
        "min": -1.21273326874,
        "var": 13.3377742767
    },
    "spectral_rms": {
        "dmean": 0.000787023745943,
        "dmean2": 0.00105454050936,
        "dvar": 9.20294667139e-07,
        "dvar2": 1.81472330496e-06,
        "max": 0.0159521196038,
        "mean": 0.00453315954655,
        "median": 0.0041969162412,
        "min": 3.25780331531e-12,
        "var": 5.93971526541e-06
    },
    "spectral_rolloff": {
        "dmean": 305.485351562,
        "dmean2": 512.449768066,
        "dvar": 518311.65625,
        "dvar2": 1169081.875,
        "max": 19422.9492188,
        "mean": 899.927368164,
        "median": 667.529296875,
        "min": 86.1328125,
        "var": 708188.6875
    },
    "spectral_skewness": {
        "dmean": 0.247977212071,
        "dmean2": 0.396801739931,
        "dvar": 0.0601609200239,
        "dvar2": 0.149529993534,
        "max": 5.15364313126,
        "mean": 1.61919307709,
        "median": 1.54724955559,
        "min": -0.00181972351857,
        "var": 0.238271579146
    },
    "spectral_spread": {
        "dmean": 386996.125,
        "dmean2": 543207.375,
        "dvar": 335562440704,
        "dvar2": 455360872448,
        "max": 39483648,
        "mean": 4210421.5,
        "median": 3903437.25,
        "min": 1463290.875,
        "var": 1.66639304704e+12
    },
    "spectral_strongpeak": {
        "dmean": 0.402419984341,
        "dmean2": 0.645571827888,
        "dvar": 0.309939414263,
        "dvar2": 0.699723005295,
        "max": 7.95422124863,
        "mean": 0.931516766548,
        "median": 0.662560284138,
        "min": 0,
        "var": 0.744519591331
    },
    "zerocrossingrate": {
        "dmean": 0.00819462072104,
        "dmean2": 0.00964318681508,
        "dvar": 0.000134100075229,
        "dvar2": 0.000153479559231,
        "max": 0.50927734375,
        "mean": 0.043079238385,
        "median": 0.03857421875,
        "min": 0.00390625,
        "var": 0.000507530930918
    },
    "barkbands": {
        "dmean": [4.74102271255e-05, 0.00492770038545, 0.000877947662957, 0.00116627837997, 0.00179939018562, 0.00208046264015, 0.00115350447595, 0.000772657978814, 0.000671803427394, 0.000557196210138, 0.000164195662364, 0.000167175923707, 0.000229282304645, 0.000138191011501, 0.000123875535792, 0.000103519232653, 0.000142816308653, 9.39579622354e-05, 0.000118350544653, 9.66586594586e-05, 7.78515823185e-05, 7.21063115634e-05, 6.70272565912e-05, 3.0728715501e-05, 3.03883425659e-05, 3.10616487695e-05, 1.34258584694e-06],
        "dmean2": [8.36979525047e-05, 0.00765489134938, 0.00138423137832, 0.00170350330882, 0.00271423184313, 0.00297941686586, 0.00161074206699, 0.00110113038681, 0.000980318640359, 0.000795830448624, 0.000260561530013, 0.000262777932221, 0.000359146797564, 0.00022547809931, 0.00020034708723, 0.000160052077263, 0.000226883552386, 0.000151550964802, 0.000192462917767, 0.000160412804689, 0.000125036516692, 0.000112531139166, 0.000100002238469, 4.54528126284e-05, 4.07995939895e-05, 4.21871736762e-05, 1.72860268322e-06],
        "dvar": [3.83945817362e-08, 0.000161815623869, 3.72793169845e-06, 6.8040262704e-06, 1.35411828524e-05, 1.74981723831e-05, 5.27939664607e-06, 2.46683657679e-06, 1.90960008695e-06, 1.9534236344e-06, 1.18321274556e-07, 2.18297486754e-07, 2.90150353521e-07, 2.13811986782e-07, 7.60343326078e-08, 4.62029987602e-08, 7.58639373544e-08, 4.15475476245e-08, 4.98735559518e-08, 4.92873368785e-08, 3.06286338514e-08, 3.29435216884e-08, 3.75876432201e-08, 7.32136484771e-09, 1.03415507269e-08, 1.52244563623e-08, 2.29180546069e-11],
        "dvar2": [1.14543873053e-07, 0.000382236466976, 9.36203559831e-06, 1.56035039254e-05, 3.44045911334e-05, 3.88403204852e-05, 9.6840904007e-06, 4.86124963572e-06, 4.07979496231e-06, 3.43725332641e-06, 2.77877660437e-07, 5.11083555921e-07, 6.94907782872e-07, 5.2267398587e-07, 1.76519492356e-07, 1.09086620625e-07, 1.87941012086e-07, 1.08418106493e-07, 1.27255859184e-07, 1.33636589794e-07, 7.65594876384e-08, 8.12038649656e-08, 8.14356297951e-08, 1.50104675356e-08, 1.63610049952e-08, 2.91125914487e-08, 3.78880295193e-11],
        "max": [0.00578065915033, 0.236100047827, 0.0327763147652, 0.0553910322487, 0.0725108087063, 0.0864125788212, 0.0532798171043, 0.0361322537065, 0.0483601912856, 0.0547427386045, 0.0116819385439, 0.0128196645528, 0.0176254585385, 0.0163436755538, 0.0106580434367, 0.00548882782459, 0.00537207815796, 0.00362284434959, 0.00385275040753, 0.00387611659244, 0.00272160978056, 0.00220038881525, 0.00230154162273, 0.000939309364185, 0.00134458881803, 0.00163433607668, 6.23424275545e-05],
        "mean": [5.83251276112e-05, 0.00765402102843, 0.00145175831858, 0.00183040031698, 0.00343753979541, 0.00395987275988, 0.0023824959062, 0.00160042697098, 0.00132714677602, 0.000923854357097, 0.000269877782557, 0.000252578465734, 0.000376763113309, 0.000195335131139, 0.000182339063031, 0.000159404764418, 0.000212651953916, 0.000145588157466, 0.00019008590607, 0.000141222204547, 0.000111973255116, 9.69901302597e-05, 7.74284417275e-05, 3.9401158574e-05, 3.90189125028e-05, 3.33702919306e-05, 1.5531045392e-06],
        "median": [7.73098054196e-06, 0.000891324831173, 0.000460814335383, 0.000412759953178, 0.00135114393197, 0.00153153098654, 0.000836672028527, 0.000589649192989, 0.000433364737546, 0.000249392032856, 0.000112135698146, 8.64991379785e-05, 9.99823168968e-05, 5.28327836946e-05, 7.31894106138e-05, 5.94454977545e-05, 7.59498798288e-05, 5.01498652739e-05, 6.74881230225e-05, 4.87575671286e-05, 4.42222008132e-05, 3.2803756767e-05, 1.95348311536e-05, 9.85739552561e-06, 5.32040303369e-06, 1.72028774159e-06, 9.52983398861e-08],
        "min": [5.06696024823e-23, 1.63067188989e-23, 2.68944076498e-23, 1.60087231421e-24, 8.0762658087e-23, 7.74026533671e-23, 2.85036933627e-23, 4.86353353116e-23, 3.54197410485e-23, 6.71217068683e-23, 2.96065840171e-23, 4.37247897725e-23, 1.23201910662e-22, 8.42573876278e-23, 1.29877579808e-22, 1.20251230089e-22, 1.62969512232e-22, 2.21347049376e-22, 3.30608374204e-22, 2.49897856667e-22, 4.74533029757e-22, 4.84472121805e-22, 5.7421995609e-22, 6.71685197677e-22, 1.29756880303e-21, 1.92761133356e-21, 2.71770594151e-21],
        "var": [2.94529343137e-08, 0.000339974940289, 7.26495318304e-06, 1.34322508529e-05, 2.94729852612e-05, 4.33988425357e-05, 1.92364695977e-05, 7.37241407478e-06, 5.72944372834e-06, 4.86996259497e-06, 2.76889693396e-07, 3.48727098753e-07, 8.99751285033e-07, 3.47169219594e-07, 1.32375888029e-07, 7.82351463613e-08, 1.26202806428e-07, 6.89128825115e-08, 9.15608424634e-08, 5.7353862104e-08, 3.46468311818e-08, 3.42988855095e-08, 4.45642527325e-08, 9.98175320177e-09, 1.69841261055e-08, 1.95585521112e-08, 3.47903615638e-11]
    },
    "erbbands": {
        "dmean": [0.110863380134, 1.22620511055, 1.30171728134, 2.29727864265, 4.83661222458, 7.0124874115, 7.91113901138, 20.4637947083, 19.8247928619, 17.1808719635, 12.8560056686, 18.5887641907, 17.4827594757, 10.0292901993, 6.96396446228, 8.09438323975, 11.1429491043, 7.50492572784, 6.04810094833, 6.53295469284, 5.91913890839, 5.63699102402, 5.50469732285, 6.15366411209, 4.91471719742, 5.17625522614, 3.69869184494, 2.61019182205, 2.38888120651, 3.06526422501, 1.48289310932, 0.849619984627, 0.39559289813, 0.334055423737, 0.216201543808, 0.136822119355, 0.0607514828444, 0.00787363108248, 0.000247830699664, 1.62695305335e-05],
        "dmean2": [0.169534936547, 1.91738402843, 2.07386112213, 3.43725538254, 7.39978027344, 10.6554508209, 11.443819046, 29.8986682892, 26.7555217743, 25.1933422089, 17.9417591095, 26.7441196442, 24.6771965027, 15.2120904922, 10.9316701889, 12.6021385193, 17.4001998901, 12.0908384323, 9.71789455414, 10.3942070007, 9.12599754333, 8.82040500641, 8.69551467896, 10.0644245148, 8.030834198, 8.57103824615, 5.98028898239, 4.19674062729, 3.81105685234, 4.64701652527, 2.25421833992, 1.29486119747, 0.565660119057, 0.455532461405, 0.301482141018, 0.18611523509, 0.0851503461599, 0.011009240523, 0.000327341811499, 2.14026240428e-05],
        "dvar": [0.0795468837023, 10.0691728592, 7.7209239006, 30.6595134735, 101.404960632, 265.677185059, 227.466323853, 1919.08581543, 1968.75134277, 1257.46972656, 546.143554688, 1450.79785156, 2551.55419922, 586.963745117, 186.347473145, 534.044433594, 659.747558594, 582.444580078, 245.060623169, 157.556274414, 119.452064514, 105.871780396, 138.044616699, 187.456375122, 99.7168426514, 126.505752563, 72.0178375244, 42.1550216675, 39.122592926, 75.4063568115, 17.7735080719, 5.79657793045, 1.3113951683, 1.16191339493, 0.571891963482, 0.290231704712, 0.0599305517972, 0.000989534775726, 8.47690387218e-07, 1.08428410694e-09],
        "dvar2": [0.17871016264, 24.2569580078, 19.9151325226, 77.8594589233, 258.724365234, 686.56854248, 471.090057373, 4549.43652344, 3260.76586914, 2744.25878906, 1019.42596436, 3008.80639648, 4344.11523438, 1278.20166016, 445.747894287, 1249.4642334, 1579.82861328, 1415.62561035, 556.345397949, 413.060089111, 277.40512085, 250.588180542, 343.951202393, 484.176971436, 261.580871582, 339.295135498, 179.923934937, 108.453720093, 99.9657821655, 169.746109009, 39.9934654236, 12.9630451202, 2.27759623528, 1.85931181908, 0.940798103809, 0.568537890911, 0.11984988302, 0.00191159371752, 1.46054560446e-06, 1.8165494664e-09],
        "max": [4.87875413895, 61.9360771179, 56.7712211609, 143.527481079, 270.640991211, 384.087097168, 489.863677979, 990.348083496, 826.368713379, 931.375915527, 577.399108887, 1392.24768066, 2105.43676758, 700.33416748, 351.079345703, 640.11328125, 805.968261719, 879.820983887, 634.208984375, 391.483215332, 198.22593689, 147.686676025, 230.993667603, 230.456573486, 260.537994385, 164.888031006, 116.190345764, 110.264198303, 81.6453399658, 114.558326721, 44.0817337036, 30.3700942993, 13.4373989105, 12.9537115097, 10.2087974548, 7.72906684875, 3.00750279427, 0.390200078487, 0.0115196108818, 0.000379133765819],
        "mean": [0.171840831637, 1.86433458328, 2.24316477776, 3.84356331825, 8.37275981903, 12.5093488693, 15.9043865204, 37.5162811279, 41.2843093872, 35.801399231, 28.8500423431, 38.0623893738, 30.2939929962, 16.4756164551, 12.3723306656, 13.0526437759, 18.6952800751, 11.7018737793, 8.96021747589, 10.1968336105, 9.62942123413, 9.02337932587, 8.96211528778, 9.92597103119, 8.04089736938, 7.68932247162, 5.35155439377, 3.72511267662, 3.17971515656, 3.50935649872, 1.82964813709, 1.02554047108, 0.550100445747, 0.427237033844, 0.279181450605, 0.154811963439, 0.0618684962392, 0.00811045244336, 0.000294071156532, 3.93505906686e-05],
        "median": [0.0150459995493, 0.235356718302, 0.744297266006, 1.14171683788, 3.13302135468, 3.95071029663, 6.70303869247, 13.7954053879, 13.541519165, 13.9459104538, 13.0574073792, 13.8175039291, 9.41005039215, 5.75600004196, 5.94727373123, 4.96133041382, 5.64818143845, 3.96723294258, 3.52705955505, 4.13095283508, 4.03553152084, 3.72019505501, 3.25396347046, 3.22246742249, 3.24085974693, 2.74644112587, 2.04149746895, 1.51968634129, 1.18352043629, 0.943794906139, 0.506834864616, 0.26022028923, 0.125725507736, 0.0666324347258, 0.0337360277772, 0.0108832819387, 0.0026893443428, 0.000339519057889, 3.13338750857e-05, 2.25553067139e-05],
        "min": [7.65686519476e-22, 3.5372856205e-21, 2.19229228709e-20, 2.1754412286e-20, 3.05577288072e-20, 2.86675002616e-19, 7.02211251283e-19, 6.90799260757e-19, 5.14075638403e-19, 5.33093658059e-19, 9.18986286813e-19, 9.84286509307e-19, 2.1687399735e-18, 1.351310683e-18, 1.35882065578e-18, 2.01964563118e-18, 4.2364050936e-18, 6.19644222868e-18, 3.73145434303e-18, 7.80095589571e-18, 7.99587438961e-18, 9.81482966737e-18, 1.25219188427e-17, 2.03384488949e-17, 1.0823116512e-17, 1.10399858978e-17, 1.47838152764e-17, 2.10715774175e-17, 1.9015959149e-17, 1.61136421143e-17, 1.63565006878e-17, 1.31256878979e-17, 1.38953620871e-17, 1.13799149433e-17, 9.96009499064e-18, 6.08413674409e-18, 3.91539904534e-18, 1.47860509388e-18, 2.99289920547e-19, 4.40188137314e-20],
        "var": [0.188128322363, 19.8977546692, 14.0860528946, 53.2750473022, 186.14730835, 502.028625488, 677.239929199, 4228.13916016, 6720.74072266, 3671.51464844, 1819.51928711, 4527.61376953, 6445.64941406, 1080.45031738, 426.19833374, 872.335205078, 2000.52893066, 988.96496582, 405.610290527, 263.874786377, 209.920730591, 186.127929688, 262.070281982, 348.94619751, 159.182388306, 161.524169922, 85.387336731, 40.4927139282, 36.6323890686, 83.1183624268, 20.7303791046, 6.90114784241, 2.16708517075, 1.87866032124, 0.919224143028, 0.380548328161, 0.0719389095902, 0.00122454995289, 1.22036169614e-06, 2.67559041589e-09]
    },
    "gfcc": {
        "mean": [-37.2268638611, 114.454322815, -121.07308197, 30.8081874847, -70.1987457275, -0.318318724632, -30.478597641, 4.48674488068, -15.7605619431, 3.37808418274, -12.8039102554, -0.638504564762, -10.3666687012],
        "cov": [[10419.0644531, -1153.61730957, 1415.09118652, 677.165527344, 157.887252808, 731.757141113, -732.519165039, 239.883621216, -626.836120605, 206.907318115, -297.26852417, 280.69052124, -173.497909546], [-1153.61730957, 1005.64306641, -152.62260437, 88.5371246338, 113.835891724, -201.066268921, 153.021438599, -216.187133789, 148.687332153, -116.512832642, 126.564682007, -100.178352356, 81.5914001465], [1415.09118652, -152.62260437, 1060.37548828, 85.1809234619, 209.147354126, 328.436767578, -78.9362411499, 167.12550354, -88.9115219116, 113.566856384, -133.483505249, 133.025909424, -30.1610565186], [677.165527344, 88.5371246338, 85.1809234619, 341.689025879, 41.517490387, 45.5119552612, 9.38822364807, -38.3703117371, 10.1679935455, -17.3075771332, 30.7411327362, -9.97294998169, 12.1230821609], [157.887252808, 113.835891724, 209.147354126, 41.517490387, 231.194335938, 101.882873535, 31.8818778992, 39.2902679443, -9.20957756042, 33.7256240845, -17.7671909332, 17.1745624542, -14.5190477371], [731.757141113, -201.066268921, 328.436767578, 45.5119552612, 101.882873535, 277.031494141, 20.5317001343, 102.112709045, -40.9625091553, 59.548412323, -50.4263191223, 36.9266090393, -32.8079185486], [-732.519165039, 153.021438599, -78.9362411499, 9.38822364807, 31.8818778992, 20.5317001343, 206.334060669, 24.7141799927, 102.110366821, -4.03171110153, 52.1754150391, -15.9256868362, 21.5990829468], [239.883621216, -216.187133789, 167.12550354, -38.3703117371, 39.2902679443, 102.112709045, 24.7141799927, 171.945541382, 6.0907626152, 61.4764022827, -34.4394264221, 35.6799316406, -14.4642705917], [-626.836120605, 148.687332153, -88.9115219116, 10.1679935455, -9.20957756042, -40.9625091553, 102.110366821, 6.0907626152, 165.979522705, 24.9545097351, 67.6376647949, -9.21083927155, 20.5818424225], [206.907318115, -116.512832642, 113.566856384, -17.3075771332, 33.7256240845, 59.548412323, -4.03171110153, 61.4764022827, 24.9545097351, 103.677459717, 15.7176399231, 37.6729049683, -19.5523490906], [-297.26852417, 126.564682007, -133.483505249, 30.7411327362, -17.7671909332, -50.4263191223, 52.1754150391, -34.4394264221, 67.6376647949, 15.7176399231, 127.273895264, 18.4161453247, 20.1253223419], [280.69052124, -100.178352356, 133.025909424, -9.97294998169, 17.1745624542, 36.9266090393, -15.9256868362, 35.6799316406, -9.21083927155, 37.6729049683, 18.4161453247, 110.486335754, 21.3791713715], [-173.497909546, 81.5914001465, -30.1610565186, 12.1230821609, -14.5190477371, -32.8079185486, 21.5990829468, -14.4642705917, 20.5818424225, -19.5523490906, 20.1253223419, 21.3791713715, 78.147644043]],
        "icov": [[0.000281546293991, -0.000314499862725, 0.000155158835696, -0.000665982137434, 0.000402671197662, -0.000666848500259, 0.000871654890943, -0.000509077392053, 0.000654943578411, -0.000488250458147, 0.000344408268575, -0.000708191771992, 0.000386737665394], [-0.000314499862725, 0.00526175461709, -0.00233958777972, 0.00152423942927, -0.00441294815391, 0.00376813905314, -0.00269250990823, 0.00502221565694, -0.0031426330097, 0.00433110259473, -0.00459887646139, 0.0056141638197, -0.00333571620286], [0.000155158835696, -0.00233958777972, 0.00335683627054, -0.00128211046103, 0.000978389754891, -0.00322546320967, 0.00202514883131, -0.00247844983824, 0.000941206119023, -0.00266479072161, 0.00415852852166, -0.00462597236037, 0.00137081707362], [-0.000665982137434, 0.00152423942927, -0.00128211046103, 0.00536414934322, -0.00196739472449, 0.000944575527683, -0.00172114570159, 0.00276834331453, -0.00241080368869, 0.00311252311803, -0.00346281472594, 0.00366637133993, -0.00207539042458], [0.000402671197662, -0.00441294815391, 0.000978389754891, -0.00196739472449, 0.00969980470836, -0.00399067159742, 0.000876471574884, -0.0038262095768, 0.00374361476861, -0.00495944637805, 0.00395287014544, -0.00449495948851, 0.0033454594668], [-0.000666848500259, 0.00376813905314, -0.00322546320967, 0.000944575527683, -0.00399067159742, 0.0114995818585, -0.00601699016988, 0.00209290860221, -0.00026492588222, 0.00108471233398, -0.00237829121761, 0.00450095580891, -0.000947055581491], [0.000871654890943, -0.00269250990823, 0.00202514883131, -0.00172114570159, 0.000876471574884, -0.00601699016988, 0.0130383456126, -0.00528428144753, -0.00267162336968, 0.00125305331312, -0.000252363708569, -0.00251681637019, 0.000620704668108], [-0.000509077392053, 0.00502221565694, -0.00247844983824, 0.00276834331453, -0.0038262095768, 0.00209290860221, -0.00528428144753, 0.0153075484559, -0.00397292524576, -0.000305971188936, -0.000744455261156, 0.0037820271682, -0.00317135988735], [0.000654943578411, -0.0031426330097, 0.000941206119023, -0.00241080368869, 0.00374361476861, -0.00026492588222, -0.00267162336968, -0.00397292524576, 0.0150217367336, -0.00799444224685, -0.000199873538804, -0.00156067591161, 0.000581743079238], [-0.000488250458147, 0.00433110259473, -0.00266479072161, 0.00311252311803, -0.00495944637805, 0.00108471233398, 0.00125305331312, -0.000305971188936, -0.00799444224685, 0.0230126045644, -0.00899755582213, 0.00201320694759, 0.00164332101122], [0.000344408268575, -0.00459887646139, 0.00415852852166, -0.00346281472594, 0.00395287014544, -0.00237829121761, -0.000252363708569, -0.000744455261156, -0.000199873538804, -0.00899755582213, 0.0202713347971, -0.010874805972, 0.0029323217459], [-0.000708191771992, 0.0056141638197, -0.00462597236037, 0.00366637133993, -0.00449495948851, 0.00450095580891, -0.00251681637019, 0.0037820271682, -0.00156067591161, 0.00201320694759, -0.010874805972, 0.0223305094987, -0.00973162893206], [0.000386737665394, -0.00333571620286, 0.00137081707362, -0.00207539042458, 0.0033454594668, -0.000947055581491, 0.000620704668108, -0.00317135988735, 0.000581743079238, 0.00164332101122, 0.0029323217459, -0.00973162893206, 0.0196191575378]]
    },
    "melbands": {
        "dmean": [0.00124723545741, 0.00102717534173, 0.000475119915791, 0.000397485186113, 0.000294688128633, 0.000448666716693, 0.000287356378976, 0.000184712625924, 0.000105046543467, 0.00011068200547, 8.56073020259e-05, 4.17730479967e-05, 2.35540592257e-05, 2.03382169275e-05, 2.34780982282e-05, 1.95450884348e-05, 1.52852589963e-05, 9.75261536951e-06, 7.47632338971e-06, 9.48897377384e-06, 7.69391954236e-06, 6.73004205964e-06, 6.26965265837e-06, 4.76821878692e-06, 5.39596203453e-06, 4.33764489571e-06, 3.05999856209e-06, 3.50576146957e-06, 2.36238975049e-06, 2.12275017475e-06, 1.53700420924e-06, 1.5586505242e-06, 1.23073107261e-06, 1.93816049432e-06, 9.17820386803e-07, 6.52992184769e-07, 4.43247841986e-07, 2.50076482189e-07, 3.46415930608e-07, 2.54434809221e-07],
        "dmean2": [0.00190660206135, 0.00162824254949, 0.000703995872755, 0.000602191954385, 0.000431859167293, 0.000646651722491, 0.000386684638215, 0.000271659111604, 0.000148106919369, 0.000160106472322, 0.000121248755022, 6.39384888927e-05, 3.72599788534e-05, 3.20904182445e-05, 3.67842803826e-05, 3.05375069729e-05, 2.49279273703e-05, 1.58182738232e-05, 1.20330532809e-05, 1.49734796651e-05, 1.19673013614e-05, 1.06112474896e-05, 1.00185816336e-05, 7.70772840042e-06, 8.89078637556e-06, 7.16381691745e-06, 5.07751383338e-06, 5.85560201216e-06, 3.8000373479e-06, 3.54890607923e-06, 2.46984541263e-06, 2.56790190178e-06, 1.82649660019e-06, 2.98218219541e-06, 1.38692189466e-06, 1.0510032098e-06, 6.69662483688e-07, 3.79192357514e-07, 4.80914934542e-07, 3.49610274952e-07],
        "dvar": [1.02882686406e-05, 5.95929850533e-06, 1.01397984054e-06, 7.90845376741e-07, 3.00798291164e-07, 8.83030281784e-07, 3.93864922899e-07, 1.55050230433e-07, 3.4342928501e-08, 5.15055518235e-08, 6.26904537171e-08, 1.11462332697e-08, 2.43943687472e-09, 2.73715161647e-09, 2.82585421729e-09, 2.2240533859e-09, 3.0259919015e-09, 5.84684911598e-10, 2.16336601411e-10, 3.62692709199e-10, 2.40029746079e-10, 1.74381592499e-10, 1.72848041435e-10, 1.42056755248e-10, 1.65342350922e-10, 8.05738323284e-11, 4.63219532176e-11, 5.84273671111e-11, 3.22262876107e-11, 2.63213235929e-11, 1.45083311684e-11, 1.8380994643e-11, 8.81520377527e-12, 3.42865145997e-11, 6.46196811338e-12, 3.91174028933e-12, 1.57425223031e-12, 4.76462023048e-13, 1.33672641098e-12, 6.3401665645e-13],
        "dvar2": [2.33789924096e-05, 1.50998894242e-05, 2.39292762672e-06, 2.07531024898e-06, 6.54374161968e-07, 1.96033920474e-06, 6.48083528176e-07, 3.34449964612e-07, 6.67197355142e-08, 1.07445004005e-07, 1.06571732772e-07, 2.44631834789e-08, 5.71857006193e-09, 6.3898899505e-09, 6.84330814238e-09, 5.23836130029e-09, 7.37538830009e-09, 1.35639355303e-09, 5.16962361807e-10, 9.25223897497e-10, 5.72494884832e-10, 4.19934531593e-10, 4.3219405832e-10, 3.74747899379e-10, 4.27962082439e-10, 2.12854511794e-10, 1.28369773145e-10, 1.54404669606e-10, 7.87035506211e-11, 7.13835518473e-11, 3.69086775032e-11, 4.982652832e-11, 1.88186983358e-11, 7.87313339523e-11, 1.44244833092e-11, 9.62552693801e-12, 3.35231668813e-12, 8.5481139311e-13, 2.44953514937e-12, 1.01105885816e-12],
        "max": [0.0591605119407, 0.0516656190157, 0.0218194574118, 0.0208204761147, 0.0159717574716, 0.0201443079859, 0.0126168718562, 0.00901747401804, 0.00431899912655, 0.00756090134382, 0.010483876802, 0.00311102578416, 0.00171506463084, 0.00139870378189, 0.00157949270215, 0.00243567512371, 0.00201221602038, 0.000918009900488, 0.000459006143501, 0.000532936363015, 0.000316956400638, 0.000236721331021, 0.000249964010436, 0.000263086607447, 0.000214457380935, 0.000215113148442, 0.000125786173157, 0.000108311192889, 0.000105838509626, 7.39327224437e-05, 6.10109891568e-05, 5.73737706873e-05, 4.57529095002e-05, 7.89004916442e-05, 2.6352065106e-05, 2.30487657973e-05, 1.85638982657e-05, 7.1759882303e-06, 1.5725790945e-05, 1.0131554518e-05],
        "mean": [0.00194547465071, 0.00169816031121, 0.00082246249076, 0.00075500307139, 0.000590480107348, 0.000837048050016, 0.000600901083089, 0.000381712365197, 0.000233746104641, 0.000219424153329, 0.000143555109389, 6.5496431489e-05, 3.96074574383e-05, 3.24117681885e-05, 3.79503107979e-05, 3.26627014147e-05, 2.17241013161e-05, 1.37816332426e-05, 1.1364587408e-05, 1.45073454405e-05, 1.15981165436e-05, 9.95399568637e-06, 9.40431164054e-06, 7.1978320193e-06, 8.12505822978e-06, 6.5080753302e-06, 4.75522256238e-06, 4.94139885632e-06, 3.27317866322e-06, 2.81926122625e-06, 2.08113328881e-06, 1.93412301996e-06, 1.63114339102e-06, 2.05433184419e-06, 1.10643952667e-06, 7.60894863561e-07, 5.4389977322e-07, 3.58272529866e-07, 4.23580132747e-07, 3.23642836975e-07],
        "median": [0.000203337520361, 0.000410983426264, 0.000280512060272, 0.000301016494632, 0.000252742029261, 0.000313736032695, 0.000194503561943, 0.000148317601997, 0.000102170357422, 7.42930860724e-05, 3.90383174818e-05, 2.01290295081e-05, 1.73450498551e-05, 1.20832655739e-05, 1.25518208733e-05, 9.4462366178e-06, 5.60645139558e-06, 5.15694000569e-06, 4.63766491521e-06, 5.4128836382e-06, 4.19543630414e-06, 3.79609764423e-06, 2.72549800684e-06, 2.3059922114e-06, 2.20372885451e-06, 2.19786898015e-06, 1.78849506938e-06, 1.68264227796e-06, 1.1991842257e-06, 9.75304715212e-07, 7.74644490775e-07, 7.02709314737e-07, 5.00610155996e-07, 4.9442070349e-07, 2.97700012197e-07, 1.90881905837e-07, 1.3465820814e-07, 8.62879261376e-08, 7.00830042888e-08, 4.76990713594e-08],
        "min": [7.58713481323e-24, 9.20183526746e-24, 3.75562043606e-24, 9.08042562984e-24, 2.38488381535e-23, 1.44472648825e-23, 7.60665517633e-24, 7.86487143871e-24, 6.22297776578e-24, 6.56166336252e-24, 1.05253979272e-23, 5.1365415666e-24, 4.70177231717e-24, 4.9119646998e-24, 4.7484590777e-24, 1.51500421303e-23, 1.03380024414e-23, 4.76520462256e-24, 9.98922573596e-24, 9.42411339359e-24, 9.40748893887e-24, 1.05341874154e-23, 1.00928173723e-23, 1.02724086571e-23, 1.82387922948e-23, 7.84335604638e-24, 7.59847863304e-24, 6.83988868734e-24, 8.73285509273e-24, 1.18895979675e-23, 1.12637386023e-23, 1.17341300492e-23, 8.56431101602e-24, 9.24240243951e-24, 9.2749642511e-24, 1.01262295759e-23, 6.55409779201e-24, 8.71156137031e-24, 1.23544366225e-23, 8.39271010331e-24],
        "var": [2.31828544202e-05, 1.12565594463e-05, 2.00105796466e-06, 1.52746827098e-06, 8.76763920132e-07, 2.12758504858e-06, 1.39316841796e-06, 4.37468912651e-07, 1.14600318568e-07, 1.54544707698e-07, 1.58466036737e-07, 1.99957277403e-08, 5.75035397077e-09, 4.64912730536e-09, 6.82557965703e-09, 7.99111798955e-09, 4.98435381857e-09, 9.23650600448e-10, 3.80644543663e-10, 6.29991947498e-10, 3.9250552808e-10, 2.76257017262e-10, 3.05030195547e-10, 2.0636296838e-10, 2.97847135844e-10, 1.29953173222e-10, 5.87240880923e-11, 7.09213382466e-11, 4.0715510824e-11, 2.60489303738e-11, 1.46862817046e-11, 1.47801181016e-11, 1.17873584157e-11, 3.54139044478e-11, 7.64650495699e-12, 3.93315978744e-12, 2.01205848857e-12, 8.09306072679e-13, 1.89328218901e-12, 1.04892006539e-12]
    },
    "mfcc": {
        "mean": [-675.365722656, 136.730926514, 3.3174469471, 28.6020450592, -12.5077457428, 0.173150733113, -9.42453765869, 0.0586867928505, -1.73095655441, 1.91223454475, 0.682555675507, 1.87799322605, 1.88053941727],
        "cov": [[7789.8671875, -273.373626709, 516.928710938, 261.443847656, 488.143737793, 269.705718994, 98.305267334, 42.3193054199, -204.330856323, -98.5824661255, -175.791488647, -178.914367676, -70.6578216553], [-273.373626709, 825.253601074, 11.9211874008, 150.404205322, 63.0046539307, 72.1366653442, 7.15811920166, -28.6875553131, -11.2120075226, -42.1678237915, -10.3378095627, 8.00971031189, 22.5004081726], [516.928710938, 11.9211874008, 557.639221191, 26.5597171783, 179.962432861, 129.038787842, 74.0873336792, 88.2463531494, 71.4418640137, 30.2315826416, 23.5773792267, -7.0979886055, 6.80631113052], [261.443847656, 150.404205322, 26.5597171783, 260.199310303, 36.9458580017, 56.2737617493, -4.09910774231, -1.15109181404, -17.6105537415, -13.7512207031, -27.4037322998, -5.00477027893, 19.3179016113], [488.143737793, 63.0046539307, 179.962432861, 36.9458580017, 226.87789917, 87.6592254639, 64.2523117065, 31.613779068, 21.6512737274, 14.5854721069, 15.6319494247, -7.39878129959, -5.17236232758], [269.705718994, 72.1366653442, 129.038787842, 56.2737617493, 87.6592254639, 171.676132202, 64.8529815674, 41.8150978088, 16.9511222839, 13.0403022766, 13.5956754684, 12.784529686, 0.945247590542], [98.305267334, 7.15811920166, 74.0873336792, -4.09910774231, 64.2523117065, 64.8529815674, 125.456771851, 60.2597503662, 28.9901580811, 31.0655117035, 26.6291599274, 6.75998020172, -13.9292449951], [42.3193054199, -28.6875553131, 88.2463531494, -1.15109181404, 31.613779068, 41.8150978088, 60.2597503662, 101.802337646, 53.2255210876, 23.1401596069, 21.3190822601, 12.2294406891, 3.71072340012], [-204.330856323, -11.2120075226, 71.4418640137, -17.6105537415, 21.6512737274, 16.9511222839, 28.9901580811, 53.2255210876, 112.579368591, 53.7234802246, 22.5094852448, 9.27338123322, 11.1850137711], [-98.5824661255, -42.1678237915, 30.2315826416, -13.7512207031, 14.5854721069, 13.0403022766, 31.0655117035, 23.1401596069, 53.7234802246, 101.687675476, 48.8212928772, 2.8087220192, -5.07109737396], [-175.791488647, -10.3378095627, 23.5773792267, -27.4037322998, 15.6319494247, 13.5956754684, 26.6291599274, 21.3190822601, 22.5094852448, 48.8212928772, 101.323364258, 54.3219184875, 11.7922611237], [-178.914367676, 8.00971031189, -7.0979886055, -5.00477027893, -7.39878129959, 12.784529686, 6.75998020172, 12.2294406891, 9.27338123322, 2.8087220192, 54.3219184875, 112.585021973, 54.8219909668], [-70.6578216553, 22.5004081726, 6.80631113052, 19.3179016113, -5.17236232758, 0.945247590542, -13.9292449951, 3.71072340012, 11.1850137711, -5.07109737396, 11.7922611237, 54.8219909668, 111.486274719]],
