{
"lowlevel": {
    "average_loudness": 0.933946073055,
    "barkbands_crest": {
        "dmean": 2.81879043579,
        "dmean2": 4.6852388382,
        "dvar": 7.89808893204,
        "dvar2": 21.7656860352,
        "max": 26.3035144806,
        "mean": 11.7321863174,
        "median": 10.8278522491,
        "min": 2.9700088501,
        "var": 21.0639705658
    },
    "barkbands_flatness_db": {
        "dmean": 0.0261784903705,
        "dmean2": 0.0406915731728,
        "dvar": 0.000816462561488,
        "dvar2": 0.00201405142434,
        "max": 0.483717948198,
        "mean": 0.196727946401,
        "median": 0.18967717886,
        "min": 0.026924693957,
        "var": 0.00471300026402
    },
    "barkbands_kurtosis": {
        "dmean": 4.72198534012,
        "dmean2": 7.59105205536,
        "dvar": 190.221511841,
        "dvar2": 505.444946289,
        "max": 406.209136963,
        "mean": 6.96643972397,
        "median": 2.77760744095,
        "min": -1.91385555267,
        "var": 265.435546875
    },
    "barkbands_skewness": {
        "dmean": 0.607444822788,
        "dmean2": 0.938304007053,
        "dvar": 0.689812719822,
        "dvar2": 1.59245800972,
        "max": 19.0121631622,
        "mean": 1.64679718018,
        "median": 1.39843821526,
        "min": -2.85901141167,
        "var": 2.1622235775
    },
    "barkbands_spread": {
        "dmean": 3.74938583374,
        "dmean2": 5.86260414124,
        "dvar": 22.4798660278,
        "dvar2": 50.1216850281,
        "max": 133.531585693,
        "mean": 15.5810136795,
        "median": 11.8849840164,
        "min": 0.319621890783,
        "var": 146.035247803
    },
    "dissonance": {
        "dmean": 0.0279958918691,
        "dmean2": 0.0473772101104,
        "dvar": 0.000774074695073,
        "dvar2": 0.00211621006019,
        "max": 0.500000059605,
        "mean": 0.435649812222,
        "median": 0.446702480316,
        "min": 0.191019192338,
        "var": 0.00224864832126
    },
    "dynamic_complexity": 2.1151676178,
    "erbbands_crest": {
        "dmean": 2.64275288582,
        "dmean2": 4.16353750229,
        "dvar": 6.50124120712,
        "dvar2": 15.7938728333,
        "max": 33.2866630554,
        "mean": 12.8494672775,
        "median": 11.7707557678,
        "min": 2.44308876991,
        "var": 29.5013179779
    },
    "erbbands_flatness_db": {
        "dmean": 0.0227712206542,
        "dmean2": 0.0314234048128,
        "dvar": 0.000728801125661,
        "dvar2": 0.00133139127865,
        "max": 0.443460553885,
        "mean": 0.203540027142,
        "median": 0.203431129456,
        "min": 0.039199154824,
        "var": 0.0038606475573
    },
    "erbbands_kurtosis": {
        "dmean": 1.424934268,
        "dmean2": 2.19288754463,
        "dvar": 6.17932748795,
        "dvar2": 14.0376014709,
        "max": 104.524368286,
        "mean": 1.87068963051,
        "median": 0.484273552895,
        "min": -1.7702344656,
        "var": 21.4318943024
    },
    "erbbands_skewness": {
        "dmean": 0.386422783136,
        "dmean2": 0.58769851923,
        "dvar": 0.142046511173,
        "dvar2": 0.337144702673,
        "max": 7.70763397217,
        "mean": 0.57294511795,
        "median": 0.570032119751,
        "min": -6.56553792953,
        "var": 1.12746226788
    },
    "erbbands_spread": {
        "dmean": 5.63427257538,
        "dmean2": 8.57280540466,
        "dvar": 53.9523887634,
        "dvar2": 116.124412537,
        "max": 133.797103882,
        "mean": 26.4611358643,
        "median": 24.4457550049,
        "min": 0.821412563324,
        "var": 210.274902344
    },
    "hfc": {
        "dmean": 4.63381576538,
        "dmean2": 6.94242668152,
        "dvar": 36.7354698181,
        "dvar2": 77.4431610107,
        "max": 161.607528687,
        "mean": 19.0634803772,
        "median": 14.8102359772,
        "min": 1.13026210362e-16,
        "var": 235.054397583
    },
    "melbands_crest": {
        "dmean": 3.05473446846,
        "dmean2": 4.98703145981,
        "dvar": 8.25865936279,
        "dvar2": 20.6659450531,
        "max": 32.2214202881,
        "mean": 14.9677791595,
        "median": 14.0109558105,
        "min": 1.67961251736,
        "var": 29.2672290802
    },
    "melbands_flatness_db": {
        "dmean": 0.0301245935261,
        "dmean2": 0.0466882884502,
        "dvar": 0.00111431686673,
        "dvar2": 0.00260767177679,
        "max": 0.641511082649,
        "mean": 0.291935503483,
        "median": 0.284314990044,
        "min": 0.00547776790336,
        "var": 0.00827724579722
    },
    "melbands_kurtosis": {
        "dmean": 6.78951120377,
        "dmean2": 10.8842582703,
        "dvar": 231.100875854,
        "dvar2": 558.570800781,
        "max": 444.682281494,
        "mean": 11.7465820312,
        "median": 5.70447921753,
        "min": -1.87668538094,
        "var": 416.286956787
    },
    "melbands_skewness": {
        "dmean": 0.689307451248,
        "dmean2": 1.0872862339,
        "dvar": 0.738522589207,
        "dvar2": 1.70937430859,
        "max": 14.2464962006,
        "mean": 2.20524406433,
        "median": 1.91783928871,
        "min": -2.18507933617,
        "var": 2.31942749023
    },
    "melbands_spread": {
        "dmean": 4.44789600372,
        "dmean2": 7.02615451813,
        "dvar": 40.3104896545,
        "dvar2": 90.782623291,
        "max": 160.672546387,
        "mean": 17.3055438995,
        "median": 11.3042602539,
        "min": 0.425246506929,
        "var": 250.408126831
    },
    "pitch_salience": {
        "dmean": 0.0698234438896,
        "dmean2": 0.11452589184,
        "dvar": 0.00455240672454,
        "dvar2": 0.0116167906672,
        "max": 0.943934738636,
        "mean": 0.477398246527,
        "median": 0.472668975592,
        "min": 0.076845318079,
        "var": 0.0146226165816
    },
    "silence_rate_20dB": {
        "dmean": 0,
        "dmean2": 0,
        "dvar": 0,
        "dvar2": 0,
        "max": 1,
        "mean": 1,
        "median": 1,
        "min": 1,
        "var": 0
    },
    "silence_rate_30dB": {
        "dmean": 0.0169894173741,
        "dmean2": 0.033981282264,
        "dvar": 0.016701862216,
        "dvar2": 0.0488132685423,
        "max": 1,
        "mean": 0.99100202322,
        "median": 1,
        "min": 0,
        "var": 0.0089182574302
    },
    "silence_rate_60dB": {
        "dmean": 0.00100784678943,
        "dmean2": 0.00201583863236,
        "dvar": 0.00100678903982,
        "dvar2": 0.0021557235159,
        "max": 1,
        "mean": 0.0146847106516,
        "median": 0,
        "min": 0,
        "var": 0.0144689362496
    },
    "spectral_centroid": {
        "dmean": 137.487335205,
        "dmean2": 212.669525146,
        "dvar": 34222.53125,
        "dvar2": 69674.0390625,
        "max": 11279.0693359,
        "mean": 990.442871094,
        "median": 748.37878418,
        "min": 145.14541626,
        "var": 425541.8125
    },
    "spectral_complexity": {
        "dmean": 2.39925122261,
        "dmean2": 3.86508274078,
        "dvar": 7.68847703934,
        "dvar2": 17.4003276825,
        "max": 50,
        "mean": 14.1658506393,
        "median": 13,
        "min": 0,
        "var": 41.4602394104
    },
    "spectral_decrease": {
        "dmean": 3.02735148061e-09,
        "dmean2": 4.99951235966e-09,
        "dvar": 2.21992363506e-17,
        "dvar2": 5.80109108947e-17,
        "max": 1.35316915104e-18,
        "mean": -8.91017748472e-09,
        "median": -7.68484476055e-09,
        "min": -5.21217629057e-08,
        "var": 3.41932874038e-17
    },
    "spectral_energy": {
        "dmean": 0.0116925910115,
        "dmean2": 0.0192609969527,
        "dvar": 0.000320976861985,
        "dvar2": 0.000838428852148,
        "max": 0.198752120137,
        "mean": 0.0353581272066,
        "median": 0.0310488082469,
        "min": 1.04442142508e-20,
        "var": 0.000509007601067
    },
    "spectral_energyband_high": {
        "dmean": 0.000140831572935,
        "dmean2": 0.000205030664802,
        "dvar": 6.68181030505e-08,
        "dvar2": 1.29917708591e-07,
        "max": 0.00999645795673,
        "mean": 0.00028740990092,
        "median": 0.000119982287288,
        "min": 7.28009331147e-21,
        "var": 2.07181798828e-07
    },
    "spectral_energyband_low": {
        "dmean": 0.00920395739377,
        "dmean2": 0.0154313482344,
        "dvar": 0.000343512190739,
        "dvar2": 0.000884045381099,
        "max": 0.188593193889,
        "mean": 0.015549775213,
        "median": 0.00901129841805,
        "min": 9.73223504787e-23,
        "var": 0.000437684997451
    },
    "spectral_energyband_middle_high": {
        "dmean": 0.00134600047022,
        "dmean2": 0.00205495464616,
        "dvar": 5.55944279768e-06,
        "dvar2": 1.2378755855e-05,
        "max": 0.0702900215983,
        "mean": 0.00483596371487,
        "median": 0.00254472717643,
        "min": 1.43393920034e-21,
        "var": 3.39261241606e-05
    },
    "spectral_energyband_middle_low": {
        "dmean": 0.00448046019301,
        "dmean2": 0.00712027447298,
        "dvar": 3.04475124722e-05,
        "dvar2": 8.06735188235e-05,
        "max": 0.0857907906175,
        "mean": 0.0156656894833,
        "median": 0.0127952927724,
        "min": 5.10128554259e-22,
        "var": 0.000134952817461
    },
    "spectral_entropy": {
        "dmean": 0.229182630777,
        "dmean2": 0.337768703699,
        "dvar": 0.0692340359092,
        "dvar2": 0.145940035582,
        "max": 9.7941827774,
        "mean": 6.78092813492,
        "median": 6.81049537659,
        "min": 4.53726243973,
        "var": 0.369405537844
    },
    "spectral_flux": {
        "dmean": 0.0278940536082,
        "dmean2": 0.0449151284993,
        "dvar": 0.00123222952243,
        "dvar2": 0.00292222946882,
        "max": 0.37360522151,
        "mean": 0.0793874487281,
        "median": 0.0661867856979,
        "min": 1.02196938412e-10,
        "var": 0.0025121094659
    },
    "spectral_kurtosis": {
        "dmean": 5.0289182663,
        "dmean2": 8.16079711914,
        "dvar": 55.1836891174,
        "dvar2": 136.214660645,
        "max": 180.27355957,
        "mean": 14.8187141418,
        "median": 8.29973697662,
        "min": -1.24051117897,
        "var": 318.181518555
    },
    "spectral_rms": {
        "dmean": 0.000883195374627,
        "dmean2": 0.00143629533704,
        "dvar": 1.24387486267e-06,
        "dvar2": 3.16781779475e-06,
        "max": 0.013924960047,
        "mean": 0.00559598766267,
        "median": 0.00550377322361,
        "min": 3.19209611001e-12,
        "var": 3.1802662761e-06
    },
    "spectral_rolloff": {
        "dmean": 253.993911743,
        "dmean2": 441.597442627,
        "dvar": 355661,
        "dvar2": 873328.3125,
        "max": 18927.6855469,
        "mean": 1019.33270264,
        "median": 710.595703125,
        "min": 64.599609375,
        "var": 1638356.375
    },
    "spectral_skewness": {
        "dmean": 0.431040525436,
        "dmean2": 0.683219969273,
        "dvar": 0.255951821804,
        "dvar2": 0.60993283987,
        "max": 10.6047239304,
        "mean": 2.54521751404,
        "median": 2.06867814064,
        "min": -0.0341311953962,
        "var": 2.01571941376
    },
    "spectral_spread": {
        "dmean": 656143.6875,
        "dmean2": 866395.5625,
        "dvar": 1.05186557952e+12,
        "dvar2": 1.56590040678e+12,
        "max": 42055936,
        "mean": 3521332,
        "median": 2883074,
        "min": 591655.25,
        "var": 3.87030869606e+12
    },
    "spectral_strongpeak": {
        "dmean": 0.689328193665,
        "dmean2": 1.18221783638,
        "dvar": 1.78248441219,
        "dvar2": 4.23948144913,
        "max": 23.495300293,
        "mean": 1.43849849701,
        "median": 0.668740570545,
        "min": 0,
        "var": 3.81620550156
    },
    "zerocrossingrate": {
        "dmean": 0.00746742356569,
        "dmean2": 0.0088576823473,
        "dvar": 9.60323886829e-05,
        "dvar2": 0.000118767202366,
        "max": 0.52294921875,
        "mean": 0.0416017249227,
        "median": 0.03369140625,
        "min": 0.00341796875,
        "var": 0.00115448981524
    },
    "barkbands": {
        "dmean": [0.000217694236198, 0.00798827689141, 0.00212308275513, 0.000666618230753, 0.00145552342292, 0.00199074856937, 0.000636266428046, 0.000329007656546, 0.0012126499787, 0.000552942801733, 0.000215211519389, 0.000152923850692, 0.000172563304659, 0.000179838360054, 0.00014785125677, 0.000504352559801, 0.000332205672748, 0.000212476195884, 0.000112675217679, 7.58582318667e-05, 4.3988780817e-05, 1.33240828291e-05, 9.60534453043e-06, 1.64621342265e-05, 2.15793115785e-05, 2.43820668402e-05, 2.15686359297e-05],
        "dmean2": [0.000328741793055, 0.0134901218116, 0.00380464061163, 0.00117408484221, 0.00242142099887, 0.00322071323171, 0.000996978604235, 0.000535504892468, 0.00173746631481, 0.000851237971801, 0.000332193565555, 0.000239651810261, 0.000267886731308, 0.000276099803159, 0.000222363261855, 0.000772605184466, 0.000488597375806, 0.000326116831275, 0.000170212792, 0.00011577000987, 6.78193682688e-05, 2.04962507269e-05, 1.42487197081e-05, 2.52510562859e-05, 3.11760340992e-05, 3.54661424353e-05, 3.06460788124e-05],
        "dvar": [3.89814658774e-07, 0.000282473629341, 2.72954512184e-05, 1.27350858747e-06, 7.90980084275e-06, 1.31432207127e-05, 2.00214526558e-06, 1.14950705665e-06, 1.00949528132e-05, 2.06728782359e-06, 3.42819134858e-07, 2.29091284609e-07, 2.80603700276e-07, 2.24797119586e-07, 1.66688693071e-07, 2.41603652285e-06, 9.31249815039e-07, 3.10541935278e-07, 8.37948945787e-08, 5.2671353501e-08, 1.30504833606e-08, 8.96996976696e-10, 4.34356328682e-10, 2.95324942279e-09, 2.72694333781e-09, 4.03236288804e-09, 4.28719104661e-09],
        "dvar2": [8.59706972278e-07, 0.000756904657464, 7.88606412243e-05, 3.75095760319e-06, 2.15509426198e-05, 3.8269929064e-05, 4.58855038232e-06, 2.99946191262e-06, 1.89976672118e-05, 4.43332010036e-06, 8.29257885471e-07, 5.73236150103e-07, 6.57765951928e-07, 5.04952481606e-07, 3.27331633798e-07, 5.24832739757e-06, 1.89284344287e-06, 7.08221534751e-07, 1.68580527315e-07, 1.01218589066e-07, 2.90919537349e-08, 2.06856509699e-09, 9.84389236791e-10, 7.51418305356e-09, 5.55950574466e-09, 7.60552154588e-09, 7.64170504652e-09],
        "max": [0.00893415231258, 0.176682621241, 0.0673427805305, 0.0310343541205, 0.0481515266001, 0.0788523107767, 0.0300608165562, 0.031531598419, 0.0775929540396, 0.0376108959317, 0.0199831482023, 0.0181602258235, 0.0260037221014, 0.0135343978181, 0.022168841213, 0.0660375803709, 0.041422508657, 0.0165598504245, 0.00884658750147, 0.0153553038836, 0.00619843788445, 0.0015216859756, 0.000641475839075, 0.00410318188369, 0.000645158695988, 0.0014430123847, 0.00100185384508],
        "mean": [0.000265811744612, 0.0109891202301, 0.00363720604219, 0.00133732205722, 0.00316722178832, 0.00512798456475, 0.00154048437253, 0.000628945999779, 0.00305696041323, 0.00117809930816, 0.000375253846869, 0.000334796670359, 0.000344443047652, 0.000360731326509, 0.000319846934872, 0.000975508824922, 0.000675420160405, 0.000400015880587, 0.000230969613767, 0.000165349061717, 0.000100647004729, 2.48501710303e-05, 1.53827713802e-05, 2.37899294007e-05, 2.82015189441e-05, 3.00190367852e-05, 2.37262138398e-05],
        "median": [6.48601708235e-05, 0.0049959057942, 0.00211234390736, 0.000846843642648, 0.00200965348631, 0.00200143223628, 0.000368439767044, 0.000108579006337, 0.000454426772194, 0.000237050757278, 0.000101654572063, 7.9387857113e-05, 6.88526124577e-05, 8.23710288387e-05, 7.03276600689e-05, 0.000133903449751, 9.3368376838e-05, 8.9600274805e-05, 4.53757529613e-05, 3.24475840898e-05, 2.91983415082e-05, 7.98769724497e-06, 3.42475414072e-06, 3.52588403985e-06, 2.39310679717e-06, 1.09104280455e-06, 7.29370128738e-07],
        "min": [7.6315697703e-24, 8.59437387403e-23, 2.69167308357e-24, 1.53539768738e-23, 9.76841788879e-23, 8.33940708749e-23, 5.53503749277e-23, 1.11741352053e-22, 1.29912643098e-22, 8.81807841844e-23, 3.15765779567e-23, 5.21892893737e-23, 1.17945143538e-22, 1.99101146605e-22, 1.23251021987e-22, 1.91358520997e-22, 9.00228816832e-23, 2.19991445553e-22, 1.51431784094e-22, 4.11652459997e-22, 4.18555207487e-22, 4.88557386309e-22, 6.48291142569e-22, 7.60502554747e-22, 1.17305964256e-21, 1.69604902772e-21, 2.13471869892e-21],
        "var": [4.77231026252e-07, 0.00032779952744, 2.57773263002e-05, 2.55692566498e-06, 1.67395755852e-05, 6.25537650194e-05, 9.51464153331e-06, 2.73733394351e-06, 6.17678815615e-05, 8.14676059235e-06, 1.00191448382e-06, 1.01334853753e-06, 9.21038065371e-07, 7.23659354662e-07, 7.09693836143e-07, 7.00564669387e-06, 3.66356130144e-06, 7.08430661689e-07, 2.68550365945e-07, 2.1420949281e-07, 4.77622812411e-08, 2.46442466434e-09, 1.19387444375e-09, 5.98599081414e-09, 4.5169294971e-09, 5.92455773329e-09, 5.91331783539e-09]
    },
    "erbbands": {
        "dmean": [0.212929785252, 1.90884387493, 2.84174633026, 2.05864882469, 3.29623556137, 5.72248983383, 6.95533466339, 19.9961051941, 12.3645324707, 8.41035079956, 7.32660245895, 17.3346233368, 34.562789917, 9.64510440826, 7.44451713562, 6.42751646042, 7.58469963074, 9.05079460144, 8.32207202911, 7.78290128708, 33.6783065796, 15.3970756531, 9.58769989014, 9.49983024597, 4.94367361069, 3.35986375809, 1.52362883091, 1.68746852875, 0.511145591736, 0.260506778955, 0.279080539942, 0.288782596588, 0.303193688393, 0.247833743691, 0.150759398937, 0.0942709073424, 0.0447695739567, 0.0178546030074, 0.00410614488646, 0.000176743968041],
        "dmean2": [0.341098845005, 3.25884914398, 4.98254966736, 3.64970636368, 5.62794494629, 9.52652645111, 11.2569169998, 31.8124752045, 20.3057346344, 12.871840477, 11.9925394058, 25.7342128754, 50.0116500854, 14.9968109131, 11.5752429962, 10.0575342178, 11.721745491, 13.8818998337, 12.4953527451, 12.0368652344, 51.0851478577, 22.9504089355, 14.7098674774, 14.2971057892, 7.55144405365, 5.14838504791, 2.35997080803, 2.58341765404, 0.792611658573, 0.399336159229, 0.421787649393, 0.451601475477, 0.465853631496, 0.359343290329, 0.218291267753, 0.138034269214, 0.0668212771416, 0.0249872002751, 0.00582201778889, 0.000254660903011],
        "dvar": [0.197295919061, 17.3554706573, 46.7806015015, 15.5474901199, 43.7459373474, 128.104003906, 167.177764893, 1577.80981445, 561.153625488, 556.081604004, 560.472351074, 1867.81713867, 7249.77490234, 847.338928223, 382.754302979, 474.337463379, 491.45993042, 661.09777832, 631.075744629, 401.546936035, 10301.4882812, 2060.85546875, 648.812744141, 719.867370605, 173.58782959, 69.2570800781, 12.1785812378, 24.6915607452, 1.30648994446, 0.329674214125, 0.361613959074, 0.567029237747, 0.957379043102, 0.38513481617, 0.125756084919, 0.0576029643416, 0.0145589122549, 0.00265456060879, 0.0001545738196, 2.65905271135e-07],
        "dvar2": [0.543813705444, 46.1760177612, 131.120178223, 45.352268219, 118.63533783, 351.127563477, 438.866241455, 4391.33203125, 1483.11071777, 1313.92358398, 1462.06848145, 4029.63818359, 14975.0996094, 2058.62011719, 988.015380859, 1199.43103027, 1083.63842773, 1524.79821777, 1276.27160645, 933.180664062, 22310.1191406, 4392.26318359, 1463.81872559, 1527.69665527, 350.330749512, 143.827972412, 28.0411605835, 52.5263938904, 3.06780552864, 0.709261238575, 0.823777198792, 1.41321182251, 2.34731435776, 0.813456714153, 0.242453113198, 0.117467328906, 0.0265660416335, 0.00501311803237, 0.000272119475994, 4.49314285333e-07],
        "max": [4.06056165695, 42.5836486816, 86.0080184937, 77.6356811523, 181.804351807, 266.460205078, 347.29296875, 957.964660645, 494.696807861, 735.723388672, 503.869659424, 892.785339355, 2010.04882812, 1604.85302734, 779.74395752, 933.922912598, 1130.76538086, 893.108764648, 1318.11999512, 778.289123535, 4559.58544922, 2294.58081055, 817.351928711, 968.218994141, 716.666564941, 263.973815918, 114.490982056, 346.507385254, 55.7617492676, 17.7203292847, 18.648809433, 46.1533508301, 72.7191390991, 15.975353241, 6.19745540619, 6.73791646957, 2.30543541908, 0.75565546751, 0.190421953797, 0.00827281922102],
        "mean": [0.267021119595, 2.59019684792, 4.90057277679, 4.21519804001, 6.45731687546, 11.9172277451, 16.666021347, 51.9460105896, 31.3244724274, 19.6388454437, 14.5226011276, 42.0574531555, 94.0007095337, 20.9624252319, 14.5968780518, 14.9965782166, 16.2561740875, 19.5529441833, 18.7166137695, 16.8339080811, 70.2927017212, 34.1919975281, 20.9616546631, 18.7749462128, 11.394194603, 7.3390917778, 3.49863576889, 3.71200919151, 1.08376228809, 0.44395917654, 0.450851470232, 0.403185635805, 0.440738022327, 0.322693556547, 0.203029125929, 0.118316553533, 0.0548019371927, 0.0195425376296, 0.00456302473322, 0.000233801722061],
        "median": [0.073312856257, 1.23311781883, 2.76367855072, 2.97225570679, 4.66708707809, 6.32879686356, 9.01251125336, 17.6513538361, 10.627573967, 5.17156124115, 3.84125733376, 9.95009803772, 16.1507453918, 8.0327167511, 5.87971687317, 4.32229566574, 3.98521184921, 5.3687505722, 4.71977519989, 5.84250736237, 12.0771284103, 7.59476137161, 5.71033573151, 4.40319538116, 2.56340003014, 1.70833456516, 1.0676035881, 1.07470846176, 0.392115175724, 0.113084375858, 0.105460189283, 0.0749250650406, 0.0588925853372, 0.0330432578921, 0.0149486260489, 0.00593751389533, 0.00165409292094, 0.000411947607063, 0.000147471146192, 5.13082995894e-05],
        "min": [3.82569862005e-21, 1.38140454766e-20, 6.29640713818e-21, 1.96165672241e-20, 7.1560822971e-20, 4.91535070108e-19, 5.99678492044e-19, 6.44525588219e-19, 8.91427937525e-19, 1.23704653812e-18, 2.50348507815e-18, 3.05646503702e-18, 2.78953798925e-18, 2.13241330293e-18, 1.66869078505e-18, 2.43904026381e-18, 5.89024436774e-18, 6.82411349493e-18, 1.02963207486e-17, 7.96946416702e-18, 8.50545735162e-18, 5.83488944115e-18, 1.1641615864e-17, 9.67693121463e-18, 8.30701424112e-18, 2.32699852576e-17, 1.39552813963e-17, 2.00978468702e-17, 1.87056307617e-17, 1.65718919018e-17, 1.78646891725e-17, 1.39960216959e-17, 1.55853979577e-17, 1.08261390299e-17, 8.83233596864e-18, 7.08677890818e-18, 2.96421537356e-18, 1.10128645066e-18, 2.93873671143e-19, 3.06005612532e-20],
        "var": [0.274464726448, 17.945514679, 46.7530288696, 20.7961807251, 63.8076896667, 314.24597168, 620.981994629, 8100.08251953, 2630.00292969, 2197.55395508, 1279.10766602, 8616.68457031, 43566.8671875, 2491.2097168, 1111.29516602, 2218.86743164, 1630.02270508, 2413.8046875, 2482.6809082, 1192.28759766, 32344.7597656, 7220.99462891, 1716.2043457, 1758.71179199, 713.40447998, 220.826080322, 40.6816711426, 92.1494598389, 4.91556072235, 0.927187621593, 1.02230513096, 1.04389750957, 1.93370425701, 0.646776556969, 0.226374790072, 0.0837321206927, 0.0213889759034, 0.00359475426376, 0.000216961518163, 3.85413642334e-07]
    },
    "gfcc": {
        "mean": [-29.7421951294, 128.749542236, -100.637641907, 16.2400856018, -32.9061317444, -6.1364197731, -28.3835792542, 7.56470489502, -18.4170303345, -2.65169811249, -12.3733625412, 1.01501333714, 0.388241738081],
        "cov": [[7482.52978516, -2142.51074219, -899.469299316, 1275.91687012, -65.319480896, 376.621398926, -208.76965332, 563.124633789, -175.357086182, 212.664764404, -365.838317871, 93.7916488647, -39.4591331482], [-2142.51074219, 2244.76806641, -40.6041259766, -424.444274902, 191.471252441, -296.467468262, 180.933380127, -303.945983887, 140.668884277, -157.328231812, 206.223312378, -114.167572021, 104.026733398], [-899.469299316, -40.6041259766, 1920.93151855, -533.905090332, -5.50906324387, 335.038879395, -107.108055115, -15.2529811859, -23.2049236298, 103.686439514, 59.1089744568, 150.333877563, -125.955696106], [1275.91687012, -424.444274902, -533.905090332, 809.925109863, 93.6601638794, 48.7010574341, 47.4855270386, 136.743515015, -23.6718235016, 19.8813095093, -41.6854972839, -28.8041648865, 39.0636825562], [-65.319480896, 191.471252441, -5.50906324387, 93.6601638794, 318.468109131, 5.68882465363, 93.8028335571, 0.473962247372, 15.6477994919, 4.17011880875, 8.83510684967, 12.634595871, 14.3148641586], [376.621398926, -296.467468262, 335.038879395, 48.7010574341, 5.68882465363, 289.784851074, -13.272362709, 84.6149215698, -35.6964683533, 41.4930267334, -20.313293457, 29.9338321686, -48.8657989502], [-208.76965332, 180.933380127, -107.108055115, 47.4855270386, 93.8028335571, -13.272362709, 190.750930786, 25.9477024078, 43.4103965759, -42.4801979065, -16.6382274628, -29.6815814972, 28.0873680115], [563.124633789, -303.945983887, -15.2529811859, 136.743515015, 0.473962247372, 84.6149215698, 25.9477024078, 206.20199585, 30.4895935059, 22.4878864288, -77.9352493286, 3.47025799751, 13.2807836533], [-175.357086182, 140.668884277, -23.2049236298, -23.6718235016, 15.6477994919, -35.6964683533, 43.4103965759, 30.4895935059, 114.110351562, 22.2770385742, 7.70522069931, -18.411655426, 22.2825756073], [212.664764404, -157.328231812, 103.686439514, 19.8813095093, 4.17011880875, 41.4930267334, -42.4801979065, 22.4878864288, 22.2770385742, 126.394340515, 46.3678207397, 36.7172012329, -28.5093097687], [-365.838317871, 206.223312378, 59.1089744568, -41.6854972839, 8.83510684967, -20.313293457, -16.6382274628, -77.9352493286, 7.70522069931, 46.3678207397, 155.354721069, 45.0618743896, -6.55643367767], [93.7916488647, -114.167572021, 150.333877563, -28.8041648865, 12.634595871, 29.9338321686, -29.6815814972, 3.47025799751, -18.411655426, 36.7172012329, 45.0618743896, 111.500419617, 24.1460132599], [-39.4591331482, 104.026733398, -125.955696106, 39.0636825562, 14.3148641586, -48.8657989502, 28.0873680115, 13.2807836533, 22.2825756073, -28.5093097687, -6.55643367767, 24.1460132599, 109.985397339]],
        "icov": [[0.000322497537127, -5.28062118974e-05, 0.000196761262487, -0.000347139983205, 0.000103434744233, -0.000219500157982, 0.000293722405331, -0.000315657642204, 0.000268564530415, -0.00055694981711, 0.000890058174264, -0.000761019939091, 0.000387748994399], [-5.28062118974e-05, 0.00130373053253, -0.000221795795369, 0.000564887712244, -0.000816170417238, 0.000368142063962, -0.000305968162138, 0.000712813984137, -0.000910853850655, 0.00146868079901, -0.00234214426018, 0.00235973950475, -0.00153726479039], [0.000196761262487, -0.000221795795369, 0.00119751575403, 0.000368356937543, -1.62240521604e-05, -0.00135013798717, 0.000468074867968, -0.000104900449514, -0.000188529767911, -0.000526223389897, 0.00100412801839, -0.00194444588851, 0.0012048589997], [-0.000347139983205, 0.000564887712244, 0.000368356937543, 0.0026660382282, -0.00105119636282, -0.000314127304591, -0.000415732210968, -0.000692246365361, 0.000614644028246, 0.000308760529151, -0.00227651838213, 0.00246893893927, -0.00171910098288], [0.000103434744233, -0.000816170417238, -1.62240521604e-05, -0.00105119636282, 0.00456181820482, -0.000157388640218, -0.00205037975684, 0.000367187865777, 0.000489076250233, -0.00166670035105, 0.00202348874882, -0.00264124502428, 0.00114882190246], [-0.000219500157982, 0.000368142063962, -0.00135013798717, -0.000314127304591, -0.000157388640218, 0.0065043498762, -0.000997536699288, -0.00209628464654, 0.00198458204977, -0.00013871245028, -0.0012040232541, 0.00105561979581, 0.000815089268144], [0.000293722405331, -0.000305968162138, 0.000468074867968, -0.000415732210968, -0.00205037975684, -0.000997536699288, 0.00856604706496, -0.0013894966105, -0.00264693330973, 0.0026876302436, 0.000337988254614, 3.86214633181e-05, 0.000126956918393], [-0.000315657642204, 0.000712813984137, -0.000104900449514, -0.000692246365361, 0.000367187865777, -0.00209628464654, -0.0013894966105, 0.0104230549186, -0.00449036061764, -0.000594218494371, 0.00355179398321, -0.000897467078175, -0.00138015521225], [0.000268564530415, -0.000910853850655, -0.000188529767911, 0.000614644028246, 0.000489076250233, 0.00198458204977, -0.00264693330973, -0.00449036061764, 0.0157079342753, -0.00678228540346, -0.000189132173546, 0.00369879277423, -0.00320379645564], [-0.00055694981711, 0.00146868079901, -0.000526223389897, 0.000308760529151, -0.00166670035105, -0.00013871245028, 0.0026876302436, -0.000594218494371, -0.00678228540346, 0.0168092194945, -0.00732064200565, -0.000549999938812, 0.00265500298701], [0.000890058174264, -0.00234214426018, 0.00100412801839, -0.00227651838213, 0.00202348874882, -0.0012040232541, 0.000337988254614, 0.00355179398321, -0.000189132173546, -0.00732064200565, 0.0177313126624, -0.0108316987753, 0.00475527206436], [-0.000761019939091, 0.00235973950475, -0.00194444588851, 0.00246893893927, -0.00264124502428, 0.00105561979581, 3.86214633181e-05, -0.000897467078175, 0.00369879277423, -0.000549999938812, -0.0108316987753, 0.0229491721839, -0.0112731792033], [0.000387748994399, -0.00153726479039, 0.0012048589997, -0.00171910098288, 0.00114882190246, 0.000815089268144, 0.000126956918393, -0.00138015521225, -0.00320379645564, 0.00265500298701, 0.00475527206436, -0.0112731792033, 0.0171180870384]]
    },
    "melbands": {
        "dmean": [0.00208699447103, 0.0018251958536, 0.000369495945051, 0.000326225039316, 0.000239152592258, 0.000423774996307, 0.000187155019375, 8.59623833094e-05, 5.59622967558e-05, 0.000147138009197, 0.000172646716237, 3.79223893106e-05, 3.0412013075e-05, 1.86783017853e-05, 1.55501384143e-05, 1.72721447598e-05, 1.75797358679e-05, 1.4070816178e-05, 9.20554521144e-06, 1.88432914001e-05, 4.43469507445e-05, 1.81763716682e-05, 1.25918386402e-05, 1.01579162219e-05, 8.14374652691e-06, 3.78493018616e-06, 3.77635524274e-06, 2.08513733924e-06, 9.13510234568e-07, 1.35654636324e-06, 9.96630774353e-07, 3.27505006226e-07, 1.85550121046e-07, 1.49213363443e-07, 1.64412313097e-07, 1.78621093028e-07, 1.92514264086e-07, 2.23598945581e-07, 2.38370930106e-07, 2.06268737202e-07],
        "dmean2": [0.00346310692839, 0.00311362673528, 0.000652545772027, 0.000547833216842, 0.000386749801692, 0.000678649928886, 0.00030614840216, 0.000132573521114, 9.21978862607e-05, 0.000214274637983, 0.000249343633186, 5.95861238253e-05, 4.6949753596e-05, 2.91761407425e-05, 2.41687921516e-05, 2.68612639047e-05, 2.69032188953e-05, 2.12415543501e-05, 1.39946514537e-05, 2.92941895168e-05, 6.72763999319e-05, 2.70096534223e-05, 1.92657571461e-05, 1.54905974341e-05, 1.22653364087e-05, 5.8122941482e-06, 5.74452906221e-06, 3.21442075801e-06, 1.43935210417e-06, 2.10413509194e-06, 1.52545783294e-06, 5.18579327036e-07, 2.85840400238e-07, 2.34928933196e-07, 2.55236727753e-07, 2.77820163319e-07, 3.12180304718e-07, 3.48059643329e-07, 3.60321877224e-07, 2.98832361523e-07],
        "dvar": [1.87964888028e-05, 1.63102395163e-05, 4.30516450933e-07, 4.5743922783e-07, 1.91484687662e-07, 6.73427393849e-07, 1.21396411146e-07, 5.53705064021e-08, 3.41589796449e-08, 1.36205343892e-07, 1.79589264349e-07, 1.50409977806e-08, 7.2442785104e-09, 3.08666181503e-09, 1.96253324702e-09, 2.77088396672e-09, 2.56148324773e-09, 1.83405557408e-09, 4.99543628685e-10, 3.97241484151e-09, 1.77844707849e-08, 3.67477159813e-09, 1.21938381614e-09, 6.83782863664e-10, 5.82809744909e-10, 9.36626817771e-11, 1.6855172813e-10, 2.69582568074e-11, 4.71809744051e-12, 1.31856279367e-11, 1.46467855205e-11, 5.26720702644e-13, 1.68630666614e-13, 1.33146071208e-13, 1.2724151973e-13, 1.72178298095e-13, 3.79734817809e-13, 8.75425654277e-13, 4.56431387911e-13, 2.95833263485e-13],
        "dvar2": [5.09801793669e-05, 4.33273380622e-05, 1.2521845747e-06, 1.2478330973e-06, 5.10986012614e-07, 1.9205042463e-06, 3.23114022649e-07, 1.34737376811e-07, 8.96165488484e-08, 2.69998025715e-07, 3.67714051208e-07, 3.66838222021e-08, 1.83585733282e-08, 7.32670946135e-09, 4.57455850977e-09, 6.5995844345e-09, 5.75036018802e-09, 3.94721366703e-09, 1.08748643424e-09, 9.22262710645e-09, 3.89817884638e-08, 7.73107444729e-09, 2.6969053657e-09, 1.49201961896e-09, 1.23241272743e-09, 2.01922950582e-10, 3.15602322054e-10, 5.6527643677e-11, 1.13429118528e-11, 3.05361569364e-11, 3.12002819414e-11, 1.23823683511e-12, 4.05562844592e-13, 3.08485658893e-13, 2.94851572628e-13, 4.0600563276e-13, 9.99700647784e-13, 2.31095177716e-12, 1.02012972722e-12, 6.29839279689e-13],
        "max": [0.0461412109435, 0.0500040017068, 0.0128972437233, 0.00991667807102, 0.011970711872, 0.0190296377987, 0.00720117427409, 0.00659842416644, 0.00385985407047, 0.00856294296682, 0.00994589459151, 0.00678163068369, 0.00327672273852, 0.00216123904102, 0.001388363773, 0.00268043740653, 0.00165884522721, 0.00188271375373, 0.000965729181189, 0.00282455398701, 0.00611032592133, 0.00270773679949, 0.000900990678929, 0.000768736121245, 0.000839135842398, 0.000285907153739, 0.000936407479458, 0.000143783792737, 7.16986396583e-05, 0.000153410248458, 0.000314662436722, 2.48324759013e-05, 1.57497979671e-05, 1.29591680889e-05, 1.21166203826e-05, 1.04061327875e-05, 4.75204069517e-05, 8.16901592771e-05, 4.78795045638e-05, 8.22518632049e-06],
        "mean": [0.00277236895636, 0.00298769166693, 0.000804469687864, 0.000657233293168, 0.000588611408602, 0.00110186822712, 0.000471970997751, 0.000191715880646, 0.000102076177427, 0.000369378627511, 0.000469097867608, 7.34617060516e-05, 5.46760384168e-05, 4.05924110964e-05, 3.22041705658e-05, 3.59114565072e-05, 3.58572142432e-05, 2.93289704132e-05, 1.99435507966e-05, 3.37519049936e-05, 9.13576950552e-05, 3.56569435098e-05, 2.3586453608e-05, 1.89331094589e-05, 1.49000625242e-05, 7.793887562e-06, 8.05269792181e-06, 3.9254218791e-06, 1.79712765203e-06, 2.58843260781e-06, 2.0304651116e-06, 6.20914590854e-07, 3.06923539029e-07, 2.18565162413e-07, 2.58073185933e-07, 2.56762888284e-07, 2.47799135877e-07, 3.14293828296e-07, 3.13071211622e-07, 2.60423547616e-07],
        "median": [0.00110477814451, 0.00174904079176, 0.00065120391082, 0.000428549188655, 0.000328038120642, 0.000388632412069, 0.000157265749294, 4.41704360128e-05, 2.00567337743e-05, 6.75029295962e-05, 7.808067312e-05, 2.11174919968e-05, 1.730781878e-05, 1.0008213394e-05, 6.91379591444e-06, 8.21413050289e-06, 7.75662374508e-06, 5.53661902813e-06, 5.01001613884e-06, 6.67521362629e-06, 1.32015775307e-05, 5.25480390934e-06, 3.83875703847e-06, 4.11870314565e-06, 2.72284569292e-06, 1.52661073116e-06, 1.51160327277e-06, 7.50008098294e-07, 4.9014755632e-07, 6.39083168608e-07, 4.9562845561e-07, 2.03855819336e-07, 7.31216260874e-08, 4.00509279075e-08, 5.88480766339e-08, 5.79179584292e-08, 3.47565745074e-08, 4.18476062691e-08, 3.12375334488e-08, 2.40826878439e-08],
        "min": [2.84800654009e-23, 8.02447929908e-24, 5.22928991538e-24, 1.77835185783e-23, 2.27486091158e-23, 1.58431652984e-23, 1.31342319382e-23, 1.66887800126e-23, 2.04948492868e-23, 1.90758289355e-23, 1.43525826412e-23, 9.53688815974e-24, 4.5454555845e-24, 6.12440683466e-24, 9.92838089434e-24, 1.12750114246e-23, 1.33567483003e-23, 1.93376818467e-23, 9.75377205499e-24, 1.25750352638e-23, 8.37087127801e-24, 4.98214807681e-24, 6.76168732808e-24, 1.43899998917e-23, 6.92052289363e-24, 4.51322351677e-24, 9.78542036565e-24, 1.62803677893e-23, 8.043632053e-24, 9.44891754703e-24, 1.17648467151e-23, 9.26147157418e-24, 1.08675063914e-23, 9.02405994044e-24, 1.06501949335e-23, 8.56396155064e-24, 8.54283743332e-24, 1.22425516915e-23, 9.99965842143e-24, 8.18764255555e-24],
        "var": [2.38119100686e-05, 1.70132570929e-05, 6.1502760218e-07, 7.24969254406e-07, 7.25362440335e-07, 3.36765310749e-06, 5.67305050936e-07, 2.04142580174e-07, 7.20149841982e-08, 7.82792994869e-07, 1.09200834686e-06, 4.29311768357e-08, 2.05847321411e-08, 1.27587131971e-08, 7.22323623137e-09, 9.42678646254e-09, 9.09573483199e-09, 6.2170926185e-09, 2.04223504774e-09, 7.97212162951e-09, 5.69788802807e-08, 1.27115358239e-08, 3.36033734172e-09, 1.67967817433e-09, 1.37031119785e-09, 3.22657067731e-10, 7.1731892648e-10, 7.08466479926e-11, 1.26788345448e-11, 3.70152866691e-11, 5.48540345091e-11, 1.51088711854e-12, 4.96155742359e-13, 2.79747931634e-13, 3.49061193361e-13, 3.26415408375e-13, 6.05584050788e-13, 1.35957456231e-12, 9.81953559263e-13, 4.40987307435e-13]
    },
    "mfcc": {
        "mean": [-686.018737793, 169.185836792, -3.29513597488, 32.0989837646, 11.9681568146, -3.36483407021, 2.89074134827, 2.37953972816, 5.61039161682, -2.59028887749, -4.89894771576, -0.240895062685, -4.79443502426],
        "cov": [[5652.65820312, -2117.81811523, -1080.68457031, 719.850341797, 114.631095886, -16.439453125, 73.5041656494, 100.903465271, 318.488342285, 109.213554382, 14.8890180588, 72.9746322632, -131.47605896], [-2117.81811523, 2193.015625, 217.931716919, -263.112792969, -9.77615356445, 20.4831295013, -31.9036312103, -63.1880950928, -125.219215393, -46.830078125, -10.5603990555, -41.2510223389, 36.0793571472], [-1080.68457031, 217.931716919, 1374.41101074, -433.259063721, 146.69052124, 108.566825867, 24.1149196625, 42.6730537415, -105.192298889, 21.0187492371, 62.4452514648, -45.7838096619, 105.357215881], [719.850341797, -263.112792969, -433.259063721, 530.567749023, 51.8293571472, 22.6587791443, 67.0617294312, 34.491104126, 99.0013885498, 18.461938858, -8.51912403107, 55.1903877258, -41.6179542542], [114.631095886, -9.77615356445, 146.69052124, 51.8293571472, 206.514556885, 76.7377243042, 53.3442192078, 31.4623565674, 8.84121227264, 7.97657632828, 21.3899917603, 12.9108257294, 30.4879169464], [-16.439453125, 20.4831295013, 108.566825867, 22.6587791443, 76.7377243042, 148.873138428, 69.4215011597, 28.5028743744, -10.9051103592, 3.57539749146, 22.8239574432, 19.2599620819, 12.0783529282], [73.5041656494, -31.9036312103, 24.1149196625, 67.0617294312, 53.3442192078, 69.4215011597, 125.45349884, 65.4261474609, 16.8949813843, 2.50747513771, 16.3657093048, 15.2357854843, -5.07889938354], [100.903465271, -63.1880950928, 42.6730537415, 34.491104126, 31.4623565674, 28.5028743744, 65.4261474609, 130.479766846, 75.3651199341, 25.0621089935, 2.1006360054, -8.25757217407, -7.10541009903], [318.488342285, -125.219215393, -105.192298889, 99.0013885498, 8.84121227264, -10.9051103592, 16.8949813843, 75.3651199341, 164.440475464, 72.6417922974, -5.46363162994, -19.871843338, -29.8380737305], [109.213554382, -46.830078125, 21.0187492371, 18.461938858, 7.97657632828, 3.57539749146, 2.50747513771, 25.0621089935, 72.6417922974, 110.844703674, 40.7920265198, -13.3315382004, -21.2608757019], [14.8890180588, -10.5603990555, 62.4452514648, -8.51912403107, 21.3899917603, 22.8239574432, 16.3657093048, 2.1006360054, -5.46363162994, 40.7920265198, 94.1664581299, 42.1175842285, -5.46035528183], [72.9746322632, -41.2510223389, -45.7838096619, 55.1903877258, 12.9108257294, 19.2599620819, 15.2357854843, -8.25757217407, -19.871843338, -13.3315382004, 42.1175842285, 113.266448975, 47.2947006226], [-131.47605896, 36.0793571472, 105.357215881, -41.6179542542, 30.4879169464, 12.0783529282, -5.07889938354, -7.10541009903, -29.8380737305, -21.2608757019, -5.46035528183, 47.2947006226, 133.49647522]],
