{
"lowlevel": {
    "average_loudness": 0.956027507782,
    "barkbands_crest": {
        "dmean": 2.76761412621,
        "dmean2": 4.46493625641,
        "dvar": 7.0037984848,
        "dvar2": 16.2983512878,
        "max": 25.3069820404,
        "mean": 11.3987026215,
        "median": 10.5788383484,
        "min": 2.8300409317,
        "var": 18.9198036194
    },
    "barkbands_flatness_db": {
        "dmean": 0.0227270442992,
        "dmean2": 0.0362675786018,
        "dvar": 0.000521235517226,
        "dvar2": 0.00119695230387,
        "max": 0.617612957954,
        "mean": 0.174242883921,
        "median": 0.144241094589,
        "min": 0.0330902971327,
        "var": 0.0101374611259
    },
    "barkbands_kurtosis": {
        "dmean": 4.08995199203,
        "dmean2": 6.71453332901,
        "dvar": 38.0935287476,
        "dvar2": 93.8189239502,
        "max": 174.512039185,
        "mean": 8.04893493652,
        "median": 5.07402229309,
        "min": -1.93554484844,
        "var": 105.220977783
    },
    "barkbands_skewness": {
        "dmean": 0.587972164154,
        "dmean2": 0.939394235611,
        "dvar": 0.445364177227,
        "dvar2": 1.04310142994,
        "max": 9.68051433563,
        "mean": 2.13910222054,
        "median": 2.04859280586,
        "min": -3.09894371033,
        "var": 1.66721665859
    },
    "barkbands_spread": {
        "dmean": 5.10638332367,
        "dmean2": 8.34504318237,
        "dvar": 65.5398101807,
        "dvar2": 147.996612549,
        "max": 113.968528748,
        "mean": 17.5761547089,
        "median": 16.5654621124,
        "min": 0.38325291872,
        "var": 168.298370361
    },
    "dissonance": {
        "dmean": 0.0255512800068,
        "dmean2": 0.0429064594209,
        "dvar": 0.000643653504085,
        "dvar2": 0.00174731796142,
        "max": 0.500000119209,
        "mean": 0.438464313745,
        "median": 0.45118534565,
        "min": 0.0844359621406,
        "var": 0.00260025379248
    },
    "dynamic_complexity": 2.21463918686,
    "erbbands_crest": {
        "dmean": 2.69534230232,
        "dmean2": 4.30200338364,
        "dvar": 6.92351150513,
        "dvar2": 16.5895996094,
        "max": 31.7812843323,
        "mean": 11.4249000549,
        "median": 10.1578197479,
        "min": 2.39690423012,
        "var": 31.0451087952
    },
    "erbbands_flatness_db": {
        "dmean": 0.0178552791476,
        "dmean2": 0.0253484677523,
        "dvar": 0.000348164350726,
        "dvar2": 0.000645519874524,
        "max": 0.567420423031,
        "mean": 0.165051132441,
        "median": 0.133174046874,
        "min": 0.0428167209029,
        "var": 0.00889750290662
    },
    "erbbands_kurtosis": {
        "dmean": 1.37425458431,
        "dmean2": 2.1554684639,
        "dvar": 5.7907409668,
        "dvar2": 13.2535076141,
        "max": 93.1787948608,
        "mean": 1.85569667816,
        "median": 0.349417686462,
        "min": -1.89287018776,
        "var": 23.9153499603
    },
    "erbbands_skewness": {
        "dmean": 0.388238340616,
        "dmean2": 0.592682182789,
        "dvar": 0.167174592614,
        "dvar2": 0.373153448105,
        "max": 7.43579053879,
        "mean": 0.927323520184,
        "median": 0.852927923203,
        "min": -2.72404265404,
        "var": 0.770928323269
    },
    "erbbands_spread": {
        "dmean": 9.91847896576,
        "dmean2": 14.9033851624,
        "dvar": 185.548675537,
        "dvar2": 387.241729736,
        "max": 185.896453857,
        "mean": 42.5190315247,
        "median": 39.6867904663,
        "min": 0.72350358963,
        "var": 737.718383789
    },
    "hfc": {
        "dmean": 8.6238861084,
        "dmean2": 13.6103115082,
        "dvar": 311.148590088,
        "dvar2": 772.550476074,
        "max": 328.431488037,
        "mean": 27.5424823761,
        "median": 24.0094356537,
        "min": 1.16983839459e-16,
        "var": 539.16986084
    },
    "melbands_crest": {
        "dmean": 3.25958681107,
        "dmean2": 5.36316680908,
        "dvar": 9.80998134613,
        "dvar2": 23.2845973969,
        "max": 34.0070724487,
        "mean": 15.503121376,
        "median": 14.5854511261,
        "min": 1.59426665306,
        "var": 28.7723274231
    },
    "melbands_flatness_db": {
        "dmean": 0.026811722666,
        "dmean2": 0.0425024107099,
        "dvar": 0.000803606759291,
        "dvar2": 0.00181836122647,
        "max": 0.760835051537,
        "mean": 0.261875033379,
        "median": 0.232712134719,
        "min": 0.00398724945262,
        "var": 0.0134460479021
    },
    "melbands_kurtosis": {
        "dmean": 12.0736026764,
        "dmean2": 19.2464618683,
        "dvar": 571.442993164,
        "dvar2": 1387.96716309,
        "max": 413.475769043,
        "mean": 22.4991340637,
        "median": 13.9286384583,
        "min": -1.51160156727,
        "var": 924.506469727
    },
    "melbands_skewness": {
        "dmean": 0.914533317089,
        "dmean2": 1.40758907795,
        "dvar": 1.43370723724,
        "dvar2": 3.22877049446,
        "max": 17.2996635437,
        "mean": 3.17396855354,
        "median": 2.85209178925,
        "min": -1.58672165871,
        "var": 4.3665060997
    },
    "melbands_spread": {
        "dmean": 4.18427801132,
        "dmean2": 6.77720499039,
        "dvar": 45.7527122498,
        "dvar2": 108.43737793,
        "max": 171.649459839,
        "mean": 14.387005806,
        "median": 11.8419265747,
        "min": 0.448683768511,
        "var": 191.342453003
    },
    "pitch_salience": {
        "dmean": 0.0733482763171,
        "dmean2": 0.120686709881,
        "dvar": 0.00561203574762,
        "dvar2": 0.0138794612139,
        "max": 0.946244418621,
        "mean": 0.512623667717,
        "median": 0.515652477741,
        "min": 0.10797020793,
        "var": 0.0137255275622
    },
    "silence_rate_20dB": {
        "dmean": 0,
        "dmean2": 0,
        "dvar": 0,
        "dvar2": 0,
        "max": 1,
        "mean": 1,
        "median": 1,
        "min": 1,
        "var": 0
    },
    "silence_rate_30dB": {
        "dmean": 0.0627397224307,
        "dmean2": 0.125488042831,
        "dvar": 0.0587906651199,
        "dvar2": 0.13165988028,
        "max": 1,
        "mean": 0.946989953518,
        "median": 1,
        "min": 0,
        "var": 0.0501979738474
    },
    "silence_rate_60dB": {
        "dmean": 0.0012328766752,
        "dmean2": 0.00246592238545,
        "dvar": 0.00123173405882,
        "dvar2": 0.00314632547088,
        "max": 1,
        "mean": 0.0287651531398,
        "median": 0,
        "min": 0,
        "var": 0.0279344636947
    },
    "spectral_centroid": {
        "dmean": 195.534301758,
        "dmean2": 315.862548828,
        "dvar": 64887.4140625,
        "dvar2": 151651.9375,
        "max": 11048.3359375,
        "mean": 982.586425781,
        "median": 962.508789062,
        "min": 142.454483032,
        "var": 285871.21875
    },
    "spectral_complexity": {
        "dmean": 2.62904119492,
        "dmean2": 4.25303125381,
        "dvar": 12.5730314255,
        "dvar2": 29.7190856934,
        "max": 52,
        "mean": 16.0228061676,
        "median": 16,
        "min": 0,
        "var": 56.096031189
    },
    "spectral_decrease": {
        "dmean": 3.83349219035e-09,
        "dmean2": 6.33950181239e-09,
        "dvar": 3.8126895176e-17,
        "dvar2": 9.64795143818e-17,
        "max": 1.40517306557e-17,
        "mean": -1.12176170575e-08,
        "median": -9.54089340865e-09,
        "min": -6.94560000625e-08,
        "var": 6.66251764113e-17
    },
    "spectral_energy": {
        "dmean": 0.0149118229747,
        "dmean2": 0.0246147438884,
        "dvar": 0.000568383897189,
        "dvar2": 0.00143569428474,
        "max": 0.268756598234,
        "mean": 0.0448360927403,
        "median": 0.0387563593686,
        "min": 1.06427828343e-20,
        "var": 0.001012695604
    },
    "spectral_energyband_high": {
        "dmean": 0.00062720378628,
        "dmean2": 0.000976638169959,
        "dvar": 2.66120696324e-06,
        "dvar2": 6.46184162179e-06,
        "max": 0.028208874166,
        "mean": 0.0013628823217,
        "median": 0.000944390136283,
        "min": 7.5823341213e-21,
        "var": 3.95461302105e-06
    },
    "spectral_energyband_low": {
        "dmean": 0.0109644355252,
        "dmean2": 0.0182550307363,
        "dvar": 0.000497902627103,
        "dvar2": 0.00124704372138,
        "max": 0.216459915042,
        "mean": 0.0205308031291,
        "median": 0.0114995092154,
        "min": 5.58427819048e-23,
        "var": 0.000768803409301
    },
    "spectral_energyband_middle_high": {
        "dmean": 0.00155841361266,
        "dmean2": 0.00248222472146,
        "dvar": 1.6843820049e-05,
        "dvar2": 4.5297867473e-05,
        "max": 0.0602695010602,
        "mean": 0.00416125310585,
        "median": 0.00218668207526,
        "min": 1.52220902483e-21,
        "var": 3.23297572322e-05
    },
    "spectral_energyband_middle_low": {
        "dmean": 0.00754458131269,
        "dmean2": 0.0130013069138,
        "dvar": 0.000125004371512,
        "dvar2": 0.000355593656423,
        "max": 0.122634060681,
        "mean": 0.0205609165132,
        "median": 0.0189921632409,
        "min": 3.30440252168e-22,
        "var": 0.000160839786986
    },
    "spectral_entropy": {
        "dmean": 0.201442822814,
        "dmean2": 0.300076901913,
        "dvar": 0.0518849678338,
        "dvar2": 0.101582534611,
        "max": 9.80803775787,
        "mean": 7.13408565521,
        "median": 7.40497112274,
        "min": 3.94949483871,
        "var": 0.747271299362
    },
    "spectral_flux": {
        "dmean": 0.0380727909505,
        "dmean2": 0.0591107271612,
        "dvar": 0.00224304292351,
        "dvar2": 0.00403786823153,
        "max": 0.442838609219,
        "mean": 0.100369066,
        "median": 0.0848588198423,
        "min": 1.03163866338e-10,
        "var": 0.00485840020701
    },
    "spectral_kurtosis": {
        "dmean": 7.42007780075,
        "dmean2": 12.7049875259,
        "dvar": 1003.42822266,
        "dvar2": 3078.07543945,
        "max": 901.592102051,
        "mean": 21.2646827698,
        "median": 3.77322626114,
        "min": -1.61969089508,
        "var": 4462.37060547
    },
    "spectral_rms": {
        "dmean": 0.000979024334811,
        "dmean2": 0.00158286525402,
        "dvar": 1.54210999881e-06,
        "dvar2": 3.62305195267e-06,
        "max": 0.0161926392466,
        "mean": 0.00620628613979,
        "median": 0.0061490717344,
        "min": 3.22229764572e-12,
        "var": 5.22445861861e-06
    },
    "spectral_rolloff": {
        "dmean": 372.22833252,
        "dmean2": 652.503295898,
        "dvar": 1283807.75,
        "dvar2": 2966052,
        "max": 19552.1484375,
        "mean": 1052.12768555,
        "median": 581.396484375,
        "min": 64.599609375,
        "var": 4304150.5
    },
    "spectral_skewness": {
        "dmean": 0.381275951862,
        "dmean2": 0.603947341442,
        "dvar": 0.608972728252,
        "dvar2": 1.65239799023,
        "max": 23.852766037,
        "mean": 2.55693459511,
        "median": 1.67325997353,
        "min": -0.249654635787,
        "var": 8.08926868439
    },
    "spectral_spread": {
        "dmean": 806831.875,
        "dmean2": 1178523.125,
        "dvar": 1.33962963354e+12,
        "dvar2": 2.49499117158e+12,
        "max": 40283736,
        "mean": 5790318.5,
        "median": 6004547,
        "min": 112111.734375,
        "var": 7.50247686963e+12
    },
    "spectral_strongpeak": {
        "dmean": 0.477028697729,
        "dmean2": 0.820151209831,
        "dvar": 0.483582317829,
        "dvar2": 1.15081834793,
        "max": 13.0275087357,
        "mean": 1.03752112389,
        "median": 0.612120747566,
        "min": 0,
        "var": 1.03390443325
    },
    "zerocrossingrate": {
        "dmean": 0.0103174829856,
        "dmean2": 0.0127907684073,
        "dvar": 0.000207945311558,
        "dvar2": 0.000260660861386,
        "max": 0.580078125,
        "mean": 0.0581677034497,
        "median": 0.05078125,
        "min": 0.00439453125,
        "var": 0.00292231608182
    },
    "barkbands": {
        "dmean": [0.00023452944879, 0.0069480468519, 0.00541166495532, 0.00248178653419, 0.00352208595723, 0.00140091625508, 0.00119888281915, 0.00181729195174, 0.000853217148688, 0.000423927034717, 0.000383519742172, 0.000556856335606, 0.000174735701876, 0.000189293263247, 0.000165436358657, 0.000146543345181, 0.000142995049828, 0.000126293845824, 0.000159196497407, 0.000120303331641, 9.03365726117e-05, 7.94968509581e-05, 0.000130014057504, 9.59695098572e-05, 0.000180863513378, 0.000121647361084, 2.24157465709e-05],
        "dmean2": [0.000330266077071, 0.0114216543734, 0.00961108040065, 0.00448053330183, 0.00622718269005, 0.00216005160473, 0.00185681402218, 0.00274825235829, 0.00132461544126, 0.000637205957901, 0.000602943473496, 0.000937522854656, 0.000288218026981, 0.000296948070172, 0.00026597091346, 0.000240874433075, 0.000232690028497, 0.000199564005015, 0.00025342774461, 0.000202398106921, 0.000150832798681, 0.000125255159219, 0.000202894894755, 0.000151562533574, 0.000289897579933, 0.000193540632608, 3.56825767085e-05],
        "dvar": [5.52284177502e-07, 0.000201247676159, 0.000223335810006, 4.99087655044e-05, 2.35601655731e-05, 8.33589274407e-06, 6.05932200415e-06, 1.133043952e-05, 5.16683667229e-06, 1.38223811064e-06, 1.15296631975e-06, 3.91456023863e-06, 4.09811207192e-07, 3.15229186754e-07, 1.53869947894e-07, 1.47278697682e-07, 7.27067472894e-08, 9.33514598955e-08, 9.22197855857e-08, 4.3766650748e-08, 3.81422076146e-08, 4.22184101012e-08, 1.68982424498e-07, 7.49834327962e-08, 4.97856774473e-07, 1.31332754449e-07, 2.22568852237e-09],
        "dvar2": [1.23457050449e-06, 0.000446091027698, 0.000639669131488, 0.00014461245155, 6.79806253174e-05, 1.81826781045e-05, 1.52570537466e-05, 2.64240788965e-05, 1.10282089736e-05, 2.80274025499e-06, 2.63720630755e-06, 1.08983340397e-05, 1.04378966626e-06, 7.00472355675e-07, 3.56506973276e-07, 3.82468954285e-07, 1.75990749085e-07, 2.10981383475e-07, 2.11413777151e-07, 1.20102669143e-07, 1.03136692076e-07, 1.04226081987e-07, 4.25964287842e-07, 1.93075536004e-07, 1.18764933177e-06, 3.36405349799e-07, 5.66668711954e-09],
        "max": [0.0349674373865, 0.103090398014, 0.136517673731, 0.0836018770933, 0.0579393319786, 0.0554371476173, 0.0658703818917, 0.058020748198, 0.0487968511879, 0.0381555184722, 0.0302861779928, 0.0294992849231, 0.0215487629175, 0.024294687435, 0.0114480480552, 0.0212401784956, 0.00649239541963, 0.00766079267487, 0.00754965702072, 0.0032680479344, 0.00357348006219, 0.00780513230711, 0.00866818055511, 0.00723920064047, 0.0214817393571, 0.00971297640353, 0.00126916496083],
        "mean": [0.000354794232408, 0.0119331199676, 0.0066262553446, 0.00304031954147, 0.00568278739229, 0.00314811966382, 0.00264338497072, 0.00410087080672, 0.00164732441772, 0.000909357448108, 0.00062909751432, 0.000714801193681, 0.000214980900637, 0.000333736184984, 0.000276152451988, 0.000276589649729, 0.000284613430267, 0.000226758420467, 0.000333560572471, 0.000250158947892, 0.000159805116709, 0.000149900559336, 0.000205381671549, 0.000173816995812, 0.000290673080599, 0.000200329188374, 2.9293820262e-05],
        "median": [7.13968329364e-05, 0.00310263969004, 0.0027780153323, 0.00120004988275, 0.0040190978907, 0.00141120376065, 0.00145024992526, 0.00168533681426, 0.000545618240722, 0.000183967364137, 0.000150979016325, 0.000139417476021, 4.3036587158e-05, 5.52654673811e-05, 7.60553302825e-05, 8.25219467515e-05, 0.000131792156026, 8.19376582513e-05, 0.000156909096404, 0.000166421552422, 0.000102405378129, 7.78251342126e-05, 7.74775107857e-05, 8.41452929308e-05, 0.000120511300338, 7.70752812969e-05, 1.01687537608e-05],
        "min": [2.35835473865e-23, 3.61561363926e-23, 7.67525294292e-24, 3.21345783236e-24, 7.8687575253e-23, 5.20907322476e-23, 9.78334818582e-23, 1.88688334117e-23, 5.72855264589e-23, 7.64221560598e-23, 7.01722319888e-23, 8.38530680148e-23, 6.56185481907e-23, 8.25555811524e-23, 8.52539966301e-23, 3.11995472513e-22, 1.75417181958e-22, 2.13267548606e-22, 2.01396630865e-22, 3.53144754493e-22, 4.83050405127e-22, 6.75443911631e-22, 5.46024678942e-22, 8.11193317634e-22, 1.2957074447e-21, 1.52748603728e-21, 2.41704376225e-21],
        "var": [9.9051237612e-07, 0.000378175987862, 0.00015691180306, 3.94324342778e-05, 3.29128852172e-05, 2.39160890487e-05, 1.44912264659e-05, 3.69082226825e-05, 1.17314093586e-05, 5.01815384268e-06, 2.96964208246e-06, 3.78652498512e-06, 5.45505031369e-07, 8.52172377108e-07, 3.22967281363e-07, 3.84003499221e-07, 1.85942653275e-07, 2.05010806553e-07, 2.49332430258e-07, 8.83984583311e-08, 4.84647166843e-08, 6.04124252845e-08, 2.0531683731e-07, 9.786469235e-08, 6.36734739601e-07, 1.5437016998e-07, 2.87330803594e-09]
    },
    "erbbands": {
        "dmean": [0.204189136624, 1.75038957596, 5.78157567978, 7.52289009094, 9.70010375977, 13.6155433655, 12.2858772278, 10.4983444214, 12.897895813, 37.014957428, 29.3292140961, 19.9246082306, 11.5757513046, 12.5820102692, 17.3749675751, 22.6546440125, 8.96171951294, 9.35777854919, 9.43433856964, 7.02869749069, 7.32950878143, 6.15988445282, 6.10075044632, 7.71375846863, 7.43011045456, 5.95438480377, 4.26961231232, 2.92553544044, 2.57251238823, 3.37691092491, 3.92349743843, 2.48764705658, 1.44853579998, 1.87455010414, 1.43952429295, 0.622987568378, 0.213733464479, 0.0464670024812, 0.00356316240504, 8.34076854517e-05],
        "dmean2": [0.273184329271, 2.84824347496, 10.0334358215, 13.6093158722, 17.6051635742, 23.8620815277, 19.4328746796, 16.2868118286, 19.5327835083, 57.1590232849, 43.7709007263, 30.4629421234, 17.7943458557, 18.5091247559, 27.9183101654, 38.1729316711, 14.7870349884, 14.9210538864, 15.1177902222, 11.1943426132, 12.0139884949, 9.79322147369, 9.60044384003, 12.1522159576, 12.0859918594, 10.035153389, 7.07917356491, 4.81732463837, 4.0962638855, 5.35511541367, 6.11595201492, 3.94602274895, 2.28266167641, 2.97493863106, 2.32563662529, 1.00153040886, 0.339150965214, 0.0739539638162, 0.00553578091785, 0.000128992425743],
        "dvar": [0.163850769401, 13.3537769318, 227.682678223, 477.323455811, 359.834533691, 363.164855957, 478.049072266, 630.153930664, 881.743896484, 4182.06884766, 3763.96655273, 2607.27001953, 1167.62548828, 1470.27038574, 2520.01708984, 6407.75585938, 1114.59155273, 792.986450195, 541.767211914, 292.252716064, 385.861602783, 159.300292969, 195.316894531, 250.948150635, 211.297698975, 120.640113831, 87.4497756958, 40.4059066772, 55.0006065369, 70.9442977905, 175.113769531, 61.7025260925, 15.3184204102, 50.0314369202, 35.0336074829, 4.88976478577, 0.314537405968, 0.0105654429644, 5.0576752983e-05, 2.33451409315e-08],
        "dvar2": [0.275711685419, 31.8415985107, 634.169433594, 1381.54931641, 1045.36279297, 1041.69641113, 1081.30297852, 1389.3717041, 2118.88012695, 10097.2871094, 7986.04101562, 5628.1171875, 2438.29736328, 2883.42871094, 6313.60107422, 17808.4746094, 2910.05981445, 1809.7911377, 1317.7434082, 700.831054688, 956.95904541, 352.635101318, 448.157623291, 555.97845459, 513.326293945, 334.010620117, 238.120010376, 106.308044434, 140.290039062, 176.175079346, 445.908508301, 160.425109863, 37.8632926941, 119.361854553, 85.4975280762, 12.5336666107, 0.794471800327, 0.0268226284534, 0.000124824859085, 5.77194860796e-08],
        "max": [5.00000524521, 27.1631317139, 127.524528503, 227.781494141, 239.064407349, 211.618392944, 416.13168335, 682.888366699, 700.619506836, 1288.87390137, 1282.27648926, 1303.62927246, 1083.20605469, 1324.80578613, 1334.1842041, 1346.28515625, 1190.84143066, 1251.1619873, 491.424041748, 467.712371826, 1326.52990723, 344.010345459, 385.385070801, 380.795318604, 420.513458252, 163.183517456, 198.313308716, 151.518615723, 298.629516602, 194.386901855, 286.503448486, 226.35987854, 91.7878494263, 204.715118408, 230.422363281, 68.5023422241, 14.5038080215, 3.04804158211, 0.0876221135259, 0.00167009641882],
        "mean": [0.321234643459, 2.77156686783, 7.62143421173, 9.20928573608, 13.124502182, 20.5629692078, 24.8972167969, 22.7027854919, 33.4888954163, 74.6205978394, 71.7085342407, 43.4819755554, 24.2827205658, 27.9508152008, 29.1363220215, 29.7255115509, 12.5725040436, 16.8678588867, 16.2273712158, 13.0062570572, 15.6333675385, 13.2248029709, 12.9226255417, 15.913775444, 15.490231514, 12.3946552277, 8.30750656128, 5.78789567947, 4.61801481247, 5.57725477219, 6.27131748199, 4.44404745102, 2.57049655914, 3.10843324661, 2.09747290611, 0.940852165222, 0.355301499367, 0.0742200314999, 0.0047680218704, 0.000155283792992],
        "median": [0.0618090480566, 0.836630940437, 3.76477456093, 3.89150738716, 7.84807109833, 13.1885786057, 12.9411697388, 9.16493797302, 18.5774021149, 34.3112716675, 31.6911582947, 17.0240364075, 8.88252639771, 5.87715244293, 8.63831806183, 6.76486063004, 3.15276956558, 3.33748078346, 4.17918920517, 4.4656457901, 6.01426696777, 6.33233833313, 5.76218795776, 7.29646492004, 7.45569610596, 8.59527778625, 5.78875160217, 3.94828796387, 2.42669034004, 2.41462922096, 2.37041783333, 2.00712919235, 1.15556716919, 1.26947510242, 0.647865831852, 0.344499856234, 0.135274872184, 0.0278202928603, 0.00177724193782, 9.24797277548e-05],
        "min": [1.19858824169e-21, 7.27139256696e-21, 1.38796334675e-20, 1.0003520047e-20, 1.99273069916e-19, 2.4987557247e-19, 9.42365706721e-20, 5.91853518546e-19, 1.31427542883e-18, 1.07570713099e-18, 4.76394149381e-19, 1.3519888677e-18, 2.08277460796e-18, 3.05806501112e-18, 2.67600745018e-18, 3.7962010783e-18, 3.01934923614e-18, 4.99821486311e-18, 2.79360358196e-18, 1.1425707662e-17, 1.37175389349e-17, 9.8527451451e-18, 1.14407946092e-17, 1.20209741278e-17, 1.22499211777e-17, 1.52372905774e-17, 2.06000894314e-17, 2.34575947836e-17, 2.11228063672e-17, 1.62592242477e-17, 1.69784362837e-17, 1.89169522472e-17, 1.1934287254e-17, 1.25091066421e-17, 1.01857746772e-17, 4.72673459966e-18, 2.9479199155e-18, 1.41246693742e-18, 3.1674480149e-19, 3.38175183543e-20],
        "var": [0.365749925375, 20.5683040619, 176.26473999, 333.646148682, 355.73046875, 522.774536133, 1208.93481445, 1594.68603516, 2395.84228516, 10430.8935547, 14104.1826172, 6826.06591797, 3220.55175781, 5640.43505859, 4702.66748047, 6498.33447266, 1481.65795898, 2147.28442383, 1061.43530273, 578.341369629, 988.23626709, 424.020111084, 470.381469727, 627.977416992, 547.083129883, 211.26260376, 112.301612854, 60.6241149902, 66.9639358521, 96.4276275635, 203.076675415, 74.0814743042, 22.812417984, 67.3096694946, 40.9558982849, 5.19975852966, 0.417137086391, 0.0179879944772, 6.86582061462e-05, 3.59603866684e-08]
    },
    "gfcc": {
        "mean": [-1.71404957771, 89.4811935425, -77.7766418457, 15.1716680527, -60.3824310303, 0.795277118683, -35.6397781372, 12.8552150726, -24.1555023193, 4.18534946442, -18.0813293457, -1.30433189869, -15.4819412231],
        "cov": [[22714.8476562, -4339.41015625, -903.563232422, 2346.22045898, -151.132888794, 1042.86230469, -262.929260254, 1352.50695801, -310.525695801, 837.347595215, -229.620910645, 549.707336426, -503.869628906], [-4339.41015625, 3877.97729492, -28.6328296661, -981.855285645, 335.04598999, -480.994354248, 232.715209961, -648.606323242, 228.902786255, -468.693328857, 83.9555358887, -419.888183594, 201.494354248], [-903.563232422, -28.6328296661, 1157.32739258, 165.580123901, -42.6995658875, 121.7474823, 34.9898300171, 7.57109928131, 18.8147220612, 13.0528297424, -51.3680648804, 0.455857276917, -7.31254339218], [2346.22045898, -981.855285645, 165.580123901, 921.613891602, 142.896148682, 236.036407471, 49.7394866943, 241.115768433, 46.7367172241, 139.16293335, -53.3068275452, 108.537902832, -75.7580718994], [-151.132888794, 335.04598999, -42.6995658875, 142.896148682, 468.153594971, 106.150382996, 152.972335815, -4.32645463943, 73.0203094482, -17.0649185181, -38.064491272, -29.1452102661, 15.6552829742], [1042.86230469, -480.994354248, 121.7474823, 236.036407471, 106.150382996, 376.375579834, 98.8367233276, 109.179229736, -6.77924156189, 88.4595718384, -30.3688964844, 36.661239624, -47.1665916443], [-262.929260254, 232.715209961, 34.9898300171, 49.7394866943, 152.972335815, 98.8367233276, 258.697662354, 12.9864368439, 73.2904281616, 5.73157739639, 1.5020865202, -34.7850456238, 5.21437263489], [1352.50695801, -648.606323242, 7.57109928131, 241.115768433, -4.32645463943, 109.179229736, 12.9864368439, 323.579711914, 12.8829727173, 112.22303772, -14.3211393356, 69.933883667, -41.819984436], [-310.525695801, 228.902786255, 18.8147220612, 46.7367172241, 73.0203094482, -6.77924156189, 73.2904281616, 12.8829727173, 180.736297607, -3.78761935234, 7.43167734146, -28.4917907715, 13.5549497604], [837.347595215, -468.693328857, 13.0528297424, 139.16293335, -17.0649185181, 88.4595718384, 5.73157739639, 112.22303772, -3.78761935234, 183.504592896, 42.6318244934, 60.7771034241, -26.8170547485], [-229.620910645, 83.9555358887, -51.3680648804, -53.3068275452, -38.064491272, -30.3688964844, 1.5020865202, -14.3211393356, 7.43167734146, 42.6318244934, 127.621749878, 26.3779659271, 4.05778169632], [549.707336426, -419.888183594, 0.455857276917, 108.537902832, -29.1452102661, 36.661239624, -34.7850456238, 69.933883667, -28.4917907715, 60.7771034241, 26.3779659271, 139.500183105, 17.3542613983], [-503.869628906, 201.494354248, -7.31254339218, -75.7580718994, 15.6552829742, -47.1665916443, 5.21437263489, -41.819984436, 13.5549497604, -26.8170547485, 4.05778169632, 17.3542613983, 110.726646423]],
        "icov": [[0.000115571143397, -0.000168764090631, 0.000175944966031, -0.000266360671958, 0.000204516487429, -0.000235351821175, 0.000167612641235, -0.000277417333564, 0.00021090033988, -0.000392294692574, 0.000437356007751, -0.000382735655876, 0.000343691557646], [-0.000168764090631, 0.00145408709068, -0.000471065548481, 0.000929845205974, -0.00113420444541, 0.000992037472315, -0.000737256137654, 0.0011257333681, -0.000954844581429, 0.001947216806, -0.00211674626917, 0.0026187452022, -0.00151050044224], [0.000175944966031, -0.000471065548481, 0.00126027513761, -0.000684537983034, 0.0007763071917, -0.000787921249866, 0.000225086798309, -0.00033290265128, 0.000285806803731, -0.000853251724038, 0.00128289114218, -0.000869922398124, 0.000538711785339], [-0.000266360671958, 0.000929845205974, -0.000684537983034, 0.00269194925204, -0.00135937426239, 0.000455808447441, -0.000475622800877, 0.000362842023605, -0.00137462327257, 0.00101462972816, -0.000851714343298, 0.000514644139912, -0.000197214190848], [0.000204516487429, -0.00113420444541, 0.0007763071917, -0.00135937426239, 0.00404235906899, -0.00144847552292, -0.000730477215257, -0.000554267317057, 0.000258842977928, -0.00131192500703, 0.00243285577744, -0.00175253255293, 0.000588436494581], [-0.000235351821175, 0.000992037472315, -0.000787921249866, 0.000455808447441, -0.00144847552292, 0.00513117341325, -0.002127234824, 0.000663716695271, 0.000101172896393, 0.000139032374136, -0.000598132086452, 0.00112117105164, -7.54119446356e-06], [0.000167612641235, -0.000737256137654, 0.000225086798309, -0.000475622800877, -0.000730477215257, -0.002127234824, 0.00637891050428, -0.000999010051601, -0.000986841507256, -0.00102349452209, 0.000122540470329, 0.000189889702597, 0.000151898508193], [-0.000277417333564, 0.0011257333681, -0.00033290265128, 0.000362842023605, -0.000554267317057, 0.000663716695271, -0.000999010051601, 0.00603655166924, -0.00161009316798, -0.000310496980092, -0.000449529121397, 0.000569447351154, -0.000347497261828], [0.00021090033988, -0.000954844581429, 0.000285806803731, -0.00137462327257, 0.000258842977928, 0.000101172896393, -0.000986841507256, -0.00161009316798, 0.00781440921128, -0.00137407053262, 0.00047339592129, 6.93271213095e-05, -9.71028421191e-05], [-0.000392294692574, 0.001947216806, -0.000853251724038, 0.00101462972816, -0.00131192500703, 0.000139032374136, -0.00102349452209, -0.000310496980092, -0.00137407053262, 0.0121470512822, -0.00664758402854, 0.00207920791581, -0.00148725300096], [0.000437356007751, -0.00211674626917, 0.00128289114218, -0.000851714343298, 0.00243285577744, -0.000598132086452, 0.000122540470329, -0.000449529121397, 0.00047339592129, -0.00664758402854, 0.0141606908292, -0.00662520853803, 0.00342132430524], [-0.000382735655876, 0.0026187452022, -0.000869922398124, 0.000514644139912, -0.00175253255293, 0.00112117105164, 0.000189889702597, 0.000569447351154, 6.93271213095e-05, 0.00207920791581, -0.00662520853803, 0.0165105685592, -0.00713078910485], [0.000343691557646, -0.00151050044224, 0.000538711785339, -0.000197214190848, 0.000588436494581, -7.54119446356e-06, 0.000151898508193, -0.000347497261828, -9.71028421191e-05, -0.00148725300096, 0.00342132430524, -0.00713078910485, 0.0136637268588]]
    },
    "melbands": {
        "dmean": [0.00174367579166, 0.00265349401161, 0.00133216858376, 0.000836189195979, 0.000456598005258, 0.000244940107223, 0.000200491631404, 0.000417322909925, 0.000231373182032, 0.000113039313874, 5.70437623537e-05, 5.30108554813e-05, 5.72011849727e-05, 6.19852362433e-05, 3.9475144149e-05, 1.56335863721e-05, 1.89668025996e-05, 1.65423534781e-05, 1.05094313767e-05, 1.09535349111e-05, 9.06187960936e-06, 6.96974757375e-06, 6.70976942274e-06, 6.58396857034e-06, 6.82999325363e-06, 6.68454367769e-06, 3.87201407648e-06, 4.58077920484e-06, 2.9501645713e-06, 2.89586841973e-06, 1.74480055648e-06, 1.59018429713e-06, 1.56178998623e-06, 2.09370546145e-06, 2.43247109211e-06, 2.02919272851e-06, 1.39330927595e-06, 1.02720980522e-06, 1.21358118577e-06, 1.84447833362e-06],
        "dmean2": [0.00271498039365, 0.00444460613653, 0.00241099926643, 0.00149785040412, 0.000741377240047, 0.00037809702917, 0.000304970366415, 0.00064227526309, 0.000346886226907, 0.000173486769199, 8.7684034952e-05, 7.709327474e-05, 9.0262015874e-05, 0.000103167229099, 6.64487160975e-05, 2.59436765191e-05, 2.98461291095e-05, 2.65113612841e-05, 1.65971196111e-05, 1.80000552064e-05, 1.48672525029e-05, 1.11100407594e-05, 1.0781121091e-05, 1.0557710084e-05, 1.08074182208e-05, 1.09044131023e-05, 6.36758477413e-06, 7.78345747676e-06, 4.88300565848e-06, 4.88509795105e-06, 2.86840554509e-06, 2.54128894994e-06, 2.52083214036e-06, 3.36947141477e-06, 3.81994368581e-06, 3.20729918712e-06, 2.23459369408e-06, 1.62213768817e-06, 1.94975154955e-06, 2.94262576972e-06],
        "dvar": [1.28336196212e-05, 3.84365121135e-05, 1.36362796184e-05, 1.55338977947e-06, 4.89039848617e-07, 2.95030616826e-07, 1.92920566633e-07, 5.38520680493e-07, 2.50205744123e-07, 8.68588259095e-08, 2.94677970913e-08, 2.68209969789e-08, 2.68798938663e-08, 4.02719955162e-08, 2.32758683438e-08, 3.30421112693e-09, 3.44609096814e-09, 1.87306614663e-09, 8.04731337123e-10, 6.88496981649e-10, 6.88729073772e-10, 2.64083921397e-10, 1.57948432111e-10, 2.94523350153e-10, 1.99497793285e-10, 1.71078609612e-10, 5.5590303194e-11, 7.11761066752e-11, 3.73390728059e-11, 3.32426933203e-11, 1.38019864634e-11, 1.79118855165e-11, 1.96845456601e-11, 2.87894430517e-11, 6.79455519625e-11, 4.35665566123e-11, 1.80982295123e-11, 6.66969561178e-12, 1.69466142508e-11, 5.07001246541e-11],
        "dvar2": [2.3840684662e-05, 0.000102084355603, 3.94280577893e-05, 4.57462192571e-06, 1.17231331842e-06, 6.45295585855e-07, 4.67751164024e-07, 1.28695296553e-06, 5.29074100086e-07, 1.85740532288e-07, 6.15938375859e-08, 5.19131688748e-08, 6.30861691775e-08, 1.10573658674e-07, 6.39063060248e-08, 8.60517967993e-09, 7.62153717915e-09, 4.57088811245e-09, 1.75877745701e-09, 1.83688209088e-09, 1.71236436142e-09, 5.49763290447e-10, 3.82436082802e-10, 6.95065338618e-10, 4.41656683448e-10, 4.19834583765e-10, 1.39707426183e-10, 1.96616153914e-10, 1.02806062274e-10, 9.03084967918e-11, 3.55922513684e-11, 4.56495084789e-11, 5.06044720017e-11, 7.28234209046e-11, 1.74682462939e-10, 1.10130633779e-10, 4.82228944276e-11, 1.66996277917e-11, 4.23790100235e-11, 1.2116276038e-10],
        "max": [0.0314702950418, 0.0529504492879, 0.0371344275773, 0.015355726704, 0.0139120286331, 0.0133824199438, 0.00972766149789, 0.0114099290222, 0.0102731762454, 0.00778418360278, 0.00560249295086, 0.0057766251266, 0.00490145804361, 0.00354582816362, 0.00235963310115, 0.00214294833131, 0.00282614096068, 0.00106557644904, 0.00123855972197, 0.000548639276531, 0.00199826317839, 0.000512911414262, 0.000441084237536, 0.000403966289014, 0.000313430209644, 0.000336190074449, 0.000199539514142, 0.00013129641593, 0.000127817242173, 9.60290199146e-05, 9.25199419726e-05, 0.000158712864504, 0.000178092144779, 9.80926342891e-05, 0.000191496525076, 0.000136925198603, 0.000131869324832, 5.559798592e-05, 0.000154857989401, 0.000198305118829],
        "mean": [0.00312002352439, 0.00395178608596, 0.00171941122971, 0.00123875460122, 0.000893112737685, 0.00054689537501, 0.000512695638463, 0.000852711033076, 0.000561045249924, 0.000229101482546, 0.000114342095912, 0.000112492874905, 9.44787680055e-05, 8.40039865579e-05, 5.07186668983e-05, 1.95501161215e-05, 3.37978599418e-05, 2.59954831563e-05, 1.73284970515e-05, 2.06201912079e-05, 1.77414549398e-05, 1.33297780849e-05, 1.40931533679e-05, 1.1363898011e-05, 1.28818910525e-05, 1.25956403281e-05, 7.68496011005e-06, 8.80427614902e-06, 5.31522255187e-06, 4.72253896078e-06, 3.11529902319e-06, 2.73606156043e-06, 2.50693369708e-06, 3.19310993291e-06, 3.64324978364e-06, 3.38022755386e-06, 2.40316148847e-06, 1.64633206623e-06, 2.06918139156e-06, 2.83554618363e-06],
        "median": [0.000691253168043, 0.00218343408778, 0.000826403615065, 0.000829347583931, 0.000541444285773, 0.000226099713473, 0.000285137066385, 0.000391592271626, 0.000236760170083, 8.06444950285e-05, 3.2638949051e-05, 2.0469284209e-05, 2.48819487751e-05, 2.05794276553e-05, 9.97156166704e-06, 4.2025935727e-06, 5.75989906793e-06, 5.96748077442e-06, 4.9326908993e-06, 6.21973504167e-06, 6.24434733254e-06, 6.23093637842e-06, 4.39811810793e-06, 4.03834064855e-06, 5.06651531396e-06, 5.5732994042e-06, 4.12172630604e-06, 5.32972444489e-06, 3.38332665706e-06, 2.5649210329e-06, 1.87466605439e-06, 1.30797536713e-06, 1.1767721162e-06, 1.27887597046e-06, 1.23973450172e-06, 1.28718443193e-06, 1.10969801881e-06, 6.799321568e-07, 8.55378743836e-07, 9.95287564365e-07],
        "min": [1.12134905292e-23, 8.43562886972e-24, 5.05923556447e-24, 2.10956615294e-23, 3.65730194043e-24, 1.28212553184e-23, 2.01395305579e-23, 9.55677534316e-24, 3.77275567821e-24, 9.03959340053e-24, 1.01818221817e-23, 1.19948233348e-23, 8.3287232287e-24, 1.14243349054e-23, 6.89086093473e-24, 6.67181634946e-24, 9.656785551e-24, 2.86687317416e-24, 1.014763295e-23, 1.87322342574e-23, 1.61840021188e-23, 9.55838383054e-24, 1.19297415213e-23, 9.33326186085e-24, 9.85409465175e-24, 7.95779452018e-24, 9.83600686006e-24, 9.92721416906e-24, 1.40279805782e-23, 9.03273188838e-24, 1.64774520647e-23, 1.28107161367e-23, 1.03631095174e-23, 8.33403462918e-24, 9.52762535499e-24, 1.19421913241e-23, 1.12456744764e-23, 8.1892376323e-24, 9.77580967324e-24, 1.03850256511e-23],
        "var": [2.83573062916e-05, 3.79178090952e-05, 9.94037054625e-06, 1.88115859601e-06, 1.13792088996e-06, 8.16503529677e-07, 5.51256675863e-07, 1.43340912473e-06, 9.05042838895e-07, 2.14985419689e-07, 8.41134593088e-08, 1.00996068397e-07, 6.27801810538e-08, 4.12333882593e-08, 2.50630822762e-08, 4.03419075923e-09, 9.7306331881e-09, 3.23888937892e-09, 1.69074165779e-09, 1.93895255407e-09, 1.44059741913e-09, 5.82490777834e-10, 5.25177179522e-10, 4.93818597125e-10, 4.73588224192e-10, 3.80173864611e-10, 1.40122191628e-10, 1.22557020088e-10, 4.97300742253e-11, 4.67803192017e-11, 2.09745814467e-11, 2.29706895866e-11, 2.32449458987e-11, 3.62643907958e-11, 7.43687889049e-11, 5.6566921286e-11, 2.04418721533e-11, 9.1737225455e-12, 2.20179950661e-11, 6.76052824833e-11]
    },
    "mfcc": {
        "mean": [-653.705200195, 127.900871277, 28.9544143677, 21.7692108154, 0.278976052999, -7.85197782516, -1.68956243992, -0.132207065821, -0.11773327738, 2.50998091698, -1.55023062229, 1.94141030312, 2.339189291],
        "cov": [[11967.0761719, -2553.73168945, -510.283599854, 703.924438477, 299.413574219, 243.125732422, 424.70916748, 360.602630615, 166.947402954, 394.775115967, 197.515716553, 217.368896484, 266.966461182], [-2553.73168945, 2597.26977539, -46.2819824219, -280.697235107, -56.0288658142, -25.9405117035, -69.5988388062, -82.5752487183, 22.1173229218, -99.6201934814, -54.1868438721, -70.1130981445, -74.1503601074], [-510.283599854, -46.2819824219, 1032.70410156, 103.461509705, 15.3985786438, 51.5178375244, -18.6703491211, 15.288731575, 21.6729984283, 5.93078708649, 6.20648097992, 41.3516235352, 6.04710388184], [703.924438477, -280.697235107, 103.461509705, 505.47857666, 170.296234131, 90.4581069946, 48.8283691406, 86.8480377197, 91.2305908203, 54.3574256897, 21.3175468445, 80.7776489258, 18.1569652557], [299.413574219, -56.0288658142, 15.3985786438, 170.296234131, 297.178039551, 113.303382874, 45.3601570129, 78.9676742554, 80.4696578979, 43.0828781128, 12.4419670105, 21.118927002, 8.59526634216], [243.125732422, -25.9405117035, 51.5178375244, 90.4581069946, 113.303382874, 362.496612549, 114.798027039, 75.8193893433, 87.1166763306, 51.0564994812, 28.3076553345, 10.378947258, 27.2417011261], [424.70916748, -69.5988388062, -18.6703491211, 48.8283691406, 45.3601570129, 114.798027039, 213.073944092, 61.0159950256, 35.2934570312, 59.0104370117, 46.0425109863, 9.01530456543, 14.0415325165], [360.602630615, -82.5752487183, 15.288731575, 86.8480377197, 78.9676742554, 75.8193893433, 61.0159950256, 175.92791748, 99.91015625, 49.5697250366, 22.795091629, 20.8711948395, 13.5225811005], [166.947402954, 22.1173229218, 21.6729984283, 91.2305908203, 80.4696578979, 87.1166763306, 35.2934570312, 99.91015625, 189.601028442, 73.1017227173, 14.8333282471, 25.5867061615, 3.41730618477], [394.775115967, -99.6201934814, 5.93078708649, 54.3574256897, 43.0828781128, 51.0564994812, 59.0104370117, 49.5697250366, 73.1017227173, 147.374938965, 59.0592346191, 27.5536365509, 14.1896457672], [197.515716553, -54.1868438721, 6.20648097992, 21.3175468445, 12.4419670105, 28.3076553345, 46.0425109863, 22.795091629, 14.8333282471, 59.0592346191, 119.717178345, 49.7375717163, 25.5214748383], [217.368896484, -70.1130981445, 41.3516235352, 80.7776489258, 21.118927002, 10.378947258, 9.01530456543, 20.8711948395, 25.5867061615, 27.5536365509, 49.7375717163, 136.415908813, 48.9407844543], [266.966461182, -74.1503601074, 6.04710388184, 18.1569652557, 8.59526634216, 27.2417011261, 14.0415325165, 13.5225811005, 3.41730618477, 14.1896457672, 25.5214748383, 48.9407844543, 116.161224365]],
