{
"lowlevel": {
    "average_loudness": 0.489149838686,
    "barkbands_crest": {
        "dmean": 1.90755319595,
        "dmean2": 3.05202722549,
        "dvar": 3.89430117607,
        "dvar2": 10.1764822006,
        "max": 25.8441257477,
        "mean": 11.9544086456,
        "median": 10.8713283539,
        "min": 3.37027311325,
        "var": 24.1832752228
    },
    "barkbands_flatness_db": {
        "dmean": 0.0192277058959,
        "dmean2": 0.0276893544942,
        "dvar": 0.000505717121996,
        "dvar2": 0.000998837524094,
        "max": 0.586109995842,
        "mean": 0.227357506752,
        "median": 0.18991433084,
        "min": 0.0345943383873,
        "var": 0.0131437201053
    },
    "barkbands_kurtosis": {
        "dmean": 3.468719244,
        "dmean2": 5.51704978943,
        "dvar": 38.6688995361,
        "dvar2": 106.698936462,
        "max": 204.060775757,
        "mean": 9.88137245178,
        "median": 5.80055189133,
        "min": -1.95435965061,
        "var": 225.762908936
    },
    "barkbands_skewness": {
        "dmean": 0.445880204439,
        "dmean2": 0.687583684921,
        "dvar": 0.26027482748,
        "dvar2": 0.628255426884,
        "max": 11.2802667618,
        "mean": 2.03241682053,
        "median": 1.80180680752,
        "min": -3.2425327301,
        "var": 1.64733672142
    },
    "barkbands_spread": {
        "dmean": 2.51338863373,
        "dmean2": 3.65734505653,
        "dvar": 21.217540741,
        "dvar2": 39.3125152588,
        "max": 118.186973572,
        "mean": 9.91817092896,
        "median": 7.71603393555,
        "min": 0.233202442527,
        "var": 109.90133667
    },
    "dissonance": {
        "dmean": 0.026164598763,
        "dmean2": 0.0437358506024,
        "dvar": 0.000566833943594,
        "dvar2": 0.00153899588622,
        "max": 0.499656945467,
        "mean": 0.420500248671,
        "median": 0.428515940905,
        "min": 0.194113269448,
        "var": 0.00227112532593
    },
    "dynamic_complexity": 6.48989057541,
    "erbbands_crest": {
        "dmean": 2.53204965591,
        "dmean2": 4.02720117569,
        "dvar": 6.24359464645,
        "dvar2": 16.8758411407,
        "max": 30.3530311584,
        "mean": 11.9163103104,
        "median": 11.1976776123,
        "min": 2.47318840027,
        "var": 21.9911289215
    },
    "erbbands_flatness_db": {
        "dmean": 0.0177580881864,
        "dmean2": 0.02459567599,
        "dvar": 0.000411988963606,
        "dvar2": 0.000769422098529,
        "max": 0.504114210606,
        "mean": 0.217895910144,
        "median": 0.200479492545,
        "min": 0.0289768818766,
        "var": 0.0069134188816
    },
    "erbbands_kurtosis": {
        "dmean": 1.7241641283,
        "dmean2": 2.67978429794,
        "dvar": 7.82934570312,
        "dvar2": 18.9403839111,
        "max": 94.6382827759,
        "mean": 3.35206460953,
        "median": 1.75703763962,
        "min": -1.86911964417,
        "var": 30.602355957
    },
    "erbbands_skewness": {
        "dmean": 0.360270053148,
        "dmean2": 0.543653786182,
        "dvar": 0.141085356474,
        "dvar2": 0.326825499535,
        "max": 7.03520393372,
        "mean": 1.25322163105,
        "median": 1.14469635487,
        "min": -4.47851037979,
        "var": 0.879977524281
    },
    "erbbands_spread": {
        "dmean": 5.80741500854,
        "dmean2": 8.25922298431,
        "dvar": 75.5192871094,
        "dvar2": 146.556045532,
        "max": 148.586486816,
        "mean": 25.2472114563,
        "median": 20.7129592896,
        "min": 1.42087614536,
        "var": 360.697052002
    },
    "hfc": {
        "dmean": 2.8108932972,
        "dmean2": 3.9133450985,
        "dvar": 26.9232234955,
        "dvar2": 53.1390686035,
        "max": 105.752365112,
        "mean": 10.9347686768,
        "median": 8.08583068848,
        "min": 1.11334989969e-16,
        "var": 132.30770874
    },
    "melbands_crest": {
        "dmean": 2.25954222679,
        "dmean2": 3.65629959106,
        "dvar": 5.0875620842,
        "dvar2": 13.5384302139,
        "max": 32.0112266541,
        "mean": 14.1429042816,
        "median": 13.3233947754,
        "min": 1.80068016052,
        "var": 22.1569042206
    },
    "melbands_flatness_db": {
        "dmean": 0.0214500315487,
        "dmean2": 0.0310381073505,
        "dvar": 0.000726092490368,
        "dvar2": 0.00141934060957,
        "max": 0.761626601219,
        "mean": 0.316280692816,
        "median": 0.268511176109,
        "min": 0.00405421061441,
        "var": 0.0196409747005
    },
    "melbands_kurtosis": {
        "dmean": 5.31345748901,
        "dmean2": 8.25552368164,
        "dvar": 86.2988510132,
        "dvar2": 199.25112915,
        "max": 294.402038574,
        "mean": 14.2462320328,
        "median": 9.1065196991,
        "min": -1.89488828182,
        "var": 386.295501709
    },
    "melbands_skewness": {
        "dmean": 0.525285482407,
        "dmean2": 0.797298669815,
        "dvar": 0.407204926014,
        "dvar2": 0.925121665001,
        "max": 12.8059463501,
        "mean": 2.32293987274,
        "median": 2.0830321312,
        "min": -1.19467735291,
        "var": 1.9021576643
    },
    "melbands_spread": {
        "dmean": 2.60188531876,
        "dmean2": 3.8982527256,
        "dvar": 38.4641227722,
        "dvar2": 76.7778701782,
        "max": 193.615585327,
        "mean": 10.3504295349,
        "median": 8.3760471344,
        "min": 0.566444396973,
        "var": 156.641601562
    },
    "pitch_salience": {
        "dmean": 0.0520465560257,
        "dmean2": 0.084920451045,
        "dvar": 0.00277961720712,
        "dvar2": 0.00752541609108,
        "max": 0.92154365778,
        "mean": 0.532671093941,
        "median": 0.545759439468,
        "min": 0.158340021968,
        "var": 0.013229095377
    },
    "silence_rate_20dB": {
        "dmean": 0,
        "dmean2": 0,
        "dvar": 0,
        "dvar2": 0,
        "max": 1,
        "mean": 1,
        "median": 1,
        "min": 1,
        "var": 0
    },
    "silence_rate_30dB": {
        "dmean": 0.00367100769654,
        "dmean2": 0.00734265753999,
        "dvar": 0.00365792401135,
        "dvar2": 0.00991074182093,
        "max": 1,
        "mean": 0.997378051281,
        "median": 1,
        "min": 0,
        "var": 0.00261521409266
    },
    "silence_rate_60dB": {
        "dmean": 0.0141596011817,
        "dmean2": 0.0283216778189,
        "dvar": 0.0139572937042,
        "dvar2": 0.0299633927643,
        "max": 1,
        "mean": 0.219891622663,
        "median": 0,
        "min": 0,
        "var": 0.171526119113
    },
    "spectral_centroid": {
        "dmean": 108.397384644,
        "dmean2": 161.346343994,
        "dvar": 50521.4257812,
        "dvar2": 89253.015625,
        "max": 10949.0517578,
        "mean": 658.059814453,
        "median": 557.284790039,
        "min": 193.188796997,
        "var": 231383.6875
    },
    "spectral_complexity": {
        "dmean": 1.86312389374,
        "dmean2": 2.87211537361,
        "dvar": 6.64788484573,
        "dvar2": 12.9542312622,
        "max": 53,
        "mean": 11.5448350906,
        "median": 12,
        "min": 0,
        "var": 57.635093689
    },
    "spectral_decrease": {
        "dmean": 1.60772806179e-09,
        "dmean2": 2.47087772465e-09,
        "dvar": 9.50157223349e-18,
        "dvar2": 2.35232332196e-17,
        "max": 1.03082979103e-18,
        "mean": -5.92139182132e-09,
        "median": -4.83744511115e-09,
        "min": -4.24729975634e-08,
        "var": 3.11663787709e-17
    },
    "spectral_energy": {
        "dmean": 0.00628616008908,
        "dmean2": 0.00962103065103,
        "dvar": 0.000144200588693,
        "dvar2": 0.000354480696842,
        "max": 0.16588999331,
        "mean": 0.0233405511826,
        "median": 0.0190343521535,
        "min": 1.05200587966e-20,
        "var": 0.000484051270178
    },
    "spectral_energyband_high": {
        "dmean": 0.000115461567475,
        "dmean2": 0.000149159037392,
        "dvar": 1.12402886998e-07,
        "dvar2": 1.96470494984e-07,
        "max": 0.00990145560354,
        "mean": 0.000230469318922,
        "median": 5.97807811573e-05,
        "min": 7.64606903373e-21,
        "var": 3.19216326261e-07
    },
    "spectral_energyband_low": {
        "dmean": 0.00185140769463,
        "dmean2": 0.00311835925095,
        "dvar": 1.1712380001e-05,
        "dvar2": 3.30149050569e-05,
        "max": 0.0683365687728,
        "mean": 0.00524083804339,
        "median": 0.00384999858215,
        "min": 1.06868375225e-22,
        "var": 2.94639539788e-05
    },
    "spectral_energyband_middle_high": {
        "dmean": 0.000643252045847,
        "dmean2": 0.000969073094893,
        "dvar": 1.20495701594e-06,
        "dvar2": 2.81207644548e-06,
        "max": 0.0314138121903,
        "mean": 0.00204489426687,
        "median": 0.00128551886883,
        "min": 1.55901522994e-21,
        "var": 6.30031900073e-06
    },
    "spectral_energyband_middle_low": {
        "dmean": 0.00553290173411,
        "dmean2": 0.00839714799076,
        "dvar": 0.000131130451337,
        "dvar2": 0.000326935347402,
        "max": 0.155794858932,
        "mean": 0.0166764035821,
        "median": 0.0115846339613,
        "min": 3.93484652561e-22,
        "var": 0.000333916657837
    },
    "spectral_entropy": {
        "dmean": 0.17089818418,
        "dmean2": 0.239176630974,
        "dvar": 0.0533009134233,
        "dvar2": 0.0978344604373,
        "max": 9.79911994934,
        "mean": 6.70270633698,
        "median": 6.91247558594,
        "min": 4.25359344482,
        "var": 0.747859179974
    },
    "spectral_flux": {
        "dmean": 0.015797207132,
        "dmean2": 0.0253196824342,
        "dvar": 0.000626881956123,
        "dvar2": 0.00142769061495,
        "max": 0.358523607254,
        "mean": 0.0523662120104,
        "median": 0.0466633960605,
        "min": 1.02567336568e-10,
        "var": 0.00205980846658
    },
    "spectral_kurtosis": {
        "dmean": 7.90525627136,
        "dmean2": 13.3942289352,
        "dvar": 344.116394043,
        "dvar2": 985.327209473,
        "max": 380.142944336,
        "mean": 31.411397934,
        "median": 7.24240159988,
        "min": -1.23252105713,
        "var": 4247.21289062
    },
    "spectral_rms": {
        "dmean": 0.000526864256244,
        "dmean2": 0.000790736114141,
        "dvar": 6.23464757155e-07,
        "dvar2": 1.45231763327e-06,
        "max": 0.0127217881382,
        "mean": 0.00413306802511,
        "median": 0.00430930405855,
        "min": 3.20366541455e-12,
        "var": 5.68903533349e-06
    },
    "spectral_rolloff": {
        "dmean": 162.367446899,
        "dmean2": 273.067260742,
        "dvar": 348000.9375,
        "dvar2": 679346.875,
        "max": 19939.7460938,
        "mean": 691.030212402,
        "median": 495.263671875,
        "min": 86.1328125,
        "var": 1517148.5
    },
    "spectral_skewness": {
        "dmean": 0.484666198492,
        "dmean2": 0.787687301636,
        "dvar": 0.653214812279,
        "dvar2": 1.71822690964,
        "max": 15.8010377884,
        "mean": 3.22959923744,
        "median": 2.13819742203,
        "min": -0.0327353700995,
        "var": 9.0971288681
    },
    "spectral_spread": {
        "dmean": 484148.96875,
        "dmean2": 666860.9375,
        "dvar": 612468064256,
        "dvar2": 970577412096,
        "max": 42408528,
        "mean": 3434422.25,
        "median": 3228738,
        "min": 226145.671875,
        "var": 3.4509071319e+12
    },
    "spectral_strongpeak": {
        "dmean": 0.340299218893,
        "dmean2": 0.550272703171,
        "dvar": 0.296842187643,
        "dvar2": 0.714916586876,
        "max": 11.853682518,
        "mean": 0.879946112633,
        "median": 0.500229120255,
        "min": 0,
        "var": 0.877482116222
    },
    "zerocrossingrate": {
        "dmean": 0.00526175228879,
        "dmean2": 0.00606898590922,
        "dvar": 0.000103002341348,
        "dvar2": 0.000100953468063,
        "max": 0.5263671875,
        "mean": 0.0318278558552,
        "median": 0.0263671875,
        "min": 0.0029296875,
        "var": 0.0011189331999
    },
    "barkbands": {
        "dmean": [1.68886726897e-05, 0.00113567709923, 0.000716696958989, 0.00132967019454, 0.00250645098276, 0.00158373999875, 0.0011698595481, 0.000929550151341, 0.000665975152515, 0.00039479022962, 0.00020115278312, 0.000154970184667, 0.000136483795359, 0.000107414678496, 7.61687479098e-05, 3.64968327631e-05, 5.42826746823e-05, 4.70629020128e-05, 3.9879756514e-05, 4.34209759987e-05, 2.40102635871e-05, 2.9526076105e-05, 2.43116883212e-05, 1.31752976813e-05, 1.93333344214e-05, 3.30871353071e-06, 6.11805035078e-07],
        "dmean2": [2.78963125311e-05, 0.00191899563652, 0.00122456613462, 0.00219312915578, 0.00395251624286, 0.002230520593, 0.00169403234031, 0.00129530846607, 0.000973812420852, 0.000605435285252, 0.000328500493197, 0.000245857721893, 0.000218448898522, 0.000175993627636, 0.000125859922264, 5.87616596022e-05, 8.86357665877e-05, 7.34258137527e-05, 5.98999540671e-05, 6.39123754809e-05, 3.51274866262e-05, 4.26068618253e-05, 3.55480915459e-05, 1.81111718121e-05, 2.68844069069e-05, 4.62111938759e-06, 9.28726365146e-07],
        "dvar": [2.00156446972e-09, 4.54080281997e-06, 2.85275018541e-06, 1.08687372631e-05, 5.71657728869e-05, 9.98556970444e-06, 9.27778910409e-06, 4.90599859404e-06, 6.78485912431e-06, 9.24666323954e-07, 2.20209685153e-07, 1.69002163375e-07, 7.78542315061e-08, 6.93751616154e-08, 3.01589970775e-08, 6.65661215038e-09, 1.77619394748e-08, 1.16526104321e-08, 2.20751150692e-08, 2.49868232771e-08, 4.25605550802e-09, 1.15155103231e-08, 6.4112994913e-09, 1.59318325199e-09, 8.3475262258e-09, 1.06373888864e-10, 7.09289094472e-12],
        "dvar2": [5.20450882391e-09, 1.36725002449e-05, 7.71554823586e-06, 2.7969455914e-05, 0.000146913138451, 2.1573736376e-05, 2.10994021472e-05, 1.12409843496e-05, 1.50971336552e-05, 2.3572201826e-06, 5.94138725774e-07, 3.94993065811e-07, 1.93512221358e-07, 1.79065040129e-07, 8.16866574382e-08, 1.64986424522e-08, 4.96401888483e-08, 2.82081682457e-08, 4.22325641125e-08, 4.45553354211e-08, 8.64876259499e-09, 2.44981599451e-08, 1.46554013369e-08, 3.07065262106e-09, 1.74614260828e-08, 2.09054690226e-10, 1.62687623789e-11],
        "max": [0.000928511261009, 0.0410395152867, 0.0439022742212, 0.0468649081886, 0.110596753657, 0.0713725686073, 0.0637146905065, 0.0585384257138, 0.0765247344971, 0.0401089005172, 0.0126775214449, 0.0160653535277, 0.00606772536412, 0.00768703874201, 0.00496982550249, 0.00209899339825, 0.00437050871551, 0.0028135527391, 0.0141132622957, 0.0128464968875, 0.0033075499814, 0.00204560370184, 0.00171642331406, 0.00136540189851, 0.00184248643927, 0.000544345472008, 5.65887603443e-05],
        "mean": [4.79744521726e-05, 0.0032201372087, 0.00128680968191, 0.00181038910523, 0.00453693699092, 0.00417665252462, 0.00267689302564, 0.00185792695265, 0.001247992157, 0.000727305246983, 0.000313171651214, 0.00026093274937, 0.000258225103607, 0.000180172981345, 0.00013011394185, 6.47185734124e-05, 9.74951253738e-05, 8.96686615306e-05, 7.70159604144e-05, 9.23732077354e-05, 4.59864786535e-05, 5.00398491567e-05, 4.07259976782e-05, 2.03393174161e-05, 2.53660164162e-05, 4.50818697573e-06, 6.68086386213e-07],
        "median": [4.80241396872e-06, 0.00221517891623, 0.000642314960714, 0.000694887072314, 0.00191506789997, 0.00169372837991, 0.000623336294666, 0.000529963988811, 0.000203501011129, 0.000257192761637, 0.000101769866887, 8.75654222909e-05, 8.96733472473e-05, 5.6245669839e-05, 5.58863248443e-05, 2.71018670901e-05, 3.65740488633e-05, 3.60123085557e-05, 2.51965757343e-05, 2.21398004214e-05, 1.32953355205e-05, 9.79043761618e-06, 6.95135258866e-06, 3.49014680978e-06, 1.56905230142e-06, 5.11727193953e-07, 4.82652886546e-08],
        "min": [3.34940361266e-24, 2.95096330119e-23, 6.22791737611e-23, 3.43663908589e-23, 9.25189196289e-23, 9.38059682838e-23, 4.82776310673e-23, 1.10550983035e-23, 8.18119819305e-23, 1.06130518911e-22, 1.23648140877e-22, 7.82648026058e-23, 1.0307081776e-22, 7.97939368954e-23, 8.05058239089e-23, 1.60123213734e-22, 1.6433446879e-22, 1.4942619675e-22, 3.36829394411e-22, 4.21225798263e-22, 4.33645952521e-22, 5.42017770414e-22, 7.27064192479e-22, 7.47163308115e-22, 1.35292780494e-21, 1.55440131504e-21, 2.21429565489e-21],
        "var": [7.95265187037e-09, 1.17432155093e-05, 4.59170769318e-06, 1.20983459055e-05, 7.34410132281e-05, 3.89114429709e-05, 3.62889986718e-05, 1.22944520626e-05, 1.8450382413e-05, 1.90414903045e-06, 4.05591549679e-07, 3.82984723046e-07, 2.06641161071e-07, 1.53491996002e-07, 6.30261212109e-08, 1.48503618291e-08, 3.57037528431e-08, 2.74611124951e-08, 5.72796459153e-08, 1.05536244632e-07, 1.17783613973e-08, 2.14360262873e-08, 1.28236736785e-08, 3.41670114423e-09, 1.17401040001e-08, 2.4530566467e-10, 8.99975580171e-12]
    },
    "erbbands": {
        "dmean": [0.0183211304247, 0.301835238934, 0.782816052437, 2.47626161575, 8.68765544891, 6.8891119957, 9.14429855347, 14.5574140549, 16.776468277, 17.6581821442, 19.1732578278, 18.0348968506, 11.8709278107, 9.10673904419, 7.12461566925, 7.19260978699, 6.00344562531, 6.22092437744, 4.19012641907, 2.77127122879, 1.83791351318, 2.41335749626, 2.73464584351, 1.79921722412, 2.26836323738, 1.96273481846, 1.042714715, 1.18147754669, 1.13587832451, 0.594009757042, 0.782693624496, 0.326366186142, 0.193560346961, 0.135888755322, 0.195912018418, 0.0256640538573, 0.00462156813592, 0.000988846761174, 9.19596132007e-05, 1.08648509922e-05],
        "dmean2": [0.030549582094, 0.510234713554, 1.33554720879, 4.13259649277, 14.2125148773, 10.7844963074, 13.2415704727, 20.2438468933, 23.5744800568, 25.641834259, 27.2428340912, 26.047700882, 18.0014019012, 14.3005895615, 11.471455574, 11.3483009338, 9.50253677368, 10.129863739, 6.92214202881, 4.53487300873, 2.92089509964, 3.8447971344, 4.32514047623, 2.72377324104, 3.38921380043, 2.8969373703, 1.51330208778, 1.73650979996, 1.69089221954, 0.766668915749, 1.16042494774, 0.450086176395, 0.269944399595, 0.189322561026, 0.278665453196, 0.0352418571711, 0.00656093098223, 0.0014864198165, 0.000133529334562, 1.58006805577e-05],
        "dvar": [0.00134913995862, 0.326891481876, 2.89438199997, 28.6026878357, 1030.15161133, 369.836761475, 426.741485596, 1044.64758301, 1975.66345215, 2837.62451172, 2784.63061523, 5420.44873047, 1211.8314209, 544.023254395, 218.302963257, 393.994659424, 153.704910278, 212.581283569, 103.429412842, 32.7594833374, 15.7918844223, 32.9302101135, 36.7551879883, 20.8450756073, 91.6657409668, 65.0294799805, 9.71658611298, 11.3547859192, 18.4469795227, 3.03917884827, 7.32326459885, 0.993041992188, 0.354072391987, 0.238340511918, 1.13003969193, 0.00731921428815, 0.000236432606471, 1.67587222677e-05, 1.33005983116e-07, 7.11589842606e-10],
        "dvar2": [0.00378261646256, 0.98568713665, 7.78418445587, 76.3027954102, 2656.37402344, 945.742919922, 953.609802246, 2184.93334961, 4373.48144531, 6599.46142578, 6549.89599609, 12090.3212891, 3222.09375, 1359.8927002, 571.928771973, 912.465454102, 364.091186523, 555.779968262, 278.673278809, 86.2728347778, 37.7969360352, 86.9180526733, 91.6709976196, 44.3180618286, 167.383560181, 122.808815002, 20.2746658325, 23.3488903046, 42.8864631653, 5.40242624283, 17.5020046234, 1.85134708881, 0.714412391186, 0.484679013491, 2.41822123528, 0.0146104265004, 0.000483708106913, 4.03843951062e-05, 2.56008036104e-07, 1.55033785809e-09],
        "max": [0.56542879343, 11.2058935165, 41.301612854, 64.198059082, 456.629821777, 396.4793396, 531.833435059, 763.344238281, 1262.57409668, 2116.24682617, 1369.84851074, 2273.20751953, 1532.56835938, 758.581848145, 345.675109863, 831.830932617, 239.777816772, 467.18536377, 306.052520752, 133.582504272, 79.4400787354, 182.751205444, 169.413757324, 185.163513184, 946.132446289, 685.759887695, 173.005371094, 118.44254303, 91.6926956177, 71.1194381714, 54.301612854, 35.6441764832, 15.5598640442, 7.60337781906, 22.9369239807, 3.35327529907, 0.900723218918, 0.136084288359, 0.0124298334122, 0.000497996457852],
        "mean": [0.0666318312287, 0.802155375481, 1.62723338604, 3.80986380577, 11.5625801086, 13.89158535, 22.3576793671, 38.322883606, 43.3794517517, 37.4347724915, 38.5122032166, 34.8699951172, 23.2577724457, 16.6604957581, 12.5888204575, 12.6691493988, 11.9949827194, 11.750670433, 7.49825763702, 5.13131856918, 3.69204950333, 4.81833839417, 5.4768986702, 3.64603376389, 4.69517946243, 4.2627325058, 2.07148313522, 2.21380782127, 1.873898983, 1.08821749687, 1.27127063274, 0.539057970047, 0.283941596746, 0.19205018878, 0.244719520211, 0.0352839678526, 0.00604887679219, 0.00115627981722, 0.000117256044177, 3.20035251207e-05],
        "median": [0.0426205918193, 0.51414680481, 0.95606982708, 1.90950512886, 2.99475598335, 5.17875671387, 7.29438400269, 12.7983894348, 12.1787443161, 9.6071023941, 11.6117229462, 7.51335287094, 8.96913814545, 5.28959369659, 5.22308921814, 4.55223751068, 4.9034743309, 4.31720399857, 3.08695793152, 2.42496109009, 1.76009583473, 1.89935219288, 2.30949544907, 1.32796835899, 1.49430131912, 1.1001342535, 0.564117670059, 0.549786031246, 0.367293119431, 0.216357678175, 0.214905649424, 0.103127017617, 0.041723780334, 0.0195378232747, 0.00976585131139, 0.00361097184941, 0.000669583794661, 0.000104509366793, 2.22389626288e-05, 2.392908209e-05],
        "min": [9.13379557262e-22, 6.99849808962e-21, 6.52396638262e-20, 8.83212405531e-20, 1.1941171568e-19, 3.74569508445e-19, 5.20480601283e-19, 1.00098108202e-18, 8.58409007122e-19, 2.78740789577e-19, 5.14808985715e-19, 1.43564774351e-18, 3.27963443718e-18, 3.54093107331e-18, 4.68549096073e-18, 3.4884481178e-18, 3.97230245403e-18, 5.82448764494e-18, 2.24287045244e-18, 9.69404640868e-18, 5.95551677629e-18, 8.28023840469e-18, 8.84013959054e-18, 1.28991082389e-17, 1.72275417251e-17, 2.06189144078e-17, 2.3108853783e-17, 1.40680443118e-17, 1.91059282755e-17, 2.16946594857e-17, 1.96606504836e-17, 1.63418728258e-17, 1.1246872868e-17, 1.29981531911e-17, 1.10844195587e-17, 5.91611113267e-18, 2.86144934939e-18, 1.49769301029e-18, 3.0903123888e-19, 2.88140870059e-20],
        "var": [0.00559835275635, 0.797850370407, 6.0312795639, 33.8826217651, 947.981201172, 720.572937012, 1375.29492188, 4554.47314453, 8731.8203125, 7182.60986328, 6910.20507812, 14012.7070312, 2381.14013672, 1150.88720703, 453.549072266, 928.015441895, 405.263427734, 550.241271973, 228.983108521, 66.8239974976, 38.9046478271, 80.8807220459, 87.8580474854, 55.6423912048, 285.370513916, 248.787689209, 27.7510223389, 29.6190929413, 29.8841304779, 8.85398387909, 12.9745922089, 2.37119007111, 0.659453511238, 0.378324180841, 1.48164224625, 0.0135681051761, 0.000527148484252, 2.43082304223e-05, 2.18747771896e-07, 1.42759426502e-09]
    },
    "gfcc": {
        "mean": [-113.195526123, 148.665115356, -94.4711990356, 17.0053157806, -59.7474861145, -1.36500799656, -34.2220420837, -1.34401321411, -18.522769928, -1.72945737839, -5.60027694702, -2.3960108757, -8.10940742493],
        "cov": [[35116.921875, -5148.17041016, -4743.07519531, 3075.03710938, -2334.8659668, 1386.61608887, 29.6155185699, 1116.19006348, -431.287780762, 764.73638916, -707.284240723, -133.789840698, -466.72467041], [-5148.17041016, 3002.57470703, 552.658325195, -1159.21459961, 857.690307617, -474.438690186, 121.523895264, -272.479736328, 282.439147949, -256.182983398, 333.155303955, -51.8257980347, 188.246627808], [-4743.07519531, 552.658325195, 1356.35192871, -279.018829346, 377.425842285, 53.6548538208, 24.4111824036, -83.3056945801, 77.1587524414, -20.7708892822, 95.9300994873, 88.200378418, 58.3310203552], [3075.03710938, -1159.21459961, -279.018829346, 885.997009277, -333.908813477, 237.969314575, 54.3644714355, 155.969833374, -49.0375061035, 130.929733276, -112.499755859, -12.5833721161, -68.8885345459], [-2334.8659668, 857.690307617, 377.425842285, -333.908813477, 512.354309082, -49.4322891235, 61.2798919678, -12.468006134, 127.162445068, -42.1641120911, 101.39151001, 3.54402589798, 89.4936447144], [1386.61608887, -474.438690186, 53.6548538208, 237.969314575, -49.4322891235, 363.890045166, 105.121818542, 141.321182251, 2.37750911713, 125.410346985, -25.0429077148, 29.174785614, -15.2151613235], [29.6155185699, 121.523895264, 24.4111824036, 54.3644714355, 61.2798919678, 105.121818542, 202.291610718, 77.0029754639, 38.9766273499, 38.170085907, 58.2311210632, 0.138746529818, 13.8627634048], [1116.19006348, -272.479736328, -83.3056945801, 155.969833374, -12.468006134, 141.321182251, 77.0029754639, 189.644943237, 27.0010375977, 70.0612106323, -18.9394874573, 3.32380604744, -7.4999370575], [-431.287780762, 282.439147949, 77.1587524414, -49.0375061035, 127.162445068, 2.37750911713, 38.9766273499, 27.0010375977, 156.730743408, 43.6968231201, 38.0662193298, 3.17340564728, 38.8532218933], [764.73638916, -256.182983398, -20.7708892822, 130.929733276, -42.1641120911, 125.410346985, 38.170085907, 70.0612106323, 43.6968231201, 134.098587036, 3.68752980232, 17.56599617, 3.08953404427], [-707.284240723, 333.155303955, 95.9300994873, -112.499755859, 101.39151001, -25.0429077148, 58.2311210632, -18.9394874573, 38.0662193298, 3.68752980232, 117.407951355, 23.018497467, 27.5344944], [-133.789840698, -51.8257980347, 88.200378418, -12.5833721161, 3.54402589798, 29.174785614, 0.138746529818, 3.32380604744, 3.17340564728, 17.56599617, 23.018497467, 81.5378265381, 30.9745025635], [-466.72467041, 188.246627808, 58.3310203552, -68.8885345459, 89.4936447144, -15.2151613235, 13.8627634048, -7.4999370575, 38.8532218933, 3.08953404427, 27.5344944, 30.9745025635, 92.0157241821]],
        "icov": [[0.000159157294547, -0.000376457726816, 0.000469809601782, -0.000383793114452, 0.000349370326148, -0.000551490753423, 0.000507370743435, -0.000536935811397, 0.000429656443885, -0.000512658210937, 0.000415776885347, -0.000486129778437, 0.000316118675983], [-0.000376457726816, 0.00324986269698, -0.00106829963624, 0.00230651535094, -0.0020990499761, 0.0018997634761, -0.00258549093269, 0.00264902459458, -0.00353545602411, 0.00371061824262, -0.00367081677541, 0.00334558496252, -0.00185248651542], [0.000469809601782, -0.00106829963624, 0.00252460315824, -0.00109688646626, 7.15289716027e-05, -0.00217749131843, 0.00154204922728, -0.000724165234715, 0.00110105006024, -0.00133513624314, 0.0011868980946, -0.00268639461137, 0.00155499659013], [-0.000383793114452, 0.00230651535094, -0.00109688646626, 0.00382489385083, -0.000547640142031, 0.00122093618847, -0.0025960621424, 0.00146724458318, -0.00254436582327, 0.00188763218466, -0.00150258617941, 0.00276725832373, -0.00133218872361], [0.000349370326148, -0.0020990499761, 7.15289716027e-05, -0.000547640142031, 0.006318080239, -0.00202674022876, 0.00174600246828, -0.00323845515959, -8.82476088009e-05, -0.000353065843228, 0.000576654856559, 0.000172836342244, -0.00157765869517], [-0.000551490753423, 0.0018997634761, -0.00217749131843, 0.00122093618847, -0.00202674022876, 0.00854300986975, -0.00465829111636, 0.000251150602708, -0.000259802269284, -0.00215388322249, 0.000311880896334, 0.0003846801701, -0.000324125896441], [0.000507370743435, -0.00258549093269, 0.00154204922728, -0.0025960621424, 0.00174600246828, -0.00465829111636, 0.0114344479516, -0.00502679590136, 0.00218879058957, -0.0013963021338, -0.00307120545767, -0.000190266233403, 0.000446744641522], [-0.000536935811397, 0.00264902459458, -0.000724165234715, 0.00146724458318, -0.00323845515959, 0.000251150602708, -0.00502679590136, 0.0123027358204, -0.00391147378832, 0.00142871763092, -0.000396919960622, 0.00148297590204, -0.000410823355196], [0.000429656443885, -0.00353545602411, 0.00110105006024, -0.00254436582327, -8.82476088009e-05, -0.000259802269284, 0.00218879058957, -0.00391147378832, 0.0145765738562, -0.00944208167493, 0.00361488806084, -0.00247099949047, 0.000115857816127], [-0.000512658210937, 0.00371061824262, -0.00133513624314, 0.00188763218466, -0.000353065843228, -0.00215388322249, -0.0013963021338, 0.00142871763092, -0.00944208167493, 0.0198857970536, -0.00742162950337, 0.00338359759189, -0.00321689760312], [0.000415776885347, -0.00367081677541, 0.0011868980946, -0.00150258617941, 0.000576654856559, 0.000311880896334, -0.00307120545767, -0.000396919960622, 0.00361488806084, -0.00742162950337, 0.0200519450009, -0.00874967779964, 0.00333031406626], [-0.000486129778437, 0.00334558496252, -0.00268639461137, 0.00276725832373, 0.000172836342244, 0.0003846801701, -0.000190266233403, 0.00148297590204, -0.00247099949047, 0.00338359759189, -0.00874967779964, 0.0221252087504, -0.00939027685672], [0.000316118675983, -0.00185248651542, 0.00155499659013, -0.00133218872361, -0.00157765869517, -0.000324125896441, 0.000446744641522, -0.000410823355196, 0.000115857816127, -0.00321689760312, 0.00333031406626, -0.00939027685672, 0.0178814008832]]
    },
    "melbands": {
        "dmean": [0.000244217721047, 0.000405107915867, 0.000628748792224, 0.000565139576793, 0.000310975941829, 0.00032042094972, 0.000250203709584, 0.000188955586054, 0.000158016060595, 0.000103724989458, 5.76818711124e-05, 3.83938422601e-05, 2.75190304819e-05, 1.79308826773e-05, 1.44055784403e-05, 1.40705960803e-05, 1.2144268112e-05, 6.94148093316e-06, 4.28754492532e-06, 3.43531360159e-06, 2.33891023527e-06, 2.54928045251e-06, 3.19366426993e-06, 2.40234089688e-06, 1.46774243603e-06, 1.6179569684e-06, 1.74307263023e-06, 1.3653835822e-06, 7.7981820823e-07, 5.99055454131e-07, 7.76594902163e-07, 8.35940511479e-07, 3.3500691643e-07, 3.44144723385e-07, 5.96752272486e-07, 2.36575331769e-07, 1.91127682569e-07, 1.46789460587e-07, 1.01196057756e-07, 1.11184043305e-07],
        "dmean2": [0.000410905631725, 0.000689898559358, 0.00103498157114, 0.000908718386199, 0.000451761850854, 0.000445517158369, 0.000353173149051, 0.00027201382909, 0.000225622527068, 0.000149511106429, 8.78617865965e-05, 6.01811152592e-05, 4.46997619292e-05, 2.85129972326e-05, 2.25563799177e-05, 2.27374075621e-05, 1.99465921469e-05, 1.14961894724e-05, 6.98037229085e-06, 5.67749930269e-06, 3.7615770907e-06, 4.09609174312e-06, 5.19996910953e-06, 3.79294169761e-06, 2.26735096476e-06, 2.49640470429e-06, 2.5865851967e-06, 2.06347158382e-06, 1.17727495308e-06, 9.12649340989e-07, 1.15125510547e-06, 1.29490717882e-06, 4.69756656685e-07, 4.72714759781e-07, 9.19518413411e-07, 3.3006637068e-07, 2.71229254167e-07, 2.10537209e-07, 1.44402008573e-07, 1.59889864904e-07],
        "dvar": [2.08684070913e-07, 6.40674329588e-07, 2.94263554679e-06, 3.53069935954e-06, 4.84518977828e-07, 4.67724760256e-07, 4.03309655894e-07, 2.8202467206e-07, 1.99841892368e-07, 1.68454917571e-07, 2.92212600783e-08, 1.01346300241e-08, 4.0056495898e-09, 1.76762704474e-09, 1.31706145989e-09, 8.2684198377e-10, 8.43397074402e-10, 2.89076262927e-10, 8.94359863945e-11, 5.37456641692e-11, 2.85574706244e-11, 3.39138821193e-11, 7.01866620378e-11, 3.60019652978e-11, 1.47747994395e-11, 6.32041155524e-11, 4.06558779698e-11, 3.56956235403e-11, 5.97694636839e-12, 3.45700811727e-12, 5.39587081613e-12, 1.20267580617e-11, 8.90405262542e-13, 1.09264713163e-12, 5.16085351537e-12, 5.66996970208e-13, 3.67664015552e-13, 2.24870442362e-13, 8.97815553998e-14, 1.69158686624e-13],
        "dvar2": [6.12682583778e-07, 1.79350831786e-06, 7.51525431042e-06, 9.20041111385e-06, 1.08689391709e-06, 9.86344844023e-07, 8.80240008883e-07, 6.48609898235e-07, 4.76888999401e-07, 3.73837934831e-07, 7.73488721961e-08, 2.49990375067e-08, 1.0694424013e-08, 4.33708891023e-09, 2.94898150344e-09, 2.13495976453e-09, 2.21601914596e-09, 7.68526187134e-10, 2.33890490309e-10, 1.40460518216e-10, 7.01476862708e-11, 8.59360430039e-11, 2.00076233359e-10, 8.87043563602e-11, 3.29025591495e-11, 1.24226240406e-10, 7.35582358913e-11, 7.67071753338e-11, 1.36092899103e-11, 7.91408084899e-12, 1.14516790148e-11, 2.91469071101e-11, 1.68656137233e-12, 2.13238975089e-12, 1.31706512016e-11, 1.12206858388e-12, 7.29115498446e-13, 4.72428519915e-13, 1.92057009402e-13, 3.52420078797e-13],
        "max": [0.00809671450406, 0.0168588161469, 0.0223314538598, 0.028804268688, 0.0180304646492, 0.0160234421492, 0.0169560592622, 0.022249257192, 0.0118434661999, 0.0127497306094, 0.00760641461238, 0.00343995331787, 0.00146258808672, 0.00159169908147, 0.00123846682254, 0.000703975150827, 0.000805924471933, 0.000454346591141, 0.000245516799623, 0.000186880555702, 0.000126528102555, 0.000131156251882, 0.000281400134554, 0.000181288589374, 0.000124588434119, 0.000800470996182, 0.000494044274092, 0.000485922268126, 0.000108448184619, 7.95674059191e-05, 6.15527824266e-05, 7.54774737288e-05, 3.49259426002e-05, 4.565647032e-05, 4.85753917019e-05, 2.80792719423e-05, 2.44344755629e-05, 1.26037693917e-05, 6.49481307846e-06, 7.05255297362e-06],
        "mean": [0.000772560364567, 0.000966787280049, 0.000918781617656, 0.000907003704924, 0.00078044104157, 0.000850344251376, 0.000635622593109, 0.000395394978113, 0.00030564100598, 0.000197563524125, 0.000109528700705, 6.70018634992e-05, 4.39788782387e-05, 3.12038355332e-05, 2.64979262283e-05, 2.7181195037e-05, 2.09215686482e-05, 1.18473872135e-05, 7.53153108235e-06, 5.94484845351e-06, 4.19335356128e-06, 4.75465640193e-06, 5.78752087677e-06, 4.43041199105e-06, 2.66135771199e-06, 3.06110291604e-06, 3.54496751243e-06, 2.70104555966e-06, 1.4195913991e-06, 1.07332755306e-06, 1.35598429551e-06, 1.28322380988e-06, 5.78190906708e-07, 5.98315466505e-07, 9.05505942228e-07, 3.96457693341e-07, 2.90191337626e-07, 2.08241161204e-07, 1.42059931818e-07, 1.53302522676e-07],
        "median": [0.000547601142898, 0.000634300988168, 0.000410025037127, 0.000320154445944, 0.000266081828158, 0.000312662130455, 0.000170254788827, 0.00010375380225, 8.00788402557e-05, 3.66502499674e-05, 4.02743389714e-05, 1.80706883839e-05, 1.49367951963e-05, 1.20870090541e-05, 1.01971336335e-05, 9.18211844692e-06, 6.75168939779e-06, 4.38274400949e-06, 3.32091963173e-06, 2.61321338257e-06, 1.79432913683e-06, 1.85839667211e-06, 1.88050285033e-06, 1.58274553996e-06, 7.9302856193e-07, 9.51315200837e-07, 8.51571599014e-07, 6.11923042015e-07, 2.9712495575e-07, 2.69494762506e-07, 2.85222540697e-07, 2.10978498671e-07, 1.33083787546e-07, 9.64486588373e-08, 1.35892747721e-07, 8.00506683163e-08, 4.75645194342e-08, 2.85160304259e-08, 2.02382572922e-08, 1.42332234887e-08],
        "min": [6.76752963195e-24, 2.52587045628e-23, 1.73231756417e-23, 1.52320016229e-23, 2.1617676034e-23, 2.06520787315e-23, 1.22275862112e-23, 2.16668634836e-24, 5.31955532446e-24, 1.05102360206e-23, 1.69233730463e-23, 1.43764788158e-23, 1.63411258562e-23, 9.29857328027e-24, 8.34108625681e-24, 1.17034512486e-23, 1.03294780105e-23, 2.47273972768e-24, 8.69279436938e-24, 1.54280446019e-23, 5.51718036401e-24, 8.16700832085e-24, 9.89424688297e-24, 6.77673011668e-24, 1.0150741062e-23, 1.54006932166e-23, 1.15062991311e-23, 1.3697946419e-23, 1.63398715673e-23, 8.4016573637e-24, 8.53061245587e-24, 1.10432283134e-23, 1.00317193063e-23, 1.36226117803e-23, 1.10875630852e-23, 1.064359059e-23, 1.01371892205e-23, 7.32100469824e-24, 9.87663161895e-24, 1.08010243497e-23],
        "var": [6.71702196087e-07, 1.45448234434e-06, 3.06202059619e-06, 3.74104479306e-06, 1.64752611909e-06, 1.99508622245e-06, 1.87805244423e-06, 7.15586338629e-07, 4.94026551223e-07, 4.366434041e-07, 5.67804185891e-08, 2.13953548212e-08, 7.54549400739e-09, 4.17424228516e-09, 2.98664137866e-09, 2.35527752857e-09, 1.93364524392e-09, 6.25356877393e-10, 1.83016754529e-10, 1.11352559118e-10, 6.21162982162e-11, 8.25978382912e-11, 1.38380459869e-10, 8.1265875973e-11, 3.4233227364e-11, 1.3926197695e-10, 1.69823349827e-10, 1.10118122953e-10, 1.39747744626e-11, 8.20822576575e-12, 1.20412213186e-11, 1.71051402209e-11, 2.20054551837e-12, 2.97541331851e-12, 7.82540698907e-12, 1.25832059616e-12, 7.93948511536e-13, 3.89734089185e-13, 1.49596792744e-13, 2.55975579275e-13]
    },
    "mfcc": {
        "mean": [-739.87701416, 159.321548462, 23.0140209198, 23.3088092804, -4.33133602142, 1.162073493, -5.30097150803, -1.89723086357, -9.64484024048, -1.126765728, -0.526152729988, 0.640183210373, -3.07312178612],
        "cov": [[20422.0507812, 179.707626343, -2872.88061523, 260.095733643, -563.149169922, 240.310180664, -0.625607311726, 491.498901367, 405.488555908, 708.652099609, 261.455566406, 234.479217529, 115.283401489], [179.707626343, 1615.83642578, -41.850643158, -72.6671066284, -5.10432815552, -58.4376869202, 3.60601806641, 1.65643537045, -45.7840919495, -14.7897539139, 25.7075595856, 32.7729988098, 4.08926725388], [-2872.88061523, -41.850643158, 897.967895508, 0.946729660034, 143.952270508, 59.3640632629, 44.7241020203, -52.7373580933, -46.9145355225, -114.285705566, -14.3547563553, -30.4521045685, -0.240471690893], [260.095733643, -72.6671066284, 0.946729660034, 299.978973389, 71.3087997437, 35.7514724731, 8.30818748474, 44.2956809998, 36.4749794006, 54.9254150391, 18.1447238922, 32.4103965759, 12.6664419174], [-563.149169922, -5.10432815552, 143.952270508, 71.3087997437, 206.122192383, 57.9765357971, 18.6696491241, 14.5216941833, 56.3365631104, 14.2113218307, 11.6801719666, 15.3324680328, 14.6079692841], [240.310180664, -58.4376869202, 59.3640632629, 35.7514724731, 57.9765357971, 177.065582275, 62.8816490173, 42.1381034851, 54.2300758362, 52.3798446655, 42.6226158142, 34.1679573059, 26.6224956512], [-0.625607311726, 3.60601806641, 44.7241020203, 8.30818748474, 18.6696491241, 62.8816490173, 201.81149292, 84.4164505005, 22.8104877472, 51.3607406616, 49.7536659241, 20.6800289154, 17.6767807007], [491.498901367, 1.65643537045, -52.7373580933, 44.2956809998, 14.5216941833, 42.1381034851, 84.4164505005, 123.709976196, 54.0809440613, 55.606338501, 37.823928833, 25.0114002228, 32.0713233948], [405.488555908, -45.7840919495, -46.9145355225, 36.4749794006, 56.3365631104, 54.2300758362, 22.8104877472, 54.0809440613, 133.797271729, 75.8434371948, 34.6037635803, 29.8104686737, 26.5692272186], [708.652099609, -14.7897539139, -114.285705566, 54.9254150391, 14.2113218307, 52.3798446655, 51.3607406616, 55.606338501, 75.8434371948, 149.305969238, 63.0789031982, 38.094745636, 14.5641441345], [261.455566406, 25.7075595856, -14.3547563553, 18.1447238922, 11.6801719666, 42.6226158142, 49.7536659241, 37.823928833, 34.6037635803, 63.0789031982, 103.361618042, 39.3537902832, 19.2432518005], [234.479217529, 32.7729988098, -30.4521045685, 32.4103965759, 15.3324680328, 34.1679573059, 20.6800289154, 25.0114002228, 29.8104686737, 38.094745636, 39.3537902832, 90.5808029175, 39.1625785828], [115.283401489, 4.08926725388, -0.240471690893, 12.6664419174, 14.6079692841, 26.6224956512, 17.6767807007, 32.0713233948, 26.5692272186, 14.5641441345, 19.2432518005, 39.1625785828, 86.6874389648]],
