{
"lowlevel": {
    "average_loudness": 0.938888370991,
    "barkbands_crest": {
        "dmean": 1.89271426201,
        "dmean2": 2.57056236267,
        "dvar": 6.23562526703,
        "dvar2": 12.9764385223,
        "max": 26.6281528473,
        "mean": 15.7756357193,
        "median": 16.0470275879,
        "min": 2.8704252243,
        "var": 38.5842132568
    },
    "barkbands_flatness_db": {
        "dmean": 0.0258822645992,
        "dmean2": 0.0375028289855,
        "dvar": 0.00112358073238,
        "dvar2": 0.00239619077183,
        "max": 0.561299622059,
        "mean": 0.193598151207,
        "median": 0.181720584631,
        "min": 0.0261590890586,
        "var": 0.00596353923902
    },
    "barkbands_kurtosis": {
        "dmean": 9.30769443512,
        "dmean2": 15.3573980331,
        "dvar": 516.935302734,
        "dvar2": 1514.48486328,
        "max": 531.76184082,
        "mean": 39.7258224487,
        "median": 7.77672100067,
        "min": -1.96563863754,
        "var": 7444.8046875
    },
    "barkbands_skewness": {
        "dmean": 0.645726621151,
        "dmean2": 0.9622169137,
        "dvar": 0.709176838398,
        "dvar2": 1.73988986015,
        "max": 16.7267150879,
        "mean": 0.160194426775,
        "median": 2.30204343796,
        "min": -20.5704555511,
        "var": 33.4208335876
    },
    "barkbands_spread": {
        "dmean": 8.69076156616,
        "dmean2": 12.0083913803,
        "dvar": 187.953674316,
        "dvar2": 322.182830811,
        "max": 141.924743652,
        "mean": 25.9431724548,
        "median": 15.8994474411,
        "min": 0.593497514725,
        "var": 605.741455078
    },
    "dissonance": {
        "dmean": 0.0205090846866,
        "dmean2": 0.0322461389005,
        "dvar": 0.000585437985137,
        "dvar2": 0.0013587634312,
        "max": 0.500000059605,
        "mean": 0.445600271225,
        "median": 0.454220116138,
        "min": 0.206716373563,
        "var": 0.0018720299704
    },
    "dynamic_complexity": 9.46460151672,
    "erbbands_crest": {
        "dmean": 2.15583395958,
        "dmean2": 3.23495364189,
        "dvar": 6.61642122269,
        "dvar2": 14.8740377426,
        "max": 29.3098983765,
        "mean": 11.2316713333,
        "median": 11.3037424088,
        "min": 2.4801003933,
        "var": 28.6513977051
    },
    "erbbands_flatness_db": {
        "dmean": 0.012397851795,
        "dmean2": 0.0186207722872,
        "dvar": 0.000358502118615,
        "dvar2": 0.000717980845366,
        "max": 0.394983381033,
        "mean": 0.119059443474,
        "median": 0.111190401018,
        "min": 0.0494033060968,
        "var": 0.00174294307362
    },
    "erbbands_kurtosis": {
        "dmean": 0.687006950378,
        "dmean2": 0.994417786598,
        "dvar": 1.1688773632,
        "dvar2": 2.35281682014,
        "max": 35.4734573364,
        "mean": 0.295132339001,
        "median": 0.00243210792542,
        "min": -1.78695297241,
        "var": 2.73530673981
    },
    "erbbands_skewness": {
        "dmean": 0.312310874462,
        "dmean2": 0.42130446434,
        "dvar": 0.162764817476,
        "dvar2": 0.269421815872,
        "max": 2.44132852554,
        "mean": -0.000507550255861,
        "median": 0.156293049455,
        "min": -5.31646871567,
        "var": 0.56311661005
    },
    "erbbands_spread": {
        "dmean": 9.29199790955,
        "dmean2": 13.0995759964,
        "dvar": 104.140380859,
        "dvar2": 217.544494629,
        "max": 139.310409546,
        "mean": 53.1990623474,
        "median": 48.6445503235,
        "min": 2.52941584587,
        "var": 382.117736816
    },
    "hfc": {
        "dmean": 27.5194664001,
        "dmean2": 38.668926239,
        "dvar": 3566.2434082,
        "dvar2": 7471.47167969,
        "max": 469.99432373,
        "mean": 47.6656150818,
        "median": 19.0911178589,
        "min": 2.2375543085e-10,
        "var": 5759.79833984
    },
    "melbands_crest": {
        "dmean": 1.86895954609,
        "dmean2": 2.53149604797,
        "dvar": 6.08631563187,
        "dvar2": 12.9011421204,
        "max": 38.4345779419,
        "mean": 17.3208713531,
        "median": 17.9374752045,
        "min": 1.56486856937,
        "var": 71.6190109253
    },
    "melbands_flatness_db": {
        "dmean": 0.0322245061398,
        "dmean2": 0.0456946492195,
        "dvar": 0.00207399879582,
        "dvar2": 0.00440761214122,
        "max": 0.710646629333,
        "mean": 0.224204003811,
        "median": 0.24601252377,
        "min": 0.00488542020321,
        "var": 0.0114968717098
    },
    "melbands_kurtosis": {
        "dmean": 6.69686889648,
        "dmean2": 9.66148471832,
        "dvar": 178.226898193,
        "dvar2": 400.946258545,
        "max": 411.476074219,
        "mean": 22.135307312,
        "median": 19.6539993286,
        "min": -1.88533425331,
        "var": 542.675354004
    },
    "melbands_skewness": {
        "dmean": 0.568681299686,
        "dmean2": 0.806098520756,
        "dvar": 0.581984162331,
        "dvar2": 1.33076012135,
        "max": 14.6071996689,
        "mean": 3.62110996246,
        "median": 3.92835068703,
        "min": -4.69824028015,
        "var": 4.20773506165
    },
    "melbands_spread": {
        "dmean": 10.2576398849,
        "dmean2": 15.3793106079,
        "dvar": 389.132141113,
        "dvar2": 864.278076172,
        "max": 282.239746094,
        "mean": 35.0108566284,
        "median": 13.0122919083,
        "min": 0.524171054363,
        "var": 1898.0892334
    },
    "pitch_salience": {
        "dmean": 0.0584268271923,
        "dmean2": 0.0821517333388,
        "dvar": 0.00452406704426,
        "dvar2": 0.0089736636728,
        "max": 0.950291991234,
        "mean": 0.471478849649,
        "median": 0.456341862679,
        "min": 0.0922243595123,
        "var": 0.0348493233323
    },
    "silence_rate_20dB": {
        "dmean": 0,
        "dmean2": 0,
        "dvar": 0,
        "dvar2": 0,
        "max": 1,
        "mean": 1,
        "median": 1,
        "min": 1,
        "var": 0
    },
    "silence_rate_30dB": {
        "dmean": 0.00678566144779,
        "dmean2": 0.0135723240674,
        "dvar": 0.00673940591514,
        "dvar2": 0.0191408004612,
        "max": 1,
        "mean": 0.99601739645,
        "median": 1,
        "min": 0,
        "var": 0.00396631937474
    },
    "silence_rate_60dB": {
        "dmean": 0.00752323353663,
        "dmean2": 0.0149738145992,
        "dvar": 0.00746354646981,
        "dvar2": 0.0147540690377,
        "max": 1,
        "mean": 0.154362410307,
        "median": 0,
        "min": 0,
        "var": 0.130537122488
    },
    "spectral_centroid": {
        "dmean": 346.577972412,
        "dmean2": 483.589782715,
        "dvar": 249150.59375,
        "dvar2": 457411.71875,
        "max": 6346.55126953,
        "mean": 1712.77722168,
        "median": 1157.15429688,
        "min": 150.093795776,
        "var": 1491579.875
    },
    "spectral_complexity": {
        "dmean": 4.52102088928,
        "dmean2": 7.38607358932,
        "dvar": 61.868144989,
        "dvar2": 144.956436157,
        "max": 56,
        "mean": 14.6134672165,
        "median": 13,
        "min": 0,
        "var": 114.160751343
    },
    "spectral_decrease": {
        "dmean": 1.56050683486e-09,
        "dmean2": 2.42623809932e-09,
        "dvar": 8.27748223889e-18,
        "dvar2": 2.08965046408e-17,
        "max": 7.57102982788e-16,
        "mean": -1.07362785329e-08,
        "median": -1.15408100854e-08,
        "min": -3.4881715294e-08,
        "var": 3.41327741789e-17
    },
    "spectral_energy": {
        "dmean": 0.00778409838676,
        "dmean2": 0.0116905681789,
        "dvar": 0.00017674107221,
        "dvar2": 0.000411108136177,
        "max": 0.14021782577,
        "mean": 0.044844865799,
        "median": 0.0461546294391,
        "min": 2.03464547592e-14,
        "var": 0.000654166273307
    },
    "spectral_energyband_high": {
        "dmean": 0.00329349841923,
        "dmean2": 0.00455142045394,
        "dvar": 5.4582626035e-05,
        "dvar2": 0.000112546571472,
        "max": 0.059807471931,
        "mean": 0.00454062828794,
        "median": 0.000723044387996,
        "min": 1.39376518614e-14,
        "var": 8.5005092842e-05
    },
    "spectral_energyband_low": {
        "dmean": 0.00512557150796,
        "dmean2": 0.00751318410039,
        "dvar": 9.3460046628e-05,
        "dvar2": 0.000244744238444,
        "max": 0.123765796423,
        "mean": 0.0284286271781,
        "median": 0.0317546986043,
        "min": 2.28557626545e-16,
        "var": 0.000323715765262
    },
    "spectral_energyband_middle_high": {
        "dmean": 0.00119457440451,
        "dmean2": 0.00194776186254,
        "dvar": 4.87224133394e-06,
        "dvar2": 1.30293983602e-05,
        "max": 0.0260866377503,
        "mean": 0.00426940713078,
        "median": 0.00396314542741,
        "min": 3.10231936745e-15,
        "var": 1.18618772831e-05
    },
    "spectral_energyband_middle_low": {
        "dmean": 0.0029779560864,
        "dmean2": 0.00403056805953,
        "dvar": 3.42573257512e-05,
        "dvar2": 8.00258567324e-05,
        "max": 0.0919390693307,
        "mean": 0.0097469901666,
        "median": 0.00638525467366,
        "min": 6.88737259549e-16,
        "var": 0.000111318731797
    },
    "spectral_entropy": {
        "dmean": 0.375747621059,
        "dmean2": 0.520801126957,
        "dvar": 0.286338299513,
        "dvar2": 0.5229601264,
        "max": 9.27110767365,
        "mean": 7.3399271965,
        "median": 7.33439207077,
        "min": 4.44288110733,
        "var": 1.14304423332
    },
    "spectral_flux": {
        "dmean": 0.0271427314728,
        "dmean2": 0.0412807688117,
        "dvar": 0.00139647163451,
        "dvar2": 0.00292955362238,
        "max": 0.304296046495,
        "mean": 0.0649510547519,
        "median": 0.0449536107481,
        "min": 6.72999885865e-06,
        "var": 0.00336354179308
    },
    "spectral_kurtosis": {
        "dmean": 2.04609489441,
        "dmean2": 3.05674123764,
        "dvar": 24.14909935,
        "dvar2": 51.1980857849,
        "max": 270.220703125,
        "mean": 4.5906701088,
        "median": 2.50111484528,
        "min": -0.822328567505,
        "var": 46.5382270813
    },
    "spectral_rms": {
        "dmean": 0.000507431919686,
        "dmean2": 0.000747105164919,
        "dvar": 7.2589290312e-07,
        "dvar2": 1.61258219578e-06,
        "max": 0.0116960629821,
        "mean": 0.00600828509778,
        "median": 0.0067103584297,
        "min": 4.45535652815e-09,
        "var": 7.64914148021e-06
    },
    "spectral_rolloff": {
        "dmean": 827.416442871,
        "dmean2": 1328.73999023,
        "dvar": 2702997.75,
        "dvar2": 4606911,
        "max": 19961.2792969,
        "mean": 4139.265625,
        "median": 861.328125,
        "min": 64.599609375,
        "var": 41708936
    },
    "spectral_skewness": {
        "dmean": 0.346252709627,
        "dmean2": 0.471080631018,
        "dvar": 0.19973102212,
        "dvar2": 0.372546643019,
        "max": 13.121761322,
        "mean": 1.63933324814,
        "median": 1.53695952892,
        "min": -0.0662769079208,
        "var": 0.616785526276
    },
    "spectral_spread": {
        "dmean": 867682.125,
        "dmean2": 1194443.375,
        "dvar": 812361318400,
        "dvar2": 1.39966008525e+12,
        "max": 21272976,
        "mean": 7874599.5,
        "median": 6682483,
        "min": 411724.65625,
        "var": 1.86896068116e+13
    },
    "spectral_strongpeak": {
        "dmean": 0.142059832811,
        "dmean2": 0.22698391974,
        "dvar": 0.285825699568,
        "dvar2": 0.70413517952,
        "max": 26.1655158997,
        "mean": 0.662178456783,
        "median": 0.605125784874,
        "min": 0,
        "var": 0.450099140406
    },
    "zerocrossingrate": {
        "dmean": 0.018210535869,
        "dmean2": 0.019520804286,
        "dvar": 0.000548604468349,
        "dvar2": 0.000589183415286,
        "max": 0.84716796875,
        "mean": 0.164989694953,
        "median": 0.05517578125,
        "min": 0.0029296875,
        "var": 0.0664917081594
    },
    "barkbands": {
        "dmean": [4.62069074274e-05, 0.00306108221412, 0.00258651189506, 0.00184242951218, 0.00131262629293, 0.000519972061738, 0.00020438755746, 0.00023276200227, 0.000141435855767, 0.000317701953463, 0.000214409141336, 0.000117224240967, 5.2401337598e-05, 5.82999527978e-05, 0.000133579596877, 0.000132136643515, 0.000130382861244, 0.000226546573685, 0.000230043631746, 0.000309787574224, 0.000210736383451, 0.000789074518252, 0.000932870258112, 0.00100748380646, 0.000387655629311, 9.7418371297e-05, 1.6096742911e-05],
        "dmean2": [7.21825126675e-05, 0.00443016085774, 0.0036741096992, 0.0025699310936, 0.00173476687633, 0.000817594176624, 0.000283330766251, 0.000355243682861, 0.000206438286114, 0.000433404668001, 0.000324419641402, 0.000187565252418, 8.5324223619e-05, 9.79330507107e-05, 0.000209431280382, 0.000224919771426, 0.000221506154048, 0.000388698652387, 0.000369898654753, 0.000531461671926, 0.000342920684488, 0.00120237830561, 0.00124386779498, 0.00154147576541, 0.000623977510259, 0.000146579259308, 2.51826022577e-05],
        "dvar": [2.16453415192e-08, 5.71480704821e-05, 3.12153897539e-05, 2.15024574572e-05, 5.53636982659e-06, 1.59728494964e-06, 1.52758502736e-07, 2.23993851023e-07, 1.7252772011e-07, 4.54763721791e-07, 3.94802469827e-07, 1.0736503242e-07, 1.78161503328e-08, 1.8753185671e-08, 6.60881553927e-08, 7.11471201953e-08, 8.4920209531e-08, 2.44470726329e-07, 2.2508731945e-07, 4.46974695478e-07, 1.82081777211e-07, 3.40325050274e-06, 5.11419102622e-06, 6.83025064063e-06, 5.53682639293e-07, 5.60030279928e-08, 6.10073436214e-10],
        "dvar2": [5.30520445352e-08, 0.000141485637869, 7.75601729401e-05, 5.15320352861e-05, 1.08945132524e-05, 3.41731151821e-06, 3.80687282586e-07, 4.60248315903e-07, 3.21445327245e-07, 7.90558772223e-07, 7.37454229238e-07, 2.59321637941e-07, 4.48609505099e-08, 4.92275589181e-08, 1.54680293463e-07, 1.8809154767e-07, 2.30936890944e-07, 6.4915599296e-07, 5.88512193644e-07, 1.20243669244e-06, 4.15260814179e-07, 6.47720753477e-06, 1.04508972072e-05, 1.60133495228e-05, 1.24531231904e-06, 1.12355849069e-07, 1.64960745064e-09],
        "max": [0.00240861228667, 0.11315330863, 0.104378655553, 0.0657468140125, 0.050357285887, 0.0365025512874, 0.00744604319334, 0.0112597206607, 0.0121033778414, 0.0114852124825, 0.0181080084294, 0.0151357799768, 0.00314209097996, 0.0030364964623, 0.0116795850918, 0.00507611315697, 0.00620441976935, 0.00397169031203, 0.00421623885632, 0.00462337676436, 0.00554726319388, 0.0155552672222, 0.0187002848834, 0.0204409826547, 0.00756352115422, 0.00542933261022, 0.000536648440175],
        "mean": [3.90452696593e-05, 0.0127166360617, 0.0136770745739, 0.00350896152668, 0.00295731797814, 0.0011671949178, 0.000473560707178, 0.000824995688163, 0.000516504165716, 0.0015256392071, 0.000842515262775, 0.000255373801338, 0.000109608816274, 0.000112014582555, 0.000414834328694, 0.000205200194614, 0.000238848064328, 0.00025800691219, 0.00030785362469, 0.000300095154671, 0.000277848477708, 0.00109272147529, 0.00111516623292, 0.0010774229886, 0.000560844258871, 0.00021208509861, 5.73976067244e-05],
        "median": [1.0233585499e-06, 0.00629748217762, 0.00384202203713, 0.000293358665658, 0.000934205774684, 0.000685124134179, 0.000297077087453, 0.000184993856237, 9.53589187702e-05, 0.000196279637748, 4.77251269331e-05, 3.78585427825e-05, 1.79911639862e-05, 1.94244730665e-05, 0.000304469227558, 4.45206096629e-05, 0.000183589771041, 9.08160945983e-05, 0.000148706545588, 5.92596552451e-05, 8.93149117474e-05, 0.0001044978344, 6.67440181132e-05, 0.000106072933704, 0.000109976863314, 0.000100538112747, 4.53123320767e-05],
        "min": [1.83346051845e-16, 1.23143092475e-16, 1.56251638384e-17, 3.46404815089e-18, 2.13023326842e-17, 1.29657662577e-16, 3.17261404941e-16, 5.73099845134e-17, 1.04756965188e-16, 2.76063548801e-16, 9.17704479464e-17, 2.65115647958e-16, 1.6692360501e-16, 3.63333141598e-16, 1.57564751211e-16, 3.30654822252e-16, 3.50276499293e-16, 3.64671083078e-16, 5.61778985096e-16, 5.20482581967e-16, 6.39021666562e-16, 6.28434919392e-16, 1.0313253996e-15, 1.65319581365e-15, 2.9991501192e-15, 3.22365641363e-15, 4.03957466436e-15],
        "var": [1.9887847813e-08, 0.000180249189725, 0.000250344950473, 4.13169655076e-05, 1.74553715624e-05, 5.18313618159e-06, 3.59185293064e-07, 2.25241092267e-06, 1.53828682414e-06, 4.44997021987e-06, 3.01371915157e-06, 2.63926438038e-07, 5.83598946946e-08, 5.0481737901e-08, 2.10716507354e-07, 1.18972792507e-07, 9.50256335841e-08, 2.41357412278e-07, 2.38235386973e-07, 3.62314835911e-07, 3.30742096821e-07, 5.86963324167e-06, 7.36226820663e-06, 7.27100496078e-06, 1.11111148726e-06, 2.49347721137e-07, 3.11879100323e-09]
    },
    "erbbands": {
        "dmean": [0.0715642273426, 0.785709500313, 2.74041318893, 4.35560321808, 5.14512634277, 4.60167264938, 3.54917049408, 4.56885051727, 3.1806910038, 2.85066986084, 4.98763513565, 3.8698759079, 4.76748847961, 10.3437519073, 9.67416572571, 4.55865812302, 2.3378264904, 3.191832304, 6.8692612648, 5.63040494919, 6.48369836807, 7.09905958176, 10.2289619446, 11.137928009, 15.0332260132, 15.2281656265, 9.18897819519, 8.25174808502, 15.2560691833, 43.4681129456, 26.6078968048, 8.3362493515, 27.8469257355, 6.90216588974, 1.70840108395, 0.642099738121, 0.157051980495, 0.025343131274, 0.00250303512439, 0.000212072758586],
        "dmean2": [0.109122432768, 1.13717830181, 3.9840028286, 6.13460016251, 7.18199682236, 5.84909391403, 5.08450651169, 7.37847423553, 4.34065818787, 4.63093948364, 7.24298810959, 5.56018400192, 6.92141246796, 13.7074813843, 14.743689537, 7.14006376266, 3.69523835182, 5.30812454224, 10.6010074615, 9.31426811218, 11.142168045, 11.9633779526, 17.5040187836, 19.0296230316, 24.8508281708, 26.0352706909, 15.6643743515, 13.2152738571, 24.2380542755, 58.3369903564, 36.495098114, 12.057800293, 44.0219497681, 11.0003204346, 2.63358998299, 0.975627183914, 0.230314180255, 0.0388770848513, 0.00390019407496, 0.000329482136294],
        "dvar": [0.0463741980493, 3.27823710442, 29.2522563934, 81.8017425537, 166.209014893, 68.7586593628, 99.1154327393, 130.024749756, 37.1111297607, 35.993221283, 145.437911987, 132.875366211, 128.22883606, 498.808929443, 729.019775391, 205.191162109, 35.5535507202, 52.1421127319, 210.591094971, 132.033477783, 171.492904663, 250.366943359, 470.079833984, 692.26574707, 1073.11621094, 1078.26879883, 346.267822266, 331.539337158, 907.810546875, 12696.5673828, 4229.15722656, 265.704833984, 6345.6171875, 201.128356934, 12.2897081375, 2.55111694336, 0.114497549832, 0.000987258274108, 1.31849174068e-05, 1.12949180675e-07],
        "dvar2": [0.116310670972, 8.39099597931, 74.3467559814, 211.794372559, 392.766387939, 117.023521423, 181.781570435, 282.45916748, 87.8772964478, 97.7873687744, 279.709411621, 246.868865967, 249.452423096, 855.337768555, 1416.7322998, 467.615966797, 88.3017044067, 138.392120361, 477.539855957, 340.756591797, 460.580657959, 661.921813965, 1235.36315918, 1892.08972168, 2860.50976562, 2905.28051758, 867.416992188, 763.592895508, 1935.23339844, 23854.6210938, 9174.18457031, 551.614929199, 15313.2099609, 459.736175537, 27.4678878784, 5.16542243958, 0.203451603651, 0.00262480485253, 3.53246978193e-05, 3.03807127011e-07],
        "max": [2.762819767, 26.6083202362, 98.8299713135, 136.411148071, 199.627502441, 181.281921387, 393.254638672, 357.51361084, 156.598114014, 122.790649414, 306.37991333, 365.364044189, 345.949523926, 399.569976807, 699.505249023, 756.558349609, 152.404312134, 169.531097412, 726.140258789, 228.818496704, 212.232208252, 159.7059021, 201.024536133, 251.037445068, 268.677246094, 245.681686401, 151.211257935, 277.388916016, 221.012268066, 952.272399902, 556.898620605, 213.012130737, 624.228637695, 100.423240662, 54.8347129822, 36.7842826843, 8.55821895599, 0.544566988945, 0.106024198234, 0.00759363174438],
        "mean": [0.190654888749, 3.65919423103, 15.2984991074, 13.2157344818, 10.1746225357, 10.7498197556, 8.06455993652, 10.0882358551, 8.08409690857, 6.3896689415, 20.8894042969, 16.2420787811, 21.789018631, 50.7945594788, 37.9844169617, 13.4020032883, 5.77071857452, 6.96479177475, 21.1637706757, 13.5570573807, 10.2780704498, 11.1167526245, 13.7988376617, 13.6733255386, 18.0908946991, 15.115858078, 11.030418396, 11.0173835754, 21.0418872833, 56.2973709106, 31.6087284088, 10.6132478714, 27.1138896942, 8.79541110992, 2.74525761604, 1.18604493141, 0.357132732868, 0.0746702328324, 0.00838756375015, 0.000668380816933],
        "median": [0.0329301655293, 2.76297163963, 6.14694643021, 12.2311038971, 3.52444243431, 3.52215123177, 4.03801870346, 5.52565813065, 5.07889413834, 4.38826370239, 3.79451203346, 3.95121240616, 7.83930158615, 11.0523633957, 7.4270157814, 3.1912548542, 1.93512511253, 2.40615296364, 13.1738624573, 6.95821905136, 5.19247674942, 7.25731229782, 6.58842611313, 4.15570354462, 6.41990661621, 3.86722040176, 4.26676368713, 3.27861952782, 2.82579469681, 2.39276576042, 2.33396410942, 1.75082206726, 1.61002469063, 1.27554607391, 0.65565943718, 0.353406339884, 0.159159585834, 0.06678263098, 0.00765217468143, 0.000493955914862],
        "min": [6.49686891335e-15, 1.77598448372e-14, 2.12884638167e-14, 1.59953955869e-14, 1.34085950825e-14, 8.96338260776e-14, 3.32904954688e-13, 1.38398710894e-12, 3.79615479676e-12, 4.05433629377e-12, 7.59068968705e-13, 2.3291462075e-12, 6.19222728648e-12, 8.39792905355e-12, 4.39140867767e-12, 1.16398939098e-11, 9.07060451055e-12, 1.4383052041e-11, 1.26262680866e-11, 1.80178857945e-11, 1.34295760276e-11, 2.07269028329e-11, 2.31235655623e-11, 2.50911045413e-11, 2.56242752711e-11, 2.60973725269e-11, 2.55260101251e-11, 2.39265794677e-11, 2.19154278058e-11, 2.41363578429e-11, 2.96733436433e-11, 3.31494970363e-11, 3.21996353192e-11, 2.84184169252e-11, 2.29363732868e-11, 1.39134537225e-11, 5.59835164338e-12, 1.95336650501e-12, 4.62317575715e-13, 6.63316108854e-14],
        "var": [0.0733252093196, 10.9772768021, 236.163101196, 202.301055908, 327.660522461, 253.220794678, 239.451660156, 582.603088379, 106.156738281, 61.9416656494, 1643.63513184, 1223.7208252, 1479.39880371, 5166.26660156, 5208.93066406, 632.872436523, 118.69783783, 135.537643433, 649.274780273, 356.07043457, 205.239379883, 261.762451172, 494.25604248, 597.99017334, 1031.06652832, 861.715820312, 413.244720459, 626.42364502, 1597.35192871, 20507.2734375, 5726.37353516, 507.930999756, 6061.87939453, 288.144042969, 37.7731132507, 10.6651954651, 0.597976922989, 0.00488944258541, 6.28881680313e-05, 4.70104964734e-07]
    },
    "gfcc": {
        "mean": [-87.9564285278, 34.6409988403, -63.547416687, 28.859664917, -39.5546302795, 17.6739521027, -25.0533046722, 9.78707504272, -18.7652511597, -5.24677848816, -17.4520664215, -0.205401226878, -9.46583175659],
        "cov": [[120749.890625, 14508.7382812, -2464.76489258, 5419.69824219, -5141.51708984, 2148.72509766, -4287.14111328, 1552.67773438, -3177.8046875, 151.358963013, -3011.72827148, 540.240722656, -1445.29650879], [14508.7382812, 3438.07324219, -814.500976562, 167.415054321, -399.540496826, -207.175430298, -480.454040527, 86.5205841064, -378.887115479, 18.5386276245, -396.199432373, -36.8802490234, -132.11567688], [-2464.76489258, -814.500976562, 862.143615723, 29.536781311, 223.679138184, 225.351028442, 191.254348755, 65.8365325928, 111.13356781, 25.6922512054, 33.7256202698, 37.6964492798, 20.244260788], [5419.69824219, 167.415054321, 29.536781311, 626.524108887, -274.685882568, 314.320007324, -163.696273804, 140.344055176, -122.321479797, 28.1250152588, -105.225418091, 51.7202987671, -69.9588241577], [-5141.51708984, -399.540496826, 223.679138184, -274.685882568, 521.005371094, -100.115386963, 320.247589111, -28.0652122498, 135.412979126, 30.9869289398, 125.012001038, -0.452618062496, 99.5488586426], [2148.72509766, -207.175430298, 225.351028442, 314.320007324, -100.115386963, 365.451568604, -29.0075378418, 122.707321167, -8.53719997406, 11.862030983, -24.8006134033, 74.3835754395, -19.4940433502], [-4287.14111328, -480.454040527, 191.254348755, -163.696273804, 320.247589111, -29.0075378418, 295.787719727, -14.6098880768, 123.384208679, 8.08979797363, 99.5478439331, 9.91548919678, 92.3975982666], [1552.67773438, 86.5205841064, 65.8365325928, 140.344055176, -28.0652122498, 122.707321167, -14.6098880768, 128.071502686, -3.89137005806, 48.8192634583, -29.8768615723, 0.221797168255, -24.0814208984], [-3177.8046875, -378.887115479, 111.13356781, -122.321479797, 135.412979126, -8.53719997406, 123.384208679, -3.89137005806, 192.91557312, 33.3975448608, 114.945144653, -24.6267795563, 8.94423103333], [151.358963013, 18.5386276245, 25.6922512054, 28.1250152588, 30.9869289398, 11.862030983, 8.08979797363, 48.8192634583, 33.3975448608, 103.721611023, 29.6777362823, -17.6262245178, -32.2143974304], [-3011.72827148, -396.199432373, 33.7256202698, -105.225418091, 125.012001038, -24.8006134033, 99.5478439331, -29.8768615723, 114.945144653, 29.6777362823, 165.128662109, 8.73818969727, 20.4962158203], [540.240722656, -36.8802490234, 37.6964492798, 51.7202987671, -0.452618062496, 74.3835754395, 9.91548919678, 0.221797168255, -24.6267795563, -17.6262245178, 8.73818969727, 102.14213562, 37.7886657715], [-1445.29650879, -132.11567688, 20.244260788, -69.9588241577, 99.5488586426, -19.4940433502, 92.3975982666, -24.0814208984, 8.94423103333, -32.2143974304, 20.4962158203, 37.7886657715, 106.22164917]],
        "icov": [[0.000131035340019, -0.000352235627361, -7.9411380284e-05, -0.000362808117643, 0.000257259525824, -0.000188703794265, 0.00037450902164, -0.000338724057656, 0.000483266223455, -0.000192632345716, 0.000492615799885, -0.000639236473944, 0.000475957931485], [-0.000352235627361, 0.00163072207943, 0.00071977218613, 0.00106394197792, -0.00118676642887, 0.000946393993217, -0.000222058210056, 0.000184516946319, -0.00125093490351, 0.000194669293705, 0.000120800665172, 0.00103084964212, -0.000905647058971], [-7.9411380284e-05, 0.00071977218613, 0.0024106525816, 0.000620648090262, -0.00128880538978, -0.00143686088268, -0.000423439225415, 0.000286577997031, -0.000848611060064, -0.000349722540705, 0.00180974998511, -0.000164660435985, 0.000816277402919], [-0.000362808117643, 0.00106394197792, 0.000620648090262, 0.00533764669672, 0.000395146606024, -0.00262032845058, -0.00150296883658, -7.83717405284e-05, 0.000623409752734, -0.000719640229363, -0.000926397566218, 0.00170946703292, -0.000477814784972], [0.000257259525824, -0.00118676642887, -0.00128880538978, 0.000395146606024, 0.00806896481663, 0.000583430926781, -0.00639216369018, -0.00102513178717, 0.00220318580978, -0.00193708320148, -0.00115112075582, -0.00107083888724, 0.00023312898702], [-0.000188703794265, 0.000946393993217, -0.00143686088268, -0.00262032845058, 0.000583430926781, 0.0103542832658, -0.000298259954434, -0.00597038445994, -0.00251126009971, 0.00307373749092, -0.000943970633671, -0.00440832227468, 0.000311011011945], [0.00037450902164, -0.000222058210056, -0.000423439225415, -0.00150296883658, -0.00639216369018, -0.000298259954434, 0.0163674745709, -0.00225128699094, -0.00234932312742, 0.000193589090486, 0.00219000061043, -0.00159419432748, -0.0045004086569], [-0.000338724057656, 0.000184516946319, 0.000286577997031, -7.83717405284e-05, -0.00102513178717, -0.00597038445994, -0.00225128699094, 0.0196537710726, -0.00214241701178, -0.00737233366817, 0.00179439014755, 0.0052903033793, -0.00249026645906], [0.000483266223455, -0.00125093490351, -0.000848611060064, 0.000623409752734, 0.00220318580978, -0.00251126009971, -0.00234932312742, -0.00214241701178, 0.0147260725498, -0.0016094611492, -0.00508944969624, 0.001536728465, 0.00333142862655], [-0.000192632345716, 0.000194669293705, -0.000349722540705, -0.000719640229363, -0.00193708320148, 0.00307373749092, 0.000193589090486, -0.00737233366817, -0.0016094611492, 0.0172947663814, -0.00547248451039, 0.000975691480562, 0.00384294823743], [0.000492615799885, 0.000120800665172, 0.00180974998511, -0.000926397566218, -0.00115112075582, -0.000943970633671, 0.00219000061043, 0.00179439014755, -0.00508944969624, -0.00547248451039, 0.0186343453825, -0.00718288728967, 0.003033910878], [-0.000639236473944, 0.00103084964212, -0.000164660435985, 0.00170946703292, -0.00107083888724, -0.00440832227468, -0.00159419432748, 0.0052903033793, 0.001536728465, 0.000975691480562, -0.00718288728967, 0.0206741131842, -0.0092800790444], [0.000475957931485, -0.000905647058971, 0.000816277402919, -0.000477814784972, 0.00023312898702, 0.000311011011945, -0.0045004086569, -0.00249026645906, 0.00333142862655, 0.00384294823743, 0.003033910878, -0.0092800790444, 0.0210833679885]]
    },
    "melbands": {
        "dmean": [0.000761587871239, 0.00126899022143, 0.000780868693255, 0.000355929078069, 0.000124123893329, 9.826241876e-05, 4.67296704301e-05, 3.43034189427e-05, 3.85702733183e-05, 2.36820069404e-05, 2.58349537035e-05, 4.5309021516e-05, 3.11994954245e-05, 1.84228956641e-05, 6.2541735133e-06, 5.60162288821e-06, 6.23733740213e-06, 1.03857119029e-05, 8.11824793345e-06, 9.58774762694e-06, 7.60862531024e-06, 6.5788676693e-06, 1.10332284748e-05, 9.5669483926e-06, 8.98560938367e-06, 9.88188457995e-06, 1.25885198941e-05, 9.46035470406e-06, 5.918586794e-06, 4.86653607368e-06, 4.74862963529e-06, 5.42867292097e-06, 2.24563573283e-05, 2.37501008087e-05, 1.9515196982e-05, 5.26614667251e-06, 4.1167627387e-06, 1.98241086764e-05, 1.3728689737e-05, 3.70929546989e-06],
        "dmean2": [0.00110185553785, 0.00183968385682, 0.00109641195741, 0.000459728267742, 0.000169383230968, 0.000158176611876, 6.35909163975e-05, 5.55509104743e-05, 5.55005826754e-05, 3.44064319506e-05, 3.67501670553e-05, 6.0081412812e-05, 4.69744118163e-05, 2.90079206025e-05, 9.54838105827e-06, 9.21571609069e-06, 1.03904794742e-05, 1.59347800945e-05, 1.32738032335e-05, 1.59770552273e-05, 1.31110027723e-05, 1.10759538074e-05, 1.87886325875e-05, 1.64857592608e-05, 1.55232737598e-05, 1.55968318722e-05, 2.23944880418e-05, 1.59703249665e-05, 1.01456198536e-05, 7.89202476881e-06, 7.52941696192e-06, 8.94268578122e-06, 3.48399116774e-05, 3.13970631396e-05, 2.67488630925e-05, 7.63938896853e-06, 6.06410912951e-06, 3.20939834637e-05, 2.11276874325e-05, 5.93733602727e-06],
        "dvar": [4.12923191107e-06, 5.33704951522e-06, 2.8921961075e-06, 4.07646808753e-07, 9.012218527e-08, 5.65950166731e-08, 7.93393439835e-09, 4.33147695489e-09, 8.57262616449e-09, 5.38585354093e-09, 3.30410010463e-09, 1.0296455244e-08, 7.9395050534e-09, 2.20559459585e-09, 3.10939496373e-10, 2.12189987803e-10, 2.20912649285e-10, 4.90303242451e-10, 2.32829699964e-10, 3.85608683873e-10, 2.45007708566e-10, 2.2516473408e-10, 6.62228993864e-10, 4.48102499551e-10, 4.7595177799e-10, 3.86995185897e-10, 8.72897143456e-10, 3.90897286762e-10, 1.56548371488e-10, 1.14370395099e-10, 1.08267297905e-10, 1.24326299256e-10, 3.27210791795e-09, 3.77143205554e-09, 2.46011722105e-09, 1.03626870973e-10, 7.11819908572e-11, 3.32527139157e-09, 1.21198617808e-09, 4.64204334694e-11],
        "dvar2": [1.01321411421e-05, 1.43050974657e-05, 7.17997363608e-06, 8.20915772692e-07, 1.51008094917e-07, 1.22759615806e-07, 1.89071496237e-08, 1.16996892174e-08, 1.66404845459e-08, 1.00627230992e-08, 6.38218811133e-09, 1.76191594647e-08, 1.50112899888e-08, 4.92385376916e-09, 7.16410819557e-10, 5.16504949921e-10, 5.78694037134e-10, 1.12155373877e-09, 6.05057282055e-10, 9.95682203353e-10, 6.58103294082e-10, 6.03072536354e-10, 1.59817437062e-09, 1.20835097484e-09, 1.31107380508e-09, 9.70449609561e-10, 2.41883246765e-09, 1.04246600241e-09, 4.03801464488e-10, 2.63376487286e-10, 2.50511111854e-10, 3.01534214264e-10, 6.03895999873e-09, 7.0618053627e-09, 5.29008703509e-09, 2.09674097529e-10, 1.45226983217e-10, 8.22556689428e-09, 2.71399214213e-09, 1.08285151679e-10],
        "max": [0.0297661256045, 0.0358964316547, 0.0230459906161, 0.0136010348797, 0.0110150314867, 0.0069074286148, 0.0021173460409, 0.00135140877683, 0.00228530354798, 0.00241502257995, 0.00170632172376, 0.00177779968362, 0.00267784204334, 0.00171694415621, 0.000824178161565, 0.000331022747559, 0.000338492856827, 0.00109813094605, 0.000415607297327, 0.000488005258376, 0.000380031240638, 0.000260351254838, 0.000438141723862, 0.000217718057684, 0.000211090184166, 0.000224875839194, 0.000223121678573, 0.000150536303408, 0.000126532715512, 0.000154514753376, 0.000146358011989, 0.000100846758869, 0.000479562761029, 0.000498033652548, 0.000426835205872, 0.000132463130285, 0.000139751180541, 0.000450277235359, 0.000269890122581, 7.43360287743e-05],
        "mean": [0.00274875387549, 0.00701641011983, 0.00229731248692, 0.000808323326055, 0.00030182764749, 0.000218004875933, 0.000116706600238, 8.09655612102e-05, 0.000160805182531, 9.40386962611e-05, 0.000110532149847, 0.00021437102987, 0.000120532815345, 5.19286477356e-05, 1.60064701049e-05, 1.21772991406e-05, 1.2136629266e-05, 3.10875511786e-05, 2.11708284041e-05, 1.98081015697e-05, 1.05625231299e-05, 1.01619325505e-05, 1.55563448061e-05, 1.21440834846e-05, 1.01264768091e-05, 1.36453900268e-05, 1.11162225949e-05, 9.6556977951e-06, 7.08371180735e-06, 5.97367761657e-06, 6.38859455648e-06, 6.40958205622e-06, 3.1880386814e-05, 2.91706437565e-05, 2.31111444009e-05, 6.15421140537e-06, 5.46426645087e-06, 1.81717878149e-05, 1.6156320271e-05, 4.8989240895e-06],
        "median": [0.000859084364492, 0.00646091112867, 0.00205857749097, 0.000235724917729, 0.000149406449054, 0.000122617042507, 7.38566377549e-05, 4.62295465695e-05, 2.51764704444e-05, 1.82015555765e-05, 3.48826142726e-05, 2.53705693467e-05, 1.19453061416e-05, 7.08903598934e-06, 3.20801882481e-06, 1.78915399829e-06, 2.1693299459e-06, 1.89338534256e-05, 1.46165193655e-05, 4.18663648816e-06, 4.53794791611e-06, 6.63453784e-06, 4.65114590043e-06, 5.37652431376e-06, 1.63507684192e-06, 5.89969567955e-06, 2.16208400161e-06, 2.97711494568e-06, 2.53857820098e-06, 7.74608849952e-07, 1.66949928371e-06, 1.39202381888e-06, 1.80768108748e-06, 8.17939167064e-07, 1.6793692339e-06, 6.50266883895e-07, 8.31655711409e-07, 1.08097765406e-06, 1.07865344035e-06, 1.16836167763e-06],
        "min": [5.48970986666e-17, 1.53037876269e-17, 2.49404880852e-18, 3.10798515429e-18, 1.01508610379e-17, 3.0987118806e-17, 6.10630220666e-17, 3.78343544806e-17, 4.5900190152e-18, 1.61645881682e-17, 3.23665814437e-17, 3.63395332346e-17, 1.19931692787e-17, 2.77344378423e-17, 3.14262458321e-17, 1.08176968246e-17, 3.0932888845e-17, 2.36853341499e-17, 1.32335108908e-17, 3.08879431592e-17, 1.26575996242e-17, 2.40249430765e-17, 1.6910207118e-17, 1.82243357223e-17, 2.16953195758e-17, 1.56951003049e-17, 1.81679550917e-17, 1.82555287032e-17, 1.49386088931e-17, 1.56239495373e-17, 1.33590984144e-17, 1.22199226456e-17, 1.22560853277e-17, 1.37352339826e-17, 1.62799467764e-17, 1.93985136387e-17, 2.04384566854e-17, 2.22957732912e-17, 2.30667304375e-17, 2.41935737706e-17],
        "var": [1.07760934043e-05, 2.83210574707e-05, 6.66086043566e-06, 1.2993365317e-06, 2.82234850602e-07, 2.34532762988e-07, 2.20751559254e-08, 1.00550332505e-08, 9.42021145534e-08, 5.00516854629e-08, 3.70646233705e-08, 1.04581481253e-07, 5.94292224321e-08, 8.30763902115e-09, 9.25061638402e-10, 8.56720416831e-10, 6.45821285339e-10, 1.46864520545e-09, 5.73233849277e-10, 1.00581110107e-09, 2.62658395034e-10, 2.22588336651e-10, 9.01977992296e-10, 4.22510387788e-10, 4.00864591521e-10, 4.6244325036e-10, 6.43364306274e-10, 3.29828192536e-10, 1.58278723461e-10, 2.12882336759e-10, 1.91854782061e-10, 1.81154521939e-10, 5.78586778488e-09, 5.84656323355e-09, 3.34817906733e-09, 1.72247563435e-10, 1.79321266169e-10, 2.92773449928e-09, 1.5211900628e-09, 8.09142058911e-11]
    },
    "mfcc": {
        "mean": [-695.991943359, 83.5450897217, 38.1972122192, 22.2152748108, 14.3623361588, 6.61631345749, 4.074696064, 11.4302721024, 5.84913492203, 3.66909742355, -2.29500222206, -10.3758077621, 3.973082304],
        "cov": [[33806.0039062, 4209.68017578, 2844.60449219, 1751.29138184, 1076.29602051, 671.561462402, 395.299133301, 892.145874023, 345.913513184, 264.464172363, -54.03956604, -641.153259277, 298.817169189], [4209.68017578, 2386.20507812, 253.24369812, 199.666320801, 169.979278564, -21.0099754333, 54.9949417114, 43.2196655273, 170.820236206, 59.5655708313, -83.8510360718, -102.118629456, -53.1312637329], [2844.60449219, 253.24369812, 826.59576416, 237.989135742, 151.093978882, 167.598892212, 77.7840652466, 205.978256226, 92.4046630859, 68.5051269531, 13.538189888, -120.703033447, 87.9749526978], [1751.29138184, 199.666320801, 237.989135742, 334.635650635, 96.8749389648, 103.521202087, 103.783889771, 75.1867828369, 87.4906845093, 59.3002090454, -4.39429950714, 18.2814445496, 14.8816518784], [1076.29602051, 169.979278564, 151.093978882, 96.8749389648, 162.686141968, 77.4997329712, 57.8890571594, 77.9104690552, 46.9855003357, 37.6768875122, 19.6686038971, 15.1991939545, 60.0169563293], [671.561462402, -21.0099754333, 167.598892212, 103.521202087, 77.4997329712, 143.403015137, 67.3833465576, 90.5765686035, 50.5584144592, 18.0489730835, 8.00201416016, -3.24749398232, 56.1010437012], [395.299133301, 54.9949417114, 77.7840652466, 103.783889771, 57.8890571594, 67.3833465576, 131.553375244, 56.603931427, 60.2184562683, 27.3805961609, -19.4156036377, 7.50783348083, 14.7303791046], [892.145874023, 43.2196655273, 205.978256226, 75.1867828369, 77.9104690552, 90.5765686035, 56.603931427, 166.801864624, 50.3450965881, 30.3985767365, -11.3922357559, -94.7427062988, 51.0836830139], [345.913513184, 170.820236206, 92.4046630859, 87.4906845093, 46.9855003357, 50.5584144592, 60.2184562683, 50.3450965881, 111.647331238, 51.4895553589, 13.4315233231, 2.67049908638, -24.4750900269], [264.464172363, 59.5655708313, 68.5051269531, 59.3002090454, 37.6768875122, 18.0489730835, 27.3805961609, 30.3985767365, 51.4895553589, 93.6347885132, 44.1902732849, 6.94851016998, -24.2824764252], [-54.03956604, -83.8510360718, 13.538189888, -4.39429950714, 19.6686038971, 8.00201416016, -19.4156036377, -11.3922357559, 13.4315233231, 44.1902732849, 129.592697144, 83.3357162476, 15.6007318497], [-641.153259277, -102.118629456, -120.703033447, 18.2814445496, 15.1991939545, -3.24749398232, 7.50783348083, -94.7427062988, 2.67049908638, 6.94851016998, 83.3357162476, 274.542816162, 54.1653633118], [298.817169189, -53.1312637329, 87.9749526978, 14.8816518784, 60.0169563293, 56.1010437012, 14.7303791046, 51.0836830139, -24.4750900269, -24.2824764252, 15.6007318497, 54.1653633118, 216.336456299]],
