{
"lowlevel": {
    "average_loudness": 0.770801723003,
    "barkbands_crest": {
        "dmean": 2.19356703758,
        "dmean2": 3.56567001343,
        "dvar": 4.59837150574,
        "dvar2": 11.9900245667,
        "max": 24.9928455353,
        "mean": 9.15920829773,
        "median": 8.31418991089,
        "min": 2.56849837303,
        "var": 15.4787769318
    },
    "barkbands_flatness_db": {
        "dmean": 0.0161993931979,
        "dmean2": 0.0243703518063,
        "dvar": 0.000274680875009,
        "dvar2": 0.000617370416876,
        "max": 0.404860496521,
        "mean": 0.115182355046,
        "median": 0.106240689754,
        "min": 0.019412510097,
        "var": 0.0022283650469
    },
    "barkbands_kurtosis": {
        "dmean": 1.94256365299,
        "dmean2": 3.09260296822,
        "dvar": 15.4068260193,
        "dvar2": 37.8520088196,
        "max": 115.761131287,
        "mean": 2.86520695686,
        "median": 0.823224186897,
        "min": -1.89398288727,
        "var": 44.7662506104
    },
    "barkbands_skewness": {
        "dmean": 0.410838603973,
        "dmean2": 0.637972474098,
        "dvar": 0.226289823651,
        "dvar2": 0.540014207363,
        "max": 8.52974033356,
        "mean": 1.31624865532,
        "median": 1.11204147339,
        "min": -3.76885485649,
        "var": 1.12348711491
    },
    "barkbands_spread": {
        "dmean": 4.71210956573,
        "dmean2": 7.10748624802,
        "dvar": 27.4591350555,
        "dvar2": 56.1667556763,
        "max": 98.5024719238,
        "mean": 24.309431076,
        "median": 23.2645702362,
        "min": 0.640459895134,
        "var": 141.284439087
    },
    "dissonance": {
        "dmean": 0.0167266670614,
        "dmean2": 0.0279671642929,
        "dvar": 0.000271181605058,
        "dvar2": 0.000749241036829,
        "max": 0.499999940395,
        "mean": 0.461621135473,
        "median": 0.467038750648,
        "min": 0.280025243759,
        "var": 0.000690488435794
    },
    "dynamic_complexity": 4.6700592041,
    "erbbands_crest": {
        "dmean": 2.39829754829,
        "dmean2": 3.84004354477,
        "dvar": 5.27106428146,
        "dvar2": 12.9844350815,
        "max": 29.6417579651,
        "mean": 8.67153835297,
        "median": 7.7440032959,
        "min": 2.3339805603,
        "var": 14.9352321625
    },
    "erbbands_flatness_db": {
        "dmean": 0.0155732817948,
        "dmean2": 0.0221546515822,
        "dvar": 0.00025455688592,
        "dvar2": 0.000479119626107,
        "max": 0.322383463383,
        "mean": 0.151372894645,
        "median": 0.149987667799,
        "min": 0.0443536527455,
        "var": 0.00172197434586
    },
    "erbbands_kurtosis": {
        "dmean": 0.712695717812,
        "dmean2": 1.11393988132,
        "dvar": 1.17228937149,
        "dvar2": 2.57412409782,
        "max": 27.3942756653,
        "mean": 0.201770320535,
        "median": -0.300202488899,
        "min": -1.8366689682,
        "var": 3.42073655128
    },
    "erbbands_skewness": {
        "dmean": 0.310789376497,
        "dmean2": 0.467232257128,
        "dvar": 0.0860935151577,
        "dvar2": 0.178936704993,
        "max": 4.17483282089,
        "mean": 0.323768436909,
        "median": 0.300072729588,
        "min": -4.24887657166,
        "var": 0.501465260983
    },
    "erbbands_spread": {
        "dmean": 6.14790725708,
        "dmean2": 9.3878068924,
        "dvar": 41.3798713684,
        "dvar2": 90.095664978,
        "max": 124.121299744,
        "mean": 36.6375198364,
        "median": 34.5599784851,
        "min": 4.9124712944,
        "var": 218.791137695
    },
    "hfc": {
        "dmean": 4.25817728043,
        "dmean2": 6.09484529495,
        "dvar": 39.8381614685,
        "dvar2": 84.9256210327,
        "max": 155.039505005,
        "mean": 18.9845542908,
        "median": 16.315486908,
        "min": 1.14073131385e-07,
        "var": 236.669845581
    },
    "melbands_crest": {
        "dmean": 2.94767475128,
        "dmean2": 4.9101729393,
        "dvar": 8.32963848114,
        "dvar2": 23.3381671906,
        "max": 30.7464981079,
        "mean": 13.0630102158,
        "median": 12.3589048386,
        "min": 1.85909497738,
        "var": 22.6728954315
    },
    "melbands_flatness_db": {
        "dmean": 0.0201823804528,
        "dmean2": 0.0308385193348,
        "dvar": 0.000472708139569,
        "dvar2": 0.00110503425822,
        "max": 0.555480062962,
        "mean": 0.181885525584,
        "median": 0.171395584941,
        "min": 0.00461561698467,
        "var": 0.00355153158307
    },
    "melbands_kurtosis": {
        "dmean": 4.35691928864,
        "dmean2": 7.01889133453,
        "dvar": 67.3081130981,
        "dvar2": 170.957351685,
        "max": 188.003341675,
        "mean": 9.41104412079,
        "median": 4.943567276,
        "min": -1.89063024521,
        "var": 182.535369873
    },
    "melbands_skewness": {
        "dmean": 0.542406916618,
        "dmean2": 0.859784722328,
        "dvar": 0.412821769714,
        "dvar2": 1.03235554695,
        "max": 11.3855924606,
        "mean": 2.25030231476,
        "median": 1.98115313053,
        "min": -2.49294543266,
        "var": 1.81969833374
    },
    "melbands_spread": {
        "dmean": 5.98837757111,
        "dmean2": 9.20197105408,
        "dvar": 57.9602851868,
        "dvar2": 114.789474487,
        "max": 175.414855957,
        "mean": 26.4874858856,
        "median": 24.4642753601,
        "min": 0.692450881004,
        "var": 277.082122803
    },
    "pitch_salience": {
        "dmean": 0.0616170428693,
        "dmean2": 0.101699367166,
        "dvar": 0.00313156889752,
        "dvar2": 0.00848977547139,
        "max": 0.833871006966,
        "mean": 0.548641860485,
        "median": 0.557773470879,
        "min": 0.146665096283,
        "var": 0.0105606662109
    },
    "silence_rate_20dB": {
        "dmean": 0,
        "dmean2": 0,
        "dvar": 0,
        "dvar2": 0,
        "max": 1,
        "mean": 1,
        "median": 1,
        "min": 1,
        "var": 0
    },
    "silence_rate_30dB": {
        "dmean": 0.00103298167232,
        "dmean2": 0.00206611561589,
        "dvar": 0.00103182438761,
        "dvar2": 0.00279938429594,
        "max": 1,
        "mean": 0.999336004257,
        "median": 1,
        "min": 0,
        "var": 0.000663436250761
    },
    "silence_rate_60dB": {
        "dmean": 0.0101822474971,
        "dmean2": 0.0202922075987,
        "dvar": 0.0100794294849,
        "dvar2": 0.0213553514332,
        "max": 1,
        "mean": 0.0891249850392,
        "median": 0,
        "min": 0,
        "var": 0.0811801105738
    },
    "spectral_centroid": {
        "dmean": 217.559616089,
        "dmean2": 328.635894775,
        "dvar": 53791.1132812,
        "dvar2": 105170,
        "max": 4789.48193359,
        "mean": 1492.30688477,
        "median": 1437.64147949,
        "min": 170.878036499,
        "var": 364395.34375
    },
    "spectral_complexity": {
        "dmean": 2.75496196747,
        "dmean2": 4.29360961914,
        "dvar": 8.42252445221,
        "dvar2": 18.1641921997,
        "max": 55,
        "mean": 19.7750473022,
        "median": 20,
        "min": 0,
        "var": 103.957778931
    },
    "spectral_decrease": {
        "dmean": 1.82310411212e-09,
        "dmean2": 2.89683566024e-09,
        "dvar": 1.03737092852e-17,
        "dvar2": 2.69387231802e-17,
        "max": 3.91835843907e-19,
        "mean": -5.78207925983e-09,
        "median": -4.91253437929e-09,
        "min": -5.06235124931e-08,
        "var": 2.12456890103e-17
    },
    "spectral_energy": {
        "dmean": 0.00718432944268,
        "dmean2": 0.0113559346646,
        "dvar": 0.000156036301632,
        "dvar2": 0.00040289570461,
        "max": 0.195951133966,
        "mean": 0.0235447436571,
        "median": 0.0201357714832,
        "min": 1.03744677779e-11,
        "var": 0.000340316211805
    },
    "spectral_energyband_high": {
        "dmean": 0.000233752813074,
        "dmean2": 0.000324699474731,
        "dvar": 2.63551868329e-07,
        "dvar2": 4.94010464536e-07,
        "max": 0.0164746958762,
        "mean": 0.000690937507898,
        "median": 0.000419428513851,
        "min": 6.95244166057e-12,
        "var": 9.55873474595e-07
    },
    "spectral_energyband_low": {
        "dmean": 0.00360076478682,
        "dmean2": 0.00637872889638,
        "dvar": 9.27857108763e-05,
        "dvar2": 0.000267352414085,
        "max": 0.1122232005,
        "mean": 0.00638890359551,
        "median": 0.00455487007275,
        "min": 1.80383296191e-13,
        "var": 7.375414134e-05
    },
    "spectral_energyband_middle_high": {
        "dmean": 0.00140158680733,
        "dmean2": 0.0021527945064,
        "dvar": 4.49386379842e-06,
        "dvar2": 1.09186066766e-05,
        "max": 0.0497303791344,
        "mean": 0.00542073138058,
        "median": 0.00393942417577,
        "min": 1.69647781066e-12,
        "var": 2.72420384135e-05
    },
    "spectral_energyband_middle_low": {
        "dmean": 0.0042613260448,
        "dmean2": 0.00623866310343,
        "dvar": 5.86587593716e-05,
        "dvar2": 0.000131742068334,
        "max": 0.17260491848,
        "mean": 0.0119146220386,
        "median": 0.00751079712063,
        "min": 2.45262062612e-13,
        "var": 0.000169200706296
    },
    "spectral_entropy": {
        "dmean": 0.115696959198,
        "dmean2": 0.166395694017,
        "dvar": 0.0162383038551,
        "dvar2": 0.0305772144347,
        "max": 8.88090515137,
        "mean": 7.60025453568,
        "median": 7.63625717163,
        "min": 5.87537908554,
        "var": 0.116550929844
    },
    "spectral_flux": {
        "dmean": 0.0190402641892,
        "dmean2": 0.0303941760212,
        "dvar": 0.000781942857429,
        "dvar2": 0.00157961854711,
        "max": 0.324672490358,
        "mean": 0.068103082478,
        "median": 0.0605759061873,
        "min": 5.58641841053e-06,
        "var": 0.00194693647791
    },
    "spectral_kurtosis": {
        "dmean": 1.28250360489,
        "dmean2": 2.15963315964,
        "dvar": 3.04681277275,
        "dvar2": 8.09336948395,
        "max": 44.1472396851,
        "mean": 4.41716766357,
        "median": 3.89577293396,
        "min": -0.173745393753,
        "var": 7.88075876236
    },
    "spectral_rms": {
        "dmean": 0.00063647335628,
        "dmean2": 0.000975522387307,
        "dvar": 8.23931941341e-07,
        "dvar2": 2.03152217182e-06,
        "max": 0.0138264903799,
        "mean": 0.00437334598973,
        "median": 0.00443222932518,
        "min": 1.00605326736e-07,
        "var": 3.84437635148e-06
    },
    "spectral_rolloff": {
        "dmean": 405.466156006,
        "dmean2": 669.311584473,
        "dvar": 369402.96875,
        "dvar2": 762806.8125,
        "max": 18669.2871094,
        "mean": 1508.97875977,
        "median": 1291.9921875,
        "min": 86.1328125,
        "var": 1560479.75
    },
    "spectral_skewness": {
        "dmean": 0.170495614409,
        "dmean2": 0.273511081934,
        "dvar": 0.0331629700959,
        "dvar2": 0.0808234736323,
        "max": 4.74797582626,
        "mean": 1.43914115429,
        "median": 1.41301226616,
        "min": 0.170053750277,
        "var": 0.164943531156
    },
    "spectral_spread": {
        "dmean": 389975.78125,
        "dmean2": 543561.6875,
        "dvar": 247032987648,
        "dvar2": 402471649280,
        "max": 12463633,
        "mean": 4255158,
        "median": 3910603.5,
        "min": 1481008,
        "var": 1.85945607373e+12
    },
    "spectral_strongpeak": {
        "dmean": 0.481370151043,
        "dmean2": 0.808012723923,
        "dvar": 0.571610629559,
        "dvar2": 1.40784406662,
        "max": 10.8443651199,
        "mean": 0.929040074348,
        "median": 0.403023630381,
        "min": 0,
        "var": 1.20954847336
    },
    "zerocrossingrate": {
        "dmean": 0.0078912563622,
        "dmean2": 0.00913502462208,
        "dvar": 8.52581943036e-05,
        "dvar2": 8.26641917229e-05,
        "max": 0.51611328125,
        "mean": 0.0615762844682,
        "median": 0.05810546875,
        "min": 0.0029296875,
        "var": 0.00100945367012
    },
    "barkbands": {
        "dmean": [7.8903438407e-05, 0.0021161925979, 0.00149954925291, 0.000624833279289, 0.00179348373786, 0.00114897929598, 0.000816995103378, 0.00100095092785, 0.000813931867015, 0.000743723532651, 0.000449960905826, 0.000271337223239, 0.000245787174208, 0.000335677090334, 0.000225940835662, 0.000153126340592, 0.000190614926396, 0.000231574274949, 0.000170049024746, 0.000135579612106, 6.64624458295e-05, 7.25607242202e-05, 4.22594639531e-05, 2.39247510763e-05, 1.37744782478e-05, 2.06431559491e-05, 4.89250987812e-06],
        "dmean2": [0.000131739448989, 0.00376783241518, 0.00271755317226, 0.000968980835751, 0.00278520095162, 0.00170140888076, 0.0012241062941, 0.0013864855282, 0.00126562744845, 0.0011504876893, 0.000700269767549, 0.000432518689195, 0.000394311005948, 0.000539308297448, 0.00037069641985, 0.000250163458986, 0.000315848097671, 0.000384441256756, 0.0002793892927, 0.000212110317079, 0.000102384939964, 0.000108235748485, 6.29717833363e-05, 3.4780932765e-05, 1.9944505766e-05, 3.13567688863e-05, 6.78042260915e-06],
        "dvar": [3.46591413347e-08, 3.39399921359e-05, 1.64327211678e-05, 1.7476057792e-06, 2.46218169195e-05, 7.48354841562e-06, 5.3737876442e-06, 6.68415805194e-06, 5.77896980758e-06, 2.81532174995e-06, 9.3172201332e-07, 4.0881676e-07, 2.77770425328e-07, 6.73153806474e-07, 1.96249828832e-07, 7.02392881635e-08, 9.43812779042e-08, 1.32285947529e-07, 1.30321694769e-07, 1.19920997577e-07, 3.01697511418e-08, 3.42492327832e-08, 1.18389866799e-08, 2.65636668217e-09, 9.80238445969e-10, 4.96862373467e-09, 2.33091490554e-10],
        "dvar2": [8.91133069558e-08, 9.85630613286e-05, 4.75534616271e-05, 3.912264674e-06, 5.94030861976e-05, 1.66278987308e-05, 1.15425100375e-05, 1.30009466375e-05, 1.34435313157e-05, 6.97520545145e-06, 2.40541726271e-06, 1.08310075575e-06, 6.98029339219e-07, 1.70969894953e-06, 5.25596931311e-07, 1.84227218369e-07, 2.44743603162e-07, 3.48149541196e-07, 3.37643513149e-07, 2.66162885509e-07, 6.46816076255e-08, 6.40951256514e-08, 2.74705413972e-08, 5.62952795491e-09, 2.077615191e-09, 1.28698678381e-08, 4.44463216231e-10],
        "max": [0.00252550165169, 0.0763494819403, 0.0428134016693, 0.0393343567848, 0.151033878326, 0.091517239809, 0.0692499503493, 0.0796561986208, 0.0825938433409, 0.042162116617, 0.0262949708849, 0.0152105614543, 0.016989806667, 0.0214097052813, 0.0101562635973, 0.00781751982868, 0.0118922572583, 0.00879957806319, 0.0138193145394, 0.0157545041293, 0.0101986844093, 0.00576891470701, 0.0024555218406, 0.00108088355046, 0.000524236937054, 0.00143103266601, 0.000274824531516],
        "mean": [9.94928195723e-05, 0.00390437664464, 0.00182584684808, 0.00111250334885, 0.00299523188733, 0.00237338594161, 0.00142604648136, 0.00193072401453, 0.00136726885103, 0.00133715267293, 0.000877678685356, 0.000472098123282, 0.00041712471284, 0.000559578766115, 0.000415543559939, 0.000298201106489, 0.000380951503757, 0.000471034029033, 0.000390504137613, 0.000332608004101, 0.00017013620527, 0.000175763416337, 8.64798566909e-05, 5.43911810382e-05, 3.15670331474e-05, 3.03669003188e-05, 8.67658854986e-06],
        "median": [3.3445587178e-05, 0.00224244734272, 0.0011055234354, 0.000353268405888, 0.0010240059346, 0.000953340553679, 0.000520922185387, 0.000455172848888, 0.000396721094148, 0.000427908700658, 0.000326901674271, 0.000173036620254, 0.000180701623322, 0.000162102427566, 0.000202637107577, 0.000154326087795, 0.00024628371466, 0.000273329322226, 0.000239162356593, 0.000177200898179, 0.000104276878119, 7.15439455234e-05, 4.09950589528e-05, 2.45825867751e-05, 9.99330040941e-06, 4.62838306703e-06, 8.85418842245e-07],
        "min": [4.0419280607e-14, 6.42188667695e-14, 2.43773168426e-14, 8.88142336097e-15, 2.95952159806e-14, 5.16856861672e-14, 1.79866328266e-14, 4.52300652173e-14, 6.55973349641e-14, 3.66933486904e-14, 2.58523129119e-14, 1.50022423412e-13, 5.12798760703e-14, 3.25514842945e-13, 1.39033668476e-13, 2.19122802043e-13, 1.38537280064e-13, 2.56278830622e-13, 2.30770616375e-13, 1.37737220175e-13, 1.6439165296e-13, 4.56772423704e-13, 5.5694684975e-13, 9.25938796123e-13, 1.52663233617e-12, 1.24515306919e-12, 2.39208197521e-12],
        "var": [4.28659276963e-08, 3.20989965985e-05, 1.11327080958e-05, 4.98274130223e-06, 3.47092027368e-05, 1.78480768227e-05, 1.01620853457e-05, 2.19063203986e-05, 1.14094464152e-05, 6.03961871093e-06, 2.60678189079e-06, 8.7197713583e-07, 5.35774915988e-07, 1.35455661621e-06, 3.68507954818e-07, 1.81936314902e-07, 2.37991969243e-07, 3.48066038214e-07, 3.25878829699e-07, 3.17265545391e-07, 8.46932479703e-08, 1.18250035541e-07, 2.27253611484e-08, 6.92136836733e-09, 2.59571564243e-09, 5.34587663026e-09, 5.03432628918e-10]
    },
    "erbbands": {
        "dmean": [0.0541647039354, 0.520634412766, 1.66465234756, 1.86189103127, 3.91158866882, 6.94434070587, 6.49404859543, 10.1465969086, 11.4614496231, 15.1604757309, 21.5667972565, 20.1186485291, 24.7363128662, 18.4928703308, 15.6518793106, 12.4375839233, 9.96039962769, 19.3197040558, 11.8717327118, 8.19024467468, 7.81822633743, 8.29460430145, 12.8880872726, 8.92213726044, 8.92859268188, 6.16424417496, 2.43076181412, 3.42692232132, 2.88716769218, 1.03635036945, 1.19934594631, 0.839864730835, 0.311245292425, 0.181450456381, 0.0867218077183, 0.0983754172921, 0.0349065326154, 0.00630758469924, 0.000885076238774, 3.87063009839e-05],
        "dmean2": [0.0944343209267, 0.935841679573, 3.04146409035, 3.08879375458, 6.13946437836, 10.8604393005, 9.68481445312, 15.0424213409, 16.8244571686, 22.3539199829, 29.8235092163, 30.9363498688, 37.9179916382, 29.3025169373, 24.012172699, 19.7410106659, 15.8582019806, 30.9914226532, 19.3655281067, 13.3919458389, 12.6940326691, 13.627863884, 21.3512229919, 14.7793369293, 14.4332904816, 9.64623737335, 3.75749969482, 5.12082529068, 4.32531690598, 1.51338553429, 1.773473382, 1.24044525623, 0.45497444272, 0.264108002186, 0.126834452152, 0.153172492981, 0.0529835671186, 0.00912510417402, 0.00122237601317, 5.49308133486e-05],
        "dvar": [0.0153454942629, 2.41400289536, 23.9050426483, 11.7835063934, 127.928649902, 379.724822998, 206.59803772, 688.38104248, 1081.95861816, 1770.15234375, 3931.77124023, 3810.87768555, 4292.45556641, 1966.24328613, 941.393554688, 843.215332031, 367.888031006, 2269.47631836, 628.960388184, 195.322845459, 165.975448608, 191.298248291, 405.195892334, 234.154663086, 552.403991699, 202.545501709, 24.2728919983, 100.591339111, 53.3672866821, 6.69641065598, 7.99162960052, 5.15371751785, 0.390170812607, 0.164241120219, 0.0400552786887, 0.119484625757, 0.0134696289897, 0.00037160620559, 7.68588961364e-06, 1.09718092389e-08],
        "dvar2": [0.0447693578899, 7.03672599792, 68.9446411133, 30.7409858704, 310.76776123, 923.159729004, 468.624786377, 1544.39782715, 2305.2512207, 3830.41943359, 7213.65576172, 9021.97753906, 10658.3369141, 5092.94970703, 2317.47216797, 2242.30566406, 903.984863281, 5824.95703125, 1694.80358887, 526.564697266, 429.389770508, 477.452850342, 1068.73010254, 639.228820801, 1353.66186523, 441.70791626, 50.2405395508, 211.997085571, 101.758346558, 12.851849556, 17.6697692871, 12.1768226624, 0.816539227962, 0.353852719069, 0.0865586400032, 0.320291817188, 0.0342442579567, 0.000733647902962, 1.44116902447e-05, 2.15028084227e-08],
        "max": [1.53821372986, 20.6773910522, 55.1538276672, 59.7805366516, 337.281799316, 546.459655762, 320.578979492, 932.266906738, 1303.04699707, 1110.53088379, 2213.14648438, 1959.39331055, 1731.17810059, 1155.68579102, 758.108642578, 756.010131836, 497.561920166, 1192.81359863, 620.136352539, 378.619354248, 544.777038574, 760.990234375, 453.991516113, 481.288024902, 989.908813477, 494.676635742, 183.544464111, 578.734558105, 212.138473511, 99.5135040283, 74.7521743774, 47.0602226257, 16.7134151459, 6.27361965179, 3.59883022308, 7.21199846268, 2.2056210041, 0.361256450415, 0.0528514273465, 0.00205293716863],
        "mean": [0.10524802655, 0.905249357224, 2.10554099083, 3.09382724762, 6.08997154236, 10.9811191559, 13.487953186, 20.5112705231, 21.9616756439, 27.8979091644, 41.6666717529, 35.6232833862, 44.2602539062, 36.2026901245, 32.023399353, 22.9985561371, 19.4530925751, 33.8243331909, 22.6460914612, 17.6941928864, 17.8803634644, 18.9674873352, 26.6118583679, 20.2661571503, 20.7621021271, 15.8505620956, 6.60545778275, 8.47653865814, 7.10130405426, 2.53906202316, 2.4751188755, 1.59091305733, 0.758644938469, 0.409597098827, 0.190291896462, 0.141876831651, 0.0507566481829, 0.0110708288848, 0.00156504113693, 8.98450016393e-05],
        "median": [0.0575952008367, 0.493753910065, 1.38010132313, 1.49153339863, 1.49814915657, 3.49370145798, 5.38845777512, 7.70368862152, 7.88196802139, 10.5462284088, 9.25435161591, 11.275177002, 15.7594356537, 11.347120285, 13.945110321, 9.79835891724, 9.61852169037, 10.4191532135, 10.8064289093, 10.1127681732, 11.5296497345, 13.1893835068, 16.5863342285, 12.7547826767, 12.3905410767, 8.47403335571, 4.22892284393, 4.52255725861, 2.81291818619, 1.26351869106, 1.17276263237, 0.675488471985, 0.319729685783, 0.134707450867, 0.0593736693263, 0.0281874760985, 0.00668037403375, 0.000953903829213, 0.000154571622261, 4.34731700807e-05],
        "min": [3.91188253665e-12, 6.63140419313e-12, 2.15303296025e-11, 3.94089032241e-11, 4.10162216691e-11, 1.33982713812e-10, 7.532750812e-11, 5.63620428107e-10, 4.41901099046e-10, 2.6682070442e-10, 1.42140188508e-09, 1.31866673136e-09, 1.75215397746e-09, 7.7727435599e-10, 2.12083062223e-09, 6.24771567814e-09, 3.46790063332e-09, 1.53712207407e-08, 1.33872601893e-08, 7.35596161761e-09, 1.07465059074e-08, 7.55663798202e-09, 1.30270008114e-08, 1.70416321055e-08, 8.9195619779e-09, 4.91854823537e-09, 5.35870681162e-09, 8.41264213847e-09, 1.55710857541e-08, 1.19796856879e-08, 1.64857709706e-08, 1.97434495419e-08, 1.613525491e-08, 1.37627953478e-08, 1.31224631161e-08, 5.96643179307e-09, 2.18983231548e-09, 1.01442854117e-09, 3.63360286304e-10, 3.01090333221e-11],
        "var": [0.0188041385263, 2.02617192268, 15.4685716629, 21.0541534424, 173.358139038, 563.694396973, 550.758605957, 1604.52197266, 2364.63623047, 3763.04492188, 13838.609375, 7552.84765625, 8001.19384766, 5454.28076172, 2838.28149414, 1897.90881348, 872.394348145, 4641.38818359, 1194.01245117, 477.649627686, 513.753356934, 584.431945801, 1018.9654541, 610.941101074, 1243.97937012, 638.566833496, 85.9514694214, 280.140960693, 189.314422607, 22.0265922546, 17.6509647369, 8.26354694366, 1.23234724998, 0.429367721081, 0.0961922258139, 0.112702339888, 0.0154930287972, 0.000785809068475, 1.66643221746e-05, 2.36321877622e-08]
    },
    "gfcc": {
        "mean": [-14.0854797363, 91.8991241455, -122.0704422, 29.2971038818, -54.3411827087, 5.30686235428, -27.7352142334, 9.63186359406, -19.867477417, 0.316417604685, -11.5586071014, 1.5226354599, -11.0794878006],
        "cov": [[15539.96875, -556.267028809, -331.741027832, 398.426483154, -515.978942871, -51.0462760925, -79.7922134399, 92.8304214478, -141.342956543, 202.358459473, -186.365447998, -69.462890625, -14.772236824], [-556.267028809, 1081.53991699, -276.138885498, 24.5448493958, 110.086265564, -161.065841675, 43.5312004089, -49.9166641235, 57.0817146301, -144.188247681, 108.64074707, -104.343780518, 26.9256858826], [-331.741027832, -276.138885498, 805.307983398, 2.81600856781, 63.7790336609, 156.984176636, 5.87447071075, 29.8466491699, -18.3078479767, 57.1583557129, -12.2888002396, 86.8268356323, -30.0444278717], [398.426483154, 24.5448493958, 2.81600856781, 343.123413086, 39.4740447998, -18.3717365265, -40.0474128723, -29.6845226288, 23.8319396973, 5.62208223343, -2.9112610817, 2.11542534828, 28.4974479675], [-515.978942871, 110.086265564, 63.7790336609, 39.4740447998, 255.303070068, 79.236579895, 101.220458984, 47.7248954773, 39.5897254944, 15.712231636, 28.3972434998, 13.4693260193, 23.1218204498], [-51.0462760925, -161.065841675, 156.984176636, -18.3717365265, 79.236579895, 282.265136719, 168.035064697, 76.0085525513, 13.8059043884, 85.9992218018, 27.5910434723, 52.8217887878, 8.92854881287], [-79.7922134399, 43.5312004089, 5.87447071075, -40.0474128723, 101.220458984, 168.035064697, 273.215209961, 95.1729431152, 35.1110420227, 50.6728591919, 44.8209381104, 10.1441059113, 26.6575069427], [92.8304214478, -49.9166641235, 29.8466491699, -29.6845226288, 47.7248954773, 76.0085525513, 95.1729431152, 115.315849304, 41.4219398499, 36.8253555298, 5.40525150299, 13.2397489548, 0.507959604263], [-141.342956543, 57.0817146301, -18.3078479767, 23.8319396973, 39.5897254944, 13.8059043884, 35.1110420227, 41.4219398499, 108.913513184, 43.9189414978, 19.4199695587, 3.69714736938, 16.3175315857], [202.358459473, -144.188247681, 57.1583557129, 5.62208223343, 15.712231636, 85.9992218018, 50.6728591919, 36.8253555298, 43.9189414978, 124.893135071, 29.3883228302, 36.8634376526, 10.7890090942], [-186.365447998, 108.64074707, -12.2888002396, -2.9112610817, 28.3972434998, 27.5910434723, 44.8209381104, 5.40525150299, 19.4199695587, 29.3883228302, 92.9513015747, 28.7379589081, 12.7831554413], [-69.462890625, -104.343780518, 86.8268356323, 2.11542534828, 13.4693260193, 52.8217887878, 10.1441059113, 13.2397489548, 3.69714736938, 36.8634376526, 28.7379589081, 91.4335021973, 24.9413394928], [-14.772236824, 26.9256858826, -30.0444278717, 28.4974479675, 23.1218204498, 8.92854881287, 26.6575069427, 0.507959604263, 16.3175315857, 10.7890090942, 12.7831554413, 24.9413394928, 68.1242446899]],
        "icov": [[8.5082181613e-05, -4.79093941976e-05, 3.55600823241e-05, -0.000150769410538, 0.000196720415261, 3.9625694626e-05, -1.15700267997e-05, -0.000246294541284, 0.000294990284601, -0.000337771140039, 0.000213901279494, 2.62469966401e-05, -1.63714248629e-05], [-4.79093941976e-05, 0.00232081627473, 7.10244275979e-05, 0.000137498573167, -0.000850092968903, 0.000630678317975, -0.000527860713191, 0.000975469534751, -0.00185579131357, 0.00322087761015, -0.0037898842711, 0.00240066926926, -0.000782078888733], [3.55600823241e-05, 7.10244275979e-05, 0.00171422527637, -0.000108412612462, -0.000428031780757, -0.000822500674985, 0.000442096410552, -4.21851609644e-06, 0.000276704202406, -0.000236597086769, 0.000681716715917, -0.00149945984595, 0.00125336367637], [-0.000150769410538, 0.000137498573167, -0.000108412612462, 0.00360987707973, -0.00107442052104, -0.000283971021418, 0.000788382894825, 0.00145602459088, -0.00138752372004, 0.000400875607738, -0.000190662583918, 0.000425861246185, -0.00141367013566], [0.000196720415261, -0.000850092968903, -0.000428031780757, -0.00107442052104, 0.00597188156098, -0.00074229540769, -0.00109246023931, -0.00162005471066, -0.000102522884845, -0.000324145454215, 0.000650905887596, -0.000343885069015, -0.000771060353145], [3.9625694626e-05, 0.000630678317975, -0.000822500674985, -0.000283971021418, -0.00074229540769, 0.00860708579421, -0.00471206009388, -0.000520768691786, 0.00150288781151, -0.00279415678233, 0.000236581225181, -0.00208771973848, 0.00128947605845], [-1.15700267997e-05, -0.000527860713191, 0.000442096410552, 0.000788382894825, -0.00109246023931, -0.00471206009388, 0.0093778995797, -0.00481003290042, 0.000913996889722, -0.00023704461637, -0.00248337071389, 0.0032813299913, -0.00349084264599], [-0.000246294541284, 0.000975469534751, -4.21851609644e-06, 0.00145602459088, -0.00162005471066, -0.000520768691786, -0.00481003290042, 0.0167234353721, -0.00650937994942, 0.00130358117167, 0.00156086368952, -0.00206158473156, 0.00314032589085], [0.000294990284601, -0.00185579131357, 0.000276704202406, -0.00138752372004, -0.000102522884845, 0.00150288781151, 0.000913996889722, -0.00650937994942, 0.0162453372031, -0.00824145972729, 0.00158926378936, 0.000595635559876, -0.00207362906076], [-0.000337771140039, 0.00322087761015, -0.000236597086769, 0.000400875607738, -0.000324145454215, -0.00279415678233, -0.00023704461637, 0.00130358117167, -0.00824145972729, 0.0186519753188, -0.00774386059493, 0.000601004750933, -0.000805907184258], [0.000213901279494, -0.0037898842711, 0.000681716715917, -0.000190662583918, 0.000650905887596, 0.000236581225181, -0.00248337071389, 0.00156086368952, 0.00158926378936, -0.00774386059493, 0.0211504604667, -0.00938160624355, 0.00294463895261], [2.62469966401e-05, 0.00240066926926, -0.00149945984595, 0.000425861246185, -0.000343885069015, -0.00208771973848, 0.0032813299913, -0.00206158473156, 0.000595635559876, 0.000601004750933, -0.00938160624355, 0.0214353110641, -0.00898614060134], [-1.63714248629e-05, -0.000782078888733, 0.00125336367637, -0.00141367013566, -0.000771060353145, 0.00128947605845, -0.00349084264599, 0.00314032589085, -0.00207362906076, -0.000805907184258, 0.00294463895261, -0.00898614060134, 0.0209257658571]]
    },
    "melbands": {
        "dmean": [0.000520926783793, 0.000814446830191, 0.000348122266587, 0.000425699981861, 0.000234662598814, 0.000229759869399, 0.000173808861291, 0.00016969293938, 0.000168529964867, 0.00013122530072, 0.000121951678011, 7.55465589464e-05, 5.47295967408e-05, 3.55611737177e-05, 2.24633749895e-05, 2.77905364783e-05, 3.96393479605e-05, 1.91124563571e-05, 1.38855348268e-05, 1.35381224027e-05, 1.02251806311e-05, 9.93322737486e-06, 1.20599543152e-05, 1.17073368529e-05, 7.78850699135e-06, 6.58225599182e-06, 6.67151743983e-06, 4.12096278524e-06, 1.75014963588e-06, 1.7140316686e-06, 2.34096569329e-06, 2.05075753001e-06, 9.8687667105e-07, 5.20178957686e-07, 6.11365123859e-07, 1.04327727968e-06, 3.41198443721e-07, 2.42676179596e-07, 1.93049274344e-07, 1.56241540594e-07],
        "dmean2": [0.000915264245123, 0.00148736825213, 0.000561927328818, 0.000673884933349, 0.000350890506525, 0.000338515965268, 0.000255380757153, 0.000247793737799, 0.00023568663164, 0.000203825067729, 0.000187201570952, 0.000120020275062, 8.53043457028e-05, 5.57598141313e-05, 3.56966593245e-05, 4.43604149041e-05, 6.37409248156e-05, 3.12750598823e-05, 2.26733154705e-05, 2.23119204747e-05, 1.67688376678e-05, 1.64200337167e-05, 2.00455233426e-05, 1.94702752196e-05, 1.30281614474e-05, 1.07829991975e-05, 1.06757679532e-05, 6.52724793326e-06, 2.77452090813e-06, 2.66631491286e-06, 3.53305540557e-06, 3.13221062243e-06, 1.49980144215e-06, 7.8192994124e-07, 9.18472551348e-07, 1.59041655934e-06, 5.06545063672e-07, 3.63459008668e-07, 2.8903835414e-07, 2.34760520357e-07],
        "dvar": [1.73860928498e-06, 5.95042183704e-06, 4.17848013967e-07, 1.78283880814e-06, 2.3288161799e-07, 3.35527943207e-07, 2.32905748021e-07, 1.99056231054e-07, 2.38312736656e-07, 1.70804455024e-07, 1.04016443458e-07, 3.351948763e-08, 1.25767778414e-08, 5.56778134708e-09, 2.19181695016e-09, 3.67653152367e-09, 1.02683221925e-08, 1.69766123381e-09, 8.18140222236e-10, 5.53040779838e-10, 3.18123416498e-10, 2.87483037376e-10, 3.75502240413e-10, 4.37798214348e-10, 1.95729724095e-10, 2.83744222562e-10, 3.90633886349e-10, 8.27956245231e-11, 1.37435089351e-11, 1.92662084203e-11, 4.32320984567e-11, 2.67233839224e-11, 7.23538243208e-12, 1.59667017021e-12, 1.94347793067e-12, 1.06187428642e-11, 5.90181766305e-13, 2.37647548125e-13, 1.48865430616e-13, 1.400162538e-13],
        "dvar2": [5.0295316214e-06, 1.72333202499e-05, 1.04615196506e-06, 4.36645541413e-06, 5.24404242697e-07, 7.43200985198e-07, 4.98120641623e-07, 4.33898492247e-07, 4.44274746769e-07, 3.99405735152e-07, 2.57600902387e-07, 8.65347473678e-08, 3.2762603297e-08, 1.47354519697e-08, 5.72808600552e-09, 9.24901133459e-09, 2.60245904826e-08, 4.56455362396e-09, 2.17264650715e-09, 1.49940082572e-09, 8.34198821131e-10, 7.21769144452e-10, 9.77924852208e-10, 1.17817711143e-09, 5.45334222224e-10, 7.42503891704e-10, 9.15579889682e-10, 1.89534651862e-10, 3.19933766979e-11, 4.36760107247e-11, 8.91901205669e-11, 5.42642562829e-11, 1.50849732011e-11, 3.3176076903e-12, 4.09565480489e-12, 2.64586547116e-11, 1.26786569524e-12, 5.29547271918e-13, 3.15907835915e-13, 3.24522174541e-13],
        "max": [0.016871990636, 0.027768323198, 0.0131627693772, 0.0418711155653, 0.00877163838595, 0.0210876297206, 0.0176099613309, 0.0105274906382, 0.0170160140842, 0.0134720075876, 0.00849307514727, 0.00446804659441, 0.00340418727137, 0.00184744165745, 0.00133004516829, 0.00162061885931, 0.00271265232004, 0.000981827033684, 0.000926981447265, 0.000403832120355, 0.000728601997253, 0.000964331324212, 0.000382401194656, 0.000654024071991, 0.000447687023552, 0.000649579043966, 0.000945719424635, 0.000242152978899, 0.000135318434332, 0.000238842927502, 0.000332284165779, 0.000151130079757, 8.15332241473e-05, 5.25845498487e-05, 5.18815140822e-05, 8.150528447e-05, 1.95197935682e-05, 1.37380957312e-05, 7.75217631599e-06, 6.28432871963e-06],
        "mean": [0.00103619380388, 0.00115859392099, 0.000611797149759, 0.000631489325315, 0.000492572668009, 0.000470649596537, 0.000326589914039, 0.000317774218274, 0.000316227349686, 0.000224205767154, 0.000213489460293, 0.000140119329444, 0.000108301566797, 6.62982347421e-05, 4.20537435275e-05, 4.78194378957e-05, 6.5073632868e-05, 3.40240294463e-05, 2.60086853814e-05, 2.51939491136e-05, 2.0673545805e-05, 1.98301368073e-05, 2.25318326557e-05, 2.35161533055e-05, 1.53317560034e-05, 1.39166722875e-05, 1.47792088683e-05, 9.63393449638e-06, 4.0073045966e-06, 3.99513010052e-06, 5.31749174115e-06, 4.72488227388e-06, 2.05361448025e-06, 1.16844773856e-06, 1.33743003516e-06, 1.58492730407e-06, 7.23419020687e-07, 5.47058107259e-07, 4.35346407812e-07, 3.15463097422e-07],
        "median": [0.000569641648326, 0.00080282939598, 0.000281563814497, 0.000168038968695, 0.000204610594665, 0.000181844778126, 0.000117948526167, 0.000112914072815, 6.39124118607e-05, 6.82826066623e-05, 7.16314898455e-05, 3.70563648175e-05, 4.38034694525e-05, 2.78435327346e-05, 1.97712797672e-05, 1.8474933313e-05, 1.72334694071e-05, 1.52606153279e-05, 1.29744548758e-05, 1.24962198242e-05, 1.27598623294e-05, 1.27581924971e-05, 1.40079891935e-05, 1.27741332108e-05, 8.97792324395e-06, 8.05057788966e-06, 7.68745121604e-06, 4.657484169e-06, 2.24379959946e-06, 2.28099906963e-06, 2.45689193434e-06, 1.73997932507e-06, 8.36465517295e-07, 5.8059379171e-07, 6.36619233774e-07, 5.54979351364e-07, 3.29605427396e-07, 2.35371572899e-07, 1.46097633547e-07, 9.769244258e-08],
        "min": [3.76330063845e-14, 1.01198651509e-14, 6.07609005021e-15, 6.77394948402e-15, 3.361625587e-15, 1.23186042869e-14, 6.28940089841e-15, 3.8434899252e-15, 1.25593717081e-14, 8.20665235123e-15, 8.42048751283e-15, 2.75455982656e-15, 4.61040710817e-15, 1.84321314993e-14, 9.35237537371e-15, 7.21171898105e-15, 2.68516576297e-14, 1.59982128185e-14, 8.03242868541e-15, 1.29644660621e-14, 1.31206724901e-14, 7.92680960611e-15, 7.5545208381e-15, 1.40726773835e-14, 1.44304225958e-14, 6.63168225372e-15, 6.44266388692e-15, 2.59736999331e-15, 2.74824456066e-15, 4.23674191162e-15, 5.44486331022e-15, 8.04774049999e-15, 1.01915495493e-14, 5.05533191602e-15, 7.23960754084e-15, 1.60280554833e-14, 9.65610021277e-15, 1.00938400636e-14, 1.17480234118e-14, 1.18221150778e-14],
        "var": [1.96990686163e-06, 3.93671098209e-06, 8.30427893561e-07, 2.06010417969e-06, 6.77226523749e-07, 8.02653858045e-07, 4.9531837476e-07, 4.53244979326e-07, 8.09465234397e-07, 3.34829167059e-07, 1.93508981283e-07, 9.08362522978e-08, 3.39843495567e-08, 1.3108912178e-08, 5.04363439902e-09, 7.77962672061e-09, 2.01542373901e-08, 3.05891023622e-09, 1.49357481938e-09, 1.26765742348e-09, 7.86662235353e-10, 7.56781581845e-10, 8.02818478363e-10, 1.04976594084e-09, 4.06477129733e-10, 5.97373539524e-10, 7.64930230268e-10, 2.52586146443e-10, 3.81954884388e-11, 4.97346296091e-11, 1.21039012146e-10, 8.65455970778e-11, 1.89135790363e-11, 4.64702755443e-12, 5.52800253489e-12, 1.20008655791e-11, 1.45413726633e-12, 6.77696505684e-13, 4.743772649e-13, 2.84178469602e-13]
    },
    "mfcc": {
        "mean": [-652.509521484, 121.58984375, -9.01897716522, 26.0853557587, -2.97060656548, 0.621314167976, 0.227034270763, 6.76313209534, -1.92447888851, 1.92586052418, 0.102362334728, 1.01520645618, -2.32134103775],
        "cov": [[11516.7412109, 93.1150283813, -420.607696533, 379.747467041, -380.402282715, 12.7431793213, -132.089630127, -95.0652008057, -28.7806129456, 158.095184326, 52.1348648071, -122.093025208, -174.399765015], [93.1150283813, 1016.84204102, -186.276031494, 56.8409576416, 18.4329662323, -92.4294509888, 38.5203971863, 54.0470199585, -46.9168739319, 5.34932804108, -1.71752774715, 0.750596404076, 6.27212619781], [-420.607696533, -186.276031494, 615.256164551, -30.0286655426, 81.2670440674, 86.8050231934, 32.8435745239, 16.9088363647, 0.259694248438, -29.1683254242, 17.8824882507, 39.5122680664, 22.7343330383], [379.747467041, 56.8409576416, -30.0286655426, 314.289367676, 82.14427948, -0.00439553940669, -65.1328735352, -20.4470157623, -10.5495519638, -9.0077495575, -34.7624549866, -11.2778663635, -3.98385453224], [-380.402282715, 18.4329662323, 81.2670440674, 82.14427948, 192.22883606, 37.8451118469, -5.14026021957, 12.0335187912, 14.8469276428, -5.21539211273, -12.4520196915, 25.4554824829, 24.7009143829], [12.7431793213, -92.4294509888, 86.8050231934, -0.00439553940669, 37.8451118469, 183.150146484, 107.687889099, 40.1205253601, 53.2297782898, 40.7979316711, 36.7794036865, 27.801618576, 31.3084964752], [-132.089630127, 38.5203971863, 32.8435745239, -65.1328735352, -5.14026021957, 107.687889099, 232.646026611, 92.190864563, 65.8944854736, 45.7534713745, 49.7024536133, 29.4242515564, 42.8249359131], [-95.0652008057, 54.0470199585, 16.9088363647, -20.4470157623, 12.0335187912, 40.1205253601, 92.190864563, 115.634666443, 52.8701477051, 23.3138809204, 23.9536972046, 19.7580070496, 23.9405136108], [-28.7806129456, -46.9168739319, 0.259694248438, -10.5495519638, 14.8469276428, 53.2297782898, 65.8944854736, 52.8701477051, 138.782836914, 57.969078064, 30.203338623, 21.342874527, 31.7828369141], [158.095184326, 5.34932804108, -29.1683254242, -9.0077495575, -5.21539211273, 40.7979316711, 45.7534713745, 23.3138809204, 57.969078064, 105.931594849, 50.4045639038, 11.7479534149, 11.5756530762], [52.1348648071, -1.71752774715, 17.8824882507, -34.7624549866, -12.4520196915, 36.7794036865, 49.7024536133, 23.9536972046, 30.203338623, 50.4045639038, 95.145690918, 34.6884880066, 16.0544033051], [-122.093025208, 0.750596404076, 39.5122680664, -11.2778663635, 25.4554824829, 27.801618576, 29.4242515564, 19.7580070496, 21.342874527, 11.7479534149, 34.6884880066, 76.5209197998, 43.400188446], [-174.399765015, 6.27212619781, 22.7343330383, -3.98385453224, 24.7009143829, 31.3084964752, 42.8249359131, 23.9405136108, 31.7828369141, 11.5756530762, 16.0544033051, 43.400188446, 90.8905944824]],
