{
"lowlevel": {
    "average_loudness": 0.910353183746,
    "barkbands_crest": {
        "dmean": 3.0662651062,
        "dmean2": 4.68828678131,
        "dvar": 8.43747329712,
        "dvar2": 16.9516620636,
        "max": 26.4232025146,
        "mean": 11.8422088623,
        "median": 10.6577014923,
        "min": 2.35392570496,
        "var": 35.8286476135
    },
    "barkbands_flatness_db": {
        "dmean": 0.0358765646815,
        "dmean2": 0.0521520264447,
        "dvar": 0.00176737841684,
        "dvar2": 0.00329519738443,
        "max": 0.540231704712,
        "mean": 0.162060290575,
        "median": 0.142404139042,
        "min": 0.0374691560864,
        "var": 0.00618619052693
    },
    "barkbands_kurtosis": {
        "dmean": 12.4637098312,
        "dmean2": 19.2089233398,
        "dvar": 1666.35388184,
        "dvar2": 3904.63891602,
        "max": 2278.08081055,
        "mean": 18.0991077423,
        "median": 2.16812372208,
        "min": -1.82815921307,
        "var": 2366.49389648
    },
    "barkbands_skewness": {
        "dmean": 1.1250629425,
        "dmean2": 1.65263712406,
        "dvar": 2.40808153152,
        "dvar2": 4.33280944824,
        "max": 41.7386703491,
        "mean": 2.41442704201,
        "median": 1.44000887871,
        "min": -2.203820467,
        "var": 8.66499328613
    },
    "barkbands_spread": {
        "dmean": 8.45686912537,
        "dmean2": 13.5076150894,
        "dvar": 113.070915222,
        "dvar2": 284.840240479,
        "max": 125.914772034,
        "mean": 20.032459259,
        "median": 18.0108852386,
        "min": 0.165937438607,
        "var": 198.658065796
    },
    "dissonance": {
        "dmean": 0.0121425231919,
        "dmean2": 0.0204213224351,
        "dvar": 0.000189220983884,
        "dvar2": 0.000484443444293,
        "max": 0.500000119209,
        "mean": 0.481281280518,
        "median": 0.486153572798,
        "min": 0.240433990955,
        "var": 0.000309243187075
    },
    "dynamic_complexity": 4.36234998703,
    "erbbands_crest": {
        "dmean": 2.83900666237,
        "dmean2": 4.59535121918,
        "dvar": 8.31536579132,
        "dvar2": 19.846288681,
        "max": 26.8806838989,
        "mean": 8.80446338654,
        "median": 7.79662942886,
        "min": 2.54324936867,
        "var": 17.6537418365
    },
    "erbbands_flatness_db": {
        "dmean": 0.0209887716919,
        "dmean2": 0.0306292437017,
        "dvar": 0.000422167067882,
        "dvar2": 0.000962536898442,
        "max": 0.408150404692,
        "mean": 0.161921724677,
        "median": 0.158281669021,
        "min": 0.0403804667294,
        "var": 0.00154289777856
    },
    "erbbands_kurtosis": {
        "dmean": 1.17917239666,
        "dmean2": 1.95800960064,
        "dvar": 10.5855226517,
        "dvar2": 28.3218955994,
        "max": 91.0659637451,
        "mean": 0.198222413659,
        "median": -0.394794464111,
        "min": -1.79254829884,
        "var": 10.8100070953
    },
    "erbbands_skewness": {
        "dmean": 0.494939804077,
        "dmean2": 0.76428771019,
        "dvar": 0.386708885431,
        "dvar2": 0.945728182793,
        "max": 8.87912750244,
        "mean": 0.225740298629,
        "median": 0.118093721569,
        "min": -2.17783212662,
        "var": 0.721681833267
    },
    "erbbands_spread": {
        "dmean": 12.247633934,
        "dmean2": 18.7827110291,
        "dvar": 172.315383911,
        "dvar2": 408.513092041,
        "max": 161.885498047,
        "mean": 45.7876586914,
        "median": 40.1801528931,
        "min": 1.65507340431,
        "var": 542.307189941
    },
    "hfc": {
        "dmean": 12.6319713593,
        "dmean2": 21.9071350098,
        "dvar": 1230.85595703,
        "dvar2": 3461.86621094,
        "max": 315.656066895,
        "mean": 13.7915668488,
        "median": 6.22175741196,
        "min": 1.13598407588e-16,
        "var": 827.777709961
    },
    "melbands_crest": {
        "dmean": 3.64429068565,
        "dmean2": 5.79927301407,
        "dvar": 11.3949165344,
        "dvar2": 26.0566768646,
        "max": 39.9176902771,
        "mean": 15.699754715,
        "median": 16.1777610779,
        "min": 1.5483700037,
        "var": 45.7421455383
    },
    "melbands_flatness_db": {
        "dmean": 0.0469573810697,
        "dmean2": 0.0666840970516,
        "dvar": 0.00310223107226,
        "dvar2": 0.00567920831963,
        "max": 0.676102817059,
        "mean": 0.198991194367,
        "median": 0.172649338841,
        "min": 0.00262746866792,
        "var": 0.0143229765818
    },
    "melbands_kurtosis": {
        "dmean": 27.3460102081,
        "dmean2": 42.2682113647,
        "dvar": 16634.7421875,
        "dvar2": 45301.9257812,
        "max": 9718.38085938,
        "mean": 45.8024330139,
        "median": 8.09112453461,
        "min": -1.67579030991,
        "var": 14689.9160156
    },
    "melbands_skewness": {
        "dmean": 1.40084755421,
        "dmean2": 2.07203602791,
        "dvar": 4.0317234993,
        "dvar2": 7.82399654388,
        "max": 89.9587020874,
        "mean": 4.02942800522,
        "median": 2.45111560822,
        "min": -1.15914428234,
        "var": 14.5324068069
    },
    "melbands_spread": {
        "dmean": 13.5220422745,
        "dmean2": 22.1067180634,
        "dvar": 360.4815979,
        "dvar2": 914.408630371,
        "max": 164.97454834,
        "mean": 28.9048347473,
        "median": 19.3514614105,
        "min": 0.0776118189096,
        "var": 872.29864502
    },
    "pitch_salience": {
        "dmean": 0.0898086205125,
        "dmean2": 0.135054737329,
        "dvar": 0.00986397918314,
        "dvar2": 0.0190955605358,
        "max": 0.993609070778,
        "mean": 0.483440846205,
        "median": 0.531304836273,
        "min": 0.0146942082793,
        "var": 0.0389260314405
    },
    "silence_rate_20dB": {
        "dmean": 0,
        "dmean2": 0,
        "dvar": 0,
        "dvar2": 0,
        "max": 1,
        "mean": 1,
        "median": 1,
        "min": 1,
        "var": 0
    },
    "silence_rate_30dB": {
        "dmean": 0.0278571434319,
        "dmean2": 0.0557192601264,
        "dvar": 0.0270775035024,
        "dvar2": 0.0769078955054,
        "max": 1,
        "mean": 0.984287142754,
        "median": 1,
        "min": 0,
        "var": 0.0154639901593
    },
    "silence_rate_60dB": {
        "dmean": 0.0805357173085,
        "dmean2": 0.161085814238,
        "dvar": 0.0740410685539,
        "dvar2": 0.160882741213,
        "max": 1,
        "mean": 0.229622349143,
        "median": 0,
        "min": 0,
        "var": 0.176905304193
    },
    "spectral_centroid": {
        "dmean": 468.310119629,
        "dmean2": 743.586730957,
        "dvar": 305546.59375,
        "dvar2": 697726.9375,
        "max": 11588.6484375,
        "mean": 1675.97570801,
        "median": 1582.72949219,
        "min": 96.6702041626,
        "var": 888450.875
    },
    "spectral_complexity": {
        "dmean": 4.95839262009,
        "dmean2": 7.68247175217,
        "dvar": 53.7389793396,
        "dvar2": 107.914802551,
        "max": 60,
        "mean": 12.1232032776,
        "median": 9,
        "min": 0,
        "var": 111.352455139
    },
    "spectral_decrease": {
        "dmean": 2.87643620034e-09,
        "dmean2": 4.07706535199e-09,
        "dvar": 2.50290774745e-17,
        "dvar2": 4.60950697684e-17,
        "max": -4.5552654768e-29,
        "mean": -5.38935696071e-09,
        "median": -2.2412325329e-09,
        "min": -4.1316564392e-08,
        "var": 4.87181918397e-17
    },
    "spectral_energy": {
        "dmean": 0.0113215968013,
        "dmean2": 0.0160619374365,
        "dvar": 0.000383061968023,
        "dvar2": 0.000683578837197,
        "max": 0.158017233014,
        "mean": 0.0215916316956,
        "median": 0.00958607345819,
        "min": 1.04756366128e-20,
        "var": 0.000761418137699
    },
    "spectral_energyband_high": {
        "dmean": 0.00142089219298,
        "dmean2": 0.0025785593316,
        "dvar": 1.74564393092e-05,
        "dvar2": 5.02279799548e-05,
        "max": 0.0383192412555,
        "mean": 0.00105700769927,
        "median": 0.000209867052035,
        "min": 7.7858189364e-21,
        "var": 1.02849980976e-05
    },
    "spectral_energyband_low": {
        "dmean": 0.0091601209715,
        "dmean2": 0.0136878518388,
        "dvar": 0.000290033873171,
        "dvar2": 0.00062584556872,
        "max": 0.147167742252,
        "mean": 0.0141899175942,
        "median": 0.00197194889188,
        "min": 3.28485088813e-23,
        "var": 0.000470708095236
    },
    "spectral_energyband_middle_high": {
        "dmean": 0.00142325600609,
        "dmean2": 0.00248721474782,
        "dvar": 1.26947743411e-05,
        "dvar2": 3.58534089173e-05,
        "max": 0.0289566665888,
        "mean": 0.00228796387091,
        "median": 0.00127831276041,
        "min": 1.46646803754e-21,
        "var": 1.08649228423e-05
    },
    "spectral_energyband_middle_low": {
        "dmean": 0.00565851153806,
        "dmean2": 0.00974617619067,
        "dvar": 0.000235147264902,
        "dvar2": 0.000639366277028,
        "max": 0.099734313786,
        "mean": 0.0062596979551,
        "median": 0.00138312624767,
        "min": 2.950727274e-22,
        "var": 0.000183263022336
    },
    "spectral_entropy": {
        "dmean": 0.235713660717,
        "dmean2": 0.362163752317,
        "dvar": 0.10205245018,
        "dvar2": 0.242977321148,
        "max": 9.80191421509,
        "mean": 7.75356769562,
        "median": 7.82401943207,
        "min": 4.87599563599,
        "var": 0.200629740953
    },
    "spectral_flux": {
        "dmean": 0.0360738113523,
        "dmean2": 0.0504943318665,
        "dvar": 0.00239346199669,
        "dvar2": 0.00369729637168,
        "max": 0.38389274478,
        "mean": 0.0769272968173,
        "median": 0.0485830828547,
        "min": 1.02350558584e-10,
        "var": 0.00596095249057
    },
    "spectral_kurtosis": {
        "dmean": 1.39612162113,
        "dmean2": 2.33036470413,
        "dvar": 3.05455565453,
        "dvar2": 7.99181365967,
        "max": 35.0582695007,
        "mean": 3.2493956089,
        "median": 2.6486325264,
        "min": -1.16773033142,
        "var": 6.18051958084
    },
    "spectral_rms": {
        "dmean": 0.0010231473716,
        "dmean2": 0.00143462454434,
        "dvar": 2.01765192287e-06,
        "dvar2": 3.28714577336e-06,
        "max": 0.0124162454158,
        "mean": 0.00377758522518,
        "median": 0.00305814761668,
        "min": 3.19689435514e-12,
        "var": 6.79485629007e-06
    },
    "spectral_rolloff": {
        "dmean": 919.896972656,
        "dmean2": 1555.11437988,
        "dvar": 2084928.75,
        "dvar2": 5014318.5,
        "max": 18733.8867188,
        "mean": 2135.51049805,
        "median": 1313.52539062,
        "min": 21.533203125,
        "var": 7330068.5
    },
    "spectral_skewness": {
        "dmean": 0.258611500263,
        "dmean2": 0.413029640913,
        "dvar": 0.0848415642977,
        "dvar2": 0.206596165895,
        "max": 4.67880964279,
        "mean": 1.29374718666,
        "median": 1.23593747616,
        "min": -0.0749927759171,
        "var": 0.172830209136
    },
    "spectral_spread": {
        "dmean": 540719.5625,
        "dmean2": 790534.5,
        "dvar": 389506957312,
        "dvar2": 800003784704,
        "max": 38988944,
        "mean": 4751702.5,
        "median": 4629391,
        "min": 1445210.875,
        "var": 1.46055561216e+12
    },
    "spectral_strongpeak": {
        "dmean": 0.359937816858,
        "dmean2": 0.602781176567,
        "dvar": 0.292553782463,
        "dvar2": 0.790407598019,
        "max": 9.0370016098,
        "mean": 0.706613361835,
        "median": 0.53039342165,
        "min": 0,
        "var": 0.477392017841
    },
    "zerocrossingrate": {
        "dmean": 0.0159720722586,
        "dmean2": 0.018054023385,
        "dvar": 0.0002590015647,
        "dvar2": 0.000299338775221,
        "max": 0.49853515625,
        "mean": 0.0750505849719,
        "median": 0.064453125,
        "min": 0.0029296875,
        "var": 0.00461173290387
    },
    "barkbands": {
        "dmean": [7.7562599472e-06, 0.00406768219545, 0.00559482118115, 0.00344665325247, 0.00220974744298, 5.90027266298e-05, 9.74596259766e-05, 0.000173293476109, 0.000315724872053, 0.000217930079089, 0.000207285687793, 8.19589040475e-05, 0.000194057647604, 0.00016757407866, 0.000109736683953, 0.000211884311284, 0.000265725539066, 0.000126269864268, 0.000174377884832, 0.000291867472697, 0.000399004056817, 0.000302112079225, 0.000263970374363, 0.000153142609634, 0.000110106673674, 1.53794480866e-05, 1.95655320567e-06],
        "dmean2": [1.23841264212e-05, 0.00636375043541, 0.00932772923261, 0.00597478402779, 0.00411788932979, 0.000109003849502, 0.000178613816388, 0.000311158975819, 0.000478172965813, 0.000358615216101, 0.000340440601576, 0.000138943971251, 0.000356042175554, 0.000299457402434, 0.000184675547644, 0.000370046996977, 0.000488960533403, 0.000217954366235, 0.000298941886285, 0.000503915769514, 0.00073685933603, 0.000555670703761, 0.000482512055896, 0.000265945767751, 0.000202831593924, 2.78009847534e-05, 3.71039845959e-06],
        "dvar": [2.46259790337e-10, 5.66606177017e-05, 0.000177024485311, 9.35614734772e-05, 5.31833684363e-05, 3.83350879929e-08, 9.62968300655e-08, 2.21734495653e-07, 3.52846939222e-07, 1.54224380822e-07, 1.90538557376e-07, 2.38389610274e-08, 2.74662880884e-07, 3.423167243e-07, 4.11898284369e-08, 2.13433892782e-07, 4.44758285312e-07, 9.79784928745e-08, 1.65567300314e-07, 3.33502583771e-07, 1.53146083903e-06, 1.16628450542e-06, 6.76919853504e-07, 2.03633518936e-07, 1.60087921586e-07, 2.95438629117e-09, 5.53859735852e-11],
        "dvar2": [4.91643281642e-10, 0.000127399805933, 0.000457530521089, 0.000254972459516, 0.000152496635565, 1.09940337722e-07, 2.76757305073e-07, 6.30190868378e-07, 7.82744223216e-07, 3.92550248307e-07, 4.7973759365e-07, 6.21162712378e-08, 8.00926443389e-07, 9.83935024124e-07, 1.11803608149e-07, 6.02319403242e-07, 1.29233399093e-06, 2.69861544666e-07, 4.5292082973e-07, 8.91616025456e-07, 4.42121881861e-06, 3.40646920449e-06, 1.94802851183e-06, 5.70396025523e-07, 4.66548357281e-07, 8.48146974874e-09, 1.59881649586e-10],
        "max": [0.000117304451123, 0.0559567548335, 0.109117254615, 0.0810440629721, 0.0562211163342, 0.00190505431965, 0.00361705571413, 0.00502828834578, 0.013300509192, 0.00823461823165, 0.009954335168, 0.00332994060591, 0.00520539144054, 0.00729592191055, 0.00314720557071, 0.00540766026825, 0.00681558577344, 0.00649061473086, 0.00909183174372, 0.0051644993946, 0.0106111224741, 0.0108209447935, 0.00694782659411, 0.00383537984453, 0.00420463830233, 0.000597774342168, 0.000148604332935],
        "mean": [9.60510988079e-06, 0.00587420584634, 0.00617820955813, 0.00346146500669, 0.00160986068659, 5.01602735312e-05, 8.95043267519e-05, 0.000181527837412, 0.000693441426847, 0.000424001715146, 0.000323379528709, 0.000131546039484, 0.000193239568034, 0.000157569505973, 0.00015943183098, 0.00027967299684, 0.000273905898212, 0.000153339540702, 0.000195398461074, 0.000258205487626, 0.000280371605186, 0.000211082457099, 0.000183422598639, 0.000127941981191, 7.91168422438e-05, 1.08014837679e-05, 1.15849684335e-06],
        "median": [4.83592657474e-07, 0.000207336794119, 0.000668855383992, 0.000181798735866, 0.000104961727629, 1.25579608721e-05, 2.47399293585e-05, 4.67730642413e-05, 0.000302299595205, 0.000171667852555, 0.00013522937661, 6.26260298304e-05, 8.26140239951e-05, 4.22142074967e-05, 7.78322282713e-05, 0.000120204778796, 0.000101502402686, 5.66443850403e-05, 7.0127825893e-05, 7.31577529223e-05, 4.78807305626e-05, 3.41396662407e-05, 2.14155588765e-05, 2.6725951102e-05, 1.26413378894e-05, 1.31994295316e-06, 2.60446899603e-08],
        "min": [2.17753567071e-23, 7.59115958157e-24, 1.14119750327e-23, 3.96188350252e-24, 4.15007195126e-23, 6.17690458127e-23, 1.00368830321e-22, 3.11404451612e-23, 4.59335750636e-23, 7.958541887e-23, 7.4977606592e-23, 6.70662531022e-23, 7.2869334802e-23, 1.3402193946e-22, 2.12344947379e-22, 1.89228912097e-22, 1.70207607649e-22, 1.8161404409e-22, 2.19615846788e-22, 2.27554109901e-22, 4.32337781327e-22, 5.63730655649e-22, 6.68974898799e-22, 9.01043337805e-22, 1.48968331783e-21, 1.57784005123e-21, 2.30301764183e-21],
        "var": [3.77601672152e-10, 0.000101541132608, 0.000171187130036, 8.09481862234e-05, 3.07981536025e-05, 2.29692851406e-08, 6.13937203298e-08, 1.77229438236e-07, 1.17983825021e-06, 4.79044274471e-07, 3.41290274264e-07, 4.71917118716e-08, 1.78039030629e-07, 2.25161798539e-07, 5.4857679288e-08, 2.23738510385e-07, 3.24944096519e-07, 1.01748007353e-07, 1.42449053442e-07, 2.67795968512e-07, 8.75859370808e-07, 6.38018263999e-07, 4.01507918468e-07, 1.38239499847e-07, 8.92197320468e-08, 1.75251213541e-09, 3.34961260118e-11]
    },
    "erbbands": {
        "dmean": [0.05825002864, 1.13897633553, 5.4859213829, 9.52150917053, 10.3969535828, 6.23090314865, 1.41167771816, 0.591416299343, 1.31928253174, 2.09208989143, 4.06131219864, 7.88854980469, 6.16921043396, 8.37219238281, 7.35744905472, 3.87287831306, 8.74453449249, 8.84075164795, 5.48207473755, 7.26027393341, 13.3598489761, 13.8656330109, 7.83617115021, 7.46617794037, 9.65708827972, 11.3446989059, 14.8271722794, 17.1749858856, 10.6609554291, 9.05764389038, 8.6128282547, 3.78707027435, 2.48857784271, 1.44094276428, 0.629645228386, 0.128028526902, 0.030490744859, 0.00295878690667, 0.00033625974902, 3.1880044844e-05],
        "dmean2": [0.0863433778286, 1.79978048801, 8.91001033783, 16.2838954926, 18.9137516022, 11.6140413284, 2.60861372948, 1.09508526325, 2.44203305244, 3.64465403557, 7.40003919601, 11.8763113022, 9.21407032013, 14.7562007904, 11.5800266266, 6.67264175415, 16.1374206543, 15.6549386978, 9.47048091888, 12.587843895, 23.2653579712, 25.645149231, 13.8417692184, 12.9363012314, 16.226518631, 19.2337493896, 26.2923355103, 32.3283538818, 19.573507309, 16.6644020081, 15.9187507629, 6.58624744415, 4.42054796219, 2.64447426796, 1.16200602055, 0.233627825975, 0.0564781576395, 0.00545350881293, 0.000632255279925, 5.27539741597e-05],
        "dvar": [0.0101652415469, 4.56465673447, 157.966110229, 646.057373047, 1049.63964844, 416.831085205, 22.1719589233, 3.62001538277, 20.9493579865, 26.6187076569, 129.775299072, 228.348236084, 125.150238037, 317.814208984, 241.910552979, 56.4317398071, 644.51171875, 789.239196777, 211.236297607, 241.985824585, 859.114196777, 1352.27111816, 365.982452393, 295.65435791, 508.142364502, 573.737243652, 1124.56066895, 3342.17675781, 1284.05908203, 1160.39599609, 746.28729248, 122.527656555, 57.4204978943, 23.8499469757, 6.05749225616, 0.246522977948, 0.0127191133797, 0.000107690902951, 1.56700582465e-06, 8.24675527866e-09],
        "dvar2": [0.0221594516188, 9.95262718201, 394.396026611, 1708.69897461, 2957.30273438, 1198.33337402, 63.7410354614, 10.4132947922, 60.4015312195, 73.4888534546, 373.292694092, 503.339355469, 265.306945801, 907.02154541, 517.623657227, 154.024520874, 1892.4810791, 2247.22949219, 588.362854004, 679.89642334, 2417.38476562, 3931.55395508, 1027.5189209, 795.269287109, 1367.20996094, 1532.65270996, 3149.96801758, 9694.46191406, 3737.86254883, 3391.25708008, 2154.32226562, 340.898773193, 163.178909302, 69.2034759521, 17.6984004974, 0.715230584145, 0.0367688685656, 0.000308640272124, 4.49836761618e-06, 2.27490470905e-08],
        "max": [0.641827642918, 15.7083501816, 90.3351898193, 195.853927612, 235.842956543, 163.718612671, 37.3557777405, 19.2486038208, 47.6335487366, 85.7981414795, 140.383453369, 380.41973877, 306.246826172, 325.293670654, 485.585327148, 136.290924072, 252.671081543, 358.358673096, 156.937484741, 187.658737183, 383.506530762, 424.845489502, 298.326812744, 289.155761719, 501.670532227, 287.677825928, 313.441162109, 519.47052002, 339.986663818, 371.533935547, 210.186965942, 96.8321456909, 65.1641845703, 48.0142326355, 26.8265647888, 5.75700092316, 1.1854827404, 0.215560570359, 0.0242871753871, 0.00111079227645],
        "mean": [0.0886125490069, 1.63824605942, 6.35736894608, 10.8250131607, 8.6427192688, 4.48044347763, 1.08324098587, 0.513331890106, 1.15727055073, 2.57857942581, 4.35000133514, 17.7878875732, 13.9235563278, 13.4546356201, 12.998380661, 5.90202236176, 8.7569026947, 9.07085323334, 6.64391994476, 10.0994577408, 18.285774231, 14.3654527664, 9.53125, 8.99705410004, 10.1214694977, 10.753446579, 11.8692178726, 11.2073612213, 7.70959568024, 6.1630115509, 5.8221540451, 2.86752796173, 2.14926290512, 1.06492364407, 0.446974307299, 0.0895786657929, 0.01944665052, 0.00196054182015, 0.000211013146327, 3.75543277187e-05],
        "median": [0.00455010356382, 0.103908367455, 0.806320726871, 0.929914474487, 0.535277247429, 0.331526011229, 0.110367320478, 0.135807186365, 0.285247951746, 0.766217470169, 1.47039914131, 7.43314886093, 6.88308334351, 6.03699064255, 5.21373510361, 2.99976158142, 3.78910160065, 3.19632267952, 3.01639986038, 4.72818946838, 7.95217657089, 5.26334524155, 3.78777861595, 3.28760457039, 3.42302846909, 3.24360442162, 2.89124011993, 1.46707046032, 1.38642287254, 0.780549883842, 0.614968895912, 0.404490709305, 0.528265237808, 0.170946076512, 0.0742816627026, 0.0121446903795, 0.00149863306433, 0.000149151077494, 1.58345883392e-05, 1.43622482938e-05],
        "min": [2.98629492963e-22, 1.90788137959e-21, 1.06986466062e-20, 1.58260266073e-20, 8.20678132833e-20, 1.71346276289e-19, 5.1327225862e-20, 6.18512825906e-19, 1.08138872443e-18, 1.87219427634e-18, 5.47410396703e-19, 8.57607210615e-19, 2.06266047059e-18, 2.83605138907e-18, 2.83198269443e-18, 2.9357427829e-18, 3.81335473625e-18, 5.06740769417e-18, 9.72075276194e-18, 1.0356085375e-17, 1.13729988862e-17, 1.00670130479e-17, 9.54240352289e-18, 1.03777930758e-17, 1.09975564954e-17, 1.12434251792e-17, 1.32449789228e-17, 2.0741866534e-17, 2.10461333418e-17, 1.93847013769e-17, 1.83157292538e-17, 1.8170163664e-17, 1.45940583895e-17, 1.62241104307e-17, 1.08924011601e-17, 5.75624441723e-18, 3.19264357447e-18, 1.22986805797e-18, 2.79030923177e-19, 3.40945398489e-20],
        "var": [0.0228720400482, 7.75624656677, 159.438903809, 600.030334473, 676.879272461, 238.417175293, 13.1982765198, 2.17175722122, 12.908372879, 29.5996818542, 93.6820373535, 817.596191406, 447.405273438, 471.967376709, 663.472412109, 75.1968536377, 404.220245361, 542.819763184, 170.472396851, 252.790618896, 916.815368652, 957.755737305, 358.026062012, 283.209777832, 423.911621094, 481.944793701, 747.808349609, 1851.53344727, 716.592468262, 631.229736328, 436.839355469, 82.3223190308, 37.2696228027, 13.6513938904, 3.33083057404, 0.139308318496, 0.00720610329881, 6.87444917276e-05, 9.82264850791e-07, 6.34757002516e-09]
    },
    "gfcc": {
        "mean": [-78.2607269287, 63.4983596802, -134.466186523, 44.3439865112, -57.4493675232, 33.1982040405, -23.5432300568, 19.5054244995, -26.1263809204, -12.7416744232, -27.7199859619, -16.6403274536, -10.3781013489],
        "cov": [[23063.8164062, 868.465332031, -680.434753418, 1298.46740723, -340.254364014, 693.258056641, -448.31729126, 123.980827332, -456.738800049, -302.818786621, -568.112121582, -354.793457031, -171.363464355], [868.465332031, 1804.04541016, 626.421936035, 397.258789062, 672.176635742, 158.075744629, 265.859161377, 19.6688137054, 145.173858643, -172.303237915, 34.8535346985, -144.430831909, 153.140472412], [-680.434753418, 626.421936035, 1610.38684082, 686.654541016, 770.936584473, 318.742675781, 310.1847229, 2.61598300934, 87.5912628174, 4.22284889221, 70.1372070312, 16.567987442, 25.6044750214], [1298.46740723, 397.258789062, 686.654541016, 697.51373291, 458.991119385, 284.816772461, 170.349731445, 7.86963796616, 32.1937561035, -28.8653316498, 31.3903713226, -41.8706855774, 14.1242456436], [-340.254364014, 672.176635742, 770.936584473, 458.991119385, 719.104797363, 270.199584961, 252.754501343, 60.2575454712, 140.89781189, -19.1450576782, 73.8146057129, -20.9521598816, 84.7526473999], [693.258056641, 158.075744629, 318.742675781, 284.816772461, 270.199584961, 320.413269043, 188.332015991, 119.214698792, 53.1108474731, 6.07683229446, 28.6188735962, -8.75866031647, 29.5700588226], [-448.31729126, 265.859161377, 310.1847229, 170.349731445, 252.754501343, 188.332015991, 269.137695312, 98.7294845581, 98.5698852539, -1.16386532784, 52.2867088318, -2.79048085213, 42.2371864319], [123.980827332, 19.6688137054, 2.61598300934, 7.86963796616, 60.2575454712, 119.214698792, 98.7294845581, 163.131912231, 65.7739028931, 32.6049385071, 12.551574707, 3.52499127388, 21.9450740814], [-456.738800049, 145.173858643, 87.5912628174, 32.1937561035, 140.89781189, 53.1108474731, 98.5698852539, 65.7739028931, 126.558563232, 34.4668083191, 42.6534309387, 5.9811630249, 39.0669403076], [-302.818786621, -172.303237915, 4.22284889221, -28.8653316498, -19.1450576782, 6.07683229446, -1.16386532784, 32.6049385071, 34.4668083191, 90.1790161133, 39.8573036194, 40.2671852112, -9.13066196442], [-568.112121582, 34.8535346985, 70.1372070312, 31.3903713226, 73.8146057129, 28.6188735962, 52.2867088318, 12.551574707, 42.6534309387, 39.8573036194, 91.9244003296, 33.7590866089, 23.0873737335], [-354.793457031, -144.430831909, 16.567987442, -41.8706855774, -20.9521598816, -8.75866031647, -2.79048085213, 3.52499127388, 5.9811630249, 40.2671852112, 33.7590866089, 76.1881103516, 11.4642820358], [-171.363464355, 153.140472412, 25.6044750214, 14.1242456436, 84.7526473999, 29.5700588226, 42.2371864319, 21.9450740814, 39.0669403076, -9.13066196442, 23.0873737335, 11.4642820358, 76.2771911621]],
        "icov": [[0.000116196424642, -0.0002183655306, 0.000158063805429, -0.000388182757888, 0.000255320308497, -0.000458603317384, 0.000400368851842, -0.000122943602037, 0.00011116238602, -0.000190902035683, 0.00063078047242, -0.000300209008856, 0.000200456488528], [-0.0002183655306, 0.0019155779155, -0.000529786047991, 0.00070188450627, -0.00128992297687, 0.00163104140665, -0.000944121624343, -5.98964325036e-05, -0.000756433932111, 0.00253812037408, -0.00213473965414, 0.00288784690201, -0.00204426073469], [0.000158063805429, -0.000529786047991, 0.00214028102346, -0.00133430212736, -0.00131598336156, -0.00024199935433, -0.000837219820824, 0.000643494830001, 0.00130558095407, -0.00177867908496, 0.00211312877946, -0.00225661625154, 0.00159983464982], [-0.000388182757888, 0.00070188450627, -0.00133430212736, 0.00533528439701, -0.00182722543832, -0.0014908190351, -0.000620745297056, 0.00211003376171, 1.44213800013e-05, 0.000754942069761, -0.0028490559198, 0.00280609633774, 4.71507446491e-05], [0.000255320308497, -0.00128992297687, -0.00131598336156, -0.00182722543832, 0.00670632347465, -0.00299082277343, 0.00156495941337, 0.000326081906678, -0.00365984649397, 0.000785447715316, 0.000153559230966, -0.000428519357229, -0.0013225703733], [-0.000458603317384, 0.00163104140665, -0.00024199935433, -0.0014908190351, -0.00299082277343, 0.0126647939906, -0.005764788948, -0.00549539737403, 0.00372157199308, -3.38166682923e-05, -0.0020852771122, 0.00186509254854, -0.00232027540915], [0.000400368851842, -0.000944121624343, -0.000837219820824, -0.000620745297056, 0.00156495941337, -0.005764788948, 0.0124183809385, -0.00293562049046, -0.00539565831423, 0.00512112583965, -0.00213659158908, -0.00134539138526, 0.00188044353854], [-0.000122943602037, -5.98964325036e-05, 0.000643494830001, 0.00211003376171, 0.000326081906678, -0.00549539737403, -0.00293562049046, 0.0142744733021, -0.00396707747132, -0.00499041192234, 0.00325204432011, 0.000701777986251, -0.00113119371235], [0.00011116238602, -0.000756433932111, 0.00130558095407, 1.44213800013e-05, -0.00365984649397, 0.00372157199308, -0.00539565831423, -0.00396707747132, 0.0211029853672, -0.0106850899756, 0.000334508484229, 0.00273746764287, -0.00451969681308], [-0.000190902035683, 0.00253812037408, -0.00177867908496, 0.000754942069761, 0.000785447715316, -3.38166682923e-05, 0.00512112583965, -0.00499041192234, -0.0106850899756, 0.0297888647765, -0.011362685822, -0.00541309453547, 0.00596427824348], [0.00063078047242, -0.00213473965414, 0.00211312877946, -0.0028490559198, 0.000153559230966, -0.0020852771122, -0.00213659158908, 0.00325204432011, 0.000334508484229, -0.011362685822, 0.0243345499039, -0.00817453861237, -0.00126191414893], [-0.000300209008856, 0.00288784690201, -0.00225661625154, 0.00280609633774, -0.000428519357229, 0.00186509254854, -0.00134539138526, 0.000701777986251, 0.00273746764287, -0.00541309453547, -0.00817453861237, 0.0269571822137, -0.00956562627107], [0.000200456488528, -0.00204426073469, 0.00159983464982, 4.71507446491e-05, -0.0013225703733, -0.00232027540915, 0.00188044353854, -0.00113119371235, -0.00451969681308, 0.00596427824348, -0.00126191414893, -0.00956562627107, 0.0236205402762]]
    },
    "melbands": {
        "dmean": [0.000833966245409, 0.00230593350716, 0.00164779659826, 0.000607775582466, 8.40665743453e-05, 1.2794000213e-05, 2.02359678951e-05, 2.64576738118e-05, 3.34444339387e-05, 5.26622934558e-05, 2.99373477901e-05, 3.4209981095e-05, 2.45812643698e-05, 1.26116174215e-05, 1.51090007421e-05, 1.81638642971e-05, 1.74512442754e-05, 9.21129048947e-06, 8.53392339195e-06, 1.16685023386e-05, 1.69071354321e-05, 1.52758930199e-05, 1.03598767964e-05, 6.01292504143e-06, 5.99356280873e-06, 7.58013538871e-06, 6.5864987846e-06, 8.25001097837e-06, 1.03174597825e-05, 9.44352996157e-06, 9.84209691524e-06, 5.67900951864e-06, 5.998621873e-06, 4.15723616243e-06, 5.52923120267e-06, 3.49225365426e-06, 1.85906753813e-06, 1.76238995664e-06, 1.58518707849e-06, 1.10579901502e-06],
        "dmean2": [0.00126320193522, 0.00358836911619, 0.00276871165261, 0.00112006824929, 0.000156711248565, 2.37607637246e-05, 3.73194270651e-05, 4.6185174142e-05, 6.09868038737e-05, 7.78607573011e-05, 4.4894470193e-05, 6.02946784056e-05, 3.99921555072e-05, 2.02744886337e-05, 2.76985301753e-05, 3.29466165567e-05, 3.09195966111e-05, 1.60216877703e-05, 1.46479369505e-05, 2.04281277547e-05, 2.93265584332e-05, 2.83197950921e-05, 1.85239550774e-05, 1.07046289486e-05, 1.03451557152e-05, 1.29073578137e-05, 1.0887199096e-05, 1.43325269164e-05, 1.78889386007e-05, 1.77724468813e-05, 1.85435674211e-05, 1.0338318134e-05, 1.11095396278e-05, 7.57120824346e-06, 1.02906014945e-05, 6.32464298178e-06, 3.14586918648e-06, 3.09490224026e-06, 2.92583717965e-06, 2.02869932764e-06],
        "dvar": [2.07298558053e-06, 2.28232056543e-05, 1.80903771252e-05, 3.79707671527e-06, 7.7917576391e-08, 1.77571968241e-09, 4.75712047532e-09, 4.40489511533e-09, 8.64248317356e-09, 9.75637082234e-09, 3.0046660715e-09, 5.20957765815e-09, 2.68893884936e-09, 5.3566900915e-10, 1.55469093155e-09, 2.36741182214e-09, 3.1997251515e-09, 7.20232096185e-10, 2.77675327176e-10, 6.3764582503e-10, 1.33329725038e-09, 1.64432223393e-09, 5.9813282105e-10, 2.56472759697e-10, 1.81503409524e-10, 3.32640248679e-10, 2.81121931289e-10, 2.75812928052e-10, 3.61736224308e-10, 9.77889991205e-10, 1.13862430595e-09, 3.17793735771e-10, 5.6226612255e-10, 2.19468609952e-10, 3.08222503076e-10, 1.17241091835e-10, 2.67164623757e-11, 2.70843226319e-11, 2.631685668e-11, 1.54062734792e-11],
        "dvar2": [4.4124312808e-06, 5.25785035279e-05, 4.73555192002e-05, 1.08043359432e-05, 2.2492787366e-07, 5.11047204554e-09, 1.36943905105e-08, 1.21815757481e-08, 2.47869653691e-08, 2.04634460488e-08, 6.33550634177e-09, 1.48537706579e-08, 6.51831877363e-09, 1.19559429024e-09, 4.60204852004e-09, 6.81268996772e-09, 9.11593289743e-09, 2.02555927586e-09, 7.68960783937e-10, 1.80257686555e-09, 3.73747655047e-09, 4.78227901723e-09, 1.70145320055e-09, 7.1846173455e-10, 4.83759865499e-10, 9.23792098373e-10, 7.26400217754e-10, 7.43555661487e-10, 9.69622826474e-10, 2.84427370545e-09, 3.29984395364e-09, 9.21497267381e-10, 1.64901792221e-09, 6.39412356396e-10, 8.94564200493e-10, 3.31615318538e-10, 7.26964252684e-11, 7.65318988738e-11, 7.59690019225e-11, 4.4860323789e-11],
        "max": [0.0100098382682, 0.0352252088487, 0.0314063951373, 0.0144881121814, 0.00212387018837, 0.000422899029218, 0.000726844009478, 0.00102777511347, 0.00119464972522, 0.00258451537229, 0.00149254035205, 0.00132439914159, 0.00128561956808, 0.000623058585916, 0.000390973698813, 0.000481293303892, 0.000747127574869, 0.000284912093775, 0.000245779636316, 0.00031385733746, 0.000589628645685, 0.000440837087808, 0.000578686653171, 0.000305503752315, 0.000237739892327, 0.000510032230522, 0.000149223254994, 0.000232500853599, 0.000184458112926, 0.000306785310386, 0.000305116147501, 0.000182541625691, 0.000242069916567, 0.000168658036273, 0.000137372684549, 9.44781204453e-05, 4.26030710514e-05, 4.64902332169e-05, 4.39447321696e-05, 3.88167063647e-05],
        "mean": [0.00124978169333, 0.00305637461133, 0.00184762838762, 0.00046268713777, 6.16681136307e-05, 1.07964015115e-05, 1.78858826985e-05, 3.16230216413e-05, 3.40208898706e-05, 0.000121649936773, 6.61444646539e-05, 5.33589918632e-05, 4.03286976507e-05, 2.27885630011e-05, 1.56640362547e-05, 1.84587297554e-05, 1.7241376554e-05, 9.94175297819e-06, 1.18271400424e-05, 1.56199712364e-05, 2.25921558012e-05, 1.47654063767e-05, 1.2147783309e-05, 6.65865263727e-06, 7.12242717782e-06, 7.86997588875e-06, 6.62128468321e-06, 7.46596151657e-06, 8.49025582284e-06, 6.47171691526e-06, 6.25644906904e-06, 4.25781081503e-06, 3.95407641918e-06, 2.95483505397e-06, 3.69214058082e-06, 2.38975553657e-06, 1.49794630033e-06, 1.57415081503e-06, 1.2174305084e-06, 7.9177493717e-07],
        "median": [4.24986719736e-05, 0.000355691561708, 0.000159012764925, 2.96483121929e-05, 5.39137818123e-06, 2.71394105766e-06, 4.48764194516e-06, 8.70589428814e-06, 9.61096884566e-06, 5.09186866111e-05, 3.14926910505e-05, 2.16955268115e-05, 1.70293187693e-05, 9.89297950582e-06, 6.2780945882e-06, 8.11898553366e-06, 5.23853441337e-06, 3.912950433e-06, 5.3949629546e-06, 7.2911807365e-06, 9.28034933168e-06, 4.96375196235e-06, 4.65863513455e-06, 2.36385858443e-06, 2.52023346548e-06, 2.58001159636e-06, 1.97857843887e-06, 2.18218724513e-06, 2.12286568058e-06, 1.1377978808e-06, 6.73298814036e-07, 8.42787073907e-07, 4.8635240546e-07, 4.1029085196e-07, 3.69886805629e-07, 2.47275636411e-07, 2.34232302887e-07, 3.88597186429e-07, 2.44961910312e-07, 1.06350874773e-07],
        "min": [4.14979529774e-24, 4.6350425732e-24, 3.72530885021e-24, 1.09102744853e-23, 2.28157960047e-24, 1.36049965163e-23, 1.89486803348e-23, 1.7760647923e-23, 3.97211029529e-24, 5.97888960778e-24, 1.09756126787e-23, 1.17669316745e-23, 1.04140115562e-23, 6.34698236135e-24, 9.52511204414e-24, 6.25751330735e-24, 1.0153707179e-23, 1.49280913815e-23, 1.70436206918e-23, 1.11808458872e-23, 1.35831056262e-23, 1.02511173013e-23, 6.78126527803e-24, 1.08245821029e-23, 7.92476806952e-24, 8.42987965144e-24, 6.75347213062e-24, 7.83919164966e-24, 8.39508851894e-24, 8.8669677575e-24, 1.37795998336e-23, 1.23451730289e-23, 9.23605605353e-24, 1.16303830072e-23, 1.06066048465e-23, 9.8107932878e-24, 1.23385473862e-23, 9.83862193396e-24, 1.15233322158e-23, 1.42912692162e-23],
        "var": [4.42892996944e-06, 2.87168877549e-05, 1.668434561e-05, 2.2694598556e-06, 4.53527597699e-08, 1.0580855081e-09, 2.95604074552e-09, 4.7744235232e-09, 6.69775790385e-09, 3.83174096896e-08, 1.07552038386e-08, 8.19985768175e-09, 5.43883471593e-09, 1.65399716145e-09, 1.05444453169e-09, 1.56441570809e-09, 2.22289608942e-09, 5.35239019772e-10, 3.27777222031e-10, 6.30517749123e-10, 1.44670375679e-09, 1.12413944819e-09, 6.70571986827e-10, 2.06279604509e-10, 1.83170978385e-10, 2.81236783861e-10, 2.38255942753e-10, 2.25513191454e-10, 2.75710704267e-10, 5.45272882402e-10, 6.29528262852e-10, 1.81989187609e-10, 3.00882374571e-10, 1.21624280092e-10, 1.77187209349e-10, 7.27029339509e-11, 1.95495893779e-11, 1.82268818094e-11, 1.57317197463e-11, 8.63610571944e-12]
    },
    "mfcc": {
        "mean": [-700.302490234, 81.6332168579, -9.95035743713, 16.4573078156, 1.56021904945, 9.85973739624, 14.1946077347, 18.5682239532, 15.3762321472, 7.2962808609, -6.03925085068, -2.91523075104, -7.68573045731],
        "cov": [[11739.8085938, 152.303161621, -341.06338501, 304.343902588, 77.2286987305, 197.116897583, -48.2757492065, 51.7917633057, 48.9285430908, -33.5658531189, -230.916000366, -109.91519165, -146.942718506], [152.303161621, 1327.32861328, 322.236450195, 393.81552124, 461.272155762, 277.087982178, 267.899078369, 231.92414856, 237.531524658, 113.437278748, 9.73722362518, -0.654460549355, 36.2021331787], [-341.06338501, 322.236450195, 809.670654297, 472.121307373, 377.341217041, 336.235809326, 251.922317505, 147.102081299, 64.2624588013, 64.2017440796, 78.0275802612, 18.5661640167, 7.45007181168], [304.343902588, 393.81552124, 472.121307373, 527.655151367, 407.206298828, 323.637695312, 220.095962524, 141.506546021, 81.5208206177, 83.7968215942, 44.3193664551, 10.2729120255, 4.65088367462], [77.2286987305, 461.272155762, 377.341217041, 407.206298828, 507.525634766, 316.985809326, 230.0181427, 156.851211548, 125.771476746, 97.6873016357, 42.9917945862, 21.4096717834, 30.9921321869], [197.116897583, 277.087982178, 336.235809326, 323.637695312, 316.985809326, 328.434387207, 226.792907715, 160.108612061, 96.3870544434, 90.8158035278, 42.5962371826, 21.861497879, 18.5429515839], [-48.2757492065, 267.899078369, 251.922317505, 220.095962524, 230.0181427, 226.792907715, 255.671936035, 177.696075439, 110.031097412, 90.4181442261, 49.5714302063, 30.0547294617, 21.2475757599], [51.7917633057, 231.92414856, 147.102081299, 141.506546021, 156.851211548, 160.108612061, 177.696075439, 188.817306519, 124.731285095, 85.8589935303, 39.9930992126, 21.9562892914, 19.8938999176], [48.9285430908, 237.531524658, 64.2624588013, 81.5208206177, 125.771476746, 96.3870544434, 110.031097412, 124.731285095, 151.732406616, 84.9010620117, 31.6258068085, 16.0600891113, 27.0806732178], [-33.5658531189, 113.437278748, 64.2017440796, 83.7968215942, 97.6873016357, 90.8158035278, 90.4181442261, 85.8589935303, 84.9010620117, 107.278808594, 45.5742378235, 26.6771335602, 11.5794401169], [-230.916000366, 9.73722362518, 78.0275802612, 44.3193664551, 42.9917945862, 42.5962371826, 49.5714302063, 39.9930992126, 31.6258068085, 45.5742378235, 79.0992279053, 39.4929275513, 24.6244392395], [-109.91519165, -0.654460549355, 18.5661640167, 10.2729120255, 21.4096717834, 21.861497879, 30.0547294617, 21.9562892914, 16.0600891113, 26.6771335602, 39.4929275513, 68.9820556641, 36.1875648499], [-146.942718506, 36.2021331787, 7.45007181168, 4.65088367462, 30.9921321869, 18.5429515839, 21.2475757599, 19.8938999176, 27.0806732178, 11.5794401169, 24.6244392395, 36.1875648499, 73.3566055298]],
