{
"lowlevel": {
    "average_loudness": 0.836563766003,
    "barkbands_crest": {
        "dmean": 2.69396400452,
        "dmean2": 4.09884262085,
        "dvar": 6.13688421249,
        "dvar2": 13.6945953369,
        "max": 26.2307510376,
        "mean": 9.70442008972,
        "median": 8.78365039825,
        "min": 2.15417265892,
        "var": 19.4712619781
    },
    "barkbands_flatness_db": {
        "dmean": 0.0234357174486,
        "dmean2": 0.0329449959099,
        "dvar": 0.000620822305791,
        "dvar2": 0.00114285619929,
        "max": 0.579463899136,
        "mean": 0.130082294345,
        "median": 0.112985089421,
        "min": 0.0187230333686,
        "var": 0.00516377901658
    },
    "barkbands_kurtosis": {
        "dmean": 1.71413779259,
        "dmean2": 2.65853762627,
        "dvar": 25.1329746246,
        "dvar2": 54.5872383118,
        "max": 137.165771484,
        "mean": 1.32994687557,
        "median": -0.090488910675,
        "min": -1.8299715519,
        "var": 36.9473953247
    },
    "barkbands_skewness": {
        "dmean": 0.462843954563,
        "dmean2": 0.680802285671,
        "dvar": 0.275528401136,
        "dvar2": 0.543708384037,
        "max": 10.5134191513,
        "mean": 0.773232996464,
        "median": 0.632994353771,
        "min": -2.52008318901,
        "var": 0.989185154438
    },
    "barkbands_spread": {
        "dmean": 5.35805654526,
        "dmean2": 8.06822681427,
        "dvar": 36.0819625854,
        "dvar2": 74.7419128418,
        "max": 98.9477310181,
        "mean": 25.5650596619,
        "median": 24.8560409546,
        "min": 0.273114323616,
        "var": 164.347793579
    },
    "dissonance": {
        "dmean": 0.0214374493808,
        "dmean2": 0.0355692729354,
        "dvar": 0.000599656603299,
        "dvar2": 0.00169537565671,
        "max": 0.500000119209,
        "mean": 0.45382553339,
        "median": 0.462554723024,
        "min": 0.0744073912501,
        "var": 0.00147331238259
    },
    "dynamic_complexity": 3.4578139782,
    "erbbands_crest": {
        "dmean": 2.89562344551,
        "dmean2": 4.67475557327,
        "dvar": 7.75108671188,
        "dvar2": 19.5269069672,
        "max": 34.1533622742,
        "mean": 10.6916265488,
        "median": 9.3800239563,
        "min": 2.76546430588,
        "var": 26.2767810822
    },
    "erbbands_flatness_db": {
        "dmean": 0.0212879311293,
        "dmean2": 0.0301058832556,
        "dvar": 0.000558572704904,
        "dvar2": 0.00102268124465,
        "max": 0.61108225584,
        "mean": 0.18599820137,
        "median": 0.174533218145,
        "min": 0.0680543705821,
        "var": 0.00401528272778
    },
    "erbbands_kurtosis": {
        "dmean": 0.933028638363,
        "dmean2": 1.49329721928,
        "dvar": 3.90913271904,
        "dvar2": 10.3140926361,
        "max": 71.9657821655,
        "mean": 0.406236469746,
        "median": -0.165352106094,
        "min": -1.68441212177,
        "var": 5.50131559372
    },
    "erbbands_skewness": {
        "dmean": 0.36139601469,
        "dmean2": 0.557587206364,
        "dvar": 0.121622167528,
        "dvar2": 0.296450287104,
        "max": 5.56616783142,
        "mean": 0.190251216292,
        "median": 0.122374087572,
        "min": -3.52322602272,
        "var": 0.536158680916
    },
    "erbbands_spread": {
        "dmean": 5.68167448044,
        "dmean2": 8.65551280975,
        "dvar": 37.7854499817,
        "dvar2": 81.1798934937,
        "max": 96.7781295776,
        "mean": 28.6572303772,
        "median": 28.158657074,
        "min": 0.359540849924,
        "var": 122.15348053
    },
    "hfc": {
        "dmean": 7.09151363373,
        "dmean2": 10.0567598343,
        "dvar": 248.830429077,
        "dvar2": 513.655395508,
        "max": 204.858718872,
        "mean": 20.310792923,
        "median": 11.0567817688,
        "min": 1.28858460521e-16,
        "var": 558.008666992
    },
    "melbands_crest": {
        "dmean": 3.91068053246,
        "dmean2": 5.9475941658,
        "dvar": 12.647400856,
        "dvar2": 25.4238452911,
        "max": 39.1795349121,
        "mean": 15.4103059769,
        "median": 14.0985469818,
        "min": 1.00283944607,
        "var": 53.1524391174
    },
    "melbands_flatness_db": {
        "dmean": 0.0262247510254,
        "dmean2": 0.0364423878491,
        "dvar": 0.000734545057639,
        "dvar2": 0.00129895412829,
        "max": 0.677858889103,
        "mean": 0.173500269651,
        "median": 0.157695934176,
        "min": -2.50230584697e-07,
        "var": 0.00685807736591
    },
    "melbands_kurtosis": {
        "dmean": 3.78615164757,
        "dmean2": 5.78615665436,
        "dvar": 133.401504517,
        "dvar2": 291.712982178,
        "max": 381.717498779,
        "mean": 4.88456201553,
        "median": 1.98765611649,
        "min": -1.84118890762,
        "var": 176.716934204
    },
    "melbands_skewness": {
        "dmean": 0.591036856174,
        "dmean2": 0.87637090683,
        "dvar": 0.568402051926,
        "dvar2": 1.11448609829,
        "max": 16.5591506958,
        "mean": 1.53347682953,
        "median": 1.26598477364,
        "min": -3.22253537178,
        "var": 1.66375660896
    },
    "melbands_spread": {
        "dmean": 8.55060005188,
        "dmean2": 12.5660295486,
        "dvar": 85.2663955688,
        "dvar2": 170.86151123,
        "max": 171.313354492,
        "mean": 34.6991729736,
        "median": 32.1443443298,
        "min": 0.322352558374,
        "var": 381.672393799
    },
    "pitch_salience": {
        "dmean": 0.0690954551101,
        "dmean2": 0.106158152223,
        "dvar": 0.00407868484035,
        "dvar2": 0.00866310205311,
        "max": 0.995898067951,
        "mean": 0.491490662098,
        "median": 0.491391330957,
        "min": 0.044936157763,
        "var": 0.0141146788374
    },
    "silence_rate_20dB": {
        "dmean": 0,
        "dmean2": 0,
        "dvar": 0,
        "dvar2": 0,
        "max": 1,
        "mean": 1,
        "median": 1,
        "min": 1,
        "var": 0
    },
    "silence_rate_30dB": {
        "dmean": 0,
        "dmean2": 0,
        "dvar": 0,
        "dvar2": 0,
        "max": 1,
        "mean": 1,
        "median": 1,
        "min": 1,
        "var": 0
    },
    "silence_rate_60dB": {
        "dmean": 0.0262776073068,
        "dmean2": 0.052478838712,
        "dvar": 0.0255910046399,
        "dvar2": 0.0587464533746,
        "max": 1,
        "mean": 0.0977673903108,
        "median": 0,
        "min": 0,
        "var": 0.0882297381759
    },
    "spectral_centroid": {
        "dmean": 229.947631836,
        "dmean2": 340.058807373,
        "dvar": 60307.8632812,
        "dvar2": 110796.3125,
        "max": 11334.2207031,
        "mean": 1802.40783691,
        "median": 1809.2364502,
        "min": 257.376525879,
        "var": 428092.53125
    },
    "spectral_complexity": {
        "dmean": 3.34209251404,
        "dmean2": 4.63837146759,
        "dvar": 20.1158771515,
        "dvar2": 26.2614536285,
        "max": 63,
        "mean": 16.3713226318,
        "median": 15,
        "min": 0,
        "var": 102.027198792
    },
    "spectral_decrease": {
        "dmean": 1.61446200853e-09,
        "dmean2": 2.31507990556e-09,
        "dvar": 9.16946004473e-18,
        "dvar2": 1.93354742042e-17,
        "max": 9.79695760305e-19,
        "mean": -3.82743658989e-09,
        "median": -2.7050623963e-09,
        "min": -3.14895842735e-08,
        "var": 1.59565092308e-17
    },
    "spectral_energy": {
        "dmean": 0.00665734522045,
        "dmean2": 0.00949860457331,
        "dvar": 0.00015638138575,
        "dvar2": 0.000334072916303,
        "max": 0.137430042028,
        "mean": 0.0162878893316,
        "median": 0.0116455480456,
        "min": 1.10294316095e-20,
        "var": 0.000275115511613
    },
    "spectral_energyband_high": {
        "dmean": 0.000355649826815,
        "dmean2": 0.000505326956045,
        "dvar": 6.48226318845e-07,
        "dvar2": 1.20876711662e-06,
        "max": 0.0114096086472,
        "mean": 0.00087214744417,
        "median": 0.000251226330874,
        "min": 8.42691541508e-21,
        "var": 1.57018678237e-06
    },
    "spectral_energyband_low": {
        "dmean": 0.00272444309667,
        "dmean2": 0.00366413616575,
        "dvar": 4.48843202321e-05,
        "dvar2": 6.23738524155e-05,
        "max": 0.0613528750837,
        "mean": 0.00467400206253,
        "median": 0.000757087836973,
        "min": 2.73953721899e-23,
        "var": 0.00010200044926
    },
    "spectral_energyband_middle_high": {
        "dmean": 0.00214431621134,
        "dmean2": 0.00316559080966,
        "dvar": 2.38618449657e-05,
        "dvar2": 5.19733075635e-05,
        "max": 0.0664726793766,
        "mean": 0.00543151469901,
        "median": 0.00342050590552,
        "min": 1.48104235005e-21,
        "var": 4.34743924416e-05
    },
    "spectral_energyband_middle_low": {
        "dmean": 0.00288801337592,
        "dmean2": 0.00462180469185,
        "dvar": 4.01165962103e-05,
        "dvar2": 0.00010991023737,
        "max": 0.0888044834137,
        "mean": 0.00544556695968,
        "median": 0.00397364236414,
        "min": 1.94261251449e-22,
        "var": 3.87837972085e-05
    },
    "spectral_entropy": {
        "dmean": 0.189638420939,
        "dmean2": 0.271884799004,
        "dvar": 0.0520149357617,
        "dvar2": 0.0977673307061,
        "max": 9.80669403076,
        "mean": 7.39338827133,
        "median": 7.46252346039,
        "min": 3.73829126358,
        "var": 0.281693309546
    },
    "spectral_flux": {
        "dmean": 0.0222053602338,
        "dmean2": 0.0347750075161,
        "dvar": 0.00110578187741,
        "dvar2": 0.00217115948908,
        "max": 0.324357241392,
        "mean": 0.061360001564,
        "median": 0.0485813319683,
        "min": 1.05021102925e-10,
        "var": 0.00219949171878
    },
    "spectral_kurtosis": {
        "dmean": 2.15552854538,
        "dmean2": 3.59833097458,
        "dvar": 18.5967292786,
        "dvar2": 51.3261871338,
        "max": 151.515762329,
        "mean": 6.24374961853,
        "median": 4.4811258316,
        "min": -1.22610032558,
        "var": 73.7018737793
    },
    "spectral_rms": {
        "dmean": 0.000708713778295,
        "dmean2": 0.000986469909549,
        "dvar": 9.88680994851e-07,
        "dvar2": 1.89521119864e-06,
        "max": 0.0115792090073,
        "mean": 0.00357574597001,
        "median": 0.0033706841059,
        "min": 3.2803080998e-12,
        "var": 3.10462883135e-06
    },
    "spectral_rolloff": {
        "dmean": 523.620849609,
        "dmean2": 846.917053223,
        "dvar": 869249.3125,
        "dvar2": 1820872.875,
        "max": 19358.3496094,
        "mean": 2194.45068359,
        "median": 1981.0546875,
        "min": 43.06640625,
        "var": 2400073
    },
    "spectral_skewness": {
        "dmean": 0.224580347538,
        "dmean2": 0.363844871521,
        "dvar": 0.0924946889281,
        "dvar2": 0.254081100225,
        "max": 10.0162525177,
        "mean": 1.67876684666,
        "median": 1.5679012537,
        "min": -0.0438248999417,
        "var": 0.466437667608
    },
    "spectral_spread": {
        "dmean": 526081.625,
        "dmean2": 749078.75,
        "dvar": 697400295424,
        "dvar2": 1.15120524493e+12,
        "max": 41107888,
        "mean": 4309152.5,
        "median": 4030602.75,
        "min": 611766.6875,
        "var": 2.50653546906e+12
    },
    "spectral_strongpeak": {
        "dmean": 0.700284421444,
        "dmean2": 1.18361079693,
        "dvar": 1.13350296021,
        "dvar2": 2.61417007446,
        "max": 14.8181629181,
        "mean": 1.43826115131,
        "median": 0.906124591827,
        "min": 0,
        "var": 3.05359125137
    },
    "zerocrossingrate": {
        "dmean": 0.0109468121082,
        "dmean2": 0.0122389532626,
        "dvar": 0.000166269383044,
        "dvar2": 0.000197166285943,
        "max": 0.52880859375,
        "mean": 0.0729344710708,
        "median": 0.06787109375,
        "min": 0.00146484375,
        "var": 0.00133805116639
    },
    "barkbands": {
        "dmean": [0.000455455476185, 0.00236915121786, 0.000726732600015, 0.00024526231573, 0.000422621960752, 0.000297441292787, 0.000392799352994, 0.000872233940754, 0.00124561798293, 0.000323389598634, 0.000475639390061, 0.000265914044576, 0.000371835310943, 0.000230971505516, 0.000355979165761, 0.000288087234367, 0.000420041265897, 0.000229523007874, 0.000204195544939, 0.000131013002829, 8.41767396196e-05, 5.77365026402e-05, 6.45439940854e-05, 5.43159258086e-05, 6.83928010403e-05, 2.87466100417e-05, 3.56337477569e-06],
        "dmean2": [0.000610236427747, 0.00302610360086, 0.00134604831692, 0.000439296447439, 0.000701818964444, 0.000483490264742, 0.000600520521402, 0.00136964360718, 0.00200587161817, 0.000498752924614, 0.000794558553025, 0.000444085075287, 0.000607195077464, 0.000393921072828, 0.000563399225939, 0.000443036609795, 0.000646189902909, 0.00035721322638, 0.00031675255741, 0.000188491787412, 0.0001211557028, 8.48745330586e-05, 9.47135340539e-05, 8.12275975477e-05, 0.000106804007373, 4.47904094472e-05, 5.58410420126e-06],
        "dvar": [6.96710287684e-07, 3.47332643287e-05, 9.03012823983e-06, 6.25889697403e-07, 1.85324563517e-06, 6.36028516965e-07, 6.63299715598e-07, 3.94181461161e-06, 9.0259100034e-06, 4.67322166742e-07, 9.79283754532e-07, 4.36100691559e-07, 5.3925219845e-07, 1.0181148582e-06, 9.08498918761e-07, 5.38357937785e-07, 8.10594031009e-07, 4.53042929394e-07, 1.87212393143e-07, 9.72243583419e-08, 4.25719548502e-08, 2.34872672422e-08, 3.35788001848e-08, 2.02031866792e-08, 3.93800725362e-08, 5.78783465599e-09, 1.17746659645e-10],
        "dvar2": [1.31238880385e-06, 5.20780267834e-05, 2.61825171037e-05, 1.76486810233e-06, 5.03269711771e-06, 1.75557897819e-06, 1.7225497686e-06, 9.80054937827e-06, 2.39330111071e-05, 1.07444759578e-06, 2.63205083684e-06, 1.12449538392e-06, 1.38412030992e-06, 2.81899679067e-06, 2.20810420615e-06, 1.210837695e-06, 1.61288301115e-06, 9.58340478974e-07, 3.76354819309e-07, 1.68920436749e-07, 7.69154127056e-08, 4.6999740988e-08, 6.60146710629e-08, 4.23052100018e-08, 8.9304563744e-08, 1.19624568029e-08, 2.37434738537e-10],
        "max": [0.0104397376999, 0.0560648366809, 0.0279603637755, 0.00915050506592, 0.0243838056922, 0.0119722662494, 0.013750760816, 0.0316909663379, 0.0453508682549, 0.0111664487049, 0.0193258170038, 0.0109165813774, 0.018349500373, 0.0154023654759, 0.0210567973554, 0.0137018067762, 0.022036716342, 0.0202136561275, 0.00713125290349, 0.00510278902948, 0.0041412897408, 0.00423904880881, 0.00632527191192, 0.00238917418756, 0.00292416871525, 0.00123925053049, 0.000466172321467],
        "mean": [0.000901912047993, 0.00321652833372, 0.000502211274579, 0.000295433739666, 0.000515361723956, 0.000503809482325, 0.000722121854778, 0.00134828337468, 0.001898524235, 0.000453758664662, 0.000589611881878, 0.000346056942362, 0.000604038126767, 0.000279211264569, 0.000620579929091, 0.000565285445191, 0.000893790624104, 0.000477324560052, 0.000514004379511, 0.000298138766084, 0.000193009982468, 0.000125963459141, 0.00011839891522, 9.8879885627e-05, 0.000119968884974, 7.51761617721e-05, 1.04767259472e-05],
        "median": [9.6468043921e-05, 0.000190423161257, 4.47189304396e-05, 6.9677218562e-05, 0.000177022593562, 0.000271864439128, 0.000317331170663, 0.000282376480754, 0.000601582927629, 0.000109518383397, 0.000204534924706, 7.92370774434e-05, 0.000226004951401, 7.14232373866e-05, 0.000180744915269, 0.000166670884937, 0.000329920934746, 0.000112239104055, 0.000147319078678, 9.08684451133e-05, 5.70204465475e-05, 3.37737037626e-05, 2.94117744488e-05, 2.06060121855e-05, 1.6116657207e-05, 4.92280742037e-06, 4.23272354055e-07],
        "min": [6.71752216144e-24, 1.32649264687e-23, 6.02713397416e-24, 4.77306838249e-24, 8.24242263453e-24, 5.2023155267e-23, 4.75046799088e-23, 3.779774647e-23, 2.90745036474e-23, 9.009156938e-23, 6.81938067039e-23, 1.3781889108e-23, 1.09475087201e-22, 1.02294698537e-22, 2.72053734632e-23, 1.77444403024e-22, 1.43259601634e-22, 2.82469279733e-22, 3.15148442266e-22, 3.76322750065e-22, 3.71326975994e-22, 6.18177557648e-22, 6.42062094913e-22, 8.31603029897e-22, 1.01120012705e-21, 1.89062993822e-21, 2.94561863602e-21],
        "var": [2.0979330202e-06, 6.75854753354e-05, 5.12727547175e-06, 4.8517608775e-07, 1.55162786086e-06, 6.39153768134e-07, 1.32005391151e-06, 6.95364724379e-06, 1.15670145533e-05, 8.52239224969e-07, 1.2186397953e-06, 6.49952369258e-07, 1.28449585191e-06, 8.65303604769e-07, 1.49207244249e-06, 1.26685961277e-06, 2.4961886993e-06, 1.12473242098e-06, 6.32851651972e-07, 2.55152400541e-07, 1.00963468697e-07, 4.88728417736e-08, 6.66960175977e-08, 3.60867495885e-08, 5.21158014521e-08, 1.63481885807e-08, 3.72501057777e-10]
    },
    "erbbands": {
        "dmean": [0.115419268608, 0.421797573566, 0.891353845596, 0.793171942234, 1.02814722061, 1.52975463867, 2.16576695442, 2.52369260788, 3.5562016964, 14.2455530167, 17.4582920074, 35.0433273315, 10.2478952408, 11.5483884811, 19.6986522675, 12.6977443695, 17.9210166931, 10.1632919312, 15.6165513992, 20.9962253571, 14.3969182968, 17.5105075836, 15.1775150299, 10.5037384033, 8.92871665955, 7.00164747238, 3.75938296318, 2.83816885948, 1.99090957642, 2.11562395096, 1.82896542549, 1.14529943466, 0.946566224098, 0.850742161274, 0.431253254414, 0.161301374435, 0.0513486117125, 0.0071343393065, 0.000640107202344, 4.8821704695e-05],
        "dmean2": [0.165355652571, 0.604219198227, 1.57686686516, 1.4435069561, 1.74499559402, 2.55725121498, 3.63907027245, 4.06339263916, 5.19831609726, 22.1809902191, 28.0480976105, 56.5681648254, 16.5418109894, 18.0892753601, 32.7707939148, 21.0314426422, 29.2944068909, 16.6696739197, 26.1408805847, 32.6170883179, 21.6009216309, 26.7144489288, 23.8431549072, 15.8836631775, 13.4106531143, 10.1690359116, 5.32442378998, 4.07678461075, 2.88984179497, 3.02228879929, 2.70465159416, 1.71985852718, 1.4219545126, 1.32303142548, 0.679263114929, 0.252715528011, 0.0806701406837, 0.011587892659, 0.00102215982042, 7.73315478e-05],
        "dvar": [0.091860845685, 1.57262659073, 12.3829565048, 8.94523715973, 5.83700037003, 34.6753845215, 55.3496856689, 38.9223175049, 48.1808891296, 925.78717041, 1858.44311523, 7174.18652344, 754.870300293, 695.176879883, 1587.61999512, 842.753173828, 1239.34423828, 984.151489258, 3500.08764648, 2738.12280273, 1215.58190918, 1596.0657959, 1392.91796875, 665.044189453, 359.810058594, 258.433532715, 74.7929000854, 66.0866928101, 29.2530078888, 28.9736537933, 30.0804023743, 9.1206073761, 6.9169178009, 6.69416952133, 1.35304772854, 0.164790794253, 0.0190456099808, 0.000313171185553, 4.9206132644e-06, 1.48753747098e-08],
        "dvar2": [0.174759045243, 2.7993991375, 34.4916152954, 25.7196750641, 15.3017997742, 96.4396743774, 157.629165649, 104.120849609, 114.894882202, 2238.97143555, 4936.02539062, 19116.9042969, 1996.609375, 1625.21289062, 4358.85253906, 2185.13232422, 3216.4375, 2505.69506836, 9523.07128906, 6661.31738281, 2622.28027344, 3182.56347656, 3026.23486328, 1309.62268066, 688.127990723, 452.319763184, 132.561325073, 125.562240601, 54.2860679626, 54.6261100769, 58.3152999878, 19.6080379486, 14.0489168167, 15.3298330307, 3.08999490738, 0.348660707474, 0.0391508117318, 0.000730712083168, 1.00321640275e-05, 2.86424040041e-08],
        "max": [2.58588647842, 10.6606616974, 32.3145751953, 34.1433143616, 34.7325515747, 109.800537109, 115.472297668, 115.99155426, 170.770309448, 554.589782715, 664.887634277, 1328.00085449, 426.411682129, 573.506408691, 522.147216797, 546.907958984, 860.002990723, 551.794555664, 1046.40588379, 1348.67431641, 730.852722168, 815.35925293, 920.816772461, 528.529602051, 349.51864624, 286.237609863, 172.107376099, 234.414123535, 150.617843628, 155.966781616, 226.357971191, 77.9931182861, 55.6697845459, 39.5490074158, 17.8634681702, 6.63017320633, 3.57638573647, 0.716395556927, 0.104893110693, 0.00214680656791],
        "mean": [0.154270976782, 0.476105123758, 0.67260825634, 0.797158420086, 1.20296669006, 1.87924599648, 2.9323592186, 4.4059176445, 7.39759874344, 23.5528583527, 27.9769039154, 53.8386077881, 14.7451286316, 15.645693779, 25.6520557404, 18.9461994171, 29.4406929016, 15.75867939, 21.193315506, 42.2143211365, 30.8653678894, 37.4107894897, 34.8989372253, 25.4484863281, 22.0586662292, 16.4832515717, 9.13738918304, 6.28214216232, 4.5432767868, 4.16279888153, 3.28914499283, 2.04953360558, 1.66787552834, 1.3648045063, 0.818775355816, 0.400469064713, 0.12987780571, 0.0130918528885, 0.00160553155001, 0.000177577137947],
        "median": [0.00690414756536, 0.0315902680159, 0.0884766280651, 0.175844475627, 0.417530536652, 0.603065133095, 1.28239250183, 2.41097044945, 3.87917685509, 7.22356891632, 9.88422393799, 18.6688194275, 5.62349176407, 5.82815170288, 9.70400810242, 6.76566886902, 11.570889473, 6.2255487442, 6.27623081207, 14.1346254349, 11.9684724808, 14.8564891815, 11.4671440125, 7.51421356201, 6.60961914062, 5.12716674805, 3.04821157455, 1.79523682594, 1.12984251976, 1.10896241665, 0.828624725342, 0.448550581932, 0.29982405901, 0.211663916707, 0.0894435793161, 0.028796672821, 0.00784435868263, 0.000847131712362, 8.12671205495e-05, 1.92797051568e-05],
        "min": [6.98171032176e-22, 1.77362326148e-21, 6.02050766877e-21, 1.46039609563e-20, 1.32721040427e-20, 4.37654993624e-20, 1.98344831097e-19, 4.17947816195e-19, 3.63618955454e-19, 1.1293845353e-18, 8.03703158817e-19, 7.41913801035e-19, 1.81343115883e-18, 3.3182927231e-18, 2.00640619188e-18, 1.18811115347e-18, 5.01387297852e-18, 5.27065052017e-18, 2.24392221258e-18, 4.80339190857e-18, 9.52641246729e-18, 1.04246933894e-17, 1.31393355508e-17, 2.06045131933e-17, 1.10240386827e-17, 1.9697744571e-17, 1.51951424165e-17, 1.50743277249e-17, 2.12249615185e-17, 1.86899192931e-17, 1.8364317843e-17, 1.43500963571e-17, 1.59013610993e-17, 8.65695217208e-18, 9.41448417706e-18, 5.6682729319e-18, 3.75816028269e-18, 1.77405363936e-18, 4.15569258344e-19, 4.40069908648e-20],
        "var": [0.140458375216, 2.22915196419, 7.90850162506, 5.61583423615, 5.49071645737, 26.7067508698, 41.8197555542, 45.8784751892, 114.011383057, 1983.4119873, 2656.65258789, 8996.41210938, 820.556213379, 1031.30383301, 1964.40185547, 1447.33117676, 2837.85571289, 1296.17993164, 3547.95947266, 5507.43310547, 2724.12963867, 4025.58032227, 3601.75341797, 1832.34655762, 1227.52514648, 718.877868652, 205.638565063, 132.434616089, 68.4511566162, 67.6946563721, 56.8070602417, 16.385881424, 12.5294694901, 7.85039424896, 2.12544941902, 0.452363312244, 0.0523995123804, 0.000568223069422, 1.08000567707e-05, 9.00669974158e-08]
    },
    "gfcc": {
        "mean": [-41.9626502991, 64.4648971558, -144.787582397, 14.8016605377, -58.8491516113, 5.38902425766, -33.256111145, 19.2933712006, -15.1563453674, 5.83639955521, -11.2339191437, 0.625885486603, -10.5114774704],
        "cov": [[21281.0644531, -3383.44580078, 609.645874023, 1964.49975586, -132.124588013, 306.235900879, -581.53326416, 796.947021484, -245.629013062, 389.727966309, -621.401794434, 226.138153076, -52.2736816406], [-3383.44580078, 2713.09228516, -358.682617188, -107.387496948, 250.199676514, -131.375534058, 102.333892822, -427.256164551, 19.1804504395, -267.231567383, 201.940673828, -162.874771118, 114.153656006], [609.645874023, -358.682617188, 898.952453613, 132.733581543, 274.411987305, 182.703704834, -22.6214389801, 147.332489014, -82.3780441284, 78.0153579712, -68.3624343872, 90.8062820435, -36.9786109924], [1964.49975586, -107.387496948, 132.733581543, 544.530334473, 96.0317306519, 106.350372314, 5.31976318359, 119.772743225, 51.8996353149, 78.9007797241, 5.23870992661, 39.9121551514, 69.9610748291], [-132.124588013, 250.199676514, 274.411987305, 96.0317306519, 411.333099365, 78.2176742554, 99.589515686, 61.1713066101, 6.86788845062, -1.6495898962, -26.6566352844, -3.1306951046, 18.514043808], [306.235900879, -131.375534058, 182.703704834, 106.350372314, 78.2176742554, 406.167388916, 197.003814697, 219.719345093, 159.188232422, 132.618392944, 78.5447006226, 34.2243804932, -31.6186981201], [-581.53326416, 102.333892822, -22.6214389801, 5.31976318359, 99.589515686, 197.003814697, 335.987060547, 184.028366089, 183.591384888, 89.3370437622, 98.0675201416, 19.6436080933, 18.6844024658], [796.947021484, -427.256164551, 147.332489014, 119.772743225, 61.1713066101, 219.719345093, 184.028366089, 361.631256104, 170.809555054, 169.892608643, 40.2050132751, 45.2110328674, 15.726641655], [-245.629013062, 19.1804504395, -82.3780441284, 51.8996353149, 6.86788845062, 159.188232422, 183.591384888, 170.809555054, 281.273193359, 151.745239258, 131.026184082, 14.9670543671, 31.5793018341], [389.727966309, -267.231567383, 78.0153579712, 78.9007797241, -1.6495898962, 132.618392944, 89.3370437622, 169.892608643, 151.745239258, 211.900436401, 105.193344116, 62.0213508606, 8.43390083313], [-621.401794434, 201.940673828, -68.3624343872, 5.23870992661, -26.6566352844, 78.5447006226, 98.0675201416, 40.2050132751, 131.026184082, 105.193344116, 213.624938965, 65.5110397339, 46.0382423401], [226.138153076, -162.874771118, 90.8062820435, 39.9121551514, -3.1306951046, 34.2243804932, 19.6436080933, 45.2110328674, 14.9670543671, 62.0213508606, 65.5110397339, 154.589630127, 63.4556121826], [-52.2736816406, 114.153656006, -36.9786109924, 69.9610748291, 18.514043808, -31.6186981201, 18.6844024658, 15.726641655, 31.5793018341, 8.43390083313, 46.0382423401, 63.4556121826, 157.192398071]],
        "icov": [[0.000120090859127, 3.28622300003e-05, 0.000127089922898, -0.000397914758651, 2.97659498756e-05, -6.328390009e-05, 0.000229688346735, -0.000247364630923, 0.000176749264938, -0.000179435446626, 0.000347336055711, -0.000214531697566, 0.00016327254707], [3.28622300003e-05, 0.00100022007246, 4.95982785651e-05, -0.000156815935043, -0.000715074827895, -0.000140387404826, -0.000292784767225, 0.00110975571442, -0.000277698622085, 0.00121248164214, -0.00160244270228, 0.00125322607346, -0.000700065866113], [0.000127089922898, 4.95982785651e-05, 0.00246453145519, -0.00034016155405, -0.0015287293354, -0.00111026805826, 0.00126439658925, -0.000931911752559, 0.00150465988554, -0.0011519320542, 0.00088436063379, -0.00153608445544, 0.00075768091483], [-0.000397914758651, -0.000156815935043, -0.00034016155405, 0.00372870406136, -0.000614899210632, -0.000534611754119, 0.000199111862457, 0.000327498681145, -0.000572767923586, -0.000172946442035, -0.000651952927001, 0.000802720431238, -0.00185828655958], [2.97659498756e-05, -0.000715074827895, -0.0015287293354, -0.000614899210632, 0.00453632837161, 0.000429459003499, -0.00169701362029, -0.000333139469149, 0.000158421331435, -0.000377517484594, 0.00165434239898, 0.000136375674629, -0.000320769991959], [-6.328390009e-05, -0.000140387404826, -0.00111026805826, -0.000534611754119, 0.000429459003499, 0.00541421538219, -0.00194107869174, -0.00132095790468, -0.00129207537975, 0.000466106343083, -0.000980765209533, -0.000337377714459, 0.00211701076478], [0.000229688346735, -0.000292784767225, 0.00126439658925, 0.000199111862457, -0.00169701362029, -0.00194107869174, 0.0079486919567, -0.00350860832259, -0.00191433704458, 0.00125842809211, -0.000275730562862, -0.0015288448194, 0.000728462997358], [-0.000247364630923, 0.00110975571442, -0.000931911752559, 0.000327498681145, -0.000333139469149, -0.00132095790468, -0.00350860832259, 0.00953701138496, -0.00218227272853, -0.00249593751505, 0.000706263759639, 0.0018308252329, -0.00239032274112], [0.000176749264938, -0.000277698622085, 0.00150465988554, -0.000572767923586, 0.000158421331435, -0.00129207537975, -0.00191433704458, -0.00218227272853, 0.011373905465, -0.00564309721813, -0.00153422332369, 0.00227772258222, -0.00141568784602], [-0.000179435446626, 0.00121248164214, -0.0011519320542, -0.000172946442035, -0.000377517484594, 0.000466106343083, 0.00125842809211, -0.00249593751505, -0.00564309721813, 0.0158643648028, -0.00680096028373, -0.000937012489885, 0.00175676471554], [0.000347336055711, -0.00160244270228, 0.00088436063379, -0.000651952927001, 0.00165434239898, -0.000980765209533, -0.000275730562862, 0.000706263759639, -0.00153422332369, -0.00680096028373, 0.0140394521877, -0.00561247067526, 0.000174308515852], [-0.000214531697566, 0.00125322607346, -0.00153608445544, 0.000802720431238, 0.000136375674629, -0.000337377714459, -0.0015288448194, 0.0018308252329, 0.00227772258222, -0.000937012489885, -0.00561247067526, 0.0135364737362, -0.00601338781416], [0.00016327254707, -0.000700065866113, 0.00075768091483, -0.00185828655958, -0.000320769991959, 0.00211701076478, 0.000728462997358, -0.00239032274112, -0.00141568784602, 0.00175676471554, 0.000174308515852, -0.00601338781416, 0.0111123742536]]
    },
    "melbands": {
        "dmean": [0.000809215591289, 0.000474881817354, 0.000144804391311, 9.12816540222e-05, 7.56315421313e-05, 5.51419398107e-05, 5.98463702772e-05, 0.00016795549891, 0.000154035369633, 0.000207337565371, 4.46880767413e-05, 4.6124587243e-05, 6.75230912748e-05, 3.8014328311e-05, 3.72258582502e-05, 3.15662146022e-05, 1.91372582776e-05, 2.6342981073e-05, 2.35538900597e-05, 2.98356553685e-05, 1.707881529e-05, 1.74539527507e-05, 2.2832527975e-05, 1.16537858048e-05, 8.74661327543e-06, 8.71826796356e-06, 4.78744232169e-06, 4.61196123069e-06, 2.50060224971e-06, 1.98687280317e-06, 1.8498379859e-06, 1.25013139041e-06, 1.06203572159e-06, 1.32197692437e-06, 1.27444582176e-06, 7.62707543345e-07, 6.70857048135e-07, 6.66980611186e-07, 7.05190245753e-07, 7.60704665481e-07],
        "dmean2": [0.00107128766831, 0.000736068817787, 0.000260261032963, 0.000151183878188, 0.00012756511569, 8.86208072188e-05, 8.88947761268e-05, 0.000262451649178, 0.000244949565968, 0.000337237230269, 7.15686765034e-05, 7.1895927249e-05, 0.000112012596219, 6.34820680716e-05, 6.02239597356e-05, 5.17565204063e-05, 3.16191872116e-05, 4.51834021078e-05, 3.73714283342e-05, 4.66367964691e-05, 2.6029867513e-05, 2.67199266091e-05, 3.61446727766e-05, 1.82044132089e-05, 1.33477251438e-05, 1.35997379402e-05, 7.07680601408e-06, 6.77097159496e-06, 3.56761916009e-06, 2.98671852761e-06, 2.72690863312e-06, 1.84151372196e-06, 1.58937757533e-06, 1.9233286821e-06, 1.91002754946e-06, 1.15994680527e-06, 1.03407364804e-06, 1.00095780908e-06, 1.09005372906e-06, 1.19521041597e-06],
        "dvar": [3.98438032789e-06, 2.67246809926e-06, 2.44867806032e-07, 7.58301652581e-08, 7.35691827458e-08, 1.87849718003e-08, 1.47409249251e-08, 1.32408018771e-07, 1.1954330148e-07, 2.73218461189e-07, 1.41258942321e-08, 1.12348326198e-08, 1.84016712979e-08, 6.73299549447e-09, 5.15240294874e-09, 4.49074732956e-09, 3.97592492263e-09, 1.25996573175e-08, 5.34794741824e-09, 4.54452075971e-09, 1.93271398885e-09, 1.83238912932e-09, 2.63639265974e-09, 1.36192768174e-09, 4.81033268773e-10, 3.37360389624e-10, 1.65292557419e-10, 1.05140236795e-10, 3.79478358459e-11, 1.72092323031e-11, 3.81589378151e-11, 1.49223064461e-11, 9.41693424628e-12, 1.38663620516e-11, 2.00013009627e-11, 3.77687334532e-12, 2.85843744507e-12, 3.82406042596e-12, 3.9939930703e-12, 5.80867081865e-12],
        "dvar2": [6.67069434712e-06, 6.46039143248e-06, 6.9810084824e-07, 2.00091974989e-07, 2.10756141428e-07, 5.06171531356e-08, 3.67721035843e-08, 3.16277407819e-07, 3.15910057225e-07, 7.32362934741e-07, 3.6631213618e-08, 2.5666697212e-08, 4.92613700942e-08, 1.77726917627e-08, 1.30470176885e-08, 1.14060947354e-08, 1.02251691558e-08, 3.54850833162e-08, 1.35773019494e-08, 1.04859223526e-08, 4.18482137832e-09, 3.76345621333e-09, 5.43471667669e-09, 2.75340306111e-09, 9.72623093176e-10, 6.89039547641e-10, 3.21692450456e-10, 1.87398124796e-10, 6.78326908532e-11, 3.30709105933e-11, 7.55658521867e-11, 2.79354213373e-11, 2.00173558285e-11, 2.61122165557e-11, 3.94769807122e-11, 7.87842187322e-12, 6.52035890558e-12, 7.13712942912e-12, 8.97381995102e-12, 1.34806402152e-11],
        "max": [0.0182750169188, 0.0148161025718, 0.00539862876758, 0.0053988462314, 0.00433633895591, 0.00228719762526, 0.0025877696462, 0.00695198681206, 0.0054159834981, 0.0079747242853, 0.00188249931671, 0.00214528781362, 0.00203105434775, 0.00133473891765, 0.00184456352144, 0.00163216982037, 0.0012127723312, 0.00153585744556, 0.00137399008963, 0.00140994193498, 0.00113656034227, 0.000815331412014, 0.00154590816237, 0.00137592945248, 0.000324677181197, 0.00031697639497, 0.000255277496763, 0.00019233043713, 0.000113500303996, 7.70137121435e-05, 0.00020175462123, 0.000138223243994, 0.000147914484842, 0.000118705553177, 0.000208168392419, 5.22175287188e-05, 3.43325154972e-05, 6.47463384666e-05, 3.13237287628e-05, 3.87181062251e-05],
        "mean": [0.00114490580745, 0.000444077944849, 0.000148220875417, 0.000116565490316, 9.97064562398e-05, 9.60771940299e-05, 0.000119490803627, 0.000271973811323, 0.000250550365308, 0.000310407573124, 6.1187762185e-05, 6.0237623984e-05, 8.57473860378e-05, 5.06080286868e-05, 5.74156729272e-05, 5.1885501307e-05, 2.70182517852e-05, 3.18032580253e-05, 3.84193226637e-05, 6.28324778518e-05, 3.34190335707e-05, 3.60972298949e-05, 4.68148791697e-05, 2.51633955486e-05, 1.8811546397e-05, 2.12153627217e-05, 1.01533187262e-05, 1.07031546577e-05, 5.60961780138e-06, 4.71241128253e-06, 3.52378719981e-06, 2.72046145255e-06, 2.09543145502e-06, 2.43477074946e-06, 2.15694126382e-06, 1.2947950836e-06, 1.13741407404e-06, 1.18685045436e-06, 1.1197346339e-06, 1.17031288482e-06],
        "median": [6.34647949482e-05, 5.16917862114e-05, 3.71423157048e-05, 3.7508954847e-05, 4.54879482277e-05, 5.20290923305e-05, 5.89346673223e-05, 7.99137997092e-05, 8.86774359969e-05, 9.69127067947e-05, 1.65431392816e-05, 1.82595995284e-05, 3.03899996652e-05, 1.4236032257e-05, 2.3534266802e-05, 1.96492928808e-05, 8.13737096905e-06, 7.02863781044e-06, 1.03645243144e-05, 1.96935543499e-05, 9.03661748453e-06, 1.25954384202e-05, 1.57887625392e-05, 4.86679164169e-06, 4.66995288662e-06, 5.33494403498e-06, 2.95723316412e-06, 3.24338247992e-06, 1.842815891e-06, 1.21152208976e-06, 9.16940280149e-07, 6.44982037556e-07, 5.31745399712e-07, 5.86178884987e-07, 5.00253349855e-07, 3.04561012854e-07, 2.35651555158e-07, 2.10811393231e-07, 1.81824830747e-07, 1.69416622953e-07],
        "min": [4.97493946586e-24, 2.86248276879e-24, 2.15928486091e-24, 2.20418465427e-24, 5.72642374696e-24, 9.74695314133e-24, 6.71420026817e-24, 1.18099135498e-23, 5.85165344352e-24, 4.48853848133e-24, 9.16974361698e-24, 1.38720732644e-23, 8.23781963115e-24, 2.16320707733e-24, 7.49057666071e-24, 1.04433579707e-23, 1.01266950039e-23, 4.09836353887e-24, 3.66811051812e-24, 7.22585702902e-24, 1.26781385952e-23, 9.32841509945e-24, 1.51914352398e-23, 9.55301642094e-24, 1.89774595584e-23, 7.66803802108e-24, 9.18307299969e-24, 1.40751165951e-23, 8.78535141939e-24, 1.07614345763e-23, 7.44872916741e-24, 1.12053139859e-23, 1.37854878914e-23, 9.07060273385e-24, 1.07454254331e-23, 1.04311172161e-23, 7.82928592328e-24, 1.11572108256e-23, 1.05083727311e-23, 5.93195632822e-24],
        "var": [7.25688641978e-06, 2.46062381848e-06, 1.59490284091e-07, 7.33691294386e-08, 5.13024183135e-08, 2.16152269417e-08, 3.07792511478e-08, 2.74317017102e-07, 1.78785526828e-07, 3.23644542277e-07, 1.68104019593e-08, 1.8019703063e-08, 2.40763515791e-08, 9.85463177727e-09, 1.0197596545e-08, 1.13644942346e-08, 5.25472021451e-09, 1.06123625443e-08, 6.87237111663e-09, 1.25437349396e-08, 4.38650227252e-09, 4.2178505133e-09, 7.65439089889e-09, 4.3696823937e-09, 1.27671961891e-09, 1.34318911549e-09, 3.62419788624e-10, 2.90870189046e-10, 9.86844078676e-11, 5.4576114461e-11, 6.32783964116e-11, 3.22283484622e-11, 1.6783782697e-11, 3.60761732987e-11, 3.75836757549e-11, 6.94462673131e-12, 4.48115849982e-12, 9.53183972724e-12, 4.92212607478e-12, 6.47750689892e-12]
    },
    "mfcc": {
        "mean": [-673.122741699, 96.3708190918, -25.5775852203, 11.5014057159, -4.52896308899, -8.46161079407, -4.84839391708, 4.06086826324, 2.88340449333, 4.17508363724, 4.54210662842, 8.09763622284, 6.05387496948],
        "cov": [[10967.1669922, -795.558776855, 128.575622559, 530.034362793, 297.54196167, -143.566192627, 34.4393730164, 107.957725525, 214.168289185, 203.69430542, 79.5658874512, -70.9986724854, -19.2725868225], [-795.558776855, 1567.02331543, -82.7468338013, 81.462928772, 21.00091362, 91.5205078125, 9.27003097534, -29.125579834, -135.99331665, -123.958641052, -65.8335342407, -3.08467769623, -2.58424830437], [128.575622559, -82.7468338013, 480.957397461, 50.4300422668, 218.086029053, 82.6351776123, 106.237487793, 38.6261787415, 18.0286045074, 10.197892189, -7.01189947128, -15.827132225, 7.00524425507], [530.034362793, 81.462928772, 50.4300422668, 319.084381104, 101.896461487, 0.729963719845, 25.8110847473, -12.0177373886, 18.4314174652, -11.3900203705, -39.8849258423, -47.0961074829, -12.8417673111], [297.54196167, 21.00091362, 218.086029053, 101.896461487, 290.484954834, 80.1459655762, 90.3230514526, 33.2582206726, 41.0087547302, 30.9804954529, 6.85878801346, -18.3430290222, -4.11611223221], [-143.566192627, 91.5205078125, 82.6351776123, 0.729963719845, 80.1459655762, 189.296066284, 85.6210327148, 81.5583572388, 38.7796516418, 56.0710754395, 65.9875488281, 53.5458297729, 21.0838184357], [34.4393730164, 9.27003097534, 106.237487793, 25.8110847473, 90.3230514526, 85.6210327148, 190.413604736, 124.109344482, 99.0262374878, 71.1151199341, 63.825553894, 53.1524772644, 34.6100234985], [107.957725525, -29.125579834, 38.6261787415, -12.0177373886, 33.2582206726, 81.5583572388, 124.109344482, 201.455627441, 150.539916992, 101.921440125, 90.6567153931, 80.5531387329, 32.4667129517], [214.168289185, -135.99331665, 18.0286045074, 18.4314174652, 41.0087547302, 38.7796516418, 99.0262374878, 150.539916992, 233.135604858, 162.920730591, 99.9450149536, 65.0685653687, 34.151134491], [203.69430542, -123.958641052, 10.197892189, -11.3900203705, 30.9804954529, 56.0710754395, 71.1151199341, 101.921440125, 162.920730591, 234.393814087, 157.396362305, 107.40738678, 55.2921257019], [79.5658874512, -65.8335342407, -7.01189947128, -39.8849258423, 6.85878801346, 65.9875488281, 63.825553894, 90.6567153931, 99.9450149536, 157.396362305, 217.714111328, 167.034225464, 86.3284606934], [-70.9986724854, -3.08467769623, -15.827132225, -47.0961074829, -18.3430290222, 53.5458297729, 53.1524772644, 80.5531387329, 65.0685653687, 107.40738678, 167.034225464, 222.145675659, 138.337768555], [-19.2725868225, -2.58424830437, 7.00524425507, -12.8417673111, -4.11611223221, 21.0838184357, 34.6100234985, 32.4667129517, 34.151134491, 55.2921257019, 86.3284606934, 138.337768555, 175.939407349]],
