{
"lowlevel": {
    "average_loudness": 0.91947299242,
    "barkbands_crest": {
        "dmean": 2.39079093933,
        "dmean2": 3.99286413193,
        "dvar": 5.12327337265,
        "dvar2": 13.6931476593,
        "max": 26.6467590332,
        "mean": 13.0431203842,
        "median": 12.387878418,
        "min": 3.38920283318,
        "var": 17.3736438751
    },
    "barkbands_flatness_db": {
        "dmean": 0.0257218759507,
        "dmean2": 0.0398479029536,
        "dvar": 0.000678497017361,
        "dvar2": 0.00155545002781,
        "max": 0.611855745316,
        "mean": 0.242925077677,
        "median": 0.23764911294,
        "min": 0.053693626076,
        "var": 0.00573646323755
    },
    "barkbands_kurtosis": {
        "dmean": 13.1922044754,
        "dmean2": 21.1481933594,
        "dvar": 363.255615234,
        "dvar2": 839.678649902,
        "max": 625.946716309,
        "mean": 36.1562385559,
        "median": 30.0849494934,
        "min": -1.94543719292,
        "var": 1040.15026855
    },
    "barkbands_skewness": {
        "dmean": 0.903199911118,
        "dmean2": 1.42544043064,
        "dvar": 1.00043463707,
        "dvar2": 2.26289916039,
        "max": 21.3368759155,
        "mean": 4.25574827194,
        "median": 4.19180583954,
        "min": -4.03898763657,
        "var": 4.15530633926
    },
    "barkbands_spread": {
        "dmean": 4.06482219696,
        "dmean2": 6.29376649857,
        "dvar": 95.4539718628,
        "dvar2": 183.747543335,
        "max": 115.565803528,
        "mean": 9.49313545227,
        "median": 4.52846765518,
        "min": 0.25508967042,
        "var": 261.2734375
    },
    "dissonance": {
        "dmean": 0.0175504479557,
        "dmean2": 0.0284387227148,
        "dvar": 0.000303600012558,
        "dvar2": 0.000764694123063,
        "max": 0.499999970198,
        "mean": 0.441032737494,
        "median": 0.448226481676,
        "min": 0.208450987935,
        "var": 0.0014693577541
    },
    "dynamic_complexity": 1.9664888382,
    "erbbands_crest": {
        "dmean": 2.60382843018,
        "dmean2": 4.20379018784,
        "dvar": 6.48020362854,
        "dvar2": 16.585893631,
        "max": 30.6480903625,
        "mean": 12.8084316254,
        "median": 12.0398406982,
        "min": 2.85356807709,
        "var": 26.4464416504
    },
    "erbbands_flatness_db": {
        "dmean": 0.0178167838603,
        "dmean2": 0.0274316165596,
        "dvar": 0.000330978480633,
        "dvar2": 0.00076127628563,
        "max": 0.412487536669,
        "mean": 0.171661168337,
        "median": 0.165556699038,
        "min": 0.0565686412156,
        "var": 0.00226446357556
    },
    "erbbands_kurtosis": {
        "dmean": 3.13715910912,
        "dmean2": 4.95823669434,
        "dvar": 29.12159729,
        "dvar2": 69.412651062,
        "max": 266.841247559,
        "mean": 7.36714982986,
        "median": 2.63176298141,
        "min": -1.91088414192,
        "var": 419.135040283
    },
    "erbbands_skewness": {
        "dmean": 0.572770357132,
        "dmean2": 0.856146872044,
        "dvar": 0.450266361237,
        "dvar2": 0.869953095913,
        "max": 12.8528366089,
        "mean": 1.83457267284,
        "median": 1.75315546989,
        "min": -4.6461648941,
        "var": 3.03783035278
    },
    "erbbands_spread": {
        "dmean": 11.7872877121,
        "dmean2": 18.5237922668,
        "dvar": 272.401855469,
        "dvar2": 612.119750977,
        "max": 209.577438354,
        "mean": 44.9521408081,
        "median": 39.962184906,
        "min": 1.09370863438,
        "var": 770.736938477
    },
    "hfc": {
        "dmean": 7.80701351166,
        "dmean2": 11.5617103577,
        "dvar": 635.784667969,
        "dvar2": 1115.61791992,
        "max": 603.525512695,
        "mean": 19.709192276,
        "median": 13.2439022064,
        "min": 1.19632432076e-16,
        "var": 1557.57824707
    },
    "melbands_crest": {
        "dmean": 2.89120316505,
        "dmean2": 4.81682491302,
        "dvar": 7.30417203903,
        "dvar2": 19.9992523193,
        "max": 33.8635368347,
        "mean": 18.2215023041,
        "median": 17.714679718,
        "min": 1.76572883129,
        "var": 28.4409618378
    },
    "melbands_flatness_db": {
        "dmean": 0.0294133797288,
        "dmean2": 0.0446777753532,
        "dvar": 0.000934518058784,
        "dvar2": 0.00205783871934,
        "max": 0.766551554203,
        "mean": 0.339424103498,
        "median": 0.33776563406,
        "min": 0.00460329465568,
        "var": 0.0089173419401
    },
    "melbands_kurtosis": {
        "dmean": 27.9150485992,
        "dmean2": 44.9516830444,
        "dvar": 1480.77209473,
        "dvar2": 3627.52661133,
        "max": 786.437805176,
        "mean": 78.3438796997,
        "median": 61.9030380249,
        "min": -1.90129983425,
        "var": 4275.72412109
    },
    "melbands_skewness": {
        "dmean": 1.19764566422,
        "dmean2": 1.90744709969,
        "dvar": 1.88702344894,
        "dvar2": 4.34510231018,
        "max": 22.0050373077,
        "mean": 5.70252418518,
        "median": 5.39825201035,
        "min": -3.38079953194,
        "var": 7.66932106018
    },
    "melbands_spread": {
        "dmean": 3.65167212486,
        "dmean2": 5.45621824265,
        "dvar": 162.450317383,
        "dvar2": 298.600494385,
        "max": 263.300933838,
        "mean": 8.49004459381,
        "median": 3.05197191238,
        "min": 0.240890473127,
        "var": 526.605712891
    },
    "pitch_salience": {
        "dmean": 0.0667034834623,
        "dmean2": 0.111272737384,
        "dvar": 0.00414519151673,
        "dvar2": 0.0110386572778,
        "max": 0.841133773327,
        "mean": 0.488425523043,
        "median": 0.496554404497,
        "min": 0.0768110901117,
        "var": 0.0158265046775
    },
    "silence_rate_20dB": {
        "dmean": 0,
        "dmean2": 0,
        "dvar": 0,
        "dvar2": 0,
        "max": 1,
        "mean": 1,
        "median": 1,
        "min": 1,
        "var": 0
    },
    "silence_rate_30dB": {
        "dmean": 0.0458527803421,
        "dmean2": 0.0917130708694,
        "dvar": 0.0437508486211,
        "dvar2": 0.103451803327,
        "max": 1,
        "mean": 0.948092341423,
        "median": 1,
        "min": 0,
        "var": 0.0492104515433
    },
    "silence_rate_60dB": {
        "dmean": 0.00360271846876,
        "dmean2": 0.00720602693036,
        "dvar": 0.0035895514302,
        "dvar2": 0.00813816674054,
        "max": 1,
        "mean": 0.0379073210061,
        "median": 0,
        "min": 0,
        "var": 0.0364679731429
    },
    "spectral_centroid": {
        "dmean": 168.01612854,
        "dmean2": 254.435241699,
        "dvar": 136930.1875,
        "dvar2": 238539,
        "max": 11233.2822266,
        "mean": 600.190856934,
        "median": 369.310241699,
        "min": 102.740844727,
        "var": 589507.1875
    },
    "spectral_complexity": {
        "dmean": 2.08941292763,
        "dmean2": 3.34015727043,
        "dvar": 11.8629512787,
        "dvar2": 28.2219276428,
        "max": 50,
        "mean": 8.09742927551,
        "median": 7,
        "min": 0,
        "var": 24.141450882
    },
    "spectral_decrease": {
        "dmean": 4.52569448584e-09,
        "dmean2": 7.70356756163e-09,
        "dvar": 4.31179309386e-17,
        "dvar2": 1.20527917955e-16,
        "max": 9.31350698266e-20,
        "mean": -1.41081946126e-08,
        "median": -1.33807560587e-08,
        "min": -9.3674202617e-08,
        "var": 7.28029119504e-17
    },
    "spectral_energy": {
        "dmean": 0.0175262298435,
        "dmean2": 0.0298095811158,
        "dvar": 0.000628945184872,
        "dvar2": 0.00175975635648,
        "max": 0.357200145721,
        "mean": 0.0550351925194,
        "median": 0.0523148998618,
        "min": 1.07736591246e-20,
        "var": 0.00106012204196
    },
    "spectral_energyband_high": {
        "dmean": 0.000696324626915,
        "dmean2": 0.000957743031904,
        "dvar": 9.89919499261e-06,
        "dvar2": 1.65479596035e-05,
        "max": 0.0697457194328,
        "mean": 0.00115484267008,
        "median": 0.000194844760699,
        "min": 7.82896319081e-21,
        "var": 2.50809189311e-05
    },
    "spectral_energyband_low": {
        "dmean": 0.0132139865309,
        "dmean2": 0.0225402750075,
        "dvar": 0.000526308314875,
        "dvar2": 0.00147962768096,
        "max": 0.328976988792,
        "mean": 0.0303822830319,
        "median": 0.0235837511718,
        "min": 5.34198492769e-23,
        "var": 0.000831337296404
    },
    "spectral_energyband_middle_high": {
        "dmean": 0.000373181945179,
        "dmean2": 0.000593725999352,
        "dvar": 1.25108385873e-06,
        "dvar2": 3.22589175994e-06,
        "max": 0.0276075080037,
        "mean": 0.000789725396316,
        "median": 0.000459391070763,
        "min": 1.4239014565e-21,
        "var": 1.5563426814e-06
    },
    "spectral_energyband_middle_low": {
        "dmean": 0.0100591573864,
        "dmean2": 0.0169435478747,
        "dvar": 0.000146553051309,
        "dvar2": 0.000414224399719,
        "max": 0.151846781373,
        "mean": 0.0294971149415,
        "median": 0.028767414391,
        "min": 2.33923789368e-22,
        "var": 0.000353479612386
    },
    "spectral_entropy": {
        "dmean": 0.267413020134,
        "dmean2": 0.405399382114,
        "dvar": 0.0820561721921,
        "dvar2": 0.167645707726,
        "max": 9.8090467453,
        "mean": 6.7535161972,
        "median": 6.75365066528,
        "min": 3.93290185928,
        "var": 0.581857681274
    },
    "spectral_flux": {
        "dmean": 0.0325057841837,
        "dmean2": 0.0507089160383,
        "dvar": 0.00141996401362,
        "dvar2": 0.00302551290952,
        "max": 0.490853220224,
        "mean": 0.0873188078403,
        "median": 0.0753982514143,
        "min": 6.8299019218e-11,
        "var": 0.00323793315329
    },
    "spectral_kurtosis": {
        "dmean": 1.84642648697,
        "dmean2": 3.00774288177,
        "dvar": 7.05733203888,
        "dvar2": 18.1705970764,
        "max": 68.7579116821,
        "mean": 5.7542514801,
        "median": 4.26230621338,
        "min": -1.2729293108,
        "var": 39.509727478
    },
    "spectral_rms": {
        "dmean": 0.00110924884211,
        "dmean2": 0.00185388664249,
        "dvar": 1.6884919205e-06,
        "dvar2": 4.57844043922e-06,
        "max": 0.0186678320169,
        "mean": 0.00694846874103,
        "median": 0.00714415311813,
        "min": 3.24204985774e-12,
        "var": 5.41167855772e-06
    },
    "spectral_rolloff": {
        "dmean": 258.862091064,
        "dmean2": 442.666595459,
        "dvar": 1268746.75,
        "dvar2": 2554498.75,
        "max": 20241.2109375,
        "mean": 814.32421875,
        "median": 236.865234375,
        "min": 86.1328125,
        "var": 6184999.5
    },
    "spectral_skewness": {
        "dmean": 0.272081851959,
        "dmean2": 0.415070921183,
        "dvar": 0.0884356871247,
        "dvar2": 0.188004329801,
        "max": 7.05572128296,
        "mean": 1.88633191586,
        "median": 1.79067063332,
        "min": -0.225184470415,
        "var": 0.648172616959
    },
    "spectral_spread": {
        "dmean": 611096.0625,
        "dmean2": 926166.4375,
        "dvar": 639676186624,
        "dvar2": 1.21030285722e+12,
        "max": 41566212,
        "mean": 5492800.5,
        "median": 5245394.5,
        "min": 1437208.875,
        "var": 3.56702014669e+12
    },
    "spectral_strongpeak": {
        "dmean": 0.31837746501,
        "dmean2": 0.54155921936,
        "dvar": 0.179149240255,
        "dvar2": 0.4742179811,
        "max": 12.3516073227,
        "mean": 0.906533777714,
        "median": 0.826169371605,
        "min": 0,
        "var": 0.344622671604
    },
    "zerocrossingrate": {
        "dmean": 0.00878174602985,
        "dmean2": 0.0100280782208,
        "dvar": 0.00030977698043,
        "dvar2": 0.00027553315158,
        "max": 0.51708984375,
        "mean": 0.0377279035747,
        "median": 0.02099609375,
        "min": 0.00341796875,
        "var": 0.00435072928667
    },
    "barkbands": {
        "dmean": [0.000152471082401, 0.00482481857762, 0.00721851689741, 0.00583887752146, 0.0061588473618, 0.000571562442929, 0.000415714690462, 0.000187130674021, 6.76706040394e-05, 3.71595742763e-05, 2.63043875748e-05, 2.89225990855e-05, 3.84967606806e-05, 4.26134793088e-05, 4.1545376007e-05, 4.84050178784e-05, 7.05758211552e-05, 7.71698687458e-05, 6.79568038322e-05, 6.1236693e-05, 0.000145853104186, 0.00015385945153, 0.000124770071125, 0.000124481986859, 0.000145451034768, 6.06000285188e-05, 7.04234162185e-06],
        "dmean2": [0.000250411423622, 0.00802444294095, 0.012636336498, 0.00997431669384, 0.010280716233, 0.000835138838738, 0.000615659810137, 0.00027882689028, 9.50230823946e-05, 5.39328284503e-05, 4.26439801231e-05, 4.45253099315e-05, 6.2529979914e-05, 6.91488239681e-05, 6.79156873957e-05, 8.16599131213e-05, 0.000115895010822, 0.000127833918668, 0.000108466432721, 9.71554472926e-05, 0.000215956752072, 0.000229479555856, 0.000180315895705, 0.00017767510144, 0.000203315197723, 8.78928767634e-05, 1.05605813587e-05],
        "dvar": [6.16043564605e-07, 0.000112815796456, 0.000163280245033, 7.95736777945e-05, 6.72321475577e-05, 1.59135640843e-06, 9.82447204478e-07, 4.20250216848e-07, 3.10421874872e-08, 1.55345603048e-08, 1.05277324636e-08, 1.19702194823e-08, 1.38881794953e-08, 1.64696736249e-08, 1.73378147394e-08, 3.8112695222e-08, 5.14906588478e-08, 9.94964111101e-08, 1.05804353723e-07, 7.75624258154e-08, 5.89862509059e-07, 6.2642834564e-07, 3.54350476073e-07, 3.97182958523e-07, 6.34047012227e-07, 8.15699650047e-08, 1.32234390104e-09],
        "dvar2": [1.49065454025e-06, 0.000307804642944, 0.000473371212138, 0.000234778170125, 0.000184283839189, 3.28544797412e-06, 2.07786706596e-06, 9.69916982285e-07, 6.48632649813e-08, 2.89554584754e-08, 2.74694524904e-08, 2.90193877817e-08, 3.51045947866e-08, 4.4127393295e-08, 4.63633789138e-08, 1.00963887917e-07, 1.36792564831e-07, 2.63755850938e-07, 2.36350970795e-07, 1.76573294652e-07, 1.16540604722e-06, 1.24059147311e-06, 6.88030638685e-07, 7.39415952467e-07, 1.2934234519e-06, 1.61062899906e-07, 2.79645662182e-09],
        "max": [0.0432528927922, 0.226870790124, 0.173096254468, 0.110284790397, 0.137129381299, 0.0276090987027, 0.0235892664641, 0.0152391018346, 0.00492222839966, 0.00539061333984, 0.00357892177999, 0.00432044966146, 0.00326228071935, 0.00305778696202, 0.00452969130129, 0.00610521715134, 0.00759310647845, 0.0157356746495, 0.0155551545322, 0.0102299768478, 0.024270484224, 0.0192592032254, 0.0166827365756, 0.0183276701719, 0.0246568694711, 0.00908767059445, 0.00121984572615],
        "mean": [0.000164580123965, 0.0103466091678, 0.0131128001958, 0.0109033901244, 0.0150441043079, 0.00167818123009, 0.00117451883852, 0.00040876789717, 0.000221193040488, 9.53624912654e-05, 4.13095513068e-05, 5.15035135322e-05, 6.55152616673e-05, 7.03913829057e-05, 6.19328639004e-05, 6.41580700176e-05, 0.00011369841377, 0.000120290060295, 9.50707835727e-05, 8.67778653628e-05, 0.000201749993721, 0.000220316054765, 0.000193510815734, 0.000185507087735, 0.000213327119127, 9.14391494007e-05, 9.20559614315e-06],
        "median": [3.09284223476e-05, 0.00585162639618, 0.00769896013662, 0.00628043198958, 0.0103415045887, 0.000490295293275, 0.000361640821211, 5.80918931519e-05, 3.24741049553e-05, 1.6153047909e-05, 8.00444740889e-06, 1.59641622304e-05, 2.04738607863e-05, 2.50667653745e-05, 2.45127521339e-05, 1.84257150977e-05, 4.61883755634e-05, 5.32184094482e-05, 3.78768527298e-05, 2.92773584079e-05, 3.14540084219e-05, 3.25721412082e-05, 3.76733478333e-05, 1.53304208652e-05, 1.76287067006e-05, 8.87335681909e-06, 5.7940201259e-07],
        "min": [5.72948018854e-24, 1.42109726424e-23, 2.47943747231e-23, 2.2500671711e-23, 2.09752734667e-23, 4.90919974233e-23, 2.77289088915e-23, 3.68890228834e-23, 3.83341150876e-23, 5.34758268468e-23, 6.3463020477e-23, 8.81298868788e-23, 1.08643501589e-22, 9.77174751289e-23, 6.47261634911e-23, 1.05625193548e-22, 1.46358802628e-22, 2.01108172831e-22, 1.68967606659e-22, 4.03503892877e-22, 3.86480299786e-22, 4.68391375268e-22, 6.02798430311e-22, 8.24293103961e-22, 1.15911490417e-21, 1.59333615717e-21, 2.51284706955e-21],
        "var": [5.73099441681e-07, 0.000181797804544, 0.000242410154897, 0.000160077441251, 0.00020522075647, 7.82244114816e-06, 4.01625538871e-06, 9.64564378592e-07, 2.0775428311e-07, 1.15246251653e-07, 1.81064088167e-08, 1.91872526756e-08, 3.00649389828e-08, 2.20819327268e-08, 1.89144842011e-08, 4.04382838326e-08, 7.6979247865e-08, 1.16395554528e-07, 1.30428674083e-07, 1.04476320928e-07, 1.07544451566e-06, 1.23397205698e-06, 7.69892722019e-07, 8.74163788467e-07, 1.19664298381e-06, 1.7020998655e-07, 2.28008723013e-09]
    },
    "erbbands": {
        "dmean": [0.0732800737023, 1.34112739563, 6.75108766556, 15.724861145, 18.6992053986, 23.7345809937, 8.63957881927, 3.99424982071, 4.73183107376, 7.07341051102, 2.63446116447, 1.47605311871, 1.39984118938, 1.10538852215, 0.896552443504, 1.23302805424, 1.68338477612, 2.10650968552, 2.23796033859, 1.98749005795, 2.74247789383, 3.78428888321, 4.05858707428, 3.89975810051, 3.15901994705, 2.92051148415, 4.13835573196, 6.87264251709, 5.42938899994, 4.58786916733, 3.53707718849, 2.92253732681, 1.9420800209, 1.82277727127, 0.941965520382, 0.407927453518, 0.0767310336232, 0.0155410673469, 0.000765906530432, 3.30879556714e-05],
        "dmean2": [0.123699016869, 2.2420501709, 11.8331890106, 26.8838481903, 31.6083278656, 39.4027862549, 12.9233703613, 5.93423080444, 7.07669973373, 10.5115404129, 3.92941188812, 2.05314517021, 1.85233592987, 1.82608950138, 1.39923143387, 1.90059363842, 2.70088601112, 3.38952851295, 3.64909696579, 3.29251623154, 4.54925107956, 6.20171260834, 6.65574932098, 6.33143043518, 4.94512367249, 4.60399007797, 6.21648454666, 10.2104883194, 8.03083610535, 6.94800662994, 5.05229377747, 4.24988937378, 2.75227427483, 2.60127329826, 1.33288180828, 0.597858667374, 0.11118581146, 0.0225843843073, 0.00111418089364, 5.17494372616e-05],
        "dvar": [0.044324811548, 8.0450334549, 158.310852051, 574.738098145, 714.896972656, 1181.53857422, 253.068496704, 107.730903625, 139.32673645, 453.779785156, 66.6570510864, 15.2368354797, 15.6860160828, 27.4522247314, 9.42588615417, 21.3014888763, 26.8170204163, 33.0959281921, 64.3160247803, 40.8935470581, 127.518737793, 161.731689453, 230.095230103, 332.860137939, 254.242736816, 157.00112915, 452.428588867, 1563.86865234, 740.638366699, 535.660095215, 282.702026367, 226.888458252, 97.9797058105, 105.853218079, 26.2030143738, 4.0239815712, 0.11323697865, 0.00596556253731, 1.51017529788e-05, 7.27560811598e-09],
        "dvar2": [0.12457126379, 21.9721813202, 458.783081055, 1657.88989258, 1943.28515625, 3135.86547852, 555.702148438, 227.003829956, 304.773864746, 1002.83563232, 153.719726562, 31.0337524414, 24.7325325012, 76.4667663574, 21.5547275543, 52.3079414368, 66.4867782593, 85.7868423462, 176.106674194, 109.73474884, 330.543762207, 428.479705811, 613.836425781, 857.522827148, 552.138244629, 350.009307861, 939.604980469, 3020.69189453, 1412.6784668, 1166.37976074, 544.883728027, 435.017822266, 189.139694214, 223.065200806, 53.3155593872, 8.11200714111, 0.215843737125, 0.0117077566683, 3.06328438455e-05, 1.43397205221e-08],
        "max": [6.00752925873, 51.4810905457, 189.472564697, 384.624145508, 392.225494385, 468.930511475, 269.657714844, 313.472473145, 355.049194336, 703.872192383, 218.361953735, 117.82862854, 185.58895874, 177.630340576, 180.889572144, 172.333084106, 156.40083313, 144.043701172, 332.725280762, 144.935012817, 450.609436035, 399.68182373, 824.622741699, 846.170349121, 691.504089355, 463.249145508, 829.44543457, 1089.38977051, 664.543518066, 664.91973877, 492.630615234, 451.411499023, 285.673736572, 343.054870605, 173.58543396, 73.0124435425, 11.7260274887, 2.64258933067, 0.138949885964, 0.00276307784952],
        "mean": [0.142329379916, 2.94148755074, 13.4078063965, 30.616361618, 39.2398796082, 58.7888946533, 25.8259067535, 11.4349813461, 12.8959541321, 20.2359294891, 6.75955677032, 5.16445350647, 4.82588148117, 1.78413951397, 1.66295528412, 2.40676212311, 3.06099629402, 3.92579936981, 3.3820874691, 2.92690992355, 3.98215651512, 6.2748670578, 6.94273805618, 5.73732042313, 4.35380411148, 4.18208312988, 5.61653900146, 9.70587825775, 7.92811536789, 6.36941289902, 5.47838401794, 4.38667345047, 2.81892418861, 2.59444093704, 1.36597025394, 0.603641271591, 0.116457976401, 0.021886382252, 0.00106440798845, 8.57403865666e-05],
        "median": [0.0830148309469, 1.70480656624, 7.87556362152, 19.2933349609, 26.2826118469, 31.7116775513, 11.2678012848, 3.96446609497, 4.96189689636, 4.33693933487, 1.32581722736, 0.79696637392, 0.821336090565, 0.415414690971, 0.465937793255, 0.821171879768, 1.02353405952, 1.49206900597, 1.32421922684, 1.20123243332, 1.22405338287, 2.58047819138, 3.35032749176, 2.49042510986, 1.61828374863, 1.42165505886, 0.984171748161, 1.33973038197, 1.2536547184, 1.01107382774, 1.03441739082, 0.458213806152, 0.21114012599, 0.192084640265, 0.108003161848, 0.0524891875684, 0.0123708937317, 0.00173233938403, 0.000108891435957, 6.54911564197e-05],
        "min": [2.54084549751e-22, 4.18467319547e-21, 2.81978729924e-20, 5.36265036216e-20, 8.41413095097e-20, 9.36422607891e-20, 1.91987327704e-19, 5.55428310079e-19, 3.09414611245e-19, 2.45933177972e-19, 8.70731775202e-19, 8.04351306526e-19, 1.91220727731e-18, 1.83704571775e-18, 2.94673746081e-18, 3.61622353421e-18, 5.16374114831e-18, 4.78923636675e-18, 4.02115863614e-18, 5.38770567583e-18, 8.56352129471e-18, 7.19278872112e-18, 1.1782598046e-17, 9.72474473558e-18, 1.16017788457e-17, 1.94093248893e-17, 1.64429956557e-17, 1.49924351899e-17, 1.53307140102e-17, 1.77165080375e-17, 1.71909141676e-17, 1.74914106862e-17, 1.29306966121e-17, 1.11272625514e-17, 7.99689595767e-18, 5.40289229829e-18, 3.11452215588e-18, 1.30550400562e-18, 3.21209741491e-19, 3.52758668548e-20],
        "var": [0.0462042279541, 13.9600505829, 265.423278809, 1065.19555664, 1631.08581543, 4602.20263672, 1213.7154541, 407.113311768, 466.670654297, 1774.7857666, 189.22354126, 120.15297699, 189.63218689, 26.3910045624, 22.3643264771, 35.757724762, 60.5280456543, 61.4666862488, 63.4804954529, 40.5022010803, 170.901535034, 237.165161133, 276.212097168, 324.58984375, 334.488769531, 219.307952881, 838.858947754, 2837.73217773, 1531.57409668, 956.449401855, 619.56463623, 481.098358154, 206.690567017, 186.727798462, 50.2242050171, 8.14952850342, 0.253256142139, 0.0115730278194, 2.73871137324e-05, 1.55906132449e-08]
    },
    "gfcc": {
        "mean": [-43.3951263428, 95.425239563, -54.8854751587, 62.5702934265, -45.0260658264, 4.24841356277, -47.8915214539, -2.75161957741, -27.5705986023, -3.55224919319, -19.9284610748, -3.01105380058, -20.4388618469],
        "cov": [[16119.2001953, 904.526184082, -11.984213829, 287.016967773, -1014.84777832, -47.0904045105, -650.837646484, 162.714645386, -238.230270386, 103.107803345, -453.518798828, 50.503578186, -402.591430664], [904.526184082, 1808.43688965, -89.6289749146, -106.018013, 240.860900879, -206.884780884, 95.7880020142, -105.433952332, 52.3215026855, -162.14503479, 127.192756653, -80.1211013794, -6.60458040237], [-11.984213829, -89.6289749146, 707.382324219, 72.7211608887, -4.20925426483, 78.2250595093, -12.2065668106, 24.721452713, 25.0729541779, 84.197555542, -5.77421665192, 29.3994083405, 10.8661470413], [287.016967773, -106.018013, 72.7211608887, 499.462554932, 193.200958252, 11.9257564545, -35.3188095093, -60.0965995789, 42.6580848694, -24.4449672699, 43.9295730591, -42.5899734497, 100.579902649], [-1014.84777832, 240.860900879, -4.20925426483, 193.200958252, 420.390594482, 7.38770103455, 71.528503418, -39.8622283936, 41.844833374, -50.8456916809, 79.5631942749, -46.5809631348, 85.7075271606], [-47.0904045105, -206.884780884, 78.2250595093, 11.9257564545, 7.38770103455, 176.134490967, 69.0741043091, 34.6116371155, 4.39393949509, 30.2088451385, 3.28020095825, -3.2190144062, -0.748392164707], [-650.837646484, 95.7880020142, -12.2065668106, -35.3188095093, 71.528503418, 69.0741043091, 238.025695801, 47.1065139771, 27.8465213776, -12.8137483597, 39.7089767456, -13.1967029572, 0.635245382786], [162.714645386, -105.433952332, 24.721452713, -60.0965995789, -39.8622283936, 34.6116371155, 47.1065139771, 145.326766968, 30.3520488739, 34.8269691467, -23.2591342926, 20.180765152, -17.7445354462], [-238.230270386, 52.3215026855, 25.0729541779, 42.6580848694, 41.844833374, 4.39393949509, 27.8465213776, 30.3520488739, 122.035339355, 17.266702652, 5.70674133301, -3.3455080986, 13.0009698868], [103.107803345, -162.14503479, 84.197555542, -24.4449672699, -50.8456916809, 30.2088451385, -12.8137483597, 34.8269691467, 17.266702652, 119.89793396, -3.21436333656, 21.1534461975, -16.7465896606], [-453.518798828, 127.192756653, -5.77421665192, 43.9295730591, 79.5631942749, 3.28020095825, 39.7089767456, -23.2591342926, 5.70674133301, -3.21436333656, 112.084541321, 2.77227401733, 23.8252220154], [50.503578186, -80.1211013794, 29.3994083405, -42.5899734497, -46.5809631348, -3.2190144062, -13.1967029572, 20.180765152, -3.3455080986, 21.1534461975, 2.77227401733, 90.8564834595, 1.39637577534], [-402.591430664, -6.60458040237, 10.8661470413, 100.579902649, 85.7075271606, -0.748392164707, 0.635245382786, -17.7445354462, 13.0009698868, -16.7465896606, 23.8252220154, 1.39637577534, 100.589042664]],
        "icov": [[0.000239857807173, -0.000549040560145, 0.00018654835003, -0.000916334218346, 0.000647026463412, -0.000692223780788, 0.000582145235967, -0.000655048817862, 0.000745038443711, -0.00045784766553, 0.000983382575214, -0.000477583205793, 0.00074554636376], [-0.000549040560145, 0.00227666576393, -0.000653883384075, 0.00267174770124, -0.00189713435248, 0.00277270446531, -0.00163439742755, 0.00190172111616, -0.00235558976419, 0.00208378722891, -0.00324094365351, 0.00178919360042, -0.00127176148817], [0.00018654835003, -0.000653883384075, 0.00185040535871, -0.0011209922377, 0.000541726592928, -0.00141713756602, 0.000645223073661, -0.0005459007225, 0.000601115520112, -0.00157142570242, 0.00120205711573, -0.00101752928458, 0.000442293356173], [-0.000916334218346, 0.00267174770124, -0.0011209922377, 0.00697515299544, -0.00351814064197, 0.00276237120852, -0.00140700466, 0.00332762883045, -0.00408469932154, 0.00252216286026, -0.00472636800259, 0.00332748587243, -0.00471024820581], [0.000647026463412, -0.00189713435248, 0.000541726592928, -0.00351814064197, 0.00587795116007, -0.00222771218978, 0.000784349103924, -0.00165098439902, 0.00153037242126, -0.000747008481994, 0.00136504229158, -0.000252613332123, -3.87382860936e-05], [-0.000692223780788, 0.00277270446531, -0.00141713756602, 0.00276237120852, -0.00222771218978, 0.0107381939888, -0.00439514173195, 0.00146425992716, -0.0018849944463, 0.000806838215794, -0.00355104473419, 0.00273605249822, -0.00175233685877], [0.000582145235967, -0.00163439742755, 0.000645223073661, -0.00140700466, 0.000784349103924, -0.00439514173195, 0.00784387625754, -0.00367245357484, 0.000950494431891, 0.000126057027956, 0.00037210478331, -0.000467878649943, 0.00197791238315], [-0.000655048817862, 0.00190172111616, -0.0005459007225, 0.00332762883045, -0.00165098439902, 0.00146425992716, -0.00367245357484, 0.0115364696831, -0.0044403783977, -0.000181933661224, -0.000758926209528, -0.000186742923688, -0.00156332238112], [0.000745038443711, -0.00235558976419, 0.000601115520112, -0.00408469932154, 0.00153037242126, -0.0018849944463, 0.000950494431891, -0.0044403783977, 0.0125301228836, -0.00376802915707, 0.00398935610428, -0.00156567525119, 0.00156933069229], [-0.00045784766553, 0.00208378722891, -0.00157142570242, 0.00252216286026, -0.000747008481994, 0.000806838215794, 0.000126057027956, -0.000181933661224, -0.00376802915707, 0.0131024904549, -0.0043600294739, 0.00042695531738, 0.00025694310898], [0.000983382575214, -0.00324094365351, 0.00120205711573, -0.00472636800259, 0.00136504229158, -0.00355104473419, 0.00037210478331, -0.000758926209528, 0.00398935610428, -0.0043600294739, 0.0167300831527, -0.00458942819387, 0.00185295101255], [-0.000477583205793, 0.00178919360042, -0.00101752928458, 0.00332748587243, -0.000252613332123, 0.00273605249822, -0.000467878649943, -0.000186742923688, -0.00156567525119, 0.00042695531738, -0.00458942819387, 0.0147186890244, -0.00364947202615], [0.00074554636376, -0.00127176148817, 0.000442293356173, -0.00471024820581, -3.87382860936e-05, -0.00175233685877, 0.00197791238315, -0.00156332238112, 0.00156933069229, 0.00025694310898, 0.00185295101255, -0.00364947202615, 0.0166873279959]]
    },
    "melbands": {
        "dmean": [0.000997073366307, 0.00287633296102, 0.00256461137906, 0.00158191390801, 0.000439138442744, 9.28224908421e-05, 7.53447602619e-05, 6.97527575539e-05, 1.83376869245e-05, 9.14166321309e-06, 6.89312810209e-06, 4.40023859483e-06, 3.35423692377e-06, 2.99977750728e-06, 3.89996830563e-06, 3.63109143109e-06, 4.10685561292e-06, 3.71021837964e-06, 2.8048934837e-06, 3.2028322039e-06, 3.17064655064e-06, 3.83739961762e-06, 4.52456561106e-06, 3.87183445127e-06, 3.28443707076e-06, 2.35386301028e-06, 2.26607335208e-06, 1.87767818716e-06, 2.33422565543e-06, 3.50889126821e-06, 4.57000123788e-06, 3.34917422151e-06, 2.86298995889e-06, 2.46814579441e-06, 2.15659179048e-06, 1.88917556443e-06, 1.85129465535e-06, 1.4019367427e-06, 1.34781544148e-06, 1.68937049239e-06],
        "dmean2": [0.00165168149397, 0.00497481552884, 0.00438114535064, 0.0026628524065, 0.000678333104588, 0.000137300943607, 0.000112047986477, 0.000103674683487, 2.75379243249e-05, 1.26199511215e-05, 9.12673931452e-06, 7.29277553546e-06, 5.31986233909e-06, 4.69443239126e-06, 5.97783673584e-06, 5.89687851971e-06, 6.62481761537e-06, 6.07638367001e-06, 4.66270739707e-06, 5.40526616533e-06, 5.24099459653e-06, 6.29780743111e-06, 7.41231906431e-06, 6.47927799946e-06, 5.40320525033e-06, 3.72214367417e-06, 3.65764208254e-06, 2.997852107e-06, 3.60623403139e-06, 5.29315775566e-06, 6.81406163494e-06, 5.02709735883e-06, 4.41918245997e-06, 3.78251320399e-06, 3.14389831146e-06, 2.80374865724e-06, 2.72154215963e-06, 2.01511193154e-06, 1.92386983144e-06, 2.45064256887e-06],
        "dvar": [5.60132684768e-06, 2.98085124086e-05, 1.39518979267e-05, 4.48125683761e-06, 5.58786211968e-07, 5.19467029392e-08, 3.14746699814e-08, 4.57623414718e-08, 3.18444848268e-09, 5.45465728141e-10, 3.87309351257e-10, 4.26466445491e-10, 1.31609056986e-10, 1.31181621121e-10, 1.63393451547e-10, 1.23835525168e-10, 1.27872781808e-10, 1.93473362331e-10, 8.6103069119e-11, 1.58026813857e-10, 1.92483848305e-10, 2.02115296721e-10, 1.95157140448e-10, 2.7527374824e-10, 2.64425037422e-10, 1.71811564975e-10, 1.26430588221e-10, 6.49686762721e-11, 1.55694152015e-10, 4.31243069032e-10, 7.87585385797e-10, 3.10133307924e-10, 2.13800449567e-10, 1.55451207462e-10, 1.06295285074e-10, 8.61283336318e-11, 9.66173946404e-11, 5.17440292003e-11, 5.04508448906e-11, 9.70787547572e-11],
        "dvar2": [1.5316891222e-05, 8.48052586662e-05, 4.03866142733e-05, 1.25143369587e-05, 1.29929981085e-06, 1.07328816057e-07, 6.74345770335e-08, 1.03214766511e-07, 7.35265803797e-09, 1.07431330498e-09, 6.11750483603e-10, 1.18504728253e-09, 3.20857285185e-10, 3.35863253875e-10, 3.57338242329e-10, 3.25308724403e-10, 3.30353383537e-10, 5.33436239625e-10, 2.3224386303e-10, 4.33310443082e-10, 4.84759121733e-10, 5.46019396364e-10, 5.08933450938e-10, 7.31801175213e-10, 6.95427493369e-10, 3.64084040694e-10, 2.9216409847e-10, 1.52632087524e-10, 3.40811545652e-10, 9.43562450395e-10, 1.56876511781e-09, 6.15769046863e-10, 4.88669160692e-10, 3.3836050628e-10, 2.06067843345e-10, 1.79957174162e-10, 1.91072851985e-10, 1.02548171343e-10, 1.00309892337e-10, 2.12995510118e-10],
        "max": [0.0607827156782, 0.0909539163113, 0.0561648309231, 0.03749666363, 0.0129539649934, 0.00622102757916, 0.00499018188566, 0.00675196992233, 0.00142925721593, 0.000630383088719, 0.000916966760997, 0.000700959062669, 0.000493668077979, 0.000587086658925, 0.00047311684466, 0.000327551504597, 0.000272723060334, 0.00060357194161, 0.000228829798289, 0.000409459229559, 0.000728895829525, 0.0005087335594, 0.000580541614909, 0.00107968307566, 0.000771243299823, 0.000788476667367, 0.000394890608732, 0.000298501836369, 0.000589162402321, 0.000888392154593, 0.000898978556506, 0.000465690420242, 0.000402674166253, 0.000342077517416, 0.000311043404508, 0.000263651279965, 0.000275167898508, 0.000188097328646, 0.000236635416513, 0.000365272164345],
        "mean": [0.00209774612449, 0.00615423545241, 0.00537484744564, 0.00370807689615, 0.00127035810146, 0.000265665614279, 0.000211510341614, 0.000193680942175, 4.54743167211e-05, 3.14685457852e-05, 2.32804995903e-05, 6.51082973491e-06, 5.7964834923e-06, 5.34813443664e-06, 7.21540482118e-06, 6.20793161943e-06, 7.37694153941e-06, 5.31716978003e-06, 3.86485453419e-06, 4.3766226554e-06, 4.50634934168e-06, 5.96070503889e-06, 7.39626602808e-06, 5.98895485382e-06, 4.46956073574e-06, 3.19707123708e-06, 3.07635127683e-06, 2.55554891737e-06, 3.01467275676e-06, 4.49076560471e-06, 6.16745683146e-06, 4.69946189696e-06, 3.73286684408e-06, 3.4606518966e-06, 3.25964174408e-06, 2.80136760011e-06, 2.63113702204e-06, 1.95633970179e-06, 1.90108767129e-06, 2.32357706409e-06],
        "median": [0.00125451711938, 0.00387421762571, 0.00392320333049, 0.00254926108755, 0.000620293081738, 7.40935356589e-05, 7.56510853535e-05, 3.94325543311e-05, 6.94222853781e-06, 4.55521058029e-06, 3.53704081135e-06, 1.46297213632e-06, 1.39165149449e-06, 1.73078592525e-06, 2.21937943934e-06, 2.22734115596e-06, 2.62690946329e-06, 1.8734092464e-06, 1.4641893813e-06, 1.54134249897e-06, 1.21737571135e-06, 2.27095506489e-06, 3.08244671032e-06, 2.73456907962e-06, 1.77796414391e-06, 1.11425742944e-06, 1.09724442154e-06, 8.00127168077e-07, 4.90104980599e-07, 6.79213144394e-07, 7.03549062564e-07, 6.9922214152e-07, 5.28736109118e-07, 5.73235524826e-07, 6.00624332492e-07, 3.97949008857e-07, 1.86739839592e-07, 1.18204155797e-07, 1.37717705684e-07, 1.51710480623e-07],
        "min": [3.29781053174e-24, 1.12518599348e-23, 9.63594779019e-24, 5.58785441251e-24, 7.10348261451e-24, 1.14391757456e-23, 4.83110803474e-24, 2.3987489135e-24, 6.29340884512e-24, 5.46042813276e-24, 9.51808566006e-24, 7.24240654195e-24, 8.64423524749e-24, 6.67709619549e-24, 1.26955329782e-23, 1.08365065244e-23, 8.19699055728e-24, 6.37516086731e-24, 4.93720509332e-24, 5.39661835743e-24, 1.1384903693e-23, 7.38661662631e-24, 8.47658495019e-24, 1.07471995813e-23, 7.53088587524e-24, 7.6693270198e-24, 1.00976152243e-23, 1.29924507566e-23, 1.0055098777e-23, 1.08546661024e-23, 7.09116376262e-24, 8.36778840959e-24, 8.40641656154e-24, 1.01542136277e-23, 9.70985932384e-24, 8.40715020218e-24, 1.26546826051e-23, 9.60825403925e-24, 9.02821723742e-24, 8.78446868403e-24],
        "var": [7.68553309172e-06, 5.11009966431e-05, 2.58935942838e-05, 1.24919351947e-05, 2.59553394244e-06, 2.2289445667e-07, 1.14389337114e-07, 1.62483459576e-07, 9.30085874984e-09, 4.25285628936e-09, 4.61260007967e-09, 4.03168970431e-10, 3.07104924824e-10, 1.82193163334e-10, 3.86552040377e-10, 2.17677098568e-10, 2.42088710189e-10, 1.85664456032e-10, 8.23245152604e-11, 1.42856948493e-10, 2.76293515844e-10, 2.77885131572e-10, 2.68896349631e-10, 3.33833710675e-10, 2.35458597064e-10, 2.23820101342e-10, 1.55755422449e-10, 8.47582004582e-11, 2.63984778481e-10, 6.61782406652e-10, 1.33203892361e-09, 5.9168642208e-10, 3.46175893506e-10, 2.7918115042e-10, 2.26720683894e-10, 1.65967142807e-10, 1.9528585693e-10, 1.06260333865e-10, 9.67518426487e-11, 1.58592472488e-10]
    },
    "mfcc": {
        "mean": [-699.070007324, 122.444694519, 47.273765564, 57.6719703674, 25.7857074738, 13.7030172348, -4.37122678757, 1.8980025053, -9.96186923981, -5.32371139526, 1.11053860188, -3.4387614727, -8.25869750977],
        "cov": [[7535.71191406, -334.52444458, 205.878997803, -7.71655702591, -332.007751465, -162.674575806, -320.841186523, 69.4107437134, -0.80770856142, 31.3663082123, 153.066375732, 76.7687988281, -88.1407012939], [-334.52444458, 1653.26159668, -147.670730591, 50.0382080078, -11.8457078934, -44.0935173035, 44.9511604309, 93.0660705566, -92.1953582764, 0.597548484802, 59.1906585693, 13.5115041733, 12.1576347351], [205.878997803, -147.670730591, 639.938659668, 7.23703813553, 21.9676475525, 51.8944511414, -15.5336256027, -22.7720279694, 43.2887039185, -13.1246767044, 32.4793968201, 36.8799858093, 60.5569610596], [-7.71655702591, 50.0382080078, 7.23703813553, 395.854614258, 221.08631897, 73.7553253174, 33.0230865479, -21.5483551025, 25.4537734985, -9.36967945099, -62.0407600403, 9.73363208771, 44.2712020874], [-332.007751465, -11.8457078934, 21.9676475525, 221.08631897, 350.784973145, 86.3090286255, 37.7966308594, -38.7708702087, 28.2505340576, -1.70721530914, -64.9576187134, -6.28027391434, 35.0647773743], [-162.674575806, -44.0935173035, 51.8944511414, 73.7553253174, 86.3090286255, 164.82510376, 64.440032959, 1.42639183998, 16.4819869995, 15.1803569794, -1.84176254272, 2.27372527122, 11.9847049713], [-320.841186523, 44.9511604309, -15.5336256027, 33.0230865479, 37.7966308594, 64.440032959, 203.531936646, 37.2156143188, 10.0909729004, 22.0055351257, 1.9127355814, 10.5596542358, -1.57263410091], [69.4107437134, 93.0660705566, -22.7720279694, -21.5483551025, -38.7708702087, 1.42639183998, 37.2156143188, 140.93069458, 32.0464782715, 26.4180660248, 20.6176624298, 10.6928796768, -3.5996363163], [-0.80770856142, -92.1953582764, 43.2887039185, 25.4537734985, 28.2505340576, 16.4819869995, 10.0909729004, 32.0464782715, 126.751022339, 47.046245575, -6.84044742584, 8.10981655121, 12.3700227737], [31.3663082123, 0.597548484802, -13.1246767044, -9.36967945099, -1.70721530914, 15.1803569794, 22.0055351257, 26.4180660248, 47.046245575, 122.843711853, 26.7667694092, 0.405158042908, -10.4831581116], [153.066375732, 59.1906585693, 32.4793968201, -62.0407600403, -64.9576187134, -1.84176254272, 1.9127355814, 20.6176624298, -6.84044742584, 26.7667694092, 119.31401825, 20.4630012512, -2.76401424408], [76.7687988281, 13.5115041733, 36.8799858093, 9.73363208771, -6.28027391434, 2.27372527122, 10.5596542358, 10.6928796768, 8.10981655121, 0.405158042908, 20.4630012512, 90.7179641724, 24.9702281952], [-88.1407012939, 12.1576347351, 60.5569610596, 44.2712020874, 35.0647773743, 11.9847049713, -1.57263410091, -3.5996363163, 12.3700227737, -10.4831581116, -2.76401424408, 24.9702281952, 104.854942322]],
