{
"lowlevel": {
    "average_loudness": 0.898986279964,
    "barkbands_crest": {
        "dmean": 3.57575774193,
        "dmean2": 5.52110004425,
        "dvar": 12.2966270447,
        "dvar2": 26.3680152893,
        "max": 26.7382221222,
        "mean": 12.4124078751,
        "median": 11.3554859161,
        "min": 1.75303637981,
        "var": 40.8752326965
    },
    "barkbands_flatness_db": {
        "dmean": 0.0630257949233,
        "dmean2": 0.0889399647713,
        "dvar": 0.0064160944894,
        "dvar2": 0.0135362502187,
        "max": 0.803343832493,
        "mean": 0.200808107853,
        "median": 0.147718340158,
        "min": 0.0158355683088,
        "var": 0.0259390044957
    },
    "barkbands_kurtosis": {
        "dmean": 33.4602165222,
        "dmean2": 51.272228241,
        "dvar": 9283.94335938,
        "dvar2": 21313.9941406,
        "max": 1739.26000977,
        "mean": 35.1683425903,
        "median": 5.28468036652,
        "min": -1.81921458244,
        "var": 10278.0585938
    },
    "barkbands_skewness": {
        "dmean": 1.60163235664,
        "dmean2": 2.40044403076,
        "dvar": 5.94751739502,
        "dvar2": 12.4915733337,
        "max": 31.1635131836,
        "mean": 3.0287399292,
        "median": 1.97415399551,
        "min": -2.20305657387,
        "var": 12.5809659958
    },
    "barkbands_spread": {
        "dmean": 7.65279912949,
        "dmean2": 12.3699474335,
        "dvar": 112.995201111,
        "dvar2": 268.372467041,
        "max": 100.608551025,
        "mean": 21.6574707031,
        "median": 14.9181947708,
        "min": 0.035710901022,
        "var": 446.107330322
    },
    "dissonance": {
        "dmean": 0.0237669628114,
        "dmean2": 0.0381646119058,
        "dvar": 0.000955463561695,
        "dvar2": 0.0023762898054,
        "max": 0.500000119209,
        "mean": 0.457200855017,
        "median": 0.475587636232,
        "min": 0.133347988129,
        "var": 0.00249603530392
    },
    "dynamic_complexity": 2.8863427639,
    "erbbands_crest": {
        "dmean": 3.1492497921,
        "dmean2": 4.91390609741,
        "dvar": 13.2795085907,
        "dvar2": 30.4716835022,
        "max": 29.9403953552,
        "mean": 8.77660751343,
        "median": 6.48402452469,
        "min": 2.03170537949,
        "var": 35.1028327942
    },
    "erbbands_flatness_db": {
        "dmean": 0.0352840274572,
        "dmean2": 0.0520216226578,
        "dvar": 0.00244379322976,
        "dvar2": 0.00522396946326,
        "max": 0.527532160282,
        "mean": 0.155533194542,
        "median": 0.120379805565,
        "min": 0.0411915928125,
        "var": 0.00914893578738
    },
    "erbbands_kurtosis": {
        "dmean": 5.13329172134,
        "dmean2": 7.5451464653,
        "dvar": 210.98260498,
        "dvar2": 415.270751953,
        "max": 223.824615479,
        "mean": 4.3897600174,
        "median": -0.448091268539,
        "min": -1.7552781105,
        "var": 299.616607666
    },
    "erbbands_skewness": {
        "dmean": 0.717393100262,
        "dmean2": 1.04705965519,
        "dvar": 1.11515283585,
        "dvar2": 2.40068674088,
        "max": 11.520655632,
        "mean": 0.79101318121,
        "median": 0.219706848264,
        "min": -1.59273850918,
        "var": 2.57365179062
    },
    "erbbands_spread": {
        "dmean": 13.4923353195,
        "dmean2": 20.7155170441,
        "dvar": 265.212890625,
        "dvar2": 598.883361816,
        "max": 164.737625122,
        "mean": 46.0795516968,
        "median": 46.7328262329,
        "min": 0.495699644089,
        "var": 729.58416748
    },
    "hfc": {
        "dmean": 9.33582782745,
        "dmean2": 14.5431241989,
        "dvar": 198.867370605,
        "dvar2": 499.836273193,
        "max": 188.624282837,
        "mean": 28.3731403351,
        "median": 15.4797725677,
        "min": 1.13765868648e-16,
        "var": 917.812744141
    },
    "melbands_crest": {
        "dmean": 4.47151327133,
        "dmean2": 7.19853687286,
        "dvar": 18.8169803619,
        "dvar2": 42.2123222351,
        "max": 39.2372436523,
        "mean": 18.6888198853,
        "median": 17.9179782867,
        "min": 1.5777823925,
        "var": 69.4091110229
    },
    "melbands_flatness_db": {
        "dmean": 0.0730612576008,
        "dmean2": 0.103768229485,
        "dvar": 0.00819757021964,
        "dvar2": 0.017221853137,
        "max": 0.968797087669,
        "mean": 0.28265106678,
        "median": 0.234982863069,
        "min": 0.00303232925944,
        "var": 0.0379084721208
    },
    "melbands_kurtosis": {
        "dmean": 46.1281776428,
        "dmean2": 73.9163742065,
        "dvar": 12019.9560547,
        "dvar2": 27929.3085938,
        "max": 2198.23339844,
        "mean": 57.7808227539,
        "median": 16.1486263275,
        "min": -1.37808644772,
        "var": 15289.2148438
    },
    "melbands_skewness": {
        "dmean": 1.83228468895,
        "dmean2": 2.85465192795,
        "dvar": 6.82449197769,
        "dvar2": 15.472369194,
        "max": 38.6354064941,
        "mean": 4.39088630676,
        "median": 3.19736218452,
        "min": -1.33795833588,
        "var": 14.556391716
    },
    "melbands_spread": {
        "dmean": 7.66069698334,
        "dmean2": 12.4620685577,
        "dvar": 107.25479126,
        "dvar2": 259.69821167,
        "max": 158.250350952,
        "mean": 20.4336433411,
        "median": 10.3425951004,
        "min": 0.0647460520267,
        "var": 588.605834961
    },
    "pitch_salience": {
        "dmean": 0.115181915462,
        "dmean2": 0.18660351634,
        "dvar": 0.0167702864856,
        "dvar2": 0.0401264429092,
        "max": 0.913837730885,
        "mean": 0.474125564098,
        "median": 0.517975628376,
        "min": 0.0144693870097,
        "var": 0.0435416735709
    },
    "silence_rate_20dB": {
        "dmean": 0,
        "dmean2": 0,
        "dvar": 0,
        "dvar2": 0,
        "max": 1,
        "mean": 1,
        "median": 1,
        "min": 1,
        "var": 0
    },
    "silence_rate_30dB": {
        "dmean": 0.0849713683128,
        "dmean2": 0.16995587945,
        "dvar": 0.0777467414737,
        "dvar2": 0.155945107341,
        "max": 1,
        "mean": 0.84368956089,
        "median": 1,
        "min": 0,
        "var": 0.13186699152
    },
    "silence_rate_60dB": {
        "dmean": 0.0167156793177,
        "dmean2": 0.0334339439869,
        "dvar": 0.0164333749563,
        "dvar2": 0.0389827750623,
        "max": 1,
        "mean": 0.060667026788,
        "median": 0,
        "min": 0,
        "var": 0.0569939464331
    },
    "spectral_centroid": {
        "dmean": 320.872650146,
        "dmean2": 512.311035156,
        "dvar": 157070.59375,
        "dvar2": 362587.6875,
        "max": 11654.1376953,
        "mean": 1173.58703613,
        "median": 1027.20385742,
        "min": 60.2239379883,
        "var": 778700.6875
    },
    "spectral_complexity": {
        "dmean": 4.97430753708,
        "dmean2": 7.86479377747,
        "dvar": 36.2746620178,
        "dvar2": 82.749382019,
        "max": 59,
        "mean": 19.4418487549,
        "median": 15,
        "min": 0,
        "var": 232.987792969
    },
    "spectral_decrease": {
        "dmean": 7.25648208189e-09,
        "dmean2": 1.06751247841e-08,
        "dvar": 1.34771756345e-16,
        "dvar2": 2.70995777147e-16,
        "max": 2.01833227516e-18,
        "mean": -1.41346827576e-08,
        "median": -7.43132577696e-09,
        "min": -8.61238262928e-08,
        "var": 2.93752826053e-16
    },
    "spectral_energy": {
        "dmean": 0.0276688393205,
        "dmean2": 0.040736079216,
        "dvar": 0.00192701176275,
        "dvar2": 0.00386602291837,
        "max": 0.327927649021,
        "mean": 0.0559212677181,
        "median": 0.0326483249664,
        "min": 1.06482669448e-20,
        "var": 0.00421131355688
    },
    "spectral_energyband_high": {
        "dmean": 0.000706632796209,
        "dmean2": 0.00115053751506,
        "dvar": 1.83680390364e-06,
        "dvar2": 4.52396579931e-06,
        "max": 0.017706381157,
        "mean": 0.00187980488408,
        "median": 0.000358817778761,
        "min": 7.58909858463e-21,
        "var": 7.70188398747e-06
    },
    "spectral_energyband_low": {
        "dmean": 0.0258488897234,
        "dmean2": 0.0378714837134,
        "dvar": 0.00222009560093,
        "dvar2": 0.00466542132199,
        "max": 0.323951780796,
        "mean": 0.0403641425073,
        "median": 0.0109233511612,
        "min": 5.21669551437e-23,
        "var": 0.00433340249583
    },
    "spectral_energyband_middle_high": {
        "dmean": 0.00142894627061,
        "dmean2": 0.00237494683824,
        "dvar": 4.79536902276e-06,
        "dvar2": 1.24813132061e-05,
        "max": 0.026949044317,
        "mean": 0.00349451927468,
        "median": 0.00186305004172,
        "min": 1.79647372201e-21,
        "var": 1.44762034324e-05
    },
    "spectral_energyband_middle_low": {
        "dmean": 0.00884619541466,
        "dmean2": 0.0147690698504,
        "dvar": 0.000217304492253,
        "dvar2": 0.000580636202358,
        "max": 0.108641453087,
        "mean": 0.0146385971457,
        "median": 0.00979509949684,
        "min": 3.2219623919e-22,
        "var": 0.000269057461992
    },
    "spectral_entropy": {
        "dmean": 0.457858502865,
        "dmean2": 0.668126940727,
        "dvar": 0.44169563055,
        "dvar2": 0.986859202385,
        "max": 9.81751060486,
        "mean": 7.32370758057,
        "median": 7.81903886795,
        "min": 2.85257863998,
        "var": 1.42111265659
    },
    "spectral_flux": {
        "dmean": 0.058257356286,
        "dmean2": 0.0882039666176,
        "dvar": 0.00477217277512,
        "dvar2": 0.00927726645023,
        "max": 0.539470672607,
        "mean": 0.123213589191,
        "median": 0.0899930596352,
        "min": 1.03190442302e-10,
        "var": 0.0109903328121
    },
    "spectral_kurtosis": {
        "dmean": 10.0386161804,
        "dmean2": 16.4491405487,
        "dvar": 686.480834961,
        "dvar2": 1684.93518066,
        "max": 529.404418945,
        "mean": 14.4452829361,
        "median": 3.10370969772,
        "min": -1.21749639511,
        "var": 1076.38867188
    },
    "spectral_rms": {
        "dmean": 0.0016555825714,
        "dmean2": 0.00243895640597,
        "dvar": 4.05705850426e-06,
        "dvar2": 8.15676503407e-06,
        "max": 0.0178865715861,
        "mean": 0.00638963608071,
        "median": 0.00564375985414,
        "min": 3.22312792775e-12,
        "var": 1.37298593472e-05
    },
    "spectral_rolloff": {
        "dmean": 705.678710938,
        "dmean2": 1191.57067871,
        "dvar": 1581935,
        "dvar2": 3960447.5,
        "max": 19552.1484375,
        "mean": 1941.17602539,
        "median": 473.73046875,
        "min": 21.533203125,
        "var": 9815527
    },
    "spectral_skewness": {
        "dmean": 0.736799299717,
        "dmean2": 1.15576601028,
        "dvar": 1.90846920013,
        "dvar2": 4.35823488235,
        "max": 18.3883323669,
        "mean": 2.2813668251,
        "median": 1.40376293659,
        "min": -0.0524160303175,
        "var": 4.25774049759
    },
    "spectral_spread": {
        "dmean": 954789.125,
        "dmean2": 1492170.125,
        "dvar": 1.57564456141e+12,
        "dvar2": 3.31818991616e+12,
        "max": 41408444,
        "mean": 5133834,
        "median": 5096865,
        "min": 179218.8125,
        "var": 6.25809293312e+12
    },
    "spectral_strongpeak": {
        "dmean": 0.367660373449,
        "dmean2": 0.599037110806,
        "dvar": 0.195016533136,
        "dvar2": 0.483219057322,
        "max": 9.10346031189,
        "mean": 0.674196124077,
        "median": 0.564712107182,
        "min": 0,
        "var": 0.318001121283
    },
    "zerocrossingrate": {
        "dmean": 0.0123576121405,
        "dmean2": 0.0156347490847,
        "dvar": 0.000221923619392,
        "dvar2": 0.000306437519612,
        "max": 0.52197265625,
        "mean": 0.0632784217596,
        "median": 0.03271484375,
        "min": 0.00146484375,
        "var": 0.00656239734963
    },
    "barkbands": {
        "dmean": [0.0011204329785, 0.0200636666268, 0.00976657588035, 0.00627944990993, 0.00250522675924, 0.000935565214604, 0.00023349050025, 0.000259450403973, 0.000423815276008, 0.000268926349236, 0.000245930568781, 0.000200538517674, 0.00025820947485, 0.00017927440058, 0.000232372432947, 0.00022068763792, 0.000208797428058, 0.00015060538135, 0.000156772905029, 0.000144744757563, 0.000128562343889, 0.000122074197861, 0.000156620371854, 0.000137753464514, 0.000135820868309, 9.17729266803e-05, 2.80593685602e-05],
        "dmean2": [0.00159451935906, 0.0287818480283, 0.017473321408, 0.0104931201786, 0.00435597309843, 0.00148533366155, 0.000381396646844, 0.000412180030253, 0.000634692434687, 0.000418337003794, 0.000385441700928, 0.000351493101334, 0.000446937454399, 0.000305491848849, 0.000382911821362, 0.000377685297281, 0.000358172634151, 0.000246457668254, 0.000264601170784, 0.000241286878008, 0.000210053374758, 0.000201599235879, 0.000263082358288, 0.000224836563575, 0.00022577054915, 0.00015459577844, 4.81967945234e-05],
        "dvar": [7.33318847779e-06, 0.00175877055153, 0.000723385834135, 0.000116551571409, 2.56399689533e-05, 2.08045844374e-06, 1.69612007994e-07, 1.91618426015e-07, 5.10514496455e-07, 2.13963957663e-07, 2.14636841633e-07, 1.31000618353e-07, 2.34742586258e-07, 7.60008020961e-08, 1.51703915208e-07, 1.48023403312e-07, 1.05743445999e-07, 6.14541093569e-08, 8.1285207898e-08, 6.44355893087e-08, 4.66532448229e-08, 4.17577403766e-08, 1.06628760932e-07, 7.44593293689e-08, 7.93237049379e-08, 3.81063856025e-08, 2.69188071833e-09],
        "dvar2": [1.65127657965e-05, 0.00383047806099, 0.00203675520606, 0.000294566067168, 7.07354629412e-05, 4.62733078166e-06, 3.97909019512e-07, 4.60316300632e-07, 1.02878937014e-06, 4.32000518913e-07, 4.3200296318e-07, 3.66248002592e-07, 6.52429207548e-07, 2.00319647092e-07, 3.95621185589e-07, 4.04090087613e-07, 2.76569693369e-07, 1.53692027993e-07, 2.1176757059e-07, 1.63982505796e-07, 1.1472921102e-07, 1.04108011101e-07, 2.83111859289e-07, 1.90954921209e-07, 1.99948146928e-07, 9.80236265491e-08, 7.08216330025e-09],
        "max": [0.0456978753209, 0.275396347046, 0.176245123148, 0.0893180966377, 0.0472746938467, 0.0504467263818, 0.00967123545706, 0.00758391711861, 0.013164951466, 0.0139207234606, 0.0203411318362, 0.00447057373822, 0.00570214632899, 0.00485696690157, 0.00745496526361, 0.00405277684331, 0.00492784241214, 0.00530834821984, 0.0049952394329, 0.00389344897121, 0.00496855797246, 0.00399336311966, 0.00455156480893, 0.00404325779527, 0.00331696891226, 0.00257404288277, 0.000613001815509],
        "mean": [0.00132773048244, 0.0258246771991, 0.00882023852319, 0.00782159436494, 0.00313413259573, 0.00190947635565, 0.00035957415821, 0.000405478524044, 0.000885623856448, 0.000467171688797, 0.000421252771048, 0.00026964006247, 0.000377134769224, 0.000280212203506, 0.000384951272281, 0.000333292118739, 0.000353734212695, 0.000272791046882, 0.0002705041843, 0.000277469051071, 0.000276266946457, 0.000262205139734, 0.000298894767184, 0.000305349705741, 0.000306670466671, 0.000211731050513, 6.34374446236e-05],
        "median": [2.82926812361e-05, 0.00196407898329, 0.00186686287634, 0.00211593415588, 0.00153029139619, 0.00114783190656, 0.000163589618751, 0.000197346729692, 0.000291535485303, 0.000208238343475, 0.000159307761351, 0.000152020089445, 0.000160287600011, 0.000130220840219, 0.000151179381646, 0.000130651329528, 0.00013888135436, 9.83172794804e-05, 9.3294052931e-05, 7.31416948838e-05, 7.15718633728e-05, 5.84370100114e-05, 4.74414155178e-05, 4.37080343545e-05, 2.44493239734e-05, 5.80047526455e-06, 1.30817295485e-06],
        "min": [5.2792587317e-24, 1.52141796774e-23, 3.04024279191e-23, 1.24508235922e-23, 7.3262458901e-23, 8.44840494539e-23, 3.30732648195e-23, 4.2508098044e-23, 6.31143628896e-23, 8.85952075278e-23, 8.488405242e-23, 6.83302543969e-23, 1.58671381502e-22, 1.48604658071e-22, 1.96254759754e-22, 2.67429072285e-22, 1.97577938239e-22, 3.09808901545e-22, 1.58193458011e-22, 2.43175272385e-22, 3.16283796125e-22, 5.31397304493e-22, 7.34729143687e-22, 9.8524309441e-22, 1.02526421694e-21, 1.69436134501e-21, 2.34073695659e-21],
        "var": [1.12376701509e-05, 0.00282237702049, 0.000503079034388, 0.000158726790687, 2.38777411141e-05, 6.10249298916e-06, 3.39908950764e-07, 3.65807636626e-07, 2.34208368965e-06, 7.0238331773e-07, 7.68309632804e-07, 1.32888487769e-07, 2.86406759642e-07, 1.4225315681e-07, 3.1980471249e-07, 2.09347462032e-07, 2.26984468554e-07, 1.35580705773e-07, 1.51850173324e-07, 1.59719817816e-07, 1.62525026326e-07, 1.45319845046e-07, 2.29048367828e-07, 2.4027656309e-07, 2.82089871462e-07, 1.43588707147e-07, 1.32841497802e-08]
    },
    "erbbands": {
        "dmean": [0.589759767056, 4.93581342697, 10.9189500809, 17.0455207825, 13.7837486267, 7.13893222809, 7.99946451187, 8.02463912964, 3.57458329201, 4.58133888245, 4.90718078613, 11.5010433197, 6.13754892349, 8.51266002655, 11.7340803146, 8.91398715973, 11.0724554062, 10.5641384125, 11.2891130447, 10.4967041016, 11.9911575317, 10.7489261627, 8.58497905731, 8.34732532501, 7.26230478287, 6.59294033051, 5.62632894516, 5.00670146942, 4.56694173813, 4.49408864975, 4.35770273209, 3.33437395096, 2.24904370308, 1.5720334053, 1.06226217747, 0.467291414738, 0.160941898823, 0.0414760820568, 0.00475639151409, 0.000245873437962],
        "dmean2": [0.837950944901, 7.60737323761, 18.9723014832, 28.9745006561, 22.8673171997, 12.7275066376, 12.7951202393, 12.7635765076, 5.71343421936, 7.43588876724, 7.69305610657, 17.1068992615, 9.55827617645, 13.384475708, 18.3639259338, 15.5342140198, 19.2123279572, 17.9936542511, 18.8334178925, 17.5031509399, 20.7767543793, 18.3501319885, 13.953335762, 14.2932081223, 12.0361051559, 10.9388608932, 9.34346008301, 8.17043018341, 7.54185390472, 7.42750310898, 7.36150312424, 5.57979726791, 3.69433760643, 2.61568641663, 1.77313804626, 0.780758738518, 0.272556126118, 0.0699657648802, 0.00816271174699, 0.000423134159064],
        "dvar": [1.43783223629, 132.15965271, 910.21307373, 1055.51831055, 616.996276855, 273.402526855, 187.947662354, 199.996047974, 38.1409378052, 66.1305389404, 62.9747390747, 406.828552246, 120.823654175, 224.718566895, 522.851013184, 260.027801514, 465.856323242, 283.364654541, 388.73135376, 278.490234375, 491.608764648, 271.379150391, 194.712142944, 267.629638672, 160.887191772, 124.064552307, 96.7192993164, 66.201423645, 59.6338882446, 67.6033782959, 82.5481185913, 53.3245201111, 16.7984886169, 9.36029243469, 5.09282875061, 0.90100312233, 0.113395869732, 0.00716317491606, 7.31000982341e-05, 2.09307629007e-07],
        "dvar2": [2.44989919662, 316.840332031, 2436.49609375, 2828.08862305, 1542.29968262, 777.219787598, 433.377716064, 396.098510742, 86.5675048828, 162.72467041, 144.226730347, 817.073303223, 251.450317383, 472.551391602, 1039.94238281, 725.527954102, 1299.02233887, 757.023681641, 1028.45678711, 724.359436035, 1365.28686523, 699.702880859, 479.741790771, 735.415222168, 401.880889893, 304.434539795, 243.392578125, 162.16519165, 147.649749756, 173.435241699, 220.720626831, 142.833297729, 43.073009491, 24.1115474701, 12.8445367813, 2.28802156448, 0.297191023827, 0.0186884496361, 0.000192150997464, 5.70825704926e-07],
        "max": [8.29992675781, 72.6388626099, 206.091552734, 289.141082764, 273.635620117, 157.733078003, 432.509735107, 621.006286621, 141.592941284, 152.724182129, 207.056365967, 381.656616211, 376.045776367, 499.804656982, 1005.30285645, 184.626846313, 299.236572266, 283.457824707, 356.141479492, 339.821807861, 216.190826416, 278.093231201, 299.268707275, 198.536193848, 210.728210449, 182.196304321, 225.216888428, 122.034126282, 167.716018677, 98.6036834717, 153.561279297, 102.452095032, 55.085483551, 37.7791976929, 23.3957881927, 12.3681402206, 3.92818164825, 0.942232131958, 0.111006937921, 0.00580458715558],
        "mean": [0.780625522137, 5.53966712952, 10.3889827728, 20.5220146179, 17.4558887482, 8.29799938202, 14.3758068085, 15.6531744003, 6.37733316422, 7.18242931366, 8.87516307831, 23.9803733826, 12.7600049973, 14.6000356674, 20.326341629, 12.933842659, 16.3254241943, 17.6169528961, 18.2370433807, 18.0989494324, 19.1965484619, 19.2327651978, 16.4410686493, 13.884888649, 13.2617559433, 12.9057769775, 11.6388902664, 10.7398786545, 9.66441631317, 9.08385562897, 8.08842182159, 6.57403755188, 4.94223451614, 3.43400835991, 2.2068157196, 1.02548217773, 0.364817291498, 0.089272595942, 0.0110449641943, 0.0005509214825],
        "median": [0.0474872142076, 0.417195677757, 2.24933958054, 6.27886343002, 5.20418310165, 4.18707561493, 7.73333311081, 8.22941207886, 3.44353413582, 3.53595328331, 4.81583404541, 7.50416946411, 6.15460538864, 7.22252655029, 7.44354343414, 7.61620092392, 7.41402673721, 8.18491840363, 7.62295150757, 7.6978597641, 7.9649939537, 7.74952316284, 5.91505432129, 5.13983297348, 4.15279340744, 3.53844046593, 3.07725429535, 2.58184862137, 2.15226316452, 1.69818854332, 1.31365478039, 1.0219168663, 0.654256343842, 0.335537642241, 0.135343238711, 0.033956322819, 0.00927053205669, 0.00184735201765, 0.000261761859292, 0.00011366007675],
        "min": [4.62440662983e-22, 3.73082205392e-21, 2.1027087883e-20, 5.28151783811e-20, 2.36483983642e-19, 2.03764802814e-19, 3.64411652975e-19, 6.43556287637e-19, 3.47176000744e-19, 9.18947099131e-19, 9.12919847598e-19, 1.05046416364e-18, 2.31038079813e-18, 4.49630110616e-18, 2.28560777276e-18, 3.00897907959e-18, 5.61041743832e-18, 7.74731406017e-18, 1.04180478203e-17, 1.23109712428e-17, 1.36005334101e-17, 1.21618926169e-17, 1.67171117302e-17, 1.01133467427e-17, 9.78627291108e-18, 9.94975275144e-18, 1.43109392812e-17, 1.47616385641e-17, 1.8078740354e-17, 2.2719025067e-17, 1.77281150359e-17, 1.73306034664e-17, 1.71895311216e-17, 1.39452973263e-17, 6.90703752416e-18, 5.77426123815e-18, 3.42492374869e-18, 1.62939681082e-18, 3.37039600271e-19, 2.61533620148e-20],
        "var": [2.68733716011, 158.137451172, 702.718688965, 1174.23937988, 848.855285645, 205.414962769, 422.856292725, 569.21875, 95.9338989258, 125.153892517, 152.639785767, 1831.47717285, 464.206970215, 626.788452148, 1892.57629395, 282.408477783, 533.318054199, 529.251037598, 732.976623535, 603.453186035, 664.245666504, 639.491638184, 486.352355957, 390.217437744, 366.311309814, 339.007263184, 292.943115234, 242.238510132, 202.612976074, 192.209487915, 167.76385498, 114.449775696, 64.3355560303, 34.595539093, 15.3693161011, 3.34841251373, 0.436977416277, 0.0263386033475, 0.000407475512475, 7.8477870602e-07]
    },
    "gfcc": {
        "mean": [-42.9350128174, 89.9358291626, -85.8652191162, 30.2707462311, -39.3143234253, 12.9390850067, -30.7234191895, 1.24508118629, -21.5923423767, -5.42512750626, -15.4273405075, -3.51298356056, -8.9986038208],
        "cov": [[35715.0351562, -4450.79248047, -1926.06176758, 890.377563477, -2081.56005859, 687.683959961, -1555.89025879, 300.562103271, -1118.16394043, 172.831756592, -1094.14758301, 260.149597168, -595.55255127], [-4450.79248047, 5146.39550781, 403.787597656, -112.122070312, 781.740356445, -570.843383789, 447.100463867, -468.367218018, 331.584594727, -406.556304932, 374.057159424, -330.334503174, 211.010009766], [-1926.06176758, 403.787597656, 2127.93505859, 256.58972168, 735.471435547, 355.162322998, 410.021820068, 160.072250366, 208.796569824, 97.3084259033, 73.4011459351, -1.6859664917, -3.05918455124], [890.377563477, -112.122070312, 256.58972168, 584.214477539, 134.660842896, 270.823760986, 103.562309265, 108.793426514, 74.5576171875, 66.1266326904, 37.0849952698, 0.295951932669, 5.32591819763], [-2081.56005859, 781.740356445, 735.471435547, 134.660842896, 657.729736328, 106.869377136, 325.130096436, 33.4289855957, 195.31338501, 28.2712516785, 129.74987793, -14.0115766525, 61.5758934021], [687.683959961, -570.843383789, 355.162322998, 270.823760986, 106.869377136, 378.218963623, 106.051551819, 194.837081909, 53.5646362305, 119.723556519, 10.458650589, 73.7833099365, -0.236655339599], [-1555.89025879, 447.100463867, 410.021820068, 103.562309265, 325.130096436, 106.051551819, 304.190460205, 84.0726318359, 177.457672119, 35.649066925, 110.102600098, 1.34539461136, 65.6203689575], [300.562103271, -468.367218018, 160.072250366, 108.793426514, 33.4289855957, 194.837081909, 84.0726318359, 198.851654053, 65.0755844116, 111.50818634, 16.3566265106, 62.4184532166, 14.3497915268], [-1118.16394043, 331.584594727, 208.796569824, 74.5576171875, 195.31338501, 53.5646362305, 177.457672119, 65.0755844116, 182.355194092, 53.3138237, 97.6814346313, 5.27575540543, 57.4801559448], [172.831756592, -406.556304932, 97.3084259033, 66.1266326904, 28.2712516785, 119.723556519, 35.649066925, 111.50818634, 53.3138237, 130.428375244, 30.7979602814, 65.4839782715, 9.44230079651], [-1094.14758301, 374.057159424, 73.4011459351, 37.0849952698, 129.74987793, 10.458650589, 110.102600098, 16.3566265106, 97.6814346313, 30.7979602814, 137.256225586, 24.2547111511, 67.3443908691], [260.149597168, -330.334503174, -1.6859664917, 0.295951932669, -14.0115766525, 73.7833099365, 1.34539461136, 62.4184532166, 5.27575540543, 65.4839782715, 24.2547111511, 102.126060486, 27.9125576019], [-595.55255127, 211.010009766, -3.05918455124, 5.32591819763, 61.5758934021, -0.236655339599, 65.6203689575, 14.3497915268, 57.4801559448, 9.44230079651, 67.3443908691, 27.9125576019, 86.0145568848]],
        "icov": [[6.2466802774e-05, -8.9182452939e-05, 3.25852379319e-05, -0.00013941526413, 8.33001831779e-05, -8.1119746028e-05, 0.000151757965796, -0.000131100561703, 0.000155660309247, -0.000219592257054, 0.000514753512107, -0.000323316839058, 0.000129305277369], [-8.9182452939e-05, 0.000869651266839, -0.000120132710435, 0.000169644830748, -0.000491126498673, 0.000506615382619, -0.000197564455448, 0.00074654945638, -0.00095991184935, 0.0020632497035, -0.00228633335792, 0.00161284476053, -0.000704868463799], [3.25852379319e-05, -0.000120132710435, 0.000964332313742, 6.73212925903e-05, -0.000824865303002, -0.000722056138329, -0.000357207551133, -4.38122151536e-05, 0.000239813292865, -0.000472140702186, 0.000769814767409, -0.000111671877676, 0.000743881100789], [-0.00013941526413, 0.000169644830748, 6.73212925903e-05, 0.0033052302897, -0.00033399485983, -0.00280073448084, 0.000148811479448, 0.000985668739304, -0.00089064380154, 0.000200774826226, -0.00186939502601, 0.00276393583044, -0.00049045169726], [8.33001831779e-05, -0.000491126498673, -0.000824865303002, -0.00033399485983, 0.00485407840461, -0.000577524420805, -0.00331612955779, 0.00200624531135, -1.40453457789e-05, -0.00191090407316, 0.000840417225845, -0.000988384941593, 0.000373481510906], [-8.1119746028e-05, 0.000506615382619, -0.000722056138329, -0.00280073448084, -0.000577524420805, 0.00973183009773, -0.00152348307893, -0.0054499427788, 0.00164063589182, 0.000536367530003, -0.00049664377002, -0.00247183255851, 0.000890664581675], [0.000151757965796, -0.000197564455448, -0.000357207551133, 0.000148811479448, -0.00331612955779, -0.00152348307893, 0.0145315751433, -0.00491152238101, -0.00699318386614, 0.00483840936795, -0.001521600876, 0.000363656552508, -0.00116803520359], [-0.000131100561703, 0.00074654945638, -4.38122151536e-05, 0.000985668739304, 0.00200624531135, -0.0054499427788, -0.00491152238101, 0.0182758793235, -0.00284043885767, -0.00716408248991, 0.00162211467978, 0.000869786832482, -0.00242260820232], [0.000155660309247, -0.00095991184935, 0.000239813292865, -0.00089064380154, -1.40453457789e-05, 0.00164063589182, -0.00699318386614, -0.00284043885767, 0.0199384316802, -0.00930271297693, -0.00144379306585, 0.0032154484652, -0.00289607932791], [-0.000219592257054, 0.0020632497035, -0.000472140702186, 0.000200774826226, -0.00191090407316, 0.000536367530003, 0.00483840936795, -0.00716408248991, -0.00930271297693, 0.0277712196112, -0.009272467345, -0.00545332534239, 0.00445972010493], [0.000514753512107, -0.00228633335792, 0.000769814767409, -0.00186939502601, 0.000840417225845, -0.00049664377002, -0.001521600876, 0.00162211467978, -0.00144379306585, -0.009272467345, 0.0252338908613, -0.00759937195107, -0.00570464972407], [-0.000323316839058, 0.00161284476053, -0.000111671877676, 0.00276393583044, -0.000988384941593, -0.00247183255851, 0.000363656552508, 0.000869786832482, 0.0032154484652, -0.00545332534239, -0.00759937195107, 0.0247274022549, -0.00971663463861], [0.000129305277369, -0.000704868463799, 0.000743881100789, -0.00049045169726, 0.000373481510906, 0.000890664581675, -0.00116803520359, -0.00242260820232, -0.00289607932791, 0.00445972010493, -0.00570464972407, -0.00971663463861, 0.0244028884917]]
    },
    "melbands": {
        "dmean": [0.00510448077694, 0.00569181656465, 0.00287268217653, 0.00067795132054, 0.000277584826108, 0.000170608662302, 5.26042531419e-05, 5.23825947312e-05, 4.14872120018e-05, 7.29676830815e-05, 3.05146440951e-05, 3.67641405319e-05, 3.41567574651e-05, 2.56829844147e-05, 2.38507127506e-05, 2.6871510272e-05, 2.01010752789e-05, 1.7839620341e-05, 1.45317899296e-05, 1.51537878992e-05, 1.50845417011e-05, 1.2991836229e-05, 9.03226737137e-06, 7.62070385463e-06, 7.19191530152e-06, 5.99070290264e-06, 5.15411011293e-06, 4.66643268737e-06, 4.02367368224e-06, 3.43220813193e-06, 3.01150748783e-06, 2.7429198326e-06, 2.66018150796e-06, 2.74066314887e-06, 2.76237778962e-06, 2.43918952947e-06, 2.06535946745e-06, 1.74606964265e-06, 1.52712698309e-06, 1.34860613343e-06],
        "dmean2": [0.00724690919742, 0.00923500955105, 0.00486460141838, 0.00116568012163, 0.000454687018646, 0.000271564087598, 8.45873655635e-05, 8.48398412927e-05, 6.38483397779e-05, 0.000109100728878, 4.78232650494e-05, 5.77725331823e-05, 5.39058055438e-05, 4.27432714787e-05, 4.20253709308e-05, 4.59573129774e-05, 3.4256685467e-05, 2.98713875964e-05, 2.3956901714e-05, 2.54413807852e-05, 2.63087804342e-05, 2.22599446715e-05, 1.48347789946e-05, 1.25781680254e-05, 1.2409827832e-05, 1.00303332147e-05, 8.59996725922e-06, 7.77803052188e-06, 6.70867621011e-06, 5.61403157917e-06, 4.96023676533e-06, 4.53998382e-06, 4.45772957391e-06, 4.54010614703e-06, 4.66181381853e-06, 4.19229309045e-06, 3.45165835824e-06, 2.89751005766e-06, 2.51508708971e-06, 2.26224869948e-06],
        "dvar": [0.000104709739389, 0.000200330512598, 2.72514334938e-05, 1.86843681149e-06, 2.29814688169e-07, 8.20694125991e-08, 8.44763725638e-09, 8.95987817273e-09, 4.46674208732e-09, 1.58921196203e-08, 2.99597879838e-09, 4.3967638419e-09, 4.00697386382e-09, 1.80399362115e-09, 2.37783459589e-09, 2.38307085176e-09, 1.01718378165e-09, 9.5032925973e-10, 5.41385491992e-10, 5.96516003259e-10, 8.00383370692e-10, 4.3179362863e-10, 2.06307665396e-10, 1.69457350929e-10, 2.07223127546e-10, 1.08899188278e-10, 8.69954525085e-11, 6.1699895193e-11, 5.08085899742e-11, 3.30209089239e-11, 2.41751271779e-11, 2.21943938922e-11, 2.07726405521e-11, 2.72471455121e-11, 3.28098312408e-11, 2.82268809021e-11, 1.81055639231e-11, 1.01071061243e-11, 7.75940856707e-12, 6.86023416893e-12],
        "dvar2": [0.000191664279555, 0.000491555721965, 7.39898823667e-05, 5.08828225065e-06, 5.75635681344e-07, 1.68302136672e-07, 1.92887945616e-08, 2.20346247914e-08, 9.78122205453e-09, 3.23425837223e-08, 6.27296570244e-09, 9.11841979701e-09, 8.22837442627e-09, 4.44428893687e-09, 6.77781564207e-09, 6.42071462664e-09, 2.69396172037e-09, 2.52165821557e-09, 1.39577982505e-09, 1.55853263628e-09, 2.23565121971e-09, 1.10780729035e-09, 5.30956778544e-10, 4.30825236597e-10, 5.7888815963e-10, 2.76793060694e-10, 2.20356205505e-10, 1.53149840032e-10, 1.30687988209e-10, 8.27324458941e-11, 6.10647574173e-11, 5.57117338373e-11, 5.38443040154e-11, 7.08887254453e-11, 8.7827918549e-11, 7.75855699131e-11, 4.77948583488e-11, 2.65230944846e-11, 2.00076274992e-11, 1.79495099339e-11],
        "max": [0.0678107589483, 0.093094676733, 0.0399573110044, 0.011590057984, 0.0118853133172, 0.0120701063424, 0.0021753241308, 0.00182469119318, 0.00157274631783, 0.00248580332845, 0.00183469266631, 0.00223853765056, 0.00270710047334, 0.00117161986418, 0.000479583948618, 0.000674713985063, 0.000610908668023, 0.000557492778171, 0.000411818880821, 0.000411863176851, 0.000306214409648, 0.000365772662917, 0.000317115656799, 0.000199305723072, 0.000171054096427, 0.000186859848327, 0.000153624161612, 0.000132420856971, 0.000154736830154, 0.000128429805045, 7.65779041103e-05, 0.000103355167084, 7.91124984971e-05, 6.42848826828e-05, 9.6752490208e-05, 7.36652364139e-05, 6.15974422544e-05, 4.10159846069e-05, 4.02320947614e-05, 3.13496639137e-05],
        "mean": [0.00713612977415, 0.00630366289988, 0.00357104558498, 0.000820797460619, 0.000472792395158, 0.000339946360327, 8.99329897948e-05, 8.11330028228e-05, 7.67472592997e-05, 0.000150213585584, 6.02369982516e-05, 5.92033939029e-05, 5.79227598791e-05, 4.10971188103e-05, 3.08390117425e-05, 3.99431410187e-05, 3.14019962389e-05, 2.79704254353e-05, 2.46385970968e-05, 2.42185851675e-05, 2.22581656999e-05, 2.11881015275e-05, 1.61418829521e-05, 1.31170527311e-05, 1.09932807391e-05, 1.00641600511e-05, 8.89042348717e-06, 8.62866818352e-06, 7.54469601816e-06, 6.66490996082e-06, 5.9641010921e-06, 5.33788806933e-06, 5.23516018802e-06, 5.061916454e-06, 4.74804028272e-06, 4.31910802945e-06, 3.91148341805e-06, 3.49624360751e-06, 3.172345032e-06, 2.77299886875e-06],
        "median": [0.000528276257683, 0.00115988682956, 0.00119302992243, 0.00031004237826, 0.000269021344138, 0.00018821330741, 4.64089862362e-05, 3.87837135349e-05, 3.50193076883e-05, 4.66257042717e-05, 2.85182195512e-05, 2.7142403269e-05, 2.23881870625e-05, 2.15390391531e-05, 1.61721909535e-05, 1.51704098243e-05, 1.41497830555e-05, 1.11440704131e-05, 1.08071853901e-05, 9.27104247239e-06, 8.92849675438e-06, 8.21011417429e-06, 5.95149958826e-06, 4.56178167951e-06, 4.02919522458e-06, 3.23202607433e-06, 2.58947125076e-06, 2.17640808842e-06, 1.91356821233e-06, 1.6636915916e-06, 1.36958249186e-06, 1.20615914057e-06, 1.05189781152e-06, 8.70849873991e-07, 7.4208753631e-07, 6.79237075474e-07, 5.77385037559e-07, 4.74802646977e-07, 3.59068081934e-07, 2.47029902312e-07],
        "min": [4.63971894065e-24, 9.75222352104e-24, 1.36869339208e-23, 1.8995054312e-23, 1.06033137188e-23, 1.51361802665e-23, 5.73577253755e-24, 1.05260069278e-23, 7.34650304928e-24, 7.37223253657e-24, 1.12500313552e-23, 1.79709692844e-23, 8.16938200332e-24, 6.55447171208e-24, 1.0573537375e-23, 1.56270473871e-23, 1.45131647448e-23, 1.66190099987e-23, 1.57827133095e-23, 1.69299016591e-23, 1.55276272472e-23, 1.1226053928e-23, 1.71129031896e-23, 1.26618020747e-23, 7.79688898362e-24, 6.12603583243e-24, 7.80853335944e-24, 5.93862101958e-24, 1.02804195396e-23, 6.15979868474e-24, 1.00513832421e-23, 1.05464265923e-23, 9.68703205583e-24, 1.43180526217e-23, 8.54706651663e-24, 1.22225430235e-23, 9.71514232532e-24, 9.60417799495e-24, 1.61395813612e-23, 1.02420114799e-23],
        "var": [0.000201933973585, 0.000204607873457, 3.05354733428e-05, 1.88075750884e-06, 4.0940815893e-07, 2.38824810594e-07, 1.99409591062e-08, 1.62830655626e-08, 1.40151668049e-08, 7.0307812905e-08, 1.09708757634e-08, 1.18503091784e-08, 1.40239544422e-08, 3.95290600252e-09, 2.09456496592e-09, 3.40815242694e-09, 1.85922255369e-09, 1.75167202965e-09, 1.18122189807e-09, 1.11003028991e-09, 9.74292535538e-10, 8.75229000386e-10, 4.91445828477e-10, 3.35658639772e-10, 2.68912392354e-10, 2.20994611499e-10, 1.8654737477e-10, 1.60643123803e-10, 1.32583360957e-10, 1.05073311163e-10, 7.78599892892e-11, 6.3741026346e-11, 6.31820568087e-11, 6.45315953451e-11, 6.0201010843e-11, 5.14592604639e-11, 4.11060178951e-11, 3.24499940807e-11, 2.89149242744e-11, 2.35230550316e-11]
    },
    "mfcc": {
        "mean": [-683.498962402, 122.075874329, 17.6607208252, 24.9471244812, 15.2500638962, 11.984790802, 4.43075799942, 5.97272872925, 0.553376317024, -0.193261042237, -3.72716736794, -2.53968405724, -3.65478372574],
        "cov": [[21609.1210938, -4184.76074219, -1763.34020996, -552.452087402, -724.820007324, -275.874908447, -527.967163086, -263.392211914, -207.758605957, -238.141830444, -342.790100098, -248.013305664, -365.443359375], [-4184.76074219, 3534.83618164, 375.48916626, 360.732421875, 305.232116699, 98.4453582764, 124.267158508, 68.6124191284, -9.52957725525, 6.66227817535, 34.9544563293, 15.1322717667, 98.6997146606], [-1763.34020996, 375.48916626, 1220.12255859, 303.4168396, 380.620025635, 300.306945801, 262.072723389, 182.07522583, 170.101242065, 134.539199829, 120.372787476, 100.61655426, 63.4294052124], [-552.452087402, 360.732421875, 303.4168396, 387.003448486, 214.3152771, 195.231018066, 145.834854126, 100.924980164, 92.2314071655, 89.5180664062, 74.6505203247, 68.4450759888, 42.4156723022], [-724.820007324, 305.232116699, 380.620025635, 214.3152771, 331.368530273, 212.02746582, 172.340637207, 114.016853333, 105.372413635, 82.6807250977, 83.3750991821, 76.0365982056, 56.0923423767], [-275.874908447, 98.4453582764, 300.306945801, 195.231018066, 212.02746582, 243.615402222, 165.100723267, 124.15486145, 110.979431152, 84.8488998413, 82.7002182007, 75.1529846191, 46.5148048401], [-527.967163086, 124.267158508, 262.072723389, 145.834854126, 172.340637207, 165.100723267, 190.72442627, 128.308670044, 101.3853302, 83.9664535522, 77.9158401489, 65.7827224731, 47.8460388184], [-263.392211914, 68.6124191284, 182.07522583, 100.924980164, 114.016853333, 124.15486145, 128.308670044, 145.016296387, 106.866470337, 77.1411972046, 71.6808700562, 58.2681045532, 40.7682991028], [-207.758605957, -9.52957725525, 170.101242065, 92.2314071655, 105.372413635, 110.979431152, 101.3853302, 106.866470337, 140.017288208, 97.1044692993, 76.9718017578, 58.2887954712, 36.9727516174], [-238.141830444, 6.66227817535, 134.539199829, 89.5180664062, 82.6807250977, 84.8488998413, 83.9664535522, 77.1411972046, 97.1044692993, 119.865707397, 82.6285018921, 57.6356887817, 35.8167915344], [-342.790100098, 34.9544563293, 120.372787476, 74.6505203247, 83.3750991821, 82.7002182007, 77.9158401489, 71.6808700562, 76.9718017578, 82.6285018921, 99.2886810303, 69.6198120117, 43.0225448608], [-248.013305664, 15.1322717667, 100.61655426, 68.4450759888, 76.0365982056, 75.1529846191, 65.7827224731, 58.2681045532, 58.2887954712, 57.6356887817, 69.6198120117, 84.6947097778, 52.7793579102], [-365.443359375, 98.6997146606, 63.4294052124, 42.4156723022, 56.0923423767, 46.5148048401, 47.8460388184, 40.7682991028, 36.9727516174, 35.8167915344, 43.0225448608, 52.7793579102, 70.0361099243]],
