{
"lowlevel": {
    "average_loudness": 0.944978296757,
    "barkbands_crest": {
        "dmean": 2.56728887558,
        "dmean2": 3.61721801758,
        "dvar": 6.87919616699,
        "dvar2": 12.269616127,
        "max": 26.6348953247,
        "mean": 11.388384819,
        "median": 9.3803396225,
        "min": 2.40248775482,
        "var": 40.6878890991
    },
    "barkbands_flatness_db": {
        "dmean": 0.0281223412603,
        "dmean2": 0.0352187715471,
        "dvar": 0.000890916562639,
        "dvar2": 0.00126796378754,
        "max": 0.832463085651,
        "mean": 0.14959166944,
        "median": 0.121002629399,
        "min": 0.0191270597279,
        "var": 0.00977944210172
    },
    "barkbands_kurtosis": {
        "dmean": 11.6916856766,
        "dmean2": 15.1367120743,
        "dvar": 1809.30004883,
        "dvar2": 3448.89697266,
        "max": 1284.61804199,
        "mean": 16.7253170013,
        "median": 1.01963591576,
        "min": -1.90666460991,
        "var": 3915.68383789
    },
    "barkbands_skewness": {
        "dmean": 0.898122727871,
        "dmean2": 1.1108751297,
        "dvar": 1.90240466595,
        "dvar2": 2.91943216324,
        "max": 29.5811195374,
        "mean": 2.07477712631,
        "median": 1.13970470428,
        "min": -6.58772087097,
        "var": 8.99781131744
    },
    "barkbands_spread": {
        "dmean": 7.00728845596,
        "dmean2": 9.69832229614,
        "dvar": 72.0833740234,
        "dvar2": 134.620162964,
        "max": 120.732795715,
        "mean": 24.7688140869,
        "median": 21.9486427307,
        "min": 0.0733337849379,
        "var": 296.661712646
    },
    "dissonance": {
        "dmean": 0.0176305565983,
        "dmean2": 0.0294416993856,
        "dvar": 0.000356900942279,
        "dvar2": 0.000933862116653,
        "max": 0.500000119209,
        "mean": 0.468125253916,
        "median": 0.476327121258,
        "min": 0.260304629803,
        "var": 0.000776717090048
    },
    "dynamic_complexity": 2.80024027824,
    "erbbands_crest": {
        "dmean": 2.62266588211,
        "dmean2": 4.08480739594,
        "dvar": 6.68908834457,
        "dvar2": 15.2393789291,
        "max": 31.2643928528,
        "mean": 9.3027305603,
        "median": 7.73412513733,
        "min": 2.26248383522,
        "var": 24.7117767334
    },
    "erbbands_flatness_db": {
        "dmean": 0.0183471236378,
        "dmean2": 0.0263434462249,
        "dvar": 0.000354936782969,
        "dvar2": 0.000690797518473,
        "max": 0.498849481344,
        "mean": 0.156330823898,
        "median": 0.14554028213,
        "min": 0.0400127023458,
        "var": 0.00327399745584
    },
    "erbbands_kurtosis": {
        "dmean": 1.27752590179,
        "dmean2": 1.92927157879,
        "dvar": 12.9173583984,
        "dvar2": 30.0485839844,
        "max": 274.989837646,
        "mean": 1.20258891582,
        "median": -0.0380259752274,
        "min": -1.77473318577,
        "var": 46.8056297302
    },
    "erbbands_skewness": {
        "dmean": 0.394151329994,
        "dmean2": 0.582611322403,
        "dvar": 0.175101786852,
        "dvar2": 0.365416824818,
        "max": 14.426074028,
        "mean": 0.227097153664,
        "median": 0.0318877026439,
        "min": -4.48895454407,
        "var": 1.00904560089
    },
    "erbbands_spread": {
        "dmean": 8.9476852417,
        "dmean2": 12.8663101196,
        "dvar": 114.736999512,
        "dvar2": 237.373565674,
        "max": 156.389511108,
        "mean": 36.9672050476,
        "median": 33.4264755249,
        "min": 1.87761175632,
        "var": 388.695343018
    },
    "hfc": {
        "dmean": 11.5755815506,
        "dmean2": 16.3459968567,
        "dvar": 303.847686768,
        "dvar2": 691.259216309,
        "max": 181.930130005,
        "mean": 25.1007061005,
        "median": 18.9984779358,
        "min": 1.17940748462e-16,
        "var": 547.440551758
    },
    "melbands_crest": {
        "dmean": 3.56454849243,
        "dmean2": 5.32375860214,
        "dvar": 12.7685461044,
        "dvar2": 28.6905765533,
        "max": 39.9151115417,
        "mean": 17.1232738495,
        "median": 14.9787750244,
        "min": 2.08402895927,
        "var": 73.5260391235
    },
    "melbands_flatness_db": {
        "dmean": 0.0348752550781,
        "dmean2": 0.0435513518751,
        "dvar": 0.00135290122125,
        "dvar2": 0.00198321323842,
        "max": 0.962960898876,
        "mean": 0.217401176691,
        "median": 0.188416823745,
        "min": 0.00475208787248,
        "var": 0.0137199014425
    },
    "melbands_kurtosis": {
        "dmean": 35.5956230164,
        "dmean2": 56.9961776733,
        "dvar": 114810.625,
        "dvar2": 402455.71875,
        "max": 21718.1386719,
        "mean": 62.2402191162,
        "median": 5.81747770309,
        "min": -1.68119907379,
        "var": 262606.59375
    },
    "melbands_skewness": {
        "dmean": 1.17902612686,
        "dmean2": 1.59277546406,
        "dvar": 4.9446516037,
        "dvar2": 12.7184228897,
        "max": 98.0545578003,
        "mean": 3.51900839806,
        "median": 2.13218450546,
        "min": -2.35530853271,
        "var": 20.8130016327
    },
    "melbands_spread": {
        "dmean": 8.61702156067,
        "dmean2": 12.4562540054,
        "dvar": 127.474403381,
        "dvar2": 253.57989502,
        "max": 210.098251343,
        "mean": 27.0240764618,
        "median": 23.4902362823,
        "min": 0.00405966024846,
        "var": 450.538635254
    },
    "pitch_salience": {
        "dmean": 0.0782093182206,
        "dmean2": 0.117032401264,
        "dvar": 0.00816164724529,
        "dvar2": 0.0159941315651,
        "max": 0.859508156776,
        "mean": 0.472930282354,
        "median": 0.514966964722,
        "min": 0.00320484279655,
        "var": 0.0342173911631
    },
    "silence_rate_20dB": {
        "dmean": 0,
        "dmean2": 0,
        "dvar": 0,
        "dvar2": 0,
        "max": 1,
        "mean": 1,
        "median": 1,
        "min": 1,
        "var": 0
    },
    "silence_rate_30dB": {
        "dmean": 0.0581425279379,
        "dmean2": 0.116295024753,
        "dvar": 0.0547620952129,
        "dvar2": 0.103467613459,
        "max": 1,
        "mean": 0.921282827854,
        "median": 1,
        "min": 0,
        "var": 0.0725323036313
    },
    "silence_rate_60dB": {
        "dmean": 0.0149215329438,
        "dmean2": 0.0297598633915,
        "dvar": 0.0147000718862,
        "dvar2": 0.031961094588,
        "max": 1,
        "mean": 0.0459612421691,
        "median": 0,
        "min": 0,
        "var": 0.0438423380256
    },
    "spectral_centroid": {
        "dmean": 314.632843018,
        "dmean2": 454.263427734,
        "dvar": 127778.789062,
        "dvar2": 242291.421875,
        "max": 10675.7099609,
        "mean": 1611.66162109,
        "median": 1564.88574219,
        "min": 28.133939743,
        "var": 556451.75
    },
    "spectral_complexity": {
        "dmean": 5.02787065506,
        "dmean2": 7.16003417969,
        "dvar": 34.5788002014,
        "dvar2": 58.4344482422,
        "max": 60,
        "mean": 19.0582237244,
        "median": 18,
        "min": 0,
        "var": 121.599021912
    },
    "spectral_decrease": {
        "dmean": 3.1068216888e-09,
        "dmean2": 3.92177623709e-09,
        "dvar": 1.56239958594e-17,
        "dvar2": 2.28773838322e-17,
        "max": -1.09391749543e-28,
        "mean": -9.65549684651e-09,
        "median": -7.17539361261e-09,
        "min": -4.01618969192e-08,
        "var": 7.42855835676e-17
    },
    "spectral_energy": {
        "dmean": 0.0124055929482,
        "dmean2": 0.0158303659409,
        "dvar": 0.000233756858506,
        "dvar2": 0.000357163022272,
        "max": 0.152563586831,
        "mean": 0.0387189388275,
        "median": 0.0297083128244,
        "min": 1.1110438764e-20,
        "var": 0.00108368799556
    },
    "spectral_energyband_high": {
        "dmean": 0.000869322859216,
        "dmean2": 0.00123810686637,
        "dvar": 2.43548242906e-06,
        "dvar2": 5.35611752639e-06,
        "max": 0.0166935808957,
        "mean": 0.00122293282766,
        "median": 0.000474586180644,
        "min": 7.95433679137e-21,
        "var": 3.62317700819e-06
    },
    "spectral_energyband_low": {
        "dmean": 0.00972435623407,
        "dmean2": 0.0119018778205,
        "dvar": 0.000277282349998,
        "dvar2": 0.000382813333999,
        "max": 0.150744557381,
        "mean": 0.0237937904894,
        "median": 0.0100608849898,
        "min": 4.2341029926e-23,
        "var": 0.00112866784912
    },
    "spectral_energyband_middle_high": {
        "dmean": 0.00290262210183,
        "dmean2": 0.0042530503124,
        "dvar": 1.92824882106e-05,
        "dvar2": 4.54441978945e-05,
        "max": 0.0462031327188,
        "mean": 0.0068621635437,
        "median": 0.00435767322779,
        "min": 1.77468066326e-21,
        "var": 5.09217716171e-05
    },
    "spectral_energyband_middle_low": {
        "dmean": 0.00414304854348,
        "dmean2": 0.00692606205121,
        "dvar": 5.21855763509e-05,
        "dvar2": 0.000136504531838,
        "max": 0.0563506744802,
        "mean": 0.00795740727335,
        "median": 0.0051988651976,
        "min": 4.00402924835e-22,
        "var": 7.31237742002e-05
    },
    "spectral_entropy": {
        "dmean": 0.20385453105,
        "dmean2": 0.287027180195,
        "dvar": 0.0461366213858,
        "dvar2": 0.0860900059342,
        "max": 9.78442382812,
        "mean": 7.5691614151,
        "median": 7.5942401886,
        "min": 4.39824151993,
        "var": 0.254841536283
    },
    "spectral_flux": {
        "dmean": 0.033719997853,
        "dmean2": 0.0473717190325,
        "dvar": 0.00147484336048,
        "dvar2": 0.00235368520953,
        "max": 0.341753989458,
        "mean": 0.0972216948867,
        "median": 0.0793578773737,
        "min": 1.0540606582e-10,
        "var": 0.00462713837624
    },
    "spectral_kurtosis": {
        "dmean": 1.81241285801,
        "dmean2": 2.96384048462,
        "dvar": 9.38177776337,
        "dvar2": 26.039981842,
        "max": 89.6428527832,
        "mean": 4.86029577255,
        "median": 3.93351840973,
        "min": -1.37853288651,
        "var": 24.8345928192
    },
    "spectral_rms": {
        "dmean": 0.000958166026976,
        "dmean2": 0.00122742610984,
        "dvar": 1.06997538296e-06,
        "dvar2": 1.76771027327e-06,
        "max": 0.0122001031414,
        "mean": 0.0056006652303,
        "median": 0.00538365310058,
        "min": 3.29233233558e-12,
        "var": 6.40691814624e-06
    },
    "spectral_rolloff": {
        "dmean": 618.873779297,
        "dmean2": 965.158935547,
        "dvar": 1134871.875,
        "dvar2": 2202571.25,
        "max": 19099.9511719,
        "mean": 1626.88232422,
        "median": 1227.39257812,
        "min": 43.06640625,
        "var": 2564028.5
    },
    "spectral_skewness": {
        "dmean": 0.247583508492,
        "dmean2": 0.383155792952,
        "dvar": 0.0874122306705,
        "dvar2": 0.220910832286,
        "max": 7.43137264252,
        "mean": 1.54852712154,
        "median": 1.45111703873,
        "min": -0.36026340723,
        "var": 0.308056682348
    },
    "spectral_spread": {
        "dmean": 647411.1875,
        "dmean2": 929781.3125,
        "dvar": 827928412160,
        "dvar2": 1.44447071846e+12,
        "max": 39753416,
        "mean": 4688791,
        "median": 4354082,
        "min": 844003.6875,
        "var": 3.32146619187e+12
    },
    "spectral_strongpeak": {
        "dmean": 0.521270036697,
        "dmean2": 0.860455095768,
        "dvar": 0.910431027412,
        "dvar2": 2.18297958374,
        "max": 9.26248836517,
        "mean": 0.965859234333,
        "median": 0.450923502445,
        "min": 0,
        "var": 1.71911811829
    },
    "zerocrossingrate": {
        "dmean": 0.0137751754373,
        "dmean2": 0.0143066402525,
        "dvar": 0.000245057337452,
        "dvar2": 0.000262397486949,
        "max": 0.4970703125,
        "mean": 0.0617359243333,
        "median": 0.05810546875,
        "min": 0.0009765625,
        "var": 0.00171796907671
    },
    "barkbands": {
        "dmean": [0.000683673366439, 0.00874029751867, 0.00470915297046, 0.00150756991934, 0.00117443397176, 0.000348727859091, 0.00102716893889, 0.000783996947575, 0.000510402664077, 0.000706466729753, 0.000505744363181, 0.000547411211301, 0.000396330229705, 0.000479130801978, 0.000392232439481, 0.000417045841459, 0.000372277369024, 0.00023113458883, 0.00032425657264, 0.000308213755488, 0.000177705383976, 0.000125008053146, 0.00014466290304, 0.000156362773851, 0.00011342378275, 4.50585357612e-05, 1.08158083094e-05],
        "dmean2": [0.00101516686846, 0.0100955972448, 0.00811018794775, 0.00274057593197, 0.00201760837808, 0.000549797317944, 0.00166685099248, 0.00124469178263, 0.000769149395637, 0.00106853281613, 0.000752995663788, 0.000871418684255, 0.000622094667051, 0.000675618008245, 0.000654048635624, 0.000660424295347, 0.000592238735408, 0.000360867619747, 0.00050399871543, 0.00047614867799, 0.000273361511063, 0.000181427414645, 0.000221761161811, 0.000219635228859, 0.000157892485731, 6.5603206167e-05, 1.68171227415e-05],
        "dvar": [9.13200381092e-07, 0.000277746294159, 0.000183248877875, 1.65218298207e-05, 5.21164656675e-06, 3.52193268327e-07, 4.33080231232e-06, 3.0456553759e-06, 1.8292319055e-06, 2.20474908019e-06, 1.28019780732e-06, 1.29848638153e-06, 1.04150251445e-06, 1.03311731436e-06, 1.29107900193e-06, 7.39442157283e-07, 3.60748742878e-07, 2.04518045166e-07, 3.73622839334e-07, 4.61916869199e-07, 1.114402437e-07, 5.53084653632e-08, 1.05606069667e-07, 1.25030425124e-07, 8.08317466294e-08, 1.08939373078e-08, 6.90087487154e-10],
        "dvar2": [1.90495165953e-06, 0.000357993762009, 0.000480680289911, 4.79362643091e-05, 1.42631988638e-05, 8.97903589703e-07, 1.08458089016e-05, 6.89768103257e-06, 3.84886470783e-06, 5.00689293403e-06, 2.50033554039e-06, 3.133613518e-06, 2.41102588916e-06, 1.86854015283e-06, 3.44470413438e-06, 1.84202212949e-06, 8.7329760845e-07, 5.03844830746e-07, 8.90008607257e-07, 1.14715135169e-06, 2.70606363983e-07, 1.30058538161e-07, 2.41516914912e-07, 2.29878324376e-07, 1.75702723482e-07, 2.47161864309e-08, 1.63086288918e-09],
        "max": [0.0108410567045, 0.147656366229, 0.0927273929119, 0.0322406589985, 0.024902485311, 0.0154210636392, 0.0371358804405, 0.0333107858896, 0.0402814224362, 0.0295594371855, 0.0292719025165, 0.0287313889712, 0.0266689937562, 0.0131350224838, 0.0135041195899, 0.014156258665, 0.0092799924314, 0.00779844401404, 0.00787339080125, 0.0140787456185, 0.00390031607822, 0.0034107179381, 0.00272253388539, 0.00307583669201, 0.00439284136519, 0.00136719259899, 0.000435369263869],
        "mean": [0.00134511792567, 0.0174700561911, 0.00412625540048, 0.00149579904974, 0.00156990753021, 0.000659508514218, 0.0014566432219, 0.00125474261586, 0.00097079295665, 0.00132424943149, 0.000911168986931, 0.000794793886598, 0.000660582911223, 0.000684168480802, 0.000448300270364, 0.000640737707727, 0.000621541577857, 0.000357279204763, 0.000472365907626, 0.000458649068605, 0.00024726727861, 0.000168159982422, 0.000163479795447, 0.000213785315282, 0.000141727898153, 5.05700882059e-05, 1.11372492029e-05],
        "median": [0.000531752593815, 0.00569241121411, 0.000875912141055, 0.000439806084614, 0.000680793251377, 0.000382664467907, 0.000532884616405, 0.000325530476402, 0.000284583191387, 0.000397421681555, 0.00025121885119, 0.000299233768601, 0.000190156075405, 0.000156618509209, 0.000145900266943, 0.000215794018004, 0.000285344052827, 0.000127004430396, 0.000147536047734, 0.000148011487909, 9.66837105807e-05, 4.90193669975e-05, 3.38680692948e-05, 5.36072693649e-05, 2.70125310635e-05, 7.42016800359e-06, 1.37854442528e-06],
        "min": [1.08293547114e-23, 2.4289683604e-23, 1.31491753303e-23, 6.45525352059e-24, 4.09382017337e-23, 4.52462374014e-23, 7.88197694081e-23, 4.78716706237e-23, 1.52256932601e-22, 5.10422856175e-23, 6.31791062818e-23, 1.57838773526e-22, 1.3199141149e-22, 1.01995890647e-22, 1.6698559679e-22, 1.749724916e-22, 2.68133392544e-22, 1.87070475064e-22, 3.49876598426e-22, 3.26875938784e-22, 4.90632910905e-22, 5.66417629488e-22, 8.81916805624e-22, 7.78801906316e-22, 1.13226616841e-21, 1.805861293e-21, 2.22967806389e-21],
        "var": [3.17533908856e-06, 0.000868646835443, 0.000131311506266, 1.05647104647e-05, 5.43871919945e-06, 7.09135917987e-07, 6.68702205076e-06, 7.52727191866e-06, 7.47454669181e-06, 5.83529390497e-06, 4.47787215307e-06, 2.62051230493e-06, 2.8433753414e-06, 2.21516143029e-06, 1.09177028662e-06, 1.28854833292e-06, 8.22665754185e-07, 3.18658720744e-07, 5.61189551718e-07, 6.36399079212e-07, 1.50332098769e-07, 7.74830581918e-08, 1.20101859125e-07, 1.98587073896e-07, 1.12370280192e-07, 1.36194460154e-08, 8.0324313867e-10]
    },
    "erbbands": {
        "dmean": [0.311462670565, 2.03837585449, 5.16625404358, 4.94523715973, 4.3442530632, 4.02137565613, 2.92460083961, 2.63896036148, 10.3282003403, 16.372133255, 16.9567127228, 12.6937265396, 18.3404636383, 21.8717594147, 18.589635849, 19.6058864594, 18.7318153381, 20.8988494873, 21.7617416382, 20.8428382874, 22.7941513062, 17.8471488953, 13.6303491592, 14.2364387512, 15.7738370895, 15.0485725403, 9.27436828613, 5.66097307205, 4.46749401093, 3.36179018021, 4.6845946312, 3.4712164402, 2.424700737, 1.3279787302, 0.81476777792, 0.255117148161, 0.0733834654093, 0.0151798129082, 0.00192555505782, 0.00010620336252],
        "dmean2": [0.364666819572, 2.42110562325, 8.21688175201, 8.74039745331, 7.81014537811, 6.76970863342, 4.66543531418, 4.17728424072, 16.8931903839, 25.882440567, 26.8868198395, 18.8129367828, 27.5012245178, 33.4708366394, 26.8765163422, 30.4916057587, 29.493221283, 30.6209526062, 33.1270217896, 34.2409820557, 36.049495697, 27.9334373474, 21.1902561188, 21.5696544647, 25.0861740112, 23.5729198456, 14.1813116074, 8.80764198303, 6.59907150269, 4.75441360474, 7.25229215622, 4.88603973389, 3.42759847641, 1.87903940678, 1.1490033865, 0.369933217764, 0.107123062015, 0.0230348799378, 0.00298227416351, 0.000161824078532],
        "dvar": [0.343103319407, 17.386724472, 186.617156982, 169.590240479, 114.850357056, 55.7558097839, 22.4443626404, 25.8969612122, 465.87612915, 1012.70330811, 1540.44299316, 1420.81884766, 1631.35888672, 2420.00976562, 1129.87841797, 1890.54382324, 2281.0847168, 1774.3392334, 2245.88085938, 2726.07177734, 1544.65466309, 905.551086426, 626.954650879, 681.594665527, 1064.63781738, 1053.61962891, 297.547790527, 137.085098267, 71.7061233521, 40.8894538879, 123.070266724, 65.5143127441, 28.5223751068, 10.7881212234, 4.29028749466, 0.373087078333, 0.02968243137, 0.0014079605462, 2.14229021367e-05, 6.84223309122e-08],
        "dvar2": [0.468803107738, 24.5831260681, 450.691253662, 462.736541748, 326.371185303, 147.809555054, 59.0776863098, 65.2826309204, 1189.00756836, 2360.01269531, 3483.95092773, 2993.03442383, 3722.09204102, 5419.97412109, 2236.15087891, 4337.61230469, 5367.30273438, 3767.19238281, 5514.71289062, 7218.08447266, 3798.51245117, 2147.76391602, 1496.2244873, 1566.41540527, 2689.38525391, 2672.03540039, 707.929931641, 343.895965576, 171.27684021, 90.9771957397, 279.635864258, 131.536636353, 54.2434082031, 21.6612377167, 9.07401657104, 0.85934484005, 0.0659190863371, 0.00317201041616, 5.10697464051e-05, 1.63805637499e-07],
        "max": [5.46279859543, 35.6445541382, 95.3078079224, 98.4992523193, 81.8677368164, 134.183273315, 78.9848175049, 174.836624146, 338.828216553, 557.345153809, 894.661132812, 1248.28686523, 971.534912109, 1078.76904297, 673.168212891, 1461.37475586, 1362.14282227, 614.557617188, 498.427642822, 689.520629883, 856.089904785, 461.721496582, 469.802398682, 372.470489502, 496.071899414, 533.356567383, 272.426086426, 146.484298706, 133.427398682, 63.7639923096, 100.766845703, 70.6770324707, 58.0025634766, 64.0771408081, 23.5113162994, 7.44751834869, 2.8872218132, 0.841370165348, 0.0724230930209, 0.00667543243617],
        "mean": [0.632489562035, 3.34940576553, 5.3660197258, 5.08692932129, 4.69119358063, 5.61645650864, 5.66269731522, 4.75817680359, 14.7577991486, 26.1733570099, 27.3649787903, 25.9510993958, 35.3888511658, 44.7954444885, 32.4670181274, 33.560382843, 32.7122306824, 31.5130577087, 28.0385684967, 26.8541126251, 39.1892089844, 30.5659923553, 23.6722316742, 22.9727954865, 22.0408782959, 21.3624000549, 13.9588336945, 7.56462287903, 6.04014825821, 4.49397134781, 5.17311620712, 4.49235153198, 3.34953260422, 1.79040956497, 0.971255123615, 0.291449695826, 0.0806903168559, 0.0163079034537, 0.00197911355644, 0.000141215889016],
        "median": [0.172113016248, 1.02915334702, 1.50758230686, 1.81214952469, 1.4052708149, 2.09602499008, 3.21965408325, 2.72805762291, 5.8432636261, 9.68889808655, 8.17212104797, 8.30608081818, 13.2295646667, 11.2656097412, 11.1652956009, 15.1002216339, 11.4343366623, 11.413066864, 8.3478717804, 11.0007600784, 17.4557113647, 13.9684753418, 8.83148956299, 7.16503047943, 7.78832244873, 7.05743694305, 5.40202903748, 2.86380624771, 1.88702845573, 1.15888762474, 1.04236984253, 1.01887774467, 0.873079538345, 0.37435978651, 0.14637953043, 0.0428382605314, 0.0113810859621, 0.00244767195545, 0.000257003557635, 6.00996572757e-05],
        "min": [6.38770437102e-22, 5.7471155906e-21, 1.43495092139e-20, 1.89134039267e-20, 1.11429991456e-19, 6.36798596849e-20, 2.66106200257e-19, 5.10982965189e-19, 1.31943982759e-18, 7.24892698776e-19, 1.24868910524e-18, 3.53819103753e-18, 2.7214240085e-18, 1.27193846393e-18, 3.43869713307e-18, 7.77073898793e-18, 5.84351238544e-18, 4.7559419335e-18, 7.15143878948e-18, 8.71477954153e-18, 1.11112822491e-17, 1.45517133596e-17, 9.56466791625e-18, 1.69241566919e-17, 1.54189080071e-17, 1.67979338935e-17, 2.29026922502e-17, 1.63542226324e-17, 1.89682953478e-17, 2.6224616503e-17, 2.51160373179e-17, 1.50260749711e-17, 1.47318087769e-17, 1.18483026565e-17, 8.13207050465e-18, 4.67577779239e-18, 4.10468361209e-18, 1.64615580022e-18, 3.05533764154e-19, 3.01933266668e-20],
        "var": [1.14638578892, 40.7549552917, 170.016540527, 120.966415405, 82.4468154907, 77.7634658813, 50.6599960327, 47.5278625488, 636.758911133, 2440.64526367, 3738.34301758, 6225.77929688, 4096.88867188, 9968.05859375, 2835.50805664, 5006.85644531, 6312.10986328, 3275.17944336, 2872.11962891, 2491.73291016, 3450.95996094, 1987.50390625, 1202.44165039, 1305.24194336, 1333.31555176, 1367.87548828, 436.75201416, 164.827392578, 98.0027236938, 60.2928962708, 136.017623901, 95.8765869141, 44.8115844727, 16.3983802795, 5.88445711136, 0.467634260654, 0.0367313846946, 0.00178152020089, 2.42377027462e-05, 7.91747822859e-08]
    },
    "gfcc": {
        "mean": [-1.56882846355, 81.5636978149, -119.960952759, 29.4748191833, -48.0236167908, 17.5247631073, -25.4256801605, 16.1581478119, -16.32330513, 3.32012534142, -9.02243614197, -1.82680439949, -5.35028982162],
        "cov": [[10878.5683594, -1822.32958984, 559.182617188, 746.841247559, -309.128326416, 603.285095215, -459.954498291, 482.425598145, -401.585113525, 322.628387451, -256.880828857, 181.578445435, -339.031097412], [-1822.32958984, 1809.52416992, -69.6344299316, 91.8521575928, 388.654449463, -171.150512695, 235.922805786, -136.110122681, 221.223175049, -174.45223999, 118.199424744, -165.63079834, 122.348503113], [559.182617188, -69.6344299316, 1745.92663574, 426.027709961, 400.159332275, 491.013671875, 175.763031006, 317.110443115, 132.389572144, 193.976486206, -19.9055938721, 93.9145202637, -76.5825271606], [746.841247559, 91.8521575928, 426.027709961, 632.438415527, 357.603393555, 193.613418579, 145.450134277, 153.150482178, 109.970680237, 82.3586578369, 19.6604118347, 13.9198665619, -13.3947410583], [-309.128326416, 388.654449463, 400.159332275, 357.603393555, 625.889587402, 165.45930481, 241.167007446, 96.4154663086, 151.518249512, 73.8313369751, 70.7058181763, 9.58588027954, 3.59348344803], [603.285095215, -171.150512695, 491.013671875, 193.613418579, 165.45930481, 409.60458374, 125.910072327, 148.467987061, 41.6187210083, 114.171524048, 42.2603607178, 58.7355728149, -20.3488063812], [-459.954498291, 235.922805786, 175.763031006, 145.450134277, 241.167007446, 125.910072327, 281.350128174, 62.5889015198, 99.046333313, 51.6118850708, 70.782585144, 4.31309986115, 33.6765441895], [482.425598145, -136.110122681, 317.110443115, 153.150482178, 96.4154663086, 148.467987061, 62.5889015198, 246.170028687, 64.0300598145, 97.2740020752, 24.7804412842, 52.5998802185, 17.559633255], [-401.585113525, 221.223175049, 132.389572144, 109.970680237, 151.518249512, 41.6187210083, 99.046333313, 64.0300598145, 190.952453613, 30.2939605713, 46.6749916077, 17.5200099945, 37.3025474548], [322.628387451, -174.45223999, 193.976486206, 82.3586578369, 73.8313369751, 114.171524048, 51.6118850708, 97.2740020752, 30.2939605713, 163.873550415, 42.4827156067, 54.4829673767, -8.48249816895], [-256.880828857, 118.199424744, -19.9055938721, 19.6604118347, 70.7058181763, 42.2603607178, 70.782585144, 24.7804412842, 46.6749916077, 42.4827156067, 129.620254517, 18.7554206848, 43.2917556763], [181.578445435, -165.63079834, 93.9145202637, 13.9198665619, 9.58588027954, 58.7355728149, 4.31309986115, 52.5998802185, 17.5200099945, 54.4829673767, 18.7554206848, 123.915550232, 8.09692287445], [-339.031097412, 122.348503113, -76.5825271606, -13.3947410583, 3.59348344803, -20.3488063812, 33.6765441895, 17.559633255, 37.3025474548, -8.48249816895, 43.2917556763, 8.09692287445, 100.381065369]],
        "icov": [[0.00018655556778, -1.94020212803e-05, 0.000106623476313, -0.000302633648971, 0.00012409730698, -0.000260993430857, 0.000320272927638, -0.000330167618813, 0.000340916943969, -0.000194248277694, 0.000188937061466, -0.000118741932965, 0.000372640759451], [-1.94020212803e-05, 0.00127906096168, -0.000246076117037, 0.00010086678958, -0.000605180684943, 0.000597723061219, -0.000468817102956, 0.000651815033052, -0.000945057894569, 0.00123255548533, -0.000946868443862, 0.00120668276213, -0.000846310693305], [0.000106623476313, -0.000246076117037, 0.00122870167252, -0.000245921779424, -0.000179373077117, -0.00115452101454, 0.000349469541106, -0.000971902161837, 2.5732890208e-05, -0.000545268238056, 0.00105507718399, -0.00041044151294, 0.000912219227757], [-0.000302633648971, 0.00010086678958, -0.000245921779424, 0.0032259915024, -0.00149756565224, 1.19839260151e-05, -0.00045837846119, -0.000332113413606, -0.000984673155472, 0.000259561900748, 0.000208795710932, 0.000688488187734, -0.000392032117816], [0.00012409730698, -0.000605180684943, -0.000179373077117, -0.00149756565224, 0.00379277998582, -0.000220598623855, -0.0014024869306, -2.73403438769e-05, -0.000319883460179, -0.000644552928861, -0.000272438745014, -0.000532684207428, 0.00133974209893], [-0.000260993430857, 0.000597723061219, -0.00115452101454, 1.19839260151e-05, -0.000220598623855, 0.00540312426165, -0.00198972132057, -0.000198907029699, 7.26013677195e-05, 9.54475981416e-05, -0.00183083221782, -0.00011668917432, 9.63794882409e-05], [0.000320272927638, -0.000468817102956, 0.000349469541106, -0.00045837846119, -0.0014024869306, -0.00198972132057, 0.00728071061894, -0.000573058146983, -0.000391088658944, -0.00119307392742, -0.00061049911892, 0.000441296928329, -0.000564701971598], [-0.000330167618813, 0.000651815033052, -0.000971902161837, -0.000332113413606, -2.73403438769e-05, -0.000198907029699, -0.000573058146983, 0.00823881290853, -0.00204110937193, -0.00165263970848, -0.000151558662765, 1.83253393971e-06, -0.00329962326214], [0.000340916943969, -0.000945057894569, 2.5732890208e-05, -0.000984673155472, -0.000319883460179, 7.26013677195e-05, -0.000391088658944, -0.00204110937193, 0.00916623882949, -0.000940076482948, -0.000111139561341, -0.00162788981106, -0.000600495084655], [-0.000194248277694, 0.00123255548533, -0.000545268238056, 0.000259561900748, -0.000644552928861, 9.54475981416e-05, -0.00119307392742, -0.00165263970848, -0.000940076482948, 0.01166836638, -0.00409659789875, -0.00140545330942, 0.00140754552558], [0.000188937061466, -0.000946868443862, 0.00105507718399, 0.000208795710932, -0.000272438745014, -0.00183083221782, -0.00061049911892, -0.000151558662765, -0.000111139561341, -0.00409659789875, 0.0128464251757, -0.00130656699184, -0.00324486941099], [-0.000118741932965, 0.00120668276213, -0.00041044151294, 0.000688488187734, -0.000532684207428, -0.00011668917432, 0.000441296928329, 1.83253393971e-06, -0.00162788981106, -0.00140545330942, -0.00130656699184, 0.0113549092785, -0.00211226055399], [0.000372640759451, -0.000846310693305, 0.000912219227757, -0.000392032117816, 0.00133974209893, 9.63794882409e-05, -0.000564701971598, -0.00329962326214, -0.000600495084655, 0.00140754552558, -0.00324486941099, -0.00211226055399, 0.0155458915979]]
    },
    "melbands": {
        "dmean": [0.00255013606511, 0.00229259487242, 0.000823480717372, 0.000300619984046, 0.000110416454845, 6.23973246547e-05, 0.000182808551472, 0.000173749242094, 0.000131758803036, 8.0036566942e-05, 9.34525451157e-05, 9.12086834433e-05, 5.88176735619e-05, 5.96777135797e-05, 4.69884471386e-05, 3.97045914724e-05, 4.47747115686e-05, 4.04745769629e-05, 3.00245301332e-05, 3.09729148285e-05, 2.6825335226e-05, 2.08292603929e-05, 1.65852179634e-05, 9.83363042906e-06, 1.24221169244e-05, 1.23564850583e-05, 1.14518097689e-05, 1.02847425296e-05, 6.54184032101e-06, 4.13842644775e-06, 3.30145508087e-06, 2.60022375187e-06, 2.38018174059e-06, 1.6902021116e-06, 2.63981451099e-06, 2.62826961261e-06, 2.10335747397e-06, 1.67646931004e-06, 1.51508493218e-06, 1.02497881471e-06],
        "dmean2": [0.00295833661221, 0.00308578158729, 0.00143311114516, 0.000524292991031, 0.000178693808266, 9.87928651739e-05, 0.000297537131701, 0.000273682206171, 0.000208344179555, 0.000118327669043, 0.000140038479003, 0.000140392308822, 8.58550338307e-05, 9.07135981834e-05, 7.2865455877e-05, 6.26523251412e-05, 6.49500289001e-05, 6.05886125413e-05, 5.03125156683e-05, 4.9253772886e-05, 4.25251673732e-05, 3.30055190716e-05, 2.6314653951e-05, 1.55526340677e-05, 1.88144022104e-05, 1.95088523469e-05, 1.82448202395e-05, 1.63512195286e-05, 1.01170689959e-05, 6.41372571408e-06, 5.32336207471e-06, 3.92550009565e-06, 3.5534599192e-06, 2.4647522423e-06, 4.13072120864e-06, 4.04374850405e-06, 2.87873854177e-06, 2.3873092232e-06, 2.20080028157e-06, 1.55167731464e-06],
        "dvar": [2.30455443671e-05, 2.62712474068e-05, 4.33418517787e-06, 3.91463572669e-07, 3.01977109984e-08, 1.47956340513e-08, 1.39945981914e-07, 1.16041427134e-07, 9.28403167677e-08, 5.80954768736e-08, 4.35211724437e-08, 4.20173371651e-08, 1.26660886224e-08, 1.37970497249e-08, 1.62150595173e-08, 1.01150741116e-08, 9.25946519459e-09, 7.71069963434e-09, 7.62105312191e-09, 5.21917575824e-09, 1.94346694293e-09, 1.22713106343e-09, 1.15641440868e-09, 3.63056668062e-10, 5.51326484466e-10, 5.69305713682e-10, 7.08834657637e-10, 5.2678517104e-10, 1.49733669907e-10, 6.82315454137e-11, 6.2321085792e-11, 2.60227187021e-11, 2.25833553247e-11, 1.16349681625e-11, 3.68434519005e-11, 4.52680878893e-11, 2.33481550066e-11, 1.24940344529e-11, 1.35389043726e-11, 6.89983443644e-12],
        "dvar2": [3.06102556351e-05, 4.95003223477e-05, 1.1489476492e-05, 1.08792539777e-06, 7.78286022296e-08, 3.74348445575e-08, 3.53264283603e-07, 2.6500819672e-07, 2.0850778526e-07, 1.22162305161e-07, 9.94351267991e-08, 9.49679233031e-08, 2.42909585779e-08, 3.09857632885e-08, 3.88120113826e-08, 2.29704220089e-08, 1.86179693884e-08, 1.74719616552e-08, 2.03067198612e-08, 1.30424124833e-08, 4.7811239412e-09, 2.96664692812e-09, 2.84224199731e-09, 8.9185414609e-10, 1.27188970467e-09, 1.36230793313e-09, 1.76952585917e-09, 1.35217637087e-09, 3.58232415953e-10, 1.60887442258e-10, 1.6605977704e-10, 6.20708415222e-11, 5.38986875964e-11, 2.60388707124e-11, 8.48031853073e-11, 1.01560392041e-10, 4.53746311357e-11, 2.54117317466e-11, 2.33226667146e-11, 1.50587962239e-11],
        "max": [0.0430507771671, 0.0395149067044, 0.015384780243, 0.00653292285278, 0.0029125676956, 0.00369545840658, 0.00558520853519, 0.00631590560079, 0.00666689733043, 0.00811590347439, 0.00503597548231, 0.00397872226313, 0.00199468573555, 0.0031890028622, 0.00353826512583, 0.00254570017569, 0.00140147656202, 0.000882399908733, 0.00106290157419, 0.00137936801184, 0.000875028199516, 0.000544088718016, 0.000569928903133, 0.000263015535893, 0.00033520674333, 0.000391453795601, 0.000548219133634, 0.000348850240698, 0.000224578223424, 0.000124785787193, 9.39989622566e-05, 7.80955379014e-05, 7.54001812311e-05, 4.30016443715e-05, 6.09842718404e-05, 5.98300612182e-05, 4.41053671238e-05, 4.50368061138e-05, 4.54436740256e-05, 5.54611906409e-05],
        "mean": [0.00520571507514, 0.00342811550945, 0.000881254498381, 0.00036673239083, 0.000207641060115, 0.000110916364065, 0.000261245091679, 0.000284623296466, 0.000206043754588, 0.000162270618603, 0.000172633532202, 0.000178140122443, 0.000104847582406, 9.34566924116e-05, 7.92337887106e-05, 6.26344917691e-05, 6.28135749139e-05, 4.93545921927e-05, 3.35323165928e-05, 4.47833117505e-05, 4.45493569714e-05, 3.30852490151e-05, 2.79843116004e-05, 1.49516745296e-05, 1.93230298464e-05, 1.61391581059e-05, 1.57418035087e-05, 1.38641016747e-05, 9.78532352747e-06, 5.85120506003e-06, 3.94814924221e-06, 3.42537259712e-06, 3.16121872856e-06, 2.16109765461e-06, 2.88963974526e-06, 2.87960278911e-06, 2.83533540824e-06, 2.35563288697e-06, 2.01874104278e-06, 1.34626668569e-06],
        "median": [0.00166197260842, 0.0012402983848, 0.000318559206789, 0.000133760971949, 0.000122947967611, 6.23254163656e-05, 0.000100521574495, 0.00010459976329, 5.90410127188e-05, 4.83684125356e-05, 5.84994777455e-05, 3.65853484254e-05, 3.3009564504e-05, 3.49076035491e-05, 2.77200888377e-05, 1.81483464985e-05, 1.7763224605e-05, 1.10636092359e-05, 1.05914223241e-05, 1.5748621081e-05, 2.05303567782e-05, 1.49672396219e-05, 8.3914201241e-06, 5.4449064919e-06, 5.26230815012e-06, 5.2828772823e-06, 4.89279955218e-06, 4.31785974797e-06, 3.53926157004e-06, 2.26889005717e-06, 1.31772821987e-06, 1.10219093585e-06, 7.41690655559e-07, 5.48385969523e-07, 5.79902689424e-07, 5.22511186318e-07, 6.19394427304e-07, 6.48284355975e-07, 4.11825567426e-07, 2.54110489095e-07],
        "min": [6.81118440558e-24, 7.88287718887e-24, 6.51201521816e-24, 5.68945930267e-24, 8.36028949783e-24, 1.22602363752e-23, 1.7728882072e-23, 7.35437666998e-24, 1.1414190943e-23, 2.40658790321e-23, 1.29226815315e-23, 4.3998630214e-24, 9.7237345983e-24, 1.75249063078e-23, 2.39800777868e-23, 6.72743735416e-24, 9.0204832451e-24, 9.7729713517e-24, 1.4061772224e-23, 1.24528036331e-23, 1.33553914596e-23, 1.797024511e-23, 8.5243283899e-24, 8.81831318345e-24, 1.44151377333e-23, 1.16284637086e-23, 1.05425075313e-23, 1.09146258421e-23, 1.35341962501e-23, 1.23943624506e-23, 8.76183468694e-24, 9.94449811149e-24, 1.18636160447e-23, 1.63370537562e-23, 1.60401596436e-23, 9.65873167085e-24, 8.53099978658e-24, 1.03653254277e-23, 1.03991344284e-23, 9.24565412416e-24],
        "var": [7.49764221837e-05, 4.34642461187e-05, 3.29505223817e-06, 3.60191648952e-07, 6.38722781332e-08, 2.48259865998e-08, 2.04866566378e-07, 2.95742978551e-07, 2.21937739298e-07, 2.61206736241e-07, 1.05150938623e-07, 1.62875167575e-07, 3.7613553161e-08, 3.06004253048e-08, 3.84449450053e-08, 2.48987728213e-08, 1.69243232762e-08, 1.09386837366e-08, 6.43191722105e-09, 6.98041979774e-09, 4.43192771371e-09, 2.20658358252e-09, 2.62160648745e-09, 5.38765698721e-10, 1.06303488234e-09, 7.53500595252e-10, 8.81327177904e-10, 6.21967977121e-10, 2.25508126062e-10, 9.62549276395e-11, 5.94001514642e-11, 3.3083848161e-11, 3.16817856671e-11, 1.55802228757e-11, 4.02906354113e-11, 5.03940777996e-11, 3.74382747026e-11, 1.94658664188e-11, 2.11401712108e-11, 9.80863393979e-12]
    },
    "mfcc": {
        "mean": [-642.773803711, 111.762489319, -6.8104763031, 19.0174484253, 5.50293254852, 3.33344817162, 7.93614339828, 7.02216529846, 7.15699768066, 6.57876729965, -1.28458344936, 8.60940361023, 3.98895454407],
        "cov": [[8050.68457031, -1046.13562012, 195.486343384, 160.238525391, 46.5809326172, 35.2035675049, -2.83186006546, 5.49939680099, -152.507278442, 105.932487488, -49.4755058289, -60.6441764832, -61.2071533203], [-1046.13562012, 1388.99499512, -34.6496620178, 173.549377441, 142.831848145, 55.0498924255, 51.6034469604, 43.0046234131, 79.5797348022, 41.9402351379, 8.45617771149, 26.1522064209, 10.3574953079], [195.486343384, -34.6496620178, 1118.77697754, 177.43069458, 305.038146973, 238.926940918, 164.587936401, 202.711303711, 176.564376831, 118.447471619, 183.94670105, 69.4932937622, 84.8603439331], [160.238525391, 173.549377441, 177.43069458, 592.919494629, 288.989868164, 198.212112427, 143.237167358, 146.951522827, 137.897109985, 130.870681763, 98.5830764771, 82.8028488159, 56.6439857483], [46.5809326172, 142.831848145, 305.038146973, 288.989868164, 403.954193115, 198.484191895, 135.635955811, 150.722854614, 123.981292725, 109.724990845, 101.284957886, 80.758605957, 69.4815826416], [35.2035675049, 55.0498924255, 238.926940918, 198.212112427, 198.484191895, 348.50177002, 164.881362915, 139.990829468, 86.6360015869, 101.527259827, 113.655174255, 49.3575286865, 68.9118728638], [-2.83186006546, 51.6034469604, 164.587936401, 143.237167358, 135.635955811, 164.881362915, 266.374267578, 104.51473999, 73.602432251, 102.70349884, 81.9052429199, 55.1583480835, 47.3833999634], [5.49939680099, 43.0046234131, 202.711303711, 146.951522827, 150.722854614, 139.990829468, 104.51473999, 193.628677368, 108.040412903, 66.1204605103, 76.1209716797, 62.8546638489, 55.0942726135], [-152.507278442, 79.5797348022, 176.564376831, 137.897109985, 123.981292725, 86.6360015869, 73.602432251, 108.040412903, 174.114608765, 75.5240859985, 70.353225708, 59.0215148926, 39.1245307922], [105.932487488, 41.9402351379, 118.447471619, 130.870681763, 109.724990845, 101.527259827, 102.70349884, 66.1204605103, 75.5240859985, 151.143768311, 77.111000061, 36.8569526672, 41.5359382629], [-49.4755058289, 8.45617771149, 183.94670105, 98.5830764771, 101.284957886, 113.655174255, 81.9052429199, 76.1209716797, 70.353225708, 77.111000061, 140.847366333, 55.1492042542, 49.0976371765], [-60.6441764832, 26.1522064209, 69.4932937622, 82.8028488159, 80.758605957, 49.3575286865, 55.1583480835, 62.8546638489, 59.0215148926, 36.8569526672, 55.1492042542, 122.365242004, 48.640586853], [-61.2071533203, 10.3574953079, 84.8603439331, 56.6439857483, 69.4815826416, 68.9118728638, 47.3833999634, 55.0942726135, 39.1245307922, 41.5359382629, 49.0976371765, 48.640586853, 94.9601745605]],
