{
"lowlevel": {
    "average_loudness": 0.464954644442,
    "barkbands_crest": {
        "dmean": 2.32567238808,
        "dmean2": 3.63716578484,
        "dvar": 5.56328964233,
        "dvar2": 13.4047641754,
        "max": 26.9298744202,
        "mean": 15.5587739944,
        "median": 15.1040315628,
        "min": 3.72303795815,
        "var": 25.2800254822
    },
    "barkbands_flatness_db": {
        "dmean": 0.031887549907,
        "dmean2": 0.0467438586056,
        "dvar": 0.00107772450428,
        "dvar2": 0.00243841973133,
        "max": 0.755125284195,
        "mean": 0.308397740126,
        "median": 0.300146520138,
        "min": 0.0338477939367,
        "var": 0.0126671893522
    },
    "barkbands_kurtosis": {
        "dmean": 12.7998447418,
        "dmean2": 18.9958820343,
        "dvar": 759.233764648,
        "dvar2": 1560.14941406,
        "max": 1379.1907959,
        "mean": 29.4679965973,
        "median": 14.3432292938,
        "min": -1.91597723961,
        "var": 2447.41333008
    },
    "barkbands_skewness": {
        "dmean": 0.901308119297,
        "dmean2": 1.35026693344,
        "dvar": 1.10634934902,
        "dvar2": 2.34170460701,
        "max": 26.8901786804,
        "mean": 3.32461118698,
        "median": 2.91468071938,
        "min": -4.77936601639,
        "var": 7.68304014206
    },
    "barkbands_spread": {
        "dmean": 2.99917674065,
        "dmean2": 4.65692520142,
        "dvar": 37.2769966125,
        "dvar2": 83.8168640137,
        "max": 103.00945282,
        "mean": 6.67250919342,
        "median": 3.99559831619,
        "min": 0.0238436833024,
        "var": 73.8343353271
    },
    "dissonance": {
        "dmean": 0.0399194769561,
        "dmean2": 0.0655662193894,
        "dvar": 0.00175691372715,
        "dvar2": 0.00469779036939,
        "max": 0.5,
        "mean": 0.375556945801,
        "median": 0.391900897026,
        "min": 0.0408449918032,
        "var": 0.00696194265038
    },
    "dynamic_complexity": 4.41819906235,
    "erbbands_crest": {
        "dmean": 2.4125316143,
        "dmean2": 3.64601206779,
        "dvar": 6.77172136307,
        "dvar2": 14.7623901367,
        "max": 34.3926506042,
        "mean": 17.3076839447,
        "median": 16.0803871155,
        "min": 2.79278206825,
        "var": 55.9874382019
    },
    "erbbands_flatness_db": {
        "dmean": 0.0234199501574,
        "dmean2": 0.032214589417,
        "dvar": 0.000595047313254,
        "dvar2": 0.00109845108818,
        "max": 0.698606610298,
        "mean": 0.280893415213,
        "median": 0.268211513758,
        "min": 0.0402413234115,
        "var": 0.0160237234086
    },
    "erbbands_kurtosis": {
        "dmean": 5.97769165039,
        "dmean2": 8.69530391693,
        "dvar": 199.904663086,
        "dvar2": 404.202301025,
        "max": 413.834472656,
        "mean": 14.8305530548,
        "median": 3.84897279739,
        "min": -1.8430826664,
        "var": 1058.07958984
    },
    "erbbands_skewness": {
        "dmean": 0.634164214134,
        "dmean2": 0.926156520844,
        "dvar": 0.54509973526,
        "dvar2": 1.12648165226,
        "max": 15.5109796524,
        "mean": 1.84123563766,
        "median": 1.48679208755,
        "min": -5.66545915604,
        "var": 4.95583438873
    },
    "erbbands_spread": {
        "dmean": 6.47184419632,
        "dmean2": 9.47518062592,
        "dvar": 129.18031311,
        "dvar2": 272.227935791,
        "max": 176.030517578,
        "mean": 20.5318698883,
        "median": 14.7425041199,
        "min": 0.170622944832,
        "var": 452.532592773
    },
    "hfc": {
        "dmean": 4.29976797104,
        "dmean2": 6.65120077133,
        "dvar": 82.9841308594,
        "dvar2": 203.792556763,
        "max": 112.30380249,
        "mean": 11.3276166916,
        "median": 6.21934127808,
        "min": 1.10130105454e-16,
        "var": 173.042404175
    },
    "melbands_crest": {
        "dmean": 2.77452635765,
        "dmean2": 4.32463693619,
        "dvar": 7.98602104187,
        "dvar2": 18.9743022919,
        "max": 36.144405365,
        "mean": 20.2926177979,
        "median": 19.8692646027,
        "min": 1.82641351223,
        "var": 35.8797645569
    },
    "melbands_flatness_db": {
        "dmean": 0.034652851522,
        "dmean2": 0.0508469752967,
        "dvar": 0.00135525409132,
        "dvar2": 0.00312120327726,
        "max": 0.825677335262,
        "mean": 0.3951369524,
        "median": 0.388579636812,
        "min": 0.00334783596918,
        "var": 0.0122986426577
    },
    "melbands_kurtosis": {
        "dmean": 14.754322052,
        "dmean2": 22.4910793304,
        "dvar": 800.039428711,
        "dvar2": 1774.78369141,
        "max": 916.665588379,
        "mean": 37.11510849,
        "median": 17.4512519836,
        "min": -1.91800749302,
        "var": 3753.3190918
    },
    "melbands_skewness": {
        "dmean": 0.898321986198,
        "dmean2": 1.35732638836,
        "dvar": 1.06178998947,
        "dvar2": 2.41893768311,
        "max": 23.1523761749,
        "mean": 3.24258112907,
        "median": 2.87259602547,
        "min": -3.89734005928,
        "var": 7.77452659607
    },
    "melbands_spread": {
        "dmean": 2.00049543381,
        "dmean2": 3.169454813,
        "dvar": 19.6109828949,
        "dvar2": 45.4779052734,
        "max": 164.262237549,
        "mean": 5.51770305634,
        "median": 4.03127384186,
        "min": 0.128102451563,
        "var": 45.7921257019
    },
    "pitch_salience": {
        "dmean": 0.0618117079139,
        "dmean2": 0.0967531576753,
        "dvar": 0.00403496203944,
        "dvar2": 0.0102860955521,
        "max": 0.88668525219,
        "mean": 0.41194164753,
        "median": 0.425747662783,
        "min": 0.0135371712968,
        "var": 0.0196368675679
    },
    "silence_rate_20dB": {
        "dmean": 0,
        "dmean2": 0,
        "dvar": 0,
        "dvar2": 0,
        "max": 1,
        "mean": 1,
        "median": 1,
        "min": 1,
        "var": 0
    },
    "silence_rate_30dB": {
        "dmean": 0.037017930299,
        "dmean2": 0.0740406289697,
        "dvar": 0.0356418043375,
        "dvar2": 0.0746284797788,
        "max": 1,
        "mean": 0.947636544704,
        "median": 1,
        "min": 0,
        "var": 0.0496240369976
    },
    "silence_rate_60dB": {
        "dmean": 0.0263123959303,
        "dmean2": 0.0526281856,
        "dvar": 0.0256198290735,
        "dvar2": 0.0593964532018,
        "max": 1,
        "mean": 0.100986652076,
        "median": 0,
        "min": 0,
        "var": 0.0907922238111
    },
    "spectral_centroid": {
        "dmean": 82.4321670532,
        "dmean2": 128.34475708,
        "dvar": 38970.3320312,
        "dvar2": 82686.1640625,
        "max": 11465.5859375,
        "mean": 499.245239258,
        "median": 438.643493652,
        "min": 128.660140991,
        "var": 159000.1875
    },
    "spectral_complexity": {
        "dmean": 1.70746803284,
        "dmean2": 2.68887448311,
        "dvar": 10.9796638489,
        "dvar2": 22.2092647552,
        "max": 51,
        "mean": 6.36918830872,
        "median": 5,
        "min": 0,
        "var": 23.3911762238
    },
    "spectral_decrease": {
        "dmean": 3.30572014207e-09,
        "dmean2": 5.45376988015e-09,
        "dvar": 7.51681323416e-17,
        "dvar2": 2.05419465753e-16,
        "max": 2.50748715729e-23,
        "mean": -7.71375585629e-09,
        "median": -4.79741757431e-09,
        "min": -1.07652965653e-07,
        "var": 1.03802187003e-16
    },
    "spectral_energy": {
        "dmean": 0.0127520319074,
        "dmean2": 0.0210078004748,
        "dvar": 0.00110291922465,
        "dvar2": 0.0030121889431,
        "max": 0.410287827253,
        "mean": 0.0301409494132,
        "median": 0.0188305601478,
        "min": 1.0380856578e-20,
        "var": 0.00154083454981
    },
    "spectral_energyband_high": {
        "dmean": 0.000170021579834,
        "dmean2": 0.000268020899966,
        "dvar": 3.86786865647e-07,
        "dvar2": 9.25398524032e-07,
        "max": 0.010583630763,
        "mean": 0.00018721370725,
        "median": 9.7385063782e-06,
        "min": 7.27786945578e-21,
        "var": 3.94714476215e-07
    },
    "spectral_energyband_low": {
        "dmean": 0.00904993526638,
        "dmean2": 0.0155846215785,
        "dvar": 0.000936782744247,
        "dvar2": 0.00254078372382,
        "max": 0.37816593051,
        "mean": 0.0123395454139,
        "median": 0.000665647094138,
        "min": 3.92212649062e-23,
        "var": 0.00105561013333
    },
    "spectral_energyband_middle_high": {
        "dmean": 0.000753442407586,
        "dmean2": 0.00122613739222,
        "dvar": 7.1943381954e-06,
        "dvar2": 1.90122973436e-05,
        "max": 0.0502742342651,
        "mean": 0.00167840416543,
        "median": 0.000291275850032,
        "min": 1.32129763809e-21,
        "var": 1.8179678591e-05
    },
    "spectral_energyband_middle_low": {
        "dmean": 0.00544537557289,
        "dmean2": 0.0084069846198,
        "dvar": 8.54773024912e-05,
        "dvar2": 0.000229171520914,
        "max": 0.14632691443,
        "mean": 0.0180861409754,
        "median": 0.0127745354548,
        "min": 2.0004933217e-22,
        "var": 0.000320751860272
    },
    "spectral_entropy": {
        "dmean": 0.304130196571,
        "dmean2": 0.439476341009,
        "dvar": 0.103692099452,
        "dvar2": 0.21763984859,
        "max": 9.81229686737,
        "mean": 6.09151601791,
        "median": 6.09890317917,
        "min": 2.57795858383,
        "var": 1.06176638603
    },
    "spectral_flux": {
        "dmean": 0.0290293451399,
        "dmean2": 0.0484770014882,
        "dvar": 0.00317869242281,
        "dvar2": 0.00618949625641,
        "max": 0.544740498066,
        "mean": 0.0589835718274,
        "median": 0.0375038050115,
        "min": 6.55432583208e-11,
        "var": 0.00521356146783
    },
    "spectral_kurtosis": {
        "dmean": 10.8647480011,
        "dmean2": 17.6191101074,
        "dvar": 374.282592773,
        "dvar2": 974.065856934,
        "max": 451.091125488,
        "mean": 33.3869514465,
        "median": 14.7889099121,
        "min": -1.22268140316,
        "var": 2276.23999023
    },
    "spectral_rms": {
        "dmean": 0.000884733046405,
        "dmean2": 0.0013709081104,
        "dvar": 2.59996045315e-06,
        "dvar2": 6.60453588353e-06,
        "max": 0.0200070198625,
        "mean": 0.00466316845268,
        "median": 0.00428617279977,
        "min": 3.18239922262e-12,
        "var": 7.66067478253e-06
    },
    "spectral_rolloff": {
        "dmean": 174.858474731,
        "dmean2": 312.576324463,
        "dvar": 820995.8125,
        "dvar2": 1905059.625,
        "max": 19186.0839844,
        "mean": 592.457214355,
        "median": 452.197265625,
        "min": 64.599609375,
        "var": 1185362.875
    },
    "spectral_skewness": {
        "dmean": 0.688328266144,
        "dmean2": 1.09624111652,
        "dvar": 0.72229552269,
        "dvar2": 1.87287032604,
        "max": 17.2111301422,
        "mean": 3.95988321304,
        "median": 3.21748209,
        "min": -0.0389558821917,
        "var": 6.35472822189
    },
    "spectral_spread": {
        "dmean": 767738.5,
        "dmean2": 1139472.25,
        "dvar": 1.22369120666e+12,
        "dvar2": 2.1666267136e+12,
        "max": 41887724,
        "mean": 4159486.5,
        "median": 2984666.5,
        "min": 193259.546875,
        "var": 1.01028745708e+13
    },
    "spectral_strongpeak": {
        "dmean": 0.319587439299,
        "dmean2": 0.494435071945,
        "dvar": 0.232763320208,
        "dvar2": 0.497020930052,
        "max": 11.0532112122,
        "mean": 1.37887454033,
        "median": 0.792280435562,
        "min": 0,
        "var": 1.93267166615
    },
    "zerocrossingrate": {
        "dmean": 0.00717158755288,
        "dmean2": 0.00889181997627,
        "dvar": 0.000183409269084,
        "dvar2": 0.000237975313212,
        "max": 0.5234375,
        "mean": 0.0334503352642,
        "median": 0.02392578125,
        "min": 0.00244140625,
        "var": 0.00109676958527
    },
    "barkbands": {
        "dmean": [0.000135103386128, 0.00519512500614, 0.00405315635726, 0.0022710992489, 0.00146605423652, 0.000598856073339, 0.000820178247523, 0.000745265802834, 0.000676111667417, 0.000256253202679, 0.000145723766764, 0.000160219991812, 0.000160815616255, 4.05557293561e-05, 5.47874369659e-05, 3.81791542168e-05, 1.91112012544e-05, 4.01501456508e-05, 3.0438788599e-05, 1.57025388035e-05, 1.4118099898e-05, 2.46513263846e-05, 2.09748013731e-05, 2.24577215704e-05, 4.24308891525e-05, 3.13473647111e-05, 1.27244311443e-05],
        "dmean2": [0.00016158822109, 0.00856230221689, 0.00753139145672, 0.00393581343815, 0.00234282109886, 0.000859450199641, 0.00114535179455, 0.000993643072434, 0.000894948083442, 0.000392251007725, 0.000235314815654, 0.000279640808003, 0.000261508102994, 5.90547861066e-05, 9.00734376046e-05, 6.67054991936e-05, 3.24891043419e-05, 6.95813796483e-05, 5.12819606229e-05, 2.57317587966e-05, 2.15187064896e-05, 4.04094025725e-05, 3.32151394105e-05, 3.62436803698e-05, 6.58228673274e-05, 5.22936170455e-05, 2.08244618989e-05],
        "dvar": [1.82309108254e-07, 0.000298173486954, 0.000294324796414, 4.31052758358e-05, 1.06206707642e-05, 3.2615262171e-06, 8.36839080876e-06, 6.4058613134e-06, 6.62087495584e-06, 1.33476999054e-06, 4.07326155027e-07, 5.63791331842e-07, 6.60863179291e-07, 3.38317356352e-08, 1.05513557003e-07, 4.58101396816e-08, 8.47985859309e-09, 6.30149088465e-08, 3.62237848606e-08, 9.18605280731e-09, 5.2599187228e-09, 2.20168150378e-08, 1.09452606978e-08, 8.01035060505e-09, 2.80361369676e-08, 1.93865297149e-08, 1.78049264221e-09],
        "dvar2": [2.26867655329e-07, 0.000744164630305, 0.000858548679389, 0.000122481549624, 2.95690715575e-05, 6.42345685264e-06, 2.02669707505e-05, 1.09577076728e-05, 1.07675095933e-05, 2.47461139224e-06, 9.53046992436e-07, 1.58254351845e-06, 1.44801288116e-06, 5.64201698694e-08, 2.69853558166e-07, 1.25940999851e-07, 2.25065406312e-08, 1.77980595595e-07, 9.86632784361e-08, 2.43199842487e-08, 1.30695942957e-08, 5.75358072297e-08, 2.69410289633e-08, 1.98308285349e-08, 6.64626114144e-08, 4.84096993603e-08, 4.2354946217e-09],
        "max": [0.00571245327592, 0.347279906273, 0.184024095535, 0.103596568108, 0.127661019564, 0.0752825587988, 0.0793245732784, 0.0602134168148, 0.0946262702346, 0.040790066123, 0.0299611445516, 0.0131266200915, 0.0350236073136, 0.0162362176925, 0.0108050145209, 0.00736956950277, 0.00191120104864, 0.00466387718916, 0.00340969045646, 0.00400167843327, 0.00249644741416, 0.0032909263391, 0.00228753406554, 0.00136626139283, 0.00236012716778, 0.00182024447713, 0.000519217865076],
        "mean": [0.000181407711352, 0.00664125289768, 0.00348552595824, 0.00364310480654, 0.00469031371176, 0.0025199665688, 0.00208443589509, 0.00244357110932, 0.00242588692345, 0.000701431883499, 0.000292285316391, 0.000173708656803, 0.000337275589118, 0.000118117997772, 8.66557675181e-05, 3.71833812096e-05, 1.83829852176e-05, 3.84511622542e-05, 2.77612125501e-05, 1.60827785294e-05, 1.69924915099e-05, 2.33248974837e-05, 2.17170236283e-05, 2.19326539082e-05, 4.60879891762e-05, 3.10480354528e-05, 1.70437833731e-05],
        "median": [5.96632935412e-06, 0.000226438889513, 6.29438000033e-05, 0.000515080057085, 0.00181053089909, 0.000263474532403, 0.000171465144376, 0.000121934164781, 7.95544765424e-05, 3.89378656109e-05, 4.03178601118e-05, 2.93456178042e-05, 2.22483995458e-05, 6.6261172833e-06, 7.55519158702e-06, 5.16519367011e-06, 3.28733790411e-06, 3.35415325026e-06, 2.83004351331e-06, 1.57871363626e-06, 1.71882504674e-06, 7.07561639501e-07, 6.05055959113e-07, 6.95166534115e-07, 1.24560699533e-06, 1.49214002931e-07, 2.0870659867e-08],
        "min": [2.12549203189e-24, 3.98769424247e-24, 4.66191669766e-24, 4.15147675476e-24, 1.51877149717e-23, 2.81125824368e-23, 1.70904111875e-23, 8.07329953392e-24, 1.96312438108e-23, 2.33436768733e-23, 2.49169857959e-23, 3.25144294434e-23, 4.8732977359e-23, 4.79632226649e-23, 7.75583303335e-23, 5.93315161027e-23, 8.36593427092e-23, 1.21499309015e-22, 1.48544439585e-22, 2.02615667088e-22, 2.96587087903e-22, 3.87616941065e-22, 5.27827614233e-22, 7.04945542438e-22, 1.05927495144e-21, 1.40679582188e-21, 2.16847861351e-21],
        "var": [4.26263142117e-07, 0.000444840115961, 0.000178842063178, 6.42521190457e-05, 6.11190771451e-05, 3.68611254089e-05, 3.46205124515e-05, 4.62744901597e-05, 6.8010565883e-05, 9.06183322513e-06, 1.61535797361e-06, 4.19768355187e-07, 2.74442800219e-06, 6.69943062803e-07, 2.02769925295e-07, 3.66404115937e-08, 6.79486111821e-09, 4.61938327589e-08, 2.56476848648e-08, 7.97081778359e-09, 6.11571726594e-09, 1.80285084639e-08, 1.06200106487e-08, 7.36954985925e-09, 2.89368671247e-08, 1.54773918126e-08, 1.83898674067e-09]
    },
    "erbbands": {
        "dmean": [0.130232512951, 1.35205459595, 4.30201005936, 6.22256851196, 6.04635620117, 5.39395570755, 3.25213670731, 5.12759256363, 5.94702291489, 22.0468502045, 13.1136493683, 18.3330039978, 7.27124595642, 7.59320735931, 6.2973651886, 6.43844509125, 7.28475952148, 2.96027612686, 2.60097098351, 2.86720824242, 1.55808329582, 1.0622522831, 1.86435866356, 2.23762798309, 1.10489535332, 0.758224964142, 0.630769431591, 0.621611058712, 0.901287078857, 0.742042839527, 0.598871648312, 0.412509590387, 0.403880983591, 0.402893304825, 0.34786888957, 0.202281519771, 0.0421291142702, 0.0148902907968, 0.00198839674704, 8.6902633484e-05],
        "dmean2": [0.18437205255, 2.28775119781, 7.89680624008, 11.0248508453, 10.1664943695, 8.40969944, 4.49695777893, 7.59100580215, 8.14426898956, 30.1320228577, 17.2895240784, 23.9248561859, 10.9598226547, 12.2358579636, 10.112569809, 10.9008512497, 11.7276086807, 4.46072673798, 4.21078920364, 4.87327575684, 2.7191221714, 1.80245709419, 3.21247363091, 3.91151618958, 1.80228126049, 1.22301197052, 0.995730221272, 0.941040337086, 1.48156225681, 1.1776419878, 0.97451621294, 0.660874307156, 0.64711523056, 0.616282224655, 0.553077161312, 0.338479936123, 0.0702809914947, 0.0244185067713, 0.00323903653771, 0.000143281882629],
        "dvar": [0.163735404611, 22.9637374878, 345.138397217, 407.484436035, 250.028030396, 155.407073975, 146.129714966, 246.139801025, 376.297851562, 5254.06738281, 1865.81591797, 4663.13476562, 1262.60144043, 1076.26611328, 601.279846191, 827.412414551, 1420.66296387, 156.801132202, 189.498764038, 326.068481445, 67.2428665161, 26.3045978546, 124.783607483, 253.263687134, 31.572637558, 18.2580928802, 10.8765201569, 11.7871265411, 30.9629993439, 16.1485061646, 9.15703487396, 3.02313637733, 2.54698562622, 2.14941978455, 2.31985259056, 1.09247338772, 0.0243788808584, 0.00259437807836, 3.8629201299e-05, 5.45699236909e-08],
        "dvar2": [0.299934536219, 60.1042327881, 1002.93041992, 1173.77197266, 699.81652832, 425.21270752, 244.797912598, 522.900634766, 754.742919922, 10981.2070312, 3001.69677734, 7605.83349609, 2353.296875, 2336.27148438, 1490.23791504, 2265.47021484, 3037.21362305, 322.812774658, 438.601348877, 901.331970215, 184.686660767, 69.8867797852, 347.91204834, 716.206054688, 80.5355148315, 46.7074699402, 27.4213905334, 29.8338413239, 82.0526123047, 39.8751144409, 23.5077190399, 7.46406364441, 6.34591293335, 4.96652746201, 5.67231464386, 2.79277038574, 0.0601898767054, 0.00611765449867, 9.1442692792e-05, 1.3291858636e-07],
        "max": [8.90605831146, 79.3722686768, 207.86567688, 282.915435791, 345.426300049, 516.177124023, 863.905639648, 587.688171387, 691.111572266, 1657.36181641, 1545.26928711, 2140.83813477, 1670.68408203, 1370.98413086, 936.32623291, 513.005859375, 1811.70300293, 890.941650391, 652.531433105, 889.289428711, 179.46824646, 94.8053741455, 205.536178589, 301.931549072, 105.808006287, 155.213806152, 87.7623596191, 120.526672363, 131.216339111, 89.8530960083, 59.7332344055, 35.2878112793, 25.6893787384, 20.5353527069, 22.6749324799, 14.2795410156, 1.89416217804, 0.661528170109, 0.083603054285, 0.00285411137156],
        "mean": [0.20548465848, 1.43195307255, 3.62550735474, 9.3462934494, 13.4519367218, 17.7137107849, 13.2922506332, 22.2716960907, 17.9543914795, 61.4266700745, 49.0024299622, 68.2422485352, 20.1054954529, 18.7626724243, 12.6467475891, 8.77810764313, 16.2322597504, 8.11738109589, 5.23023796082, 3.14109826088, 1.53209102154, 1.03609097004, 1.81682527065, 1.97979652882, 1.1060564518, 0.790736436844, 0.711864113808, 0.716805279255, 0.845946490765, 0.771918475628, 0.584438323975, 0.412322729826, 0.406540721655, 0.479370504618, 0.340980172157, 0.180127695203, 0.0449177585542, 0.0184991564602, 0.00283208000474, 0.000141342548886],
        "median": [0.00710371648893, 0.0461733862758, 0.114027902484, 1.0920753479, 5.45129585266, 6.84675121307, 2.7775285244, 2.13166737556, 2.98713374138, 4.61718130112, 3.4850628376, 2.84064626694, 1.91652846336, 1.82931447029, 2.27376413345, 1.63837110996, 1.15663313866, 0.623865187168, 0.451355397701, 0.413134217262, 0.261794477701, 0.190273106098, 0.190429612994, 0.179675221443, 0.121688134968, 0.0724434629083, 0.066988825798, 0.0637013316154, 0.0297837536782, 0.0197148881853, 0.0179567392915, 0.0109428344294, 0.0150447366759, 0.0125978942961, 0.00879525672644, 0.00170886877459, 0.000250924931606, 4.83321855427e-05, 2.64161753876e-05, 3.90770328522e-05],
        "min": [8.6895048194e-23, 1.08308507072e-21, 8.1258733709e-21, 2.20821082867e-20, 3.67492080039e-20, 4.53600224712e-20, 1.06336988725e-19, 2.6480349419e-19, 2.40975574368e-19, 2.10147186248e-19, 3.28302272406e-19, 4.7611130531e-19, 6.8513865703e-19, 8.63581212396e-19, 1.58874036673e-18, 2.00523035464e-18, 2.09221976978e-18, 2.40425607828e-18, 3.59542159616e-18, 3.86701601054e-18, 5.18965464895e-18, 4.77979947673e-18, 6.38647952979e-18, 7.36852820534e-18, 6.8305915599e-18, 1.07622500809e-17, 1.02806051441e-17, 1.0590903753e-17, 1.25949208404e-17, 1.50168122026e-17, 1.4417969835e-17, 1.24064766892e-17, 1.06794542647e-17, 1.01135618097e-17, 6.89018330559e-18, 5.11400401885e-18, 2.53048673489e-18, 1.08864651052e-18, 2.51738409059e-19, 3.12598662067e-20],
        "var": [0.392862945795, 25.2115745544, 210.792663574, 436.092926025, 594.655212402, 954.408630371, 2283.65820312, 2749.64672852, 2397.19921875, 27621.0722656, 18577.4375, 48490.4570312, 8618.49902344, 5480.02685547, 1814.62023926, 771.451782227, 6471.05810547, 2143.03222656, 731.559631348, 269.178771973, 51.8183822632, 20.7749271393, 94.9140853882, 166.450317383, 27.7599544525, 17.310590744, 11.3277568817, 12.5978288651, 24.7595787048, 15.3435688019, 7.97566986084, 2.86495923996, 2.34165215492, 2.64046287537, 2.0819811821, 0.826764285564, 0.0205722637475, 0.00256123021245, 4.32510496466e-05, 6.23867180138e-08]
    },
    "gfcc": {
        "mean": [-134.185409546, 119.55909729, -90.5544052124, -20.7406234741, -61.2237052917, -7.50494289398, -36.0578231812, -4.68292760849, -24.9679374695, -5.8310880661, -11.0325555801, -6.2245926857, -6.19704246521],
        "cov": [[13422.2578125, -1991.84460449, 2166.44726562, 2607.88964844, 594.030578613, 1512.85974121, -316.967529297, 535.772705078, -765.092651367, 86.488067627, -568.386779785, 50.1994056702, -281.7059021], [-1991.84460449, 5336.28955078, 149.178833008, 1881.73168945, 1224.1262207, 524.489807129, 734.885620117, -233.079956055, 84.197593689, -883.993591309, 346.767242432, -357.076934814, 434.45223999], [2166.44726562, 149.178833008, 1723.31872559, 1293.6907959, 447.887359619, 304.943847656, -75.7618637085, 110.898475647, -219.84046936, -49.1947441101, -130.893508911, 132.671218872, 35.1111946106], [2607.88964844, 1881.73168945, 1293.6907959, 3330.63818359, 1353.01086426, 1131.02185059, 134.87840271, 61.2434005737, -390.821929932, -479.913909912, 29.2386951447, -45.7448806763, 262.835693359], [594.030578613, 1224.1262207, 447.887359619, 1353.01086426, 1046.79162598, 667.956604004, 212.735855103, -20.998790741, -181.144714355, -274.59777832, 23.084985733, -65.0585708618, 143.151824951], [1512.85974121, 524.489807129, 304.943847656, 1131.02185059, 667.956604004, 1007.19329834, 310.840881348, 141.637161255, -207.103088379, -204.330123901, -46.4922142029, -69.854347229, 62.0484199524], [-316.967529297, 734.885620117, -75.7618637085, 134.87840271, 212.735855103, 310.840881348, 448.170257568, 125.305305481, 75.8435058594, -152.659484863, 28.9835205078, -99.9310760498, 21.2006206512], [535.772705078, -233.079956055, 110.898475647, 61.2434005737, -20.998790741, 141.637161255, 125.305305481, 267.173187256, 96.631149292, 70.2242736816, -28.5509376526, -35.6743965149, -67.5203704834], [-765.092651367, 84.197593689, -219.84046936, -390.821929932, -181.144714355, -207.103088379, 75.8435058594, 96.631149292, 361.963745117, 172.076400757, 86.9310455322, -25.1965389252, -15.6674251556], [86.488067627, -883.993591309, -49.1947441101, -479.913909912, -274.59777832, -204.330123901, -152.659484863, 70.2242736816, 172.076400757, 354.895019531, 37.7718009949, 91.7177581787, -70.263092041], [-568.386779785, 346.767242432, -130.893508911, 29.2386951447, 23.084985733, -46.4922142029, 28.9835205078, -28.5509376526, 86.9310455322, 37.7718009949, 208.122634888, 54.7612953186, 45.6330413818], [50.1994056702, -357.076934814, 132.671218872, -45.7448806763, -65.0585708618, -69.854347229, -99.9310760498, -35.6743965149, -25.1965389252, 91.7177581787, 54.7612953186, 219.951950073, 72.7119979858], [-281.7059021, 434.45223999, 35.1111946106, 262.835693359, 143.151824951, 62.0484199524, 21.2006206512, -67.5203704834, -15.6674251556, -70.263092041, 45.6330413818, 72.7119979858, 213.631057739]],
        "icov": [[0.00015743781114, -1.12336319944e-05, -6.41451479169e-05, -9.95686932583e-05, 0.000126748796902, -0.000207856413908, 0.000142724180478, -0.000172445332282, 0.000197961082449, -0.000215076943277, 0.000245601346251, -3.38429636031e-05, 0.000173103602719], [-1.12336319944e-05, 0.00114911224227, -0.000385868217563, -0.000142343371408, -0.000361138867447, 0.000260255648755, -0.000686949002557, 0.00103973445948, -0.00139004958328, 0.00222140876576, -0.00184692046605, 0.00163610035088, -0.00108364631888], [-6.41451479169e-05, -0.000385868217563, 0.00143054150976, -0.000615638389718, -0.000161368225235, 0.000660801830236, -0.000285118847387, -0.000686026003677, 0.000787976256106, -0.00125730445143, 0.00175037281588, -0.00177526148036, 0.000824734044727], [-9.95686932583e-05, -0.000142343371408, -0.000615638389718, 0.00147628213745, -0.000733113032766, -0.000880725274328, 0.0014898115769, -0.000779403897468, -0.000264236557996, 0.00128520617727, -0.00115124939475, 0.000482007977553, -0.000718894181773], [0.000126748796902, -0.000361138867447, -0.000161368225235, -0.000733113032766, 0.00300507713109, -0.00119864556473, -0.000361963175237, 0.000860144093167, 0.00047557122889, -0.00093223049771, 0.000440247909864, 0.000125379039673, 6.38653800706e-05], [-0.000207856413908, 0.000260255648755, 0.000660801830236, -0.000880725274328, -0.00119864556473, 0.00392662966624, -0.00287567637861, -0.000669520755764, 0.00189301162027, -0.00128219311591, 0.000360295147402, 0.000199161440833, -0.000519524561241], [0.000142724180478, -0.000686949002557, -0.000285118847387, 0.0014898115769, -0.000361963175237, -0.00287567637861, 0.00753244617954, -0.00333025353029, -0.00213455199264, 0.00348943378776, -0.000663376122247, -0.000459676230093, 0.000366115767974], [-0.000172445332282, 0.00103973445948, -0.000686026003677, -0.000779403897468, 0.000860144093167, -0.000669520755764, -0.00333025353029, 0.00903144013137, -0.00335842464119, 2.35587885982e-05, -0.000215320367715, 0.00133923313115, 0.000884489971213], [0.000197961082449, -0.00139004958328, 0.000787976256106, -0.000264236557996, 0.00047557122889, 0.00189301162027, -0.00213455199264, -0.00335842464119, 0.00989586208016, -0.00779405189678, 0.000821953115519, 0.000813952414319, -0.000724933808669], [-0.000215076943277, 0.00222140876576, -0.00125730445143, 0.00128520617727, -0.00093223049771, -0.00128219311591, 0.00348943378776, 2.35587885982e-05, -0.00779405189678, 0.0142199015245, -0.00522033171728, 0.00018346622528, -0.000359568803106], [0.000245601346251, -0.00184692046605, 0.00175037281588, -0.00115124939475, 0.000440247909864, 0.000360295147402, -0.000663376122247, -0.000215320367715, 0.000821953115519, -0.00522033171728, 0.0114778829738, -0.00592552311718, 0.00271511287428], [-3.38429636031e-05, 0.00163610035088, -0.00177526148036, 0.000482007977553, 0.000125379039673, 0.000199161440833, -0.000459676230093, 0.00133923313115, 0.000813952414319, 0.00018346622528, -0.00592552311718, 0.0119778029621, -0.00603713933378], [0.000173103602719, -0.00108364631888, 0.000824734044727, -0.000718894181773, 6.38653800706e-05, -0.000519524561241, 0.000366115767974, 0.000884489971213, -0.000724933808669, -0.000359568803106, 0.00271511287428, -0.00603713933378, 0.00951666105539]]
    },
    "melbands": {
        "dmean": [0.00125764275435, 0.00207731453702, 0.00108345830813, 0.000406165112508, 0.000122169964015, 0.000114627662697, 0.000110638320621, 0.000227527460083, 0.00010949002899, 0.000105722640001, 3.38437457685e-05, 3.15777979267e-05, 2.07824887184e-05, 2.05651322176e-05, 1.51740687215e-05, 1.46998299897e-05, 4.64077584184e-06, 3.99412465413e-06, 3.86478950531e-06, 3.61783463632e-06, 1.46981346916e-06, 1.14549789032e-06, 9.42744520671e-07, 2.46906711254e-06, 1.82573319307e-06, 8.54434347275e-07, 6.04217689215e-07, 4.97793223531e-07, 4.20882116714e-07, 3.08842231789e-07, 3.88736850709e-07, 5.66213827824e-07, 3.96392124458e-07, 4.26243445872e-07, 3.63276512871e-07, 2.7169483019e-07, 2.48657357815e-07, 2.69780599638e-07, 3.13986475931e-07, 3.47964231651e-07],
        "dmean2": [0.00200456241146, 0.0037095809821, 0.0019017746672, 0.00065483659273, 0.000173552296474, 0.000167070989846, 0.000153768298333, 0.0003097402805, 0.000141743264976, 0.000140257587191, 5.190660886e-05, 5.08524572069e-05, 3.34081960318e-05, 3.55431693606e-05, 2.48850083153e-05, 2.39638684434e-05, 6.68717984809e-06, 6.51410118735e-06, 6.43726889393e-06, 6.25829125056e-06, 2.58654358731e-06, 1.95416919269e-06, 1.60236993452e-06, 4.3059926611e-06, 3.22233654515e-06, 1.36979315357e-06, 1.01107161754e-06, 8.11357779185e-07, 6.76321178616e-07, 4.70072535563e-07, 6.00425153152e-07, 9.55099721978e-07, 6.28818156656e-07, 6.70837550842e-07, 5.98390272444e-07, 4.39015536813e-07, 3.99389932682e-07, 4.34897941659e-07, 5.02327281993e-07, 5.30666113718e-07],
        "dvar": [1.61451280292e-05, 7.02137258486e-05, 1.14527183541e-05, 7.9946698861e-07, 1.32627278049e-07, 1.19825230627e-07, 1.35808562618e-07, 5.42163263617e-07, 1.36669711992e-07, 1.55076179453e-07, 3.05910212717e-08, 1.97194562901e-08, 8.1628428461e-09, 8.22200352246e-09, 5.21906962092e-09, 5.63193092162e-09, 4.94800478368e-10, 4.15359996397e-10, 5.91207416356e-10, 4.48993731084e-10, 5.79860222338e-11, 3.23590043649e-11, 2.02880004463e-11, 2.62254190586e-10, 1.81514622777e-10, 1.63482040405e-11, 1.22442004452e-11, 8.26516632912e-12, 5.1880240555e-12, 2.43580286149e-12, 5.00668213485e-12, 1.41563843981e-11, 4.5684732039e-12, 5.24896098808e-12, 3.49768369649e-12, 1.65850905058e-12, 1.01096203891e-12, 1.15584072261e-12, 1.44593343375e-12, 1.60690048507e-12],
        "dvar2": [3.67287830159e-05, 0.000198693276616, 3.27951383952e-05, 2.22631342695e-06, 2.40431376142e-07, 2.43233017727e-07, 3.18660198673e-07, 1.09003826765e-06, 2.09073519386e-07, 2.6194976499e-07, 5.69999549782e-08, 4.15546814736e-08, 1.87448954136e-08, 2.30830767833e-08, 1.20488152788e-08, 1.25099770543e-08, 8.08759725857e-10, 9.62428914342e-10, 1.60268753824e-09, 1.23169174859e-09, 1.60140498084e-10, 8.73405861523e-11, 5.25035223631e-11, 7.36871841323e-10, 5.13454945228e-10, 4.02479403971e-11, 3.22983931267e-11, 2.1335953837e-11, 1.33920400811e-11, 5.98611004515e-12, 1.29661411816e-11, 3.8442297956e-11, 1.16384419463e-11, 1.27414433171e-11, 9.17075269891e-12, 4.15313660199e-12, 2.48954849791e-12, 2.87410937064e-12, 3.60653694409e-12, 3.63686706618e-12],
        "max": [0.0919743850827, 0.0935485064983, 0.0451906248927, 0.0365518853068, 0.0238448176533, 0.0135518405586, 0.0108390096575, 0.0147657804191, 0.0152046903968, 0.012247659266, 0.00820083636791, 0.00617374060676, 0.0044709276408, 0.00164474034682, 0.003195137484, 0.00243240315467, 0.00200102920644, 0.000986949075013, 0.00091378740035, 0.000912101124413, 0.000134393238113, 0.00012193332077, 0.000100335935713, 0.000292272859951, 0.000257786130533, 6.38217825326e-05, 0.000126308106701, 0.000102550649899, 7.13471454219e-05, 5.83955479669e-05, 8.44319874886e-05, 8.11851132312e-05, 5.97372963966e-05, 5.19971617905e-05, 3.52037204721e-05, 3.07452210109e-05, 1.77450456249e-05, 1.5782954506e-05, 2.09880763578e-05, 1.73481203092e-05],
        "mean": [0.00183190044481, 0.00193472066894, 0.00167785119265, 0.00126259226818, 0.000483674462885, 0.000489563914016, 0.000307708309265, 0.000648489920422, 0.000422155251727, 0.000378056196496, 8.55043035699e-05, 7.68630488892e-05, 4.2661511543e-05, 2.45700975938e-05, 2.9334489227e-05, 2.91007745545e-05, 1.42446806422e-05, 7.94665811554e-06, 5.16319278177e-06, 3.57921749128e-06, 1.37914594234e-06, 1.05281128526e-06, 9.95309278551e-07, 2.28201724894e-06, 1.5518625105e-06, 8.41631901949e-07, 6.07460890478e-07, 5.06762205532e-07, 4.62667287593e-07, 3.6564492234e-07, 4.31732900097e-07, 5.06770732045e-07, 3.95398387809e-07, 4.5091502443e-07, 3.48513083281e-07, 2.61449628169e-07, 2.47818604748e-07, 2.63683460844e-07, 3.35735364843e-07, 4.26677246423e-07],
        "median": [6.27585977782e-05, 5.65207228647e-05, 0.000316438410664, 0.000471049628686, 0.000160710333148, 4.59574948763e-05, 4.27980885433e-05, 3.97128787881e-05, 1.93837295228e-05, 1.31702036015e-05, 6.67746780891e-06, 5.36531979378e-06, 6.75563796904e-06, 4.23715482611e-06, 2.67722498393e-06, 2.12982331504e-06, 7.69480493545e-07, 6.4793727006e-07, 4.74415827512e-07, 4.84661427436e-07, 2.28951932968e-07, 1.76244071781e-07, 1.63857876601e-07, 1.56191163114e-07, 1.3622442907e-07, 8.68498872819e-08, 6.44267714733e-08, 3.91722529969e-08, 3.80267799471e-08, 3.91735497374e-08, 3.18971835611e-08, 1.50272807531e-08, 1.15618261631e-08, 1.04757651442e-08, 1.06835811309e-08, 7.61517071624e-09, 5.78175729515e-09, 9.0804279651e-09, 1.27285479934e-08, 9.24265464164e-09],
        "min": [1.47597167127e-24, 4.03233390895e-24, 4.98126810247e-24, 3.39392179456e-24, 3.31952905575e-24, 5.77327380169e-24, 3.37420027193e-24, 2.20059967589e-24, 3.28043330651e-24, 3.33083619354e-24, 3.17129755571e-24, 3.22112753251e-24, 4.14510828067e-24, 4.50949457127e-24, 3.69040648832e-24, 5.55153367871e-24, 3.26507497354e-24, 5.18490189554e-24, 5.86279492051e-24, 2.32856869193e-24, 5.9101391966e-24, 4.49772358328e-24, 6.04425265023e-24, 5.36977539298e-24, 5.44673942391e-24, 5.33840870567e-24, 4.67030781111e-24, 6.43939031665e-24, 5.63664348734e-24, 6.52332275038e-24, 5.65510283252e-24, 5.8604555535e-24, 6.9495174762e-24, 8.44860563161e-24, 7.65495555183e-24, 7.96334888981e-24, 7.12729438094e-24, 6.78828535122e-24, 7.1505302789e-24, 8.55467586892e-24],
        "var": [3.12368756568e-05, 4.99957459397e-05, 1.2902501112e-05, 4.60335968455e-06, 1.88869159956e-06, 1.34496633564e-06, 6.42873487777e-07, 2.98442159874e-06, 1.46488855535e-06, 1.48621700191e-06, 2.06953458814e-07, 1.06237934006e-07, 3.44977877376e-08, 6.22396001404e-09, 1.86963600157e-08, 1.97200460406e-08, 1.01161221622e-08, 1.6965401306e-09, 6.76601386029e-10, 3.62517155184e-10, 4.27409913017e-11, 2.45320153081e-11, 1.94977853307e-11, 1.951067502e-10, 1.17862372639e-10, 1.51737043069e-11, 1.01974218999e-11, 7.7049998326e-12, 5.09619776934e-12, 2.76868350295e-12, 4.99809742205e-12, 1.04701898193e-11, 4.12752644563e-12, 5.23002387925e-12, 2.91277028538e-12, 1.47435546844e-12, 9.71289238275e-13, 1.04481093915e-12, 1.41876842306e-12, 2.1064153026e-12]
    },
    "mfcc": {
        "mean": [-794.124633789, 163.244338989, 14.5033512115, -7.5278878212, -8.33400821686, -11.5856866837, -5.25930023193, -9.09343242645, -8.84444713593, -9.79740810394, -3.09828829765, -5.34086227417, -4.38326501846],
        "cov": [[9041.28613281, -909.190002441, 1103.30053711, 1608.17077637, 1300.18005371, 1126.77819824, 936.172485352, 550.528015137, 278.942565918, 79.82006073, 23.4930343628, -253.95262146, -31.6879825592], [-909.190002441, 3011.98876953, 296.511810303, 787.395751953, 672.792602539, 562.154785156, 600.206176758, 567.778076172, 170.042327881, -75.0743408203, -87.6728591919, 14.4792261124, -144.930908203], [1103.30053711, 296.511810303, 1247.51464844, 967.934570312, 603.382080078, 394.180023193, 261.411315918, 271.8097229, 136.5390625, -77.9619598389, -83.8082885742, -17.1739025116, 75.0595855713], [1608.17077637, 787.395751953, 967.934570312, 1828.69274902, 1310.29455566, 860.860839844, 685.803588867, 512.167053223, 184.012771606, -116.28944397, -146.57661438, -75.2394866943, 13.8770608902], [1300.18005371, 672.792602539, 603.382080078, 1310.29455566, 1235.15820312, 891.071289062, 685.257507324, 466.22644043, 180.283279419, -43.0277900696, -90.953918457, -96.9401168823, -14.2412996292], [1126.77819824, 562.154785156, 394.180023193, 860.860839844, 891.071289062, 898.356872559, 710.664306641, 503.959655762, 208.991043091, 5.11744499207, -45.8205757141, -86.9954986572, -58.2873916626], [936.172485352, 600.206176758, 261.411315918, 685.803588867, 685.257507324, 710.664306641, 769.37121582, 548.886169434, 198.704193115, 17.4316558838, -11.7839336395, -73.3309555054, -83.7773971558], [550.528015137, 567.778076172, 271.8097229, 512.167053223, 466.22644043, 503.959655762, 548.886169434, 537.583862305, 229.190124512, 39.7894744873, 4.45597887039, -24.7738761902, -42.1794662476], [278.942565918, 170.042327881, 136.5390625, 184.012771606, 180.283279419, 208.991043091, 198.704193115, 229.190124512, 249.454055786, 130.876419067, 43.3758964539, 16.6983852386, -5.12718677521], [79.82006073, -75.0743408203, -77.9619598389, -116.28944397, -43.0277900696, 5.11744499207, 17.4316558838, 39.7894744873, 130.876419067, 238.302383423, 168.591796875, 57.5813674927, -3.51470327377], [23.4930343628, -87.6728591919, -83.8082885742, -146.57661438, -90.953918457, -45.8205757141, -11.7839336395, 4.45597887039, 43.3758964539, 168.591796875, 228.310821533, 139.742019653, 32.4212150574], [-253.95262146, 14.4792261124, -17.1739025116, -75.2394866943, -96.9401168823, -86.9954986572, -73.3309555054, -24.7738761902, 16.6983852386, 57.5813674927, 139.742019653, 214.441574097, 117.061454773], [-31.6879825592, -144.930908203, 75.0595855713, 13.8770608902, -14.2412996292, -58.2873916626, -83.7773971558, -42.1794662476, -5.12718677521, -3.51470327377, 32.4212150574, 117.061454773, 200.766540527]],
