{
"lowlevel": {
    "average_loudness": 0.945389926434,
    "barkbands_crest": {
        "dmean": 2.40231132507,
        "dmean2": 3.97312283516,
        "dvar": 6.00891256332,
        "dvar2": 16.7150058746,
        "max": 23.8985023499,
        "mean": 11.1014347076,
        "median": 10.6710672379,
        "min": 2.84050178528,
        "var": 11.9731521606
    },
    "barkbands_flatness_db": {
        "dmean": 0.0189233068377,
        "dmean2": 0.0301699303091,
        "dvar": 0.000443491095211,
        "dvar2": 0.00104789424222,
        "max": 0.327621996403,
        "mean": 0.159182488918,
        "median": 0.158594593406,
        "min": 0.0139684313908,
        "var": 0.00174801249523
    },
    "barkbands_kurtosis": {
        "dmean": 3.09605622292,
        "dmean2": 5.16171646118,
        "dvar": 26.7230205536,
        "dvar2": 72.4507522583,
        "max": 92.9350204468,
        "mean": 5.94909620285,
        "median": 4.03749370575,
        "min": -1.70143938065,
        "var": 47.3623123169
    },
    "barkbands_skewness": {
        "dmean": 0.470274835825,
        "dmean2": 0.766285598278,
        "dvar": 0.340332001448,
        "dvar2": 0.891606807709,
        "max": 7.63302946091,
        "mean": 2.18257546425,
        "median": 2.11614775658,
        "min": -2.08834886551,
        "var": 1.0052344799
    },
    "barkbands_spread": {
        "dmean": 4.10652637482,
        "dmean2": 6.59112167358,
        "dvar": 18.2088317871,
        "dvar2": 45.2656822205,
        "max": 76.5601654053,
        "mean": 19.8942165375,
        "median": 19.5717315674,
        "min": 1.32665288448,
        "var": 77.6289215088
    },
    "dissonance": {
        "dmean": 0.0120942294598,
        "dmean2": 0.0202177222818,
        "dvar": 0.000115721821203,
        "dvar2": 0.000317926227581,
        "max": 0.500000119209,
        "mean": 0.467651933432,
        "median": 0.470390975475,
        "min": 0.279174715281,
        "var": 0.000324030872434
    },
    "dynamic_complexity": 2.37618994713,
    "erbbands_crest": {
        "dmean": 1.73697137833,
        "dmean2": 2.78846931458,
        "dvar": 2.97014021873,
        "dvar2": 7.56947898865,
        "max": 25.6880111694,
        "mean": 7.65925693512,
        "median": 6.75671482086,
        "min": 2.66814160347,
        "var": 11.0950422287
    },
    "erbbands_flatness_db": {
        "dmean": 0.015975330025,
        "dmean2": 0.0214195270091,
        "dvar": 0.000353101408109,
        "dvar2": 0.000625074491836,
        "max": 0.287737190723,
        "mean": 0.148668169975,
        "median": 0.146024093032,
        "min": 0.0469315722585,
        "var": 0.00185088883154
    },
    "erbbands_kurtosis": {
        "dmean": 0.333902359009,
        "dmean2": 0.536813557148,
        "dvar": 0.179346352816,
        "dvar2": 0.457774251699,
        "max": 8.32637023926,
        "mean": -0.816067218781,
        "median": -1.00420546532,
        "min": -1.71373867989,
        "var": 0.47879999876
    },
    "erbbands_skewness": {
        "dmean": 0.236816942692,
        "dmean2": 0.369270712137,
        "dvar": 0.0447837673128,
        "dvar2": 0.108620092273,
        "max": 2.75227379799,
        "mean": -0.0268137548119,
        "median": -0.0818306952715,
        "min": -2.06307959557,
        "var": 0.287983179092
    },
    "erbbands_spread": {
        "dmean": 6.11024332047,
        "dmean2": 9.57158088684,
        "dvar": 33.1325683594,
        "dvar2": 80.9178848267,
        "max": 112.233512878,
        "mean": 51.2586479187,
        "median": 51.7106170654,
        "min": 11.3934402466,
        "var": 144.602478027
    },
    "hfc": {
        "dmean": 4.26667261124,
        "dmean2": 6.64054632187,
        "dvar": 36.0723724365,
        "dvar2": 86.4374008179,
        "max": 91.6427459717,
        "mean": 22.4554367065,
        "median": 21.5088424683,
        "min": 1.06940622743e-16,
        "var": 146.712158203
    },
    "melbands_crest": {
        "dmean": 2.85178375244,
        "dmean2": 4.6182012558,
        "dvar": 7.07625389099,
        "dvar2": 18.8015727997,
        "max": 31.4689216614,
        "mean": 14.3073596954,
        "median": 13.7874679565,
        "min": 1.61260282993,
        "var": 17.2418498993
    },
    "melbands_flatness_db": {
        "dmean": 0.0212792325765,
        "dmean2": 0.034664824605,
        "dvar": 0.000580312625971,
        "dvar2": 0.0014148929622,
        "max": 0.456475347281,
        "mean": 0.245365053415,
        "median": 0.243232786655,
        "min": 0.00333471526392,
        "var": 0.00271134614013
    },
    "melbands_kurtosis": {
        "dmean": 8.07567119598,
        "dmean2": 13.5168962479,
        "dvar": 168.232543945,
        "dvar2": 461.975128174,
        "max": 164.683822632,
        "mean": 20.576166153,
        "median": 16.9662227631,
        "min": -1.51041376591,
        "var": 260.655212402
    },
    "melbands_skewness": {
        "dmean": 0.657362699509,
        "dmean2": 1.07882750034,
        "dvar": 0.667611777782,
        "dvar2": 1.77023494244,
        "max": 10.8783321381,
        "mean": 3.72632741928,
        "median": 3.69262313843,
        "min": -0.292531371117,
        "var": 1.61077260971
    },
    "melbands_spread": {
        "dmean": 3.90828824043,
        "dmean2": 6.25509691238,
        "dvar": 21.9066143036,
        "dvar2": 51.2020988464,
        "max": 151.949523926,
        "mean": 16.3072032928,
        "median": 13.6319274902,
        "min": 0.95413005352,
        "var": 198.413452148
    },
    "pitch_salience": {
        "dmean": 0.0644398108125,
        "dmean2": 0.107151702046,
        "dvar": 0.00366739742458,
        "dvar2": 0.0102177960798,
        "max": 0.94646936655,
        "mean": 0.524103522301,
        "median": 0.528208136559,
        "min": 0.20540727675,
        "var": 0.00931939296424
    },
    "silence_rate_20dB": {
        "dmean": 0,
        "dmean2": 0,
        "dvar": 0,
        "dvar2": 0,
        "max": 1,
        "mean": 1,
        "median": 1,
        "min": 1,
        "var": 0
    },
    "silence_rate_30dB": {
        "dmean": 0.0241494961083,
        "dmean2": 0.0483036227524,
        "dvar": 0.0235639121383,
        "dvar2": 0.0601461976767,
        "max": 1,
        "mean": 0.982368707657,
        "median": 1,
        "min": 0,
        "var": 0.0173189602792
    },
    "silence_rate_60dB": {
        "dmean": 0.00114997604396,
        "dmean2": 0.00230017257854,
        "dvar": 0.00114862667397,
        "dvar2": 0.00306158466265,
        "max": 1,
        "mean": 0.0531812943518,
        "median": 0,
        "min": 0,
        "var": 0.0503517352045
    },
    "spectral_centroid": {
        "dmean": 201.233688354,
        "dmean2": 323.59552002,
        "dvar": 46965.7109375,
        "dvar2": 111074.140625,
        "max": 11714.7568359,
        "mean": 1393.53723145,
        "median": 1321.02307129,
        "min": 210.89225769,
        "var": 1064083.625
    },
    "spectral_complexity": {
        "dmean": 2.59798765182,
        "dmean2": 4.26164484024,
        "dvar": 7.98249578476,
        "dvar2": 19.2538967133,
        "max": 47,
        "mean": 19.7485618591,
        "median": 20,
        "min": 0,
        "var": 57.1154060364
    },
    "spectral_decrease": {
        "dmean": 3.29124927312e-09,
        "dmean2": 5.50232792662e-09,
        "dvar": 2.42706322621e-17,
        "dvar2": 6.57718635088e-17,
        "max": 1.76522601649e-28,
        "mean": -1.2642884073e-08,
        "median": -1.26338992601e-08,
        "min": -5.21023224564e-08,
        "var": 5.18260483674e-17
    },
    "spectral_energy": {
        "dmean": 0.0126119758934,
        "dmean2": 0.0210748743266,
        "dvar": 0.000351944967406,
        "dvar2": 0.000952881877311,
        "max": 0.199104115367,
        "mean": 0.0497539006174,
        "median": 0.0500539764762,
        "min": 1.01181346451e-20,
        "var": 0.000771573802922
    },
    "spectral_energyband_high": {
        "dmean": 0.000267551047727,
        "dmean2": 0.000397628988139,
        "dvar": 1.60684493267e-07,
        "dvar2": 3.47469608641e-07,
        "max": 0.00512605626136,
        "mean": 0.000757860718295,
        "median": 0.000627475790679,
        "min": 7.04551571418e-21,
        "var": 4.4178213443e-07
    },
    "spectral_energyband_low": {
        "dmean": 0.0104704974219,
        "dmean2": 0.0174510553479,
        "dvar": 0.000349792186171,
        "dvar2": 0.000942486396525,
        "max": 0.179996997118,
        "mean": 0.02638011612,
        "median": 0.0244439765811,
        "min": 1.39381687642e-23,
        "var": 0.000533193117008
    },
    "spectral_energyband_middle_high": {
        "dmean": 0.00110332819168,
        "dmean2": 0.00175129936542,
        "dvar": 2.25314420277e-06,
        "dvar2": 5.57858857064e-06,
        "max": 0.0400785952806,
        "mean": 0.0048416168429,
        "median": 0.00432360079139,
        "min": 1.16335107461e-21,
        "var": 1.08374551928e-05
    },
    "spectral_energyband_middle_low": {
        "dmean": 0.00561952032149,
        "dmean2": 0.00915533024818,
        "dvar": 6.01988576818e-05,
        "dvar2": 0.000159522896865,
        "max": 0.10265404731,
        "mean": 0.0196204930544,
        "median": 0.0174399167299,
        "min": 1.34427956701e-22,
        "var": 0.000154661407578
    },
    "spectral_entropy": {
        "dmean": 0.153931349516,
        "dmean2": 0.230026781559,
        "dvar": 0.0271813124418,
        "dvar2": 0.0576947368681,
        "max": 9.83100891113,
        "mean": 7.22139167786,
        "median": 7.21788883209,
        "min": 5.68502473831,
        "var": 0.17940813303
    },
    "spectral_flux": {
        "dmean": 0.028277149424,
        "dmean2": 0.0439132489264,
        "dvar": 0.00144269037992,
        "dvar2": 0.00310022034682,
        "max": 0.412139326334,
        "mean": 0.0841774493456,
        "median": 0.072760745883,
        "min": 6.29366142535e-11,
        "var": 0.00281051010825
    },
    "spectral_kurtosis": {
        "dmean": 1.59914195538,
        "dmean2": 2.77323102951,
        "dvar": 2.69130516052,
        "dvar2": 8.43271636963,
        "max": 18.9255561829,
        "mean": 4.65872812271,
        "median": 4.50019836426,
        "min": -1.24809765816,
        "var": 4.33634281158
    },
    "spectral_rms": {
        "dmean": 0.000803590635769,
        "dmean2": 0.00132161029615,
        "dvar": 1.10778671569e-06,
        "dvar2": 2.90542607218e-06,
        "max": 0.01393728517,
        "mean": 0.00658477516845,
        "median": 0.00698807137087,
        "min": 3.14187066121e-12,
        "var": 5.18112756254e-06
    },
    "spectral_rolloff": {
        "dmean": 293.880462646,
        "dmean2": 507.72052002,
        "dvar": 220597.9375,
        "dvar2": 492518.125,
        "max": 19509.0820312,
        "mean": 972.709777832,
        "median": 495.263671875,
        "min": 64.599609375,
        "var": 3404760.75
    },
    "spectral_skewness": {
        "dmean": 0.221047863364,
        "dmean2": 0.359629482031,
        "dvar": 0.0443947091699,
        "dvar2": 0.114109314978,
        "max": 3.2581243515,
        "mean": 1.43335163593,
        "median": 1.47666394711,
        "min": -0.0623012706637,
        "var": 0.154192641377
    },
    "spectral_spread": {
        "dmean": 502705.15625,
        "dmean2": 637627.4375,
        "dvar": 617632628736,
        "dvar2": 1.01384545894e+12,
        "max": 42862896,
        "mean": 4473198,
        "median": 3753726.5,
        "min": 2010515.5,
        "var": 1.35524148838e+13
    },
    "spectral_strongpeak": {
        "dmean": 0.241156443954,
        "dmean2": 0.418672591448,
        "dvar": 0.230409324169,
        "dvar2": 0.538618326187,
        "max": 11.9747676849,
        "mean": 0.566350758076,
        "median": 0.402242422104,
        "min": 0,
        "var": 0.403358876705
    },
    "zerocrossingrate": {
        "dmean": 0.00758246751502,
        "dmean2": 0.00928113423288,
        "dvar": 7.47243029764e-05,
        "dvar2": 0.000113923531899,
        "max": 0.5234375,
        "mean": 0.0497471392155,
        "median": 0.04345703125,
        "min": 0.005859375,
        "var": 0.0022460189648
    },
    "barkbands": {
        "dmean": [0.000484999327455, 0.00871847104281, 0.00281678698957, 0.00180824729614, 0.00414888141677, 0.00120562827215, 0.000509696954396, 0.000276619859505, 0.00027603545459, 0.000276685022982, 0.000120939977933, 0.000165371660842, 0.000128445943119, 0.000218678891542, 0.000369347340893, 0.000280763808405, 0.000341279286658, 0.000125793143525, 0.00015334993077, 0.000210753816646, 8.80027873791e-05, 2.23285805987e-05, 2.23853930947e-05, 1.72898617166e-05, 1.88585654541e-05, 9.06307250261e-05, 1.15455313789e-05],
        "dmean2": [0.000769227917772, 0.0145394187421, 0.00487266760319, 0.00306463241577, 0.00689421594143, 0.00182898889761, 0.000769018079154, 0.000435833004303, 0.000418675277615, 0.000422055396484, 0.000193199273781, 0.000271670374786, 0.000206511438591, 0.00033241318306, 0.000583453977015, 0.000444633915322, 0.000534364371561, 0.000201048649615, 0.000246645387961, 0.000339688092936, 0.000143593293615, 3.81192512577e-05, 2.98922968796e-05, 2.11423757719e-05, 2.68660987786e-05, 0.000133050605655, 1.9390899979e-05],
        "dvar": [9.0635160177e-07, 0.00027063608286, 2.36544819927e-05, 6.28732277619e-06, 5.06807227794e-05, 1.98693669518e-06, 5.84270310355e-07, 5.63614321436e-07, 4.70253695539e-07, 2.9701755011e-07, 6.87308201464e-08, 1.10489963845e-07, 6.08044388173e-08, 1.18307589503e-07, 4.19666719154e-07, 2.46481022259e-07, 4.01524090421e-07, 5.42013331994e-08, 4.06265741049e-08, 9.53416261495e-08, 1.44080587461e-08, 2.00571470543e-09, 1.87248327954e-09, 1.1676349887e-09, 2.08563832871e-09, 4.36347491473e-08, 9.85311499058e-10],
        "dvar2": [2.29741181101e-06, 0.000735558045562, 6.67057465762e-05, 1.83724641829e-05, 0.000139425377711, 4.96322991239e-06, 1.34354104375e-06, 1.31497574785e-06, 9.44903490563e-07, 6.48472678222e-07, 1.56925068495e-07, 3.14383783007e-07, 1.5772421591e-07, 2.82595351564e-07, 8.84141968527e-07, 6.19360548626e-07, 8.7842153107e-07, 1.30887073624e-07, 1.06192047156e-07, 2.4862700343e-07, 3.65871528629e-08, 5.69594593713e-09, 3.07701042424e-09, 1.86278525938e-09, 4.67198502108e-09, 9.51697600726e-08, 2.59355892318e-09],
        "max": [0.00991744548082, 0.162210971117, 0.0636314451694, 0.0454283319414, 0.0903891250491, 0.0317983403802, 0.017761727795, 0.0385035127401, 0.0214388780296, 0.0288066472858, 0.00723463436589, 0.00608343770728, 0.00459798332304, 0.0107188746333, 0.0262604672462, 0.0143464878201, 0.016291750595, 0.0101032275707, 0.00384189444594, 0.00623192032799, 0.00234998180531, 0.000551553443074, 0.000542328110896, 0.000437050533947, 0.00060830428265, 0.00293447403237, 0.000307571870508],
        "mean": [0.000757962756325, 0.0184332486242, 0.00552771566436, 0.00329843419604, 0.0097032180056, 0.00344205810688, 0.00160566985141, 0.000585443223827, 0.000702694931533, 0.000575490936171, 0.000217990178498, 0.000281584623735, 0.000253941456322, 0.000454736553365, 0.000716819660738, 0.000605151697528, 0.000785756157711, 0.000325133325532, 0.000408504332881, 0.000567146460526, 0.000232831094763, 4.071334115e-05, 3.62235914508e-05, 3.29515351041e-05, 3.30973816745e-05, 0.000117652729386, 1.16618411994e-05],
        "median": [7.61408446124e-05, 0.0168295018375, 0.00367217417806, 0.00264414027333, 0.00690641440451, 0.00254310853779, 0.000967230182141, 0.00019272978534, 0.000165037767147, 0.000256788072875, 6.70483859722e-05, 0.000155784990056, 9.99689946184e-05, 0.000271194963716, 0.000437389360741, 0.000337070028763, 0.000398198200855, 0.000153808970936, 0.000303132168483, 0.000460219045635, 0.000182302785106, 2.50001448876e-05, 1.11665658551e-05, 9.17266334e-06, 6.38247684037e-06, 1.39158873935e-05, 1.09348457045e-06],
        "min": [5.43089564566e-25, 2.5210247204e-24, 1.51423142517e-24, 4.05017385041e-25, 7.02113736892e-24, 4.82462596468e-24, 1.08377174259e-23, 1.02836893681e-23, 1.01801348082e-23, 1.62477988779e-23, 8.99103033434e-24, 1.67446076988e-23, 2.6214043518e-23, 3.71908726202e-23, 2.63432762892e-23, 6.16999857736e-23, 4.94339370712e-23, 7.78639666026e-23, 1.03506855893e-22, 1.60722180042e-22, 2.21213233323e-22, 3.34065326774e-22, 4.11626055244e-22, 5.72725487504e-22, 8.04285268998e-22, 1.31404486355e-21, 1.94537834917e-21],
        "var": [1.78437960585e-06, 0.000345151667716, 3.50023146893e-05, 9.5075547506e-06, 9.81545235845e-05, 1.11028239189e-05, 3.8457210394e-06, 1.52002428422e-06, 2.39433552451e-06, 1.17894569485e-06, 1.80953549034e-07, 1.46989563632e-07, 1.4804165005e-07, 3.08320409204e-07, 1.02443971173e-06, 7.48040974941e-07, 1.38701693686e-06, 4.39673812025e-07, 1.49748785816e-07, 2.8745236591e-07, 4.72797765383e-08, 2.85856982529e-09, 4.14488310341e-09, 3.26912963367e-09, 3.65672581104e-09, 6.39447534923e-08, 8.92149187859e-10]
    },
    "erbbands": {
        "dmean": [0.312800318003, 1.81594204903, 3.12642216682, 4.39021158218, 13.055059433, 14.6364927292, 11.9773826599, 7.70649337769, 8.99127578735, 7.28057098389, 4.77840900421, 6.73132562637, 8.29717826843, 6.47614383698, 4.58278226852, 7.9240064621, 6.12695503235, 10.3738775253, 15.8409004211, 17.1648235321, 18.844877243, 12.7239818573, 5.93900918961, 8.01567935944, 7.38552856445, 12.2244205475, 5.6520781517, 1.6003036499, 0.874794483185, 0.403353333473, 0.575515627861, 0.593248963356, 0.250932693481, 0.205125823617, 0.179026141763, 0.64175838232, 0.0971014946699, 0.0152736445889, 0.00209156586789, 0.000116863258881],
        "dmean2": [0.51913869381, 3.04969859123, 5.50177955627, 7.51222419739, 21.47615242, 24.9950275421, 17.8043689728, 12.3722238541, 13.847111702, 11.1989917755, 7.52812242508, 10.2518482208, 12.428437233, 10.0978431702, 7.40150594711, 13.0223007202, 9.62654018402, 16.2326869965, 23.9440441132, 27.7457408905, 29.9242954254, 19.9613113403, 9.50645065308, 12.8285531998, 11.9207258224, 19.6258983612, 9.24047374725, 2.71871376038, 1.52201259136, 0.632535815239, 0.777089834213, 0.756676733494, 0.33427798748, 0.283631384373, 0.243694618344, 0.968197703362, 0.139694437385, 0.0229048300534, 0.00366751151159, 0.000186186269275],
        "dvar": [0.348592817783, 12.124121666, 33.2307815552, 36.4645347595, 532.503540039, 801.048950195, 334.705566406, 94.483581543, 150.117401123, 223.280303955, 183.239730835, 380.608734131, 296.294342041, 204.745162964, 78.2432937622, 262.905944824, 129.520904541, 264.445526123, 1179.23156738, 847.721496582, 1089.8918457, 539.897949219, 118.368797302, 135.498565674, 98.9348678589, 356.292633057, 56.1086006165, 7.39540147781, 3.48217988014, 0.900700747967, 1.25359737873, 1.41285610199, 0.272782146931, 0.209864035249, 0.178835749626, 2.20911026001, 0.0487080663443, 0.00158500613179, 2.99696694128e-05, 8.04734199278e-08],
        "dvar2": [0.946050465107, 33.3013763428, 95.4268722534, 105.919532776, 1408.29199219, 2402.68725586, 866.390808105, 258.668762207, 366.632385254, 499.995269775, 462.987976074, 765.170227051, 631.370849609, 471.760681152, 188.574401855, 750.085083008, 326.307678223, 690.271728516, 2293.30810547, 2192.99536133, 2691.96435547, 1250.95654297, 274.08706665, 347.507202148, 252.499450684, 934.891113281, 139.63999939, 21.0970363617, 10.0830841064, 1.66291129589, 2.24373340607, 2.38211417198, 0.470718473196, 0.436318188906, 0.409346997738, 4.91878414154, 0.103291369975, 0.00383293093182, 7.90717167547e-05, 1.99675909585e-07],
        "max": [7.22552776337, 32.0136489868, 78.9862060547, 108.825180054, 274.386199951, 433.961395264, 427.516906738, 164.524139404, 225.780044556, 674.223999023, 587.083068848, 643.055603027, 1065.25866699, 584.723937988, 260.571746826, 303.569549561, 232.059738159, 256.92376709, 1532.19360352, 753.849365234, 862.434509277, 736.811828613, 518.27130127, 209.940383911, 194.516906738, 378.991485596, 136.398544312, 45.2549781799, 23.8473014832, 12.4510259628, 14.0930118561, 13.5150051117, 6.54695129395, 5.51283025742, 5.09802341461, 23.1839103699, 2.23198509216, 0.331163167953, 0.053274795413, 0.00326644256711],
        "mean": [0.580978393555, 3.89721775055, 6.47600412369, 9.87411689758, 24.9028568268, 31.5048713684, 32.0159492493, 21.4138717651, 25.923034668, 21.0141620636, 10.9045791626, 17.6956653595, 18.5606689453, 13.7678766251, 9.32029724121, 13.9609603882, 13.7892560959, 22.1629199982, 32.7007980347, 35.8131141663, 44.3441314697, 33.3872909546, 17.9930801392, 20.7338695526, 20.8219833374, 30.6875667572, 16.4143676758, 4.63467788696, 1.65055441856, 0.768509089947, 0.996287107468, 0.921180188656, 0.507286608219, 0.378827810287, 0.272524952888, 0.773533344269, 0.136988148093, 0.0179802346975, 0.00222281320021, 0.000172854852281],
        "median": [0.429892480373, 3.51471018791, 5.19270038605, 8.66774368286, 16.2227344513, 19.3507995605, 19.2890853882, 15.614648819, 16.0602760315, 7.68483829498, 5.20747280121, 4.1804561615, 9.25783538818, 6.23731184006, 4.640001297, 8.32298278809, 6.50886535645, 14.5902938843, 17.3604164124, 24.0738697052, 26.5629348755, 18.8461112976, 10.166431427, 14.2060966492, 16.1504516602, 22.7255077362, 13.9353065491, 4.26497936249, 1.12635838985, 0.303246796131, 0.337017714977, 0.235286444426, 0.125584676862, 0.0756709054112, 0.0503480285406, 0.0852448940277, 0.0169512294233, 0.0019191930769, 0.000258378539002, 7.60361217544e-05],
        "min": [3.10822966462e-23, 1.09014407578e-21, 1.74279947456e-21, 6.73845520403e-21, 8.61494471587e-21, 3.10765196852e-20, 1.89173685775e-20, 6.26565080202e-20, 1.8322245731e-19, 2.01151739259e-19, 3.87011235436e-19, 3.60443615878e-19, 4.40368158958e-19, 4.41739831208e-19, 9.19521059079e-19, 8.49827990544e-19, 1.67813181097e-18, 2.09834711017e-18, 2.7881406744e-18, 2.50292611085e-18, 3.40832967842e-18, 3.86678605433e-18, 4.58473953494e-18, 5.36561085449e-18, 8.10297194506e-18, 8.73169124915e-18, 9.87135505453e-18, 9.47855676013e-18, 1.21193151493e-17, 9.13208885184e-18, 1.19612318352e-17, 1.09200414002e-17, 9.89852380175e-18, 8.24920920556e-18, 6.54137406257e-18, 4.25628224372e-18, 2.33456363013e-18, 9.69362309901e-19, 2.25312702674e-19, 2.55370300635e-20],
        "var": [0.459761619568, 15.0674419403, 39.7817230225, 65.943107605, 813.519348145, 1496.14331055, 1565.59436035, 393.333007812, 825.436584473, 1278.07788086, 381.71963501, 1929.0793457, 1118.05786133, 852.099060059, 196.956512451, 336.106201172, 369.991821289, 572.557556152, 2930.86865234, 1703.78588867, 3691.12963867, 2115.97924805, 1111.25756836, 478.61895752, 355.13067627, 982.845275879, 194.323776245, 13.4031209946, 4.28298282623, 2.13000750542, 2.71977734566, 2.91569375992, 0.756256043911, 0.450393408537, 0.275965005159, 2.98063445091, 0.0798867717385, 0.00179438758641, 2.8196052881e-05, 8.72898979765e-08]
    },
    "gfcc": {
        "mean": [2.67799210548, 110.19229126, -107.033958435, 48.2152481079, -29.1058349609, -6.7467083931, -33.9849853516, 2.78503060341, -28.0519828796, 8.71203231812, -15.9817323685, -4.18264627457, -1.21893668175],
        "cov": [[20321.1386719, 369.708679199, -401.789794922, 440.180603027, -170.405166626, 160.966644287, -511.80065918, 348.450042725, -379.505371094, 294.155548096, -232.614440918, 190.394256592, -160.956619263], [369.708679199, 1258.71179199, -816.472351074, 283.722167969, -124.951942444, -189.334991455, 133.716964722, -250.555206299, 100.120834351, -160.007293701, 85.9868850708, -200.577011108, 154.996795654], [-401.789794922, -816.472351074, 1041.66186523, -132.8828125, 264.964233398, 246.471633911, -33.1477470398, 254.695541382, -50.4289512634, 130.89730835, -45.7674217224, 209.372619629, -105.203414917], [440.180603027, 283.722167969, -132.8828125, 230.321578979, 58.901348114, -25.1387119293, 51.3642921448, -11.5832738876, 27.2280788422, 7.26041030884, 35.2404785156, -6.59171199799, 43.179233551], [-170.405166626, -124.951942444, 264.964233398, 58.901348114, 227.090637207, 44.8880081177, 55.7456932068, 99.9411468506, -1.37868654728, 85.7186050415, -2.62172794342, 78.1437072754, -7.58530855179], [160.966644287, -189.334991455, 246.471633911, -25.1387119293, 44.8880081177, 167.494628906, 7.14718818665, 62.9822311401, -7.53723859787, 20.4191360474, -10.3131389618, 50.6910400391, -17.6415405273], [-511.80065918, 133.716964722, -33.1477470398, 51.3642921448, 55.7456932068, 7.14718818665, 135.562866211, 12.7211952209, 38.7581443787, -9.47362136841, 6.39040660858, -9.73657608032, 37.8184051514], [348.450042725, -250.555206299, 254.695541382, -11.5832738876, 99.9411468506, 62.9822311401, 12.7211952209, 214.541595459, 19.6222858429, 54.6016769409, -40.3555603027, 72.4460144043, -46.6996269226], [-379.505371094, 100.120834351, -50.4289512634, 27.2280788422, -1.37868654728, -7.53723859787, 38.7581443787, 19.6222858429, 101.348358154, -4.17508172989, 23.4243297577, -39.0626945496, 4.59600448608], [294.155548096, -160.007293701, 130.89730835, 7.26041030884, 85.7186050415, 20.4191360474, -9.47362136841, 54.6016769409, -4.17508172989, 155.471725464, 12.0303354263, 45.742401123, -44.3611183167], [-232.614440918, 85.9868850708, -45.7674217224, 35.2404785156, -2.62172794342, -10.3131389618, 6.39040660858, -40.3555603027, 23.4243297577, 12.0303354263, 82.806427002, 8.26937103271, 6.72349596024], [190.394256592, -200.577011108, 209.372619629, -6.59171199799, 78.1437072754, 50.6910400391, -9.73657608032, 72.4460144043, -39.0626945496, 45.742401123, 8.26937103271, 123.451339722, -10.0067968369], [-160.956619263, 154.996795654, -105.203414917, 43.179233551, -7.58530855179, -17.6415405273, 37.8184051514, -46.6996269226, 4.59600448608, -44.3611183167, 6.72349596024, -10.0067968369, 91.1455001831]],
        "icov": [[9.81840930763e-05, -0.000199170477572, 9.27228393266e-05, -0.000196162058273, 0.000206062977668, -0.000281589309452, 0.000444474018877, -0.000363513681805, 0.00038127307198, -0.00031746190507, 0.000327227287926, -0.000185888304259, 8.57269624248e-05], [-0.000199170477572, 0.00346155813895, 0.0011005687993, -0.00177493761294, -0.0010145715205, 0.000818835222162, -0.00199408805929, 0.00172649917658, -0.0013857234735, 0.00208794395439, -0.00175586959813, 0.00193704525009, -0.000912748102564], [9.27228393266e-05, 0.0011005687993, 0.00411731377244, 0.000771126302425, -0.00348995090462, -0.00316876661964, 0.00131855416112, -0.000563701847568, -0.000294353929348, 0.000884239503648, 0.000211013495573, -0.00169054162689, 0.00118356966414], [-0.000196162058273, -0.00177493761294, 0.000771126302425, 0.00887606292963, -0.00374764110893, -0.000483473326312, 0.000100474775536, -0.000828703632578, -0.000504116876982, -0.000233593018493, -0.00231466768309, -0.000387641543057, -0.00147476850543], [0.000206062977668, -0.0010145715205, -0.00348995090462, -0.00374764110893, 0.0131963696331, 0.00201881327666, -0.00378647702746, -0.0021210948471, 0.00180376123171, -0.00510519510135, 0.00177324248943, -0.00223241164349, -0.00114189065062], [-0.000281589309452, 0.000818835222162, -0.00316876661964, -0.000483473326312, 0.00201881327666, 0.0107657136396, -0.00331297004595, 0.000769406440668, -0.00106634665281, 0.000887595873792, -0.000922541657928, 3.73450457118e-05, -0.000739676121157], [0.000444474018877, -0.00199408805929, 0.00131855416112, 0.000100474775536, -0.00378647702746, -0.00331297004595, 0.0143984900787, -0.00263258465566, -0.00147432670929, -0.000640822690912, 0.00186744600069, -0.000319137616316, -0.00303954421543], [-0.000363513681805, 0.00172649917658, -0.000563701847568, -0.000828703632578, -0.0021210948471, 0.000769406440668, -0.00263258465566, 0.0134787540883, -0.00874166190624, 0.00140155956615, 0.00658490043133, -0.00620813900605, 0.00409037526697], [0.00038127307198, -0.0013857234735, -0.000294353929348, -0.000504116876982, 0.00180376123171, -0.00106634665281, -0.00147432670929, -0.00874166190624, 0.0203311443329, -0.0017145415768, -0.00800643954426, 0.00944799836725, -0.00122638698667], [-0.00031746190507, 0.00208794395439, 0.000884239503648, -0.000233593018493, -0.00510519510135, 0.000887595873792, -0.000640822690912, 0.00140155956615, -0.0017145415768, 0.0119612505659, -0.00335269933566, -7.00110031175e-05, 0.00389866973273], [0.000327227287926, -0.00175586959813, 0.000211013495573, -0.00231466768309, 0.00177324248943, -0.000922541657928, 0.00186744600069, 0.00658490043133, -0.00800643954426, -0.00335269933566, 0.0224836412817, -0.0108214318752, 0.0033972512465], [-0.000185888304259, 0.00193704525009, -0.00169054162689, -0.000387641543057, -0.00223241164349, 3.73450457118e-05, -0.000319137616316, -0.00620813900605, 0.00944799836725, -7.00110031175e-05, -0.0108214318752, 0.0226633772254, -0.00584093341604], [8.57269624248e-05, -0.000912748102564, 0.00118356966414, -0.00147476850543, -0.00114189065062, -0.000739676121157, -0.00303954421543, 0.00409037526697, -0.00122638698667, 0.00389866973273, 0.0033972512465, -0.00584093341604, 0.0189260113984]]
    },
    "melbands": {
        "dmean": [0.00258344435133, 0.00176628329791, 0.000934267416596, 0.00102235365193, 0.000434714544099, 0.000189096768736, 0.000129946187371, 7.55980727263e-05, 4.00185199396e-05, 4.12184308516e-05, 4.13001216657e-05, 2.71857043117e-05, 1.76992871275e-05, 1.79788748937e-05, 1.66489353433e-05, 1.25108354041e-05, 2.18744135054e-05, 2.48304659181e-05, 2.27121654461e-05, 2.12713348446e-05, 2.70549044217e-05, 1.79600647243e-05, 7.73255578679e-06, 6.9697643994e-06, 7.23728180674e-06, 6.67650556352e-06, 5.96269001107e-06, 8.57705435919e-06, 5.10913650942e-06, 2.06688309845e-06, 8.78065463894e-07, 5.56627753667e-07, 3.47453578797e-07, 2.08033569038e-07, 2.25952959454e-07, 7.01127532921e-07, 2.28709836847e-07, 1.94290848299e-07, 1.68945746282e-07, 1.86644200539e-07],
        "dmean2": [0.00428371271119, 0.00306061888114, 0.0015679767821, 0.00172718695831, 0.00067186052911, 0.0002980879799, 0.000200319162104, 0.000117210620374, 6.23156302026e-05, 6.25980319455e-05, 6.18909180048e-05, 4.25618163717e-05, 2.82737437374e-05, 2.96522102872e-05, 2.66397364612e-05, 2.01274215215e-05, 3.42038874805e-05, 3.7337122194e-05, 3.56673263013e-05, 3.43067331414e-05, 4.27394734288e-05, 2.80161966657e-05, 1.21240909721e-05, 1.10875189421e-05, 1.15571465358e-05, 1.07191954157e-05, 9.59305180004e-06, 1.37203187478e-05, 8.16696319816e-06, 3.44669069818e-06, 1.48935532707e-06, 9.70561245595e-07, 5.77756168241e-07, 3.17416748885e-07, 3.36865070949e-07, 9.45871192926e-07, 2.85613367623e-07, 2.80799440588e-07, 2.18248601414e-07, 2.76142117173e-07],
        "dvar": [2.36546693486e-05, 1.06119141492e-05, 1.47843559262e-06, 3.27983730131e-06, 5.02626164689e-07, 5.24608658736e-08, 3.11352579274e-08, 2.73314455512e-08, 1.18027019269e-08, 1.21634977646e-08, 7.42899519679e-09, 3.99653155014e-09, 1.4760079825e-09, 1.28684418677e-09, 7.92604482047e-10, 5.36281963281e-10, 1.26692667468e-09, 2.6963558053e-09, 1.29352317746e-09, 1.15536802348e-09, 2.26717200569e-09, 1.26409382961e-09, 2.92436852511e-10, 2.23820725842e-10, 1.18799706184e-10, 9.33771185374e-11, 7.87545445524e-11, 1.67841865406e-10, 4.84607978746e-11, 7.5877897715e-12, 2.53611823382e-12, 1.32209748791e-12, 5.54577434322e-13, 2.56740511012e-13, 2.03246843184e-13, 2.14134894712e-12, 1.81286084235e-13, 1.62629607589e-13, 1.14298802085e-13, 1.99911688223e-13],
        "dvar2": [6.37491684756e-05, 3.01266627503e-05, 4.09077347285e-06, 9.20584898267e-06, 1.42540102388e-06, 1.41835798217e-07, 7.4869056732e-08, 6.14385129438e-08, 2.9519741318e-08, 2.45713476232e-08, 1.57240034326e-08, 9.22340692711e-09, 3.38338623784e-09, 3.68084163149e-09, 2.16253126517e-09, 1.44110290368e-09, 3.2904761138e-09, 5.39199440652e-09, 2.90335333553e-09, 2.96463031901e-09, 5.46208633878e-09, 2.8293458687e-09, 6.40999586743e-10, 5.1730097983e-10, 2.99488600586e-10, 2.4278379307e-10, 2.04276373594e-10, 4.3323511445e-10, 1.18348622569e-10, 2.06380242757e-11, 7.21978683435e-12, 3.72719520178e-12, 1.49662508948e-12, 4.40894472624e-13, 4.34275282835e-13, 3.67659461903e-12, 3.14597984165e-13, 3.21138569296e-13, 1.87084261928e-13, 4.56406342841e-13],
        "max": [0.0544950738549, 0.0381996445358, 0.0169004108757, 0.0208276957273, 0.0127515029162, 0.00374747160822, 0.00357930012979, 0.00866378750652, 0.00459316000342, 0.00358682242222, 0.00538747711107, 0.002559725428, 0.001154863392, 0.00066800013883, 0.000402507430408, 0.000322890118696, 0.000576341175474, 0.00216891267337, 0.00117893097922, 0.000739645853173, 0.00105338636786, 0.000983361504041, 0.000824166403618, 0.000788047094829, 0.000183888580068, 0.000164970697369, 0.00019887482631, 0.000244891882176, 0.000139094088809, 3.7008223444e-05, 2.81891661871e-05, 1.54720182763e-05, 8.77556703927e-06, 6.72691976433e-06, 6.87029114488e-06, 1.80388269655e-05, 4.80000198877e-06, 5.08097309648e-06, 4.71650855616e-06, 5.82865868637e-06],
        "mean": [0.00522003835067, 0.00411479873583, 0.00210226513445, 0.00215660827234, 0.00114736903924, 0.000534505001269, 0.000384059239877, 0.000204377123737, 8.96000055945e-05, 0.00010615982319, 8.91346135177e-05, 5.48987809452e-05, 3.34438518621e-05, 3.09195493173e-05, 3.33127609338e-05, 2.5531369829e-05, 4.36725385953e-05, 4.90013590024e-05, 4.59447146568e-05, 4.39133582404e-05, 5.77315877308e-05, 4.13519373978e-05, 1.87010409718e-05, 1.71910123754e-05, 1.61729549291e-05, 1.5420235286e-05, 1.55972320499e-05, 2.01622060558e-05, 1.24081598187e-05, 4.67071276944e-06, 1.96100563699e-06, 9.84022449302e-07, 5.30136958332e-07, 3.74289413685e-07, 4.39316494294e-07, 9.42212693644e-07, 4.02151925982e-07, 3.53192689317e-07, 3.33386708462e-07, 3.1771045883e-07],
        "median": [0.00441636145115, 0.00377761176787, 0.00180859351531, 0.00143567752093, 0.000770511338487, 0.000394539732952, 0.000244486989686, 6.97196519468e-05, 3.39439939125e-05, 2.62718476733e-05, 4.07084116887e-05, 2.22453236347e-05, 1.17938379844e-05, 1.7702292098e-05, 1.9174276531e-05, 1.40032334457e-05, 2.58389409282e-05, 2.49190816248e-05, 3.01038344332e-05, 2.81669108517e-05, 3.19326063618e-05, 1.84667878784e-05, 8.72886084835e-06, 7.4725739978e-06, 1.01077248473e-05, 1.00447523437e-05, 1.18066309369e-05, 1.47945611388e-05, 8.83401298779e-06, 3.7664174215e-06, 1.53620260335e-06, 6.50469360153e-07, 2.23453625381e-07, 1.29448864072e-07, 1.82974133622e-07, 1.82616190614e-07, 1.18618217471e-07, 9.32322166136e-08, 6.75715341458e-08, 6.17260340618e-08],
        "min": [7.09769365737e-25, 9.4711044572e-25, 1.27968661058e-24, 1.66202441715e-24, 7.21546713925e-25, 1.02480535628e-24, 3.37160807499e-24, 2.08964796729e-24, 3.10638021967e-24, 1.8885653504e-24, 2.06566600412e-24, 1.663325446e-24, 2.47856743762e-24, 2.44548576669e-24, 2.46932238224e-24, 2.62967256072e-24, 3.45219889393e-24, 4.3062141879e-24, 1.79158772109e-24, 2.97577699985e-24, 2.65884700358e-24, 2.606996754e-24, 3.45119349071e-24, 3.96392270796e-24, 3.70796771536e-24, 3.88117593216e-24, 4.91659965205e-24, 4.58082771306e-24, 5.71792613729e-24, 4.62561923526e-24, 5.25874322057e-24, 5.97499302934e-24, 4.81240295938e-24, 4.93272672996e-24, 6.11381913802e-24, 5.67974448062e-24, 6.30066044899e-24, 6.18984245232e-24, 5.31046883012e-24, 6.77789841969e-24],
        "var": [3.09109964292e-05, 1.29975624077e-05, 2.83963095171e-06, 5.77964829063e-06, 1.58777572778e-06, 2.3540567895e-07, 1.8205697927e-07, 1.33581366413e-07, 2.84578707266e-08, 6.08283770021e-08, 2.82526304574e-08, 1.60614721523e-08, 3.94982402341e-09, 1.77865933093e-09, 1.63906965778e-09, 1.00672692405e-09, 2.71300826249e-09, 6.52371312526e-09, 3.17641779546e-09, 2.51282417096e-09, 7.3157844227e-09, 4.42467129602e-09, 2.46568299112e-09, 1.92844451519e-09, 3.36312755422e-10, 3.05349856511e-10, 2.64582772358e-10, 4.39650704731e-10, 1.57483373564e-10, 1.70369256897e-11, 3.71769325394e-12, 1.61377562789e-12, 8.23343021365e-13, 6.38163458709e-13, 4.49533043168e-13, 3.71984040792e-12, 4.51627803081e-13, 3.74361295002e-13, 3.4327664951e-13, 3.42459621858e-13]
    },
    "mfcc": {
        "mean": [-640.900268555, 139.873260498, -9.6785993576, 56.3675689697, 17.0673618317, 6.41332054138, 6.53750371933, -11.0704679489, 2.33956480026, 5.02611064911, -12.5113477707, 1.18001413345, -1.40260994434],
        "cov": [[7962.125, 835.020812988, -42.1233329773, 371.534545898, 179.849517822, 15.0660800934, 69.8991088867, -19.6063652039, 51.7211952209, 100.508384705, -73.9811096191, 67.2007522583, 63.071269989], [835.020812988, 804.710998535, -286.643463135, 274.49029541, -91.0586700439, 46.3965797424, -4.97100782394, -49.9436264038, 19.6435489655, -4.49098157883, -32.9439048767, -25.4563541412, -45.292224884], [-42.1233329773, -286.643463135, 469.923919678, -137.970443726, 174.933654785, 24.2531261444, 53.0863494873, 116.677841187, -1.01950883865, 31.9299716949, 30.2484817505, 9.16096782684, 19.5980873108], [371.534545898, 274.49029541, -137.970443726, 307.224456787, 27.0907096863, 29.313791275, 40.325843811, -21.4296951294, 33.0920600891, 13.0925359726, -7.73270559311, 35.1066055298, 24.9432373047], [179.849517822, -91.0586700439, 174.933654785, 27.0907096863, 186.263870239, 16.9738254547, 48.6488990784, 50.5351715088, 8.73623752594, 32.6817245483, 17.9829845428, 26.5655059814, 38.9422264099], [15.0660800934, 46.3965797424, 24.2531261444, 29.313791275, 16.9738254547, 120.601638794, 44.4225196838, -8.20862674713, 0.863620221615, -6.66119813919, -3.91980528831, 14.3361101151, 1.94159460068], [69.8991088867, -4.97100782394, 53.0863494873, 40.325843811, 48.6488990784, 44.4225196838, 97.2602767944, 28.9960613251, 24.6301326752, 5.57346057892, -6.18638515472, 18.3990497589, 9.26239871979], [-19.6063652039, -49.9436264038, 116.677841187, -21.4296951294, 50.5351715088, -8.20862674713, 28.9960613251, 147.872024536, 42.0770530701, 17.3932781219, 15.4349317551, -12.5897388458, 6.62752103806], [51.7211952209, 19.6435489655, -1.01950883865, 33.0920600891, 8.73623752594, 0.863620221615, 24.6301326752, 42.0770530701, 90.9844818115, 46.401763916, 0.487552553415, -10.9785709381, -8.05441474915], [100.508384705, -4.49098157883, 31.9299716949, 13.0925359726, 32.6817245483, -6.66119813919, 5.57346057892, 17.3932781219, 46.401763916, 97.2440261841, 44.0362129211, 3.89693975449, 2.82594561577], [-73.9811096191, -32.9439048767, 30.2484817505, -7.73270559311, 17.9829845428, -3.91980528831, -6.18638515472, 15.4349317551, 0.487552553415, 44.0362129211, 92.8338699341, 32.8792533875, 13.2370033264], [67.2007522583, -25.4563541412, 9.16096782684, 35.1066055298, 26.5655059814, 14.3361101151, 18.3990497589, -12.5897388458, -10.9785709381, 3.89693975449, 32.8792533875, 85.6164932251, 46.6548576355], [63.071269989, -45.292224884, 19.5980873108, 24.9432373047, 38.9422264099, 1.94159460068, 9.26239871979, 6.62752103806, -8.05441474915, 2.82594561577, 13.2370033264, 46.6548576355, 88.0141220093]],
