{
"lowlevel": {
    "average_loudness": 0.702613532543,
    "barkbands_crest": {
        "dmean": 1.73129892349,
        "dmean2": 2.69181776047,
        "dvar": 4.26633214951,
        "dvar2": 10.4166173935,
        "max": 26.360616684,
        "mean": 12.7668323517,
        "median": 11.9807109833,
        "min": 2.98502635956,
        "var": 24.206489563
    },
    "barkbands_flatness_db": {
        "dmean": 0.0178192220628,
        "dmean2": 0.0251159109175,
        "dvar": 0.000497080385685,
        "dvar2": 0.000903464155272,
        "max": 0.524732768536,
        "mean": 0.216095194221,
        "median": 0.205582782626,
        "min": 0.0398460105062,
        "var": 0.00549292331561
    },
    "barkbands_kurtosis": {
        "dmean": 3.25841522217,
        "dmean2": 4.89334583282,
        "dvar": 71.2022781372,
        "dvar2": 141.740982056,
        "max": 311.641479492,
        "mean": 9.16012096405,
        "median": 2.36467576027,
        "min": -1.93761062622,
        "var": 475.566375732
    },
    "barkbands_skewness": {
        "dmean": 0.457967221737,
        "dmean2": 0.67590457201,
        "dvar": 0.441402822733,
        "dvar2": 0.922680497169,
        "max": 14.9827890396,
        "mean": 2.09286379814,
        "median": 1.75868570805,
        "min": -2.60993933678,
        "var": 3.32649040222
    },
    "barkbands_spread": {
        "dmean": 4.59255123138,
        "dmean2": 6.87687301636,
        "dvar": 60.9035758972,
        "dvar2": 129.509246826,
        "max": 106.972885132,
        "mean": 21.3145809174,
        "median": 18.2598438263,
        "min": 0.214931085706,
        "var": 242.086151123
    },
    "dissonance": {
        "dmean": 0.0123108495027,
        "dmean2": 0.0203010588884,
        "dvar": 0.000262707937509,
        "dvar2": 0.000688571191859,
        "max": 0.499935746193,
        "mean": 0.457808941603,
        "median": 0.468006193638,
        "min": 0.172907099128,
        "var": 0.00122543482576
    },
    "dynamic_complexity": 4.86252069473,
    "erbbands_crest": {
        "dmean": 1.58361387253,
        "dmean2": 2.44830346107,
        "dvar": 3.6375784874,
        "dvar2": 8.59230041504,
        "max": 29.6831207275,
        "mean": 10.1096515656,
        "median": 9.00013542175,
        "min": 2.88130235672,
        "var": 21.640838623
    },
    "erbbands_flatness_db": {
        "dmean": 0.0120899565518,
        "dmean2": 0.0171621534973,
        "dvar": 0.000249599601375,
        "dvar2": 0.000475534703583,
        "max": 0.425336807966,
        "mean": 0.212653174996,
        "median": 0.207045316696,
        "min": 0.0458278805017,
        "var": 0.00264963996597
    },
    "erbbands_kurtosis": {
        "dmean": 0.739874660969,
        "dmean2": 1.12456691265,
        "dvar": 3.28495621681,
        "dvar2": 6.17836761475,
        "max": 87.9714050293,
        "mean": 0.460016965866,
        "median": -0.581847548485,
        "min": -1.84397995472,
        "var": 19.4230289459
    },
    "erbbands_skewness": {
        "dmean": 0.270797044039,
        "dmean2": 0.405444651842,
        "dvar": 0.153282806277,
        "dvar2": 0.304687321186,
        "max": 7.87962961197,
        "mean": 0.041986130178,
        "median": -0.0821932703257,
        "min": -6.29346084595,
        "var": 1.13304960728
    },
    "erbbands_spread": {
        "dmean": 6.52120542526,
        "dmean2": 10.0244674683,
        "dvar": 82.3311767578,
        "dvar2": 200.028076172,
        "max": 131.518798828,
        "mean": 44.8359832764,
        "median": 44.035030365,
        "min": 2.03449654579,
        "var": 397.169830322
    },
    "hfc": {
        "dmean": 3.2230758667,
        "dmean2": 4.5412197113,
        "dvar": 57.5230636597,
        "dvar2": 123.384780884,
        "max": 147.132598877,
        "mean": 13.6243658066,
        "median": 6.85411691666,
        "min": 1.07798733293e-16,
        "var": 273.858459473
    },
    "melbands_crest": {
        "dmean": 2.10922527313,
        "dmean2": 3.31828999519,
        "dvar": 6.10712337494,
        "dvar2": 15.5803203583,
        "max": 33.8662910461,
        "mean": 16.7393665314,
        "median": 16.5372543335,
        "min": 1.61860430241,
        "var": 25.848236084
    },
    "melbands_flatness_db": {
        "dmean": 0.0211749710143,
        "dmean2": 0.0293228533119,
        "dvar": 0.000774916086812,
        "dvar2": 0.00145158835221,
        "max": 0.654128670692,
        "mean": 0.263264477253,
        "median": 0.24791637063,
        "min": 0.00443184515461,
        "var": 0.00893711298704
    },
    "melbands_kurtosis": {
        "dmean": 7.16472625732,
        "dmean2": 10.8705558777,
        "dvar": 222.648117065,
        "dvar2": 468.143676758,
        "max": 499.221618652,
        "mean": 24.3698787689,
        "median": 12.7905044556,
        "min": -1.91894745827,
        "var": 1191.20239258
    },
    "melbands_skewness": {
        "dmean": 0.587359130383,
        "dmean2": 0.880965352058,
        "dvar": 0.660656809807,
        "dvar2": 1.44889485836,
        "max": 18.9355049133,
        "mean": 3.59440302849,
        "median": 3.27926778793,
        "min": -1.16454720497,
        "var": 4.81247711182
    },
    "melbands_spread": {
        "dmean": 6.41775512695,
        "dmean2": 9.76361656189,
        "dvar": 183.759094238,
        "dvar2": 423.417419434,
        "max": 224.936233521,
        "mean": 22.8114929199,
        "median": 16.272726059,
        "min": 0.368912786245,
        "var": 518.224609375
    },
    "pitch_salience": {
        "dmean": 0.0487696677446,
        "dmean2": 0.0761429518461,
        "dvar": 0.00302785402164,
        "dvar2": 0.00747875357047,
        "max": 0.93746060133,
        "mean": 0.464623242617,
        "median": 0.46856802702,
        "min": 0.0446529202163,
        "var": 0.0154806524515
    },
    "silence_rate_20dB": {
        "dmean": 0,
        "dmean2": 0,
        "dvar": 0,
        "dvar2": 0,
        "max": 1,
        "mean": 1,
        "median": 1,
        "min": 1,
        "var": 0
    },
    "silence_rate_30dB": {
        "dmean": 0,
        "dmean2": 0,
        "dvar": 0,
        "dvar2": 0,
        "max": 1,
        "mean": 1,
        "median": 1,
        "min": 1,
        "var": 0
    },
    "silence_rate_60dB": {
        "dmean": 0.0306513402611,
        "dmean2": 0.0613069534302,
        "dvar": 0.0297165308148,
        "dvar2": 0.0621593333781,
        "max": 1,
        "mean": 0.144956812263,
        "median": 0,
        "min": 0,
        "var": 0.12393373996
    },
    "spectral_centroid": {
        "dmean": 233.596878052,
        "dmean2": 348.48739624,
        "dvar": 142579.953125,
        "dvar2": 292875.8125,
        "max": 11225.2988281,
        "mean": 1431.79370117,
        "median": 1311.46826172,
        "min": 115.146324158,
        "var": 751773.5625
    },
    "spectral_complexity": {
        "dmean": 1.83894109726,
        "dmean2": 2.85732197762,
        "dvar": 7.09079313278,
        "dvar2": 13.6251363754,
        "max": 39,
        "mean": 10.7760515213,
        "median": 10,
        "min": 0,
        "var": 44.6551322937
    },
    "spectral_decrease": {
        "dmean": 6.19321538498e-10,
        "dmean2": 9.1141899583e-10,
        "dvar": 9.48879146585e-19,
        "dvar2": 1.91066086316e-18,
        "max": 7.69950873943e-25,
        "mean": -3.86381948658e-09,
        "median": -3.43594264152e-09,
        "min": -1.56319419631e-08,
        "var": 7.92246541897e-18
    },
    "spectral_energy": {
        "dmean": 0.00254231365398,
        "dmean2": 0.00371604133397,
        "dvar": 1.6649330064e-05,
        "dvar2": 3.29232752847e-05,
        "max": 0.0652976930141,
        "mean": 0.015818670392,
        "median": 0.0137396529317,
        "min": 1.05014932771e-20,
        "var": 0.000138289047754
    },
    "spectral_energyband_high": {
        "dmean": 0.000358203862561,
        "dmean2": 0.00054134556558,
        "dvar": 1.05189440092e-06,
        "dvar2": 2.47642856266e-06,
        "max": 0.0188985634595,
        "mean": 0.000710505293682,
        "median": 0.000212848521187,
        "min": 7.08433665742e-21,
        "var": 1.69791780991e-06
    },
    "spectral_energyband_low": {
        "dmean": 0.00104165379889,
        "dmean2": 0.00160970794968,
        "dvar": 3.48024400409e-06,
        "dvar2": 8.36804792925e-06,
        "max": 0.0295539516956,
        "mean": 0.003998585511,
        "median": 0.00188383786008,
        "min": 3.05430534195e-23,
        "var": 2.09581994568e-05
    },
    "spectral_energyband_middle_high": {
        "dmean": 0.00063948566094,
        "dmean2": 0.000848977419082,
        "dvar": 2.60457386503e-06,
        "dvar2": 4.36450591224e-06,
        "max": 0.0425170995295,
        "mean": 0.00344860646874,
        "median": 0.00114604504779,
        "min": 1.36897533097e-21,
        "var": 2.7780452001e-05
    },
    "spectral_energyband_middle_low": {
        "dmean": 0.0015702904202,
        "dmean2": 0.00236118887551,
        "dvar": 6.96063852956e-06,
        "dvar2": 1.5361192709e-05,
        "max": 0.0506456159055,
        "mean": 0.00817352067679,
        "median": 0.00565438251942,
        "min": 1.67714352805e-22,
        "var": 6.89279768267e-05
    },
    "spectral_entropy": {
        "dmean": 0.147513240576,
        "dmean2": 0.207639530301,
        "dvar": 0.0443818941712,
        "dvar2": 0.0796395167708,
        "max": 9.81078147888,
        "mean": 6.93448400497,
        "median": 7.04721260071,
        "min": 3.98773407936,
        "var": 0.440360486507
    },
    "spectral_flux": {
        "dmean": 0.0124389315024,
        "dmean2": 0.019288405776,
        "dvar": 0.000306692847516,
        "dvar2": 0.000680827070028,
        "max": 0.211219921708,
        "mean": 0.0336854979396,
        "median": 0.0253714304417,
        "min": 6.54580278869e-11,
        "var": 0.000789002631791
    },
    "spectral_kurtosis": {
        "dmean": 2.73862457275,
        "dmean2": 4.75318336487,
        "dvar": 14.6966791153,
        "dvar2": 42.3423118591,
        "max": 93.6256790161,
        "mean": 4.89545583725,
        "median": 2.78992199898,
        "min": -1.24235832691,
        "var": 50.9685058594
    },
    "spectral_rms": {
        "dmean": 0.00033358100336,
        "dmean2": 0.000477449706523,
        "dvar": 2.59040945139e-07,
        "dvar2": 4.61041736344e-07,
        "max": 0.00798154529184,
        "mean": 0.00357885961421,
        "median": 0.00366122089326,
        "min": 3.2008373816e-12,
        "var": 2.62468620349e-06
    },
    "spectral_rolloff": {
        "dmean": 426.845550537,
        "dmean2": 704.190246582,
        "dvar": 813519.6875,
        "dvar2": 1760566.75,
        "max": 19186.0839844,
        "mean": 1474.15698242,
        "median": 1119.7265625,
        "min": 86.1328125,
        "var": 2533321.5
    },
    "spectral_skewness": {
        "dmean": 0.295908838511,
        "dmean2": 0.496855676174,
        "dvar": 0.104402028024,
        "dvar2": 0.27431717515,
        "max": 7.31286716461,
        "mean": 1.19770610332,
        "median": 0.979433655739,
        "min": -0.145521953702,
        "var": 0.708364546299
    },
    "spectral_spread": {
        "dmean": 315632.375,
        "dmean2": 477479.1875,
        "dvar": 317078274048,
        "dvar2": 614328958976,
        "max": 41777784,
        "mean": 3506098,
        "median": 3371767.25,
        "min": 771921.4375,
        "var": 2.15791501312e+12
    },
    "spectral_strongpeak": {
        "dmean": 0.253203004599,
        "dmean2": 0.42769742012,
        "dvar": 0.662544965744,
        "dvar2": 1.66987395287,
        "max": 17.8982925415,
        "mean": 1.02509284019,
        "median": 0.437538027763,
        "min": 0,
        "var": 2.07244825363
    },
    "zerocrossingrate": {
        "dmean": 0.00795614439994,
        "dmean2": 0.00910276826471,
        "dvar": 0.000140570104122,
        "dvar2": 0.000172311411006,
        "max": 0.5244140625,
        "mean": 0.0522712282836,
        "median": 0.04541015625,
        "min": 0.0029296875,
        "var": 0.00141387945041
    },
    "barkbands": {
        "dmean": [1.05995047761e-06, 0.000328013760736, 0.000606069981586, 0.000409118685639, 0.000986657687463, 0.000322562031215, 0.000185414377484, 6.36909753666e-05, 9.58054224611e-05, 5.07643671881e-05, 4.07590669056e-05, 0.000103908823803, 0.000189801998204, 0.00017330989067, 0.000106536674139, 2.55286468018e-05, 8.88811700861e-05, 0.00014759581245, 6.63834871375e-05, 0.000145131823956, 0.00010231671331, 0.000121008997667, 5.8761179389e-05, 2.33747050515e-05, 5.94147559241e-06, 2.64097320724e-06, 1.71183657471e-07],
        "dmean2": [1.66941185853e-06, 0.000494232925121, 0.000967985077295, 0.000630352820735, 0.00154490268324, 0.000457419635495, 0.000237082756939, 8.59920473886e-05, 0.000111946559628, 6.30324648228e-05, 5.14788771397e-05, 0.000143222408951, 0.000253734790022, 0.000237740721786, 0.000158040915267, 3.4876029531e-05, 0.000127985258587, 0.000215952823055, 9.44984130911e-05, 0.000215220134123, 0.000159276489285, 0.000189672617125, 9.26533175516e-05, 3.55129122909e-05, 9.3881471912e-06, 4.15024942413e-06, 2.64719403731e-07],
        "dvar": [1.49774515706e-11, 1.05968240405e-06, 1.32320417379e-06, 6.38802930553e-07, 3.62195100934e-06, 1.62879155141e-06, 4.4713200964e-07, 1.01978969269e-07, 2.25536368248e-07, 1.36437833476e-07, 4.90835354583e-08, 2.63338705508e-07, 3.91751740381e-07, 3.14886335673e-07, 1.54788409645e-07, 8.99424001943e-09, 8.51317878414e-08, 2.15473875187e-07, 6.70410145176e-08, 1.17925345933e-07, 1.08916957231e-07, 1.47268210071e-07, 4.29752695652e-08, 1.77082064567e-08, 6.15713702246e-10, 1.84250309454e-10, 5.527046377e-13],
        "dvar2": [3.349130695e-11, 1.9607844024e-06, 3.56320333594e-06, 1.76031335286e-06, 8.87124588189e-06, 3.20150047628e-06, 7.82506958785e-07, 1.74159779931e-07, 2.98712706126e-07, 2.1388110838e-07, 7.50651949488e-08, 4.99826569467e-07, 6.61016883896e-07, 5.83216660743e-07, 2.90703297878e-07, 1.4039420293e-08, 1.49793379478e-07, 4.1265047912e-07, 1.10558232791e-07, 2.47223482575e-07, 2.58048999058e-07, 3.75137062747e-07, 1.09879970012e-07, 3.84266449771e-08, 1.36260402961e-09, 3.9223815862e-10, 1.07389618031e-12],
        "max": [0.000100763172668, 0.0193621534854, 0.023127630353, 0.0205853544176, 0.0383708029985, 0.0411216542125, 0.0229000207037, 0.0184792205691, 0.0302972216159, 0.0212103817612, 0.0172350499779, 0.0329179540277, 0.0234320070595, 0.0213788766414, 0.0193514693528, 0.00478399218991, 0.0189595781267, 0.0167662389576, 0.0141306584701, 0.0117418002337, 0.00801145937294, 0.00808960106224, 0.00563821429387, 0.00940177682787, 0.00131045049056, 0.00105740060098, 5.33219790668e-05],
        "mean": [3.62561831935e-06, 0.00199840543792, 0.00150633102749, 0.00098115997389, 0.00272386381403, 0.00197105016559, 0.00145721691661, 0.000465549877845, 0.000539939152077, 0.000210743295611, 0.000136396367452, 0.000366047956049, 0.000612665200606, 0.000655314419419, 0.000260931468802, 7.13883709977e-05, 0.000300666783005, 0.000458919530502, 0.000218204615521, 0.000388061773265, 0.000175006716745, 0.000192330597201, 8.17803302198e-05, 3.30710572598e-05, 6.58791896058e-06, 3.18336446981e-06, 2.45527758125e-07],
        "median": [6.21138127599e-08, 9.77852541837e-05, 0.000677134259604, 0.000474462925922, 0.00131251418497, 0.0001833185961, 0.000125844206195, 1.40938791446e-05, 2.33177015616e-05, 1.52178217832e-05, 1.20608547149e-05, 5.78051185585e-05, 0.000110008913907, 7.28406448616e-05, 8.98808721104e-05, 1.31960987346e-05, 6.27738772891e-05, 0.000135573733132, 5.2890907682e-05, 0.000107785352156, 5.22353584529e-05, 3.92381625716e-05, 9.13719486562e-06, 1.76994115009e-06, 2.29702635579e-07, 3.61820085004e-08, 2.19886509001e-09],
        "min": [6.79533303455e-24, 7.64230064519e-24, 8.12312004439e-24, 4.91639612593e-24, 1.96940923591e-23, 1.4637015907e-23, 1.14504320018e-23, 1.12974892273e-23, 2.32946475903e-23, 1.69643117718e-23, 3.08879339409e-23, 4.18181886953e-23, 3.81215423172e-23, 4.16892730461e-23, 6.61044233994e-23, 8.15906843584e-23, 9.17147358894e-23, 1.77393613003e-22, 1.89994902347e-22, 2.40148065993e-22, 2.97728727405e-22, 3.76853596657e-22, 5.12643316607e-22, 6.55489391044e-22, 9.51625856354e-22, 1.34555537598e-21, 1.99728332677e-21],
        "var": [1.09470744969e-10, 1.33946186907e-05, 4.68211464977e-06, 1.96062296709e-06, 1.29332956931e-05, 2.41941943386e-05, 9.12476116355e-06, 3.42442240253e-06, 4.59597595182e-06, 1.26720283333e-06, 2.79021975302e-07, 1.39321969073e-06, 2.73106047644e-06, 2.08146252589e-06, 5.36952939001e-07, 5.58492843084e-08, 8.86242219167e-07, 1.15288526104e-06, 4.79189054658e-07, 6.93303150001e-07, 1.39052019676e-07, 1.7699656496e-07, 6.2934461198e-08, 3.40931869403e-08, 9.23719323254e-10, 3.95072280446e-10, 1.39449172695e-12]
    },
    "erbbands": {
        "dmean": [0.00444001890719, 0.0964067727327, 0.577953219414, 1.06658327579, 2.39288854599, 3.95202517509, 1.99743497372, 2.69398593903, 2.86582803726, 2.79834222794, 1.08735120296, 1.98558974266, 1.81142508984, 1.93315124512, 1.59680306911, 4.47956228256, 7.0211148262, 9.31610965729, 5.84213161469, 3.99850201607, 1.36015570164, 4.58098506927, 7.44889974594, 6.26903295517, 1.64031481743, 7.2296705246, 4.10990667343, 5.5533952713, 5.19382667542, 2.26352071762, 1.21110212803, 0.674036920071, 0.212259069085, 0.0716127976775, 0.039460003376, 0.0180728882551, 0.00314155244268, 0.000350756250555, 3.00814081129e-05, 4.62073330709e-06],
        "dmean2": [0.00605011777952, 0.147562280297, 0.923287391663, 1.62722837925, 3.77164673805, 6.24400568008, 2.84666085243, 3.92797327042, 3.88167262077, 3.6223449707, 1.4025812149, 2.27304983139, 2.19026947021, 2.29427409172, 2.09200263023, 6.07727193832, 9.45467758179, 12.4514560699, 8.42799186707, 5.87387180328, 1.88200700283, 6.56251382828, 10.8771352768, 8.80488109589, 2.35683941841, 10.5755624771, 6.2749581337, 8.75186443329, 8.11693668365, 3.52961182594, 1.91096055508, 1.03947472572, 0.314511179924, 0.11016934365, 0.0633115768433, 0.0291962679476, 0.00466498732567, 0.000523625931237, 4.52623171441e-05, 6.73651311445e-06],
        "dvar": [0.000272356875939, 0.0783918723464, 1.27566671371, 3.75662231445, 27.8737792969, 61.0250473022, 32.0998764038, 130.936080933, 151.426040649, 137.025650024, 36.5064201355, 83.6051864624, 97.8435287476, 154.706512451, 27.3821144104, 448.456054688, 641.353515625, 793.334838867, 462.941497803, 215.035507202, 17.1041088104, 219.899185181, 538.364746094, 477.008453369, 21.0354690552, 314.804016113, 114.351142883, 352.338439941, 277.819030762, 66.0175094604, 17.3526859283, 10.9658613205, 2.1284840107, 0.122826367617, 0.0214069429785, 0.00629659090191, 0.000589631032199, 4.72572810395e-06, 1.68071530027e-08, 1.11708545192e-10],
        "dvar2": [0.000362830265658, 0.154292821884, 3.42739629745, 10.2591619492, 65.8907546997, 158.347991943, 55.7146148682, 273.299102783, 268.562316895, 242.108673096, 68.4163742065, 109.628227234, 147.903808594, 232.867752075, 41.5355987549, 871.933105469, 1148.57727051, 1407.96057129, 829.332519531, 400.302307129, 30.3669643402, 396.228729248, 1008.66992188, 824.514343262, 39.2060585022, 618.701599121, 263.879333496, 858.256835938, 700.195678711, 168.223922729, 44.5083351135, 24.9186973572, 4.0569190979, 0.229914218187, 0.0508974045515, 0.0142894927412, 0.00134027155582, 8.36986509967e-06, 3.18319948178e-08, 2.29403898655e-10],
        "max": [0.433816403151, 5.26925897598, 24.2345867157, 35.2366256714, 153.861724854, 131.088256836, 194.963989258, 450.861785889, 389.940368652, 421.580230713, 360.604705811, 508.463470459, 501.366271973, 671.62878418, 328.221862793, 1268.44958496, 1089.20043945, 1000.55596924, 1333.71044922, 1055.95117188, 184.549285889, 947.049682617, 920.091308594, 1023.14202881, 282.940948486, 786.330383301, 297.463745117, 404.342590332, 370.862030029, 215.029022217, 80.0860824585, 196.052276611, 122.599914551, 23.2468719482, 4.76188516617, 4.89383077621, 2.23268890381, 0.216495513916, 0.00995995942503, 0.000657433236483],
        "mean": [0.0348224639893, 0.537449836731, 1.64045763016, 2.75765371323, 6.26736545563, 10.3113183975, 7.75395298004, 16.8505516052, 20.6968345642, 25.1007652283, 6.40340232849, 10.5055885315, 9.15788555145, 8.20656967163, 5.81308937073, 17.8751754761, 24.2212772369, 41.9110488892, 16.3698825836, 10.1205787659, 4.72732305527, 15.666674614, 25.5763206482, 22.1807498932, 5.64917230606, 19.9070568085, 9.64992904663, 8.75468444824, 8.13066959381, 3.32807302475, 1.65801441669, 0.92743229866, 0.313008576632, 0.089723341167, 0.0423257127404, 0.0199114568532, 0.00426060659811, 0.000494295964018, 5.20206267538e-05, 2.19077064685e-05],
        "median": [0.00112374383025, 0.0563571378589, 0.794036865234, 1.63596951962, 2.6046731472, 4.25579881668, 2.37517166138, 1.69992518425, 2.50138664246, 1.11251449585, 0.609735846519, 0.803957819939, 0.581047177315, 0.808182954788, 1.18871951103, 3.08359360695, 6.45412158966, 5.06105232239, 6.34550857544, 3.16796970367, 1.18491363525, 4.18357610703, 8.19471740723, 5.55863761902, 1.7301967144, 5.25780677795, 3.55523467064, 2.08776187897, 1.61458158493, 0.477620959282, 0.206656694412, 0.0594341158867, 0.0137265017256, 0.00377099914476, 0.00115453265607, 0.00029785343213, 4.10922039009e-05, 6.98556323186e-06, 9.35646494327e-06, 1.70589264599e-05],
        "min": [4.5428659277e-22, 1.31024611332e-21, 1.08083045829e-20, 1.62142247306e-20, 3.42548351732e-20, 5.5633343954e-20, 1.41831657777e-19, 1.11455298012e-19, 1.80311104671e-19, 2.31131737338e-19, 3.1412085534e-19, 6.22815509259e-19, 4.87953946743e-19, 7.01960408762e-19, 2.0919331517e-18, 1.86325576264e-18, 1.94587766415e-18, 2.55659379579e-18, 3.65419401945e-18, 4.6850571045e-18, 5.05657080097e-18, 6.22430249889e-18, 8.98856887966e-18, 8.40504258834e-18, 8.10335906559e-18, 1.04900696091e-17, 1.1255080154e-17, 1.0933541815e-17, 1.1462863788e-17, 1.21705680872e-17, 1.3207246252e-17, 1.32344778649e-17, 1.21083583149e-17, 1.01367898685e-17, 6.74816507981e-18, 5.11595409714e-18, 2.40160206929e-18, 1.14857388474e-18, 2.81765375487e-19, 2.81629375362e-20],
        "var": [0.00542090646923, 0.878051161766, 4.84565162659, 11.2277116776, 124.80355072, 200.984939575, 289.579864502, 1865.44287109, 3472.46142578, 4230.27539062, 396.166351318, 1514.42431641, 1573.23693848, 1541.18603516, 202.62310791, 2920.45629883, 3885.65307617, 8966.23535156, 1993.00854492, 772.222351074, 122.857429504, 1640.91491699, 2968.90795898, 3466.22753906, 165.046142578, 2449.61889648, 262.499176025, 412.984130859, 329.798492432, 95.4710845947, 20.2566623688, 19.0577354431, 5.02223777771, 0.248916700482, 0.0288841817528, 0.0105257630348, 0.00125276274048, 1.26048080347e-05, 4.66808494082e-08, 4.48021980626e-10]
    },
    "gfcc": {
        "mean": [-95.9865036011, 120.602241516, -144.022705078, 61.1088638306, -49.7436447144, -5.65092229843, -29.9071998596, -28.2491645813, -22.7149944305, -5.99030828476, -6.95735263824, -10.3995780945, -16.5241527557],
        "cov": [[12578.1035156, -2082.47583008, -1578.71569824, 363.2734375, -1308.41589355, 382.35369873, -577.041259766, 338.199829102, -82.3428039551, 71.8460083008, -256.025421143, -45.3913650513, -107.769676208], [-2082.47583008, 2148.18481445, 33.6213569641, -173.925689697, 590.29473877, -348.239746094, 431.611114502, -235.794754028, 242.902404785, -151.884002686, 244.577880859, -152.874206543, 120.99407196], [-1578.71569824, 33.6213569641, 1276.03210449, 120.281394958, 343.168334961, 327.324462891, 55.2584648132, 133.261611938, -93.7989959717, 161.623336792, -69.309715271, 103.91558075, 75.5792388916], [363.2734375, -173.925689697, 120.281394958, 754.816162109, 156.975006104, 170.303375244, 114.717170715, -2.50317621231, 38.9369087219, 4.92293691635, 6.47604322433, 51.9960784912, 37.8040046692], [-1308.41589355, 590.29473877, 343.168334961, 156.975006104, 558.997741699, 74.5114440918, 238.918930054, 22.7470932007, 68.7009811401, 48.2468070984, 83.1760025024, 34.6678390503, 57.1167793274], [382.35369873, -348.239746094, 327.324462891, 170.303375244, 74.5114440918, 450.31729126, 98.9141159058, 180.579269409, -27.3844089508, 94.1081161499, -60.3985900879, 63.8191642761, 12.1439342499], [-577.041259766, 431.611114502, 55.2584648132, 114.717170715, 238.918930054, 98.9141159058, 350.012481689, 48.9233360291, 103.061828613, -2.58063578606, 76.3020401001, 17.2195568085, 29.8172035217], [338.199829102, -235.794754028, 133.261611938, -2.50317621231, 22.7470932007, 180.579269409, 48.9233360291, 252.767990112, 36.3806877136, 78.8304138184, -30.951379776, 16.5574970245, -10.1562776566], [-82.3428039551, 242.902404785, -93.7989959717, 38.9369087219, 68.7009811401, -27.3844089508, 103.061828613, 36.3806877136, 185.97618103, 21.9452972412, 78.4725875854, -38.9385261536, -3.67997431755], [71.8460083008, -151.884002686, 161.623336792, 4.92293691635, 48.2468070984, 94.1081161499, -2.58063578606, 78.8304138184, 21.9452972412, 168.590179443, 23.9772033691, 44.1454772949, -10.2547969818], [-256.025421143, 244.577880859, -69.309715271, 6.47604322433, 83.1760025024, -60.3985900879, 76.3020401001, -30.951379776, 78.4725875854, 23.9772033691, 170.688919067, 23.5486068726, -2.01950597763], [-45.3913650513, -152.874206543, 103.91558075, 51.9960784912, 34.6678390503, 63.8191642761, 17.2195568085, 16.5574970245, -38.9385261536, 44.1454772949, 23.5486068726, 148.420806885, 39.2144622803], [-107.769676208, 120.99407196, 75.5792388916, 37.8040046692, 57.1167793274, 12.1439342499, 29.8172035217, -10.1562776566, -3.67997431755, -10.2547969818, -2.01950597763, 39.2144622803, 131.508148193]],
        "icov": [[0.000174419648829, -0.00017076653603, 0.000309897615807, -0.000232315112953, 0.000372536916984, -0.000313677621307, 0.000338993151672, -0.000347692694049, 0.00017399645003, -0.00030109990621, 0.000106971412606, -8.19170454633e-05, -4.03584926971e-05], [-0.00017076653603, 0.00253678928129, -0.000796104082838, 0.00124015880283, -0.00197569839656, 0.00133569550235, -0.00225510331802, 0.00199849321507, -0.00138665584382, 0.00157945172396, -0.00139430002309, 0.00242874282412, -0.00163377274293], [0.000309897615807, -0.000796104082838, 0.00205914233811, -0.000558903382625, 2.75774691545e-05, -0.00141072878614, 0.00134783389512, -0.00101019674912, 0.00121441530064, -0.00165027135517, 0.000933759321924, -0.000708190957084, -0.000170841973159], [-0.000232315112953, 0.00124015880283, -0.000558903382625, 0.0024182847701, -0.00157115701586, -6.96483475622e-05, -0.00121073867194, 0.0019125569379, -0.00155324675143, 0.00133580120746, -0.000367345346604, 0.000510663958266, -0.000691531342454], [0.000372536916984, -0.00197569839656, 2.75774691545e-05, -0.00157115701586, 0.00540699670091, -0.000751936400775, -7.24659548723e-05, -0.00171768933069, 0.00125078309793, -0.00205762125552, 0.000183905533049, -0.001334550092, 0.000438997609308], [-0.000313677621307, 0.00133569550235, -0.00141072878614, -6.96483475622e-05, -0.000751936400775, 0.00589296175167, -0.00314900418743, -0.00114742142614, 0.000537637155503, -0.000227988013648, 0.000380317796953, 0.000694841088261, -0.000451494590379], [0.000338993151672, -0.00225510331802, 0.00134783389512, -0.00121073867194, -7.24659548723e-05, -0.00314900418743, 0.00797541160136, -0.00234257429838, -0.00099092675373, 0.000464390963316, 4.26798978879e-05, -0.00272179301828, 0.00107985211071], [-0.000347692694049, 0.00199849321507, -0.00101019674912, 0.0019125569379, -0.00171768933069, -0.00114742142614, -0.00234257429838, 0.00883236061782, -0.00367643102072, -0.000163718708791, 0.000743598153349, 0.00127165601589, -0.000511045451276], [0.00017399645003, -0.00138665584382, 0.00121441530064, -0.00155324675143, 0.00125078309793, 0.000537637155503, -0.00099092675373, -0.00367643102072, 0.0112975044176, -0.00319039891474, -0.00297618494369, 0.00278320489451, -0.000293468910968], [-0.00030109990621, 0.00157945172396, -0.00165027135517, 0.00133580120746, -0.00205762125552, -0.000227988013648, 0.000464390963316, -0.000163718708791, -0.00319039891474, 0.0109493359923, -0.00266289128922, -0.0010938612977, 0.000711117405444], [0.000106971412606, -0.00139430002309, 0.000933759321924, -0.000367345346604, 0.000183905533049, 0.000380317796953, 4.26798978879e-05, 0.000743598153349, -0.00297618494369, -0.00266289128922, 0.0109591307119, -0.00450328411534, 0.00209240079857], [-8.19170454633e-05, 0.00242874282412, -0.000708190957084, 0.000510663958266, -0.001334550092, 0.000694841088261, -0.00272179301828, 0.00127165601589, 0.00278320489451, -0.0010938612977, -0.00450328411534, 0.0127249555662, -0.00468172924593], [-4.03584926971e-05, -0.00163377274293, -0.000170841973159, -0.000691531342454, 0.000438997609308, -0.000451494590379, 0.00107985211071, -0.000511045451276, -0.000293468910968, 0.000711117405444, 0.00209240079857, -0.00468172924593, 0.0104132862762]]
    },
    "melbands": {
        "dmean": [6.59098659526e-05, 0.000243384522037, 0.000200616254006, 0.000237394415308, 9.30281094043e-05, 6.32989176665e-05, 4.38636197941e-05, 2.66151619144e-05, 8.8552806119e-06, 1.32759314511e-05, 9.51617494138e-06, 8.06477964943e-06, 5.58740612178e-06, 9.87891598925e-06, 1.4063094568e-05, 1.94398089661e-05, 1.77130204975e-05, 1.03529637272e-05, 6.54664199828e-06, 3.3299027109e-06, 1.51990468567e-06, 4.11257860833e-06, 7.90237936599e-06, 7.51137849875e-06, 5.3484345699e-06, 1.13167050131e-06, 2.42729493038e-06, 5.70198153582e-06, 3.63688582183e-06, 8.64780190568e-07, 4.59818284071e-06, 3.82196367354e-06, 9.00132306469e-07, 1.6057049379e-06, 9.24660412238e-07, 3.05338716089e-07, 4.33084750284e-07, 1.31376239665e-07, 1.29469341914e-07, 4.2820332169e-08],
        "dmean2": [9.54841816565e-05, 0.000385226623621, 0.000309594091959, 0.000372433103621, 0.00013988961291, 9.08147485461e-05, 5.93022232351e-05, 3.45862317772e-05, 1.12622583401e-05, 1.53309902089e-05, 1.14549038699e-05, 9.6331923487e-06, 7.04025251252e-06, 1.42031758514e-05, 1.82664698514e-05, 2.6066431019e-05, 2.38810516748e-05, 1.49518928083e-05, 9.72494399321e-06, 4.77340699945e-06, 2.15017007577e-06, 5.88281454839e-06, 1.18167208711e-05, 1.06856423372e-05, 7.56565304982e-06, 1.64903701716e-06, 3.53133259523e-06, 8.48204308568e-06, 5.63450657864e-06, 1.33856951834e-06, 7.31885893401e-06, 6.0013435359e-06, 1.42817873439e-06, 2.52633890341e-06, 1.47929824834e-06, 4.88019736622e-07, 6.64620586122e-07, 1.96783076944e-07, 1.99326152028e-07, 6.82510474803e-08],
        "dvar": [4.90440044132e-08, 2.31717976362e-07, 1.20153018202e-07, 2.3319769582e-07, 4.3207379008e-08, 7.05527440914e-08, 3.00339308978e-08, 1.25595924771e-08, 2.57686938454e-09, 4.2616083995e-09, 2.73351741242e-09, 2.96743829509e-09, 5.16722886701e-10, 1.68365066333e-09, 4.29605595542e-09, 4.43491465774e-09, 3.1194344885e-09, 1.68360581032e-09, 8.44172398651e-10, 9.76965106037e-11, 2.61369103444e-11, 1.58436749831e-10, 6.09179484634e-10, 8.10921718664e-10, 4.12538475603e-10, 1.41707721946e-11, 4.39880874781e-11, 1.96361968352e-10, 8.80784403745e-11, 5.6043221279e-12, 2.55703319629e-10, 1.47878737033e-10, 9.77012654807e-12, 3.56641383092e-11, 1.02580582917e-11, 4.128352174e-12, 4.87047728537e-12, 1.30499539126e-12, 5.67947544463e-13, 3.86412805236e-14],
        "dvar2": [7.88912473126e-08, 5.94919072228e-07, 3.15617256774e-07, 5.68792302147e-07, 9.07121915361e-08, 1.42514721801e-07, 5.42377840418e-08, 2.20341203061e-08, 4.86743534367e-09, 5.5175197744e-09, 4.08783140671e-09, 4.46278880517e-09, 7.45293549098e-10, 2.82611578584e-09, 7.9897493066e-09, 8.01104693693e-09, 5.78888537106e-09, 2.90114154922e-09, 1.58945256956e-09, 1.75753842035e-10, 4.58241673773e-11, 2.91967949817e-10, 1.24134214019e-09, 1.42036071793e-09, 7.09322989234e-10, 2.56307336466e-11, 8.43130704142e-11, 4.0897280007e-10, 2.04723543673e-10, 1.35342015373e-11, 6.21891871333e-10, 3.75011910414e-10, 2.48244896861e-11, 9.08673622457e-11, 2.65490875812e-11, 1.11828506524e-11, 1.03500654228e-11, 2.78263219758e-12, 1.00940404039e-12, 8.26263292812e-14],
        "max": [0.00443928968161, 0.00888304319233, 0.00720827141777, 0.00950825214386, 0.00556751852855, 0.00923603214324, 0.00525787146762, 0.00493450742215, 0.00295332749374, 0.00427669612691, 0.00255448604003, 0.00260087568313, 0.00186964718159, 0.00318377255462, 0.00433299364522, 0.00309489923529, 0.00191545137204, 0.00286451797001, 0.00186262477655, 0.000447052618256, 0.000296058307867, 0.000760680122767, 0.0010786288185, 0.00133537175134, 0.00108406832442, 0.000232929349295, 0.000347435328877, 0.000508235418238, 0.000277790793916, 4.94050618727e-05, 0.000370266265236, 0.00022718028049, 0.00011830656149, 0.00020120361296, 7.25379650248e-05, 0.000141195618198, 0.000158181850566, 0.000101085897768, 5.18596498296e-05, 1.39502026286e-05],
        "mean": [0.000454663211713, 0.000838756270241, 0.000567312643398, 0.000630641647149, 0.000318811245961, 0.000409488071455, 0.000313409633236, 0.000238799504586, 4.36926056864e-05, 7.18295123079e-05, 4.6158740588e-05, 3.39072066708e-05, 1.90993232536e-05, 3.42114472005e-05, 4.77789690194e-05, 7.21420728951e-05, 7.55157452659e-05, 2.65214530373e-05, 1.61723364727e-05, 8.67204289534e-06, 4.64253389509e-06, 1.33576122607e-05, 2.42037185672e-05, 2.52237405221e-05, 1.78000300366e-05, 3.32432864525e-06, 6.67862968839e-06, 1.46237644003e-05, 7.87353201304e-06, 1.8184249484e-06, 6.79397362546e-06, 5.92781134401e-06, 1.30209150484e-06, 2.27625787375e-06, 1.21318782931e-06, 3.77157306275e-07, 6.00734438194e-07, 1.96331072289e-07, 1.64335119734e-07, 4.78128967529e-08],
        "median": [1.60453037097e-05, 0.000348129018676, 0.000346328073647, 0.000294931407552, 0.000103997335827, 3.542516788e-05, 3.44210857293e-05, 7.07408071321e-06, 3.7935101318e-06, 3.5465172914e-06, 2.24953100769e-06, 2.61573086391e-06, 2.62235857917e-06, 5.25032373844e-06, 8.61427633936e-06, 1.05376784632e-05, 7.06319360688e-06, 8.39691529109e-06, 5.11670350534e-06, 2.27879036174e-06, 8.55595772009e-07, 3.13533109875e-06, 6.74297552905e-06, 5.69387157157e-06, 4.24920290243e-06, 9.19111130315e-07, 1.30281205202e-06, 3.95182269131e-06, 2.82052678813e-06, 5.51312382413e-07, 1.43224872318e-06, 1.14209274216e-06, 2.27932119401e-07, 2.4247174224e-07, 1.37704375902e-07, 2.71692321974e-08, 3.04181710931e-08, 6.66781119207e-09, 6.40163877463e-09, 1.66367553067e-09],
        "min": [3.95249921319e-24, 3.95946564384e-24, 3.96944078999e-24, 3.82950396515e-24, 4.64930083963e-24, 2.39252322324e-24, 2.48101823123e-24, 2.64929448966e-24, 2.21462522835e-24, 3.49700501006e-24, 2.33295574464e-24, 2.3253574364e-24, 5.12665398402e-24, 4.73556435734e-24, 4.19555751328e-24, 5.12084086801e-24, 4.11466771606e-24, 3.27618154344e-24, 5.8313998342e-24, 5.42723010486e-24, 6.04069567641e-24, 4.76190718398e-24, 8.28065635603e-24, 7.49243600586e-24, 6.40843423143e-24, 5.63881167154e-24, 4.5455281597e-24, 6.37350820372e-24, 6.33405214225e-24, 5.23342157437e-24, 5.59366871181e-24, 5.94893222047e-24, 7.57334000258e-24, 5.142945145e-24, 6.89433192271e-24, 7.48963160534e-24, 6.95730668878e-24, 6.62220409827e-24, 8.69083168344e-24, 8.65810105563e-24],
        "var": [7.62212266636e-07, 1.10799385311e-06, 4.30616665881e-07, 7.71034990521e-07, 3.08986386699e-07, 1.12442239697e-06, 6.4076431272e-07, 4.24623380013e-07, 2.38819080067e-08, 7.63036069884e-08, 4.18114396439e-08, 3.0962677755e-08, 3.61679175498e-09, 1.17360379193e-08, 2.43334401517e-08, 3.41232855305e-08, 2.93317423683e-08, 7.08883574063e-09, 2.64668864602e-09, 5.61562019108e-10, 1.55811974434e-10, 1.04171793414e-09, 4.68515448659e-09, 4.99294339207e-09, 2.8496651705e-09, 1.10529273234e-10, 3.53738677239e-10, 1.18304510632e-09, 1.93656285452e-10, 1.12858672061e-11, 2.87880774774e-10, 1.76697032006e-10, 1.07847324821e-11, 6.01509675402e-11, 1.11580935463e-11, 3.60770441299e-12, 1.00145438817e-11, 2.72477418232e-12, 1.17506004926e-12, 5.79715718789e-14]
    },
    "mfcc": {
        "mean": [-724.314086914, 123.61869812, -19.3798446655, 52.808681488, -0.418737620115, 23.2675170898, -3.97644639015, -9.35858726501, -19.5289325714, -10.4172430038, 0.813760101795, -0.170054137707, -12.8168783188],
        "cov": [[9870.92480469, -1550.19494629, -980.094116211, 202.880645752, -892.902038574, 106.412879944, -653.544616699, 159.701873779, -157.673065186, 132.099533081, -61.1972961426, 10.7438001633, -188.798919678], [-1550.19494629, 1834.86230469, -29.2200584412, 10.1607189178, 163.060943604, -42.446472168, 212.617889404, -47.1439743042, 54.051109314, 36.8442001343, 100.133979797, -8.1928358078, 0.568779110909], [-980.094116211, -29.2200584412, 796.166992188, -15.3996896744, 271.774810791, 174.117828369, 205.837890625, 72.6063461304, 139.025177002, 71.7448348999, 16.4155502319, 50.440574646, -0.356049597263], [202.880645752, 10.1607189178, -15.3996896744, 491.838684082, 79.3288116455, 163.801651001, 40.0737609863, 65.0723266602, 36.052230835, 20.795173645, 44.7975845337, 25.6324558258, 83.9453201294], [-892.902038574, 163.060943604, 271.774810791, 79.3288116455, 373.980377197, 97.1049346924, 169.104354858, 29.8249607086, 97.5812454224, 49.777557373, 36.7039871216, 48.512096405, 52.1825218201], [106.412879944, -42.446472168, 174.117828369, 163.801651001, 97.1049346924, 316.829559326, 156.233825684, 126.566856384, 99.3086471558, 55.4229393005, 55.9040718079, 40.6851081848, 31.4731254578], [-653.544616699, 212.617889404, 205.837890625, 40.0737609863, 169.104354858, 156.233825684, 318.759155273, 136.370529175, 135.612060547, 72.4361724854, 66.4364318848, 60.6839141846, 45.6145515442], [159.701873779, -47.1439743042, 72.6063461304, 65.0723266602, 29.8249607086, 126.566856384, 136.370529175, 230.512893677, 99.4533996582, 84.8230438232, 59.1514053345, 42.7104988098, 43.0645523071], [-157.673065186, 54.051109314, 139.025177002, 36.052230835, 97.5812454224, 99.3086471558, 135.612060547, 99.4533996582, 205.560897827, 99.578125, 39.2100143433, 37.7877464294, 23.6069736481], [132.099533081, 36.8442001343, 71.7448348999, 20.795173645, 49.777557373, 55.4229393005, 72.4361724854, 84.8230438232, 99.578125, 203.82359314, 79.6166152954, 53.7743225098, 33.9343795776], [-61.1972961426, 100.133979797, 16.4155502319, 44.7975845337, 36.7039871216, 55.9040718079, 66.4364318848, 59.1514053345, 39.2100143433, 79.6166152954, 161.867599487, 74.6553955078, 47.7664833069], [10.7438001633, -8.1928358078, 50.440574646, 25.6324558258, 48.512096405, 40.6851081848, 60.6839141846, 42.7104988098, 37.7877464294, 53.7743225098, 74.6553955078, 138.294876099, 70.0960769653], [-188.798919678, 0.568779110909, -0.356049597263, 83.9453201294, 52.1825218201, 31.4731254578, 45.6145515442, 43.0645523071, 23.6069736481, 33.9343795776, 47.7664833069, 70.0960769653, 159.699462891]],
