{
"lowlevel": {
    "average_loudness": 0.942732870579,
    "barkbands_crest": {
        "dmean": 2.74284720421,
        "dmean2": 4.26259422302,
        "dvar": 7.47219991684,
        "dvar2": 16.5887832642,
        "max": 26.9566707611,
        "mean": 16.5228233337,
        "median": 16.4145507812,
        "min": 3.78930187225,
        "var": 22.6628437042
    },
    "barkbands_flatness_db": {
        "dmean": 0.0464272722602,
        "dmean2": 0.0592822171748,
        "dvar": 0.00193327094894,
        "dvar2": 0.00375192961656,
        "max": 0.742339491844,
        "mean": 0.28664046526,
        "median": 0.269376009703,
        "min": 0.0517317913473,
        "var": 0.0146954488009
    },
    "barkbands_kurtosis": {
        "dmean": 14.6964406967,
        "dmean2": 21.8451728821,
        "dvar": 1730.76245117,
        "dvar2": 3559.77978516,
        "max": 2079.20922852,
        "mean": 21.165687561,
        "median": 9.66512203217,
        "min": -1.75926983356,
        "var": 2558.84057617
    },
    "barkbands_skewness": {
        "dmean": 1.19264805317,
        "dmean2": 1.72495162487,
        "dvar": 1.89108002186,
        "dvar2": 3.85839486122,
        "max": 43.9129219055,
        "mean": 2.74185371399,
        "median": 2.471326828,
        "min": -4.72418117523,
        "var": 7.01953935623
    },
    "barkbands_spread": {
        "dmean": 3.9699280262,
        "dmean2": 6.11975812912,
        "dvar": 44.659702301,
        "dvar2": 108.265487671,
        "max": 96.0123825073,
        "mean": 9.21705722809,
        "median": 5.3870844841,
        "min": 0.0252593532205,
        "var": 130.826553345
    },
    "dissonance": {
        "dmean": 0.0351053774357,
        "dmean2": 0.0549281574786,
        "dvar": 0.00148115155753,
        "dvar2": 0.00358945457265,
        "max": 0.500000059605,
        "mean": 0.402417421341,
        "median": 0.427274465561,
        "min": 0.0654051676393,
        "var": 0.00658760918304
    },
    "dynamic_complexity": 3.06400799751,
    "erbbands_crest": {
        "dmean": 3.30940890312,
        "dmean2": 4.88005590439,
        "dvar": 10.8024806976,
        "dvar2": 20.1813011169,
        "max": 34.2254257202,
        "mean": 14.452955246,
        "median": 13.3028926849,
        "min": 2.3590657711,
        "var": 48.1455535889
    },
    "erbbands_flatness_db": {
        "dmean": 0.0355066433549,
        "dmean2": 0.044634539634,
        "dvar": 0.00117228087038,
        "dvar2": 0.00197790982202,
        "max": 0.661004245281,
        "mean": 0.245384335518,
        "median": 0.219486787915,
        "min": 0.0552747920156,
        "var": 0.0126136029139
    },
    "erbbands_kurtosis": {
        "dmean": 4.00881719589,
        "dmean2": 5.79877996445,
        "dvar": 83.2405090332,
        "dvar2": 151.597702026,
        "max": 487.628875732,
        "mean": 5.7317032814,
        "median": 1.58999300003,
        "min": -1.82393586636,
        "var": 176.579971313
    },
    "erbbands_skewness": {
        "dmean": 0.666387498379,
        "dmean2": 0.953436136246,
        "dvar": 0.466926336288,
        "dvar2": 0.921935856342,
        "max": 16.8476867676,
        "mean": 1.28566193581,
        "median": 1.10490620136,
        "min": -6.38670682907,
        "var": 2.05045604706
    },
    "erbbands_spread": {
        "dmean": 9.41952133179,
        "dmean2": 14.0263910294,
        "dvar": 150.491363525,
        "dvar2": 321.513092041,
        "max": 126.38168335,
        "mean": 29.0222682953,
        "median": 24.5242958069,
        "min": 0.296046167612,
        "var": 522.549621582
    },
    "hfc": {
        "dmean": 4.78277730942,
        "dmean2": 7.86696958542,
        "dvar": 98.7250823975,
        "dvar2": 252.362960815,
        "max": 88.5985641479,
        "mean": 9.71822071075,
        "median": 5.64679718018,
        "min": 1.22770146515e-16,
        "var": 138.748321533
    },
    "melbands_crest": {
        "dmean": 2.95193147659,
        "dmean2": 4.57331228256,
        "dvar": 8.39092826843,
        "dvar2": 18.7104625702,
        "max": 34.7202606201,
        "mean": 18.9574508667,
        "median": 19.3015975952,
        "min": 2.20531463623,
        "var": 25.8472938538
    },
    "melbands_flatness_db": {
        "dmean": 0.0510772280395,
        "dmean2": 0.065669901669,
        "dvar": 0.00254345289432,
        "dvar2": 0.00512161292136,
        "max": 0.875469207764,
        "mean": 0.37441110611,
        "median": 0.361063480377,
        "min": 0.00573954405263,
        "var": 0.0229667425156
    },
    "melbands_kurtosis": {
        "dmean": 17.3444023132,
        "dmean2": 26.8269767761,
        "dvar": 860.623291016,
        "dvar2": 2052.53637695,
        "max": 807.700866699,
        "mean": 30.8080787659,
        "median": 18.0242767334,
        "min": -1.8555624485,
        "var": 1703.86816406
    },
    "melbands_skewness": {
        "dmean": 1.19218420982,
        "dmean2": 1.79251873493,
        "dvar": 1.63165485859,
        "dvar2": 3.79243969917,
        "max": 19.9230232239,
        "mean": 3.36198306084,
        "median": 3.11398077011,
        "min": -3.43778014183,
        "var": 6.72177886963
    },
    "melbands_spread": {
        "dmean": 3.77718186378,
        "dmean2": 5.99735069275,
        "dvar": 44.3904800415,
        "dvar2": 112.629714966,
        "max": 187.762008667,
        "mean": 11.6120758057,
        "median": 4.93054199219,
        "min": 0.227788537741,
        "var": 676.751098633
    },
    "pitch_salience": {
        "dmean": 0.0833149477839,
        "dmean2": 0.13034440577,
        "dvar": 0.00739726424217,
        "dvar2": 0.0172751639038,
        "max": 0.954554855824,
        "mean": 0.401318699121,
        "median": 0.40107190609,
        "min": 0.0172442272305,
        "var": 0.0209976974875
    },
    "silence_rate_20dB": {
        "dmean": 0,
        "dmean2": 0,
        "dvar": 0,
        "dvar2": 0,
        "max": 1,
        "mean": 1,
        "median": 1,
        "min": 1,
        "var": 0
    },
    "silence_rate_30dB": {
        "dmean": 0.0243562329561,
        "dmean2": 0.0487169958651,
        "dvar": 0.0237644091249,
        "dvar2": 0.058621108532,
        "max": 1,
        "mean": 0.981781005859,
        "median": 1,
        "min": 0,
        "var": 0.0178892984986
    },
    "silence_rate_60dB": {
        "dmean": 0.023984381929,
        "dmean2": 0.0479732230306,
        "dvar": 0.023409569636,
        "dvar2": 0.0590663477778,
        "max": 1,
        "mean": 0.0752928033471,
        "median": 0,
        "min": 0,
        "var": 0.0696307942271
    },
    "spectral_centroid": {
        "dmean": 175.865600586,
        "dmean2": 270.706115723,
        "dvar": 92904.84375,
        "dvar2": 214315.3125,
        "max": 11006.7636719,
        "mean": 700.987182617,
        "median": 494.148468018,
        "min": 146.903533936,
        "var": 455123.96875
    },
    "spectral_complexity": {
        "dmean": 2.33355021477,
        "dmean2": 3.75436973572,
        "dvar": 16.0868091583,
        "dvar2": 38.5572013855,
        "max": 47,
        "mean": 8.00622749329,
        "median": 7,
        "min": 0,
        "var": 26.9255199432
    },
    "spectral_decrease": {
        "dmean": 2.73495381897e-09,
        "dmean2": 4.45164571872e-09,
        "dvar": 3.9348303451e-17,
        "dvar2": 1.02242349361e-16,
        "max": 1.65601346875e-16,
        "mean": -7.65276642056e-09,
        "median": -6.36797459208e-09,
        "min": -7.27982225612e-08,
        "var": 4.98116154217e-17
    },
    "spectral_energy": {
        "dmean": 0.0106829889119,
        "dmean2": 0.0173996184021,
        "dvar": 0.000585618603509,
        "dvar2": 0.00151683215518,
        "max": 0.278581738472,
        "mean": 0.0297648143023,
        "median": 0.0246709510684,
        "min": 1.08573053407e-20,
        "var": 0.000749041559175
    },
    "spectral_energyband_high": {
        "dmean": 0.000189778598724,
        "dmean2": 0.000323011510773,
        "dvar": 2.79309176676e-07,
        "dvar2": 7.56944018576e-07,
        "max": 0.00612689042464,
        "mean": 0.000168699145433,
        "median": 1.72808740899e-05,
        "min": 7.97349200022e-21,
        "var": 2.10908609688e-07
    },
    "spectral_energyband_low": {
        "dmean": 0.0066151227802,
        "dmean2": 0.0111599806696,
        "dvar": 0.0004438108881,
        "dvar2": 0.00122614763677,
        "max": 0.259542882442,
        "mean": 0.0157141461968,
        "median": 0.0100351879373,
        "min": 1.04506147022e-22,
        "var": 0.000447875878308
    },
    "spectral_energyband_middle_high": {
        "dmean": 0.000868430593982,
        "dmean2": 0.00144897506107,
        "dvar": 8.4714656623e-06,
        "dvar2": 1.97384306375e-05,
        "max": 0.0817344635725,
        "mean": 0.00149096280802,
        "median": 0.000498708395753,
        "min": 1.48212550025e-21,
        "var": 1.90820082935e-05
    },
    "spectral_energyband_middle_low": {
        "dmean": 0.00514577981085,
        "dmean2": 0.00796869862825,
        "dvar": 9.57277443376e-05,
        "dvar2": 0.000206108830753,
        "max": 0.115345709026,
        "mean": 0.0128606213257,
        "median": 0.00829825364053,
        "min": 3.16303713285e-22,
        "var": 0.000257368199527
    },
    "spectral_entropy": {
        "dmean": 0.431605041027,
        "dmean2": 0.539088845253,
        "dvar": 0.169309288263,
        "dvar2": 0.306097060442,
        "max": 9.77761936188,
        "mean": 6.38908672333,
        "median": 6.47785186768,
        "min": 2.91852593422,
        "var": 1.27766335011
    },
    "spectral_flux": {
        "dmean": 0.0333613827825,
        "dmean2": 0.0545505061746,
        "dvar": 0.00205974373966,
        "dvar2": 0.00432355096564,
        "max": 0.437829107046,
        "mean": 0.0607821717858,
        "median": 0.0465059876442,
        "min": 1.04198392969e-10,
        "var": 0.00314050470479
    },
    "spectral_kurtosis": {
        "dmean": 21.6075229645,
        "dmean2": 32.5325622559,
        "dvar": 3977.91503906,
        "dvar2": 8740.22949219,
        "max": 1071.47924805,
        "mean": 40.8907546997,
        "median": 8.62350177765,
        "min": -1.20262098312,
        "var": 11692.6689453
    },
    "spectral_rms": {
        "dmean": 0.000882244145032,
        "dmean2": 0.00137847755104,
        "dvar": 1.94015751731e-06,
        "dvar2": 4.51915320809e-06,
        "max": 0.0164859648794,
        "mean": 0.00487333582714,
        "median": 0.00490603921935,
        "min": 3.25461099043e-12,
        "var": 5.28929058419e-06
    },
    "spectral_rolloff": {
        "dmean": 208.772567749,
        "dmean2": 374.697723389,
        "dvar": 377561.4375,
        "dvar2": 994847.625,
        "max": 19702.8808594,
        "mean": 1024.33374023,
        "median": 344.53125,
        "min": 64.599609375,
        "var": 10023721
    },
    "spectral_skewness": {
        "dmean": 0.933878719807,
        "dmean2": 1.34104633331,
        "dvar": 1.98501992226,
        "dvar2": 4.2129483223,
        "max": 27.3844146729,
        "mean": 3.5420460701,
        "median": 2.30379676819,
        "min": -0.0294612254947,
        "var": 14.9930324554
    },
    "spectral_spread": {
        "dmean": 847773.375,
        "dmean2": 1178892.5,
        "dvar": 1.07766828237e+12,
        "dvar2": 1.86902668902e+12,
        "max": 41602088,
        "mean": 3575422,
        "median": 3150136.5,
        "min": 74267.3984375,
        "var": 5.62505764045e+12
    },
    "spectral_strongpeak": {
        "dmean": 0.375265538692,
        "dmean2": 0.599581480026,
        "dvar": 0.552760660648,
        "dvar2": 1.04275357723,
        "max": 8.96584701538,
        "mean": 1.03303623199,
        "median": 0.573688268661,
        "min": 0,
        "var": 1.75874745846
    },
    "zerocrossingrate": {
        "dmean": 0.00610008835793,
        "dmean2": 0.00755605706945,
        "dvar": 8.19037668407e-05,
        "dvar2": 0.000109037129732,
        "max": 0.64013671875,
        "mean": 0.0400898531079,
        "median": 0.01953125,
        "min": 0.0029296875,
        "var": 0.00943592377007
    },
    "barkbands": {
        "dmean": [0.000250987650361, 0.00502448575571, 0.00170334137511, 0.000461859308416, 0.00199944083579, 0.0012995529687, 0.000838186999317, 0.000924128689803, 0.00065377575811, 0.000237114538322, 0.000129486055812, 6.18400954409e-05, 0.000194657055545, 9.84350917861e-05, 2.90771040454e-05, 7.90747217252e-05, 4.29094143328e-05, 5.93488221057e-05, 0.000159635470482, 3.39764665114e-05, 4.03242956963e-05, 3.33570751536e-05, 3.66133317584e-05, 3.96420800826e-05, 2.07376033359e-05, 3.98503516408e-06, 9.46165357618e-07],
        "dmean2": [0.000398093514377, 0.00850044190884, 0.00296202115715, 0.000752943684347, 0.00301034655422, 0.00191230804194, 0.00139931938611, 0.00145276472904, 0.00100168259814, 0.000368876731955, 0.000194616921362, 0.000103706493974, 0.000348101631971, 0.00014884788834, 4.77318644698e-05, 0.000134149886435, 7.30311803636e-05, 0.000102540725493, 0.000295860110782, 5.85106754443e-05, 7.15501519153e-05, 5.67389324715e-05, 6.24815947958e-05, 6.82220270392e-05, 3.41294253303e-05, 6.60734076519e-06, 1.55675741098e-06],
        "dvar": [5.53010409021e-07, 0.000255697930697, 3.24373868352e-05, 1.45496255755e-06, 8.04666160548e-06, 9.23292373045e-06, 2.004871385e-05, 2.47978241532e-05, 1.61264561029e-05, 4.12718509324e-06, 8.5578267317e-07, 4.91854912354e-08, 5.03589035361e-07, 8.14669220972e-08, 5.82490500278e-09, 5.55166685956e-08, 1.27452892684e-08, 2.4933866527e-08, 5.87040744904e-07, 1.03105435301e-08, 2.2271198219e-08, 9.62098134494e-09, 1.18226797241e-08, 2.13443183128e-08, 5.35181232664e-09, 1.98754707137e-10, 1.57790273903e-11],
        "dvar2": [1.37299468861e-06, 0.000712261127774, 9.26573411562e-05, 3.98852262151e-06, 1.52190104927e-05, 1.65938254213e-05, 4.18557210651e-05, 5.08121338498e-05, 3.21628467645e-05, 8.1054859038e-06, 1.38751022405e-06, 1.37960896041e-07, 1.42239946399e-06, 1.8349682307e-07, 1.50891263928e-08, 1.50562897261e-07, 3.52909736989e-08, 6.97513158343e-08, 1.7053589545e-06, 2.81103922362e-08, 6.41265884838e-08, 2.68961333205e-08, 3.1279594026e-08, 5.7281138055e-08, 1.35242554933e-08, 4.46959913525e-10, 3.75184189272e-11],
        "max": [0.0105862366036, 0.207304179668, 0.0796756520867, 0.0243177451193, 0.0295559149235, 0.0739823877811, 0.0883407369256, 0.0867915451527, 0.0696626082063, 0.0810042992234, 0.0362749360502, 0.00698006991297, 0.00929995626211, 0.00619506184012, 0.00108063779771, 0.00632623536512, 0.00187140249182, 0.00230388925411, 0.0105240298435, 0.00133462680969, 0.00229876115918, 0.00134341884404, 0.00106339494232, 0.00164533674251, 0.000811672478449, 0.000248540774919, 8.39599015308e-05],
        "mean": [0.000478030939121, 0.0108323153108, 0.00402420014143, 0.00106931175105, 0.0034734881483, 0.00251416349784, 0.00190085265785, 0.00216508260928, 0.00154281861614, 0.00048380161752, 0.000326745735947, 9.12556206458e-05, 0.000163953169249, 0.000149689352838, 3.7575729948e-05, 9.45355131989e-05, 5.28741620656e-05, 6.57535638311e-05, 0.000117498551845, 3.45922962879e-05, 3.41121958627e-05, 3.06182955683e-05, 2.95600948448e-05, 2.99202692986e-05, 1.71405899891e-05, 4.06520712204e-06, 8.77583943293e-07],
        "median": [9.07997746253e-05, 0.00410799868405, 0.00102707976475, 0.000265795388259, 0.00149455817882, 0.000610005925409, 9.36059077503e-05, 8.94427794265e-05, 4.85151394969e-05, 5.7435099734e-05, 3.23051717714e-05, 2.45439041464e-05, 2.14209321712e-05, 3.54943913408e-05, 7.91321326687e-06, 1.45932744999e-05, 7.34198783903e-06, 1.56712449098e-05, 1.48293984239e-05, 3.60278909284e-06, 3.20829121847e-06, 2.77270032711e-06, 1.78347772817e-06, 1.2610248632e-06, 4.94863456879e-07, 5.53732988351e-08, 4.67415883776e-09],
        "min": [2.32810302734e-23, 4.93413468891e-23, 3.38239606342e-23, 1.18851456366e-23, 2.12245061811e-23, 1.0286631977e-22, 8.8518058509e-24, 5.05136478368e-23, 9.9625937918e-23, 7.48579521699e-23, 4.86522737329e-23, 3.47921864211e-23, 6.82266106957e-23, 8.20703496541e-23, 8.5963346667e-23, 1.12494998207e-22, 1.95939038687e-22, 2.68605850807e-22, 3.80457441438e-22, 2.6638037953e-22, 4.77926621019e-22, 5.16404050045e-22, 6.69643045053e-22, 8.90776887414e-22, 1.04365898913e-21, 1.63987789035e-21, 2.90634674203e-21],
        "var": [7.56694817028e-07, 0.000267978408374, 4.67828758701e-05, 5.96633344685e-06, 1.98963334697e-05, 2.90038151434e-05, 6.32941446383e-05, 7.48501042835e-05, 5.2452662203e-05, 1.31378747028e-05, 4.13158340962e-06, 4.69250487356e-08, 3.27525242483e-07, 1.20075796417e-07, 7.38787786503e-09, 7.86057157143e-08, 1.53793138225e-08, 2.30697683179e-08, 3.30447534225e-07, 9.24898824195e-09, 1.39471554306e-08, 6.93087232051e-09, 8.96625795832e-09, 1.51238435109e-08, 4.59242022188e-09, 3.15200254786e-10, 1.96048351164e-11]
    },
    "erbbands": {
        "dmean": [0.129875168204, 1.20893800259, 2.36068820953, 1.48352468014, 1.30809485912, 8.06353473663, 10.9173812866, 13.7767047882, 11.5121612549, 20.6392383575, 12.5067844391, 15.0014486313, 9.26142215729, 4.34217834473, 4.7865562439, 2.99340009689, 9.34888362885, 4.70225906372, 3.08225703239, 2.69632530212, 3.49573087692, 2.58693003654, 3.23758912086, 7.26219129562, 4.96932220459, 1.69027340412, 1.56390953064, 1.63715565205, 1.16814279556, 1.11990451813, 1.05194568634, 0.798214495182, 0.700536131859, 0.312035828829, 0.107904389501, 0.0255837477744, 0.00628258055076, 0.0013840792235, 0.000162412849022, 1.65877554537e-05],
        "dmean2": [0.212405905128, 2.08808541298, 4.08287334442, 2.54726052284, 2.01541829109, 11.9798669815, 16.550485611, 19.8108539581, 19.1853294373, 32.6440582275, 19.6475849152, 22.9503326416, 14.495136261, 6.83148002625, 7.33638715744, 5.03175115585, 16.804485321, 7.41947174072, 4.71184492111, 4.51468658447, 5.94074106216, 4.40638971329, 5.55689954758, 13.2774400711, 9.16763496399, 2.93734669685, 2.75889611244, 2.91013050079, 1.97982919216, 1.91779971123, 1.7985380888, 1.36154735088, 1.21295285225, 0.520379960537, 0.177196368575, 0.0421147346497, 0.0105409678072, 0.00229779235087, 0.00026794502628, 2.68042131211e-05],
        "dvar": [0.171490192413, 14.9141750336, 57.3103256226, 22.2561721802, 7.02965593338, 139.289642334, 228.921508789, 1019.92785645, 3552.99658203, 10921.9921875, 4482.59423828, 8413.54785156, 3671.21899414, 1559.0625, 740.614074707, 81.5326690674, 1215.75134277, 153.26473999, 74.2567901611, 58.725566864, 90.1129074097, 49.8576316833, 74.5109558105, 1034.55859375, 525.602416992, 26.6639766693, 33.0902252197, 34.9113616943, 13.4719877243, 10.1664247513, 10.7655162811, 7.19186782837, 7.44772577286, 1.29792642593, 0.142175197601, 0.00766811752692, 0.000589629402384, 2.98980703519e-05, 4.51772621091e-07, 1.11203135589e-09],
        "dvar2": [0.457749694586, 42.6321487427, 163.746551514, 63.5241012573, 17.4505577087, 252.437271118, 453.591217041, 1810.87109375, 7655.56689453, 22907.5332031, 8422.87695312, 17175.1816406, 7561.11425781, 2815.51977539, 1301.70410156, 213.725402832, 3463.39379883, 354.663818359, 169.112991333, 160.626586914, 243.427185059, 138.282745361, 204.158172607, 2991.16650391, 1517.15917969, 74.1199798584, 94.4478302002, 100.444030762, 37.9520835876, 27.2984790802, 28.5458469391, 18.9973392487, 20.1261234283, 3.3579056263, 0.354329407215, 0.0174945443869, 0.00138609751593, 6.9383502705e-05, 1.07465189103e-06, 2.75944800343e-09],
        "max": [5.69606351852, 51.3913574219, 89.7184753418, 75.5135345459, 104.668060303, 131.107803345, 167.326416016, 701.594909668, 1515.73132324, 1647.19799805, 1490.41040039, 2021.56848145, 1846.07177734, 1482.00036621, 1763.7454834, 192.116744995, 467.235595703, 272.720458984, 212.85496521, 185.519042969, 176.26322937, 129.947906494, 156.190078735, 446.713867188, 299.007537842, 62.5932731628, 88.0746002197, 85.3104553223, 55.2009429932, 37.5035057068, 41.5669441223, 29.6107845306, 31.5848178864, 13.2099876404, 5.09006929398, 1.31751525402, 0.500623226166, 0.110817439854, 0.0141917951405, 0.000335422286298],
        "mean": [0.223244905472, 2.65180063248, 5.55885839462, 3.61454582214, 3.58357191086, 13.523639679, 19.0424289703, 26.8308925629, 26.4598083496, 49.9022140503, 30.1465034485, 35.7316131592, 19.4526729584, 10.5178222656, 11.2690963745, 4.42008399963, 8.13559341431, 6.68353843689, 4.6111369133, 3.68569684029, 4.16893005371, 3.22469067574, 3.68174481392, 6.14707517624, 3.56131148338, 1.67453849316, 1.35457956791, 1.43156814575, 1.06516802311, 1.00405859947, 0.849338233471, 0.626627922058, 0.510576426983, 0.250240951777, 0.0906164199114, 0.0247048418969, 0.0063682468608, 0.00139586196747, 0.000158149792696, 3.77764845325e-05],
        "median": [0.0962668135762, 1.09070038795, 2.71079707146, 1.08227217197, 1.37801623344, 5.36356258392, 10.1673297882, 6.18722343445, 2.60964727402, 2.50286912918, 1.57179951668, 1.59218358994, 2.31781387329, 1.33800518513, 1.63286745548, 1.22397971153, 1.5134884119, 2.03635811806, 1.53138184547, 0.96846228838, 0.823138475418, 0.60891187191, 0.933054685593, 0.947643756866, 0.42583489418, 0.177423462272, 0.142606079578, 0.129194870591, 0.0979525148869, 0.0893156528473, 0.0540239363909, 0.0311743468046, 0.0172620248049, 0.00795111432672, 0.0022896071896, 0.00045316919568, 8.54348181747e-05, 1.18313209896e-05, 1.49318475451e-05, 2.92529712169e-05],
        "min": [1.18607572128e-21, 1.21876791454e-20, 3.99385288714e-20, 3.61677678879e-20, 6.15136675311e-20, 7.882481938e-20, 2.47437380066e-19, 1.06991045605e-18, 2.75284570484e-19, 2.9275129045e-19, 1.51371032888e-18, 2.07927501358e-18, 2.39765600417e-18, 2.58493775987e-18, 1.78510001605e-18, 1.84027565125e-18, 3.34921666351e-18, 3.67710940396e-18, 4.08917480278e-18, 5.82760942458e-18, 6.87261771169e-18, 1.12002562774e-17, 1.46642215034e-17, 1.74384827075e-17, 1.83641226284e-17, 1.29969918295e-17, 1.27432318427e-17, 2.32727844368e-17, 1.81113064547e-17, 1.89051384536e-17, 1.73564081928e-17, 1.31334435433e-17, 1.8243139192e-17, 1.02730438861e-17, 9.28848554461e-18, 5.13689127922e-18, 3.38978904537e-18, 1.52307359982e-18, 4.13307927495e-19, 3.77650019519e-20],
        "var": [0.162633121014, 15.2670545578, 62.3463020325, 42.4335708618, 63.2235717773, 362.491882324, 541.258300781, 2998.44775391, 11089.8378906, 32184.4960938, 15572.6347656, 27013.1484375, 11123.2841797, 5654.68212891, 4122.25683594, 111.337791443, 759.911071777, 210.547149658, 102.165283203, 75.8992843628, 105.663986206, 58.6391334534, 72.3970565796, 625.921081543, 300.159179688, 22.1043186188, 21.8702125549, 22.2704029083, 9.427277565, 7.61315202713, 8.17833042145, 5.35695409775, 5.15249347687, 1.03560268879, 0.128653287888, 0.0100774187595, 0.00091840326786, 4.57278438262e-05, 5.3513815601e-07, 1.42190237362e-09]
    },
    "gfcc": {
        "mean": [-136.550048828, 147.508605957, -92.3257293701, 24.9133319855, -47.9621047974, 3.66381120682, -30.4024848938, -4.1904168129, -11.2731847763, -5.96776533127, 0.646007716656, -1.84463536739, 0.116996869445],
        "cov": [[29695.5839844, 1224.21276855, -2218.29077148, 4125.61914062, -754.050170898, 1439.84204102, -522.370056152, 914.364624023, 186.700622559, 420.312805176, -27.1904754639, -457.419128418, -784.63885498], [1224.21276855, 4469.8359375, 491.434539795, -891.312072754, 439.817840576, -641.268127441, 357.58972168, -486.003753662, 159.936050415, -355.339752197, 200.387786865, -143.898239136, 338.013000488], [-2218.29077148, 491.434539795, 1330.92785645, -629.642822266, 110.336341858, -67.8718719482, 53.2530097961, -40.7672920227, 6.29074621201, 20.7635154724, 1.32681262493, 176.073654175, 146.095397949], [4125.61914062, -891.312072754, -629.642822266, 1680.92700195, 137.619522095, 563.138305664, 15.0250663757, 300.921783447, 96.973449707, 124.443870544, 19.4545879364, -140.079360962, -229.010650635], [-754.050170898, 439.817840576, 110.336341858, 137.619522095, 575.383117676, 81.9012756348, 237.539199829, 26.3288383484, 119.781593323, -12.9439306259, 8.95824623108, -46.0190429688, 18.8976459503], [1439.84204102, -641.268127441, -67.8718719482, 563.138305664, 81.9012756348, 549.052124023, 13.5769033432, 252.75994873, 70.6781768799, 81.9515457153, -22.91771698, -72.9828109741, -140.073303223], [-522.370056152, 357.58972168, 53.2530097961, 15.0250663757, 237.539199829, 13.5769033432, 339.26763916, 40.9301261902, 114.192710876, 7.19895029068, 12.430891037, -66.648765564, -23.5954036713], [914.364624023, -486.003753662, -40.7672920227, 300.921783447, 26.3288383484, 252.75994873, 40.9301261902, 284.26385498, 123.495239258, 116.572479248, -27.6650028229, -42.9492340088, -122.554710388], [186.700622559, 159.936050415, 6.29074621201, 96.973449707, 119.781593323, 70.6781768799, 114.192710876, 123.495239258, 235.53843689, 120.013679504, 69.4762496948, -70.4834671021, -78.6128387451], [420.312805176, -355.339752197, 20.7635154724, 124.443870544, -12.9439306259, 81.9515457153, 7.19895029068, 116.572479248, 120.013679504, 229.408477783, 78.4544677734, 20.7363452911, -114.625823975], [-27.1904754639, 200.387786865, 1.32681262493, 19.4545879364, 8.95824623108, -22.91771698, 12.430891037, -27.6650028229, 69.4762496948, 78.4544677734, 188.976135254, 32.3805351257, -18.4938755035], [-457.419128418, -143.898239136, 176.073654175, -140.079360962, -46.0190429688, -72.9828109741, -66.648765564, -42.9492340088, -70.4834671021, 20.7363452911, 32.3805351257, 186.813964844, 87.5791854858], [-784.63885498, 338.013000488, 146.095397949, -229.010650635, 18.8976459503, -140.073303223, -23.5954036713, -122.554710388, -78.6128387451, -114.625823975, -18.4938755035, 87.5791854858, 188.551239014]],
        "icov": [[0.000210608792258, -0.00055132387206, 0.000263900990831, -0.0005027577281, 0.000489036319777, -0.000354289571987, 0.000338532816386, -0.000501345668454, 0.000516106956638, -0.000785420415923, 0.000813781225588, -0.000682065554429, 0.00058827601606], [-0.00055132387206, 0.00200784392655, -0.000894352444448, 0.00134526356123, -0.00142399128526, 0.00127113377675, -0.00104935490526, 0.0017262166366, -0.00203086482361, 0.00286003621295, -0.0028914839495, 0.00261681899428, -0.00209619733505], [0.000263900990831, -0.000894352444448, 0.00158444175031, -0.000115602211736, 0.000440039206296, -0.00110298965592, 0.000317340367474, -0.000724886544049, 0.000660935940687, -0.0016714426456, 0.00153814919759, -0.00200959178619, 0.000382191385143], [-0.0005027577281, 0.00134526356123, -0.000115602211736, 0.00243726023473, -0.0015483108582, -7.71567283664e-05, -0.000693654059432, 0.000783826282714, -0.000855053483974, 0.00168386928272, -0.00234364205971, 0.00177974510007, -0.001322827884], [0.000489036319777, -0.00142399128526, 0.000440039206296, -0.0015483108582, 0.00412739207968, -0.00151969189756, -0.000899345497601, -0.000199470843654, -0.000238410095335, -0.0015681743389, 0.00256871758029, -0.00214404147118, 0.000776594737545], [-0.000354289571987, 0.00127113377675, -0.00110298965592, -7.71567283664e-05, -0.00151969189756, 0.00524212047458, -9.41187463468e-05, -0.00234282459132, 0.000181642564712, 0.0022494434379, -0.00252956105396, 0.00270608556457, -0.000541904359125], [0.000338532816386, -0.00104935490526, 0.000317340367474, -0.000693654059432, -0.000899345497601, -9.41187463468e-05, 0.00543350027874, -0.00151619373355, -0.000223860421102, -0.000730014930014, 0.00132872222457, -0.000522046699189, 0.00175190134905], [-0.000501345668454, 0.0017262166366, -0.000724886544049, 0.000783826282714, -0.000199470843654, -0.00234282459132, -0.00151619373355, 0.0126619581133, -0.00761042349041, 0.00168264075182, 0.00214260048233, -0.00125902658328, 0.00129749660846], [0.000516106956638, -0.00203086482361, 0.000660935940687, -0.000855053483974, -0.000238410095335, 0.000181642564712, -0.000223860421102, -0.00761042349041, 0.0153652494773, -0.00849081855267, -0.00178316771053, 0.0043928809464, -0.00154891714919], [-0.000785420415923, 0.00286003621295, -0.0016714426456, 0.00168386928272, -0.0015681743389, 0.0022494434379, -0.000730014930014, 0.00168264075182, -0.00849081855267, 0.0170800518245, -0.00559948245063, -0.00294006173499, 0.00543504953384], [0.000813781225588, -0.0028914839495, 0.00153814919759, -0.00234364205971, 0.00256871758029, -0.00252956105396, 0.00132872222457, 0.00214260048233, -0.00178316771053, -0.00559948245063, 0.0131644196808, -0.00725875841454, 0.00446918793023], [-0.000682065554429, 0.00261681899428, -0.00200959178619, 0.00177974510007, -0.00214404147118, 0.00270608556457, -0.000522046699189, -0.00125902658328, 0.0043928809464, -0.00294006173499, -0.00725875841454, 0.017504664138, -0.0112676424906], [0.00058827601606, -0.00209619733505, 0.000382191385143, -0.001322827884, 0.000776594737545, -0.000541904359125, 0.00175190134905, 0.00129749660846, -0.00154891714919, 0.00543504953384, 0.00446918793023, -0.0112676424906, 0.0185191724449]]
    },
    "melbands": {
        "dmean": [0.00125291710719, 0.00139932986349, 0.000255695194937, 0.000251523277257, 0.000456335517811, 0.000290793075692, 0.000172426938661, 0.000236469539232, 9.98794348561e-05, 9.51574838837e-05, 4.49984800071e-05, 1.88032809092e-05, 1.49239276652e-05, 7.38556354918e-06, 1.5539881133e-05, 1.88833582797e-05, 8.62601518747e-06, 6.14193959336e-06, 2.22220774049e-06, 6.15378530711e-06, 3.58304464498e-06, 2.804669748e-06, 2.73452269539e-06, 2.54150722867e-06, 6.51207892588e-06, 5.91383150095e-06, 1.41224006711e-06, 1.10564144506e-06, 9.26534539758e-07, 1.08311053282e-06, 9.22788274238e-07, 6.97918380865e-07, 5.81215203965e-07, 6.16086026639e-07, 5.98821770836e-07, 5.63664457331e-07, 4.74038813536e-07, 5.60366515856e-07, 3.26915028381e-07, 2.43201924377e-07],
        "dmean2": [0.00208827946335, 0.00241580768488, 0.000427294726251, 0.000377469550585, 0.000685770646669, 0.000425113277743, 0.000286056863843, 0.000373634771677, 0.000156598209287, 0.000145227226312, 7.08129300619e-05, 2.98050617857e-05, 2.302221219e-05, 1.15420634756e-05, 2.78298575722e-05, 3.30400616804e-05, 1.32764762384e-05, 9.29606267164e-06, 3.65882692677e-06, 1.03975216916e-05, 6.13846714259e-06, 4.79436630485e-06, 4.67305926577e-06, 4.3535428631e-06, 1.19368814921e-05, 1.10634618977e-05, 2.50790321843e-06, 1.91726235244e-06, 1.61169964485e-06, 1.9512781364e-06, 1.63678919307e-06, 1.19138132959e-06, 9.84384882941e-07, 1.0587707493e-06, 1.03205013602e-06, 9.59350359153e-07, 8.15897465145e-07, 9.79434162218e-07, 5.55636177069e-07, 4.04987076763e-07],
        "dvar": [1.61105872394e-05, 1.96980836336e-05, 5.78418735131e-07, 1.2861467269e-07, 3.8291162241e-07, 5.15492160957e-07, 8.08411186881e-07, 1.53071005116e-06, 4.17644201889e-07, 3.60287344847e-07, 9.9113520946e-08, 3.21714601625e-08, 8.44978842451e-09, 1.22629295607e-09, 3.4740423871e-09, 4.11758538377e-09, 6.75397571204e-10, 3.85529580482e-10, 4.37956199084e-11, 4.07764821908e-10, 9.60348675583e-11, 6.39349476139e-11, 4.26794918851e-11, 4.80241298118e-11, 8.56263338012e-10, 9.02582120155e-10, 2.89543822946e-11, 1.04815817484e-11, 1.05034999795e-11, 1.97406188618e-11, 9.33916052132e-12, 4.98204168892e-12, 2.54442690875e-12, 3.34893484472e-12, 3.5802235742e-12, 3.57788820272e-12, 2.69324189686e-12, 4.83878562219e-12, 1.74749754597e-12, 7.56396898241e-13],
        "dvar2": [4.39612413174e-05, 5.63608700759e-05, 1.63469542258e-06, 2.42977250764e-07, 7.41663427561e-07, 9.46348791331e-07, 1.71014551142e-06, 3.19429136653e-06, 7.42724012071e-07, 7.43139139558e-07, 2.02473970035e-07, 6.01273697498e-08, 1.56239821081e-08, 2.46278730742e-09, 9.85805836962e-09, 1.12960343301e-08, 1.51024825978e-09, 8.70301108957e-10, 1.12330984792e-10, 1.10969444744e-09, 2.60613391978e-10, 1.78508333115e-10, 1.15777457066e-10, 1.33284314141e-10, 2.47779707863e-09, 2.62229016279e-09, 8.14818768013e-11, 2.90417360299e-11, 2.95118617044e-11, 5.73302516571e-11, 2.66425787682e-11, 1.40693906178e-11, 6.98766391971e-12, 8.93186739848e-12, 9.60410050099e-12, 9.4531882322e-12, 7.19831182508e-12, 1.31606748069e-11, 4.68081910038e-12, 1.92663224784e-12],
        "max": [0.0555474571884, 0.0534318126738, 0.012453016825, 0.00422156276181, 0.00574745470658, 0.0175352599472, 0.0200164634734, 0.0205367412418, 0.0162675250322, 0.0137333087623, 0.0104559445754, 0.00618867343292, 0.00475253816694, 0.00202717026696, 0.000654317205772, 0.000858030281961, 0.000626623514108, 0.000500562251545, 0.000119103387988, 0.000628156180028, 0.00020352548745, 0.000147530590766, 0.000120953576698, 8.86937705218e-05, 0.000404888472985, 0.000411791552324, 7.88945544627e-05, 3.82276266464e-05, 5.14089515491e-05, 7.18127703294e-05, 3.62413520634e-05, 3.35590411851e-05, 2.13144903682e-05, 2.08337023651e-05, 2.5781644581e-05, 2.49831464316e-05, 1.79917860805e-05, 2.70239943347e-05, 1.82526455319e-05, 1.0605335774e-05],
        "mean": [0.00254260096699, 0.00333077064715, 0.000688738189638, 0.000489615020342, 0.000790902646258, 0.000568628951441, 0.000396644929424, 0.000564280664548, 0.000240243956796, 0.000224555391469, 9.1803194664e-05, 4.34147914348e-05, 3.55914344254e-05, 1.54341578309e-05, 1.48622957568e-05, 1.72088002728e-05, 1.28436677187e-05, 9.08721813175e-06, 2.90678872261e-06, 7.88388570072e-06, 3.93988011638e-06, 3.40687006428e-06, 3.12589645546e-06, 2.85047758553e-06, 5.41888584848e-06, 3.96037921746e-06, 1.14124384254e-06, 1.16573460218e-06, 8.46951309086e-07, 8.50743447245e-07, 8.27720270991e-07, 6.31133900697e-07, 5.22759876276e-07, 5.37506934961e-07, 4.82702091631e-07, 4.42204481033e-07, 3.66040552535e-07, 3.97787715656e-07, 2.53774203429e-07, 1.97609026031e-07],
        "median": [0.00103751639836, 0.0020419517532, 0.000227035721764, 0.00023371844145, 0.00044265188626, 0.000115803806693, 3.20661056321e-05, 2.26112097153e-05, 8.43534326123e-06, 8.47384580993e-06, 1.00238730738e-05, 4.05073933507e-06, 4.36970458395e-06, 3.40012093147e-06, 2.42701798925e-06, 1.92918764697e-06, 3.23712424688e-06, 2.50654579759e-06, 5.86895168908e-07, 1.17874878924e-06, 7.1338251928e-07, 4.4502877472e-07, 7.28297152364e-07, 6.88705767971e-07, 6.89593377956e-07, 3.31619503413e-07, 8.79327046732e-08, 1.04329743067e-07, 8.33786799603e-08, 7.65657972579e-08, 5.84598538467e-08, 4.69842618145e-08, 4.03441333674e-08, 4.42260521538e-08, 2.87212493788e-08, 1.83969142142e-08, 1.80278902917e-08, 1.29161783491e-08, 8.43311376286e-09, 5.16013098917e-09],
        "min": [1.43043895508e-23, 2.00969162918e-23, 7.55434975401e-24, 4.96317715534e-24, 7.55642445819e-24, 2.20903252008e-23, 4.19278032846e-24, 4.22250460737e-24, 1.25652975647e-23, 1.41554999436e-23, 1.20447337754e-23, 1.04910043805e-23, 5.47794281701e-24, 4.739896387e-24, 5.14739747595e-24, 7.3694896672e-24, 7.08754999081e-24, 6.62395852492e-24, 6.78576572949e-24, 8.03794199929e-24, 8.56834682841e-24, 1.30290136707e-23, 1.06532517695e-23, 1.3016081085e-23, 1.46769401574e-23, 1.23405400488e-23, 1.18750923932e-23, 8.23805944487e-24, 6.01026221155e-24, 1.20578990751e-23, 1.47753584439e-23, 1.11310932188e-23, 9.1131917564e-24, 1.10901410826e-23, 9.95417191277e-24, 9.86119124446e-24, 6.6854660097e-24, 1.39654365302e-23, 9.32539297333e-24, 8.80006998616e-24],
        "var": [1.65829278558e-05, 1.96771998162e-05, 1.42072838116e-06, 3.91598291571e-07, 9.03487546111e-07, 1.59500893915e-06, 2.56216026173e-06, 4.5179153858e-06, 1.54797669438e-06, 1.14413387564e-06, 3.01000909531e-07, 1.11437714168e-07, 4.03799660376e-08, 5.51877121779e-09, 2.2851034398e-09, 3.1050315652e-09, 9.83283787725e-10, 5.28211696604e-10, 6.11542066986e-11, 6.38535890829e-10, 9.42986799757e-11, 7.65613961118e-11, 4.40045638816e-11, 4.40252001521e-11, 5.18161180629e-10, 4.9920778622e-10, 1.94195007297e-11, 1.04690006664e-11, 7.72228201523e-12, 1.16998953928e-11, 6.51244986757e-12, 3.48947259976e-12, 1.89423433536e-12, 2.48746466133e-12, 2.67957856424e-12, 2.64751979021e-12, 1.95009655125e-12, 3.27387162519e-12, 1.2484597774e-12, 6.3598795284e-13]
    },
    "mfcc": {
        "mean": [-768.583618164, 162.317443848, 24.0572872162, 27.3249263763, 8.77378082275, 6.44994211197, -1.55122029781, 4.19606924057, -7.43067073822, -2.82814645767, 2.2103228569, -2.7919523716, -4.45324707031],
        "cov": [[14194.8037109, -302.796600342, -896.510253906, 1115.44152832, 768.991455078, 758.977416992, 122.585029602, 471.731536865, 228.581573486, 484.338897705, 572.120361328, 539.409973145, 69.7986373901], [-302.796600342, 3112.88500977, 223.079360962, 100.193000793, 32.517791748, -35.6590461731, 85.8638381958, -39.9496879578, 42.6115570068, 21.1512584686, 9.47739124298, -27.1209774017, 83.8907470703], [-896.510253906, 223.079360962, 856.380187988, -142.127227783, -59.6463470459, -75.4308166504, -26.6828079224, -14.3803005219, -5.82074022293, -78.4043426514, -87.6046218872, -54.7236328125, 45.2871398926], [1115.44152832, 100.193000793, -142.127227783, 484.850738525, 167.829666138, 188.978973389, 98.1457214355, 93.4479904175, 97.4691772461, 58.6938514709, 37.1866760254, 77.2596817017, 47.539276123], [768.991455078, 32.517791748, -59.6463470459, 167.829666138, 419.821411133, 216.961532593, 91.6709060669, 141.103164673, 105.230186462, 118.705352783, 123.931228638, 88.5073928833, 55.8260726929], [758.977416992, -35.6590461731, -75.4308166504, 188.978973389, 216.961532593, 289.111633301, 136.228500366, 133.348754883, 93.077331543, 101.951911926, 109.869697571, 83.7096405029, 19.0589447021], [122.585029602, 85.8638381958, -26.6828079224, 98.1457214355, 91.6709060669, 136.228500366, 173.328216553, 104.406593323, 61.0398330688, 49.5525779724, 38.7448348999, 23.5994720459, 6.08089399338], [471.731536865, -39.9496879578, -14.3803005219, 93.4479904175, 141.103164673, 133.348754883, 104.406593323, 180.707473755, 113.471504211, 73.4380340576, 52.4116439819, 33.4341697693, -2.70255303383], [228.581573486, 42.6115570068, -5.82074022293, 97.4691772461, 105.230186462, 93.077331543, 61.0398330688, 113.471504211, 220.712677002, 106.955993652, 6.29033184052, 59.7075958252, 59.9958877563], [484.338897705, 21.1512584686, -78.4043426514, 58.6938514709, 118.705352783, 101.951911926, 49.5525779724, 73.4380340576, 106.955993652, 206.199493408, 187.005172729, 85.506111145, 1.02886116505], [572.120361328, 9.47739124298, -87.6046218872, 37.1866760254, 123.931228638, 109.869697571, 38.7448348999, 52.4116439819, 6.29033184052, 187.005172729, 334.590789795, 151.542861938, -15.3592481613], [539.409973145, -27.1209774017, -54.7236328125, 77.2596817017, 88.5073928833, 83.7096405029, 23.5994720459, 33.4341697693, 59.7075958252, 85.506111145, 151.542861938, 228.988708496, 137.253814697], [69.7986373901, 83.8907470703, 45.2871398926, 47.539276123, 55.8260726929, 19.0589447021, 6.08089399338, -2.70255303383, 59.9958877563, 1.02886116505, -15.3592481613, 137.253814697, 224.983108521]],
