{
"lowlevel": {
    "average_loudness": 0.880683660507,
    "barkbands_crest": {
        "dmean": 2.47866797447,
        "dmean2": 4.07152462006,
        "dvar": 4.96505355835,
        "dvar2": 12.9937019348,
        "max": 26.7743740082,
        "mean": 12.4364585876,
        "median": 11.5618648529,
        "min": 3.68078041077,
        "var": 20.9517593384
    },
    "barkbands_flatness_db": {
        "dmean": 0.0287947170436,
        "dmean2": 0.0451042763889,
        "dvar": 0.000813498219941,
        "dvar2": 0.00187711778563,
        "max": 0.666564524174,
        "mean": 0.298978716135,
        "median": 0.294411867857,
        "min": 0.0518294908106,
        "var": 0.00652767624706
    },
    "barkbands_kurtosis": {
        "dmean": 4.06159687042,
        "dmean2": 6.53862476349,
        "dvar": 65.8560333252,
        "dvar2": 157.599365234,
        "max": 281.972900391,
        "mean": 7.19130325317,
        "median": 3.63451147079,
        "min": -1.9509909153,
        "var": 162.882339478
    },
    "barkbands_skewness": {
        "dmean": 0.595771431923,
        "dmean2": 0.954982221127,
        "dvar": 0.387823909521,
        "dvar2": 0.939314603806,
        "max": 9.89235305786,
        "mean": 1.53624904156,
        "median": 1.5551700592,
        "min": -12.8254709244,
        "var": 2.75958776474
    },
    "barkbands_spread": {
        "dmean": 1.87050271034,
        "dmean2": 2.99012064934,
        "dvar": 4.55896949768,
        "dvar2": 11.3676548004,
        "max": 42.8188819885,
        "mean": 7.45667791367,
        "median": 6.35015296936,
        "min": 0.148612543941,
        "var": 27.2455272675
    },
    "dissonance": {
        "dmean": 0.0342218764126,
        "dmean2": 0.0575944297016,
        "dvar": 0.00126094429288,
        "dvar2": 0.00355845480226,
        "max": 0.499987155199,
        "mean": 0.418025523424,
        "median": 0.428421229124,
        "min": 0.0753089189529,
        "var": 0.00304337893613
    },
    "dynamic_complexity": 2.9517531395,
    "erbbands_crest": {
        "dmean": 2.54466867447,
        "dmean2": 3.99003076553,
        "dvar": 6.38909006119,
        "dvar2": 14.4187774658,
        "max": 33.7148933411,
        "mean": 12.8345623016,
        "median": 11.2056808472,
        "min": 2.57521629333,
        "var": 42.7413101196
    },
    "erbbands_flatness_db": {
        "dmean": 0.0178033299744,
        "dmean2": 0.0257105808705,
        "dvar": 0.0004136475618,
        "dvar2": 0.000782783376053,
        "max": 0.618876576424,
        "mean": 0.29350990057,
        "median": 0.291355729103,
        "min": 0.0709804147482,
        "var": 0.00600092019886
    },
    "erbbands_kurtosis": {
        "dmean": 1.57479739189,
        "dmean2": 2.41866731644,
        "dvar": 17.803565979,
        "dvar2": 37.42137146,
        "max": 104.856765747,
        "mean": 2.31090021133,
        "median": 0.407672643661,
        "min": -1.74822735786,
        "var": 59.2773094177
    },
    "erbbands_skewness": {
        "dmean": 0.359293788671,
        "dmean2": 0.552759766579,
        "dvar": 0.162093833089,
        "dvar2": 0.358431845903,
        "max": 6.36237621307,
        "mean": 0.304720371962,
        "median": 0.400583356619,
        "min": -7.54437589645,
        "var": 1.01672887802
    },
    "erbbands_spread": {
        "dmean": 3.51456546783,
        "dmean2": 5.47110700607,
        "dvar": 17.1737556458,
        "dvar2": 39.9403953552,
        "max": 97.4390029907,
        "mean": 18.9080944061,
        "median": 17.4706859589,
        "min": 0.216721698642,
        "var": 117.976287842
    },
    "hfc": {
        "dmean": 4.08025598526,
        "dmean2": 5.85791826248,
        "dvar": 83.5517501831,
        "dvar2": 189.210205078,
        "max": 357.199066162,
        "mean": 11.5022220612,
        "median": 8.2574262619,
        "min": 1.20081478652e-16,
        "var": 156.798690796
    },
    "melbands_crest": {
        "dmean": 3.19259691238,
        "dmean2": 5.20410299301,
        "dvar": 8.23572158813,
        "dvar2": 21.2214660645,
        "max": 33.5916366577,
        "mean": 16.9490242004,
        "median": 16.6725330353,
        "min": 1.54426050186,
        "var": 33.9165000916
    },
    "melbands_flatness_db": {
        "dmean": 0.0316639505327,
        "dmean2": 0.0491778478026,
        "dvar": 0.00103069096804,
        "dvar2": 0.00235520885326,
        "max": 0.847715497017,
        "mean": 0.38718739152,
        "median": 0.385252684355,
        "min": 0.00282272300683,
        "var": 0.0110481632873
    },
    "melbands_kurtosis": {
        "dmean": 6.19294261932,
        "dmean2": 10.0762166977,
        "dvar": 92.9161300659,
        "dvar2": 240.587921143,
        "max": 156.626586914,
        "mean": 12.1683702469,
        "median": 6.32728290558,
        "min": -1.92693126202,
        "var": 282.559448242
    },
    "melbands_skewness": {
        "dmean": 0.687301456928,
        "dmean2": 1.09910953045,
        "dvar": 0.475686609745,
        "dvar2": 1.17814338207,
        "max": 10.1913919449,
        "mean": 2.18887448311,
        "median": 2.11924672127,
        "min": -8.46896076202,
        "var": 3.58819842339
    },
    "melbands_spread": {
        "dmean": 2.7297296524,
        "dmean2": 4.38282775879,
        "dvar": 12.9000387192,
        "dvar2": 32.5289154053,
        "max": 162.222076416,
        "mean": 11.2046327591,
        "median": 7.66708946228,
        "min": 0.458745360374,
        "var": 301.17364502
    },
    "pitch_salience": {
        "dmean": 0.0734692588449,
        "dmean2": 0.121972024441,
        "dvar": 0.00482930708677,
        "dvar2": 0.0128939542919,
        "max": 0.938043117523,
        "mean": 0.463559299707,
        "median": 0.465055495501,
        "min": 0.0502515919507,
        "var": 0.0185350570828
    },
    "silence_rate_20dB": {
        "dmean": 0.0013603385305,
        "dmean2": 0.0027208828833,
        "dvar": 0.00135854119435,
        "dvar2": 0.00301600899547,
        "max": 1,
        "mean": 0.998337507248,
        "median": 1,
        "min": 0,
        "var": 0.00165912229568
    },
    "silence_rate_30dB": {
        "dmean": 0.0334038697183,
        "dmean2": 0.0668127909303,
        "dvar": 0.0322935692966,
        "dvar2": 0.0715645179152,
        "max": 1,
        "mean": 0.956321299076,
        "median": 1,
        "min": 0,
        "var": 0.041774764657
    },
    "silence_rate_60dB": {
        "dmean": 0.0105804111809,
        "dmean2": 0.0211624223739,
        "dvar": 0.0104685332626,
        "dvar2": 0.023132218048,
        "max": 1,
        "mean": 0.0626464113593,
        "median": 0,
        "min": 0,
        "var": 0.058730635792
    },
    "spectral_centroid": {
        "dmean": 82.3488235474,
        "dmean2": 128.873413086,
        "dvar": 13957.3291016,
        "dvar2": 26774.6328125,
        "max": 11137.1455078,
        "mean": 608.178466797,
        "median": 508.664886475,
        "min": 126.043121338,
        "var": 272942.03125
    },
    "spectral_complexity": {
        "dmean": 1.77493953705,
        "dmean2": 2.8300204277,
        "dvar": 3.39869356155,
        "dvar2": 7.26550674438,
        "max": 32,
        "mean": 10.9134740829,
        "median": 11,
        "min": 0,
        "var": 22.613822937
    },
    "spectral_decrease": {
        "dmean": 3.87039911232e-09,
        "dmean2": 6.0378995137e-09,
        "dvar": 4.99294125584e-17,
        "dvar2": 1.17210222249e-16,
        "max": 7.09224905357e-18,
        "mean": -9.23625531613e-09,
        "median": -6.60166010746e-09,
        "min": -2.5160795758e-07,
        "var": 1.04534221992e-16
    },
    "spectral_energy": {
        "dmean": 0.0149341961369,
        "dmean2": 0.0232657063752,
        "dvar": 0.000740329734981,
        "dvar2": 0.00173462717794,
        "max": 0.96220010519,
        "mean": 0.0359031222761,
        "median": 0.0257685463876,
        "min": 1.05134825492e-20,
        "var": 0.00155081250705
    },
    "spectral_energyband_high": {
        "dmean": 1.33720586746e-05,
        "dmean2": 2.126817526e-05,
        "dvar": 2.67917599217e-09,
        "dvar2": 6.50021281245e-09,
        "max": 0.00236024172045,
        "mean": 2.2672198611e-05,
        "median": 4.28910288974e-06,
        "min": 7.79567401792e-21,
        "var": 1.05146975571e-08
    },
    "spectral_energyband_low": {
        "dmean": 0.0107465768233,
        "dmean2": 0.0175544433296,
        "dvar": 0.000467636447866,
        "dvar2": 0.00116290745791,
        "max": 0.759399354458,
        "mean": 0.0189240109175,
        "median": 0.00958230346441,
        "min": 4.86828089608e-23,
        "var": 0.000869448587764
    },
    "spectral_energyband_middle_high": {
        "dmean": 0.0019605809357,
        "dmean2": 0.00277864956297,
        "dvar": 7.02481120243e-05,
        "dvar2": 0.000165637989994,
        "max": 0.401525884867,
        "mean": 0.00407617771998,
        "median": 0.00175036524888,
        "min": 1.41943486295e-21,
        "var": 0.000101036537671
    },
    "spectral_energyband_middle_low": {
        "dmean": 0.00607377104461,
        "dmean2": 0.00915249716491,
        "dvar": 0.00015420242562,
        "dvar2": 0.000352872215444,
        "max": 0.306074291468,
        "mean": 0.0158602092415,
        "median": 0.0104611171409,
        "min": 3.07396400814e-22,
        "var": 0.000382607919164
    },
    "spectral_entropy": {
        "dmean": 0.189809247851,
        "dmean2": 0.292054563761,
        "dvar": 0.0453937798738,
        "dvar2": 0.100364141166,
        "max": 9.79691123962,
        "mean": 6.32858371735,
        "median": 6.35790157318,
        "min": 3.37414646149,
        "var": 0.435613006353
    },
    "spectral_flux": {
        "dmean": 0.0279840379953,
        "dmean2": 0.0453345216811,
        "dvar": 0.00132265349384,
        "dvar2": 0.00330597977154,
        "max": 0.730997741222,
        "mean": 0.0758584812284,
        "median": 0.0636331737041,
        "min": 1.0253527194e-10,
        "var": 0.00297813606448
    },
    "spectral_kurtosis": {
        "dmean": 15.6031770706,
        "dmean2": 27.092710495,
        "dvar": 450.142486572,
        "dvar2": 1290.83032227,
        "max": 597.230712891,
        "mean": 35.7822151184,
        "median": 23.0814094543,
        "min": -1.19750857353,
        "var": 2195.06225586
    },
    "spectral_rms": {
        "dmean": 0.00108656345401,
        "dmean2": 0.0016558264615,
        "dvar": 1.68843598658e-06,
        "dvar2": 3.78994241146e-06,
        "max": 0.0306387301534,
        "mean": 0.0053011267446,
        "median": 0.00501398509368,
        "min": 3.20266382858e-12,
        "var": 6.92547428116e-06
    },
    "spectral_rolloff": {
        "dmean": 125.01890564,
        "dmean2": 221.393814087,
        "dvar": 60050.7851562,
        "dvar2": 134656.171875,
        "max": 19164.5507812,
        "mean": 936.412841797,
        "median": 581.396484375,
        "min": 64.599609375,
        "var": 6232026
    },
    "spectral_skewness": {
        "dmean": 0.939021527767,
        "dmean2": 1.62385904789,
        "dvar": 0.858220279217,
        "dvar2": 2.48656392097,
        "max": 21.0350074768,
        "mean": 3.68755435944,
        "median": 3.17714452744,
        "min": -0.00933011900634,
        "var": 4.57317209244
    },
    "spectral_spread": {
        "dmean": 299428.28125,
        "dmean2": 486357.34375,
        "dvar": 209157554176,
        "dvar2": 339230294016,
        "max": 40654768,
        "mean": 1847287.5,
        "median": 1588289.25,
        "min": 129385.382812,
        "var": 1.84271804826e+12
    },
    "spectral_strongpeak": {
        "dmean": 0.438906908035,
        "dmean2": 0.721916735172,
        "dvar": 0.620964229107,
        "dvar2": 1.42816233635,
        "max": 13.946100235,
        "mean": 1.01071619987,
        "median": 0.592324495316,
        "min": 0,
        "var": 1.49073195457
    },
    "zerocrossingrate": {
        "dmean": 0.00319419777952,
        "dmean2": 0.00410616071895,
        "dvar": 1.76452613232e-05,
        "dvar2": 2.62809153355e-05,
        "max": 0.52490234375,
        "mean": 0.0316078066826,
        "median": 0.02099609375,
        "min": 0.00341796875,
        "var": 0.00444623548537
    },
    "barkbands": {
        "dmean": [0.00022969240672, 0.00525084510446, 0.00550900679082, 0.00287290709093, 0.00194774230476, 0.000927070446778, 0.000748621649109, 0.000737056601793, 0.000603045336902, 0.00140762992669, 0.000420255761128, 0.000189368176507, 0.000121978191601, 0.000219154186198, 9.06091518118e-05, 3.99636446673e-05, 3.63814651791e-05, 1.64614648384e-05, 1.37975739563e-05, 8.91821309779e-06, 4.79506297779e-06, 2.53124972005e-06, 1.6986805349e-06, 8.69041286933e-07, 3.61827773077e-07, 1.80235900871e-07, 8.83980035837e-08],
        "dmean2": [0.000319663784467, 0.00884530507028, 0.00907401926816, 0.00474741216749, 0.00299193267711, 0.00137466867454, 0.00115042529069, 0.00111707753967, 0.000817558495328, 0.00202062120661, 0.000591901654843, 0.00027707577101, 0.000186088684131, 0.000323770713294, 0.000136472575832, 6.4068728534e-05, 5.84704357607e-05, 2.63723704848e-05, 2.22118542297e-05, 1.46790034705e-05, 7.72918247094e-06, 4.03091326007e-06, 2.80542963083e-06, 1.41782857099e-06, 5.79793777433e-07, 2.84873806322e-07, 1.37148234103e-07],
        "dvar": [3.10337281917e-06, 0.000161706571816, 0.000126612590975, 5.41251829418e-05, 2.42609603447e-05, 4.94315600008e-06, 4.73081581731e-06, 5.5425730352e-06, 4.29251167589e-06, 5.95315686951e-05, 7.30024521545e-06, 2.82697385501e-07, 1.49652763071e-07, 7.78590674599e-07, 8.37315354829e-08, 2.57021017802e-08, 1.09924993552e-08, 1.74068981451e-09, 1.94143434662e-09, 8.48183467905e-10, 4.13911738217e-10, 1.56182913824e-10, 9.43122108188e-11, 2.13745340871e-11, 4.62426754874e-12, 2.71797016317e-12, 1.58240066016e-12],
        "dvar2": [5.28997043148e-06, 0.000427214545198, 0.000331226066919, 0.000135479684104, 5.90260824538e-05, 1.12007573989e-05, 1.13893265734e-05, 1.29044392452e-05, 8.12315465737e-06, 0.000142074728501, 1.53848122864e-05, 5.79015818403e-07, 3.25273447288e-07, 1.64594462149e-06, 1.77380087507e-07, 6.10322885564e-08, 2.68604072318e-08, 4.28479784986e-09, 4.93832752468e-09, 2.32237429287e-09, 1.08968478685e-09, 3.55006857244e-10, 2.37350417098e-10, 5.14487723258e-11, 9.83221056655e-12, 5.4448229779e-12, 3.28657305364e-12],
        "max": [0.0970970019698, 0.375325620174, 0.298897325993, 0.179190725088, 0.104904048145, 0.0722861513495, 0.0687613338232, 0.0634214505553, 0.0643970966339, 0.396297991276, 0.134588316083, 0.0148691097274, 0.0135756712407, 0.0333735309541, 0.00944849662483, 0.00812773685902, 0.00452292338014, 0.00119000452105, 0.00185998156667, 0.000862568616867, 0.00116722204257, 0.000496760825627, 0.000238731314312, 0.000151127693243, 0.000140650183312, 0.000139051306178, 9.85924489214e-05],
        "mean": [0.000368196429918, 0.00877306051552, 0.00712516298518, 0.00429670559242, 0.00364546105266, 0.00232327007689, 0.0016989314463, 0.00148681632709, 0.00173724151682, 0.00251429248601, 0.000636724580545, 0.000334453332471, 0.000196228182176, 0.000426629383583, 0.000144798468682, 5.74032856093e-05, 5.58955507586e-05, 2.8116917747e-05, 2.44291841227e-05, 1.38341320053e-05, 7.97265965957e-06, 3.62520381714e-06, 2.00539579964e-06, 1.0735793694e-06, 5.44768397504e-07, 2.09159622955e-07, 8.38906544232e-08],
        "median": [6.34778689346e-06, 0.00220908597112, 0.00244912551716, 0.00101294543128, 0.00120999617502, 0.000680582714267, 0.000494878157042, 0.000351900845999, 0.000254881859291, 0.000462231080746, 0.0001628168975, 0.000128875079099, 6.11363138887e-05, 0.000118412332085, 5.66398230148e-05, 2.17551441892e-05, 2.44500461122e-05, 9.69973280007e-06, 8.06130901765e-06, 3.31449155055e-06, 1.27816133499e-06, 3.99923379746e-07, 1.21211868986e-07, 4.07524289869e-08, 8.26684676269e-09, 2.12029660496e-09, 8.9771129419e-10],
        "min": [1.95967421903e-23, 1.87751814228e-23, 2.0135128714e-23, 8.23306201103e-24, 1.93809272015e-23, 4.31972500862e-23, 4.6810296141e-23, 1.06553562926e-22, 4.4702166346e-23, 8.02073883621e-23, 2.49162568884e-23, 1.07274897338e-22, 4.40707494557e-23, 1.30538405433e-22, 2.31906829806e-22, 1.62633369134e-22, 8.67639584442e-23, 2.32745142823e-22, 2.75541591616e-22, 2.55256860165e-22, 3.96935950576e-22, 5.59418855537e-22, 5.61643973404e-22, 7.49334051377e-22, 1.1600997055e-21, 1.58486482603e-21, 2.74511700257e-21],
        "var": [5.60691978535e-06, 0.000300623476505, 0.000172526779352, 9.21166865737e-05, 5.25833856955e-05, 1.87263249245e-05, 1.02328031062e-05, 1.26628119688e-05, 1.66278005054e-05, 8.48411946208e-05, 1.11281115096e-05, 5.14554074016e-07, 2.4209964522e-07, 1.4110188431e-06, 1.20199814546e-07, 2.86262817895e-08, 1.48398262567e-08, 3.12428971583e-09, 3.46244344307e-09, 1.86666038182e-09, 1.67888614122e-09, 3.33908789507e-10, 1.19168508395e-10, 3.63446599205e-11, 1.47290044744e-11, 5.15256847605e-12, 2.14932520566e-12]
    },
    "erbbands": {
        "dmean": [0.101363547146, 1.39500594139, 5.68538093567, 8.52072906494, 8.08690738678, 5.69586992264, 6.84762001038, 6.95627117157, 7.33532238007, 19.1737174988, 14.4329242706, 13.9501619339, 23.2199497223, 50.1697692871, 11.1768608093, 9.18392181396, 5.71084308624, 12.0090475082, 5.02427101135, 3.7787976265, 2.37730526924, 1.4667006731, 0.836415588856, 0.932257533073, 0.581108272076, 0.454960495234, 0.244665920734, 0.147054761648, 0.0948857367039, 0.0817518904805, 0.0429951995611, 0.0218412932009, 0.0117732128128, 0.00532829295844, 0.00218125991523, 0.000904563697986, 0.000326180073898, 7.68075115047e-05, 2.22223716264e-05, 1.6879344912e-05],
        "dmean2": [0.167193755507, 2.344186306, 9.27604579926, 14.1248121262, 12.7905654907, 8.80340099335, 10.1816291809, 10.4369764328, 10.7650384903, 31.1401042938, 20.0615711212, 18.7178020477, 31.9546031952, 71.7567825317, 16.2172775269, 13.2850313187, 8.59826087952, 17.7418708801, 7.45134401321, 5.81131029129, 3.79755234718, 2.35722160339, 1.31586372852, 1.48721623421, 0.949817061424, 0.754196822643, 0.397526323795, 0.237912654877, 0.150642961264, 0.132719382644, 0.0715272799134, 0.0354161709547, 0.0192593373358, 0.00862503051758, 0.00343512324616, 0.00144284137059, 0.000523328664713, 0.000116148839879, 3.45652260876e-05, 2.62085759459e-05],
        "dvar": [0.126786962152, 9.93612098694, 133.606903076, 356.533813477, 518.894470215, 227.331192017, 342.632629395, 324.735595703, 288.815338135, 4381.39306641, 1942.90625, 2300.3371582, 4934.33300781, 86810.1875, 1114.10412598, 670.881225586, 281.721496582, 2041.171875, 277.218231201, 186.825805664, 48.8047943115, 13.7709150314, 4.05080318451, 8.16586303711, 4.37624502182, 2.37501835823, 1.30278635025, 0.364257514477, 0.213910669088, 0.204181879759, 0.0626678094268, 0.0137791605666, 0.00380336120725, 0.000951107940637, 0.0001774259581, 4.74955159007e-05, 1.1188985809e-05, 9.56492613113e-07, 5.97457656681e-08, 9.92789739307e-10],
        "dvar2": [0.290752440691, 26.8482666016, 337.483184814, 939.378479004, 1250.9642334, 548.670288086, 718.728271484, 786.992736816, 616.50177002, 11368.90625, 3647.265625, 4315.57958984, 10534.5830078, 202834.4375, 2354.16552734, 1354.54284668, 607.680297852, 4248.12597656, 596.985778809, 414.703582764, 121.703346252, 34.4591026306, 9.37009811401, 20.8113975525, 11.8131284714, 6.43605470657, 3.66948318481, 0.902241110802, 0.496505200863, 0.485316306353, 0.164180725813, 0.0330416858196, 0.00905872602016, 0.0022101982031, 0.000341782404575, 8.97606951185e-05, 2.54770529864e-05, 1.70089094809e-06, 1.2717399045e-07, 2.2029524871e-09],
        "max": [14.1493644714, 83.5996704102, 286.01184082, 463.762908936, 637.512756348, 473.584960938, 1125.15991211, 566.225830078, 533.034851074, 2028.36645508, 1357.27160645, 1709.66772461, 2608.21972656, 14163.2109375, 1272.94897461, 752.258361816, 527.080810547, 1540.47399902, 480.108093262, 564.31451416, 241.852340698, 107.942230225, 64.0354919434, 95.0480422974, 108.152381897, 42.3474388123, 80.4552001953, 32.7403831482, 23.0283279419, 10.1212072372, 7.3077788353, 3.98656773567, 1.96791386604, 1.80670833588, 0.995009183884, 0.537714660168, 0.289150029421, 0.0868396162987, 0.0198763422668, 0.00109132833313],
        "mean": [0.169745579362, 2.27594089508, 7.94327402115, 12.7639074326, 13.8297204971, 9.97132873535, 16.1192054749, 16.8325386047, 17.6490955353, 36.5057563782, 35.8618469238, 43.6450195312, 48.9042434692, 82.5985794067, 20.0131797791, 16.9862232208, 10.3761548996, 23.6155891418, 9.1305398941, 5.85510540009, 3.69818067551, 2.44269680977, 1.53428483009, 1.65202772617, 0.986020386219, 0.722847878933, 0.427163928747, 0.23456209898, 0.142211616039, 0.101775839925, 0.0483456403017, 0.026346905157, 0.0152622805908, 0.00767186563462, 0.00324559421279, 0.00116477790289, 0.000368736975361, 8.44306196086e-05, 3.19566825056e-05, 4.05359023716e-05],
        "median": [0.0344175510108, 0.608016908169, 2.96440386772, 4.60135889053, 3.55644345284, 3.59706878662, 5.19246721268, 4.32899904251, 5.81179571152, 10.0781555176, 8.95316791534, 7.89332818985, 13.3081245422, 12.6078100204, 8.15863895416, 7.10666894913, 4.22512865067, 7.1036438942, 3.99967074394, 2.40515899658, 1.44408071041, 1.1756939888, 0.70008713007, 0.589354336262, 0.301684349775, 0.179072618484, 0.074265986681, 0.037188410759, 0.0163947977126, 0.00778126064688, 0.00296041695401, 0.00134061498102, 0.000479916547192, 0.000163079268532, 5.83246619499e-05, 2.79237337963e-05, 1.30981579787e-05, 2.41404723056e-06, 1.29671816467e-05, 2.89944528049e-05],
        "min": [6.24691554485e-22, 4.13927196584e-21, 2.0859102364e-20, 2.44928017818e-20, 4.13033930379e-20, 7.05944562957e-20, 3.12994106099e-19, 2.35758287751e-19, 5.2374765451e-19, 1.54459053211e-18, 1.98319571069e-18, 9.49176621412e-19, 2.71616065827e-18, 1.65614007701e-18, 2.30675050922e-18, 4.14701664789e-18, 2.32565985802e-18, 7.17874815741e-18, 1.06562650834e-17, 1.17099442913e-17, 6.2534213244e-18, 6.37181527189e-18, 1.06796354173e-17, 1.32019961366e-17, 1.25834164125e-17, 1.34291953539e-17, 1.53181028145e-17, 1.62933404849e-17, 1.85721635155e-17, 1.6424567726e-17, 1.91994675136e-17, 1.17080517021e-17, 1.50741904129e-17, 1.29850539589e-17, 8.21994934575e-18, 6.43842771303e-18, 2.65343245049e-18, 1.3971595466e-18, 4.24084488214e-19, 3.80880482929e-20],
        "var": [0.260338842869, 17.3287143707, 199.977874756, 537.734008789, 1089.39599609, 460.764038086, 1295.16772461, 1127.58337402, 994.179504395, 6309.44677734, 7064.86914062, 10185.8447266, 11309.8417969, 124123.304688, 1941.98181152, 1247.62780762, 484.113494873, 3826.69165039, 417.696929932, 250.134902954, 71.1187210083, 20.4677677155, 7.37145662308, 13.737370491, 6.98248815536, 4.74394655228, 5.27042770386, 1.43129229546, 0.57489657402, 0.291487276554, 0.070898026228, 0.0211852174252, 0.007720337715, 0.00253277621232, 0.000604805012699, 0.000110154869617, 1.73692205863e-05, 1.78043217147e-06, 7.6772316504e-08, 2.11864881194e-09]
    },
    "gfcc": {
        "mean": [-138.195388794, 205.170806885, -129.73085022, 1.3185864687, -27.0579071045, -9.08273983002, -7.98904848099, -9.10029411316, -10.3774986267, -13.5167589188, -6.77284240723, -15.9700345993, -3.91690373421],
        "cov": [[17843.8457031, 2895.14208984, -1175.96081543, 1031.44750977, -520.835327148, 39.4124336243, -96.373260498, -93.4349517822, 163.788574219, -135.065353394, 40.3023490906, -346.002044678, -123.595939636], [2895.14208984, 2701.30371094, -5.88453578949, -332.581207275, 456.712432861, -426.876403809, 224.799667358, -219.604125977, 24.6094703674, -176.019485474, 75.523727417, -181.630966187, 69.8881149292], [-1175.96081543, -5.88453578949, 1487.83630371, 291.046813965, 222.78956604, 315.558685303, -94.8584213257, 73.3097000122, -49.9789810181, 43.7256698608, 3.13458108902, 94.5035552979, 3.73294091225], [1031.44750977, -332.581207275, 291.046813965, 637.951477051, -31.078502655, 246.517303467, -61.380153656, 28.5631084442, 85.2534103394, 63.0871887207, 47.8256416321, 35.3208656311, -59.1268768311], [-520.835327148, 456.712432861, 222.78956604, -31.078502655, 403.51083374, 48.0508346558, 182.856704712, 19.3989124298, 7.07129001617, -6.67236995697, 9.93134498596, -22.5854892731, 20.2222976685], [39.4124336243, -426.876403809, 315.558685303, 246.517303467, 48.0508346558, 457.678619385, 72.96925354, 87.1274108887, 25.0606193542, 19.3597736359, -21.4756374359, 50.0390205383, 4.88397789001], [-96.373260498, 224.799667358, -94.8584213257, -61.380153656, 182.856704712, 72.96925354, 332.754486084, 89.061340332, 63.3827514648, -13.8889007568, -7.99786090851, -39.8569374084, 17.488779068], [-93.4349517822, -219.604125977, 73.3097000122, 28.5631084442, 19.3989124298, 87.1274108887, 89.061340332, 227.881790161, 75.1433639526, 66.2968597412, 3.30086684227, 0.468875825405, -30.1139678955], [163.788574219, 24.6094703674, -49.9789810181, 85.2534103394, 7.07129001617, 25.0606193542, 63.3827514648, 75.1433639526, 174.45489502, 82.5032424927, 69.6228866577, -2.91829633713, -22.6055278778], [-135.065353394, -176.019485474, 43.7256698608, 63.0871887207, -6.67236995697, 19.3597736359, -13.8889007568, 66.2968597412, 82.5032424927, 146.254806519, 65.1354827881, 23.9691848755, -30.4291114807], [40.3023490906, 75.523727417, 3.13458108902, 47.8256416321, 9.93134498596, -21.4756374359, -7.99786090851, 3.30086684227, 69.6228866577, 65.1354827881, 120.716362, 46.8470573425, 4.41097259521], [-346.002044678, -181.630966187, 94.5035552979, 35.3208656311, -22.5854892731, 50.0390205383, -39.8569374084, 0.468875825405, -2.91829633713, 23.9691848755, 46.8470573425, 125.566459656, 58.3081169128], [-123.595939636, 69.8881149292, 3.73294091225, -59.1268768311, 20.2222976685, 4.88397789001, 17.488779068, -30.1139678955, -22.6055278778, -30.4291114807, 4.41097259521, 58.3081169128, 118.540962219]],
        "icov": [[0.000258671119809, -0.000739452138077, 0.000448985898402, -0.000743803859223, 0.00080725090811, -0.000610902614426, 0.000284796959022, -0.000662888749503, 0.000692095665727, -0.000620796519797, 0.000469581835205, -2.9355787774e-05, -3.28472597175e-05], [-0.000739452138077, 0.00308621348813, -0.00157286447939, 0.00229429872707, -0.0030407437589, 0.00249222130515, -0.00105990190059, 0.00252902670763, -0.00266162422486, 0.00312308361754, -0.00281286728568, 0.0017751067644, -0.000656084797811], [0.000448985898402, -0.00157286447939, 0.00199116626754, -0.00161105790175, 0.000596721307375, -0.00182098336518, 0.00151271373034, -0.00186145037878, 0.00185192131903, -0.00156228127889, 0.0013660840923, -0.00103147432674, 0.000214992556721], [-0.000743803859223, 0.00229429872707, -0.00161105790175, 0.00477957446128, -0.00227814354002, 0.000482910254505, -0.000242460548179, 0.00261033023708, -0.00348221720196, 0.00231462647207, -0.00219193473458, 0.000129242398543, 0.0013222922571], [0.00080725090811, -0.0030407437589, 0.000596721307375, -0.00227814354002, 0.00753629766405, -0.0022277336102, -0.00193193845917, -0.00173786876258, 0.00352972862311, -0.0034373998642, 0.00125474703964, -2.16381940845e-05, -0.000116320996312], [-0.000610902614426, 0.00249222130515, -0.00182098336518, 0.000482910254505, -0.0022277336102, 0.0059508276172, -0.00229394598864, 0.00147273030598, -0.00217846897431, 0.00229512318037, -0.000212589540752, -0.000514748331625, -0.000525826937519], [0.000284796959022, -0.00105990190059, 0.00151271373034, -0.000242460548179, -0.00193193845917, -0.00229394598864, 0.00707186991349, -0.00308525306173, -0.0012698804494, 0.000833967642393, 0.000837662722915, 0.00107862753794, -0.00123958301265], [-0.000662888749503, 0.00252902670763, -0.00186145037878, 0.00261033023708, -0.00173786876258, 0.00147273030598, -0.00308525306173, 0.00933025870472, -0.00441359076649, -0.000243259302806, 0.000326857232722, -0.000269492273219, 0.00145593157504], [0.000692095665727, -0.00266162422486, 0.00185192131903, -0.00348221720196, 0.00352972862311, -0.00217846897431, -0.0012698804494, -0.00441359076649, 0.0146325109527, -0.00638571335003, -0.00360491592437, 0.00195412687026, -0.000626513618045], [-0.000620796519797, 0.00312308361754, -0.00156228127889, 0.00231462647207, -0.0034373998642, 0.00229512318037, 0.000833967642393, -0.000243259302806, -0.00638571335003, 0.0164124537259, -0.00734742125496, 0.000596703321207, 0.00199734326452], [0.000469581835205, -0.00281286728568, 0.0013660840923, -0.00219193473458, 0.00125474703964, -0.000212589540752, 0.000837662722915, 0.000326857232722, -0.00360491592437, -0.00734742125496, 0.0204745549709, -0.0100288270041, 0.0023634287063], [-2.9355787774e-05, 0.0017751067644, -0.00103147432674, 0.000129242398543, -2.16381940845e-05, -0.000514748331625, 0.00107862753794, -0.000269492273219, 0.00195412687026, 0.000596703321207, -0.0100288270041, 0.0201405379921, -0.0101906675845], [-3.28472597175e-05, -0.000656084797811, 0.000214992556721, 0.0013222922571, -0.000116320996312, -0.000525826937519, -0.00123958301265, 0.00145593157504, -0.000626513618045, 0.00199734326452, 0.0023634287063, -0.0101906675845, 0.0153533816338]]
    },
    "melbands": {
        "dmean": [0.00115561438724, 0.00254643708467, 0.00140576576814, 0.000483992538648, 0.000224207935389, 0.000161305986694, 0.00012128031085, 0.000198392372113, 0.000117221658002, 8.47391638672e-05, 0.000119015603559, 0.00021483519231, 4.49941580882e-05, 2.37716049014e-05, 1.59971732501e-05, 1.29231721075e-05, 2.48038177233e-05, 8.37705374579e-06, 5.3897952057e-06, 4.07898778576e-06, 2.91419473797e-06, 1.85895783034e-06, 1.09080690436e-06, 8.52255254813e-07, 8.1907569438e-07, 4.25681776051e-07, 3.73506196638e-07, 2.95158855579e-07, 1.80420528295e-07, 1.26184275473e-07, 7.91590508697e-08, 5.62003137361e-08, 5.04930781631e-08, 4.33476685657e-08, 2.71311488831e-08, 1.73543881488e-08, 1.19982628277e-08, 9.13477204989e-09, 5.70451019755e-09, 4.34028102347e-09],
        "dmean2": [0.00192380161025, 0.00419266056269, 0.00230873189867, 0.000749561470002, 0.00033673926373, 0.000239601242356, 0.000179991868208, 0.000322647363646, 0.000161228512297, 0.000113234185847, 0.000165225894307, 0.000308601331199, 6.47345514153e-05, 3.47992681782e-05, 2.39370692725e-05, 1.93580053747e-05, 3.66696040146e-05, 1.26072764033e-05, 8.17060754343e-06, 6.39395375401e-06, 4.70782379125e-06, 3.01707041217e-06, 1.73566843387e-06, 1.35228435738e-06, 1.3155203078e-06, 7.00786131347e-07, 6.18564740762e-07, 4.89915748858e-07, 2.96246810194e-07, 2.03946555644e-07, 1.29846299046e-07, 9.06331223405e-08, 8.16106435764e-08, 7.12014767146e-08, 4.61601388224e-08, 2.83967231951e-08, 1.97050731288e-08, 1.52129366882e-08, 9.32833099654e-09, 7.05841296522e-09],
        "dvar": [1.01099858512e-05, 2.65988182946e-05, 9.86771647149e-06, 1.60047613917e-06, 3.18097193031e-07, 1.58719672072e-07, 8.31787829725e-08, 4.66407300337e-07, 1.18146083139e-07, 8.02723150173e-08, 1.4550096239e-07, 1.66688084846e-06, 3.71840016555e-08, 4.08625888682e-09, 1.46800860357e-09, 1.97174965244e-09, 9.86033565908e-09, 9.35812760616e-10, 3.33315625101e-10, 3.10069914189e-10, 7.31458782433e-11, 2.72854430022e-11, 9.53786442187e-12, 4.57091049039e-12, 7.14184267281e-12, 2.04749108293e-12, 1.63456672243e-12, 1.06873461903e-12, 1.00427804094e-12, 4.23425725905e-13, 1.2007784361e-13, 7.67091129657e-14, 6.70398185207e-14, 5.97638935953e-14, 2.68997064207e-14, 8.40836223619e-15, 5.18216705306e-15, 2.15742383336e-15, 1.04982406977e-15, 6.39724756848e-16],
        "dvar2": [2.50188240898e-05, 6.80341545376e-05, 2.50995417446e-05, 3.86780766348e-06, 6.91618481596e-07, 3.73881903215e-07, 1.84196593978e-07, 1.21671985198e-06, 2.16004877984e-07, 1.49726176346e-07, 3.22331487723e-07, 3.91756429963e-06, 7.7905887963e-08, 8.33500912734e-09, 3.20900195305e-09, 4.16487067056e-09, 2.04312176066e-08, 2.10326156491e-09, 7.31705918078e-10, 7.0668809693e-10, 1.86223952925e-10, 6.8937668074e-11, 2.19252428713e-11, 1.07527545895e-11, 1.82010604505e-11, 5.43958498037e-12, 4.48090653124e-12, 2.90070788569e-12, 3.03792581369e-12, 1.05557023625e-12, 3.0022726384e-13, 1.85120920871e-13, 1.54801844086e-13, 1.43952097421e-13, 7.21610203774e-14, 2.08676934239e-14, 1.24761896845e-14, 5.29874377407e-15, 2.43573090774e-15, 1.51257045083e-15],
        "max": [0.110724933445, 0.139116585255, 0.0693614780903, 0.0298704374582, 0.0310866441578, 0.012621586211, 0.00803363230079, 0.0196443535388, 0.0100145759061, 0.00920316483825, 0.0154534783214, 0.0634546205401, 0.00914343167096, 0.00172964157537, 0.000892643351108, 0.00186470302287, 0.00353757315315, 0.0010936090257, 0.000983758945949, 0.000837037398014, 0.000309992174152, 0.000177035180968, 8.75250407262e-05, 6.49544890621e-05, 8.85348490556e-05, 5.76375823584e-05, 5.24611023138e-05, 2.92006770906e-05, 7.28848826839e-05, 3.62423452316e-05, 1.81370596692e-05, 1.4361943613e-05, 7.33371507522e-06, 5.4207030189e-06, 5.25394807482e-06, 2.82103769678e-06, 3.13402665597e-06, 1.67213590885e-06, 1.36712708354e-06, 1.49169306951e-06],
        "mean": [0.00201586238109, 0.0038958855439, 0.00225650682114, 0.000844611669891, 0.000519079098012, 0.000395640643546, 0.000292647746392, 0.000372596667148, 0.000305355235469, 0.000253331352724, 0.000241515241214, 0.000348175992258, 7.29318198864e-05, 4.29944557254e-05, 2.84244051727e-05, 2.18483019125e-05, 4.83560834255e-05, 1.46945640154e-05, 8.89769216883e-06, 5.78282561037e-06, 4.26509632234e-06, 2.80702238342e-06, 1.6996262957e-06, 1.44178272876e-06, 1.37196252581e-06, 6.93000288265e-07, 5.66343999253e-07, 4.49053004559e-07, 2.99619614452e-07, 1.80755179713e-07, 1.16583208865e-07, 8.09700253512e-08, 6.46222702017e-08, 5.18394358551e-08, 2.83005157087e-08, 2.06397299252e-08, 1.3886201522e-08, 1.19046639213e-08, 6.99324287368e-09, 6.35242747293e-09],
        "median": [0.000494767562486, 0.00157163606491, 0.000870160525665, 0.000251039135037, 0.000184527598321, 0.000103367019619, 9.66970183072e-05, 0.000105407270894, 6.43468665658e-05, 4.46485828434e-05, 5.57186103833e-05, 4.57849455415e-05, 2.4343826226e-05, 1.768700713e-05, 1.309028994e-05, 7.34367358746e-06, 1.27416833493e-05, 5.7517240748e-06, 3.53164068656e-06, 2.10621647057e-06, 1.48765923313e-06, 1.13656699341e-06, 6.91876266501e-07, 4.64883271434e-07, 4.61482159153e-07, 2.07855350709e-07, 1.53511834355e-07, 1.00365298294e-07, 4.00914572651e-08, 3.12852712625e-08, 1.49596051102e-08, 9.29160481888e-09, 5.71444491726e-09, 3.43898287625e-09, 1.64903568578e-09, 1.12205189584e-09, 6.12751793749e-10, 3.45169171023e-10, 1.77827128023e-10, 9.42712505281e-11],
        "min": [5.93172953071e-24, 9.24592707004e-24, 5.16525886456e-24, 3.44519578125e-24, 9.06817146454e-24, 6.54043748215e-24, 8.2295152924e-24, 1.73796675488e-23, 1.59795861702e-23, 5.71537772214e-24, 1.34237367907e-23, 6.58733329081e-24, 4.97694475028e-24, 1.3113736543e-23, 7.42117267827e-24, 4.86247866635e-24, 1.37887679751e-23, 1.52413054485e-23, 1.55004525667e-23, 1.31490009921e-23, 6.66523251634e-24, 5.3069623434e-24, 8.8945534345e-24, 1.10691423942e-23, 1.07320234752e-23, 9.49868204838e-24, 6.38900143189e-24, 1.04118161563e-23, 9.40224695816e-24, 1.00088320849e-23, 9.12708123036e-24, 9.59121779914e-24, 1.23453158127e-23, 7.75415165522e-24, 1.16165613753e-23, 8.08656501891e-24, 6.68285882441e-24, 1.11573047001e-23, 1.00100232649e-23, 1.17140511726e-23],
        "var": [2.06562363019e-05, 4.1692663217e-05, 1.71536703419e-05, 3.3979492855e-06, 1.11649126211e-06, 5.75969238525e-07, 2.58915235918e-07, 6.40638290861e-07, 4.53146185464e-07, 3.3654418985e-07, 3.03305796479e-07, 2.36299388234e-06, 5.95395590608e-08, 7.60921814447e-09, 2.52342746698e-09, 3.3529996557e-09, 1.86094961663e-08, 1.33783595313e-09, 4.53889814622e-10, 3.60994484305e-10, 1.09733014342e-10, 3.69602612404e-11, 1.37147975268e-11, 8.16555590505e-12, 1.1174155351e-11, 3.15417418746e-12, 2.54967509779e-12, 2.05903610134e-12, 3.47036787328e-12, 8.52720671851e-13, 3.69418363087e-13, 1.89254495864e-13, 1.11687155563e-13, 8.01710111601e-14, 2.60216856201e-14, 1.26995310969e-14, 7.02044793013e-15, 4.87777559907e-15, 1.79743186616e-15, 1.92084880174e-15]
    },
    "mfcc": {
        "mean": [-763.341918945, 221.18421936, -16.2337322235, 15.372841835, 2.98984909058, 2.95762634277, 7.29199886322, 3.64573454857, 2.07803845406, 4.41548395157, -0.628008186817, -4.12328767776, -2.91367912292],
        "cov": [[7595.36865234, 1549.54943848, -1111.21069336, 681.509460449, -210.849609375, 39.3703422546, -172.019119263, -59.2215995789, -38.0301475525, 148.979110718, 158.854324341, 114.757865906, -16.5295143127], [1549.54943848, 1914.74487305, -76.6610717773, 89.1457901001, 158.93598938, -77.8042144775, 107.01335144, -19.9551353455, -14.0272159576, 26.1302547455, 19.3146095276, -26.0900421143, -15.3894367218], [-1111.21069336, -76.6610717773, 1098.26403809, 157.865371704, 236.421096802, 232.845916748, 77.3214950562, 98.6279983521, 7.83676576614, -50.343963623, -32.7827720642, 7.07163667679, 27.7196750641], [681.509460449, 89.1457901001, 157.865371704, 403.596923828, 122.843025208, 105.714874268, -0.0357772558928, 5.01494932175, -11.1441402435, 16.4855651855, 78.6155700684, 82.7285842896, 38.2292366028], [-210.849609375, 158.93598938, 236.421096802, 122.843025208, 254.316696167, 125.823440552, 75.4543075562, 38.7532463074, 4.57801675797, -5.93207025528, 14.6675167084, 25.4033374786, 18.9359455109], [39.3703422546, -77.8042144775, 232.845916748, 105.714874268, 125.823440552, 309.05090332, 110.366622925, 97.7653121948, 60.2288894653, -2.57247400284, 8.32256126404, 17.4321193695, 7.34709310532], [-172.019119263, 107.01335144, 77.3214950562, -0.0357772558928, 75.4543075562, 110.366622925, 187.333984375, 111.097991943, 77.0208282471, 37.787361145, 8.72519493103, 6.31559991837, 3.71831417084], [-59.2215995789, -19.9551353455, 98.6279983521, 5.01494932175, 38.7532463074, 97.7653121948, 111.097991943, 185.066101074, 113.140060425, 46.7796058655, 9.47808742523, 3.90850043297, 22.9901237488], [-38.0301475525, -14.0272159576, 7.83676576614, -11.1441402435, 4.57801675797, 60.2288894653, 77.0208282471, 113.140060425, 149.334411621, 86.6258773804, 18.0983219147, -4.21310758591, 3.82045888901], [148.979110718, 26.1302547455, -50.343963623, 16.4855651855, -5.93207025528, -2.57247400284, 37.787361145, 46.7796058655, 86.6258773804, 160.637359619, 95.3790206909, 21.3298892975, -0.700082659721], [158.854324341, 19.3146095276, -32.7827720642, 78.6155700684, 14.6675167084, 8.32256126404, 8.72519493103, 9.47808742523, 18.0983219147, 95.3790206909, 171.692398071, 102.535308838, 28.2505683899], [114.757865906, -26.0900421143, 7.07163667679, 82.7285842896, 25.4033374786, 17.4321193695, 6.31559991837, 3.90850043297, -4.21310758591, 21.3298892975, 102.535308838, 143.630935669, 80.8707275391], [-16.5295143127, -15.3894367218, 27.7196750641, 38.2292366028, 18.9359455109, 7.34709310532, 3.71831417084, 22.9901237488, 3.82045888901, -0.700082659721, 28.2505683899, 80.8707275391, 124.30393219]],
