{
"lowlevel": {
    "average_loudness": 0.881892263889,
    "barkbands_crest": {
        "dmean": 2.53915333748,
        "dmean2": 4.25115013123,
        "dvar": 5.09706354141,
        "dvar2": 13.892250061,
        "max": 25.6026210785,
        "mean": 13.492146492,
        "median": 12.9256076813,
        "min": 3.5320892334,
        "var": 15.9948911667
    },
    "barkbands_flatness_db": {
        "dmean": 0.0282805450261,
        "dmean2": 0.0443563200533,
        "dvar": 0.000862363202032,
        "dvar2": 0.00185525789857,
        "max": 0.540036141872,
        "mean": 0.268830984831,
        "median": 0.260312974453,
        "min": 0.0438155457377,
        "var": 0.00609690835699
    },
    "barkbands_kurtosis": {
        "dmean": 10.3895740509,
        "dmean2": 16.9850692749,
        "dvar": 164.104598999,
        "dvar2": 437.323913574,
        "max": 217.556350708,
        "mean": 26.8755512238,
        "median": 22.1822738647,
        "min": -1.58550798893,
        "var": 410.016479492
    },
    "barkbands_skewness": {
        "dmean": 0.779263794422,
        "dmean2": 1.2605407238,
        "dvar": 0.581375181675,
        "dvar2": 1.50020611286,
        "max": 10.6723232269,
        "mean": 3.68521380424,
        "median": 3.6253991127,
        "min": -1.92867600918,
        "var": 2.2024371624
    },
    "barkbands_spread": {
        "dmean": 1.61888825893,
        "dmean2": 2.57885813713,
        "dvar": 8.40010356903,
        "dvar2": 19.667766571,
        "max": 63.608379364,
        "mean": 4.85833406448,
        "median": 3.21894717216,
        "min": 0.239953875542,
        "var": 23.6159801483
    },
    "dissonance": {
        "dmean": 0.0294463895261,
        "dmean2": 0.0488418005407,
        "dvar": 0.000661853642669,
        "dvar2": 0.00172151019797,
        "max": 0.500000059605,
        "mean": 0.413403630257,
        "median": 0.420195400715,
        "min": 0.17457716167,
        "var": 0.00190284242854
    },
    "dynamic_complexity": 3.06419277191,
    "erbbands_crest": {
        "dmean": 2.55160570145,
        "dmean2": 4.19896268845,
        "dvar": 5.27267313004,
        "dvar2": 14.3012533188,
        "max": 28.0937099457,
        "mean": 11.6559944153,
        "median": 11.0449476242,
        "min": 3.07214045525,
        "var": 14.818693161
    },
    "erbbands_flatness_db": {
        "dmean": 0.0209417734295,
        "dmean2": 0.0322756506503,
        "dvar": 0.000528535165358,
        "dvar2": 0.00110634893645,
        "max": 0.413624614477,
        "mean": 0.204045429826,
        "median": 0.196092531085,
        "min": 0.062387868762,
        "var": 0.00303057930432
    },
    "erbbands_kurtosis": {
        "dmean": 2.17698168755,
        "dmean2": 3.54187464714,
        "dvar": 7.98623132706,
        "dvar2": 21.4098377228,
        "max": 62.7028198242,
        "mean": 4.34801673889,
        "median": 3.13914442062,
        "min": -1.76942527294,
        "var": 22.9085865021
    },
    "erbbands_skewness": {
        "dmean": 0.415261238813,
        "dmean2": 0.669302284718,
        "dvar": 0.149635061622,
        "dvar2": 0.395177602768,
        "max": 6.7023100853,
        "mean": 1.78470504284,
        "median": 1.7530002594,
        "min": -1.28231966496,
        "var": 0.640663504601
    },
    "erbbands_spread": {
        "dmean": 6.4085111618,
        "dmean2": 10.0847253799,
        "dvar": 82.3897399902,
        "dvar2": 188.623519897,
        "max": 126.368385315,
        "mean": 27.9991607666,
        "median": 25.3376960754,
        "min": 2.70987296104,
        "var": 267.645843506
    },
    "hfc": {
        "dmean": 3.64599442482,
        "dmean2": 5.75407218933,
        "dvar": 27.0804653168,
        "dvar2": 65.695022583,
        "max": 75.519317627,
        "mean": 10.4631071091,
        "median": 8.88564872742,
        "min": 1.13806102713e-16,
        "var": 52.7301330566
    },
    "melbands_crest": {
        "dmean": 3.11856532097,
        "dmean2": 5.19242191315,
        "dvar": 8.00725650787,
        "dvar2": 21.4784736633,
        "max": 33.6410598755,
        "mean": 18.030134201,
        "median": 17.6047325134,
        "min": 1.82854866982,
        "var": 29.376871109
    },
    "melbands_flatness_db": {
        "dmean": 0.0306372437626,
        "dmean2": 0.0478166565299,
        "dvar": 0.00106484652497,
        "dvar2": 0.00221924833022,
        "max": 0.689656496048,
        "mean": 0.375420987606,
        "median": 0.366255015135,
        "min": 0.00457414705306,
        "var": 0.00825151801109
    },
    "melbands_kurtosis": {
        "dmean": 16.0199775696,
        "dmean2": 26.1297626495,
        "dvar": 381.955230713,
        "dvar2": 1000.6005249,
        "max": 357.463348389,
        "mean": 44.3436508179,
        "median": 37.5052909851,
        "min": -1.17375516891,
        "var": 1001.09881592
    },
    "melbands_skewness": {
        "dmean": 0.882600009441,
        "dmean2": 1.41938650608,
        "dvar": 0.758091270924,
        "dvar2": 1.8337982893,
        "max": 14.5159826279,
        "mean": 4.32494974136,
        "median": 4.20119285583,
        "min": -0.131046682596,
        "var": 3.01771020889
    },
    "melbands_spread": {
        "dmean": 1.13705205917,
        "dmean2": 1.82760679722,
        "dvar": 3.84331250191,
        "dvar2": 7.32467556,
        "max": 134.470962524,
        "mean": 3.85082960129,
        "median": 3.02585053444,
        "min": 0.301408290863,
        "var": 11.5685834885
    },
    "pitch_salience": {
        "dmean": 0.0770502388477,
        "dmean2": 0.128003537655,
        "dvar": 0.00483847782016,
        "dvar2": 0.0126107316464,
        "max": 0.864560544491,
        "mean": 0.474314898252,
        "median": 0.484641045332,
        "min": 0.0799596905708,
        "var": 0.0160229839385
    },
    "silence_rate_20dB": {
        "dmean": 0.000171144958586,
        "dmean2": 0.000342319224728,
        "dvar": 0.000171106381458,
        "dvar2": 0.000513324455824,
        "max": 1,
        "mean": 0.99991440773,
        "median": 1,
        "min": 0,
        "var": 8.55555117596e-05
    },
    "silence_rate_30dB": {
        "dmean": 0.0708540156484,
        "dmean2": 0.141720160842,
        "dvar": 0.0658338814974,
        "dvar2": 0.143218770623,
        "max": 1,
        "mean": 0.88448703289,
        "median": 1,
        "min": 0,
        "var": 0.102166719735
    },
    "silence_rate_60dB": {
        "dmean": 0.000342289917171,
        "dmean2": 0.000684638449457,
        "dvar": 0.000342065119185,
        "dvar2": 0.000855321297422,
        "max": 1,
        "mean": 0.0342260636389,
        "median": 0,
        "min": 0,
        "var": 0.0330544188619
    },
    "spectral_centroid": {
        "dmean": 54.3643608093,
        "dmean2": 87.0620956421,
        "dvar": 14968.4912109,
        "dvar2": 23338.9492188,
        "max": 10761.6386719,
        "mean": 336.114685059,
        "median": 296.541992188,
        "min": 116.735336304,
        "var": 33777.25
    },
    "spectral_complexity": {
        "dmean": 1.33373272419,
        "dmean2": 2.20641851425,
        "dvar": 1.6939394474,
        "dvar2": 4.10668468475,
        "max": 24,
        "mean": 8.42431735992,
        "median": 8,
        "min": 0,
        "var": 8.60934066772
    },
    "spectral_decrease": {
        "dmean": 5.3519455534e-09,
        "dmean2": 8.69611405108e-09,
        "dvar": 7.31735815091e-17,
        "dvar2": 1.7980192041e-16,
        "max": -2.03835610489e-29,
        "mean": -1.30352280081e-08,
        "median": -9.02124952518e-09,
        "min": -1.04788568933e-07,
        "var": 1.42050747212e-16
    },
    "spectral_energy": {
        "dmean": 0.0205010715872,
        "dmean2": 0.033302295953,
        "dvar": 0.00106668670196,
        "dvar2": 0.00262141204439,
        "max": 0.402345061302,
        "mean": 0.0501468963921,
        "median": 0.0349776372313,
        "min": 1.03994762197e-20,
        "var": 0.00206843391061
    },
    "spectral_energyband_high": {
        "dmean": 8.69504365255e-05,
        "dmean2": 0.000116302428069,
        "dvar": 9.51404075522e-08,
        "dvar2": 2.14470219362e-07,
        "max": 0.00611688382924,
        "mean": 0.000165776975336,
        "median": 3.60952872143e-05,
        "min": 7.79244526703e-21,
        "var": 1.64032741168e-07
    },
    "spectral_energyband_low": {
        "dmean": 0.0145005127415,
        "dmean2": 0.023764166981,
        "dvar": 0.000763479212765,
        "dvar2": 0.00190462940373,
        "max": 0.304556638002,
        "mean": 0.0289062000811,
        "median": 0.0137497801334,
        "min": 5.2099049997e-23,
        "var": 0.0015114598209
    },
    "spectral_energyband_middle_high": {
        "dmean": 0.000191262894077,
        "dmean2": 0.000293844525004,
        "dvar": 1.03564936182e-07,
        "dvar2": 2.50172718097e-07,
        "max": 0.00547254644334,
        "mean": 0.000597597681917,
        "median": 0.000436332251411,
        "min": 1.52507800466e-21,
        "var": 2.93472936619e-07
    },
    "spectral_energyband_middle_low": {
        "dmean": 0.011162403971,
        "dmean2": 0.0183647349477,
        "dvar": 0.000292418582831,
        "dvar2": 0.000765586388297,
        "max": 0.309970736504,
        "mean": 0.0262626353651,
        "median": 0.0202612876892,
        "min": 2.4138000167e-22,
        "var": 0.000532086647581
    },
    "spectral_entropy": {
        "dmean": 0.263614267111,
        "dmean2": 0.428338587284,
        "dvar": 0.077464222908,
        "dvar2": 0.186560213566,
        "max": 9.78512096405,
        "mean": 6.02894687653,
        "median": 6.02900695801,
        "min": 3.7069849968,
        "var": 0.352801829576
    },
    "spectral_flux": {
        "dmean": 0.0382106415927,
        "dmean2": 0.0612015724182,
        "dvar": 0.00260114879347,
        "dvar2": 0.00632553128526,
        "max": 0.55762398243,
        "mean": 0.0840431526303,
        "median": 0.0672590062022,
        "min": 1.0197782202e-10,
        "var": 0.00396766234189
    },
    "spectral_kurtosis": {
        "dmean": 8.09037017822,
        "dmean2": 12.8622579575,
        "dvar": 134.626434326,
        "dvar2": 294.799133301,
        "max": 181.472244263,
        "mean": 20.9926071167,
        "median": 13.3622722626,
        "min": -1.18544197083,
        "var": 446.011169434
    },
    "spectral_rms": {
        "dmean": 0.00129267701413,
        "dmean2": 0.00206806091592,
        "dvar": 2.5372798973e-06,
        "dvar2": 5.97239704803e-06,
        "max": 0.0198124144226,
        "mean": 0.00638697575778,
        "median": 0.00584162026644,
        "min": 3.18525197537e-12,
        "var": 8.13057158666e-06
    },
    "spectral_rolloff": {
        "dmean": 58.8247566223,
        "dmean2": 101.554489136,
        "dvar": 62211.2382812,
        "dvar2": 98782.9296875,
        "max": 18281.6894531,
        "mean": 309.770965576,
        "median": 279.931640625,
        "min": 86.1328125,
        "var": 92372.9921875
    },
    "spectral_skewness": {
        "dmean": 0.582665681839,
        "dmean2": 0.928157567978,
        "dvar": 0.462564557791,
        "dvar2": 1.01674211025,
        "max": 11.2381715775,
        "mean": 3.42127871513,
        "median": 3.02483463287,
        "min": 0.000381340068998,
        "var": 2.1098613739
    },
    "spectral_spread": {
        "dmean": 642164.625,
        "dmean2": 1032888.75,
        "dvar": 927754289152,
        "dvar2": 1.87672336794e+12,
        "max": 40149496,
        "mean": 3445109.5,
        "median": 3058156,
        "min": 490964.8125,
        "var": 3.19729985126e+12
    },
    "spectral_strongpeak": {
        "dmean": 0.307560294867,
        "dmean2": 0.516385018826,
        "dvar": 0.112455032766,
        "dvar2": 0.29332062602,
        "max": 4.37660217285,
        "mean": 0.866672515869,
        "median": 0.792731285095,
        "min": 2.99334135256e-09,
        "var": 0.255238443613
    },
    "zerocrossingrate": {
        "dmean": 0.0047700391151,
        "dmean2": 0.00588164757937,
        "dvar": 5.83709479542e-05,
        "dvar2": 6.32833180134e-05,
        "max": 0.5,
        "mean": 0.0219780877233,
        "median": 0.015625,
        "min": 0.0029296875,
        "var": 0.000375631265342
    },
    "barkbands": {
        "dmean": [3.01019445033e-05, 0.00560706434771, 0.00768756680191, 0.00704836798832, 0.00475950073451, 0.00155851710588, 0.000384721439332, 9.06370114535e-05, 9.62008998613e-05, 6.23597734375e-05, 6.56668635202e-05, 2.35866027651e-05, 7.00883610989e-05, 1.36941607707e-05, 5.01475369674e-05, 7.68811696616e-06, 1.62102387549e-05, 4.14573560192e-06, 4.26828864875e-06, 9.13308849704e-06, 8.89101738721e-06, 2.60786509898e-05, 1.0517789633e-05, 1.37608130899e-05, 1.11142926471e-05, 1.72695145011e-05, 1.69655800164e-06],
        "dmean2": [5.07460827066e-05, 0.00900869071484, 0.0128860063851, 0.0117026958615, 0.00780053716153, 0.00251520820893, 0.000495782587677, 0.000126615908812, 0.000139560608659, 9.58452874329e-05, 0.000101835910755, 3.48971007043e-05, 0.000108687585453, 2.25628591579e-05, 8.04538212833e-05, 1.27374196381e-05, 2.59654152615e-05, 6.49207140668e-06, 7.04866124579e-06, 1.51086333062e-05, 1.27190423882e-05, 3.34108917741e-05, 1.49529641931e-05, 1.81974301086e-05, 1.660005546e-05, 2.33064893109e-05, 2.3267286906e-06],
        "dvar": [5.47569101172e-09, 0.000205109361559, 0.000275926897302, 0.000134812114993, 9.20770035009e-05, 6.85219356455e-06, 4.49152338433e-07, 3.5602703008e-08, 2.32094876651e-08, 1.83565553868e-08, 1.42212606136e-08, 5.46315348515e-09, 1.54352601811e-08, 2.8833708754e-09, 1.57880055696e-08, 3.7318012569e-10, 1.211348577e-09, 7.62737373261e-11, 2.19421703029e-10, 8.75713723758e-10, 7.36458227735e-10, 1.33075594988e-08, 1.52311274704e-09, 2.25950103072e-09, 2.26035434814e-09, 7.46518580286e-09, 4.05339165011e-11],
        "dvar2": [1.49062575616e-08, 0.000503552670125, 0.000713790417649, 0.000367882021237, 0.000241700166953, 1.87905170606e-05, 7.40863470128e-07, 8.14526401882e-08, 4.7032163053e-08, 4.54500863611e-08, 3.33007506015e-08, 1.13940128443e-08, 3.5568952228e-08, 7.70181518561e-09, 4.21832879738e-08, 9.60466595146e-10, 3.19314974462e-09, 1.9880838642e-10, 5.79850278903e-10, 2.46199283183e-09, 1.3843156621e-09, 2.75089480084e-08, 3.74117981039e-09, 4.89837459483e-09, 5.94405280552e-09, 1.6929623925e-08, 9.31255073056e-11],
        "max": [0.00186428567395, 0.194808140397, 0.205421417952, 0.159917086363, 0.209037646651, 0.0327862277627, 0.0154157364741, 0.00751666259021, 0.003099382855, 0.0031921020709, 0.00233031157404, 0.00199261819944, 0.00226352573372, 0.00181917275768, 0.00392251228914, 0.000645252410322, 0.00117029005196, 0.000180945309694, 0.000759319751523, 0.00116108590737, 0.00155282521155, 0.00263542006724, 0.000768309342675, 0.00101777096279, 0.00141114415601, 0.00225041410886, 0.000112702626211],
        "mean": [3.91405228584e-05, 0.00955253932625, 0.0135365435854, 0.0119965048507, 0.00903418939561, 0.00375764141791, 0.00104562263004, 0.000204128489713, 0.00021141358593, 0.000113354100904, 0.00011597777484, 4.00647259085e-05, 0.000140200820169, 2.04110347113e-05, 0.000101243313111, 1.36074386319e-05, 3.16457626468e-05, 9.04038279259e-06, 8.15755720396e-06, 1.79106591531e-05, 1.88831909327e-05, 4.28165658377e-05, 2.03370327654e-05, 2.89819363388e-05, 1.64439043147e-05, 2.76928949461e-05, 2.49898744187e-06],
        "median": [1.08011245175e-05, 0.00105327158235, 0.00461967568845, 0.00613878993317, 0.00570088857785, 0.00220656767488, 0.000539328379091, 8.924305439e-05, 0.000123575053294, 5.00195928907e-05, 5.62111890758e-05, 1.52965913003e-05, 6.97377981851e-05, 1.05010794869e-05, 6.06410758337e-05, 7.7054992289e-06, 1.46129941641e-05, 3.96871928388e-06, 3.07948221234e-06, 7.6806272773e-06, 6.9614725362e-06, 6.15672615822e-06, 3.55969200427e-06, 3.08540438709e-06, 1.75932041202e-06, 1.00987165297e-06, 1.7766146243e-07],
        "min": [6.21029801002e-24, 2.44276837753e-23, 1.53075082333e-23, 1.08358012827e-23, 6.76154580644e-23, 3.65697866523e-23, 5.74077998992e-23, 3.46898837835e-23, 2.60394275789e-23, 8.13582417595e-23, 2.86897383186e-23, 1.10502587996e-22, 1.19827491876e-22, 7.01617369834e-23, 9.22331500328e-23, 2.20526305868e-22, 1.19410014063e-22, 1.61010398262e-22, 4.47325532681e-22, 1.92637321322e-22, 4.50423521984e-22, 5.36334841697e-22, 6.13855054271e-22, 8.56302883306e-22, 1.4806469351e-21, 1.55582101223e-21, 2.43207336741e-21],
        "var": [1.24300250093e-08, 0.000479144975543, 0.00049350282643, 0.000252966157859, 0.000154745779582, 1.79856197065e-05, 2.18741934077e-06, 1.06445043002e-07, 7.13456458357e-08, 3.32946754611e-08, 3.10116234914e-08, 9.84172121576e-09, 3.98151271952e-08, 2.33240804448e-09, 1.84416837357e-08, 4.54061316324e-10, 2.4571640278e-09, 1.75161371518e-10, 2.98752772521e-10, 1.11819775661e-09, 1.73515313229e-09, 2.38750121895e-08, 2.43854625381e-09, 5.19675058541e-09, 2.2876904815e-09, 1.21274954523e-08, 6.14263431786e-11]
    },
    "erbbands": {
        "dmean": [0.0688715130091, 1.62144911289, 7.75072622299, 16.218082428, 24.3699626923, 12.6231241226, 9.33313083649, 12.3883361816, 4.45431280136, 6.54581880569, 1.43922066689, 2.45448875427, 0.973717451096, 2.30134129524, 2.30682134628, 1.12564015388, 3.45104312897, 0.752477347851, 2.17406487465, 1.98307037354, 0.378799438477, 0.674786567688, 0.422737151384, 0.149793848395, 0.2926607728, 0.496372371912, 0.280613303185, 0.445596665144, 0.910061895847, 0.465370625257, 0.288955181837, 0.281618922949, 0.250217556953, 0.0875131040812, 0.122388213873, 0.0870835781097, 0.0174727123231, 0.00606449786574, 0.000375092116883, 3.46214401361e-05],
        "dmean2": [0.102621652186, 2.62940239906, 13.0169677734, 27.0572052002, 40.276309967, 20.4061431885, 14.9583377838, 20.2979602814, 6.79874372482, 7.42783927917, 1.99467921257, 3.58345270157, 1.42136585712, 3.59432220459, 3.48725128174, 1.69127750397, 5.34649991989, 1.22378993034, 3.48828983307, 3.17180657387, 0.616108000278, 1.08373117447, 0.669872581959, 0.238340273499, 0.48989969492, 0.8398001194, 0.388283252716, 0.652183175087, 1.1684422493, 0.598913908005, 0.408818364143, 0.391809672117, 0.323416739702, 0.133882567286, 0.173877611756, 0.12413173914, 0.024135241285, 0.00807007029653, 0.000501769653056, 5.27698321093e-05],
        "dvar": [0.0325658433139, 16.5404777527, 296.89352417, 731.591491699, 2330.00097656, 369.620147705, 183.017349243, 467.460632324, 99.265296936, 181.798461914, 8.39553260803, 16.3832702637, 6.62067127228, 20.1543560028, 20.0794124603, 7.83998727798, 37.3852729797, 8.47229003906, 23.8079299927, 26.5354728699, 0.57911336422, 1.88921892643, 0.825360536575, 0.0994809195399, 1.05504906178, 3.08891987801, 0.937492311001, 1.6698974371, 17.5874061584, 3.18906736374, 0.990056574345, 1.14838850498, 0.842383027077, 0.294740974903, 0.186486840248, 0.225360199809, 0.00672642420977, 0.000519814668223, 1.87812941022e-06, 4.07434086469e-09],
        "dvar2": [0.0677847936749, 41.2858810425, 757.760864258, 1993.07727051, 6046.05761719, 928.583129883, 507.466796875, 1278.98571777, 236.257827759, 199.255584717, 15.9678916931, 33.4505767822, 15.1029281616, 51.1999092102, 43.0430183411, 17.2175674438, 86.4255371094, 22.7776832581, 62.4496078491, 69.3320083618, 1.47364425659, 4.98022031784, 2.18753933907, 0.259863495827, 2.82133555412, 8.69194126129, 1.43860840797, 4.03504371643, 36.7691802979, 6.58722305298, 2.41504454613, 2.66969275475, 1.80261385441, 0.832375764847, 0.444314002991, 0.537761867046, 0.0149735957384, 0.00112403754611, 4.11494920627e-06, 9.47475875535e-09],
        "max": [4.15073347092, 50.971912384, 233.742050171, 429.947357178, 996.807922363, 436.826660156, 199.108291626, 296.49432373, 295.07635498, 351.017852783, 128.198028564, 82.5936660767, 104.255950928, 123.78818512, 113.58808136, 57.9400405884, 115.608787537, 107.845741272, 117.173240662, 169.370941162, 16.676366806, 44.3953590393, 29.0223770142, 8.21945285797, 49.5251350403, 69.5614700317, 68.1364974976, 36.2683677673, 96.6139526367, 38.8832550049, 19.3452701569, 22.8183021545, 20.1751461029, 20.208398819, 6.88070774078, 12.3661899567, 2.05963897705, 0.458212137222, 0.0247472394258, 0.00112949812319],
        "mean": [0.138139545918, 2.75808358192, 13.3082017899, 30.3191204071, 40.8525466919, 26.4467868805, 24.0158996582, 30.2491130829, 11.4688768387, 17.5898361206, 3.88348674774, 5.21944665909, 2.42385053635, 4.55020093918, 4.41766786575, 2.43591308594, 6.96498584747, 1.32885885239, 4.29161930084, 3.45107483864, 0.79430359602, 1.40618753433, 0.939952254295, 0.393658965826, 0.537294745445, 0.861635148525, 0.709095180035, 0.90042924881, 1.49677109718, 0.79752933979, 0.58476793766, 0.622498869896, 0.517128050327, 0.139412432909, 0.18600474298, 0.139018818736, 0.0274676475674, 0.00876752100885, 0.000584715569858, 7.84652438597e-05],
        "median": [0.0125899137929, 0.421281993389, 4.34992551804, 18.8632946014, 19.9243526459, 16.3921508789, 17.9549732208, 16.8853092194, 7.25315093994, 6.91259813309, 2.288844347, 2.91373109818, 1.36103963852, 2.4219892025, 2.08897185326, 1.40424501896, 3.45850515366, 0.82386058569, 2.29339694977, 1.78486001492, 0.494438558817, 0.726234972477, 0.417522579432, 0.223242685199, 0.168118268251, 0.322576969862, 0.267158657312, 0.320111364126, 0.216503381729, 0.16733148694, 0.0900012180209, 0.0749475881457, 0.0469313822687, 0.0214479397982, 0.0116784079, 0.00527977896854, 0.00138331914786, 0.000299075240036, 6.5505875682e-05, 5.27960219188e-05],
        "min": [2.26403534182e-22, 6.91600863394e-21, 2.29366294804e-20, 3.42374094504e-20, 1.12913901776e-19, 2.62123765047e-19, 2.05078288078e-19, 3.74542702624e-19, 5.04266620506e-19, 8.79148751525e-19, 9.32235238684e-19, 6.35646062837e-19, 1.4735353039e-18, 2.42707220112e-18, 1.82901317362e-18, 4.45897706256e-18, 5.90391435454e-18, 3.95376326855e-18, 3.80864973292e-18, 7.64430691285e-18, 1.15052022004e-17, 5.99126710877e-18, 7.52823610211e-18, 1.98696128499e-17, 1.92493365783e-17, 9.62345233367e-18, 1.51247344571e-17, 1.93362732607e-17, 2.03079259303e-17, 1.68553766239e-17, 2.0840287792e-17, 1.94401555651e-17, 1.22233471734e-17, 1.77133018855e-17, 9.97686525038e-18, 5.54743259776e-18, 3.01415723023e-18, 1.35247359554e-18, 3.43353909326e-19, 3.31923539881e-20],
        "var": [0.118635363877, 35.70545578, 495.858520508, 1221.15710449, 3958.46899414, 859.308349609, 494.452728271, 1197.40209961, 242.894866943, 1046.16589355, 25.8359928131, 47.3800964355, 13.1491737366, 41.4035797119, 51.4460296631, 14.0927047729, 96.8225784302, 6.92934179306, 34.4099845886, 32.8895111084, 0.970865666866, 4.04185724258, 1.98643672466, 0.238760173321, 1.49424386024, 3.85642075539, 2.53166055679, 3.12653255463, 31.4141197205, 5.55095148087, 1.64018785954, 2.35589957237, 2.04400968552, 0.229780703783, 0.257080554962, 0.326343983412, 0.0110927261412, 0.000809940684121, 3.11646817863e-06, 7.35509120275e-09]
    },
    "gfcc": {
        "mean": [-76.0024261475, 138.329940796, -63.1069984436, 23.5102405548, -49.4286270142, 4.87975740433, -42.2007751465, -17.511264801, -24.4264640808, -4.53528499603, -19.4550647736, -7.3470749855, -10.123208046],
        "cov": [[10243.4765625, -1079.77111816, 788.590393066, 850.003173828, -422.280578613, 514.673400879, -292.266418457, -35.5658798218, -208.539428711, 250.506057739, -83.2903823853, 219.1534729, -98.6781692505], [-1079.77111816, 2079.67578125, -168.331298828, 47.5743560791, 716.988098145, -118.762260437, 477.442443848, 11.9255609512, 284.768951416, -261.86932373, 163.327728271, -267.788391113, 135.054153442], [788.590393066, -168.331298828, 691.684692383, 32.1507644653, -67.1752853394, 208.975082397, -22.1984348297, -31.9213161469, 7.57491922379, 105.815261841, 26.2059860229, 33.3518028259, 3.59965658188], [850.003173828, 47.5743560791, 32.1507644653, 291.159515381, 90.9453048706, 56.6130027771, 32.8400001526, 10.4328660965, 39.585269928, 10.5087041855, 23.0756568909, 8.18218135834, 14.8940916061], [-422.280578613, 716.988098145, -67.1752853394, 90.9453048706, 475.608642578, -14.0639266968, 229.986953735, 42.3411598206, 112.498291016, -88.7700042725, 56.2213592529, -75.841506958, 39.1988983154], [514.673400879, -118.762260437, 208.975082397, 56.6130027771, -14.0639266968, 227.078979492, 23.8215751648, -1.12367498875, -14.3132972717, 43.5802841187, 45.3474082947, 34.2851448059, 12.5170707703], [-292.266418457, 477.442443848, -22.1984348297, 32.8400001526, 229.986953735, 23.8215751648, 259.28604126, 51.2620697021, 68.0601425171, -53.2405586243, 42.8755226135, -44.1064453125, 43.048286438], [-35.5658798218, 11.9255609512, -31.9213161469, 10.4328660965, 42.3411598206, -1.12367498875, 51.2620697021, 106.788108826, 32.3987503052, 10.4265422821, -7.08135652542, -3.68273139, -0.614098191261], [-208.539428711, 284.768951416, 7.57491922379, 39.585269928, 112.498291016, -14.3132972717, 68.0601425171, 32.3987503052, 130.317626953, -10.432765007, 15.8149709702, -31.2714099884, 17.6518688202], [250.506057739, -261.86932373, 105.815261841, 10.5087041855, -88.7700042725, 43.5802841187, -53.2405586243, 10.4265422821, -10.432765007, 119.985092163, 12.3025894165, 43.84116745, -5.54504776001], [-83.2903823853, 163.327728271, 26.2059860229, 23.0756568909, 56.2213592529, 45.3474082947, 42.8755226135, -7.08135652542, 15.8149709702, 12.3025894165, 111.174934387, 4.87696695328, 23.0476417542], [219.1534729, -267.788391113, 33.3518028259, 8.18218135834, -75.841506958, 34.2851448059, -44.1064453125, -3.68273139, -31.2714099884, 43.84116745, 4.87696695328, 115.429199219, 1.68216240406], [-98.6781692505, 135.054153442, 3.59965658188, 14.8940916061, 39.1988983154, 12.5170707703, 43.048286438, -0.614098191261, 17.6518688202, -5.54504776001, 23.0476417542, 1.68216240406, 74.6923522949]],
        "icov": [[0.000201444941922, -0.000277839135379, -0.000115766677482, -0.000693919660989, 0.000277174229268, -0.00030516521656, 0.000222325645154, -0.000217547087232, 0.000592914992012, -0.000284083449515, 0.000498648034409, -0.000351721420884, 0.000381053279852], [-0.000277839135379, 0.00362505950034, -0.00012344912102, 0.00148115842603, -0.00207238388248, 0.00180213677231, -0.0023751789704, 0.0020394816529, -0.00403191475198, 0.00355237466283, -0.00388096808456, 0.00389065314084, -0.00271330657415], [-0.000115766677482, -0.00012344912102, 0.00245095440187, 0.000581350992434, -8.46591683512e-06, -0.00207019713707, -5.33559386895e-06, 0.00113939121366, -0.000908529793378, -0.0018253546441, 0.000623067084234, 0.00024730907171, 8.14107188489e-05], [-0.000693919660989, 0.00148115842603, 0.000581350992434, 0.00654370617121, -0.00224860128947, 2.14531864913e-05, -0.0005297557218, 0.00116753019392, -0.00355056440458, 0.00093481031945, -0.0020385759417, 0.00127014901955, -0.00192743830848], [0.000277174229268, -0.00207238388248, -8.46591683512e-06, -0.00224860128947, 0.00604359153658, -0.000601891777478, -0.00164118956309, -0.00125833670609, 0.000784759584349, -0.000242929905653, 0.00104100152384, -0.0014571204083, 0.0019349346403], [-0.00030516521656, 0.00180213677231, -0.00207019713707, 2.14531864913e-05, -0.000601891777478, 0.00866339821368, -0.00254909438081, 0.000344659405528, -0.000493645435199, 0.00165723520331, -0.00442761275917, 0.00087299128063, -0.00164390436839], [0.000222325645154, -0.0023751789704, -5.33559386895e-06, -0.0005297557218, -0.00164118956309, -0.00254909438081, 0.0100393323228, -0.00439223274589, 0.00214884500019, -0.000374596595066, 0.00146489928011, -0.00184450112283, -0.000785561220255], [-0.000217547087232, 0.0020394816529, 0.00113939121366, 0.00116753019392, -0.00125833670609, 0.000344659405528, -0.00439223274589, 0.0136050237343, -0.00489193713292, -0.00149167340714, 0.000182561474503, 0.0017936747754, -6.82608297211e-05], [0.000592914992012, -0.00403191475198, -0.000908529793378, -0.00355056440458, 0.000784759584349, -0.000493645435199, 0.00214884500019, -0.00489193713292, 0.0161784496158, -0.00472603272647, 0.00392879918218, -0.0026536276564, 0.0018907537451], [-0.000284083449515, 0.00355237466283, -0.0018253546441, 0.00093481031945, -0.000242929905653, 0.00165723520331, -0.000374596595066, -0.00149167340714, -0.00472603272647, 0.0171996634454, -0.00645566452295, 0.000895125907846, -0.00247791595757], [0.000498648034409, -0.00388096808456, 0.000623067084234, -0.0020385759417, 0.00104100152384, -0.00442761275917, 0.00146489928011, 0.000182561474503, 0.00392879918218, -0.00645566452295, 0.016201492399, -0.00460549024865, 0.00110218988266], [-0.000351721420884, 0.00389065314084, 0.00024730907171, 0.00127014901955, -0.0014571204083, 0.00087299128063, -0.00184450112283, 0.0017936747754, -0.0026536276564, 0.000895125907846, -0.00460549024865, 0.0155298346654, -0.00430355640128], [0.000381053279852, -0.00271330657415, 8.14107188489e-05, -0.00192743830848, 0.0019349346403, -0.00164390436839, -0.000785561220255, -6.82608297211e-05, 0.0018907537451, -0.00247791595757, 0.00110218988266, -0.00430355640128, 0.0180163681507]]
    },
    "melbands": {
        "dmean": [0.00108285143506, 0.00338878878392, 0.0030908936169, 0.00127135589719, 0.000343312538462, 0.000280351930996, 6.76965064486e-05, 6.01507126703e-05, 1.19986289064e-05, 1.38276373036e-05, 5.03607725477e-06, 9.82104120339e-06, 9.60520446824e-06, 2.98449435832e-06, 7.15203577784e-06, 4.63281185148e-06, 1.21319294522e-06, 3.41376289725e-06, 2.87867032966e-06, 1.55591953899e-06, 3.65555223425e-07, 5.53387621949e-07, 1.04099922282e-06, 2.65979593905e-07, 1.03704067556e-07, 2.24122473469e-07, 2.69159784239e-07, 3.22448897805e-07, 1.63540065046e-07, 1.87585044387e-07, 3.19320008657e-07, 4.00819317292e-07, 7.29084831619e-07, 1.20008962767e-07, 1.537809311e-07, 2.36714626567e-07, 1.47144533003e-07, 2.04154858352e-07, 1.17439640235e-07, 5.55396653112e-08],
        "dmean2": [0.0016911898274, 0.00564552797005, 0.0051205563359, 0.00208687060513, 0.000547325471416, 0.000456204288639, 9.76770752459e-05, 6.89472944941e-05, 1.74295491888e-05, 2.01962011488e-05, 7.35779667593e-06, 1.53282417159e-05, 1.48656154124e-05, 4.30845057053e-06, 1.10207856778e-05, 7.24399660612e-06, 2.00790464078e-06, 5.46050478079e-06, 4.70557415611e-06, 2.45990986514e-06, 6.02846114361e-07, 8.86684631496e-07, 1.66495033227e-06, 4.14154442296e-07, 1.66994794881e-07, 3.7385655105e-07, 4.63907753101e-07, 5.38818824225e-07, 2.28413298942e-07, 2.58709889067e-07, 4.77431797208e-07, 5.31838622919e-07, 9.07913602077e-07, 1.66550989888e-07, 2.20602288437e-07, 3.36240020715e-07, 2.02815002126e-07, 2.55081943124e-07, 1.68731602912e-07, 8.98395384752e-08],
        "dvar": [7.75349781179e-06, 5.60016451345e-05, 2.3231626983e-05, 6.24801714366e-06, 1.91852166154e-07, 2.31467623735e-07, 1.86546564862e-08, 1.54719863588e-08, 5.46314604666e-10, 4.90952278831e-10, 1.79954259827e-10, 3.82929798981e-10, 3.05174552295e-10, 8.95120783051e-11, 1.91568955143e-10, 6.82072107128e-11, 3.04822972419e-11, 5.02615483955e-11, 9.38520441918e-11, 1.28621687953e-11, 4.9305703834e-13, 1.07551077419e-12, 5.79293600936e-12, 2.85504150703e-13, 5.05847533999e-14, 7.32071304618e-13, 8.21221942445e-13, 1.23363591478e-12, 1.82373877827e-13, 6.32221488703e-13, 1.0808076439e-12, 2.86256782167e-12, 1.28652331843e-11, 1.26354100251e-13, 2.91558010374e-13, 1.45522385375e-12, 2.46606744357e-13, 6.48228215896e-13, 3.33701545129e-13, 1.9232551207e-13],
        "dvar2": [1.76124412974e-05, 0.00014261630713, 6.15584867774e-05, 1.61529733305e-05, 5.16493628311e-07, 6.29209807812e-07, 4.32002700279e-08, 1.82408115279e-08, 1.04542630108e-09, 1.00767305611e-09, 4.1193731759e-10, 9.69507474302e-10, 7.23346105236e-10, 1.78411091456e-10, 4.31020358294e-10, 1.62749841381e-10, 8.27937440828e-11, 1.2742504274e-10, 2.53716325727e-10, 3.24315678479e-11, 1.26976196484e-12, 2.80599718808e-12, 1.54390372015e-11, 7.14055388169e-13, 1.3218507506e-13, 1.95371908755e-12, 2.33649276142e-12, 3.45934587399e-12, 3.11444311096e-13, 9.27025708801e-13, 2.73829721918e-12, 6.18210474132e-12, 2.61891792974e-11, 2.86476056635e-13, 6.88381805985e-13, 3.4386569113e-12, 5.49320083778e-13, 1.27632539954e-12, 8.94912453604e-13, 5.52880332662e-13],
        "max": [0.0444248877466, 0.0924988389015, 0.0676035434008, 0.0543427281082, 0.00603771163151, 0.00617249542847, 0.00377618102357, 0.0035135038197, 0.000967003928963, 0.000448801903985, 0.000534394232091, 0.000540752836969, 0.000334905955242, 0.00027549121296, 0.00029880888178, 0.000148127553985, 0.000204342068173, 0.000156218971824, 0.000327936490066, 9.83681820799e-05, 1.39108697113e-05, 2.93396915367e-05, 8.16406900412e-05, 1.27213852466e-05, 6.29496162219e-06, 4.46195335826e-05, 3.52731658495e-05, 4.2769144784e-05, 2.58323907474e-05, 5.91406715102e-05, 3.21622828778e-05, 3.6565506889e-05, 8.55882026372e-05, 7.8315679275e-06, 1.05098833956e-05, 2.80572858173e-05, 9.97960796667e-06, 2.06468048418e-05, 1.76628709596e-05, 1.71340052475e-05],
        "mean": [0.002008699812, 0.00599991343915, 0.00585283432156, 0.00239299051464, 0.000915723212529, 0.000682651589159, 0.000177637935849, 0.000159104311024, 2.84237303276e-05, 2.96095677186e-05, 1.15561952043e-05, 1.8664961317e-05, 1.71027695615e-05, 5.37764753972e-06, 1.44429950524e-05, 9.27323526412e-06, 1.6004655663e-06, 6.78966807754e-06, 5.13652366863e-06, 2.66356437351e-06, 6.83136136104e-07, 1.22511937661e-06, 1.80020481366e-06, 5.53079132715e-07, 2.49628186566e-07, 3.75608294689e-07, 4.36310841678e-07, 5.79125128297e-07, 4.52910342119e-07, 3.97359968929e-07, 5.84046063068e-07, 6.67844574309e-07, 1.14897000003e-06, 2.14597449144e-07, 2.79723167296e-07, 4.89720207497e-07, 3.26358588154e-07, 4.19095385951e-07, 2.09423987485e-07, 7.93163650314e-08],
        "median": [0.000190744874999, 0.00186679768376, 0.0037516283337, 0.00153291737661, 0.000721853750292, 0.000383502570912, 0.000103663958726, 6.22962179477e-05, 1.63215427165e-05, 1.70980001712e-05, 5.87200429436e-06, 9.69217398961e-06, 8.30075441627e-06, 1.68398491951e-06, 7.4868057709e-06, 4.88225805384e-06, 7.03442481154e-07, 3.42941098097e-06, 2.9541740787e-06, 1.20772949685e-06, 3.64214827187e-07, 6.66152971007e-07, 6.34506022834e-07, 1.87913329341e-07, 1.39698585144e-07, 1.07812951455e-07, 1.26069892303e-07, 2.16187743263e-07, 1.43658155594e-07, 1.44813313341e-07, 1.60995000442e-07, 1.08525881615e-07, 9.55527497126e-08, 7.12095840072e-08, 4.35538076715e-08, 5.13672588909e-08, 4.02777118325e-08, 3.49755069351e-08, 2.11156212515e-08, 1.5548609511e-08],
        "min": [4.48755871608e-24, 1.15109581437e-23, 6.30458582086e-24, 1.50621346265e-23, 8.10131514011e-24, 8.39602095253e-24, 8.82085331556e-24, 8.60081555441e-24, 7.00337458792e-24, 3.91799285947e-24, 8.12062645507e-24, 1.08548996052e-23, 4.64967318198e-24, 1.24843738465e-23, 9.14941624917e-24, 1.36297115285e-23, 6.95947605627e-24, 5.83589200263e-24, 8.0970860568e-24, 1.32547422744e-23, 1.33647173732e-23, 5.58077517474e-24, 6.75552553555e-24, 8.44212513927e-24, 1.6906904786e-23, 1.66368003898e-23, 7.35467091509e-24, 6.26377844066e-24, 9.7865271375e-24, 7.85590524566e-24, 1.25283938627e-23, 1.16670816054e-23, 1.04636735056e-23, 8.75098863835e-24, 1.28907437089e-23, 1.07556222492e-23, 1.15463235669e-23, 8.11260926169e-24, 9.28293411282e-24, 1.77333091594e-23],
        "var": [2.2426202122e-05, 9.78113021119e-05, 4.17861592723e-05, 1.07918422145e-05, 5.98611450187e-07, 6.08593779816e-07, 5.47105329929e-08, 8.61813518327e-08, 1.57426671699e-09, 1.43328193758e-09, 3.46626866099e-10, 7.48642647874e-10, 6.56761534046e-10, 1.88015089608e-10, 4.20541185209e-10, 1.61126362253e-10, 2.31417697505e-11, 8.99429350443e-11, 8.29452825868e-11, 2.01957148921e-11, 8.83147558989e-13, 2.49143088972e-12, 1.05442928694e-11, 8.16925628706e-13, 1.04158394691e-13, 9.41371763527e-13, 1.00283063104e-12, 1.53879480772e-12, 5.9653741365e-13, 1.5459909828e-12, 1.7395747386e-12, 4.99976882812e-12, 2.32603884071e-11, 1.99646072244e-13, 4.50741955696e-13, 2.77378424049e-12, 5.48297572709e-13, 1.7388078824e-12, 3.68233845109e-13, 1.2877376845e-13]
    },
    "mfcc": {
        "mean": [-737.831665039, 173.281173706, 41.8163070679, 28.0138835907, 11.8177900314, 17.1523761749, -7.05655908585, -8.05028057098, -4.90738296509, -6.921875, -10.4938278198, -3.36731815338, -7.55573749542],
        "cov": [[5939.22705078, -277.189758301, 487.099853516, 223.231918335, -59.9842987061, 245.944763184, -111.874679565, -68.1418838501, -112.174301147, -95.5364761353, -148.059509277, 94.7245178223, 2.90515971184], [-277.189758301, 2070.77441406, -221.034927368, 248.603713989, 265.135040283, 121.551460266, 255.904571533, 185.408432007, 167.887496948, 125.874359131, 121.639472961, -70.126914978, 12.2692661285], [487.099853516, -221.034927368, 638.407043457, -138.543014526, -18.0688209534, 134.925842285, -46.2745285034, -89.2588882446, -58.780002594, 8.87491130829, -60.9961280823, 86.7463150024, -14.2007637024], [223.231918335, 248.603713989, -138.543014526, 273.705444336, 90.1136932373, 20.1438789368, 33.8658714294, 53.1859054565, 68.1792831421, 10.6311721802, 52.2221717834, -9.70108699799, 31.234287262], [-59.9842987061, 265.135040283, -18.0688209534, 90.1136932373, 188.863342285, 70.7011795044, 46.3755722046, 44.6752853394, 29.9561595917, 33.6259765625, 34.1177558899, 10.9936275482, 16.8046607971], [245.944763184, 121.551460266, 134.925842285, 20.1438789368, 70.7011795044, 196.235733032, 79.9737167358, 33.8340034485, 3.93955874443, 19.4511356354, 1.90704405308, 41.1661682129, 13.1711502075], [-111.874679565, 255.904571533, -46.2745285034, 33.8658714294, 46.3755722046, 79.9737167358, 192.737991333, 75.8667831421, 30.0736694336, 51.2956809998, 26.4421024323, 12.0358438492, 6.62663650513], [-68.1418838501, 185.408432007, -89.2588882446, 53.1859054565, 44.6752853394, 33.8340034485, 75.8667831421, 139.569778442, 55.270942688, 19.0165519714, 43.2458457947, -4.5560092926, 14.1121587753], [-112.174301147, 167.887496948, -58.780002594, 68.1792831421, 29.9561595917, 3.93955874443, 30.0736694336, 55.270942688, 132.210601807, 32.6906089783, 19.7505073547, -16.6693954468, 28.1664581299], [-95.5364761353, 125.874359131, 8.87491130829, 10.6311721802, 33.6259765625, 19.4511356354, 51.2956809998, 19.0165519714, 32.6906089783, 112.435134888, 30.3329029083, -8.99081325531, 13.911655426], [-148.059509277, 121.639472961, -60.9961280823, 52.2221717834, 34.1177558899, 1.90704405308, 26.4421024323, 43.2458457947, 19.7505073547, 30.3329029083, 108.916648865, 8.97088241577, 3.89664816856], [94.7245178223, -70.126914978, 86.7463150024, -9.70108699799, 10.9936275482, 41.1661682129, 12.0358438492, -4.5560092926, -16.6693954468, -8.99081325531, 8.97088241577, 109.414459229, 8.03716278076], [2.90515971184, 12.2692661285, -14.2007637024, 31.234287262, 16.8046607971, 13.1711502075, 6.62663650513, 14.1121587753, 28.1664581299, 13.911655426, 3.89664816856, 8.03716278076, 81.8895187378]],
