{
"lowlevel": {
    "average_loudness": 0.234368994832,
    "barkbands_crest": {
        "dmean": 2.33437418938,
        "dmean2": 3.814858675,
        "dvar": 3.9988052845,
        "dvar2": 10.5393810272,
        "max": 26.1611366272,
        "mean": 9.59584903717,
        "median": 8.79062366486,
        "min": 2.28608703613,
        "var": 15.1492834091
    },
    "barkbands_flatness_db": {
        "dmean": 0.0189318731427,
        "dmean2": 0.0302912592888,
        "dvar": 0.000259917549556,
        "dvar2": 0.000665570260026,
        "max": 0.436856597662,
        "mean": 0.205547854304,
        "median": 0.197449058294,
        "min": 0.0263587068766,
        "var": 0.00380137911998
    },
    "barkbands_kurtosis": {
        "dmean": 2.24343013763,
        "dmean2": 3.54422092438,
        "dvar": 9.70909404755,
        "dvar2": 23.182056427,
        "max": 92.9196472168,
        "mean": 4.28032970428,
        "median": 2.53278112411,
        "min": -1.70364046097,
        "var": 39.2778930664
    },
    "barkbands_skewness": {
        "dmean": 0.429129809141,
        "dmean2": 0.675589501858,
        "dvar": 0.150928407907,
        "dvar2": 0.379056483507,
        "max": 7.67588663101,
        "mean": 1.51044297218,
        "median": 1.44263184071,
        "min": -2.22286295891,
        "var": 1.00847375393
    },
    "barkbands_spread": {
        "dmean": 3.03036761284,
        "dmean2": 4.76266670227,
        "dvar": 10.3281106949,
        "dvar2": 25.7860717773,
        "max": 93.7214889526,
        "mean": 14.8083238602,
        "median": 12.6248703003,
        "min": 0.327753812075,
        "var": 88.6400222778
    },
    "dissonance": {
        "dmean": 0.0227568671107,
        "dmean2": 0.0388610437512,
        "dvar": 0.000527255120687,
        "dvar2": 0.00151145702694,
        "max": 0.5,
        "mean": 0.448525846004,
        "median": 0.462534934282,
        "min": 0.123956054449,
        "var": 0.00223720842041
    },
    "dynamic_complexity": 7.119389534,
    "erbbands_crest": {
        "dmean": 2.38668608665,
        "dmean2": 3.81839442253,
        "dvar": 5.08522224426,
        "dvar2": 12.3620758057,
        "max": 31.5456619263,
        "mean": 9.23918056488,
        "median": 7.75856685638,
        "min": 2.02159118652,
        "var": 23.9416809082
    },
    "erbbands_flatness_db": {
        "dmean": 0.0120316119865,
        "dmean2": 0.0183017160743,
        "dvar": 0.000122729499708,
        "dvar2": 0.000274265970802,
        "max": 0.466011881828,
        "mean": 0.21094994247,
        "median": 0.195217445493,
        "min": 0.022825492546,
        "var": 0.00370624172501
    },
    "erbbands_kurtosis": {
        "dmean": 0.784081876278,
        "dmean2": 1.24093580246,
        "dvar": 1.59191894531,
        "dvar2": 3.66641545296,
        "max": 48.8510284424,
        "mean": 0.702813923359,
        "median": -0.139287948608,
        "min": -1.65487396717,
        "var": 10.9945211411
    },
    "erbbands_skewness": {
        "dmean": 0.310485094786,
        "dmean2": 0.48422113061,
        "dvar": 0.0719564855099,
        "dvar2": 0.173622429371,
        "max": 5.23669290543,
        "mean": 0.472462356091,
        "median": 0.427769035101,
        "min": -2.33084273338,
        "var": 0.453265696764
    },
    "erbbands_spread": {
        "dmean": 4.90860033035,
        "dmean2": 7.68321800232,
        "dvar": 23.015001297,
        "dvar2": 56.5165176392,
        "max": 105.596733093,
        "mean": 30.6262950897,
        "median": 30.3403148651,
        "min": 0.968019127846,
        "var": 204.164886475
    },
    "hfc": {
        "dmean": 1.86901319027,
        "dmean2": 2.82254266739,
        "dvar": 13.2911891937,
        "dvar2": 32.9591331482,
        "max": 163.369125366,
        "mean": 10.674413681,
        "median": 3.84390258789,
        "min": 1.09244228105e-16,
        "var": 242.676956177
    },
    "melbands_crest": {
        "dmean": 3.29704546928,
        "dmean2": 5.35485887527,
        "dvar": 8.07575511932,
        "dvar2": 21.0319061279,
        "max": 33.4930877686,
        "mean": 14.0132923126,
        "median": 13.2585296631,
        "min": 1.63645493984,
        "var": 24.4822769165
    },
    "melbands_flatness_db": {
        "dmean": 0.021465536207,
        "dmean2": 0.0327259451151,
        "dvar": 0.000350502930814,
        "dvar2": 0.000826518924441,
        "max": 0.566036641598,
        "mean": 0.249256670475,
        "median": 0.238953724504,
        "min": 0.00369440228678,
        "var": 0.00737814046443
    },
    "melbands_kurtosis": {
        "dmean": 4.52550649643,
        "dmean2": 7.17610025406,
        "dvar": 41.2158432007,
        "dvar2": 102.089256287,
        "max": 227.513305664,
        "mean": 10.1720304489,
        "median": 6.76175689697,
        "min": -1.51583623886,
        "var": 148.637756348
    },
    "melbands_skewness": {
        "dmean": 0.567572653294,
        "dmean2": 0.892711937428,
        "dvar": 0.273485809565,
        "dvar2": 0.688946187496,
        "max": 11.4431257248,
        "mean": 2.27443122864,
        "median": 2.16246509552,
        "min": -1.63684642315,
        "var": 1.80523633957
    },
    "melbands_spread": {
        "dmean": 3.81610989571,
        "dmean2": 6.00848197937,
        "dvar": 18.5172138214,
        "dvar2": 45.1641693115,
        "max": 160.763977051,
        "mean": 16.325088501,
        "median": 13.0569229126,
        "min": 0.818910419941,
        "var": 158.362075806
    },
    "pitch_salience": {
        "dmean": 0.0731312707067,
        "dmean2": 0.11879491061,
        "dvar": 0.00376719748601,
        "dvar2": 0.00986313633621,
        "max": 0.897025704384,
        "mean": 0.547811210155,
        "median": 0.553861498833,
        "min": 0.126651138067,
        "var": 0.0120258061215
    },
    "silence_rate_20dB": {
        "dmean": 0,
        "dmean2": 0,
        "dvar": 0,
        "dvar2": 0,
        "max": 1,
        "mean": 1,
        "median": 1,
        "min": 1,
        "var": 0
    },
    "silence_rate_30dB": {
        "dmean": 0.000297707651043,
        "dmean2": 0.000595459598117,
        "dvar": 0.00029761902988,
        "dvar2": 0.000595060992055,
        "max": 1,
        "mean": 0.999702334404,
        "median": 1,
        "min": 0,
        "var": 0.000297596881865
    },
    "silence_rate_60dB": {
        "dmean": 0.0270913969725,
        "dmean2": 0.0541868247092,
        "dvar": 0.0263560768217,
        "dvar2": 0.0601772107184,
        "max": 1,
        "mean": 0.325072556734,
        "median": 0,
        "min": 0,
        "var": 0.219424858689
    },
    "spectral_centroid": {
        "dmean": 148.829559326,
        "dmean2": 232.005172729,
        "dvar": 26418.6777344,
        "dvar2": 59544.765625,
        "max": 11675.6699219,
        "mean": 1013.97479248,
        "median": 839.028930664,
        "min": 171.987136841,
        "var": 575311
    },
    "spectral_complexity": {
        "dmean": 1.8329859972,
        "dmean2": 3.04160785675,
        "dvar": 3.64114189148,
        "dvar2": 9.44939422607,
        "max": 51,
        "mean": 13.5617322922,
        "median": 10,
        "min": 0,
        "var": 130.837371826
    },
    "spectral_decrease": {
        "dmean": 1.24207732988e-09,
        "dmean2": 1.95335747577e-09,
        "dvar": 3.76521944204e-18,
        "dvar2": 9.73804414547e-18,
        "max": 3.40249193526e-21,
        "mean": -4.62602711693e-09,
        "median": -2.30089014508e-09,
        "min": -3.279436811e-08,
        "var": 3.03154944707e-17
    },
    "spectral_energy": {
        "dmean": 0.00479482579976,
        "dmean2": 0.00753212720156,
        "dvar": 5.55481492484e-05,
        "dvar2": 0.000143318204209,
        "max": 0.126075252891,
        "mean": 0.0184279214591,
        "median": 0.00907593686134,
        "min": 9.97169459607e-21,
        "var": 0.000481843337184
    },
    "spectral_energyband_high": {
        "dmean": 6.64007093292e-05,
        "dmean2": 0.000104537335574,
        "dvar": 4.44051941884e-08,
        "dvar2": 1.16651037274e-07,
        "max": 0.008256258443,
        "mean": 0.000264599832008,
        "median": 3.11863477691e-05,
        "min": 6.86681885248e-21,
        "var": 2.73221331781e-07
    },
    "spectral_energyband_low": {
        "dmean": 0.00385301117785,
        "dmean2": 0.0062068910338,
        "dvar": 4.61909548903e-05,
        "dvar2": 0.000123835474369,
        "max": 0.112136080861,
        "mean": 0.00794228166342,
        "median": 0.00282766250893,
        "min": 1.16336275921e-23,
        "var": 0.000139156458317
    },
    "spectral_energyband_middle_high": {
        "dmean": 0.000792541250121,
        "dmean2": 0.00123542745132,
        "dvar": 3.08375160785e-06,
        "dvar2": 7.86579130363e-06,
        "max": 0.0517452247441,
        "mean": 0.00325328088365,
        "median": 0.000842514273245,
        "min": 1.08807380184e-21,
        "var": 3.12004776788e-05
    },
    "spectral_energyband_middle_low": {
        "dmean": 0.0023675118573,
        "dmean2": 0.00364604126662,
        "dvar": 1.36240332722e-05,
        "dvar2": 3.18748570862e-05,
        "max": 0.0898829698563,
        "mean": 0.00760877411813,
        "median": 0.00394247937948,
        "min": 1.37163095232e-22,
        "var": 8.38579435367e-05
    },
    "spectral_entropy": {
        "dmean": 0.118210323155,
        "dmean2": 0.18145018816,
        "dvar": 0.0127104157582,
        "dvar2": 0.0286992639303,
        "max": 9.82423591614,
        "mean": 7.11706876755,
        "median": 7.20610618591,
        "min": 4.75765705109,
        "var": 0.376149982214
    },
    "spectral_flux": {
        "dmean": 0.0115127470344,
        "dmean2": 0.0194628741592,
        "dvar": 0.000203001065529,
        "dvar2": 0.000574246048927,
        "max": 0.282159894705,
        "mean": 0.0539425462484,
        "median": 0.0442233458161,
        "min": 6.51427939369e-11,
        "var": 0.00182512088213
    },
    "spectral_kurtosis": {
        "dmean": 4.44233846664,
        "dmean2": 7.78853797913,
        "dvar": 54.1644706726,
        "dvar2": 167.196685791,
        "max": 144.968383789,
        "mean": 10.9068050385,
        "median": 5.34210681915,
        "min": -1.25330460072,
        "var": 272.049865723
    },
    "spectral_rms": {
        "dmean": 0.000470159458928,
        "dmean2": 0.000722281052731,
        "dvar": 3.00023884847e-07,
        "dvar2": 7.56787528644e-07,
        "max": 0.0110905477777,
        "mean": 0.0034313169308,
        "median": 0.00297566340305,
        "min": 3.11905167492e-12,
        "var": 6.20446962785e-06
    },
    "spectral_rolloff": {
        "dmean": 234.546203613,
        "dmean2": 397.0206604,
        "dvar": 157297.703125,
        "dvar2": 377343.46875,
        "max": 19573.6816406,
        "mean": 978.91583252,
        "median": 667.529296875,
        "min": 64.599609375,
        "var": 1418535.625
    },
    "spectral_skewness": {
        "dmean": 0.36179998517,
        "dmean2": 0.62168431282,
        "dvar": 0.201541215181,
        "dvar2": 0.616074442863,
        "max": 10.137591362,
        "mean": 2.06918263435,
        "median": 1.70445811749,
        "min": -0.0606107711792,
        "var": 1.58671116829
    },
    "spectral_spread": {
        "dmean": 246405.625,
        "dmean2": 400243.5,
        "dvar": 177572036608,
        "dvar2": 410927104000,
        "max": 43205928,
        "mean": 3130851.75,
        "median": 3124666.5,
        "min": 575871.9375,
        "var": 4.90273767424e+12
    },
    "spectral_strongpeak": {
        "dmean": 0.325230628252,
        "dmean2": 0.559306979179,
        "dvar": 0.680154502392,
        "dvar2": 1.80289399624,
        "max": 18.2950668335,
        "mean": 0.533985257149,
        "median": 0.263552099466,
        "min": 0,
        "var": 0.863252043724
    },
    "zerocrossingrate": {
        "dmean": 0.00488720973954,
        "dmean2": 0.0062658097595,
        "dvar": 3.13921336783e-05,
        "dvar2": 4.58379581687e-05,
        "max": 0.52099609375,
        "mean": 0.0402902700007,
        "median": 0.0341796875,
        "min": 0.00439453125,
        "var": 0.00110583705828
    },
    "barkbands": {
        "dmean": [0.000373922521248, 0.00204893155023, 0.00215710629709, 0.000759691174608, 0.000995948445052, 0.000615231867414, 0.000672998838127, 0.000651541166008, 0.000413811067119, 0.00028759095585, 0.00025935593294, 0.000223832204938, 0.000157722766744, 0.000179843453225, 0.00016382256581, 0.000160484167282, 0.000141172524309, 8.48583658808e-05, 0.000123147299746, 5.85023844906e-05, 2.75707770925e-05, 1.7431753804e-05, 1.3554805264e-05, 8.38984306029e-06, 2.482292075e-06, 9.79577197135e-10, 7.28300197927e-10],
        "dmean2": [0.000588206807151, 0.00334581825882, 0.00347630982287, 0.00125978619326, 0.00161006313283, 0.00101215543691, 0.00103931268677, 0.000932238355745, 0.000622262363322, 0.000463991396828, 0.000413172703702, 0.000365036539733, 0.000254855374806, 0.000294191529974, 0.000261749257334, 0.000263546331553, 0.000232613558182, 0.000141300130053, 0.000200358379516, 9.63977799984e-05, 4.59389266325e-05, 2.85974674625e-05, 2.16930930037e-05, 1.33641015054e-05, 3.80412348022e-06, 1.70891778506e-09, 1.34034794375e-09],
        "dvar": [2.54201177086e-06, 1.85689877981e-05, 1.47067394209e-05, 2.16062312575e-06, 3.36409493684e-06, 1.43561203458e-06, 2.25722169489e-06, 3.37080177815e-06, 1.33165303851e-06, 5.96667291575e-07, 8.07280628123e-07, 4.70980808132e-07, 2.76308639968e-07, 3.21417957139e-07, 2.31261935824e-07, 2.75612450196e-07, 1.92743911498e-07, 5.9233361327e-08, 3.41834351048e-07, 4.28501323313e-08, 5.40832401086e-09, 2.20130647044e-09, 1.12538922625e-09, 6.12764949892e-10, 3.87107845778e-11, 3.64200013645e-17, 2.40441117465e-18],
        "dvar2": [5.73269926463e-06, 5.15355895914e-05, 3.98456068069e-05, 6.04632941759e-06, 8.55161670188e-06, 3.93888331018e-06, 5.38023141416e-06, 5.66835251448e-06, 2.79206915366e-06, 1.54555584686e-06, 2.08352753361e-06, 1.21319851587e-06, 7.3516696375e-07, 8.79362289652e-07, 5.52631718165e-07, 7.0285102538e-07, 5.04754154917e-07, 1.61844837976e-07, 8.62305000737e-07, 1.199320252e-07, 1.52670391884e-08, 6.08505024147e-09, 2.86959411788e-09, 1.53853729756e-09, 8.42569139459e-11, 9.07099031394e-17, 7.50966341582e-18],
        "max": [0.0547072514892, 0.074439406395, 0.0646803900599, 0.0337055176497, 0.0515037924051, 0.0263663679361, 0.0392633192241, 0.0785006657243, 0.0502904839814, 0.0228571668267, 0.0326119586825, 0.0147679504007, 0.0231796558946, 0.0211350768805, 0.0113765867427, 0.0183391738683, 0.0137259317562, 0.00919913500547, 0.038780387491, 0.00712902797386, 0.00170542683918, 0.00107885175385, 0.000714528840035, 0.000466365279863, 0.000177886715392, 5.80036044084e-07, 5.2431751385e-08],
        "mean": [0.00068125652615, 0.00344047741964, 0.00326051283628, 0.00114767346531, 0.00186251220293, 0.00113293656614, 0.00128431769554, 0.00126515165903, 0.000759991176892, 0.000498305540532, 0.0004450599954, 0.000386567553505, 0.000288700714009, 0.000324489170453, 0.000304726621835, 0.000298943399685, 0.00027276770561, 0.000187652141904, 0.000250115408562, 0.000141564625665, 7.55572182243e-05, 4.83600524603e-05, 3.9237231249e-05, 2.32503862208e-05, 7.71807754063e-06, 1.03895014814e-09, 6.36936281495e-10],
        "median": [3.80039728043e-06, 0.000797419401351, 0.00109330762643, 0.000391514971852, 0.000790163932834, 0.00040395380347, 0.00029279832961, 0.000266306858975, 0.000163550503203, 0.000133238194394, 6.18399790255e-05, 7.56167646614e-05, 5.27219817741e-05, 6.49548892397e-05, 4.09544772992e-05, 4.16055700043e-05, 3.72480972146e-05, 2.5861812901e-05, 2.66640672635e-05, 1.51316617121e-05, 7.32861053621e-06, 4.63962669528e-06, 4.56260977444e-06, 2.52032282333e-06, 8.40104860345e-07, 1.08910956642e-10, 1.05905013925e-10],
        "min": [3.53924663799e-25, 2.18524311786e-24, 6.44053160116e-25, 2.82773384035e-24, 1.1709108959e-23, 2.27257928918e-24, 1.06365208186e-23, 1.10331411491e-23, 1.39397843513e-23, 2.13634009207e-23, 6.37229848552e-24, 2.85801055855e-23, 3.40564126994e-23, 4.30898324745e-23, 3.15925287242e-23, 5.14162561736e-23, 6.49537656395e-23, 6.8042850281e-23, 1.55934034161e-22, 1.97455027399e-22, 2.15371068298e-22, 3.30831628151e-22, 3.31365125315e-22, 5.62191253545e-22, 8.81808359337e-22, 1.46349990105e-21, 1.9964751293e-21],
        "var": [8.10671099316e-06, 3.94247836084e-05, 2.68802523351e-05, 3.74960791305e-06, 9.3364087661e-06, 3.87451973438e-06, 6.87411329636e-06, 1.42017461258e-05, 3.47729223904e-06, 1.39825431233e-06, 1.61200773618e-06, 1.00584406937e-06, 5.82418522299e-07, 6.08594916685e-07, 5.93466722876e-07, 5.91958894347e-07, 5.16809507189e-07, 1.85325006896e-07, 8.00158375114e-07, 1.24378445321e-07, 2.31639702974e-08, 9.06796238098e-09, 5.32198107805e-09, 2.20250484517e-09, 2.22823495766e-10, 6.53180788422e-17, 2.25775722192e-18]
    },
    "erbbands": {
        "dmean": [0.0537222623825, 0.514486014843, 2.23303747177, 2.41714668274, 2.67291688919, 3.48541760445, 4.74638843536, 5.27361059189, 7.80947303772, 12.9321470261, 12.3563661575, 8.7586555481, 9.57872772217, 7.66024017334, 9.39060878754, 8.31513023376, 6.8807091713, 7.39588212967, 6.78406429291, 9.51369762421, 9.15765571594, 6.97217941284, 4.63296937943, 6.19001817703, 3.99273991585, 2.52663445473, 1.36701500416, 0.955035507679, 0.662072956562, 0.573276042938, 0.340612381697, 0.192471265793, 0.136619254947, 0.0483011752367, 0.0111991064623, 0.000296799204079, 1.3296191355e-05, 1.70661314769e-06, 2.28179624173e-06, 5.29747148903e-06],
        "dmean2": [0.0873609781265, 0.836142778397, 3.55819153786, 3.94585442543, 4.40242576599, 5.69601392746, 7.77995920181, 8.65106010437, 12.2721614838, 19.3273468018, 17.6861953735, 13.4355335236, 15.2798347473, 12.1804847717, 14.9926519394, 13.6406869888, 11.0058584213, 12.2068929672, 10.9931755066, 15.3650865555, 14.8965549469, 11.6179580688, 7.73938512802, 10.0818376541, 6.58122158051, 4.15781784058, 2.26377701759, 1.58696734905, 1.09112358093, 0.926922082901, 0.55227959156, 0.315840661526, 0.221562102437, 0.0737301930785, 0.0173685364425, 0.000457207643194, 2.01447928703e-05, 2.61297759607e-06, 3.53937412001e-06, 8.2993065007e-06],
        "dvar": [0.0320579521358, 1.02930521965, 15.8365716934, 20.45952034, 21.1160888672, 64.2398986816, 89.9703521729, 114.914268494, 280.988250732, 1156.3717041, 1198.33520508, 551.90411377, 704.440368652, 563.668518066, 1342.99328613, 824.600952148, 555.001281738, 748.664794922, 321.225799561, 872.270751953, 988.297180176, 435.36907959, 174.207763672, 760.70501709, 241.248825073, 90.1148300171, 16.4925689697, 8.02679157257, 3.1001727581, 2.47634530067, 0.879738509655, 0.390166401863, 0.199910148978, 0.0153507683426, 0.000852753815707, 5.71833879803e-07, 1.12772957639e-09, 1.66860344986e-11, 1.23328517537e-11, 6.69371710837e-11],
        "dvar2": [0.0850194767118, 2.85776686668, 42.2382583618, 55.7346992493, 56.4210548401, 161.417877197, 231.804397583, 311.398712158, 689.083007812, 2426.72802734, 2097.70141602, 1274.96582031, 1803.66564941, 1389.23828125, 3601.44067383, 2178.86352539, 1455.42956543, 2031.66784668, 855.926452637, 2104.96533203, 2458.17724609, 1232.34802246, 487.376220703, 1875.60046387, 647.945800781, 251.24168396, 44.9299354553, 22.6028881073, 8.40452671051, 6.75245761871, 2.35062336922, 1.04167854786, 0.501377940178, 0.0332188941538, 0.00193923152983, 1.3047720131e-06, 2.53134890826e-09, 3.80455979221e-11, 3.10746949006e-11, 1.72122080477e-10],
        "max": [4.37534666061, 14.1524715424, 74.4148178101, 94.6872177124, 95.9756469727, 288.82510376, 217.121704102, 289.229125977, 396.385772705, 1310.53674316, 1446.76965332, 752.708862305, 879.358764648, 755.420654297, 1646.76953125, 719.997924805, 1138.86242676, 1420.43383789, 483.036010742, 765.386962891, 972.901245117, 679.030212402, 409.775238037, 1652.328125, 839.396728516, 376.844573975, 123.9789505, 74.9606781006, 38.9446411133, 41.8680953979, 23.0183200836, 14.055981636, 10.9502830505, 3.0185136795, 0.809703111649, 0.0201326590031, 0.00134757068008, 0.000165846082382, 7.23260891391e-05, 0.000138306699228],
        "mean": [0.0876768529415, 0.84105026722, 3.61022472382, 3.96257090569, 4.52862262726, 6.26102256775, 8.2636051178, 9.89023113251, 15.0299940109, 25.1455612183, 25.3105716705, 16.6005382538, 17.3724918365, 14.9482097626, 17.0923099518, 15.0356864929, 13.9453058243, 14.6777582169, 14.4542293549, 18.4813175201, 18.5476074219, 14.4727563858, 10.7339315414, 13.2739725113, 9.49582290649, 6.44212245941, 3.78319978714, 2.57460331917, 1.84629225731, 1.5784124136, 0.986475884914, 0.5382168293, 0.342615395784, 0.146353706717, 0.0315850228071, 0.000875150726642, 4.99154193676e-05, 7.50384424464e-06, 1.05403096313e-05, 2.15719992411e-05],
        "median": [0.00841197837144, 0.243658840656, 1.22345292568, 1.63245773315, 2.00208353996, 2.27537083626, 2.95330834389, 3.49287509918, 4.75363588333, 4.69111728668, 6.2547621727, 4.17880105972, 5.06280946732, 3.77006483078, 2.9898147583, 3.04358172417, 2.59682273865, 3.37135863304, 3.09238576889, 2.60348844528, 2.54377508163, 2.21726441383, 1.64237630367, 1.61080408096, 1.13818264008, 0.704519152641, 0.393583655357, 0.24658164382, 0.176822930574, 0.15893907845, 0.121886074543, 0.0676284879446, 0.0332713499665, 0.0148858325556, 0.00320835853927, 9.67255691648e-05, 9.48545857682e-06, 1.5278204728e-06, 4.91733226227e-06, 1.03786369436e-05],
        "min": [5.38084169153e-23, 6.20263684535e-22, 1.75755766108e-21, 5.28060632385e-21, 9.62971680509e-21, 2.70640911004e-20, 5.98062891986e-20, 3.6680106111e-20, 9.99141251392e-20, 1.08661934933e-19, 2.86139273922e-19, 3.71999716776e-19, 7.49483537616e-19, 6.18773387798e-19, 6.89954450858e-19, 1.41918023187e-18, 1.69191770646e-18, 2.52742616662e-18, 3.16091561451e-18, 3.130106859e-18, 3.02299296674e-18, 4.56202515532e-18, 3.80014879777e-18, 5.63684668607e-18, 7.46383760988e-18, 1.0938927588e-17, 7.65183591078e-18, 9.67939290413e-18, 1.21529847089e-17, 1.29382644875e-17, 1.01163775325e-17, 1.06226707972e-17, 1.0920658477e-17, 8.92629045134e-18, 6.1357664628e-18, 4.5442473896e-18, 2.81322968276e-18, 9.66530353676e-19, 2.52819301475e-19, 2.66444875788e-20],
        "var": [0.0602708533406, 2.03913807869, 33.0497398376, 36.814743042, 45.6307868958, 175.645599365, 223.122360229, 298.012939453, 745.4609375, 3904.13598633, 4749.57421875, 1417.40869141, 1657.33569336, 1257.53063965, 2442.17602539, 1697.65844727, 1292.08557129, 1450.25854492, 883.553405762, 2130.89160156, 2284.28979492, 1075.50476074, 548.651733398, 2026.91235352, 648.282958984, 260.498260498, 67.4539871216, 28.9882125854, 13.6909790039, 9.52359580994, 3.39272212982, 1.1392005682, 0.596615731716, 0.0824802294374, 0.00413098419085, 2.995319619e-06, 7.96802712699e-09, 1.6276748005e-10, 1.65707142452e-10, 6.66521282611e-10]
    },
    "gfcc": {
        "mean": [-121.988883972, 158.928009033, -141.646499634, 38.8209266663, -62.8195037842, 7.76284599304, -32.8542442322, 0.650250554085, -7.3269238472, -16.3326969147, 2.48907375336, -22.2804718018, 0.623191058636],
        "cov": [[25608.5390625, -2678.68701172, -1758.76257324, 3035.53564453, -1272.26342773, 1764.21911621, -759.012207031, 443.84362793, -62.1969146729, 121.979026794, -114.809265137, 71.124420166, 435.847412109], [-2678.68701172, 1568.34936523, 455.286132812, -590.087646484, 345.483428955, -345.82421875, 180.93536377, -127.017120361, 141.811782837, -108.958755493, 84.280960083, -40.8960151672, -40.6638221741], [-1758.76257324, 455.286132812, 825.022155762, -121.289810181, 147.076248169, 41.0462150574, 24.4026966095, -57.6251869202, 100.566520691, -26.4220314026, -52.1357421875, 49.7402839661, 18.8262233734], [3035.53564453, -590.087646484, -121.289810181, 688.935302734, -112.245010376, 311.744537354, -64.6879806519, 45.8252868652, -38.6316871643, 37.9260292053, -13.3709421158, 24.7352046967, 67.6135253906], [-1272.26342773, 345.483428955, 147.076248169, -112.245010376, 299.178314209, -57.6476860046, 115.197151184, -23.8827381134, 46.0549278259, 5.00388431549, 60.2224197388, 5.66690635681, -13.6591386795], [1764.21911621, -345.82421875, 41.0462150574, 311.744537354, -57.6476860046, 307.083496094, -45.975189209, 43.0869293213, 13.1828994751, 27.0126399994, -32.0463256836, 46.07604599, 58.9267654419], [-759.012207031, 180.93536377, 24.4026966095, -64.6879806519, 115.197151184, -45.975189209, 160.438110352, 26.1969947815, 26.4754371643, 16.6777992249, 49.4237060547, -3.7269141674, -20.4632720947], [443.84362793, -127.017120361, -57.6251869202, 45.8252868652, -23.8827381134, 43.0869293213, 26.1969947815, 92.2545318604, 23.8070850372, 30.1756191254, 4.77868843079, 6.02229690552, -2.75000619888], [-62.1969146729, 141.811782837, 100.566520691, -38.6316871643, 46.0549278259, 13.1828994751, 26.4754371643, 23.8070850372, 107.362586975, 20.0406303406, 8.16786193848, 11.3966674805, 9.11892986298], [121.979026794, -108.958755493, -26.4220314026, 37.9260292053, 5.00388431549, 27.0126399994, 16.6777992249, 30.1756191254, 20.0406303406, 79.5929946899, 29.9671192169, 10.0452680588, -4.12499094009], [-114.809265137, 84.280960083, -52.1357421875, -13.3709421158, 60.2224197388, -32.0463256836, 49.4237060547, 4.77868843079, 8.16786193848, 29.9671192169, 87.1591262817, 17.5348472595, -6.43761825562], [71.124420166, -40.8960151672, 49.7402839661, 24.7352046967, 5.66690635681, 46.07604599, -3.7269141674, 6.02229690552, 11.3966674805, 10.0452680588, 17.5348472595, 65.8200531006, 33.5591468811], [435.847412109, -40.6638221741, 18.8262233734, 67.6135253906, -13.6591386795, 58.9267654419, -20.4632720947, -2.75000619888, 9.11892986298, -4.12499094009, -6.43761825562, 33.5591468811, 65.433013916]],
        "icov": [[0.000256163009908, -0.000514043320436, 0.000575694954023, -0.000796383188572, 0.000543345755432, -0.00095853646053, 0.000903930398636, -0.000813059334178, -0.000134243164212, -5.99381528446e-05, -0.000171751395101, 0.000230251302128, -0.000263354828348], [-0.000514043320436, 0.00354808429256, -0.00211970345117, 0.0025523728691, -0.00157714390662, 0.00275731645525, -0.00280478294007, 0.00327825150453, -0.00239578657784, 0.00364487222396, -0.00300883036107, 0.00223130942322, -0.000827048032079], [0.000575694954023, -0.00211970345117, 0.00371120823547, -0.00195094011724, 0.000563076871913, -0.00296234246343, 0.001945457072, -0.000650872534607, -0.00103560974821, -0.00142798211891, 0.00341810728423, -0.00284507311881, 0.0010123384418], [-0.000796383188572, 0.0025523728691, -0.00195094011724, 0.00611379090697, -0.00151090114377, -9.06236600713e-05, -0.00298300432041, 0.00296403397806, 0.000770189973991, 0.00105064059608, -0.00222208304331, 0.00238335481845, -0.00138953432906], [0.000543345755432, -0.00157714390662, 0.000563076871913, -0.00151090114377, 0.00741303991526, -0.00260245217942, -0.00136054807808, 0.000270882097539, -0.00105200440157, -0.000213636740227, -0.00299339182675, 0.000826309900731, -0.000308207905618], [-0.00095853646053, 0.00275731645525, -0.00296234246343, -9.06236600713e-05, -0.00260245217942, 0.0123841166496, -0.00302386889234, 0.00137518334668, -0.00114146294072, -8.39839121909e-05, 0.00307691842318, -0.0037344021257, -0.00116776034702], [0.000903930398636, -0.00280478294007, 0.001945457072, -0.00298300432041, -0.00136054807808, -0.00302386889234, 0.014778079465, -0.00844664406031, 0.000789103854913, -0.0010167171713, -0.00354120088741, 0.00170153868385, 6.92389148753e-05], [-0.000813059334178, 0.00327825150453, -0.000650872534607, 0.00296403397806, 0.000270882097539, 0.00137518334668, -0.00844664406031, 0.0213576536626, -0.0060180509463, -0.00128345307894, 0.00146685156506, -0.00213935575448, 0.00365099031478], [-0.000134243164212, -0.00239578657784, -0.00103560974821, 0.000770189973991, -0.00105200440157, -0.00114146294072, 0.000789103854913, -0.0060180509463, 0.0166613962501, -0.00635706912726, 0.00241172756068, -0.000686941028107, -0.00242351274937], [-5.99381528446e-05, 0.00364487222396, -0.00142798211891, 0.00105064059608, -0.000213636740227, -8.39839121909e-05, -0.0010167171713, -0.00128345307894, -0.00635706912726, 0.0229632686824, -0.0113705759868, 0.0031361579895, 0.00125513097737], [-0.000171751395101, -0.00300883036107, 0.00341810728423, -0.00222208304331, -0.00299339182675, 0.00307691842318, -0.00354120088741, 0.00146685156506, 0.00241172756068, -0.0113705759868, 0.0279750116169, -0.0144871771336, 0.00527475075796], [0.000230251302128, 0.00223130942322, -0.00284507311881, 0.00238335481845, 0.000826309900731, -0.0037344021257, 0.00170153868385, -0.00213935575448, -0.000686941028107, 0.0031361579895, -0.0144871771336, 0.0316614173353, -0.0151837654412], [-0.000263354828348, -0.000827048032079, 0.0010123384418, -0.00138953432906, -0.000308207905618, -0.00116776034702, 6.92389148753e-05, 0.00365099031478, -0.00242351274937, 0.00125513097737, 0.00527475075796, -0.0151837654412, 0.0275532510132]]
    },
    "melbands": {
        "dmean": [0.000507699034642, 0.000961227575317, 0.000393914699089, 0.0002171927772, 0.00016332641826, 0.000119644064398, 0.000121162331197, 0.000149189479998, 9.57151059993e-05, 5.62556815566e-05, 4.93681509397e-05, 3.22295672959e-05, 3.22766682075e-05, 2.66578736046e-05, 1.83350639418e-05, 1.73204898601e-05, 1.4805958017e-05, 1.27431394503e-05, 1.34633864945e-05, 1.27849343698e-05, 1.1460636415e-05, 9.14473730518e-06, 4.55698818769e-06, 4.21016875407e-06, 5.68037694393e-06, 4.71605335406e-06, 2.26476004173e-06, 1.94926178665e-06, 1.14328361178e-06, 7.10924439318e-07, 5.6681346905e-07, 4.3669444949e-07, 3.48454847199e-07, 3.70069273004e-07, 2.41927153866e-07, 1.67531609918e-07, 1.20879690257e-07, 1.03465545465e-07, 7.95763881456e-08, 3.85881122611e-08],
        "dmean2": [0.000822494446766, 0.00154499465134, 0.000645129068289, 0.000353350886144, 0.000265958515229, 0.000195670450921, 0.000190259743249, 0.000218724264414, 0.000137688519317, 8.66127302288e-05, 7.88654870121e-05, 5.11226207891e-05, 5.14255116286e-05, 4.3968178943e-05, 2.94060973829e-05, 2.78556999547e-05, 2.44688199018e-05, 2.0820498321e-05, 2.16694752453e-05, 2.08964720514e-05, 1.858084579e-05, 1.5157946109e-05, 7.76896740717e-06, 6.94811888025e-06, 9.26685152081e-06, 7.69131020206e-06, 3.80038932235e-06, 3.2123159599e-06, 1.89652655536e-06, 1.1859924598e-06, 9.45906890593e-07, 7.24367225757e-07, 5.70857082494e-07, 5.96057873281e-07, 3.93925034814e-07, 2.80631269334e-07, 1.98954552388e-07, 1.70417720824e-07, 1.24989298911e-07, 6.05918515362e-08],
        "dvar": [1.63244965279e-06, 2.94594724437e-06, 4.75329557048e-07, 1.73298602135e-07, 1.02382230693e-07, 5.43632125982e-08, 6.59294698835e-08, 1.50084645156e-07, 8.00176493954e-08, 2.31246453097e-08, 1.81427957102e-08, 8.90860807345e-09, 1.27865220634e-08, 7.13421899334e-09, 4.50329906698e-09, 3.56308271776e-09, 2.61669108603e-09, 1.37510736131e-09, 1.75419312409e-09, 1.58773427739e-09, 1.70122937959e-09, 7.85299991701e-10, 2.33430136332e-10, 1.65097185922e-10, 6.79537648374e-10, 4.99476793259e-10, 4.95502076869e-11, 7.05505653897e-11, 1.5006400636e-11, 3.95892173211e-12, 3.25696587755e-12, 1.4775702363e-12, 8.80204112721e-13, 8.804077801e-13, 4.19288573045e-13, 2.87346643875e-13, 1.37232808667e-13, 9.43588333554e-14, 7.27686479325e-14, 9.81061257487e-15],
        "dvar2": [4.35398033005e-06, 7.93764593254e-06, 1.30681621613e-06, 4.46255086217e-07, 2.59158667859e-07, 1.47161742348e-07, 1.65145067399e-07, 2.93132757179e-07, 1.44924612755e-07, 5.451765972e-08, 4.65196592359e-08, 2.19613944807e-08, 3.35462218004e-08, 1.89304394382e-08, 1.06492699103e-08, 9.22241660817e-09, 6.99273217108e-09, 3.78378972599e-09, 4.21744683621e-09, 4.08226830118e-09, 4.19055501411e-09, 2.18511653216e-09, 6.68642363699e-10, 4.3362957669e-10, 1.67632896453e-09, 1.2809717731e-09, 1.39832909141e-10, 1.96776137051e-10, 4.0298604731e-11, 1.11116645399e-11, 9.1439217309e-12, 4.05192936495e-12, 2.41487298908e-12, 2.2963362982e-12, 1.12496340368e-12, 7.88549076296e-13, 3.59653360696e-13, 2.49854011179e-13, 1.62064941545e-13, 2.17934191201e-14],
        "max": [0.029992999509, 0.0327708050609, 0.013370944187, 0.0139889977872, 0.0067100552842, 0.00559393968433, 0.00585878873244, 0.01629033871, 0.0120047638193, 0.00398842757568, 0.00436198711395, 0.00310462480411, 0.00442745117471, 0.00199900870211, 0.00286743976176, 0.00208464451134, 0.00240470701829, 0.00113779248204, 0.00116898340639, 0.00174401688855, 0.00120180973317, 0.000892270938493, 0.000856679514982, 0.000387469073758, 0.0015602390049, 0.00147807854228, 0.000251898367424, 0.000357864482794, 0.000142540768138, 6.29625428701e-05, 4.64402801299e-05, 2.74328813248e-05, 2.01519123948e-05, 2.41429279413e-05, 1.55426168931e-05, 1.24069401863e-05, 7.69687721913e-06, 6.5761469159e-06, 7.79160927777e-06, 2.90185835183e-06],
        "mean": [0.000910433358513, 0.00164806528483, 0.000708324252628, 0.000389998400351, 0.000295636185911, 0.000228672128287, 0.000233423168538, 0.000291044823825, 0.000190791834029, 0.000102245488961, 8.67044291226e-05, 6.06675639574e-05, 5.77955943299e-05, 4.55997396784e-05, 3.30110560753e-05, 3.1123199733e-05, 2.72202869382e-05, 2.39165692619e-05, 2.41542093136e-05, 2.35947500187e-05, 2.118768316e-05, 1.68909537024e-05, 9.23483639781e-06, 9.1077572506e-06, 1.10693481474e-05, 9.20226739254e-06, 4.92749950354e-06, 4.20364267484e-06, 2.63150150204e-06, 1.74848605639e-06, 1.33907826694e-06, 1.05873039047e-06, 8.64182254645e-07, 9.02156841676e-07, 6.15378041857e-07, 3.95030383515e-07, 3.01586595697e-07, 2.42873881007e-07, 1.87775683003e-07, 1.07203497635e-07],
        "median": [0.000156885987963, 0.000595320423599, 0.000336321012583, 0.00016324268654, 0.000105975632323, 8.18482149043e-05, 7.00005402905e-05, 5.22968512087e-05, 4.62516509288e-05, 2.26406809816e-05, 2.42217120103e-05, 1.52019247253e-05, 9.61256591836e-06, 8.32928071759e-06, 5.35878871233e-06, 5.38847734788e-06, 5.76775119043e-06, 4.93368906973e-06, 3.02095509142e-06, 3.12087126986e-06, 2.47515413321e-06, 2.24308473662e-06, 1.51813958382e-06, 1.21247319385e-06, 1.25398344153e-06, 8.66422112722e-07, 5.45094110294e-07, 3.99911442628e-07, 2.55316933817e-07, 1.62456913699e-07, 1.22730568819e-07, 9.70254845356e-08, 8.56894857293e-08, 8.92435068067e-08, 6.95605848477e-08, 5.06383877052e-08, 3.5424061906e-08, 2.45505589191e-08, 1.6619463139e-08, 1.09110622759e-08],
        "min": [7.25301346707e-25, 1.42779139983e-24, 1.1685240789e-24, 2.19157037397e-24, 2.15736437904e-24, 8.65551102806e-25, 1.73664927828e-24, 1.23926537779e-24, 2.62867386281e-24, 2.16990332313e-24, 3.31203329943e-24, 2.73628454826e-24, 1.83096469925e-24, 3.08200855922e-24, 3.00206776166e-24, 4.21384528121e-24, 4.4467540969e-24, 3.60355921354e-24, 2.22936312221e-24, 4.43333360075e-24, 2.9538352282e-24, 3.90608776512e-24, 2.73383493794e-24, 3.80196798639e-24, 4.05917845112e-24, 4.7684756343e-24, 5.58591065923e-24, 6.8681551513e-24, 4.6841744081e-24, 3.92246727853e-24, 5.58694130601e-24, 5.96843522863e-24, 4.79454709279e-24, 5.48728805772e-24, 5.44040999843e-24, 6.6074894758e-24, 5.57829617935e-24, 6.49514858315e-24, 6.16562323924e-24, 7.2601622232e-24],
        "var": [3.93378468289e-06, 6.43079874862e-06, 9.7754127637e-07, 4.66679296096e-07, 2.66483851874e-07, 1.47301065567e-07, 1.77551669367e-07, 5.44090028143e-07, 2.70740855512e-07, 5.88465098872e-08, 4.21176373777e-08, 2.00727541255e-08, 2.60180907929e-08, 1.41379477014e-08, 1.15375984322e-08, 7.35970573373e-09, 5.11146547311e-09, 2.88787016522e-09, 4.27753965582e-09, 3.62765129047e-09, 3.71658437359e-09, 1.80095094393e-09, 4.97231478214e-10, 4.91695129057e-10, 1.70568348334e-09, 1.07357212009e-09, 1.46244336086e-10, 1.59345980855e-10, 4.40863977269e-11, 1.37578108628e-11, 9.09268493832e-12, 4.99751021815e-12, 3.13962289326e-12, 3.28268315308e-12, 1.43707452622e-12, 6.28373438352e-13, 4.00077540541e-13, 2.70213566149e-13, 2.22581515393e-13, 4.627853954e-14]
    },
    "mfcc": {
        "mean": [-733.890686035, 152.688339233, -1.0762475729, 19.9704742432, 3.02003383636, -0.828680634499, -2.97509622574, 3.63313174248, -3.15357875824, 4.83310556412, 0.194975793362, -0.671872317791, 0.101970866323],
        "cov": [[18154.5996094, -1600.42175293, -1120.75415039, 1079.28356934, 159.718505859, 801.348083496, -68.6319274902, 383.363830566, 230.184616089, 138.020111084, -152.579238892, 82.4620132446, 97.5198059082], [-1600.42175293, 1505.99597168, 213.072265625, -35.8615226746, 136.170761108, -64.0771713257, 10.5429964066, 31.9779090881, -3.29191446304, -11.5904846191, 44.3804244995, 12.9277257919, 5.95950078964], [-1120.75415039, 213.072265625, 691.367004395, -69.6219329834, 0.626590192318, 47.2892494202, -96.9403457642, 0.22630611062, 92.627243042, -29.0366668701, -1.04275095463, 16.6423358917, -12.2356834412], [1079.28356934, -35.8615226746, -69.6219329834, 246.860092163, 67.5121002197, 95.69581604, 49.3452682495, 40.388053894, 3.85970497131, 28.8536720276, 4.71268844604, 3.42675542831, 1.29629147053], [159.718505859, 136.170761108, 0.626590192318, 67.5121002197, 154.443084717, 78.7522964478, 18.6102046967, 26.4976062775, 10.6778335571, 2.22839951515, 2.52526473999, 7.51432752609, 7.17679262161], [801.348083496, -64.0771713257, 47.2892494202, 95.69581604, 78.7522964478, 186.505157471, 10.3392553329, 42.9063415527, 48.8884811401, 3.88855624199, -15.797167778, 15.6227960587, 3.87969017029], [-68.6319274902, 10.5429964066, -96.9403457642, 49.3452682495, 18.6102046967, 10.3392553329, 130.044189453, 25.1727733612, -23.0332317352, 24.3169345856, 30.0055541992, 6.1092209816, 9.25413036346], [383.363830566, 31.9779090881, 0.22630611062, 40.388053894, 26.4976062775, 42.9063415527, 25.1727733612, 85.654876709, 37.4262123108, 8.0814409256, 5.79071521759, 8.42342948914, 3.57908129692], [230.184616089, -3.29191446304, 92.627243042, 3.85970497131, 10.6778335571, 48.8884811401, -23.0332317352, 37.4262123108, 93.1165237427, 19.8570785522, -2.03215074539, 13.9563083649, 6.80810308456], [138.020111084, -11.5904846191, -29.0366668701, 28.8536720276, 2.22839951515, 3.88855624199, 24.3169345856, 8.0814409256, 19.8570785522, 68.6497268677, 34.8265762329, 6.98104381561, 6.60356664658], [-152.579238892, 44.3804244995, -1.04275095463, 4.71268844604, 2.52526473999, -15.797167778, 30.0055541992, 5.79071521759, -2.03215074539, 34.8265762329, 77.3641357422, 28.981344223, 7.66276693344], [82.4620132446, 12.9277257919, 16.6423358917, 3.42675542831, 7.51432752609, 15.6227960587, 6.1092209816, 8.42342948914, 13.9563083649, 6.98104381561, 28.981344223, 70.2587738037, 38.6506996155], [97.5198059082, 5.95950078964, -12.2356834412, 1.29629147053, 7.17679262161, 3.87969017029, 9.25413036346, 3.57908129692, 6.80810308456, 6.60356664658, 7.66276693344, 38.6506996155, 75.4749069214]],
