{
"lowlevel": {
    "average_loudness": 0.542286098003,
    "barkbands_crest": {
        "dmean": 2.19351649284,
        "dmean2": 3.5212392807,
        "dvar": 4.26360702515,
        "dvar2": 11.0444049835,
        "max": 25.9219322205,
        "mean": 9.9766664505,
        "median": 9.15135765076,
        "min": 2.51551270485,
        "var": 15.6952581406
    },
    "barkbands_flatness_db": {
        "dmean": 0.0179677437991,
        "dmean2": 0.0290499646217,
        "dvar": 0.000239552071434,
        "dvar2": 0.000617294514086,
        "max": 0.567025959492,
        "mean": 0.229366004467,
        "median": 0.213965088129,
        "min": 0.0242724642158,
        "var": 0.00517809996381
    },
    "barkbands_kurtosis": {
        "dmean": 1.62178707123,
        "dmean2": 2.55358171463,
        "dvar": 14.9388580322,
        "dvar2": 40.4561271667,
        "max": 166.412414551,
        "mean": 2.65074372292,
        "median": 0.481150388718,
        "min": -1.76746940613,
        "var": 112.480911255
    },
    "barkbands_skewness": {
        "dmean": 0.395534515381,
        "dmean2": 0.599243342876,
        "dvar": 0.147715032101,
        "dvar2": 0.355867683887,
        "max": 10.2483987808,
        "mean": 0.895985662937,
        "median": 0.792989432812,
        "min": -3.75829172134,
        "var": 1.313814044
    },
    "barkbands_spread": {
        "dmean": 2.54270482063,
        "dmean2": 3.96773409843,
        "dvar": 6.76298475266,
        "dvar2": 18.0750827789,
        "max": 91.5332260132,
        "mean": 14.9910879135,
        "median": 14.5142803192,
        "min": 0.50926399231,
        "var": 53.8160171509
    },
    "dissonance": {
        "dmean": 0.0289971232414,
        "dmean2": 0.0489749237895,
        "dvar": 0.000906571280211,
        "dvar2": 0.00253691035323,
        "max": 0.500000059605,
        "mean": 0.431542247534,
        "median": 0.443918287754,
        "min": 0.16499042511,
        "var": 0.00257663638331
    },
    "dynamic_complexity": 3.53044080734,
    "erbbands_crest": {
        "dmean": 3.17353200912,
        "dmean2": 5.02219009399,
        "dvar": 9.00202941895,
        "dvar2": 21.9458503723,
        "max": 34.5395584106,
        "mean": 13.8375349045,
        "median": 12.4122257233,
        "min": 2.71174788475,
        "var": 44.0945472717
    },
    "erbbands_flatness_db": {
        "dmean": 0.0156150646508,
        "dmean2": 0.0235515031964,
        "dvar": 0.000235667350353,
        "dvar2": 0.000553997873794,
        "max": 0.504311978817,
        "mean": 0.25544694066,
        "median": 0.244796738029,
        "min": 0.0444319695234,
        "var": 0.00329709798098
    },
    "erbbands_kurtosis": {
        "dmean": 1.45798051357,
        "dmean2": 2.31950187683,
        "dvar": 10.9508066177,
        "dvar2": 27.542547226,
        "max": 89.3804168701,
        "mean": 1.80330002308,
        "median": 0.343553066254,
        "min": -1.70188379288,
        "var": 31.9383220673
    },
    "erbbands_skewness": {
        "dmean": 0.359200954437,
        "dmean2": 0.545549511909,
        "dvar": 0.127458229661,
        "dvar2": 0.309525847435,
        "max": 6.14991569519,
        "mean": 0.144507199526,
        "median": 0.10621599108,
        "min": -5.52646970749,
        "var": 0.832938432693
    },
    "erbbands_spread": {
        "dmean": 4.25624132156,
        "dmean2": 6.56021165848,
        "dvar": 16.1746044159,
        "dvar2": 39.1528930664,
        "max": 90.3230743408,
        "mean": 21.4321155548,
        "median": 20.5218658447,
        "min": 0.761640071869,
        "var": 107.643783569
    },
    "hfc": {
        "dmean": 3.681671381,
        "dmean2": 5.60411071777,
        "dvar": 31.1640815735,
        "dvar2": 76.5556716919,
        "max": 144.638137817,
        "mean": 16.2354984283,
        "median": 11.658577919,
        "min": 1.08954436958e-16,
        "var": 234.067138672
    },
    "melbands_crest": {
        "dmean": 2.60695266724,
        "dmean2": 4.12434244156,
        "dvar": 5.77846050262,
        "dvar2": 14.9354810715,
        "max": 30.1886177063,
        "mean": 12.9113483429,
        "median": 11.91908741,
        "min": 1.62871968746,
        "var": 23.8067512512
    },
    "melbands_flatness_db": {
        "dmean": 0.0165430735797,
        "dmean2": 0.0246304012835,
        "dvar": 0.000234709965298,
        "dvar2": 0.000547319184989,
        "max": 0.719944238663,
        "mean": 0.265205800533,
        "median": 0.24712844193,
        "min": 0.00318562984467,
        "var": 0.00851967837662
    },
    "melbands_kurtosis": {
        "dmean": 2.49942278862,
        "dmean2": 3.87558221817,
        "dvar": 19.1022167206,
        "dvar2": 48.7375793457,
        "max": 204.780441284,
        "mean": 5.06458377838,
        "median": 2.16253852844,
        "min": -1.79543590546,
        "var": 144.169662476
    },
    "melbands_skewness": {
        "dmean": 0.468871504068,
        "dmean2": 0.713153541088,
        "dvar": 0.200357377529,
        "dvar2": 0.485589325428,
        "max": 10.6787986755,
        "mean": 1.49783670902,
        "median": 1.35076236725,
        "min": -3.09089231491,
        "var": 1.3714107275
    },
    "melbands_spread": {
        "dmean": 3.82184386253,
        "dmean2": 5.88707304001,
        "dvar": 16.5641975403,
        "dvar2": 41.7176475525,
        "max": 162.877380371,
        "mean": 20.7891845703,
        "median": 18.7821502686,
        "min": 0.629689872265,
        "var": 205.343566895
    },
    "pitch_salience": {
        "dmean": 0.0549295209348,
        "dmean2": 0.0867256298661,
        "dvar": 0.0022395462729,
        "dvar2": 0.00569741474465,
        "max": 0.847035646439,
        "mean": 0.488220840693,
        "median": 0.484611004591,
        "min": 0.128044933081,
        "var": 0.0117562906817
    },
    "silence_rate_20dB": {
        "dmean": 0,
        "dmean2": 0,
        "dvar": 0,
        "dvar2": 0,
        "max": 1,
        "mean": 1,
        "median": 1,
        "min": 1,
        "var": 0
    },
    "silence_rate_30dB": {
        "dmean": 0.00216880533844,
        "dmean2": 0.00433800276369,
        "dvar": 0.00216407421976,
        "dvar2": 0.00558464135975,
        "max": 1,
        "mean": 0.998283207417,
        "median": 1,
        "min": 0,
        "var": 0.00171387591399
    },
    "silence_rate_60dB": {
        "dmean": 0.00506054563448,
        "dmean2": 0.010122006759,
        "dvar": 0.00503584928811,
        "dvar2": 0.0121857309714,
        "max": 1,
        "mean": 0.0595463998616,
        "median": 0,
        "min": 0,
        "var": 0.0559955947101
    },
    "spectral_centroid": {
        "dmean": 126.750160217,
        "dmean2": 194.864105225,
        "dvar": 27765.6386719,
        "dvar2": 63627.6914062,
        "max": 11796.9199219,
        "mean": 1082.35925293,
        "median": 962.451049805,
        "min": 149.320846558,
        "var": 927921.1875
    },
    "spectral_complexity": {
        "dmean": 1.68028199673,
        "dmean2": 2.82114768028,
        "dvar": 2.52679347992,
        "dvar2": 6.71388053894,
        "max": 47,
        "mean": 14.9151535034,
        "median": 15,
        "min": 0,
        "var": 58.7323760986
    },
    "spectral_decrease": {
        "dmean": 1.34463684631e-09,
        "dmean2": 2.0179868887e-09,
        "dvar": 3.14741313178e-18,
        "dvar2": 7.59997995818e-18,
        "max": 1.73287484713e-28,
        "mean": -5.85035131451e-09,
        "median": -4.67232519341e-09,
        "min": -3.95581380985e-08,
        "var": 2.07336956439e-17
    },
    "spectral_energy": {
        "dmean": 0.00535490131006,
        "dmean2": 0.00805017258972,
        "dvar": 4.97711662319e-05,
        "dvar2": 0.000120317090477,
        "max": 0.158073157072,
        "mean": 0.023553147912,
        "median": 0.0187235157937,
        "min": 9.978484101e-21,
        "var": 0.000337028701324
    },
    "spectral_energyband_high": {
        "dmean": 3.63558829122e-05,
        "dmean2": 5.65271366213e-05,
        "dvar": 8.43018543861e-09,
        "dvar2": 1.96878122694e-08,
        "max": 0.00406110938638,
        "mean": 0.000145207348396,
        "median": 4.35384099546e-05,
        "min": 7.05473910113e-21,
        "var": 9.96209905679e-08
    },
    "spectral_energyband_low": {
        "dmean": 0.00223949039355,
        "dmean2": 0.00332894502208,
        "dvar": 2.22049820877e-05,
        "dvar2": 5.26012809132e-05,
        "max": 0.111145809293,
        "mean": 0.00584781216457,
        "median": 0.00263537163846,
        "min": 9.31438520825e-24,
        "var": 7.93254366727e-05
    },
    "spectral_energyband_middle_high": {
        "dmean": 0.00235048541799,
        "dmean2": 0.00358944805339,
        "dvar": 2.01140301215e-05,
        "dvar2": 4.91081664222e-05,
        "max": 0.131834998727,
        "mean": 0.00697762006894,
        "median": 0.00426199473441,
        "min": 1.14690520538e-21,
        "var": 7.1959271736e-05
    },
    "spectral_energyband_middle_low": {
        "dmean": 0.00327375344932,
        "dmean2": 0.00493326690048,
        "dvar": 1.91969193111e-05,
        "dvar2": 4.58281865576e-05,
        "max": 0.0965799838305,
        "mean": 0.0115066915751,
        "median": 0.0092900544405,
        "min": 1.77133831641e-22,
        "var": 8.47440314828e-05
    },
    "spectral_entropy": {
        "dmean": 0.114511586726,
        "dmean2": 0.170965343714,
        "dvar": 0.0120998816565,
        "dvar2": 0.0274884365499,
        "max": 9.82379436493,
        "mean": 6.73345661163,
        "median": 6.85138273239,
        "min": 4.46948957443,
        "var": 0.419805705547
    },
    "spectral_flux": {
        "dmean": 0.0134938517585,
        "dmean2": 0.0229257214814,
        "dvar": 0.000204416093766,
        "dvar2": 0.000577682978474,
        "max": 0.246255472302,
        "mean": 0.0567848309875,
        "median": 0.0504902899265,
        "min": 6.31082339164e-11,
        "var": 0.00106964434963
    },
    "spectral_kurtosis": {
        "dmean": 5.38586473465,
        "dmean2": 9.46827983856,
        "dvar": 61.1915550232,
        "dvar2": 183.696426392,
        "max": 314.71661377,
        "mean": 13.213891983,
        "median": 7.94211483002,
        "min": -1.25694870949,
        "var": 432.986755371
    },
    "spectral_rms": {
        "dmean": 0.000509395613335,
        "dmean2": 0.000756386958528,
        "dvar": 2.74004520406e-07,
        "dvar2": 6.59954821458e-07,
        "max": 0.0124184424058,
        "mean": 0.00441769137979,
        "median": 0.0042739729397,
        "min": 3.12011332569e-12,
        "var": 3.46273759533e-06
    },
    "spectral_rolloff": {
        "dmean": 182.850357056,
        "dmean2": 325.735992432,
        "dvar": 159509.140625,
        "dvar2": 418714.25,
        "max": 19358.3496094,
        "mean": 1250.57348633,
        "median": 1162.79296875,
        "min": 86.1328125,
        "var": 2705128.5
    },
    "spectral_skewness": {
        "dmean": 0.418686687946,
        "dmean2": 0.730984628201,
        "dvar": 0.201186016202,
        "dvar2": 0.607125818729,
        "max": 15.0593929291,
        "mean": 2.27314901352,
        "median": 1.92244756222,
        "min": -0.106324478984,
        "var": 1.80499410629
    },
    "spectral_spread": {
        "dmean": 215912.953125,
        "dmean2": 363883.0625,
        "dvar": 280969510912,
        "dvar2": 680219639808,
        "max": 49856852,
        "mean": 2859096.5,
        "median": 2544522.25,
        "min": 355328.9375,
        "var": 1.16373334262e+13
    },
    "spectral_strongpeak": {
        "dmean": 0.774906516075,
        "dmean2": 1.29683768749,
        "dvar": 1.30571508408,
        "dvar2": 3.11052441597,
        "max": 15.4988107681,
        "mean": 1.56173622608,
        "median": 0.69061255455,
        "min": 0,
        "var": 3.22887802124
    },
    "zerocrossingrate": {
        "dmean": 0.00417854217812,
        "dmean2": 0.00538150826469,
        "dvar": 3.69314366253e-05,
        "dvar2": 7.38834205549e-05,
        "max": 0.53369140625,
        "mean": 0.0452342927456,
        "median": 0.04052734375,
        "min": 0.0029296875,
        "var": 0.00206324597821
    },
    "barkbands": {
        "dmean": [6.23508312856e-05, 0.00093909073621, 0.00143109448254, 0.000530624354724, 0.00124160654377, 0.000743106123991, 0.000428845960414, 0.00080802507, 0.0013315549586, 0.000764238298871, 0.000627072411589, 0.000880996347405, 0.000610325252637, 0.000170267754584, 0.000324154709233, 0.000131271095597, 0.000172215935891, 6.89095395501e-05, 0.000106734791189, 5.5934095144e-05, 1.93629985006e-05, 8.79077379068e-06, 7.04286094333e-06, 3.21238917422e-06, 1.18434570595e-06, 9.46588585293e-10, 9.15065190288e-10],
        "dmean2": [0.000108664775325, 0.00142143690027, 0.0022063315846, 0.000808805285487, 0.00186830735765, 0.0010768492939, 0.000637532619294, 0.00119585345965, 0.00201267376542, 0.00122470012866, 0.000963159021921, 0.00132689904422, 0.000892087642569, 0.000263503141468, 0.000503607967403, 0.000211390957702, 0.000286897178739, 0.000113073132525, 0.00017255077546, 9.30351307034e-05, 3.11946714646e-05, 1.43629395097e-05, 1.13571650218e-05, 5.15800775247e-06, 1.91134995475e-06, 1.73535907866e-09, 1.70026492885e-09],
        "dvar": [3.08067349408e-08, 5.83645851293e-06, 1.07303276309e-05, 1.75331786068e-06, 3.18156230605e-06, 1.65690278209e-06, 8.22630454422e-07, 2.96387111121e-06, 8.74079432833e-06, 5.27134261574e-06, 6.49054118185e-06, 1.01007553894e-05, 1.28633928398e-06, 2.40225688231e-07, 7.04142905761e-07, 1.83685898492e-07, 2.09497670767e-07, 2.24204459442e-08, 4.18663290702e-08, 1.92709119773e-08, 2.77212697242e-09, 8.97485863405e-10, 7.13650749606e-10, 1.25843890864e-10, 1.22758357299e-11, 3.39194178292e-18, 2.23073178374e-18],
        "dvar2": [8.65971117037e-08, 1.46339916682e-05, 2.76662885881e-05, 4.44704710389e-06, 7.88705892774e-06, 4.06243725593e-06, 1.63654817698e-06, 6.59766647004e-06, 2.06407403311e-05, 1.37843562698e-05, 1.57035428856e-05, 2.37914355239e-05, 2.92689310299e-06, 6.06494154454e-07, 1.70277382949e-06, 4.68165211487e-07, 5.60073885936e-07, 6.00553846652e-08, 1.11778696521e-07, 5.23323073764e-08, 7.22801996034e-09, 2.43767583896e-09, 1.81398218668e-09, 3.2964347918e-10, 3.35625624515e-11, 9.91757128971e-18, 7.30041649935e-18],
        "max": [0.00508646899834, 0.0615094602108, 0.0869183465838, 0.0493461787701, 0.0451178848743, 0.0299781616777, 0.0362303182483, 0.0709340721369, 0.0917244404554, 0.0515221357346, 0.116451069713, 0.10763078928, 0.0253481138498, 0.0144340638071, 0.0212866514921, 0.00983805954456, 0.0176346171647, 0.00428105564788, 0.00472752703354, 0.00464749056846, 0.00155653245747, 0.00124568608589, 0.00123419740703, 0.00061520584859, 0.000112130888738, 5.11340942921e-08, 2.01831067415e-08],
        "mean": [6.54713512631e-05, 0.00213290378451, 0.00302424444817, 0.00123168912251, 0.00303850579076, 0.00161991233472, 0.000912385934498, 0.00167000037618, 0.00239435513504, 0.00127566605806, 0.00100361416116, 0.00154446274973, 0.00138066487852, 0.000351425842382, 0.000725043995772, 0.000240416731685, 0.000308896531351, 0.000141303316923, 0.000266162678599, 0.000119078751595, 4.76585701108e-05, 2.44388847932e-05, 1.96874589165e-05, 1.1219362932e-05, 3.97670874008e-06, 8.12672484862e-10, 7.43876737985e-10],
        "median": [5.0393168749e-06, 0.000403530953918, 0.00118755467702, 0.000516976404469, 0.00200318475254, 0.000902990053874, 0.000330992450472, 0.000520338595379, 0.000769049918745, 0.000229133263929, 0.000144855104736, 0.000135610040161, 0.000466682919068, 8.14773447928e-05, 0.000128107349155, 5.79534826102e-05, 8.18160624476e-05, 5.69417898078e-05, 0.000107981257315, 3.97438416258e-05, 1.24750076793e-05, 4.28711337008e-06, 3.25754945152e-06, 1.86182683137e-06, 6.87360227403e-07, 2.45421488687e-10, 2.50882536967e-10],
        "min": [1.82880760841e-25, 3.03291360357e-24, 1.05898265639e-24, 5.0410573496e-25, 1.19519432226e-23, 8.20735618957e-24, 4.96863765052e-24, 6.86725190556e-24, 1.36616351516e-23, 1.93512092335e-23, 1.93475236754e-23, 3.70109744685e-23, 2.51520095476e-23, 3.15238694265e-23, 5.31788680476e-23, 6.25795972374e-23, 6.57211442846e-23, 7.45725675379e-23, 1.03210887903e-22, 1.62582705331e-22, 2.23110790899e-22, 2.92666158903e-22, 3.69174408087e-22, 5.5670991981e-22, 8.41614924339e-22, 1.27694674203e-21, 1.93990797114e-21],
        "var": [3.693122963e-08, 1.97273748199e-05, 2.53386606346e-05, 5.36045536137e-06, 1.07488986032e-05, 4.63667402073e-06, 3.44808381669e-06, 1.10443452286e-05, 1.97132339963e-05, 1.02834128484e-05, 1.19377573355e-05, 2.7217065508e-05, 4.45559317086e-06, 6.06500805134e-07, 3.09403480969e-06, 3.80239299602e-07, 5.20375010638e-07, 6.05666556908e-08, 1.56898011028e-07, 5.84261954373e-08, 1.04252126931e-08, 4.68835015255e-09, 3.90969923103e-09, 1.20580578855e-09, 9.3606900009e-11, 3.25383529426e-18, 1.81254814352e-18]
    },
    "erbbands": {
        "dmean": [0.010470578447, 0.274763435125, 1.43843746185, 1.68288385868, 2.60585355759, 5.26091337204, 5.82574176788, 5.81790399551, 6.01669597626, 10.9128932953, 18.6983337402, 36.5967178345, 22.4674396515, 15.0539236069, 31.6925125122, 45.1018447876, 30.9347190857, 10.692027092, 17.7063789368, 9.19716835022, 6.2509264946, 5.88063192368, 4.46030712128, 5.71555376053, 4.43107891083, 3.34980416298, 0.969670236111, 0.513090193272, 0.298045694828, 0.276915997267, 0.220792040229, 0.0951732099056, 0.0387898124754, 0.0197674073279, 0.00552480202168, 0.000136290036608, 7.05326237949e-06, 1.19479136629e-06, 2.66419010586e-06, 6.11514997217e-06],
        "dmean2": [0.0154961766675, 0.41529738903, 2.17240142822, 2.57737517357, 3.99342489243, 7.88973522186, 8.50123596191, 8.59242725372, 8.76031208038, 16.7480926514, 27.4980678558, 54.7755012512, 36.1988601685, 23.5333137512, 48.3494987488, 67.8663101196, 45.0034484863, 16.2941856384, 27.1497325897, 15.0995054245, 10.0379590988, 9.86927700043, 7.42582702637, 9.04420089722, 7.16631221771, 5.56570386887, 1.57083833218, 0.814323723316, 0.481976807117, 0.447700381279, 0.353123277426, 0.152571976185, 0.0632526576519, 0.0319381654263, 0.00905756931752, 0.000222134316573, 1.13409751066e-05, 1.93026107809e-06, 4.01067063649e-06, 9.20995898923e-06],
        "dvar": [0.0010605606949, 0.448713034391, 9.3326215744, 18.8877086639, 20.4638710022, 62.2750091553, 103.212799072, 99.6928787231, 181.949615479, 495.351928711, 1706.03723145, 6365.61669922, 6362.46582031, 1927.68933105, 16897.2109375, 25111.2070312, 3057.12695312, 696.739685059, 2525.68408203, 491.126647949, 326.875946045, 211.962387085, 84.5495758057, 167.713562012, 86.5446548462, 70.4036941528, 5.56153964996, 3.26651978493, 0.996169924736, 1.13647139072, 0.651228368282, 0.116328708827, 0.0172863826156, 0.00345880258828, 0.000287763075903, 1.66981592997e-07, 2.84374440662e-10, 4.24085679768e-12, 1.23587702572e-11, 6.48941872461e-11],
        "dvar2": [0.0023666524794, 1.11369943619, 22.2151947021, 49.3010826111, 52.2262763977, 154.599182129, 250.786224365, 247.207824707, 362.365234375, 1229.6697998, 3555.50585938, 14730.0830078, 16501.703125, 5099.59912109, 40527.1601562, 59308.5078125, 6924.58154297, 1769.20739746, 6082.42724609, 1311.82348633, 817.943847656, 582.713745117, 229.508987427, 423.716766357, 234.817855835, 191.283920288, 14.9670658112, 7.71680259705, 2.56977128983, 2.97232699394, 1.65668869019, 0.31089001894, 0.0470522791147, 0.00921404641122, 0.000797481741756, 4.54337225619e-07, 7.64102947581e-10, 1.10501130815e-11, 2.98187308179e-11, 1.57071064488e-10],
        "max": [0.999236524105, 16.31133461, 96.1053314209, 131.416976929, 118.037559509, 157.768463135, 231.098373413, 225.554092407, 555.323608398, 813.3046875, 1941.96923828, 2344.91479492, 2124.37963867, 1160.33239746, 5983.1796875, 5542.63964844, 1283.01696777, 776.045532227, 1358.01965332, 512.970397949, 620.204589844, 443.690948486, 176.100738525, 518.966308594, 259.381286621, 281.576782227, 49.7080459595, 76.2436447144, 44.2931022644, 49.9375686646, 34.3778419495, 16.2281608582, 6.33253765106, 2.02840280533, 0.497754454613, 0.0134852370247, 0.000668040651362, 8.83786851773e-05, 8.52965677041e-05, 0.000186871475307],
        "mean": [0.0250809323043, 0.634367287159, 3.25759744644, 3.95325422287, 6.18875217438, 11.363070488, 13.0831203461, 12.7464904785, 13.00740242, 22.7942581177, 39.6949768066, 67.0498809814, 37.9989280701, 28.7374591827, 54.1887130737, 83.3909683228, 70.7487945557, 26.1585578918, 40.6833877563, 19.5303249359, 13.3337812424, 11.4662132263, 9.32429885864, 13.1779794693, 10.7761096954, 7.48974084854, 2.55576562881, 1.31502497196, 0.848552584648, 0.787870824337, 0.57991117239, 0.301240444183, 0.132415056229, 0.0700741633773, 0.0170765444636, 0.000464784301585, 3.15584584314e-05, 5.70025304114e-06, 1.27931716634e-05, 2.75412457995e-05],
        "median": [0.00468241469935, 0.144064083695, 1.2643661499, 2.08912372589, 3.47282218933, 6.98692750931, 7.18650817871, 7.22470474243, 5.19426441193, 8.9177570343, 16.3552436829, 23.0954990387, 9.97955417633, 7.76242208481, 10.6650257111, 18.6218605042, 29.0406570435, 11.6907253265, 6.93189716339, 6.30499362946, 4.00625181198, 3.6631758213, 4.15388202667, 4.7882475853, 4.19183635712, 2.89399313927, 0.88657283783, 0.303160667419, 0.152919873595, 0.12742741406, 0.102706670761, 0.0482357814908, 0.0252798199654, 0.0129726193845, 0.00268540997058, 9.00339873624e-05, 1.29676736833e-05, 3.00334568237e-06, 9.91172601061e-06, 2.1818008463e-05],
        "min": [8.53036128256e-23, 6.20108285247e-22, 2.15248430089e-21, 4.69799369552e-21, 1.22966125312e-20, 3.59555669802e-20, 4.73134579554e-20, 9.63364397429e-20, 1.02748478895e-19, 1.40267355841e-19, 2.2450863142e-19, 3.18414181213e-19, 6.19789889374e-19, 8.20602251937e-19, 1.01313174483e-18, 1.56377150635e-18, 1.5640635011e-18, 1.79505906383e-18, 2.55703695781e-18, 2.7899455825e-18, 4.47056875808e-18, 4.73461225423e-18, 4.76551034524e-18, 6.4577394852e-18, 7.28063364782e-18, 6.11140392581e-18, 8.51432638214e-18, 1.0091891332e-17, 1.06476549604e-17, 1.15905060283e-17, 1.20514879934e-17, 1.02064550197e-17, 9.39958830859e-18, 7.57952212727e-18, 6.0964158267e-18, 4.42218696405e-18, 2.44510391129e-18, 9.60716928331e-19, 2.6889385062e-19, 2.87484618565e-20],
        "var": [0.00447252299637, 1.57952415943, 31.6092243195, 38.0276031494, 66.0311508179, 176.518798828, 296.855957031, 279.722839355, 721.285339355, 1604.62280273, 6347.78857422, 14805.8525391, 11929.3457031, 4631.96435547, 32504.09375, 68166.2890625, 10549.3271484, 1861.93347168, 10794.4257812, 1309.71801758, 934.277160645, 517.999023438, 218.323364258, 486.501617432, 273.035766602, 205.986038208, 22.3322143555, 12.5169172287, 5.49723672867, 6.15191221237, 3.06833863258, 1.00440609455, 0.140524864197, 0.0295169968158, 0.00187110889237, 1.27526072902e-06, 3.33298655342e-09, 7.43043820917e-11, 1.1042359388e-10, 4.69924654745e-10]
    },
    "gfcc": {
        "mean": [-90.0754013062, 165.136276245, -151.408706665, 27.3249130249, -56.5415649414, 1.59579801559, -29.4674263, -7.41395568848, -19.2543182373, -19.2027950287, 5.97549152374, -27.4790248871, -2.77113986015],
        "cov": [[26868.5605469, 629.040283203, -4687.83300781, 1398.60461426, -1246.9942627, 1139.79614258, -32.5777206421, 514.001342773, 85.4924850464, -101.451889038, 151.603210449, -790.000244141, 64.6436691284], [629.040283203, 1102.91540527, 60.1212272644, -203.769073486, 245.528915405, -182.682601929, 94.4776687622, -114.050445557, -9.92763900757, -77.0453491211, 77.4452438354, -52.4770698547, -25.1633491516], [-4687.83300781, 60.1212272644, 1255.88122559, -249.625656128, 187.519882202, -132.434570312, -59.52161026, -52.6902732849, -17.6037940979, -11.5056390762, -30.1049671173, 200.51574707, 16.5760631561], [1398.60461426, -203.769073486, -249.625656128, 379.245269775, -32.2812347412, 122.602722168, 8.21544742584, 52.1937255859, 84.6194992065, 60.6841011047, -1.41128861904, -8.47188854218, 31.9373130798], [-1246.9942627, 245.528915405, 187.519882202, -32.2812347412, 346.427215576, -35.3573303223, 133.578735352, -40.553981781, 39.2778205872, 35.5571403503, 23.4106445312, 13.0623264313, -13.4362831116], [1139.79614258, -182.682601929, -132.434570312, 122.602722168, -35.3573303223, 276.210388184, 44.3787689209, 87.8798370361, 47.2516899109, 22.7308216095, -11.5016698837, -3.20941972733, 18.7246398926], [-32.5777206421, 94.4776687622, -59.52161026, 8.21544742584, 133.578735352, 44.3787689209, 242.453842163, 44.6800613403, 22.0966491699, 27.2014541626, 23.4868984222, -23.6201133728, -39.2305297852], [514.001342773, -114.050445557, -52.6902732849, 52.1937255859, -40.553981781, 87.8798370361, 44.6800613403, 134.619400024, 39.8005714417, 17.7776241302, -18.3186836243, -7.40655517578, 11.2137880325], [85.4924850464, -9.92763900757, -17.6037940979, 84.6194992065, 39.2778205872, 47.2516899109, 22.0966491699, 39.8005714417, 152.252243042, 41.283908844, -29.4016551971, 0.794716954231, 19.7323112488], [-101.451889038, -77.0453491211, -11.5056390762, 60.6841011047, 35.5571403503, 22.7308216095, 27.2014541626, 17.7776241302, 41.283908844, 115.905296326, 25.7157459259, -2.2164311409, -1.03836524487], [151.603210449, 77.4452438354, -30.1049671173, -1.41128861904, 23.4106445312, -11.5016698837, 23.4868984222, -18.3186836243, -29.4016551971, 25.7157459259, 116.222358704, 35.081993103, -28.9536819458], [-790.000244141, -52.4770698547, 200.51574707, -8.47188854218, 13.0623264313, -3.20941972733, -23.6201133728, -7.40655517578, 0.794716954231, -2.2164311409, 35.081993103, 138.484405518, 30.3848381042], [64.6436691284, -25.1633491516, 16.5760631561, 31.9373130798, -13.4362831116, 18.7246398926, -39.2305297852, 11.2137880325, 19.7323112488, -1.03836524487, -28.9536819458, 30.3848381042, 89.6852416992]],
        "icov": [[0.000501674599946, -0.00120258599054, 0.00130616419483, -0.00106478785165, 0.00121982744895, -0.00149295316078, 0.000694074959029, -0.00110981694888, 0.000656990858261, 7.06920618541e-05, -0.000198269583052, 0.000399618642405, 3.2444975659e-05], [-0.00120258599054, 0.00467178784311, -0.00321240467019, 0.00318069173954, -0.00382002233528, 0.00423953169957, -0.00207157200202, 0.00330539559945, -0.00272747292183, 0.00178978778422, -0.0019199316157, 0.000883862783667, -0.00143668148667], [0.00130616419483, -0.00321240467019, 0.00505018420517, -0.00195961934514, 0.00214181863703, -0.00365067040548, 0.00258795358241, -0.00335658667609, 0.00209441757761, -0.000575776619371, 0.00138104811776, -0.00184895913117, 0.00116124236956], [-0.00106478785165, 0.00318069173954, -0.00195961934514, 0.00659164460376, -0.00294143497013, 0.00233073765412, -0.00122066354379, 0.00249971286394, -0.00315761636011, -0.000966961553786, -0.000242539157625, -0.00105814239942, -0.00113528815564], [0.00121982744895, -0.00382002233528, 0.00214181863703, -0.00294143497013, 0.0088696796447, -0.00369381136261, -0.00172885891516, -0.000158956361702, 0.000437065726146, -0.00131600711029, -0.000481980561744, 0.00123950128909, -0.000622719875537], [-0.00149295316078, 0.00423953169957, -0.00365067040548, 0.00233073765412, -0.00369381136261, 0.00990833621472, -0.00288535840809, 0.00105239381082, -0.00259480858222, 0.000528366945218, 2.48580340667e-06, -0.00110784801655, -0.000952281348873], [0.000694074959029, -0.00207157200202, 0.00258795358241, -0.00122066354379, -0.00172885891516, -0.00288535840809, 0.00854748953134, -0.00506925815716, 0.00161841092631, -0.000567507639062, 5.63731045986e-05, -0.000118220450531, 0.00328657659702], [-0.00110981694888, 0.00330539559945, -0.00335658667609, 0.00249971286394, -0.000158956361702, 0.00105239381082, -0.00506925815716, 0.0145485084504, -0.00387279852293, -0.000340398255503, 0.000411431246903, 0.00022031525441, -0.00191613123752], [0.000656990858261, -0.00272747292183, 0.00209441757761, -0.00315761636011, 0.000437065726146, -0.00259480858222, 0.00161841092631, -0.00387279852293, 0.0113659212366, -0.00393803697079, 0.00482482928783, -0.00211980496533, 0.00102744519245], [7.06920618541e-05, 0.00178978778422, -0.000575776619371, -0.000966961553786, -0.00131600711029, 0.000528366945218, -0.000567507639062, -0.000340398255503, -0.00393803697079, 0.0138444053009, -0.00705058686435, 0.00442548561841, -0.00235997186974], [-0.000198269583052, -0.0019199316157, 0.00138104811776, -0.000242539157625, -0.000481980561744, 2.48580340667e-06, 5.63731045986e-05, 0.000411431246903, 0.00482482928783, -0.00705058686435, 0.0184304863214, -0.0102784316987, 0.00762496422976], [0.000399618642405, 0.000883862783667, -0.00184895913117, -0.00105814239942, 0.00123950128909, -0.00110784801655, -0.000118220450531, 0.00022031525441, -0.00211980496533, 0.00442548561841, -0.0102784316987, 0.0166101250798, -0.00741180730984], [3.2444975659e-05, -0.00143668148667, 0.00116124236956, -0.00113528815564, -0.000622719875537, -0.000952281348873, 0.00328657659702, -0.00191613123752, 0.00102744519245, -0.00235997186974, 0.00762496422976, -0.00741180730984, 0.0174153335392]]
    },
    "melbands": {
        "dmean": [0.000176534376806, 0.000607876223512, 0.000292649841867, 0.000278656982118, 0.000208126337384, 0.000131912558572, 8.90269730007e-05, 0.000130445361719, 0.000181895098649, 0.000208217345062, 0.000108657310193, 6.03032785875e-05, 8.72368400451e-05, 0.000118959702377, 8.80655352375e-05, 4.66388082714e-05, 2.06314307434e-05, 2.70521741186e-05, 1.42296394188e-05, 1.47956143337e-05, 7.28530585548e-06, 6.28455518381e-06, 7.50953131501e-06, 4.05222272093e-06, 5.09093706569e-06, 4.04980073654e-06, 2.25800840781e-06, 2.222441708e-06, 6.10163851889e-07, 6.20925504791e-07, 3.25409246216e-07, 1.83964445455e-07, 1.9428919984e-07, 1.64765481259e-07, 1.76413493591e-07, 6.57565450979e-08, 5.87539119579e-08, 3.07523251308e-08, 3.07633563068e-08, 1.83184329927e-08],
        "dmean2": [0.000266418181127, 0.00090973515762, 0.000446182268206, 0.000424703059252, 0.000302685773931, 0.000193119645701, 0.000129374631797, 0.000200396942091, 0.000269161857432, 0.000313638767693, 0.000176013156306, 9.41656617215e-05, 0.000133851819555, 0.0001793216652, 0.000132050277898, 6.68256834615e-05, 3.19354076055e-05, 4.17096816818e-05, 2.22185881285e-05, 2.42032801907e-05, 1.17131958177e-05, 1.04449991341e-05, 1.26383411043e-05, 6.63346236252e-06, 8.06164553069e-06, 6.65986544846e-06, 3.66179165212e-06, 3.68345990864e-06, 9.95104073809e-07, 1.00568365724e-06, 5.28156760993e-07, 3.00928093111e-07, 3.19896088286e-07, 2.66377242042e-07, 2.83855285943e-07, 1.09511425705e-07, 9.31644237312e-08, 5.10833011447e-08, 5.06981159276e-08, 3.01912450595e-08],
        "dvar": [2.41296447712e-07, 1.58446084697e-06, 4.47571409268e-07, 1.68997274841e-07, 1.08340131533e-07, 5.04438197879e-08, 3.97577970546e-08, 7.05672604795e-08, 1.36029129294e-07, 2.0169660786e-07, 1.57363686526e-07, 3.72881281407e-08, 1.22982257267e-07, 1.50836100943e-07, 3.79814082407e-08, 7.34676897096e-09, 3.5778626728e-09, 5.73206415666e-09, 1.12761144866e-09, 1.81928017096e-09, 5.72916492025e-10, 3.06610209444e-10, 4.03002853311e-10, 8.62625110232e-11, 1.45911879801e-10, 8.3075941959e-11, 2.1910803033e-11, 2.92306699679e-11, 2.54007752332e-12, 3.19940254845e-12, 2.30056793928e-12, 4.16011544874e-13, 4.76552770769e-13, 4.89734338152e-13, 4.80972412505e-13, 5.79137906793e-14, 4.73330989475e-14, 1.17696930557e-14, 1.25032871155e-14, 3.05713608894e-15],
        "dvar2": [5.94801576881e-07, 3.70783686776e-06, 1.18111393022e-06, 4.34041254493e-07, 2.62268201823e-07, 1.23143806263e-07, 7.64492114058e-08, 1.77261284762e-07, 2.97646010949e-07, 4.72242589922e-07, 4.09124254475e-07, 9.83320518344e-08, 2.96669412592e-07, 3.53170094058e-07, 9.06068322593e-08, 1.56835451293e-08, 9.07478714396e-09, 1.40004745575e-08, 2.69798694497e-09, 4.75160488733e-09, 1.44290246418e-09, 8.25146284633e-10, 1.1094010155e-09, 2.35005570559e-10, 3.70217106971e-10, 2.26912974521e-10, 5.88404325264e-11, 7.89612819574e-11, 6.62568741192e-12, 8.6235818833e-12, 5.49032303995e-12, 1.08193618995e-12, 1.34235125186e-12, 1.25068022345e-12, 1.2450667667e-12, 1.63848806484e-13, 1.188427476e-13, 3.31040398002e-14, 3.45610990998e-14, 8.45250620527e-15],
        "max": [0.0138760022819, 0.0360981598496, 0.0218770150095, 0.00978243723512, 0.0074066882953, 0.00528871268034, 0.00844707991928, 0.00993434153497, 0.0147244930267, 0.0126280141994, 0.0104347262532, 0.00518058007583, 0.0158895589411, 0.0115252109244, 0.006484918762, 0.00250655203126, 0.00175404234324, 0.00221980153583, 0.000841482717078, 0.000897813064512, 0.00109855830669, 0.000740760297049, 0.000470356695587, 0.000206592303584, 0.000474472413771, 0.000236139792833, 0.000134371221066, 0.000173968175659, 5.19703571626e-05, 4.07499101129e-05, 7.01907047187e-05, 2.03369363589e-05, 3.03380693367e-05, 3.10926989187e-05, 3.13062519126e-05, 1.12989864647e-05, 1.1307263776e-05, 4.74549824503e-06, 4.04970569434e-06, 1.73326543518e-06],
        "mean": [0.000410452135839, 0.00144368433394, 0.00075131689664, 0.000639885023702, 0.000496111053508, 0.000290759635391, 0.000191666258615, 0.000271893455647, 0.000364452280337, 0.000379179953597, 0.00017573752848, 0.000111163957627, 0.000143344354001, 0.000211569145904, 0.000175504668732, 0.000112816669571, 4.22877346864e-05, 6.03283551754e-05, 3.30056354869e-05, 2.66188089881e-05, 1.44057794387e-05, 1.21231842058e-05, 1.18694188131e-05, 8.24781000119e-06, 1.07745645437e-05, 8.05466515885e-06, 6.06789308222e-06, 4.52141830465e-06, 1.39582073189e-06, 1.3487688193e-06, 6.57886516819e-07, 4.55067095118e-07, 4.77908542962e-07, 4.13234175767e-07, 3.92115765635e-07, 1.89466391021e-07, 1.7077529435e-07, 8.79852635194e-08, 8.10218310221e-08, 5.49499006297e-08],
        "median": [8.06876923889e-05, 0.000560783082619, 0.000442601216491, 0.000430576561484, 0.000293834018521, 0.000167182210134, 7.32262487873e-05, 0.000106074556243, 0.000146702703205, 0.000122345547425, 3.64200168406e-05, 2.15270938497e-05, 2.17871001951e-05, 2.61808399955e-05, 6.79680888425e-05, 3.55802148988e-05, 1.05777735371e-05, 1.02607873487e-05, 7.59975091569e-06, 6.58021326672e-06, 3.44277759723e-06, 3.38199447469e-06, 3.01844738715e-06, 3.27323004967e-06, 2.87840248347e-06, 3.17020067087e-06, 1.97626695808e-06, 1.53138489623e-06, 4.22795494615e-07, 2.81519845657e-07, 9.55565155891e-08, 7.87848364325e-08, 7.39895611446e-08, 5.49034417929e-08, 6.28679401871e-08, 3.53777913631e-08, 2.39397053292e-08, 1.68495741804e-08, 1.39437608127e-08, 9.13008513237e-09],
        "min": [1.20622512207e-24, 8.99387319183e-25, 1.07141540008e-24, 2.06181222139e-24, 1.75883717453e-24, 2.01287247412e-24, 1.41436262064e-24, 1.55117772567e-24, 2.2132269724e-24, 1.98473321398e-24, 2.79924688977e-24, 3.20633422117e-24, 2.2868257227e-24, 4.6066861791e-24, 2.8729146654e-24, 1.92751239936e-24, 3.05426491283e-24, 3.88442012264e-24, 4.38080493079e-24, 2.61847073587e-24, 4.82231105235e-24, 3.18984032293e-24, 4.07404769033e-24, 3.95428361656e-24, 4.54169153469e-24, 2.91467913109e-24, 5.72806023891e-24, 3.23069247099e-24, 4.91646712342e-24, 4.84883728915e-24, 5.25265715868e-24, 4.90826494215e-24, 5.78668601481e-24, 4.90529014768e-24, 6.14528601067e-24, 5.62108951687e-24, 5.41876641621e-24, 5.42827179568e-24, 6.53246683156e-24, 6.13107783691e-24],
        "var": [8.17410750642e-07, 5.96258723817e-06, 1.08697997803e-06, 4.75699835079e-07, 3.54214023446e-07, 1.46139953472e-07, 1.65663720963e-07, 2.31341005019e-07, 4.31653830901e-07, 4.73707956417e-07, 2.91962891197e-07, 8.92316478485e-08, 2.35644492363e-07, 3.92197335941e-07, 1.03185968214e-07, 3.07385512599e-08, 8.80459793962e-09, 2.34217409911e-08, 5.16959675068e-09, 3.89718701754e-09, 1.68035829695e-09, 8.6006146649e-10, 6.67817412481e-10, 2.10049963534e-10, 3.87003651348e-10, 1.89150015095e-10, 1.01181070467e-10, 8.30643401284e-11, 7.86600992675e-12, 9.35178323669e-12, 6.1362187033e-12, 1.66510848078e-12, 2.01312968032e-12, 2.11579169983e-12, 1.53561354171e-12, 4.1934581892e-13, 3.40947403773e-13, 6.66316367316e-14, 5.04072695043e-14, 1.85898270112e-14]
    },
    "mfcc": {
        "mean": [-705.167175293, 169.948104858, -21.0970172882, 21.6505489349, 0.66461199522, -2.82936263084, 4.60923957825, -2.08414411545, -12.9982404709, 3.50750565529, -1.41411995888, -1.1216146946, -3.36681866646],
        "cov": [[12202.3378906, 337.062011719, -1340.54492188, 47.8855781555, -496.171417236, 295.454467773, 4.29835939407, 246.50112915, 276.414276123, 546.526611328, 86.1010055542, -67.5494003296, 150.681564331], [337.062011719, 1584.23583984, -126.773292542, 102.914932251, 114.426856995, -66.8322067261, 110.508796692, -72.3659210205, -123.339996338, 6.12957954407, 34.2963562012, 60.1503868103, -39.7564659119], [-1340.54492188, -126.773292542, 609.75567627, -36.8571434021, 118.590278625, -35.3892173767, -49.5986595154, 35.8288383484, -14.2899646759, -150.987731934, -33.3966712952, 21.0915870667, 3.53857278824], [47.8855781555, 102.914932251, -36.8571434021, 208.645812988, 36.0966491699, 33.7776794434, 36.3825340271, -16.5823535919, -11.6398057938, 29.7704334259, 11.7637300491, 29.773021698, 33.571105957], [-496.171417236, 114.426856995, 118.590278625, 36.0966491699, 170.113143921, 28.7290554047, -12.2088785172, -3.20752501488, -1.94574403763, -36.7744522095, -2.67190313339, 22.4895000458, -3.37800121307], [295.454467773, -66.8322067261, -35.3892173767, 33.7776794434, 28.7290554047, 177.824737549, 38.9840774536, 41.8399543762, 73.8992614746, 49.6890411377, 17.0925865173, 16.872045517, 43.7675971985], [4.29835939407, 110.508796692, -49.5986595154, 36.3825340271, -12.2088785172, 38.9840774536, 169.49836731, 28.1722793579, -7.06802845001, 20.777048111, 21.82330513, 40.0985183716, 51.3956031799], [246.50112915, -72.3659210205, 35.8288383484, -16.5823535919, -3.20752501488, 41.8399543762, 28.1722793579, 130.234680176, 63.0240707397, 11.473824501, 4.53831863403, -5.8173418045, 42.5855941772], [276.414276123, -123.339996338, -14.2899646759, -11.6398057938, -1.94574403763, 73.8992614746, -7.06802845001, 63.0240707397, 179.917129517, 77.9644699097, -6.2919754982, -35.7427368164, -6.86627388], [546.526611328, 6.12957954407, -150.987731934, 29.7704334259, -36.7744522095, 49.6890411377, 20.777048111, 11.473824501, 77.9644699097, 172.567901611, 46.5148162842, -36.1352310181, -21.1944923401], [86.1010055542, 34.2963562012, -33.3966712952, 11.7637300491, -2.67190313339, 17.0925865173, 21.82330513, 4.53831863403, -6.2919754982, 46.5148162842, 95.2377929688, 39.5228919983, 0.884130835533], [-67.5494003296, 60.1503868103, 21.0915870667, 29.773021698, 22.4895000458, 16.872045517, 40.0985183716, -5.8173418045, -35.7427368164, -36.1352310181, 39.5228919983, 156.323913574, 88.6063995361], [150.681564331, -39.7564659119, 3.53857278824, 33.571105957, -3.37800121307, 43.7675971985, 51.3956031799, 42.5855941772, -6.86627388, -21.1944923401, 0.884130835533, 88.6063995361, 193.290939331]],
