{
"lowlevel": {
    "average_loudness": 0.0164901111275,
    "barkbands_crest": {
        "dmean": 2.67807173729,
        "dmean2": 4.28812026978,
        "dvar": 6.30286741257,
        "dvar2": 15.407494545,
        "max": 26.9561691284,
        "mean": 12.0794095993,
        "median": 11.0080451965,
        "min": 2.81501293182,
        "var": 24.4501571655
    },
    "barkbands_flatness_db": {
        "dmean": 0.0265071783215,
        "dmean2": 0.0402340367436,
        "dvar": 0.000725046673324,
        "dvar2": 0.00163809233345,
        "max": 0.628876686096,
        "mean": 0.219493299723,
        "median": 0.216193437576,
        "min": 0.0336091630161,
        "var": 0.00526002515107
    },
    "barkbands_kurtosis": {
        "dmean": 5.01070070267,
        "dmean2": 7.59503698349,
        "dvar": 1209.74804688,
        "dvar2": 2525.93652344,
        "max": 2759.07763672,
        "mean": 8.08183479309,
        "median": 2.66799020767,
        "min": -1.91046750546,
        "var": 2709.49951172
    },
    "barkbands_skewness": {
        "dmean": 0.611661612988,
        "dmean2": 0.932632863522,
        "dvar": 0.701239645481,
        "dvar2": 1.60062408447,
        "max": 43.0386276245,
        "mean": 1.22889506817,
        "median": 1.12012207508,
        "min": -5.98427963257,
        "var": 3.31186652184
    },
    "barkbands_spread": {
        "dmean": 3.2461438179,
        "dmean2": 5.0704460144,
        "dvar": 25.8456478119,
        "dvar2": 60.3148841858,
        "max": 111.936912537,
        "mean": 11.4034786224,
        "median": 9.28023910522,
        "min": 0.0199766457081,
        "var": 78.7543334961
    },
    "dissonance": {
        "dmean": 0.0331392288208,
        "dmean2": 0.0555523484945,
        "dvar": 0.0011208713986,
        "dvar2": 0.0030089369975,
        "max": 0.5,
        "mean": 0.421608716249,
        "median": 0.432357847691,
        "min": 0.0868852213025,
        "var": 0.00305661186576
    },
    "dynamic_complexity": 3.64058947563,
    "erbbands_crest": {
        "dmean": 3.06452083588,
        "dmean2": 4.75596141815,
        "dvar": 8.86105537415,
        "dvar2": 20.67329216,
        "max": 34.5977096558,
        "mean": 14.8444662094,
        "median": 13.1251688004,
        "min": 2.57202148438,
        "var": 54.3835220337
    },
    "erbbands_flatness_db": {
        "dmean": 0.0254735965282,
        "dmean2": 0.0369026586413,
        "dvar": 0.000675659277476,
        "dvar2": 0.00140825961716,
        "max": 0.645279705524,
        "mean": 0.250801354647,
        "median": 0.25115352869,
        "min": 0.0479786209762,
        "var": 0.00515374913812
    },
    "erbbands_kurtosis": {
        "dmean": 2.68788981438,
        "dmean2": 4.19440889359,
        "dvar": 36.2312583923,
        "dvar2": 88.6238632202,
        "max": 146.612991333,
        "mean": 4.42667245865,
        "median": 1.40739941597,
        "min": -1.80079543591,
        "var": 125.90901947
    },
    "erbbands_skewness": {
        "dmean": 0.468530118465,
        "dmean2": 0.721567809582,
        "dvar": 0.259139925241,
        "dvar2": 0.62819236517,
        "max": 11.1234455109,
        "mean": 0.801272690296,
        "median": 0.694083452225,
        "min": -4.85716295242,
        "var": 1.98132240772
    },
    "erbbands_spread": {
        "dmean": 5.45317602158,
        "dmean2": 8.2834815979,
        "dvar": 49.7058410645,
        "dvar2": 104.042861938,
        "max": 127.022941589,
        "mean": 19.3513183594,
        "median": 16.7475528717,
        "min": 0.225902855396,
        "var": 169.400619507
    },
    "hfc": {
        "dmean": 3.44790768623,
        "dmean2": 4.99615621567,
        "dvar": 35.4597167969,
        "dvar2": 81.0254058838,
        "max": 154.600967407,
        "mean": 11.8281564713,
        "median": 7.55979824066,
        "min": 1.20743686363e-16,
        "var": 226.507095337
    },
    "melbands_crest": {
        "dmean": 3.16750860214,
        "dmean2": 5.06129789352,
        "dvar": 9.04758930206,
        "dvar2": 22.0908908844,
        "max": 39.042755127,
        "mean": 15.0627012253,
        "median": 13.6024494171,
        "min": 1.44137275219,
        "var": 43.0022277832
    },
    "melbands_flatness_db": {
        "dmean": 0.028846969828,
        "dmean2": 0.0435409992933,
        "dvar": 0.000943647115491,
        "dvar2": 0.00208494463004,
        "max": 0.670635342598,
        "mean": 0.28894457221,
        "median": 0.286831945181,
        "min": 0.00250611966476,
        "var": 0.00791354291141
    },
    "melbands_kurtosis": {
        "dmean": 5.81339120865,
        "dmean2": 9.13060855865,
        "dvar": 198.776123047,
        "dvar2": 477.360137939,
        "max": 524.217224121,
        "mean": 10.1453619003,
        "median": 4.15351247787,
        "min": -1.86074721813,
        "var": 557.467102051
    },
    "melbands_skewness": {
        "dmean": 0.687802135944,
        "dmean2": 1.0553689003,
        "dvar": 0.701718688011,
        "dvar2": 1.57544624805,
        "max": 19.2499542236,
        "mean": 1.64545583725,
        "median": 1.4432516098,
        "min": -6.93316698074,
        "var": 2.84472608566
    },
    "melbands_spread": {
        "dmean": 4.20292139053,
        "dmean2": 6.60400629044,
        "dvar": 51.6587638855,
        "dvar2": 120.681022644,
        "max": 199.285720825,
        "mean": 16.6498088837,
        "median": 12.0908880234,
        "min": 0.193331301212,
        "var": 358.902374268
    },
    "pitch_salience": {
        "dmean": 0.066741026938,
        "dmean2": 0.106447860599,
        "dvar": 0.00388009659946,
        "dvar2": 0.00952943507582,
        "max": 0.943506360054,
        "mean": 0.493907630444,
        "median": 0.498508870602,
        "min": 0.0264057535678,
        "var": 0.0192661210895
    },
    "silence_rate_20dB": {
        "dmean": 0,
        "dmean2": 0,
        "dvar": 0,
        "dvar2": 0,
        "max": 1,
        "mean": 1,
        "median": 1,
        "min": 1,
        "var": 0
    },
    "silence_rate_30dB": {
        "dmean": 0.00443522445858,
        "dmean2": 0.00887108314782,
        "dvar": 0.00441521825269,
        "dvar2": 0.010078814812,
        "max": 1,
        "mean": 0.984120190144,
        "median": 1,
        "min": 0,
        "var": 0.0156307779253
    },
    "silence_rate_60dB": {
        "dmean": 0.0261821299791,
        "dmean2": 0.0523680076003,
        "dvar": 0.0254906807095,
        "dvar2": 0.0585005730391,
        "max": 1,
        "mean": 0.0908440649509,
        "median": 0,
        "min": 0,
        "var": 0.0825786441565
    },
    "spectral_centroid": {
        "dmean": 134.964111328,
        "dmean2": 208.670333862,
        "dvar": 43927.5429688,
        "dvar2": 95102.421875,
        "max": 10671.1142578,
        "mean": 908.388977051,
        "median": 751.294677734,
        "min": 150.346008301,
        "var": 408074.5
    },
    "spectral_complexity": {
        "dmean": 1.90528655052,
        "dmean2": 3.10974383354,
        "dvar": 4.77548980713,
        "dvar2": 11.9285306931,
        "max": 43,
        "mean": 10.8349781036,
        "median": 11,
        "min": 0,
        "var": 24.0035095215
    },
    "spectral_decrease": {
        "dmean": 1.57626078856e-09,
        "dmean2": 2.36994179836e-09,
        "dvar": 6.36569785767e-18,
        "dvar2": 1.54144461948e-17,
        "max": 1.77220695864e-18,
        "mean": -5.49160272811e-09,
        "median": -3.6480085619e-09,
        "min": -6.63028032477e-08,
        "var": 4.57937014015e-17
    },
    "spectral_energy": {
        "dmean": 0.00620208447799,
        "dmean2": 0.00930437073112,
        "dvar": 9.78555690381e-05,
        "dvar2": 0.000236244086409,
        "max": 0.263334304094,
        "mean": 0.0217993222177,
        "median": 0.0145794004202,
        "min": 1.05234765712e-20,
        "var": 0.000715652364306
    },
    "spectral_energyband_high": {
        "dmean": 8.52468438097e-05,
        "dmean2": 0.000128717918415,
        "dvar": 1.3398417309e-07,
        "dvar2": 3.01916372791e-07,
        "max": 0.00969406217337,
        "mean": 0.000104227081465,
        "median": 1.49167690324e-05,
        "min": 7.29019234664e-21,
        "var": 1.66084276998e-07
    },
    "spectral_energyband_low": {
        "dmean": 0.00243493821472,
        "dmean2": 0.00390874734148,
        "dvar": 2.56556722888e-05,
        "dvar2": 6.29619607935e-05,
        "max": 0.09544775635,
        "mean": 0.00445785513148,
        "median": 0.00131376029458,
        "min": 6.58618896918e-23,
        "var": 7.005315274e-05
    },
    "spectral_energyband_middle_high": {
        "dmean": 0.0013174546184,
        "dmean2": 0.00192842003889,
        "dvar": 4.79283380628e-06,
        "dvar2": 1.0045977433e-05,
        "max": 0.0567692629993,
        "mean": 0.00379668734968,
        "median": 0.00191461015493,
        "min": 1.50129444159e-21,
        "var": 2.55475952144e-05
    },
    "spectral_energyband_middle_low": {
        "dmean": 0.0041510197334,
        "dmean2": 0.00618245219812,
        "dvar": 7.9975114204e-05,
        "dvar2": 0.000195969449123,
        "max": 0.25724580884,
        "mean": 0.0140310237184,
        "median": 0.00772306788713,
        "min": 3.68098098889e-22,
        "var": 0.000605667359196
    },
    "spectral_entropy": {
        "dmean": 0.225974649191,
        "dmean2": 0.337781071663,
        "dvar": 0.066095739603,
        "dvar2": 0.142175659537,
        "max": 9.80216693878,
        "mean": 6.67789459229,
        "median": 6.68985652924,
        "min": 3.3099963665,
        "var": 0.470895439386
    },
    "spectral_flux": {
        "dmean": 0.0181015077978,
        "dmean2": 0.0298275817186,
        "dvar": 0.000425077800173,
        "dvar2": 0.00102896720637,
        "max": 0.313272535801,
        "mean": 0.0559119582176,
        "median": 0.0491024404764,
        "min": 1.02583996853e-10,
        "var": 0.00116050278302
    },
    "spectral_kurtosis": {
        "dmean": 6.52126455307,
        "dmean2": 11.0695486069,
        "dvar": 60.4874038696,
        "dvar2": 160.896362305,
        "max": 200.979858398,
        "mean": 14.3723745346,
        "median": 10.590051651,
        "min": -1.21733140945,
        "var": 222.658920288
    },
    "spectral_rms": {
        "dmean": 0.000617979618255,
        "dmean2": 0.000914261676371,
        "dvar": 4.51311990446e-07,
        "dvar2": 1.0056667179e-06,
        "max": 0.0160284582525,
        "mean": 0.00406638765708,
        "median": 0.0037714461796,
        "min": 3.20418583159e-12,
        "var": 4.73215413876e-06
    },
    "spectral_rolloff": {
        "dmean": 230.919830322,
        "dmean2": 400.729431152,
        "dvar": 476360.84375,
        "dvar2": 1133258.75,
        "max": 19444.4824219,
        "mean": 1253.52978516,
        "median": 796.728515625,
        "min": 21.533203125,
        "var": 6117905
    },
    "spectral_skewness": {
        "dmean": 0.527887821198,
        "dmean2": 0.877059936523,
        "dvar": 0.285006970167,
        "dvar2": 0.737029969692,
        "max": 12.4159975052,
        "mean": 2.51002025604,
        "median": 2.30874443054,
        "min": 0.0341038778424,
        "var": 1.22045719624
    },
    "spectral_spread": {
        "dmean": 521419.875,
        "dmean2": 769982.5,
        "dvar": 758617931776,
        "dvar2": 1.41743947776e+12,
        "max": 40940528,
        "mean": 2877993.25,
        "median": 2394819.75,
        "min": 520623.0625,
        "var": 2.9072514089e+12
    },
    "spectral_strongpeak": {
        "dmean": 0.580572962761,
        "dmean2": 0.941088736057,
        "dvar": 0.690894067287,
        "dvar2": 1.63727259636,
        "max": 15.0270118713,
        "mean": 1.51223230362,
        "median": 0.866579473019,
        "min": 0,
        "var": 2.97885155678
    },
    "zerocrossingrate": {
        "dmean": 0.00623699929565,
        "dmean2": 0.0076506594196,
        "dvar": 0.000115354152513,
        "dvar2": 0.000152946289745,
        "max": 0.52783203125,
        "mean": 0.0459673479199,
        "median": 0.033203125,
        "min": 0.0029296875,
        "var": 0.00435112323612
    },
    "barkbands": {
        "dmean": [0.00011264855857, 0.00184054649435, 0.000733927998226, 0.000580072868615, 0.00122518220451, 0.00115540297702, 0.00104645150714, 0.00141732906923, 0.000372883805539, 0.000799882051069, 0.000236313324422, 0.000182991760084, 0.000252551108133, 9.47852531681e-05, 0.000117189330922, 0.000102423437056, 0.000102880258055, 4.8107944167e-05, 4.5015829528e-05, 2.19294870476e-05, 1.17044437502e-05, 1.22598585222e-05, 1.22951369121e-05, 1.27676876218e-05, 1.71946958289e-05, 1.05747385533e-05, 3.78123013434e-06],
        "dmean2": [0.000184153323062, 0.00295872124843, 0.00121824687812, 0.000993003603071, 0.00195139623247, 0.0017302056076, 0.00149608694483, 0.00205979961902, 0.000531014229637, 0.00113635300659, 0.000356730946805, 0.000280969514279, 0.000379877950763, 0.000146147489431, 0.000186253368156, 0.000165181845659, 0.000162752505275, 7.93517101556e-05, 7.34100613045e-05, 3.50273949152e-05, 1.85165226867e-05, 1.95787888515e-05, 1.91385242942e-05, 1.91936196643e-05, 2.66701918008e-05, 1.62404667208e-05, 5.29544604433e-06],
        "dvar": [8.97029792668e-08, 2.10278776649e-05, 3.98176280214e-06, 3.34136643687e-06, 7.87036879046e-06, 1.22934898172e-05, 7.93341769167e-06, 4.87124998472e-05, 9.27685675833e-07, 3.14634007736e-06, 5.18244291925e-07, 6.62279092012e-07, 9.33575904583e-07, 1.20862026165e-07, 7.8205729892e-08, 1.02368424848e-07, 1.14936078432e-07, 2.51729890266e-08, 2.30893544284e-08, 1.51421808425e-08, 1.40773115387e-09, 3.42146266874e-09, 4.63446347965e-09, 4.24284607448e-09, 8.57848192481e-09, 2.78279821408e-09, 5.49901735258e-10],
        "dvar2": [2.344569765e-07, 5.32938502147e-05, 1.05385670395e-05, 9.73875194177e-06, 2.03724903258e-05, 2.78407533187e-05, 1.51398826347e-05, 0.000113605579827, 1.92083120965e-06, 5.93720051256e-06, 1.19806009025e-06, 1.46539900925e-06, 2.27543614528e-06, 2.71886051451e-07, 1.76641179905e-07, 2.31609419643e-07, 2.71127163387e-07, 6.03919474429e-08, 5.21266834141e-08, 2.40132518314e-08, 3.29356319995e-09, 8.45667624816e-09, 1.11921609758e-08, 9.84992176711e-09, 1.97948395453e-08, 6.37209973675e-09, 1.08891817785e-09],
        "max": [0.00903475098312, 0.075212597847, 0.0410722829401, 0.0641529038548, 0.115684576333, 0.135502666235, 0.0952127352357, 0.249144047499, 0.0349294021726, 0.0545112676919, 0.022459320724, 0.0408379249275, 0.0342221707106, 0.0136584788561, 0.0111163528636, 0.00933904573321, 0.00958627555519, 0.00718440487981, 0.00907774176449, 0.00950047560036, 0.0016084444942, 0.0016312393127, 0.00228866771795, 0.00141399772838, 0.0017056344077, 0.00102835008875, 0.000801361107733],
        "mean": [0.000263586378423, 0.00278230686672, 0.00104063143954, 0.000941706646699, 0.00247734645382, 0.00270023453049, 0.00245743524283, 0.00421354686841, 0.000782376620919, 0.00169391999952, 0.000451900210464, 0.000340891128872, 0.000716332637239, 0.00016110794968, 0.000181657538633, 0.000170264771441, 0.000160795578267, 7.22043332644e-05, 6.79731165292e-05, 3.7010791857e-05, 1.69504655787e-05, 1.39131825563e-05, 1.26669901874e-05, 1.25524138639e-05, 1.62057731359e-05, 9.88375813904e-06, 4.03661351811e-06],
        "median": [1.59142400662e-05, 0.000343334570061, 0.000275233702268, 0.000272756878985, 0.00107250129804, 0.000852011784445, 0.000593516801018, 0.000479995738715, 0.000247560092248, 0.000409481232055, 7.80507689342e-05, 7.12961045792e-05, 5.69769108552e-05, 3.2392621506e-05, 6.10277893429e-05, 4.87353318022e-05, 5.2738298109e-05, 2.18557215703e-05, 2.28214321396e-05, 9.46403451962e-06, 4.56016687167e-06, 1.76860214651e-06, 9.08672745936e-07, 4.40840153715e-07, 2.0993832095e-07, 5.83553472211e-08, 6.78092204609e-09],
        "min": [3.4592639322e-24, 3.48933373218e-23, 1.84136843353e-23, 1.95098838714e-23, 2.07421019603e-23, 3.09311540522e-23, 8.2920514518e-23, 1.30560493538e-22, 6.3652700504e-23, 4.45655324818e-23, 8.01357913464e-23, 7.35810703542e-23, 3.88655075706e-23, 8.24703021331e-23, 5.9360432588e-23, 1.21272268535e-22, 3.78154926849e-22, 2.11769899333e-22, 3.11279313029e-22, 2.23181649541e-22, 3.35508399494e-22, 6.26599259967e-22, 6.87516992335e-22, 6.58490697555e-22, 1.07250388376e-21, 1.53053576092e-21, 2.56636460505e-21],
        "var": [6.04159424711e-07, 4.71523817396e-05, 6.24060521659e-06, 5.44624663235e-06, 2.35796633206e-05, 4.56392299384e-05, 3.90494569729e-05, 0.000407463958254, 2.56171620094e-06, 1.3032609786e-05, 1.80490997082e-06, 2.14102669815e-06, 8.04654155218e-06, 4.19629031967e-07, 1.84861065122e-07, 2.99336306853e-07, 2.178865941e-07, 4.96489214186e-08, 5.30536254928e-08, 4.99187855496e-08, 2.08008388292e-09, 3.26255089611e-09, 4.42756364905e-09, 4.31716573601e-09, 8.50715409229e-09, 3.04759106839e-09, 8.19619316861e-10]
    },
    "erbbands": {
        "dmean": [0.0600942485034, 0.395283818245, 0.732410609722, 1.46147322655, 2.89456272125, 4.42941331863, 6.12432384491, 10.5164804459, 14.9299507141, 23.1514644623, 21.416311264, 9.47098255157, 13.4091148376, 24.7732467651, 11.1128435135, 9.36288070679, 12.7103710175, 5.66578960419, 5.98770999908, 4.96163511276, 5.22560977936, 3.96435379982, 3.10525012016, 2.22639226913, 2.14818310738, 1.13872671127, 0.599562525749, 0.391693919897, 0.403804719448, 0.416694581509, 0.341073364019, 0.250932276249, 0.233990266919, 0.187656730413, 0.129443332553, 0.0615090169013, 0.0149729521945, 0.00344813778065, 0.000590267009102, 5.26801377418e-05],
        "dmean2": [0.0943440720439, 0.649308145046, 1.19333064556, 2.49614906311, 4.79399490356, 7.00502109528, 9.6560087204, 15.6177797318, 21.5584869385, 35.5373840332, 30.1901359558, 13.4540882111, 18.2959251404, 36.1115684509, 16.6876602173, 14.2554149628, 19.1909332275, 8.6528711319, 9.41366386414, 7.94150352478, 8.28810882568, 6.22734928131, 4.98893499374, 3.61243605614, 3.53719639778, 1.79898309708, 0.952676236629, 0.618017017841, 0.65238904953, 0.653458356857, 0.531278431416, 0.379184007645, 0.359108895063, 0.288656800985, 0.202670648694, 0.0955253094435, 0.0224357135594, 0.00508620031178, 0.000838980893604, 7.51825646148e-05],
        "dvar": [0.0252822712064, 0.97597181797, 3.13199687004, 19.6233863831, 64.7093734741, 118.291572571, 301.086975098, 1370.36206055, 1536.80114746, 17587.2832031, 6832.47167969, 542.525085449, 1359.58618164, 3686.4675293, 1119.01196289, 1480.9375, 2584.21020508, 375.063842773, 223.987564087, 209.492340088, 206.041549683, 140.606033325, 98.6596603394, 45.9650535583, 63.2050361633, 53.2697868347, 6.13353967667, 1.72953307629, 3.78884911537, 4.80279588699, 3.27116680145, 1.40363562107, 1.78657305241, 1.02445733547, 0.512117862701, 0.0975825414062, 0.00567988585681, 0.000493857718538, 1.2615308151e-05, 1.04596566075e-07],
        "dvar2": [0.0591333508492, 2.55072808266, 7.78139352798, 57.049949646, 188.929672241, 295.264923096, 688.640991211, 2948.67553711, 3231.93969727, 47050.3125, 15329.4716797, 1180.48571777, 2266.27734375, 7267.9296875, 2574.87939453, 3401.52490234, 6333.80126953, 843.010925293, 502.206787109, 439.915771484, 487.036010742, 309.91796875, 220.71496582, 95.3489685059, 148.446029663, 85.1596679688, 12.2696943283, 4.13681268692, 9.70912361145, 11.5752372742, 7.9475312233, 3.1659181118, 4.30752563477, 2.33074879646, 1.20962226391, 0.229528620839, 0.0123764714226, 0.00116994639393, 2.49524746323e-05, 2.12122856169e-07],
        "max": [3.59742832184, 15.3534393311, 33.4969215393, 179.156097412, 211.734603882, 569.640441895, 586.142089844, 1634.7565918, 1440.35083008, 5057.73046875, 2955.26074219, 947.671081543, 1525.68383789, 2133.89355469, 1124.53076172, 1852.08959961, 1786.75427246, 722.882751465, 504.9246521, 479.397277832, 585.83996582, 410.744750977, 266.615844727, 451.499237061, 606.284118652, 542.642333984, 193.162765503, 42.1751785278, 31.1042175293, 62.0399780273, 49.5878829956, 25.3196144104, 31.4509983063, 18.9511642456, 12.7388334274, 5.7214217186, 2.1349132061, 0.810821354389, 0.118251875043, 0.0107374694198],
        "mean": [0.100106358528, 0.551044106483, 1.13236641884, 2.43816280365, 5.20004081726, 8.97562599182, 11.5469074249, 25.2981567383, 37.569694519, 76.744468689, 54.4533958435, 21.6540241241, 32.0265655518, 49.6027374268, 22.7921638489, 20.404296875, 35.8074645996, 10.8026714325, 9.7404794693, 8.50701808929, 9.08556175232, 6.69871425629, 5.00689792633, 3.66849255562, 3.28356266022, 1.93557274342, 0.8753079772, 0.567542731762, 0.460335224867, 0.443956583738, 0.352798581123, 0.259546875954, 0.219321385026, 0.18410974741, 0.115756005049, 0.0550107099116, 0.0147452503443, 0.00343760079704, 0.000645681167953, 7.49392347643e-05],
        "median": [0.00690765446052, 0.0920716673136, 0.36749792099, 0.848067760468, 2.07543754578, 3.46828746796, 5.65660524368, 6.4213476181, 10.1721897125, 9.22518730164, 10.5628995895, 9.12604522705, 8.00783729553, 14.6884880066, 6.09224033356, 4.49213218689, 3.27243709564, 2.67579770088, 3.39755368233, 3.06037759781, 3.14814281464, 2.58343076706, 1.61757946014, 1.36606049538, 1.04873013496, 0.51470708847, 0.275944590569, 0.117605417967, 0.0676652789116, 0.043834194541, 0.0230304822326, 0.0120924022049, 0.00606314325705, 0.00286106136627, 0.00120957894251, 0.000348572619259, 0.000101441706647, 1.97566041606e-05, 1.15175917017e-05, 1.87284094864e-05],
        "min": [4.20654561994e-22, 9.72168329489e-21, 2.52983189865e-20, 4.72711618842e-20, 8.090008629e-20, 6.40418416758e-20, 7.28883379942e-20, 3.53844989336e-19, 8.88319392783e-19, 2.85435151935e-18, 1.83865954712e-18, 1.62144222846e-18, 1.38829858108e-18, 2.18727068038e-18, 3.01793372331e-18, 3.35831172114e-18, 2.10380732939e-18, 4.33682688792e-18, 2.81575485838e-18, 3.43259750323e-18, 1.18899288664e-17, 1.72501750411e-17, 1.41456404707e-17, 1.22277883061e-17, 1.53390586082e-17, 1.19470862196e-17, 8.96136373649e-18, 1.69661989737e-17, 2.15259808152e-17, 2.00239680609e-17, 1.87457043537e-17, 1.6817222091e-17, 1.05982400178e-17, 1.12020950999e-17, 7.81401046014e-18, 4.8326848556e-18, 2.66876114122e-18, 1.4023050236e-18, 3.95448296739e-19, 3.75516248968e-20],
        "var": [0.0883248820901, 1.50984930992, 5.64927053452, 33.0192832947, 123.803123474, 408.827178955, 561.161987305, 5248.94091797, 7566.55810547, 152615.234375, 38048.21875, 1558.81213379, 7231.87304688, 12603.8515625, 4091.30395508, 5139.98339844, 19862.6972656, 1293.5892334, 521.33001709, 511.876708984, 646.694274902, 309.695220947, 199.955001831, 117.769126892, 143.491241455, 157.990966797, 10.218079567, 3.11494898796, 3.35487699509, 4.54497623444, 3.13288855553, 1.56794500351, 1.62033343315, 1.07455193996, 0.480281114578, 0.0961348861456, 0.007130285725, 0.000545544666238, 1.90543032659e-05, 1.51731669007e-07]
    },
    "gfcc": {
        "mean": [-105.789710999, 146.035217285, -130.478393555, 9.17008686066, -51.5634384155, -8.72466564178, -27.2538909912, 1.92663037777, -16.1148433685, -8.28360366821, -7.27595090866, -4.69228982925, -2.77085161209],
        "cov": [[20970.7226562, 2378.47094727, -1033.47167969, 24.6188297272, -736.130554199, -283.054382324, -757.631530762, 3.61943221092, -93.8795928955, 134.317977905, -169.941970825, -148.503204346, -159.82371521], [2378.47094727, 3225.20483398, -279.745452881, -9.81264686584, 191.25340271, -354.819274902, 84.4200286865, -376.419921875, 122.517349243, -219.65965271, 202.977264404, -201.879547119, 121.651733398], [-1033.47167969, -279.745452881, 1110.88500977, 141.904708862, 142.998825073, 161.658172607, -11.1748228073, 96.6785964966, 50.520111084, 140.094390869, -51.7470436096, 35.3374137878, -30.4401416779], [24.6188297272, -9.81264686584, 141.904708862, 524.315856934, 180.163070679, 95.0260925293, 18.3937149048, 23.5047416687, 51.2092247009, 44.264755249, 19.5181674957, -23.5944690704, -19.9580345154], [-736.130554199, 191.25340271, 142.998825073, 180.163070679, 371.408996582, 135.969940186, 125.735877991, 4.87550592422, 2.52413868904, 1.20981264114, 39.602180481, -2.92883443832, 3.21326994896], [-283.054382324, -354.819274902, 161.658172607, 95.0260925293, 135.969940186, 300.300567627, 114.492835999, 84.1182403564, -49.0630722046, 36.8985061646, -9.54176616669, 38.7987480164, -15.7609920502], [-757.631530762, 84.4200286865, -11.1748228073, 18.3937149048, 125.735877991, 114.492835999, 306.853607178, 76.0970001221, -14.7950162888, -65.706993103, 34.5510673523, 16.412815094, 47.2630996704], [3.61943221092, -376.419921875, 96.6785964966, 23.5047416687, 4.87550592422, 84.1182403564, 76.0970001221, 259.65737915, 37.5754776001, 22.8208045959, -49.9933280945, 27.8392620087, 6.36160039902], [-93.8795928955, 122.517349243, 50.520111084, 51.2092247009, 2.52413868904, -49.0630722046, -14.7950162888, 37.5754776001, 224.071243286, 91.4998550415, 27.2305583954, -26.7174263, -12.1784582138], [134.317977905, -219.65965271, 140.094390869, 44.264755249, 1.20981264114, 36.8985061646, -65.706993103, 22.8208045959, 91.4998550415, 229.336669922, 63.5379943848, 11.8061161041, -68.9034500122], [-169.941970825, 202.977264404, -51.7470436096, 19.5181674957, 39.602180481, -9.54176616669, 34.5510673523, -49.9933280945, 27.2305583954, 63.5379943848, 189.494155884, 25.2650718689, -18.006483078], [-148.503204346, -201.879547119, 35.3374137878, -23.5944690704, -2.92883443832, 38.7987480164, 16.412815094, 27.8392620087, -26.7174263, 11.8061161041, 25.2650718689, 125.949462891, 45.9784812927], [-159.82371521, 121.651733398, -30.4401416779, -19.9580345154, 3.21326994896, -15.7609920502, 47.2630996704, 6.36160039902, -12.1784582138, -68.9034500122, -18.006483078, 45.9784812927, 157.213943481]],
        "icov": [[9.70053297351e-05, -0.000201235845452, 0.000123843594338, -0.00010191508045, 0.000256688741501, -0.000197868765099, 0.000251595018199, -0.000284360110527, 0.000231948390137, -0.000282593391603, 0.000265715178102, -0.000200840600883, 0.000159443210578], [-0.000201235845452, 0.00106896960642, -0.000323682033923, 0.000310957606416, -0.000946112617385, 0.000913803465664, -0.000640921993181, 0.00119328987785, -0.00091535464162, 0.00122205354273, -0.00132517202292, 0.00142877816688, -0.000904540880583], [0.000123843594338, -0.000323682033923, 0.001316775335, -0.000226985095651, -3.8319871237e-05, -0.000600292521995, 0.000483281037305, -0.000554957950953, 0.000240950394073, -0.00112117314711, 0.00104325229768, -0.000692524074111, 0.000269578420557], [-0.00010191508045, 0.000310957606416, -0.000226985095651, 0.0026078382507, -0.0014445700217, -0.000307147449348, 0.0002994920942, 0.000196135879378, -0.000841336732265, 0.000478586676763, -0.000673448143061, 0.000955328403506, -0.000368299515685], [0.000256688741501, -0.000946112617385, -3.8319871237e-05, -0.0014445700217, 0.0053285532631, -0.00218478357419, -0.00053519703215, -0.00035460779327, 0.000640033569653, -0.000707225815859, 0.000453829910839, -0.000647822103929, 0.000630609050859], [-0.000197868765099, 0.000913803465664, -0.000600292521995, -0.000307147449348, -0.00218478357419, 0.00704279681668, -0.00270369159989, 9.93262510747e-05, 0.00134596694261, -0.000992092420347, 0.00025196702336, -0.000325399130816, 0.00028949973057], [0.000251595018199, -0.000640921993181, 0.000483281037305, 0.0002994920942, -0.00053519703215, -0.00270369159989, 0.00657435925677, -0.00263686710969, 7.15537316864e-05, 0.00163629138842, -0.00156139733735, 0.00018799463578, -0.000757667701691], [-0.000284360110527, 0.00119328987785, -0.000554957950953, 0.000196135879378, -0.00035460779327, 9.93262510747e-05, -0.00263686710969, 0.00696291495115, -0.00243391445838, 0.000752434250899, 0.000738313421607, -2.08451274375e-06, -0.000540418783203], [0.000231948390137, -0.00091535464162, 0.000240950394073, -0.000841336732265, 0.000640033569653, 0.00134596694261, 7.15537316864e-05, -0.00243391445838, 0.0076501397416, -0.00438882084563, 0.000865137611981, 0.000699780415744, -0.000353705021553], [-0.000282593391603, 0.00122205354273, -0.00112117314711, 0.000478586676763, -0.000707225815859, -0.000992092420347, 0.00163629138842, 0.000752434250899, -0.00438882084563, 0.0103286076337, -0.00466193445027, 0.000415125658037, 0.00153486349154], [0.000265715178102, -0.00132517202292, 0.00104325229768, -0.000673448143061, 0.000453829910839, 0.00025196702336, -0.00156139733735, 0.000738313421607, 0.000865137611981, -0.00466193445027, 0.00994613207877, -0.00448623346165, 0.00234256219119], [-0.000200840600883, 0.00142877816688, -0.000692524074111, 0.000955328403506, -0.000647822103929, -0.000325399130816, 0.00018799463578, -2.08451274375e-06, 0.000699780415744, 0.000415125658037, -0.00448623346165, 0.0134888477623, -0.00562098715454], [0.000159443210578, -0.000904540880583, 0.000269578420557, -0.000368299515685, 0.000630609050859, 0.00028949973057, -0.000757667701691, -0.000540418783203, -0.000353705021553, 0.00153486349154, 0.00234256219119, -0.00562098715454, 0.0100515065715]]
    },
    "melbands": {
        "dmean": [0.000528172473423, 0.000401433819206, 0.000271387543762, 0.000274987978628, 0.000202783310669, 0.000233054888668, 0.000226195421419, 0.000270959571935, 0.000157140137162, 5.61437082069e-05, 6.87131541781e-05, 0.000107150510303, 3.35824115609e-05, 2.7207275707e-05, 2.7369847885e-05, 1.95733391593e-05, 1.0807212675e-05, 9.20110051084e-06, 7.01740236764e-06, 7.6830292528e-06, 6.30273052593e-06, 4.19492425863e-06, 4.88518799102e-06, 2.42083615376e-06, 1.80095480573e-06, 1.83935458153e-06, 1.06870652417e-06, 7.38693643143e-07, 4.49836676353e-07, 2.51856846489e-07, 2.55050252917e-07, 2.22923702609e-07, 2.54207606076e-07, 2.32470810602e-07, 1.96827457444e-07, 1.8089430398e-07, 1.48044435377e-07, 1.6339183162e-07, 1.64999008234e-07, 1.5749044735e-07],
        "dmean2": [0.000840809021611, 0.000649821129628, 0.000460085488157, 0.000438171671703, 0.000319186714478, 0.00034454188426, 0.000324989319779, 0.000413210276747, 0.000217620210606, 7.98825276433e-05, 9.37464574235e-05, 0.000155885441927, 5.0689359341e-05, 4.08287123719e-05, 4.11190121667e-05, 2.96833331959e-05, 1.66550398717e-05, 1.43632460095e-05, 1.12255947897e-05, 1.24086864162e-05, 9.99633721221e-06, 6.59741454001e-06, 7.76997330831e-06, 4.00706630899e-06, 2.92992012874e-06, 3.02382591144e-06, 1.76793184892e-06, 1.16877686196e-06, 7.22729453173e-07, 4.01450137133e-07, 4.08780778116e-07, 3.61788352166e-07, 4.0626758846e-07, 3.63948970517e-07, 3.070673813e-07, 2.83568368786e-07, 2.2189738047e-07, 2.52779017273e-07, 2.56658950093e-07, 2.40547308294e-07],
        "dvar": [1.8066384655e-06, 7.42535235077e-07, 6.05366949458e-07, 4.54185567378e-07, 2.90517505164e-07, 6.05066531989e-07, 3.37898285352e-07, 2.48622632171e-06, 3.54884036824e-07, 1.87683379949e-08, 3.40122809916e-08, 7.13598140578e-08, 1.02475130603e-08, 1.27396502236e-08, 7.70555441676e-09, 5.47837242237e-09, 1.75119585499e-09, 5.17836107328e-10, 3.10406589321e-10, 6.19930606849e-10, 3.99027311193e-10, 2.08095707332e-10, 3.18555681833e-10, 8.95938184753e-11, 3.66219901626e-11, 4.51996114148e-11, 2.1224884697e-11, 2.74995200222e-11, 6.4476544763e-12, 6.22087288366e-13, 8.8919133558e-13, 1.06533737994e-12, 1.71116441329e-12, 1.72072620909e-12, 1.04307513148e-12, 9.91102816136e-13, 5.31542258125e-13, 8.80246450816e-13, 9.31382792072e-13, 6.80409775831e-13],
        "dvar2": [4.48779201179e-06, 1.78283039531e-06, 1.75457762452e-06, 1.22026142435e-06, 6.59997340335e-07, 1.31966294248e-06, 7.03981299921e-07, 6.51114396533e-06, 7.61764340496e-07, 4.00452329075e-08, 5.6479237287e-08, 1.40873922305e-07, 2.35490222877e-08, 2.64121808868e-08, 1.84152497695e-08, 1.32756889926e-08, 4.03572109064e-09, 1.1415496326e-09, 6.807733266e-10, 1.4375511892e-09, 9.4402463624e-10, 4.90781637552e-10, 6.74095834707e-10, 2.21544116386e-10, 7.34388175272e-11, 1.04787810373e-10, 4.28854556034e-11, 4.34685759609e-11, 1.17661219309e-11, 1.55385643588e-12, 2.13361424882e-12, 2.74390102653e-12, 4.22925800284e-12, 4.15624912958e-12, 2.54341686601e-12, 2.36406423951e-12, 1.21585857701e-12, 2.13666454321e-12, 2.24904383311e-12, 1.52659254595e-12],
        "max": [0.0256154928356, 0.013698653318, 0.0255106575787, 0.0305686965585, 0.0167161114514, 0.0321063697338, 0.0220448151231, 0.0564694106579, 0.0246070604771, 0.00509701715782, 0.00755505915731, 0.00921067222953, 0.00300475698896, 0.00561161339283, 0.00335544417612, 0.0024805823341, 0.00165837653913, 0.000822905101813, 0.000845932110678, 0.000762486248277, 0.000852525699884, 0.000567166076507, 0.000655083917081, 0.000491190003231, 0.000446520745754, 0.000469487189548, 0.000392401299905, 0.000365323590813, 0.000227912125411, 2.18401073653e-05, 4.02660662076e-05, 1.87491368706e-05, 3.50711379724e-05, 4.30294385296e-05, 2.49229742622e-05, 3.03110846289e-05, 2.44907132583e-05, 2.13028761209e-05, 2.28990975302e-05, 1.34209431053e-05],
        "mean": [0.000831970828585, 0.000637877208646, 0.000476199376862, 0.000547377567273, 0.000399627781007, 0.00055954605341, 0.000555353297386, 0.000906336586922, 0.000374419323634, 0.000121606834, 0.000160920957569, 0.000210755664739, 6.54139512335e-05, 5.26437434019e-05, 7.68405734561e-05, 4.9223912356e-05, 1.85425160453e-05, 1.44704845297e-05, 1.08858639578e-05, 1.30178477775e-05, 1.04445543911e-05, 6.77600519339e-06, 7.17883631296e-06, 3.60536728294e-06, 2.78067250292e-06, 2.59361286226e-06, 1.66204927154e-06, 1.19240803542e-06, 6.16335682935e-07, 3.24624068071e-07, 3.5730943182e-07, 2.53082134805e-07, 2.68619885446e-07, 2.37619971699e-07, 2.01446923143e-07, 1.8364130483e-07, 1.50912413233e-07, 1.49960058593e-07, 1.55349283659e-07, 1.54827418442e-07],
        "median": [8.80406878423e-05, 0.000193395491806, 0.000186796620255, 0.000210124882869, 0.00020157371182, 0.000142129865708, 0.000147999060573, 9.88163228612e-05, 8.2202925114e-05, 4.15780268668e-05, 3.63213111996e-05, 5.41112749488e-05, 1.4265567188e-05, 1.03599786598e-05, 7.78470985097e-06, 5.19796958542e-06, 3.50072377842e-06, 4.79562504552e-06, 3.72406475435e-06, 3.83761562261e-06, 3.13802070195e-06, 2.34736990024e-06, 1.75577906703e-06, 1.01984198864e-06, 9.00638951862e-07, 7.84920757724e-07, 4.63341251589e-07, 2.75288869034e-07, 1.72917665964e-07, 8.62731752704e-08, 5.28011767642e-08, 3.76899897958e-08, 2.819587408e-08, 2.05449719459e-08, 1.31620492283e-08, 8.6201907834e-09, 6.2787126609e-09, 4.19245838046e-09, 2.8429896215e-09, 2.02476924116e-09],
        "min": [7.10372242823e-24, 1.37412312169e-23, 9.05844954275e-24, 5.54244166234e-24, 2.24571995587e-24, 6.9239173621e-24, 1.43147299396e-23, 3.15841068452e-23, 1.36323526348e-23, 9.74609328294e-24, 6.6224415454e-24, 8.15109305209e-24, 1.01096847962e-23, 9.65050937364e-24, 5.90107084606e-24, 4.30880954028e-24, 8.58689847032e-24, 4.04564672559e-24, 4.45119577822e-24, 5.64241992132e-24, 1.75862717976e-23, 1.84064930792e-23, 1.63559911511e-23, 9.27416829044e-24, 9.76583216051e-24, 1.29884220439e-23, 9.06687378835e-24, 7.72037105354e-24, 4.42611355131e-24, 8.29016607424e-24, 1.01158379112e-23, 1.16039056798e-23, 1.28239650556e-23, 1.03492981407e-23, 8.96759406571e-24, 1.3685117963e-23, 9.59240187936e-24, 6.80487982923e-24, 7.89953872005e-24, 1.03300381017e-23],
        "var": [4.84126212541e-06, 1.39615735861e-06, 1.01993509816e-06, 1.24878431507e-06, 6.40209520952e-07, 2.39512201006e-06, 1.66378163158e-06, 2.27729415201e-05, 1.67140331087e-06, 5.31279340521e-08, 1.81505839691e-07, 2.46689722871e-07, 3.50453390752e-08, 3.88441065979e-08, 7.25796596157e-08, 3.32301723915e-08, 6.00811977947e-09, 1.19168064305e-09, 7.25771442944e-10, 1.84425841265e-09, 1.15181209015e-09, 4.69017102933e-10, 5.78382897132e-10, 1.73440165008e-10, 9.71155447727e-11, 9.28482915552e-11, 5.71274000327e-11, 7.97952953713e-11, 1.01299515651e-11, 7.02078911501e-13, 1.99069992261e-12, 9.79047789021e-13, 1.60452282971e-12, 1.59501415981e-12, 9.83080587422e-13, 9.78960944427e-13, 5.95463131928e-13, 7.82648197552e-13, 8.50901760076e-13, 7.57006328282e-13]
    },
    "mfcc": {
        "mean": [-739.944213867, 176.315536499, -16.5959606171, 20.6128292084, -4.94317626953, -7.90735292435, -4.8430685997, 2.12988400459, -2.38777399063, 0.155440256, -5.09465265274, -2.88227343559, 1.30809032917],
        "cov": [[8589.64648438, 1299.03295898, -443.286437988, 115.973701477, -84.1616744995, -26.1765480042, -379.320007324, -211.459121704, -132.926879883, 144.55255127, 124.933326721, 160.225860596, 83.6508712769], [1299.03295898, 2524.68261719, -163.565322876, 212.34324646, 18.9261398315, -4.08339118958, -60.532787323, -106.144638062, -83.0159912109, -38.7032928467, -48.5461273193, 3.88623094559, 16.4807014465], [-443.286437988, -163.565322876, 716.538757324, 52.626449585, 136.256408691, 47.5553474426, 44.684589386, 20.8554706573, 75.8495941162, 39.196975708, 17.2704639435, 2.47487640381, 7.25843524933], [115.973701477, 212.34324646, 52.626449585, 375.318695068, 149.530853271, 81.0195388794, 17.0565834045, 20.4235305786, 10.4083786011, 48.899772644, 37.2715492249, 17.0225772858, 25.9007663727], [-84.1616744995, 18.9261398315, 136.256408691, 149.530853271, 275.145355225, 109.102027893, 48.7669906616, 7.98265266418, 10.7828092575, 48.0861206055, 42.585735321, 24.8185634613, 6.39928722382], [-26.1765480042, -4.08339118958, 47.5553474426, 81.0195388794, 109.102027893, 244.947540283, 101.060012817, 15.1495637894, -1.01872515678, 9.79556179047, 40.7527046204, 29.1890277863, 12.5276899338], [-379.320007324, -60.532787323, 44.684589386, 17.0565834045, 48.7669906616, 101.060012817, 306.025726318, 145.541564941, 30.3368492126, 4.49095869064, -32.3619499207, -17.5117378235, 1.81912004948], [-211.459121704, -106.144638062, 20.8554706573, 20.4235305786, 7.98265266418, 15.1495637894, 145.541564941, 215.640823364, 104.760116577, 10.3638963699, -33.6315155029, -33.3139266968, -16.8850288391], [-132.926879883, -83.0159912109, 75.8495941162, 10.4083786011, 10.7828092575, -1.01872515678, 30.3368492126, 104.760116577, 199.398468018, 50.4537010193, -22.8143463135, -44.297088623, -30.736240387], [144.55255127, -38.7032928467, 39.196975708, 48.899772644, 48.0861206055, 9.79556179047, 4.49095869064, 10.3638963699, 50.4537010193, 155.387527466, 72.5715560913, 21.2917194366, 7.21870470047], [124.933326721, -48.5461273193, 17.2704639435, 37.2715492249, 42.585735321, 40.7527046204, -32.3619499207, -33.6315155029, -22.8143463135, 72.5715560913, 191.842224121, 98.5889816284, 30.561920166], [160.225860596, 3.88623094559, 2.47487640381, 17.0225772858, 24.8185634613, 29.1890277863, -17.5117378235, -33.3139266968, -44.297088623, 21.2917194366, 98.5889816284, 165.976928711, 65.1535797119], [83.6508712769, 16.4807014465, 7.25843524933, 25.9007663727, 6.39928722382, 12.5276899338, 1.81912004948, -16.8850288391, -30.736240387, 7.21870470047, 30.561920166, 65.1535797119, 128.334243774]],
