{
"lowlevel": {
    "average_loudness": 0.65602183342,
    "barkbands_crest": {
        "dmean": 2.31585407257,
        "dmean2": 3.90251731873,
        "dvar": 4.50946474075,
        "dvar2": 12.7279462814,
        "max": 24.3385601044,
        "mean": 12.5070085526,
        "median": 12.0544872284,
        "min": 2.77704787254,
        "var": 17.5661048889
    },
    "barkbands_flatness_db": {
        "dmean": 0.0209366753697,
        "dmean2": 0.0347998961806,
        "dvar": 0.00053646118613,
        "dvar2": 0.00131320860237,
        "max": 0.702184677124,
        "mean": 0.327568560839,
        "median": 0.33526429534,
        "min": 0.02755064331,
        "var": 0.0100382948294
    },
    "barkbands_kurtosis": {
        "dmean": 3.80205893517,
        "dmean2": 6.26159238815,
        "dvar": 50.045879364,
        "dvar2": 130.147125244,
        "max": 238.493484497,
        "mean": 8.73368263245,
        "median": 4.78112125397,
        "min": -1.85120749474,
        "var": 158.803100586
    },
    "barkbands_skewness": {
        "dmean": 0.507457971573,
        "dmean2": 0.831498622894,
        "dvar": 0.266958087683,
        "dvar2": 0.676621079445,
        "max": 10.8636741638,
        "mean": 1.82955217361,
        "median": 1.61485719681,
        "min": -1.91623997688,
        "var": 1.71304726601
    },
    "barkbands_spread": {
        "dmean": 1.18404126167,
        "dmean2": 1.96512258053,
        "dvar": 6.16937017441,
        "dvar2": 16.8978347778,
        "max": 126.935882568,
        "mean": 5.68053293228,
        "median": 3.36879491806,
        "min": 0.327824234962,
        "var": 88.0357971191
    },
    "dissonance": {
        "dmean": 0.0356574356556,
        "dmean2": 0.0607142932713,
        "dvar": 0.0012411151547,
        "dvar2": 0.00347106973641,
        "max": 0.499999970198,
        "mean": 0.393486857414,
        "median": 0.409892737865,
        "min": 0.104294359684,
        "var": 0.00558750098571
    },
    "dynamic_complexity": 4.67997837067,
    "erbbands_crest": {
        "dmean": 2.25557661057,
        "dmean2": 3.77014732361,
        "dvar": 5.23500394821,
        "dvar2": 14.0669994354,
        "max": 33.2081565857,
        "mean": 10.1765975952,
        "median": 9.35972213745,
        "min": 2.45902514458,
        "var": 15.5558691025
    },
    "erbbands_flatness_db": {
        "dmean": 0.0135590732098,
        "dmean2": 0.0224760454148,
        "dvar": 0.000220829053433,
        "dvar2": 0.00055379542755,
        "max": 0.542420268059,
        "mean": 0.284171044827,
        "median": 0.287937343121,
        "min": 0.0406571179628,
        "var": 0.0058328229934
    },
    "erbbands_kurtosis": {
        "dmean": 1.34056937695,
        "dmean2": 2.23672318459,
        "dvar": 3.62941837311,
        "dvar2": 10.1758775711,
        "max": 49.1947784424,
        "mean": 2.70303177834,
        "median": 1.81214976311,
        "min": -1.7485717535,
        "var": 11.6945819855
    },
    "erbbands_skewness": {
        "dmean": 0.309911161661,
        "dmean2": 0.509859144688,
        "dvar": 0.0922164097428,
        "dvar2": 0.246003553271,
        "max": 3.94967722893,
        "mean": 1.02323687077,
        "median": 1.01572489738,
        "min": -5.25487661362,
        "var": 0.581478238106
    },
    "erbbands_spread": {
        "dmean": 2.94955801964,
        "dmean2": 4.83531713486,
        "dvar": 13.2146921158,
        "dvar2": 33.4202880859,
        "max": 135.148590088,
        "mean": 18.0046691895,
        "median": 12.7826852798,
        "min": 1.9804880619,
        "var": 197.645904541
    },
    "hfc": {
        "dmean": 2.4511039257,
        "dmean2": 3.84848332405,
        "dvar": 28.0774173737,
        "dvar2": 60.2075576782,
        "max": 115.612983704,
        "mean": 8.61099624634,
        "median": 6.7111120224,
        "min": 1.09151762547e-16,
        "var": 85.8883590698
    },
    "melbands_crest": {
        "dmean": 2.96455359459,
        "dmean2": 5.01651477814,
        "dvar": 7.67634296417,
        "dvar2": 21.3438911438,
        "max": 37.3654441833,
        "mean": 17.685503006,
        "median": 17.0498085022,
        "min": 2.4176440239,
        "var": 34.8558578491
    },
    "melbands_flatness_db": {
        "dmean": 0.0235913321376,
        "dmean2": 0.0388101637363,
        "dvar": 0.000700758071616,
        "dvar2": 0.00167294126004,
        "max": 0.889112651348,
        "mean": 0.440169930458,
        "median": 0.453478991985,
        "min": 0.00505086965859,
        "var": 0.0163241475821
    },
    "melbands_kurtosis": {
        "dmean": 6.06036901474,
        "dmean2": 9.90655994415,
        "dvar": 155.401657104,
        "dvar2": 410.74029541,
        "max": 565.588562012,
        "mean": 14.934844017,
        "median": 8.12168312073,
        "min": -1.88781571388,
        "var": 502.744110107
    },
    "melbands_skewness": {
        "dmean": 0.571561515331,
        "dmean2": 0.936170816422,
        "dvar": 0.346667617559,
        "dvar2": 0.899676501751,
        "max": 17.7861366272,
        "mean": 2.43745732307,
        "median": 2.16946434975,
        "min": -1.5786036253,
        "var": 2.23860120773
    },
    "melbands_spread": {
        "dmean": 1.3669719696,
        "dmean2": 2.25860714912,
        "dvar": 8.04443359375,
        "dvar2": 20.3603591919,
        "max": 158.970489502,
        "mean": 5.71496629715,
        "median": 3.60868835449,
        "min": 0.281431138515,
        "var": 60.6781959534
    },
    "pitch_salience": {
        "dmean": 0.0795859843493,
        "dmean2": 0.133546054363,
        "dvar": 0.00482759531587,
        "dvar2": 0.0131680974737,
        "max": 0.882193863392,
        "mean": 0.548792243004,
        "median": 0.559436619282,
        "min": 0.0775298699737,
        "var": 0.0188844166696
    },
    "silence_rate_20dB": {
        "dmean": 0.00951782334596,
        "dmean2": 0.0190373566002,
        "dvar": 0.00942788645625,
        "dvar2": 0.0224494822323,
        "max": 1,
        "mean": 0.991919577122,
        "median": 1,
        "min": 0,
        "var": 0.00801602285355
    },
    "silence_rate_30dB": {
        "dmean": 0.0396875292063,
        "dmean2": 0.0793821811676,
        "dvar": 0.0381156243384,
        "dvar2": 0.0802541002631,
        "max": 1,
        "mean": 0.922248184681,
        "median": 1,
        "min": 0,
        "var": 0.0717040076852
    },
    "silence_rate_60dB": {
        "dmean": 0.0102361496538,
        "dmean2": 0.0204741377383,
        "dvar": 0.0101321451366,
        "dvar2": 0.0241826754063,
        "max": 1,
        "mean": 0.100287303329,
        "median": 0,
        "min": 0,
        "var": 0.0902361571789
    },
    "spectral_centroid": {
        "dmean": 55.7234458923,
        "dmean2": 90.3446502686,
        "dvar": 13965.6621094,
        "dvar2": 27260.1035156,
        "max": 10766.0058594,
        "mean": 428.820648193,
        "median": 303.594665527,
        "min": 116.497718811,
        "var": 141944
    },
    "spectral_complexity": {
        "dmean": 1.24683487415,
        "dmean2": 2.13397979736,
        "dvar": 1.64297831059,
        "dvar2": 4.13097667694,
        "max": 33,
        "mean": 8.54650783539,
        "median": 8,
        "min": 0,
        "var": 15.6726703644
    },
    "spectral_decrease": {
        "dmean": 4.28846647083e-09,
        "dmean2": 6.75395783745e-09,
        "dvar": 1.28571144299e-16,
        "dvar2": 2.58547807424e-16,
        "max": -2.37325197032e-28,
        "mean": -1.1269495559e-08,
        "median": -7.65009922077e-09,
        "min": -1.89512746829e-07,
        "var": 2.44149994326e-16
    },
    "spectral_energy": {
        "dmean": 0.0163932014257,
        "dmean2": 0.0258166268468,
        "dvar": 0.00186890689656,
        "dvar2": 0.00376006308943,
        "max": 0.723003029823,
        "mean": 0.0433146804571,
        "median": 0.0294947437942,
        "min": 1.07961052845e-20,
        "var": 0.00356169533916
    },
    "spectral_energyband_high": {
        "dmean": 7.81771814218e-06,
        "dmean2": 1.23612717289e-05,
        "dvar": 4.92787477491e-10,
        "dvar2": 1.21312537793e-09,
        "max": 0.001331772306,
        "mean": 3.62319515261e-05,
        "median": 2.70939654001e-06,
        "min": 7.62404454213e-21,
        "var": 6.15957107541e-09
    },
    "spectral_energyband_low": {
        "dmean": 0.0142253208905,
        "dmean2": 0.0223905015737,
        "dvar": 0.00176470458973,
        "dvar2": 0.00351968430914,
        "max": 0.685367822647,
        "mean": 0.028430916369,
        "median": 0.0139887714759,
        "min": 5.47819848683e-23,
        "var": 0.0029819062911
    },
    "spectral_energyband_middle_high": {
        "dmean": 0.000308739545289,
        "dmean2": 0.000475537963212,
        "dvar": 2.34507751884e-06,
        "dvar2": 5.70454949411e-06,
        "max": 0.0890643298626,
        "mean": 0.000883205852006,
        "median": 0.000251631892752,
        "min": 1.82903810213e-21,
        "var": 6.1378054852e-06
    },
    "spectral_energyband_middle_low": {
        "dmean": 0.00541980471462,
        "dmean2": 0.00910324789584,
        "dvar": 9.60694160312e-05,
        "dvar2": 0.000258246378507,
        "max": 0.229384213686,
        "mean": 0.0176196955144,
        "median": 0.0130052091554,
        "min": 4.78447344947e-22,
        "var": 0.00032420118805
    },
    "spectral_entropy": {
        "dmean": 0.146072775126,
        "dmean2": 0.242283284664,
        "dvar": 0.0289737209678,
        "dvar2": 0.0720788016915,
        "max": 9.80103683472,
        "mean": 6.10379171371,
        "median": 5.87669467926,
        "min": 4.09033298492,
        "var": 0.782583475113
    },
    "spectral_flux": {
        "dmean": 0.0261800512671,
        "dmean2": 0.0433986671269,
        "dvar": 0.00275112362579,
        "dvar2": 0.0072006508708,
        "max": 0.682342410088,
        "mean": 0.0714772865176,
        "median": 0.0572853237391,
        "min": 1.03904308768e-10,
        "var": 0.00407889997587
    },
    "spectral_kurtosis": {
        "dmean": 18.8799514771,
        "dmean2": 32.4406242371,
        "dvar": 939.314453125,
        "dvar2": 2681.44946289,
        "max": 721.834106445,
        "mean": 58.5287475586,
        "median": 25.6458129883,
        "min": -1.20437324047,
        "var": 6461.15429688
    },
    "spectral_rms": {
        "dmean": 0.000953477283474,
        "dmean2": 0.00150363473222,
        "dvar": 2.68022904493e-06,
        "dvar2": 5.34083483217e-06,
        "max": 0.0265587810427,
        "mean": 0.0056090648286,
        "median": 0.00536426715553,
        "min": 3.24542541279e-12,
        "var": 1.07966261567e-05
    },
    "spectral_rolloff": {
        "dmean": 87.6426010132,
        "dmean2": 151.108154297,
        "dvar": 93848.265625,
        "dvar2": 248730.140625,
        "max": 19315.2832031,
        "mean": 454.304412842,
        "median": 301.46484375,
        "min": 43.06640625,
        "var": 1161895.875
    },
    "spectral_skewness": {
        "dmean": 0.902442991734,
        "dmean2": 1.55482566357,
        "dvar": 1.1530777216,
        "dvar2": 3.22129845619,
        "max": 23.6167869568,
        "mean": 4.78963088989,
        "median": 3.83795762062,
        "min": 0.0491113848984,
        "var": 13.3085708618
    },
    "spectral_spread": {
        "dmean": 258382.6875,
        "dmean2": 448173.46875,
        "dvar": 144562667520,
        "dvar2": 255746555904,
        "max": 40089752,
        "mean": 1989084.25,
        "median": 1709468.5,
        "min": 141227.984375,
        "var": 2.02573899366e+12
    },
    "spectral_strongpeak": {
        "dmean": 0.249510422349,
        "dmean2": 0.419101506472,
        "dvar": 0.158900350332,
        "dvar2": 0.376051187515,
        "max": 11.7648878098,
        "mean": 0.694120645523,
        "median": 0.584525287151,
        "min": 0,
        "var": 0.382231265306
    },
    "zerocrossingrate": {
        "dmean": 0.00240734010004,
        "dmean2": 0.00321052805521,
        "dvar": 2.23232982535e-05,
        "dvar2": 3.79913035431e-05,
        "max": 0.484375,
        "mean": 0.017173839733,
        "median": 0.01171875,
        "min": 0.00146484375,
        "var": 0.000704325095285
    },
    "barkbands": {
        "dmean": [0.000313267984893, 0.00603546621278, 0.00840187352151, 0.00278871203773, 0.00278964592144, 0.00109530321788, 0.000553520454559, 0.00038810557453, 0.000282617722405, 0.000205318967346, 0.000112606117909, 5.70689298911e-05, 2.86805516225e-05, 1.1312488823e-05, 1.67271100509e-05, 1.65616093e-05, 1.60216550285e-05, 5.66527660339e-06, 1.15683114927e-05, 5.51984294361e-06, 5.09641768076e-06, 2.26182237384e-06, 6.22645529802e-07, 1.38410683803e-07, 2.98382261121e-08, 8.3825879571e-09, 2.31034036347e-09],
        "dmean2": [0.000558111234568, 0.00923836044967, 0.0134478257969, 0.00475602876395, 0.00487104896456, 0.00176648399793, 0.000864330620971, 0.000616819714196, 0.000420792610385, 0.000314382632496, 0.000179674796527, 9.26482825889e-05, 4.81523784401e-05, 1.80873375939e-05, 2.62399225903e-05, 2.76795035461e-05, 2.61814020632e-05, 9.4915903901e-06, 1.93846917682e-05, 9.10875951377e-06, 8.35491573525e-06, 3.77489300263e-06, 1.04797425138e-06, 2.31056404232e-07, 4.85211195667e-08, 1.42007010595e-08, 4.19674561769e-09],
        "dvar": [2.03289019396e-07, 0.000442955992185, 0.000751168874558, 4.6115306759e-05, 3.10866525979e-05, 3.32313788931e-06, 9.52652783326e-07, 9.09154152851e-07, 1.23777124372e-06, 4.64398823397e-07, 1.12182374323e-06, 7.04061221768e-07, 9.19327121096e-08, 1.40244493796e-09, 8.15880341065e-09, 3.74153952265e-09, 2.47290432576e-09, 2.68609079423e-10, 1.00203356723e-09, 2.46792697389e-10, 1.89579477117e-10, 3.87607029806e-11, 3.65257607146e-12, 2.55433640819e-13, 1.26390512504e-14, 2.64446121353e-15, 1.07076478887e-16],
        "dvar2": [5.65238167383e-07, 0.000837467552628, 0.00162820017431, 0.000129106803797, 9.15885975701e-05, 8.34336879052e-06, 2.31005833484e-06, 1.95154211724e-06, 2.4322707759e-06, 9.97387132884e-07, 2.64483423962e-06, 1.91872481992e-06, 2.36417321275e-07, 2.87463541859e-09, 1.90339992656e-08, 9.37356325892e-09, 6.20352080816e-09, 7.00688174149e-10, 2.7430935301e-09, 6.61025401083e-10, 4.88834639434e-10, 1.06841813174e-10, 1.02086880616e-11, 6.82809169449e-13, 3.23979836285e-14, 6.39573360296e-15, 3.02636560543e-16],
        "max": [0.0127268470824, 0.577760457993, 0.495114266872, 0.131738901138, 0.163817331195, 0.0672564208508, 0.034441202879, 0.0499320924282, 0.0631611794233, 0.0259221419692, 0.0864610299468, 0.0636648982763, 0.0284258630127, 0.00178538227919, 0.00493765156716, 0.00404373835772, 0.00191213213839, 0.000777448702138, 0.00102766323835, 0.000709883344825, 0.000618224265054, 0.000228171891649, 5.20480207342e-05, 2.41754405579e-05, 4.7719563554e-06, 1.70067301042e-06, 3.86677953657e-07],
        "mean": [0.000325502973283, 0.00999246258289, 0.014537862502, 0.00585795892403, 0.00583383860067, 0.00259107560851, 0.00159665872343, 0.00090707174968, 0.000659497978631, 0.000437462207628, 0.000215567022678, 9.87631938187e-05, 4.68995422125e-05, 2.48983560596e-05, 3.56900345651e-05, 3.59156620107e-05, 3.3656036976e-05, 1.31079568746e-05, 2.88458286377e-05, 1.56931600941e-05, 1.59191222338e-05, 8.03358580015e-06, 1.85258136298e-06, 4.34484604739e-07, 1.08078218375e-07, 1.96110363504e-08, 3.37734240574e-09],
        "median": [0.000181054783752, 0.00263149221428, 0.00440917629749, 0.00158584024757, 0.00327047146857, 0.00156314554624, 0.000824375310913, 0.000393354159314, 0.000210330879781, 0.000125897888211, 3.7576755858e-05, 1.61673251569e-05, 8.2792230387e-06, 4.12782446801e-06, 4.37504240836e-06, 4.19468960899e-06, 3.26946792484e-06, 1.21554182897e-06, 1.71156989381e-06, 1.20177264762e-06, 1.12864768198e-06, 4.96704103625e-07, 9.75272484993e-08, 2.2461811966e-08, 5.79032199965e-09, 3.25137805568e-09, 2.35215824596e-09],
        "min": [3.22413699742e-23, 1.89742978039e-23, 9.87284745319e-24, 2.72312354791e-23, 1.05092788167e-22, 3.29751557665e-23, 6.52874285589e-23, 5.99977249143e-23, 1.12056833306e-22, 1.42714429329e-22, 7.90685698267e-23, 1.31628182064e-22, 9.25024355914e-23, 1.05177145797e-22, 1.34816177241e-22, 1.32644323262e-22, 2.76532602861e-22, 1.26095124296e-22, 3.00205775891e-22, 5.23978124477e-22, 5.50883102863e-22, 6.05080649086e-22, 8.29198127474e-22, 9.12244910224e-22, 1.21652297543e-21, 1.46679347737e-21, 2.08476090772e-21],
        "var": [2.25569223744e-07, 0.000768963072915, 0.00115418923087, 0.000102274840174, 6.67047061143e-05, 1.21706352729e-05, 5.33517868462e-06, 3.22661549035e-06, 3.55790348294e-06, 1.21569917155e-06, 2.91011065201e-06, 9.227959481e-07, 1.22544179249e-07, 5.17347054085e-09, 2.40077433489e-08, 1.45375542715e-08, 7.29672322564e-09, 8.59109283713e-10, 4.31320534844e-09, 1.24876309293e-09, 1.19403920085e-09, 3.3478050887e-10, 1.98773324189e-11, 1.47758248779e-12, 1.18013536226e-13, 4.68818887317e-15, 7.52401235247e-17]
    },
    "erbbands": {
        "dmean": [0.0987149849534, 1.70112121105, 8.68854141235, 10.0516729355, 7.88141536713, 10.6882991791, 10.5284576416, 7.32843589783, 6.00784492493, 11.1205873489, 7.13891077042, 7.34700584412, 5.66610336304, 5.41992712021, 3.23471832275, 2.40484404564, 1.43417727947, 0.551777362823, 0.715336740017, 0.968551635742, 0.773110866547, 0.845297157764, 0.375023424625, 0.677053630352, 0.361005604267, 0.224190294743, 0.273085057735, 0.140348911285, 0.0905597507954, 0.0402270145714, 0.0123411351815, 0.00404552556574, 0.00160418846644, 0.000478404166643, 0.000162303622346, 5.40696164535e-05, 1.44222995004e-05, 3.2018397178e-06, 7.32587704988e-06, 1.78056689037e-05],
        "dmean2": [0.157168999314, 2.60127687454, 13.7637767792, 16.7654571533, 13.7339639664, 18.731420517, 16.9302520752, 12.0198860168, 9.15481376648, 18.0316028595, 10.7857866287, 10.8419427872, 8.85629844666, 8.27330780029, 5.01506853104, 3.86144065857, 2.3863196373, 0.879760563374, 1.14792191982, 1.51131427288, 1.30423378944, 1.42096960545, 0.61485683918, 1.13728260994, 0.597060263157, 0.364909231663, 0.450416266918, 0.228674918413, 0.151485621929, 0.0669800564647, 0.0207499805838, 0.00681776367128, 0.00265730870888, 0.000780685979407, 0.000263659982011, 8.79241051734e-05, 2.34772505792e-05, 5.48830485059e-06, 1.15112188723e-05, 2.80361382465e-05],
        "dvar": [0.073039226234, 36.341545105, 842.143066406, 658.890869141, 275.732971191, 496.974365234, 413.102508545, 142.189575195, 115.931098938, 493.848693848, 538.61505127, 910.249511719, 365.542816162, 494.964050293, 935.279785156, 1695.47631836, 212.601867676, 4.69893503189, 13.8905544281, 41.097076416, 4.57110691071, 6.18485403061, 1.33587169647, 3.31007003784, 1.17800188065, 0.449882239103, 0.564717292786, 0.143910706043, 0.0617147125304, 0.0129726342857, 0.00161644909531, 0.000189924627193, 3.77534270228e-05, 3.33676962327e-06, 3.78470559781e-07, 5.59239197173e-08, 6.6947225541e-09, 6.45935693822e-10, 3.66700114718e-10, 2.19158646786e-09],
        "dvar2": [0.159803032875, 68.3854980469, 1733.14172363, 1670.35668945, 834.123413086, 1416.70214844, 934.932556152, 393.214294434, 303.375518799, 1199.44116211, 1069.81506348, 1757.16650391, 807.044372559, 1108.98156738, 2113.80908203, 4581.17041016, 535.197570801, 9.78409385681, 35.4739570618, 85.6576156616, 12.3319482803, 16.7203426361, 3.27820253372, 9.14900684357, 3.03707575798, 1.13873887062, 1.50114190578, 0.366523355246, 0.170665055513, 0.0351286418736, 0.00456169946119, 0.000509927864186, 0.000103713900899, 8.63983314048e-06, 9.85511178442e-07, 1.35602846285e-07, 1.64401612324e-08, 1.64690505677e-09, 7.3707040471e-10, 4.41069269996e-09],
        "max": [8.8248128891, 150.186767578, 532.906311035, 486.725402832, 426.741149902, 549.205505371, 839.481933594, 247.705169678, 293.08026123, 746.298461914, 1369.10974121, 1706.92834473, 947.717590332, 1087.68444824, 2509.96630859, 3152.92114258, 1356.96508789, 106.395187378, 251.67616272, 489.822479248, 104.050590515, 71.9461898804, 47.3331260681, 47.1310462952, 45.297077179, 37.1816215515, 31.9296836853, 15.1491012573, 8.78758621216, 3.40523123741, 1.3809607029, 0.610250294209, 0.24596580863, 0.0688798502088, 0.0265369098634, 0.00739260297269, 0.00269202818163, 0.000851625984069, 0.000322549691191, 0.000783717434388],
        "mean": [0.164977103472, 2.81672406197, 15.1356172562, 19.9991493225, 17.9076690674, 19.709236145, 22.9660282135, 17.4023170471, 19.5066394806, 26.9555301666, 19.6281223297, 17.6359481812, 12.7052345276, 11.2828302383, 7.19293260574, 4.47155189514, 2.47801113129, 1.33341228962, 1.50752556324, 2.35783362389, 1.76932418346, 1.73517537117, 0.95131611824, 1.50742864609, 0.984131455421, 0.694067358971, 0.831999838352, 0.475345402956, 0.317280590534, 0.135154128075, 0.0411319509149, 0.014303416945, 0.00500543415546, 0.00173660356086, 0.000551191624254, 0.000162914991961, 3.55164011125e-05, 5.78383514949e-06, 2.00805698114e-05, 4.74180196761e-05],
        "median": [0.0671598389745, 0.739786326885, 4.98694705963, 8.63815784454, 8.61427402496, 10.7063045502, 11.7620735168, 11.1021461487, 11.1378936768, 11.9310045242, 8.20553207397, 5.99110746384, 4.74935293198, 2.91970443726, 1.44944703579, 0.752722859383, 0.464452922344, 0.261806964874, 0.230125397444, 0.254723668098, 0.226434707642, 0.172150969505, 0.0925602167845, 0.097654864192, 0.0617831721902, 0.056068636477, 0.0625181570649, 0.0326392389834, 0.0200168620795, 0.00781314447522, 0.00233752094209, 0.000758850132115, 0.000273594283499, 0.000110797947855, 5.5113392591e-05, 3.3691583667e-05, 1.56121805048e-05, 2.78869470094e-06, 1.39373496495e-05, 3.24159118463e-05],
        "min": [1.18751672403e-21, 2.21935203872e-21, 1.23533422579e-20, 4.2134199028e-20, 2.5708181487e-19, 4.30966449965e-19, 1.14710731937e-19, 2.80390058472e-19, 7.62413042674e-19, 1.49744620028e-18, 1.29401012421e-18, 2.77000556665e-18, 4.90975575482e-18, 2.72084063938e-18, 4.2651620276e-18, 5.75958085023e-18, 5.20725167571e-18, 4.44478181607e-18, 5.5538391116e-18, 8.25986990929e-18, 7.89250411001e-18, 1.66246991121e-17, 8.22368985648e-18, 1.04127819886e-17, 2.22088961658e-17, 2.14519961268e-17, 2.24638778984e-17, 2.00269062065e-17, 1.79483138237e-17, 2.64663633458e-17, 2.17947516485e-17, 2.10195245959e-17, 1.49683559623e-17, 1.21704580722e-17, 9.38047630054e-18, 5.21963870539e-18, 3.10763670446e-18, 1.15212042162e-18, 2.92972561263e-19, 2.6800361041e-20],
        "var": [0.149379402399, 61.5464401245, 1318.9810791, 1083.54296875, 662.240234375, 863.667114258, 1660.34887695, 392.739318848, 608.768676758, 2265.98510742, 2073.86328125, 2683.21069336, 963.286560059, 1170.14611816, 2672.85229492, 2321.5949707, 305.026885986, 16.8025474548, 28.9579334259, 169.33454895, 17.0671977997, 16.2558670044, 5.01748657227, 11.5199165344, 5.39296150208, 2.53973889351, 3.34757709503, 1.06134462357, 0.506769120693, 0.0973628014326, 0.00965259689838, 0.0013991582673, 0.000206562690437, 2.88469946099e-05, 2.93540006169e-06, 1.89225360714e-07, 9.94657067821e-09, 6.43168185377e-10, 7.13995251811e-10, 4.19715506794e-09]
    },
    "gfcc": {
        "mean": [-155.597183228, 213.625854492, -80.9048995972, 23.5626487732, -46.0968971252, -19.0392112732, -8.96482658386, -11.3056182861, -4.26122617722, -13.9563350677, -9.96592140198, -9.73581790924, -0.316338926554],
        "cov": [[11785.5722656, 302.747131348, -2970.97290039, 1297.70581055, -653.334716797, -7.73494100571, 475.588928223, -77.2149734497, 156.001556396, -253.319793701, 38.0791320801, -282.54876709, 80.6944274902], [302.747131348, 1867.53881836, 942.89654541, -943.360961914, 415.328308105, -281.7315979, -20.923166275, -172.193389893, 49.0852394104, -44.8262214661, 30.8466339111, -88.8133239746, 26.8951778412], [-2970.97290039, 942.89654541, 1940.82336426, -736.266296387, 404.416229248, -123.437744141, -126.085342407, -70.0297012329, -35.5101165771, 49.7487602234, -7.03232908249, -22.0541152954, -43.2055053711], [1297.70581055, -943.360961914, -736.266296387, 1046.48852539, -295.414123535, 79.5531692505, 166.204772949, 42.2377281189, 74.7844924927, -7.35892868042, 14.2962350845, 40.3021469116, 6.43690443039], [-653.334716797, 415.328308105, 404.416229248, -295.414123535, 352.336303711, -17.2776260376, -55.0777587891, -37.2241821289, -5.29315662384, 14.8578624725, 5.40195941925, -4.14874362946, 9.08440685272], [-7.73494100571, -281.7315979, -123.437744141, 79.5531692505, -17.2776260376, 171.55027771, 17.5111522675, 40.655872345, -40.4712638855, 2.23862481117, -1.18813049793, 11.3070793152, -1.46769988537], [475.588928223, -20.923166275, -126.085342407, 166.204772949, -55.0777587891, 17.5111522675, 173.226760864, 0.640266418457, 29.8386802673, -23.8417778015, 3.93172001839, 0.513231575489, -1.5391638279], [-77.2149734497, -172.193389893, -70.0297012329, 42.2377281189, -37.2241821289, 40.655872345, 0.640266418457, 121.894256592, 31.9396076202, 25.3303375244, -5.20968818665, 6.09471082687, 4.60819768906], [156.001556396, 49.0852394104, -35.5101165771, 74.7844924927, -5.29315662384, -40.4712638855, 29.8386802673, 31.9396076202, 110.107902527, 31.1502170563, 7.14078140259, -9.45601940155, 3.4376308918], [-253.319793701, -44.8262214661, 49.7487602234, -7.35892868042, 14.8578624725, 2.23862481117, -23.8417778015, 25.3303375244, 31.1502170563, 80.729927063, 18.7530460358, 10.5496883392, 4.85146903992], [38.0791320801, 30.8466339111, -7.03232908249, 14.2962350845, 5.40195941925, -1.18813049793, 3.93172001839, -5.20968818665, 7.14078140259, 18.7530460358, 49.8241767883, 25.6364650726, 9.70929908752], [-282.54876709, -88.8133239746, -22.0541152954, 40.3021469116, -4.14874362946, 11.3070793152, 0.513231575489, 6.09471082687, -9.45601940155, 10.5496883392, 25.6364650726, 73.6030807495, 24.5908794403], [80.6944274902, 26.8951778412, -43.2055053711, 6.43690443039, 9.08440685272, -1.46769988537, -1.5391638279, 4.60819768906, 3.4376308918, 4.85146903992, 9.70929908752, 24.5908794403, 43.9056282043]],
        "icov": [[0.00048502793652, -0.00125826254953, 0.000815268838778, -0.00111137132626, 0.000505179574247, -0.000660993857309, 0.00021445848688, -0.000551586854272, 0.00097647914663, -0.000154421359184, -0.000197940476937, 0.00163703947328, -0.000149170678924], [-0.00125826254953, 0.00666808756068, -0.00264132977463, 0.00544744776562, -0.00247640605085, 0.00428372900933, -0.00270001613535, 0.00370317744091, -0.00523315370083, 0.00342156668194, -0.00381609471515, -0.000123340258142, -0.00405304459855], [0.000815268838778, -0.00264132977463, 0.00232215016149, -0.00188154261559, 0.000350965972757, -0.00100973981898, 0.000560751999728, -0.00123411125969, 0.00233804248273, -0.00136268080678, 0.000647035310976, 0.00167410355061, 0.00161017850041], [-0.00111137132626, 0.00544744776562, -0.00188154261559, 0.00625929888338, -0.0011426723795, 0.00270839431323, -0.00294899567962, 0.0035218638368, -0.00563745945692, 0.0025782736484, -0.00254007894546, -0.00181879219599, -0.00247270707041], [0.000505179574247, -0.00247640605085, 0.000350965972757, -0.0011426723795, 0.00549685396254, -0.00284398626536, 0.00147240853403, 0.000215610198211, 0.000316313904477, -0.00105558370706, 0.00100457563531, 0.000393966241973, -0.000452968670288], [-0.000660993857309, 0.00428372900933, -0.00100973981898, 0.00270839431323, -0.00284398626536, 0.0118055036291, -0.0034250409808, -0.00159080571029, 0.00264942785725, 0.000538607186172, -0.00310226692818, 0.0010121348314, -0.00191775988787], [0.00021445848688, -0.00270001613535, 0.000560751999728, -0.00294899567962, 0.00147240853403, -0.0034250409808, 0.00934254843742, -0.000769024249166, -0.00120517751202, 0.00160786008928, 0.00133540388197, -0.0018628075486, 0.00289774080738], [-0.000551586854272, 0.00370317744091, -0.00123411125969, 0.0035218638368, 0.000215610198211, -0.00159080571029, -0.000769024249166, 0.0140951983631, -0.00815723463893, 7.59061294957e-05, 0.000759629416279, -0.000980456126854, -0.00357813900337], [0.00097647914663, -0.00523315370083, 0.00233804248273, -0.00563745945692, 0.000316313904477, 0.00264942785725, -0.00120517751202, -0.00815723463893, 0.0210183486342, -0.00884830299765, 0.00141703418922, 0.00433396082371, 0.00196658424102], [-0.000154421359184, 0.00342156668194, -0.00136268080678, 0.0025782736484, -0.00105558370706, 0.000538607186172, 0.00160786008928, 7.59061294957e-05, -0.00884830299765, 0.0211928710341, -0.00998542550951, 0.00216194754466, -0.00389793631621], [-0.000197940476937, -0.00381609471515, 0.000647035310976, -0.00254007894546, 0.00100457563531, -0.00310226692818, 0.00133540388197, 0.000759629416279, 0.00141703418922, -0.00998542550951, 0.0335084535182, -0.0152019066736, 0.00546276336536], [0.00163703947328, -0.000123340258142, 0.00167410355061, -0.00181879219599, 0.000393966241973, 0.0010121348314, -0.0018628075486, -0.000980456126854, 0.00433396082371, 0.00216194754466, -0.0152019066736, 0.0321525409818, -0.0162538122386], [-0.000149170678924, -0.00405304459855, 0.00161017850041, -0.00247270707041, -0.000452968670288, -0.00191775988787, 0.00289774080738, -0.00357813900337, 0.00196658424102, -0.00389793631621, 0.00546276336536, -0.0162538122386, 0.0361590348184]]
    },
    "melbands": {
        "dmean": [0.00124253251124, 0.00372108491138, 0.00161408144049, 0.000678383745253, 0.000365745276213, 0.000172926680534, 9.60135294008e-05, 0.000113055852125, 5.80769483349e-05, 4.12089357269e-05, 2.87067687168e-05, 2.27946748055e-05, 1.4039402231e-05, 6.97645828041e-06, 4.45617706646e-06, 2.06625691135e-06, 1.03332024537e-06, 1.19057074244e-06, 1.12400527996e-06, 1.4325948996e-06, 8.82566098426e-07, 9.87900307337e-07, 6.21573008175e-07, 2.85530774136e-07, 6.57020905237e-07, 3.42220999983e-07, 2.00287658458e-07, 1.71937855953e-07, 2.23772261165e-07, 1.758581476e-07, 7.59142011475e-08, 6.61695409576e-08, 4.39750245107e-08, 2.0070142881e-08, 8.81399131458e-09, 4.32835456365e-09, 2.46037346052e-09, 1.57257051825e-09, 6.02495109359e-10, 4.18457601903e-10],
        "dmean2": [0.00191443006042, 0.00583203276619, 0.00268789054826, 0.00119676149916, 0.000595763383899, 0.000281613029074, 0.000147505576024, 0.000183332493179, 8.63307286636e-05, 6.11259092693e-05, 4.51321902801e-05, 3.47743516613e-05, 2.19121011469e-05, 1.13710229925e-05, 7.30472675059e-06, 3.40848237101e-06, 1.65197275237e-06, 1.93262690118e-06, 1.77636411536e-06, 2.30772070609e-06, 1.49426728058e-06, 1.67339180734e-06, 1.0103257182e-06, 4.79925233776e-07, 1.10796213448e-06, 5.66432447613e-07, 3.39637068691e-07, 2.83028214199e-07, 3.75852835077e-07, 2.85152623292e-07, 1.29013145056e-07, 1.11977982442e-07, 7.42679375776e-08, 3.37391625749e-08, 1.48024197344e-08, 7.3059727157e-09, 4.15727718917e-09, 2.6212980675e-09, 9.84241799173e-10, 6.92268964375e-10],
        "dvar": [1.59220217029e-05, 0.000149352665176, 1.53705168486e-05, 1.96408973352e-06, 4.77433900414e-07, 7.72626833623e-08, 2.71393734153e-08, 4.74895323066e-08, 3.65368535427e-08, 2.66368544999e-08, 9.15565401272e-09, 8.28495494432e-09, 2.27371952377e-08, 1.01966399768e-08, 2.54014764778e-09, 3.01740354924e-10, 1.80103883196e-11, 2.96471111549e-11, 3.51133219723e-11, 5.73019999506e-11, 5.49684516654e-12, 8.1654006473e-12, 6.36864606191e-12, 8.40905090786e-13, 3.16735136383e-12, 9.88137740035e-13, 3.32219413654e-13, 2.78557287913e-13, 4.1452228477e-13, 2.64941145195e-13, 4.16540073104e-14, 3.43790988245e-14, 1.68834926915e-14, 3.57948373158e-15, 8.37832898898e-16, 2.29306853657e-16, 8.12423313378e-17, 3.88717117606e-17, 4.75444680455e-18, 2.73790951132e-18],
        "dvar2": [3.14060307574e-05, 0.000296450132737, 3.8815287553e-05, 5.84499912293e-06, 1.17536728794e-06, 2.09935720363e-07, 6.91753356818e-08, 1.17433827995e-07, 7.32982528007e-08, 5.14177429523e-08, 2.03410337463e-08, 1.82877109012e-08, 5.22774925571e-08, 2.82618675129e-08, 6.6435359436e-09, 7.33849703227e-10, 3.55431101218e-11, 7.46118028472e-11, 7.90105827986e-11, 1.24899354748e-10, 1.53944790943e-11, 2.24937568571e-11, 1.4596344966e-11, 2.15143809885e-12, 8.79554935829e-12, 2.58016221236e-12, 8.97592818214e-13, 7.26372412739e-13, 1.13646787293e-12, 6.63571519781e-13, 1.19806887935e-13, 9.54843775119e-14, 4.73744104384e-14, 9.73989125301e-15, 2.33974005196e-15, 6.4282547977e-16, 2.1881328011e-16, 1.07502887184e-16, 1.25674683703e-17, 7.32792025471e-18],
        "max": [0.12798717618, 0.217515572906, 0.0712509527802, 0.044528324157, 0.0240361299366, 0.00701721385121, 0.00512372562662, 0.00714425602928, 0.0103511149064, 0.00923006795347, 0.00471836328506, 0.00370959518477, 0.0124431168661, 0.00755192479119, 0.00314705912024, 0.00163737579715, 0.000234549675952, 0.000374426570488, 0.000359263038263, 0.000595062505454, 9.06602945179e-05, 8.27520198072e-05, 0.000132915040012, 5.02824768773e-05, 4.53307657153e-05, 3.67425200238e-05, 2.03384624911e-05, 2.82265864371e-05, 1.99646983674e-05, 2.2387748686e-05, 4.9591944844e-06, 6.45266891297e-06, 3.29974272972e-06, 1.77025174253e-06, 1.05527783489e-06, 6.45393640752e-07, 4.81617746573e-07, 2.50695762816e-07, 7.06532432559e-08, 5.73400313897e-08],
        "mean": [0.00210541719571, 0.00661829439923, 0.00343336048536, 0.00137680163607, 0.000799199275207, 0.000416919356212, 0.000306440837448, 0.000272308941931, 0.000157387999934, 9.6001647762e-05, 6.11398427282e-05, 4.65953780804e-05, 2.97891201626e-05, 1.19440046547e-05, 7.78814955993e-06, 3.77706305699e-06, 2.30889804698e-06, 2.28794965551e-06, 2.35652714764e-06, 3.32723880092e-06, 1.81381028597e-06, 1.88015917502e-06, 1.27829639496e-06, 6.63227297082e-07, 1.34436766075e-06, 8.21457433631e-07, 5.10414622568e-07, 4.53100255982e-07, 5.62450225061e-07, 4.44990462256e-07, 2.15716823959e-07, 1.96426910293e-07, 1.22897219512e-07, 5.5197947546e-08, 2.46206717236e-08, 1.26888988206e-08, 6.95430601994e-09, 3.98356325704e-09, 1.8479010544e-09, 1.24052979e-09],
        "median": [0.000669669127092, 0.00241770083085, 0.00169586739503, 0.000756013439968, 0.000461766292574, 0.000268213974778, 0.000176771514816, 0.000122218043543, 6.31155853625e-05, 3.22745945596e-05, 2.06835466088e-05, 1.11736080726e-05, 5.1758470363e-06, 2.21473601414e-06, 1.33649825784e-06, 7.55487235438e-07, 3.89711516391e-07, 3.30780693503e-07, 2.92614430464e-07, 3.44227089499e-07, 2.10088828112e-07, 1.84972407169e-07, 1.05818138252e-07, 5.76924890083e-08, 7.84706486456e-08, 4.86409561518e-08, 3.2768124214e-08, 3.70653268078e-08, 3.94714483321e-08, 3.20622532968e-08, 1.33178357231e-08, 1.2282544759e-08, 7.07226277541e-09, 2.95318569599e-09, 1.36529754169e-09, 6.94248214472e-10, 3.19886561684e-10, 1.82757822764e-10, 8.95974197612e-11, 6.152350851e-11],
        "min": [9.6573748301e-24, 4.92258316201e-24, 1.24526332391e-23, 2.96319285403e-23, 5.40057567816e-24, 7.21933078275e-24, 1.18828500513e-23, 1.57843699174e-23, 1.06761311023e-23, 1.73625855548e-23, 2.44608695759e-23, 1.052030583e-23, 1.15440548029e-23, 1.50169565625e-23, 1.20313152514e-23, 1.08276413055e-23, 8.08179004385e-24, 8.56936919215e-24, 1.16566063214e-23, 1.01628374551e-23, 8.19511622377e-24, 1.6997448663e-23, 1.32812385345e-23, 4.30477412232e-24, 7.56801913577e-24, 1.66448941027e-23, 1.84505257173e-23, 1.24653630876e-23, 1.54935673887e-23, 1.10260508672e-23, 1.16112752184e-23, 9.39539491233e-24, 1.37629958893e-23, 1.45141019116e-23, 1.19711772292e-23, 1.41214337742e-23, 1.17189334327e-23, 1.04350512654e-23, 9.89789536465e-24, 1.05438627944e-23],
        "var": [2.91623673547e-05, 0.000241393761826, 2.62921530521e-05, 3.82081361749e-06, 1.55573968641e-06, 2.32971515857e-07, 1.50779470687e-07, 2.09317192912e-07, 1.39782770248e-07, 7.71124177845e-08, 2.35664074921e-08, 1.92210620753e-08, 6.2463684003e-08, 1.22327961094e-08, 3.77132636231e-09, 4.74005501516e-10, 6.53348347646e-11, 6.49525433438e-11, 1.0618401991e-10, 2.80000606034e-10, 1.44869663141e-11, 1.86516219136e-11, 1.73325815506e-11, 2.5978906526e-12, 9.57996182382e-12, 3.88963947856e-12, 1.334347563e-12, 1.1897826474e-12, 1.6147726602e-12, 1.09673457382e-12, 2.2083050178e-13, 2.00811955497e-13, 8.71814420786e-14, 1.7048428641e-14, 3.60753661576e-15, 1.07360017872e-15, 3.81362979035e-16, 1.44740129759e-16, 3.06470582387e-17, 1.68298746456e-17]
    },
    "mfcc": {
        "mean": [-793.037414551, 220.652984619, 34.65990448, 40.1543731689, -5.04232120514, 2.21960091591, -3.82451367378, 3.14249229431, 6.50952243805, -1.74118494987, -3.32073521614, -1.19349372387, -0.291098028421],
        "cov": [[8999.83203125, -119.843093872, -2395.44116211, 1030.13366699, -1047.85229492, 237.400863647, -164.532119751, 306.084503174, 51.8173713684, 52.9703178406, -16.2797470093, 3.3325111866, -19.5312194824], [-119.843093872, 2431.89916992, 864.235961914, -501.014984131, 329.428955078, -151.584609985, -6.69067716599, -188.186340332, -17.2786426544, -5.27895689011, -30.4193248749, -45.5866241455, -47.6045951843], [-2395.44116211, 864.235961914, 1356.35998535, -271.431732178, 351.847259521, -87.2270050049, 36.3742141724, -119.62752533, -18.2843360901, -12.5995931625, 5.49746227264, 3.84233903885, -11.1619405746], [1030.13366699, -501.014984131, -271.431732178, 609.046264648, -156.298629761, 84.5833129883, -5.90861272812, 75.3838729858, 47.9804534912, 4.8391122818, 37.995475769, 37.8291053772, 38.2801818848], [-1047.85229492, 329.428955078, 351.847259521, -156.298629761, 346.220214844, -9.00671482086, 9.80782413483, -72.2437210083, -16.7264728546, 8.84389972687, -2.8608148098, -8.97968101501, -4.83467292786], [237.400863647, -151.584609985, -87.2270050049, 84.5833129883, -9.00671482086, 132.73097229, 47.5932807922, 31.3136672974, -5.55306529999, -10.8004083633, -0.488432765007, 3.11845707893, 1.02860474586], [-164.532119751, -6.69067716599, 36.3742141724, -5.90861272812, 9.80782413483, 47.5932807922, 108.529380798, 31.6010093689, 6.97270202637, -22.7870521545, -7.45037889481, 6.03166866302, 5.90066194534], [306.084503174, -188.186340332, -119.62752533, 75.3838729858, -72.2437210083, 31.3136672974, 31.6010093689, 102.28314209, 28.345954895, 0.307893723249, -0.369512856007, 1.10099947453, 5.58923816681], [51.8173713684, -17.2786426544, -18.2843360901, 47.9804534912, -16.7264728546, -5.55306529999, 6.97270202637, 28.345954895, 75.380859375, 35.8973236084, 18.8665008545, 10.1783447266, 6.50403928757], [52.9703178406, -5.27895689011, -12.5995931625, 4.8391122818, 8.84389972687, -10.8004083633, -22.7870521545, 0.307893723249, 35.8973236084, 73.8815155029, 34.2276802063, 5.47319698334, -2.40467572212], [-16.2797470093, -30.4193248749, 5.49746227264, 37.995475769, -2.8608148098, -0.488432765007, -7.45037889481, -0.369512856007, 18.8665008545, 34.2276802063, 55.2172546387, 23.5897293091, 5.95626211166], [3.3325111866, -45.5866241455, 3.84233903885, 37.8291053772, -8.97968101501, 3.11845707893, 6.03166866302, 1.10099947453, 10.1783447266, 5.47319698334, 23.5897293091, 49.8968734741, 25.5921764374], [-19.5312194824, -47.6045951843, -11.1619405746, 38.2801818848, -4.83467292786, 1.02860474586, 5.90066194534, 5.58923816681, 6.50403928757, -2.40467572212, 5.95626211166, 25.5921764374, 48.636554718]],
