{
"lowlevel": {
    "average_loudness": 0.186557158828,
    "barkbands_crest": {
        "dmean": 2.28691244125,
        "dmean2": 3.73671746254,
        "dvar": 5.75460004807,
        "dvar2": 15.80514431,
        "max": 25.8727302551,
        "mean": 11.1056880951,
        "median": 10.3510541916,
        "min": 2.59170007706,
        "var": 18.433681488
    },
    "barkbands_flatness_db": {
        "dmean": 0.0239293109626,
        "dmean2": 0.0361079722643,
        "dvar": 0.000913152412977,
        "dvar2": 0.00190859369468,
        "max": 0.698519587517,
        "mean": 0.260768860579,
        "median": 0.249718993902,
        "min": 0.0270925443619,
        "var": 0.0168844312429
    },
    "barkbands_kurtosis": {
        "dmean": 4.48348760605,
        "dmean2": 7.05840444565,
        "dvar": 128.754684448,
        "dvar2": 307.468383789,
        "max": 219.409179688,
        "mean": 8.40017986298,
        "median": 3.06381964684,
        "min": -1.9405528307,
        "var": 319.204986572
    },
    "barkbands_skewness": {
        "dmean": 0.613965630531,
        "dmean2": 0.934456884861,
        "dvar": 0.820357859135,
        "dvar2": 1.90134346485,
        "max": 11.008275032,
        "mean": 1.47856235504,
        "median": 1.24614012241,
        "min": -4.51675128937,
        "var": 2.87646651268
    },
    "barkbands_spread": {
        "dmean": 3.71320438385,
        "dmean2": 5.62405729294,
        "dvar": 47.3167114258,
        "dvar2": 96.9670639038,
        "max": 114.533401489,
        "mean": 13.8248987198,
        "median": 8.49076271057,
        "min": 0.212401032448,
        "var": 235.231384277
    },
    "dissonance": {
        "dmean": 0.0334487147629,
        "dmean2": 0.0564191043377,
        "dvar": 0.00141827552579,
        "dvar2": 0.00388704543002,
        "max": 0.500000119209,
        "mean": 0.406908541918,
        "median": 0.437247216702,
        "min": 0.0887915790081,
        "var": 0.00689526507631
    },
    "dynamic_complexity": 8.47235584259,
    "erbbands_crest": {
        "dmean": 2.28346991539,
        "dmean2": 3.53613853455,
        "dvar": 5.5146651268,
        "dvar2": 13.5460758209,
        "max": 30.079202652,
        "mean": 11.6193370819,
        "median": 10.5888881683,
        "min": 2.65049505234,
        "var": 27.0930557251
    },
    "erbbands_flatness_db": {
        "dmean": 0.0178712438792,
        "dmean2": 0.0265320111066,
        "dvar": 0.000469835678814,
        "dvar2": 0.00101217941847,
        "max": 0.559239983559,
        "mean": 0.261377990246,
        "median": 0.250138819218,
        "min": 0.0299441218376,
        "var": 0.0123902149498
    },
    "erbbands_kurtosis": {
        "dmean": 2.05473184586,
        "dmean2": 3.12524223328,
        "dvar": 15.174905777,
        "dvar2": 34.5164985657,
        "max": 114.965431213,
        "mean": 4.23554039001,
        "median": 1.17374539375,
        "min": -1.9023168087,
        "var": 90.4602355957
    },
    "erbbands_skewness": {
        "dmean": 0.436217606068,
        "dmean2": 0.640730917454,
        "dvar": 0.282378137112,
        "dvar2": 0.588972806931,
        "max": 8.40386581421,
        "mean": 0.631630837917,
        "median": 0.592191576958,
        "min": -5.08042860031,
        "var": 2.38131213188
    },
    "erbbands_spread": {
        "dmean": 5.75250482559,
        "dmean2": 8.78346633911,
        "dvar": 98.4889297485,
        "dvar2": 222.352905273,
        "max": 165.594512939,
        "mean": 23.3727645874,
        "median": 18.8657875061,
        "min": 1.01045632362,
        "var": 376.512390137
    },
    "hfc": {
        "dmean": 2.74173617363,
        "dmean2": 3.88373827934,
        "dvar": 58.3990211487,
        "dvar2": 105.490058899,
        "max": 330.583282471,
        "mean": 11.382973671,
        "median": 2.13462948799,
        "min": 1.06032881356e-16,
        "var": 477.138641357
    },
    "melbands_crest": {
        "dmean": 3.00483798981,
        "dmean2": 4.84542417526,
        "dvar": 12.8089799881,
        "dvar2": 32.7803115845,
        "max": 39.7738456726,
        "mean": 15.4336690903,
        "median": 13.7187185287,
        "min": 1.65926396847,
        "var": 48.209564209
    },
    "melbands_flatness_db": {
        "dmean": 0.0276835821569,
        "dmean2": 0.0411712937057,
        "dvar": 0.00123930524569,
        "dvar2": 0.00255955639295,
        "max": 0.82310116291,
        "mean": 0.350064665079,
        "median": 0.332391858101,
        "min": 0.00266768620349,
        "var": 0.0249701160938
    },
    "melbands_kurtosis": {
        "dmean": 12.2109127045,
        "dmean2": 19.1234378815,
        "dvar": 10130.6601562,
        "dvar2": 21566.6816406,
        "max": 4821.01074219,
        "mean": 18.2903385162,
        "median": 5.63741207123,
        "min": -1.94026887417,
        "var": 11171.6376953
    },
    "melbands_skewness": {
        "dmean": 0.79812002182,
        "dmean2": 1.20950472355,
        "dvar": 3.23094749451,
        "dvar2": 6.81016254425,
        "max": 62.1104278564,
        "mean": 2.30831384659,
        "median": 1.80822753906,
        "min": -2.99741196632,
        "var": 6.77771615982
    },
    "melbands_spread": {
        "dmean": 5.21858644485,
        "dmean2": 7.72912836075,
        "dvar": 142.431381226,
        "dvar2": 248.898635864,
        "max": 290.427337646,
        "mean": 18.1164608002,
        "median": 9.40789413452,
        "min": 0.0373565815389,
        "var": 810.530761719
    },
    "pitch_salience": {
        "dmean": 0.0654218047857,
        "dmean2": 0.105587787926,
        "dvar": 0.00592442927882,
        "dvar2": 0.01455073338,
        "max": 0.881054759026,
        "mean": 0.53920763731,
        "median": 0.559693217278,
        "min": 0.0209105871618,
        "var": 0.0230561718345
    },
    "silence_rate_20dB": {
        "dmean": 0,
        "dmean2": 0,
        "dvar": 0,
        "dvar2": 0,
        "max": 1,
        "mean": 1,
        "median": 1,
        "min": 1,
        "var": 0
    },
    "silence_rate_30dB": {
        "dmean": 0.0170808788389,
        "dmean2": 0.0341646745801,
        "dvar": 0.0167883504182,
        "dvar2": 0.036581851542,
        "max": 1,
        "mean": 0.983774542809,
        "median": 1,
        "min": 0,
        "var": 0.015962107107
    },
    "silence_rate_60dB": {
        "dmean": 0.0363822691143,
        "dmean2": 0.0727707520127,
        "dvar": 0.0350520946085,
        "dvar2": 0.0760285332799,
        "max": 1,
        "mean": 0.372331351042,
        "median": 0,
        "min": 0,
        "var": 0.233715966344
    },
    "spectral_centroid": {
        "dmean": 154.113037109,
        "dmean2": 224.004165649,
        "dvar": 92484.3203125,
        "dvar2": 151285.3125,
        "max": 11707.5712891,
        "mean": 944.088195801,
        "median": 648.543457031,
        "min": 130.695953369,
        "var": 1059660.5
    },
    "spectral_complexity": {
        "dmean": 1.66265261173,
        "dmean2": 2.69183468819,
        "dvar": 8.24577522278,
        "dvar2": 19.7959022522,
        "max": 55,
        "mean": 9.74124717712,
        "median": 6,
        "min": 0,
        "var": 92.0712814331
    },
    "spectral_decrease": {
        "dmean": 1.46361023301e-09,
        "dmean2": 2.44181208586e-09,
        "dvar": 2.29576501301e-17,
        "dvar2": 5.85869263861e-17,
        "max": 3.40775532792e-11,
        "mean": -4.06396738484e-09,
        "median": -1.50949275302e-09,
        "min": -8.04549173949e-08,
        "var": 4.70922558492e-17
    },
    "spectral_energy": {
        "dmean": 0.00567021220922,
        "dmean2": 0.00943271070719,
        "dvar": 0.000337664328981,
        "dvar2": 0.00085943180602,
        "max": 0.310667723417,
        "mean": 0.0163708049804,
        "median": 0.00608598580584,
        "min": 1.01782134838e-20,
        "var": 0.000740484450944
    },
    "spectral_energyband_high": {
        "dmean": 0.000180193208507,
        "dmean2": 0.000241239380557,
        "dvar": 5.27551435425e-07,
        "dvar2": 7.87676015079e-07,
        "max": 0.0293880067766,
        "mean": 0.00049156753812,
        "median": 4.90072898174e-06,
        "min": 7.01324113001e-21,
        "var": 3.212190677e-06
    },
    "spectral_energyband_low": {
        "dmean": 0.00364110106602,
        "dmean2": 0.00624601403251,
        "dvar": 0.000224575618631,
        "dvar2": 0.000608861562796,
        "max": 0.258694261312,
        "mean": 0.00564141524956,
        "median": 0.000642348895781,
        "min": 8.38020271366e-24,
        "var": 0.000231937781791
    },
    "spectral_energyband_middle_high": {
        "dmean": 0.000607209629379,
        "dmean2": 0.000896848097909,
        "dvar": 1.90787636711e-06,
        "dvar2": 4.16693910665e-06,
        "max": 0.0394482910633,
        "mean": 0.00247765611857,
        "median": 0.000244354945607,
        "min": 1.24331718513e-21,
        "var": 2.14664214582e-05
    },
    "spectral_energyband_middle_low": {
        "dmean": 0.00318612344563,
        "dmean2": 0.00527481548488,
        "dvar": 9.30292517296e-05,
        "dvar2": 0.000234564940911,
        "max": 0.191037282348,
        "mean": 0.0081297121942,
        "median": 0.00328787486069,
        "min": 1.99494630425e-22,
        "var": 0.000185718236025
    },
    "spectral_entropy": {
        "dmean": 0.176471784711,
        "dmean2": 0.256965070963,
        "dvar": 0.0565290898085,
        "dvar2": 0.105979241431,
        "max": 9.81581115723,
        "mean": 6.44340896606,
        "median": 6.51716995239,
        "min": 3.18720769882,
        "var": 1.12624287605
    },
    "spectral_flux": {
        "dmean": 0.0147389434278,
        "dmean2": 0.023301359266,
        "dvar": 0.00088478194084,
        "dvar2": 0.00170219398569,
        "max": 0.471304148436,
        "mean": 0.0484271124005,
        "median": 0.0297732222825,
        "min": 6.39191199969e-11,
        "var": 0.00321825360879
    },
    "spectral_kurtosis": {
        "dmean": 16.0740318298,
        "dmean2": 27.3310108185,
        "dvar": 1015.26739502,
        "dvar2": 2900.32055664,
        "max": 550.070922852,
        "mean": 48.8677635193,
        "median": 9.97782897949,
        "min": -1.47678136826,
        "var": 6430.06054688
    },
    "spectral_rms": {
        "dmean": 0.000481207243865,
        "dmean2": 0.000762708135881,
        "dvar": 9.23012009935e-07,
        "dvar2": 2.25939925258e-06,
        "max": 0.0174094941467,
        "mean": 0.00304654170759,
        "median": 0.00243670819327,
        "min": 3.15118460839e-12,
        "var": 6.69008386467e-06
    },
    "spectral_rolloff": {
        "dmean": 311.830932617,
        "dmean2": 517.563415527,
        "dvar": 897112.25,
        "dvar2": 1766531.25,
        "max": 19745.9472656,
        "mean": 1250.58312988,
        "median": 581.396484375,
        "min": 21.533203125,
        "var": 4930410
    },
    "spectral_skewness": {
        "dmean": 0.782610297203,
        "dmean2": 1.29971456528,
        "dvar": 1.34032201767,
        "dvar2": 3.64625406265,
        "max": 19.5785808563,
        "mean": 4.07078695297,
        "median": 2.50703859329,
        "min": -0.282785713673,
        "var": 13.3099565506
    },
    "spectral_spread": {
        "dmean": 458215.5625,
        "dmean2": 686455.0625,
        "dvar": 758515171328,
        "dvar2": 1.28900307354e+12,
        "max": 42665076,
        "mean": 3342996.5,
        "median": 3137112.25,
        "min": 163891.90625,
        "var": 1.22276974428e+13
    },
    "spectral_strongpeak": {
        "dmean": 0.333973616362,
        "dmean2": 0.572011113167,
        "dvar": 0.639737844467,
        "dvar2": 1.66922593117,
        "max": 12.1051244736,
        "mean": 0.685542106628,
        "median": 0.231278553605,
        "min": 0,
        "var": 1.37625861168
    },
    "zerocrossingrate": {
        "dmean": 0.00714185880497,
        "dmean2": 0.00782009027898,
        "dvar": 0.000245875678957,
        "dvar2": 0.000195638189325,
        "max": 0.5361328125,
        "mean": 0.0443111695349,
        "median": 0.0283203125,
        "min": 0.0009765625,
        "var": 0.00381801580079
    },
    "barkbands": {
        "dmean": [0.00070635532029, 0.00215696287341, 0.00125908432528, 0.00132742198184, 0.00126129179262, 0.000816213432699, 0.000324829714373, 0.00063690909883, 0.00039479645784, 9.26920984057e-05, 8.56436236063e-05, 0.00019223158597, 0.000155963964062, 0.000180094619282, 0.000137044684379, 0.000102346137282, 0.00012091328972, 7.34766508685e-05, 5.20399662491e-05, 5.7869227021e-05, 5.17363514518e-05, 4.64426484541e-05, 1.29013114929e-05, 3.56339005521e-05, 4.30674735981e-05, 1.44418709169e-05, 5.92386231801e-06],
        "dmean2": [0.00129917799495, 0.00379013968632, 0.00229578884318, 0.00238172779791, 0.00212784903124, 0.0013547744602, 0.000499215093441, 0.000980333657935, 0.000605394190643, 0.000141785174492, 0.000132691595354, 0.000305807043333, 0.000233712606132, 0.000263809517492, 0.000210164813325, 0.00015988087398, 0.000185671786312, 0.000118837633636, 8.21794819785e-05, 9.15350974537e-05, 7.94863080955e-05, 6.87781430315e-05, 2.02731243917e-05, 4.67219324491e-05, 5.89882147324e-05, 2.01564453164e-05, 8.4559133029e-06],
        "dvar": [3.2485711472e-06, 8.11858408269e-05, 4.85392702103e-05, 4.47092170361e-05, 1.21304410641e-05, 5.04082026964e-06, 6.50543199754e-07, 3.02065018332e-06, 1.49765196511e-06, 9.11542841209e-08, 8.36498443846e-08, 3.05150649638e-07, 4.64860136162e-07, 4.35479478256e-07, 2.83014401248e-07, 1.3617621164e-07, 1.81747267902e-07, 5.26916892341e-08, 2.97561442153e-08, 4.11801259759e-08, 3.75561022281e-08, 3.76790154633e-08, 2.77938161375e-09, 4.34728839593e-08, 8.4282653745e-08, 1.48663490407e-08, 4.71851979711e-09],
        "dvar2": [1.05515637188e-05, 0.000233023267356, 0.000139324576594, 0.000121881115774, 3.14063036058e-05, 1.42436338137e-05, 1.49777258684e-06, 7.21510014046e-06, 3.60405715583e-06, 2.17271661995e-07, 2.04367552215e-07, 7.51311233671e-07, 8.43409395657e-07, 8.6357380269e-07, 6.37459265818e-07, 3.19354569456e-07, 3.99063935674e-07, 1.3511743191e-07, 7.22580608681e-08, 9.54974268552e-08, 8.68595009251e-08, 7.18226687013e-08, 6.63651489319e-09, 6.98945612498e-08, 1.50971487756e-07, 3.02901348448e-08, 9.28755206075e-09],
        "max": [0.0398746803403, 0.218233332038, 0.11698487401, 0.107545204461, 0.074260391295, 0.0525628179312, 0.0239439774305, 0.0363475456834, 0.0277917869389, 0.0105786975473, 0.0112958941609, 0.0173588525504, 0.0296678729355, 0.0218993499875, 0.0184735134244, 0.0115819685161, 0.0163635462523, 0.00736187770963, 0.00514731928706, 0.00740056298673, 0.00476713012904, 0.00706547545269, 0.00122391059995, 0.00971047021449, 0.0127086462453, 0.00645529199392, 0.00411479361355],
        "mean": [0.000792514532804, 0.00328448670916, 0.00121542077977, 0.00133427313995, 0.00218693376519, 0.00156050256919, 0.000672145630233, 0.00146461068653, 0.00087371194968, 0.000183113646926, 0.000169028426171, 0.000391230802052, 0.000274846650427, 0.000413000554545, 0.000288963201456, 0.000205963602639, 0.000261444831267, 0.000142106931889, 0.000104690669104, 0.000112168701889, 0.000108478787297, 0.000105361330498, 2.36979849433e-05, 7.56817680667e-05, 8.83502725628e-05, 2.66656552412e-05, 1.1410166735e-05],
        "median": [2.29925317399e-05, 0.000179327616934, 0.000142480013892, 0.000193714076886, 0.000652336049825, 0.000386406696634, 0.000157235001097, 0.000107110303361, 6.38383935438e-05, 2.52689387708e-05, 1.36074850161e-05, 2.31131198234e-05, 1.06872412289e-05, 9.39960045798e-06, 5.55861743123e-06, 2.57779447566e-06, 1.35734592277e-06, 1.27785745008e-06, 6.20772311777e-07, 5.44039494343e-07, 5.79784227739e-07, 8.67417895734e-07, 3.20169874612e-07, 2.68013451432e-07, 2.54336299577e-07, 7.19803665561e-08, 7.71918173825e-09],
        "min": [1.19605039411e-24, 1.8171375453e-24, 1.31262441299e-24, 1.31624913024e-24, 7.38715462945e-24, 2.89270757994e-24, 8.12531544429e-24, 1.18953566521e-23, 1.42536563283e-23, 1.62447365199e-23, 1.307457591e-23, 2.28847633526e-23, 4.19641879162e-23, 4.69808888895e-23, 6.12590251494e-23, 7.53773508116e-23, 7.2779392037e-23, 8.52358528293e-23, 1.28388841508e-22, 1.6225201484e-22, 3.01103108326e-22, 3.2481550983e-22, 4.03386434644e-22, 6.66956273162e-22, 8.51485202473e-22, 1.34203521356e-21, 1.85120274591e-21],
        "var": [3.85472276321e-06, 8.2624683273e-05, 3.08113703795e-05, 3.25906912622e-05, 1.75315653905e-05, 9.38567973208e-06, 2.0626694095e-06, 1.30383095893e-05, 6.10962251812e-06, 2.1663761629e-07, 2.03596215442e-07, 1.02168598914e-06, 1.28842634695e-06, 2.25663347919e-06, 1.12177099254e-06, 4.65568263053e-07, 7.39846484521e-07, 1.53081856524e-07, 8.98476741895e-08, 1.05262465411e-07, 1.04618138153e-07, 1.51607380872e-07, 6.99223745571e-09, 1.87778766758e-07, 3.28299194052e-07, 3.46072681623e-08, 1.36391058447e-08]
    },
    "erbbands": {
        "dmean": [0.0686092302203, 0.500335991383, 1.36761248112, 3.05108141899, 4.32288837433, 4.12957143784, 7.45042276382, 5.81664085388, 4.91017866135, 6.14461565018, 14.9862794876, 7.25062274933, 2.92648792267, 3.08488559723, 3.77246761322, 6.64244270325, 6.15354776382, 8.09876346588, 6.93950366974, 5.83227777481, 5.64148426056, 7.26026439667, 3.86290669441, 2.959638834, 2.52462172508, 2.46303415298, 1.95544040203, 2.23704814911, 1.89948165417, 0.821615695953, 0.328490495682, 0.608118355274, 0.667961657047, 0.622861504555, 0.221022725105, 0.085804887116, 0.0214728452265, 0.00659627187997, 0.000900003593415, 4.62740645162e-05],
        "dmean2": [0.118778795004, 0.887672960758, 2.45686149597, 5.49988222122, 7.47891283035, 6.98281335831, 12.4100866318, 9.70872306824, 7.55431509018, 9.44043254852, 23.3126354218, 11.1431741714, 4.47187042236, 4.65775680542, 5.89080858231, 10.5482978821, 9.36216831207, 11.584113121, 10.5209856033, 8.78978633881, 8.54845142365, 11.3003206253, 6.14369440079, 4.77737998962, 4.01520967484, 3.92198681831, 3.06411910057, 3.35287547112, 2.78544139862, 1.26091563702, 0.490692615509, 0.816186904907, 0.919788777828, 0.84479868412, 0.297417998314, 0.121719948947, 0.0306375194341, 0.00924879591912, 0.00129283883143, 6.86713319737e-05],
        "dvar": [0.0554453916848, 5.22735309601, 55.4707450867, 233.767059326, 319.63949585, 107.07321167, 400.990478516, 262.109344482, 161.384094238, 238.907852173, 1574.16479492, 506.250152588, 122.362068176, 92.0079116821, 145.582458496, 383.264923096, 620.833190918, 1028.02661133, 778.41003418, 408.024841309, 392.468322754, 685.054382324, 141.534805298, 108.166732788, 58.7394828796, 76.6437911987, 51.2187843323, 92.6464691162, 67.1100082397, 10.0236701965, 1.70106780529, 9.46017837524, 18.6980705261, 18.967508316, 2.2742626667, 0.643718838692, 0.027777614072, 0.00503193354234, 0.000106083774881, 2.29973537103e-07],
        "dvar2": [0.164882898331, 14.9497022629, 157.133514404, 656.192932129, 866.309448242, 282.744293213, 1118.45617676, 733.748779297, 383.493896484, 554.321594238, 3859.953125, 1153.21020508, 309.758331299, 203.622756958, 367.271209717, 945.542358398, 1289.86621094, 1946.66882324, 1739.30786133, 920.080993652, 876.073730469, 1546.8527832, 340.387756348, 278.26864624, 146.183105469, 184.167129517, 116.945922852, 204.665893555, 130.177597046, 22.9106960297, 3.56119418144, 15.0427980423, 31.2204685211, 34.0524902344, 3.69515156746, 1.3630092144, 0.0534492917359, 0.0104968762025, 0.000202120834729, 4.1181965571e-07],
        "max": [7.40138196945, 46.1033248901, 134.081512451, 274.075439453, 322.361602783, 251.854782104, 438.66506958, 406.219085693, 379.793762207, 422.0206604, 695.522705078, 680.098266602, 494.330993652, 420.061584473, 618.971557617, 806.396972656, 999.485168457, 1309.13366699, 1019.1182251, 726.041442871, 805.998596191, 1074.73913574, 322.805511475, 384.707366943, 218.782836914, 238.133590698, 364.138061523, 304.595703125, 324.382080078, 91.3149871826, 37.9530487061, 125.889984131, 202.153869629, 202.354827881, 63.2257766724, 44.2474098206, 7.37664270401, 4.06527757645, 0.630339026451, 0.0417383722961],
        "mean": [0.113545738161, 0.654601275921, 1.49589431286, 3.02884149551, 5.45216083527, 7.09763765335, 14.2356681824, 10.4683332443, 9.75505924225, 14.7713813782, 36.2996139526, 17.0218696594, 6.89931821823, 6.91225767136, 8.05086708069, 14.0316076279, 12.7314243317, 19.5656967163, 15.3377027512, 14.2092294693, 12.9046392441, 16.9082164764, 8.80115509033, 6.03898906708, 5.2877702713, 4.90590190887, 3.9912648201, 4.84614896774, 4.15351247787, 1.67481648922, 0.664643764496, 1.26364672184, 1.39373743534, 1.25731182098, 0.454853534698, 0.152076408267, 0.0413737408817, 0.0127955982462, 0.00179182458669, 0.000109775530291],
        "median": [0.00357263395563, 0.041522923857, 0.208007305861, 0.445984393358, 1.37715864182, 2.10451364517, 3.98050451279, 2.45649862289, 2.16084480286, 3.00720119476, 3.17644453049, 1.73764610291, 1.01022839546, 0.93405520916, 1.05083703995, 0.916138291359, 0.651578783989, 0.528404355049, 0.420402228832, 0.262935578823, 0.144198462367, 0.1095982939, 0.0888103544712, 0.0490497201681, 0.0371250882745, 0.0298653878272, 0.0265531390905, 0.0217243358493, 0.0336572676897, 0.021152663976, 0.00862058904022, 0.00589906517416, 0.00438587833196, 0.00305807637051, 0.001390485093, 0.00043447362259, 0.000113180663902, 1.82341955224e-05, 5.69995199839e-06, 7.93654362496e-06],
        "min": [4.84788410852e-23, 5.10988400024e-22, 1.33535152959e-21, 5.09188959074e-21, 7.81887465696e-21, 2.54438009923e-20, 7.58073808277e-20, 5.65708885549e-20, 1.49881495155e-19, 2.04284866774e-19, 3.31317862727e-19, 4.01256552205e-19, 4.20464564908e-19, 7.5992198826e-19, 1.19422060608e-18, 9.85680205242e-19, 2.20196988666e-18, 2.94562924559e-18, 3.1201784169e-18, 3.95420581018e-18, 4.66050183443e-18, 5.26166113486e-18, 5.46782514919e-18, 9.07099825488e-18, 6.97127306181e-18, 7.52731875881e-18, 1.05814656222e-17, 1.16308831955e-17, 1.1281551588e-17, 1.30532037152e-17, 1.1987803358e-17, 1.10580308428e-17, 1.0746426943e-17, 7.93290691984e-18, 5.03167183735e-18, 4.43024577117e-18, 2.2418011147e-18, 8.71226222413e-19, 2.47422801008e-19, 2.73467429162e-20],
        "var": [0.0822015404701, 4.44987201691, 38.0914039612, 158.331848145, 270.469451904, 175.721847534, 697.829833984, 419.157653809, 407.970581055, 1044.03540039, 6660.62841797, 1990.88903809, 373.328735352, 290.802490234, 404.846618652, 1306.48730469, 1647.51831055, 5514.5703125, 2437.42724609, 2321.37939453, 1582.49157715, 2941.78369141, 558.459777832, 340.080780029, 167.612319946, 185.446975708, 149.529373169, 283.417510986, 249.957794189, 29.9335689545, 5.90353250504, 39.3606834412, 76.6083145142, 71.1905975342, 8.84269809723, 1.25330257416, 0.0815989375114, 0.013241071254, 0.000325275643263, 8.65397282723e-07]
    },
    "gfcc": {
        "mean": [-189.10319519, 146.488677979, -97.3891983032, -1.82147550583, -52.7828292847, -4.29524898529, -37.185256958, -6.96901273727, -16.6088047028, -1.10933935642, -9.90542030334, -5.37326812744, -5.29315233231],
        "cov": [[43283.8554688, -7285.23632812, -1942.86083984, 6637.11816406, -2041.03564453, 1127.34631348, -866.41583252, 1390.02526855, -612.968017578, 686.932922363, -844.397399902, 368.679138184, -322.292144775], [-7285.23632812, 5956.97314453, 395.466094971, -2155.29296875, 1642.48681641, -131.694747925, 359.096893311, -698.278991699, 385.790466309, -524.706054688, 488.63848877, -67.9411392212, 311.258270264], [-1942.86083984, 395.466094971, 2031.23925781, 56.5421218872, -161.58001709, 33.8150215149, -57.7531509399, -194.81854248, -157.895721436, -20.352722168, 27.383026123, 39.8741416931, 44.437789917], [6637.11816406, -2155.29296875, 56.5421218872, 2185.31079102, -562.70111084, 215.531936646, -132.321350098, 379.796478271, -44.093044281, 192.652709961, -223.527267456, -49.7840881348, -53.2101631165], [-2041.03564453, 1642.48681641, -161.58001709, -562.70111084, 1669.41870117, 374.419250488, 361.829498291, 72.5671920776, 327.216583252, 33.1040878296, 172.709579468, 15.0382423401, 109.583282471], [1127.34631348, -131.694747925, 33.8150215149, 215.531936646, 374.419250488, 522.263244629, 219.110549927, 166.229690552, 94.6752853394, 105.221580505, 28.9668579102, 47.0214805603, 36.6134262085], [-866.41583252, 359.096893311, -57.7531509399, -132.321350098, 361.829498291, 219.110549927, 471.164489746, 168.464614868, 128.805419922, 38.9415740967, 92.240020752, -13.9395360947, 10.9007844925], [1390.02526855, -698.278991699, -194.81854248, 379.796478271, 72.5671920776, 166.229690552, 168.464614868, 391.817840576, 98.6227874756, 124.390167236, -51.5543670654, -16.0442905426, -41.348236084], [-612.968017578, 385.790466309, -157.895721436, -44.093044281, 327.216583252, 94.6752853394, 128.805419922, 98.6227874756, 278.018829346, 32.3747825623, 24.0366840363, -65.5726318359, 27.3745326996], [686.932922363, -524.706054688, -20.352722168, 192.652709961, 33.1040878296, 105.221580505, 38.9415740967, 124.390167236, 32.3747825623, 192.914916992, -21.0476226807, -12.0906448364, -30.2378692627], [-844.397399902, 488.63848877, 27.383026123, -223.527267456, 172.709579468, 28.9668579102, 92.240020752, -51.5543670654, 24.0366840363, -21.0476226807, 164.575180054, 31.1577358246, 38.2621688843], [368.679138184, -67.9411392212, 39.8741416931, -49.7840881348, 15.0382423401, 47.0214805603, -13.9395360947, -16.0442905426, -65.5726318359, -12.0906448364, 31.1577358246, 182.613204956, 27.0328407288], [-322.292144775, 311.258270264, 44.437789917, -53.2101631165, 109.583282471, 36.6134262085, 10.9007844925, -41.348236084, 27.3745326996, -30.2378692627, 38.2621688843, 27.0328407288, 150.313705444]],
        "icov": [[6.95993221598e-05, -8.94050026545e-05, 0.000102608304587, -0.000204996205866, 6.80690936861e-05, -0.000165842837305, 0.000155282468768, -0.000155628484208, 0.000217386943405, -0.000147421713336, 0.000108772699605, -0.000182452989975, 0.000104040598671], [-8.94050026545e-05, 0.00090054422617, -0.000297217367915, 0.00051685346989, -0.000596033001784, 0.00042858812958, -0.000499974295963, 0.00102931121364, -0.00100078620017, 0.00155569647904, -0.000888151000254, 0.000687226420268, -0.000538416905329], [0.000102608304587, -0.000297217367915, 0.000739381765015, -0.000409872969612, 0.000239491739194, -0.000422094541136, 0.000197738889256, -3.50078516931e-05, 0.000734425266273, -0.000611040333752, 0.000282738328679, -0.000330740847858, 0.000106869185402], [-0.000204996205866, 0.00051685346989, -0.000409872969612, 0.00147018907592, -0.000101987396192, 0.000100357472547, -0.000127087841975, -2.90931948257e-05, -0.000787144410424, 0.000699690077454, -0.000194772146642, 0.000960811506957, -0.000656180083752], [6.80690936861e-05, -0.000596033001784, 0.000239491739194, -0.000101987396192, 0.0015012496151, -0.000926173932385, 0.0001784064807, -0.000626703898888, -0.000255126738921, -0.0010751222726, 0.00021868715703, -0.000580477295443, 9.79873439064e-05], [-0.000165842837305, 0.00042858812958, -0.000422094541136, 0.000100357472547, -0.000926173932385, 0.00392382731661, -0.00162486545742, 0.00043037510477, -0.000809318968095, -0.000382373400498, -0.000205627613468, -0.00055340846302, -0.000904760789126], [0.000155282468768, -0.000499974295963, 0.000197738889256, -0.000127087841975, 0.0001784064807, -0.00162486545742, 0.0045284521766, -0.00267628859729, 0.000470571423648, -0.000219567198656, -0.00150242622476, 0.000247913674684, 0.000673919857945], [-0.000155628484208, 0.00102931121364, -3.50078516931e-05, -2.90931948257e-05, -0.000626703898888, 0.00043037510477, -0.00267628859729, 0.00676830578595, -0.00242830510251, -6.35135365883e-05, 0.000607320631389, 1.64454668266e-05, 0.000214812695049], [0.000217386943405, -0.00100078620017, 0.000734425266273, -0.000787144410424, -0.000255126738921, -0.000809318968095, 0.000470571423648, -0.00242830510251, 0.00748721044511, -0.00183185597416, 0.000801607326139, 0.00136399001349, -0.000457679125248], [-0.000147421713336, 0.00155569647904, -0.000611040333752, 0.000699690077454, -0.0010751222726, -0.000382373400498, -0.000219567198656, -6.35135365883e-05, -0.00183185597416, 0.00990445911884, -0.00186428870074, 0.00164110923652, 0.000271659780992], [0.000108772699605, -0.000888151000254, 0.000282738328679, -0.000194772146642, 0.00021868715703, -0.000205627613468, -0.00150242622476, 0.000607320631389, 0.000801607326139, -0.00186428870074, 0.00998646207154, -0.0021432521753, -0.000591129879467], [-0.000182452989975, 0.000687226420268, -0.000330740847858, 0.000960811506957, -0.000580477295443, -0.00055340846302, 0.000247913674684, 1.64454668266e-05, 0.00136399001349, 0.00164110923652, -0.0021432521753, 0.00784826092422, -0.00161599146668], [0.000104040598671, -0.000538416905329, 0.000106869185402, -0.000656180083752, 9.79873439064e-05, -0.000904760789126, 0.000673919857945, 0.000214812695049, -0.000457679125248, 0.000271659780992, -0.000591129879467, -0.00161599146668, 0.00846512336284]]
    },
    "melbands": {
        "dmean": [0.000588553084526, 0.000683257530909, 0.000574276898988, 0.000282076623989, 0.000236807172769, 0.000133263136377, 6.93754773238e-05, 8.6657673819e-05, 0.000125633596326, 4.06539293181e-05, 1.51190688484e-05, 1.28733545353e-05, 1.17003310152e-05, 1.80741244549e-05, 2.23336555791e-05, 1.40564061439e-05, 1.65012988873e-05, 1.27096227516e-05, 1.1114474546e-05, 6.79219965605e-06, 6.61868307361e-06, 8.68393362907e-06, 5.42305997442e-06, 2.82890914605e-06, 2.59450894191e-06, 1.85737440006e-06, 2.27449822887e-06, 1.65571054822e-06, 1.45650653849e-06, 1.23465156321e-06, 1.42093460909e-06, 1.29098486923e-06, 7.72157818574e-07, 3.6286914451e-07, 1.67002866647e-07, 2.82146402242e-07, 4.3847097686e-07, 4.33637154629e-07, 6.10737572515e-07, 5.50443360225e-07],
        "dmean2": [0.00101813545916, 0.00121566827875, 0.0010265003657, 0.000476005021483, 0.000393016031012, 0.00022184890986, 0.000106826671981, 0.000131144246552, 0.000195991640794, 6.24181484454e-05, 2.31057474593e-05, 1.94551412278e-05, 1.81354225788e-05, 2.84138259303e-05, 3.57834869646e-05, 2.03149247682e-05, 2.35952629737e-05, 1.90691989701e-05, 1.68314309121e-05, 1.04497603388e-05, 1.01225587059e-05, 1.36264807225e-05, 8.33540980238e-06, 4.56681345895e-06, 4.21089998781e-06, 2.90441175821e-06, 3.70488146473e-06, 2.62349294644e-06, 2.33893524637e-06, 1.92085303752e-06, 2.12395616472e-06, 1.94451013158e-06, 1.14136400953e-06, 5.88337286445e-07, 2.65653284259e-07, 4.05736301445e-07, 6.07188326285e-07, 6.04699778251e-07, 8.76207479905e-07, 7.54851100737e-07],
        "dvar": [4.81445204059e-06, 1.23113295558e-05, 7.88551005826e-06, 7.60384409659e-07, 3.77521246264e-07, 1.33492903842e-07, 3.10415764204e-08, 5.37903375175e-08, 1.11102600897e-07, 1.58561963559e-08, 3.2194127364e-09, 1.55848789429e-09, 1.26435628633e-09, 3.42055761493e-09, 6.11932193806e-09, 3.88925869288e-09, 4.39760228232e-09, 2.53755882973e-09, 1.74215852855e-09, 7.13243852868e-10, 5.53401102721e-10, 1.10283782107e-09, 3.95516980278e-10, 9.25877707836e-11, 9.04884014941e-11, 3.87130397184e-11, 5.51400730631e-11, 3.76005684921e-11, 3.52950307869e-11, 2.23748138073e-11, 4.43513767379e-11, 3.29841085001e-11, 9.78608513669e-12, 2.1707952276e-12, 4.56209289096e-13, 1.83107825777e-12, 5.53391620722e-12, 6.32128464156e-12, 2.35728363912e-11, 1.37493532185e-11],
        "dvar2": [1.38845352922e-05, 3.47596323991e-05, 2.18435106945e-05, 2.00524800675e-06, 1.02594208329e-06, 3.75219030957e-07, 7.35827399012e-08, 1.25200159573e-07, 2.78283749822e-07, 3.6169964801e-08, 8.01778465842e-09, 3.48165873909e-09, 3.14171755278e-09, 7.99772692517e-09, 1.42251170843e-08, 7.11088743444e-09, 8.27312796048e-09, 5.58720048005e-09, 3.79767062242e-09, 1.6721990459e-09, 1.21189924762e-09, 2.52239940046e-09, 8.43322967015e-10, 2.40995889911e-10, 2.31470287382e-10, 9.12955475108e-11, 1.40076977795e-10, 8.88637774477e-11, 8.02969982172e-11, 5.31829406902e-11, 9.72160130175e-11, 6.94626370312e-11, 1.99113139171e-11, 5.55067623809e-12, 1.10170043661e-12, 3.37885231946e-12, 9.70542136242e-12, 1.07457549803e-11, 4.44588220405e-11, 2.56083990818e-11],
        "max": [0.0615734755993, 0.0611108094454, 0.0461008548737, 0.0198190081865, 0.0126432841644, 0.00911063607782, 0.00503617059439, 0.00537701137364, 0.00633660703897, 0.00367473112419, 0.00243004295044, 0.00157377927098, 0.00178506784141, 0.00180052546784, 0.00247086654417, 0.00324024143629, 0.00284361536615, 0.00178822188172, 0.00138187222183, 0.00085858698003, 0.000958460674156, 0.00153185392264, 0.000783428607974, 0.000262513844064, 0.00035720228334, 0.000207586432225, 0.000238354536123, 0.000198753477889, 0.000310908770189, 0.000169492617715, 0.000244549009949, 0.00020641212177, 0.00011487781012, 3.66231433873e-05, 1.75913137355e-05, 6.08088957961e-05, 9.65825383901e-05, 0.000108748303319, 0.000234370134422, 0.000151026280946],
        "mean": [0.000983585370705, 0.000826910720207, 0.000606250658166, 0.000445842131739, 0.000464931159513, 0.000252655096119, 0.000138996110763, 0.000205013246159, 0.00030142191099, 9.26051070564e-05, 3.28312307829e-05, 2.79765954474e-05, 2.45030678343e-05, 3.60237609129e-05, 4.02408913942e-05, 2.66919068963e-05, 3.853051021e-05, 2.54480019066e-05, 2.41487014137e-05, 1.38932218761e-05, 1.36650314744e-05, 1.83417814696e-05, 1.13489359137e-05, 5.46845831195e-06, 4.85354803459e-06, 3.66465837942e-06, 4.18208765041e-06, 3.00330543723e-06, 2.64502364189e-06, 2.35554807659e-06, 2.90186699203e-06, 2.56182829617e-06, 1.64741243225e-06, 6.19001696123e-07, 2.98002277077e-07, 5.39004133771e-07, 8.59508588746e-07, 8.66244192821e-07, 1.174392537e-06, 1.05055687527e-06],
        "median": [4.44227698608e-05, 9.54946590355e-05, 0.000104634731542, 0.000131398395752, 0.000137759197969, 6.17910627625e-05, 3.10085670208e-05, 2.73749410553e-05, 2.41258640017e-05, 7.51686411604e-06, 3.86678857467e-06, 3.52698589268e-06, 3.09468259729e-06, 2.58463933278e-06, 1.33297101002e-06, 1.03803790807e-06, 8.35993319015e-07, 6.44494264179e-07, 4.10644219073e-07, 2.2679020617e-07, 1.16832623576e-07, 8.50376409289e-08, 8.56219486423e-08, 5.11075484155e-08, 2.9436687754e-08, 2.10489012886e-08, 2.20640092863e-08, 1.29486235068e-08, 1.40790668013e-08, 1.1979203407e-08, 9.1004963565e-09, 1.80404402528e-08, 1.32756472482e-08, 7.55318119161e-09, 4.13667811117e-09, 3.39342487443e-09, 2.85400214572e-09, 2.2541475353e-09, 2.5070483467e-09, 2.17342499553e-09],
        "min": [8.65352408465e-25, 6.0395284581e-25, 1.04014524962e-24, 4.28550264483e-25, 3.06846066203e-24, 8.82039577624e-25, 1.85895723126e-24, 2.33416427955e-24, 2.872606418e-24, 2.19508790474e-24, 1.81686341614e-24, 2.62761245047e-24, 2.7593853538e-24, 2.45808742523e-24, 2.44170870068e-24, 4.61316036055e-24, 4.84373178137e-24, 4.54929378723e-24, 4.32681962917e-24, 3.99284944849e-24, 5.21962203056e-24, 4.80125635479e-24, 4.53650122436e-24, 5.30640619646e-24, 6.96783561528e-24, 5.43793258076e-24, 5.45891864742e-24, 4.40704402222e-24, 4.89882898244e-24, 6.30923339488e-24, 6.43242625257e-24, 6.15089678386e-24, 5.29026965222e-24, 5.12841629928e-24, 6.72218669598e-24, 6.81100296757e-24, 6.02406491081e-24, 6.71710800947e-24, 6.30483904521e-24, 6.44327940091e-24],
        "var": [6.14470764049e-06, 9.21071568882e-06, 5.61303477298e-06, 9.36048763833e-07, 6.8200148462e-07, 2.3196267307e-07, 8.15353047301e-08, 2.4438810442e-07, 4.64970895564e-07, 6.30783176803e-08, 9.65125845909e-09, 4.80837059058e-09, 3.5708864754e-09, 1.09145874561e-08, 1.72017209366e-08, 1.38050841869e-08, 2.32393340127e-08, 8.8006189003e-09, 8.26635204731e-09, 2.16490314564e-09, 2.03141192756e-09, 4.16123180358e-09, 1.25177479493e-09, 2.50902104648e-10, 2.6586308155e-10, 1.03853654843e-10, 1.18987195097e-10, 8.62915849886e-11, 9.78463768342e-11, 5.07559549945e-11, 1.26634577824e-10, 1.04713383797e-10, 3.52327750308e-11, 4.21428170139e-12, 1.12315495446e-12, 6.09121217007e-12, 2.03934525517e-11, 2.58827386607e-11, 7.31778179719e-11, 4.98439518826e-11]
    },
    "mfcc": {
        "mean": [-805.684265137, 150.192764282, 24.1746959686, 11.3586654663, -1.44232559204, 1.12359380722, -7.86500644684, -9.0257434845, -4.25143051147, -6.57618761063, 0.0328142158687, -0.867415904999, -1.1840544939],
        "cov": [[24763.6269531, -1108.8671875, -2712.72827148, 1947.53588867, 442.161682129, 261.181518555, 86.5687713623, 306.905883789, 773.719116211, 350.557891846, 567.592041016, 171.896469116, -195.764556885], [-1108.8671875, 3479.4465332, 207.640213013, -445.703552246, 322.137969971, 271.96194458, 124.732788086, 254.623794556, -54.6524963379, 90.9889068604, -112.425186157, 3.30879926682, 148.492141724], [-2712.72827148, 207.640213013, 1504.26831055, 96.1138534546, -208.372741699, -136.621658325, 32.020904541, -176.147384644, -175.715286255, -128.433532715, -146.525863647, -93.5148391724, -53.1607093811], [1947.53588867, -445.703552246, 96.1138534546, 879.037719727, 135.717910767, -93.1396026611, -44.9487800598, -26.1214637756, 97.6100311279, 63.4987945557, 36.9332847595, 2.55826115608, -55.7242622375], [442.161682129, 322.137969971, -208.372741699, 135.717910767, 594.117614746, 293.052490234, 123.348312378, 111.580223083, 200.791549683, 226.188247681, 52.8877296448, 65.7767562866, 44.2208709717], [261.181518555, 271.96194458, -136.621658325, -93.1396026611, 293.052490234, 478.971954346, 248.06652832, 140.969589233, 182.501693726, 198.045257568, 80.5305557251, 70.4315643311, 45.3557624817], [86.5687713623, 124.732788086, 32.020904541, -44.9487800598, 123.348312378, 248.06652832, 360.604187012, 162.280944824, 99.0015716553, 148.316146851, 51.7425575256, 66.729347229, 51.3046569824], [306.905883789, 254.623794556, -176.147384644, -26.1214637756, 111.580223083, 140.969589233, 162.280944824, 287.924041748, 130.187744141, 114.921318054, 60.1987991333, 47.2131652832, 59.3392906189], [773.719116211, -54.6524963379, -175.715286255, 97.6100311279, 200.791549683, 182.501693726, 99.0015716553, 130.187744141, 300.23828125, 193.511276245, 72.6781463623, 44.4439506531, 7.79809713364], [350.557891846, 90.9889068604, -128.433532715, 63.4987945557, 226.188247681, 198.045257568, 148.316146851, 114.921318054, 193.511276245, 328.772796631, 104.906555176, 34.6635932922, 4.138027668], [567.592041016, -112.425186157, -146.525863647, 36.9332847595, 52.8877296448, 80.5305557251, 51.7425575256, 60.1987991333, 72.6781463623, 104.906555176, 190.122787476, 44.3739051819, -35.2339668274], [171.896469116, 3.30879926682, -93.5148391724, 2.55826115608, 65.7767562866, 70.4315643311, 66.729347229, 47.2131652832, 44.4439506531, 34.6635932922, 44.3739051819, 134.567672729, 44.7553787231], [-195.764556885, 148.492141724, -53.1607093811, -55.7242622375, 44.2208709717, 45.3557624817, 51.3046569824, 59.3392906189, 7.79809713364, 4.138027668, -35.2339668274, 44.7553787231, 137.886184692]],
