{
"lowlevel": {
    "average_loudness": 0.964658915997,
    "barkbands_crest": {
        "dmean": 3.40641498566,
        "dmean2": 4.93618297577,
        "dvar": 14.7761192322,
        "dvar2": 28.8659896851,
        "max": 26.5571670532,
        "mean": 14.1813240051,
        "median": 14.008354187,
        "min": 2.4312274456,
        "var": 36.3053359985
    },
    "barkbands_flatness_db": {
        "dmean": 0.0559348799288,
        "dmean2": 0.0728909671307,
        "dvar": 0.00504989223555,
        "dvar2": 0.00878591649234,
        "max": 0.952243149281,
        "mean": 0.210762530565,
        "median": 0.207501918077,
        "min": 0.0181720145047,
        "var": 0.0142651023343
    },
    "barkbands_kurtosis": {
        "dmean": 36.3411178589,
        "dmean2": 58.2396583557,
        "dvar": 25846.4589844,
        "dvar2": 68663.453125,
        "max": 2743.64282227,
        "mean": 42.0381126404,
        "median": 15.24746418,
        "min": -1.92181396484,
        "var": 21661.8554688
    },
    "barkbands_skewness": {
        "dmean": 1.80443716049,
        "dmean2": 2.54625082016,
        "dvar": 10.0272026062,
        "dvar2": 23.8200836182,
        "max": 44.3694496155,
        "mean": 3.60567426682,
        "median": 3.21014928818,
        "min": -3.19318914413,
        "var": 14.5384454727
    },
    "barkbands_spread": {
        "dmean": 13.8970317841,
        "dmean2": 21.4183177948,
        "dvar": 432.051177979,
        "dvar2": 854.178833008,
        "max": 111.413536072,
        "mean": 25.2171802521,
        "median": 9.05131626129,
        "min": 0.0254293605685,
        "var": 849.688903809
    },
    "dissonance": {
        "dmean": 0.0190755929798,
        "dmean2": 0.0285441316664,
        "dvar": 0.000876671634614,
        "dvar2": 0.0018535022391,
        "max": 0.500000059605,
        "mean": 0.462050318718,
        "median": 0.474951416254,
        "min": 0.0321610309184,
        "var": 0.00182744686026
    },
    "dynamic_complexity": 3.72250175476,
    "erbbands_crest": {
        "dmean": 2.31965875626,
        "dmean2": 3.4640815258,
        "dvar": 7.67527580261,
        "dvar2": 14.121339798,
        "max": 30.2231254578,
        "mean": 8.38451004028,
        "median": 7.07401847839,
        "min": 2.33192515373,
        "var": 20.5436019897
    },
    "erbbands_flatness_db": {
        "dmean": 0.0283667538315,
        "dmean2": 0.0394192822278,
        "dvar": 0.00151174818166,
        "dvar2": 0.00295792357065,
        "max": 0.560372233391,
        "mean": 0.144836202264,
        "median": 0.131468236446,
        "min": 0.0384230166674,
        "var": 0.00415137503296
    },
    "erbbands_kurtosis": {
        "dmean": 3.48591709137,
        "dmean2": 5.6782412529,
        "dvar": 222.563735962,
        "dvar2": 515.495117188,
        "max": 330.660400391,
        "mean": 3.51140999794,
        "median": 0.477072119713,
        "min": -1.89864325523,
        "var": 348.444122314
    },
    "erbbands_skewness": {
        "dmean": 0.751370370388,
        "dmean2": 1.08277344704,
        "dvar": 1.07950103283,
        "dvar2": 2.26953649521,
        "max": 14.1325149536,
        "mean": 0.225517228246,
        "median": 0.235468953848,
        "min": -5.93321371078,
        "var": 2.68701815605
    },
    "erbbands_spread": {
        "dmean": 17.887878418,
        "dmean2": 27.8933410645,
        "dvar": 496.567962646,
        "dvar2": 1308.12670898,
        "max": 187.23500061,
        "mean": 50.0454177856,
        "median": 46.2817306519,
        "min": 0.555832207203,
        "var": 766.618225098
    },
    "hfc": {
        "dmean": 27.5377407074,
        "dmean2": 40.9673843384,
        "dvar": 2655.91674805,
        "dvar2": 5243.00927734,
        "max": 449.947937012,
        "mean": 30.4858760834,
        "median": 5.79386234283,
        "min": 1.06001971271e-16,
        "var": 3571.14550781
    },
    "melbands_crest": {
        "dmean": 3.62314248085,
        "dmean2": 5.76591348648,
        "dvar": 20.4369449615,
        "dvar2": 49.3867874146,
        "max": 33.7234535217,
        "mean": 18.5174427032,
        "median": 18.6087169647,
        "min": 1.00302755833,
        "var": 44.9441375732
    },
    "melbands_flatness_db": {
        "dmean": 0.0722048729658,
        "dmean2": 0.0899997651577,
        "dvar": 0.00769601156935,
        "dvar2": 0.0128328399733,
        "max": 1,
        "mean": 0.296218842268,
        "median": 0.304073035717,
        "min": -1.98458820933e-07,
        "var": 0.0239834450185
    },
    "melbands_kurtosis": {
        "dmean": 47.16456604,
        "dmean2": 72.6706771851,
        "dvar": 14237.5419922,
        "dvar2": 35536.8125,
        "max": 1653.24865723,
        "mean": 67.9640960693,
        "median": 40.8241653442,
        "min": -1.87717783451,
        "var": 14077.515625
    },
    "melbands_skewness": {
        "dmean": 2.06116461754,
        "dmean2": 3.04366087914,
        "dvar": 8.2461605072,
        "dvar2": 20.1562480927,
        "max": 31.3936920166,
        "mean": 5.37001943588,
        "median": 5.0453748703,
        "min": -1.54964137077,
        "var": 13.0374336243
    },
    "melbands_spread": {
        "dmean": 18.2130794525,
        "dmean2": 27.4663066864,
        "dvar": 1005.52471924,
        "dvar2": 2098.60546875,
        "max": 240.151412964,
        "mean": 25.9601039886,
        "median": 5.65100383759,
        "min": 0.140618652105,
        "var": 1682.39233398
    },
    "pitch_salience": {
        "dmean": 0.104788824916,
        "dmean2": 0.161491855979,
        "dvar": 0.0211710557342,
        "dvar2": 0.0489005371928,
        "max": 0.995812892914,
        "mean": 0.461068660021,
        "median": 0.454066753387,
        "min": 0.0454662926495,
        "var": 0.0341892689466
    },
    "silence_rate_20dB": {
        "dmean": 0,
        "dmean2": 0,
        "dvar": 0,
        "dvar2": 0,
        "max": 1,
        "mean": 1,
        "median": 1,
        "min": 1,
        "var": 0
    },
    "silence_rate_30dB": {
        "dmean": 0.0665712952614,
        "dmean2": 0.133155286312,
        "dvar": 0.0621425546706,
        "dvar2": 0.123803317547,
        "max": 1,
        "mean": 0.932672142982,
        "median": 1,
        "min": 0,
        "var": 0.0627937763929
    },
    "silence_rate_60dB": {
        "dmean": 0.029756795615,
        "dmean2": 0.0594238825142,
        "dvar": 0.0288709755987,
        "dvar2": 0.0595219992101,
        "max": 1,
        "mean": 0.0880221277475,
        "median": 0,
        "min": 0,
        "var": 0.0802781656384
    },
    "spectral_centroid": {
        "dmean": 553.123962402,
        "dmean2": 776.042114258,
        "dvar": 721857.375,
        "dvar2": 1253551.125,
        "max": 11828.1220703,
        "mean": 1545.05163574,
        "median": 851.626953125,
        "min": 61.9821815491,
        "var": 2489876.25
    },
    "spectral_complexity": {
        "dmean": 6.35441112518,
        "dmean2": 9.06810379028,
        "dvar": 79.0640335083,
        "dvar2": 140.412109375,
        "max": 56,
        "mean": 11.4414453506,
        "median": 6,
        "min": 0,
        "var": 146.081985474
    },
    "spectral_decrease": {
        "dmean": 3.1582989557e-09,
        "dmean2": 4.42939240841e-09,
        "dvar": 3.15087852224e-17,
        "dvar2": 5.26104306551e-17,
        "max": 2.14359089761e-21,
        "mean": -7.71876162986e-09,
        "median": -5.16571629916e-09,
        "min": -4.33813234224e-08,
        "var": 7.07993150707e-17
    },
    "spectral_energy": {
        "dmean": 0.0137741155922,
        "dmean2": 0.0196249783039,
        "dvar": 0.000502410752233,
        "dvar2": 0.000837847299408,
        "max": 0.166038095951,
        "mean": 0.0318974740803,
        "median": 0.0207360424101,
        "min": 9.93095756649e-21,
        "var": 0.00110933650285
    },
    "spectral_energyband_high": {
        "dmean": 0.00293679628521,
        "dmean2": 0.00441053835675,
        "dvar": 3.42846869898e-05,
        "dvar2": 6.89023727318e-05,
        "max": 0.0516117066145,
        "mean": 0.00295130768791,
        "median": 0.000104411526991,
        "min": 6.9548530032e-21,
        "var": 4.48946229881e-05
    },
    "spectral_energyband_low": {
        "dmean": 0.0100918253884,
        "dmean2": 0.0140773532912,
        "dvar": 0.000427438877523,
        "dvar2": 0.000857470440678,
        "max": 0.153916329145,
        "mean": 0.0214673988521,
        "median": 0.013011738658,
        "min": 2.45535039343e-23,
        "var": 0.0007462988724
    },
    "spectral_energyband_middle_high": {
        "dmean": 0.00134270417038,
        "dmean2": 0.0019443865167,
        "dvar": 4.75507658848e-06,
        "dvar2": 9.79121068667e-06,
        "max": 0.0225642099977,
        "mean": 0.00174025446177,
        "median": 0.00053262792062,
        "min": 1.21589330035e-21,
        "var": 7.10013273419e-06
    },
    "spectral_energyband_middle_low": {
        "dmean": 0.00668644439429,
        "dmean2": 0.0121021568775,
        "dvar": 0.000419379590312,
        "dvar2": 0.00116541609168,
        "max": 0.126008123159,
        "mean": 0.00699691148475,
        "median": 0.00281343888491,
        "min": 1.72201002359e-22,
        "var": 0.000261404726189
    },
    "spectral_entropy": {
        "dmean": 0.45615234971,
        "dmean2": 0.602413833141,
        "dvar": 0.405910938978,
        "dvar2": 0.676278591156,
        "max": 9.82254505157,
        "mean": 7.34503602982,
        "median": 7.39359760284,
        "min": 3.24096632004,
        "var": 1.15621316433
    },
    "spectral_flux": {
        "dmean": 0.0428964793682,
        "dmean2": 0.058758020401,
        "dvar": 0.00291304569691,
        "dvar2": 0.00415614806116,
        "max": 0.422739684582,
        "mean": 0.0858959928155,
        "median": 0.0470469556749,
        "min": 6.39512887091e-11,
        "var": 0.00835117325187
    },
    "spectral_kurtosis": {
        "dmean": 5.91949748993,
        "dmean2": 9.70761299133,
        "dvar": 1073.98815918,
        "dvar2": 2873.70727539,
        "max": 1077.25402832,
        "mean": 8.07187271118,
        "median": 3.17232036591,
        "min": -1.25216221809,
        "var": 1024.96533203
    },
    "spectral_rms": {
        "dmean": 0.00108736916445,
        "dmean2": 0.00149528868496,
        "dvar": 2.26202951126e-06,
        "dvar2": 3.54565486305e-06,
        "max": 0.0127274654806,
        "mean": 0.0049322671257,
        "median": 0.00449780886993,
        "min": 3.11267396406e-12,
        "var": 6.79203913023e-06
    },
    "spectral_rolloff": {
        "dmean": 1357.16027832,
        "dmean2": 2238.25219727,
        "dvar": 5766122.5,
        "dvar2": 10966050,
        "max": 19810.546875,
        "mean": 2224.75268555,
        "median": 258.3984375,
        "min": 21.533203125,
        "var": 12530349
    },
    "spectral_skewness": {
        "dmean": 0.534517288208,
        "dmean2": 0.797165989876,
        "dvar": 1.59633708,
        "dvar2": 3.3995218277,
        "max": 27.7078495026,
        "mean": 1.74176156521,
        "median": 1.4647462368,
        "min": -0.101723723114,
        "var": 2.68591427803
    },
    "spectral_spread": {
        "dmean": 1096787.375,
        "dmean2": 1662443.875,
        "dvar": 3.81388508365e+12,
        "dvar2": 7.56450014003e+12,
        "max": 42723320,
        "mean": 6085663.5,
        "median": 5795066,
        "min": 106565.148438,
        "var": 1.45887435162e+13
    },
    "spectral_strongpeak": {
        "dmean": 0.189471140504,
        "dmean2": 0.302648305893,
        "dvar": 0.355563879013,
        "dvar2": 0.868404865265,
        "max": 12.5600070953,
        "mean": 0.39989694953,
        "median": 0.320658177137,
        "min": 0,
        "var": 0.365205764771
    },
    "zerocrossingrate": {
        "dmean": 0.0299149919301,
        "dmean2": 0.0344928503036,
        "dvar": 0.00168649107218,
        "dvar2": 0.00245786784217,
        "max": 0.53125,
        "mean": 0.0719604343176,
        "median": 0.033203125,
        "min": 0.00244140625,
        "var": 0.00769886514172
    },
    "barkbands": {
        "dmean": [0.000315897574183, 0.00751119293272, 0.00579759664834, 0.00225964188576, 0.0024170295801, 0.00136740319431, 0.000822567788418, 0.000455118395621, 0.000242059802986, 0.000122564510093, 0.000131214241264, 7.14319539838e-05, 0.000105645944132, 0.000109969361802, 8.64805915626e-05, 7.40336254239e-05, 0.000134008791065, 0.000139122726978, 0.000269630661933, 0.000500429945532, 0.000386128987884, 0.000390994886402, 0.000686669489369, 0.000656315300148, 0.000460024399217, 0.000184414500836, 2.47339412454e-05],
        "dmean2": [0.000468298298074, 0.00963078904897, 0.0101290466264, 0.00424680765718, 0.00451943976805, 0.00262367562391, 0.00157298648264, 0.000833489873912, 0.000408684136346, 0.00018009186897, 0.000188783829799, 0.000107492021925, 0.000159698451171, 0.000153321903781, 0.000129858774017, 0.000117671486805, 0.000195309577975, 0.000206278375117, 0.000429757172242, 0.000829938100651, 0.000608823611401, 0.00055814703228, 0.00109054392669, 0.000994858215563, 0.00068546354305, 0.000283587520244, 3.669065336e-05],
        "dvar": [5.2438900866e-07, 0.000211007834878, 0.000313388649374, 6.11156210653e-05, 5.36611260031e-05, 2.47823663813e-05, 9.5176992545e-06, 2.37005201598e-06, 4.41696585085e-07, 5.82230228474e-08, 5.66622588849e-08, 1.85275226272e-08, 4.30707736143e-08, 4.25627355582e-08, 2.85957479917e-08, 1.67982143751e-08, 6.69988153845e-08, 6.65169537228e-08, 3.1532323419e-07, 1.24013809e-06, 5.76424724841e-07, 5.4003845662e-07, 2.26570705308e-06, 1.7891106836e-06, 9.83800418908e-07, 1.87369906257e-07, 4.69344074716e-09],
        "dvar2": [1.13046610295e-06, 0.000359805126209, 0.000853923032992, 0.000178103378857, 0.000156551133841, 7.20304378774e-05, 2.77946619462e-05, 6.86792736815e-06, 1.24411099023e-06, 1.37755137075e-07, 1.32682757226e-07, 4.13015435186e-08, 1.01068323488e-07, 7.82096734042e-08, 6.28973211292e-08, 3.85805805081e-08, 1.31677609261e-07, 1.35839584914e-07, 7.17685907148e-07, 3.10195446218e-06, 1.27760540636e-06, 1.07736900645e-06, 4.91676564707e-06, 3.44020781995e-06, 1.8435189304e-06, 4.02378020681e-07, 8.63482352287e-09],
        "max": [0.0159689430147, 0.116092860699, 0.112073436379, 0.0545833483338, 0.0515963435173, 0.0331437811255, 0.0229632072151, 0.0123151633888, 0.00660282513127, 0.00248566060327, 0.0035686828196, 0.00135613337625, 0.00224507856183, 0.00260698748752, 0.0018630385166, 0.00189121032599, 0.00882003083825, 0.00763284508139, 0.0076887095347, 0.00688519794494, 0.00486948573962, 0.00688933487982, 0.0131888473406, 0.0129195479676, 0.00932449568063, 0.0036416624207, 0.000697758921888],
        "mean": [0.00083334808005, 0.0122528327629, 0.00718853902072, 0.00236940407194, 0.00263434415683, 0.000837803527247, 0.000501260452438, 0.000342464743881, 0.000228132179473, 0.000162322176038, 0.000160561772645, 8.66887567099e-05, 0.000126117563923, 0.000139164738357, 9.57937372732e-05, 8.08153636171e-05, 0.00019945880922, 0.000172450003447, 0.00026194108068, 0.000464207783807, 0.000358011049684, 0.000443729950348, 0.0006441672449, 0.000636197801214, 0.000476735935081, 0.000174961634912, 2.59453572653e-05],
        "median": [7.53924250603e-05, 0.0071455645375, 0.00418907217681, 0.00134693854488, 0.000387311098166, 8.89973525773e-05, 5.19100140082e-05, 3.41983395629e-05, 3.17103185807e-05, 4.36633708887e-05, 4.25119651482e-05, 1.93602427316e-05, 3.66284075426e-05, 2.87848852167e-05, 2.70869204542e-05, 1.87866480701e-05, 3.36119919666e-05, 3.31617557094e-05, 2.97606566164e-05, 2.95100144285e-05, 2.22874441533e-05, 1.81492687261e-05, 1.67441903614e-05, 1.33976027428e-05, 9.60378383752e-06, 4.37038488599e-06, 1.18922423553e-06],
        "min": [1.2005349944e-25, 3.71182406189e-24, 1.04272728997e-24, 1.81133389562e-24, 8.64994186728e-24, 4.73376023245e-24, 5.95754303168e-24, 6.37788559288e-24, 1.78369560161e-23, 2.0673808694e-23, 6.6082523043e-24, 1.18686008568e-23, 2.33960840587e-23, 3.62443436636e-23, 3.62879866043e-23, 4.03096089654e-23, 5.82234189663e-23, 7.92849385958e-23, 1.24984281924e-22, 1.60667250079e-22, 2.77557844359e-22, 3.56399733427e-22, 4.01343676174e-22, 5.98025632508e-22, 9.28650389775e-22, 1.29328992051e-21, 1.95136712873e-21],
        "var": [3.55208203473e-06, 0.000360567413736, 0.000209702920984, 3.32932286256e-05, 3.16454897984e-05, 1.34784340844e-05, 5.13333543495e-06, 1.38578707265e-06, 3.25851544858e-07, 7.30664879711e-08, 7.33361105176e-08, 2.47293137079e-08, 5.11849727047e-08, 8.53423358649e-08, 3.41406547477e-08, 2.11552233509e-08, 2.19583171202e-07, 1.24845726646e-07, 3.56010929181e-07, 1.10058715563e-06, 5.94734160586e-07, 9.1389051704e-07, 2.50477478403e-06, 2.35399988924e-06, 1.34826984777e-06, 2.19002870949e-07, 6.38901465067e-09]
    },
    "erbbands": {
        "dmean": [0.198341965675, 1.84175360203, 5.79475164413, 7.56366300583, 6.95514202118, 8.48038387299, 8.91764163971, 11.8322076797, 11.9257450104, 12.3004198074, 8.46040725708, 5.41752958298, 4.80241060257, 4.03224563599, 4.53771305084, 3.47661328316, 4.75570249557, 5.71466398239, 4.38723754883, 4.99174308777, 4.49359703064, 6.54781150818, 6.57821273804, 13.2632837296, 17.5807647705, 23.1071166992, 16.1604042053, 13.3278198242, 14.6689395905, 17.4871253967, 20.4571018219, 15.3494281769, 9.99565696716, 5.72358703613, 3.23667192459, 1.19020950794, 0.263110041618, 0.0328627154231, 0.00441600382328, 0.000257017469266],
        "dmean2": [0.266450703144, 2.36983561516, 9.48871612549, 13.4060678482, 12.9710226059, 15.7701721191, 16.6389045715, 22.7580757141, 22.7987098694, 23.0812091827, 15.4755163193, 9.2272567749, 7.41859149933, 5.73092126846, 6.52901315689, 5.04019832611, 7.05945587158, 7.76437759399, 6.50935506821, 7.76756906509, 6.54444360733, 9.5701007843, 9.70864772797, 20.4180164337, 28.9061660767, 37.8308753967, 25.7527866364, 20.7589588165, 21.0634708405, 27.6166534424, 32.1369934082, 22.931427002, 15.2411384583, 8.9160528183, 4.7852306366, 1.84465277195, 0.395810782909, 0.0480098240077, 0.00654615275562, 0.000376175390556],
        "dvar": [0.162232160568, 13.2672958374, 279.307098389, 552.974731445, 499.322509766, 646.632873535, 833.753356934, 1877.44909668, 1935.28833008, 2005.30371094, 783.489562988, 231.65171814, 114.018875122, 58.498085022, 61.6053543091, 48.5732803345, 85.001373291, 119.530677795, 74.9969100952, 95.1686706543, 65.6409988403, 146.262374878, 131.950805664, 818.58404541, 1338.51513672, 2564.27734375, 1176.56103516, 570.715698242, 766.292541504, 1056.76330566, 2676.11523438, 1015.605896, 439.021606445, 134.737548828, 59.0211601257, 7.55535888672, 0.428136736155, 0.00853511411697, 0.000159475006512, 4.51231329635e-07],
        "dvar2": [0.315548211336, 23.0559196472, 717.880371094, 1545.84716797, 1432.54309082, 1890.67468262, 2442.12573242, 5462.74658203, 5642.9296875, 5839.93164062, 2270.6484375, 658.422668457, 288.331390381, 126.549339294, 138.619247437, 103.122947693, 195.834609985, 209.197341919, 164.871917725, 231.430221558, 119.405418396, 285.129760742, 273.793701172, 1755.5657959, 3186.9296875, 6287.76123047, 2709.4765625, 1184.14050293, 1583.58288574, 2309.24023438, 6063.97705078, 1944.56677246, 882.734741211, 246.210250854, 120.993743896, 16.7576751709, 0.840217709541, 0.0154868774116, 0.000300378975226, 8.58725798025e-07],
        "max": [3.5543422699, 29.4910030365, 114.45916748, 167.496078491, 154.133728027, 182.91166687, 216.91293335, 283.655334473, 330.342224121, 324.10446167, 225.153991699, 143.390518188, 144.127838135, 117.10622406, 77.2206573486, 74.4385910034, 98.291229248, 144.135055542, 102.137489319, 99.8478927612, 214.958023071, 537.809326172, 119.201515198, 627.70526123, 233.001922607, 305.052032471, 233.564651489, 171.275619507, 260.179138184, 191.385986328, 497.844360352, 308.91986084, 221.933456421, 105.982307434, 77.5260009766, 22.4717788696, 5.84919023514, 0.779416322708, 0.121997326612, 0.00739352358505],
        "mean": [0.3208578825, 2.89349389076, 7.04969739914, 10.3836097717, 6.21907043457, 9.24217796326, 9.14757919312, 7.21935510635, 7.36115789413, 8.01396751404, 6.68091011047, 5.19452857971, 5.76544857025, 5.05403280258, 5.65928411484, 4.55551719666, 5.7700958252, 7.80863189697, 5.01272010803, 5.28764820099, 6.83506822586, 9.10719299316, 8.40756225586, 15.1290903091, 15.1719417572, 22.6622486115, 14.0827531815, 13.7523584366, 16.9128799438, 16.7793941498, 19.4157066345, 15.3674316406, 9.38550758362, 5.84985303879, 3.22630167007, 1.11125087738, 0.261389374733, 0.0342544615269, 0.00466480199248, 0.00029998406535],
        "median": [0.140674799681, 1.59591627121, 3.74891757965, 6.35268592834, 1.04645013809, 1.63617634773, 0.95454287529, 0.833000540733, 0.682882189751, 0.600117146969, 0.894825220108, 0.934941291809, 1.42730259895, 1.1618540287, 1.57434844971, 1.04704904556, 1.67698323727, 1.51898384094, 1.39378392696, 1.25965499878, 1.50793039799, 1.78216028214, 1.77475810051, 1.87622976303, 1.53854227066, 1.43300652504, 0.860003471375, 0.914800524712, 0.654216945171, 0.515290379524, 0.497086703777, 0.33953076601, 0.207346826792, 0.122068151832, 0.0576381459832, 0.0248767621815, 0.00540861021727, 0.0012942540925, 0.000216718341107, 5.40202745469e-05],
        "min": [1.123479924e-22, 1.01042767445e-21, 1.80211898735e-21, 8.36292443209e-21, 1.29377687866e-20, 2.50360817297e-20, 3.66028584277e-20, 4.80615135725e-20, 1.20774314793e-19, 1.20902902605e-19, 2.23742196884e-19, 3.41111526083e-19, 5.22131550388e-19, 5.98105453013e-19, 7.17151890905e-19, 9.31189165402e-19, 9.86959646854e-19, 2.26305903606e-18, 2.09929857467e-18, 2.69513972415e-18, 3.41184829795e-18, 4.08185094564e-18, 4.94231730604e-18, 6.22441830418e-18, 7.42698257769e-18, 7.54867738941e-18, 1.05391619513e-17, 1.15794317343e-17, 1.16136306895e-17, 1.24114687242e-17, 1.21593928771e-17, 9.41314249011e-18, 9.92247316202e-18, 8.8124555098e-18, 5.87545355121e-18, 4.18416284765e-18, 2.39554193732e-18, 9.13541267033e-19, 2.62230187003e-19, 2.74009232463e-20],
        "var": [0.252603679895, 21.3702259064, 216.881027222, 358.566864014, 296.993408203, 399.652099609, 491.636291504, 1016.97827148, 1052.00073242, 1114.50463867, 461.285339355, 165.360214233, 115.887985229, 84.2907409668, 88.383102417, 70.4096450806, 103.037368774, 265.341186523, 87.9029846191, 97.7176132202, 192.332260132, 415.358947754, 220.900360107, 1369.06262207, 1201.91430664, 2481.17163086, 1117.50817871, 698.267089844, 1302.46386719, 1203.45922852, 2817.94580078, 1387.1217041, 542.283569336, 185.232803345, 72.9271240234, 8.25263309479, 0.560178935528, 0.0117096221074, 0.000213141087443, 6.17242392309e-07]
    },
    "gfcc": {
        "mean": [-74.0027694702, 65.7460403442, -71.8609313965, 47.8212165833, -37.1479377747, 25.7285366058, -23.7317085266, 10.4389791489, -20.8887195587, -0.594279646873, -15.4156808853, -3.26855349541, -11.5129289627],
        "cov": [[32663.1914062, -2851.92797852, -2057.84399414, 954.367004395, -2009.77148438, 541.800476074, -1164.75427246, -5.59189176559, -1140.41821289, -10.3894166946, -643.281494141, -107.929756165, -664.325439453], [-2851.92797852, 4389.31054688, 472.171020508, -561.884338379, 1043.43505859, -407.277740479, 271.916442871, -288.575531006, 139.21446228, -444.693786621, 14.3751001358, -94.1885223389, 135.204025269], [-2057.84399414, 472.171020508, 1016.94189453, 117.582237244, 209.070999146, 248.915969849, 188.962692261, -72.9172821045, 109.797302246, 60.0223846436, 43.653087616, -10.9208841324, 30.2318916321], [954.367004395, -561.884338379, 117.582237244, 557.354064941, 102.951965332, 207.475769043, 44.4804840088, 157.005462646, -17.5332794189, 54.9612083435, 32.8315658569, 26.3702316284, -10.0680360794], [-2009.77148438, 1043.43505859, 209.070999146, 102.951965332, 720.826477051, -36.6116409302, 206.53767395, -22.0680541992, 77.1012039185, -162.286575317, 41.0148086548, -24.7004699707, 58.5988121033], [541.800476074, -407.277740479, 248.915969849, 207.475769043, -36.6116409302, 390.989318848, 148.523468018, 117.787864685, 66.8501281738, 123.422424316, 3.81001329422, 10.026684761, -24.1288967133], [-1164.75427246, 271.916442871, 188.962692261, 44.4804840088, 206.53767395, 148.523468018, 289.86730957, 174.147155762, 189.072463989, 72.8253173828, 87.6535491943, 15.0867938995, 27.8323554993], [-5.59189176559, -288.575531006, -72.9172821045, 157.005462646, -22.0680541992, 117.787864685, 174.147155762, 341.398986816, 193.073287964, 140.862884521, 94.7074584961, 62.5973052979, 2.64435505867], [-1140.41821289, 139.21446228, 109.797302246, -17.5332794189, 77.1012039185, 66.8501281738, 189.072463989, 193.073287964, 264.000518799, 142.070755005, 108.144386292, 33.3691139221, 19.2489261627], [-10.3894166946, -444.693786621, 60.0223846436, 54.9612083435, -162.286575317, 123.422424316, 72.8253173828, 140.862884521, 142.070755005, 221.307250977, 100.759239197, 50.6390266418, -6.90205001831], [-643.281494141, 14.3751001358, 43.653087616, 32.8315658569, 41.0148086548, 3.81001329422, 87.6535491943, 94.7074584961, 108.144386292, 100.759239197, 139.200958252, 69.4511871338, 34.369178772], [-107.929756165, -94.1885223389, -10.9208841324, 26.3702316284, -24.7004699707, 10.026684761, 15.0867938995, 62.5973052979, 33.3691139221, 50.6390266418, 69.4511871338, 86.7241210938, 36.0752220154], [-664.325439453, 135.204025269, 30.2318916321, -10.0680360794, 58.5988121033, -24.1288967133, 27.8323554993, 2.64435505867, 19.2489261627, -6.90205001831, 34.369178772, 36.0752220154, 68.7502670288]],
        "icov": [[8.2728882262e-05, -0.000123227000586, 0.00020450502052, -0.000270392076345, 0.00024918129202, -0.000191443192307, 3.84310078516e-05, 5.67994138692e-05, 0.000211157675949, -0.000128208921524, 0.000184766278835, -0.00028046395164, 0.000597699545324], [-0.000123227000586, 0.00081229681382, -0.000581273576245, 0.00101356464438, -0.00087787170196, 0.000428470550105, -7.80143309385e-05, -8.23284353828e-05, -0.000836693332531, 0.00147294765338, -0.000877291779034, 0.000700260978192, -0.000997519004159], [0.00020450502052, -0.000581273576245, 0.00251953513362, -0.00196301983669, 0.0012519977754, -0.00126624316908, -0.00144429609645, 0.00316922250204, -0.00135977554601, -0.000401581201004, 0.000847500166856, -0.00148787966464, 0.00137255492155], [-0.000270392076345, 0.00101356464438, -0.00196301983669, 0.00703979330137, -0.00445122458041, -0.00215023034252, 0.00514608295634, -0.00695951096714, 0.00457854149863, -0.000810073805042, -0.00411469303071, 0.00488970475271, -0.00336021650583], [0.00024918129202, -0.00087787170196, 0.0012519977754, -0.00445122458041, 0.00673929508775, 0.000352704955731, -0.00482604978606, 0.0048722140491, -0.00409083999693, 0.0058681294322, -0.00107256392948, -0.00189974706154, 0.00234529143199], [-0.000191443192307, 0.000428470550105, -0.00126624316908, -0.00215023034252, 0.000352704955731, 0.00919768586755, -0.00797371286899, 0.00221197959036, 0.000840703549329, -0.00505722127855, 0.00833105389029, -0.00506238499656, 0.00136825698428], [3.84310078516e-05, -7.80143309385e-05, -0.00144429609645, 0.00514608295634, -0.00482604978606, -0.00797371286899, 0.0202159378678, -0.0104749919847, -0.000200300011784, 0.00188789132517, -0.00989502854645, 0.0107975322753, -0.00502621848136], [5.67994138692e-05, -8.23284353828e-05, 0.00316922250204, -0.00695951096714, 0.0048722140491, 0.00221197959036, -0.0104749919847, 0.0172774959356, -0.0112642301247, 0.0031305833254, 0.00466510467231, -0.0103583820164, 0.00506883393973], [0.000211157675949, -0.000836693332531, -0.00135977554601, 0.00457854149863, -0.00409083999693, 0.000840703549329, -0.000200300011784, -0.0112642301247, 0.0224649179727, -0.0142771303654, 0.00018952586106, 0.00465458491817, -0.00100979581475], [-0.000128208921524, 0.00147294765338, -0.000401581201004, -0.000810073805042, 0.0058681294322, -0.00505722127855, 0.00188789132517, 0.0031305833254, -0.0142771303654, 0.0285385623574, -0.016757812351, 0.00268278107978, 0.00209329719655], [0.000184766278835, -0.000877291779034, 0.000847500166856, -0.00411469303071, -0.00107256392948, 0.00833105389029, -0.00989502854645, 0.00466510467231, 0.00018952586106, -0.016757812351, 0.0335703976452, -0.0204567592591, 0.00241641909815], [-0.00028046395164, 0.000700260978192, -0.00148787966464, 0.00488970475271, -0.00189974706154, -0.00506238499656, 0.0107975322753, -0.0103583820164, 0.00465458491817, 0.00268278107978, -0.0204567592591, 0.0357668213546, -0.0164222735912], [0.000597699545324, -0.000997519004159, 0.00137255492155, -0.00336021650583, 0.00234529143199, 0.00136825698428, -0.00502621848136, 0.00506883393973, -0.00100979581475, 0.00209329719655, 0.00241641909815, -0.0164222735912, 0.0294101145118]]
    },
    "melbands": {
        "dmean": [0.00197040312923, 0.00251121725887, 0.00125155353453, 0.000555698468816, 0.000330823764671, 0.000266471499344, 0.000180210976396, 0.000128775849589, 6.30458525848e-05, 3.27242269123e-05, 2.32193960983e-05, 1.55447924044e-05, 1.64127905009e-05, 8.69647465152e-06, 1.08005733637e-05, 9.29303223529e-06, 1.13950118248e-05, 6.93715992384e-06, 6.87945248501e-06, 5.90868421568e-06, 5.97591088081e-06, 7.57399857321e-06, 6.27868757874e-06, 6.14357304585e-06, 1.17033541756e-05, 8.21181492938e-06, 2.13374860323e-05, 1.32857048811e-05, 9.41676626098e-06, 1.01058567452e-05, 7.00977398083e-06, 8.35014543554e-06, 8.02018166723e-06, 9.82735309663e-06, 1.20075646919e-05, 9.96757626126e-06, 9.20477214095e-06, 6.97291488905e-06, 5.8299756347e-06, 4.52480935564e-06],
        "dmean2": [0.00254060304724, 0.00353632797487, 0.00220720795915, 0.00105020776391, 0.000609365350101, 0.000511809776071, 0.000344474741723, 0.000240130946622, 0.000114189220767, 5.52334640815e-05, 3.57368844561e-05, 2.23009701585e-05, 2.37269596255e-05, 1.2889271602e-05, 1.54599620146e-05, 1.41987502502e-05, 1.54681165441e-05, 1.0545344594e-05, 1.03721204141e-05, 9.47006356e-06, 8.61905209604e-06, 1.12554034786e-05, 9.2846366897e-06, 8.96775327419e-06, 1.81850173249e-05, 1.33764042403e-05, 3.63526851288e-05, 2.1231966457e-05, 1.52786324179e-05, 1.58886632562e-05, 1.09103339128e-05, 1.22371084217e-05, 1.18470379675e-05, 1.60740528372e-05, 1.90582941286e-05, 1.49723500726e-05, 1.3915123418e-05, 1.06314992081e-05, 9.04451189854e-06, 7.08348125045e-06],
        "dvar": [1.48185790749e-05, 3.80875135306e-05, 1.45767689901e-05, 3.04593413603e-06, 1.03310367194e-06, 9.47811713559e-07, 4.44784774345e-07, 2.12008373524e-07, 4.16606269482e-08, 7.93536791832e-09, 2.62909272131e-09, 8.98124130622e-10, 8.35212177197e-10, 2.42753872559e-10, 5.23675935948e-10, 2.76044215264e-10, 5.54483792214e-10, 2.0641516274e-10, 1.75860923046e-10, 1.19794368869e-10, 1.60085916745e-10, 2.35749531008e-10, 1.25231658377e-10, 1.12045928091e-10, 6.84527545758e-10, 2.78380707375e-10, 2.46080356092e-09, 7.85413178939e-10, 4.40603331597e-10, 3.91249393994e-10, 1.64968108618e-10, 2.47437487166e-10, 2.33044999964e-10, 3.5753139338e-10, 1.01452801715e-09, 5.74593594926e-10, 3.33028243871e-10, 2.18669790608e-10, 1.41909484164e-10, 8.60609083997e-11],
        "dvar2": [2.67318991973e-05, 8.57417908264e-05, 4.01282777602e-05, 8.84051951289e-06, 3.03057277051e-06, 2.75624529422e-06, 1.29744603328e-06, 6.16699992406e-07, 1.20482653188e-07, 2.24158718254e-08, 6.59491039556e-09, 1.93884819311e-09, 1.9489072578e-09, 5.35752719966e-10, 1.13545906011e-09, 6.67486454997e-10, 9.52062539916e-10, 4.66230665186e-10, 4.06552291832e-10, 2.96578428483e-10, 2.93594343281e-10, 4.53932974542e-10, 2.60431648469e-10, 2.1997249855e-10, 1.49710066566e-09, 6.06879546616e-10, 6.40762909399e-09, 1.87137105812e-09, 1.0463154787e-09, 8.59989190971e-10, 3.25873161788e-10, 5.29126520377e-10, 4.64325883298e-10, 7.97459265289e-10, 2.35874475507e-09, 1.18826937179e-09, 6.28752994114e-10, 4.58382193314e-10, 2.70768463206e-10, 1.54326246227e-10],
        "max": [0.0332219153643, 0.0465632863343, 0.0263598058373, 0.0120644913986, 0.00757462345064, 0.00639079371467, 0.00500900158659, 0.00343741918914, 0.00167763489299, 0.000820088840555, 0.000730044208467, 0.00045575859258, 0.000345746171661, 0.000167424834217, 0.00022148838616, 0.000143587807543, 0.000319869199302, 0.00016166435671, 0.000132980640046, 0.000108325577457, 0.000373525341274, 0.000784026633482, 0.000157512869919, 0.000234918057686, 0.000585958885495, 0.000126699043903, 0.000321245286614, 0.000194668115, 0.000146555714309, 0.000128105282784, 0.00010577836656, 0.000146054648212, 0.000133339650347, 0.000100108300103, 0.000312248361297, 0.00022317431285, 0.000171782172401, 0.000161438278155, 0.00011415402696, 8.81374871824e-05],
        "mean": [0.003254145151, 0.00391678512096, 0.00167142658029, 0.000507619814016, 0.00038575520739, 0.000161318544997, 0.000110911714728, 8.614766557e-05, 5.18578926858e-05, 3.1479226891e-05, 2.79965242953e-05, 1.90848859347e-05, 2.01209895749e-05, 1.11211074909e-05, 1.31429023895e-05, 1.15878083307e-05, 1.52729262481e-05, 7.4500521805e-06, 7.26929556549e-06, 6.18137164565e-06, 9.48619799601e-06, 1.06568550109e-05, 7.61839646657e-06, 7.92668197391e-06, 1.31182596306e-05, 7.42321753933e-06, 1.77202637133e-05, 1.36036378535e-05, 7.93707476987e-06, 8.96131587069e-06, 7.54351731302e-06, 9.1609035735e-06, 9.31234353629e-06, 8.93972355698e-06, 1.12288698801e-05, 9.88563988358e-06, 9.18072237255e-06, 6.38861001789e-06, 5.71434293306e-06, 4.68546522825e-06],
        "median": [0.00168135296553, 0.00220227148384, 0.00107307103463, 8.40507273097e-05, 3.87584077544e-05, 1.45601043187e-05, 1.11001354526e-05, 7.45524039303e-06, 7.59107297199e-06, 5.14605699209e-06, 6.73592239764e-06, 3.9503811422e-06, 5.61174192626e-06, 2.85274018097e-06, 3.2285247471e-06, 2.91776041195e-06, 2.82726978185e-06, 2.04432171813e-06, 1.95095890376e-06, 1.69311124409e-06, 1.647283284e-06, 1.68808969647e-06, 1.40903750889e-06, 1.45965054799e-06, 1.45383341987e-06, 9.26583084038e-07, 1.04516630017e-06, 9.78542857411e-07, 5.01367196648e-07, 5.20078060617e-07, 4.96281472806e-07, 3.70657062376e-07, 3.09927031594e-07, 2.72176208682e-07, 3.0947671803e-07, 2.08632116028e-07, 2.00193596811e-07, 1.4104092827e-07, 1.33860709184e-07, 8.94613805258e-08],
        "min": [1.14111490953e-24, 1.15237727946e-24, 1.82186025833e-24, 1.26047183247e-24, 1.33771738813e-24, 1.18536418847e-24, 1.7481433761e-24, 1.21910800951e-24, 2.04018816347e-24, 2.58626233397e-24, 1.64943616926e-24, 2.27067300681e-24, 1.55327767339e-24, 2.38859785138e-24, 2.64343838073e-24, 2.26312498845e-24, 3.32802982087e-24, 2.69479381731e-24, 3.06012910758e-24, 2.58915646741e-24, 3.95585818292e-24, 2.78540928341e-24, 3.73997929646e-24, 4.01420864636e-24, 4.57812547003e-24, 4.11423108155e-24, 4.5899686388e-24, 3.83368926668e-24, 5.79154342583e-24, 5.23521820508e-24, 5.83037273731e-24, 6.35068448558e-24, 6.09781393912e-24, 6.14281569275e-24, 6.29851001417e-24, 5.10934243145e-24, 5.3576509953e-24, 6.08418439483e-24, 5.99954159185e-24, 6.29763043426e-24],
        "var": [2.46793133556e-05, 4.27626764576e-05, 9.53048129304e-06, 1.70018483914e-06, 6.70707891004e-07, 5.15371709753e-07, 2.41111962396e-07, 1.19093982676e-07, 2.50862584039e-08, 5.86703130523e-09, 2.73221512082e-09, 1.29812760541e-09, 1.1106385811e-09, 3.68351765756e-10, 6.78758049766e-10, 3.39629185886e-10, 1.21667420583e-09, 2.23499135865e-10, 1.97593844065e-10, 1.20608772969e-10, 5.21858112279e-10, 7.71822661338e-10, 1.91230892232e-10, 2.36631964023e-10, 1.12209863623e-09, 2.79792883306e-10, 1.90954607682e-09, 8.33442759252e-10, 3.93886367966e-10, 4.00138810974e-10, 2.22654228388e-10, 3.83252179992e-10, 3.97507027294e-10, 3.60961427415e-10, 1.01704411559e-09, 7.0092159854e-10, 4.57529014675e-10, 2.59514770784e-10, 1.81320181092e-10, 1.21751275728e-10]
    },
    "mfcc": {
        "mean": [-719.859436035, 95.3706283569, 28.4673252106, 33.2531166077, 18.4074325562, 19.592168808, 13.9571495056, 13.6207647324, 6.33665370941, 7.03583192825, 1.8441542387, 0.714681982994, -2.00544786453],
        "cov": [[17463.9101562, -2472.59521484, -55.9498634338, -204.653244019, -639.050109863, -243.019882202, -198.486785889, -308.457824707, -477.240447998, -184.595199585, -278.054443359, -142.547485352, -103.078971863], [-2472.59521484, 4156.32568359, -176.024139404, 230.602432251, 396.804718018, 123.605651855, 68.7101898193, 193.051269531, 72.2467956543, -156.415390015, -69.5788421631, -103.551940918, -198.72756958], [-55.9498634338, -176.024139404, 706.92565918, -45.6293411255, -56.2449111938, 210.96270752, 41.2501907349, -12.5612754822, 80.4694824219, 102.517715454, 75.975982666, 60.1373329163, 107.906913757], [-204.653244019, 230.602432251, -45.6293411255, 373.804382324, 268.864440918, 44.2042007446, 132.088775635, 124.101333618, 28.9119911194, 6.48623275757, 14.1909294128, 19.7723827362, -0.989549160004], [-639.050109863, 396.804718018, -56.2449111938, 268.864440918, 325.471618652, 146.505584717, 136.24041748, 123.402732849, 45.551776886, -15.3964338303, -2.15631628036, -9.79382038116, -48.6165504456], [-243.019882202, 123.605651855, 210.96270752, 44.2042007446, 146.505584717, 301.962615967, 140.24822998, 49.5593986511, 61.1612052917, 26.9901771545, 16.4384498596, -12.088722229, -28.1803798676], [-198.486785889, 68.7101898193, 41.2501907349, 132.088775635, 136.24041748, 140.24822998, 185.635543823, 135.948104858, 78.561882019, 51.3401756287, 44.0555152893, 37.534198761, 27.9885253906], [-308.457824707, 193.051269531, -12.5612754822, 124.101333618, 123.402732849, 49.5593986511, 135.948104858, 205.807098389, 133.703842163, 72.9423904419, 76.911781311, 82.2032852173, 71.3850479126], [-477.240447998, 72.2467956543, 80.4694824219, 28.9119911194, 45.551776886, 61.1612052917, 78.561882019, 133.703842163, 165.255477905, 127.286529541, 99.7178421021, 88.6539001465, 95.8834838867], [-184.595199585, -156.415390015, 102.517715454, 6.48623275757, -15.3964338303, 26.9901771545, 51.3401756287, 72.9423904419, 127.286529541, 168.495269775, 130.335922241, 102.514045715, 116.296409607], [-278.054443359, -69.5788421631, 75.975982666, 14.1909294128, -2.15631628036, 16.4384498596, 44.0555152893, 76.911781311, 99.7178421021, 130.335922241, 157.529953003, 141.331695557, 131.230407715], [-142.547485352, -103.551940918, 60.1373329163, 19.7723827362, -9.79382038116, -12.088722229, 37.534198761, 82.2032852173, 88.6539001465, 102.514045715, 141.331695557, 194.243927002, 189.182479858], [-103.078971863, -198.72756958, 107.906913757, -0.989549160004, -48.6165504456, -28.1803798676, 27.9885253906, 71.3850479126, 95.8834838867, 116.296409607, 131.230407715, 189.182479858, 242.040435791]],
