{
"lowlevel": {
    "average_loudness": 0.970921695232,
    "barkbands_crest": {
        "dmean": 1.12390077114,
        "dmean2": 1.7161539793,
        "dvar": 3.47329592705,
        "dvar2": 7.64096021652,
        "max": 26.4620666504,
        "mean": 23.7950611115,
        "median": 24.9707317352,
        "min": 3.9714949131,
        "var": 9.46887969971
    },
    "barkbands_flatness_db": {
        "dmean": 0.0554411970079,
        "dmean2": 0.0740442797542,
        "dvar": 0.00401126453653,
        "dvar2": 0.00910285953432,
        "max": 0.961555838585,
        "mean": 0.3382345438,
        "median": 0.333456546068,
        "min": 0.064093850553,
        "var": 0.011997143738
    },
    "barkbands_kurtosis": {
        "dmean": 106.587142944,
        "dmean2": 144.961807251,
        "dvar": 40322.4257812,
        "dvar2": 80199.3671875,
        "max": 3493.71923828,
        "mean": 214.450073242,
        "median": 89.695098877,
        "min": -1.13125443459,
        "var": 111218.804688
    },
    "barkbands_skewness": {
        "dmean": 2.64836835861,
        "dmean2": 3.58610725403,
        "dvar": 11.3359718323,
        "dvar2": 26.318655014,
        "max": 44.0193634033,
        "mean": 9.57756519318,
        "median": 8.16349220276,
        "min": -4.95901250839,
        "var": 38.4944343567
    },
    "barkbands_spread": {
        "dmean": 4.39724254608,
        "dmean2": 6.89729452133,
        "dvar": 88.4192123413,
        "dvar2": 217.259857178,
        "max": 80.2662124634,
        "mean": 5.91186714172,
        "median": 1.99653172493,
        "min": 0.0242620520294,
        "var": 103.37739563
    },
    "dissonance": {
        "dmean": 0.0239951051772,
        "dmean2": 0.0395157597959,
        "dvar": 0.000729688559659,
        "dvar2": 0.0018606694648,
        "max": 0.500000238419,
        "mean": 0.455656051636,
        "median": 0.466153144836,
        "min": 0.168837755919,
        "var": 0.00158082379494
    },
    "dynamic_complexity": 2.62103915215,
    "erbbands_crest": {
        "dmean": 2.95782279968,
        "dmean2": 4.56140327454,
        "dvar": 11.2106180191,
        "dvar2": 25.8237342834,
        "max": 27.9330825806,
        "mean": 11.8216323853,
        "median": 10.5504207611,
        "min": 2.38225865364,
        "var": 30.3847675323
    },
    "erbbands_flatness_db": {
        "dmean": 0.0329126045108,
        "dmean2": 0.0450205802917,
        "dvar": 0.00164374324959,
        "dvar2": 0.00368480291218,
        "max": 0.560604929924,
        "mean": 0.146905124187,
        "median": 0.148183166981,
        "min": 0.0252037476748,
        "var": 0.0039677307941
    },
    "erbbands_kurtosis": {
        "dmean": 3.4113612175,
        "dmean2": 4.95151567459,
        "dvar": 131.964508057,
        "dvar2": 302.603393555,
        "max": 324.877410889,
        "mean": 4.63448905945,
        "median": 0.0674505233765,
        "min": -1.86816251278,
        "var": 383.463562012
    },
    "erbbands_skewness": {
        "dmean": 0.625605642796,
        "dmean2": 0.852605521679,
        "dvar": 0.995220422745,
        "dvar2": 2.14822244644,
        "max": 12.7323484421,
        "mean": 0.915329277515,
        "median": 0.523273825645,
        "min": -2.4249997139,
        "var": 3.05826020241
    },
    "erbbands_spread": {
        "dmean": 17.1234302521,
        "dmean2": 23.698425293,
        "dvar": 557.397766113,
        "dvar2": 1131.83862305,
        "max": 190.397125244,
        "mean": 52.518157959,
        "median": 42.7151451111,
        "min": 0.401832401752,
        "var": 1341.02941895
    },
    "hfc": {
        "dmean": 27.7111759186,
        "dmean2": 45.3709754944,
        "dvar": 4744.00195312,
        "dvar2": 12369.0654297,
        "max": 548.3125,
        "mean": 37.5894393921,
        "median": 22.6645298004,
        "min": 1.11206770357e-16,
        "var": 3958.86914062
    },
    "melbands_crest": {
        "dmean": 1.27383756638,
        "dmean2": 1.83208096027,
        "dvar": 3.54621148109,
        "dvar2": 7.47365188599,
        "max": 35.2981529236,
        "mean": 30.555803299,
        "median": 31.6388378143,
        "min": 1.57521212101,
        "var": 11.2827339172
    },
    "melbands_flatness_db": {
        "dmean": 0.0604689158499,
        "dmean2": 0.0802966281772,
        "dvar": 0.00481930468231,
        "dvar2": 0.0108283860609,
        "max": 1,
        "mean": 0.462742745876,
        "median": 0.456593811512,
        "min": 0.00354510941543,
        "var": 0.0149583248422
    },
    "melbands_kurtosis": {
        "dmean": 93.3870162964,
        "dmean2": 130.529922485,
        "dvar": 27341.2832031,
        "dvar2": 59730.484375,
        "max": 1682.57873535,
        "mean": 204.93913269,
        "median": 134.862945557,
        "min": -1.38703835011,
        "var": 55527.2617188
    },
    "melbands_skewness": {
        "dmean": 2.19199800491,
        "dmean2": 3.06964302063,
        "dvar": 9.00048351288,
        "dvar2": 19.0905628204,
        "max": 32.0878410339,
        "mean": 9.42786693573,
        "median": 8.47948646545,
        "min": -0.171855345368,
        "var": 24.3456230164
    },
    "melbands_spread": {
        "dmean": 1.43346118927,
        "dmean2": 2.16349411011,
        "dvar": 9.15884494781,
        "dvar2": 18.487827301,
        "max": 147.931304932,
        "mean": 2.99621486664,
        "median": 1.13708233833,
        "min": 0.148252412677,
        "var": 51.8702545166
    },
    "pitch_salience": {
        "dmean": 0.0464504025877,
        "dmean2": 0.0680554583669,
        "dvar": 0.00424347398803,
        "dvar2": 0.00837796553969,
        "max": 0.92300593853,
        "mean": 0.162051826715,
        "median": 0.125820875168,
        "min": 0.0102085359395,
        "var": 0.012502219528
    },
    "silence_rate_20dB": {
        "dmean": 0.0897139459848,
        "dmean2": 0.179439753294,
        "dvar": 0.0816696286201,
        "dvar2": 0.176727697253,
        "max": 1,
        "mean": 0.688532173634,
        "median": 1,
        "min": 0,
        "var": 0.214448690414
    },
    "silence_rate_30dB": {
        "dmean": 0.052586376667,
        "dmean2": 0.105179704726,
        "dvar": 0.0498174019158,
        "dvar2": 0.107342869043,
        "max": 1,
        "mean": 0.203395426273,
        "median": 0,
        "min": 0,
        "var": 0.162012502551
    },
    "silence_rate_60dB": {
        "dmean": 0.00158551894128,
        "dmean2": 0.00310517963953,
        "dvar": 0.00158242834732,
        "dvar2": 0.00309727108106,
        "max": 1,
        "mean": 0.00819130707532,
        "median": 0,
        "min": 0,
        "var": 0.00812575872988
    },
    "spectral_centroid": {
        "dmean": 288.536712646,
        "dmean2": 430.976593018,
        "dvar": 263637.21875,
        "dvar2": 583847.875,
        "max": 11786.8925781,
        "mean": 773.466064453,
        "median": 539.01953125,
        "min": 55.8467330933,
        "var": 677706.625
    },
    "spectral_complexity": {
        "dmean": 4.61518144608,
        "dmean2": 7.26010847092,
        "dvar": 42.2605361938,
        "dvar2": 101.897537231,
        "max": 49,
        "mean": 10.3000392914,
        "median": 9,
        "min": 0,
        "var": 58.4715690613
    },
    "spectral_decrease": {
        "dmean": 1.09453655028e-08,
        "dmean2": 1.43947085363e-08,
        "dvar": 2.61509722822e-16,
        "dvar2": 5.27267262935e-16,
        "max": 2.52316766104e-23,
        "mean": -6.40009645281e-08,
        "median": -5.93857976128e-08,
        "min": -2.01107752673e-07,
        "var": 1.70290913024e-15
    },
    "spectral_energy": {
        "dmean": 0.0427869334817,
        "dmean2": 0.0571733228862,
        "dvar": 0.00389409367926,
        "dvar2": 0.00789953023195,
        "max": 0.767813026905,
        "mean": 0.244964003563,
        "median": 0.227687209845,
        "min": 1.02522590733e-20,
        "var": 0.02470578067
    },
    "spectral_energyband_high": {
        "dmean": 0.00225986493751,
        "dmean2": 0.00378387467936,
        "dvar": 3.81459030905e-05,
        "dvar2": 9.93667417788e-05,
        "max": 0.0477167703211,
        "mean": 0.0017620731378,
        "median": 0.000107851810753,
        "min": 7.16848128212e-21,
        "var": 3.02214248222e-05
    },
    "spectral_energyband_low": {
        "dmean": 0.0385713689029,
        "dmean2": 0.0495449826121,
        "dvar": 0.00345571059734,
        "dvar2": 0.00686362572014,
        "max": 0.751488745213,
        "mean": 0.23233731091,
        "median": 0.212926864624,
        "min": 2.51223767766e-23,
        "var": 0.0235009752214
    },
    "spectral_energyband_middle_high": {
        "dmean": 0.000782633782364,
        "dmean2": 0.00126757391263,
        "dvar": 1.3812313e-06,
        "dvar2": 3.438053227e-06,
        "max": 0.0173971019685,
        "mean": 0.00233268528245,
        "median": 0.000793107261416,
        "min": 1.27611107959e-21,
        "var": 8.18215721665e-06
    },
    "spectral_energyband_middle_low": {
        "dmean": 0.00615960871801,
        "dmean2": 0.0094726299867,
        "dvar": 0.000245767325396,
        "dvar2": 0.000585931993555,
        "max": 0.138334259391,
        "mean": 0.00859605427831,
        "median": 0.00444481894374,
        "min": 2.22375496804e-22,
        "var": 0.00025258626556
    },
    "spectral_entropy": {
        "dmean": 0.475999116898,
        "dmean2": 0.643850564957,
        "dvar": 0.336004406214,
        "dvar2": 0.742947876453,
        "max": 9.81792736053,
        "mean": 7.04269933701,
        "median": 7.04606819153,
        "min": 2.58089113235,
        "var": 0.783766150475
    },
    "spectral_flux": {
        "dmean": 0.054999820888,
        "dmean2": 0.0883634239435,
        "dvar": 0.00504198623821,
        "dvar2": 0.0127690462396,
        "max": 0.561652898788,
        "mean": 0.0892972573638,
        "median": 0.0649424567819,
        "min": 6.46121836589e-11,
        "var": 0.00604025553912
    },
    "spectral_kurtosis": {
        "dmean": 3.77949500084,
        "dmean2": 6.05897140503,
        "dvar": 92.4328842163,
        "dvar2": 300.836883545,
        "max": 440.404693604,
        "mean": 8.60562610626,
        "median": 6.37324380875,
        "min": -1.2846070528,
        "var": 169.890319824
    },
    "spectral_rms": {
        "dmean": 0.00138339318801,
        "dmean2": 0.00180636288133,
        "dvar": 3.64462243851e-06,
        "dvar2": 6.9933416853e-06,
        "max": 0.0273694321513,
        "mean": 0.0144636640325,
        "median": 0.0149041563272,
        "min": 3.16262619392e-12,
        "var": 2.97914739349e-05
    },
    "spectral_rolloff": {
        "dmean": 82.2247848511,
        "dmean2": 145.878845215,
        "dvar": 208944.859375,
        "dvar2": 537358.3125,
        "max": 19767.4804688,
        "mean": 176.487960815,
        "median": 64.599609375,
        "min": 64.599609375,
        "var": 848211.875
    },
    "spectral_skewness": {
        "dmean": 0.436921238899,
        "dmean2": 0.654207587242,
        "dvar": 0.351902484894,
        "dvar2": 0.820398688316,
        "max": 18.7161159515,
        "mean": 2.15061569214,
        "median": 2.03210878372,
        "min": -0.0665641948581,
        "var": 1.06528520584
    },
    "spectral_spread": {
        "dmean": 1093051.875,
        "dmean2": 1523846.25,
        "dvar": 2.09749671936e+12,
        "dvar2": 4.05125044634e+12,
        "max": 42772980,
        "mean": 5690284,
        "median": 4783664,
        "min": 334967.6875,
        "var": 9.6113744937e+12
    },
    "spectral_strongpeak": {
        "dmean": 0.0972539484501,
        "dmean2": 0.125162318349,
        "dvar": 0.0245238635689,
        "dvar2": 0.051842648536,
        "max": 3.59350395203,
        "mean": 1.03111553192,
        "median": 1.06338787079,
        "min": 0,
        "var": 0.172614306211
    },
    "zerocrossingrate": {
        "dmean": 0.00746005494148,
        "dmean2": 0.00937921926379,
        "dvar": 0.00014127533359,
        "dvar2": 0.000198624780751,
        "max": 0.51904296875,
        "mean": 0.0160685759038,
        "median": 0.00830078125,
        "min": 0.001953125,
        "var": 0.000832926074509
    },
    "barkbands": {
        "dmean": [0.00352962943725, 0.0363461636007, 0.000790126679931, 0.000529404904228, 0.00493582524359, 0.000579174957238, 0.000397084106226, 0.000349099573214, 0.000263825670118, 0.000201520801056, 0.000219927329454, 0.000145631449413, 0.000180390052265, 0.00016485179367, 9.56924268394e-05, 0.000103759746708, 9.22007311601e-05, 7.62150884839e-05, 7.38608505344e-05, 0.000146748599946, 0.000259359774645, 0.000281915010419, 0.00024318729993, 0.0002563270682, 0.000307147740386, 0.000382046739105, 0.000457564194221],
        "dmean2": [0.00590986898169, 0.04604934901, 0.00119868479669, 0.00091515306849, 0.00755672110245, 0.000990063883364, 0.000654248986393, 0.000530117889866, 0.000402646430302, 0.000315009732731, 0.00035568192834, 0.000230993347941, 0.000297523569316, 0.000265204609605, 0.000155189729412, 0.0001684660092, 0.000149985600729, 0.000127339444589, 0.000126828526845, 0.000252309226198, 0.000438862713054, 0.000472747138701, 0.000409034575569, 0.000429103296483, 0.00051729590632, 0.000641067512333, 0.000764492375311],
        "dvar": [7.64980359236e-05, 0.00301147182472, 1.89899196812e-06, 7.17868715583e-07, 0.000221231166506, 1.43298768762e-06, 6.27556573818e-07, 6.83205712448e-07, 4.1751187041e-07, 2.08993355955e-07, 3.01872034925e-07, 1.15583226545e-07, 2.51403776019e-07, 2.02240613589e-07, 8.43077003765e-08, 1.04555283542e-07, 7.22279693832e-08, 4.63372558102e-08, 2.55892445011e-08, 1.08510370467e-07, 4.75780240095e-07, 6.86608075284e-07, 5.22476454989e-07, 5.35169647264e-07, 7.76655213031e-07, 1.15612772333e-06, 1.64993650742e-06],
        "dvar2": [0.000217350418097, 0.00583705771714, 4.80309518025e-06, 2.13763132706e-06, 0.000529972894583, 3.66592144019e-06, 1.48412721046e-06, 1.38433767916e-06, 9.53251287683e-07, 4.86016006107e-07, 7.04480328295e-07, 2.44716545694e-07, 5.8952849713e-07, 3.45524654222e-07, 1.52749848326e-07, 1.98897822656e-07, 1.22991806961e-07, 8.78015526951e-08, 6.66240893565e-08, 2.87873234583e-07, 1.26000622913e-06, 1.80723759513e-06, 1.37628785524e-06, 1.39863198001e-06, 2.04816115001e-06, 3.02480066239e-06, 4.30941372542e-06],
        "max": [0.0807105749846, 0.719091594219, 0.012978317216, 0.0132645405829, 0.128956705332, 0.0179299712181, 0.0126529149711, 0.0239368863404, 0.014676081948, 0.0106811746955, 0.00964611954987, 0.00728821149096, 0.0108655290678, 0.00451228069142, 0.0058914385736, 0.00722664175555, 0.00324967247434, 0.00377615285106, 0.00179878307972, 0.00468364031985, 0.00964761991054, 0.00892951991409, 0.00828549079597, 0.00762265268713, 0.00883746705949, 0.00967654027045, 0.0108072245494],
        "mean": [0.00781081989408, 0.222360029817, 0.0021905307658, 0.000994079979137, 0.00487814936787, 0.000799833564088, 0.000655832292978, 0.000686853891239, 0.000377856864361, 0.000349524634657, 0.000357858545613, 0.000267772877123, 0.000287586532068, 0.000329166534357, 0.000161122501595, 0.000232412246987, 0.000166939906194, 0.0001478275517, 8.14237646409e-05, 0.000140396645293, 0.000215708729229, 0.000223355207709, 0.000189297585166, 0.000195674903807, 0.000230777164688, 0.000288048351649, 0.000344821892213],
        "median": [0.006019259803, 0.204053089023, 0.00171804451384, 0.000566316419281, 0.000625401269644, 0.000141524607898, 0.000164041382959, 9.60274774116e-05, 0.000102819212771, 7.8027631389e-05, 4.48679420515e-05, 4.20147189288e-05, 2.336673424e-05, 2.37228268816e-05, 1.57513932209e-05, 2.11715869227e-05, 2.09634745261e-05, 1.73447933776e-05, 1.59610663104e-05, 1.6617912479e-05, 1.81656905625e-05, 1.49633287947e-05, 8.99527276488e-06, 7.63141724747e-06, 6.15854787611e-06, 6.12154963164e-06, 5.23130256624e-06],
        "min": [6.20899106472e-25, 7.48382085591e-25, 2.50754860955e-24, 2.38379053302e-24, 1.94077863376e-23, 1.52904719932e-23, 9.92752892456e-24, 1.69192125939e-23, 1.51743784893e-23, 2.4752055491e-23, 2.10854615579e-23, 1.72876437688e-23, 4.33840428822e-23, 4.36372956318e-23, 4.6613708848e-23, 6.57808200343e-23, 8.94363604447e-23, 1.01085620893e-22, 1.61861484516e-22, 2.17747975625e-22, 2.97005423996e-22, 3.3593642911e-22, 3.9906814694e-22, 6.44748462907e-22, 8.79395278004e-22, 1.44887934236e-21, 2.12947591672e-21],
        "var": [6.25252578175e-05, 0.0218022484332, 4.44596389571e-06, 1.14844272048e-06, 0.000214492611121, 2.21868845074e-06, 1.53661460445e-06, 2.73712294074e-06, 7.90078956925e-07, 5.39244012998e-07, 6.6757024797e-07, 3.57961937425e-07, 5.43331623248e-07, 6.0125427126e-07, 2.2792811194e-07, 3.99759869651e-07, 2.12891691831e-07, 1.32590798785e-07, 2.58985526358e-08, 9.29175456577e-08, 3.65761167131e-07, 5.29858027676e-07, 4.00517336629e-07, 4.18683356429e-07, 5.96100733219e-07, 9.04801993329e-07, 1.29926775116e-06]
    },
    "erbbands": {
        "dmean": [1.75403773785, 5.613509655, 1.92780196667, 1.01011478901, 8.0079202652, 22.3769397736, 6.94600200653, 4.58425617218, 5.76913976669, 6.4812951088, 6.31107664108, 6.03028345108, 7.71394062042, 5.82848596573, 7.21008777618, 6.48525953293, 8.268242836, 6.69783639908, 5.76991415024, 4.92395401001, 4.99532413483, 4.34879112244, 3.76233243942, 3.49573874474, 4.60915994644, 6.94782924652, 9.31111717224, 11.055847168, 10.219997406, 8.40756416321, 6.75364875793, 5.38423347473, 4.29888153076, 3.27410840988, 2.28749418259, 1.41098177433, 0.721699416637, 0.286983042955, 0.0704665035009, 0.00616262014955],
        "dmean2": [2.22351646423, 7.15438270569, 2.67831897736, 1.64778661728, 12.4825677872, 34.2162895203, 11.9607887268, 7.73231077194, 9.43917560577, 10.332818985, 9.70995235443, 9.04986190796, 12.0997667313, 9.07851791382, 11.6130628586, 10.396736145, 13.6046009064, 10.81889534, 9.23495864868, 7.94585466385, 8.08676052094, 7.03107023239, 6.30223560333, 5.94210720062, 7.87143230438, 11.9562339783, 15.8475475311, 18.6852245331, 17.1687240601, 14.107170105, 11.3447360992, 9.02246856689, 7.21521472931, 5.52601718903, 3.85127663612, 2.36912274361, 1.21255385876, 0.480872303247, 0.118059903383, 0.0102941105142],
        "dvar": [7.20823955536, 71.9272918701, 6.72766685486, 1.77060461044, 447.048858643, 4909.82714844, 330.338409424, 89.3741607666, 139.887542725, 240.127456665, 195.553512573, 263.483093262, 366.719299316, 178.017990112, 326.131744385, 228.081375122, 542.836914062, 303.635162354, 266.828643799, 198.915603638, 214.960357666, 147.953536987, 81.9221572876, 54.49269104, 96.0969924927, 247.359649658, 525.0390625, 997.948852539, 919.99987793, 626.06817627, 400.490478516, 242.393508911, 153.439651489, 90.5508041382, 43.7659568787, 15.9808721542, 4.20694112778, 0.664270043373, 0.0396976023912, 0.000304072309518],
        "dvar2": [14.8932247162, 133.221054077, 15.8525362015, 4.67360877991, 1065.57067871, 11782.8173828, 918.68145752, 231.867660522, 310.25213623, 491.82244873, 432.398925781, 591.891784668, 857.891601562, 441.175231934, 807.077880859, 521.141784668, 1288.34936523, 588.790527344, 481.266601562, 353.987121582, 395.676239014, 254.307662964, 167.079345703, 134.060974121, 249.359695435, 656.967102051, 1393.8248291, 2648.47167969, 2432.34936523, 1645.00134277, 1054.73266602, 635.682067871, 402.484741211, 238.961929321, 115.986274719, 41.9617042542, 11.0315504074, 1.74330639839, 0.103749416769, 0.000797196873464],
        "max": [32.5994644165, 117.380805969, 36.8750762939, 21.9558448792, 193.896377563, 616.067138672, 183.005126953, 148.108078003, 187.730667114, 492.116790771, 441.908935547, 411.126495361, 427.082214355, 354.822052002, 373.168457031, 374.446136475, 532.514282227, 302.437957764, 361.366119385, 237.142105103, 275.663513184, 157.025665283, 194.633712769, 78.3269195557, 116.05531311, 212.122497559, 271.66897583, 505.965240479, 386.91217041, 278.080627441, 219.70892334, 158.033599854, 148.155395508, 101.627128601, 71.9279174805, 40.0453796387, 19.5738353729, 7.65576982498, 1.7018198967, 0.158774733543],
        "mean": [10.0585222244, 35.5682640076, 7.70335245132, 2.73576259613, 9.25828456879, 21.0192394257, 7.43927001953, 6.99072313309, 10.2623901367, 11.8447694778, 11.4099988937, 8.93400859833, 12.5245056152, 10.506603241, 12.4114408493, 12.6945352554, 14.4647026062, 13.4035463333, 12.5771808624, 10.4723653793, 11.3249979019, 8.20097351074, 8.82731342316, 4.66293382645, 5.8181476593, 6.53481578827, 7.90982818604, 8.96706581116, 8.12716579437, 6.55550193787, 5.22293901443, 4.13602876663, 3.26894283295, 2.46323037148, 1.7092192173, 1.06012809277, 0.544153988361, 0.215477570891, 0.0532495118678, 0.00486752344295],
        "median": [9.06385231018, 32.5825805664, 6.54318141937, 2.27046370506, 3.00735330582, 1.94310450554, 1.83778941631, 1.58412766457, 2.48150253296, 2.51492452621, 2.23014426231, 2.45260381699, 2.64492177963, 2.53963136673, 3.0211558342, 2.72364974022, 1.66199851036, 1.56726264954, 1.66631388664, 1.46442234516, 1.88957703114, 1.68704533577, 1.21477854252, 1.0953373909, 1.00724697113, 0.992781043053, 0.940711736679, 0.706880450249, 0.568402469158, 0.358921587467, 0.256470233202, 0.179901570082, 0.12165017426, 0.0708853378892, 0.0426641851664, 0.0238520372659, 0.0105347763747, 0.0036995280534, 0.000925020431168, 0.000432375294622],
        "min": [3.25527396844e-23, 3.48995775271e-22, 3.16830490616e-21, 1.18818347684e-20, 1.91820582956e-20, 6.03300431603e-20, 7.69979457608e-20, 1.24568294995e-19, 1.92018928588e-19, 2.67508555738e-19, 5.25270494018e-19, 4.41202680798e-19, 6.22816905127e-19, 1.24501797429e-18, 6.57681999259e-19, 1.06557282432e-18, 2.08850448806e-18, 2.580529094e-18, 2.93647814647e-18, 3.58990967815e-18, 4.48443644104e-18, 5.2145780144e-18, 5.60427934458e-18, 7.20982119712e-18, 9.04493379378e-18, 1.01345490362e-17, 8.68659584369e-18, 1.16530996124e-17, 1.06351711506e-17, 9.75177617081e-18, 1.23580709069e-17, 1.19814307586e-17, 1.0007915129e-17, 9.18488034571e-18, 6.41399734722e-18, 4.39835051393e-18, 2.19262357292e-18, 1.03010063132e-18, 2.77364903875e-19, 2.96970538421e-20],
        "var": [44.3641624451, 570.821044922, 26.4952945709, 4.20375967026, 468.007843018, 4634.78662109, 253.728469849, 153.555053711, 397.540130615, 834.190124512, 645.114440918, 476.405395508, 795.18560791, 472.164367676, 691.081298828, 673.750671387, 1194.42163086, 893.016601562, 866.609802246, 769.440002441, 780.789489746, 467.086730957, 391.257965088, 74.2732696533, 116.388565063, 208.810409546, 403.493865967, 756.759887695, 702.030517578, 482.453430176, 307.425506592, 188.25970459, 118.685852051, 69.0781936646, 33.2574958801, 12.4051036835, 3.27409052849, 0.516352236271, 0.031124189496, 0.000237464933889]
    },
    "gfcc": {
        "mean": [-29.8000354767, 95.6746673584, -44.8501930237, 40.5401382446, -14.4142475128, 24.163520813, -3.68992352486, 14.1643037796, -3.66766667366, 9.35136699677, -3.05929970741, 5.5463385582, -0.955884039402],
        "cov": [[12155.0996094, -2711.47680664, -1067.31469727, -62.4160003662, -650.018188477, -108.764045715, -422.982452393, -2.33676695824, -192.914764404, 385.742858887, -78.4328842163, 383.682495117, -99.1936035156], [-2711.47680664, 2745.03637695, -685.318847656, -444.871185303, 355.623840332, -34.8886947632, 158.443023682, 87.6175460815, 212.893356323, -214.574615479, 176.43371582, -128.08265686, 105.875839233], [-1067.31469727, -685.318847656, 1422.31872559, 311.486022949, -89.924949646, 79.8429489136, 107.751319885, -68.0018768311, -118.379554749, -63.1966552734, -135.021606445, -39.4373207092, 40.6297416687], [-62.4160003662, -444.871185303, 311.486022949, 399.498016357, 56.7086105347, 4.9580616951, -42.7524986267, -85.6922607422, -60.8873710632, 30.1127529144, -2.12974309921, -7.67325353622, -17.8379039764], [-650.018188477, 355.623840332, -89.924949646, 56.7086105347, 270.703826904, 72.2444152832, 41.316192627, -28.4928684235, 11.7583751678, -57.3420562744, 35.8573188782, -24.0887298584, 30.9552516937], [-108.764045715, -34.8886947632, 79.8429489136, 4.9580616951, 72.2444152832, 110.544921875, 60.8496856689, -2.04482340813, -30.2914009094, -41.1186294556, -36.8942375183, -6.56315517426, 17.8202323914], [-422.982452393, 158.443023682, 107.751319885, -42.7524986267, 41.316192627, 60.8496856689, 121.424804688, 55.0229492188, 30.5627365112, -37.3203620911, -15.8817691803, -32.6235237122, 19.7747802734], [-2.33676695824, 87.6175460815, -68.0018768311, -85.6922607422, -28.4928684235, -2.04482340813, 55.0229492188, 100.035072327, 77.0768890381, 22.7398090363, -4.71304988861, -22.3484134674, -22.6806316376], [-192.914764404, 212.893356323, -118.379554749, -60.8873710632, 11.7583751678, -30.2914009094, 30.5627365112, 77.0768890381, 135.72517395, 54.0591049194, 38.5186004639, -37.2971458435, -32.7625198364], [385.742858887, -214.574615479, -63.1966552734, 30.1127529144, -57.3420562744, -41.1186294556, -37.3203620911, 22.7398090363, 54.0591049194, 118.594192505, 41.0745201111, 11.7896232605, -52.2523536682], [-78.4328842163, 176.43371582, -135.021606445, -2.12974309921, 35.8573188782, -36.8942375183, -15.8817691803, -4.71304988861, 38.5186004639, 41.0745201111, 95.6338119507, 31.5505867004, 7.38272047043], [383.682495117, -128.08265686, -39.4373207092, -7.67325353622, -24.0887298584, -6.56315517426, -32.6235237122, -22.3484134674, -37.2971458435, 11.7896232605, 31.5505867004, 89.9885864258, 38.2933616638], [-99.1936035156, 105.875839233, 40.6297416687, -17.8379039764, 30.9552516937, 17.8202323914, 19.7747802734, -22.6806316376, -32.7625198364, -52.2523536682, 7.38272047043, 38.2933616638, 84.791809082]],
        "icov": [[0.000162499869475, 0.000129395833937, 0.000208500379813, -5.33850425199e-06, 0.000189794911421, -0.000116264702228, 0.000135653273901, -0.000101033707324, 8.87132846401e-05, -0.000261628883891, 0.000279545871308, -0.000295892299619, -0.000193676110939], [0.000129395833937, 0.00159656803589, 0.000355366413714, 0.00111349613871, -0.000432343658758, 0.000628778128885, 6.40868456685e-05, -6.15514218225e-05, -0.00114863167983, 0.00359785184264, -0.00379558722489, 0.00266977050342, -0.000885843997821], [0.000208500379813, 0.000355366413714, 0.00180205609649, -0.00110894383397, 0.00127412052825, 0.000478386355098, -0.00306884525344, 0.00232987198979, -0.000595160410739, -9.67131636571e-05, 0.00181372859515, -0.000374758004909, -0.000801610993221], [-5.33850425199e-06, 0.00111349613871, -0.00110894383397, 0.00586497504264, -0.00323854805902, 0.00200563576072, 0.000665436906274, 0.00167362287175, 0.00164696737193, -0.00118935515638, -0.00254544080235, 0.00325639196672, 7.62866693549e-05], [0.000189794911421, -0.000432343658758, 0.00127412052825, -0.00323854805902, 0.0108105810359, -0.0094736982137, 0.00159774522763, 0.002694737399, -0.00448360387236, 0.00540587725118, -0.00579684134573, 0.00221488834359, -0.00103401253], [-0.000116264702228, 0.000628778128885, 0.000478386355098, 0.00200563576072, -0.0094736982137, 0.0280996169895, -0.0186959095299, 0.00743605429307, 0.00410346128047, -0.00502998009324, 0.01391316019, -0.00786735117435, 0.00400129705667], [0.000135653273901, 6.40868456685e-05, -0.00306884525344, 0.000665436906274, 0.00159774522763, -0.0186959095299, 0.0365430228412, -0.0245565846562, 0.00199380121194, 0.00675036292523, -0.0147722968832, 0.0138560663909, -0.0100970426574], [-0.000101033707324, -6.15514218225e-05, 0.00232987198979, 0.00167362287175, 0.002694737399, 0.00743605429307, -0.0245565846562, 0.0430429466069, -0.0195181462914, -0.00211919494905, 0.0154916262254, -0.0126967253163, 0.00942583847791], [8.87132846401e-05, -0.00114863167983, -0.000595160410739, 0.00164696737193, -0.00448360387236, 0.00410346128047, 0.00199380121194, -0.0195181462914, 0.031017575413, -0.0149367293343, -0.00551746319979, 0.0115958470851, -0.00471800332889], [-0.000261628883891, 0.00359785184264, -9.67131636571e-05, -0.00118935515638, 0.00540587725118, -0.00502998009324, 0.00675036292523, -0.00211919494905, -0.0149367293343, 0.0390191785991, -0.0217384845018, 0.000322856561979, 0.0119608826935], [0.000279545871308, -0.00379558722489, 0.00181372859515, -0.00254544080235, -0.00579684134573, 0.01391316019, -0.0147722968832, 0.0154916262254, -0.00551746319979, -0.0217384845018, 0.0454552434385, -0.0242493823171, 0.00190859544091], [-0.000295892299619, 0.00266977050342, -0.000374758004909, 0.00325639196672, 0.00221488834359, -0.00786735117435, 0.0138560663909, -0.0126967253163, 0.0115958470851, 0.000322856561979, -0.0242493823171, 0.03987441957, -0.0198150742799], [-0.000193676110939, -0.000885843997821, -0.000801610993221, 7.62866693549e-05, -0.00103401253, 0.00400129705667, -0.0100970426574, 0.00942583847791, -0.00471800332889, 0.0119608826935, 0.00190859544091, -0.0198150742799, 0.0318163819611]]
    },
    "melbands": {
        "dmean": [0.0123099014163, 0.00294404593296, 0.000260061002336, 0.00128492026124, 0.00035879763891, 0.000101344456198, 8.63903114805e-05, 7.5716401625e-05, 5.18239103258e-05, 3.66938365914e-05, 3.82767721021e-05, 2.27553646255e-05, 2.82701039396e-05, 1.57845934154e-05, 2.34893668676e-05, 1.28028368636e-05, 1.44391224239e-05, 1.1162456758e-05, 6.58935459796e-06, 8.76760623214e-06, 5.73050283492e-06, 4.32709566667e-06, 4.60867931906e-06, 4.62550133307e-06, 2.61653917732e-06, 3.00610872728e-06, 3.9271390051e-06, 4.86568933411e-06, 5.50695176571e-06, 6.31899547443e-06, 6.58115322949e-06, 5.94058110437e-06, 5.12435099154e-06, 4.52046833743e-06, 3.96148470827e-06, 3.50972959495e-06, 3.21684228766e-06, 3.03933143186e-06, 2.83109829979e-06, 2.74418675872e-06],
        "dmean2": [0.0155524350703, 0.00390028837137, 0.000441519863671, 0.00195443211123, 0.000591311953031, 0.000171523235622, 0.000141437383718, 0.000118640979053, 7.97418833827e-05, 5.51134799025e-05, 6.02423024247e-05, 3.52683127858e-05, 4.55471817986e-05, 2.56220700976e-05, 3.84980885428e-05, 2.1233507141e-05, 2.32390375459e-05, 1.78133614099e-05, 1.07218529593e-05, 1.40934889714e-05, 9.25329004531e-06, 7.02434999766e-06, 7.54675829739e-06, 7.61032833907e-06, 4.48199671155e-06, 5.17914349984e-06, 6.72661235512e-06, 8.40349821374e-06, 9.43600753089e-06, 1.0748925888e-05, 1.1137482943e-05, 1.00341012512e-05, 8.61695480125e-06, 7.62911395213e-06, 6.66886217005e-06, 5.90292074776e-06, 5.40885503142e-06, 5.12057204105e-06, 4.76601871924e-06, 4.64612776341e-06],
        "dvar": [0.000355485302862, 1.76122157427e-05, 1.72124401843e-07, 1.52740776684e-05, 1.03207855773e-06, 4.24679207356e-08, 3.02804608054e-08, 3.49540485445e-08, 1.32673783071e-08, 8.19307821587e-09, 8.99026808554e-09, 2.65851896053e-09, 5.11649789203e-09, 1.23977139665e-09, 3.51488727013e-09, 1.08043651803e-09, 1.55304269445e-09, 1.13124698498e-09, 3.02040947808e-10, 9.22397713765e-10, 2.90369089884e-10, 1.08986070169e-10, 2.21756960017e-10, 2.56655724451e-10, 3.23687188164e-11, 4.56317553188e-11, 7.65162308514e-11, 1.27424515384e-10, 1.83890278005e-10, 2.91647955786e-10, 3.77801123719e-10, 3.2236530112e-10, 2.4220325745e-10, 1.9164990428e-10, 1.42996114949e-10, 1.07866049426e-10, 8.93361218335e-11, 7.98926549916e-11, 6.87976203784e-11, 6.5706287633e-11],
        "dvar2": [0.000710463908035, 3.31009177899e-05, 4.7227348432e-07, 3.60182857548e-05, 2.7424396194e-06, 1.09133289072e-07, 6.87895820306e-08, 6.96971866887e-08, 3.01798692703e-08, 1.84402093595e-08, 2.10567421277e-08, 6.48333120523e-09, 1.12720233147e-08, 3.07988989867e-09, 7.55108153783e-09, 2.6090700711e-09, 2.7879361042e-09, 1.93605020904e-09, 5.81511061526e-10, 1.69132141625e-09, 5.23076026937e-10, 1.99214561514e-10, 3.79108938686e-10, 4.49098591648e-10, 8.36178695729e-11, 1.19818432953e-10, 1.9829209108e-10, 3.37795041938e-10, 4.90706475453e-10, 7.78775932631e-10, 1.0043974541e-09, 8.56948678685e-10, 6.39999830909e-10, 5.0748649727e-10, 3.78519993127e-10, 2.84982537568e-10, 2.35352459743e-10, 2.10576014958e-10, 1.81494666518e-10, 1.74413677945e-10],
        "max": [0.239904358983, 0.0601996183395, 0.00700087239966, 0.033826444298, 0.00944686401635, 0.00330271734856, 0.00272561702877, 0.00590688642114, 0.00330668082461, 0.00223653647117, 0.00210321997292, 0.00130718643777, 0.00112766562961, 0.000784345786087, 0.00100241217297, 0.000695229391567, 0.000511039048433, 0.00053255277453, 0.000233171085711, 0.000723617326003, 0.000295706297038, 0.000125775986817, 0.000189124359167, 0.000300881511066, 7.33075867174e-05, 9.01001258171e-05, 0.000114045622468, 0.000152090098709, 0.000146571852383, 0.000207143850275, 0.000308406655677, 0.000268040486844, 0.000171637846506, 0.000198719804757, 0.000147290003952, 0.000121084616694, 0.000104336584627, 0.000123917343444, 9.67518208199e-05, 8.30795979709e-05],
        "mean": [0.0739951208234, 0.0171644818038, 0.000550572469365, 0.00127969949972, 0.00036427215673, 0.000157602655236, 0.0001479559578, 0.000138886360219, 8.85663102963e-05, 5.38887325092e-05, 6.08347581874e-05, 3.91760331695e-05, 4.74812986795e-05, 2.6077934308e-05, 4.45362966275e-05, 1.9610639356e-05, 2.83858789771e-05, 2.33799783018e-05, 1.08182721306e-05, 1.85408880498e-05, 1.16082101158e-05, 7.51801007937e-06, 8.45343583933e-06, 9.4682791314e-06, 2.75282127404e-06, 3.4045965549e-06, 4.71845532957e-06, 4.27425584348e-06, 4.55922736364e-06, 5.33248930878e-06, 5.24522829437e-06, 4.73695672554e-06, 3.98431211579e-06, 3.51581229552e-06, 3.053148248e-06, 2.70463215202e-06, 2.44809712058e-06, 2.30690329772e-06, 2.1392816052e-06, 2.0512284209e-06],
        "median": [0.0672833770514, 0.015746448189, 0.000413338042563, 0.000162033218658, 8.0005833297e-05, 3.08334201691e-05, 3.37704550475e-05, 2.27943219215e-05, 1.73736880242e-05, 1.48728368004e-05, 1.19489104691e-05, 9.63413367572e-06, 7.69352482166e-06, 5.66375274502e-06, 3.81129621019e-06, 1.97036433747e-06, 2.25075154958e-06, 1.94913036466e-06, 1.34462175083e-06, 1.25517112792e-06, 1.54549957188e-06, 1.24949588098e-06, 9.46650914102e-07, 8.04814021649e-07, 6.13767383584e-07, 6.52992980577e-07, 6.13858446741e-07, 4.53018174085e-07, 6.33144168205e-07, 4.05061911124e-07, 3.06056108457e-07, 3.05147437984e-07, 2.23736392968e-07, 1.77514152711e-07, 1.56834602194e-07, 1.13705752369e-07, 1.03753251324e-07, 8.22463874783e-08, 6.7552932137e-08, 5.76175125389e-08],
        "min": [3.43778211576e-25, 1.59500555566e-24, 3.06978811772e-24, 1.49553847855e-24, 2.64244126055e-24, 2.63510741793e-24, 2.57220739643e-24, 3.2198529305e-24, 3.32075060686e-24, 2.3200495858e-24, 2.28886867523e-24, 3.93466227926e-24, 2.24549651102e-24, 1.97663930388e-24, 4.25845181553e-24, 3.42258111125e-24, 3.7969102047e-24, 3.5722181642e-24, 4.3270259163e-24, 3.26118312827e-24, 4.79919821669e-24, 4.6739188219e-24, 4.41436228484e-24, 4.89919185845e-24, 5.69885345276e-24, 5.5569799744e-24, 5.40368576228e-24, 6.78659008914e-24, 5.48936197304e-24, 5.5684220074e-24, 5.92434382049e-24, 5.56352633662e-24, 5.63774473716e-24, 4.63785052359e-24, 6.87361091332e-24, 6.88624373185e-24, 7.11938762809e-24, 6.06482456492e-24, 6.70637319027e-24, 7.10850055873e-24],
        "var": [0.00240838970058, 0.000130287429783, 2.58312411461e-07, 1.51781678142e-05, 8.1745145053e-07, 7.83174556318e-08, 8.07908477896e-08, 1.25605509993e-07, 3.87174701189e-08, 1.53795127744e-08, 1.90117184218e-08, 6.79819178728e-09, 1.17390328569e-08, 2.99144220506e-09, 9.37981603499e-09, 2.29219421222e-09, 4.53653692389e-09, 3.54315732309e-09, 8.14578515751e-10, 3.22987947499e-09, 8.67588889619e-10, 3.02956576492e-10, 7.30295657281e-10, 7.89456056083e-10, 3.09059722259e-11, 4.71810090996e-11, 9.03589841839e-11, 1.04879785412e-10, 1.36385666649e-10, 2.22732637889e-10, 2.86032086905e-10, 2.42431769104e-10, 1.84018966731e-10, 1.44419434744e-10, 1.08253205011e-10, 8.23008119988e-11, 6.84587664335e-11, 6.08870454055e-11, 5.24456172935e-11, 4.93881290031e-11]
    },
    "mfcc": {
        "mean": [-703.806030273, 140.396179199, 42.0751304626, 42.8636932373, 23.0037212372, 26.796453476, 20.2200641632, 17.938583374, 16.2520294189, 12.0573711395, 9.27901363373, 10.8030862808, 7.79480934143],
        "cov": [[9839.72265625, -2154.28759766, -768.066101074, -451.005462646, -508.986480713, -238.336196899, -334.643463135, -274.696929932, -212.47668457, -164.272705078, -10.2830963135, 35.3909721375, 29.7581501007], [-2154.28759766, 2423.58862305, -628.805969238, -227.311218262, 60.3488998413, -130.187225342, 40.0155715942, 183.311523438, 95.454826355, 69.8299255371, 22.4420948029, 37.283946991, 29.3227844238], [-768.066101074, -628.805969238, 931.483703613, 282.980285645, 58.8426818848, 115.268608093, 64.7243499756, -30.834104538, 20.9438915253, -4.04306745529, -32.1498756409, -54.6443634033, -42.5856246948], [-451.005462646, -227.311218262, 282.980285645, 296.584686279, 113.961181641, 90.9173049927, 38.8745651245, -31.4074935913, -42.2639541626, -10.982843399, -13.5752563477, -18.0594482422, -2.52229785919], [-508.986480713, 60.3488998413, 58.8426818848, 113.961181641, 157.519073486, 102.680923462, 57.4106864929, 21.2543849945, -0.344490110874, -8.7302312851, -13.9020652771, -15.7839431763, -9.47913646698], [-238.336196899, -130.187225342, 115.268608093, 90.9173049927, 102.680923462, 137.89112854, 81.3750839233, 16.9759960175, 0.0963208451867, -14.613442421, -26.0975952148, -30.9852161407, -11.9362668991], [-334.643463135, 40.0155715942, 64.7243499756, 38.8745651245, 57.4106864929, 81.3750839233, 119.217880249, 57.8688697815, 21.8441314697, -10.3075418472, -44.6818885803, -53.3153495789, -20.2122497559], [-274.696929932, 183.311523438, -30.834104538, -31.4074935913, 21.2543849945, 16.9759960175, 57.8688697815, 95.2487258911, 58.6026496887, 11.0550374985, -11.3273487091, -24.1300945282, -20.166601181], [-212.47668457, 95.454826355, 20.9438915253, -42.2639541626, -0.344490110874, 0.0963208451867, 21.8441314697, 58.6026496887, 90.3341217041, 48.0384521484, 20.4263496399, -1.07252752781, -18.1553764343], [-164.272705078, 69.8299255371, -4.04306745529, -10.982843399, -8.7302312851, -14.613442421, -10.3075418472, 11.0550374985, 48.0384521484, 88.8886413574, 64.8763580322, 21.7316627502, -30.2247333527], [-10.2830963135, 22.4420948029, -32.1498756409, -13.5752563477, -13.9020652771, -26.0975952148, -44.6818885803, -11.3273487091, 20.4263496399, 64.8763580322, 108.41506958, 70.5559539795, -11.2077875137], [35.3909721375, 37.283946991, -54.6443634033, -18.0594482422, -15.7839431763, -30.9852161407, -53.3153495789, -24.1300945282, -1.07252752781, 21.7316627502, 70.5559539795, 123.767356873, 77.2021179199], [29.7581501007, 29.3227844238, -42.5856246948, -2.52229785919, -9.47913646698, -11.9362668991, -20.2122497559, -20.166601181, -18.1553764343, -30.2247333527, -11.2077875137, 77.2021179199, 156.415466309]],
