{
"lowlevel": {
    "average_loudness": 0.858214020729,
    "barkbands_crest": {
        "dmean": 2.23315763474,
        "dmean2": 3.48796391487,
        "dvar": 6.11666059494,
        "dvar2": 13.9428949356,
        "max": 26.7073955536,
        "mean": 14.1920862198,
        "median": 13.4308862686,
        "min": 2.99673867226,
        "var": 24.9868793488
    },
    "barkbands_flatness_db": {
        "dmean": 0.0241691693664,
        "dmean2": 0.0348701924086,
        "dvar": 0.000663833343424,
        "dvar2": 0.00137592642568,
        "max": 0.657463431358,
        "mean": 0.255656778812,
        "median": 0.246479481459,
        "min": 0.0414735712111,
        "var": 0.00854678079486
    },
    "barkbands_kurtosis": {
        "dmean": 9.62568569183,
        "dmean2": 14.2819623947,
        "dvar": 517.349243164,
        "dvar2": 1108.60473633,
        "max": 507.486541748,
        "mean": 18.4939727783,
        "median": 8.96570014954,
        "min": -1.94611489773,
        "var": 994.619384766
    },
    "barkbands_skewness": {
        "dmean": 0.794468522072,
        "dmean2": 1.14317417145,
        "dvar": 1.12567615509,
        "dvar2": 2.16257333755,
        "max": 20.4536533356,
        "mean": 2.66038203239,
        "median": 2.28920602798,
        "min": -3.62763357162,
        "var": 4.31824493408
    },
    "barkbands_spread": {
        "dmean": 2.4957678318,
        "dmean2": 3.79731583595,
        "dvar": 16.1847324371,
        "dvar2": 36.8638191223,
        "max": 88.9827575684,
        "mean": 8.02129745483,
        "median": 5.38499069214,
        "min": 0.138273850083,
        "var": 66.5854415894
    },
    "dissonance": {
        "dmean": 0.0292229726911,
        "dmean2": 0.0478195697069,
        "dvar": 0.000946758547798,
        "dvar2": 0.00233015557751,
        "max": 0.499985307455,
        "mean": 0.40552097559,
        "median": 0.425608605146,
        "min": 0.0361435040832,
        "var": 0.00547015294433
    },
    "dynamic_complexity": 4.15732145309,
    "erbbands_crest": {
        "dmean": 2.48740768433,
        "dmean2": 3.89124584198,
        "dvar": 6.92373466492,
        "dvar2": 16.3876361847,
        "max": 32.9321937561,
        "mean": 13.282743454,
        "median": 12.1062116623,
        "min": 2.99720549583,
        "var": 35.2139701843
    },
    "erbbands_flatness_db": {
        "dmean": 0.0196109749377,
        "dmean2": 0.0267567187548,
        "dvar": 0.000415614806116,
        "dvar2": 0.000749373692088,
        "max": 0.58521181345,
        "mean": 0.228207081556,
        "median": 0.209976032376,
        "min": 0.0665174424648,
        "var": 0.00736218784004
    },
    "erbbands_kurtosis": {
        "dmean": 2.97720217705,
        "dmean2": 4.57997560501,
        "dvar": 37.4364433289,
        "dvar2": 85.0769119263,
        "max": 219.659515381,
        "mean": 5.82647895813,
        "median": 2.50146341324,
        "min": -1.951608181,
        "var": 137.883895874
    },
    "erbbands_skewness": {
        "dmean": 0.489967077971,
        "dmean2": 0.743793547153,
        "dvar": 0.303707271814,
        "dvar2": 0.69254475832,
        "max": 9.34554576874,
        "mean": 1.41793310642,
        "median": 1.31841480732,
        "min": -5.15547323227,
        "var": 1.67425739765
    },
    "erbbands_spread": {
        "dmean": 7.94212722778,
        "dmean2": 11.5630092621,
        "dvar": 117.253105164,
        "dvar2": 226.426742554,
        "max": 152.029525757,
        "mean": 26.8337574005,
        "median": 21.2343711853,
        "min": 0.283443003893,
        "var": 485.04888916
    },
    "hfc": {
        "dmean": 3.30190086365,
        "dmean2": 4.98477888107,
        "dvar": 46.2540779114,
        "dvar2": 112.838157654,
        "max": 85.6549682617,
        "mean": 9.83028125763,
        "median": 7.27160787582,
        "min": 1.19733890741e-16,
        "var": 93.771484375
    },
    "melbands_crest": {
        "dmean": 2.61017584801,
        "dmean2": 3.98106169701,
        "dvar": 9.06809520721,
        "dvar2": 19.854801178,
        "max": 37.1051712036,
        "mean": 17.8162097931,
        "median": 16.4883594513,
        "min": 1.78953754902,
        "var": 40.9191474915
    },
    "melbands_flatness_db": {
        "dmean": 0.0266214404255,
        "dmean2": 0.0384765714407,
        "dvar": 0.000843473651912,
        "dvar2": 0.00173480983358,
        "max": 0.74732029438,
        "mean": 0.345370739698,
        "median": 0.340056419373,
        "min": 0.00546295242384,
        "var": 0.0111450757831
    },
    "melbands_kurtosis": {
        "dmean": 14.2954902649,
        "dmean2": 20.9421234131,
        "dvar": 1168.28125,
        "dvar2": 2322.51806641,
        "max": 1161.13378906,
        "mean": 27.4670238495,
        "median": 13.7471523285,
        "min": -1.91880595684,
        "var": 2329.41455078
    },
    "melbands_skewness": {
        "dmean": 0.878693580627,
        "dmean2": 1.28414571285,
        "dvar": 1.34274697304,
        "dvar2": 2.56565690041,
        "max": 29.7001724243,
        "mean": 3.04752254486,
        "median": 2.59734106064,
        "min": -3.21765398979,
        "var": 5.46282529831
    },
    "melbands_spread": {
        "dmean": 2.52200460434,
        "dmean2": 3.91833901405,
        "dvar": 27.2987804413,
        "dvar2": 62.5519447327,
        "max": 137.560562134,
        "mean": 8.210064888,
        "median": 5.41755867004,
        "min": 0.273057162762,
        "var": 97.4981536865
    },
    "pitch_salience": {
        "dmean": 0.0647922158241,
        "dmean2": 0.102175407112,
        "dvar": 0.00602562073618,
        "dvar2": 0.0141533929855,
        "max": 0.978040099144,
        "mean": 0.473898053169,
        "median": 0.480372309685,
        "min": 0.0543533787131,
        "var": 0.0215172339231
    },
    "silence_rate_20dB": {
        "dmean": 0,
        "dmean2": 0,
        "dvar": 0,
        "dvar2": 0,
        "max": 1,
        "mean": 1,
        "median": 1,
        "min": 1,
        "var": 0
    },
    "silence_rate_30dB": {
        "dmean": 0.0457376763225,
        "dmean2": 0.0914834886789,
        "dvar": 0.0436502248049,
        "dvar2": 0.0923665761948,
        "max": 1,
        "mean": 0.926683843136,
        "median": 1,
        "min": 0,
        "var": 0.0679387524724
    },
    "silence_rate_60dB": {
        "dmean": 0.0179747287184,
        "dmean2": 0.0359526574612,
        "dvar": 0.0176495723426,
        "dvar2": 0.0378606729209,
        "max": 1,
        "mean": 0.127769380808,
        "median": 0,
        "min": 0,
        "var": 0.11142385751
    },
    "spectral_centroid": {
        "dmean": 131.993652344,
        "dmean2": 207.171310425,
        "dvar": 54775.5703125,
        "dvar2": 116577.335938,
        "max": 10805.5458984,
        "mean": 653.428527832,
        "median": 493.859863281,
        "min": 143.92326355,
        "var": 231632
    },
    "spectral_complexity": {
        "dmean": 1.63587832451,
        "dmean2": 2.63700270653,
        "dvar": 4.35640192032,
        "dvar2": 9.55059146881,
        "max": 34,
        "mean": 8.73734283447,
        "median": 8,
        "min": 0,
        "var": 20.026342392
    },
    "spectral_decrease": {
        "dmean": 3.69709285408e-09,
        "dmean2": 5.92558668799e-09,
        "dvar": 7.16139225379e-17,
        "dvar2": 1.91079568533e-16,
        "max": 3.48180999339e-17,
        "mean": -9.59734780537e-09,
        "median": -6.27894136684e-09,
        "min": -9.62877564348e-08,
        "var": 1.37411865397e-16
    },
    "spectral_energy": {
        "dmean": 0.0141936484724,
        "dmean2": 0.0227379668504,
        "dvar": 0.00104484136682,
        "dvar2": 0.00278627988882,
        "max": 0.365485757589,
        "mean": 0.0371141880751,
        "median": 0.0244431383908,
        "min": 1.05321135e-20,
        "var": 0.00200999644585
    },
    "spectral_energyband_high": {
        "dmean": 0.000130157583044,
        "dmean2": 0.000189495331142,
        "dvar": 1.25486991465e-07,
        "dvar2": 2.42365103986e-07,
        "max": 0.00503444531932,
        "mean": 0.000193027677597,
        "median": 2.72574470728e-05,
        "min": 7.51315387244e-21,
        "var": 2.81420312831e-07
    },
    "spectral_energyband_low": {
        "dmean": 0.0103043122217,
        "dmean2": 0.0169480275363,
        "dvar": 0.000932191091124,
        "dvar2": 0.00243499362841,
        "max": 0.361330896616,
        "mean": 0.019039966166,
        "median": 0.00197939807549,
        "min": 7.23099062025e-23,
        "var": 0.00160143733956
    },
    "spectral_energyband_middle_high": {
        "dmean": 0.000459083385067,
        "dmean2": 0.000759736518376,
        "dvar": 1.91856588572e-06,
        "dvar2": 5.13058876095e-06,
        "max": 0.0284360609949,
        "mean": 0.000937975302804,
        "median": 0.00046986551024,
        "min": 1.52836410889e-21,
        "var": 2.50376433542e-06
    },
    "spectral_energyband_middle_low": {
        "dmean": 0.00620342837647,
        "dmean2": 0.0093094818294,
        "dvar": 0.000176770423423,
        "dvar2": 0.000432736735092,
        "max": 0.206909045577,
        "mean": 0.0178030300885,
        "median": 0.0115452799946,
        "min": 2.14794126987e-22,
        "var": 0.000401300785597
    },
    "spectral_entropy": {
        "dmean": 0.220009118319,
        "dmean2": 0.321336179972,
        "dvar": 0.0623801127076,
        "dvar2": 0.132762029767,
        "max": 9.81571960449,
        "mean": 6.49875497818,
        "median": 6.62473917007,
        "min": 3.08788347244,
        "var": 0.704582870007
    },
    "spectral_flux": {
        "dmean": 0.0281755402684,
        "dmean2": 0.0450094230473,
        "dvar": 0.00256986985914,
        "dvar2": 0.0053914594464,
        "max": 0.511406421661,
        "mean": 0.06378865242,
        "median": 0.0411498360336,
        "min": 1.02626088183e-10,
        "var": 0.00510741304606
    },
    "spectral_kurtosis": {
        "dmean": 6.59327602386,
        "dmean2": 10.3380632401,
        "dvar": 182.554672241,
        "dvar2": 408.718963623,
        "max": 376.774475098,
        "mean": 19.6073627472,
        "median": 9.10515975952,
        "min": -1.22655856609,
        "var": 1247.5279541
    },
    "spectral_rms": {
        "dmean": 0.000882613181602,
        "dmean2": 0.00134468788747,
        "dvar": 2.30632917919e-06,
        "dvar2": 5.71732061871e-06,
        "max": 0.0188830997795,
        "mean": 0.00514865387231,
        "median": 0.00488333543763,
        "min": 3.20550031831e-12,
        "var": 9.70032215264e-06
    },
    "spectral_rolloff": {
        "dmean": 152.644210815,
        "dmean2": 265.782684326,
        "dvar": 216995.0625,
        "dvar2": 513279.9375,
        "max": 19293.75,
        "mean": 603.635498047,
        "median": 430.6640625,
        "min": 64.599609375,
        "var": 637368.5
    },
    "spectral_skewness": {
        "dmean": 0.550161123276,
        "dmean2": 0.834392726421,
        "dvar": 0.541919887066,
        "dvar2": 1.15171051025,
        "max": 16.5779037476,
        "mean": 2.93744158745,
        "median": 2.37658858299,
        "min": -0.882782578468,
        "var": 4.41543292999
    },
    "spectral_spread": {
        "dmean": 595532.25,
        "dmean2": 830676.9375,
        "dvar": 711441055744,
        "dvar2": 1.1748203561e+12,
        "max": 41026708,
        "mean": 3583252.25,
        "median": 3345875.75,
        "min": 244934.453125,
        "var": 2.81701882266e+12
    },
    "spectral_strongpeak": {
        "dmean": 0.268674403429,
        "dmean2": 0.430595308542,
        "dvar": 0.172022134066,
        "dvar2": 0.401567161083,
        "max": 7.28389596939,
        "mean": 0.848115921021,
        "median": 0.595768511295,
        "min": 0,
        "var": 0.590696156025
    },
    "zerocrossingrate": {
        "dmean": 0.00513051589951,
        "dmean2": 0.00630150921643,
        "dvar": 6.99736629031e-05,
        "dvar2": 9.56847288762e-05,
        "max": 0.6103515625,
        "mean": 0.0280843619257,
        "median": 0.021484375,
        "min": 0.001953125,
        "var": 0.000613399024587
    },
    "barkbands": {
        "dmean": [0.000710537831765, 0.00821375101805, 0.00248496350832, 0.00185710343067, 0.00200446834788, 0.00174175994471, 0.00152122986037, 0.000447135214927, 0.000380951591069, 0.00016108933778, 0.000110465793114, 8.80332154338e-05, 4.88032201247e-05, 2.59129938058e-05, 3.71560054191e-05, 7.5057912909e-05, 3.96772556996e-05, 2.95303070743e-05, 2.47847074206e-05, 3.40184378729e-05, 4.26896294812e-05, 4.84414485982e-05, 1.59458249982e-05, 3.25368932863e-06, 1.498293841e-05, 4.57825990452e-06, 1.81572170277e-06],
        "dmean2": [0.00127821904607, 0.0126796653494, 0.00452888943255, 0.00306599680334, 0.00313558266498, 0.00273907138035, 0.00204596435651, 0.000678435666487, 0.000543461472262, 0.000272589066299, 0.000182138959644, 0.000141344062285, 8.0309670011e-05, 4.32519263995e-05, 6.29596834187e-05, 0.000127265186165, 6.8451743573e-05, 4.99778070662e-05, 4.29386127507e-05, 5.93373224547e-05, 7.06703867763e-05, 6.94839982316e-05, 2.21277186938e-05, 4.8789684115e-06, 2.19418798224e-05, 6.85445274939e-06, 2.87411376121e-06],
        "dvar": [6.29392025076e-06, 0.000575741578359, 0.000152436405187, 3.68634937331e-05, 1.56475234689e-05, 1.79860599019e-05, 1.40015545185e-05, 3.98020438297e-06, 1.91626349988e-06, 5.72366275264e-07, 1.8947952185e-07, 1.05642470771e-07, 3.25487476971e-08, 4.25580637398e-09, 7.42150962907e-09, 8.68621015115e-08, 1.24279520008e-08, 5.33428368144e-09, 6.14863804316e-09, 1.32752804305e-08, 1.41661535835e-08, 2.79652194735e-08, 2.50646348121e-09, 7.67746907715e-11, 2.62988208988e-09, 2.3194468568e-10, 5.79774596388e-11],
        "dvar2": [2.04372863664e-05, 0.0013513378799, 0.000440451141912, 9.59224125836e-05, 4.13494854001e-05, 4.55099325336e-05, 2.13486182474e-05, 9.55505856837e-06, 3.74329079023e-06, 1.55235170496e-06, 4.97791518228e-07, 2.42001760853e-07, 8.24161929813e-08, 1.14845173371e-08, 2.02520578085e-08, 2.27748586212e-07, 3.35600667256e-08, 1.38924205473e-08, 1.68164469017e-08, 3.6258299474e-08, 3.57309133392e-08, 5.42267208914e-08, 5.09257258585e-09, 1.60273114225e-10, 6.06307226647e-09, 5.21363618944e-10, 1.46371248455e-10],
        "max": [0.0363600216806, 0.340290337801, 0.152877151966, 0.0593167990446, 0.0686881244183, 0.0792984291911, 0.186569318175, 0.123529806733, 0.0490812063217, 0.0277227200568, 0.0102695021778, 0.0133309969679, 0.0107923327014, 0.00235366588458, 0.00142865488306, 0.0129710566252, 0.00313557730988, 0.00145174469799, 0.00180497067049, 0.00324958586134, 0.00125880644191, 0.00218617473729, 0.000855813210364, 0.000168667189428, 0.000917894009035, 0.000279086758383, 0.00018352054758],
        "mean": [0.000785655807704, 0.0146920848638, 0.00272317533381, 0.00304242386483, 0.00500781787559, 0.00404756516218, 0.00389503710903, 0.000952202593908, 0.000824882125016, 0.000217564389459, 0.000151828091475, 0.000149491010234, 6.84659316903e-05, 3.63212857337e-05, 5.35279687028e-05, 0.000119795120554, 5.87511203776e-05, 4.20905016654e-05, 3.37579731422e-05, 3.74858791474e-05, 5.23032431374e-05, 6.87886131345e-05, 2.23488841584e-05, 5.62146624361e-06, 1.77024721779e-05, 5.61271872357e-06, 1.84363739208e-06],
        "median": [2.20026890929e-06, 0.00053881079657, 0.000146174774272, 0.000386466737837, 0.00219274614938, 0.00174620270263, 0.000997807248496, 0.000206611497561, 0.000164229495567, 4.55148547189e-05, 3.89006891055e-05, 3.13690325129e-05, 2.27216769417e-05, 1.42214639709e-05, 1.68873866642e-05, 3.14319040626e-05, 1.69193972397e-05, 1.21608663903e-05, 1.28171386677e-05, 9.25288713916e-06, 5.72032968194e-06, 3.90861123378e-06, 2.58619729721e-06, 1.7237132397e-06, 1.75730679075e-06, 4.83406381591e-07, 1.70784062448e-07],
        "min": [2.16579552718e-24, 4.91484703977e-23, 7.33469616811e-24, 1.0979456009e-23, 3.95002597648e-23, 3.25530205189e-23, 9.69003288271e-24, 1.64732853014e-23, 2.66397759713e-23, 8.28776004848e-23, 1.09460963435e-22, 3.06584101274e-23, 5.27186024193e-23, 9.00165644851e-23, 1.39122486881e-22, 1.08681215451e-22, 1.2311483304e-22, 1.82985261048e-22, 2.71810115451e-22, 2.91252747353e-22, 3.54341753098e-22, 3.61920194664e-22, 6.20275448028e-22, 7.52945948851e-22, 1.10513844095e-21, 1.65948243437e-21, 2.55036019501e-21],
        "var": [7.09783762431e-06, 0.00112867599819, 0.000100208766526, 4.62000607513e-05, 5.4574375099e-05, 4.19434145442e-05, 7.8560457041e-05, 6.92174762662e-06, 5.72729641135e-06, 6.69409189413e-07, 2.40725825051e-07, 2.55299710261e-07, 5.28239070263e-08, 4.74835948339e-09, 1.02838519922e-08, 1.39958089562e-07, 2.02036734009e-08, 7.6064097243e-09, 5.56247758965e-09, 1.08010373978e-08, 2.0724609584e-08, 6.15735515908e-08, 5.16253084726e-09, 1.35196881468e-10, 2.96436208913e-09, 2.94296725878e-10, 5.08002737099e-11]
    },
    "erbbands": {
        "dmean": [0.303597599268, 1.68039464951, 3.01599240303, 4.33018398285, 7.17040491104, 6.82004117966, 7.73706626892, 19.0313549042, 22.2476730347, 15.064453125, 7.62864923477, 8.68356132507, 5.484623909, 5.72020626068, 3.51371717453, 2.93184018135, 2.26192212105, 1.52250409126, 1.34443211555, 2.43334460258, 3.71393871307, 2.23364543915, 1.85280394554, 1.00670552254, 1.5061416626, 1.58195149899, 1.64269816875, 1.86591744423, 1.83481931686, 1.09043765068, 0.324784249067, 0.0617376044393, 0.0748643800616, 0.138946220279, 0.121933273971, 0.0333247259259, 0.00442742463201, 0.00257103680633, 0.00029984395951, 2.21345835598e-05],
        "dmean2": [0.467033565044, 2.71664094925, 5.42819929123, 7.61982250214, 11.3342351913, 10.6137609482, 11.4772720337, 30.1988353729, 31.0059509277, 21.2084922791, 11.3138923645, 12.3870306015, 8.98097419739, 9.86478328705, 5.72135734558, 4.70906209946, 3.65846776962, 2.5632083416, 2.26307749748, 4.10641717911, 6.21661329269, 3.82454752922, 3.1291642189, 1.71317100525, 2.63670754433, 2.74465489388, 2.69722986221, 3.06074213982, 2.71468496323, 1.36215054989, 0.441885888577, 0.0922301858664, 0.110547743738, 0.206071287394, 0.18167373538, 0.0494788177311, 0.00662654964253, 0.00397236132994, 0.000481125665829, 3.57719873136e-05],
        "dvar": [1.03520548344, 25.2904968262, 196.15296936, 244.932952881, 342.926635742, 181.290756226, 234.011169434, 2149.86352539, 4006.43041992, 1318.72570801, 1255.6015625, 959.092285156, 486.950561523, 700.132568359, 148.438964844, 96.5051956177, 61.1624183655, 19.7059383392, 8.94738101959, 33.9257392883, 264.212677002, 32.9546585083, 24.5934963226, 3.70766639709, 37.0817985535, 27.2003192902, 21.0417976379, 35.8251571655, 37.2297439575, 14.2847471237, 0.913284778595, 0.0341667868197, 0.0463591814041, 0.205047100782, 0.193771079183, 0.0124399932101, 0.000190815757378, 9.84129219432e-05, 1.73654677837e-06, 4.49286963189e-09],
        "dvar2": [2.35829567909, 63.934211731, 569.136352539, 693.833496094, 885.321411133, 457.698760986, 535.752807617, 5458.41113281, 6465.24804688, 2702.78466797, 2956.96582031, 1882.35559082, 1321.55090332, 1950.25073242, 375.708343506, 222.255142212, 147.761611938, 52.4582557678, 24.0286102295, 92.8855361938, 672.802734375, 90.9968719482, 63.0436782837, 10.2242126465, 101.303604126, 75.3791351318, 53.0084609985, 93.9744949341, 76.8091049194, 22.9031429291, 1.6549077034, 0.0713789463043, 0.102262698114, 0.467871040106, 0.446001529694, 0.0274533499032, 0.000440069561591, 0.000242161200731, 4.50593415735e-06, 1.21344845283e-08],
        "max": [14.4754686356, 59.3952980042, 181.235336304, 181.846878052, 255.578109741, 301.138977051, 418.45135498, 922.601867676, 3299.27197266, 2076.27612305, 1670.64428711, 1405.74487305, 572.589538574, 427.582794189, 303.906433105, 285.927154541, 492.156433105, 187.624771118, 42.5126113892, 177.0209198, 809.059692383, 139.056472778, 93.1595993042, 35.1868743896, 140.877761841, 135.328948975, 70.460067749, 68.9002609253, 79.2120819092, 62.1517066956, 12.4981870651, 4.50894784927, 4.38416099548, 8.18690299988, 7.54766559601, 1.70645785332, 0.323418706656, 0.199257731438, 0.0331139117479, 0.00201832875609],
        "mean": [0.496938705444, 2.91840434074, 4.1378993988, 5.6232919693, 14.327296257, 16.6517486572, 21.5162734985, 44.4195594788, 55.971572876, 38.1931381226, 17.4175758362, 19.0454597473, 9.3155002594, 7.46703910828, 5.32556581497, 4.84131813049, 3.45141196251, 2.17396950722, 2.14668941498, 4.09855413437, 6.01401281357, 3.56450748444, 2.77869176865, 1.71211540699, 1.79490208626, 1.73119568825, 2.00404596329, 2.18378376961, 2.47045612335, 1.63188052177, 0.511102795601, 0.119118705392, 0.114585891366, 0.17348484695, 0.136627465487, 0.0395821332932, 0.00615462101996, 0.00272484775633, 0.000312479853164, 5.03454539285e-05],
        "median": [0.00822440348566, 0.1458671242, 0.373236328363, 1.22833096981, 2.47252964973, 6.61053800583, 10.3345975876, 18.5212516785, 18.0220470428, 14.4571027756, 5.51499605179, 4.01854562759, 2.6979470253, 1.78930485249, 1.57287991047, 1.27022576332, 1.21406376362, 0.92595154047, 0.939335644245, 1.4985165596, 1.72446870804, 1.23806262016, 0.810580968857, 0.699444293976, 0.574375510216, 0.423160254955, 0.300553441048, 0.192277550697, 0.15569986403, 0.105288743973, 0.0704264938831, 0.0369916521013, 0.0296948906034, 0.0249523874372, 0.00940858852118, 0.00290218694136, 0.000726531434339, 0.000205171032576, 4.52423046227e-05, 3.06007314066e-05],
        "min": [8.72786617859e-22, 7.83991283261e-21, 7.21473392617e-21, 3.08517075044e-20, 8.68107829052e-20, 1.6169775728e-19, 1.67646685149e-19, 3.33206807204e-19, 1.71780662432e-19, 4.27720515693e-19, 3.81577718637e-19, 6.25332671562e-19, 2.03071682329e-18, 3.29382782251e-18, 4.26510081623e-18, 1.64054555112e-18, 2.86474752529e-18, 3.90609781294e-18, 6.73727111114e-18, 5.69160438826e-18, 6.6496884007e-18, 7.00600141264e-18, 1.06294123192e-17, 1.02211449202e-17, 1.61626658005e-17, 1.41609085704e-17, 1.44052295992e-17, 1.28430990124e-17, 1.20470394161e-17, 1.55857801151e-17, 1.97106816757e-17, 1.44788569456e-17, 1.35835720716e-17, 1.17598067386e-17, 7.95972080658e-18, 5.64168486547e-18, 2.977806985e-18, 1.20741248248e-18, 3.52421127159e-19, 3.684627571e-20],
        "var": [2.15051913261, 38.1286849976, 140.366714478, 185.680908203, 827.184204102, 674.001525879, 1023.09991455, 5190.4609375, 20724.7246094, 4303.80175781, 2783.82226562, 2758.62646484, 596.448730469, 635.554870605, 223.792724609, 206.175979614, 111.581665039, 22.7917633057, 11.6564836502, 70.0619277954, 384.840026855, 59.4619789124, 35.8144187927, 7.30033731461, 28.670633316, 22.0561065674, 27.2509765625, 47.5444755554, 72.8215332031, 37.7259140015, 2.21054553986, 0.0664609447122, 0.0678877681494, 0.245693296194, 0.20778439939, 0.015366833657, 0.000300436309772, 9.29191810428e-05, 1.44266550706e-06, 5.28513988129e-09]
    },
    "gfcc": {
        "mean": [-93.0498962402, 128.725189209, -83.9917831421, 13.6576557159, -64.3490753174, -16.0215091705, -39.5792198181, -0.309345275164, -17.5973110199, 3.37316560745, -11.5725545883, 1.96900177002, -3.57444643974],
        "cov": [[11419.7441406, -244.63684082, 159.305252075, 1977.74694824, 403.199371338, 1490.8034668, 177.347885132, 459.338500977, 215.502914429, 306.009063721, -209.058486938, 248.555038452, 42.9869537354], [-244.63684082, 1833.0871582, 691.025939941, -388.500183105, 145.608688354, -141.791931152, 220.374206543, -89.5212097168, 78.1047286987, -180.362213135, 37.1386451721, -162.976242065, 18.5569419861], [159.305252075, 691.025939941, 1238.10974121, 51.3567848206, -2.13408088684, 208.029815674, 366.840301514, -26.7064285278, 10.9608488083, 101.033233643, -67.7922744751, -8.14061069489, 23.5940895081], [1977.74694824, -388.500183105, 51.3567848206, 1010.81622314, 317.359191895, 435.615722656, 146.892776489, 194.066940308, 97.5066833496, 126.439971924, -16.1820011139, 78.6504516602, 48.4983139038], [403.199371338, 145.608688354, -2.13408088684, 317.359191895, 608.041687012, 229.93081665, 16.4151268005, 235.457397461, 151.070236206, 23.2304592133, 88.9324493408, 76.6588134766, 31.3117790222], [1490.8034668, -141.791931152, 208.029815674, 435.615722656, 229.93081665, 567.661071777, 163.941940308, 125.606613159, 98.6282043457, 113.694732666, -2.33509302139, 100.861129761, 42.2139930725], [177.347885132, 220.374206543, 366.840301514, 146.892776489, 16.4151268005, 163.941940308, 356.722442627, 12.6321296692, 17.453086853, 103.602912903, -24.826423645, -8.82192230225, 43.6978988647], [459.338500977, -89.5212097168, -26.7064285278, 194.066940308, 235.457397461, 125.606613159, 12.6321296692, 279.030670166, 131.898651123, 30.8173942566, 68.4667816162, 68.4049530029, 10.353805542], [215.502914429, 78.1047286987, 10.9608488083, 97.5066833496, 151.070236206, 98.6282043457, 17.453086853, 131.898651123, 217.099365234, 69.1278839111, 54.1726112366, 35.1338500977, 25.7313022614], [306.009063721, -180.362213135, 101.033233643, 126.439971924, 23.2304592133, 113.694732666, 103.602912903, 30.8173942566, 69.1278839111, 237.797897339, 45.4770393372, 56.2541275024, 15.436375618], [-209.058486938, 37.1386451721, -67.7922744751, -16.1820011139, 88.9324493408, -2.33509302139, -24.826423645, 68.4667816162, 54.1726112366, 45.4770393372, 210.124038696, 62.6933517456, 4.7150683403], [248.555038452, -162.976242065, -8.14061069489, 78.6504516602, 76.6588134766, 100.861129761, -8.82192230225, 68.4049530029, 35.1338500977, 56.2541275024, 62.6933517456, 164.448104858, 59.9240074158], [42.9869537354, 18.5569419861, 23.5940895081, 48.4983139038, 31.3117790222, 42.2139930725, 43.6978988647, 10.353805542, 25.7313022614, 15.436375618, 4.7150683403, 59.9240074158, 115.103111267]],
        "icov": [[0.000289162970148, -0.000543824746273, 0.000289381830953, -0.000553242338356, 0.00060046161525, -0.000758729642257, 0.000645667139906, -0.000664942897856, 0.000530564633664, -0.000695130904205, 0.000588443072047, -0.000385731720598, 0.000234409060795], [-0.000543824746273, 0.00267431768589, -0.00142181734554, 0.00156927539501, -0.00209684483707, 0.00186500349082, -0.00220594671555, 0.00243749609217, -0.00243606884032, 0.00317217316478, -0.00210798531771, 0.00191387464292, -0.000884053588379], [0.000289381830953, -0.00142181734554, 0.00198680674657, -0.000611902447417, 0.00103663932532, -0.00122093816753, -0.000114890885015, -0.00107702508103, 0.00117384654004, -0.00166466040537, 0.00144124636427, -0.0012888412457, 0.000850771204568], [-0.000553242338356, 0.00156927539501, -0.000611902447417, 0.00297987577505, -0.00189672724809, 0.000562339730095, -0.00174162152689, 0.000944440020248, -0.000998792471364, 0.00131779827643, -0.00094287720276, 0.00146346562542, -0.000967265397776], [0.00060046161525, -0.00209684483707, 0.00103663932532, -0.00189672724809, 0.00474310107529, -0.00243172841147, 0.00221325666644, -0.00359281594865, 0.00127706734929, -0.00187858240679, 0.0010065670358, -0.00128582690377, 0.000379615899874], [-0.000758729642257, 0.00186500349082, -0.00122093816753, 0.000562339730095, -0.00243172841147, 0.00564666558057, -0.00294801220298, 0.00235256832093, -0.00251715257764, 0.00221500964835, -0.00109598983545, -0.00065615947824, 0.000146335776662], [0.000645667139906, -0.00220594671555, -0.000114890885015, -0.00174162152689, 0.00221325666644, -0.00294801220298, 0.00761544518173, -0.00300060305744, 0.00305096106604, -0.00460722669959, 0.00169735436793, 0.00109460158274, -0.0019737998955], [-0.000664942897856, 0.00243749609217, -0.00107702508103, 0.000944440020248, -0.00359281594865, 0.00235256832093, -0.00300060305744, 0.00974439457059, -0.00552055146545, 0.00413485337049, -0.00262553011999, -0.000750054372475, 0.00123301055282], [0.000530564633664, -0.00243606884032, 0.00117384654004, -0.000998792471364, 0.00127706734929, -0.00251715257764, 0.00305096106604, -0.00552055146545, 0.0101743750274, -0.00523370085284, 0.00126744457521, 0.000429835141404, -0.00155939825345], [-0.000695130904205, 0.00317217316478, -0.00166466040537, 0.00131779827643, -0.00187858240679, 0.00221500964835, -0.00460722669959, 0.00413485337049, -0.00523370085284, 0.01033383701, -0.00358266965486, -0.000266871822532, 0.000679828750435], [0.000588443072047, -0.00210798531771, 0.00144124636427, -0.00094287720276, 0.0010065670358, -0.00109598983545, 0.00169735436793, -0.00262553011999, 0.00126744457521, -0.00358266965486, 0.0083171185106, -0.0039646900259, 0.00186235038564], [-0.000385731720598, 0.00191387464292, -0.0012888412457, 0.00146346562542, -0.00128582690377, -0.00065615947824, 0.00109460158274, -0.000750054372475, 0.000429835141404, -0.000266871822532, -0.0039646900259, 0.0132585791871, -0.0070750489831], [0.000234409060795, -0.000884053588379, 0.000850771204568, -0.000967265397776, 0.000379615899874, 0.000146335776662, -0.0019737998955, 0.00123301055282, -0.00155939825345, 0.000679828750435, 0.00186235038564, -0.0070750489831, 0.0133219901472]]
    },
    "melbands": {
        "dmean": [0.00246537360363, 0.00172757962719, 0.000870891090017, 0.000471426435979, 0.000277510727756, 0.000400127610192, 0.00032985911821, 0.000151555010234, 5.85136549489e-05, 5.74174955545e-05, 2.71858389169e-05, 2.3912614779e-05, 1.19380101751e-05, 1.03246029539e-05, 6.2880594669e-06, 5.56275290364e-06, 2.63100673692e-06, 1.97517442757e-06, 3.49702327185e-06, 5.16436739417e-06, 3.93921391151e-06, 2.41897078013e-06, 2.36363712247e-06, 1.16581554721e-06, 8.45994179599e-07, 1.01297587207e-06, 1.30160105982e-06, 1.03846207367e-06, 1.03881257019e-06, 1.01212026493e-06, 1.14469810342e-06, 1.15125430966e-06, 8.73809710811e-07, 5.2715148513e-07, 2.26354316624e-07, 6.5771011748e-08, 2.66486335221e-08, 3.99529795914e-08, 9.31246049163e-08, 1.25001150764e-07],
        "dmean2": [0.00377010391094, 0.00303191039711, 0.00147212401498, 0.000740169605706, 0.000415436079493, 0.000629685993772, 0.00045858960948, 0.000216623127926, 8.57900522533e-05, 8.22499641799e-05, 4.48165883427e-05, 4.10280154028e-05, 1.96652581508e-05, 1.64857865457e-05, 1.02447547761e-05, 9.17934539757e-06, 4.47596585218e-06, 3.30588136421e-06, 5.88023931414e-06, 8.86073303263e-06, 6.58262888464e-06, 4.17438241129e-06, 4.02611431127e-06, 1.99119654098e-06, 1.45529406836e-06, 1.76900368842e-06, 2.30693990488e-06, 1.81339203209e-06, 1.71572958152e-06, 1.67968062215e-06, 1.89781383142e-06, 1.75526247403e-06, 1.21460050195e-06, 6.92829587479e-07, 3.25528390022e-07, 1.0090483471e-07, 4.17870751335e-08, 6.09693202591e-08, 1.37187242899e-07, 1.87698560694e-07],
        "dvar": [5.65113041375e-05, 4.37528215116e-05, 7.71955637902e-06, 1.06765969576e-06, 2.63766082753e-07, 9.43503437156e-07, 7.36434344617e-07, 1.76366484084e-07, 8.86460540528e-08, 4.21676560336e-08, 1.24375665322e-08, 1.21219994043e-08, 1.91750548773e-09, 1.75132408575e-09, 4.99048358193e-10, 5.52455414748e-10, 5.55031610949e-11, 2.12015682788e-11, 6.75904332503e-11, 3.29317406678e-10, 3.11644432482e-10, 3.36883437813e-11, 5.82648027048e-11, 1.16617401499e-11, 2.89274355338e-12, 1.28305135613e-11, 3.28423677143e-11, 1.07006460984e-11, 9.13391584589e-12, 7.73937944981e-12, 1.61838892981e-11, 1.49023623303e-11, 1.01680677767e-11, 3.39223267531e-12, 4.72980324611e-13, 3.90999454764e-14, 8.94506433442e-15, 1.25513579293e-14, 8.09040063676e-14, 1.64464877264e-13],
        "dvar2": [0.000129522188217, 0.000125237274915, 2.11274036701e-05, 2.75652496384e-06, 6.09460641954e-07, 2.37921017288e-06, 1.21957771171e-06, 3.87651425626e-07, 2.00648088367e-07, 8.39537719344e-08, 3.37387717764e-08, 3.37000827244e-08, 5.08398567689e-09, 4.02486621809e-09, 1.03622554981e-09, 1.39585354386e-09, 1.50667672782e-10, 5.58306283149e-11, 1.81765782981e-10, 9.19983089709e-10, 7.76274711178e-10, 9.52074530325e-11, 1.48828865898e-10, 3.00918942542e-11, 8.10606790025e-12, 3.54509581413e-11, 8.99371063734e-11, 2.96956972901e-11, 2.34726873355e-11, 1.95181926177e-11, 4.29165071536e-11, 3.40489095252e-11, 2.00051294974e-11, 5.95796068731e-12, 9.54138352528e-13, 9.20685985675e-14, 1.80853409641e-14, 2.8198135084e-14, 1.80078310119e-13, 3.7727240494e-13],
        "max": [0.110105060041, 0.0850440710783, 0.0277456250042, 0.0175778008997, 0.0135053116828, 0.0186570174992, 0.0429167449474, 0.0270398929715, 0.0129982754588, 0.00953276082873, 0.00331905344501, 0.00241030706093, 0.000923799001612, 0.0018198392354, 0.000831418554299, 0.00146844401024, 0.000303073087707, 8.98075741134e-05, 0.000159064962645, 0.000699040538166, 0.00090876565082, 0.000136109767482, 0.000245863455348, 6.94641494192e-05, 3.1643317925e-05, 7.90619887994e-05, 0.000171734413016, 5.93744734942e-05, 4.09530184697e-05, 4.37507515016e-05, 4.6405759349e-05, 4.94418382004e-05, 4.95589993079e-05, 3.11369003612e-05, 8.17980708234e-06, 4.95625408803e-06, 2.50253128797e-06, 2.1779214876e-06, 5.52926394448e-06, 7.17946431905e-06],
        "mean": [0.00421207863837, 0.00280660600401, 0.00136093306355, 0.00107956596185, 0.00078976090299, 0.000947658612859, 0.000830906268675, 0.000371155707398, 0.000128746658447, 0.000122623416246, 4.43374083261e-05, 3.12978299917e-05, 1.70515722857e-05, 1.72428535734e-05, 9.78695788945e-06, 7.36069250706e-06, 3.53523182639e-06, 2.8559668408e-06, 5.10591780767e-06, 7.90687772678e-06, 6.09004655416e-06, 3.41018812833e-06, 3.45556463799e-06, 1.66885627095e-06, 1.34084109504e-06, 1.27477539991e-06, 1.33338073738e-06, 1.09255529424e-06, 1.22497817756e-06, 1.20117761071e-06, 1.30120770336e-06, 1.4413980125e-06, 1.23141819586e-06, 7.60841658121e-07, 3.33321452217e-07, 1.07777218261e-07, 5.18754461609e-08, 6.29270218155e-08, 1.22486994769e-07, 1.52115447349e-07],
        "median": [0.000117598108773, 0.000231461570365, 0.000247972959187, 0.000351068592863, 0.000408284860896, 0.000413260073401, 0.000265486800345, 0.000120960656204, 2.80611675407e-05, 2.3303549824e-05, 1.20962868095e-05, 6.94464915796e-06, 4.98571080243e-06, 3.57966496267e-06, 2.35483435063e-06, 2.00883710022e-06, 1.3911961787e-06, 1.10593055069e-06, 1.43866316193e-06, 2.08282767744e-06, 1.5242644622e-06, 1.14326076073e-06, 8.07860430996e-07, 5.02485704601e-07, 4.89620902044e-07, 4.06887437521e-07, 2.91629277172e-07, 2.192999915e-07, 2.00604134193e-07, 1.11805171343e-07, 9.5112604015e-08, 8.90397302555e-08, 5.76320466905e-08, 5.42809317494e-08, 4.13615701689e-08, 2.64922661586e-08, 1.79924271038e-08, 1.89235045411e-08, 2.21105551645e-08, 1.95678442338e-08],
        "min": [1.03546300516e-23, 5.58437001389e-24, 5.16457216115e-24, 9.02582304457e-24, 6.19113657863e-24, 6.87770589027e-24, 2.35410983868e-24, 4.13992033692e-24, 3.68151681478e-24, 3.47982874714e-24, 9.98995148799e-24, 1.2786139964e-23, 1.609990008e-23, 4.53828286672e-24, 4.22563677959e-24, 7.17904444518e-24, 7.13220740666e-24, 9.71545313652e-24, 8.8154993166e-24, 6.84604022468e-24, 5.91183169767e-24, 6.81455441937e-24, 7.83883666226e-24, 9.01484131191e-24, 7.87069480991e-24, 1.07312148928e-23, 1.15142824035e-23, 8.73009644614e-24, 8.5410964173e-24, 8.69043567527e-24, 6.7091894237e-24, 5.54417123988e-24, 8.74583737664e-24, 8.72191122539e-24, 1.22010244757e-23, 9.46975373012e-24, 8.07960411028e-24, 1.0102540083e-23, 8.19483460043e-24, 1.0669225414e-23],
        "var": [0.000116506627819, 3.96792856918e-05, 8.28585416457e-06, 3.25622977471e-06, 1.21612913517e-06, 2.26856082008e-06, 3.73975126422e-06, 4.50166652399e-07, 2.28468778118e-07, 1.17885505801e-07, 1.54712473943e-08, 1.13522924394e-08, 2.28703034288e-09, 3.98694588455e-09, 1.43913736483e-09, 9.00896524048e-10, 5.48186322724e-11, 2.58665675684e-11, 1.05190682553e-10, 5.53192158748e-10, 4.38234309952e-10, 4.85425137586e-11, 9.19433904012e-11, 1.49492692531e-11, 5.13343534347e-12, 1.06047315027e-11, 2.43261452648e-11, 8.75906465414e-12, 1.06382550338e-11, 1.14062622195e-11, 2.0444070048e-11, 2.44590493692e-11, 2.27777380291e-11, 8.05787641472e-12, 9.66570139899e-13, 6.55684951863e-14, 1.62638203279e-14, 1.82173341082e-14, 1.08677694936e-13, 1.94211901877e-13]
    },
    "mfcc": {
        "mean": [-748.868469238, 163.914367676, 27.5747585297, 27.3534202576, -5.74746274948, -9.16439819336, -14.0018043518, -9.26660442352, -2.8626999855, -9.06367206573, -3.85691571236, -1.18087899685, 5.63049793243],
        "cov": [[9513.53613281, -417.164398193, -581.114929199, 1015.70098877, 854.940673828, 1066.76745605, 423.200836182, 508.738220215, 578.878723145, 369.91204834, 458.238952637, -107.992546082, 364.306488037], [-417.164398193, 1777.09472656, 456.059661865, -70.7158889771, -12.7953834534, -73.9220504761, 46.5774841309, 3.78331708908, 30.5070877075, -11.1591434479, 6.45571327209, 28.4408321381, -72.104019165], [-581.114929199, 456.059661865, 1014.29498291, 40.2455024719, -278.93951416, 220.101394653, 137.717315674, -37.1906509399, 118.974441528, -27.7885990143, 80.8836898804, -42.3580245972, -12.4033432007], [1015.70098877, -70.7158889771, 40.2455024719, 482.63885498, 237.353271484, 189.364562988, 166.286697388, 128.209121704, 159.79309082, 96.0502090454, 83.8267211914, 35.6677131653, 87.5838623047], [854.940673828, -12.7953834534, -278.93951416, 237.353271484, 597.179016113, 112.791000366, 74.3217849731, 251.955307007, 100.452148438, 116.289260864, 90.7878494263, 73.3898925781, 113.920188904], [1066.76745605, -73.9220504761, 220.101394653, 189.364562988, 112.791000366, 500.276245117, 207.198196411, 98.0429153442, 211.080749512, 68.5257263184, 147.70526123, -25.7741889954, 99.8804931641], [423.200836182, 46.5774841309, 137.717315674, 166.286697388, 74.3217849731, 207.198196411, 261.872497559, 111.334320068, 90.1159667969, 74.2152328491, 64.0722122192, 6.44993066788, 53.2995033264], [508.738220215, 3.78331708908, -37.1906509399, 128.209121704, 251.955307007, 98.0429153442, 111.334320068, 256.665557861, 118.877357483, 69.7236251831, 69.6166763306, 18.7834529877, 53.8528556824], [578.878723145, 30.5070877075, 118.974441528, 159.79309082, 100.452148438, 211.080749512, 90.1159667969, 118.877357483, 267.081420898, 82.8764343262, 96.8492965698, 8.66064453125, 51.1375312805], [369.91204834, -11.1591434479, -27.7885990143, 96.0502090454, 116.289260864, 68.5257263184, 74.2152328491, 69.7236251831, 82.8764343262, 185.310043335, 86.3387527466, 15.9357366562, 39.1614646912], [458.238952637, 6.45571327209, 80.8836898804, 83.8267211914, 90.7878494263, 147.70526123, 64.0722122192, 69.6166763306, 96.8492965698, 86.3387527466, 196.167953491, 51.2255897522, 72.1249237061], [-107.992546082, 28.4408321381, -42.3580245972, 35.6677131653, 73.3898925781, -25.7741889954, 6.44993066788, 18.7834529877, 8.66064453125, 15.9357366562, 51.2255897522, 157.842437744, 62.640827179], [364.306488037, -72.104019165, -12.4033432007, 87.5838623047, 113.920188904, 99.8804931641, 53.2995033264, 53.8528556824, 51.1375312805, 39.1614646912, 72.1249237061, 62.640827179, 193.837646484]],
