{
"lowlevel": {
    "average_loudness": 0.960373044014,
    "barkbands_crest": {
        "dmean": 2.5028758049,
        "dmean2": 3.8589656353,
        "dvar": 7.65905570984,
        "dvar2": 16.9208850861,
        "max": 26.1132297516,
        "mean": 9.46653270721,
        "median": 8.58022689819,
        "min": 2.2888212204,
        "var": 17.5161590576
    },
    "barkbands_flatness_db": {
        "dmean": 0.0205551721156,
        "dmean2": 0.0306917931885,
        "dvar": 0.000558595522307,
        "dvar2": 0.00126219633967,
        "max": 0.508731842041,
        "mean": 0.134743124247,
        "median": 0.11998873204,
        "min": 0.0294759608805,
        "var": 0.005108774174
    },
    "barkbands_kurtosis": {
        "dmean": 3.01511907578,
        "dmean2": 4.73761796951,
        "dvar": 47.9852218628,
        "dvar2": 108.623703003,
        "max": 168.628723145,
        "mean": 4.70203304291,
        "median": 0.473945379257,
        "min": -1.94590270519,
        "var": 153.027908325
    },
    "barkbands_skewness": {
        "dmean": 0.558344244957,
        "dmean2": 0.827502071857,
        "dvar": 0.5452734828,
        "dvar2": 1.18123579025,
        "max": 11.5827980042,
        "mean": 1.58059179783,
        "median": 1.20652258396,
        "min": -5.97377061844,
        "var": 2.24425506592
    },
    "barkbands_spread": {
        "dmean": 6.72340154648,
        "dmean2": 10.3297891617,
        "dvar": 73.2789916992,
        "dvar2": 165.412368774,
        "max": 120.609992981,
        "mean": 29.5992774963,
        "median": 28.1308517456,
        "min": 0.639295101166,
        "var": 269.903381348
    },
    "dissonance": {
        "dmean": 0.0111642954871,
        "dmean2": 0.0184477735311,
        "dvar": 0.000159327712026,
        "dvar2": 0.000415767019149,
        "max": 0.500000119209,
        "mean": 0.474505335093,
        "median": 0.482256263494,
        "min": 0.26635029912,
        "var": 0.000677418080159
    },
    "dynamic_complexity": 2.3269162178,
    "erbbands_crest": {
        "dmean": 1.99793422222,
        "dmean2": 3.17670321465,
        "dvar": 4.46981620789,
        "dvar2": 10.7632608414,
        "max": 29.6198959351,
        "mean": 7.81824922562,
        "median": 6.8826007843,
        "min": 1.79596304893,
        "var": 13.5949144363
    },
    "erbbands_flatness_db": {
        "dmean": 0.0157547090203,
        "dmean2": 0.0217810980976,
        "dvar": 0.000285767950118,
        "dvar2": 0.000520897563547,
        "max": 0.356643378735,
        "mean": 0.146305322647,
        "median": 0.138158082962,
        "min": 0.0221483651549,
        "var": 0.00263712531887
    },
    "erbbands_kurtosis": {
        "dmean": 0.819678127766,
        "dmean2": 1.265884161,
        "dvar": 2.9684381485,
        "dvar2": 6.38041639328,
        "max": 50.0350875854,
        "mean": 0.322405815125,
        "median": -0.317709445953,
        "min": -1.84314548969,
        "var": 6.79366636276
    },
    "erbbands_skewness": {
        "dmean": 0.333687216043,
        "dmean2": 0.490755945444,
        "dvar": 0.136889964342,
        "dvar2": 0.263165235519,
        "max": 4.4976978302,
        "mean": -0.313490927219,
        "median": -0.384635746479,
        "min": -5.64147901535,
        "var": 0.822827160358
    },
    "erbbands_spread": {
        "dmean": 8.29150772095,
        "dmean2": 12.5240383148,
        "dvar": 100.124725342,
        "dvar2": 214.178649902,
        "max": 175.420928955,
        "mean": 45.3204689026,
        "median": 41.8590545654,
        "min": 2.18420481682,
        "var": 421.592254639
    },
    "hfc": {
        "dmean": 8.99556827545,
        "dmean2": 13.7263803482,
        "dvar": 321.786315918,
        "dvar2": 651.604309082,
        "max": 405.763275146,
        "mean": 28.8705711365,
        "median": 23.2442531586,
        "min": 1.09694412882e-16,
        "var": 886.83026123
    },
    "melbands_crest": {
        "dmean": 3.01973557472,
        "dmean2": 4.73440551758,
        "dvar": 8.17264652252,
        "dvar2": 20.0335597992,
        "max": 36.9021186829,
        "mean": 15.7239875793,
        "median": 15.2017908096,
        "min": 1.50704264641,
        "var": 27.1703033447
    },
    "melbands_flatness_db": {
        "dmean": 0.0255701802671,
        "dmean2": 0.0377922654152,
        "dvar": 0.000914463191293,
        "dvar2": 0.00199986854568,
        "max": 0.641303896904,
        "mean": 0.202433407307,
        "median": 0.186526611447,
        "min": 0.00237065809779,
        "var": 0.00813626963645
    },
    "melbands_kurtosis": {
        "dmean": 10.3676538467,
        "dmean2": 15.967877388,
        "dvar": 540.437988281,
        "dvar2": 1184.55493164,
        "max": 487.37789917,
        "mean": 21.1082286835,
        "median": 7.15582466125,
        "min": -1.92763268948,
        "var": 1621.98291016
    },
    "melbands_skewness": {
        "dmean": 0.847010016441,
        "dmean2": 1.25460195541,
        "dvar": 1.41079568863,
        "dvar2": 3.03613257408,
        "max": 17.0562915802,
        "mean": 3.27721428871,
        "median": 2.59845733643,
        "min": -2.96268153191,
        "var": 5.30986356735
    },
    "melbands_spread": {
        "dmean": 9.22623634338,
        "dmean2": 13.8028783798,
        "dvar": 198.081375122,
        "dvar2": 405.779937744,
        "max": 278.936584473,
        "mean": 29.8776988983,
        "median": 25.8246364594,
        "min": 0.517552375793,
        "var": 648.995605469
    },
    "pitch_salience": {
        "dmean": 0.0707760155201,
        "dmean2": 0.11118183285,
        "dvar": 0.00516212079674,
        "dvar2": 0.012420582585,
        "max": 0.972255587578,
        "mean": 0.52573788166,
        "median": 0.5343105793,
        "min": 0.07355607301,
        "var": 0.0146512193605
    },
    "silence_rate_20dB": {
        "dmean": 0,
        "dmean2": 0,
        "dvar": 0,
        "dvar2": 0,
        "max": 1,
        "mean": 1,
        "median": 1,
        "min": 1,
        "var": 0
    },
    "silence_rate_30dB": {
        "dmean": 0.000158730152179,
        "dmean2": 0.000317485508276,
        "dvar": 0.000158697148436,
        "dvar2": 0.000476096261991,
        "max": 1,
        "mean": 0.999920666218,
        "median": 1,
        "min": 0,
        "var": 7.93505314505e-05
    },
    "silence_rate_60dB": {
        "dmean": 0.00222222227603,
        "dmean2": 0.00444479705766,
        "dvar": 0.00221724575385,
        "dvar2": 0.00521876523271,
        "max": 1,
        "mean": 0.0324577428401,
        "median": 0,
        "min": 0,
        "var": 0.0314035005867
    },
    "spectral_centroid": {
        "dmean": 277.243225098,
        "dmean2": 418.657287598,
        "dvar": 129038.0625,
        "dvar2": 244557.328125,
        "max": 11666.1269531,
        "mean": 1710.03735352,
        "median": 1666.68774414,
        "min": 135.042282104,
        "var": 1047297.8125
    },
    "spectral_complexity": {
        "dmean": 4.14285707474,
        "dmean2": 6.46479892731,
        "dvar": 22.7683105469,
        "dvar2": 47.0555305481,
        "max": 66,
        "mean": 24.9083404541,
        "median": 26,
        "min": 0,
        "var": 133.378860474
    },
    "spectral_decrease": {
        "dmean": 2.15962847605e-09,
        "dmean2": 3.25903726228e-09,
        "dvar": 1.09075948136e-17,
        "dvar2": 2.46300736711e-17,
        "max": 1.87720897236e-28,
        "mean": -7.53364215456e-09,
        "median": -6.78855505143e-09,
        "min": -3.34834240334e-08,
        "var": 2.0724211191e-17
    },
    "spectral_energy": {
        "dmean": 0.00856599118561,
        "dmean2": 0.0129530662671,
        "dvar": 0.000159203336807,
        "dvar2": 0.000359295343515,
        "max": 0.127934247255,
        "mean": 0.0310524087399,
        "median": 0.0284236557782,
        "min": 1.01650601812e-20,
        "var": 0.000320180610288
    },
    "spectral_energyband_high": {
        "dmean": 0.000896511832252,
        "dmean2": 0.00134299928322,
        "dvar": 6.49894172966e-06,
        "dvar2": 1.21224311442e-05,
        "max": 0.0578094348311,
        "mean": 0.00164681475144,
        "median": 0.000604793603998,
        "min": 7.01382354917e-21,
        "var": 1.65942037711e-05
    },
    "spectral_energyband_low": {
        "dmean": 0.00660589430481,
        "dmean2": 0.0100296838209,
        "dvar": 0.000183180207387,
        "dvar2": 0.000415293034166,
        "max": 0.12012090534,
        "mean": 0.0137137724087,
        "median": 0.00994887389243,
        "min": 1.26290753912e-23,
        "var": 0.000238047548919
    },
    "spectral_energyband_middle_high": {
        "dmean": 0.00175003614277,
        "dmean2": 0.00262870034203,
        "dvar": 5.96943846176e-06,
        "dvar2": 1.28343199322e-05,
        "max": 0.0426824726164,
        "mean": 0.00619383016601,
        "median": 0.00513157853857,
        "min": 1.23877607262e-21,
        "var": 2.66696843028e-05
    },
    "spectral_energyband_middle_low": {
        "dmean": 0.00394419301301,
        "dmean2": 0.00625904090703,
        "dvar": 2.20436086238e-05,
        "dvar2": 5.28027449036e-05,
        "max": 0.0670455768704,
        "mean": 0.011848827824,
        "median": 0.0100267324597,
        "min": 1.61469225008e-22,
        "var": 6.88608706696e-05
    },
    "spectral_entropy": {
        "dmean": 0.134099677205,
        "dmean2": 0.192953526974,
        "dvar": 0.0260146204382,
        "dvar2": 0.0510387904942,
        "max": 9.82578754425,
        "mean": 7.6340265274,
        "median": 7.70104026794,
        "min": 4.5982632637,
        "var": 0.333243727684
    },
    "spectral_flux": {
        "dmean": 0.0243991110474,
        "dmean2": 0.0377202108502,
        "dvar": 0.000972845591605,
        "dvar2": 0.00235465657897,
        "max": 0.317339092493,
        "mean": 0.0842830762267,
        "median": 0.0780214443803,
        "min": 6.24049145692e-11,
        "var": 0.00222570681944
    },
    "spectral_kurtosis": {
        "dmean": 1.80934679508,
        "dmean2": 3.07563328743,
        "dvar": 21.5101737976,
        "dvar2": 66.7123794556,
        "max": 117.73727417,
        "mean": 5.69902133942,
        "median": 4.1073975563,
        "min": -1.33446741104,
        "var": 95.7249755859
    },
    "spectral_rms": {
        "dmean": 0.00069364963565,
        "dmean2": 0.00103241496254,
        "dvar": 7.36179458727e-07,
        "dvar2": 1.60260060511e-06,
        "max": 0.0111720142886,
        "mean": 0.00525863654912,
        "median": 0.00526596559212,
        "min": 3.14914782619e-12,
        "var": 2.64173900177e-06
    },
    "spectral_rolloff": {
        "dmean": 606.081542969,
        "dmean2": 977.022155762,
        "dvar": 1181701.875,
        "dvar2": 2468438.25,
        "max": 19767.4804688,
        "mean": 1995.44555664,
        "median": 1765.72265625,
        "min": 21.533203125,
        "var": 4708992.5
    },
    "spectral_skewness": {
        "dmean": 0.226174861193,
        "dmean2": 0.361822098494,
        "dvar": 0.107516005635,
        "dvar2": 0.307677775621,
        "max": 8.65821552277,
        "mean": 1.50505137444,
        "median": 1.43076205254,
        "min": -0.0615148581564,
        "var": 0.639855146408
    },
    "spectral_spread": {
        "dmean": 556839.5,
        "dmean2": 761230.875,
        "dvar": 823270572032,
        "dvar2": 1.57248782336e+12,
        "max": 51830544,
        "mean": 4815849,
        "median": 4359443,
        "min": 650696.5,
        "var": 1.05518905426e+13
    },
    "spectral_strongpeak": {
        "dmean": 0.401563674212,
        "dmean2": 0.686905324459,
        "dvar": 0.656609237194,
        "dvar2": 1.65481615067,
        "max": 20.2773895264,
        "mean": 0.72204875946,
        "median": 0.416389644146,
        "min": 0,
        "var": 0.929563581944
    },
    "zerocrossingrate": {
        "dmean": 0.0118780611083,
        "dmean2": 0.0132421534508,
        "dvar": 0.000243740534643,
        "dvar2": 0.000266671180725,
        "max": 0.5263671875,
        "mean": 0.0713024288416,
        "median": 0.06201171875,
        "min": 0.00390625,
        "var": 0.00293457903899
    },
    "barkbands": {
        "dmean": [5.05838070239e-05, 0.00475713470951, 0.00240569422022, 0.00182740821037, 0.00129766832106, 0.000677717616782, 0.00129095744342, 0.000475404871395, 0.000643701467197, 0.000385562685551, 0.000320626975736, 0.000214694606257, 0.00020351553394, 0.000211174978176, 0.000267479335889, 0.000388283457141, 0.000515631341841, 0.000346407061443, 0.000253988953773, 0.000180565446499, 0.000293512974167, 0.000249964621617, 0.000127236140543, 0.000138341274578, 0.000122255383758, 2.89367017103e-05, 7.41624944567e-06],
        "dmean2": [8.96685451153e-05, 0.00714797014371, 0.00403794692829, 0.003040504409, 0.00216021738015, 0.00108350079972, 0.00200546090491, 0.000749848841224, 0.00097977637779, 0.00058300641831, 0.000493226689287, 0.000325415690895, 0.000313045457006, 0.000333759293426, 0.000417110830313, 0.000601816806011, 0.0008229733794, 0.000549756630789, 0.000415070186136, 0.000306923669996, 0.000447656348115, 0.000383834500099, 0.000208783603739, 0.000213632723899, 0.000175691500772, 4.10943357565e-05, 1.14110071081e-05],
        "dvar": [3.08143981442e-08, 0.000176604837179, 1.38713758133e-05, 5.3529993238e-06, 3.63383719559e-06, 2.33820469475e-06, 9.58512373472e-06, 2.08574670069e-06, 3.30012994709e-06, 1.13097689791e-06, 9.49078582835e-07, 3.52879084176e-07, 2.66098425072e-07, 2.28497910371e-07, 2.79852031326e-07, 5.21828894762e-07, 5.93153004047e-07, 2.96109135434e-07, 1.67655770156e-07, 2.45215005634e-07, 9.65582785284e-07, 8.21990397526e-07, 1.38911431691e-07, 2.65919197773e-07, 2.5436844453e-07, 4.59836879685e-09, 2.19701937199e-10],
        "dvar2": [8.881975333e-08, 0.00040364547749, 3.92671972804e-05, 1.46840066009e-05, 9.49029890762e-06, 5.43324858882e-06, 2.17794895434e-05, 4.77979892821e-06, 7.36540505386e-06, 2.49708909905e-06, 2.05291235034e-06, 7.74153534167e-07, 6.10518327449e-07, 5.50420168111e-07, 6.59794352487e-07, 1.15023419767e-06, 1.38557118134e-06, 6.75248656989e-07, 4.27717367302e-07, 6.76911781738e-07, 1.9932926989e-06, 1.66327458828e-06, 3.22203788983e-07, 4.72517285743e-07, 4.71320248607e-07, 8.64261640032e-09, 5.19223886108e-10],
        "max": [0.00184010132216, 0.114606961608, 0.0477181151509, 0.038312330842, 0.0304969884455, 0.0437335520983, 0.0468892753124, 0.0428810939193, 0.043386194855, 0.0338965915143, 0.0229017212987, 0.0191948246211, 0.0156878642738, 0.0157893486321, 0.0137113546953, 0.0153501071036, 0.0179450251162, 0.0131131522357, 0.0119886565953, 0.0108573650941, 0.0282076150179, 0.0324285179377, 0.0107479831204, 0.0256988182664, 0.0184859577566, 0.00219925795682, 0.000222103742999],
        "mean": [4.35150723206e-05, 0.00608306983486, 0.00535017577931, 0.00398217048496, 0.00240716710687, 0.00125551875681, 0.00210631056689, 0.000737837632187, 0.00114600232337, 0.000720715557691, 0.000534123333637, 0.000391347217374, 0.000379907374736, 0.000391582987504, 0.000494847772643, 0.000800721347332, 0.00107455835678, 0.000780960486736, 0.000566523871385, 0.000295129691949, 0.000503269722685, 0.000341435021255, 0.000156643116497, 0.000216823013034, 0.000228375487495, 5.40647488378e-05, 9.5821405921e-06],
        "median": [6.96583038007e-06, 0.00216272030957, 0.00404734956101, 0.003140544286, 0.00153491098899, 0.000560733722523, 0.000484427524498, 0.000188946971321, 0.000461360497866, 0.000282531342236, 0.000164878088981, 0.000149573214003, 0.000166250902112, 0.00019484871882, 0.000269932352239, 0.000421896023909, 0.000663869082928, 0.000497030036058, 0.000424196565291, 0.000180253628059, 0.000187921788893, 5.03240153193e-05, 2.51333749475e-05, 5.0339869631e-05, 6.20547943981e-05, 1.73070202436e-05, 1.63633944794e-06],
        "min": [1.37794732215e-24, 2.98556084722e-24, 7.25229708276e-25, 2.41186579681e-25, 9.15156431742e-24, 7.03454879317e-24, 8.04193363547e-24, 1.33098662967e-23, 1.15309699671e-23, 1.13703570979e-23, 9.17211572172e-24, 3.53201804913e-23, 2.42193392994e-23, 2.91203585541e-23, 5.15546444645e-23, 5.05771542951e-23, 7.15569290021e-23, 6.40833680711e-23, 1.07583499724e-22, 1.94447851763e-22, 2.34990556504e-22, 3.02079856966e-22, 3.87535757812e-22, 5.58037326589e-22, 8.50132653119e-22, 1.35945336332e-21, 2.00237525351e-21],
        "var": [2.16350475313e-08, 0.000197464076336, 2.2968990379e-05, 1.31505612444e-05, 7.60194961913e-06, 6.00699013376e-06, 2.15335985558e-05, 4.11234532294e-06, 6.51942536933e-06, 3.04669197249e-06, 2.23287088374e-06, 8.34510387904e-07, 5.96795871388e-07, 4.18911042743e-07, 5.93390268477e-07, 1.4806676063e-06, 1.76180924427e-06, 1.00112799828e-06, 3.84473821669e-07, 2.32158328117e-07, 1.88504861853e-06, 1.59596595495e-06, 2.28935860491e-07, 6.86100690928e-07, 6.55938208638e-07, 1.05561470676e-08, 2.92536661561e-10]
    },
    "erbbands": {
        "dmean": [0.113730974495, 1.14504957199, 2.47343420982, 4.36425018311, 5.10178184509, 4.49260854721, 4.61312675476, 5.76298284531, 16.500995636, 15.1823673248, 11.016037941, 14.8817062378, 11.732998848, 12.2838582993, 10.897403717, 8.67143726349, 9.43803310394, 8.88978385925, 12.8083496094, 16.2981357574, 21.5883483887, 25.4424686432, 19.469789505, 14.0792150497, 11.2518367767, 8.11951828003, 9.59316062927, 13.0840559006, 9.44535446167, 5.56600427628, 3.48694300652, 2.72923588753, 2.50600647926, 1.89483618736, 0.609000563622, 0.140597552061, 0.0566396415234, 0.0134362587705, 0.0012913516257, 3.50492919097e-05],
        "dmean2": [0.166503250599, 1.73930084705, 4.10188293457, 7.24167490005, 8.58506393433, 7.35178947449, 7.4473400116, 9.13914585114, 25.4465179443, 23.9326095581, 17.1662998199, 22.6087818146, 17.8101158142, 18.2471694946, 16.7260303497, 12.9780950546, 14.3688831329, 13.8648023605, 19.662569046, 25.3806324005, 33.6071586609, 40.2779006958, 30.753452301, 22.5944824219, 18.7709102631, 13.6966199875, 15.2267217636, 19.9656276703, 14.4204425812, 8.76700687408, 5.83874320984, 4.44021558762, 3.76401376724, 2.77208828926, 0.863989770412, 0.199368000031, 0.0803410485387, 0.0194111522287, 0.00195789686404, 5.27149350091e-05],
        "dvar": [0.12387765944, 9.54332256317, 17.5840930939, 30.1897716522, 51.1568489075, 58.9118385315, 104.209136963, 192.210769653, 1850.06494141, 1781.25244141, 1270.4979248, 2149.09643555, 1138.04626465, 1037.2331543, 1111.08312988, 496.687805176, 513.641479492, 606.243896484, 540.855712891, 1077.9720459, 1382.28112793, 1625.38537598, 847.353942871, 517.90032959, 402.484375, 511.908203125, 925.57635498, 2123.29614258, 1302.265625, 342.955566406, 99.1447906494, 85.7637863159, 108.918052673, 66.019317627, 5.45824575424, 0.162809148431, 0.0140128675848, 0.000611207389738, 6.9786901804e-06, 4.92031482224e-09],
        "dvar2": [0.290485709906, 21.6880149841, 48.9978637695, 84.5333251953, 140.708770752, 144.857620239, 261.110778809, 419.444824219, 4016.51879883, 4153.53369141, 2950.12817383, 4800.76464844, 2508.80444336, 2238.45556641, 2472.85180664, 1085.28955078, 1131.87487793, 1467.83898926, 1240.28356934, 2522.69018555, 3101.5559082, 3744.83251953, 1918.5826416, 1262.43688965, 1105.20495605, 1406.44714355, 2068.04638672, 4416.35400391, 2718.69311523, 732.025695801, 237.994506836, 179.889038086, 198.074966431, 128.064956665, 9.73047924042, 0.302039027214, 0.0281126126647, 0.00128671794664, 1.65739365912e-05, 1.2226497148e-08],
        "max": [3.1925675869, 26.5901565552, 45.4667739868, 89.2263641357, 116.516288757, 146.749725342, 366.727996826, 508.730804443, 796.510192871, 964.800170898, 1171.84448242, 1338.49633789, 1430.60742188, 803.806640625, 996.505004883, 755.048217773, 593.746154785, 926.315368652, 622.023254395, 843.319213867, 829.41595459, 1071.49633789, 653.00579834, 875.758178711, 295.468933105, 395.244384766, 1052.92138672, 1274.57702637, 1401.89562988, 498.492736816, 232.594238281, 414.930297852, 558.139282227, 256.031616211, 95.3625488281, 14.2334756851, 4.05664682388, 0.678121447563, 0.0357686653733, 0.00184062775224],
        "mean": [0.127186149359, 1.58635532856, 5.66100263596, 10.715713501, 9.6655626297, 8.50321102142, 8.84564685822, 10.5694551468, 27.0479335785, 24.3136539459, 18.9671115875, 26.3191604614, 22.9419670105, 24.3198299408, 19.7363681793, 17.5072803497, 18.9743156433, 18.1380748749, 25.3118648529, 33.5916938782, 48.1516838074, 56.5491333008, 46.8957862854, 33.8887443542, 23.8610572815, 13.9466295242, 16.6691207886, 21.0188446045, 13.1857728958, 7.11940383911, 4.20724964142, 3.60132884979, 4.17910385132, 3.33831262589, 1.18221449852, 0.285878419876, 0.0938297659159, 0.0204390585423, 0.00161408167332, 7.45746219764e-05],
        "median": [0.0244163367897, 0.692672431469, 4.31689310074, 8.90694999695, 7.22446012497, 4.51911401749, 4.67997694016, 4.32410812378, 6.78451633453, 5.5103635788, 6.15649318695, 10.3564682007, 9.58540439606, 10.1333036423, 7.18424987793, 7.21412754059, 8.58987140656, 9.590467453, 15.2676048279, 18.834980011, 27.3409786224, 34.9605712891, 30.4885540009, 24.6055335999, 17.9537963867, 8.69144439697, 7.44731664658, 6.59006547928, 2.23091316223, 0.749787926674, 0.725497484207, 0.745620012283, 0.979325294495, 0.796052515507, 0.352746486664, 0.0966365709901, 0.0287917330861, 0.00531524186954, 0.000252369616646, 4.99970083183e-05],
        "min": [1.05672506269e-22, 7.22933388613e-22, 1.2490965442e-21, 7.98350944825e-21, 1.45614451653e-20, 2.20844605816e-20, 2.59882522409e-20, 6.65313451268e-20, 1.13017170105e-19, 1.66353504584e-19, 3.7555871306e-19, 2.85384988601e-19, 3.09341664255e-19, 7.98055169595e-19, 1.00871532415e-18, 1.63383473821e-18, 1.24020336953e-18, 2.40062558257e-18, 2.11443473911e-18, 3.54565262025e-18, 3.50959581735e-18, 4.31649396128e-18, 5.53165205962e-18, 7.27939618562e-18, 5.94194770552e-18, 8.59075290766e-18, 8.39707353031e-18, 1.00069555995e-17, 1.11198559762e-17, 1.05321424966e-17, 1.0294390109e-17, 1.06534625955e-17, 1.03300581371e-17, 8.13513934472e-18, 6.05013879374e-18, 4.23370558967e-18, 2.24184847079e-18, 9.95287287671e-19, 2.59418858595e-19, 2.90493520355e-20],
        "var": [0.138162583113, 10.589422226, 25.491601944, 71.1411056519, 79.1578063965, 145.008300781, 227.930236816, 501.511230469, 4257.42919922, 3653.81323242, 2523.14697266, 4151.82421875, 3078.94506836, 2770.75439453, 2493.84106445, 1337.01086426, 1368.14868164, 1025.01867676, 1226.28979492, 2635.3972168, 4436.26660156, 4852.36132812, 3066.96606445, 1616.0838623, 608.532043457, 496.299377441, 1653.80395508, 3994.62890625, 2435.90332031, 633.136047363, 153.643997192, 168.448562622, 283.481658936, 163.44519043, 13.8320827484, 0.378491163254, 0.0300273541361, 0.00122716138139, 8.66493337526e-06, 6.41179509486e-09]
    },
    "gfcc": {
        "mean": [7.06636190414, 82.9110794067, -109.220664978, 43.5205993652, -39.8309135437, 7.01143503189, -39.1959381104, 17.3614406586, -28.3871040344, -2.03449654579, -23.0792045593, -6.06638288498, -10.0856590271],
        "cov": [[19967.3164062, -1492.03771973, -1721.4855957, 429.240325928, -1108.39282227, 221.933517456, -880.489929199, 458.530029297, -419.940032959, 455.729644775, -295.641540527, 220.619735718, -376.603881836], [-1492.03771973, 2055.15869141, -523.768066406, -193.616104126, 431.546661377, -195.075439453, 237.288208008, -92.419303894, 88.8617782593, -231.701751709, 124.710365295, -233.042694092, 121.056030273], [-1721.4855957, -523.768066406, 1099.42834473, 96.9855422974, 57.4581756592, 106.583511353, 4.62397766113, -1.59521365166, 0.0642036348581, 23.5840740204, -63.3784713745, 58.6468048096, -22.2817707062], [429.240325928, -193.616104126, 96.9855422974, 474.549560547, -71.9110946655, 44.4825553894, -41.2287521362, -55.0958251953, -8.08660793304, 3.39083528519, -45.1479568481, -15.4797554016, 21.3515453339], [-1108.39282227, 431.546661377, 57.4581756592, -71.9110946655, 426.716552734, -34.0860176086, 75.3144073486, -1.21287202835, 27.121307373, -51.9546318054, 21.604839325, -48.3001823425, 45.774269104], [221.933517456, -195.075439453, 106.583511353, 44.4825553894, -34.0860176086, 251.093109131, 63.1004180908, -11.4521560669, -39.9396591187, 10.3300895691, -19.1210460663, 1.37107372284, -16.8858470917], [-880.489929199, 237.288208008, 4.62397766113, -41.2287521362, 75.3144073486, 63.1004180908, 269.263916016, -13.2021541595, -3.65843367577, -38.9046096802, 24.8978977203, -31.7548732758, 21.4596424103], [458.530029297, -92.419303894, -1.59521365166, -55.0958251953, -1.21287202835, -11.4521560669, -13.2021541595, 161.011367798, 10.8878164291, 18.6329460144, 5.51715040207, 25.7116146088, -25.02227211], [-419.940032959, 88.8617782593, 0.0642036348581, -8.08660793304, 27.121307373, -39.9396591187, -3.65843367577, 10.8878164291, 152.135223389, 9.1222820282, 27.3607444763, 6.21855735779, 6.77519273758], [455.729644775, -231.701751709, 23.5840740204, 3.39083528519, -51.9546318054, 10.3300895691, -38.9046096802, 18.6329460144, 9.1222820282, 127.574371338, 8.6720495224, 30.8409404755, -13.3192644119], [-295.641540527, 124.710365295, -63.3784713745, -45.1479568481, 21.604839325, -19.1210460663, 24.8978977203, 5.51715040207, 27.3607444763, 8.6720495224, 97.5132064819, 19.3109607697, 5.45471429825], [220.619735718, -233.042694092, 58.6468048096, -15.4797554016, -48.3001823425, 1.37107372284, -31.7548732758, 25.7116146088, 6.21855735779, 30.8409404755, 19.3109607697, 105.15397644, 4.12218046188], [-376.603881836, 121.056030273, -22.2817707062, 21.3515453339, 45.774269104, -16.8858470917, 21.4596424103, -25.02227211, 6.77519273758, -13.3192644119, 5.45471429825, 4.12218046188, 81.1609649658]],
        "icov": [[0.000145267244079, -0.00016641667753, 0.00027088142815, -0.000197966815904, 0.000149488521856, -0.000256227009231, 0.000346406653989, -0.000363612896763, 0.000344115018379, -0.000485126423882, 0.000619563506916, -0.000603188702371, 0.000588077993598], [-0.00016641667753, 0.0017951533664, 8.90696028364e-05, 0.000590076611843, -0.000873447686899, 0.000968586711679, -0.000890891940799, 0.00072480115341, -0.00088879087707, 0.00219918461516, -0.00241350452416, 0.00343404267915, -0.00200451049022], [0.00027088142815, 8.90696028364e-05, 0.00171597977169, -0.000507538265083, -0.000325963483192, -0.000671214540489, 0.000403587677283, -0.000448458595201, 0.000336356664775, -0.000629400019534, 0.00163314456586, -0.00150077079888, 0.00136303063482], [-0.000197966815904, 0.000590076611843, -0.000507538265083, 0.00286368560046, 0.000146983220475, 7.08171064616e-05, -0.000105793282273, 0.00114682340063, -0.000773942854721, 0.000999830081128, -0.000584660563618, 0.00212878757156, -0.00221820524894], [0.000149488521856, -0.000873447686899, -0.000325963483192, 0.000146983220475, 0.00358258886263, -0.000249683100265, 0.000221625232371, -0.000931207672693, 0.000253044447163, -0.000499165384099, 0.000602710060775, -5.46515911992e-05, -0.000690676737577], [-0.000256227009231, 0.000968586711679, -0.000671214540489, 7.08171064616e-05, -0.000249683100265, 0.00572159746662, -0.00239018979482, 0.00106860999949, 0.000245130009716, 0.000918525329325, -0.00118424731772, 0.00184692267794, -0.000427826773375], [0.000346406653989, -0.000890891940799, 0.000403587677283, -0.000105793282273, 0.000221625232371, -0.00239018979482, 0.00582850258797, -0.00104514823761, 0.00100211717654, -0.000580013904255, 0.000354014016921, -0.000764049240388, 0.000425406004069], [-0.000363612896763, 0.00072480115341, -0.000448458595201, 0.00114682340063, -0.000931207672693, 0.00106860999949, -0.00104514823761, 0.00816383119673, -0.00138210318983, 0.000939191435464, -0.00131495448295, 5.4888856539e-05, 0.000702765828464], [0.000344115018379, -0.00088879087707, 0.000336356664775, -0.000773942854721, 0.000253044447163, 0.000245130009716, 0.00100211717654, -0.00138210318983, 0.00828521791846, -0.002216742374, 6.98363292031e-05, -0.00215048249811, 0.00148470781278], [-0.000485126423882, 0.00219918461516, -0.000629400019534, 0.000999830081128, -0.000499165384099, 0.000918525329325, -0.000580013904255, 0.000939191435464, -0.002216742374, 0.0124997422099, -0.00481832074001, 0.00319772167131, -0.00265377969481], [0.000619563506916, -0.00241350452416, 0.00163314456586, -0.000584660563618, 0.000602710060775, -0.00118424731772, 0.000354014016921, -0.00131495448295, 6.98363292031e-05, -0.00481832074001, 0.0175534598529, -0.00891460198909, 0.00446809781715], [-0.000603188702371, 0.00343404267915, -0.00150077079888, 0.00212878757156, -5.46515911992e-05, 0.00184692267794, -0.000764049240388, 5.4888856539e-05, -0.00215048249811, 0.00319772167131, -0.00891460198909, 0.0203826632351, -0.00799081847072], [0.000588077993598, -0.00200451049022, 0.00136303063482, -0.00221820524894, -0.000690676737577, -0.000427826773375, 0.000425406004069, 0.000702765828464, 0.00148470781278, -0.00265377969481, 0.00446809781715, -0.00799081847072, 0.0189484190196]]
    },
    "melbands": {
        "dmean": [0.00122441595886, 0.00131267355755, 0.000743603450246, 0.00032611656934, 0.000159971852554, 0.000135020323796, 0.000253720761975, 0.000145540892845, 9.58865202847e-05, 9.25758795347e-05, 5.89968149143e-05, 5.13227641932e-05, 4.32803171861e-05, 2.3035763661e-05, 2.23909410124e-05, 1.96045475604e-05, 1.78856080311e-05, 2.14723149838e-05, 1.92865700228e-05, 2.69019183179e-05, 2.82057808363e-05, 2.91557280434e-05, 2.60157685261e-05, 1.61131538334e-05, 1.22281971926e-05, 9.53981998464e-06, 7.48752427171e-06, 5.328718089e-06, 5.6884409787e-06, 7.60591910876e-06, 7.98169276095e-06, 5.78523849981e-06, 4.41058591605e-06, 2.7188907552e-06, 2.11194537769e-06, 1.74971250999e-06, 1.72021282197e-06, 1.83738927717e-06, 1.69308032127e-06, 1.70327916749e-06],
        "dmean2": [0.00180421723053, 0.00205876654945, 0.00123704050202, 0.000546700786799, 0.00025803752942, 0.000214077532291, 0.000392043177271, 0.000229433338973, 0.000149763756781, 0.00014024534903, 8.96354322322e-05, 7.64729993534e-05, 6.67782296659e-05, 3.44636500813e-05, 3.42794446624e-05, 3.02106891468e-05, 2.81831944449e-05, 3.32734598487e-05, 3.04032346321e-05, 4.11946930399e-05, 4.45855985163e-05, 4.66107958346e-05, 4.11371293012e-05, 2.58586151176e-05, 1.98307843675e-05, 1.56903115567e-05, 1.27713792608e-05, 9.01175008039e-06, 9.30644273467e-06, 1.18853631648e-05, 1.21981520351e-05, 8.91154013516e-06, 6.99557176631e-06, 4.36094205725e-06, 3.58696047442e-06, 2.94759797725e-06, 2.78774223261e-06, 2.83029362436e-06, 2.53291614172e-06, 2.53055145549e-06],
        "dvar": [1.28914352899e-05, 6.28497946309e-06, 8.2613576069e-07, 2.27673538689e-07, 9.99217277808e-08, 9.75183525043e-08, 4.01400683359e-07, 1.62366504242e-07, 1.00067126141e-07, 7.73536683596e-08, 2.9523489431e-08, 1.82875528054e-08, 1.70632770136e-08, 4.26303170542e-09, 3.58826346414e-09, 2.81597456464e-09, 2.54922549736e-09, 1.53952550708e-09, 1.66323999018e-09, 2.97639224378e-09, 2.34004970956e-09, 2.33547825523e-09, 1.56367041537e-09, 6.31995400457e-10, 4.07266970148e-10, 2.25507335028e-10, 3.09240494323e-10, 2.31294261521e-10, 3.41068784326e-10, 6.1806798568e-10, 8.22340917583e-10, 5.57563883952e-10, 2.46480447164e-10, 8.69173136242e-11, 3.81530397553e-11, 2.74179567938e-11, 4.64540350631e-11, 6.68073027454e-11, 4.31220822938e-11, 5.90648849275e-11],
        "dvar2": [2.94737401418e-05, 1.56985606736e-05, 2.29961369769e-06, 6.03826435963e-07, 2.47663137998e-07, 2.18023217258e-07, 8.84038286131e-07, 3.74665432901e-07, 2.3074612443e-07, 1.70726977444e-07, 6.50387548262e-08, 3.9794755935e-08, 3.77363100768e-08, 9.1375333966e-09, 7.71952102241e-09, 6.54030696268e-09, 6.16135942266e-09, 3.63126329006e-09, 4.01775634984e-09, 6.31565866271e-09, 5.31100363688e-09, 5.55027401816e-09, 3.53050899626e-09, 1.50317147618e-09, 9.8760777334e-10, 5.99268079604e-10, 8.80829964522e-10, 6.324690216e-10, 8.2475171137e-10, 1.33489008736e-09, 1.75596714946e-09, 1.21744569981e-09, 5.39083000461e-10, 1.92967558599e-10, 9.49175738008e-11, 6.3327947053e-11, 9.9089417227e-11, 1.28391616783e-10, 7.98487109765e-11, 1.20008183946e-10],
        "max": [0.0317496135831, 0.025425337255, 0.0142226889729, 0.00789665989578, 0.01027745381, 0.0100062955171, 0.011330598034, 0.00851682201028, 0.00883846729994, 0.00800753384829, 0.00692144408822, 0.00378614128567, 0.00355731532909, 0.0024856380187, 0.00215772516094, 0.00188673252705, 0.00194259290583, 0.00101319083478, 0.0011290886905, 0.00161278143059, 0.00134305108804, 0.00148091011215, 0.000800557085313, 0.000773161940742, 0.00090627616737, 0.000278757564956, 0.000366915395716, 0.000296711572446, 0.000745361787267, 0.00072670658119, 0.000706112710759, 0.00102145213168, 0.000398844567826, 0.000350020156475, 0.000144439283758, 0.00022184268164, 0.000317866186379, 0.000455558649264, 0.000226034404477, 0.000264957430772],
        "mean": [0.00146032078192, 0.00271185510792, 0.00187363510486, 0.000630295486189, 0.000319862447213, 0.000246978423093, 0.0004190945765, 0.000231280311709, 0.000159992370754, 0.00016344069445, 0.000111406588985, 9.79111355264e-05, 7.44753560866e-05, 4.27056438639e-05, 4.39833493147e-05, 3.73847688024e-05, 3.35227487085e-05, 4.03335616284e-05, 3.56358614226e-05, 5.27895208506e-05, 5.80862579227e-05, 5.9252295614e-05, 5.38827443961e-05, 3.50869413523e-05, 2.67841987807e-05, 1.97300378204e-05, 1.30187845571e-05, 8.13250335341e-06, 9.24247888179e-06, 1.24444750327e-05, 1.20415052152e-05, 7.9400742834e-06, 5.34468836122e-06, 3.38115523846e-06, 2.43304020842e-06, 2.06505819733e-06, 2.24206087296e-06, 2.88716978503e-06, 2.9375307804e-06, 2.85773899122e-06],
        "median": [0.000397786963731, 0.00196806760505, 0.00160748010967, 0.000425136706326, 0.00017847228446, 0.000100127050246, 0.000102910562418, 5.33450947842e-05, 4.99476445839e-05, 6.51013615425e-05, 4.45661353297e-05, 3.91878456867e-05, 2.44860948442e-05, 1.56067544594e-05, 2.04200277949e-05, 1.63530930877e-05, 1.66733825608e-05, 2.27951641136e-05, 1.9813873223e-05, 2.68617186521e-05, 3.18107704516e-05, 3.53534051101e-05, 3.14762037306e-05, 2.24433406402e-05, 1.85634598893e-05, 1.44941850522e-05, 8.95159155334e-06, 4.45608066002e-06, 4.22298808189e-06, 4.69477936349e-06, 3.38865265803e-06, 1.28136116473e-06, 4.53325498029e-07, 3.69754161511e-07, 3.82892352491e-07, 4.1421236574e-07, 4.33323123161e-07, 6.47986553304e-07, 7.29162252355e-07, 6.49357787097e-07],
        "min": [1.60887846354e-24, 8.5234566986e-25, 1.58503119837e-24, 1.65083353775e-24, 1.3258384248e-24, 1.52216164663e-24, 1.79015988285e-24, 2.221544919e-24, 2.66022376307e-24, 1.55288353877e-24, 1.24869058928e-24, 3.117997577e-24, 2.54368672205e-24, 2.7231229957e-24, 3.46503760516e-24, 1.87498215168e-24, 3.46573022504e-24, 2.67834093984e-24, 3.58585520267e-24, 3.33669309133e-24, 2.91202283921e-24, 3.87990547168e-24, 3.72970043887e-24, 3.36473591322e-24, 5.34550529837e-24, 3.88106588607e-24, 4.67566181007e-24, 4.51297108128e-24, 4.63102924334e-24, 4.47969653387e-24, 5.61119483454e-24, 5.02625723433e-24, 5.0509801351e-24, 4.93624149973e-24, 5.93884702823e-24, 5.34631427523e-24, 6.49296659388e-24, 6.46365488923e-24, 4.70598325668e-24, 5.82910188239e-24],
        "var": [1.45291041918e-05, 7.82926872489e-06, 1.93907931134e-06, 4.63876347112e-07, 2.34563259482e-07, 2.64028159336e-07, 9.28076360651e-07, 3.37112510351e-07, 1.93037834606e-07, 1.53008684833e-07, 7.86618628013e-08, 4.79197019843e-08, 3.96315193996e-08, 1.03526511808e-08, 9.51364764745e-09, 5.97366334176e-09, 4.04562383594e-09, 3.40239525443e-09, 3.34292193926e-09, 7.63900231959e-09, 7.38091721075e-09, 6.59242793688e-09, 4.5385863956e-09, 2.08046824213e-09, 1.22125154434e-09, 4.49425274773e-10, 2.90280466331e-10, 2.21168486303e-10, 5.14419562503e-10, 1.13524256662e-09, 1.47515610838e-09, 9.70798108568e-10, 4.15816409083e-10, 1.46177792093e-10, 5.3728375915e-11, 4.58046031659e-11, 8.59874185744e-11, 1.58882088042e-10, 1.14704690191e-10, 1.33372313194e-10]
    },
    "mfcc": {
        "mean": [-630.301208496, 110.820610046, -3.72660064697, 37.2570648193, 19.5580654144, -3.03958916664, 6.83921718597, 3.33773088455, 10.3417825699, -3.4042506218, -1.14405560493, 0.134035393596, -7.39485216141],
        "cov": [[8954.77636719, -465.500640869, -751.770874023, 47.7550849915, -357.460998535, -360.437194824, -166.271499634, -172.276138306, -49.4838752747, -111.8179245, 71.5495452881, 90.0116729736, 47.7589569092], [-465.500640869, 1571.16906738, -525.349975586, -5.69337034225, 109.589691162, -114.532279968, 129.093307495, 39.3752593994, 23.6753005981, 47.5858268738, -7.48627710342, 46.0729064941, -64.9594650269], [-751.770874023, -525.349975586, 913.360778809, 49.3221626282, 63.9623069763, 167.701965332, -25.6957511902, 37.8666114807, 21.2625617981, 3.67617273331, -12.5212869644, -40.1593208313, 25.4780960083], [47.7550849915, -5.69337034225, 49.3221626282, 354.329498291, 75.9540710449, 9.1013584137, -9.89647674561, -33.3686943054, 18.8457717896, -2.78630208969, -33.9671783447, -11.9166145325, -9.33402633667], [-357.460998535, 109.589691162, 63.9623069763, 75.9540710449, 294.054534912, 8.21854496002, -21.5328426361, 8.9545507431, 21.3999824524, 11.1737937927, -21.0281429291, -0.291125744581, 0.000133059060317], [-360.437194824, -114.532279968, 167.701965332, 9.1013584137, 8.21854496002, 272.999511719, 66.5101928711, 10.1702632904, 22.5441112518, 11.8730459213, -9.5174036026, -14.9012460709, -16.6736907959], [-166.271499634, 129.093307495, -25.6957511902, -9.89647674561, -21.5328426361, 66.5101928711, 234.68888855, 38.5781593323, 18.7091999054, 8.81938076019, -7.94751167297, 8.51588630676, -41.5330619812], [-172.276138306, 39.3752593994, 37.8666114807, -33.3686943054, 8.9545507431, 10.1702632904, 38.5781593323, 145.828277588, 13.8884725571, 14.8393497467, 10.0402231216, -2.08013939857, 11.4120922089], [-49.4838752747, 23.6753005981, 21.2625617981, 18.8457717896, 21.3999824524, 22.5441112518, 18.7091999054, 13.8884725571, 98.8281021118, 22.9084777832, -9.07138061523, -1.11527180672, -7.21560716629], [-111.8179245, 47.5858268738, 3.67617273331, -2.78630208969, 11.1737937927, 11.8730459213, 8.81938076019, 14.8393497467, 22.9084777832, 91.3694152832, 28.7454566956, -1.82534646988, -8.25158691406], [71.5495452881, -7.48627710342, -12.5212869644, -33.9671783447, -21.0281429291, -9.5174036026, -7.94751167297, 10.0402231216, -9.07138061523, 28.7454566956, 77.8484954834, 22.2229366302, 6.59344387054], [90.0116729736, 46.0729064941, -40.1593208313, -11.9166145325, -0.291125744581, -14.9012460709, 8.51588630676, -2.08013939857, -1.11527180672, -1.82534646988, 22.2229366302, 74.6047897339, 29.6560878754], [47.7589569092, -64.9594650269, 25.4780960083, -9.33402633667, 0.000133059060317, -16.6736907959, -41.5330619812, 11.4120922089, -7.21560716629, -8.25158691406, 6.59344387054, 29.6560878754, 82.4370498657]],
