{
"lowlevel": {
    "average_loudness": 0.901476740837,
    "barkbands_crest": {
        "dmean": 3.00104284286,
        "dmean2": 4.17031908035,
        "dvar": 10.3994865417,
        "dvar2": 18.2000751495,
        "max": 26.2362442017,
        "mean": 13.519323349,
        "median": 12.2861385345,
        "min": 1.81840062141,
        "var": 48.2755203247
    },
    "barkbands_flatness_db": {
        "dmean": 0.0387466847897,
        "dmean2": 0.053966358304,
        "dvar": 0.00252310093492,
        "dvar2": 0.00445865001529,
        "max": 0.766819119453,
        "mean": 0.170908525586,
        "median": 0.140816897154,
        "min": 0.00766678294167,
        "var": 0.0128013771027
    },
    "barkbands_kurtosis": {
        "dmean": 23.5218067169,
        "dmean2": 32.1535949707,
        "dvar": 4031.92382812,
        "dvar2": 8123.92578125,
        "max": 1131.88586426,
        "mean": 30.5223350525,
        "median": 3.63403105736,
        "min": -1.94696700573,
        "var": 6179.76269531
    },
    "barkbands_skewness": {
        "dmean": 1.38667058945,
        "dmean2": 1.81231439114,
        "dvar": 3.9623875618,
        "dvar2": 6.50643873215,
        "max": 25.7161827087,
        "mean": 3.08082962036,
        "median": 1.80024945736,
        "min": -7.35983133316,
        "var": 13.596912384
    },
    "barkbands_spread": {
        "dmean": 10.8890724182,
        "dmean2": 15.6352262497,
        "dvar": 261.409423828,
        "dvar2": 517.629699707,
        "max": 142.129348755,
        "mean": 25.5824584961,
        "median": 17.4664421082,
        "min": 0.0339659228921,
        "var": 699.342529297
    },
    "dissonance": {
        "dmean": 0.0185665134341,
        "dmean2": 0.0307548418641,
        "dvar": 0.000427754072007,
        "dvar2": 0.00110609643161,
        "max": 0.500000119209,
        "mean": 0.461418241262,
        "median": 0.472309112549,
        "min": 0.0957305282354,
        "var": 0.00147680134978
    },
    "dynamic_complexity": 3.43687820435,
    "erbbands_crest": {
        "dmean": 2.40705132484,
        "dmean2": 3.8571844101,
        "dvar": 5.53442430496,
        "dvar2": 12.7441034317,
        "max": 27.6394844055,
        "mean": 7.57241010666,
        "median": 6.56056118011,
        "min": 2.16307806969,
        "var": 14.5720663071
    },
    "erbbands_flatness_db": {
        "dmean": 0.0183445475996,
        "dmean2": 0.027530150488,
        "dvar": 0.000549190910533,
        "dvar2": 0.00110610516276,
        "max": 0.498915344477,
        "mean": 0.132242888212,
        "median": 0.111327677965,
        "min": 0.0339526124299,
        "var": 0.0050831893459
    },
    "erbbands_kurtosis": {
        "dmean": 1.2618418932,
        "dmean2": 2.00368237495,
        "dvar": 38.5384483337,
        "dvar2": 78.2716140747,
        "max": 283.678070068,
        "mean": 0.743795156479,
        "median": -0.332498550415,
        "min": -1.86589121819,
        "var": 77.0600891113
    },
    "erbbands_skewness": {
        "dmean": 0.425621449947,
        "dmean2": 0.634457707405,
        "dvar": 0.300985723734,
        "dvar2": 0.645031869411,
        "max": 12.2163038254,
        "mean": 0.236675202847,
        "median": 0.165470927954,
        "min": -5.10570240021,
        "var": 0.861454725266
    },
    "erbbands_spread": {
        "dmean": 12.0850105286,
        "dmean2": 17.5967712402,
        "dvar": 200.709228516,
        "dvar2": 406.643798828,
        "max": 212.967559814,
        "mean": 48.1474456787,
        "median": 43.037109375,
        "min": 0.821032047272,
        "var": 719.6640625
    },
    "hfc": {
        "dmean": 27.5485725403,
        "dmean2": 41.9001159668,
        "dvar": 3006.17407227,
        "dvar2": 6461.24414062,
        "max": 765.932128906,
        "mean": 37.2585945129,
        "median": 17.3326911926,
        "min": 1.20079427244e-16,
        "var": 3626.22485352
    },
    "melbands_crest": {
        "dmean": 3.49233746529,
        "dmean2": 5.17016267776,
        "dvar": 15.4082756042,
        "dvar2": 28.3945045471,
        "max": 39.1663551331,
        "mean": 19.9719944,
        "median": 19.0250053406,
        "min": 2.17264437675,
        "var": 94.5386810303
    },
    "melbands_flatness_db": {
        "dmean": 0.0461680553854,
        "dmean2": 0.0643631890416,
        "dvar": 0.0036104999017,
        "dvar2": 0.00654231477529,
        "max": 0.921276211739,
        "mean": 0.253268808126,
        "median": 0.222978770733,
        "min": 0.00571766635403,
        "var": 0.0204904526472
    },
    "melbands_kurtosis": {
        "dmean": 56.5213470459,
        "dmean2": 78.1010894775,
        "dvar": 26741.3535156,
        "dvar2": 51615.203125,
        "max": 3443.85449219,
        "mean": 81.214881897,
        "median": 12.8658351898,
        "min": -1.9481805563,
        "var": 43685.5234375
    },
    "melbands_skewness": {
        "dmean": 1.82947766781,
        "dmean2": 2.49733328819,
        "dvar": 8.0807762146,
        "dvar2": 13.4906759262,
        "max": 41.3851318359,
        "mean": 5.15100002289,
        "median": 3.12900876999,
        "min": -3.79990243912,
        "var": 28.3511657715
    },
    "melbands_spread": {
        "dmean": 8.95278739929,
        "dmean2": 13.5702199936,
        "dvar": 190.86315918,
        "dvar2": 395.3699646,
        "max": 308.585540771,
        "mean": 22.2677135468,
        "median": 13.3597812653,
        "min": 0.0727225616574,
        "var": 712.818115234
    },
    "pitch_salience": {
        "dmean": 0.0911404863,
        "dmean2": 0.131772980094,
        "dvar": 0.0110191013664,
        "dvar2": 0.0199291873723,
        "max": 0.962991118431,
        "mean": 0.427793264389,
        "median": 0.476686120033,
        "min": 0.00951416883618,
        "var": 0.0491665974259
    },
    "silence_rate_20dB": {
        "dmean": 0.000140479038237,
        "dmean2": 0.00028097780887,
        "dvar": 0.000140440504765,
        "dvar2": 0.000421312550316,
        "max": 1,
        "mean": 0.999929785728,
        "median": 1,
        "min": 0,
        "var": 7.02249526512e-05
    },
    "silence_rate_30dB": {
        "dmean": 0.110556997359,
        "dmean2": 0.221129536629,
        "dvar": 0.0983275324106,
        "dvar2": 0.190506622195,
        "max": 1,
        "mean": 0.750667214394,
        "median": 1,
        "min": 0,
        "var": 0.187165528536
    },
    "silence_rate_60dB": {
        "dmean": 0.0209313761443,
        "dmean2": 0.0418656915426,
        "dvar": 0.0204884763807,
        "dvar2": 0.0478461273015,
        "max": 1,
        "mean": 0.0738867819309,
        "median": 0,
        "min": 0,
        "var": 0.068413503468
    },
    "spectral_centroid": {
        "dmean": 376.360870361,
        "dmean2": 555.892822266,
        "dvar": 245622.125,
        "dvar2": 515534.71875,
        "max": 10626.65625,
        "mean": 1542.99743652,
        "median": 1363.86828613,
        "min": 49.8424873352,
        "var": 958535.5
    },
    "spectral_complexity": {
        "dmean": 5.44665288925,
        "dmean2": 8.16704177856,
        "dvar": 42.5377044678,
        "dvar2": 93.5844192505,
        "max": 59,
        "mean": 17.8139476776,
        "median": 16,
        "min": 0,
        "var": 143.040435791
    },
    "spectral_decrease": {
        "dmean": 7.86061793434e-09,
        "dmean2": 1.04305231119e-08,
        "dvar": 1.17886975104e-16,
        "dvar2": 2.31416256863e-16,
        "max": -8.7260653829e-29,
        "mean": -1.7068625624e-08,
        "median": -7.75245379003e-09,
        "min": -1.02662070844e-07,
        "var": 3.93107593774e-16
    },
    "spectral_energy": {
        "dmean": 0.031074360013,
        "dmean2": 0.0413244925439,
        "dvar": 0.0017017199425,
        "dvar2": 0.00334638217464,
        "max": 0.390778452158,
        "mean": 0.0678003653884,
        "median": 0.0338953398168,
        "min": 1.12208803005e-20,
        "var": 0.00568152684718
    },
    "spectral_energyband_high": {
        "dmean": 0.00228240271099,
        "dmean2": 0.00351303815842,
        "dvar": 2.49643908319e-05,
        "dvar2": 5.44686845387e-05,
        "max": 0.0684694051743,
        "mean": 0.00252231373452,
        "median": 0.000497934233863,
        "min": 7.73170565315e-21,
        "var": 2.88334504148e-05
    },
    "spectral_energyband_low": {
        "dmean": 0.0279610864818,
        "dmean2": 0.0377178862691,
        "dvar": 0.00188163109124,
        "dvar2": 0.00378646329045,
        "max": 0.386788785458,
        "mean": 0.0534772910178,
        "median": 0.014545051381,
        "min": 5.18789294054e-23,
        "var": 0.00574017222971
    },
    "spectral_energyband_middle_high": {
        "dmean": 0.00222123297863,
        "dmean2": 0.00367686059326,
        "dvar": 1.2361501831e-05,
        "dvar2": 3.23002241203e-05,
        "max": 0.0436423793435,
        "mean": 0.00404548970982,
        "median": 0.00259862979874,
        "min": 2.09458812036e-21,
        "var": 2.17248907575e-05
    },
    "spectral_energyband_middle_low": {
        "dmean": 0.00665952358395,
        "dmean2": 0.0112455943599,
        "dvar": 0.00019565790717,
        "dvar2": 0.000532135134563,
        "max": 0.147861883044,
        "mean": 0.00912447925657,
        "median": 0.00482980813831,
        "min": 3.73623204939e-22,
        "var": 0.000169994367752
    },
    "spectral_entropy": {
        "dmean": 0.237253725529,
        "dmean2": 0.340572267771,
        "dvar": 0.123201064765,
        "dvar2": 0.249953061342,
        "max": 9.78279209137,
        "mean": 7.71141910553,
        "median": 7.88870429993,
        "min": 3.72823596001,
        "var": 0.624295949936
    },
    "spectral_flux": {
        "dmean": 0.0546041540802,
        "dmean2": 0.0805089846253,
        "dvar": 0.00416577002034,
        "dvar2": 0.00894883368164,
        "max": 0.541636109352,
        "mean": 0.119892202318,
        "median": 0.0928184092045,
        "min": 1.05928654737e-10,
        "var": 0.00959687121212
    },
    "spectral_kurtosis": {
        "dmean": 3.30203461647,
        "dmean2": 5.32930660248,
        "dvar": 112.718772888,
        "dvar2": 283.070373535,
        "max": 396.972961426,
        "mean": 9.80528259277,
        "median": 3.5107114315,
        "min": -1.284973979,
        "var": 683.854736328
    },
    "spectral_rms": {
        "dmean": 0.00169858476147,
        "dmean2": 0.0021129983943,
        "dvar": 3.59532054972e-06,
        "dvar2": 5.98757424086e-06,
        "max": 0.0195255540311,
        "mean": 0.00689734006301,
        "median": 0.00575053226203,
        "min": 3.30865543297e-12,
        "var": 1.85731805686e-05
    },
    "spectral_rolloff": {
        "dmean": 1102.38134766,
        "dmean2": 1786.87780762,
        "dvar": 4881290,
        "dvar2": 9865924,
        "max": 18733.8867188,
        "mean": 2131.91772461,
        "median": 602.9296875,
        "min": 43.06640625,
        "var": 11031911
    },
    "spectral_skewness": {
        "dmean": 0.327352583408,
        "dmean2": 0.506240546703,
        "dvar": 0.370661318302,
        "dvar2": 0.903106987476,
        "max": 16.5494861603,
        "mean": 1.86726605892,
        "median": 1.47042810917,
        "min": -0.301848948002,
        "var": 2.31001830101
    },
    "spectral_spread": {
        "dmean": 938672.3125,
        "dmean2": 1222890.5,
        "dvar": 1.52195668378e+12,
        "dvar2": 2.21142188032e+12,
        "max": 40865692,
        "mean": 5870251,
        "median": 5550956,
        "min": 266055.125,
        "var": 8.27121362534e+12
    },
    "spectral_strongpeak": {
        "dmean": 0.295576155186,
        "dmean2": 0.473548322916,
        "dvar": 0.194574832916,
        "dvar2": 0.477978408337,
        "max": 10.4385690689,
        "mean": 0.686829507351,
        "median": 0.51852118969,
        "min": 0,
        "var": 0.411754876375
    },
    "zerocrossingrate": {
        "dmean": 0.0210818704218,
        "dmean2": 0.0218760352582,
        "dvar": 0.000783820054494,
        "dvar2": 0.000794234045316,
        "max": 0.50927734375,
        "mean": 0.073262386024,
        "median": 0.046875,
        "min": 0.00146484375,
        "var": 0.00609308574349
    },
    "barkbands": {
        "dmean": [0.0022554313764, 0.0247460547835, 0.00556339183822, 0.00324256019667, 0.00170190806966, 0.000975548056886, 0.000788662349805, 0.000810365425423, 0.000336560769938, 0.000464290496893, 0.000369845074601, 0.000511461636052, 0.000251037970884, 0.000215479682083, 0.000319484213833, 0.000205571428523, 0.000272384757409, 0.000230885285418, 0.000210298399907, 0.000244194030529, 0.000227545708185, 0.000221818569116, 0.000212960658246, 0.000349399226252, 0.000445023062639, 0.000519461696967, 0.000218805187615],
        "dmean2": [0.00270919408649, 0.0309705343097, 0.00984865333885, 0.00593134947121, 0.00288377865218, 0.00151442794595, 0.00122253794689, 0.00125466135796, 0.000568528717849, 0.000751362764277, 0.000606122077443, 0.000868611445185, 0.000412749592215, 0.000363806990208, 0.000535027298611, 0.000346608459949, 0.000468861748232, 0.000412446155678, 0.000353826850187, 0.000408705178415, 0.000391917914385, 0.000365985586541, 0.000335116201313, 0.000517059816048, 0.000683885300532, 0.000790634658188, 0.000323504762491],
        "dvar": [1.8104148694e-05, 0.0015662976075, 0.000339278049069, 0.000118004405522, 1.41425207403e-05, 3.49455149262e-06, 2.46936951953e-06, 2.40019630837e-06, 4.24232837304e-07, 7.25171389604e-07, 4.58894419353e-07, 8.52348136959e-07, 1.76244370209e-07, 1.98087832359e-07, 2.91067834723e-07, 1.73019813587e-07, 2.36426529909e-07, 3.71489136342e-07, 1.46074384588e-07, 2.70415085879e-07, 3.55253774842e-07, 2.57428979467e-07, 1.90359259022e-07, 5.89022363329e-07, 1.29333909626e-06, 1.72699424184e-06, 3.65679653669e-07],
        "dvar2": [2.76250302704e-05, 0.00263446616009, 0.000925338768866, 0.000336472847266, 3.7451616663e-05, 8.29679811432e-06, 5.3101875892e-06, 5.22177606399e-06, 1.08970664314e-06, 1.74377817075e-06, 1.14423119157e-06, 2.26805082093e-06, 4.32855927102e-07, 5.03552541886e-07, 7.317863151e-07, 4.64589533067e-07, 6.40139035113e-07, 1.07772439151e-06, 3.78432702064e-07, 7.2889980629e-07, 1.00791430668e-06, 6.96576250903e-07, 4.40511882971e-07, 1.17432261959e-06, 2.85331225314e-06, 3.61601701115e-06, 7.69401651723e-07],
        "max": [0.0530696585774, 0.338376611471, 0.156430780888, 0.12724404037, 0.0465128049254, 0.0326798707247, 0.0365054942667, 0.0437604412436, 0.0132889188826, 0.0223744064569, 0.0140057364479, 0.017419366166, 0.00675113638863, 0.0165583975613, 0.0135115562007, 0.0112043395638, 0.0107097998261, 0.00999360904098, 0.00606056163087, 0.0064336489886, 0.00683983974159, 0.00636119628325, 0.00555642088875, 0.011072319001, 0.0180015284568, 0.0201091263443, 0.00855100061744],
        "mean": [0.00386889465153, 0.0440825298429, 0.00427529402077, 0.00241340766661, 0.00195216352586, 0.0016099299537, 0.00123115093447, 0.00131517637055, 0.000374079914764, 0.000647027685773, 0.000496049644426, 0.000623777508736, 0.000330162438331, 0.000274024525424, 0.000470669561764, 0.000264263275312, 0.000365055690054, 0.000278147024801, 0.000302811327856, 0.00029341535992, 0.000268288364168, 0.00025429946254, 0.00025317480322, 0.000399919692427, 0.000443989702035, 0.000495784624945, 0.000216846354306],
        "median": [0.000216672749957, 0.0091939792037, 0.000398476899136, 0.000242731257458, 0.00058493425604, 0.000609776936471, 0.000387737178244, 0.000457338406704, 0.000138431380037, 0.000251598074101, 0.000174129148945, 0.000291718606604, 0.000157218877575, 9.53691051109e-05, 0.00022844230989, 9.6324540209e-05, 0.000167324935319, 0.000101987505332, 0.000129151740111, 0.00011074286158, 8.36731778691e-05, 6.90621673129e-05, 5.47545569134e-05, 5.62066088605e-05, 4.96226093674e-05, 3.69338304154e-05, 1.23653853734e-05],
        "min": [3.51161668617e-24, 1.69289329379e-23, 2.7311077669e-23, 9.87231339436e-24, 3.64297575307e-23, 8.70577554889e-23, 7.43501087626e-23, 7.88731910686e-23, 7.25726915472e-23, 1.24944965096e-22, 1.18562020144e-22, 7.6856906771e-23, 5.72664991339e-23, 2.09366095005e-22, 2.55154144164e-22, 3.06176253875e-22, 1.8046815105e-22, 2.56588457373e-22, 3.25078875777e-22, 4.10608336324e-22, 3.85576732194e-22, 3.69763163379e-22, 7.30681290123e-22, 8.68828429381e-22, 1.1366242147e-21, 1.71329683401e-21, 2.56362477122e-21],
        "var": [4.96609172842e-05, 0.00455135013908, 0.000223289709538, 7.00220625731e-05, 1.33250596264e-05, 7.02953275322e-06, 6.10297229287e-06, 6.50918218525e-06, 4.43260205429e-07, 1.19184494451e-06, 7.96355550392e-07, 9.80541130957e-07, 2.57094086464e-07, 3.07481229811e-07, 5.28015277723e-07, 2.24366260682e-07, 3.2080961887e-07, 2.99043279028e-07, 2.19118931e-07, 2.57806391346e-07, 2.86551170348e-07, 2.35238303503e-07, 2.31692467878e-07, 7.82135032296e-07, 1.37596896366e-06, 1.94483027371e-06, 4.22697070235e-07]
    },
    "erbbands": {
        "dmean": [1.12763869762, 4.46333026886, 6.84949588776, 8.26157569885, 8.30934429169, 4.53501224518, 7.9349937439, 7.07967853546, 9.94075870514, 10.9945545197, 20.4418983459, 9.18991184235, 9.98869132996, 19.2552051544, 11.1331243515, 24.0068435669, 11.3387956619, 11.3590202332, 17.7364082336, 11.3502607346, 12.9236822128, 11.5801105499, 13.4782209396, 10.1901445389, 10.8668613434, 13.1436004639, 8.61956882477, 10.0526638031, 7.66127586365, 6.45557117462, 6.38938188553, 7.30180072784, 6.03879642487, 4.50024414062, 3.60440421104, 1.89676558971, 0.940531015396, 0.340725243092, 0.0405849590898, 0.00108059041668],
        "dmean2": [1.39692389965, 5.9404706955, 11.2425365448, 14.2479829788, 14.8250837326, 7.55139303207, 12.3767871857, 11.0320510864, 15.1078042984, 17.1702213287, 31.8502140045, 15.1714229584, 15.9813337326, 31.4628047943, 18.1992874146, 40.8696365356, 18.6765441895, 18.6974239349, 30.0466861725, 19.1208534241, 21.6013469696, 20.0867767334, 24.2214603424, 17.4925575256, 17.89752388, 21.9780864716, 14.6200304031, 17.4592990875, 12.605383873, 10.1307926178, 10.0599584579, 10.8978462219, 9.12593650818, 6.78318357468, 5.6729516983, 2.90334177017, 1.42624163628, 0.537978172302, 0.05806818977, 0.00154539581854],
        "dvar": [4.06451177597, 69.3732833862, 392.292205811, 669.617248535, 568.092651367, 111.779441833, 323.594451904, 200.885223389, 401.910858154, 474.521453857, 1543.16650391, 304.344573975, 391.38381958, 1173.8359375, 408.215942383, 1975.79016113, 354.074768066, 460.616271973, 1010.6663208, 446.286529541, 548.451660156, 486.772766113, 1254.90344238, 494.770355225, 388.020477295, 810.84967041, 426.335174561, 840.615478516, 274.213653564, 160.344741821, 185.095993042, 259.119873047, 197.231826782, 116.706962585, 94.6815795898, 21.7780380249, 5.64844369888, 0.9510409832, 0.0120318233967, 7.55609198677e-06],
        "dvar2": [6.22461557388, 131.685211182, 1017.61932373, 1783.2935791, 1600.3572998, 289.331848145, 801.484191895, 451.099487305, 848.823852539, 1039.32849121, 3402.58105469, 766.861083984, 891.202941895, 2929.74804688, 1001.88769531, 5267.77734375, 873.267150879, 1106.25683594, 2601.73925781, 1210.82458496, 1458.58129883, 1342.39978027, 3677.93823242, 1357.45361328, 973.597167969, 2182.17456055, 1188.78808594, 2407.06005859, 732.875549316, 384.256988525, 435.68270874, 555.35333252, 411.433898926, 239.940856934, 223.341003418, 43.1819610596, 11.7955150604, 2.26101994514, 0.023714300245, 1.44509631355e-05],
        "max": [19.0804595947, 75.229095459, 169.268951416, 312.854553223, 259.253601074, 193.554244995, 355.817443848, 240.82409668, 470.104492188, 681.920593262, 958.485595703, 388.704406738, 624.806762695, 806.018676758, 495.287780762, 888.469299316, 320.904998779, 842.761657715, 809.519714355, 344.154754639, 402.288970947, 312.303771973, 557.184936523, 385.188140869, 416.020812988, 316.589477539, 267.498199463, 329.822021484, 189.33001709, 153.768157959, 184.063766479, 246.768554688, 209.368041992, 171.390914917, 149.878234863, 76.956741333, 32.5803184509, 12.6458148956, 1.54249584675, 0.0396130941808],
        "mean": [1.83164381981, 7.488489151, 6.72122478485, 6.85832357407, 7.07951450348, 5.4725894928, 12.1450538635, 11.278752327, 16.2000179291, 17.9180793762, 32.3480186462, 11.935798645, 14.4207630157, 26.8857517242, 15.729845047, 29.1593112946, 15.838145256, 16.8825893402, 25.0831661224, 15.6247301102, 18.7162456512, 15.707113266, 16.1479244232, 13.3700170517, 16.4258899689, 15.4116392136, 10.8327894211, 10.9334135056, 8.94635105133, 8.00124073029, 7.37355422974, 8.46235179901, 6.47733354568, 4.69645118713, 3.37938380241, 1.91863763332, 0.898573219776, 0.295273900032, 0.0420128069818, 0.00125499418937],
        "median": [0.324383854866, 1.24118757248, 1.19946908951, 0.924431562424, 1.32620573044, 1.68406271935, 3.81822609901, 3.89928507805, 5.4376449585, 6.04581737518, 11.8283939362, 5.26809644699, 5.02573776245, 10.9073162079, 7.34448766708, 13.4498558044, 8.1160697937, 8.06540584564, 11.681432724, 7.49533939362, 8.34738063812, 7.35347080231, 6.1810503006, 5.46233415604, 7.03697109222, 5.61790084839, 3.86493325233, 2.91094398499, 2.43251562119, 2.04265642166, 1.59627962112, 1.2846544981, 0.850588560104, 0.554093003273, 0.345418274403, 0.171988919377, 0.0637536644936, 0.0155650675297, 0.00222409516573, 0.000250492419582],
        "min": [5.24164825765e-22, 4.46295242473e-21, 2.63544347583e-20, 3.63132450469e-20, 8.11181194672e-20, 9.15940452701e-20, 3.60745846994e-19, 9.43398764834e-19, 1.34715410042e-18, 8.08007341436e-19, 2.0729809963e-18, 1.40680364536e-18, 2.30033634395e-18, 6.81909416297e-18, 2.89269340869e-18, 3.10526290289e-18, 2.70563705972e-18, 7.50453324166e-18, 1.14292223525e-17, 1.72887315838e-17, 1.60827452641e-17, 1.06433445222e-17, 1.326951889e-17, 1.81591224572e-17, 1.58169092675e-17, 1.8483976136e-17, 1.93294771448e-17, 1.34005244467e-17, 1.30839789699e-17, 1.56722022912e-17, 2.07560394467e-17, 1.70733056281e-17, 1.68999467697e-17, 1.01977406719e-17, 9.61807400532e-18, 6.34667518512e-18, 2.82748552024e-18, 1.53181565813e-18, 3.14359910537e-19, 3.89103498323e-20],
        "var": [10.2269077301, 150.102081299, 322.192932129, 471.390472412, 369.716583252, 116.018363953, 539.294799805, 415.141815186, 906.473327637, 1240.29931641, 3898.20947266, 366.404846191, 723.326721191, 1970.05810547, 702.802490234, 2269.75634766, 529.568359375, 846.759033203, 1697.28808594, 551.833496094, 836.855834961, 562.203186035, 983.300537109, 508.408355713, 676.78515625, 742.50378418, 393.016571045, 600.847351074, 269.47668457, 197.434051514, 213.55809021, 330.322967529, 235.297088623, 137.963592529, 90.010559082, 25.9469490051, 6.42139816284, 0.890139043331, 0.0153436716646, 1.01259302028e-05]
    },
    "gfcc": {
        "mean": [-12.2869119644, 64.928855896, -88.9107894897, 20.7052135468, -39.8798027039, 15.869354248, -22.3160648346, 12.4612665176, -14.0164766312, 9.88990497589, -7.36533308029, 4.81509494781, -7.4471039772],
        "cov": [[23558.7402344, -1998.15808105, 307.565612793, 1105.86560059, -385.235137939, 604.512695312, -429.529907227, 529.117675781, -20.7457065582, 657.200561523, -173.537536621, 184.963623047, -526.815307617], [-1998.15808105, 5557.86376953, -61.6026763916, -424.189727783, 748.723144531, -458.976318359, 224.488677979, -404.202423096, 215.216003418, -333.522064209, 205.699935913, -310.685058594, 114.486297607], [307.565612793, -61.6026763916, 1498.90429688, 175.126998901, 259.309082031, 294.711456299, 169.753005981, 146.006958008, 120.40750885, 148.324386597, 91.4699935913, 68.4253845215, 39.9345588684], [1105.86560059, -424.189727783, 175.126998901, 727.105529785, 168.397979736, 307.509399414, 129.699066162, 147.872528076, 56.5061302185, 76.8071670532, -10.0720615387, 30.731048584, -6.59982967377], [-385.235137939, 748.723144531, 259.309082031, 168.397979736, 508.570098877, 173.31867981, 209.766967773, 56.7925033569, 133.629226685, 19.1567192078, 81.2096328735, -18.1206359863, 33.761505127], [604.512695312, -458.976318359, 294.711456299, 307.509399414, 173.31867981, 345.509307861, 149.582122803, 161.515396118, 80.5168228149, 114.817237854, 30.3380718231, 64.9392700195, 7.85566425323], [-429.529907227, 224.488677979, 169.753005981, 129.699066162, 209.766967773, 149.582122803, 221.157577515, 100.363174438, 125.871665955, 43.9949760437, 70.8035583496, 14.100476265, 43.5594024658], [529.117675781, -404.202423096, 146.006958008, 147.872528076, 56.7925033569, 161.515396118, 100.363174438, 178.953445435, 98.1041183472, 119.742095947, 39.5608520508, 63.2675018311, 5.42005634308], [-20.7457065582, 215.216003418, 120.40750885, 56.5061302185, 133.629226685, 80.5168228149, 125.871665955, 98.1041183472, 169.114151001, 102.006134033, 97.1851959229, 29.0069694519, 34.1999664307], [657.200561523, -333.522064209, 148.324386597, 76.8071670532, 19.1567192078, 114.817237854, 43.9949760437, 119.742095947, 102.006134033, 174.632766724, 89.6361160278, 79.8273086548, 8.009973526], [-173.537536621, 205.699935913, 91.4699935913, -10.0720615387, 81.2096328735, 30.3380718231, 70.8035583496, 39.5608520508, 97.1851959229, 89.6361160278, 132.589691162, 56.2186088562, 45.8826599121], [184.963623047, -310.685058594, 68.4253845215, 30.731048584, -18.1206359863, 64.9392700195, 14.100476265, 63.2675018311, 29.0069694519, 79.8273086548, 56.2186088562, 101.251289368, 42.0000648499], [-526.815307617, 114.486297607, 39.9345588684, -6.59982967377, 33.761505127, 7.85566425323, 43.5594024658, 5.42005634308, 34.1999664307, 8.009973526, 45.8826599121, 42.0000648499, 86.6060028076]],
        "icov": [[7.48425009078e-05, -7.45896322769e-05, 2.7206165214e-06, -9.34143681661e-05, 6.41328442725e-05, -7.72262792452e-05, 0.000210816258914, -0.000158065042342, 8.25954557513e-05, -0.000378884316888, 0.000281467335299, -0.000260344939306, 0.000410915643442], [-7.45896322769e-05, 0.000648264947813, -4.65035373054e-05, 0.00010263396689, -0.000720704440027, 0.000597086385824, -0.000104158825707, 0.000935176678468, -0.00114624062553, 0.00143586460035, -0.00145516474731, 0.00129660812672, -0.000598788203206], [2.7206165214e-06, -4.65035373054e-05, 0.000864305708092, 0.000147369340993, -0.000214071798837, -0.000664819031954, -7.36414804123e-05, -3.9885588194e-05, 0.00041830734699, -0.000762492592912, 5.62632303627e-05, 0.000251296150964, -0.000372333859559], [-9.34143681661e-05, 0.00010263396689, 0.000147369340993, 0.0024408607278, -0.000324675464071, -0.00194936664775, -9.03091640794e-05, -0.000433570414316, 0.00012348141172, 0.000417282950366, 0.000102774203697, 0.00105812191032, -0.000864853500389], [6.41328442725e-05, -0.000720704440027, -0.000214071798837, -0.000324675464071, 0.00508477538824, -0.00269415299408, -0.00152952037752, 0.000230631892919, -0.00090006244136, 0.00104011606891, -0.000895489240065, 9.0373083367e-05, 0.00112365442328], [-7.72262792452e-05, 0.000597086385824, -0.000664819031954, -0.00194936664775, -0.00269415299408, 0.0113849733025, -0.00570968491957, -0.000645874824841, 0.00263701239601, -0.00452423049137, 0.00378305697814, -0.0031659482047, 0.000736916437745], [0.000210816258914, -0.000104158825707, -7.36414804123e-05, -9.03091640794e-05, -0.00152952037752, -0.00570968491957, 0.0190625563264, -0.00880810711533, -0.00659653916955, 0.00973624270409, -0.00775769772008, 0.0055142827332, -0.00333501282148], [-0.000158065042342, 0.000935176678468, -3.9885588194e-05, -0.000433570414316, 0.000230631892919, -0.000645874824841, -0.00880810711533, 0.0253350771964, -0.0095093967393, -0.00769811496139, 0.0102050397545, -0.00946887210011, 0.00425354531035], [8.25954557513e-05, -0.00114624062553, 0.00041830734699, 0.00012348141172, -0.00090006244136, 0.00263701239601, -0.00659653916955, -0.0095093967393, 0.0277444534004, -0.0139829404652, -0.00489540351555, 0.00915854610503, -0.00565198250115], [-0.000378884316888, 0.00143586460035, -0.000762492592912, 0.000417282950366, 0.00104011606891, -0.00452423049137, 0.00973624270409, -0.00769811496139, -0.0139829404652, 0.035239379853, -0.0186231005937, -0.00378726259805, 0.00573576195166], [0.000281467335299, -0.00145516474731, 5.62632303627e-05, 0.000102774203697, -0.000895489240065, 0.00378305697814, -0.00775769772008, 0.0102050397545, -0.00489540351555, -0.0186231005937, 0.0336192436516, -0.0156451798975, 0.000318499631248], [-0.000260344939306, 0.00129660812672, 0.000251296150964, 0.00105812191032, 9.0373083367e-05, -0.0031659482047, 0.0055142827332, -0.00946887210011, 0.00915854610503, -0.00378726259805, -0.0156451798975, 0.0377842411399, -0.0185632780194], [0.000410915643442, -0.000598788203206, -0.000372333859559, -0.000864853500389, 0.00112365442328, 0.000736916437745, -0.00333501282148, 0.00425354531035, -0.00565198250115, 0.00573576195166, 0.000318499631248, -0.0185632780194, 0.0263847969472]]
    },
    "melbands": {
        "dmean": [0.00808755401522, 0.00423612678424, 0.00142886443064, 0.00043461335008, 0.000244789553108, 0.000166249941685, 0.000162257958436, 0.00011852546595, 0.000155192028615, 5.36214720341e-05, 4.97472792631e-05, 7.84570511314e-05, 3.88673470297e-05, 6.0037637013e-05, 3.25650871673e-05, 2.97969218082e-05, 2.15327490878e-05, 2.81278134935e-05, 2.05604483199e-05, 1.48454364535e-05, 1.77498623088e-05, 1.36887456392e-05, 1.12204334073e-05, 1.27396524476e-05, 8.09963057691e-06, 8.80986954144e-06, 6.45011778033e-06, 9.71150529949e-06, 5.65680966247e-06, 4.73170030091e-06, 6.69002110953e-06, 4.37368362327e-06, 4.05683022109e-06, 3.54035432792e-06, 3.65938853975e-06, 3.57672183782e-06, 4.9622149163e-06, 4.58685053673e-06, 3.82648840969e-06, 3.58831175618e-06],
        "dmean2": [0.00964614842087, 0.00609674444422, 0.00243603531271, 0.000757761707064, 0.000383333594073, 0.000258526240941, 0.000247226504143, 0.000184765216545, 0.000243241767748, 8.90968221938e-05, 7.98680557637e-05, 0.000128546933411, 6.3787891122e-05, 0.000101133700809, 5.51642297069e-05, 4.90493148391e-05, 3.54913936462e-05, 4.80704184156e-05, 3.44389736711e-05, 2.5364171961e-05, 2.98069644487e-05, 2.36538762692e-05, 1.98580346478e-05, 2.2921443815e-05, 1.39757057696e-05, 1.47467735587e-05, 1.06089164547e-05, 1.63486038218e-05, 9.79726883088e-06, 8.02473550721e-06, 1.17796853374e-05, 7.29469002181e-06, 6.57715372654e-06, 5.57264320378e-06, 5.75870853936e-06, 5.49366586711e-06, 7.65324057284e-06, 7.11750044502e-06, 5.64206948184e-06, 5.43457190361e-06],
        "dvar": [0.000167504171259, 9.044775652e-05, 1.84152122529e-05, 1.12150758014e-06, 3.10430891659e-07, 1.0608071932e-07, 1.03176930111e-07, 5.29106856106e-08, 8.78928076986e-08, 1.13697238291e-08, 9.76138814224e-09, 1.99987315597e-08, 4.84948436963e-09, 1.16242819814e-08, 3.11923864516e-09, 2.5441122542e-09, 1.99151561908e-09, 2.74227063279e-09, 1.22578458495e-09, 1.0263441208e-09, 1.05996511568e-09, 6.31491359204e-10, 5.75826997196e-10, 1.2853086373e-09, 3.02936647989e-10, 2.75345690692e-10, 1.31354885302e-10, 4.62155452796e-10, 2.05032824052e-10, 1.22475585229e-10, 4.20453033501e-10, 9.81979567105e-11, 6.59641369305e-11, 4.82290145321e-11, 5.82257020376e-11, 5.85584358781e-11, 1.25631130499e-10, 1.18732704224e-10, 8.14943459937e-11, 7.3492004149e-11],
        "dvar2": [0.000260982051259, 0.000221305643208, 4.82672148792e-05, 3.07184836856e-06, 7.73201577431e-07, 2.39423968651e-07, 2.17773674649e-07, 1.15613715934e-07, 1.95205501541e-07, 2.85984711468e-08, 2.2318763726e-08, 4.98539840521e-08, 1.20609104926e-08, 3.08969667628e-08, 8.25437673768e-09, 6.17701934047e-09, 4.80610129472e-09, 7.26061921696e-09, 3.14542725199e-09, 2.75596989674e-09, 2.82266121587e-09, 1.71793190784e-09, 1.65729341361e-09, 3.74086139843e-09, 8.25540746874e-10, 7.00137392506e-10, 3.41906558621e-10, 1.24844379279e-09, 5.77294545501e-10, 3.30968363826e-10, 1.2152573392e-09, 2.67996791425e-10, 1.68272423773e-10, 1.12708259392e-10, 1.36126124262e-10, 1.3536335941e-10, 2.65224120444e-10, 2.6501517647e-10, 1.59411359113e-10, 1.53695847716e-10],
        "max": [0.125380858779, 0.0901808366179, 0.0511430352926, 0.0121145630255, 0.0104044945911, 0.00645881472155, 0.00711063714698, 0.00891161803156, 0.00723815290257, 0.00244539324194, 0.00308119761758, 0.00357329868712, 0.00159665592946, 0.00208385055885, 0.00105038832407, 0.000899278616998, 0.0019163362449, 0.00145822763443, 0.000572320539504, 0.00106118537951, 0.000597901816946, 0.000508280121721, 0.000380766839953, 0.00061059842119, 0.000366979744285, 0.000336539465934, 0.000158589173225, 0.000277633254882, 0.000193528772797, 0.000289816671284, 0.000229724770179, 0.000120557815535, 0.000107894898974, 9.66797451838e-05, 0.000104718186776, 0.000117854528071, 0.000172978674527, 0.000159384057042, 0.000134006797452, 0.000134818212246],
        "mean": [0.0140253454447, 0.00573864905164, 0.00121780124027, 0.000424704951001, 0.000371736590751, 0.000268097501248, 0.000264730217168, 0.000200823764317, 0.000240930967266, 6.30138965789e-05, 6.94232221576e-05, 0.000106771934952, 5.22084665135e-05, 7.48954771552e-05, 4.11835862906e-05, 3.86169886042e-05, 2.94996661978e-05, 3.74325209123e-05, 2.95940862998e-05, 1.77990768861e-05, 2.50140601565e-05, 1.84450018423e-05, 1.32234663397e-05, 1.46069851326e-05, 9.83176050795e-06, 1.26345339595e-05, 9.08993661142e-06, 1.07611094791e-05, 6.70906865707e-06, 5.91502430325e-06, 6.74330431139e-06, 4.99889665662e-06, 4.70647091788e-06, 4.37870721726e-06, 4.20702235715e-06, 4.11607379647e-06, 5.65051550439e-06, 4.68619691674e-06, 4.12805638916e-06, 3.72726958631e-06],
        "median": [0.00307247252204, 0.00117546878755, 0.000183746102266, 9.61613550317e-05, 0.000122301702504, 9.5305746072e-05, 8.5980303993e-05, 7.19655436114e-05, 8.79458530108e-05, 2.42631685978e-05, 2.21619866352e-05, 4.16508992203e-05, 2.07107877941e-05, 3.43396714015e-05, 2.07769953704e-05, 1.76792273123e-05, 1.13367677841e-05, 1.61343086802e-05, 1.40705960803e-05, 6.39653853796e-06, 1.06790566861e-05, 8.58629300637e-06, 4.87582201458e-06, 5.06057449456e-06, 3.44917953043e-06, 4.69710266771e-06, 4.13225097873e-06, 3.49478864337e-06, 2.36389837482e-06, 1.8157085151e-06, 1.56328951562e-06, 1.34136666929e-06, 1.27117959892e-06, 1.00210604614e-06, 9.2508724947e-07, 7.66524522078e-07, 7.60431362323e-07, 5.86525857216e-07, 5.12421252097e-07, 4.34713314235e-07],
        "min": [5.19580000894e-24, 1.06414511992e-23, 7.42993455634e-24, 6.13312848083e-24, 1.06707826254e-23, 2.03463667318e-23, 1.81329334723e-23, 9.10509567693e-24, 1.82966236878e-23, 8.13406627831e-24, 1.16540164911e-23, 2.76405690919e-23, 1.047159998e-23, 1.04863792891e-23, 4.93094903191e-24, 7.11934108529e-24, 1.38766896784e-23, 1.95038396192e-23, 1.90374145649e-23, 2.33310361662e-23, 1.81246930312e-23, 9.73575289419e-24, 1.22334924128e-23, 1.29633496778e-23, 1.50261483697e-23, 1.12098665022e-23, 1.17575355522e-23, 1.25035195007e-23, 1.18204030332e-23, 1.0881806073e-23, 7.03476651878e-24, 7.68006262786e-24, 6.81143762993e-24, 9.44310600874e-24, 1.26569300698e-23, 1.14076394532e-23, 9.32783923099e-24, 1.09243477639e-23, 1.17034835919e-23, 7.2686290673e-24],
        "var": [0.00049386738101, 0.000118922609545, 1.33910043587e-05, 8.66818822942e-07, 4.8683574505e-07, 2.21544354417e-07, 2.46416163918e-07, 1.4798794723e-07, 2.16048931634e-07, 1.26812080836e-08, 1.76978378619e-08, 3.25428537451e-08, 7.93818255573e-09, 1.39429472412e-08, 3.67548391722e-09, 3.83563270034e-09, 3.64101571115e-09, 4.05863120889e-09, 1.96604998948e-09, 1.24402144142e-09, 1.60484303624e-09, 8.06434419243e-10, 5.37084987595e-10, 9.76457248392e-10, 3.11204256809e-10, 4.57434562451e-10, 1.78891151892e-10, 4.10755346403e-10, 1.70652186826e-10, 1.28113936126e-10, 2.80842987754e-10, 9.03089547588e-11, 7.15317527433e-11, 6.11886860624e-11, 6.86371862124e-11, 6.99591565234e-11, 1.57380233845e-10, 1.28708099734e-10, 1.02653718859e-10, 8.58706786233e-11]
    },
    "mfcc": {
        "mean": [-661.247436523, 108.684448242, 12.1730060577, 18.1999740601, 8.93266487122, 10.3619174957, 6.86847019196, 6.282081604, 4.61991167068, 7.27608203888, 4.65652942657, 7.09877347946, 7.72285366058],
        "cov": [[14270.2333984, -1490.06066895, -632.394897461, 310.917602539, -25.7897071838, 12.4458065033, 37.5404701233, 45.3847579956, 51.0880966187, 136.28276062, 84.6057052612, 151.849441528, 107.368690491], [-1490.06066895, 3821.81835938, 49.0485229492, 39.0826454163, 158.268554688, 57.9789428711, -30.4108581543, -23.5205364227, -58.1383514404, -51.1721801758, 4.96222352982, -52.2824058533, -49.1842079163], [-632.394897461, 49.0485229492, 1019.74713135, 82.6067657471, 185.47769165, 137.100662231, 129.979171753, 62.3484306335, 80.2603988647, 70.4462966919, 45.6739234924, 62.9041976929, 32.0665512085], [310.917602539, 39.0826454163, 82.6067657471, 376.265014648, 153.423736572, 159.586669922, 111.932929993, 105.807395935, 84.1048965454, 72.656867981, 45.4830207825, 30.6946372986, 11.2652044296], [-25.7897071838, 158.268554688, 185.47769165, 153.423736572, 269.099182129, 189.968399048, 136.747192383, 101.242607117, 93.1726226807, 65.681427002, 66.7554855347, 65.4647293091, 31.7543258667], [12.4458065033, 57.9789428711, 137.100662231, 159.586669922, 189.968399048, 229.803344727, 152.192489624, 118.836502075, 102.612937927, 70.9735870361, 65.5171432495, 58.1756286621, 34.4707603455], [37.5404701233, -30.4108581543, 129.979171753, 111.932929993, 136.747192383, 152.192489624, 159.426254272, 112.298477173, 89.4201965332, 67.3815536499, 56.5062408447, 51.2467460632, 35.0915145874], [45.3847579956, -23.5205364227, 62.3484306335, 105.807395935, 101.242607117, 118.836502075, 112.298477173, 134.735168457, 102.362495422, 65.0074920654, 51.4834022522, 42.8415794373, 29.6878738403], [51.0880966187, -58.1383514404, 80.2603988647, 84.1048965454, 93.1726226807, 102.612937927, 89.4201965332, 102.362495422, 127.30506134, 84.7224273682, 60.929649353, 52.933971405, 33.9073104858], [136.28276062, -51.1721801758, 70.4462966919, 72.656867981, 65.681427002, 70.9735870361, 67.3815536499, 65.0074920654, 84.7224273682, 114.518013, 79.258026123, 63.7689971924, 51.0112075806], [84.6057052612, 4.96222352982, 45.6739234924, 45.4830207825, 66.7554855347, 65.5171432495, 56.5062408447, 51.4834022522, 60.929649353, 79.258026123, 115.132804871, 91.9253387451, 62.181930542], [151.849441528, -52.2824058533, 62.9041976929, 30.6946372986, 65.4647293091, 58.1756286621, 51.2467460632, 42.8415794373, 52.933971405, 63.7689971924, 91.9253387451, 130.005279541, 86.5254898071], [107.368690491, -49.1842079163, 32.0665512085, 11.2652044296, 31.7543258667, 34.4707603455, 35.0915145874, 29.6878738403, 33.9073104858, 51.0112075806, 62.181930542, 86.5254898071, 99.6704177856]],
