{
"lowlevel": {
    "average_loudness": 0.236342579126,
    "barkbands_crest": {
        "dmean": 2.18878293037,
        "dmean2": 3.44694066048,
        "dvar": 4.35785722733,
        "dvar2": 10.9223775864,
        "max": 26.4525928497,
        "mean": 10.1990299225,
        "median": 9.18168354034,
        "min": 2.41428971291,
        "var": 22.0516777039
    },
    "barkbands_flatness_db": {
        "dmean": 0.0176310017705,
        "dmean2": 0.0265832412988,
        "dvar": 0.000374689960154,
        "dvar2": 0.000815745443106,
        "max": 0.445916563272,
        "mean": 0.168313711882,
        "median": 0.169582426548,
        "min": 0.019288122654,
        "var": 0.00551632931456
    },
    "barkbands_kurtosis": {
        "dmean": 1.78021919727,
        "dmean2": 2.77741551399,
        "dvar": 16.9227733612,
        "dvar2": 38.8888473511,
        "max": 162.766876221,
        "mean": 2.80452847481,
        "median": 0.901561498642,
        "min": -1.80690014362,
        "var": 56.1704368591
    },
    "barkbands_skewness": {
        "dmean": 0.394868165255,
        "dmean2": 0.602279603481,
        "dvar": 0.181801259518,
        "dvar2": 0.421471357346,
        "max": 11.1305942535,
        "mean": 0.926664471626,
        "median": 0.813297688961,
        "min": -3.73145985603,
        "var": 1.35179293156
    },
    "barkbands_spread": {
        "dmean": 3.37029862404,
        "dmean2": 5.16674947739,
        "dvar": 17.997045517,
        "dvar2": 39.9033851624,
        "max": 89.5550460815,
        "mean": 18.1418113708,
        "median": 14.1021509171,
        "min": 0.511538624763,
        "var": 181.131820679
    },
    "dissonance": {
        "dmean": 0.0241200514138,
        "dmean2": 0.040468942374,
        "dvar": 0.000624052539933,
        "dvar2": 0.00174473132938,
        "max": 0.500000059605,
        "mean": 0.439249962568,
        "median": 0.451843202114,
        "min": 0.20249722898,
        "var": 0.00215932354331
    },
    "dynamic_complexity": 7.15310907364,
    "erbbands_crest": {
        "dmean": 2.7146282196,
        "dmean2": 4.27505588531,
        "dvar": 6.85265636444,
        "dvar2": 16.3169956207,
        "max": 32.8846244812,
        "mean": 11.6022119522,
        "median": 10.0923337936,
        "min": 2.633934021,
        "var": 32.7896881104
    },
    "erbbands_flatness_db": {
        "dmean": 0.0154959540814,
        "dmean2": 0.0231732688844,
        "dvar": 0.000280087668216,
        "dvar2": 0.000617152487393,
        "max": 0.505222439766,
        "mean": 0.217860072851,
        "median": 0.216626375914,
        "min": 0.0546437613666,
        "var": 0.00481347227469
    },
    "erbbands_kurtosis": {
        "dmean": 0.989009261131,
        "dmean2": 1.53719604015,
        "dvar": 2.62968325615,
        "dvar2": 5.98473405838,
        "max": 60.1191635132,
        "mean": 0.878656864166,
        "median": 0.0564472675323,
        "min": -1.81072604656,
        "var": 8.44549942017
    },
    "erbbands_skewness": {
        "dmean": 0.322577208281,
        "dmean2": 0.489574849606,
        "dvar": 0.0959430932999,
        "dvar2": 0.219945833087,
        "max": 6.9748210907,
        "mean": 0.316559553146,
        "median": 0.258123010397,
        "min": -4.51489162445,
        "var": 0.623595833778
    },
    "erbbands_spread": {
        "dmean": 4.75347232819,
        "dmean2": 7.3351354599,
        "dvar": 27.9508323669,
        "dvar2": 63.8246498108,
        "max": 121.25390625,
        "mean": 25.9965133667,
        "median": 23.475358963,
        "min": 1.0122667551,
        "var": 229.388931274
    },
    "hfc": {
        "dmean": 3.01797771454,
        "dmean2": 4.2030711174,
        "dvar": 38.1886978149,
        "dvar2": 61.9115257263,
        "max": 241.352493286,
        "mean": 13.0832567215,
        "median": 5.92591094971,
        "min": 1.09991807473e-16,
        "var": 452.880096436
    },
    "melbands_crest": {
        "dmean": 2.83205366135,
        "dmean2": 4.43813800812,
        "dvar": 6.96632242203,
        "dvar2": 17.5629024506,
        "max": 32.5552215576,
        "mean": 13.5879249573,
        "median": 12.6365938187,
        "min": 1.79170274734,
        "var": 29.8568248749
    },
    "melbands_flatness_db": {
        "dmean": 0.0196629557759,
        "dmean2": 0.0293077230453,
        "dvar": 0.000483447132865,
        "dvar2": 0.00102480268106,
        "max": 0.597842752934,
        "mean": 0.22727958858,
        "median": 0.235342279077,
        "min": 0.00438906392083,
        "var": 0.00866828951985
    },
    "melbands_kurtosis": {
        "dmean": 3.23998069763,
        "dmean2": 5.04776716232,
        "dvar": 49.9625167847,
        "dvar2": 118.796279907,
        "max": 238.4453125,
        "mean": 6.61878347397,
        "median": 2.95082998276,
        "min": -1.91163539886,
        "var": 178.821655273
    },
    "melbands_skewness": {
        "dmean": 0.476095020771,
        "dmean2": 0.725286364555,
        "dvar": 0.265451490879,
        "dvar2": 0.620984911919,
        "max": 11.7823495865,
        "mean": 1.65815401077,
        "median": 1.42288732529,
        "min": -2.91859841347,
        "var": 1.92136406898
    },
    "melbands_spread": {
        "dmean": 5.07907819748,
        "dmean2": 7.60856246948,
        "dvar": 49.7021522522,
        "dvar2": 99.5767288208,
        "max": 248.366348267,
        "mean": 24.6321868896,
        "median": 17.0298213959,
        "min": 0.756140887737,
        "var": 488.590759277
    },
    "pitch_salience": {
        "dmean": 0.0611247234046,
        "dmean2": 0.0974712148309,
        "dvar": 0.00320596154779,
        "dvar2": 0.00812298897654,
        "max": 0.933534324169,
        "mean": 0.535321772099,
        "median": 0.540069878101,
        "min": 0.0719490870833,
        "var": 0.0122427698225
    },
    "silence_rate_20dB": {
        "dmean": 0,
        "dmean2": 0,
        "dvar": 0,
        "dvar2": 0,
        "max": 1,
        "mean": 1,
        "median": 1,
        "min": 1,
        "var": 0
    },
    "silence_rate_30dB": {
        "dmean": 0.00593318697065,
        "dmean2": 0.0118671394885,
        "dvar": 0.00589882256463,
        "dvar2": 0.0137870116159,
        "max": 1,
        "mean": 0.991681158543,
        "median": 1,
        "min": 0,
        "var": 0.00824911147356
    },
    "silence_rate_60dB": {
        "dmean": 0.0372758917511,
        "dmean2": 0.0745565965772,
        "dvar": 0.0358940921724,
        "dvar2": 0.0811313912272,
        "max": 1,
        "mean": 0.300573945045,
        "median": 0,
        "min": 0,
        "var": 0.210234671831
    },
    "spectral_centroid": {
        "dmean": 156.368438721,
        "dmean2": 238.347930908,
        "dvar": 48949.3671875,
        "dvar2": 98813.2109375,
        "max": 11624.8544922,
        "mean": 1257.19677734,
        "median": 980.261169434,
        "min": 162.334121704,
        "var": 689879.5
    },
    "spectral_complexity": {
        "dmean": 1.83193600178,
        "dmean2": 2.96562409401,
        "dvar": 5.58065748215,
        "dvar2": 12.8008432388,
        "max": 49,
        "mean": 10.9875535965,
        "median": 10,
        "min": 0,
        "var": 49.963306427
    },
    "spectral_decrease": {
        "dmean": 1.05815844975e-09,
        "dmean2": 1.54757040516e-09,
        "dvar": 3.95571500121e-18,
        "dvar2": 8.80284532544e-18,
        "max": 3.80687824163e-21,
        "mean": -3.86058518487e-09,
        "median": -1.709106634e-09,
        "min": -5.2068429568e-08,
        "var": 2.7691358276e-17
    },
    "spectral_energy": {
        "dmean": 0.00422288943082,
        "dmean2": 0.00615321891382,
        "dvar": 6.17557016085e-05,
        "dvar2": 0.000135337235406,
        "max": 0.205691516399,
        "mean": 0.0157574247569,
        "median": 0.007269827649,
        "min": 1.0402085393e-20,
        "var": 0.000451691565104
    },
    "spectral_energyband_high": {
        "dmean": 0.00010235029913,
        "dmean2": 0.000153714252519,
        "dvar": 1.7124398255e-07,
        "dvar2": 2.9716235872e-07,
        "max": 0.0241337139159,
        "mean": 0.000466745870654,
        "median": 2.39420933212e-05,
        "min": 7.24053566049e-21,
        "var": 2.99174621432e-06
    },
    "spectral_energyband_low": {
        "dmean": 0.00125419197138,
        "dmean2": 0.00199380237609,
        "dvar": 2.23579481826e-05,
        "dvar2": 5.93923869019e-05,
        "max": 0.166589647532,
        "mean": 0.00244754506275,
        "median": 0.00034924823558,
        "min": 1.88044355406e-23,
        "var": 5.58737665415e-05
    },
    "spectral_energyband_middle_high": {
        "dmean": 0.00123067735694,
        "dmean2": 0.00175793957897,
        "dvar": 9.5681498351e-06,
        "dvar2": 1.68966398633e-05,
        "max": 0.172328472137,
        "mean": 0.00374490418471,
        "median": 0.00160406925716,
        "min": 1.28168263377e-21,
        "var": 6.38470810372e-05
    },
    "spectral_energyband_middle_low": {
        "dmean": 0.00300217443146,
        "dmean2": 0.00438823364675,
        "dvar": 3.38710015058e-05,
        "dvar2": 7.41362164263e-05,
        "max": 0.193474411964,
        "mean": 0.00963765289634,
        "median": 0.00321453181095,
        "min": 2.25192373946e-22,
        "var": 0.000213689912925
    },
    "spectral_entropy": {
        "dmean": 0.14488747716,
        "dmean2": 0.215855255723,
        "dvar": 0.0285358782858,
        "dvar2": 0.0586076267064,
        "max": 9.81547737122,
        "mean": 6.9666185379,
        "median": 6.94936752319,
        "min": 4.76930570602,
        "var": 0.382938653231
    },
    "spectral_flux": {
        "dmean": 0.0118898656219,
        "dmean2": 0.0192087590694,
        "dvar": 0.000262812274741,
        "dvar2": 0.000638381228782,
        "max": 0.308823019266,
        "mean": 0.0430985875428,
        "median": 0.0334846638143,
        "min": 6.43273420642e-11,
        "var": 0.00126917695161
    },
    "spectral_kurtosis": {
        "dmean": 3.9115254879,
        "dmean2": 6.79275989532,
        "dvar": 32.1357421875,
        "dvar2": 95.1748123169,
        "max": 175.102706909,
        "mean": 11.1844778061,
        "median": 7.64838790894,
        "min": -1.45670473576,
        "var": 146.889266968
    },
    "spectral_rms": {
        "dmean": 0.00044311064994,
        "dmean2": 0.000641344464384,
        "dvar": 3.55118714879e-07,
        "dvar2": 7.71628435814e-07,
        "max": 0.0141659677029,
        "mean": 0.00320122437552,
        "median": 0.00266317767091,
        "min": 3.18565161229e-12,
        "var": 5.12529823027e-06
    },
    "spectral_rolloff": {
        "dmean": 310.164672852,
        "dmean2": 518.236755371,
        "dvar": 336385.59375,
        "dvar2": 696469.375,
        "max": 19358.3496094,
        "mean": 1657.04638672,
        "median": 1098.19335938,
        "min": 86.1328125,
        "var": 3104375.5
    },
    "spectral_skewness": {
        "dmean": 0.331241995096,
        "dmean2": 0.563126683235,
        "dvar": 0.137144654989,
        "dvar2": 0.396076142788,
        "max": 10.6901321411,
        "mean": 2.19574999809,
        "median": 1.92975366116,
        "min": -0.12987755239,
        "var": 1.03822040558
    },
    "spectral_spread": {
        "dmean": 308997.59375,
        "dmean2": 490569.78125,
        "dvar": 363133304832,
        "dvar2": 652649824256,
        "max": 42294212,
        "mean": 3339371,
        "median": 2826249.5,
        "min": 496020.125,
        "var": 4.40646867354e+12
    },
    "spectral_strongpeak": {
        "dmean": 0.504191398621,
        "dmean2": 0.822448790073,
        "dvar": 0.923423707485,
        "dvar2": 2.08195900917,
        "max": 20.9141330719,
        "mean": 1.26846385002,
        "median": 0.623435497284,
        "min": 0,
        "var": 2.89471626282
    },
    "zerocrossingrate": {
        "dmean": 0.00614634156227,
        "dmean2": 0.00735920621082,
        "dvar": 8.89449074748e-05,
        "dvar2": 9.37671138672e-05,
        "max": 0.51904296875,
        "mean": 0.058756981045,
        "median": 0.0419921875,
        "min": 0.00390625,
        "var": 0.00248091504909
    },
    "barkbands": {
        "dmean": [7.22202530596e-05, 0.000490704202093, 0.000767126039136, 0.00052772287745, 0.000585407891776, 0.000926027074456, 0.000622487044893, 0.000607795955148, 0.000763390969951, 0.00073305593105, 0.000236428735661, 0.000221893642447, 0.000172006170033, 0.000125865699374, 0.00014164361346, 0.000114269510959, 9.04119806364e-05, 4.94637461088e-05, 4.56166671938e-05, 6.03453008807e-05, 3.40233091265e-05, 2.92412714771e-05, 2.71673034149e-05, 2.9233393434e-05, 2.05316264328e-05, 6.39902100374e-06, 3.34691299031e-06],
        "dmean2": [0.000132506436785, 0.000831942656077, 0.00123941130005, 0.00085620424943, 0.000919930229429, 0.00136575766373, 0.000880282896105, 0.000886264955625, 0.00109339714982, 0.0010696783429, 0.000351397437043, 0.000335648888722, 0.000270349963102, 0.000195823624381, 0.000210219732253, 0.000161819742061, 0.000135669775773, 7.6116877608e-05, 7.45051220292e-05, 9.90187036223e-05, 5.57248749828e-05, 4.68315993203e-05, 4.29758401879e-05, 4.46348640253e-05, 3.115185973e-05, 9.74540580501e-06, 4.76812965644e-06],
        "dvar": [2.52771137355e-08, 4.30826139564e-06, 9.35303523875e-06, 5.06773903908e-06, 2.68339772447e-06, 8.3883642219e-06, 3.44358068105e-06, 3.567034355e-06, 7.88962825027e-06, 7.09522373654e-06, 6.33436854969e-07, 1.07353673684e-06, 3.13306827593e-07, 1.1678415035e-07, 5.00015687521e-07, 1.73257717506e-07, 2.46605168286e-07, 2.62997659206e-08, 2.26448317875e-08, 7.47198356521e-08, 1.97069027763e-08, 2.01252721155e-08, 1.50975605351e-08, 3.01600024954e-08, 1.43227856242e-08, 1.31373578682e-09, 5.54049306434e-10],
        "dvar2": [8.44731005145e-08, 1.2633766346e-05, 2.44247494265e-05, 1.39810545079e-05, 7.10425229045e-06, 1.5610426999e-05, 6.161786132e-06, 7.72008206695e-06, 1.73754178832e-05, 1.46091670103e-05, 1.26171528336e-06, 2.61403488366e-06, 8.01225837677e-07, 2.44662459181e-07, 7.5573700542e-07, 2.60229995774e-07, 4.13014674905e-07, 4.73475729734e-08, 5.94425983991e-08, 1.94963845956e-07, 5.01484294091e-08, 5.02962222981e-08, 3.68276644735e-08, 6.5174837971e-08, 2.67665196674e-08, 2.80126433161e-09, 1.04893804753e-09],
        "max": [0.00342876743525, 0.056656844914, 0.0970467180014, 0.0770820975304, 0.0437201112509, 0.176546961069, 0.067205697298, 0.0600251555443, 0.0997162759304, 0.161860704422, 0.0417812727392, 0.0685583055019, 0.0222346708179, 0.0187280457467, 0.0458613932133, 0.0199280399829, 0.0302977487445, 0.00795420259237, 0.00522546004504, 0.0101512251422, 0.00591033510864, 0.00609713094309, 0.00537332613021, 0.00914647802711, 0.00942036043853, 0.0016752743395, 0.000998648582026],
        "mean": [0.000140404052217, 0.000793213432189, 0.00115926272701, 0.000808426237199, 0.00144438527059, 0.00241022068076, 0.00137198425364, 0.00132062472403, 0.00186967453919, 0.00149293837603, 0.000467392441351, 0.000451814266853, 0.000317673577229, 0.000237634172663, 0.000288338749669, 0.000257107429206, 0.000178257803782, 0.000110076500278, 9.50090106926e-05, 0.000137972834636, 8.10545898275e-05, 7.07266372046e-05, 7.04277554178e-05, 8.58804050949e-05, 6.63589889882e-05, 2.17275101022e-05, 8.83233678906e-06],
        "median": [3.47784953192e-05, 6.44853280392e-05, 6.61783269607e-05, 8.91359886737e-05, 0.000267631839961, 0.00036000678665, 0.000229254626902, 0.00011023573461, 0.000167976802913, 0.000147559141624, 6.75674382364e-05, 6.50968722766e-05, 7.1799455327e-05, 7.63775315136e-05, 7.28740924387e-05, 6.21293947916e-05, 3.96880786866e-05, 2.99517159874e-05, 2.14521405724e-05, 1.38086270454e-05, 4.68008647658e-06, 1.30665330289e-06, 1.68550400304e-06, 2.03159697776e-06, 1.25627491343e-06, 2.0581529725e-07, 3.24030366983e-08],
        "min": [3.0305373573e-24, 5.30757134402e-24, 2.4022317344e-24, 3.13027738029e-24, 1.00898607216e-23, 1.0827582141e-23, 2.06269598226e-23, 8.64487895799e-24, 2.05418306869e-23, 2.4106764115e-23, 2.26899178645e-23, 4.24757610577e-23, 4.4032448681e-23, 4.06776472876e-23, 5.87413976585e-23, 6.56519517168e-23, 6.34173864514e-23, 1.27957290416e-22, 1.54241037684e-22, 1.6872485207e-22, 2.65123604201e-22, 3.77591919977e-22, 3.98844110443e-22, 6.06979014455e-22, 8.3724132802e-22, 1.35702453002e-21, 2.02779611317e-21],
        "var": [5.40799085513e-08, 8.57575469126e-06, 1.48202088894e-05, 7.05084312358e-06, 1.11644749268e-05, 4.83186959173e-05, 1.86894940271e-05, 1.72091295099e-05, 4.36285918113e-05, 3.58963116014e-05, 2.89079207505e-06, 3.94220114686e-06, 9.13355790999e-07, 4.08284194009e-07, 1.9886656446e-06, 8.35197852211e-07, 6.57416364902e-07, 7.85132456826e-08, 5.64422286686e-08, 2.36794221564e-07, 8.91681537496e-08, 9.0865334812e-08, 7.76153541437e-08, 1.44194942209e-07, 1.03031545962e-07, 1.03327000289e-08, 2.95388802307e-09]
    },
    "erbbands": {
        "dmean": [0.00979346688837, 0.133441284299, 0.696656882763, 1.4528979063, 1.29020643234, 2.21909308434, 5.18788337708, 8.11263656616, 9.68242549896, 9.76320552826, 13.9137773514, 19.0869541168, 18.5495014191, 17.6981010437, 10.2286310196, 8.24871826172, 7.88623094559, 5.92373657227, 5.42877244949, 9.69244384766, 4.92720556259, 3.92102861404, 3.60033774376, 2.22829842567, 2.82555317879, 3.12053823471, 1.75850105286, 0.970092833042, 1.02660763264, 1.0284280777, 0.67273825407, 0.653611600399, 0.437742143869, 0.203345224261, 0.163981586695, 0.0479931086302, 0.0146712586284, 0.00306998658925, 0.000623497471679, 3.1115821912e-05],
        "dmean2": [0.0178999751806, 0.220835074782, 1.13014388084, 2.31175923347, 2.0270986557, 3.52533650398, 7.92110538483, 12.0657958984, 14.3209943771, 13.5936756134, 19.9531574249, 27.4084587097, 27.3192481995, 25.4197044373, 15.1742153168, 12.6473321915, 12.2624731064, 9.20138931274, 8.46832180023, 13.5279760361, 7.39309644699, 5.8882393837, 5.37070894241, 3.63346195221, 4.65665960312, 5.11020851135, 2.86254525185, 1.56752240658, 1.69843780994, 1.6332398653, 1.05396437645, 1.03929853439, 0.657998383045, 0.311432570219, 0.249013155699, 0.0776004716754, 0.0224496405572, 0.00437186611816, 0.000898692174815, 4.70969425805e-05],
        "dvar": [0.00255350023508, 0.30824047327, 7.50055980682, 36.7034225464, 20.7981891632, 41.6933059692, 250.673614502, 645.843017578, 921.66986084, 1109.64550781, 1787.96630859, 5459.10302734, 5484.70996094, 4944.89453125, 825.447570801, 1765.42004395, 649.658081055, 244.57951355, 208.434555054, 4192.27734375, 170.031265259, 311.13293457, 345.157196045, 55.336139679, 102.616493225, 206.641433716, 50.6250076294, 20.0361595154, 28.6103439331, 21.6826515198, 9.06791305542, 15.1844749451, 7.0391907692, 1.11891937256, 1.43502783775, 0.0826945900917, 0.00672589521855, 0.000460610433947, 2.27593809541e-05, 3.7393061092e-08],
        "dvar2": [0.00896184146404, 0.858672738075, 19.9734401703, 95.9602279663, 53.5010795593, 105.079200745, 583.189575195, 1230.88134766, 1936.9921875, 1718.74255371, 3733.38623047, 12401.09375, 12357.3066406, 9351.28320312, 1681.93566895, 4539.46337891, 1642.10375977, 528.044189453, 475.655059814, 5952.01171875, 322.840057373, 508.998321533, 528.039306641, 150.50491333, 278.528320312, 542.870361328, 130.508514404, 47.3963165283, 73.9579925537, 50.6129722595, 20.099111557, 35.8457450867, 14.8054008484, 2.20157718658, 2.73277902603, 0.209082260728, 0.0158109460026, 0.000805271032732, 4.56461784779e-05, 8.50340313718e-08],
        "max": [1.42607438564, 15.8476266861, 70.5271530151, 228.147598267, 121.320907593, 223.942901611, 877.635803223, 1216.25244141, 1701.4576416, 1465.67675781, 1636.26013184, 2574.72924805, 3882.2578125, 3623.56665039, 1299.78747559, 3268.30615234, 1013.72015381, 884.252075195, 682.034240723, 4219.39355469, 569.35333252, 1041.0526123, 1090.33190918, 371.21661377, 370.190155029, 525.698303223, 324.823699951, 148.778213501, 271.054260254, 226.107223511, 117.362335205, 187.821777344, 227.441558838, 79.0496139526, 113.232795715, 15.1698665619, 2.42592668533, 1.01868104935, 0.204439461231, 0.0100946370512],
        "mean": [0.0136101460084, 0.218299672008, 1.13229453564, 2.3012008667, 2.7249417305, 5.14586257935, 12.7985296249, 20.9875011444, 20.7369709015, 21.8843517303, 33.1740722656, 46.9499397278, 39.6638450623, 37.4294967651, 22.2923812866, 17.2450523376, 15.3685150146, 11.9364423752, 11.3549413681, 21.9622707367, 10.4902267456, 8.54199409485, 7.74800348282, 4.87475442886, 6.15546226501, 7.04042816162, 4.11039447784, 2.44963479042, 2.43606257439, 2.5606842041, 1.87688279152, 1.79537904263, 1.25903356075, 0.665292739868, 0.46126434207, 0.145185559988, 0.0421225428581, 0.0101005509496, 0.00159174855798, 8.57735722093e-05],
        "median": [0.00132768321782, 0.021429175511, 0.0882173106074, 0.272610425949, 0.502843856812, 0.965826928616, 2.00563931465, 3.26037764549, 4.15118122101, 3.88747644424, 4.00213098526, 4.93755340576, 5.2673034668, 5.88374185562, 5.15694618225, 3.66773676872, 4.00159311295, 4.39833021164, 4.32305717468, 4.13775444031, 3.49125003815, 2.4157474041, 2.12635564804, 1.4171513319, 1.03161740303, 0.747618973255, 0.37301158905, 0.0882792323828, 0.0465757623315, 0.0371141284704, 0.0535640381277, 0.0429172515869, 0.0314777418971, 0.0186246614903, 0.00601653382182, 0.00134308182169, 0.000316851452226, 5.03725459566e-05, 1.5107991203e-05, 1.12088291644e-05],
        "min": [1.96571036179e-22, 1.01360119245e-21, 3.89973249656e-21, 8.97375288581e-21, 1.71860327034e-20, 4.7638501162e-20, 7.22371077452e-20, 1.15379946902e-19, 2.15496589119e-19, 2.64500229098e-19, 2.98818091556e-19, 6.11026376073e-19, 5.31709681496e-19, 7.36337311237e-19, 1.62335322247e-18, 1.70335378862e-18, 1.84731206313e-18, 1.61315708405e-18, 2.76040696282e-18, 4.72550830441e-18, 5.8365682042e-18, 4.14399867942e-18, 8.0265859514e-18, 7.45781904375e-18, 6.30877004714e-18, 8.77289807854e-18, 1.15830920085e-17, 1.22522405922e-17, 1.21983489481e-17, 1.1624336061e-17, 1.14261096718e-17, 1.14689452198e-17, 1.08479112508e-17, 8.6823846672e-18, 6.72236986599e-18, 4.69410687399e-18, 2.67905995343e-18, 9.52900485133e-19, 2.65967673354e-19, 2.9938183453e-20],
        "var": [0.00374902971089, 0.599999725819, 13.1706924438, 57.0351219177, 54.6211624146, 170.174819946, 1015.80822754, 3960.69482422, 3770.77246094, 6071.13671875, 10318.6708984, 28142.1953125, 23924.7695312, 22624.2285156, 3749.73144531, 5696.92333984, 1957.72961426, 872.838439941, 724.125061035, 17068.8730469, 707.335632324, 897.081848145, 974.498657227, 128.983810425, 286.932006836, 636.976135254, 227.831283569, 81.7976150513, 121.729766846, 113.27923584, 53.8247146606, 60.9838638306, 35.2632522583, 9.22930908203, 6.41476106644, 0.471766799688, 0.0421705655754, 0.00358179397881, 0.000101428500784, 1.59533854571e-07]
    },
    "gfcc": {
        "mean": [-107.184951782, 113.245475769, -141.659072876, 6.41271162033, -57.5883407593, -1.60835266113, -39.637336731, 6.00698804855, -21.8488101959, -3.38150954247, -9.23069953918, -7.67520046234, -3.9352889061],
        "cov": [[17990.1855469, -1336.71972656, 288.076934814, 126.641700745, -824.773864746, 128.031539917, -557.795410156, 116.026496887, -366.244506836, -135.323562622, -110.398841858, 70.9840164185, -85.4902801514], [-1336.71972656, 3092.27832031, -64.0956878662, -586.861999512, 484.729949951, -343.417510986, 231.886886597, -208.210144043, 68.9025344849, -287.69039917, 224.0834198, -204.818572998, 222.170501709], [288.076934814, -64.0956878662, 874.753479004, 318.463043213, 148.927215576, 179.237915039, 77.4371566772, 60.3605308533, -19.211523056, -13.780591011, -53.1697425842, -68.1647109985, -117.860656738], [126.641700745, -586.861999512, 318.463043213, 905.546936035, 136.676849365, 268.84564209, 70.1852340698, 18.6371517181, 51.2617034912, 95.6578979492, -162.821502686, 14.6377782822, -168.259674072], [-824.773864746, 484.729949951, 148.927215576, 136.676849365, 325.208557129, 52.6164894104, 130.513168335, -11.620757103, 46.4051132202, -16.47133255, -6.75585126877, -35.4733505249, -7.49324846268], [128.031539917, -343.417510986, 179.237915039, 268.84564209, 52.6164894104, 286.217285156, 68.5589828491, 52.305644989, -7.8556394577, 56.9097061157, -59.1645927429, -17.4047698975, -78.9655990601], [-557.795410156, 231.886886597, 77.4371566772, 70.1852340698, 130.513168335, 68.5589828491, 250.77935791, 16.9450035095, 33.28332901, 14.3139352798, -3.89365839958, -12.2392759323, -17.0617408752], [116.026496887, -208.210144043, 60.3605308533, 18.6371517181, -11.620757103, 52.305644989, 16.9450035095, 163.906646729, 27.2464256287, 34.9743461609, 6.48400783539, -3.59744334221, -14.3959474564], [-366.244506836, 68.9025344849, -19.211523056, 51.2617034912, 46.4051132202, -7.8556394577, 33.28332901, 27.2464256287, 124.99369812, 38.3002586365, 0.869420945644, 10.4214916229, -9.84416294098], [-135.323562622, -287.69039917, -13.780591011, 95.6578979492, -16.47133255, 56.9097061157, 14.3139352798, 34.9743461609, 38.3002586365, 146.790634155, 9.10825252533, 43.8019943237, -15.0041570663], [-110.398841858, 224.0834198, -53.1697425842, -162.821502686, -6.75585126877, -59.1645927429, -3.89365839958, 6.48400783539, 0.869420945644, 9.10825252533, 163.670425415, 28.1043281555, 72.1562194824], [70.9840164185, -204.818572998, -68.1647109985, 14.6377782822, -35.4733505249, -17.4047698975, -12.2392759323, -3.59744334221, 10.4214916229, 43.8019943237, 28.1043281555, 131.432220459, 39.9647216797], [-85.4902801514, 222.170501709, -117.860656738, -168.259674072, -7.49324846268, -78.9655990601, -17.0617408752, -14.3959474564, -9.84416294098, -15.0041570663, 72.1562194824, 39.9647216797, 146.563903809]],
        "icov": [[7.23345510778e-05, -4.91065984534e-05, -3.37674246111e-05, -4.70185077575e-05, 0.000223229959374, -6.90729575581e-05, 0.000113359041279, -0.000109913540655, 0.000153472457896, 6.28460984444e-05, 4.97699038533e-05, -0.000124625628814, 3.83182596124e-05], [-4.91065984534e-05, 0.00124769064132, -1.49208472067e-06, 0.000369033776224, -0.00155205815099, 0.000754393171519, -0.000778981717303, 0.00122231268324, -0.000998671399429, 0.00116350362077, -0.0011571951909, 0.00181846367195, -0.0010151413735], [-3.37674246111e-05, -1.49208472067e-06, 0.00163666985463, -0.000364781590179, -0.000636039301753, -0.000356319302227, -4.57696005469e-05, -0.000555675360374, 0.000558033876587, 0.000423826219048, -0.000418692623498, 0.000330096081598, 0.000792513834313], [-4.70185077575e-05, 0.000369033776224, -0.000364781590179, 0.00240994640626, -0.00125060998835, -0.00103250215761, 6.66552950861e-05, 0.000873282609973, -0.000950007641222, -0.000429034727858, 0.00100990280043, -0.000576217775233, 0.000912020914257], [0.000223229959374, -0.00155205815099, -0.000636039301753, -0.00125060998835, 0.00723740225658, -0.0012590411352, -0.000893054762855, -0.000730776693672, -0.000314856646582, -0.00017679927987, 0.000944883853663, -0.00111965264659, -0.000147493105032], [-6.90729575581e-05, 0.000754393171519, -0.000356319302227, -0.00103250215761, -0.0012590411352, 0.00682599050924, -0.00163669232279, -0.000749373692088, 0.00151272991206, -0.00129106303211, -0.00017548375763, 0.00180387077853, 0.000257424690062], [0.000113359041279, -0.000778981717303, -4.57696005469e-05, 6.66552950861e-05, -0.000893054762855, -0.00163669232279, 0.00598696246743, -0.00102235516533, 1.82435596798e-05, -0.000807525357231, 0.000612649950199, -0.00138701219112, 0.000950869754888], [-0.000109913540655, 0.00122231268324, -0.000555675360374, 0.000873282609973, -0.000730776693672, -0.000749373692088, -0.00102235516533, 0.00866131391376, -0.00310799758881, 1.19040114441e-05, -0.00162179558538, 0.00235446449369, -0.00112175138202], [0.000153472457896, -0.000998671399429, 0.000558033876587, -0.000950007641222, -0.000314856646582, 0.00151272991206, 1.82435596798e-05, -0.00310799758881, 0.011698435992, -0.00341006624512, 0.000956895411946, -0.00178866588976, 0.00191053003073], [6.28460984444e-05, 0.00116350362077, 0.000423826219048, -0.000429034727858, -0.00017679927987, -0.00129106303211, -0.000807525357231, 1.19040114441e-05, -0.00341006624512, 0.0114296609536, -0.00271469820291, -0.0011817504419, -7.6466203609e-05], [4.97699038533e-05, -0.0011571951909, -0.000418692623498, 0.00100990280043, 0.000944883853663, -0.00017548375763, 0.000612649950199, -0.00162179558538, 0.000956895411946, -0.00271469820291, 0.0101377163082, -0.00264236866497, -0.00201245350763], [-0.000124625628814, 0.00181846367195, 0.000330096081598, -0.000576217775233, -0.00111965264659, 0.00180387077853, -0.00138701219112, 0.00235446449369, -0.00178866588976, -0.0011817504419, -0.00264236866497, 0.0131686227396, -0.00477187382057], [3.83182596124e-05, -0.0010151413735, 0.000792513834313, 0.000912020914257, -0.000147493105032, 0.000257424690062, 0.000950869754888, -0.00112175138202, 0.00191053003073, -7.6466203609e-05, -0.00201245350763, -0.00477187382057, 0.0126125738025]]
    },
    "melbands": {
        "dmean": [0.00010749365174, 0.00029700124287, 0.000235740284552, 0.000109031148895, 0.000167406629771, 0.000184083022759, 0.000141264070407, 0.000114979484351, 0.000118404772365, 0.000115084912977, 9.44596686168e-05, 7.78687244747e-05, 3.6718625779e-05, 2.85172736767e-05, 1.82690619113e-05, 1.42116869029e-05, 1.17925046652e-05, 9.49655895965e-06, 9.34443505685e-06, 1.17750169011e-05, 5.27083966517e-06, 3.52136953552e-06, 6.30012073088e-06, 2.28048907047e-06, 1.91448270925e-06, 1.70102237007e-06, 2.50608104579e-06, 2.2450628876e-06, 1.27328530652e-06, 8.5446635012e-07, 6.16702493517e-07, 7.39537199479e-07, 5.50092579488e-07, 6.67452923153e-07, 3.73185258695e-07, 6.61386366119e-07, 3.22155273125e-07, 3.58434306236e-07, 3.10989491936e-07, 1.8590151285e-07],
        "dmean2": [0.000188032310689, 0.000478023372125, 0.000370511173969, 0.000172876971192, 0.000256233266555, 0.000273476151051, 0.000205518328585, 0.000162090276717, 0.00016899232287, 0.000166133060702, 0.000139055322506, 0.000111935871246, 5.42726811545e-05, 4.32487831858e-05, 2.84417164949e-05, 2.20839901885e-05, 1.8403168724e-05, 1.49518855324e-05, 1.34985548357e-05, 1.62227024703e-05, 8.23533537186e-06, 5.47535728401e-06, 8.98518464965e-06, 3.72739214072e-06, 3.15259080708e-06, 2.75154957308e-06, 4.17389128415e-06, 3.74956812266e-06, 2.09263748729e-06, 1.40370923418e-06, 1.00502870737e-06, 1.22069752706e-06, 8.91575609785e-07, 1.05379785964e-06, 5.90294234826e-07, 1.05742867618e-06, 5.17771013619e-07, 5.66369578792e-07, 4.64541756173e-07, 3.02165460653e-07],
        "dvar": [2.26044122087e-07, 1.32425884658e-06, 8.73221779329e-07, 1.01502585892e-07, 2.38442964928e-07, 3.33215410819e-07, 1.84397009662e-07, 1.29451734665e-07, 1.22370067857e-07, 1.9751506386e-07, 1.39765674589e-07, 9.92601059124e-08, 1.35250859401e-08, 1.79836785463e-08, 4.70037875289e-09, 1.67274127882e-09, 1.07967979002e-09, 6.70759003896e-10, 2.68492694744e-09, 4.58412818816e-09, 1.77489231645e-10, 1.03455174982e-10, 2.26613794396e-09, 3.07556480283e-11, 4.89752370603e-11, 2.41286938346e-11, 1.25590260414e-10, 1.11132020253e-10, 2.89728172009e-11, 1.62874609633e-11, 1.2064257579e-11, 1.81048162573e-11, 5.61735250329e-12, 9.90004606072e-12, 2.68183478896e-12, 1.72358499001e-11, 2.74214049904e-12, 4.72922612529e-12, 3.47454920738e-12, 9.12758583993e-13],
        "dvar2": [7.27084966456e-07, 3.52971460416e-06, 2.26224233302e-06, 2.58009720255e-07, 5.74302987388e-07, 6.32020942248e-07, 3.77297197929e-07, 2.29988557976e-07, 2.52654217547e-07, 4.53818358892e-07, 3.09849298219e-07, 1.90310771586e-07, 2.66386539494e-08, 4.48339179115e-08, 1.14514531191e-08, 3.97152977172e-09, 2.28512964107e-09, 1.51652013169e-09, 3.93706489632e-09, 6.34733154925e-09, 4.09789341349e-10, 2.13580764186e-10, 3.34636252042e-09, 8.09140671132e-11, 1.36205061119e-10, 6.20712231614e-11, 3.43294004335e-10, 3.06907194103e-10, 7.60860610627e-11, 4.4848555425e-11, 2.82722525946e-11, 4.64724751736e-11, 1.41758098315e-11, 2.41322031802e-11, 6.03569147786e-12, 3.91754059748e-11, 6.74354235647e-12, 1.15348607402e-11, 6.92925794868e-12, 2.27321395214e-12],
        "max": [0.0126156276092, 0.0315827466547, 0.034249600023, 0.0100832590833, 0.0250327046961, 0.0293977446854, 0.0224640276283, 0.0134134348482, 0.0119217066094, 0.0152771892026, 0.0216998271644, 0.0156337600201, 0.00625265063718, 0.0088206762448, 0.00401761988178, 0.00153049023356, 0.00204657204449, 0.00121423811652, 0.00335341622122, 0.00414514355361, 0.000492596882395, 0.000468645856017, 0.00285592186265, 0.00012161808263, 0.000359795114491, 0.000127064136905, 0.000378903903766, 0.00036823406117, 0.000236395819229, 0.000196225068066, 0.00010612315964, 0.000218797664274, 8.51989389048e-05, 0.000150485284394, 6.38831188553e-05, 0.000190875376575, 7.0856862294e-05, 0.000145105499541, 0.000156773530762, 5.73119941691e-05],
        "mean": [0.000173447435373, 0.000507753866259, 0.000413310277509, 0.000261343811871, 0.000419274321757, 0.000469416787382, 0.000308697897708, 0.000249814213021, 0.000286158261588, 0.000278489955235, 0.000196749155293, 0.000161935400683, 7.61941701057e-05, 5.82754582865e-05, 3.51536691596e-05, 2.7185476938e-05, 2.20900637942e-05, 1.84042401088e-05, 2.00610156753e-05, 2.69884676527e-05, 9.7837391877e-06, 7.29484418116e-06, 1.17048894026e-05, 4.96323173138e-06, 3.62438026968e-06, 3.70895577362e-06, 5.17282796864e-06, 4.43175895271e-06, 2.67491600425e-06, 1.69264080796e-06, 1.33071910113e-06, 1.56644864546e-06, 1.19062428894e-06, 1.46588911321e-06, 9.1398561608e-07, 1.48967842506e-06, 8.79733079273e-07, 8.90953629096e-07, 7.509050306e-07, 5.10154052336e-07],
        "median": [2.26415359066e-05, 4.35976617155e-05, 6.07930487604e-05, 5.39292341273e-05, 7.12929177098e-05, 7.40626055631e-05, 5.63614485145e-05, 3.62993851013e-05, 3.05923676933e-05, 2.48468895734e-05, 2.15582094825e-05, 2.11812075577e-05, 1.42511944432e-05, 7.95856976765e-06, 8.01530404715e-06, 7.56386816647e-06, 6.69485689286e-06, 5.73728948439e-06, 4.73948648505e-06, 4.89714329888e-06, 2.66818915406e-06, 1.99996725314e-06, 1.88550825442e-06, 1.38675670769e-06, 9.28800432121e-07, 8.3173222265e-07, 5.31979878815e-07, 4.05601980447e-07, 2.53670009442e-07, 7.84998732684e-08, 3.64207970449e-08, 2.56114116581e-08, 2.06685761839e-08, 1.6983028317e-08, 2.59127794777e-08, 2.75802971572e-08, 2.19504681098e-08, 1.88209927643e-08, 1.98061922418e-08, 1.25790355909e-08],
        "min": [2.26192355329e-24, 1.85264476629e-24, 2.15591701649e-24, 2.43613263737e-24, 2.52108605433e-24, 2.76168212232e-24, 3.86776095804e-24, 2.96286551619e-24, 2.57455761029e-24, 3.51001253752e-24, 2.86327695451e-24, 2.8424496461e-24, 5.1818071942e-24, 6.02202767752e-24, 3.04854310747e-24, 4.64387426546e-24, 2.61769706053e-24, 4.03656969758e-24, 4.04265852048e-24, 4.61083716518e-24, 6.54250272e-24, 3.75774286632e-24, 4.84335076155e-24, 5.73561910411e-24, 5.41234903274e-24, 4.97568888372e-24, 4.38022748461e-24, 5.62479400768e-24, 7.17806625766e-24, 6.18755041696e-24, 7.12972328367e-24, 6.23489903178e-24, 6.49965968424e-24, 6.09365466999e-24, 6.06667799362e-24, 6.77634278598e-24, 6.67634046675e-24, 7.99114203723e-24, 6.20726681199e-24, 7.67455480102e-24],
        "var": [4.24241193286e-07, 2.59788293988e-06, 1.52200811954e-06, 4.75185714777e-07, 9.50166679559e-07, 1.93297637452e-06, 8.27377675705e-07, 6.24396363946e-07, 7.41847429708e-07, 9.82494157142e-07, 6.42836937459e-07, 4.65471885036e-07, 6.24210727551e-08, 6.34428047874e-08, 1.50584167358e-08, 5.02042896144e-09, 3.92212839984e-09, 2.25166418844e-09, 1.07537800886e-08, 2.01797138999e-08, 4.94007224017e-10, 3.02062902469e-10, 6.2215046448e-09, 8.60309185002e-11, 9.41521374753e-11, 6.94071189411e-11, 3.34232058696e-10, 2.78606110404e-10, 9.38789879168e-11, 5.01422722787e-11, 2.86768265384e-11, 6.2729911543e-11, 2.28968528165e-11, 3.98407105917e-11, 1.21763163788e-11, 5.42439322626e-11, 1.21280537696e-11, 1.73400391268e-11, 1.55420312037e-11, 5.11121049998e-12]
    },
    "mfcc": {
        "mean": [-741.12512207, 144.273071289, -21.6985855103, 6.56611919403, -0.504653394222, -11.2335538864, -3.01621413231, -4.2026553154, -4.42084169388, 3.17491149902, -6.82505226135, -1.74201011658, -1.18806600571],
        "cov": [[12205.703125, -377.657104492, 89.4341583252, 127.36693573, -242.741134644, -165.521591187, -152.977676392, 35.4469909668, -231.399398804, 25.1083984375, -255.212890625, -98.1343307495, -59.4111404419], [-377.657104492, 3189.44116211, -356.632263184, -201.88609314, 99.0815582275, -314.397094727, 158.388320923, -62.7627830505, -79.0945739746, -59.6421012878, -102.357955933, -27.353181839, -91.3031005859], [89.4341583252, -356.632263184, 680.333679199, 172.196884155, 162.650360107, 163.667816162, 103.540885925, 89.9107666016, 45.8694419861, 51.2768554688, 48.4977035522, 26.0909404755, -14.9268255234], [127.36693573, -201.88609314, 172.196884155, 432.960601807, 106.831596375, 214.635223389, 26.6292324066, 75.5869674683, 81.6712341309, 15.3668003082, 49.4805259705, 1.70865869522, 23.2998352051], [-242.741134644, 99.0815582275, 162.650360107, 106.831596375, 246.066757202, 63.4863052368, 53.5636329651, 32.5481758118, 22.8964881897, 37.7292022705, 3.52188467979, 11.3061590195, -11.2153844833], [-165.521591187, -314.397094727, 163.667816162, 214.635223389, 63.4863052368, 356.667449951, 60.3146896362, 65.8641357422, 87.3223800659, 15.6686429977, 76.2867126465, -8.77694225311, 15.8480577469], [-152.977676392, 158.388320923, 103.540885925, 26.6292324066, 53.5636329651, 60.3146896362, 209.32093811, 44.7387962341, 25.0186271667, 31.8430843353, 10.1628446579, 19.327829361, -14.5637655258], [35.4469909668, -62.7627830505, 89.9107666016, 75.5869674683, 32.5481758118, 65.8641357422, 44.7387962341, 125.582115173, 54.3941688538, 18.1095924377, 23.3118495941, 2.63281822205, 11.8503246307], [-231.399398804, -79.0945739746, 45.8694419861, 81.6712341309, 22.8964881897, 87.3223800659, 25.0186271667, 54.3941688538, 134.147460938, 39.5161361694, 34.440071106, 4.51781702042, 12.8765106201], [25.1083984375, -59.6421012878, 51.2768554688, 15.3668003082, 37.7292022705, 15.6686429977, 31.8430843353, 18.1095924377, 39.5161361694, 111.633850098, 32.8494033813, 9.57248783112, -5.1753911972], [-255.212890625, -102.357955933, 48.4977035522, 49.4805259705, 3.52188467979, 76.2867126465, 10.1628446579, 23.3118495941, 34.440071106, 32.8494033813, 114.487617493, 31.9040203094, 18.32188797], [-98.1343307495, -27.353181839, 26.0909404755, 1.70865869522, 11.3061590195, -8.77694225311, 19.327829361, 2.63281822205, 4.51781702042, 9.57248783112, 31.9040203094, 104.631446838, 33.3010635376], [-59.4111404419, -91.3031005859, -14.9268255234, 23.2998352051, -11.2153844833, 15.8480577469, -14.5637655258, 11.8503246307, 12.8765106201, -5.1753911972, 18.32188797, 33.3010635376, 112.893569946]],
