{
"lowlevel": {
    "average_loudness": 0.875989854336,
    "barkbands_crest": {
        "dmean": 3.35667586327,
        "dmean2": 5.20322942734,
        "dvar": 12.2333631516,
        "dvar2": 24.0211658478,
        "max": 26.8709144592,
        "mean": 13.5612363815,
        "median": 13.2831840515,
        "min": 2.06941413879,
        "var": 38.8005027771
    },
    "barkbands_flatness_db": {
        "dmean": 0.0313967391849,
        "dmean2": 0.044309604913,
        "dvar": 0.00137035339139,
        "dvar2": 0.00244942610152,
        "max": 0.633202195168,
        "mean": 0.140433683991,
        "median": 0.118904903531,
        "min": 0.0205811783671,
        "var": 0.00708064064384
    },
    "barkbands_kurtosis": {
        "dmean": 12.1044998169,
        "dmean2": 17.4150047302,
        "dvar": 4623.71142578,
        "dvar2": 9323.18652344,
        "max": 2100.33178711,
        "mean": 14.597869873,
        "median": 1.88895201683,
        "min": -1.87055778503,
        "var": 6052.42089844
    },
    "barkbands_skewness": {
        "dmean": 0.945637524128,
        "dmean2": 1.31293427944,
        "dvar": 2.85268235207,
        "dvar2": 4.74748277664,
        "max": 40.2778015137,
        "mean": 2.12966942787,
        "median": 1.40962219238,
        "min": -10.0227689743,
        "var": 7.75200223923
    },
    "barkbands_spread": {
        "dmean": 7.18133592606,
        "dmean2": 11.1955900192,
        "dvar": 69.0868453979,
        "dvar2": 148.401306152,
        "max": 103.508110046,
        "mean": 24.4699420929,
        "median": 21.9580383301,
        "min": 0.0814069658518,
        "var": 265.451721191
    },
    "dissonance": {
        "dmean": 0.0158204045147,
        "dmean2": 0.0269753038883,
        "dvar": 0.000292086508125,
        "dvar2": 0.000801699468866,
        "max": 0.500000059605,
        "mean": 0.474408954382,
        "median": 0.480639278889,
        "min": 0.263148009777,
        "var": 0.00060207513161
    },
    "dynamic_complexity": 3.30568861961,
    "erbbands_crest": {
        "dmean": 2.50689888,
        "dmean2": 4.18453884125,
        "dvar": 6.54654550552,
        "dvar2": 16.2854709625,
        "max": 32.3840026855,
        "mean": 7.75327444077,
        "median": 6.39808893204,
        "min": 2.0710337162,
        "var": 20.3559551239
    },
    "erbbands_flatness_db": {
        "dmean": 0.0169173758477,
        "dmean2": 0.0248602833599,
        "dvar": 0.000350979185896,
        "dvar2": 0.000703207973856,
        "max": 0.577203631401,
        "mean": 0.143794864416,
        "median": 0.111543789506,
        "min": 0.0404707193375,
        "var": 0.00731790298596
    },
    "erbbands_kurtosis": {
        "dmean": 1.06805896759,
        "dmean2": 1.65899181366,
        "dvar": 6.82587194443,
        "dvar2": 15.0890331268,
        "max": 65.1517333984,
        "mean": 0.936532497406,
        "median": 0.0488994121552,
        "min": -1.84828984737,
        "var": 15.1738672256
    },
    "erbbands_skewness": {
        "dmean": 0.332319378853,
        "dmean2": 0.517187595367,
        "dvar": 0.132705435157,
        "dvar2": 0.291709840298,
        "max": 7.17853069305,
        "mean": 0.228294655681,
        "median": 0.0903235003352,
        "min": -2.5129108429,
        "var": 0.507205307484
    },
    "erbbands_spread": {
        "dmean": 9.56211185455,
        "dmean2": 13.6505661011,
        "dvar": 130.975891113,
        "dvar2": 228.701461792,
        "max": 190.539733887,
        "mean": 39.6037597656,
        "median": 36.8427810669,
        "min": 0.504888057709,
        "var": 587.328613281
    },
    "hfc": {
        "dmean": 13.4495267868,
        "dmean2": 21.0942649841,
        "dvar": 435.602752686,
        "dvar2": 1149.96740723,
        "max": 187.077102661,
        "mean": 32.4092025757,
        "median": 22.9369087219,
        "min": 1.15592283441e-16,
        "var": 887.377563477
    },
    "melbands_crest": {
        "dmean": 4.01664066315,
        "dmean2": 6.5154337883,
        "dvar": 16.963684082,
        "dvar2": 43.1656455994,
        "max": 39.9939804077,
        "mean": 18.533744812,
        "median": 19.5934295654,
        "min": 2.73117685318,
        "var": 56.1249542236
    },
    "melbands_flatness_db": {
        "dmean": 0.0377128310502,
        "dmean2": 0.0538511797786,
        "dvar": 0.00200714333914,
        "dvar2": 0.00358429737389,
        "max": 0.665563702583,
        "mean": 0.203859344125,
        "median": 0.188026636839,
        "min": 0.00988933537155,
        "var": 0.00853979866952
    },
    "melbands_kurtosis": {
        "dmean": 21.7781600952,
        "dmean2": 33.0339851379,
        "dvar": 27077.2753906,
        "dvar2": 78783.609375,
        "max": 12805.1738281,
        "mean": 33.5963516235,
        "median": 8.58907222748,
        "min": -1.84760272503,
        "var": 17266.3496094
    },
    "melbands_skewness": {
        "dmean": 1.25652062893,
        "dmean2": 1.78937757015,
        "dvar": 4.58218860626,
        "dvar2": 9.78234004974,
        "max": 109.570243835,
        "mean": 3.57787203789,
        "median": 2.68844079971,
        "min": -4.12824440002,
        "var": 11.7412424088
    },
    "melbands_spread": {
        "dmean": 8.22516441345,
        "dmean2": 12.8156194687,
        "dvar": 98.0331573486,
        "dvar2": 213.819641113,
        "max": 138.779327393,
        "mean": 22.9280738831,
        "median": 20.0744667053,
        "min": 0.0715001225471,
        "var": 302.682037354
    },
    "pitch_salience": {
        "dmean": 0.0978568568826,
        "dmean2": 0.152053311467,
        "dvar": 0.0122031979263,
        "dvar2": 0.025669734925,
        "max": 0.96584880352,
        "mean": 0.441752374172,
        "median": 0.441303282976,
        "min": 0.00267311977223,
        "var": 0.0382498055696
    },
    "silence_rate_20dB": {
        "dmean": 0,
        "dmean2": 0,
        "dvar": 0,
        "dvar2": 0,
        "max": 1,
        "mean": 1,
        "median": 1,
        "min": 1,
        "var": 0
    },
    "silence_rate_30dB": {
        "dmean": 0.0890000760555,
        "dmean2": 0.178013652563,
        "dvar": 0.0810875967145,
        "dvar2": 0.195169240236,
        "max": 1,
        "mean": 0.928289890289,
        "median": 1,
        "min": 0,
        "var": 0.0665676295757
    },
    "silence_rate_60dB": {
        "dmean": 0.025471912697,
        "dmean2": 0.05094768852,
        "dvar": 0.0248191449791,
        "dvar2": 0.0564040541649,
        "max": 1,
        "mean": 0.0962704643607,
        "median": 0,
        "min": 0,
        "var": 0.0870060697198
    },
    "spectral_centroid": {
        "dmean": 267.571624756,
        "dmean2": 408.118865967,
        "dvar": 88489.2890625,
        "dvar2": 185287.15625,
        "max": 11108.2216797,
        "mean": 1681.31811523,
        "median": 1747.69799805,
        "min": 86.3728561401,
        "var": 401551.5
    },
    "spectral_complexity": {
        "dmean": 5.139564991,
        "dmean2": 7.45170593262,
        "dvar": 27.1725978851,
        "dvar2": 57.7962379456,
        "max": 59,
        "mean": 24.1223468781,
        "median": 24,
        "min": 0,
        "var": 187.727371216
    },
    "spectral_decrease": {
        "dmean": 3.58125018529e-09,
        "dmean2": 4.91882490294e-09,
        "dvar": 1.96585908038e-17,
        "dvar2": 3.59698198967e-17,
        "max": 3.5852654726e-16,
        "mean": -1.21452101709e-08,
        "median": -1.19021308365e-08,
        "min": -4.4657419096e-08,
        "var": 8.68543745997e-17
    },
    "spectral_energy": {
        "dmean": 0.0139693003148,
        "dmean2": 0.0191928353161,
        "dvar": 0.000291512260446,
        "dvar2": 0.00052544195205,
        "max": 0.172154292464,
        "mean": 0.0487785115838,
        "median": 0.0484588891268,
        "min": 1.08637499178e-20,
        "var": 0.00134057167452
    },
    "spectral_energyband_high": {
        "dmean": 0.00100685236976,
        "dmean2": 0.00163420964964,
        "dvar": 3.15673287332e-06,
        "dvar2": 8.32379373605e-06,
        "max": 0.0164841972291,
        "mean": 0.00185435567982,
        "median": 0.000885417917743,
        "min": 7.59756506901e-21,
        "var": 5.34654100193e-06
    },
    "spectral_energyband_low": {
        "dmean": 0.0126668484882,
        "dmean2": 0.0185383129865,
        "dvar": 0.000350034068106,
        "dvar2": 0.000742856180295,
        "max": 0.162100687623,
        "mean": 0.0328970439732,
        "median": 0.0271179080009,
        "min": 3.55685423033e-23,
        "var": 0.0010053232545
    },
    "spectral_energyband_middle_high": {
        "dmean": 0.00315320189111,
        "dmean2": 0.00509132212028,
        "dvar": 1.56263140525e-05,
        "dvar2": 4.0593342419e-05,
        "max": 0.0461156405509,
        "mean": 0.00770685635507,
        "median": 0.00615550391376,
        "min": 1.78549782692e-21,
        "var": 4.03754675062e-05
    },
    "spectral_energyband_middle_low": {
        "dmean": 0.0054233414121,
        "dmean2": 0.00933155044913,
        "dvar": 0.00016155182675,
        "dvar2": 0.000445291312644,
        "max": 0.116467677057,
        "mean": 0.00754637084901,
        "median": 0.00441322056577,
        "min": 4.71591651432e-22,
        "var": 0.000122063669551
    },
    "spectral_entropy": {
        "dmean": 0.150080248713,
        "dmean2": 0.230280697346,
        "dvar": 0.0376413539052,
        "dvar2": 0.0833969786763,
        "max": 9.80197811127,
        "mean": 7.88244962692,
        "median": 8.00298881531,
        "min": 4.81197452545,
        "var": 0.189743340015
    },
    "spectral_flux": {
        "dmean": 0.0357817672193,
        "dmean2": 0.0482903048396,
        "dvar": 0.00178727670573,
        "dvar2": 0.00283548957668,
        "max": 0.405272454023,
        "mean": 0.105629093945,
        "median": 0.0918698310852,
        "min": 1.04229312681e-10,
        "var": 0.00544878095388
    },
    "spectral_kurtosis": {
        "dmean": 1.34019935131,
        "dmean2": 2.17585110664,
        "dvar": 5.18154907227,
        "dvar2": 14.9214410782,
        "max": 40.9572029114,
        "mean": 4.29864740372,
        "median": 3.14452290535,
        "min": -1.24335670471,
        "var": 12.574886322
    },
    "spectral_rms": {
        "dmean": 0.00098424765747,
        "dmean2": 0.0013280158164,
        "dvar": 1.21256039165e-06,
        "dvar2": 2.03701870305e-06,
        "max": 0.0129597615451,
        "mean": 0.00621368316934,
        "median": 0.00687582464889,
        "min": 3.25557679773e-12,
        "var": 8.97884456208e-06
    },
    "spectral_rolloff": {
        "dmean": 601.863098145,
        "dmean2": 1000.37011719,
        "dvar": 890731.9375,
        "dvar2": 2087103.75,
        "max": 19466.015625,
        "mean": 1551.32751465,
        "median": 1421.19140625,
        "min": 21.533203125,
        "var": 2637162.25
    },
    "spectral_skewness": {
        "dmean": 0.177137926221,
        "dmean2": 0.276968568563,
        "dvar": 0.0483880788088,
        "dvar2": 0.120982952416,
        "max": 5.40794706345,
        "mean": 1.57247257233,
        "median": 1.46743488312,
        "min": -0.00437137344852,
        "var": 0.191951617599
    },
    "spectral_spread": {
        "dmean": 647031.125,
        "dmean2": 903023.1875,
        "dvar": 581671059456,
        "dvar2": 1.05468801843e+12,
        "max": 41315088,
        "mean": 5307579,
        "median": 5382345,
        "min": 1335173.375,
        "var": 3.28627545702e+12
    },
    "spectral_strongpeak": {
        "dmean": 0.351118773222,
        "dmean2": 0.575089097023,
        "dvar": 0.424410104752,
        "dvar2": 1.16815590858,
        "max": 11.0928697586,
        "mean": 0.756727874279,
        "median": 0.536439418793,
        "min": 0,
        "var": 0.621562719345
    },
    "zerocrossingrate": {
        "dmean": 0.0131157431751,
        "dmean2": 0.0157509762794,
        "dvar": 0.000198854599148,
        "dvar2": 0.000238322332734,
        "max": 0.79931640625,
        "mean": 0.0660476982594,
        "median": 0.06201171875,
        "min": 0.0029296875,
        "var": 0.00192343688104
    },
    "barkbands": {
        "dmean": [0.000577705621254, 0.010314273648, 0.00651521375403, 0.00243760133162, 0.00171098439023, 0.000528075324837, 0.000686817453243, 0.000677575939335, 0.000742577656638, 0.000701893062796, 0.000772525381763, 0.000663904764224, 0.000551019562408, 0.00078332144767, 0.000511523161549, 0.000329255737597, 0.000360820558853, 0.000252911442658, 0.000199671427254, 0.000197782865143, 0.000177693669684, 0.000161811229191, 0.000153473636601, 0.00016540530487, 0.00022716417152, 0.000165906531038, 3.11261442221e-06],
        "dmean2": [0.000934855430387, 0.0142008112743, 0.0107843894511, 0.00458751944825, 0.00299012195319, 0.000853074307088, 0.0011170496, 0.00119052315131, 0.00119579816237, 0.00119125517085, 0.00128281197976, 0.00112262205221, 0.000922758423258, 0.00131187972147, 0.000846176641062, 0.000554746948183, 0.000617038400378, 0.000424666359322, 0.000344989181031, 0.000330617738655, 0.000297705933917, 0.000271143246209, 0.00024726614356, 0.000278444291325, 0.000388724671211, 0.000263422698481, 4.76622608403e-06],
        "dvar": [2.16358694161e-06, 0.000177818539669, 0.000297157006571, 5.82334760111e-05, 1.8546848878e-05, 8.56897088397e-07, 1.16391345273e-06, 2.42004830397e-06, 1.14097258574e-06, 1.31771037104e-06, 1.28134990973e-06, 1.06907475583e-06, 8.22297124614e-07, 1.22327321606e-06, 6.27296003586e-07, 3.6001088688e-07, 4.04679326493e-07, 1.34620336212e-07, 9.89021913256e-08, 8.90879903181e-08, 7.96327128683e-08, 7.75535013986e-08, 8.39660501128e-08, 8.92433860145e-08, 1.83067811577e-07, 1.06160285895e-07, 4.40508844679e-11],
        "dvar2": [5.57113116884e-06, 0.000338941405062, 0.000743950076867, 0.000168284866959, 5.31387595402e-05, 2.20872721002e-06, 2.9683521916e-06, 6.75642240822e-06, 2.78599213743e-06, 3.47013360624e-06, 3.33860498358e-06, 2.90826278615e-06, 2.19453613681e-06, 3.2468963127e-06, 1.66782740507e-06, 9.64474224929e-07, 1.10936821329e-06, 3.74921228286e-07, 2.83283981162e-07, 2.48298334782e-07, 2.1420066787e-07, 2.0679875945e-07, 2.18460215251e-07, 2.38026544253e-07, 4.91905325362e-07, 2.64747370693e-07, 9.45203637581e-11],
        "max": [0.0249635279179, 0.115161761642, 0.118292436004, 0.0574842244387, 0.0507078506052, 0.0119031742215, 0.0145012019202, 0.0158021450043, 0.0167245771736, 0.0146386111155, 0.016179535538, 0.0154462382197, 0.0165309067816, 0.0164017602801, 0.0151171684265, 0.014848144725, 0.0106517290697, 0.00826079025865, 0.00477044656873, 0.003224411048, 0.00329593429342, 0.00299783726223, 0.0043881572783, 0.00335410726257, 0.00339694484137, 0.00313725997694, 0.000154769557412],
        "mean": [0.00108330242801, 0.0247473940253, 0.00593388592824, 0.00186327146366, 0.00186900782865, 0.000782846531365, 0.000984015758149, 0.000714797351975, 0.0011906423606, 0.000854465353768, 0.00103560730349, 0.000936568481848, 0.000849019968882, 0.00118425802793, 0.000826148490887, 0.000533373502549, 0.000540367909707, 0.000447100552265, 0.000338344107149, 0.000383839389542, 0.000320019869832, 0.000276999897324, 0.000293849065201, 0.000282930966932, 0.000289799965685, 0.000210755926673, 5.84450435781e-06],
        "median": [0.00013334013056, 0.0185723863542, 0.00118320435286, 0.000394820061047, 0.000623204628937, 0.000364679348422, 0.000445589190349, 0.000273577810731, 0.00065153586911, 0.000409012340242, 0.000549060874619, 0.00048756157048, 0.000425790349254, 0.000705631391611, 0.000481155060697, 0.000286243361188, 0.000261421839241, 0.000279228144791, 0.000199980655452, 0.000200263864826, 0.000159117131261, 0.000123772042571, 0.000120148411952, 0.000113994945423, 9.35160351219e-05, 5.66742673982e-05, 1.06043557935e-06],
        "min": [3.37281676767e-23, 6.89751103216e-24, 7.38865109859e-24, 9.94972431499e-24, 3.81820889694e-23, 2.74729992584e-23, 6.30898324709e-23, 1.31602787053e-22, 1.46589440313e-22, 1.83845737901e-22, 8.85275485057e-23, 1.18594811514e-22, 7.02142877414e-23, 1.10777616462e-22, 1.66867444359e-22, 9.06350314348e-23, 2.06823577374e-22, 1.78660069233e-22, 4.7756614314e-22, 2.82029133214e-22, 4.12081524598e-22, 4.10113184111e-22, 7.9558866443e-22, 7.41535208385e-22, 1.36879357742e-21, 1.78762919025e-21, 2.27918914524e-21],
        "var": [4.40552821601e-06, 0.000589186325669, 0.000242054142291, 3.32019408233e-05, 1.30739999804e-05, 1.25652400129e-06, 1.88007788893e-06, 1.87018508768e-06, 2.19380581257e-06, 1.53018925175e-06, 1.7945677655e-06, 1.54764563831e-06, 1.39867381677e-06, 2.03959962164e-06, 1.10814198706e-06, 6.22425091024e-07, 6.72707358262e-07, 2.50938597901e-07, 1.57011669444e-07, 2.03119256525e-07, 1.5174451562e-07, 1.28022620061e-07, 1.66833245885e-07, 1.50576383362e-07, 2.00396655714e-07, 1.27556418761e-07, 2.2217092055e-10]
    },
    "erbbands": {
        "dmean": [0.353765517473, 2.18443512917, 6.62389993668, 7.98010110855, 7.14032411575, 5.01491785049, 4.27097892761, 4.38982582092, 7.19335794449, 14.2256546021, 16.055109024, 14.5395755768, 21.3168449402, 20.337223053, 26.533208847, 22.3555908203, 22.2167568207, 36.8607978821, 23.0519104004, 27.709394455, 19.2621612549, 23.1562042236, 13.3639850616, 10.4282007217, 9.73213863373, 8.9381942749, 6.94609498978, 7.67189502716, 5.99886989594, 5.09714651108, 4.06437110901, 3.44199705124, 2.83485198021, 2.44959163666, 1.73380613327, 0.951600670815, 0.276679396629, 0.0177378877997, 0.000718636147212, 5.97821126576e-05],
        "dmean2": [0.51418864727, 2.86553645134, 10.3109779358, 14.040148735, 12.9627494812, 8.62330913544, 7.36593770981, 6.86120128632, 11.1081266403, 24.9462051392, 26.9656963348, 23.8470058441, 35.621131897, 33.6762428284, 44.4583015442, 37.7521896362, 36.9366035461, 61.5264129639, 38.1296539307, 46.1704826355, 32.5419425964, 39.2782211304, 22.4166679382, 17.7650566101, 16.6459941864, 15.0065755844, 11.5115842819, 13.0817089081, 10.0001792908, 8.49890136719, 6.47869348526, 5.70786380768, 4.77143955231, 4.21576023102, 2.94948530197, 1.55030608177, 0.432635784149, 0.0273907333612, 0.00110066647176, 8.83016255102e-05],
        "dvar": [0.25991293788, 9.18324756622, 259.635742188, 540.327392578, 402.733612061, 136.964797974, 101.491088867, 52.952999115, 125.719062805, 848.863769531, 829.556274414, 540.975341797, 1009.8760376, 818.682800293, 1362.63195801, 1159.32531738, 1300.95568848, 3344.97802734, 1102.43920898, 1671.75183105, 1491.13146973, 1781.04345703, 420.177429199, 216.037734985, 239.839859009, 190.733383179, 113.575645447, 169.132019043, 101.536727905, 88.7201385498, 54.4264602661, 35.4440841675, 27.0285987854, 20.6557426453, 11.3634262085, 3.61959862709, 0.272000074387, 0.00104108860251, 1.62210244525e-06, 1.40274591942e-08],
        "dvar2": [0.546169340611, 15.1926088333, 611.465148926, 1481.35302734, 1156.49206543, 390.344665527, 285.143768311, 128.299880981, 283.617248535, 2373.10913086, 2214.92114258, 1368.38317871, 2670.34204102, 2120.61865234, 3600.88208008, 3155.58911133, 3513.1484375, 8759.01074219, 2953.29516602, 4542.44677734, 3991.45043945, 4879.93164062, 1167.33605957, 607.73248291, 668.688720703, 533.447631836, 307.02822876, 456.668762207, 267.14956665, 239.585754395, 139.10748291, 93.8608703613, 72.0753250122, 55.7394561768, 30.4714488983, 9.26127338409, 0.671502649784, 0.0025732035283, 3.84109216611e-06, 3.09981302848e-08],
        "max": [5.38145780563, 28.9644737244, 123.410209656, 170.031555176, 216.468917847, 133.51423645, 133.985198975, 142.061203003, 234.960723877, 248.524856567, 307.963623047, 483.712799072, 315.284881592, 587.856262207, 460.144195557, 555.224609375, 714.336853027, 933.739135742, 557.140197754, 695.37677002, 1017.80523682, 736.331970215, 555.412658691, 211.156173706, 206.713287354, 162.863143921, 130.743392944, 145.907180786, 121.32900238, 122.277206421, 101.573562622, 75.4710617065, 62.9802017212, 40.7639656067, 29.6027107239, 16.754076004, 5.20503473282, 0.909495353699, 0.0221855323762, 0.00279447808862],
        "mean": [0.880034208298, 4.84138870239, 7.48534488678, 6.82576274872, 6.46268224716, 5.79858493805, 4.91749095917, 7.18359088898, 11.7578163147, 15.7518815994, 19.979642868, 22.2134170532, 29.6368770599, 30.6802940369, 37.3290596008, 33.7209396362, 38.00730896, 58.0310974121, 40.5268440247, 45.8550071716, 31.5063152313, 36.1940345764, 24.2599372864, 19.9010677338, 17.4846382141, 17.3345394135, 13.2263441086, 12.5507612228, 10.5020542145, 8.65178871155, 7.98027324677, 6.43271493912, 4.54229974747, 3.21939945221, 2.09459471703, 1.14430952072, 0.364404201508, 0.0254690032452, 0.00121889333241, 0.000151631888002],
        "median": [0.479768723249, 3.52067995071, 2.49933958054, 1.67058515549, 1.79001951218, 2.001557827, 1.92888760567, 3.41561412811, 5.83596229553, 6.03857946396, 9.15747451782, 12.3108024597, 17.2334480286, 19.309431076, 22.9393920898, 19.5079574585, 21.2613868713, 32.0165786743, 27.6019935608, 28.2537651062, 15.7528820038, 18.0347557068, 14.9717388153, 12.7979164124, 9.92371559143, 9.26886749268, 6.83145427704, 5.77541732788, 4.79767608643, 3.77272129059, 3.31511735916, 2.81367349625, 1.63586962223, 1.02778279781, 0.615728497505, 0.300333797932, 0.0985324531794, 0.00744820013642, 0.000320745108183, 8.2776954514e-05],
        "min": [5.5150979921e-22, 6.68470987074e-22, 4.88758688465e-21, 2.72079769061e-20, 4.9611643578e-20, 1.60233531274e-19, 1.46171435011e-19, 2.84719263304e-19, 6.49746700546e-19, 1.73480247173e-18, 2.68685819866e-18, 2.45108339314e-18, 7.08643314668e-18, 3.79437590427e-18, 4.89033851712e-18, 3.84525288862e-18, 3.0176014035e-18, 4.21919849609e-18, 1.24374024907e-17, 4.30733996703e-18, 6.92020582592e-18, 1.09105743181e-17, 7.68500254462e-18, 2.1288930704e-17, 2.25292102775e-17, 1.29129295997e-17, 1.38767166089e-17, 1.82477333531e-17, 1.22787318785e-17, 1.84121354998e-17, 2.28598839992e-17, 1.88504568521e-17, 1.13622703537e-17, 1.27636905008e-17, 1.20135807875e-17, 6.20076011148e-18, 3.54858208039e-18, 1.3489897176e-18, 2.77128898907e-19, 3.24146717342e-20],
        "var": [1.03757667542, 27.2964839935, 261.253570557, 360.77142334, 246.389099121, 110.291366577, 82.1041030884, 111.743148804, 271.750671387, 704.869567871, 874.163635254, 848.059936523, 1281.21875, 1196.17053223, 1881.98352051, 1753.04455566, 2396.21655273, 5927.91210938, 1979.51586914, 2851.71386719, 2483.25830078, 3054.25976562, 796.757873535, 441.51361084, 406.434020996, 419.206970215, 245.011886597, 263.71987915, 186.682327271, 138.144897461, 120.131416321, 72.2602157593, 41.9545516968, 24.1630916595, 11.6609392166, 3.89833569527, 0.365030050278, 0.00173493439797, 5.25736459167e-06, 7.41358832101e-08]
    },
    "gfcc": {
        "mean": [14.7868928909, 56.6386489868, -122.694480896, 29.0006637573, -43.7152519226, 32.8472480774, -29.5026054382, 18.2883472443, -20.8991985321, 10.9103775024, -17.2072467804, 3.97892832756, -10.7358493805],
        "cov": [[13414.5292969, 1220.86901855, 3328.3034668, 1082.0111084, -336.612640381, 300.788330078, -265.517272949, 825.545654297, 87.6376571655, 449.866760254, 5.8781876564, 419.711914062, -151.170913696], [1220.86901855, 1773.40722656, 790.255310059, 56.0440444946, -85.7240371704, -105.607933044, 55.4798622131, 80.2463684082, 147.016372681, -12.7157325745, 111.911941528, 25.7405033112, 56.3208007812], [3328.3034668, 790.255310059, 2440.77636719, 740.505493164, 198.20425415, 223.901290894, 7.12300539017, 463.478363037, 149.011154175, 204.967330933, 6.19647502899, 124.638778687, -97.3739089966], [1082.0111084, 56.0440444946, 740.505493164, 591.93170166, 292.759033203, 250.761672974, 63.9896392822, 182.121994019, 82.9206390381, 96.7739486694, 31.9650306702, 50.9650192261, -29.4078235626], [-336.612640381, -85.7240371704, 198.20425415, 292.759033203, 545.133666992, 281.56262207, 161.648147583, 56.4045524597, 38.0377807617, 38.9167404175, 32.0397758484, 3.59766244888, -3.05487823486], [300.788330078, -105.607933044, 223.901290894, 250.761672974, 281.56262207, 302.120422363, 120.419273376, 80.2940444946, 41.164806366, 46.6683349609, 35.8419647217, 18.058713913, -4.76117134094], [-265.517272949, 55.4798622131, 7.12300539017, 63.9896392822, 161.648147583, 120.419273376, 184.234024048, 64.5678939819, 51.2820587158, 2.44012546539, 28.9102687836, -3.37361884117, 28.4075126648], [825.545654297, 80.2463684082, 463.478363037, 182.121994019, 56.4045524597, 80.2940444946, 64.5678939819, 213.806610107, 83.230506897, 76.3105316162, 6.27971076965, 43.2224197388, -3.2322075367], [87.6376571655, 147.016372681, 149.011154175, 82.9206390381, 38.0377807617, 41.164806366, 51.2820587158, 83.230506897, 114.146324158, 51.9585762024, 48.5936584473, 17.0564460754, 19.5039672852], [449.866760254, -12.7157325745, 204.967330933, 96.7739486694, 38.9167404175, 46.6683349609, 2.44012546539, 76.3105316162, 51.9585762024, 105.360412598, 39.1655807495, 37.4198951721, -4.05284357071], [5.8781876564, 111.911941528, 6.19647502899, 31.9650306702, 32.0397758484, 35.8419647217, 28.9102687836, 6.27971076965, 48.5936584473, 39.1655807495, 89.8787612915, 34.14635849, 27.1011219025], [419.711914062, 25.7405033112, 124.638778687, 50.9650192261, 3.59766244888, 18.058713913, -3.37361884117, 43.2224197388, 17.0564460754, 37.4198951721, 34.14635849, 68.7126464844, 20.2662067413], [-151.170913696, 56.3208007812, -97.3739089966, -29.4078235626, -3.05487823486, -4.76117134094, 28.4075126648, -3.2322075367, 19.5039672852, -4.05284357071, 27.1011219025, 20.2662067413, 62.8764533997]],
        "icov": [[0.000200181937544, -0.000204938085517, -3.90312061427e-06, -0.000152485983563, 0.000354433432221, -0.000459094590042, 0.000280018226476, -0.0004914625315, 0.000632637180388, -0.000477545021567, 0.00036996541894, -0.000763572053984, 0.000277803424979], [-0.000204938085517, 0.00139613321517, -0.000789659039583, 0.000391703564674, -0.000301852211123, 0.00133212248329, -0.000829675933346, 0.00119441503193, -0.0017889291048, 0.00201508123428, -0.00219940301031, 0.00151292094961, -0.00111539277714], [-3.90312061427e-06, -0.000789659039583, 0.00154314027168, -0.000958781922236, -7.69250109443e-05, -0.000354718620656, 0.000898125465028, -0.00214847829193, 0.000822994799819, -0.000850491342135, 0.0010680622654, -0.00103579764254, 0.00165587931406], [-0.000152485983563, 0.000391703564674, -0.000958781922236, 0.0048145102337, -0.00165900203865, -0.00166986393742, 0.0014119183179, -0.000634149357211, -0.00181441544555, 0.00106801430229, -0.000877581594978, 0.000218837740249, 0.000111318367999], [0.000354433432221, -0.000301852211123, -7.69250109443e-05, -0.00165900203865, 0.00508330669254, -0.00312071666121, -0.00237649469636, 0.00126173626631, 0.00137065572198, -0.00201106071472, 0.00146897567902, -0.00118116976228, 0.000569446419831], [-0.000459094590042, 0.00133212248329, -0.000354718620656, -0.00166986393742, -0.00312071666121, 0.0103738158941, -0.00417721457779, 0.00121173576917, -0.000650839821901, 0.00112695852295, -0.00373474904336, 0.00200326857157, 0.000194702399313], [0.000280018226476, -0.000829675933346, 0.000898125465028, 0.0014119183179, -0.00237649469636, -0.00417721457779, 0.0140850031748, -0.00786821264774, 5.19739405718e-05, 0.00348389637657, -0.00278280861676, 0.00325486063957, -0.00337338284589], [-0.0004914625315, 0.00119441503193, -0.00214847829193, -0.000634149357211, 0.00126173626631, 0.00121173576917, -0.00786821264774, 0.0190613251179, -0.0101039810106, -0.00388559442945, 0.00843620486557, -0.00534290447831, -0.000217885739403], [0.000632637180388, -0.0017889291048, 0.000822994799819, -0.00181441544555, 0.00137065572198, -0.000650839821901, 5.19739405718e-05, -0.0101039810106, 0.0242198258638, -0.00690887216479, -0.00806746166199, 0.0058629992418, -0.00334692071192], [-0.000477545021567, 0.00201508123428, -0.000850491342135, 0.00106801430229, -0.00201106071472, 0.00112695852295, 0.00348389637657, -0.00388559442945, -0.00690887216479, 0.0231947880238, -0.0100832739845, -0.00141968287062, 0.00288501498289], [0.00036996541894, -0.00219940301031, 0.0010680622654, -0.000877581594978, 0.00146897567902, -0.00373474904336, -0.00278280861676, 0.00843620486557, -0.00806746166199, -0.0100832739845, 0.0297901239246, -0.0143403774127, -0.000782794610132], [-0.000763572053984, 0.00151292094961, -0.00103579764254, 0.000218837740249, -0.00118116976228, 0.00200326857157, 0.00325486063957, -0.00534290447831, 0.0058629992418, -0.00141968287062, -0.0143403774127, 0.0336805544794, -0.0129286469892], [0.000277803424979, -0.00111539277714, 0.00165587931406, 0.000111318367999, 0.000569446419831, 0.000194702399313, -0.00337338284589, -0.000217885739403, -0.00334692071192, 0.00288501498289, -0.000782794610132, -0.0129286469892, 0.0274716578424]]
    },
    "melbands": {
        "dmean": [0.0029809109401, 0.00283497245982, 0.00132470834069, 0.00044849011465, 0.000149180137669, 9.98683826765e-05, 0.000113838701509, 0.000157650851179, 0.000136901828228, 9.4327107945e-05, 0.000112282607006, 8.54719037306e-05, 0.000106947692984, 6.00611856498e-05, 6.63049722789e-05, 7.06024075043e-05, 6.70046865707e-05, 4.32863635069e-05, 4.61689160147e-05, 2.57428619079e-05, 2.26509582717e-05, 2.90084190055e-05, 1.05277422335e-05, 1.4163162632e-05, 8.51171262184e-06, 8.15862495074e-06, 7.90861213318e-06, 5.95402343606e-06, 4.93486777486e-06, 4.48151422461e-06, 4.41462452727e-06, 3.75539116249e-06, 2.81501866084e-06, 3.14369117405e-06, 2.54666610999e-06, 2.27250507123e-06, 2.22462313104e-06, 2.18308878175e-06, 1.78724235411e-06, 2.18054537982e-06],
        "dmean2": [0.00418829219416, 0.00399440806359, 0.00228720181622, 0.000792902952526, 0.000256955943769, 0.000156698501087, 0.000178239992238, 0.000278129329672, 0.000226717238547, 0.000153700952069, 0.000187521261978, 0.000141471100505, 0.000178300353582, 0.000101407109469, 0.000112288704258, 0.00011841878586, 0.000112130335765, 7.26716170902e-05, 7.63145144447e-05, 4.35535584984e-05, 3.87327490898e-05, 4.94416381116e-05, 1.77279107447e-05, 2.39503151533e-05, 1.46145066537e-05, 1.41772134157e-05, 1.33572957566e-05, 1.00677389128e-05, 8.23516711534e-06, 7.53190670366e-06, 7.64550350141e-06, 6.32079218121e-06, 4.68649250251e-06, 5.26763778907e-06, 4.10487746194e-06, 3.7264335333e-06, 3.74134810954e-06, 3.70052998733e-06, 3.02136049868e-06, 3.79174844056e-06],
        "dvar": [1.5127390725e-05, 3.21244515362e-05, 1.38271670949e-05, 1.34519098083e-06, 1.21705781453e-07, 2.58612224968e-08, 2.96963875712e-08, 1.16078808787e-07, 5.07355579771e-08, 2.25509353413e-08, 2.78170357859e-08, 1.42971137151e-08, 2.48870541952e-08, 1.23644765537e-08, 1.42774601031e-08, 1.48906886821e-08, 1.03562545206e-08, 4.83968065623e-09, 5.86882054066e-09, 1.38717548559e-09, 2.19732054774e-09, 3.00329294767e-09, 2.88570750628e-10, 4.3322526122e-10, 1.50576426328e-10, 1.81044249037e-10, 1.62543034588e-10, 9.10117328723e-11, 5.61151680678e-11, 5.17732627603e-11, 6.23485568729e-11, 3.96658816904e-11, 2.44403768057e-11, 3.65592868479e-11, 2.22812497619e-11, 1.63266102027e-11, 1.45417306668e-11, 1.64985646672e-11, 1.05452001298e-11, 1.70824916712e-11],
        "dvar2": [3.06736656057e-05, 6.91528111929e-05, 3.71209061996e-05, 3.86980764233e-06, 3.44139778008e-07, 6.30797458712e-08, 7.00828834965e-08, 3.26137296724e-07, 1.30956436806e-07, 5.5969014312e-08, 7.31485414462e-08, 3.69537858091e-08, 6.52723883832e-08, 3.33672431907e-08, 3.92736296817e-08, 4.01541342399e-08, 2.72198992235e-08, 1.30936124165e-08, 1.54404293795e-08, 3.81366671576e-09, 5.8949205517e-09, 8.22664070199e-09, 7.98233756871e-10, 1.22138343883e-09, 4.28800245311e-10, 5.18048326459e-10, 4.51126025425e-10, 2.56155680001e-10, 1.53105902956e-10, 1.40501818513e-10, 1.69777997217e-10, 1.05987024712e-10, 6.50794279577e-11, 9.91999191124e-11, 5.7195331804e-11, 4.30700093645e-11, 3.93424598455e-11, 4.42231667952e-11, 2.82352179831e-11, 4.6404005638e-11],
        "max": [0.0377441085875, 0.0479838550091, 0.0275060478598, 0.0141317127272, 0.00442267209291, 0.00284112128429, 0.00316769699566, 0.00322015443817, 0.00294327829033, 0.00324906758033, 0.00180043478031, 0.00222159968689, 0.00226950133219, 0.00201662862673, 0.00205454812385, 0.00223658489995, 0.00160587986466, 0.0011811631266, 0.0017004548572, 0.000487903453177, 0.00128532806411, 0.000971431203652, 0.000494301901199, 0.000352599454345, 0.000182916424819, 0.000186679200851, 0.000155198489665, 0.000134753063321, 0.000120096090541, 8.81467567524e-05, 7.66107841628e-05, 7.73950814619e-05, 6.5256288508e-05, 9.18319346965e-05, 5.98021833866e-05, 6.76197960274e-05, 5.13648010383e-05, 5.51124321646e-05, 3.57874050678e-05, 3.61955135304e-05],
        "mean": [0.00730207934976, 0.0048277201131, 0.00118818646297, 0.000465017656097, 0.000177636684384, 0.000163179429364, 0.000184746415471, 0.000166723606526, 0.000173190943315, 0.000146233782289, 0.000152351087308, 0.000125913604279, 0.000144829900819, 8.4879953647e-05, 9.24470004975e-05, 0.000107303269033, 0.000103167098132, 6.65561165079e-05, 7.26996804588e-05, 4.16463990405e-05, 3.30239563482e-05, 4.19434873038e-05, 1.81590221473e-05, 2.3526539735e-05, 1.51126914716e-05, 1.31850119942e-05, 1.34671217893e-05, 1.08481726784e-05, 8.89156672201e-06, 7.49710170567e-06, 6.62218917569e-06, 6.19102911514e-06, 4.82790346723e-06, 4.99822363054e-06, 4.55816825706e-06, 4.51651521871e-06, 3.72457270714e-06, 3.35668892149e-06, 2.68321741714e-06, 2.66417669081e-06],
        "median": [0.0052536027506, 0.00278802029788, 0.000333042058628, 0.000148993800394, 6.70980007271e-05, 8.0359452113e-05, 9.18410805753e-05, 5.72534481762e-05, 7.64066644479e-05, 7.73745705374e-05, 8.51478762343e-05, 7.81553681009e-05, 8.24908202048e-05, 4.01446450269e-05, 4.48957871413e-05, 4.86782810185e-05, 5.73545621592e-05, 4.01008728659e-05, 3.99339551223e-05, 2.58207546722e-05, 1.42485350807e-05, 1.85912067536e-05, 1.07234718598e-05, 1.41402715599e-05, 9.41917642194e-06, 7.41087205824e-06, 6.61461490381e-06, 5.5886212067e-06, 4.38777806266e-06, 3.64788820661e-06, 2.90496541311e-06, 2.73806244877e-06, 2.12093027585e-06, 2.07423090615e-06, 1.85340468306e-06, 1.7573538571e-06, 1.60594413501e-06, 1.17754211715e-06, 9.18946398087e-07, 8.00673547019e-07],
        "min": [5.33399581776e-24, 2.06299511832e-24, 5.39579123677e-24, 6.36089155683e-24, 6.44368369212e-24, 5.92361096871e-24, 1.1355299321e-23, 2.27143378426e-23, 1.84357945287e-23, 1.89405156245e-23, 3.68838731994e-23, 1.64920933231e-23, 1.27696732815e-23, 1.44498917893e-23, 6.61824559424e-24, 8.57270134061e-24, 6.68153196036e-24, 2.15555989916e-23, 7.63039278983e-24, 6.65213505873e-24, 7.98954617162e-24, 1.40818897548e-23, 4.87163142501e-24, 8.31875676003e-24, 1.84527913258e-23, 1.93694760966e-23, 1.00881197056e-23, 8.48131101588e-24, 8.272444314e-24, 9.7988499337e-24, 1.00814380538e-23, 5.6200355987e-24, 1.01514762804e-23, 9.54144225374e-24, 1.21188062367e-23, 1.48045762741e-23, 1.09769789858e-23, 7.85839962384e-24, 8.65834954681e-24, 1.09649362352e-23],
        "var": [5.44957329112e-05, 5.08101475134e-05, 9.72329598881e-06, 9.01298221834e-07, 1.01565809985e-07, 5.17172829007e-08, 6.16924324959e-08, 9.01573145029e-08, 6.30252827705e-08, 3.89316312521e-08, 3.56404719071e-08, 2.07587742551e-08, 3.39418022577e-08, 1.69498868274e-08, 1.95162446204e-08, 2.46253257785e-08, 1.79964203539e-08, 7.34806837599e-09, 1.02755457476e-08, 2.18023799015e-09, 3.44149131415e-09, 4.842686252e-09, 5.27495602753e-10, 7.34207805664e-10, 2.78472467308e-10, 2.57791288316e-10, 3.02292219034e-10, 1.86179835437e-10, 1.20993187691e-10, 8.90777243634e-11, 8.02425764723e-11, 6.93140059238e-11, 4.21193184497e-11, 5.18228897295e-11, 4.17201793945e-11, 3.94706732576e-11, 2.51376020693e-11, 2.41921933875e-11, 1.5670638398e-11, 1.8010298114e-11]
    },
    "mfcc": {
        "mean": [-628.069580078, 93.8894424438, -12.9406414032, 10.7111005783, 9.38145542145, 15.9348192215, 9.16226959229, 9.76102542877, 6.52951192856, 9.52956390381, 4.39659547806, 1.07511126995, -0.745522201061],
        "cov": [[11245.3730469, 762.70690918, 2639.73291016, 638.604858398, 402.909820557, -184.122268677, 76.0669708252, 166.713806152, 250.422424316, 89.1360092163, 7.6352519989, 485.399139404, 533.009033203], [762.70690918, 1549.77185059, 686.527770996, 116.465354919, -26.6949176788, -129.833984375, -27.5265197754, 42.2008934021, 50.1301345825, 7.29929256439, 4.94817590714, 86.7588806152, 126.119163513], [2639.73291016, 686.527770996, 1925.49035645, 518.956237793, 362.953063965, -75.6319732666, 83.2281646729, 154.605209351, 203.384338379, 151.243637085, 94.0254058838, 213.9296875, 223.337280273], [638.604858398, 116.465354919, 518.956237793, 371.870452881, 270.870452881, 94.4682769775, 111.147041321, 105.903640747, 115.152946472, 84.7808151245, 61.1155967712, 80.5624008179, 78.6016769409], [402.909820557, -26.6949176788, 362.953063965, 270.870452881, 430.521972656, 235.691146851, 185.869918823, 125.067428589, 114.302879333, 81.0076751709, 67.4540252686, 100.855712891, 89.7039489746], [-184.122268677, -129.833984375, -75.6319732666, 94.4682769775, 235.691146851, 283.267730713, 171.003128052, 91.0753479004, 48.5339012146, 36.8435821533, 37.8003425598, 44.6937103271, 21.475435257], [76.0669708252, -27.5265197754, 83.2281646729, 111.147041321, 185.869918823, 171.003128052, 188.827575684, 113.549362183, 84.0791854858, 49.5609207153, 39.0548095703, 45.3084144592, 39.40832901], [166.713806152, 42.2008934021, 154.605209351, 105.903640747, 125.067428589, 91.0753479004, 113.549362183, 136.12411499, 91.7761077881, 57.3871536255, 28.3753452301, 39.8502845764, 41.0305786133], [250.422424316, 50.1301345825, 203.384338379, 115.152946472, 114.302879333, 48.5339012146, 84.0791854858, 91.7761077881, 129.409362793, 74.1238174438, 38.6486854553, 38.5707015991, 45.8353004456], [89.1360092163, 7.29929256439, 151.243637085, 84.7808151245, 81.0076751709, 36.8435821533, 49.5609207153, 57.3871536255, 74.1238174438, 105.414924622, 57.11195755, 30.479265213, 24.9012889862], [7.6352519989, 4.94817590714, 94.0254058838, 61.1155967712, 67.4540252686, 37.8003425598, 39.0548095703, 28.3753452301, 38.6486854553, 57.11195755, 79.0282440186, 41.2368392944, 13.6074428558], [485.399139404, 86.7588806152, 213.9296875, 80.5624008179, 100.855712891, 44.6937103271, 45.3084144592, 39.8502845764, 38.5707015991, 30.479265213, 41.2368392944, 107.014450073, 80.7385940552], [533.009033203, 126.119163513, 223.337280273, 78.6016769409, 89.7039489746, 21.475435257, 39.40832901, 41.0305786133, 45.8353004456, 24.9012889862, 13.6074428558, 80.7385940552, 121.938270569]],
