{
"lowlevel": {
    "average_loudness": 0.924749612808,
    "barkbands_crest": {
        "dmean": 2.18353843689,
        "dmean2": 3.30751347542,
        "dvar": 6.53980827332,
        "dvar2": 14.4460544586,
        "max": 26.4680538177,
        "mean": 14.8445911407,
        "median": 14.9943962097,
        "min": 2.38764095306,
        "var": 27.2503528595
    },
    "barkbands_flatness_db": {
        "dmean": 0.0294085927308,
        "dmean2": 0.0387987866998,
        "dvar": 0.00131976243574,
        "dvar2": 0.00244015362114,
        "max": 0.662389457226,
        "mean": 0.248040750623,
        "median": 0.24735583365,
        "min": 0.0272877551615,
        "var": 0.00917152501643
    },
    "barkbands_kurtosis": {
        "dmean": 18.2088470459,
        "dmean2": 28.7071075439,
        "dvar": 4992.83691406,
        "dvar2": 14009.4707031,
        "max": 1834.13500977,
        "mean": 36.8444671631,
        "median": 7.77753973007,
        "min": -1.94877874851,
        "var": 15263.0625
    },
    "barkbands_skewness": {
        "dmean": 0.959373652935,
        "dmean2": 1.3860104084,
        "dvar": 2.36073231697,
        "dvar2": 5.58834075928,
        "max": 33.8259468079,
        "mean": 3.41393995285,
        "median": 2.51654720306,
        "min": -8.64454555511,
        "var": 12.2971801758
    },
    "barkbands_spread": {
        "dmean": 7.32985496521,
        "dmean2": 10.5346975327,
        "dvar": 207.582519531,
        "dvar2": 452.403381348,
        "max": 120.667510986,
        "mean": 15.6341609955,
        "median": 7.5031785965,
        "min": 0.0861142650247,
        "var": 385.789916992
    },
    "dissonance": {
        "dmean": 0.0261537153274,
        "dmean2": 0.0434174947441,
        "dvar": 0.000990132219158,
        "dvar2": 0.00277895363979,
        "max": 0.5,
        "mean": 0.43022826314,
        "median": 0.443411111832,
        "min": 0.0614414475858,
        "var": 0.00354808708653
    },
    "dynamic_complexity": 3.42732381821,
    "erbbands_crest": {
        "dmean": 2.24220824242,
        "dmean2": 3.47201490402,
        "dvar": 5.04941749573,
        "dvar2": 11.2967100143,
        "max": 33.4901695251,
        "mean": 10.6084384918,
        "median": 9.1469745636,
        "min": 2.34723067284,
        "var": 33.4802703857
    },
    "erbbands_flatness_db": {
        "dmean": 0.0189524944872,
        "dmean2": 0.0263868682086,
        "dvar": 0.000483228242956,
        "dvar2": 0.000920126156416,
        "max": 0.606455743313,
        "mean": 0.202735930681,
        "median": 0.186075717211,
        "min": 0.0367316864431,
        "var": 0.00820544734597
    },
    "erbbands_kurtosis": {
        "dmean": 2.81009578705,
        "dmean2": 4.57100152969,
        "dvar": 164.411987305,
        "dvar2": 454.366455078,
        "max": 559.664978027,
        "mean": 6.62727928162,
        "median": 0.342438220978,
        "min": -1.93807399273,
        "var": 1540.86401367
    },
    "erbbands_skewness": {
        "dmean": 0.489820361137,
        "dmean2": 0.713233053684,
        "dvar": 0.408467233181,
        "dvar2": 0.924531519413,
        "max": 18.2527236938,
        "mean": 0.866793453693,
        "median": 0.727447748184,
        "min": -4.77954149246,
        "var": 2.97306132317
    },
    "erbbands_spread": {
        "dmean": 12.5601501465,
        "dmean2": 17.6880950928,
        "dvar": 330.563812256,
        "dvar2": 679.623168945,
        "max": 187.578826904,
        "mean": 46.27784729,
        "median": 31.2994651794,
        "min": 0.200971066952,
        "var": 1334.74438477
    },
    "hfc": {
        "dmean": 19.7206745148,
        "dmean2": 29.5971336365,
        "dvar": 2552.54272461,
        "dvar2": 6099.04541016,
        "max": 571.9765625,
        "mean": 30.4728870392,
        "median": 12.3017606735,
        "min": 1.16775191422e-16,
        "var": 3251.29052734
    },
    "melbands_crest": {
        "dmean": 2.49722361565,
        "dmean2": 3.852404356,
        "dvar": 8.36207485199,
        "dvar2": 18.812543869,
        "max": 36.2211799622,
        "mean": 20.4615879059,
        "median": 20.769443512,
        "min": 1.91743183136,
        "var": 47.8363990784
    },
    "melbands_flatness_db": {
        "dmean": 0.0330302976072,
        "dmean2": 0.0426527410746,
        "dvar": 0.00172822736204,
        "dvar2": 0.00306825037114,
        "max": 0.754909276962,
        "mean": 0.32106128335,
        "median": 0.318257570267,
        "min": 0.00548394257203,
        "var": 0.0120853818953
    },
    "melbands_kurtosis": {
        "dmean": 26.9174919128,
        "dmean2": 38.3665313721,
        "dvar": 4845.27148438,
        "dvar2": 9569.60449219,
        "max": 1493.98547363,
        "mean": 58.8346977234,
        "median": 20.0367412567,
        "min": -1.77990782261,
        "var": 16887.3144531
    },
    "melbands_skewness": {
        "dmean": 1.15105605125,
        "dmean2": 1.61829674244,
        "dvar": 2.7806687355,
        "dvar2": 5.96936798096,
        "max": 31.7530345917,
        "mean": 4.63811922073,
        "median": 3.63700079918,
        "min": -0.627284765244,
        "var": 13.1841011047
    },
    "melbands_spread": {
        "dmean": 4.96955919266,
        "dmean2": 7.26860523224,
        "dvar": 105.857261658,
        "dvar2": 230.639144897,
        "max": 178.646392822,
        "mean": 12.0563001633,
        "median": 7.32327842712,
        "min": 0.156457081437,
        "var": 275.257354736
    },
    "pitch_salience": {
        "dmean": 0.0632600411773,
        "dmean2": 0.097676075995,
        "dvar": 0.00550581747666,
        "dvar2": 0.0124557055533,
        "max": 0.931505739689,
        "mean": 0.412140905857,
        "median": 0.418177366257,
        "min": 0.0115873636678,
        "var": 0.0281707514077
    },
    "silence_rate_20dB": {
        "dmean": 0,
        "dmean2": 0,
        "dvar": 0,
        "dvar2": 0,
        "max": 1,
        "mean": 1,
        "median": 1,
        "min": 1,
        "var": 0
    },
    "silence_rate_30dB": {
        "dmean": 0.0461345426738,
        "dmean2": 0.0922779887915,
        "dvar": 0.0440067499876,
        "dvar2": 0.0870549678802,
        "max": 1,
        "mean": 0.927137613297,
        "median": 1,
        "min": 0,
        "var": 0.0675540193915
    },
    "silence_rate_60dB": {
        "dmean": 0.00347456801683,
        "dmean2": 0.00685328198597,
        "dvar": 0.00346189527772,
        "dvar2": 0.00796347483993,
        "max": 1,
        "mean": 0.0532715693116,
        "median": 0,
        "min": 0,
        "var": 0.0504342243075
    },
    "spectral_centroid": {
        "dmean": 244.797653198,
        "dmean2": 349.331878662,
        "dvar": 200521.078125,
        "dvar2": 403994.40625,
        "max": 11148.9326172,
        "mean": 908.745483398,
        "median": 647.609802246,
        "min": 94.4134597778,
        "var": 561314.6875
    },
    "spectral_complexity": {
        "dmean": 2.72406148911,
        "dmean2": 3.98957538605,
        "dvar": 20.9213466644,
        "dvar2": 30.4907207489,
        "max": 68,
        "mean": 13.1302833557,
        "median": 12,
        "min": 0,
        "var": 99.9206619263
    },
    "spectral_decrease": {
        "dmean": 3.07499070651e-09,
        "dmean2": 4.54162440988e-09,
        "dvar": 5.50496241541e-17,
        "dvar2": 1.06660949669e-16,
        "max": 3.43332549662e-16,
        "mean": -1.39446134639e-08,
        "median": -1.39136044908e-08,
        "min": -8.85782327487e-08,
        "var": 1.24363468428e-16
    },
    "spectral_energy": {
        "dmean": 0.0129671329632,
        "dmean2": 0.0192109141499,
        "dvar": 0.000879729457665,
        "dvar2": 0.0017272150144,
        "max": 0.340287387371,
        "mean": 0.0553943626583,
        "median": 0.0543901249766,
        "min": 1.09970617057e-20,
        "var": 0.00196719332598
    },
    "spectral_energyband_high": {
        "dmean": 0.00205470598303,
        "dmean2": 0.00313866371289,
        "dvar": 3.01464115182e-05,
        "dvar2": 7.38149610697e-05,
        "max": 0.0550526976585,
        "mean": 0.00246092607267,
        "median": 5.64919755561e-05,
        "min": 8.19518852129e-21,
        "var": 3.68381915905e-05
    },
    "spectral_energyband_low": {
        "dmean": 0.00788433942944,
        "dmean2": 0.0108044119552,
        "dvar": 0.000566301634535,
        "dvar2": 0.00105440919288,
        "max": 0.312092006207,
        "mean": 0.0358336903155,
        "median": 0.0388661324978,
        "min": 2.22398241242e-22,
        "var": 0.00143942132127
    },
    "spectral_energyband_middle_high": {
        "dmean": 0.00136715231929,
        "dmean2": 0.00194268266205,
        "dvar": 3.18172460538e-05,
        "dvar2": 5.73592478759e-05,
        "max": 0.088503152132,
        "mean": 0.00290234410204,
        "median": 0.00133879901841,
        "min": 1.40477199607e-21,
        "var": 5.75044578e-05
    },
    "spectral_energyband_middle_low": {
        "dmean": 0.00576122943312,
        "dmean2": 0.00928005855531,
        "dvar": 0.000146919948747,
        "dvar2": 0.000383872364182,
        "max": 0.143243193626,
        "mean": 0.0154116349295,
        "median": 0.0113558787853,
        "min": 4.21236981155e-22,
        "var": 0.000238626482314
    },
    "spectral_entropy": {
        "dmean": 0.245146125555,
        "dmean2": 0.327745676041,
        "dvar": 0.102264560759,
        "dvar2": 0.188413694501,
        "max": 9.78734970093,
        "mean": 7.06463956833,
        "median": 6.99236774445,
        "min": 2.71587538719,
        "var": 0.968047618866
    },
    "spectral_flux": {
        "dmean": 0.0293732360005,
        "dmean2": 0.0453034341335,
        "dvar": 0.00246382434852,
        "dvar2": 0.0055541661568,
        "max": 0.492651581764,
        "mean": 0.0748910531402,
        "median": 0.0538701936603,
        "min": 1.04866879069e-10,
        "var": 0.00485774502158
    },
    "spectral_kurtosis": {
        "dmean": 5.18064117432,
        "dmean2": 8.63699436188,
        "dvar": 60.0420379639,
        "dvar2": 174.731231689,
        "max": 124.941802979,
        "mean": 10.6859693527,
        "median": 5.56384468079,
        "min": -1.19237458706,
        "var": 211.367477417
    },
    "spectral_rms": {
        "dmean": 0.00074089813279,
        "dmean2": 0.00107621832285,
        "dvar": 1.72912973539e-06,
        "dvar2": 3.28286273543e-06,
        "max": 0.0182205289602,
        "mean": 0.00674458965659,
        "median": 0.00728447269648,
        "min": 3.27549077271e-12,
        "var": 8.55382859299e-06
    },
    "spectral_rolloff": {
        "dmean": 559.059020996,
        "dmean2": 975.841674805,
        "dvar": 2422080,
        "dvar2": 5670658,
        "max": 19767.4804688,
        "mean": 987.555664062,
        "median": 430.6640625,
        "min": 64.599609375,
        "var": 3686032.75
    },
    "spectral_skewness": {
        "dmean": 0.505879223347,
        "dmean2": 0.776769578457,
        "dvar": 0.302945673466,
        "dvar2": 0.809487342834,
        "max": 9.98093223572,
        "mean": 2.05698204041,
        "median": 1.93769025803,
        "min": -0.0496551282704,
        "var": 1.78558051586
    },
    "spectral_spread": {
        "dmean": 922751.1875,
        "dmean2": 1230202.375,
        "dvar": 2.1461294121e+12,
        "dvar2": 3.60191046451e+12,
        "max": 40603228,
        "mean": 4877466,
        "median": 3942841.5,
        "min": 704727.25,
        "var": 9.92613708595e+12
    },
    "spectral_strongpeak": {
        "dmean": 0.214878201485,
        "dmean2": 0.358296304941,
        "dvar": 0.279081076384,
        "dvar2": 0.721802651882,
        "max": 17.6358509064,
        "mean": 0.677983462811,
        "median": 0.51014816761,
        "min": 0,
        "var": 0.473162859678
    },
    "zerocrossingrate": {
        "dmean": 0.0123322475702,
        "dmean2": 0.0136955818161,
        "dvar": 0.000330751034198,
        "dvar2": 0.000399910757551,
        "max": 0.8251953125,
        "mean": 0.0428453348577,
        "median": 0.02783203125,
        "min": 0.001953125,
        "var": 0.00267189275473
    },
    "barkbands": {
        "dmean": [0.000253828358836, 0.00746042141691, 0.00185925513506, 0.000674118986353, 0.00334178749472, 0.00179420935456, 0.00121365475934, 0.000493536819704, 0.000487593730213, 0.000302006461425, 0.000122523604659, 0.00021101096354, 0.00016927163233, 0.000120744189189, 0.000182681353181, 0.000209084930248, 0.000172845800989, 0.000172643180122, 0.000164018463693, 0.000184935255675, 0.000186229837709, 0.000405500410125, 0.000649395573419, 0.000337669480359, 0.000293085118756, 0.000155027737492, 2.41894758801e-06],
        "dmean2": [0.000374688708689, 0.00993524305522, 0.00308285327628, 0.00112192274537, 0.00538872601464, 0.0030031693168, 0.00195873621851, 0.000752476684283, 0.0006690970622, 0.000439760944573, 0.000186044548173, 0.000299640640151, 0.000253547419561, 0.000173762615304, 0.000288513285341, 0.00031655622297, 0.000250386656262, 0.000267029332463, 0.00025205820566, 0.00027897770633, 0.000276324368315, 0.000635616772342, 0.00103756727185, 0.000543151400052, 0.000489008263685, 0.000248476688284, 3.70635325453e-06],
        "dvar": [2.55721744225e-07, 0.000513281265739, 5.05466960021e-05, 3.45373177879e-06, 4.84206757392e-05, 4.02833138651e-05, 2.91948708764e-06, 8.75882562923e-07, 7.12844098416e-07, 3.78790844024e-07, 2.33933150184e-07, 3.03741842345e-07, 4.2873503503e-07, 2.49922862849e-07, 6.28822363069e-07, 9.33307831019e-07, 5.72667431697e-07, 8.25659014936e-07, 8.5488318291e-07, 1.21658956687e-06, 8.14747806999e-07, 1.34494575832e-06, 2.76571245195e-06, 8.13429039681e-07, 7.89902287579e-07, 2.16075648041e-07, 4.02732153182e-11],
        "dvar2": [5.40568066754e-07, 0.00097595853731, 0.000141545941005, 9.13791609491e-06, 0.000118878691865, 0.000113602975034, 7.49891751184e-06, 1.98585303224e-06, 1.16254523164e-06, 8.11146094293e-07, 5.62267700843e-07, 5.81112260534e-07, 8.96819699392e-07, 4.87764395984e-07, 1.56665930717e-06, 2.13025896301e-06, 9.90433022707e-07, 2.08720939554e-06, 2.07654898077e-06, 3.0305918699e-06, 1.83850863777e-06, 3.25018481817e-06, 6.89418538968e-06, 2.06291520044e-06, 2.0694790237e-06, 5.19873822213e-07, 9.45717670842e-11],
        "max": [0.00682548014447, 0.274475395679, 0.102267600596, 0.0444141440094, 0.107197985053, 0.105385221541, 0.0285769589245, 0.0208329185843, 0.0241155270487, 0.0150189734995, 0.0112602273002, 0.0128252133727, 0.011825744994, 0.0109000783414, 0.0116427494213, 0.013990201056, 0.0122724240646, 0.012702091597, 0.0126083893701, 0.0167414974421, 0.013997823, 0.0151687338948, 0.0179409850389, 0.009232589975, 0.00894041266292, 0.00435799220577, 6.53704992146e-05],
        "mean": [0.00255879131146, 0.027427431196, 0.00467412220314, 0.00181938451715, 0.00639419909567, 0.00259060435928, 0.00230079959147, 0.000901072460692, 0.00135066208895, 0.000687668274622, 0.000164155717357, 0.000361701473594, 0.000254936894635, 0.000166838028235, 0.000261761946604, 0.000283089873847, 0.000243398360908, 0.000217363121919, 0.000186783785466, 0.000198963680305, 0.000232779115322, 0.000505457166582, 0.000859598862007, 0.000396803661715, 0.000232619102462, 0.000120990640426, 2.17596630137e-06],
        "median": [0.00337939336896, 0.0242209769785, 0.00174316274934, 0.000309831812046, 0.00235321326181, 0.000787398661487, 0.00144741521217, 0.000391667184886, 0.000482237432152, 0.000290873460472, 2.87270722765e-05, 7.09834785084e-05, 7.12754117558e-05, 3.55060983566e-05, 7.86372111179e-05, 7.82239367254e-05, 4.98498484376e-05, 5.09333840455e-05, 1.63105123647e-05, 1.13953938126e-05, 1.05724011519e-05, 1.18012849271e-05, 1.0357460269e-05, 7.13041163181e-06, 1.88321757832e-06, 1.34482320391e-07, 4.16144763093e-09],
        "min": [1.34589341865e-23, 5.33981082704e-23, 1.08628380703e-22, 9.56469866209e-23, 4.76597036984e-23, 5.81385753982e-23, 6.72474576075e-23, 5.85870333565e-23, 7.37447179713e-23, 1.64078158416e-22, 6.20714761511e-23, 7.67850510089e-23, 6.75887503896e-23, 1.22673348612e-22, 9.46503902403e-23, 1.8656599536e-22, 1.17011536123e-22, 1.59714722624e-22, 1.83049404906e-22, 3.75864024294e-22, 5.72628956172e-22, 5.97346177144e-22, 7.21854176407e-22, 7.51769044111e-22, 1.4100580962e-21, 1.87030565013e-21, 2.25140932642e-21],
        "var": [4.96990423926e-06, 0.00105807336513, 6.2854414864e-05, 1.93598498299e-05, 0.000104483973701, 3.35314689437e-05, 7.20578145774e-06, 2.15007662518e-06, 5.24480583408e-06, 1.17477327422e-06, 2.9977852023e-07, 8.01425812824e-07, 6.27722840818e-07, 3.8289383042e-07, 7.91605316408e-07, 1.12007319331e-06, 9.29436453134e-07, 8.47612682264e-07, 9.05158174191e-07, 1.17513218356e-06, 9.79131868917e-07, 1.75684306214e-06, 3.97307348976e-06, 8.91914112344e-07, 6.01290082614e-07, 1.86492997045e-07, 4.24023732792e-11]
    },
    "erbbands": {
        "dmean": [0.206330731511, 1.7729319334, 2.54600358009, 1.87772428989, 6.42917156219, 12.9227514267, 14.3030958176, 16.241689682, 19.3220729828, 11.3477172852, 10.2845592499, 11.8152961731, 7.38208389282, 8.17097091675, 6.76804113388, 6.88384914398, 7.41701364517, 5.37045621872, 9.04156684875, 9.4232711792, 11.2984676361, 9.29769802094, 8.93103885651, 9.22230625153, 8.11986160278, 8.45121479034, 8.32991790771, 7.34959983826, 11.7611017227, 20.7162971497, 17.8513870239, 9.34263420105, 4.79423046112, 3.11938929558, 2.12841415405, 1.18092143536, 0.192549884319, 0.0122316237539, 0.00060569064226, 4.71215935249e-05],
        "dmean2": [0.295546799898, 2.36388015747, 3.89962172508, 3.00950026512, 10.4696092606, 20.8612689972, 24.4142494202, 27.2214221954, 32.4312362671, 17.2387447357, 15.4782333374, 15.875585556, 11.1661043167, 11.9787282944, 9.58344078064, 9.57884693146, 10.987912178, 7.12039756775, 13.2684659958, 14.7384843826, 17.047908783, 13.2487010956, 13.2870569229, 14.3315410614, 12.5238838196, 12.6305027008, 12.3648233414, 10.9828596115, 18.490524292, 32.3214149475, 28.8067207336, 14.9939012527, 7.75280809402, 5.1857047081, 3.56004834175, 1.90416014194, 0.306397199631, 0.0194436013699, 0.000957362703048, 7.19706149539e-05],
        "dvar": [0.291467666626, 34.0790061951, 86.3104248047, 39.8252868652, 143.445327759, 904.466186523, 2079.66479492, 2792.5390625, 882.954711914, 409.733764648, 351.090515137, 466.787994385, 206.013565063, 338.236328125, 377.035064697, 424.718231201, 730.089904785, 476.744873047, 1493.40686035, 1772.54980469, 2419.33203125, 1506.69726562, 2206.20800781, 2785.32177734, 2340.71313477, 2347.46630859, 1988.34472656, 943.253662109, 1449.43408203, 2938.93969727, 2121.96972656, 590.231445312, 171.526016235, 83.955406189, 43.7496871948, 12.8666744232, 0.328380912542, 0.00123002682813, 2.64768846137e-06, 1.12917897255e-08],
        "dvar2": [0.766407966614, 60.5655593872, 218.119033813, 102.600395203, 340.739135742, 2266.13745117, 5708.75244141, 8072.73193359, 2458.0847168, 903.206176758, 803.05682373, 701.403503418, 492.336730957, 714.996276855, 753.084960938, 784.814941406, 1448.97851562, 843.321838379, 3338.83666992, 3669.74365234, 5082.19580078, 2643.13696289, 5354.35742188, 7233.25634766, 5783.67626953, 5649.28564453, 4728.4140625, 1996.06115723, 3702.32128906, 7095.75683594, 5422.9140625, 1503.59448242, 430.635437012, 218.089675903, 114.545570374, 31.4693260193, 0.792810380459, 0.00297946110368, 6.46435546514e-06, 2.66899995438e-08],
        "max": [6.86461210251, 66.3524475098, 141.313079834, 169.352401733, 182.636749268, 467.471160889, 779.399658203, 831.062866211, 464.064971924, 345.289794922, 451.009002686, 670.437316895, 315.591064453, 538.500244141, 448.785369873, 415.149383545, 502.991119385, 439.24710083, 637.789489746, 607.808837891, 675.215393066, 574.20690918, 768.992858887, 845.307189941, 661.388916016, 688.467834473, 649.11340332, 485.17678833, 625.712646484, 507.146942139, 491.769317627, 256.38470459, 132.701248169, 89.4247741699, 66.0257644653, 34.4515762329, 5.68320322037, 0.340990304947, 0.0149229783565, 0.00110999692697],
        "mean": [1.12556993961, 4.61822366714, 6.63509941101, 6.28015708923, 12.4383430481, 23.4812812805, 18.0921764374, 24.6063480377, 35.6563644409, 23.7171401978, 22.550989151, 34.3833770752, 17.3004779816, 17.6866378784, 12.1652231216, 11.6122646332, 12.1288022995, 7.73014736176, 13.1642494202, 13.8951597214, 15.8927555084, 13.9013595581, 11.608080864, 10.6606521606, 8.97881793976, 9.60581302643, 9.47219562531, 9.90650749207, 15.827917099, 24.5451850891, 23.3942680359, 12.4086036682, 5.05886030197, 2.63031411171, 1.62949109077, 0.910756111145, 0.150625005364, 0.00979639869183, 0.000537078944035, 9.28838562686e-05],
        "median": [1.02894759178, 3.38076162338, 2.94991636276, 1.42784070969, 4.65923023224, 6.85003662109, 6.93458080292, 8.3270483017, 23.8959846497, 12.0467567444, 12.4088973999, 11.7260866165, 10.2666749954, 7.16300916672, 2.94160175323, 3.20448970795, 3.6383626461, 2.03365850449, 3.67335152626, 3.69654130936, 4.48377180099, 3.15672540665, 2.75192451477, 1.84128904343, 0.695182085037, 0.638067603111, 0.403646051884, 0.358653485775, 0.379587858915, 0.410342514515, 0.305849581957, 0.20306378603, 0.0852516591549, 0.0311586819589, 0.00811490230262, 0.00134441722184, 0.000160352676176, 1.47678783833e-05, 2.99997373077e-05, 6.38097699266e-05],
        "min": [2.50926672652e-21, 1.00323857423e-20, 1.06740038941e-19, 2.3148662367e-19, 2.76641275936e-19, 1.18200955908e-19, 2.45815433981e-19, 4.38495163557e-19, 9.03122513628e-19, 1.71986296948e-18, 7.14669004898e-19, 1.32895581675e-18, 3.03698224526e-18, 5.64413621522e-18, 3.71021565362e-18, 3.02146082145e-18, 2.92036942442e-18, 5.18339454608e-18, 5.44521333997e-18, 7.65334799694e-18, 1.00256854501e-17, 6.69068388545e-18, 6.42113963822e-18, 9.56031860059e-18, 1.33253420008e-17, 1.59537398301e-17, 2.32429447234e-17, 2.17139774617e-17, 2.01484107666e-17, 2.37167620501e-17, 1.97749602268e-17, 1.50371161779e-17, 1.3844382946e-17, 1.57303398533e-17, 1.07497613081e-17, 6.21357437994e-18, 3.73810322079e-18, 1.33093929246e-18, 3.03391754109e-19, 3.37713190246e-20],
        "var": [1.05401277542, 57.8087234497, 110.22820282, 272.769134521, 375.2215271, 1746.21325684, 1657.13916016, 2488.47314453, 1648.38916016, 1159.37329102, 924.692810059, 3762.53320312, 525.935913086, 998.009094238, 797.596130371, 836.653808594, 1196.44372559, 804.492492676, 2086.20800781, 2482.57568359, 3310.41601562, 2577.52124023, 2398.61230469, 2534.68896484, 2363.7019043, 2483.18530273, 2137.08422852, 1313.18139648, 1907.68359375, 3531.6081543, 3013.55322266, 824.323791504, 164.93296814, 66.1748962402, 32.9930801392, 10.8082723618, 0.284413039684, 0.00107730913442, 2.48246146839e-06, 1.42939216019e-08]
    },
    "gfcc": {
        "mean": [-57.6215667725, 123.832382202, -103.26235199, 31.9602355957, -64.2434768677, 10.1064348221, -36.5288658142, 5.02549314499, 0.0779977962375, -6.8200917244, -4.32940387726, -1.61028969288, -2.83945274353],
        "cov": [[22479.9316406, -1915.82177734, 1561.64013672, 3527.12670898, 1.36274707317, 3065.30688477, 173.841430664, 1110.4576416, -482.616973877, 76.8098373413, -957.984436035, 413.158416748, -308.020202637], [-1915.82177734, 3977.40869141, -1550.78857422, -1164.03344727, 745.03692627, -1269.39416504, 192.269180298, -467.181488037, 82.4203872681, -826.214477539, 160.461547852, -517.268188477, 206.654571533], [1561.64013672, -1550.78857422, 2173.98193359, 1160.51757812, 165.196578979, 1213.69018555, 105.092941284, 527.452819824, 175.124984741, 484.663116455, -24.1884403229, 270.588592529, -81.9518356323], [3527.12670898, -1164.03344727, 1160.51757812, 1541.42993164, 106.018890381, 1157.53210449, 162.333618164, 369.537353516, 90.6527786255, 229.777862549, -55.8133125305, 98.5330810547, -27.942232132], [1.36274707317, 745.03692627, 165.196578979, 106.018890381, 643.410339355, 131.672241211, 217.929138184, 93.5032043457, 140.577011108, -46.5916099548, 99.1350860596, -42.6667747498, 50.5735588074], [3065.30688477, -1269.39416504, 1213.69018555, 1157.53210449, 131.672241211, 1401.67980957, 213.091445923, 543.752197266, 214.794616699, 345.327972412, 0.255006343126, 191.649963379, -22.9872093201], [173.841430664, 192.269180298, 105.092941284, 162.333618164, 217.929138184, 213.091445923, 244.16595459, 163.810424805, 137.417236328, 26.0100345612, 55.4885673523, -11.7441339493, 33.2283630371], [1110.4576416, -467.181488037, 527.452819824, 369.537353516, 93.5032043457, 543.752197266, 163.810424805, 412.241882324, 193.60836792, 214.820449829, 42.0165557861, 126.335525513, -2.70908665657], [-482.616973877, 82.4203872681, 175.124984741, 90.6527786255, 140.577011108, 214.794616699, 137.417236328, 193.60836792, 278.504302979, 123.166320801, 133.902099609, 5.14446926117, 44.614276886], [76.8098373413, -826.214477539, 484.663116455, 229.777862549, -46.5916099548, 345.327972412, 26.0100345612, 214.820449829, 123.166320801, 369.630371094, 84.1431121826, 175.831497192, -19.0195503235], [-957.984436035, 160.461547852, -24.1884403229, -55.8133125305, 99.1350860596, 0.255006343126, 55.4885673523, 42.0165557861, 133.902099609, 84.1431121826, 226.521118164, 56.4505157471, 71.4290084839], [413.158416748, -517.268188477, 270.588592529, 98.5330810547, -42.6667747498, 191.649963379, -11.7441339493, 126.335525513, 5.14446926117, 175.831497192, 56.4505157471, 222.367248535, 2.10151791573], [-308.020202637, 206.654571533, -81.9518356323, -27.942232132, 50.5735588074, -22.9872093201, 33.2283630371, -2.70908665657, 44.614276886, -19.0195503235, 71.4290084839, 2.10151791573, 97.6146850586]],
        "icov": [[0.000312790158205, -0.000646328204311, 0.000514489773195, -0.000793982879259, 0.000205797405215, -0.000682815036271, 0.00069166981848, -0.000830781063996, 0.00091510330094, -0.000673526141327, 0.00134236656595, -0.00105670816265, 0.000525048119016], [-0.000646328204311, 0.00288173300214, -0.000999964773655, 0.00200321665034, -0.00172110053245, 0.0021081159357, -0.00162586313672, 0.00136380293407, -0.00266510690562, 0.00387586047873, -0.00352537049912, 0.0031358783599, -0.00194147217553], [0.000514489773195, -0.000999964773655, 0.00209965999238, -0.00174612214323, -0.000257179111941, -0.00145901215728, 0.00192381045781, -0.00171334657352, 0.00128421687987, -0.00180626078509, 0.00267711956985, -0.00207290658727, 0.0012373724021], [-0.000793982879259, 0.00200321665034, -0.00174612214323, 0.00418508145958, -0.000680857454427, 0.00019500599592, -0.00232503190637, 0.00246729096398, -0.00154619349632, 0.00225873221643, -0.00379402842373, 0.00381312728859, -0.00191471423022], [0.000205797405215, -0.00172110053245, -0.000257179111941, -0.000680857454427, 0.00390469119884, -0.00100618309807, -0.00173059361987, 0.000245938863372, 0.000953956972808, -0.00141232006717, 0.000517286302056, -0.00143364258111, 0.00115936913062], [-0.000682815036271, 0.0021081159357, -0.00145901215728, 0.00019500599592, -0.00100618309807, 0.00524831283838, -0.00180736195762, -0.000338136800565, -0.00291221961379, 0.00246147578582, -0.00273644807748, 0.00207315641455, -0.00165522994939], [0.00069166981848, -0.00162586313672, 0.00192381045781, -0.00232503190637, -0.00173059361987, -0.00180736195762, 0.0112263131887, -0.00540974317119, 0.000963383063208, -0.00149019854143, 0.00289394939318, -0.00106686470099, 0.000248207390541], [-0.000830781063996, 0.00136380293407, -0.00171334657352, 0.00246729096398, 0.000245938863372, -0.000338136800565, -0.00540974317119, 0.0122149800882, -0.00721086189151, 0.000807786767837, -0.000683187274262, -0.00147504184861, -0.000282701890683], [0.00091510330094, -0.00266510690562, 0.00128421687987, -0.00154619349632, 0.000953956972808, -0.00291221961379, 0.000963383063208, -0.00721086189151, 0.0151147153229, -0.00593037903309, -0.00130131852347, 0.00273051648401, 0.000287044909783], [-0.000673526141327, 0.00387586047873, -0.00180626078509, 0.00225873221643, -0.00141232006717, 0.00246147578582, -0.00149019854143, 0.000807786767837, -0.00593037903309, 0.0129725094885, -0.00569256441668, -0.000141415235703, 4.71213534183e-05], [0.00134236656595, -0.00352537049912, 0.00267711956985, -0.00379402842373, 0.000517286302056, -0.00273644807748, 0.00289394939318, -0.000683187274262, -0.00130131852347, -0.00569256441668, 0.0167792644352, -0.0089852148667, -0.00165488873608], [-0.00105670816265, 0.0031358783599, -0.00207290658727, 0.00381312728859, -0.00143364258111, 0.00207315641455, -0.00106686470099, -0.00147504184861, 0.00273051648401, -0.000141415235703, -0.0089852148667, 0.0156761594117, -0.0041069239378], [0.000525048119016, -0.00194147217553, 0.0012373724021, -0.00191471423022, 0.00115936913062, -0.00165522994939, 0.000248207390541, -0.000282701890683, 0.000287044909783, 4.71213534183e-05, -0.00165488873608, -0.0041069239378, 0.0165966302156]]
    },
    "melbands": {
        "dmean": [0.00198067980818, 0.00157206563745, 0.000397816300392, 0.000742404139601, 0.000508281285875, 0.000350924383383, 0.000280086445855, 0.0001196588928, 8.31639117678e-05, 6.77917414578e-05, 3.8765683712e-05, 3.71653877664e-05, 2.0016614144e-05, 2.62920075329e-05, 1.67936159414e-05, 1.44888372233e-05, 9.77452145889e-06, 1.46778838825e-05, 1.44277855725e-05, 1.34844949571e-05, 1.36328653753e-05, 1.06175421024e-05, 7.87696080806e-06, 8.36212620925e-06, 7.54812617743e-06, 6.41478754915e-06, 5.74322257307e-06, 5.54969847144e-06, 5.33224920218e-06, 4.54590599475e-06, 4.13289444623e-06, 6.80468247083e-06, 8.41307701194e-06, 1.27530938698e-05, 1.11112767627e-05, 8.98168127605e-06, 4.46785998065e-06, 3.47808577317e-06, 2.61595323536e-06, 2.63891251961e-06],
        "dmean2": [0.00267015490681, 0.00220982031897, 0.000654800038319, 0.00115891103633, 0.000872554839589, 0.000589890405536, 0.000464058830403, 0.000180271512363, 0.000121822988149, 9.21269820537e-05, 5.88875591347e-05, 5.44384456589e-05, 2.93450775644e-05, 3.69964000129e-05, 2.34061353694e-05, 2.16768676182e-05, 1.32591421789e-05, 2.13812581933e-05, 2.35057323152e-05, 2.02581068152e-05, 2.07408593269e-05, 1.56731657626e-05, 1.20273134598e-05, 1.32176191983e-05, 1.19420474221e-05, 9.85057977232e-06, 8.96625624591e-06, 8.29941200209e-06, 7.98294331616e-06, 7.02118677509e-06, 6.1642226683e-06, 1.10628525363e-05, 1.30757762236e-05, 2.02026621992e-05, 1.81625182449e-05, 1.45299427459e-05, 7.23301218386e-06, 5.69349003854e-06, 4.18580202677e-06, 4.45806927019e-06],
        "dvar": [3.1606075936e-05, 3.01150503219e-05, 1.12760096727e-06, 2.29325769396e-06, 2.35414950112e-06, 1.34102663196e-06, 1.72532281795e-07, 4.27097823774e-08, 1.92718729863e-08, 1.42143985471e-08, 5.81584602699e-09, 6.48973497164e-09, 4.44931513854e-09, 4.66910154984e-09, 2.79601408693e-09, 3.65834074145e-09, 1.58777602177e-09, 3.84487552907e-09, 4.45743175703e-09, 4.00226296549e-09, 3.61723695441e-09, 1.95997507113e-09, 1.37277222922e-09, 2.00315475318e-09, 1.94294980105e-09, 1.39906286556e-09, 1.33100785948e-09, 9.46169920191e-10, 8.42813652202e-10, 5.30641808272e-10, 2.54288312629e-10, 5.4083520995e-10, 5.05501196457e-10, 1.07547315498e-09, 8.36909652691e-10, 5.48815048962e-10, 1.26281943236e-10, 8.8649435015e-11, 5.13191052154e-11, 6.37609270937e-11],
        "dvar2": [6.77850912325e-05, 5.98541773797e-05, 3.04547438645e-06, 5.03830506204e-06, 6.5268468461e-06, 3.85567500416e-06, 4.69866392905e-07, 9.53126857439e-08, 4.22647339349e-08, 2.20339657631e-08, 1.38914790782e-08, 1.36168756271e-08, 9.91324178301e-09, 9.01729180214e-09, 4.47162928907e-09, 7.8089801292e-09, 2.78102452178e-09, 8.41352765235e-09, 1.09851621133e-08, 8.70512817386e-09, 7.6442576713e-09, 3.46478290503e-09, 2.95826496632e-09, 5.20293319539e-09, 5.10919084817e-09, 3.36420780123e-09, 3.43778672196e-09, 2.21950435808e-09, 2.03871430848e-09, 1.2417120665e-09, 5.03278030362e-10, 1.45419865039e-09, 1.16365372893e-09, 2.60509702699e-09, 2.15349404975e-09, 1.40599454301e-09, 3.16519310761e-10, 2.2408171152e-10, 1.26479313134e-10, 1.68127803346e-10],
        "max": [0.072566896677, 0.0823087468743, 0.0253792945296, 0.0302251968533, 0.0227143839002, 0.0184897165745, 0.00678250053898, 0.00323392823339, 0.00303176185116, 0.00361378933303, 0.00168748141732, 0.00241369591095, 0.00158612360246, 0.00174534716643, 0.00120410544332, 0.00119417905807, 0.000758537848014, 0.00123046466615, 0.000916472868994, 0.000996034708805, 0.000846761278808, 0.000719116302207, 0.000530059100129, 0.000660754274577, 0.000718501047231, 0.000534641672857, 0.000581855827477, 0.000436790578533, 0.000431610445958, 0.000371951551642, 0.000218689354369, 0.0003983801289, 0.000285947346129, 0.000321023311699, 0.000318045524182, 0.000244321243372, 0.000122269091662, 9.35697535169e-05, 7.37187074265e-05, 7.61487171985e-05],
        "mean": [0.00846273172647, 0.00449686031789, 0.00111994962208, 0.00150291074533, 0.000673511938658, 0.00052564626094, 0.000537884130608, 0.000249882199569, 0.000202207811526, 0.000191748549696, 8.5615516582e-05, 8.06397365523e-05, 3.21922816511e-05, 4.59437651443e-05, 2.71319077001e-05, 2.09726476896e-05, 1.35158807097e-05, 2.04525658773e-05, 1.95542652364e-05, 1.85811677511e-05, 1.82638141268e-05, 1.51265894601e-05, 1.09556631287e-05, 1.00134466265e-05, 8.47721094033e-06, 7.14773568689e-06, 5.9788812905e-06, 6.40464122625e-06, 5.83355222261e-06, 5.56010490982e-06, 5.64236006539e-06, 8.56212227518e-06, 1.08326685222e-05, 1.47497812577e-05, 1.35978370963e-05, 1.25125070554e-05, 5.62217473998e-06, 3.65448886441e-06, 2.48660717261e-06, 2.10280586543e-06],
        "median": [0.00747357495129, 0.00253209099174, 0.000362637103535, 0.000419660762418, 0.000268715142738, 0.000176876113983, 0.000370008230675, 0.000123760022689, 0.000103513804788, 6.68326829327e-05, 4.65496232209e-05, 3.2067320717e-05, 7.53775248086e-06, 7.76187516749e-06, 8.3221548266e-06, 5.97048529016e-06, 2.98970417134e-06, 5.35704748472e-06, 5.32195872438e-06, 4.95483618579e-06, 4.42676946477e-06, 2.91208129966e-06, 2.50930042967e-06, 2.35033076024e-06, 1.26522445498e-06, 5.07321203713e-07, 3.80579422199e-07, 3.75530305519e-07, 2.25056908221e-07, 2.26108937795e-07, 1.93676243043e-07, 1.84742162901e-07, 2.29762648019e-07, 2.0197742856e-07, 1.77513271638e-07, 1.54700188659e-07, 1.084398491e-07, 6.42564970121e-08, 3.67554946479e-08, 2.21512284071e-08],
        "min": [1.76302791921e-23, 3.98517099198e-23, 4.42197779025e-23, 1.31065768414e-23, 7.39364222153e-24, 1.15337301914e-23, 1.33056064478e-23, 1.82644208079e-23, 5.28006100324e-24, 9.65079336356e-24, 1.5032203666e-23, 2.36936692134e-23, 9.83515962344e-24, 1.12701110207e-23, 6.23873841781e-24, 5.24336753267e-24, 1.08144365628e-23, 9.18494496662e-24, 7.92079615486e-24, 1.26193345368e-23, 1.16204930581e-23, 8.04000881486e-24, 4.43192153973e-24, 6.80666738804e-24, 7.36129498012e-24, 9.28941223858e-24, 1.04241736624e-23, 1.04360499633e-23, 1.44341792578e-23, 1.4532378241e-23, 1.11742762536e-23, 1.20307322832e-23, 1.13714843802e-23, 1.31582929847e-23, 1.16380420578e-23, 9.63010233088e-24, 9.35781357881e-24, 1.12013878252e-23, 8.10421183736e-24, 1.46769543569e-23],
        "var": [7.52720807213e-05, 5.14183884661e-05, 5.33592719876e-06, 7.17933471606e-06, 1.84372959211e-06, 1.16569867714e-06, 3.5641460272e-07, 1.20567946738e-07, 6.96085962204e-08, 1.11232651534e-07, 1.48229037933e-08, 1.98958147735e-08, 6.9612959841e-09, 1.37135156564e-08, 5.35040722838e-09, 5.02792785184e-09, 2.66648969571e-09, 5.24747090225e-09, 5.45441469768e-09, 4.85458340194e-09, 4.84431827985e-09, 3.22239390727e-09, 1.97016358783e-09, 1.80534365235e-09, 1.70648684072e-09, 1.46573220228e-09, 1.18733711751e-09, 1.05696718045e-09, 8.7450496844e-10, 6.04805316939e-10, 3.91888382856e-10, 6.24534202132e-10, 7.25114579492e-10, 1.2612338951e-09, 1.01695352139e-09, 9.21402121268e-10, 1.65414085207e-10, 8.50137113484e-11, 4.68259771236e-11, 4.78722651798e-11]
    },
    "mfcc": {
        "mean": [-692.684936523, 140.571929932, 21.5747089386, 19.035741806, 6.43317222595, 2.52219605446, -16.5358943939, 10.5628404617, -1.01102638245, 5.40525054932, 1.47982537746, 2.32786226273, 1.79781854153],
        "cov": [[13460.5615234, -1563.14624023, 1560.62365723, 760.695739746, 271.302429199, 1125.63464355, 338.759674072, 942.555847168, 299.618927002, 291.579467773, -9.1485748291, 113.750724792, 23.7762107849], [-1563.14624023, 4445.34716797, -1890.19763184, -205.756256104, -41.2656898499, -853.436645508, -154.174911499, -143.556228638, -131.460723877, -291.668579102, -224.600662231, -333.876342773, -297.46963501], [1560.62365723, -1890.19763184, 1964.25134277, 348.875366211, 498.626678467, 802.033325195, 288.476776123, 410.73840332, 286.518157959, 357.566558838, 260.569061279, 246.111907959, 196.501815796], [760.695739746, -205.756256104, 348.875366211, 457.354064941, 194.100708008, 256.026153564, 138.179138184, 106.038894653, 61.9449195862, 77.0597305298, 46.1360549927, 33.7940711975, 0.233286559582], [271.302429199, -41.2656898499, 498.626678467, 194.100708008, 474.819946289, 348.563568115, 202.551055908, 231.935668945, 151.677749634, 167.501876831, 139.234573364, 127.547042847, 112.637924194], [1125.63464355, -853.436645508, 802.033325195, 256.026153564, 348.563568115, 592.755554199, 237.879837036, 260.564727783, 175.304168701, 220.243850708, 143.489257812, 161.325149536, 124.102416992], [338.759674072, -154.174911499, 288.476776123, 138.179138184, 202.551055908, 237.879837036, 218.451568604, 173.79057312, 115.453681946, 104.108940125, 78.0409622192, 96.11328125, 82.8076477051], [942.555847168, -143.556228638, 410.73840332, 106.038894653, 231.935668945, 260.564727783, 173.79057312, 331.797393799, 182.027862549, 154.166931152, 110.143806458, 120.667030334, 96.7504119873], [299.618927002, -131.460723877, 286.518157959, 61.9449195862, 151.677749634, 175.304168701, 115.453681946, 182.027862549, 210.848876953, 177.153182983, 121.798278809, 101.648391724, 74.0785675049], [291.579467773, -291.668579102, 357.566558838, 77.0597305298, 167.501876831, 220.243850708, 104.108940125, 154.166931152, 177.153182983, 243.924880981, 157.313400269, 111.531684875, 78.316368103], [-9.1485748291, -224.600662231, 260.569061279, 46.1360549927, 139.234573364, 143.489257812, 78.0409622192, 110.143806458, 121.798278809, 157.313400269, 178.602249146, 131.602172852, 92.2253875732], [113.750724792, -333.876342773, 246.111907959, 33.7940711975, 127.547042847, 161.325149536, 96.11328125, 120.667030334, 101.648391724, 111.531684875, 131.602172852, 207.374160767, 153.099151611], [23.7762107849, -297.46963501, 196.501815796, 0.233286559582, 112.637924194, 124.102416992, 82.8076477051, 96.7504119873, 74.0785675049, 78.316368103, 92.2253875732, 153.099151611, 186.584243774]],
