{
"lowlevel": {
    "average_loudness": 0.858951866627,
    "barkbands_crest": {
        "dmean": 2.64429831505,
        "dmean2": 4.43010377884,
        "dvar": 5.17427492142,
        "dvar2": 14.1547193527,
        "max": 25.43384552,
        "mean": 13.0630674362,
        "median": 12.7567338943,
        "min": 3.0840921402,
        "var": 12.6669387817
    },
    "barkbands_flatness_db": {
        "dmean": 0.025941286236,
        "dmean2": 0.0400333590806,
        "dvar": 0.000523894792423,
        "dvar2": 0.00120076676831,
        "max": 0.603564798832,
        "mean": 0.204224124551,
        "median": 0.198439523578,
        "min": 0.0230768267065,
        "var": 0.00485012307763
    },
    "barkbands_kurtosis": {
        "dmean": 12.1408262253,
        "dmean2": 19.2164516449,
        "dvar": 230.162277222,
        "dvar2": 576.770080566,
        "max": 349.781524658,
        "mean": 31.4117946625,
        "median": 24.8187427521,
        "min": -1.87366235256,
        "var": 769.53717041
    },
    "barkbands_skewness": {
        "dmean": 0.921091198921,
        "dmean2": 1.44896972179,
        "dvar": 0.752306699753,
        "dvar2": 1.80611002445,
        "max": 16.1587200165,
        "mean": 4.53732872009,
        "median": 4.43552684784,
        "min": -1.86982440948,
        "var": 3.57614302635
    },
    "barkbands_spread": {
        "dmean": 5.12115383148,
        "dmean2": 8.120677948,
        "dvar": 67.8422393799,
        "dvar2": 152.601211548,
        "max": 103.182540894,
        "mean": 12.2584352493,
        "median": 7.86780834198,
        "min": 0.51806563139,
        "var": 174.464050293
    },
    "dissonance": {
        "dmean": 0.0163063500077,
        "dmean2": 0.0273150913417,
        "dvar": 0.000254986021901,
        "dvar2": 0.000698006071616,
        "max": 0.500000059605,
        "mean": 0.459637761116,
        "median": 0.465486705303,
        "min": 0.201193407178,
        "var": 0.000776906730607
    },
    "dynamic_complexity": 3.48562479019,
    "erbbands_crest": {
        "dmean": 2.22173929214,
        "dmean2": 3.58855581284,
        "dvar": 4.23697137833,
        "dvar2": 10.7157430649,
        "max": 31.1579303741,
        "mean": 9.39509391785,
        "median": 8.45330810547,
        "min": 2.37488460541,
        "var": 17.8785991669
    },
    "erbbands_flatness_db": {
        "dmean": 0.0137067148462,
        "dmean2": 0.0208122581244,
        "dvar": 0.00018189183902,
        "dvar2": 0.000374879658921,
        "max": 0.482389479876,
        "mean": 0.121553316712,
        "median": 0.109379917383,
        "min": 0.0435285009444,
        "var": 0.00263698096387
    },
    "erbbands_kurtosis": {
        "dmean": 1.33854162693,
        "dmean2": 2.07319355011,
        "dvar": 6.52752447128,
        "dvar2": 14.3022184372,
        "max": 117.683586121,
        "mean": 1.47295856476,
        "median": -0.0302975177765,
        "min": -1.8866853714,
        "var": 38.2137527466
    },
    "erbbands_skewness": {
        "dmean": 0.400968134403,
        "dmean2": 0.609795510769,
        "dvar": 0.171039968729,
        "dvar2": 0.371731668711,
        "max": 7.568151474,
        "mean": 1.10626077652,
        "median": 0.945888698101,
        "min": -2.87081551552,
        "var": 0.949328482151
    },
    "erbbands_spread": {
        "dmean": 13.1947135925,
        "dmean2": 20.1079044342,
        "dvar": 203.145248413,
        "dvar2": 449.944854736,
        "max": 174.204391479,
        "mean": 67.9838943481,
        "median": 65.5953140259,
        "min": 0.590170204639,
        "var": 772.42791748
    },
    "hfc": {
        "dmean": 5.4829211235,
        "dmean2": 7.95881509781,
        "dvar": 103.964683533,
        "dvar2": 197.650085449,
        "max": 177.365753174,
        "mean": 16.1543521881,
        "median": 13.0237951279,
        "min": 1.23055305451e-16,
        "var": 245.509353638
    },
    "melbands_crest": {
        "dmean": 3.13875031471,
        "dmean2": 5.27137804031,
        "dvar": 7.82344484329,
        "dvar2": 21.4303035736,
        "max": 33.7665252686,
        "mean": 18.6857681274,
        "median": 18.3000431061,
        "min": 1.90889465809,
        "var": 18.1205654144
    },
    "melbands_flatness_db": {
        "dmean": 0.030725158751,
        "dmean2": 0.0469348691404,
        "dvar": 0.000740009767469,
        "dvar2": 0.0016535485629,
        "max": 0.7548609972,
        "mean": 0.304469019175,
        "median": 0.301877051592,
        "min": 0.00591947324574,
        "var": 0.00624522054568
    },
    "melbands_kurtosis": {
        "dmean": 34.8520278931,
        "dmean2": 55.0333518982,
        "dvar": 1524.0057373,
        "dvar2": 3722.06542969,
        "max": 771.603881836,
        "mean": 102.293029785,
        "median": 81.0847702026,
        "min": -1.77285432816,
        "var": 6538.84521484
    },
    "melbands_skewness": {
        "dmean": 1.36213076115,
        "dmean2": 2.13167381287,
        "dvar": 1.56769621372,
        "dvar2": 3.76144933701,
        "max": 20.8780212402,
        "mean": 7.34199762344,
        "median": 7.07087612152,
        "min": -1.50692665577,
        "var": 7.58031702042
    },
    "melbands_spread": {
        "dmean": 2.80003285408,
        "dmean2": 4.51190662384,
        "dvar": 30.439365387,
        "dvar2": 70.7990493774,
        "max": 145.93649292,
        "mean": 6.35967445374,
        "median": 3.95124483109,
        "min": 0.462770462036,
        "var": 63.7778587341
    },
    "pitch_salience": {
        "dmean": 0.0787283107638,
        "dmean2": 0.131057575345,
        "dvar": 0.0047301016748,
        "dvar2": 0.0128357540816,
        "max": 0.94675052166,
        "mean": 0.498478710651,
        "median": 0.507374227047,
        "min": 0.0985049530864,
        "var": 0.0127419559285
    },
    "silence_rate_20dB": {
        "dmean": 0.00148120720405,
        "dmean2": 0.0029626886826,
        "dvar": 0.00147889577784,
        "dvar2": 0.00387954851612,
        "max": 1,
        "mean": 0.998981773853,
        "median": 1,
        "min": 0,
        "var": 0.00101714220364
    },
    "silence_rate_30dB": {
        "dmean": 0.055545270443,
        "dmean2": 0.111100822687,
        "dvar": 0.0524626150727,
        "dvar2": 0.12004236877,
        "max": 1,
        "mean": 0.878089427948,
        "median": 1,
        "min": 0,
        "var": 0.107067249715
    },
    "silence_rate_60dB": {
        "dmean": 0.0105536011979,
        "dmean2": 0.0211091563106,
        "dvar": 0.0104417195544,
        "dvar2": 0.0252901744097,
        "max": 1,
        "mean": 0.056188095361,
        "median": 0,
        "min": 0,
        "var": 0.0530319027603
    },
    "spectral_centroid": {
        "dmean": 161.367767334,
        "dmean2": 251.232315063,
        "dvar": 54143.8046875,
        "dvar2": 119686.90625,
        "max": 11047.7636719,
        "mean": 561.40020752,
        "median": 441.21685791,
        "min": 143.954116821,
        "var": 146356.828125
    },
    "spectral_complexity": {
        "dmean": 1.84132564068,
        "dmean2": 2.86269783974,
        "dvar": 4.83719539642,
        "dvar2": 10.3998384476,
        "max": 39,
        "mean": 10.2287330627,
        "median": 10,
        "min": 0,
        "var": 26.8140964508
    },
    "spectral_decrease": {
        "dmean": 5.16083620283e-09,
        "dmean2": 8.22268209077e-09,
        "dvar": 6.31166005077e-17,
        "dvar2": 1.59054060125e-16,
        "max": 3.68403014045e-29,
        "mean": -1.36026425679e-08,
        "median": -1.00708765771e-08,
        "min": -1.42947001791e-07,
        "var": 1.83883679539e-16
    },
    "spectral_energy": {
        "dmean": 0.0197568424046,
        "dmean2": 0.0314107500017,
        "dvar": 0.000921410042793,
        "dvar2": 0.00231693172827,
        "max": 0.547297716141,
        "mean": 0.0528046749532,
        "median": 0.0394917167723,
        "min": 1.10224296549e-20,
        "var": 0.00269963289611
    },
    "spectral_energyband_high": {
        "dmean": 0.000435608351836,
        "dmean2": 0.00060604227474,
        "dvar": 1.08605468085e-06,
        "dvar2": 2.08602091334e-06,
        "max": 0.0180661510676,
        "mean": 0.000825743074529,
        "median": 0.000465296121547,
        "min": 8.05776910306e-21,
        "var": 1.970658559e-06
    },
    "spectral_energyband_low": {
        "dmean": 0.0172076299787,
        "dmean2": 0.0276622679085,
        "dvar": 0.000825865252409,
        "dvar2": 0.0021337219514,
        "max": 0.523378252983,
        "mean": 0.0358743742108,
        "median": 0.0204235054553,
        "min": 6.01507576191e-23,
        "var": 0.00207583163865
    },
    "spectral_energyband_middle_high": {
        "dmean": 0.000297506368952,
        "dmean2": 0.000451784115285,
        "dvar": 1.68084952179e-07,
        "dvar2": 3.92788678028e-07,
        "max": 0.00702217407525,
        "mean": 0.00108341290615,
        "median": 0.000928554916754,
        "min": 1.51890777447e-21,
        "var": 8.54055656418e-07
    },
    "spectral_energyband_middle_low": {
        "dmean": 0.00684882327914,
        "dmean2": 0.0110881775618,
        "dvar": 0.000100880184618,
        "dvar2": 0.000260213273577,
        "max": 0.175746396184,
        "mean": 0.0193197801709,
        "median": 0.0152067309245,
        "min": 3.00360947986e-22,
        "var": 0.000286403810605
    },
    "spectral_entropy": {
        "dmean": 0.24122428894,
        "dmean2": 0.354107946157,
        "dvar": 0.053110294044,
        "dvar2": 0.10535287112,
        "max": 9.79506206512,
        "mean": 7.14679527283,
        "median": 7.2045006752,
        "min": 3.13035058975,
        "var": 0.449535548687
    },
    "spectral_flux": {
        "dmean": 0.0306971687824,
        "dmean2": 0.0506377965212,
        "dvar": 0.00127706828061,
        "dvar2": 0.00334668601863,
        "max": 0.466564923525,
        "mean": 0.0842359736562,
        "median": 0.0722270458937,
        "min": 1.0498776154e-10,
        "var": 0.00321495952085
    },
    "spectral_kurtosis": {
        "dmean": 1.28269481659,
        "dmean2": 1.91930401325,
        "dvar": 7.13762950897,
        "dvar2": 17.1764774323,
        "max": 221.107025146,
        "mean": 4.32506084442,
        "median": 2.77230167389,
        "min": -1.20031630993,
        "var": 120.774139404
    },
    "spectral_rms": {
        "dmean": 0.0012080676388,
        "dmean2": 0.00189225072972,
        "dvar": 1.90745186046e-06,
        "dvar2": 4.60339697383e-06,
        "max": 0.0231073368341,
        "mean": 0.00640429649502,
        "median": 0.00620713364333,
        "min": 3.2792666152e-12,
        "var": 1.05019535113e-05
    },
    "spectral_rolloff": {
        "dmean": 281.052978516,
        "dmean2": 502.786315918,
        "dvar": 1132820.375,
        "dvar2": 2771671.25,
        "max": 19056.8847656,
        "mean": 484.532531738,
        "median": 215.33203125,
        "min": 86.1328125,
        "var": 1457042
    },
    "spectral_skewness": {
        "dmean": 0.2326592803,
        "dmean2": 0.333435475826,
        "dvar": 0.062447451055,
        "dvar2": 0.119210161269,
        "max": 12.7289247513,
        "mean": 1.70340669155,
        "median": 1.6131862402,
        "min": -0.00929198134691,
        "var": 0.643831670284
    },
    "spectral_spread": {
        "dmean": 734084.5,
        "dmean2": 1120303,
        "dvar": 931933323264,
        "dvar2": 2.01739219763e+12,
        "max": 39946068,
        "mean": 7106851.5,
        "median": 7157734.5,
        "min": 473543.4375,
        "var": 4.2353843241e+12
    },
    "spectral_strongpeak": {
        "dmean": 0.275507003069,
        "dmean2": 0.45907831192,
        "dvar": 0.0797552019358,
        "dvar2": 0.203686520457,
        "max": 3.66058921814,
        "mean": 0.689180970192,
        "median": 0.596957683563,
        "min": 0,
        "var": 0.207654356956
    },
    "zerocrossingrate": {
        "dmean": 0.0102415662259,
        "dmean2": 0.0130357667804,
        "dvar": 0.000163392891409,
        "dvar2": 0.000213642604649,
        "max": 0.5244140625,
        "mean": 0.0431779287755,
        "median": 0.03515625,
        "min": 0.00390625,
        "var": 0.00104891648516
    },
    "barkbands": {
        "dmean": [9.97188726615e-06, 0.00695983227342, 0.0113688716665, 0.00380017468706, 0.00391077017412, 0.000407527986681, 0.000239311382757, 9.8915930721e-05, 8.41636865516e-05, 6.12487419858e-05, 9.12246396183e-05, 5.58415558771e-05, 8.98618673091e-05, 8.37957122712e-05, 3.83361111744e-05, 5.53626887267e-05, 2.49399108725e-05, 2.19871290028e-05, 3.49021138391e-05, 5.85065281484e-05, 4.83848052681e-05, 4.59904113086e-05, 7.26126454538e-05, 0.000119449476188, 0.000128022991703, 2.59788412222e-05, 1.93466385099e-05],
        "dmean2": [1.59859919222e-05, 0.0110548669472, 0.0185352433473, 0.00615690648556, 0.00643846718594, 0.000678510405123, 0.000390900211642, 0.000152183492901, 0.000133192079375, 9.58366435952e-05, 0.000147346552694, 8.70329749887e-05, 0.000138794464874, 0.000125442165881, 5.77819664613e-05, 8.44932656037e-05, 4.03680351155e-05, 3.47562745446e-05, 5.56455015612e-05, 8.67665294209e-05, 7.26058642613e-05, 6.82801328367e-05, 0.000103524995211, 0.000178790403879, 0.000187632729649, 3.99316377298e-05, 2.96960370179e-05],
        "dvar": [1.23330834434e-09, 0.000234138715314, 0.000391753012082, 3.00513220282e-05, 3.63930703315e-05, 4.99070210935e-07, 1.71047005892e-07, 4.30665636486e-08, 2.63608477269e-08, 1.58067940959e-08, 2.91961725907e-08, 9.37732202999e-09, 3.14365742327e-08, 1.75481549292e-08, 6.44300879316e-09, 6.69210820092e-09, 2.31080887758e-09, 5.47591927358e-09, 4.9603130492e-09, 1.14027818299e-08, 9.37126465317e-09, 1.29369599478e-08, 5.22038909878e-08, 8.89639295565e-08, 9.05450505684e-08, 2.56805798848e-09, 1.81634240981e-09],
        "dvar2": [3.07640934949e-09, 0.000554626632947, 0.001047011232, 7.49851024011e-05, 9.90543194348e-05, 1.38760867685e-06, 4.42009564949e-07, 9.65187254565e-08, 6.35839683127e-08, 3.651116387e-08, 7.81766047453e-08, 2.22361649094e-08, 7.5624178919e-08, 3.96182429085e-08, 1.51916061952e-08, 1.52277479515e-08, 5.86284221171e-09, 1.41276021992e-08, 1.1949399692e-08, 2.48877789488e-08, 1.93736724441e-08, 2.83608567742e-08, 1.00964150818e-07, 1.6703650374e-07, 1.86548135162e-07, 5.30986365987e-09, 4.46936132548e-09],
        "max": [0.00242735282518, 0.297456026077, 0.439331799746, 0.0962663292885, 0.113083489239, 0.0146725634113, 0.0086545618251, 0.00512599758804, 0.00295011838898, 0.0035950713791, 0.00378224975429, 0.00154971331358, 0.00381234963425, 0.00253004138358, 0.00197335286066, 0.00125482631847, 0.000968054519035, 0.00422588875517, 0.00178443116602, 0.00166631885804, 0.00232557347044, 0.00188099674415, 0.00422612950206, 0.00552005693316, 0.00499857449904, 0.000697441282682, 0.000516312313266],
        "mean": [1.76670000656e-05, 0.0121896872297, 0.0194081347436, 0.0101979123428, 0.00743187498301, 0.00087013276061, 0.00042944640154, 0.000170730243553, 0.000148958497448, 0.000106700223114, 0.000162961630849, 0.000115872113383, 0.00017278768064, 0.00018640482449, 7.28521481506e-05, 0.000105995488411, 4.64252916572e-05, 3.92869296775e-05, 6.63519604132e-05, 0.000100276440207, 8.43100133352e-05, 6.54912219034e-05, 0.000102788013464, 0.000210126992897, 0.000225327225053, 4.04134952987e-05, 3.58555662388e-05],
        "median": [3.72883755517e-06, 0.00367547245696, 0.00963982567191, 0.00687004020438, 0.00527575239539, 0.000577256490942, 0.000225112526095, 6.78135766066e-05, 6.56681513647e-05, 4.80496237287e-05, 7.52742780605e-05, 5.53963036509e-05, 6.20923237875e-05, 7.11757820682e-05, 2.82058936136e-05, 5.63163339393e-05, 2.59890621237e-05, 1.48689268826e-05, 3.73964358005e-05, 4.83637741127e-05, 4.5197099098e-05, 2.68632484222e-05, 3.5179869883e-05, 0.000117583993415, 0.000114430949907, 1.73379776243e-05, 2.01619332074e-05],
        "min": [1.23625603121e-23, 4.16675762158e-23, 3.94115775995e-24, 1.91259484243e-23, 5.02401118956e-23, 6.61466558568e-23, 6.4351852147e-23, 3.74325228036e-23, 5.82497164335e-23, 4.09882880903e-23, 1.3424009421e-22, 1.17462865535e-22, 1.71218838977e-22, 8.87560152456e-23, 1.58306082105e-22, 4.65721390337e-23, 1.81193663269e-22, 1.85231772823e-22, 2.69105218692e-22, 2.41516392565e-22, 4.40885045058e-22, 6.09233162404e-22, 8.8444429072e-22, 7.99220201385e-22, 1.30269788828e-21, 1.60115751741e-21, 2.57385870792e-21],
        "var": [1.84228976519e-09, 0.000676894793287, 0.000698124524206, 0.000115209164505, 5.88366856391e-05, 9.15574673854e-07, 3.75328767177e-07, 9.37874418128e-08, 5.89750008828e-08, 3.21110320556e-08, 6.01241580966e-08, 2.6697522415e-08, 7.57213314273e-08, 7.05097633613e-08, 1.61373296947e-08, 1.76438845756e-08, 4.02401001409e-09, 7.78520714562e-09, 8.90281182109e-09, 2.19085087849e-08, 1.81343331462e-08, 1.8269888713e-08, 8.53156123526e-08, 1.59554772949e-07, 1.49964620277e-07, 4.03943811733e-09, 2.44590903087e-09]
    },
    "erbbands": {
        "dmean": [0.0847528204322, 2.05166602135, 11.6894454956, 10.8954973221, 18.0750141144, 9.89863872528, 5.23805427551, 3.2288377285, 4.245698452, 1.85771203041, 1.87268579006, 2.25917744637, 2.20684313774, 1.54655730724, 4.31115102768, 2.14370632172, 3.94002842903, 4.50328779221, 1.77650880814, 2.18587422371, 2.24383330345, 1.35065340996, 1.30266618729, 1.54242682457, 1.72534477711, 3.00397253036, 1.83777070045, 2.23033261299, 1.62753081322, 1.40587866306, 2.28343605995, 2.23624634743, 2.32335972786, 1.63760709763, 0.882383227348, 0.18550466001, 0.0300009176135, 0.0192661527544, 0.00343396747485, 0.000159875649842],
        "dmean2": [0.118441157043, 3.30522418022, 19.1392765045, 17.5687255859, 29.385477066, 16.6816596985, 8.75671958923, 5.23271512985, 6.91791057587, 2.92774319649, 2.95618486404, 3.53281664848, 3.41993284225, 2.37254190445, 7.09849214554, 3.24921989441, 6.07304668427, 6.66731357574, 2.77133727074, 3.27515435219, 3.54355502129, 2.16131186485, 2.07403182983, 2.46553039551, 2.70370483398, 4.48652744293, 2.71960949898, 3.37068510056, 2.39631342888, 2.06329679489, 3.20728230476, 3.31192469597, 3.52060723305, 2.56760668755, 1.3371617794, 0.279736489058, 0.0444918125868, 0.0295070968568, 0.00564781017601, 0.000250504293945],
        "dvar": [0.0500601790845, 18.2236785889, 434.514404297, 245.02911377, 835.360839844, 224.038909912, 80.9115982056, 33.1468276978, 55.8224906921, 13.3145103455, 16.2327899933, 19.687997818, 21.6343536377, 11.3547410965, 81.2009735107, 12.4612178802, 57.7533569336, 44.9786567688, 11.5500411987, 14.256729126, 11.1419439316, 8.42799568176, 19.0084705353, 11.5524015427, 10.2140464783, 29.7606925964, 9.90121936798, 24.4349594116, 17.1168804169, 12.5948047638, 51.224155426, 50.4582443237, 25.3906517029, 15.0718612671, 3.74247908592, 0.127792567015, 0.00378262903541, 0.00164492311887, 5.00207715959e-05, 1.27531222915e-07],
        "dvar2": [0.0855062231421, 44.6753234863, 1151.10681152, 642.726379395, 2226.04150391, 633.021911621, 220.484207153, 89.1877441406, 144.867736816, 32.0205383301, 37.6889076233, 47.4405670166, 49.9575271606, 24.0471363068, 227.916366577, 27.1214904785, 136.236236572, 97.7354660034, 28.9048175812, 33.730682373, 27.7636585236, 21.0475959778, 48.6111717224, 27.3136539459, 24.4797134399, 66.2975387573, 21.5367336273, 51.8433189392, 36.8499717712, 25.8095149994, 93.6364974976, 101.234970093, 50.3376731873, 31.2831306458, 7.68540525436, 0.251133292913, 0.00801167078316, 0.00399480061606, 0.000125507256598, 2.87109287456e-07],
        "max": [6.96814012527, 73.5827865601, 436.457214355, 253.707077026, 528.780883789, 287.754394531, 201.343658447, 128.596466064, 151.369384766, 73.4845733643, 119.688217163, 82.8541793823, 138.264083862, 143.432632446, 153.686584473, 68.7517089844, 160.806365967, 132.639846802, 63.3521995544, 89.8772506714, 50.6795387268, 62.7511024475, 238.970855713, 109.839706421, 66.2915115356, 84.6319503784, 70.5608596802, 114.196136475, 77.390625, 62.6203422546, 133.220352173, 136.272415161, 84.363067627, 68.4402923584, 35.1105575562, 5.13227796555, 0.813984334469, 0.401734858751, 0.0817923247814, 0.00561099592596],
        "mean": [0.200882077217, 3.5310959816, 19.151884079, 28.7896327972, 37.792224884, 18.0273323059, 10.2681875229, 7.7671995163, 8.01543807983, 3.59279751778, 3.27186179161, 3.95693039894, 4.03884077072, 3.04710316658, 7.36460590363, 5.14703607559, 8.28158569336, 11.3043746948, 3.95735812187, 5.04832458496, 4.55976295471, 2.68500423431, 2.41099882126, 2.90671038628, 3.32016181946, 5.02491998672, 3.39684605598, 3.38063001633, 2.28580570221, 2.07799577713, 3.24931955338, 3.43925046921, 4.26713371277, 2.89096570015, 1.4040184021, 0.311085492373, 0.0469369068742, 0.0296407416463, 0.00641711102799, 0.000345304666553],
        "median": [0.0492622368038, 1.27222311497, 9.67497062683, 20.9363021851, 24.4633464813, 12.5930051804, 6.80953264236, 5.0820350647, 4.10372972488, 2.07431864738, 1.4729912281, 1.7615698576, 1.93181502819, 1.55689620972, 3.10115790367, 2.87298202515, 3.45147681236, 5.52113580704, 2.43127202988, 2.85846114159, 3.08359599113, 1.48854994774, 0.927654147148, 1.4560931921, 1.91427218914, 2.49184441566, 1.93217420578, 1.53062403202, 0.854582071304, 0.789447784424, 1.09709942341, 1.49877977371, 2.59270048141, 1.56259775162, 0.626984536648, 0.144350141287, 0.020060826093, 0.012688186951, 0.00389084825292, 0.00023837533081],
        "min": [2.43140572603e-21, 4.53614256086e-21, 4.47476317447e-21, 2.82561342956e-20, 1.04439979237e-19, 1.1147141511e-19, 6.02610485424e-19, 4.24270733099e-19, 7.87330928049e-19, 7.96740314312e-19, 8.66943339695e-19, 1.3607865539e-18, 1.13264083518e-18, 2.58742199004e-18, 7.33804329105e-18, 4.15258729572e-18, 7.52167490549e-18, 5.197758951e-18, 6.28903848081e-18, 6.95095254288e-18, 2.84861481501e-18, 1.01600741755e-17, 1.04446590478e-17, 1.26170462675e-17, 1.25057623509e-17, 1.25271226359e-17, 1.4888069812e-17, 1.77659519315e-17, 2.00653485983e-17, 2.15680809996e-17, 2.94339879442e-17, 1.88901019645e-17, 1.25177225554e-17, 1.41295402272e-17, 9.70503963902e-18, 4.27759082989e-18, 3.63864591907e-18, 1.5215557234e-18, 3.13414624043e-19, 3.89495892126e-20],
        "var": [0.276587098837, 46.9238510132, 745.532409668, 795.042785645, 1729.89038086, 354.915527344, 142.961959839, 76.0328445435, 128.209701538, 25.37408638, 37.2638282776, 42.7208518982, 44.4050216675, 26.7523899078, 143.742645264, 46.2545852661, 159.667770386, 215.699127197, 24.9839954376, 41.9934959412, 24.4195270538, 14.5445432663, 28.8266105652, 21.9684467316, 19.3304424286, 52.7334594727, 19.8375816345, 41.3290100098, 24.7821521759, 21.1695327759, 88.1452255249, 76.4533691406, 46.7798194885, 24.9552097321, 5.97293138504, 0.225265413523, 0.00581038929522, 0.00205418933183, 6.77765638102e-05, 2.01277359224e-07]
    },
    "gfcc": {
        "mean": [-18.0036487579, 75.5887145996, -51.3220214844, 42.7943115234, -38.8099746704, 19.169549942, -42.1937522888, -6.78453016281, -35.0243301392, -3.93024301529, -14.576007843, -13.0699443817, -10.2216691971],
        "cov": [[10209.21875, -1078.02087402, 712.301879883, -341.368103027, -189.319274902, 566.586486816, -226.652282715, 514.472839355, 13.8897705078, 218.945892334, 96.2869110107, -208.865875244, 302.250335693], [-1078.02087402, 1065.85290527, -21.0296096802, 64.5907440186, 128.75151062, -132.931304932, 108.265289307, -121.515647888, 24.7705574036, -34.4334106445, 10.4366550446, 2.11490917206, -19.3538970947], [712.301879883, -21.0296096802, 632.227478027, 117.314979553, 51.3134651184, 69.1510925293, -47.8826332092, 73.4047164917, -7.4563832283, 22.6178798676, 35.0734710693, -19.2360248566, 21.9089221954], [-341.368103027, 64.5907440186, 117.314979553, 364.832214355, 33.057182312, -62.9328536987, 20.3193683624, -66.4988555908, -10.0066490173, -6.265437603, 36.8120613098, 72.1483612061, -49.8186378479], [-189.319274902, 128.75151062, 51.3134651184, 33.057182312, 207.47052002, 65.0621871948, 39.4508094788, -2.26119208336, -11.3850212097, -0.940195977688, 35.9940452576, -6.87565326691, -7.7319226265], [566.586486816, -132.931304932, 69.1510925293, -62.9328536987, 65.0621871948, 165.935150146, 19.6244411469, 49.2274360657, 9.22702789307, 20.8009605408, 12.6846160889, -35.2618675232, 24.0064105988], [-226.652282715, 108.265289307, -47.8826332092, 20.3193683624, 39.4508094788, 19.6244411469, 133.72354126, 35.351348877, 12.3116350174, -8.18205928802, -9.10725879669, -6.00517034531, -6.76584196091], [514.472839355, -121.515647888, 73.4047164917, -66.4988555908, -2.26119208336, 49.2274360657, 35.351348877, 137.274551392, 30.6222343445, 10.9087867737, -6.41053104401, -24.3764381409, 31.9307498932], [13.8897705078, 24.7705574036, -7.4563832283, -10.0066490173, -11.3850212097, 9.22702789307, 12.3116350174, 30.6222343445, 75.1541290283, 16.5682830811, -15.2738237381, -9.29125881195, 7.25541877747], [218.945892334, -34.4334106445, 22.6178798676, -6.265437603, -0.940195977688, 20.8009605408, -8.18205928802, 10.9087867737, 16.5682830811, 69.2265701294, 19.9292182922, -14.3517274857, 7.43099594116], [96.2869110107, 10.4366550446, 35.0734710693, 36.8120613098, 35.9940452576, 12.6846160889, -9.10725879669, -6.41053104401, -15.2738237381, 19.9292182922, 68.8346481323, 27.0308876038, -5.10173749924], [-208.865875244, 2.11490917206, -19.2360248566, 72.1483612061, -6.87565326691, -35.2618675232, -6.00517034531, -24.3764381409, -9.29125881195, -14.3517274857, 27.0308876038, 91.8416213989, -2.13108158112], [302.250335693, -19.3538970947, 21.9089221954, -49.8186378479, -7.7319226265, 24.0064105988, -6.76584196091, 31.9307498932, 7.25541877747, 7.43099594116, -5.10173749924, -2.13108158112, 65.85597229]],
        "icov": [[0.000206380951568, -0.000104271544842, 4.8855181376e-05, -0.000245826056926, 0.000454028398963, -0.000755617278628, 0.000605346693192, -0.000828772434033, 0.000448710983619, -0.000234338804148, -0.000247118266998, 0.000310362287564, -0.00041937304195], [-0.000104271544842, 0.00226747966371, -0.000883916334715, 0.00117772386875, -0.00173972686753, 0.00340581429191, -0.00334693863988, 0.00397625518963, -0.00277383974753, 0.00126229680609, -0.00163154955953, 0.000980472541414, -0.00131912983488], [4.8855181376e-05, -0.000883916334715, 0.00283569633029, -0.00214972067624, 0.0003342278942, -0.00211834255606, 0.00319103430957, -0.00374308624305, 0.00185661634896, -0.000407325074775, 0.000222454007599, 0.000894809316378, -0.000211844046135], [-0.000245826056926, 0.00117772386875, -0.00214972067624, 0.00595434987918, -0.00165788515005, 0.00377027317882, -0.00431766500697, 0.00519155571237, -0.00276202801615, 0.000198943438591, -0.00109850754961, -0.0031675635837, 0.00225833174773], [0.000454028398963, -0.00173972686753, 0.0003342278942, -0.00165788515005, 0.00901614222676, -0.00626194709912, 0.00116707757115, -0.00273417588323, 0.00266907433979, 0.000650422647595, -0.00346952886321, 0.00146470323671, 0.00023756219889], [-0.000755617278628, 0.00340581429191, -0.00211834255606, 0.00377027317882, -0.00626194709912, 0.016203828156, -0.00731937261298, 0.00673292484134, -0.0055597233586, 0.00120476272423, -0.00312707084231, 0.00235091452487, -0.00232230778784], [0.000605346693192, -0.00334693863988, 0.00319103430957, -0.00431766500697, 0.00116707757115, -0.00731937261298, 0.0167530532926, -0.0120167462155, 0.00484786182642, -0.00147038593423, 0.00389809953049, -0.000138692819746, 0.00219232472591], [-0.000828772434033, 0.00397625518963, -0.00374308624305, 0.00519155571237, -0.00273417588323, 0.00673292484134, -0.0120167462155, 0.0219964385033, -0.0100432764739, 0.00345310848206, -0.00362211256288, 0.00108965008985, -0.00405874755234], [0.000448710983619, -0.00277383974753, 0.00185661634896, -0.00276202801615, 0.00266907433979, -0.0055597233586, 0.00484786182642, -0.0100432764739, 0.0211288686842, -0.00744023127481, 0.00728663615882, -0.00178368692286, 0.00114452140406], [-0.000234338804148, 0.00126229680609, -0.000407325074775, 0.000198943438591, 0.000650422647595, 0.00120476272423, -0.00147038593423, 0.00345310848206, -0.00744023127481, 0.0213033668697, -0.0106379920617, 0.00617348635569, -0.00266409479082], [-0.000247118266998, -0.00163154955953, 0.000222454007599, -0.00109850754961, -0.00346952886321, -0.00312707084231, 0.00389809953049, -0.00362211256288, 0.00728663615882, -0.0106379920617, 0.0274036172777, -0.0106606576592, 0.00481444224715], [0.000310362287564, 0.000980472541414, 0.000894809316378, -0.0031675635837, 0.00146470323671, 0.00235091452487, -0.000138692819746, 0.00108965008985, -0.00178368692286, 0.00617348635569, -0.0106606576592, 0.0193280354142, -0.00575824687257], [-0.00041937304195, -0.00131912983488, -0.000211844046135, 0.00225833174773, 0.00023756219889, -0.00232230778784, 0.00219232472591, -0.00405874755234, 0.00114452140406, -0.00266409479082, 0.00481444224715, -0.00575824687257, 0.0219293106347]]
    },
    "melbands": {
        "dmean": [0.00135474675335, 0.00481492467225, 0.00207090517506, 0.00098359468393, 0.000229032477364, 7.41768453736e-05, 5.73225224798e-05, 2.02068440558e-05, 1.52083630383e-05, 1.43810721056e-05, 1.08415470095e-05, 5.84749250265e-06, 1.20150507428e-05, 8.64297999215e-06, 3.83401220461e-06, 1.17056042654e-05, 9.56608528213e-06, 2.9019242902e-06, 3.65933897228e-06, 4.70644272355e-06, 2.21166806114e-06, 1.66248730693e-06, 1.13436135507e-06, 9.72845782599e-07, 1.37633753639e-06, 1.3858281136e-06, 1.34159608933e-06, 2.346851943e-06, 1.2674233858e-06, 1.14543774998e-06, 1.47238404224e-06, 9.66232846622e-07, 8.966123346e-07, 7.24574022115e-07, 1.14824547381e-06, 1.6844064703e-06, 1.32840273182e-06, 1.85374494777e-06, 1.23943357266e-06, 1.49471543409e-06],
        "dmean2": [0.00206180405803, 0.00787366367877, 0.00332019012421, 0.00161645526532, 0.000381898804335, 0.000120793927636, 9.32397015276e-05, 3.15553625114e-05, 2.41981397266e-05, 2.24002251343e-05, 1.68689548445e-05, 8.97122299648e-06, 1.96328473976e-05, 1.37237348099e-05, 5.98826864007e-06, 1.80430852197e-05, 1.40829561133e-05, 4.64209369966e-06, 5.50597906113e-06, 6.98050007486e-06, 3.64219840776e-06, 2.67289351541e-06, 1.84047382845e-06, 1.51739391185e-06, 2.23154984269e-06, 2.22100402425e-06, 2.0897361992e-06, 3.54922690349e-06, 1.90468892924e-06, 1.79393646249e-06, 2.25791973207e-06, 1.45416038322e-06, 1.37454719606e-06, 1.05327569599e-06, 1.57176600624e-06, 2.51207620749e-06, 1.99115720534e-06, 2.84785301119e-06, 1.92656398212e-06, 2.33728519561e-06],
        "dvar": [1.01604346128e-05, 7.13412300684e-05, 8.31631950859e-06, 2.36216669691e-06, 1.44252339851e-07, 1.59798627664e-08, 9.84737980048e-09, 1.75080816511e-09, 1.03069353052e-09, 8.39569469502e-10, 5.38089073299e-10, 1.66306926563e-10, 5.51693968287e-10, 2.5845567353e-10, 4.05672301307e-11, 5.60669621841e-10, 2.21279508605e-10, 3.85040679896e-11, 6.32452978877e-11, 5.14937606444e-11, 1.21510336515e-11, 1.22569307134e-11, 2.384984224e-11, 4.9586363661e-12, 9.65653945695e-12, 6.7939824773e-12, 6.41406849508e-12, 1.9540442181e-11, 5.68670544682e-12, 3.96055237217e-12, 1.37445367587e-11, 6.81050875417e-12, 5.58721558602e-12, 3.70381156301e-12, 1.29593983114e-11, 2.81864757229e-11, 1.75438726047e-11, 1.44187734669e-11, 9.52151205103e-12, 1.21456568761e-11],
        "dvar2": [2.15798481804e-05, 0.000188135323697, 2.10986036109e-05, 6.40406597086e-06, 3.89018907754e-07, 4.35531681831e-08, 2.55625192125e-08, 4.09407485691e-09, 2.43570874581e-09, 1.96154470444e-09, 1.24470866947e-09, 3.56072060725e-10, 1.53243484569e-09, 6.64672317185e-10, 9.64737595366e-11, 1.35300504134e-09, 4.76389983017e-10, 9.88360712717e-11, 1.50340684346e-10, 1.12699946597e-10, 3.1840884096e-11, 3.04272267104e-11, 6.43864822569e-11, 1.1567680841e-11, 2.31311688553e-11, 1.64942989822e-11, 1.51080606359e-11, 4.41446219857e-11, 1.29487722628e-11, 8.76811557388e-12, 2.9377909827e-11, 1.55305317218e-11, 1.27619789736e-11, 7.12108106857e-12, 2.16302410011e-11, 5.71902906976e-11, 3.69652329579e-11, 2.88593177133e-11, 1.94570488193e-11, 2.55209083033e-11],
        "max": [0.0793688520789, 0.161337256432, 0.0445583313704, 0.0291557908058, 0.00991431809962, 0.00279318727553, 0.0020365701057, 0.000861315988004, 0.000919568527024, 0.000568504154216, 0.00068892724812, 0.000532152829692, 0.00038334884448, 0.00025909813121, 0.00014588618069, 0.000523455673829, 0.000298762723105, 0.000130383807118, 0.000216291751713, 0.000116552961117, 5.77224091103e-05, 7.8084281995e-05, 0.000304123561364, 8.24080416351e-05, 0.000106775944005, 4.96137181472e-05, 6.60411242279e-05, 6.81522287778e-05, 5.29081153218e-05, 3.71726819139e-05, 0.000101996731246, 5.20257854077e-05, 5.58336396352e-05, 3.26882582158e-05, 6.79292497807e-05, 9.87140738289e-05, 8.46052207635e-05, 6.57632408547e-05, 5.59734908165e-05, 6.34410971543e-05],
        "mean": [0.00266349175945, 0.00834535155445, 0.00572432717308, 0.00196989905089, 0.00044568782323, 0.000173213207745, 0.000108739375719, 3.62971768482e-05, 2.53601319855e-05, 2.49429958785e-05, 1.92211664398e-05, 1.05996468847e-05, 2.08178189496e-05, 1.74845845322e-05, 9.15392683964e-06, 2.18090099224e-05, 2.22253183892e-05, 5.54130065211e-06, 6.92030516802e-06, 9.02352530829e-06, 4.18058834839e-06, 3.07102436636e-06, 1.98657266992e-06, 1.80240795089e-06, 2.39848168349e-06, 2.42876853918e-06, 2.43126009991e-06, 3.65803953173e-06, 2.09301265386e-06, 1.99481451091e-06, 1.99691726266e-06, 1.26257668853e-06, 1.27372277348e-06, 1.02328476714e-06, 1.62739081588e-06, 2.27261693908e-06, 2.09189761335e-06, 3.49861306859e-06, 2.0320233034e-06, 2.58157160715e-06],
        "median": [0.000736480695195, 0.00425545265898, 0.00446277251467, 0.00139237253461, 0.000292729295325, 0.000116185648949, 5.82467764616e-05, 1.75719433173e-05, 1.07015102913e-05, 1.04627088149e-05, 8.64274988999e-06, 4.65525954496e-06, 9.10910512175e-06, 8.46916373121e-06, 4.94787127536e-06, 7.38354719942e-06, 8.56919268699e-06, 2.95569225273e-06, 2.4403941552e-06, 4.11258633903e-06, 2.98889790429e-06, 1.60420154316e-06, 7.53142046506e-07, 7.92938863015e-07, 1.12179918688e-06, 1.35994514494e-06, 1.26294480651e-06, 1.69015424945e-06, 1.03839397525e-06, 1.20645222523e-06, 7.17293744401e-07, 4.25840624985e-07, 5.19187040027e-07, 3.25416010583e-07, 4.82253312839e-07, 8.24738776828e-07, 9.82636834124e-07, 2.21897880692e-06, 1.07665402993e-06, 1.36331414069e-06],
        "min": [1.62534297671e-23, 3.18338408807e-24, 8.32590620641e-24, 6.14136931628e-24, 1.85221716424e-23, 1.04155466795e-23, 1.28683589919e-23, 8.55784787862e-24, 7.63750358203e-24, 8.45044288866e-24, 5.27643539852e-24, 9.38574004371e-24, 2.02292950403e-23, 1.87507330456e-23, 1.33292359874e-23, 1.40564000812e-23, 8.79910678699e-24, 8.20614607695e-24, 1.44006637134e-23, 4.35253570582e-24, 2.99139624855e-24, 9.12759951198e-24, 1.36477448888e-23, 8.24314680884e-24, 1.0461743163e-23, 9.30821631598e-24, 9.02573942531e-24, 7.51696879115e-24, 8.71115274036e-24, 1.08103881287e-23, 9.26003426961e-24, 1.20330728335e-23, 1.07398040103e-23, 1.19018197895e-23, 1.85158118458e-23, 1.42782514336e-23, 1.01754300417e-23, 8.78682580042e-24, 7.6823479579e-24, 1.35357345288e-23],
        "var": [3.95401257265e-05, 0.000135275695357, 2.69359225058e-05, 4.03449848818e-06, 2.83934696199e-07, 3.54085329946e-08, 2.23965237467e-08, 3.36118266553e-09, 2.28257901469e-09, 1.85532589292e-09, 1.08094455609e-09, 3.75821429532e-10, 1.04761710418e-09, 6.09736372503e-10, 1.53098048128e-10, 1.26710775206e-09, 1.00240105105e-09, 6.85747916784e-11, 1.64224245314e-10, 1.46869350015e-10, 2.08733950263e-11, 2.10088110103e-11, 2.84388675803e-11, 9.60630013036e-12, 1.7571090416e-11, 1.13277599106e-11, 1.39152578349e-11, 3.19201887145e-11, 9.76096200395e-12, 7.10774971865e-12, 2.229434172e-11, 8.87366829322e-12, 7.35098874133e-12, 6.58191253236e-12, 2.4397615872e-11, 4.08632711002e-11, 2.58777495959e-11, 2.75896874791e-11, 1.52564696987e-11, 1.96430285232e-11]
    },
    "mfcc": {
        "mean": [-683.899169922, 112.674545288, 49.117980957, 32.9091262817, 29.0486125946, 18.1340579987, 14.7593755722, -7.35980606079, -3.61529636383, -3.34383606911, -9.43547821045, -2.18274331093, -4.48506546021],
        "cov": [[8373.48632812, -373.466156006, 452.488372803, -645.649291992, 231.07975769, -201.351028442, 197.146316528, -167.551101685, 250.657165527, 331.974761963, -105.832145691, 40.7079048157, 130.378372192], [-373.466156006, 856.022521973, -21.5152988434, 78.7518005371, -5.35945320129, 44.1054573059, 24.8523025513, -10.5716581345, 20.8473873138, 11.4698905945, -13.8419246674, -0.814538896084, 41.8696556091], [452.488372803, -21.5152988434, 439.09576416, 63.3860206604, 107.297424316, -0.292515099049, 39.2911949158, 6.62740135193, 31.3014698029, 15.3630533218, -1.3607108593, 32.1808547974, 36.6543464661], [-645.649291992, 78.7518005371, 63.3860206604, 391.076690674, -4.80603313446, 67.0740814209, -17.6323432922, 46.3730888367, -68.5651779175, -101.592132568, 32.8921585083, 30.187040329, 39.1596908569], [231.07975769, -5.35945320129, 107.297424316, -4.80603313446, 180.106292725, 34.8740501404, 60.2317695618, 0.956753611565, -0.00914787966758, 8.62860202789, 10.675318718, 32.1137084961, 3.94165754318], [-201.351028442, 44.1054573059, -0.292515099049, 67.0740814209, 34.8740501404, 131.835586548, 22.6780128479, 10.2226314545, -23.1321392059, -16.2049236298, 27.4807434082, 6.22462797165, 5.34147119522], [197.146316528, 24.8523025513, 39.2911949158, -17.6323432922, 60.2317695618, 22.6780128479, 147.307128906, 25.8293495178, 24.0687789917, 29.3529262543, 11.1873998642, 39.0602378845, -5.64019632339], [-167.551101685, -10.5716581345, 6.62740135193, 46.3730888367, 0.956753611565, 10.2226314545, 25.8293495178, 102.060569763, 17.3182373047, -25.7830696106, 25.3163757324, 13.0874023438, -7.29844665527], [250.657165527, 20.8473873138, 31.3014698029, -68.5651779175, -0.00914787966758, -23.1321392059, 24.0687789917, 17.3182373047, 110.044242859, 72.6922225952, -5.37178277969, -7.6691570282, -7.75029087067], [331.974761963, 11.4698905945, 15.3630533218, -101.592132568, 8.62860202789, -16.2049236298, 29.3529262543, -25.7830696106, 72.6922225952, 130.398590088, 12.3406820297, -14.8234539032, -21.5510196686], [-105.832145691, -13.8419246674, -1.3607108593, 32.8921585083, 10.675318718, 27.4807434082, 11.1873998642, 25.3163757324, -5.37178277969, 12.3406820297, 90.4426498413, 25.5770282745, -32.6615257263], [40.7079048157, -0.814538896084, 32.1808547974, 30.187040329, 32.1137084961, 6.22462797165, 39.0602378845, 13.0874023438, -7.6691570282, -14.8234539032, 25.5770282745, 66.9839630127, 14.1679315567], [130.378372192, 41.8696556091, 36.6543464661, 39.1596908569, 3.94165754318, 5.34147119522, -5.64019632339, -7.29844665527, -7.75029087067, -21.5510196686, -32.6615257263, 14.1679315567, 91.128692627]],
