{
"lowlevel": {
    "average_loudness": 0.660730361938,
    "barkbands_crest": {
        "dmean": 2.25662970543,
        "dmean2": 3.70455336571,
        "dvar": 4.15394687653,
        "dvar2": 10.9616250992,
        "max": 26.6440391541,
        "mean": 9.9456615448,
        "median": 8.33194828033,
        "min": 2.60297489166,
        "var": 25.8979263306
    },
    "barkbands_flatness_db": {
        "dmean": 0.0177270229906,
        "dmean2": 0.0267364867032,
        "dvar": 0.000257014791714,
        "dvar2": 0.000574083125684,
        "max": 0.676577031612,
        "mean": 0.149026975036,
        "median": 0.137622490525,
        "min": 0.0337094850838,
        "var": 0.00448198011145
    },
    "barkbands_kurtosis": {
        "dmean": 4.39244222641,
        "dmean2": 7.20397090912,
        "dvar": 3077.09472656,
        "dvar2": 7761.84130859,
        "max": 4066.49414062,
        "mean": 8.13529586792,
        "median": 1.01856565475,
        "min": -1.84497117996,
        "var": 9057.13867188
    },
    "barkbands_skewness": {
        "dmean": 0.403842717409,
        "dmean2": 0.64296245575,
        "dvar": 0.558463215828,
        "dvar2": 1.38088428974,
        "max": 48.7072868347,
        "mean": 0.731633424759,
        "median": 0.736406862736,
        "min": -10.3520708084,
        "var": 4.2133769989
    },
    "barkbands_spread": {
        "dmean": 3.45947766304,
        "dmean2": 5.48919010162,
        "dvar": 14.3995599747,
        "dvar2": 37.8485946655,
        "max": 125.177192688,
        "mean": 16.6628684998,
        "median": 15.8140363693,
        "min": 0.0633636116982,
        "var": 74.0340881348
    },
    "dissonance": {
        "dmean": 0.0256170909852,
        "dmean2": 0.0439367368817,
        "dvar": 0.000671128451359,
        "dvar2": 0.00193785841111,
        "max": 0.500000119209,
        "mean": 0.453720539808,
        "median": 0.461061954498,
        "min": 0.15011382103,
        "var": 0.0012106213253
    },
    "dynamic_complexity": 3.87443828583,
    "erbbands_crest": {
        "dmean": 2.772752285,
        "dmean2": 4.46864795685,
        "dvar": 6.96396780014,
        "dvar2": 17.6858921051,
        "max": 35.170627594,
        "mean": 12.561167717,
        "median": 9.99026679993,
        "min": 2.53191566467,
        "var": 53.3915252686
    },
    "erbbands_flatness_db": {
        "dmean": 0.017519813031,
        "dmean2": 0.0256225429475,
        "dvar": 0.00024392544583,
        "dvar2": 0.000509690726176,
        "max": 0.4918166399,
        "mean": 0.20283703506,
        "median": 0.192157641053,
        "min": 0.0442231856287,
        "var": 0.00397230917588
    },
    "erbbands_kurtosis": {
        "dmean": 1.82827460766,
        "dmean2": 2.90271043777,
        "dvar": 38.2871398926,
        "dvar2": 113.101928711,
        "max": 334.636352539,
        "mean": 4.04778242111,
        "median": 0.40722322464,
        "min": -1.72307753563,
        "var": 277.232666016
    },
    "erbbands_skewness": {
        "dmean": 0.370085656643,
        "dmean2": 0.586406707764,
        "dvar": 0.130998343229,
        "dvar2": 0.336766988039,
        "max": 15.0266065598,
        "mean": 0.527598083019,
        "median": 0.533745646477,
        "min": -8.02687931061,
        "var": 1.42823636532
    },
    "erbbands_spread": {
        "dmean": 4.42975139618,
        "dmean2": 6.949883461,
        "dvar": 22.0089893341,
        "dvar2": 52.5005226135,
        "max": 172.051391602,
        "mean": 22.984369278,
        "median": 22.4055747986,
        "min": 0.27053514123,
        "var": 184.116271973
    },
    "hfc": {
        "dmean": 4.21475553513,
        "dmean2": 6.2581076622,
        "dvar": 51.8789749146,
        "dvar2": 118.014862061,
        "max": 279.035095215,
        "mean": 18.6091499329,
        "median": 13.3387556076,
        "min": 1.23274157589e-16,
        "var": 375.629211426
    },
    "melbands_crest": {
        "dmean": 2.88645291328,
        "dmean2": 4.73632907867,
        "dvar": 6.29486322403,
        "dvar2": 16.9398612976,
        "max": 35.7351570129,
        "mean": 12.5924301147,
        "median": 11.2992868423,
        "min": 1.54269623756,
        "var": 29.3392162323
    },
    "melbands_flatness_db": {
        "dmean": 0.0201556682587,
        "dmean2": 0.0312437452376,
        "dvar": 0.000355655880412,
        "dvar2": 0.000829235359561,
        "max": 0.84785670042,
        "mean": 0.217113032937,
        "median": 0.208334714174,
        "min": 0.00362252024934,
        "var": 0.00547331152484
    },
    "melbands_kurtosis": {
        "dmean": 3.24590301514,
        "dmean2": 5.31677436829,
        "dvar": 253.985427856,
        "dvar2": 677.861328125,
        "max": 1065.27807617,
        "mean": 7.26137828827,
        "median": 2.51579618454,
        "min": -1.89375138283,
        "var": 1818.85351562
    },
    "melbands_skewness": {
        "dmean": 0.459134995937,
        "dmean2": 0.73394548893,
        "dvar": 0.254223883152,
        "dvar2": 0.65714854002,
        "max": 23.0755138397,
        "mean": 1.23390614986,
        "median": 1.19954741001,
        "min": -6.76761817932,
        "var": 2.80076003075
    },
    "melbands_spread": {
        "dmean": 4.59248113632,
        "dmean2": 7.32338428497,
        "dvar": 23.2730426788,
        "dvar2": 59.8460273743,
        "max": 174.530715942,
        "mean": 22.2854709625,
        "median": 20.3897418976,
        "min": 0.195733830333,
        "var": 179.371414185
    },
    "pitch_salience": {
        "dmean": 0.0625089332461,
        "dmean2": 0.103032559156,
        "dvar": 0.00280191353522,
        "dvar2": 0.00749584287405,
        "max": 0.888050734997,
        "mean": 0.538323581219,
        "median": 0.561616539955,
        "min": 0.0534836836159,
        "var": 0.0177304781973
    },
    "silence_rate_20dB": {
        "dmean": 0,
        "dmean2": 0,
        "dvar": 0,
        "dvar2": 0,
        "max": 1,
        "mean": 1,
        "median": 1,
        "min": 1,
        "var": 0
    },
    "silence_rate_30dB": {
        "dmean": 0.0018710665172,
        "dmean2": 0.00374245131388,
        "dvar": 0.00186773750465,
        "dvar2": 0.00423941761255,
        "max": 1,
        "mean": 0.997959017754,
        "median": 1,
        "min": 0,
        "var": 0.00203662132844
    },
    "silence_rate_60dB": {
        "dmean": 0.00952542945743,
        "dmean2": 0.0190524794161,
        "dvar": 0.00943545438349,
        "dvar2": 0.0209038890898,
        "max": 1,
        "mean": 0.0831703394651,
        "median": 0,
        "min": 0,
        "var": 0.0762358754873
    },
    "spectral_centroid": {
        "dmean": 149.859848022,
        "dmean2": 234.023193359,
        "dvar": 30478.7832031,
        "dvar2": 69900.84375,
        "max": 10738.8710938,
        "mean": 1148.21386719,
        "median": 1066.20385742,
        "min": 71.7212753296,
        "var": 193878.25
    },
    "spectral_complexity": {
        "dmean": 2.40159893036,
        "dmean2": 3.92089819908,
        "dvar": 5.95596933365,
        "dvar2": 13.907043457,
        "max": 55,
        "mean": 17.1712722778,
        "median": 17,
        "min": 0,
        "var": 62.3224983215
    },
    "spectral_decrease": {
        "dmean": 1.404959038e-09,
        "dmean2": 2.19575202465e-09,
        "dvar": 2.88348254578e-18,
        "dvar2": 7.22864286478e-18,
        "max": 2.37286767596e-18,
        "mean": -5.75697534089e-09,
        "median": -4.82566919757e-09,
        "min": -3.2757565549e-08,
        "var": 1.82731906636e-17
    },
    "spectral_energy": {
        "dmean": 0.00562294805422,
        "dmean2": 0.00875265710056,
        "dvar": 4.73599066027e-05,
        "dvar2": 0.000117510317068,
        "max": 0.148943543434,
        "mean": 0.023416088894,
        "median": 0.0194733552635,
        "min": 1.08129081985e-20,
        "var": 0.000310832430841
    },
    "spectral_energyband_high": {
        "dmean": 6.97327632224e-05,
        "dmean2": 0.000103465034044,
        "dvar": 3.57758906944e-08,
        "dvar2": 8.27150188343e-08,
        "max": 0.00716723874211,
        "mean": 0.000215619904338,
        "median": 8.22752845124e-05,
        "min": 8.08425826971e-21,
        "var": 1.3703811419e-07
    },
    "spectral_energyband_low": {
        "dmean": 0.0023559499532,
        "dmean2": 0.00398127222434,
        "dvar": 1.27512021209e-05,
        "dvar2": 3.58193428838e-05,
        "max": 0.0690004900098,
        "mean": 0.00443617952988,
        "median": 0.00301655381918,
        "min": 4.16969060642e-23,
        "var": 2.37143049162e-05
    },
    "spectral_energyband_middle_high": {
        "dmean": 0.00236964249052,
        "dmean2": 0.00355913909152,
        "dvar": 1.87470213859e-05,
        "dvar2": 4.38106544607e-05,
        "max": 0.139907479286,
        "mean": 0.00874379463494,
        "median": 0.0052276654169,
        "min": 1.38552439583e-21,
        "var": 0.000120975033497
    },
    "spectral_energyband_middle_low": {
        "dmean": 0.00340315862559,
        "dmean2": 0.0052898125723,
        "dvar": 2.25791300181e-05,
        "dvar2": 5.62298009754e-05,
        "max": 0.091680072248,
        "mean": 0.0107492227107,
        "median": 0.00758534856141,
        "min": 2.76854533841e-22,
        "var": 0.000114113347081
    },
    "spectral_entropy": {
        "dmean": 0.132075980306,
        "dmean2": 0.196458473802,
        "dvar": 0.0176655054092,
        "dvar2": 0.0375827737153,
        "max": 9.80718708038,
        "mean": 7.27960634232,
        "median": 7.32425069809,
        "min": 3.73045134544,
        "var": 0.23810942471
    },
    "spectral_flux": {
        "dmean": 0.0140211842954,
        "dmean2": 0.02319541201,
        "dvar": 0.00022721363348,
        "dvar2": 0.000608427857514,
        "max": 0.280731081963,
        "mean": 0.069220662117,
        "median": 0.0672801956534,
        "min": 1.03985133004e-10,
        "var": 0.0011633845279
    },
    "spectral_kurtosis": {
        "dmean": 2.56335878372,
        "dmean2": 4.40333986282,
        "dvar": 8.46312046051,
        "dvar2": 23.7028179169,
        "max": 71.1148681641,
        "mean": 7.44599866867,
        "median": 6.26335430145,
        "min": -1.21037328243,
        "var": 24.7531223297
    },
    "spectral_rms": {
        "dmean": 0.000540173146874,
        "dmean2": 0.000832386198454,
        "dvar": 2.67033556156e-07,
        "dvar2": 6.51336279134e-07,
        "max": 0.0120544917881,
        "mean": 0.00440888479352,
        "median": 0.00435871491209,
        "min": 3.24794986913e-12,
        "var": 3.40663882525e-06
    },
    "spectral_rolloff": {
        "dmean": 225.851501465,
        "dmean2": 388.385040283,
        "dvar": 205467.5625,
        "dvar2": 545252.1875,
        "max": 19509.0820312,
        "mean": 1235.48681641,
        "median": 990.52734375,
        "min": 43.06640625,
        "var": 2167280.5
    },
    "spectral_skewness": {
        "dmean": 0.257248550653,
        "dmean2": 0.428402930498,
        "dvar": 0.0608143135905,
        "dvar2": 0.163293585181,
        "max": 7.24289417267,
        "mean": 1.88269639015,
        "median": 1.81345939636,
        "min": -0.00387832475826,
        "var": 0.250482231379
    },
    "spectral_spread": {
        "dmean": 296111.09375,
        "dmean2": 431717.78125,
        "dvar": 169396273152,
        "dvar2": 255502417920,
        "max": 40543084,
        "mean": 3220436.5,
        "median": 3033591,
        "min": 1180682.75,
        "var": 1.3443292201e+12
    },
    "spectral_strongpeak": {
        "dmean": 0.740022242069,
        "dmean2": 1.22858536243,
        "dvar": 1.20884239674,
        "dvar2": 2.87852573395,
        "max": 29.2052574158,
        "mean": 1.92226684093,
        "median": 0.897789061069,
        "min": 0,
        "var": 7.21181583405
    },
    "zerocrossingrate": {
        "dmean": 0.00484439963475,
        "dmean2": 0.00621197419241,
        "dvar": 3.844742605e-05,
        "dvar2": 6.3171806687e-05,
        "max": 0.533203125,
        "mean": 0.049399331212,
        "median": 0.044921875,
        "min": 0.00146484375,
        "var": 0.00150926038623
    },
    "barkbands": {
        "dmean": [0.000328289490426, 0.00182578130625, 0.000693156500347, 0.000544456182979, 0.000875716505107, 0.000800954469014, 0.000919178011827, 0.00088388210861, 0.00124350376427, 0.00116588524543, 0.000890211435035, 0.000367213360732, 0.00031966084498, 0.000345105887391, 0.00054626079509, 0.000172822386958, 0.000225165626034, 0.000106963307189, 8.38081978145e-05, 4.44024190074e-05, 3.17385456583e-05, 1.84790333151e-05, 9.78651678452e-06, 5.71625150769e-06, 3.31675596499e-06, 4.01836587116e-06, 2.07364541893e-06],
        "dmean2": [0.00053854502039, 0.00311240716837, 0.00118657248095, 0.00091565499315, 0.00140956556424, 0.00126823480241, 0.00135908368975, 0.0014288534876, 0.00203716033138, 0.00188711972442, 0.00128738326021, 0.000596943602432, 0.000533387123141, 0.000551909732167, 0.00084012869047, 0.00026255386183, 0.000365789106581, 0.000172849860974, 0.000137373775942, 7.18831724953e-05, 5.0913899031e-05, 2.87961811409e-05, 1.51176300278e-05, 8.54533391248e-06, 4.67433437734e-06, 5.35747676622e-06, 2.76014066003e-06],
        "dvar": [4.64999203587e-07, 8.34426100482e-06, 1.39071255489e-06, 1.10608016257e-06, 2.43884915108e-06, 1.38713801334e-06, 2.86510498881e-06, 2.7547434911e-06, 9.23302377487e-06, 7.64449487178e-06, 5.05690104546e-06, 1.22025596738e-06, 5.60893170132e-07, 1.44213299791e-06, 7.20404977983e-06, 8.5149804363e-07, 3.39893887258e-07, 4.98108967406e-08, 2.94240116716e-08, 1.09107345381e-08, 6.42430686426e-09, 2.2118606946e-09, 6.17268847147e-10, 2.54291226964e-10, 6.87488260764e-11, 5.53915968649e-10, 1.32263880404e-10],
        "dvar2": [1.20776076074e-06, 2.35399165831e-05, 3.94716562369e-06, 3.0434753171e-06, 6.2561816776e-06, 3.50961886397e-06, 5.31399700776e-06, 6.90723936714e-06, 2.40824356297e-05, 2.14991341636e-05, 9.77693525783e-06, 2.90773755296e-06, 1.42357487221e-06, 2.89166723633e-06, 1.40330330396e-05, 1.46530476286e-06, 8.34011075312e-07, 1.26097731368e-07, 7.82168712021e-08, 2.7088317367e-08, 1.65763793802e-08, 5.33533661695e-09, 1.4007341953e-09, 5.82513537406e-10, 1.42843140094e-10, 7.26496030001e-10, 2.26792640223e-10],
        "max": [0.0219862367958, 0.0532095134258, 0.021883988753, 0.0197977423668, 0.0316770747304, 0.0290324091911, 0.0548886917531, 0.0600770302117, 0.071878708899, 0.0736121162772, 0.0727567970753, 0.043366920203, 0.0420961305499, 0.0877761170268, 0.125077217817, 0.0676776468754, 0.0304883867502, 0.00854658242315, 0.00577530125156, 0.00310542527586, 0.00229316833429, 0.0017234205734, 0.000997715746053, 0.000768318714108, 0.000297281250823, 0.00127539725509, 0.000645109917969],
        "mean": [0.000446580030257, 0.00275950157084, 0.000971426430624, 0.000750938663259, 0.0016777231358, 0.00165236566681, 0.00201545841992, 0.00144604244269, 0.00211639422923, 0.00214215088636, 0.00294213206507, 0.000623880478088, 0.000511668447871, 0.000681525736582, 0.00121026567649, 0.000389021472074, 0.000406373234, 0.000213334118598, 0.000181294206413, 0.000101743768028, 7.5492382166e-05, 4.37746457465e-05, 2.43677532126e-05, 1.53844212036e-05, 7.77083278081e-06, 6.73270369589e-06, 2.7504290756e-06],
        "median": [0.000144680641824, 0.00165624404326, 0.000558236672077, 0.000298011465929, 0.000926153676119, 0.000844663416501, 0.000793196959421, 0.000647112785373, 0.000580701162107, 0.000590645009652, 0.000404484831961, 0.000244496914092, 0.000166812271345, 0.000177315145265, 0.000172776926775, 0.000107788029709, 0.000175143955857, 0.000124036538182, 7.7267854067e-05, 3.75898816856e-05, 2.1900063075e-05, 1.567120853e-05, 8.47213050292e-06, 5.35396384294e-06, 2.32208913076e-06, 7.68111249272e-07, 1.26141628698e-07],
        "min": [4.72668691114e-24, 2.97690199438e-23, 3.86883499216e-24, 9.4018122958e-24, 2.80887241276e-23, 3.06396478596e-23, 6.16019461403e-23, 7.19246012928e-23, 5.84489385219e-23, 9.35741125975e-23, 1.49218183596e-23, 1.25063483559e-22, 1.08492116026e-22, 9.92729699945e-23, 1.33680103941e-22, 2.13950765259e-22, 1.33772798253e-22, 1.02200237176e-22, 2.45274955058e-22, 2.66764157205e-22, 4.85956795894e-22, 5.258211055e-22, 6.19734630235e-22, 8.45272058253e-22, 1.2720821082e-21, 1.95813441934e-21, 2.44051561798e-21],
        "var": [7.54082691401e-07, 1.25152546389e-05, 1.71089936885e-06, 1.86258876056e-06, 5.37115829502e-06, 5.46768023924e-06, 1.55311063281e-05, 6.63565651848e-06, 2.4711862352e-05, 1.54730769282e-05, 5.33642523806e-05, 2.02725368581e-06, 1.32471063807e-06, 8.06606567494e-06, 2.9684852052e-05, 5.70084148421e-06, 6.74169200465e-07, 9.39560322877e-08, 8.02721871196e-08, 3.3227685492e-08, 2.21221032604e-08, 5.4111004566e-09, 1.98963889808e-09, 1.03470365609e-09, 2.85361012597e-10, 1.56699497822e-09, 2.99335917164e-10]
    },
    "erbbands": {
        "dmean": [0.0622770525515, 0.41075143218, 0.820712268353, 1.18602788448, 2.79854917526, 2.88627123833, 3.70539307594, 7.31091880798, 11.6524772644, 17.8551864624, 20.2820167542, 27.7841835022, 38.2755355835, 27.1193733215, 32.5969734192, 16.3959884644, 14.6922330856, 19.2001209259, 20.1829986572, 24.8805732727, 9.54943656921, 8.25457382202, 5.39133644104, 5.18973588943, 3.55012607574, 2.27886033058, 1.55577754974, 0.931123256683, 0.641953587532, 0.434947222471, 0.279770493507, 0.150456801057, 0.081381700933, 0.0432335026562, 0.0219024904072, 0.0145732425153, 0.00844276696444, 0.00185873941518, 0.000399282260332, 2.5773235393e-05],
        "dmean2": [0.106257490814, 0.69957357645, 1.41282200813, 1.99897217751, 4.5534620285, 4.73455524445, 5.98995733261, 11.7293224335, 17.6676692963, 26.8560848236, 32.8066902161, 45.0552978516, 62.2494354248, 42.8623580933, 47.3911933899, 26.6561088562, 24.3843727112, 30.6479244232, 31.8647499084, 37.7364997864, 15.2883644104, 13.3682804108, 8.69493675232, 8.44895839691, 5.80658197403, 3.67321920395, 2.50846791267, 1.45295667648, 1.00795531273, 0.673693418503, 0.432199388742, 0.230172798038, 0.121773384511, 0.0633734315634, 0.03118628636, 0.0200122855604, 0.0111243929714, 0.00250683305785, 0.000543775036931, 3.54770272679e-05],
        "dvar": [0.0123809901997, 0.405956864357, 1.75829100609, 4.91883182526, 27.4784660339, 29.0405330658, 32.6838569641, 128.658218384, 393.849578857, 1347.75219727, 1749.86157227, 5155.60791016, 7835.43798828, 5777.17626953, 7682.79150391, 2085.47924805, 1263.23779297, 4253.45996094, 7493.08300781, 27598.9707031, 1021.26391602, 345.54385376, 110.367431641, 105.689041138, 73.434173584, 28.8622055054, 16.288394928, 5.87960910797, 3.02157449722, 1.24921631813, 0.560568571091, 0.175543174148, 0.0482740961015, 0.0120740206912, 0.00357731268741, 0.00359086273238, 0.00330885802396, 0.000105279686977, 4.81229744764e-06, 2.10941255574e-08],
        "dvar2": [0.0344967991114, 1.15258657932, 5.04737758636, 13.5756216049, 68.1981048584, 76.5607833862, 85.6713943481, 327.436981201, 824.768127441, 2523.83032227, 4441.93603516, 12857.9277344, 21317.8105469, 16484.2792969, 15477.2011719, 5582.36474609, 3219.62548828, 9009.6796875, 16972.1992188, 59011.1914062, 2174.0300293, 855.817749023, 280.800476074, 280.24520874, 193.964889526, 70.2476425171, 42.6843719482, 14.6452388763, 7.26940917969, 2.92334675789, 1.28029024601, 0.405428916216, 0.114178292453, 0.0273373126984, 0.00740884663537, 0.00506779411808, 0.00435113627464, 0.00015817664098, 8.00119050837e-06, 3.98982358263e-08],
        "max": [2.0680513382, 11.4121417999, 21.1430034637, 52.9428100586, 126.719146729, 130.952301025, 132.09211731, 257.077850342, 707.345153809, 1391.20825195, 1641.29248047, 1878.07019043, 1816.0604248, 2616.48706055, 3516.82397461, 2201.62329102, 2057.51049805, 5086.30908203, 2888.57788086, 9156.38867188, 1624.79663086, 815.382751465, 347.527252197, 267.265319824, 242.324615479, 151.348724365, 139.006866455, 75.3278274536, 62.1311073303, 52.8790969849, 26.278465271, 20.438041687, 9.14102268219, 4.56952142715, 2.72176718712, 3.4083199501, 3.25448822975, 0.466122537851, 0.103138670325, 0.010021969676],
        "mean": [0.0864558517933, 0.585074782372, 1.22692978382, 1.84212720394, 4.70675325394, 5.10302639008, 6.76389551163, 14.5460910797, 24.4671573639, 36.8873252869, 35.2102470398, 49.9005241394, 68.9548416138, 67.6221084595, 105.23059845, 31.6627101898, 25.7501564026, 39.2996520996, 42.560546875, 64.0343780518, 20.3837852478, 16.845079422, 12.0530281067, 11.1603145599, 7.98337221146, 5.43980169296, 3.78981423378, 2.11871886253, 1.52099394798, 1.0661996603, 0.700453519821, 0.389271736145, 0.205329760909, 0.103937059641, 0.0478050559759, 0.0271156169474, 0.013403095305, 0.00281559536234, 0.000525464070961, 5.42482812307e-05],
        "median": [0.0433154143393, 0.340475469828, 0.758752465248, 0.938098549843, 2.0334508419, 2.73948335648, 3.99570345879, 7.00270271301, 10.8830709457, 14.0313997269, 15.9280061722, 14.9473381042, 22.0031471252, 19.7014350891, 20.4921112061, 15.6516551971, 9.23166465759, 11.1188268661, 7.24159765244, 10.0353565216, 8.2922000885, 8.63276767731, 7.36919641495, 5.89366722107, 2.85101079941, 2.05605721474, 1.09447097778, 0.713573515415, 0.55506169796, 0.414199888706, 0.224599018693, 0.135585963726, 0.0675968676805, 0.0332795754075, 0.0129287075251, 0.00450183125213, 0.00124823837541, 0.000226272226428, 3.58041324944e-05, 2.64377686108e-05],
        "min": [9.5859166223e-22, 6.18047381715e-21, 4.78720762875e-21, 2.57368313399e-20, 5.36407207883e-20, 1.01621522859e-19, 1.36281069071e-19, 3.06924797601e-19, 7.1762953601e-19, 7.85225288101e-19, 2.0571564108e-18, 1.53989700592e-18, 2.24182386217e-18, 2.11167712574e-18, 2.45754139898e-18, 3.83356399938e-18, 5.11341341189e-18, 4.99558691031e-18, 5.40335345148e-18, 8.32409882949e-18, 1.32980053359e-17, 7.12461745812e-18, 4.932770401e-18, 1.06751719507e-17, 1.15727423246e-17, 1.16700171103e-17, 1.62859405272e-17, 2.04634408486e-17, 1.65894909966e-17, 1.7440151958e-17, 2.17664620716e-17, 1.81332813348e-17, 1.44013782463e-17, 1.52977806412e-17, 7.99551787477e-18, 6.06463513397e-18, 3.85695832147e-18, 1.36392074125e-18, 3.35707787786e-19, 3.90000084559e-20],
        "var": [0.0176822785288, 0.559788882732, 2.28697443008, 7.71104097366, 66.1467590332, 56.2464904785, 72.6168289185, 463.493011475, 1578.43603516, 7463.86279297, 4439.12792969, 15302.4072266, 14943.1396484, 15701.1367188, 69123.8125, 3568.27099609, 3132.15649414, 22936.8398438, 26847.0742188, 177295.921875, 2938.45825195, 770.509643555, 230.129257202, 254.357818604, 216.910766602, 89.9166793823, 65.1334228516, 13.9160633087, 7.05013847351, 3.13317751884, 1.88995552063, 0.654792189598, 0.180676788092, 0.0468976944685, 0.0133996251971, 0.0121712647378, 0.00881048664451, 0.000271057768259, 1.08746608021e-05, 3.99137540796e-08]
    },
    "gfcc": {
        "mean": [-40.2861557007, 125.271438599, -135.562255859, 18.9777927399, -51.7091178894, 6.73771953583, -24.6370220184, 9.49143505096, -13.5406866074, -3.22260117531, -8.64402675629, 0.609616875648, -6.54917573929],
        "cov": [[17262.6425781, 474.574829102, -1486.14099121, -401.984466553, -930.71270752, -34.9143600464, -389.962249756, 74.9685287476, -261.557128906, 157.150817871, -256.804626465, -46.0615005493, -223.774734497], [474.574829102, 1213.46411133, -294.677398682, -24.9017314911, 23.7884998322, -83.2921676636, 100.763908386, -13.5474805832, 88.0526428223, -164.389663696, 134.926269531, -32.9853096008, 96.6846923828], [-1486.14099121, -294.677398682, 674.305480957, 154.875762939, 139.861984253, 45.5053863525, -9.26944923401, 12.9529771805, -42.5146064758, 69.7443466187, -48.6738929749, 2.07166409492, -60.1818695068], [-401.984466553, -24.9017314911, 154.875762939, 247.795776367, 66.7174301147, 39.3083076477, -49.8742027283, -14.0175647736, 23.9343109131, 29.3598213196, -27.6998615265, -35.2814025879, -10.9567022324], [-930.71270752, 23.7884998322, 139.861984253, 66.7174301147, 200.573074341, 50.7428398132, 32.6227607727, -11.2969350815, 43.7069091797, -7.5424618721, 8.69398117065, -8.14838504791, 18.1232357025], [-34.9143600464, -83.2921676636, 45.5053863525, 39.3083076477, 50.7428398132, 126.70160675, 54.493309021, 15.7923784256, -9.45034885406, 3.04497861862, -2.93219614029, 5.35527515411, -0.532594978809], [-389.962249756, 100.763908386, -9.26944923401, -49.8742027283, 32.6227607727, 54.493309021, 213.178878784, 50.5873298645, -18.2040996552, -65.7866134644, 54.3534622192, 34.9462242126, 31.7112197876], [74.9685287476, -13.5474805832, 12.9529771805, -14.0175647736, -11.2969350815, 15.7923784256, 50.5873298645, 98.9966583252, 22.7475948334, 9.2707862854, 10.5103368759, 13.8892097473, -3.52213788033], [-261.557128906, 88.0526428223, -42.5146064758, 23.9343109131, 43.7069091797, -9.45034885406, -18.2040996552, 22.7475948334, 126.343544006, 39.9021873474, 13.113817215, -26.7781543732, 20.7442417145], [157.150817871, -164.389663696, 69.7443466187, 29.3598213196, -7.5424618721, 3.04497861862, -65.7866134644, 9.2707862854, 39.9021873474, 148.336380005, -3.1578233242, -20.2592220306, -31.5635070801], [-256.804626465, 134.926269531, -48.6738929749, -27.6998615265, 8.69398117065, -2.93219614029, 54.3534622192, 10.5103368759, 13.113817215, -3.1578233242, 99.2148361206, 36.4714508057, 19.8150482178], [-46.0615005493, -32.9853096008, 2.07166409492, -35.2814025879, -8.14838504791, 5.35527515411, 34.9462242126, 13.8892097473, -26.7781543732, -20.2592220306, 36.4714508057, 80.5230484009, 24.0979804993], [-223.774734497, 96.6846923828, -60.1818695068, -10.9567022324, 18.1232357025, -0.532594978809, 31.7112197876, -3.52213788033, 20.7442417145, -31.5635070801, 19.8150482178, 24.0979804993, 78.3499908447]],
        "icov": [[0.000148774590343, -0.00028658087831, 0.000371572532458, 6.17680489086e-05, 0.000253582344158, -0.000355324416887, 0.000193738378584, -0.000260450149653, 0.000493674480822, -0.00062498654006, 0.000880388310179, -0.000540917681064, 0.000482643343275], [-0.00028658087831, 0.00227141031064, -0.000544367008843, -0.000429143430665, -0.00036287252442, 0.00154642190319, -0.000426139944466, 0.000478709989693, -0.00171745801345, 0.00331554282457, -0.00450109643862, 0.00343750347383, -0.00193967565428], [0.000371572532458, -0.000544367008843, 0.00381176453084, -0.00130518444348, -0.00191640376579, 0.000370650639525, -0.000236129708355, -0.00154442759231, 0.00324050360359, -0.00323186488822, 0.00360246445052, -0.00270900432952, 0.00271249492653], [6.17680489086e-05, -0.000429143430665, -0.00130518444348, 0.00609521754086, -0.00019796876586, -0.00265676621348, 0.00213972129859, 7.3738869105e-05, -0.000571141252294, 0.000111712870421, 0.00012841213902, 0.00175518146716, -0.000655248411931], [0.000253582344158, -0.00036287252442, -0.00191640376579, -0.00019796876586, 0.00995015725493, -0.00393269071355, -0.000504909141455, 0.00289935129695, -0.00457194121554, 0.00158556213137, -0.000126268045278, 1.52512784553e-05, -0.000444809818873], [-0.000355324416887, 0.00154642190319, 0.000370650639525, -0.00265676621348, -0.00393269071355, 0.0131060080603, -0.00450293766335, -0.000456548063084, 0.00103699392639, -0.00033033840009, -0.000628882378805, 0.000774919230025, -0.000696144881658], [0.000193738378584, -0.000426139944466, -0.000236129708355, 0.00213972129859, -0.000504909141455, -0.00450293766335, 0.0105140293017, -0.00536799477413, 0.00273344595917, 0.00301775173284, -0.00417195400223, 0.00170465267729, -0.0021907123737], [-0.000260450149653, 0.000478709989693, -0.00154442759231, 7.3738869105e-05, 0.00289935129695, -0.000456548063084, -0.00536799477413, 0.0159169472754, -0.00747865997255, 0.000438860675786, 0.00065151596209, -0.00347171560861, 0.00276370788924], [0.000493674480822, -0.00171745801345, 0.00324050360359, -0.000571141252294, -0.00457194121554, 0.00103699392639, 0.00273344595917, -0.00747865997255, 0.0183338150382, -0.0076596471481, 0.00161805783864, 0.00340188783593, -0.00383474887349], [-0.00062498654006, 0.00331554282457, -0.00323186488822, 0.000111712870421, 0.00158556213137, -0.00033033840009, 0.00301775173284, 0.000438860675786, -0.0076596471481, 0.0165589638054, -0.0102059468627, 0.00634670164436, -0.000586027104873], [0.000880388310179, -0.00450109643862, 0.00360246445052, 0.00012841213902, -0.000126268045278, -0.000628882378805, -0.00417195400223, 0.00065151596209, 0.00161805783864, -0.0102059468627, 0.0264178086072, -0.0154811739922, 0.0061371512711], [-0.000540917681064, 0.00343750347383, -0.00270900432952, 0.00175518146716, 1.52512784553e-05, 0.000774919230025, 0.00170465267729, -0.00347171560861, 0.00340188783593, 0.00634670164436, -0.0154811739922, 0.0272829979658, -0.0112865129486], [0.000482643343275, -0.00193967565428, 0.00271249492653, -0.000655248411931, -0.000444809818873, -0.000696144881658, -0.0021907123737, 0.00276370788924, -0.00383474887349, -0.000586027104873, 0.0061371512711, -0.0112865129486, 0.0223347190768]]
    },
    "melbands": {
        "dmean": [0.000513191043865, 0.000452520733234, 0.00024016671523, 0.000202473020181, 0.000126128550619, 0.000167726568179, 0.000178880611202, 0.000190126229427, 0.000180559931323, 0.000173959560925, 0.000191879138583, 0.00011132616055, 0.000128649582621, 4.88239202241e-05, 3.85675120924e-05, 2.63765687123e-05, 3.9744820242e-05, 3.18507118209e-05, 2.99198163702e-05, 2.39680812228e-05, 1.24115922517e-05, 1.06122715806e-05, 6.8908952926e-06, 6.49273852105e-06, 4.34878757005e-06, 3.11221356242e-06, 1.92408401745e-06, 1.45448541389e-06, 1.19635603824e-06, 7.4646345638e-07, 6.03619866979e-07, 4.05955660199e-07, 3.47067469875e-07, 2.26658784186e-07, 1.98924354322e-07, 1.08011633415e-07, 9.1058069529e-08, 6.24712086505e-08, 5.19065253002e-08, 3.60518228604e-08],
        "dmean2": [0.000871197669767, 0.000776928151026, 0.000398277043132, 0.000329057627823, 0.000203373900149, 0.000266562536126, 0.000268851057626, 0.000290594762191, 0.000292616750812, 0.00028367881896, 0.000312384509016, 0.000178087037057, 0.000185212033102, 7.85284937592e-05, 6.44283500151e-05, 4.35927286162e-05, 6.35949691059e-05, 5.03382398165e-05, 4.60625669803e-05, 3.70797824871e-05, 2.03230702027e-05, 1.73020689545e-05, 1.13407186291e-05, 1.04604041553e-05, 7.14477300789e-06, 5.12699489263e-06, 3.10314817398e-06, 2.36254140873e-06, 1.94116068997e-06, 1.2155207969e-06, 9.50261210164e-07, 6.44033264052e-07, 5.52831068035e-07, 3.55323720669e-07, 3.12888801091e-07, 1.66857091699e-07, 1.41280580124e-07, 9.56831627263e-08, 7.99286965503e-08, 5.37886180041e-08],
        "dvar": [7.40360917462e-07, 4.79409038689e-07, 1.82486118661e-07, 1.51564520934e-07, 3.64275614118e-08, 6.57304681795e-08, 9.02429704297e-08, 1.29825821205e-07, 1.31266318704e-07, 1.82577977625e-07, 1.93531505488e-07, 1.14463212242e-07, 1.02807760527e-07, 2.20020606179e-08, 7.24999837942e-09, 3.17876525102e-09, 2.22653930848e-08, 2.00579250986e-08, 2.52419489755e-08, 2.29825634079e-08, 1.89700410935e-09, 7.92576837494e-10, 2.11624051616e-10, 2.54601617566e-10, 8.67392477288e-11, 5.8201672648e-11, 1.88520640071e-11, 1.18060960314e-11, 1.08823193512e-11, 4.21424180275e-12, 2.15256480175e-12, 1.16327477165e-12, 7.8031157924e-13, 3.18939292294e-13, 3.05252134333e-13, 7.97856518266e-14, 7.48349746429e-14, 2.73629487395e-14, 1.85625322215e-14, 8.33778490992e-15],
        "dvar2": [2.05740207093e-06, 1.37945608003e-06, 4.8675593689e-07, 3.91788887555e-07, 9.64713962048e-08, 1.65853450085e-07, 1.82949776217e-07, 2.56915967611e-07, 3.35069216817e-07, 4.66400081223e-07, 5.27283589236e-07, 3.29765498464e-07, 1.96405139263e-07, 4.8927457641e-08, 1.93974276641e-08, 7.7646005181e-09, 4.62178242344e-08, 4.33694467006e-08, 4.9158149551e-08, 5.11757214383e-08, 4.2261354416e-09, 1.94777660667e-09, 5.62740132271e-10, 6.42316089206e-10, 2.32468239103e-10, 1.53626708577e-10, 4.59246286832e-11, 2.97744433275e-11, 2.8336074806e-11, 1.1229780994e-11, 5.26418231922e-12, 2.86555588286e-12, 1.88445721701e-12, 7.50021843677e-13, 7.12325868863e-13, 1.90321310144e-13, 1.73622360521e-13, 6.69608276162e-14, 4.4866948969e-14, 1.92072310205e-14],
        "max": [0.0162807963789, 0.00994619634002, 0.00836696010083, 0.00824983976781, 0.00484068877995, 0.00634857779369, 0.010586258024, 0.0125842066482, 0.0122141875327, 0.0101700909436, 0.00892556458712, 0.0116206845269, 0.0100745223463, 0.00460037961602, 0.00397318322212, 0.00258624763228, 0.0113054253161, 0.00475649535656, 0.00808659289032, 0.00847604498267, 0.00189631048124, 0.00135892082471, 0.000318528356729, 0.000631908653304, 0.000235292944126, 0.000216234169784, 0.000121633929666, 0.000105155755591, 0.000105540217191, 4.70653358207e-05, 4.18295203417e-05, 3.83354854421e-05, 3.93814661948e-05, 2.45197479671e-05, 1.80302249646e-05, 1.10128084998e-05, 1.32609548018e-05, 6.25989969194e-06, 5.23079461345e-06, 3.402068387e-06],
        "mean": [0.000798658584245, 0.00070686993422, 0.000410321226809, 0.000365637795767, 0.000235019717366, 0.000339232035913, 0.000389475462725, 0.000376957352273, 0.000303440552671, 0.000305971014313, 0.000337438046699, 0.000254475715337, 0.000429517385783, 9.62150152191e-05, 6.56209813314e-05, 4.4542553951e-05, 7.75193839218e-05, 6.2138249632e-05, 7.35484136385e-05, 6.11854411545e-05, 2.12913328141e-05, 1.94445092347e-05, 1.28768142531e-05, 1.18541529446e-05, 8.49006846693e-06, 6.33364606983e-06, 4.28749308412e-06, 3.23446852235e-06, 2.79491428046e-06, 1.37191534577e-06, 1.25587234834e-06, 8.76779665759e-07, 7.68100107962e-07, 5.06120443333e-07, 4.5441987595e-07, 2.65469111582e-07, 2.16598436964e-07, 1.45556285247e-07, 1.18827657047e-07, 7.77515296591e-08],
        "median": [0.00045897718519, 0.00046028388897, 0.000210737169255, 0.000185484313988, 0.000142096963827, 0.000163825097843, 0.000172855492565, 0.000151989719598, 0.000125026126625, 9.10381568247e-05, 0.000101091143733, 6.29935166216e-05, 6.10849019722e-05, 3.33752250299e-05, 2.53617999988e-05, 1.71334813786e-05, 1.83042830031e-05, 9.80728054856e-06, 1.17845556815e-05, 1.0434701835e-05, 8.19065553515e-06, 8.65279343998e-06, 5.98728865953e-06, 6.02299496677e-06, 4.06928029406e-06, 2.08386518352e-06, 1.46223032971e-06, 1.17225420126e-06, 6.74030104619e-07, 4.23220399171e-07, 3.8324748175e-07, 3.20779122376e-07, 2.52826254155e-07, 1.90259342503e-07, 1.30833612388e-07, 9.0422425103e-08, 7.29713747205e-08, 4.70737475666e-08, 3.63589229835e-08, 2.40855886346e-08],
        "min": [8.68613953878e-24, 4.58797952602e-24, 4.45290405652e-24, 6.17600701533e-24, 4.98921903154e-24, 7.2264889066e-24, 1.11920137911e-23, 8.7897359083e-24, 1.57652416182e-23, 9.30551052307e-24, 1.18860204833e-23, 9.60622666672e-24, 4.99676527496e-24, 1.43580999344e-23, 9.09103975332e-24, 1.08443604235e-23, 9.67928149743e-24, 8.29350137815e-24, 1.0824332034e-23, 1.241123303e-23, 1.60215125495e-23, 7.43115255758e-24, 5.5328266312e-24, 4.0819430047e-24, 9.31884779439e-24, 8.30454464196e-24, 8.44659088086e-24, 7.39517103397e-24, 8.80115940307e-24, 1.53215089367e-23, 1.0056828749e-23, 8.04888113346e-24, 1.23828056384e-23, 8.00993585943e-24, 1.37369981893e-23, 9.16196623731e-24, 1.15747604248e-23, 1.03631363387e-23, 9.26605485603e-24, 1.42111493473e-23],
        "var": [1.16729722777e-06, 6.73329452638e-07, 3.58161059921e-07, 3.05314642901e-07, 8.13594738247e-08, 2.52953725521e-07, 3.86808750363e-07, 6.46545231575e-07, 3.42250672247e-07, 5.09278379468e-07, 3.67900383935e-07, 2.6793244956e-07, 1.11550730253e-06, 7.28000273398e-08, 1.6046412199e-08, 7.28258253702e-09, 1.15464509065e-07, 6.57390444303e-08, 1.49835656771e-07, 1.64612458775e-07, 3.04403902085e-09, 1.59517732357e-09, 4.07525291291e-10, 4.32552521579e-10, 1.90801846545e-10, 1.51722218122e-10, 6.95980287291e-11, 3.28156668505e-11, 5.11741968245e-11, 8.52701416421e-12, 5.16504807674e-12, 2.51118808907e-12, 1.83439374801e-12, 7.64215622208e-13, 9.16927449766e-13, 2.99936291082e-13, 2.32213581046e-13, 8.97178991798e-14, 6.62048134413e-14, 2.74608013737e-14]
    },
    "mfcc": {
        "mean": [-671.84954834, 153.303543091, -19.6208496094, 17.4084415436, -4.02797412872, -0.155742615461, -2.21748161316, 9.93500137329, 1.25577700138, 3.03581786156, 0.776778459549, 0.766749620438, 1.8689789772],
        "cov": [[8754.37890625, 363.761779785, -371.42791748, -95.9492340088, -378.502166748, 24.8581981659, -111.555267334, -110.293800354, -89.9833221436, 132.840606689, 78.0353240967, 54.5715904236, -142.165161133], [363.761779785, 979.104248047, -149.554733276, 27.489862442, -28.6643161774, -65.4226989746, 17.5634536743, 108.741294861, -0.204734072089, -30.2525730133, -11.5175580978, 3.098123312, 13.3523483276], [-371.42791748, -149.554733276, 266.395050049, 79.3282623291, 59.0405883789, 31.2555446625, 19.5027580261, -29.1671466827, -0.142999559641, -8.51218032837, 8.3678445816, 5.20311546326, -4.65606880188], [-95.9492340088, 27.489862442, 79.3282623291, 147.988067627, 71.9919586182, 30.5487861633, -7.30871677399, -6.72524404526, 12.0297222137, 0.0588228926063, -2.3603618145, 2.33436226845, 0.161725208163], [-378.502166748, -28.6643161774, 59.0405883789, 71.9919586182, 174.699752808, 48.1273078918, -37.8248405457, -39.2031555176, 12.0944185257, 24.0567569733, 9.11818218231, -7.02642726898, 6.90152168274], [24.8581981659, -65.4226989746, 31.2555446625, 30.5487861633, 48.1273078918, 118.169502258, 29.6573905945, -5.63206243515, 11.1921339035, 9.40683937073, 2.31019210815, -8.13072872162, -3.24381279945], [-111.555267334, 17.5634536743, 19.5027580261, -7.30871677399, -37.8248405457, 29.6573905945, 131.572555542, 76.9616165161, 8.57967281342, -23.0983772278, -5.72828483582, 11.6156539917, 0.63512557745], [-110.293800354, 108.741294861, -29.1671466827, -6.72524404526, -39.2031555176, -5.63206243515, 76.9616165161, 145.485916138, 32.4105644226, -30.5733509064, -20.6005706787, -2.04067707062, 13.9260234833], [-89.9833221436, -0.204734072089, -0.142999559641, 12.0297222137, 12.0944185257, 11.1921339035, 8.57967281342, 32.4105644226, 80.1942138672, 31.2590808868, -5.45498466492, -9.35281848907, 5.85792827606], [132.840606689, -30.2525730133, -8.51218032837, 0.0588228926063, 24.0567569733, 9.40683937073, -23.0983772278, -30.5733509064, 31.2590808868, 100.975250244, 37.8874359131, 4.95990419388, -6.12942504883], [78.0353240967, -11.5175580978, 8.3678445816, -2.3603618145, 9.11818218231, 2.31019210815, -5.72828483582, -20.6005706787, -5.45498466492, 37.8874359131, 82.4686508179, 43.0032043457, -9.64699459076], [54.5715904236, 3.098123312, 5.20311546326, 2.33436226845, -7.02642726898, -8.13072872162, 11.6156539917, -2.04067707062, -9.35281848907, 4.95990419388, 43.0032043457, 87.9701538086, 20.619966507], [-142.165161133, 13.3523483276, -4.65606880188, 0.161725208163, 6.90152168274, -3.24381279945, 0.63512557745, 13.9260234833, 5.85792827606, -6.12942504883, -9.64699459076, 20.619966507, 80.5462799072]],
