{
"lowlevel": {
    "average_loudness": 0.970180273056,
    "barkbands_crest": {
        "dmean": 2.99269366264,
        "dmean2": 4.83603382111,
        "dvar": 7.71173334122,
        "dvar2": 21.4036865234,
        "max": 25.6460647583,
        "mean": 14.6286411285,
        "median": 14.4238367081,
        "min": 3.21595716476,
        "var": 20.1789245605
    },
    "barkbands_flatness_db": {
        "dmean": 0.0351996645331,
        "dmean2": 0.0509609133005,
        "dvar": 0.00137261871714,
        "dvar2": 0.00272519979626,
        "max": 0.486624091864,
        "mean": 0.218038514256,
        "median": 0.221340358257,
        "min": 0.0360690355301,
        "var": 0.00604104623199
    },
    "barkbands_kurtosis": {
        "dmean": 10.8290500641,
        "dmean2": 16.7663631439,
        "dvar": 269.395080566,
        "dvar2": 596.840942383,
        "max": 241.343475342,
        "mean": 18.8642845154,
        "median": 10.5442075729,
        "min": -1.88933253288,
        "var": 680.288208008
    },
    "barkbands_skewness": {
        "dmean": 1.00603187084,
        "dmean2": 1.56135821342,
        "dvar": 1.11683595181,
        "dvar2": 2.6799492836,
        "max": 13.3953905106,
        "mean": 3.18944835663,
        "median": 2.99863123894,
        "min": -6.21115732193,
        "var": 4.39583969116
    },
    "barkbands_spread": {
        "dmean": 8.91345500946,
        "dmean2": 14.3066062927,
        "dvar": 214.906692505,
        "dvar2": 516.975524902,
        "max": 126.5207901,
        "mean": 17.088180542,
        "median": 9.2105178833,
        "min": 0.441927522421,
        "var": 422.08505249
    },
    "dissonance": {
        "dmean": 0.0252722743899,
        "dmean2": 0.0417397022247,
        "dvar": 0.000668044027407,
        "dvar2": 0.00171716080513,
        "max": 0.500000119209,
        "mean": 0.44063642621,
        "median": 0.450726777315,
        "min": 0.0173031687737,
        "var": 0.00225226255134
    },
    "dynamic_complexity": 3.51352381706,
    "erbbands_crest": {
        "dmean": 2.57364082336,
        "dmean2": 4.1338558197,
        "dvar": 5.76163196564,
        "dvar2": 14.9316387177,
        "max": 27.2095775604,
        "mean": 9.3144197464,
        "median": 8.68381023407,
        "min": 2.11821198463,
        "var": 17.5090637207
    },
    "erbbands_flatness_db": {
        "dmean": 0.0281563661993,
        "dmean2": 0.0388652347028,
        "dvar": 0.00115231750533,
        "dvar2": 0.00185156345833,
        "max": 0.41361695528,
        "mean": 0.145900264382,
        "median": 0.157215088606,
        "min": 0.0245897751302,
        "var": 0.00490944180638
    },
    "erbbands_kurtosis": {
        "dmean": 1.04433381557,
        "dmean2": 1.69221746922,
        "dvar": 1.50401079655,
        "dvar2": 3.55141186714,
        "max": 12.7762432098,
        "mean": 0.386393249035,
        "median": -0.113402843475,
        "min": -1.71334707737,
        "var": 3.07069802284
    },
    "erbbands_skewness": {
        "dmean": 0.45917314291,
        "dmean2": 0.724485754967,
        "dvar": 0.173323407769,
        "dvar2": 0.429479330778,
        "max": 3.37228894234,
        "mean": 0.455268263817,
        "median": 0.426335930824,
        "min": -1.70201921463,
        "var": 0.634933710098
    },
    "erbbands_spread": {
        "dmean": 13.6124258041,
        "dmean2": 20.4723682404,
        "dvar": 284.450164795,
        "dvar2": 593.939880371,
        "max": 149.202651978,
        "mean": 47.1627731323,
        "median": 38.3760757446,
        "min": 5.41748762131,
        "var": 842.281555176
    },
    "hfc": {
        "dmean": 13.8615846634,
        "dmean2": 20.2460956573,
        "dvar": 586.395507812,
        "dvar2": 1259.21948242,
        "max": 231.417907715,
        "mean": 27.6077613831,
        "median": 12.7335882187,
        "min": 1.04496562114e-16,
        "var": 1392.39697266
    },
    "melbands_crest": {
        "dmean": 2.40456438065,
        "dmean2": 3.68782806396,
        "dvar": 7.2056593895,
        "dvar2": 17.2534942627,
        "max": 31.5212917328,
        "mean": 20.1417636871,
        "median": 20.9597263336,
        "min": 1.00335073471,
        "var": 31.724811554
    },
    "melbands_flatness_db": {
        "dmean": 0.0386046618223,
        "dmean2": 0.0557867698371,
        "dvar": 0.00166272383649,
        "dvar2": 0.00334324338473,
        "max": 0.621640443802,
        "mean": 0.320395588875,
        "median": 0.330494493246,
        "min": -2.15716070784e-07,
        "var": 0.0100938035175
    },
    "melbands_kurtosis": {
        "dmean": 22.8372383118,
        "dmean2": 35.8629493713,
        "dvar": 1021.83154297,
        "dvar2": 2334.44555664,
        "max": 583.075805664,
        "mean": 46.7428588867,
        "median": 33.7037963867,
        "min": -1.47853934765,
        "var": 2747.56469727
    },
    "melbands_skewness": {
        "dmean": 1.26403069496,
        "dmean2": 1.96934902668,
        "dvar": 1.70441877842,
        "dvar2": 4.02868413925,
        "max": 17.5155906677,
        "mean": 4.85208845139,
        "median": 4.66409397125,
        "min": -0.658160626888,
        "var": 6.48463201523
    },
    "melbands_spread": {
        "dmean": 4.21045637131,
        "dmean2": 6.80702924728,
        "dvar": 63.2279052734,
        "dvar2": 146.975143433,
        "max": 200.596496582,
        "mean": 11.4061946869,
        "median": 5.50068426132,
        "min": 0.513359367847,
        "var": 419.428985596
    },
    "pitch_salience": {
        "dmean": 0.085523173213,
        "dmean2": 0.138005688787,
        "dvar": 0.00724141998217,
        "dvar2": 0.0200758427382,
        "max": 0.997036039829,
        "mean": 0.393029749393,
        "median": 0.376346170902,
        "min": 0.090672634542,
        "var": 0.015448003076
    },
    "silence_rate_20dB": {
        "dmean": 0,
        "dmean2": 0,
        "dvar": 0,
        "dvar2": 0,
        "max": 1,
        "mean": 1,
        "median": 1,
        "min": 1,
        "var": 0
    },
    "silence_rate_30dB": {
        "dmean": 0.101433880627,
        "dmean2": 0.202885717154,
        "dvar": 0.0911541059613,
        "dvar2": 0.171091035008,
        "max": 1,
        "mean": 0.779715001583,
        "median": 1,
        "min": 0,
        "var": 0.171774357557
    },
    "silence_rate_60dB": {
        "dmean": 0.0136307310313,
        "dmean2": 0.0271753557026,
        "dvar": 0.0134441340342,
        "dvar2": 0.0305052734911,
        "max": 1,
        "mean": 0.0490308888257,
        "median": 0,
        "min": 0,
        "var": 0.0466327182949
    },
    "spectral_centroid": {
        "dmean": 231.083129883,
        "dmean2": 361.149230957,
        "dvar": 180719.90625,
        "dvar2": 356111.15625,
        "max": 12169.1435547,
        "mean": 961.32800293,
        "median": 607.32421875,
        "min": 88.5438919067,
        "var": 2227564.75
    },
    "spectral_complexity": {
        "dmean": 2.30323958397,
        "dmean2": 3.76825714111,
        "dvar": 8.44115924835,
        "dvar2": 19.0902557373,
        "max": 41,
        "mean": 11.4831399918,
        "median": 11,
        "min": 0,
        "var": 25.8052005768
    },
    "spectral_decrease": {
        "dmean": 6.94490687181e-09,
        "dmean2": 1.00687032045e-08,
        "dvar": 8.28367715994e-17,
        "dvar2": 1.83691892751e-16,
        "max": 1.02658821114e-13,
        "mean": -1.66035878379e-08,
        "median": -1.11498010824e-08,
        "min": -9.21070366644e-08,
        "var": 2.54081323284e-16
    },
    "spectral_energy": {
        "dmean": 0.0268727727234,
        "dmean2": 0.0386953689158,
        "dvar": 0.00119322363753,
        "dvar2": 0.00263719353825,
        "max": 0.352268993855,
        "mean": 0.0651695132256,
        "median": 0.0440094098449,
        "min": 9.98406029999e-21,
        "var": 0.00376037461683
    },
    "spectral_energyband_high": {
        "dmean": 0.000959472439718,
        "dmean2": 0.00141787587199,
        "dvar": 3.60504873242e-06,
        "dvar2": 7.73828469391e-06,
        "max": 0.0175917483866,
        "mean": 0.00136296940036,
        "median": 5.07248223585e-05,
        "min": 6.7330720677e-21,
        "var": 8.14828581497e-06
    },
    "spectral_energyband_low": {
        "dmean": 0.0257056411356,
        "dmean2": 0.0380831621587,
        "dvar": 0.00123475841247,
        "dvar2": 0.00284495879896,
        "max": 0.347063064575,
        "mean": 0.0523957200348,
        "median": 0.032532915473,
        "min": 8.65949576171e-24,
        "var": 0.00327699445188
    },
    "spectral_energyband_middle_high": {
        "dmean": 0.000913209747523,
        "dmean2": 0.00148920551874,
        "dvar": 1.04512218968e-06,
        "dvar2": 2.88696173811e-06,
        "max": 0.0135005721822,
        "mean": 0.00227617309429,
        "median": 0.00142155948561,
        "min": 1.12416430185e-21,
        "var": 4.69037468065e-06
    },
    "spectral_energyband_middle_low": {
        "dmean": 0.00410006614402,
        "dmean2": 0.00633616792038,
        "dvar": 3.48923276761e-05,
        "dvar2": 8.58962157508e-05,
        "max": 0.0996749028563,
        "mean": 0.0104232355952,
        "median": 0.00818954966962,
        "min": 1.61690623554e-22,
        "var": 7.95412852312e-05
    },
    "spectral_entropy": {
        "dmean": 0.326609402895,
        "dmean2": 0.436546444893,
        "dvar": 0.188172802329,
        "dvar2": 0.319411486387,
        "max": 9.83050823212,
        "mean": 7.02562236786,
        "median": 6.79105997086,
        "min": 4.03978776932,
        "var": 0.891088604927
    },
    "spectral_flux": {
        "dmean": 0.036629140377,
        "dmean2": 0.0557391680777,
        "dvar": 0.00200023548678,
        "dvar2": 0.00426573073491,
        "max": 0.396452814341,
        "mean": 0.0917627215385,
        "median": 0.0756220296025,
        "min": 6.42027542241e-11,
        "var": 0.0045018075034
    },
    "spectral_kurtosis": {
        "dmean": 4.32494020462,
        "dmean2": 6.81369638443,
        "dvar": 36.9855461121,
        "dvar2": 79.7319488525,
        "max": 231.262710571,
        "mean": 10.604186058,
        "median": 8.18111610413,
        "min": -1.27962994576,
        "var": 220.327789307
    },
    "spectral_rms": {
        "dmean": 0.00146229576785,
        "dmean2": 0.00208062818274,
        "dvar": 2.63817628365e-06,
        "dvar2": 5.92697733737e-06,
        "max": 0.0185385290533,
        "mean": 0.00712416647002,
        "median": 0.00655255746096,
        "min": 3.1209848074e-12,
        "var": 1.28261290229e-05
    },
    "spectral_rolloff": {
        "dmean": 689.891601562,
        "dmean2": 1245.46582031,
        "dvar": 4097842,
        "dvar2": 10286151,
        "max": 19638.28125,
        "mean": 1305.58544922,
        "median": 258.3984375,
        "min": 64.599609375,
        "var": 11378215
    },
    "spectral_skewness": {
        "dmean": 0.427496492863,
        "dmean2": 0.654658079147,
        "dvar": 0.205216363072,
        "dvar2": 0.433981448412,
        "max": 12.6164588928,
        "mean": 2.28411316872,
        "median": 2.19824290276,
        "min": -0.109797537327,
        "var": 1.30540120602
    },
    "spectral_spread": {
        "dmean": 1318794.5,
        "dmean2": 1851751.125,
        "dvar": 5.1034718208e+12,
        "dvar2": 8.29207661773e+12,
        "max": 52471464,
        "mean": 5870485.5,
        "median": 3187663.5,
        "min": 469440.6875,
        "var": 3.4840275583e+13
    },
    "spectral_strongpeak": {
        "dmean": 0.256870061159,
        "dmean2": 0.39920347929,
        "dvar": 0.142433956265,
        "dvar2": 0.342832505703,
        "max": 5.7432756424,
        "mean": 0.723677754402,
        "median": 0.578414916992,
        "min": 0,
        "var": 0.328807502985
    },
    "zerocrossingrate": {
        "dmean": 0.0170555282384,
        "dmean2": 0.0221587717533,
        "dvar": 0.000760459864978,
        "dvar2": 0.00117487809621,
        "max": 0.52197265625,
        "mean": 0.0542150773108,
        "median": 0.0234375,
        "min": 0.00244140625,
        "var": 0.00682779494673
    },
    "barkbands": {
        "dmean": [9.7880300018e-05, 0.0151845281944, 0.0121338749304, 0.00144212273881, 0.00239579495974, 0.000665579747874, 0.000506300944835, 0.000617326877546, 0.000465532590169, 0.000133603185532, 0.00015159623581, 0.000333807052812, 0.000148449689732, 9.90066619124e-05, 0.000135388065246, 7.58310125093e-05, 0.000146118938574, 7.26884245523e-05, 4.9033191317e-05, 4.4615168008e-05, 5.91615498706e-05, 6.75446062814e-05, 8.0750505731e-05, 0.000110114371637, 0.000154779656441, 0.000218162807869, 0.000282266002614],
        "dmean2": [0.00018699595239, 0.0256852656603, 0.0157651137561, 0.00228659715503, 0.00369890639558, 0.00103509926703, 0.000811282719951, 0.00103949429467, 0.000819087959826, 0.00020814416348, 0.00024667326943, 0.000560046057217, 0.000256701197941, 0.000154565073899, 0.000204020703677, 0.000125588921946, 0.000252862111665, 0.000124280137243, 7.99357585493e-05, 7.09412342985e-05, 9.26147477003e-05, 0.000105053244624, 0.00012611434795, 0.000170189203345, 0.000240615467192, 0.00033636612352, 0.000433098408394],
        "dvar": [1.77647919486e-07, 0.000509523437358, 0.00049376784591, 7.15211172064e-06, 1.42879516716e-05, 1.15778220788e-06, 1.10778466933e-06, 1.5129513713e-06, 2.18507011596e-06, 8.66912799324e-08, 8.81808759345e-08, 2.54399623145e-07, 8.45450074394e-08, 4.93741403318e-08, 1.08067496285e-07, 4.2894445329e-08, 1.34468976398e-07, 4.24305106606e-08, 6.77543043892e-09, 6.82383971551e-09, 1.29659367687e-08, 1.89629254521e-08, 2.73192100053e-08, 5.13280120629e-08, 9.89181145883e-08, 1.93438395968e-07, 3.17675613815e-07],
        "dvar2": [5.26745509433e-07, 0.00154102325905, 0.000611901807133, 1.86663201021e-05, 3.46953784174e-05, 2.90487719212e-06, 2.73197565548e-06, 4.25597272624e-06, 6.45439877189e-06, 1.90436779235e-07, 2.20821519292e-07, 7.09152232048e-07, 2.51117796779e-07, 1.03304280685e-07, 2.39922655965e-07, 1.20218786037e-07, 4.17019691668e-07, 1.4079718369e-07, 1.47944492213e-08, 1.53929349267e-08, 2.79498379996e-08, 4.08844478272e-08, 5.85201220815e-08, 1.10717110147e-07, 2.17940694824e-07, 4.24420903755e-07, 6.95948926932e-07],
        "max": [0.00568007631227, 0.180977657437, 0.246812343597, 0.0436365641654, 0.071804895997, 0.0175850577652, 0.017555937171, 0.0188846439123, 0.0260205864906, 0.00434463052079, 0.00785217992961, 0.0127839297056, 0.00668563274667, 0.00613750517368, 0.00640554027632, 0.00318213715218, 0.0044247880578, 0.0037817908451, 0.00273408507928, 0.00119703134988, 0.00152610929217, 0.00166151137091, 0.00218037026934, 0.00284209498204, 0.00320125836879, 0.00456138513982, 0.00523430574685],
        "mean": [0.000114247486636, 0.0279159601778, 0.0230927523226, 0.00234321504831, 0.00471659097821, 0.00125147623476, 0.000691006833222, 0.000833967525978, 0.000546279188711, 0.00025322244619, 0.000246950279688, 0.000729109102394, 0.000244616036071, 0.000168957034475, 0.000184739707038, 0.000103642756585, 0.000171546635102, 9.49012610363e-05, 7.26736543584e-05, 6.32916489849e-05, 8.76309422893e-05, 9.55882642302e-05, 0.000113656999019, 0.000151866785018, 0.000210750265978, 0.000293973134831, 0.000377098476747],
        "median": [3.05724497593e-05, 0.0168323535472, 0.00944470521063, 0.000950259563979, 0.00315987784415, 0.000679171294905, 0.000229885743465, 0.000308895949274, 0.000219819135964, 6.74482798786e-05, 8.48419513204e-05, 0.000177437555976, 7.39438764867e-05, 5.96900608798e-05, 4.06073886552e-05, 3.96299437853e-05, 1.38117275128e-05, 3.47504355886e-05, 3.59393889084e-05, 1.43253764691e-05, 1.76142020791e-05, 6.77976004226e-06, 5.8768132476e-06, 2.81085976894e-06, 1.98727730094e-06, 9.838618098e-07, 4.84088900521e-07],
        "min": [2.49661558905e-25, 1.73070126706e-24, 1.65921133917e-24, 8.80969487806e-25, 5.61524524086e-24, 9.22294518529e-24, 7.39354124734e-24, 4.69069947108e-24, 1.30835965344e-23, 1.1542262511e-23, 7.6467214217e-24, 2.07928525378e-23, 2.77048328567e-23, 3.68481378004e-23, 2.91042026828e-23, 6.72420302445e-23, 5.69041784755e-23, 8.30687383267e-23, 1.13011758898e-22, 1.4518482614e-22, 2.57120995282e-22, 3.44464457258e-22, 3.88142385537e-22, 5.58292286433e-22, 8.09646544415e-22, 1.21066465454e-21, 1.90501754945e-21],
        "var": [1.01537885655e-07, 0.000738861504942, 0.00181850476656, 1.24705838971e-05, 2.82627188426e-05, 2.27682539844e-06, 1.56900182446e-06, 1.9372200768e-06, 1.60036086072e-06, 2.79854816654e-07, 3.55863306822e-07, 1.86515808309e-06, 3.32310179374e-07, 1.24392641965e-07, 1.86058201734e-07, 6.05917307439e-08, 1.83819409472e-07, 5.70866482974e-08, 1.24457084638e-08, 1.29634347701e-08, 2.8006544639e-08, 4.17103223072e-08, 6.08195449558e-08, 1.11015658888e-07, 2.09107369642e-07, 3.99636576276e-07, 6.46059902465e-07]
    },
    "erbbands": {
        "dmean": [0.160393163562, 4.28534650803, 13.907377243, 8.00043582916, 6.9231004715, 7.42664289474, 10.2381134033, 5.30919742584, 5.89948558807, 9.23565769196, 14.3668689728, 10.6150302887, 6.07771015167, 5.18966007233, 6.83914661407, 13.0574808121, 6.33661794662, 5.26096630096, 6.36397695541, 5.47200536728, 8.05425357819, 4.81519031525, 4.48440217972, 2.38103270531, 2.43393874168, 2.18149852753, 2.3611600399, 2.37234354019, 2.41051244736, 2.40912890434, 2.32623434067, 2.19020223618, 1.93213522434, 1.60054600239, 1.20001745224, 0.786683499813, 0.42181172967, 0.173574253917, 0.0436300113797, 0.00388052454218],
        "dmean2": [0.268006443977, 7.17992448807, 19.2712612152, 10.3220472336, 11.1053953171, 12.0178918839, 15.0025672913, 8.30366802216, 9.1871137619, 15.2208204269, 24.3354244232, 18.7914714813, 10.1879291534, 8.11726570129, 11.208562851, 22.0128574371, 10.9555797577, 8.56456279755, 9.31862926483, 8.59174060822, 13.6131277084, 8.22880363464, 7.74304866791, 3.90437555313, 3.94669914246, 3.47558498383, 3.74554252625, 3.70246362686, 3.78817391396, 3.77954983711, 3.63078927994, 3.40899801254, 3.00738453865, 2.50424838066, 1.88597881794, 1.22470200062, 0.657917261124, 0.270441770554, 0.0680238381028, 0.00602870993316],
        "dvar": [0.050058607012, 40.3928871155, 482.649017334, 310.80178833, 128.529800415, 157.778625488, 275.69909668, 92.760848999, 188.813720703, 349.994049072, 1017.97088623, 1257.03381348, 185.657409668, 80.6307220459, 111.8646698, 462.799224854, 168.124450684, 101.928451538, 260.147125244, 281.105163574, 306.810424805, 111.65839386, 143.388839722, 19.2822380066, 16.3967266083, 16.3917827606, 19.9060401917, 22.9789466858, 24.2646808624, 24.5484714508, 22.8624420166, 20.6825771332, 16.0809402466, 10.7563848495, 6.00101184845, 2.55915808678, 0.7234416008, 0.123167678714, 0.00772540131584, 5.97647231189e-05],
        "dvar2": [0.151424601674, 120.964691162, 807.966125488, 418.831207275, 316.202423096, 419.177490234, 599.432678223, 224.21182251, 452.685943604, 910.248901367, 2911.38378906, 3714.49438477, 535.099914551, 176.37059021, 295.085845947, 1295.97460938, 508.994781494, 254.887985229, 519.036682129, 688.118103027, 897.805358887, 345.423370361, 476.782470703, 48.1913986206, 37.3520622253, 37.272808075, 44.6286888123, 49.8264312744, 53.0352859497, 53.298160553, 49.1384277344, 44.8999252319, 35.1660385132, 23.6298828125, 13.4376974106, 5.65500974655, 1.5941696167, 0.274316042662, 0.0169584341347, 0.000132268411107],
        "max": [2.13501477242, 51.8491363525, 269.684173584, 234.914642334, 208.488372803, 236.400848389, 229.234924316, 143.197296143, 307.141174316, 267.513702393, 429.151733398, 616.606872559, 209.36656189, 157.153198242, 259.402648926, 432.108184814, 334.901153564, 252.311691284, 411.278656006, 367.640533447, 206.473724365, 190.940765381, 212.544296265, 151.254074097, 106.964004517, 74.5195922852, 57.0450057983, 58.5180282593, 63.1091384888, 59.5511627197, 61.9808807373, 63.0401611328, 53.7731933594, 35.5347251892, 26.2329463959, 17.4869823456, 8.90599250793, 3.50847816467, 0.907108724117, 0.0771637186408],
        "mean": [0.403150856495, 7.68551826477, 27.2953338623, 15.4953727722, 10.4584293365, 13.729637146, 21.1539402008, 9.7061958313, 9.1201839447, 12.8306179047, 18.5935955048, 12.4796009064, 9.55149745941, 10.2671470642, 15.5962028503, 27.5148773193, 11.8697242737, 9.05806922913, 10.2834835052, 7.52337408066, 10.2786636353, 6.28343486786, 5.84267759323, 3.5373840332, 3.74939084053, 3.14666938782, 3.44368004799, 3.37790513039, 3.40414118767, 3.33684754372, 3.26621747017, 3.02282238007, 2.62644100189, 2.16615867615, 1.60148692131, 1.04747796059, 0.560773611069, 0.229255735874, 0.0579064153135, 0.00515380129218],
        "median": [0.424019187689, 4.43998622894, 12.9226503372, 4.557264328, 5.76437997818, 9.18724918365, 9.98220729828, 5.08061170578, 3.23409223557, 6.16089105606, 6.31431007385, 4.92270755768, 4.35223722458, 3.80862951279, 5.97849702835, 6.88042354584, 4.1624121666, 3.83544492722, 3.22250962257, 1.97912168503, 2.62254595757, 1.10493087769, 2.0518553257, 1.51161026955, 1.72590267658, 0.778201520443, 0.788276612759, 0.38079854846, 0.314637690783, 0.128438934684, 0.166600838304, 0.0902535542846, 0.0302908197045, 0.0310200359672, 0.00913921929896, 0.00481657404453, 0.00145763845649, 0.000471450592158, 0.000112396519398, 0.000112972171337],
        "min": [4.85334965241e-23, 4.780906536e-22, 1.96372313913e-21, 2.18862155195e-21, 1.19336216062e-20, 1.60416800247e-20, 1.48101195681e-20, 9.15714076632e-20, 8.60831159977e-20, 1.22381332853e-19, 2.20606019139e-19, 3.26374553838e-19, 4.16018184772e-19, 6.21307507304e-19, 6.36477379353e-19, 1.08469486194e-18, 1.59304108553e-18, 1.81440909311e-18, 1.82196021812e-18, 2.4661035455e-18, 2.7735789869e-18, 3.77861439129e-18, 5.4571797483e-18, 5.70950292235e-18, 6.25461122371e-18, 6.87586356841e-18, 8.07638884172e-18, 9.82629521784e-18, 1.11941756727e-17, 9.63130227768e-18, 1.01248048486e-17, 1.00880482509e-17, 9.46704157882e-18, 7.48875228993e-18, 6.05944622999e-18, 3.29802018065e-18, 2.03465234185e-18, 9.0905681074e-19, 2.35409165833e-19, 2.6972749035e-20],
        "var": [0.0878085568547, 61.6619987488, 1589.85766602, 1116.94934082, 175.212188721, 249.730773926, 694.71105957, 177.473846436, 284.652923584, 437.298919678, 1164.67675781, 913.506530762, 239.796569824, 311.103942871, 724.577453613, 2688.76074219, 757.457946777, 249.116287231, 542.262145996, 430.412414551, 451.496673584, 167.97265625, 192.56892395, 33.266078949, 30.7624549866, 30.9320106506, 40.2960891724, 48.2724647522, 52.1112937927, 52.2951202393, 50.7770195007, 44.2240600586, 33.6951408386, 22.4013442993, 12.2160081863, 5.1883893013, 1.4586789608, 0.244015663862, 0.0153951765969, 0.000118308525998]
    },
    "gfcc": {
        "mean": [-38.0839805603, 104.77394104, -68.1809387207, 22.0443172455, -30.4152393341, 11.1677885056, -18.9348888397, 2.62575864792, -17.2249946594, -0.799200952053, -8.14661026001, -1.12140452862, -10.353811264],
        "cov": [[32001.578125, -739.089233398, 163.93800354, 660.320495605, -469.0625, 614.674560547, -472.945739746, 234.877456665, -395.831390381, 197.428970337, -385.283203125, 140.921829224, -337.57522583], [-739.089233398, 4216.33251953, -1140.67382812, 364.730621338, 173.466781616, -19.8679332733, 194.779586792, -117.880729675, 51.1503601074, -178.969268799, 205.711761475, -155.043289185, 59.5791168213], [163.93800354, -1140.67382812, 1524.7130127, 145.391723633, 208.237167358, 119.264450073, 56.3891525269, 52.093170166, 37.1134109497, 82.3079833984, -80.4229660034, 28.9384460449, -19.4837112427], [660.320495605, 364.730621338, 145.391723633, 383.137054443, 167.480667114, 75.7789077759, 94.079284668, 28.1919536591, 25.92537117, 6.11424732208, 41.9444351196, -12.8976917267, 6.06403255463], [-469.0625, 173.466781616, 208.237167358, 167.480667114, 258.687652588, 103.527648926, 96.1222915649, 40.6828117371, 57.6714401245, 12.6904439926, 31.4681472778, 8.20288658142, 5.78194475174], [614.674560547, -19.8679332733, 119.264450073, 75.7789077759, 103.527648926, 162.388336182, 78.0607376099, 24.4528198242, 11.8716697693, 38.7443618774, 9.49748802185, 7.70862102509, -8.86524486542], [-472.945739746, 194.779586792, 56.3891525269, 94.079284668, 96.1222915649, 78.0607376099, 137.727371216, 38.4724960327, 26.8389873505, 11.6539802551, 41.8636207581, -10.8091421127, -5.58028459549], [234.877456665, -117.880729675, 52.093170166, 28.1919536591, 40.6828117371, 24.4528198242, 38.4724960327, 88.2848052979, 39.2529335022, 15.8606014252, -1.30415475368, 14.0721502304, -13.4954042435], [-395.831390381, 51.1503601074, 37.1134109497, 25.92537117, 57.6714401245, 11.8716697693, 26.8389873505, 39.2529335022, 85.64402771, 25.9842090607, 8.62613105774, -0.193341806531, 13.5566720963], [197.428970337, -178.969268799, 82.3079833984, 6.11424732208, 12.6904439926, 38.7443618774, 11.6539802551, 15.8606014252, 25.9842090607, 77.4525985718, 19.3595352173, 10.2720890045, 3.01633262634], [-385.283203125, 205.711761475, -80.4229660034, 41.9444351196, 31.4681472778, 9.49748802185, 41.8636207581, -1.30415475368, 8.62613105774, 19.3595352173, 76.2920074463, 18.9782218933, 2.13040924072], [140.921829224, -155.043289185, 28.9384460449, -12.8976917267, 8.20288658142, 7.70862102509, -10.8091421127, 14.0721502304, -0.193341806531, 10.2720890045, 18.9782218933, 66.8799591064, 19.9190196991], [-337.57522583, 59.5791168213, -19.4837112427, 6.06403255463, 5.78194475174, -8.86524486542, -5.58028459549, -13.4954042435, 13.5566720963, 3.01633262634, 2.13040924072, 19.9190196991, 73.870262146]],
        "icov": [[8.50518772495e-05, -8.87349524419e-05, 3.24780853589e-06, -0.000332348543452, 0.000360418489436, -0.000534708262421, 0.00057325605303, -0.000470501341624, 0.000415325805079, -0.000427590013715, 0.000617377809249, -0.000469828402856, 0.00040347041795], [-8.87349524419e-05, 0.000683379592374, 0.000297533959383, 2.02890096261e-05, -0.000497331144288, 0.000205393036595, -0.0005813849275, 0.00102123944089, -0.00116538268048, 0.00209377449937, -0.00234572216868, 0.00202001864091, -0.00102230510674], [3.24780853589e-06, 0.000297533959383, 0.00126468809322, -0.00050933851162, -0.00111662247218, 0.000747710233554, -0.00127904431429, 0.00127035344485, -4.78145193483e-05, -0.00138118118048, 0.002531087026, -0.00111726124305, 0.000756288412958], [-0.000332348543452, 2.02890096261e-05, -0.00050933851162, 0.0056179324165, -0.00336069543846, 0.00164145743474, -0.00202161376365, -9.40982135944e-06, 1.02008079921e-05, 0.00172525108792, -0.00436203740537, 0.00375108793378, -0.00278305169195], [0.000360418489436, -0.000497331144288, -0.00111662247218, -0.00336069543846, 0.0111319422722, -0.00701926089823, 0.0021628185641, -0.00235952204093, -0.00366576737724, 0.0029473262839, -0.00089110218687, -0.00237527978607, 0.00126673665363], [-0.000534708262421, 0.000205393036595, 0.000747710233554, 0.00164145743474, -0.00701926089823, 0.0183783601969, -0.0130045916885, 0.00643873633817, 0.00141685327981, -0.00831209216267, 0.00748650357127, -0.00439375452697, 0.00145044527017], [0.00057325605303, -0.0005813849275, -0.00127904431429, -0.00202161376365, 0.0021628185641, -0.0130045916885, 0.0251653138548, -0.0135175026953, 0.00301237823442, 0.00491833826527, -0.0129403257743, 0.00935892574489, -0.00228536198847], [-0.000470501341624, 0.00102123944089, 0.00127035344485, -9.40982135944e-06, -0.00235952204093, 0.00643873633817, -0.0135175026953, 0.026737479493, -0.012289300561, -0.000952190894168, 0.00811056047678, -0.00968853291124, 0.00685581285506], [0.000415325805079, -0.00116538268048, -4.78145193483e-05, 1.02008079921e-05, -0.00366576737724, 0.00141685327981, 0.00301237823442, -0.012289300561, 0.024747248739, -0.0112112127244, 0.00446846522391, 0.00131412525661, -0.00330322049558], [-0.000427590013715, 0.00209377449937, -0.00138118118048, 0.00172525108792, 0.0029473262839, -0.00831209216267, 0.00491833826527, -0.000952190894168, -0.0112112127244, 0.0313963890076, -0.0225708782673, 0.011900709942, -0.00696188816801], [0.000617377809249, -0.00234572216868, 0.002531087026, -0.00436203740537, -0.00089110218687, 0.00748650357127, -0.0129403257743, 0.00811056047678, 0.00446846522391, -0.0225708782673, 0.04577851668, -0.0266636963934, 0.0131824640557], [-0.000469828402856, 0.00202001864091, -0.00111726124305, 0.00375108793378, -0.00237527978607, -0.00439375452697, 0.00935892574489, -0.00968853291124, 0.00131412525661, 0.011900709942, -0.0266636963934, 0.0365698374808, -0.0156024089083], [0.00040347041795, -0.00102230510674, 0.000756288412958, -0.00278305169195, 0.00126673665363, 0.00145044527017, -0.00228536198847, 0.00685581285506, -0.00330322049558, -0.00696188816801, 0.0131824640557, -0.0156024089083, 0.022505749017]]
    },
    "melbands": {
        "dmean": [0.00289840088226, 0.00689161103219, 0.00135665631387, 0.000512341503054, 0.000358520599548, 0.000114831520477, 9.28426816245e-05, 0.000105289793282, 0.000109246990178, 6.72700116411e-05, 2.99162293231e-05, 2.1429030312e-05, 2.32071324717e-05, 4.1508297727e-05, 1.63161166711e-05, 1.60251875059e-05, 9.0389739853e-06, 1.09550437628e-05, 7.13744066161e-06, 6.00448947807e-06, 1.14834247142e-05, 6.13091651758e-06, 4.45596606369e-06, 4.07359038945e-06, 1.75030004357e-06, 2.14364558815e-06, 1.45232149862e-06, 1.50511766606e-06, 1.60201659583e-06, 1.41301848089e-06, 1.42152634908e-06, 1.41539010201e-06, 1.37323365834e-06, 1.39071835292e-06, 1.370535756e-06, 1.36539642881e-06, 1.38634959512e-06, 1.36898347591e-06, 1.39020642109e-06, 1.37987387916e-06],
        "dmean2": [0.00488476362079, 0.0101033765823, 0.00175229890738, 0.000854405050632, 0.000526818854269, 0.000179252470843, 0.000146144651808, 0.000174083324964, 0.000186170844245, 0.000118603638839, 4.96354332427e-05, 3.32519084623e-05, 3.77845462936e-05, 6.9660389272e-05, 2.77665239992e-05, 2.73015539278e-05, 1.45555077324e-05, 1.60998079082e-05, 1.09307748062e-05, 9.66245897871e-06, 1.96223991225e-05, 1.04912023744e-05, 7.81096332503e-06, 7.01948965798e-06, 2.86480258183e-06, 3.54105009137e-06, 2.33190712606e-06, 2.41181805904e-06, 2.59774355982e-06, 2.23940355681e-06, 2.23586562242e-06, 2.25690610023e-06, 2.16282251131e-06, 2.20766787606e-06, 2.17157889892e-06, 2.15049522012e-06, 2.19333378482e-06, 2.16188618651e-06, 2.18955551645e-06, 2.18896411752e-06],
        "dvar": [1.77331949089e-05, 9.74255090114e-05, 7.46201385482e-06, 8.20966761239e-07, 3.18166627267e-07, 4.16099439349e-08, 4.12706242514e-08, 3.81581521935e-08, 6.55399858829e-08, 4.76017376627e-08, 4.16017131855e-09, 1.55365698085e-09, 1.82164072715e-09, 4.02202982031e-09, 8.26270218912e-10, 9.9732055947e-10, 3.19098414359e-10, 7.67307384297e-10, 3.00185265534e-10, 2.30634289444e-10, 6.61243448885e-10, 2.11349479584e-10, 1.96933011565e-10, 1.62819466243e-10, 1.09441492327e-11, 1.28783641737e-11, 7.12331842817e-12, 8.05476171872e-12, 9.16033828652e-12, 8.20943920482e-12, 8.80700200268e-12, 8.60570729261e-12, 7.93049913933e-12, 8.43423855063e-12, 8.15971509111e-12, 8.10110745847e-12, 8.47456393255e-12, 8.18501429828e-12, 8.47768470008e-12, 8.05806203014e-12],
        "dvar2": [5.4432253819e-05, 0.000214849293116, 9.99991880235e-06, 2.17858678297e-06, 6.82215443248e-07, 1.02131480162e-07, 1.00023605398e-07, 1.01369764138e-07, 1.88473535445e-07, 1.40540578286e-07, 1.18625935741e-08, 3.34073013697e-09, 4.61229143767e-09, 1.1230443242e-08, 2.41138509161e-09, 2.8191966539e-09, 7.68954955266e-10, 1.52673251819e-09, 6.97598701027e-10, 5.73300296125e-10, 1.97355221054e-09, 6.30220375886e-10, 6.58741339254e-10, 5.4516091641e-10, 2.37911287893e-11, 2.90395624214e-11, 1.68744514889e-11, 1.8703606372e-11, 2.1237626241e-11, 1.85180863699e-11, 1.9708654847e-11, 1.96047830747e-11, 1.74438276324e-11, 1.89689479402e-11, 1.81332587834e-11, 1.79290349928e-11, 1.89794707728e-11, 1.83223176214e-11, 1.90106298759e-11, 1.81223300255e-11],
        "max": [0.0321743711829, 0.10989972204, 0.0359508506954, 0.019772477448, 0.0071265255101, 0.00286326371133, 0.00409551803023, 0.00256729638204, 0.00375487376004, 0.00370249268599, 0.000970318273176, 0.000701197481249, 0.00117713608779, 0.00177970423829, 0.000667168351356, 0.000596624158788, 0.000402775622206, 0.000642320024781, 0.000353138922947, 0.00030167013756, 0.000275971309748, 0.000277162820566, 0.000182270799996, 0.000255190680036, 0.000145183759741, 0.000105646970042, 4.00638637075e-05, 4.75948254461e-05, 4.61480121885e-05, 3.726227078e-05, 4.45775076514e-05, 3.74816336262e-05, 3.48704052158e-05, 3.48653484252e-05, 4.11242217524e-05, 4.09855310863e-05, 3.78042968805e-05, 3.99281707359e-05, 3.33488897013e-05, 3.21319748764e-05],
        "mean": [0.00568261463195, 0.0134631432593, 0.00275669060647, 0.000803225964773, 0.000772810599301, 0.000211366394069, 0.00013969297288, 0.000149598316057, 0.000138713381602, 7.7697688539e-05, 4.7243109293e-05, 4.14835230913e-05, 4.4739619625e-05, 9.0566027211e-05, 3.33224779752e-05, 2.61957738985e-05, 1.47874052345e-05, 1.73376429302e-05, 9.97491952148e-06, 8.1281268649e-06, 1.38561244967e-05, 7.36096262699e-06, 5.17427270097e-06, 5.23283915754e-06, 2.40920689976e-06, 3.16911132359e-06, 2.08082724384e-06, 2.03626473194e-06, 2.25603935178e-06, 1.9217436602e-06, 1.94726885638e-06, 1.91548815565e-06, 1.86154625226e-06, 1.855046321e-06, 1.86421004855e-06, 1.8567608322e-06, 1.84593443464e-06, 1.81067161975e-06, 1.82971757567e-06, 1.82146106908e-06],
        "median": [0.0042838496156, 0.00720963953063, 0.00106131483335, 0.000457670539618, 0.000385802355595, 0.000111760607979, 5.16628715559e-05, 7.21651740605e-05, 4.33755230915e-05, 2.98869872495e-05, 2.02430819627e-05, 1.38372288347e-05, 1.54346016643e-05, 2.23176211875e-05, 7.93096387497e-06, 8.07184187579e-06, 5.58822603125e-06, 4.61998342871e-06, 2.49793379226e-06, 2.13651787817e-06, 2.68737176157e-06, 9.08887102469e-07, 9.42943813698e-07, 1.90654054677e-06, 9.20462184695e-07, 1.66758991327e-06, 6.95784819982e-07, 4.22672968625e-07, 5.77458024509e-07, 2.49611332492e-07, 1.90147801504e-07, 1.74501664674e-07, 1.12379908046e-07, 7.7169154622e-08, 9.62497992418e-08, 7.42827523936e-08, 5.69985587617e-08, 2.11326476318e-08, 2.16729780789e-08, 2.99038198648e-08],
        "min": [4.74465420433e-25, 1.60420209609e-24, 7.3192141812e-25, 1.14615494186e-24, 4.31227362573e-25, 2.29067871658e-24, 1.51112124244e-24, 1.89904576195e-24, 1.26024602103e-24, 1.83256431195e-24, 1.86142636589e-24, 1.91627192032e-24, 1.20746915572e-24, 2.19829127166e-24, 2.66763215305e-24, 2.67466780625e-24, 2.57142267705e-24, 2.10646095976e-24, 2.23128991497e-24, 3.06360680088e-24, 2.18530366293e-24, 3.29912497122e-24, 4.02120347601e-24, 2.96654831333e-24, 3.73794876849e-24, 4.51409718022e-24, 4.12989864799e-24, 4.32073711716e-24, 3.73845363947e-24, 4.72983131071e-24, 4.63747265922e-24, 5.52059376514e-24, 5.77325171359e-24, 4.42324880294e-24, 5.56341116293e-24, 4.96481404171e-24, 4.31385785564e-24, 6.06099740624e-24, 5.82637676239e-24, 5.82991953672e-24],
        "var": [2.31460544455e-05, 0.000267218740191, 2.72171764664e-05, 1.04864182049e-06, 8.2544244151e-07, 8.09961306913e-08, 6.06184826779e-08, 4.91116658452e-08, 7.05498521825e-08, 3.50733522225e-08, 5.99135585588e-09, 5.83921400121e-09, 8.34222291246e-09, 3.06887919521e-08, 5.18325959931e-09, 2.78791234543e-09, 7.7195150272e-10, 1.66612701413e-09, 5.04978003857e-10, 3.72092162637e-10, 9.35232891131e-10, 2.94979818349e-10, 2.3989166209e-10, 2.09563671971e-10, 1.84232611805e-11, 2.30624165598e-11, 1.20127198119e-11, 1.43461952387e-11, 1.69240454984e-11, 1.57171949067e-11, 1.72893522415e-11, 1.69834701857e-11, 1.64610790276e-11, 1.66040532018e-11, 1.6925684812e-11, 1.6874068115e-11, 1.68766424447e-11, 1.63683216287e-11, 1.66659689521e-11, 1.60008083172e-11]
    },
    "mfcc": {
        "mean": [-691.875183105, 150.493331909, 23.8677482605, 27.0976715088, 11.9185247421, 14.2769079208, 11.4997558594, 8.31494140625, 0.275548040867, 3.90105342865, 3.14561080933, 1.43045842648, 2.13152599335],
        "cov": [[9566.08984375, -602.085510254, 1076.33825684, 264.198730469, 457.954711914, 349.908447266, 190.973175049, 158.535064697, 243.230194092, 21.3973312378, 41.5100250244, 262.284942627, 130.652420044], [-602.085510254, 2983.94506836, -384.317626953, 406.140960693, 46.7578544617, 190.218475342, 154.66998291, 145.962768555, -57.5992202759, 67.9684524536, 74.980682373, -61.0155906677, -28.8574390411], [1076.33825684, -384.317626953, 872.506530762, 194.785110474, 222.73727417, 115.121871948, 84.5480957031, 35.935043335, 115.057296753, 24.9655532837, 20.8113956451, 10.4193115234, 3.93070650101], [264.198730469, 406.140960693, 194.785110474, 358.042877197, 174.706588745, 124.589294434, 116.722396851, 94.8320465088, 46.5770378113, 42.8469772339, 61.2571182251, 18.6493606567, -15.3542098999], [457.954711914, 46.7578544617, 222.73727417, 174.706588745, 229.904983521, 121.660301208, 78.8229141235, 71.5358505249, 74.9920043945, 31.381275177, 40.5510940552, 35.3223228455, 23.0340747833], [349.908447266, 190.218475342, 115.121871948, 124.589294434, 121.660301208, 180.740631104, 107.327568054, 55.9319419861, 43.4234085083, 35.0436782837, 41.7842826843, 12.4247198105, -0.49223446846], [190.973175049, 154.66998291, 84.5480957031, 116.722396851, 78.8229141235, 107.327568054, 147.935531616, 75.8516082764, 25.7454471588, 28.7909584045, 57.4828186035, 19.0075340271, -24.4025306702], [158.535064697, 145.962768555, 35.935043335, 94.8320465088, 71.5358505249, 55.9319419861, 75.8516082764, 112.092590332, 49.6816482544, 8.20437145233, 46.246131897, 36.9215164185, 1.00201022625], [243.230194092, -57.5992202759, 115.057296753, 46.5770378113, 74.9920043945, 43.4234085083, 25.7454471588, 49.6816482544, 101.894989014, 38.2849960327, 4.26219987869, 20.7387714386, 26.6012039185], [21.3973312378, 67.9684524536, 24.9655532837, 42.8469772339, 31.381275177, 35.0436782837, 28.7909584045, 8.20437145233, 38.2849960327, 92.5092468262, 29.3786792755, -27.9817008972, 6.77946615219], [41.5100250244, 74.980682373, 20.8113956451, 61.2571182251, 40.5510940552, 41.7842826843, 57.4828186035, 46.246131897, 4.26219987869, 29.3786792755, 111.156845093, 36.2024345398, -47.5538101196], [262.284942627, -61.0155906677, 10.4193115234, 18.6493606567, 35.3223228455, 12.4247198105, 19.0075340271, 36.9215164185, 20.7387714386, -27.9817008972, 36.2024345398, 140.161193848, 22.3758335114], [130.652420044, -28.8574390411, 3.93070650101, -15.3542098999, 23.0340747833, -0.49223446846, -24.4025306702, 1.00201022625, 26.6012039185, 6.77946615219, -47.5538101196, 22.3758335114, 156.770095825]],
