{
"lowlevel": {
    "average_loudness": 0.884050488472,
    "barkbands_crest": {
        "dmean": 2.25478482246,
        "dmean2": 3.3949971199,
        "dvar": 7.23477697372,
        "dvar2": 16.9543399811,
        "max": 26.7856311798,
        "mean": 12.0653171539,
        "median": 12.5807704926,
        "min": 2.36823654175,
        "var": 20.6149482727
    },
    "barkbands_flatness_db": {
        "dmean": 0.0232368484139,
        "dmean2": 0.0342495962977,
        "dvar": 0.000806818774436,
        "dvar2": 0.00170512998011,
        "max": 0.425287842751,
        "mean": 0.140907123685,
        "median": 0.146822988987,
        "min": 0.0292501505464,
        "var": 0.00259993667714
    },
    "barkbands_kurtosis": {
        "dmean": 4.92195034027,
        "dmean2": 7.26986169815,
        "dvar": 62.9350357056,
        "dvar2": 127.139053345,
        "max": 205.281234741,
        "mean": 11.1488380432,
        "median": 5.93974018097,
        "min": -1.91953098774,
        "var": 177.580184937
    },
    "barkbands_skewness": {
        "dmean": 0.759170591831,
        "dmean2": 1.06654179096,
        "dvar": 0.93828868866,
        "dvar2": 1.74401021004,
        "max": 13.7439775467,
        "mean": 2.3073387146,
        "median": 2.23356246948,
        "min": -6.52691316605,
        "var": 4.19665765762
    },
    "barkbands_spread": {
        "dmean": 10.7769136429,
        "dmean2": 16.5398674011,
        "dvar": 279.362213135,
        "dvar2": 589.024230957,
        "max": 106.567405701,
        "mean": 26.3961715698,
        "median": 15.3380966187,
        "min": 0.660502016544,
        "var": 588.567077637
    },
    "dissonance": {
        "dmean": 0.0147189833224,
        "dmean2": 0.0231109559536,
        "dvar": 0.000376118754502,
        "dvar2": 0.000964175153058,
        "max": 0.499999940395,
        "mean": 0.464370816946,
        "median": 0.472101151943,
        "min": 0.130785927176,
        "var": 0.00101255753543
    },
    "dynamic_complexity": 3.95203566551,
    "erbbands_crest": {
        "dmean": 2.23208212852,
        "dmean2": 3.32558202744,
        "dvar": 6.19986200333,
        "dvar2": 13.787981987,
        "max": 32.5704574585,
        "mean": 9.16717720032,
        "median": 7.63718795776,
        "min": 2.26562333107,
        "var": 27.7546672821
    },
    "erbbands_flatness_db": {
        "dmean": 0.0162019524723,
        "dmean2": 0.0234431903809,
        "dvar": 0.000452813110314,
        "dvar2": 0.000768422731198,
        "max": 0.410150140524,
        "mean": 0.113644607365,
        "median": 0.0933922827244,
        "min": 0.0481481924653,
        "var": 0.00283282482997
    },
    "erbbands_kurtosis": {
        "dmean": 1.25487399101,
        "dmean2": 1.88163256645,
        "dvar": 6.02149152756,
        "dvar2": 11.8514976501,
        "max": 78.9667892456,
        "mean": 0.639677107334,
        "median": -0.387749433517,
        "min": -1.73649716377,
        "var": 14.9015302658
    },
    "erbbands_skewness": {
        "dmean": 0.457600831985,
        "dmean2": 0.6276512146,
        "dvar": 0.24436070025,
        "dvar2": 0.463706165552,
        "max": 8.35457897186,
        "mean": 0.0628146380186,
        "median": 0.172318309546,
        "min": -6.56244468689,
        "var": 1.14690279961
    },
    "erbbands_spread": {
        "dmean": 11.6969680786,
        "dmean2": 17.6040248871,
        "dvar": 170.093414307,
        "dvar2": 383.281890869,
        "max": 141.045318604,
        "mean": 56.2497940063,
        "median": 57.7399330139,
        "min": 2.69238042831,
        "var": 641.517700195
    },
    "hfc": {
        "dmean": 24.9549942017,
        "dmean2": 36.7786216736,
        "dvar": 3442.99291992,
        "dvar2": 6717.13671875,
        "max": 486.478729248,
        "mean": 32.7471237183,
        "median": 8.01310920715,
        "min": 1.05708633174e-16,
        "var": 5068.96142578
    },
    "melbands_crest": {
        "dmean": 2.64879369736,
        "dmean2": 4.07468986511,
        "dvar": 10.7473783493,
        "dvar2": 25.0349292755,
        "max": 31.8568248749,
        "mean": 16.8842468262,
        "median": 18.3435878754,
        "min": 1.0035507679,
        "var": 32.7308921814
    },
    "melbands_flatness_db": {
        "dmean": 0.0317598320544,
        "dmean2": 0.0438568405807,
        "dvar": 0.00164518679958,
        "dvar2": 0.0031011395622,
        "max": 0.457516372204,
        "mean": 0.21908082068,
        "median": 0.245105952024,
        "min": -4.31432667369e-08,
        "var": 0.00740430131555
    },
    "melbands_kurtosis": {
        "dmean": 14.7786130905,
        "dmean2": 22.1233501434,
        "dvar": 548.570739746,
        "dvar2": 1181.27478027,
        "max": 372.612579346,
        "mean": 37.0314712524,
        "median": 21.1170139313,
        "min": -1.77774655819,
        "var": 1496.40002441
    },
    "melbands_skewness": {
        "dmean": 1.05341172218,
        "dmean2": 1.5217782259,
        "dvar": 1.78202033043,
        "dvar2": 3.61769080162,
        "max": 16.7663269043,
        "mean": 4.29472303391,
        "median": 4.05528354645,
        "min": -2.0958635807,
        "var": 7.28564596176
    },
    "melbands_spread": {
        "dmean": 12.6706981659,
        "dmean2": 18.8163223267,
        "dvar": 462.116943359,
        "dvar2": 950.784667969,
        "max": 203.854431152,
        "mean": 27.9929637909,
        "median": 12.1295032501,
        "min": 0.75098991394,
        "var": 1300.43530273
    },
    "pitch_salience": {
        "dmean": 0.0656646192074,
        "dmean2": 0.10295560956,
        "dvar": 0.00651102047414,
        "dvar2": 0.016107423231,
        "max": 0.995984017849,
        "mean": 0.490073442459,
        "median": 0.454962074757,
        "min": 0.0410359762609,
        "var": 0.0156844127923
    },
    "silence_rate_20dB": {
        "dmean": 0,
        "dmean2": 0,
        "dvar": 0,
        "dvar2": 0,
        "max": 1,
        "mean": 1,
        "median": 1,
        "min": 1,
        "var": 0
    },
    "silence_rate_30dB": {
        "dmean": 0.00865453947335,
        "dmean2": 0.0173104666173,
        "dvar": 0.00858047511429,
        "dvar2": 0.0223025940359,
        "max": 1,
        "mean": 0.993830144405,
        "median": 1,
        "min": 0,
        "var": 0.00613186974078
    },
    "silence_rate_60dB": {
        "dmean": 0.0362208522856,
        "dmean2": 0.0723673701286,
        "dvar": 0.0349090322852,
        "dvar2": 0.0705031752586,
        "max": 1,
        "mean": 0.105689100921,
        "median": 0,
        "min": 0,
        "var": 0.0945224165916
    },
    "spectral_centroid": {
        "dmean": 419.451812744,
        "dmean2": 606.561279297,
        "dvar": 456916.75,
        "dvar2": 811024.25,
        "max": 11796.3955078,
        "mean": 1706.44580078,
        "median": 1098.67529297,
        "min": 100.384941101,
        "var": 2330772.25
    },
    "spectral_complexity": {
        "dmean": 5.81072187424,
        "dmean2": 8.67029953003,
        "dvar": 68.0676574707,
        "dvar2": 141.708602905,
        "max": 61,
        "mean": 13.0560894012,
        "median": 9,
        "min": 0,
        "var": 131.01940918
    },
    "spectral_decrease": {
        "dmean": 1.95331573138e-09,
        "dmean2": 2.89348700555e-09,
        "dvar": 1.01785227847e-17,
        "dvar2": 2.35846034036e-17,
        "max": 2.58924538562e-17,
        "mean": -6.56952847677e-09,
        "median": -5.71044900255e-09,
        "min": -5.34315915957e-08,
        "var": 2.31591943407e-17
    },
    "spectral_energy": {
        "dmean": 0.00923130847514,
        "dmean2": 0.0135237984359,
        "dvar": 0.000234138453379,
        "dvar2": 0.000508778670337,
        "max": 0.206012025476,
        "mean": 0.0277651268989,
        "median": 0.0225698687136,
        "min": 1.00151805472e-20,
        "var": 0.000485807453515
    },
    "spectral_energyband_high": {
        "dmean": 0.00277034053579,
        "dmean2": 0.00410937378183,
        "dvar": 4.58916802017e-05,
        "dvar2": 9.25807617023e-05,
        "max": 0.0544542632997,
        "mean": 0.00312093715183,
        "median": 0.000262326619122,
        "min": 6.62439354069e-21,
        "var": 6.4416512032e-05
    },
    "spectral_energyband_low": {
        "dmean": 0.00460070697591,
        "dmean2": 0.00693568680435,
        "dvar": 8.17729378468e-05,
        "dvar2": 0.000199116082513,
        "max": 0.112458661199,
        "mean": 0.0143331652507,
        "median": 0.0141251403838,
        "min": 1.42206977197e-23,
        "var": 0.000124479935039
    },
    "spectral_energyband_middle_high": {
        "dmean": 0.00145293714013,
        "dmean2": 0.00228949054144,
        "dvar": 7.7497534221e-06,
        "dvar2": 1.84565724339e-05,
        "max": 0.0608513653278,
        "mean": 0.00224320148118,
        "median": 0.000862887129188,
        "min": 1.08458605214e-21,
        "var": 1.10492674139e-05
    },
    "spectral_energyband_middle_low": {
        "dmean": 0.00288131041452,
        "dmean2": 0.00428489409387,
        "dvar": 3.21152510878e-05,
        "dvar2": 8.14484155853e-05,
        "max": 0.18016564846,
        "mean": 0.00834403559566,
        "median": 0.0056311879307,
        "min": 1.34932550002e-22,
        "var": 0.000104470869701
    },
    "spectral_entropy": {
        "dmean": 0.192862167954,
        "dmean2": 0.264231592417,
        "dvar": 0.0693244561553,
        "dvar2": 0.116522237659,
        "max": 9.8271188736,
        "mean": 7.80156230927,
        "median": 7.76663017273,
        "min": 4.54445934296,
        "var": 0.353932470083
    },
    "spectral_flux": {
        "dmean": 0.0309919901192,
        "dmean2": 0.0454743690789,
        "dvar": 0.00174404727295,
        "dvar2": 0.00345710013062,
        "max": 0.348199933767,
        "mean": 0.0661501660943,
        "median": 0.0452284067869,
        "min": 6.39809941139e-11,
        "var": 0.00343148596585
    },
    "spectral_kurtosis": {
        "dmean": 0.917644679546,
        "dmean2": 1.37192475796,
        "dvar": 2.21505665779,
        "dvar2": 5.15048027039,
        "max": 54.7424354553,
        "mean": 3.13905024529,
        "median": 3.04184579849,
        "min": -1.27264237404,
        "var": 6.95333480835
    },
    "spectral_rms": {
        "dmean": 0.000785554293543,
        "dmean2": 0.00111784529872,
        "dvar": 1.31819706439e-06,
        "dvar2": 2.61607669927e-06,
        "max": 0.0141770001501,
        "mean": 0.0047488482669,
        "median": 0.00469248183072,
        "min": 3.1258450689e-12,
        "var": 4.53639950138e-06
    },
    "spectral_rolloff": {
        "dmean": 1020.24334717,
        "dmean2": 1654.30725098,
        "dvar": 3760491.25,
        "dvar2": 7242245.5,
        "max": 20822.6074219,
        "mean": 2361.77319336,
        "median": 495.263671875,
        "min": 64.599609375,
        "var": 12845519
    },
    "spectral_skewness": {
        "dmean": 0.186851114035,
        "dmean2": 0.267435580492,
        "dvar": 0.0553324706852,
        "dvar2": 0.107405692339,
        "max": 5.51653003693,
        "mean": 1.35053348541,
        "median": 1.42175471783,
        "min": -0.0893882140517,
        "var": 0.230940714478
    },
    "spectral_spread": {
        "dmean": 654624.5,
        "dmean2": 973811.1875,
        "dvar": 2.82551307469e+12,
        "dvar2": 5.23072752845e+12,
        "max": 49405712,
        "mean": 6881572,
        "median": 6599093,
        "min": 932349.0625,
        "var": 1.76833597276e+13
    },
    "spectral_strongpeak": {
        "dmean": 0.270024895668,
        "dmean2": 0.468482881784,
        "dvar": 0.515386521816,
        "dvar2": 1.32775557041,
        "max": 15.6177129745,
        "mean": 0.570915699005,
        "median": 0.207008630037,
        "min": 0,
        "var": 1.01141571999
    },
    "zerocrossingrate": {
        "dmean": 0.020663542673,
        "dmean2": 0.0237742252648,
        "dvar": 0.0011767904507,
        "dvar2": 0.00173258804716,
        "max": 0.52978515625,
        "mean": 0.0756803452969,
        "median": 0.0361328125,
        "min": 0.0048828125,
        "var": 0.00837288238108
    },
    "barkbands": {
        "dmean": [0.000371844129404, 0.00367193669081, 0.00129782850854, 0.000752251129597, 0.00119537487626, 0.000706220045686, 0.000383659993531, 0.000550636497792, 0.000174892760697, 5.7987337641e-05, 0.000119989075756, 9.99562689685e-05, 0.000187934754649, 0.000267148483545, 0.000174525004695, 0.000159088245709, 0.000152959633851, 0.000205051372177, 0.000274120044196, 0.00036360276863, 0.000317555153742, 0.000473011547001, 0.000677626696415, 0.000584184192121, 0.0004153236805, 0.000154532172019, 2.64556383627e-05],
        "dmean2": [0.000633789575659, 0.00560316583142, 0.00224930373952, 0.00120985787362, 0.00180967454799, 0.001204039203, 0.000585693458561, 0.000709151558112, 0.000251849327469, 8.83982356754e-05, 0.000192047024029, 0.000166873156559, 0.000327984977048, 0.000404835591326, 0.000297166930977, 0.000268294563284, 0.000249913719017, 0.000339889578754, 0.000456313224277, 0.000563273730222, 0.000515931053087, 0.000670795154292, 0.00108191533946, 0.000872411299497, 0.000613531447016, 0.000219104127609, 3.89145643567e-05],
        "dvar": [7.01788110291e-07, 5.85119341849e-05, 1.10747150757e-05, 5.17563239555e-06, 6.51318850942e-06, 4.4799967327e-06, 1.87271018603e-06, 6.06925596003e-06, 7.43759471789e-07, 3.02991018941e-08, 7.76533255475e-08, 3.93634245199e-08, 9.01206647086e-07, 2.51268261309e-07, 1.56200542278e-07, 1.03783882821e-07, 1.08040303815e-07, 3.60126932719e-07, 6.95888786595e-07, 7.05639138232e-07, 4.17014518916e-07, 1.0565103139e-06, 3.35860522682e-06, 2.24079053623e-06, 1.31011290705e-06, 2.3581468156e-07, 5.72676439603e-09],
        "dvar2": [1.89880131529e-06, 0.000140573072713, 3.11603616865e-05, 1.5798395907e-05, 1.80053666554e-05, 1.18319230751e-05, 4.12076587963e-06, 9.07150842977e-06, 1.17749686979e-06, 6.31140721907e-08, 1.99527889322e-07, 1.04519742194e-07, 2.62647199634e-06, 5.48746413642e-07, 4.30550159081e-07, 2.65884466444e-07, 2.70255355872e-07, 9.33487342536e-07, 1.66255472323e-06, 1.41786404129e-06, 9.56199642133e-07, 2.15828390537e-06, 7.51709603719e-06, 4.19863135903e-06, 2.44688112616e-06, 4.7478556553e-07, 1.00251789092e-08],
        "max": [0.0116449482739, 0.103395067155, 0.0441113337874, 0.0832376554608, 0.101529657841, 0.0459443107247, 0.056048002094, 0.0708635523915, 0.0538608022034, 0.00760116474703, 0.00657606963068, 0.00642150221393, 0.0511230900884, 0.00705083599314, 0.00760405790061, 0.00620222650468, 0.00472351629287, 0.020236896351, 0.0350375883281, 0.0246787127107, 0.00554383033887, 0.00969391968101, 0.0132430493832, 0.0125528564677, 0.0096150143072, 0.00401024566963, 0.000650520902127],
        "mean": [0.00105597462971, 0.0107250455767, 0.00233718077652, 0.00158634106629, 0.00291423406452, 0.000818510947283, 0.000680251745507, 0.00185340142343, 0.0004376504221, 0.000102001053165, 0.000143727462273, 0.000133008885314, 0.000195465050638, 0.000389830587665, 0.000202415219974, 0.000161864038091, 0.000170086655999, 0.000208372235647, 0.000279351399513, 0.000460637413198, 0.000357785524102, 0.00056797201978, 0.000660740130115, 0.000622172548901, 0.00047573359916, 0.000183562602615, 4.17825103796e-05],
        "median": [0.00106183136813, 0.0107232704759, 0.00142327009235, 0.00113573181443, 0.00263731740415, 0.00020265756757, 6.42980594421e-05, 5.9706337197e-05, 6.86423663865e-05, 2.9197861295e-05, 5.3986281273e-05, 7.1095812018e-05, 6.48828063277e-05, 8.27478506835e-05, 5.51246630494e-05, 4.73253239761e-05, 5.08669509145e-05, 4.96485372423e-05, 5.11270045536e-05, 5.19605637237e-05, 6.65983461658e-05, 3.59476616723e-05, 2.95020672638e-05, 2.68108269665e-05, 2.49819458986e-05, 2.09735007957e-05, 1.87488149095e-05],
        "min": [1.6647955376e-25, 1.09569279165e-24, 1.08006437243e-24, 4.5617676503e-25, 7.71193103071e-24, 6.5254380809e-24, 5.02654990173e-24, 2.00700039076e-24, 9.15195795901e-24, 9.96210469803e-24, 1.52546040656e-23, 1.31736489511e-23, 2.52465024623e-23, 3.49906480477e-23, 5.29305314792e-23, 5.22900426885e-23, 4.99092699428e-23, 6.91398528776e-23, 9.8124527356e-23, 1.49475977029e-22, 2.73313166844e-22, 2.89950609367e-22, 3.86002742327e-22, 5.72835650351e-22, 8.34673655193e-22, 1.14764827448e-21, 1.91656314095e-21],
        "var": [9.34253193918e-07, 7.79822803452e-05, 1.19515925689e-05, 5.57604744245e-06, 9.86278428172e-06, 4.89662625114e-06, 5.81652375331e-06, 5.68509531149e-05, 4.69752103527e-06, 1.07011949524e-07, 9.14817874786e-08, 5.53590595587e-08, 5.67213703562e-07, 5.32977310286e-07, 1.92804748167e-07, 9.71424682916e-08, 1.17594751714e-07, 3.55998736268e-07, 8.38722826302e-07, 1.12149382403e-06, 4.74645901249e-07, 1.84444672868e-06, 3.68199516743e-06, 3.19795753967e-06, 1.90080265838e-06, 3.12991460305e-07, 8.46564418566e-09]
    },
    "erbbands": {
        "dmean": [0.12050036341, 0.841374993324, 1.61800968647, 1.57439398766, 5.33893060684, 2.79661226273, 3.11859297752, 6.85233259201, 5.36334228516, 6.79844474792, 11.5034036636, 4.05628490448, 2.76032614708, 3.12955760956, 4.02004146576, 4.16133594513, 7.50297307968, 13.1682653427, 10.1933364868, 9.36766242981, 7.74030303955, 8.3086309433, 10.0965957642, 12.8290328979, 15.4218235016, 17.6385192871, 12.2870168686, 13.506155014, 17.6845684052, 17.1212081909, 20.7452793121, 14.5356874466, 8.63909912109, 5.10430955887, 2.86750388145, 0.884283125401, 0.264387756586, 0.0397988408804, 0.00480742845684, 0.000252040830674],
        "dmean2": [0.199710980058, 1.27845585346, 2.71426939964, 2.6393597126, 8.10202217102, 4.20257616043, 5.15114593506, 11.7789011002, 8.38355827332, 9.37441730499, 15.0429315567, 5.80773544312, 3.77807879448, 5.00830793381, 6.42229509354, 7.00449180603, 12.906334877, 20.3572921753, 16.1986179352, 15.7603282928, 12.5547924042, 13.5339698792, 16.8673744202, 20.5220031738, 25.2994689941, 26.7813472748, 19.7280845642, 21.4565639496, 25.2948284149, 27.0647830963, 32.6757659912, 21.2512168884, 13.0236291885, 8.23898601532, 4.13241004944, 1.25947713852, 0.379883229733, 0.0575768426061, 0.00706957746297, 0.000368844688637],
        "dvar": [0.0875656232238, 2.96666955948, 15.4817695618, 21.7238254547, 138.549316406, 57.3220710754, 84.9300842285, 470.000213623, 404.651947021, 495.375, 2725.16992188, 595.368713379, 54.8183364868, 61.4069900513, 85.091835022, 83.990486145, 1306.81994629, 794.273010254, 470.409729004, 417.534362793, 237.167861938, 310.348754883, 774.237915039, 1958.98071289, 1888.5859375, 1793.90844727, 642.138305664, 719.976196289, 1450.05725098, 1442.23706055, 4098.38574219, 1513.10070801, 484.019744873, 169.78477478, 78.7679672241, 7.64224004745, 0.685020923615, 0.0148451402783, 0.000198223424377, 4.53338714124e-07],
        "dvar2": [0.219183519483, 7.41844272614, 43.3836593628, 64.764831543, 392.819213867, 149.408843994, 225.482284546, 1262.02062988, 920.22857666, 891.90447998, 4220.40234375, 944.524841309, 84.1067504883, 159.145477295, 213.077392578, 231.161346436, 3812.12207031, 2005.33166504, 1241.33569336, 1092.11560059, 562.978271484, 775.172302246, 2033.15319824, 4564.70019531, 4588.11425781, 3604.32495117, 1481.2902832, 1598.32214355, 3079.83544922, 3483.24804688, 9315.2265625, 2950.30957031, 880.644958496, 307.342071533, 161.4584198, 15.703701973, 1.31419467926, 0.0274419188499, 0.00036190598621, 8.80296965988e-07],
        "max": [3.08663034439, 23.1590366364, 55.780506134, 177.844833374, 535.563415527, 277.772613525, 313.308898926, 551.565185547, 877.237304688, 695.446228027, 1654.61010742, 1518.36303711, 300.45489502, 320.216674805, 207.741958618, 226.836120605, 1752.24365234, 1095.1151123, 274.86328125, 212.528503418, 404.767944336, 273.619934082, 1010.33178711, 1425.8125, 2346.30419922, 717.837463379, 301.324035645, 187.269485474, 362.049316406, 247.849014282, 493.325775146, 350.879180908, 178.540847778, 101.869918823, 74.291229248, 22.7653942108, 7.08003091812, 1.00702774525, 0.129578754306, 0.00642020115629],
        "mean": [0.458054482937, 1.77472984791, 3.16274452209, 3.15404558182, 12.8411769867, 6.00029182434, 4.4173617363, 7.44830560684, 8.03654193878, 20.2608566284, 37.5817947388, 10.5622167587, 7.11026906967, 4.206553936, 5.41816234589, 5.6413807869, 8.44974136353, 18.385723114, 13.9491147995, 10.1153717041, 9.39550876617, 9.30723190308, 10.5321025848, 14.5268859863, 16.2262535095, 23.3651695251, 13.5922641754, 15.4036445618, 21.7606639862, 17.0513076782, 20.7217063904, 15.5662488937, 9.19532394409, 5.85952472687, 3.13292360306, 1.03581500053, 0.311041980982, 0.0503011718392, 0.00730615388602, 0.000458039983641],
        "median": [0.532310009003, 1.58032047749, 2.43567705154, 2.39066553116, 11.8767414093, 3.22409915924, 1.65330529213, 1.69193351269, 1.32904243469, 1.29457473755, 1.54439878464, 1.5625628233, 1.55946421623, 1.80742549896, 2.42482423782, 2.86976623535, 2.81076407433, 5.09772872925, 3.20808935165, 2.74703550339, 3.26584911346, 2.86833906174, 2.75542402267, 2.61750555038, 2.70024752617, 2.63300561905, 2.7475194931, 1.96853637695, 1.39381241798, 1.07176852226, 0.823567032814, 0.643228888512, 0.42318469286, 0.288138508797, 0.175608932972, 0.0909169539809, 0.0369622558355, 0.0130074135959, 0.00300416909158, 0.000266310293227],
        "min": [2.71512733823e-23, 3.21759727741e-22, 1.79176812253e-21, 2.51726671011e-21, 9.10726500656e-21, 2.42133504441e-20, 3.91565394621e-20, 3.79547720479e-20, 1.44081330549e-19, 1.09389543679e-19, 2.10836873933e-19, 2.33533171903e-19, 5.25422488455e-19, 7.54176133231e-19, 7.30588664474e-19, 8.04847304701e-19, 1.35040502363e-18, 1.94141378397e-18, 2.77522611029e-18, 2.02034832111e-18, 3.49510278583e-18, 3.26415271804e-18, 4.44395215392e-18, 5.88148493864e-18, 5.99670416694e-18, 7.22587759999e-18, 8.19000044449e-18, 1.00363163754e-17, 1.01973262544e-17, 1.10437892742e-17, 1.07489614244e-17, 1.10328407116e-17, 8.80766944277e-18, 7.33234070791e-18, 5.40456899339e-18, 3.54083677472e-18, 2.10886471166e-18, 9.5519001767e-19, 2.44411010548e-19, 2.68408848131e-20],
        "var": [0.119031347334, 3.30365514755, 16.4667510986, 21.8542690277, 195.352050781, 99.0917892456, 118.378944397, 441.396789551, 943.074829102, 3772.98364258, 23027.7109375, 3144.71289062, 451.848205566, 84.3101882935, 102.3072052, 110.832069397, 849.907531738, 1157.7088623, 803.503051758, 405.907043457, 278.191345215, 330.383361816, 713.815856934, 2840.68530273, 1970.41174316, 2926.83203125, 735.799621582, 906.88067627, 2566.60839844, 1605.00292969, 4389.77441406, 2112.4934082, 695.941650391, 249.923751831, 101.617805481, 9.96246528625, 0.934701383114, 0.0201814267784, 0.000285453861579, 6.62479521907e-07]
    },
    "gfcc": {
        "mean": [-26.9611377716, 41.5181884766, -78.0838546753, 38.9557800293, -39.8587226868, 17.2996234894, -29.1966018677, 2.30634903908, -21.7372989655, 5.7907781601, -13.6365747452, -0.201527446508, -10.0614862442],
        "cov": [[30650.9941406, 1338.40881348, 289.478149414, 1951.08789062, -194.580276489, 990.640808105, -299.045471191, 428.03314209, -85.6999435425, 300.310638428, -182.949539185, -67.1371612549, -316.75668335], [1338.40881348, 2134.15698242, 686.015625, 135.517425537, 726.509643555, 13.921833992, 221.527069092, -18.4532260895, 45.9338951111, -113.094459534, 10.8682384491, -7.06126499176, -0.754316926003], [289.478149414, 686.015625, 1409.35717773, 702.660949707, 815.045654297, 364.316101074, 284.299804688, 77.5070266724, 66.7019042969, -129.209030151, 47.9967727661, 45.958530426, 8.13010978699], [1951.08789062, 135.517425537, 702.660949707, 750.239929199, 504.282592773, 335.647399902, 104.464302063, 63.6334877014, -27.3387088776, -96.4125518799, 2.78202795982, 45.1380615234, -3.26100945473], [-194.580276489, 726.509643555, 815.045654297, 504.282592773, 913.069396973, 279.183868408, 233.067749023, 4.24629402161, 15.2119150162, -153.251968384, -5.87991762161, 46.4240036011, 53.1667518616], [990.640808105, 13.921833992, 364.316101074, 335.647399902, 279.183868408, 284.26449585, 96.6200332642, 46.6330451965, 6.90895843506, -43.9721183777, -18.9780883789, 10.4877490997, 9.81321907043], [-299.045471191, 221.527069092, 284.299804688, 104.464302063, 233.067749023, 96.6200332642, 175.11958313, 61.46509552, 34.8264579773, -26.1285057068, -21.4635334015, -13.6562194824, 17.3983573914], [428.03314209, -18.4532260895, 77.5070266724, 63.6334877014, 4.24629402161, 46.6330451965, 61.46509552, 126.715965271, 78.2900848389, 23.3260822296, -22.9759864807, -37.2250099182, -25.028793335], [-85.6999435425, 45.9338951111, 66.7019042969, -27.3387088776, 15.2119150162, 6.90895843506, 34.8264579773, 78.2900848389, 158.147354126, 90.1854248047, -10.2187395096, -52.6765403748, -28.2985610962], [300.310638428, -113.094459534, -129.209030151, -96.4125518799, -153.251968384, -43.9721183777, -26.1285057068, 23.3260822296, 90.1854248047, 164.462692261, 33.5565452576, -37.9939689636, -33.8766593933], [-182.949539185, 10.8682384491, 47.9967727661, 2.78202795982, -5.87991762161, -18.9780883789, -21.4635334015, -22.9759864807, -10.2187395096, 33.5565452576, 101.876152039, 51.7191543579, -5.54096651077], [-67.1371612549, -7.06126499176, 45.958530426, 45.1380615234, 46.4240036011, 10.4877490997, -13.6562194824, -37.2250099182, -52.6765403748, -37.9939689636, 51.7191543579, 102.206748962, 54.1104507446], [-316.75668335, -0.754316926003, 8.13010978699, -3.26100945473, 53.1667518616, 9.81321907043, 17.3983573914, -25.028793335, -28.2985610962, -33.8766593933, -5.54096651077, 54.1104507446, 90.9613876343]],
        "icov": [[0.000110388515168, -0.000272254983429, 7.09551313776e-05, -0.000332546391292, 0.000244271650445, -0.000480435061036, 0.00054604007164, -0.000574170961045, 0.0005846087588, -0.000791284488514, 0.000701359298546, -0.000504129740875, 0.000240305365878], [-0.000272254983429, 0.00149690220132, -0.000453010812635, 0.00118331552949, -0.00143553549424, 0.00193252100144, -0.0015281875385, 0.00139842391945, -0.00126694620121, 0.00190029770602, -0.00160197529476, 0.00127499969676, -8.75603873283e-05], [7.09551313776e-05, -0.000453010812635, 0.00306319678202, -0.00253359973431, 0.000385592255043, -0.000617517041974, -0.00295189907774, 0.0020004697144, -0.00329302996397, 0.00248243752867, -0.00285860081203, 0.000517326872796, 0.000253192527452], [-0.000332546391292, 0.00118331552949, -0.00253359973431, 0.00732791610062, -0.00344364717603, -0.00169923086651, 0.0035230864305, -0.00394395552576, 0.00403846008703, -0.00119669351261, 0.000954048591666, -0.000948145519942, 0.00121083040722], [0.000244271650445, -0.00143553549424, 0.000385592255043, -0.00344364717603, 0.00581944268197, -0.00197463133372, -0.00332963652909, 0.00409682234749, -0.0036734463647, 0.00247049564496, -0.000326528272126, -0.000397483818233, -0.000749657105189], [-0.000480435061036, 0.00193252100144, -0.000617517041974, -0.00169923086651, -0.00197463133372, 0.0114318206906, -0.00482873385772, 0.00249786442146, -0.00255051418208, 0.00261883367784, -0.0011415402405, 0.00157793692779, -0.000957311014645], [0.00054604007164, -0.0015281875385, -0.00295189907774, 0.0035230864305, -0.00332963652909, -0.00482873385772, 0.0211469009519, -0.0149133345112, 0.0109461266547, -0.00912105385214, 0.00632028048858, 0.00010499554628, -0.00307127740234], [-0.000574170961045, 0.00139842391945, 0.0020004697144, -0.00394395552576, 0.00409682234749, 0.00249786442146, -0.0149133345112, 0.0262882467359, -0.0183441508561, 0.0119284894317, -0.00571827031672, 0.0029870623257, 0.0017241287278], [0.0005846087588, -0.00126694620121, -0.00329302996397, 0.00403846008703, -0.0036734463647, -0.00255051418208, 0.0109461266547, -0.0183441508561, 0.02740428783, -0.0193530805409, 0.0103502497077, -0.00210255431011, 0.000944657833315], [-0.000791284488514, 0.00190029770602, 0.00248243752867, -0.00119669351261, 0.00247049564496, 0.00261883367784, -0.00912105385214, 0.0119284894317, -0.0193530805409, 0.0261696036905, -0.0182218998671, 0.0119579453021, -0.00420220894739], [0.000701359298546, -0.00160197529476, -0.00285860081203, 0.000954048591666, -0.000326528272126, -0.0011415402405, 0.00632028048858, -0.00571827031672, 0.0103502497077, -0.0182218998671, 0.0328417271376, -0.0249909367412, 0.0135511159897], [-0.000504129740875, 0.00127499969676, 0.000517326872796, -0.000948145519942, -0.000397483818233, 0.00157793692779, 0.00010499554628, 0.0029870623257, -0.00210255431011, 0.0119579453021, -0.0249909367412, 0.0381844863296, -0.0213991478086], [0.000240305365878, -8.75603873283e-05, 0.000253192527452, 0.00121083040722, -0.000749657105189, -0.000957311014645, -0.00307127740234, 0.0017241287278, 0.000944657833315, -0.00420220894739, 0.0135511159897, -0.0213991478086, 0.0257379654795]]
    },
    "melbands": {
        "dmean": [0.00101048767101, 0.00089550804114, 0.000393283407902, 0.000294966623187, 0.000104553786514, 0.000146955062519, 8.12528014649e-05, 8.78042701515e-05, 8.27815019875e-05, 2.32888705796e-05, 1.38873238029e-05, 1.18903453767e-05, 1.58928378369e-05, 1.12046745926e-05, 1.23979043565e-05, 2.09115696634e-05, 2.62898702204e-05, 1.74769520527e-05, 1.34355577757e-05, 1.21491930258e-05, 8.81776213646e-06, 8.69917494128e-06, 9.72494126472e-06, 9.48322758632e-06, 1.07298665171e-05, 1.02869325929e-05, 1.45338899529e-05, 1.09215561679e-05, 7.1419303822e-06, 8.12908638181e-06, 7.89797923062e-06, 1.01838668343e-05, 9.31994327402e-06, 9.06988043425e-06, 1.23663794511e-05, 1.00836950878e-05, 8.30399221741e-06, 6.1434429881e-06, 4.95615449836e-06, 4.19700199927e-06],
        "dmean2": [0.00158312660642, 0.00142861960921, 0.000630503171124, 0.000448073638836, 0.000168112615938, 0.000251653720625, 0.000126152634039, 0.000115654860565, 0.000108827654913, 3.34889227815e-05, 1.91930121218e-05, 1.91750223166e-05, 2.55464892689e-05, 1.854823131e-05, 2.11492715607e-05, 3.62302453141e-05, 3.96783325414e-05, 2.74684734904e-05, 2.28360386245e-05, 2.03515883186e-05, 1.40721476782e-05, 1.43956895045e-05, 1.67485868587e-05, 1.57358899742e-05, 1.71606279764e-05, 1.75566019607e-05, 2.29618181038e-05, 1.65043147717e-05, 1.15355096568e-05, 1.3361168385e-05, 1.25515016407e-05, 1.46291813508e-05, 1.38531477205e-05, 1.490550585e-05, 1.97498211492e-05, 1.50925379785e-05, 1.2148299902e-05, 9.14285465115e-06, 7.98012388259e-06, 6.81492883814e-06],
        "dvar": [5.14366774951e-06, 3.99537111662e-06, 9.60195166044e-07, 4.20035803472e-07, 7.93351873085e-08, 2.06999217767e-07, 8.50170138733e-08, 9.91861170974e-08, 1.3575888147e-07, 1.63531872488e-08, 1.56979862442e-09, 9.05530650464e-10, 1.36702626996e-09, 4.36339325782e-10, 1.80789738735e-09, 1.18890275402e-08, 2.59838617289e-09, 1.52683721222e-09, 9.96032367695e-10, 6.80431266886e-10, 3.47212258944e-10, 3.62713442614e-10, 4.59059401603e-10, 1.12922993178e-09, 1.68475200457e-09, 1.20076759647e-09, 1.24705590299e-09, 6.89130086329e-10, 2.16789669549e-10, 2.8792082607e-10, 2.60336779911e-10, 4.26499363604e-10, 4.85598783406e-10, 4.31284813418e-10, 1.57674673318e-09, 9.28722654336e-10, 4.39504876937e-10, 2.53270543427e-10, 1.52052800906e-10, 1.18271184513e-10],
        "dvar2": [1.24915186461e-05, 1.07310406747e-05, 2.8658919291e-06, 1.15836201076e-06, 2.13385547454e-07, 5.49973208308e-07, 1.92995088355e-07, 1.5530773112e-07, 2.1071727474e-07, 2.5913886148e-08, 2.45978126756e-09, 2.32796448785e-09, 3.4637612778e-09, 1.1357641494e-09, 5.24801402335e-09, 3.45763275789e-08, 5.99292393488e-09, 3.71731845306e-09, 2.62096344628e-09, 1.79223436092e-09, 7.9572293199e-10, 9.15847842009e-10, 1.16499354608e-09, 3.00148617072e-09, 3.89312404536e-09, 3.04083780378e-09, 2.75131695204e-09, 1.45834411214e-09, 4.9379234035e-10, 7.27351789909e-10, 5.35326505346e-10, 9.07068142819e-10, 1.02312935901e-09, 1.10152442723e-09, 3.66540242602e-09, 1.90426496793e-09, 8.64754767793e-10, 4.82046513817e-10, 2.78669476383e-10, 2.1054413768e-10],
        "max": [0.027375632897, 0.028506603092, 0.0347869582474, 0.0269149038941, 0.00987815763801, 0.0109007405117, 0.0132151190192, 0.00920594576746, 0.0121971284971, 0.00819468218833, 0.00147948553786, 0.0012462643208, 0.000771275372244, 0.000853941310197, 0.0017446661368, 0.0062813363038, 0.00132211414166, 0.000612709554844, 0.000723774137441, 0.000219179899432, 0.00062257546233, 0.000358960125595, 0.000396724761231, 0.00129773886874, 0.00139432237484, 0.0019797089044, 0.00154541747179, 0.000422999553848, 0.000191775587155, 0.000133711160743, 0.000113850379421, 0.000187334851944, 0.000221236841753, 0.000142082979437, 0.000302402972011, 0.00024259230122, 0.000195884465938, 0.000139478273923, 9.26227148739e-05, 8.73454409884e-05],
        "mean": [0.00337670790032, 0.00188020605128, 0.000938546494581, 0.000714196474291, 0.000160155934282, 0.00016444431094, 0.000127551014884, 0.000290985568427, 0.0002624457411, 5.86412243138e-05, 3.40227743436e-05, 1.51548711074e-05, 1.98927573365e-05, 1.54593635671e-05, 1.37786837513e-05, 2.2883506972e-05, 3.65457963198e-05, 2.38471111516e-05, 1.5305222405e-05, 1.1634007933e-05, 1.10906667032e-05, 9.58722102951e-06, 9.66515926848e-06, 9.71832560026e-06, 1.21302919069e-05, 9.66156585491e-06, 1.6363843315e-05, 1.4418849787e-05, 7.91009370005e-06, 8.14645318314e-06, 9.04357602849e-06, 1.19891183203e-05, 1.14121712613e-05, 8.35967421153e-06, 1.21504344861e-05, 1.06689103632e-05, 8.84948076418e-06, 6.35220976619e-06, 5.49524747839e-06, 4.84765087094e-06],
        "median": [0.0035241865553, 0.00155523302965, 0.000819151580799, 0.000637695542537, 5.35635008418e-05, 3.7131638237e-05, 1.85916396731e-05, 1.36883618325e-05, 1.10646415123e-05, 9.13782150747e-06, 6.81260553392e-06, 6.12323810856e-06, 8.06661773822e-06, 8.74599209055e-06, 4.98347708344e-06, 7.16939211998e-06, 8.6574418674e-06, 4.54558448837e-06, 3.63189406016e-06, 3.16922159982e-06, 3.6871501834e-06, 2.9478298984e-06, 2.43967269853e-06, 2.40443205257e-06, 1.9787059955e-06, 2.02580167752e-06, 1.70444718606e-06, 1.62653032021e-06, 1.75220043275e-06, 1.37811628065e-06, 9.83083623396e-07, 8.01114936166e-07, 7.02482793713e-07, 5.64584070162e-07, 4.86331487082e-07, 4.33892353158e-07, 3.88962945408e-07, 3.05492619646e-07, 2.67377771479e-07, 2.38682844156e-07],
        "min": [4.91371892924e-25, 7.44538804565e-25, 5.43141087044e-25, 1.06308325398e-24, 1.70923853119e-24, 8.73274938536e-25, 2.17158911888e-24, 1.00267849814e-24, 1.6247120852e-24, 1.33977848446e-24, 2.23766824982e-24, 2.71950054643e-24, 2.08361278693e-24, 1.91415501209e-24, 1.86018686819e-24, 2.77703611655e-24, 2.86788488827e-24, 3.59847697716e-24, 3.12527402999e-24, 3.34793120378e-24, 3.30473751935e-24, 2.92624225424e-24, 3.58077888275e-24, 3.55188724652e-24, 3.91015631524e-24, 3.25455354122e-24, 4.5218954647e-24, 4.06298628271e-24, 4.52348778044e-24, 4.95120185236e-24, 3.76513528187e-24, 5.29730865807e-24, 5.33436145479e-24, 5.01517216089e-24, 5.59507446194e-24, 6.01073276708e-24, 6.60687692531e-24, 4.94752852156e-24, 6.12325115343e-24, 5.11943275129e-24],
        "var": [6.95698872732e-06, 4.3206691771e-06, 1.14434340048e-06, 6.04751392075e-07, 1.22622623167e-07, 2.10029682535e-07, 2.12632926377e-07, 9.66783773038e-07, 1.09505674573e-06, 9.56330694635e-08, 1.13723839235e-08, 1.2739542754e-09, 1.61200464088e-09, 6.73722799771e-10, 1.40787725922e-09, 7.47724016037e-09, 4.56060034182e-09, 2.96697866276e-09, 1.20950394145e-09, 5.73143310589e-10, 4.33879654427e-10, 3.81547737849e-10, 4.2316919413e-10, 1.0367446901e-09, 2.42819164775e-09, 1.09445585927e-09, 1.68668401468e-09, 1.08064945881e-09, 2.56274446109e-10, 2.64601091038e-10, 3.5453143199e-10, 7.2827910369e-10, 8.21084866764e-10, 3.89084570118e-10, 1.60886970413e-09, 1.1513687781e-09, 6.28541385606e-10, 3.50065060273e-10, 2.14118972552e-10, 1.76917799855e-10]
    },
    "mfcc": {
        "mean": [-673.688842773, 82.7549743652, 20.5433750153, 29.8546924591, 14.2541675568, 18.17146492, 7.67515039444, 1.9717952013, -0.0904553160071, 3.5194132328, 0.775363385677, 0.589045226574, -1.54382026196],
        "cov": [[11488.0009766, 223.951293945, 1274.74450684, 994.773376465, 782.813354492, 618.891479492, 307.702178955, 315.725128174, 257.619873047, 315.45892334, 236.723754883, 154.775344849, 117.483589172], [223.951293945, 2115.19360352, 156.527984619, 390.129821777, 404.830200195, 227.492111206, 229.450576782, 155.172668457, 79.435798645, -39.5717544556, 2.79406142235, 35.4468727112, -50.2497444153], [1274.74450684, 156.527984619, 724.765380859, 409.845672607, 398.268768311, 269.824279785, 228.340911865, 224.199661255, 95.5847854614, 30.6838264465, 40.0612258911, 39.3266677856, 44.9668731689], [994.773376465, 390.129821777, 409.845672607, 541.733093262, 493.339477539, 300.102539062, 261.536499023, 221.53062439, 107.02204895, 0.161490261555, 6.48897600174, 4.29074716568, 0.447854042053], [782.813354492, 404.830200195, 398.268768311, 493.339477539, 651.989379883, 386.862731934, 285.472167969, 271.602081299, 126.288375854, -9.47818470001, -7.33420562744, -1.38072085381, -7.90107440948], [618.891479492, 227.492111206, 269.824279785, 300.102539062, 386.862731934, 335.792541504, 219.092498779, 158.974441528, 97.9708786011, 9.20199871063, -11.361571312, -7.0967669487, -2.86214876175], [307.702178955, 229.450576782, 228.340911865, 261.536499023, 285.472167969, 219.092498779, 251.713500977, 178.136322021, 64.0092697144, -17.0595645905, -22.5024795532, -18.8556861877, -7.21415233612], [315.725128174, 155.172668457, 224.199661255, 221.53062439, 271.602081299, 158.974441528, 178.136322021, 223.148193359, 99.6168365479, -8.67883491516, -20.5810012817, -24.9932632446, -21.0041713715], [257.619873047, 79.435798645, 95.5847854614, 107.02204895, 126.288375854, 97.9708786011, 64.0092697144, 99.6168365479, 162.380966187, 88.3645629883, 24.6486415863, 1.47437620163, -22.9472122192], [315.45892334, -39.5717544556, 30.6838264465, 0.161490261555, -9.47818470001, 9.20199871063, -17.0595645905, -8.67883491516, 88.3645629883, 142.500946045, 80.4498672485, 32.5243301392, 0.194595381618], [236.723754883, 2.79406142235, 40.0612258911, 6.48897600174, -7.33420562744, -11.361571312, -22.5024795532, -20.5810012817, 24.6486415863, 80.4498672485, 120.16129303, 64.1955718994, 11.8679094315], [154.775344849, 35.4468727112, 39.3266677856, 4.29074716568, -1.38072085381, -7.0967669487, -18.8556861877, -24.9932632446, 1.47437620163, 32.5243301392, 64.1955718994, 97.9028396606, 45.082485199], [117.483589172, -50.2497444153, 44.9668731689, 0.447854042053, -7.90107440948, -2.86214876175, -7.21415233612, -21.0041713715, -22.9472122192, 0.194595381618, 11.8679094315, 45.082485199, 79.3878936768]],
