{
"lowlevel": {
    "average_loudness": 0.668710052967,
    "barkbands_crest": {
        "dmean": 2.07358551025,
        "dmean2": 3.29013228416,
        "dvar": 4.1270031929,
        "dvar2": 10.6990633011,
        "max": 23.7159423828,
        "mean": 10.3075637817,
        "median": 9.7568359375,
        "min": 2.50942850113,
        "var": 14.5679922104
    },
    "barkbands_flatness_db": {
        "dmean": 0.0255395788699,
        "dmean2": 0.0390342697501,
        "dvar": 0.00112264486961,
        "dvar2": 0.00218377099372,
        "max": 0.515710532665,
        "mean": 0.210956305265,
        "median": 0.213197350502,
        "min": 0.0184711590409,
        "var": 0.0114565696567
    },
    "barkbands_kurtosis": {
        "dmean": 1.64512383938,
        "dmean2": 2.52939248085,
        "dvar": 5.08420705795,
        "dvar2": 12.4651985168,
        "max": 38.8656387329,
        "mean": 2.66894459724,
        "median": 1.27752780914,
        "min": -1.85691177845,
        "var": 18.6374588013
    },
    "barkbands_skewness": {
        "dmean": 0.386279195547,
        "dmean2": 0.583639621735,
        "dvar": 0.135503858328,
        "dvar2": 0.325002491474,
        "max": 5.38553524017,
        "mean": 1.41306853294,
        "median": 1.29298043251,
        "min": -2.15113425255,
        "var": 0.738010883331
    },
    "barkbands_spread": {
        "dmean": 4.91585636139,
        "dmean2": 7.21055412292,
        "dvar": 83.8035812378,
        "dvar2": 166.786865234,
        "max": 123.84853363,
        "mean": 21.5442371368,
        "median": 14.5411615372,
        "min": 1.37813830376,
        "var": 432.936279297
    },
    "dissonance": {
        "dmean": 0.0227297469974,
        "dmean2": 0.037045609206,
        "dvar": 0.000634527707007,
        "dvar2": 0.00160774332471,
        "max": 0.499999970198,
        "mean": 0.43515715003,
        "median": 0.451406955719,
        "min": 0.158829748631,
        "var": 0.00272003165446
    },
    "dynamic_complexity": 3.2953877449,
    "erbbands_crest": {
        "dmean": 2.20603942871,
        "dmean2": 3.5349817276,
        "dvar": 4.48007154465,
        "dvar2": 11.5682315826,
        "max": 27.9808597565,
        "mean": 9.6344461441,
        "median": 8.96741867065,
        "min": 2.10175442696,
        "var": 15.3336229324
    },
    "erbbands_flatness_db": {
        "dmean": 0.0205306261778,
        "dmean2": 0.0291718002409,
        "dvar": 0.00105444947258,
        "dvar2": 0.00182724930346,
        "max": 0.488131821156,
        "mean": 0.235926389694,
        "median": 0.240663796663,
        "min": 0.0307665653527,
        "var": 0.0114077879116
    },
    "erbbands_kurtosis": {
        "dmean": 0.582195162773,
        "dmean2": 0.838311254978,
        "dvar": 0.595108151436,
        "dvar2": 1.34160673618,
        "max": 11.893078804,
        "mean": -0.14477302134,
        "median": -0.429898619652,
        "min": -1.78841567039,
        "var": 1.39532053471
    },
    "erbbands_skewness": {
        "dmean": 0.279818743467,
        "dmean2": 0.376239925623,
        "dvar": 0.0688705071807,
        "dvar2": 0.139063805342,
        "max": 2.84737944603,
        "mean": 0.325706362724,
        "median": 0.32772013545,
        "min": -2.77955818176,
        "var": 0.420762270689
    },
    "erbbands_spread": {
        "dmean": 6.14266300201,
        "dmean2": 8.41092967987,
        "dvar": 72.645904541,
        "dvar2": 128.64793396,
        "max": 143.095703125,
        "mean": 35.0876350403,
        "median": 30.6818504333,
        "min": 4.60247468948,
        "var": 432.837036133
    },
    "hfc": {
        "dmean": 12.6611471176,
        "dmean2": 17.9526538849,
        "dvar": 1244.50634766,
        "dvar2": 2709.7578125,
        "max": 415.287506104,
        "mean": 27.1941547394,
        "median": 6.66209888458,
        "min": 1.07887744545e-16,
        "var": 2704.25488281
    },
    "melbands_crest": {
        "dmean": 3.19330859184,
        "dmean2": 5.10466146469,
        "dvar": 9.07524299622,
        "dvar2": 23.847076416,
        "max": 30.3038692474,
        "mean": 15.6073665619,
        "median": 15.112909317,
        "min": 1.54548978806,
        "var": 26.3448600769
    },
    "melbands_flatness_db": {
        "dmean": 0.0238397549838,
        "dmean2": 0.0358456447721,
        "dvar": 0.00106431986205,
        "dvar2": 0.00193105789367,
        "max": 0.603821694851,
        "mean": 0.273239403963,
        "median": 0.267528474331,
        "min": 0.00262626516633,
        "var": 0.0145534193143
    },
    "melbands_kurtosis": {
        "dmean": 3.62295818329,
        "dmean2": 5.32898616791,
        "dvar": 26.4430866241,
        "dvar2": 57.7015457153,
        "max": 130.473937988,
        "mean": 8.9849319458,
        "median": 5.58671045303,
        "min": -1.79270195961,
        "var": 108.722351074
    },
    "melbands_skewness": {
        "dmean": 0.485223412514,
        "dmean2": 0.706820368767,
        "dvar": 0.242007449269,
        "dvar2": 0.513442695141,
        "max": 10.2968168259,
        "mean": 2.31265568733,
        "median": 2.10215711594,
        "min": -0.35267034173,
        "var": 1.38913738728
    },
    "melbands_spread": {
        "dmean": 3.9773144722,
        "dmean2": 6.07641553879,
        "dvar": 29.642660141,
        "dvar2": 66.9110336304,
        "max": 171.095932007,
        "mean": 19.5572681427,
        "median": 15.6157417297,
        "min": 1.9641007185,
        "var": 234.487609863
    },
    "pitch_salience": {
        "dmean": 0.060345672071,
        "dmean2": 0.0955623462796,
        "dvar": 0.00339080672711,
        "dvar2": 0.00811522640288,
        "max": 0.844070613384,
        "mean": 0.525759935379,
        "median": 0.528433978558,
        "min": 0.145183727145,
        "var": 0.00904981140047
    },
    "silence_rate_20dB": {
        "dmean": 0,
        "dmean2": 0,
        "dvar": 0,
        "dvar2": 0,
        "max": 1,
        "mean": 1,
        "median": 1,
        "min": 1,
        "var": 0
    },
    "silence_rate_30dB": {
        "dmean": 0.00921152159572,
        "dmean2": 0.0184243097901,
        "dvar": 0.00912756565958,
        "dvar2": 0.0215201620013,
        "max": 1,
        "mean": 0.991339027882,
        "median": 1,
        "min": 0,
        "var": 0.00858660414815
    },
    "silence_rate_60dB": {
        "dmean": 0.0257097687572,
        "dmean2": 0.0513543225825,
        "dvar": 0.0250493064523,
        "dvar2": 0.0542058385909,
        "max": 1,
        "mean": 0.0592521317303,
        "median": 0,
        "min": 0,
        "var": 0.0557450391352
    },
    "spectral_centroid": {
        "dmean": 148.721343994,
        "dmean2": 224.192474365,
        "dvar": 47968.5351562,
        "dvar2": 89178.890625,
        "max": 11865.6738281,
        "mean": 1069.74938965,
        "median": 850.576904297,
        "min": 210.937667847,
        "var": 864649.9375
    },
    "spectral_complexity": {
        "dmean": 2.45232701302,
        "dmean2": 3.80681967735,
        "dvar": 12.3288536072,
        "dvar2": 25.7536487579,
        "max": 56,
        "mean": 13.9239759445,
        "median": 12,
        "min": 0,
        "var": 58.161277771
    },
    "spectral_decrease": {
        "dmean": 1.66237867916e-09,
        "dmean2": 2.47452991431e-09,
        "dvar": 7.63498376016e-18,
        "dvar2": 1.65385217816e-17,
        "max": 1.88384259731e-28,
        "mean": -4.35129887677e-09,
        "median": -3.03034397575e-09,
        "min": -4.30793960504e-08,
        "var": 1.90219694434e-17
    },
    "spectral_energy": {
        "dmean": 0.00731052923948,
        "dmean2": 0.0107379257679,
        "dvar": 0.000158167720656,
        "dvar2": 0.000335291580996,
        "max": 0.183292403817,
        "mean": 0.0188894663006,
        "median": 0.0125105436891,
        "min": 1.02337509071e-20,
        "var": 0.000407242041547
    },
    "spectral_energyband_high": {
        "dmean": 0.000818094122224,
        "dmean2": 0.00114537018817,
        "dvar": 6.62323373035e-06,
        "dvar2": 1.42953113027e-05,
        "max": 0.0294722616673,
        "mean": 0.00161392777227,
        "median": 0.000105520062789,
        "min": 7.10523508479e-21,
        "var": 1.4801060388e-05
    },
    "spectral_energyband_low": {
        "dmean": 0.00171497848351,
        "dmean2": 0.00262690940872,
        "dvar": 1.9931296265e-05,
        "dvar2": 4.42541422672e-05,
        "max": 0.116002187133,
        "mean": 0.00305242510512,
        "median": 0.0010780740995,
        "min": 1.5420711351e-23,
        "var": 4.14109490521e-05
    },
    "spectral_energyband_middle_high": {
        "dmean": 0.00124786095694,
        "dmean2": 0.00178322859574,
        "dvar": 6.59700481265e-06,
        "dvar2": 1.33455741889e-05,
        "max": 0.047782022506,
        "mean": 0.00378846353851,
        "median": 0.00157094886526,
        "min": 1.16083015283e-21,
        "var": 3.11739677272e-05
    },
    "spectral_energyband_middle_low": {
        "dmean": 0.00520857796073,
        "dmean2": 0.00785161647946,
        "dvar": 0.000102466183307,
        "dvar2": 0.000213065432035,
        "max": 0.15636973083,
        "mean": 0.0114341592416,
        "median": 0.00788136571646,
        "min": 1.38383431498e-22,
        "var": 0.000168378886883
    },
    "spectral_entropy": {
        "dmean": 0.201876148582,
        "dmean2": 0.303220331669,
        "dvar": 0.0956282392144,
        "dvar2": 0.180393144488,
        "max": 9.82452106476,
        "mean": 6.92166757584,
        "median": 6.92253684998,
        "min": 4.53321695328,
        "var": 0.752806246281
    },
    "spectral_flux": {
        "dmean": 0.0255674123764,
        "dmean2": 0.038482170552,
        "dvar": 0.00121555454098,
        "dvar2": 0.00272717396729,
        "max": 0.395403563976,
        "mean": 0.0581528022885,
        "median": 0.0408340916038,
        "min": 6.43491926411e-11,
        "var": 0.00262549659237
    },
    "spectral_kurtosis": {
        "dmean": 10.2491397858,
        "dmean2": 17.9463481903,
        "dvar": 257.142425537,
        "dvar2": 741.827697754,
        "max": 189.899154663,
        "mean": 19.3858146667,
        "median": 5.41860580444,
        "min": -1.26845955849,
        "var": 747.673400879
    },
    "spectral_rms": {
        "dmean": 0.000732352607884,
        "dmean2": 0.0010581164388,
        "dvar": 8.8715938773e-07,
        "dvar2": 1.84690657079e-06,
        "max": 0.0133724287152,
        "mean": 0.00386226526462,
        "median": 0.00349362404086,
        "min": 3.15977018855e-12,
        "var": 3.51160997525e-06
    },
    "spectral_rolloff": {
        "dmean": 734.659301758,
        "dmean2": 1215.02478027,
        "dvar": 3297809.25,
        "dvar2": 7366639,
        "max": 19789.0136719,
        "mean": 2103.73095703,
        "median": 1076.66015625,
        "min": 129.19921875,
        "var": 9234034
    },
    "spectral_skewness": {
        "dmean": 0.726320803165,
        "dmean2": 1.25469911098,
        "dvar": 0.90416353941,
        "dvar2": 2.69867110252,
        "max": 10.5758600235,
        "mean": 2.37848734856,
        "median": 1.6521794796,
        "min": -0.0809866115451,
        "var": 2.97118592262
    },
    "spectral_spread": {
        "dmean": 619877.9375,
        "dmean2": 875380.25,
        "dvar": 1.61198348698e+12,
        "dvar2": 2.45961562522e+12,
        "max": 42330820,
        "mean": 3925605,
        "median": 2629098,
        "min": 400832,
        "var": 1.63547027866e+13
    },
    "spectral_strongpeak": {
        "dmean": 0.375384002924,
        "dmean2": 0.660583794117,
        "dvar": 0.600932896137,
        "dvar2": 1.53315412998,
        "max": 12.9428329468,
        "mean": 0.913607299328,
        "median": 0.658704698086,
        "min": 0,
        "var": 0.913288414478
    },
    "zerocrossingrate": {
        "dmean": 0.0120256422088,
        "dmean2": 0.013581844978,
        "dvar": 0.000462517054984,
        "dvar2": 0.000543682195712,
        "max": 0.52880859375,
        "mean": 0.0650199428201,
        "median": 0.0341796875,
        "min": 0.00634765625,
        "var": 0.00515227718279
    },
    "barkbands": {
        "dmean": [0.000125422491692, 0.000573509547394, 0.000966027262621, 0.00137851398904, 0.00224492303096, 0.00112829729915, 0.000839465123136, 0.000530088844243, 0.000606165034696, 0.000473466410767, 0.000186536257388, 0.00023581131245, 0.00025880485191, 9.12899849936e-05, 0.000223690876737, 0.000106728199171, 0.000126091443235, 6.98396397638e-05, 7.31253312551e-05, 6.94407935953e-05, 7.60256225476e-05, 8.11860300018e-05, 7.93565850472e-05, 9.53090420808e-05, 0.000129214822664, 0.000176272456883, 0.000221049500396],
        "dmean2": [0.000224657065701, 0.000837805506308, 0.00161025708076, 0.00236929790117, 0.00361546920612, 0.00178431835957, 0.00129784783348, 0.00075156945968, 0.000843215791974, 0.000624746549875, 0.000276198028587, 0.000342251034454, 0.000367274333257, 0.000141136712045, 0.000336771452567, 0.000155885049026, 0.000188077741768, 9.5462644822e-05, 0.000107386840682, 9.82341662166e-05, 0.000105998842628, 0.000116223884106, 0.000118478004879, 0.000143089753692, 0.000191687591723, 0.000262205663603, 0.000328924186761],
        "dvar": [2.19863537154e-07, 4.49664139524e-06, 1.38159566632e-05, 2.02240407816e-05, 6.86874773237e-05, 5.39460961591e-06, 4.26098131356e-06, 2.29233842219e-06, 2.96347843687e-06, 1.09993072783e-06, 2.80483476445e-07, 3.30886422262e-07, 2.84448788079e-07, 4.9182940387e-08, 2.85171836367e-07, 2.37586633034e-07, 4.36305924723e-07, 1.16011158013e-07, 1.48246371623e-07, 8.35612965489e-08, 4.35977405289e-08, 5.4998338328e-08, 6.08198860164e-08, 9.00659387071e-08, 1.687994029e-07, 3.1949164736e-07, 5.11923701652e-07],
        "dvar2": [5.96673373821e-07, 8.38621053845e-06, 3.62316459359e-05, 5.51234370505e-05, 0.000165193865541, 1.47921773532e-05, 1.0638126696e-05, 5.04794570588e-06, 7.28221039026e-06, 2.22499329539e-06, 5.59377554055e-07, 6.62408012886e-07, 5.43239650597e-07, 1.08390224796e-07, 5.70283759771e-07, 4.41163081177e-07, 9.35629145715e-07, 2.27626188121e-07, 3.77518205141e-07, 1.98240698523e-07, 9.67622000303e-08, 1.16418824803e-07, 1.34222332804e-07, 1.96303957978e-07, 3.69285203305e-07, 7.04225328718e-07, 1.13699013582e-06],
        "max": [0.0074188397266, 0.0436491407454, 0.0757596641779, 0.0955159366131, 0.144972443581, 0.0366380624473, 0.0455405861139, 0.0377393886447, 0.026995331049, 0.0225949399173, 0.0143896369264, 0.0117297247052, 0.0146641936153, 0.00829560402781, 0.0191086102277, 0.0168907418847, 0.017838280648, 0.015971692279, 0.0123436292633, 0.0110196322203, 0.00427595432848, 0.00417860783637, 0.00348528008908, 0.00419810088351, 0.00463608512655, 0.00637950003147, 0.00936759449542],
        "mean": [8.80119696376e-05, 0.000803220667876, 0.00122462410945, 0.00189064408187, 0.00349380425178, 0.0023933656048, 0.00173428980634, 0.000876946432982, 0.000911616429221, 0.000898344034795, 0.000490044942126, 0.000434594374383, 0.00057853909675, 0.00015473345411, 0.00041104920092, 0.000205744989216, 0.000258871616097, 0.000185447090189, 0.000169925449882, 0.000148061866639, 0.000198644935153, 0.00016876492009, 0.000154496156028, 0.000168342521647, 0.000219718844164, 0.000281539629214, 0.000345775391906],
        "median": [1.57970771397e-06, 0.000123715915834, 0.000400904624257, 0.000604333239608, 0.00140974437818, 0.00101166195236, 0.000369936897187, 0.000179612456122, 0.00025766598992, 0.000248453841778, 0.000113181682536, 0.000156554146088, 0.000193568179384, 6.79795339238e-05, 0.000131962893647, 5.87260437896e-05, 4.22616649303e-05, 2.1868998374e-05, 1.90641258087e-05, 1.65692217706e-05, 1.95960255951e-05, 3.26357667291e-06, 5.6554654293e-07, 2.32613558637e-07, 9.0630038585e-08, 1.36193625266e-08, 1.11653086776e-09],
        "min": [7.77186651292e-25, 2.3187426405e-24, 7.83484522329e-25, 1.50487336547e-24, 7.05941447777e-24, 4.29504233976e-24, 1.07725425267e-23, 7.97121146646e-24, 1.59229554235e-23, 8.68147815969e-24, 1.5338952229e-23, 2.23115470421e-23, 2.39598766368e-23, 3.58003885233e-23, 5.18245232465e-23, 7.79555060221e-23, 7.40204848111e-23, 8.47315435189e-23, 1.51395143082e-22, 1.85363115008e-22, 2.74297766228e-22, 2.55174667169e-22, 3.16814188332e-22, 5.88718235029e-22, 8.01578605191e-22, 1.26353494544e-21, 1.92118331626e-21],
        "var": [1.48474669004e-07, 8.75531804923e-06, 1.24360203699e-05, 1.86547131307e-05, 6.53770839563e-05, 1.12886928036e-05, 9.56686653808e-06, 4.21253071181e-06, 3.98913880417e-06, 3.07246796183e-06, 1.89211709767e-06, 8.64495063979e-07, 1.4817516103e-06, 1.11020007409e-07, 8.06613968507e-07, 5.35458696049e-07, 8.38179573748e-07, 2.87865759674e-07, 2.21067296025e-07, 1.41295387834e-07, 1.47837042164e-07, 1.39362839491e-07, 1.37922626209e-07, 1.95398826008e-07, 3.50903093249e-07, 6.31783279914e-07, 9.79439391813e-07]
    },
    "erbbands": {
        "dmean": [0.0166851524264, 0.148872330785, 0.832212507725, 3.08041024208, 5.33429193497, 8.71969985962, 9.45314216614, 9.96756076813, 12.1837520599, 7.30406570435, 13.7979726791, 16.8923053741, 8.2046661377, 16.6672935486, 6.80908966064, 10.82006073, 12.1556568146, 5.19823932648, 12.6431627274, 6.59671831131, 5.44683456421, 5.06243467331, 4.89341449738, 2.87793779373, 4.15496635437, 3.5483725071, 3.11880207062, 2.93020129204, 3.04508876801, 2.56084942818, 2.35647320747, 1.89157235622, 1.70231842995, 1.37278485298, 1.00850355625, 0.645493030548, 0.344686597586, 0.13778039813, 0.0345572009683, 0.00305763026699],
        "dmean2": [0.0227569527924, 0.226240888238, 1.36391699314, 5.1954574585, 8.57990455627, 14.634314537, 15.2745513916, 15.8679466248, 18.8152103424, 11.244304657, 19.3934459686, 22.8854217529, 11.3049402237, 21.9280185699, 10.2514429092, 15.5498466492, 17.200422287, 7.79080200195, 19.1327533722, 9.44252109528, 8.06370830536, 7.60997486115, 6.68827342987, 4.11573028564, 6.00010871887, 5.0166888237, 4.34579133987, 4.20415639877, 4.35532236099, 3.72385954857, 3.51209688187, 2.86040186882, 2.56302213669, 2.05966424942, 1.52556705475, 0.984468817711, 0.521834552288, 0.207905143499, 0.0522690154612, 0.00461362022907],
        "dvar": [0.00466574821621, 0.322449475527, 10.1428308487, 87.2142562866, 384.470825195, 1578.45935059, 534.80267334, 548.30065918, 821.160644531, 330.274871826, 1508.62280273, 2038.16418457, 406.245788574, 1436.77124023, 237.057662964, 770.391052246, 640.69732666, 113.242706299, 837.606079102, 640.833190918, 384.332427979, 607.666992188, 648.719543457, 116.465751648, 496.737915039, 274.171966553, 75.8388061523, 73.453956604, 77.7276153564, 53.7432441711, 55.3576507568, 34.2331123352, 29.0082149506, 18.6501426697, 10.3429794312, 4.2233710289, 1.21982038021, 0.195141002536, 0.0125252371654, 9.71138506429e-05],
        "dvar2": [0.0076868426986, 0.690726161003, 24.9427700043, 227.747741699, 934.938476562, 4199.43164062, 1460.82946777, 1504.93994141, 1976.38659668, 859.038269043, 3385.60400391, 4822.97705078, 914.248840332, 2887.65429688, 472.184173584, 1524.48742676, 1209.25500488, 252.560134888, 1752.6138916, 1115.39196777, 733.11340332, 1330.06933594, 1313.97485352, 261.339996338, 1283.67578125, 660.603149414, 170.265914917, 171.141708374, 167.563156128, 115.007705688, 122.518280029, 74.8249664307, 64.3569488525, 41.085067749, 23.0583839417, 9.40685272217, 2.727602005, 0.432936191559, 0.0280801039189, 0.000218813249376],
        "max": [1.46366298199, 11.4953193665, 68.4659347534, 237.532714844, 450.103485107, 684.191589355, 422.256866455, 387.850769043, 564.46295166, 672.452270508, 1036.95056152, 757.95300293, 523.362426758, 838.793579102, 626.695800781, 593.468444824, 721.411682129, 402.423614502, 1181.82263184, 1103.04614258, 563.028503418, 727.602539062, 1098.06945801, 555.445678711, 714.784118652, 693.720092773, 191.874145508, 268.808013916, 165.1824646, 115.548873901, 119.531646729, 72.4179458618, 79.9428710938, 55.6390113831, 42.9606552124, 26.1641654968, 13.4487791061, 5.37740182877, 1.36327517033, 0.145473718643],
        "mean": [0.022198792547, 0.196391031146, 1.12127292156, 4.41455411911, 7.98694992065, 12.1487379074, 17.9039936066, 21.2423362732, 26.4427986145, 14.0898218155, 23.4556999207, 26.6403484344, 15.5878419876, 33.1321105957, 20.9522037506, 21.9252948761, 28.2944393158, 10.9308547974, 21.6542282104, 14.5676908493, 11.4406919479, 11.1864204407, 11.4906673431, 8.56245136261, 9.35122013092, 7.65695619583, 7.83940649033, 6.78865861893, 6.24578762054, 5.17119503021, 4.35434055328, 3.37501955032, 2.94940686226, 2.31203699112, 1.64512622356, 1.01915037632, 0.537238478661, 0.21311917901, 0.0533019453287, 0.00467123417184],
        "median": [0.00135888298973, 0.0457408726215, 0.395578026772, 1.65506720543, 2.98047542572, 3.65623474121, 6.9295759201, 6.42520618439, 7.08612537384, 5.94703865051, 5.16769790649, 8.34511184692, 5.51377534866, 8.87512779236, 7.50503873825, 7.50842571259, 9.86746692657, 5.77382850647, 7.72665739059, 4.72235393524, 3.49377679825, 2.20484113693, 1.48678302765, 1.00030338764, 0.972278118134, 0.878567457199, 0.877960979939, 0.485369861126, 0.154376849532, 0.0491966232657, 0.0133076868951, 0.00583676528186, 0.0033131535165, 0.00141334172804, 0.000448552978924, 0.000117127085105, 1.97786539502e-05, 3.35269533025e-06, 8.30187764223e-06, 1.69890045072e-05],
        "min": [9.96462400422e-23, 4.90803910705e-22, 1.50224783995e-21, 6.70014882529e-21, 6.94736314124e-21, 2.77226900423e-20, 2.90205041116e-20, 6.41544933354e-20, 1.24141999712e-19, 1.75314882072e-19, 2.38239390149e-19, 3.944494503e-19, 6.89082964384e-19, 8.56086749251e-19, 9.82769977052e-19, 1.45476492144e-18, 1.26279263808e-18, 2.13581466961e-18, 2.04337723615e-18, 2.95869414977e-18, 4.12897418436e-18, 4.55293981706e-18, 5.47134190757e-18, 6.26015995126e-18, 7.10724418372e-18, 9.34119018452e-18, 9.50800604429e-18, 9.46118514008e-18, 1.08158571749e-17, 1.17588480363e-17, 8.79476956112e-18, 1.17221352792e-17, 8.26425479372e-18, 7.146032337e-18, 5.15912341254e-18, 3.67898048651e-18, 2.17051406912e-18, 9.76169179161e-19, 2.54223182071e-19, 2.67786330097e-20],
        "var": [0.0101756015792, 0.45591083169, 10.3231153488, 89.0834197998, 372.154724121, 1213.11865234, 823.925048828, 1168.68518066, 1996.76062012, 576.072631836, 2862.8671875, 3071.05883789, 1123.96228027, 4105.71630859, 2937.42553711, 2093.74780273, 3510.88452148, 324.253295898, 2120.92431641, 1959.61621094, 950.97265625, 1195.75769043, 1391.73327637, 360.826324463, 729.315429688, 429.11227417, 235.639068604, 189.420974731, 189.835205078, 138.936599731, 117.132293701, 76.3378753662, 60.2242584229, 38.2894554138, 20.2978935242, 8.19434070587, 2.34304118156, 0.374532878399, 0.0234372299165, 0.000179297378054]
    },
    "gfcc": {
        "mean": [-84.4337615967, 144.602966309, -139.023223877, -1.02215325832, -42.6261177063, -17.9222736359, -27.730802536, -20.7943744659, -22.3531913757, -11.1280946732, -13.6345205307, -10.1767349243, -6.97107839584],
        "cov": [[20165.0898438, -9102.72167969, 2638.67993164, 1395.75402832, -2371.09179688, 1544.33447266, -658.475585938, 1064.88195801, -439.787963867, 767.097595215, -457.750671387, 609.502685547, -451.221588135], [-9102.72167969, 8624.90039062, -2702.75708008, -786.156005859, 1643.49157715, -1257.54260254, 594.854125977, -806.203430176, 311.126922607, -669.551757812, 350.192443848, -584.236572266, 325.109130859], [2638.67993164, -2702.75708008, 2214.51416016, 54.5849151611, -94.3500671387, 596.358886719, -11.4909620285, 410.069091797, -76.3652648926, 267.639038086, -149.13848877, 209.304138184, -150.532409668], [1395.75402832, -786.156005859, 54.5849151611, 999.271789551, -392.820922852, 344.08782959, 116.225708008, 79.1800918579, 2.27334094048, 121.757530212, -52.8171615601, 23.6419448853, -5.34366798401], [-2371.09179688, 1643.49157715, -94.3500671387, -392.820922852, 856.527038574, -198.784576416, 161.614273071, -87.4568023682, 102.395027161, -142.467453003, 94.1953201294, -95.6618118286, 66.7439956665], [1544.33447266, -1257.54260254, 596.358886719, 344.08782959, -198.784576416, 454.620697021, 13.9092960358, 179.969558716, -43.548625946, 154.473968506, -88.0019607544, 101.867034912, -46.3379859924], [-658.475585938, 594.854125977, -11.4909620285, 116.225708008, 161.614273071, 13.9092960358, 227.483154297, 2.14104127884, 41.449848175, -16.7711181641, 30.6057357788, -51.0180282593, 45.8837814331], [1064.88195801, -806.203430176, 410.069091797, 79.1800918579, -87.4568023682, 179.969558716, 2.14104127884, 230.174728394, -9.05192565918, 69.6251907349, -8.87013816833, 51.1338882446, -22.4746189117], [-439.787963867, 311.126922607, -76.3652648926, 2.27334094048, 102.395027161, -43.548625946, 41.449848175, -9.05192565918, 127.13507843, -9.45800876617, 15.344209671, -11.5966911316, -1.36378133297], [767.097595215, -669.551757812, 267.639038086, 121.757530212, -142.467453003, 154.473968506, -16.7711181641, 69.6251907349, -9.45800876617, 164.915435791, -20.975769043, 42.2405815125, -30.7051181793], [-457.750671387, 350.192443848, -149.13848877, -52.8171615601, 94.1953201294, -88.0019607544, 30.6057357788, -8.87013816833, 15.344209671, -20.975769043, 129.170349121, -10.4924039841, 11.4427442551], [609.502685547, -584.236572266, 209.304138184, 23.6419448853, -95.6618118286, 101.867034912, -51.0180282593, 51.1338882446, -11.5966911316, 42.2405815125, -10.4924039841, 145.030914307, -17.6253662109], [-451.221588135, 325.109130859, -150.532409668, -5.34366798401, 66.7439956665, -46.3379859924, 45.8837814331, -22.4746189117, -1.36378133297, -30.7051181793, 11.4427442551, -17.6253662109, 118.83821106]],
        "icov": [[0.000115190327051, 3.9516009565e-05, 5.89172213949e-06, -5.82677384955e-05, 0.00011388969142, -8.33176636661e-06, 9.5971437986e-05, -0.000286570080789, 0.000139750496601, -4.01095312554e-05, 0.000111927110993, -5.92882497585e-05, 0.000147314174683], [3.9516009565e-05, 0.000675074290484, 0.000420961820055, 0.000145805883221, -0.00055179616902, 0.000261958979536, -0.00112542370334, 0.000699201656971, -0.000214037805563, 0.000468309735879, -0.000103941412817, 0.00057501741685, 3.5660174035e-05], [5.89172213949e-06, 0.000420961820055, 0.00141253124457, 0.00041900711949, -0.000764749827795, -0.000424441066571, -0.00118508725427, -0.000753479311243, 0.000455443165265, -0.000557203427888, 0.000915533979423, -0.000410495558754, 0.000970128341578], [-5.82677384955e-05, 0.000145805883221, 0.00041900711949, 0.00231999065727, 0.000949425972067, -0.00211551389657, -0.0017538764514, 0.000906754168682, -0.00104055984411, 0.000334812531946, -0.000562145898584, 0.000772904371843, -0.000251183548244], [0.00011388969142, -0.00055179616902, -0.000764749827795, 0.000949425972067, 0.00328673282638, -0.00118738226593, -0.000248715165071, 0.000127399223857, -0.00141903338954, 0.00114241766278, -0.00127726409119, 0.000493533327244, -0.000697765208315], [-8.33176636661e-06, 0.000261958979536, -0.000424441066571, -0.00211551389657, -0.00118738226593, 0.00825018249452, -0.00114998081699, -0.00265844236128, 0.00221910094842, -0.00298623321578, 0.00343627668917, -0.00258215051144, 0.000984076876193], [9.5971437986e-05, -0.00112542370334, -0.00118508725427, -0.0017538764514, -0.000248715165071, -0.00114998081699, 0.00977596547455, -0.00146295828745, -0.000843249668833, -0.00029893318424, -0.00135532417335, 0.00130462739617, -0.00225960277021], [-0.000286570080789, 0.000699201656971, -0.000753479311243, 0.000906754168682, 0.000127399223857, -0.00265844236128, -0.00146295828745, 0.0100295497105, -0.0023112851195, 0.0016256411327, -0.00345802819356, 0.00176138640381, -0.00157337379642], [0.000139750496601, -0.000214037805563, 0.000455443165265, -0.00104055984411, -0.00141903338954, 0.00221910094842, -0.000843249668833, -0.0023112851195, 0.0106441536918, -0.00211699027568, 0.00178635516204, -0.00203737430274, 0.00229802425019], [-4.01095312554e-05, 0.000468309735879, -0.000557203427888, 0.000334812531946, 0.00114241766278, -0.00298623321578, -0.00029893318424, 0.0016256411327, -0.00211699027568, 0.0110468249768, -0.00242423010059, 0.00138629588764, -0.000238400083617], [0.000111927110993, -0.000103941412817, 0.000915533979423, -0.000562145898584, -0.00127726409119, 0.00343627668917, -0.00135532417335, -0.00345802819356, 0.00178635516204, -0.00242423010059, 0.0116297667846, -0.00274303741753, 0.00163782050367], [-5.92882497585e-05, 0.00057501741685, -0.000410495558754, 0.000772904371843, 0.000493533327244, -0.00258215051144, 0.00130462739617, 0.00176138640381, -0.00203737430274, 0.00138629588764, -0.00274303741753, 0.010954990983, -0.00151435821317], [0.000147314174683, 3.5660174035e-05, 0.000970128341578, -0.000251183548244, -0.000697765208315, 0.000984076876193, -0.00225960277021, -0.00157337379642, 0.00229802425019, -0.000238400083617, 0.00163782050367, -0.00151435821317, 0.0110271181911]]
    },
    "melbands": {
        "dmean": [0.000150464926264, 0.000333583768224, 0.000547962845303, 0.000513357052114, 0.000340227241395, 0.000212509112316, 0.000185868120752, 8.11508289189e-05, 0.000108893153083, 0.000104128099338, 4.00117278332e-05, 7.22922486602e-05, 2.21727295866e-05, 2.91277610813e-05, 2.2129566787e-05, 2.64020854956e-05, 8.36688650452e-06, 2.01058101084e-05, 1.07186378955e-05, 1.02178028101e-05, 6.22432389719e-06, 5.37322830496e-06, 6.76189529258e-06, 3.11711255563e-06, 2.25792859965e-06, 3.68761197933e-06, 2.2637686925e-06, 2.51376104643e-06, 2.03823606171e-06, 2.08176174965e-06, 1.81365589924e-06, 1.93260416381e-06, 1.61419870892e-06, 1.41092084505e-06, 1.49732193222e-06, 1.26372606246e-06, 1.18018056128e-06, 1.23128586438e-06, 1.2446917026e-06, 1.18961440876e-06],
        "dmean2": [0.000212182829273, 0.000529164797626, 0.000898709229659, 0.000827556417789, 0.000560635817237, 0.00033791954047, 0.000286632362986, 0.000123134304886, 0.00015388650354, 0.000141638796777, 5.54651633138e-05, 9.50232279138e-05, 3.33258358296e-05, 4.23777091783e-05, 3.08307389787e-05, 3.7906513171e-05, 1.29503250719e-05, 3.05050780298e-05, 1.61022726388e-05, 1.44965415529e-05, 9.33825504035e-06, 8.16523879621e-06, 9.66586685536e-06, 4.36559867012e-06, 3.25757650899e-06, 5.44188969798e-06, 3.20306457979e-06, 3.61276602234e-06, 2.88347541755e-06, 2.89115132546e-06, 2.66401866611e-06, 2.8080771699e-06, 2.32643105846e-06, 2.11140650208e-06, 2.23913866648e-06, 1.92790412257e-06, 1.81364703167e-06, 1.88587239336e-06, 1.88987201e-06, 1.81490554496e-06],
        "dvar": [2.98392194509e-07, 1.42857652463e-06, 2.55572149399e-06, 4.12127201344e-06, 9.43954717059e-07, 2.30542340773e-07, 1.96904153427e-07, 3.88927610118e-08, 9.25397287688e-08, 8.12905440739e-08, 9.63745350191e-09, 2.73693263608e-08, 2.90100410361e-09, 4.63319604904e-09, 2.22901630487e-09, 2.97815372363e-09, 4.4531225929e-10, 1.99275063117e-09, 7.18738346617e-10, 2.40069053525e-09, 5.73013747562e-10, 5.23846077627e-10, 1.71848235642e-09, 2.254071374e-10, 7.67771193844e-11, 4.77960060419e-10, 7.04132099849e-11, 1.33361682808e-10, 3.36610288254e-11, 3.21837001493e-11, 3.58688773128e-11, 3.24262283691e-11, 2.07829708304e-11, 1.67710689086e-11, 2.34344696426e-11, 1.5151822505e-11, 1.35049740488e-11, 1.47143009582e-11, 1.59787530429e-11, 1.37576642786e-11],
        "dvar2": [4.81064716951e-07, 3.22292339661e-06, 6.04124988968e-06, 9.83104200714e-06, 2.63532206191e-06, 6.33556339835e-07, 4.80857693219e-07, 9.74337908133e-08, 2.13273267491e-07, 1.91684364381e-07, 2.15243769475e-08, 5.48864953487e-08, 5.89907944715e-09, 9.34546484643e-09, 4.03949895755e-09, 5.95112492618e-09, 1.03353892111e-09, 4.17932177754e-09, 1.40542166793e-09, 4.32541558126e-09, 1.09972642104e-09, 1.06655695387e-09, 3.80533116129e-09, 4.40154052095e-10, 1.73651273916e-10, 1.24425314496e-09, 1.69058156363e-10, 3.20411891463e-10, 7.55475057512e-11, 7.2561269493e-11, 8.54012624507e-11, 7.0212030634e-11, 4.41442923882e-11, 3.77160074005e-11, 5.29041532804e-11, 3.37721552113e-11, 3.02209646197e-11, 3.35818074737e-11, 3.58014763668e-11, 3.07678882372e-11],
        "max": [0.0113712977618, 0.0260252282023, 0.0377874150872, 0.0393945276737, 0.0182661600411, 0.00770842470229, 0.00934032909572, 0.00669904751703, 0.00818919856101, 0.00443190475926, 0.0025752489455, 0.00371986767277, 0.00193437247071, 0.00159326230641, 0.00139570434112, 0.00172531267162, 0.000913750089239, 0.00178772292566, 0.000955552095547, 0.00158587889746, 0.00100119411945, 0.000941158097703, 0.00119939493015, 0.000735602458008, 0.000514673360158, 0.00068762578303, 0.000289333052933, 0.000448802253231, 0.000145801357576, 0.000177946451004, 0.000242864014581, 0.000118494404887, 7.68170139054e-05, 6.04028609814e-05, 8.75439436641e-05, 6.69791406835e-05, 4.99305133417e-05, 5.33391794306e-05, 6.12606090726e-05, 4.78686633869e-05],
        "mean": [0.000211233957089, 0.000474544620374, 0.000839439511765, 0.000766616081819, 0.000600710569415, 0.000448559090728, 0.00039949992788, 0.000147345432197, 0.000182819188922, 0.000159233255545, 7.51526822569e-05, 0.000139595635119, 6.33638410363e-05, 6.00813255005e-05, 5.39966822544e-05, 5.39827778994e-05, 1.54655808728e-05, 3.29795439029e-05, 2.08574383578e-05, 2.04093539651e-05, 1.24607122416e-05, 1.1479517525e-05, 1.37977467602e-05, 7.90055855759e-06, 6.39672407488e-06, 7.81110793469e-06, 4.73570753456e-06, 5.15927240485e-06, 4.81375400341e-06, 4.67195377496e-06, 3.75895024263e-06, 3.71947135136e-06, 3.09638949147e-06, 2.72297756965e-06, 2.62485286839e-06, 2.18135164687e-06, 1.98346128855e-06, 2.07688708542e-06, 2.00149179364e-06, 1.92641527974e-06],
        "median": [2.32245765801e-05, 0.000165549397934, 0.000327504472807, 0.000233897560975, 0.000262808229309, 0.000150639665662, 9.36120341066e-05, 6.67667336529e-05, 4.05584687542e-05, 4.24924801337e-05, 2.54067981587e-05, 3.65717751265e-05, 1.87759396795e-05, 2.09783447644e-05, 1.82869880518e-05, 1.87249570445e-05, 7.62177887736e-06, 1.18051075333e-05, 7.28994655219e-06, 4.78633955936e-06, 3.60515423381e-06, 2.26509359891e-06, 1.59160481417e-06, 1.00491422472e-06, 6.99875272403e-07, 7.02862564594e-07, 5.74915475227e-07, 5.23323137713e-07, 5.15029796588e-07, 3.98710113814e-07, 1.71655244685e-07, 8.64028777414e-08, 3.65830317151e-08, 1.85002289044e-08, 7.48079820312e-09, 4.25666168979e-09, 2.81162959581e-09, 2.08019645953e-09, 1.45248613137e-09, 9.36021926634e-10],
        "min": [1.67480455546e-24, 6.42898662181e-25, 1.14794151459e-24, 8.42742866061e-25, 7.91291434974e-25, 1.76684174614e-24, 2.06934091265e-24, 1.7601281454e-24, 1.66181458015e-24, 2.4140520262e-24, 3.17600015278e-24, 3.15893788026e-24, 2.96912078874e-24, 3.94141295646e-24, 3.02609567598e-24, 3.83817985739e-24, 2.83596994263e-24, 2.75795475454e-24, 3.73739538257e-24, 4.09351598861e-24, 4.69315913938e-24, 4.43734771946e-24, 3.76568235691e-24, 4.65559121649e-24, 4.38431141751e-24, 5.67290229556e-24, 3.71163000211e-24, 4.79985652111e-24, 4.00907907832e-24, 3.98407455421e-24, 5.30770032278e-24, 5.87328598169e-24, 4.51451330435e-24, 6.58936815752e-24, 4.79733808267e-24, 5.25204224161e-24, 6.69191021443e-24, 5.48998477873e-24, 4.95573267497e-24, 4.75477390924e-24],
        "var": [6.85247869114e-07, 1.7566775341e-06, 3.04477384816e-06, 3.98693327952e-06, 1.01317812096e-06, 4.85612133616e-07, 4.73563545711e-07, 6.1421872033e-08, 1.68353309959e-07, 1.20910513601e-07, 2.71852353961e-08, 7.65556080751e-08, 3.01041644946e-08, 1.46903023079e-08, 1.23450796252e-08, 1.16550848972e-08, 9.27844023835e-10, 4.93580332162e-09, 2.08223327469e-09, 5.79605474726e-09, 1.38504863134e-09, 1.19765020123e-09, 3.05982150728e-09, 5.09306041785e-10, 2.26613006138e-10, 6.44993669585e-10, 1.37369171593e-10, 2.15844911389e-10, 9.69458818778e-11, 9.26035220727e-11, 7.16858170047e-11, 7.6674853966e-11, 5.05052250022e-11, 4.00940773637e-11, 4.51653853206e-11, 3.23231753863e-11, 2.83340642615e-11, 2.95946253615e-11, 3.04617754632e-11, 2.71178513672e-11]
    },
    "mfcc": {
        "mean": [-711.873596191, 166.125595093, -22.3725185394, 7.90349817276, -2.21624827385, -0.2727227211, -5.81257724762, -9.1641292572, -8.7218837738, -9.24671459198, -9.0528011322, -7.13910722733, -5.62714958191],
        "cov": [[10575.5263672, -5118.64306641, 1544.10437012, 806.679321289, -883.287658691, 331.102325439, -11.4834938049, 239.843811035, 283.335174561, 196.371963501, 322.387756348, 234.805648804, 129.382858276], [-5118.64306641, 4673.5859375, -1128.62805176, -273.459625244, 581.454162598, -257.292419434, 115.111717224, -51.5074081421, -127.886520386, -2.92055296898, -136.991165161, -123.158607483, -76.8866500854], [1544.10437012, -1128.62805176, 1167.10253906, 18.3604850769, 8.49058532715, 257.588653564, 90.8996810913, 193.305755615, 127.978744507, 98.3738021851, 140.420822144, 53.2655906677, 31.0848827362], [806.679321289, -273.459625244, 18.3604850769, 661.524047852, -236.034469604, 217.538467407, 95.2827453613, 39.1477470398, 124.181053162, 66.7120819092, 76.428024292, 64.9862747192, 26.0614414215], [-883.287658691, 581.454162598, 8.49058532715, -236.034469604, 512.798950195, -59.9098510742, 90.561050415, 69.7714080811, 5.95187568665, 42.7750282288, -0.883757710457, -1.23430800438, 5.33095645905], [331.102325439, -257.292419434, 257.588653564, 217.538467407, -59.9098510742, 358.112335205, 62.8722991943, 68.0684051514, 111.636634827, 46.2947120667, 73.6146621704, 38.3647689819, 19.7263050079], [-11.4834938049, 115.111717224, 90.8996810913, 95.2827453613, 90.561050415, 62.8722991943, 226.655441284, 68.8739929199, 62.1325531006, 71.9730987549, 16.4140014648, 30.0387020111, 18.3716373444], [239.843811035, -51.5074081421, 193.305755615, 39.1477470398, 69.7714080811, 68.0684051514, 68.8739929199, 177.845916748, 64.1748199463, 38.0589828491, 52.8302001953, 16.4457321167, 16.9029788971], [283.335174561, -127.886520386, 127.978744507, 124.181053162, 5.95187568665, 111.636634827, 62.1325531006, 64.1748199463, 171.901992798, 74.379486084, 21.2864437103, 21.1164875031, 5.74746894836], [196.371963501, -2.92055296898, 98.3738021851, 66.7120819092, 42.7750282288, 46.2947120667, 71.9730987549, 38.0589828491, 74.379486084, 164.330596924, 65.9109115601, 11.5413990021, 9.48856544495], [322.387756348, -136.991165161, 140.420822144, 76.428024292, -0.883757710457, 73.6146621704, 16.4140014648, 52.8302001953, 21.2864437103, 65.9109115601, 128.622802734, 53.8661346436, 16.9200363159], [234.805648804, -123.158607483, 53.2655906677, 64.9862747192, -1.23430800438, 38.3647689819, 30.0387020111, 16.4457321167, 21.1164875031, 11.5413990021, 53.8661346436, 88.2570037842, 41.3374862671], [129.382858276, -76.8866500854, 31.0848827362, 26.0614414215, 5.33095645905, 19.7263050079, 18.3716373444, 16.9029788971, 5.74746894836, 9.48856544495, 16.9200363159, 41.3374862671, 73.2030639648]],
