{
"lowlevel": {
    "average_loudness": 0.68130928278,
    "barkbands_crest": {
        "dmean": 1.82838726044,
        "dmean2": 2.7798435688,
        "dvar": 4.4842338562,
        "dvar2": 9.94754123688,
        "max": 26.1164188385,
        "mean": 14.49568367,
        "median": 13.7058258057,
        "min": 4.25391435623,
        "var": 24.0572013855
    },
    "barkbands_flatness_db": {
        "dmean": 0.0186880026013,
        "dmean2": 0.0301059037447,
        "dvar": 0.000373915652744,
        "dvar2": 0.000900589046068,
        "max": 0.566326677799,
        "mean": 0.393663227558,
        "median": 0.395680487156,
        "min": 0.0748223736882,
        "var": 0.00263064960018
    },
    "barkbands_kurtosis": {
        "dmean": 1.76316404343,
        "dmean2": 2.58927440643,
        "dvar": 8.47906398773,
        "dvar2": 17.4051570892,
        "max": 88.8418807983,
        "mean": 5.07027196884,
        "median": 2.92018270493,
        "min": -1.79945361614,
        "var": 58.8921470642
    },
    "barkbands_skewness": {
        "dmean": 0.313615918159,
        "dmean2": 0.449131011963,
        "dvar": 0.155292764306,
        "dvar2": 0.310618162155,
        "max": 8.49236011505,
        "mean": 0.880966067314,
        "median": 0.875519990921,
        "min": -7.7438659668,
        "var": 1.48524951935
    },
    "barkbands_spread": {
        "dmean": 0.811285495758,
        "dmean2": 1.21156072617,
        "dvar": 2.16818642616,
        "dvar2": 4.62672233582,
        "max": 85.264793396,
        "mean": 4.60321474075,
        "median": 3.75894093513,
        "min": 0.426721841097,
        "var": 20.9544792175
    },
    "dissonance": {
        "dmean": 0.0451076962054,
        "dmean2": 0.0764031410217,
        "dvar": 0.00202558119781,
        "dvar2": 0.00532337790355,
        "max": 0.500000178814,
        "mean": 0.335005879402,
        "median": 0.346397072077,
        "min": 0.041689671576,
        "var": 0.00822153035551
    },
    "dynamic_complexity": 5.45353937149,
    "erbbands_crest": {
        "dmean": 2.0508005619,
        "dmean2": 3.04403424263,
        "dvar": 6.35838079453,
        "dvar2": 13.5138750076,
        "max": 34.1392707825,
        "mean": 17.2369365692,
        "median": 16.4320220947,
        "min": 3.43902659416,
        "var": 42.2523117065
    },
    "erbbands_flatness_db": {
        "dmean": 0.0142875853926,
        "dmean2": 0.0221676472574,
        "dvar": 0.000227303535212,
        "dvar2": 0.000497037137393,
        "max": 0.570387780666,
        "mean": 0.411939829588,
        "median": 0.412739634514,
        "min": 0.102520257235,
        "var": 0.00229965453036
    },
    "erbbands_kurtosis": {
        "dmean": 1.50827550888,
        "dmean2": 2.13170671463,
        "dvar": 6.51479434967,
        "dvar2": 12.6591444016,
        "max": 116.411682129,
        "mean": 4.58368015289,
        "median": 2.07680034637,
        "min": -1.64819264412,
        "var": 71.5126571655
    },
    "erbbands_skewness": {
        "dmean": 0.291291326284,
        "dmean2": 0.408310711384,
        "dvar": 0.134324163198,
        "dvar2": 0.25850045681,
        "max": 8.54952907562,
        "mean": 0.790163755417,
        "median": 0.687060117722,
        "min": -5.21774291992,
        "var": 1.51990914345
    },
    "erbbands_spread": {
        "dmean": 1.4643882513,
        "dmean2": 2.11000180244,
        "dvar": 4.32503700256,
        "dvar2": 9.28251552582,
        "max": 65.2745742798,
        "mean": 8.84862518311,
        "median": 8.08963775635,
        "min": 0.797920048237,
        "var": 26.0088443756
    },
    "hfc": {
        "dmean": 3.01061344147,
        "dmean2": 3.86111354828,
        "dvar": 32.6868171692,
        "dvar2": 54.3885231018,
        "max": 107.618347168,
        "mean": 10.1702528,
        "median": 6.39285230637,
        "min": 1.16776382562e-16,
        "var": 129.667709351
    },
    "melbands_crest": {
        "dmean": 2.01245331764,
        "dmean2": 3.08597874641,
        "dvar": 4.80157184601,
        "dvar2": 11.8967981339,
        "max": 33.5293083191,
        "mean": 16.5268173218,
        "median": 16.1241207123,
        "min": 2.54980349541,
        "var": 23.0001335144
    },
    "melbands_flatness_db": {
        "dmean": 0.021188871935,
        "dmean2": 0.0347023718059,
        "dvar": 0.000531640020199,
        "dvar2": 0.00124927225988,
        "max": 0.725372612476,
        "mean": 0.511175811291,
        "median": 0.515754520893,
        "min": 0.0083005419001,
        "var": 0.00429937150329
    },
    "melbands_kurtosis": {
        "dmean": 1.91560184956,
        "dmean2": 2.88199734688,
        "dvar": 18.204875946,
        "dvar2": 48.053440094,
        "max": 117.637451172,
        "mean": 4.9521651268,
        "median": 2.68100500107,
        "min": -1.85419261456,
        "var": 77.0520401001
    },
    "melbands_skewness": {
        "dmean": 0.327854931355,
        "dmean2": 0.468570500612,
        "dvar": 0.159457743168,
        "dvar2": 0.334516763687,
        "max": 7.99320268631,
        "mean": 0.898342430592,
        "median": 0.876228988171,
        "min": -3.05486035347,
        "var": 1.39416599274
    },
    "melbands_spread": {
        "dmean": 1.24912011623,
        "dmean2": 1.86445808411,
        "dvar": 6.32459259033,
        "dvar2": 11.3963270187,
        "max": 156.152008057,
        "mean": 7.15273809433,
        "median": 6.09165239334,
        "min": 0.961616933346,
        "var": 26.0028839111
    },
    "pitch_salience": {
        "dmean": 0.0439740605652,
        "dmean2": 0.0684824436903,
        "dvar": 0.00278421887197,
        "dvar2": 0.00663507683203,
        "max": 0.903655290604,
        "mean": 0.472085863352,
        "median": 0.475197821856,
        "min": 0.133835032582,
        "var": 0.0136164063588
    },
    "silence_rate_20dB": {
        "dmean": 0,
        "dmean2": 0,
        "dvar": 0,
        "dvar2": 0,
        "max": 1,
        "mean": 1,
        "median": 1,
        "min": 1,
        "var": 0
    },
    "silence_rate_30dB": {
        "dmean": 0.00566037744284,
        "dmean2": 0.0113217253238,
        "dvar": 0.00562758604065,
        "dvar2": 0.0130801880732,
        "max": 1,
        "mean": 0.992624998093,
        "median": 1,
        "min": 0,
        "var": 0.00731992023066
    },
    "silence_rate_60dB": {
        "dmean": 0.0243567749858,
        "dmean2": 0.0487177297473,
        "dvar": 0.0237638391554,
        "dvar2": 0.0518398173153,
        "max": 1,
        "mean": 0.164479896426,
        "median": 0,
        "min": 0,
        "var": 0.137431427836
    },
    "spectral_centroid": {
        "dmean": 35.9784049988,
        "dmean2": 51.8925361633,
        "dvar": 11951.4785156,
        "dvar2": 20182.828125,
        "max": 10547.2060547,
        "mean": 514.201416016,
        "median": 480.332397461,
        "min": 209.148071289,
        "var": 58484.0234375
    },
    "spectral_complexity": {
        "dmean": 0.936363637447,
        "dmean2": 1.54198467731,
        "dvar": 1.45581245422,
        "dvar2": 2.8843793869,
        "max": 24,
        "mean": 8.3102645874,
        "median": 8,
        "min": 0,
        "var": 13.5106525421
    },
    "spectral_decrease": {
        "dmean": 1.47968481912e-09,
        "dmean2": 1.97713845296e-09,
        "dvar": 7.10934935837e-18,
        "dvar2": 1.44997879238e-17,
        "max": 2.30989505782e-15,
        "mean": -5.36339728185e-09,
        "median": -3.65538488367e-09,
        "min": -6.19617779307e-08,
        "var": 3.09356582457e-17
    },
    "spectral_energy": {
        "dmean": 0.00585087062791,
        "dmean2": 0.00780176604167,
        "dvar": 0.000110298729851,
        "dvar2": 0.00022238571546,
        "max": 0.238099649549,
        "mean": 0.0211652051657,
        "median": 0.0144076673314,
        "min": 1.09412617495e-20,
        "var": 0.000479227834148
    },
    "spectral_energyband_high": {
        "dmean": 4.73572896453e-07,
        "dmean2": 6.2289655034e-07,
        "dvar": 7.06515315002e-12,
        "dvar2": 1.36408592755e-11,
        "max": 7.16304784874e-05,
        "mean": 8.80958964444e-07,
        "median": 4.29655386824e-08,
        "min": 7.99884298574e-21,
        "var": 1.43353922483e-11
    },
    "spectral_energyband_low": {
        "dmean": 0.000754305568989,
        "dmean2": 0.00100932503119,
        "dvar": 4.9164509619e-06,
        "dvar2": 1.01690420706e-05,
        "max": 0.0594000630081,
        "mean": 0.00267088389955,
        "median": 0.00086871732492,
        "min": 3.87722705225e-23,
        "var": 2.38403135882e-05
    },
    "spectral_energyband_middle_high": {
        "dmean": 0.00102630944457,
        "dmean2": 0.00132510054391,
        "dvar": 1.29801974253e-05,
        "dvar2": 2.28117132792e-05,
        "max": 0.0747455507517,
        "mean": 0.00280158524401,
        "median": 0.000756778870709,
        "min": 1.73856825185e-21,
        "var": 4.36147602159e-05
    },
    "spectral_energyband_middle_low": {
        "dmean": 0.00499199610204,
        "dmean2": 0.00679790321738,
        "dvar": 9.08525180421e-05,
        "dvar2": 0.000191287021153,
        "max": 0.216627523303,
        "mean": 0.0169616248459,
        "median": 0.0102261258289,
        "min": 3.57309182766e-22,
        "var": 0.000357501150575
    },
    "spectral_entropy": {
        "dmean": 0.141747400165,
        "dmean2": 0.224001124501,
        "dvar": 0.0413328520954,
        "dvar2": 0.0971012562513,
        "max": 9.80902004242,
        "mean": 5.27038621902,
        "median": 5.25886058807,
        "min": 3.83482241631,
        "var": 0.218635901809
    },
    "spectral_flux": {
        "dmean": 0.0171859171242,
        "dmean2": 0.0272468682379,
        "dvar": 0.000743715499993,
        "dvar2": 0.00171970459633,
        "max": 0.322738438845,
        "mean": 0.0353985279799,
        "median": 0.0240317434072,
        "min": 1.04600487993e-10,
        "var": 0.00131562864408
    },
    "spectral_kurtosis": {
        "dmean": 36.9312400818,
        "dmean2": 63.7572250366,
        "dvar": 1387.46069336,
        "dvar2": 3812.17114258,
        "max": 590.301208496,
        "mean": 144.876480103,
        "median": 142.635665894,
        "min": -1.20634460449,
        "var": 5907.390625
    },
    "spectral_rms": {
        "dmean": 0.000541941903066,
        "dmean2": 0.000701725308318,
        "dvar": 6.27144800092e-07,
        "dvar2": 1.07018570361e-06,
        "max": 0.0152411395684,
        "mean": 0.00394849805161,
        "median": 0.00374916801229,
        "min": 3.2671703884e-12,
        "var": 5.05830894326e-06
    },
    "spectral_rolloff": {
        "dmean": 60.5146026611,
        "dmean2": 107.20677948,
        "dvar": 219568.875,
        "dvar2": 411869.03125,
        "max": 19745.9472656,
        "mean": 672.052246094,
        "median": 602.9296875,
        "min": 193.798828125,
        "var": 866006.8125
    },
    "spectral_skewness": {
        "dmean": 1.70360922813,
        "dmean2": 3.00080108643,
        "dvar": 2.66841053963,
        "dvar2": 7.30554056168,
        "max": 19.5553855896,
        "mean": 8.58560466766,
        "median": 8.96783447266,
        "min": 0.0637784153223,
        "var": 10.179980278
    },
    "spectral_spread": {
        "dmean": 306288.1875,
        "dmean2": 545235,
        "dvar": 156099084288,
        "dvar2": 304042409984,
        "max": 41172096,
        "mean": 1005429.75,
        "median": 795196.9375,
        "min": 153426.34375,
        "var": 1.89153529037e+12
    },
    "spectral_strongpeak": {
        "dmean": 0.453770190477,
        "dmean2": 0.671057939529,
        "dvar": 0.604755043983,
        "dvar2": 1.14816069603,
        "max": 9.36725330353,
        "mean": 1.61310207844,
        "median": 1.02312803268,
        "min": 0,
        "var": 2.41829681396
    },
    "zerocrossingrate": {
        "dmean": 0.00223394948989,
        "dmean2": 0.00272384635173,
        "dvar": 8.4796709416e-05,
        "dvar2": 9.9282588053e-05,
        "max": 0.7490234375,
        "mean": 0.0268154386431,
        "median": 0.02392578125,
        "min": 0.005859375,
        "var": 0.000992015004158
    },
    "barkbands": {
        "dmean": [8.67013568495e-07, 4.62757234345e-05, 0.000413403351558, 0.000841214612592, 0.00128764472902, 0.000877298240084, 0.000674140290357, 0.000869298411999, 0.0015497978311, 0.000856128230225, 7.55401488277e-05, 9.91953493212e-05, 7.20771495253e-05, 5.35462095286e-05, 2.2646794605e-05, 3.7100569898e-05, 9.06866534933e-06, 3.20152162203e-06, 3.44728073287e-06, 5.57848863991e-07, 2.90372383915e-07, 2.94560535963e-08, 3.13183612377e-09, 1.21741006165e-09, 9.43585543034e-10, 9.49419431961e-10, 2.02059169396e-09],
        "dmean2": [1.46175307236e-06, 6.21889048489e-05, 0.000544716021977, 0.00136223551817, 0.00196634372696, 0.00114639557432, 0.00112191447988, 0.00120084523223, 0.00195571570657, 0.00112289527897, 0.000105806306237, 0.000123134101159, 9.87970488495e-05, 6.95567359799e-05, 2.95390764222e-05, 5.14221173944e-05, 1.23953841467e-05, 4.52028280051e-06, 5.03689716425e-06, 7.11477866844e-07, 3.90911367276e-07, 4.4364885099e-08, 4.72340877522e-09, 2.16902318328e-09, 1.72760372674e-09, 1.73278769111e-09, 3.54448492779e-09],
        "dvar": [2.45915896153e-12, 5.97171094796e-08, 1.88762396647e-06, 1.69650720636e-05, 1.25429851323e-05, 1.26870118038e-05, 2.08271580959e-06, 7.72251587478e-06, 3.10124632961e-05, 1.26491368064e-05, 1.35050669314e-07, 3.50024464524e-07, 6.44668673999e-08, 3.27559597224e-08, 6.39629549326e-09, 1.62866751197e-08, 1.90967908154e-09, 1.41014089294e-10, 3.38996830607e-10, 7.0929820177e-12, 3.91045572659e-12, 7.73638355526e-14, 3.60043927376e-16, 1.45050702992e-17, 2.35846977022e-18, 2.23755933252e-18, 3.56168710283e-18],
        "dvar2": [6.74383812682e-12, 6.62295178699e-08, 3.62030573342e-06, 5.42804700672e-05, 3.01133532048e-05, 1.56961523317e-05, 5.68933091927e-06, 1.32382137963e-05, 5.21034926351e-05, 2.17862725549e-05, 2.40488645886e-07, 5.86848500461e-07, 1.17215897433e-07, 5.36931743511e-08, 1.19811733867e-08, 3.43276305159e-08, 3.8236085409e-09, 2.97417090955e-10, 7.39765138036e-10, 1.22887715628e-11, 8.04978219499e-12, 1.67012928552e-13, 5.46529215672e-16, 4.10898197342e-17, 7.48700611166e-18, 7.10003034159e-18, 1.09036541251e-17],
        "max": [2.74255617114e-05, 0.0198714639992, 0.0394003018737, 0.143712162971, 0.0644856616855, 0.122922807932, 0.0273120626807, 0.0569782741368, 0.119333423674, 0.0943620726466, 0.0178785584867, 0.0370188429952, 0.00684533594176, 0.00745702255517, 0.00168184121139, 0.00267329090275, 0.00172671291512, 0.000303434819216, 0.000432712055044, 9.25092754187e-05, 6.42170853098e-05, 8.59884130477e-06, 9.24617665987e-07, 1.38006313932e-07, 2.13448920761e-08, 2.17019380244e-08, 3.66711603306e-08],
        "mean": [1.06350023543e-06, 0.00012910697842, 0.00147524743807, 0.00203864090145, 0.00370201445185, 0.00277103087865, 0.0018815115327, 0.00170201656874, 0.00443597463891, 0.00210959464312, 0.000199481175514, 0.00024618091993, 0.000162781405379, 0.000135704001877, 5.70796655666e-05, 8.30840217532e-05, 1.8770530005e-05, 7.58584747018e-06, 6.60562409394e-06, 1.22147309867e-06, 4.29242021482e-07, 3.93128125609e-08, 4.7289656635e-09, 1.52757950733e-09, 1.32537303354e-09, 1.8371804078e-09, 1.26299353198e-08],
        "median": [4.21263081307e-07, 8.57261511555e-06, 0.000241324392846, 0.000554748112336, 0.000887252448592, 0.000463473203126, 0.00103715620935, 0.000214269588469, 0.000319696118822, 0.000144908073707, 2.62226894847e-05, 4.04279089707e-05, 4.44490397058e-05, 2.45178925979e-05, 7.53369067752e-06, 6.28487805443e-06, 1.68217570717e-06, 5.78805838813e-07, 2.19218435404e-07, 2.59500261279e-08, 6.72873134988e-09, 1.24225185694e-09, 8.2808843116e-10, 7.65367935696e-10, 8.2300666282e-10, 1.37870570516e-09, 1.24370398424e-08],
        "min": [1.35978350398e-24, 1.32412085767e-23, 1.40924778459e-23, 1.19975307054e-23, 4.49851654626e-23, 3.16890158793e-23, 1.3066762716e-22, 6.37216911233e-23, 4.64823414192e-23, 3.8452519954e-23, 9.82765061426e-23, 4.0373352082e-23, 1.98491237218e-22, 1.81862049336e-22, 1.30855489652e-22, 1.76760694122e-22, 4.5372936667e-22, 1.04899984251e-22, 2.13677327137e-22, 2.85038719608e-22, 4.72747149642e-22, 5.78966551089e-22, 7.29713805865e-22, 1.00095387149e-21, 9.88334419417e-22, 1.85761824242e-21, 2.35689464547e-21],
        "var": [3.4527899203e-12, 5.28349460183e-07, 1.02616641016e-05, 2.87255279545e-05, 4.95773965667e-05, 7.15340138413e-05, 6.11408040641e-06, 2.14193223655e-05, 0.000112056863145, 4.08194428019e-05, 4.37382823293e-07, 1.05440653897e-06, 1.58040506903e-07, 1.2903232971e-07, 2.12358095553e-08, 4.18469312535e-08, 4.75640238307e-09, 4.43565351116e-10, 7.03916314126e-10, 2.50640914273e-11, 5.5992237756e-12, 9.98716083792e-14, 1.04044995614e-15, 1.31165310085e-17, 2.10100091237e-18, 2.0483628605e-18, 7.88849062967e-18]
    },
    "erbbands": {
        "dmean": [0.000487909826916, 0.0200777612627, 0.356162846088, 1.618673563, 3.97034406662, 4.82409572601, 3.82671403885, 8.26926612854, 8.79359149933, 11.4761724472, 22.5620365143, 36.766368866, 24.3447475433, 18.9071178436, 3.28160071373, 3.88444399834, 3.94058871269, 2.2074136734, 1.89654874802, 1.51618111134, 1.87746918201, 0.549666285515, 0.239051654935, 0.186759501696, 0.0934869647026, 0.0285482592881, 0.0180056784302, 0.0048529044725, 0.00121145532466, 0.00052476208657, 0.000100469842437, 3.00840692944e-05, 2.11585593206e-05, 1.21931243484e-05, 8.09421726444e-06, 5.10250811203e-06, 2.75038019026e-06, 9.64825630945e-07, 2.88306955554e-06, 6.60549494569e-06],
        "dmean2": [0.000739021925256, 0.0263624619693, 0.468755751848, 2.43038630486, 6.26671266556, 7.39737892151, 5.20086050034, 11.0375452042, 14.6036376953, 16.9829521179, 30.7207756042, 47.1870079041, 29.1137828827, 25.3977909088, 4.43632745743, 4.69473600388, 5.23706388474, 2.90036964417, 2.36233329773, 2.15390896797, 2.50579977036, 0.751918196678, 0.329489827156, 0.265415966511, 0.134659692645, 0.0373384580016, 0.0238725356758, 0.00639330781996, 0.001766946516, 0.000740099872928, 0.000150496329297, 5.1416693168e-05, 3.60787380487e-05, 2.08079090953e-05, 1.33364410431e-05, 8.00071939011e-06, 4.16034163209e-06, 1.57641898113e-06, 3.83337965104e-06, 8.78418177308e-06],
        "dvar": [1.69368411207e-06, 0.0081000039354, 1.49361252785, 38.1710700989, 225.708465576, 184.021743774, 184.552810669, 1119.63000488, 410.914276123, 950.062805176, 4361.49853516, 18884.5800781, 10210.1142578, 7914.5703125, 177.227890015, 624.063049316, 178.961135864, 57.8557853699, 41.4327735901, 39.9648551941, 56.9620323181, 7.48929786682, 0.747252583504, 0.642607033253, 0.261214911938, 0.0152594232932, 0.0146084399894, 0.00226561143063, 0.000116453411465, 2.10698835872e-05, 6.20123955741e-07, 9.80546399632e-09, 5.3612057016e-09, 3.88961446385e-10, 1.52023157951e-10, 6.01406632827e-11, 1.71317491443e-11, 1.46154941448e-12, 2.51130765488e-11, 1.39454031656e-10],
        "dvar2": [2.68645771939e-06, 0.010635253042, 2.80035567284, 108.266822815, 698.19128418, 443.693847656, 245.859588623, 1462.14733887, 1118.16027832, 1890.39355469, 8463.48828125, 33780.03125, 14004.3066406, 15787.7089844, 339.31036377, 888.669616699, 312.550018311, 87.411781311, 72.6507263184, 86.5164108276, 115.986198425, 16.1865558624, 1.4132348299, 1.37551534176, 0.570934653282, 0.0270693507046, 0.0300931334496, 0.00425046961755, 0.000250521930866, 4.40607873315e-05, 8.73509407029e-07, 2.4508453933e-08, 1.38517872728e-08, 1.07257125403e-09, 3.94439758633e-10, 1.39822389777e-10, 3.66607126601e-11, 3.61492173001e-12, 4.85557809238e-11, 2.77333322973e-10],
        "max": [0.0901855826378, 6.18610286713, 40.0842933655, 217.70123291, 474.886383057, 300.278015137, 496.319335938, 1089.75341797, 568.364624023, 906.294433594, 1137.01489258, 3487.61279297, 3684.46362305, 2274.05419922, 554.897583008, 1901.73999023, 346.873016357, 217.183883667, 313.874511719, 195.64402771, 170.406509399, 124.400848389, 20.7132911682, 20.7384223938, 13.1567831039, 2.356975317, 4.27408409119, 2.42295885086, 0.334031134844, 0.149329513311, 0.0419000163674, 0.00349903316237, 0.0028793560341, 0.000368206616258, 0.00022162917594, 0.000142445540405, 7.67592428019e-05, 2.20107413043e-05, 0.000109118351247, 0.000260267930571],
        "mean": [0.00119468441699, 0.0623046606779, 1.23214137554, 4.96870613098, 10.1073379517, 13.2533416748, 12.9371404648, 25.2943973541, 26.8818950653, 29.5854682922, 49.399471283, 109.328819275, 65.1775970459, 46.0480117798, 8.94597816467, 9.99370765686, 9.41879940033, 6.01375293732, 4.36186313629, 4.33897733688, 3.97870111465, 1.12682831287, 0.594177663326, 0.396357536316, 0.188411653042, 0.0633706822991, 0.0295567344874, 0.00677984580398, 0.00151252013166, 0.000763817981351, 0.000180079761776, 5.2735733334e-05, 3.92929978261e-05, 2.88939918391e-05, 2.19557550736e-05, 1.56845781021e-05, 9.98864197754e-06, 4.31140733781e-06, 1.1819312931e-05, 2.40561712417e-05],
        "median": [0.000357307028025, 0.00625741947442, 0.222671091557, 1.80421733856, 1.84547686577, 3.00355434418, 3.34644317627, 4.04531097412, 14.6651296616, 10.4900560379, 9.8348865509, 9.03224086761, 9.86444187164, 5.20315933228, 2.75180625916, 2.32119488716, 2.85997271538, 1.74668478966, 0.745443940163, 0.515457093716, 0.345222860575, 0.14073048532, 0.0586573146284, 0.0254171788692, 0.0071794516407, 0.00205451622605, 0.000601683917921, 0.000233894446865, 7.45294164517e-05, 4.76686873299e-05, 3.44575746567e-05, 2.89157105726e-05, 2.48437772825e-05, 2.07345583476e-05, 1.59841019922e-05, 1.13436590254e-05, 7.52640835344e-06, 3.75049398826e-06, 8.58496332512e-06, 1.64597258845e-05],
        "min": [7.16857518812e-22, 1.85344093994e-21, 1.15314922751e-20, 4.00539722656e-20, 4.32986302236e-20, 1.53341449485e-19, 4.13434951418e-19, 1.53650892583e-19, 8.63783923345e-19, 2.74631077121e-18, 1.09292530903e-18, 8.52813647266e-19, 1.66635431001e-18, 2.14006534398e-18, 3.00105406894e-18, 2.5750122129e-18, 7.52753134423e-18, 6.97420707144e-18, 1.00411355296e-17, 1.02629861971e-17, 9.95545533458e-18, 2.01481808104e-17, 9.51591885403e-18, 1.11033247716e-17, 1.06562361321e-17, 1.40116967685e-17, 2.43339992601e-17, 1.34061716087e-17, 1.75471014481e-17, 1.90375948851e-17, 2.52140201702e-17, 2.13329152058e-17, 1.58621643188e-17, 1.01048731045e-17, 8.35009877051e-18, 7.29154912318e-18, 3.1068115918e-18, 1.35243844037e-18, 3.42755289057e-19, 3.38806684241e-20],
        "var": [1.21709417726e-05, 0.0626160502434, 8.04644870758, 100.209220886, 533.566955566, 641.374328613, 972.634765625, 6287.20556641, 1552.80664062, 3787.3605957, 10866.5908203, 70221.4921875, 37706.3007812, 20137.2402344, 485.312164307, 2109.32446289, 480.824768066, 210.281509399, 169.095794678, 123.341873169, 133.97038269, 16.0961914062, 2.43903517723, 1.5319224596, 0.566940367222, 0.048946980387, 0.0218042507768, 0.00400695344433, 0.000151989443111, 3.24098546116e-05, 1.96090945792e-06, 1.66350400121e-08, 5.55988188822e-09, 7.71620045636e-10, 4.07114897349e-10, 2.07974734656e-10, 6.91450993684e-11, 4.79366286249e-12, 1.13404285962e-10, 6.05902106265e-10]
    },
    "gfcc": {
        "mean": [-234.769515991, 241.296951294, -112.160499573, -67.6210861206, -22.066160202, -35.8744087219, -31.167886734, -13.1414289474, -15.2872772217, -18.4674510956, -12.2999048233, -18.9549369812, -9.22564029694],
        "cov": [[11326.0585938, 2218.31860352, -4032.15649414, -40.7062454224, 1205.12939453, -737.395812988, 299.818145752, 132.322784424, -297.574584961, -652.862670898, -576.802246094, -638.811035156, -17.0864334106], [2218.31860352, 1399.58996582, -120.278839111, -395.204772949, 370.193817139, 101.722938538, -151.255142212, -121.733085632, -141.930252075, -223.283615112, -59.5252304077, -119.54234314, -52.118434906], [-4032.15649414, -120.278839111, 2493.85400391, -87.9767074585, -449.407806396, 540.469909668, -239.443115234, -218.804016113, 84.8976516724, 140.222702026, 136.437362671, 196.751739502, 29.1032905579], [-40.7062454224, -395.204772949, -87.9767074585, 574.527038574, -5.3042345047, -136.360534668, 216.104873657, 77.6555862427, -5.71891355515, 53.450138092, -57.8979301453, -49.2078437805, -1.07800984383], [1205.12939453, 370.193817139, -449.407806396, -5.3042345047, 335.327606201, -26.0095405579, -13.3064746857, 36.4658813477, -73.2908096313, -124.676856995, -7.50878381729, -26.9255657196, -28.0301856995], [-737.395812988, 101.722938538, 540.469909668, -136.360534668, -26.0095405579, 320.234375, -32.1353759766, -76.8569335938, 17.9763011932, -30.635597229, 5.10468769073, 78.7091140747, 18.5868186951], [299.818145752, -151.255142212, -239.443115234, 216.104873657, -13.3064746857, -32.1353759766, 252.250793457, 86.9799575806, -20.4377346039, 11.4558000565, -90.1602706909, -78.4915542603, 14.2647018433], [132.322784424, -121.733085632, -218.804016113, 77.6555862427, 36.4658813477, -76.8569335938, 86.9799575806, 144.356201172, 41.3757896423, 13.0005588531, -8.28257846832, -27.213344574, -16.401216507], [-297.574584961, -141.930252075, 84.8976516724, -5.71891355515, -73.2908096313, 17.9763011932, -20.4377346039, 41.3757896423, 143.381515503, 78.8027420044, -17.3052482605, 11.6052064896, 7.08394002914], [-652.862670898, -223.283615112, 140.222702026, 53.450138092, -124.676856995, -30.635597229, 11.4558000565, 13.0005588531, 78.8027420044, 186.171356201, 85.6691665649, 9.67949676514, -15.109662056], [-576.802246094, -59.5252304077, 136.437362671, -57.8979301453, -7.50878381729, 5.10468769073, -90.1602706909, -8.28257846832, -17.3052482605, 85.6691665649, 209.644271851, 115.199310303, -42.4895095825], [-638.811035156, -119.54234314, 196.751739502, -49.2078437805, -26.9255657196, 78.7091140747, -78.4915542603, -27.213344574, 11.6052064896, 9.67949676514, 115.199310303, 178.936141968, 42.4624900818], [-17.0864334106, -52.118434906, 29.1032905579, -1.07800984383, -28.0301856995, 18.5868186951, 14.2647018433, -16.401216507, 7.08394002914, -15.109662056, -42.4895095825, 42.4624900818, 110.746170044]],
        "icov": [[0.00115575944073, -0.00180808012374, 0.00177715148311, -0.00129366992041, 0.000639653473627, 9.23481347854e-05, -0.000809631426819, 0.00203293794766, -0.003633037908, 0.00398543477058, -0.00336923124269, 0.00337972072884, -0.00241282046773], [-0.00180808012374, 0.00541044492275, -0.00400488683954, 0.0046800961718, -0.0053563346155, 0.00247905962169, -0.00250760349445, 0.0014575420646, 0.00257950811647, -0.00334854796529, 0.00303588691168, -0.00275023654103, 0.00372975785285], [0.00177715148311, -0.00400488683954, 0.00531683862209, -0.00527714937925, 0.00605239998549, -0.00592531450093, 0.00566399935633, -0.00193432404194, -0.000952800852247, 0.00332971219905, -0.00389106641524, 0.00557233672589, -0.00466302223504], [-0.00129366992041, 0.0046800961718, -0.00527714937925, 0.00962648727, -0.00906082522124, 0.00916251540184, -0.0110919224098, 0.00619183806702, -0.0014963876456, -0.00261534331366, 0.00441807229072, -0.00635839160532, 0.00586992036551], [0.000639653473627, -0.0053563346155, 0.00605239998549, -0.00906082522124, 0.0174668636173, -0.0120102204382, 0.0143084414303, -0.012495518662, 0.00708696292713, 0.00119368324522, -0.00251187407412, 0.00391481956467, -0.00411293376237], [9.23481347854e-05, 0.00247905962169, -0.00592531450093, 0.00916251540184, -0.0120102204382, 0.0202320609242, -0.0209312159568, 0.0176923051476, -0.0159815046936, 0.00971428118646, -0.00427354453132, -0.00383696123026, 0.00388725125231], [-0.000809631426819, -0.00250760349445, 0.00566399935633, -0.0110919224098, 0.0143084414303, -0.0209312159568, 0.0367555171251, -0.0307646263391, 0.0328111387789, -0.0246549397707, 0.022203758359, -0.00621966971084, 0.000383529142709], [0.00203293794766, 0.0014575420646, -0.00193432404194, 0.00619183806702, -0.012495518662, 0.0176923051476, -0.0307646263391, 0.0403203442693, -0.0391779579222, 0.030988952145, -0.0293189994991, 0.0160313211381, -0.00529125938192], [-0.003633037908, 0.00257950811647, -0.000952800852247, -0.0014963876456, 0.00708696292713, -0.0159815046936, 0.0328111387789, -0.0391779579222, 0.0607347823679, -0.0520671829581, 0.0515273436904, -0.0322909727693, 0.0164984054863], [0.00398543477058, -0.00334854796529, 0.00332971219905, -0.00261534331366, 0.00119368324522, 0.00971428118646, -0.0246549397707, 0.030988952145, -0.0520671829581, 0.059822447598, -0.0568815171719, 0.0390998162329, -0.020747454837], [-0.00336923124269, 0.00303588691168, -0.00389106641524, 0.00441807229072, -0.00251187407412, -0.00427354453132, 0.022203758359, -0.0293189994991, 0.0515273436904, -0.0568815171719, 0.0691040083766, -0.0494215264916, 0.0292594190687], [0.00337972072884, -0.00275023654103, 0.00557233672589, -0.00635839160532, 0.00391481956467, -0.00383696123026, -0.00621966971084, 0.0160313211381, -0.0322909727693, 0.0390998162329, -0.0494215264916, 0.0482638888061, -0.0275556482375], [-0.00241282046773, 0.00372975785285, -0.00466302223504, 0.00586992036551, -0.00411293376237, 0.00388725125231, 0.000383529142709, -0.00529125938192, 0.0164984054863, -0.020747454837, 0.0292594190687, -0.0275556482375, 0.0270740445703]]
    },
    "melbands": {
        "dmean": [7.42070551496e-06, 0.000129709835164, 0.000342765706591, 0.000337685487466, 0.000141267868457, 0.000180054514203, 0.000134186149808, 0.000141278418596, 0.000207814751775, 0.000220606845687, 0.000124079655507, 8.74181932886e-05, 1.11979297799e-05, 9.03622822079e-06, 1.27381026687e-05, 5.79686548008e-06, 4.11372684539e-06, 3.58161037184e-06, 1.47071261836e-06, 2.28139765568e-06, 2.17630622501e-06, 4.66729801474e-07, 4.06671432529e-07, 1.44762708487e-07, 1.60328156085e-07, 1.36712529297e-07, 2.06765609079e-08, 1.60529101123e-08, 9.8358015066e-09, 7.57657225847e-09, 2.0133199552e-09, 7.78092923426e-10, 3.39449829356e-10, 2.04968236828e-10, 6.5006944272e-11, 2.18439051569e-11, 1.58867936167e-11, 1.50957406297e-11, 1.08399634755e-11, 8.90302328388e-12],
        "dmean2": [1.03676075014e-05, 0.000169979131897, 0.000535706349183, 0.000515971158165, 0.000198937821551, 0.000239004701143, 0.000222450049478, 0.000201509668841, 0.000281846820144, 0.000278913270449, 0.000149714949657, 0.000117720926937, 1.55032921612e-05, 1.1579423699e-05, 1.59276314662e-05, 7.93467279436e-06, 5.43162468603e-06, 4.495007488e-06, 2.01993179871e-06, 3.25900600728e-06, 2.8397537335e-06, 6.52447113225e-07, 5.71807845517e-07, 1.98361988168e-07, 2.30866191941e-07, 2.01598609806e-07, 2.54775187614e-08, 2.16584936652e-08, 1.31439401585e-08, 1.06384696608e-08, 2.53388998672e-09, 1.21299814637e-09, 4.77618555816e-10, 2.99833435857e-10, 9.53802939407e-11, 3.82152365308e-11, 2.87069239907e-11, 2.62744253438e-11, 1.97418869446e-11, 1.62733940906e-11],
        "dvar": [1.216077683e-09, 2.03739858762e-07, 2.18525474338e-06, 9.66316292761e-07, 1.92923906184e-07, 5.18170566011e-07, 8.54619273127e-08, 1.56634882842e-07, 3.7663315311e-07, 6.60008765863e-07, 2.73638818271e-07, 1.67634610193e-07, 2.99557356698e-09, 4.42928271838e-09, 2.80413980924e-09, 3.44810763275e-10, 2.15109874357e-10, 1.82095519219e-10, 3.28676391659e-11, 7.03175920269e-11, 9.33998989261e-11, 9.01648981172e-12, 3.85061774133e-12, 4.14471327268e-13, 5.70795038839e-13, 7.13336562128e-13, 1.89727045381e-14, 5.71243720661e-15, 4.73812739464e-15, 2.60873399908e-15, 1.3546458165e-15, 5.71396448642e-17, 1.07296707453e-17, 2.70767440557e-18, 4.14289816731e-19, 3.58847711442e-21, 2.66539423986e-21, 2.94354018318e-21, 8.15246573318e-22, 2.04726759845e-22],
        "dvar2": [1.37639566411e-09, 3.72793749648e-07, 6.89717853675e-06, 2.41302723225e-06, 2.89179496349e-07, 6.64745073209e-07, 2.30588980799e-07, 2.66512500957e-07, 7.29992905235e-07, 1.15422653835e-06, 3.81546186645e-07, 3.29352786821e-07, 5.36513544702e-09, 8.22034529335e-09, 4.15061807146e-09, 6.22328466537e-10, 3.27168708791e-10, 3.24793719697e-10, 6.94168819648e-11, 1.50446793912e-10, 1.8682477787e-10, 1.94588095637e-11, 7.03959373433e-12, 8.34563971749e-13, 1.21234619566e-12, 1.57612443062e-12, 3.04920544651e-14, 1.02732221601e-14, 9.80311887439e-15, 5.77447855835e-15, 2.49891893033e-15, 1.29218396584e-16, 2.17337801656e-17, 5.78143661637e-18, 5.70387147674e-19, 8.79872098352e-21, 7.9190103631e-21, 7.11098657499e-21, 2.34234406189e-21, 6.47989886055e-22],
        "max": [0.00289567746222, 0.0166259612888, 0.0530939511955, 0.0214174538851, 0.0156048946083, 0.0239966269583, 0.00785257760435, 0.0112801939249, 0.0108815031126, 0.0235044490546, 0.0181842502207, 0.00996621139348, 0.00263775535859, 0.00405123597011, 0.00216196221299, 0.000451330211945, 0.000423493649578, 0.000723039498553, 0.000147334751091, 0.000206452372367, 0.000218476183363, 0.000135366717586, 5.32078374818e-05, 1.78664158739e-05, 2.18788391066e-05, 2.18566055992e-05, 6.19996626483e-06, 1.61143168498e-06, 2.30281079894e-06, 1.51124311287e-06, 2.0599909476e-06, 2.17534136482e-07, 1.43984067336e-07, 5.48726823979e-08, 3.59568090857e-08, 1.43350409321e-09, 1.47900358627e-09, 1.70664637977e-09, 1.11482167942e-09, 1.96171606737e-10],
        "mean": [1.9503868316e-05, 0.000447908096248, 0.000967684376519, 0.00094429514138, 0.00046152313007, 0.000558322761208, 0.000403229641961, 0.000341196864611, 0.000489705940709, 0.000643831444904, 0.000320159888361, 0.000211718826904, 2.98789636872e-05, 2.15412655962e-05, 3.09804527205e-05, 1.40565489346e-05, 1.08462018034e-05, 7.88543002272e-06, 3.92554784412e-06, 5.98325050305e-06, 4.34125922766e-06, 9.0537429287e-07, 8.78864909737e-07, 3.58879788109e-07, 3.26510530613e-07, 2.59548329495e-07, 4.6781220675e-08, 3.42191839309e-08, 1.60309223673e-08, 1.05794395466e-08, 2.64373811731e-09, 8.35544911038e-10, 4.70238459283e-10, 2.85957868496e-10, 1.04966701997e-10, 2.94197825823e-11, 1.91702018842e-11, 1.85504216155e-11, 1.433216653e-11, 1.23795348972e-11],
        "median": [2.19623325393e-06, 6.47533452138e-05, 0.000327276618918, 0.000185630749911, 0.000132476023282, 9.15087584872e-05, 0.000226831631153, 8.97682475625e-05, 7.29782113922e-05, 4.59132425021e-05, 3.00214287563e-05, 1.69597369677e-05, 5.83679138799e-06, 4.02273826694e-06, 4.88565228807e-06, 4.12549479734e-06, 2.34439335145e-06, 6.14569842128e-07, 4.92373715133e-07, 5.01479632931e-07, 1.64874776942e-07, 7.36732985729e-08, 6.95211355151e-08, 1.85803603614e-08, 1.59310840075e-08, 5.84358383904e-09, 1.24351917652e-09, 5.78506631488e-10, 1.80789230808e-10, 1.51424067729e-10, 4.67377872515e-11, 2.57255137331e-11, 2.02629059365e-11, 1.84024739891e-11, 1.25339495727e-11, 1.05422302832e-11, 9.48905017062e-12, 8.99094514117e-12, 8.40606577401e-12, 7.72764664758e-12],
        "min": [4.67354766284e-24, 4.67163230857e-24, 6.10908715588e-24, 6.37169421806e-24, 1.31847119364e-23, 3.73844614529e-24, 1.8224233078e-23, 2.82590455079e-23, 8.33492130884e-24, 5.47445644624e-24, 8.09927830125e-24, 7.36530949326e-24, 1.26848525904e-23, 3.62394101275e-24, 1.44045165101e-23, 1.84280621141e-23, 1.11549491614e-23, 1.84106803529e-23, 1.01920434524e-23, 1.47941049345e-23, 1.14904209388e-23, 2.06704008149e-23, 1.98355729848e-23, 4.38171567071e-24, 9.20501122147e-24, 8.3523014923e-24, 6.73445111647e-24, 9.39277116096e-24, 1.66267487241e-23, 9.26849006965e-24, 7.94886777018e-24, 8.73868083051e-24, 1.34172097555e-23, 9.05753683068e-24, 1.43338598165e-23, 1.41263815098e-23, 1.31348472497e-23, 1.19283483929e-23, 8.60132910286e-24, 7.86884414223e-24],
        "var": [1.08089430739e-08, 1.13895691811e-06, 4.32647311754e-06, 3.59687305718e-06, 9.62354647527e-07, 2.96689449897e-06, 3.1729013017e-07, 6.13925294601e-07, 1.04578953142e-06, 2.4443888833e-06, 1.0117240663e-06, 4.46867232995e-07, 9.11121578184e-09, 1.07843796116e-08, 1.03644985927e-08, 9.61210555595e-10, 7.55825513288e-10, 7.52674700344e-10, 9.74437266987e-11, 2.16383827523e-10, 2.12866738125e-10, 1.85660150448e-11, 1.08708337471e-11, 1.37162655366e-12, 1.2970876543e-12, 1.48665910311e-12, 7.5660459072e-14, 1.70010557824e-14, 7.35546216627e-15, 3.16751888153e-15, 2.46270467195e-15, 5.85202357764e-17, 1.66145810389e-17, 4.07127378715e-18, 1.30547412372e-18, 6.60496368202e-21, 2.37184831803e-21, 2.97190726792e-21, 6.45811266805e-22, 1.87207989297e-22]
    },
    "mfcc": {
        "mean": [-847.049316406, 239.766403198, 7.05991792679, -24.2822113037, -1.63094961643, -15.4872703552, -16.6651725769, -9.85669898987, -8.42005348206, -5.62373447418, -5.13536691666, -8.1812620163, -10.0615673065],
        "cov": [[5437.35742188, 2700.95874023, -2105.28173828, -392.378814697, 368.365875244, -388.459075928, -15.7841749191, 230.931091309, 80.2492599487, 2.94519400597, -143.895675659, -239.063934326, -245.865005493], [2700.95874023, 2060.07397461, -406.489715576, -491.919250488, 207.213470459, 40.4835205078, -74.6176300049, 89.0096893311, 15.6248321533, -109.776229858, -125.450279236, -164.634262085, -201.546295166], [-2105.28173828, -406.489715576, 1618.37268066, 129.428726196, -186.257293701, 376.907897949, 21.3453540802, -145.333374023, -13.354932785, -37.2862434387, -1.62120759487, 48.3585166931, 12.3832359314], [-392.378814697, -491.919250488, 129.428726196, 512.342041016, 14.7547769547, -81.1702423096, 109.214408875, -4.79978370667, 28.2616539001, 100.312866211, 27.7838249207, 45.8109817505, 54.3004493713], [368.365875244, 207.213470459, -186.257293701, 14.7547769547, 236.361328125, 15.0163822174, -31.6017284393, 80.5512390137, -4.6679019928, -56.8889274597, -10.5471401215, -17.8374862671, -12.0692033768], [-388.459075928, 40.4835205078, 376.907897949, -81.1702423096, 15.0163822174, 238.429840088, 37.523651123, -16.2331829071, 6.45026922226, -47.1061477661, -28.8870811462, -23.0779743195, -19.8673362732], [-15.7841749191, -74.6176300049, 21.3453540802, 109.214408875, -31.6017284393, 37.523651123, 167.953872681, 56.7037963867, 4.21456956863, 29.7559356689, -13.1589756012, -19.3098907471, 8.80900478363], [230.931091309, 89.0096893311, -145.333374023, -4.79978370667, 80.5512390137, -16.2331829071, 56.7037963867, 174.642333984, 70.8518600464, -25.1830749512, -16.5879821777, -40.3404579163, -31.9332008362], [80.2492599487, 15.6248321533, -13.354932785, 28.2616539001, -4.6679019928, 6.45026922226, 4.21456956863, 70.8518600464, 163.015731812, 82.348449707, -25.7626533508, -24.5297679901, -31.3771648407], [2.94519400597, -109.776229858, -37.2862434387, 100.312866211, -56.8889274597, -47.1061477661, 29.7559356689, -25.1830749512, 82.348449707, 161.445663452, 49.2812461853, 12.8528833389, 11.6526279449], [-143.895675659, -125.450279236, -1.62120759487, 27.7838249207, -10.5471401215, -28.8870811462, -13.1589756012, -16.5879821777, -25.7626533508, 49.2812461853, 131.826416016, 98.0872650146, 31.0019397736], [-239.063934326, -164.634262085, 48.3585166931, 45.8109817505, -17.8374862671, -23.0779743195, -19.3098907471, -40.3404579163, -24.5297679901, 12.8528833389, 98.0872650146, 177.709442139, 100.77822876], [-245.865005493, -201.546295166, 12.3832359314, 54.3004493713, -12.0692033768, -19.8673362732, 8.80900478363, -31.9332008362, -31.3771648407, 11.6526279449, 31.0019397736, 100.77822876, 144.270294189]],
