{
"lowlevel": {
    "average_loudness": 0.951309561729,
    "barkbands_crest": {
        "dmean": 2.73384976387,
        "dmean2": 4.28533411026,
        "dvar": 7.03224039078,
        "dvar2": 16.35313797,
        "max": 26.5082836151,
        "mean": 11.0130662918,
        "median": 10.0472831726,
        "min": 2.48719787598,
        "var": 23.8971061707
    },
    "barkbands_flatness_db": {
        "dmean": 0.024476364255,
        "dmean2": 0.0367545932531,
        "dvar": 0.000658683129586,
        "dvar2": 0.00144257117063,
        "max": 0.528182208538,
        "mean": 0.157235771418,
        "median": 0.134387910366,
        "min": 0.0281436480582,
        "var": 0.00566988019273
    },
    "barkbands_kurtosis": {
        "dmean": 3.8764603138,
        "dmean2": 6.04244232178,
        "dvar": 202.582305908,
        "dvar2": 469.116424561,
        "max": 711.486450195,
        "mean": 5.30990505219,
        "median": 1.33392500877,
        "min": -1.90836107731,
        "var": 289.679168701
    },
    "barkbands_skewness": {
        "dmean": 0.598735749722,
        "dmean2": 0.902268946171,
        "dvar": 0.547911584377,
        "dvar2": 1.15625536442,
        "max": 24.74335289,
        "mean": 1.61671221256,
        "median": 1.33553576469,
        "min": -3.19567871094,
        "var": 2.09428286552
    },
    "barkbands_spread": {
        "dmean": 4.69908618927,
        "dmean2": 7.19518566132,
        "dvar": 28.8274326324,
        "dvar2": 64.7041625977,
        "max": 123.020820618,
        "mean": 20.3804645538,
        "median": 20.4470825195,
        "min": 0.326078772545,
        "var": 132.9556427
    },
    "dissonance": {
        "dmean": 0.0189869068563,
        "dmean2": 0.0319339744747,
        "dvar": 0.000389834283851,
        "dvar2": 0.00103924435098,
        "max": 0.500000119209,
        "mean": 0.4644767344,
        "median": 0.473758816719,
        "min": 0.215861514211,
        "var": 0.000980112934485
    },
    "dynamic_complexity": 3.3975777626,
    "erbbands_crest": {
        "dmean": 2.58657932281,
        "dmean2": 4.02490472794,
        "dvar": 5.84837198257,
        "dvar2": 13.0189876556,
        "max": 33.4779510498,
        "mean": 9.26104831696,
        "median": 7.80581665039,
        "min": 2.2753970623,
        "var": 24.9237232208
    },
    "erbbands_flatness_db": {
        "dmean": 0.0211032517254,
        "dmean2": 0.0282740984112,
        "dvar": 0.000485219323309,
        "dvar2": 0.000845319300424,
        "max": 0.554814100266,
        "mean": 0.167999491096,
        "median": 0.15276286006,
        "min": 0.0366715677083,
        "var": 0.00417903577909
    },
    "erbbands_kurtosis": {
        "dmean": 1.1512556076,
        "dmean2": 1.78799009323,
        "dvar": 4.97995662689,
        "dvar2": 11.4451284409,
        "max": 77.044128418,
        "mean": 0.904409050941,
        "median": -0.0547248125076,
        "min": -1.69674944878,
        "var": 11.2764720917
    },
    "erbbands_skewness": {
        "dmean": 0.36773198843,
        "dmean2": 0.545378088951,
        "dvar": 0.125416129827,
        "dvar2": 0.277596116066,
        "max": 6.7382569313,
        "mean": 0.157552599907,
        "median": 0.00768991094083,
        "min": -4.80048179626,
        "var": 0.837592840195
    },
    "erbbands_spread": {
        "dmean": 7.79913949966,
        "dmean2": 11.7985992432,
        "dvar": 72.0885696411,
        "dvar2": 154.097900391,
        "max": 153.861587524,
        "mean": 34.2477340698,
        "median": 32.3348884583,
        "min": 0.470352709293,
        "var": 289.761199951
    },
    "hfc": {
        "dmean": 7.41927576065,
        "dmean2": 10.320602417,
        "dvar": 189.286437988,
        "dvar2": 409.773986816,
        "max": 182.448181152,
        "mean": 21.2311820984,
        "median": 15.2713470459,
        "min": 1.19331483917e-16,
        "var": 455.042633057
    },
    "melbands_crest": {
        "dmean": 3.00701975822,
        "dmean2": 4.71122980118,
        "dvar": 7.87639713287,
        "dvar2": 18.5367622375,
        "max": 34.3864746094,
        "mean": 14.5647287369,
        "median": 14.2521743774,
        "min": 2.21969938278,
        "var": 25.9772148132
    },
    "melbands_flatness_db": {
        "dmean": 0.0291243512183,
        "dmean2": 0.0439756214619,
        "dvar": 0.000974015274551,
        "dvar2": 0.00217270059511,
        "max": 0.637194275856,
        "mean": 0.229282781482,
        "median": 0.20487177372,
        "min": 0.00620460044593,
        "var": 0.00878263171762
    },
    "melbands_kurtosis": {
        "dmean": 8.7401227951,
        "dmean2": 13.637178421,
        "dvar": 505.408935547,
        "dvar2": 1170.23132324,
        "max": 859.25402832,
        "mean": 14.3093042374,
        "median": 6.70251226425,
        "min": -1.81142032146,
        "var": 834.804321289
    },
    "melbands_skewness": {
        "dmean": 0.814341545105,
        "dmean2": 1.21721494198,
        "dvar": 0.905102610588,
        "dvar2": 1.91574299335,
        "max": 22.1270999908,
        "mean": 2.67913913727,
        "median": 2.33467721939,
        "min": -2.89836740494,
        "var": 3.09484958649
    },
    "melbands_spread": {
        "dmean": 5.95270395279,
        "dmean2": 9.29492855072,
        "dvar": 49.9747848511,
        "dvar2": 115.974784851,
        "max": 267.304412842,
        "mean": 20.6863670349,
        "median": 18.9421272278,
        "min": 0.362546235323,
        "var": 191.384963989
    },
    "pitch_salience": {
        "dmean": 0.0810630470514,
        "dmean2": 0.130820378661,
        "dvar": 0.00593776395544,
        "dvar2": 0.0149518838152,
        "max": 0.954685747623,
        "mean": 0.500573813915,
        "median": 0.509746134281,
        "min": 0.0410222560167,
        "var": 0.0142876496539
    },
    "silence_rate_20dB": {
        "dmean": 0,
        "dmean2": 0,
        "dvar": 0,
        "dvar2": 0,
        "max": 1,
        "mean": 1,
        "median": 1,
        "min": 1,
        "var": 0
    },
    "silence_rate_30dB": {
        "dmean": 0.0416455045342,
        "dmean2": 0.0832970514894,
        "dvar": 0.0399111025035,
        "dvar2": 0.099730655551,
        "max": 1,
        "mean": 0.970037698746,
        "median": 1,
        "min": 0,
        "var": 0.0290611144155
    },
    "silence_rate_60dB": {
        "dmean": 0.0134948845953,
        "dmean2": 0.0269917286932,
        "dvar": 0.0133137144148,
        "dvar2": 0.0304752271622,
        "max": 1,
        "mean": 0.0894515365362,
        "median": 0,
        "min": 0,
        "var": 0.081444837153
    },
    "spectral_centroid": {
        "dmean": 221.097290039,
        "dmean2": 347.053741455,
        "dvar": 60395.3007812,
        "dvar2": 139408.546875,
        "max": 10828.1201172,
        "mean": 1196.80090332,
        "median": 1204.93701172,
        "min": 151.672164917,
        "var": 309303.90625
    },
    "spectral_complexity": {
        "dmean": 3.75955891609,
        "dmean2": 5.54999256134,
        "dvar": 22.7916870117,
        "dvar2": 43.3378982544,
        "max": 64,
        "mean": 19.4933261871,
        "median": 18,
        "min": 0,
        "var": 131.389785767
    },
    "spectral_decrease": {
        "dmean": 3.20442761215e-09,
        "dmean2": 4.81719952816e-09,
        "dvar": 3.13226960543e-17,
        "dvar2": 6.59813387272e-17,
        "max": 3.94832794747e-17,
        "mean": -8.30953794662e-09,
        "median": -6.87236978436e-09,
        "min": -6.12646289255e-08,
        "var": 5.26599125993e-17
    },
    "spectral_energy": {
        "dmean": 0.0125913759694,
        "dmean2": 0.018833681941,
        "dvar": 0.000469029619126,
        "dvar2": 0.000981631106697,
        "max": 0.234240248799,
        "mean": 0.0332879200578,
        "median": 0.0275677088648,
        "min": 1.10246220066e-20,
        "var": 0.000818132015411
    },
    "spectral_energyband_high": {
        "dmean": 0.000458841153886,
        "dmean2": 0.000648178858683,
        "dvar": 1.62379762969e-06,
        "dvar2": 3.49383253706e-06,
        "max": 0.0184615608305,
        "mean": 0.000839617452584,
        "median": 0.000338042678777,
        "min": 7.8754880613e-21,
        "var": 2.72032934845e-06
    },
    "spectral_energyband_low": {
        "dmean": 0.00960195623338,
        "dmean2": 0.0148220723495,
        "dvar": 0.000426717539085,
        "dvar2": 0.000948009139393,
        "max": 0.22164465487,
        "mean": 0.0163361299783,
        "median": 0.0106924027205,
        "min": 1.66140240822e-22,
        "var": 0.00053374649724
    },
    "spectral_energyband_middle_high": {
        "dmean": 0.00215893960558,
        "dmean2": 0.00320105766878,
        "dvar": 8.58408475324e-06,
        "dvar2": 1.91866802197e-05,
        "max": 0.0479017086327,
        "mean": 0.00618955260143,
        "median": 0.00436517316848,
        "min": 1.56705045353e-21,
        "var": 3.67501670553e-05
    },
    "spectral_energyband_middle_low": {
        "dmean": 0.00465360330418,
        "dmean2": 0.00765090668574,
        "dvar": 6.55916301184e-05,
        "dvar2": 0.000179770635441,
        "max": 0.11113435775,
        "mean": 0.0105689028278,
        "median": 0.00835777074099,
        "min": 3.4829549398e-22,
        "var": 8.94367185538e-05
    },
    "spectral_entropy": {
        "dmean": 0.181021660566,
        "dmean2": 0.265349030495,
        "dvar": 0.0467891134322,
        "dvar2": 0.0926596671343,
        "max": 9.7942533493,
        "mean": 7.35407495499,
        "median": 7.49415540695,
        "min": 3.98598432541,
        "var": 0.376634091139
    },
    "spectral_flux": {
        "dmean": 0.0288677550852,
        "dmean2": 0.0437121242285,
        "dvar": 0.00158927077428,
        "dvar2": 0.00304630119354,
        "max": 0.431273639202,
        "mean": 0.0864711403847,
        "median": 0.0720335543156,
        "min": 1.04998197636e-10,
        "var": 0.00370114366524
    },
    "spectral_kurtosis": {
        "dmean": 3.37765526772,
        "dmean2": 5.63871908188,
        "dvar": 45.0581359863,
        "dvar2": 120.088157654,
        "max": 258.913482666,
        "mean": 8.66126060486,
        "median": 4.28312253952,
        "min": -1.20633208752,
        "var": 195.780441284
    },
    "spectral_rms": {
        "dmean": 0.000925332133193,
        "dmean2": 0.00133471353911,
        "dvar": 1.59613853157e-06,
        "dvar2": 3.03504407384e-06,
        "max": 0.0151171116158,
        "mean": 0.00519871525466,
        "median": 0.00518607068807,
        "min": 3.27959274321e-12,
        "var": 5.44947806702e-06
    },
    "spectral_rolloff": {
        "dmean": 369.667510986,
        "dmean2": 619.860351562,
        "dvar": 376425.75,
        "dvar2": 836247.9375,
        "max": 19659.8144531,
        "mean": 1187.86120605,
        "median": 1098.19335938,
        "min": 64.599609375,
        "var": 1091823.25
    },
    "spectral_skewness": {
        "dmean": 0.319251388311,
        "dmean2": 0.518537938595,
        "dvar": 0.18860898912,
        "dvar2": 0.486849039793,
        "max": 13.0942144394,
        "mean": 1.94426679611,
        "median": 1.5897693634,
        "min": 0.00464601814747,
        "var": 1.13810896873
    },
    "spectral_spread": {
        "dmean": 628393.25,
        "dmean2": 874052.1875,
        "dvar": 755460931584,
        "dvar2": 1.35285204582e+12,
        "max": 40631232,
        "mean": 4042802,
        "median": 3915670,
        "min": 323705.125,
        "var": 2.63499651482e+12
    },
    "spectral_strongpeak": {
        "dmean": 0.439420104027,
        "dmean2": 0.758532226086,
        "dvar": 0.942866742611,
        "dvar2": 2.29239726067,
        "max": 16.1074943542,
        "mean": 0.753027200699,
        "median": 0.429577171803,
        "min": 0,
        "var": 1.27285981178
    },
    "zerocrossingrate": {
        "dmean": 0.00795094575733,
        "dmean2": 0.00982681103051,
        "dvar": 8.29873606563e-05,
        "dvar2": 0.00010775282135,
        "max": 0.57470703125,
        "mean": 0.0481750890613,
        "median": 0.046875,
        "min": 0.0029296875,
        "var": 0.000773011241108
    },
    "barkbands": {
        "dmean": [7.13848057785e-05, 0.0083029717207, 0.00250644003972, 0.00097696390003, 0.0026860833168, 0.00107505451888, 0.000746161211282, 0.000699946016539, 0.000721825170331, 0.000415506248828, 0.000358701305231, 0.000502317387145, 0.000449703278719, 0.000515272433404, 0.000433328968938, 0.000398157397285, 0.000243046524702, 0.000215215710341, 0.000177400303073, 0.000122839599499, 0.000153175060404, 0.000113494403195, 8.46887414809e-05, 5.58094398002e-05, 4.65178236482e-05, 3.22732194036e-05, 3.18125921694e-06],
        "dmean2": [0.000117336843687, 0.0130960932001, 0.00443488406017, 0.00174507300835, 0.00464770197868, 0.00179741217289, 0.00104968110099, 0.00094594078837, 0.00108231930062, 0.000645831401926, 0.000580644991715, 0.000788596575148, 0.000716905167792, 0.000796710664872, 0.000642945931759, 0.000634670024738, 0.000390286149923, 0.000320764724165, 0.000298712955555, 0.000194032254512, 0.000245826435275, 0.000183198251761, 0.000124088561279, 7.87353055784e-05, 6.29999194643e-05, 4.62373354821e-05, 5.0616763474e-06],
        "dvar": [3.06620471235e-08, 0.000364085368346, 3.9290789573e-05, 4.09097356169e-06, 3.22392406815e-05, 2.17785031964e-06, 1.47879700307e-06, 2.45943965638e-06, 3.13537907459e-06, 9.3059475148e-07, 5.67031520404e-07, 7.49292041746e-07, 5.7724389535e-07, 7.50111382786e-07, 5.86092937738e-07, 6.16437091594e-07, 2.12739024619e-07, 2.25355947236e-07, 1.50420845557e-07, 5.99740559437e-08, 1.63830392808e-07, 1.21330913316e-07, 6.03898158147e-08, 1.87686914899e-08, 1.43965257493e-08, 9.76076375281e-09, 8.78603093057e-11],
        "dvar2": [7.14483547881e-08, 0.000851115735713, 0.000110663371743, 1.16380142572e-05, 8.99113438209e-05, 5.94693483436e-06, 2.86607314592e-06, 3.31986507263e-06, 6.20419723418e-06, 2.07740868063e-06, 1.45158537634e-06, 1.71597139342e-06, 1.43749036852e-06, 1.73790647295e-06, 1.17603849503e-06, 1.44657303736e-06, 5.08742402872e-07, 4.35662656173e-07, 3.91438192082e-07, 1.33014466996e-07, 4.07981048056e-07, 3.23690130699e-07, 1.30886519401e-07, 3.71639394814e-08, 2.75701292907e-08, 2.11796287175e-08, 2.16407114451e-10],
        "max": [0.00621261727065, 0.207445681095, 0.0898821204901, 0.0247757695615, 0.089256413281, 0.0260512772948, 0.0353708192706, 0.0691617652774, 0.0718001723289, 0.0472420305014, 0.0232985336334, 0.0294984001666, 0.0169390290976, 0.0172640159726, 0.0216587893665, 0.0216304380447, 0.00778815895319, 0.0100968712941, 0.00793676171452, 0.00481709372252, 0.00600137468427, 0.00526387104765, 0.00370354717597, 0.0028953764122, 0.00263331225142, 0.00345690688118, 0.00020491394389],
        "mean": [7.33302513254e-05, 0.0118020512164, 0.00386159005575, 0.00104606151581, 0.00377222080715, 0.00177466694731, 0.00144530052785, 0.00131443329155, 0.00114238960668, 0.000606445770245, 0.000511116464622, 0.000863132067025, 0.000785035488661, 0.000911590876058, 0.000840126129333, 0.000641942257062, 0.000367030064808, 0.000342894956702, 0.000236292777117, 0.000199301313842, 0.000242416834226, 0.000179280061275, 0.000135307389428, 8.97855061339e-05, 6.4110456151e-05, 3.71732639906e-05, 2.89916511065e-06],
        "median": [1.38695568239e-05, 0.00421318784356, 0.00195629522204, 0.000526423798874, 0.00238137994893, 0.0011751158163, 0.000555722159334, 0.000396324758185, 0.000382562313462, 0.000215205785935, 0.00020183151355, 0.000366552267224, 0.000389747117879, 0.000375045114197, 0.000268921547104, 0.000242972746491, 0.000135025067721, 9.88785832305e-05, 9.91216074908e-05, 8.88278809725e-05, 0.000105775601696, 6.00267230766e-05, 3.7653328036e-05, 2.24187078857e-05, 9.94011406874e-06, 2.82630730908e-06, 1.62547834748e-07],
        "min": [4.2077701845e-23, 2.7446379936e-23, 1.06860663321e-22, 1.10266235803e-23, 4.05816460709e-23, 4.5296942225e-23, 5.28191758738e-23, 8.46516539973e-23, 8.20780615583e-23, 6.55233800111e-23, 9.56493910689e-23, 7.90498138698e-23, 5.54282575872e-23, 1.11897129993e-22, 5.20435394328e-23, 1.77895517865e-22, 2.33589766728e-22, 2.09638334058e-22, 3.34003151912e-22, 5.08222312902e-22, 3.38663161539e-22, 5.39043979372e-22, 7.11488316921e-22, 8.36838945849e-22, 1.39355406583e-21, 1.66951765385e-21, 2.33159152172e-21],
        "var": [3.80986335813e-08, 0.000410230597481, 3.24816428474e-05, 3.04052355204e-06, 2.89059535135e-05, 3.9165306589e-06, 5.87895601711e-06, 1.05099034045e-05, 7.51826064516e-06, 1.60881381817e-06, 8.13908513919e-07, 2.16407397602e-06, 1.23302106658e-06, 1.96070959646e-06, 2.08611027119e-06, 1.33820390147e-06, 3.64713429235e-07, 4.72792748951e-07, 1.8111575173e-07, 9.82063923516e-08, 2.07761914339e-07, 1.44679518144e-07, 9.46419902448e-08, 3.65245185208e-08, 2.5121000391e-08, 1.26403127965e-08, 8.12032177611e-11]
    },
    "erbbands": {
        "dmean": [0.193201884627, 2.04710817337, 3.23033976555, 2.9823846817, 5.2657160759, 11.1575393677, 9.73149967194, 6.98989772797, 8.06226062775, 14.2764902115, 14.5679292679, 15.2413902283, 13.5577783585, 9.9408416748, 15.802075386, 15.6047143936, 20.98254776, 20.0672969818, 20.4123439789, 26.4974308014, 23.6499938965, 14.1847829819, 10.8250370026, 10.1035413742, 6.33996009827, 6.39332580566, 6.24429225922, 5.55913686752, 4.26861095428, 3.22289681435, 2.12411785126, 1.32754552364, 0.909281134605, 0.52590161562, 0.372355163097, 0.194885417819, 0.0487223789096, 0.00656979857013, 0.00058278843062, 2.99460298265e-05],
        "dmean2": [0.30157148838, 3.27514576912, 5.59667682648, 5.29482364655, 9.28293609619, 19.3504047394, 16.4028053284, 11.3533773422, 12.1019964218, 19.1471576691, 20.3202590942, 22.9168548584, 20.408536911, 15.5080986023, 25.2424411774, 24.5847072601, 33.3001403809, 30.5734214783, 31.7735614777, 39.2326393127, 37.5766868591, 22.5912494659, 16.0893573761, 16.1702671051, 10.3473396301, 10.0985841751, 10.0899963379, 8.99367427826, 6.98410129547, 5.15890312195, 2.95357489586, 1.923645854, 1.2943778038, 0.785708963871, 0.515363633633, 0.275054693222, 0.072286374867, 0.00988869089633, 0.000912240648177, 4.42725795438e-05],
        "dvar": [0.214451104403, 22.352640152, 61.2219276428, 44.247505188, 177.666107178, 502.117889404, 185.974563599, 93.1525039673, 210.897659302, 577.424316406, 993.959594727, 1378.61499023, 1166.89782715, 305.618743896, 742.171508789, 615.03137207, 1197.04101562, 1267.5592041, 1248.80383301, 2467.0559082, 2583.30859375, 754.80657959, 488.106658936, 412.156463623, 181.227020264, 166.649459839, 244.146118164, 217.870559692, 157.764511108, 118.538635254, 32.6413803101, 11.4134244919, 5.09130764008, 2.181224823, 1.16388237476, 0.369933336973, 0.0234213192016, 0.000309159251628, 2.92063054985e-06, 4.85115903004e-09],
        "dvar2": [0.479165792465, 54.223449707, 167.92791748, 124.17124939, 493.717315674, 1409.45910645, 487.516784668, 240.687332153, 504.972320557, 926.101806641, 1678.25048828, 2719.89746094, 2360.37475586, 713.178283691, 1853.37963867, 1433.23071289, 2972.01733398, 2737.25268555, 2861.92822266, 4847.37402344, 6074.23779297, 1794.56787109, 953.37512207, 955.618347168, 469.774139404, 369.970367432, 584.918884277, 557.591430664, 421.845489502, 303.576660156, 64.188949585, 22.8981113434, 10.543419838, 5.37107801437, 2.41760873795, 0.789404153824, 0.0537114962935, 0.000694611051586, 7.08294328433e-06, 1.14791998129e-08],
        "max": [5.2134513855, 48.1411132812, 117.92464447, 69.9012069702, 237.112136841, 311.840789795, 249.737731934, 178.323562622, 336.810760498, 849.051513672, 1079.89038086, 1370.77453613, 1805.59985352, 489.480621338, 671.824157715, 750.871643066, 746.522521973, 856.880859375, 799.894042969, 1667.8359375, 1470.60656738, 499.129608154, 428.114990234, 373.281555176, 172.77166748, 303.647399902, 233.513168335, 204.805511475, 189.591964722, 155.250289917, 113.57610321, 76.278465271, 39.519443512, 30.4436244965, 25.9368400574, 21.0198059082, 4.72870731354, 0.41135892272, 0.0324047617614, 0.00124195753597],
        "mean": [0.237234517932, 2.97206282616, 5.23875713348, 4.01998186111, 6.60131120682, 14.8328952789, 16.41522789, 12.9468135834, 15.054649353, 28.8533668518, 27.9997081757, 24.8948783875, 21.0032482147, 17.2519760132, 26.7870540619, 29.3966636658, 38.4769020081, 38.3413658142, 40.0883331299, 49.3992004395, 38.0814247131, 22.902803421, 18.3751049042, 15.4096040726, 9.74745559692, 10.3087882996, 9.65088272095, 8.79557323456, 6.80935764313, 4.84161949158, 3.50567650795, 2.19459056854, 1.35727787018, 0.718589901924, 0.464166432619, 0.229296207428, 0.0536613874137, 0.00682602915913, 0.000551112694666, 5.61054657737e-05],
        "median": [0.0854662656784, 1.13712334633, 3.31377601624, 2.51473665237, 3.30192899704, 8.85445404053, 11.6766872406, 8.63334846497, 6.06704568863, 11.8664131165, 9.88813018799, 8.83367729187, 8.61996269226, 8.52087402344, 12.8807868958, 15.8309574127, 20.1462345123, 15.8545360565, 15.4492702484, 18.3927097321, 13.6299438477, 8.36650466919, 6.33987617493, 6.38761329651, 4.29963779449, 4.71775150299, 3.81886863708, 3.56203269958, 2.44660186768, 1.50107526779, 0.946334838867, 0.581024885178, 0.297746032476, 0.136184602976, 0.0560954324901, 0.0191301479936, 0.00410321075469, 0.00053117366042, 4.69363949378e-05, 3.59124242095e-05],
        "min": [1.31383544306e-21, 6.41234974885e-21, 9.62172804983e-20, 9.36651568899e-20, 3.72648872611e-20, 1.0732247749e-19, 3.08059017317e-19, 4.47907238157e-19, 7.38197537037e-19, 6.06142184748e-19, 2.42598094309e-18, 1.39269452905e-18, 2.7872189884e-18, 3.03171434552e-18, 2.83284978651e-18, 3.86326805518e-18, 2.46121532167e-18, 4.90055295691e-18, 4.36057028022e-18, 3.64756954352e-18, 1.30764491448e-17, 1.28392294615e-17, 1.06862727145e-17, 1.14011660404e-17, 1.95036764187e-17, 2.30722526953e-17, 1.82994238696e-17, 1.57401402892e-17, 1.70423574927e-17, 2.17468214951e-17, 2.12424812038e-17, 1.56155619259e-17, 1.40357809592e-17, 1.50011321669e-17, 1.05321201627e-17, 5.72716322843e-18, 3.32651407121e-18, 1.29093942298e-18, 3.35818113e-19, 3.254327247e-20],
        "var": [0.237685367465, 24.2118968964, 52.0190391541, 33.9632110596, 160.29750061, 437.307739258, 296.391784668, 202.714538574, 627.201843262, 2571.89208984, 3662.88037109, 3714.79345703, 1994.1854248, 609.901245117, 1526.10534668, 1755.45483398, 2753.421875, 3966.49560547, 3843.05712891, 8431.72167969, 5479.93017578, 1391.29064941, 1102.3848877, 678.035766602, 238.848190308, 264.934844971, 329.233123779, 279.348602295, 193.273742676, 130.645324707, 60.3337211609, 22.0189228058, 9.02487182617, 2.81878948212, 1.69045805931, 0.493103325367, 0.0272442772985, 0.000359439116437, 2.74795343103e-06, 5.75739811381e-09]
    },
    "gfcc": {
        "mean": [-16.1327381134, 112.434761047, -116.825492859, 30.043296814, -48.6653327942, 15.4640312195, -37.6130561829, 0.388903170824, -17.3874053955, 4.72796630859, -12.4494724274, 0.106001034379, -7.79967546463],
        "cov": [[12502.015625, -2379.73242188, -392.320281982, 1316.50073242, -293.771759033, 815.658996582, -56.9270401001, 558.508300781, -309.047058105, 293.258666992, -451.748565674, 203.439529419, -122.900360107], [-2379.73242188, 1854.86450195, -83.8672714233, -453.597991943, 315.346282959, -291.502075195, 158.124984741, -229.705718994, 262.030395508, -128.215072632, 270.248962402, -155.411224365, 74.4507522583], [-392.320281982, -83.8672714233, 920.351257324, 66.3598403931, 165.447937012, 141.217254639, 43.8992156982, 114.857910156, -24.2838306427, 56.4960403442, -31.598241806, 43.8944892883, -37.1688461304], [1316.50073242, -453.597991943, 66.3598403931, 636.56854248, 21.4764060974, 192.114196777, 66.3122940063, 79.2681732178, -53.9233207703, 32.7411231995, -74.9253005981, 34.1356544495, 9.34682941437], [-293.771759033, 315.346282959, 165.447937012, 21.4764060974, 321.350769043, 80.6221008301, 91.744430542, 3.75479507446, 53.1111450195, 12.6684303284, 49.932434082, -8.17585754395, 19.207950592], [815.658996582, -291.502075195, 141.217254639, 192.114196777, 80.6221008301, 309.810211182, 111.878204346, 110.473922729, -18.3066558838, 63.4507141113, -43.1984100342, 43.5942115784, 1.18656766415], [-56.9270401001, 158.124984741, 43.8992156982, 66.3122940063, 91.744430542, 111.878204346, 226.212768555, 67.4222640991, 46.1410522461, 17.9474067688, 38.7399177551, -2.7378578186, 9.59370040894], [558.508300781, -229.705718994, 114.857910156, 79.2681732178, 3.75479507446, 110.473922729, 67.4222640991, 209.82421875, 34.3294448853, 48.5981674194, -32.2268104553, 32.0968284607, -17.6953239441], [-309.047058105, 262.030395508, -24.2838306427, -53.9233207703, 53.1111450195, -18.3066558838, 46.1410522461, 34.3294448853, 190.733383179, 45.7220039368, 33.0160102844, -34.0561637878, 11.9101715088], [293.258666992, -128.215072632, 56.4960403442, 32.7411231995, 12.6684303284, 63.4507141113, 17.9474067688, 48.5981674194, 45.7220039368, 127.906044006, 8.01570224762, 15.1208267212, -15.7329692841], [-451.748565674, 270.248962402, -31.598241806, -74.9253005981, 49.932434082, -43.1984100342, 38.7399177551, -32.2268104553, 33.0160102844, 8.01570224762, 119.838439941, 10.9176559448, 16.1622467041], [203.439529419, -155.411224365, 43.8944892883, 34.1356544495, -8.17585754395, 43.5942115784, -2.7378578186, 32.0968284607, -34.0561637878, 15.1208267212, 10.9176559448, 89.2554702759, 22.2793865204], [-122.900360107, 74.4507522583, -37.1688461304, 9.34682941437, 19.207950592, 1.18656766415, 9.59370040894, -17.6953239441, 11.9101715088, -15.7329692841, 16.1622467041, 22.2793865204, 64.1279144287]],
        "icov": [[0.000165543315234, -0.000128544576, 0.000215850333916, -0.000247844669502, 5.54364924028e-05, -0.000294112134725, 0.00027426329325, -0.000373167451471, 0.00030410324689, -0.00036013830686, 0.000420298165409, -0.000274728547083, 0.0003172493889], [-0.000128544576, 0.00297085405327, -0.000560905376915, 0.00104287988506, -0.00151727057528, 0.00136594858486, -0.00182401749771, 0.00194119778462, -0.00274532590993, 0.00286839785986, -0.00392153672874, 0.00318833906204, -0.00184057024308], [0.000215850333916, -0.000560905376915, 0.00177198788151, -0.000356585311238, -0.000671059824526, -0.000594908255152, 0.000659211247694, -0.00122601725161, 0.00107166310772, -0.00112329458352, 0.00154919561464, -0.00149665167555, 0.00157388055231], [-0.000247844669502, 0.00104287988506, -0.000356585311238, 0.00271412893198, -0.000594912620727, -6.1448001361e-05, -0.00127948669251, 0.000899585429579, -0.000603982363828, 0.000914720701985, -0.00059103401145, 0.00121888739523, -0.00160696241073], [5.54364924028e-05, -0.00151727057528, -0.000671059824526, -0.000594912620727, 0.00551344966516, -0.00220600143075, 0.000296187237836, -0.000120726901514, 0.000287422328256, -0.000739847833756, -0.000112410940346, -0.000267980329227, -0.00023617183615], [-0.000294112134725, 0.00136594858486, -0.000594908255152, -6.1448001361e-05, -0.00220600143075, 0.00807077717036, -0.00404668785632, 6.63038954372e-05, 3.78453078156e-05, -0.00117597496137, 0.00111610966269, -0.000404032150982, -0.00178670161404], [0.00027426329325, -0.00182401749771, 0.000659211247694, -0.00127948669251, 0.000296187237836, -0.00404668785632, 0.00900831352919, -0.00363440811634, 0.00109659298323, -0.000606512418017, -0.00134528521448, 0.000469164224342, 0.000671041838359], [-0.000373167451471, 0.00194119778462, -0.00122601725161, 0.000899585429579, -0.000120726901514, 6.63038954372e-05, -0.00363440811634, 0.010052466765, -0.00490311952308, 0.00199061026797, -0.000434512388892, -0.00185870449059, 0.00169620430097], [0.00030410324689, -0.00274532590993, 0.00107166310772, -0.000603982363828, 0.000287422328256, 3.78453078156e-05, 0.00109659298323, -0.00490311952308, 0.0116876251996, -0.0069861789234, 0.0028584478423, 0.00192765984684, -0.00239935400896], [-0.00036013830686, 0.00286839785986, -0.00112329458352, 0.000914720701985, -0.000739847833756, -0.00117597496137, -0.000606512418017, 0.00199061026797, -0.0069861789234, 0.0148597033694, -0.00639451760799, 0.000801347312517, 0.00235502445139], [0.000420298165409, -0.00392153672874, 0.00154919561464, -0.00059103401145, -0.000112410940346, 0.00111610966269, -0.00134528521448, -0.000434512388892, 0.0028584478423, -0.00639451760799, 0.0197330713272, -0.00968307908624, 0.00272778957151], [-0.000274728547083, 0.00318833906204, -0.00149665167555, 0.00121888739523, -0.000267980329227, -0.000404032150982, 0.000469164224342, -0.00185870449059, 0.00192765984684, 0.000801347312517, -0.00968307908624, 0.0231716409326, -0.0115398336202], [0.0003172493889, -0.00184057024308, 0.00157388055231, -0.00160696241073, -0.00023617183615, -0.00178670161404, 0.000671041838359, 0.00169620430097, -0.00239935400896, 0.00235502445139, 0.00272778957151, -0.0115398336202, 0.0243016816676]]
    },
    "melbands": {
        "dmean": [0.002098134486, 0.00201745587401, 0.000541846966371, 0.000610470422544, 0.00036233724677, 0.000169855236891, 0.000124642378069, 0.000161363161169, 0.000120584154502, 9.36970391194e-05, 7.1618356742e-05, 4.48091341241e-05, 5.62338755117e-05, 5.58111241844e-05, 5.46855517314e-05, 4.26447004429e-05, 3.79907396564e-05, 3.94096969103e-05, 3.07685004373e-05, 3.04098175548e-05, 2.80901840597e-05, 1.67910366144e-05, 9.36524702411e-06, 1.2911257727e-05, 8.17494037619e-06, 6.81365236233e-06, 4.09861468142e-06, 4.23038954978e-06, 4.15656813857e-06, 4.19277739638e-06, 2.99281123262e-06, 2.61432887783e-06, 2.183967581e-06, 1.90310220205e-06, 1.31724721086e-06, 1.14192459932e-06, 7.40115467579e-07, 6.80635196204e-07, 5.5447384284e-07, 4.12968660157e-07],
        "dmean2": [0.00326971919276, 0.00328616355546, 0.000958071032073, 0.00106303591747, 0.000613367534243, 0.000278349296423, 0.000183698837645, 0.000213817111216, 0.000172266794834, 0.000141331620398, 0.000108007363451, 6.9935391366e-05, 9.08993461053e-05, 8.76624762896e-05, 8.82757885847e-05, 6.6291220719e-05, 5.82609718549e-05, 6.19960846961e-05, 4.63939868496e-05, 4.63279284304e-05, 4.50337647635e-05, 2.71567623713e-05, 1.46437078001e-05, 1.9177357899e-05, 1.33814455694e-05, 1.14384583867e-05, 6.63210130369e-06, 6.75124874761e-06, 6.74825241731e-06, 6.72684882375e-06, 4.92440540256e-06, 4.34503817814e-06, 3.54848043571e-06, 3.11285498356e-06, 1.8535200752e-06, 1.65825724707e-06, 1.11115082291e-06, 9.61893078966e-07, 8.54700999753e-07, 6.24905226232e-07],
        "dvar": [2.36112191487e-05, 2.06081149372e-05, 1.38237101055e-06, 2.10218195207e-06, 2.65511005182e-07, 5.34609227998e-08, 4.58321167685e-08, 7.89975729276e-08, 7.21393504932e-08, 5.115247248e-08, 3.23833901916e-08, 6.82512624195e-09, 1.20638663503e-08, 1.16405969308e-08, 7.88914800154e-09, 5.92603166538e-09, 4.19670254104e-09, 5.17842613235e-09, 3.3158147339e-09, 2.79120482283e-09, 3.82816800482e-09, 1.15822329505e-09, 3.46651096716e-10, 9.94492932449e-10, 2.78959466637e-10, 2.34592817394e-10, 6.77758474343e-11, 7.12309100592e-11, 8.17296091915e-11, 1.74497943872e-10, 5.12840533928e-11, 5.99201174789e-11, 4.23322696341e-11, 3.88944189356e-11, 1.24064951021e-11, 9.65703645522e-12, 3.06787494714e-12, 2.63044013654e-12, 2.59551061199e-12, 1.25156417348e-12],
        "dvar2": [5.35849576409e-05, 5.26109106431e-05, 3.86710371458e-06, 5.85495354244e-06, 7.10965935014e-07, 1.41631915085e-07, 1.06012215895e-07, 1.16307766973e-07, 1.35459245598e-07, 1.02105197186e-07, 6.58539391907e-08, 1.54839998601e-08, 3.07970111635e-08, 2.64547921347e-08, 1.91614990541e-08, 1.4004180926e-08, 9.24233489741e-09, 1.22401031533e-08, 7.01757896238e-09, 5.90003779166e-09, 9.03013308573e-09, 2.83935519541e-09, 7.97437893496e-10, 1.82810300231e-09, 6.81924683388e-10, 6.25191953763e-10, 1.61669844179e-10, 1.60130478322e-10, 1.91985191633e-10, 4.43962894225e-10, 1.31196595254e-10, 1.64499844302e-10, 1.10274192555e-10, 9.99194754714e-11, 2.50029320165e-11, 2.02164170821e-11, 6.53288144067e-12, 5.34660857254e-12, 6.55593721671e-12, 3.04097177127e-12],
        "max": [0.0549673996866, 0.058911755681, 0.0154542177916, 0.0243536438793, 0.0089585063979, 0.00405059056357, 0.00431224470958, 0.0104126865044, 0.00916595105082, 0.00770262163132, 0.00895129609853, 0.00284629501402, 0.00332093075849, 0.00416863756254, 0.00188787491061, 0.00223991088569, 0.0014679330634, 0.00160792190582, 0.00149012741167, 0.00152582756709, 0.00173501297832, 0.000627927889582, 0.000399283919251, 0.000768118421547, 0.000348653411493, 0.000283581233816, 0.000153451721417, 0.000190178456251, 0.000132118031615, 0.000183158947038, 9.34394120122e-05, 0.000113006630272, 0.000101836507383, 8.45212707645e-05, 6.83283360559e-05, 7.47780213715e-05, 3.06425135932e-05, 2.93528955808e-05, 3.10077812173e-05, 2.1928040951e-05],
        "mean": [0.00283206161112, 0.00332729006186, 0.000748982653022, 0.000795971660409, 0.000618124613538, 0.000306566333165, 0.000235947649344, 0.000329983828124, 0.000223121940508, 0.000147521786857, 0.000107114268758, 7.40037139622e-05, 8.7909756985e-05, 9.02181272977e-05, 9.37173026614e-05, 7.70928600105e-05, 6.95512062521e-05, 6.9500747486e-05, 5.63047397009e-05, 5.56219274586e-05, 4.05744358432e-05, 2.41278357862e-05, 1.46410229718e-05, 1.95721022465e-05, 1.15166740215e-05, 9.20501406654e-06, 6.1716905293e-06, 6.52833568893e-06, 6.2392127802e-06, 5.57628027309e-06, 4.72904503113e-06, 3.94708376916e-06, 3.23006429426e-06, 2.60803290075e-06, 2.08433448279e-06, 1.73039029505e-06, 1.17101660635e-06, 9.84990265351e-07, 7.43845930629e-07, 5.50288405066e-07],
        "median": [0.000986826024018, 0.00231840484776, 0.00048403366236, 0.000449450861197, 0.000453623011708, 0.000205759351957, 9.28680674406e-05, 0.000127737948787, 7.60469847592e-05, 4.91999307997e-05, 3.96236209781e-05, 3.36022058036e-05, 4.07496554544e-05, 3.07512455038e-05, 4.60340270365e-05, 3.46354936482e-05, 2.81547218037e-05, 2.31433332374e-05, 1.98967773031e-05, 2.10840880754e-05, 1.21054290503e-05, 7.70688529883e-06, 5.13118311574e-06, 4.92370327265e-06, 4.71691646453e-06, 3.79850393983e-06, 2.57627198152e-06, 2.64660093308e-06, 2.32729507843e-06, 1.86682723324e-06, 1.86503052646e-06, 1.26943973555e-06, 1.02674403024e-06, 7.28282202545e-07, 5.38278982276e-07, 4.17277334464e-07, 3.0046768984e-07, 2.14836916257e-07, 1.41083290828e-07, 9.73631415491e-08],
        "min": [1.11710308798e-23, 3.61814083405e-23, 1.49376113549e-23, 3.8779396303e-24, 1.04118508662e-23, 9.89907707829e-24, 1.18621321974e-23, 7.14388491464e-24, 1.950256482e-23, 9.96215360741e-24, 1.36129529674e-23, 1.16056703617e-23, 1.23400959201e-23, 9.84229802578e-24, 6.87050832338e-24, 6.29891036107e-24, 9.2864011565e-24, 7.63801713047e-24, 3.30729678134e-24, 7.65586984162e-24, 1.82564990667e-23, 1.43955613611e-23, 1.01978841786e-23, 8.02056418241e-24, 8.55323383119e-24, 1.56448440891e-23, 1.04293020471e-23, 1.71098234767e-23, 1.42065329333e-23, 7.67463526483e-24, 9.40910531487e-24, 8.15849808941e-24, 1.30834908271e-23, 1.22765231975e-23, 1.36697777738e-23, 8.83214270398e-24, 9.64130257801e-24, 9.15296217894e-24, 1.09613571733e-23, 1.35180924435e-23],
        "var": [2.69415631919e-05, 2.07193334063e-05, 1.11485621801e-06, 1.77218919362e-06, 3.92120142578e-07, 1.1149004564e-07, 1.46311549543e-07, 3.65477063724e-07, 2.32256695654e-07, 1.25848742982e-07, 5.53088099764e-08, 1.34812845332e-08, 1.91587510301e-08, 3.32946719084e-08, 1.82998931564e-08, 1.39780764741e-08, 1.25930785799e-08, 1.34259598994e-08, 9.51931866666e-09, 8.88593199022e-09, 7.53110196428e-09, 1.85335136127e-09, 6.63611166019e-10, 2.03721195469e-09, 3.97314459111e-10, 2.72423389402e-10, 9.73408575966e-11, 1.12175782552e-10, 1.22711632522e-10, 1.77449333005e-10, 7.35262684071e-11, 6.99337046606e-11, 4.86015602763e-11, 4.12010876805e-11, 2.17450467355e-11, 1.62878720927e-11, 5.8941566905e-12, 4.70946025233e-12, 3.12709320244e-12, 1.65759626077e-12]
    },
    "mfcc": {
        "mean": [-657.328796387, 140.051696777, -2.35848426819, 19.8208446503, 8.70088291168, 14.1876430511, -3.11099004745, -0.463216602802, -2.51189279556, 2.15419411659, -0.844421863556, 1.89297235012, -0.241807982326],
        "cov": [[11715.4189453, -2423.88525391, -436.500915527, 555.44708252, -157.061218262, 437.09664917, 160.033966064, 354.765167236, 355.072418213, 98.2003250122, 65.6110992432, 15.4111595154, -24.9211368561], [-2423.88525391, 1899.91186523, -137.057495117, -163.241241455, 126.645332336, -82.7848129272, -26.3945865631, -90.5858917236, -113.284332275, 46.3959465027, 28.8366718292, 63.2419471741, 43.4274330139], [-436.500915527, -137.057495117, 605.122680664, 73.9742584229, 105.489173889, 46.3437080383, 84.3450927734, 63.5111503601, 67.6852493286, 25.6760826111, 34.2953491211, 18.6518993378, 17.4177112579], [555.44708252, -163.241241455, 73.9742584229, 362.179931641, 68.1047668457, 104.803436279, 58.6528816223, 59.0828742981, 41.7915039062, 16.8025779724, 6.86422538757, 8.82283496857, -8.62909603119], [-157.061218262, 126.645332336, 105.489173889, 68.1047668457, 229.193649292, 76.2252349854, 45.1948204041, 26.3647842407, 32.8331604004, 23.8114395142, 9.83970832825, 11.5464143753, 17.3110771179], [437.09664917, -82.7848129272, 46.3437080383, 104.803436279, 76.2252349854, 245.484588623, 110.835784912, 55.9667625427, 65.2585067749, 30.0631332397, 30.6472740173, 21.5112438202, 0.138966441154], [160.033966064, -26.3945865631, 84.3450927734, 58.6528816223, 45.1948204041, 110.835784912, 214.136901855, 101.750114441, 38.4153900146, 15.3193969727, 19.7087287903, 16.7780799866, 8.82523155212], [354.765167236, -90.5858917236, 63.5111503601, 59.0828742981, 26.3647842407, 55.9667625427, 101.750114441, 161.35017395, 84.5180740356, 33.943977356, 17.3714294434, 8.82011508942, 19.164516449], [355.072418213, -113.284332275, 67.6852493286, 41.7915039062, 32.8331604004, 65.2585067749, 38.4153900146, 84.5180740356, 143.978973389, 73.6192779541, 46.047454834, 28.1893634796, 12.6229858398], [98.2003250122, 46.3959465027, 25.6760826111, 16.8025779724, 23.8114395142, 30.0631332397, 15.3193969727, 33.943977356, 73.6192779541, 110.464225769, 64.7360534668, 27.9289703369, 13.2381162643], [65.6110992432, 28.8366718292, 34.2953491211, 6.86422538757, 9.83970832825, 30.6472740173, 19.7087287903, 17.3714294434, 46.047454834, 64.7360534668, 108.847572327, 58.0263442993, 12.2457933426], [15.4111595154, 63.2419471741, 18.6518993378, 8.82283496857, 11.5464143753, 21.5112438202, 16.7780799866, 8.82011508942, 28.1893634796, 27.9289703369, 58.0263442993, 103.78943634, 37.1878814697], [-24.9211368561, 43.4274330139, 17.4177112579, -8.62909603119, 17.3110771179, 0.138966441154, 8.82523155212, 19.164516449, 12.6229858398, 13.2381162643, 12.2457933426, 37.1878814697, 93.209854126]],
