{
"lowlevel": {
    "average_loudness": 0.939583599567,
    "barkbands_crest": {
        "dmean": 2.48097229004,
        "dmean2": 4.1450176239,
        "dvar": 7.20675754547,
        "dvar2": 19.3554058075,
        "max": 25.7237491608,
        "mean": 9.89950752258,
        "median": 8.7842206955,
        "min": 2.56464457512,
        "var": 19.8501815796
    },
    "barkbands_flatness_db": {
        "dmean": 0.0220206007361,
        "dmean2": 0.033664509654,
        "dvar": 0.000582034292165,
        "dvar2": 0.00130821974017,
        "max": 0.638807713985,
        "mean": 0.158049911261,
        "median": 0.128897175193,
        "min": 0.0281284376979,
        "var": 0.0110951168463
    },
    "barkbands_kurtosis": {
        "dmean": 4.11246347427,
        "dmean2": 6.47185134888,
        "dvar": 77.7024154663,
        "dvar2": 180.866012573,
        "max": 837.907104492,
        "mean": 9.23779010773,
        "median": 2.05827593803,
        "min": -1.95008099079,
        "var": 1746.42492676
    },
    "barkbands_skewness": {
        "dmean": 0.596934318542,
        "dmean2": 0.930197119713,
        "dvar": 0.557839393616,
        "dvar2": 1.37417650223,
        "max": 24.0773773193,
        "mean": 1.74904763699,
        "median": 1.41122198105,
        "min": -3.40921473503,
        "var": 2.93168997765
    },
    "barkbands_spread": {
        "dmean": 5.12061214447,
        "dmean2": 7.83078241348,
        "dvar": 44.4099578857,
        "dvar2": 91.4295349121,
        "max": 119.439575195,
        "mean": 21.1521911621,
        "median": 20.0649585724,
        "min": 0.156059995294,
        "var": 185.850631714
    },
    "dissonance": {
        "dmean": 0.022733932361,
        "dmean2": 0.0381499491632,
        "dvar": 0.000605065550189,
        "dvar2": 0.00159765244462,
        "max": 0.500000059605,
        "mean": 0.452554345131,
        "median": 0.464728623629,
        "min": 0.161843925714,
        "var": 0.00170788285322
    },
    "dynamic_complexity": 2.98059129715,
    "erbbands_crest": {
        "dmean": 2.50809431076,
        "dmean2": 4.02066278458,
        "dvar": 6.11190748215,
        "dvar2": 15.1902980804,
        "max": 32.1036682129,
        "mean": 9.74512577057,
        "median": 8.81316184998,
        "min": 2.50024747849,
        "var": 19.5638713837
    },
    "erbbands_flatness_db": {
        "dmean": 0.0191384963691,
        "dmean2": 0.026078145951,
        "dvar": 0.000497360597365,
        "dvar2": 0.000886924040969,
        "max": 0.476253002882,
        "mean": 0.162436783314,
        "median": 0.148554965854,
        "min": 0.0456230603158,
        "var": 0.0043119629845
    },
    "erbbands_kurtosis": {
        "dmean": 1.44903898239,
        "dmean2": 2.16253805161,
        "dvar": 12.3625869751,
        "dvar2": 27.8313961029,
        "max": 138.504226685,
        "mean": 2.29255914688,
        "median": 0.0634263753891,
        "min": -1.87423062325,
        "var": 93.5914230347
    },
    "erbbands_skewness": {
        "dmean": 0.380925327539,
        "dmean2": 0.562337577343,
        "dvar": 0.179537981749,
        "dvar2": 0.380409896374,
        "max": 9.54063892365,
        "mean": 0.600015819073,
        "median": 0.44382879138,
        "min": -4.81059789658,
        "var": 1.27174532413
    },
    "erbbands_spread": {
        "dmean": 8.6910867691,
        "dmean2": 12.3278627396,
        "dvar": 112.150093079,
        "dvar2": 207.176101685,
        "max": 178.379440308,
        "mean": 38.8239059448,
        "median": 34.2383117676,
        "min": 0.749248385429,
        "var": 555.022399902
    },
    "hfc": {
        "dmean": 5.05474281311,
        "dmean2": 7.0319314003,
        "dvar": 46.2530059814,
        "dvar2": 96.835357666,
        "max": 93.478302002,
        "mean": 19.8741512299,
        "median": 17.2246551514,
        "min": 1.17186174455e-16,
        "var": 230.971755981
    },
    "melbands_crest": {
        "dmean": 3.04238986969,
        "dmean2": 5.02027273178,
        "dvar": 9.51067733765,
        "dvar2": 24.7246646881,
        "max": 34.1288833618,
        "mean": 13.476644516,
        "median": 12.4805259705,
        "min": 1.7684224844,
        "var": 26.1143951416
    },
    "melbands_flatness_db": {
        "dmean": 0.02706345357,
        "dmean2": 0.0410850122571,
        "dvar": 0.00091483729193,
        "dvar2": 0.00204666028731,
        "max": 0.789634883404,
        "mean": 0.233509078622,
        "median": 0.201405599713,
        "min": 0.00513392826542,
        "var": 0.01627105847
    },
    "melbands_kurtosis": {
        "dmean": 9.21952152252,
        "dmean2": 14.8930044174,
        "dvar": 354.82925415,
        "dvar2": 894.297973633,
        "max": 744.273071289,
        "mean": 16.3131046295,
        "median": 7.36624288559,
        "min": -1.61657881737,
        "var": 999.416931152
    },
    "melbands_skewness": {
        "dmean": 0.816961824894,
        "dmean2": 1.27276182175,
        "dvar": 1.18310034275,
        "dvar2": 2.8552236557,
        "max": 20.2544021606,
        "mean": 2.62769985199,
        "median": 2.18425178528,
        "min": -1.79128551483,
        "var": 3.37721467018
    },
    "melbands_spread": {
        "dmean": 5.84308242798,
        "dmean2": 8.98212718964,
        "dvar": 56.4163093567,
        "dvar2": 122.425842285,
        "max": 202.834259033,
        "mean": 21.7792320251,
        "median": 18.7313575745,
        "min": 0.281923621893,
        "var": 302.5206604
    },
    "pitch_salience": {
        "dmean": 0.0682981312275,
        "dmean2": 0.112831942737,
        "dvar": 0.00435396423563,
        "dvar2": 0.0118586132303,
        "max": 0.926659584045,
        "mean": 0.535034060478,
        "median": 0.547531783581,
        "min": 0.0356852263212,
        "var": 0.0135217579082
    },
    "silence_rate_20dB": {
        "dmean": 0,
        "dmean2": 0,
        "dvar": 0,
        "dvar2": 0,
        "max": 1,
        "mean": 1,
        "median": 1,
        "min": 1,
        "var": 0
    },
    "silence_rate_30dB": {
        "dmean": 0.0387753322721,
        "dmean2": 0.0775574669242,
        "dvar": 0.0372693799436,
        "dvar2": 0.101554296911,
        "max": 1,
        "mean": 0.976228058338,
        "median": 1,
        "min": 0,
        "var": 0.0232075098902
    },
    "silence_rate_60dB": {
        "dmean": 0.0105272391811,
        "dmean2": 0.0210563261062,
        "dvar": 0.0104196006432,
        "dvar2": 0.025006884709,
        "max": 1,
        "mean": 0.0404385961592,
        "median": 0,
        "min": 0,
        "var": 0.038800790906
    },
    "spectral_centroid": {
        "dmean": 212.415252686,
        "dmean2": 311.011413574,
        "dvar": 65069.546875,
        "dvar2": 125810.695312,
        "max": 11435.9121094,
        "mean": 1225.23266602,
        "median": 1208.81530762,
        "min": 89.1841430664,
        "var": 417433.0625
    },
    "spectral_complexity": {
        "dmean": 3.42030000687,
        "dmean2": 4.99438476562,
        "dvar": 16.2806720734,
        "dvar2": 31.1237602234,
        "max": 52,
        "mean": 17.3438587189,
        "median": 16,
        "min": 0,
        "var": 92.7659759521
    },
    "spectral_decrease": {
        "dmean": 3.58210416884e-09,
        "dmean2": 5.94681681676e-09,
        "dvar": 4.7330348208e-17,
        "dvar2": 1.24157573248e-16,
        "max": 9.37216611323e-17,
        "mean": -7.64438556899e-09,
        "median": -5.93753224365e-09,
        "min": -5.34528119545e-08,
        "var": 5.15237601757e-17
    },
    "spectral_energy": {
        "dmean": 0.0138420630246,
        "dmean2": 0.0228806491941,
        "dvar": 0.000693542941008,
        "dvar2": 0.00181187607814,
        "max": 0.206503927708,
        "mean": 0.0306541603059,
        "median": 0.0242090988904,
        "min": 1.07445842108e-20,
        "var": 0.000777657551225
    },
    "spectral_energyband_high": {
        "dmean": 0.000298238417599,
        "dmean2": 0.000408044288633,
        "dvar": 2.19122782141e-07,
        "dvar2": 4.19912367988e-07,
        "max": 0.00689917756245,
        "mean": 0.000767776160501,
        "median": 0.000481990806293,
        "min": 7.91545607141e-21,
        "var": 7.56670488045e-07
    },
    "spectral_energyband_low": {
        "dmean": 0.00950290076435,
        "dmean2": 0.0170103963464,
        "dvar": 0.000452063744888,
        "dvar2": 0.00129172555171,
        "max": 0.155552312732,
        "mean": 0.012584509328,
        "median": 0.00732108298689,
        "min": 6.18180940283e-23,
        "var": 0.000361037498806
    },
    "spectral_energyband_middle_high": {
        "dmean": 0.0015713609755,
        "dmean2": 0.00228263996542,
        "dvar": 5.15584088134e-06,
        "dvar2": 1.05889312181e-05,
        "max": 0.0430948622525,
        "mean": 0.00551867345348,
        "median": 0.00356340967119,
        "min": 1.20624743737e-21,
        "var": 3.58369507012e-05
    },
    "spectral_energyband_middle_low": {
        "dmean": 0.00589939486235,
        "dmean2": 0.00914903730154,
        "dvar": 0.000182956981007,
        "dvar2": 0.000460997602204,
        "max": 0.159142017365,
        "mean": 0.0123570291325,
        "median": 0.0093278568238,
        "min": 3.46477706018e-22,
        "var": 0.000195216358406
    },
    "spectral_entropy": {
        "dmean": 0.178482100368,
        "dmean2": 0.244499787688,
        "dvar": 0.0466242730618,
        "dvar2": 0.0854504778981,
        "max": 9.79975414276,
        "mean": 7.3328166008,
        "median": 7.55914783478,
        "min": 3.96655344963,
        "var": 0.648896098137
    },
    "spectral_flux": {
        "dmean": 0.0339352823794,
        "dmean2": 0.0527349598706,
        "dvar": 0.00220936955884,
        "dvar2": 0.00470129726455,
        "max": 0.40812972188,
        "mean": 0.0924905911088,
        "median": 0.076901294291,
        "min": 1.04220361508e-10,
        "var": 0.00446224492043
    },
    "spectral_kurtosis": {
        "dmean": 3.00965213776,
        "dmean2": 4.73891782761,
        "dvar": 74.4520797729,
        "dvar2": 181.121292114,
        "max": 271.622039795,
        "mean": 9.44981384277,
        "median": 3.74641394615,
        "min": -1.19379448891,
        "var": 554.969238281
    },
    "spectral_rms": {
        "dmean": 0.00100844155531,
        "dmean2": 0.00159634184092,
        "dvar": 2.37787708102e-06,
        "dvar2": 5.90630543229e-06,
        "max": 0.014193915762,
        "mean": 0.0050379014574,
        "median": 0.00485990056768,
        "min": 3.23767206621e-12,
        "var": 4.52607537227e-06
    },
    "spectral_rolloff": {
        "dmean": 412.51171875,
        "dmean2": 688.597900391,
        "dvar": 765181.9375,
        "dvar2": 1561593.875,
        "max": 19767.4804688,
        "mean": 1295.99926758,
        "median": 947.4609375,
        "min": 64.599609375,
        "var": 2738570
    },
    "spectral_skewness": {
        "dmean": 0.290874928236,
        "dmean2": 0.436121016741,
        "dvar": 0.250188708305,
        "dvar2": 0.583227336407,
        "max": 13.7796440125,
        "mean": 1.95875632763,
        "median": 1.55554389954,
        "min": -0.0548565760255,
        "var": 2.4957036972
    },
    "spectral_spread": {
        "dmean": 592316.375,
        "dmean2": 784978.625,
        "dvar": 696011390976,
        "dvar2": 1.02006167962e+12,
        "max": 40700012,
        "mean": 4861962,
        "median": 4776361,
        "min": 354081.3125,
        "var": 3.63148004557e+12
    },
    "spectral_strongpeak": {
        "dmean": 0.535276591778,
        "dmean2": 0.919997215271,
        "dvar": 0.925744593143,
        "dvar2": 2.33746099472,
        "max": 12.7066173553,
        "mean": 0.877458095551,
        "median": 0.398127585649,
        "min": 0,
        "var": 1.64195001125
    },
    "zerocrossingrate": {
        "dmean": 0.00911645404994,
        "dmean2": 0.0107425302267,
        "dvar": 0.000141164928209,
        "dvar2": 0.000158940616529,
        "max": 0.5751953125,
        "mean": 0.0560178533196,
        "median": 0.05224609375,
        "min": 0.00341796875,
        "var": 0.00189517589752
    },
    "barkbands": {
        "dmean": [0.00128306506667, 0.00757801067084, 0.00204894528724, 0.00129544560332, 0.00328833167441, 0.00119607150555, 0.000866656191647, 0.000636396580376, 0.000710010237526, 0.000431070919149, 0.000390561588574, 0.000388682994526, 0.000366051477613, 0.000285940623144, 0.000295395730063, 0.000231055979384, 0.000185172262718, 0.00022670783801, 0.000142763674376, 0.000126367231132, 7.93724539108e-05, 6.46156040602e-05, 5.89628907619e-05, 5.46493174625e-05, 4.49361177743e-05, 1.60000927281e-05, 2.19283833758e-06],
        "dmean2": [0.00186375703197, 0.0136737059802, 0.00359876966104, 0.00212899642065, 0.00516751315445, 0.00191216834355, 0.00139630073681, 0.00104232330341, 0.00110493181273, 0.000673407397699, 0.000610061280895, 0.000602981948759, 0.00055703666294, 0.000437560607679, 0.000456589099485, 0.000359467288945, 0.000284122274024, 0.000337861507433, 0.000219311317778, 0.000193278552615, 0.000121175311506, 9.70439432422e-05, 8.28503762023e-05, 7.63163916417e-05, 6.38223209535e-05, 2.35341412917e-05, 3.2396651477e-06],
        "dvar": [7.90806916484e-06, 0.000328972848365, 2.00033500732e-05, 8.97393692867e-06, 0.00010315671534, 2.7426028737e-06, 2.16497824113e-06, 1.74634783434e-06, 2.3515558496e-06, 8.88218096406e-07, 8.88465422122e-07, 1.00861200281e-06, 9.72029965851e-07, 6.04014644523e-07, 6.03388173204e-07, 2.43973090619e-07, 1.91941794014e-07, 3.32877931442e-07, 1.02331512153e-07, 6.48943085935e-08, 2.15289865935e-08, 1.29003003835e-08, 1.07132649418e-08, 1.30708315282e-08, 1.16529612626e-08, 1.2826548712e-09, 4.80887100973e-11],
        "dvar2": [1.69048562384e-05, 0.000938328157645, 5.6316381233e-05, 2.39218570641e-05, 0.000257226609392, 6.88945556249e-06, 5.3865087466e-06, 4.25887310485e-06, 5.39097391083e-06, 2.02724800147e-06, 2.09427685149e-06, 2.24958716899e-06, 1.8641682118e-06, 1.34825927489e-06, 1.36276946705e-06, 5.75598676278e-07, 4.54433461528e-07, 7.07078982032e-07, 2.37690343852e-07, 1.3832850243e-07, 5.15450651051e-08, 2.98747409033e-08, 2.18364863969e-08, 2.31207071266e-08, 2.1332112965e-08, 2.75303646546e-09, 1.1443268555e-10],
        "max": [0.0319944173098, 0.121382653713, 0.0505027920008, 0.0316699147224, 0.127549439669, 0.0249428059906, 0.0345658622682, 0.0239823870361, 0.0290033761412, 0.0188054405153, 0.0228724107146, 0.0314450114965, 0.0366558730602, 0.025057638064, 0.0312138609588, 0.0112697845325, 0.0152257727459, 0.015510847792, 0.00843542441726, 0.00534919975325, 0.00262567400932, 0.00233037350699, 0.00230188737623, 0.0029164752923, 0.00284916255623, 0.000691900611855, 0.000199837042601],
        "mean": [0.00148448091932, 0.00785330496728, 0.00282847951166, 0.00192807125859, 0.00375221832655, 0.00243991566822, 0.0016606542049, 0.00101812148932, 0.00126992689911, 0.000790923950262, 0.000723493809346, 0.00072448537685, 0.000723569828551, 0.000501654634718, 0.000499678601045, 0.000399692653446, 0.00037224762491, 0.000483162060846, 0.000292956538033, 0.000272210221738, 0.000150907348143, 0.000129639971419, 0.000116186405648, 0.000120449476526, 8.86720008566e-05, 2.60274209722e-05, 3.06276410811e-06],
        "median": [5.56697559659e-05, 0.00352829182521, 0.00121816422325, 0.000814431114122, 0.00122408068273, 0.00164929113816, 0.000922744220588, 0.000364876701497, 0.000392006535549, 0.000166460144101, 0.000136321992613, 0.000163229531609, 0.000134329515276, 0.000126708269818, 0.000141789903864, 0.000119545162306, 0.000124664540635, 0.000145964499097, 0.000149703220814, 0.000105994055048, 7.05654238118e-05, 6.0475205828e-05, 5.27175070602e-05, 6.02059699304e-05, 3.79031989723e-05, 1.05341950984e-05, 8.00929797151e-07],
        "min": [6.38293106834e-23, 1.72298202644e-23, 8.82742294918e-24, 2.0614906028e-23, 7.4245486874e-23, 6.06129543789e-23, 5.31587363173e-23, 1.97094309706e-23, 7.92878100495e-23, 3.02382312548e-23, 4.57455421782e-23, 6.47260183407e-23, 6.30091162231e-23, 7.39965413049e-23, 9.19515708658e-23, 8.98738563919e-23, 1.51866238193e-22, 1.89685416436e-22, 1.40861742161e-22, 2.44326277244e-22, 5.10906762387e-22, 3.48850523891e-22, 5.87885551323e-22, 7.68601947433e-22, 8.85951936439e-22, 1.61031042436e-21, 2.42595190776e-21],
        "var": [1.19704200188e-05, 0.000233028098592, 1.81266441359e-05, 9.50812864176e-06, 9.47097723838e-05, 6.3047864387e-06, 4.76529748994e-06, 3.6340288716e-06, 5.39302936886e-06, 2.44609054789e-06, 2.5297256343e-06, 3.65144319403e-06, 4.49109847978e-06, 1.87440116406e-06, 1.35155312364e-06, 5.16149555096e-07, 5.89909177506e-07, 1.09798008907e-06, 2.11304637787e-07, 2.2839031999e-07, 4.31166959913e-08, 3.09687600009e-08, 2.67668127663e-08, 3.95426482669e-08, 3.09376773089e-08, 2.35392705328e-09, 6.36328351122e-11]
    },
    "erbbands": {
        "dmean": [0.232312768698, 1.66123187542, 2.67517852783, 2.84803724289, 12.2954969406, 8.25849914551, 6.05579710007, 10.5116519928, 12.4433021545, 12.0977926254, 16.152885437, 16.0598888397, 12.5599107742, 13.7183675766, 14.0249843597, 16.4687175751, 16.2039794922, 14.6141996384, 12.7732696533, 14.6463117599, 10.7069187164, 9.23800373077, 11.8909139633, 8.58956336975, 5.70422649384, 6.53352355957, 3.43655109406, 3.02849817276, 2.48274493217, 1.8887591362, 1.67797148228, 1.18582630157, 0.966669678688, 0.646705389023, 0.250925511122, 0.0904586315155, 0.0266226120293, 0.00455352989957, 0.000368405075278, 2.63841466221e-05],
        "dmean2": [0.417570203543, 3.01530718803, 4.77604293823, 4.58925199509, 19.2567176819, 13.7515916824, 9.5830488205, 16.9716320038, 19.9449443817, 19.7041759491, 25.9099235535, 24.8681735992, 19.4881401062, 21.321516037, 22.1338939667, 25.2908439636, 24.3865509033, 22.1099567413, 19.2619419098, 22.8238449097, 16.2013626099, 13.7372570038, 17.6505775452, 12.6937513351, 8.73423671722, 10.0811576843, 5.14450645447, 4.65061235428, 3.76377224922, 2.69587421417, 2.39897012711, 1.68102240562, 1.36250495911, 0.914841234684, 0.368191510439, 0.133142471313, 0.0393850617111, 0.00665078824386, 0.000539558066521, 4.06149629271e-05],
        "dvar": [0.276798337698, 17.0107650757, 37.8798522949, 28.4333763123, 1590.49682617, 559.473022461, 113.251228333, 242.911972046, 374.285644531, 569.940734863, 1156.63220215, 1453.54174805, 768.847900391, 974.517211914, 1049.08740234, 1842.76477051, 1966.96020508, 1597.05810547, 1059.66125488, 1495.28063965, 487.059753418, 457.273223877, 914.410400391, 474.365203857, 113.539260864, 201.943969727, 47.902973175, 29.3912467957, 20.1708450317, 11.0758781433, 9.80901050568, 6.47702360153, 4.32258605957, 2.81202173233, 0.28261333704, 0.0337864272296, 0.00435285363346, 0.000155833738972, 1.34630056436e-06, 3.38468142402e-09],
        "dvar2": [0.792100906372, 48.5136528015, 109.469085693, 72.0577316284, 3894.44873047, 1519.5189209, 289.307189941, 607.768432617, 910.380126953, 1440.34936523, 2794.22436523, 3275.13452148, 1768.15710449, 2217.91870117, 2587.65771484, 4139.42431641, 3766.27490234, 3464.55297852, 2176.11914062, 3682.39550781, 1080.79431152, 1000.140625, 1855.08703613, 1037.79736328, 258.987884521, 443.150726318, 108.28188324, 70.2702331543, 47.4631500244, 23.9324054718, 20.9362545013, 12.4433546066, 7.7595705986, 5.02096271515, 0.594647109509, 0.073167219758, 0.00949090067297, 0.000350761489244, 3.19790160574e-06, 8.51810000313e-09],
        "max": [3.44125795364, 28.727148056, 61.7706718445, 59.3147735596, 464.702789307, 331.708892822, 286.450012207, 250.936660767, 506.840148926, 462.032867432, 679.976196289, 903.288696289, 690.728759766, 1028.60424805, 637.494445801, 1354.91674805, 1976.15209961, 1310.98547363, 1159.49963379, 1829.01965332, 740.164489746, 1035.39086914, 956.963684082, 613.340820312, 312.685424805, 332.294403076, 186.568908691, 117.802680969, 98.6817016602, 87.4200592041, 89.6062850952, 68.681640625, 57.9114379883, 46.0459289551, 11.9522600174, 3.73131346703, 1.35589003563, 0.310436844826, 0.0328347012401, 0.00184734410141],
        "mean": [0.23636059463, 1.70877122879, 3.43348479271, 5.06011343002, 13.017414093, 10.1028079987, 11.5599689484, 20.4095401764, 24.5684375763, 22.2126235962, 27.5914058685, 29.8553199768, 24.309545517, 27.7806110382, 27.8263549805, 33.6604156494, 35.4331130981, 28.3215465546, 24.0139312744, 25.5145988464, 21.3848628998, 21.0715351105, 26.9206066132, 19.7685890198, 12.8264703751, 13.9970149994, 6.58872318268, 6.01848363876, 4.97617912292, 3.63378143311, 3.29913949966, 2.45257544518, 2.05938863754, 1.24223935604, 0.482037037611, 0.154445305467, 0.0418853983283, 0.00670967577025, 0.000543908798136, 5.6909648265e-05],
        "median": [0.0678481906652, 0.799055814743, 1.91629588604, 3.10652899742, 3.32162570953, 4.08477973938, 6.98387098312, 12.9945220947, 14.8755607605, 10.533118248, 10.8496465683, 9.84265899658, 7.71835231781, 8.03719139099, 8.5011920929, 9.1402387619, 7.85740852356, 7.82318496704, 7.98149394989, 7.91034984589, 7.79682540894, 7.76731586456, 8.80939102173, 8.91786003113, 7.71520519257, 5.41922569275, 2.59684848785, 3.18634986877, 2.35377693176, 1.61790943146, 1.50093865395, 1.14612984657, 0.966165542603, 0.507811546326, 0.211796835065, 0.0690608397126, 0.014979608357, 0.00207066489384, 0.000167496007634, 3.95675742766e-05],
        "min": [8.22436138012e-22, 2.97686106197e-21, 8.34840030375e-21, 5.04294440917e-20, 4.65015090983e-20, 2.10238693104e-19, 1.89941839296e-19, 5.8458906331e-19, 7.75706248708e-19, 4.12723033254e-19, 8.13279170275e-19, 1.57216046193e-18, 1.44497523889e-18, 1.21449645725e-18, 2.32023024448e-18, 2.72259984575e-18, 2.94010223153e-18, 4.43054686491e-18, 3.60920449312e-18, 4.97044640995e-18, 6.17638061728e-18, 9.23206190067e-18, 9.76585974792e-18, 5.46573734533e-18, 1.12849240033e-17, 1.18681905599e-17, 1.57895213174e-17, 1.93519748031e-17, 1.23125875538e-17, 1.52061009052e-17, 1.61313851384e-17, 1.53916821844e-17, 1.41334924962e-17, 9.94362913337e-18, 5.88566923177e-18, 5.91998440589e-18, 2.78648176368e-18, 1.2977437073e-18, 3.11709985746e-19, 3.46664835437e-20],
        "var": [0.22888481617, 11.1850070953, 28.0754985809, 37.6281433105, 1473.93383789, 453.068908691, 207.162582397, 521.874450684, 875.486022949, 1159.57312012, 2619.75048828, 3485.27050781, 2400.38427734, 2561.53051758, 2812.29467773, 7819.17480469, 10086.9726562, 5676.04052734, 3059.33642578, 2641.09814453, 1267.00622559, 1814.07873535, 3315.48706055, 1295.04968262, 290.499359131, 685.819030762, 99.9696960449, 61.253578186, 46.7824172974, 26.2388763428, 22.4436531067, 16.6387233734, 13.2968492508, 7.35773277283, 0.687056362629, 0.0656334459782, 0.00770478509367, 0.000244389375439, 1.78760876679e-06, 4.49983916795e-09]
    },
    "gfcc": {
        "mean": [-15.2778463364, 97.5700759888, -97.6287841797, 33.8405189514, -56.8268241882, 11.1878890991, -38.1411056519, 10.620174408, -20.6322364807, 3.94518923759, -8.78570747375, 0.807478249073, -10.2641735077],
        "cov": [[18231.5898438, -2450.00927734, -3478.42797852, 75.9089584351, -1161.07006836, 798.541442871, -443.149658203, 743.704284668, -499.254394531, 137.698318481, -618.456298828, 19.8543109894, -319.681427002], [-2450.00927734, 1981.72033691, 437.732666016, -167.28314209, 305.324127197, -302.045806885, 285.661865234, -225.771774292, 181.856674194, -92.5505065918, 227.646240234, -80.4227218628, 121.273452759], [-3478.42797852, 437.732666016, 1614.37792969, 169.28817749, 284.713806152, -49.80519104, 66.6503295898, -144.80947876, 116.734260559, 33.4865036011, 114.102287292, 42.9678077698, -10.4022483826], [75.9089584351, -167.28314209, 169.28817749, 520.363525391, 100.06602478, 20.63164711, 15.3641452789, -4.37385129929, 76.4556732178, 17.6134967804, -36.3318786621, -24.489200592, 34.1507110596], [-1161.07006836, 305.324127197, 284.713806152, 100.06602478, 462.205047607, 18.3878555298, 68.9245529175, -11.325551033, 56.0376625061, -3.66334366798, 40.1978797913, -14.9045362473, 29.1983451843], [798.541442871, -302.045806885, -49.80519104, 20.63164711, 18.3878555298, 316.078155518, 62.4328651428, 52.573059082, -47.3694076538, 22.8326816559, -27.2533054352, 5.8740735054, -47.7499160767], [-443.149658203, 285.661865234, 66.6503295898, 15.3641452789, 68.9245529175, 62.4328651428, 290.364807129, 7.81617164612, -3.79105114937, -2.90347909927, 49.7341880798, -13.017531395, 11.0818405151], [743.704284668, -225.771774292, -144.80947876, -4.37385129929, -11.325551033, 52.573059082, 7.81617164612, 201.751068115, -15.9477996826, -1.44835400581, -38.7963447571, 11.7757701874, -13.0291099548], [-499.254394531, 181.856674194, 116.734260559, 76.4556732178, 56.0376625061, -47.3694076538, -3.79105114937, -15.9477996826, 174.312042236, 22.9033374786, -10.8235082626, -13.5739908218, 43.8829193115], [137.698318481, -92.5505065918, 33.4865036011, 17.6134967804, -3.66334366798, 22.8326816559, -2.90347909927, -1.44835400581, 22.9033374786, 105.762138367, 23.8283405304, 9.97535610199, -11.9516382217], [-618.456298828, 227.646240234, 114.102287292, -36.3318786621, 40.1978797913, -27.2533054352, 49.7341880798, -38.7963447571, -10.8235082626, 23.8283405304, 153.896652222, 25.2033023834, 2.41432404518], [19.8543109894, -80.4227218628, 42.9678077698, -24.489200592, -14.9045362473, 5.8740735054, -13.017531395, 11.7757701874, -13.5739908218, 9.97535610199, 25.2033023834, 96.6097335815, 11.0195598602], [-319.681427002, 121.273452759, -10.4022483826, 34.1507110596, 29.1983451843, -47.7499160767, 11.0818405151, -13.0291099548, 43.8829193115, -11.9516382217, 2.41432404518, 11.0195598602, 108.45160675]],
        "icov": [[0.000224584946409, -0.000335452554282, 0.000402193603804, -0.000403538637329, 0.000377732882043, -0.000544456765056, 0.00047795168939, -0.000537658226676, 0.000575506186578, -0.000702951918356, 0.000740514544304, -0.00047857494792, 0.000469728111057], [-0.000335452554282, 0.00218303524889, -0.000686784449499, 0.00145281711593, -0.00117969978601, 0.00188941031229, -0.00213899766095, 0.00182715419214, -0.00247008609585, 0.00268665677868, -0.0028293505311, 0.00200387532823, -0.00121079490054], [0.000402193603804, -0.000686784449499, 0.00158030539751, -0.000983786536381, 0.000282057764707, -0.000913392170332, 0.000798500550445, -0.000474255444715, 0.000600350671448, -0.00129017443396, 0.00109269667882, -0.00158643373288, 0.00154999201186], [-0.000403538637329, 0.00145281711593, -0.000983786536381, 0.00341924536042, -0.00127309176605, 0.00126850500237, -0.00160427938681, 0.00144009897485, -0.00236899382435, 0.00166065862868, -0.00152327248361, 0.00202717375942, -0.00177743227687], [0.000377732882043, -0.00117969978601, 0.000282057764707, -0.00127309176605, 0.00358809623867, -0.00170182785951, 0.00106700847391, -0.00158933957573, 0.0010656225495, -0.00130122411065, 0.0011325054802, -0.000559142965358, 0.000302288361127], [-0.000544456765056, 0.00188941031229, -0.000913392170332, 0.00126850500237, -0.00170182785951, 0.00612862035632, -0.00317290169187, 0.00144310691394, -0.00144183915108, 0.00156914792024, -0.00163348135538, 0.00122198602185, 0.000117932388093], [0.00047795168939, -0.00213899766095, 0.000798500550445, -0.00160427938681, 0.00106700847391, -0.00317290169187, 0.00641059689224, -0.00245744362473, 0.00267935334705, -0.0023458157666, 0.00127165240701, -0.000886117399205, 0.000467023666715], [-0.000537658226676, 0.00182715419214, -0.000474255444715, 0.00144009897485, -0.00158933957573, 0.00144310691394, -0.00245744362473, 0.00780257349834, -0.00243959366344, 0.0026122094132, -0.00137320905924, 0.000407807296142, -0.00061107694637], [0.000575506186578, -0.00247008609585, 0.000600350671448, -0.00236899382435, 0.0010656225495, -0.00144183915108, 0.00267935334705, -0.00243959366344, 0.0110148508102, -0.00583732966334, 0.00482519995421, -0.00108902808279, -0.0013235041406], [-0.000702951918356, 0.00268665677868, -0.00129017443396, 0.00166065862868, -0.00130122411065, 0.00156914792024, -0.0023458157666, 0.0026122094132, -0.00583732966334, 0.0149695128202, -0.0064326650463, 0.00177495065145, -0.000153825225425], [0.000740514544304, -0.0028293505311, 0.00109269667882, -0.00152327248361, 0.0011325054802, -0.00163348135538, 0.00127165240701, -0.00137320905924, 0.00482519995421, -0.0064326650463, 0.0132899396122, -0.00514004938304, 0.00217720586807], [-0.00047857494792, 0.00200387532823, -0.00158643373288, 0.00202717375942, -0.000559142965358, 0.00122198602185, -0.000886117399205, 0.000407807296142, -0.00108902808279, 0.00177495065145, -0.00514004938304, 0.0145065197721, -0.00433717668056], [0.000469728111057, -0.00121079490054, 0.00154999201186, -0.00177743227687, 0.000302288361127, 0.000117932388093, 0.000467023666715, -0.00061107694637, -0.0013235041406, -0.000153825225425, 0.00217720586807, -0.00433717668056, 0.0134278358892]]
    },
    "melbands": {
        "dmean": [0.0021411201451, 0.00162505311891, 0.000769725360442, 0.000824734044727, 0.000205880816793, 0.000235914689256, 0.000190258899238, 0.000125104343169, 0.000140027186717, 9.74202921498e-05, 6.31416842225e-05, 5.64188158023e-05, 5.4287193052e-05, 4.28329476563e-05, 4.21216172981e-05, 3.25184118992e-05, 2.88607025141e-05, 2.14226874959e-05, 2.16112239286e-05, 1.86650104297e-05, 1.25564629343e-05, 9.91544220597e-06, 1.2723029613e-05, 1.15190241559e-05, 7.53453650759e-06, 4.87085435452e-06, 4.41279780716e-06, 4.71008252134e-06, 2.37109748014e-06, 2.20627703129e-06, 1.77894798981e-06, 1.56944122409e-06, 1.22325081975e-06, 1.13451596917e-06, 1.11461292818e-06, 8.08872869129e-07, 7.63774608004e-07, 7.22477636828e-07, 7.08357049461e-07, 5.33310355877e-07],
        "dmean2": [0.00386605877429, 0.00291878147982, 0.00120987545233, 0.00131405866705, 0.00033298341441, 0.000380039593438, 0.00030451035127, 0.000203974894248, 0.00022279265977, 0.000151058920892, 9.81058256002e-05, 8.79033905221e-05, 8.51711083669e-05, 6.73361937515e-05, 6.51385416859e-05, 4.86589597131e-05, 4.40444491687e-05, 3.25373148371e-05, 3.34200303769e-05, 2.92002132483e-05, 1.93202649825e-05, 1.5057942619e-05, 1.93060423044e-05, 1.71447736648e-05, 1.13841770144e-05, 7.56272083891e-06, 6.82715381117e-06, 7.28566828911e-06, 3.6143012494e-06, 3.43609144693e-06, 2.78169045487e-06, 2.44945704253e-06, 1.84042141882e-06, 1.65546418884e-06, 1.63683625942e-06, 1.18372793168e-06, 1.11171345907e-06, 1.04957314306e-06, 1.01874513803e-06, 7.71963073021e-07],
        "dvar": [2.41322650254e-05, 1.55983834702e-05, 3.37851906806e-06, 6.87557985657e-06, 1.41353254435e-07, 1.14834058706e-07, 8.65528662075e-08, 5.90878279638e-08, 8.83648141325e-08, 4.96686105578e-08, 1.92955820211e-08, 1.72129812626e-08, 1.71054796994e-08, 1.10414850596e-08, 1.19386092123e-08, 7.73001573862e-09, 6.67595845272e-09, 3.27951998891e-09, 3.92707333319e-09, 1.82198811594e-09, 8.1012302422e-10, 5.66239666266e-10, 9.97853688567e-10, 1.08344277994e-09, 4.28426294441e-10, 1.02389922929e-10, 7.64334082137e-11, 1.2751098788e-10, 2.86393044696e-11, 1.96242206513e-11, 9.95700483869e-12, 8.71282559989e-12, 5.06637700542e-12, 4.16700268041e-12, 4.8617082582e-12, 2.41725910122e-12, 3.06470907679e-12, 2.54399799837e-12, 2.83372717652e-12, 2.05606625475e-12],
        "dvar2": [7.00783712091e-05, 4.45212972409e-05, 8.33206286188e-06, 1.74397719093e-05, 3.76183436401e-07, 2.87949575295e-07, 2.1042581011e-07, 1.48684875967e-07, 2.10952308066e-07, 1.1204337369e-07, 4.40875531638e-08, 3.93053376513e-08, 4.20966443926e-08, 2.59400252389e-08, 2.46108999846e-08, 1.48674281775e-08, 1.46225422881e-08, 6.87920742592e-09, 8.96702534448e-09, 4.37591696212e-09, 1.79970471859e-09, 1.22588106333e-09, 2.13173145802e-09, 2.43966225e-09, 9.76280056797e-10, 2.32645180898e-10, 1.74988301627e-10, 2.81331624663e-10, 6.41447936434e-11, 4.85479607903e-11, 2.40552092134e-11, 2.14178102337e-11, 1.19536229873e-11, 9.14165444732e-12, 1.09998824285e-11, 5.1229888387e-12, 6.08758139384e-12, 4.91605497629e-12, 5.09355838757e-12, 3.94889589778e-12],
        "max": [0.0315871238708, 0.0352032855153, 0.0194478332996, 0.0334144718945, 0.00784944370389, 0.00489899562672, 0.00765827763826, 0.00443145493045, 0.00564632471651, 0.00523935677484, 0.00348531990312, 0.00391903612763, 0.00250809057616, 0.00286288349889, 0.00345698860474, 0.00336560676806, 0.00298204878345, 0.00204210821539, 0.00288058212027, 0.000904200132936, 0.00107735430356, 0.0010395902209, 0.00106249179225, 0.00101317383815, 0.000615271623246, 0.000314554665238, 0.000217686989345, 0.000286874244921, 0.000169500926859, 0.00010167475557, 6.39646896161e-05, 6.43070743536e-05, 4.41276679339e-05, 5.17356857017e-05, 7.09616724635e-05, 3.21980769513e-05, 5.16493746545e-05, 4.72097490274e-05, 3.86206738767e-05, 3.74475494027e-05],
        "mean": [0.00226306007244, 0.00202790647745, 0.0011355355382, 0.000901436782442, 0.000385186722269, 0.000468098354759, 0.000379912933568, 0.000222993738134, 0.000237848711549, 0.000176878951606, 0.000116803363198, 0.000109297106974, 0.000103816346382, 7.91441998444e-05, 8.94630575203e-05, 6.35434116703e-05, 5.138202323e-05, 3.65380728908e-05, 3.62467108062e-05, 3.10158357024e-05, 2.34866020037e-05, 2.04150019272e-05, 2.51549918175e-05, 2.32558813877e-05, 1.54200497491e-05, 9.69106440607e-06, 9.07165212993e-06, 9.20418278838e-06, 3.92576475861e-06, 3.84558143196e-06, 3.32613285536e-06, 2.91877836389e-06, 2.24567770601e-06, 1.98219868253e-06, 2.01543866751e-06, 1.56118369432e-06, 1.46177012539e-06, 1.44285752413e-06, 1.37195888783e-06, 9.2815281505e-07],
        "median": [0.000909791269805, 0.0011919765966, 0.000590874464251, 0.000283950153971, 0.000245019327849, 0.000304981134832, 0.000232304446399, 0.000106683582999, 8.57034247019e-05, 5.45379480172e-05, 3.13707787427e-05, 2.79988234979e-05, 2.34112267208e-05, 1.95574357349e-05, 1.98757734324e-05, 1.34741567308e-05, 1.20742133731e-05, 9.69516986515e-06, 1.02485546449e-05, 8.49866410135e-06, 7.99468671175e-06, 6.68914890412e-06, 7.66639459471e-06, 6.45091313345e-06, 6.35145352135e-06, 5.04165018356e-06, 4.12910367231e-06, 2.98061650028e-06, 1.26888187424e-06, 1.50390121689e-06, 1.68852227489e-06, 1.25748636037e-06, 9.93299408947e-07, 7.65014419812e-07, 8.29707573757e-07, 7.00019541e-07, 6.31452337529e-07, 6.4282448875e-07, 5.48983280169e-07, 3.40672244192e-07],
        "min": [9.21697271937e-24, 4.26475244758e-24, 8.17764216586e-24, 6.02049413192e-24, 6.56440386531e-24, 1.40698675146e-23, 1.20319613285e-23, 3.727660839e-24, 8.41184944659e-24, 1.01809875668e-23, 6.67004772331e-24, 3.94466227453e-24, 7.39224830431e-24, 7.74305159342e-24, 5.61060082228e-24, 7.38479909079e-24, 7.92878652697e-24, 5.48918881808e-24, 8.3650944496e-24, 5.13153308871e-24, 6.56309317292e-24, 9.91315509e-24, 7.81240666649e-24, 7.3867318e-24, 3.48649186077e-24, 7.32097472153e-24, 7.9965583562e-24, 8.11079882591e-24, 6.86809993103e-24, 1.23507613195e-23, 1.00494063567e-23, 6.08757452457e-24, 6.91538346483e-24, 9.72099961755e-24, 8.69010750913e-24, 1.09666449079e-23, 8.19527399595e-24, 8.81459764859e-24, 9.68957534339e-24, 8.03413574542e-24],
        "var": [1.85063636309e-05, 1.08061976789e-05, 3.51393396159e-06, 6.04413298788e-06, 2.13100406654e-07, 2.54280422496e-07, 2.07094629445e-07, 1.1670017841e-07, 1.95834715555e-07, 1.19014814004e-07, 6.03361627327e-08, 4.40868355156e-08, 4.9522725476e-08, 3.68330539402e-08, 6.04679968319e-08, 3.02614751035e-08, 2.25558149936e-08, 8.46914183228e-09, 7.58140838997e-09, 3.526729353e-09, 1.83956105904e-09, 2.07116190865e-09, 2.83682188851e-09, 3.14931281054e-09, 9.36160260423e-10, 2.23426749324e-10, 2.21512141962e-10, 3.72696568052e-10, 5.03185340617e-11, 3.74381740886e-11, 2.00602937039e-11, 1.81933339921e-11, 1.06467239538e-11, 8.92746467029e-12, 9.6730956578e-12, 5.53242304399e-12, 7.40980801023e-12, 7.05247926031e-12, 7.74423407346e-12, 4.77172641677e-12]
    },
    "mfcc": {
        "mean": [-656.99407959, 124.423171997, 17.2152462006, 25.087726593, 8.15332221985, 1.3626447916, -0.198796615005, 2.68058824539, -2.9944524765, 0.879608273506, 2.331179142, 2.04408788681, 1.87703847885],
        "cov": [[12339.3183594, -1568.06652832, -1945.8046875, -603.496398926, -464.764709473, -263.796508789, 11.3178062439, 162.150390625, 125.50717926, 144.706115723, 25.1905422211, -55.5621871948, -228.238815308], [-1568.06652832, 1533.40783691, 142.607772827, -8.23021507263, -56.5279846191, -68.7676010132, 14.6214008331, -18.1609096527, -44.9666976929, -53.7239837646, 24.0982837677, -3.35279273987, 90.6275482178], [-1945.8046875, 142.607772827, 1028.71643066, 200.761047363, 97.2744216919, 159.943664551, -20.6033706665, -16.351934433, -46.2512550354, 0.818787872791, 20.0511264801, 54.4420776367, 60.5460014343], [-603.496398926, -8.23021507263, 200.761047363, 472.521362305, 131.716629028, 74.0902786255, -9.66915512085, -14.6250104904, 69.3389205933, 26.3197593689, -30.4306907654, 54.90965271, 30.2039890289], [-464.764709473, -56.5279846191, 97.2744216919, 131.716629028, 376.29888916, 75.4956665039, -12.012966156, 1.68232810497, 47.0464477539, 4.30316257477, 9.93440055847, 7.80682659149, -3.54972195625], [-263.796508789, -68.7676010132, 159.943664551, 74.0902786255, 75.4956665039, 283.649383545, 81.1769104004, 19.5690326691, 32.973197937, 26.312292099, 37.253200531, 9.87205123901, 6.30054998398], [11.3178062439, 14.6214008331, -20.6033706665, -9.66915512085, -12.012966156, 81.1769104004, 265.563110352, 79.7163696289, -8.33612346649, -3.12051868439, 51.3884162903, 15.0667161942, -0.843766093254], [162.150390625, -18.1609096527, -16.351934433, -14.6250104904, 1.68232810497, 19.5690326691, 79.7163696289, 157.018432617, 42.0482368469, 10.9456624985, 12.7628097534, -10.0952682495, -2.67321038246], [125.50717926, -44.9666976929, -46.2512550354, 69.3389205933, 47.0464477539, 32.973197937, -8.33612346649, 42.0482368469, 185.765808105, 52.2688713074, -20.7654743195, -8.82206726074, 1.56054461002], [144.706115723, -53.7239837646, 0.818787872791, 26.3197593689, 4.30316257477, 26.312292099, -3.12051868439, 10.9456624985, 52.2688713074, 112.515396118, 17.4210147858, -4.4289484024, -2.57137727737], [25.1905422211, 24.0982837677, 20.0511264801, -30.4306907654, 9.93440055847, 37.253200531, 51.3884162903, 12.7628097534, -20.7654743195, 17.4210147858, 126.208297729, 11.3633460999, -23.6004562378], [-55.5621871948, -3.35279273987, 54.4420776367, 54.90965271, 7.80682659149, 9.87205123901, 15.0667161942, -10.0952682495, -8.82206726074, -4.4289484024, 11.3633460999, 118.854888916, 40.1002845764], [-228.238815308, 90.6275482178, 60.5460014343, 30.2039890289, -3.54972195625, 6.30054998398, -0.843766093254, -2.67321038246, 1.56054461002, -2.57137727737, -23.6004562378, 40.1002845764, 111.61907959]],
