{
"lowlevel": {
    "average_loudness": 0.919925510883,
    "barkbands_crest": {
        "dmean": 3.65605330467,
        "dmean2": 5.61860322952,
        "dvar": 10.3046016693,
        "dvar2": 22.587097168,
        "max": 24.5521221161,
        "mean": 11.9537010193,
        "median": 11.3004655838,
        "min": 2.08732509613,
        "var": 25.4996852875
    },
    "barkbands_flatness_db": {
        "dmean": 0.0391536355019,
        "dmean2": 0.054460413754,
        "dvar": 0.00150759692769,
        "dvar2": 0.0032292783726,
        "max": 0.706369400024,
        "mean": 0.160312980413,
        "median": 0.143383130431,
        "min": 0.018604721874,
        "var": 0.00904548633844
    },
    "barkbands_kurtosis": {
        "dmean": 5.41227436066,
        "dmean2": 8.19940471649,
        "dvar": 89.7516403198,
        "dvar2": 194.936080933,
        "max": 162.430526733,
        "mean": 6.69494485855,
        "median": 2.34516811371,
        "min": -1.86947441101,
        "var": 151.927383423
    },
    "barkbands_skewness": {
        "dmean": 0.828047394753,
        "dmean2": 1.2011590004,
        "dvar": 0.726075530052,
        "dvar2": 1.44036531448,
        "max": 10.9353847504,
        "mean": 1.46167981625,
        "median": 1.44111323357,
        "min": -3.49991297722,
        "var": 3.91915202141
    },
    "barkbands_spread": {
        "dmean": 9.28236293793,
        "dmean2": 13.4522209167,
        "dvar": 119.566772461,
        "dvar2": 228.519638062,
        "max": 92.5125427246,
        "mean": 23.3218612671,
        "median": 19.7722034454,
        "min": 0.386661499739,
        "var": 304.690338135
    },
    "dissonance": {
        "dmean": 0.0138812204823,
        "dmean2": 0.0232949629426,
        "dvar": 0.000445171725005,
        "dvar2": 0.00109960010741,
        "max": 0.500000298023,
        "mean": 0.477360755205,
        "median": 0.485578387976,
        "min": 0.0572814457119,
        "var": 0.00127259106375
    },
    "dynamic_complexity": 3.64182186127,
    "erbbands_crest": {
        "dmean": 2.6107442379,
        "dmean2": 4.20469141006,
        "dvar": 6.69713544846,
        "dvar2": 15.9709510803,
        "max": 30.114730835,
        "mean": 8.67583847046,
        "median": 7.63256549835,
        "min": 2.21113157272,
        "var": 17.9989891052
    },
    "erbbands_flatness_db": {
        "dmean": 0.0272767543793,
        "dmean2": 0.039251819253,
        "dvar": 0.000791302358266,
        "dvar2": 0.00169269763865,
        "max": 0.55938243866,
        "mean": 0.17045083642,
        "median": 0.142313301563,
        "min": 0.0427226237953,
        "var": 0.00988210365176
    },
    "erbbands_kurtosis": {
        "dmean": 1.5376316309,
        "dmean2": 2.45840334892,
        "dvar": 4.81955099106,
        "dvar2": 12.0672187805,
        "max": 26.6045589447,
        "mean": 1.75872325897,
        "median": 0.134579181671,
        "min": -1.85565745831,
        "var": 15.0388832092
    },
    "erbbands_skewness": {
        "dmean": 0.505883574486,
        "dmean2": 0.763576388359,
        "dvar": 0.231499090791,
        "dvar2": 0.53908187151,
        "max": 3.37924146652,
        "mean": -0.311839610338,
        "median": -0.25430303812,
        "min": -4.08852243423,
        "var": 0.919427812099
    },
    "erbbands_spread": {
        "dmean": 11.6523923874,
        "dmean2": 17.6304931641,
        "dvar": 175.714157104,
        "dvar2": 388.649017334,
        "max": 141.174942017,
        "mean": 40.1898765564,
        "median": 36.3586997986,
        "min": 1.23555350304,
        "var": 819.623046875
    },
    "hfc": {
        "dmean": 15.0857801437,
        "dmean2": 20.8678798676,
        "dvar": 482.384094238,
        "dvar2": 899.348022461,
        "max": 194.941513062,
        "mean": 25.5038757324,
        "median": 14.8967733383,
        "min": 1.09325748409e-16,
        "var": 855.613891602
    },
    "melbands_crest": {
        "dmean": 4.16253709793,
        "dmean2": 6.34883165359,
        "dvar": 13.6413459778,
        "dvar2": 29.3557910919,
        "max": 34.5989723206,
        "mean": 16.7333259583,
        "median": 16.4927558899,
        "min": 1.41450476646,
        "var": 45.0251960754
    },
    "melbands_flatness_db": {
        "dmean": 0.0463763512671,
        "dmean2": 0.0643327385187,
        "dvar": 0.00212995451875,
        "dvar2": 0.00440895278007,
        "max": 0.889439344406,
        "mean": 0.232373028994,
        "median": 0.222309306264,
        "min": 0.00214540446177,
        "var": 0.0130137214437
    },
    "melbands_kurtosis": {
        "dmean": 12.8812417984,
        "dmean2": 19.3424873352,
        "dvar": 458.29888916,
        "dvar2": 973.976745605,
        "max": 329.43347168,
        "mean": 22.1750926971,
        "median": 9.90655326843,
        "min": -1.82693362236,
        "var": 1081.26916504
    },
    "melbands_skewness": {
        "dmean": 1.084379673,
        "dmean2": 1.58628308773,
        "dvar": 1.25542712212,
        "dvar2": 2.61163783073,
        "max": 14.3956718445,
        "mean": 2.98596906662,
        "median": 2.95410037041,
        "min": -3.59277200699,
        "var": 7.33276844025
    },
    "melbands_spread": {
        "dmean": 10.315114975,
        "dmean2": 15.6430454254,
        "dvar": 162.275878906,
        "dvar2": 354.084197998,
        "max": 148.183425903,
        "mean": 24.3468589783,
        "median": 19.4313240051,
        "min": 0.325733810663,
        "var": 398.437133789
    },
    "pitch_salience": {
        "dmean": 0.0966613143682,
        "dmean2": 0.14628726244,
        "dvar": 0.0072802095674,
        "dvar2": 0.0159250702709,
        "max": 0.963059902191,
        "mean": 0.544982969761,
        "median": 0.559096395969,
        "min": 0.0828577503562,
        "var": 0.020683599636
    },
    "silence_rate_20dB": {
        "dmean": 0,
        "dmean2": 0,
        "dvar": 0,
        "dvar2": 0,
        "max": 1,
        "mean": 1,
        "median": 1,
        "min": 1,
        "var": 0
    },
    "silence_rate_30dB": {
        "dmean": 0.0106314430013,
        "dmean2": 0.0212645996362,
        "dvar": 0.0105184623972,
        "dvar2": 0.0311265550554,
        "max": 1,
        "mean": 0.994523644447,
        "median": 1,
        "min": 0,
        "var": 0.00544676091522
    },
    "silence_rate_60dB": {
        "dmean": 0.0201353095472,
        "dmean2": 0.0402738638222,
        "dvar": 0.0197302959859,
        "dvar2": 0.0468679517508,
        "max": 1,
        "mean": 0.0763469412923,
        "median": 0,
        "min": 0,
        "var": 0.0705189183354
    },
    "spectral_centroid": {
        "dmean": 345.046600342,
        "dmean2": 489.799804688,
        "dvar": 168904.234375,
        "dvar2": 323574.5625,
        "max": 11604.0175781,
        "mean": 1471.22827148,
        "median": 1439.14306641,
        "min": 115.951324463,
        "var": 702685.25
    },
    "spectral_complexity": {
        "dmean": 6.3260307312,
        "dmean2": 8.65710830688,
        "dvar": 49.9819793701,
        "dvar2": 84.7771148682,
        "max": 64,
        "mean": 20.4422969818,
        "median": 18,
        "min": 0,
        "var": 166.209640503
    },
    "spectral_decrease": {
        "dmean": 3.19793769243e-09,
        "dmean2": 4.71670391633e-09,
        "dvar": 1.76077619111e-17,
        "dvar2": 3.98022634799e-17,
        "max": 1.11834611121e-28,
        "mean": -8.03996602627e-09,
        "median": -6.50298215277e-09,
        "min": -3.56121176992e-08,
        "var": 4.04023168399e-17
    },
    "spectral_energy": {
        "dmean": 0.0131265539676,
        "dmean2": 0.0190855097026,
        "dvar": 0.0002761814103,
        "dvar2": 0.00061297317734,
        "max": 0.138016119599,
        "mean": 0.0326580218971,
        "median": 0.0266979821026,
        "min": 9.99635411029e-21,
        "var": 0.000640487123746
    },
    "spectral_energyband_high": {
        "dmean": 0.00116128905211,
        "dmean2": 0.00161041598767,
        "dvar": 4.84129168399e-06,
        "dvar2": 8.96107849258e-06,
        "max": 0.019542934373,
        "mean": 0.00136284029577,
        "median": 0.000235193423578,
        "min": 7.24854735709e-21,
        "var": 7.67018718761e-06
    },
    "spectral_energyband_low": {
        "dmean": 0.00817320495844,
        "dmean2": 0.0124540738761,
        "dvar": 0.000176375775482,
        "dvar2": 0.000411050219554,
        "max": 0.119546085596,
        "mean": 0.0170963928103,
        "median": 0.0113136172295,
        "min": 3.87212753981e-23,
        "var": 0.000376251642592
    },
    "spectral_energyband_middle_high": {
        "dmean": 0.00324208429083,
        "dmean2": 0.00494559621438,
        "dvar": 2.77668768831e-05,
        "dvar2": 6.21639701421e-05,
        "max": 0.0576192550361,
        "mean": 0.00648613553494,
        "median": 0.00296811619774,
        "min": 1.27736669372e-21,
        "var": 6.71451125527e-05
    },
    "spectral_energyband_middle_low": {
        "dmean": 0.00526003912091,
        "dmean2": 0.00809057336301,
        "dvar": 7.34988207114e-05,
        "dvar2": 0.000185826298548,
        "max": 0.0912618637085,
        "mean": 0.00850578211248,
        "median": 0.00563952839002,
        "min": 1.7620772156e-22,
        "var": 9.52257178142e-05
    },
    "spectral_entropy": {
        "dmean": 0.23851801455,
        "dmean2": 0.332398742437,
        "dvar": 0.063050493598,
        "dvar2": 0.1341676265,
        "max": 9.81783390045,
        "mean": 7.61765813828,
        "median": 7.72342014313,
        "min": 3.67255401611,
        "var": 0.448897272348
    },
    "spectral_flux": {
        "dmean": 0.0379405617714,
        "dmean2": 0.0551189556718,
        "dvar": 0.00169738568366,
        "dvar2": 0.00313986907713,
        "max": 0.346294224262,
        "mean": 0.0937754511833,
        "median": 0.0815236717463,
        "min": 6.11098741055e-11,
        "var": 0.00350398267619
    },
    "spectral_kurtosis": {
        "dmean": 8.8771944046,
        "dmean2": 14.4429330826,
        "dvar": 1493.99804688,
        "dvar2": 4005.79321289,
        "max": 1026.94775391,
        "mean": 16.2772941589,
        "median": 3.84626674652,
        "min": -1.24769210815,
        "var": 3597.75512695
    },
    "spectral_rms": {
        "dmean": 0.00108370627277,
        "dmean2": 0.00153704325203,
        "dvar": 1.36653375193e-06,
        "dvar2": 2.87441389446e-06,
        "max": 0.0116038732231,
        "mean": 0.00515877455473,
        "median": 0.00510360766202,
        "min": 3.12290579681e-12,
        "var": 5.24849610883e-06
    },
    "spectral_rolloff": {
        "dmean": 687.358947754,
        "dmean2": 1094.85083008,
        "dvar": 1397519.875,
        "dvar2": 2667141.75,
        "max": 19896.6796875,
        "mean": 1554.1829834,
        "median": 1399.65820312,
        "min": 64.599609375,
        "var": 3143276.75
    },
    "spectral_skewness": {
        "dmean": 0.4990632236,
        "dmean2": 0.794429242611,
        "dvar": 0.978057444096,
        "dvar2": 2.46178603172,
        "max": 25.9399089813,
        "mean": 2.0281996727,
        "median": 1.53723585606,
        "min": -0.0711937174201,
        "var": 5.39976119995
    },
    "spectral_spread": {
        "dmean": 962202.5625,
        "dmean2": 1395824.375,
        "dvar": 1.20757393818e+12,
        "dvar2": 2.65190716211e+12,
        "max": 41756156,
        "mean": 4487164,
        "median": 4214082.5,
        "min": 121037.148438,
        "var": 7.89478480282e+12
    },
    "spectral_strongpeak": {
        "dmean": 0.444838374853,
        "dmean2": 0.716630518436,
        "dvar": 0.814879119396,
        "dvar2": 1.62194514275,
        "max": 13.3767080307,
        "mean": 0.905885994434,
        "median": 0.387114167213,
        "min": 0,
        "var": 2.13879561424
    },
    "zerocrossingrate": {
        "dmean": 0.0170360058546,
        "dmean2": 0.0187259297818,
        "dvar": 0.00036256184103,
        "dvar2": 0.000426323269494,
        "max": 0.517578125,
        "mean": 0.0610249303281,
        "median": 0.05615234375,
        "min": 0.00244140625,
        "var": 0.00191444728989
    },
    "barkbands": {
        "dmean": [0.000247467396548, 0.00719393463805, 0.00265277200378, 0.00149859930389, 0.00222513265908, 0.00101512647234, 0.000743319396861, 0.000529941811692, 0.0005104727461, 0.000216563552385, 0.000295089703286, 0.000391112727812, 0.000751737912651, 0.000798063119873, 0.000713305547833, 0.000540167966392, 0.000268337957095, 0.000268579286058, 0.000247979070991, 0.00019903210341, 0.000269518641289, 0.000188403384527, 0.000273407844361, 0.000174373577465, 0.000155957313837, 5.77881619392e-05, 3.52533206751e-05],
        "dmean2": [0.000334676733473, 0.0109557323158, 0.00466839410365, 0.00245835864916, 0.00347846467048, 0.0015921323793, 0.00118958659004, 0.000901122752111, 0.000848305877298, 0.000362053135177, 0.000487422337756, 0.000654793402646, 0.00118667108472, 0.00131863146089, 0.00111930794083, 0.000884430482984, 0.000432659260696, 0.000417652656324, 0.000401237746701, 0.000294295256026, 0.000397654890548, 0.00027585454518, 0.000397106108721, 0.000251215300523, 0.000222094080527, 8.02344147814e-05, 5.04599047417e-05],
        "dvar": [1.99277977231e-07, 0.000135189126013, 4.24891186412e-05, 7.59865861255e-06, 1.87535479199e-05, 4.9726695579e-06, 3.73725447389e-06, 1.6051029661e-06, 1.19604544579e-06, 1.92457989101e-07, 7.24737219571e-07, 6.50645972655e-07, 2.43669410338e-06, 3.13113469019e-06, 2.75291699836e-06, 2.75681532003e-06, 4.61739205093e-07, 2.56954592714e-07, 5.52937365228e-07, 1.48816056367e-07, 3.5099537854e-07, 1.6130455549e-07, 3.21869748632e-07, 1.28388123244e-07, 1.16622658197e-07, 1.62148054983e-08, 8.73744721019e-09],
        "dvar2": [3.19948156857e-07, 0.000319958053296, 0.000121547891467, 1.90656483028e-05, 4.48047358077e-05, 1.06875495476e-05, 8.28159409139e-06, 4.49356912213e-06, 3.20792628372e-06, 4.86805276978e-07, 1.92140964828e-06, 1.70488965523e-06, 5.84544386584e-06, 7.77163222665e-06, 5.16254340255e-06, 7.34935701985e-06, 1.15468242257e-06, 6.21696869985e-07, 1.47027890307e-06, 3.25123437506e-07, 7.49233720398e-07, 3.48784880089e-07, 6.45874649763e-07, 2.68132055226e-07, 2.45831927259e-07, 3.04908880366e-08, 1.74837406774e-08],
        "max": [0.00919564347714, 0.103048585355, 0.0729781538248, 0.0326757095754, 0.0570588707924, 0.0382095389068, 0.0322144068778, 0.0206847302616, 0.0168602596968, 0.00618270132691, 0.0163834337145, 0.0101521480829, 0.0281032584608, 0.0192464720458, 0.034879360348, 0.0247168801725, 0.0187698230147, 0.00560627318919, 0.0120905004442, 0.00421514548361, 0.00770144956186, 0.00471546547487, 0.00661709625274, 0.00599187798798, 0.00532589061186, 0.00160077668261, 0.00101222435478],
        "mean": [0.000578170176595, 0.0128437737003, 0.00292052701116, 0.00224901200272, 0.00285573955625, 0.00129077059682, 0.000834260950796, 0.000560583604965, 0.000646638509352, 0.000254989077803, 0.000381120073143, 0.000479401292978, 0.00122990645468, 0.00103425746784, 0.00128132896498, 0.000654159055557, 0.000419861316914, 0.000364320178051, 0.000280477834167, 0.000237732456299, 0.000304439978208, 0.000213772742427, 0.000296578742564, 0.000186141638551, 0.000162203796208, 6.26308828942e-05, 3.52181377821e-05],
        "median": [0.000129401450977, 0.00657868990675, 0.00130367174279, 0.00090358639136, 0.00121250876691, 0.000445526704425, 0.000245882576564, 0.000219721172471, 0.000229749814025, 9.68835520325e-05, 0.000144578472828, 0.00019690071349, 0.000334598706104, 0.000328506372171, 0.000382831669413, 0.000191578481463, 0.000131343520479, 9.12858595257e-05, 7.34517234378e-05, 5.23885282746e-05, 4.88777404826e-05, 2.41253892455e-05, 2.80115618807e-05, 2.04811494768e-05, 1.61722091434e-05, 4.65123275717e-06, 5.27970428266e-07],
        "min": [6.98519666887e-25, 3.80490728213e-24, 5.78367217172e-24, 5.19281101497e-25, 9.66891507628e-24, 1.27177646562e-23, 9.32775245629e-24, 1.65635546547e-23, 2.38440134802e-23, 2.70424926189e-23, 1.87990633978e-23, 3.97220811404e-23, 3.88364459348e-23, 4.02824374404e-23, 5.39558329304e-23, 4.67469379885e-23, 8.73662505899e-23, 8.77056564167e-23, 1.5883937732e-22, 2.15021116979e-22, 2.80111835182e-22, 3.12105054759e-22, 4.23699287409e-22, 6.17733574109e-22, 8.40779362869e-22, 1.40939913859e-21, 2.12336556423e-21],
        "var": [1.74075398718e-06, 0.000276342674624, 2.99745533994e-05, 1.20434597193e-05, 2.55526829278e-05, 7.42657084629e-06, 4.81017968923e-06, 1.26636120967e-06, 1.59250953402e-06, 2.12991551507e-07, 6.69887242566e-07, 6.96781455645e-07, 5.10240761287e-06, 3.91585581383e-06, 8.09596440376e-06, 2.39028054239e-06, 9.25701385768e-07, 3.86122906093e-07, 4.51046645367e-07, 1.99174905902e-07, 4.59005036646e-07, 2.13890032796e-07, 4.56835209661e-07, 1.72857568259e-07, 1.53171015427e-07, 2.54423166979e-08, 1.12601821201e-08]
    },
    "erbbands": {
        "dmean": [0.253456354141, 1.54098033905, 2.97289466858, 3.4958050251, 6.53735160828, 7.07768201828, 9.44364070892, 7.80906009674, 9.17544841766, 11.2949924469, 12.0137481689, 12.8324241638, 6.79242277145, 8.02645587921, 12.3065299988, 16.4224033356, 32.4732398987, 40.2849693298, 35.1830291748, 29.539056778, 27.4835739136, 14.2563056946, 14.9037694931, 13.4401817322, 11.6229991913, 9.50317764282, 9.02648258209, 10.2065429688, 6.50074005127, 9.22802829742, 7.03465366364, 3.11240029335, 3.24499225616, 2.11749815941, 0.895119190216, 0.29863101244, 0.0956916511059, 0.0328696370125, 0.00669975811616, 0.000290742056677],
        "dmean2": [0.359555751085, 2.42240285873, 5.0796122551, 6.02813434601, 9.95372676849, 11.2009868622, 15.7387008667, 12.1643199921, 14.9007778168, 18.32239151, 20.6057071686, 21.3590297699, 11.1452741623, 13.1519794464, 20.4795322418, 27.3606128693, 51.3646850586, 66.0278625488, 56.0365638733, 46.1773071289, 45.6199264526, 22.8451347351, 23.3200721741, 21.5817909241, 18.1670589447, 14.0861568451, 13.5629882812, 14.8084211349, 9.54422855377, 13.4436378479, 10.2690076828, 4.49518299103, 4.7542386055, 3.06383562088, 1.26334869862, 0.420864492655, 0.134720653296, 0.0461579747498, 0.00962248351425, 0.000416222464992],
        "dvar": [0.152319416404, 7.40766906738, 49.5275688171, 53.5554885864, 138.74887085, 199.227615356, 710.598449707, 275.094848633, 508.044708252, 701.679626465, 1065.40734863, 784.343261719, 198.424514771, 313.720306396, 1113.10290527, 1197.3494873, 4227.57128906, 8356.15039062, 4019.12524414, 4726.56494141, 8753.47070312, 1293.42590332, 766.276977539, 1308.68994141, 749.560302734, 346.48638916, 333.752380371, 537.247924805, 212.296691895, 368.065063477, 209.396682739, 34.5128135681, 49.335559845, 22.9446277618, 3.35365748405, 0.396818876266, 0.048555418849, 0.00689593842253, 0.000327116664266, 5.5223608797e-07],
        "dvar2": [0.327235847712, 18.1505908966, 137.237548828, 148.964416504, 307.771453857, 493.993988037, 1827.15441895, 614.263366699, 1238.51916504, 1659.15551758, 2951.71411133, 2112.93041992, 494.455780029, 771.26776123, 3017.72314453, 3088.10717773, 10139.4492188, 20782.0214844, 9176.77539062, 10000.6132812, 24117.390625, 3254.50024414, 1837.74438477, 3488.92529297, 1942.44396973, 757.100097656, 748.321289062, 1115.59777832, 486.512573242, 770.314941406, 404.639678955, 65.6081924438, 106.487236023, 50.4943199158, 6.47510957718, 0.743771016598, 0.0960213467479, 0.013665266335, 0.000664217281155, 1.10468431558e-06],
        "max": [3.763651371, 23.4198722839, 78.2393798828, 94.7611846924, 177.694610596, 188.350067139, 369.070343018, 377.473999023, 541.268432617, 408.56842041, 586.254821777, 429.087646484, 227.500976562, 300.555969238, 546.222351074, 505.958007812, 1046.75708008, 1189.56518555, 986.704650879, 1194.79321289, 1348.80285645, 1125.72290039, 382.202514648, 496.78237915, 413.5078125, 208.627258301, 215.446136475, 274.325317383, 217.620361328, 264.890838623, 158.062667847, 73.7254104614, 114.418830872, 72.6617584229, 31.722442627, 9.60104370117, 2.94627022743, 0.903160750866, 0.209827288985, 0.00821604486555],
        "mean": [0.459592819214, 2.51452803612, 3.73957109451, 4.97518587112, 10.2884559631, 8.57222652435, 10.1668300629, 10.2002286911, 10.1353540421, 13.1204710007, 12.8022003174, 16.5430717468, 8.58829116821, 11.1097402573, 15.91198349, 21.1685180664, 55.0948295593, 56.3387641907, 62.8496704102, 51.3613204956, 35.8200454712, 22.0378303528, 21.0236663818, 15.6205463409, 13.9062309265, 11.2890005112, 10.3486270905, 11.5026702881, 7.33701229095, 9.95451068878, 7.84409093857, 3.55704712868, 3.29594969749, 2.16049218178, 0.944187521935, 0.321804642677, 0.102381534874, 0.0341469235718, 0.00667432555929, 0.000310995150357],
        "median": [0.192375585437, 1.36534368992, 1.89894175529, 2.97052383423, 4.2158665657, 3.45147657394, 3.26904225349, 3.95235013962, 3.69644117355, 4.34384250641, 5.12270545959, 5.48756790161, 3.51883244514, 4.05008125305, 7.07485103607, 8.63441848755, 16.2547168732, 16.5771865845, 24.2340278625, 13.9739198685, 11.0385398865, 7.4770565033, 5.60076999664, 3.94122695923, 3.48761773109, 2.50210595131, 2.24235272408, 1.53032112122, 0.846614480019, 0.980169117451, 0.770543217659, 0.432076394558, 0.326672852039, 0.21393185854, 0.0916148126125, 0.0257601439953, 0.00720544578508, 0.00137108820491, 0.000122884986922, 4.33237546531e-05],
        "min": [1.50325132151e-22, 1.24204894923e-21, 6.20265098173e-21, 5.16769940141e-21, 1.94160922478e-20, 3.27944219523e-20, 5.21973100065e-20, 1.04647343077e-19, 1.41602554596e-19, 2.92167404335e-19, 4.24547218219e-19, 6.99182012482e-19, 4.75578394201e-19, 1.26606196606e-18, 1.6272858459e-18, 1.60499612012e-18, 2.08679243099e-18, 1.71855499013e-18, 3.29818065369e-18, 3.46401547726e-18, 2.7616919879e-18, 4.97646828481e-18, 5.8250828014e-18, 7.17239623748e-18, 1.03278545279e-17, 1.02631565963e-17, 1.1236834204e-17, 1.20504821418e-17, 1.18451593701e-17, 1.2488725739e-17, 1.12382825973e-17, 1.0659390999e-17, 1.02914709887e-17, 8.22533180999e-18, 6.24372718121e-18, 4.70900853273e-18, 2.53536978884e-18, 9.79403351959e-19, 2.75077180795e-19, 3.01471951917e-20],
        "var": [0.420441269875, 12.4089651108, 40.3790245056, 49.9647445679, 268.137481689, 223.816314697, 703.461364746, 356.360015869, 513.983337402, 849.954162598, 815.879333496, 1134.30969238, 226.597427368, 421.600616455, 952.139221191, 1344.50073242, 9661.06835938, 11021.1611328, 9504.42773438, 11989.8710938, 7152.20019531, 2175.01049805, 1266.07922363, 1129.27612305, 718.822692871, 458.536468506, 417.759735107, 723.683898926, 265.317901611, 493.49520874, 309.702087402, 53.6586418152, 61.2768783569, 27.8317298889, 5.13231086731, 0.65202242136, 0.0694250836968, 0.00938372686505, 0.000409496220527, 6.93704350851e-07]
    },
    "gfcc": {
        "mean": [-27.6891689301, 98.2949676514, -114.631767273, 32.2384986877, -35.2864532471, 18.1397819519, -34.9234046936, 0.482414722443, -15.3444423676, 5.05446624756, -10.5922737122, -5.34944581985, -9.05816841125],
        "cov": [[18583.296875, -3701.03491211, 1214.93530273, 1307.67724609, -959.782165527, 488.122619629, -247.397949219, 929.583129883, -228.133209229, 255.094650269, -359.238647461, 524.790466309, -296.22845459], [-3701.03491211, 3303.36791992, -613.587158203, -708.934020996, 841.40246582, -414.12097168, 205.028213501, -419.38104248, 163.826507568, -234.71156311, 161.225479126, -285.497192383, 163.251739502], [1214.93530273, -613.587158203, 2763.92626953, 607.37322998, -535.637695312, 171.673965454, 136.190063477, 356.997741699, 81.4429016113, 20.5260219574, -68.6022262573, 186.220184326, -107.045646667], [1307.67724609, -708.934020996, 607.37322998, 751.950012207, -297.449493408, 240.931762695, 1.04494166374, 185.117416382, 27.1431903839, 48.2359199524, -26.1643829346, 91.4832458496, -40.5554733276], [-959.782165527, 841.40246582, -535.637695312, -297.449493408, 685.870544434, -140.409194946, 84.6705932617, -90.2940139771, 59.5001411438, -47.823841095, 43.2925376892, -58.0629119873, 77.657699585], [488.122619629, -414.12097168, 171.673965454, 240.931762695, -140.409194946, 329.559692383, 1.8876632452, 95.9694213867, 12.044011116, 73.4497528076, -1.1990531683, 48.2500343323, -28.8929462433], [-247.397949219, 205.028213501, 136.190063477, 1.04494166374, 84.6705932617, 1.8876632452, 166.143829346, 11.7816095352, 50.6811027527, -12.2727413177, 24.4535217285, -7.7533197403, 12.6106271744], [929.583129883, -419.38104248, 356.997741699, 185.117416382, -90.2940139771, 95.9694213867, 11.7816095352, 325.208892822, 43.493106842, 93.6039276123, -7.66160726547, 98.5752258301, 2.07176017761], [-228.133209229, 163.826507568, 81.4429016113, 27.1431903839, 59.5001411438, 12.044011116, 50.6811027527, 43.493106842, 99.9332122803, 14.406411171, 24.4977550507, 4.35614728928, 14.3975353241], [255.094650269, -234.71156311, 20.5260219574, 48.2359199524, -47.823841095, 73.4497528076, -12.2727413177, 93.6039276123, 14.406411171, 118.974601746, 28.642332077, 37.5795631409, 2.79666805267], [-359.238647461, 161.225479126, -68.6022262573, -26.1643829346, 43.2925376892, -1.1990531683, 24.4535217285, -7.66160726547, 24.4977550507, 28.642332077, 74.8316802979, 7.37016773224, 23.5055541992], [524.790466309, -285.497192383, 186.220184326, 91.4832458496, -58.0629119873, 48.2500343323, -7.7533197403, 98.5752258301, 4.35614728928, 37.5795631409, 7.37016773224, 92.7943115234, 10.8891210556], [-296.22845459, 163.251739502, -107.045646667, -40.5554733276, 77.657699585, -28.8929462433, 12.6106271744, 2.07176017761, 14.3975353241, 2.79666805267, 23.5055541992, 10.8891210556, 67.6784896851]],
        "icov": [[9.03947438928e-05, -1.63745517057e-05, 5.07909207954e-05, -0.000101242352684, 1.10987803055e-05, 6.00617095188e-05, -5.34347564098e-05, -0.000126049068058, 0.000171732768649, -9.62318954407e-05, 0.000385312188882, -0.000504770199768, 0.000396377872676], [-1.63745517057e-05, 0.00109713990241, -0.000294157594908, 0.000410640961491, -0.0006328568561, 6.20255741524e-05, 0.000195773434825, 0.000132847068016, -0.00103990256321, 0.0014800777426, -0.00221098563634, 0.00293325074017, -0.00176922127139], [5.07909207954e-05, -0.000294157594908, 0.000763911055401, -0.000362535647582, 0.00055840681307, 0.000217247550609, -0.000783246767242, -0.000380907295039, -0.000122192155686, -8.66163190949e-06, 0.00112290075049, -0.00204801047221, 0.00149836135097], [-0.000101242352684, 0.000410640961491, -0.000362535647582, 0.00253480067477, 0.000294079829473, -0.0012757810764, 0.000233234255575, -0.000334415963152, -0.00112709403038, 0.00135315861553, -0.00104543811176, 0.000993855763227, -0.00101641088258], [1.10987803055e-05, -0.0006328568561, 0.00055840681307, 0.000294079829473, 0.00284645124339, 0.000229960642173, -0.0011355568422, -0.000210312762647, -0.000702207733411, -0.000150729712914, 0.00129347480834, -0.00159779272508, -0.000351931346813], [6.00617095188e-05, 6.20255741524e-05, 0.000217247550609, -0.0012757810764, 0.000229960642173, 0.0047582089901, -0.000729099439923, 0.000149771309225, -0.000215172665776, -0.00237340899184, 0.000666707928758, -0.00115725421347, 0.00168963591568], [-5.34347564098e-05, 0.000195773434825, -0.000783246767242, 0.000233234255575, -0.0011355568422, -0.000729099439923, 0.00864973757416, -0.000416176248109, -0.00273690465838, 0.00203079357743, -0.00331418169662, 0.00279133627191, -0.00121219130233], [-0.000126049068058, 0.000132847068016, -0.000380907295039, -0.000334415963152, -0.000210312762647, 0.000149771309225, -0.000416176248109, 0.00674924813211, -0.00247551314533, -0.0039866049774, 0.0026415977627, -0.00354184675962, -0.00115505920257], [0.000171732768649, -0.00103990256321, -0.000122192155686, -0.00112709403038, -0.000702207733411, -0.000215172665776, -0.00273690465838, -0.00247551314533, 0.0158571545035, -0.00187165813986, -0.00107822520658, -0.000745882454794, 0.000889535993338], [-9.62318954407e-05, 0.0014800777426, -8.66163190949e-06, 0.00135315861553, -0.000150729712914, -0.00237340899184, 0.00203079357743, -0.0039866049774, -0.00187165813986, 0.0173519067466, -0.0100472681224, 0.00337971141562, -0.00166399392765], [0.000385312188882, -0.00221098563634, 0.00112290075049, -0.00104543811176, 0.00129347480834, 0.000666707928758, -0.00331418169662, 0.0026415977627, -0.00107822520658, -0.0100472681224, 0.0262840054929, -0.0108835669234, 0.000773393607233], [-0.000504770199768, 0.00293325074017, -0.00204801047221, 0.000993855763227, -0.00159779272508, -0.00115725421347, 0.00279133627191, -0.00354184675962, -0.000745882454794, 0.00337971141562, -0.0108835669234, 0.0303322318941, -0.0120822470635], [0.000396377872676, -0.00176922127139, 0.00149836135097, -0.00101641088258, -0.000351931346813, 0.00168963591568, -0.00121219130233, -0.00115505920257, 0.000889535993338, -0.00166399392765, 0.000773393607233, -0.0120822470635, 0.0254804696888]]
    },
    "melbands": {
        "dmean": [0.0020981754642, 0.00156553718261, 0.000697518989909, 0.000482065661345, 0.000323767657392, 0.000175516383024, 0.000148093284224, 0.000122039455164, 0.000101135323348, 7.63986972743e-05, 3.2882366213e-05, 3.1359573768e-05, 4.06579347327e-05, 3.89965134673e-05, 4.84960037284e-05, 9.38275406952e-05, 7.81514900154e-05, 5.67926617805e-05, 5.81616914133e-05, 3.50359841832e-05, 3.34140167979e-05, 1.58406182891e-05, 1.22857509268e-05, 1.34131114464e-05, 1.10805594886e-05, 9.83849167824e-06, 7.90885314927e-06, 5.9841431721e-06, 4.34991488873e-06, 8.64074809215e-06, 5.01416616316e-06, 3.45217404174e-06, 4.29694728155e-06, 5.84185181651e-06, 4.92120398121e-06, 2.32501406572e-06, 1.74287117716e-06, 1.95471307052e-06, 3.06439278575e-06, 1.41657926633e-06],
        "dmean2": [0.00309939379804, 0.00253779022023, 0.00115842523519, 0.000727265956812, 0.000540778099094, 0.000273946643574, 0.000238725799136, 0.000199340385734, 0.000173647247721, 0.000126222730614, 5.42896304978e-05, 5.16923646501e-05, 6.80526572978e-05, 6.58431526972e-05, 7.97666216386e-05, 0.000148233506479, 0.000129277206725, 9.24360356294e-05, 8.99893711903e-05, 5.63320791116e-05, 5.68475697946e-05, 2.55846662185e-05, 1.95717238967e-05, 2.1211715648e-05, 1.81137438631e-05, 1.59906303452e-05, 1.20377280837e-05, 9.00074337551e-06, 6.59038551021e-06, 1.32254426717e-05, 7.36462152418e-06, 5.24715142092e-06, 6.35907736068e-06, 8.69737959874e-06, 7.27465248929e-06, 3.38850554726e-06, 2.57856004282e-06, 2.86923000203e-06, 4.64153299617e-06, 2.04178741114e-06],
        "dvar": [1.07309733721e-05, 1.02449603219e-05, 1.81982011327e-06, 7.49090190766e-07, 7.79730783051e-07, 1.42544763548e-07, 1.38505853897e-07, 7.33347178539e-08, 7.80231701469e-08, 2.55029579677e-08, 4.80986273033e-09, 4.52409665286e-09, 1.52899737316e-08, 7.69999530803e-09, 9.40456157394e-09, 4.01900273062e-08, 3.234865531e-08, 1.13057536666e-08, 2.77633311896e-08, 7.88102205718e-09, 1.48360621566e-08, 1.79107528808e-09, 5.82443759889e-10, 7.05103031517e-10, 1.03382635785e-09, 9.12404984899e-10, 2.53720100485e-10, 1.44317904849e-10, 7.99964539056e-11, 4.45555925488e-10, 1.30193425485e-10, 6.99808405669e-11, 8.66903077101e-11, 1.62935873127e-10, 1.16343552847e-10, 2.04440769869e-11, 1.11717276055e-11, 1.49890221762e-11, 8.12173245324e-11, 8.05345720667e-12],
        "dvar2": [2.44099519477e-05, 2.65765065706e-05, 4.90786123919e-06, 1.56268697538e-06, 2.07705647881e-06, 3.16945772738e-07, 3.21306060869e-07, 1.82889039024e-07, 2.14694097167e-07, 6.77869422816e-08, 1.20256791192e-08, 1.11125153524e-08, 4.13234957364e-08, 2.05651815577e-08, 2.35085462208e-08, 9.73085931832e-08, 8.12239946413e-08, 2.78567231504e-08, 4.90925273766e-08, 1.92930365017e-08, 4.15120773312e-08, 4.46962822309e-09, 1.41015155108e-09, 1.76479431069e-09, 2.77131562143e-09, 2.42317876875e-09, 5.95876792353e-10, 3.22880222559e-10, 1.86529139357e-10, 1.00760300104e-09, 2.69730404678e-10, 1.71599678911e-10, 1.91942850503e-10, 3.51454143566e-10, 2.32805955069e-10, 4.1728356881e-11, 2.20371082493e-11, 3.20870829906e-11, 1.9210522062e-10, 1.67522870576e-11],
        "max": [0.0304084327072, 0.0330885946751, 0.0152514223009, 0.0151944980025, 0.0136798853055, 0.00900851935148, 0.00740717723966, 0.00364520191215, 0.0049078236334, 0.00262458412908, 0.00113598280586, 0.00108741445001, 0.00233592069708, 0.00121125450823, 0.00140311720315, 0.00350818154402, 0.00200060219504, 0.00172847055364, 0.00369914853945, 0.00153111631516, 0.00182252272498, 0.00138378725387, 0.000391878624214, 0.000261157983914, 0.00047883039224, 0.000536865612958, 0.000167799400515, 0.000137904236908, 0.000140492484206, 0.000308471120661, 0.000158713301062, 0.0001466403628, 0.000145009500557, 0.00015278167848, 0.000132210596348, 4.9100824981e-05, 4.38891838712e-05, 4.63802934974e-05, 0.000152719192556, 3.46070773958e-05],
        "mean": [0.00382411875762, 0.00243147346191, 0.00110337964725, 0.000701448414475, 0.000347886089003, 0.0002284989896, 0.000165495308465, 0.000141238779179, 0.000104848950286, 0.000100145291071, 4.00463322876e-05, 4.29964456998e-05, 5.06512405991e-05, 4.88272598886e-05, 6.97702125763e-05, 0.000146807622514, 9.79285832727e-05, 9.42358237808e-05, 0.000101551311673, 4.75515225844e-05, 4.07640218327e-05, 2.40345034399e-05, 1.83208721865e-05, 1.70623625309e-05, 1.21122102428e-05, 1.09812208393e-05, 9.32241255214e-06, 6.8583317443e-06, 5.06958622282e-06, 9.13023177418e-06, 5.6446515373e-06, 3.76223965759e-06, 4.68401958642e-06, 6.02343152423e-06, 5.26693384018e-06, 2.57966098616e-06, 1.94442804968e-06, 1.98929160433e-06, 2.85577607428e-06, 1.48466199335e-06],
        "median": [0.00175235723145, 0.00151605997235, 0.000659289304167, 0.000329021189827, 0.00012645595416, 8.78145001479e-05, 5.49393153051e-05, 4.87353936478e-05, 4.08135965699e-05, 3.25849723595e-05, 1.54101289809e-05, 1.51905142047e-05, 2.09706267924e-05, 2.14658775803e-05, 2.34744002228e-05, 3.35664080922e-05, 2.86993763439e-05, 3.88915323128e-05, 2.4763519832e-05, 1.36026910695e-05, 1.16189767141e-05, 7.86844793765e-06, 5.57957264391e-06, 4.08652249462e-06, 2.9137427191e-06, 2.82475093627e-06, 2.01607917916e-06, 1.44963496496e-06, 1.17428226076e-06, 1.31581032292e-06, 6.58060059777e-07, 4.21058501843e-07, 4.99040424984e-07, 5.2218467772e-07, 4.59660753904e-07, 2.9427684467e-07, 2.33572407637e-07, 1.9881375124e-07, 2.26313801477e-07, 1.56996762257e-07],
        "min": [1.35231230095e-24, 2.44293064622e-24, 1.4417276138e-24, 1.63082851823e-24, 2.09741351404e-24, 2.3669820765e-24, 2.11537863787e-24, 4.2761053393e-24, 3.62944173984e-24, 4.26550659861e-24, 1.60309295766e-24, 4.76872806979e-24, 4.56673826286e-24, 4.33555547484e-24, 3.70134956679e-24, 3.78484576045e-24, 3.16326616284e-24, 4.97751154684e-24, 3.52214403495e-24, 4.00879706055e-24, 2.84179015839e-24, 4.63282745178e-24, 4.9032103159e-24, 3.78359581034e-24, 4.63834829482e-24, 6.57592438997e-24, 5.68062839926e-24, 5.71150480952e-24, 5.28009610755e-24, 6.42068129699e-24, 6.50855132993e-24, 5.93184707099e-24, 6.23715477954e-24, 6.70603950211e-24, 6.75184155512e-24, 4.07722995522e-24, 6.11292969735e-24, 6.56596304889e-24, 6.16018759317e-24, 6.6639419399e-24],
        "var": [2.51293222391e-05, 1.21623552332e-05, 2.16213129534e-06, 1.42564533689e-06, 6.78866115322e-07, 1.88086673347e-07, 1.58147514639e-07, 8.18386283186e-08, 6.00792944283e-08, 4.0345888408e-08, 5.38366951019e-09, 6.26323615194e-09, 1.25657777517e-08, 6.94634971765e-09, 1.76856094214e-08, 7.72116877101e-08, 3.88337006996e-08, 1.99432719228e-08, 7.88862735135e-08, 9.80630776581e-09, 1.13744462737e-08, 3.27635785169e-09, 9.87847581513e-10, 9.06662855904e-10, 8.34771252123e-10, 7.46782302663e-10, 3.05752034802e-10, 1.81703374569e-10, 9.84305068008e-11, 5.23674326125e-10, 1.73481229382e-10, 7.77675077113e-11, 1.10608126824e-10, 2.05719066781e-10, 1.61794522224e-10, 3.02102891314e-11, 1.65015588e-11, 1.98323232836e-11, 8.03498864665e-11, 1.12258232224e-11]
    },
    "mfcc": {
        "mean": [-665.436340332, 125.74899292, -6.28496265411, 20.980846405, 19.175573349, 17.2132892609, 1.71545612812, -0.823775827885, -0.134119659662, 5.6685590744, 3.65108823776, 0.85259783268, -0.322297841311],
        "cov": [[12083.5644531, -2124.04833984, 521.090515137, 584.384521484, -107.534873962, -131.359024048, 12.5698289871, 335.274078369, 179.624816895, 91.1297912598, 27.195980072, 94.1702651978, 107.361938477], [-2124.04833984, 2607.52246094, -833.34777832, -152.577072144, 271.428405762, 19.6432876587, 51.0706291199, -120.506469727, -16.2587375641, -14.4844970703, -38.8369560242, -31.9908275604, -71.2360687256], [521.090515137, -833.34777832, 2675.36694336, 563.373046875, -183.004333496, 4.65490531921, 2.4966070652, 274.305969238, 116.302757263, -16.514175415, 95.8747711182, 99.67162323, 141.578018188], [584.384521484, -152.577072144, 563.373046875, 458.917755127, 41.3395309448, 6.90292453766, 27.2995700836, 123.681381226, 83.028137207, 20.2303028107, 8.9196844101, 52.7530097961, 54.0954704285], [-107.534873962, 271.428405762, -183.004333496, 41.3395309448, 268.643005371, 32.0071372986, 26.9446048737, 38.7614860535, 41.9945068359, 26.6564617157, -2.90361499786, -3.84441280365, 20.9925842285], [-131.359024048, 19.6432876587, 4.65490531921, 6.90292453766, 32.0071372986, 232.722473145, 40.0296096802, 5.59651565552, -12.312921524, -7.79034090042, 36.7139015198, 1.00935697556, -26.7535934448], [12.5698289871, 51.0706291199, 2.4966070652, 27.2995700836, 26.9446048737, 40.0296096802, 100.541351318, 38.2165260315, 29.9443702698, 26.672410965, 19.2279720306, 18.4367771149, 4.52246141434], [335.274078369, -120.506469727, 274.305969238, 123.681381226, 38.7614860535, 5.59651565552, 38.2165260315, 146.223022461, 72.4542160034, 28.2743721008, 26.4651260376, 16.2556991577, 33.4088668823], [179.624816895, -16.2587375641, 116.302757263, 83.028137207, 41.9945068359, -12.312921524, 29.9443702698, 72.4542160034, 103.757209778, 47.768699646, 15.9916744232, 22.5087165833, 29.7496070862], [91.1297912598, -14.4844970703, -16.514175415, 20.2303028107, 26.6564617157, -7.79034090042, 26.672410965, 28.2743721008, 47.768699646, 85.7208938599, 37.5717849731, 18.0058765411, 19.3467483521], [27.195980072, -38.8369560242, 95.8747711182, 8.9196844101, -2.90361499786, 36.7139015198, 19.2279720306, 26.4651260376, 15.9916744232, 37.5717849731, 72.3903503418, 27.5157642365, 12.3998165131], [94.1702651978, -31.9908275604, 99.67162323, 52.7530097961, -3.84441280365, 1.00935697556, 18.4367771149, 16.2556991577, 22.5087165833, 18.0058765411, 27.5157642365, 67.594871521, 26.6986751556], [107.361938477, -71.2360687256, 141.578018188, 54.0954704285, 20.9925842285, -26.7535934448, 4.52246141434, 33.4088668823, 29.7496070862, 19.3467483521, 12.3998165131, 26.6986751556, 72.1355667114]],
