{
"lowlevel": {
    "average_loudness": 0.00513323675841,
    "barkbands_crest": {
        "dmean": 1.6038030386,
        "dmean2": 2.52231216431,
        "dvar": 2.96297812462,
        "dvar2": 6.88713216782,
        "max": 26.0399227142,
        "mean": 12.7091341019,
        "median": 11.8881053925,
        "min": 4.41452264786,
        "var": 20.379617691
    },
    "barkbands_flatness_db": {
        "dmean": 0.0142244193703,
        "dmean2": 0.0231204573065,
        "dvar": 0.000266959163127,
        "dvar2": 0.000653778377455,
        "max": 0.573702692986,
        "mean": 0.388812661171,
        "median": 0.390921026468,
        "min": 0.0603265799582,
        "var": 0.00322179263458
    },
    "barkbands_kurtosis": {
        "dmean": 1.63165009022,
        "dmean2": 2.56081175804,
        "dvar": 18.9774703979,
        "dvar2": 42.1585350037,
        "max": 221.447845459,
        "mean": 4.07193517685,
        "median": 1.7113609314,
        "min": -1.92503762245,
        "var": 93.0269775391
    },
    "barkbands_skewness": {
        "dmean": 0.31817433238,
        "dmean2": 0.486002177,
        "dvar": 0.162962958217,
        "dvar2": 0.336202383041,
        "max": 13.4736661911,
        "mean": 0.605841815472,
        "median": 0.703821063042,
        "min": -7.24977254868,
        "var": 1.97716963291
    },
    "barkbands_spread": {
        "dmean": 0.692405581474,
        "dmean2": 1.06811594963,
        "dvar": 2.53203630447,
        "dvar2": 4.20217943192,
        "max": 132.130630493,
        "mean": 4.32126522064,
        "median": 3.46701622009,
        "min": 0.234718352556,
        "var": 29.4279346466
    },
    "dissonance": {
        "dmean": 0.0471476651728,
        "dmean2": 0.0812893584371,
        "dvar": 0.00233178562485,
        "dvar2": 0.00636789575219,
        "max": 0.500000178814,
        "mean": 0.340750068426,
        "median": 0.347198277712,
        "min": 0.0468422546983,
        "var": 0.00715002650395
    },
    "dynamic_complexity": 9.96801185608,
    "erbbands_crest": {
        "dmean": 1.67013382912,
        "dmean2": 2.53042078018,
        "dvar": 3.756513834,
        "dvar2": 8.23774147034,
        "max": 34.4185638428,
        "mean": 13.861538887,
        "median": 12.5875968933,
        "min": 2.1271982193,
        "var": 34.6377677917
    },
    "erbbands_flatness_db": {
        "dmean": 0.0116142816842,
        "dmean2": 0.018348807469,
        "dvar": 0.000195637796423,
        "dvar2": 0.000423356395913,
        "max": 0.575672328472,
        "mean": 0.38620647788,
        "median": 0.39276522398,
        "min": 0.0204197876155,
        "var": 0.00397138763219
    },
    "erbbands_kurtosis": {
        "dmean": 1.22695338726,
        "dmean2": 1.75041627884,
        "dvar": 10.7460250854,
        "dvar2": 17.7544078827,
        "max": 110.562942505,
        "mean": 3.01710247993,
        "median": 0.91578567028,
        "min": -1.69166457653,
        "var": 58.3335189819
    },
    "erbbands_skewness": {
        "dmean": 0.253473877907,
        "dmean2": 0.368869036436,
        "dvar": 0.12777608633,
        "dvar2": 0.233831048012,
        "max": 6.54009866714,
        "mean": 0.311955481768,
        "median": 0.336935937405,
        "min": -6.71774053574,
        "var": 1.18239271641
    },
    "erbbands_spread": {
        "dmean": 1.06046652794,
        "dmean2": 1.60731315613,
        "dvar": 2.56720614433,
        "dvar2": 5.93417024612,
        "max": 96.7363128662,
        "mean": 8.8406162262,
        "median": 7.47237300873,
        "min": 0.379247486591,
        "var": 58.0668487549
    },
    "hfc": {
        "dmean": 1.59382367134,
        "dmean2": 2.09469556808,
        "dvar": 55.9043159485,
        "dvar2": 112.082061768,
        "max": 385.056121826,
        "mean": 5.71246385574,
        "median": 1.15426695347,
        "min": 1.16120686416e-16,
        "var": 199.111572266
    },
    "melbands_crest": {
        "dmean": 2.04128527641,
        "dmean2": 3.23831367493,
        "dvar": 4.82865667343,
        "dvar2": 11.748008728,
        "max": 33.6415634155,
        "mean": 15.5190954208,
        "median": 14.7523374557,
        "min": 1.86740016937,
        "var": 28.211681366
    },
    "melbands_flatness_db": {
        "dmean": 0.0157903116196,
        "dmean2": 0.0257910955697,
        "dvar": 0.000360507197911,
        "dvar2": 0.000875985308085,
        "max": 0.710500061512,
        "mean": 0.522165358067,
        "median": 0.53094959259,
        "min": 0.00420930888504,
        "var": 0.00863985624164
    },
    "melbands_kurtosis": {
        "dmean": 1.49355065823,
        "dmean2": 2.3198466301,
        "dvar": 17.4559726715,
        "dvar2": 37.6403007507,
        "max": 255.153930664,
        "mean": 3.77833271027,
        "median": 1.86993312836,
        "min": -1.87109649181,
        "var": 74.6790390015
    },
    "melbands_skewness": {
        "dmean": 0.305608212948,
        "dmean2": 0.465235799551,
        "dvar": 0.142769366503,
        "dvar2": 0.310610592365,
        "max": 12.4634008408,
        "mean": 1.05118405819,
        "median": 1.05385291576,
        "min": -5.10679483414,
        "var": 1.24423587322
    },
    "melbands_spread": {
        "dmean": 1.11471927166,
        "dmean2": 1.72904717922,
        "dvar": 8.01963233948,
        "dvar2": 18.2921962738,
        "max": 163.979537964,
        "mean": 8.15456008911,
        "median": 5.05756855011,
        "min": 0.436408400536,
        "var": 304.764190674
    },
    "pitch_salience": {
        "dmean": 0.0461270809174,
        "dmean2": 0.0743747279048,
        "dvar": 0.00243775639683,
        "dvar2": 0.00603700149804,
        "max": 0.868530511856,
        "mean": 0.530180752277,
        "median": 0.536794066429,
        "min": 0.069414511323,
        "var": 0.0164756458253
    },
    "silence_rate_20dB": {
        "dmean": 0.000528401578777,
        "dmean2": 0.00105689628981,
        "dvar": 0.000528164557181,
        "dvar2": 0.00140804075636,
        "max": 1,
        "mean": 0.999647736549,
        "median": 1,
        "min": 0,
        "var": 0.000352149509126
    },
    "silence_rate_30dB": {
        "dmean": 0.00880669336766,
        "dmean2": 0.0176149383187,
        "dvar": 0.00872838310897,
        "dvar2": 0.0195933710784,
        "max": 1,
        "mean": 0.979129970074,
        "median": 1,
        "min": 0,
        "var": 0.0204368792474
    },
    "silence_rate_60dB": {
        "dmean": 0.0257155429572,
        "dmean2": 0.0514356158674,
        "dvar": 0.0250536464155,
        "dvar2": 0.0558358319104,
        "max": 1,
        "mean": 0.465304672718,
        "median": 0,
        "min": 0,
        "var": 0.248807311058
    },
    "spectral_centroid": {
        "dmean": 27.5865535736,
        "dmean2": 40.8564300537,
        "dvar": 8146.92041016,
        "dvar2": 11559.3798828,
        "max": 10954.6455078,
        "mean": 455.746551514,
        "median": 369.19644165,
        "min": 142.121368408,
        "var": 207504.4375
    },
    "spectral_complexity": {
        "dmean": 0.729898750782,
        "dmean2": 1.24079620838,
        "dvar": 0.938394248486,
        "dvar2": 2.08484315872,
        "max": 24,
        "mean": 5.9102678299,
        "median": 6,
        "min": 0,
        "var": 14.6539077759
    },
    "spectral_decrease": {
        "dmean": 8.33738800221e-10,
        "dmean2": 1.17230658514e-09,
        "dvar": 1.09713737475e-17,
        "dvar2": 2.26690501231e-17,
        "max": 9.06686513114e-16,
        "mean": -3.53925289076e-09,
        "median": -9.96187576874e-10,
        "min": -1.49977879005e-07,
        "var": 5.49021146898e-17
    },
    "spectral_energy": {
        "dmean": 0.00328631512821,
        "dmean2": 0.00460775429383,
        "dvar": 0.000172953805304,
        "dvar2": 0.000356623291736,
        "max": 0.600977003574,
        "mean": 0.0138760562986,
        "median": 0.00387351354584,
        "min": 1.07390039728e-20,
        "var": 0.000852316676173
    },
    "spectral_energyband_high": {
        "dmean": 7.83954021699e-07,
        "dmean2": 9.43538964293e-07,
        "dvar": 8.05837133133e-11,
        "dvar2": 1.37871089545e-10,
        "max": 0.000514043029398,
        "mean": 1.34521656037e-06,
        "median": 1.21342864645e-08,
        "min": 7.66527513358e-21,
        "var": 1.80462311761e-10
    },
    "spectral_energyband_low": {
        "dmean": 0.00073103181785,
        "dmean2": 0.00114477111492,
        "dvar": 4.07355764764e-06,
        "dvar2": 1.00298084362e-05,
        "max": 0.0587343610823,
        "mean": 0.00233911513351,
        "median": 0.000566974107642,
        "min": 5.90516976733e-23,
        "var": 2.11623355426e-05
    },
    "spectral_energyband_middle_high": {
        "dmean": 0.000278647203231,
        "dmean2": 0.000336489349138,
        "dvar": 3.17746230394e-06,
        "dvar2": 5.49186552234e-06,
        "max": 0.068852648139,
        "mean": 0.000707408064045,
        "median": 6.53859096928e-05,
        "min": 1.46807261848e-21,
        "var": 8.10224355519e-06
    },
    "spectral_energyband_middle_low": {
        "dmean": 0.00285822106525,
        "dmean2": 0.00402417685837,
        "dvar": 0.000164527562447,
        "dvar2": 0.000343582447385,
        "max": 0.58834195137,
        "mean": 0.0113693829626,
        "median": 0.00277059338987,
        "min": 6.21846101645e-22,
        "var": 0.000708898471203
    },
    "spectral_entropy": {
        "dmean": 0.102419324219,
        "dmean2": 0.164252907038,
        "dvar": 0.0259619634598,
        "dvar2": 0.0639002919197,
        "max": 9.82264900208,
        "mean": 5.29373311996,
        "median": 5.22337818146,
        "min": 3.54937028885,
        "var": 0.353156000376
    },
    "spectral_flux": {
        "dmean": 0.0103578781709,
        "dmean2": 0.0165877584368,
        "dvar": 0.000666375563014,
        "dvar2": 0.00166163349058,
        "max": 0.521140098572,
        "mean": 0.0235866773874,
        "median": 0.0134627521038,
        "min": 1.03629167747e-10,
        "var": 0.00109781359788
    },
    "spectral_kurtosis": {
        "dmean": 35.2744865417,
        "dmean2": 61.2207794189,
        "dvar": 1297.02941895,
        "dvar2": 3648.10180664,
        "max": 541.583129883,
        "mean": 167.973129272,
        "median": 162.236526489,
        "min": -1.20162510872,
        "var": 7718.375
    },
    "spectral_rms": {
        "dmean": 0.000298111030133,
        "dmean2": 0.00041244586464,
        "dvar": 4.70680532771e-07,
        "dvar2": 8.61665171215e-07,
        "max": 0.0242140255868,
        "mean": 0.00266854767688,
        "median": 0.00194397452287,
        "min": 3.23683137585e-12,
        "var": 6.41649739919e-06
    },
    "spectral_rolloff": {
        "dmean": 41.4877090454,
        "dmean2": 72.6287841797,
        "dvar": 65113.5039062,
        "dvar2": 147524.984375,
        "max": 19832.0800781,
        "mean": 864.822631836,
        "median": 495.263671875,
        "min": 107.666015625,
        "var": 6587280.5
    },
    "spectral_skewness": {
        "dmean": 1.36868941784,
        "dmean2": 2.38821029663,
        "dvar": 1.80112028122,
        "dvar2": 4.93382835388,
        "max": 18.7996730804,
        "mean": 9.82734584808,
        "median": 10.1057796478,
        "min": 0.0178204085678,
        "var": 11.121840477
    },
    "spectral_spread": {
        "dmean": 276181.6875,
        "dmean2": 486894.09375,
        "dvar": 141386989568,
        "dvar2": 277942796288,
        "max": 40823700,
        "mean": 1074354.875,
        "median": 749652,
        "min": 191436.5,
        "var": 3.12108148326e+12
    },
    "spectral_strongpeak": {
        "dmean": 0.227104380727,
        "dmean2": 0.339989155531,
        "dvar": 0.357211887836,
        "dvar2": 0.669583976269,
        "max": 13.154091835,
        "mean": 0.793446183205,
        "median": 0.330111652613,
        "min": 0,
        "var": 1.65360426903
    },
    "zerocrossingrate": {
        "dmean": 0.00198580604047,
        "dmean2": 0.00250531197526,
        "dvar": 3.04386503558e-05,
        "dvar2": 3.35466174874e-05,
        "max": 0.78857421875,
        "mean": 0.0313973948359,
        "median": 0.01708984375,
        "min": 0.00390625,
        "var": 0.00910012051463
    },
    "barkbands": {
        "dmean": [9.27273413254e-06, 0.000183196971193, 0.000477764406241, 0.000355877942638, 0.000757349771447, 0.000469777325634, 0.000361285958206, 0.00115310493857, 0.000636194949038, 6.85504928697e-05, 9.47502921917e-05, 9.46435393416e-05, 4.56455054518e-05, 8.81307369127e-06, 9.39407163969e-06, 5.72624867345e-06, 5.81058156968e-06, 2.51540518548e-06, 2.91601509161e-06, 1.14902422865e-06, 1.61907692586e-07, 4.86545310707e-08, 1.56918691374e-08, 3.968723572e-09, 7.66444185896e-10, 6.67978616864e-10, 1.29115673708e-09],
        "dmean2": [1.41361861097e-05, 0.000291999982437, 0.000741648254916, 0.000599845254328, 0.00118994386867, 0.00070960004814, 0.000518326589372, 0.00148443819489, 0.000901997555047, 8.75176265254e-05, 0.000114130918519, 0.000118017582281, 5.98266960878e-05, 1.26386948978e-05, 1.31905526359e-05, 7.23027460481e-06, 7.6750475273e-06, 3.55436031896e-06, 3.80745564144e-06, 1.43425415899e-06, 2.01933403332e-07, 7.08055409859e-08, 2.12683364254e-08, 5.18655340898e-09, 1.35117073086e-09, 1.20313314866e-09, 2.30688712577e-09],
        "dvar": [2.19636975274e-09, 3.97475190539e-07, 2.0534032501e-06, 1.76133153218e-06, 1.30044963953e-05, 4.96412394568e-06, 2.05616561288e-06, 8.25284078019e-05, 3.50146401615e-05, 3.94973483253e-07, 8.86213854301e-07, 1.23678887576e-06, 1.49758207613e-07, 5.06545561052e-09, 5.28275156952e-09, 1.95411020698e-09, 3.67093178077e-09, 5.28679877654e-10, 8.60417292969e-10, 1.28215452144e-10, 9.19473004679e-12, 5.35467774721e-13, 7.55530214129e-14, 9.60292602544e-15, 8.80198009452e-18, 3.58506612207e-18, 4.09560034178e-18],
        "dvar2": [4.03266575688e-09, 8.59181341184e-07, 4.65955190521e-06, 5.94479433857e-06, 3.48019930243e-05, 9.60490888247e-06, 3.55691622644e-06, 0.00016925894306, 7.7147007687e-05, 6.90999002018e-07, 1.23050881484e-06, 2.28127441915e-06, 3.06171159536e-07, 1.08637721041e-08, 9.21373377594e-09, 3.16332804395e-09, 5.92893290019e-09, 1.10505204987e-09, 1.72203729054e-09, 2.29201338464e-10, 1.3386043142e-11, 1.01169051435e-12, 1.22821579838e-13, 1.87804077303e-14, 2.46596999719e-17, 1.13603794188e-17, 1.30665659908e-17],
        "max": [0.00336172571406, 0.0329644680023, 0.0438453778625, 0.0461840480566, 0.170459508896, 0.0984381511807, 0.0718555226922, 0.448544293642, 0.453174799681, 0.045204218477, 0.0552474670112, 0.0551052056253, 0.016261767596, 0.00373460236005, 0.00412400672212, 0.00244910642505, 0.00511586898938, 0.00106495956425, 0.00159847259056, 0.000535095226951, 0.00032639442361, 4.52591229987e-05, 2.19520534301e-05, 1.06716415758e-05, 1.27412874917e-07, 4.66418796918e-08, 5.30686321554e-08],
        "mean": [1.27013554447e-05, 0.00042922332068, 0.0014115863014, 0.000888076901902, 0.00275955349207, 0.00167762697674, 0.00163366564084, 0.00309953838587, 0.001188992057, 0.00019823864568, 0.000211316626519, 0.000172807034687, 0.000107632637082, 2.17760098167e-05, 2.36040250456e-05, 1.31682145366e-05, 1.35590516948e-05, 5.5233722378e-06, 5.3127537285e-06, 1.81901236829e-06, 2.90619396992e-07, 6.74291555924e-08, 2.04100043533e-08, 5.94024074374e-09, 1.27078081391e-09, 1.4406843496e-09, 6.20493434411e-09],
        "median": [2.8781241781e-06, 7.11130560376e-05, 0.000229233890423, 0.000155701418407, 0.00054665945936, 0.000267963157967, 0.000155745074153, 0.000108448359242, 6.16807083134e-05, 1.90383907466e-05, 7.85589327279e-06, 3.61869797416e-06, 2.24551649808e-06, 5.10999484504e-07, 1.70918923459e-07, 1.25325271938e-07, 5.78899488346e-08, 9.86841186545e-09, 1.07726609855e-08, 2.6187583213e-09, 8.78474959443e-10, 5.99114091671e-10, 5.82600745425e-10, 6.88134604854e-10, 6.67415123168e-10, 1.02469099872e-09, 5.95647442481e-09],
        "min": [1.12931023718e-23, 2.83405569275e-23, 2.27711500273e-23, 5.81026072853e-24, 7.39845695518e-23, 7.79981171327e-23, 5.8152415174e-23, 1.30631263828e-22, 2.5817284348e-22, 7.97360976138e-23, 6.34820162476e-23, 7.34347776771e-23, 1.94196829912e-22, 1.04703419046e-22, 6.11513487913e-23, 1.04026103073e-22, 1.43337995475e-22, 2.16539617423e-22, 3.55449061373e-22, 2.33935123721e-22, 4.9534896121e-22, 4.80940852227e-22, 5.4815114502e-22, 8.03858703508e-22, 1.24454048751e-21, 1.57393972096e-21, 2.55873802404e-21],
        "var": [4.99014518596e-09, 1.73033436113e-06, 1.10456785478e-05, 4.41138945462e-06, 6.02035361226e-05, 3.10875293508e-05, 2.70449909294e-05, 0.000224579169299, 6.32305745967e-05, 1.42362648603e-06, 2.35553534367e-06, 2.42544524554e-06, 3.59786383797e-07, 1.33561641746e-08, 2.21256133415e-08, 5.39487388096e-09, 1.07270405891e-08, 1.16757470359e-09, 1.70678338129e-09, 2.48265491498e-10, 2.57929094749e-11, 8.02004458938e-13, 1.2463521968e-13, 1.48452874749e-14, 8.2420011537e-18, 3.06814586124e-18, 3.68189588458e-18]
    },
    "erbbands": {
        "dmean": [0.0020189168863, 0.0561853572726, 0.431920707226, 0.926441311836, 1.53323841095, 2.90572810173, 3.93325972557, 3.678160429, 3.92724561691, 17.5616512299, 20.4065189362, 14.0722846985, 3.71133995056, 2.37161850929, 3.07355713844, 3.91200852394, 2.48752832413, 0.695350885391, 0.541666150093, 0.338201969862, 0.2821572721, 0.26411280036, 0.201695218682, 0.170232355595, 0.080353602767, 0.0466635897756, 0.019877564162, 0.0032084651757, 0.00216262624599, 0.000939690857194, 0.000340421276633, 0.00011128596816, 4.74478583783e-05, 1.27080465973e-05, 6.10379402133e-06, 3.55665974894e-06, 1.81074994998e-06, 5.66661242374e-07, 1.59028365943e-06, 3.69755116481e-06],
        "dmean2": [0.00327266077511, 0.0892242118716, 0.67918753624, 1.51382446289, 2.38643121719, 4.59547519684, 6.05510997772, 5.7091217041, 5.48575258255, 22.8561954498, 26.702129364, 19.9695224762, 4.73350334167, 3.10184931755, 3.62988567352, 4.83179473877, 3.10361289978, 0.969444811344, 0.749495744705, 0.459020018578, 0.364280849695, 0.343148171902, 0.273953974247, 0.223907679319, 0.101862244308, 0.058334864676, 0.0231740828604, 0.00434613414109, 0.00314869685099, 0.00136064738035, 0.000472720043035, 0.000148866209202, 6.29732749076e-05, 1.95393131435e-05, 9.89773525362e-06, 5.65582331546e-06, 2.8428250971e-06, 9.32972511691e-07, 2.21970299208e-06, 5.16767204317e-06],
        "dvar": [4.3768206524e-05, 0.0353987216949, 1.71949267387, 7.96627807617, 24.9510288239, 254.04574585, 753.237976074, 305.532409668, 262.148223877, 21676.1074219, 17427.2734375, 12712.0302734, 797.629943848, 876.288879395, 757.346008301, 2038.86938477, 536.798950195, 21.1220779419, 14.679681778, 6.35129833221, 3.75536966324, 12.9044408798, 3.18942952156, 2.93327593803, 0.517627894878, 0.282662093639, 0.0598727241158, 0.00101978739258, 0.0012417617254, 0.000203717703698, 2.7005402444e-05, 6.95022754371e-06, 6.82873462665e-07, 5.14945197594e-09, 3.60988572368e-10, 1.11086764787e-10, 3.02230948601e-11, 2.36428303151e-12, 4.05998012987e-11, 2.21948542878e-10],
        "dvar2": [9.58484160947e-05, 0.0786757841706, 4.01589012146, 24.620880127, 59.3078918457, 670.197570801, 1678.49902344, 649.292480469, 417.213684082, 41329.3554688, 36401.515625, 28016.296875, 1421.67236328, 1338.70715332, 981.920288086, 3696.51538086, 1022.41192627, 45.9220581055, 25.6924533844, 11.3980169296, 6.48750925064, 20.2135696411, 6.26777601242, 5.96028375626, 0.97209072113, 0.515146553516, 0.0888988375664, 0.00202550971881, 0.00233117840253, 0.000376648735255, 4.57103051303e-05, 1.34518386403e-05, 1.32997502078e-06, 9.5141849954e-09, 8.96817120566e-10, 2.67159738776e-10, 6.87968501611e-11, 5.97999427754e-12, 8.26008567101e-11, 4.56318899333e-10],
        "max": [0.300073742867, 9.09286117554, 43.5429954529, 101.420776367, 336.599853516, 629.187805176, 1828.9128418, 1149.57202148, 1088.09716797, 7479.87255859, 8757.31445312, 6956.55224609, 1809.67297363, 1991.72680664, 1569.75720215, 2850.42529297, 1191.73535156, 222.062576294, 251.559829712, 122.866012573, 87.1245040894, 362.744995117, 75.6758575439, 97.212272644, 39.9603614807, 34.1927032471, 21.4732170105, 1.58265578747, 2.21356081963, 0.958484888077, 0.394842922688, 0.284887462854, 0.0843722969294, 0.00419503310695, 0.000700533622876, 0.000371986097889, 0.000207420482184, 5.10063509864e-05, 0.000297615071759, 0.000688031723257],
        "mean": [0.00437624100596, 0.144749000669, 1.32546389103, 2.62295770645, 4.95504140854, 11.6710538864, 10.1800918579, 15.4941167831, 18.2440319061, 52.7382926941, 53.02186203, 29.6283245087, 10.2825603485, 5.89720487595, 6.95999574661, 7.66432619095, 5.58863210678, 1.83798277378, 1.46161258221, 0.819973945618, 0.678662359715, 0.628034472466, 0.452888131142, 0.302703678608, 0.164079964161, 0.0784607455134, 0.0342366844416, 0.00587971089408, 0.00312920822762, 0.00122019206174, 0.000457071204437, 0.000167812948348, 8.06099269539e-05, 2.80504864349e-05, 1.68696278706e-05, 1.18503767226e-05, 6.83789676259e-06, 1.92344919014e-06, 7.03395153323e-06, 1.56498645083e-05],
        "median": [0.00112075090874, 0.0261048413813, 0.247340083122, 0.582893848419, 1.01707649231, 1.71421289444, 1.95968317986, 2.02862358093, 2.69662094116, 2.59643173218, 2.96155071259, 1.81455540657, 1.20080506802, 0.588948071003, 0.290371596813, 0.186787322164, 0.151459813118, 0.060586437583, 0.0257290191948, 0.0122560970485, 0.00867967866361, 0.00371577916667, 0.00131155084819, 0.000746968958993, 0.000310770235956, 0.000133747933432, 6.31615330349e-05, 3.34781288984e-05, 2.44260882027e-05, 2.07849770959e-05, 1.914835957e-05, 1.80756833288e-05, 1.29457012008e-05, 9.74360682449e-06, 7.33089018468e-06, 5.30364650331e-06, 3.16495425068e-06, 1.17753711493e-06, 2.26009728976e-06, 4.43252793048e-06],
        "min": [5.36870812728e-22, 7.32571829992e-21, 3.19517381656e-20, 1.47930508901e-20, 4.03248771474e-20, 4.31990137672e-19, 1.85921586423e-19, 9.75460905762e-19, 1.00231956365e-18, 1.30502434426e-18, 3.68022291179e-18, 5.05838853036e-18, 3.65662096737e-18, 2.4931027207e-18, 3.05586140197e-18, 2.69624876656e-18, 7.9257369183e-18, 7.12312687866e-18, 3.48916486981e-18, 4.78980215829e-18, 5.46982568551e-18, 7.65031058973e-18, 1.36674026908e-17, 1.33932981969e-17, 1.68111505853e-17, 1.2528446952e-17, 2.21659142068e-17, 1.57375396334e-17, 1.72766894884e-17, 1.60434641111e-17, 1.64022685911e-17, 1.61095839662e-17, 1.45507786455e-17, 1.32768162774e-17, 8.66846321749e-18, 7.33265917244e-18, 2.39767047983e-18, 1.32567563203e-18, 3.68469180675e-19, 3.46403562686e-20],
        "var": [0.000150444189785, 0.153450459242, 8.89520168304, 29.3405246735, 131.878158569, 1546.38317871, 1647.19799805, 3293.58862305, 3228.53686523, 64624.8515625, 48934.40625, 24900.5996094, 2577.38745117, 2044.81616211, 2543.03515625, 4219.56933594, 1198.51599121, 57.1788749695, 61.4334335327, 18.8778610229, 10.7399759293, 34.3893814087, 8.33648395538, 5.26001405716, 1.27655279636, 0.555170595646, 0.160063832998, 0.00219358690083, 0.0018713226309, 0.000301522290101, 4.38488896179e-05, 1.0943246707e-05, 1.07909102098e-06, 1.20955077065e-08, 9.38803368378e-10, 3.90044135878e-10, 1.22561488736e-10, 6.35558316045e-12, 1.96482108361e-10, 1.076857159e-09]
    },
    "gfcc": {
        "mean": [-310.998687744, 239.159317017, -61.2990875244, -49.0461807251, -37.5095329285, -21.6859893799, -22.0517482758, -8.13924598694, -12.1387720108, -12.690328598, -6.71981620789, -14.5812482834, -8.95930290222],
        "cov": [[18264.8457031, 4780.765625, -4533.45654297, -45.5781173706, 1255.91516113, -1760.38378906, -287.894836426, -186.934387207, -72.8915405273, -281.843902588, 128.536254883, -715.581481934, -231.941177368], [4780.765625, 2625.53564453, -160.320861816, -412.264831543, 164.713104248, -235.308029175, -211.265319824, -123.878646851, -17.9687290192, -128.321426392, -54.4979400635, -209.960784912, -66.4843673706], [-4533.45654297, -160.320861816, 2396.93847656, -67.7589263916, -575.896850586, 630.549377441, 26.9208908081, -32.427318573, 74.6812515259, 68.6182098389, -161.547225952, 72.9438934326, 23.4401226044], [-45.5781173706, -412.264831543, -67.7589263916, 407.258300781, 54.432926178, -75.2534637451, 117.55783844, 39.1530036926, -9.90511703491, 27.970035553, -1.41496455669, -37.1899757385, -20.8229217529], [1255.91516113, 164.713104248, -575.896850586, 54.432926178, 360.297302246, -126.052742004, -34.296585083, -4.32707309723, -33.7652015686, -41.4003105164, 56.0664749146, -41.5883674622, -22.3097820282], [-1760.38378906, -235.308029175, 630.549377441, -75.2534637451, -126.052742004, 411.627441406, 96.0653762817, -8.24070167542, -7.54838371277, 16.070772171, -3.61843824387, 119.24987793, 31.6766052246], [-287.894836426, -211.265319824, 26.9208908081, 117.55783844, -34.296585083, 96.0653762817, 191.582229614, 77.0459518433, -20.4658412933, 17.4302158356, 23.6166038513, 35.9214363098, 4.09438943863], [-186.934387207, -123.878646851, -32.427318573, 39.1530036926, -4.32707309723, -8.24070167542, 77.0459518433, 141.886184692, 55.7874221802, 28.4817848206, 26.6823730469, 16.4533100128, -12.2443113327], [-72.8915405273, -17.9687290192, 74.6812515259, -9.90511703491, -33.7652015686, -7.54838371277, -20.4658412933, 55.7874221802, 138.730270386, 67.6255340576, -15.8780193329, -21.9625835419, -14.1678647995], [-281.843902588, -128.321426392, 68.6182098389, 27.970035553, -41.4003105164, 16.070772171, 17.4302158356, 28.4817848206, 67.6255340576, 105.11277771, 37.9602470398, 7.653673172, -7.35538768768], [128.536254883, -54.4979400635, -161.547225952, -1.41496455669, 56.0664749146, -3.61843824387, 23.6166038513, 26.6823730469, -15.8780193329, 37.9602470398, 115.368843079, 65.243347168, -3.50629067421], [-715.581481934, -209.960784912, 72.9438934326, -37.1899757385, -41.5883674622, 119.24987793, 35.9214363098, 16.4533100128, -21.9625835419, 7.653673172, 65.243347168, 150.844039917, 56.0793037415], [-231.941177368, -66.4843673706, 23.4401226044, -20.8229217529, -22.3097820282, 31.6766052246, 4.09438943863, -12.2443113327, -14.1678647995, -7.35538768768, -3.50629067421, 56.0793037415, 80.5509109497]],
        "icov": [[0.00155623478349, -0.00280701206066, 0.00266680982895, -0.00216607190669, 0.00123356189579, 0.000440184317995, -0.0016687939642, 0.00281621166505, -0.00351794296876, 0.00267775566317, -0.00326931127347, 0.0028750190977, -0.00100840080995], [-0.00280701206066, 0.00577801465988, -0.00518143642694, 0.00501064769924, -0.00277574500069, 0.000153146203957, 0.00197045016102, -0.00411819526926, 0.00560513557866, -0.0037414371036, 0.00503657478839, -0.00426967814565, 0.00177030242048], [0.00266680982895, -0.00518143642694, 0.00634879479185, -0.00535061396658, 0.00448402389884, -0.00284642656334, 0.000348963832948, 0.00295000267215, -0.0050201183185, 0.0039537101984, -0.00520329363644, 0.00624241260812, -0.00213078293018], [-0.00216607190669, 0.00501064769924, -0.00535061396658, 0.0095851495862, -0.00523158349097, 0.00479564163834, -0.00489036785439, -0.000579556333832, 0.00431920262054, -0.00517468247563, 0.00680718710646, -0.00561914360151, 0.00325455935672], [0.00123356189579, -0.00277574500069, 0.00448402389884, -0.00523158349097, 0.00906168296933, -0.00497639877722, 0.0043256347999, -0.000333084608428, -0.00307614752091, 0.00658022332937, -0.00935794319957, 0.00853077508509, -0.00348669360392], [0.000440184317995, 0.000153146203957, -0.00284642656334, 0.00479564163834, -0.00497639877722, 0.0131388930604, -0.011604228057, 0.0077982111834, -0.00358501332812, -0.000308621121803, 0.00368988001719, -0.00865766126662, 0.00422128057107], [-0.0016687939642, 0.00197045016102, 0.000348963832948, -0.00489036785439, 0.0043256347999, -0.011604228057, 0.0220678765327, -0.0160628966987, 0.0121625792235, -0.00575308594853, 0.00217115320265, 0.00226110196672, -0.0022123050876], [0.00281621166505, -0.00411819526926, 0.00295000267215, -0.000579556333832, -0.000333084608428, 0.0077982111834, -0.0160628966987, 0.0239891018718, -0.0184581074864, 0.0109813110903, -0.0097914012149, 0.00152715807781, 0.00127268093638], [-0.00351794296876, 0.00560513557866, -0.0050201183185, 0.00431920262054, -0.00307614752091, -0.00358501332812, 0.0121625792235, -0.0184581074864, 0.0303704645485, -0.0239452756941, 0.0200307387859, -0.00898847263306, 0.00449275039136], [0.00267775566317, -0.0037414371036, 0.0039537101984, -0.00517468247563, 0.00658022332937, -0.000308621121803, -0.00575308594853, 0.0109813110903, -0.0239452756941, 0.0354262180626, -0.0282023772597, 0.0162259731442, -0.00746119674295], [-0.00326931127347, 0.00503657478839, -0.00520329363644, 0.00680718710646, -0.00935794319957, 0.00368988001719, 0.00217115320265, -0.0097914012149, 0.0200307387859, -0.0282023772597, 0.043076839298, -0.0293447095901, 0.0156282037497], [0.0028750190977, -0.00426967814565, 0.00624241260812, -0.00561914360151, 0.00853077508509, -0.00865766126662, 0.00226110196672, 0.00152715807781, -0.00898847263306, 0.0162259731442, -0.0293447095901, 0.0360838323832, -0.0191282965243], [-0.00100840080995, 0.00177030242048, -0.00213078293018, 0.00325455935672, -0.00348669360392, 0.00422128057107, -0.0022123050876, 0.00127268093638, 0.00449275039136, -0.00746119674295, 0.0156282037497, -0.0191282965243, 0.0242198649794]]
    },
    "melbands": {
        "dmean": [3.25381370203e-05, 0.000173902502866, 0.000161894480698, 0.000155566449394, 0.000136400922202, 8.24126182124e-05, 6.36017066427e-05, 0.000217237669858, 0.000167005404364, 8.25035240268e-05, 1.61249990924e-05, 8.69495943334e-06, 1.0036378626e-05, 8.95895846043e-06, 1.09127204269e-05, 3.9141950765e-06, 9.897369182e-07, 8.46840009672e-07, 6.2348578922e-07, 5.098511906e-07, 2.92508644861e-07, 2.91126923457e-07, 2.44596407128e-07, 1.24861131212e-07, 1.57025368708e-07, 6.80941667497e-08, 4.58909283907e-08, 2.87177162051e-08, 1.69336829003e-08, 3.70288999463e-09, 1.14836906651e-09, 1.05718800381e-09, 1.07794007054e-09, 4.54143556095e-10, 2.78299105982e-10, 5.07281994189e-11, 7.74587477492e-11, 3.81697763674e-11, 1.74179178025e-11, 8.03581593628e-12],
        "dmean2": [5.16283835168e-05, 0.000271701312158, 0.000263807567535, 0.000243867747486, 0.000213659528526, 0.000125908103655, 8.94704426173e-05, 0.000284898182144, 0.000224407674978, 0.000117059287732, 2.05481173907e-05, 1.1573592019e-05, 1.19729966173e-05, 1.12405859909e-05, 1.31506149046e-05, 5.14036628374e-06, 1.46422451053e-06, 1.16687533591e-06, 8.51355423492e-07, 6.51811319585e-07, 3.93578318381e-07, 3.82047659286e-07, 3.24039689303e-07, 1.7444574496e-07, 2.07363939353e-07, 8.73626788689e-08, 5.93588680431e-08, 3.58094389696e-08, 1.98840535148e-08, 4.86341811268e-09, 1.69640279601e-09, 1.54570123367e-09, 1.57523583066e-09, 6.35205332777e-10, 3.82274906174e-10, 7.67074667674e-11, 1.00522486168e-10, 5.14021672449e-11, 2.43762961205e-11, 1.41395549783e-11],
        "dvar": [1.22542376246e-08, 2.70195243957e-07, 2.59410796843e-07, 3.7962558963e-07, 8.31642751109e-07, 1.40576176477e-07, 6.91709516332e-08, 3.70927477888e-06, 1.5247542251e-06, 4.48451885404e-07, 1.73029945927e-08, 1.19959802092e-08, 7.52796314174e-09, 8.91258267188e-09, 2.6022650701e-08, 1.09783315771e-09, 5.96347346504e-11, 3.49081701045e-11, 2.69345396681e-11, 1.59699649338e-11, 4.86865148891e-12, 1.59585192283e-11, 7.48877088813e-12, 1.38886970501e-12, 2.98626900118e-12, 8.3475901972e-13, 2.25825800659e-13, 1.48734702939e-13, 4.49355992953e-14, 1.94525436205e-15, 1.53915402402e-16, 2.65291592583e-16, 3.40960169195e-16, 5.47980950735e-17, 2.08776565034e-17, 4.63019000768e-19, 6.84088416826e-18, 6.17752285031e-19, 2.64773211624e-20, 2.62534646014e-21],
        "dvar2": [2.54786787224e-08, 6.30547503988e-07, 8.10049414213e-07, 8.89241619006e-07, 2.07407197195e-06, 2.870920639e-07, 1.11708466477e-07, 7.29810744815e-06, 3.21069342135e-06, 9.70760879682e-07, 3.04193612521e-08, 1.85517397e-08, 9.78547642916e-09, 1.58807669237e-08, 4.89413451987e-08, 2.22715157427e-09, 1.37889463736e-10, 6.0639208932e-11, 4.56988683006e-11, 2.58366730788e-11, 8.84809066293e-12, 2.48296522232e-11, 1.30151575281e-11, 2.84053639985e-12, 6.08790882289e-12, 1.61896483632e-12, 4.13947847354e-13, 2.72044295728e-13, 6.7576830633e-14, 3.55993886984e-15, 3.77872541547e-16, 5.06266139799e-16, 6.25442669626e-16, 9.51869553391e-17, 3.44939807914e-17, 1.00427605259e-18, 1.33711636709e-17, 1.21812622918e-18, 2.90361720756e-20, 7.21628892879e-21],
        "max": [0.00602543912828, 0.0171418525279, 0.0188241191208, 0.0382510311902, 0.0599183030427, 0.0226428005844, 0.015361408703, 0.0979946553707, 0.0981493294239, 0.037135399878, 0.00893528666347, 0.00737776560709, 0.00404007826, 0.00573505181819, 0.00922114029527, 0.00217395299114, 0.000425560603617, 0.000366986263543, 0.000318083417369, 0.000210137077374, 0.000140469710459, 0.000410099572036, 0.00019694576622, 4.92377585033e-05, 0.000102576617792, 6.89198350301e-05, 2.98441354971e-05, 2.76874452538e-05, 1.61414227478e-05, 3.14955559588e-06, 5.54764085337e-07, 9.41714176861e-07, 1.22150913739e-06, 5.55731787699e-07, 3.5588470837e-07, 4.40884448949e-08, 2.88114534897e-07, 7.90096379433e-08, 1.54468811076e-08, 2.83207635121e-09],
        "mean": [7.64696014812e-05, 0.000528030912392, 0.000492990715429, 0.000629001820926, 0.000392846210161, 0.000332493131282, 0.000306352012558, 0.00062490592245, 0.00040598664782, 0.000169004357303, 4.52178610431e-05, 2.17186498048e-05, 2.24427531066e-05, 1.84501877811e-05, 1.9359495127e-05, 1.04141636257e-05, 2.39788869294e-06, 2.26908014156e-06, 1.60663068982e-06, 1.15379282306e-06, 6.8282599841e-07, 6.85102918396e-07, 5.42664224668e-07, 2.74356466434e-07, 2.62133028173e-07, 1.42487877497e-07, 7.86394593888e-08, 4.74584069821e-08, 2.78954264132e-08, 6.52831433356e-09, 1.78840076082e-09, 1.57373436505e-09, 1.36018918351e-09, 5.64015723015e-10, 3.48199968858e-10, 7.88044698941e-11, 1.05141034767e-10, 5.63931852604e-11, 2.95887724044e-11, 1.1959070019e-11],
        "median": [1.44968971654e-05, 0.000106161271106, 0.000127818173496, 0.0001098206194, 7.13449553587e-05, 4.69147962576e-05, 3.78985350835e-05, 2.70860600722e-05, 2.15927357203e-05, 9.02257488633e-06, 4.72947431263e-06, 1.85618091564e-06, 9.11647816793e-07, 4.17887122239e-07, 3.45089063103e-07, 1.54728596158e-07, 7.04419136355e-08, 3.41036603402e-08, 1.30722357383e-08, 1.06265689581e-08, 6.84300394127e-09, 3.20541193588e-09, 1.41684353139e-09, 5.32686339483e-10, 4.71200412022e-10, 2.0309300075e-10, 8.96763982516e-11, 7.1178410388e-11, 3.80953740775e-11, 2.08503214694e-11, 1.52625793948e-11, 1.21274526879e-11, 1.13606467983e-11, 9.99190227086e-12, 9.66896354648e-12, 9.77314409956e-12, 9.39910822784e-12, 7.39086829932e-12, 6.68529034215e-12, 5.98132307572e-12],
        "min": [6.48021071305e-24, 1.45318654815e-23, 2.97806962685e-24, 1.5640205587e-23, 1.08634350802e-23, 1.99772934241e-23, 1.45457525888e-23, 1.73554984284e-23, 3.41978491488e-23, 3.24008587166e-23, 1.85286718562e-23, 1.02547926043e-23, 9.32396829053e-24, 6.29930124165e-24, 1.18008219278e-23, 2.15651726076e-23, 1.18817827225e-23, 6.14102695064e-24, 4.8624585504e-24, 7.84359428238e-24, 5.97118795876e-24, 6.98213450805e-24, 1.20700901315e-23, 1.03765177862e-23, 1.04910879998e-23, 1.58066063286e-23, 6.53953778629e-24, 8.74613872151e-24, 1.18086348062e-23, 1.28291778484e-23, 9.18198358278e-24, 8.36723226265e-24, 1.14013616981e-23, 8.06319738117e-24, 8.4835300816e-24, 1.04128290537e-23, 9.19876186538e-24, 8.52952934985e-24, 1.37933559901e-23, 1.06002624048e-23],
        "var": [5.42822178318e-08, 1.35454183692e-06, 9.42957228744e-07, 3.43772853739e-06, 1.83832105449e-06, 1.40203792398e-06, 9.55102223088e-07, 1.03175734694e-05, 3.70958741769e-06, 9.21316939184e-07, 5.73009586446e-08, 2.84464309885e-08, 2.34346266836e-08, 1.8666632684e-08, 5.02160979465e-08, 3.35706573651e-09, 1.31191640884e-10, 1.45229314685e-10, 1.16967907582e-10, 4.31619601171e-11, 1.33681919701e-11, 4.17282042253e-11, 2.66793080683e-11, 3.1984697009e-12, 5.14782357366e-12, 1.9516482614e-12, 3.98620562557e-13, 2.97284197042e-13, 1.16808188014e-13, 4.27977923215e-15, 2.46349235965e-16, 4.22942344108e-16, 5.02418333818e-16, 8.48577922115e-17, 3.38247288101e-17, 8.25209906442e-19, 1.05949139246e-17, 9.47295612699e-19, 9.11271405884e-20, 1.98817747378e-21]
    },
    "mfcc": {
        "mean": [-905.253234863, 218.412277222, 54.1308135986, -0.870222330093, -7.61887216568, -10.6944446564, -5.36525297165, -3.03687095642, -3.73138475418, -1.84147250652, -0.787127435207, -1.37442398071, -3.35226559639],
        "cov": [[7896.73193359, 4141.92675781, -2434.41455078, -360.274139404, 431.459503174, -428.694458008, -287.035980225, -312.12878418, -295.448760986, 2.40038108826, 60.8128700256, 55.076007843, -21.3255271912], [4141.92675781, 2908.22070312, -564.851623535, -364.428009033, 164.374282837, -130.40196228, -189.104003906, -193.813735962, -157.187820435, -22.703168869, 19.0761699677, -4.30322408676, -63.045463562], [-2434.41455078, -564.851623535, 1699.53710938, 185.322692871, -257.012908936, 195.488235474, 67.5203170776, 63.4132003784, 123.207740784, 31.058757782, -9.5254907608, -67.6591339111, -72.7840576172], [-360.274139404, -364.428009033, 185.322692871, 416.495025635, 42.7586784363, -73.6977615356, 22.9693546295, 16.0642757416, 46.3854408264, 85.452507019, 39.9129219055, -4.9430847168, -11.1532115936], [431.459503174, 164.374282837, -257.012908936, 42.7586784363, 202.525909424, 9.0959148407, -36.8182487488, -18.1590099335, -18.749458313, 4.44063520432, 10.8451967239, 15.0861978531, 13.632894516], [-428.694458008, -130.40196228, 195.488235474, -73.6977615356, 9.0959148407, 186.623168945, 85.1370849609, 27.3642196655, 10.016752243, -39.6571922302, -32.4982185364, -5.05470275879, 10.2552947998], [-287.035980225, -189.104003906, 67.5203170776, 22.9693546295, -36.8182487488, 85.1370849609, 179.264282227, 105.252861023, -0.715440869331, -36.2163352966, -17.9234333038, 18.3813552856, 38.4750404358], [-312.12878418, -193.813735962, 63.4132003784, 16.0642757416, -18.1590099335, 27.3642196655, 105.252861023, 143.634262085, 48.4411811829, -30.0296173096, -5.51091146469, 24.0978469849, 36.5144577026], [-295.448760986, -157.187820435, 123.207740784, 46.3854408264, -18.749458313, 10.016752243, -0.715440869331, 48.4411811829, 104.968238831, 55.3768539429, 1.76766979694, -1.62649261951, 1.31934869289], [2.40038108826, -22.703168869, 31.058757782, 85.452507019, 4.44063520432, -39.6571922302, -36.2163352966, -30.0296173096, 55.3768539429, 121.002037048, 58.6546821594, -8.4147567749, -17.8878116608], [60.8128700256, 19.0761699677, -9.5254907608, 39.9129219055, 10.8451967239, -32.4982185364, -17.9234333038, -5.51091146469, 1.76766979694, 58.6546821594, 99.0084991455, 50.7063941956, -7.53696489334], [55.076007843, -4.30322408676, -67.6591339111, -4.9430847168, 15.0861978531, -5.05470275879, 18.3813552856, 24.0978469849, -1.62649261951, -8.4147567749, 50.7063941956, 111.451187134, 69.76146698], [-21.3255271912, -63.045463562, -72.7840576172, -11.1532115936, 13.632894516, 10.2552947998, 38.4750404358, 36.5144577026, 1.31934869289, -17.8878116608, -7.53696489334, 69.76146698, 137.178726196]],
