{
"lowlevel": {
    "average_loudness": 0.0313491970301,
    "barkbands_crest": {
        "dmean": 1.84322929382,
        "dmean2": 2.82653856277,
        "dvar": 4.01315832138,
        "dvar2": 9.38712120056,
        "max": 26.8028736115,
        "mean": 12.9027338028,
        "median": 11.973323822,
        "min": 3.62069654465,
        "var": 22.7991390228
    },
    "barkbands_flatness_db": {
        "dmean": 0.0157249197364,
        "dmean2": 0.0243384446949,
        "dvar": 0.000292358774459,
        "dvar2": 0.000661626341753,
        "max": 0.591359198093,
        "mean": 0.349578976631,
        "median": 0.346403717995,
        "min": 0.0749671906233,
        "var": 0.00406443886459
    },
    "barkbands_kurtosis": {
        "dmean": 1.59499847889,
        "dmean2": 2.42826771736,
        "dvar": 12.2022676468,
        "dvar2": 25.3259029388,
        "max": 226.670883179,
        "mean": 3.86456751823,
        "median": 1.37963724136,
        "min": -1.90511953831,
        "var": 78.8077087402
    },
    "barkbands_skewness": {
        "dmean": 0.347568809986,
        "dmean2": 0.517826199532,
        "dvar": 0.171542093158,
        "dvar2": 0.376865714788,
        "max": 6.11173009872,
        "mean": 0.414772570133,
        "median": 0.477222561836,
        "min": -7.73984575272,
        "var": 2.1524682045
    },
    "barkbands_spread": {
        "dmean": 1.19497740269,
        "dmean2": 1.80263984203,
        "dvar": 4.14930438995,
        "dvar2": 9.44931602478,
        "max": 132.644561768,
        "mean": 6.79852247238,
        "median": 5.32817792892,
        "min": 0.124108046293,
        "var": 59.4660186768
    },
    "dissonance": {
        "dmean": 0.0476759038866,
        "dmean2": 0.0820175558329,
        "dvar": 0.00227779150009,
        "dvar2": 0.00602779490873,
        "max": 0.499995023012,
        "mean": 0.376002877951,
        "median": 0.386175096035,
        "min": 0.0719850808382,
        "var": 0.00551094347611
    },
    "dynamic_complexity": 9.00514698029,
    "erbbands_crest": {
        "dmean": 2.13474297523,
        "dmean2": 3.24844717979,
        "dvar": 6.73964548111,
        "dvar2": 15.0145845413,
        "max": 34.1902732849,
        "mean": 14.692276001,
        "median": 13.1945905685,
        "min": 2.17241501808,
        "var": 40.6826324463
    },
    "erbbands_flatness_db": {
        "dmean": 0.0132986810058,
        "dmean2": 0.0204845350236,
        "dvar": 0.000234054285102,
        "dvar2": 0.000522716960404,
        "max": 0.577396512032,
        "mean": 0.374435633421,
        "median": 0.380232870579,
        "min": 0.0200559459627,
        "var": 0.00414530513808
    },
    "erbbands_kurtosis": {
        "dmean": 1.50097835064,
        "dmean2": 2.17808270454,
        "dvar": 13.1700191498,
        "dvar2": 26.2705192566,
        "max": 126.153488159,
        "mean": 3.25329065323,
        "median": 1.14985322952,
        "min": -1.84342825413,
        "var": 57.4383392334
    },
    "erbbands_skewness": {
        "dmean": 0.306457310915,
        "dmean2": 0.436657816172,
        "dvar": 0.168366625905,
        "dvar2": 0.333183854818,
        "max": 5.35316848755,
        "mean": 0.119510419667,
        "median": 0.249916642904,
        "min": -8.23812389374,
        "var": 1.52298736572
    },
    "erbbands_spread": {
        "dmean": 1.58076500893,
        "dmean2": 2.37476491928,
        "dvar": 5.02646780014,
        "dvar2": 11.8888158798,
        "max": 107.264274597,
        "mean": 10.3494215012,
        "median": 8.66228294373,
        "min": 0.414985686541,
        "var": 71.1295013428
    },
    "hfc": {
        "dmean": 2.99291539192,
        "dmean2": 4.21854925156,
        "dvar": 97.2471923828,
        "dvar2": 195.237930298,
        "max": 273.020172119,
        "mean": 9.26774787903,
        "median": 2.93126606941,
        "min": 1.20811568113e-16,
        "var": 344.965484619
    },
    "melbands_crest": {
        "dmean": 2.04174017906,
        "dmean2": 3.17860770226,
        "dvar": 4.51047945023,
        "dvar2": 10.8057746887,
        "max": 31.5006771088,
        "mean": 14.429807663,
        "median": 13.6896905899,
        "min": 2.0098092556,
        "var": 26.1301269531
    },
    "melbands_flatness_db": {
        "dmean": 0.0178941264749,
        "dmean2": 0.0276075098664,
        "dvar": 0.000444756820798,
        "dvar2": 0.000987666891888,
        "max": 0.733910322189,
        "mean": 0.468067884445,
        "median": 0.469294041395,
        "min": 0.00512216100469,
        "var": 0.00993174593896
    },
    "melbands_kurtosis": {
        "dmean": 1.34517538548,
        "dmean2": 2.02412056923,
        "dvar": 4.2281537056,
        "dvar2": 9.32105731964,
        "max": 51.0298728943,
        "mean": 2.94773888588,
        "median": 1.46022391319,
        "min": -1.89164566994,
        "var": 25.056060791
    },
    "melbands_skewness": {
        "dmean": 0.333915114403,
        "dmean2": 0.497740864754,
        "dvar": 0.154534950852,
        "dvar2": 0.341018289328,
        "max": 5.49844169617,
        "mean": 0.853145182133,
        "median": 0.82730782032,
        "min": -4.85084247589,
        "var": 1.34775471687
    },
    "melbands_spread": {
        "dmean": 1.96821272373,
        "dmean2": 2.98789334297,
        "dvar": 11.4706516266,
        "dvar2": 26.6786060333,
        "max": 180.088867188,
        "mean": 12.169672966,
        "median": 8.27947425842,
        "min": 0.475756257772,
        "var": 318.899780273
    },
    "pitch_salience": {
        "dmean": 0.0495469048619,
        "dmean2": 0.0777887552977,
        "dvar": 0.00282150460407,
        "dvar2": 0.00658015022054,
        "max": 0.871317207813,
        "mean": 0.514489114285,
        "median": 0.520197153091,
        "min": 0.0461241230369,
        "var": 0.0164259113371
    },
    "silence_rate_20dB": {
        "dmean": 0.000562587927561,
        "dmean2": 0.0011252813274,
        "dvar": 0.000562310277019,
        "dvar2": 0.00131148623768,
        "max": 1,
        "mean": 0.999156177044,
        "median": 1,
        "min": 0,
        "var": 0.000843148154672
    },
    "silence_rate_30dB": {
        "dmean": 0.00843881815672,
        "dmean2": 0.0168792195618,
        "dvar": 0.00836730003357,
        "dvar2": 0.0186578594148,
        "max": 1,
        "mean": 0.978811204433,
        "median": 1,
        "min": 0,
        "var": 0.0207386892289
    },
    "silence_rate_60dB": {
        "dmean": 0.0301922168583,
        "dmean2": 0.0603900961578,
        "dvar": 0.0292824096978,
        "dvar2": 0.0640674605966,
        "max": 1,
        "mean": 0.364804059267,
        "median": 0,
        "min": 0,
        "var": 0.231713101268
    },
    "spectral_centroid": {
        "dmean": 45.1590042114,
        "dmean2": 63.9472465515,
        "dvar": 11654.6269531,
        "dvar2": 16487.359375,
        "max": 11392.1503906,
        "mean": 609.527587891,
        "median": 507.677337646,
        "min": 164.31993103,
        "var": 237285.265625
    },
    "spectral_complexity": {
        "dmean": 0.982465982437,
        "dmean2": 1.63447105885,
        "dvar": 1.61201024055,
        "dvar2": 3.73601555824,
        "max": 27,
        "mean": 7.56065988541,
        "median": 7,
        "min": 0,
        "var": 22.8067417145
    },
    "spectral_decrease": {
        "dmean": 1.1581513526e-09,
        "dmean2": 1.66758051812e-09,
        "dvar": 9.69510271833e-18,
        "dvar2": 1.98640972096e-17,
        "max": 1.24844143744e-15,
        "mean": -4.53128423672e-09,
        "median": -1.72235758988e-09,
        "min": -1.30181746272e-07,
        "var": 6.2995501266e-17
    },
    "spectral_energy": {
        "dmean": 0.0046308953315,
        "dmean2": 0.00666102720425,
        "dvar": 0.000157133545144,
        "dvar2": 0.000321643048665,
        "max": 0.516099452972,
        "mean": 0.0179426856339,
        "median": 0.00682801939547,
        "min": 1.08337541193e-20,
        "var": 0.000988997053355
    },
    "spectral_energyband_high": {
        "dmean": 2.63235574494e-06,
        "dmean2": 3.7062516185e-06,
        "dvar": 5.55178736317e-10,
        "dvar2": 1.174700337e-09,
        "max": 0.000996271264739,
        "mean": 3.65032656191e-06,
        "median": 6.19342870323e-08,
        "min": 7.72405665586e-21,
        "var": 7.44060979496e-10
    },
    "spectral_energyband_low": {
        "dmean": 0.00120437168516,
        "dmean2": 0.00162941764574,
        "dvar": 1.20175564007e-05,
        "dvar2": 2.28657390835e-05,
        "max": 0.149255737662,
        "mean": 0.00372883863747,
        "median": 0.000587608083151,
        "min": 5.84413654572e-23,
        "var": 8.42619119794e-05
    },
    "spectral_energyband_middle_high": {
        "dmean": 0.00161824503448,
        "dmean2": 0.00218187691644,
        "dvar": 4.4405576773e-05,
        "dvar2": 8.70764415595e-05,
        "max": 0.197074949741,
        "mean": 0.00416746223345,
        "median": 0.00048202497419,
        "min": 1.58601572992e-21,
        "var": 0.000117912670248
    },
    "spectral_energyband_middle_low": {
        "dmean": 0.00296635949053,
        "dmean2": 0.00454796198756,
        "dvar": 9.77933523245e-05,
        "dvar2": 0.000204668845981,
        "max": 0.480095475912,
        "mean": 0.0105236312374,
        "median": 0.00348698114976,
        "min": 4.11890885317e-22,
        "var": 0.000576605147216
    },
    "spectral_entropy": {
        "dmean": 0.125799179077,
        "dmean2": 0.198385253549,
        "dvar": 0.034933950752,
        "dvar2": 0.0818596854806,
        "max": 9.78763198853,
        "mean": 5.58181095123,
        "median": 5.5262556076,
        "min": 3.52100539207,
        "var": 0.385134458542
    },
    "spectral_flux": {
        "dmean": 0.0148413274437,
        "dmean2": 0.023763993755,
        "dvar": 0.000811504782178,
        "dvar2": 0.00196513091214,
        "max": 0.432465046644,
        "mean": 0.0332706049085,
        "median": 0.020415507257,
        "min": 1.04085323693e-10,
        "var": 0.00155068119057
    },
    "spectral_kurtosis": {
        "dmean": 32.1661262512,
        "dmean2": 55.9145889282,
        "dvar": 1139.81274414,
        "dvar2": 3270.38061523,
        "max": 559.483764648,
        "mean": 122.005989075,
        "median": 104.530090332,
        "min": -1.24856495857,
        "var": 7020.73974609
    },
    "spectral_rms": {
        "dmean": 0.000404434889788,
        "dmean2": 0.000567275215872,
        "dvar": 5.37718676696e-07,
        "dvar2": 1.06087236418e-06,
        "max": 0.022439064458,
        "mean": 0.00320150749758,
        "median": 0.00258098472841,
        "min": 3.25107931028e-12,
        "var": 7.25557447367e-06
    },
    "spectral_rolloff": {
        "dmean": 65.3046188354,
        "dmean2": 116.329673767,
        "dvar": 154033.875,
        "dvar2": 490304.28125,
        "max": 19810.546875,
        "mean": 1094.46313477,
        "median": 667.529296875,
        "min": 86.1328125,
        "var": 7174658
    },
    "spectral_skewness": {
        "dmean": 1.50095033646,
        "dmean2": 2.63676095009,
        "dvar": 1.87880373001,
        "dvar2": 5.19544124603,
        "max": 18.9054336548,
        "mean": 7.74326181412,
        "median": 7.40120887756,
        "min": 0.0028900236357,
        "var": 12.0211687088
    },
    "spectral_spread": {
        "dmean": 272741.53125,
        "dmean2": 483326.28125,
        "dvar": 157611098112,
        "dvar2": 312338808832,
        "max": 42094132,
        "mean": 1197542.375,
        "median": 888631.625,
        "min": 131756.359375,
        "var": 3.33823003853e+12
    },
    "spectral_strongpeak": {
        "dmean": 0.425018131733,
        "dmean2": 0.629006505013,
        "dvar": 0.997875392437,
        "dvar2": 1.93324041367,
        "max": 21.3479118347,
        "mean": 1.24195814133,
        "median": 0.523708939552,
        "min": 0,
        "var": 3.66210126877
    },
    "zerocrossingrate": {
        "dmean": 0.00270873634145,
        "dmean2": 0.00322726252489,
        "dvar": 3.69898225472e-05,
        "dvar2": 4.41073752881e-05,
        "max": 0.7958984375,
        "mean": 0.0400287173688,
        "median": 0.02392578125,
        "min": 0.00341796875,
        "var": 0.00948734767735
    },
    "barkbands": {
        "dmean": [3.82448379241e-05, 0.000536225037649, 0.000704083067831, 0.000327246321831, 0.000756242545322, 0.000475993292639, 0.000740713905543, 0.000978773459792, 0.000784735078923, 0.000628754089121, 0.000243606220465, 0.000483983982122, 0.000292152282782, 7.72625571699e-05, 5.43111273146e-05, 1.49830530063e-05, 3.21349507431e-05, 5.20017238159e-06, 1.01542054836e-05, 2.44828879659e-06, 4.78803599435e-07, 1.40107658808e-07, 8.52156816222e-08, 2.12550812506e-08, 8.29356316956e-09, 8.97394381028e-10, 1.67028957332e-09],
        "dmean2": [5.7144297898e-05, 0.000679431308527, 0.000950813118834, 0.000534629682079, 0.00119371723849, 0.00068760337308, 0.0011630456429, 0.0014062882401, 0.00134743470699, 0.000898316735402, 0.000355277967174, 0.000649761233944, 0.000370176770957, 8.91299350769e-05, 6.48029672448e-05, 2.04381794902e-05, 4.40227595391e-05, 7.50191020416e-06, 1.4869464394e-05, 3.51797802978e-06, 6.78410287946e-07, 1.94299644818e-07, 1.29487759182e-07, 3.36299486037e-08, 1.33053683626e-08, 1.60817781314e-09, 2.98227820217e-09],
        "dvar": [4.35731841719e-08, 3.11337157655e-06, 5.05117759531e-06, 1.56178600719e-06, 6.07620222581e-06, 3.21236370837e-06, 1.89039983525e-05, 5.25028663105e-05, 1.3413877241e-05, 8.54497557157e-06, 1.94744848159e-06, 1.96544588107e-05, 1.18848829516e-05, 5.95898654865e-07, 2.70468888175e-07, 1.29655305159e-07, 3.58453782212e-08, 8.84961381953e-10, 3.24387117168e-09, 5.06799047173e-10, 1.6896501559e-11, 1.23878034566e-12, 8.51601558369e-13, 3.77094697428e-14, 1.262929936e-14, 1.03032293611e-17, 4.4092912183e-18],
        "dvar2": [7.73147874611e-08, 4.77727280668e-06, 8.71088195709e-06, 4.95703488923e-06, 1.33222511067e-05, 6.65688048684e-06, 5.47824820387e-05, 8.51136501296e-05, 3.82815014746e-05, 1.81658051588e-05, 3.68690825781e-06, 3.62840655725e-05, 2.38796728809e-05, 7.77921741246e-07, 5.4217844081e-07, 3.07492740603e-07, 6.53560476849e-08, 1.95183158525e-09, 6.84677514684e-09, 1.08091913198e-09, 3.53728608904e-11, 2.79198300764e-12, 1.95874674987e-12, 9.20651697781e-14, 3.2011645125e-14, 2.86428657889e-17, 1.38171455427e-17],
        "max": [0.0146502796561, 0.0733728334308, 0.0746827572584, 0.0756822228432, 0.147735834122, 0.0972479060292, 0.212872028351, 0.449731618166, 0.136576920748, 0.0913637578487, 0.0541995279491, 0.163526296616, 0.192060112953, 0.0566080920398, 0.0405361354351, 0.0338422991335, 0.00660017877817, 0.00125394924544, 0.00273678638041, 0.000909011170734, 0.000289837567834, 5.78126928303e-05, 5.90261006437e-05, 7.63286789152e-06, 6.29289661447e-06, 1.6939895886e-07, 4.4363630991e-08],
        "mean": [5.65975788049e-05, 0.0016633104533, 0.00155808241107, 0.00096423731884, 0.00232663564384, 0.00154927500989, 0.0019934552256, 0.0024049161002, 0.00122945476323, 0.00191906990949, 0.000454143708339, 0.000829860626254, 0.000573364610318, 0.000176054381882, 0.000136901755468, 2.62441353698e-05, 5.20280773344e-05, 9.54467395786e-06, 1.5351746697e-05, 3.13059717882e-06, 7.10497886303e-07, 1.95795308855e-07, 9.8291742745e-08, 2.17784315026e-08, 7.70620189883e-09, 1.34175659472e-09, 7.85795339908e-09],
        "median": [6.60442083245e-06, 0.000131792214233, 0.000178945250809, 0.000123076199088, 0.000428303377703, 0.000474830390885, 0.00032126007136, 0.000146168487845, 0.000169364764588, 6.53378447169e-05, 3.53366085619e-05, 1.08097819975e-05, 2.13480343518e-05, 4.50224251836e-06, 3.71747410099e-06, 1.43663839935e-06, 1.45899002746e-06, 2.68015384108e-07, 1.90890062868e-07, 2.73608193879e-08, 7.29055482651e-09, 1.60592472653e-09, 9.15336806351e-10, 7.36511629462e-10, 6.10178796379e-10, 7.27718441063e-10, 7.6012156569e-09],
        "min": [1.5079745749e-24, 8.01240183862e-24, 1.78930566482e-23, 5.5005093665e-23, 1.02180320016e-22, 5.10457187401e-23, 6.39754960755e-23, 6.1907494057e-23, 4.80183387986e-23, 5.30285932006e-23, 1.3225693576e-22, 1.63086957844e-22, 6.76458008102e-23, 7.71380504868e-23, 1.21023190438e-22, 1.49743243103e-22, 2.50141456915e-22, 1.18342577973e-22, 3.43808958022e-22, 2.31068870198e-22, 4.21037380414e-22, 2.92692437438e-22, 7.41447461809e-22, 9.69840288624e-22, 1.4410604055e-21, 1.57780592195e-21, 2.39932501231e-21],
        "var": [1.10635760109e-07, 3.17039703077e-05, 2.15606723941e-05, 1.06219122245e-05, 2.91076030408e-05, 1.43855158967e-05, 5.66250710108e-05, 0.000286928436253, 1.43009892781e-05, 3.64360203093e-05, 4.324249403e-06, 3.86978135793e-05, 2.60007273027e-05, 2.21521327148e-06, 6.1315347466e-07, 1.5721877844e-07, 5.88562301118e-08, 2.03194017168e-09, 5.29549204487e-09, 6.50964449012e-10, 2.45044800423e-11, 1.72202920326e-12, 1.07823374795e-12, 3.56914882848e-14, 1.03619310736e-14, 8.74887096329e-18, 4.69519420291e-18]
    },
    "erbbands": {
        "dmean": [0.00789781846106, 0.149505794048, 0.670616865158, 1.0264954567, 1.32322072983, 3.34409570694, 3.92663550377, 3.58881926537, 10.8783664703, 10.0901899338, 24.0000228882, 19.2157535553, 10.2680273056, 20.2820110321, 10.2794303894, 24.5285434723, 15.6192569733, 3.92879390717, 3.79437661171, 2.13085746765, 0.803031504154, 1.24860870838, 0.539861738682, 0.289748042822, 0.503774762154, 0.17289377749, 0.0290297679603, 0.01499891188, 0.00461744144559, 0.0036100235302, 0.00182410434354, 0.000856326369103, 0.000428131461376, 0.000129343694425, 2.23618771997e-05, 5.74720161239e-06, 2.55561576523e-06, 7.79462311584e-07, 2.31286117014e-06, 5.30658735443e-06],
        "dmean2": [0.0112086338922, 0.190057903528, 0.942605733871, 1.50018370152, 2.15817475319, 5.23790693283, 5.51434516907, 5.40311670303, 17.510055542, 15.0074605942, 35.3533821106, 33.3983955383, 14.7427864075, 28.4734554291, 13.9911680222, 32.9451141357, 19.299041748, 4.90467834473, 4.13692951202, 2.82580924034, 1.11416387558, 1.7494366169, 0.707127988338, 0.43602976203, 0.710997343063, 0.245137453079, 0.0404696948826, 0.0218064673245, 0.00649303663522, 0.00502507155761, 0.00285268994048, 0.00135914050043, 0.000672251393553, 0.000205360687687, 3.78420954803e-05, 9.29128236749e-06, 4.04422871725e-06, 1.26597808503e-06, 3.31085175276e-06, 7.62037461755e-06],
        "dvar": [0.000678874668665, 0.235644116998, 4.43911314011, 10.8756904602, 20.8990192413, 124.527107239, 391.965820312, 169.908157349, 5383.33935547, 2582.38378906, 21979.5585938, 8186.90576172, 1186.99536133, 10147.0625, 2361.80444336, 50329.6484375, 30270.5058594, 1737.53564453, 729.800537109, 2543.99145508, 50.8620033264, 42.515007019, 8.09256744385, 2.92987346649, 8.97842121124, 2.23321127892, 0.0463679358363, 0.0183602869511, 0.00112371868454, 0.00124460086226, 0.000296134705422, 7.98104156274e-05, 1.62050964718e-05, 2.81226721199e-06, 5.89458046818e-08, 6.26785512381e-10, 7.50682294104e-11, 4.57785675687e-12, 4.01515626303e-11, 2.09546283103e-10],
        "dvar2": [0.00149918207899, 0.368266969919, 9.1721496582, 27.6147670746, 56.2935218811, 261.852905273, 618.808776855, 433.192321777, 16153.3447266, 4596.48095703, 37934.640625, 23831.0175781, 2651.42871094, 20003.8457031, 4456.64355469, 93708.4921875, 60637.203125, 2945.34692383, 853.134643555, 5978.29589844, 105.58190918, 80.308921814, 14.7279205322, 6.35606527328, 18.3980770111, 4.72774267197, 0.0930055081844, 0.0437563620508, 0.00250363512896, 0.00265238434076, 0.000731734733563, 0.000202914394322, 3.88738917536e-05, 7.13914005246e-06, 1.65026307286e-07, 1.66189584316e-09, 1.80262138549e-10, 1.09719950139e-11, 8.13419540058e-11, 4.28234309124e-10],
        "max": [1.53623986244, 20.358171463, 67.1120910645, 167.950683594, 187.365875244, 843.385314941, 1287.00793457, 870.183349609, 3564.82226562, 2873.64892578, 8488.26269531, 3328.64624023, 1082.55627441, 3242.77270508, 1746.57617188, 8311.30957031, 9685.25488281, 2757.26391602, 2177.4387207, 4757.21240234, 491.92288208, 198.764846802, 142.046295166, 103.370117188, 132.702865601, 63.739982605, 12.4464044571, 6.83431863785, 1.54550099373, 2.3226852417, 0.880775988102, 0.495055347681, 0.175843417645, 0.0884417816997, 0.0103859072551, 0.000946044514421, 0.00049762747949, 7.77168970671e-05, 0.000253991282079, 0.00058384280419],
        "mean": [0.0203858483583, 0.467272341251, 1.63634872437, 2.75936245918, 3.92812728882, 10.143828392, 12.4092578888, 12.437048912, 26.7869777679, 29.3947887421, 56.5047340393, 30.5950336456, 33.6382408142, 56.9187889099, 20.9563121796, 42.9568519592, 31.7082195282, 8.91279506683, 10.1543655396, 3.98964428902, 1.40928137302, 2.04158902168, 1.01042664051, 0.504939138889, 0.720340073109, 0.228155001998, 0.0443181693554, 0.0209476985037, 0.00659434357658, 0.00542246364057, 0.00193397374824, 0.000814449565951, 0.000458543130662, 0.000133130437462, 3.23459644278e-05, 1.49907800733e-05, 8.18081389298e-06, 2.34150411416e-06, 9.2534110081e-06, 2.04987009056e-05],
        "median": [0.00282228947617, 0.0349780544639, 0.213758647442, 0.516167461872, 0.691545724869, 1.62974238396, 2.85656547546, 4.24083137512, 3.39139461517, 5.22000980377, 4.60824871063, 4.81212759018, 2.95415830612, 2.97540140152, 2.32063603401, 1.22557473183, 1.49263191223, 0.550065875053, 0.254906654358, 0.232041954994, 0.0754225254059, 0.0734684318304, 0.0333640575409, 0.0134077705443, 0.00960593577474, 0.00345866312273, 0.000705464743078, 0.000244175782427, 7.70103579271e-05, 4.82883915538e-05, 3.14563221764e-05, 2.31853337027e-05, 1.75897039298e-05, 1.23981526485e-05, 9.16247154237e-06, 6.41367023491e-06, 3.71848068426e-06, 1.25981227939e-06, 3.86878036807e-06, 7.8946532085e-06],
        "min": [3.95429516548e-22, 1.47823223818e-21, 1.63139775426e-20, 1.19532496974e-19, 1.71616311984e-19, 3.46867591623e-19, 4.62456052662e-19, 3.98836273431e-19, 5.86199428866e-19, 1.92716973382e-18, 7.77466282257e-19, 1.32343335219e-18, 1.97787693935e-18, 2.78636843994e-18, 4.84702444511e-18, 6.87282161171e-18, 3.74271309835e-18, 4.04366456625e-18, 5.26370882047e-18, 7.27423292424e-18, 7.58848876511e-18, 1.37872619888e-17, 8.85001033679e-18, 1.39447067194e-17, 1.52855251333e-17, 1.07121965549e-17, 1.32438365864e-17, 1.8594318721e-17, 1.03674665531e-17, 1.34794374771e-17, 2.31643129344e-17, 2.14548515543e-17, 1.62164242685e-17, 1.29684036403e-17, 1.14205038688e-17, 5.3388122706e-18, 3.50344200718e-18, 1.14305700365e-18, 3.69665232142e-19, 3.36139059078e-20],
        "var": [0.00370682380162, 2.39953994751, 18.975446701, 55.917049408, 89.2190551758, 717.084838867, 1478.49121094, 916.818847656, 13690.5185547, 14023.8203125, 110180.484375, 7622.94628906, 7704.05078125, 39373.5742188, 5525.12109375, 98390.140625, 67532.25, 4611.50292969, 3354.1105957, 3164.30200195, 75.3628921509, 74.4025802612, 19.0302810669, 5.53133106232, 13.2439260483, 2.93583607674, 0.0700353905559, 0.0222879257053, 0.00160838768352, 0.00200937362388, 0.000290892465273, 6.42365630483e-05, 1.63283039001e-05, 2.29280749409e-06, 4.32236824111e-08, 8.97854679494e-10, 1.91532900651e-10, 1.14197210715e-11, 2.36266478604e-10, 1.26993326965e-09]
    },
    "gfcc": {
        "mean": [-261.297210693, 233.848983765, -102.540481567, -44.0741004944, -25.8847045898, -21.741147995, -16.012430191, -8.81657886505, -11.3303890228, -10.4828691483, -1.15476942062, -11.391248703, -4.14237928391],
        "cov": [[21913.3515625, 4492.63818359, -5445.74951172, 912.665100098, 773.903259277, -1000.37878418, 879.464599609, 117.219406128, -199.300933838, -600.511230469, 99.6820449829, -431.496765137, 262.979064941], [4492.63818359, 2780.5390625, -37.223449707, -444.591369629, 170.382400513, -172.319122314, -79.105796814, -29.7464256287, -60.3108901978, -129.753540039, -31.4893875122, -98.3437042236, -12.2049665451], [-5445.74951172, -37.223449707, 2897.18896484, -282.54006958, -410.48626709, 293.582794189, -373.131652832, -85.3761978149, 104.582229614, 81.8597259521, -132.583129883, 59.7233123779, -126.264648438], [912.665100098, -444.591369629, -282.54006958, 617.798461914, 25.7429637909, -92.0081863403, 188.465255737, 39.6672515869, 4.61914682388, -42.2866859436, -30.4025993347, -44.801574707, 32.8323822021], [773.903259277, 170.382400513, -410.48626709, 25.7429637909, 325.818328857, -1.71182239056, 24.2211666107, 0.829779088497, -40.2467956543, 19.2640151978, 51.0591545105, -12.9615678787, -15.0693225861], [-1000.37878418, -172.319122314, 293.582794189, -92.0081863403, -1.71182239056, 327.279663086, 39.3559608459, -30.5703315735, 21.143032074, 46.4447021484, 30.0654468536, 48.9707374573, -11.5908308029], [879.464599609, -79.105796814, -373.131652832, 188.465255737, 24.2211666107, 39.3559608459, 300.276885986, 112.301887512, -13.674372673, -15.2504177094, 4.09019374847, -4.60799980164, 49.1302108765], [117.219406128, -29.7464256287, -85.3761978149, 39.6672515869, 0.829779088497, -30.5703315735, 112.301887512, 172.465499878, 63.2574996948, -11.4394598007, -7.45526409149, -5.32751274109, 16.2715167999], [-199.300933838, -60.3108901978, 104.582229614, 4.61914682388, -40.2467956543, 21.143032074, -13.674372673, 63.2574996948, 154.56817627, 59.6062545776, -15.9554481506, -11.6394739151, -4.80666637421], [-600.511230469, -129.753540039, 81.8597259521, -42.2866859436, 19.2640151978, 46.4447021484, -15.2504177094, -11.4394598007, 59.6062545776, 165.402008057, 65.5508575439, 5.25309467316, -26.8967437744], [99.6820449829, -31.4893875122, -132.583129883, -30.4025993347, 51.0591545105, 30.0654468536, 4.09019374847, -7.45526409149, -15.9554481506, 65.5508575439, 132.692657471, 54.4118537903, -20.1684875488], [-431.496765137, -98.3437042236, 59.7233123779, -44.801574707, -12.9615678787, 48.9707374573, -4.60799980164, -5.32751274109, -11.6394739151, 5.25309467316, 54.4118537903, 122.223487854, 44.7516746521], [262.979064941, -12.2049665451, -126.264648438, 32.8323822021, -15.0693225861, -11.5908308029, 49.1302108765, 16.2715167999, -4.80666637421, -26.8967437744, -20.1684875488, 44.7516746521, 128.351150513]],
        "icov": [[0.000735955371056, -0.00128393154591, 0.00106098363176, -0.00109868112486, 0.000428506260505, 0.000372457929188, -0.00101524358615, 0.001598146162, -0.00185067858547, 0.00209079543129, -0.00208579329774, 0.00141216570046, -0.000486547913169], [-0.00128393154591, 0.00289291865192, -0.00216134614311, 0.00284822867252, -0.00148510804866, 0.000272062316071, 0.00060131639475, -0.00159832439385, 0.00216271169484, -0.00223055505194, 0.00252624950372, -0.00137425761204, 0.000363294588169], [0.00106098363176, -0.00216134614311, 0.0025281815324, -0.00235341303051, 0.00186341011431, -0.00094077270478, 0.000673826900311, 0.000522285699844, -0.00112947355956, 0.0011815543985, -0.000683590013068, 0.00051731755957, 0.000436910660937], [-0.00109868112486, 0.00284822867252, -0.00235341303051, 0.00558748235926, -0.00226388592273, 0.00227871956304, -0.0031874855049, 0.00161249411758, -0.000739074719604, 0.000234214661759, 0.000719301286153, 6.40827565803e-05, -0.000154754292453], [0.000428506260505, -0.00148510804866, 0.00186341011431, -0.00226388592273, 0.00558310374618, -0.00217279652134, 0.00269765080884, -0.00240502436645, 0.00253742095083, -0.00191834673751, 0.000195737869944, -4.20652395405e-05, 0.000863050518092], [0.000372457929188, 0.000272062316071, -0.00094077270478, 0.00227871956304, -0.00217279652134, 0.00727816391736, -0.00690853176638, 0.00694247195497, -0.00590341119096, 0.00434764847159, -0.00415258621797, 0.000962124438956, -0.000377137184842], [-0.00101524358615, 0.00060131639475, 0.000673826900311, -0.0031874855049, 0.00269765080884, -0.00690853176638, 0.0149160148576, -0.0135830156505, 0.0111234374344, -0.00912573281676, 0.00748648261651, -0.00354146189056, 0.000236204257817], [0.001598146162, -0.00159832439385, 0.000522285699844, 0.00161249411758, -0.00240502436645, 0.00694247195497, -0.0135830156505, 0.0209683999419, -0.0158975366503, 0.0125750005245, -0.0103067504242, 0.00527105014771, -0.00185704661999], [-0.00185067858547, 0.00216271169484, -0.00112947355956, -0.000739074719604, 0.00253742095083, -0.00590341119096, 0.0111234374344, -0.0158975366503, 0.0216952059418, -0.0157450735569, 0.0129000460729, -0.00596357276663, 0.00221716123633], [0.00209079543129, -0.00223055505194, 0.0011815543985, 0.000234214661759, -0.00191834673751, 0.00434764847159, -0.00912573281676, 0.0125750005245, -0.0157450735569, 0.0221546813846, -0.0176202412695, 0.0100443735719, -0.00354503840208], [-0.00208579329774, 0.00252624950372, -0.000683590013068, 0.000719301286153, 0.000195737869944, -0.00415258621797, 0.00748648261651, -0.0103067504242, 0.0129000460729, -0.0176202412695, 0.0276933889836, -0.0167552344501, 0.00873052235693], [0.00141216570046, -0.00137425761204, 0.00051731755957, 6.40827565803e-05, -4.20652395405e-05, 0.000962124438956, -0.00354146189056, 0.00527105014771, -0.00596357276663, 0.0100443735719, -0.0167552344501, 0.0216869395226, -0.0100750457495], [-0.000486547913169, 0.000363294588169, 0.000436910660937, -0.000154754292453, 0.000863050518092, -0.000377137184842, 0.000236204257817, -0.00185704661999, 0.00221716123633, -0.00354503840208, 0.00873052235693, -0.0100750457495, 0.0137290814891]]
    },
    "melbands": {
        "dmean": [0.000108005740913, 0.000299068400636, 0.000175010442035, 0.000164667886565, 0.000135457928991, 8.4150749899e-05, 0.00015715356858, 0.000132562141516, 0.000195539920242, 0.000107231899165, 5.40234359505e-05, 8.99843726074e-05, 3.71930655092e-05, 5.36497282155e-05, 4.89977246616e-05, 2.18687255256e-05, 5.90674426348e-06, 6.4572723204e-06, 2.98858117276e-06, 1.95893244381e-06, 1.0513417692e-06, 1.39890346418e-06, 1.20903587231e-06, 1.96767061311e-07, 2.24982883879e-07, 4.75579071235e-07, 1.68421195212e-07, 1.13237199173e-07, 1.02001962432e-08, 1.59342441464e-08, 6.64424959496e-09, 2.6859821034e-09, 2.62440269516e-09, 1.7113258588e-09, 6.97190694066e-10, 1.52680190713e-09, 2.52187326577e-10, 4.13319933834e-10, 1.728915483e-10, 6.73196012824e-11],
        "dmean2": [0.000138239163789, 0.000407883751905, 0.000259991298662, 0.00026342147612, 0.000193328654859, 0.000124876663904, 0.000250615936238, 0.000192534760572, 0.000298083847156, 0.000185687022167, 7.67413221183e-05, 0.000126561717479, 5.23116614204e-05, 7.16429858585e-05, 6.41424048808e-05, 2.72817596851e-05, 7.41191342968e-06, 6.95307608112e-06, 3.69267172573e-06, 2.62572439169e-06, 1.46902948472e-06, 2.00794738703e-06, 1.52902259742e-06, 2.90478226361e-07, 3.46294939391e-07, 6.97853010934e-07, 2.29381058148e-07, 1.63280361676e-07, 1.52848400603e-08, 2.12353885587e-08, 1.0307839915e-08, 3.87933685175e-09, 3.46239814597e-09, 2.4494843931e-09, 1.11720699358e-09, 2.46807796422e-09, 4.03655775472e-10, 6.5347366407e-10, 2.72875666507e-10, 1.09357335687e-10],
        "dvar": [1.24850316752e-07, 8.18200817321e-07, 2.91030829658e-07, 2.92351018061e-07, 3.47306354342e-07, 8.80549961835e-08, 1.05876529233e-06, 8.16798262804e-07, 1.09494010303e-06, 2.56474919524e-07, 3.5630570494e-08, 2.01093442342e-07, 4.31747118057e-08, 2.22871904043e-07, 1.67750258129e-07, 5.41232942908e-08, 4.93622076547e-09, 2.71992717238e-09, 1.59933355448e-09, 2.78416512067e-09, 8.30743321356e-11, 8.47112657798e-11, 5.17578757631e-11, 2.59637905793e-12, 2.15724400149e-12, 7.01999222641e-12, 1.31643469996e-12, 1.29051803965e-12, 4.53013760741e-15, 3.39835513788e-14, 4.76963786731e-15, 5.05263305729e-16, 7.09618845161e-16, 5.10298387205e-16, 3.96534073656e-17, 3.08430795298e-16, 5.82868889528e-18, 1.5944996531e-17, 4.84108487472e-18, 7.97663447876e-19],
        "dvar2": [2.01516471066e-07, 1.63152628829e-06, 7.62501770168e-07, 6.93573554145e-07, 5.68367852338e-07, 2.14934274823e-07, 3.13127247864e-06, 1.28280839817e-06, 2.02033675123e-06, 7.41567532714e-07, 7.95766865735e-08, 4.01202044031e-07, 8.21529795303e-08, 4.0593189965e-07, 3.29897261508e-07, 1.08674541366e-07, 8.17799339359e-09, 2.92621860076e-09, 3.63422558713e-09, 6.52961062997e-09, 1.49724024845e-10, 1.58203686262e-10, 9.00449229069e-11, 5.67382512501e-12, 4.67758470846e-12, 1.49693053092e-11, 2.70157290636e-12, 2.72748273619e-12, 9.78108500633e-15, 6.64034189505e-14, 1.26051733206e-14, 1.14878367015e-15, 1.30538026271e-15, 1.03536182923e-15, 9.6171313503e-17, 8.05887633627e-16, 1.44001457472e-17, 3.84685240777e-17, 1.19272636634e-17, 2.06932506479e-18],
        "max": [0.0173745267093, 0.0297953374684, 0.0305187180638, 0.0290957428515, 0.0353728532791, 0.0179760158062, 0.0497112348676, 0.0577115565538, 0.0577909946442, 0.0184638816863, 0.00620754063129, 0.0144601222128, 0.00809798855335, 0.0170840676874, 0.0173061173409, 0.0126276109368, 0.0046704839915, 0.00494197988883, 0.00361723126844, 0.00498480023816, 0.000346918357536, 0.000327318324707, 0.000372899754439, 7.55345608923e-05, 9.34445342864e-05, 0.000118786214443, 4.63295509689e-05, 4.93010411446e-05, 2.1477176233e-06, 1.49404932017e-05, 3.46240335602e-06, 1.06390950805e-06, 1.51227629885e-06, 1.94436961465e-06, 3.16830465863e-07, 1.01938780972e-06, 1.02534713164e-07, 1.48740653572e-07, 1.34639734028e-07, 4.11885032747e-08],
        "mean": [0.000333242467605, 0.000830369652249, 0.000512777070981, 0.000496141263284, 0.000454687076854, 0.000286897440674, 0.00040160593926, 0.000373379036319, 0.000431536784163, 0.000166241326951, 0.000178399932338, 0.000258414132986, 7.27641599951e-05, 9.24647320062e-05, 9.22387989704e-05, 4.46134872618e-05, 1.32070044856e-05, 1.67136549862e-05, 6.99797556081e-06, 3.21195398101e-06, 1.69997053945e-06, 2.10928101296e-06, 2.18224840864e-06, 3.38804653666e-07, 3.81169400043e-07, 7.08157358531e-07, 2.16406192521e-07, 1.46374105725e-07, 1.54648187589e-08, 2.48902498612e-08, 7.85516984791e-09, 3.5046796576e-09, 3.86167098299e-09, 2.5155493244e-09, 7.35922323081e-10, 1.32348543236e-09, 2.36398373099e-10, 4.16350565136e-10, 1.67316188682e-10, 6.20422047071e-11],
        "median": [3.24866559822e-05, 9.24200285226e-05, 0.000100303550425, 8.27725889394e-05, 0.000110162807687, 9.71157714957e-05, 5.69332551095e-05, 5.34484934178e-05, 3.8052261516e-05, 2.32342572417e-05, 1.17356539704e-05, 1.14349513751e-05, 6.38292340227e-06, 1.46034221871e-06, 3.18822799272e-06, 2.02001433536e-06, 4.00358885599e-07, 2.558037977e-07, 2.49107330319e-07, 1.43297029354e-07, 2.19142624047e-08, 5.54253176688e-08, 3.55853373435e-08, 4.22457091531e-09, 7.36722505223e-09, 8.14971912177e-09, 1.63640412332e-09, 1.11926956592e-09, 1.27730798161e-10, 1.77898001885e-10, 6.05346675564e-11, 2.93752591696e-11, 2.37862125829e-11, 1.96217868342e-11, 1.37412616008e-11, 1.17783144349e-11, 9.43877007803e-12, 8.52200254808e-12, 6.6250598757e-12, 5.49808809591e-12],
        "min": [2.75691326093e-24, 5.65789106139e-24, 2.16594146645e-23, 1.70406735074e-23, 1.81454416508e-23, 9.4170467776e-24, 1.09755905906e-23, 2.09182782663e-23, 5.74469179338e-24, 7.99697250818e-24, 9.61110971573e-24, 1.02710218397e-23, 1.74251690458e-23, 1.81830119402e-23, 1.29166278129e-23, 6.44977882591e-24, 7.74107786344e-24, 7.50599100279e-24, 9.02065442792e-24, 1.05382752926e-23, 7.79034380469e-24, 1.16632122427e-23, 1.43704582294e-23, 5.6131942025e-24, 1.18260836206e-23, 1.2281874041e-23, 1.00673655641e-23, 6.30829386154e-24, 7.8841054453e-24, 8.08581954535e-24, 1.19685369117e-23, 6.09457093193e-24, 4.89364695515e-24, 8.26788706455e-24, 1.29333059102e-23, 1.41961357465e-23, 1.30731457051e-23, 1.2250936494e-23, 1.11634136389e-23, 1.03660851008e-23],
        "var": [1.18856212339e-06, 4.8064262046e-06, 1.77407559931e-06, 1.30347575578e-06, 1.490568593e-06, 4.68996802283e-07, 2.94202754958e-06, 4.64738059236e-06, 5.08016591994e-06, 2.55264410498e-07, 2.30187737316e-07, 7.92862408616e-07, 9.78241772032e-08, 4.54752381529e-07, 3.54454328999e-07, 1.20277846349e-07, 1.35347493213e-08, 1.28291999246e-08, 2.44384423809e-09, 3.44247719219e-09, 1.30892227612e-10, 1.27038657372e-10, 1.19188783843e-10, 5.94773102297e-12, 3.91349973261e-12, 1.12572468708e-11, 1.76939517725e-12, 1.6933853408e-12, 7.66546013134e-15, 5.21880614082e-14, 4.59379933317e-15, 6.89661478374e-16, 1.35150300663e-15, 8.94318773293e-16, 4.3691716351e-17, 2.30701202237e-16, 5.02036303761e-18, 1.6077404986e-17, 4.15710618341e-18, 6.22128328965e-19]
    },
    "mfcc": {
        "mean": [-863.43560791, 225.043014526, 20.6496772766, -9.21639633179, -4.08399629593, -7.76717185974, -0.626767277718, -2.3419585228, -5.32645606995, 0.224849626422, -0.242496460676, -2.29322433472, -0.557294905186],
        "cov": [[9829.48632812, 4398.39160156, -3019.98022461, 37.9839439392, 215.077911377, -503.557525635, 243.974502563, 271.34387207, 45.6014938354, 247.689682007, -63.4013290405, -288.752716064, -92.2346496582], [4398.39160156, 2971.07958984, -559.061340332, -170.593429565, 120.491981506, -183.937332153, 26.2851390839, 91.07081604, 7.81835746765, 20.4273223877, -54.573841095, -79.5017089844, -22.9702224731], [-3019.98022461, -559.061340332, 2004.57592773, 139.988449097, -141.399291992, 181.76725769, -143.604309082, -96.2397460938, 5.61868906021, -144.180267334, -24.0603027344, 122.303840637, 35.3945922852], [37.9839439392, -170.593429565, 139.988449097, 447.462768555, 40.148059845, -70.3645172119, 20.0399360657, 15.9500818253, 33.9850082397, 27.2834949493, -0.950208604336, 0.431855261326, 2.25586128235], [215.077911377, 120.491981506, -141.399291992, 40.148059845, 206.187301636, 50.3439292908, -14.4911994934, -10.427901268, -17.2493877411, -3.67866301537, 4.52371883392, 17.5216255188, 20.2494602203], [-503.557525635, -183.937332153, 181.76725769, -70.3645172119, 50.3439292908, 223.94519043, 59.4252815247, -35.488368988, -22.8565635681, -34.5543136597, 4.17962026596, 53.6604881287, 34.0569953918], [243.974502563, 26.2851390839, -143.604309082, 20.0399360657, -14.4911994934, 59.4252815247, 186.932662964, 91.8857727051, 7.16054916382, 6.45386505127, -1.72797358036, 18.6467685699, 30.6636829376], [271.34387207, 91.07081604, -96.2397460938, 15.9500818253, -10.427901268, -35.488368988, 91.8857727051, 166.534255981, 83.953704834, 7.97933149338, -33.3158302307, -21.3036441803, 19.951833725], [45.6014938354, 7.81835746765, 5.61868906021, 33.9850082397, -17.2493877411, -22.8565635681, 7.16054916382, 83.953704834, 152.206665039, 78.4533309937, -27.3502960205, -43.9114723206, 3.94302105904], [247.689682007, 20.4273223877, -144.180267334, 27.2834949493, -3.67866301537, -34.5543136597, 6.45386505127, 7.97933149338, 78.4533309937, 186.385421753, 80.950553894, -71.7603912354, -46.7806625366], [-63.4013290405, -54.573841095, -24.0603027344, -0.950208604336, 4.52371883392, 4.17962026596, -1.72797358036, -33.3158302307, -27.3502960205, 80.950553894, 174.600402832, 74.3825912476, -47.2146873474], [-288.752716064, -79.5017089844, 122.303840637, 0.431855261326, 17.5216255188, 53.6604881287, 18.6467685699, -21.3036441803, -43.9114723206, -71.7603912354, 74.3825912476, 223.139755249, 92.3514556885], [-92.2346496582, -22.9702224731, 35.3945922852, 2.25586128235, 20.2494602203, 34.0569953918, 30.6636829376, 19.951833725, 3.94302105904, -46.7806625366, -47.2146873474, 92.3514556885, 174.518508911]],
