{
"lowlevel": {
    "average_loudness": 0.193797782063,
    "barkbands_crest": {
        "dmean": 1.74869513512,
        "dmean2": 2.58369421959,
        "dvar": 4.1743350029,
        "dvar2": 8.16511917114,
        "max": 26.9375591278,
        "mean": 13.5852909088,
        "median": 12.4273910522,
        "min": 3.73680996895,
        "var": 30.6732692719
    },
    "barkbands_flatness_db": {
        "dmean": 0.0195165425539,
        "dmean2": 0.0303453374654,
        "dvar": 0.000472776009701,
        "dvar2": 0.00101245334372,
        "max": 0.640855908394,
        "mean": 0.369183391333,
        "median": 0.362979114056,
        "min": 0.0609645880759,
        "var": 0.00529717141762
    },
    "barkbands_kurtosis": {
        "dmean": 5.45280313492,
        "dmean2": 7.68669080734,
        "dvar": 4437.4921875,
        "dvar2": 7785.06005859,
        "max": 5550.65039062,
        "mean": 18.4301700592,
        "median": 1.61840415001,
        "min": -1.85595738888,
        "var": 29248.4082031
    },
    "barkbands_skewness": {
        "dmean": 0.411621451378,
        "dmean2": 0.567438066006,
        "dvar": 0.862325549126,
        "dvar2": 1.38825416565,
        "max": 73.2989883423,
        "mean": 0.794508934021,
        "median": 0.654268741608,
        "min": -13.9976701736,
        "var": 13.5677213669
    },
    "barkbands_spread": {
        "dmean": 0.896635174751,
        "dmean2": 1.31007063389,
        "dvar": 2.11697363853,
        "dvar2": 4.63303613663,
        "max": 71.7384872437,
        "mean": 5.41531276703,
        "median": 4.57780313492,
        "min": 0.0569547154009,
        "var": 18.2202262878
    },
    "dissonance": {
        "dmean": 0.0464132651687,
        "dmean2": 0.0792212113738,
        "dvar": 0.00206374935806,
        "dvar2": 0.00567370979115,
        "max": 0.500000119209,
        "mean": 0.367283582687,
        "median": 0.376909643412,
        "min": 0.0663614422083,
        "var": 0.00577876996249
    },
    "dynamic_complexity": 6.51677179337,
    "erbbands_crest": {
        "dmean": 2.01858782768,
        "dmean2": 2.9465970993,
        "dvar": 6.19305467606,
        "dvar2": 12.1223831177,
        "max": 34.748249054,
        "mean": 15.050983429,
        "median": 13.4890041351,
        "min": 2.25597810745,
        "var": 45.4131660461
    },
    "erbbands_flatness_db": {
        "dmean": 0.0149460649118,
        "dmean2": 0.0222305133939,
        "dvar": 0.000308342801873,
        "dvar2": 0.000597197387833,
        "max": 0.622355759144,
        "mean": 0.40003195405,
        "median": 0.397679328918,
        "min": 0.0244559478015,
        "var": 0.00612388784066
    },
    "erbbands_kurtosis": {
        "dmean": 1.70721650124,
        "dmean2": 2.27268409729,
        "dvar": 10.2648048401,
        "dvar2": 16.9349021912,
        "max": 82.4873504639,
        "mean": 3.98566937447,
        "median": 1.09324455261,
        "min": -1.84776461124,
        "var": 56.0191001892
    },
    "erbbands_skewness": {
        "dmean": 0.313247799873,
        "dmean2": 0.430160552263,
        "dvar": 0.154921650887,
        "dvar2": 0.274194508791,
        "max": 5.65124320984,
        "mean": 0.39758554101,
        "median": 0.463208913803,
        "min": -8.54502010345,
        "var": 1.39342820644
    },
    "erbbands_spread": {
        "dmean": 1.65869092941,
        "dmean2": 2.38553452492,
        "dvar": 7.78520536423,
        "dvar2": 15.4618310928,
        "max": 176.68800354,
        "mean": 10.1042308807,
        "median": 8.89870071411,
        "min": 0.380328655243,
        "var": 106.713523865
    },
    "hfc": {
        "dmean": 3.67187905312,
        "dmean2": 4.75076961517,
        "dvar": 133.589935303,
        "dvar2": 263.951934814,
        "max": 320.532775879,
        "mean": 10.3536052704,
        "median": 4.40405082703,
        "min": 1.07572588731e-16,
        "var": 370.610290527
    },
    "melbands_crest": {
        "dmean": 2.06612324715,
        "dmean2": 3.09422111511,
        "dvar": 5.76735115051,
        "dvar2": 11.8989028931,
        "max": 39.9921722412,
        "mean": 15.2767095566,
        "median": 14.403263092,
        "min": 1.67771553993,
        "var": 33.350769043
    },
    "melbands_flatness_db": {
        "dmean": 0.0200378596783,
        "dmean2": 0.0309586264193,
        "dvar": 0.000608998059761,
        "dvar2": 0.00132627983112,
        "max": 0.734929203987,
        "mean": 0.467172831297,
        "median": 0.467630118132,
        "min": 0.00242716236971,
        "var": 0.0080215735361
    },
    "melbands_kurtosis": {
        "dmean": 7.71199560165,
        "dmean2": 11.7614889145,
        "dvar": 20054.3339844,
        "dvar2": 35603.7304688,
        "max": 11753.3613281,
        "mean": 20.6902542114,
        "median": 2.09789323807,
        "min": -1.92060828209,
        "var": 73578.1171875
    },
    "melbands_skewness": {
        "dmean": 0.415430486202,
        "dmean2": 0.583425104618,
        "dvar": 1.83294188976,
        "dvar2": 3.24547076225,
        "max": 104.393005371,
        "mean": 1.00615572929,
        "median": 0.875762760639,
        "min": -8.32646846771,
        "var": 15.6102151871
    },
    "melbands_spread": {
        "dmean": 1.65249228477,
        "dmean2": 2.42474508286,
        "dvar": 11.6514234543,
        "dvar2": 26.3784160614,
        "max": 171.460922241,
        "mean": 10.0561351776,
        "median": 7.43419075012,
        "min": 0.0793548822403,
        "var": 212.961837769
    },
    "pitch_salience": {
        "dmean": 0.0499425642192,
        "dmean2": 0.0742610245943,
        "dvar": 0.00370463263243,
        "dvar2": 0.00768240075558,
        "max": 0.833251595497,
        "mean": 0.489943474531,
        "median": 0.507739782333,
        "min": 0.0021833514329,
        "var": 0.0221582166851
    },
    "silence_rate_20dB": {
        "dmean": 0,
        "dmean2": 0,
        "dvar": 0,
        "dvar2": 0,
        "max": 1,
        "mean": 1,
        "median": 1,
        "min": 1,
        "var": 0
    },
    "silence_rate_30dB": {
        "dmean": 0.0105420360342,
        "dmean2": 0.0210859254003,
        "dvar": 0.010432173498,
        "dvar2": 0.0236320830882,
        "max": 1,
        "mean": 0.984100520611,
        "median": 1,
        "min": 0,
        "var": 0.0156489089131
    },
    "silence_rate_60dB": {
        "dmean": 0.0430466495454,
        "dmean2": 0.0861008614302,
        "dvar": 0.0411960557103,
        "dvar2": 0.0848238691688,
        "max": 1,
        "mean": 0.267480671406,
        "median": 0,
        "min": 0,
        "var": 0.1959323138
    },
    "spectral_centroid": {
        "dmean": 49.2995681763,
        "dmean2": 72.2158737183,
        "dvar": 25576.1152344,
        "dvar2": 52588.5351562,
        "max": 11846.2255859,
        "mean": 717.192871094,
        "median": 546.063781738,
        "min": 207.607177734,
        "var": 1254150.375
    },
    "spectral_complexity": {
        "dmean": 0.997803747654,
        "dmean2": 1.64874362946,
        "dvar": 1.64635324478,
        "dvar2": 3.75316810608,
        "max": 25,
        "mean": 8.13940620422,
        "median": 8,
        "min": 0,
        "var": 26.5211639404
    },
    "spectral_decrease": {
        "dmean": 1.21434418077e-09,
        "dmean2": 1.60785351699e-09,
        "dvar": 9.15040345778e-18,
        "dvar2": 1.7303749875e-17,
        "max": 2.22969243004e-28,
        "mean": -4.21498747016e-09,
        "median": -2.12258033372e-09,
        "min": -6.68963124895e-08,
        "var": 3.83563650041e-17
    },
    "spectral_energy": {
        "dmean": 0.00490876659751,
        "dmean2": 0.00648859748617,
        "dvar": 0.000153323446284,
        "dvar2": 0.000290642434265,
        "max": 0.269369453192,
        "mean": 0.0168474148959,
        "median": 0.00842343643308,
        "min": 9.84998837831e-21,
        "var": 0.000624333508313
    },
    "spectral_energyband_high": {
        "dmean": 1.25115536775e-06,
        "dmean2": 1.88288470326e-06,
        "dvar": 1.16010624718e-10,
        "dvar2": 3.01292130134e-10,
        "max": 0.000600882864092,
        "mean": 1.65398455465e-06,
        "median": 2.95337514444e-08,
        "min": 7.11540439801e-21,
        "var": 1.04563809e-10
    },
    "spectral_energyband_low": {
        "dmean": 0.000492265622597,
        "dmean2": 0.000743700249586,
        "dvar": 2.60587989942e-06,
        "dvar2": 5.57867315365e-06,
        "max": 0.048099193722,
        "mean": 0.00145411805715,
        "median": 9.90413536783e-05,
        "min": 1.16667408175e-23,
        "var": 1.36298676807e-05
    },
    "spectral_energyband_middle_high": {
        "dmean": 0.00186761165969,
        "dmean2": 0.00237528723665,
        "dvar": 5.77788996452e-05,
        "dvar2": 0.000114374575787,
        "max": 0.202042475343,
        "mean": 0.00408784020692,
        "median": 0.000823087175377,
        "min": 1.04811185019e-21,
        "var": 0.000132275017677
    },
    "spectral_energyband_middle_low": {
        "dmean": 0.00331344618462,
        "dmean2": 0.00453786924481,
        "dvar": 8.01546557341e-05,
        "dvar2": 0.000155393427121,
        "max": 0.256174772978,
        "mean": 0.0120005561039,
        "median": 0.00605895277113,
        "min": 1.76496432029e-22,
        "var": 0.00034541983041
    },
    "spectral_entropy": {
        "dmean": 0.155924543738,
        "dmean2": 0.239568337798,
        "dvar": 0.0517524331808,
        "dvar2": 0.117472171783,
        "max": 9.82024765015,
        "mean": 5.57676553726,
        "median": 5.57124328613,
        "min": 3.2397415638,
        "var": 0.599381029606
    },
    "spectral_flux": {
        "dmean": 0.0165247395635,
        "dmean2": 0.0264239646494,
        "dvar": 0.000914684904274,
        "dvar2": 0.00218547205441,
        "max": 0.482335031033,
        "mean": 0.0318890698254,
        "median": 0.0198085196316,
        "min": 6.30762872489e-11,
        "var": 0.00143744272646
    },
    "spectral_kurtosis": {
        "dmean": 36.5951919556,
        "dmean2": 62.9723587036,
        "dvar": 1621.78967285,
        "dvar2": 4374.4375,
        "max": 630.064147949,
        "mean": 117.124572754,
        "median": 102.892242432,
        "min": -1.24577176571,
        "var": 6390.59960938
    },
    "spectral_rms": {
        "dmean": 0.000467231409857,
        "dmean2": 0.000593357894104,
        "dvar": 6.32310445781e-07,
        "dvar2": 1.08846131752e-06,
        "max": 0.0162110906094,
        "mean": 0.00328838499263,
        "median": 0.0028667030856,
        "min": 3.09995887467e-12,
        "var": 5.62312334296e-06
    },
    "spectral_rolloff": {
        "dmean": 59.2631492615,
        "dmean2": 103.185180664,
        "dvar": 71043.1015625,
        "dvar2": 102476.507812,
        "max": 19810.546875,
        "mean": 950.60357666,
        "median": 689.0625,
        "min": 21.533203125,
        "var": 3590309.25
    },
    "spectral_skewness": {
        "dmean": 1.68912041187,
        "dmean2": 2.9467830658,
        "dvar": 2.29624414444,
        "dvar2": 6.28391599655,
        "max": 20.3810119629,
        "mean": 7.41827011108,
        "median": 7.08873510361,
        "min": -0.0994769483805,
        "var": 11.858587265
    },
    "spectral_spread": {
        "dmean": 289105.0625,
        "dmean2": 508376.28125,
        "dvar": 294868647936,
        "dvar2": 642388656128,
        "max": 50562552,
        "mean": 1433020.375,
        "median": 884164.9375,
        "min": 150083.515625,
        "var": 1.76903264666e+13
    },
    "spectral_strongpeak": {
        "dmean": 0.48789575696,
        "dmean2": 0.687368452549,
        "dvar": 1.05385482311,
        "dvar2": 1.92575538158,
        "max": 20.8607769012,
        "mean": 1.57053387165,
        "median": 0.878258228302,
        "min": 0,
        "var": 3.78142166138
    },
    "zerocrossingrate": {
        "dmean": 0.00232069776393,
        "dmean2": 0.0027472791262,
        "dvar": 2.80482217931e-05,
        "dvar2": 2.42131463892e-05,
        "max": 0.52880859375,
        "mean": 0.0332182645798,
        "median": 0.02587890625,
        "min": 0,
        "var": 0.00252046063542
    },
    "barkbands": {
        "dmean": [9.76051524049e-06, 0.000161785806995, 0.00025636414648, 0.000270586227998, 0.000440937816165, 0.000478293251945, 0.000605092209298, 0.00117336760741, 0.00118287012447, 0.000366521766409, 0.000694740971085, 0.000458616181277, 0.000338434794685, 0.000191212355276, 4.63386859337e-05, 3.69724220945e-05, 1.22489036585e-05, 9.04567059479e-06, 7.10945732862e-06, 1.6713788682e-06, 7.08548213879e-07, 1.15291278746e-07, 4.8330228708e-08, 2.80799135055e-08, 3.99510380333e-09, 1.5920313956e-09, 7.05573821591e-10],
        "dmean2": [1.2955199054e-05, 0.00023847486591, 0.000404366553994, 0.000413381319959, 0.000652506307233, 0.00070600269828, 0.000925056519918, 0.00151690887287, 0.00167461484671, 0.000528316362761, 0.000798123946879, 0.000626063381787, 0.00050162919797, 0.000253558013355, 6.09856215306e-05, 4.94740488648e-05, 1.71223146026e-05, 1.26498634927e-05, 1.03484653664e-05, 2.45261435339e-06, 1.08634151275e-06, 1.79003833978e-07, 8.0765914845e-08, 4.43638015213e-08, 6.96501745168e-09, 2.82806289498e-09, 1.28550758927e-09],
        "dvar": [1.76289238762e-09, 5.43824398846e-07, 8.83765494564e-07, 5.89219496305e-07, 9.1931372026e-07, 1.35437562676e-06, 3.34911510436e-06, 2.91028300126e-05, 3.34407122864e-05, 3.00996816804e-06, 1.15977336463e-05, 1.17789022624e-05, 1.82502062671e-05, 6.06653793511e-06, 1.04490844421e-07, 9.61809121236e-08, 6.59849641593e-09, 5.37512301335e-09, 1.49114143255e-09, 1.50729720372e-10, 3.04396542694e-11, 1.11105818556e-12, 1.35888858759e-12, 7.18611503853e-14, 1.68226069044e-15, 2.47328247233e-16, 2.23974846601e-18],
        "dvar2": [2.72061551065e-09, 1.08961262413e-06, 1.99106330001e-06, 1.36309085974e-06, 2.00791942007e-06, 2.55196050603e-06, 9.10186736292e-06, 4.7945719416e-05, 7.00177333783e-05, 6.25508118901e-06, 1.61485040735e-05, 2.39273140323e-05, 4.25636935688e-05, 1.01205505416e-05, 1.4552324501e-07, 1.32216541715e-07, 1.43754705917e-08, 1.11834088656e-08, 3.21274784554e-09, 3.55092594218e-10, 7.74395825243e-11, 2.64620552033e-12, 3.94452309357e-12, 1.70097605705e-13, 4.59900138602e-15, 6.99207327931e-16, 7.01892197381e-18],
        "max": [0.00128989864606, 0.0285514332354, 0.031820025295, 0.0272498317063, 0.0289993733168, 0.030339229852, 0.0487501323223, 0.254833757877, 0.16882096231, 0.0685333460569, 0.107141792774, 0.100930169225, 0.193846404552, 0.10919496417, 0.0222581941634, 0.0236530415714, 0.00402169860899, 0.00344878900796, 0.00146715040319, 0.000513892038725, 0.000210631347727, 5.53049394512e-05, 8.92757088877e-05, 1.05838234958e-05, 1.74584113211e-06, 7.36877950658e-07, 2.5510212609e-08],
        "mean": [1.48584458657e-05, 0.000387629959732, 0.000527510419488, 0.000895446748473, 0.00165864592418, 0.00152561219875, 0.00183552736416, 0.00356572051533, 0.00216321088374, 0.000760898925364, 0.00149405829143, 0.000811432139017, 0.000590947340243, 0.000387347041396, 0.000112148896733, 6.76966956235e-05, 2.07933335332e-05, 1.39333751576e-05, 1.05338313006e-05, 2.46733520726e-06, 8.03361615453e-07, 1.39385903708e-07, 4.73457504313e-08, 2.88977854979e-08, 3.38666517052e-09, 1.46653988953e-09, 7.14495018705e-10],
        "median": [1.23058589452e-06, 1.25720962387e-05, 2.57935244008e-05, 5.4740212363e-05, 0.000597198144533, 0.000494337291457, 0.000427224760642, 0.000534936902113, 0.000196261040401, 0.00011844043911, 9.86403028946e-05, 7.424508658e-05, 2.56755010923e-05, 2.01111542992e-05, 9.52408117882e-06, 2.57321607933e-06, 1.37161771363e-06, 4.9239395139e-07, 3.595250746e-07, 5.43249640828e-08, 1.08066950943e-08, 1.90526971977e-09, 8.48472903048e-10, 5.9927174334e-10, 3.73514441598e-10, 3.34239275146e-10, 2.77888850819e-10],
        "min": [3.44181245543e-25, 3.49988395793e-24, 3.60192065083e-25, 7.16936512187e-25, 5.96226712522e-24, 8.04865394152e-24, 8.92324115017e-24, 4.97883328329e-24, 8.3135613221e-24, 1.27311121827e-23, 1.31688779203e-23, 2.07636757284e-23, 2.95150919293e-23, 2.97172832902e-23, 4.27690816304e-23, 5.63737357811e-23, 5.41673296945e-23, 8.11351392738e-23, 1.10483781552e-22, 1.69970961999e-22, 1.70150721312e-22, 3.21455593463e-22, 2.66907843485e-22, 5.17731103414e-22, 8.28976236678e-22, 1.27386541347e-21, 1.70492041862e-21],
        "var": [4.36976721474e-09, 2.85665760202e-06, 2.85640589937e-06, 4.72786314276e-06, 6.68984239383e-06, 6.58542194287e-06, 1.4353457118e-05, 0.000162575975992, 6.62774327793e-05, 6.50870197205e-06, 3.84430131817e-05, 2.05999767786e-05, 3.10055474984e-05, 1.55599373102e-05, 3.44349444958e-07, 2.83780536847e-07, 9.50279055445e-09, 8.00869237594e-09, 2.11559036956e-09, 2.05803291076e-10, 2.66548606104e-11, 1.11563135032e-12, 7.68490035063e-13, 6.91588239042e-14, 1.16251905055e-15, 1.56336910779e-16, 1.9061324629e-18]
    },
    "erbbands": {
        "dmean": [0.00210937438533, 0.0458605699241, 0.236822217703, 0.673967778683, 0.906352460384, 1.48584342003, 4.47769165039, 2.82850122452, 8.44692993164, 13.6654815674, 29.9705638885, 23.3874931335, 12.7360305786, 19.8658218384, 20.8021450043, 15.7714948654, 16.6065063477, 12.4228963852, 3.37603187561, 2.12553834915, 1.80361282825, 0.838687300682, 0.664997935295, 0.386539399624, 0.185846865177, 0.0540272556245, 0.0292797870934, 0.0286465827376, 0.00625864556059, 0.00225275964476, 0.00101922044996, 0.000785004056524, 0.000326813169522, 7.04521735315e-05, 2.51196343015e-05, 1.13158075692e-05, 3.48943171957e-06, 8.58947942106e-07, 2.50286370829e-06, 5.68687437408e-06],
        "dmean2": [0.00302406516857, 0.0683611854911, 0.375421702862, 1.02513611317, 1.3711206913, 2.22635388374, 6.61790800095, 4.22922563553, 13.8387775421, 17.6839160919, 39.8775672913, 32.5547180176, 18.1792106628, 23.5553798676, 25.0553398132, 21.9741573334, 23.9756240845, 16.6714611053, 4.59061193466, 2.77065944672, 2.36770319939, 1.13835978508, 0.918747544289, 0.560521841049, 0.264646023512, 0.0789676755667, 0.0451831631362, 0.0433862246573, 0.0094125084579, 0.00373105774634, 0.00161666714121, 0.00124410854187, 0.000530015793629, 0.000118227595522, 4.20678406954e-05, 1.86610959645e-05, 5.38630865776e-06, 1.30135322252e-06, 3.27760881191e-06, 7.49829541746e-06],
        "dvar": [6.16674442426e-05, 0.0450386963785, 0.853824734688, 3.71071648598, 6.45198106766, 11.1205253601, 123.572090149, 53.3451309204, 756.803894043, 3672.65673828, 14412.7871094, 13684.0400391, 4255.70751953, 10169.015625, 14897.7089844, 14409.3134766, 34222.7148438, 19239.1230469, 609.50604248, 163.880111694, 293.321075439, 32.1311531067, 27.7929229736, 4.44103336334, 0.926832795143, 0.127388775349, 0.067868731916, 0.0477293841541, 0.00207852059975, 0.00295521947555, 0.000126133745653, 5.47689342056e-05, 1.29870149976e-05, 5.1350701824e-07, 5.75052325757e-08, 1.83005646193e-08, 5.06629738162e-10, 1.25990060398e-11, 4.2669392325e-11, 2.12410297684e-10],
        "dvar2": [0.000122811252368, 0.0919173583388, 1.97053790092, 8.51214027405, 15.255194664, 24.7582168579, 249.499786377, 110.077140808, 2375.85546875, 7195.75537109, 26052.4921875, 26951.8828125, 8806.33398438, 13526.8955078, 23401.40625, 33885.6992188, 80547.9296875, 33791.8828125, 1028.3885498, 215.114959717, 435.403411865, 67.8400497437, 58.0036354065, 9.6927318573, 1.94876611233, 0.302025288343, 0.180078014731, 0.116435229778, 0.00489873299375, 0.00857748836279, 0.00033836934017, 0.000126602040837, 3.33711177518e-05, 1.3443525404e-06, 1.55961217274e-07, 5.09549735739e-08, 1.37989908389e-09, 3.24235881199e-11, 8.09371389354e-11, 4.03766492463e-10],
        "max": [0.318917930126, 7.76503610611, 26.2464179993, 60.0586128235, 78.1347808838, 91.4602737427, 291.566772461, 206.018341064, 728.288269043, 2395.55029297, 4635.04785156, 4848.48779297, 2799.55444336, 4090.07666016, 4750.37207031, 3892.31982422, 8117.13183594, 5689.78613281, 1036.75683594, 856.006103516, 1198.69592285, 273.328155518, 246.719390869, 106.451820374, 36.3970909119, 14.4575090408, 15.2830791473, 8.7247543335, 1.81040835381, 4.19285011292, 0.648365437984, 0.318419754505, 0.15669323504, 0.0253159701824, 0.0120406895876, 0.00787045340985, 0.00120345922187, 0.000197310495423, 0.00015623557556, 0.000329292495735],
        "mean": [0.00450641475618, 0.11058653146, 0.535590469837, 2.13616108894, 2.83125138283, 5.7503490448, 14.2684116364, 9.76536846161, 23.1004886627, 47.097240448, 72.6346817017, 48.8644104004, 30.0983371735, 39.3037033081, 47.9049758911, 28.6056270599, 30.1262187958, 24.7080516815, 7.99679660797, 5.13726615906, 3.34217834473, 1.42286837101, 1.05639159679, 0.600218057632, 0.286723673344, 0.0835680291057, 0.0387533418834, 0.0318562351167, 0.0081080077216, 0.00241143535823, 0.00109471625183, 0.000812506477814, 0.000338858255418, 7.61752235121e-05, 3.12228294206e-05, 1.75023142219e-05, 7.82433835411e-06, 1.93031155504e-06, 8.43269117468e-06, 1.92715306184e-05],
        "median": [0.000307086447719, 0.00376029242761, 0.0311617180705, 0.169932276011, 0.527737379074, 1.77304315567, 5.87442684174, 3.06253862381, 6.2383556366, 9.98062992096, 13.5054206848, 6.10542106628, 5.08128213882, 6.41076660156, 3.30768322945, 2.92800760269, 1.81296312809, 1.28071773052, 1.05232095718, 0.69345498085, 0.26226824522, 0.115604117513, 0.0552500486374, 0.0300046764314, 0.0121182398871, 0.00285911513492, 0.000727222301066, 0.000373614690034, 0.000119929332868, 5.10346762894e-05, 3.08541239065e-05, 2.15596410271e-05, 1.56678433996e-05, 1.11802946776e-05, 8.62604247232e-06, 6.18672765995e-06, 3.50470577359e-06, 8.37724314806e-07, 4.15146359956e-06, 9.54981987888e-06],
        "min": [5.17867304983e-23, 8.03119521907e-22, 1.55311540865e-21, 2.69114023642e-21, 1.03603935514e-20, 1.44668832348e-20, 3.59221404824e-20, 8.19542181207e-20, 9.58627043589e-20, 1.88111779739e-19, 1.91434189443e-19, 2.0217244136e-19, 4.65933002969e-19, 7.04252577938e-19, 1.06233916851e-18, 8.93149920765e-19, 1.40537189911e-18, 2.18004815286e-18, 1.68686373631e-18, 3.38412699408e-18, 3.50492472843e-18, 3.95892528917e-18, 5.77784623893e-18, 6.28053713206e-18, 6.17561754317e-18, 8.23257460344e-18, 8.85980746396e-18, 9.053696118e-18, 9.68268425579e-18, 1.03134045098e-17, 7.9998258314e-18, 1.02305913228e-17, 1.00607926497e-17, 6.43753187642e-18, 6.63610692222e-18, 3.96867692141e-18, 2.4049676604e-18, 1.01220447537e-18, 2.42349211173e-19, 2.62415084488e-20],
        "var": [0.000275534868706, 0.22746142745, 2.86881780624, 25.6103363037, 28.7503986359, 93.4102020264, 508.944915771, 275.425140381, 1999.93530273, 15486.625, 56642.5117188, 37277.46875, 9937.33984375, 27685.5625, 54334.6289062, 21358.4746094, 57324.9257812, 47086.9921875, 1634.33972168, 555.909545898, 795.252441406, 48.1968841553, 41.2142715454, 6.36838912964, 1.39123630524, 0.173177018762, 0.0577146112919, 0.0462475195527, 0.00237376918085, 0.00167376047466, 9.6464966191e-05, 5.43730384379e-05, 1.07117621155e-05, 4.12759249002e-07, 4.15095300355e-08, 1.2278651873e-08, 4.55409709943e-10, 1.72150158712e-11, 1.63699012679e-10, 8.36472502375e-10]
    },
    "gfcc": {
        "mean": [-262.469818115, 232.994186401, -129.04498291, -58.3844490051, -32.927947998, -31.8402729034, -23.1882266998, -15.2751302719, -12.429766655, -12.4540395737, -5.46476650238, -13.5833187103, -3.93295860291],
        "cov": [[29243.9101562, 4424.29199219, -6223.31396484, -131.371963501, 558.860168457, -1378.69213867, 94.3138046265, -728.25769043, -39.0079612732, -531.710998535, -47.6593284607, -551.857971191, 43.7786598206], [4424.29199219, 1791.15344238, -564.328674316, -575.706115723, 66.7223587036, -300.593200684, -171.499023438, -132.017181396, -48.1715774536, -101.776725769, -46.9803123474, -151.292205811, -36.025642395], [-6223.31396484, -564.328674316, 1958.4543457, 22.586856842, -279.15625, 332.835174561, -33.9273262024, 197.04385376, 16.6919612885, 105.122581482, -38.191696167, 53.4019355774, -107.264846802], [-131.371963501, -575.706115723, 22.586856842, 997.668701172, 175.326950073, 115.974708557, 185.129562378, -10.8522863388, -48.1458320618, -18.0116176605, -50.7897033691, 19.2177410126, -12.2619037628], [558.860168457, 66.7223587036, -279.15625, 175.326950073, 345.568908691, 10.3644218445, -0.323702812195, -30.5395298004, -17.6821937561, -16.5855197906, -7.93176984787, -11.9825944901, 19.7519397736], [-1378.69213867, -300.593200684, 332.835174561, 115.974708557, 10.3644218445, 326.182342529, 93.9319610596, 26.2367763519, -8.78984737396, 10.6731643677, 13.7363529205, 51.3602523804, -10.7250776291], [94.3138046265, -171.499023438, -33.9273262024, 185.129562378, -0.323702812195, 93.9319610596, 195.278930664, 47.2350502014, -15.3558006287, -3.99262189865, 13.2264108658, 20.0108013153, -14.879114151], [-728.25769043, -132.017181396, 197.04385376, -10.8522863388, -30.5395298004, 26.2367763519, 47.2350502014, 133.667098999, 44.8106575012, 8.57863712311, 1.25816643238, 4.86600923538, -5.69752311707], [-39.0079612732, -48.1715774536, 16.6919612885, -48.1458320618, -17.6821937561, -8.78984737396, -15.3558006287, 44.8106575012, 122.235908508, 48.3919487, -20.4017868042, -30.2511081696, -0.257351875305], [-531.710998535, -101.776725769, 105.122581482, -18.0116176605, -16.5855197906, 10.6731643677, -3.99262189865, 8.57863712311, 48.3919487, 121.011192322, 32.6872291565, -30.2004547119, -32.3820724487], [-47.6593284607, -46.9803123474, -38.191696167, -50.7897033691, -7.93176984787, 13.7363529205, 13.2264108658, 1.25816643238, -20.4017868042, 32.6872291565, 104.258125305, 44.3698806763, -11.1491174698], [-551.857971191, -151.292205811, 53.4019355774, 19.2177410126, -11.9825944901, 51.3602523804, 20.0108013153, 4.86600923538, -30.2511081696, -30.2004547119, 44.3698806763, 151.276641846, 65.6986312866], [43.7786598206, -36.025642395, -107.264846802, -12.2619037628, 19.7519397736, -10.7250776291, -14.879114151, -5.69752311707, -0.257351875305, -32.3820724487, -11.1491174698, 65.6986312866, 122.356781006]],
        "icov": [[0.000366740423487, -0.00074598880019, 0.000957058276981, -0.000514484476298, 0.000590971962083, 2.7317830245e-05, -0.000298041442875, 0.00028353498783, -0.000868735602126, 0.000800913025159, -0.000572819029912, 0.000434957066318, 0.000244940747507], [-0.00074598880019, 0.00260835769586, -0.00197472912259, 0.00177085003816, -0.00167463708203, 0.000598635117058, 0.00030261426582, 0.000350442045601, 0.00188206380699, -0.000559065723792, 0.0012938081054, -9.01724633877e-05, -0.000120566830446], [0.000957058276981, -0.00197472912259, 0.00406277691945, -0.0016202009283, 0.002642019419, -0.00157259928528, 0.00148385798093, -0.00226727174595, -0.000263420544798, -0.000159668619744, 0.000913690309972, -0.00042345726979, 0.0022537810728], [-0.000514484476298, 0.00177085003816, -0.0016202009283, 0.00277994433418, -0.00209189183079, 0.000650962989312, -0.00166700489353, 0.00111463991925, 0.00142941682134, -0.000657731667161, 0.00202805572189, -0.000589190225583, 0.000137737457408], [0.000590971962083, -0.00167463708203, 0.002642019419, -0.00209189183079, 0.00536636915058, -0.001648230711, 0.0018367926823, -0.00157976290211, -8.59886931721e-05, -2.80163476418e-05, -0.000380605139071, 0.000624533684459, 0.000163416567375], [2.7317830245e-05, 0.000598635117058, -0.00157259928528, 0.000650962989312, -0.001648230711, 0.00600080052391, -0.00416616071016, 0.00355984317139, -0.00197587138973, 0.00205524940975, -0.00147840229329, 1.89311176655e-05, -0.00030080776196], [-0.000298041442875, 0.00030261426582, 0.00148385798093, -0.00166700489353, 0.0018367926823, -0.00416616071016, 0.0117956483737, -0.0077576553449, 0.00463697174564, -0.00343343685381, 0.00218193023466, -0.00221396028064, 0.00222965911962], [0.00028353498783, 0.000350442045601, -0.00226727174595, 0.00111463991925, -0.00157976290211, 0.00355984317139, -0.0077576553449, 0.0169465523213, -0.009103147313, 0.00706873554736, -0.00531786354259, 0.00310693844222, -0.00176257512067], [-0.000868735602126, 0.00188206380699, -0.000263420544798, 0.00142941682134, -8.59886931721e-05, -0.00197587138973, 0.00463697174564, -0.009103147313, 0.0183646045625, -0.0111120576039, 0.00873971544206, -0.00202920357697, -0.000258321117144], [0.000800913025159, -0.000559065723792, -0.000159668619744, -0.000657731667161, -2.80163476418e-05, 0.00205524940975, -0.00343343685381, 0.00706873554736, -0.0111120576039, 0.0199377033859, -0.011802685447, 0.00740531552583, -0.000359242781997], [-0.000572819029912, 0.0012938081054, 0.000913690309972, 0.00202805572189, -0.000380605139071, -0.00147840229329, 0.00218193023466, -0.00531786354259, 0.00873971544206, -0.011802685447, 0.0218175183982, -0.0107104098424, 0.0061733359471], [0.000434957066318, -9.01724633877e-05, -0.00042345726979, -0.000589190225583, 0.000624533684459, 1.89311176655e-05, -0.00221396028064, 0.00310693844222, -0.00202920357697, 0.00740531552583, -0.0107104098424, 0.0165868289769, -0.00876270234585], [0.000244940747507, -0.000120566830446, 0.0022537810728, 0.000137737457408, 0.000163416567375, -0.00030080776196, 0.00222965911962, -0.00176257512067, -0.000258321117144, -0.000359242781997, 0.0061733359471, -0.00876270234585, 0.0153475599363]]
    },
    "melbands": {
        "dmean": [3.05249850499e-05, 0.000103156089608, 0.000114648901217, 7.63284333516e-05, 0.000134323709062, 7.59660470067e-05, 0.000125095131807, 0.00018537962751, 0.000268543284619, 0.000139175652293, 6.15761819063e-05, 7.60865877965e-05, 6.96823044564e-05, 4.93549341627e-05, 4.67906465929e-05, 3.64364786947e-05, 2.275613042e-05, 5.67127108297e-06, 4.79267009723e-06, 2.45999467552e-06, 1.83762813322e-06, 8.94202401014e-07, 5.2821724239e-07, 4.33231235775e-07, 3.43638816958e-07, 2.12657354837e-07, 8.70976251122e-08, 2.20543885376e-08, 1.95245988266e-08, 2.23666702936e-08, 1.38220146439e-08, 3.01358116239e-09, 1.83219384109e-09, 1.29384436498e-09, 6.41175612603e-10, 3.72272573879e-10, 4.8696596755e-10, 2.12581244274e-10, 1.32681865495e-10, 4.63695748465e-11],
        "dmean2": [4.36594164057e-05, 0.000160289942869, 0.00017420243239, 0.000115384296805, 0.00019717378018, 0.000114997194032, 0.000198577545234, 0.000236065607169, 0.000366399413906, 0.000193639294594, 8.95527045941e-05, 9.17839861359e-05, 8.07274336694e-05, 6.32370793028e-05, 6.91122695571e-05, 5.25880132045e-05, 3.0269020499e-05, 7.85945303505e-06, 6.18236981609e-06, 3.38766062669e-06, 2.39865153162e-06, 1.2337438875e-06, 7.36727031381e-07, 6.02852765041e-07, 5.04585955241e-07, 3.04721964994e-07, 1.27095034941e-07, 3.36789298672e-08, 3.04266478679e-08, 3.5266392473e-08, 2.04981311924e-08, 4.68937200182e-09, 2.81306000716e-09, 2.23795892929e-09, 9.94073601213e-10, 6.09536698892e-10, 7.61617824363e-10, 3.5008107524e-10, 2.18981083266e-10, 8.16494302724e-11],
        "dvar": [1.67215468139e-08, 1.67480848745e-07, 9.58838981546e-08, 3.83225078338e-08, 9.9186642899e-08, 3.42442803003e-08, 1.55235355237e-07, 7.87520889389e-07, 1.28506655983e-06, 5.34492073712e-07, 1.03574159027e-07, 1.40981995855e-07, 1.21118034713e-07, 1.185867049e-07, 2.40551997877e-07, 3.14346408459e-07, 8.82310828842e-08, 2.27763297111e-09, 1.26655463895e-09, 3.5652000796e-10, 4.43316772181e-10, 4.09531054901e-11, 1.24819781247e-11, 1.08548231167e-11, 4.37303231821e-12, 1.9653994144e-12, 3.98152485374e-13, 4.13269712776e-14, 5.94120428852e-14, 6.22603842939e-14, 1.24079992971e-14, 8.56909563178e-16, 1.81029165271e-16, 2.1297724428e-15, 3.14475010651e-17, 1.32431136305e-17, 2.20373455242e-17, 5.04799541956e-18, 2.49594966957e-18, 2.6115555014e-19],
        "dvar2": [3.16962420754e-08, 3.6868539155e-07, 2.23562210522e-07, 8.545764274e-08, 2.05941631748e-07, 7.57434293064e-08, 4.62229422737e-07, 1.44352100051e-06, 2.57411124949e-06, 1.02646936284e-06, 2.15477228949e-07, 1.90859353211e-07, 1.81517705755e-07, 1.71364902712e-07, 6.11101484083e-07, 7.17219052149e-07, 1.48327401917e-07, 3.87703913418e-09, 1.68646685506e-09, 4.22607449035e-10, 6.82513823236e-10, 8.65015697959e-11, 2.67873345033e-11, 2.23893126261e-11, 9.5784343998e-12, 4.13895046708e-12, 8.77341168465e-13, 1.10854305336e-13, 1.62507336689e-13, 1.63110925591e-13, 2.9468225413e-14, 2.06327993292e-15, 4.22030989596e-16, 6.21415515006e-15, 7.36825490487e-17, 3.46266076221e-17, 5.09358928405e-17, 1.31871176389e-17, 6.42891596316e-18, 6.99909672927e-19],
        "max": [0.00549086742103, 0.0126767242327, 0.0092631066218, 0.00770004047081, 0.00816818233579, 0.00492960400879, 0.0101511850953, 0.0338221043348, 0.0327358841896, 0.0331310592592, 0.0138486633077, 0.0150881446898, 0.0124964118004, 0.0134122949094, 0.0180120840669, 0.0266074482352, 0.0130805866793, 0.0020609148778, 0.00250252289698, 0.00199962663464, 0.00159100990277, 0.000308252172545, 0.000154670095071, 0.000152646447532, 0.000110744171252, 6.19058773736e-05, 2.10353391594e-05, 1.4071674741e-05, 1.75542063516e-05, 1.10641713036e-05, 5.1542606343e-06, 1.61379352903e-06, 5.7674776599e-07, 3.5944492538e-06, 1.83197983006e-07, 1.74955260945e-07, 1.94372702822e-07, 9.99652769451e-08, 6.60471926039e-08, 2.11219983726e-08],
        "mean": [7.30826213839e-05, 0.000241950619966, 0.000380428915378, 0.000276739330729, 0.000464029959403, 0.000253235280979, 0.000359366415069, 0.000635445641819, 0.000561837863643, 0.000298318307614, 0.000140983902384, 0.000146546401083, 0.000156122172484, 9.75149232545e-05, 7.8334378486e-05, 6.59902798361e-05, 4.49519066024e-05, 1.27024586618e-05, 1.13151763799e-05, 4.91618266096e-06, 3.21622019328e-06, 1.47240189108e-06, 8.47808621529e-07, 6.8338630399e-07, 5.08056928084e-07, 3.06762473201e-07, 1.27261856164e-07, 3.32294902705e-08, 2.68076618681e-08, 2.21702620706e-08, 1.59060338234e-08, 3.60000251831e-09, 2.37708785988e-09, 1.16952936224e-09, 6.92599089192e-10, 3.78498982156e-10, 4.90221807592e-10, 2.12563966429e-10, 1.25724999855e-10, 3.92679465333e-11],
        "median": [3.08190578835e-06, 1.10070204755e-05, 3.76839561795e-05, 8.28754564282e-05, 0.000198872585315, 7.85444353824e-05, 8.60197033035e-05, 0.000111150446173, 0.000101314180938, 2.39863402385e-05, 1.91609797184e-05, 2.21526061068e-05, 1.09819338832e-05, 7.19036734154e-06, 4.56559382656e-06, 1.72827878941e-06, 2.01590319193e-06, 1.26647728393e-06, 8.80141556081e-07, 3.15272444595e-07, 1.68892597685e-07, 8.62412861125e-08, 4.90943641296e-08, 2.96989561832e-08, 1.57232271647e-08, 6.54662146715e-09, 2.24063922971e-09, 8.3483669977e-10, 3.14976600357e-10, 2.05886419025e-10, 1.4324785802e-10, 4.0577315813e-11, 3.36499647591e-11, 1.72710890728e-11, 1.38438756986e-11, 9.27973583392e-12, 8.06884160182e-12, 6.14400717802e-12, 4.51446952737e-12, 3.33965515832e-12],
        "min": [8.95087435604e-25, 1.5992945924e-24, 7.22744549906e-25, 6.74808036494e-25, 1.31979279203e-24, 1.61771232517e-24, 1.50662897541e-24, 1.77679776241e-24, 1.85198961731e-24, 9.83478708388e-25, 2.17624418708e-24, 2.79945495183e-24, 2.30668766257e-24, 2.48662367961e-24, 1.53437538281e-24, 2.94634538833e-24, 3.25634248054e-24, 2.5308917926e-24, 3.56268320244e-24, 3.59282478877e-24, 2.89541416171e-24, 3.7585364604e-24, 5.07744878505e-24, 3.59523712542e-24, 3.95163974923e-24, 4.42261416434e-24, 4.0893997124e-24, 4.21761840292e-24, 4.66100319673e-24, 4.01038543198e-24, 5.43471008396e-24, 4.52140597651e-24, 3.88035946113e-24, 5.15418562404e-24, 4.20741448711e-24, 4.84454825241e-24, 5.99469483045e-24, 5.74347931417e-24, 5.6778571309e-24, 4.51515819814e-24],
        "var": [9.215143848e-08, 6.64607682666e-07, 6.70677252401e-07, 2.27870003755e-07, 4.88199987103e-07, 1.73517364033e-07, 5.17792329902e-07, 3.73726948055e-06, 3.23830818161e-06, 1.61450236646e-06, 2.34716324599e-07, 3.79424989205e-07, 4.40575945504e-07, 2.87928116904e-07, 3.20909606444e-07, 5.62029981666e-07, 2.23736648763e-07, 6.00141092377e-09, 4.20171453186e-09, 1.195603061e-09, 1.14428189146e-09, 6.00442889853e-11, 1.79347248858e-11, 1.65611725722e-11, 6.07874731454e-12, 2.7056761779e-12, 6.4065425057e-13, 3.62038856197e-14, 4.62415987391e-14, 4.81259624437e-14, 1.29259387685e-14, 8.30043319217e-16, 2.33373670595e-16, 1.1710609543e-15, 3.26485970931e-17, 1.12306626095e-17, 2.20624024793e-17, 4.06884311692e-18, 2.01146895082e-18, 1.96272536867e-19]
    },
    "mfcc": {
        "mean": [-853.009399414, 223.818984985, -0.48497480154, -24.9769191742, -8.69763851166, -13.6204872131, -11.2941198349, -9.30457782745, -8.54316520691, -5.40770244598, -3.10754466057, -5.23848676682, -4.09306192398],
        "cov": [[9675.71289062, 4478.71582031, -2860.09448242, 183.309829712, 502.406707764, -307.078491211, 28.9486541748, 7.87543535233, -59.3826446533, -82.6568145752, -5.05011034012, -116.209991455, -319.198791504], [4478.71582031, 2847.37792969, -883.071533203, -307.716491699, 156.018356323, -211.279693604, -146.232757568, -74.4681243896, -82.6873245239, -52.0794677734, -6.21830320358, -72.1625442505, -130.645477295], [-2860.09448242, -883.071533203, 1358.40820312, -145.240325928, -289.705505371, 80.6448516846, -67.8013839722, -44.2653961182, 12.9529447556, 41.5797424316, 20.5429573059, 48.8723526001, 91.5581054688], [183.309829712, -307.716491699, -145.240325928, 491.196594238, 160.265655518, 29.7706317902, 129.118270874, 63.6662254333, 52.9834442139, 35.4373207092, 23.3628292084, 3.64180898666, -51.2750854492], [502.406707764, 156.018356323, -289.705505371, 160.265655518, 322.762481689, 62.1317100525, 11.913479805, 36.059513092, 11.9041748047, 4.49912881851, -21.0781917572, -51.5844078064, -36.5306472778], [-307.078491211, -211.279693604, 80.6448516846, 29.7706317902, 62.1317100525, 176.932327271, 74.8944778442, 10.6581525803, 32.8149833679, 14.784828186, -22.7599716187, -1.69434249401, 33.8057098389], [28.9486541748, -146.232757568, -67.8013839722, 129.118270874, 11.913479805, 74.8944778442, 180.351242065, 87.5922622681, 15.1709337234, -2.36050987244, -7.82951021194, 17.4402656555, 29.9940834045], [7.87543535233, -74.4681243896, -44.2653961182, 63.6662254333, 36.059513092, 10.6581525803, 87.5922622681, 149.60836792, 53.8425216675, -37.2738609314, -23.3807659149, 2.81398630142, 19.1552219391], [-59.3826446533, -82.6873245239, 12.9529447556, 52.9834442139, 11.9041748047, 32.8149833679, 15.1709337234, 53.8425216675, 120.069755554, 42.4968261719, -24.553981781, -4.61945295334, 9.92667961121], [-82.6568145752, -52.0794677734, 41.5797424316, 35.4373207092, 4.49912881851, 14.784828186, -2.36050987244, -37.2738609314, 42.4968261719, 139.815917969, 63.3586425781, -35.6509780884, -28.5186519623], [-5.05011034012, -6.21830320358, 20.5429573059, 23.3628292084, -21.0781917572, -22.7599716187, -7.82951021194, -23.3807659149, -24.553981781, 63.3586425781, 129.328475952, 38.8217315674, -44.9629364014], [-116.209991455, -72.1625442505, 48.8723526001, 3.64180898666, -51.5844078064, -1.69434249401, 17.4402656555, 2.81398630142, -4.61945295334, -35.6509780884, 38.8217315674, 156.303146362, 77.7255554199], [-319.198791504, -130.645477295, 91.5581054688, -51.2750854492, -36.5306472778, 33.8057098389, 29.9940834045, 19.1552219391, 9.92667961121, -28.5186519623, -44.9629364014, 77.7255554199, 175.837982178]],
