{
"lowlevel": {
    "average_loudness": 0.52529835701,
    "barkbands_crest": {
        "dmean": 1.56525850296,
        "dmean2": 2.33389091492,
        "dvar": 3.2457048893,
        "dvar2": 7.2872595787,
        "max": 25.8292541504,
        "mean": 12.2057962418,
        "median": 11.5795030594,
        "min": 4.04152822495,
        "var": 18.6691379547
    },
    "barkbands_flatness_db": {
        "dmean": 0.018310111016,
        "dmean2": 0.03045216389,
        "dvar": 0.000345452717738,
        "dvar2": 0.000882620515767,
        "max": 0.572018742561,
        "mean": 0.354938209057,
        "median": 0.356481134892,
        "min": 0.0553482025862,
        "var": 0.00470459833741
    },
    "barkbands_kurtosis": {
        "dmean": 1.35515773296,
        "dmean2": 2.04105329514,
        "dvar": 5.68567037582,
        "dvar2": 14.6852636337,
        "max": 62.9548797607,
        "mean": 3.27142930031,
        "median": 1.87773323059,
        "min": -1.89000689983,
        "var": 23.0184001923
    },
    "barkbands_skewness": {
        "dmean": 0.301424533129,
        "dmean2": 0.438240349293,
        "dvar": 0.15517860651,
        "dvar2": 0.340444684029,
        "max": 4.88505363464,
        "mean": 0.753455877304,
        "median": 0.786588013172,
        "min": -5.24518728256,
        "var": 1.22941160202
    },
    "barkbands_spread": {
        "dmean": 0.866226196289,
        "dmean2": 1.30005979538,
        "dvar": 3.90852236748,
        "dvar2": 9.52524662018,
        "max": 110.545181274,
        "mean": 5.83971309662,
        "median": 4.63715553284,
        "min": 0.58761382103,
        "var": 33.9130897522
    },
    "dissonance": {
        "dmean": 0.0394849702716,
        "dmean2": 0.0669834688306,
        "dvar": 0.00160444888752,
        "dvar2": 0.00427995948121,
        "max": 0.499973982573,
        "mean": 0.363676786423,
        "median": 0.377240717411,
        "min": 0.0687475576997,
        "var": 0.00683699687943
    },
    "dynamic_complexity": 5.84318590164,
    "erbbands_crest": {
        "dmean": 2.01833844185,
        "dmean2": 2.94267654419,
        "dvar": 6.38173151016,
        "dvar2": 13.8018445969,
        "max": 34.1505355835,
        "mean": 16.3075847626,
        "median": 15.4222688675,
        "min": 2.13913440704,
        "var": 45.5862884521
    },
    "erbbands_flatness_db": {
        "dmean": 0.012538569048,
        "dmean2": 0.0198019035161,
        "dvar": 0.000190636419575,
        "dvar2": 0.000447297701612,
        "max": 0.537714123726,
        "mean": 0.384963870049,
        "median": 0.389346927404,
        "min": 0.0270063616335,
        "var": 0.0048591606319
    },
    "erbbands_kurtosis": {
        "dmean": 1.26194167137,
        "dmean2": 1.86984395981,
        "dvar": 7.26274061203,
        "dvar2": 15.690656662,
        "max": 59.7490844727,
        "mean": 2.6814622879,
        "median": 1.14621448517,
        "min": -1.82044863701,
        "var": 26.0538253784
    },
    "erbbands_skewness": {
        "dmean": 0.260774761438,
        "dmean2": 0.37278303504,
        "dvar": 0.129985243082,
        "dvar2": 0.261899650097,
        "max": 4.48887443542,
        "mean": 0.32934319973,
        "median": 0.433434695005,
        "min": -7.13252735138,
        "var": 1.32162737846
    },
    "erbbands_spread": {
        "dmean": 1.36327505112,
        "dmean2": 1.98611080647,
        "dvar": 3.49776530266,
        "dvar2": 7.90327739716,
        "max": 92.5381698608,
        "mean": 10.2849760056,
        "median": 9.15006160736,
        "min": 0.674497187138,
        "var": 54.4842185974
    },
    "hfc": {
        "dmean": 3.57870173454,
        "dmean2": 4.67458534241,
        "dvar": 143.733093262,
        "dvar2": 297.979522705,
        "max": 318.730316162,
        "mean": 11.7858276367,
        "median": 6.27228879929,
        "min": 1.06460527116e-16,
        "var": 376.764801025
    },
    "melbands_crest": {
        "dmean": 1.95393466949,
        "dmean2": 3.00960969925,
        "dvar": 5.13785982132,
        "dvar2": 12.97103405,
        "max": 34.5952224731,
        "mean": 15.7135705948,
        "median": 14.8221139908,
        "min": 1.59758114815,
        "var": 31.6787052155
    },
    "melbands_flatness_db": {
        "dmean": 0.0191345196217,
        "dmean2": 0.0308502539992,
        "dvar": 0.00052213598974,
        "dvar2": 0.00122800201643,
        "max": 0.701749145985,
        "mean": 0.449860960245,
        "median": 0.454866617918,
        "min": 0.00280879554339,
        "var": 0.00868751388043
    },
    "melbands_kurtosis": {
        "dmean": 1.44264984131,
        "dmean2": 2.16396474838,
        "dvar": 7.60045146942,
        "dvar2": 20.3309764862,
        "max": 144.775527954,
        "mean": 3.46523237228,
        "median": 1.73901891708,
        "min": -1.90282595158,
        "var": 43.3999214172
    },
    "melbands_skewness": {
        "dmean": 0.312893122435,
        "dmean2": 0.457172363997,
        "dvar": 0.163133442402,
        "dvar2": 0.371837466955,
        "max": 8.80191516876,
        "mean": 0.976574003696,
        "median": 0.945657432079,
        "min": -4.22357082367,
        "var": 1.22065484524
    },
    "melbands_spread": {
        "dmean": 1.46313631535,
        "dmean2": 2.16381835938,
        "dvar": 9.66291809082,
        "dvar2": 24.2317638397,
        "max": 163.28465271,
        "mean": 10.6401996613,
        "median": 7.59200811386,
        "min": 0.580375432968,
        "var": 264.699157715
    },
    "pitch_salience": {
        "dmean": 0.0426071248949,
        "dmean2": 0.0656342059374,
        "dvar": 0.00254194438457,
        "dvar2": 0.00601005833596,
        "max": 0.993872582912,
        "mean": 0.50911128521,
        "median": 0.50845605135,
        "min": 0.124564290047,
        "var": 0.0140776950866
    },
    "silence_rate_20dB": {
        "dmean": 0,
        "dmean2": 0,
        "dvar": 0,
        "dvar2": 0,
        "max": 1,
        "mean": 1,
        "median": 1,
        "min": 1,
        "var": 0
    },
    "silence_rate_30dB": {
        "dmean": 0.00955355539918,
        "dmean2": 0.0191088654101,
        "dvar": 0.00946249254048,
        "dvar2": 0.023154143244,
        "max": 1,
        "mean": 0.988242864609,
        "median": 1,
        "min": 0,
        "var": 0.0116182835773
    },
    "silence_rate_60dB": {
        "dmean": 0.0200257208198,
        "dmean2": 0.0400551222265,
        "dvar": 0.0196260418743,
        "dvar2": 0.0434144809842,
        "max": 1,
        "mean": 0.181500867009,
        "median": 0,
        "min": 0,
        "var": 0.148556381464
    },
    "spectral_centroid": {
        "dmean": 45.9622612,
        "dmean2": 67.2837753296,
        "dvar": 17519.4511719,
        "dvar2": 31651.1777344,
        "max": 11732.5361328,
        "mean": 714.923522949,
        "median": 510.44317627,
        "min": 216.593231201,
        "var": 1696488.375
    },
    "spectral_complexity": {
        "dmean": 1.04721665382,
        "dmean2": 1.73174095154,
        "dvar": 1.65686535835,
        "dvar2": 3.64734220505,
        "max": 27,
        "mean": 9.37861633301,
        "median": 9,
        "min": 0,
        "var": 23.5211544037
    },
    "spectral_decrease": {
        "dmean": 1.17746490336e-09,
        "dmean2": 1.61620339334e-09,
        "dvar": 7.78046994066e-18,
        "dvar2": 1.53300191784e-17,
        "max": 1.53593519852e-19,
        "mean": -5.17691889357e-09,
        "median": -3.36183481053e-09,
        "min": -7.67359722431e-08,
        "var": 3.52176513308e-17
    },
    "spectral_energy": {
        "dmean": 0.00475864624605,
        "dmean2": 0.00650941114873,
        "dvar": 0.000132589586428,
        "dvar2": 0.000262570276391,
        "max": 0.304393976927,
        "mean": 0.0206078700721,
        "median": 0.0132673643529,
        "min": 9.94408340416e-21,
        "var": 0.000572914024815
    },
    "spectral_energyband_high": {
        "dmean": 2.69183897217e-06,
        "dmean2": 3.7620798139e-06,
        "dvar": 1.71188369036e-10,
        "dvar2": 3.80355996699e-10,
        "max": 0.000327325193211,
        "mean": 4.15228396378e-06,
        "median": 2.10621465158e-07,
        "min": 6.95997279882e-21,
        "var": 2.61983268413e-10
    },
    "spectral_energyband_low": {
        "dmean": 0.000667874584906,
        "dmean2": 0.000996531569399,
        "dvar": 3.60531748811e-06,
        "dvar2": 7.13615645509e-06,
        "max": 0.0818332284689,
        "mean": 0.00236658821814,
        "median": 0.000337838893756,
        "min": 1.08699676374e-23,
        "var": 2.72032921202e-05
    },
    "spectral_energyband_middle_high": {
        "dmean": 0.00182870216668,
        "dmean2": 0.00234897551127,
        "dvar": 6.82746467646e-05,
        "dvar2": 0.000144980658661,
        "max": 0.234414815903,
        "mean": 0.00433800322935,
        "median": 0.000995930400677,
        "min": 1.16573982116e-21,
        "var": 0.000152482461999
    },
    "spectral_energyband_middle_low": {
        "dmean": 0.00311325094663,
        "dmean2": 0.00444946158677,
        "dvar": 5.22873269801e-05,
        "dvar2": 9.97300739982e-05,
        "max": 0.269990950823,
        "mean": 0.0145469047129,
        "median": 0.0100830309093,
        "min": 1.6649878757e-22,
        "var": 0.000284372566966
    },
    "spectral_entropy": {
        "dmean": 0.132755607367,
        "dmean2": 0.211964443326,
        "dvar": 0.0372905358672,
        "dvar2": 0.091825760901,
        "max": 9.82689380646,
        "mean": 5.67455768585,
        "median": 5.64605569839,
        "min": 4.21117019653,
        "var": 0.562895834446
    },
    "spectral_flux": {
        "dmean": 0.0161206386983,
        "dmean2": 0.0252431314439,
        "dvar": 0.000941270787735,
        "dvar2": 0.00222113588825,
        "max": 0.459614723921,
        "mean": 0.0332848876715,
        "median": 0.023122690618,
        "min": 6.41941430568e-11,
        "var": 0.00141124415677
    },
    "spectral_kurtosis": {
        "dmean": 32.2846183777,
        "dmean2": 56.3080101013,
        "dvar": 1176.97229004,
        "dvar2": 3351.78540039,
        "max": 527.003540039,
        "mean": 103.39969635,
        "median": 85.5987014771,
        "min": -1.25476372242,
        "var": 5833.12207031
    },
    "spectral_rms": {
        "dmean": 0.000421349657699,
        "dmean2": 0.000574630219489,
        "dvar": 5.46140711322e-07,
        "dvar2": 1.04977743831e-06,
        "max": 0.0172328092158,
        "mean": 0.00382788805291,
        "median": 0.00359774520621,
        "min": 3.11473026191e-12,
        "var": 5.45253533346e-06
    },
    "spectral_rolloff": {
        "dmean": 62.7063598633,
        "dmean2": 111.896087646,
        "dvar": 127954.929688,
        "dvar2": 395106.53125,
        "max": 19810.546875,
        "mean": 992.181335449,
        "median": 645.99609375,
        "min": 21.533203125,
        "var": 5044112.5
    },
    "spectral_skewness": {
        "dmean": 1.63994038105,
        "dmean2": 2.89928507805,
        "dvar": 2.18369889259,
        "dvar2": 6.06476736069,
        "max": 18.9931945801,
        "mean": 6.8377456665,
        "median": 6.39801836014,
        "min": -0.0865787193179,
        "var": 10.7072544098
    },
    "spectral_spread": {
        "dmean": 311047.78125,
        "dmean2": 555258.875,
        "dvar": 263994802176,
        "dvar2": 522586095616,
        "max": 42638048,
        "mean": 1701046.25,
        "median": 954775.0625,
        "min": 165421.9375,
        "var": 2.42270108385e+13
    },
    "spectral_strongpeak": {
        "dmean": 0.445150762796,
        "dmean2": 0.650275230408,
        "dvar": 1.12047421932,
        "dvar2": 2.12759876251,
        "max": 19.6744251251,
        "mean": 1.60382187366,
        "median": 0.860773265362,
        "min": 0,
        "var": 4.59841060638
    },
    "zerocrossingrate": {
        "dmean": 0.00246046925895,
        "dmean2": 0.00305681559257,
        "dvar": 2.13966141018e-05,
        "dvar2": 3.28605783579e-05,
        "max": 0.53271484375,
        "mean": 0.0345499701798,
        "median": 0.02490234375,
        "min": 0.0068359375,
        "var": 0.00362189020962
    },
    "barkbands": {
        "dmean": [2.98910094898e-06, 0.000301374355331, 0.000380236859201, 0.000215148887946, 0.000973754562438, 0.000742488540709, 0.000365238898667, 0.0011431965977, 0.000713538087439, 0.000496107153594, 0.000112591980724, 0.000562095898204, 0.00061007484328, 0.00035815112642, 3.41179693351e-05, 1.20210388559e-05, 3.45045373251e-05, 9.68531003309e-06, 8.74925535754e-06, 1.82518294878e-06, 9.22137758153e-07, 5.14734779244e-07, 6.97434998642e-08, 5.97954681325e-08, 1.06985247328e-08, 1.91049176479e-09, 1.02859132323e-09],
        "dmean2": [3.99040618504e-06, 0.000439454306616, 0.000577520753723, 0.000319433020195, 0.00151540886145, 0.0010661665583, 0.000566937145777, 0.00151867035311, 0.00111658882815, 0.000681632256601, 0.000171911015059, 0.000773649429902, 0.000810272991657, 0.000410675915191, 4.79783011542e-05, 1.78890149982e-05, 4.70393679279e-05, 1.50222922457e-05, 1.18099187603e-05, 2.57542001236e-06, 1.34342451474e-06, 7.68608572344e-07, 1.08203224158e-07, 9.72830420665e-08, 1.76051937473e-08, 3.41996320152e-09, 1.90663174138e-09],
        "dvar": [1.1172304748e-10, 1.29848160668e-06, 1.16760475066e-06, 2.48350488619e-07, 3.88852731703e-06, 3.57460658051e-06, 8.47355465794e-07, 2.25121839321e-05, 7.0556375249e-06, 7.23634457245e-06, 1.75681111614e-06, 1.5641840946e-05, 2.84853067569e-05, 1.05415001599e-05, 2.77077589317e-07, 2.24556107042e-09, 2.36162982503e-08, 1.69763392233e-09, 2.5728623676e-09, 7.90178478205e-11, 3.02606655012e-11, 1.11082237159e-11, 4.18296582268e-13, 3.74011666906e-13, 1.39294627468e-14, 1.45556563641e-16, 3.66492007046e-18],
        "dvar2": [1.78401265982e-10, 2.23935421673e-06, 2.43231056629e-06, 5.67949257402e-07, 9.43599115999e-06, 6.26948440186e-06, 2.0346974452e-06, 3.98379634134e-05, 1.74521246663e-05, 1.49285278894e-05, 4.08796176998e-06, 3.19480313919e-05, 6.63860555505e-05, 1.79818871402e-05, 5.08198297666e-07, 4.53195481143e-09, 4.55527811027e-08, 4.32289093411e-09, 5.06482500384e-09, 1.71419822781e-10, 7.26519192029e-11, 2.39796169033e-11, 1.00167064313e-12, 9.37253421575e-13, 3.43254172644e-14, 3.97487548205e-16, 1.1171131248e-17],
        "max": [0.000466055527795, 0.066145375371, 0.0294748730958, 0.0110493572429, 0.0623524077237, 0.0925304219127, 0.0278363339603, 0.260137051344, 0.054824501276, 0.0792620629072, 0.0637944117188, 0.152305573225, 0.214126929641, 0.122027412057, 0.0493397042155, 0.00160619418602, 0.00369436107576, 0.000947113730945, 0.00240256101824, 0.000241257599555, 0.000242634981987, 0.000132528468384, 2.51931633102e-05, 2.51431174547e-05, 4.87714623887e-06, 4.73604785611e-07, 5.18308951314e-08],
        "mean": [4.34828689322e-06, 0.000924277352169, 0.00113256962504, 0.000524664821569, 0.0037965469528, 0.00274559366517, 0.00119982240722, 0.00363741628826, 0.00183755054604, 0.00139461108483, 0.000227583092055, 0.000970684282947, 0.00132343533915, 0.000698105897754, 7.29403618607e-05, 2.65897870122e-05, 5.53170684725e-05, 1.52613047248e-05, 1.55658635776e-05, 2.97425003737e-06, 1.32406773901e-06, 5.99345639785e-07, 7.46238271176e-08, 5.49355974044e-08, 9.94098492413e-09, 1.67271807516e-09, 9.35372113098e-10],
        "median": [8.65396771133e-07, 3.75837480533e-05, 0.000116382158012, 0.000112151588837, 0.00215421407484, 0.00162517337594, 0.000503759714775, 0.000622707186267, 0.000389969471144, 0.000201592076337, 4.4286614866e-05, 0.000116994611744, 4.53825487057e-05, 3.10567920678e-05, 1.2689812138e-05, 5.59258387511e-06, 5.75739295527e-06, 1.90264256617e-06, 1.3100269598e-06, 1.40628301892e-07, 6.04603158649e-08, 9.92905224706e-09, 1.11804066005e-09, 1.00569608197e-09, 5.62937196857e-10, 4.05658451275e-10, 3.35704158916e-10],
        "min": [9.02886607551e-25, 1.91668981939e-24, 9.3290296221e-25, 1.01276152101e-24, 4.11743149024e-24, 7.02677220237e-24, 7.76512944358e-24, 4.7021379542e-24, 1.46154658047e-23, 1.4741629907e-23, 1.50793822813e-23, 2.07046452668e-23, 2.37551703873e-23, 2.73892001422e-23, 4.02042139931e-23, 3.80920483857e-23, 5.55147609186e-23, 8.91460659425e-23, 1.44238533841e-22, 1.46364129017e-22, 2.26523390553e-22, 1.98888242513e-22, 3.81142046486e-22, 5.7366429509e-22, 8.60002577843e-22, 1.27444338977e-21, 1.90144084148e-21],
        "var": [2.68322059016e-10, 9.67572304944e-06, 6.40860935164e-06, 9.44383486967e-07, 2.3622164008e-05, 1.57114900503e-05, 4.24475138061e-06, 0.000104978884337, 1.56149908435e-05, 1.8300685042e-05, 2.46494914791e-06, 2.73553996522e-05, 6.23313826509e-05, 2.65472153842e-05, 4.92302206112e-07, 5.1599733375e-09, 3.82051155157e-08, 2.34214492245e-09, 4.38966907268e-09, 1.34586258804e-10, 3.75290562515e-11, 1.35776667687e-11, 4.09006568848e-13, 2.9974327599e-13, 1.16872335513e-14, 1.0030404681e-16, 3.09322515023e-18]
    },
    "erbbands": {
        "dmean": [0.00233543757349, 0.0879311338067, 0.39347589016, 0.593165397644, 1.44519114494, 3.26016998291, 9.22957706451, 3.42922282219, 5.13801956177, 5.79821157455, 30.1489067078, 15.2829246521, 19.7383804321, 7.83705711365, 7.22612953186, 28.1165428162, 29.9975337982, 22.0404109955, 3.10844063759, 1.08801746368, 1.0176743269, 1.17174172401, 0.80376636982, 0.471595227718, 0.33421126008, 0.120033323765, 0.0485428199172, 0.0272372886539, 0.0185485314578, 0.00418345863, 0.00161375838798, 0.00136208254844, 0.000877061334904, 0.000160917363246, 4.59555412817e-05, 1.12913858175e-05, 4.68883172289e-06, 1.10387418317e-06, 2.44478815148e-06, 5.51977882424e-06],
        "dmean2": [0.0033415958751, 0.128592893481, 0.599253416061, 0.887440264225, 2.24392557144, 5.09204959869, 13.3025522232, 5.32175111771, 8.09477138519, 8.0228805542, 40.5346488953, 23.4660434723, 28.1214256287, 10.3348855972, 10.0576200485, 38.7078285217, 38.6564559937, 26.0261936188, 4.00155687332, 1.62596046925, 1.4122427702, 1.59166610241, 1.12106692791, 0.658893465996, 0.462149977684, 0.166019946337, 0.0707713738084, 0.0387882515788, 0.0274077504873, 0.00673614349216, 0.00245759170502, 0.00221047154628, 0.00140683085192, 0.000261268782197, 7.72034181864e-05, 1.85471744771e-05, 7.69865800976e-06, 1.7966251562e-06, 3.30835973728e-06, 7.51652987674e-06],
        "dvar": [7.21123360563e-05, 0.106793291867, 1.45782971382, 1.77510213852, 14.6450138092, 49.0657615662, 758.892028809, 55.4053153992, 161.663406372, 526.066101074, 12839.2578125, 2879.37451172, 12163.7802734, 1322.91650391, 2834.9284668, 38327.9804688, 69670.859375, 40573.0390625, 1141.18395996, 30.8910808563, 17.4048957825, 24.5380992889, 11.9474258423, 10.289899826, 2.60547661781, 0.355996757746, 0.0780067741871, 0.0306558739394, 0.0127780232579, 0.000576626625843, 0.000163619042723, 0.000151700340211, 0.000112520727271, 2.94702499559e-06, 2.37019889937e-07, 4.71837369176e-09, 7.41741446042e-10, 1.94377448165e-11, 3.89041888982e-11, 1.88056473172e-10],
        "dvar2": [0.000116450610221, 0.187809616327, 3.07582831383, 3.77872276306, 38.2052383423, 127.502662659, 1319.8104248, 142.521636963, 371.388580322, 770.559692383, 24143.0175781, 7014.84375, 26013.0664062, 2300.14428711, 5995.51123047, 81603.40625, 160467.59375, 74485.5546875, 2104.74682617, 63.2165489197, 32.5513153076, 47.46043396, 23.6939544678, 19.8510055542, 5.88202285767, 0.760164320469, 0.199427098036, 0.0676015913486, 0.027400419116, 0.00142509839498, 0.000398472737288, 0.00038631472853, 0.000278285966488, 7.14447105565e-06, 6.3891445734e-07, 1.26760193453e-08, 1.95301730344e-09, 5.04920480426e-11, 7.73337435755e-11, 3.74328262831e-10],
        "max": [0.563785672188, 18.4510726929, 31.0885353088, 41.4293365479, 116.383140564, 275.284942627, 1352.71984863, 231.932876587, 427.467102051, 1689.30151367, 4863.80566406, 1175.0612793, 3120.78979492, 1225.83935547, 2014.17089844, 7854.17773438, 10805.3789062, 7507.12548828, 2960.84692383, 390.30380249, 111.199584961, 111.512283325, 82.4951095581, 172.624450684, 54.1146011353, 17.0459804535, 8.62363243103, 11.2610187531, 4.27103042603, 0.608452022076, 0.476700365543, 0.492981314659, 0.442385345697, 0.0678226649761, 0.0200961586088, 0.00259366747923, 0.000900203187484, 0.000250060256803, 0.000149555038661, 0.000344598171068],
        "mean": [0.00671513564885, 0.281580001116, 1.35098278522, 1.59194076061, 4.74923467636, 13.6728048325, 31.4906368256, 13.6036529541, 17.0258426666, 21.3390522003, 96.9395141602, 47.2019309998, 52.8003578186, 25.6791133881, 15.6056509018, 50.2462043762, 68.955406189, 42.8819885254, 6.97591590881, 2.4773042202, 2.01689481735, 1.97132217884, 1.32237136364, 0.804335236549, 0.596990823746, 0.201043218374, 0.0750303938985, 0.0362444706261, 0.0224487483501, 0.00495357532054, 0.00180785846896, 0.00136883067898, 0.000806016090792, 0.000167339167092, 5.12099722982e-05, 1.95627671928e-05, 9.82982146525e-06, 2.31895546676e-06, 1.0243140423e-05, 2.34762937907e-05],
        "median": [0.000650652335025, 0.0114926984534, 0.111871503294, 0.487419724464, 1.53335082531, 6.46569919586, 14.7977600098, 7.58642721176, 7.24975156784, 8.43842124939, 20.1141014099, 15.345032692, 9.09931564331, 5.16706895828, 3.87284660339, 6.71407222748, 3.39422631264, 2.1152844429, 1.31116449833, 0.612139344215, 0.37707105279, 0.265541255474, 0.164416506886, 0.0945638716221, 0.0492981821299, 0.0121470000595, 0.00458366982639, 0.00149073370267, 0.000448824692285, 0.000130973217892, 4.67336139991e-05, 3.41706945619e-05, 2.42206515395e-05, 1.70940002135e-05, 1.28483579829e-05, 9.18888599699e-06, 5.27689553564e-06, 1.18004879823e-06, 6.46423859507e-06, 1.49896277435e-05],
        "min": [7.08548491073e-23, 3.07269703442e-22, 1.03040552007e-21, 6.10279396437e-21, 9.82357191308e-21, 1.41031176357e-20, 3.13774454071e-20, 6.56228487826e-20, 1.29826539977e-19, 2.17114515623e-19, 2.02464617062e-19, 3.28527679123e-19, 2.74994979722e-19, 8.6000608609e-19, 6.08783217348e-19, 1.27523932816e-18, 1.21792863641e-18, 2.09652069538e-18, 2.58514910451e-18, 2.98251943295e-18, 3.16835362257e-18, 3.91233392758e-18, 5.32802376746e-18, 6.87204282116e-18, 5.9604910269e-18, 6.77933117734e-18, 9.50687446122e-18, 8.46540113045e-18, 9.12855430908e-18, 8.38593967927e-18, 1.10512099115e-17, 1.12901004996e-17, 9.59187140506e-18, 7.67281072958e-18, 6.10113116978e-18, 3.97658104575e-18, 2.33016468363e-18, 9.71975476853e-19, 2.54839690121e-19, 2.60457816831e-20],
        "var": [0.000610595743638, 0.797352313995, 9.47751712799, 7.72324085236, 66.1196289062, 385.414886475, 3001.47558594, 325.835632324, 882.739685059, 2989.82592773, 57319.921875, 7953.04492188, 25780.6699219, 6182.05566406, 5380.36523438, 60838.9101562, 158481.796875, 93821.2265625, 2249.4831543, 64.6127548218, 34.6302947998, 40.4008407593, 20.4934749603, 16.9938220978, 4.28503894806, 0.622718155384, 0.0898658782244, 0.0389601364732, 0.0170711968094, 0.00065743632149, 0.000152099484694, 0.000126651008031, 9.14460106287e-05, 2.53567304753e-06, 1.71190180254e-07, 3.90386079019e-09, 6.5744210076e-10, 2.33372418612e-11, 1.52246354412e-10, 7.70117136728e-10]
    },
    "gfcc": {
        "mean": [-235.594100952, 234.126022339, -129.105255127, -47.9072227478, -32.4412612915, -36.3558692932, -20.5438041687, -16.4355640411, -17.4810276031, -13.7020740509, -3.45178771019, -13.689991951, -3.27991127968],
        "cov": [[33365.921875, 5471.67382812, -5872.45507812, 1170.15014648, 683.38067627, -1049.0949707, 623.022949219, -647.055053711, -101.682060242, -626.849365234, -138.505020142, -1005.01708984, -288.067047119], [5471.67382812, 2318.82666016, -446.804229736, -530.367919922, 244.871490479, -319.38293457, -112.436538696, -85.2358398438, -69.5612640381, -164.577301025, -54.7693786621, -196.662506104, -8.81973361969], [-5872.45507812, -446.804229736, 1654.93225098, -266.313323975, -130.010116577, 233.645431519, -192.502059937, 145.375518799, 25.7172794342, 62.4763870239, 0.38438397646, 169.152297974, 65.5070343018], [1170.15014648, -530.367919922, -266.313323975, 829.941772461, 78.7544555664, 59.1397857666, 248.29914856, 21.2753734589, 65.7434768677, -6.04734706879, -37.3030891418, -23.9838104248, -13.5604286194], [683.38067627, 244.871490479, -130.010116577, 78.7544555664, 354.286529541, -2.75743079185, 60.8389549255, 1.17199873924, -11.9951639175, 12.9296503067, 17.2078914642, -60.2214241028, -24.0130958557], [-1049.0949707, -319.38293457, 233.645431519, 59.1397857666, -2.75743079185, 253.720169067, 40.8924636841, 14.7899885178, 33.9359588623, 31.8185310364, 31.866268158, 63.0869216919, -1.48673343658], [623.022949219, -112.436538696, -192.502059937, 248.29914856, 60.8389549255, 40.8924636841, 201.895492554, 59.5892333984, 42.6808891296, 17.0889587402, -11.3438081741, -16.55210495, -20.4713821411], [-647.055053711, -85.2358398438, 145.375518799, 21.2753734589, 1.17199873924, 14.7899885178, 59.5892333984, 181.26914978, 72.9295654297, 6.75940084457, -6.35302639008, 1.86310493946, 2.34355854988], [-101.682060242, -69.5612640381, 25.7172794342, 65.7434768677, -11.9951639175, 33.9359588623, 42.6808891296, 72.9295654297, 133.535186768, 35.0799484253, -19.2014846802, -11.4859399796, -9.43098545074], [-626.849365234, -164.577301025, 62.4763870239, -6.04734706879, 12.9296503067, 31.8185310364, 17.0889587402, 6.75940084457, 35.0799484253, 142.65461731, 49.982421875, 0.20373930037, -33.5948638916], [-138.505020142, -54.7693786621, 0.38438397646, -37.3030891418, 17.2078914642, 31.866268158, -11.3438081741, -6.35302639008, -19.2014846802, 49.982421875, 101.505302429, 28.7563018799, -27.1902732849], [-1005.01708984, -196.662506104, 169.152297974, -23.9838104248, -60.2214241028, 63.0869216919, -16.55210495, 1.86310493946, -11.4859399796, 0.20373930037, 28.7563018799, 139.896652222, 53.8372688293], [-288.067047119, -8.81973361969, 65.5070343018, -13.5604286194, -24.0130958557, -1.48673343658, -20.4713821411, 2.34355854988, -9.43098545074, -33.5948638916, -27.1902732849, 53.8372688293, 92.091506958]],
        "icov": [[0.000573336670641, -0.00147918867879, 0.00151446519885, -0.00144843058661, 0.00088739086641, -0.000793762330431, 0.000478606758406, 0.000163678647368, -2.9415346944e-05, 0.000438349670731, -0.000853311095852, 0.00090425030794, 5.83298206038e-05], [-0.00147918867879, 0.00474730366841, -0.00397348823026, 0.0045788497664, -0.00291915796697, 0.00291180913337, -0.0019829464145, 0.000387628591852, -0.000705402344465, 0.000223662907956, 0.00161002308596, -0.00134434830397, -0.000565846799873], [0.00151446519885, -0.00397348823026, 0.00534681743011, -0.00401116814464, 0.00233826972544, -0.00351119344123, 0.00355678121559, -0.00160288019106, 0.000984278041869, -0.000161374671734, -0.000459150178358, 0.00111811759416, 0.000599981343839], [-0.00144843058661, 0.0045788497664, -0.00401116814464, 0.00648933276534, -0.00286808842793, 0.00282809603959, -0.00475781830028, 0.00145126774441, -0.00151986256242, 0.000728166894987, 0.00154432933778, -0.00123732921202, -0.0007909120759], [0.00088739086641, -0.00291915796697, 0.00233826972544, -0.00286808842793, 0.00520178349689, -0.00198970315978, 0.000119454307423, -0.000186851655599, 0.00108679221012, -0.000238886335865, -0.00234498851933, 0.00290900305845, -0.000602630840149], [-0.000793762330431, 0.00291180913337, -0.00351119344123, 0.00282809603959, -0.00198970315978, 0.00837716273963, -0.00445750821382, 0.00299391290173, -0.00321215717122, 0.00173582148273, -0.00189991353545, -0.00202850275673, 0.000188522753888], [0.000478606758406, -0.0019829464145, 0.00355678121559, -0.00475781830028, 0.000119454307423, -0.00445750821382, 0.014570071362, -0.00680666649714, 0.00284614553675, -0.00389420078136, 0.00434229057282, -0.00239825015888, 0.00300279911608], [0.000163678647368, 0.000387628591852, -0.00160288019106, 0.00145126774441, -0.000186851655599, 0.00299391290173, -0.00680666649714, 0.0118331341073, -0.00689024664462, 0.00441493280232, -0.00471161911264, 0.00266266008839, -0.00195439974777], [-2.9415346944e-05, -0.000705402344465, 0.000984278041869, -0.00151986256242, 0.00108679221012, -0.00321215717122, 0.00284614553675, -0.00689024664462, 0.0138826677576, -0.0059845331125, 0.00599212618545, -0.000984277110547, 0.00153920473531], [0.000438349670731, 0.000223662907956, -0.000161374671734, 0.000728166894987, -0.000238886335865, 0.00173582148273, -0.00389420078136, 0.00441493280232, -0.0059845331125, 0.013716744259, -0.00837326329201, 0.00337790348567, 0.000546346243937], [-0.000853311095852, 0.00161002308596, -0.000459150178358, 0.00154432933778, -0.00234498851933, -0.00189991353545, 0.00434229057282, -0.00471161911264, 0.00599212618545, -0.00837326329201, 0.0214178804308, -0.00958878453821, 0.00797047559172], [0.00090425030794, -0.00134434830397, 0.00111811759416, -0.00123732921202, 0.00290900305845, -0.00202850275673, -0.00239825015888, 0.00266266008839, -0.000984277110547, 0.00337790348567, -0.00958878453821, 0.0178919434547, -0.0103122452274], [5.83298206038e-05, -0.000565846799873, 0.000599981343839, -0.0007909120759, -0.000602630840149, 0.000188522753888, 0.00300279911608, -0.00195439974777, 0.00153920473531, 0.000546346243937, 0.00797047559172, -0.0103122452274, 0.0197457764298]]
    },
    "melbands": {
        "dmean": [5.08133380208e-05, 0.000174271655851, 0.000110817352834, 0.000163831675309, 0.000275877333479, 8.99927617866e-05, 8.00980924396e-05, 9.29678135435e-05, 0.00023175565002, 9.44681596593e-05, 9.74141148617e-05, 3.08764392685e-05, 1.9810951926e-05, 6.36686309008e-05, 7.01879907865e-05, 5.75001249672e-05, 3.78626100428e-05, 4.27667737313e-06, 1.90352511709e-06, 9.73106807578e-07, 1.5417473378e-06, 1.23788947803e-06, 1.51837787143e-06, 4.75959524238e-07, 3.83528714565e-07, 2.79615477439e-07, 1.28049578052e-07, 7.55501190497e-08, 2.37559127925e-08, 2.92113355727e-08, 1.44728398155e-08, 1.48174308379e-08, 3.06790837179e-09, 1.84859982877e-09, 7.64405483356e-10, 1.15604781303e-09, 8.16092304845e-10, 9.5480057194e-10, 1.75445338813e-10, 9.17552908652e-11],
        "dmean2": [7.34919594834e-05, 0.000261975597823, 0.000165099656442, 0.000255640217802, 0.000403378420742, 0.000136321978061, 0.000126472485135, 0.000125931401271, 0.00031519352342, 0.000147019920405, 0.000138363451697, 4.07226543757e-05, 2.89248964691e-05, 8.68424685905e-05, 9.30893656914e-05, 7.33221095288e-05, 4.42444252258e-05, 5.6378107729e-06, 2.70656937573e-06, 1.52790801167e-06, 2.1239382022e-06, 1.70127486854e-06, 2.05021456168e-06, 7.53990377689e-07, 5.30274576249e-07, 3.85495724231e-07, 1.80756103418e-07, 1.06132219457e-07, 3.53545068776e-08, 4.21908019632e-08, 2.10793285049e-08, 2.23256453324e-08, 4.72517047712e-09, 3.00247315899e-09, 1.15220177843e-09, 1.85965176591e-09, 1.35921218725e-09, 1.54134982555e-09, 2.96282803847e-10, 1.50082668515e-10],
        "dvar": [3.74254298663e-08, 3.04206025703e-07, 5.8364456379e-08, 1.52228665229e-07, 6.0306905425e-07, 3.85974843198e-08, 3.98695831905e-08, 1.97762901166e-07, 6.94087361808e-07, 1.18209747768e-07, 2.94996141292e-07, 2.28571934713e-08, 4.16195824471e-08, 1.85797105701e-07, 2.67249390618e-07, 1.98778550953e-07, 1.23902935911e-07, 2.58608756631e-09, 5.09526920656e-10, 1.45039848187e-11, 4.80326299568e-11, 3.55922132045e-11, 7.32454583097e-11, 6.10324638051e-12, 9.49755205037e-12, 1.85462604475e-12, 3.50584416099e-13, 1.88211032588e-13, 2.56968874483e-14, 2.90275344993e-14, 1.79323227681e-14, 8.6285992728e-15, 5.09907852077e-16, 1.83139931671e-16, 5.08051288205e-17, 1.24631461712e-16, 7.19959674844e-17, 1.44973090289e-16, 4.43751751593e-18, 7.28335734678e-19],
        "dvar2": [6.25212024374e-08, 6.11557766206e-07, 1.30316095692e-07, 4.26291705935e-07, 1.09512734525e-06, 8.8691862743e-08, 9.4459501554e-08, 2.87549568156e-07, 1.33743299102e-06, 2.91055414436e-07, 6.29000396657e-07, 3.82899045803e-08, 9.57146752967e-08, 3.63481973409e-07, 6.03015223533e-07, 4.43014670282e-07, 2.24980212238e-07, 4.79599693293e-09, 9.01299868072e-10, 3.48040103682e-11, 8.96917679016e-11, 6.82356185444e-11, 1.39143294109e-10, 1.57936250883e-11, 1.77219055403e-11, 4.08863351162e-12, 7.71858705423e-13, 4.07834600509e-13, 6.62854509779e-14, 6.73064780451e-14, 3.90461114505e-14, 1.90005753102e-14, 1.1204603707e-15, 4.40869134692e-16, 1.2056209044e-16, 3.20012038558e-16, 1.83278090686e-16, 3.59861444715e-16, 1.1363819663e-17, 1.68938012313e-18],
        "max": [0.0120195345953, 0.0212507024407, 0.00587153108791, 0.0113340504467, 0.0373296812177, 0.00767783075571, 0.00649402104318, 0.0335794761777, 0.0318598411977, 0.00739330239594, 0.015367878601, 0.00531825236976, 0.00954769644886, 0.0156484562904, 0.019217306748, 0.0149737708271, 0.0127378255129, 0.00431565288454, 0.00207013520412, 0.000107883184683, 0.00019682564016, 0.000181704046554, 0.000235318599152, 5.47892814211e-05, 0.000172874002601, 4.27641352871e-05, 1.64174834936e-05, 1.27179446281e-05, 5.44559588889e-06, 5.2800796766e-06, 9.75094826572e-06, 3.26135977957e-06, 1.09454344965e-06, 4.59402571096e-07, 4.27593391805e-07, 4.64644813292e-07, 3.43989881912e-07, 5.03878140989e-07, 7.58415552582e-08, 3.30485185884e-08],
        "mean": [0.000153003216838, 0.000608242233284, 0.000316923775245, 0.00066485669231, 0.000978227704763, 0.000346334301867, 0.000260412110947, 0.000311097333906, 0.000754116743337, 0.00026464954135, 0.000256846484262, 0.000102457226603, 4.08934793086e-05, 0.000113119385787, 0.000148274091771, 0.000120947544929, 7.27288061171e-05, 9.80851837085e-06, 4.22355878982e-06, 2.11648830373e-06, 2.77079652733e-06, 2.04639218282e-06, 2.32295815294e-06, 7.417136203e-07, 6.42183636046e-07, 5.31394107384e-07, 2.0927244293e-07, 1.21442639056e-07, 3.66383012818e-08, 4.15424459277e-08, 1.65358873261e-08, 1.69238916214e-08, 3.88370269278e-09, 1.94753946303e-09, 8.07536149061e-10, 1.21266430231e-09, 7.22376991558e-10, 8.35891356132e-10, 1.57302323944e-10, 8.92743656777e-11],
        "median": [8.23519894766e-06, 4.54074834124e-05, 0.00010685462621, 0.000231647514738, 0.000513297738507, 0.000200824477361, 0.000108022009954, 0.0001049379498, 0.000169371021912, 6.55046314932e-05, 3.58865472663e-05, 1.69950581039e-05, 8.7458975031e-06, 1.39650410347e-05, 1.11424405986e-05, 4.63264950668e-06, 2.86059707832e-06, 1.59810588229e-06, 7.53577921841e-07, 4.83944802454e-07, 3.33166383371e-07, 2.29800150464e-07, 1.31519854563e-07, 5.77453960204e-08, 6.0760889653e-08, 3.71495723073e-08, 1.24092656151e-08, 4.10941947138e-09, 1.56169832621e-09, 1.68935621048e-09, 3.27540855549e-10, 2.19464030282e-10, 6.37118482971e-11, 3.65335539598e-11, 1.62656155905e-11, 1.55255218404e-11, 1.22851295109e-11, 9.71498055613e-12, 6.6660023855e-12, 5.13740742655e-12],
        "min": [6.94409257836e-25, 4.85250282995e-25, 1.49864875989e-24, 1.0178865531e-24, 9.38572899966e-25, 1.22492250603e-24, 1.78360997075e-24, 2.11285605791e-24, 1.9502661061e-24, 1.80532060616e-24, 1.29487040806e-24, 2.5675130824e-24, 1.79502321033e-24, 2.89371041937e-24, 2.14460810377e-24, 2.49483887708e-24, 3.27242774882e-24, 2.15097164748e-24, 2.35101000975e-24, 3.372957816e-24, 3.58727041914e-24, 3.36532598117e-24, 3.77563265393e-24, 4.46153064494e-24, 4.82813955115e-24, 2.9062292475e-24, 4.51379583536e-24, 3.43658260345e-24, 4.85601750111e-24, 4.54837476428e-24, 4.91024734961e-24, 4.20479980764e-24, 4.58003885215e-24, 4.07856391901e-24, 6.07757413487e-24, 5.45069635021e-24, 6.07066805208e-24, 6.00126446406e-24, 5.97352850907e-24, 5.13675298132e-24],
        "var": [2.9239672017e-07, 2.14778992813e-06, 2.62371031567e-07, 1.04116463717e-06, 2.473687573e-06, 2.08669547419e-07, 2.08882170227e-07, 1.04296134396e-06, 3.04429295284e-06, 2.85897584718e-07, 6.29941439456e-07, 1.1437290226e-07, 6.18587208123e-08, 3.64511976159e-07, 5.71670398131e-07, 4.26826545663e-07, 2.93528700013e-07, 5.4106847891e-09, 9.72208757943e-10, 3.19602920518e-11, 8.88652137987e-11, 5.84657322555e-11, 1.22258675406e-10, 8.37873433829e-12, 1.59295181212e-11, 3.31791018271e-12, 5.73907783276e-13, 3.22309317907e-13, 3.06448287156e-14, 3.80368378125e-14, 2.175562451e-14, 1.01785975685e-14, 8.28228180551e-16, 1.87464180451e-16, 4.53830889454e-17, 1.0946067811e-16, 5.59241261152e-17, 1.16592351419e-16, 3.45192747337e-18, 6.80466275641e-19]
    },
    "mfcc": {
        "mean": [-829.704589844, 230.349334717, -4.57639932632, -14.9231090546, -7.81842803955, -15.4175424576, -7.40530204773, -9.54273700714, -11.4807109833, -5.53888893127, -1.4943652153, -3.46626996994, -5.74474096298],
        "cov": [[10515.8320312, 4866.25683594, -2419.92089844, 738.203552246, 362.689727783, -123.562095642, 463.947601318, 147.32635498, 34.3628730774, 151.327026367, 176.727478027, -5.74673557281, -238.06489563], [4866.25683594, 3353.16137695, -490.330871582, -47.7883377075, 244.008285522, -72.1925811768, 94.4488449097, 33.7281990051, -43.640171051, 42.4815177917, 30.4888839722, -77.9393157959, -77.6544036865], [-2419.92089844, -490.330871582, 1209.77783203, -266.315856934, -120.505348206, 41.4819259644, -206.15687561, -49.8606872559, -1.08951127529, -47.4568328857, -113.455215454, -79.3682403564, 82.794883728], [738.203552246, -47.7883377075, -266.315856934, 471.821502686, 74.6103973389, -26.5016822815, 115.76436615, 46.5122909546, 73.2703781128, 53.6168632507, 6.90039873123, -5.86729717255, 4.92319297791], [362.689727783, 244.008285522, -120.505348206, 74.6103973389, 228.294845581, 60.5984191895, 57.4683761597, 50.711517334, 5.17711162567, 26.453289032, 13.4359769821, -12.2370300293, 1.39245164394], [-123.562095642, -72.1925811768, 41.4819259644, -26.5016822815, 60.5984191895, 160.990936279, 46.0954208374, 5.45357847214, 0.112395294011, -16.760093689, 14.0551567078, 24.6285190582, -4.1835899353], [463.947601318, 94.4488449097, -206.15687561, 115.76436615, 57.4683761597, 46.0954208374, 158.487304688, 58.367603302, -7.46468877792, 12.6587333679, 28.2405471802, 43.6716499329, 8.57407188416], [147.32635498, 33.7281990051, -49.8606872559, 46.5122909546, 50.711517334, 5.45357847214, 58.367603302, 137.636230469, 71.7838058472, 18.5586948395, -3.47776460648, -20.2957496643, 16.9199237823], [34.3628730774, -43.640171051, -1.08951127529, 73.2703781128, 5.17711162567, 0.112395294011, -7.46468877792, 71.7838058472, 154.058029175, 64.5725402832, -12.0952253342, -27.5598526001, -0.173515975475], [151.327026367, 42.4815177917, -47.4568328857, 53.6168632507, 26.453289032, -16.760093689, 12.6587333679, 18.5586948395, 64.5725402832, 125.982589722, 70.5661392212, -7.99755764008, -19.8995914459], [176.727478027, 30.4888839722, -113.455215454, 6.90039873123, 13.4359769821, 14.0551567078, 28.2405471802, -3.47776460648, -12.0952253342, 70.5661392212, 160.929824829, 82.0595855713, -31.7135257721], [-5.74673557281, -77.9393157959, -79.3682403564, -5.86729717255, -12.2370300293, 24.6285190582, 43.6716499329, -20.2957496643, -27.5598526001, -7.99755764008, 82.0595855713, 161.411834717, 50.1752471924], [-238.06489563, -77.6544036865, 82.794883728, 4.92319297791, 1.39245164394, -4.1835899353, 8.57407188416, 16.9199237823, -0.173515975475, -19.8995914459, -31.7135257721, 50.1752471924, 133.486709595]],
