{
"lowlevel": {
    "average_loudness": 0.282251447439,
    "barkbands_crest": {
        "dmean": 1.71208393574,
        "dmean2": 2.57354140282,
        "dvar": 4.28910112381,
        "dvar2": 9.79429149628,
        "max": 26.7030296326,
        "mean": 13.6992540359,
        "median": 12.86769104,
        "min": 4.25147724152,
        "var": 25.6662139893
    },
    "barkbands_flatness_db": {
        "dmean": 0.0193328168243,
        "dmean2": 0.031602781266,
        "dvar": 0.000419600430178,
        "dvar2": 0.00106107851025,
        "max": 0.562820196152,
        "mean": 0.367839157581,
        "median": 0.373021692038,
        "min": 0.0594895929098,
        "var": 0.00423760199919
    },
    "barkbands_kurtosis": {
        "dmean": 1.66697669029,
        "dmean2": 2.48095035553,
        "dvar": 12.1622581482,
        "dvar2": 25.3153076172,
        "max": 137.471710205,
        "mean": 3.82345104218,
        "median": 1.85957360268,
        "min": -1.94087350368,
        "var": 57.2186393738
    },
    "barkbands_skewness": {
        "dmean": 0.348644465208,
        "dmean2": 0.506586015224,
        "dvar": 0.210556298494,
        "dvar2": 0.42825204134,
        "max": 11.6065454483,
        "mean": 0.589105784893,
        "median": 0.614050686359,
        "min": -7.43594932556,
        "var": 1.66784250736
    },
    "barkbands_spread": {
        "dmean": 0.96740180254,
        "dmean2": 1.44310176373,
        "dvar": 2.95093202591,
        "dvar2": 7.04355764389,
        "max": 87.3023681641,
        "mean": 5.94720888138,
        "median": 4.77020645142,
        "min": 0.263657182455,
        "var": 24.6880912781
    },
    "dissonance": {
        "dmean": 0.0408755876124,
        "dmean2": 0.0703412592411,
        "dvar": 0.00177232851274,
        "dvar2": 0.00484466226771,
        "max": 0.499999791384,
        "mean": 0.360620856285,
        "median": 0.369210243225,
        "min": 0.0942840874195,
        "var": 0.00619107717648
    },
    "dynamic_complexity": 7.19339466095,
    "erbbands_crest": {
        "dmean": 1.85285270214,
        "dmean2": 2.67147731781,
        "dvar": 5.80545568466,
        "dvar2": 11.4280633926,
        "max": 33.927482605,
        "mean": 15.6311645508,
        "median": 14.3643426895,
        "min": 2.60932803154,
        "var": 45.7762336731
    },
    "erbbands_flatness_db": {
        "dmean": 0.0132652763277,
        "dmean2": 0.0202380325645,
        "dvar": 0.000240664041485,
        "dvar2": 0.000522954913322,
        "max": 0.564536631107,
        "mean": 0.388272792101,
        "median": 0.39381608367,
        "min": 0.0296262018383,
        "var": 0.00442178966478
    },
    "erbbands_kurtosis": {
        "dmean": 1.64186871052,
        "dmean2": 2.26525712013,
        "dvar": 12.7074804306,
        "dvar2": 22.92395401,
        "max": 113.743034363,
        "mean": 4.29257297516,
        "median": 1.34147453308,
        "min": -1.69391715527,
        "var": 63.2035293579
    },
    "erbbands_skewness": {
        "dmean": 0.307517915964,
        "dmean2": 0.420337557793,
        "dvar": 0.173706069589,
        "dvar2": 0.301136344671,
        "max": 5.60363769531,
        "mean": 0.418733239174,
        "median": 0.47516644001,
        "min": -8.54812526703,
        "var": 1.80724334717
    },
    "erbbands_spread": {
        "dmean": 1.58085286617,
        "dmean2": 2.29834461212,
        "dvar": 5.3715672493,
        "dvar2": 12.1272850037,
        "max": 91.062828064,
        "mean": 10.3138837814,
        "median": 8.79698753357,
        "min": 0.547911167145,
        "var": 55.2936325073
    },
    "hfc": {
        "dmean": 2.86284518242,
        "dmean2": 3.57755351067,
        "dvar": 53.7662811279,
        "dvar2": 99.5542144775,
        "max": 123.463188171,
        "mean": 9.14737033844,
        "median": 4.15368080139,
        "min": 1.03219295986e-16,
        "var": 190.441116333
    },
    "melbands_crest": {
        "dmean": 2.05174422264,
        "dmean2": 3.16238999367,
        "dvar": 6.1785736084,
        "dvar2": 14.8181962967,
        "max": 39.7596511841,
        "mean": 15.4379310608,
        "median": 14.6649904251,
        "min": 1.55300211906,
        "var": 32.0419921875
    },
    "melbands_flatness_db": {
        "dmean": 0.0196930076927,
        "dmean2": 0.0316305719316,
        "dvar": 0.000590165378526,
        "dvar2": 0.00143396540079,
        "max": 0.662465929985,
        "mean": 0.459792435169,
        "median": 0.469170540571,
        "min": 0.00295998249203,
        "var": 0.00773831550032
    },
    "melbands_kurtosis": {
        "dmean": 1.66109740734,
        "dmean2": 2.4973783493,
        "dvar": 13.1094856262,
        "dvar2": 25.8826007843,
        "max": 244.842773438,
        "mean": 3.7741587162,
        "median": 1.88092541695,
        "min": -1.93780505657,
        "var": 63.6668395996
    },
    "melbands_skewness": {
        "dmean": 0.351798206568,
        "dmean2": 0.51402759552,
        "dvar": 0.209380984306,
        "dvar2": 0.432621955872,
        "max": 15.2416296005,
        "mean": 0.816634058952,
        "median": 0.802001833916,
        "min": -6.13318824768,
        "var": 1.55670332909
    },
    "melbands_spread": {
        "dmean": 1.7442343235,
        "dmean2": 2.60669755936,
        "dvar": 11.5552692413,
        "dvar2": 26.9689483643,
        "max": 160.00869751,
        "mean": 11.5254640579,
        "median": 7.61092424393,
        "min": 0.610558450222,
        "var": 348.019836426
    },
    "pitch_salience": {
        "dmean": 0.0468371324241,
        "dmean2": 0.0724956020713,
        "dvar": 0.00346609135158,
        "dvar2": 0.00802386645228,
        "max": 0.885210871696,
        "mean": 0.483328580856,
        "median": 0.484065830708,
        "min": 0.0153779238462,
        "var": 0.0178254172206
    },
    "silence_rate_20dB": {
        "dmean": 0,
        "dmean2": 0,
        "dvar": 0,
        "dvar2": 0,
        "max": 1,
        "mean": 1,
        "median": 1,
        "min": 1,
        "var": 0
    },
    "silence_rate_30dB": {
        "dmean": 0.0103067876771,
        "dmean2": 0.0206152368337,
        "dvar": 0.0102008134127,
        "dvar2": 0.0232512652874,
        "max": 1,
        "mean": 0.988647341728,
        "median": 1,
        "min": 0,
        "var": 0.0112226000056
    },
    "silence_rate_60dB": {
        "dmean": 0.0244786217809,
        "dmean2": 0.0489611849189,
        "dvar": 0.023878198117,
        "dvar2": 0.051562666893,
        "max": 1,
        "mean": 0.274959743023,
        "median": 0,
        "min": 0,
        "var": 0.19932962954
    },
    "spectral_centroid": {
        "dmean": 49.6419448853,
        "dmean2": 73.0806655884,
        "dvar": 17269.8828125,
        "dvar2": 29645.0898438,
        "max": 11695.453125,
        "mean": 789.14654541,
        "median": 529.693847656,
        "min": 131.915618896,
        "var": 2286270.75
    },
    "spectral_complexity": {
        "dmean": 0.931798040867,
        "dmean2": 1.52391684055,
        "dvar": 1.38786900043,
        "dvar2": 3.17640686035,
        "max": 25,
        "mean": 8.12528133392,
        "median": 8,
        "min": 0,
        "var": 21.8602676392
    },
    "spectral_decrease": {
        "dmean": 1.1038714387e-09,
        "dmean2": 1.46159329084e-09,
        "dvar": 6.08149390204e-18,
        "dvar2": 1.09063772037e-17,
        "max": 6.28984139207e-21,
        "mean": -4.33683888801e-09,
        "median": -2.42515962867e-09,
        "min": -5.03101347249e-08,
        "var": 3.18913099335e-17
    },
    "spectral_energy": {
        "dmean": 0.00441700126976,
        "dmean2": 0.00582982832566,
        "dvar": 9.84034559224e-05,
        "dvar2": 0.000176497371285,
        "max": 0.200301393867,
        "mean": 0.0171978846192,
        "median": 0.00956642441452,
        "min": 9.97218250338e-21,
        "var": 0.000505401752889
    },
    "spectral_energyband_high": {
        "dmean": 1.36071264478e-06,
        "dmean2": 1.95526808966e-06,
        "dvar": 7.57016463404e-11,
        "dvar2": 1.89048526833e-10,
        "max": 0.000415607588366,
        "mean": 1.91516346604e-06,
        "median": 9.43702218592e-08,
        "min": 6.94095410708e-21,
        "var": 8.17746009796e-11
    },
    "spectral_energyband_low": {
        "dmean": 0.000641680962872,
        "dmean2": 0.000916934746783,
        "dvar": 2.93545485874e-06,
        "dvar2": 5.70411884837e-06,
        "max": 0.0811687037349,
        "mean": 0.00230295257643,
        "median": 0.000274767080555,
        "min": 1.33466982124e-23,
        "var": 2.40028857661e-05
    },
    "spectral_energyband_middle_high": {
        "dmean": 0.00101061584428,
        "dmean2": 0.00123566237744,
        "dvar": 1.60818599397e-05,
        "dvar2": 3.13825912599e-05,
        "max": 0.0855186060071,
        "mean": 0.00235898816027,
        "median": 0.000586067384575,
        "min": 1.1566119558e-21,
        "var": 3.85391795135e-05
    },
    "spectral_energyband_middle_low": {
        "dmean": 0.00350413355045,
        "dmean2": 0.00480030570179,
        "dvar": 7.73125502747e-05,
        "dvar2": 0.000140413991176,
        "max": 0.182407423854,
        "mean": 0.0129799433053,
        "median": 0.00655088294297,
        "min": 1.48964694188e-22,
        "var": 0.000360800593626
    },
    "spectral_entropy": {
        "dmean": 0.138463035226,
        "dmean2": 0.218062028289,
        "dvar": 0.0420338585973,
        "dvar2": 0.0995052531362,
        "max": 9.83120536804,
        "mean": 5.61037015915,
        "median": 5.54992675781,
        "min": 3.87325191498,
        "var": 0.587798595428
    },
    "spectral_flux": {
        "dmean": 0.0153323132545,
        "dmean2": 0.0244381614029,
        "dvar": 0.000855856109411,
        "dvar2": 0.00208516116254,
        "max": 0.32356390357,
        "mean": 0.0306003801525,
        "median": 0.0213660262525,
        "min": 6.25784632446e-11,
        "var": 0.00125464343
    },
    "spectral_kurtosis": {
        "dmean": 31.5769138336,
        "dmean2": 55.1610908508,
        "dvar": 945.08380127,
        "dvar2": 2537.43603516,
        "max": 409.176483154,
        "mean": 101.297782898,
        "median": 95.6257781982,
        "min": -1.28785145283,
        "var": 3567.13720703
    },
    "spectral_rms": {
        "dmean": 0.000423913879786,
        "dmean2": 0.000555859005544,
        "dvar": 5.32440822099e-07,
        "dvar2": 9.41849805258e-07,
        "max": 0.0139791266993,
        "mean": 0.0033318453934,
        "median": 0.00305501185358,
        "min": 3.11912778592e-12,
        "var": 5.67718598177e-06
    },
    "spectral_rolloff": {
        "dmean": 63.0345230103,
        "dmean2": 108.850349426,
        "dvar": 52604.7421875,
        "dvar2": 78769.015625,
        "max": 19939.7460938,
        "mean": 1111.38000488,
        "median": 624.462890625,
        "min": 21.533203125,
        "var": 6769004
    },
    "spectral_skewness": {
        "dmean": 1.71399950981,
        "dmean2": 3.02845478058,
        "dvar": 2.29227399826,
        "dvar2": 6.27515983582,
        "max": 16.2393035889,
        "mean": 6.80797290802,
        "median": 6.75140857697,
        "min": -0.109827488661,
        "var": 7.75139188766
    },
    "spectral_spread": {
        "dmean": 299473.375,
        "dmean2": 527248.3125,
        "dvar": 275789742080,
        "dvar2": 600933728256,
        "max": 42689476,
        "mean": 1793592.75,
        "median": 877904.75,
        "min": 208166.453125,
        "var": 3.26207673467e+13
    },
    "spectral_strongpeak": {
        "dmean": 0.434331864119,
        "dmean2": 0.612850904465,
        "dvar": 0.852529227734,
        "dvar2": 1.55469751358,
        "max": 15.3806858063,
        "mean": 1.51282429695,
        "median": 0.699814081192,
        "min": 0,
        "var": 3.43472242355
    },
    "zerocrossingrate": {
        "dmean": 0.00241109263152,
        "dmean2": 0.0029459267389,
        "dvar": 2.39072214754e-05,
        "dvar2": 2.80372387351e-05,
        "max": 0.53271484375,
        "mean": 0.0372307784855,
        "median": 0.02490234375,
        "min": 0,
        "var": 0.00478341104463
    },
    "barkbands": {
        "dmean": [2.38621964854e-06, 0.00029285022174, 0.000309757975629, 0.000292897719191, 0.000800974143203, 0.00019809960213, 0.000406551262131, 0.00166550802533, 0.0010927420808, 0.000202238137717, 0.000281595101114, 0.000175386230694, 0.000287616247078, 0.000141851996887, 1.78894333658e-05, 2.05707528949e-05, 1.19715632536e-05, 3.63767844647e-06, 2.39844371208e-06, 1.69079498846e-06, 7.95614027993e-07, 1.65582264344e-07, 2.42252262694e-08, 1.5266479636e-08, 2.60214916281e-09, 9.38878086387e-10, 6.93300417076e-10],
        "dmean2": [3.3928688481e-06, 0.000381500489311, 0.000477300694911, 0.000446253601694, 0.00137047434691, 0.000321894389344, 0.000613052165136, 0.00212701689452, 0.00142596429214, 0.000268355302978, 0.000338575948263, 0.000254384765867, 0.000362872320693, 0.000159737552167, 2.77875114989e-05, 2.9896160413e-05, 1.57555223268e-05, 5.11340158482e-06, 3.46160845766e-06, 2.20287847696e-06, 1.17539923394e-06, 2.5208996135e-07, 3.72309258978e-08, 2.35787194214e-08, 4.56691795492e-09, 1.64942581815e-09, 1.26118948618e-09],
        "dvar": [1.12947248776e-10, 1.0094109939e-06, 7.67895926401e-07, 4.27779497159e-07, 3.10198674924e-06, 1.855021452e-07, 1.88678302493e-06, 4.35648435086e-05, 2.57907959167e-05, 8.1965828258e-07, 5.02722014062e-06, 5.49085655166e-07, 6.14640157437e-06, 1.14949921226e-06, 6.90267665249e-09, 9.91257742555e-09, 4.04320577019e-09, 1.67377514626e-10, 1.4807567672e-10, 6.59650598034e-11, 4.65543992245e-11, 1.78644273853e-12, 2.29622703772e-14, 3.98995344143e-14, 8.10144662401e-16, 1.68788354661e-17, 2.01597419003e-18],
        "dvar2": [2.21058185645e-10, 1.58572061082e-06, 1.74324611635e-06, 9.76757632998e-07, 1.00520665001e-05, 4.51029563919e-07, 5.25416180608e-06, 7.00726013747e-05, 4.87902507302e-05, 1.30120588437e-06, 8.84394103196e-06, 1.26602378714e-06, 1.27509856611e-05, 1.89488480373e-06, 1.72272631715e-08, 2.17710400818e-08, 7.27640703246e-09, 3.55050905343e-10, 3.44685613385e-10, 1.42281658677e-10, 1.20632726031e-10, 4.22809053394e-12, 5.6722181341e-14, 9.68630693233e-14, 2.26061764557e-15, 4.46376403948e-17, 6.4783300786e-18],
        "max": [0.000433007837273, 0.0589736625552, 0.0220997296274, 0.0187051650137, 0.0344656221569, 0.0177640300244, 0.0451806895435, 0.170243427157, 0.128904849291, 0.0360365249217, 0.0677524060011, 0.0214325990528, 0.0841125547886, 0.0409968420863, 0.00269388291053, 0.00341462879442, 0.00229960656725, 0.000448074686574, 0.00042178115109, 0.000299740553601, 0.00035401043715, 5.65126465517e-05, 5.42985299035e-06, 1.31138622237e-05, 1.45743467783e-06, 2.00807519946e-07, 2.55301433327e-08],
        "mean": [3.46162846654e-06, 0.00106332800351, 0.000816981308162, 0.000830359407701, 0.00242150900885, 0.000683665799443, 0.00120635540225, 0.00517806690186, 0.00261220545508, 0.00055563589558, 0.000555487407837, 0.000318384030834, 0.000507162010763, 0.000327060581185, 3.79876619263e-05, 4.27573249908e-05, 2.20913079829e-05, 7.68782774685e-06, 3.84712211599e-06, 2.57545434579e-06, 1.04770958842e-06, 1.94001060549e-07, 3.59824809948e-08, 1.5349831628e-08, 2.17855999907e-09, 8.75654326826e-10, 6.27359331151e-10],
        "median": [3.7628532823e-07, 3.76652642444e-05, 0.00010730271606, 0.000222823786316, 0.00112878414802, 0.000386715197237, 0.000310588075081, 0.000504965428263, 0.000267202442046, 9.15457057999e-05, 3.33432435582e-05, 6.08321133768e-05, 3.15512006637e-05, 2.35597108258e-05, 5.39159100299e-06, 4.43318185717e-06, 1.22776373246e-06, 6.53720235277e-07, 2.77362204315e-07, 1.10544789322e-07, 3.10464400854e-08, 3.46660811168e-09, 9.1701379823e-10, 5.18272535999e-10, 2.65887367679e-10, 2.24171070595e-10, 1.82191345344e-10],
        "min": [6.93628199258e-26, 1.12139309108e-24, 1.58198353287e-24, 5.10544072541e-25, 3.07856419529e-24, 4.69950000333e-24, 2.01873292178e-24, 4.95106025183e-24, 1.54579534743e-23, 5.59028370966e-24, 8.67149433607e-24, 1.81167476242e-23, 2.31404095062e-23, 2.17794082968e-23, 3.17993648981e-23, 4.40614251198e-23, 6.06833333934e-23, 9.62255435197e-23, 1.10413175346e-22, 1.50690671361e-22, 2.33588908447e-22, 3.1218863615e-22, 3.30860330066e-22, 4.81943273557e-22, 7.70553324255e-22, 1.33444437741e-21, 1.85471503234e-21],
        "var": [2.25002544374e-10, 1.0539424693e-05, 3.12633596877e-06, 2.1333805762e-06, 1.18152802315e-05, 8.51377876643e-07, 7.14803672963e-06, 0.000200003181817, 8.26455943752e-05, 3.24289931086e-06, 1.25746491904e-05, 8.16981810203e-07, 1.18008329082e-05, 3.85839621231e-06, 1.27571730957e-08, 2.38936728181e-08, 9.29308630049e-09, 4.16924633706e-10, 2.15453613284e-10, 1.06812197975e-10, 4.35985449132e-11, 2.04833762799e-12, 3.32902278064e-14, 3.5634445698e-14, 5.36709456836e-16, 1.36724658633e-17, 1.5799353393e-18]
    },
    "erbbands": {
        "dmean": [0.00228330329992, 0.0848306715488, 0.332238793373, 0.69061434269, 1.73596835136, 2.99894309044, 2.92964029312, 1.71855676174, 6.21838617325, 14.6286897659, 34.9164276123, 24.7281265259, 8.62942028046, 10.4051609039, 7.5068359375, 5.47012710571, 12.3516044617, 9.17411708832, 2.60862708092, 0.953201413155, 0.944002509117, 0.821932137012, 0.273828655481, 0.120578221977, 0.102743364871, 0.0709249675274, 0.0444942712784, 0.0207853130996, 0.00837383698672, 0.00193805701565, 0.000710215361323, 0.000493510742672, 0.000143946046592, 4.29708888987e-05, 1.83405354619e-05, 6.42895474812e-06, 2.43473436967e-06, 6.85036752657e-07, 2.19654089051e-06, 5.05595835421e-06],
        "dmean2": [0.0029131709598, 0.11186696589, 0.500055015087, 1.04410600662, 2.90801072121, 5.16833639145, 4.8599896431, 2.70230746269, 9.67002773285, 18.6710224152, 45.4468269348, 31.6619701385, 11.2317399979, 12.6011962891, 9.37285137177, 7.9970664978, 15.4704437256, 10.248049736, 3.33103871346, 1.45329451561, 1.30892300606, 1.07349038124, 0.371069699526, 0.170707091689, 0.143548086286, 0.0906392708421, 0.0617522373796, 0.0313513241708, 0.0127738658339, 0.00289721670561, 0.00105948781129, 0.000746842590161, 0.000228383403737, 7.0545473136e-05, 3.09545284836e-05, 1.0090187061e-05, 3.71651776732e-06, 1.07278742689e-06, 2.8712704534e-06, 6.64688741381e-06],
        "dvar": [5.80223932047e-05, 0.0834632441401, 0.984002530575, 2.60794901848, 13.069521904, 60.6467857361, 41.9765701294, 17.1221027374, 571.973754883, 3373.88330078, 17373.7011719, 15704.3046875, 973.513183594, 7075.56054688, 2084.75073242, 642.063354492, 10497.6875, 4748.91015625, 318.452667236, 13.6480808258, 20.0238323212, 20.1810302734, 0.715898931026, 0.30045580864, 0.326291710138, 0.143125221133, 0.0866092741489, 0.030264871195, 0.00452355621383, 0.000180721632205, 2.4098007998e-05, 3.63319304597e-05, 3.32981881002e-06, 2.51686884667e-07, 2.8228241078e-08, 1.12910847339e-09, 4.16966600136e-11, 2.42012551492e-12, 2.48986456453e-11, 1.30482943894e-10],
        "dvar2": [8.37072948343e-05, 0.136023029685, 2.23469996452, 5.45739364624, 39.1158370972, 195.581298828, 113.161720276, 41.5945892334, 1610.86376953, 5681.63867188, 29960.2050781, 28337.5722656, 1685.64685059, 13220.4941406, 3531.35791016, 1632.66296387, 21898.4726562, 8496.62597656, 586.268859863, 33.612903595, 39.0874824524, 36.3314704895, 1.48921990395, 0.642418026924, 0.765691816807, 0.288844585419, 0.213241815567, 0.0790171027184, 0.0108469296247, 0.000425045232987, 5.74482764932e-05, 8.70498406584e-05, 8.39206131786e-06, 6.84138456108e-07, 7.8798677805e-08, 2.90444024387e-09, 1.00280561632e-10, 5.76866679425e-12, 4.43487919999e-11, 2.34108094022e-10],
        "max": [0.433343172073, 16.7693691254, 37.9443130493, 57.2475547791, 75.1982269287, 180.557006836, 168.271560669, 134.727645874, 788.297668457, 1762.07763672, 2927.59033203, 3770.2019043, 854.177490234, 2670.17871094, 1944.24865723, 757.188354492, 3462.18896484, 2564.1496582, 854.741333008, 104.712265015, 154.374938965, 162.693817139, 19.3497371674, 16.8297405243, 29.0202541351, 13.6517028809, 11.0757865906, 9.01683044434, 2.81344652176, 0.635719239712, 0.205179914832, 0.392544239759, 0.116322897375, 0.0249392073601, 0.00735836103559, 0.001456865808, 0.000223202980123, 3.56528616976e-05, 9.77599047474e-05, 0.000227648197324],
        "mean": [0.00820990931243, 0.308293730021, 1.02321577072, 1.98500108719, 4.35894870758, 8.31005954742, 9.55100250244, 6.57234811783, 18.729516983, 45.9355888367, 102.992080688, 63.9358863831, 25.9086380005, 21.9016838074, 17.0959587097, 10.1849737167, 22.4366474152, 20.161359787, 6.04146051407, 2.19943928719, 1.95469963551, 1.54602241516, 0.590063333511, 0.223981365561, 0.164796352386, 0.112893179059, 0.0680127963424, 0.0232087876648, 0.00992291048169, 0.00246374076232, 0.00115814304445, 0.000562477740459, 0.000154157867655, 4.95120184496e-05, 2.47591524385e-05, 1.34163128678e-05, 6.84548967911e-06, 1.61785237651e-06, 8.42433655635e-06, 1.94854092115e-05],
        "median": [0.000497336150147, 0.012989198789, 0.112133607268, 0.541790485382, 2.05971431732, 3.12885808945, 4.31780099869, 3.33252859116, 4.62199211121, 7.58246612549, 14.1459188461, 8.52679538727, 5.79213190079, 3.01577496529, 2.51323270798, 2.42383170128, 1.94232153893, 1.25734484196, 1.08127963543, 0.499499201775, 0.296786665916, 0.129944324493, 0.0762798637152, 0.0303152762353, 0.0135360099375, 0.00564619526267, 0.00286805070937, 0.000798641762231, 0.000248009047937, 7.52622581786e-05, 3.49795009242e-05, 2.19191661017e-05, 1.449825686e-05, 1.06282195702e-05, 8.48125182529e-06, 6.29786654827e-06, 3.64966399502e-06, 7.72458633946e-07, 4.63232936454e-06, 1.07679607027e-05],
        "min": [7.78653108216e-23, 3.81959508332e-22, 1.62615388154e-21, 5.44393895191e-21, 1.06915953762e-20, 1.11897309728e-20, 4.72053105526e-20, 7.16131938435e-20, 8.46881275934e-20, 1.33394454303e-19, 1.99378755164e-19, 3.49682849139e-19, 2.70685110236e-19, 4.60680974766e-19, 1.06968753088e-18, 1.11938423189e-18, 1.23095786843e-18, 1.20242789211e-18, 1.88638848885e-18, 2.60857796139e-18, 2.95324302953e-18, 3.2419294769e-18, 4.97457114607e-18, 5.4176669848e-18, 7.31137581528e-18, 7.03611988593e-18, 7.67076345756e-18, 9.64430721127e-18, 1.04673006356e-17, 9.21936385109e-18, 9.76058812588e-18, 9.20363418456e-18, 8.47362992319e-18, 8.05216154876e-18, 4.95390776078e-18, 4.33296933113e-18, 2.30523139202e-18, 9.64313096044e-19, 2.31401036326e-19, 2.51993141913e-20],
        "var": [0.000596598431002, 0.842800796032, 5.15788793564, 13.9773979187, 39.483417511, 186.642333984, 207.011245728, 89.9626235962, 2122.3125, 14172.3339844, 71133.5234375, 57431.0585938, 4017.28955078, 15899.0205078, 6897.61669922, 795.573608398, 20069.4785156, 14489.2910156, 759.847167969, 27.0127182007, 47.2285919189, 46.2669372559, 1.97866308689, 0.530027866364, 0.469657301903, 0.267971783876, 0.101623900235, 0.0260701738298, 0.00512121524662, 0.000218851841055, 3.96698596887e-05, 3.41307168128e-05, 2.74877061202e-06, 1.82975654184e-07, 1.93842506491e-08, 1.13604503582e-09, 9.6663531346e-11, 5.82233089866e-12, 1.23015111986e-10, 6.54427345648e-10]
    },
    "gfcc": {
        "mean": [-268.176483154, 233.905059814, -128.375289917, -50.3178977966, -27.7099971771, -30.9809474945, -19.9231433868, -16.8635101318, -12.4908151627, -11.8923473358, -9.68217849731, -17.3355846405, -5.39916229248],
        "cov": [[35802.78125, 6489.90722656, -4517.20458984, 1560.41101074, 380.416229248, -1807.29516602, 429.35244751, -518.046447754, 344.595947266, -462.769714355, -502.743011475, -1058.8861084, -127.210754395], [6489.90722656, 2340.40576172, -476.579742432, -243.261138916, 215.256698608, -437.529418945, -202.978500366, -122.048782349, -50.827381134, -167.2681427, -116.207420349, -223.257766724, 20.8816680908], [-4517.20458984, -476.579742432, 1267.24169922, -7.94622898102, 32.5545539856, 245.142227173, -22.8585128784, 186.692062378, 28.6297664642, 60.4928703308, 43.0037651062, 71.3480682373, -3.92803215981], [1560.41101074, -243.261138916, -7.94622898102, 873.889099121, 139.092483521, -20.6525840759, 295.544433594, 23.8047924042, 120.754669189, 19.562871933, -29.8540687561, -38.1728286743, -24.0406990051], [380.416229248, 215.256698608, 32.5545539856, 139.092483521, 311.999725342, -17.8330059052, 1.90780603886, -22.4698925018, -6.07910823822, -15.665268898, 5.1823720932, -30.3419132233, 21.5720367432], [-1807.29516602, -437.529418945, 245.142227173, -20.6525840759, -17.8330059052, 395.810119629, 93.5613174438, 1.63434541225, -26.3858032227, 68.3517227173, 83.1268463135, 107.680999756, -5.92719745636], [429.35244751, -202.978500366, -22.8585128784, 295.544433594, 1.90780603886, 93.5613174438, 283.858093262, 101.383155823, 66.2684860229, 54.5033416748, 5.19663858414, -3.08492493629, -15.5042285919], [-518.046447754, -122.048782349, 186.692062378, 23.8047924042, -22.4698925018, 1.63434541225, 101.383155823, 269.92980957, 118.456359863, -0.0324223227799, 5.67471456528, 32.2620849609, -0.23029756546], [344.595947266, -50.827381134, 28.6297664642, 120.754669189, -6.07910823822, -26.3858032227, 66.2684860229, 118.456359863, 164.275680542, 31.9720001221, -14.3287010193, 1.53585469723, -7.40606880188], [-462.769714355, -167.2681427, 60.4928703308, 19.562871933, -15.665268898, 68.3517227173, 54.5033416748, -0.0324223227799, 31.9720001221, 143.230682373, 68.4764633179, -17.8143997192, -33.4967880249], [-502.743011475, -116.207420349, 43.0037651062, -29.8540687561, 5.1823720932, 83.1268463135, 5.19663858414, 5.67471456528, -14.3287010193, 68.4764633179, 141.690963745, 57.5555229187, -33.8281478882], [-1058.8861084, -223.257766724, 71.3480682373, -38.1728286743, -30.3419132233, 107.680999756, -3.08492493629, 32.2620849609, 1.53585469723, -17.8143997192, 57.5555229187, 184.535797119, 48.1609191895], [-127.210754395, 20.8816680908, -3.92803215981, -24.0406990051, 21.5720367432, -5.92719745636, -15.5042285919, -0.23029756546, -7.40606880188, -33.4967880249, -33.8281478882, 48.1609191895, 114.919960022]],
        "icov": [[0.000415871152654, -0.00105820654426, 0.00103784073144, -0.000959620403592, 0.000680217228364, -0.000209287885809, -0.000175029053935, 8.4086714196e-05, -0.000879027822521, 0.00065379217267, -0.000686224317178, 0.00105535041075, -0.000184927863302], [-0.00105820654426, 0.00344260316342, -0.00261293002404, 0.00295080034994, -0.00225824024528, 0.00112635910045, -4.57464466308e-06, 0.00035016585025, 0.00166484853253, -0.000583007349633, 0.0011780152563, -0.00188931904268, 0.000289038696792], [0.00103784073144, -0.00261293002404, 0.00401381263509, -0.00312957004644, 0.00152713491116, -0.00177874299698, 0.00166238972452, -0.00206816615537, -0.000918853969779, 0.000165631907294, -0.000627102970611, 0.00257801637053, -0.000328078342136], [-0.000959620403592, 0.00295080034994, -0.00312957004644, 0.00565631734207, -0.00291041308083, 0.00227817334235, -0.00444329436868, 0.003356522182, -0.00119427510072, 0.00119020347483, 0.000380223034881, -0.002246809192, 0.000872439530212], [0.000680217228364, -0.00225824024528, 0.00152713491116, -0.00291041308083, 0.00554848834872, -0.00108485342935, 0.000817984924652, -0.000198651163373, -0.00108339858707, 0.00158656004351, -0.00276749068871, 0.00315193203278, -0.00212379917502], [-0.000209287885809, 0.00112635910045, -0.00177874299698, 0.00227817334235, -0.00108485342935, 0.00598642649129, -0.00441816821694, 0.0030962547753, -0.000136783724884, 9.20022430364e-05, -0.00090627616737, -0.0028999869246, 0.000868544797413], [-0.000175029053935, -4.57464466308e-06, 0.00166238972452, -0.00444329436868, 0.000817984924652, -0.00441816821694, 0.012879264541, -0.00803321972489, 0.00483945570886, -0.00636155158281, 0.00393667677417, -0.000104585473309, -6.52865637676e-05], [8.4086714196e-05, 0.00035016585025, -0.00206816615537, 0.003356522182, -0.000198651163373, 0.0030962547753, -0.00803321972489, 0.0120768398046, -0.00890765525401, 0.00683159427717, -0.00461213011295, 0.000588618160691, -0.000388780288631], [-0.000879027822521, 0.00166484853253, -0.000918853969779, -0.00119427510072, -0.00108339858707, -0.000136783724884, 0.00483945570886, -0.00890765525401, 0.0166095737368, -0.00980949774384, 0.00765027757734, -0.00537203531712, 0.00198899931274], [0.00065379217267, -0.000583007349633, 0.000165631907294, 0.00119020347483, 0.00158656004351, 9.20022430364e-05, -0.00636155158281, 0.00683159427717, -0.00980949774384, 0.0194558575749, -0.0125605929643, 0.00861872825772, -0.00232386752032], [-0.000686224317178, 0.0011780152563, -0.000627102970611, 0.000380223034881, -0.00276749068871, -0.00090627616737, 0.00393667677417, -0.00461213011295, 0.00765027757734, -0.0125605929643, 0.0192082840949, -0.0103096002713, 0.00688570225611], [0.00105535041075, -0.00188931904268, 0.00257801637053, -0.002246809192, 0.00315193203278, -0.0028999869246, -0.000104585473309, 0.000588618160691, -0.00537203531712, 0.00861872825772, -0.0103096002713, 0.0157801471651, -0.00710650859401], [-0.000184927863302, 0.000289038696792, -0.000328078342136, 0.000872439530212, -0.00212379917502, 0.000868544797413, -6.52865637676e-05, -0.000388780288631, 0.00198899931274, -0.00232386752032, 0.00688570225611, -0.00710650859401, 0.0135055826977]]
    },
    "melbands": {
        "dmean": [5.00227542943e-05, 0.000155160654685, 0.000136438757181, 0.000169365535839, 0.000113986941869, 4.18917661591e-05, 8.69412760949e-05, 0.000234052742599, 0.000272232718999, 0.000154163659317, 3.98511874664e-05, 4.21621116402e-05, 2.67817049462e-05, 2.10945509025e-05, 1.26396271298e-05, 4.00475037168e-05, 1.27164730657e-05, 5.0639073379e-06, 1.68799260791e-06, 1.5138591607e-06, 9.00151576388e-07, 9.07598462163e-07, 3.09733110271e-07, 1.90547311263e-07, 9.61942490108e-08, 9.29151084961e-08, 7.54233653311e-08, 3.72306345753e-08, 2.70097135768e-08, 2.41052582339e-08, 8.47296810491e-09, 4.03306632535e-09, 3.1942288814e-09, 5.6810833815e-10, 4.36280900296e-10, 3.05474395779e-10, 2.69276739795e-10, 8.25014848105e-11, 6.6048798375e-11, 3.03158227688e-11],
        "dmean2": [6.42176310066e-05, 0.000223005961743, 0.000209574151086, 0.000291963369818, 0.000190274440683, 6.46593762212e-05, 0.000134753005113, 0.000294702069368, 0.000359520898201, 0.000196176129975, 5.25626055605e-05, 5.12640326633e-05, 3.28820569848e-05, 2.79232663161e-05, 2.10805792449e-05, 4.72708888992e-05, 1.41904092743e-05, 6.48921195534e-06, 2.58845557255e-06, 2.32499837693e-06, 1.20293918826e-06, 1.19667265608e-06, 4.09223019915e-07, 2.65910472308e-07, 1.36795833328e-07, 1.36193690992e-07, 1.01090627425e-07, 4.74565666764e-08, 3.65373473699e-08, 3.67184860295e-08, 1.27297701269e-08, 6.29233820604e-09, 4.73668348988e-09, 9.17189380001e-10, 6.82126133356e-10, 4.34644709113e-10, 4.19008189256e-10, 1.35036468119e-10, 1.04395214695e-10, 5.34992848633e-11],
        "dvar": [2.95095947678e-08, 2.22734669819e-07, 7.63951035765e-08, 1.77061110662e-07, 6.40344097746e-08, 1.06817195089e-08, 1.02341097374e-07, 9.25619929149e-07, 1.11580482098e-06, 6.68279881211e-07, 2.1021723029e-08, 9.92251685261e-08, 3.15740784629e-08, 7.91763188346e-09, 1.05489892377e-08, 1.18657368375e-07, 1.14500364745e-08, 1.65869773472e-09, 7.33529140207e-11, 6.15312176211e-11, 2.30231996662e-11, 2.65670107441e-11, 1.31810241975e-12, 5.39653337208e-13, 2.51896214391e-13, 3.03206326149e-13, 1.69102131928e-13, 4.42638513462e-14, 2.43546316063e-14, 1.0004754051e-13, 3.3042823035e-15, 1.06943383541e-15, 8.09621778375e-16, 1.27183419781e-17, 1.0306636518e-17, 6.15519776257e-18, 1.26506645419e-17, 8.97322633365e-19, 6.70613210377e-19, 1.98618925148e-19],
        "dvar2": [4.43779129e-08, 4.55307798575e-07, 1.71248245806e-07, 6.005413411e-07, 1.80039378961e-07, 2.40334472323e-08, 2.93601402745e-07, 1.50782875608e-06, 2.05827791433e-06, 1.17842000691e-06, 3.57824880837e-08, 1.85481312087e-07, 5.4674138994e-08, 1.45438034949e-08, 2.94701756332e-08, 2.41325807337e-07, 1.98387049011e-08, 3.02962943621e-09, 1.80829531904e-10, 1.45174025579e-10, 4.05020253447e-11, 4.80634906874e-11, 2.40117908196e-12, 1.11727619344e-12, 5.36745073301e-13, 7.1768941701e-13, 3.89253245522e-13, 8.60429484823e-14, 5.62070125143e-14, 2.64363672012e-13, 8.26159599038e-15, 2.61807507843e-15, 1.82623839791e-15, 3.22595575074e-17, 2.61442889937e-17, 1.3756669541e-17, 3.03000956764e-17, 2.28158353908e-18, 1.69098278557e-18, 5.5704658555e-19],
        "max": [0.0100993439555, 0.0226008854806, 0.00815180502832, 0.00744474865496, 0.00606252718717, 0.00372345047072, 0.0106725106016, 0.0243519209325, 0.0224706139416, 0.0253227837384, 0.00476503511891, 0.00991673395038, 0.00516457762569, 0.00298615614884, 0.00352064496838, 0.0113855199888, 0.00436513731256, 0.0019793251995, 0.000294956320431, 0.000301691237837, 0.00019975505711, 0.00019198305381, 3.33761563525e-05, 2.96503894788e-05, 1.727021845e-05, 2.28685912589e-05, 1.70045877894e-05, 8.34388356452e-06, 6.84389715389e-06, 1.85862681974e-05, 2.30511705013e-06, 1.25166934595e-06, 1.43180568557e-06, 1.34724359668e-07, 1.51448318775e-07, 1.26577546666e-07, 2.33603927313e-07, 5.65496378613e-08, 5.19369223184e-08, 2.59987871232e-08],
        "mean": [0.000182648291229, 0.000521800015122, 0.000401918427087, 0.000451747415354, 0.000368732027709, 0.000157490852871, 0.000255752267549, 0.000743235694245, 0.000748298713006, 0.000397133204388, 0.00012011405488, 9.10247326829e-05, 5.71335949644e-05, 4.32991473645e-05, 1.91363833437e-05, 7.4858442531e-05, 2.90726620733e-05, 1.11405342977e-05, 3.46611773239e-06, 3.30330612996e-06, 1.74536296527e-06, 1.64704067629e-06, 6.42179486476e-07, 4.02317112957e-07, 1.59691865065e-07, 1.46028298786e-07, 1.10280986121e-07, 5.9733842761e-08, 4.32606945822e-08, 2.80137086861e-08, 9.19092357776e-09, 4.51938131363e-09, 3.97804678087e-09, 6.42382258498e-10, 6.25504092966e-10, 5.05395891803e-10, 2.61272919966e-10, 7.97508933892e-11, 6.52619000507e-11, 2.43501278169e-11],
        "median": [7.18538831279e-06, 4.49856306659e-05, 0.000155166169861, 0.000184418619028, 0.000160020848853, 7.42417760193e-05, 6.43929670332e-05, 7.88231991464e-05, 9.85681690508e-05, 3.78998047381e-05, 2.53491270996e-05, 1.01847754195e-05, 6.50698075333e-06, 7.12719293006e-06, 2.8521421882e-06, 2.92167851512e-06, 1.78637674253e-06, 1.54861982082e-06, 4.25174050633e-07, 3.58125646471e-07, 2.18518451334e-07, 7.57869145218e-08, 6.2029783976e-08, 3.78262114964e-08, 1.47868206568e-08, 7.5719697179e-09, 3.7497276395e-09, 1.83826553979e-09, 1.69577707432e-09, 5.52972112544e-10, 1.88153520542e-10, 6.72619876463e-11, 5.46511447208e-11, 1.85000452457e-11, 1.33070603148e-11, 9.97435467553e-12, 7.14531819129e-12, 4.54095181596e-12, 3.53063151631e-12, 2.36383178656e-12],
        "min": [9.0520349203e-25, 8.01531884904e-25, 1.06672128326e-24, 1.44883732132e-24, 1.22299038846e-24, 1.23571510929e-24, 1.13585981401e-24, 1.50526661263e-24, 1.243607071e-24, 2.23859200594e-24, 8.55190795322e-25, 1.63481177276e-24, 1.85059550288e-24, 1.85908305457e-24, 1.82089429815e-24, 2.09552498103e-24, 1.39004243337e-24, 2.18918308365e-24, 3.06271736021e-24, 2.21723418858e-24, 2.99977730403e-24, 2.37105634586e-24, 3.38680193046e-24, 3.78937342761e-24, 3.57635573965e-24, 4.23190585721e-24, 4.15164557099e-24, 3.74987989525e-24, 3.38921347825e-24, 5.0624765995e-24, 4.58422375925e-24, 4.72865709125e-24, 4.24657275359e-24, 4.06070608027e-24, 4.26080932635e-24, 6.00033834136e-24, 4.93833710872e-24, 5.41322032961e-24, 5.34807580163e-24, 5.46794163845e-24],
        "var": [3.11999741598e-07, 1.60890613188e-06, 3.79766674996e-07, 4.84748682084e-07, 3.11210129667e-07, 6.03804650723e-08, 3.64207522807e-07, 4.09850599681e-06, 3.82011421607e-06, 2.55773693425e-06, 8.6828208623e-08, 2.27073030601e-07, 8.88898270546e-08, 1.9122873951e-08, 9.43341049719e-09, 2.41086524966e-07, 3.71627173479e-08, 3.92828791718e-09, 1.30720753666e-10, 1.52079154825e-10, 5.3183412535e-11, 5.91289517349e-11, 3.56696551636e-12, 1.27960012378e-12, 4.19399893503e-13, 4.24407335447e-13, 2.31282386905e-13, 8.80549363351e-14, 3.40790221563e-14, 8.36678138881e-14, 3.11421446289e-15, 1.16251576829e-15, 1.01684537137e-15, 1.3837485914e-17, 1.3086993216e-17, 1.05274358389e-17, 1.16571982924e-17, 7.31320047232e-19, 5.68554218835e-19, 1.29596635466e-19]
    },
    "mfcc": {
        "mean": [-854.83404541, 220.730407715, 0.722344398499, -18.8705825806, -4.99360609055, -10.1025848389, -8.38766956329, -8.45358371735, -5.65615701675, -2.69768738747, -2.77102398872, -3.79140472412, -7.5087223053],
        "cov": [[10349.8544922, 5841.97558594, -1532.6809082, 822.174804688, 646.083496094, -276.184997559, 4.58313369751, 33.5750579834, 275.242645264, 377.716369629, 164.825836182, 93.102104187, -102.059951782], [5841.97558594, 4109.60009766, -363.067993164, 165.513595581, 492.978179932, -125.328620911, -140.329406738, -27.0852565765, 102.139442444, 169.457580566, 71.9679336548, -19.8714199066, -105.612380981], [-1532.6809082, -363.067993164, 743.041137695, -158.125366211, -53.6545982361, 91.8451385498, -75.707321167, -35.1828689575, -33.8717880249, -45.9406356812, -31.5498561859, -47.609539032, 5.77242517471], [822.174804688, 165.513595581, -158.125366211, 459.287353516, 106.290878296, -60.7962646484, 76.3244476318, 60.3234825134, 104.525917053, 112.439468384, 42.521812439, 65.3566970825, 68.935546875], [646.083496094, 492.978179932, -53.6545982361, 106.290878296, 269.166687012, 39.9816894531, -10.7222681046, 46.4674835205, 24.0875091553, 19.2438488007, 16.4906044006, -2.53538346291, 13.7374486923], [-276.184997559, -125.328620911, 91.8451385498, -60.7962646484, 39.9816894531, 244.773635864, 119.139198303, -23.8738975525, -40.3464164734, -23.1052322388, 11.7575883865, -12.9856624603, -32.0126304626], [4.58313369751, -140.329406738, -75.707321167, 76.3244476318, -10.7222681046, 119.139198303, 222.999191284, 52.2031669617, -12.0784273148, 34.7264595032, 31.2898750305, 43.1085090637, 25.6995029449], [33.5750579834, -27.0852565765, -35.1828689575, 60.3234825134, 46.4674835205, -23.8738975525, 52.2031669617, 178.731918335, 108.200721741, -3.32441210747, -9.19467163086, 25.0093078613, 89.8338699341], [275.242645264, 102.139442444, -33.8717880249, 104.525917053, 24.0875091553, -40.3464164734, -12.0784273148, 108.200721741, 190.144058228, 81.555557251, -18.3785438538, 6.87810373306, 72.4456710815], [377.716369629, 169.457580566, -45.9406356812, 112.439468384, 19.2438488007, -23.1052322388, 34.7264595032, -3.32441210747, 81.555557251, 175.148162842, 71.2866897583, 9.82320404053, 2.56757044792], [164.825836182, 71.9679336548, -31.5498561859, 42.521812439, 16.4906044006, 11.7575883865, 31.2898750305, -9.19467163086, -18.3785438538, 71.2866897583, 158.761169434, 83.7463531494, -40.8983001709], [93.102104187, -19.8714199066, -47.609539032, 65.3566970825, -2.53538346291, -12.9856624603, 43.1085090637, 25.0093078613, 6.87810373306, 9.82320404053, 83.7463531494, 178.541122437, 71.2216491699], [-102.059951782, -105.612380981, 5.77242517471, 68.935546875, 13.7374486923, -32.0126304626, 25.6995029449, 89.8338699341, 72.4456710815, 2.56757044792, -40.8983001709, 71.2216491699, 199.982025146]],
