{
"lowlevel": {
    "average_loudness": 0.111126482487,
    "barkbands_crest": {
        "dmean": 1.44048440456,
        "dmean2": 2.08512187004,
        "dvar": 3.1975505352,
        "dvar2": 7.22556829453,
        "max": 26.916519165,
        "mean": 14.3834905624,
        "median": 13.8254098892,
        "min": 4.12796163559,
        "var": 23.7430095673
    },
    "barkbands_flatness_db": {
        "dmean": 0.0181815605611,
        "dmean2": 0.0299821216613,
        "dvar": 0.000422432785854,
        "dvar2": 0.00105584913399,
        "max": 0.60649228096,
        "mean": 0.383805602789,
        "median": 0.39008128643,
        "min": 0.0558881163597,
        "var": 0.00457813311368
    },
    "barkbands_kurtosis": {
        "dmean": 2.33515501022,
        "dmean2": 3.28903675079,
        "dvar": 295.623779297,
        "dvar2": 606.17364502,
        "max": 2218.62451172,
        "mean": 7.32868719101,
        "median": 2.1834936142,
        "min": -1.92312479019,
        "var": 3759.61694336
    },
    "barkbands_skewness": {
        "dmean": 0.328100025654,
        "dmean2": 0.451001912355,
        "dvar": 0.243729248643,
        "dvar2": 0.493457794189,
        "max": 46.4945716858,
        "mean": 0.966148972511,
        "median": 0.93406778574,
        "min": -4.6662311554,
        "var": 4.59572172165
    },
    "barkbands_spread": {
        "dmean": 0.881084501743,
        "dmean2": 1.2800668478,
        "dvar": 4.54332542419,
        "dvar2": 10.5685739517,
        "max": 121.051177979,
        "mean": 5.9495306015,
        "median": 4.42130374908,
        "min": 0.188075467944,
        "var": 33.8669242859
    },
    "dissonance": {
        "dmean": 0.0380929522216,
        "dmean2": 0.064912840724,
        "dvar": 0.0016695408849,
        "dvar2": 0.00446476181969,
        "max": 0.500000238419,
        "mean": 0.345651328564,
        "median": 0.348935157061,
        "min": 0.0747403502464,
        "var": 0.00597437098622
    },
    "dynamic_complexity": 6.25961494446,
    "erbbands_crest": {
        "dmean": 1.78739917278,
        "dmean2": 2.53396916389,
        "dvar": 5.63740873337,
        "dvar2": 11.5997819901,
        "max": 34.3485641479,
        "mean": 15.8730745316,
        "median": 14.3880081177,
        "min": 2.33129143715,
        "var": 50.9523582458
    },
    "erbbands_flatness_db": {
        "dmean": 0.0128012783825,
        "dmean2": 0.0201754365116,
        "dvar": 0.000226963733439,
        "dvar2": 0.000536755484063,
        "max": 0.57454097271,
        "mean": 0.402601182461,
        "median": 0.410476058722,
        "min": 0.0209425333887,
        "var": 0.00454573705792
    },
    "erbbands_kurtosis": {
        "dmean": 1.34349274635,
        "dmean2": 1.84489369392,
        "dvar": 15.820728302,
        "dvar2": 30.8710575104,
        "max": 219.673278809,
        "mean": 3.26540637016,
        "median": 0.6248087883,
        "min": -1.83163928986,
        "var": 61.0131874084
    },
    "erbbands_skewness": {
        "dmean": 0.272811174393,
        "dmean2": 0.375951498747,
        "dvar": 0.177685588598,
        "dvar2": 0.34595233202,
        "max": 11.8736724854,
        "mean": 0.354857742786,
        "median": 0.32371032238,
        "min": -5.95747280121,
        "var": 1.28386390209
    },
    "erbbands_spread": {
        "dmean": 1.48845005035,
        "dmean2": 2.06822371483,
        "dvar": 4.90753793716,
        "dvar2": 10.8493595123,
        "max": 125.549758911,
        "mean": 11.5450973511,
        "median": 9.99359035492,
        "min": 0.456934392452,
        "var": 71.5094528198
    },
    "hfc": {
        "dmean": 2.53227305412,
        "dmean2": 3.05403637886,
        "dvar": 65.5948562622,
        "dvar2": 123.4012146,
        "max": 170.17149353,
        "mean": 8.23009872437,
        "median": 2.4527130127,
        "min": 1.07991916362e-16,
        "var": 260.970825195
    },
    "melbands_crest": {
        "dmean": 1.86100137234,
        "dmean2": 2.69403028488,
        "dvar": 5.18817329407,
        "dvar2": 11.8439731598,
        "max": 39.9857444763,
        "mean": 17.3558006287,
        "median": 16.7023067474,
        "min": 1.52405667305,
        "var": 41.202167511
    },
    "melbands_flatness_db": {
        "dmean": 0.019301770255,
        "dmean2": 0.0314970947802,
        "dvar": 0.000591587391682,
        "dvar2": 0.0014187755296,
        "max": 0.712471604347,
        "mean": 0.488540112972,
        "median": 0.503336489201,
        "min": 0.0028558454942,
        "var": 0.00940425042063
    },
    "melbands_kurtosis": {
        "dmean": 3.36522579193,
        "dmean2": 5.03838729858,
        "dvar": 2013.62329102,
        "dvar2": 5423.75292969,
        "max": 4168.11181641,
        "mean": 8.84060764313,
        "median": 2.44081735611,
        "min": -1.92283332348,
        "var": 8262.38378906
    },
    "melbands_skewness": {
        "dmean": 0.344262778759,
        "dmean2": 0.475225538015,
        "dvar": 0.461791664362,
        "dvar2": 1.08957755566,
        "max": 62.9214859009,
        "mean": 1.25322151184,
        "median": 1.20354962349,
        "min": -4.26697778702,
        "var": 5.2872838974
    },
    "melbands_spread": {
        "dmean": 1.56319534779,
        "dmean2": 2.30137276649,
        "dvar": 11.4688739777,
        "dvar2": 28.3727684021,
        "max": 161.127670288,
        "mean": 11.5598754883,
        "median": 7.09865856171,
        "min": 0.239230528474,
        "var": 396.271331787
    },
    "pitch_salience": {
        "dmean": 0.0397234149277,
        "dmean2": 0.0604284629226,
        "dvar": 0.00263306219131,
        "dvar2": 0.00633836351335,
        "max": 0.824005365372,
        "mean": 0.462012648582,
        "median": 0.458193391562,
        "min": 0.00222061551176,
        "var": 0.0170110817999
    },
    "silence_rate_20dB": {
        "dmean": 0,
        "dmean2": 0,
        "dvar": 0,
        "dvar2": 0,
        "max": 1,
        "mean": 1,
        "median": 1,
        "min": 1,
        "var": 0
    },
    "silence_rate_30dB": {
        "dmean": 0.00893437303603,
        "dmean2": 0.0178701970726,
        "dvar": 0.00885317381471,
        "dvar2": 0.0198261737823,
        "max": 1,
        "mean": 0.983757019043,
        "median": 1,
        "min": 0,
        "var": 0.0159784238786
    },
    "silence_rate_60dB": {
        "dmean": 0.0373619236052,
        "dmean2": 0.0747299194336,
        "dvar": 0.035967502743,
        "dvar2": 0.0766034573317,
        "max": 1,
        "mean": 0.320230662823,
        "median": 0,
        "min": 0,
        "var": 0.217680975795
    },
    "spectral_centroid": {
        "dmean": 45.3186035156,
        "dmean2": 65.3990478516,
        "dvar": 19232.3828125,
        "dvar2": 38044.3359375,
        "max": 11868.3154297,
        "mean": 785.788452148,
        "median": 486.924468994,
        "min": 96.3412475586,
        "var": 2652831.5
    },
    "spectral_complexity": {
        "dmean": 0.846166312695,
        "dmean2": 1.41694414616,
        "dvar": 1.49935114384,
        "dvar2": 3.28793168068,
        "max": 23,
        "mean": 7.53317642212,
        "median": 7,
        "min": 0,
        "var": 17.6550865173
    },
    "spectral_decrease": {
        "dmean": 8.98307650488e-10,
        "dmean2": 1.10480191662e-09,
        "dvar": 6.50622633116e-18,
        "dvar2": 1.16006927575e-17,
        "max": 1.94200760756e-28,
        "mean": -3.56427576342e-09,
        "median": -1.49704126873e-09,
        "min": -5.75049874385e-08,
        "var": 3.40183651741e-17
    },
    "spectral_energy": {
        "dmean": 0.003615509253,
        "dmean2": 0.00443830434233,
        "dvar": 0.000106547719042,
        "dvar2": 0.00019036771846,
        "max": 0.230544924736,
        "mean": 0.0141988946125,
        "median": 0.00587716791779,
        "min": 9.958895107e-21,
        "var": 0.000549022050109
    },
    "spectral_energyband_high": {
        "dmean": 6.27591077773e-07,
        "dmean2": 8.81518133156e-07,
        "dvar": 1.60483241279e-11,
        "dvar2": 3.54946627645e-11,
        "max": 0.00014156405814,
        "mean": 9.67254436546e-07,
        "median": 1.7427202792e-08,
        "min": 7.02637989237e-21,
        "var": 2.44689355583e-11
    },
    "spectral_energyband_low": {
        "dmean": 0.000317288533552,
        "dmean2": 0.000438264018157,
        "dvar": 1.21364041661e-06,
        "dvar2": 2.24145378525e-06,
        "max": 0.0482714436948,
        "mean": 0.00116330885794,
        "median": 0.00017169144121,
        "min": 1.04760601996e-23,
        "var": 8.88805243449e-06
    },
    "spectral_energyband_middle_high": {
        "dmean": 0.000836598628666,
        "dmean2": 0.00101673149038,
        "dvar": 1.61882198881e-05,
        "dvar2": 2.97209662676e-05,
        "max": 0.144586905837,
        "mean": 0.00208504567854,
        "median": 0.000367855478544,
        "min": 1.18382470353e-21,
        "var": 4.40698822786e-05
    },
    "spectral_energyband_middle_low": {
        "dmean": 0.00292297359556,
        "dmean2": 0.00369098386727,
        "dvar": 8.57811901369e-05,
        "dvar2": 0.000157100279466,
        "max": 0.204133197665,
        "mean": 0.0113432705402,
        "median": 0.00443887012079,
        "min": 1.66250163856e-22,
        "var": 0.000427737599239
    },
    "spectral_entropy": {
        "dmean": 0.127403646708,
        "dmean2": 0.20089943707,
        "dvar": 0.0476229637861,
        "dvar2": 0.113103322685,
        "max": 9.82742595673,
        "mean": 5.49740600586,
        "median": 5.38819360733,
        "min": 3.70107698441,
        "var": 0.688148915768
    },
    "spectral_flux": {
        "dmean": 0.0123552624136,
        "dmean2": 0.0194240473211,
        "dvar": 0.000773262465373,
        "dvar2": 0.00180887116585,
        "max": 0.358425348997,
        "mean": 0.0238751210272,
        "median": 0.0139840198681,
        "min": 6.29457666546e-11,
        "var": 0.00106553616934
    },
    "spectral_kurtosis": {
        "dmean": 36.9836502075,
        "dmean2": 64.2555160522,
        "dvar": 1385.80102539,
        "dvar2": 3835.27319336,
        "max": 445.476196289,
        "mean": 130.591171265,
        "median": 124.687690735,
        "min": -1.28107559681,
        "var": 5508.22070312
    },
    "spectral_rms": {
        "dmean": 0.00035976927029,
        "dmean2": 0.000435617752373,
        "dvar": 5.38833603514e-07,
        "dvar2": 8.86296049885e-07,
        "max": 0.0149973956868,
        "mean": 0.00296148424968,
        "median": 0.0023945402354,
        "min": 3.11704915351e-12,
        "var": 5.0821372497e-06
    },
    "spectral_rolloff": {
        "dmean": 61.6788864136,
        "dmean2": 106.951416016,
        "dvar": 59037.2070312,
        "dvar2": 122190.023438,
        "max": 19832.0800781,
        "mean": 1142.40722656,
        "median": 645.99609375,
        "min": 21.533203125,
        "var": 7845416.5
    },
    "spectral_skewness": {
        "dmean": 1.81366181374,
        "dmean2": 3.19186735153,
        "dvar": 2.8082473278,
        "dvar2": 7.73573875427,
        "max": 17.3749370575,
        "mean": 7.82947587967,
        "median": 7.9529337883,
        "min": -0.0914562493563,
        "var": 10.4431123734
    },
    "spectral_spread": {
        "dmean": 308873.34375,
        "dmean2": 550757.125,
        "dvar": 238423867392,
        "dvar2": 484782702592,
        "max": 43153536,
        "mean": 1829496.875,
        "median": 791354.3125,
        "min": 198169.828125,
        "var": 3.74034021745e+13
    },
    "spectral_strongpeak": {
        "dmean": 0.379121750593,
        "dmean2": 0.543255925179,
        "dvar": 0.830763339996,
        "dvar2": 1.55498671532,
        "max": 16.3943386078,
        "mean": 1.34071099758,
        "median": 0.547390401363,
        "min": 0,
        "var": 3.74520421028
    },
    "zerocrossingrate": {
        "dmean": 0.00236323848367,
        "dmean2": 0.00298164505512,
        "dvar": 2.58879736066e-05,
        "dvar2": 4.18661693402e-05,
        "max": 0.52685546875,
        "mean": 0.0365718826652,
        "median": 0.02392578125,
        "min": 0,
        "var": 0.00544836791232
    },
    "barkbands": {
        "dmean": [2.19523735723e-06, 0.00011554863886, 0.00018849154003, 9.51131223701e-05, 0.000418548384914, 0.000407438492402, 0.000167235411936, 0.000516192696523, 0.00168948166538, 0.000502642302308, 0.00020318935276, 6.16995821474e-05, 0.000105026520032, 0.000129560110508, 6.5913394792e-05, 1.21083612612e-05, 1.96139808395e-05, 3.46211140823e-06, 3.19878381561e-06, 1.06432480607e-06, 2.14455653236e-07, 6.9484755727e-08, 1.08420019629e-08, 4.61256810524e-09, 8.82105388733e-10, 6.44752529144e-10, 6.28668950231e-10],
        "dmean2": [3.0786620755e-06, 0.000140822099638, 0.000280421983916, 0.000147977320012, 0.000593560631387, 0.000617826299276, 0.00027172229602, 0.000716824724805, 0.00201584771276, 0.000589333765674, 0.000262841378571, 9.03566397028e-05, 0.000148923645611, 0.000159425006132, 9.2692207545e-05, 1.78463287739e-05, 2.55524882959e-05, 4.88609157401e-06, 4.6745731197e-06, 1.48241213083e-06, 3.19096898238e-07, 9.93988820142e-08, 1.62038187312e-08, 6.98282320855e-09, 1.57786395061e-09, 1.18500853574e-09, 1.17345588801e-09],
        "dvar": [5.84498630052e-11, 2.83048251504e-07, 5.35191759354e-07, 5.34822142129e-08, 7.07096319275e-07, 1.50512539676e-06, 4.93937648116e-07, 5.20552202943e-06, 6.36718759779e-05, 8.61467287905e-06, 4.14483793065e-06, 7.70158905539e-08, 8.2056607198e-07, 1.68258100075e-06, 1.88489480024e-06, 3.73132946763e-09, 1.25878898416e-08, 3.53180540369e-10, 4.21034540565e-10, 4.48545783849e-11, 6.08569705046e-12, 2.58412215237e-13, 6.40935728089e-15, 1.72735005417e-15, 2.05437203814e-17, 2.83948646336e-18, 2.5940199962e-18],
        "dvar2": [1.04873436324e-10, 3.31187521851e-07, 1.14534486784e-06, 1.19552694855e-07, 1.31253284508e-06, 3.22808818964e-06, 1.23795427953e-06, 1.12726611405e-05, 0.000111134599138, 1.33963521876e-05, 7.80675600254e-06, 1.62351284416e-07, 1.9963520117e-06, 3.42851490132e-06, 4.89445574203e-06, 8.4797431299e-09, 2.50983536176e-08, 7.54882212295e-10, 9.73415792416e-10, 9.87909060113e-11, 1.45453423611e-11, 6.13349432008e-13, 1.35855673702e-14, 3.32673545287e-15, 5.60896681168e-17, 9.40761940516e-18, 8.98155521524e-18],
        "max": [0.000232232938288, 0.0400873944163, 0.0294733420014, 0.00637985998765, 0.0373945347965, 0.0631355792284, 0.0306782219559, 0.069855645299, 0.192747995257, 0.115920439363, 0.131605833769, 0.0123314335942, 0.0300264321268, 0.0568551234901, 0.0845415368676, 0.00250033545308, 0.00371664366685, 0.000554869126063, 0.000690697692335, 0.000248495285632, 0.000116325303679, 2.17936139961e-05, 3.15889656122e-06, 1.82365351975e-06, 2.13231984958e-07, 3.42692132449e-08, 3.47800153122e-08],
        "mean": [3.10867812914e-06, 0.000440843490651, 0.00058259209618, 0.000277926184935, 0.0024573802948, 0.00116098090075, 0.00048866000725, 0.00123709242325, 0.00514259375632, 0.00118661031593, 0.000420387688791, 0.000145415062434, 0.000223733251914, 0.000234420687775, 0.000121575183584, 2.93118901027e-05, 3.31099290634e-05, 6.33778790871e-06, 4.89113244839e-06, 1.56264934503e-06, 2.58508862316e-07, 9.09762789547e-08, 1.33784192613e-08, 5.40881162081e-09, 9.33020771754e-10, 7.01534608183e-10, 6.41919684075e-10],
        "median": [5.90977549564e-07, 1.59437331604e-05, 9.29958405322e-05, 6.86109779053e-05, 0.0013302982552, 0.000341093138559, 0.000109713408165, 0.000228875112953, 0.00022099641501, 8.62094166223e-05, 3.1163370295e-05, 2.6617974072e-05, 1.67445250554e-05, 1.1452824765e-05, 4.64645381726e-06, 1.77774847998e-06, 8.01638293524e-07, 1.38742336731e-07, 7.43349914956e-08, 1.99977012727e-08, 2.96746294204e-09, 7.41369243773e-10, 3.75372288808e-10, 2.86994927823e-10, 2.15881590382e-10, 2.36395347741e-10, 2.37202812947e-10],
        "min": [4.319931986e-25, 2.33972949602e-24, 7.11216777587e-25, 5.4058192366e-25, 4.8508480956e-24, 6.39773924971e-24, 3.03375393764e-24, 3.05893595546e-24, 7.03015483793e-24, 8.43654552609e-24, 8.00716537993e-24, 2.16668220684e-23, 2.14924049222e-23, 2.03483814825e-23, 4.31929839264e-23, 5.24924423086e-23, 5.53976939603e-23, 8.13668245662e-23, 1.18861383391e-22, 1.42274737193e-22, 2.00357694742e-22, 2.85519937382e-22, 3.63982870293e-22, 5.66535971245e-22, 7.94966764358e-22, 1.2951842974e-21, 1.88287633167e-21],
        "var": [1.2488465817e-10, 3.48660819327e-06, 2.24269592763e-06, 3.65453303175e-07, 1.13398582471e-05, 5.73271518078e-06, 2.38054803958e-06, 1.1995701243e-05, 0.000313533470035, 2.6876490665e-05, 9.81181892712e-06, 1.87742898561e-07, 1.24062023588e-06, 3.18457500725e-06, 2.37927929447e-06, 1.13033999938e-08, 2.4614884353e-08, 7.24622251091e-10, 6.37958963434e-10, 6.88153839468e-11, 6.18613060083e-12, 3.23669395322e-13, 7.94898662274e-15, 2.31292785929e-15, 1.71909952313e-17, 2.49726199161e-18, 2.02291216741e-18]
    },
    "erbbands": {
        "dmean": [0.00109319575131, 0.0340201742947, 0.178791597486, 0.297737658024, 0.685293853283, 1.6417863369, 4.29117155075, 1.95884752274, 2.81755948067, 2.68834042549, 19.1456031799, 42.5117683411, 22.4937171936, 7.52249097824, 6.9740524292, 2.88242387772, 4.69286203384, 6.80752468109, 3.47793936729, 2.57781362534, 0.775852262974, 0.96574640274, 0.270748496056, 0.164411991835, 0.12047880888, 0.0384229011834, 0.0155245615169, 0.00806572008878, 0.00358694582246, 0.000884464825504, 0.000196494453121, 0.000144398349221, 4.38839160779e-05, 1.47380169437e-05, 7.0494238571e-06, 3.90470677303e-06, 1.90135983758e-06, 5.87946942687e-07, 1.82405972282e-06, 4.16539114667e-06],
        "dmean2": [0.00134044047445, 0.0426338091493, 0.264539808035, 0.443979203701, 0.948226153851, 2.38718938828, 6.3543920517, 2.92587733269, 4.60931253433, 3.71082305908, 26.4762992859, 49.8323974609, 25.9176921844, 9.48709583282, 8.60252857208, 4.1098241806, 6.60375642776, 8.54646587372, 4.61005830765, 3.61059498787, 1.07885539532, 1.25809621811, 0.374452859163, 0.242215082049, 0.167411103845, 0.0526922158897, 0.022000009194, 0.0116606308147, 0.00505915796384, 0.0012430556817, 0.000309248658596, 0.000222324233619, 6.57711716485e-05, 2.33636219491e-05, 1.16510755106e-05, 6.20946593699e-06, 2.91285141429e-06, 9.38828179642e-07, 2.22598032451e-06, 5.10134850629e-06],
        "dvar": [1.93001251318e-05, 0.0231666471809, 0.463817030191, 0.782921969891, 2.71099185944, 11.2238464355, 189.936523438, 27.2045154572, 157.277893066, 199.234481812, 8897.43359375, 46403.3046875, 10265.6572266, 2201.19970703, 8218.05664062, 206.090438843, 1374.57373047, 3404.03051758, 1549.62731934, 2823.64038086, 12.6270561218, 35.7442550659, 1.85457801819, 1.30336046219, 0.735620141029, 0.0462596528232, 0.0100168315694, 0.00978037063032, 0.000646274944302, 3.40361148119e-05, 2.30790419664e-06, 1.75618981757e-06, 1.49218479351e-07, 7.26104643078e-09, 9.50128309363e-10, 1.25238430737e-10, 2.38159283961e-11, 2.30212333571e-12, 2.77129603987e-11, 1.43194386903e-10],
        "dvar2": [2.32819438679e-05, 0.0289789773524, 1.02776944637, 1.47979724407, 5.34539175034, 21.9969539642, 379.049255371, 52.4887771606, 394.890014648, 395.956420898, 19326.1738281, 79173.8046875, 16484.8476562, 3883.13085938, 15278.1367188, 421.589874268, 3342.03125, 6657.16113281, 3762.37109375, 7364.68701172, 28.3486824036, 71.675163269, 3.97057676315, 2.92965841293, 1.60803341866, 0.0997865349054, 0.0217564553022, 0.0241378210485, 0.00152709824033, 6.94865375408e-05, 5.85136194786e-06, 3.46391470885e-06, 3.06618261448e-07, 1.60872097865e-08, 2.53284637708e-09, 3.08934655635e-10, 5.28267776745e-11, 5.57167072895e-12, 4.94900856407e-11, 2.56556026423e-10],
        "max": [0.363701164722, 11.029797554, 24.9326343536, 28.2124042511, 73.2186965942, 186.842987061, 893.433349609, 163.286590576, 553.257385254, 754.601928711, 2803.27441406, 5652.9765625, 3997.60351562, 1704.78833008, 6454.68505859, 658.43963623, 1220.12915039, 2426.55932617, 2331.609375, 3249.89282227, 108.475120544, 258.71206665, 39.7390403748, 46.8511772156, 34.7070388794, 7.99297142029, 3.5118124485, 7.1117606163, 0.869258224964, 0.228976011276, 0.0605662800372, 0.0509996078908, 0.0192529764026, 0.00318715814501, 0.00175776181277, 0.000414572306909, 0.000128756422782, 3.67921711586e-05, 0.000114317736006, 0.00026409100974],
        "mean": [0.00370882661082, 0.131312295794, 0.598454296589, 0.919054985046, 2.95833396912, 10.7737007141, 12.5782489777, 6.75794172287, 7.84994220734, 8.61761474609, 44.8741531372, 138.082061768, 60.7555541992, 18.0375118256, 15.2466802597, 7.020860672, 10.4506473541, 12.931427002, 6.67933416367, 4.94706773758, 1.71837735176, 1.68138837814, 0.499920129776, 0.256301224232, 0.201395079494, 0.0602165572345, 0.0232084356248, 0.00993528682739, 0.00485019944608, 0.00120202708058, 0.00025200645905, 0.000174688262632, 6.10711067566e-05, 2.5649975214e-05, 1.52734046424e-05, 1.04163318611e-05, 5.81656149734e-06, 1.48749768414e-06, 7.04375634086e-06, 1.6170903109e-05],
        "median": [0.000330362323439, 0.00598722416908, 0.0825483351946, 0.288514524698, 1.28563344479, 5.00630235672, 4.57016515732, 2.55665874481, 1.73262250423, 2.47421503067, 7.88496208191, 6.82943296432, 4.82192230225, 2.61913061142, 1.11453258991, 1.35365092754, 1.20802915096, 1.0614733696, 0.585111260414, 0.266772329807, 0.171573519707, 0.0629820898175, 0.0203010737896, 0.00656331470236, 0.00266451854259, 0.00112809881102, 0.000395023700548, 0.000117339943245, 4.28861349064e-05, 2.08210276469e-05, 1.43007391671e-05, 1.09909015009e-05, 8.76343619893e-06, 6.82654581396e-06, 5.50158210899e-06, 4.09809717894e-06, 2.39467976826e-06, 5.24748088537e-07, 2.84437624032e-06, 6.594455499e-06],
        "min": [1.01348507212e-22, 3.25673386599e-22, 1.29250979387e-21, 3.91178033372e-21, 6.44154219667e-21, 2.07712435045e-20, 2.29841374356e-20, 5.85073377559e-20, 3.95462320035e-20, 1.08107652837e-19, 2.13816934262e-19, 3.02400352295e-19, 4.92644009117e-19, 4.11606753017e-19, 6.64248727648e-19, 9.89973789609e-19, 7.77407087144e-19, 1.83245341778e-18, 2.15411190476e-18, 2.28372366212e-18, 3.99601399988e-18, 3.80033325905e-18, 4.3267369388e-18, 4.51756461099e-18, 6.25765028529e-18, 7.12975507691e-18, 8.34190968244e-18, 9.22305886688e-18, 1.11028805756e-17, 1.07464277702e-17, 1.04915932758e-17, 1.01775831076e-17, 1.03321335332e-17, 7.792708905e-18, 5.84977166114e-18, 3.87398004411e-18, 1.95305697148e-18, 8.56859594437e-19, 2.39382321111e-19, 2.58884267274e-20],
        "var": [0.000195055486984, 0.27682197094, 2.3247461319, 3.85129666328, 22.0632591248, 260.857299805, 675.209838867, 130.292388916, 710.899230957, 679.889526367, 18777.0292969, 247417.53125, 34430.4179688, 5938.47265625, 19861.9179688, 498.275512695, 2128.93212891, 6846.14111328, 2271.19262695, 3471.27856445, 26.7054138184, 73.0860290527, 3.71314311028, 1.9266821146, 1.33705544472, 0.0796242132783, 0.0159153994173, 0.00906271487474, 0.000837098748889, 4.98100234836e-05, 2.22427183871e-06, 2.28513113143e-06, 1.92050435999e-07, 1.02239550159e-08, 1.29594512899e-09, 3.49649198483e-10, 9.66723229245e-11, 7.5291110152e-12, 1.39496483809e-10, 7.25174531535e-10]
    },
    "gfcc": {
        "mean": [-284.781402588, 243.392242432, -118.651878357, -60.7749938965, -21.2048625946, -28.3445262909, -26.4400615692, -16.1129837036, -12.5184993744, -17.1369056702, -14.2659292221, -18.4711608887, -0.505311787128],
        "cov": [[30401.9707031, 5770.33203125, -5168.34423828, -318.915496826, -159.973464966, -1525.24157715, 199.895278931, -400.972290039, -480.231048584, -667.350402832, -521.684631348, -660.403381348, 53.9763145447], [5770.33203125, 2540.97607422, -356.035003662, -744.908874512, 6.41724586487, -212.083251953, -349.822601318, -221.091766357, -157.461273193, -169.772338867, -62.6049690247, -176.228012085, 2.16231632233], [-5168.34423828, -356.035003662, 1498.32019043, -164.18409729, -10.0839204788, 378.247833252, -129.138916016, 28.3916759491, 68.8250656128, 79.4875488281, 92.1927185059, 65.7492141724, -41.0489120483], [-318.915496826, -744.908874512, -164.18409729, 678.286682129, 111.97366333, 9.21188354492, 296.882629395, 72.9701690674, 32.6025810242, 64.5730209351, 0.0965412557125, 21.9183273315, -30.3468093872], [-159.973464966, 6.41724586487, -10.0839204788, 111.97366333, 233.038452148, 35.5495948792, 29.3178005219, 16.2712593079, -11.5829916, 38.8232002258, 38.77551651, -15.810833931, -7.6873497963], [-1525.24157715, -212.083251953, 378.247833252, 9.21188354492, 35.5495948792, 341.440032959, 67.878364563, -19.6968688965, 33.3622703552, 68.3591384888, 56.4018592834, 42.5729026794, -26.6207733154], [199.895278931, -349.822601318, -129.138916016, 296.882629395, 29.3178005219, 67.878364563, 316.261871338, 117.824310303, 20.4224338531, 23.16314888, -4.65639638901, 3.29046988487, -25.7971572876], [-400.972290039, -221.091766357, 28.3916759491, 72.9701690674, 16.2712593079, -19.6968688965, 117.824310303, 234.407150269, 107.293075562, 6.09099721909, -15.1581459045, 5.82447576523, -21.1511821747], [-480.231048584, -157.461273193, 68.8250656128, 32.6025810242, -11.5829916, 33.3622703552, 20.4224338531, 107.293075562, 147.870910645, 59.589225769, -16.9648990631, 5.9582452774, -13.0966806412], [-667.350402832, -169.772338867, 79.4875488281, 64.5730209351, 38.8232002258, 68.3591384888, 23.16314888, 6.09099721909, 59.589225769, 138.69883728, 57.686630249, -11.6275939941, -20.5147590637], [-521.684631348, -62.6049690247, 92.1927185059, 0.0965412557125, 38.77551651, 56.4018592834, -4.65639638901, -15.1581459045, -16.9648990631, 57.686630249, 112.730041504, 49.1782302856, -13.7588996887], [-660.403381348, -176.228012085, 65.7492141724, 21.9183273315, -15.810833931, 42.5729026794, 3.29046988487, 5.82447576523, 5.9582452774, -11.6275939941, 49.1782302856, 139.850021362, 57.4646720886], [53.9763145447, 2.16231632233, -41.0489120483, -30.3468093872, -7.6873497963, -26.6207733154, -25.7971572876, -21.1511821747, -13.0966806412, -20.5147590637, -13.7588996887, 57.4646720886, 113.619354248]],
        "icov": [[0.00047841045307, -0.00108719640411, 0.0012212904403, -0.000709786021616, 0.000801181711722, -1.73522003024e-05, -0.000671093235724, 0.000360102654668, -0.000911128357984, 0.00136159744579, -0.00113935861737, 0.00135112099815, -0.00067062251037], [-0.00108719640411, 0.00335261179134, -0.00265764188953, 0.00271469401196, -0.00252290046774, 0.000487768731546, 0.00100855075289, 0.000306092348183, 0.0011831978336, -0.00183222314809, 0.00190581497736, -0.00205392576754, 0.00152230414096], [0.0012212904403, -0.00265764188953, 0.00441519496962, -0.00205557094887, 0.00250948430039, -0.0019216601504, 4.17788833147e-05, -0.000553092279006, -0.00139251200017, 0.00324761890806, -0.00306674931198, 0.00363831478171, -0.00164306117222], [-0.000709786021616, 0.00271469401196, -0.00205557094887, 0.00628614705056, -0.00418264139444, 0.00281821889803, -0.00412687053904, 0.00325243291445, -0.000705505837686, -0.00256098201498, 0.00357197155245, -0.00408117193729, 0.0032205786556], [0.000801181711722, -0.00252290046774, 0.00250948430039, -0.00418264139444, 0.00825735740364, -0.0026427959092, 0.00209504947998, -0.00329522020184, 0.00145970564336, 0.00128008821048, -0.0046502109617, 0.00499548902735, -0.00343166198581], [-1.73522003024e-05, 0.000487768731546, -0.0019216601504, 0.00281821889803, -0.0026427959092, 0.00799125060439, -0.00606145616621, 0.00597304990515, -0.00436825631186, -0.000195746382815, 0.000107064719487, -0.00265814643353, 0.00230512628332], [-0.000671093235724, 0.00100855075289, 4.17788833147e-05, -0.00412687053904, 0.00209504947998, -0.00606145616621, 0.0133024025708, -0.0100847585127, 0.00922848191112, -0.00490123778582, 0.00336932297796, -0.00117302779108, 0.00025704150903], [0.000360102654668, 0.000306092348183, -0.000553092279006, 0.00325243291445, -0.00329522020184, 0.00597304990515, -0.0100847585127, 0.0165637657046, -0.0157811697572, 0.00942548643798, -0.00610274355859, 0.00269535160623, 0.000242786176386], [-0.000911128357984, 0.0011831978336, -0.00139251200017, -0.000705505837686, 0.00145970564336, -0.00436825631186, 0.00922848191112, -0.0157811697572, 0.0288545507938, -0.0212466511875, 0.0187171641737, -0.0120795089751, 0.00581735931337], [0.00136159744579, -0.00183222314809, 0.00324761890806, -0.00256098201498, 0.00128008821048, -0.000195746382815, -0.00490123778582, 0.00942548643798, -0.0212466511875, 0.0307009313256, -0.02480106242, 0.0187258273363, -0.00882009975612], [-0.00113935861737, 0.00190581497736, -0.00306674931198, 0.00357197155245, -0.0046502109617, 0.000107064719487, 0.00336932297796, -0.00610274355859, 0.0187171641737, -0.02480106242, 0.035326462239, -0.0232766922563, 0.0134203834459], [0.00135112099815, -0.00205392576754, 0.00363831478171, -0.00408117193729, 0.00499548902735, -0.00265814643353, -0.00117302779108, 0.00269535160623, -0.0120795089751, 0.0187258273363, -0.0232766922563, 0.0276889856905, -0.0152618847787], [-0.00067062251037, 0.00152230414096, -0.00164306117222, 0.0032205786556, -0.00343166198581, 0.00230512628332, 0.00025704150903, 0.000242786176386, 0.00581735931337, -0.00882009975612, 0.0134203834459, -0.0152618847787, 0.0181910842657]]
    },
    "melbands": {
        "dmean": [2.03754279937e-05, 7.85196971265e-05, 5.76978272875e-05, 7.46015793993e-05, 0.000129085383378, 5.38948988833e-05, 3.88052503695e-05, 3.43657629855e-05, 0.000178471222171, 0.000275167316431, 0.000104824197479, 3.1731564377e-05, 2.2436670406e-05, 9.95084428723e-06, 7.26812868379e-06, 1.28677720568e-05, 1.37113911478e-05, 5.46710680283e-06, 6.80301445755e-06, 1.2579646409e-06, 8.42379620281e-07, 1.26242798615e-06, 2.65244665343e-07, 1.81694119306e-07, 1.40013966643e-07, 8.85065105649e-08, 6.50996980767e-08, 1.76531980145e-08, 1.27951533813e-08, 7.27796800604e-09, 3.42393025043e-09, 1.78288828145e-09, 1.34515210082e-09, 3.31764560269e-10, 1.07102486602e-10, 8.64901275599e-11, 7.82243159136e-11, 2.67992572578e-11, 2.06451470502e-11, 9.84184348601e-12],
        "dmean2": [2.44468774326e-05, 0.00011067554442, 8.38212217786e-05, 0.000105061080831, 0.000189973186934, 8.16474130261e-05, 6.34011594229e-05, 4.79487207485e-05, 0.000249243195867, 0.000317450409057, 0.000121263474284, 3.94850794692e-05, 2.91147171083e-05, 1.28769443108e-05, 1.12786128739e-05, 1.78664995474e-05, 1.7002250388e-05, 7.13153167453e-06, 9.38395714911e-06, 1.90342018414e-06, 1.14689544262e-06, 1.64724951901e-06, 3.5603218862e-07, 2.52991100069e-07, 2.10716152083e-07, 1.29859728304e-07, 8.94722020917e-08, 2.46907188028e-08, 1.79743135931e-08, 1.09302238371e-08, 4.90424678645e-09, 2.56983168079e-09, 1.8906947119e-09, 4.79771611328e-10, 1.77649242539e-10, 1.36725394895e-10, 1.2109896419e-10, 4.30143108632e-11, 2.95679071505e-11, 1.72107848806e-11],
        "dvar": [8.67323013409e-09, 8.66234586283e-08, 2.05953707422e-08, 2.36886688043e-08, 1.41318949431e-07, 2.04936547732e-08, 2.76504774632e-08, 3.6129936376e-08, 9.26881853047e-07, 2.04078219213e-06, 2.49852405432e-07, 4.62396982925e-08, 6.77749056877e-08, 1.12879607883e-08, 9.27349752544e-10, 1.41277016752e-08, 1.73888565769e-08, 4.85732565281e-09, 2.24063985144e-08, 7.01628061206e-11, 2.0632558162e-11, 5.62829644002e-11, 2.11413438839e-12, 9.11571707875e-13, 1.25580915025e-12, 5.2807606378e-13, 1.9625443035e-13, 8.93406052941e-15, 7.58927883509e-15, 1.21168622146e-14, 2.80787144498e-15, 1.87206576556e-16, 1.01320585608e-16, 7.38904890198e-18, 1.12942641132e-18, 3.80439880006e-19, 5.50779089748e-19, 6.59867113169e-20, 2.71666178755e-20, 4.67627414599e-21],
        "dvar2": [9.86901937949e-09, 1.70807368249e-07, 4.09365057408e-08, 4.65454874643e-08, 2.74166751524e-07, 4.23600106103e-08, 7.08871255028e-08, 7.43381320945e-08, 2.01435386771e-06, 3.39110465575e-06, 3.97824095444e-07, 7.66284884435e-08, 1.30931141484e-07, 2.03769374707e-08, 2.43217046503e-09, 3.37819479057e-08, 3.3658036358e-08, 1.12283728981e-08, 5.77195962137e-08, 1.81517162412e-10, 4.11711324755e-11, 1.12937478813e-10, 4.29378754774e-12, 1.90032494948e-12, 2.82206614848e-12, 1.23961225399e-12, 4.34812288171e-13, 1.91959197425e-14, 1.55429834313e-14, 2.78231959499e-14, 7.05645784182e-15, 4.60754000752e-16, 2.17966736854e-16, 1.44997631084e-17, 3.05356535538e-18, 8.35126044228e-19, 1.06815373123e-18, 1.53743562661e-19, 4.4595387699e-20, 1.23198374041e-20],
        "max": [0.00733724888414, 0.0122453225777, 0.00427266070619, 0.009277661331, 0.024317085743, 0.0049970545806, 0.00709803495556, 0.00937199778855, 0.0288252234459, 0.0379128083587, 0.019744630903, 0.00887039769441, 0.0183501541615, 0.00707705039531, 0.000974722788669, 0.0039407168515, 0.00557291135192, 0.00537779647857, 0.00922682881355, 0.00035357818706, 0.000191953775357, 0.000295991718303, 6.10538190813e-05, 2.72395882348e-05, 4.75752494822e-05, 2.75019556284e-05, 1.49726856762e-05, 2.33640230363e-06, 2.33326522903e-06, 6.17976456851e-06, 4.49131812275e-06, 5.85808379583e-07, 3.57150668151e-07, 1.28198408333e-07, 4.88236580054e-08, 1.91291391616e-08, 3.05254310717e-08, 1.79637495989e-08, 8.32118463023e-09, 3.94218080402e-09],
        "mean": [7.70717306295e-05, 0.000282232562313, 0.000191855608136, 0.000493423081934, 0.000462024327135, 0.000173523512785, 0.000110610526463, 0.00010391305841, 0.000383935432183, 0.000906877801754, 0.000274442543741, 7.54535722081e-05, 4.67158279207e-05, 2.35423103732e-05, 1.62003525475e-05, 2.76500231848e-05, 2.49369950325e-05, 1.01215682662e-05, 1.25083906823e-05, 2.79701202999e-06, 1.68278256751e-06, 2.13571274799e-06, 4.69151501648e-07, 3.49995190163e-07, 1.98016905983e-07, 1.43095917338e-07, 9.88642838706e-08, 2.82856795764e-08, 1.96421705567e-08, 8.60356053067e-09, 4.08377420769e-09, 2.29097474325e-09, 1.81902926055e-09, 4.09438510873e-10, 1.22407528558e-10, 9.76168659794e-11, 8.76951913864e-11, 3.02244271277e-11, 2.62579506749e-11, 1.00289750463e-11],
        "median": [3.48687808582e-06, 3.26950466842e-05, 6.68395514367e-05, 0.000224413437536, 0.000210504324059, 5.95273813815e-05, 2.5758465199e-05, 2.753138142e-05, 6.11417854088e-05, 3.37387355103e-05, 1.97895678866e-05, 8.25918141345e-06, 3.21421748595e-06, 2.71692806564e-06, 2.85012947643e-06, 1.28081410367e-06, 1.46874265283e-06, 8.10868414192e-07, 3.37322688893e-07, 1.83990039204e-07, 1.20157451988e-07, 5.1803279888e-08, 1.45442662358e-08, 8.49938786018e-09, 2.53766008207e-09, 8.95366059073e-10, 7.70488450819e-10, 4.55064208538e-10, 1.80868597877e-10, 6.81501521882e-11, 3.72929083448e-11, 1.70411965789e-11, 1.13061513277e-11, 7.10093225539e-12, 5.59127006847e-12, 4.70056415666e-12, 3.65910904007e-12, 3.07461890149e-12, 2.42949085329e-12, 1.959651625e-12],
        "min": [7.83040640158e-25, 5.10658654588e-25, 8.15644853017e-25, 5.22313581424e-25, 9.56522345181e-25, 1.12291105668e-24, 5.7794365803e-25, 1.27283032463e-24, 2.26505730324e-24, 1.38514084613e-24, 2.16856600668e-24, 1.39139700615e-24, 1.39187209763e-24, 2.60764874754e-24, 9.32462777825e-25, 2.39857201145e-24, 1.50433841916e-24, 2.2482849371e-24, 2.67740554802e-24, 3.05183561567e-24, 3.57588636741e-24, 3.43282920327e-24, 3.93166657997e-24, 3.38870032423e-24, 2.67775698555e-24, 4.22247660281e-24, 3.67802689413e-24, 3.74783556222e-24, 4.55945668227e-24, 3.68213054856e-24, 5.27027163384e-24, 5.6734623868e-24, 4.36632814989e-24, 5.26064516421e-24, 5.12958815215e-24, 4.88501642242e-24, 5.12032929171e-24, 6.43325928969e-24, 4.26800965426e-24, 5.94941855322e-24],
        "var": [1.03621218273e-07, 6.0796918433e-07, 1.09365792866e-07, 5.46763146758e-07, 6.15121450664e-07, 9.52185885694e-08, 1.23264086938e-07, 1.10781307683e-07, 1.87287992048e-06, 1.12632578748e-05, 7.96496351541e-07, 1.37267264222e-07, 1.55209235686e-07, 2.82553251907e-08, 2.02285077577e-09, 2.24001102112e-08, 3.52365709944e-08, 7.57581197774e-09, 2.90592083729e-08, 1.26649163379e-10, 4.08542089048e-11, 1.12395849572e-10, 4.52455911279e-12, 2.08761523693e-12, 1.80879584314e-12, 8.68958171477e-13, 2.99873434461e-13, 1.65014859145e-14, 1.44364416119e-14, 1.32360663296e-14, 2.44082390509e-15, 2.21455533215e-16, 1.50574783867e-16, 9.75976259963e-18, 9.07057618597e-19, 4.45198738639e-19, 7.34636679596e-19, 6.85154218366e-20, 5.08716270591e-20, 3.78754531819e-21]
    },
    "mfcc": {
        "mean": [-867.013427734, 225.723083496, 10.7937889099, -25.4792804718, -3.05540037155, -6.37351465225, -12.3035755157, -8.7589931488, -2.1306552887, -2.19156908989, -6.55174398422, -9.77560329437, -12.1018571854],
        "cov": [[7078.234375, 3680.32348633, -1893.48779297, 55.2311973572, 370.905944824, -334.839294434, -24.3557701111, 117.04662323, 87.806350708, -2.23394918442, -91.8891143799, -194.805603027, -201.309616089], [3680.32348633, 2681.28222656, -346.922393799, -249.303390503, 203.042953491, -41.5097618103, -89.7433929443, -38.0016288757, -35.1046066284, -50.0175628662, -100.117507935, -149.560775757, -140.854476929], [-1893.48779297, -346.922393799, 1215.54833984, -113.117088318, -169.841537476, 211.371383667, -17.474899292, -112.807518005, -76.2846679688, -22.4846763611, 2.82319259644, 13.886349678, 14.1667222977], [55.2311973572, -249.303390503, -113.117088318, 301.130371094, 26.0360298157, -73.9184265137, 66.2959136963, 69.8251876831, 54.0435905457, 53.5405502319, 64.3437805176, 44.9541397095, 7.87973451614], [370.905944824, 203.042953491, -169.841537476, 26.0360298157, 211.01272583, 58.4077224731, -0.138628765941, 18.3059577942, 2.47719883919, 9.36597633362, 14.7962026596, 7.0617017746, -6.07515096664], [-334.839294434, -41.5097618103, 211.371383667, -73.9184265137, 58.4077224731, 260.775787354, 99.6567077637, -52.2056465149, -53.1681900024, -2.02092933655, 16.5405540466, -13.6222982407, -21.2867088318], [-24.3557701111, -89.7433929443, -17.474899292, 66.2959136963, -0.138628765941, 99.6567077637, 204.486419678, 89.2776870728, -12.1656932831, 21.5284385681, 57.731842041, 23.9382743835, -25.5490856171], [117.04662323, -38.0016288757, -112.807518005, 69.8251876831, 18.3059577942, -52.2056465149, 89.2776870728, 184.574035645, 87.3646240234, 0.0659782364964, 24.556646347, 46.6392555237, 15.8654232025], [87.806350708, -35.1046066284, -76.2846679688, 54.0435905457, 2.47719883919, -53.1681900024, -12.1656932831, 87.3646240234, 142.586700439, 68.381111145, -1.43792772293, 14.4756603241, 33.1554794312], [-2.23394918442, -50.0175628662, -22.4846763611, 53.5405502319, 9.36597633362, -2.02092933655, 21.5284385681, 0.0659782364964, 68.381111145, 162.8306427, 96.8761444092, -9.07160949707, -22.7446899414], [-91.8891143799, -100.117507935, 2.82319259644, 64.3437805176, 14.7962026596, 16.5405540466, 57.731842041, 24.556646347, -1.43792772293, 96.8761444092, 181.825134277, 76.1286087036, -57.5000114441], [-194.805603027, -149.560775757, 13.886349678, 44.9541397095, 7.0617017746, -13.6222982407, 23.9382743835, 46.6392555237, 14.4756603241, -9.07160949707, 76.1286087036, 158.896148682, 60.6790084839], [-201.309616089, -140.854476929, 14.1667222977, 7.87973451614, -6.07515096664, -21.2867088318, -25.5490856171, 15.8654232025, 33.1554794312, -22.7446899414, -57.5000114441, 60.6790084839, 173.242034912]],
