{
"lowlevel": {
    "average_loudness": 0.575201570988,
    "barkbands_crest": {
        "dmean": 2.05404996872,
        "dmean2": 3.33861279488,
        "dvar": 5.45564842224,
        "dvar2": 13.7148952484,
        "max": 26.5835094452,
        "mean": 12.2095336914,
        "median": 11.3180265427,
        "min": 2.91045618057,
        "var": 21.4124221802
    },
    "barkbands_flatness_db": {
        "dmean": 0.0188510157168,
        "dmean2": 0.0286428611726,
        "dvar": 0.000583434768487,
        "dvar2": 0.00125155458227,
        "max": 0.66534614563,
        "mean": 0.283791989088,
        "median": 0.266674935818,
        "min": 0.0468120239675,
        "var": 0.0103746559471
    },
    "barkbands_kurtosis": {
        "dmean": 4.68129444122,
        "dmean2": 7.53674554825,
        "dvar": 447.07699585,
        "dvar2": 1340.87805176,
        "max": 1030.0637207,
        "mean": 10.2394256592,
        "median": 5.06120014191,
        "min": -1.73695600033,
        "var": 800.870483398
    },
    "barkbands_skewness": {
        "dmean": 0.470591962337,
        "dmean2": 0.71710819006,
        "dvar": 0.542026340961,
        "dvar2": 1.40883588791,
        "max": 24.2979221344,
        "mean": 2.07276296616,
        "median": 1.80178701878,
        "min": -2.50506687164,
        "var": 2.28896927834
    },
    "barkbands_spread": {
        "dmean": 1.30747437477,
        "dmean2": 1.98579132557,
        "dvar": 3.80252742767,
        "dvar2": 7.40810632706,
        "max": 59.3431892395,
        "mean": 6.34681940079,
        "median": 5.65071821213,
        "min": 0.0746341049671,
        "var": 18.1065979004
    },
    "dissonance": {
        "dmean": 0.0272900238633,
        "dmean2": 0.0460472255945,
        "dvar": 0.000740718911402,
        "dvar2": 0.00206811306998,
        "max": 0.499556660652,
        "mean": 0.416594475508,
        "median": 0.434619158506,
        "min": 0.0698637366295,
        "var": 0.00467405142263
    },
    "dynamic_complexity": 3.41856074333,
    "erbbands_crest": {
        "dmean": 2.43172883987,
        "dmean2": 3.70282387733,
        "dvar": 6.43045091629,
        "dvar2": 15.0758705139,
        "max": 30.8800582886,
        "mean": 12.7756462097,
        "median": 11.9475851059,
        "min": 3.06913256645,
        "var": 27.9321708679
    },
    "erbbands_flatness_db": {
        "dmean": 0.0139325512573,
        "dmean2": 0.0196891650558,
        "dvar": 0.000268230302026,
        "dvar2": 0.000547472096514,
        "max": 0.57401907444,
        "mean": 0.262054532766,
        "median": 0.249118104577,
        "min": 0.0378180071712,
        "var": 0.00778101198375
    },
    "erbbands_kurtosis": {
        "dmean": 1.08329343796,
        "dmean2": 1.65655446053,
        "dvar": 2.95136404037,
        "dvar2": 7.10197734833,
        "max": 45.3046035767,
        "mean": 1.64507126808,
        "median": 0.714333534241,
        "min": -1.89914596081,
        "var": 12.5694589615
    },
    "erbbands_skewness": {
        "dmean": 0.278546154499,
        "dmean2": 0.420839458704,
        "dvar": 0.0893437117338,
        "dvar2": 0.2064640522,
        "max": 5.60689973831,
        "mean": 0.904638886452,
        "median": 0.8293171525,
        "min": -2.18775463104,
        "var": 0.554412662983
    },
    "erbbands_spread": {
        "dmean": 3.93064761162,
        "dmean2": 5.68929958344,
        "dvar": 31.6490058899,
        "dvar2": 62.0733222961,
        "max": 146.310943604,
        "mean": 21.1655235291,
        "median": 18.5184612274,
        "min": 1.14370918274,
        "var": 202.647979736
    },
    "hfc": {
        "dmean": 2.40982937813,
        "dmean2": 3.56010699272,
        "dvar": 17.7642593384,
        "dvar2": 40.2926940918,
        "max": 68.7219619751,
        "mean": 10.6512231827,
        "median": 8.29209709167,
        "min": 1.24800047738e-16,
        "var": 74.3846130371
    },
    "melbands_crest": {
        "dmean": 2.37359166145,
        "dmean2": 3.74478960037,
        "dvar": 6.89969873428,
        "dvar2": 16.6045684814,
        "max": 34.1755256653,
        "mean": 16.238275528,
        "median": 15.0732584,
        "min": 4.15119171143,
        "var": 34.8230361938
    },
    "melbands_flatness_db": {
        "dmean": 0.0208149515092,
        "dmean2": 0.0313109308481,
        "dvar": 0.000767493096646,
        "dvar2": 0.00159588851966,
        "max": 0.75738376379,
        "mean": 0.370947062969,
        "median": 0.353926956654,
        "min": 0.00824888981879,
        "var": 0.0117783006281
    },
    "melbands_kurtosis": {
        "dmean": 5.96425104141,
        "dmean2": 9.2619600296,
        "dvar": 311.473297119,
        "dvar2": 776.995422363,
        "max": 809.734313965,
        "mean": 14.8982248306,
        "median": 7.86171913147,
        "min": -1.58754944801,
        "var": 956.152770996
    },
    "melbands_skewness": {
        "dmean": 0.526895463467,
        "dmean2": 0.784139037132,
        "dvar": 0.460707485676,
        "dvar2": 1.04438567162,
        "max": 21.840297699,
        "mean": 2.45900702477,
        "median": 2.18154525757,
        "min": -0.71495950222,
        "var": 2.29704475403
    },
    "melbands_spread": {
        "dmean": 1.54286813736,
        "dmean2": 2.35889172554,
        "dvar": 8.19363880157,
        "dvar2": 13.1238422394,
        "max": 183.766738892,
        "mean": 7.32177019119,
        "median": 6.56111621857,
        "min": 0.228891074657,
        "var": 24.3152503967
    },
    "pitch_salience": {
        "dmean": 0.0547759905457,
        "dmean2": 0.0890656560659,
        "dvar": 0.00381490099244,
        "dvar2": 0.00977636687458,
        "max": 0.916783213615,
        "mean": 0.523364126682,
        "median": 0.530509293079,
        "min": 0.0704685002565,
        "var": 0.0145947691053
    },
    "silence_rate_20dB": {
        "dmean": 0,
        "dmean2": 0,
        "dvar": 0,
        "dvar2": 0,
        "max": 1,
        "mean": 1,
        "median": 1,
        "min": 1,
        "var": 0
    },
    "silence_rate_30dB": {
        "dmean": 0.038834951818,
        "dmean2": 0.0776753649116,
        "dvar": 0.0373252518475,
        "dvar2": 0.0850033089519,
        "max": 1,
        "mean": 0.957298636436,
        "median": 1,
        "min": 0,
        "var": 0.0408808626235
    },
    "silence_rate_60dB": {
        "dmean": 0.000844238093123,
        "dmean2": 0.00168859492987,
        "dvar": 0.000843310554046,
        "dvar2": 0.0021078705322,
        "max": 1,
        "mean": 0.035174112767,
        "median": 0,
        "min": 0,
        "var": 0.0339367464185
    },
    "spectral_centroid": {
        "dmean": 55.8649024963,
        "dmean2": 83.0686569214,
        "dvar": 16217.4873047,
        "dvar2": 24160.4980469,
        "max": 10781.3496094,
        "mean": 468.993530273,
        "median": 427.545257568,
        "min": 109.96346283,
        "var": 46022.8203125
    },
    "spectral_complexity": {
        "dmean": 1.84466016293,
        "dmean2": 2.99880385399,
        "dvar": 5.77290010452,
        "dvar2": 12.7834911346,
        "max": 43,
        "mean": 12.4602184296,
        "median": 12,
        "min": 0,
        "var": 52.6443557739
    },
    "spectral_decrease": {
        "dmean": 2.48905784872e-09,
        "dmean2": 3.80345177575e-09,
        "dvar": 1.85697316045e-17,
        "dvar2": 3.8745163053e-17,
        "max": -9.90589653675e-30,
        "mean": -9.01968011391e-09,
        "median": -6.57651888503e-09,
        "min": -5.45582565792e-08,
        "var": 6.36057355649e-17
    },
    "spectral_energy": {
        "dmean": 0.00957182329148,
        "dmean2": 0.0146172074601,
        "dvar": 0.000270572432783,
        "dvar2": 0.000564248359296,
        "max": 0.208381921053,
        "mean": 0.035008456558,
        "median": 0.0256829988211,
        "min": 1.13571187245e-20,
        "var": 0.000940030498896
    },
    "spectral_energyband_high": {
        "dmean": 3.27209381794e-05,
        "dmean2": 4.20221767854e-05,
        "dvar": 1.40892888467e-08,
        "dvar2": 2.56358845263e-08,
        "max": 0.00187241774984,
        "mean": 6.31536313449e-05,
        "median": 7.99556619313e-06,
        "min": 8.44436941068e-21,
        "var": 3.63537751014e-08
    },
    "spectral_energyband_low": {
        "dmean": 0.00650616362691,
        "dmean2": 0.0103860814124,
        "dvar": 0.000246122741373,
        "dvar2": 0.000530396413524,
        "max": 0.173843666911,
        "mean": 0.0146804833785,
        "median": 0.00707345409319,
        "min": 1.04487492039e-22,
        "var": 0.000571928569116
    },
    "spectral_energyband_middle_high": {
        "dmean": 0.000640370766632,
        "dmean2": 0.00103033031337,
        "dvar": 2.3008210519e-06,
        "dvar2": 5.56857366973e-06,
        "max": 0.0257854126394,
        "mean": 0.0019324667519,
        "median": 0.00100930314511,
        "min": 1.40822248629e-21,
        "var": 6.52882408758e-06
    },
    "spectral_energyband_middle_low": {
        "dmean": 0.00492585683241,
        "dmean2": 0.0074760876596,
        "dvar": 6.76130584907e-05,
        "dvar2": 0.000155210422236,
        "max": 0.148082375526,
        "mean": 0.0207065511495,
        "median": 0.0165852997452,
        "min": 3.72871679243e-22,
        "var": 0.000277799990727
    },
    "spectral_entropy": {
        "dmean": 0.144800961018,
        "dmean2": 0.212358832359,
        "dvar": 0.0372210368514,
        "dvar2": 0.0808291062713,
        "max": 9.80353927612,
        "mean": 6.3367395401,
        "median": 6.42415142059,
        "min": 3.18740057945,
        "var": 0.66157323122
    },
    "spectral_flux": {
        "dmean": 0.0221777204424,
        "dmean2": 0.0357916504145,
        "dvar": 0.00109589821659,
        "dvar2": 0.00250055850483,
        "max": 0.336054384708,
        "mean": 0.0595851689577,
        "median": 0.046925034374,
        "min": 1.06569780778e-10,
        "var": 0.00265525584109
    },
    "spectral_kurtosis": {
        "dmean": 12.1876850128,
        "dmean2": 21.1038570404,
        "dvar": 430.626800537,
        "dvar2": 1233.23657227,
        "max": 540.038452148,
        "mean": 36.4218215942,
        "median": 17.5590400696,
        "min": -1.22299861908,
        "var": 3371.98901367
    },
    "spectral_rms": {
        "dmean": 0.000669440196361,
        "dmean2": 0.00102037994657,
        "dvar": 8.98814789707e-07,
        "dvar2": 1.82989390396e-06,
        "max": 0.0142583111301,
        "mean": 0.00534175243229,
        "median": 0.00500565534458,
        "min": 3.32868064709e-12,
        "var": 5.62029617868e-06
    },
    "spectral_rolloff": {
        "dmean": 85.0164871216,
        "dmean2": 142.676254272,
        "dvar": 61658.25,
        "dvar2": 86743.6875,
        "max": 18776.953125,
        "mean": 494.861602783,
        "median": 452.197265625,
        "min": 64.599609375,
        "var": 102116.609375
    },
    "spectral_skewness": {
        "dmean": 0.678020179272,
        "dmean2": 1.15863227844,
        "dvar": 0.599385082722,
        "dvar2": 1.66280448437,
        "max": 19.2784767151,
        "mean": 3.7826654911,
        "median": 3.0253059864,
        "min": 0.0467033088207,
        "var": 7.42184686661
    },
    "spectral_spread": {
        "dmean": 295451.03125,
        "dmean2": 446870.125,
        "dvar": 250790232064,
        "dvar2": 373689810944,
        "max": 41107556,
        "mean": 2255499.25,
        "median": 1976522.125,
        "min": 230046.609375,
        "var": 1.88826714112e+12
    },
    "spectral_strongpeak": {
        "dmean": 0.289918750525,
        "dmean2": 0.489353001118,
        "dvar": 0.190532922745,
        "dvar2": 0.459288239479,
        "max": 4.93363809586,
        "mean": 0.896918773651,
        "median": 0.727563858032,
        "min": 0,
        "var": 0.409653246403
    },
    "zerocrossingrate": {
        "dmean": 0.00305129401386,
        "dmean2": 0.00381177500822,
        "dvar": 3.23308740917e-05,
        "dvar2": 3.27199413732e-05,
        "max": 0.49853515625,
        "mean": 0.0208447147161,
        "median": 0.01953125,
        "min": 0.001953125,
        "var": 0.000138999588671
    },
    "barkbands": {
        "dmean": [6.69770743116e-05, 0.00599542912096, 0.00139608082827, 0.000928361085244, 0.00278793391772, 0.00114164035767, 0.000960335833952, 0.00128774624318, 0.000290297233732, 0.000261982146185, 0.000120722266729, 0.00018597417511, 0.000160898052854, 8.20132991066e-05, 0.000119398493553, 5.5526063079e-05, 4.03030317102e-05, 2.55875966104e-05, 1.65576238942e-05, 1.38054383569e-05, 9.17403849598e-06, 1.04103673948e-05, 5.24715460415e-06, 3.08162429974e-06, 1.90647210729e-06, 4.04453800229e-07, 1.49373562408e-07],
        "dmean2": [8.85740373633e-05, 0.00987735576928, 0.0024811939802, 0.00158169167116, 0.00431282445788, 0.0017001782544, 0.00129929208197, 0.00183131545782, 0.000453124666819, 0.00041426270036, 0.000198613372049, 0.000304121378576, 0.000275333877653, 0.000132774512167, 0.000200795344426, 9.15238633752e-05, 6.81410747347e-05, 4.28270686825e-05, 2.62371486315e-05, 2.16238513531e-05, 1.27571220219e-05, 1.4769642803e-05, 7.45638135413e-06, 4.11474047723e-06, 2.42575447373e-06, 5.66010271541e-07, 2.52226271868e-07],
        "dvar": [4.54083171064e-08, 0.000235744693782, 3.45023436239e-05, 3.16358909913e-06, 3.61928759958e-05, 5.52202118342e-06, 5.14416160513e-06, 5.57129942536e-06, 5.61463878057e-07, 4.23101369051e-07, 1.02655320688e-07, 1.13918147804e-07, 1.28361634211e-07, 5.56247989891e-08, 1.7244109074e-07, 1.76066343727e-08, 7.6331536647e-09, 4.9130934876e-09, 3.32211502752e-09, 2.02242933511e-09, 1.14615095193e-09, 1.95830995864e-09, 4.27943375181e-10, 1.63974736567e-10, 5.96107330164e-11, 2.28969816198e-12, 6.56725162532e-13],
        "dvar2": [9.24793042145e-08, 0.000556418381166, 0.000102345264168, 9.24231426325e-06, 8.79113285919e-05, 1.14182112156e-05, 9.83733843896e-06, 1.30468397401e-05, 1.3108207213e-06, 1.04770174403e-06, 2.62508763171e-07, 2.99737422438e-07, 3.84432240708e-07, 1.39135778454e-07, 4.74976928899e-07, 4.60326958773e-08, 2.08651549372e-08, 1.28575345926e-08, 8.04658384368e-09, 4.75186245907e-09, 2.17574802619e-09, 4.39087477488e-09, 8.42089953323e-10, 2.64689520302e-10, 1.04017260083e-10, 4.33301007921e-12, 1.78824424886e-12],
        "max": [0.00370808318257, 0.163486465812, 0.0857918709517, 0.0317369140685, 0.109078012407, 0.0788753256202, 0.0505560971797, 0.0414328500628, 0.0242513287812, 0.0165171083063, 0.00583042623475, 0.00661119259894, 0.00633784802631, 0.00413603009656, 0.00686865951866, 0.00388481002301, 0.00181259005331, 0.00109849928413, 0.00096852122806, 0.000621531857178, 0.000562244327739, 0.000710446038283, 0.000483056006487, 0.000477664085338, 0.000377882039174, 4.72660758533e-05, 1.84215223271e-05],
        "mean": [0.000174081738805, 0.00970828160644, 0.00247361022048, 0.00276329205371, 0.00915091019124, 0.00313768396154, 0.00216122693382, 0.00270630815066, 0.000647557899356, 0.000492647581268, 0.000205149306566, 0.000371659727534, 0.000315189507091, 0.000149128885823, 0.000197946443222, 0.000120923221402, 7.95245796326e-05, 4.592150799e-05, 3.10274772346e-05, 2.4210092306e-05, 1.59191822604e-05, 1.70423609234e-05, 9.29816906137e-06, 5.71249893255e-06, 3.35607114721e-06, 7.03954981418e-07, 1.38638441172e-07],
        "median": [7.89275190982e-07, 0.00256049423479, 0.00145763042383, 0.00209039845504, 0.00636766571552, 0.00183895789087, 0.000754084438086, 0.00145787163638, 0.000167178193806, 0.000182816569577, 7.4590301665e-05, 0.000161918287631, 0.000151461397763, 3.9008402382e-05, 6.79480290273e-05, 3.52976567228e-05, 2.4392746127e-05, 1.31490041895e-05, 8.61382068251e-06, 6.40930011286e-06, 1.55286056724e-06, 8.73649980804e-07, 7.30549515993e-07, 4.75809940781e-07, 2.99784034041e-07, 6.87220875761e-08, 7.54975193473e-09],
        "min": [4.10588595869e-23, 6.38893398429e-23, 1.52827395786e-23, 5.74143300898e-24, 1.88953883631e-22, 2.06320621749e-23, 6.60306554384e-23, 2.5297955126e-23, 5.20499607606e-23, 8.82473955993e-23, 4.57138646797e-23, 1.11202238199e-22, 1.13936682532e-22, 9.52401363422e-23, 1.05177688533e-22, 1.34555815277e-22, 1.70583988964e-22, 2.2625727306e-22, 2.11758968876e-22, 2.60345076112e-22, 6.02449312028e-22, 5.90234917938e-22, 7.45296446694e-22, 9.89457555398e-22, 1.24939694243e-21, 1.77641762138e-21, 2.61035906219e-21],
        "var": [1.69427394781e-07, 0.000437885872088, 2.78185052593e-05, 7.99885128799e-06, 0.000108366919449, 2.48880842264e-05, 1.63162167155e-05, 1.3855031284e-05, 2.80054950963e-06, 1.11491112875e-06, 1.53580927531e-07, 3.3506876207e-07, 2.17101174371e-07, 9.63633297602e-08, 1.76227715087e-07, 5.46284297798e-08, 2.3811171701e-08, 8.671661611e-09, 5.32813082543e-09, 3.24218496495e-09, 2.71191447077e-09, 3.57505913762e-09, 1.11038123141e-09, 5.99406080326e-10, 1.87423923603e-10, 5.73537571602e-12, 5.22982210923e-13]
    },
    "erbbands": {
        "dmean": [0.170376002789, 1.36882925034, 1.59361386299, 2.70786905289, 6.39002609253, 9.05745410919, 14.1775217056, 7.37153577805, 15.6011753082, 7.87094402313, 33.5125389099, 6.94706916809, 7.5465054512, 7.02658987045, 6.11406707764, 5.75600290298, 5.90284919739, 5.89447975159, 5.68135356903, 4.35904169083, 2.98834681511, 1.97199475765, 1.4817558527, 1.01264929771, 0.709108650684, 0.650093793869, 0.44055211544, 0.345061600208, 0.370837897062, 0.261008948088, 0.137388020754, 0.0762150287628, 0.0455635115504, 0.0297342631966, 0.00915878452361, 0.00240082573146, 0.00066385831451, 0.00020255621348, 2.94979818136e-05, 1.08589956653e-05],
        "dmean2": [0.276410341263, 2.2686009407, 2.69681477547, 4.53910923004, 10.1812801361, 14.5257711411, 20.0787792206, 11.2080097198, 20.9115352631, 11.5652112961, 47.6898994446, 10.5977230072, 12.0096321106, 10.9843177795, 10.08842659, 9.4093208313, 9.85262584686, 9.93537425995, 9.48400020599, 7.29889297485, 4.97077226639, 3.33545351028, 2.47574186325, 1.64050447941, 1.14136707783, 1.01587963104, 0.627752959728, 0.473235785961, 0.549158036709, 0.374982953072, 0.192144036293, 0.10290171206, 0.0603937394917, 0.0391169339418, 0.0125959469005, 0.00339322513901, 0.000928544381168, 0.000317271187669, 4.97965120303e-05, 1.65884939634e-05],
        "dvar": [0.189613997936, 13.1756753922, 37.7211341858, 35.8645782471, 279.615844727, 354.306549072, 985.284606934, 288.183837891, 1234.84484863, 302.342895508, 3875.42871094, 252.68019104, 360.574584961, 286.318695068, 205.021438599, 117.761505127, 160.399978638, 175.974441528, 258.29196167, 377.31451416, 50.439994812, 20.694852829, 15.0145082474, 12.6854028702, 5.97234916687, 4.53391695023, 2.73044967651, 1.55917966366, 2.86244559288, 1.08474826813, 0.306849360466, 0.0911853909492, 0.0393844619393, 0.016344267875, 0.00148582656402, 7.13900808478e-05, 7.5888056017e-06, 8.36835113205e-07, 2.58657539831e-08, 3.34465760643e-10],
        "dvar2": [0.411156266928, 31.7329750061, 100.812255859, 103.496032715, 661.193786621, 944.898620605, 1713.6394043, 622.630493164, 2210.05297852, 750.176147461, 9161.89746094, 579.409484863, 867.10345459, 695.261291504, 535.379699707, 303.604797363, 447.471923828, 488.648864746, 702.073364258, 1039.09362793, 132.920593262, 56.4315452576, 39.6830635071, 31.1867179871, 14.9866771698, 10.491522789, 5.54613304138, 2.9022769928, 6.69901514053, 2.29707789421, 0.569417893887, 0.152849137783, 0.065690651536, 0.0309093873948, 0.00268420903012, 0.000130829546833, 1.56645564857e-05, 2.10287930713e-06, 7.12827841198e-08, 7.04801716989e-10],
        "max": [4.78000116348, 37.5927581787, 84.2464828491, 118.233879089, 323.176391602, 321.192443848, 1061.72937012, 909.71295166, 766.811279297, 707.570739746, 1115.26525879, 654.977600098, 494.237304688, 598.325256348, 265.39944458, 219.752120972, 202.29246521, 200.845932007, 355.227355957, 368.626861572, 237.384643555, 102.199279785, 59.1917610168, 57.3298416138, 46.3043556213, 31.7623844147, 27.6606960297, 20.5297412872, 28.9034233093, 15.1674289703, 15.5834941864, 11.580540657, 7.51335716248, 5.81351327896, 1.69547796249, 0.294623166323, 0.0932979881763, 0.0176849830896, 0.00386678171344, 0.000226289790589],
        "mean": [0.316747754812, 2.01478767395, 2.55599832535, 8.94362449646, 16.3033008575, 27.7868099213, 44.8824272156, 18.2140426636, 36.6465835571, 18.9824695587, 70.2174453735, 16.7108802795, 15.4840888977, 15.362323761, 12.2802934647, 12.0130434036, 12.5361061096, 11.3458223343, 10.1318159103, 7.65042686462, 6.48576211929, 4.20562791824, 2.88090491295, 1.97350597382, 1.35358715057, 1.14591228962, 0.722379028797, 0.627608180046, 0.612154245377, 0.438127040863, 0.244730785489, 0.138075739145, 0.085497431457, 0.0503745563328, 0.0164287388325, 0.00444385223091, 0.00105829478707, 0.000262970599579, 3.86163555959e-05, 3.94558737753e-05],
        "median": [0.0501442812383, 0.652200520039, 1.35734522343, 6.8496055603, 8.82140922546, 18.2178115845, 28.4580993652, 8.81970882416, 14.2578020096, 10.4697990417, 38.9223709106, 7.08869075775, 6.37730646133, 5.5704908371, 4.91793060303, 6.05909109116, 5.77691411972, 4.53490543365, 3.63939929008, 2.2804543972, 2.08449625969, 1.27530574799, 0.896359086037, 0.604099214077, 0.372071921825, 0.281769037247, 0.114740841091, 0.038480412215, 0.0300653781742, 0.0288487616926, 0.0201276838779, 0.0129709308967, 0.00617242464796, 0.00315427803434, 0.00167274056002, 0.000485230819322, 0.000106180188595, 2.25326130021e-05, 1.42588205563e-05, 2.89849813271e-05],
        "min": [3.14058143094e-21, 1.02025619975e-20, 1.65779660959e-20, 2.16911798212e-20, 2.08441475202e-19, 9.82719519034e-19, 2.59106882257e-19, 1.95905966609e-19, 5.81625378573e-19, 1.04937424978e-18, 7.03408802015e-19, 1.43107808761e-18, 2.05872805396e-18, 2.61038762577e-18, 2.13912938912e-18, 5.759206551e-18, 5.17912877566e-18, 4.58070247996e-18, 6.5667974587e-18, 4.71972796629e-18, 7.30840706406e-18, 1.2318377818e-17, 1.37123367961e-17, 8.92514646055e-18, 1.13069435512e-17, 1.42683097012e-17, 2.43397812526e-17, 2.41492881749e-17, 1.68040517213e-17, 2.34245290658e-17, 1.94617979187e-17, 1.58997911105e-17, 1.97166969331e-17, 1.36739738136e-17, 9.47869820801e-18, 6.5342648588e-18, 3.29908662326e-18, 1.30473296989e-18, 3.77661121834e-19, 3.78843873788e-20],
        "var": [0.500914931297, 19.7505149841, 38.3865242004, 84.2403945923, 619.031066895, 1071.96508789, 4233.56982422, 1566.84716797, 4087.22070312, 744.307556152, 9300.17675781, 1157.95324707, 912.221679688, 1160.82470703, 424.968170166, 275.093658447, 322.728759766, 357.030059814, 364.11151123, 356.03817749, 151.595443726, 69.3695602417, 30.0412311554, 18.7393913269, 9.8067111969, 7.40291166306, 4.80829715729, 4.469145298, 4.76376008987, 2.45546245575, 0.782259523869, 0.319715708494, 0.134964868426, 0.0419242978096, 0.00498006027192, 0.00022237477242, 1.48851968333e-05, 1.05083722701e-06, 1.87925657258e-08, 1.16758624991e-09]
    },
    "gfcc": {
        "mean": [-105.978683472, 183.374328613, -106.266990662, 3.87678480148, -43.900844574, -10.4541139603, -36.65417099, -9.61835193634, -16.0212459564, -10.1317253113, -6.94006967545, -12.3318185806, -6.45913887024],
        "cov": [[14725.9335938, -1579.30236816, -1808.03796387, 1781.2767334, -204.459365845, 1307.19604492, 138.559738159, 680.861450195, 50.2802696228, 446.00378418, 3.95719742775, 278.63659668, 53.3020782471], [-1579.30236816, 1751.51574707, -37.8370437622, -641.435058594, 523.958984375, -436.130584717, 208.825958252, -225.898010254, 190.160629272, -249.998260498, 132.003509521, -149.174758911, 28.1866550446], [-1808.03796387, -37.8370437622, 1123.47241211, 225.763824463, 13.3357152939, 108.839675903, 123.599594116, 47.2522201538, 76.500617981, 134.023086548, 8.10363483429, 41.8018722534, 25.9262275696], [1781.2767334, -641.435058594, 225.763824463, 1226.90722656, 257.7315979, 605.362487793, 284.784362793, 319.728302002, 154.206298828, 276.167724609, 57.9433288574, 133.312362671, 10.1763753891], [-204.459365845, 523.958984375, 13.3357152939, 257.7315979, 583.179077148, 125.132720947, 237.620697021, 87.2520599365, 146.628295898, 25.3928432465, 110.462303162, 9.70608901978, 13.1504564285], [1307.19604492, -436.130584717, 108.839675903, 605.362487793, 125.132720947, 495.179168701, 170.841079712, 229.738265991, 55.3050918579, 188.961990356, 31.7405872345, 112.321472168, 2.65417599678], [138.559738159, 208.825958252, 123.599594116, 284.784362793, 237.620697021, 170.841079712, 266.171844482, 96.0952758789, 121.487564087, 60.4209861755, 57.0997428894, 29.3364429474, 12.1402139664], [680.861450195, -225.898010254, 47.2522201538, 319.728302002, 87.2520599365, 229.738265991, 96.0952758789, 220.213623047, 62.7526817322, 113.880447388, 15.8427209854, 39.9764709473, -5.24156475067], [50.2802696228, 190.160629272, 76.500617981, 154.206298828, 146.628295898, 55.3050918579, 121.487564087, 62.7526817322, 156.720626831, 59.5583496094, 44.7120399475, -3.9440612793, -4.54315948486], [446.00378418, -249.998260498, 134.023086548, 276.167724609, 25.3928432465, 188.961990356, 60.4209861755, 113.880447388, 59.5583496094, 174.599456787, 35.0335350037, 58.0449523926, -7.46695375443], [3.95719742775, 132.003509521, 8.10363483429, 57.9433288574, 110.462303162, 31.7405872345, 57.0997428894, 15.8427209854, 44.7120399475, 35.0335350037, 88.3348922729, 32.5390319824, 9.97172164917], [278.63659668, -149.174758911, 41.8018722534, 133.312362671, 9.70608901978, 112.321472168, 29.3364429474, 39.9764709473, -3.9440612793, 58.0449523926, 32.5390319824, 98.5536422729, 23.3114910126], [53.3020782471, 28.1866550446, 25.9262275696, 10.1763753891, 13.1504564285, 2.65417599678, 12.1402139664, -5.24156475067, -4.54315948486, -7.46695375443, 9.97172164917, 23.3114910126, 59.2473258972]],
        "icov": [[0.000211622318602, -0.000485885917442, 0.000479506037664, -0.000453998480225, 0.000598306301981, -0.00052933418192, 0.000397829833673, -0.000285793095827, 0.000230556310271, -0.000477293127915, 0.000366469961591, -0.000126343729789, -0.000361408368917], [-0.000485885917442, 0.00591133488342, -0.00140974239912, 0.00378594128415, -0.00436162063852, 0.00181073276326, -0.00421628402546, 0.00279993377626, -0.00488286325708, 0.00466708559543, -0.00454957550392, 0.0029842404183, -0.000604595581535], [0.000479506037664, -0.00140974239912, 0.00219738320448, -0.00125381641556, 0.00165857397951, -0.000929597765207, 0.000419706979301, -0.000408283463912, 0.000754594861064, -0.00254935468547, 0.00173659529537, -0.00052148848772, -0.00130605394952], [-0.000453998480225, 0.00378594128415, -0.00125381641556, 0.00494659086689, -0.00329148815945, -0.000719234521966, -0.00306394207291, 0.0015649421839, -0.00378862046637, 0.00216898438521, -0.0022027513478, 0.00168629805557, -0.000474517408293], [0.000598306301981, -0.00436162063852, 0.00165857397951, -0.00329148815945, 0.00711809890345, -0.00219933665358, 0.0013285462046, -0.00261145457625, 0.00234554195777, -0.00176018720958, -0.000155748435645, -0.000822159578092, -0.000300614541629], [-0.00052933418192, 0.00181073276326, -0.000929597765207, -0.000719234521966, -0.00219933665358, 0.0103972209617, -0.00424695992842, -0.00253976718523, 0.00229463702999, -0.00174035166856, 0.000606099143624, -0.00328065385111, 0.00195843447], [0.000397829833673, -0.00421628402546, 0.000419706979301, -0.00306394207291, 0.0013285462046, -0.00424695992842, 0.0128641352057, -0.00198334921151, -0.00160516914912, -0.000438152492279, 0.00201782980002, -0.00219034170732, -0.000581581320148], [-0.000285793095827, 0.00279993377626, -0.000408283463912, 0.0015649421839, -0.00261145457625, -0.00253976718523, -0.00198334921151, 0.0117089059204, -0.0040526217781, -0.000636932672933, -0.000384170125471, 0.00251666200347, -0.000345964450389], [0.000230556310271, -0.00488286325708, 0.000754594861064, -0.00378862046637, 0.00234554195777, 0.00229463702999, -0.00160516914912, -0.0040526217781, 0.0184632297605, -0.00864442437887, 0.00121401750948, 0.00112051924225, 0.00146419834346], [-0.000477293127915, 0.00466708559543, -0.00254935468547, 0.00216898438521, -0.00176018720958, -0.00174035166856, -0.000438152492279, -0.000636932672933, -0.00864442437887, 0.0199488457292, -0.00846205558628, -0.000926503678784, 0.00309422728606], [0.000366469961591, -0.00454957550392, 0.00173659529537, -0.0022027513478, -0.000155748435645, 0.000606099143624, 0.00201782980002, -0.000384170125471, 0.00121401750948, -0.00846205558628, 0.0245091281831, -0.00980558991432, -0.000227188240387], [-0.000126343729789, 0.0029842404183, -0.00052148848772, 0.00168629805557, -0.000822159578092, -0.00328065385111, -0.00219034170732, 0.00251666200347, 0.00112051924225, -0.000926503678784, -0.00980558991432, 0.0219905171543, -0.00739949801937], [-0.000361408368917, -0.000604595581535, -0.00130605394952, -0.000474517408293, -0.000300614541629, 0.00195843447, -0.000581581320148, -0.000345964450389, 0.00146419834346, 0.00309422728606, -0.000227188240387, -0.00739949801937, 0.0216636434197]]
    },
    "melbands": {
        "dmean": [0.00167000817601, 0.00106895260978, 0.000480788439745, 0.00065214780625, 0.00043599223136, 0.00016531975416, 0.000228915479966, 0.000112812951556, 0.000238881315454, 3.77273281629e-05, 3.87383406633e-05, 3.07843583869e-05, 1.90067457879e-05, 2.28680673899e-05, 1.19085707411e-05, 1.51817075675e-05, 1.01625673778e-05, 9.28183180804e-06, 7.97601205704e-06, 4.39513041783e-06, 3.58116653842e-06, 2.14183296521e-06, 1.80894244295e-06, 1.33940147862e-06, 8.54527684169e-07, 6.26523330993e-07, 5.62518835068e-07, 4.0875423224e-07, 3.04873424284e-07, 2.12756134488e-07, 2.10919537835e-07, 2.34933139609e-07, 1.91777743908e-07, 1.36140783979e-07, 9.08445301206e-08, 5.81529562282e-08, 4.69061376407e-08, 3.44221042781e-08, 2.96029263325e-08, 2.41151578706e-08],
        "dmean2": [0.0027405936271, 0.00173741648905, 0.000798962020781, 0.00102337473072, 0.000630051770713, 0.000251174496952, 0.000307787267957, 0.00016379787121, 0.000341994280461, 5.86769310758e-05, 6.16410761722e-05, 4.7975929192e-05, 3.13451419061e-05, 3.72313152184e-05, 1.94324875338e-05, 2.6111925763e-05, 1.70848743437e-05, 1.55819652718e-05, 1.34124666147e-05, 7.25152813175e-06, 6.03759508522e-06, 3.61352408618e-06, 3.04032027998e-06, 2.23231063501e-06, 1.40817439842e-06, 1.01095201899e-06, 9.20067520838e-07, 6.43963460334e-07, 4.46034022161e-07, 2.98536917853e-07, 3.10259139269e-07, 3.60493544349e-07, 2.72285916481e-07, 2.05642024298e-07, 1.31194482833e-07, 8.25810815286e-08, 6.55428706864e-08, 4.85972115882e-08, 4.01739264078e-08, 3.28004965411e-08],
        "dvar": [1.7578347979e-05, 9.74051363301e-06, 1.10455869162e-06, 2.35998049902e-06, 8.54388019889e-07, 1.29867004262e-07, 2.71822926834e-07, 4.26997210923e-08, 1.97940252633e-07, 9.26791177136e-09, 9.35314403705e-09, 5.76299230559e-09, 2.40462383339e-09, 1.67716496247e-09, 6.2717508964e-10, 1.30105881624e-09, 5.38487088253e-10, 7.1520261935e-10, 1.23572352351e-09, 1.52920259788e-10, 7.0374879535e-11, 2.32945225609e-11, 1.90104338521e-11, 1.33680323755e-11, 9.45662385204e-12, 4.49372180092e-12, 4.39473500993e-12, 1.55898720582e-12, 1.25498493975e-12, 6.44414263704e-13, 5.62636959592e-13, 1.19773375246e-12, 6.6470386053e-13, 2.93164364312e-13, 1.34445866983e-13, 5.36990394371e-14, 3.8009959763e-14, 2.39639647644e-14, 1.72061343173e-14, 1.38237394825e-14],
        "dvar2": [4.04021957365e-05, 2.22549024329e-05, 3.0746871289e-06, 5.86983969697e-06, 1.55326881668e-06, 2.84080869051e-07, 4.9673360536e-07, 1.02287380344e-07, 4.72134786378e-07, 2.08132551194e-08, 2.24898801804e-08, 1.40535556525e-08, 6.21617779473e-09, 4.36548486249e-09, 1.63894098293e-09, 3.92537957694e-09, 1.46613565732e-09, 1.95724414453e-09, 3.39166028596e-09, 4.10517425609e-10, 1.87609469626e-10, 6.29788721174e-11, 5.37485125851e-11, 3.44276759878e-11, 2.35228971718e-11, 1.12619358283e-11, 1.15784239835e-11, 3.40375600968e-12, 2.59201579471e-12, 1.21831418651e-12, 1.16799115952e-12, 2.93198755205e-12, 1.45639739418e-12, 6.73790071046e-13, 2.76085876166e-13, 9.69369034912e-14, 7.30993499239e-14, 4.5498947356e-14, 3.31078345078e-14, 2.86047532503e-14],
        "max": [0.0460453815758, 0.0379892960191, 0.0173077043146, 0.0287066102028, 0.0298275183886, 0.0179256238043, 0.0117460209876, 0.00634527159855, 0.00823248457164, 0.00354794273153, 0.00253361999057, 0.00267955544405, 0.000930332986172, 0.000789299432654, 0.000419142452301, 0.000668354565278, 0.000354358751792, 0.000643259147182, 0.000631393049844, 0.000203933785087, 0.000268483709078, 9.58623131737e-05, 9.31590184337e-05, 5.55996375624e-05, 5.09006240463e-05, 4.05036080338e-05, 3.22798914567e-05, 1.89991988009e-05, 1.89460552065e-05, 1.32246186695e-05, 1.25558826767e-05, 1.82144049177e-05, 1.23039126265e-05, 9.7623842521e-06, 9.45120063989e-06, 7.71924078435e-06, 8.70074291015e-06, 5.68965288039e-06, 5.20912681168e-06, 6.06572166362e-06],
        "mean": [0.00280746282078, 0.00184339017142, 0.0014320705086, 0.00186680117622, 0.00140131893568, 0.000420538679464, 0.00053299847059, 0.000264147383859, 0.000501178496052, 8.61918888404e-05, 7.85214724601e-05, 6.43559105811e-05, 3.6888057366e-05, 4.56101879536e-05, 2.26456977543e-05, 3.01374129776e-05, 1.86227844097e-05, 1.55687030201e-05, 1.27887833514e-05, 8.56788847159e-06, 7.22135064279e-06, 4.31196485806e-06, 3.2913440009e-06, 2.2921665277e-06, 1.51823257966e-06, 1.10081498406e-06, 9.07768708203e-07, 7.03564637661e-07, 4.71624048259e-07, 3.62569181789e-07, 3.60105900654e-07, 3.54332371444e-07, 3.17094560387e-07, 2.13619813394e-07, 1.49597596533e-07, 9.84893446798e-08, 7.9467724845e-08, 6.24230196422e-08, 5.01300618794e-08, 3.95671193587e-08],
        "median": [0.000638445024379, 0.000886637251824, 0.00108152558096, 0.00101592543069, 0.000937337463256, 0.000214124200284, 0.000205708201975, 0.000158982176799, 0.00027318514185, 2.53976832028e-05, 3.06368419842e-05, 2.19389621634e-05, 1.39154662975e-05, 1.98740726773e-05, 9.69059328781e-06, 1.42270637298e-05, 6.36138065602e-06, 5.06476681039e-06, 3.65372829947e-06, 2.51642518379e-06, 2.20402557716e-06, 1.23740915114e-06, 8.75445891779e-07, 6.90986325935e-07, 4.15812934307e-07, 2.5914354751e-07, 2.26425598271e-07, 1.53640456801e-07, 7.51233315555e-08, 2.8257542084e-08, 1.8619251918e-08, 1.48913050779e-08, 1.72739582638e-08, 1.40203004761e-08, 1.12617097869e-08, 8.65365201719e-09, 7.31707361368e-09, 4.33618607687e-09, 2.82275203212e-09, 2.39101094479e-09],
        "min": [2.5037042537e-23, 9.57292727019e-24, 4.68804495413e-24, 4.77947913953e-23, 1.60386418752e-23, 4.18356998296e-24, 1.00183070932e-23, 9.44063845183e-24, 5.84198674198e-24, 8.73722538214e-24, 1.0851435717e-23, 1.14421852499e-23, 5.84273576541e-24, 1.14021750137e-23, 1.82118937157e-23, 6.35762370053e-24, 9.17835166717e-24, 1.12962286275e-23, 4.85390808705e-24, 9.32151019995e-24, 6.9601292331e-24, 1.27070834795e-23, 1.22698999213e-23, 9.43768653432e-24, 7.01867454518e-24, 8.09878289661e-24, 7.48367649437e-24, 9.87312276565e-24, 1.24272382289e-23, 1.59791601853e-23, 1.59868941776e-23, 1.05876461523e-23, 8.76539560507e-24, 1.39163378275e-23, 1.09567439147e-23, 1.15101345729e-23, 8.63237709037e-24, 1.43653038122e-23, 1.27671276273e-23, 1.06858096368e-23],
        "var": [3.73865041183e-05, 1.43868119267e-05, 2.20988067667e-06, 7.10071799404e-06, 3.52246161128e-06, 6.76723402648e-07, 8.93509366051e-07, 1.13171026328e-07, 4.83767678361e-07, 4.45853878261e-08, 2.40273685392e-08, 2.30612577923e-08, 4.37997194069e-09, 5.08176789538e-09, 1.30691557576e-09, 2.0825623448e-09, 1.06851716364e-09, 9.52827039491e-10, 1.09009878901e-09, 2.91057622448e-10, 1.94736671233e-10, 7.49309364556e-11, 4.52877457757e-11, 2.14999389819e-11, 1.25242099677e-11, 7.64216034205e-12, 5.23051090287e-12, 2.76777255628e-12, 2.07817964226e-12, 1.51068946849e-12, 1.50093479312e-12, 1.70479711077e-12, 1.32503307371e-12, 6.17411774918e-13, 2.95385379568e-13, 1.46014277058e-13, 1.25270643468e-13, 7.97134033044e-14, 3.89190497321e-14, 3.09347409884e-14]
    },
    "mfcc": {
        "mean": [-745.62878418, 204.575057983, 2.78802084923, 16.044424057, 6.85895872116, -3.13560509682, -8.11052322388, -6.22019290924, -10.0732593536, -1.78846347332, -4.46448993683, -3.10624194145, -2.14060902596],
        "cov": [[10385.7021484, 95.6315002441, -1586.71618652, 583.754882812, 250.308044434, 709.547546387, 424.045196533, 627.182128906, 354.189147949, 421.488769531, 325.776031494, 253.449951172, 258.311157227], [95.6315002441, 1936.69091797, -551.687744141, -202.81867981, 171.484436035, -162.34526062, 30.0868759155, 57.09608078, -51.1151847839, 1.81340885162, 1.03484034538, -3.01006484032, -33.3329315186], [-1586.71618652, -551.687744141, 1091.37841797, 199.314651489, -78.0412216187, 97.5488967896, -10.5506219864, -96.4236373901, 75.5942306519, -27.5870056152, 42.1469573975, 23.4462432861, 18.1400699615], [583.754882812, -202.81867981, 199.314651489, 566.415893555, 243.674606323, 324.466033936, 236.080657959, 199.323913574, 215.309875488, 162.76449585, 171.831832886, 125.921669006, 153.588287354], [250.308044434, 171.484436035, -78.0412216187, 243.674606323, 360.019104004, 199.99597168, 201.225097656, 168.922531128, 144.136810303, 131.435501099, 110.564804077, 94.4427337646, 110.807434082], [709.547546387, -162.34526062, 97.5488967896, 324.466033936, 199.99597168, 371.24005127, 228.907791138, 183.587875366, 183.211853027, 122.790031433, 159.707107544, 107.094276428, 107.879364014], [424.045196533, 30.0868759155, -10.5506219864, 236.080657959, 201.225097656, 228.907791138, 273.547485352, 188.057052612, 149.36416626, 118.501396179, 107.453132629, 91.1871337891, 96.2209854126], [627.182128906, 57.09608078, -96.4236373901, 199.323913574, 168.922531128, 183.587875366, 188.057052612, 227.233825684, 142.385406494, 113.98878479, 95.6942901611, 75.7150726318, 74.5298309326], [354.189147949, -51.1151847839, 75.5942306519, 215.309875488, 144.136810303, 183.211853027, 149.36416626, 142.385406494, 191.524978638, 120.013648987, 112.074417114, 77.0807571411, 75.1283493042], [421.488769531, 1.81340885162, -27.5870056152, 162.76449585, 131.435501099, 122.790031433, 118.501396179, 113.98878479, 120.013648987, 169.774093628, 99.1220245361, 64.0222930908, 65.8932495117], [325.776031494, 1.03484034538, 42.1469573975, 171.831832886, 110.564804077, 159.707107544, 107.453132629, 95.6942901611, 112.074417114, 99.1220245361, 165.477676392, 97.7085266113, 70.2496948242], [253.449951172, -3.01006484032, 23.4462432861, 125.921669006, 94.4427337646, 107.094276428, 91.1871337891, 75.7150726318, 77.0807571411, 64.0222930908, 97.7085266113, 115.508850098, 79.9854507446], [258.311157227, -33.3329315186, 18.1400699615, 153.588287354, 110.807434082, 107.879364014, 96.2209854126, 74.5298309326, 75.1283493042, 65.8932495117, 70.2496948242, 79.9854507446, 119.531547546]],
