{
"lowlevel": {
    "average_loudness": 0.822804331779,
    "barkbands_crest": {
        "dmean": 2.16842556,
        "dmean2": 3.52531647682,
        "dvar": 3.58152985573,
        "dvar2": 9.78649425507,
        "max": 26.1322460175,
        "mean": 10.3685646057,
        "median": 9.78582763672,
        "min": 4.3070640564,
        "var": 10.1640129089
    },
    "barkbands_flatness_db": {
        "dmean": 0.0274357218295,
        "dmean2": 0.0475399754941,
        "dvar": 0.000765402277466,
        "dvar2": 0.00240307976492,
        "max": 0.824311137199,
        "mean": 0.444176346064,
        "median": 0.479797363281,
        "min": 0.0560196712613,
        "var": 0.023553436622
    },
    "barkbands_kurtosis": {
        "dmean": 1.60420691967,
        "dmean2": 2.46054267883,
        "dvar": 9.74462985992,
        "dvar2": 21.9704189301,
        "max": 160.708129883,
        "mean": 2.26539039612,
        "median": 0.954034209251,
        "min": -1.81875395775,
        "var": 27.5825500488
    },
    "barkbands_skewness": {
        "dmean": 0.348744422197,
        "dmean2": 0.522884309292,
        "dvar": 0.107551410794,
        "dvar2": 0.247015237808,
        "max": 11.0872964859,
        "mean": 0.698310375214,
        "median": 0.658928632736,
        "min": -2.70392942429,
        "var": 0.546535491943
    },
    "barkbands_spread": {
        "dmean": 0.952407062054,
        "dmean2": 1.43662369251,
        "dvar": 1.6892863512,
        "dvar2": 3.97599601746,
        "max": 87.0265884399,
        "mean": 4.51481342316,
        "median": 3.91084289551,
        "min": 0.36946901679,
        "var": 24.9768924713
    },
    "dissonance": {
        "dmean": 0.0584257170558,
        "dmean2": 0.0975157022476,
        "dvar": 0.0028425892815,
        "dvar2": 0.00733731081709,
        "max": 0.499999910593,
        "mean": 0.298150926828,
        "median": 0.30604326725,
        "min": 0.00321166426875,
        "var": 0.00822019111365
    },
    "dynamic_complexity": 3.18588995934,
    "erbbands_crest": {
        "dmean": 2.94980025291,
        "dmean2": 4.66968536377,
        "dvar": 6.40545749664,
        "dvar2": 15.6206493378,
        "max": 32.337474823,
        "mean": 13.2558660507,
        "median": 12.4037656784,
        "min": 2.57809972763,
        "var": 19.7139129639
    },
    "erbbands_flatness_db": {
        "dmean": 0.0182645246387,
        "dmean2": 0.0295880325139,
        "dvar": 0.000236915308051,
        "dvar2": 0.000683114631101,
        "max": 0.659734606743,
        "mean": 0.40663433075,
        "median": 0.449803352356,
        "min": 0.0756983533502,
        "var": 0.0159013867378
    },
    "erbbands_kurtosis": {
        "dmean": 1.27751421928,
        "dmean2": 1.99708247185,
        "dvar": 7.16059160233,
        "dvar2": 13.7816772461,
        "max": 216.469787598,
        "mean": 1.13443148136,
        "median": 0.295281291008,
        "min": -1.76869785786,
        "var": 18.6565914154
    },
    "erbbands_skewness": {
        "dmean": 0.421391695738,
        "dmean2": 0.619285643101,
        "dvar": 0.128481179476,
        "dvar2": 0.293480575085,
        "max": 8.86943340302,
        "mean": 0.216838136315,
        "median": 0.220697402954,
        "min": -3.27722167969,
        "var": 0.704602301121
    },
    "erbbands_spread": {
        "dmean": 1.74974513054,
        "dmean2": 2.66005897522,
        "dvar": 4.8802022934,
        "dvar2": 12.114821434,
        "max": 96.8608398438,
        "mean": 8.78841590881,
        "median": 7.9311132431,
        "min": 0.828213632107,
        "var": 36.3094062805
    },
    "hfc": {
        "dmean": 2.4817738533,
        "dmean2": 3.59942054749,
        "dvar": 6.16902160645,
        "dvar2": 13.8454751968,
        "max": 43.9768371582,
        "mean": 11.0980358124,
        "median": 10.4904155731,
        "min": 1.2116799693e-16,
        "var": 43.3323059082
    },
    "melbands_crest": {
        "dmean": 2.54479336739,
        "dmean2": 4.07871961594,
        "dvar": 4.84260797501,
        "dvar2": 12.9358263016,
        "max": 34.215133667,
        "mean": 12.9967031479,
        "median": 12.3424777985,
        "min": 1.62180149555,
        "var": 14.3664340973
    },
    "melbands_flatness_db": {
        "dmean": 0.0312809944153,
        "dmean2": 0.0544463284314,
        "dvar": 0.00105977617204,
        "dvar2": 0.0033187805675,
        "max": 0.963561058044,
        "mean": 0.560004413128,
        "median": 0.597298681736,
        "min": 0.00299754762091,
        "var": 0.0241018906236
    },
    "melbands_kurtosis": {
        "dmean": 1.48367834091,
        "dmean2": 2.28963899612,
        "dvar": 13.7364311218,
        "dvar2": 35.4883575439,
        "max": 226.597488403,
        "mean": 1.93458795547,
        "median": 1.1030356884,
        "min": -1.83409762383,
        "var": 19.1041412354
    },
    "melbands_skewness": {
        "dmean": 0.35705691576,
        "dmean2": 0.536110341549,
        "dvar": 0.108314357698,
        "dvar2": 0.25816950202,
        "max": 9.97197628021,
        "mean": 0.954281568527,
        "median": 0.927968204021,
        "min": -2.6529481411,
        "var": 0.43912217021
    },
    "melbands_spread": {
        "dmean": 1.4599583149,
        "dmean2": 2.17562389374,
        "dvar": 3.52931833267,
        "dvar2": 6.62982463837,
        "max": 150.506790161,
        "mean": 6.79966115952,
        "median": 5.86000156403,
        "min": 0.813061654568,
        "var": 72.6256408691
    },
    "pitch_salience": {
        "dmean": 0.0546192862093,
        "dmean2": 0.0852906256914,
        "dvar": 0.00194808619563,
        "dvar2": 0.00490059331059,
        "max": 0.843159675598,
        "mean": 0.545884430408,
        "median": 0.548457384109,
        "min": 0.116824328899,
        "var": 0.0092194089666
    },
    "silence_rate_20dB": {
        "dmean": 0,
        "dmean2": 0,
        "dvar": 0,
        "dvar2": 0,
        "max": 1,
        "mean": 1,
        "median": 1,
        "min": 1,
        "var": 0
    },
    "silence_rate_30dB": {
        "dmean": 0.00223624310456,
        "dmean2": 0.00447284337133,
        "dvar": 0.00223131966777,
        "dvar2": 0.0058905556798,
        "max": 1,
        "mean": 0.998083353043,
        "median": 1,
        "min": 0,
        "var": 0.00191297347192
    },
    "silence_rate_60dB": {
        "dmean": 0.00159731647,
        "dmean2": 0.00319488812238,
        "dvar": 0.00159502937458,
        "dvar2": 0.00382308010012,
        "max": 1,
        "mean": 0.044162273407,
        "median": 0,
        "min": 0,
        "var": 0.0422112196684
    },
    "spectral_centroid": {
        "dmean": 38.6894950867,
        "dmean2": 56.569984436,
        "dvar": 11542.6855469,
        "dvar2": 13127.1416016,
        "max": 10845.8701172,
        "mean": 416.361816406,
        "median": 386.336456299,
        "min": 205.700805664,
        "var": 67922.2890625
    },
    "spectral_complexity": {
        "dmean": 0.989857017994,
        "dmean2": 1.70479238033,
        "dvar": 0.954811632633,
        "dvar2": 2.4733569622,
        "max": 17,
        "mean": 8.32806301117,
        "median": 8,
        "min": 0,
        "var": 6.80965328217
    },
    "spectral_decrease": {
        "dmean": 1.85853077372e-09,
        "dmean2": 2.84805623529e-09,
        "dvar": 3.97777590815e-18,
        "dvar2": 1.03561838095e-17,
        "max": 2.59293494203e-18,
        "mean": -8.57619308903e-09,
        "median": -8.03039768016e-09,
        "min": -3.56204026275e-08,
        "var": 3.00109000994e-17
    },
    "spectral_energy": {
        "dmean": 0.00721581932157,
        "dmean2": 0.011041441001,
        "dvar": 5.94902812736e-05,
        "dvar2": 0.000154360459419,
        "max": 0.138186886907,
        "mean": 0.0333751179278,
        "median": 0.0312771201134,
        "min": 1.08483477178e-20,
        "var": 0.000450495164841
    },
    "spectral_energyband_high": {
        "dmean": 5.91144214468e-07,
        "dmean2": 1.02931699075e-06,
        "dvar": 1.36092580347e-12,
        "dvar2": 4.1358648277e-12,
        "max": 3.89925808122e-05,
        "mean": 5.43478154214e-06,
        "median": 2.03720933456e-08,
        "min": 8.00280763656e-21,
        "var": 6.93455778911e-11
    },
    "spectral_energyband_low": {
        "dmean": 0.00270612025633,
        "dmean2": 0.00408567953855,
        "dvar": 1.83578122233e-05,
        "dvar2": 5.36770712642e-05,
        "max": 0.0903579741716,
        "mean": 0.00808030087501,
        "median": 0.0051379147917,
        "min": 4.8942602945e-23,
        "var": 8.08968907222e-05
    },
    "spectral_energyband_middle_high": {
        "dmean": 0.00102921121288,
        "dmean2": 0.00150537968148,
        "dvar": 2.11903511627e-06,
        "dvar2": 4.25937059845e-06,
        "max": 0.0232957545668,
        "mean": 0.00200807023793,
        "median": 0.0012008852791,
        "min": 1.25149973006e-21,
        "var": 5.65948403164e-06
    },
    "spectral_energyband_middle_low": {
        "dmean": 0.00636421795934,
        "dmean2": 0.00960053224117,
        "dvar": 4.57508213003e-05,
        "dvar2": 0.000118734147691,
        "max": 0.112953849137,
        "mean": 0.0254645235837,
        "median": 0.0230964124203,
        "min": 2.33884056022e-22,
        "var": 0.000265039212536
    },
    "spectral_entropy": {
        "dmean": 0.106681875885,
        "dmean2": 0.169549420476,
        "dvar": 0.00950361136347,
        "dvar2": 0.0227650459856,
        "max": 9.79122257233,
        "mean": 5.22032833099,
        "median": 5.09023761749,
        "min": 3.78073596954,
        "var": 0.401852101088
    },
    "spectral_flux": {
        "dmean": 0.0153605518863,
        "dmean2": 0.0259072463959,
        "dvar": 0.000197022149223,
        "dvar2": 0.000546283670701,
        "max": 0.183812260628,
        "mean": 0.0616550333798,
        "median": 0.0602001212537,
        "min": 1.04155399583e-10,
        "var": 0.000840186083224
    },
    "spectral_kurtosis": {
        "dmean": 108.743881226,
        "dmean2": 194.508071899,
        "dvar": 30707.3496094,
        "dvar2": 97469.6484375,
        "max": 2356.90112305,
        "mean": 264.779693604,
        "median": 244.714279175,
        "min": -1.21878802776,
        "var": 60684.3515625
    },
    "spectral_rms": {
        "dmean": 0.000588481372688,
        "dmean2": 0.000891903124284,
        "dvar": 2.85907418629e-07,
        "dvar2": 7.41361986911e-07,
        "max": 0.0116110499948,
        "mean": 0.0053381701,
        "median": 0.00552397128195,
        "min": 3.25326809762e-12,
        "var": 4.06488925364e-06
    },
    "spectral_rolloff": {
        "dmean": 100.566307068,
        "dmean2": 172.975753784,
        "dvar": 119691.859375,
        "dvar2": 247006.59375,
        "max": 19509.0820312,
        "mean": 675.041381836,
        "median": 495.263671875,
        "min": 150.732421875,
        "var": 1980414.375
    },
    "spectral_skewness": {
        "dmean": 2.06295466423,
        "dmean2": 3.64461946487,
        "dvar": 7.28292798996,
        "dvar2": 22.6302814484,
        "max": 40.9774093628,
        "mean": 11.7904577255,
        "median": 12.9687452316,
        "min": 0.0330078229308,
        "var": 37.884727478
    },
    "spectral_spread": {
        "dmean": 290240.71875,
        "dmean2": 508895.375,
        "dvar": 256165675008,
        "dvar2": 358431817728,
        "max": 44689316,
        "mean": 1178095.875,
        "median": 783362.125,
        "min": 57901.546875,
        "var": 1.95591667712e+12
    },
    "spectral_strongpeak": {
        "dmean": 0.432036280632,
        "dmean2": 0.719546556473,
        "dvar": 0.266870617867,
        "dvar2": 0.625838220119,
        "max": 4.79544639587,
        "mean": 1.02147459984,
        "median": 0.804751873016,
        "min": 0,
        "var": 0.55346518755
    },
    "zerocrossingrate": {
        "dmean": 0.00229540164582,
        "dmean2": 0.00305526773445,
        "dvar": 2.49863714998e-05,
        "dvar2": 3.18199345202e-05,
        "max": 0.521484375,
        "mean": 0.0228180047125,
        "median": 0.01904296875,
        "min": 0.005859375,
        "var": 0.00129857938737
    },
    "barkbands": {
        "dmean": [3.96018185711e-06, 0.000862785149366, 0.00140041846316, 0.00168425764423, 0.00266293995082, 0.00315499585122, 0.00203609094024, 0.000642300758045, 0.000692058703862, 0.00101351528428, 0.000194244930753, 3.00133669953e-05, 3.62390273949e-05, 9.5562709248e-06, 1.80474107765e-05, 4.98803319715e-06, 2.25627059081e-06, 5.85004102049e-07, 5.2552974239e-07, 2.87954691203e-07, 2.2667930466e-07, 1.71295354789e-07, 1.01690012855e-07, 8.13522831322e-08, 7.35193452783e-08, 7.00927813568e-08, 3.41134409609e-07],
        "dmean2": [6.36487402517e-06, 0.00126059469767, 0.0020739142783, 0.00273509370163, 0.00385728292167, 0.00473912525922, 0.00269740144722, 0.000726929632947, 0.000916820194107, 0.00147087138612, 0.000284915353404, 4.80325652461e-05, 6.09127237112e-05, 1.64465600392e-05, 3.12224437948e-05, 8.61630633153e-06, 3.92812034988e-06, 1.00660940916e-06, 9.18235798508e-07, 5.13677548497e-07, 4.0611928398e-07, 3.04779632643e-07, 1.73427295636e-07, 1.40769643053e-07, 1.26203261175e-07, 1.19244177199e-07, 5.81277276979e-07],
        "dvar": [3.83338555343e-10, 3.78851768801e-06, 7.66954235587e-06, 7.64293781685e-06, 1.57472150022e-05, 1.94218973775e-05, 8.23626305646e-06, 2.23345728045e-06, 8.24744859074e-07, 2.14677902477e-06, 3.29286535816e-07, 3.80842690717e-09, 5.08501107888e-09, 8.69828875594e-10, 1.81136838862e-09, 2.60215488046e-10, 3.76029901661e-11, 2.19048715798e-12, 2.04774066627e-12, 6.42764433258e-13, 3.07648790341e-13, 1.87474046161e-13, 5.37623365152e-14, 2.99243119975e-14, 2.59493998284e-14, 2.2767340991e-14, 5.63814565781e-13],
        "dvar2": [1.27846755404e-09, 1.0169243069e-05, 2.242654773e-05, 2.3836042601e-05, 4.16062503064e-05, 5.61289562029e-05, 1.62856522365e-05, 2.53087523561e-06, 1.39134374422e-06, 4.22981293013e-06, 6.66244943659e-07, 9.34587074397e-09, 1.41587861435e-08, 2.47170262035e-09, 5.29762944623e-09, 7.5183115289e-10, 1.10764723782e-10, 6.34684405726e-12, 6.16149015489e-12, 2.01113453148e-12, 9.62632534449e-13, 5.8625635813e-13, 1.5684872292e-13, 8.98242187553e-14, 7.68272029111e-14, 6.59182588071e-14, 1.62305867531e-12],
        "max": [0.0012640657369, 0.0551330782473, 0.0675789266825, 0.0505710728467, 0.0747268050909, 0.0707639306784, 0.0615333206952, 0.0375004634261, 0.0179820470512, 0.0227833110839, 0.0134966401383, 0.00139766093343, 0.00146595505066, 0.000611721945461, 0.000862044980749, 0.000432935368735, 0.000127656923723, 2.37326730712e-05, 2.85090682155e-05, 1.48829212776e-05, 1.07252290036e-05, 7.85530664871e-06, 5.20801404491e-06, 3.80174719794e-06, 4.66509345642e-06, 4.81129654872e-06, 2.34502822423e-05],
        "mean": [2.77634881058e-05, 0.00271708983928, 0.00338148116134, 0.00314391893335, 0.00739344628528, 0.00714001292363, 0.00446835625917, 0.00145713728853, 0.00141592964064, 0.00172888452653, 0.000338462501531, 4.58378563053e-05, 5.73265206185e-05, 1.41719374369e-05, 2.5846184144e-05, 8.03256989457e-06, 3.69160852642e-06, 1.05145193174e-06, 8.89685850325e-07, 5.89923672578e-07, 5.02984676132e-07, 4.57464608417e-07, 4.13056397974e-07, 4.13585468095e-07, 4.49733505548e-07, 4.94901257753e-07, 2.42642386183e-06],
        "median": [3.25962297154e-08, 0.000492174061947, 0.00169514585286, 0.00176948995795, 0.00449427682906, 0.00502261845395, 0.00264058657922, 0.000214984887862, 0.000855097896419, 0.000876709294971, 3.75325071218e-05, 1.39908406709e-05, 2.04795342142e-05, 1.50459004544e-06, 3.78557001568e-06, 4.573885235e-07, 2.42423368491e-07, 5.9392110785e-08, 3.706594498e-08, 1.02384092315e-08, 5.54857848556e-09, 2.02994421272e-09, 1.41597822356e-09, 1.32168698208e-09, 1.2802947591e-09, 1.29970589846e-09, 1.79594150662e-09],
        "min": [7.29988610295e-24, 1.28887691901e-23, 1.11788816236e-23, 2.38938079582e-23, 4.70296815142e-23, 2.09287259401e-23, 1.70268258431e-23, 2.79637496276e-23, 5.32630994596e-23, 3.726235604e-23, 4.93880979418e-23, 4.76194055279e-23, 2.84254415164e-23, 4.11778008787e-23, 5.68266239822e-23, 1.58282100733e-22, 2.23807336145e-22, 1.43026591055e-22, 1.87977387426e-22, 2.81216644346e-22, 4.51491172644e-22, 4.94902402829e-22, 6.1810637084e-22, 7.13984651478e-22, 1.12886444872e-21, 1.70494646996e-21, 2.46096046926e-21],
        "var": [1.21213785675e-08, 2.39022501773e-05, 2.19146750169e-05, 1.61812731676e-05, 7.24710989743e-05, 5.11998041475e-05, 3.01581058011e-05, 1.11780727821e-05, 2.81933739643e-06, 5.17033186043e-06, 9.36422225095e-07, 7.90419818486e-09, 8.86935680455e-09, 1.37606548378e-09, 2.62490784664e-09, 4.94511320781e-10, 7.06437963682e-11, 4.91663003713e-12, 3.66270729024e-12, 1.64975899695e-12, 9.19057364934e-13, 7.05886087429e-13, 4.88245023838e-13, 4.44171663425e-13, 5.43223506542e-13, 6.69536854344e-13, 1.67828702324e-11]
    },
    "erbbands": {
        "dmean": [0.0110314721242, 0.254265904427, 1.39780902863, 3.80281877518, 6.58542156219, 9.83076190948, 18.1093330383, 28.8170146942, 29.1332035065, 20.069814682, 9.96039962769, 19.7306728363, 15.9063749313, 33.4059257507, 5.45047903061, 1.43677842617, 1.76086997986, 0.58841073513, 0.998666763306, 0.348763883114, 0.257004231215, 0.0821651816368, 0.0488479100168, 0.0215973835438, 0.0271119326353, 0.0154591333121, 0.00864884536713, 0.00934057962149, 0.0056081446819, 0.00333986175247, 0.00349101005122, 0.00183974811807, 0.00153185240924, 0.000990485423245, 0.000607859285083, 0.000320298160659, 0.000161849937285, 8.18859844003e-05, 4.19545722252e-05, 1.4043270312e-05],
        "dmean2": [0.017738847062, 0.370935380459, 2.08682322502, 6.0517988205, 10.6941041946, 13.4472913742, 23.8898296356, 45.1277542114, 37.309211731, 25.3471469879, 12.0045518875, 26.2108230591, 22.3244400024, 49.0679664612, 8.08597755432, 2.29219436646, 2.95342540741, 1.00784754753, 1.73371732235, 0.601845800877, 0.444539546967, 0.142050534487, 0.0849101692438, 0.037444319576, 0.0477205663919, 0.0276024639606, 0.015568475239, 0.0168285947293, 0.0100927092135, 0.00580103835091, 0.00595234753564, 0.00318845082074, 0.00267001497559, 0.00170982303098, 0.00104725535493, 0.000545890361536, 0.000277674640529, 0.0001415337465, 7.11844913894e-05, 2.27082309721e-05],
        "dvar": [0.00115919217933, 0.30645865202, 7.40307235718, 35.9146575928, 108.315811157, 264.420074463, 488.007141113, 2188.90771484, 1431.57543945, 1085.14868164, 234.153961182, 663.680786133, 839.900939941, 2783.95556641, 270.14666748, 8.25509357452, 12.2418460846, 2.43089532852, 6.35814523697, 1.06129181385, 0.89930588007, 0.0480102598667, 0.0141414990649, 0.00444531952962, 0.0071914778091, 0.00194594508503, 0.000501293106936, 0.00058561534388, 0.000244387600105, 6.76038180245e-05, 7.15148489689e-05, 1.53814889927e-05, 1.11549206849e-05, 4.64366985398e-06, 1.78695790964e-06, 4.93901495702e-07, 1.21269380315e-07, 3.38999015526e-08, 7.888552922e-09, 4.0250180966e-10],
        "dvar2": [0.00395850278437, 0.820299267769, 21.4065361023, 112.08417511, 335.287750244, 631.513122559, 950.645385742, 6497.56152344, 2476.84594727, 1624.54443359, 316.885955811, 1139.33312988, 1556.34973145, 5580.82324219, 572.221679688, 19.919878006, 34.1508102417, 6.90600681305, 18.6984500885, 3.05371427536, 2.60977244377, 0.140385478735, 0.041478946805, 0.0130100222304, 0.0218761414289, 0.00599948875606, 0.00160491606221, 0.00186432665214, 0.000785289914347, 0.000201419810764, 0.000208350189496, 4.58991453343e-05, 3.38724894391e-05, 1.36760427267e-05, 5.26823760083e-06, 1.44777175137e-06, 3.58701129244e-07, 1.02487213383e-07, 2.2906847974e-08, 1.16689780061e-09],
        "max": [0.718285560608, 15.1192569733, 56.3565406799, 132.456771851, 219.41947937, 332.681274414, 613.796813965, 873.390686035, 938.750793457, 743.414611816, 290.881896973, 516.925720215, 880.126525879, 838.84161377, 590.66003418, 68.94090271, 75.3920211792, 32.6246261597, 54.4603042603, 28.5419120789, 27.964012146, 4.16520929337, 2.1815700531, 1.4104578495, 1.71700513363, 0.969922959805, 0.490612655878, 0.437061041594, 0.356993943453, 0.16976800561, 0.201181396842, 0.0874887257814, 0.07405526191, 0.0511360876262, 0.0362996868789, 0.0185475219041, 0.00999665632844, 0.00529519002885, 0.0028457113076, 0.000563460052945],
        "mean": [0.0378657989204, 0.772744357586, 3.61730647087, 8.44625282288, 14.5342073441, 25.974811554, 47.2148170471, 59.1191711426, 69.9249343872, 46.6191291809, 24.1160411835, 41.1040382385, 29.8943977356, 56.7376861572, 10.3663339615, 2.55646896362, 2.83985090256, 1.04366886616, 1.45673596859, 0.635052084923, 0.44521048665, 0.160038024187, 0.0910304486752, 0.0418815240264, 0.048164639622, 0.0323879830539, 0.019925866276, 0.021496925503, 0.015968600288, 0.0121322311461, 0.0128347510472, 0.0084031643346, 0.00702648516744, 0.00506240222603, 0.00320614827797, 0.00179417198524, 0.000938660523389, 0.000504187191837, 0.000283185043372, 8.63272725837e-05],
        "median": [0.00414765439928, 0.192922368646, 1.69533932209, 5.29001808167, 8.32066726685, 14.489074707, 32.139503479, 35.5641860962, 44.7660636902, 20.2394676208, 11.9296512604, 25.5837497711, 15.3076553345, 24.3971328735, 3.34142255783, 1.11910176277, 1.09768915176, 0.227176621556, 0.243088960648, 0.0821519345045, 0.0248247683048, 0.0105236545205, 0.00721491267905, 0.00210514478385, 0.00157121533994, 0.000580463907681, 0.000353438197635, 0.000162091004313, 9.19914891711e-05, 6.62545207888e-05, 5.48240896023e-05, 4.66770652565e-05, 4.10438879044e-05, 3.55628180841e-05, 2.99332750728e-05, 2.28912722378e-05, 1.3571796444e-05, 2.51909045801e-06, 1.86719316844e-05, 4.30149084423e-05],
        "min": [5.82199138995e-22, 2.5905935653e-21, 1.00675821158e-20, 4.88928430128e-20, 8.09546995974e-20, 9.77675009768e-20, 1.79903795767e-19, 2.07237668917e-19, 3.36438705255e-19, 3.26739935024e-19, 8.62741675773e-19, 1.09453469231e-18, 1.03761970308e-18, 1.28572518659e-18, 2.45912689742e-18, 2.09072629519e-18, 1.27213026643e-18, 2.59386469304e-18, 2.31925851405e-18, 7.06201642936e-18, 9.34202150104e-18, 1.3247938575e-17, 8.48786404717e-18, 9.05172329224e-18, 9.27422660521e-18, 1.39696594497e-17, 2.27853599891e-17, 1.49213952646e-17, 1.64781988082e-17, 1.6789958218e-17, 1.8871313384e-17, 1.62780773483e-17, 1.13781786912e-17, 1.16651193739e-17, 8.39026004361e-18, 5.79659842341e-18, 3.33368986303e-18, 1.31214512856e-18, 3.00938284713e-19, 3.43742593741e-20],
        "var": [0.00515700876713, 1.78576171398, 25.480266571, 97.8434143066, 329.637481689, 1120.64196777, 2554.88525391, 5203.01220703, 6079.43652344, 5207.51464844, 1065.59265137, 2203.29907227, 2207.74707031, 6612.60107422, 797.726867676, 18.8028640747, 21.0221939087, 4.29898834229, 9.08200263977, 2.12043142319, 1.70395898819, 0.126081138849, 0.0333850979805, 0.00922495406121, 0.0129116186872, 0.00500643439591, 0.00145598396193, 0.00181787495967, 0.00096075295005, 0.000434183457401, 0.000505611358676, 0.000182102638064, 0.00013145180128, 6.85417544446e-05, 2.7876409149e-05, 8.75390105648e-06, 2.38738562075e-06, 7.11629013495e-07, 2.07959928389e-07, 8.98042795683e-09]
    },
    "gfcc": {
        "mean": [-206.690582275, 233.850296021, -39.26927948, -62.1171684265, -58.8512229919, -22.5261955261, -24.7167816162, -12.4594097137, -18.7052268982, -19.6120414734, -14.1736679077, -11.2479734421, -0.44248020649],
        "cov": [[24169.3222656, -1350.25524902, -1997.06616211, 2228.43017578, 2215.08813477, 1903.73486328, -352.779327393, -36.9976348877, 571.376647949, 1358.0904541, 671.831481934, 549.471252441, -282.941864014], [-1350.25524902, 3842.30908203, 424.836486816, -1549.8659668, -87.8629302979, -697.046813965, 281.770477295, -219.862457275, -132.661880493, -518.886779785, 83.2309265137, -343.554321289, 87.0252151489], [-1997.06616211, 424.836486816, 883.533996582, -226.791168213, -484.894226074, -238.013977051, 98.2038574219, 54.034992218, -21.571308136, -200.505432129, -118.977996826, -77.0660324097, 29.2229785919], [2228.43017578, -1549.8659668, -226.791168213, 1077.38171387, 313.664276123, 389.426727295, -117.874458313, 104.131141663, 146.37612915, 364.698425293, 26.5602588654, 144.76234436, -49.0735282898], [2215.08813477, -87.8629302979, -484.894226074, 313.664276123, 675.558654785, 274.537536621, -102.165016174, -2.93523454666, 99.982170105, 221.009841919, 138.888183594, 42.0219116211, -21.1538219452], [1903.73486328, -697.046813965, -238.013977051, 389.426727295, 274.537536621, 400.508300781, -1.43473577499, 29.447435379, 46.9428596497, 189.660812378, 56.0895652771, 116.939941406, -27.8291244507], [-352.779327393, 281.770477295, 98.2038574219, -117.874458313, -102.165016174, -1.43473577499, 170.738479614, 20.7259311676, -47.3506393433, -64.7577590942, 5.51692199707, -11.7954807281, 18.5450744629], [-36.9976348877, -219.862457275, 54.034992218, 104.131141663, -2.93523454666, 29.447435379, 20.7259311676, 116.107131958, 56.3940544128, 20.7843074799, -16.5461902618, 17.7688751221, -6.34648895264], [571.376647949, -132.661880493, -21.571308136, 146.37612915, 99.982170105, 46.9428596497, -47.3506393433, 56.3940544128, 125.089759827, 99.8537445068, 8.06772232056, 8.10807228088, -14.0251302719], [1358.0904541, -518.886779785, -200.505432129, 364.698425293, 221.009841919, 189.660812378, -64.7577590942, 20.7843074799, 99.8537445068, 239.618286133, 78.057762146, 53.900718689, -35.4043312073], [671.831481934, 83.2309265137, -118.977996826, 26.5602588654, 138.888183594, 56.0895652771, 5.51692199707, -16.5461902618, 8.06772232056, 78.057762146, 109.604156494, 31.6688957214, -17.2381229401], [549.471252441, -343.554321289, -77.0660324097, 144.76234436, 42.0219116211, 116.939941406, -11.7954807281, 17.7688751221, 8.10807228088, 53.900718689, 31.6688957214, 98.4189453125, 16.9484481812], [-282.941864014, 87.0252151489, 29.2229785919, -49.0735282898, -21.1538219452, -27.8291244507, 18.5450744629, -6.34648895264, -14.0251302719, -35.4043312073, -17.2381229401, 16.9484481812, 67.7078933716]],
        "icov": [[0.000175895518623, -0.00072473945329, 0.000386599975172, -0.000604333938099, 0.000749868224375, -0.00130680820439, 0.00127488141879, -0.000851110497024, 0.000580860883929, -0.000713204150088, 0.000235478801187, -0.000562141474802, 0.000277930666925], [-0.00072473945329, 0.00611383793876, -0.00271406606771, 0.00432681106031, -0.00625215191394, 0.00804580468684, -0.0104411235079, 0.00947679299861, -0.00871382839978, 0.0081982286647, -0.00543643720448, 0.00531772710383, -0.00171097693965], [0.000386599975172, -0.00271406606771, 0.00395981967449, -0.00313691655174, 0.00586117105559, -0.00598272401839, 0.00599037809297, -0.00493036955595, 0.000739880895708, 0.000910081260372, -0.00260279490612, 0.00298618571833, -0.00239042891189], [-0.000604333938099, 0.00432681106031, -0.00313691655174, 0.00726864906028, -0.00731955561787, 0.008594898507, -0.00922307744622, 0.00538146821782, -0.00183022697456, -0.00367585988715, 0.00580161577091, -0.00405392050743, 0.00300244730897], [0.000749868224375, -0.00625215191394, 0.00586117105559, -0.00731955561787, 0.0162658151239, -0.0179976206273, 0.0185240544379, -0.0121978083625, 0.00286884559318, 0.00229371991009, -0.0129087520763, 0.0125612905249, -0.00983495172113], [-0.00130680820439, 0.00804580468684, -0.00598272401839, 0.008594898507, -0.0179976206273, 0.0290548317134, -0.0252977665514, 0.0151927620173, -0.00342405796982, -0.0056518423371, 0.0165485106409, -0.0187302734703, 0.0129185812548], [0.00127488141879, -0.0104411235079, 0.00599037809297, -0.00922307744622, 0.0185240544379, -0.0252977665514, 0.0348726026714, -0.0236669518054, 0.0147120095789, -0.00311783445068, -0.0108314882964, 0.011175670661, -0.0110409045592], [-0.000851110497024, 0.00947679299861, -0.00493036955595, 0.00538146821782, -0.0121978083625, 0.0151927620173, -0.0236669518054, 0.0331282354891, -0.0241893567145, 0.015002370812, -0.00230593071319, -0.00195568590425, 0.00504879560322], [0.000580860883929, -0.00871382839978, 0.000739880895708, -0.00183022697456, 0.00286884559318, -0.00342405796982, 0.0147120095789, -0.0241893567145, 0.0400659963489, -0.0326191075146, 0.0238280314952, -0.0156197864562, 0.00639269640669], [-0.000713204150088, 0.0081982286647, 0.000910081260372, -0.00367585988715, 0.00229371991009, -0.0056518423371, -0.00311783445068, 0.015002370812, -0.0326191075146, 0.0504552088678, -0.0430601648986, 0.0329535715282, -0.0155063942075], [0.000235478801187, -0.00543643720448, -0.00260279490612, 0.00580161577091, -0.0129087520763, 0.0165485106409, -0.0108314882964, -0.00230593071319, 0.0238280314952, -0.0430601648986, 0.0637177526951, -0.0499391965568, 0.0299616418779], [-0.000562141474802, 0.00531772710383, 0.00298618571833, -0.00405392050743, 0.0125612905249, -0.0187302734703, 0.011175670661, -0.00195568590425, -0.0156197864562, 0.0329535715282, -0.0499391965568, 0.0641169548035, -0.035197366029], [0.000277930666925, -0.00171097693965, -0.00239042891189, 0.00300244730897, -0.00983495172113, 0.0129185812548, -0.0110409045592, 0.00504879560322, 0.00639269640669, -0.0155063942075, 0.0299616418779, -0.035197366029, 0.0367266349494]]
    },
    "melbands": {
        "dmean": [0.00016241396952, 0.000595744058955, 0.000684296712279, 0.000635931501165, 0.00055819778936, 0.000617420359049, 0.000455206667539, 0.000204368741834, 8.3389255451e-05, 0.000117811236123, 8.03428993095e-05, 0.000143942292198, 1.88756384887e-05, 6.42435816189e-06, 3.38138102052e-06, 2.91667288366e-06, 1.12295094823e-06, 1.55049656314e-06, 8.38093455968e-07, 4.11953379853e-07, 2.93847904231e-07, 8.87160069851e-08, 1.01009781872e-07, 2.05961399047e-08, 1.80393922022e-08, 2.56891574679e-08, 1.00808907888e-08, 1.1142491374e-08, 5.8468860864e-09, 5.30619637118e-09, 7.92942422834e-09, 4.44818448742e-09, 1.89843696319e-09, 2.12750861373e-09, 2.78902834161e-09, 1.3732186499e-09, 1.30658206476e-09, 1.34859590162e-09, 1.13434717175e-09, 9.96533300324e-10],
        "dmean2": [0.000244524388108, 0.000881758751348, 0.00110501202289, 0.00094534602249, 0.000742284930311, 0.000950565969106, 0.000591034651734, 0.000253885344137, 0.000102874997538, 0.000156985377544, 0.000113466790935, 0.00021172389097, 2.79018095171e-05, 9.91207343759e-06, 5.66666358282e-06, 4.86963108415e-06, 1.93138339455e-06, 2.6916054594e-06, 1.44161538174e-06, 7.10858557795e-07, 5.10525865138e-07, 1.53899065936e-07, 1.75065878238e-07, 3.54975178141e-08, 3.1238982956e-08, 4.50959305454e-08, 1.78258670047e-08, 1.99433110026e-08, 1.0538711237e-08, 9.59217683061e-09, 1.43018539234e-08, 8.01657851213e-09, 3.3079803341e-09, 3.68531472006e-09, 4.74902739356e-09, 2.37312236528e-09, 2.26727570052e-09, 2.3425379414e-09, 1.96747595993e-09, 1.72626812844e-09],
        "dvar": [1.5260943087e-07, 1.28040642267e-06, 1.02269723357e-06, 1.07412040506e-06, 4.52748366797e-07, 9.03269096852e-07, 3.69691690594e-07, 1.37210136586e-07, 1.14695346554e-08, 2.5792063596e-08, 2.10293578107e-08, 5.3535629263e-08, 2.77101719348e-09, 4.13710649072e-10, 4.14003727134e-11, 3.28631323543e-11, 1.21377630169e-11, 1.51477164145e-11, 3.49952033497e-12, 1.36485885528e-12, 1.15209285254e-12, 6.85896042111e-14, 8.05860640805e-14, 2.43025272215e-15, 3.75851812103e-15, 6.75253776167e-15, 7.24656168134e-16, 1.08804717267e-15, 2.19577237654e-16, 3.09800447574e-16, 5.07481632079e-16, 1.72450217058e-16, 2.20464163868e-17, 2.41867362956e-17, 4.9349105654e-17, 8.71691035878e-18, 7.89815127205e-18, 8.76835768416e-18, 6.0785301139e-18, 4.80264082858e-18],
        "dvar2": [4.38580769924e-07, 3.63010485671e-06, 3.15934244099e-06, 2.95562927022e-06, 9.10269477572e-07, 2.67686141342e-06, 6.87784677211e-07, 1.84391282687e-07, 1.62889577382e-08, 4.46109602592e-08, 3.90779781867e-08, 1.07467251098e-07, 5.74207259518e-09, 8.82894257703e-10, 1.14093588743e-10, 9.01465638248e-11, 3.44417792897e-11, 4.45747778965e-11, 1.00940540648e-11, 3.91143974848e-12, 3.33384209995e-12, 1.98407086659e-13, 2.36527919646e-13, 7.13355986288e-15, 1.09799220768e-14, 2.04222269385e-14, 2.17690072071e-15, 3.40588623487e-15, 7.04936129391e-16, 1.01267712223e-15, 1.61694629752e-15, 5.53998881597e-16, 6.64095866739e-17, 7.03820454651e-17, 1.43890767471e-16, 2.57916122678e-17, 2.35736515323e-17, 2.65132826845e-17, 1.81472176738e-17, 1.41312012059e-17],
        "max": [0.00991915166378, 0.0237506255507, 0.0193385854363, 0.018760478124, 0.016700387001, 0.0169633440673, 0.0141460513696, 0.0086640259251, 0.00203927024268, 0.00330809503794, 0.00437189079821, 0.00372939556837, 0.00155384733807, 0.000743313983548, 0.000132663117256, 0.000111569046567, 7.36177462386e-05, 8.50616997923e-05, 3.34316937369e-05, 1.94120093511e-05, 3.0481704016e-05, 6.30485237707e-06, 6.16366651229e-06, 7.6825369888e-07, 1.32752802529e-06, 1.84536861525e-06, 5.64499259781e-07, 6.13910913216e-07, 2.5621829991e-07, 4.28166316624e-07, 3.99968740794e-07, 3.12316643658e-07, 1.03039042187e-07, 8.08695830301e-08, 1.67287979025e-07, 5.93168287821e-08, 6.36406980448e-08, 5.986359497e-08, 5.57338708518e-08, 4.71336534247e-08],
        "mean": [0.000546507246327, 0.00162762182299, 0.00152009073645, 0.00153782533016, 0.00153702567331, 0.00130465789698, 0.00105839956086, 0.000471712119179, 0.000193731844774, 0.000241319838096, 0.000142691118526, 0.000240356937866, 3.48811663571e-05, 1.05731851363e-05, 5.45605780644e-06, 4.77833145851e-06, 1.65181813827e-06, 2.21675986722e-06, 1.27415978568e-06, 6.59768943478e-07, 4.68860775982e-07, 1.48384145859e-07, 1.65076059488e-07, 3.60304994729e-08, 3.01816491799e-08, 4.13973602065e-08, 1.99425969072e-08, 2.16295195088e-08, 1.19445457969e-08, 1.05160502528e-08, 1.54762478388e-08, 1.07064597188e-08, 5.51154233364e-09, 6.76249456433e-09, 8.46107628405e-09, 5.10100717221e-09, 4.97598007243e-09, 5.00492758349e-09, 4.50453851997e-09, 4.17931378394e-09],
        "median": [8.04059964139e-05, 0.000717780145351, 0.00103518762626, 0.000868704461027, 0.0010714820819, 0.000828434363939, 0.000667829008307, 0.000177782509127, 0.000116167590022, 0.000144678822835, 6.84705009917e-05, 9.81453922577e-05, 8.07927790447e-06, 2.42056194111e-06, 2.23055076276e-06, 1.68746169038e-06, 1.85413455256e-07, 3.57405724571e-07, 1.83073126436e-07, 5.16909040016e-08, 1.98331644441e-08, 9.14268305507e-09, 1.04000825729e-08, 2.48501086375e-09, 1.32959299126e-09, 1.15449938498e-09, 5.09620456945e-10, 2.92896512599e-10, 2.37603103859e-10, 1.1168289904e-10, 6.91909793349e-11, 4.52963500042e-11, 3.40017181077e-11, 2.73165379205e-11, 2.31285893215e-11, 1.98572339127e-11, 1.71349948119e-11, 1.50086783279e-11, 1.32724005397e-11, 1.17769760957e-11],
        "min": [4.90773167218e-24, 4.35814253471e-24, 1.03046801679e-23, 8.29371515945e-24, 7.59879812171e-24, 5.10501907926e-24, 4.43046175262e-24, 3.5520966891e-24, 7.72317308747e-24, 8.46381329214e-24, 4.99273695675e-24, 4.81972319415e-24, 7.06120992519e-24, 5.91701806369e-24, 3.15228719119e-24, 4.02940289626e-24, 4.27608127904e-24, 2.99862872255e-24, 5.30513770813e-24, 1.20095300687e-23, 1.00482151767e-23, 1.35212889079e-23, 1.08699037397e-23, 5.97739274421e-24, 7.49041099992e-24, 7.34895798442e-24, 5.70647187695e-24, 9.48949024111e-24, 1.60256793129e-23, 1.02421716186e-23, 8.81995638071e-24, 9.21314989943e-24, 9.16218711837e-24, 9.81348488121e-24, 1.05071350083e-23, 1.1381540779e-23, 9.20775961286e-24, 8.44534053632e-24, 8.50406728641e-24, 9.45269303532e-24],
        "var": [9.68447238847e-07, 5.08044331582e-06, 2.61944273916e-06, 3.89953493141e-06, 2.46988383878e-06, 2.20200763579e-06, 1.46588104144e-06, 6.83347536778e-07, 5.16545242135e-08, 8.48928110031e-08, 5.47947678342e-08, 1.2561577023e-07, 8.19554024645e-09, 1.17175757985e-09, 7.53371948159e-11, 6.02629196544e-11, 1.83516309787e-11, 2.17151487764e-11, 5.8263129564e-12, 2.45896727459e-12, 2.10451773196e-12, 1.29207964315e-13, 1.59232612447e-13, 4.93661728385e-15, 6.81342968969e-15, 1.12543285645e-14, 1.67000730007e-15, 2.59568651532e-15, 5.33126613348e-16, 7.02516526838e-16, 1.23352010504e-15, 5.29770351174e-16, 1.011053863e-16, 1.37867211781e-16, 2.52029650667e-16, 6.94005129502e-17, 6.66587533267e-17, 6.95248878271e-17, 5.54683297453e-17, 4.82537233083e-17]
    },
    "mfcc": {
        "mean": [-841.47052002, 242.792160034, 65.8416519165, -12.4083051682, -21.7135066986, -19.5215740204, -18.3659286499, -9.07695102692, -3.52561402321, -7.57607507706, -15.5305633545, -16.6193962097, -12.1647701263],
        "cov": [[9459.48828125, 2306.18652344, -1606.53967285, -132.716064453, 1692.17700195, 1859.62060547, 844.752990723, 290.934204102, 181.114685059, 386.42868042, 603.591552734, 917.666259766, 914.333862305], [2306.18652344, 2516.21777344, 213.327056885, -505.875701904, 19.0813541412, 245.437896729, 121.105865479, -0.451069146395, -33.9448394775, -49.3647270203, -5.44372749329, 75.6923446655, 144.966110229], [-1606.53967285, 213.327056885, 962.389526367, 132.964416504, -610.319641113, -660.507568359, -304.116699219, -62.1455535889, -0.145760253072, -97.2779006958, -222.249206543, -311.286865234, -286.574310303], [-132.716064453, -505.875701904, 132.964416504, 466.344177246, 96.5942993164, -81.5528793335, -61.3201026917, 11.9022655487, 69.2574691772, 92.7390213013, 56.4499893188, 14.7417640686, -27.5507488251], [1692.17700195, 19.0813541412, -610.319641113, 96.5942993164, 828.620666504, 681.885070801, 249.3072052, 52.1709594727, 62.9804267883, 191.351913452, 302.12600708, 361.867767334, 283.567260742], [1859.62060547, 245.437896729, -660.507568359, -81.5528793335, 681.885070801, 825.848022461, 384.354949951, 61.4882659912, 18.463558197, 141.551589966, 265.840454102, 364.119995117, 328.359924316], [844.752990723, 121.105865479, -304.116699219, -61.3201026917, 249.3072052, 384.354949951, 287.939910889, 111.657684326, 21.3571605682, 40.49401474, 91.7061004639, 160.523025513, 180.373855591], [290.934204102, -0.451069146395, -62.1455535889, 11.9022655487, 52.1709594727, 61.4882659912, 111.657684326, 150.308761597, 83.9941635132, 10.0859718323, -5.52575588226, 32.8042526245, 68.2973022461], [181.114685059, -33.9448394775, -0.145760253072, 69.2574691772, 62.9804267883, 18.463558197, 21.3571605682, 83.9941635132, 121.157676697, 66.7154922485, 13.5183153152, 24.334028244, 35.7072601318], [386.42868042, -49.3647270203, -97.2779006958, 92.7390213013, 191.351913452, 141.551589966, 40.49401474, 10.0859718323, 66.7154922485, 133.96446228, 122.958351135, 93.5925140381, 60.1884651184], [603.591552734, -5.44372749329, -222.249206543, 56.4499893188, 302.12600708, 265.840454102, 91.7061004639, -5.52575588226, 13.5183153152, 122.958351135, 208.901123047, 194.485397339, 113.525985718], [917.666259766, 75.6923446655, -311.286865234, 14.7417640686, 361.867767334, 364.119995117, 160.523025513, 32.8042526245, 24.334028244, 93.5925140381, 194.485397339, 274.824645996, 212.657333374], [914.333862305, 144.966110229, -286.574310303, -27.5507488251, 283.567260742, 328.359924316, 180.373855591, 68.2973022461, 35.7072601318, 60.1884651184, 113.525985718, 212.657333374, 242.907562256]],
