{
"lowlevel": {
    "average_loudness": 0.835176467896,
    "barkbands_crest": {
        "dmean": 2.05222630501,
        "dmean2": 3.32034111023,
        "dvar": 2.90762710571,
        "dvar2": 7.73977279663,
        "max": 22.5739784241,
        "mean": 9.37410449982,
        "median": 8.89159584045,
        "min": 3.85170006752,
        "var": 7.1664056778
    },
    "barkbands_flatness_db": {
        "dmean": 0.0147277442738,
        "dmean2": 0.0230540540069,
        "dvar": 0.000130391184939,
        "dvar2": 0.00033275820897,
        "max": 0.419156193733,
        "mean": 0.27784383297,
        "median": 0.276474297047,
        "min": 0.0355004891753,
        "var": 0.00164556433447
    },
    "barkbands_kurtosis": {
        "dmean": 1.59956085682,
        "dmean2": 2.50914716721,
        "dvar": 3.18967938423,
        "dvar2": 7.65702056885,
        "max": 39.9661903381,
        "mean": 2.61010813713,
        "median": 1.88292431831,
        "min": -1.79043674469,
        "var": 9.67923545837
    },
    "barkbands_skewness": {
        "dmean": 0.38656654954,
        "dmean2": 0.583780407906,
        "dvar": 0.0963353067636,
        "dvar2": 0.227918073535,
        "max": 5.0544424057,
        "mean": 0.98485916853,
        "median": 0.945338368416,
        "min": -2.02504324913,
        "var": 0.41548410058
    },
    "barkbands_spread": {
        "dmean": 1.04019081593,
        "dmean2": 1.62344789505,
        "dvar": 1.44215524197,
        "dvar2": 3.26093268394,
        "max": 91.8670272827,
        "mean": 4.99856615067,
        "median": 4.36829376221,
        "min": 0.772944092751,
        "var": 20.8934955597
    },
    "dissonance": {
        "dmean": 0.0465895161033,
        "dmean2": 0.0778989046812,
        "dvar": 0.00136836629827,
        "dvar2": 0.00376121466979,
        "max": 0.500000059605,
        "mean": 0.371426135302,
        "median": 0.376456320286,
        "min": 0.148698374629,
        "var": 0.00346159515902
    },
    "dynamic_complexity": 3.47285699844,
    "erbbands_crest": {
        "dmean": 2.78780341148,
        "dmean2": 4.43318414688,
        "dvar": 5.45999002457,
        "dvar2": 13.1456251144,
        "max": 32.3342437744,
        "mean": 11.4392910004,
        "median": 10.6994857788,
        "min": 2.43794703484,
        "var": 13.7940797806
    },
    "erbbands_flatness_db": {
        "dmean": 0.013897690922,
        "dmean2": 0.0209112092853,
        "dvar": 0.000115525683213,
        "dvar2": 0.00026753419661,
        "max": 0.449640244246,
        "mean": 0.316161751747,
        "median": 0.317810118198,
        "min": 0.0499084256589,
        "var": 0.00164665118791
    },
    "erbbands_kurtosis": {
        "dmean": 1.11980640888,
        "dmean2": 1.76453638077,
        "dvar": 1.39393615723,
        "dvar2": 3.38194155693,
        "max": 28.977060318,
        "mean": 1.51162207127,
        "median": 1.09795117378,
        "min": -1.66751027107,
        "var": 4.01225280762
    },
    "erbbands_skewness": {
        "dmean": 0.356226921082,
        "dmean2": 0.547887504101,
        "dvar": 0.0812416374683,
        "dvar2": 0.194255128503,
        "max": 3.95028090477,
        "mean": 0.538340508938,
        "median": 0.520364582539,
        "min": -2.3960313797,
        "var": 0.3246781528
    },
    "erbbands_spread": {
        "dmean": 2.09697794914,
        "dmean2": 3.23030018806,
        "dvar": 4.01408195496,
        "dvar2": 9.70271682739,
        "max": 103.090736389,
        "mean": 10.0885629654,
        "median": 9.26639175415,
        "min": 1.84075856209,
        "var": 37.2865486145
    },
    "hfc": {
        "dmean": 3.09489226341,
        "dmean2": 4.60540533066,
        "dvar": 11.4785289764,
        "dvar2": 25.7122612,
        "max": 69.7950210571,
        "mean": 13.687962532,
        "median": 12.7193107605,
        "min": 1.2069842304e-16,
        "var": 74.2683410645
    },
    "melbands_crest": {
        "dmean": 2.39753818512,
        "dmean2": 3.84897542,
        "dvar": 4.00290966034,
        "dvar2": 10.4675388336,
        "max": 28.5339336395,
        "mean": 10.9597578049,
        "median": 10.4127101898,
        "min": 1.58506953716,
        "var": 9.65521335602
    },
    "melbands_flatness_db": {
        "dmean": 0.0146526843309,
        "dmean2": 0.0229133348912,
        "dvar": 0.000131598426378,
        "dvar2": 0.000336040073307,
        "max": 0.50664049387,
        "mean": 0.365565150976,
        "median": 0.365892589092,
        "min": 0.00483599025756,
        "var": 0.00191117986105
    },
    "melbands_kurtosis": {
        "dmean": 1.57854545116,
        "dmean2": 2.43968605995,
        "dvar": 3.56843400002,
        "dvar2": 8.1577501297,
        "max": 98.0791015625,
        "mean": 2.44939446449,
        "median": 1.66524887085,
        "min": -1.63608002663,
        "var": 13.2362289429
    },
    "melbands_skewness": {
        "dmean": 0.35964897275,
        "dmean2": 0.53511762619,
        "dvar": 0.085364587605,
        "dvar2": 0.196603551507,
        "max": 8.04325485229,
        "mean": 0.9813773036,
        "median": 0.941142320633,
        "min": -1.11184835434,
        "var": 0.397415339947
    },
    "melbands_spread": {
        "dmean": 1.65326297283,
        "dmean2": 2.57800245285,
        "dvar": 2.88194870949,
        "dvar2": 6.72698307037,
        "max": 144.291946411,
        "mean": 7.79485654831,
        "median": 7.24391269684,
        "min": 1.30254840851,
        "var": 20.160194397
    },
    "pitch_salience": {
        "dmean": 0.0572995133698,
        "dmean2": 0.0921547412872,
        "dvar": 0.00198951736093,
        "dvar2": 0.00509525556117,
        "max": 0.849693000317,
        "mean": 0.614125013351,
        "median": 0.616507232189,
        "min": 0.24268193543,
        "var": 0.00596015667543
    },
    "silence_rate_20dB": {
        "dmean": 0,
        "dmean2": 0,
        "dvar": 0,
        "dvar2": 0,
        "max": 1,
        "mean": 1,
        "median": 1,
        "min": 1,
        "var": 0
    },
    "silence_rate_30dB": {
        "dmean": 0.000143276745803,
        "dmean2": 0.000286574009806,
        "dvar": 0.000143254801515,
        "dvar2": 0.000429773295764,
        "max": 1,
        "mean": 0.999928355217,
        "median": 1,
        "min": 0,
        "var": 7.16277572792e-05
    },
    "silence_rate_60dB": {
        "dmean": 0.00286553474143,
        "dmean2": 0.00573148019612,
        "dvar": 0.00285691698082,
        "dvar2": 0.00655825296417,
        "max": 1,
        "mean": 0.0661174803972,
        "median": 0,
        "min": 0,
        "var": 0.0617386698723
    },
    "spectral_centroid": {
        "dmean": 41.6931686401,
        "dmean2": 62.9551048279,
        "dvar": 5246.28369141,
        "dvar2": 7228.21533203,
        "max": 11082.7705078,
        "mean": 499.953948975,
        "median": 485.695251465,
        "min": 303.839904785,
        "var": 23753.1855469
    },
    "spectral_complexity": {
        "dmean": 1.33533918858,
        "dmean2": 2.28413820267,
        "dvar": 1.35734951496,
        "dvar2": 3.68702936172,
        "max": 23,
        "mean": 11.5608882904,
        "median": 12,
        "min": 0,
        "var": 11.4561853409
    },
    "spectral_decrease": {
        "dmean": 1.57029200754e-09,
        "dmean2": 2.3644213254e-09,
        "dvar": 2.54071895907e-18,
        "dvar2": 5.95867950136e-18,
        "max": 8.01013270863e-19,
        "mean": -7.27768334485e-09,
        "median": -6.83851286709e-09,
        "min": -2.88936501391e-08,
        "var": 1.84028975468e-17
    },
    "spectral_energy": {
        "dmean": 0.00618592556566,
        "dmean2": 0.00930766016245,
        "dvar": 3.95079587179e-05,
        "dvar2": 9.24616397242e-05,
        "max": 0.115381784737,
        "mean": 0.0287091061473,
        "median": 0.0270211957395,
        "min": 1.08500982065e-20,
        "var": 0.000286778667942
    },
    "spectral_energyband_high": {
        "dmean": 7.17699435882e-07,
        "dmean2": 1.23079064451e-06,
        "dvar": 1.00531562242e-12,
        "dvar2": 2.88170529106e-12,
        "max": 4.29418141721e-05,
        "mean": 5.24776260136e-06,
        "median": 3.83878705179e-06,
        "min": 7.98297711229e-21,
        "var": 2.61119754291e-11
    },
    "spectral_energyband_low": {
        "dmean": 0.000637644028757,
        "dmean2": 0.000922446488403,
        "dvar": 8.9985996965e-07,
        "dvar2": 2.48130754699e-06,
        "max": 0.0268336310983,
        "mean": 0.0017291707918,
        "median": 0.000984086073004,
        "min": 4.51441304013e-23,
        "var": 4.94870164403e-06
    },
    "spectral_energyband_middle_high": {
        "dmean": 0.00114969606511,
        "dmean2": 0.00177797523793,
        "dvar": 3.27428074343e-06,
        "dvar2": 7.39492952562e-06,
        "max": 0.0373726114631,
        "mean": 0.00280878902413,
        "median": 0.00187232089229,
        "min": 1.57463210102e-21,
        "var": 9.78731986834e-06
    },
    "spectral_energyband_middle_low": {
        "dmean": 0.00598713802174,
        "dmean2": 0.00901156384498,
        "dvar": 3.67101383745e-05,
        "dvar2": 8.68869028636e-05,
        "max": 0.100678123534,
        "mean": 0.0255755651742,
        "median": 0.0238009095192,
        "min": 3.03808333251e-22,
        "var": 0.000235001862166
    },
    "spectral_entropy": {
        "dmean": 0.107565656304,
        "dmean2": 0.168528825045,
        "dvar": 0.00722250994295,
        "dvar2": 0.0182941574603,
        "max": 9.79270362854,
        "mean": 6.00571203232,
        "median": 5.98673248291,
        "min": 5.10529899597,
        "var": 0.0988439619541
    },
    "spectral_flux": {
        "dmean": 0.0142052508891,
        "dmean2": 0.0241132117808,
        "dvar": 0.000163820048328,
        "dvar2": 0.000472537329188,
        "max": 0.169653311372,
        "mean": 0.065558463335,
        "median": 0.0662535429001,
        "min": 1.04163802583e-10,
        "var": 0.000750586797949
    },
    "spectral_kurtosis": {
        "dmean": 15.0835075378,
        "dmean2": 26.5236339569,
        "dvar": 186.404083252,
        "dvar2": 558.297058105,
        "max": 156.76473999,
        "mean": 47.1696777344,
        "median": 42.6586799622,
        "min": -1.20236289501,
        "var": 546.691101074
    },
    "spectral_rms": {
        "dmean": 0.000544242910109,
        "dmean2": 0.000817793537863,
        "dvar": 2.29347037362e-07,
        "dvar2": 5.44710303529e-07,
        "max": 0.0106097878888,
        "mean": 0.00497185857967,
        "median": 0.00513440743089,
        "min": 3.25353069139e-12,
        "var": 3.28950909534e-06
    },
    "spectral_rolloff": {
        "dmean": 98.6883926392,
        "dmean2": 170.730300903,
        "dvar": 52760.8710938,
        "dvar2": 102336.851562,
        "max": 18733.8867188,
        "mean": 754.650268555,
        "median": 710.595703125,
        "min": 301.46484375,
        "var": 649209.25
    },
    "spectral_skewness": {
        "dmean": 0.840306341648,
        "dmean2": 1.47687196732,
        "dvar": 0.511536180973,
        "dvar2": 1.55759310722,
        "max": 10.5005970001,
        "mean": 5.11826944351,
        "median": 4.99562454224,
        "min": 0.0203140955418,
        "var": 1.55293095112
    },
    "spectral_spread": {
        "dmean": 210735.921875,
        "dmean2": 365352.78125,
        "dvar": 97952833536,
        "dvar2": 159367217152,
        "max": 40200224,
        "mean": 1497046.5,
        "median": 1359206.75,
        "min": 503704.84375,
        "var": 1.01652378419e+12
    },
    "spectral_strongpeak": {
        "dmean": 0.566354036331,
        "dmean2": 0.933897912502,
        "dvar": 0.402816385031,
        "dvar2": 0.982816755772,
        "max": 9.778008461,
        "mean": 1.29534637928,
        "median": 1.13110423088,
        "min": 0,
        "var": 0.850798726082
    },
    "zerocrossingrate": {
        "dmean": 0.0023079237435,
        "dmean2": 0.00301172072068,
        "dvar": 9.24646610656e-06,
        "dvar2": 1.35961654451e-05,
        "max": 0.5205078125,
        "mean": 0.0268077608198,
        "median": 0.0244140625,
        "min": 0.01025390625,
        "var": 0.000499102345202
    },
    "barkbands": {
        "dmean": [1.22222709251e-05, 3.74776063836e-05, 0.000261474895524, 0.000802972179372, 0.00188019836787, 0.00324012362398, 0.00194163818378, 0.00146663794294, 0.00170039874502, 0.000883220287506, 0.000582515262067, 0.000169882740011, 0.000252718309639, 0.000207898207009, 4.36136433564e-05, 1.64180692082e-05, 9.704122931e-06, 2.61917534772e-06, 1.11541203296e-06, 6.3809227413e-07, 4.84506074372e-07, 2.94692966918e-07, 2.00050322974e-07, 1.45460603562e-07, 6.98984123915e-08, 2.61803929646e-08, 1.77977561577e-08],
        "dmean2": [1.89138136193e-05, 6.77229836583e-05, 0.000376434676582, 0.00116713216994, 0.00287305098027, 0.00496086245403, 0.00258807418868, 0.00214592786506, 0.0023972610943, 0.00133150070906, 0.000915433862247, 0.000278407213045, 0.000417788833147, 0.000342238432495, 7.45726792957e-05, 2.81291577267e-05, 1.69303930306e-05, 4.55964982393e-06, 1.92817651623e-06, 1.11387498691e-06, 8.31687202663e-07, 5.06566891545e-07, 3.37597555244e-07, 2.44671809924e-07, 1.13262217383e-07, 4.20931414169e-08, 2.75181548659e-08],
        "dvar": [3.36911970544e-10, 1.16642251413e-08, 2.3402351701e-07, 1.35962477543e-06, 5.80075720791e-06, 1.32170216602e-05, 5.9632857301e-06, 4.21357844971e-06, 4.98365579915e-06, 2.38209327108e-06, 1.56939393037e-06, 1.31489969135e-07, 5.72509122776e-07, 4.30971937249e-07, 6.94754342945e-09, 1.32150146381e-09, 5.23413146158e-10, 2.63910421294e-11, 3.94070366616e-12, 1.49871911756e-12, 4.53393263688e-13, 2.50091668295e-13, 1.125451254e-13, 6.22587579906e-14, 2.08064139783e-14, 8.56721564215e-15, 8.54232303789e-15],
        "dvar2": [7.35677962993e-10, 3.97592074819e-08, 5.70610666273e-07, 3.60657281817e-06, 1.55966699822e-05, 3.51894123014e-05, 1.00098668554e-05, 8.7660346253e-06, 9.68604945228e-06, 5.33630236532e-06, 3.55263659912e-06, 2.89315238433e-07, 1.37234360409e-06, 9.70998826233e-07, 1.91681195361e-08, 3.75151154586e-09, 1.51018419992e-09, 7.48540326945e-11, 1.17254175119e-11, 4.46442058669e-12, 1.31298953914e-12, 7.16707129842e-13, 3.15379612616e-13, 1.76653898215e-13, 4.80036034523e-14, 1.62253159042e-14, 1.42273854102e-14],
        "max": [0.000363374711014, 0.00253569753841, 0.0141423270106, 0.0222635846585, 0.0409159399569, 0.0629875585437, 0.0585923269391, 0.0403863191605, 0.0449631512165, 0.044717926532, 0.02715440467, 0.0261188074946, 0.0286058094352, 0.0258595142514, 0.0024739082437, 0.000799796951469, 0.000654846837278, 0.000182177551324, 4.19205134676e-05, 4.44693687314e-05, 1.35810478241e-05, 1.87051446119e-05, 9.31460363063e-06, 5.62867990084e-06, 4.46310150437e-06, 3.37612141266e-06, 8.75814657775e-06],
        "mean": [1.66564004758e-05, 5.49322649022e-05, 0.000690513872541, 0.0018746961141, 0.00455025909469, 0.00721634784713, 0.0046667130664, 0.00279785902239, 0.00343998684548, 0.00148447905667, 0.000892384210601, 0.00026144462754, 0.000358367949957, 0.000286643800791, 6.35768083157e-05, 2.55483009823e-05, 1.57036993187e-05, 4.43456656285e-06, 2.3988477551e-06, 1.51331028064e-06, 1.51869448928e-06, 1.07114829007e-06, 8.67346102496e-07, 6.90556817062e-07, 3.35230595283e-07, 1.48267048417e-07, 8.84193198658e-08],
        "median": [7.41208987165e-06, 1.85789103853e-05, 0.000185830824194, 0.0010503497906, 0.00345544330776, 0.00530121009797, 0.00325726880692, 0.00160662108101, 0.00221941946074, 0.000720777316019, 0.000283335626591, 0.000133209803607, 0.00011936865485, 0.000113610731205, 2.73605146504e-05, 1.24016933114e-05, 7.12053952157e-06, 2.82767496174e-06, 1.56615681135e-06, 1.00073975773e-06, 8.94284426067e-07, 4.72116227002e-07, 2.81493328202e-07, 2.32332595829e-07, 1.64108655554e-07, 6.81905021338e-08, 3.67402073209e-08],
        "min": [4.2682464703e-23, 1.57778712812e-23, 5.05230068826e-24, 1.29825773735e-23, 4.21377120718e-23, 5.80999275248e-23, 9.22565381809e-23, 3.66575616275e-23, 6.00073616392e-23, 1.21371298978e-23, 4.98392885142e-23, 1.03008567169e-22, 1.00708526448e-22, 1.60889620502e-22, 1.15590109746e-22, 1.64167268144e-22, 2.47416037151e-22, 1.74030541192e-22, 3.32529534498e-22, 2.69269150299e-22, 5.05388573069e-22, 4.71990903402e-22, 6.41150146463e-22, 7.88416669246e-22, 1.39475868799e-21, 1.63710513893e-21, 2.60605978288e-21],
        "var": [6.36581065638e-10, 1.75220655763e-08, 1.62562025707e-06, 5.39760094398e-06, 1.65139535966e-05, 4.68469152111e-05, 2.31225658354e-05, 1.24880034491e-05, 1.48169365275e-05, 5.22636946698e-06, 3.1611311897e-06, 2.57294374251e-07, 9.88191459328e-07, 7.52311052565e-07, 1.03243413818e-08, 1.88026039183e-09, 8.46525238796e-10, 3.80255514576e-11, 7.93260943044e-12, 3.30035608218e-12, 2.5001634877e-12, 1.89688043918e-12, 1.19724629516e-12, 7.3093451864e-13, 2.22298267576e-13, 1.00436430277e-13, 1.2157882665e-13]
    },
    "erbbands": {
        "dmean": [0.000865439476911, 0.0114882402122, 0.191369995475, 1.59840393066, 3.70926713943, 8.46916103363, 11.4947080612, 30.6237201691, 27.0501308441, 44.9287033081, 26.3033866882, 35.5673217773, 42.7187004089, 15.3830938339, 20.2364120483, 8.73037338257, 11.5443172455, 12.5222730637, 2.42299628258, 1.92690813541, 0.8856985569, 0.323690593243, 0.175574034452, 0.0915696844459, 0.0457038320601, 0.03764359653, 0.0235527642071, 0.013470810838, 0.0106056593359, 0.00796432700008, 0.00612951721996, 0.00404141144827, 0.00214437139221, 0.00098019593861, 0.00038915706682, 0.00011894225463, 5.75249796384e-05, 1.03033116829e-05, 5.32035619472e-06, 7.05520551492e-06],
        "dmean2": [0.00146594934631, 0.0199508052319, 0.277141749859, 2.31466913223, 5.4801235199, 13.3131446838, 13.9656076431, 47.9567146301, 40.3966751099, 64.9954528809, 36.1156845093, 49.6115951538, 63.4424133301, 23.6362857819, 31.7356987, 14.2650699615, 18.9934387207, 20.5861320496, 4.06767654419, 3.30330061913, 1.52123534679, 0.563185036182, 0.307291597128, 0.158268675208, 0.0792122483253, 0.0660454109311, 0.0406422652304, 0.023031514138, 0.0181447919458, 0.0135804526508, 0.0103482790291, 0.00683160731569, 0.00357237411663, 0.00158221786842, 0.000603309483267, 0.000179927606951, 9.08699148567e-05, 1.50307550939e-05, 7.68472000345e-06, 1.05666485979e-05],
        "dvar": [1.67464008882e-06, 0.000971852685325, 0.105800427496, 5.13538599014, 24.2447395325, 149.767303467, 206.269958496, 1254.27880859, 1094.48461914, 4215.91699219, 1651.703125, 2572.0546875, 3913.7644043, 872.168212891, 1872.63842773, 351.88949585, 1325.65576172, 1448.84338379, 38.5574569702, 16.6000289917, 4.46772146225, 0.553950667381, 0.150782570243, 0.0227929074317, 0.0107315769419, 0.00573149044067, 0.00108907651156, 0.000473584281281, 0.00031889861566, 0.000181795519893, 0.000115591770737, 5.07908334839e-05, 1.45764670378e-05, 3.74920387003e-06, 7.67517235545e-07, 9.86067121289e-08, 5.9095096816e-08, 7.69356911512e-10, 4.75556372059e-10, 5.27100203762e-11],
        "dvar2": [4.70006625619e-06, 0.00327500305139, 0.252400577068, 14.2529802322, 56.3410453796, 421.843811035, 289.316040039, 3358.13256836, 2258.53027344, 9417.45605469, 2733.52685547, 4727.45458984, 8792.74316406, 1940.41125488, 4280.60449219, 774.529296875, 3153.3359375, 3258.98486328, 97.5420608521, 46.5333976746, 12.7595338821, 1.61709296703, 0.440812855959, 0.0663548707962, 0.0319212153554, 0.0171184763312, 0.00318226381205, 0.00136092852335, 0.000919592333958, 0.000526079908013, 0.000323576794472, 0.000148218779941, 3.92598522012e-05, 9.22319031815e-06, 1.6272161929e-06, 1.75310020722e-07, 1.19701880408e-07, 1.26982180326e-09, 6.68035737839e-10, 1.21273810438e-10],
        "max": [0.0258201863617, 0.72403305769, 10.2336139679, 61.1552848816, 99.1070098877, 188.685516357, 443.224884033, 602.715454102, 910.220153809, 1345.29418945, 1088.70251465, 1048.48388672, 1788.72119141, 848.119567871, 949.988769531, 1325.95092773, 1419.67285156, 1377.19299316, 233.137695312, 92.3860397339, 54.4520111084, 27.0990619659, 12.1875305176, 3.58706283569, 2.49337172508, 2.74907398224, 0.674950838089, 0.51203161478, 0.497228264809, 0.404018610716, 0.375072896481, 0.171150118113, 0.104251936078, 0.0696558281779, 0.0403867997229, 0.0175563301891, 0.0142101868987, 0.00187117233872, 0.00202620448545, 0.000213651670492],
        "mean": [0.00152431777678, 0.0220133569092, 0.521937668324, 4.17831230164, 9.05355834961, 16.8835334778, 31.841753006, 61.917552948, 60.4481582642, 88.5643081665, 58.4277877808, 74.2253112793, 79.2756195068, 28.295633316, 33.2215538025, 14.4538383484, 17.0412693024, 18.2868709564, 3.93414163589, 2.94805669785, 1.51674544811, 0.613863289356, 0.322271883488, 0.191307470202, 0.106078401208, 0.0856745913625, 0.0664417818189, 0.0473927073181, 0.0381622053683, 0.0315716490149, 0.0252145305276, 0.0166966039687, 0.00979018118232, 0.00446967035532, 0.00188569654711, 0.00065476866439, 0.000368734064978, 6.04413689871e-05, 2.9131757401e-05, 3.34240830853e-05],
        "median": [0.000881318817846, 0.00780267594382, 0.207126259804, 2.57751941681, 6.12217187881, 11.602186203, 21.0647201538, 43.5792045593, 43.8257865906, 51.3346633911, 34.9677810669, 46.3651428223, 53.0885543823, 14.5733013153, 12.9600868225, 8.03273773193, 6.01465606689, 8.08880138397, 1.56264472008, 1.29198825359, 0.85826253891, 0.337214648724, 0.193496033549, 0.131281286478, 0.0652186572552, 0.0565715879202, 0.0420579910278, 0.0228691063821, 0.0169524494559, 0.0125395413488, 0.00795552507043, 0.005336785689, 0.00339876697399, 0.00201562419534, 0.000984261045232, 0.00038375222357, 0.000130426895339, 3.37967503583e-05, 1.98826419364e-05, 3.09833121719e-05],
        "min": [1.29008005179e-21, 8.08404713267e-22, 5.90073167374e-21, 1.79560942328e-20, 4.89548880211e-20, 1.41246660138e-19, 3.95962932327e-19, 5.6017441394e-19, 1.13194672725e-18, 1.12531728823e-18, 8.73356005695e-19, 1.21290651272e-18, 8.38096553205e-19, 9.93222644862e-19, 2.19871575813e-18, 4.80226528858e-18, 4.63107240259e-18, 6.47083913097e-18, 7.34340259424e-18, 7.75273043882e-18, 9.97444243837e-18, 1.22187621112e-17, 1.12150652919e-17, 1.56173866863e-17, 1.34703633058e-17, 1.22439811937e-17, 2.0109167664e-17, 1.8778626142e-17, 1.69854127249e-17, 1.68616797402e-17, 1.86131767846e-17, 1.71527463998e-17, 1.43503461656e-17, 1.35407547216e-17, 9.48922325413e-18, 6.07715782126e-18, 3.30435721132e-18, 1.3280533627e-18, 3.48916698946e-19, 4.00817215902e-20],
        "var": [4.32564229413e-06, 0.00172803492751, 0.747671663761, 24.3371715546, 90.3927001953, 295.433624268, 1359.38830566, 3814.43237305, 3737.44287109, 11627.1376953, 5944.90625, 7581.21337891, 8283.11523438, 1994.31567383, 3793.45605469, 691.108581543, 2299.02954102, 2564.12084961, 64.3155593872, 24.3545227051, 6.72817325592, 1.01236081123, 0.249639034271, 0.0437620021403, 0.0208604931831, 0.0115551687777, 0.00453643873334, 0.00321333575994, 0.00230763060972, 0.00163456168957, 0.00102405541111, 0.000450830615591, 0.000161485761055, 3.95978786401e-05, 8.95542416401e-06, 1.2228090327e-06, 1.22862729768e-06, 1.75634742305e-08, 5.37996802663e-09, 4.38872910236e-10]
    },
    "gfcc": {
        "mean": [-125.67049408, 189.676467896, -116.8098526, -40.1606178284, -73.818031311, -17.1228351593, -39.6295547485, -19.6389636993, -18.0446033478, -13.8686494827, -14.0069446564, -15.4358692169, -7.43251132965],
        "cov": [[15746.2519531, 1245.91333008, -1006.38110352, -192.850097656, -320.557189941, 437.714019775, -94.7033081055, -108.346458435, -103.074501038, -271.928314209, 59.2623100281, 88.8004989624, 74.8642730713], [1245.91333008, 854.760864258, -152.069915771, -40.4744949341, 135.784790039, -160.069030762, 142.212753296, -27.4368019104, 54.228012085, -77.1448135376, 31.6391143799, -76.977355957, 32.9054145813], [-1006.38110352, -152.069915771, 285.290161133, 25.6244564056, 3.19504380226, 66.4588165283, -4.42303085327, 26.7885551453, -26.8232727051, 33.730266571, -6.11384916306, -2.44778466225, -33.3594284058], [-192.850097656, -40.4744949341, 25.6244564056, 170.992156982, 25.3095340729, 0.932900249958, 5.24971580505, 7.099152565, 32.3184967041, -13.0604314804, -10.5930337906, -8.84491252899, -10.717912674], [-320.557189941, 135.784790039, 3.19504380226, 25.3095340729, 154.15133667, -34.8694763184, 47.8721427917, 4.88555049896, -5.53851175308, 28.0740222931, -14.3223361969, -20.5533275604, -8.48404502869], [437.714019775, -160.069030762, 66.4588165283, 0.932900249958, -34.8694763184, 226.409896851, -30.5169029236, 17.9078235626, -31.7793331146, 3.49105215073, 11.4070672989, 7.96125650406, -19.8251934052], [-94.7033081055, 142.212753296, -4.42303085327, 5.24971580505, 47.8721427917, -30.5169029236, 108.096565247, 16.3888111115, 8.98878097534, 6.68350458145, -6.49844074249, -9.15236282349, -2.09705638885], [-108.346458435, -27.4368019104, 26.7885551453, 7.099152565, 4.88555049896, 17.9078235626, 16.3888111115, 73.5138244629, 19.059173584, -0.866241872311, 1.37218403816, -4.55124855042, 3.65057992935], [-103.074501038, 54.228012085, -26.8232727051, 32.3184967041, -5.53851175308, -31.7793331146, 8.98878097534, 19.059173584, 84.5625915527, -9.71455955505, 12.3076095581, -15.4107208252, 5.03854656219], [-271.928314209, -77.1448135376, 33.730266571, -13.0604314804, 28.0740222931, 3.49105215073, 6.68350458145, -0.866241872311, -9.71455955505, 94.6076431274, 0.29270106554, 8.38420963287, -14.8133392334], [59.2623100281, 31.6391143799, -6.11384916306, -10.5930337906, -14.3223361969, 11.4070672989, -6.49844074249, 1.37218403816, 12.3076095581, 0.29270106554, 74.1270980835, 9.72550868988, 11.162686348], [88.8004989624, -76.977355957, -2.44778466225, -8.84491252899, -20.5533275604, 7.96125650406, -9.15236282349, -4.55124855042, -15.4107208252, 8.38420963287, 9.72550868988, 68.665725708, 14.5088100433], [74.8642730713, 32.9054145813, -33.3594284058, -10.717912674, -8.48404502869, -19.8251934052, -2.09705638885, 3.65057992935, 5.03854656219, -14.8133392334, 11.162686348, 14.5088100433, 58.7778625488]],
        "icov": [[0.000194429710973, -0.000710809719749, 0.000688096159138, -0.000294113910059, 0.00079065799946, -0.000720172538422, 0.000613685580902, -0.000437893962953, 0.000594979093876, -0.000393463880755, 0.000424293073593, -0.000637848803308, 0.000334200798534], [-0.000710809719749, 0.00576096354052, -0.00197329744697, 0.00252578384243, -0.0053090993315, 0.00344038405456, -0.00548856891692, 0.00372568843886, -0.00343270786107, 0.00448330678046, -0.00355842383578, 0.00478860270232, -0.00209438451566], [0.000688096159138, -0.00197329744697, 0.00700168451294, -0.00177399511449, 0.00277004460804, -0.00305052055046, 0.00178683327977, -0.00318244937807, 0.00371881807223, -0.00228938274086, 0.00100274058059, -0.00148873857688, 0.00279223523103], [-0.000294113910059, 0.00252578384243, -0.00177399511449, 0.00828119460493, -0.00412730919197, 0.000936185824685, -0.00202749483287, 0.0023325686343, -0.00526829715818, 0.00372484698892, -0.000276180304354, 0.00113012781367, 0.000130477536004], [0.00079065799946, -0.0053090993315, 0.00277004460804, -0.00412730919197, 0.0141578512266, -0.00238267891109, 0.00170621171128, -0.0040292260237, 0.00585625134408, -0.00685816071928, 0.00359732913785, -0.00167855992913, 0.00183643365745], [-0.000720172538422, 0.00344038405456, -0.00305052055046, 0.000936185824685, -0.00238267891109, 0.00860154442489, -0.00194017763715, -4.88142504764e-05, 0.000172269923496, 0.0023056785576, -0.00345467869192, 0.00298824743368, 0.000406525796279], [0.000613685580902, -0.00548856891692, 0.00178683327977, -0.00202749483287, 0.00170621171128, -0.00194017763715, 0.0167478118092, -0.0061781196855, 0.0025875561405, -0.0042293202132, 0.00370915839449, -0.0045726983808, 0.00264514726587], [-0.000437893962953, 0.00372568843886, -0.00318244937807, 0.0023325686343, -0.0040292260237, -4.88142504764e-05, -0.0061781196855, 0.0193138476461, -0.00739326467738, 0.00339598092251, -0.00144514394924, 0.00314957019873, -0.00394024746493], [0.000594979093876, -0.00343270786107, 0.00371881807223, -0.00526829715818, 0.00585625134408, 0.000172269923496, 0.0025875561405, -0.00739326467738, 0.0198134612292, -0.00299376132898, -0.00162177137099, 0.00118477712385, 0.00133137544617], [-0.000393463880755, 0.00448330678046, -0.00228938274086, 0.00372484698892, -0.00685816071928, 0.0023056785576, -0.0042293202132, 0.00339598092251, -0.00299376132898, 0.0166131593287, -0.00328227411956, 0.000680379685946, 0.00169602315873], [0.000424293073593, -0.00355842383578, 0.00100274058059, -0.000276180304354, 0.00359732913785, -0.00345467869192, 0.00370915839449, -0.00144514394924, -0.00162177137099, -0.00328227411956, 0.017395824194, -0.00482374522835, -0.00125464657322], [-0.000637848803308, 0.00478860270232, -0.00148873857688, 0.00113012781367, -0.00167855992913, 0.00298824743368, -0.0045726983808, 0.00314957019873, 0.00118477712385, 0.000680379685946, -0.00482374522835, 0.0218398980796, -0.00650535617024], [0.000334200798534, -0.00209438451566, 0.00279223523103, 0.000130477536004, 0.00183643365745, 0.000406525796279, 0.00264514726587, -0.00394024746493, 0.00133137544617, 0.00169602315873, -0.00125464657322, -0.00650535617024, 0.0222672186792]]
    },
    "melbands": {
        "dmean": [8.88420345291e-06, 7.02588731656e-05, 0.000323713786202, 0.000388991233194, 0.000397981726564, 0.000680355296936, 0.000413536967244, 0.000446756515885, 0.000224748335313, 0.000228423639783, 0.000213218940189, 6.04221313552e-05, 8.46474504215e-05, 2.52847476077e-05, 2.58317577391e-05, 2.15669497265e-05, 2.43821759796e-05, 3.78920731237e-06, 2.29258535001e-06, 1.89629179204e-06, 1.07484470391e-06, 3.76676467795e-07, 3.13445156053e-07, 1.8967969595e-07, 6.62507275706e-08, 4.52070452184e-08, 2.432676105e-08, 2.39805970637e-08, 1.83574595525e-08, 1.18592096143e-08, 9.82217240875e-09, 6.40649533423e-09, 7.2195471823e-09, 4.99607377691e-09, 4.66097072049e-09, 3.14911718924e-09, 2.59002308489e-09, 2.06549999326e-09, 1.3409012789e-09, 9.0430812838e-10],
        "dmean2": [1.54067365656e-05, 0.000103024969576, 0.000472323677968, 0.000604972534347, 0.000520716945175, 0.00106215407141, 0.000614169694018, 0.000652396876831, 0.000305611698423, 0.000321078870911, 0.000316620920785, 9.30278692977e-05, 0.000132900779136, 4.09349195252e-05, 4.28236817243e-05, 3.55619085894e-05, 4.00645840273e-05, 6.41977248961e-06, 3.9246324377e-06, 3.23877702613e-06, 1.84902773981e-06, 6.54950042644e-07, 5.53985557872e-07, 3.30910353341e-07, 1.14271749396e-07, 7.86865541613e-08, 4.22492689722e-08, 4.19277981223e-08, 3.1851808302e-08, 2.03723562464e-08, 1.68217049179e-08, 1.0890817137e-08, 1.24329577744e-08, 8.50718961942e-09, 7.89558374237e-09, 5.31197974496e-09, 4.35898606099e-09, 3.46131967532e-09, 2.18205031821e-09, 1.45123513207e-09],
        "dvar": [3.64988650414e-10, 1.61305635515e-08, 1.94640634277e-07, 2.38862696733e-07, 2.36075237581e-07, 6.08880895925e-07, 2.44038972141e-07, 4.20242827204e-07, 9.91547395301e-08, 9.15169238169e-08, 9.65030579891e-08, 1.59634492292e-08, 3.31790630526e-08, 2.5771633716e-09, 5.09073005972e-09, 3.42934880493e-09, 5.99509863974e-09, 1.12506164107e-10, 1.77342446284e-11, 1.59103511616e-11, 7.05567462095e-12, 7.19328568065e-13, 1.04595217036e-12, 1.57637480001e-13, 1.36009528767e-14, 1.11204109614e-14, 1.65144912583e-15, 2.22446797344e-15, 7.12466569929e-16, 3.53902144415e-16, 2.92543977688e-16, 1.17673813969e-16, 1.56211616078e-16, 7.30602312954e-17, 7.03820785523e-17, 2.97187299808e-17, 2.12616155458e-17, 1.40423074142e-17, 6.62450860927e-18, 3.52477706313e-18],
        "dvar2": [1.20063969877e-09, 3.94323791397e-08, 5.12277608777e-07, 6.51372772609e-07, 4.43615277845e-07, 1.65503695371e-06, 4.99163149925e-07, 9.72534849097e-07, 1.624002266e-07, 1.74588635105e-07, 2.1632685332e-07, 3.54529845481e-08, 7.49977502323e-08, 5.77801539947e-09, 1.21122747387e-08, 8.06653854823e-09, 1.33758906173e-08, 2.94842511517e-10, 4.91778701095e-11, 4.48976966716e-11, 2.01623457513e-11, 2.05588606035e-12, 3.14557472951e-12, 4.44417262322e-13, 4.00377261455e-14, 3.30611053942e-14, 4.8768561448e-15, 6.65121356293e-15, 2.10000241107e-15, 1.00248128077e-15, 8.43210975778e-16, 3.37507636432e-16, 4.44774883021e-16, 2.09109617727e-16, 1.9814782025e-16, 8.4067172982e-17, 5.99145049471e-17, 3.82708411462e-17, 1.68421235362e-17, 8.08771873457e-18],
        "max": [0.000422667391831, 0.00386499869637, 0.00861589983106, 0.00663204444572, 0.0122632971033, 0.0122016938403, 0.0137537065893, 0.0122296307236, 0.00809152889997, 0.00590151175857, 0.00883019343019, 0.00374150439166, 0.00404575653374, 0.00299504701979, 0.00269460910931, 0.0018594203284, 0.00316981459036, 0.000422078475822, 8.44364403747e-05, 8.73562821653e-05, 6.38005731162e-05, 2.33983464568e-05, 3.86448919016e-05, 1.4483319319e-05, 3.27002294398e-06, 2.78714401247e-06, 1.31853016683e-06, 1.6890006691e-06, 6.59786223878e-07, 4.17478730697e-07, 4.28047655987e-07, 2.79953411564e-07, 4.38440025619e-07, 1.99641391418e-07, 2.56831469869e-07, 1.59712200798e-07, 1.16532234529e-07, 1.14466075729e-07, 9.7437293789e-08, 7.06694152086e-08],
        "mean": [1.47582413774e-05, 0.000184461066965, 0.000845489965286, 0.00089847255731, 0.00106806203257, 0.00141138106119, 0.000954316870775, 0.000876979844179, 0.000471894716611, 0.000472228392027, 0.000385838007787, 0.000101921046735, 0.000131379420054, 4.01222096116e-05, 3.67566353816e-05, 3.20151884807e-05, 3.44748368661e-05, 5.57420253244e-06, 3.49107244801e-06, 2.96208986583e-06, 1.6667587488e-06, 6.39744143882e-07, 4.5000456339e-07, 2.87687214495e-07, 1.29503050061e-07, 8.80851587226e-08, 5.63529560793e-08, 5.14405407159e-08, 4.30670397122e-08, 3.18456301329e-08, 2.76375313746e-08, 2.05729406844e-08, 2.11464765698e-08, 1.64546332115e-08, 1.56464388112e-08, 1.13423395121e-08, 9.23541154663e-09, 7.47590256367e-09, 4.88594187331e-09, 3.35475958124e-09],
        "median": [6.72136138746e-06, 5.35986146133e-05, 0.000574261066504, 0.000668471679091, 0.000763677642681, 0.00100843678229, 0.000712802750058, 0.000521419919096, 0.000292146462016, 0.000307450711261, 0.00025249319151, 4.25634789281e-05, 4.38132774434e-05, 2.15897907765e-05, 1.62604410434e-05, 1.34656911541e-05, 1.40109386848e-05, 1.75956188286e-06, 1.61637785823e-06, 1.20323329611e-06, 8.62093543219e-07, 3.18243735364e-07, 1.70830730895e-07, 1.67976139664e-07, 8.47148129424e-08, 5.08047044434e-08, 3.89630088193e-08, 3.22676854125e-08, 2.68959325922e-08, 1.66534466217e-08, 1.24023165071e-08, 8.55795523336e-09, 9.36017929831e-09, 5.81876902217e-09, 4.67132288406e-09, 3.43348172116e-09, 2.69610134218e-09, 2.38479658243e-09, 1.85176407541e-09, 1.5293988298e-09],
        "min": [9.78397280589e-24, 2.059708921e-24, 4.86338427867e-24, 5.15734777298e-24, 1.32175269723e-23, 1.16831988226e-23, 1.87406987349e-23, 1.16478554874e-23, 6.4003736507e-24, 8.37933260008e-24, 4.15252396761e-24, 3.70519960244e-24, 6.86497840843e-24, 1.17066879449e-23, 8.252673882e-24, 1.3314004661e-23, 1.20815656911e-23, 1.28499327788e-23, 9.92865699565e-24, 1.08272555525e-23, 1.1691561537e-23, 1.21251242237e-23, 1.17184814154e-23, 9.49055362561e-24, 1.26184786227e-23, 1.31349127252e-23, 6.78784674456e-24, 7.83251157552e-24, 1.26000271661e-23, 1.27956410048e-23, 9.73701270506e-24, 9.17829329147e-24, 9.72106667072e-24, 9.31067361769e-24, 1.04388133431e-23, 1.07279505863e-23, 1.06680066239e-23, 9.85945417274e-24, 1.04897564026e-23, 1.17779063074e-23],
        "var": [7.54386331181e-10, 1.10339527737e-07, 7.85699455719e-07, 6.85882525886e-07, 1.23102631733e-06, 1.90361595287e-06, 8.55952350776e-07, 1.10802614017e-06, 3.49397396349e-07, 2.75751261825e-07, 2.04192375008e-07, 3.5647445884e-08, 6.61695196413e-08, 5.04963182379e-09, 8.74549144214e-09, 6.08105876765e-09, 1.07064739296e-08, 1.68122682442e-10, 2.68837938022e-11, 2.50818862207e-11, 1.05777513484e-11, 1.16136831055e-12, 1.51683201589e-12, 2.0861119093e-13, 2.43657904183e-14, 1.8903210567e-14, 3.78641980983e-15, 4.4896384211e-15, 2.04043990126e-15, 1.3935985324e-15, 1.33709582323e-15, 7.03102567758e-16, 8.21370125354e-16, 4.81381000023e-16, 4.37989010913e-16, 2.15600470907e-16, 1.51338238485e-16, 1.02903537985e-16, 5.0413726807e-17, 2.69677390217e-17]
    },
    "mfcc": {
        "mean": [-765.520629883, 228.12197876, 1.14543139935, -19.6191730499, -21.505235672, -13.935385704, -20.3625831604, -14.6360874176, -12.105556488, -7.37835502625, -8.56390094757, -7.21010494232, -10.5370826721],
        "cov": [[6627.08349609, 2203.24584961, -431.845001221, -334.992584229, -311.382415771, 150.545089722, -213.768676758, -12.7868032455, -171.567306519, -97.9859924316, -137.176223755, 4.13671064377, -42.3031616211], [2203.24584961, 1741.48937988, -149.08380127, -101.123535156, -111.618438721, -94.1640625, 3.90424251556, -72.5113296509, -24.7602806091, -50.1304168701, -15.998758316, 6.47193193436, -14.7678470612], [-431.845001221, -149.08380127, 270.614013672, -18.7037448883, 36.6374855042, 12.9709339142, 15.7780017853, 38.8995437622, -8.52527618408, 34.6754264832, 11.1629018784, -0.36286893487, -17.3804283142], [-334.992584229, -101.123535156, -18.7037448883, 182.786911011, 23.3188018799, -5.59791278839, 4.43142271042, -18.9707775116, 36.1418762207, 4.41506052017, 22.6414966583, -6.14212989807, -1.37403964996], [-311.382415771, -111.618438721, 36.6374855042, 23.3188018799, 126.175758362, 0.0849776566029, 20.65782547, 14.0974740982, 11.9637060165, 23.4832229614, 6.22648525238, 2.75802612305, 5.01639938354], [150.545089722, -94.1640625, 12.9709339142, -5.59791278839, 0.0849776566029, 136.732818604, 32.2310600281, 15.1408615112, -11.4028596878, 1.27096092701, 12.4822807312, 8.65413284302, -4.08966112137], [-213.768676758, 3.90424251556, 15.7780017853, 4.43142271042, 20.65782547, 32.2310600281, 117.440063477, 17.6280136108, 11.6981887817, 4.86494827271, 22.780040741, 17.5409488678, 6.83457136154], [-12.7868032455, -72.5113296509, 38.8995437622, -18.9707775116, 14.0974740982, 15.1408615112, 17.6280136108, 82.9893341064, 14.3768167496, 7.86255884171, -4.5200548172, 7.10950517654, 3.91931509972], [-171.567306519, -24.7602806091, -8.52527618408, 36.1418762207, 11.9637060165, -11.4028596878, 11.6981887817, 14.3768167496, 77.1779327393, 24.2633628845, 6.81231927872, -7.72590208054, 3.43771886826], [-97.9859924316, -50.1304168701, 34.6754264832, 4.41506052017, 23.4832229614, 1.27096092701, 4.86494827271, 7.86255884171, 24.2633628845, 66.6796951294, 24.3798427582, -5.15339517593, -10.812582016], [-137.176223755, -15.998758316, 11.1629018784, 22.6414966583, 6.22648525238, 12.4822807312, 22.780040741, -4.5200548172, 6.81231927872, 24.3798427582, 70.5065841675, 22.7798442841, -10.1997404099], [4.13671064377, 6.47193193436, -0.36286893487, -6.14212989807, 2.75802612305, 8.65413284302, 17.5409488678, 7.10950517654, -7.72590208054, -5.15339517593, 22.7798442841, 68.5637130737, 24.6834640503], [-42.3031616211, -14.7678470612, -17.3804283142, -1.37403964996, 5.01639938354, -4.08966112137, 6.83457136154, 3.91931509972, 3.43771886826, -10.812582016, -10.1997404099, 24.6834640503, 68.0569915771]],
