{
"lowlevel": {
    "average_loudness": 0.954470217228,
    "barkbands_crest": {
        "dmean": 2.4499502182,
        "dmean2": 3.94797492027,
        "dvar": 7.1471157074,
        "dvar2": 18.9842185974,
        "max": 24.6417350769,
        "mean": 9.03678131104,
        "median": 8.14779663086,
        "min": 2.40932965279,
        "var": 14.2057447433
    },
    "barkbands_flatness_db": {
        "dmean": 0.0167867634445,
        "dmean2": 0.0262693520635,
        "dvar": 0.000305465044221,
        "dvar2": 0.000787984288763,
        "max": 0.399755448103,
        "mean": 0.096242710948,
        "median": 0.0884983018041,
        "min": 0.0189339108765,
        "var": 0.00177747593261
    },
    "barkbands_kurtosis": {
        "dmean": 1.92956137657,
        "dmean2": 3.1586356163,
        "dvar": 13.2764568329,
        "dvar2": 35.4083137512,
        "max": 64.4652481079,
        "mean": 2.78627324104,
        "median": 1.417948246,
        "min": -1.88278400898,
        "var": 31.2800788879
    },
    "barkbands_skewness": {
        "dmean": 0.434079825878,
        "dmean2": 0.672450602055,
        "dvar": 0.267188340425,
        "dvar2": 0.645753800869,
        "max": 7.30774450302,
        "mean": 1.4239692688,
        "median": 1.30839240551,
        "min": -2.34831905365,
        "var": 0.868858575821
    },
    "barkbands_spread": {
        "dmean": 5.34235906601,
        "dmean2": 8.14875984192,
        "dvar": 41.1117973328,
        "dvar2": 85.9497299194,
        "max": 109.04133606,
        "mean": 26.6894130707,
        "median": 23.9330921173,
        "min": 2.0948009491,
        "var": 195.757949829
    },
    "dissonance": {
        "dmean": 0.0144520569593,
        "dmean2": 0.0241651479155,
        "dvar": 0.00020134888473,
        "dvar2": 0.00053672818467,
        "max": 0.5,
        "mean": 0.469195336103,
        "median": 0.474462687969,
        "min": 0.240551188588,
        "var": 0.000582442793529
    },
    "dynamic_complexity": 2.60940122604,
    "erbbands_crest": {
        "dmean": 2.04367637634,
        "dmean2": 3.22983837128,
        "dvar": 4.25518655777,
        "dvar2": 9.83825206757,
        "max": 29.8619041443,
        "mean": 7.65006685257,
        "median": 6.4804019928,
        "min": 2.11403441429,
        "var": 16.5240268707
    },
    "erbbands_flatness_db": {
        "dmean": 0.013306193985,
        "dmean2": 0.0187690202147,
        "dvar": 0.000186716788448,
        "dvar2": 0.000349399488186,
        "max": 0.306110203266,
        "mean": 0.121010862291,
        "median": 0.113416299224,
        "min": 0.0456493012607,
        "var": 0.0013360515004
    },
    "erbbands_kurtosis": {
        "dmean": 0.517715334892,
        "dmean2": 0.800111234188,
        "dvar": 0.512170374393,
        "dvar2": 1.12892854214,
        "max": 24.1767120361,
        "mean": 0.0921775177121,
        "median": -0.386942863464,
        "min": -1.62537169456,
        "var": 2.55611634254
    },
    "erbbands_skewness": {
        "dmean": 0.252148509026,
        "dmean2": 0.380912810564,
        "dvar": 0.0530931800604,
        "dvar2": 0.119694411755,
        "max": 3.15056061745,
        "mean": 0.328752756119,
        "median": 0.297669798136,
        "min": -2.75551199913,
        "var": 0.316222369671
    },
    "erbbands_spread": {
        "dmean": 6.90695238113,
        "dmean2": 10.2776117325,
        "dvar": 52.1604919434,
        "dvar2": 108.652404785,
        "max": 113.552078247,
        "mean": 41.4513931274,
        "median": 40.4489212036,
        "min": 3.13221812248,
        "var": 262.674926758
    },
    "hfc": {
        "dmean": 7.06519031525,
        "dmean2": 10.3614845276,
        "dvar": 128.16557312,
        "dvar2": 237.424591064,
        "max": 267.029846191,
        "mean": 28.3300457001,
        "median": 22.0334568024,
        "min": 1.19447805363e-16,
        "var": 583.156433105
    },
    "melbands_crest": {
        "dmean": 2.96355605125,
        "dmean2": 4.74958848953,
        "dvar": 8.30795192719,
        "dvar2": 21.3757743835,
        "max": 32.615486145,
        "mean": 13.3108930588,
        "median": 12.6389541626,
        "min": 1.98289346695,
        "var": 21.500333786
    },
    "melbands_flatness_db": {
        "dmean": 0.0216054394841,
        "dmean2": 0.0332408435643,
        "dvar": 0.000491981511004,
        "dvar2": 0.00120613654144,
        "max": 0.544460296631,
        "mean": 0.173855096102,
        "median": 0.166414365172,
        "min": 0.00436781998724,
        "var": 0.00305876578204
    },
    "melbands_kurtosis": {
        "dmean": 5.62435340881,
        "dmean2": 9.07237434387,
        "dvar": 128.87612915,
        "dvar2": 336.712280273,
        "max": 204.945449829,
        "mean": 10.8190488815,
        "median": 7.01002883911,
        "min": -1.80366683006,
        "var": 197.971435547
    },
    "melbands_skewness": {
        "dmean": 0.644889771938,
        "dmean2": 0.990949034691,
        "dvar": 0.642055094242,
        "dvar2": 1.52672219276,
        "max": 11.8835287094,
        "mean": 2.52344822884,
        "median": 2.34394574165,
        "min": -1.05325520039,
        "var": 1.87883746624
    },
    "melbands_spread": {
        "dmean": 6.11062812805,
        "dmean2": 9.35245513916,
        "dvar": 66.0099487305,
        "dvar2": 128.898513794,
        "max": 230.262145996,
        "mean": 24.9531402588,
        "median": 22.6839733124,
        "min": 1.56681275368,
        "var": 242.722946167
    },
    "pitch_salience": {
        "dmean": 0.0702384263277,
        "dmean2": 0.11395137012,
        "dvar": 0.00478918431327,
        "dvar2": 0.0125876972452,
        "max": 0.89492380619,
        "mean": 0.568371772766,
        "median": 0.57800590992,
        "min": 0.148078933358,
        "var": 0.0121216401458
    },
    "silence_rate_20dB": {
        "dmean": 0,
        "dmean2": 0,
        "dvar": 0,
        "dvar2": 0,
        "max": 1,
        "mean": 1,
        "median": 1,
        "min": 1,
        "var": 0
    },
    "silence_rate_30dB": {
        "dmean": 0.0158618260175,
        "dmean2": 0.0317264460027,
        "dvar": 0.0156084448099,
        "dvar2": 0.0434110723436,
        "max": 1,
        "mean": 0.990307509899,
        "median": 1,
        "min": 0,
        "var": 0.00959788542241
    },
    "silence_rate_60dB": {
        "dmean": 0.00105745508336,
        "dmean2": 0.00211509643123,
        "dvar": 0.00105629803147,
        "dvar2": 0.00246317498386,
        "max": 1,
        "mean": 0.024231210351,
        "median": 0,
        "min": 0,
        "var": 0.0236442554742
    },
    "spectral_centroid": {
        "dmean": 204.509475708,
        "dmean2": 314.879211426,
        "dvar": 52290.703125,
        "dvar2": 105624.414062,
        "max": 10879.1992188,
        "mean": 1430.57055664,
        "median": 1345.63269043,
        "min": 220.29145813,
        "var": 293330.65625
    },
    "spectral_complexity": {
        "dmean": 3.96404647827,
        "dmean2": 6.32572507858,
        "dvar": 14.8925828934,
        "dvar2": 34.9583244324,
        "max": 57,
        "mean": 25.2557048798,
        "median": 25,
        "min": 0,
        "var": 71.4245223999
    },
    "spectral_decrease": {
        "dmean": 3.23130877611e-09,
        "dmean2": 5.13056175322e-09,
        "dvar": 2.53360557803e-17,
        "dvar2": 6.27906582591e-17,
        "max": 7.44057936739e-29,
        "mean": -9.21944476318e-09,
        "median": -7.90407650442e-09,
        "min": -5.41828484302e-08,
        "var": 3.7331620574e-17
    },
    "spectral_energy": {
        "dmean": 0.0125812590122,
        "dmean2": 0.0199282877147,
        "dvar": 0.000372837443138,
        "dvar2": 0.000920623831917,
        "max": 0.207315400243,
        "mean": 0.0373659059405,
        "median": 0.0324828214943,
        "min": 1.05534384424e-20,
        "var": 0.000574537727516
    },
    "spectral_energyband_high": {
        "dmean": 0.000562400848139,
        "dmean2": 0.000806864001788,
        "dvar": 1.57587169269e-06,
        "dvar2": 2.65067069449e-06,
        "max": 0.0285872276872,
        "mean": 0.00157565856352,
        "median": 0.000808273092844,
        "min": 7.23836188801e-21,
        "var": 7.29279554434e-06
    },
    "spectral_energyband_low": {
        "dmean": 0.00903840921819,
        "dmean2": 0.0147685967386,
        "dvar": 0.00031730736373,
        "dvar2": 0.000819084350951,
        "max": 0.19814376533,
        "mean": 0.0162882152945,
        "median": 0.0119716534391,
        "min": 8.11330945463e-23,
        "var": 0.000326162786223
    },
    "spectral_energyband_middle_high": {
        "dmean": 0.00187289831229,
        "dmean2": 0.00274695106782,
        "dvar": 1.0228883184e-05,
        "dvar2": 1.78783866431e-05,
        "max": 0.100414827466,
        "mean": 0.00708232540637,
        "median": 0.0050136949867,
        "min": 1.67172272834e-21,
        "var": 6.55346520944e-05
    },
    "spectral_energyband_middle_low": {
        "dmean": 0.00504037365317,
        "dmean2": 0.00803756806999,
        "dvar": 5.49954747839e-05,
        "dvar2": 0.000136059941724,
        "max": 0.109771922231,
        "mean": 0.013908393681,
        "median": 0.0113232526928,
        "min": 2.9113571826e-22,
        "var": 0.000103993726952
    },
    "spectral_entropy": {
        "dmean": 0.107643380761,
        "dmean2": 0.15213650465,
        "dvar": 0.0117182265967,
        "dvar2": 0.0223943591118,
        "max": 9.79646396637,
        "mean": 7.83982086182,
        "median": 7.87958478928,
        "min": 5.45071411133,
        "var": 0.120292529464
    },
    "spectral_flux": {
        "dmean": 0.0293501131237,
        "dmean2": 0.0462575703859,
        "dvar": 0.00135409692302,
        "dvar2": 0.00269545265473,
        "max": 0.358973890543,
        "mean": 0.09489120543,
        "median": 0.083468772471,
        "min": 1.0272992873e-10,
        "var": 0.00266937818378
    },
    "spectral_kurtosis": {
        "dmean": 1.00123083591,
        "dmean2": 1.60034871101,
        "dvar": 4.09914064407,
        "dvar2": 13.1825017929,
        "max": 106.430992126,
        "mean": 3.80634713173,
        "median": 3.19132184982,
        "min": -1.22571265697,
        "var": 17.7945041656
    },
    "spectral_rms": {
        "dmean": 0.0009262165986,
        "dmean2": 0.0014283482451,
        "dvar": 1.4659090084e-06,
        "dvar2": 3.39720827469e-06,
        "max": 0.0142217762768,
        "mean": 0.00572672998533,
        "median": 0.0056294365786,
        "min": 3.20874381753e-12,
        "var": 3.65906248589e-06
    },
    "spectral_rolloff": {
        "dmean": 454.44052124,
        "dmean2": 732.062866211,
        "dvar": 637435.6875,
        "dvar2": 1250925.75,
        "max": 19121.484375,
        "mean": 1457.74023438,
        "median": 1033.59375,
        "min": 86.1328125,
        "var": 2163967.25
    },
    "spectral_skewness": {
        "dmean": 0.150432392955,
        "dmean2": 0.229194059968,
        "dvar": 0.0274460222572,
        "dvar2": 0.073364906013,
        "max": 8.53470802307,
        "mean": 1.45109558105,
        "median": 1.41177546978,
        "min": 0.0072084730491,
        "var": 0.253210604191
    },
    "spectral_spread": {
        "dmean": 501035.125,
        "dmean2": 698987.375,
        "dvar": 415911215104,
        "dvar2": 686190886912,
        "max": 41382256,
        "mean": 5042089.5,
        "median": 4936439,
        "min": 947966.875,
        "var": 1.78897446502e+12
    },
    "spectral_strongpeak": {
        "dmean": 0.460650593042,
        "dmean2": 0.786315441132,
        "dvar": 0.750669181347,
        "dvar2": 1.82709407806,
        "max": 20.216758728,
        "mean": 0.790594935417,
        "median": 0.255680292845,
        "min": 0,
        "var": 1.66046476364
    },
    "zerocrossingrate": {
        "dmean": 0.0103150056675,
        "dmean2": 0.012031677179,
        "dvar": 0.000155999427079,
        "dvar2": 0.000167987367604,
        "max": 0.49658203125,
        "mean": 0.0660223439336,
        "median": 0.05810546875,
        "min": 0.0048828125,
        "var": 0.00136057019699
    },
    "barkbands": {
        "dmean": [0.000690580869559, 0.00737436721101, 0.00192287401296, 0.00178949709516, 0.00170790182892, 0.00130336370785, 0.00095079280436, 0.000818441389129, 0.00113604171202, 0.00100916449446, 0.000516879255883, 0.000357700948371, 0.000469908263767, 0.000286084658001, 0.000382984231692, 0.00022231224284, 0.000223238224862, 0.000152367400005, 0.000134239526233, 0.000157470858539, 0.000130019485368, 0.000120021672046, 0.000132357832626, 0.000137803464895, 8.20181085146e-05, 2.91011529043e-05, 9.75281818683e-06],
        "dmean2": [0.00111257762183, 0.0122426198795, 0.00328955822624, 0.0029014123138, 0.00289426138625, 0.00216031773016, 0.00146548671182, 0.00126051879488, 0.00169335782994, 0.00142380187754, 0.000775639957283, 0.00058035395341, 0.000747180602048, 0.000462976866402, 0.000623582745902, 0.000356597069185, 0.000372135837097, 0.000254856655374, 0.000223196766456, 0.000256593571976, 0.000207678211154, 0.000184256699868, 0.000196286331629, 0.000200483613298, 0.000116273178719, 4.31816479249e-05, 1.4956830455e-05],
        "dvar": [1.39220855999e-06, 0.000273759796983, 1.09893471745e-05, 1.04393011497e-05, 8.76615104062e-06, 4.68890402772e-06, 2.95276140605e-06, 3.24937059304e-06, 9.82779420156e-06, 7.05431011738e-06, 1.85998578672e-06, 6.63362129671e-07, 1.00784370716e-06, 5.29414762696e-07, 4.38381249523e-07, 1.72337109916e-07, 1.11852820339e-07, 3.95981807344e-08, 3.85368288391e-08, 1.15144395352e-07, 5.35149133896e-08, 7.74871011799e-08, 1.04002047863e-07, 2.38750146764e-07, 9.5534517186e-08, 1.05281685592e-08, 5.01640284867e-10],
        "dvar2": [3.19959985973e-06, 0.000738555507269, 3.06123038172e-05, 2.44020502578e-05, 2.39885903284e-05, 1.28952142404e-05, 7.11991060598e-06, 7.21765582057e-06, 2.31126487051e-05, 1.1538052604e-05, 3.63905451195e-06, 1.47658022343e-06, 2.25912071983e-06, 1.2338656461e-06, 1.05945753148e-06, 4.00647707011e-07, 2.85064231775e-07, 1.03942930707e-07, 1.03191219125e-07, 2.78004705478e-07, 1.25696502096e-07, 1.79069772344e-07, 2.06637622568e-07, 4.39665711838e-07, 1.72962984379e-07, 2.22011049544e-08, 1.17520215781e-09],
        "max": [0.0127531522885, 0.177710235119, 0.0386734753847, 0.0333884544671, 0.028739253059, 0.0364993587136, 0.0405046641827, 0.0524331256747, 0.100766688585, 0.0914460718632, 0.0561836957932, 0.0401608981192, 0.0268931053579, 0.0202757250518, 0.0169414319098, 0.00885713938624, 0.00741974124685, 0.00496535748243, 0.00380843132734, 0.0117527712137, 0.00616016471758, 0.00805818941444, 0.00863460544497, 0.0153974993154, 0.013283197768, 0.00349258165807, 0.000796500826254],
        "mean": [0.000992796267383, 0.0111692575738, 0.0030232523568, 0.0024125026539, 0.00256204465404, 0.00224490696564, 0.00205709412694, 0.00159911392257, 0.00220874184743, 0.00224370672368, 0.000980495940894, 0.000644637271762, 0.000804417009931, 0.000476409535622, 0.000709953776095, 0.000414281152189, 0.000478698377265, 0.000315988931106, 0.000301713793306, 0.000352948147338, 0.000312464457238, 0.000297258608043, 0.000276607315755, 0.000269055628451, 0.000153945453349, 4.85583623231e-05, 1.50190899149e-05],
        "median": [0.000594173907302, 0.00761835556477, 0.0019460459007, 0.00114669871982, 0.0017348456895, 0.00152897648513, 0.00109202857129, 0.00069162377622, 0.000793112500105, 0.000813536287751, 0.000401578523451, 0.000338531943271, 0.000377318792744, 0.000246446055826, 0.000438798510004, 0.000214502084418, 0.000337017438142, 0.000243106551352, 0.000233779093833, 0.000208170691621, 0.000176641406142, 0.000151842294144, 0.000114537055197, 9.56148433033e-05, 5.68906652916e-05, 1.76439025381e-05, 7.67960318626e-06],
        "min": [2.62144647697e-23, 2.66221559741e-23, 2.88597946417e-23, 2.22153391439e-23, 9.25642885972e-23, 3.15035893903e-23, 2.50254099941e-23, 4.27385590243e-23, 7.2290569644e-23, 1.2262532276e-22, 6.29536624569e-23, 6.65549828831e-23, 9.12047972676e-23, 8.43725676308e-23, 1.37036423103e-22, 2.4294797947e-22, 1.75701411698e-22, 1.217020652e-22, 3.53909810731e-22, 4.17573839278e-22, 2.90791093329e-22, 5.79250490528e-22, 6.10537143169e-22, 7.41390360901e-22, 9.85737161151e-22, 1.56799234082e-21, 2.54525150654e-21],
        "var": [2.05532069231e-06, 0.000239050932578, 1.19443566291e-05, 1.29900427055e-05, 8.23072514322e-06, 5.46270302948e-06, 8.90082901606e-06, 1.06990373752e-05, 2.19420053327e-05, 2.99226503557e-05, 5.06896549268e-06, 1.99041596716e-06, 2.27545183407e-06, 9.44661167068e-07, 8.87437522579e-07, 3.86653709938e-07, 3.09160128609e-07, 8.49743102549e-08, 8.45998542331e-08, 3.58997567673e-07, 1.99675127988e-07, 2.954717786e-07, 3.50452069142e-07, 5.7198894865e-07, 2.10397828937e-07, 2.02204422095e-08, 7.19487081025e-10]
    },
    "erbbands": {
        "dmean": [0.238802492619, 1.63938057423, 2.48534989357, 3.95271778107, 5.40235185623, 6.32301855087, 9.56453704834, 10.1581487656, 13.1404628754, 14.3418130875, 20.6896896362, 29.0696735382, 23.6208629608, 28.4432277679, 16.28947258, 16.1112442017, 20.9741153717, 15.8670387268, 18.3986530304, 16.6016139984, 11.9214477539, 10.4766044617, 7.6232624054, 7.60158157349, 6.48685598373, 7.75086402893, 6.0754442215, 4.9966545105, 4.61775827408, 4.04419088364, 3.73089146614, 3.10508346558, 2.22683215141, 1.20974588394, 0.428070992231, 0.16335695982, 0.0468560568988, 0.00993438158184, 0.00184520869516, 8.9781540737e-05],
        "dmean2": [0.394688874483, 2.77611589432, 4.21916246414, 6.51409721375, 8.79431343079, 10.8200626373, 16.056804657, 16.9535827637, 20.4952926636, 22.1353759766, 31.2828617096, 43.1488685608, 34.3649673462, 39.8307380676, 24.8532848358, 25.8038101196, 33.3572158813, 25.0058612823, 30.025177002, 26.9771766663, 19.3070545197, 17.4579868317, 12.7395420074, 12.6181945801, 10.7376432419, 12.5271711349, 9.97376537323, 7.89423751831, 7.16221189499, 6.19046545029, 5.51716947556, 4.51945972443, 3.28092885017, 1.72839653492, 0.623536765575, 0.239666178823, 0.0710564106703, 0.0150597766042, 0.00285472697578, 0.000136639966513],
        "dvar": [0.252353668213, 14.9022216797, 22.9029846191, 40.854763031, 82.493270874, 123.677986145, 314.013275146, 288.974334717, 515.030212402, 694.972106934, 2227.07641602, 7251.36328125, 2077.59594727, 8807.07714844, 1270.5213623, 1354.04748535, 1980.29943848, 1667.04162598, 1138.81506348, 729.66973877, 404.394256592, 245.846694946, 94.6942977905, 125.127227783, 88.5151443481, 335.132415771, 145.581176758, 76.0163269043, 115.89528656, 86.787651062, 88.8753814697, 94.4971008301, 72.9148712158, 22.4078216553, 2.23583579063, 0.377252370119, 0.0271272100508, 0.000814034836367, 1.82177063834e-05, 2.89379293861e-08],
        "dvar2": [0.685044884682, 40.6599617004, 62.9659423828, 99.99168396, 204.044616699, 341.594818115, 845.452453613, 803.505065918, 1232.88476562, 1678.10803223, 4894.00537109, 17268.2109375, 4388.11621094, 14278.9912109, 2788.28344727, 2983.27832031, 4525.99609375, 3829.65234375, 2730.23291016, 1777.09020996, 952.586486816, 641.847473145, 248.131973267, 328.285949707, 229.822265625, 797.947631836, 352.105560303, 180.406341553, 271.502380371, 196.110671997, 180.530563354, 174.060653687, 140.769989014, 41.0529899597, 4.10235691071, 0.754491508007, 0.0605238266289, 0.00188859051559, 4.31908265455e-05, 6.81353711229e-08],
        "max": [5.15103292465, 43.8925361633, 57.7863044739, 65.1877746582, 124.666183472, 110.572570801, 358.194122314, 188.41947937, 400.58694458, 1070.89355469, 1233.24353027, 2769.47412109, 1336.81420898, 2991.80029297, 2055.45605469, 2011.78186035, 1351.61083984, 1091.57714844, 968.707946777, 632.534729004, 365.861846924, 471.853668213, 226.503677368, 282.703094482, 234.058700562, 686.819580078, 398.186645508, 222.543304443, 261.399688721, 274.837921143, 243.04977417, 301.202697754, 273.864990234, 210.242111206, 51.3339996338, 19.4537677765, 7.14611673355, 1.11665034294, 0.128787323833, 0.00348787894472],
        "mean": [0.35974958539, 2.30933904648, 4.01383972168, 5.92264318466, 7.72399616241, 8.74951267242, 14.8266096115, 17.3232078552, 26.7956676483, 30.4368438721, 43.2253646851, 56.6334571838, 56.0646591187, 65.6916503906, 35.096408844, 31.2435703278, 37.9881362915, 29.4484062195, 33.1147613525, 31.4305553436, 25.6352539062, 24.1699733734, 17.4110679626, 17.1665725708, 14.9685611725, 17.3137722015, 14.2058124542, 11.6855449677, 11.0792226791, 9.18324565887, 7.51626253128, 5.95056581497, 4.20887756348, 2.25868582726, 0.798800647259, 0.279025286436, 0.0750951766968, 0.0158482566476, 0.00269615836442, 0.000184926640941],
        "median": [0.25867703557, 1.40783464909, 2.61304306984, 3.54009413719, 4.41559267044, 5.46801662445, 9.19998836517, 11.7066259384, 15.3066902161, 16.9857845306, 18.6338157654, 22.086391449, 28.5066146851, 20.2499046326, 19.7239131927, 17.0118045807, 18.3810691833, 14.4220809937, 19.2194480896, 20.0993747711, 14.8312349319, 17.7602844238, 14.1066999435, 12.9095840454, 11.5795087814, 9.94214248657, 8.06700706482, 6.53585290909, 5.5830206871, 4.25155448914, 3.06043362617, 2.17393565178, 1.46326327324, 0.816378593445, 0.308634132147, 0.0956606417894, 0.0276282392442, 0.00694851251319, 0.00127096183132, 0.000129739390104],
        "min": [7.68346078821e-22, 6.30298863627e-21, 3.55611439997e-20, 5.86780536171e-20, 2.6821375306e-19, 2.37721911127e-19, 2.10024737668e-19, 2.59691802347e-19, 3.73649063219e-19, 3.97196206921e-19, 1.27920524561e-18, 1.22707777097e-18, 2.64630980503e-18, 3.73760898038e-18, 3.18807526274e-18, 2.74215439543e-18, 3.95536882612e-18, 3.98274478209e-18, 8.31444480457e-18, 9.58984977564e-18, 1.01196167718e-17, 1.12251080917e-17, 8.17036979419e-18, 9.55912332461e-18, 1.93990744672e-17, 2.14944040225e-17, 1.46545600338e-17, 1.10457951872e-17, 1.76582463983e-17, 1.96838611716e-17, 1.83857567101e-17, 1.48361377588e-17, 1.44191626295e-17, 1.01603951216e-17, 7.16014651979e-18, 4.59710381715e-18, 3.33461278979e-18, 1.64048413296e-18, 3.36894249128e-19, 3.49659649307e-20],
        "var": [0.237134069204, 12.0487337112, 21.920501709, 50.9415817261, 96.4588394165, 113.696174622, 347.696380615, 335.029510498, 1262.42431641, 2723.19042969, 7092.19628906, 15331.3310547, 7136.25097656, 39811.6132812, 3009.26000977, 4393.08935547, 4530.37353516, 3526.88134766, 2285.62890625, 1603.24780273, 1020.27349854, 673.434204102, 205.368453979, 296.860534668, 194.515426636, 1012.96411133, 488.502075195, 283.318817139, 419.759552002, 306.630950928, 269.542327881, 240.99458313, 160.000015259, 47.7169837952, 5.10793352127, 0.767857432365, 0.046237103641, 0.00132465001661, 2.48443466262e-05, 4.38775629164e-08]
    },
    "gfcc": {
        "mean": [44.2584190369, 82.5909805298, -104.819953918, 29.6473560333, -53.4722709656, 16.5031509399, -27.8016281128, 10.949300766, -15.5555791855, 3.63479137421, -13.4509468079, 0.175996348262, -7.86695957184],
        "cov": [[9209.70703125, -1042.25231934, -386.35269165, 446.390319824, -520.963012695, 167.298568726, -99.9812164307, 107.034111023, 4.57780838013, 296.029907227, 254.909759521, 200.190216064, 95.7052764893], [-1042.25231934, 856.597900391, -143.644332886, -160.970840454, 168.77571106, -102.945320129, 123.331817627, -11.119597435, 50.8901672363, -34.9722633362, -10.2209730148, -43.4179267883, 23.1784515381], [-386.35269165, -143.644332886, 351.621795654, 39.3360023499, 33.3195343018, 38.8113555908, -64.9173126221, -9.92816448212, -16.453245163, -4.94419240952, -11.1133594513, 7.70510721207, -28.9994277954], [446.390319824, -160.970840454, 39.3360023499, 275.567108154, -25.4327716827, 28.1274986267, -50.0599708557, -2.32667970657, 1.8846950531, 18.4470443726, 16.9608364105, 12.1266031265, 21.6089706421], [-520.963012695, 168.77571106, 33.3195343018, -25.4327716827, 170.52746582, -15.1859645844, 33.7248878479, -1.85862374306, 12.7547464371, -12.5738811493, -20.4402828217, -3.83080339432, 2.34216785431], [167.298568726, -102.945320129, 38.8113555908, 28.1274986267, -15.1859645844, 123.83265686, 28.4855213165, 19.6230239868, -12.0194034576, -0.717293262482, 9.62590122223, -0.437186986208, -2.73159098625], [-99.9812164307, 123.331817627, -64.9173126221, -50.0599708557, 33.7248878479, 28.4855213165, 133.982376099, 16.8433494568, -1.07525873184, -10.3207378387, 7.74958086014, -2.2914249897, 3.38747358322], [107.034111023, -11.119597435, -9.92816448212, -2.32667970657, -1.85862374306, 19.6230239868, 16.8433494568, 85.1592025757, 40.9413871765, 13.8803157806, -5.37693023682, -1.49568545818, 7.55041027069], [4.57780838013, 50.8901672363, -16.453245163, 1.8846950531, 12.7547464371, -12.0194034576, -1.07525873184, 40.9413871765, 68.1739273071, 24.3725070953, -2.20522260666, -8.2113866806, 6.40198659897], [296.029907227, -34.9722633362, -4.94419240952, 18.4470443726, -12.5738811493, -0.717293262482, -10.3207378387, 13.8803157806, 24.3725070953, 65.075881958, 30.1293144226, 11.7620716095, -3.34890270233], [254.909759521, -10.2209730148, -11.1133594513, 16.9608364105, -20.4402828217, 9.62590122223, 7.74958086014, -5.37693023682, -2.20522260666, 30.1293144226, 62.09375, 28.7507591248, 4.00375461578], [200.190216064, -43.4179267883, 7.70510721207, 12.1266031265, -3.83080339432, -0.437186986208, -2.2914249897, -1.49568545818, -8.2113866806, 11.7620716095, 28.7507591248, 53.5784492493, 18.3634300232], [95.7052764893, 23.1784515381, -28.9994277954, 21.6089706421, 2.34216785431, -2.73159098625, 3.38747358322, 7.55041027069, 6.40198659897, -3.34890270233, 4.00375461578, 18.3634300232, 49.2520866394]],
        "icov": [[0.000194037595065, 0.00011358680058, 0.000258952146396, -0.000165269084391, 0.000308414455503, -0.000140971009387, 3.2110936445e-05, -0.000149959916598, 0.000163790173247, -0.000616482051555, -0.000102387850347, -0.000354826217517, -0.000129816573462], [0.00011358680058, 0.00263893045485, 0.000469387043267, 0.000799386762083, -0.00177034048829, 0.00170669925865, -0.00151900202036, 0.000870196847245, -0.00180728419218, 0.00122974708211, -0.00258586299606, 0.00280569656752, -0.00190440681763], [0.000258952146396, 0.000469387043267, 0.00441610114649, -0.000402587844292, -0.00131094211247, -0.00186941027641, 0.0023802863434, -0.00022349396022, 0.000333158066496, -8.20987042971e-05, 0.000334832788212, -0.00214865407906, 0.00260695000179], [-0.000165269084391, 0.000799386762083, -0.000402587844292, 0.0048963832669, -0.000814360799268, -0.000629939429928, 0.001226632623, 0.000874481804203, -0.000861976935994, 0.00019127340056, -0.00172099412885, 0.00206034164876, -0.00315821892582], [0.000308414455503, -0.00177034048829, -0.00131094211247, -0.000814360799268, 0.00947506632656, -0.000284856127109, -0.00201731733978, 0.000883499742486, -0.00107894127723, -0.00189203827176, 0.00462019955739, -0.00399495055899, 0.000481690629385], [-0.000140971009387, 0.00170669925865, -0.00186941027641, -0.000629939429928, -0.000284856127109, 0.0124680744484, -0.00450111879036, -0.00330177135766, 0.0024874296505, 0.00157339067664, -0.003814736614, 0.00471362425014, -0.00149648194201], [3.2110936445e-05, -0.00151900202036, 0.0023802863434, 0.001226632623, -0.00201731733978, -0.00450111879036, 0.0125964106992, -0.00316904112697, 0.00253881351091, 0.00149823131505, -0.00248140189797, -0.00073054555105, 0.0012275025947], [-0.000149959916598, 0.000870196847245, -0.00022349396022, 0.000874481804203, 0.000883499742486, -0.00330177135766, -0.00316904112697, 0.0204332619905, -0.0136196957901, -0.000404363643611, 0.00427245022729, -0.00218474143185, -0.00156290107407], [0.000163790173247, -0.00180728419218, 0.000333158066496, -0.000861976935994, -0.00107894127723, 0.0024874296505, 0.00253881351091, -0.0136196957901, 0.0300643071532, -0.0113989477977, 0.00146962574217, 0.00528503442183, -0.00356375798583], [-0.000616482051555, 0.00122974708211, -8.20987042971e-05, 0.00019127340056, -0.00189203827176, 0.00157339067664, 0.00149823131505, -0.000404363643611, -0.0113989477977, 0.0295364949852, -0.0137835657224, 0.000653883384075, 0.0049898265861], [-0.000102387850347, -0.00258586299606, 0.000334832788212, -0.00172099412885, 0.00462019955739, -0.003814736614, -0.00248140189797, 0.00427245022729, 0.00146962574217, -0.0137835657224, 0.0339693985879, -0.0174282304943, 0.00406090728939], [-0.000354826217517, 0.00280569656752, -0.00214865407906, 0.00206034164876, -0.00399495055899, 0.00471362425014, -0.00073054555105, -0.00218474143185, 0.00528503442183, 0.000653883384075, -0.0174282304943, 0.0369097106159, -0.0149507783353], [-0.000129816573462, -0.00190440681763, 0.00260695000179, -0.00315821892582, 0.000481690629385, -0.00149648194201, 0.0012275025947, -0.00156290107407, -0.00356375798583, 0.0049898265861, 0.00406090728939, -0.0149507783353, 0.0304687991738]]
    },
    "melbands": {
        "dmean": [0.00206746882759, 0.00156918237917, 0.00072177714901, 0.000377372663934, 0.000318099424476, 0.000232716120081, 0.000199427056941, 0.00015551733668, 0.000186118515558, 0.000168585698702, 0.000121361677884, 0.000121843848319, 6.75556075294e-05, 4.06742947234e-05, 4.66104429506e-05, 4.14199857914e-05, 3.06130605168e-05, 2.93988032354e-05, 2.31967951549e-05, 1.91376548173e-05, 1.55549696501e-05, 1.32569321067e-05, 8.41249766381e-06, 8.2089100033e-06, 6.62757520331e-06, 5.41040981261e-06, 4.90844377055e-06, 5.76194088353e-06, 4.40125177192e-06, 3.47957075064e-06, 3.15777106152e-06, 3.00499050354e-06, 2.21604636863e-06, 2.54742667494e-06, 2.40595613832e-06, 2.10901453102e-06, 1.95220650312e-06, 1.76028288479e-06, 1.31026001782e-06, 9.93350226963e-07],
        "dmean2": [0.00341252563521, 0.00263365288265, 0.00117357401177, 0.000630690541584, 0.000536957231816, 0.000386483734474, 0.000310227100272, 0.000240944049438, 0.000277747923974, 0.000251266785199, 0.000175688779564, 0.0001705930772, 0.000101613790321, 6.57545097056e-05, 7.4693809438e-05, 6.45000691293e-05, 4.87264442199e-05, 4.81248534925e-05, 3.78137774533e-05, 3.08152593789e-05, 2.54948645306e-05, 2.21499194595e-05, 1.41166037793e-05, 1.38362356665e-05, 1.10534310807e-05, 8.97765403352e-06, 8.10042547528e-06, 9.4157685453e-06, 7.33696424504e-06, 5.63142202736e-06, 5.05311072629e-06, 4.757005172e-06, 3.46218530467e-06, 3.94720927943e-06, 3.66412609765e-06, 3.19305695484e-06, 2.88961769002e-06, 2.64948766926e-06, 1.93242590285e-06, 1.43945737818e-06],
        "dvar": [2.0188959752e-05, 1.10697965283e-05, 1.4297056623e-06, 3.99417160679e-07, 3.44380481465e-07, 1.45073201452e-07, 1.21201068737e-07, 8.05173030471e-08, 1.75895522148e-07, 2.34191062987e-07, 5.74735814496e-08, 1.67184111888e-07, 2.54970977664e-08, 8.40833269677e-09, 1.11434736993e-08, 8.46080538963e-09, 7.06370384407e-09, 2.92450819117e-09, 2.05051153834e-09, 1.1595815419e-09, 6.73724853684e-10, 4.4960615786e-10, 1.26959054381e-10, 1.22838877958e-10, 1.04476753637e-10, 6.32940921896e-11, 7.56693735449e-11, 1.97996924411e-10, 7.46323142176e-11, 4.63556727726e-11, 3.55494939042e-11, 5.16647905013e-11, 3.17230929026e-11, 3.52668796944e-11, 3.72090309952e-11, 3.60653590326e-11, 4.49080980736e-11, 4.96134591743e-11, 2.4565622106e-11, 1.62790180641e-11],
        "dvar2": [5.43002824998e-05, 2.990046778e-05, 3.3904468637e-06, 1.06219158624e-06, 9.32615535021e-07, 4.01056240662e-07, 2.89810230925e-07, 1.91050148146e-07, 3.9157316678e-07, 5.59850207082e-07, 1.18764546642e-07, 2.67149204092e-07, 5.24523962042e-08, 1.86318693807e-08, 2.55260346194e-08, 1.82949602134e-08, 1.62715902974e-08, 6.97198654365e-09, 5.10108932872e-09, 2.72861555572e-09, 1.59374891062e-09, 1.16779463877e-09, 3.30147770233e-10, 3.25658805478e-10, 2.752031103e-10, 1.71096511958e-10, 1.91598556465e-10, 4.73873329465e-10, 1.86456391993e-10, 1.1610809536e-10, 8.77441799774e-11, 1.22785948076e-10, 7.80210340778e-11, 8.08051334178e-11, 7.99589422451e-11, 7.65882079978e-11, 8.44519384979e-11, 1.04017572333e-10, 4.55199350435e-11, 3.23963807169e-11],
        "max": [0.0442312918603, 0.0373623557389, 0.0124204931781, 0.0064772372134, 0.0104841161519, 0.00464230356738, 0.00609916774556, 0.00983542390168, 0.0103500364348, 0.0151238702238, 0.00697027053684, 0.0137270539999, 0.00841141585261, 0.00478965882212, 0.00446279905736, 0.00261315563694, 0.00245070341043, 0.00146531243809, 0.00121544254944, 0.00082557357382, 0.000486078351969, 0.000623673840892, 0.000329541915562, 0.00026539422106, 0.000243643691647, 0.000175358567503, 0.000275580590824, 0.000529620388988, 0.000236929001403, 0.000162089374498, 0.000172404354089, 0.000194994587218, 0.000250910787145, 0.000201657865546, 0.000159299757797, 0.000163919612532, 0.000252574594924, 0.000242680544034, 0.000147077123984, 0.000201415328775],
        "mean": [0.00319063616917, 0.00249107158743, 0.00111454830039, 0.000566683302168, 0.000499464804307, 0.000404145481298, 0.000418522773543, 0.000321328319842, 0.000376539508579, 0.000329551316099, 0.000273355370155, 0.000270895281574, 0.000134804809932, 7.41171897971e-05, 8.34602469695e-05, 7.37062655389e-05, 5.1270435506e-05, 5.00756432302e-05, 4.33537461504e-05, 3.5223303712e-05, 3.01322979794e-05, 2.76377213595e-05, 1.68736587511e-05, 1.59920964506e-05, 1.35843010867e-05, 1.10425271487e-05, 1.04222090158e-05, 1.17620293167e-05, 9.13277381187e-06, 7.37473374102e-06, 6.61137391944e-06, 6.64783692628e-06, 4.9901618695e-06, 5.17710350323e-06, 4.48876062364e-06, 3.84781696994e-06, 3.53718928636e-06, 3.13085024573e-06, 2.41237944465e-06, 1.72665568243e-06],
        "median": [0.00231236615218, 0.00162962032482, 0.000660168938339, 0.000367789180018, 0.000321797910146, 0.000275412137853, 0.000235745683312, 0.000180017232196, 0.000155842339154, 0.000128486179165, 0.000130384301883, 7.47610902181e-05, 6.28814450465e-05, 4.2073570512e-05, 4.49548533652e-05, 3.44456457242e-05, 2.36996747844e-05, 2.83783083432e-05, 2.76336268143e-05, 2.11212518479e-05, 1.70143139258e-05, 1.88845351659e-05, 1.28787060021e-05, 1.19440910566e-05, 9.74045997282e-06, 8.35701030155e-06, 7.08795505489e-06, 6.33697754893e-06, 5.32988906343e-06, 3.91697039959e-06, 3.66458016288e-06, 3.26201598e-06, 2.54348356066e-06, 2.22918174586e-06, 1.79696382929e-06, 1.44222121889e-06, 1.22513097267e-06, 1.03232423498e-06, 8.39281369736e-07, 6.17528996827e-07],
        "min": [8.16940724687e-24, 1.49662075627e-23, 1.53420666519e-23, 2.0498029974e-23, 7.90639155474e-24, 5.64261595325e-24, 5.83842858487e-24, 4.60592808377e-24, 1.02500933598e-23, 8.98673893102e-24, 1.45745333901e-23, 1.65968414295e-23, 8.69448726488e-24, 1.01672605982e-23, 5.63393453899e-24, 1.03244032683e-23, 6.53503102393e-24, 1.29270360437e-23, 1.06711604898e-23, 1.56195989624e-23, 1.12453447326e-23, 1.15933870085e-23, 8.67592457892e-24, 5.77373173545e-24, 7.18612999383e-24, 1.56336185984e-23, 1.41399956713e-23, 1.40401085258e-23, 8.38775132366e-24, 8.30597957994e-24, 5.98106962489e-24, 8.63292219325e-24, 1.33000039577e-23, 9.56002466123e-24, 9.50919283108e-24, 1.18503237385e-23, 7.9008553289e-24, 9.35242250338e-24, 1.11441961984e-23, 7.33416920903e-24],
        "var": [1.85086300917e-05, 9.81241464615e-06, 1.81883956429e-06, 4.20980541094e-07, 3.57856293931e-07, 1.76488399006e-07, 3.0836091014e-07, 2.8124804885e-07, 4.95588381e-07, 4.92270203267e-07, 1.9087131875e-07, 7.57703730869e-07, 6.64983232923e-08, 2.52849563509e-08, 2.28084999776e-08, 2.1413931961e-08, 1.32028699085e-08, 5.70505154229e-09, 3.33842820055e-09, 2.60705879107e-09, 1.58902213609e-09, 1.15923193267e-09, 2.51157455944e-10, 2.42017322849e-10, 2.29232577365e-10, 1.15355697217e-10, 1.80288173279e-10, 5.62965174478e-10, 2.06006378622e-10, 1.38888386902e-10, 1.04902565801e-10, 1.65015723308e-10, 9.00486629707e-11, 1.08694636625e-10, 1.01225451632e-10, 8.66911264996e-11, 1.02843011884e-10, 9.67438143484e-11, 5.49387896287e-11, 2.97658842019e-11]
    },
    "mfcc": {
        "mean": [-599.467102051, 114.115859985, 7.55820655823, 20.0189933777, 2.50536322594, 7.23790645599, 1.60015177727, 6.05405139923, 5.27484893799, 5.02805042267, 1.82819628716, 2.23276090622, 1.00573468208],
        "cov": [[6316.53857422, -372.610717773, -198.278793335, 12.806470871, -76.1915359497, 53.3115730286, -62.2476539612, -8.60402965546, -73.9081726074, 26.2855262756, 16.8485984802, 62.1782951355, 52.6545600891], [-372.610717773, 866.870117188, -239.476776123, -33.7367706299, -28.7749900818, -33.211101532, 32.9894294739, 11.4190835953, 52.1418991089, 10.9978532791, 42.0632972717, -1.98487722874, 2.92702460289], [-198.278793335, -239.476776123, 335.690551758, 7.994120121, 62.2514648438, 24.0605316162, -7.34248733521, -5.54729413986, -33.298210144, -0.0493569970131, -16.3108482361, 7.46686172485, -3.98788309097], [12.806470871, -33.7367706299, 7.994120121, 176.532958984, 51.3841705322, 15.9439592361, -19.4565429688, -14.2542219162, 5.56787729263, -10.5925168991, -13.7368612289, 4.77608728409, 16.8628234863], [-76.1915359497, -28.7749900818, 62.2514648438, 51.3841705322, 130.054321289, 10.8780031204, -24.1274013519, -12.3427448273, 8.08474254608, 4.15307807922, -10.6577806473, 8.45690917969, 7.55499172211], [53.3115730286, -33.211101532, 24.0605316162, 15.9439592361, 10.8780031204, 84.1098556519, 41.3605804443, 7.8319568634, -17.5284118652, -3.84925818443, 0.40361058712, -6.35811710358, -5.16791582108], [-62.2476539612, 32.9894294739, -7.34248733521, -19.4565429688, -24.1274013519, 41.3605804443, 89.8591079712, 36.3371620178, -3.97165155411, 0.367750823498, 6.03800725937, -5.68985509872, -6.62212181091], [-8.60402965546, 11.4190835953, -5.54729413986, -14.2542219162, -12.3427448273, 7.8319568634, 36.3371620178, 65.7296295166, 27.7600784302, 8.03272342682, -0.391896814108, -2.77243852615, -2.45646905899], [-73.9081726074, 52.1418991089, -33.298210144, 5.56787729263, 8.08474254608, -17.5284118652, -3.97165155411, 27.7600784302, 78.5629196167, 33.4982643127, 2.37505412102, -5.8032450676, 0.287392526865], [26.2855262756, 10.9978532791, -0.0493569970131, -10.5925168991, 4.15307807922, -3.84925818443, 0.367750823498, 8.03272342682, 33.4982643127, 59.847858429, 21.9547710419, -0.235006690025, -3.81365942955], [16.8485984802, 42.0632972717, -16.3108482361, -13.7368612289, -10.6577806473, 0.40361058712, 6.03800725937, -0.391896814108, 2.37505412102, 21.9547710419, 53.4843521118, 19.3705310822, 0.478733956814], [62.1782951355, -1.98487722874, 7.46686172485, 4.77608728409, 8.45690917969, -6.35811710358, -5.68985509872, -2.77243852615, -5.8032450676, -0.235006690025, 19.3705310822, 52.6884346008, 22.8895492554], [52.6545600891, 2.92702460289, -3.98788309097, 16.8628234863, 7.55499172211, -5.16791582108, -6.62212181091, -2.45646905899, 0.287392526865, -3.81365942955, 0.478733956814, 22.8895492554, 50.0564575195]],
