{
"lowlevel": {
    "average_loudness": 0.754522383213,
    "barkbands_crest": {
        "dmean": 2.37642216682,
        "dmean2": 3.89037132263,
        "dvar": 5.33444213867,
        "dvar2": 15.1132097244,
        "max": 26.7881011963,
        "mean": 14.7702732086,
        "median": 13.9270572662,
        "min": 4.08575105667,
        "var": 30.9869709015
    },
    "barkbands_flatness_db": {
        "dmean": 0.0249000713229,
        "dmean2": 0.0411552786827,
        "dvar": 0.000805499206763,
        "dvar2": 0.0020376725588,
        "max": 0.760408341885,
        "mean": 0.313941657543,
        "median": 0.299201756716,
        "min": 0.0589299760759,
        "var": 0.00617253826931
    },
    "barkbands_kurtosis": {
        "dmean": 7.90254449844,
        "dmean2": 12.4805192947,
        "dvar": 422.744476318,
        "dvar2": 1035.35778809,
        "max": 817.155822754,
        "mean": 17.5311889648,
        "median": 2.7570130825,
        "min": -1.93192648888,
        "var": 1680.97167969
    },
    "barkbands_skewness": {
        "dmean": 0.708664536476,
        "dmean2": 1.12906932831,
        "dvar": 0.661326825619,
        "dvar2": 1.66116011143,
        "max": 19.5043811798,
        "mean": 2.52780652046,
        "median": 1.67813682556,
        "min": -2.32303214073,
        "var": 6.12285518646
    },
    "barkbands_spread": {
        "dmean": 1.8236798048,
        "dmean2": 2.97833275795,
        "dvar": 4.12027645111,
        "dvar2": 10.1131258011,
        "max": 75.7788772583,
        "mean": 7.16741037369,
        "median": 7.07544994354,
        "min": 0.0685032010078,
        "var": 16.6465148926
    },
    "dissonance": {
        "dmean": 0.0409263782203,
        "dmean2": 0.0676382631063,
        "dvar": 0.00132695573848,
        "dvar2": 0.00358270434663,
        "max": 0.5,
        "mean": 0.366334468126,
        "median": 0.374840825796,
        "min": 0.0433896332979,
        "var": 0.00436572637409
    },
    "dynamic_complexity": 2.50131893158,
    "erbbands_crest": {
        "dmean": 2.67086458206,
        "dmean2": 4.3465294838,
        "dvar": 5.67587471008,
        "dvar2": 14.7038822174,
        "max": 32.5167274475,
        "mean": 12.6746673584,
        "median": 11.2072525024,
        "min": 2.63847756386,
        "var": 29.9194660187
    },
    "erbbands_flatness_db": {
        "dmean": 0.0154996793717,
        "dmean2": 0.0248241629452,
        "dvar": 0.0002890448377,
        "dvar2": 0.000692882807925,
        "max": 0.617445349693,
        "mean": 0.302442759275,
        "median": 0.292949825525,
        "min": 0.0883388891816,
        "var": 0.00354468589649
    },
    "erbbands_kurtosis": {
        "dmean": 2.09459114075,
        "dmean2": 3.24819350243,
        "dvar": 23.2761421204,
        "dvar2": 52.9139823914,
        "max": 254.449707031,
        "mean": 3.55183601379,
        "median": -0.0965702533722,
        "min": -1.90892910957,
        "var": 114.01877594
    },
    "erbbands_skewness": {
        "dmean": 0.45812690258,
        "dmean2": 0.72754406929,
        "dvar": 0.196369603276,
        "dvar2": 0.464487165213,
        "max": 11.6534013748,
        "mean": 0.859928250313,
        "median": 0.374176084995,
        "min": -3.3384103775,
        "var": 2.15198755264
    },
    "erbbands_spread": {
        "dmean": 3.75062823296,
        "dmean2": 5.90363931656,
        "dvar": 14.3863048553,
        "dvar2": 33.3809776306,
        "max": 92.5127487183,
        "mean": 18.6446094513,
        "median": 17.814535141,
        "min": 0.514728307724,
        "var": 78.559387207
    },
    "hfc": {
        "dmean": 3.16851782799,
        "dmean2": 5.1029176712,
        "dvar": 10.0372285843,
        "dvar2": 26.223608017,
        "max": 54.1798248291,
        "mean": 13.870382309,
        "median": 14.0656528473,
        "min": 1.18141376156e-16,
        "var": 70.4877700806
    },
    "melbands_crest": {
        "dmean": 2.89149975777,
        "dmean2": 4.71472263336,
        "dvar": 8.30327224731,
        "dvar2": 23.840089798,
        "max": 33.4049682617,
        "mean": 18.5444431305,
        "median": 18.2174472809,
        "min": 1.71861314774,
        "var": 39.7899742126
    },
    "melbands_flatness_db": {
        "dmean": 0.022226748988,
        "dmean2": 0.0362054519355,
        "dvar": 0.000642386672553,
        "dvar2": 0.00162712333258,
        "max": 0.874905526638,
        "mean": 0.364848047495,
        "median": 0.350055128336,
        "min": 0.00357786146924,
        "var": 0.00703161815181
    },
    "melbands_kurtosis": {
        "dmean": 8.54225063324,
        "dmean2": 13.7536725998,
        "dvar": 295.186828613,
        "dvar2": 777.516357422,
        "max": 402.128845215,
        "mean": 21.9002895355,
        "median": 4.89299678802,
        "min": -1.84346354008,
        "var": 1865.50756836
    },
    "melbands_skewness": {
        "dmean": 0.672673940659,
        "dmean2": 1.0700429678,
        "dvar": 0.459044277668,
        "dvar2": 1.16509330273,
        "max": 15.8637294769,
        "mean": 2.80464792252,
        "median": 2.11811971664,
        "min": -1.51551890373,
        "var": 4.97035932541
    },
    "melbands_spread": {
        "dmean": 2.79014706612,
        "dmean2": 4.58271312714,
        "dvar": 11.2015295029,
        "dvar2": 26.7351379395,
        "max": 148.58821106,
        "mean": 10.2115192413,
        "median": 9.64003753662,
        "min": 0.265289276838,
        "var": 86.6048355103
    },
    "pitch_salience": {
        "dmean": 0.059952635318,
        "dmean2": 0.0981556251645,
        "dvar": 0.00356420432217,
        "dvar2": 0.00964325666428,
        "max": 0.896130979061,
        "mean": 0.395087987185,
        "median": 0.402737855911,
        "min": 0.0393654406071,
        "var": 0.0128816701472
    },
    "silence_rate_20dB": {
        "dmean": 0,
        "dmean2": 0,
        "dvar": 0,
        "dvar2": 0,
        "max": 1,
        "mean": 1,
        "median": 1,
        "min": 1,
        "var": 0
    },
    "silence_rate_30dB": {
        "dmean": 0,
        "dmean2": 0,
        "dvar": 0,
        "dvar2": 0,
        "max": 1,
        "mean": 1,
        "median": 1,
        "min": 1,
        "var": 0
    },
    "silence_rate_60dB": {
        "dmean": 0.0186653565615,
        "dmean2": 0.0372631587088,
        "dvar": 0.0183191746473,
        "dvar2": 0.0404935069382,
        "max": 1,
        "mean": 0.0307325292379,
        "median": 0,
        "min": 0,
        "var": 0.0297895781696
    },
    "spectral_centroid": {
        "dmean": 84.9271774292,
        "dmean2": 138.014343262,
        "dvar": 18631.1054688,
        "dvar2": 32508.1347656,
        "max": 11351.0039062,
        "mean": 578.66973877,
        "median": 534.715270996,
        "min": 200.328384399,
        "var": 89677.5234375
    },
    "spectral_complexity": {
        "dmean": 0.979580402374,
        "dmean2": 1.66091227531,
        "dvar": 1.03320980072,
        "dvar2": 2.39340519905,
        "max": 22,
        "mean": 9.26648902893,
        "median": 10,
        "min": 0,
        "var": 13.0352191925
    },
    "spectral_decrease": {
        "dmean": 1.59308066738e-09,
        "dmean2": 2.57792565073e-09,
        "dvar": 2.96697526168e-18,
        "dvar2": 8.67174629734e-18,
        "max": 5.32199362079e-18,
        "mean": -6.73142164231e-09,
        "median": -5.91703175346e-09,
        "min": -3.07502823205e-08,
        "var": 1.89241569903e-17
    },
    "spectral_energy": {
        "dmean": 0.00625653425232,
        "dmean2": 0.0101238768548,
        "dvar": 4.50793559139e-05,
        "dvar2": 0.000131177846924,
        "max": 0.120330408216,
        "mean": 0.0266641043127,
        "median": 0.0236799120903,
        "min": 1.0926753777e-20,
        "var": 0.000292027369142
    },
    "spectral_energyband_high": {
        "dmean": 1.05652843558e-05,
        "dmean2": 1.64496996149e-05,
        "dvar": 1.80781933867e-09,
        "dvar2": 4.54628734659e-09,
        "max": 0.00117097969633,
        "mean": 3.29637005052e-05,
        "median": 2.14430656342e-05,
        "min": 7.89468042866e-21,
        "var": 2.31412955465e-09
    },
    "spectral_energyband_low": {
        "dmean": 4.85089003632e-05,
        "dmean2": 6.99170777807e-05,
        "dvar": 2.2337152572e-08,
        "dvar2": 4.82664361812e-08,
        "max": 0.00613516289741,
        "mean": 0.000332345400238,
        "median": 5.96725003561e-05,
        "min": 1.55577538451e-23,
        "var": 8.35455466586e-07
    },
    "spectral_energyband_middle_high": {
        "dmean": 0.0019356404664,
        "dmean2": 0.00301986560225,
        "dvar": 5.04362878928e-06,
        "dvar2": 1.19863834698e-05,
        "max": 0.0281827300787,
        "mean": 0.00521126762033,
        "median": 0.00482751335949,
        "min": 1.76761650852e-21,
        "var": 1.93664363906e-05
    },
    "spectral_energyband_middle_low": {
        "dmean": 0.00577656039968,
        "dmean2": 0.00930662732571,
        "dvar": 4.23024430347e-05,
        "dvar2": 0.000126889761304,
        "max": 0.111913695931,
        "mean": 0.0213471800089,
        "median": 0.0172249097377,
        "min": 3.46249529579e-22,
        "var": 0.000224767107284
    },
    "spectral_entropy": {
        "dmean": 0.17264303565,
        "dmean2": 0.284600377083,
        "dvar": 0.0368428565562,
        "dvar2": 0.0918100476265,
        "max": 9.80021095276,
        "mean": 5.98370599747,
        "median": 6.04340934753,
        "min": 2.81598854065,
        "var": 0.285624563694
    },
    "spectral_flux": {
        "dmean": 0.0186528265476,
        "dmean2": 0.03059996292,
        "dvar": 0.000310573435854,
        "dvar2": 0.000799412373453,
        "max": 0.214673921466,
        "mean": 0.05693667382,
        "median": 0.0559168346226,
        "min": 1.04531112932e-10,
        "var": 0.000766644487157
    },
    "spectral_kurtosis": {
        "dmean": 8.06309127808,
        "dmean2": 13.8696088791,
        "dvar": 137.658004761,
        "dvar2": 385.471466064,
        "max": 392.182006836,
        "mean": 24.3281784058,
        "median": 19.4741249084,
        "min": -1.20129621029,
        "var": 534.413330078
    },
    "spectral_rms": {
        "dmean": 0.000608997128438,
        "dmean2": 0.000974335765932,
        "dvar": 3.28422146367e-07,
        "dvar2": 9.51222034473e-07,
        "max": 0.0108349211514,
        "mean": 0.00481397751719,
        "median": 0.00480649061501,
        "min": 3.26500350194e-12,
        "var": 2.83931603917e-06
    },
    "spectral_rolloff": {
        "dmean": 190.753143311,
        "dmean2": 342.444213867,
        "dvar": 109652.195312,
        "dvar2": 223593.78125,
        "max": 20176.6113281,
        "mean": 900.171264648,
        "median": 882.861328125,
        "min": 193.798828125,
        "var": 1360852
    },
    "spectral_skewness": {
        "dmean": 0.55296254158,
        "dmean2": 0.94469088316,
        "dvar": 0.388002991676,
        "dvar2": 1.12117254734,
        "max": 17.243522644,
        "mean": 3.56268572807,
        "median": 3.45824813843,
        "min": -0.0195193458349,
        "var": 2.36268997192
    },
    "spectral_spread": {
        "dmean": 288220.28125,
        "dmean2": 485357.21875,
        "dvar": 179916521472,
        "dvar2": 299260805120,
        "max": 40929136,
        "mean": 2582622.25,
        "median": 2353916.5,
        "min": 337557.9375,
        "var": 1.67569915904e+12
    },
    "spectral_strongpeak": {
        "dmean": 0.425403356552,
        "dmean2": 0.727889657021,
        "dvar": 0.384611040354,
        "dvar2": 1.05652081966,
        "max": 7.78205251694,
        "mean": 1.23994469643,
        "median": 1.07769393921,
        "min": 0,
        "var": 0.55005645752
    },
    "zerocrossingrate": {
        "dmean": 0.00349735608324,
        "dmean2": 0.00460231630132,
        "dvar": 3.03892484226e-05,
        "dvar2": 3.48232752003e-05,
        "max": 0.52685546875,
        "mean": 0.0311689395458,
        "median": 0.02880859375,
        "min": 0.0078125,
        "var": 0.000948676664848
    },
    "barkbands": {
        "dmean": [1.07235359792e-06, 5.92085871176e-06, 1.19174310385e-05, 0.000177405338036, 0.00350305438042, 0.00242418795824, 0.000850094365887, 0.000538504624274, 0.000732123735361, 0.000749681494199, 0.000796113628894, 0.000214258019696, 0.000828807242215, 7.75978332967e-05, 0.000446574704256, 0.000131453460199, 1.16816145237e-05, 1.12590123535e-05, 6.48330751574e-06, 4.57477744931e-06, 4.00586986871e-06, 3.13350892611e-06, 2.3975435397e-06, 1.7687162881e-06, 7.89898194853e-07, 4.23936427296e-07, 2.25476028959e-07],
        "dmean2": [2.09235918192e-06, 9.21292394196e-06, 1.89978727576e-05, 0.000219808731345, 0.00585196958855, 0.00375752616674, 0.00113633659203, 0.000779658847023, 0.000916191318538, 0.00106359180063, 0.00121153390501, 0.000335626828019, 0.0013972427696, 0.000129260006361, 0.000768479600083, 0.000213299310417, 1.83562624443e-05, 1.75321110873e-05, 9.96544531517e-06, 7.04313924871e-06, 6.25862321613e-06, 4.82055065731e-06, 3.73510101781e-06, 2.7987730391e-06, 1.35728976147e-06, 7.05219008523e-07, 3.46607521351e-07],
        "dvar": [1.22523441046e-11, 1.88039972482e-10, 1.1323612048e-09, 3.91533006905e-07, 3.29194226651e-05, 1.36782409754e-05, 2.53988014265e-06, 9.05668684936e-07, 8.17745672066e-07, 2.49443019129e-06, 1.47933792505e-06, 2.27704447298e-07, 1.57993008543e-06, 8.05995057362e-08, 4.26625007321e-07, 1.42952586657e-07, 1.841044317e-09, 1.71427738671e-09, 5.66934943436e-10, 2.42615316726e-10, 2.16015483279e-10, 1.30151334155e-10, 6.81495693211e-11, 3.36427795344e-11, 1.24270290239e-11, 3.09993003489e-12, 5.35175636446e-13],
        "dvar2": [3.56930908441e-11, 4.99803198828e-10, 3.13092973769e-09, 5.80026551233e-07, 0.000101244731923, 3.96180475946e-05, 5.12674887432e-06, 2.54612746176e-06, 1.23645918393e-06, 5.02997181684e-06, 3.31744899995e-06, 5.43758233107e-07, 4.38095457866e-06, 2.28254975809e-07, 1.2014351114e-06, 3.82350378914e-07, 4.34092450874e-09, 3.68986796673e-09, 1.26967136804e-09, 5.66873104013e-10, 5.33219191023e-10, 3.24258730977e-10, 1.77598574735e-10, 9.06725736161e-11, 3.53449873536e-11, 8.6613893141e-12, 1.30679614265e-12],
        "max": [8.07621108834e-05, 0.000521541398484, 0.00122513622046, 0.0333588384092, 0.09560328722, 0.0786484479904, 0.0494991019368, 0.0165735930204, 0.0150220133364, 0.0241336431354, 0.016619823873, 0.00889457017183, 0.0132720861584, 0.00519424909726, 0.00756104104221, 0.00761761236936, 0.00169840140734, 0.00168310233857, 0.000900536484551, 0.00053891929565, 0.000481993774883, 0.000336184515618, 0.000264846399659, 0.000164095661603, 9.93245266727e-05, 5.88302864344e-05, 3.6313165765e-05],
        "mean": [5.88513671573e-07, 2.61361583398e-05, 5.04451490997e-05, 0.00136411422864, 0.00876076798886, 0.00664664898068, 0.00194028625265, 0.00113973626867, 0.00147094356362, 0.0014136582613, 0.00125265994575, 0.000321032421198, 0.00123778451234, 0.0001036985268, 0.000654531642795, 0.000193523330381, 1.97948374989e-05, 1.94562198885e-05, 1.11935942186e-05, 8.44285023049e-06, 7.52046662456e-06, 6.09316384725e-06, 5.00948408444e-06, 4.19066509494e-06, 2.73709383691e-06, 1.85432327271e-06, 1.20226673062e-06],
        "median": [9.43591338398e-09, 3.12597285301e-06, 1.37783745231e-05, 3.50705413439e-05, 0.00596557185054, 0.00356238521636, 0.000831339042634, 0.000521963695064, 0.000962187419645, 0.000179199210834, 0.0005015458446, 0.000123226403957, 0.000588016118854, 6.9448396971e-06, 0.000357605196768, 8.47436240292e-06, 3.63651452062e-06, 4.24471681981e-06, 3.08908010993e-06, 2.52750828622e-06, 2.31591729971e-06, 2.10226994568e-06, 2.06369168154e-06, 1.61078264682e-06, 6.17432817762e-07, 2.07881498682e-07, 2.78989560343e-08],
        "min": [8.37962684519e-24, 1.24668698119e-23, 6.5067091425e-25, 7.49609316502e-24, 6.94191033272e-23, 4.50462706283e-23, 2.44865817082e-23, 7.3977898944e-23, 1.14705689386e-22, 1.35574935214e-22, 4.42052660172e-23, 3.97859126095e-23, 1.01919225989e-22, 9.21143854458e-23, 6.63253801835e-23, 2.47338817134e-22, 2.67594190338e-22, 2.49981261353e-22, 3.42541504672e-22, 4.15924097622e-22, 5.6798000322e-22, 4.768052016e-22, 7.63115211578e-22, 6.85780084704e-22, 1.26761672634e-21, 1.56098685209e-21, 2.55190792748e-21],
        "var": [6.6482570317e-12, 2.83232703957e-09, 1.05672990358e-08, 2.37745425693e-05, 0.000111180735985, 7.45852157706e-05, 1.47730534081e-05, 2.65564244728e-06, 2.62659386863e-06, 6.87241163178e-06, 3.15708871312e-06, 3.73486074068e-07, 2.69161091637e-06, 1.13131264357e-07, 7.21188257558e-07, 2.62653998107e-07, 3.73648800789e-09, 3.90961352181e-09, 1.07389830362e-09, 4.37538894005e-10, 3.44267281349e-10, 2.03256744769e-10, 1.12420031617e-10, 7.85554052363e-11, 5.13115487599e-11, 2.14196004683e-11, 8.42465940759e-12]
    },
    "erbbands": {
        "dmean": [0.000104222133814, 0.00169195001945, 0.0135537665337, 0.260879814625, 3.00235009193, 14.8683509827, 17.9738826752, 25.5625553131, 11.9276399612, 11.7100601196, 7.24311637878, 18.3807220459, 8.92267513275, 45.5496749878, 22.350605011, 7.04421710968, 33.6643333435, 14.9009313583, 18.080947876, 11.4912261963, 6.05993700027, 0.841877996922, 0.620860815048, 0.394617825747, 0.266886889935, 0.200473472476, 0.175197169185, 0.142177432775, 0.111232608557, 0.0982976853848, 0.0664122998714, 0.0423895195127, 0.0256200954318, 0.0112066548318, 0.00542269367725, 0.0023494893685, 0.000762786832638, 0.000216302723857, 4.20058240707e-05, 8.76961166796e-06],
        "dmean2": [0.000180330811418, 0.00257925246842, 0.020215023309, 0.347460150719, 4.88633871078, 25.0387229919, 27.1584663391, 40.9837532043, 17.0090103149, 16.3164863586, 10.5563001633, 23.0674209595, 11.7551746368, 66.349822998, 33.8167724609, 11.1289129257, 57.4384269714, 24.7741508484, 31.6161594391, 19.1392250061, 9.84915447235, 1.33266532421, 0.961290955544, 0.594675779343, 0.403986304998, 0.305980414152, 0.272028535604, 0.218966662884, 0.171169430017, 0.150781467557, 0.103703655303, 0.0667994096875, 0.0417765118182, 0.0190271083266, 0.00921326037496, 0.00390669470653, 0.0012130032992, 0.000333876378136, 6.40045109321e-05, 1.4000437659e-05],
        "dvar": [6.11291426367e-08, 1.50069417941e-05, 0.00100463593844, 0.676166117191, 51.3209342957, 682.3515625, 824.358215332, 1887.74316406, 452.248626709, 253.602218628, 152.660293579, 568.226867676, 149.345901489, 4491.171875, 1387.35571289, 175.809661865, 2539.34423828, 476.119934082, 867.066467285, 419.397979736, 243.097869873, 6.15111780167, 4.99511146545, 2.60823917389, 0.820048391819, 0.448956668377, 0.469417005777, 0.252787321806, 0.204293295741, 0.10856243968, 0.0496498346329, 0.0188741441816, 0.0091607272625, 0.00242533138953, 0.000636148091871, 0.000100867677247, 1.0285024473e-05, 6.82089478232e-07, 2.18463576118e-08, 1.32316754775e-10],
        "dvar2": [1.724236256e-07, 4.00141943828e-05, 0.00254886085168, 1.10840153694, 151.689865112, 2058.43994141, 2127.76586914, 5962.53955078, 816.301513672, 597.604553223, 416.683074951, 859.296203613, 253.754562378, 9093.8203125, 3121.93823242, 418.537445068, 7163.05517578, 1303.29187012, 2543.20947266, 1127.48828125, 655.383361816, 14.6861524582, 11.008893013, 5.25792551041, 1.87460529804, 1.04162538052, 1.14672720432, 0.613291501999, 0.516559004784, 0.275886774063, 0.127138540149, 0.050157930702, 0.0255116708577, 0.00687417667359, 0.00182863953523, 0.000281531480141, 2.73513160209e-05, 1.68446979387e-06, 5.37733875206e-08, 3.38207517547e-10],
        "max": [0.00541752343997, 0.146116554737, 1.05345380306, 42.3005599976, 127.7108078, 560.39440918, 690.209350586, 572.958068848, 751.158325195, 264.929321289, 231.33140564, 433.58013916, 346.865600586, 968.994934082, 627.150146484, 212.569869995, 534.947692871, 308.022033691, 433.651123047, 302.03213501, 254.682632446, 101.401557922, 79.9480133057, 70.7272567749, 20.6427230835, 24.0345497131, 22.0080833435, 11.7689523697, 17.3712425232, 8.16090488434, 5.81942844391, 3.38648581505, 2.90725851059, 1.26984143257, 0.88008415699, 0.335418820381, 0.140458077192, 0.0405232943594, 0.00753293884918, 0.000535584054887],
        "mean": [0.000270650227321, 0.00902408640832, 0.0843716785312, 1.8974711895, 11.6042165756, 35.3227844238, 50.3672637939, 57.5355072021, 30.8043327332, 28.3694477081, 18.4942951202, 34.929107666, 21.1546363831, 83.1406936646, 37.2856674194, 11.1964187622, 48.3021278381, 24.0869102478, 24.8557548523, 19.9623985291, 9.1503162384, 1.53861689568, 1.14287638664, 0.74854105711, 0.488002538681, 0.392036527395, 0.332644820213, 0.274641215801, 0.217721998692, 0.190580621362, 0.140075579286, 0.0950405746698, 0.0617940947413, 0.0337051190436, 0.0181156210601, 0.00867010466754, 0.00321990763769, 0.000963002268691, 0.000207446733839, 4.42525124527e-05],
        "median": [8.62839369802e-05, 0.0025963478256, 0.028791140765, 0.149109423161, 1.26030087471, 16.6562347412, 30.6189842224, 31.162940979, 15.8824777603, 18.8113632202, 10.101190567, 22.0504150391, 14.7092056274, 38.8380355835, 19.0155792236, 5.89733552933, 24.872636795, 14.9421787262, 13.5872182846, 6.53480911255, 1.36541903019, 0.386970341206, 0.270384430885, 0.192015677691, 0.148846387863, 0.119633831084, 0.104068696499, 0.0894288420677, 0.0738383382559, 0.0712605267763, 0.0556352585554, 0.0366571806371, 0.0207773000002, 0.00798772461712, 0.00357541069388, 0.00126801163424, 0.000306829693727, 5.42612033314e-05, 2.67591058218e-05, 3.45598564309e-05],
        "min": [1.86139997849e-22, 3.12990381363e-21, 2.95086586109e-21, 1.03493655536e-20, 4.06691070668e-20, 3.31324919611e-19, 3.55420613307e-19, 4.80420709507e-19, 4.17408571984e-19, 9.33628624426e-19, 1.63505462281e-18, 3.08704983337e-18, 2.12458817433e-18, 4.6113176752e-18, 1.70278520535e-18, 1.9806266945e-18, 3.45173122477e-18, 5.13272104816e-18, 4.48932425128e-18, 6.79635703588e-18, 1.49620081783e-17, 1.53567156055e-17, 1.41149437982e-17, 1.3196960261e-17, 1.93453441233e-17, 2.14036077154e-17, 2.15448785835e-17, 2.05920492359e-17, 1.65760046438e-17, 2.01150174853e-17, 1.97979409586e-17, 1.4548120087e-17, 1.31010139274e-17, 1.17780121567e-17, 9.51806373336e-18, 6.06035199276e-18, 2.8369120705e-18, 1.3348033633e-18, 3.71964354805e-19, 3.51184860497e-20],
        "var": [1.85615320447e-07, 0.000230055025895, 0.0192912705243, 38.2519264221, 468.889099121, 2465.27270508, 4339.13378906, 4800.51806641, 3275.33935547, 944.079223633, 645.45703125, 1643.49523926, 541.816162109, 13029.546875, 2810.43969727, 302.2940979, 3986.3996582, 817.638000488, 1182.93493652, 923.114013672, 411.062225342, 13.0027065277, 11.4703264236, 6.07585000992, 1.52109885216, 0.884561657906, 0.75644338131, 0.423779785633, 0.297612220049, 0.167791500688, 0.0877477377653, 0.0429472476244, 0.0207197330892, 0.00849471706897, 0.00248685735278, 0.000570631294977, 7.55270957598e-05, 6.53875349599e-06, 2.74569600833e-07, 1.7352831394e-09]
    },
    "gfcc": {
        "mean": [-106.840415955, 138.705764771, -134.587509155, -38.3784065247, -80.5455703735, -16.8554992676, -54.5343322754, -34.2640380859, -21.6666183472, -14.0495042801, -12.0283765793, -8.07696628571, -1.10050749779],
        "cov": [[8007.96484375, 164.903152466, -762.325378418, -550.286132812, 245.375961304, 786.058044434, -96.6711807251, -248.15713501, -481.101501465, 553.985534668, -517.011779785, -315.783874512, -19.4838428497], [164.903152466, 1587.1673584, -492.721191406, 191.384170532, 220.251205444, -145.584457397, 361.03805542, -274.925720215, 175.398162842, -335.066162109, 199.811203003, -141.648025513, 5.82786178589], [-762.325378418, -492.721191406, 1739.13244629, 182.220932007, -226.189178467, 283.355865479, 16.8427600861, 70.8780899048, -199.051300049, 128.045684814, -222.479644775, 143.829864502, -142.073150635], [-550.286132812, 191.384170532, 182.220932007, 1183.3482666, 150.135421753, -209.900497437, 246.272277832, -82.2307128906, -39.8532028198, -101.778816223, -70.7901687622, -87.4094085693, -97.4386520386], [245.375961304, 220.251205444, -226.189178467, 150.135421753, 561.143554688, -68.3021621704, 46.9269523621, -8.07000350952, -24.9109420776, 31.9504776001, -62.9440040588, -51.2201004028, -61.8556785583], [786.058044434, -145.584457397, 283.355865479, -209.900497437, -68.3021621704, 533.015319824, -0.494698762894, -37.8255500793, -99.6718444824, 164.684402466, -105.218025208, -46.1206321716, -8.61963939667], [-96.6711807251, 361.03805542, 16.8427600861, 246.272277832, 46.9269523621, -0.494698762894, 403.739532471, -110.048225403, -51.7648963928, 5.09895992279, -25.0757408142, -43.6035881042, -36.1872024536], [-248.15713501, -274.925720215, 70.8780899048, -82.2307128906, -8.07000350952, -37.8255500793, -110.048225403, 313.691711426, -2.17242479324, 9.11359024048, 88.4730300903, 18.1857242584, 55.1775016785], [-481.101501465, 175.398162842, -199.051300049, -39.8532028198, -24.9109420776, -99.6718444824, -51.7648963928, -2.17242479324, 243.109985352, -123.182807922, 91.9842147827, 39.843788147, 10.3720617294], [553.985534668, -335.066162109, 128.045684814, -101.778816223, 31.9504776001, 164.684402466, 5.09895992279, 9.11359024048, -123.182807922, 316.718719482, -115.896728516, -14.6613016129, -8.50672912598], [-517.011779785, 199.811203003, -222.479644775, -70.7901687622, -62.9440040588, -105.218025208, -25.0757408142, 88.4730300903, 91.9842147827, -115.896728516, 322.811706543, -11.5283937454, 63.7781829834], [-315.783874512, -141.648025513, 143.829864502, -87.4094085693, -51.2201004028, -46.1206321716, -43.6035881042, 18.1857242584, 39.843788147, -14.6613016129, -11.5283937454, 191.770080566, -36.4562339783], [-19.4838428497, 5.82786178589, -142.073150635, -97.4386520386, -61.8556785583, -8.61963939667, -36.1872024536, 55.1775016785, 10.3720617294, -8.50672912598, 63.7781829834, -36.4562339783, 157.807403564]],
        "icov": [[0.00028272572672, -0.000344579195371, 0.000295018835459, -2.07754069947e-07, 0.000193444953766, -0.00031070568366, 0.000425966485636, -0.00020795709861, 0.00061867426848, -0.00039734118036, 0.000523830007296, 7.13570307198e-06, 0.00027021265123], [-0.000344579195371, 0.0023874763865, -0.000463042437332, 0.000336365599651, -0.00119171326514, 0.000294654455502, -0.00207062880509, 0.00174590758979, -0.00156816537492, 0.00219719321467, -0.00162872462533, 0.00106613966636, -0.00075013859896], [0.000295018835459, -0.000463042437332, 0.00132980174385, -0.000319491780829, 0.000739117676858, -0.00085082167061, 0.000540664012078, -0.000838882173412, 0.00130396988243, -0.000402771576773, 0.000998912844807, -0.000854456680827, 0.00100547925103], [-2.07754069947e-07, 0.000336365599651, -0.000319491780829, 0.00138285430148, -0.000356648728484, 0.000676272786222, -0.000863761408255, 0.000311702955514, -0.000117922878417, 0.000675883609802, 0.000109639753646, 0.00111868709791, 0.00040215763147], [0.000193444953766, -0.00119171326514, 0.000739117676858, -0.000356648728484, 0.00291865505278, 4.11773944506e-05, 0.000961517274845, -0.00137026701123, 0.00101979367901, -0.00135041365866, 0.00141078874003, -6.00619023317e-05, 0.001635108958], [-0.00031070568366, 0.000294654455502, -0.00085082167061, 0.000676272786222, 4.11773944506e-05, 0.00332340085879, -0.000491196580697, 0.000628375331871, -0.000565094873309, -0.000562449800782, -0.000203724543098, 0.00132759648841, -0.000136492031743], [0.000425966485636, -0.00207062880509, 0.000540664012078, -0.000863761408255, 0.000961517274845, -0.000491196580697, 0.00509120803326, -0.000428998202551, 0.002212096937, -0.00208401237614, 0.00110943196341, -0.000673615722917, 0.000888289767317], [-0.00020795709861, 0.00174590758979, -0.000838882173412, 0.000311702955514, -0.00137026701123, 0.000628375331871, -0.000428998202551, 0.00572622334585, -0.000726319791283, 0.00104399211705, -0.00259698671289, 0.000562549859751, -0.00197271397337], [0.00061867426848, -0.00156816537492, 0.00130396988243, -0.000117922878417, 0.00101979367901, -0.000565094873309, 0.002212096937, -0.000726319791283, 0.00791089236736, 0.000160933748703, 0.000733966066036, -0.00183463271242, 0.00113378220703], [-0.00039734118036, 0.00219719321467, -0.000402771576773, 0.000675883609802, -0.00135041365866, -0.000562449800782, -0.00208401237614, 0.00104399211705, 0.000160933748703, 0.00692348927259, -0.000400398508646, 0.000837197178043, -0.000760585709941], [0.000523830007296, -0.00162872462533, 0.000998912844807, 0.000109639753646, 0.00141078874003, -0.000203724543098, 0.00110943196341, -0.00259698671289, 0.000733966066036, -0.000400398508646, 0.00627317512408, 1.77696983883e-05, 0.000195105254534], [7.13570307198e-06, 0.00106613966636, -0.000854456680827, 0.00111868709791, -6.00619023317e-05, 0.00132759648841, -0.000673615722917, 0.000562549859751, -0.00183463271242, 0.000837197178043, 1.77696983883e-05, 0.00800976809114, 0.0015897161793], [0.00027021265123, -0.00075013859896, 0.00100547925103, 0.00040215763147, 0.001635108958, -0.000136492031743, 0.000888289767317, -0.00197271397337, 0.00113378220703, -0.000760585709941, 0.000195105254534, 0.0015897161793, 0.00925123970956]]
    },
    "melbands": {
        "dmean": [1.30260741571e-06, 4.21253844252e-06, 9.1075511591e-05, 0.000614066084381, 0.000683150021359, 0.000512187718414, 0.000193140935153, 0.000136261020089, 4.98182052979e-05, 0.000129867665237, 4.3462478061e-05, 0.000186284829397, 7.54715365474e-05, 3.91856738133e-05, 1.29260715767e-05, 0.000116616589366, 1.23647796499e-05, 2.14153660636e-05, 3.36246848747e-05, 9.34301988309e-06, 5.80761343372e-06, 7.01952103555e-07, 7.11205245807e-07, 5.08288735546e-07, 3.46346979541e-07, 2.37016209326e-07, 1.80170189878e-07, 1.44840100802e-07, 1.33090139798e-07, 1.01572091182e-07, 9.10982294045e-08, 7.28247400161e-08, 6.25022380518e-08, 5.80990757726e-08, 4.56628583834e-08, 3.28297673491e-08, 2.72778102328e-08, 2.33253576454e-08, 1.465626287e-08, 1.0109833859e-08],
        "dmean2": [2.12816644307e-06, 6.65960442348e-06, 0.00012194505689, 0.0010454490548, 0.00106681976467, 0.000814795377664, 0.000273316021776, 0.000194364998606, 7.25568024791e-05, 0.000162753261975, 5.82196771575e-05, 0.000270729738986, 0.000114211841719, 6.00367129664e-05, 2.14175815927e-05, 0.000197498156922, 1.97933950403e-05, 3.76402385882e-05, 5.71086784475e-05, 1.49836632772e-05, 9.47707667365e-06, 1.09306267859e-06, 1.11538543024e-06, 7.77588638812e-07, 5.29235421709e-07, 3.63103026757e-07, 2.75572659802e-07, 2.2112956799e-07, 2.04372639701e-07, 1.57071980311e-07, 1.41209511639e-07, 1.12499883187e-07, 9.62822213069e-08, 8.98562007023e-08, 7.11531527031e-08, 5.32959845145e-08, 4.39750884595e-08, 3.81922120596e-08, 2.51389948858e-08, 1.74492136296e-08],
        "dvar": [9.10085461853e-12, 1.24710727856e-10, 7.06171263687e-08, 1.47162552366e-06, 1.15286240998e-06, 7.22793515706e-07, 1.1660500121e-07, 3.66214010228e-08, 6.97278323969e-09, 2.74274611911e-08, 3.86936571672e-09, 8.03225006507e-08, 1.28062396243e-08, 5.51879297817e-09, 1.69521774396e-09, 3.04256708716e-08, 7.93103083208e-10, 1.80646109182e-09, 3.45834449966e-09, 9.80480141521e-10, 2.50392317991e-10, 7.64179084595e-12, 6.06272887796e-12, 4.08577468733e-12, 2.0979233975e-12, 6.78337702849e-13, 4.25184084989e-13, 2.70319736647e-13, 3.02303863366e-13, 1.19884435495e-13, 1.12324131116e-13, 1.11878280078e-13, 4.34514315533e-14, 3.85400363695e-14, 1.9947681812e-14, 1.48113231478e-14, 8.40607863536e-15, 7.39749024704e-15, 3.48541500532e-15, 2.01361288551e-15],
        "dvar2": [2.47073212584e-11, 3.46457085243e-10, 1.26668254552e-07, 4.64532740807e-06, 3.23771723743e-06, 2.24899304158e-06, 2.22853373089e-07, 9.48072838014e-08, 1.85793620489e-08, 4.13795291365e-08, 6.84404843909e-09, 1.61939567533e-07, 2.86316446108e-08, 1.25886083779e-08, 4.3373331593e-09, 8.47927452696e-08, 2.21427631786e-09, 5.31577004637e-09, 9.50317868842e-09, 2.63837285353e-09, 6.89824419808e-10, 1.82360463535e-11, 1.43502501548e-11, 8.54866958472e-12, 4.47948492535e-12, 1.57507383872e-12, 1.00582021011e-12, 6.30034652921e-13, 7.33630116292e-13, 2.93268664561e-13, 2.78791177427e-13, 2.84382679081e-13, 1.08832437691e-13, 9.97772421326e-14, 5.00867454608e-14, 4.00323932261e-14, 2.28946026091e-14, 2.06911886984e-14, 1.03916517657e-14, 5.77825759584e-15],
        "max": [8.9498134912e-05, 0.000385267863749, 0.0121729578823, 0.0257253237069, 0.0207406114787, 0.012942017056, 0.0115040130913, 0.00330500840209, 0.00156895373948, 0.00294528761879, 0.00173464266118, 0.00407332414761, 0.00166651222389, 0.00125961715821, 0.000968982523773, 0.00183088530321, 0.000522090354934, 0.00062992318999, 0.000851455668453, 0.000678367272485, 0.000285374990199, 0.000124145357404, 0.000100935394585, 8.51883014548e-05, 6.49306239211e-05, 2.15543641389e-05, 2.01825587283e-05, 2.31813537539e-05, 1.895506648e-05, 8.23104528536e-06, 1.06118268377e-05, 1.44278483276e-05, 6.35080550637e-06, 5.90227818975e-06, 4.29240844824e-06, 3.60076251127e-06, 2.44539933192e-06, 2.78655602415e-06, 1.86032434613e-06, 1.45408205299e-06],
        "mean": [4.51044661531e-06, 2.20474976231e-05, 0.000571208773181, 0.00168673973531, 0.00181178865023, 0.00121948635206, 0.000477788911667, 0.000317912606988, 0.000121982870041, 0.000243861621129, 9.60067045526e-05, 0.000336463941494, 0.000128935047542, 5.69501862628e-05, 1.70595758391e-05, 0.000169013292179, 2.1750038286e-05, 2.74078593065e-05, 5.23216986039e-05, 1.47316450239e-05, 8.35622722661e-06, 1.15172019832e-06, 1.19901653761e-06, 8.58438795603e-07, 5.8515541923e-07, 3.7957204313e-07, 2.99422339367e-07, 2.50328980655e-07, 2.19446931737e-07, 1.75133351377e-07, 1.57622309871e-07, 1.24224669662e-07, 1.1083255913e-07, 1.0254926508e-07, 8.60924487256e-08, 6.22591898036e-08, 5.47444223287e-08, 4.67591689812e-08, 3.33951390985e-08, 2.65993200799e-08],
        "median": [5.0984220934e-07, 7.96989661467e-06, 2.87136172119e-05, 0.00063092977507, 0.00123393652029, 0.000665956584271, 0.00024345939164, 0.000204818337807, 6.76439231029e-05, 0.000153315093485, 6.20809878455e-05, 0.000144697347423, 6.58551216475e-05, 1.68618025782e-05, 4.06536491937e-06, 8.24838862172e-05, 1.18966790978e-05, 4.63615197077e-06, 1.91422586795e-05, 2.10878852158e-06, 4.6331567205e-07, 2.0681305557e-07, 2.3717041131e-07, 1.84764417099e-07, 1.36059639999e-07, 1.04835990555e-07, 8.49773655887e-08, 6.95038551157e-08, 5.80190118171e-08, 4.97424963442e-08, 4.58478197629e-08, 3.45319932649e-08, 3.89712546678e-08, 3.43252679613e-08, 3.08429051188e-08, 2.00819005869e-08, 1.95642719802e-08, 1.44981937567e-08, 8.56136228577e-09, 4.46926229358e-09],
        "min": [2.67044838648e-24, 2.86771508596e-24, 2.58296943133e-24, 1.17743950875e-23, 1.51961447394e-23, 1.02754071174e-23, 5.15823169162e-24, 1.2113632098e-23, 1.60756110527e-23, 1.73538307764e-23, 1.03302266395e-23, 1.9890867401e-23, 5.83514376806e-24, 4.51752951402e-24, 5.58195728281e-24, 1.00572358012e-23, 9.26585448536e-24, 8.08461416589e-24, 4.3585089606e-24, 1.42145698482e-23, 1.84928765038e-23, 1.53718666614e-23, 1.61018233229e-23, 9.59771959072e-24, 1.02106029829e-23, 1.38174383358e-23, 1.26780273658e-23, 1.4902431314e-23, 1.23379391744e-23, 1.55238959351e-23, 9.74411955296e-24, 8.83319425557e-24, 1.05235535704e-23, 1.18527668407e-23, 1.17381327294e-23, 1.1325711515e-23, 7.88928037284e-24, 9.327152922e-24, 9.19898826846e-24, 1.02901304174e-23],
        "var": [8.4085287344e-11, 1.29151345174e-09, 3.10178643304e-06, 6.5919057306e-06, 4.2208839659e-06, 2.18712375499e-06, 7.75898911343e-07, 1.22021290849e-07, 2.82450631772e-08, 8.01245434445e-08, 1.2747602085e-08, 2.32900774222e-07, 2.88413346539e-08, 9.80005943063e-09, 2.55481147349e-09, 5.03891754988e-08, 1.2189256271e-09, 2.44651632286e-09, 6.88979540087e-09, 1.80538739514e-09, 3.66040697752e-10, 1.45237068899e-11, 1.24669901139e-11, 9.14281150788e-12, 4.3134718887e-12, 1.15812752183e-12, 6.91180348632e-13, 4.61015665747e-13, 4.33701035155e-13, 2.07462966619e-13, 1.6401749479e-13, 1.39833497971e-13, 6.86058130336e-14, 5.53760426999e-14, 3.55370030278e-14, 2.43067471397e-14, 1.75913598196e-14, 1.35463937905e-14, 8.19449742843e-15, 6.57839032881e-15]
    },
    "mfcc": {
        "mean": [-758.474182129, 177.281448364, -13.6205368042, -29.0116481781, -28.3209590912, -14.9887132645, -31.964427948, -27.7672080994, -25.3373355865, -13.600440979, -20.9494113922, -21.1909236908, -14.743803978],
        "cov": [[4943.88720703, 1077.94116211, -536.824279785, -459.306427002, -24.0473709106, 764.830200195, 344.991973877, -208.953704834, 169.95149231, 327.175140381, -116.841850281, -193.857681274, -48.2090873718], [1077.94116211, 1262.92663574, -203.173278809, -55.0382575989, 83.5584106445, 245.504318237, 271.043182373, 119.356948853, 40.0343093872, 91.3696670532, 130.398193359, -20.2790660858, -29.9911231995], [-536.824279785, -203.173278809, 1569.81933594, 249.286361694, -90.0712356567, 426.454223633, 272.714202881, 131.176300049, 124.213920593, 1.95766687393, 192.909317017, 40.9846382141, -8.94626235962], [-459.306427002, -55.0382575989, 249.286361694, 1176.08508301, 157.556533813, 146.786651611, 242.622467041, 193.304046631, 52.5770606995, -45.1515884399, 187.908828735, 38.8726501465, -79.1119232178], [-24.0473709106, 83.5584106445, -90.0712356567, 157.556533813, 503.000549316, -20.6232223511, 28.8920211792, 79.0973968506, 19.7122421265, 29.1133937836, 45.9739875793, 28.1217060089, -16.0991649628], [764.830200195, 245.504318237, 426.454223633, 146.786651611, -20.6232223511, 702.119934082, 250.884414673, -2.30194091797, 112.145271301, 73.3229293823, 144.775222778, -84.7184295654, -15.7297334671], [344.991973877, 271.043182373, 272.714202881, 242.622467041, 28.8920211792, 250.884414673, 472.940765381, 70.5501327515, 83.5242767334, 85.9929580688, 137.602233887, 72.7269058228, -33.2047424316], [-208.953704834, 119.356948853, 131.176300049, 193.304046631, 79.0973968506, -2.30194091797, 70.5501327515, 283.284515381, 3.39435505867, 8.63502407074, 96.841003418, 41.2962341309, 30.6339035034], [169.95149231, 40.0343093872, 124.213920593, 52.5770606995, 19.7122421265, 112.145271301, 83.5242767334, 3.39435505867, 209.307662964, 45.0028686523, 17.9766178131, -9.2697057724, 8.37933158875], [327.175140381, 91.3696670532, 1.95766687393, -45.1515884399, 29.1133937836, 73.3229293823, 85.9929580688, 8.63502407074, 45.0028686523, 236.842483521, 11.9179697037, 11.7902040482, 19.0815353394], [-116.841850281, 130.398193359, 192.909317017, 187.908828735, 45.9739875793, 144.775222778, 137.602233887, 96.841003418, 17.9766178131, 11.9179697037, 292.855041504, 31.3453292847, 2.91406917572], [-193.857681274, -20.2790660858, 40.9846382141, 38.8726501465, 28.1217060089, -84.7184295654, 72.7269058228, 41.2962341309, -9.2697057724, 11.7902040482, 31.3453292847, 228.028686523, 23.2048854828], [-48.2090873718, -29.9911231995, -8.94626235962, -79.1119232178, -16.0991649628, -15.7297334671, -33.2047424316, 30.6339035034, 8.37933158875, 19.0815353394, 2.91406917572, 23.2048854828, 192.213775635]],
