{
"lowlevel": {
    "average_loudness": 0.598028421402,
    "barkbands_crest": {
        "dmean": 1.72374129295,
        "dmean2": 2.7171587944,
        "dvar": 3.49828648567,
        "dvar2": 9.4586315155,
        "max": 26.9230747223,
        "mean": 11.7210445404,
        "median": 11.2482118607,
        "min": 3.02803564072,
        "var": 15.179265976
    },
    "barkbands_flatness_db": {
        "dmean": 0.021966425702,
        "dmean2": 0.0314058810472,
        "dvar": 0.000642668397631,
        "dvar2": 0.00125032942742,
        "max": 0.937361717224,
        "mean": 0.252141326666,
        "median": 0.246408745646,
        "min": 0.0410836786032,
        "var": 0.00584491807967
    },
    "barkbands_kurtosis": {
        "dmean": 11.588599205,
        "dmean2": 14.5661344528,
        "dvar": 114983.609375,
        "dvar2": 174446.328125,
        "max": 37662.9335938,
        "mean": 19.3740501404,
        "median": 6.11295890808,
        "min": -1.89247882366,
        "var": 232858.765625
    },
    "barkbands_skewness": {
        "dmean": 0.523760437965,
        "dmean2": 0.790225923061,
        "dvar": 1.40432202816,
        "dvar2": 2.03513860703,
        "max": 123.315719604,
        "mean": 2.21584057808,
        "median": 2.01554179192,
        "min": -2.97360157967,
        "var": 5.7493429184
    },
    "barkbands_spread": {
        "dmean": 3.10810804367,
        "dmean2": 4.72813844681,
        "dvar": 34.3082389832,
        "dvar2": 66.984046936,
        "max": 108.359580994,
        "mean": 11.1069545746,
        "median": 7.97396612167,
        "min": 0.00326903956011,
        "var": 121.196899414
    },
    "dissonance": {
        "dmean": 0.0257911290973,
        "dmean2": 0.0424251928926,
        "dvar": 0.000609030714259,
        "dvar2": 0.00159804767463,
        "max": 0.500000059605,
        "mean": 0.418300569057,
        "median": 0.430020451546,
        "min": 0.131614774466,
        "var": 0.00286994711496
    },
    "dynamic_complexity": 4.05734205246,
    "erbbands_crest": {
        "dmean": 2.19400620461,
        "dmean2": 3.42896413803,
        "dvar": 5.64093494415,
        "dvar2": 14.6479988098,
        "max": 35.3866195679,
        "mean": 11.5260076523,
        "median": 10.318903923,
        "min": 2.31998419762,
        "var": 27.3583106995
    },
    "erbbands_flatness_db": {
        "dmean": 0.0167001411319,
        "dmean2": 0.0238853432238,
        "dvar": 0.000372336973669,
        "dvar2": 0.000738196307793,
        "max": 0.49916779995,
        "mean": 0.241805121303,
        "median": 0.237708181143,
        "min": 0.0320889391005,
        "var": 0.00469432026148
    },
    "erbbands_kurtosis": {
        "dmean": 1.36271810532,
        "dmean2": 2.05395054817,
        "dvar": 15.0676326752,
        "dvar2": 27.8510627747,
        "max": 266.752166748,
        "mean": 1.875451684,
        "median": -0.13907957077,
        "min": -1.90061724186,
        "var": 126.540527344
    },
    "erbbands_skewness": {
        "dmean": 0.372881621122,
        "dmean2": 0.55947637558,
        "dvar": 0.206768110394,
        "dvar2": 0.444637686014,
        "max": 10.9654712677,
        "mean": 0.622816085815,
        "median": 0.581700026989,
        "min": -3.86755394936,
        "var": 1.23254823685
    },
    "erbbands_spread": {
        "dmean": 6.05827665329,
        "dmean2": 9.17561149597,
        "dvar": 75.7134017944,
        "dvar2": 167.130523682,
        "max": 156.996887207,
        "mean": 31.1216087341,
        "median": 28.4225521088,
        "min": 0.433302909136,
        "var": 301.390991211
    },
    "hfc": {
        "dmean": 3.56133580208,
        "dmean2": 5.31503868103,
        "dvar": 79.2820587158,
        "dvar2": 166.265411377,
        "max": 369.468078613,
        "mean": 11.7849550247,
        "median": 7.96435976028,
        "min": 1.15154261528e-16,
        "var": 262.544128418
    },
    "melbands_crest": {
        "dmean": 2.27429175377,
        "dmean2": 3.62263727188,
        "dvar": 6.30271244049,
        "dvar2": 16.9822349548,
        "max": 39.9982719421,
        "mean": 16.7143783569,
        "median": 16.2884101868,
        "min": 2.09277749062,
        "var": 24.5983581543
    },
    "melbands_flatness_db": {
        "dmean": 0.0265348609537,
        "dmean2": 0.0372783653438,
        "dvar": 0.000943651248235,
        "dvar2": 0.00180610828102,
        "max": 0.95363086462,
        "mean": 0.360660016537,
        "median": 0.352518498898,
        "min": 0.00462417956442,
        "var": 0.00891167204827
    },
    "melbands_kurtosis": {
        "dmean": 239.572631836,
        "dmean2": 462.220855713,
        "dvar": 261292224,
        "dvar2": 771464512,
        "max": 1196998.25,
        "mean": 146.279678345,
        "median": 13.5864963531,
        "min": -1.77154016495,
        "var": 138783600
    },
    "melbands_skewness": {
        "dmean": 0.794757783413,
        "dmean2": 1.25520074368,
        "dvar": 109.255737305,
        "dvar2": 307.245819092,
        "max": 849.908081055,
        "mean": 3.35910272598,
        "median": 2.98383712769,
        "min": -4.12417030334,
        "var": 76.5987091064
    },
    "melbands_spread": {
        "dmean": 3.20029997826,
        "dmean2": 4.91458892822,
        "dvar": 38.7850952148,
        "dvar2": 77.519859314,
        "max": 166.15435791,
        "mean": 10.9950675964,
        "median": 7.18138504028,
        "min": 0.000370104564354,
        "var": 144.223907471
    },
    "pitch_salience": {
        "dmean": 0.0511919781566,
        "dmean2": 0.0810094922781,
        "dvar": 0.00289261527359,
        "dvar2": 0.00748839695007,
        "max": 0.807363569736,
        "mean": 0.492868542671,
        "median": 0.496798574924,
        "min": 0.00173413648736,
        "var": 0.0139873092994
    },
    "silence_rate_20dB": {
        "dmean": 0,
        "dmean2": 0,
        "dvar": 0,
        "dvar2": 0,
        "max": 1,
        "mean": 1,
        "median": 1,
        "min": 1,
        "var": 0
    },
    "silence_rate_30dB": {
        "dmean": 0.0110102379695,
        "dmean2": 0.022022601217,
        "dvar": 0.0108897164464,
        "dvar2": 0.0263695511967,
        "max": 1,
        "mean": 0.984548509121,
        "median": 1,
        "min": 0,
        "var": 0.0152162276208
    },
    "silence_rate_60dB": {
        "dmean": 0.00676067220047,
        "dmean2": 0.0135226501152,
        "dvar": 0.00671502994373,
        "dvar2": 0.014305928722,
        "max": 1,
        "mean": 0.0729116350412,
        "median": 0,
        "min": 0,
        "var": 0.0675936192274
    },
    "spectral_centroid": {
        "dmean": 137.083282471,
        "dmean2": 204.202941895,
        "dvar": 66100.6640625,
        "dvar2": 120196.75,
        "max": 11338.8496094,
        "mean": 651.517456055,
        "median": 506.989532471,
        "min": 141.312850952,
        "var": 244665.890625
    },
    "spectral_complexity": {
        "dmean": 1.89221560955,
        "dmean2": 2.90563130379,
        "dvar": 6.40645122528,
        "dvar2": 12.5593957901,
        "max": 46,
        "mean": 10.8141956329,
        "median": 10,
        "min": 0,
        "var": 31.9022960663
    },
    "spectral_decrease": {
        "dmean": 1.92866767001e-09,
        "dmean2": 3.02217584291e-09,
        "dvar": 1.09170354259e-17,
        "dvar2": 2.89758390727e-17,
        "max": 2.11926077312e-30,
        "mean": -7.66267849173e-09,
        "median": -6.00160809938e-09,
        "min": -6.61711467842e-08,
        "var": 4.50861774276e-17
    },
    "spectral_energy": {
        "dmean": 0.00750931585208,
        "dmean2": 0.0117667177692,
        "dvar": 0.000161693853443,
        "dvar2": 0.000429163716035,
        "max": 0.253622442484,
        "mean": 0.029989618808,
        "median": 0.0236557815224,
        "min": 1.04368261709e-20,
        "var": 0.000680621422362
    },
    "spectral_energyband_high": {
        "dmean": 0.00016096890613,
        "dmean2": 0.000225651587243,
        "dvar": 1.02545300251e-06,
        "dvar2": 1.91196545529e-06,
        "max": 0.0401319116354,
        "mean": 0.000252512632869,
        "median": 9.57437350735e-06,
        "min": 7.66014887561e-21,
        "var": 2.63933634415e-06
    },
    "spectral_energyband_low": {
        "dmean": 0.00505636958405,
        "dmean2": 0.00802577938884,
        "dvar": 0.000101238991192,
        "dvar2": 0.000282284891,
        "max": 0.205910623074,
        "mean": 0.014919957146,
        "median": 0.00904691126198,
        "min": 6.72699243661e-23,
        "var": 0.00030799335218
    },
    "spectral_energyband_middle_high": {
        "dmean": 0.000819894194137,
        "dmean2": 0.00125078088604,
        "dvar": 3.52637448486e-06,
        "dvar2": 7.56639747124e-06,
        "max": 0.0582805611193,
        "mean": 0.00235650362447,
        "median": 0.00107811123598,
        "min": 1.49410629053e-21,
        "var": 1.51485028255e-05
    },
    "spectral_energyband_middle_low": {
        "dmean": 0.00474595557898,
        "dmean2": 0.00738663133234,
        "dvar": 7.4262781709e-05,
        "dvar2": 0.000195282569621,
        "max": 0.182396367192,
        "mean": 0.0161185991019,
        "median": 0.0110071422532,
        "min": 2.19219270633e-22,
        "var": 0.000280665553873
    },
    "spectral_entropy": {
        "dmean": 0.21913997829,
        "dmean2": 0.314621657133,
        "dvar": 0.0696880668402,
        "dvar2": 0.136949047446,
        "max": 9.7825717926,
        "mean": 6.26470947266,
        "median": 6.24769878387,
        "min": 3.68223929405,
        "var": 0.493290394545
    },
    "spectral_flux": {
        "dmean": 0.0193411111832,
        "dmean2": 0.0311650447547,
        "dvar": 0.000610902498011,
        "dvar2": 0.00155268271919,
        "max": 0.328650355339,
        "mean": 0.0496797300875,
        "median": 0.0368194580078,
        "min": 1.02160786775e-10,
        "var": 0.00166433339473
    },
    "spectral_kurtosis": {
        "dmean": 9.35932540894,
        "dmean2": 15.6310138702,
        "dvar": 141.465606689,
        "dvar2": 366.158477783,
        "max": 220.719116211,
        "mean": 23.7548465729,
        "median": 15.4180488586,
        "min": -1.25156378746,
        "var": 598.688354492
    },
    "spectral_rms": {
        "dmean": 0.000593613542151,
        "dmean2": 0.000910478178412,
        "dvar": 6.57749239963e-07,
        "dvar2": 1.65350161296e-06,
        "max": 0.0157301146537,
        "mean": 0.00489590736106,
        "median": 0.00480404123664,
        "min": 3.19096680503e-12,
        "var": 5.28825739821e-06
    },
    "spectral_rolloff": {
        "dmean": 210.462509155,
        "dmean2": 363.780181885,
        "dvar": 419987.46875,
        "dvar2": 944029.375,
        "max": 19186.0839844,
        "mean": 716.926147461,
        "median": 409.130859375,
        "min": 21.533203125,
        "var": 944214.125
    },
    "spectral_skewness": {
        "dmean": 0.688447415829,
        "dmean2": 1.1236038208,
        "dvar": 0.536908745766,
        "dvar2": 1.37829053402,
        "max": 11.8432264328,
        "mean": 3.12835526466,
        "median": 2.72679805756,
        "min": -0.00569258444011,
        "var": 2.5085208416
    },
    "spectral_spread": {
        "dmean": 458459.3125,
        "dmean2": 683047.5,
        "dvar": 578135851008,
        "dvar2": 1.02008540365e+12,
        "max": 42807324,
        "mean": 2613757.75,
        "median": 2097554,
        "min": 393840.90625,
        "var": 3.17458533581e+12
    },
    "spectral_strongpeak": {
        "dmean": 0.297534435987,
        "dmean2": 0.514037787914,
        "dvar": 0.629631280899,
        "dvar2": 1.72825396061,
        "max": 16.2697658539,
        "mean": 0.797919929028,
        "median": 0.587031066418,
        "min": 0,
        "var": 0.951244771481
    },
    "zerocrossingrate": {
        "dmean": 0.00552020967007,
        "dmean2": 0.00639307452366,
        "dvar": 8.94609038369e-05,
        "dvar2": 8.95718621905e-05,
        "max": 0.498046875,
        "mean": 0.0290014073253,
        "median": 0.0234375,
        "min": 0,
        "var": 0.000626930675935
    },
    "barkbands": {
        "dmean": [0.000107681771624, 0.000447608297691, 0.00306945643388, 0.0028613221366, 0.00168029102497, 0.000946727814153, 0.000340537313605, 0.000453696789918, 0.000198093097424, 0.000156719586812, 7.17940056347e-05, 5.2399616834e-05, 6.59460347379e-05, 0.000234486084082, 0.000102101002994, 0.000153243949171, 0.000178737594979, 6.97975920048e-05, 5.55971746508e-05, 2.98464074149e-05, 6.12575313426e-05, 2.89493691525e-05, 1.23802728922e-05, 1.88275662367e-05, 3.97344047087e-05, 9.45660485741e-06, 7.45917475342e-07],
        "dmean2": [0.000148770224769, 0.000731626467314, 0.004792900756, 0.00459345243871, 0.00263737537898, 0.00144290004391, 0.000499173009302, 0.000597804260906, 0.000282250432065, 0.000229455603403, 0.000107795363874, 7.63656498748e-05, 8.92755560926e-05, 0.000388241023757, 0.000155287823873, 0.00022662479023, 0.000285618123598, 0.000112956993689, 8.57182239997e-05, 4.56693669548e-05, 8.90654846444e-05, 4.17953633587e-05, 1.66564623214e-05, 2.76828741335e-05, 6.06212051935e-05, 1.46163738464e-05, 1.1034653653e-06],
        "dvar": [4.0865639761e-08, 1.12279860787e-06, 4.17495175498e-05, 4.66933124699e-05, 1.23949657791e-05, 6.57412920191e-06, 8.45980878239e-07, 1.65149492659e-06, 4.72061401524e-07, 6.28888585652e-07, 5.64981732509e-08, 3.13396846252e-08, 3.62797933917e-08, 4.78653248592e-07, 2.01544409606e-07, 3.93530797282e-07, 3.64704476397e-07, 6.55355165691e-08, 2.52611300766e-07, 3.94919119628e-08, 1.90594093397e-07, 4.95080314522e-08, 6.19427886761e-09, 4.02426856283e-08, 1.21278418419e-07, 3.52410300941e-09, 2.08006788877e-11],
        "dvar2": [1.28458751192e-07, 3.16420278068e-06, 0.000113177135063, 0.000132371351356, 3.22779997077e-05, 1.77614492713e-05, 1.78159302777e-06, 3.31649607688e-06, 9.62409217209e-07, 1.20975130358e-06, 1.42615320442e-07, 6.90405528303e-08, 6.93747281844e-08, 1.29040961383e-06, 4.51905236787e-07, 6.6501809215e-07, 8.48458171276e-07, 1.64589351925e-07, 6.59016677673e-07, 8.89202880217e-08, 3.98602821861e-07, 1.04089181718e-07, 1.01968842259e-08, 9.15336570984e-08, 2.92855929729e-07, 8.14086842382e-09, 4.31561175684e-11],
        "max": [0.00589546188712, 0.018069177866, 0.106326669455, 0.172066003084, 0.0849357917905, 0.0864575281739, 0.0231604129076, 0.0628042891622, 0.028547257185, 0.0528524890542, 0.00978668034077, 0.00595822837204, 0.00990405585617, 0.0149942561984, 0.0226968657225, 0.0392978005111, 0.0173518098891, 0.00585756730288, 0.0381119661033, 0.00709914136678, 0.0153872556984, 0.0100840544328, 0.00432442035526, 0.0145128350705, 0.0161183830351, 0.00179915095214, 0.00018882304721],
        "mean": [0.000607891124673, 0.00119545590132, 0.00957863032818, 0.00580711755902, 0.00475912401453, 0.00277023552917, 0.000795509433374, 0.0012995043071, 0.000439219933469, 0.00040680647362, 0.000151315354742, 0.000106500563561, 0.00017307055532, 0.000435386813479, 0.000211417514947, 0.000448837206932, 0.000357620534487, 8.36641484057e-05, 9.0441229986e-05, 3.54035801138e-05, 8.42989611556e-05, 4.34062203567e-05, 1.94872845896e-05, 2.67122832156e-05, 4.99003399455e-05, 1.17249965115e-05, 1.01498267213e-06],
        "median": [0.000464336160803, 0.000584895547945, 0.00509141664952, 0.0021012108773, 0.00275827641599, 0.000781207112595, 0.000289227755275, 0.000409911532188, 9.27045184653e-05, 0.000108915097371, 4.26233491453e-05, 2.08443016163e-05, 2.91865744657e-05, 6.82435638737e-05, 3.74500014004e-05, 5.99658742431e-05, 7.23625271348e-05, 1.27653465825e-05, 1.46528027472e-05, 1.99827309189e-06, 1.20170045648e-06, 6.2612258489e-07, 8.7349212663e-07, 7.03924456502e-07, 2.31568876075e-07, 8.81721859969e-08, 3.16563735225e-08],
        "min": [2.30323166295e-23, 3.6274291979e-23, 1.08812838471e-23, 1.61557956083e-23, 6.30862100216e-23, 5.30828163438e-23, 2.919323668e-23, 3.6922934436e-23, 1.31466328316e-23, 6.87075255471e-23, 7.52464566994e-23, 6.9146157454e-23, 8.44233134751e-23, 6.67689724477e-23, 1.35998092825e-22, 1.31595706238e-22, 1.44622513465e-22, 4.04661334841e-22, 1.85344611487e-22, 2.83985230579e-22, 4.81366256514e-22, 6.34701631392e-22, 7.63213106061e-22, 7.73799089294e-22, 1.22866895951e-21, 1.46670209572e-21, 2.34099767197e-21],
        "var": [2.88925775749e-07, 2.64050936494e-06, 0.000140460848343, 0.000107721498352, 3.85448474844e-05, 2.75539405266e-05, 2.12175950765e-06, 6.13640122538e-06, 1.34651554617e-06, 1.96847031475e-06, 1.07265215377e-07, 8.90640023954e-08, 1.46832093151e-07, 9.82598407973e-07, 6.25539541943e-07, 3.35557501785e-06, 8.79645483565e-07, 6.7471646048e-08, 2.06706658901e-07, 5.07999011745e-08, 3.73930220121e-07, 1.06856418824e-07, 1.813549666e-08, 6.43572164449e-08, 1.76960782028e-07, 5.39749445139e-09, 4.22301985048e-11]
    },
    "erbbands": {
        "dmean": [0.00377425784245, 0.163629174232, 2.46417808533, 8.08769607544, 5.66022109985, 6.27187728882, 7.56724977493, 7.93620586395, 4.43985652924, 8.02401351929, 7.75310516357, 5.21797418594, 4.95578145981, 3.29778718948, 2.92768478394, 2.52311706543, 3.17262244225, 11.8118543625, 6.58426380157, 4.58002138138, 10.2188901901, 8.53969669342, 4.83659219742, 2.73324918747, 2.52684116364, 1.36823487282, 2.34296393394, 2.11413407326, 1.16025018692, 0.641265630722, 0.284396320581, 0.204277306795, 0.441401302814, 0.500007271767, 0.257822006941, 0.0682446807623, 0.0131600527093, 0.00155133299995, 0.000134844798595, 1.28466845126e-05],
        "dmean2": [0.00631723366678, 0.26442310214, 3.8521733284, 12.9825124741, 8.89482021332, 9.97747135162, 11.4782590866, 12.1967744827, 6.45038127899, 10.986073494, 10.3876514435, 7.27404212952, 7.11835050583, 5.09434223175, 4.33119153976, 3.57882261276, 4.33674860001, 19.4234867096, 10.1787567139, 7.23166751862, 15.0387086868, 13.4141931534, 7.79536819458, 4.09285783768, 4.0183801651, 2.08950996399, 3.49221158028, 3.06602787971, 1.69806718826, 0.918262839317, 0.382099866867, 0.285809725523, 0.641977190971, 0.784458756447, 0.392492294312, 0.105971261859, 0.0198821872473, 0.00231251586229, 0.000197311368538, 1.96028086066e-05],
        "dvar": [0.000114404872875, 0.141820117831, 26.4748649597, 327.946105957, 156.400878906, 205.488876343, 305.62008667, 553.559326172, 144.200469971, 331.823303223, 948.359680176, 330.275665283, 962.594909668, 205.058486938, 93.2444000244, 70.6797027588, 77.0932388306, 1169.80639648, 567.82989502, 319.271942139, 1780.86035156, 1011.32836914, 247.748001099, 99.914024353, 955.423339844, 77.9585800171, 292.877746582, 271.138702393, 90.7825012207, 19.0703048706, 3.79155802727, 2.27089834213, 21.0322990417, 25.6218910217, 4.17133808136, 0.204048037529, 0.00648086844012, 8.1650352513e-05, 6.56590941617e-07, 1.18357745826e-09],
        "dvar2": [0.000292568089208, 0.391355335712, 71.5134963989, 932.726074219, 388.639587402, 558.098449707, 786.532836914, 1487.19116211, 314.966278076, 645.224853516, 1981.2800293, 665.238342285, 1772.48339844, 524.449768066, 238.039703369, 152.572555542, 147.367645264, 3109.45019531, 1188.74414062, 754.681030273, 3060.17724609, 2329.30957031, 621.013061523, 213.359176636, 2600.71386719, 179.039749146, 639.851318359, 590.682006836, 197.152954102, 37.154335022, 6.30414009094, 4.03429460526, 45.7759208679, 65.1583786011, 9.97640037537, 0.480870336294, 0.0144968824461, 0.000172722691786, 1.36988478516e-06, 2.53826182295e-09],
        "max": [0.654475808144, 6.50947189331, 76.0005111694, 442.310211182, 325.447265625, 311.747039795, 500.238464355, 900.608642578, 334.009002686, 500.754882812, 1695.34155273, 832.188354492, 2271.58544922, 760.749816895, 393.678405762, 292.821411133, 445.429718018, 759.852844238, 1203.57141113, 1056.54052734, 2673.04907227, 1177.30053711, 372.013061523, 401.779876709, 2281.81396484, 309.971923828, 819.41003418, 681.090576172, 431.472564697, 197.845214844, 104.230758667, 73.1100082397, 340.422607422, 260.815612793, 84.0289764404, 14.5045127869, 2.41236186028, 0.304863542318, 0.0326259993017, 0.00125157367438],
        "mean": [0.0113965328783, 0.495742827654, 7.78412675858, 19.6312446594, 13.5511407852, 16.8531551361, 21.9198551178, 23.4619903564, 11.5476322174, 23.4978809357, 19.9604282379, 12.7084140778, 13.6252746582, 7.13958406448, 6.91747331619, 5.86805200577, 8.53934955597, 22.9976844788, 14.1849946976, 10.8873748779, 29.2876625061, 17.5961303711, 7.41288232803, 5.25246667862, 3.20560407639, 1.69625103474, 3.03302693367, 3.01280546188, 1.72687160969, 0.978454113007, 0.45678794384, 0.317271649837, 0.605047404766, 0.629063248634, 0.307904958725, 0.0823591649532, 0.0165142454207, 0.00205441378057, 0.000194487045519, 4.1281182348e-05],
        "median": [0.00841533392668, 0.300872117281, 4.40756893158, 8.74401187897, 7.40753698349, 8.90870857239, 9.54769039154, 5.7950720787, 4.27683496475, 9.42186355591, 6.34873056412, 3.54000067711, 4.37801980972, 2.08636879921, 2.38845777512, 1.44759011269, 1.9131526947, 4.2573633194, 3.23624014854, 2.85373997688, 4.11324071884, 3.76600766182, 1.60249102116, 0.936292767525, 0.470993578434, 0.140661939979, 0.0589137561619, 0.0416391417384, 0.0230111479759, 0.0331497900188, 0.0212937500328, 0.0149269625545, 0.0120262280107, 0.00473755039275, 0.00107714161277, 0.000490860082209, 0.000132986795506, 3.34697251674e-05, 1.88724643522e-05, 2.846710413e-05],
        "min": [1.3718313861e-21, 7.03229698025e-21, 1.55281301113e-20, 2.82680056299e-20, 1.52206454287e-19, 2.29988289388e-19, 2.46834313701e-19, 4.75505137018e-19, 3.67122272144e-19, 4.94170209046e-19, 8.39148830342e-19, 3.71748383117e-19, 1.88449734718e-18, 1.99449975414e-18, 3.15023733318e-18, 2.81948978564e-18, 3.19160049971e-18, 4.01867502635e-18, 6.3428403758e-18, 6.1449010183e-18, 8.09839846346e-18, 9.29604597541e-18, 2.35441344193e-17, 1.10110593918e-17, 1.11309625303e-17, 1.29847876067e-17, 2.1365684793e-17, 1.63358211725e-17, 1.92650894059e-17, 2.5117347572e-17, 2.1244309273e-17, 1.82204628627e-17, 1.17898739267e-17, 1.0657563757e-17, 8.74645476872e-18, 5.39738492977e-18, 2.89203517972e-18, 1.33552787012e-18, 3.53554493845e-19, 3.25048893509e-20],
        "var": [0.00020798254991, 0.363738179207, 84.6624221802, 866.800415039, 446.151092529, 610.398376465, 1151.33740234, 2853.09057617, 401.307312012, 1493.65014648, 2660.859375, 1000.22174072, 3202.34521484, 338.543762207, 194.57901001, 222.879089355, 323.744812012, 2536.47607422, 1838.6796875, 1071.02575684, 14592.109375, 2756.95678711, 322.015014648, 189.290023804, 673.90045166, 102.558677673, 484.680541992, 528.268493652, 182.879852295, 47.0881004333, 10.934346199, 5.3838429451, 36.703414917, 34.6399879456, 5.51985788345, 0.289789259434, 0.0106306262314, 0.000158733892022, 1.31640842937e-06, 3.29593174975e-09]
    },
    "gfcc": {
        "mean": [-105.236206055, 166.149154663, -102.663459778, 13.5250635147, -25.9617538452, -11.2971372604, -45.4072570801, -0.309565961361, -17.5774555206, -12.8630781174, -17.346206665, -14.4763793945, -12.9668292999],
        "cov": [[13434.9453125, -1641.35424805, -1275.6282959, 1192.65979004, -1016.95806885, 594.675048828, -730.941955566, 157.415863037, -472.879089355, -144.233032227, -91.7118911743, 272.47442627, -36.3335647583], [-1641.35424805, 2500.82763672, -542.526367188, -838.299621582, 868.907470703, -637.989135742, 204.600952148, -172.388366699, 224.577987671, -240.841506958, 226.460952759, -175.521530151, 57.7207183838], [-1275.6282959, -542.526367188, 1386.15283203, 115.458442688, -295.462402344, 241.718536377, 16.3649291992, 45.3497047424, -171.428710938, 34.526386261, -115.35231781, 99.6088638306, 21.0483512878], [1192.65979004, -838.299621582, 115.458442688, 622.408996582, -317.505950928, 251.544952393, -21.9977531433, -29.6693916321, -56.2673797607, 19.2855949402, -73.5224533081, 39.129699707, 27.4123077393], [-1016.95806885, 868.907470703, -295.462402344, -317.505950928, 670.435791016, -328.219543457, 22.9335536957, 22.0848503113, 68.4768981934, -83.4406051636, 92.1467819214, -36.4433937073, -10.2626276016], [594.675048828, -637.989135742, 241.718536377, 251.544952393, -328.219543457, 395.229095459, -27.9340991974, -11.2052412033, -28.4297561646, 31.933883667, -52.6620635986, 9.0132598877, -16.6455364227], [-730.941955566, 204.600952148, 16.3649291992, -21.9977531433, 22.9335536957, -27.9340991974, 281.246826172, -55.403629303, 20.3792381287, 27.1073112488, -24.2391910553, -68.0860290527, 25.4238090515], [157.415863037, -172.388366699, 45.3497047424, -29.6693916321, 22.0848503113, -11.2052412033, -55.403629303, 195.365661621, 1.73359405994, -7.73572921753, -16.8081359863, 26.3639564514, -40.8453292847], [-472.879089355, 224.577987671, -171.428710938, -56.2673797607, 68.4768981934, -28.4297561646, 20.3792381287, 1.73359405994, 242.524200439, 6.26083803177, 6.05579853058, -87.0782241821, -18.0945987701], [-144.233032227, -240.841506958, 34.526386261, 19.2855949402, -83.4406051636, 31.933883667, 27.1073112488, -7.73572921753, 6.26083803177, 186.970779419, -26.7355670929, -28.760427475, -26.2588558197], [-91.7118911743, 226.460952759, -115.35231781, -73.5224533081, 92.1467819214, -52.6620635986, -24.2391910553, -16.8081359863, 6.05579853058, -26.7355670929, 131.886734009, 8.17252731323, -29.7645778656], [272.47442627, -175.521530151, 99.6088638306, 39.129699707, -36.4433937073, 9.0132598877, -68.0860290527, 26.3639564514, -87.0782241821, -28.760427475, 8.17252731323, 161.688079834, 18.6576900482], [-36.3335647583, 57.7207183838, 21.0483512878, 27.4123077393, -10.2626276016, -16.6455364227, 25.4238090515, -40.8453292847, -18.0945987701, -26.2588558197, -29.7645778656, 18.6576900482, 125.864776611]],
        "icov": [[0.000262457324425, -0.000592825643253, 0.000472189916763, -0.000752270745579, 0.000558154715691, -0.000476752204122, 0.000723258242942, -0.000711800646968, 0.000865027017426, -0.000315033801598, 0.000634441908915, -0.000277100072708, 0.000287621747702], [-0.000592825643253, 0.00425620051101, -0.00120870408136, 0.00395713048056, -0.00240179640241, 0.0028281211853, -0.0027202386409, 0.00403255596757, -0.00316341477446, 0.00358657655306, -0.00336912414059, 0.00219058804214, -0.00157438579481], [0.000472189916763, -0.00120870408136, 0.00183074257802, -0.00123764527962, 0.00119466078468, -0.00146530044731, 0.00113066518679, -0.00159994256683, 0.00210927287117, -0.000735078589059, 0.00183764437679, -0.000998490606435, 0.000542488705833], [-0.000752270745579, 0.00395713048056, -0.00123764527962, 0.00637298915535, -0.00190817052498, 0.00160094897728, -0.00288383662701, 0.00418287003413, -0.00317793455906, 0.00327861704864, -0.00257307337597, 0.00158101995476, -0.00183252023999], [0.000558154715691, -0.00240179640241, 0.00119466078468, -0.00190817052498, 0.00463932426646, 0.000137266557431, 0.00182353961281, -0.00271434173919, 0.00207069516182, -0.000852595432661, 0.00134587928187, -0.000814753759187, 0.00118447025307], [-0.000476752204122, 0.0028281211853, -0.00146530044731, 0.00160094897728, 0.000137266557431, 0.0070417211391, -0.00156168325339, 0.00309095252305, -0.00258837314323, 0.00269428524189, -0.00219597341493, 0.00205150479451, 8.93397591426e-05], [0.000723258242942, -0.0027202386409, 0.00113066518679, -0.00288383662701, 0.00182353961281, -0.00156168325339, 0.00680489651859, -0.00186699687038, 0.00299190054648, -0.00235424819402, 0.00313097727485, 0.000478131871205, 0.00046550098341], [-0.000711800646968, 0.00403255596757, -0.00159994256683, 0.00418287003413, -0.00271434173919, 0.00309095252305, -0.00186699687038, 0.0103800762445, -0.00374371395446, 0.0036928942427, -0.00127618853003, 0.00087330036331, 0.00103586597834], [0.000865027017426, -0.00316341477446, 0.00210927287117, -0.00317793455906, 0.00207069516182, -0.00258837314323, 0.00299190054648, -0.00374371395446, 0.00887081772089, -0.00216923630796, 0.00310652237386, 0.00112788367551, 0.00143727194518], [-0.000315033801598, 0.00358657655306, -0.000735078589059, 0.00327861704864, -0.000852595432661, 0.00269428524189, -0.00235424819402, 0.0036928942427, -0.00216923630796, 0.00952706113458, -0.00149269832764, 0.00268522207625, 0.000558613333851], [0.000634441908915, -0.00336912414059, 0.00183764437679, -0.00257307337597, 0.00134587928187, -0.00219597341493, 0.00313097727485, -0.00127618853003, 0.00310652237386, -0.00149269832764, 0.013337100856, -0.0030692787841, 0.00449815485626], [-0.000277100072708, 0.00219058804214, -0.000998490606435, 0.00158101995476, -0.000814753759187, 0.00205150479451, 0.000478131871205, 0.00087330036331, 0.00112788367551, 0.00268522207625, -0.0030692787841, 0.0105445608497, -0.00243678549305], [0.000287621747702, -0.00157438579481, 0.000542488705833, -0.00183252023999, 0.00118447025307, 8.93397591426e-05, 0.00046550098341, 0.00103586597834, 0.00143727194518, 0.000558613333851, 0.00449815485626, -0.00243678549305, 0.0111570879817]]
    },
    "melbands": {
        "dmean": [7.18830051483e-05, 0.000934013456572, 0.00125040637795, 0.000380742014386, 0.000277717772406, 0.000173573978827, 6.73445538268e-05, 9.15501004783e-05, 5.76648162678e-05, 3.08427333948e-05, 2.44850089075e-05, 1.36976495924e-05, 9.7536976682e-06, 6.90682554705e-06, 6.50999709251e-06, 6.42935674477e-06, 2.61751720245e-05, 1.1420890587e-05, 5.52196979697e-06, 9.10101334739e-06, 1.28738220155e-05, 9.94924994302e-06, 7.20454727343e-06, 2.7276585115e-06, 2.25136159315e-06, 2.20586230171e-06, 1.38688346851e-06, 7.88244051364e-07, 1.33685580295e-06, 1.69930694938e-06, 1.12288535092e-06, 7.44967621813e-07, 4.58245978052e-07, 3.51263963694e-07, 1.89320147115e-07, 1.05499424308e-07, 1.34001723495e-07, 2.51822172004e-07, 4.57224160755e-07, 4.39043162714e-07],
        "dmean2": [0.000118328847748, 0.00146116001997, 0.00199672579765, 0.000605965848081, 0.000425803096732, 0.000266183313215, 9.71448025666e-05, 0.000123400066514, 7.7594704635e-05, 4.34022840636e-05, 3.53715804522e-05, 2.12658906094e-05, 1.46622533066e-05, 9.95415666694e-06, 9.31732938625e-06, 8.5716119429e-06, 4.32520428149e-05, 1.79498620128e-05, 8.60277214088e-06, 1.4126354472e-05, 1.92032457562e-05, 1.57213016792e-05, 1.17278768812e-05, 4.31475791629e-06, 3.39522512149e-06, 3.56940677193e-06, 2.15762906919e-06, 1.22782137169e-06, 1.99526175493e-06, 2.53801431427e-06, 1.67857956512e-06, 1.10375924578e-06, 6.76482329709e-07, 5.0215965075e-07, 2.61317040895e-07, 1.48019822177e-07, 1.9701876397e-07, 3.70709273056e-07, 7.31784439267e-07, 6.89211162808e-07],
        "dvar": [2.63555079982e-08, 3.81318182008e-06, 7.24113988326e-06, 6.70153042392e-07, 3.45591075757e-07, 2.46700324169e-07, 3.21541939741e-08, 4.03100059998e-08, 5.09445996499e-08, 1.28909931618e-08, 2.31498820114e-08, 3.80507580999e-09, 1.10735087766e-09, 5.0166260035e-10, 3.64924840346e-10, 3.18747084282e-10, 6.10107386834e-09, 1.48159584601e-09, 8.6662599319e-10, 9.32488863903e-10, 2.79527379021e-09, 1.58996982247e-09, 5.1385284916e-10, 1.03749078773e-10, 6.76920602904e-11, 1.07632447399e-09, 1.0459461075e-10, 3.22404394848e-11, 1.02747386987e-10, 1.66752750497e-10, 8.76651390369e-11, 3.71131181343e-11, 1.36225978414e-11, 5.15244010652e-12, 1.88386957943e-12, 5.17317200362e-13, 1.2641302935e-12, 5.35803216031e-12, 4.25786940428e-11, 1.82508660962e-11],
        "dvar2": [7.34264133939e-08, 1.03021839095e-05, 2.04344869417e-05, 1.76566072696e-06, 8.90544470167e-07, 6.63067964979e-07, 6.89744155125e-08, 7.6470961119e-08, 1.06360928953e-07, 2.58243204598e-08, 4.29199857876e-08, 9.77300995686e-09, 2.83566103931e-09, 1.13935538781e-09, 7.33403171527e-10, 6.68050892383e-10, 1.62027546935e-08, 3.20265902687e-09, 2.09338413271e-09, 1.80305304021e-09, 5.11598985398e-09, 3.57944474061e-09, 1.30360033879e-09, 2.48021742033e-10, 1.48173098791e-10, 2.95299540376e-09, 2.46365372547e-10, 7.68368285664e-11, 2.34168101576e-10, 3.6820682614e-10, 1.99762942299e-10, 8.19118384232e-11, 3.05713718229e-11, 1.02048291692e-11, 3.36624586712e-12, 9.88194335388e-13, 2.4982173448e-12, 1.00769809164e-11, 1.13060470708e-10, 4.63754173952e-11],
        "max": [0.00416107103229, 0.0289645679295, 0.0630251318216, 0.0207541603595, 0.0138631053269, 0.0185264628381, 0.00499560311437, 0.00524661131203, 0.0121727660298, 0.00560717564076, 0.0111184660345, 0.00339381559752, 0.00150471075904, 0.000723144679796, 0.00103279168252, 0.000566864677239, 0.00174616952427, 0.00180182920303, 0.00217101466842, 0.00129776238464, 0.00297106802464, 0.00135345512535, 0.000499136338476, 0.000280126783764, 0.000219693451072, 0.00250567123294, 0.000420090451371, 0.000288361450657, 0.000549591262825, 0.000411329703638, 0.000471438281238, 0.000288432551315, 0.000157723552547, 0.000104845094029, 7.10740423528e-05, 3.46211381839e-05, 5.24706520082e-05, 0.000140868869494, 0.000497120723594, 0.000197905304958],
        "mean": [0.000216391170397, 0.00298972032033, 0.00318402773701, 0.00102125515696, 0.000813021149952, 0.000507871271111, 0.000167177524418, 0.000272654287983, 0.0001441026252, 7.29685125407e-05, 6.56893171254e-05, 2.80096937786e-05, 2.12070226553e-05, 1.57626673172e-05, 1.57435060828e-05, 1.66599074873e-05, 4.91318533022e-05, 2.34420513152e-05, 1.08677577373e-05, 2.36862451857e-05, 3.45283879142e-05, 1.96217497432e-05, 1.20108579722e-05, 3.65715254702e-06, 4.35565061707e-06, 2.74639273812e-06, 1.5392477053e-06, 9.44388943935e-07, 1.60047181907e-06, 2.33342211686e-06, 1.53728694841e-06, 1.05969934339e-06, 6.37802429537e-07, 5.13734221386e-07, 2.88461649234e-07, 1.63378388152e-07, 1.93798157966e-07, 3.61452549669e-07, 5.64338790809e-07, 5.30552597411e-07],
        "median": [0.000128495041281, 0.00172252347693, 0.00154743390158, 0.000587892078329, 0.000397066090954, 0.000131260763737, 6.02423206146e-05, 0.00010565102275, 4.46677950094e-05, 1.72030595422e-05, 1.98273501155e-05, 6.63108266963e-06, 6.57039890939e-06, 3.92375204683e-06, 3.37998176292e-06, 3.11211601911e-06, 7.35683443054e-06, 4.89850526719e-06, 2.16000285036e-06, 4.41452903033e-06, 4.18289164372e-06, 3.44433738064e-06, 2.19338971874e-06, 5.74831346967e-07, 6.82227891957e-07, 3.74714488771e-07, 1.13072999852e-07, 5.11331492703e-08, 3.15462926892e-08, 2.33760975021e-08, 1.89474427259e-08, 9.7220764772e-09, 1.19377387975e-08, 1.67483058533e-08, 9.96156224176e-09, 8.42097236387e-09, 4.71167194149e-09, 8.66925908838e-09, 4.84223328101e-09, 2.5302713258e-09],
        "min": [1.27893593054e-23, 8.60889901211e-24, 7.63025789461e-24, 1.68592071002e-23, 8.38717624406e-24, 1.04721214171e-23, 5.85123929154e-24, 6.13868561148e-24, 5.86810671542e-24, 2.01307757795e-24, 9.92022407258e-24, 8.26155882237e-24, 1.12106853398e-23, 8.96013459699e-24, 7.96805760056e-24, 6.39703913566e-24, 7.4306153433e-24, 8.93872491202e-24, 1.01502677455e-23, 6.70550465441e-24, 1.05374185896e-23, 9.63576004129e-24, 1.4955628938e-23, 2.04483727577e-23, 7.46980121991e-24, 6.53667224905e-24, 9.40995965123e-24, 8.00045059591e-24, 1.54687261588e-23, 8.992126851e-24, 9.83626481757e-24, 9.59287756248e-24, 1.44440526409e-23, 1.36813172312e-23, 1.21393765737e-23, 1.28739449159e-23, 1.03559119505e-23, 8.02485321915e-24, 8.77166941585e-24, 9.10092102502e-24],
        "var": [6.51521219197e-08, 1.21516141007e-05, 1.98024208657e-05, 1.91906997316e-06, 1.25034750909e-06, 1.18760090118e-06, 8.78942785221e-08, 2.03880716754e-07, 1.44618397258e-07, 3.94134751502e-08, 7.62843939128e-08, 6.2326703798e-09, 2.03034300483e-09, 1.30798294418e-09, 1.19126886133e-09, 1.41214939742e-09, 1.2987727338e-08, 4.45530901061e-09, 1.84842963158e-09, 5.72261482645e-09, 1.93613498567e-08, 4.42125136502e-09, 9.68098601284e-10, 1.2691464546e-10, 1.38434222419e-10, 7.15459802514e-10, 1.10719100554e-10, 3.85728636532e-11, 1.49332768373e-10, 3.02163793986e-10, 1.50916015795e-10, 7.09553457656e-11, 2.59492288768e-11, 1.22182099507e-11, 4.87213481365e-12, 1.28292320344e-12, 2.46337911007e-12, 1.13504240729e-11, 4.76005034e-11, 2.2868011304e-11]
    },
    "mfcc": {
        "mean": [-751.611083984, 193.137771606, 0.770640730858, 26.1703186035, 29.7776679993, -4.50880241394, -10.479678154, 1.02668380737, -1.86096656322, -3.22391438484, -0.522622406483, -4.50080823898, -7.59621763229],
        "cov": [[9416.04101562, -516.010375977, -948.585449219, 327.963439941, -197.376647949, -34.5673332214, 2.76384019852, 21.6298732758, -16.7397060394, -316.751068115, -98.9122848511, -199.905151367, -59.2359542847], [-516.010375977, 2426.16259766, -646.189880371, -245.912841797, 440.684906006, -311.356201172, -129.650039673, 153.643814087, -144.547286987, -36.6123123169, -53.8686676025, 1.28466320038, 1.79641699791], [-948.585449219, -646.189880371, 1285.84326172, 41.0361404419, -240.540344238, 203.673019409, 106.202835083, -34.9860458374, 63.310005188, -27.6398487091, -45.3631248474, -69.2238845825, -27.7253990173], [327.963439941, -245.912841797, 41.0361404419, 271.942810059, -30.7644729614, 38.1966819763, 33.0484428406, -16.3643455505, 45.3072547913, -28.4181747437, -35.0218544006, -11.7908182144, 3.3235502243], [-197.376647949, 440.684906006, -240.540344238, -30.7644729614, 381.873016357, -131.528259277, -56.5147476196, 68.4129638672, -75.8594207764, -20.1664009094, 3.94207525253, -22.8915367126, 22.6687088013], [-34.5673332214, -311.356201172, 203.673019409, 38.1966819763, -131.528259277, 269.639282227, 40.3409461975, -51.033744812, 51.595916748, 19.3492469788, -22.1740016937, 29.7332458496, -30.3733844757], [2.76384019852, -129.650039673, 106.202835083, 33.0484428406, -56.5147476196, 40.3409461975, 184.18598938, 14.9283161163, -10.2596712112, -23.3998680115, -5.32490205765, -17.1204013824, -25.4649372101], [21.6298732758, 153.643814087, -34.9860458374, -16.3643455505, 68.4129638672, -51.033744812, 14.9283161163, 173.896224976, -17.7963542938, -39.2983703613, -9.76612472534, -26.163318634, -3.76918411255], [-16.7397060394, -144.547286987, 63.310005188, 45.3072547913, -75.8594207764, 51.595916748, -10.2596712112, -17.7963542938, 195.740081787, 66.1616973877, -31.8807353973, -1.8475151062, -16.7320175171], [-316.751068115, -36.6123123169, -27.6398487091, -28.4181747437, -20.1664009094, 19.3492469788, -23.3998680115, -39.2983703613, 66.1616973877, 210.254180908, 39.0920677185, 5.81720018387, -22.3538208008], [-98.9122848511, -53.8686676025, -45.3631248474, -35.0218544006, 3.94207525253, -22.1740016937, -5.32490205765, -9.76612472534, -31.8807353973, 39.0920677185, 168.973312378, 40.6475868225, -22.4033908844], [-199.905151367, 1.28466320038, -69.2238845825, -11.7908182144, -22.8915367126, 29.7332458496, -17.1204013824, -26.163318634, -1.8475151062, 5.81720018387, 40.6475868225, 172.518661499, 25.1174964905], [-59.2359542847, 1.79641699791, -27.7253990173, 3.3235502243, 22.6687088013, -30.3733844757, -25.4649372101, -3.76918411255, -16.7320175171, -22.3538208008, -22.4033908844, 25.1174964905, 133.265411377]],
