{
"lowlevel": {
    "average_loudness": 0.919146418571,
    "barkbands_crest": {
        "dmean": 1.7734028101,
        "dmean2": 2.82282018661,
        "dvar": 2.7207069397,
        "dvar2": 6.70062923431,
        "max": 22.5121765137,
        "mean": 7.7501077652,
        "median": 7.10356998444,
        "min": 2.12811589241,
        "var": 9.77460384369
    },
    "barkbands_flatness_db": {
        "dmean": 0.0129563724622,
        "dmean2": 0.0191778168082,
        "dvar": 0.000176934991032,
        "dvar2": 0.000357627141057,
        "max": 0.333333075047,
        "mean": 0.110612377524,
        "median": 0.110580086708,
        "min": 0.0118275778368,
        "var": 0.00125263887458
    },
    "barkbands_kurtosis": {
        "dmean": 1.29156982899,
        "dmean2": 2.02144694328,
        "dvar": 3.15293097496,
        "dvar2": 7.47611427307,
        "max": 29.4072227478,
        "mean": 1.26118063927,
        "median": 0.518484354019,
        "min": -1.78610646725,
        "var": 7.07459259033
    },
    "barkbands_skewness": {
        "dmean": 0.358364850283,
        "dmean2": 0.546242058277,
        "dvar": 0.121149480343,
        "dvar2": 0.272995352745,
        "max": 4.33676338196,
        "mean": 1.15868520737,
        "median": 1.13462686539,
        "min": -1.98090684414,
        "var": 0.50483417511
    },
    "barkbands_spread": {
        "dmean": 4.13007736206,
        "dmean2": 6.23549365997,
        "dvar": 14.7600002289,
        "dvar2": 31.8422298431,
        "max": 78.8621139526,
        "mean": 23.987154007,
        "median": 22.4170703888,
        "min": 2.17068910599,
        "var": 97.6798706055
    },
    "dissonance": {
        "dmean": 0.0129687078297,
        "dmean2": 0.0218623392284,
        "dvar": 0.000149051353219,
        "dvar2": 0.000410631182604,
        "max": 0.500000059605,
        "mean": 0.472393244505,
        "median": 0.47566729784,
        "min": 0.306628227234,
        "var": 0.000308413116727
    },
    "dynamic_complexity": 2.62945842743,
    "erbbands_crest": {
        "dmean": 2.03376913071,
        "dmean2": 3.29795789719,
        "dvar": 3.78978252411,
        "dvar2": 9.3114824295,
        "max": 28.6407165527,
        "mean": 7.4143409729,
        "median": 6.60882329941,
        "min": 2.27265787125,
        "var": 10.3585414886
    },
    "erbbands_flatness_db": {
        "dmean": 0.013049762696,
        "dmean2": 0.0191664416343,
        "dvar": 0.000217079868889,
        "dvar2": 0.000406809267588,
        "max": 0.3100040555,
        "mean": 0.160164862871,
        "median": 0.162127390504,
        "min": 0.038104545325,
        "var": 0.00107853766531
    },
    "erbbands_kurtosis": {
        "dmean": 0.403317421675,
        "dmean2": 0.66031140089,
        "dvar": 0.201517835259,
        "dvar2": 0.506530463696,
        "max": 7.03612136841,
        "mean": -0.662776708603,
        "median": -0.837463378906,
        "min": -1.70148038864,
        "var": 0.484465241432
    },
    "erbbands_skewness": {
        "dmean": 0.278902322054,
        "dmean2": 0.439077913761,
        "dvar": 0.056084882468,
        "dvar2": 0.13809029758,
        "max": 2.40545248985,
        "mean": 0.0563969388604,
        "median": 0.0617793276906,
        "min": -2.49003553391,
        "var": 0.276907891035
    },
    "erbbands_spread": {
        "dmean": 5.68192577362,
        "dmean2": 9.05822372437,
        "dvar": 28.4886646271,
        "dvar2": 69.2491073608,
        "max": 109.319839478,
        "mean": 39.4147644043,
        "median": 38.8928413391,
        "min": 10.0430412292,
        "var": 92.5356674194
    },
    "hfc": {
        "dmean": 5.54746818542,
        "dmean2": 8.07315731049,
        "dvar": 151.154556274,
        "dvar2": 324.20980835,
        "max": 152.717697144,
        "mean": 18.2739276886,
        "median": 13.9326162338,
        "min": 1.15737205484e-16,
        "var": 307.92074585
    },
    "melbands_crest": {
        "dmean": 2.55693602562,
        "dmean2": 4.07023572922,
        "dvar": 5.37158823013,
        "dvar2": 13.6323051453,
        "max": 29.96717453,
        "mean": 11.5753660202,
        "median": 10.7604322433,
        "min": 1.68554246426,
        "var": 18.6649150848
    },
    "melbands_flatness_db": {
        "dmean": 0.0168522670865,
        "dmean2": 0.0248809084296,
        "dvar": 0.000324655644363,
        "dvar2": 0.000622764055151,
        "max": 0.483199566603,
        "mean": 0.172740057111,
        "median": 0.173770844936,
        "min": 0.00458563724533,
        "var": 0.00225900462829
    },
    "melbands_kurtosis": {
        "dmean": 3.04685807228,
        "dmean2": 4.75360250473,
        "dvar": 16.5958156586,
        "dvar2": 39.3581428528,
        "max": 62.5357055664,
        "mean": 6.44946813583,
        "median": 5.07353401184,
        "min": -1.62856447697,
        "var": 33.7144012451
    },
    "melbands_skewness": {
        "dmean": 0.456528753042,
        "dmean2": 0.705663144588,
        "dvar": 0.210756704211,
        "dvar2": 0.477379798889,
        "max": 6.49626636505,
        "mean": 2.14541840553,
        "median": 2.07299542427,
        "min": -0.788910329342,
        "var": 0.664214789867
    },
    "melbands_spread": {
        "dmean": 6.13358211517,
        "dmean2": 9.37207126617,
        "dvar": 41.1129302979,
        "dvar2": 89.8637695312,
        "max": 156.829574585,
        "mean": 27.6235866547,
        "median": 24.2005958557,
        "min": 1.70899760723,
        "var": 244.893600464
    },
    "pitch_salience": {
        "dmean": 0.0542722642422,
        "dmean2": 0.0884558707476,
        "dvar": 0.00219256314449,
        "dvar2": 0.00587351992726,
        "max": 0.851138830185,
        "mean": 0.606042981148,
        "median": 0.611302375793,
        "min": 0.242186531425,
        "var": 0.00696239620447
    },
    "silence_rate_20dB": {
        "dmean": 0,
        "dmean2": 0,
        "dvar": 0,
        "dvar2": 0,
        "max": 1,
        "mean": 1,
        "median": 1,
        "min": 1,
        "var": 0
    },
    "silence_rate_30dB": {
        "dmean": 0.00257969414815,
        "dmean2": 0.00515986373648,
        "dvar": 0.00257271924056,
        "dvar2": 0.00752772158012,
        "max": 1,
        "mean": 0.998618125916,
        "median": 1,
        "min": 0,
        "var": 0.00137994042598
    },
    "silence_rate_60dB": {
        "dmean": 0.0047908606939,
        "dmean2": 0.00949046388268,
        "dvar": 0.00476784212515,
        "dvar2": 0.0108760986477,
        "max": 1,
        "mean": 0.0280976500362,
        "median": 0,
        "min": 0,
        "var": 0.0273076947778
    },
    "spectral_centroid": {
        "dmean": 235.26776123,
        "dmean2": 361.980194092,
        "dvar": 53860.0078125,
        "dvar2": 109949.898438,
        "max": 10932.234375,
        "mean": 1558.78759766,
        "median": 1482.78881836,
        "min": 237.184631348,
        "var": 328673.46875
    },
    "spectral_complexity": {
        "dmean": 3.28395056725,
        "dmean2": 5.00119781494,
        "dvar": 18.2035331726,
        "dvar2": 28.5284824371,
        "max": 65,
        "mean": 23.0837402344,
        "median": 21,
        "min": 0,
        "var": 120.06943512
    },
    "spectral_decrease": {
        "dmean": 2.04275218962e-09,
        "dmean2": 3.04905367621e-09,
        "dvar": 1.43332715034e-17,
        "dvar2": 3.41595351261e-17,
        "max": 1.18141336452e-16,
        "mean": -5.45286571452e-09,
        "median": -4.13500833574e-09,
        "min": -4.30415383335e-08,
        "var": 2.13423632628e-17
    },
    "spectral_energy": {
        "dmean": 0.00813554786146,
        "dmean2": 0.0121022975072,
        "dvar": 0.000229376571951,
        "dvar2": 0.000544744660147,
        "max": 0.176300927997,
        "mean": 0.0222379267216,
        "median": 0.0171085596085,
        "min": 1.07339245669e-20,
        "var": 0.000346729153534
    },
    "spectral_energyband_high": {
        "dmean": 0.000309070775984,
        "dmean2": 0.000462118216092,
        "dvar": 8.60947068304e-07,
        "dvar2": 1.87446789823e-06,
        "max": 0.0113409170881,
        "mean": 0.000671193003654,
        "median": 0.000235308616539,
        "min": 8.06427103348e-21,
        "var": 1.66604365859e-06
    },
    "spectral_energyband_low": {
        "dmean": 0.00399580737576,
        "dmean2": 0.00605267798528,
        "dvar": 6.89856678946e-05,
        "dvar2": 0.00015208653349,
        "max": 0.0875042304397,
        "mean": 0.00553903728724,
        "median": 0.00179967924487,
        "min": 5.40438445638e-23,
        "var": 8.66346599651e-05
    },
    "spectral_energyband_middle_high": {
        "dmean": 0.00150291679893,
        "dmean2": 0.00230014929548,
        "dvar": 5.74188834435e-06,
        "dvar2": 1.27492567117e-05,
        "max": 0.0322823189199,
        "mean": 0.00486580561846,
        "median": 0.00397632131353,
        "min": 1.57442692146e-21,
        "var": 1.40260754051e-05
    },
    "spectral_energyband_middle_low": {
        "dmean": 0.00490359542891,
        "dmean2": 0.00786279700696,
        "dvar": 9.16359131224e-05,
        "dvar2": 0.000246737123234,
        "max": 0.126901417971,
        "mean": 0.0124130034819,
        "median": 0.00968379620463,
        "min": 2.29877576635e-22,
        "var": 0.000117673022032
    },
    "spectral_entropy": {
        "dmean": 0.0988689884543,
        "dmean2": 0.148892566562,
        "dvar": 0.0131323533133,
        "dvar2": 0.0243788342923,
        "max": 9.79487037659,
        "mean": 7.46726226807,
        "median": 7.40418195724,
        "min": 6.19022321701,
        "var": 0.0982385203242
    },
    "spectral_flux": {
        "dmean": 0.0205878112465,
        "dmean2": 0.0319101884961,
        "dvar": 0.00111493293662,
        "dvar2": 0.00242924573831,
        "max": 0.334622532129,
        "mean": 0.0701393038034,
        "median": 0.0564777031541,
        "min": 1.03604652635e-10,
        "var": 0.0019971402362
    },
    "spectral_kurtosis": {
        "dmean": 1.65712988377,
        "dmean2": 2.91492509842,
        "dvar": 4.0240983963,
        "dvar2": 12.2898626328,
        "max": 63.3822631836,
        "mean": 4.99589920044,
        "median": 4.47454547882,
        "min": -1.14440774918,
        "var": 9.30514812469
    },
    "spectral_rms": {
        "dmean": 0.000719899893738,
        "dmean2": 0.00102460337803,
        "dvar": 1.19133176213e-06,
        "dvar2": 2.56761018136e-06,
        "max": 0.0131149115041,
        "mean": 0.00432533025742,
        "median": 0.004085496068,
        "min": 3.23606571227e-12,
        "var": 2.98698728329e-06
    },
    "spectral_rolloff": {
        "dmean": 443.652801514,
        "dmean2": 722.303100586,
        "dvar": 284967.40625,
        "dvar2": 591754.25,
        "max": 19509.0820312,
        "mean": 1817.88378906,
        "median": 1550.390625,
        "min": 107.666015625,
        "var": 2058254.375
    },
    "spectral_skewness": {
        "dmean": 0.19861073792,
        "dmean2": 0.334867268801,
        "dvar": 0.0381101332605,
        "dvar2": 0.103116795421,
        "max": 5.97800588608,
        "mean": 1.41422116756,
        "median": 1.35664260387,
        "min": 0.0226263348013,
        "var": 0.160586699843
    },
    "spectral_spread": {
        "dmean": 305032.90625,
        "dmean2": 465282.09375,
        "dvar": 284061958144,
        "dvar2": 454683295744,
        "max": 38061316,
        "mean": 3591676.5,
        "median": 3381148.25,
        "min": 1121730.25,
        "var": 1.01060929126e+12
    },
    "spectral_strongpeak": {
        "dmean": 0.428965240717,
        "dmean2": 0.737757027149,
        "dvar": 0.542509019375,
        "dvar2": 1.41806137562,
        "max": 13.4753475189,
        "mean": 0.779626131058,
        "median": 0.541489362717,
        "min": 0,
        "var": 0.673649966717
    },
    "zerocrossingrate": {
        "dmean": 0.00704179471359,
        "dmean2": 0.00847188010812,
        "dvar": 6.10429124208e-05,
        "dvar2": 7.05476195435e-05,
        "max": 0.60009765625,
        "mean": 0.0646420046687,
        "median": 0.0576171875,
        "min": 0.0068359375,
        "var": 0.00125521188602
    },
    "barkbands": {
        "dmean": [0.00014657007705, 0.00178021844476, 0.00142909924034, 0.00183561677113, 0.00226970086806, 0.000814049097244, 0.00090339378221, 0.000824807735626, 0.000271095952485, 0.000353745941538, 0.000458616210381, 0.000174073400558, 0.000218148867134, 0.000137366339914, 0.000230826379266, 0.000194180203835, 0.000368375651306, 0.000288307841402, 0.000253886653809, 0.000170770799741, 0.000111812791147, 0.000105303930468, 2.99077855743e-05, 2.69188531092e-05, 1.9938841433e-05, 1.15348748295e-05, 5.89745422985e-06],
        "dmean2": [0.000203488292755, 0.00287976232357, 0.0021963105537, 0.00310963555239, 0.00381115148775, 0.00129442068283, 0.00127277127467, 0.00126352510415, 0.000379495118978, 0.000531242170837, 0.000746843928937, 0.000283813133137, 0.000350303715095, 0.000223724695388, 0.000382644269848, 0.000320059247315, 0.00061391456984, 0.000491300947033, 0.000411179848015, 0.000275834609056, 0.000178517628228, 0.00017874459445, 4.01678589697e-05, 3.71384048776e-05, 2.67066134256e-05, 1.57866397785e-05, 8.82994208951e-06],
        "dvar": [8.75683952017e-08, 1.55522684508e-05, 8.14262602944e-06, 1.83207866939e-05, 3.31970622938e-05, 1.34024469389e-06, 1.75163995664e-06, 1.92555785361e-06, 2.03124528753e-07, 3.2195302424e-07, 6.55888584333e-07, 8.29618684861e-08, 1.54240041184e-07, 9.40509465863e-08, 2.3111888936e-07, 1.5795731656e-07, 2.7672066949e-07, 3.14353599151e-07, 2.44754630785e-07, 8.00997739248e-08, 9.86078134702e-08, 1.69990499899e-07, 7.26530835493e-09, 7.6988566633e-09, 3.50761109047e-09, 3.13253800677e-09, 1.11706044414e-09],
        "dvar2": [1.77417277314e-07, 3.74666160496e-05, 1.80271854333e-05, 5.00150454172e-05, 9.31298927753e-05, 3.4270535707e-06, 3.50576806341e-06, 4.60890760223e-06, 3.45587665151e-07, 6.83644600485e-07, 1.73392720626e-06, 2.02558709361e-07, 3.70686649376e-07, 2.33758271406e-07, 5.58675651519e-07, 3.57372357485e-07, 7.2532145623e-07, 8.56245833347e-07, 5.36571917564e-07, 1.86235851629e-07, 2.25063004677e-07, 4.65540153982e-07, 1.20047616292e-08, 1.40079139399e-08, 5.63503865791e-09, 5.86300386018e-09, 2.50484832875e-09],
        "max": [0.00247041974217, 0.0497143939137, 0.0532469525933, 0.05003535375, 0.0920152664185, 0.0252002757043, 0.0326339304447, 0.0316221006215, 0.0140731399879, 0.0110330097377, 0.0140118729323, 0.00615650741383, 0.0132565675303, 0.0123249869794, 0.0216110106558, 0.0263987742364, 0.00798416975886, 0.00806820672005, 0.0155636081472, 0.0044850432314, 0.00371852423996, 0.00461680488661, 0.00113069114741, 0.00291413301602, 0.00158646039199, 0.00207296572626, 0.00114632188343],
        "mean": [0.000208748868317, 0.00221865577623, 0.00194311782252, 0.00208667200059, 0.00393576547503, 0.00191759364679, 0.00216106697917, 0.00153765245341, 0.000611481664237, 0.000657396507449, 0.000708400737494, 0.000306086265482, 0.000364397914382, 0.000224597810302, 0.000429943174822, 0.000369466695702, 0.000685479375534, 0.000505942502059, 0.000490098958835, 0.000353325012838, 0.000217710825382, 0.000150121748447, 5.03917835886e-05, 4.23216370109e-05, 3.33219795721e-05, 1.94070162252e-05, 8.73985391081e-06],
        "median": [4.14943315263e-05, 0.000690633896738, 0.000497266824823, 0.000574256409891, 0.00235807429999, 0.00119103339966, 0.00121154671069, 0.000906164641492, 0.000320011225995, 0.000369688728824, 0.000363612809451, 0.000160644893185, 0.000186511315405, 0.000128426909214, 0.000257893058006, 0.000217033593799, 0.00044899401837, 0.000281244021608, 0.000261811714154, 0.000166593978065, 6.49095454719e-05, 4.61421041109e-05, 1.50862451846e-05, 9.62501781032e-06, 6.62288675812e-06, 2.03993272407e-06, 3.41403676885e-07],
        "min": [1.77379259679e-24, 2.46093300428e-23, 2.20365233093e-23, 1.50969549469e-23, 7.61253108567e-23, 1.70575551308e-23, 4.1120081504e-23, 2.12855655929e-23, 4.79645668839e-23, 1.3531870057e-22, 2.44772747273e-23, 9.52340337142e-23, 9.4634177571e-23, 1.39605762004e-22, 9.09151212323e-23, 1.41248952959e-22, 1.89764542341e-22, 2.20650554616e-22, 2.87390055221e-22, 4.55122406676e-22, 5.6284425367e-22, 5.99786067125e-22, 6.49139477275e-22, 9.57380577725e-22, 1.24720812479e-21, 1.39525194693e-21, 2.4837776083e-21],
        "var": [1.42857899732e-07, 1.66056215676e-05, 1.17970630527e-05, 1.61147581821e-05, 3.19933715218e-05, 4.6778691285e-06, 7.95316100266e-06, 4.20099695475e-06, 9.83596805781e-07, 7.96119138613e-07, 1.09402833459e-06, 1.71614217948e-07, 2.74436615655e-07, 1.20395327485e-07, 4.47349833621e-07, 2.9452590411e-07, 5.30801344212e-07, 4.51662884871e-07, 5.02518219037e-07, 2.18565403998e-07, 1.92171469848e-07, 1.49387631154e-07, 1.51072576671e-08, 1.48464600613e-08, 8.16396372727e-09, 6.45654285591e-09, 1.46831802272e-09]
    },
    "erbbands": {
        "dmean": [0.033674467355, 0.454499453306, 1.56693983078, 4.29918956757, 5.02345895767, 9.90392684937, 7.705701828, 7.28374242783, 11.7077245712, 17.7780570984, 12.9960985184, 7.48649120331, 6.29065895081, 12.8439159393, 16.8845081329, 8.33058357239, 10.1989202499, 7.69426250458, 8.51420307159, 13.4891605377, 12.1767091751, 14.5237646103, 14.2610216141, 14.4585447311, 12.2777662277, 9.01611709595, 4.77228164673, 4.54835414886, 4.15222454071, 1.50387775898, 0.837073326111, 0.644511699677, 0.406709134579, 0.243018731475, 0.131696045399, 0.0633300244808, 0.0192508865148, 0.00576028879732, 0.00100454117637, 6.12458097748e-05],
        "dmean2": [0.0562223382294, 0.724939703941, 2.42255377769, 6.85532808304, 8.62130260468, 16.9292068481, 12.2967090607, 12.0616292953, 16.1277332306, 27.4228153229, 19.832736969, 10.4659776688, 9.64931106567, 19.6004695892, 27.2072410583, 13.5140600204, 16.3621177673, 12.5458316803, 14.0683174133, 22.244222641, 20.1927471161, 23.9695911407, 23.7660446167, 23.8059978485, 19.9457054138, 14.6244058609, 8.16564559937, 7.2503900528, 6.98118400574, 2.25491118431, 1.1378262043, 0.888621211052, 0.570632994175, 0.330129921436, 0.18011033535, 0.0846893265843, 0.026800410822, 0.00850810483098, 0.00148597499356, 9.33182382141e-05],
        "dvar": [0.00676311878487, 0.932465970516, 9.46100330353, 91.493812561, 101.394554138, 801.479370117, 297.497558594, 107.830192566, 305.895996094, 735.454040527, 764.056884766, 151.041305542, 126.532669067, 388.280273438, 819.729431152, 197.008224487, 325.375244141, 269.091125488, 540.547058105, 801.499816895, 421.931549072, 407.425567627, 565.63684082, 699.013244629, 778.437011719, 220.323059082, 116.671859741, 249.368026733, 284.031982422, 13.8305826187, 5.4934797287, 3.41028761864, 2.3118417263, 0.542434573174, 0.172111690044, 0.0877965316176, 0.00817312300205, 0.000821303285193, 3.19345817843e-05, 1.3045755054e-07],
        "dvar2": [0.0170705299824, 2.22232627869, 21.704000473, 226.950790405, 286.890380859, 2279.06982422, 763.404052734, 298.603942871, 527.624145508, 1934.4642334, 1726.5838623, 253.367645264, 263.292877197, 853.269714355, 2104.73413086, 476.056518555, 777.179138184, 677.840393066, 1365.48840332, 1779.29101562, 1061.67553711, 1025.36437988, 1448.78857422, 1792.14782715, 1767.44885254, 514.21270752, 293.635253906, 591.633300781, 767.948364258, 27.30884552, 8.58469676971, 5.67412662506, 4.29555511475, 0.958116233349, 0.280110985041, 0.1737549752, 0.0154078751802, 0.00169998721685, 7.30565589038e-05, 2.96504310882e-07],
        "max": [0.831015765667, 12.7497024536, 54.8838500977, 106.700553894, 130.135406494, 481.973449707, 376.391906738, 303.021484375, 504.36038208, 465.332672119, 808.048278809, 381.595397949, 429.8359375, 411.984680176, 477.086578369, 305.263977051, 546.023742676, 638.427185059, 1331.29455566, 1488.64013672, 927.736572266, 306.051025391, 342.824584961, 347.139465332, 1059.3795166, 253.491744995, 121.147102356, 173.930877686, 183.227111816, 50.062538147, 35.8639450073, 52.4587097168, 51.6610832214, 17.4372787476, 12.5860080719, 11.0087280273, 2.90649557114, 0.931218862534, 0.204674139619, 0.0120684085414],
        "mean": [0.0379992164671, 0.586740255356, 2.14650607109, 5.30253648758, 7.97464084625, 15.6916542053, 15.0690507889, 15.8936433792, 29.5630321503, 36.1729850769, 25.272403717, 17.484249115, 13.0208892822, 23.9121608734, 28.4436435699, 15.5054225922, 17.5742454529, 13.4472532272, 16.2328071594, 24.4333515167, 24.7577362061, 30.6230258942, 28.0745677948, 27.812002182, 23.7619438171, 18.6921367645, 10.0684747696, 7.91432857513, 5.65904951096, 2.85430145264, 1.44825184345, 1.02353286743, 0.616101741791, 0.372170746326, 0.232216462493, 0.107177488506, 0.031372629106, 0.00892915949225, 0.00155613536481, 0.000100934870716],
        "median": [0.0118742221966, 0.183539226651, 0.598393857479, 1.51216554642, 4.18716955185, 8.94763469696, 7.87291669846, 9.9875164032, 15.8371162415, 25.6488685608, 13.2220859528, 9.16938972473, 8.5946264267, 14.5043296814, 15.8237810135, 9.03059101105, 9.43905448914, 8.12786865234, 9.53118610382, 13.4512300491, 15.7312526703, 20.6979122162, 17.4197502136, 16.0124893188, 11.6129589081, 9.28221511841, 3.7830851078, 1.95967841148, 1.41778409481, 1.12798595428, 0.421745449305, 0.258943766356, 0.125436291099, 0.0706732571125, 0.0489864870906, 0.0131442165002, 0.00333105376922, 0.000641005055513, 7.28727900423e-05, 2.79707601294e-05],
        "min": [6.1022902041e-22, 6.924288518e-21, 2.2748066228e-20, 3.71172710647e-20, 5.38365008684e-20, 3.40644634326e-19, 3.04348931324e-19, 1.91318009341e-19, 6.70816800206e-19, 2.37262334749e-19, 6.24319478709e-19, 1.36234382481e-18, 2.75559608038e-18, 3.19524133518e-18, 1.79651696966e-18, 4.14237947337e-18, 4.81462626206e-18, 3.96537522999e-18, 7.56198424393e-18, 6.02003851843e-18, 7.88721759871e-18, 1.19485809349e-17, 1.20651166212e-17, 1.49743166258e-17, 1.35091680027e-17, 2.23652912042e-17, 1.91503743442e-17, 2.36837575436e-17, 2.18159506333e-17, 2.49747697585e-17, 1.78254510329e-17, 2.03957261893e-17, 1.49958894962e-17, 1.15048829087e-17, 9.95273887345e-18, 5.29406965767e-18, 2.43674587159e-18, 1.50259881171e-18, 3.83164095956e-19, 3.14872148594e-20],
        "var": [0.00605814903975, 1.07209277153, 13.3300418854, 96.3371353149, 113.012481689, 669.468811035, 561.36315918, 323.247497559, 1679.39013672, 1414.30786133, 1858.60693359, 761.27154541, 360.947906494, 875.371704102, 1455.93737793, 405.374938965, 577.782836914, 358.0703125, 945.958435059, 1557.74499512, 818.083007812, 952.669006348, 1027.62182617, 1175.59460449, 1466.81958008, 571.504638672, 289.570068359, 352.340545654, 250.108825684, 27.4706439972, 12.1516513824, 6.96318149567, 4.10102748871, 1.10041999817, 0.422340840101, 0.172214910388, 0.0163299646229, 0.00144625850953, 4.33172717749e-05, 1.42470341302e-07]
    },
    "gfcc": {
        "mean": [-1.08535635471, 100.75214386, -134.619720459, 31.199256897, -55.8208007812, -9.41766929626, -35.8016090393, 4.78251075745, -24.5342388153, -2.16328024864, -13.4983730316, 0.945441067219, -11.3106842041],
        "cov": [[7882.88720703, -76.8748931885, 648.871032715, 506.474517822, -196.547424316, 61.0449485779, -260.585693359, -26.0255031586, -181.053634644, 67.1401824951, -200.017959595, 11.8812141418, -65.3097991943], [-76.8748931885, 1312.84350586, -169.903030396, 142.892150879, 72.846786499, -34.2784118652, 59.6563491821, 1.9057571888, 39.2118034363, -84.997215271, 104.276824951, -40.6874656677, 62.4078063965], [648.871032715, -169.903030396, 474.155181885, 24.3281745911, 49.1456604004, 144.266738892, -42.6661567688, 83.9335327148, -17.8019256592, 59.2907981873, -46.2244796753, 10.6304235458, -37.2519226074], [506.474517822, 142.892150879, 24.3281745911, 233.608444214, 24.4578418732, 10.4553537369, 56.6140632629, -8.03252696991, -3.01532793045, -38.2239456177, 9.53035926819, -3.2498486042, 10.0740222931], [-196.547424316, 72.846786499, 49.1456604004, 24.4578418732, 143.904937744, 31.063501358, 65.2094116211, -1.61720824242, 25.0922679901, -7.18102216721, 2.46190667152, -12.5620737076, 0.845523893833], [61.0449485779, -34.2784118652, 144.266738892, 10.4553537369, 31.063501358, 141.975585938, -6.24717760086, 72.529586792, -14.4818525314, 23.6499557495, -0.217204093933, 13.611328125, -8.95244789124], [-260.585693359, 59.6563491821, -42.6661567688, 56.6140632629, 65.2094116211, -6.24717760086, 149.040039062, -21.1584968567, 30.0882129669, -35.7861289978, 14.9233589172, -10.1542615891, 7.19810533524], [-26.0255031586, 1.9057571888, 83.9335327148, -8.03252696991, -1.61720824242, 72.529586792, -21.1584968567, 124.685714722, 8.24231815338, 35.6691741943, 4.79249763489, 12.3169250488, -7.73805809021], [-181.053634644, 39.2118034363, -17.8019256592, -3.01532793045, 25.0922679901, -14.4818525314, 30.0882129669, 8.24231815338, 70.7607421875, 17.7386455536, 7.76928567886, -8.99188232422, -0.186307713389], [67.1401824951, -84.997215271, 59.2907981873, -38.2239456177, -7.18102216721, 23.6499557495, -35.7861289978, 35.6691741943, 17.7386455536, 78.4946594238, 9.81175422668, 10.3930444717, -10.2070503235], [-200.017959595, 104.276824951, -46.2244796753, 9.53035926819, 2.46190667152, -0.217204093933, 14.9233589172, 4.79249763489, 7.76928567886, 9.81175422668, 63.8790473938, 18.6898918152, 10.0299158096], [11.8812141418, -40.6874656677, 10.6304235458, -3.2498486042, -12.5620737076, 13.611328125, -10.1542615891, 12.3169250488, -8.99188232422, 10.3930444717, 18.6898918152, 51.5812149048, 17.0352630615], [-65.3097991943, 62.4078063965, -37.2519226074, 10.0740222931, 0.845523893833, -8.95244789124, 7.19810533524, -7.73805809021, -0.186307713389, -10.2070503235, 10.0299158096, 17.0352630615, 48.6171417236]],
        "icov": [[0.000243907736149, -0.000120846365462, -0.000236865089391, -0.000666287553031, 0.000314972130582, 0.00015205758973, 0.000190545877558, 0.000300354062347, 0.000431765598478, -0.000682102690917, 0.000923347834032, -0.000354533083737, 0.000273649260635], [-0.000120846365462, 0.00137910584453, 0.000125193313579, -0.000167497360962, -0.000741155294236, 0.000110290224256, 0.000811493897345, -0.000851518416312, -0.000886271533091, 0.00213817390613, -0.00326096406206, 0.00240688142367, -0.00174958806019], [-0.000236865089391, 0.000125193313579, 0.00443670619279, -0.000369596877135, -0.00173692556564, -0.00308834412135, 0.000547673203982, -0.000527578871697, 0.000272349803708, -0.00192212162074, 0.00264072464779, -0.00127260049339, 0.00179230247159], [-0.000666287553031, -0.000167497360962, -0.000369596877135, 0.00729715498164, -0.000237516433117, -0.000547096831724, -0.00247525237501, -0.000601847888902, -0.000798932800535, 0.00380341964774, -0.00310594891198, 0.00091113318922, -0.00118425372057], [0.000314972130582, -0.000741155294236, -0.00173692556564, -0.000237516433117, 0.0112180970609, -0.00257844361477, -0.0040959729813, 0.00238617463037, -0.00203247903846, -0.000973801070359, 0.00143439753447, 0.0012179564219, -0.000525756389834], [0.00015205758973, 0.000110290224256, -0.00308834412135, -0.000547096831724, -0.00257844361477, 0.0148297352716, -0.00073998584412, -0.00665814662352, 0.00474452693015, -0.000722549157217, -0.0012063330505, -0.00107531086542, 0.000127259700093], [0.000190545877558, 0.000811493897345, 0.000547673203982, -0.00247525237501, -0.0040959729813, -0.00073998584412, 0.0124426586553, 0.0007057376788, -0.00492095062509, 0.0056615807116, -0.00332401855849, 0.00106684910133, -0.00016637299268], [0.000300354062347, -0.000851518416312, -0.000527578871697, -0.000601847888902, 0.00238617463037, -0.00665814662352, 0.0007057376788, 0.0140299871564, -0.00259443675168, -0.00403412384912, 0.00211122981273, -0.00249591399916, 0.00166013441049], [0.000431765598478, -0.000886271533091, 0.000272349803708, -0.000798932800535, -0.00203247903846, 0.00474452693015, -0.00492095062509, -0.00259443675168, 0.0223579593003, -0.010272225365, 0.00284764287062, 0.00194158696104, -2.21869249799e-05], [-0.000682102690917, 0.00213817390613, -0.00192212162074, 0.00380341964774, -0.000973801070359, -0.000722549157217, 0.0056615807116, -0.00403412384912, -0.010272225365, 0.027097735554, -0.011950250715, 0.00157548580319, 4.47580132459e-05], [0.000923347834032, -0.00326096406206, 0.00264072464779, -0.00310594891198, 0.00143439753447, -0.0012063330505, -0.00332401855849, 0.00211122981273, 0.00284764287062, -0.011950250715, 0.0317005440593, -0.014110641554, 0.00458077527583], [-0.000354533083737, 0.00240688142367, -0.00127260049339, 0.00091113318922, 0.0012179564219, -0.00107531086542, 0.00106684910133, -0.00249591399916, 0.00194158696104, 0.00157548580319, -0.014110641554, 0.0327405594289, -0.0137270567939], [0.000273649260635, -0.00174958806019, 0.00179230247159, -0.00118425372057, -0.000525756389834, 0.000127259700093, -0.00016637299268, 0.00166013441049, -2.21869249799e-05, 4.47580132459e-05, 0.00458077527583, -0.0137270567939, 0.028996694833]]
    },
    "melbands": {
        "dmean": [0.000389519555029, 0.000761374423746, 0.000717870832887, 0.000515887048095, 0.000316412770189, 0.000157474350999, 0.000179753566044, 0.000194105494302, 9.41078469623e-05, 4.15717113356e-05, 3.23689564539e-05, 5.37269988854e-05, 6.55280309729e-05, 2.52492554864e-05, 2.09874997381e-05, 1.97384251805e-05, 1.5208403056e-05, 1.29635718622e-05, 1.52732245624e-05, 1.81800260179e-05, 1.63900313055e-05, 1.5001383872e-05, 1.93819578271e-05, 1.51718040797e-05, 1.19344740597e-05, 1.17580584629e-05, 6.7165829023e-06, 5.94476614424e-06, 3.37521396432e-06, 2.87958073386e-06, 2.69274141829e-06, 2.93578091259e-06, 1.33021524107e-06, 6.98835492585e-07, 5.01031024669e-07, 4.48698273203e-07, 3.82648892128e-07, 3.1730161254e-07, 2.34321504422e-07, 1.97158541937e-07],
        "dmean2": [0.00063290289836, 0.00117450475227, 0.00116294936743, 0.000866098678671, 0.000521951587871, 0.00025901364279, 0.00024655344896, 0.00029991575866, 0.000141312542837, 5.84808003623e-05, 4.9923419283e-05, 8.15395687823e-05, 0.000106427411083, 4.05170394515e-05, 3.34946016665e-05, 3.17596241075e-05, 2.49558215728e-05, 2.14280153159e-05, 2.53779617196e-05, 2.99125749734e-05, 2.74396843452e-05, 2.47961834248e-05, 3.20137005474e-05, 2.63119763986e-05, 1.97829922399e-05, 1.87803034351e-05, 1.10446626422e-05, 9.56721032708e-06, 5.78526851314e-06, 4.84262909595e-06, 4.38218239651e-06, 5.14278826813e-06, 2.13070052268e-06, 1.01902367078e-06, 6.86087275881e-07, 6.60165710542e-07, 5.26652968347e-07, 4.55597472637e-07, 3.38172071679e-07, 2.61975685589e-07],
        "dvar": [8.07884930509e-07, 2.23279971578e-06, 2.52805443779e-06, 1.41221198646e-06, 6.7565002837e-07, 4.81453987788e-08, 7.20347301808e-08, 8.66379963327e-08, 3.96381985013e-08, 4.66291361079e-09, 3.2942544248e-09, 7.25990290107e-09, 1.31802950776e-08, 1.54190471502e-09, 8.61291982179e-10, 1.84388715407e-09, 1.10210141013e-09, 1.20729104491e-09, 9.5006114087e-10, 1.56265533846e-09, 8.3958962005e-10, 4.36133379411e-10, 1.08571240887e-09, 1.1215185447e-09, 4.9552384418e-10, 7.02987446033e-10, 1.58017501861e-10, 9.70062849492e-11, 5.10012414245e-11, 7.19330636723e-11, 9.5758630192e-11, 1.71471919996e-10, 1.05116158833e-11, 3.02380646564e-12, 1.82204663683e-12, 1.7640418206e-12, 1.20648879342e-12, 1.54754150033e-12, 6.17518351991e-13, 3.20542041261e-13],
        "dvar2": [1.96503401639e-06, 5.00925852975e-06, 6.4934670263e-06, 3.99767259296e-06, 1.82601331744e-06, 1.30827515932e-07, 1.25400134721e-07, 2.24337156851e-07, 8.80984813989e-08, 7.95976884405e-09, 6.95311452859e-09, 1.56999426792e-08, 3.4734679133e-08, 3.79115849825e-09, 2.03974193091e-09, 4.47313519558e-09, 2.812387212e-09, 3.07719538739e-09, 2.26039542639e-09, 3.41932238079e-09, 2.25710627966e-09, 1.11620435117e-09, 2.6263253794e-09, 3.15749915103e-09, 1.28689581214e-09, 1.6709829076e-09, 3.79931086592e-10, 2.29631327842e-10, 1.3233215912e-10, 1.83709589208e-10, 2.28996197005e-10, 4.78486250621e-10, 2.43495276026e-11, 6.00300451709e-12, 2.95096325847e-12, 2.92985058957e-12, 2.19854646641e-12, 2.95688560442e-12, 1.22241919278e-12, 5.47706790945e-13],
        "max": [0.0109069691971, 0.0213513150811, 0.0188222303987, 0.0217080190778, 0.0132507365197, 0.0059528532438, 0.00762925017625, 0.00537659693509, 0.00599052989855, 0.00205785036087, 0.00212680129334, 0.00182511634193, 0.0018921274459, 0.000731464475393, 0.000523162598256, 0.00175925041549, 0.00145358755253, 0.00201256736182, 0.00112171319779, 0.00227294676006, 0.000676456955262, 0.000324172229739, 0.000673955015372, 0.000522836460732, 0.00031602816307, 0.000897694379091, 0.000252081750659, 0.000188384976354, 9.55338036874e-05, 9.6795920399e-05, 0.000110919776489, 0.000140554504469, 5.82399188715e-05, 2.89040544885e-05, 1.77479214472e-05, 3.3034466469e-05, 3.1217958167e-05, 4.64014374302e-05, 1.93769046746e-05, 1.29365043904e-05],
        "mean": [0.000491418002639, 0.00104568130337, 0.000941325211897, 0.000902464147657, 0.000570342701394, 0.000350652291672, 0.000454027438536, 0.000387594860513, 0.000187891477253, 9.48823799263e-05, 6.35386750218e-05, 9.65218205238e-05, 0.000103053920611, 4.43941862613e-05, 3.75771487597e-05, 3.30059447151e-05, 2.42077330768e-05, 2.34732779063e-05, 2.83700901491e-05, 3.20815306623e-05, 3.0139075534e-05, 3.04460445477e-05, 3.40166334354e-05, 2.46661693382e-05, 2.15367526835e-05, 1.96652435989e-05, 1.31786428028e-05, 1.17934869195e-05, 6.61024660076e-06, 4.90142792842e-06, 4.49174967798e-06, 3.42398971043e-06, 2.35916240854e-06, 1.21173172829e-06, 8.46311252189e-07, 6.82292750298e-07, 5.88398279433e-07, 4.50831350918e-07, 3.66227567383e-07, 2.89778455453e-07],
        "median": [0.000166607394931, 0.000309964758344, 0.000321972678648, 0.000501584960148, 0.000326396286255, 0.000222869231948, 0.000243535090704, 0.000272440578556, 9.51298570726e-05, 4.92346698593e-05, 4.05947939726e-05, 5.38745807717e-05, 5.4172003729e-05, 2.40143017436e-05, 2.30952373386e-05, 1.65311084857e-05, 1.35133332151e-05, 1.34590773087e-05, 1.60650943144e-05, 1.76302419277e-05, 1.71997071448e-05, 1.98884554266e-05, 1.8992659534e-05, 1.21552429846e-05, 1.1386649021e-05, 8.20352488518e-06, 6.90350680088e-06, 5.50544609723e-06, 2.28531303037e-06, 1.32010632115e-06, 9.94013475974e-07, 7.05665343048e-07, 8.89028910933e-07, 4.55499645113e-07, 2.4205741056e-07, 1.65961552057e-07, 1.40980333185e-07, 8.61670628183e-08, 7.68203847201e-08, 5.04900903309e-08],
        "min": [7.36502392561e-24, 1.01750647991e-23, 6.89615971343e-24, 1.22514957964e-23, 1.44345216235e-23, 4.728094239e-24, 8.98206256357e-24, 2.82066426613e-24, 4.81369471911e-24, 8.31376800366e-24, 1.51234306966e-23, 1.52617984771e-23, 4.36823916543e-24, 1.12711649388e-23, 1.00552368276e-23, 8.93206613712e-24, 6.92326655186e-24, 1.44765710652e-23, 6.08447469564e-24, 9.56431212025e-24, 8.68367513731e-24, 1.09675986407e-23, 1.36588914934e-23, 1.00211919576e-23, 1.28163770025e-23, 8.03578052041e-24, 1.16491216092e-23, 1.65379766288e-23, 9.05537614066e-24, 1.74941722869e-23, 1.16004662463e-23, 1.18089180073e-23, 1.28749814792e-23, 1.38333938365e-23, 9.82881639291e-24, 1.14508587756e-23, 1.18825471287e-23, 1.03840277421e-23, 1.04649751261e-23, 9.26801596425e-24],
        "var": [8.24634696528e-07, 3.01768272948e-06, 2.58279033005e-06, 1.66707843618e-06, 7.70611450207e-07, 1.50518914666e-07, 3.92811443817e-07, 1.64123491686e-07, 1.03727792578e-07, 2.28575700589e-08, 8.99178687064e-09, 1.66474034557e-08, 2.20802220952e-08, 3.16155346347e-09, 1.758832191e-09, 3.02035219057e-09, 1.42424072536e-09, 2.03287919831e-09, 1.83062176529e-09, 2.89973756118e-09, 1.46113976474e-09, 1.02462160978e-09, 1.96639149408e-09, 1.47434475739e-09, 8.16523793024e-10, 1.24182386596e-09, 3.12155856719e-10, 2.52934562184e-10, 1.26115701216e-10, 1.05427978847e-10, 1.29055752196e-10, 1.28794280796e-10, 1.775418354e-11, 5.74455066849e-12, 4.11426968883e-12, 3.30264786873e-12, 2.40988218964e-12, 2.55431678413e-12, 1.21665102038e-12, 6.32811186264e-13]
    },
    "mfcc": {
        "mean": [-637.733154297, 130.481201172, -20.7354984283, 35.2031059265, -4.37484121323, -5.75044059753, -6.2235455513, 1.06891036034, -5.53252887726, -4.607899189, -3.74075388908, -1.37334859371, 2.8325753212],
        "cov": [[4952.93359375, -5.74500179291, 194.406021118, 270.799713135, 26.1819038391, 45.5415763855, 2.27580928802, -27.127696991, 28.4420433044, -13.6168031693, -17.7704582214, -22.6643238068, -45.6267051697], [-5.74500179291, 893.530700684, -77.0658187866, 80.4124984741, 42.1196289062, -23.1314582825, 22.091217041, 51.2604980469, -17.1172504425, 22.71043396, 3.93633937836, 13.8707084656, 47.4436607361], [194.406021118, -77.0658187866, 352.79385376, -47.1027374268, 112.714179993, 23.9312591553, 51.9134750366, 29.5734500885, 35.6332015991, 29.597530365, 20.8925075531, 14.168554306, -0.0087155001238], [270.799713135, 80.4124984741, -47.1027374268, 202.062423706, -26.579460144, 38.7203216553, 20.0491981506, 31.8052501678, 9.28584766388, -4.16976547241, -6.43824625015, -13.2135343552, 11.0309247971], [26.1819038391, 42.1196289062, 112.714179993, -26.579460144, 131.347290039, 18.3558540344, 31.3745479584, 15.03211689, 21.0935745239, 27.0133190155, 11.9667673111, 14.8548946381, 4.2253408432], [45.5415763855, -23.1314582825, 23.9312591553, 38.7203216553, 18.3558540344, 86.4902954102, 36.4938774109, 16.5469779968, 14.3634004593, -0.299871236086, 2.71652245522, -3.42530989647, -4.55744981766], [2.27580928802, 22.091217041, 51.9134750366, 20.0491981506, 31.3745479584, 36.4938774109, 93.810256958, 45.9734725952, 12.2483472824, 5.33440494537, -0.949753701687, 7.85209465027, 19.673532486], [-27.127696991, 51.2604980469, 29.5734500885, 31.8052501678, 15.03211689, 16.5469779968, 45.9734725952, 79.0596618652, 24.4139137268, 5.07115077972, -3.19460773468, 0.877697169781, 18.1499347687], [28.4420433044, -17.1172504425, 35.6332015991, 9.28584766388, 21.0935745239, 14.3634004593, 12.2483472824, 24.4139137268, 62.4412155151, 26.5889282227, 5.33552837372, 1.69486951828, -3.34446549416], [-13.6168031693, 22.71043396, 29.597530365, -4.16976547241, 27.0133190155, -0.299871236086, 5.33440494537, 5.07115077972, 26.5889282227, 60.6360664368, 23.0550899506, 4.45722579956, -1.98035144806], [-17.7704582214, 3.93633937836, 20.8925075531, -6.43824625015, 11.9667673111, 2.71652245522, -0.949753701687, -3.19460773468, 5.33552837372, 23.0550899506, 52.0683631897, 21.9910926819, 0.28291028738], [-22.6643238068, 13.8707084656, 14.168554306, -13.2135343552, 14.8548946381, -3.42530989647, 7.85209465027, 0.877697169781, 1.69486951828, 4.45722579956, 21.9910926819, 59.38230896, 21.6774578094], [-45.6267051697, 47.4436607361, -0.0087155001238, 11.0309247971, 4.2253408432, -4.55744981766, 19.673532486, 18.1499347687, -3.34446549416, -1.98035144806, 0.28291028738, 21.6774578094, 66.1431121826]],
