{
"lowlevel": {
    "average_loudness": 0.721590638161,
    "barkbands_crest": {
        "dmean": 2.07890820503,
        "dmean2": 3.40147399902,
        "dvar": 4.0585026741,
        "dvar2": 10.6990222931,
        "max": 26.6579418182,
        "mean": 9.94581413269,
        "median": 8.72193908691,
        "min": 3.05047750473,
        "var": 20.4827384949
    },
    "barkbands_flatness_db": {
        "dmean": 0.0182168856263,
        "dmean2": 0.0280008725822,
        "dvar": 0.000323806714732,
        "dvar2": 0.000722066499293,
        "max": 0.583731234074,
        "mean": 0.184167787433,
        "median": 0.167065173388,
        "min": 0.0430025048554,
        "var": 0.00607538968325
    },
    "barkbands_kurtosis": {
        "dmean": 2.46084070206,
        "dmean2": 3.90454220772,
        "dvar": 62.1537818909,
        "dvar2": 163.029724121,
        "max": 469.097961426,
        "mean": 3.78806471825,
        "median": 1.51005411148,
        "min": -1.9576253891,
        "var": 111.812591553
    },
    "barkbands_skewness": {
        "dmean": 0.456390529871,
        "dmean2": 0.712367892265,
        "dvar": 0.320282369852,
        "dvar2": 0.7698122859,
        "max": 14.9121313095,
        "mean": 1.00313711166,
        "median": 0.989942073822,
        "min": -4.53726387024,
        "var": 1.29219222069
    },
    "barkbands_spread": {
        "dmean": 2.46289038658,
        "dmean2": 3.99116373062,
        "dvar": 22.1691379547,
        "dvar2": 64.2922286987,
        "max": 154.751647949,
        "mean": 13.5413475037,
        "median": 12.594543457,
        "min": 0.0614995360374,
        "var": 102.17628479
    },
    "dissonance": {
        "dmean": 0.0250496212393,
        "dmean2": 0.0423723980784,
        "dvar": 0.000637238961644,
        "dvar2": 0.00178619136568,
        "max": 0.499999970198,
        "mean": 0.437402188778,
        "median": 0.451112955809,
        "min": 0.205787956715,
        "var": 0.00253037223592
    },
    "dynamic_complexity": 4.58903980255,
    "erbbands_crest": {
        "dmean": 2.24849247932,
        "dmean2": 3.3939576149,
        "dvar": 4.61724710464,
        "dvar2": 10.1562013626,
        "max": 33.401386261,
        "mean": 12.2424039841,
        "median": 10.6003141403,
        "min": 2.41325163841,
        "var": 38.0123710632
    },
    "erbbands_flatness_db": {
        "dmean": 0.0188309252262,
        "dmean2": 0.0274027418345,
        "dvar": 0.000401489436626,
        "dvar2": 0.000784982985351,
        "max": 0.504193723202,
        "mean": 0.224362537265,
        "median": 0.214506655931,
        "min": 0.0333378314972,
        "var": 0.0054203053005
    },
    "erbbands_kurtosis": {
        "dmean": 1.13325929642,
        "dmean2": 1.72122836113,
        "dvar": 5.06368923187,
        "dvar2": 10.5984191895,
        "max": 57.8834266663,
        "mean": 1.61301612854,
        "median": 0.341929912567,
        "min": -1.79781413078,
        "var": 18.1674175262
    },
    "erbbands_skewness": {
        "dmean": 0.306471019983,
        "dmean2": 0.470386266708,
        "dvar": 0.0991582274437,
        "dvar2": 0.217710897326,
        "max": 5.80422353745,
        "mean": 0.411795079708,
        "median": 0.373451888561,
        "min": -4.03229236603,
        "var": 0.972540795803
    },
    "erbbands_spread": {
        "dmean": 3.30625653267,
        "dmean2": 5.01532745361,
        "dvar": 11.1329450607,
        "dvar2": 23.6375865936,
        "max": 184.557785034,
        "mean": 20.6013965607,
        "median": 20.2881240845,
        "min": 1.01280319691,
        "var": 105.885101318
    },
    "hfc": {
        "dmean": 3.10853815079,
        "dmean2": 4.72240591049,
        "dvar": 22.2939167023,
        "dvar2": 50.8733406067,
        "max": 100.225944519,
        "mean": 15.7791671753,
        "median": 14.4635028839,
        "min": 1.19605816713e-16,
        "var": 193.871917725
    },
    "melbands_crest": {
        "dmean": 2.71805286407,
        "dmean2": 4.49531602859,
        "dvar": 6.9692697525,
        "dvar2": 17.5784511566,
        "max": 34.2304115295,
        "mean": 13.0220365524,
        "median": 11.6686992645,
        "min": 1.6118966341,
        "var": 31.871925354
    },
    "melbands_flatness_db": {
        "dmean": 0.0189326927066,
        "dmean2": 0.0298238098621,
        "dvar": 0.000356481701601,
        "dvar2": 0.000804991461337,
        "max": 0.715500950813,
        "mean": 0.265806019306,
        "median": 0.246511667967,
        "min": 0.00358171900734,
        "var": 0.00931810121983
    },
    "melbands_kurtosis": {
        "dmean": 2.76225161552,
        "dmean2": 4.30317115784,
        "dvar": 21.78748703,
        "dvar2": 48.0345573425,
        "max": 188.011291504,
        "mean": 5.66380596161,
        "median": 3.22999739647,
        "min": -1.82037007809,
        "var": 88.3781280518
    },
    "melbands_skewness": {
        "dmean": 0.459039837122,
        "dmean2": 0.701774299145,
        "dvar": 0.233077153563,
        "dvar2": 0.506604671478,
        "max": 11.2197055817,
        "mean": 1.54700434208,
        "median": 1.45317411423,
        "min": -2.39133095741,
        "var": 1.13827800751
    },
    "melbands_spread": {
        "dmean": 3.35413622856,
        "dmean2": 5.40912675858,
        "dvar": 23.8920345306,
        "dvar2": 57.9055213928,
        "max": 247.026382446,
        "mean": 20.9980258942,
        "median": 15.6441764832,
        "min": 0.223019510508,
        "var": 1137.51037598
    },
    "pitch_salience": {
        "dmean": 0.0595146417618,
        "dmean2": 0.0971836745739,
        "dvar": 0.00299760443158,
        "dvar2": 0.00802018586546,
        "max": 0.982702374458,
        "mean": 0.559496700764,
        "median": 0.569665551186,
        "min": 0.0692604258657,
        "var": 0.0121512450278
    },
    "silence_rate_20dB": {
        "dmean": 0,
        "dmean2": 0,
        "dvar": 0,
        "dvar2": 0,
        "max": 1,
        "mean": 1,
        "median": 1,
        "min": 1,
        "var": 0
    },
    "silence_rate_30dB": {
        "dmean": 0.00736850360408,
        "dmean2": 0.0147381620482,
        "dvar": 0.00731382798404,
        "dvar2": 0.0181256197393,
        "max": 1,
        "mean": 0.994434893131,
        "median": 1,
        "min": 0,
        "var": 0.00553395086899
    },
    "silence_rate_60dB": {
        "dmean": 0.022575840354,
        "dmean2": 0.0451552197337,
        "dvar": 0.0220661871135,
        "dvar2": 0.0484417155385,
        "max": 1,
        "mean": 0.140617653728,
        "median": 0,
        "min": 0,
        "var": 0.120844721794
    },
    "spectral_centroid": {
        "dmean": 101.21446991,
        "dmean2": 162.928909302,
        "dvar": 15569.6132812,
        "dvar2": 32280.078125,
        "max": 11453.2763672,
        "mean": 890.958557129,
        "median": 794.550476074,
        "min": 218.260986328,
        "var": 465363.75
    },
    "spectral_complexity": {
        "dmean": 1.84181237221,
        "dmean2": 3.03198504448,
        "dvar": 3.31042671204,
        "dvar2": 8.08430862427,
        "max": 45,
        "mean": 15.6578617096,
        "median": 18,
        "min": 0,
        "var": 73.0785522461
    },
    "spectral_decrease": {
        "dmean": 1.80029902097e-09,
        "dmean2": 2.85876455841e-09,
        "dvar": 1.04131798624e-17,
        "dvar2": 2.65438436994e-17,
        "max": 2.16159353833e-16,
        "mean": -6.47312026203e-09,
        "median": -5.90175286419e-09,
        "min": -6.559372423e-08,
        "var": 3.22804785594e-17
    },
    "spectral_energy": {
        "dmean": 0.00702391704544,
        "dmean2": 0.0111266402528,
        "dvar": 0.000156424488523,
        "dvar2": 0.000397426134441,
        "max": 0.255172222853,
        "mean": 0.0258621461689,
        "median": 0.0236800573766,
        "min": 1.06143299215e-20,
        "var": 0.000509629084263
    },
    "spectral_energyband_high": {
        "dmean": 6.27344415989e-05,
        "dmean2": 9.83412173809e-05,
        "dvar": 3.02065643609e-08,
        "dvar2": 6.88699088869e-08,
        "max": 0.00541411945596,
        "mean": 0.000164382305229,
        "median": 4.0888080548e-05,
        "min": 7.59661348819e-21,
        "var": 1.10575783197e-07
    },
    "spectral_energyband_low": {
        "dmean": 0.00345274875872,
        "dmean2": 0.00564704323187,
        "dvar": 4.04573074775e-05,
        "dvar2": 0.000101149882539,
        "max": 0.129535377026,
        "mean": 0.00579831935465,
        "median": 0.00315339956433,
        "min": 5.11656066651e-23,
        "var": 6.55570984236e-05
    },
    "spectral_energyband_middle_high": {
        "dmean": 0.00142287719063,
        "dmean2": 0.00214542588219,
        "dvar": 4.65476477984e-06,
        "dvar2": 1.07825271698e-05,
        "max": 0.054703257978,
        "mean": 0.00585306342691,
        "median": 0.00483661843464,
        "min": 1.61480710823e-21,
        "var": 3.28048590745e-05
    },
    "spectral_energyband_middle_low": {
        "dmean": 0.00493281008676,
        "dmean2": 0.00797738414258,
        "dvar": 9.36400028877e-05,
        "dvar2": 0.000250579847489,
        "max": 0.206970870495,
        "mean": 0.0158089064062,
        "median": 0.0120679521933,
        "min": 3.13378591805e-22,
        "var": 0.000249045551755
    },
    "spectral_entropy": {
        "dmean": 0.129866540432,
        "dmean2": 0.201069131494,
        "dvar": 0.0216041076928,
        "dvar2": 0.0469568669796,
        "max": 9.80479049683,
        "mean": 6.88613939285,
        "median": 7.00060081482,
        "min": 3.59320664406,
        "var": 0.534780502319
    },
    "spectral_flux": {
        "dmean": 0.0179734230042,
        "dmean2": 0.0290710330009,
        "dvar": 0.000616915465798,
        "dvar2": 0.00139462877996,
        "max": 0.375419169664,
        "mean": 0.0640922039747,
        "median": 0.0623816326261,
        "min": 1.03025872555e-10,
        "var": 0.00190646655392
    },
    "spectral_kurtosis": {
        "dmean": 5.81844711304,
        "dmean2": 9.91732501984,
        "dvar": 103.063545227,
        "dvar2": 284.166381836,
        "max": 319.719177246,
        "mean": 18.7670021057,
        "median": 11.2082595825,
        "min": -1.23089456558,
        "var": 557.450378418
    },
    "spectral_rms": {
        "dmean": 0.000604112981819,
        "dmean2": 0.000933047092985,
        "dvar": 6.35635956314e-07,
        "dvar2": 1.49055665588e-06,
        "max": 0.0157781019807,
        "mean": 0.00445142900571,
        "median": 0.00480650551617,
        "min": 3.21798750841e-12,
        "var": 5.41594363312e-06
    },
    "spectral_rolloff": {
        "dmean": 140.14012146,
        "dmean2": 242.225311279,
        "dvar": 94664.2890625,
        "dvar2": 225428.671875,
        "max": 19659.8144531,
        "mean": 1418.67553711,
        "median": 947.4609375,
        "min": 43.06640625,
        "var": 9037028
    },
    "spectral_skewness": {
        "dmean": 0.426235347986,
        "dmean2": 0.727023124695,
        "dvar": 0.309647500515,
        "dvar2": 0.906023621559,
        "max": 14.3287248611,
        "mean": 2.89796066284,
        "median": 2.4266409874,
        "min": -0.0495364144444,
        "var": 2.35328578949
    },
    "spectral_spread": {
        "dmean": 436236.96875,
        "dmean2": 682395.75,
        "dvar": 376898125824,
        "dvar2": 753247322112,
        "max": 42095548,
        "mean": 3082594.75,
        "median": 2666674,
        "min": 252219.90625,
        "var": 3.87581739008e+12
    },
    "spectral_strongpeak": {
        "dmean": 0.566170394421,
        "dmean2": 0.956430792809,
        "dvar": 0.792871236801,
        "dvar2": 1.94886410236,
        "max": 10.3821268082,
        "mean": 1.31851124763,
        "median": 0.759575843811,
        "min": 0,
        "var": 2.02885556221
    },
    "zerocrossingrate": {
        "dmean": 0.00450135814026,
        "dmean2": 0.00596249755472,
        "dvar": 4.27538470831e-05,
        "dvar2": 6.39064237475e-05,
        "max": 0.6474609375,
        "mean": 0.0528272241354,
        "median": 0.037109375,
        "min": 0.0029296875,
        "var": 0.00886968430132
    },
    "barkbands": {
        "dmean": [0.000192898951354, 0.000849665375426, 0.0021909463685, 0.00166679080576, 0.00191829528194, 0.00169461069163, 0.00103919487447, 0.000861730659381, 0.000459443224827, 0.000496635097079, 0.000505293894093, 0.000526120827999, 0.00040962206549, 0.000248758879025, 0.000202157665626, 0.000128838990349, 0.000157123489771, 7.38984090276e-05, 5.73150136916e-05, 2.75317852356e-05, 1.41411364893e-05, 1.07425385067e-05, 8.01049282018e-06, 9.61222212936e-06, 1.07391651909e-05, 1.29413474497e-05, 3.29675276589e-06],
        "dmean2": [0.000345672655385, 0.00146711920388, 0.00362365087494, 0.00290335598402, 0.00317542138509, 0.00275537418202, 0.00170625944156, 0.00117870024405, 0.000624841952231, 0.00068759941496, 0.000765861535911, 0.00082521722652, 0.000601320643909, 0.000381892023142, 0.000332283496391, 0.000212563827517, 0.000263014546363, 0.00012628940749, 9.62724370765e-05, 4.62910102215e-05, 2.34904018726e-05, 1.74413107743e-05, 1.28478404804e-05, 1.50091827891e-05, 1.71829997271e-05, 2.0661709641e-05, 5.3223757277e-06],
        "dvar": [1.10797316211e-07, 2.36950222643e-06, 1.66839708982e-05, 1.43849292726e-05, 4.33272216469e-05, 9.38308949117e-06, 4.47803222414e-06, 3.09506276608e-06, 8.34657043924e-07, 7.02865861513e-07, 1.23504094063e-06, 1.38183054332e-06, 6.60754494675e-07, 4.76153729778e-07, 1.5767932382e-07, 7.21330977171e-08, 8.88115607722e-08, 2.1627290181e-08, 1.36606681522e-08, 3.09045855573e-09, 8.16670786552e-10, 6.39978070538e-10, 4.71399641544e-10, 1.74522929441e-09, 2.27044183454e-09, 3.94805654835e-09, 3.18830795099e-10],
        "dvar2": [3.50669608906e-07, 6.55574331176e-06, 4.30411237176e-05, 3.85223975172e-05, 0.00011753533181, 2.44279162871e-05, 1.33154862851e-05, 6.15195676801e-06, 1.36547657803e-06, 1.31195588438e-06, 2.63997685579e-06, 3.24779080074e-06, 1.23602831081e-06, 1.02876845176e-06, 3.59531355798e-07, 1.87168495813e-07, 2.4540148047e-07, 6.25542426747e-08, 3.72347379596e-08, 8.48803960452e-09, 2.16820894572e-09, 1.53480450571e-09, 1.09289410855e-09, 4.33525615406e-09, 5.38866640198e-09, 8.94238549876e-09, 7.60697893565e-10],
        "max": [0.0115553727373, 0.0383664704859, 0.0949902534485, 0.0495585910976, 0.15608304739, 0.0577672868967, 0.0552188083529, 0.0502336993814, 0.0361111089587, 0.0257512591779, 0.0353297144175, 0.0494751706719, 0.0261312313378, 0.0245506763458, 0.0199770536274, 0.0110502066091, 0.00473199458793, 0.0037170748692, 0.00334051041864, 0.00152536365204, 0.000665373576339, 0.000628774170764, 0.000522443093359, 0.000921526516322, 0.00289226113819, 0.00224914564751, 0.000468953570817],
        "mean": [0.000372496986529, 0.00132468005177, 0.00262457155623, 0.0023607481271, 0.00327653996646, 0.00363194616511, 0.00227722665295, 0.00229598395526, 0.00133507524151, 0.00126993947197, 0.000981474411674, 0.00108678592369, 0.00107770320028, 0.000519499531947, 0.000401070021326, 0.00025386273046, 0.000294615048915, 0.000145564845297, 0.000130543063278, 6.75310438965e-05, 3.89725719288e-05, 2.50483026321e-05, 1.69597642525e-05, 1.70621151483e-05, 1.82740222954e-05, 1.47582613863e-05, 3.22946902998e-06],
        "median": [0.000136151356855, 0.000852525525261, 0.000826652394608, 0.000653043622151, 0.00157490023412, 0.00181250064634, 0.0010032808641, 0.000607069814578, 0.000474871136248, 0.000474986009067, 0.000304389512166, 0.000348693574779, 0.000254651036812, 9.06389250304e-05, 0.000148550985614, 8.80942097865e-05, 0.00011179537978, 5.95235760557e-05, 5.83177243243e-05, 2.60119086306e-05, 1.07478372229e-05, 5.38158383279e-06, 2.62863659373e-06, 1.51528479364e-06, 1.58810098583e-06, 5.17852868143e-07, 8.71335430475e-08],
        "min": [4.02331809655e-23, 1.6210378472e-23, 1.27514214067e-23, 1.91988170838e-23, 3.58482534476e-23, 3.30532529961e-23, 7.0381040315e-23, 5.39880752533e-23, 8.90862008661e-23, 3.57029547352e-23, 5.23847627951e-23, 4.29714938724e-23, 8.91167834257e-23, 1.15204716484e-22, 1.87824386276e-22, 1.25628850703e-22, 2.1171311397e-22, 2.63819219539e-22, 3.74889850495e-22, 2.31554177426e-22, 5.79741477555e-22, 3.81509668289e-22, 4.38333477616e-22, 9.42529393971e-22, 1.20298708155e-21, 1.55713700892e-21, 2.61442125409e-21],
        "var": [3.62267400078e-07, 3.95827464672e-06, 1.99354853976e-05, 2.00005160877e-05, 4.30870932178e-05, 2.43284484895e-05, 1.40195488711e-05, 2.31791527767e-05, 8.22158926894e-06, 4.8069841796e-06, 3.70481166101e-06, 5.37385949428e-06, 4.29737337981e-06, 2.11814472095e-06, 9.45650810991e-07, 2.16543284637e-07, 2.03301979695e-07, 4.86074149819e-08, 4.05302671425e-08, 1.10199867009e-08, 4.18365520005e-09, 2.57309507035e-09, 1.5116262686e-09, 2.80215606274e-09, 6.31386098959e-09, 5.7757136851e-09, 3.786672087e-10]
    },
    "erbbands": {
        "dmean": [0.0194443147629, 0.239378347993, 1.94630181789, 4.54478645325, 5.34412002563, 7.04876041412, 7.76393985748, 16.5762290955, 17.5975551605, 13.4592123032, 17.8822402954, 12.1483373642, 12.1657438278, 15.0216817856, 21.8611087799, 21.4606494904, 19.3609905243, 14.8981218338, 8.92076015472, 8.58662986755, 8.02203464508, 5.76379203796, 3.87349438667, 3.4851064682, 2.53365945816, 1.52429151535, 0.710640847683, 0.431692332029, 0.422618031502, 0.250015437603, 0.236075431108, 0.156310811639, 0.196944087744, 0.120824195445, 0.0878487154841, 0.0508004128933, 0.0222981534898, 0.00545080844313, 0.000683150778059, 3.09533024847e-05],
        "dmean2": [0.0323502905667, 0.408299446106, 3.17632460594, 7.67365932465, 9.4109210968, 11.4699649811, 12.0211029053, 27.2685947418, 29.3530406952, 19.5231437683, 24.4734954834, 16.1739311218, 16.4422264099, 21.5916461945, 34.3411521912, 32.3567771912, 28.214132309, 22.871629715, 14.2529554367, 14.3309602737, 13.3264160156, 9.61626434326, 6.62615633011, 5.88277721405, 4.28840494156, 2.5846529007, 1.18707478046, 0.710285007954, 0.700298428535, 0.399333536625, 0.380413234234, 0.238227009773, 0.321394324303, 0.194897890091, 0.142113402486, 0.082367695868, 0.0350818708539, 0.00864956155419, 0.0011010626331, 4.85610144096e-05],
        "dvar": [0.00133795943111, 0.200928255916, 13.1229162216, 88.6356506348, 357.539733887, 470.795593262, 169.780273438, 916.009643555, 1204.67956543, 790.195983887, 1564.64916992, 657.229187012, 534.932373047, 720.348022461, 2183.83251953, 2227.59985352, 1516.875, 1561.47827148, 465.482177734, 256.441101074, 198.07749939, 116.731086731, 66.6349487305, 63.8986206055, 27.6398792267, 9.67554569244, 2.01372075081, 0.861681878567, 1.10329687595, 0.377037316561, 0.410064131021, 0.225083112717, 1.18171083927, 0.218185663223, 0.224616318941, 0.0598941855133, 0.0107416016981, 0.00106998067349, 1.25241813294e-05, 2.13923048165e-08],
        "dvar2": [0.00369097059593, 0.542721629143, 33.4915885925, 218.341995239, 1016.39715576, 1233.35961914, 405.255401611, 2465.86621094, 3617.06298828, 1750.57104492, 3076.09399414, 1043.3182373, 841.642456055, 1493.5715332, 5356.22070312, 4543.22753906, 2788.55419922, 3411.94506836, 985.512329102, 704.751098633, 529.550109863, 324.330169678, 192.655822754, 177.686203003, 78.9535369873, 26.9934272766, 5.38038921356, 2.15800857544, 2.76653242111, 0.836967170238, 0.969559729099, 0.464657306671, 3.17606854439, 0.541920006275, 0.509904205799, 0.137610316277, 0.0230243671685, 0.00235627079383, 2.98852883134e-05, 5.09555739825e-08],
        "max": [1.88850176334, 10.1319713593, 99.2864227295, 149.824996948, 466.855865479, 487.003356934, 326.02935791, 578.559020996, 827.982849121, 815.960266113, 1346.9354248, 996.515625, 1005.41247559, 550.7890625, 1071.6340332, 2540.60083008, 1278.36547852, 1311.29431152, 1206.38989258, 313.120819092, 331.694885254, 165.700088501, 252.175842285, 236.239929199, 192.036361694, 74.0783309937, 30.5693149567, 20.4495258331, 28.473985672, 27.7120037079, 14.601975441, 25.4277667999, 21.348608017, 31.7735614777, 37.0956001282, 7.12805652618, 4.71640348434, 1.02309513092, 0.0999639928341, 0.00365937990136],
        "mean": [0.0419903211296, 0.31567171216, 2.48246622086, 6.59399366379, 7.15654468536, 12.1194925308, 19.2874736786, 32.4117546082, 36.5239257812, 34.6161079407, 49.0016136169, 39.3682975769, 36.5140190125, 34.7770690918, 44.0833244324, 53.4293937683, 53.9839706421, 33.9188537598, 20.0756530762, 17.2583618164, 16.784954071, 11.8794288635, 8.44224739075, 7.95969724655, 5.56727313995, 3.65203309059, 1.96940875053, 1.22601032257, 0.956476509571, 0.605542898178, 0.477135181427, 0.334312796593, 0.293648004532, 0.209408536553, 0.138477966189, 0.0620691999793, 0.025840844959, 0.00617041951045, 0.000664923223667, 5.34866194357e-05],
        "median": [0.0222122147679, 0.147044748068, 0.849351286888, 2.173183918, 3.07666134834, 5.29689407349, 9.48578071594, 15.4475402832, 18.3096675873, 12.1208848953, 14.1578960419, 14.5047006607, 12.3764305115, 15.3401870728, 20.6953163147, 20.5711250305, 16.6875801086, 8.85811805725, 7.79069709778, 7.76120853424, 7.48463058472, 5.27796173096, 3.78659915924, 3.61683797836, 2.47913312912, 1.44513130188, 0.630415678024, 0.331089526415, 0.202493697405, 0.130143627524, 0.0693971216679, 0.0314298123121, 0.0272089596838, 0.0232318714261, 0.00879542157054, 0.00333590293303, 0.000819988315925, 0.000165422592545, 3.03069791698e-05, 3.13100536005e-05],
        "min": [7.004878851e-22, 3.36413870449e-21, 1.41086962581e-20, 3.51208480381e-20, 1.21872797722e-19, 1.10385249417e-19, 1.63742392658e-19, 3.13573830461e-19, 5.23094905609e-19, 1.21215563951e-18, 1.4543359249e-18, 1.7431445882e-18, 1.91814850206e-18, 1.92922445047e-18, 1.59921753976e-18, 1.80118020037e-18, 3.44237271012e-18, 5.22754489768e-18, 9.04023871662e-18, 9.14035983078e-18, 9.17320965445e-18, 1.08413293747e-17, 1.55331069081e-17, 1.07888927413e-17, 2.3649259149e-17, 1.0292887949e-17, 1.67564077724e-17, 2.56488243504e-17, 1.28822213467e-17, 1.40958938286e-17, 1.30735440865e-17, 1.87990707381e-17, 1.44628228766e-17, 1.12521726141e-17, 1.00882542188e-17, 5.90385397036e-18, 3.12789311689e-18, 1.15447985092e-18, 3.35776392078e-19, 3.9959789998e-20],
        "var": [0.00399053143337, 0.275878667831, 16.9076480865, 135.756515503, 287.334075928, 557.131408691, 738.37097168, 2079.34033203, 2583.16210938, 4830.890625, 10905.9814453, 6765.36132812, 5460.00634766, 2531.65893555, 5088.75390625, 12597.5039062, 10165.5869141, 6808.41992188, 3195.37988281, 632.750915527, 555.094665527, 276.008300781, 162.753753662, 161.591796875, 73.4809570312, 30.9004917145, 9.780377388, 4.71825742722, 3.97634339333, 1.64854359627, 1.22414624691, 0.813821554184, 1.17518544197, 0.49052131176, 0.590779960155, 0.0987496003509, 0.0183727126569, 0.0015113275731, 1.42132803376e-05, 2.43603981431e-08]
    },
    "gfcc": {
        "mean": [-83.6591644287, 139.102813721, -120.632171631, -5.46093988419, -45.5903511047, -1.9346370697, -32.936000824, 2.7772769928, -24.6026592255, 0.0987952128053, -9.09605121613, -1.26413524151, -8.00566291809],
        "cov": [[33453.78125, 2456.99926758, -2089.24584961, 1862.15869141, -1084.66516113, 412.572692871, -971.311462402, 19.6793422699, -980.778869629, 34.3517303467, -488.067871094, -73.4297409058, -589.483337402], [2456.99926758, 3352.63964844, -494.474456787, -425.555175781, 231.488632202, -393.494628906, 18.6389122009, -174.74609375, 112.598258972, -135.70930481, 58.9511299133, -145.106369019, 121.459686279], [-2089.24584961, -494.474456787, 1010.93859863, -98.5043869019, 157.494262695, 246.34022522, -107.647506714, -32.8822860718, -181.377929688, -35.249710083, -87.0005493164, 27.8593826294, -4.89243364334], [1862.15869141, -425.555175781, -98.5043869019, 543.780578613, -72.5012664795, 119.847061157, -15.9841690063, 14.9311628342, -23.7800807953, 14.9782752991, -41.0509757996, -8.05280971527, -59.048614502], [-1084.66516113, 231.488632202, 157.494262695, -72.5012664795, 308.06350708, 16.0728912354, 72.2383499146, 4.42143821716, 77.3957824707, 42.8651199341, -26.4985466003, 20.8816318512, -11.9699430466], [412.572692871, -393.494628906, 246.34022522, 119.847061157, 16.0728912354, 284.755187988, -42.7323074341, -7.40902376175, -146.515579224, -0.621356189251, -39.5684394836, 18.4573669434, -40.4108352661], [-971.311462402, 18.6389122009, -107.647506714, -15.9841690063, 72.2383499146, -42.7323074341, 186.48324585, 35.7948760986, 112.323348999, 25.9274482727, 24.4699077606, 4.65558958054, 6.52435112], [19.6793422699, -174.74609375, -32.8822860718, 14.9311628342, 4.42143821716, -7.40902376175, 35.7948760986, 131.691497803, 72.2831954956, 48.6943969727, -19.0715618134, 19.326002121, -14.2364912033], [-980.778869629, 112.598258972, -181.377929688, -23.7800807953, 77.3957824707, -146.515579224, 112.323348999, 72.2831954956, 288.316802979, 100.146430969, 31.2123279572, 5.02608442307, 7.92676877975], [34.3517303467, -135.70930481, -35.249710083, 14.9782752991, 42.8651199341, -0.621356189251, 25.9274482727, 48.6943969727, 100.146430969, 139.308746338, 24.1682834625, 34.0129623413, -26.0745792389], [-488.067871094, 58.9511299133, -87.0005493164, -41.0509757996, -26.4985466003, -39.5684394836, 24.4699077606, -19.0715618134, 31.2123279572, 24.1682834625, 119.633407593, 23.3831233978, 40.3564910889], [-73.4297409058, -145.106369019, 27.8593826294, -8.05280971527, 20.8816318512, 18.4573669434, 4.65558958054, 19.326002121, 5.02608442307, 34.0129623413, 23.3831233978, 88.1944198608, 11.1454458237], [-589.483337402, 121.459686279, -4.89243364334, -59.048614502, -11.9699430466, -40.4108352661, 6.52435112, -14.2364912033, 7.92676877975, -26.0745792389, 40.3564910889, 11.1454458237, 94.4411010742]],
        "icov": [[0.000210458922083, -0.000405737489928, 0.000396364717744, -0.000615837576333, 0.000630710506812, -0.000155356814503, 0.00055949180387, -0.000435533758719, 0.000935043150093, -0.000925475149415, 0.000872297852766, -0.000748587364797, 0.000761696952395], [-0.000405737489928, 0.00136304402258, -0.000351118273102, 0.00147559295874, -0.00207343883812, 0.000664440914989, -0.000625706743449, 0.00125785125419, -0.00173025170807, 0.00214650062844, -0.00176637107506, 0.00223872181959, -0.00189830188174], [0.000396364717744, -0.000351118273102, 0.00276044895872, -0.000444291363237, -0.000327499932609, -0.00140610232484, 0.00221614236943, -0.000529097917024, 0.00204924168065, -0.00135524221696, 0.00235289335251, -0.00106926471926, 0.000489363097586], [-0.000615837576333, 0.00147559295874, -0.000444291363237, 0.00443022279069, -0.00161702127662, -0.00102915393654, -0.00127655477263, 0.00176227896009, -0.00346045289189, 0.00299897091463, -0.00181796727702, 0.00247468240559, -0.00168296427], [0.000630710506812, -0.00207343883812, -0.000327499932609, -0.00161702127662, 0.00831688009202, -0.00153290794697, -0.000998545903713, -9.55684081418e-05, 0.000948562810663, -0.00417831493542, 0.00470107700676, -0.00461519090459, 0.00333076156676], [-0.000155356814503, 0.000664440914989, -0.00140610232484, -0.00102915393654, -0.00153290794697, 0.00812095310539, -0.00139436533209, -0.000203504474484, 0.00397335505113, -0.00156625849195, -0.000663039274514, 0.000617413781583, 0.000250257697189], [0.00055949180387, -0.000625706743449, 0.00221614236943, -0.00127655477263, -0.000998545903713, -0.00139436533209, 0.0102481450886, -0.00239102914929, -0.000515977153555, 0.000158696289873, 0.000296412443276, -0.00122292980086, 0.00192677020095], [-0.000435533758719, 0.00125785125419, -0.000529097917024, 0.00176227896009, -9.55684081418e-05, -0.000203504474484, -0.00239102914929, 0.0123636228964, -0.0045081092976, -0.000200138398213, 0.00213389936835, -0.000478908215882, -0.00186425819993], [0.000935043150093, -0.00173025170807, 0.00204924168065, -0.00346045289189, 0.000948562810663, 0.00397335505113, -0.000515977153555, -0.0045081092976, 0.0144906826317, -0.0100865047425, 0.00380623782985, -0.00123226223513, 0.00169850478414], [-0.000925475149415, 0.00214650062844, -0.00135524221696, 0.00299897091463, -0.00417831493542, -0.00156625849195, 0.000158696289873, -0.000200138398213, -0.0100865047425, 0.0191101953387, -0.00805695075542, -4.53775792266e-05, 0.00159778061789], [0.000872297852766, -0.00176637107506, 0.00235289335251, -0.00181796727702, 0.00470107700676, -0.000663039274514, 0.000296412443276, 0.00213389936835, 0.00380623782985, -0.00805695075542, 0.0174578689039, -0.00603523151949, -0.00197680806741], [-0.000748587364797, 0.00223872181959, -0.00106926471926, 0.00247468240559, -0.00461519090459, 0.000617413781583, -0.00122292980086, -0.000478908215882, -0.00123226223513, -4.53775792266e-05, -0.00603523151949, 0.0185269825161, -0.005884911865], [0.000761696952395, -0.00189830188174, 0.000489363097586, -0.00168296427, 0.00333076156676, 0.000250257697189, 0.00192677020095, -0.00186425819993, 0.00169850478414, 0.00159778061789, -0.00197680806741, -0.005884911865, 0.0187103692442]]
    },
    "melbands": {
        "dmean": [0.000191622355487, 0.000760347931646, 0.000752877851482, 0.000470179540571, 0.000262351910351, 0.000361691432772, 0.000252990808804, 0.000149721992784, 0.000135045018396, 7.41752883187e-05, 6.07453512202e-05, 6.1787708546e-05, 7.6589465607e-05, 6.7844230216e-05, 4.15783106291e-05, 3.79715493182e-05, 2.86199847324e-05, 1.40648953675e-05, 1.15324028229e-05, 1.22128112707e-05, 1.05073077066e-05, 7.34483000997e-06, 5.5984573919e-06, 3.98982547267e-06, 2.97013662021e-06, 2.59019634541e-06, 1.10228745598e-06, 1.0640343362e-06, 5.58042927423e-07, 4.22023816782e-07, 2.20044171328e-07, 2.72317379313e-07, 2.09598184142e-07, 1.2885325873e-07, 1.24920845224e-07, 1.62374035995e-07, 8.53770387721e-08, 1.36899075187e-07, 1.20942118542e-07, 1.11666963676e-07],
        "dmean2": [0.000325286091538, 0.00124329456594, 0.00128787721042, 0.000789349782281, 0.000405397906434, 0.000595148536377, 0.000420482072514, 0.000215741849388, 0.000184355172678, 9.87754829112e-05, 8.25920069474e-05, 8.86969064595e-05, 0.000117673858767, 0.000107572275738, 6.07544352533e-05, 5.60910957574e-05, 4.41462398157e-05, 2.24677569349e-05, 1.89843085536e-05, 2.02218434424e-05, 1.74959623109e-05, 1.22690580611e-05, 9.60327815847e-06, 6.82151448927e-06, 5.01936938235e-06, 4.40048461314e-06, 1.87922466921e-06, 1.80784809345e-06, 9.40822872053e-07, 7.15764031156e-07, 3.58961329994e-07, 4.55931854049e-07, 3.45659429968e-07, 2.06684987347e-07, 2.02000791205e-07, 2.64052886223e-07, 1.29876156052e-07, 2.29614315117e-07, 1.92631020468e-07, 1.86108820799e-07],
        "dvar": [1.09383456959e-07, 1.9755213998e-06, 2.50734910878e-06, 3.0593671454e-06, 1.98903606474e-07, 4.40396945578e-07, 2.4427504286e-07, 9.91218200852e-08, 8.39776319594e-08, 2.51897329662e-08, 1.31391031388e-08, 1.32135840047e-08, 2.96333748651e-08, 2.28436682903e-08, 6.20846973831e-09, 6.10622796771e-09, 6.29046903455e-09, 1.08505282537e-09, 4.64389110499e-10, 5.9135180086e-10, 3.39961447882e-10, 1.95239824308e-10, 1.52506798856e-10, 7.28430996078e-11, 5.27126259309e-11, 3.04631181391e-11, 5.10472740467e-12, 4.88894341677e-12, 1.23499366116e-12, 9.36152631109e-13, 2.14888314933e-13, 5.85229781302e-13, 2.32185310475e-13, 1.13397044033e-13, 1.05879992545e-13, 2.34895084069e-13, 9.76610217934e-14, 5.31735842423e-13, 3.45692685632e-13, 2.84853087298e-13],
        "dvar2": [3.02943504948e-07, 5.0584571909e-06, 6.53175720799e-06, 8.30112094263e-06, 4.88953844524e-07, 1.17864306048e-06, 7.3112175869e-07, 2.09104271676e-07, 1.61497126783e-07, 3.94261583381e-08, 2.08050821016e-08, 2.74511524623e-08, 6.58762999706e-08, 5.70229232721e-08, 1.16418643614e-08, 1.16775114023e-08, 1.3700879542e-08, 2.33380759163e-09, 1.16067044864e-09, 1.54020929344e-09, 9.24796128565e-10, 5.30486599093e-10, 4.43973940945e-10, 2.07645553529e-10, 1.46095913145e-10, 8.67409616356e-11, 1.43835360289e-11, 1.37875761155e-11, 3.44326563789e-12, 2.57838975865e-12, 5.12774447469e-13, 1.48359081097e-12, 5.71888294099e-13, 2.6899858209e-13, 2.47900333074e-13, 5.85273799911e-13, 1.99092315984e-13, 1.47697381669e-12, 8.14912427902e-13, 7.27412921564e-13],
        "max": [0.0134777408093, 0.0382117368281, 0.0217825658619, 0.0416949167848, 0.0107657508925, 0.013296732679, 0.0107977325097, 0.0106023969129, 0.00946630723774, 0.00631999596953, 0.00495781889185, 0.00242874026299, 0.00520552415401, 0.00538791716099, 0.00294029247016, 0.00280188093893, 0.00300860847346, 0.00177517323755, 0.000802292081062, 0.00105073628947, 0.000260996370343, 0.000230218793149, 0.000240764391492, 0.000144529432873, 0.000219762368943, 0.000184470191016, 6.89264779794e-05, 4.91530954605e-05, 2.20861074922e-05, 2.26014471991e-05, 9.4904235084e-06, 2.25984967983e-05, 1.32537834361e-05, 1.20822996905e-05, 7.87457975093e-06, 1.18027337521e-05, 2.18085151573e-05, 1.43347833728e-05, 1.21130397019e-05, 3.95529350499e-05],
        "mean": [0.000379444827558, 0.000995411770418, 0.0011100624688, 0.00069706508657, 0.000655491778161, 0.000723335600924, 0.000541768677067, 0.000388863350963, 0.000377079995815, 0.000226736388868, 0.000174860120751, 0.000135361362481, 0.000145496334881, 0.000140603850014, 0.00011769914272, 9.83293502941e-05, 5.956986206e-05, 2.97686819977e-05, 2.32759703067e-05, 2.34006274695e-05, 1.96334749489e-05, 1.36620546982e-05, 9.5962859632e-06, 7.33575598133e-06, 6.14531109022e-06, 5.04067156726e-06, 2.4947125894e-06, 2.32784441323e-06, 1.30081980387e-06, 9.89538875729e-07, 5.80120399718e-07, 5.80204414291e-07, 4.22121331667e-07, 2.93669160101e-07, 2.60083709236e-07, 2.75640701375e-07, 1.83072842219e-07, 1.96816145603e-07, 1.9377976912e-07, 1.80000810701e-07],
        "median": [0.00025071456912, 0.000365174171748, 0.000414288602769, 0.000296036392683, 0.00034297129605, 0.000347333290847, 0.000265495560598, 0.00012548812083, 0.000111741137516, 8.07947217254e-05, 5.59415129828e-05, 5.13133272761e-05, 5.13909690198e-05, 5.56382037757e-05, 4.01755714847e-05, 2.44840084633e-05, 1.03698112071e-05, 1.02894191514e-05, 9.45642750594e-06, 8.90464252734e-06, 7.28259237803e-06, 5.09331130161e-06, 3.61670117854e-06, 2.71764474746e-06, 2.60511069428e-06, 1.9334127046e-06, 1.10007306375e-06, 8.42761664899e-07, 4.06740525705e-07, 2.27705299949e-07, 1.54372870043e-07, 1.10202975634e-07, 8.53138999446e-08, 5.92910893715e-08, 4.28111448514e-08, 2.03528927045e-08, 1.66486664455e-08, 1.70079523798e-08, 2.27830465604e-08, 1.68630194253e-08],
        "min": [7.62330724118e-24, 6.23322546337e-24, 9.61742612499e-24, 8.1460080547e-24, 5.56460668163e-24, 6.67171616412e-24, 1.06414283223e-23, 1.29344174152e-23, 1.06424759295e-23, 1.26309410473e-23, 9.46235894799e-24, 7.30498924414e-24, 5.96566238255e-24, 4.76128437829e-24, 5.39614898519e-24, 9.38888128784e-24, 1.00753054491e-23, 1.50600851659e-23, 1.24766256547e-23, 9.36673322906e-24, 1.23982326022e-23, 1.26394291906e-23, 1.00307994945e-23, 1.34939706548e-23, 7.75457685125e-24, 1.42667624634e-23, 1.56939207037e-23, 5.10746218148e-24, 8.57268319681e-24, 1.53869544151e-23, 1.43474282241e-23, 6.79399118215e-24, 7.45663986456e-24, 8.29503650147e-24, 6.96881774711e-24, 9.82927629881e-24, 1.13038095808e-23, 9.5326070116e-24, 1.0781076424e-23, 8.83525949342e-24],
        "var": [2.80676886177e-07, 2.62836761067e-06, 3.52693177774e-06, 2.65986614068e-06, 8.08961715393e-07, 1.0230260159e-06, 6.1288346842e-07, 6.51381242278e-07, 6.18411263531e-07, 2.45623056117e-07, 1.32029256861e-07, 4.37560245814e-08, 8.00735904249e-08, 7.21768742551e-08, 4.1524909733e-08, 3.60236320773e-08, 2.78855818436e-08, 7.08698566498e-09, 2.10263984002e-09, 1.74160308397e-09, 8.24648793696e-10, 4.32042623899e-10, 2.60785198991e-10, 1.44415993053e-10, 1.20094642564e-10, 7.24052762191e-11, 1.4134581526e-11, 1.36316557001e-11, 4.40477689045e-12, 3.3688713711e-12, 1.11275225145e-12, 1.81596317844e-12, 7.43482261433e-13, 4.10457827666e-13, 3.46188708126e-13, 5.13158146618e-13, 3.33286268592e-13, 5.05027822947e-13, 4.6701114113e-13, 5.11105589275e-13]
    },
    "mfcc": {
        "mean": [-715.485412598, 176.419555664, -12.9736871719, 5.49571657181, 0.0870729312301, -5.18445491791, 0.760829925537, -2.58371067047, -4.72710418701, -4.15156793594, -1.72247862816, -0.831938624382, 3.53007388115],
        "cov": [[17724.5722656, 395.957244873, -1368.21838379, 1280.53613281, -62.3595619202, 294.352111816, -0.531593441963, 40.9643440247, -192.310089111, -112.242652893, -26.0935573578, 84.3343276978, -35.1675224304], [395.957244873, 2087.13452148, -133.936630249, -36.2740211487, 149.511917114, 8.55457305908, 69.4191207886, -17.9321918488, 27.5675563812, -21.5880641937, -19.1394500732, -66.2479934692, 11.2148094177], [-1368.21838379, -133.936630249, 620.991394043, -118.256607056, 52.0903930664, 45.6218986511, 54.3246421814, -36.0957794189, -37.4063339233, -64.3823394775, -75.8514556885, -87.3889923096, -59.4702224731], [1280.53613281, -36.2740211487, -118.256607056, 365.52154541, 45.5895309448, 95.3745117188, -8.4188079834, 25.9942359924, 10.0815010071, 14.246764183, 3.68603515625, 13.887597084, -22.8593635559], [-62.3595619202, 149.511917114, 52.0903930664, 45.5895309448, 152.512496948, 74.7629394531, 13.9507303238, 1.07834649086, 16.6397743225, 1.65102100372, 14.2422914505, -10.9562768936, -13.5542058945], [294.352111816, 8.55457305908, 45.6218986511, 95.3745117188, 74.7629394531, 198.499038696, 68.5466766357, 7.83535766602, -14.8949842453, -25.8369884491, -3.28527712822, -9.74538898468, -29.6276454926], [-0.531593441963, 69.4191207886, 54.3246421814, -8.4188079834, 13.9507303238, 68.5466766357, 158.777267456, 10.1602859497, -42.7099571228, -63.0467300415, -48.2114372253, -38.9671096802, -27.8040294647], [40.9643440247, -17.9321918488, -36.0957794189, 25.9942359924, 1.07834649086, 7.83535766602, 10.1602859497, 84.0647964478, 40.0980186462, 16.7128791809, 14.6255702972, 16.3409767151, 8.48217487335], [-192.310089111, 27.5675563812, -37.4063339233, 10.0815010071, 16.6397743225, -14.8949842453, -42.7099571228, 40.0980186462, 109.460716248, 70.7057876587, 43.9654998779, 23.5042629242, 21.9531097412], [-112.242652893, -21.5880641937, -64.3823394775, 14.246764183, 1.65102100372, -25.8369884491, -63.0467300415, 16.7128791809, 70.7057876587, 120.796813965, 79.3211975098, 43.1926841736, 21.9660129547], [-26.0935573578, -19.1394500732, -75.8514556885, 3.68603515625, 14.2422914505, -3.28527712822, -48.2114372253, 14.6255702972, 43.9654998779, 79.3211975098, 121.20136261, 76.2840805054, 33.3262634277], [84.3343276978, -66.2479934692, -87.3889923096, 13.887597084, -10.9562768936, -9.74538898468, -38.9671096802, 16.3409767151, 23.5042629242, 43.1926841736, 76.2840805054, 119.024871826, 61.1356086731], [-35.1675224304, 11.2148094177, -59.4702224731, -22.8593635559, -13.5542058945, -29.6276454926, -27.8040294647, 8.48217487335, 21.9531097412, 21.9660129547, 33.3262634277, 61.1356086731, 88.6145172119]],
