{
"lowlevel": {
    "average_loudness": 0.641648411751,
    "barkbands_crest": {
        "dmean": 1.84395980835,
        "dmean2": 2.83721637726,
        "dvar": 2.97777104378,
        "dvar2": 7.58041954041,
        "max": 25.0348815918,
        "mean": 11.131860733,
        "median": 10.2986183167,
        "min": 3.79063248634,
        "var": 16.9204044342
    },
    "barkbands_flatness_db": {
        "dmean": 0.0139732351527,
        "dmean2": 0.0205141790211,
        "dvar": 0.000154583627591,
        "dvar2": 0.000360730511602,
        "max": 0.417503505945,
        "mean": 0.217824712396,
        "median": 0.215294063091,
        "min": 0.0380622372031,
        "var": 0.00246736244299
    },
    "barkbands_kurtosis": {
        "dmean": 1.41423332691,
        "dmean2": 2.11600589752,
        "dvar": 3.78465867043,
        "dvar2": 8.33853054047,
        "max": 55.925113678,
        "mean": 2.88341808319,
        "median": 1.81995677948,
        "min": -1.71405422688,
        "var": 15.1249456406
    },
    "barkbands_skewness": {
        "dmean": 0.326643943787,
        "dmean2": 0.489471673965,
        "dvar": 0.0908533781767,
        "dvar2": 0.217043444514,
        "max": 5.39786052704,
        "mean": 0.871818482876,
        "median": 0.81457221508,
        "min": -2.48285841942,
        "var": 0.796060144901
    },
    "barkbands_spread": {
        "dmean": 1.41095733643,
        "dmean2": 2.1387450695,
        "dvar": 2.31631851196,
        "dvar2": 5.72693967819,
        "max": 111.590614319,
        "mean": 8.89933395386,
        "median": 7.81839942932,
        "min": 1.05025231838,
        "var": 41.9183044434
    },
    "dissonance": {
        "dmean": 0.0313225984573,
        "dmean2": 0.0527968928218,
        "dvar": 0.000860133906826,
        "dvar2": 0.002325972775,
        "max": 0.500000119209,
        "mean": 0.413478553295,
        "median": 0.424385547638,
        "min": 0.059686280787,
        "var": 0.00318333040923
    },
    "dynamic_complexity": 2.81538581848,
    "erbbands_crest": {
        "dmean": 2.26633048058,
        "dmean2": 3.34390521049,
        "dvar": 4.1293592453,
        "dvar2": 9.37071895599,
        "max": 32.5832672119,
        "mean": 12.5528860092,
        "median": 11.6615457535,
        "min": 2.41144704819,
        "var": 24.6942462921
    },
    "erbbands_flatness_db": {
        "dmean": 0.0120892021805,
        "dmean2": 0.0166108477861,
        "dvar": 0.000116380324471,
        "dvar2": 0.000224219562369,
        "max": 0.415169715881,
        "mean": 0.249169766903,
        "median": 0.249550402164,
        "min": 0.0528099089861,
        "var": 0.00194864161313
    },
    "erbbands_kurtosis": {
        "dmean": 1.07794952393,
        "dmean2": 1.59075832367,
        "dvar": 2.35092711449,
        "dvar2": 5.13700723648,
        "max": 51.744884491,
        "mean": 1.94439029694,
        "median": 1.09495162964,
        "min": -1.50761175156,
        "var": 9.35633087158
    },
    "erbbands_skewness": {
        "dmean": 0.283232659101,
        "dmean2": 0.409171134233,
        "dvar": 0.0645880922675,
        "dvar2": 0.137869477272,
        "max": 4.36491441727,
        "mean": 0.537545979023,
        "median": 0.501649975777,
        "min": -2.21269440651,
        "var": 0.478245556355
    },
    "erbbands_spread": {
        "dmean": 2.11410236359,
        "dmean2": 3.0825419426,
        "dvar": 3.96129751205,
        "dvar2": 9.21035480499,
        "max": 93.0170974731,
        "mean": 13.8542461395,
        "median": 12.976143837,
        "min": 1.06932425499,
        "var": 45.5492591858
    },
    "hfc": {
        "dmean": 2.55537509918,
        "dmean2": 3.50117206573,
        "dvar": 9.42821884155,
        "dvar2": 18.9196662903,
        "max": 112.493247986,
        "mean": 15.6972866058,
        "median": 13.0351352692,
        "min": 1.19402846443e-16,
        "var": 141.924667358
    },
    "melbands_crest": {
        "dmean": 2.28405165672,
        "dmean2": 3.55098128319,
        "dvar": 4.64081382751,
        "dvar2": 12.1913547516,
        "max": 32.4615898132,
        "mean": 13.9487600327,
        "median": 13.2637329102,
        "min": 1.60323107243,
        "var": 24.3917942047
    },
    "melbands_flatness_db": {
        "dmean": 0.0154088512063,
        "dmean2": 0.0229519102722,
        "dvar": 0.000205195872695,
        "dvar2": 0.000490547565278,
        "max": 0.569578588009,
        "mean": 0.321202546358,
        "median": 0.319255441427,
        "min": 0.0029441639781,
        "var": 0.00485212681815
    },
    "melbands_kurtosis": {
        "dmean": 1.72889792919,
        "dmean2": 2.65210151672,
        "dvar": 5.83533668518,
        "dvar2": 14.1683540344,
        "max": 67.5047912598,
        "mean": 3.62053084373,
        "median": 2.06420373917,
        "min": -1.71484375,
        "var": 25.9809207916
    },
    "melbands_skewness": {
        "dmean": 0.356039464474,
        "dmean2": 0.540596723557,
        "dvar": 0.113512448967,
        "dvar2": 0.280892789364,
        "max": 6.71646213531,
        "mean": 1.18612110615,
        "median": 1.03473889828,
        "min": -2.20685887337,
        "var": 0.996277987957
    },
    "melbands_spread": {
        "dmean": 2.14603924751,
        "dmean2": 3.26175260544,
        "dvar": 7.4938659668,
        "dvar2": 18.6697101593,
        "max": 174.398513794,
        "mean": 13.0807294846,
        "median": 10.6003484726,
        "min": 1.08560228348,
        "var": 229.019714355
    },
    "pitch_salience": {
        "dmean": 0.0486514046788,
        "dmean2": 0.0766211524606,
        "dvar": 0.00193678739015,
        "dvar2": 0.00500673847273,
        "max": 0.961438775063,
        "mean": 0.520471453667,
        "median": 0.521008074284,
        "min": 0.15463334322,
        "var": 0.011641732417
    },
    "silence_rate_20dB": {
        "dmean": 0,
        "dmean2": 0,
        "dvar": 0,
        "dvar2": 0,
        "max": 1,
        "mean": 1,
        "median": 1,
        "min": 1,
        "var": 0
    },
    "silence_rate_30dB": {
        "dmean": 0.01680672355,
        "dmean2": 0.0336158387363,
        "dvar": 0.0165257100016,
        "dvar2": 0.0386117808521,
        "max": 1,
        "mean": 0.968810081482,
        "median": 1,
        "min": 0,
        "var": 0.030218668282
    },
    "silence_rate_60dB": {
        "dmean": 0.0068366327323,
        "dmean2": 0.013674239628,
        "dvar": 0.00678899465129,
        "dvar2": 0.0149086788297,
        "max": 1,
        "mean": 0.0509150475264,
        "median": 0,
        "min": 0,
        "var": 0.0483240634203
    },
    "spectral_centroid": {
        "dmean": 50.761264801,
        "dmean2": 77.6658477783,
        "dvar": 7421.38671875,
        "dvar2": 12046.3759766,
        "max": 11167.6259766,
        "mean": 664.402282715,
        "median": 593.029907227,
        "min": 196.943817139,
        "var": 185635.578125
    },
    "spectral_complexity": {
        "dmean": 1.46432137489,
        "dmean2": 2.43885755539,
        "dvar": 1.72916424274,
        "dvar2": 4.35587739944,
        "max": 28,
        "mean": 13.7727689743,
        "median": 14,
        "min": 0,
        "var": 22.4089355469
    },
    "spectral_decrease": {
        "dmean": 1.88736226647e-09,
        "dmean2": 2.85997781013e-09,
        "dvar": 7.5121689459e-18,
        "dvar2": 1.96252239923e-17,
        "max": 6.15729631978e-18,
        "mean": -9.10241926277e-09,
        "median": -7.42478389881e-09,
        "min": -6.34069081684e-08,
        "var": 5.23259036854e-17
    },
    "spectral_energy": {
        "dmean": 0.00731403240934,
        "dmean2": 0.0110558560118,
        "dvar": 0.000110165063234,
        "dvar2": 0.000286581314867,
        "max": 0.245756030083,
        "mean": 0.035778362304,
        "median": 0.02944576554,
        "min": 1.10292563183e-20,
        "var": 0.000788484700024
    },
    "spectral_energyband_high": {
        "dmean": 8.15968633106e-06,
        "dmean2": 9.92148761725e-06,
        "dvar": 3.10424935757e-10,
        "dvar2": 4.97158425539e-10,
        "max": 0.000697109790053,
        "mean": 3.79335142497e-05,
        "median": 9.08269066713e-06,
        "min": 8.03561536449e-21,
        "var": 5.55174217709e-09
    },
    "spectral_energyband_low": {
        "dmean": 0.00462882919237,
        "dmean2": 0.00732246786356,
        "dvar": 9.16714707273e-05,
        "dvar2": 0.000250862416578,
        "max": 0.148106485605,
        "mean": 0.0125448256731,
        "median": 0.00380010856315,
        "min": 8.62000932909e-23,
        "var": 0.000394363887608
    },
    "spectral_energyband_middle_high": {
        "dmean": 0.00117554410826,
        "dmean2": 0.00162627140526,
        "dvar": 2.81947723124e-06,
        "dvar2": 5.45135071661e-06,
        "max": 0.0503186658025,
        "mean": 0.00448693521321,
        "median": 0.00293402629904,
        "min": 1.58750146423e-21,
        "var": 2.39593755396e-05
    },
    "spectral_energyband_middle_low": {
        "dmean": 0.00409545982257,
        "dmean2": 0.00591866532341,
        "dvar": 2.51018100244e-05,
        "dvar2": 6.03732951276e-05,
        "max": 0.198066741228,
        "mean": 0.0194476060569,
        "median": 0.0167365111411,
        "min": 3.65819666647e-22,
        "var": 0.000216181157157
    },
    "spectral_entropy": {
        "dmean": 0.104817837477,
        "dmean2": 0.156249314547,
        "dvar": 0.00885124597698,
        "dvar2": 0.0198353547603,
        "max": 9.79615783691,
        "mean": 6.44067239761,
        "median": 6.43006038666,
        "min": 4.70611333847,
        "var": 0.206959947944
    },
    "spectral_flux": {
        "dmean": 0.0150171983987,
        "dmean2": 0.0246909335256,
        "dvar": 0.000264629808953,
        "dvar2": 0.000713102635927,
        "max": 0.293695688248,
        "mean": 0.0558112040162,
        "median": 0.0510380640626,
        "min": 1.05020263319e-10,
        "var": 0.00105319102295
    },
    "spectral_kurtosis": {
        "dmean": 6.10720205307,
        "dmean2": 10.3963241577,
        "dvar": 46.1442298889,
        "dvar2": 134.462493896,
        "max": 206.944122314,
        "mean": 27.3788490295,
        "median": 24.2910404205,
        "min": -1.23179793358,
        "var": 239.997680664
    },
    "spectral_rms": {
        "dmean": 0.000552588957362,
        "dmean2": 0.00081956689246,
        "dvar": 3.74216028831e-07,
        "dvar2": 9.49194145505e-07,
        "max": 0.0154842492193,
        "mean": 0.00543543556705,
        "median": 0.00535981124267,
        "min": 3.28028186211e-12,
        "var": 5.36172365173e-06
    },
    "spectral_rolloff": {
        "dmean": 98.0016174316,
        "dmean2": 167.036483765,
        "dvar": 45094.15625,
        "dvar2": 92746.3046875,
        "max": 19272.2167969,
        "mean": 1026.74926758,
        "median": 667.529296875,
        "min": 86.1328125,
        "var": 4615673
    },
    "spectral_skewness": {
        "dmean": 0.401606917381,
        "dmean2": 0.679202318192,
        "dvar": 0.149381637573,
        "dvar2": 0.439420670271,
        "max": 11.8533201218,
        "mean": 4.02153301239,
        "median": 3.91101431847,
        "min": -0.0379749014974,
        "var": 0.915968537331
    },
    "spectral_spread": {
        "dmean": 248977.625,
        "dmean2": 367839.34375,
        "dvar": 129165320192,
        "dvar2": 170496688128,
        "max": 41819744,
        "mean": 2572473,
        "median": 2179913.5,
        "min": 458171.28125,
        "var": 2.16543592448e+12
    },
    "spectral_strongpeak": {
        "dmean": 0.466038227081,
        "dmean2": 0.757847249508,
        "dvar": 0.581808209419,
        "dvar2": 1.38511478901,
        "max": 9.92032623291,
        "mean": 1.41724705696,
        "median": 0.866644144058,
        "min": 0,
        "var": 1.82189071178
    },
    "zerocrossingrate": {
        "dmean": 0.00297683966346,
        "dmean2": 0.00386281544343,
        "dvar": 1.72003001353e-05,
        "dvar2": 2.685434265e-05,
        "max": 0.529296875,
        "mean": 0.0361936241388,
        "median": 0.02783203125,
        "min": 0.0029296875,
        "var": 0.00328797055408
    },
    "barkbands": {
        "dmean": [7.08845182089e-05, 0.00370802427642, 0.00120671547484, 0.000466270517791, 0.00149927369785, 0.000953154056333, 0.000923310406506, 0.00158245849889, 0.00110580679029, 0.000464851240395, 0.000463288044557, 0.000382489495678, 0.000509711506311, 0.000138801173307, 9.40553145483e-05, 5.70687443542e-05, 5.06938667968e-05, 1.26504446598e-05, 9.41796770348e-06, 4.477370112e-06, 1.24897701426e-06, 5.4242866554e-07, 3.84380598462e-07, 7.4373156167e-07, 4.17060346081e-06, 2.24847963182e-06, 2.09747199165e-07],
        "dmean2": [0.000129561027279, 0.00590535718948, 0.00189668044914, 0.000769092817791, 0.00243917759508, 0.00144530879334, 0.00138083542697, 0.00199916958809, 0.00125584797934, 0.000594624551013, 0.000695072230883, 0.000552494602744, 0.000676570809446, 0.000209877238376, 0.000152277032612, 8.67396884132e-05, 7.7503544162e-05, 2.07848534046e-05, 1.55814577738e-05, 6.75245792081e-06, 1.93192772713e-06, 8.3674075313e-07, 5.95095741573e-07, 1.0861449482e-06, 5.63744470128e-06, 2.71049111689e-06, 2.88599352416e-07],
        "dvar": [7.68443264576e-09, 6.5644053393e-05, 9.18348723644e-06, 1.42772364597e-06, 6.41696487946e-06, 2.67337782134e-06, 2.1582059162e-06, 8.19854994916e-06, 3.80610890716e-06, 6.14492421391e-07, 5.87202009683e-07, 8.13493159058e-07, 1.37713834647e-06, 2.55984019759e-07, 3.54907569999e-08, 2.86439867381e-08, 2.11136832462e-08, 6.59822030347e-10, 5.1105275567e-10, 1.23459936718e-10, 9.94820285177e-12, 1.96000442439e-12, 6.3906697859e-13, 3.17807260543e-12, 1.09853980079e-10, 3.5575271895e-11, 2.59752126492e-13],
        "dvar2": [2.61253880751e-08, 0.000181627008715, 2.47849347943e-05, 4.88592968395e-06, 1.74485358002e-05, 7.07624803908e-06, 6.12796793575e-06, 1.38394252645e-05, 5.84524696023e-06, 9.2142909125e-07, 1.23561824239e-06, 1.8231193053e-06, 2.18015998144e-06, 4.99688610489e-07, 8.50772110539e-08, 5.81588786019e-08, 4.51860628914e-08, 1.78314329968e-09, 1.34409194885e-09, 2.82305401278e-10, 2.22276520107e-11, 4.48573296563e-12, 1.51813175746e-12, 6.75249786641e-12, 2.2034851721e-10, 5.11998499153e-11, 4.9939485056e-13],
        "max": [0.00152789335698, 0.131053835154, 0.0631275624037, 0.0353976637125, 0.0609664954245, 0.0333165116608, 0.0593478605151, 0.109492428601, 0.0676234066486, 0.0201252195984, 0.0217213332653, 0.0258417017758, 0.0441165268421, 0.0195969194174, 0.00722194649279, 0.00625132815912, 0.00451521156356, 0.000553803809453, 0.000839082116727, 0.000423729390604, 7.55793153076e-05, 3.56375530828e-05, 2.49388249358e-05, 5.54751204618e-05, 0.000396761199227, 0.000226021846174, 1.59485698532e-05],
        "mean": [0.000153599103214, 0.00914852041751, 0.00266746943817, 0.00132544699591, 0.00345516670495, 0.00261587183923, 0.00252568814903, 0.00529656745493, 0.00388997327536, 0.00102597125806, 0.000815980718471, 0.000779103429522, 0.00132301962003, 0.000257490581134, 0.0001712138328, 0.0001229395275, 0.000109373191663, 3.07502923533e-05, 1.95550983335e-05, 1.01707883005e-05, 3.09366237161e-06, 1.47806395034e-06, 1.2205296116e-06, 2.62675075646e-06, 1.64840603247e-05, 8.91624677024e-06, 7.86827854427e-07],
        "median": [0.000117546951515, 0.001475376077, 0.000488205900183, 0.000409133324865, 0.00193649658468, 0.00119491864461, 0.0016693319194, 0.00199634674937, 0.00116636045277, 0.000528759381268, 0.000396351329982, 0.000284033740172, 0.000331945542712, 9.56145668169e-05, 7.99408735475e-05, 4.53685461252e-05, 4.22660668846e-05, 1.57470567501e-05, 8.38966388983e-06, 2.90469756692e-06, 1.28380429487e-06, 5.93437846419e-07, 5.67919926198e-07, 7.13842496225e-07, 2.26434895012e-06, 1.20336699183e-06, 2.37662746372e-07],
        "min": [1.70044174602e-23, 4.00656269092e-23, 2.21335121799e-23, 3.45721320939e-23, 2.16487934412e-23, 6.49373636436e-23, 3.93599119434e-23, 5.38186531744e-23, 1.02032840892e-22, 1.12053854567e-22, 3.28329020572e-23, 1.40272179075e-22, 1.6411040705e-22, 1.31837375354e-22, 1.0653765949e-22, 1.52863244781e-22, 1.38675852769e-22, 2.38743944069e-22, 1.67323140905e-22, 3.01039519826e-22, 5.59601618831e-22, 4.46812280843e-22, 6.61062712272e-22, 1.08359902938e-21, 1.42483566976e-21, 1.8240944055e-21, 2.05286618847e-21],
        "var": [2.19460876139e-08, 0.000287148024654, 2.736983879e-05, 5.32687454324e-06, 1.8864249796e-05, 1.15585835374e-05, 8.0069867181e-06, 7.50605904614e-05, 4.10453758377e-05, 2.24647942559e-06, 1.59857256676e-06, 2.6897043881e-06, 8.85353620106e-06, 5.66159087612e-07, 1.12015960951e-07, 8.93076617103e-08, 5.74506415774e-08, 1.80927284266e-09, 1.0698038011e-09, 4.25163459994e-10, 2.97884078515e-11, 6.27074217205e-12, 3.16408943317e-12, 3.01999814045e-11, 1.46342926666e-09, 4.67896610346e-10, 2.34970615014e-12]
    },
    "erbbands": {
        "dmean": [0.0588819868863, 0.984298110008, 1.74443268776, 1.16531860828, 2.48283219337, 6.11695861816, 8.27052593231, 7.80768632889, 9.05893039703, 36.2506980896, 20.7283573151, 29.3668231964, 11.4323158264, 14.0779123306, 16.6925792694, 19.5209121704, 24.474395752, 8.88527393341, 5.16094017029, 3.84880709648, 2.3930618763, 1.72250139713, 1.1990981102, 0.574275672436, 0.365025728941, 0.242430642247, 0.0621869005263, 0.036780346185, 0.0194009561092, 0.0173140559345, 0.0096154846251, 0.0103308400139, 0.0179286990315, 0.0355700813234, 0.0408409126103, 0.0131395813078, 0.0043790708296, 0.000644382555038, 3.47219793184e-05, 8.27306121209e-06],
        "dmean2": [0.0872540324926, 1.58618783951, 2.80265831947, 1.84290802479, 4.05762481689, 10.0344133377, 12.5716848373, 12.136516571, 12.9816017151, 50.5167579651, 26.9399318695, 32.4576835632, 14.5026025772, 18.3439064026, 25.7251110077, 27.9120883942, 32.4374389648, 13.0479679108, 8.3127784729, 6.01952362061, 3.66861557961, 2.63676190376, 1.87136435509, 0.94146156311, 0.583651423454, 0.381332099438, 0.0979992598295, 0.053962547332, 0.0297931171954, 0.0273771286011, 0.0147422030568, 0.0154812829569, 0.0264992713928, 0.0503966845572, 0.0584510713816, 0.0170166641474, 0.0056490721181, 0.000763032410759, 4.33652712672e-05, 1.23278832689e-05],
        "dvar": [0.0182751938701, 4.62159109116, 16.6215000153, 5.29081392288, 29.6324901581, 130.331619263, 288.590759277, 219.836105347, 220.365219116, 5312.42333984, 1022.75701904, 2775.65893555, 364.805023193, 631.916320801, 752.143493652, 2064.15771484, 3217.14941406, 697.707580566, 101.947555542, 113.215415955, 30.3076934814, 22.056974411, 14.7208709717, 1.61951935291, 1.45219027996, 0.444594860077, 0.0226740129292, 0.0101440260187, 0.00228841975331, 0.00181582954247, 0.000373377406504, 0.000615125172772, 0.00204571592622, 0.00798544194549, 0.0117129972205, 0.00113755115308, 0.000161661402672, 3.1906129152e-06, 6.11125505756e-09, 1.32670194275e-10],
        "dvar2": [0.0438319146633, 12.9784851074, 44.4945907593, 15.479352951, 90.4177017212, 369.319610596, 605.441040039, 646.575683594, 571.034729004, 12720.5576172, 1887.53649902, 3963.83789062, 560.56628418, 920.420837402, 1739.14416504, 4546.18310547, 5019.47216797, 1355.46020508, 257.247924805, 232.181304932, 61.8332862854, 46.7881202698, 30.8663158417, 4.38130235672, 3.68810725212, 1.0462526083, 0.0534355156124, 0.0194199755788, 0.00504994299263, 0.00446798373014, 0.000869461742695, 0.00138332298957, 0.00457617687061, 0.017250424251, 0.0264037773013, 0.00223725987598, 0.000280544074485, 4.58760177935e-06, 9.27355614522e-09, 3.39390626714e-10],
        "max": [3.59373354912, 30.0239887238, 78.2051925659, 68.6746368408, 116.089904785, 315.238189697, 418.691162109, 359.13885498, 507.700256348, 2918.52539062, 817.016967773, 1871.9230957, 537.16394043, 706.178344727, 879.533203125, 1309.98010254, 2262.49121094, 1029.79504395, 223.727249146, 522.098693848, 196.314163208, 149.613708496, 129.602371216, 32.0341567993, 60.1184768677, 29.3558273315, 3.66355538368, 3.92944860458, 1.73445427418, 1.11504244804, 0.485955238342, 0.699563086033, 1.43243873119, 2.85926771164, 3.69499921799, 1.21466434002, 0.44199359417, 0.0560789220035, 0.00280718621798, 0.000289014453301],
        "mean": [0.166997388005, 2.35347294807, 3.97627043724, 3.60904788971, 5.93139028549, 13.7388563156, 19.0623035431, 21.5016689301, 29.3522186279, 102.817771912, 78.7758636475, 107.226356506, 31.9325218201, 33.0139732361, 31.5344982147, 43.668132782, 66.2770004272, 19.7640743256, 9.84051704407, 8.75262832642, 6.14443874359, 4.11458396912, 2.71844744682, 1.29537820816, 0.843811273575, 0.529784739017, 0.162108376622, 0.0954618677497, 0.0530877076089, 0.0493115857244, 0.0326486639678, 0.0350619331002, 0.0606400072575, 0.123199179769, 0.144549593329, 0.0497746728361, 0.0159466583282, 0.00244463887066, 0.000160315845278, 4.38408496848e-05],
        "median": [0.0199074447155, 0.413440912962, 0.863061904907, 1.65428340435, 3.19510197639, 6.62905073166, 8.26346683502, 9.49613571167, 17.6532402039, 44.1562309265, 44.7518119812, 31.2918014526, 20.6520786285, 16.523563385, 18.2119617462, 16.7960948944, 17.8500366211, 8.3844537735, 5.12407541275, 3.7531683445, 2.79671597481, 1.97277295589, 1.23385500908, 0.66472619772, 0.274748265743, 0.15468545258, 0.0728520005941, 0.0372211821377, 0.0218843799084, 0.0210485570133, 0.0152569850907, 0.0109417717904, 0.0147211374715, 0.0200407896191, 0.0181448999792, 0.00701323896646, 0.00188258034177, 0.000419286749093, 6.05432360317e-05, 3.64621373592e-05],
        "min": [1.24918570442e-21, 8.69088942806e-21, 2.62857157595e-20, 7.25299361444e-20, 9.53856861017e-20, 4.36824549525e-20, 3.04348336788e-19, 5.52891915827e-19, 5.23930771618e-19, 5.87530569267e-19, 1.63727736052e-18, 1.91051755412e-18, 4.61015052336e-18, 1.45535666577e-18, 2.30591588398e-18, 7.31149327493e-18, 6.8758896246e-18, 6.11426472995e-18, 7.90798065927e-18, 4.11390543515e-18, 9.99280584796e-18, 8.02975736187e-18, 1.20507700006e-17, 1.06281409426e-17, 1.15838803116e-17, 1.34377260676e-17, 2.16472306037e-17, 2.0312215689e-17, 1.66061735751e-17, 1.55071036583e-17, 1.92724794375e-17, 1.89379345106e-17, 1.85969210312e-17, 1.59915998867e-17, 9.95320457614e-18, 6.17150438757e-18, 3.45341329655e-18, 1.49790487193e-18, 2.83795121614e-19, 2.96617629568e-20],
        "var": [0.151964202523, 17.7139949799, 51.773525238, 34.3691864014, 71.7444610596, 386.389709473, 1036.34448242, 887.659606934, 1280.60656738, 27810.9121094, 8727.609375, 31439.0878906, 1577.95996094, 2732.02392578, 1634.39453125, 7339.29736328, 21902.9667969, 1845.30627441, 210.181427002, 519.477661133, 113.644561768, 63.9255104065, 37.1931915283, 3.92445325851, 2.9742603302, 1.33781445026, 0.0660236775875, 0.0312276016921, 0.00764348590747, 0.00601923000067, 0.00230353185907, 0.00493546109647, 0.017472980544, 0.0785230845213, 0.12075535208, 0.0138869099319, 0.00163394818082, 3.3444906876e-05, 8.27270483228e-08, 1.12261577812e-09]
    },
    "gfcc": {
        "mean": [-71.5149002075, 151.778305054, -103.6692276, -32.0258026123, -40.7155609131, 3.3385848999, -36.7290153503, 15.6457004547, -23.1699638367, 6.6237077713, -12.1056146622, -3.09714746475, -12.8553972244],
        "cov": [[16730.6210938, 2311.53881836, -556.794677734, -168.008789062, 224.231460571, 213.627166748, -342.678710938, 412.797119141, -284.791015625, 337.061187744, -24.7785511017, -64.2829437256, -169.022445679], [2311.53881836, 2053.61791992, 305.709411621, 142.873291016, 282.714935303, -172.97996521, 80.3321914673, -182.587631226, 156.452667236, -191.787643433, 61.1067276001, -86.9283676147, 71.1617202759], [-556.794677734, 305.709411621, 496.874938965, 217.895797729, 176.609512329, 68.2615356445, 92.8699951172, -13.5174674988, 90.2496490479, -20.0388145447, 1.01907658577, -12.7569379807, 11.6997070312], [-168.008789062, 142.873291016, 217.895797729, 302.737487793, 189.283218384, 35.9532432556, 90.4943847656, 9.46953296661, 75.1438446045, 12.2719640732, 39.3794631958, 14.244263649, 39.4549598694], [224.231460571, 282.714935303, 176.609512329, 189.283218384, 254.330047607, 83.7324066162, 72.5810623169, 3.59013009071, 67.1239776611, 2.02402973175, 34.6379013062, 7.02405834198, 18.9740447998], [213.627166748, -172.97996521, 68.2615356445, 35.9532432556, 83.7324066162, 177.468933105, 53.779045105, 64.4635009766, -15.2500133514, 60.8870201111, 1.18857753277, 11.3791685104, -22.9788589478], [-342.678710938, 80.3321914673, 92.8699951172, 90.4943847656, 72.5810623169, 53.779045105, 165.867080688, 39.6939506531, 48.9808959961, 13.5687093735, 35.2793197632, -13.9743452072, -12.305773735], [412.797119141, -182.587631226, -13.5174674988, 9.46953296661, 3.59013009071, 64.4635009766, 39.6939506531, 153.366394043, 31.1678371429, 76.3431396484, 15.728890419, 24.2379779816, -17.5002040863], [-284.791015625, 156.452667236, 90.2496490479, 75.1438446045, 67.1239776611, -15.2500133514, 48.9808959961, 31.1678371429, 145.658599854, 23.6139202118, 36.5145263672, 16.1496448517, 34.6567878723], [337.061187744, -191.787643433, -20.0388145447, 12.2719640732, 2.02402973175, 60.8870201111, 13.5687093735, 76.3431396484, 23.6139202118, 131.092300415, 47.9631462097, 24.4747238159, -17.5783691406], [-24.7785511017, 61.1067276001, 1.01907658577, 39.3794631958, 34.6379013062, 1.18857753277, 35.2793197632, 15.728890419, 36.5145263672, 47.9631462097, 111.339309692, 41.2748832703, 19.3289279938], [-64.2829437256, -86.9283676147, -12.7569379807, 14.244263649, 7.02405834198, 11.3791685104, -13.9743452072, 24.2379779816, 16.1496448517, 24.4747238159, 41.2748832703, 88.5900497437, 53.6469573975], [-169.022445679, 71.1617202759, 11.6997070312, 39.4549598694, 18.9740447998, -22.9788589478, -12.305773735, -17.5002040863, 34.6567878723, -17.5783691406, 19.3289279938, 53.6469573975, 106.497276306]],
        "icov": [[0.000382585538318, -0.00117038632743, 0.000816705869511, -0.000762570882216, 0.000360392441507, -0.000913951720577, 0.00133810704574, -0.00170881394297, 0.00151252583601, -0.00174299976788, 0.00103266874794, -0.000397201103624, 0.000427206017775], [-0.00117038632743, 0.0046970914118, -0.00304609560408, 0.00352406105958, -0.00310738361441, 0.00439764745533, -0.00437993975356, 0.00532551761717, -0.00475157378241, 0.00601859623566, -0.0041811526753, 0.00276584853418, -0.00219026277773], [0.000816705869511, -0.00304609560408, 0.00569928484038, -0.0044987690635, 0.00198528193869, -0.00475195189938, 0.00297061586753, -0.00254966039211, 0.00102387065999, -0.00265684165061, 0.0032484845724, -0.00164273602422, 0.00238362676464], [-0.000762570882216, 0.00352406105958, -0.0044987690635, 0.0118131460622, -0.00891184341162, 0.00755871785805, -0.00592140760273, 0.00281968805939, -0.00103787146509, 0.000839495507535, -0.00207514339127, 0.00214348058216, -0.00467632059008], [0.000360392441507, -0.00310738361441, 0.00198528193869, -0.00891184341162, 0.0155885722488, -0.011222329922, 0.00381375593133, -0.000227075899602, -0.00287774228491, 0.00195240403991, -0.000772278639488, -0.00182570260949, 0.00325508066453], [-0.000913951720577, 0.00439764745533, -0.00475195189938, 0.00755871785805, -0.011222329922, 0.0195645410568, -0.00845737941563, 0.00144086999353, 0.00311585795134, -0.00288576050662, 0.00133038370404, -0.000319880782627, -0.00275760167278], [0.00133810704574, -0.00437993975356, 0.00297061586753, -0.00592140760273, 0.00381375593133, -0.00845737941563, 0.0158911477774, -0.00838177464902, 0.0020383966621, -0.00162568304222, -0.00166659464594, 0.00276480428874, 0.0028504349757], [-0.00170881394297, 0.00532551761717, -0.00254966039211, 0.00281968805939, -0.000227075899602, 0.00144086999353, -0.00838177464902, 0.0197796747088, -0.010186387226, 0.00330152316019, -0.0016321381554, -0.00270747160539, 0.00111795205157], [0.00151252583601, -0.00475157378241, 0.00102387065999, -0.00103787146509, -0.00287774228491, 0.00311585795134, 0.0020383966621, -0.010186387226, 0.0195855144411, -0.0116617130116, 0.00440848246217, -0.000855593360029, -0.00307335122488], [-0.00174299976788, 0.00601859623566, -0.00265684165061, 0.000839495507535, 0.00195240403991, -0.00288576050662, -0.00162568304222, 0.00330152316019, -0.0116617130116, 0.0266717597842, -0.0136741958559, 0.00336114526726, 0.0015631733695], [0.00103266874794, -0.0041811526753, 0.0032484845724, -0.00207514339127, -0.000772278639488, 0.00133038370404, -0.00166659464594, -0.0016321381554, 0.00440848246217, -0.0136741958559, 0.0212773028761, -0.0111589515582, 0.0028763692826], [-0.000397201103624, 0.00276584853418, -0.00164273602422, 0.00214348058216, -0.00182570260949, -0.000319880782627, 0.00276480428874, -0.00270747160539, -0.000855593360029, 0.00336114526726, -0.0111589515582, 0.0273168683052, -0.0138634378091], [0.000427206017775, -0.00219026277773, 0.00238362676464, -0.00467632059008, 0.00325508066453, -0.00275760167278, 0.0028504349757, 0.00111795205157, -0.00307335122488, 0.0015631733695, 0.0028763692826, -0.0138634378091, 0.0200598910451]]
    },
    "melbands": {
        "dmean": [0.000814695318695, 0.00107920158189, 0.00023469030566, 0.000289648683975, 0.000294602097711, 0.000174508109922, 0.000143500510603, 0.00040684567648, 0.000172834261321, 0.000166098179761, 5.713984865e-05, 5.89269257034e-05, 6.2927530962e-05, 4.7510908189e-05, 5.0441489293e-05, 4.40462463303e-05, 1.61989810294e-05, 8.66159371071e-06, 4.94243931826e-06, 6.33768877378e-06, 2.61846753347e-06, 1.86070849395e-06, 2.4875496365e-06, 5.76897605242e-07, 5.14703742738e-07, 2.79970180372e-07, 2.09113537153e-07, 1.50884332584e-07, 4.31548166091e-08, 3.95771095896e-08, 1.91452276255e-08, 1.21134249298e-08, 1.17568550451e-08, 1.07938813443e-08, 6.9137762182e-09, 4.41740732882e-09, 8.26356139072e-09, 1.22140191294e-08, 1.95406268944e-08, 3.69494159713e-08],
        "dmean2": [0.00126647530124, 0.00174575939309, 0.000375593226636, 0.000473950698506, 0.000459643662907, 0.000268358620815, 0.000206201017136, 0.000550704251509, 0.00022044153593, 0.000183396390639, 7.31101390556e-05, 7.64341530157e-05, 9.52843620325e-05, 7.07184153725e-05, 6.95299895597e-05, 5.73768629692e-05, 2.46285180765e-05, 1.37524484671e-05, 7.96334916231e-06, 9.69870325207e-06, 4.10617712987e-06, 2.8846116038e-06, 3.81985637432e-06, 9.49240757109e-07, 8.43593284117e-07, 4.61031731902e-07, 3.1411764212e-07, 2.40345372049e-07, 7.00757283312e-08, 5.98051670408e-08, 2.91526252028e-08, 1.87442221744e-08, 1.87727646761e-08, 1.72975731516e-08, 1.09194218112e-08, 6.96961244273e-09, 1.27079688994e-08, 1.89284730112e-08, 2.91415922504e-08, 5.40287352635e-08],
        "dvar": [3.29974454871e-06, 5.3820795074e-06, 2.32103218423e-07, 3.0077444535e-07, 2.99940893456e-07, 9.72694280676e-08, 4.96032761532e-08, 6.56995439385e-07, 6.53847820331e-08, 8.37406233245e-08, 9.41030009471e-09, 1.20521344016e-08, 1.17091767393e-08, 1.08783169139e-08, 1.05959259145e-08, 1.12585274437e-08, 3.51868489901e-09, 2.9414640168e-10, 9.82495473867e-11, 3.2214830803e-10, 2.77436424528e-11, 1.67476362639e-11, 1.04540813506e-10, 1.28745603588e-12, 1.5215147935e-12, 7.92952997101e-13, 2.99972205279e-13, 1.92386823703e-13, 1.60675187483e-14, 1.08485243968e-14, 2.6366193825e-15, 8.46362997133e-16, 1.46585880725e-15, 5.7967827358e-16, 2.24764718886e-16, 7.06204190653e-17, 4.46355764138e-16, 9.6276877631e-16, 2.84272790955e-15, 8.53725693384e-15],
        "dvar2": [8.83748452907e-06, 1.47861046571e-05, 7.44649526041e-07, 8.42495637698e-07, 6.84462463596e-07, 2.79788878288e-07, 1.2896350654e-07, 1.45220656123e-06, 1.24257027778e-07, 1.19163438228e-07, 1.44554856973e-08, 1.74355285765e-08, 2.50286706915e-08, 2.58510048923e-08, 1.81399482102e-08, 1.75381593692e-08, 6.90275259174e-09, 6.99946822724e-10, 2.19779999755e-10, 6.60526355833e-10, 6.33424215857e-11, 3.90006464623e-11, 2.14269907373e-10, 3.58461480984e-12, 4.11175433979e-12, 2.03783409418e-12, 7.04102954326e-13, 4.50279163998e-13, 4.26898371254e-14, 2.18345391816e-14, 5.37643490655e-15, 1.85139061776e-15, 3.62681254454e-15, 1.44629605194e-15, 5.53948377257e-16, 1.71924818403e-16, 1.0716283919e-15, 2.38118855044e-15, 6.4030511206e-15, 1.91199171702e-14],
        "max": [0.0369866341352, 0.0379026383162, 0.013352795504, 0.0170825906098, 0.0124406199902, 0.00736646680161, 0.00761882541701, 0.0311069395393, 0.00871617719531, 0.0099293384701, 0.00270186155103, 0.00318593136035, 0.00317122694105, 0.0029342782218, 0.00389690115117, 0.00413997797295, 0.00228975922801, 0.000456172390841, 0.000466467172373, 0.000576865044422, 0.000152078690007, 0.000134208268719, 0.000345927372109, 3.30800867232e-05, 3.06389047182e-05, 4.22986413469e-05, 2.00811118702e-05, 1.88244102901e-05, 2.95440804621e-06, 3.28420242113e-06, 2.07640732697e-06, 1.01610726233e-06, 1.16859803256e-06, 6.5511540015e-07, 3.93739952642e-07, 2.26611746257e-07, 5.52856988634e-07, 9.08026265733e-07, 2.09044901567e-06, 2.85634632746e-06],
        "mean": [0.00212954031304, 0.00257537397556, 0.000684862432536, 0.000698535295669, 0.000676812545862, 0.000483449344756, 0.0004508359998, 0.00120723957662, 0.000667914689984, 0.000590044364799, 0.000138844683534, 0.00013303317246, 0.000108580359665, 9.45631763898e-05, 0.00013187219156, 0.000114385577035, 2.9665285183e-05, 1.57352696988e-05, 9.75067996478e-06, 1.33115299832e-05, 6.22065545031e-06, 4.23472602051e-06, 4.64130380351e-06, 1.32417994791e-06, 1.00984573237e-06, 5.84739382248e-07, 4.93727952744e-07, 3.00683325349e-07, 9.09762576384e-08, 9.10434394541e-08, 4.21924326588e-08, 2.97636493229e-08, 2.731893467e-08, 2.79981478002e-08, 2.02376053693e-08, 1.36864626299e-08, 2.40449491429e-08, 3.57978144905e-08, 6.09392003525e-08, 1.17681970835e-07],
        "median": [0.000322591629811, 0.000608561502304, 0.000356979202479, 0.000351073394995, 0.000349874957465, 0.000227935306611, 0.0002807728888, 0.000488156860229, 0.000365940242773, 0.000170239974977, 8.28133561299e-05, 6.15689059487e-05, 5.46417504665e-05, 3.81050813303e-05, 4.65387493023e-05, 3.01575510093e-05, 1.10609826152e-05, 7.96083713794e-06, 5.13285067427e-06, 3.9630158426e-06, 2.63956235358e-06, 1.84869850273e-06, 1.39335816129e-06, 6.79224228861e-07, 4.28977642741e-07, 1.88704461834e-07, 1.40243088254e-07, 7.58018003921e-08, 4.1972743503e-08, 2.95733517675e-08, 1.69097553737e-08, 1.17440643876e-08, 1.04188782046e-08, 1.11445617179e-08, 8.934670781e-09, 6.24934681781e-09, 6.3497784808e-09, 8.78688410921e-09, 1.29198420851e-08, 1.7920301687e-08],
        "min": [1.17333601209e-23, 1.30126455957e-23, 1.42120644259e-23, 3.9603251078e-24, 8.70240742837e-24, 1.25187311055e-23, 8.32065081506e-24, 6.39854231011e-24, 1.34857807009e-23, 1.34504223774e-23, 2.38749021178e-23, 6.20691892433e-24, 4.97916776031e-24, 1.78991624316e-23, 1.67613899257e-23, 1.3671909276e-23, 1.13903223786e-23, 1.44839879354e-23, 5.86287262331e-24, 8.45734936588e-24, 1.13875771426e-23, 7.58057701252e-24, 9.97885773708e-24, 1.11266314215e-23, 8.07847446146e-24, 7.37468116082e-24, 1.15634749807e-23, 6.81841747122e-24, 1.57428774115e-23, 9.84333143356e-24, 1.30165954223e-23, 9.70163702663e-24, 7.17257736348e-24, 1.00249106479e-23, 9.88520259269e-24, 1.3671432804e-23, 1.00343280694e-23, 1.28643342235e-23, 1.46353261669e-23, 1.2954988541e-23],
        "var": [1.83323518286e-05, 1.77969577635e-05, 9.51689060003e-07, 1.02269984836e-06, 9.71273038886e-07, 4.04865915016e-07, 2.87188640868e-07, 4.09355061493e-06, 6.23526091204e-07, 9.24052983464e-07, 3.69635984043e-08, 4.93339555874e-08, 2.57499053191e-08, 3.37076961898e-08, 6.93291966058e-08, 6.5482261391e-08, 7.62214380501e-09, 6.09749917224e-10, 3.94508065105e-10, 1.11346332154e-09, 1.02823645431e-10, 4.88541880561e-11, 2.48168041672e-10, 3.70920655302e-12, 3.20719124002e-12, 1.57961306795e-12, 9.42645592659e-13, 5.53180006142e-13, 2.79222056311e-14, 3.64585376049e-14, 6.16949279682e-15, 2.68526956686e-15, 2.97595539249e-15, 1.99093357835e-15, 9.90391791269e-16, 4.51028950787e-16, 2.70498658805e-15, 6.05147611979e-15, 2.01383743394e-14, 7.12408783224e-14]
    },
    "mfcc": {
        "mean": [-726.75793457, 212.239868164, -10.4215354919, -11.7671289444, 6.18066883087, -12.1512947083, 2.16250038147, -3.09815716743, 1.08861505985, -0.886244833469, 7.11930131912, 3.22135639191, 3.5234439373],
        "cov": [[7027.953125, 1387.16809082, -359.481445312, -12.8257513046, 278.011322021, -66.4029083252, 251.839981079, -46.8909606934, 127.566268921, 78.0327301025, 289.738983154, 186.755401611, 171.329284668], [1387.16809082, 1803.10754395, 150.344863892, 261.911956787, 183.368560791, 86.4801483154, -23.4464225769, 70.8665161133, 12.6315259933, 17.8596630096, -15.3036384583, 20.1939811707, -34.5812301636], [-359.481445312, 150.344863892, 320.268096924, 129.330581665, 79.9175262451, 87.6805801392, 19.0056285858, 42.9038505554, 39.0454521179, 27.5622768402, -9.37663555145, 4.04799222946, 2.71675014496], [-12.8257513046, 261.911956787, 129.330581665, 305.320068359, 121.772491455, 90.0473937988, 18.4131774902, 51.5093040466, 39.2288360596, 34.6077270508, 1.01072359085, 29.4367141724, 10.3770503998], [278.011322021, 183.368560791, 79.9175262451, 121.772491455, 208.241592407, 98.2572402954, 27.3824462891, 35.6553535461, 42.3054389954, 21.3850898743, 7.33945703506, 16.5070323944, 19.954284668], [-66.4029083252, 86.4801483154, 87.6805801392, 90.0473937988, 98.2572402954, 153.855010986, 67.5446090698, 31.3418197632, 27.8039588928, 23.5432472229, 13.0241155624, 9.22962284088, -4.30023145676], [251.839981079, -23.4464225769, 19.0056285858, 18.4131774902, 27.3824462891, 67.5446090698, 153.768997192, 42.5337028503, 9.75711631775, 24.0503540039, 50.7279510498, 23.8269424438, 23.5875263214], [-46.8909606934, 70.8665161133, 42.9038505554, 51.5093040466, 35.6553535461, 31.3418197632, 42.5337028503, 94.0381546021, 43.7929382324, 17.162519455, 9.57068443298, 16.5272636414, 9.49058818817], [127.566268921, 12.6315259933, 39.0454521179, 39.2288360596, 42.3054389954, 27.8039588928, 9.75711631775, 43.7929382324, 93.86743927, 43.9281311035, 12.8775434494, 11.6009397507, 10.4155158997], [78.0327301025, 17.8596630096, 27.5622768402, 34.6077270508, 21.3850898743, 23.5432472229, 24.0503540039, 17.162519455, 43.9281311035, 88.7470016479, 56.0106544495, 22.7937870026, 15.6803674698], [289.738983154, -15.3036384583, -9.37663555145, 1.01072359085, 7.33945703506, 13.0241155624, 50.7279510498, 9.57068443298, 12.8775434494, 56.0106544495, 125.366584778, 71.1131820679, 20.9045276642], [186.755401611, 20.1939811707, 4.04799222946, 29.4367141724, 16.5070323944, 9.22962284088, 23.8269424438, 16.5272636414, 11.6009397507, 22.7937870026, 71.1131820679, 104.771842957, 47.6004714966], [171.329284668, -34.5812301636, 2.71675014496, 10.3770503998, 19.954284668, -4.30023145676, 23.5875263214, 9.49058818817, 10.4155158997, 15.6803674698, 20.9045276642, 47.6004714966, 100.077011108]],
