{
"lowlevel": {
    "average_loudness": 0.732188165188,
    "barkbands_crest": {
        "dmean": 1.82575690746,
        "dmean2": 2.80918598175,
        "dvar": 2.94096159935,
        "dvar2": 7.49524116516,
        "max": 24.9150676727,
        "mean": 10.9773979187,
        "median": 10.1538734436,
        "min": 3.59528493881,
        "var": 16.6602306366
    },
    "barkbands_flatness_db": {
        "dmean": 0.0137783987448,
        "dmean2": 0.0202337894589,
        "dvar": 0.000150628213305,
        "dvar2": 0.000353096605977,
        "max": 0.376697480679,
        "mean": 0.178723022342,
        "median": 0.174785703421,
        "min": 0.0481010004878,
        "var": 0.00221471884288
    },
    "barkbands_kurtosis": {
        "dmean": 1.90737771988,
        "dmean2": 2.82391142845,
        "dvar": 6.00348711014,
        "dvar2": 12.920923233,
        "max": 70.7565231323,
        "mean": 5.19347381592,
        "median": 3.76005458832,
        "min": -1.77859759331,
        "var": 28.2283840179
    },
    "barkbands_skewness": {
        "dmean": 0.343805283308,
        "dmean2": 0.507493197918,
        "dvar": 0.101563453674,
        "dvar2": 0.231636181474,
        "max": 5.91259145737,
        "mean": 1.33996903896,
        "median": 1.28280031681,
        "min": -2.74276328087,
        "var": 0.84222561121
    },
    "barkbands_spread": {
        "dmean": 1.81018579006,
        "dmean2": 2.66110777855,
        "dvar": 4.58557319641,
        "dvar2": 10.1864013672,
        "max": 119.787872314,
        "mean": 11.4448757172,
        "median": 9.18357276917,
        "min": 1.26940488815,
        "var": 75.9865570068
    },
    "dissonance": {
        "dmean": 0.0291078872979,
        "dmean2": 0.0489934682846,
        "dvar": 0.000759147922508,
        "dvar2": 0.00204694643617,
        "max": 0.5,
        "mean": 0.41966971755,
        "median": 0.430330812931,
        "min": 0.0985688045621,
        "var": 0.00280881393701
    },
    "dynamic_complexity": 2.7661857605,
    "erbbands_crest": {
        "dmean": 2.24165630341,
        "dmean2": 3.30750799179,
        "dvar": 4.05605125427,
        "dvar2": 9.1661195755,
        "max": 32.3619537354,
        "mean": 12.3000278473,
        "median": 11.4027643204,
        "min": 2.46959376335,
        "var": 24.1035614014
    },
    "erbbands_flatness_db": {
        "dmean": 0.0119755780324,
        "dmean2": 0.0164393838495,
        "dvar": 0.000114594135084,
        "dvar2": 0.000221007983782,
        "max": 0.379851609468,
        "mean": 0.202577471733,
        "median": 0.201820388436,
        "min": 0.0540687292814,
        "var": 0.00172947812825
    },
    "erbbands_kurtosis": {
        "dmean": 1.44938409328,
        "dmean2": 2.11718463898,
        "dvar": 4.47370481491,
        "dvar2": 9.40280437469,
        "max": 88.2053146362,
        "mean": 3.56520962715,
        "median": 2.41906547546,
        "min": -1.59190952778,
        "var": 20.4167098999
    },
    "erbbands_skewness": {
        "dmean": 0.298703402281,
        "dmean2": 0.42818570137,
        "dvar": 0.0751297473907,
        "dvar2": 0.157989487052,
        "max": 7.21821641922,
        "mean": 0.916673362255,
        "median": 0.837486863136,
        "min": -1.69601726532,
        "var": 0.604375064373
    },
    "erbbands_spread": {
        "dmean": 2.56778407097,
        "dmean2": 3.66841506958,
        "dvar": 6.5039229393,
        "dvar2": 13.786980629,
        "max": 103.283790588,
        "mean": 16.7485218048,
        "median": 15.3199443817,
        "min": 1.27453899384,
        "var": 72.6381149292
    },
    "hfc": {
        "dmean": 2.93197035789,
        "dmean2": 3.91478538513,
        "dvar": 12.7254362106,
        "dvar2": 23.7434387207,
        "max": 119.708877563,
        "mean": 19.3843402863,
        "median": 14.4982233047,
        "min": 1.19234908926e-16,
        "var": 275.397277832
    },
    "melbands_crest": {
        "dmean": 2.28237175941,
        "dmean2": 3.54783034325,
        "dvar": 4.61812162399,
        "dvar2": 12.1493091583,
        "max": 32.3829879761,
        "mean": 13.8945150375,
        "median": 13.1987686157,
        "min": 1.54072606564,
        "var": 24.3158397675
    },
    "melbands_flatness_db": {
        "dmean": 0.0153489755467,
        "dmean2": 0.0228615030646,
        "dvar": 0.000203226285521,
        "dvar2": 0.000487165438244,
        "max": 0.530719816685,
        "mean": 0.283233433962,
        "median": 0.280409634113,
        "min": 0.00294340448454,
        "var": 0.00449110241607
    },
    "melbands_kurtosis": {
        "dmean": 2.12735652924,
        "dmean2": 3.21487998962,
        "dvar": 8.74857139587,
        "dvar2": 20.2503471375,
        "max": 87.731803894,
        "mean": 4.95851039886,
        "median": 3.15754079819,
        "min": -1.55983436108,
        "var": 36.8890533447
    },
    "melbands_skewness": {
        "dmean": 0.368319123983,
        "dmean2": 0.555109262466,
        "dvar": 0.121351823211,
        "dvar2": 0.296280384064,
        "max": 7.27968168259,
        "mean": 1.35587191582,
        "median": 1.21211266518,
        "min": -2.07743835449,
        "var": 0.99726998806
    },
    "melbands_spread": {
        "dmean": 2.26758956909,
        "dmean2": 3.4689013958,
        "dvar": 8.70955181122,
        "dvar2": 22.3732910156,
        "max": 182.774673462,
        "mean": 13.8419742584,
        "median": 11.1690607071,
        "min": 1.10986816883,
        "var": 244.837356567
    },
    "pitch_salience": {
        "dmean": 0.0481616556644,
        "dmean2": 0.0758708491921,
        "dvar": 0.00189934996888,
        "dvar2": 0.00491349073127,
        "max": 0.963119626045,
        "mean": 0.521631360054,
        "median": 0.522566974163,
        "min": 0.153499349952,
        "var": 0.0113978777081
    },
    "silence_rate_20dB": {
        "dmean": 0,
        "dmean2": 0,
        "dvar": 0,
        "dvar2": 0,
        "max": 1,
        "mean": 1,
        "median": 1,
        "min": 1,
        "var": 0
    },
    "silence_rate_30dB": {
        "dmean": 0.0141005553305,
        "dmean2": 0.0282031185925,
        "dvar": 0.013901527971,
        "dvar2": 0.0345290265977,
        "max": 1,
        "mean": 0.980346083641,
        "median": 1,
        "min": 0,
        "var": 0.0192675925791
    },
    "silence_rate_60dB": {
        "dmean": 0.00697906268761,
        "dmean2": 0.0139591200277,
        "dvar": 0.00692794006318,
        "dvar2": 0.0156192900613,
        "max": 1,
        "mean": 0.0489211715758,
        "median": 0,
        "min": 0,
        "var": 0.0465174764395
    },
    "spectral_centroid": {
        "dmean": 56.7686500549,
        "dmean2": 87.4041137695,
        "dvar": 7577.11669922,
        "dvar2": 12997.8925781,
        "max": 10743.1445312,
        "mean": 704.523132324,
        "median": 628.061584473,
        "min": 199.255050659,
        "var": 192388.125
    },
    "spectral_complexity": {
        "dmean": 1.52570855618,
        "dmean2": 2.5244641304,
        "dvar": 1.84993803501,
        "dvar2": 4.67673921585,
        "max": 30,
        "mean": 14.3858146667,
        "median": 15,
        "min": 0,
        "var": 25.071849823
    },
    "spectral_decrease": {
        "dmean": 1.84396309333e-09,
        "dmean2": 2.7961304383e-09,
        "dvar": 6.56471254996e-18,
        "dvar2": 1.7040714712e-17,
        "max": 2.23089089193e-17,
        "mean": -9.01561580946e-09,
        "median": -7.62610419258e-09,
        "min": -5.27232870695e-08,
        "var": 4.50232951575e-17
    },
    "spectral_energy": {
        "dmean": 0.00716072646901,
        "dmean2": 0.010828146711,
        "dvar": 9.63739730651e-05,
        "dvar2": 0.000248945492785,
        "max": 0.204577147961,
        "mean": 0.0357852876186,
        "median": 0.030608182773,
        "min": 1.07376719212e-20,
        "var": 0.000687749066856
    },
    "spectral_energyband_high": {
        "dmean": 6.79482691339e-05,
        "dmean2": 7.79437832534e-05,
        "dvar": 2.64101984726e-08,
        "dvar2": 3.89101266762e-08,
        "max": 0.00699038570747,
        "mean": 0.000308833637973,
        "median": 5.83097353228e-05,
        "min": 7.67011785602e-21,
        "var": 4.56254355186e-07
    },
    "spectral_energyband_low": {
        "dmean": 0.00443190103397,
        "dmean2": 0.00702724279836,
        "dvar": 7.97433312982e-05,
        "dvar2": 0.000216293919948,
        "max": 0.143499851227,
        "mean": 0.0120718618855,
        "median": 0.00385197880678,
        "min": 3.0440687673e-23,
        "var": 0.000338064070093
    },
    "spectral_energyband_middle_high": {
        "dmean": 0.00123175862245,
        "dmean2": 0.00170122401323,
        "dvar": 3.15533930006e-06,
        "dvar2": 6.03202306593e-06,
        "max": 0.0544580630958,
        "mean": 0.00480541959405,
        "median": 0.00315924035385,
        "min": 1.61853972035e-21,
        "var": 2.7588188459e-05
    },
    "spectral_energyband_middle_low": {
        "dmean": 0.0040626693517,
        "dmean2": 0.00586875341833,
        "dvar": 2.30011064559e-05,
        "dvar2": 5.50832119188e-05,
        "max": 0.157247215509,
        "mean": 0.0193430818617,
        "median": 0.0168265663087,
        "min": 4.26440989262e-22,
        "var": 0.000201173039386
    },
    "spectral_entropy": {
        "dmean": 0.108437493443,
        "dmean2": 0.158641383052,
        "dvar": 0.00943343807012,
        "dvar2": 0.0205126591027,
        "max": 9.79718971252,
        "mean": 6.72821855545,
        "median": 6.70235300064,
        "min": 4.88937044144,
        "var": 0.220340520144
    },
    "spectral_flux": {
        "dmean": 0.0147391632199,
        "dmean2": 0.0242023840547,
        "dvar": 0.000250577926636,
        "dvar2": 0.000674090348184,
        "max": 0.268555492163,
        "mean": 0.056991327554,
        "median": 0.052981749177,
        "min": 1.03622735392e-10,
        "var": 0.0010133482283
    },
    "spectral_kurtosis": {
        "dmean": 2.35790729523,
        "dmean2": 3.64718270302,
        "dvar": 8.90111923218,
        "dvar2": 23.0685119629,
        "max": 121.751731873,
        "mean": 16.1564922333,
        "median": 14.6178340912,
        "min": -1.20488667488,
        "var": 104.720329285
    },
    "spectral_rms": {
        "dmean": 0.000546567782294,
        "dmean2": 0.000811797101051,
        "dvar": 3.52762697275e-07,
        "dvar2": 8.9227467015e-07,
        "max": 0.0141275422648,
        "mean": 0.00546863581985,
        "median": 0.00546458084136,
        "min": 3.2366305816e-12,
        "var": 5.00634223499e-06
    },
    "spectral_rolloff": {
        "dmean": 115.378631592,
        "dmean2": 198.200256348,
        "dvar": 125759.945312,
        "dvar2": 273506.53125,
        "max": 20198.1445312,
        "mean": 1083.00231934,
        "median": 689.0625,
        "min": 86.1328125,
        "var": 4745081.5
    },
    "spectral_skewness": {
        "dmean": 0.2018417418,
        "dmean2": 0.305212795734,
        "dvar": 0.037709351629,
        "dvar2": 0.0921182408929,
        "max": 9.5386800766,
        "mean": 3.366979599,
        "median": 3.34127116203,
        "min": -0.000819720211439,
        "var": 0.735565543175
    },
    "spectral_spread": {
        "dmean": 398027.8125,
        "dmean2": 513653.0625,
        "dvar": 238125252608,
        "dvar2": 308828209152,
        "max": 41242864,
        "mean": 4503827,
        "median": 3791304.5,
        "min": 635622.625,
        "var": 5.71434965402e+12
    },
    "spectral_strongpeak": {
        "dmean": 0.478760629892,
        "dmean2": 0.779837310314,
        "dvar": 0.635648667812,
        "dvar2": 1.50425469875,
        "max": 10.5733222961,
        "mean": 1.44170224667,
        "median": 0.871912121773,
        "min": 0,
        "var": 1.94216370583
    },
    "zerocrossingrate": {
        "dmean": 0.00531945610419,
        "dmean2": 0.00645285192877,
        "dvar": 4.24568097515e-05,
        "dvar2": 5.37805171916e-05,
        "max": 0.54931640625,
        "mean": 0.0494652576745,
        "median": 0.0341796875,
        "min": 0.0029296875,
        "var": 0.00389593862928
    },
    "barkbands": {
        "dmean": [6.97051436873e-05, 0.00352372415364, 0.00118335441221, 0.00047117122449, 0.00149054196663, 0.000956207630225, 0.000909245398361, 0.00155228876974, 0.00109392940067, 0.000463711796328, 0.000464914744953, 0.000399565731641, 0.000548985030036, 0.00015450900537, 0.000113885529572, 7.28706581867e-05, 6.9323599746e-05, 1.8666509277e-05, 1.55629295477e-05, 8.6067684606e-06, 2.93296784548e-06, 1.72286149791e-06, 1.63550919297e-06, 4.7421472118e-06, 3.61230049748e-05, 2.90668667731e-05, 3.27542056766e-06],
        "dmean2": [0.000126971921418, 0.00563742639497, 0.00185390375555, 0.000777651090175, 0.00242079072632, 0.0014507585438, 0.00135317957029, 0.00195925775915, 0.0012454619864, 0.000593147648033, 0.000696988310665, 0.000577194034122, 0.000727377948351, 0.000233718659729, 0.000184567295946, 0.000110759552626, 0.000105934013845, 3.06024849124e-05, 2.57164629147e-05, 1.30202288346e-05, 4.51031382909e-06, 2.66431970886e-06, 2.53033681474e-06, 6.95850940247e-06, 4.92803992529e-05, 3.46272245224e-05, 4.52388485428e-06],
        "dvar": [7.01364477607e-09, 5.62878303754e-05, 8.25481856737e-06, 1.50164180468e-06, 6.25027905699e-06, 2.71057069767e-06, 1.90389050658e-06, 7.420313068e-06, 3.65512164535e-06, 6.1781270233e-07, 5.85462032632e-07, 8.94930849427e-07, 1.58926923177e-06, 3.05153236013e-07, 5.18255696136e-08, 4.80414179549e-08, 4.06466149627e-08, 1.37451061644e-09, 1.40020606221e-09, 4.56835069773e-10, 5.02699167015e-11, 1.94681319676e-11, 1.08797927265e-11, 1.26751595331e-10, 8.34165714281e-09, 6.06856209728e-09, 6.69336738812e-11],
        "dvar2": [2.35339392418e-08, 0.000155511370394, 2.15868622035e-05, 5.15708916282e-06, 1.6910245904e-05, 7.19242325431e-06, 5.30593797521e-06, 1.22325509437e-05, 5.70893234908e-06, 9.26843938487e-07, 1.22612345876e-06, 2.00354247681e-06, 2.50473635788e-06, 5.97997711793e-07, 1.24798631873e-07, 9.73633262902e-08, 8.63711235866e-08, 3.69253960741e-09, 3.65929531121e-09, 1.03711983446e-09, 1.08970658885e-10, 4.52706379328e-11, 2.56148609268e-11, 2.73724848343e-10, 1.70686238476e-08, 8.62673399382e-09, 1.33837024796e-10],
        "max": [0.00142131943721, 0.117108464241, 0.0587274581194, 0.0364569947124, 0.0612534023821, 0.0344520658255, 0.0471564568579, 0.1127756387, 0.0620550587773, 0.0193496532738, 0.0205364003778, 0.0275296419859, 0.0472463518381, 0.0227992180735, 0.00839862599969, 0.00827707909048, 0.00659765023738, 0.000826413743198, 0.00146589113865, 0.000843978545163, 0.00018216817989, 0.000106757353933, 8.26322066132e-05, 0.000338552461471, 0.00365802366287, 0.0030442327261, 0.000263249006821],
        "mean": [0.000151799336891, 0.00870088860393, 0.00263590575196, 0.00134213548154, 0.00345478416421, 0.00262179691344, 0.00250964122824, 0.0052343280986, 0.0038488083519, 0.00102343189064, 0.000819587090518, 0.0008140009013, 0.00142788223457, 0.000287731760181, 0.0002066604211, 0.00015709552099, 0.000149473911733, 4.52744061477e-05, 3.24432003254e-05, 1.9434677597e-05, 7.29687690182e-06, 4.68505686513e-06, 5.25048199052e-06, 1.64173507073e-05, 0.000140899952385, 0.000115399649076, 1.22892961372e-05],
        "median": [0.000118320385809, 0.00150639680214, 0.000495727581438, 0.000400143529987, 0.00193350668997, 0.00120213581249, 0.00167528225575, 0.00199235905893, 0.00117471336853, 0.000525383744389, 0.000401896424592, 0.000294904428301, 0.000359333673259, 0.000110396213131, 9.7489093605e-05, 5.85036614211e-05, 5.86524547543e-05, 2.39694491029e-05, 1.3973478417e-05, 5.72489989281e-06, 3.12247993861e-06, 1.9092308321e-06, 2.50296625381e-06, 4.52621497971e-06, 1.94156164071e-05, 1.56494552357e-05, 3.73468969883e-06],
        "min": [5.37341430973e-25, 1.25553855275e-23, 1.06342189224e-23, 1.06107100786e-23, 7.9184576556e-23, 2.13501559461e-23, 1.39633782344e-22, 1.0119165011e-22, 7.25000343024e-23, 4.41689373948e-23, 9.35676250054e-23, 1.42576902474e-22, 8.82361748418e-23, 8.54097745708e-23, 6.79767311154e-23, 1.36911846189e-22, 9.52429888632e-23, 2.68370732392e-22, 3.8238385239e-22, 3.34659787108e-22, 3.31356037637e-22, 7.46151243749e-22, 6.42361382429e-22, 6.91664608404e-22, 1.144789695e-21, 1.68628391421e-21, 2.58983343155e-21],
        "var": [2.01456114013e-08, 0.000239052329562, 2.62550402113e-05, 5.60621901968e-06, 1.88553840417e-05, 1.17336594485e-05, 7.67378151068e-06, 7.06297432771e-05, 3.89042179449e-05, 2.25509143092e-06, 1.61695186307e-06, 2.96476900985e-06, 1.0180996469e-05, 6.73357021697e-07, 1.60101436109e-07, 1.47558338881e-07, 1.09789226599e-07, 3.7284659804e-09, 2.929186671e-09, 1.53458845631e-09, 1.55329568652e-10, 6.04522820691e-11, 5.64956345595e-11, 1.15499099174e-09, 1.06583939896e-07, 7.87590863638e-08, 5.69298663766e-10]
    },
    "erbbands": {
        "dmean": [0.0553125329316, 0.937188923359, 1.6993060112, 1.16490256786, 2.50054264069, 6.04334497452, 8.26060676575, 7.85888051987, 9.0109167099, 35.3542251587, 20.5659446716, 29.0396156311, 11.3346767426, 14.1732950211, 16.8183631897, 20.4220428467, 26.2956562042, 9.86716365814, 6.11318874359, 4.74698066711, 3.10915350914, 2.37144851685, 1.71818804741, 0.89668905735, 0.644493997097, 0.465614408255, 0.135303065181, 0.0932778641582, 0.0593632794917, 0.0648216977715, 0.0432683899999, 0.0582168586552, 0.118872955441, 0.272278755903, 0.366944998503, 0.140169993043, 0.0622057169676, 0.0104325525463, 0.000477762863738, 1.54559802468e-05],
        "dmean2": [0.0831282511353, 1.51457118988, 2.72210240364, 1.83887350559, 4.09286308289, 9.8922700882, 12.5422945023, 12.2172746658, 12.856212616, 49.1053314209, 26.7128944397, 32.1767158508, 14.3774414062, 18.4482936859, 25.9300880432, 29.2165184021, 34.792930603, 14.4829521179, 9.87057113647, 7.43211936951, 4.7652721405, 3.62619328499, 2.6833126545, 1.47241544724, 1.029494524, 0.732284367085, 0.212594032288, 0.137341290712, 0.0916451960802, 0.102928496897, 0.0663178339601, 0.0863283202052, 0.175676018, 0.384707301855, 0.524212062359, 0.180979803205, 0.0802346020937, 0.0124574862421, 0.000573849480134, 1.89673482964e-05],
        "dvar": [0.0152043644339, 3.98381757736, 14.9808168411, 5.29804134369, 30.5722885132, 124.477790833, 290.356109619, 226.098617554, 213.548904419, 4585.11230469, 989.73815918, 2663.80078125, 357.808654785, 648.015930176, 755.266723633, 2270.13598633, 3683.28320312, 836.404663086, 143.768325806, 166.799926758, 51.6586265564, 42.8427391052, 29.3867053986, 3.76965069771, 4.569896698, 1.65061676502, 0.0993271172047, 0.0634843483567, 0.021143283695, 0.0238172728568, 0.00727484514937, 0.0194268990308, 0.0877660140395, 0.457641631365, 0.9466329813, 0.125363335013, 0.0328313522041, 0.000818673579488, 1.29200759602e-06, 6.57708332241e-10],
        "dvar2": [0.0370541997254, 11.1367702484, 39.1519317627, 15.4555587769, 94.0124969482, 350.199371338, 606.349731445, 665.657104492, 548.068786621, 10703.2695312, 1825.66479492, 3869.37573242, 551.642456055, 941.005432129, 1748.93066406, 4994.64990234, 5723.75927734, 1628.390625, 366.824645996, 345.099639893, 105.452819824, 90.3706893921, 61.5504875183, 10.1759986877, 11.5753765106, 3.83492040634, 0.229974150658, 0.121781505644, 0.0474817603827, 0.0590309016407, 0.0168483369052, 0.0435612872243, 0.196375563741, 0.983162283897, 2.12813544273, 0.240382730961, 0.0571684017777, 0.0011985466117, 1.90743890016e-06, 8.90421791855e-10],
        "max": [2.86677503586, 29.8705062866, 74.6187133789, 70.7521286011, 118.153739929, 308.310028076, 432.93737793, 371.009033203, 492.412536621, 2315.02905273, 842.255859375, 1723.7767334, 547.866271973, 678.570495605, 832.424255371, 1395.7956543, 2425.91479492, 1202.73388672, 261.784362793, 605.531860352, 259.828735352, 219.349334717, 192.091079712, 48.1737060547, 105.188606262, 58.3450660706, 7.35748386383, 10.0140514374, 4.41535234451, 4.14108514786, 2.09903693199, 4.05991220474, 9.57308578491, 24.1514053345, 35.7863311768, 12.3141727448, 6.54358243942, 0.963958263397, 0.0446288585663, 0.001044876175],
        "mean": [0.155382111669, 2.2489733696, 3.90901970863, 3.62243509293, 5.97565603256, 13.7168216705, 19.089887619, 21.5965576172, 29.2474193573, 101.309768677, 78.2110290527, 106.052238464, 31.6946201324, 33.2522773743, 31.8150043488, 45.7240219116, 71.2889862061, 21.9437789917, 11.5923891068, 10.7552070618, 7.97257661819, 5.65099430084, 3.90483617783, 2.01281785965, 1.48279976845, 1.01323640347, 0.352922707796, 0.239267930388, 0.161589577794, 0.183517336845, 0.146977245808, 0.197696834803, 0.40241381526, 0.948493003845, 1.29192912579, 0.532429158688, 0.223498269916, 0.0391846522689, 0.00212589185685, 8.84082328412e-05],
        "median": [0.020411266014, 0.423182100058, 0.874410152435, 1.66101670265, 3.20368623734, 6.59362506866, 8.27653026581, 9.53017044067, 17.5901813507, 44.2977027893, 45.0367126465, 31.6311244965, 20.6014022827, 16.4281463623, 18.5265331268, 17.5761299133, 19.1941661835, 9.40228939056, 6.0562953949, 4.68050861359, 3.66372585297, 2.7104575634, 1.81248033047, 1.06227564812, 0.478244572878, 0.302577376366, 0.163438498974, 0.0957141816616, 0.0674935951829, 0.0792943015695, 0.0696271210909, 0.0614695809782, 0.0984554067254, 0.15611641109, 0.163866773248, 0.0764558464289, 0.0264420006424, 0.00698106223717, 0.00065953558078, 5.418110959e-05],
        "min": [3.38662050823e-22, 2.78494344685e-21, 1.44198050257e-20, 2.65719347918e-20, 1.38803905316e-19, 3.27238388891e-19, 1.08373623716e-19, 2.55208638524e-19, 1.12041789746e-18, 2.1787920791e-18, 2.53040422362e-18, 1.82418161166e-18, 1.26813643164e-18, 2.20406058566e-18, 5.04756197692e-18, 5.73865400791e-18, 4.16626886305e-18, 4.7143301992e-18, 3.6115346609e-18, 3.30421162754e-18, 8.8560983861e-18, 5.66031710877e-18, 1.13132723101e-17, 2.21718996857e-17, 1.65499468002e-17, 1.56247188153e-17, 1.07253065404e-17, 1.77774894467e-17, 2.38162619516e-17, 2.14585424342e-17, 1.96231146817e-17, 1.45941725404e-17, 1.19393057587e-17, 1.03912347608e-17, 9.58661053636e-18, 6.0134649141e-18, 2.89187119117e-18, 1.33704781449e-18, 3.18076122837e-19, 3.97740685635e-20],
        "var": [0.117879398167, 15.0874700546, 49.1568183899, 35.7833938599, 73.7604827881, 383.997406006, 1051.54455566, 911.689331055, 1259.58081055, 25531.7480469, 8442.21386719, 29794.3125, 1546.35314941, 2814.30444336, 1636.02587891, 8083.94433594, 24999.9238281, 2210.45410156, 290.821044922, 745.251159668, 190.82220459, 123.124168396, 73.7141036987, 8.84900569916, 9.38640022278, 4.96214151382, 0.29598903656, 0.19110994041, 0.0686824098229, 0.079946860671, 0.0460611023009, 0.15588606894, 0.751696288586, 4.55163192749, 9.60070228577, 1.56920397282, 0.322754889727, 0.00846043322235, 1.71494921233e-05, 1.13302025539e-08]
    },
    "gfcc": {
        "mean": [-34.215297699, 111.120422363, -85.8394241333, -34.6605110168, -43.0327072144, 7.5336894989, -41.6346168518, 19.9592456818, -27.1318874359, 10.8585996628, -16.4374256134, 1.24014079571, -17.3193664551],
        "cov": [[17994.6289062, 1703.79516602, -297.006561279, -271.065643311, 167.36656189, 235.655349731, -437.912017822, 438.131256104, -340.689941406, 362.398345947, -72.1960830688, -23.4709262848, -204.063232422], [1703.79516602, 1885.16418457, 345.448394775, 202.745437622, 242.368286133, -137.137069702, 55.9275932312, -152.485626221, 134.536895752, -156.74772644, 29.717218399, -44.0985908508, 47.3842658997], [-297.006561279, 345.448394775, 467.254974365, 208.052001953, 170.992523193, 75.4261322021, 78.5973205566, -4.63974618912, 76.9944381714, -11.9403181076, -5.78984117508, -12.6765174866, 5.93945884705], [-271.065643311, 202.745437622, 208.052001953, 315.457763672, 190.23878479, 34.0817108154, 94.2738494873, 7.4891204834, 78.5853271484, 9.63631439209, 40.7479019165, 14.1015663147, 40.3803672791], [167.36656189, 242.368286133, 170.992523193, 190.23878479, 246.875747681, 92.685256958, 67.1852493286, 10.3247785568, 60.3643989563, 9.60845279694, 29.6649627686, 10.7464494705, 14.9075164795], [235.655349731, -137.137069702, 75.4261322021, 34.0817108154, 92.685256958, 166.756866455, 62.1777496338, 55.4851074219, -5.66526460648, 50.7511367798, 8.95708084106, 4.68834114075, -16.3511810303], [-437.912017822, 55.9275932312, 78.5973205566, 94.2738494873, 67.1852493286, 62.1777496338, 162.528137207, 46.0286064148, 43.1272659302, 20.3100700378, 31.3998947144, -10.715675354, -15.4477901459], [438.131256104, -152.485626221, -4.63974618912, 7.4891204834, 10.3247785568, 55.4851074219, 46.0286064148, 146.109909058, 38.5057754517, 68.2154846191, 21.4342422485, 19.348285675, -12.867893219], [-340.689941406, 134.536895752, 76.9944381714, 78.5853271484, 60.3643989563, -5.66526460648, 43.1272659302, 38.5057754517, 138.275390625, 31.6544761658, 31.328294754, 20.4875621796, 30.5061683655], [362.398345947, -156.74772644, -11.9403181076, 9.63631439209, 9.60845279694, 50.7511367798, 20.3100700378, 68.2154846191, 31.6544761658, 121.893241882, 53.8536453247, 18.967918396, -12.0755786896], [-72.1960830688, 29.717218399, -5.78984117508, 40.7479019165, 29.6649627686, 8.95708084106, 31.3998947144, 21.4342422485, 31.328294754, 53.8536453247, 108.228591919, 44.1393585205, 16.2243309021], [-23.4709262848, -44.0985908508, -12.6765174866, 14.1015663147, 10.7464494705, 4.68834114075, -10.715675354, 19.348285675, 20.4875621796, 18.967918396, 44.1393585205, 85.2225875854, 55.9734649658], [-204.063232422, 47.3842658997, 5.93945884705, 40.3803672791, 14.9075164795, -16.3511810303, -15.4477901459, -12.867893219, 30.5061683655, -12.0755786896, 16.2243309021, 55.9734649658, 103.658348083]],
        "icov": [[0.000266521441517, -0.000762866868172, 0.000479670241475, -0.000370069610653, 0.000101556324807, -0.000679020304233, 0.00121335068252, -0.00139510096051, 0.00139072106685, -0.0015374829527, 0.00099365809001, -0.000446964462753, 0.000373435090296], [-0.000762866868172, 0.00327128660865, -0.00206389068626, 0.00196143146604, -0.00194069801364, 0.00361399399117, -0.00388255086727, 0.00430660415441, -0.00436011096463, 0.00531163765118, -0.00384405511431, 0.00233593932353, -0.00159556267317], [0.000479670241475, -0.00206389068626, 0.00500464532524, -0.00330133456737, 0.00112667225767, -0.00417529093102, 0.00268135452643, -0.00185436115135, 0.000872056174558, -0.00230991584249, 0.00322418147698, -0.00148218811955, 0.00200574309565], [-0.000370069610653, 0.00196143146604, -0.00330133456737, 0.0103447716683, -0.0077539626509, 0.00665117567405, -0.00555801112205, 0.00184785784222, -0.000970531778876, 0.000718136201613, -0.00245943665504, 0.00250628218055, -0.00449952762574], [0.000101556324807, -0.00194069801364, 0.00112667225767, -0.0077539626509, 0.014638138935, -0.0105426609516, 0.00351600372232, 0.000424795929575, -0.00282527902164, 0.00186369125731, -0.000435903464677, -0.00193464383483, 0.00301307626069], [-0.000679020304233, 0.00361399399117, -0.00417529093102, 0.00665117567405, -0.0105426609516, 0.0194895062596, -0.008978667669, 0.00139034364838, 0.00219604070298, -0.00176839332562, -0.000181519470061, 0.000825834402349, -0.00318529922515], [0.00121335068252, -0.00388255086727, 0.00268135452643, -0.00555801112205, 0.00351600372232, -0.008978667669, 0.017047630623, -0.00881552696228, 0.00334651418962, -0.00314785237424, 0.000249295146205, 0.00120295537636, 0.00365899503231], [-0.00139510096051, 0.00430660415441, -0.00185436115135, 0.00184785784222, 0.000424795929575, 0.00139034364838, -0.00881552696228, 0.0193991698325, -0.0105967018753, 0.0036015023943, -0.00249599223025, -0.00192885659635, 0.000894336029887], [0.00139072106685, -0.00436011096463, 0.000872056174558, -0.000970531778876, -0.00282527902164, 0.00219604070298, 0.00334651418962, -0.0105967018753, 0.0206137821078, -0.0127282822505, 0.00585038447753, -0.00216078734957, -0.00230323337018], [-0.0015374829527, 0.00531163765118, -0.00230991584249, 0.000718136201613, 0.00186369125731, -0.00176839332562, -0.00314785237424, 0.0036015023943, -0.0127282822505, 0.0277507789433, -0.0152683136985, 0.00496305245906, 0.000517315464094], [0.00099365809001, -0.00384405511431, 0.00322418147698, -0.00245943665504, -0.000435903464677, -0.000181519470061, 0.000249295146205, -0.00249599223025, 0.00585038447753, -0.0152683136985, 0.023136632517, -0.012814658694, 0.00404599262401], [-0.000446964462753, 0.00233593932353, -0.00148218811955, 0.00250628218055, -0.00193464383483, 0.000825834402349, 0.00120295537636, -0.00192885659635, -0.00216078734957, 0.00496305245906, -0.012814658694, 0.0287369396538, -0.0147883696482], [0.000373435090296, -0.00159556267317, 0.00200574309565, -0.00449952762574, 0.00301307626069, -0.00318529922515, 0.00365899503231, 0.000894336029887, -0.00230323337018, 0.000517315464094, 0.00404599262401, -0.0147883696482, 0.0205602515489]]
    },
    "melbands": {
        "dmean": [0.000770098471548, 0.00103988836054, 0.000235230560065, 0.000288113224087, 0.000293224235065, 0.000175388515345, 0.000142497767229, 0.000396962219384, 0.000171604915522, 0.000164448181749, 5.66503367736e-05, 5.93414624745e-05, 6.30317736068e-05, 4.93785955769e-05, 5.33866950718e-05, 4.79439768242e-05, 1.79859634954e-05, 1.01866935438e-05, 5.99770601184e-06, 7.99368535809e-06, 3.44520299222e-06, 2.52677614299e-06, 3.50794425685e-06, 8.64711068971e-07, 8.05921331448e-07, 4.88593002501e-07, 3.85658580626e-07, 2.92361278298e-07, 9.19140248357e-08, 9.3298396564e-08, 5.06597928052e-08, 3.59119667337e-08, 3.97257622353e-08, 4.22632098207e-08, 3.0362297565e-08, 2.25835812273e-08, 4.7469463027e-08, 7.85018556826e-08, 1.37784695653e-07, 2.85490330043e-07],
        "dmean2": [0.0012073883554, 0.00168090057559, 0.000376361742383, 0.000470942730317, 0.000456938199932, 0.000269816751825, 0.000203850504477, 0.000535902974661, 0.000219144349103, 0.000181995637831, 7.24740166334e-05, 7.68680329202e-05, 9.54184069997e-05, 7.35206995159e-05, 7.35928915674e-05, 6.23546075076e-05, 2.73427740467e-05, 1.62247251865e-05, 9.67920641415e-06, 1.22205046864e-05, 5.3976577874e-06, 3.90469631384e-06, 5.38399717698e-06, 1.42600163144e-06, 1.32305535772e-06, 8.0549057202e-07, 5.79765355724e-07, 4.64994656113e-07, 1.49033667185e-07, 1.40995808806e-07, 7.74820634319e-08, 5.57655575051e-08, 6.36445562918e-08, 6.77862956877e-08, 4.79334438808e-08, 3.55195091117e-08, 7.27950535406e-08, 1.21369481576e-07, 2.05527044272e-07, 4.19131083618e-07],
        "dvar": [2.7907317417e-06, 4.77568119095e-06, 2.3717689146e-07, 2.95701994446e-07, 2.98434230217e-07, 9.95312703367e-08, 4.75099959374e-08, 5.7234791484e-07, 6.37036521312e-08, 8.06712492363e-08, 9.24062604213e-09, 1.2340543698e-08, 1.15941318768e-08, 1.19351506456e-08, 1.18511502833e-08, 1.36013165175e-08, 4.19583878752e-09, 3.99805105689e-10, 1.42575895534e-10, 5.22817844573e-10, 4.85932578898e-11, 3.1005604334e-11, 2.07150074871e-10, 2.78857839597e-12, 3.5501770794e-12, 2.47366320136e-12, 1.01671167145e-12, 7.16229864046e-13, 6.68473387538e-14, 5.87079213368e-14, 1.77572020944e-14, 7.1128134849e-15, 1.6010874267e-14, 8.52590838641e-15, 4.17131496919e-15, 1.82439694828e-15, 1.45238825171e-14, 3.88855817663e-14, 1.36107582995e-13, 5.08522640229e-13],
        "dvar2": [7.50742810851e-06, 1.2916484593e-05, 7.63204639043e-07, 8.25436472951e-07, 6.75860633237e-07, 2.87181251224e-07, 1.21941070574e-07, 1.23023460219e-06, 1.22192986396e-07, 1.16577638209e-07, 1.42263090197e-08, 1.78211223556e-08, 2.47222917693e-08, 2.83288503766e-08, 2.02114325276e-08, 2.11155182228e-08, 8.26109847196e-09, 9.67924407291e-10, 3.21346005361e-10, 1.07265418769e-09, 1.1065470068e-10, 7.15584119737e-11, 4.23641038916e-10, 7.73847565888e-12, 9.57656263317e-12, 6.33714391726e-12, 2.37445826889e-12, 1.65451983711e-12, 1.76594890512e-13, 1.16844197078e-13, 3.64489830733e-14, 1.57418278038e-14, 3.99540901123e-14, 2.14213785328e-14, 1.02152004032e-14, 4.38082983924e-15, 3.49417726469e-14, 9.67797958201e-14, 3.07067441136e-13, 1.13755749612e-12],
        "max": [0.0294859204441, 0.0357679650187, 0.0137536022812, 0.0173661950976, 0.0128599666059, 0.00761268753558, 0.00739054009318, 0.0266095492989, 0.00740826223046, 0.00924456026405, 0.00275628338568, 0.00306175230071, 0.00299782725051, 0.00312687619589, 0.00416687177494, 0.00468120211735, 0.00267030531541, 0.000533289043233, 0.000541929795872, 0.000763871183153, 0.000208707453567, 0.000184662800166, 0.000511816178914, 4.6239936637e-05, 4.63108117401e-05, 7.38909002393e-05, 3.52493152604e-05, 3.75027120754e-05, 6.31227248959e-06, 7.80703430792e-06, 5.24575625604e-06, 2.58760337601e-06, 3.67670031665e-06, 1.98451652977e-06, 1.57228203079e-06, 1.0211223298e-06, 3.1712118016e-06, 5.83625887884e-06, 1.36770395329e-05, 2.45881183218e-05],
        "mean": [0.00200711702928, 0.0025019031018, 0.000688016880304, 0.000700304633938, 0.000676416617353, 0.000484715681523, 0.000449087761808, 0.00118972361088, 0.000662351376377, 0.00058409787016, 0.000137955968967, 0.000134053931106, 0.000108876876766, 9.82542551355e-05, 0.000139731433592, 0.000124563288409, 3.30531584041e-05, 1.84322871064e-05, 1.17922654681e-05, 1.67157941178e-05, 8.18094395072e-06, 5.75978219786e-06, 6.55192434351e-06, 1.97821054826e-06, 1.57369663611e-06, 1.01671139419e-06, 9.03992258827e-07, 5.84148608596e-07, 1.95577214868e-07, 2.14233139673e-07, 1.11082250953e-07, 8.82224284737e-08, 9.24982970218e-08, 1.08276950073e-07, 8.91377283097e-08, 6.95404693829e-08, 1.37992500981e-07, 2.28543186154e-07, 4.29306055594e-07, 9.13765006771e-07],
        "median": [0.000329861970386, 0.000616449629888, 0.000357655080734, 0.000351475959178, 0.000346726010321, 0.000227724594879, 0.000281129818177, 0.00049066497013, 0.000367156753782, 0.000170791550772, 8.300114132e-05, 6.13696101937e-05, 5.58044230274e-05, 3.94871312892e-05, 4.94211635669e-05, 3.27480120177e-05, 1.26172653836e-05, 9.30306578084e-06, 6.27421923127e-06, 5.07445929543e-06, 3.48414823748e-06, 2.5415545224e-06, 1.9924859771e-06, 1.04371463294e-06, 6.87142687639e-07, 3.24103183402e-07, 2.59533663893e-07, 1.51359401457e-07, 9.30385937181e-08, 7.15615939839e-08, 4.5164973983e-08, 3.57250335981e-08, 3.58277780776e-08, 4.42016663271e-08, 3.9930785789e-08, 3.20675574983e-08, 3.6854522989e-08, 5.66901476873e-08, 9.18614659895e-08, 1.40616350564e-07],
        "min": [2.78070175596e-24, 6.13702782028e-24, 4.92830161472e-24, 2.1851620624e-23, 4.97753324052e-24, 5.05003231872e-24, 2.22420026425e-23, 2.36385373025e-23, 1.93272010407e-23, 1.09300551725e-23, 6.47611336951e-24, 8.69245200374e-24, 1.41088640646e-23, 1.69314888473e-23, 1.26242073306e-23, 6.82246038336e-24, 9.66660923585e-24, 5.35966614048e-24, 5.77529999093e-24, 4.82488707764e-24, 1.15921745293e-23, 6.22009881791e-24, 5.44250994616e-24, 1.52889605357e-23, 1.89532999043e-23, 1.1784884571e-23, 1.39362881198e-23, 9.31639443698e-24, 5.23883355461e-24, 9.22158440022e-24, 1.07432789426e-23, 1.41193937799e-23, 1.37381309936e-23, 1.05881912552e-23, 1.17630883442e-23, 1.04424058156e-23, 7.97502245349e-24, 9.16577801321e-24, 7.08898335108e-24, 9.41577592268e-24],
        "var": [1.46641878018e-05, 1.62983778864e-05, 9.87982048173e-07, 1.03414856767e-06, 9.78414959718e-07, 4.11717792304e-07, 2.82357007109e-07, 3.77555193154e-06, 5.95800884184e-07, 8.78319895037e-07, 3.65032910565e-08, 5.06680173373e-08, 2.55505057112e-08, 3.70576032083e-08, 7.73993420466e-08, 7.84961144973e-08, 9.07334030131e-09, 8.13142775336e-10, 5.58903423542e-10, 1.75155989712e-09, 1.80007467265e-10, 9.09744848898e-11, 4.88840468105e-10, 7.80944840045e-12, 7.27757437646e-12, 4.92444323166e-12, 3.17131824273e-12, 2.07240192888e-12, 1.18566357362e-13, 1.96790581877e-13, 4.15339929062e-14, 2.23842517059e-14, 3.25254553108e-14, 2.89096173487e-14, 1.88812232857e-14, 1.15554564005e-14, 8.72271344239e-14, 2.41332534468e-13, 9.7038382104e-13, 4.20759998024e-12]
    },
    "mfcc": {
        "mean": [-697.794433594, 181.624481201, 3.01449513435, -16.7944355011, 9.40329265594, -13.5657520294, 2.68909335136, -3.74629545212, 1.41059958935, -1.01808679104, 7.34716129303, 2.99461150169, 3.74367856979],
        "cov": [[7606.01269531, 1114.52038574, -201.242401123, -113.158790588, 312.368530273, -96.9137573242, 250.213943481, -56.2011108398, 119.20438385, 71.8634719849, 288.202453613, 183.306106567, 165.1925354], [1114.52038574, 1567.94946289, 222.502975464, 258.562896729, 181.616043091, 92.7889709473, -28.7283535004, 72.001953125, 12.9090929031, 17.7131156921, -23.7495555878, 15.894203186, -35.8523979187], [-201.242401123, 222.502975464, 293.166290283, 129.481567383, 82.7400131226, 84.3218612671, 21.7535572052, 40.9592666626, 39.5933952332, 27.7779998779, -4.23749065399, 5.87161207199, 4.15065717697], [-113.158790588, 258.562896729, 129.481567383, 310.819732666, 117.472457886, 94.3373184204, 15.8166074753, 53.3344421387, 38.4732704163, 35.2152519226, -1.36127495766, 28.7661075592, 9.42918014526], [312.368530273, 181.616043091, 82.7400131226, 117.472457886, 209.511352539, 96.3466796875, 27.9203109741, 34.9530754089, 42.1207542419, 20.9402599335, 8.1624994278, 16.62733078, 20.4363803864], [-96.9137573242, 92.7889709473, 84.3218612671, 94.3373184204, 96.3466796875, 156.109802246, 66.6284332275, 32.4331817627, 27.8931789398, 24.2566699982, 12.5418596268, 9.63217258453, -4.4388999939], [250.213943481, -28.7283535004, 21.7535572052, 15.8166074753, 27.9203109741, 66.6284332275, 153.370834351, 42.4011268616, 9.23296928406, 23.6066093445, 50.307926178, 23.6670665741, 23.009437561], [-56.2011108398, 72.001953125, 40.9592666626, 53.3344421387, 34.9530754089, 32.4331817627, 42.4011268616, 94.7792663574, 43.7438354492, 18.0270881653, 9.84023666382, 17.1508769989, 9.93120479584], [119.20438385, 12.9090929031, 39.5933952332, 38.4732704163, 42.1207542419, 27.8931789398, 9.23296928406, 43.7438354492, 93.4730529785, 43.6235580444, 12.539765358, 11.0869522095, 9.99671363831], [71.8634719849, 17.7131156921, 27.7779998779, 35.2152519226, 20.9402599335, 24.2566699982, 23.6066093445, 18.0270881653, 43.6235580444, 89.4270248413, 55.9001922607, 23.5120182037, 15.6768398285], [288.202453613, -23.7495555878, -4.23749065399, -1.36127495766, 8.1624994278, 12.5418596268, 50.307926178, 9.84023666382, 12.539765358, 55.9001922607, 124.77406311, 71.0205001831, 20.4967956543], [183.306106567, 15.894203186, 5.87161207199, 28.7661075592, 16.62733078, 9.63217258453, 23.6670665741, 17.1508769989, 11.0869522095, 23.5120182037, 71.0205001831, 105.352401733, 47.4448661804], [165.1925354, -35.8523979187, 4.15065717697, 9.42918014526, 20.4363803864, -4.4388999939, 23.009437561, 9.93120479584, 9.99671363831, 15.6768398285, 20.4967956543, 47.4448661804, 99.6613540649]],
