{
"lowlevel": {
    "average_loudness": 0.0261359661818,
    "barkbands_crest": {
        "dmean": 2.76379323006,
        "dmean2": 4.47971963882,
        "dvar": 6.02508115768,
        "dvar2": 16.6819705963,
        "max": 26.7287712097,
        "mean": 12.9306402206,
        "median": 12.1562423706,
        "min": 2.56685400009,
        "var": 26.9812641144
    },
    "barkbands_flatness_db": {
        "dmean": 0.0237917024642,
        "dmean2": 0.0380563847721,
        "dvar": 0.00044922818779,
        "dvar2": 0.00116268440615,
        "max": 0.665558576584,
        "mean": 0.311588406563,
        "median": 0.295743584633,
        "min": 0.0150903640315,
        "var": 0.0100738527253
    },
    "barkbands_kurtosis": {
        "dmean": 4.64733791351,
        "dmean2": 6.9651722908,
        "dvar": 131.052398682,
        "dvar2": 243.607406616,
        "max": 523.981628418,
        "mean": 8.16004657745,
        "median": 1.46472597122,
        "min": -1.87605762482,
        "var": 585.332946777
    },
    "barkbands_skewness": {
        "dmean": 0.652822852135,
        "dmean2": 1.01302933693,
        "dvar": 0.429657250643,
        "dvar2": 1.00184118748,
        "max": 16.3888339996,
        "mean": 1.32546508312,
        "median": 1.11354744434,
        "min": -8.77089118958,
        "var": 3.73351502419
    },
    "barkbands_spread": {
        "dmean": 3.0628657341,
        "dmean2": 5.01046037674,
        "dvar": 11.34171772,
        "dvar2": 31.3940067291,
        "max": 106.092727661,
        "mean": 14.2271537781,
        "median": 10.0437679291,
        "min": 0.081254966557,
        "var": 170.975158691
    },
    "dissonance": {
        "dmean": 0.029237113893,
        "dmean2": 0.0495218038559,
        "dvar": 0.00100288190879,
        "dvar2": 0.00283904513344,
        "max": 0.499949544668,
        "mean": 0.41679289937,
        "median": 0.446139514446,
        "min": 0.133588343859,
        "var": 0.00634768605232
    },
    "dynamic_complexity": 10.1414203644,
    "erbbands_crest": {
        "dmean": 2.93143153191,
        "dmean2": 4.82464933395,
        "dvar": 7.17960691452,
        "dvar2": 19.8057746887,
        "max": 31.0219478607,
        "mean": 11.7412509918,
        "median": 10.892988205,
        "min": 2.85253453255,
        "var": 25.2912654877
    },
    "erbbands_flatness_db": {
        "dmean": 0.0156848374754,
        "dmean2": 0.0250505656004,
        "dvar": 0.000201649352675,
        "dvar2": 0.000506431388203,
        "max": 0.561146020889,
        "mean": 0.332799971104,
        "median": 0.338538110256,
        "min": 0.049194868654,
        "var": 0.00724278669804
    },
    "erbbands_kurtosis": {
        "dmean": 1.83496689796,
        "dmean2": 2.79627013206,
        "dvar": 18.9976577759,
        "dvar2": 34.6393966675,
        "max": 204.563064575,
        "mean": 1.95576572418,
        "median": 0.0525000095367,
        "min": -1.88919520378,
        "var": 75.9144058228
    },
    "erbbands_skewness": {
        "dmean": 0.476179003716,
        "dmean2": 0.747059106827,
        "dvar": 0.205329284072,
        "dvar2": 0.485960394144,
        "max": 10.0609025955,
        "mean": 0.13103865087,
        "median": -0.082791082561,
        "min": -4.06435966492,
        "var": 1.72512173653
    },
    "erbbands_spread": {
        "dmean": 4.60712862015,
        "dmean2": 7.48347759247,
        "dvar": 17.3599243164,
        "dvar2": 46.4999656677,
        "max": 72.2519836426,
        "mean": 21.0051670074,
        "median": 18.519411087,
        "min": 0.441215753555,
        "var": 166.133132935
    },
    "hfc": {
        "dmean": 2.25149917603,
        "dmean2": 3.72590851784,
        "dvar": 23.1864414215,
        "dvar2": 68.6231231689,
        "max": 126.885284424,
        "mean": 9.3685131073,
        "median": 3.50013518333,
        "min": 1.23899850239e-16,
        "var": 245.052825928
    },
    "melbands_crest": {
        "dmean": 3.25413060188,
        "dmean2": 5.17121696472,
        "dvar": 8.7967376709,
        "dvar2": 22.9868412018,
        "max": 34.5790252686,
        "mean": 16.3696727753,
        "median": 15.2361335754,
        "min": 1.62444555759,
        "var": 45.8068008423
    },
    "melbands_flatness_db": {
        "dmean": 0.02607546933,
        "dmean2": 0.0409779213369,
        "dvar": 0.000572676479351,
        "dvar2": 0.00149847054854,
        "max": 0.795554995537,
        "mean": 0.380560517311,
        "median": 0.368276387453,
        "min": 0.00371887371875,
        "var": 0.0138066085055
    },
    "melbands_kurtosis": {
        "dmean": 6.8273358345,
        "dmean2": 10.6693964005,
        "dvar": 193.244720459,
        "dvar2": 423.005157471,
        "max": 481.449859619,
        "mean": 12.7787637711,
        "median": 4.04639148712,
        "min": -1.85171091557,
        "var": 763.194274902
    },
    "melbands_skewness": {
        "dmean": 0.762540638447,
        "dmean2": 1.19098854065,
        "dvar": 0.568846225739,
        "dvar2": 1.40240943432,
        "max": 15.2809619904,
        "mean": 2.04693937302,
        "median": 1.75348985195,
        "min": -5.95992422104,
        "var": 4.35660362244
    },
    "melbands_spread": {
        "dmean": 5.29496860504,
        "dmean2": 8.76187229156,
        "dvar": 38.7251930237,
        "dvar2": 107.430938721,
        "max": 164.061691284,
        "mean": 19.6884460449,
        "median": 13.6193523407,
        "min": 0.135447084904,
        "var": 365.031890869
    },
    "pitch_salience": {
        "dmean": 0.0787685364485,
        "dmean2": 0.126313716173,
        "dvar": 0.00502866879106,
        "dvar2": 0.0137236500159,
        "max": 0.946480929852,
        "mean": 0.486055135727,
        "median": 0.49172988534,
        "min": 0.019364727661,
        "var": 0.0208057649434
    },
    "silence_rate_20dB": {
        "dmean": 0,
        "dmean2": 0,
        "dvar": 0,
        "dvar2": 0,
        "max": 1,
        "mean": 1,
        "median": 1,
        "min": 1,
        "var": 0
    },
    "silence_rate_30dB": {
        "dmean": 0.000869262847118,
        "dmean2": 0.00173867691774,
        "dvar": 0.000868596835062,
        "dvar2": 0.00225761253387,
        "max": 1,
        "mean": 0.998956978321,
        "median": 1,
        "min": 0,
        "var": 0.00104187929537
    },
    "silence_rate_60dB": {
        "dmean": 0.0352920740843,
        "dmean2": 0.0705902799964,
        "dvar": 0.0340511053801,
        "dvar2": 0.0797057673335,
        "max": 1,
        "mean": 0.41599303484,
        "median": 0,
        "min": 0,
        "var": 0.242961287498
    },
    "spectral_centroid": {
        "dmean": 144.664413452,
        "dmean2": 233.904418945,
        "dvar": 26813.5,
        "dvar2": 63584.296875,
        "max": 11005.265625,
        "mean": 1079.34423828,
        "median": 939.184082031,
        "min": 160.699615479,
        "var": 488537.375
    },
    "spectral_complexity": {
        "dmean": 1.13838660717,
        "dmean2": 1.96540033817,
        "dvar": 2.146027565,
        "dvar2": 5.90776729584,
        "max": 46,
        "mean": 8.60234642029,
        "median": 5,
        "min": 0,
        "var": 81.8475418091
    },
    "spectral_decrease": {
        "dmean": 6.94002411095e-10,
        "dmean2": 9.83051973158e-10,
        "dvar": 1.46601974765e-18,
        "dvar2": 3.45641348063e-18,
        "max": 1.79657652667e-18,
        "mean": -3.10973868878e-09,
        "median": -1.31005262194e-09,
        "min": -3.42414132604e-08,
        "var": 1.8050551693e-17
    },
    "spectral_energy": {
        "dmean": 0.00278975558467,
        "dmean2": 0.00399518804625,
        "dvar": 2.28949938901e-05,
        "dvar2": 5.49013093405e-05,
        "max": 0.132184103131,
        "mean": 0.0125866401941,
        "median": 0.00534424977377,
        "min": 1.06972628558e-20,
        "var": 0.00028952525463
    },
    "spectral_energyband_high": {
        "dmean": 5.04463514517e-06,
        "dmean2": 8.59817282617e-06,
        "dvar": 2.99878261112e-10,
        "dvar2": 8.9387452995e-10,
        "max": 0.000491712708026,
        "mean": 1.80726510735e-05,
        "median": 2.1217525159e-07,
        "min": 7.6134002463e-21,
        "var": 2.2730795024e-09
    },
    "spectral_energyband_low": {
        "dmean": 0.00109250168316,
        "dmean2": 0.0015451250365,
        "dvar": 1.19796777653e-05,
        "dvar2": 3.21017432725e-05,
        "max": 0.100979596376,
        "mean": 0.0033011212945,
        "median": 0.000348524277797,
        "min": 5.08637032857e-23,
        "var": 6.08464324614e-05
    },
    "spectral_energyband_middle_high": {
        "dmean": 0.000988801708445,
        "dmean2": 0.00169579125941,
        "dvar": 4.87590159537e-06,
        "dvar2": 1.45325666381e-05,
        "max": 0.0490020774305,
        "mean": 0.00336097809486,
        "median": 0.000724307261407,
        "min": 1.45880056197e-21,
        "var": 4.10894172092e-05
    },
    "spectral_energyband_middle_low": {
        "dmean": 0.00179200083949,
        "dmean2": 0.00231389701366,
        "dvar": 9.06711920834e-06,
        "dvar2": 1.48079880091e-05,
        "max": 0.0988614931703,
        "mean": 0.00635341880843,
        "median": 0.00224684178829,
        "min": 3.72761440664e-22,
        "var": 0.000104760823888
    },
    "spectral_entropy": {
        "dmean": 0.151238948107,
        "dmean2": 0.234114214778,
        "dvar": 0.0238259192556,
        "dvar2": 0.0594019107521,
        "max": 9.81723976135,
        "mean": 6.21521139145,
        "median": 6.39378070831,
        "min": 2.71375632286,
        "var": 0.946691155434
    },
    "spectral_flux": {
        "dmean": 0.00813443399966,
        "dmean2": 0.013584299013,
        "dvar": 9.81722405413e-05,
        "dvar2": 0.000265941605903,
        "max": 0.237433299422,
        "mean": 0.0368618406355,
        "median": 0.0290088802576,
        "min": 1.03427572062e-10,
        "var": 0.00114584388211
    },
    "spectral_kurtosis": {
        "dmean": 13.1578674316,
        "dmean2": 23.2162647247,
        "dvar": 221.234283447,
        "dvar2": 664.33770752,
        "max": 372.700897217,
        "mean": 29.8478298187,
        "median": 17.7735061646,
        "min": -1.18110072613,
        "var": 1118.89758301
    },
    "spectral_rms": {
        "dmean": 0.000345056905644,
        "dmean2": 0.000497578876093,
        "dvar": 1.71585980979e-07,
        "dvar2": 4.14929473891e-07,
        "max": 0.0113560603932,
        "mean": 0.00269758375362,
        "median": 0.00228339713067,
        "min": 3.23053454647e-12,
        "var": 5.00271562487e-06
    },
    "spectral_rolloff": {
        "dmean": 252.130935669,
        "dmean2": 447.828308105,
        "dvar": 154802,
        "dvar2": 406903.5,
        "max": 19078.4179688,
        "mean": 1282.44067383,
        "median": 1162.79296875,
        "min": 86.1328125,
        "var": 1641292.625
    },
    "spectral_skewness": {
        "dmean": 0.919611275196,
        "dmean2": 1.63899600506,
        "dvar": 0.804026126862,
        "dvar2": 2.4902818203,
        "max": 14.7172307968,
        "mean": 2.9039208889,
        "median": 2.21524977684,
        "min": 0.0151224881411,
        "var": 4.63252735138
    },
    "spectral_spread": {
        "dmean": 235814.359375,
        "dmean2": 418164.0625,
        "dvar": 140208340992,
        "dvar2": 254435950592,
        "max": 39192188,
        "mean": 1684313,
        "median": 1551333.125,
        "min": 259468.140625,
        "var": 930834087936
    },
    "spectral_strongpeak": {
        "dmean": 0.339257836342,
        "dmean2": 0.575849175453,
        "dvar": 0.525648415089,
        "dvar2": 1.48119974136,
        "max": 9.95989322662,
        "mean": 0.665297448635,
        "median": 0.441452801228,
        "min": 0,
        "var": 0.712208330631
    },
    "zerocrossingrate": {
        "dmean": 0.00482024950907,
        "dmean2": 0.00626857532188,
        "dvar": 2.97368933388e-05,
        "dvar2": 4.9046062486e-05,
        "max": 0.5185546875,
        "mean": 0.0437310710549,
        "median": 0.03662109375,
        "min": 0.00390625,
        "var": 0.00127044320107
    },
    "barkbands": {
        "dmean": [0.000101474004623, 0.000468971120426, 0.000497908098623, 0.000563718611374, 0.000252439203905, 0.000881881976966, 0.000160190349561, 0.000259226741036, 0.0005278311437, 6.51046648272e-05, 4.54789915239e-05, 0.00014313882275, 0.0002322809014, 0.000105440194602, 0.000609274720773, 7.82862261985e-05, 0.000360079691745, 0.000156266469276, 7.81215931056e-05, 1.94378499145e-05, 1.8091251377e-06, 7.26589235001e-07, 2.16717936041e-07, 4.58940130343e-09, 3.95744281789e-09, 7.83444364938e-10, 5.14137288299e-10],
        "dmean2": [7.48439051677e-05, 0.000760330876801, 0.000777144101448, 0.000496398191899, 0.000314680510201, 0.00109566922765, 0.000218951550778, 0.000427441991633, 0.000853656325489, 0.000105696315586, 7.46211007936e-05, 0.000247542833677, 0.000397503725253, 0.000180558141437, 0.00105825462379, 0.000135612455779, 0.000624309876002, 0.000271765398793, 0.000135640453664, 3.39126636391e-05, 3.04277318719e-06, 1.21928940189e-06, 3.68641053683e-07, 7.84705100898e-09, 6.74254518884e-09, 1.40545641791e-09, 9.60189150412e-10],
        "dvar": [1.5259945485e-07, 2.76450487036e-06, 5.07669756189e-06, 2.30850923799e-06, 7.49378784803e-07, 4.79279106003e-06, 1.94689590671e-07, 6.32349895113e-07, 1.06514971776e-06, 5.00548331672e-08, 2.26819878435e-08, 1.57695410508e-07, 1.94181694724e-07, 1.29522845782e-07, 2.52060544881e-06, 4.96254060067e-08, 1.33871287744e-06, 3.26134937723e-07, 8.15249521224e-08, 5.28798382859e-09, 3.10829660621e-11, 5.41499787718e-12, 6.28216933769e-13, 2.60413159263e-16, 2.05942058611e-16, 4.33987587565e-18, 1.33358916556e-18],
        "dvar2": [8.6290725676e-08, 7.4742142715e-06, 1.34068259285e-05, 1.47496507452e-06, 1.19967717183e-06, 7.80464142736e-06, 3.58894027386e-07, 1.66321001416e-06, 2.90296225103e-06, 1.20581418628e-07, 5.80342742751e-08, 4.52549215879e-07, 5.54489020033e-07, 3.74047061769e-07, 7.54444454287e-06, 1.46344305563e-07, 3.93657410314e-06, 9.74233557827e-07, 2.39621698483e-07, 1.56427510944e-08, 8.62800109136e-11, 1.56482795471e-11, 1.83132502218e-12, 7.55972458501e-16, 5.69128319403e-16, 1.29260875618e-17, 4.45019612677e-18],
        "max": [0.0382173582911, 0.0851183757186, 0.0643232613802, 0.0886093825102, 0.0349364466965, 0.0819948092103, 0.0130902389064, 0.0127149866894, 0.0186501592398, 0.00960364285856, 0.00263905944303, 0.00739090749994, 0.00949380639941, 0.00983699038625, 0.0271068233997, 0.00593801261857, 0.0265205707401, 0.0147423585877, 0.00633651344106, 0.00181934575085, 0.000135869879159, 5.25963805558e-05, 2.44086513703e-05, 5.04686681779e-07, 6.62687057229e-07, 5.65463444957e-08, 1.91444016195e-08],
        "mean": [0.000860803411342, 0.0010211521294, 0.000995002570562, 0.00216285185888, 0.000662183098029, 0.00199019676074, 0.000325452419929, 0.000362060731277, 0.000778749468736, 0.000101012788946, 6.65459883749e-05, 0.000215880238102, 0.000338015466696, 0.000162795404322, 0.00110347440932, 0.000136777263833, 0.000747902842704, 0.000325631495798, 0.000174014712684, 4.7770969104e-05, 5.0961107263e-06, 2.43376553044e-06, 7.73361762185e-07, 1.71640550661e-08, 1.61222182271e-08, 1.92644900032e-09, 5.05580854959e-10],
        "median": [1.96366909222e-06, 3.8192588363e-06, 3.4673124901e-05, 7.71984050516e-05, 2.82653636532e-05, 3.27837769873e-05, 1.54374429258e-05, 9.59219505603e-06, 0.000298781495076, 2.25791131925e-06, 1.33956098125e-06, 1.78187619895e-05, 0.000112734705908, 6.9830425673e-06, 0.000104715429188, 5.43705027667e-06, 4.69559854537e-05, 1.58325337907e-06, 4.90943102704e-06, 1.16236105896e-06, 9.16592242106e-08, 1.04815525148e-08, 5.13357800713e-09, 3.99465793777e-10, 3.26863758282e-10, 2.04572428442e-10, 1.36571962073e-10],
        "min": [1.13596349005e-23, 3.23728920198e-23, 9.88374872204e-24, 3.53533820691e-23, 7.82321311426e-23, 9.10421404599e-23, 5.09967746541e-23, 4.46771657662e-23, 4.19541662272e-23, 6.6336828133e-23, 4.99510164619e-23, 5.38749841539e-23, 2.09427525181e-22, 1.385393609e-22, 9.6616017046e-23, 1.23758013424e-22, 2.22009061447e-22, 1.83517407682e-22, 1.79952791376e-22, 2.49031245631e-22, 3.36294559339e-22, 5.60287990928e-22, 4.57628485243e-22, 6.44105610689e-22, 1.22650265911e-21, 2.0090890278e-21, 2.46739393918e-21],
        "var": [9.88971169136e-06, 1.58583679877e-05, 1.49009929373e-05, 4.03575322707e-05, 4.49550498161e-06, 2.11843598663e-05, 7.93487345163e-07, 9.97129063762e-07, 1.60711294939e-06, 9.63054702652e-08, 4.14872474153e-08, 2.45052149239e-07, 3.16463058425e-07, 2.1902616254e-07, 6.38700566924e-06, 1.11279568671e-07, 4.10565598941e-06, 1.02196690932e-06, 2.64341565526e-07, 1.9495031367e-08, 1.65783539674e-10, 3.91693413815e-11, 5.4072015962e-12, 2.7760482054e-15, 2.35428149008e-15, 2.43960394604e-17, 1.0623311035e-18]
    },
    "erbbands": {
        "dmean": [0.00534494873136, 0.134061336517, 0.547101080418, 1.22364342213, 1.03079676628, 1.35201883316, 3.3783595562, 7.33023929596, 2.7473731041, 2.79783987999, 9.59292888641, 10.6269264221, 3.73177814484, 1.19070601463, 1.51279938221, 7.64632940292, 8.8529510498, 4.3272395134, 20.602268219, 23.9878787994, 6.62109184265, 20.2968406677, 6.50916481018, 8.07447910309, 1.53715384007, 0.763306319714, 0.169731646776, 0.0251225773245, 0.0244786310941, 0.0181416384876, 0.00704578915611, 0.000524361268617, 9.94521760731e-05, 4.58129943581e-05, 3.87513100577e-05, 5.36864263267e-06, 1.76620903858e-06, 6.06647745371e-07, 1.4613087842e-06, 3.25218366015e-06],
        "dmean2": [0.00872818846256, 0.217338979244, 0.877242028713, 1.2291162014, 1.01535975933, 1.60788762569, 3.75626945496, 9.57523345947, 4.18587446213, 3.82013487816, 15.7461137772, 17.10389328, 6.00994920731, 1.94928598404, 2.50206327438, 13.162979126, 15.1280727386, 7.41196298599, 36.0085639954, 41.7911605835, 11.3889274597, 35.1972694397, 11.2423019409, 13.9312000275, 2.66297864914, 1.32357859612, 0.289855122566, 0.0430831871927, 0.0412092059851, 0.0309492256492, 0.0120099699125, 0.000904537853785, 0.000170990606421, 7.80696136644e-05, 6.5541920776e-05, 9.11121514946e-06, 2.9552511478e-06, 1.06142704226e-06, 2.1582102363e-06, 4.72631927551e-06],
        "dvar": [0.000330350419972, 0.231798812747, 5.66837739944, 9.85583209991, 7.02211999893, 25.4424991608, 89.0426940918, 357.867431641, 63.2566566467, 65.6278610229, 658.582519531, 425.115966797, 121.737686157, 12.3982868195, 12.6383333206, 342.334686279, 289.447235107, 155.073974609, 3294.50976562, 3533.21655273, 270.20489502, 4493.32470703, 395.937194824, 902.997558594, 25.0071334839, 7.16592264175, 0.321009933949, 0.00564212957397, 0.00629873713478, 0.00386972283013, 0.000689107808284, 3.67161919712e-06, 1.30870162707e-07, 2.86836616681e-08, 1.99411456236e-08, 2.20514911886e-10, 1.4196597023e-11, 1.56079478768e-12, 6.10170551238e-12, 3.02961267185e-11],
        "dvar2": [0.000885984161869, 0.634416759014, 15.6548261642, 11.2330284119, 7.0312037468, 36.3880844116, 107.701965332, 694.777160645, 152.32723999, 111.61995697, 1800.85009766, 1141.99963379, 293.800415039, 32.3974304199, 32.6396980286, 986.555480957, 826.677978516, 442.599029541, 9838.04785156, 10573.6025391, 792.604980469, 13263.5419922, 1151.96643066, 2656.34204102, 75.0625839233, 21.2433624268, 0.930103838444, 0.0159437730908, 0.0182406194508, 0.011222852394, 0.0020028934814, 1.06762181531e-05, 3.73386484398e-07, 8.18183565343e-08, 5.52099876927e-08, 6.18425033405e-10, 3.99405404583e-11, 4.62997955947e-12, 1.55117568096e-11, 7.46967557252e-11],
        "max": [0.882698535919, 23.3585910797, 62.7232398987, 154.487854004, 156.131973267, 216.12538147, 371.253540039, 614.309204102, 202.74861145, 268.748046875, 488.989227295, 353.101226807, 410.411102295, 70.3599624634, 60.8896026611, 370.882965088, 350.692779541, 376.000946045, 941.334594727, 994.169250488, 404.523071289, 1657.31640625, 488.378204346, 747.840759277, 134.681503296, 81.5868682861, 15.0662317276, 2.06160092354, 2.32541680336, 1.52773630619, 0.83933621645, 0.055413108319, 0.0136238867417, 0.00644498737529, 0.00629239622504, 0.000561802298762, 0.00013049786503, 3.65831001545e-05, 6.24282693025e-05, 0.000146339036291],
        "mean": [0.0135326748714, 0.294507831335, 1.11294734478, 4.47291326523, 3.87725162506, 3.45220756531, 8.54431915283, 15.6140613556, 5.12873601913, 5.57166194916, 14.7871494293, 16.3603801727, 6.1409406662, 2.1977250576, 2.58789086342, 12.0867328644, 13.9219226837, 7.96634531021, 35.3920059204, 41.5272216797, 14.3855800629, 41.5432014465, 17.4013633728, 19.425157547, 4.72930812836, 2.01483774185, 0.526063144207, 0.0982754528522, 0.0831696391106, 0.0620079748333, 0.0228903982788, 0.00177647056989, 0.000398472941015, 0.000198598965653, 0.000143822224345, 2.58884338109e-05, 8.01494570624e-06, 2.29245142691e-06, 6.80192806612e-06, 1.48187991726e-05],
        "median": [0.00024524948094, 0.0035698635038, 0.0508098118007, 0.219979077578, 0.200280278921, 0.111720837653, 0.191541805863, 0.270776689053, 0.28657245636, 0.680408716202, 2.40301942825, 6.30255270004, 0.856348931789, 0.163287639618, 0.362087965012, 3.00469398499, 4.86244010925, 1.08021700382, 1.54328203201, 5.9768705368, 1.18989694118, 2.81914043427, 0.928241252899, 0.367553263903, 0.0879068300128, 0.0561490133405, 0.00964762270451, 0.00128290755674, 0.00054668734083, 0.000257173378486, 0.000159434246598, 2.82766104647e-05, 1.48612907651e-05, 9.95235495793e-06, 7.93385243014e-06, 4.78957781525e-06, 2.67474592874e-06, 7.25644952126e-07, 2.90710386253e-06, 6.33562149233e-06],
        "min": [1.48914532732e-21, 5.42699952082e-21, 9.57654864031e-21, 4.78079536341e-20, 3.05848118636e-19, 1.36999035994e-19, 6.99116303322e-19, 5.62996650793e-19, 8.98878249905e-19, 6.68947475419e-19, 7.81903330761e-19, 9.72844223291e-19, 2.21887456325e-18, 1.20746190653e-18, 2.14661227173e-18, 3.62280954624e-18, 9.62937660121e-18, 7.36699130377e-18, 4.2058395292e-18, 5.66208768887e-18, 8.16968902455e-18, 1.29735809638e-17, 7.46514041935e-18, 1.1981652443e-17, 1.12707403374e-17, 1.07828915459e-17, 9.63695771153e-18, 1.74046675641e-17, 1.55303077289e-17, 1.98719918213e-17, 1.26227008741e-17, 1.21052522517e-17, 1.24309132588e-17, 1.31942313922e-17, 8.46270121293e-18, 7.23144038961e-18, 3.85970414751e-18, 1.58004535432e-18, 3.35065120149e-19, 3.49912262512e-20],
        "var": [0.001997705549, 1.25325000286, 14.5875091553, 138.535919189, 109.7918396, 156.018554688, 484.199920654, 1266.48168945, 164.500198364, 256.078430176, 1122.98291016, 699.965881348, 246.692047119, 30.7811527252, 27.9102859497, 579.758361816, 515.11114502, 324.809875488, 7043.28125, 7924.30859375, 850.004577637, 12952.6054688, 2134.71044922, 3635.36938477, 174.476516724, 31.5031261444, 1.94335818291, 0.0575498975813, 0.0452337190509, 0.0279964953661, 0.00480188708752, 2.77147264569e-05, 1.43897841554e-06, 3.37191721655e-07, 1.71303810248e-07, 3.55578899658e-09, 1.80979814468e-10, 1.66395681955e-11, 8.4715436055e-11, 3.97067073665e-10]
    },
    "gfcc": {
        "mean": [-262.578826904, 185.142288208, -168.556182861, 1.97269380093, -5.05457448959, -31.5760192871, -20.7517757416, -8.04587173462, -3.88847589493, -11.5344648361, -13.0819978714, -18.1540222168, -15.2999591827],
        "cov": [[31061.1738281, 2653.11206055, -4929.99462891, 1793.83776855, 305.684020996, -883.205993652, 529.813903809, -663.643493652, 1307.29003906, -166.906570435, 667.728820801, -227.590316772, 160.455993652], [2653.11206055, 2514.28369141, 806.005554199, -399.012573242, 24.053445816, -680.553161621, -351.272338867, -669.904541016, -359.513519287, -237.99446106, 6.30861091614, 17.9591007233, 251.486679077], [-4929.99462891, 806.005554199, 2911.29101562, 56.4471817017, -237.202545166, -138.817123413, -551.677612305, -450.61517334, -631.876708984, -172.810623169, -159.853088379, 103.410621643, 184.396652222], [1793.83776855, -399.012573242, 56.4471817017, 1165.06262207, 47.6818771362, 208.993789673, 136.336380005, 12.9517774582, 160.058609009, 27.8055515289, 19.7381591797, 98.1336135864, 8.11258888245], [305.684020996, 24.053445816, -237.202545166, 47.6818771362, 307.400024414, 71.1027603149, 49.6444244385, 87.5342254639, 78.4011154175, 4.7013964653, 15.4354467392, -40.6399230957, -52.1933403015], [-883.205993652, -680.553161621, -138.817123413, 208.993789673, 71.1027603149, 443.250640869, 257.27746582, 251.638214111, 126.57194519, 94.3115692139, 4.05025529861, 25.0826091766, -77.7166671753], [529.813903809, -351.272338867, -551.677612305, 136.336380005, 49.6444244385, 257.27746582, 373.647979736, 244.731811523, 198.337860107, 83.6058578491, 35.0433044434, 6.27336978912, -57.921962738], [-663.643493652, -669.904541016, -450.61517334, 12.9517774582, 87.5342254639, 251.638214111, 244.731811523, 419.503265381, 219.890335083, 89.8638763428, 4.46993589401, -37.9608955383, -124.419540405], [1307.29003906, -359.513519287, -631.876708984, 160.058609009, 78.4011154175, 126.57194519, 198.337860107, 219.890335083, 290.444458008, 89.0829849243, 45.6443099976, -17.5193080902, -67.2932815552], [-166.906570435, -237.99446106, -172.810623169, 27.8055515289, 4.7013964653, 94.3115692139, 83.6058578491, 89.8638763428, 89.0829849243, 99.4959259033, 39.1053771973, 23.1809597015, -11.7383737564], [667.728820801, 6.30861091614, -159.853088379, 19.7381591797, 15.4354467392, 4.05025529861, 35.0433044434, 4.46993589401, 45.6443099976, 39.1053771973, 88.1171951294, 35.8743591309, 4.82686662674], [-227.590316772, 17.9591007233, 103.410621643, 98.1336135864, -40.6399230957, 25.0826091766, 6.27336978912, -37.9608955383, -17.5193080902, 23.1809597015, 35.8743591309, 144.530487061, 96.0716247559], [160.455993652, 251.486679077, 184.396652222, 8.11258888245, -52.1933403015, -77.7166671753, -57.921962738, -124.419540405, -67.2932815552, -11.7383737564, 4.82686662674, 96.0716247559, 163.534973145]],
        "icov": [[0.000332858908223, -0.000589372823015, 0.000608698930591, -0.000677648640703, 0.000765964738093, -0.00070669548586, 0.000644718471449, 0.000403851037845, -0.00152304011863, 0.00181420845911, -0.00234241993167, 0.00193798984401, -0.00119461654685], [-0.000589372823015, 0.00273580430076, -0.00179896445479, 0.00185091374442, -0.00274495128542, 0.00347846746445, -0.0035300264135, 0.00156006030738, 0.00163198064547, -0.00150305090938, 0.00338523392566, -0.00346065242775, 0.00151813647244], [0.000608698930591, -0.00179896445479, 0.00233353883959, -0.00183404621202, 0.00225681136362, -0.00276745809242, 0.00321076693945, -0.000574086327106, -0.000545110960957, 0.00237213284709, -0.00342497928068, 0.00349660450593, -0.00227255537175], [-0.000677648640703, 0.00185091374442, -0.00183404621202, 0.00300599937327, -0.00224099052139, 0.00164569844492, -0.00251957657747, 0.00122382945847, 0.000597278471105, -0.00205914140679, 0.00482563860714, -0.00520422728732, 0.00285583408549], [0.000765964738093, -0.00274495128542, 0.00225681136362, -0.00224099052139, 0.00692502828315, -0.00456838170066, 0.00440590456128, -0.00149067328312, -0.00312353647314, 0.00449416600168, -0.00632134778425, 0.00590435229242, -0.00274308072403], [-0.00070669548586, 0.00347846746445, -0.00276745809242, 0.00164569844492, -0.00456838170066, 0.0109238401055, -0.00809089280665, 0.000506445998326, 0.00347717502154, -0.00547717977315, 0.00624168524519, -0.00648580258712, 0.00429958384484], [0.000644718471449, -0.0035300264135, 0.00321076693945, -0.00251957657747, 0.00440590456128, -0.00809089280665, 0.0124044893309, -0.00418610032648, -0.0022509470582, 0.00220556324348, -0.00488559016958, 0.00463711982593, -0.00327749340795], [0.000403851037845, 0.00156006030738, -0.000574086327106, 0.00122382945847, -0.00149067328312, 0.000506445998326, -0.00418610032648, 0.0110387094319, -0.00773745588958, 0.00356554728933, -0.000980035518296, 0.000465654826257, 0.00129932921845], [-0.00152304011863, 0.00163198064547, -0.000545110960957, 0.000597278471105, -0.00312353647314, 0.00347717502154, -0.0022509470582, -0.00773745588958, 0.021213684231, -0.0148038575426, 0.0100894775242, -0.00688498700038, 0.004954805132], [0.00181420845911, -0.00150305090938, 0.00237213284709, -0.00205914140679, 0.00449416600168, -0.00547717977315, 0.00220556324348, 0.00356554728933, -0.0148038575426, 0.0321734622121, -0.0205266438425, 0.00961821340024, -0.00854272395372], [-0.00234241993167, 0.00338523392566, -0.00342497928068, 0.00482563860714, -0.00632134778425, 0.00624168524519, -0.00488559016958, -0.000980035518296, 0.0100894775242, -0.0205266438425, 0.0361001342535, -0.0210313424468, 0.0131557304412], [0.00193798984401, -0.00346065242775, 0.00349660450593, -0.00520422728732, 0.00590435229242, -0.00648580258712, 0.00463711982593, 0.000465654826257, -0.00688498700038, 0.00961821340024, -0.0210313424468, 0.0289394184947, -0.0179882533848], [-0.00119461654685, 0.00151813647244, -0.00227255537175, 0.00285583408549, -0.00274308072403, 0.00429958384484, -0.00327749340795, 0.00129932921845, 0.004954805132, -0.00854272395372, 0.0131557304412, -0.0179882533848, 0.0199736151844]]
    },
    "melbands": {
        "dmean": [9.08558286028e-05, 0.000241653935518, 0.000211144026252, 7.29596577003e-05, 0.000103801983641, 0.000166520578205, 4.13267262047e-05, 2.81761858787e-05, 9.64823775575e-05, 6.03713306191e-05, 1.74690849235e-05, 4.49295657745e-06, 5.76973570787e-06, 1.25847327581e-05, 3.04476543533e-05, 1.28354331537e-05, 7.20312800695e-06, 2.88269366138e-05, 5.00261521665e-05, 1.31529923237e-05, 8.82159110915e-06, 2.30924651987e-05, 1.24133721329e-05, 8.26840187074e-06, 7.25452628103e-06, 1.31290255467e-06, 1.19302217172e-06, 3.7747827264e-07, 1.629803279e-07, 2.99932167991e-08, 1.47579708454e-08, 1.15514033894e-08, 2.42974564912e-08, 6.44209441347e-09, 5.13967446381e-09, 1.46149170543e-09, 5.14528766815e-11, 7.86834278288e-11, 4.36956720806e-11, 5.1691692593e-11],
        "dmean2": [0.000145683021401, 0.000390331435483, 0.000205017640837, 8.30403660075e-05, 0.000115556314995, 0.000214318963117, 6.27514600637e-05, 3.91911380575e-05, 0.000158451628522, 9.69640677795e-05, 2.81716020254e-05, 7.40761606721e-06, 9.47208354773e-06, 2.15511863644e-05, 5.2385192248e-05, 2.18745135498e-05, 1.23740028357e-05, 5.01685026393e-05, 8.72429518495e-05, 2.29983324971e-05, 1.52140573846e-05, 4.01832367061e-05, 2.11556180147e-05, 1.44029590956e-05, 1.24974330902e-05, 2.25427379519e-06, 2.08097662835e-06, 6.52060236916e-07, 2.79891850141e-07, 5.06487296548e-08, 2.524194187e-08, 1.97351610609e-08, 4.14592413733e-08, 1.10309041901e-08, 8.88443363323e-09, 2.5346236221e-09, 8.9104564005e-11, 1.36702468789e-10, 7.47598441486e-11, 8.88121451381e-11],
        "dvar": [9.85838752854e-08, 9.90143348645e-07, 2.95831682706e-07, 4.43096794811e-08, 7.73556152467e-08, 1.75535220137e-07, 1.32232953476e-08, 5.63762947436e-09, 5.94724376413e-08, 1.26494361652e-08, 2.98384117414e-09, 1.93502866508e-10, 3.01595692864e-10, 1.02346386921e-09, 3.98949451252e-09, 7.03963609627e-10, 6.22316975729e-10, 6.71283117981e-09, 1.93476079602e-08, 9.83315762149e-10, 5.4643967129e-10, 6.2350453689e-09, 1.53453272311e-09, 9.13180753237e-10, 7.30988436448e-10, 1.85947333919e-11, 1.96068456609e-11, 1.62588659983e-12, 3.25080945236e-13, 8.02394395637e-15, 2.0358894285e-15, 1.48275563225e-15, 6.49529851427e-15, 5.12303208312e-16, 3.93013414298e-16, 3.10020907751e-17, 3.74946172892e-20, 8.4209009073e-20, 2.42121419849e-20, 4.05017031592e-20],
        "dvar2": [2.64378996917e-07, 2.75275965578e-06, 2.97778115055e-07, 7.05660667677e-08, 9.43309785839e-08, 3.24548011577e-07, 3.1611598672e-08, 1.00041726014e-08, 1.6528558433e-07, 3.37709025189e-08, 7.22966086997e-09, 5.14395970264e-10, 7.70918107129e-10, 2.87167867263e-09, 1.15270646361e-08, 2.02607153277e-09, 1.76703518484e-09, 1.99433269898e-08, 5.79725778493e-08, 2.96305135983e-09, 1.58938529005e-09, 1.84386941271e-08, 4.33398472666e-09, 2.71057420953e-09, 2.14137219068e-09, 5.54026130528e-11, 5.86394890978e-11, 4.78597456804e-12, 9.44521696099e-13, 2.23934877531e-14, 5.80942332611e-15, 4.29025533564e-15, 1.88904203694e-14, 1.48982581626e-15, 1.15601076702e-15, 9.09900659042e-17, 1.0947250731e-19, 2.43573567726e-19, 6.95264368779e-20, 1.16830046214e-19],
        "max": [0.0166987329721, 0.0247365180403, 0.0290096141398, 0.00807973276824, 0.0108112795278, 0.0143903046846, 0.00279800407588, 0.00239342288114, 0.0051253917627, 0.00178966938984, 0.00199766783044, 0.000264709204203, 0.000309678114718, 0.000611527473666, 0.00135816948023, 0.000560926331673, 0.000793366285507, 0.00128729222342, 0.00257814885117, 0.000661831116304, 0.000487911893288, 0.00167845515534, 0.00106134149246, 0.000724587822333, 0.000678820826579, 0.000117800875159, 0.000120288103062, 3.78493314201e-05, 1.5701409211e-05, 2.07578841582e-06, 1.10398900688e-06, 1.22690551052e-06, 1.69965426267e-06, 5.32622664196e-07, 6.15260830727e-07, 1.26674862599e-07, 7.05348535135e-09, 9.02759467181e-09, 4.53499415798e-09, 6.88166590379e-09],
        "mean": [0.000239601140493, 0.000523716094904, 0.00079902698053, 0.000223555267439, 0.000273809127975, 0.000363939558156, 7.6244257798e-05, 5.54490106879e-05, 0.000148232502397, 9.17378711165e-05, 2.80000931525e-05, 7.97990560386e-06, 8.69537961989e-06, 1.85937751667e-05, 4.73068430438e-05, 1.99678815989e-05, 1.21732318803e-05, 4.53506108897e-05, 8.63114182721e-05, 2.107077853e-05, 1.63431141118e-05, 4.59519942524e-05, 2.3348022296e-05, 1.68444203155e-05, 1.6490015696e-05, 3.26666827277e-06, 2.86016847895e-06, 9.11409983928e-07, 4.18131890001e-07, 8.65367937308e-08, 4.16260554914e-08, 3.44560397991e-08, 6.70650663892e-08, 2.1244728643e-08, 1.53387169632e-08, 3.56280649427e-09, 1.58665122707e-10, 2.56531906828e-10, 1.36804442774e-10, 1.64636471123e-10],
        "median": [1.96397741092e-06, 1.44270406963e-05, 4.07548068324e-05, 1.09986849566e-05, 6.72074429531e-06, 6.08422215009e-06, 3.01727072838e-06, 3.03295132653e-06, 2.76747377939e-05, 3.72246322513e-05, 6.43965336167e-07, 3.24589905176e-07, 2.90544647896e-07, 8.86691736923e-07, 1.18481666505e-05, 6.12432359048e-06, 4.93605796237e-07, 2.88675920501e-07, 7.99173449195e-06, 3.90081595469e-06, 2.62343860413e-07, 2.41932525569e-06, 2.2596659619e-06, 4.98072445509e-08, 2.82019982478e-07, 5.8793368396e-08, 5.37298880943e-08, 2.72698681414e-08, 5.21010479204e-09, 1.30926613995e-09, 3.72441411045e-10, 2.25806498499e-10, 2.24862434228e-10, 9.39884420292e-11, 9.78952613417e-11, 2.22914221804e-11, 4.32751447524e-12, 5.27478755119e-12, 3.45705668953e-12, 2.78339157278e-12],
        "min": [1.17345528786e-23, 5.46331339152e-24, 1.88538166555e-23, 1.56034541351e-23, 1.9358720767e-23, 1.45622618699e-23, 1.24951757189e-23, 8.05837980762e-24, 6.6073573416e-24, 6.18283263431e-24, 1.13859276345e-23, 4.7789008256e-24, 7.88397212781e-24, 3.63621884388e-24, 2.23037941172e-23, 1.81277411898e-23, 1.26947322844e-23, 5.88246871706e-24, 8.7220461206e-24, 6.41408681425e-24, 1.04158732679e-23, 1.45136065069e-23, 7.49714944977e-24, 8.5494583429e-24, 9.66496840517e-24, 7.77530732698e-24, 8.67277781277e-24, 6.71467042927e-24, 5.98167152576e-24, 6.78680939247e-24, 1.13980350717e-23, 7.75286028992e-24, 1.29197248809e-23, 1.01205718655e-23, 7.22268186388e-24, 7.26152774143e-24, 7.25815772764e-24, 9.23188692365e-24, 8.74611190024e-24, 1.18798997116e-23],
        "var": [6.48207333143e-07, 3.2729940358e-06, 4.52832546216e-06, 3.20143016097e-07, 4.548845709e-07, 6.77158993767e-07, 3.53899203276e-08, 2.23600551408e-08, 1.01374787675e-07, 2.04230818923e-08, 6.03863004045e-09, 4.72043737432e-10, 5.68049218774e-10, 1.5996940439e-09, 6.99287827644e-09, 1.42471745512e-09, 1.16834752983e-09, 1.21514247553e-08, 4.31967812631e-08, 1.80402326411e-09, 1.2986701714e-09, 1.70310752168e-08, 4.07116340639e-09, 2.71255040651e-09, 2.71920819195e-09, 8.18414433446e-11, 7.63507590484e-11, 6.4981180159e-12, 1.36291997653e-12, 4.76274327323e-14, 1.09081707629e-14, 8.29243984813e-15, 3.2122603053e-14, 3.66855644577e-15, 2.29147526759e-15, 1.24442216023e-16, 2.444429604e-19, 6.6130515374e-19, 1.77726501299e-19, 2.69514908164e-19]
    },
    "mfcc": {
        "mean": [-856.817932129, 160.987304688, -37.3682823181, 20.791135788, 21.0768165588, -6.47451591492, -9.90765190125, -1.83500623703, -2.31085395813, 4.01826715469, 4.67557811737, 0.300576597452, -2.3071346283],
        "cov": [[18616.0273438, 5700.55419922, -5305.81054688, 2140.14672852, 37.0155029297, -28.5240135193, -311.941375732, 209.978378296, 52.9616889954, 495.274169922, 518.758605957, -13.2814874649, 651.231933594], [5700.55419922, 3813.74511719, -496.63369751, 182.835845947, 182.810653687, -252.144470215, -300.547180176, -460.8203125, -303.347595215, -341.599609375, -375.378601074, -285.15145874, -38.2191848755], [-5305.81054688, -496.63369751, 2831.86645508, -428.796417236, 19.7877502441, 108.297134399, -61.0383033752, -383.20211792, -259.99786377, -541.095947266, -567.582885742, -336.134918213, -372.079986572], [2140.14672852, 182.835845947, -428.796417236, 857.393798828, 91.6728668213, 156.831787109, -1.09197449684, 91.8707809448, 9.22497653961, 89.4758605957, 108.548828125, -55.8501281738, 91.890411377], [37.0155029297, 182.810653687, 19.7877502441, 91.6728668213, 255.669815063, -18.8581695557, -22.9646129608, -21.9984226227, -33.9089889526, -9.33224964142, 0.0794891342521, 9.68685054779, -14.9523010254], [-28.5240135193, -252.144470215, 108.297134399, 156.831787109, -18.8581695557, 268.896392822, 101.024993896, 89.966835022, 63.6662902832, 14.2721347809, 17.1204719543, -35.4239311218, 20.4109992981], [-311.941375732, -300.547180176, -61.0383033752, -1.09197449684, -22.9646129608, 101.024993896, 197.416381836, 143.115203857, 98.2580108643, 84.2390060425, 72.7821578979, 50.2633743286, 38.6278610229], [209.978378296, -460.8203125, -383.20211792, 91.8707809448, -21.9984226227, 89.966835022, 143.115203857, 323.699554443, 192.485092163, 205.405014038, 227.826843262, 129.828659058, 95.2204589844], [52.9616889954, -303.347595215, -259.99786377, 9.22497653961, -33.9089889526, 63.6662902832, 98.2580108643, 192.485092163, 192.427398682, 164.074249268, 128.538513184, 79.4872970581, 69.5795974731], [495.274169922, -341.599609375, -541.095947266, 89.4758605957, -9.33224964142, 14.2721347809, 84.2390060425, 205.405014038, 164.074249268, 287.881347656, 269.846191406, 151.022796631, 105.588035583], [518.758605957, -375.378601074, -567.582885742, 108.548828125, 0.0794891342521, 17.1204719543, 72.7821578979, 227.826843262, 128.538513184, 269.846191406, 384.905609131, 229.615158081, 89.8814163208], [-13.2814874649, -285.15145874, -336.134918213, -55.8501281738, 9.68685054779, -35.4239311218, 50.2633743286, 129.828659058, 79.4872970581, 151.022796631, 229.615158081, 210.081344604, 70.6370391846], [651.231933594, -38.2191848755, -372.079986572, 91.890411377, -14.9523010254, 20.4109992981, 38.6278610229, 95.2204589844, 69.5795974731, 105.588035583, 89.8814163208, 70.6370391846, 125.824607849]],
