{
"lowlevel": {
    "average_loudness": 0.943046927452,
    "barkbands_crest": {
        "dmean": 2.45762562752,
        "dmean2": 3.83684134483,
        "dvar": 8.49483966827,
        "dvar2": 19.2944145203,
        "max": 26.7589836121,
        "mean": 14.2562561035,
        "median": 13.479804039,
        "min": 2.87482142448,
        "var": 36.0815887451
    },
    "barkbands_flatness_db": {
        "dmean": 0.0488074496388,
        "dmean2": 0.0652820393443,
        "dvar": 0.00462076161057,
        "dvar2": 0.00913941394538,
        "max": 0.89503878355,
        "mean": 0.253017216921,
        "median": 0.234208613634,
        "min": 0.0294831171632,
        "var": 0.0169737879187
    },
    "barkbands_kurtosis": {
        "dmean": 5.61495065689,
        "dmean2": 8.30526733398,
        "dvar": 248.102935791,
        "dvar2": 615.042602539,
        "max": 631.742492676,
        "mean": 10.4855194092,
        "median": 5.82504940033,
        "min": -1.89775776863,
        "var": 438.946777344
    },
    "barkbands_skewness": {
        "dmean": 0.688816964626,
        "dmean2": 0.994387447834,
        "dvar": 0.865330934525,
        "dvar2": 1.95722663403,
        "max": 20.6163082123,
        "mean": 1.24651408195,
        "median": 1.23877131939,
        "min": -10.3084287643,
        "var": 3.186804533
    },
    "barkbands_spread": {
        "dmean": 6.60717868805,
        "dmean2": 10.0733728409,
        "dvar": 170.990844727,
        "dvar2": 359.857177734,
        "max": 105.425544739,
        "mean": 12.3259649277,
        "median": 6.05994939804,
        "min": 0.0962360352278,
        "var": 314.636291504
    },
    "dissonance": {
        "dmean": 0.0440548621118,
        "dmean2": 0.0677534639835,
        "dvar": 0.0023428639397,
        "dvar2": 0.00464893458411,
        "max": 0.499798923731,
        "mean": 0.373960912228,
        "median": 0.393795102835,
        "min": 0.0384615808725,
        "var": 0.00817104429007
    },
    "dynamic_complexity": 3.01440763474,
    "erbbands_crest": {
        "dmean": 2.84580850601,
        "dmean2": 4.49525737762,
        "dvar": 17.3048534393,
        "dvar2": 35.3467140198,
        "max": 33.9664497375,
        "mean": 15.6502828598,
        "median": 12.989689827,
        "min": 2.60045599937,
        "var": 78.8960494995
    },
    "erbbands_flatness_db": {
        "dmean": 0.039869248867,
        "dmean2": 0.0512463375926,
        "dvar": 0.00297224870883,
        "dvar2": 0.00502197444439,
        "max": 0.628882110119,
        "mean": 0.256672024727,
        "median": 0.240113198757,
        "min": 0.0579986833036,
        "var": 0.0131670022383
    },
    "erbbands_kurtosis": {
        "dmean": 5.30392408371,
        "dmean2": 7.84828567505,
        "dvar": 121.981277466,
        "dvar2": 255.429916382,
        "max": 270.325439453,
        "mean": 9.85536384583,
        "median": 3.34920549393,
        "min": -1.80961501598,
        "var": 335.698791504
    },
    "erbbands_skewness": {
        "dmean": 0.698295652866,
        "dmean2": 1.01439714432,
        "dvar": 0.817622661591,
        "dvar2": 1.80566585064,
        "max": 10.7053384781,
        "mean": 1.85409402847,
        "median": 1.57130157948,
        "min": -2.56241369247,
        "var": 2.65927767754
    },
    "erbbands_spread": {
        "dmean": 9.53120040894,
        "dmean2": 13.9587039948,
        "dvar": 253.583862305,
        "dvar2": 490.122070312,
        "max": 171.926879883,
        "mean": 23.4152965546,
        "median": 15.1368284225,
        "min": 0.22720362246,
        "var": 569.006652832
    },
    "hfc": {
        "dmean": 16.345708847,
        "dmean2": 25.2447719574,
        "dvar": 1758.44189453,
        "dvar2": 3644.03369141,
        "max": 485.146789551,
        "mean": 22.8092861176,
        "median": 11.1818237305,
        "min": 1.05025779035e-16,
        "var": 2412.80493164
    },
    "melbands_crest": {
        "dmean": 2.7782959938,
        "dmean2": 4.33465051651,
        "dvar": 9.80502033234,
        "dvar2": 21.818813324,
        "max": 37.1567420959,
        "mean": 17.3992881775,
        "median": 16.6151866913,
        "min": 1.57645583153,
        "var": 48.2743110657
    },
    "melbands_flatness_db": {
        "dmean": 0.0551169551909,
        "dmean2": 0.0728824362159,
        "dvar": 0.0062443325296,
        "dvar2": 0.0128312082961,
        "max": 1,
        "mean": 0.334919333458,
        "median": 0.316360622644,
        "min": 0.00359332049266,
        "var": 0.0228007175028
    },
    "melbands_kurtosis": {
        "dmean": 7.89868927002,
        "dmean2": 11.9814872742,
        "dvar": 995.885437012,
        "dvar2": 2639.15014648,
        "max": 1611.21801758,
        "mean": 15.7513885498,
        "median": 8.90847873688,
        "min": -1.87366104126,
        "var": 1566.2019043
    },
    "melbands_skewness": {
        "dmean": 0.740501046181,
        "dmean2": 1.04804039001,
        "dvar": 1.12642097473,
        "dvar2": 2.44356155396,
        "max": 25.4032344818,
        "mean": 1.66222572327,
        "median": 1.58063173294,
        "min": -4.92556810379,
        "var": 4.58180236816
    },
    "melbands_spread": {
        "dmean": 6.3657541275,
        "dmean2": 10.2464885712,
        "dvar": 201.344970703,
        "dvar2": 495.360321045,
        "max": 207.919403076,
        "mean": 13.1342859268,
        "median": 7.4856467247,
        "min": 0.118085123599,
        "var": 429.904022217
    },
    "pitch_salience": {
        "dmean": 0.0703675597906,
        "dmean2": 0.108407504857,
        "dvar": 0.00722062215209,
        "dvar2": 0.0162152796984,
        "max": 0.859832704067,
        "mean": 0.491543531418,
        "median": 0.494972735643,
        "min": 0.0610089637339,
        "var": 0.0330354347825
    },
    "silence_rate_20dB": {
        "dmean": 0,
        "dmean2": 0,
        "dvar": 0,
        "dvar2": 0,
        "max": 1,
        "mean": 1,
        "median": 1,
        "min": 1,
        "var": 0
    },
    "silence_rate_30dB": {
        "dmean": 0.0274384841323,
        "dmean2": 0.0548818260431,
        "dvar": 0.0266856122762,
        "dvar2": 0.0669139772654,
        "max": 1,
        "mean": 0.980086743832,
        "median": 1,
        "min": 0,
        "var": 0.0195169243962
    },
    "silence_rate_60dB": {
        "dmean": 0.0150469113141,
        "dmean2": 0.0300964862108,
        "dvar": 0.0148228546605,
        "dvar2": 0.0302614942193,
        "max": 1,
        "mean": 0.0670855864882,
        "median": 0,
        "min": 0,
        "var": 0.0625898763537
    },
    "spectral_centroid": {
        "dmean": 234.03666687,
        "dmean2": 366.061309814,
        "dvar": 236517.640625,
        "dvar2": 515329.28125,
        "max": 11694.8066406,
        "mean": 848.510559082,
        "median": 556.940185547,
        "min": 86.3805847168,
        "var": 1250983.625
    },
    "spectral_complexity": {
        "dmean": 3.54186582565,
        "dmean2": 5.76763725281,
        "dvar": 43.136505127,
        "dvar2": 102.514480591,
        "max": 61,
        "mean": 11.4416322708,
        "median": 10,
        "min": 0,
        "var": 68.9367752075
    },
    "spectral_decrease": {
        "dmean": 3.10959191729e-09,
        "dmean2": 4.56361703982e-09,
        "dvar": 2.14362168295e-17,
        "dvar2": 4.85019271229e-17,
        "max": 1.95127012689e-28,
        "mean": -6.99047930652e-09,
        "median": -5.85180703894e-09,
        "min": -5.50275416344e-08,
        "var": 3.42197604922e-17
    },
    "spectral_energy": {
        "dmean": 0.0130072887987,
        "dmean2": 0.0191084593534,
        "dvar": 0.000394809554564,
        "dvar2": 0.000877446145751,
        "max": 0.21761444211,
        "mean": 0.0284524336457,
        "median": 0.0233814269304,
        "min": 9.88178555648e-21,
        "var": 0.000624851381872
    },
    "spectral_energyband_high": {
        "dmean": 0.00150128023233,
        "dmean2": 0.002363224281,
        "dvar": 2.34110739257e-05,
        "dvar2": 4.99857997056e-05,
        "max": 0.0545967817307,
        "mean": 0.00140914402436,
        "median": 3.18030288327e-05,
        "min": 6.95833540126e-21,
        "var": 2.96609541692e-05
    },
    "spectral_energyband_low": {
        "dmean": 0.00371967698447,
        "dmean2": 0.0051940055564,
        "dvar": 0.00014037656365,
        "dvar2": 0.000305798166664,
        "max": 0.110522821546,
        "mean": 0.00518062571064,
        "median": 0.00171780807432,
        "min": 1.07675553481e-23,
        "var": 0.000152155349497
    },
    "spectral_energyband_middle_high": {
        "dmean": 0.00123394944239,
        "dmean2": 0.00202038628049,
        "dvar": 6.67111771691e-06,
        "dvar2": 1.72095005837e-05,
        "max": 0.0240476503968,
        "mean": 0.00211038114503,
        "median": 0.00128506321926,
        "min": 1.17663635053e-21,
        "var": 7.78276717028e-06
    },
    "spectral_energyband_middle_low": {
        "dmean": 0.00851249601692,
        "dmean2": 0.0127359777689,
        "dvar": 0.000107049047074,
        "dvar2": 0.000268111820333,
        "max": 0.153423339128,
        "mean": 0.0198433361948,
        "median": 0.0175020992756,
        "min": 1.48115867232e-22,
        "var": 0.000213281338802
    },
    "spectral_entropy": {
        "dmean": 0.496625721455,
        "dmean2": 0.656961500645,
        "dvar": 0.506053388119,
        "dvar2": 0.934070408344,
        "max": 9.82226848602,
        "mean": 6.20081710815,
        "median": 6.0365023613,
        "min": 2.91814899445,
        "var": 1.63890469074
    },
    "spectral_flux": {
        "dmean": 0.0362280756235,
        "dmean2": 0.0567626357079,
        "dvar": 0.00211621681228,
        "dvar2": 0.00418544374406,
        "max": 0.398538500071,
        "mean": 0.0673770084977,
        "median": 0.0479147545993,
        "min": 6.33724461796e-11,
        "var": 0.00401755422354
    },
    "spectral_kurtosis": {
        "dmean": 22.7176513672,
        "dmean2": 35.1194076538,
        "dvar": 3333.31274414,
        "dvar2": 7861.41162109,
        "max": 1118.49169922,
        "mean": 38.8813667297,
        "median": 14.4683055878,
        "min": -1.26395058632,
        "var": 6908.609375
    },
    "spectral_rms": {
        "dmean": 0.00105772865936,
        "dmean2": 0.00149840465747,
        "dvar": 1.35531320211e-06,
        "dvar2": 2.83089934783e-06,
        "max": 0.0145707502961,
        "mean": 0.00485953083262,
        "median": 0.0047761015594,
        "min": 3.10495834772e-12,
        "var": 4.14357009504e-06
    },
    "spectral_rolloff": {
        "dmean": 557.431274414,
        "dmean2": 993.776489258,
        "dvar": 2200251.25,
        "dvar2": 5264955.5,
        "max": 19595.2148438,
        "mean": 1228.89575195,
        "median": 559.86328125,
        "min": 43.06640625,
        "var": 5530116
    },
    "spectral_skewness": {
        "dmean": 1.18554484844,
        "dmean2": 1.73841905594,
        "dvar": 3.53722143173,
        "dvar2": 7.3854432106,
        "max": 28.005399704,
        "mean": 3.78816771507,
        "median": 2.97235918045,
        "min": -0.0883423537016,
        "var": 11.1357946396
    },
    "spectral_spread": {
        "dmean": 879724.375,
        "dmean2": 1157315,
        "dvar": 1.60608524698e+12,
        "dvar2": 2.42100417331e+12,
        "max": 41983380,
        "mean": 3780087.75,
        "median": 2592173.5,
        "min": 97064.7109375,
        "var": 1.72009581445e+13
    },
    "spectral_strongpeak": {
        "dmean": 0.482376486063,
        "dmean2": 0.761830031872,
        "dvar": 0.279118090868,
        "dvar2": 0.62265086174,
        "max": 6.29488372803,
        "mean": 1.54549717903,
        "median": 1.47021090984,
        "min": 0,
        "var": 1.07004320621
    },
    "zerocrossingrate": {
        "dmean": 0.0101099023595,
        "dmean2": 0.0121655808762,
        "dvar": 0.000350408954546,
        "dvar2": 0.000445554382168,
        "max": 0.525390625,
        "mean": 0.0416402481496,
        "median": 0.02490234375,
        "min": 0.00146484375,
        "var": 0.00317978090607
    },
    "barkbands": {
        "dmean": [0.000137471331982, 0.00310841784813, 0.000857489940245, 0.000232209276874, 0.00182191550266, 0.00293323793449, 0.0032038744539, 0.00177905568853, 0.000406746316003, 0.000342499261023, 0.000302197731799, 0.000101389494375, 5.93595104874e-05, 9.3491471489e-05, 0.000109918692033, 0.000149618819705, 8.80617735675e-05, 0.000121482815302, 0.000132748158649, 0.000185685028555, 0.000185632787179, 0.000240629495238, 0.000377882475732, 0.000333659612807, 0.000218749482883, 6.85224440531e-05, 1.16273804451e-05],
        "dmean2": [0.000233624014072, 0.00450860476121, 0.00139826303348, 0.000389250984881, 0.00308366818354, 0.00427965028211, 0.00475617172197, 0.00259917601943, 0.00059696304379, 0.000537953339517, 0.000491347978823, 0.000157127942657, 0.000102823396446, 0.000151290165377, 0.000195120170247, 0.000269483454758, 0.000147648184793, 0.00021295035549, 0.000233648883295, 0.000306716392515, 0.000318074948154, 0.000365814077668, 0.000624086824246, 0.000535689236131, 0.000338100537192, 9.96220551315e-05, 1.76439407369e-05],
        "dvar": [1.47720314203e-07, 0.000109472981421, 8.53907658893e-06, 5.68720338379e-07, 4.76872410218e-05, 2.09452118725e-05, 2.44742059294e-05, 1.5448382328e-05, 4.83290591546e-07, 4.03133043392e-07, 2.46497648959e-07, 3.49454474247e-08, 2.7115099499e-08, 7.49549897705e-08, 1.48458184412e-07, 2.77911510693e-07, 8.76044907727e-08, 1.98091967718e-07, 1.33434326699e-07, 3.09342993887e-07, 2.51303475807e-07, 5.05890056957e-07, 1.79200901584e-06, 1.19664173326e-06, 6.27182089374e-07, 1.0262857586e-07, 2.41196373985e-09],
        "dvar2": [4.16826139826e-07, 0.000242091584369, 2.43874746957e-05, 1.59513683684e-06, 0.0001310226653, 4.33356835856e-05, 5.29591161467e-05, 2.90807456622e-05, 1.00637805645e-06, 9.57577981353e-07, 6.64247806981e-07, 7.54180717877e-08, 7.48208819346e-08, 1.82385988978e-07, 4.18082350961e-07, 7.94554523509e-07, 2.37049462726e-07, 5.59654324661e-07, 3.65223087329e-07, 6.57205760035e-07, 6.25148345534e-07, 1.0705736031e-06, 4.17211640524e-06, 2.47102775575e-06, 1.23548113606e-06, 2.07667397945e-07, 4.27406821046e-09],
        "max": [0.00778252305463, 0.0924623981118, 0.0363302603364, 0.0157601367682, 0.0869278535247, 0.0738567784429, 0.0786004289985, 0.0770828425884, 0.0153009686619, 0.0148212267086, 0.00626778369769, 0.00423256773502, 0.00275914859958, 0.00326142576523, 0.00414525857195, 0.00546037824824, 0.00290495483205, 0.00418257433921, 0.00297942897305, 0.00606075674295, 0.00400756206363, 0.00889938976616, 0.0146481133997, 0.0122720813379, 0.00974248629063, 0.00420886883512, 0.000662328500766],
        "mean": [0.000268501142273, 0.00392974633723, 0.000982811092399, 0.000236461331951, 0.00209281709976, 0.00609855540097, 0.00682672252879, 0.00358727155253, 0.000842235516757, 0.000609992886893, 0.00046638463391, 0.00022288125183, 8.01965725259e-05, 0.000134682806674, 0.000115625931357, 0.000138990988489, 8.83333195816e-05, 0.000103233367554, 0.000109716151201, 0.00019111103029, 0.000162951808306, 0.000246734300163, 0.000322744541336, 0.000298261613352, 0.000212651473703, 7.09961386747e-05, 1.18954139907e-05],
        "median": [0.00011224377522, 0.000949032488279, 0.000227764379815, 6.72293826938e-05, 0.000437710492406, 0.00311830337159, 0.00301384320483, 0.00098793534562, 0.000408863619668, 0.000207832286833, 0.000229363373364, 9.34299750952e-05, 2.00038139155e-05, 1.4392166122e-05, 1.0506972103e-05, 2.03107083507e-05, 9.64567061601e-06, 1.04533219201e-05, 8.92962816579e-06, 8.74322904565e-06, 8.81837513589e-06, 4.82235145682e-06, 2.94712322102e-06, 2.05132437259e-06, 9.0850005563e-07, 3.8379698708e-07, 1.06584842285e-07],
        "min": [4.45588871175e-25, 5.84391609854e-25, 1.41884759071e-24, 1.00879788939e-24, 8.89027307522e-24, 6.82837289584e-24, 6.67905414826e-24, 5.46622941586e-24, 1.46275511538e-23, 1.19999856406e-23, 1.39553517324e-23, 2.57693310713e-23, 2.94862732627e-23, 4.75492410836e-23, 4.86322619095e-23, 5.98603242773e-23, 8.96941854321e-23, 9.41290793997e-23, 1.04503092553e-22, 1.45260897574e-22, 2.68326606668e-22, 2.81262007004e-22, 3.71330409117e-22, 5.15897512992e-22, 7.8208028602e-22, 1.30841888427e-21, 1.84786797212e-21],
        "var": [1.68353011532e-07, 0.000112661757157, 6.25333586868e-06, 4.0740749796e-07, 3.32290728693e-05, 6.96250936016e-05, 8.98841099115e-05, 5.34649952897e-05, 1.50090477291e-06, 9.52102141127e-07, 3.94614716015e-07, 1.28454260562e-07, 3.01149505333e-08, 1.1070071082e-07, 1.06749823203e-07, 1.76496200766e-07, 7.15536359053e-08, 1.29136608962e-07, 9.80829923947e-08, 4.33413788414e-07, 2.29915926298e-07, 8.02543695499e-07, 1.82062080967e-06, 1.49614390921e-06, 8.51605989283e-07, 1.34219135361e-07, 3.45249984157e-09]
    },
    "erbbands": {
        "dmean": [0.0809766873717, 0.753880381584, 1.18869245052, 0.825395941734, 3.19568347931, 6.83911895752, 11.4582433701, 29.9956760406, 40.0024986267, 53.443031311, 27.4801616669, 9.5080575943, 10.5482997894, 10.7650289536, 9.4347820282, 3.22846102715, 2.79674506187, 4.11865568161, 4.97020483017, 8.65922927856, 5.9682674408, 5.01572990417, 6.38643312454, 5.57309627533, 8.85493469238, 8.59243488312, 6.43043375015, 8.10856819153, 9.31122303009, 11.0285825729, 10.3196401596, 8.13234806061, 4.75797462463, 3.00523638725, 1.35384750366, 0.404543220997, 0.113850779831, 0.0172145329416, 0.00207005650736, 0.00011444449774],
        "dmean2": [0.117266200483, 1.1337351799, 1.91425454617, 1.35085678101, 5.58457803726, 11.661898613, 17.2108764648, 43.6883621216, 59.5635452271, 77.1241607666, 39.686630249, 13.8468952179, 16.614320755, 16.8240947723, 15.1209087372, 5.10158395767, 4.77676153183, 6.4034948349, 8.44452667236, 15.857006073, 10.3797016144, 8.50821590424, 11.3089399338, 9.23598670959, 15.9616546631, 13.8170366287, 11.0645542145, 13.5827379227, 14.2980537415, 18.510684967, 16.647605896, 12.7919168472, 7.64512300491, 5.03705215454, 2.02151608467, 0.590710759163, 0.168041616678, 0.0253563504666, 0.00313453213312, 0.000170455983607],
        "dvar": [0.0667507722974, 7.0519733429, 17.2245731354, 6.44120788574, 216.475036621, 715.425842285, 385.441101074, 2459.32177734, 4835.74804688, 9686.55273438, 4283.75097656, 259.477508545, 356.471038818, 337.221557617, 215.100372314, 37.9484786987, 56.4612083435, 152.044784546, 259.181854248, 1103.61462402, 403.812805176, 297.526153564, 550.006408691, 308.224121094, 585.112426758, 750.375183105, 304.131347656, 471.959960938, 733.342529297, 1056.34460449, 1966.30273438, 763.37689209, 253.752304077, 95.8352584839, 34.3933753967, 3.39700055122, 0.298758745193, 0.00631409185007, 8.19805427454e-05, 1.95737584363e-07],
        "dvar2": [0.13873206079, 16.8009662628, 47.938457489, 18.2176647186, 601.84588623, 1992.3425293, 855.717529297, 4996.04199219, 10758.8359375, 18825.6464844, 7840.83349609, 534.039550781, 881.910766602, 811.452392578, 558.993530273, 91.1291122437, 154.073974609, 338.643280029, 720.564147949, 3142.92602539, 1138.58496094, 820.860595703, 1563.86682129, 822.777832031, 1549.2578125, 1532.26464844, 763.858886719, 1130.88037109, 1607.30603027, 2718.47973633, 4552.02832031, 1580.8137207, 508.41293335, 199.153610229, 71.1985931396, 7.04331636429, 0.572577655315, 0.0117891384289, 0.000150929641677, 3.73841714918e-07],
        "max": [2.16234397888, 23.5852527618, 44.3690986633, 38.1033096313, 185.743774414, 359.421844482, 312.039367676, 801.944824219, 1364.53051758, 1499.39660645, 1477.04516602, 389.191314697, 419.781799316, 486.761962891, 198.636871338, 145.97215271, 129.05317688, 163.124801636, 236.855102539, 368.409973145, 207.769317627, 162.790344238, 224.486862183, 200.961929321, 186.649734497, 346.685546875, 128.37713623, 184.499450684, 339.869598389, 224.844406128, 539.455383301, 342.135925293, 183.895706177, 102.86566925, 75.413192749, 23.985250473, 7.18517494202, 0.989392995834, 0.122242338955, 0.00563134811819],
        "mean": [0.113137364388, 0.864965558052, 1.36549413204, 0.901121914387, 2.67754459381, 7.59080886841, 22.8099536896, 61.7393722534, 84.1776733398, 113.314796448, 57.1173286438, 19.8875656128, 19.4574279785, 19.2679481506, 17.2091026306, 7.08126974106, 4.38508796692, 5.77023077011, 6.91118907928, 6.86089944839, 6.88187980652, 5.06013965607, 5.5919585228, 5.41206789017, 7.33385896683, 9.50234985352, 5.64537763596, 7.31893110275, 9.65359210968, 9.05156230927, 9.31701564789, 7.41599369049, 4.30123138428, 2.79714870453, 1.31316065788, 0.418344199657, 0.118025444448, 0.0171331074089, 0.0021479614079, 0.000137954077218],
        "median": [0.0214106664062, 0.193841174245, 0.337243378162, 0.287149369717, 0.463646560907, 1.9058303833, 11.6723241806, 32.6971855164, 42.463722229, 37.972202301, 20.6116428375, 10.8171005249, 8.00886631012, 8.69276332855, 9.77693271637, 3.6086268425, 1.30429244041, 0.996846616268, 1.36884343624, 0.912004649639, 1.32491004467, 0.911389946938, 0.861568450928, 0.820156991482, 0.570569515228, 0.489688545465, 0.375485748053, 0.262322455645, 0.192478939891, 0.124676950276, 0.0879224017262, 0.0485259741545, 0.0274646654725, 0.0117531809956, 0.00578112900257, 0.00216258456931, 0.000619925325736, 0.000133138528327, 2.96013713523e-05, 3.05833054881e-05],
        "min": [4.17351689736e-23, 1.59027668952e-22, 2.06358480131e-21, 3.05878768748e-21, 1.14060063912e-20, 2.48094245483e-20, 3.9957915917e-20, 4.61334395751e-20, 7.82945836827e-20, 1.27384147047e-19, 1.97970984234e-19, 3.45290390839e-19, 4.02102060038e-19, 5.60681682451e-19, 7.02129412101e-19, 1.46024809493e-18, 1.45066034784e-18, 2.61850330156e-18, 2.34241088581e-18, 3.89787439688e-18, 3.91091034974e-18, 5.3845582536e-18, 6.38431231658e-18, 6.73411624428e-18, 5.23231938418e-18, 7.60566186181e-18, 9.95076770205e-18, 1.01592238339e-17, 1.02634899501e-17, 1.21588312215e-17, 9.63357785154e-18, 1.02759456357e-17, 8.63481599171e-18, 8.26075499255e-18, 6.45534851964e-18, 4.29265916552e-18, 2.12731662958e-18, 9.37363965277e-19, 2.24002500283e-19, 2.63317034473e-20],
        "var": [0.0795286297798, 6.39143466949, 12.881362915, 4.446600914, 138.57383728, 477.919006348, 1155.53649902, 7860.91992188, 15678.4111328, 35142.0390625, 14538.4248047, 795.174194336, 797.531311035, 749.403503418, 418.684753418, 104.190071106, 75.1856155396, 256.000640869, 230.236297607, 658.399108887, 306.317352295, 221.438430786, 352.876403809, 260.353912354, 459.953369141, 1162.04174805, 275.371063232, 482.065887451, 1163.05456543, 940.74987793, 2033.41760254, 967.589050293, 324.444396973, 120.450881958, 43.4817008972, 4.34208488464, 0.403384536505, 0.00839360710233, 0.000115246031783, 2.79328162378e-07]
    },
    "gfcc": {
        "mean": [-88.9564361572, 133.545379639, -94.9144287109, 5.57422924042, -70.8353881836, -4.25710487366, -24.8238735199, 7.72161340714, -6.32777500153, 5.66666936874, 1.10493779182, 4.94664382935, -1.8715069294],
        "cov": [[22839.6113281, -4730.75146484, -2039.69628906, 1408.15917969, -2202.18579102, 546.515441895, -1517.62512207, 334.189666748, -961.85369873, 285.612976074, -795.261901855, 310.215606689, -304.955108643], [-4730.75146484, 4164.66210938, 36.7954521179, -1207.33666992, 554.625, -565.59362793, 694.255615234, -166.027542114, 484.405456543, -178.714111328, 544.89276123, -16.6929264069, 295.308013916], [-2039.69628906, 36.7954521179, 1021.84295654, -51.5142059326, 150.808731079, 166.728652954, 169.402496338, -16.1426372528, 5.23846006393, 36.6401786804, 79.9855651855, 25.4239139557, 36.6836471558], [1408.15917969, -1207.33666992, -51.5142059326, 871.649169922, 118.947967529, 249.249130249, -209.63420105, 63.3866271973, -105.516098022, 34.8194618225, -182.409408569, -43.5077133179, -87.6850814819], [-2202.18579102, 554.625, 150.808731079, 118.947967529, 560.801086426, 16.2431316376, 142.532852173, -34.191116333, 165.689483643, -13.971241951, 68.7389526367, -73.6733093262, 17.3464431763], [546.515441895, -565.59362793, 166.728652954, 249.249130249, 16.2431316376, 246.451248169, -61.9640769958, 10.5910186768, -81.7750167847, 40.4410018921, -82.7885818481, 2.88247895241, -32.8494911194], [-1517.62512207, 694.255615234, 169.402496338, -209.63420105, 142.532852173, -61.9640769958, 301.54586792, 41.2951507568, 146.60723877, 5.8374171257, 147.40234375, -36.3443984985, 26.9214191437], [334.189666748, -166.027542114, -16.1426372528, 63.3866271973, -34.191116333, 10.5910186768, 41.2951507568, 171.079910278, 92.1314926147, 39.7594795227, -1.52043187618, -30.656452179, -80.9639663696], [-961.85369873, 484.405456543, 5.23846006393, -105.516098022, 165.689483643, -81.7750167847, 146.60723877, 92.1314926147, 292.415985107, 64.4013290405, 99.3910522461, -62.1695709229, -46.3264732361], [285.612976074, -178.714111328, 36.6401786804, 34.8194618225, -13.971241951, 40.4410018921, 5.8374171257, 39.7594795227, 64.4013290405, 121.057952881, 24.659734726, -18.1112518311, -37.4595069885], [-795.261901855, 544.89276123, 79.9855651855, -182.409408569, 68.7389526367, -82.7885818481, 147.40234375, -1.52043187618, 99.3910522461, 24.659734726, 193.042175293, 44.0412750244, 59.5550270081], [310.215606689, -16.6929264069, 25.4239139557, -43.5077133179, -73.6733093262, 2.88247895241, -36.3443984985, -30.656452179, -62.1695709229, -18.1112518311, 44.0412750244, 150.584564209, 103.79763031], [-304.955108643, 295.308013916, 36.6836471558, -87.6850814819, 17.3464431763, -32.8494911194, 26.9214191437, -80.9639663696, -46.3264732361, -37.4595069885, 59.5550270081, 103.79763031, 189.058883667]],
        "icov": [[0.000168569633388, -0.000172914631548, 0.000235487794271, -0.000277532002656, 0.000573753961362, -0.00034313913784, 0.000432500208262, -0.000356253527571, 0.00026784511283, -0.0005319659831, 8.85404733708e-05, -0.000206381242606, 8.68169445312e-05], [-0.000172914631548, 0.00141321693081, -1.35652885547e-06, 0.00124064821284, -0.00118731043767, 0.000646286353003, -0.00118105288129, 0.00110941904131, -0.00130585767329, 0.00231091142632, -0.00146909046452, 0.00111759733409, -0.00105907442048], [0.000235487794271, -1.35652885547e-06, 0.00181657623034, 0.000110627224785, 0.000358032557415, -0.00180892122444, -0.000384031503927, -0.000242272304604, 0.000524749222677, -0.000646136235446, -0.000385003077099, -0.000494331063237, 7.78129106038e-05], [-0.000277532002656, 0.00124064821284, 0.000110627224785, 0.00384186673909, -0.00287150894292, -0.000966223597061, 0.000425311998697, -0.000994179979898, -1.40356178235e-05, 0.00170239876024, -0.000980391982011, 0.00170121272095, -0.00130720122252], [0.000573753961362, -0.00118731043767, 0.000358032557415, -0.00287150894292, 0.00634010089561, -0.00230295979418, 0.000947194639593, 0.0012587425299, -0.0020977021195, -0.000119457479741, -0.000140392250614, 0.000604514731094, -2.42640180659e-05], [-0.00034313913784, 0.000646286353003, -0.00180892122444, -0.000966223597061, -0.00230295979418, 0.0105065619573, -0.00288224034011, 0.000916226417758, 0.00197375123389, -0.00314107886516, 0.00370731693693, -0.0025609661825, 0.00127898831852], [0.000432500208262, -0.00118105288129, -0.000384031503927, 0.000425311998697, 0.000947194639593, -0.00288224034011, 0.0117243621498, -0.00534808309749, 0.000482423609355, 0.000321843253914, -0.00553839746863, 0.00506758829579, -0.002588926116], [-0.000356253527571, 0.00110941904131, -0.000242272304604, -0.000994179979898, 0.0012587425299, 0.000916226417758, -0.00534808309749, 0.0136962877586, -0.00623096106574, 0.00241620861925, 0.000950651767198, -0.00264932587743, 0.0040560211055], [0.00026784511283, -0.00130585767329, 0.000524749222677, -1.40356178235e-05, -0.0020977021195, 0.00197375123389, 0.000482423609355, -0.00623096106574, 0.0116573031992, -0.00737754628062, 0.000233821949223, -0.000274137448287, 0.00163333304226], [-0.0005319659831, 0.00231091142632, -0.000646136235446, 0.00170239876024, -0.000119457479741, -0.00314107886516, 0.000321843253914, 0.00241620861925, -0.00737754628062, 0.0185940302908, -0.00760397547856, 0.00503593077883, -0.00159179698676], [8.85404733708e-05, -0.00146909046452, -0.000385003077099, -0.000980391982011, -0.000140392250614, 0.00370731693693, -0.00553839746863, 0.000950651767198, 0.000233821949223, -0.00760397547856, 0.0170875731856, -0.00908683240414, 0.00206715078093], [-0.000206381242606, 0.00111759733409, -0.000494331063237, 0.00170121272095, 0.000604514731094, -0.0025609661825, 0.00506758829579, -0.00264932587743, -0.000274137448287, 0.00503593077883, -0.00908683240414, 0.0189460385591, -0.0101590072736], [8.68169445312e-05, -0.00105907442048, 7.78129106038e-05, -0.00130720122252, -2.42640180659e-05, 0.00127898831852, -0.002588926116, 0.0040560211055, 0.00163333304226, -0.00159179698676, 0.00206715078093, -0.0101590072736, 0.0138035640121]]
    },
    "melbands": {
        "dmean": [0.000804974115454, 0.000752999214455, 0.000182949312148, 0.000389483262552, 0.000378518598154, 0.000646564236376, 0.000605312408879, 0.000557905121241, 0.000182902498636, 5.67037313886e-05, 5.37522537343e-05, 4.47112652182e-05, 3.86423052987e-05, 1.41634709507e-05, 7.16387239663e-06, 5.31765317646e-06, 8.427658031e-06, 7.72743078414e-06, 9.89289856079e-06, 1.19761716633e-05, 6.07637139183e-06, 4.84466409034e-06, 6.42387749394e-06, 5.22021036886e-06, 4.32273964179e-06, 5.23731250723e-06, 8.23129357741e-06, 5.12849419465e-06, 3.31390697283e-06, 5.14637395099e-06, 4.40254189016e-06, 5.68514906263e-06, 4.49509479949e-06, 6.39620066067e-06, 5.98050883127e-06, 5.01860449731e-06, 4.93324614581e-06, 3.27759426e-06, 2.93954212793e-06, 2.43071394834e-06],
        "dmean2": [0.00116804451682, 0.0011612639064, 0.000303475419059, 0.000679097545799, 0.000576495134737, 0.000940514088143, 0.000903905485757, 0.000809392367955, 0.000265128852334, 8.26988252811e-05, 8.47488481668e-05, 6.97186114849e-05, 6.29373389529e-05, 2.16417265619e-05, 1.20373060781e-05, 9.02899409994e-06, 1.28301080622e-05, 1.29766085593e-05, 1.79797825695e-05, 2.18103778025e-05, 1.04301034298e-05, 8.17138879938e-06, 1.152783625e-05, 9.03038198885e-06, 7.08504512659e-06, 9.4796932899e-06, 1.39698013299e-05, 8.03916191217e-06, 5.71580812903e-06, 8.86429916136e-06, 7.33346405468e-06, 8.83561278897e-06, 6.9942684604e-06, 1.10136043077e-05, 9.73679925664e-06, 7.76179967943e-06, 7.87227872934e-06, 5.2162895372e-06, 4.89182139063e-06, 4.10356005887e-06],
        "dvar": [7.02490115145e-06, 6.77405978422e-06, 3.29040631186e-07, 3.14925978273e-06, 4.30320454825e-07, 1.01847706446e-06, 9.38093478453e-07, 9.68234076026e-07, 1.89661193417e-07, 1.0086044e-08, 9.4045304877e-09, 5.99904304011e-09, 3.88541243623e-09, 6.37112140822e-10, 4.5550696548e-10, 1.73891692712e-10, 6.75041189613e-10, 6.08354588927e-10, 1.37967881564e-09, 1.94990223967e-09, 4.37473224313e-10, 2.78157941125e-10, 5.60866519894e-10, 3.14954201608e-10, 1.9535310869e-10, 2.22171087083e-10, 5.39898070695e-10, 2.75412442852e-10, 7.68875796364e-11, 2.0276835766e-10, 1.52265075548e-10, 2.45100162388e-10, 2.10316264404e-10, 3.69283104096e-10, 7.4234940417e-10, 4.39830838417e-10, 2.41512670973e-10, 1.28561744583e-10, 8.71830038718e-11, 6.53576151532e-11],
        "dvar2": [1.47189930431e-05, 1.7446162019e-05, 9.18060322874e-07, 8.7290582087e-06, 1.03706042864e-06, 2.07817515729e-06, 2.12384634324e-06, 1.89414595297e-06, 3.46362497794e-07, 2.08033039684e-08, 2.3264549398e-08, 1.41989096036e-08, 1.05992450372e-08, 1.39611600058e-09, 1.16965992447e-09, 4.75206596295e-10, 1.45349277059e-09, 1.67603131374e-09, 3.91515442288e-09, 5.56188073375e-09, 1.21233911798e-09, 7.54172280182e-10, 1.59178958903e-09, 8.82439732397e-10, 5.14455755773e-10, 6.23139984057e-10, 1.26990717941e-09, 5.7765037198e-10, 1.87296234078e-10, 5.41714617608e-10, 3.36748712249e-10, 5.52324519454e-10, 4.46596926107e-10, 9.85203696402e-10, 1.74825054433e-09, 9.23175424994e-10, 5.19255527465e-10, 2.63083471674e-10, 1.82290793571e-10, 1.33985073036e-10],
        "max": [0.0224342495203, 0.0262287594378, 0.0097865620628, 0.0209051258862, 0.0103144003078, 0.0161497239023, 0.0184089932591, 0.0136753330007, 0.0100190965459, 0.00248744920827, 0.0020843911916, 0.00214607757516, 0.0007307100459, 0.000612246629316, 0.000638718833216, 0.000189286482055, 0.000343452993548, 0.000369119254174, 0.000413163186749, 0.000438022427261, 0.000226021787967, 0.000165905992617, 0.000240932480665, 0.000184532240382, 0.0001681845024, 0.000146641978063, 0.000238054941292, 0.000226038566325, 9.11414899747e-05, 8.41231958475e-05, 0.000125922029838, 0.000175777488039, 0.000194192034542, 0.000111024906801, 0.000332870549755, 0.000266093004029, 0.000183681200724, 0.000142737990245, 9.82433339232e-05, 8.71142110555e-05],
        "mean": [0.00107196543831, 0.00089194154134, 0.000192758161575, 0.00035789256799, 0.000723925884813, 0.00133880367503, 0.00129654910415, 0.00118836737238, 0.000365357671399, 0.000115640636068, 9.73589412752e-05, 7.97057145974e-05, 6.29567512078e-05, 3.11136864184e-05, 1.20653712656e-05, 7.40642644814e-06, 1.14834883789e-05, 1.11636045403e-05, 8.98615962797e-06, 9.49571767705e-06, 7.4093513831e-06, 4.82124505652e-06, 5.73795341552e-06, 4.560067282e-06, 4.30899945059e-06, 4.07058087148e-06, 7.31875707061e-06, 5.78360550207e-06, 3.03220917885e-06, 4.02323075832e-06, 4.1456969484e-06, 5.5808009165e-06, 4.78914489577e-06, 4.90954471388e-06, 5.37284813618e-06, 4.76644072478e-06, 4.37750850324e-06, 2.90748766929e-06, 2.69291945187e-06, 2.2742137844e-06],
        "median": [0.000244332390139, 0.000247671618126, 6.18820122327e-05, 5.52247329324e-05, 0.000364402076229, 0.000764561700635, 0.000758250069339, 0.000356782082235, 0.00011544044537, 5.39694119652e-05, 3.84858285543e-05, 3.41266495525e-05, 3.43317369698e-05, 1.44356099554e-05, 3.1601223327e-06, 1.59864009674e-06, 1.21091261462e-06, 1.87387729511e-06, 6.78518972563e-07, 1.1462115026e-06, 9.82934466265e-07, 4.6889633154e-07, 7.01165674855e-07, 4.75320490523e-07, 5.17229409525e-07, 3.32160993821e-07, 3.35342349445e-07, 2.31221761737e-07, 2.2904556829e-07, 1.24045854477e-07, 1.20827579053e-07, 1.03372144622e-07, 7.49405586475e-08, 5.72408715982e-08, 5.0059600909e-08, 3.34525651624e-08, 2.46374902702e-08, 1.92948093058e-08, 1.23310268663e-08, 7.84290232758e-09],
        "min": [5.24890494179e-25, 1.02574755202e-24, 7.58817433469e-25, 9.24388490637e-25, 1.94033927768e-24, 1.05540241117e-24, 1.15770702095e-24, 1.14149198505e-24, 1.86874699509e-24, 1.86001036056e-24, 1.93343753362e-24, 2.14425035535e-24, 2.19010526205e-24, 3.22155687006e-24, 1.87434731587e-24, 2.76755716391e-24, 4.21909238953e-24, 3.27413957699e-24, 4.22269827272e-24, 4.37559411008e-24, 3.95174585102e-24, 5.03948445956e-24, 4.12548497122e-24, 4.07661306599e-24, 3.86153250676e-24, 3.90943924068e-24, 2.48278626574e-24, 4.55466040797e-24, 4.96941862282e-24, 4.16976491712e-24, 4.87535603177e-24, 4.85525782806e-24, 5.4523450695e-24, 6.51058106904e-24, 4.71642185861e-24, 5.58686557536e-24, 5.93539063417e-24, 5.78664775505e-24, 5.76871970769e-24, 6.09090825075e-24],
        "var": [7.82610732131e-06, 5.6108415265e-06, 2.29448659184e-07, 2.01780244424e-06, 1.01284933862e-06, 3.285169214e-06, 3.10043287755e-06, 3.6170772546e-06, 6.29042403943e-07, 3.12630454857e-08, 2.12748538786e-08, 1.39599967142e-08, 6.24276186301e-09, 2.24549734362e-09, 9.56827950205e-10, 2.02759781187e-10, 1.15737042172e-09, 5.82779824398e-10, 8.93831175741e-10, 1.17163789781e-09, 3.71829594892e-10, 2.21469342865e-10, 3.64542285247e-10, 2.15181608643e-10, 1.73986297591e-10, 1.43908315819e-10, 6.16845186041e-10, 4.23666629557e-10, 7.58461071726e-11, 1.4952017402e-10, 1.79947723389e-10, 3.50083850797e-10, 3.4483582656e-10, 2.78242734408e-10, 7.39028505059e-10, 5.23970755673e-10, 2.96912994191e-10, 1.60512450553e-10, 1.05394859506e-10, 8.38634786615e-11]
    },
    "mfcc": {
        "mean": [-737.527160645, 161.575698853, 29.138217926, 14.1099777222, -14.9076910019, -7.88940668106, -6.49961137772, 1.09190034866, -2.08991980553, 0.718691885471, 0.86731749773, 6.86154794693, 11.0587825775],
        "cov": [[13527.7773438, -3782.25854492, -505.874053955, 95.0285110474, -471.779968262, -208.537811279, -453.509338379, -179.732955933, -166.764312744, -28.0992431641, -381.253631592, -472.797943115, -371.96685791], [-3782.25854492, 3535.5637207, -165.637252808, -367.475982666, -332.977905273, -295.115600586, 18.4858112335, 74.935218811, -8.20170593262, -116.520210266, 68.8481750488, 198.285400391, 214.00491333], [-505.874053955, -165.637252808, 724.469177246, -67.8207015991, -2.59853839874, 98.9291152954, 133.77532959, 19.2719841003, -7.36848211288, -30.9501342773, 2.4725716114, 11.3212814331, 26.8643131256], [95.0285110474, -367.475982666, -67.8207015991, 378.87399292, 247.534210205, 125.662620544, 49.8252410889, 25.3885421753, 24.3243637085, 60.9479904175, 25.7982940674, -6.39717292786, -19.690404892], [-471.779968262, -332.977905273, -2.59853839874, 247.534210205, 425.77456665, 204.429718018, 32.8054504395, 20.5316143036, 55.6744613647, 67.6374435425, 58.5652275085, 22.699836731, -2.43314194679], [-208.537811279, -295.115600586, 98.9291152954, 125.662620544, 204.429718018, 235.623275757, 85.3278427124, -11.0349245071, 27.1762504578, 11.0051345825, -7.24290132523, -4.65590810776, -23.5024032593], [-453.509338379, 18.4858112335, 133.77532959, 49.8252410889, 32.8054504395, 85.3278427124, 172.164657593, 32.59765625, -12.6468095779, 0.207512155175, -18.0013904572, -6.00336074829, -18.6965141296], [-179.732955933, 74.935218811, 19.2719841003, 25.3885421753, 20.5316143036, -11.0349245071, 32.59765625, 109.919700623, 28.5951442719, -1.89472901821, 31.1907463074, 8.25420665741, 0.0123302023858], [-166.764312744, -8.20170593262, -7.36848211288, 24.3243637085, 55.6744613647, 27.1762504578, -12.6468095779, 28.5951442719, 118.671051025, 50.7970657349, 33.6987380981, 47.3021392822, 10.3173522949], [-28.0992431641, -116.520210266, -30.9501342773, 60.9479904175, 67.6374435425, 11.0051345825, 0.207512155175, -1.89472901821, 50.7970657349, 178.641067505, 100.416687012, 43.1794586182, 50.5384368896], [-381.253631592, 68.8481750488, 2.4725716114, 25.7982940674, 58.5652275085, -7.24290132523, -18.0013904572, 31.1907463074, 33.6987380981, 100.416687012, 223.756774902, 91.6601867676, 42.4360961914], [-472.797943115, 198.285400391, 11.3212814331, -6.39717292786, 22.699836731, -4.65590810776, -6.00336074829, 8.25420665741, 47.3021392822, 43.1794586182, 91.6601867676, 209.167755127, 73.0760040283], [-371.96685791, 214.00491333, 26.8643131256, -19.690404892, -2.43314194679, -23.5024032593, -18.6965141296, 0.0123302023858, 10.3173522949, 50.5384368896, 42.4360961914, 73.0760040283, 195.607559204]],
