{
"lowlevel": {
    "average_loudness": 0.903008282185,
    "barkbands_crest": {
        "dmean": 3.05216932297,
        "dmean2": 4.81257009506,
        "dvar": 9.56974887848,
        "dvar2": 22.8449935913,
        "max": 26.8484172821,
        "mean": 14.6041145325,
        "median": 13.7368907928,
        "min": 2.61486458778,
        "var": 29.2434959412
    },
    "barkbands_flatness_db": {
        "dmean": 0.0558715127409,
        "dmean2": 0.0803465023637,
        "dvar": 0.00326808681712,
        "dvar2": 0.0066443188116,
        "max": 0.705930709839,
        "mean": 0.24080170691,
        "median": 0.220468237996,
        "min": 0.0311186853796,
        "var": 0.0152409933507
    },
    "barkbands_kurtosis": {
        "dmean": 29.087846756,
        "dmean2": 47.8539772034,
        "dvar": 21636.7050781,
        "dvar2": 54211.90625,
        "max": 8807.50390625,
        "mean": 33.2497367859,
        "median": 10.0946874619,
        "min": -1.9005023241,
        "var": 19610.6953125
    },
    "barkbands_skewness": {
        "dmean": 1.50062894821,
        "dmean2": 2.27163934708,
        "dvar": 5.6552901268,
        "dvar2": 13.6359891891,
        "max": 79.8237991333,
        "mean": 3.40442109108,
        "median": 2.64429807663,
        "min": -2.84171581268,
        "var": 11.3408041
    },
    "barkbands_spread": {
        "dmean": 7.31880092621,
        "dmean2": 9.97857570648,
        "dvar": 99.6909866333,
        "dvar2": 142.285461426,
        "max": 113.905502319,
        "mean": 16.8066883087,
        "median": 7.71633720398,
        "min": 0.0314875170588,
        "var": 404.661804199
    },
    "dissonance": {
        "dmean": 0.0312410108745,
        "dmean2": 0.0484166815877,
        "dvar": 0.00106581836008,
        "dvar2": 0.0024444910232,
        "max": 0.500000178814,
        "mean": 0.432072371244,
        "median": 0.44666737318,
        "min": 0.147331416607,
        "var": 0.00341251422651
    },
    "dynamic_complexity": 3.23509430885,
    "erbbands_crest": {
        "dmean": 3.08397388458,
        "dmean2": 5.02910709381,
        "dvar": 9.96625041962,
        "dvar2": 24.2097091675,
        "max": 28.1226921082,
        "mean": 9.58576202393,
        "median": 8.27111816406,
        "min": 2.55334949493,
        "var": 24.2989311218
    },
    "erbbands_flatness_db": {
        "dmean": 0.0321890152991,
        "dmean2": 0.0472744852304,
        "dvar": 0.00123178295325,
        "dvar2": 0.00255450769328,
        "max": 0.505573391914,
        "mean": 0.167386457324,
        "median": 0.145838931203,
        "min": 0.040453068912,
        "var": 0.00530876405537
    },
    "erbbands_kurtosis": {
        "dmean": 3.91733384132,
        "dmean2": 6.34922599792,
        "dvar": 71.8540878296,
        "dvar2": 174.637878418,
        "max": 153.362091064,
        "mean": 3.74314975739,
        "median": 1.18856477737,
        "min": -1.94975852966,
        "var": 95.453704834
    },
    "erbbands_skewness": {
        "dmean": 0.770592093468,
        "dmean2": 1.14578151703,
        "dvar": 0.71226388216,
        "dvar2": 1.52073836327,
        "max": 11.0925226212,
        "mean": 0.851502537727,
        "median": 0.887792408466,
        "min": -3.66475296021,
        "var": 2.11128926277
    },
    "erbbands_spread": {
        "dmean": 18.4681396484,
        "dmean2": 28.3244247437,
        "dvar": 387.134216309,
        "dvar2": 811.839538574,
        "max": 219.828384399,
        "mean": 45.3940505981,
        "median": 40.1656150818,
        "min": 0.863878428936,
        "var": 936.317016602
    },
    "hfc": {
        "dmean": 9.06693077087,
        "dmean2": 12.7464952469,
        "dvar": 138.675308228,
        "dvar2": 268.261169434,
        "max": 116.146942139,
        "mean": 16.4656562805,
        "median": 8.67463111877,
        "min": 1.06919142517e-16,
        "var": 314.937866211
    },
    "melbands_crest": {
        "dmean": 3.86573219299,
        "dmean2": 5.81126260757,
        "dvar": 14.7124490738,
        "dvar2": 32.2532463074,
        "max": 38.3880310059,
        "mean": 20.864824295,
        "median": 20.3177204132,
        "min": 1.55119335651,
        "var": 53.6186637878
    },
    "melbands_flatness_db": {
        "dmean": 0.0640751197934,
        "dmean2": 0.0903751775622,
        "dvar": 0.00409920234233,
        "dvar2": 0.00822181534022,
        "max": 0.891009569168,
        "mean": 0.331647247076,
        "median": 0.317031264305,
        "min": 0.00318940356374,
        "var": 0.0209924764931
    },
    "melbands_kurtosis": {
        "dmean": 47.4545478821,
        "dmean2": 75.6356277466,
        "dvar": 18533.8261719,
        "dvar2": 47768.5234375,
        "max": 3893.98583984,
        "mean": 65.6907196045,
        "median": 22.8708019257,
        "min": -1.82604026794,
        "var": 25842.0996094
    },
    "melbands_skewness": {
        "dmean": 1.76771330833,
        "dmean2": 2.69085693359,
        "dvar": 6.62241601944,
        "dvar2": 15.8439321518,
        "max": 46.453754425,
        "mean": 4.73480129242,
        "median": 3.79800391197,
        "min": -1.21652233601,
        "var": 15.8092565536
    },
    "melbands_spread": {
        "dmean": 5.82607936859,
        "dmean2": 7.7611374855,
        "dvar": 81.8611907959,
        "dvar2": 129.477096558,
        "max": 166.129928589,
        "mean": 13.5178499222,
        "median": 6.21847248077,
        "min": 0.085441403091,
        "var": 408.185058594
    },
    "pitch_salience": {
        "dmean": 0.0998718068004,
        "dmean2": 0.154696494341,
        "dvar": 0.0106284264475,
        "dvar2": 0.0244384352118,
        "max": 0.923401534557,
        "mean": 0.444990932941,
        "median": 0.463961720467,
        "min": 0.0122739570215,
        "var": 0.0280958097428
    },
    "silence_rate_20dB": {
        "dmean": 0.000620155013166,
        "dmean2": 0.00124040618539,
        "dvar": 0.000619808153715,
        "dvar2": 0.00185921625234,
        "max": 1,
        "mean": 0.999689936638,
        "median": 1,
        "min": 0,
        "var": 0.000309921160806
    },
    "silence_rate_30dB": {
        "dmean": 0.0821705460548,
        "dmean2": 0.164353832603,
        "dvar": 0.0754258483648,
        "dvar2": 0.151911184192,
        "max": 1,
        "mean": 0.890628635883,
        "median": 1,
        "min": 0,
        "var": 0.0974093005061
    },
    "silence_rate_60dB": {
        "dmean": 0.00790697708726,
        "dmean2": 0.015815179795,
        "dvar": 0.00784302316606,
        "dvar2": 0.0192806757987,
        "max": 1,
        "mean": 0.0367413386703,
        "median": 0,
        "min": 0,
        "var": 0.035388417542
    },
    "spectral_centroid": {
        "dmean": 358.768768311,
        "dmean2": 495.445495605,
        "dvar": 240865.3125,
        "dvar2": 346664.8125,
        "max": 11676.3164062,
        "mean": 1131.00512695,
        "median": 582.83782959,
        "min": 67.5888137817,
        "var": 1678803.625
    },
    "spectral_complexity": {
        "dmean": 4.84077501297,
        "dmean2": 6.57632350922,
        "dvar": 47.4356231689,
        "dvar2": 83.2934646606,
        "max": 57,
        "mean": 12.7148284912,
        "median": 10,
        "min": 0,
        "var": 115.180671692
    },
    "spectral_decrease": {
        "dmean": 5.87563242505e-09,
        "dmean2": 9.14650311046e-09,
        "dvar": 7.06803731161e-17,
        "dvar2": 1.65789110256e-16,
        "max": 4.5340690976e-17,
        "mean": -1.25545476237e-08,
        "median": -8.45718339804e-09,
        "min": -1.03748590163e-07,
        "var": 1.46757696065e-16
    },
    "spectral_energy": {
        "dmean": 0.0227497927845,
        "dmean2": 0.0353565514088,
        "dvar": 0.00103005312849,
        "dvar2": 0.00241773226298,
        "max": 0.394038975239,
        "mean": 0.0488773472607,
        "median": 0.0339431613684,
        "min": 9.88228154173e-21,
        "var": 0.0021323512774
    },
    "spectral_energyband_high": {
        "dmean": 0.000765369797591,
        "dmean2": 0.000949709617998,
        "dvar": 1.34732124479e-06,
        "dvar2": 1.8068889176e-06,
        "max": 0.0106980465353,
        "mean": 0.00119014875963,
        "median": 0.000201444083359,
        "min": 6.80041822127e-21,
        "var": 4.2044644033e-06
    },
    "spectral_energyband_low": {
        "dmean": 0.018697084859,
        "dmean2": 0.0282062552869,
        "dvar": 0.000956162286457,
        "dvar2": 0.00232411851175,
        "max": 0.384344577789,
        "mean": 0.0336143150926,
        "median": 0.020345447585,
        "min": 1.71676706469e-23,
        "var": 0.00163993984461
    },
    "spectral_energyband_middle_high": {
        "dmean": 0.00105398718733,
        "dmean2": 0.0016391905956,
        "dvar": 3.27936959366e-06,
        "dvar2": 7.44239105188e-06,
        "max": 0.0259506218135,
        "mean": 0.00139297335409,
        "median": 0.000522633607034,
        "min": 1.08252375517e-21,
        "var": 4.39955556431e-06
    },
    "spectral_energyband_middle_low": {
        "dmean": 0.010378587991,
        "dmean2": 0.0179133079946,
        "dvar": 0.000485705852043,
        "dvar2": 0.0013405039208,
        "max": 0.19293397665,
        "mean": 0.0140968021005,
        "median": 0.00715588778257,
        "min": 1.91126431807e-22,
        "var": 0.000414559821365
    },
    "spectral_entropy": {
        "dmean": 0.414825499058,
        "dmean2": 0.599563002586,
        "dvar": 0.208490654826,
        "dvar2": 0.410935252905,
        "max": 9.82401657104,
        "mean": 7.16918087006,
        "median": 7.3596868515,
        "min": 3.55744123459,
        "var": 0.907119393349
    },
    "spectral_flux": {
        "dmean": 0.04631440714,
        "dmean2": 0.071676440537,
        "dvar": 0.00320398877375,
        "dvar2": 0.00619153631851,
        "max": 0.510410547256,
        "mean": 0.104349344969,
        "median": 0.0781056731939,
        "min": 6.47911307938e-11,
        "var": 0.00687049841508
    },
    "spectral_kurtosis": {
        "dmean": 5.74632263184,
        "dmean2": 8.77167892456,
        "dvar": 198.732269287,
        "dvar2": 428.210449219,
        "max": 359.058685303,
        "mean": 10.3742446899,
        "median": 2.70632839203,
        "min": -1.2693195343,
        "var": 823.455322266
    },
    "spectral_rms": {
        "dmean": 0.00147828215268,
        "dmean2": 0.00224437285215,
        "dvar": 3.0067105854e-06,
        "dvar2": 6.90658316671e-06,
        "max": 0.0196068417281,
        "mean": 0.00624754279852,
        "median": 0.00575458770618,
        "min": 3.10503641028e-12,
        "var": 8.65357560542e-06
    },
    "spectral_rolloff": {
        "dmean": 421.582397461,
        "dmean2": 652.26751709,
        "dvar": 804383.375,
        "dvar2": 1295716.25,
        "max": 19810.546875,
        "mean": 1034.33679199,
        "median": 301.46484375,
        "min": 43.06640625,
        "var": 5422349
    },
    "spectral_skewness": {
        "dmean": 0.625866889954,
        "dmean2": 0.896784543991,
        "dvar": 0.667986869812,
        "dvar2": 1.28801953793,
        "max": 15.861913681,
        "mean": 1.99997103214,
        "median": 1.47556114197,
        "min": -0.105163119733,
        "var": 3.29556393623
    },
    "spectral_spread": {
        "dmean": 1157524.375,
        "dmean2": 1610204.5,
        "dvar": 1.26541614285e+12,
        "dvar2": 2.59275436851e+12,
        "max": 43351392,
        "mean": 5534417.5,
        "median": 5403182,
        "min": 254861.328125,
        "var": 1.243153118e+13
    },
    "spectral_strongpeak": {
        "dmean": 0.227976933122,
        "dmean2": 0.388462781906,
        "dvar": 0.129280909896,
        "dvar2": 0.326994329691,
        "max": 3.31092953682,
        "mean": 0.424837052822,
        "median": 0.268425494432,
        "min": 0,
        "var": 0.222389832139
    },
    "zerocrossingrate": {
        "dmean": 0.0124146072194,
        "dmean2": 0.0130906617269,
        "dvar": 0.000185629687621,
        "dvar2": 0.000170334111317,
        "max": 0.61328125,
        "mean": 0.042811602354,
        "median": 0.025390625,
        "min": 0.001953125,
        "var": 0.00374644226395
    },
    "barkbands": {
        "dmean": [0.000833845930174, 0.0163977481425, 0.0029624835588, 0.00267985789105, 0.00595611380413, 0.00202026101761, 0.000766023295, 0.000507943856064, 0.000390088913264, 0.00014601663861, 0.000100757832115, 0.000138704141136, 0.000132208777359, 8.22697838885e-05, 7.67750607338e-05, 8.60008585732e-05, 0.000126764527522, 0.000111982313683, 0.000181798401172, 0.000164124838193, 0.000262507848674, 0.000204563024454, 9.56394142122e-05, 8.24597373139e-05, 4.62796815555e-05, 2.03794861591e-05, 3.46405136042e-06],
        "dmean2": [0.000990667496808, 0.0254985764623, 0.00478836055845, 0.00483936071396, 0.0105852512643, 0.00332692102529, 0.00119311793242, 0.00087830767734, 0.000686069543008, 0.000241310932324, 0.000167559817783, 0.000240877066972, 0.000235987448832, 0.000143994213431, 0.000127881081426, 0.000140513831866, 0.000193239873624, 0.000159151823027, 0.000260009226622, 0.000231379424804, 0.00033066078322, 0.000262074056081, 0.000144110366818, 0.000126847880892, 6.98202784406e-05, 2.9111677577e-05, 5.7611309785e-06],
        "dvar": [1.15267403089e-06, 0.000888033304363, 3.8314901758e-05, 4.64604891022e-05, 0.000218419620069, 1.65653327713e-05, 2.5621623081e-06, 1.20784170576e-06, 7.48296258735e-07, 2.03466939297e-07, 6.03225416285e-08, 2.99954194816e-07, 1.45995457501e-07, 3.31676375254e-08, 3.39754429035e-08, 3.53881510762e-08, 7.15498202908e-08, 4.20401278234e-08, 1.58405285333e-07, 8.8482636329e-08, 2.20055440536e-07, 9.61631911878e-08, 2.09821919839e-08, 1.27051871246e-08, 4.6873642745e-09, 1.10359743566e-09, 7.71060215676e-10],
        "dvar2": [1.83881809335e-06, 0.00222094287165, 9.5017014246e-05, 0.000132944973302, 0.000616782694124, 4.19296738983e-05, 5.4949546211e-06, 3.27978978021e-06, 1.98276643459e-06, 5.00334124354e-07, 1.52586906665e-07, 7.62336128446e-07, 4.06521621699e-07, 8.91230342859e-08, 7.55171001288e-08, 8.96603538081e-08, 1.53262533331e-07, 7.39120338267e-08, 2.97816598049e-07, 1.45611409152e-07, 3.14643898491e-07, 1.24125079992e-07, 3.94370545109e-08, 2.66246420466e-08, 9.63357393857e-09, 1.91057925036e-09, 1.57459567607e-09],
        "max": [0.0167274773121, 0.368524700403, 0.101554468274, 0.0738789439201, 0.110655382276, 0.0696033835411, 0.0290493071079, 0.0132957370952, 0.0119647998363, 0.00986432656646, 0.00522406911477, 0.0172373913229, 0.0154778547585, 0.00312018790282, 0.00401329202577, 0.00229494739324, 0.00479310611263, 0.00184791197535, 0.00338825327344, 0.00356090930291, 0.00400605984032, 0.00298706162721, 0.00182504358236, 0.00140443490818, 0.00123041484039, 0.00118436093908, 0.00281594204716],
        "mean": [0.00192837056238, 0.0264079719782, 0.00390716828406, 0.00261811469682, 0.00538754183799, 0.00323108024895, 0.00166265282314, 0.0006398743717, 0.000461910385638, 0.000200353460968, 0.000148710983922, 0.000152478038217, 0.000133664143505, 8.94163094927e-05, 8.94026306923e-05, 7.86427626736e-05, 0.000135736991069, 0.000124836893519, 0.000206545737456, 0.000227260607062, 0.000392287940485, 0.000313802651362, 0.000136351023684, 0.000103070262412, 6.25780885457e-05, 3.30323746311e-05, 4.41682414021e-06],
        "median": [0.00123398040887, 0.0145454229787, 0.00116026657633, 0.000663043465465, 0.00164030632004, 0.00168265216053, 0.000581601983868, 0.00018224096857, 0.000104557148006, 7.43796117604e-05, 5.87674767303e-05, 4.7412024287e-05, 4.16105249315e-05, 3.510004899e-05, 2.10091347981e-05, 8.6497348093e-06, 1.21654411487e-05, 7.92937680671e-06, 8.12746020529e-06, 1.49840680024e-05, 2.66658171313e-05, 5.28402197233e-05, 2.45278788498e-05, 3.25934561261e-05, 1.43962906805e-05, 7.85528573033e-06, 1.40088914691e-07],
        "min": [7.3243121948e-25, 3.96548465255e-24, 1.18328218732e-24, 5.68048088227e-25, 6.21882480755e-24, 6.60678423415e-24, 8.56622794802e-24, 1.36509145319e-23, 1.20765737793e-23, 1.04635149446e-23, 1.36594642064e-23, 2.8354216843e-23, 2.5358162568e-23, 3.5117203425e-23, 3.77381054301e-23, 7.0882011166e-23, 4.40351181863e-23, 9.01039008536e-23, 9.09153042481e-23, 1.68330017721e-22, 2.47235091392e-22, 3.34676043954e-22, 4.27310124653e-22, 5.75608553231e-22, 8.93877300098e-22, 1.28407784267e-21, 1.84289721441e-21],
        "var": [4.78861875308e-06, 0.00131708930712, 4.71043567813e-05, 3.28420646838e-05, 0.000146012607729, 2.28161807172e-05, 1.2523465557e-05, 1.29856675812e-06, 9.23171057821e-07, 2.95774015058e-07, 9.20851306319e-08, 2.83907809262e-07, 1.10463759029e-07, 3.06651379844e-08, 4.40484413389e-08, 3.32301510753e-08, 8.83522375261e-08, 6.71382593964e-08, 2.29893913684e-07, 1.88194420048e-07, 5.86976454997e-07, 3.04942233242e-07, 4.64989469151e-08, 2.24996092868e-08, 9.8621582012e-09, 3.20161874789e-09, 2.52502507792e-09]
    },
    "erbbands": {
        "dmean": [0.555180907249, 3.53898382187, 4.02892112732, 6.34322547913, 17.6252918243, 18.7595844269, 16.7079105377, 14.5965948105, 9.79031944275, 13.1762742996, 12.6906137466, 9.6597032547, 4.77569580078, 4.27945375443, 3.38281846046, 6.75271081924, 6.49431180954, 4.15360546112, 3.4997086525, 4.5307469368, 5.86216449738, 6.36726856232, 5.81045007706, 7.4896440506, 9.29607582092, 8.36059379578, 10.7215118408, 8.94957065582, 7.82645940781, 5.36054134369, 2.58508014679, 1.99987709522, 1.18924915791, 0.627026200294, 0.25691139698, 0.113531298935, 0.0313698761165, 0.00727243069559, 0.000464820448542, 4.1661074647e-05],
        "dmean2": [0.864618182182, 5.5830373764, 6.36343479156, 11.1080980301, 31.830947876, 33.4017448425, 27.1561450958, 24.725194931, 16.4724559784, 19.7159042358, 22.1192779541, 16.80560112, 7.74425649643, 7.43659496307, 5.62623929977, 11.7456150055, 11.6322526932, 7.13487672806, 6.01613473892, 7.24217939377, 9.42033863068, 9.55225467682, 8.35490131378, 10.9124059677, 13.6467456818, 11.9509916306, 13.861989975, 10.8228778839, 10.2771024704, 7.57432031631, 3.90506267548, 3.04120349884, 1.88230788708, 0.942986428738, 0.391750365496, 0.175145342946, 0.0425475612283, 0.0112126888707, 0.000766040640883, 6.76252238918e-05],
        "dvar": [0.87733066082, 50.8045463562, 67.3263778687, 205.55480957, 2222.31152344, 2171.875, 1473.01586914, 1150.29492188, 324.968017578, 947.00177002, 843.443786621, 445.480773926, 200.074768066, 140.506362915, 59.2279396057, 660.838195801, 381.285308838, 80.734916687, 59.3382492065, 127.856437683, 170.418563843, 156.888336182, 107.7421875, 259.01361084, 378.992706299, 235.274093628, 437.073608398, 198.953842163, 139.428024292, 74.8059387207, 15.2985439301, 7.70801305771, 3.24059200287, 0.845220208168, 0.155937105417, 0.0304189007729, 0.00302137085237, 0.000342942366842, 1.71880292328e-05, 1.594706589e-07],
        "dvar2": [2.32985591888, 124.036895752, 155.437545776, 577.266113281, 6370.91113281, 6102.38623047, 3679.32617188, 2878.140625, 862.19720459, 1715.49108887, 2309.30419922, 1157.40722656, 426.504394531, 404.934387207, 149.144470215, 1669.53186035, 1059.83337402, 213.053527832, 140.770004272, 298.054779053, 398.261077881, 334.811798096, 206.957305908, 445.741455078, 766.471740723, 370.742004395, 758.697631836, 251.54359436, 175.280136108, 144.439300537, 30.4293479919, 16.6055259705, 7.05389451981, 1.78350639343, 0.304180175066, 0.0610839501023, 0.00461247144267, 0.000698062067386, 3.3440606785e-05, 3.68838300346e-07],
        "max": [12.8611688614, 78.2585067749, 130.897613525, 199.438858032, 414.065368652, 374.3387146, 785.005187988, 645.348876953, 356.185699463, 564.135620117, 358.480377197, 304.320343018, 334.279571533, 326.922149658, 176.570800781, 702.242431641, 743.960510254, 160.819519043, 213.179794312, 291.107391357, 164.539733887, 218.266448975, 131.811325073, 146.676803589, 144.549163818, 194.414230347, 177.81098938, 129.687103271, 96.9480895996, 81.1862411499, 56.1159362793, 37.8227043152, 21.0007858276, 12.2924146652, 8.96548652649, 4.3543381691, 2.32390904427, 1.30698776245, 0.42332059145, 0.0381261184812],
        "mean": [1.00120985508, 4.90005302429, 5.23479938507, 7.49295282364, 14.7823591232, 16.4927310944, 23.9954872131, 22.7936248779, 17.1782169342, 31.5476207733, 14.590426445, 11.7976875305, 6.87091684341, 5.7574505806, 5.41818714142, 7.32957363129, 6.46987962723, 5.04851198196, 3.71084570885, 5.2316737175, 5.53046226501, 7.05556297302, 6.31513547897, 9.30959892273, 10.2296857834, 11.7060976028, 14.8272590637, 13.7538909912, 12.1991987228, 7.37309598923, 3.54607868195, 2.45144629478, 1.54892063141, 0.826904714108, 0.373096823692, 0.169206336141, 0.0539648532867, 0.011100272648, 0.000640446669422, 8.41439250507e-05],
        "median": [0.658801794052, 2.26857566833, 1.79345142841, 2.2712199688, 2.62068462372, 4.4043211937, 8.91933631897, 12.1055631638, 9.24168109894, 7.45428276062, 4.57982540131, 2.76698088646, 2.52311491966, 2.3817281723, 2.64565491676, 2.38066101074, 1.86737036705, 2.22113204002, 0.830543279648, 0.996510446072, 0.527368664742, 0.671218633652, 0.511726021767, 0.422558277845, 0.505156219006, 0.69942677021, 0.713971316814, 1.57403337955, 2.06019163132, 1.06611442566, 0.766895294189, 0.853134632111, 0.34268578887, 0.18723398447, 0.0811875388026, 0.0498611852527, 0.00795677769929, 0.000864273053594, 6.19710117462e-05, 5.12196929776e-05],
        "min": [6.54729055349e-23, 1.04990434412e-21, 2.7515730907e-21, 7.19908615699e-21, 1.11460293408e-20, 2.23523782428e-20, 5.80324714608e-20, 6.6264760325e-20, 1.29315549154e-19, 1.73454966465e-19, 2.75124019897e-19, 3.68598841236e-19, 6.29534283785e-19, 6.66215711446e-19, 9.96297792187e-19, 1.21688659563e-18, 1.0351613223e-18, 1.75509796844e-18, 2.09924956422e-18, 3.32593277004e-18, 4.96750785082e-18, 3.00542220296e-18, 4.5995849454e-18, 7.40779281466e-18, 5.2215197141e-18, 7.65721423913e-18, 8.98151551057e-18, 1.00797797535e-17, 1.16119664021e-17, 1.13834097814e-17, 1.12706278408e-17, 1.09686912008e-17, 9.18558841231e-18, 7.70278361907e-18, 6.59338842026e-18, 4.03509125279e-18, 2.09126044707e-18, 8.96545703975e-19, 2.21198952542e-19, 2.87591796615e-20],
        "var": [1.36702561378, 67.9214553833, 86.1749267578, 179.380218506, 1385.42907715, 1457.75244141, 1849.4050293, 1521.85473633, 643.229736328, 6299.96630859, 724.823120117, 591.9921875, 378.917785645, 144.354492188, 91.2301177979, 629.120727539, 280.236114502, 86.9277648926, 68.1324539185, 153.398361206, 171.185333252, 209.727264404, 161.601394653, 424.268737793, 520.905761719, 515.323974609, 938.20703125, 631.419433594, 450.840179443, 174.104003906, 30.7877025604, 12.7889118195, 5.58796739578, 1.73328340054, 0.34369289875, 0.0700953751802, 0.00989246834069, 0.00100644456688, 6.18978883722e-05, 4.33285094914e-07]
    },
    "gfcc": {
        "mean": [-60.8889770508, 99.5616836548, -60.0926589966, 51.0837097168, -59.6070709229, 22.1188697815, -25.5434131622, 5.3259472847, -11.301651001, 13.2129583359, -5.21809911728, 5.18961668015, -4.4048500061],
        "cov": [[23555.2695312, -1078.06091309, -2443.75732422, 491.532867432, -1722.57922363, -44.1892051697, -944.04473877, 365.889038086, -645.750915527, 476.735168457, -604.971618652, 357.43572998, -485.25213623], [-1078.06091309, 3919.48803711, 487.852172852, -1164.55493164, -51.8415412903, -87.4323272705, 162.920913696, -605.012390137, 218.936569214, -367.594970703, 382.682006836, -385.491638184, 334.951080322], [-2443.75732422, 487.852172852, 1359.52124023, 206.094284058, 24.120010376, -48.8272323608, 11.5426101685, -68.9221191406, 87.4446716309, -15.2011070251, 108.631530762, -95.3775939941, 41.9969902039], [491.532867432, -1164.55493164, 206.094284058, 1068.45227051, 220.861846924, -98.6712188721, -110.995918274, 126.781578064, -93.5118484497, 43.0567474365, -112.587600708, 59.9989814758, -126.294273376], [-1722.57922363, -51.8415412903, 24.120010376, 220.861846924, 628.495483398, 55.6054420471, 139.652832031, -60.442035675, -45.0283584595, -154.528488159, -10.449098587, -53.7080078125, 21.6387882233], [-44.1892051697, -87.4323272705, -48.8272323608, -98.6712188721, 55.6054420471, 458.405273438, 172.22328186, 20.4453544617, -51.121963501, -58.7235527039, -28.0684547424, -28.0404090881, 19.4129867554], [-944.04473877, 162.920913696, 11.5426101685, -110.995918274, 139.652832031, 172.22328186, 297.372039795, 34.3983268738, 40.8215179443, -92.8722991943, -3.25858139992, -56.8061561584, 58.8414649963], [365.889038086, -605.012390137, -68.9221191406, 126.781578064, -60.442035675, 20.4453544617, 34.3983268738, 286.785339355, 69.8132095337, 65.2606048584, -92.0395507812, 46.6730079651, -58.3341217041], [-645.750915527, 218.936569214, 87.4446716309, -93.5118484497, -45.0283584595, -51.121963501, 40.8215179443, 69.8132095337, 245.571640015, 77.7566375732, 100.423980713, -18.9431037903, 35.5418663025], [476.735168457, -367.594970703, -15.2011070251, 43.0567474365, -154.528488159, -58.7235527039, -92.8722991943, 65.2606048584, 77.7566375732, 225.018127441, 62.6212539673, 91.6671829224, -38.2395477295], [-604.971618652, 382.682006836, 108.631530762, -112.587600708, -10.449098587, -28.0684547424, -3.25858139992, -92.0395507812, 100.423980713, 62.6212539673, 202.786239624, 15.435503006, 59.8781929016], [357.43572998, -385.491638184, -95.3775939941, 59.9989814758, -53.7080078125, -28.0404090881, -56.8061561584, 46.6730079651, -18.9431037903, 91.6671829224, 15.435503006, 148.57043457, 1.2366746664], [-485.25213623, 334.951080322, 41.9969902039, -126.294273376, 21.6387882233, 19.4129867554, 58.8414649963, -58.3341217041, 35.5418663025, -38.2395477295, 59.8781929016, 1.2366746664, 120.920791626]],
        "icov": [[0.000144502395415, -0.000333969539497, 0.000306812900817, -0.000357924815034, 0.000294382072752, -0.000202464638278, 0.000191273255041, -0.000377639895305, 0.000484594027512, -0.000574281089939, 0.000412796303863, -0.000241168731009, 0.000203173403861], [-0.000333969539497, 0.00212623039261, -0.000906046712771, 0.00164086057339, -0.000214545681956, 0.000920968188439, -0.000282887369394, 0.00223887432367, -0.00198593968526, 0.00326937250793, -0.00228453218006, 0.00233914516866, -0.00136819994077], [0.000306812900817, -0.000906046712771, 0.00159724638797, -0.00126454583369, 0.0007437315071, -0.000466470548417, 0.00034692636109, -0.000954910065047, 0.00106278050225, -0.00146807322744, 0.00048992712982, 4.95575368404e-05, 0.000158072492923], [-0.000357924815034, 0.00164086057339, -0.00126454583369, 0.00295465462841, -0.00131912366487, 0.000985849299468, 0.000144573525176, 0.00102252233773, -0.00114688801114, 0.00215436448343, -0.00143147294875, 0.00123211310711, -0.000241041998379], [0.000294382072752, -0.000214545681956, 0.0007437315071, -0.00131912366487, 0.00334283779375, -0.0001921448129, -0.000809193006717, 0.000460115261376, 0.00037527733366, 0.00123312277719, -0.000227292941418, -0.000230729638133, 0.000582534063142], [-0.000202464638278, 0.000920968188439, -0.000466470548417, 0.000985849299468, -0.0001921448129, 0.00353587046266, -0.00216164952144, 0.000430047744885, 0.000598127488047, 0.000992143177427, -0.00143595237751, 0.00143378495704, -0.00061148731038], [0.000191273255041, -0.000282887369394, 0.00034692636109, 0.000144573525176, -0.000809193006717, -0.00216164952144, 0.00703904731199, -0.00238339812495, -0.000312158837914, 0.000803754141089, 0.000171398030943, 0.00117501779459, -0.00225251051597], [-0.000377639895305, 0.00223887432367, -0.000954910065047, 0.00102252233773, 0.000460115261376, 0.000430047744885, -0.00238339812495, 0.011155824177, -0.00753745203838, 0.00307567045093, 0.00325533188879, -0.00168744008988, 0.00166598218493], [0.000484594027512, -0.00198593968526, 0.00106278050225, -0.00114688801114, 0.00037527733366, 0.000598127488047, -0.000312158837914, -0.00753745203838, 0.0127177955583, -0.00680291466415, -0.0031728532631, 0.00349000492133, -0.00212268391624], [-0.000574281089939, 0.00326937250793, -0.00146807322744, 0.00215436448343, 0.00123312277719, 0.000992143177427, 0.000803754141089, 0.00307567045093, -0.00680291466415, 0.0167400576174, -0.00671496475115, -0.00249499315396, 0.00275595509447], [0.000412796303863, -0.00228453218006, 0.00048992712982, -0.00143147294875, -0.000227292941418, -0.00143595237751, 0.000171398030943, 0.00325533188879, -0.0031728532631, -0.00671496475115, 0.0148440068588, -0.00513864634559, -0.000411219574744], [-0.000241168731009, 0.00233914516866, 4.95575368404e-05, 0.00123211310711, -0.000230729638133, 0.00143378495704, 0.00117501779459, -0.00168744008988, 0.00349000492133, -0.00249499315396, -0.00513864634559, 0.0166592765599, -0.00719292089343], [0.000203173403861, -0.00136819994077, 0.000158072492923, -0.000241041998379, 0.000582534063142, -0.00061148731038, -0.00225251051597, 0.00166598218493, -0.00212268391624, 0.00275595509447, -0.000411219574744, -0.00719292089343, 0.0162348318845]]
    },
    "melbands": {
        "dmean": [0.00469760177657, 0.00300448038615, 0.00135003065225, 0.00148758513387, 0.00056344748009, 0.00033538529533, 0.000153698667418, 0.000129417341668, 0.000105006380181, 5.42922134628e-05, 2.29458364629e-05, 1.7524442228e-05, 1.34108486236e-05, 1.2601668459e-05, 2.01711736736e-05, 1.0572129213e-05, 7.72094244894e-06, 5.74345222049e-06, 6.31055127087e-06, 5.6941494222e-06, 7.46743262425e-06, 7.22434879208e-06, 5.63832327316e-06, 5.1333358897e-06, 6.17336263531e-06, 8.4756875367e-06, 5.1810916375e-06, 5.72474618821e-06, 5.88843522564e-06, 8.57486247696e-06, 4.62050275019e-06, 4.45618934464e-06, 4.20038531956e-06, 2.45914952757e-06, 1.53703149408e-06, 1.3665711549e-06, 1.17526178656e-06, 9.79579567684e-07, 6.90232752731e-07, 4.9279731229e-07],
        "dmean2": [0.0072299069725, 0.00471873488277, 0.00239639426582, 0.00267146620899, 0.000939187128097, 0.000562875298783, 0.00025572112645, 0.000197005923837, 0.000184220276424, 9.47778171394e-05, 3.71882015315e-05, 3.05580724671e-05, 2.21963091462e-05, 2.15107102122e-05, 3.63428953278e-05, 1.85256012628e-05, 1.33173480208e-05, 1.00434181149e-05, 1.05950930447e-05, 9.06870900508e-06, 1.20788399727e-05, 1.0874075997e-05, 8.67064682097e-06, 7.40512177799e-06, 9.07357934921e-06, 1.25410961118e-05, 7.94260449766e-06, 8.10786968941e-06, 7.68651079852e-06, 1.23283407447e-05, 5.77311357119e-06, 6.05116292718e-06, 5.55401265956e-06, 3.66052290701e-06, 2.40676399699e-06, 2.08180176742e-06, 1.80203824129e-06, 1.60993010923e-06, 1.0801783219e-06, 7.43132375192e-07],
        "dvar": [6.53470706311e-05, 3.54871044692e-05, 1.02615695141e-05, 1.43244778883e-05, 1.59588898896e-06, 5.21159961409e-07, 7.82695650514e-08, 8.35244904351e-08, 5.76508796257e-08, 1.43406788666e-08, 4.84485074281e-09, 2.64108401815e-09, 1.1146722434e-09, 1.98533789408e-09, 6.78208600391e-09, 6.75349443036e-10, 2.84011175689e-10, 1.70184630277e-10, 2.01133429356e-10, 1.76529110774e-10, 2.92660062851e-10, 2.23314255976e-10, 1.08971776047e-10, 9.00763838518e-11, 1.79184056481e-10, 3.86167431365e-10, 8.50576831191e-11, 1.12784316608e-10, 1.34860608791e-10, 2.70580891026e-10, 4.81287336374e-11, 4.4697048146e-11, 4.55589906079e-11, 1.50189860548e-11, 5.29583581849e-12, 3.88045108199e-12, 2.95199823787e-12, 2.18497485729e-12, 1.06253807836e-12, 5.48928090482e-13],
        "dvar2": [0.000166020661709, 8.48931013024e-05, 2.91083451884e-05, 4.05459031754e-05, 4.10757320424e-06, 1.31077854348e-06, 1.99873625206e-07, 1.59254753385e-07, 1.58642805559e-07, 3.7431426847e-08, 1.0419308083e-08, 7.64790097918e-09, 2.76827982759e-09, 4.82344431063e-09, 1.85804793773e-08, 1.85054793711e-09, 7.54991569263e-10, 4.27384266866e-10, 4.85079754142e-10, 4.21343487877e-10, 6.62058463607e-10, 4.73543926294e-10, 2.50704679239e-10, 1.5692783184e-10, 3.19061943532e-10, 8.30040425281e-10, 1.69230282565e-10, 1.78714418264e-10, 2.49909010153e-10, 4.93403318202e-10, 7.69419805646e-11, 6.35805366689e-11, 7.29560231671e-11, 3.04834872622e-11, 1.08229493076e-11, 8.74592238909e-12, 6.41302679363e-12, 5.20923191735e-12, 2.52494184415e-12, 1.12490637465e-12],
        "max": [0.111004173756, 0.0705029889941, 0.0341557711363, 0.0280438959599, 0.025771304965, 0.0127058327198, 0.00549714360386, 0.00514209829271, 0.00280886143446, 0.00170504418202, 0.0016374681145, 0.00150552904233, 0.00076199346222, 0.0010742462473, 0.00315748201683, 0.000907747948077, 0.000283048604615, 0.000321883300785, 0.000286580034299, 0.00027959869476, 0.000270171061857, 0.000238495151279, 0.000221046750084, 9.1251982667e-05, 0.000122329773149, 0.000152759166667, 0.000109754015284, 0.000120324184536, 0.000101678131614, 0.000157695365488, 7.55448199925e-05, 5.61932247365e-05, 6.87197825755e-05, 3.42765306414e-05, 3.08102935378e-05, 2.85594378511e-05, 2.15636755456e-05, 1.8977212676e-05, 1.3744489479e-05, 1.05608432932e-05],
        "mean": [0.00813201162964, 0.00408429652452, 0.00146591616794, 0.00122923206072, 0.000769666745327, 0.000537125684787, 0.000286341790343, 0.000295667734463, 0.000110299733933, 6.61589729134e-05, 3.23352760461e-05, 2.26908014156e-05, 2.05276646739e-05, 1.63277381944e-05, 1.81467512448e-05, 1.18554844448e-05, 9.0977337095e-06, 5.55741598873e-06, 7.06654236637e-06, 6.02832551522e-06, 6.89638682161e-06, 7.91146067058e-06, 5.81027279623e-06, 5.68357609154e-06, 7.63612843002e-06, 8.62638535182e-06, 6.02249747317e-06, 8.15192834125e-06, 7.53616450311e-06, 1.19481464935e-05, 6.54333098282e-06, 6.70073450237e-06, 6.08829213888e-06, 3.29439853886e-06, 2.05854325941e-06, 1.64401899383e-06, 1.43296335864e-06, 1.16915441595e-06, 8.18083151444e-07, 6.58053636471e-07],
        "median": [0.00498267775401, 0.00184630136937, 0.000610945979133, 0.000289914256427, 0.000295619654935, 0.000290375086479, 0.000146674545249, 7.27120423107e-05, 3.23505155393e-05, 1.55575235112e-05, 1.1480467947e-05, 8.74849320098e-06, 8.58479234012e-06, 6.23908181296e-06, 4.7255643949e-06, 4.63948072138e-06, 3.90323884858e-06, 1.04461219053e-06, 1.36082201152e-06, 1.05748642909e-06, 4.93046911743e-07, 6.73647889471e-07, 5.29779583758e-07, 3.53339572712e-07, 3.15227424608e-07, 3.03594532625e-07, 4.52152391972e-07, 4.452269593e-07, 3.87997118878e-07, 5.67909580695e-07, 9.34428896926e-07, 1.16303817776e-06, 9.03649947759e-07, 4.09795518408e-07, 3.40016612199e-07, 5.55351448384e-07, 4.61137517505e-07, 2.2886284512e-07, 1.80731404953e-07, 1.43359926597e-07],
        "min": [1.25784127717e-24, 1.74790711226e-24, 1.6273892819e-24, 1.10743518344e-24, 2.0037084742e-24, 1.55728360768e-24, 1.97471823036e-24, 2.09509682678e-24, 2.0377470334e-24, 1.6265073354e-24, 2.84232756988e-24, 2.63836344131e-24, 2.10476569768e-24, 3.07062924066e-24, 3.07608993306e-24, 1.82890873052e-24, 2.87890803613e-24, 2.51536227682e-24, 3.53948911411e-24, 3.2642792101e-24, 5.1374870164e-24, 2.39685584455e-24, 3.36439157543e-24, 3.80450338534e-24, 5.00073285088e-24, 2.59150825899e-24, 5.10133194339e-24, 4.11165781727e-24, 4.47092755605e-24, 5.11070873854e-24, 4.92436125449e-24, 6.10150975246e-24, 4.52825881119e-24, 5.88007531307e-24, 6.41604240043e-24, 5.67316419738e-24, 5.22960112101e-24, 4.97686113103e-24, 5.36258650355e-24, 5.64845904598e-24],
        "var": [0.000103724676592, 4.57451569673e-05, 7.62985291658e-06, 9.21766149986e-06, 1.81369034635e-06, 7.20900970919e-07, 2.09157278164e-07, 5.17044156823e-07, 4.74672354756e-08, 1.91180937748e-08, 8.82398154545e-09, 2.60449861678e-09, 1.78114156757e-09, 2.36041719504e-09, 4.69818495219e-09, 6.18453011025e-10, 2.93867874479e-10, 1.69200334299e-10, 2.41363928843e-10, 1.98860386491e-10, 2.94195362516e-10, 2.89548218735e-10, 1.36222755298e-10, 1.42776693246e-10, 2.9020350012e-10, 4.61069599167e-10, 1.32525893037e-10, 2.56474591565e-10, 2.53392001826e-10, 5.94159166312e-10, 1.37699018854e-10, 1.33601282815e-10, 1.25043794763e-10, 3.25291668601e-11, 1.04562070807e-11, 6.0418475778e-12, 4.76888233764e-12, 3.36696968049e-12, 1.73459890115e-12, 1.12721290635e-12]
    },
    "mfcc": {
        "mean": [-709.320617676, 121.867454529, 54.7534141541, 37.1170730591, 5.25202989578, 21.3734512329, 2.25358867645, 2.88399124146, 1.94577074051, 4.9156165123, 5.73790550232, 8.62063121796, 4.69688892365],
        "cov": [[13938.3242188, -1458.21142578, -1506.30004883, 79.836151123, -682.84564209, -549.737609863, -443.165008545, -284.491943359, -106.959640503, -214.639541626, -63.2489624023, -135.431991577, -112.360603333], [-1458.21142578, 3834.68505859, 554.502502441, -970.216674805, -276.953674316, 92.9117660522, -16.4034500122, -159.879959106, -198.966964722, -11.8449983597, -117.193191528, -57.4252319336, -27.60679245], [-1506.30004883, 554.502502441, 1262.81298828, 197.767364502, 74.6799926758, 66.2882156372, -44.415309906, -96.3750457764, -80.7705993652, 13.6619024277, 36.2361755371, 74.7232055664, 34.4301490784], [79.836151123, -970.216674805, 197.767364502, 941.198425293, 339.873016357, -39.0959892273, -69.3719863892, -28.9638690948, -18.6101512909, -41.9800338745, 21.8774547577, 50.4135398865, 36.6965293884], [-682.84564209, -276.953674316, 74.6799926758, 339.873016357, 358.300201416, 95.3818893433, 48.3748779297, 33.1951904297, -7.70332384109, -16.1151351929, 2.15960526466, 16.1819992065, -2.95346617699], [-549.737609863, 92.9117660522, 66.2882156372, -39.0959892273, 95.3818893433, 284.551940918, 189.58821106, 69.9885864258, 9.98660469055, 2.05818843842, -24.6263217926, -24.3801136017, -42.0121498108], [-443.165008545, -16.4034500122, -44.415309906, -69.3719863892, 48.3748779297, 189.58821106, 272.911834717, 159.706115723, 77.3709335327, 19.0477104187, -44.4138526917, -74.3933563232, -73.3171310425], [-284.491943359, -159.879959106, -96.3750457764, -28.9638690948, 33.1951904297, 69.9885864258, 159.706115723, 257.764251709, 156.59022522, 63.8110275269, -18.4379844666, -50.9330291748, -74.775177002], [-106.959640503, -198.966964722, -80.7705993652, -18.6101512909, -7.70332384109, 9.98660469055, 77.3709335327, 156.59022522, 195.703155518, 91.2586898804, 10.0524454117, -42.7633628845, -31.4805717468], [-214.639541626, -11.8449983597, 13.6619024277, -41.9800338745, -16.1151351929, 2.05818843842, 19.0477104187, 63.8110275269, 91.2586898804, 111.744354248, 51.1949501038, 17.1541614532, 10.5567007065], [-63.2489624023, -117.193191528, 36.2361755371, 21.8774547577, 2.15960526466, -24.6263217926, -44.4138526917, -18.4379844666, 10.0524454117, 51.1949501038, 105.382476807, 92.4449310303, 56.5190200806], [-135.431991577, -57.4252319336, 74.7232055664, 50.4135398865, 16.1819992065, -24.3801136017, -74.3933563232, -50.9330291748, -42.7633628845, 17.1541614532, 92.4449310303, 151.299682617, 93.5368347168], [-112.360603333, -27.60679245, 34.4301490784, 36.6965293884, -2.95346617699, -42.0121498108, -73.3171310425, -74.775177002, -31.4805717468, 10.5567007065, 56.5190200806, 93.5368347168, 127.00843811]],
