{
"lowlevel": {
    "average_loudness": 0.899246752262,
    "barkbands_crest": {
        "dmean": 2.77297329903,
        "dmean2": 4.50233507156,
        "dvar": 7.54111051559,
        "dvar2": 17.1227092743,
        "max": 25.6044006348,
        "mean": 10.1640491486,
        "median": 9.46751499176,
        "min": 2.14691996574,
        "var": 17.1588230133
    },
    "barkbands_flatness_db": {
        "dmean": 0.0524138323963,
        "dmean2": 0.0730478391051,
        "dvar": 0.00318590248935,
        "dvar2": 0.00585538521409,
        "max": 0.607061386108,
        "mean": 0.224408999085,
        "median": 0.214202687144,
        "min": 0.00793119613081,
        "var": 0.0140063809231
    },
    "barkbands_kurtosis": {
        "dmean": 8.37109088898,
        "dmean2": 13.5510196686,
        "dvar": 416.797546387,
        "dvar2": 1026.51574707,
        "max": 673.476135254,
        "mean": 10.4846477509,
        "median": 3.98691987991,
        "min": -1.85846078396,
        "var": 447.070678711
    },
    "barkbands_skewness": {
        "dmean": 1.02361321449,
        "dmean2": 1.58110749722,
        "dvar": 1.45186531544,
        "dvar2": 3.29666161537,
        "max": 21.0999755859,
        "mean": 1.72892987728,
        "median": 1.4512232542,
        "min": -5.48601579666,
        "var": 3.57458019257
    },
    "barkbands_spread": {
        "dmean": 9.45163249969,
        "dmean2": 14.7273349762,
        "dvar": 217.063949585,
        "dvar2": 469.526947021,
        "max": 134.045333862,
        "mean": 16.1882591248,
        "median": 7.19419813156,
        "min": 0.16072639823,
        "var": 375.289733887
    },
    "dissonance": {
        "dmean": 0.0392260216177,
        "dmean2": 0.0632941275835,
        "dvar": 0.00184807134792,
        "dvar2": 0.00459085544571,
        "max": 0.500000238419,
        "mean": 0.419372618198,
        "median": 0.440814822912,
        "min": 0.0366148352623,
        "var": 0.00561631750315
    },
    "dynamic_complexity": 3.87191605568,
    "erbbands_crest": {
        "dmean": 3.11501979828,
        "dmean2": 4.83452606201,
        "dvar": 9.13515090942,
        "dvar2": 20.0225906372,
        "max": 30.8646888733,
        "mean": 10.7694549561,
        "median": 9.81892681122,
        "min": 1.95425319672,
        "var": 31.0152301788
    },
    "erbbands_flatness_db": {
        "dmean": 0.0436892732978,
        "dmean2": 0.061062194407,
        "dvar": 0.00230918009765,
        "dvar2": 0.00435290392488,
        "max": 0.603393614292,
        "mean": 0.205230176449,
        "median": 0.186425849795,
        "min": 0.0401575192809,
        "var": 0.0108326319605
    },
    "erbbands_kurtosis": {
        "dmean": 3.37290811539,
        "dmean2": 5.46155071259,
        "dvar": 46.0049934387,
        "dvar2": 107.186912537,
        "max": 150.140808105,
        "mean": 3.48450255394,
        "median": 1.24720811844,
        "min": -1.85236477852,
        "var": 60.3660392761
    },
    "erbbands_skewness": {
        "dmean": 0.722248673439,
        "dmean2": 1.11301863194,
        "dvar": 0.636363983154,
        "dvar2": 1.48342859745,
        "max": 9.2503862381,
        "mean": 0.760853290558,
        "median": 0.668484389782,
        "min": -3.12870621681,
        "var": 1.61610925198
    },
    "erbbands_spread": {
        "dmean": 15.6748991013,
        "dmean2": 24.475315094,
        "dvar": 468.74029541,
        "dvar2": 1035.28149414,
        "max": 168.050170898,
        "mean": 32.6998596191,
        "median": 22.1530761719,
        "min": 0.414047032595,
        "var": 854.24432373
    },
    "hfc": {
        "dmean": 16.6612701416,
        "dmean2": 27.464553833,
        "dvar": 1513.01416016,
        "dvar2": 3765.9128418,
        "max": 370.899871826,
        "mean": 19.6585063934,
        "median": 9.32578754425,
        "min": 1.03990936384e-16,
        "var": 1324.21533203
    },
    "melbands_crest": {
        "dmean": 3.43089485168,
        "dmean2": 5.54887342453,
        "dvar": 10.8421401978,
        "dvar2": 25.3924102783,
        "max": 35.1215133667,
        "mean": 14.2371740341,
        "median": 13.3042478561,
        "min": 1.51298630238,
        "var": 30.2016353607
    },
    "melbands_flatness_db": {
        "dmean": 0.0635042339563,
        "dmean2": 0.0869505703449,
        "dvar": 0.00493599148467,
        "dvar2": 0.00877773016691,
        "max": 0.768442511559,
        "mean": 0.317686289549,
        "median": 0.314709812403,
        "min": 0.00257039652206,
        "var": 0.0245191194117
    },
    "melbands_kurtosis": {
        "dmean": 16.1102600098,
        "dmean2": 26.2690029144,
        "dvar": 988.92175293,
        "dvar2": 2513.13867188,
        "max": 799.086425781,
        "mean": 21.8856563568,
        "median": 7.98246002197,
        "min": -1.84025156498,
        "var": 1369.11083984
    },
    "melbands_skewness": {
        "dmean": 1.24219346046,
        "dmean2": 1.91669392586,
        "dvar": 2.14579606056,
        "dvar2": 4.92007160187,
        "max": 22.2505607605,
        "mean": 2.66567969322,
        "median": 2.05082535744,
        "min": -3.41240549088,
        "var": 5.53254747391
    },
    "melbands_spread": {
        "dmean": 9.67821025848,
        "dmean2": 14.8122224808,
        "dvar": 412.472564697,
        "dvar2": 845.302062988,
        "max": 272.30947876,
        "mean": 18.7567882538,
        "median": 7.20966005325,
        "min": 0.26729786396,
        "var": 900.887207031
    },
    "pitch_salience": {
        "dmean": 0.0820459872484,
        "dmean2": 0.13340164721,
        "dvar": 0.00663221767172,
        "dvar2": 0.0153299374506,
        "max": 0.892355144024,
        "mean": 0.588542222977,
        "median": 0.607274234295,
        "min": 0.0754281431437,
        "var": 0.0159531012177
    },
    "silence_rate_20dB": {
        "dmean": 0,
        "dmean2": 0,
        "dvar": 0,
        "dvar2": 0,
        "max": 1,
        "mean": 1,
        "median": 1,
        "min": 1,
        "var": 0
    },
    "silence_rate_30dB": {
        "dmean": 0.0143239414319,
        "dmean2": 0.0286501385272,
        "dvar": 0.0141169363633,
        "dvar2": 0.0350727811456,
        "max": 1,
        "mean": 0.988195478916,
        "median": 1,
        "min": 0,
        "var": 0.0116642387584
    },
    "silence_rate_60dB": {
        "dmean": 0.0487958453596,
        "dmean2": 0.0975206643343,
        "dvar": 0.0464140661061,
        "dvar2": 0.093211889267,
        "max": 1,
        "mean": 0.125914856791,
        "median": 0,
        "min": 0,
        "var": 0.110070712864
    },
    "spectral_centroid": {
        "dmean": 321.102386475,
        "dmean2": 474.103942871,
        "dvar": 285862.6875,
        "dvar2": 548515,
        "max": 11634.5410156,
        "mean": 1007.21002197,
        "median": 514.217773438,
        "min": 118.766082764,
        "var": 1522515.75
    },
    "spectral_complexity": {
        "dmean": 4.02219438553,
        "dmean2": 5.84541511536,
        "dvar": 41.0115242004,
        "dvar2": 76.2874145508,
        "max": 63,
        "mean": 10.4784765244,
        "median": 9,
        "min": 0,
        "var": 79.7054443359
    },
    "spectral_decrease": {
        "dmean": 3.11521453078e-09,
        "dmean2": 4.76289807594e-09,
        "dvar": 1.45381674498e-17,
        "dvar2": 3.16205902627e-17,
        "max": 3.20854856193e-17,
        "mean": -8.27015078642e-09,
        "median": -7.32463467656e-09,
        "min": -5.80897925317e-08,
        "var": 4.53452338519e-17
    },
    "spectral_energy": {
        "dmean": 0.0128752449527,
        "dmean2": 0.0198272801936,
        "dvar": 0.000252720026765,
        "dvar2": 0.000567673589103,
        "max": 0.222855880857,
        "mean": 0.0329965092242,
        "median": 0.0288195759058,
        "min": 9.99953197018e-21,
        "var": 0.000714157300536
    },
    "spectral_energyband_high": {
        "dmean": 0.0013932249276,
        "dmean2": 0.00231523416005,
        "dvar": 1.27200009956e-05,
        "dvar2": 3.06999463646e-05,
        "max": 0.0338850542903,
        "mean": 0.00108323933091,
        "median": 3.93266454921e-05,
        "min": 7.09296470051e-21,
        "var": 1.10559085442e-05
    },
    "spectral_energyband_low": {
        "dmean": 0.00733661744744,
        "dmean2": 0.01095790416,
        "dvar": 0.000110942331958,
        "dvar2": 0.000243225716986,
        "max": 0.171179130673,
        "mean": 0.0148918693885,
        "median": 0.00983235612512,
        "min": 9.77494508169e-24,
        "var": 0.000279933505226
    },
    "spectral_energyband_middle_high": {
        "dmean": 0.00222276058048,
        "dmean2": 0.00362639408559,
        "dvar": 3.28072819684e-05,
        "dvar2": 8.73811004567e-05,
        "max": 0.0541518740356,
        "mean": 0.00307814311236,
        "median": 0.00054490583716,
        "min": 1.14161516725e-21,
        "var": 3.8184429286e-05
    },
    "spectral_energyband_middle_low": {
        "dmean": 0.00615533441305,
        "dmean2": 0.00983809027821,
        "dvar": 6.98660078342e-05,
        "dvar2": 0.000157766146003,
        "max": 0.132464438677,
        "mean": 0.016227889806,
        "median": 0.0124681917951,
        "min": 1.4756033245e-22,
        "var": 0.000241127156187
    },
    "spectral_entropy": {
        "dmean": 0.484037399292,
        "dmean2": 0.687969267368,
        "dvar": 0.308057308197,
        "dvar2": 0.575527131557,
        "max": 9.82587337494,
        "mean": 6.88941526413,
        "median": 6.92079305649,
        "min": 3.95129179955,
        "var": 1.26296186447
    },
    "spectral_flux": {
        "dmean": 0.0332926400006,
        "dmean2": 0.052354786545,
        "dvar": 0.0013877771562,
        "dvar2": 0.0030983730685,
        "max": 0.332185566425,
        "mean": 0.0862311348319,
        "median": 0.0798650234938,
        "min": 6.40361652593e-11,
        "var": 0.00274846004322
    },
    "spectral_kurtosis": {
        "dmean": 20.0810928345,
        "dmean2": 31.7664051056,
        "dvar": 1993.09997559,
        "dvar2": 4635.02636719,
        "max": 814.26348877,
        "mean": 38.7307281494,
        "median": 7.27480697632,
        "min": -1.24911510944,
        "var": 6694.09375
    },
    "spectral_rms": {
        "dmean": 0.00110573670827,
        "dmean2": 0.00164617865812,
        "dvar": 1.4175909655e-06,
        "dvar2": 2.91274886877e-06,
        "max": 0.0147451814264,
        "mean": 0.00507641723379,
        "median": 0.00530251441523,
        "min": 3.12340214456e-12,
        "var": 6.42158966002e-06
    },
    "spectral_rolloff": {
        "dmean": 852.072937012,
        "dmean2": 1432.79223633,
        "dvar": 3828152.75,
        "dvar2": 8107013.5,
        "max": 19853.6132812,
        "mean": 1573.49560547,
        "median": 452.197265625,
        "min": 21.533203125,
        "var": 8421421
    },
    "spectral_skewness": {
        "dmean": 1.14777576923,
        "dmean2": 1.72658991814,
        "dvar": 2.99145746231,
        "dvar2": 6.05840444565,
        "max": 23.0241355896,
        "mean": 3.60562682152,
        "median": 2.14487099648,
        "min": -0.0763496905565,
        "var": 13.3467855453
    },
    "spectral_spread": {
        "dmean": 1557478.5,
        "dmean2": 2242334.75,
        "dvar": 4.01871496806e+12,
        "dvar2": 7.1870489559e+12,
        "max": 42578372,
        "mean": 4771797.5,
        "median": 3906054.25,
        "min": 182762.421875,
        "var": 1.79812601692e+13
    },
    "spectral_strongpeak": {
        "dmean": 0.421482801437,
        "dmean2": 0.693445563316,
        "dvar": 0.41950789094,
        "dvar2": 0.953059434891,
        "max": 6.9954123497,
        "mean": 0.785549342632,
        "median": 0.374221354723,
        "min": 0,
        "var": 1.08294558525
    },
    "zerocrossingrate": {
        "dmean": 0.0215522795916,
        "dmean2": 0.024196844548,
        "dvar": 0.000895000528544,
        "dvar2": 0.00104685686529,
        "max": 0.59716796875,
        "mean": 0.0576036609709,
        "median": 0.02978515625,
        "min": 0.00146484375,
        "var": 0.00530100194737
    },
    "barkbands": {
        "dmean": [0.000441138952738, 0.00442759832367, 0.00297315395437, 0.00247827614658, 0.00258109997958, 0.00131097342819, 0.00164046080317, 0.000603880791459, 0.000559971900657, 0.000844186695758, 0.000411125656683, 0.00026070830063, 0.000182247837074, 0.00010305786418, 0.000112719091703, 0.000100144134194, 0.000207071308978, 0.000146644611959, 0.00010216935334, 0.00014547338651, 0.000173217442352, 0.000139842697536, 0.000176407338586, 0.000279608153505, 0.000389204942621, 0.000161781528732, 2.34120980167e-05],
        "dmean2": [0.00069764041109, 0.00658297119662, 0.00482778344303, 0.00412245420739, 0.00443732831627, 0.00195310823619, 0.00238640187308, 0.000914087868296, 0.000924030668102, 0.00131218729075, 0.000728913582861, 0.00040089385584, 0.000321474799421, 0.000183566502528, 0.000188926322153, 0.000169525897945, 0.000353308714693, 0.000249123258982, 0.000162185024237, 0.000233944287174, 0.00028176032356, 0.000223040828132, 0.000295469217235, 0.000473220890854, 0.000668172317091, 0.000274287129287, 4.05977589253e-05],
        "dvar": [8.571272474e-07, 5.73755787627e-05, 2.05699379876e-05, 1.40555148391e-05, 1.55731977429e-05, 1.13647010949e-05, 8.13326823845e-06, 3.47503214471e-06, 3.15931583827e-06, 5.29734097654e-06, 2.07228822546e-06, 5.70795407384e-07, 3.21313478935e-07, 1.0400590611e-07, 9.10925308517e-08, 8.28087394211e-08, 4.33354074403e-07, 2.3135781646e-07, 9.50052836401e-08, 2.20715094201e-07, 2.79269357861e-07, 1.34730669288e-07, 2.10368639841e-07, 4.38813430037e-07, 1.14002000373e-06, 1.55641529886e-07, 6.34102903518e-09],
        "dvar2": [2.19177763938e-06, 0.000120208271255, 5.40775763511e-05, 3.59498408216e-05, 4.43077879027e-05, 2.28606058954e-05, 1.688964403e-05, 7.18764113117e-06, 8.54202062328e-06, 1.18871485029e-05, 5.79297102377e-06, 1.11715348794e-06, 9.07803098471e-07, 2.91834680866e-07, 2.36871329662e-07, 2.16804437514e-07, 1.1581016679e-06, 6.17892965238e-07, 2.36141275423e-07, 5.49992876131e-07, 6.90824890626e-07, 2.91113593676e-07, 5.15076465035e-07, 1.09129314296e-06, 2.90716502604e-06, 3.73306392021e-07, 1.56615822533e-08],
        "max": [0.016210494563, 0.100341454148, 0.0919910669327, 0.0561820603907, 0.0580065883696, 0.0996640324593, 0.0474548824131, 0.0363470241427, 0.0500936955214, 0.0334253534675, 0.0132059333846, 0.0113778244704, 0.00612234417349, 0.00396657176316, 0.00517910765484, 0.00351714575663, 0.0066276891157, 0.00604396406561, 0.00383617030457, 0.00579530512914, 0.00675910478458, 0.00408392818645, 0.00483191153035, 0.0062297093682, 0.00989471189678, 0.00322531862184, 0.000953008711804],
        "mean": [0.000989878899418, 0.00745864771307, 0.00424945540726, 0.00356195797212, 0.00477607687935, 0.00252213748172, 0.0032464384567, 0.00107782857958, 0.000868555333, 0.00152047909796, 0.00033946664189, 0.000323809275869, 0.000167722057085, 9.21322061913e-05, 0.000125909820781, 9.6182229754e-05, 0.000201764763915, 0.000127732084366, 0.000102203805, 0.000129666179419, 0.000142744538607, 0.000120462980703, 0.000139307652717, 0.000205215997994, 0.000275691738352, 0.000118793090223, 1.62288342835e-05],
        "median": [7.94302832219e-05, 0.00245894119143, 0.00239372369833, 0.00181306141894, 0.00258022686467, 0.000954879564233, 0.000926193257328, 0.000220688889385, 0.000182937787031, 0.000104077851574, 3.73363072868e-05, 4.19027601311e-05, 2.79763971776e-05, 2.00889735424e-05, 2.18546392716e-05, 1.57787653734e-05, 1.4674025806e-05, 1.5277411876e-05, 1.30329062813e-05, 7.98751898401e-06, 5.25510040461e-06, 3.85436942452e-06, 6.02767477176e-06, 3.79693574359e-06, 6.12009534962e-06, 3.36644279741e-06, 1.41137419973e-07],
        "min": [7.07311866802e-25, 2.73861089907e-24, 1.06516988968e-24, 5.03610971261e-25, 7.80401476418e-24, 1.1253650649e-23, 5.45642663582e-24, 5.0978025797e-24, 9.18418371585e-24, 5.64363792256e-24, 2.3518272302e-23, 2.48474571734e-23, 2.08630217153e-23, 2.6058398106e-23, 3.95920642415e-23, 5.44922141697e-23, 7.7425770147e-23, 8.13213735563e-23, 1.12989595062e-22, 1.28916431681e-22, 2.55627713142e-22, 3.46284441408e-22, 3.72291027129e-22, 5.5776817987e-22, 9.45072832991e-22, 1.18142212352e-21, 1.93863145535e-21],
        "var": [4.14003716287e-06, 0.000132493150886, 3.07195332425e-05, 2.33313148783e-05, 3.40040787705e-05, 2.17419401451e-05, 2.93062767014e-05, 8.25740880828e-06, 3.62901187145e-06, 1.56548139785e-05, 1.371865892e-06, 1.01894681848e-06, 2.3312071562e-07, 7.09752185912e-08, 1.40614773159e-07, 7.01301914319e-08, 3.98112035782e-07, 1.80844267561e-07, 9.29262213845e-08, 2.00817325435e-07, 2.41365313514e-07, 1.43793357665e-07, 1.78279762508e-07, 3.59016866014e-07, 8.6126772203e-07, 1.30634433049e-07, 4.93672036583e-09]
    },
    "erbbands": {
        "dmean": [0.118156768382, 1.06220400333, 3.00419425964, 6.15955781937, 5.30935907364, 11.0845403671, 15.8673496246, 8.33670902252, 24.2667789459, 12.8701438904, 14.4666376114, 14.1041908264, 12.6140956879, 35.6960868835, 11.0482416153, 11.5954179764, 8.19982910156, 5.14440870285, 6.61808443069, 4.899269104, 6.49045276642, 10.509226799, 8.94152450562, 6.59268808365, 5.31004667282, 6.3096408844, 7.12128925323, 6.67422676086, 4.83926868439, 5.72383785248, 4.88432073593, 5.05941963196, 5.39941883087, 5.03968048096, 2.19657611847, 0.842257201672, 0.287419319153, 0.0510843396187, 0.00401314208284, 0.000123266494484],
        "dmean2": [0.180336564779, 1.58896017075, 4.78799295425, 9.92961215973, 9.04173755646, 19.8823757172, 23.1971912384, 13.3844623566, 35.1171913147, 20.284696579, 21.7783164978, 22.7731361389, 20.7906475067, 57.5385093689, 18.2674121857, 17.60795784, 14.2422332764, 9.02950382233, 11.3503217697, 8.01556682587, 10.9122390747, 18.0270690918, 15.21281147, 10.9112415314, 8.28473567963, 9.97644615173, 11.3885688782, 11.0439739227, 7.6377286911, 9.58442306519, 8.17094516754, 8.41200637817, 9.28715419769, 8.69948005676, 3.73801898956, 1.41563820839, 0.493251383305, 0.0874503180385, 0.00697406288236, 0.000211832564673],
        "dvar": [0.0386584475636, 3.56278181076, 24.3387317657, 81.857963562, 59.3657684326, 302.578094482, 1975.93847656, 267.985565186, 1842.59289551, 536.386413574, 2384.29858398, 1977.44689941, 939.448242188, 10437.8886719, 736.582702637, 1140.74755859, 601.597839355, 219.432052612, 408.713989258, 174.147094727, 361.852935791, 1185.58972168, 793.478027344, 440.035339355, 272.677185059, 398.027954102, 506.361297607, 420.854309082, 163.199996948, 216.105941772, 164.480606079, 133.674072266, 200.566482544, 222.916046143, 28.6356372833, 3.91552138329, 0.535095334053, 0.020596710965, 0.000215386156924, 1.66093983012e-07],
        "dvar2": [0.089658908546, 7.49518632889, 61.8004417419, 203.293960571, 161.400558472, 993.901855469, 3592.54833984, 683.801269531, 3737.96142578, 1261.98352051, 4989.22265625, 5250.66552734, 2394.27636719, 25488.1699219, 1842.50085449, 2141.15795898, 1672.27380371, 611.787841797, 1097.4354248, 423.621490479, 955.11151123, 3235.78295898, 2124.72607422, 1142.36279297, 677.998352051, 967.805908203, 1269.79431152, 1043.77978516, 347.975585938, 524.51739502, 400.95892334, 322.544464111, 515.158508301, 577.338378906, 71.0233459473, 9.30443763733, 1.31409227848, 0.0494584217668, 0.000545665039681, 4.30357090409e-07],
        "max": [2.67579317093, 23.9039859772, 107.05255127, 139.243927002, 134.182769775, 176.617767334, 1170.10314941, 287.705810547, 700.89642334, 387.902801514, 988.192260742, 1145.7532959, 728.276794434, 1323.49963379, 255.643798828, 509.270812988, 256.060577393, 170.690322876, 294.385955811, 266.63684082, 217.60899353, 368.475311279, 311.024291992, 279.496246338, 213.715667725, 247.809173584, 328.763885498, 246.265563965, 147.371261597, 158.264328003, 150.863037109, 114.383415222, 128.077575684, 142.994857788, 44.313949585, 17.6252689362, 6.98436069489, 1.22553157806, 0.19561688602, 0.00692053604871],
        "mean": [0.21282735467, 1.65846669674, 4.76066541672, 9.90962314606, 10.0023422241, 17.6783370972, 27.8442878723, 16.5814552307, 48.7971687317, 24.9964962006, 25.4621524811, 22.6991691589, 22.4078788757, 54.1535186768, 13.5370168686, 14.649023056, 8.01070308685, 5.13960361481, 6.74725198746, 5.21423101425, 6.40116405487, 10.1223201752, 7.83176279068, 6.34898519516, 5.20004844666, 5.80330038071, 6.09596633911, 5.33423185349, 4.24296760559, 4.5301990509, 3.86426258087, 3.85918807983, 3.82235980034, 3.51993465424, 1.59052479267, 0.63132661581, 0.205214232206, 0.0364163033664, 0.00276051531546, 0.000112273235573],
        "median": [0.0588488057256, 0.593648314476, 2.75546622276, 5.89430809021, 6.67364931107, 8.79318904877, 10.0440158844, 6.36892461777, 13.0351018906, 9.78304195404, 5.27421712875, 5.05077266693, 3.68247866631, 3.34227848053, 2.14918494225, 1.83980250359, 1.38003635406, 1.29571580887, 1.11206269264, 0.946703732014, 0.898822128773, 0.878352284431, 0.830358207226, 0.876604855061, 0.491637378931, 0.368006855249, 0.255999922752, 0.187382698059, 0.146761268377, 0.159005686641, 0.172103643417, 0.081254221499, 0.0749279633164, 0.0633776858449, 0.0438887104392, 0.0189749449492, 0.00515849841759, 0.000653943396173, 4.25309117418e-05, 3.86263054679e-05],
        "min": [4.8145869208e-23, 5.62229219843e-22, 1.32710183681e-21, 5.55265382964e-21, 9.93574939793e-21, 2.08189372523e-20, 4.35398503074e-20, 4.81434529207e-20, 9.93194921387e-20, 1.36395362168e-19, 3.0922622086e-19, 3.04812953798e-19, 2.6212107671e-19, 4.21195999364e-19, 9.24038085609e-19, 1.20794642757e-18, 1.26985407218e-18, 1.68519407225e-18, 1.61066292771e-18, 3.43584087841e-18, 2.54790033435e-18, 4.81673846775e-18, 5.20641498252e-18, 5.57367283474e-18, 7.69475665841e-18, 6.98548237037e-18, 9.85715567213e-18, 9.7243725043e-18, 1.06944038999e-17, 1.12425218979e-17, 1.19091781865e-17, 1.14994996173e-17, 1.01029126865e-17, 8.01633056616e-18, 5.8296649684e-18, 4.23958436228e-18, 2.07685799183e-18, 9.65467426589e-19, 2.50548768242e-19, 2.5563906971e-20],
        "var": [0.111914001405, 7.72971105576, 39.523223877, 153.445648193, 136.183181763, 519.927246094, 3545.58032227, 657.558105469, 6879.97216797, 1724.09802246, 5018.63085938, 2392.30151367, 2418.71411133, 22031.2011719, 893.955627441, 2131.19873047, 489.253234863, 164.27557373, 510.725830078, 182.185882568, 317.220336914, 1035.57104492, 633.701477051, 371.739746094, 269.189819336, 383.87802124, 444.228942871, 355.192962646, 178.719818115, 187.392623901, 141.268814087, 116.707244873, 151.700790405, 162.879821777, 23.0921096802, 3.36469769478, 0.429405152798, 0.0169597864151, 0.000160349110956, 1.21201480852e-07]
    },
    "gfcc": {
        "mean": [-81.9809417725, 120.728240967, -66.4273757935, 15.9671297073, -54.8570175171, 8.24401950836, -34.2864456177, 7.57200098038, -21.2938022614, 0.178469717503, -14.2672691345, 0.674853861332, -10.607339859],
        "cov": [[21659.7167969, -2957.53759766, -1870.03430176, 1316.78137207, -1298.76806641, 711.861328125, -670.040588379, 834.690368652, -624.930908203, 294.300933838, -340.894744873, 382.428192139, -113.562477112], [-2957.53759766, 6975.55664062, 1310.37011719, -1947.51977539, 487.289123535, -796.001708984, 710.384216309, -889.636474609, 431.186279297, -442.031860352, 331.182403564, -451.863372803, 136.916793823], [-1870.03430176, 1310.37011719, 2316.26342773, -364.291473389, -176.588378906, -17.4654312134, 21.6544075012, -133.691864014, 143.06791687, 57.8862686157, 17.942691803, -128.926849365, -151.666564941], [1316.78137207, -1947.51977539, -364.291473389, 1368.56896973, 117.866889954, 210.285415649, -237.58140564, 313.742156982, -82.5887069702, 121.919555664, -76.463470459, 116.483436584, -57.8822937012], [-1298.76806641, 487.289123535, -176.588378906, 117.866889954, 617.428833008, -33.4242172241, 157.486526489, -113.849723816, 45.6614494324, -84.3156585693, 51.2394180298, -18.1236343384, 45.8548774719], [711.861328125, -796.001708984, -17.4654312134, 210.285415649, -33.4242172241, 398.044677734, -15.3270235062, 140.501296997, -61.7667922974, 53.9721984863, -43.5479850769, 73.4192047119, -4.2891125679], [-670.040588379, 710.384216309, 21.6544075012, -237.58140564, 157.486526489, -15.3270235062, 296.252227783, -78.4771194458, 65.7281265259, -79.0714950562, 47.6120567322, -52.0174331665, 70.4563140869], [834.690368652, -889.636474609, -133.691864014, 313.742156982, -113.849723816, 140.501296997, -78.4771194458, 274.718353271, -9.16200733185, 74.3021774292, -55.8607406616, 70.4154663086, -22.8451099396], [-624.930908203, 431.186279297, 143.06791687, -82.5887069702, 45.6614494324, -61.7667922974, 65.7281265259, -9.16200733185, 153.814910889, 17.9788150787, 38.9189033508, -49.8480529785, 5.83685684204], [294.300933838, -442.031860352, 57.8862686157, 121.919555664, -84.3156585693, 53.9721984863, -79.0714950562, 74.3021774292, 17.9788150787, 129.988296509, 4.34063625336, 20.4865550995, -48.227973938], [-340.894744873, 331.182403564, 17.942691803, -76.463470459, 51.2394180298, -43.5479850769, 47.6120567322, -55.8607406616, 38.9189033508, 4.34063625336, 94.9586105347, 5.32877492905, 15.3935699463], [382.428192139, -451.863372803, -128.926849365, 116.483436584, -18.1236343384, 73.4192047119, -52.0174331665, 70.4154663086, -49.8480529785, 20.4865550995, 5.32877492905, 101.793907166, 16.1358699799], [-113.562477112, 136.916793823, -151.666564941, -57.8822937012, 45.8548774719, -4.2891125679, 70.4563140869, -22.8451099396, 5.83685684204, -48.227973938, 15.3935699463, 16.1358699799, 98.039932251]],
        "icov": [[9.27561777644e-05, -0.00014628849749, 0.000119471726066, -0.000141558062751, 0.000229126191698, -0.000127408027765, -1.02943095044e-05, -0.000137947034091, 0.000352863542503, -0.000346779997926, 0.000321685074596, -0.000247704127105, 7.41629046388e-05], [-0.00014628849749, 0.00092078349553, -0.000420913216658, 0.000662843871396, -0.000546951894648, 0.000532343285158, -0.000100590506918, 0.000581199477892, -0.00125065911561, 0.00200830004178, -0.00183513469528, 0.00151003769133, -0.00012634639279], [0.000119471726066, -0.000420913216658, 0.00083116395399, -0.00029018954956, 0.000608970760368, -0.000529922894202, -0.000102707657788, 0.000234213090152, -5.52930287085e-05, -0.000836438382976, 0.00103027105797, -0.00076187972445, 0.0012165189255], [-0.000141558062751, 0.000662843871396, -0.00029018954956, 0.00192503002472, -0.00138896715362, 0.000256081606494, 0.00099263060838, -0.00117179821245, -0.000314497388899, 0.000900704646483, -0.00148867955431, 0.00157856952865, -0.000291874632239], [0.000229126191698, -0.000546951894648, 0.000608970760368, -0.00138896715362, 0.00341041083448, -0.000606457528193, -0.00149365130346, 0.00157030648552, -0.00046031709644, 0.000159652059665, 0.001153665944, -0.00225128675811, 0.00126428820658], [-0.000127408027765, 0.000532343285158, -0.000529922894202, 0.000256081606494, -0.000606457528193, 0.00422432133928, -0.00141455081757, -0.000817852152977, 0.000786341668572, -0.000627519679256, 0.000325472268742, -0.000855880673043, -0.000530909455847], [-1.02943095044e-05, -0.000100590506918, -0.000102707657788, 0.00099263060838, -0.00149365130346, -0.00141455081757, 0.00741919782013, -0.00185802567285, -0.000496982771438, 0.00211082980968, -0.00305027421564, 0.00423871027306, -0.00372306443751], [-0.000137947034091, 0.000581199477892, 0.000234213090152, -0.00117179821245, 0.00157030648552, -0.000817852152977, -0.00185802567285, 0.0103460662067, -0.00551203452051, -5.7944758737e-05, 0.004511912819, -0.00577626237646, 0.00221681012772], [0.000352863542503, -0.00125065911561, -5.52930287085e-05, -0.000314497388899, -0.00046031709644, 0.000786341668572, -0.000496982771438, -0.00551203452051, 0.0151256164536, -0.00674121081829, -0.00263917865232, 0.00578659819439, -0.00354809546843], [-0.000346779997926, 0.00200830004178, -0.000836438382976, 0.000900704646483, 0.000159652059665, -0.000627519679256, 0.00211082980968, -5.7944758737e-05, -0.00674121081829, 0.019300615415, -0.0079119708389, 0.00213402975351, 0.00518566928804], [0.000321685074596, -0.00183513469528, 0.00103027105797, -0.00148867955431, 0.001153665944, 0.000325472268742, -0.00305027421564, 0.004511912819, -0.00263917865232, -0.0079119708389, 0.0223443824798, -0.0121022900566, 0.00111699313857], [-0.000247704127105, 0.00151003769133, -0.00076187972445, 0.00157856952865, -0.00225128675811, -0.000855880673043, 0.00423871027306, -0.00577626237646, 0.00578659819439, 0.00213402975351, -0.0121022900566, 0.0253032594919, -0.00757803348824], [7.41629046388e-05, -0.00012634639279, 0.0012165189255, -0.000291874632239, 0.00126428820658, -0.000530909455847, -0.00372306443751, 0.00221681012772, -0.00354809546843, 0.00518566928804, 0.00111699313857, -0.00757803348824, 0.0185835026205]]
    },
    "melbands": {
        "dmean": [0.00113015749957, 0.00149453000631, 0.000987024512142, 0.000566163565964, 0.000525078270584, 0.000195914224605, 0.000368713750504, 0.00012672644516, 0.000115683316835, 8.52311131894e-05, 6.52312810416e-05, 0.000151446351083, 4.39274699602e-05, 3.28091700794e-05, 2.19190187636e-05, 1.60773979587e-05, 8.77481215866e-06, 1.09893599074e-05, 8.06368370831e-06, 6.52017843095e-06, 7.73845295043e-06, 9.58480814006e-06, 1.32346785904e-05, 6.29568194199e-06, 5.29258159077e-06, 3.8976390897e-06, 4.53970324088e-06, 3.95481674786e-06, 4.48103355666e-06, 4.39373843619e-06, 3.59692444363e-06, 2.59241232925e-06, 2.86436443275e-06, 3.31438081957e-06, 2.64949289885e-06, 2.93103357762e-06, 3.22662936014e-06, 3.783176453e-06, 4.46727699455e-06, 3.99172995458e-06],
        "dmean2": [0.00169203954283, 0.00230097933672, 0.00160730129573, 0.00101583544165, 0.000795114552602, 0.000308912742184, 0.000533588405233, 0.00020166982722, 0.00017592801305, 0.000138536575832, 0.000107484287582, 0.000242790061748, 7.55772707635e-05, 4.92317085445e-05, 3.69878616766e-05, 2.83333029074e-05, 1.54058725457e-05, 1.9082604922e-05, 1.35239997689e-05, 1.07464829853e-05, 1.29071631818e-05, 1.61011412274e-05, 2.35190291278e-05, 1.04677410491e-05, 8.83458142198e-06, 6.17449859419e-06, 7.34100876798e-06, 6.2176618485e-06, 7.16560543879e-06, 7.23547418602e-06, 5.96031077293e-06, 4.06560366173e-06, 4.69879569209e-06, 5.59242562304e-06, 4.44205625172e-06, 4.89912599733e-06, 5.38884387424e-06, 6.56024894852e-06, 7.73489045969e-06, 6.87459078108e-06],
        "dvar": [3.5134976315e-06, 5.84548524785e-06, 2.06060371966e-06, 7.72418104589e-07, 1.58547197771e-06, 1.61082141403e-07, 4.2359232566e-07, 5.97646376832e-08, 1.41127515008e-07, 7.52774695911e-08, 2.44730511412e-08, 1.88825396208e-07, 1.7632123317e-08, 1.069520561e-08, 3.53622131577e-09, 2.62286281583e-09, 6.17513040702e-10, 1.23649890327e-09, 4.40543351798e-10, 3.06548453288e-10, 4.78233674883e-10, 8.54373793935e-10, 2.17956031001e-09, 3.85470544373e-10, 2.89914953155e-10, 1.77168127391e-10, 2.17802567648e-10, 1.48798612321e-10, 2.02277319894e-10, 1.89942714335e-10, 1.24463953033e-10, 4.61167458388e-11, 6.01291239022e-11, 7.17320092214e-11, 5.11292119754e-11, 5.66190601348e-11, 5.19285968392e-11, 1.02434755123e-10, 1.61483923455e-10, 1.42175993201e-10],
        "dvar2": [7.56608233132e-06, 1.36449280035e-05, 5.19108289154e-06, 2.44232296609e-06, 2.99828161587e-06, 3.90076934309e-07, 8.67238952651e-07, 1.38700059438e-07, 3.02129791407e-07, 2.02496195811e-07, 6.19252915612e-08, 4.5272946636e-07, 4.75618762152e-08, 2.03873611326e-08, 9.21635923135e-09, 7.44288275456e-09, 1.71321312692e-09, 3.35745675706e-09, 1.15639686715e-09, 7.50196127441e-10, 1.21791554619e-09, 2.24071805555e-09, 6.08535044577e-09, 9.87780301998e-10, 7.55802531671e-10, 4.59702276245e-10, 5.50382184272e-10, 3.51555895506e-10, 5.08655562115e-10, 4.76185924025e-10, 3.09718445335e-10, 9.56529855323e-11, 1.37912292697e-10, 1.77725070771e-10, 1.25064597567e-10, 1.38390701676e-10, 1.26780211329e-10, 2.65647448483e-10, 4.21406132212e-10, 3.66670971363e-10],
        "max": [0.0267293266952, 0.047696929425, 0.0201429985464, 0.0111368978396, 0.0311177875847, 0.00857515726238, 0.0107694957405, 0.0045741298236, 0.00725261447951, 0.00788934342563, 0.00357710081153, 0.00571448169649, 0.001172501361, 0.00160889397375, 0.000558297382668, 0.000585763773415, 0.000328028691001, 0.00047058108612, 0.000335298769642, 0.000280959706288, 0.000226462900173, 0.000336825090926, 0.000461286283098, 0.000256080500549, 0.000235565850744, 0.000207065415452, 0.000224286937737, 0.000137884693686, 0.000205038217246, 0.00017436343478, 0.00012251942826, 7.38968155929e-05, 9.8319753306e-05, 9.61241530604e-05, 8.99454171304e-05, 7.67088567954e-05, 6.89932567184e-05, 0.000133349982207, 0.000120829281514, 0.000123002420878],
        "mean": [0.00203148997389, 0.00247176853009, 0.00164488668088, 0.00100415362976, 0.00092729087919, 0.000374697439838, 0.000741063093301, 0.000244649447268, 0.000195962609723, 0.000135835041874, 0.000114703587315, 0.000234568666201, 4.26423466706e-05, 4.30836917076e-05, 2.33842638409e-05, 1.47407554323e-05, 8.6607715275e-06, 1.044956025e-05, 8.6830705186e-06, 6.54601899441e-06, 7.64884134696e-06, 1.00446713986e-05, 1.04713126348e-05, 5.76459706281e-06, 5.05864909428e-06, 3.74566275241e-06, 4.1359808165e-06, 3.66116569239e-06, 3.85347721021e-06, 3.53510790774e-06, 2.840675279e-06, 2.32858724303e-06, 2.34280719269e-06, 2.58881550508e-06, 2.11409110307e-06, 2.25819076149e-06, 2.42814394369e-06, 2.65004018729e-06, 3.09384176944e-06, 2.80718722934e-06],
        "median": [0.000631262897514, 0.00138345034793, 0.00106975191738, 0.000549920776393, 0.000400315475417, 0.000144952020491, 0.000197289002244, 9.24347987166e-05, 4.10942884628e-05, 2.7654457881e-05, 1.65881847352e-05, 1.32027453219e-05, 6.22996549282e-06, 5.1660540521e-06, 3.39406233252e-06, 2.95230006486e-06, 2.15099703382e-06, 1.66583663486e-06, 1.57871113515e-06, 9.80685058494e-07, 1.00154545635e-06, 8.83294262621e-07, 7.43863722619e-07, 6.4283347001e-07, 6.79415052218e-07, 3.73572419221e-07, 2.77573036556e-07, 2.23629101015e-07, 1.60640709623e-07, 1.20246028246e-07, 9.29557231188e-08, 7.66019923049e-08, 7.02602562797e-08, 9.18541545047e-08, 1.0392584926e-07, 6.77582931985e-08, 4.25134274451e-08, 5.07104118697e-08, 4.79043329449e-08, 4.94390981487e-08],
        "min": [7.54360665177e-25, 1.14742767032e-24, 1.04097020091e-24, 1.4402666434e-24, 1.57578476249e-24, 1.15179155024e-24, 1.30132960116e-24, 1.4863909461e-24, 2.22637905862e-24, 1.78501532646e-24, 1.16670575451e-24, 1.31063885009e-24, 3.18878048831e-24, 2.31663756517e-24, 2.3142404141e-24, 2.34052703439e-24, 2.2908149923e-24, 1.64639382857e-24, 3.62241535576e-24, 3.81751288496e-24, 2.38120030824e-24, 4.13931133631e-24, 3.37781522703e-24, 3.46069137601e-24, 3.98144961955e-24, 4.28653565819e-24, 5.22028033498e-24, 3.73990672126e-24, 5.44772195016e-24, 5.89334829223e-24, 5.8233226874e-24, 5.04234684135e-24, 5.81258905149e-24, 5.45062259171e-24, 5.71365090562e-24, 5.83508736451e-24, 5.44954145784e-24, 6.1283811159e-24, 6.96168881111e-24, 6.18027356954e-24],
        "var": [9.05203523871e-06, 1.14170197776e-05, 3.86371903005e-06, 1.55240638833e-06, 2.93942662211e-06, 3.60830142654e-07, 1.58257057592e-06, 1.92408023736e-07, 2.80044531564e-07, 9.04299710669e-08, 6.47981934776e-08, 4.28706925959e-07, 1.39610989436e-08, 1.91018099116e-08, 3.91859211746e-09, 1.80670822747e-09, 4.8224146898e-10, 1.32304311951e-09, 5.13114772893e-10, 3.1230346087e-10, 4.7300463546e-10, 9.29635202152e-10, 1.49145140682e-09, 3.40747485783e-10, 2.41007463986e-10, 1.57451246485e-10, 1.96756222426e-10, 1.50447210245e-10, 1.78207212875e-10, 1.59176158365e-10, 1.03861808043e-10, 5.28760160656e-11, 5.77011251279e-11, 5.97428495563e-11, 4.39232920868e-11, 4.77108109964e-11, 4.45483303024e-11, 7.58625107178e-11, 1.17460555171e-10, 1.04498895648e-10]
    },
    "mfcc": {
        "mean": [-734.277709961, 155.697067261, 39.1743927002, 18.6741027832, 5.9189581871, 0.968477964401, -0.04397630319, 3.53750276566, -1.12339711189, 1.38956916332, -0.767324507236, -1.28843045235, -0.364024370909],
        "cov": [[13541.625, -3112.93164062, -1239.06201172, 87.4288253784, -129.854309082, -141.901565552, 73.7728805542, 183.170547485, 183.215515137, -110.335403442, -132.328063965, 133.127105713, 54.1816253662], [-3112.93164062, 6475.76660156, 1058.30566406, -539.811096191, -432.679748535, -5.52371549606, -23.0928058624, -185.90234375, -182.33770752, 7.32060718536, 4.90815591812, -80.6872634888, -88.4474639893], [-1239.06201172, 1058.30566406, 2066.26074219, -100.778015137, -86.1781997681, -32.2757415771, -97.5639572144, -101.236206055, -57.2005691528, 103.025871277, 157.116867065, -5.59200191498, -42.7710342407], [87.4288253784, -539.811096191, -100.778015137, 690.958129883, 291.62097168, 32.5874176025, -0.610241949558, 40.8619041443, 16.2744483948, 13.3823413849, 33.9738426208, 19.6967868805, 27.3015041351], [-129.854309082, -432.679748535, -86.1781997681, 291.62097168, 362.480834961, 126.069702148, 44.434677124, 64.6655960083, 11.5321035385, -2.72442483902, 24.7895927429, 8.64121055603, 32.2738456726], [-141.901565552, -5.52371549606, -32.2757415771, 32.5874176025, 126.069702148, 228.688461304, 117.644615173, 41.9686508179, 15.534163475, -1.86770784855, -5.8709936142, 18.0654907227, 6.65153503418], [73.7728805542, -23.0928058624, -97.5639572144, -0.610241949558, 44.434677124, 117.644615173, 164.537033081, 73.8409576416, 36.247428894, -16.2268924713, -20.4568996429, 7.76387500763, 8.89516067505], [183.170547485, -185.90234375, -101.236206055, 40.8619041443, 64.6655960083, 41.9686508179, 73.8409576416, 149.000869751, 68.4832458496, 11.6944198608, -10.3194952011, -8.67658615112, 14.973077774], [183.215515137, -182.33770752, -57.2005691528, 16.2744483948, 11.5321035385, 15.534163475, 36.247428894, 68.4832458496, 117.091957092, 50.9778251648, 9.02778720856, -13.8094234467, -2.30429434776], [-110.335403442, 7.32060718536, 103.025871277, 13.3823413849, -2.72442483902, -1.86770784855, -16.2268924713, 11.6944198608, 50.9778251648, 107.307991028, 50.0503387451, -5.6832857132, -4.50493621826], [-132.328063965, 4.90815591812, 157.116867065, 33.9738426208, 24.7895927429, -5.8709936142, -20.4568996429, -10.3194952011, 9.02778720856, 50.0503387451, 101.247962952, 28.4594097137, 13.1458034515], [133.127105713, -80.6872634888, -5.59200191498, 19.6967868805, 8.64121055603, 18.0654907227, 7.76387500763, -8.67658615112, -13.8094234467, -5.6832857132, 28.4594097137, 92.2536010742, 34.753692627], [54.1816253662, -88.4474639893, -42.7710342407, 27.3015041351, 32.2738456726, 6.65153503418, 8.89516067505, 14.973077774, -2.30429434776, -4.50493621826, 13.1458034515, 34.753692627, 64.5126113892]],
