{
"lowlevel": {
    "average_loudness": 0.825651168823,
    "barkbands_crest": {
        "dmean": 1.84024584293,
        "dmean2": 3.01007723808,
        "dvar": 3.51463532448,
        "dvar2": 10.1510686874,
        "max": 26.0721530914,
        "mean": 12.1263027191,
        "median": 11.4993400574,
        "min": 4.29938459396,
        "var": 13.3848733902
    },
    "barkbands_flatness_db": {
        "dmean": 0.01744071953,
        "dmean2": 0.0296907424927,
        "dvar": 0.000266797665972,
        "dvar2": 0.000748351740185,
        "max": 0.509406745434,
        "mean": 0.382789939642,
        "median": 0.38454040885,
        "min": 0.0536201260984,
        "var": 0.00144109304529
    },
    "barkbands_kurtosis": {
        "dmean": 1.51167047024,
        "dmean2": 2.46990466118,
        "dvar": 4.56468629837,
        "dvar2": 12.4262142181,
        "max": 61.4206848145,
        "mean": 4.582675457,
        "median": 3.7065281868,
        "min": -1.81228137016,
        "var": 17.5492630005
    },
    "barkbands_skewness": {
        "dmean": 0.320890039206,
        "dmean2": 0.522534072399,
        "dvar": 0.109810143709,
        "dvar2": 0.296561121941,
        "max": 5.67369890213,
        "mean": 1.14676773548,
        "median": 1.11998605728,
        "min": -3.10018396378,
        "var": 0.656790971756
    },
    "barkbands_spread": {
        "dmean": 0.577360510826,
        "dmean2": 0.92548596859,
        "dvar": 2.2340028286,
        "dvar2": 5.68319988251,
        "max": 136.773132324,
        "mean": 3.51348972321,
        "median": 3.02225732803,
        "min": 0.390053510666,
        "var": 23.376953125
    },
    "dissonance": {
        "dmean": 0.0374067425728,
        "dmean2": 0.0645917505026,
        "dvar": 0.00120217865333,
        "dvar2": 0.00336185703054,
        "max": 0.500000178814,
        "mean": 0.37982493639,
        "median": 0.383905947208,
        "min": 0.107752941549,
        "var": 0.00389530486427
    },
    "dynamic_complexity": 4.36309337616,
    "erbbands_crest": {
        "dmean": 1.84061861038,
        "dmean2": 3.01905989647,
        "dvar": 3.88140130043,
        "dvar2": 11.2582731247,
        "max": 31.7181167603,
        "mean": 13.0094280243,
        "median": 12.3838024139,
        "min": 2.27786588669,
        "var": 16.087436676
    },
    "erbbands_flatness_db": {
        "dmean": 0.0122303469107,
        "dmean2": 0.0207343865186,
        "dvar": 0.000145566678839,
        "dvar2": 0.000387036940083,
        "max": 0.551277279854,
        "mean": 0.41106569767,
        "median": 0.412439227104,
        "min": 0.0400762334466,
        "var": 0.00131529325154
    },
    "erbbands_kurtosis": {
        "dmean": 0.875098466873,
        "dmean2": 1.36887085438,
        "dvar": 1.16948676109,
        "dvar2": 2.94335889816,
        "max": 37.38230896,
        "mean": 2.54009723663,
        "median": 1.96345376968,
        "min": -1.44908380508,
        "var": 7.79218482971
    },
    "erbbands_skewness": {
        "dmean": 0.219361931086,
        "dmean2": 0.345290929079,
        "dvar": 0.0503702796996,
        "dvar2": 0.135650381446,
        "max": 3.96389460564,
        "mean": 1.10748100281,
        "median": 1.09957528114,
        "min": -1.65960812569,
        "var": 0.353925615549
    },
    "erbbands_spread": {
        "dmean": 1.02988481522,
        "dmean2": 1.64509820938,
        "dvar": 1.74379491806,
        "dvar2": 4.18588399887,
        "max": 91.4954376221,
        "mean": 8.02750682831,
        "median": 7.49493694305,
        "min": 0.932228684425,
        "var": 17.2289638519
    },
    "hfc": {
        "dmean": 1.99896919727,
        "dmean2": 2.73151230812,
        "dvar": 19.8250961304,
        "dvar2": 32.887348175,
        "max": 80.4410476685,
        "mean": 7.95450305939,
        "median": 5.28367090225,
        "min": 1.20239781169e-16,
        "var": 76.610786438
    },
    "melbands_crest": {
        "dmean": 2.08783602715,
        "dmean2": 3.42866516113,
        "dvar": 4.1045794487,
        "dvar2": 11.7144947052,
        "max": 30.9558525085,
        "mean": 13.9724445343,
        "median": 13.1966085434,
        "min": 1.85490870476,
        "var": 17.0579605103
    },
    "melbands_flatness_db": {
        "dmean": 0.0191737283021,
        "dmean2": 0.0326488092542,
        "dvar": 0.000336538505508,
        "dvar2": 0.00090934993932,
        "max": 0.625577032566,
        "mean": 0.495954990387,
        "median": 0.498383522034,
        "min": 0.00528314569965,
        "var": 0.00212998548523
    },
    "melbands_kurtosis": {
        "dmean": 1.60797667503,
        "dmean2": 2.6385140419,
        "dvar": 5.0556435585,
        "dvar2": 13.812417984,
        "max": 52.2419166565,
        "mean": 4.79021835327,
        "median": 3.94490480423,
        "min": -1.24051499367,
        "var": 16.4448070526
    },
    "melbands_skewness": {
        "dmean": 0.300258994102,
        "dmean2": 0.484362870455,
        "dvar": 0.0967168807983,
        "dvar2": 0.253532677889,
        "max": 5.25874853134,
        "mean": 1.13950026035,
        "median": 1.08813047409,
        "min": -2.58853244781,
        "var": 0.600752353668
    },
    "melbands_spread": {
        "dmean": 0.828248262405,
        "dmean2": 1.32760620117,
        "dvar": 2.35838842392,
        "dvar2": 4.24319458008,
        "max": 141.678222656,
        "mean": 5.21882963181,
        "median": 4.64372777939,
        "min": 0.908665955067,
        "var": 22.3782444
    },
    "pitch_salience": {
        "dmean": 0.0447950996459,
        "dmean2": 0.0720152333379,
        "dvar": 0.00195263198111,
        "dvar2": 0.00515680992976,
        "max": 0.855252504349,
        "mean": 0.593028903008,
        "median": 0.599357903004,
        "min": 0.127302378416,
        "var": 0.0104070799425
    },
    "silence_rate_20dB": {
        "dmean": 0,
        "dmean2": 0,
        "dvar": 0,
        "dvar2": 0,
        "max": 1,
        "mean": 1,
        "median": 1,
        "min": 1,
        "var": 0
    },
    "silence_rate_30dB": {
        "dmean": 0.00709832133725,
        "dmean2": 0.0141980042681,
        "dvar": 0.00704781431705,
        "dvar2": 0.0178318209946,
        "max": 1,
        "mean": 0.99434107542,
        "median": 1,
        "min": 0,
        "var": 0.00562631711364
    },
    "silence_rate_60dB": {
        "dmean": 0.0170743409544,
        "dmean2": 0.034151956439,
        "dvar": 0.0167812798172,
        "dvar2": 0.0368175655603,
        "max": 1,
        "mean": 0.135238826275,
        "median": 0,
        "min": 0,
        "var": 0.11695703119
    },
    "spectral_centroid": {
        "dmean": 23.7688083649,
        "dmean2": 36.851108551,
        "dvar": 10921.1376953,
        "dvar2": 11690.4501953,
        "max": 10891.2705078,
        "mean": 454.386444092,
        "median": 434.217407227,
        "min": 308.924255371,
        "var": 29159.4707031
    },
    "spectral_complexity": {
        "dmean": 1.09908878803,
        "dmean2": 1.79201841354,
        "dvar": 1.49968373775,
        "dvar2": 2.87423825264,
        "max": 24,
        "mean": 9.60867023468,
        "median": 10,
        "min": 0,
        "var": 12.8853149414
    },
    "spectral_decrease": {
        "dmean": 1.23107879446e-09,
        "dmean2": 1.75982461936e-09,
        "dvar": 6.62608935142e-18,
        "dvar2": 1.18726407916e-17,
        "max": 3.18950024678e-17,
        "mean": -4.66144411959e-09,
        "median": -3.15654791194e-09,
        "min": -5.09788797842e-08,
        "var": 2.47841823823e-17
    },
    "spectral_energy": {
        "dmean": 0.00482472218573,
        "dmean2": 0.00688565894961,
        "dvar": 0.000102200407127,
        "dvar2": 0.000182515592314,
        "max": 0.199505746365,
        "mean": 0.0183148961514,
        "median": 0.0124081708491,
        "min": 1.08032663745e-20,
        "var": 0.000382976490073
    },
    "spectral_energyband_high": {
        "dmean": 7.29946023625e-08,
        "dmean2": 1.10603622261e-07,
        "dvar": 1.48389018629e-13,
        "dvar2": 3.79651415557e-13,
        "max": 1.26575641843e-05,
        "mean": 1.40178670449e-07,
        "median": 2.10580637372e-08,
        "min": 7.71675824098e-21,
        "var": 2.12245490822e-13
    },
    "spectral_energyband_low": {
        "dmean": 0.000251026125625,
        "dmean2": 0.000387439853512,
        "dvar": 2.13504165458e-07,
        "dvar2": 4.69228268685e-07,
        "max": 0.0156307294965,
        "mean": 0.000634899595752,
        "median": 0.000264354690444,
        "min": 4.50275746248e-23,
        "var": 9.74832687461e-07
    },
    "spectral_energyband_middle_high": {
        "dmean": 0.00028098776238,
        "dmean2": 0.000357386277756,
        "dvar": 6.34680304756e-07,
        "dvar2": 1.03880677216e-06,
        "max": 0.0421780347824,
        "mean": 0.00106189481448,
        "median": 0.000588376657106,
        "min": 1.62255536315e-21,
        "var": 2.58184377344e-06
    },
    "spectral_energyband_middle_low": {
        "dmean": 0.00463156355545,
        "dmean2": 0.00669881841168,
        "dvar": 9.37074801186e-05,
        "dvar2": 0.000171854393557,
        "max": 0.184237152338,
        "mean": 0.0168502405286,
        "median": 0.0112281199545,
        "min": 2.16241314405e-22,
        "var": 0.000339995836839
    },
    "spectral_entropy": {
        "dmean": 0.112183496356,
        "dmean2": 0.184696778655,
        "dvar": 0.0189395025373,
        "dvar2": 0.0487615391612,
        "max": 9.81456756592,
        "mean": 5.56800603867,
        "median": 5.55520439148,
        "min": 4.18391466141,
        "var": 0.0982393696904
    },
    "spectral_flux": {
        "dmean": 0.014014464803,
        "dmean2": 0.0225082021207,
        "dvar": 0.000563934212551,
        "dvar2": 0.00136733462568,
        "max": 0.316818505526,
        "mean": 0.0355526059866,
        "median": 0.0268194153905,
        "min": 1.03938760376e-10,
        "var": 0.00100562022999
    },
    "spectral_kurtosis": {
        "dmean": 38.65051651,
        "dmean2": 67.5125656128,
        "dvar": 1292.3314209,
        "dvar2": 3541.34301758,
        "max": 449.641571045,
        "mean": 146.937088013,
        "median": 147.6612854,
        "min": -1.17694377899,
        "var": 3606.34643555
    },
    "spectral_rms": {
        "dmean": 0.000473919644719,
        "dmean2": 0.000671473972034,
        "dvar": 5.73713350605e-07,
        "dvar2": 9.34761260396e-07,
        "max": 0.0139513351023,
        "mean": 0.00373893557116,
        "median": 0.00347930053249,
        "min": 3.24650137502e-12,
        "var": 3.88855733036e-06
    },
    "spectral_rolloff": {
        "dmean": 39.9693183899,
        "dmean2": 69.2603683472,
        "dvar": 53174.6875,
        "dvar2": 61557.765625,
        "max": 19810.546875,
        "mean": 610.38079834,
        "median": 538.330078125,
        "min": 236.865234375,
        "var": 878638.75
    },
    "spectral_skewness": {
        "dmean": 1.91106259823,
        "dmean2": 3.39420866966,
        "dvar": 2.84810996056,
        "dvar2": 7.77208471298,
        "max": 17.7023639679,
        "mean": 8.60847377777,
        "median": 8.89448738098,
        "min": -0.01017974969,
        "var": 6.61039400101
    },
    "spectral_spread": {
        "dmean": 276439.875,
        "dmean2": 487192.25,
        "dvar": 317404774400,
        "dvar2": 474695139328,
        "max": 49194768,
        "mean": 786368,
        "median": 692792.375,
        "min": 201447.078125,
        "var": 780343443456
    },
    "spectral_strongpeak": {
        "dmean": 0.302751034498,
        "dmean2": 0.490220189095,
        "dvar": 0.192933365703,
        "dvar2": 0.442624390125,
        "max": 7.17584848404,
        "mean": 1.14287078381,
        "median": 0.986500203609,
        "min": 0,
        "var": 0.679076015949
    },
    "zerocrossingrate": {
        "dmean": 0.00156479503494,
        "dmean2": 0.0021072353702,
        "dvar": 2.637815669e-05,
        "dvar2": 3.1727089663e-05,
        "max": 0.5595703125,
        "mean": 0.0229318905622,
        "median": 0.02099609375,
        "min": 0.01171875,
        "var": 0.000607070804108
    },
    "barkbands": {
        "dmean": [3.22502870631e-07, 7.09304877091e-05, 0.000172501415364, 8.99998340174e-05, 0.0010690051131, 0.00290261488408, 0.000642624509055, 0.000879379629623, 0.000347036373569, 0.000170245679328, 7.84356525401e-05, 3.77931282856e-05, 6.7380751716e-05, 3.30079674313e-05, 1.31502010845e-05, 8.83273969521e-06, 5.87596196056e-06, 1.64585696893e-06, 4.36530939396e-07, 9.80886696311e-08, 2.22447589238e-08, 5.38290301222e-09, 1.29966570839e-09, 8.74491756786e-10, 8.11028244563e-10, 7.91630372365e-10, 9.03856545165e-10],
        "dmean2": [5.40870132681e-07, 0.000100350138382, 0.000273009412922, 0.000145431913552, 0.00152774562594, 0.00457358406857, 0.000893743243068, 0.00123050459661, 0.000429267267464, 0.000230692705372, 0.000104449442006, 5.17762455274e-05, 9.5457995485e-05, 4.72447827633e-05, 2.06025979423e-05, 1.21587572721e-05, 7.69472626416e-06, 2.34499452745e-06, 6.02647617143e-07, 1.47954750673e-07, 3.45564181714e-08, 7.28154070373e-09, 2.13481432532e-09, 1.57639024057e-09, 1.47058554223e-09, 1.4387364633e-09, 1.62570290563e-09],
        "dvar": [6.70170624724e-13, 2.17997158103e-08, 1.14612163316e-07, 3.75758659743e-08, 3.69789745491e-06, 5.00040550833e-05, 1.89940635664e-06, 5.94353332417e-06, 3.20553954225e-06, 2.44759917223e-07, 7.6901969237e-08, 1.3389207254e-07, 4.13221989959e-08, 7.29942684075e-09, 1.4277146132e-09, 7.25404847302e-10, 4.12674783234e-10, 3.53533452513e-11, 3.9009186506e-12, 2.69162432143e-13, 1.49801130972e-14, 7.279389502e-16, 1.90086832684e-17, 2.95009974321e-18, 2.39444075313e-18, 2.28079151364e-18, 2.58584724495e-18],
        "dvar2": [1.89251023706e-12, 3.59875542699e-08, 2.59253198465e-07, 1.04052425343e-07, 7.86864075053e-06, 0.000108024280053, 4.31803300671e-06, 1.15848197311e-05, 5.47347008251e-06, 5.0608065294e-07, 1.58458732358e-07, 1.98830775844e-07, 8.5035679831e-08, 1.42317899687e-08, 3.40871353366e-09, 1.34054956025e-09, 7.58675178236e-10, 6.16275711018e-11, 8.63021980269e-12, 6.74890210991e-13, 3.88965355964e-14, 1.3294776089e-15, 4.39466534158e-17, 9.00275419998e-18, 7.60986311214e-18, 7.28225409464e-18, 8.24426266549e-18],
        "max": [1.95462325792e-05, 0.00439169257879, 0.0142272915691, 0.00530659314245, 0.0353172793984, 0.146046280861, 0.0296088885516, 0.0691300034523, 0.0773111581802, 0.0159018710256, 0.0140014532954, 0.0376855693758, 0.00612477818504, 0.0017774006119, 0.00107757584192, 0.000962726888247, 0.0005983148003, 0.000237628933974, 7.02070683474e-05, 1.5840289052e-05, 4.51183268524e-06, 1.02096385035e-06, 2.10690146218e-07, 4.70791370333e-08, 4.49001511527e-08, 4.39326726109e-08, 4.75257131427e-08],
        "mean": [4.01812457085e-07, 0.000175351495272, 0.000375895702746, 0.000177573703695, 0.00292811379768, 0.00681304279715, 0.00223374809138, 0.00363326608203, 0.000791404338088, 0.000541961519048, 0.000231238853303, 0.000106584884634, 0.000150530278916, 8.38872292661e-05, 2.77813924185e-05, 2.56187122432e-05, 1.39294725159e-05, 3.34530682267e-06, 9.62592366704e-07, 1.94256060126e-07, 3.80332245697e-08, 9.3218543995e-09, 2.01041383541e-09, 1.14726350642e-09, 1.16309617493e-09, 1.20128818004e-09, 2.26685070714e-09],
        "median": [9.82209016342e-08, 4.50750230812e-05, 0.000139604671858, 7.78513422119e-05, 0.00146679196041, 0.00357082276605, 0.00127939309459, 0.00155358342454, 0.000212375685805, 0.000286850234261, 6.79822624079e-05, 3.16179939546e-05, 5.25089380972e-05, 2.26398751693e-05, 1.29824748001e-05, 1.01345449366e-05, 3.28634541802e-06, 8.21526214168e-07, 2.04273220561e-07, 2.38821353804e-08, 4.25081125854e-09, 1.61173396851e-09, 7.19905801638e-10, 6.37331742936e-10, 7.44097894412e-10, 8.14149192507e-10, 1.89096915904e-09],
        "min": [1.32721224579e-23, 1.69273583716e-23, 1.06528786383e-23, 2.14795780439e-23, 2.06423899419e-23, 2.48406161716e-23, 2.26315358466e-23, 2.47458976427e-23, 4.20212130933e-23, 2.21179542651e-23, 7.2635888772e-23, 1.27993779966e-22, 5.03222449376e-23, 1.14159040333e-22, 9.66751437486e-23, 1.95798545715e-22, 2.12327478843e-22, 1.7016628396e-22, 3.14164221536e-22, 2.20225276547e-22, 4.5515416306e-22, 4.43039480989e-22, 4.66170851726e-22, 6.42759170274e-22, 1.04712836152e-21, 1.97716078512e-21, 2.32843789564e-21],
        "var": [1.01591413233e-12, 1.26147497781e-07, 4.41983161181e-07, 8.97497614005e-08, 1.52107013491e-05, 0.000109844113467, 7.49040464143e-06, 2.88709525194e-05, 7.02429179e-06, 7.70089968682e-07, 2.6726556257e-07, 4.66245040798e-07, 9.40047897302e-08, 2.57364369816e-08, 2.63925792332e-09, 2.41568831605e-09, 1.20573373508e-09, 1.04935643508e-10, 7.28230583474e-12, 4.28341579871e-13, 1.95240162606e-14, 1.30993931166e-15, 3.12926131498e-17, 2.73562856078e-18, 1.91689966613e-18, 1.74423026276e-18, 2.13909195919e-18]
    },
    "erbbands": {
        "dmean": [0.000398859614506, 0.0226513408124, 0.171056613326, 0.239175990224, 0.697198808193, 4.38974952698, 10.3723011017, 30.2208251953, 13.4973096848, 18.1983795166, 10.0679750443, 9.19275856018, 5.83661556244, 3.32655549049, 3.23545908928, 1.87954711914, 3.40180563927, 1.78113663197, 0.913020014763, 0.517547249794, 0.385114014149, 0.2132922858, 0.104047499597, 0.0434663370252, 0.011128035374, 0.00498452736065, 0.00207602931187, 0.00056884723017, 0.0002273900609, 8.04986411822e-05, 3.14734752465e-05, 2.08328347071e-05, 1.45197245729e-05, 1.00803308669e-05, 6.74115108268e-06, 4.19399657403e-06, 2.19258117795e-06, 6.16003092091e-07, 2.27143254961e-06, 5.38489894097e-06],
        "dmean2": [0.000566600589082, 0.0326232351363, 0.270915448666, 0.380742043257, 1.12968289852, 6.33463859558, 15.0618047714, 48.9983940125, 19.0447540283, 26.435956955, 13.8472547531, 11.1232070923, 7.96839904785, 4.00894975662, 4.26377820969, 2.53819942474, 4.773686409, 2.56452775002, 1.31496500969, 0.799868762493, 0.49417078495, 0.284165471792, 0.152323380113, 0.0539117790759, 0.0152886454016, 0.00729988375679, 0.00314338412136, 0.000893464777619, 0.000305794092128, 0.000115089293104, 5.29845310666e-05, 3.64619481843e-05, 2.52555182669e-05, 1.72373620444e-05, 1.11706576718e-05, 6.69406290399e-06, 3.40183805747e-06, 1.02407409486e-06, 3.20669983012e-06, 7.66704670241e-06],
        "dvar": [6.54056975691e-07, 0.00211383914575, 0.114175952971, 0.236979231238, 2.5795943737, 75.9131164551, 366.000183105, 6398.33251953, 1003.58764648, 2288.37695312, 608.96472168, 2407.42285156, 363.83215332, 71.0358123779, 153.068817139, 360.117279053, 110.297843933, 22.4130134583, 6.69133996964, 2.22513818741, 1.4165314436, 0.506647288799, 0.112978316844, 0.0387676507235, 0.00228095892817, 0.000616518605966, 0.000124266851344, 1.54009121616e-05, 1.35456025419e-06, 1.44252979339e-07, 6.60237775563e-09, 2.01504524178e-09, 7.62437057933e-10, 3.43090000854e-10, 1.47761247682e-10, 5.67754454561e-11, 1.59321566356e-11, 1.24650279248e-12, 2.27953472071e-11, 1.27944418948e-10],
        "dvar2": [1.13433679871e-06, 0.00367945013568, 0.259032577276, 0.626316964626, 8.03972148895, 170.904953003, 713.460266113, 14262.7197266, 2270.31860352, 4815.40234375, 1114.79296875, 3987.70458984, 742.532226562, 112.678878784, 324.272949219, 531.794189453, 222.759902954, 44.4353294373, 13.1586332321, 5.48327732086, 2.4573969841, 0.956118762493, 0.219894394279, 0.0663638189435, 0.00449530594051, 0.00147402798757, 0.000329279107973, 4.11031251133e-05, 2.55410350292e-06, 2.50033195925e-07, 1.64894462529e-08, 5.76696956855e-09, 2.19062368245e-09, 9.75627911792e-10, 3.91637888786e-10, 1.34781880101e-10, 3.44913299311e-11, 3.29882150242e-12, 3.98916594202e-11, 2.27433682998e-10],
        "max": [0.0231066383421, 1.32834517956, 11.4794120789, 16.2565383911, 42.2022361755, 182.121505737, 606.104064941, 1715.73181152, 786.08190918, 1257.55493164, 530.217651367, 2133.06860352, 596.263793945, 546.199890137, 760.057983398, 1951.69616699, 320.434234619, 118.07635498, 67.4836883545, 30.2132663727, 37.4724006653, 20.668762207, 9.60332870483, 7.07563495636, 2.09042620659, 0.787337303162, 0.370805978775, 0.202458366752, 0.0561066307127, 0.0209498424083, 0.00251157488674, 0.00153204076923, 0.000832534802612, 0.00058400281705, 0.000386310101021, 0.000232945210882, 0.000117815710837, 3.58336765203e-05, 9.42652259255e-05, 0.000222457500058],
        "mean": [0.00102794670966, 0.0572493188083, 0.394059956074, 0.553969323635, 2.18324255943, 11.9210586548, 27.5161857605, 65.1508483887, 45.110912323, 67.7961196899, 39.8877105713, 22.3315639496, 17.1469306946, 12.2300930023, 10.0208015442, 5.52558851242, 7.59832000732, 5.18208551407, 2.04449462891, 1.34460437298, 1.13171494007, 0.534949243069, 0.213280513883, 0.104874424636, 0.0251673776656, 0.0104441987351, 0.0036100752186, 0.00103438354563, 0.000420513009885, 0.000156506022904, 5.66939706914e-05, 3.70697634935e-05, 2.92370787065e-05, 2.39243909164e-05, 1.88249850908e-05, 1.33586363518e-05, 7.6556507338e-06, 1.81128177701e-06, 8.89000966708e-06, 2.0544286599e-05],
        "median": [0.000344046915416, 0.0160177964717, 0.133766248822, 0.27861353755, 1.01691770554, 5.18063592911, 15.2279701233, 30.2960720062, 24.5499362946, 29.6678733826, 19.4711647034, 7.45455551147, 7.58440637589, 5.94701004028, 3.4971344471, 1.93515479565, 2.71359968185, 1.45778381824, 0.895700752735, 0.700472831726, 0.433335542679, 0.150112777948, 0.06186940521, 0.0196332130581, 0.005825009197, 0.00147180864587, 0.000406636536354, 0.000126137310872, 7.37817754271e-05, 3.95219321945e-05, 2.74888770946e-05, 2.23567494686e-05, 1.95943975996e-05, 1.7118472897e-05, 1.3822933397e-05, 9.83363679552e-06, 5.64173842577e-06, 1.36942981044e-06, 6.11027553532e-06, 1.39270941872e-05],
        "min": [2.09116713984e-22, 4.6657005321e-21, 1.21700538975e-20, 5.32540364702e-20, 4.61117713205e-20, 8.75152693684e-20, 1.16495038066e-19, 1.54840184433e-19, 3.57240488203e-19, 5.09562023993e-19, 6.69566981999e-19, 8.25995366133e-19, 1.32768836926e-18, 8.82695495196e-19, 2.71971939606e-18, 5.13618486697e-18, 2.83086765497e-18, 5.0098119353e-18, 4.87811650998e-18, 6.30037540469e-18, 1.13740543687e-17, 1.05567800711e-17, 9.29575067193e-18, 1.16311396215e-17, 1.58198225976e-17, 1.12572291692e-17, 1.59210959744e-17, 1.75235036396e-17, 1.27589979052e-17, 1.99795931298e-17, 1.12870829447e-17, 1.35155116508e-17, 1.20335059141e-17, 1.28028045633e-17, 6.87900726833e-18, 6.22986363415e-18, 3.09779677069e-18, 1.51336436059e-18, 3.15627177085e-19, 3.02575559489e-20],
        "var": [3.29934346155e-06, 0.0121623566374, 0.471076071262, 0.701734483242, 9.27342605591, 295.793701172, 1307.40026855, 12482.640625, 3490.75854492, 9734.44726562, 2784.33227539, 5427.56787109, 935.734619141, 570.862976074, 497.815307617, 1229.91516113, 256.448699951, 97.8131561279, 15.2559576035, 4.17364597321, 4.70223093033, 1.54175806046, 0.277673155069, 0.118713773787, 0.00472501246259, 0.00108657428063, 0.000157236863743, 2.16688258661e-05, 2.44410352934e-06, 3.22474363657e-07, 1.14551204078e-08, 2.53068765943e-09, 1.08862185932e-09, 5.7581661661e-10, 3.20253407127e-10, 1.58484877999e-10, 5.13388047352e-11, 2.6569276293e-12, 8.73568231641e-11, 4.80949946535e-10]
    },
    "gfcc": {
        "mean": [-230.850631714, 256.089233398, -117.686477661, -75.4959869385, -27.7634010315, -40.7578277588, -40.9922065735, -13.6216478348, -9.93872642517, -11.8446502686, -2.2013323307, -10.0275621414, -2.63660025597],
        "cov": [[7433.60595703, 1055.56762695, -1738.06677246, 210.039932251, 478.991546631, -878.899963379, 117.213905334, -86.9125900269, -5.57663202286, 50.870300293, 136.941802979, -56.7581100464, 168.458709717], [1055.56762695, 611.369812012, 47.6964492798, -81.6687316895, 166.898178101, -11.0916395187, -51.0895881653, -1.31224393845, 26.6278591156, -31.7486743927, 30.2364330292, -13.9858198166, 7.43840885162], [-1738.06677246, 47.6964492798, 864.815063477, -24.3749027252, -96.3118972778, 301.949920654, -78.394317627, -0.604735255241, 40.1551322937, -9.84523010254, -12.0346660614, 16.3994007111, -68.7361450195], [210.039932251, -81.6687316895, -24.3749027252, 289.36895752, 60.7948722839, -63.1238975525, 75.4200286865, 16.6882648468, 13.2238416672, 52.0997772217, -3.91788554192, -21.3975963593, -16.4988307953], [478.991546631, 166.898178101, -96.3118972778, 60.7948722839, 174.756088257, -21.6833686829, 3.14370536804, 33.1056022644, 15.6320486069, -5.92917919159, 24.2686367035, -2.64520096779, 7.56591129303], [-878.899963379, -11.0916395187, 301.949920654, -63.1238975525, -21.6833686829, 253.713165283, 19.2735328674, 20.6957817078, 16.615530014, -20.6596012115, -25.8830547333, 17.6375293732, -21.0390014648], [117.213905334, -51.0895881653, -78.394317627, 75.4200286865, 3.14370536804, 19.2735328674, 124.418647766, 36.3279571533, -4.42390155792, 24.5452804565, -8.53117370605, -9.5747013092, 8.6956949234], [-86.9125900269, -1.31224393845, -0.604735255241, 16.6882648468, 33.1056022644, 20.6957817078, 36.3279571533, 74.463218689, 27.8331813812, -5.5786190033, 2.7208442688, -0.0102116428316, -5.48312091827], [-5.57663202286, 26.6278591156, 40.1551322937, 13.2238416672, 15.6320486069, 16.615530014, -4.42390155792, 27.8331813812, 59.1531715393, 23.706735611, -0.944066822529, 0.638971328735, -4.71961832047], [50.870300293, -31.7486743927, -9.84523010254, 52.0997772217, -5.92917919159, -20.6596012115, 24.5452804565, -5.5786190033, 23.706735611, 66.6879806519, 20.9846076965, -9.3199634552, -0.576734423637], [136.941802979, 30.2364330292, -12.0346660614, -3.91788554192, 24.2686367035, -25.8830547333, -8.53117370605, 2.7208442688, -0.944066822529, 20.9846076965, 57.4838600159, 22.9072170258, -0.31245008111], [-56.7581100464, -13.9858198166, 16.3994007111, -21.3975963593, -2.64520096779, 17.6375293732, -9.5747013092, -0.0102116428316, 0.638971328735, -9.3199634552, 22.9072170258, 52.8573608398, 23.7239875793], [168.458709717, 7.43840885162, -68.7361450195, -16.4988307953, 7.56591129303, -21.0390014648, 8.6956949234, -5.48312091827, -4.71961832047, -0.576734423637, -0.31245008111, 23.7239875793, 59.1849822998]],
        "icov": [[0.00136936630588, -0.00247590267099, 0.00241275434382, -0.0018479207065, 0.00143232406117, 0.00115047243889, -0.00271603255533, 0.00501890853047, -0.00578389689326, 0.00567724835128, -0.00560522451997, 0.00281079206616, -0.00177178462036], [-0.00247590267099, 0.00897749513388, -0.00666252849624, 0.00678132753819, -0.00862933043391, 0.00123471335974, -0.000552027719095, -0.00216575246304, 0.0033980475273, -0.003707714146, 0.00616077240556, -0.000695710477885, 0.00204032659531], [0.00241275434382, -0.00666252849624, 0.00936298537999, -0.00845453049988, 0.00952317938209, -0.00593529967591, 0.00294852885418, 0.00484204152599, -0.00875563640147, 0.00984616018832, -0.0140744680539, 0.00744793610647, -0.00448689050972], [-0.0018479207065, 0.00678132753819, -0.00845453049988, 0.0157815199345, -0.0147780468687, 0.00958418659866, -0.00762142241001, -0.00245429715142, 0.00873681623489, -0.0163566693664, 0.0213805548847, -0.0138614596799, 0.0113829346374], [0.00143232406117, -0.00862933043391, 0.00952317938209, -0.0147780468687, 0.0246509797871, -0.0114908982068, 0.00959558412433, -0.00377180776559, -0.00719059351832, 0.0144450291991, -0.0233385432512, 0.0151035012677, -0.0116572119296], [0.00115047243889, 0.00123471335974, -0.00593529967591, 0.00958418659866, -0.0114908982068, 0.0200554002076, -0.0166618339717, 0.00930269248784, -0.00596865918487, 0.000432527944213, 0.011405326426, -0.0116090662777, 0.00849881395698], [-0.00271603255533, -0.000552027719095, 0.00294852885418, -0.00762142241001, 0.00959558412433, -0.0166618339717, 0.0377715043724, -0.0354542173445, 0.0342855788767, -0.0316971205175, 0.0175516158342, -0.00711843417957, -0.00151271070354], [0.00501890853047, -0.00216575246304, 0.00484204152599, -0.00245429715142, -0.00377180776559, 0.00930269248784, -0.0354542173445, 0.0646280348301, -0.0615456998348, 0.0591937303543, -0.0465405397117, 0.0284962747246, -0.0100876931101], [-0.00578389689326, 0.0033980475273, -0.00875563640147, 0.00873681623489, -0.00719059351832, -0.00596865918487, 0.0342855788767, -0.0615456998348, 0.0904732644558, -0.0827951803803, 0.0696467161179, -0.0469599217176, 0.0219600591809], [0.00567724835128, -0.003707714146, 0.00984616018832, -0.0163566693664, 0.0144450291991, 0.000432527944213, -0.0316971205175, 0.0591937303543, -0.0827951803803, 0.107627376914, -0.0902497768402, 0.0637124329805, -0.0319384559989], [-0.00560522451997, 0.00616077240556, -0.0140744680539, 0.0213805548847, -0.0233385432512, 0.011405326426, 0.0175516158342, -0.0465405397117, 0.0696467161179, -0.0902497768402, 0.11042856425, -0.0760407969356, 0.0406796634197], [0.00281079206616, -0.000695710477885, 0.00744793610647, -0.0138614596799, 0.0151035012677, -0.0116090662777, -0.00711843417957, 0.0284962747246, -0.0469599217176, 0.0637124329805, -0.0760407969356, 0.0804581716657, -0.0412754192948], [-0.00177178462036, 0.00204032659531, -0.00448689050972, 0.0113829346374, -0.0116572119296, 0.00849881395698, -0.00151271070354, -0.0100876931101, 0.0219600591809, -0.0319384559989, 0.0406796634197, -0.0412754192948, 0.0416437797248]]
    },
    "melbands": {
        "dmean": [1.08237600216e-05, 6.8367451604e-05, 4.69085207442e-05, 0.000152411710587, 0.000361404003343, 0.000635492382571, 0.000185084994882, 0.000211846083403, 7.55823130021e-05, 5.26966505277e-05, 2.8206695788e-05, 1.36934213515e-05, 1.16323008115e-05, 5.29740327693e-06, 6.37307812212e-06, 5.92699961999e-06, 3.21665675074e-06, 1.6378530745e-06, 8.71651195666e-07, 8.33754540963e-07, 4.09928617273e-07, 2.77268725313e-07, 1.8573857119e-07, 6.18322246737e-08, 3.48507427361e-08, 1.10986935198e-08, 4.18902512678e-09, 3.26938986994e-09, 1.77639203347e-09, 4.42746478369e-10, 2.48041420736e-10, 1.66984731598e-10, 5.46945405633e-11, 3.96957015869e-11, 1.79573057812e-11, 1.46913332194e-11, 1.15560581937e-11, 9.96177359353e-12, 8.63788467836e-12, 7.58562570397e-12],
        "dmean2": [1.52431985043e-05, 0.000106246581709, 7.43814744055e-05, 0.000228017452173, 0.000525299285073, 0.00101903441828, 0.000258317304542, 0.000305936904624, 0.000102318997961, 6.3882653194e-05, 3.90337845602e-05, 1.65081273735e-05, 1.53673827299e-05, 7.09840560376e-06, 9.05555134523e-06, 8.26921041153e-06, 4.721555797e-06, 2.33812420447e-06, 1.36749463309e-06, 1.19019489375e-06, 5.12744634307e-07, 3.63833066785e-07, 2.96613137607e-07, 7.62658984854e-08, 4.32051692201e-08, 1.56797046458e-08, 6.1161262721e-09, 4.85867124311e-09, 2.74767852915e-09, 6.89479084937e-10, 3.85933451863e-10, 2.24930102322e-10, 7.96866392316e-11, 5.87678933295e-11, 3.12806447411e-11, 2.61913910699e-11, 2.07771126692e-11, 1.79160401792e-11, 1.56205257063e-11, 1.37416718629e-11],
        "dvar": [5.08421249545e-10, 1.75621615028e-08, 7.6333348531e-09, 9.36242372518e-08, 4.21705976805e-07, 2.60392766904e-06, 1.82259384474e-07, 3.36220324471e-07, 4.34897948765e-08, 7.81179991804e-08, 8.64570548487e-09, 1.26189381167e-09, 1.69911129611e-09, 1.52069257187e-09, 8.79097072914e-10, 2.55619608813e-10, 7.22949061727e-11, 2.295310296e-11, 6.33007101597e-12, 6.03834083429e-12, 1.68655822815e-12, 9.83897100078e-13, 4.35419224547e-13, 8.58450748095e-14, 2.72397444092e-14, 2.13341171985e-15, 5.04590179234e-16, 2.80364861517e-16, 9.99857874146e-17, 7.78689051658e-18, 2.94687063689e-18, 8.34723052173e-19, 7.38185284424e-20, 3.66273119546e-20, 2.81288058347e-21, 1.85193379909e-21, 5.18563433711e-22, 3.97325912921e-22, 2.64075391074e-22, 2.03411482591e-22],
        "dvar2": [8.38957125993e-10, 3.79673750217e-08, 1.99361984698e-08, 2.39467055962e-07, 8.17588897917e-07, 5.74325304115e-06, 4.0491718778e-07, 6.9427261451e-07, 7.99698440801e-08, 1.30058054992e-07, 1.78846484289e-08, 2.00360705804e-09, 3.5699461165e-09, 2.35009811611e-09, 1.50755952166e-09, 5.00107899537e-10, 1.48166215408e-10, 4.32341003276e-11, 1.60941485833e-11, 1.1922508987e-11, 2.94806735447e-12, 1.91134196144e-12, 9.83515135652e-13, 1.2544033466e-13, 5.03712773803e-14, 4.51561310994e-15, 1.09957899685e-15, 6.80162427387e-16, 2.72363497129e-16, 1.99560912742e-17, 7.64250531347e-18, 1.63291181144e-18, 1.38233254091e-19, 6.93914901158e-20, 7.51796832209e-21, 5.35114891657e-21, 1.5742263867e-21, 1.18290078964e-21, 8.3514863781e-22, 6.45793495347e-22],
        "max": [0.000668574764859, 0.00424768216908, 0.00318980496377, 0.00629922002554, 0.0187333133072, 0.0336118675768, 0.0104824798182, 0.0158922486007, 0.00654656905681, 0.0114655457437, 0.0029986097943, 0.00235152803361, 0.00197613798082, 0.00383134512231, 0.00245855981484, 0.000427748658694, 0.000198012319743, 0.000112067864393, 5.48342504771e-05, 8.45444592414e-05, 3.35553304467e-05, 2.78931238427e-05, 1.65887649928e-05, 1.29264071802e-05, 5.31090927325e-06, 1.36393225603e-06, 9.91386968963e-07, 5.28189218585e-07, 3.58846932613e-07, 1.27214036638e-07, 9.28392935862e-08, 4.57249100805e-08, 1.18580683051e-08, 9.45406775088e-09, 2.20717244481e-09, 2.24521157222e-09, 6.11980410792e-10, 7.0723732426e-10, 4.71571837135e-10, 4.1428530051e-10],
        "mean": [2.68988005701e-05, 0.000164864017279, 0.00012743708794, 0.000440007541329, 0.000977793941274, 0.0014292744454, 0.000616307021119, 0.000806906726211, 0.000274059333606, 0.000125234335428, 8.14612430986e-05, 4.86474564241e-05, 3.50081572833e-05, 1.54297358677e-05, 1.40368510984e-05, 1.56492133101e-05, 8.57764825923e-06, 3.25942323798e-06, 1.85205385606e-06, 2.34903222918e-06, 1.11236045086e-06, 6.84315125454e-07, 3.00107046769e-07, 1.41820081012e-07, 8.06627582506e-08, 2.25346727944e-08, 8.71303740269e-09, 6.30648200328e-09, 2.71731659396e-09, 7.50462858523e-10, 4.3439429831e-10, 2.85648976694e-10, 9.11734368558e-11, 6.87135279231e-11, 2.57789484204e-11, 1.89238520687e-11, 1.49205994782e-11, 1.28856977172e-11, 1.16369205938e-11, 1.05091673211e-11],
        "median": [7.35874436941e-06, 5.75950034545e-05, 6.45881082164e-05, 0.000220038593397, 0.000532394740731, 0.000705004960764, 0.00032639404526, 0.000327367451973, 0.000135221664095, 3.47400091414e-05, 3.51768067048e-05, 2.22711314564e-05, 1.05695125967e-05, 5.04168383486e-06, 5.01214572068e-06, 5.38908716408e-06, 2.18190143642e-06, 1.20120375868e-06, 9.38615983159e-07, 8.9340909426e-07, 3.82919893127e-07, 1.52247253027e-07, 7.75275168508e-08, 2.46063507348e-08, 1.28024844059e-08, 4.97875474181e-09, 1.52837598133e-09, 6.54994281035e-10, 2.4333132731e-10, 7.52222034661e-11, 5.01628252825e-11, 3.94581381458e-11, 1.9884816016e-11, 1.53851827112e-11, 1.10686165095e-11, 9.1229575977e-12, 8.10275284369e-12, 7.36568445125e-12, 7.20161473858e-12, 6.67454286285e-12],
        "min": [3.84078546496e-24, 6.80982283166e-24, 9.39444433494e-24, 4.95875204009e-24, 3.89291457686e-24, 3.61921889137e-24, 5.3595860711e-24, 5.46321793935e-24, 5.42517827764e-24, 5.64298514016e-24, 6.36363718721e-24, 2.57254877599e-24, 9.78071086604e-24, 1.42275134779e-23, 9.12984066581e-24, 5.20465891691e-24, 1.00713398453e-23, 8.18257727968e-24, 7.45264428408e-24, 1.143704661e-23, 1.30036147161e-23, 9.03004897244e-24, 9.95777464053e-24, 8.09459246748e-24, 8.94531505602e-24, 1.17864047059e-23, 8.32682680709e-24, 6.73635779328e-24, 1.02918769554e-23, 8.65882759652e-24, 9.6610028014e-24, 4.80141097153e-24, 1.20913909537e-23, 1.10672688495e-23, 6.12519885101e-24, 6.93843240276e-24, 7.68924733538e-24, 7.84211359046e-24, 7.92035675934e-24, 1.05091434482e-23],
        "var": [2.81917467149e-09, 8.00243640242e-08, 2.94511330878e-08, 3.42550833921e-07, 1.60206764122e-06, 5.33593674845e-06, 6.58483543248e-07, 1.49524532844e-06, 1.48167259795e-07, 1.90284424662e-07, 2.17446878281e-08, 1.04282200653e-08, 5.94637850071e-09, 5.41786215891e-09, 2.52606313644e-09, 7.59815932394e-10, 2.81853984596e-10, 4.98447429165e-11, 8.48673475246e-12, 1.96899944266e-11, 5.23798018848e-12, 3.05996157232e-12, 7.86825411683e-13, 3.081698308e-13, 7.41873332514e-14, 3.90987316782e-15, 8.34879665588e-16, 4.78255501387e-16, 1.1419985392e-16, 1.08685179742e-17, 4.3937054812e-18, 1.39732115701e-18, 1.31176110996e-19, 7.52622881911e-20, 3.58636594593e-21, 1.59880411182e-21, 4.92238754029e-22, 3.70584134079e-22, 2.20246531615e-22, 1.6522849432e-22]
    },
    "mfcc": {
        "mean": [-834.447631836, 254.357574463, 6.38194990158, -31.6485919952, 0.615398705006, -17.7119808197, -26.3752689362, -14.1028108597, -10.3701086044, -9.24059867859, -4.86830043793, -2.04063940048, -1.92124140263],
        "cov": [[3446.96704102, 1772.39746094, -1215.32165527, -32.3229789734, 382.442016602, -353.514099121, -144.924514771, -7.68512010574, -133.360473633, -22.0031890869, 23.9568119049, 4.45361042023, 20.9457817078], [1772.39746094, 1176.88061523, -350.300354004, -90.5645217896, 203.031997681, -92.5555114746, -107.272346497, -11.3345718384, -53.6239738464, -33.4560089111, 6.99013280869, 4.57919645309, 11.2864780426], [-1215.32165527, -350.300354004, 796.787353516, 51.1578407288, -123.051223755, 216.32925415, 53.1392211914, -9.31082344055, 57.8066139221, 6.75750303268, 3.50055241585, 6.47127246857, -6.7902545929], [-32.3229789734, -90.5645217896, 51.1578407288, 229.474456787, 74.1971588135, -23.3279457092, 41.4856643677, 9.62747573853, -10.499165535, 38.087688446, 42.688709259, 13.6048908234, 3.72363758087], [382.442016602, 203.031997681, -123.051223755, 74.1971588135, 174.115020752, -3.46542334557, -39.4902801514, 18.7202396393, -2.02675294876, 0.658489823341, 29.4286689758, 17.0892486572, 7.89367580414], [-353.514099121, -92.5555114746, 216.32925415, -23.3279457092, -3.46542334557, 139.771133423, 44.5669898987, 9.80802345276, 41.2136650085, 6.05985593796, -0.797974824905, 11.356259346, 1.18201494217], [-144.924514771, -107.272346497, 53.1392211914, 41.4856643677, -39.4902801514, 44.5669898987, 115.076873779, 44.7843093872, 12.3198699951, 28.9540805817, 13.4535074234, 4.04243898392, 3.99083304405], [-7.68512010574, -11.3345718384, -9.31082344055, 9.62747573853, 18.7202396393, 9.80802345276, 44.7843093872, 76.8351974487, 38.0603637695, 5.56965398788, 10.0377578735, 5.60351514816, 4.2508687973], [-133.360473633, -53.6239738464, 57.8066139221, -10.499165535, -2.02675294876, 41.2136650085, 12.3198699951, 38.0603637695, 79.3245391846, 37.0601425171, -5.56764698029, -3.9665594101, 2.7004544735], [-22.0031890869, -33.4560089111, 6.75750303268, 38.087688446, 0.658489823341, 6.05985593796, 28.9540805817, 5.56965398788, 37.0601425171, 82.9946060181, 35.317905426, -13.3311357498, -1.91481411457], [23.9568119049, 6.99013280869, 3.50055241585, 42.688709259, 29.4286689758, -0.797974824905, 13.4535074234, 10.0377578735, -5.56764698029, 35.317905426, 65.4254379272, 27.0853118896, -1.81968784332], [4.45361042023, 4.57919645309, 6.47127246857, 13.6048908234, 17.0892486572, 11.356259346, 4.04243898392, 5.60351514816, -3.9665594101, -13.3311357498, 27.0853118896, 64.4053421021, 30.500038147], [20.9457817078, 11.2864780426, -6.7902545929, 3.72363758087, 7.89367580414, 1.18201494217, 3.99083304405, 4.2508687973, 2.7004544735, -1.91481411457, -1.81968784332, 30.500038147, 51.1567878723]],
