{
"lowlevel": {
    "average_loudness": 0.926261544228,
    "barkbands_crest": {
        "dmean": 2.07221531868,
        "dmean2": 3.07460451126,
        "dvar": 5.97175979614,
        "dvar2": 12.4082117081,
        "max": 25.6735363007,
        "mean": 13.0329799652,
        "median": 12.5132408142,
        "min": 1.91666400433,
        "var": 34.7991447449
    },
    "barkbands_flatness_db": {
        "dmean": 0.0231113918126,
        "dmean2": 0.0319469831884,
        "dvar": 0.000811481790151,
        "dvar2": 0.00170502206311,
        "max": 0.375678479671,
        "mean": 0.147439464927,
        "median": 0.141524121165,
        "min": 0.0209900829941,
        "var": 0.00305526610464
    },
    "barkbands_kurtosis": {
        "dmean": 2.74256825447,
        "dmean2": 4.19355916977,
        "dvar": 27.8574867249,
        "dvar2": 65.6895065308,
        "max": 123.736175537,
        "mean": 4.84283542633,
        "median": 2.39010381699,
        "min": -1.91357350349,
        "var": 58.57371521
    },
    "barkbands_skewness": {
        "dmean": 0.470720142126,
        "dmean2": 0.675682842731,
        "dvar": 0.330687344074,
        "dvar2": 0.69402217865,
        "max": 10.2744522095,
        "mean": 1.78606021404,
        "median": 1.5957365036,
        "min": -3.78352165222,
        "var": 1.5736669302
    },
    "barkbands_spread": {
        "dmean": 5.93937158585,
        "dmean2": 8.96118831635,
        "dvar": 63.8556938171,
        "dvar2": 143.28994751,
        "max": 110.974235535,
        "mean": 20.8391513824,
        "median": 18.5679149628,
        "min": 1.4562523365,
        "var": 152.146835327
    },
    "dissonance": {
        "dmean": 0.0144868670031,
        "dmean2": 0.0248349048197,
        "dvar": 0.000282655993942,
        "dvar2": 0.000765130331274,
        "max": 0.500000178814,
        "mean": 0.476137936115,
        "median": 0.483768671751,
        "min": 0.165076002479,
        "var": 0.000797151587903
    },
    "dynamic_complexity": 2.37271499634,
    "erbbands_crest": {
        "dmean": 2.30146217346,
        "dmean2": 3.47640800476,
        "dvar": 5.21754980087,
        "dvar2": 10.9418678284,
        "max": 30.9909286499,
        "mean": 9.41847896576,
        "median": 8.35358333588,
        "min": 2.28119015694,
        "var": 22.1673545837
    },
    "erbbands_flatness_db": {
        "dmean": 0.0188528709114,
        "dmean2": 0.0262981541455,
        "dvar": 0.000513478938956,
        "dvar2": 0.000941683654673,
        "max": 0.430005162954,
        "mean": 0.154355287552,
        "median": 0.151082605124,
        "min": 0.0290005989373,
        "var": 0.00302426097915
    },
    "erbbands_kurtosis": {
        "dmean": 0.628084719181,
        "dmean2": 0.955888032913,
        "dvar": 0.864010989666,
        "dvar2": 1.9993391037,
        "max": 48.6934547424,
        "mean": 0.093329668045,
        "median": -0.348007202148,
        "min": -1.79975521564,
        "var": 3.51894402504
    },
    "erbbands_skewness": {
        "dmean": 0.284153729677,
        "dmean2": 0.424731612206,
        "dvar": 0.0762275010347,
        "dvar2": 0.16622748971,
        "max": 5.19551086426,
        "mean": 0.28465372324,
        "median": 0.224454641342,
        "min": -2.72720170021,
        "var": 0.384913474321
    },
    "erbbands_spread": {
        "dmean": 8.80906200409,
        "dmean2": 12.2795906067,
        "dvar": 125.318969727,
        "dvar2": 227.999145508,
        "max": 138.147796631,
        "mean": 40.6996421814,
        "median": 37.4918136597,
        "min": 1.75631797314,
        "var": 388.400512695
    },
    "hfc": {
        "dmean": 9.39875125885,
        "dmean2": 14.0394554138,
        "dvar": 391.580871582,
        "dvar2": 848.658935547,
        "max": 229.406097412,
        "mean": 20.0422306061,
        "median": 12.3409147263,
        "min": 1.2278222997e-16,
        "var": 622.174987793
    },
    "melbands_crest": {
        "dmean": 2.45212435722,
        "dmean2": 3.82015800476,
        "dvar": 9.19620609283,
        "dvar2": 21.1616363525,
        "max": 31.7946033478,
        "mean": 16.950876236,
        "median": 16.7278347015,
        "min": 1.77028524876,
        "var": 49.7827568054
    },
    "melbands_flatness_db": {
        "dmean": 0.0263833310455,
        "dmean2": 0.0364301949739,
        "dvar": 0.00118337571621,
        "dvar2": 0.00239821756259,
        "max": 0.516886889935,
        "mean": 0.209702894092,
        "median": 0.203311607242,
        "min": 0.00595284951851,
        "var": 0.00581310410053
    },
    "melbands_kurtosis": {
        "dmean": 7.77184963226,
        "dmean2": 11.3197784424,
        "dvar": 309.970733643,
        "dvar2": 677.736022949,
        "max": 317.759307861,
        "mean": 16.5565757751,
        "median": 8.59233951569,
        "min": -1.65204966068,
        "var": 556.366577148
    },
    "melbands_skewness": {
        "dmean": 0.670092046261,
        "dmean2": 0.920852184296,
        "dvar": 0.827692568302,
        "dvar2": 1.54293835163,
        "max": 14.0836210251,
        "mean": 2.973341465,
        "median": 2.53935194016,
        "min": -1.66639971733,
        "var": 3.6487185955
    },
    "melbands_spread": {
        "dmean": 5.50679111481,
        "dmean2": 7.9920334816,
        "dvar": 56.9483146667,
        "dvar2": 121.477348328,
        "max": 154.322616577,
        "mean": 20.6010971069,
        "median": 16.4336128235,
        "min": 1.18502938747,
        "var": 204.118133545
    },
    "pitch_salience": {
        "dmean": 0.0607693828642,
        "dmean2": 0.0913961753249,
        "dvar": 0.00508688762784,
        "dvar2": 0.0115888556466,
        "max": 0.950619876385,
        "mean": 0.461702615023,
        "median": 0.463121801615,
        "min": 0.095705896616,
        "var": 0.0192802716047
    },
    "silence_rate_20dB": {
        "dmean": 0,
        "dmean2": 0,
        "dvar": 0,
        "dvar2": 0,
        "max": 1,
        "mean": 1,
        "median": 1,
        "min": 1,
        "var": 0
    },
    "silence_rate_30dB": {
        "dmean": 0.031684268266,
        "dmean2": 0.0633744075894,
        "dvar": 0.0306823458523,
        "dvar2": 0.0614022053778,
        "max": 1,
        "mean": 0.960444629192,
        "median": 1,
        "min": 0,
        "var": 0.0379899553955
    },
    "silence_rate_60dB": {
        "dmean": 0.00259403372183,
        "dmean2": 0.00509589537978,
        "dvar": 0.00258733844385,
        "dvar2": 0.00636716745794,
        "max": 1,
        "mean": 0.0164891146123,
        "median": 0,
        "min": 0,
        "var": 0.016217334196
    },
    "spectral_centroid": {
        "dmean": 240.26852417,
        "dmean2": 360.057525635,
        "dvar": 94944.796875,
        "dvar2": 204879.9375,
        "max": 11269.8349609,
        "mean": 1377.71154785,
        "median": 1302.84802246,
        "min": 372.045623779,
        "var": 338484.65625
    },
    "spectral_complexity": {
        "dmean": 4.07837677002,
        "dmean2": 6.19521903992,
        "dvar": 33.1845169067,
        "dvar2": 60.5592689514,
        "max": 63,
        "mean": 20.3417320251,
        "median": 18,
        "min": 0,
        "var": 102.349006653
    },
    "spectral_decrease": {
        "dmean": 2.29327379309e-09,
        "dmean2": 3.38057626337e-09,
        "dvar": 2.5066336998e-17,
        "dvar2": 4.83394192198e-17,
        "max": 2.0430144579e-15,
        "mean": -8.10122635642e-09,
        "median": -4.40506608967e-09,
        "min": -5.90641739961e-08,
        "var": 6.36751657968e-17
    },
    "spectral_energy": {
        "dmean": 0.00923401955515,
        "dmean2": 0.0136139709502,
        "dvar": 0.0003876046394,
        "dvar2": 0.000749877013732,
        "max": 0.226119339466,
        "mean": 0.0323937982321,
        "median": 0.0184659007937,
        "min": 1.10407108311e-20,
        "var": 0.000978551688604
    },
    "spectral_energyband_high": {
        "dmean": 0.000875869882293,
        "dmean2": 0.00135992572177,
        "dvar": 3.65517416867e-06,
        "dvar2": 7.47440662963e-06,
        "max": 0.0191524643451,
        "mean": 0.00120292499196,
        "median": 0.000313058000756,
        "min": 7.92518029037e-21,
        "var": 5.77239825361e-06
    },
    "spectral_energyband_low": {
        "dmean": 0.00663693761453,
        "dmean2": 0.00922734104097,
        "dvar": 0.000305205583572,
        "dvar2": 0.000574755540583,
        "max": 0.214745640755,
        "mean": 0.0191664751619,
        "median": 0.00305581791326,
        "min": 6.23505435849e-23,
        "var": 0.000747884914745
    },
    "spectral_energyband_middle_high": {
        "dmean": 0.00147475057747,
        "dmean2": 0.0022867412772,
        "dvar": 9.70759811025e-06,
        "dvar2": 2.43618760578e-05,
        "max": 0.041358821094,
        "mean": 0.00416862219572,
        "median": 0.00304399919696,
        "min": 1.69568410697e-21,
        "var": 1.59832561621e-05
    },
    "spectral_energyband_middle_low": {
        "dmean": 0.00462141539901,
        "dmean2": 0.00756965996698,
        "dvar": 0.000148985083797,
        "dvar2": 0.000379290228011,
        "max": 0.124909050763,
        "mean": 0.00925309862942,
        "median": 0.0066255046986,
        "min": 3.29350159993e-22,
        "var": 0.000129691732582
    },
    "spectral_entropy": {
        "dmean": 0.177625864744,
        "dmean2": 0.257864147425,
        "dvar": 0.0571475103498,
        "dvar2": 0.111317060888,
        "max": 9.81660461426,
        "mean": 7.59423398972,
        "median": 7.66776275635,
        "min": 5.06060266495,
        "var": 0.273179888725
    },
    "spectral_flux": {
        "dmean": 0.0249449592084,
        "dmean2": 0.036529880017,
        "dvar": 0.00166999804787,
        "dvar2": 0.00311453221366,
        "max": 0.397558808327,
        "mean": 0.0691286548972,
        "median": 0.0435970537364,
        "min": 1.05074789147e-10,
        "var": 0.00422800611705
    },
    "spectral_kurtosis": {
        "dmean": 2.01004171371,
        "dmean2": 3.21659064293,
        "dvar": 12.5269870758,
        "dvar2": 32.6275520325,
        "max": 98.5108108521,
        "mean": 5.04534912109,
        "median": 3.38253545761,
        "min": -1.17191648483,
        "var": 49.3893127441
    },
    "spectral_rms": {
        "dmean": 0.000673064030707,
        "dmean2": 0.000973209214862,
        "dvar": 1.40311351515e-06,
        "dvar2": 2.5992189876e-06,
        "max": 0.0148527519777,
        "mean": 0.00509255984798,
        "median": 0.00424446864054,
        "min": 3.28198492688e-12,
        "var": 5.66957942283e-06
    },
    "spectral_rolloff": {
        "dmean": 486.860656738,
        "dmean2": 807.917175293,
        "dvar": 930776.5625,
        "dvar2": 2196136.75,
        "max": 19832.0800781,
        "mean": 1374.51867676,
        "median": 990.52734375,
        "min": 64.599609375,
        "var": 2695018
    },
    "spectral_skewness": {
        "dmean": 0.254874289036,
        "dmean2": 0.391590476036,
        "dvar": 0.103138707578,
        "dvar2": 0.232962951064,
        "max": 8.10675430298,
        "mean": 1.549939394,
        "median": 1.40153193474,
        "min": -0.0141613055021,
        "var": 0.464013278484
    },
    "spectral_spread": {
        "dmean": 783953.75,
        "dmean2": 1150728.5,
        "dvar": 1.3591665705e+12,
        "dvar2": 2.53065795994e+12,
        "max": 39485404,
        "mean": 4622107,
        "median": 4322687.5,
        "min": 734854.5,
        "var": 3.03115848909e+12
    },
    "spectral_strongpeak": {
        "dmean": 0.31841313839,
        "dmean2": 0.529433608055,
        "dvar": 0.329816579819,
        "dvar2": 0.758906722069,
        "max": 9.12186908722,
        "mean": 0.894415736198,
        "median": 0.517919361591,
        "min": 0,
        "var": 0.745807886124
    },
    "zerocrossingrate": {
        "dmean": 0.0114244874567,
        "dmean2": 0.0136258658022,
        "dvar": 0.000187579295016,
        "dvar2": 0.000246643729042,
        "max": 0.68701171875,
        "mean": 0.0565554536879,
        "median": 0.05078125,
        "min": 0.00341796875,
        "var": 0.00162207428366
    },
    "barkbands": {
        "dmean": [6.04885608482e-05, 0.00433050887659, 0.00339624611661, 0.0025633412879, 0.000854659709148, 0.000890700262971, 0.000633864547126, 0.000553459394723, 0.000378480908694, 0.000313715834636, 0.000298321829177, 0.000259070657194, 0.000335748656653, 0.000252492551226, 0.000210111043998, 0.000156370631885, 0.000201290749828, 0.000119659365737, 0.000138745454024, 0.000183857802767, 0.000245429633651, 0.000171749241417, 0.000149532323121, 0.000147970422404, 8.90887749847e-05, 5.13635422976e-05, 2.10534126381e-05],
        "dmean2": [9.02866740944e-05, 0.00675175338984, 0.00549782440066, 0.00447628553957, 0.00151825055946, 0.00127207662445, 0.00101183063816, 0.000905632565264, 0.00062982091913, 0.000541959190741, 0.000439863215433, 0.000435573572759, 0.000524814880919, 0.000375649018679, 0.00032991709304, 0.00025769250351, 0.000311725249048, 0.000186027216841, 0.000210674814298, 0.000305584544549, 0.000398612435674, 0.000259149703197, 0.000217294800677, 0.000229224548093, 0.000138234623591, 8.50253418321e-05, 3.85999665014e-05],
        "dvar": [2.45214124561e-08, 0.000168375787325, 0.00018255438772, 0.000106159648567, 5.45541070096e-06, 1.59702506153e-06, 1.77069478013e-06, 2.63012634605e-06, 5.96322252022e-07, 3.55662990614e-07, 3.28905798597e-07, 9.25379424643e-07, 7.32080366106e-07, 1.91866107002e-07, 1.53399668079e-07, 1.14430051212e-07, 1.639163969e-07, 5.21221394933e-08, 5.29483834555e-08, 1.91835198393e-07, 3.41145295124e-07, 1.47958104435e-07, 1.06075852102e-07, 1.05977640885e-07, 4.57582487456e-08, 1.59249395892e-08, 4.91278218107e-09],
        "dvar2": [5.26213526086e-08, 0.000410657259636, 0.000468137615826, 0.000276368460618, 1.55610832735e-05, 3.70332281818e-06, 4.56939824289e-06, 7.045406619e-06, 1.57169279191e-06, 1.00693284821e-06, 7.64324283864e-07, 2.59190892393e-06, 1.93013443095e-06, 3.91104151731e-07, 3.7091083982e-07, 3.02230688476e-07, 3.66024039522e-07, 1.10695538069e-07, 1.07335608845e-07, 4.90885838644e-07, 8.07009541859e-07, 2.94945095902e-07, 1.73749555188e-07, 2.35381790503e-07, 1.07464920518e-07, 4.1446142518e-08, 1.40246632085e-08],
        "max": [0.00218848930672, 0.172762691975, 0.148585289717, 0.0979577302933, 0.0228333249688, 0.0201860703528, 0.0259534567595, 0.0404415614903, 0.0188722983003, 0.0110515234992, 0.012146265246, 0.0133436089382, 0.0124405454844, 0.0112893618643, 0.0137724382803, 0.0080734193325, 0.00779857765883, 0.00310422689654, 0.00315831392072, 0.00522397644818, 0.00622469838709, 0.00364862335846, 0.00275034271181, 0.00360146001913, 0.00266365334392, 0.00153042806778, 0.000846118025947],
        "mean": [0.000189103986486, 0.0143252890557, 0.00340422103181, 0.0020630217623, 0.00119052571245, 0.00278632971458, 0.00133822695352, 0.000932475610171, 0.000680161232594, 0.00052181299543, 0.000635292497464, 0.000372834707377, 0.00060197483981, 0.000561588618439, 0.000402207253501, 0.000254064390901, 0.000324917433318, 0.00021178033785, 0.000249688193435, 0.000271043099929, 0.000304434099235, 0.000235402971157, 0.000196438093553, 0.000174322005478, 0.000102598016383, 4.92850631417e-05, 1.4779594494e-05],
        "median": [3.77031528842e-06, 0.000144484554767, 0.00081382150529, 0.0003557857126, 0.000634781317785, 0.00199593324214, 0.000773542909883, 0.000293163990136, 0.000341160834068, 0.000234490493312, 0.00029498533695, 0.00010206544539, 0.000208600831684, 0.000267560768407, 0.000201210816158, 0.000144850244396, 0.000135103313369, 0.000109699220047, 0.000123889927636, 0.000103238206066, 8.2743812527e-05, 5.81466774747e-05, 4.42686869064e-05, 3.01783420582e-05, 1.18506904982e-05, 3.64788274965e-06, 8.84375651822e-07],
        "min": [5.13576974509e-23, 3.72010079051e-23, 8.24930682644e-25, 1.49876977115e-23, 1.79833118021e-23, 4.17955515427e-23, 4.82631223375e-23, 7.87049933018e-23, 8.96188902364e-23, 1.01805585843e-22, 8.53665765476e-23, 5.51134515989e-23, 1.11820932341e-22, 7.30434269375e-23, 2.22088730088e-22, 1.39977044122e-22, 1.13342764934e-22, 1.66462411616e-22, 3.73820634735e-22, 3.23301351276e-22, 4.98165939326e-22, 5.65694906681e-22, 5.85210896336e-22, 9.51971894923e-22, 1.16198065282e-21, 1.79546680733e-21, 2.53871665853e-21],
        "var": [1.2390158588e-07, 0.00040119147161, 0.0001488912676, 7.56618537707e-05, 3.97597023039e-06, 6.66893902235e-06, 3.01835484606e-06, 3.52237975676e-06, 1.02980970951e-06, 6.03271701038e-07, 9.55132463787e-07, 9.58939381235e-07, 1.28295778268e-06, 7.67021504089e-07, 3.56404711965e-07, 1.34878277436e-07, 2.80548448472e-07, 8.82126087731e-08, 9.95675790705e-08, 2.17667206925e-07, 3.87932487911e-07, 2.47416693355e-07, 1.88063552287e-07, 1.64106182865e-07, 6.59516175006e-08, 1.6194224628e-08, 2.96485169748e-09]
    },
    "erbbands": {
        "dmean": [0.10615119338, 1.07010817528, 3.19187641144, 6.31526994705, 4.96103382111, 2.70407271385, 3.01843714714, 9.56382846832, 8.42249011993, 13.2564897537, 9.31234741211, 9.53068065643, 10.0924186707, 7.94065141678, 12.118388176, 10.1790971756, 15.1746530533, 14.5287342072, 6.96107292175, 14.0730285645, 7.6682062149, 10.0957164764, 7.2125878334, 6.78921031952, 7.07731819153, 9.38980293274, 9.06690883636, 9.37835121155, 6.29866123199, 5.4372959137, 4.6081662178, 3.31923508644, 2.23173332214, 1.07575559616, 0.600018262863, 0.235684499145, 0.0882800593972, 0.027858922258, 0.00362369627692, 0.00015793730563],
        "dmean2": [0.154983848333, 1.63488936424, 4.8658080101, 10.3185958862, 8.72971439362, 4.79819440842, 5.08390951157, 13.3988075256, 13.2044553757, 20.9837703705, 15.9003667831, 15.9820995331, 17.1670818329, 12.9819631577, 18.7314357758, 16.4415473938, 23.141752243, 21.8909416199, 10.9085903168, 21.8600387573, 12.1418466568, 15.5497627258, 11.2293691635, 10.4068279266, 10.9631319046, 15.5781946182, 14.7794885635, 15.1219367981, 9.42335128784, 8.92777729034, 6.29471158981, 4.8782749176, 3.58788490295, 1.66198670864, 0.946343183517, 0.374201089144, 0.150546491146, 0.0498876012862, 0.00661925645545, 0.000286626280285],
        "dvar": [0.0739086568356, 11.1553020477, 140.60836792, 562.671264648, 294.319976807, 54.1757125854, 46.8902130127, 185.099075317, 265.682678223, 633.016357422, 1506.91687012, 403.386199951, 359.247344971, 226.65562439, 848.355285645, 925.360778809, 1296.67224121, 675.20715332, 248.554779053, 547.128173828, 317.301422119, 449.804534912, 175.402481079, 159.237609863, 177.714920044, 480.569213867, 437.673553467, 568.399230957, 197.566757202, 168.027542114, 97.9324874878, 51.0317306519, 25.8750114441, 6.63355302811, 2.02480149269, 0.301108956337, 0.0482120923698, 0.00802515167743, 0.000134883870487, 2.48115497925e-07],
        "dvar2": [0.14658755064, 27.2871398926, 329.294189453, 1220.88830566, 817.345214844, 154.594161987, 132.99810791, 406.580932617, 680.963500977, 1538.68688965, 4256.65576172, 1073.53771973, 989.745788574, 610.18157959, 2222.70874023, 2517.13208008, 3281.77514648, 1456.45935059, 590.369384766, 1248.07666016, 800.699645996, 992.581115723, 374.858703613, 313.020172119, 386.874755859, 1218.13354492, 1071.09899902, 1381.40576172, 392.712646484, 351.32598877, 170.648834229, 105.2004776, 61.8616828918, 15.244055748, 4.8324432373, 0.745865225792, 0.13049121201, 0.0227133221924, 0.000381908030249, 7.01607518749e-07],
        "max": [3.17374897003, 45.5295753479, 130.969665527, 219.845932007, 208.511749268, 97.5625991821, 94.9553375244, 236.432327271, 366.09286499, 361.948028564, 1073.99951172, 502.690673828, 438.877563477, 317.567779541, 489.234466553, 428.14755249, 607.195922852, 602.581176758, 447.566436768, 511.293884277, 274.154266357, 291.737121582, 184.842010498, 160.026916504, 116.536048889, 248.091506958, 169.594619751, 318.479736328, 139.756591797, 121.524917603, 94.0747299194, 77.458114624, 56.6886482239, 34.747467041, 18.3766803741, 6.51918029785, 2.55284619331, 1.19877803326, 0.129963859916, 0.00584728270769],
        "mean": [0.465459406376, 3.0279378891, 3.83185362816, 6.38903331757, 5.5342669487, 3.55409002304, 5.78375387192, 29.7771186829, 21.5690822601, 28.5891418457, 14.4502096176, 16.5639972687, 18.3248329163, 15.4957647324, 24.2233715057, 18.1394634247, 29.4031925201, 32.2215461731, 14.1474847794, 26.406961441, 13.0113334656, 16.8398857117, 13.2598581314, 12.598069191, 12.5220375061, 13.4849824905, 11.6446704865, 11.6291656494, 8.8639755249, 6.87869596481, 5.66260480881, 4.0069103241, 2.56374239922, 1.28813242912, 0.658546686172, 0.244770973921, 0.0813679397106, 0.0221043135971, 0.0025499232579, 0.000141136988532],
        "median": [0.0033021538984, 0.0899802818894, 1.244805336, 1.41379916668, 1.95755636692, 1.71028780937, 3.52784967422, 20.2656345367, 16.3247928619, 12.8610105515, 6.04293441772, 8.34472179413, 8.3177690506, 8.14002037048, 12.0541992188, 6.39082765579, 10.7706365585, 15.2510318756, 8.44241714478, 14.1506347656, 6.95092964172, 7.1656537056, 8.09395599365, 6.79338169098, 5.88828468323, 5.3903298378, 3.54063200951, 2.93760490417, 2.1081597805, 1.70498144627, 1.1610211134, 0.739416241646, 0.450588971376, 0.171350836754, 0.0628445148468, 0.0216601751745, 0.00588126434013, 0.00135247956496, 0.000166533936863, 4.43981371063e-05],
        "min": [2.26882777911e-21, 4.11492789501e-21, 1.49742006169e-21, 2.18954174999e-20, 7.76195978405e-20, 3.11425358067e-20, 1.99465105065e-19, 4.07592057763e-19, 6.30539049735e-19, 1.06522406429e-18, 1.47830368994e-18, 1.86356285344e-18, 3.62939100879e-18, 2.45956137404e-18, 3.34751680735e-18, 2.54696913578e-18, 5.7883514327e-18, 4.34639405888e-18, 7.38780068644e-18, 1.14433530789e-17, 8.43270598956e-18, 6.33973307183e-18, 6.76740819599e-18, 1.75412003416e-17, 2.16750089831e-17, 1.43135382827e-17, 1.96859903344e-17, 1.64810277659e-17, 2.12088232247e-17, 2.1076631491e-17, 1.63835164066e-17, 1.63269355983e-17, 1.72074974845e-17, 1.14354576399e-17, 9.78822257578e-18, 6.07561967892e-18, 3.21263260076e-18, 1.33762942586e-18, 3.66055700292e-19, 3.77995593607e-20],
        "var": [0.401046454906, 20.8130226135, 141.538986206, 542.433776855, 199.871887207, 39.9600486755, 51.5527114868, 853.250488281, 459.520111084, 1536.10510254, 1253.45007324, 676.510681152, 722.687438965, 412.037597656, 1332.1328125, 1385.85595703, 2875.69848633, 2480.29321289, 451.532745361, 1337.46508789, 379.822540283, 797.340637207, 295.58416748, 285.540222168, 284.836395264, 524.125366211, 524.121520996, 598.796264648, 346.965179443, 226.073974609, 172.274902344, 83.505531311, 37.0307502747, 10.2609205246, 2.68571352959, 0.363528341055, 0.0442613847554, 0.00546918064356, 8.23289083201e-05, 1.53314786644e-07]
    },
    "gfcc": {
        "mean": [-2.13026762009, 86.4994049072, -120.482513428, 24.7824420929, -61.0660896301, 6.8851776123, -37.0339431763, 2.40007567406, -18.2082195282, 4.61071825027, -8.98413848877, -2.06406784058, -12.8172941208],
        "cov": [[8101.08007812, -1653.01013184, 346.523376465, 1161.99890137, -2.43196487427, 877.635009766, 61.3006706238, 337.50894165, -111.735664368, 352.521820068, -64.3106613159, 382.283905029, 33.2900047302], [-1653.01013184, 1739.21118164, -205.921432495, -77.250793457, 289.115264893, -153.671051025, 173.577651978, 20.6409873962, 257.812103271, -65.6706695557, 142.652511597, -196.234085083, 15.5394821167], [346.523376465, -205.921432495, 1076.42724609, 265.987030029, 318.808349609, 362.882476807, 306.030212402, 296.126739502, 226.160110474, 279.315093994, 102.606285095, 140.915222168, 81.749420166], [1161.99890137, -77.250793457, 265.987030029, 618.794677734, 97.2592163086, 287.770446777, 153.812423706, 132.915847778, 122.440231323, 98.9550552368, 82.0767974854, 83.0827636719, 78.8091049194], [-2.43196487427, 289.115264893, 318.808349609, 97.2592163086, 368.452148438, 115.187072754, 216.131393433, 147.380645752, 126.973014832, 144.55355835, 67.8200454712, 51.0990524292, 51.2194900513], [877.635009766, -153.671051025, 362.882476807, 287.770446777, 115.187072754, 390.458953857, 165.768661499, 192.583557129, 155.446640015, 147.878814697, 93.0033721924, 97.8163909912, 60.8284225464], [61.3006706238, 173.577651978, 306.030212402, 153.812423706, 216.131393433, 165.768661499, 284.857788086, 175.548187256, 155.968505859, 135.904083252, 74.5331192017, 61.8789787292, 80.4656600952], [337.50894165, 20.6409873962, 296.126739502, 132.915847778, 147.380645752, 192.583557129, 175.548187256, 236.374633789, 166.261444092, 132.917785645, 71.2179794312, 72.3334121704, 58.612487793], [-111.735664368, 257.812103271, 226.160110474, 122.440231323, 126.973014832, 155.446640015, 155.968505859, 166.261444092, 256.21496582, 112.551635742, 108.932395935, 19.6210765839, 48.1832313538], [352.521820068, -65.6706695557, 279.315093994, 98.9550552368, 144.55355835, 147.878814697, 135.904083252, 132.917785645, 112.551635742, 201.516586304, 84.0368347168, 76.9295883179, 40.6208763123], [-64.3106613159, 142.652511597, 102.606285095, 82.0767974854, 67.8200454712, 93.0033721924, 74.5331192017, 71.2179794312, 108.932395935, 84.0368347168, 136.441772461, 54.6574325562, 45.2782402039], [382.283905029, -196.234085083, 140.915222168, 83.0827636719, 51.0990524292, 97.8163909912, 61.8789787292, 72.3334121704, 19.6210765839, 76.9295883179, 54.6574325562, 145.388137817, 72.0255813599], [33.2900047302, 15.5394821167, 81.749420166, 78.8091049194, 51.2194900513, 60.8284225464, 80.4656600952, 58.612487793, 48.1832313538, 40.6208763123, 45.2782402039, 72.0255813599, 113.364265442]],
        "icov": [[0.00035979488166, -2.24755658564e-05, 0.000309227500111, -0.000583621440455, 4.72190113214e-05, -0.000660456600599, 0.000437992770458, -0.000498806999531, 0.00054123334121, -0.000829970580526, 0.000952598755248, -0.000683563353959, 0.000481403490994], [-2.24755658564e-05, 0.00210390309803, 0.00054477219237, 0.00015903878375, -0.00213706563227, 0.00097228155937, -0.000973405200057, 0.000372168171452, -0.00166470662225, 0.0022814203985, -0.00307214749046, 0.00313340313733, -0.000716547772754], [0.000309227500111, 0.00054477219237, 0.00235561281443, -0.00049187685363, -0.00113470212091, -0.00111220462713, -0.000249100237852, -0.000734701752663, -0.000305446912535, -0.00130067463033, 0.00093991518952, -0.000387628679164, 0.000610663322732], [-0.000583621440455, 0.00015903878375, -0.00049187685363, 0.00354358251207, -0.000184752847417, -0.000789789773989, -0.0012845286401, 0.00141096196603, -0.00104998168536, 0.00187357049435, -0.00192498287652, 0.00127782532945, -0.00153773603961], [4.72190113214e-05, -0.00213706563227, -0.00113470212091, -0.000184752847417, 0.00772344507277, -6.34918324067e-05, -0.00237638875842, -0.000811405945569, 0.00198721513152, -0.00383710069582, 0.00269378744997, -0.0028880732134, 0.00116586091463], [-0.000660456600599, 0.00097228155937, -0.00111220462713, -0.000789789773989, -6.34918324067e-05, 0.00827960204333, -0.00154891563579, -0.00152557448018, -0.00220652855933, 0.0017646701308, -0.00379140861332, 0.00129593955353, -0.000117546427646], [0.000437992770458, -0.000973405200057, -0.000249100237852, -0.0012845286401, -0.00237638875842, -0.00154891563579, 0.011532202363, -0.00359310675412, 9.44317434914e-05, -0.00314338039607, 0.00317472475581, -0.000771708961111, -0.0030370624736], [-0.000498806999531, 0.000372168171452, -0.000734701752663, 0.00141096196603, -0.000811405945569, -0.00152557448018, -0.00359310675412, 0.0147414859384, -0.00698374398053, -7.28789746063e-05, 0.00140650663525, -0.00207965588197, -0.000487848185003], [0.00054123334121, -0.00166470662225, -0.000305446912535, -0.00104998168536, 0.00198721513152, -0.00220652855933, 9.44317434914e-05, -0.00698374398053, 0.0140873733908, -0.00329464068636, -0.00319752749056, 0.00268087629229, -0.000383863312891], [-0.000829970580526, 0.0022814203985, -0.00130067463033, 0.00187357049435, -0.00383710069582, 0.0017646701308, -0.00314338039607, -7.28789746063e-05, -0.00329464068636, 0.0163887515664, -0.00883217994124, 0.00182300026063, 0.000519339519087], [0.000952598755248, -0.00307214749046, 0.00093991518952, -0.00192498287652, 0.00269378744997, -0.00379140861332, 0.00317472475581, 0.00140650663525, -0.00319752749056, -0.00883217994124, 0.0221170783043, -0.0106667531654, 0.00110570003744], [-0.000683563353959, 0.00313340313733, -0.000387628679164, 0.00127782532945, -0.0028880732134, 0.00129593955353, -0.000771708961111, -0.00207965588197, 0.00268087629229, 0.00182300026063, -0.0106667531654, 0.0216368697584, -0.00988430902362], [0.000481403490994, -0.000716547772754, 0.000610663322732, -0.00153773603961, 0.00116586091463, -0.000117546427646, -0.0030370624736, -0.000487848185003, -0.000383863312891, 0.000519339519087, 0.00110570003744, -0.00988430902362, 0.0171662773937]]
    },
    "melbands": {
        "dmean": [0.00109033402987, 0.00143349554855, 0.00101745768916, 0.000237095417106, 0.00010416641453, 0.000198267356609, 0.000129014093545, 0.000141149648698, 7.29065504856e-05, 5.71606506128e-05, 5.09327546752e-05, 3.2451498555e-05, 4.47358979727e-05, 3.18928505294e-05, 2.78891457128e-05, 3.30845687131e-05, 2.78483876173e-05, 1.16750034067e-05, 1.55839461513e-05, 1.60142953973e-05, 8.58197017806e-06, 1.0267503967e-05, 1.04893997559e-05, 6.13092652202e-06, 5.76400088903e-06, 5.83141900279e-06, 6.00549083174e-06, 6.1529362938e-06, 5.8276659729e-06, 5.2792038332e-06, 6.04975775786e-06, 3.48312823917e-06, 3.9095948523e-06, 2.84602992906e-06, 2.90643220069e-06, 2.11669885175e-06, 2.01757620744e-06, 1.72078193827e-06, 1.23215238546e-06, 8.09720518191e-07],
        "dmean2": [0.00167007907294, 0.0021302793175, 0.00164375710301, 0.000422185868956, 0.000179420065251, 0.000280056730844, 0.000201547780307, 0.000223833354539, 0.000124797108583, 9.56268049777e-05, 8.6810963694e-05, 5.3860789194e-05, 6.67067506583e-05, 5.43246569578e-05, 4.15773210989e-05, 5.2679246437e-05, 4.15883296228e-05, 1.82875755854e-05, 2.49179502134e-05, 2.50871580647e-05, 1.3567165297e-05, 1.58456296049e-05, 1.60566887644e-05, 9.66027710092e-06, 8.92815478437e-06, 8.76607828104e-06, 9.95153732219e-06, 1.02285321191e-05, 9.64456194197e-06, 8.12094094726e-06, 1.00956167444e-05, 5.22142454429e-06, 6.41393216938e-06, 4.5391416279e-06, 4.05582886742e-06, 3.07870709548e-06, 2.97310089081e-06, 2.78160837297e-06, 2.03014997169e-06, 1.24913083255e-06],
        "dvar": [9.0796911536e-06, 2.28773660638e-05, 1.38029772643e-05, 4.78760910028e-07, 6.5890588985e-08, 7.96506895995e-08, 6.42318696009e-08, 7.46371142668e-08, 8.92826577115e-08, 1.43295553201e-08, 9.23862941704e-09, 3.93703469825e-09, 8.36857605435e-09, 1.70405538569e-08, 2.84695844677e-09, 9.8707806373e-09, 2.47653564323e-09, 6.97268243144e-10, 9.92409598943e-10, 6.81038836436e-10, 4.18314660688e-10, 4.85592066557e-10, 4.23628049306e-10, 1.16583478982e-10, 1.19707022073e-10, 9.01324917479e-11, 2.15443093921e-10, 2.04797068193e-10, 1.67619210178e-10, 1.643585823e-10, 2.97102065172e-10, 5.66069621732e-11, 8.99374394403e-11, 4.37744424042e-11, 4.26503173057e-11, 1.97340685459e-11, 1.86972989175e-11, 1.74235313677e-11, 7.14292210449e-12, 4.3383647369e-12],
        "dvar2": [2.07637658605e-05, 4.95767053508e-05, 3.01048494293e-05, 1.34743379476e-06, 1.88230757203e-07, 1.78379409022e-07, 1.65161821997e-07, 1.79524576538e-07, 2.52472830198e-07, 3.86911622741e-08, 2.55925414194e-08, 1.07557456275e-08, 1.98518428363e-08, 4.87282463268e-08, 6.06155570182e-09, 2.76344636063e-08, 5.0469934898e-09, 1.64668700897e-09, 2.54443288661e-09, 1.63388658159e-09, 1.02464270402e-09, 1.06291531132e-09, 9.10055586445e-10, 2.57573545825e-10, 2.38444708422e-10, 1.90295293412e-10, 5.61798441101e-10, 5.20640863755e-10, 4.22580248571e-10, 3.60094759566e-10, 7.85503606604e-10, 1.14665291151e-10, 2.06072894859e-10, 9.20932982651e-11, 7.90288598451e-11, 3.64237112693e-11, 3.90965107511e-11, 4.27838250938e-11, 1.72938139503e-11, 9.65943904724e-12],
        "max": [0.0382803976536, 0.0515982061625, 0.0360912196338, 0.00749668804929, 0.00333400280215, 0.00475941877812, 0.005597026553, 0.00404759868979, 0.00800526700914, 0.00270408042707, 0.00219778087921, 0.00139923521783, 0.00177668163087, 0.00179487711284, 0.00109916634392, 0.00144412554801, 0.0013857105514, 0.000456559326267, 0.00122825847939, 0.000748346094042, 0.000279532250715, 0.000291745353024, 0.000546546303667, 0.000122451630887, 0.000145231664646, 0.000111492925498, 0.000186805555131, 0.000150838168338, 0.000114276102977, 0.000136092217872, 0.000199102636543, 7.49048413127e-05, 9.16970602702e-05, 5.9146033891e-05, 5.86237329117e-05, 4.21859658672e-05, 4.83558396809e-05, 4.89407357236e-05, 3.27630332322e-05, 2.95107201964e-05],
        "mean": [0.00417945953086, 0.00271890475415, 0.00110455288086, 0.000299994804664, 0.000177318856004, 0.000615713302977, 0.000338517915225, 0.000295213627396, 0.000109208638605, 0.000100530945929, 8.94745680853e-05, 5.88361690461e-05, 9.21835526242e-05, 4.57921269117e-05, 5.86750757066e-05, 5.77772625547e-05, 6.1173690483e-05, 2.10124799196e-05, 2.90935076919e-05, 2.89174622594e-05, 1.28434066937e-05, 1.68859605765e-05, 1.63862605405e-05, 1.07962096081e-05, 9.87315161183e-06, 9.79529704637e-06, 8.95943412615e-06, 8.54805330164e-06, 7.29421344658e-06, 6.80865650793e-06, 6.73931708661e-06, 4.87690158479e-06, 4.58199474451e-06, 3.55620363734e-06, 3.4297190723e-06, 2.68314397545e-06, 2.34110279962e-06, 1.92044149117e-06, 1.40330791965e-06, 9.70720407167e-07],
        "median": [3.53502618964e-05, 0.000686923740432, 0.000301641150145, 0.000143685887451, 0.000105283768789, 0.000423232588219, 0.000260594126303, 0.000122439174447, 4.08201813116e-05, 5.26107214682e-05, 4.02310542995e-05, 2.9968614399e-05, 4.09696440329e-05, 1.44319283208e-05, 1.81525883818e-05, 2.37506919802e-05, 2.72870511253e-05, 1.19273381642e-05, 1.46845723066e-05, 1.73451226146e-05, 5.31578825758e-06, 6.20760738457e-06, 7.18853971193e-06, 5.52417304789e-06, 4.88071873406e-06, 4.76946115668e-06, 3.61405750482e-06, 3.24330380863e-06, 2.05655032914e-06, 1.9433948637e-06, 1.51961523898e-06, 1.1004768794e-06, 1.11476231268e-06, 8.26225914352e-07, 6.38975848233e-07, 5.97150233261e-07, 3.81152659656e-07, 3.59043951903e-07, 1.8527086354e-07, 1.24443360505e-07],
        "min": [1.67872456308e-23, 1.87874777922e-24, 6.24871474724e-24, 3.62914157826e-24, 5.64897377772e-24, 8.44413673458e-24, 1.00258833134e-23, 1.46699682047e-23, 1.08511927478e-23, 1.27545358296e-23, 1.83031002358e-23, 9.81174938722e-24, 1.16390533774e-23, 5.87306865051e-24, 9.82234773348e-24, 1.11982860241e-23, 7.85964602407e-24, 1.03255471166e-23, 1.49981958724e-23, 1.18811611001e-23, 9.79073571043e-24, 5.86544904303e-24, 5.77094863418e-24, 8.16653263773e-24, 1.50107166727e-23, 1.49463708664e-23, 1.62782473312e-23, 7.06048575088e-24, 9.5472443257e-24, 1.45868790633e-23, 8.11123743258e-24, 1.15275668211e-23, 1.23975320938e-23, 1.09123815328e-23, 9.55385576895e-24, 5.92538906119e-24, 1.2954251745e-23, 1.45428842906e-23, 7.91211947377e-24, 1.00511702497e-23],
        "var": [3.16361292789e-05, 3.0549676012e-05, 1.34009478643e-05, 3.35517796657e-07, 5.88976050153e-08, 3.52693632522e-07, 1.08889338435e-07, 1.80341174882e-07, 7.56609139785e-08, 2.25782024188e-08, 1.79615380347e-08, 6.55650467252e-09, 2.16018403165e-08, 1.46465124473e-08, 1.06651167897e-08, 1.06017337131e-08, 1.04476338691e-08, 1.12188125456e-09, 2.1127715133e-09, 1.3255972986e-09, 5.10196385139e-10, 9.32375177065e-10, 7.57210905089e-10, 2.16714327039e-10, 2.03186273362e-10, 1.62301200257e-10, 2.41696412884e-10, 2.17353565701e-10, 2.02307892661e-10, 2.02871192068e-10, 2.49343684589e-10, 1.02575697936e-10, 1.12762431337e-10, 5.89375007132e-11, 6.75540318129e-11, 3.60269314381e-11, 2.95384376681e-11, 2.25873781484e-11, 1.05599287994e-11, 6.69248770985e-12]
    },
    "mfcc": {
        "mean": [-642.723876953, 116.566902161, -2.82303881645, 17.2213878632, -2.87331628799, 2.57111382484, -6.14038610458, -3.38247680664, -7.79891872406, 2.55947947502, -0.333228260279, 0.793099761009, -0.57412225008],
        "cov": [[5711.62646484, -1345.75244141, 439.413421631, 297.10635376, 154.7240448, 477.989471436, 253.436935425, 276.612701416, 237.052764893, -4.24006271362, 5.95976448059, 202.399780273, 184.345962524], [-1345.75244141, 1525.70458984, -226.17805481, 57.341583252, 107.015434265, -70.8200378418, 33.1064910889, 16.7112445831, 14.6191797256, 172.437210083, 150.011062622, 10.975358963, -16.5448036194], [439.413421631, -226.17805481, 713.672058105, 165.617279053, 205.82043457, 230.955947876, 169.709976196, 181.918304443, 206.315551758, 186.362762451, 171.387832642, 161.210739136, 92.9114761353], [297.10635376, 57.341583252, 165.617279053, 339.837097168, 114.213577271, 146.248947144, 129.598205566, 86.7206573486, 111.66985321, 90.7878952026, 47.7545623779, 60.379070282, 62.6869049072], [154.7240448, 107.015434265, 205.82043457, 114.213577271, 207.786727905, 123.591888428, 102.767593384, 106.399887085, 100.773612976, 113.028129578, 108.717247009, 88.5145645142, 57.8827362061], [477.989471436, -70.8200378418, 230.955947876, 146.248947144, 123.591888428, 228.697570801, 142.134643555, 114.647834778, 117.686004639, 96.9834442139, 92.1781387329, 93.8858337402, 67.0646743774], [253.436935425, 33.1064910889, 169.709976196, 129.598205566, 102.767593384, 142.134643555, 199.590301514, 102.307220459, 125.66860199, 102.533699036, 79.0821762085, 64.8474121094, 62.9947814941], [276.612701416, 16.7112445831, 181.918304443, 86.7206573486, 106.399887085, 114.647834778, 102.307220459, 180.236206055, 129.48085022, 98.2928161621, 89.9769515991, 80.2803726196, 62.0172843933], [237.052764893, 14.6191797256, 206.315551758, 111.66985321, 100.773612976, 117.686004639, 125.66860199, 129.48085022, 207.206741333, 145.0730896, 97.7734603882, 80.0507583618, 65.520652771], [-4.24006271362, 172.437210083, 186.362762451, 90.7878952026, 113.028129578, 96.9834442139, 102.533699036, 98.2928161621, 145.0730896, 195.504837036, 140.323165894, 86.9377059937, 47.8963165283], [5.95976448059, 150.011062622, 171.387832642, 47.7545623779, 108.717247009, 92.1781387329, 79.0821762085, 89.9769515991, 97.7734603882, 140.323165894, 192.005447388, 126.975250244, 42.9139633179], [202.399780273, 10.975358963, 161.210739136, 60.379070282, 88.5145645142, 93.8858337402, 64.8474121094, 80.2803726196, 80.0507583618, 86.9377059937, 126.975250244, 154.995269775, 70.7540740967], [184.345962524, -16.5448036194, 92.9114761353, 62.6869049072, 57.8827362061, 67.0646743774, 62.9947814941, 62.0172843933, 65.520652771, 47.8963165283, 42.9139633179, 70.7540740967, 105.402755737]],
