{
"lowlevel": {
    "average_loudness": 0.960734248161,
    "barkbands_crest": {
        "dmean": 2.48253822327,
        "dmean2": 3.80145049095,
        "dvar": 5.38155555725,
        "dvar2": 13.4728288651,
        "max": 25.8993091583,
        "mean": 11.678109169,
        "median": 11.1562461853,
        "min": 3.03705143929,
        "var": 14.2954139709
    },
    "barkbands_flatness_db": {
        "dmean": 0.0256110467017,
        "dmean2": 0.0374909639359,
        "dvar": 0.000889237620868,
        "dvar2": 0.0020986397285,
        "max": 0.804083883762,
        "mean": 0.209345206618,
        "median": 0.170236855745,
        "min": 0.0387581475079,
        "var": 0.0176194738597
    },
    "barkbands_kurtosis": {
        "dmean": 4.29296875,
        "dmean2": 6.23091840744,
        "dvar": 261.181396484,
        "dvar2": 582.596313477,
        "max": 768.097167969,
        "mean": 8.2005405426,
        "median": 5.56016397476,
        "min": -1.94922339916,
        "var": 391.539428711
    },
    "barkbands_skewness": {
        "dmean": 0.576537549496,
        "dmean2": 0.853446543217,
        "dvar": 0.549498200417,
        "dvar2": 1.29875719547,
        "max": 24.8490314484,
        "mean": 2.35002374649,
        "median": 2.25254058838,
        "min": -2.14912581444,
        "var": 1.77101659775
    },
    "barkbands_spread": {
        "dmean": 7.46314239502,
        "dmean2": 10.9994001389,
        "dvar": 115.971931458,
        "dvar2": 274.149658203,
        "max": 99.6395339966,
        "mean": 23.3082637787,
        "median": 13.3730106354,
        "min": 0.413531899452,
        "var": 440.044464111
    },
    "dissonance": {
        "dmean": 0.0272906329483,
        "dmean2": 0.0455971248448,
        "dvar": 0.00108501315117,
        "dvar2": 0.00287083815783,
        "max": 0.500000119209,
        "mean": 0.43345412612,
        "median": 0.452378332615,
        "min": 0.00639097345993,
        "var": 0.0040937429294
    },
    "dynamic_complexity": 2.00117564201,
    "erbbands_crest": {
        "dmean": 2.12991905212,
        "dmean2": 3.47930431366,
        "dvar": 4.72916460037,
        "dvar2": 13.001244545,
        "max": 29.737651825,
        "mean": 8.78643894196,
        "median": 7.67135953903,
        "min": 2.53682589531,
        "var": 16.9036941528
    },
    "erbbands_flatness_db": {
        "dmean": 0.0149589506909,
        "dmean2": 0.0220968611538,
        "dvar": 0.000342035025824,
        "dvar2": 0.000645339197945,
        "max": 0.657961130142,
        "mean": 0.164716675878,
        "median": 0.120050154626,
        "min": 0.0500244982541,
        "var": 0.0138292415068
    },
    "erbbands_kurtosis": {
        "dmean": 0.758482515812,
        "dmean2": 1.16243135929,
        "dvar": 0.967606663704,
        "dvar2": 2.31767368317,
        "max": 16.1048183441,
        "mean": -0.0468826889992,
        "median": -0.405575871468,
        "min": -1.91123473644,
        "var": 2.43160414696
    },
    "erbbands_skewness": {
        "dmean": 0.35268637538,
        "dmean2": 0.542660593987,
        "dvar": 0.134667083621,
        "dvar2": 0.318013399839,
        "max": 2.72405290604,
        "mean": 0.26182076335,
        "median": 0.353541433811,
        "min": -3.29951548576,
        "var": 0.627003729343
    },
    "erbbands_spread": {
        "dmean": 10.8700370789,
        "dmean2": 15.2147531509,
        "dvar": 180.912887573,
        "dvar2": 316.665924072,
        "max": 166.30255127,
        "mean": 57.5969314575,
        "median": 57.694683075,
        "min": 2.37129497528,
        "var": 1073.17016602
    },
    "hfc": {
        "dmean": 13.2141971588,
        "dmean2": 18.5685348511,
        "dvar": 479.346618652,
        "dvar2": 1045.08081055,
        "max": 190.388870239,
        "mean": 34.4252319336,
        "median": 16.228263855,
        "min": 1.08259658183e-16,
        "var": 1400.04052734
    },
    "melbands_crest": {
        "dmean": 2.67540550232,
        "dmean2": 4.18745851517,
        "dvar": 5.50355148315,
        "dvar2": 13.9771995544,
        "max": 31.5076217651,
        "mean": 16.2578430176,
        "median": 15.9910049438,
        "min": 1.56442523003,
        "var": 16.3717441559
    },
    "melbands_flatness_db": {
        "dmean": 0.0303918644786,
        "dmean2": 0.0441248975694,
        "dvar": 0.00122517195996,
        "dvar2": 0.00293987104669,
        "max": 0.913345396519,
        "mean": 0.304096519947,
        "median": 0.264787077904,
        "min": 0.00352298398502,
        "var": 0.022295081988
    },
    "melbands_kurtosis": {
        "dmean": 12.0144577026,
        "dmean2": 18.1908054352,
        "dvar": 872.247924805,
        "dvar2": 1851.62561035,
        "max": 1056.86547852,
        "mean": 30.101940155,
        "median": 22.2188568115,
        "min": -1.76018369198,
        "var": 2411.80151367
    },
    "melbands_skewness": {
        "dmean": 0.85763001442,
        "dmean2": 1.32261097431,
        "dvar": 0.973494946957,
        "dvar2": 2.3912498951,
        "max": 24.7108154297,
        "mean": 4.18253278732,
        "median": 4.04825592041,
        "min": -0.618661284447,
        "var": 4.23916053772
    },
    "melbands_spread": {
        "dmean": 5.03819894791,
        "dmean2": 7.77808380127,
        "dvar": 65.736831665,
        "dvar2": 169.723617554,
        "max": 204.248687744,
        "mean": 14.4989109039,
        "median": 9.2883682251,
        "min": 0.336059331894,
        "var": 253.922439575
    },
    "pitch_salience": {
        "dmean": 0.0613121464849,
        "dmean2": 0.0971558541059,
        "dvar": 0.00337143428624,
        "dvar2": 0.00881959218532,
        "max": 0.86123996973,
        "mean": 0.458017021418,
        "median": 0.458026707172,
        "min": 0.108804278076,
        "var": 0.00959222111851
    },
    "silence_rate_20dB": {
        "dmean": 0,
        "dmean2": 0,
        "dvar": 0,
        "dvar2": 0,
        "max": 1,
        "mean": 1,
        "median": 1,
        "min": 1,
        "var": 0
    },
    "silence_rate_30dB": {
        "dmean": 0.0440740436316,
        "dmean2": 0.0881551504135,
        "dvar": 0.0421351380646,
        "dvar2": 0.0847084522247,
        "max": 1,
        "mean": 0.935657024384,
        "median": 1,
        "min": 0,
        "var": 0.0602073967457
    },
    "silence_rate_60dB": {
        "dmean": 0.00464780814946,
        "dmean2": 0.00929636135697,
        "dvar": 0.00462745549157,
        "dvar2": 0.0109706893563,
        "max": 1,
        "mean": 0.0168269239366,
        "median": 0,
        "min": 0,
        "var": 0.0165429338813
    },
    "spectral_centroid": {
        "dmean": 274.538391113,
        "dmean2": 412.45123291,
        "dvar": 150706.921875,
        "dvar2": 341738.96875,
        "max": 11905.0654297,
        "mean": 1194.89147949,
        "median": 762.999267578,
        "min": 175.002990723,
        "var": 1388586.625
    },
    "spectral_complexity": {
        "dmean": 2.73307156563,
        "dmean2": 4.26270246506,
        "dvar": 12.9069795609,
        "dvar2": 27.7279167175,
        "max": 41,
        "mean": 14.9409456253,
        "median": 13,
        "min": 0,
        "var": 57.5777206421
    },
    "spectral_decrease": {
        "dmean": 4.49040937767e-09,
        "dmean2": 7.31402138854e-09,
        "dvar": 7.49328623231e-17,
        "dvar2": 2.10496290071e-16,
        "max": 1.50528842783e-28,
        "mean": -1.29617410138e-08,
        "median": -1.1701787983e-08,
        "min": -1.06548135648e-07,
        "var": 8.6946449728e-17
    },
    "spectral_energy": {
        "dmean": 0.0177097320557,
        "dmean2": 0.0287167523056,
        "dvar": 0.00114193500485,
        "dvar2": 0.00316728348844,
        "max": 0.417031556368,
        "mean": 0.0520428158343,
        "median": 0.0468474887311,
        "min": 1.00593612007e-20,
        "var": 0.00139307521749
    },
    "spectral_energyband_high": {
        "dmean": 0.0015226835385,
        "dmean2": 0.00214821053669,
        "dvar": 6.64933668304e-06,
        "dvar2": 1.47646842379e-05,
        "max": 0.0213821064681,
        "mean": 0.00329321017489,
        "median": 0.000846585957333,
        "min": 6.80257179892e-21,
        "var": 2.08582350751e-05
    },
    "spectral_energyband_low": {
        "dmean": 0.0137672517449,
        "dmean2": 0.0222600325942,
        "dvar": 0.000850362761412,
        "dvar2": 0.00246634264477,
        "max": 0.383663743734,
        "mean": 0.033988121897,
        "median": 0.0298912152648,
        "min": 1.38050516419e-23,
        "var": 0.00088908552425
    },
    "spectral_energyband_middle_high": {
        "dmean": 0.000477958092233,
        "dmean2": 0.000679032702465,
        "dvar": 3.55330939783e-07,
        "dvar2": 7.53381073082e-07,
        "max": 0.00816077366471,
        "mean": 0.00185036088806,
        "median": 0.00166271696799,
        "min": 1.1700914051e-21,
        "var": 1.41155646816e-06
    },
    "spectral_energyband_middle_low": {
        "dmean": 0.00687548657879,
        "dmean2": 0.0113272210583,
        "dvar": 0.00017840169312,
        "dvar2": 0.000495480198879,
        "max": 0.235258236527,
        "mean": 0.0164011958987,
        "median": 0.0136565566063,
        "min": 1.52089555249e-22,
        "var": 0.000197327171918
    },
    "spectral_entropy": {
        "dmean": 0.236416444182,
        "dmean2": 0.335123419762,
        "dvar": 0.111083492637,
        "dvar2": 0.222613498569,
        "max": 9.82030487061,
        "mean": 7.12777137756,
        "median": 7.47959518433,
        "min": 3.14089798927,
        "var": 1.32850277424
    },
    "spectral_flux": {
        "dmean": 0.0344739295542,
        "dmean2": 0.0552003346384,
        "dvar": 0.00222349632531,
        "dvar2": 0.00459748692811,
        "max": 0.576151192188,
        "mean": 0.0906800851226,
        "median": 0.0718189254403,
        "min": 6.43358630259e-11,
        "var": 0.00416485313326
    },
    "spectral_kurtosis": {
        "dmean": 15.4315452576,
        "dmean2": 26.1386222839,
        "dvar": 3367.89135742,
        "dvar2": 10039.8017578,
        "max": 1033.77941895,
        "mean": 37.0028686523,
        "median": 1.31616330147,
        "min": -1.2735234499,
        "var": 12741.21875
    },
    "spectral_rms": {
        "dmean": 0.00107566604856,
        "dmean2": 0.00166579324286,
        "dvar": 2.3072982458e-06,
        "dvar2": 5.97701500737e-06,
        "max": 0.0201707724482,
        "mean": 0.00674830842763,
        "median": 0.00676053762436,
        "min": 3.13273213794e-12,
        "var": 5.23400603925e-06
    },
    "spectral_rolloff": {
        "dmean": 719.116699219,
        "dmean2": 1272.44714355,
        "dvar": 2021028.625,
        "dvar2": 5155820,
        "max": 19552.1484375,
        "mean": 1322.35144043,
        "median": 452.197265625,
        "min": 64.599609375,
        "var": 5270302
    },
    "spectral_skewness": {
        "dmean": 0.556114196777,
        "dmean2": 0.895068764687,
        "dvar": 1.32159543037,
        "dvar2": 3.72022080421,
        "max": 26.4219799042,
        "mean": 2.73466944695,
        "median": 1.17498350143,
        "min": -0.0695180743933,
        "var": 16.1398086548
    },
    "spectral_spread": {
        "dmean": 598877.3125,
        "dmean2": 793136.9375,
        "dvar": 825320275968,
        "dvar2": 1.23708899328e+12,
        "max": 42761588,
        "mean": 6022494.5,
        "median": 7039400,
        "min": 83621.9296875,
        "var": 1.72566511616e+13
    },
    "spectral_strongpeak": {
        "dmean": 0.224248051643,
        "dmean2": 0.387982964516,
        "dvar": 0.0754709988832,
        "dvar2": 0.199749529362,
        "max": 3.22785711288,
        "mean": 0.496497392654,
        "median": 0.416894346476,
        "min": 0,
        "var": 0.0999193266034
    },
    "zerocrossingrate": {
        "dmean": 0.0120377233252,
        "dmean2": 0.0132631873712,
        "dvar": 0.000197562359972,
        "dvar2": 0.000259432388702,
        "max": 0.5263671875,
        "mean": 0.0595629960299,
        "median": 0.04296875,
        "min": 0.0029296875,
        "var": 0.00321063678712
    },
    "barkbands": {
        "dmean": [0.000182730465895, 0.00878859311342, 0.00608815159649, 0.00389740755782, 0.00189573469106, 0.00145850027911, 0.00136254297104, 0.000395249284338, 0.000347859691828, 0.000171777748619, 0.000115622184239, 6.02849577263e-05, 7.39147726563e-05, 7.40438408684e-05, 3.75701129087e-05, 4.58261529275e-05, 5.52118508494e-05, 3.67713473679e-05, 0.000130717380671, 0.000106836749183, 0.00032095759525, 0.000443307275418, 0.000435449299403, 0.000212140745134, 0.000167907957803, 0.000105867831735, 1.75386612682e-05],
        "dmean2": [0.000271559081739, 0.0147504471242, 0.00881019700319, 0.0063856523484, 0.00304586323909, 0.002567400923, 0.00234778271988, 0.000633531308267, 0.00047495382023, 0.000225074385526, 0.000151354208356, 7.98784894869e-05, 9.46263608057e-05, 0.000102514182799, 5.89557494095e-05, 7.26091311662e-05, 8.66651898832e-05, 5.89217452216e-05, 0.000195686036022, 0.000170389379491, 0.000467717880383, 0.000721984892152, 0.000627672940027, 0.000309093360556, 0.000228834847803, 0.000153298096848, 2.54731130553e-05],
        "dvar": [2.02759792955e-07, 0.000554775586352, 7.12586042937e-05, 6.01351166551e-05, 3.28701426042e-05, 4.21440836362e-06, 3.65834262084e-06, 5.86644034684e-07, 4.38601688302e-07, 8.17609375758e-08, 4.0619958952e-08, 1.94977634038e-08, 2.30396377532e-08, 1.84614972198e-08, 5.38271249795e-09, 7.1335910512e-09, 7.78038078408e-09, 4.8753117099e-09, 5.88240496313e-08, 3.07525240828e-08, 2.38748071979e-07, 5.38899598723e-07, 5.6620893929e-07, 2.01930177468e-07, 9.33536909997e-08, 4.48996608782e-08, 9.43912725759e-10],
        "dvar2": [4.10144821217e-07, 0.00160230754409, 0.000217564229388, 0.000172580141225, 9.17518846109e-05, 1.22120172819e-05, 1.0426128938e-05, 1.55204600105e-06, 7.71091265506e-07, 1.31488420152e-07, 6.4967956348e-08, 3.15899448822e-08, 3.53841755896e-08, 3.26090230374e-08, 1.18441407793e-08, 1.74689276378e-08, 1.88952924418e-08, 1.28623778295e-08, 1.29938911186e-07, 7.43872519138e-08, 5.71034945551e-07, 1.41035241086e-06, 1.25378335269e-06, 4.65841566211e-07, 1.82475844213e-07, 1.07611121791e-07, 1.82197157361e-09],
        "max": [0.00863494258374, 0.333868443966, 0.103937536478, 0.13430416584, 0.0867366492748, 0.0394194200635, 0.0354316867888, 0.0182375721633, 0.0185775868595, 0.00627052551135, 0.00388231617399, 0.00316231558099, 0.00388668524101, 0.00323615269735, 0.00147223449312, 0.00133384286892, 0.0011338093318, 0.00119220570195, 0.00334685086273, 0.001782780746, 0.00501123536378, 0.00701651815325, 0.00542948581278, 0.00438190950081, 0.00261778081767, 0.0018880906282, 0.000206731405342],
        "mean": [0.000318543607136, 0.0186179578304, 0.0117113552988, 0.00566598773003, 0.00305078178644, 0.00288820359856, 0.00237475638278, 0.000839690736029, 0.00123913725838, 0.000552675919607, 0.000303903332679, 0.000126384416944, 0.000171693682205, 0.000189667116501, 0.000101087498479, 9.40924146562e-05, 0.000115015507617, 6.31330331089e-05, 0.000229729266721, 0.000208303405088, 0.000665542494971, 0.000892305164598, 0.000675382616464, 0.000409942527767, 0.000336996396072, 0.000176427362021, 2.42549667746e-05],
        "median": [6.82228273945e-05, 0.0146619137377, 0.0110613293946, 0.00350977294147, 0.00125794229098, 0.00202312786132, 0.00136285612825, 0.000258304120507, 0.000573195924517, 0.000324259337503, 0.000116878276458, 2.99492421618e-05, 3.5887449485e-05, 0.000135382273584, 8.93435353646e-05, 6.61742378725e-05, 6.26392284175e-05, 3.37013407261e-05, 7.83981813584e-05, 6.59761499264e-05, 0.000194605512661, 0.000264618836809, 0.00015511145466, 8.40799038997e-05, 5.83399305469e-05, 2.16311455006e-05, 4.48376704298e-06],
        "min": [8.32395771997e-25, 2.49204137909e-24, 2.47898868934e-24, 1.75031333524e-24, 9.98222222884e-24, 4.95229048041e-24, 8.91594497566e-24, 3.974026044e-24, 1.32265625851e-23, 1.41266339453e-23, 1.44970546274e-23, 2.04618512351e-23, 3.60837221169e-23, 3.62667694014e-23, 4.17184640551e-23, 5.81456246593e-23, 7.8310348279e-23, 9.67932078271e-23, 1.30631175475e-22, 1.56720257115e-22, 2.13566028329e-22, 3.26004657692e-22, 3.87077006796e-22, 5.87546934357e-22, 8.93705240069e-22, 1.26285336962e-21, 2.06283456303e-21],
        "var": [4.16089136479e-07, 0.000512029859237, 9.92576533463e-05, 5.87657814322e-05, 3.43953506672e-05, 9.21351420402e-06, 7.9581332102e-06, 1.91838444152e-06, 2.59295666183e-06, 4.94381652061e-07, 2.14820460087e-07, 8.62348983333e-08, 1.04372425369e-07, 6.40098036797e-08, 1.41468126102e-08, 1.53906469791e-08, 1.84001383019e-08, 6.8618524196e-09, 1.38936201211e-07, 8.71366410138e-08, 8.31441866467e-07, 1.68390408817e-06, 1.00481747722e-06, 3.93977217072e-07, 2.60158572019e-07, 8.29000228464e-08, 1.57302004755e-09]
    },
    "erbbands": {
        "dmean": [0.242582574487, 2.08672142029, 5.7421298027, 11.4506931305, 10.2618722916, 3.81287837029, 5.37703704834, 15.0232124329, 24.2134094238, 10.217663765, 5.48750066757, 9.82271575928, 6.3437333107, 2.8262090683, 4.638463974, 2.23599839211, 3.45649981499, 3.66021704674, 1.83175861835, 2.72775197029, 2.08056664467, 3.00666284561, 2.07265853882, 3.66669535637, 8.06332111359, 4.85457611084, 8.85726928711, 13.7122850418, 16.2387390137, 16.1689872742, 10.8062610626, 5.89570188522, 3.17978954315, 1.90205359459, 1.29487729073, 0.632176220417, 0.148356959224, 0.0329034328461, 0.00244221300818, 8.2733342424e-05],
        "dmean2": [0.391364455223, 3.55606842041, 8.8071308136, 17.971200943, 16.5586090088, 6.18569231033, 9.34522342682, 26.8032436371, 43.0283317566, 15.5111284256, 8.66346740723, 13.2991762161, 8.19590759277, 3.95228171349, 5.88764810562, 3.02051639557, 4.39679002762, 4.9299788475, 2.76605820656, 4.40552425385, 3.24555706978, 4.64168167114, 3.32980179787, 5.84518384933, 12.4321308136, 7.88594484329, 12.930314064, 21.3613643646, 26.5358963013, 25.2025337219, 15.6252231598, 8.72667121887, 4.79506444931, 2.80806088448, 1.82264351845, 0.907358825207, 0.209791630507, 0.0472979806364, 0.00342258205637, 0.000114156267955],
        "dvar": [0.372440963984, 32.7282333374, 96.0094833374, 316.659576416, 1014.39953613, 98.5587921143, 84.5762786865, 463.537628174, 1233.08105469, 261.753173828, 96.6111297607, 363.127288818, 107.14906311, 24.2336978912, 77.9509124756, 16.4643650055, 48.2873916626, 44.7939376831, 10.3172121048, 19.2395496368, 11.4416799545, 26.6226463318, 16.002199173, 26.4379463196, 278.726379395, 67.1928405762, 194.686538696, 482.289123535, 783.821533203, 802.453491211, 372.243103027, 180.926071167, 38.4844856262, 12.0109472275, 5.32431364059, 1.52332186699, 0.0839665308595, 0.0036251633428, 1.90616174223e-05, 2.13124060622e-08],
        "dvar2": [1.01491701603, 97.5057983398, 297.928405762, 925.997375488, 2884.76464844, 271.302764893, 240.144836426, 1373.5715332, 3861.28491211, 536.418640137, 248.05116272, 635.820617676, 168.791519165, 42.5738563538, 121.426483154, 30.2888679504, 74.4756622314, 75.3547744751, 22.6006164551, 47.5325813293, 25.6368465424, 63.4048309326, 41.960144043, 63.238445282, 685.189025879, 171.65272522, 375.92590332, 1242.58752441, 2126.82470703, 1914.51306152, 872.456970215, 446.204071045, 86.18775177, 25.5510654449, 9.80213260651, 3.55935144424, 0.18367856741, 0.00770858488977, 3.71092428395e-05, 4.13927416787e-08],
        "max": [9.94912815094, 76.0936508179, 132.06350708, 325.284057617, 525.864807129, 156.267349243, 133.305725098, 413.950836182, 673.012084961, 448.89541626, 189.547134399, 525.831115723, 249.101867676, 129.516998291, 191.747955322, 78.638130188, 175.58480835, 170.663299561, 81.6003265381, 100.070068359, 53.7574157715, 63.4331703186, 77.0584564209, 57.9849853516, 226.476165771, 72.2213668823, 183.403594971, 175.45753479, 284.308898926, 246.234649658, 135.603805542, 136.085403442, 62.4452781677, 28.5969600677, 20.2503471375, 11.6738853455, 2.804469347, 0.472728550434, 0.0351138114929, 0.0015770875616],
        "mean": [0.552710950375, 4.2144651413, 11.1564817429, 19.3556804657, 15.6621217728, 6.57115268707, 9.92334079742, 28.9844970703, 40.9947280884, 24.2353992462, 14.7992591858, 35.0863456726, 22.4282855988, 8.32718658447, 12.603468895, 5.17956256866, 8.28895759583, 9.20363330841, 5.70974874496, 7.15562915802, 5.22468042374, 5.87557888031, 3.74762868881, 6.62904453278, 13.7535390854, 9.34081172943, 21.9900112152, 25.9143772125, 31.644657135, 28.5620288849, 17.6196231842, 10.0300521851, 6.25220108032, 3.79038763046, 2.45364165306, 1.10189962387, 0.240208491683, 0.0460891537368, 0.00362233328633, 0.000176108165761],
        "median": [0.409987986088, 3.28298068047, 9.70525741577, 14.6175079346, 8.28236865997, 2.40553975105, 4.78033638, 19.8784141541, 25.4315509796, 13.8085079193, 6.99393463135, 16.410610199, 15.6399888992, 4.84885311127, 4.22244644165, 2.4513502121, 2.18751621246, 5.8572511673, 4.77104187012, 5.55180072784, 3.36555480957, 2.68051958084, 2.06074571609, 3.19072604179, 3.60356545448, 2.73336744308, 4.77017402649, 8.63128089905, 8.44421958923, 7.70317173004, 4.0364780426, 2.19631099701, 1.37579190731, 0.621221542358, 0.429437428713, 0.158082067966, 0.029339518398, 0.00560785271227, 0.000808883807622, 9.68509193626e-05],
        "min": [9.50710234968e-23, 3.86116994629e-22, 2.65780885632e-21, 7.44417637975e-21, 9.98763963329e-21, 2.04216676073e-20, 7.59081805402e-20, 8.15903620488e-20, 1.42908013624e-19, 1.54123897721e-19, 2.75729102515e-19, 4.54301964677e-19, 5.25600900974e-19, 5.03262474942e-19, 1.04903262419e-18, 1.01358173109e-18, 1.69826817882e-18, 2.12611142743e-18, 2.0527489857e-18, 2.6679513314e-18, 3.99489275656e-18, 4.83761857437e-18, 5.63751132569e-18, 6.43558427967e-18, 6.73625243821e-18, 7.30185083053e-18, 8.73875950748e-18, 9.68540733437e-18, 9.92980115507e-18, 1.17572193177e-17, 1.10197464425e-17, 1.18336276452e-17, 9.65347402682e-18, 8.68805581748e-18, 6.38692496655e-18, 4.25424158915e-18, 2.30053921e-18, 9.46859274926e-19, 2.38323193885e-19, 2.70773550707e-20],
        "var": [0.433805763721, 26.5408058167, 100.758964539, 376.975280762, 843.40411377, 133.251953125, 163.252975464, 965.667297363, 2200.67773438, 936.238708496, 401.105529785, 2043.68859863, 633.384277344, 128.664825439, 401.083007812, 60.8537063599, 220.2527771, 157.105194092, 31.40376091, 42.7405815125, 31.4762420654, 56.7885322571, 24.6799182892, 64.766960144, 555.873657227, 173.998977661, 1088.69689941, 1187.25842285, 2222.79833984, 1628.99694824, 671.877380371, 250.319152832, 89.5545501709, 32.9785957336, 14.580332756, 3.11287117004, 0.165981858969, 0.00595172867179, 3.35852128046e-05, 4.19337879976e-08]
    },
    "gfcc": {
        "mean": [-11.4861078262, 99.5267410278, -66.8237457275, 32.361289978, -57.1801147461, 17.2997188568, -26.9164619446, 9.43142223358, -7.97716903687, 6.86479139328, -16.6292896271, -2.17915701866, -9.46195316315],
        "cov": [[24175.1542969, -6479.65527344, 261.934783936, 5065.31591797, -1601.32531738, 1265.44921875, -528.975708008, 719.008239746, -761.331298828, 924.608032227, -1258.70581055, 338.680633545, -1020.11938477], [-6479.65527344, 5770.45214844, -673.313781738, -2630.29858398, 1118.18225098, -644.423828125, 103.403770447, -375.674682617, 556.546569824, -670.847290039, 702.80670166, -423.614379883, 579.64440918], [261.934783936, -673.313781738, 760.174438477, 416.730743408, -94.6661605835, 178.680587769, 139.852813721, 66.8973007202, -103.84513855, 72.0552902222, -145.905807495, 61.8119354248, -111.960884094], [5065.31591797, -2630.29858398, 416.730743408, 2382.59960938, -126.378334045, 535.846923828, -44.1229476929, 325.192108154, -207.897384644, 257.832611084, -427.076446533, 38.8900985718, -333.416931152], [-1601.32531738, 1118.18225098, -94.6661605835, -126.378334045, 610.289916992, -4.19958591461, 53.5610237122, -17.2431964874, 161.97052002, -169.833587646, 160.658920288, -145.972503662, 102.257652283], [1265.44921875, -644.423828125, 178.680587769, 535.846923828, -4.19958591461, 285.39541626, 63.5199127197, 69.6629638672, -60.9604377747, 104.418983459, -83.7939224243, 57.8215255737, -99.4308166504], [-528.975708008, 103.403770447, 139.852813721, -44.1229476929, 53.5610237122, 63.5199127197, 133.388153076, 27.1059703827, 13.6182451248, -1.09573483467, 42.7075271606, 15.5319423676, 23.0795764923], [719.008239746, -375.674682617, 66.8973007202, 325.192108154, -17.2431964874, 69.6629638672, 27.1059703827, 131.777313232, 14.4283971786, 54.3503036499, -49.0783576965, 19.2736740112, -34.8145370483], [-761.331298828, 556.546569824, -103.84513855, -207.897384644, 161.97052002, -60.9604377747, 13.6182451248, 14.4283971786, 132.482772827, -36.8631744385, 87.8739395142, -49.353969574, 76.5674362183], [924.608032227, -670.847290039, 72.0552902222, 257.832611084, -169.833587646, 104.418983459, -1.09573483467, 54.3503036499, -36.8631744385, 165.960601807, -54.4962844849, 81.7112731934, -73.0371170044], [-1258.70581055, 702.80670166, -145.905807495, -427.076446533, 160.658920288, -83.7939224243, 42.7075271606, -49.0783576965, 87.8739395142, -54.4962844849, 194.638198853, -16.9114398956, 107.69581604], [338.680633545, -423.614379883, 61.8119354248, 38.8900985718, -145.972503662, 57.8215255737, 15.5319423676, 19.2736740112, -49.353969574, 81.7112731934, -16.9114398956, 123.01084137, -35.8059959412], [-1020.11938477, 579.64440918, -111.960884094, -333.416931152, 102.257652283, -99.4308166504, 23.0795764923, -34.8145370483, 76.5674362183, -73.0371170044, 107.69581604, -35.8059959412, 147.831741333]],
        "icov": [[0.000178074202267, -0.000281354383333, 0.000144058722071, -0.000314759934554, 0.000548068492208, -0.000591365387663, 0.000765799370129, -0.000751488318201, 0.00072669913061, -0.000328675931087, 5.26792973687e-05, 6.2336854171e-05, 9.57545562414e-05], [-0.000281354383333, 0.00173949205782, -0.000339915335644, 0.00134702771902, -0.0012114798883, 0.000234852166614, -0.00111719337292, 0.00194666732568, -0.00362308835611, 0.00282246666029, -0.00100601720624, 0.00132290739566, -2.8266418667e-05], [0.000144058722071, -0.000339915335644, 0.00277686328627, -0.000542819034308, -0.000120770309877, 0.000610074668657, -0.00365372770466, 0.000309314025799, 0.00136908527929, -0.00116492307279, 0.00284141837619, -0.000867944268975, 0.000777983688749], [-0.000314759934554, 0.00134702771902, -0.000542819034308, 0.00323214102536, -0.002124926541, -0.0018083153991, 0.00112077244557, -0.00242531555705, 0.000350680347765, 0.0007750079385, 0.000514126149938, 0.00286025600508, -0.000548126641661], [0.000548068492208, -0.0012114798883, -0.000120770309877, -0.002124926541, 0.00831886380911, -0.00517390063033, 0.00324813998304, -0.00121577002574, -0.003694542218, 0.00496195117012, -0.0048310989514, 0.00229278742336, 0.00206033443101], [-0.000591365387663, 0.000234852166614, 0.000610074668657, -0.0018083153991, -0.00517390063033, 0.0154302287847, -0.0113258380443, 0.00663130590692, -9.275830962e-05, -0.00574951153249, 0.00389836356044, -0.00548444408923, 0.00170816574246], [0.000765799370129, -0.00111719337292, -0.00365372770466, 0.00112077244557, 0.00324813998304, -0.0113258380443, 0.0241901706904, -0.0122577063739, 0.00600701617077, 0.00174815987702, -0.00742587912828, 0.00285249645822, -0.00324914534576], [-0.000751488318201, 0.00194666732568, 0.000309314025799, -0.00242531555705, -0.00121577002574, 0.00663130590692, -0.0122577063739, 0.025124957785, -0.0172329675406, 0.00244440231472, 0.00289742671885, -0.00516594713554, 0.00184875901323], [0.00072669913061, -0.00362308835611, 0.00136908527929, 0.000350680347765, -0.003694542218, -9.275830962e-05, 0.00600701617077, -0.0172329675406, 0.0349433831871, -0.0148476706818, 0.000993371824734, 0.00444103125483, -0.00653660716489], [-0.000328675931087, 0.00282246666029, -0.00116492307279, 0.0007750079385, 0.00496195117012, -0.00574951153249, 0.00174815987702, 0.00244440231472, -0.0148476706818, 0.0242554619908, -0.00723850773647, -0.00270759756677, 0.00482537038624], [5.26792973687e-05, -0.00100601720624, 0.00284141837619, 0.000514126149938, -0.0048310989514, 0.00389836356044, -0.00742587912828, 0.00289742671885, 0.000993371824734, -0.00723850773647, 0.019961738959, -0.00566336791962, -0.00457958132029], [6.2336854171e-05, 0.00132290739566, -0.000867944268975, 0.00286025600508, 0.00229278742336, -0.00548444408923, 0.00285249645822, -0.00516594713554, 0.00444103125483, -0.00270759756677, -0.00566336791962, 0.0204623546451, -0.000455941946711], [9.57545562414e-05, -2.8266418667e-05, 0.000777983688749, -0.000548126641661, 0.00206033443101, 0.00170816574246, -0.00324914534576, 0.00184875901323, -0.00653660716489, 0.00482537038624, -0.00457958132029, -0.000455941946711, 0.0165507439524]]
    },
    "melbands": {
        "dmean": [0.00232016667724, 0.0027659884654, 0.00189126527403, 0.00047521351371, 0.000190257618669, 0.000357933604391, 0.000324530381477, 0.000109945816803, 4.37701310148e-05, 5.96089921601e-05, 3.11127805617e-05, 1.1723969692e-05, 1.45812564369e-05, 9.4921397249e-06, 5.16284535479e-06, 8.06127536634e-06, 7.7213098848e-06, 3.41506643053e-06, 3.08340031552e-06, 4.34371395386e-06, 2.35290144701e-06, 3.84469603887e-06, 2.00760678126e-06, 1.59621822604e-06, 3.34808646585e-06, 5.94728362557e-06, 4.60226829091e-06, 3.29987278747e-06, 5.21359379491e-06, 1.09985721792e-05, 8.50613560033e-06, 7.92331684352e-06, 1.13769365271e-05, 9.92327022686e-06, 7.42804240872e-06, 4.25213238486e-06, 3.78894674213e-06, 2.36221558225e-06, 1.79758239938e-06, 1.69116970028e-06],
        "dmean2": [0.00382503587753, 0.00445032445714, 0.00299246725626, 0.000754543347284, 0.000330928043695, 0.000641230028123, 0.000565903494135, 0.000167915248312, 6.81258898112e-05, 8.02235445008e-05, 4.04595084547e-05, 1.66231438925e-05, 1.90340451809e-05, 1.23445806821e-05, 6.79568120177e-06, 1.04551600089e-05, 1.05064846139e-05, 5.20165986018e-06, 4.7397788876e-06, 6.99409065419e-06, 3.72032627638e-06, 5.97044845563e-06, 3.17880949297e-06, 2.59721309703e-06, 5.60677017347e-06, 9.26826123759e-06, 7.51199604565e-06, 5.54664620722e-06, 7.78110825195e-06, 1.80630722753e-05, 1.43666293297e-05, 1.31740789584e-05, 1.75239747477e-05, 1.54047520482e-05, 1.11715025923e-05, 5.93014328842e-06, 5.70780912312e-06, 3.6393037135e-06, 2.78521088148e-06, 2.52691984315e-06],
        "dvar": [3.68804867321e-05, 3.41171071341e-05, 1.13051582957e-05, 2.35496440837e-06, 1.15347873475e-07, 2.26402605108e-07, 2.12112823306e-07, 3.17623474189e-08, 5.38149436125e-09, 1.29622756972e-08, 2.68628230771e-09, 4.16171125339e-10, 6.34629848673e-10, 4.01835120734e-10, 1.08689182654e-10, 3.14754416975e-10, 2.31167335274e-10, 4.45682588057e-11, 4.17274027831e-11, 6.48096437628e-11, 1.52392560376e-11, 4.77087883088e-11, 1.4406310346e-11, 9.60641809156e-12, 2.2447968831e-11, 1.42557313176e-10, 6.24537713212e-11, 3.59228619073e-11, 1.01483023374e-10, 3.21168230899e-10, 1.90074594952e-10, 1.78712517007e-10, 3.79715342502e-10, 3.1949870527e-10, 1.75473788278e-10, 4.92052822099e-11, 8.07730826669e-11, 2.20997734002e-11, 1.12535042049e-11, 8.20151932479e-12],
        "dvar2": [0.000104212092992, 0.000104801896669, 3.26163753925e-05, 6.61264039081e-06, 3.31875583015e-07, 6.70770191391e-07, 6.39943323222e-07, 7.17980270792e-08, 1.26202444051e-08, 2.2632026031e-08, 4.24760981943e-09, 7.43041961293e-10, 1.0239377124e-09, 6.60160037746e-10, 1.75252493073e-10, 4.83109607874e-10, 3.83502785084e-10, 9.60588622534e-11, 8.323716022e-11, 1.63681609933e-10, 3.45992678952e-11, 1.13353722242e-10, 3.66799229878e-11, 2.62783787786e-11, 5.88647464106e-11, 3.31282418164e-10, 1.72539524335e-10, 9.22153603478e-11, 1.90821053403e-10, 9.02319607921e-10, 4.96301832964e-10, 4.76825634532e-10, 1.01196018232e-09, 7.72324149079e-10, 4.24816209987e-10, 1.01272767949e-10, 2.02396793769e-10, 4.80081634169e-11, 2.81728355922e-11, 1.63294915784e-11],
        "max": [0.0916240587831, 0.078967705369, 0.0593886114657, 0.0235577970743, 0.00484319543466, 0.00841942708939, 0.00863490998745, 0.00414815358818, 0.00147716072388, 0.00335203739814, 0.00122728326824, 0.000486596603878, 0.00051955669187, 0.000446102931164, 0.000247313088039, 0.000533120415639, 0.000390743021853, 0.000190575461602, 0.000152632419486, 0.000128863117425, 6.59449215163e-05, 8.2479811681e-05, 7.07548533683e-05, 4.34519715782e-05, 5.09905621584e-05, 0.00014752993593, 0.000102473226434, 5.02473340021e-05, 0.000126915881992, 0.000148130042362, 9.97240422294e-05, 0.000119535878184, 0.000207407647395, 0.000146722639329, 9.60440083873e-05, 5.31120604137e-05, 9.3906877737e-05, 5.37206833542e-05, 2.82453383988e-05, 2.68748899543e-05],
        "mean": [0.00518102338538, 0.00590410456061, 0.00335395056754, 0.00075243372703, 0.000346413173247, 0.000673537666444, 0.000581310538109, 0.000253273552516, 0.000123633290059, 0.000212774786633, 0.000103896083601, 3.19221144309e-05, 3.83415754186e-05, 2.31289104704e-05, 1.12802617878e-05, 1.8052993255e-05, 1.85288590728e-05, 9.85494170891e-06, 8.27310759632e-06, 9.69708617049e-06, 5.47814806851e-06, 7.32202761355e-06, 3.3785472624e-06, 2.81837310467e-06, 5.22298932992e-06, 9.68493895925e-06, 8.30348017189e-06, 5.30660554432e-06, 1.29681066028e-05, 1.69327067852e-05, 1.38598925332e-05, 1.47353503053e-05, 2.23724200623e-05, 1.4147809452e-05, 1.11648214443e-05, 7.03003252056e-06, 5.89388992012e-06, 4.77270805277e-06, 3.19308901453e-06, 3.15590182254e-06],
        "median": [0.00405132677406, 0.00529026938602, 0.00269649573602, 0.000360335543519, 0.000156331981998, 0.000486658740556, 0.000367517350242, 0.000127280130982, 4.7512803576e-05, 0.000101123427157, 6.69775472488e-05, 1.56598071044e-05, 1.59204191732e-05, 5.5281107052e-06, 2.90888146992e-06, 3.88407670471e-06, 8.92673961062e-06, 7.26003327145e-06, 5.20124967807e-06, 7.65376262279e-06, 3.74539558834e-06, 3.13398345497e-06, 1.35596599193e-06, 1.6104779661e-06, 2.40891995418e-06, 2.39814562519e-06, 2.71154794973e-06, 1.34043557409e-06, 2.66009078587e-06, 4.40559233539e-06, 4.96748361911e-06, 3.68499581782e-06, 6.19632464804e-06, 3.45669332091e-06, 2.16145326704e-06, 1.84849454854e-06, 1.08533163257e-06, 1.07389234927e-06, 5.34640207661e-07, 5.22825700955e-07],
        "min": [9.57888455053e-25, 1.16931708133e-24, 1.56743733221e-24, 1.83797964485e-24, 2.94596002978e-24, 1.56607940677e-24, 2.14244958312e-24, 1.9815846729e-24, 2.23799010507e-24, 2.44879622148e-24, 2.45756717146e-24, 1.67757523218e-24, 2.79258298727e-24, 2.06831046309e-24, 2.97621856474e-24, 1.74950356952e-24, 3.57681051796e-24, 3.0326238944e-24, 3.44911799767e-24, 3.66041754657e-24, 4.03236230794e-24, 3.6686788924e-24, 3.44568763602e-24, 3.62511444334e-24, 3.94194740972e-24, 4.57753540207e-24, 4.37470466941e-24, 4.50776775475e-24, 5.30015447379e-24, 3.15030715031e-24, 4.81598083802e-24, 4.4671189356e-24, 6.47329279734e-24, 5.12508967284e-24, 5.43308187505e-24, 5.11720855797e-24, 6.01420059962e-24, 5.21547696093e-24, 5.54322145135e-24, 6.50941434376e-24],
        "var": [3.7337980757e-05, 2.96214184345e-05, 1.17919971672e-05, 2.21893446906e-06, 2.17678746139e-07, 4.77981188851e-07, 4.22659439892e-07, 1.15347702945e-07, 2.79524776658e-08, 7.37301348863e-08, 1.60680801997e-08, 2.16871232084e-09, 3.23717763706e-09, 1.86530946245e-09, 4.65631005975e-10, 1.31673016934e-09, 8.07017674909e-10, 1.37645006504e-10, 1.31101102196e-10, 1.28843366531e-10, 4.06970013245e-11, 9.70345678808e-11, 2.53789506771e-11, 1.2844693191e-11, 4.25981611096e-11, 2.88572526985e-10, 1.43429129684e-10, 6.5135986882e-11, 4.88017792843e-10, 5.91331095201e-10, 3.67394531464e-10, 4.78122763603e-10, 1.13551235081e-09, 4.63301230713e-10, 2.95072244416e-10, 9.91679446893e-11, 1.03046023103e-10, 5.4003912453e-11, 2.23490375512e-11, 2.45509237939e-11]
    },
    "mfcc": {
        "mean": [-663.615600586, 124.081367493, 47.5150108337, 28.3589134216, 2.08222317696, 11.7750196457, -5.42972564697, 6.11651468277, 9.57912635803, 8.32647895813, 3.16447877884, 0.173692047596, 3.05475282669],
        "cov": [[13341.6445312, -4994.92529297, 1274.41271973, 1978.44213867, 336.172698975, 1075.37231445, -19.5237140656, 95.8731994629, 164.243972778, 313.180480957, 285.643859863, -89.7153244019, -232.742630005], [-4994.92529297, 4905.97021484, -948.632873535, -800.504699707, 465.372589111, -469.330963135, -25.0746974945, 30.9897327423, 16.0181922913, -101.457458496, -145.124938965, 62.1956329346, 57.5985374451], [1274.41271973, -948.632873535, 752.286499023, 311.5418396, -161.488525391, 188.180862427, 104.619400024, 65.7778625488, 22.7337856293, 46.4495201111, 34.2956504822, -33.8730316162, -43.1236877441], [1978.44213867, -800.504699707, 311.5418396, 780.476135254, 394.625762939, 302.190551758, 94.941192627, 140.817352295, 132.717498779, 117.930114746, 75.89402771, -34.4954071045, -96.9022674561], [336.172698975, 465.372589111, -161.488525391, 394.625762939, 594.424133301, 202.8646698, 81.9355773926, 115.305686951, 123.14566803, 69.0038299561, 19.0498600006, 13.2849359512, -36.9150352478], [1075.37231445, -469.330963135, 188.180862427, 302.190551758, 202.8646698, 339.935821533, 120.849464417, 75.1424713135, 48.8721466064, 41.2308120728, 46.5825195312, 6.41485452652, -12.0755147934], [-19.5237140656, -25.0746974945, 104.619400024, 94.941192627, 81.9355773926, 120.849464417, 160.034622192, 68.5015563965, 30.7797679901, 6.7370891571, -8.74630737305, 26.4107723236, 38.2107887268], [95.8731994629, 30.9897327423, 65.7778625488, 140.817352295, 115.305686951, 75.1424713135, 68.5015563965, 132.974060059, 53.4206352234, 16.9320850372, 18.4522266388, -6.01146745682, 1.90672516823], [164.243972778, 16.0181922913, 22.7337856293, 132.717498779, 123.14566803, 48.8721466064, 30.7797679901, 53.4206352234, 114.4895401, 48.4223747253, -7.06883811951, 9.71849441528, 13.2474403381], [313.180480957, -101.457458496, 46.4495201111, 117.930114746, 69.0038299561, 41.2308120728, 6.7370891571, 16.9320850372, 48.4223747253, 103.541969299, 25.5957126617, -25.6419334412, -11.2017240524], [285.643859863, -145.124938965, 34.2956504822, 75.89402771, 19.0498600006, 46.5825195312, -8.74630737305, 18.4522266388, -7.06883811951, 25.5957126617, 134.418746948, 9.82279777527, -60.6155548096], [-89.7153244019, 62.1956329346, -33.8730316162, -34.4954071045, 13.2849359512, 6.41485452652, 26.4107723236, -6.01146745682, 9.71849441528, -25.6419334412, 9.82279777527, 107.843994141, 56.6079864502], [-232.742630005, 57.5985374451, -43.1236877441, -96.9022674561, -36.9150352478, -12.0755147934, 38.2107887268, 1.90672516823, 13.2474403381, -11.2017240524, -60.6155548096, 56.6079864502, 160.023773193]],
