{
"lowlevel": {
    "average_loudness": 0.939368069172,
    "barkbands_crest": {
        "dmean": 3.29162549973,
        "dmean2": 5.24302482605,
        "dvar": 9.96227741241,
        "dvar2": 23.1907558441,
        "max": 26.0360622406,
        "mean": 14.1210374832,
        "median": 14.0564403534,
        "min": 2.23379850388,
        "var": 33.2955360413
    },
    "barkbands_flatness_db": {
        "dmean": 0.0302230771631,
        "dmean2": 0.0457866303623,
        "dvar": 0.000914611155167,
        "dvar2": 0.00207871827297,
        "max": 0.621263325214,
        "mean": 0.139570623636,
        "median": 0.120625548065,
        "min": 0.0147253358737,
        "var": 0.00584462797269
    },
    "barkbands_kurtosis": {
        "dmean": 8.66977977753,
        "dmean2": 13.2085399628,
        "dvar": 704.602905273,
        "dvar2": 1462.09558105,
        "max": 1218.1184082,
        "mean": 13.5981197357,
        "median": 4.51099538803,
        "min": -1.91800618172,
        "var": 1497.09741211
    },
    "barkbands_skewness": {
        "dmean": 0.893462181091,
        "dmean2": 1.34668171406,
        "dvar": 1.23477864265,
        "dvar2": 2.66096043587,
        "max": 30.5838909149,
        "mean": 2.65778398514,
        "median": 2.14467263222,
        "min": -3.5246322155,
        "var": 4.76699590683
    },
    "barkbands_spread": {
        "dmean": 9.3656129837,
        "dmean2": 14.424946785,
        "dvar": 119.667686462,
        "dvar2": 282.362365723,
        "max": 113.796600342,
        "mean": 25.0553359985,
        "median": 21.379032135,
        "min": 0.160074368119,
        "var": 339.87210083
    },
    "dissonance": {
        "dmean": 0.0195508170873,
        "dmean2": 0.033160943538,
        "dvar": 0.000467000209028,
        "dvar2": 0.00126636424102,
        "max": 0.500000059605,
        "mean": 0.4676027596,
        "median": 0.476352751255,
        "min": 0.0442498847842,
        "var": 0.000999559997581
    },
    "dynamic_complexity": 3.18849205971,
    "erbbands_crest": {
        "dmean": 2.72780966759,
        "dmean2": 4.42713308334,
        "dvar": 7.66153764725,
        "dvar2": 17.7436733246,
        "max": 31.7972488403,
        "mean": 8.09201812744,
        "median": 6.68214654922,
        "min": 1.95942008495,
        "var": 22.6387023926
    },
    "erbbands_flatness_db": {
        "dmean": 0.0177475530654,
        "dmean2": 0.0261967610568,
        "dvar": 0.000344467174727,
        "dvar2": 0.000709432875738,
        "max": 0.586645245552,
        "mean": 0.114557243884,
        "median": 0.0969883948565,
        "min": 0.0354193560779,
        "var": 0.00404027849436
    },
    "erbbands_kurtosis": {
        "dmean": 0.974726736546,
        "dmean2": 1.53986680508,
        "dvar": 5.18846082687,
        "dvar2": 12.5472335815,
        "max": 107.59438324,
        "mean": 0.313275068998,
        "median": -0.406017065048,
        "min": -1.77670454979,
        "var": 9.14634227753
    },
    "erbbands_skewness": {
        "dmean": 0.38307210803,
        "dmean2": 0.598918139935,
        "dvar": 0.145397096872,
        "dvar2": 0.342770397663,
        "max": 8.43449211121,
        "mean": 0.386387825012,
        "median": 0.349553644657,
        "min": -2.33928751945,
        "var": 0.484354168177
    },
    "erbbands_spread": {
        "dmean": 11.915719986,
        "dmean2": 17.6005039215,
        "dvar": 138.828964233,
        "dvar2": 284.323516846,
        "max": 182.61026001,
        "mean": 55.2384109497,
        "median": 53.2694778442,
        "min": 0.666043996811,
        "var": 679.629333496
    },
    "hfc": {
        "dmean": 12.5271806717,
        "dmean2": 20.929731369,
        "dvar": 478.697723389,
        "dvar2": 1304.74084473,
        "max": 243.211471558,
        "mean": 30.3029823303,
        "median": 21.9612541199,
        "min": 1.13851723379e-16,
        "var": 785.141113281
    },
    "melbands_crest": {
        "dmean": 4.17544317245,
        "dmean2": 6.56160736084,
        "dvar": 14.2141389847,
        "dvar2": 33.9745521545,
        "max": 36.2413635254,
        "mean": 20.94647789,
        "median": 21.5551700592,
        "min": 1.7111158371,
        "var": 61.7706489563
    },
    "melbands_flatness_db": {
        "dmean": 0.0368038900197,
        "dmean2": 0.0560706481338,
        "dvar": 0.00136530364398,
        "dvar2": 0.00311135523953,
        "max": 0.753340363503,
        "mean": 0.22652900219,
        "median": 0.21041944623,
        "min": 0.00479970872402,
        "var": 0.0079198712483
    },
    "melbands_kurtosis": {
        "dmean": 23.589630127,
        "dmean2": 35.5042572021,
        "dvar": 3184.70629883,
        "dvar2": 6641.05761719,
        "max": 1870.08239746,
        "mean": 43.7603721619,
        "median": 19.3561096191,
        "min": -1.53916978836,
        "var": 8851.04101562
    },
    "melbands_skewness": {
        "dmean": 1.31574773788,
        "dmean2": 1.94558751583,
        "dvar": 2.36674594879,
        "dvar2": 4.92220020294,
        "max": 32.7489967346,
        "mean": 4.53960418701,
        "median": 3.79591464996,
        "min": -2.83210325241,
        "var": 9.88992500305
    },
    "melbands_spread": {
        "dmean": 7.33176708221,
        "dmean2": 11.6413660049,
        "dvar": 101.732208252,
        "dvar2": 248.065612793,
        "max": 167.911819458,
        "mean": 17.229429245,
        "median": 13.6029548645,
        "min": 0.183177486062,
        "var": 219.159057617
    },
    "pitch_salience": {
        "dmean": 0.0973558723927,
        "dmean2": 0.154726266861,
        "dvar": 0.00849199760705,
        "dvar2": 0.0191615466028,
        "max": 0.992264688015,
        "mean": 0.466653972864,
        "median": 0.474999964237,
        "min": 0.0314115248621,
        "var": 0.0284354761243
    },
    "silence_rate_20dB": {
        "dmean": 0,
        "dmean2": 0,
        "dvar": 0,
        "dvar2": 0,
        "max": 1,
        "mean": 1,
        "median": 1,
        "min": 1,
        "var": 0
    },
    "silence_rate_30dB": {
        "dmean": 0.084347255528,
        "dmean2": 0.168708384037,
        "dvar": 0.0772411748767,
        "dvar2": 0.165558621287,
        "max": 1,
        "mean": 0.885491192341,
        "median": 1,
        "min": 0,
        "var": 0.101393565536
    },
    "silence_rate_60dB": {
        "dmean": 0.0310753043741,
        "dmean2": 0.0621557198465,
        "dvar": 0.0301189627498,
        "dvar2": 0.0681432634592,
        "max": 1,
        "mean": 0.0642005726695,
        "median": 0,
        "min": 0,
        "var": 0.0601029880345
    },
    "spectral_centroid": {
        "dmean": 355.573486328,
        "dmean2": 553.911682129,
        "dvar": 138814.578125,
        "dvar2": 321266.6875,
        "max": 11579.8964844,
        "mean": 1339.70825195,
        "median": 1229.65356445,
        "min": 138.57131958,
        "var": 508850.8125
    },
    "spectral_complexity": {
        "dmean": 4.84544563293,
        "dmean2": 7.73740053177,
        "dvar": 29.4879379272,
        "dvar2": 67.8831481934,
        "max": 56,
        "mean": 19.3648986816,
        "median": 18,
        "min": 0,
        "var": 129.491775513
    },
    "spectral_decrease": {
        "dmean": 4.4634420604e-09,
        "dmean2": 6.93378598982e-09,
        "dvar": 3.14684882916e-17,
        "dvar2": 7.15125962216e-17,
        "max": 3.10779006083e-21,
        "mean": -1.34496112025e-08,
        "median": -1.17748273354e-08,
        "min": -5.43393205987e-08,
        "var": 1.07460006141e-16
    },
    "spectral_energy": {
        "dmean": 0.0173198152333,
        "dmean2": 0.0269535090774,
        "dvar": 0.000466393510578,
        "dvar2": 0.00104773789644,
        "max": 0.207063794136,
        "mean": 0.0535105280578,
        "median": 0.0478247888386,
        "min": 1.01640569015e-20,
        "var": 0.00161858228967
    },
    "spectral_energyband_high": {
        "dmean": 0.00103704095818,
        "dmean2": 0.0017361092614,
        "dvar": 3.33593015966e-06,
        "dvar2": 9.39813344303e-06,
        "max": 0.0188646223396,
        "mean": 0.00211811927147,
        "median": 0.00107837282121,
        "min": 7.57532004976e-21,
        "var": 5.94195944359e-06
    },
    "spectral_energyband_low": {
        "dmean": 0.0135993892327,
        "dmean2": 0.0204639788717,
        "dvar": 0.000333001982654,
        "dvar2": 0.000748144695535,
        "max": 0.202563554049,
        "mean": 0.034638363868,
        "median": 0.0246538799256,
        "min": 1.43400539523e-23,
        "var": 0.00113856897224
    },
    "spectral_energyband_middle_high": {
        "dmean": 0.00202655582689,
        "dmean2": 0.00334464339539,
        "dvar": 1.27424973471e-05,
        "dvar2": 3.3073421946e-05,
        "max": 0.0461544841528,
        "mean": 0.00415038317442,
        "median": 0.00282560661435,
        "min": 1.14886289309e-21,
        "var": 2.01912935154e-05
    },
    "spectral_energyband_middle_low": {
        "dmean": 0.00898096058518,
        "dmean2": 0.014537518844,
        "dvar": 0.000246995710768,
        "dvar2": 0.000598780578002,
        "max": 0.143058404326,
        "mean": 0.0144793493673,
        "median": 0.00847678817809,
        "min": 2.51122446471e-22,
        "var": 0.000306099362206
    },
    "spectral_entropy": {
        "dmean": 0.207108989358,
        "dmean2": 0.312106132507,
        "dvar": 0.0426381789148,
        "dvar2": 0.101818963885,
        "max": 9.817486763,
        "mean": 7.87366819382,
        "median": 7.98305892944,
        "min": 3.58052992821,
        "var": 0.316785395145
    },
    "spectral_flux": {
        "dmean": 0.0374489054084,
        "dmean2": 0.0584295019507,
        "dvar": 0.0019797894638,
        "dvar2": 0.00405044108629,
        "max": 0.479248195887,
        "mean": 0.106724396348,
        "median": 0.096098780632,
        "min": 6.62124105544e-11,
        "var": 0.00449818233028
    },
    "spectral_kurtosis": {
        "dmean": 1.90214383602,
        "dmean2": 3.10481476784,
        "dvar": 97.3778381348,
        "dvar2": 282.640991211,
        "max": 574.316040039,
        "mean": 4.33460998535,
        "median": 2.08378791809,
        "min": -1.24168121815,
        "var": 193.015106201
    },
    "spectral_rms": {
        "dmean": 0.0011519768741,
        "dmean2": 0.00176302413456,
        "dvar": 1.61015930189e-06,
        "dvar2": 3.41141185345e-06,
        "max": 0.0142131438479,
        "mean": 0.00658039469272,
        "median": 0.00683069042861,
        "min": 3.1489923516e-12,
        "var": 8.90358751349e-06
    },
    "spectral_rolloff": {
        "dmean": 830.808227539,
        "dmean2": 1381.82226562,
        "dvar": 2448174.5,
        "dvar2": 5736730.5,
        "max": 19401.4160156,
        "mean": 1219.16369629,
        "median": 602.9296875,
        "min": 64.599609375,
        "var": 3363051
    },
    "spectral_skewness": {
        "dmean": 0.237428665161,
        "dmean2": 0.367098748684,
        "dvar": 0.14729373157,
        "dvar2": 0.378074854612,
        "max": 19.5081882477,
        "mean": 1.48455941677,
        "median": 1.29740059376,
        "min": -0.0508809201419,
        "var": 0.839934468269
    },
    "spectral_spread": {
        "dmean": 962534.0625,
        "dmean2": 1426842.75,
        "dvar": 1.37870075494e+12,
        "dvar2": 2.93358639514e+12,
        "max": 42164460,
        "mean": 6599711.5,
        "median": 6641223.5,
        "min": 228166.640625,
        "var": 6.24947625984e+12
    },
    "spectral_strongpeak": {
        "dmean": 0.268251121044,
        "dmean2": 0.450458556414,
        "dvar": 0.196893066168,
        "dvar2": 0.522632777691,
        "max": 6.72444248199,
        "mean": 0.558722317219,
        "median": 0.473884552717,
        "min": 0,
        "var": 0.224526897073
    },
    "zerocrossingrate": {
        "dmean": 0.0155368894339,
        "dmean2": 0.0186978839338,
        "dvar": 0.000291191565339,
        "dvar2": 0.000383658392821,
        "max": 0.5185546875,
        "mean": 0.0633119568229,
        "median": 0.056640625,
        "min": 0.001953125,
        "var": 0.00186356378254
    },
    "barkbands": {
        "dmean": [0.000987931736745, 0.0120464740321, 0.00302743166685, 0.00415923539549, 0.00325496634468, 0.00192817253992, 0.000819139822852, 0.000957173469942, 0.000513221952133, 0.000451559142675, 0.000634244410321, 0.000360734178685, 0.000246686278842, 0.000260283151874, 0.000259568099864, 0.000258142652456, 0.000236807958572, 0.000142180200783, 0.000139256604598, 0.000147756858496, 0.000175362045411, 0.000167492326, 0.000149869651068, 0.000223278664635, 0.000215597858187, 0.000173734224518, 4.76246314065e-05],
        "dmean2": [0.00154895230662, 0.0181955955923, 0.0049935230054, 0.0067533981055, 0.00549895502627, 0.0032406814862, 0.00138466944918, 0.00153100630268, 0.000858671497554, 0.000784907897469, 0.00101346801966, 0.000603143998887, 0.000415828137193, 0.000438132090494, 0.000440281524789, 0.000444600562332, 0.000402839505114, 0.000242542693741, 0.00023975330987, 0.000254339945968, 0.000297266757116, 0.000282594788587, 0.000253354170127, 0.000367607339285, 0.000361577695003, 0.000297192193102, 8.24035596452e-05],
        "dvar": [2.6970521958e-06, 0.000323328800732, 5.56819068152e-05, 0.000118648044008, 3.7208556023e-05, 1.2605948541e-05, 3.01230784316e-06, 2.89360059469e-06, 1.18154412121e-06, 2.00731938094e-06, 2.59021658167e-06, 5.32561443833e-07, 1.65512744843e-07, 2.83348839503e-07, 4.33229189412e-07, 4.37212008819e-07, 1.77852527372e-07, 8.63769429316e-08, 5.52108865293e-08, 5.89698068154e-08, 6.26108302981e-08, 7.52958015937e-08, 5.46807044088e-08, 1.44240658528e-07, 1.70866414351e-07, 1.57826349323e-07, 1.76059575807e-08],
        "dvar2": [7.49092896513e-06, 0.00074819708243, 0.000134727481054, 0.00027907412732, 0.000100018965895, 3.25320506818e-05, 8.00441466708e-06, 7.24776282368e-06, 3.07422442347e-06, 5.64056472285e-06, 6.31743887425e-06, 1.44330067542e-06, 4.40135011104e-07, 7.3132758871e-07, 1.14557269626e-06, 1.18372452107e-06, 4.74279346463e-07, 2.25632916795e-07, 1.4526852965e-07, 1.59152676815e-07, 1.67923502659e-07, 2.05189763847e-07, 1.45839621268e-07, 4.0763245579e-07, 4.75696253943e-07, 4.40500258492e-07, 4.92857843426e-08],
        "max": [0.0260154716671, 0.191554218531, 0.076453320682, 0.108243703842, 0.069821588695, 0.0411399528384, 0.0365876443684, 0.0315520279109, 0.0261202603579, 0.0256151035428, 0.0282740909606, 0.0232977960259, 0.00825500767678, 0.0131724141538, 0.00900133140385, 0.00746772484854, 0.00589939346537, 0.00743997702375, 0.00510307122022, 0.00301354588009, 0.00277933385223, 0.00291872746311, 0.00349784013815, 0.00410959962755, 0.00393283274025, 0.0046807192266, 0.00158841127995],
        "mean": [0.00192956172395, 0.0278732478619, 0.00307745463215, 0.00422617886215, 0.00433670915663, 0.00224453955889, 0.00110391760245, 0.00159231422003, 0.000731954001822, 0.000501755392179, 0.00101379188709, 0.000564688642044, 0.000382316182368, 0.000345717096934, 0.000336885306751, 0.000312777905492, 0.000318424252328, 0.000198247857043, 0.00021607830422, 0.000232518403209, 0.000336468423484, 0.000317229802022, 0.000292512908345, 0.000405638653319, 0.000355882337317, 0.000208649391425, 5.49821706954e-05],
        "median": [0.000980948796496, 0.0169664751738, 0.000570087635424, 0.00118902721442, 0.00163644307759, 0.00111034116708, 0.000352806557203, 0.000566501461435, 0.000318529724609, 0.000195815664483, 0.000312217453029, 0.000277882645605, 0.000199391011847, 0.000142312230309, 0.000145704616443, 0.000121748431411, 0.000158031150931, 0.000108750129584, 0.000130096130306, 0.000146307109389, 0.000205619056942, 0.000166542376974, 0.000130455387989, 0.000160338939168, 0.000109311942651, 4.97130859003e-05, 8.20514651423e-06],
        "min": [5.35273629325e-25, 4.56292924798e-24, 1.87083471548e-24, 2.48635566412e-24, 2.48887114433e-23, 5.08364094873e-24, 8.41268406143e-24, 1.85906747457e-23, 3.0012866316e-23, 3.11553136116e-23, 1.95089230388e-23, 2.80551091867e-23, 6.31778125499e-23, 3.55314879288e-23, 4.85776632685e-23, 6.69040885436e-23, 7.26023400955e-23, 1.56297452914e-22, 1.60576575251e-22, 2.64794327348e-22, 3.37543610142e-22, 3.60422091007e-22, 3.0820212441e-22, 7.54863903214e-22, 9.05079377388e-22, 1.64976821186e-21, 2.14647431675e-21],
        "var": [6.02508998782e-06, 0.000897094723769, 5.62165732845e-05, 0.000121595592645, 4.60449737147e-05, 1.21100938486e-05, 3.74472665499e-06, 5.79139168622e-06, 1.66699408055e-06, 1.50680568822e-06, 4.4719708967e-06, 8.98793018678e-07, 2.88808479354e-07, 3.70256998394e-07, 4.27262051517e-07, 3.78733375328e-07, 2.13235381352e-07, 8.83854127665e-08, 7.63550502825e-08, 7.48520250227e-08, 1.39361219453e-07, 1.41274966836e-07, 1.38795471116e-07, 2.83966414827e-07, 2.51861081324e-07, 1.5735609793e-07, 2.11630570846e-08]
    },
    "erbbands": {
        "dmean": [0.515613615513, 2.25620126724, 3.31362581253, 8.41658496857, 13.3909225464, 11.0539331436, 16.6124286652, 12.5264434814, 9.28768539429, 18.3357105255, 18.3482971191, 11.9172391891, 14.7043085098, 14.6721048355, 25.4857292175, 15.6962461472, 11.3663873672, 13.7968158722, 12.4254970551, 12.5495443344, 12.8683366776, 12.4225492477, 7.94675779343, 7.04641532898, 6.97820949554, 6.74367952347, 7.61231660843, 6.73302698135, 5.84903717041, 5.14957857132, 4.46549987793, 4.34696769714, 3.90905380249, 2.46043419838, 1.63878846169, 0.877543270588, 0.293963521719, 0.0604217983782, 0.00833458546549, 0.000472024607006],
        "dmean2": [0.752571582794, 3.56786584854, 5.19924402237, 13.6217670441, 22.210308075, 18.5276126862, 27.7226047516, 21.2183933258, 15.6347360611, 30.0230445862, 29.8848686218, 19.6450119019, 25.7003173828, 24.3323249817, 40.912071228, 25.963558197, 19.0292263031, 23.3074436188, 21.2577114105, 20.8785934448, 22.0833873749, 21.1631908417, 13.4663248062, 11.9757194519, 12.1108264923, 11.7222213745, 13.1054964066, 11.3431138992, 9.9323425293, 8.65900039673, 7.5688996315, 7.23818397522, 6.45017051697, 4.11849451065, 2.77026534081, 1.47575545311, 0.509865045547, 0.106006838381, 0.0144412405789, 0.000814418250229],
        "dvar": [0.529431819916, 15.0255413055, 63.6678771973, 427.032348633, 823.018920898, 442.672943115, 873.231079102, 472.4715271, 307.500091553, 1381.70935059, 984.30645752, 599.240112305, 2897.45019531, 1602.8515625, 5079.17285156, 1047.64855957, 340.537841797, 807.801940918, 879.711608887, 895.861572266, 906.963012695, 553.737365723, 259.572021484, 177.477981567, 144.957717896, 130.360824585, 143.141036987, 89.009979248, 94.7330627441, 62.3894233704, 55.687335968, 56.7941741943, 40.7069320679, 19.7974128723, 12.0469484329, 3.67013669014, 0.511433064938, 0.0219354834408, 0.00052978558233, 2.32716297432e-06],
        "dvar2": [1.16137170792, 35.740776062, 149.330963135, 1022.39129639, 2092.08544922, 1152.75024414, 2197.87890625, 1246.05200195, 822.715881348, 3552.54614258, 2575.57373047, 1482.18969727, 8185.70703125, 4029.46484375, 12633.2294922, 2785.74072266, 904.861877441, 2068.58886719, 2336.24023438, 2224.14086914, 2490.06860352, 1467.16235352, 675.887634277, 461.228179932, 380.718048096, 356.143249512, 385.404510498, 238.483413696, 261.618499756, 161.928649902, 150.424285889, 155.26171875, 114.119812012, 56.0892410278, 33.1516189575, 10.0423297882, 1.44222533703, 0.0624292530119, 0.00146987638436, 6.53485085422e-06],
        "max": [8.50310993195, 39.6546669006, 87.6424407959, 201.805847168, 279.818237305, 348.272125244, 333.177703857, 337.223510742, 323.384124756, 749.166381836, 449.249237061, 617.673400879, 799.372619629, 1171.99597168, 1293.91369629, 1135.58679199, 373.609405518, 708.51373291, 390.952362061, 396.627807617, 366.153533936, 409.372406006, 482.82901001, 375.572235107, 336.232666016, 150.909332275, 156.220550537, 112.409248352, 120.15120697, 86.1685028076, 82.4102020264, 87.0171585083, 71.615852356, 44.8529281616, 39.7654266357, 22.2564735413, 7.89745998383, 1.63346040249, 0.25573065877, 0.0202563665807],
        "mean": [1.27792549133, 4.35338830948, 3.8697347641, 9.01284599304, 14.9263238907, 14.2699365616, 19.9269313812, 15.1971073151, 13.1235332489, 28.0403900146, 29.8756542206, 18.4603805542, 16.913022995, 21.0158596039, 40.4486427307, 26.15741539, 19.0928859711, 19.7603034973, 16.690404892, 17.897102356, 16.9035148621, 16.8192672729, 11.5601177216, 10.8142080307, 10.8693199158, 10.6662950516, 13.7171649933, 12.4197368622, 11.0684871674, 10.3003091812, 8.34725952148, 8.02446460724, 6.759121418, 4.31308555603, 2.37349891663, 1.14340901375, 0.332016527653, 0.0665609687567, 0.00926597137004, 0.000615182274487],
        "median": [0.751407623291, 2.42906594276, 1.13982009888, 2.78929328918, 4.86483860016, 4.63143491745, 8.80574131012, 7.53713464737, 5.47326087952, 8.818567276, 11.7962579727, 8.89471912384, 6.5393705368, 8.06547737122, 13.237446785, 13.2689027786, 10.4640779495, 9.39536857605, 7.7773604393, 8.26477146149, 7.88020420074, 8.59172058105, 6.58992052078, 6.09114027023, 6.72482824326, 6.89133501053, 7.4077501297, 7.9573507309, 6.42201185226, 4.86758422852, 3.68370556831, 3.4139623642, 2.26605796814, 1.28639423847, 0.761430621147, 0.316088676453, 0.0679407045245, 0.0117533626035, 0.0014945154544, 0.000136084461701],
        "min": [1.85696708508e-22, 1.25400166869e-21, 2.56734930541e-21, 4.76956824452e-21, 1.35032856758e-20, 1.06059314533e-19, 3.78136634364e-20, 8.48068538607e-20, 2.9523187586e-19, 2.90119279289e-19, 6.28284413879e-19, 7.83461377144e-19, 1.15635755091e-18, 8.341629992e-19, 8.99826405682e-19, 1.15111374281e-18, 2.50818346403e-18, 3.04294849222e-18, 2.60362294272e-18, 3.23914601414e-18, 6.08832972262e-18, 4.64081907175e-18, 6.78944511469e-18, 6.86867536889e-18, 7.51839430719e-18, 1.23825719967e-17, 1.21873846691e-17, 1.35465061084e-17, 1.06386320743e-17, 1.26661741784e-17, 9.42679841484e-18, 1.21483252005e-17, 1.26904717817e-17, 9.47151249003e-18, 6.80096070958e-18, 4.87363277747e-18, 3.12630823883e-18, 1.06196187075e-18, 2.91199809813e-19, 3.08946756598e-20],
        "var": [1.96735548973, 27.774723053, 69.0112838745, 433.293792725, 860.790710449, 605.233093262, 912.458374023, 501.535827637, 404.222900391, 2153.21899414, 1857.90649414, 988.213256836, 2120.41845703, 2510.23217773, 8145.05371094, 1841.32641602, 656.94732666, 1070.21240234, 878.631958008, 1011.56060791, 818.013549805, 611.842346191, 276.111633301, 226.48399353, 199.584152222, 156.472076416, 265.984710693, 187.273269653, 157.504455566, 163.289398193, 115.830429077, 115.897407532, 82.5651779175, 34.8785972595, 14.0614147186, 3.97320437431, 0.477566748857, 0.0224869418889, 0.000598407641519, 2.81089864984e-06]
    },
    "gfcc": {
        "mean": [25.0571918488, 69.9680328369, -85.0170211792, 30.8158836365, -53.7554779053, 22.4798622131, -30.2543392181, 10.4705972672, -18.7761821747, 8.16842842102, -10.1158237457, 6.42146348953, -5.64533758163],
        "cov": [[10216.0800781, -2314.19824219, 818.109191895, 1001.13531494, 347.606292725, 794.74810791, -301.110687256, 347.633331299, -240.831802368, 294.303283691, -358.891204834, -41.4481506348, -437.303100586], [-2314.19824219, 1962.56738281, -633.37689209, -324.135223389, -109.997756958, -385.064727783, 178.623977661, -192.389770508, 173.886901855, -143.289108276, 203.906173706, -27.4109516144, 184.644485474], [818.109191895, -633.37689209, 841.948852539, 184.243499756, 212.01159668, 239.964752197, -10.9867229462, 138.891952515, -43.7929458618, 79.2595214844, -57.3751182556, 42.5515632629, -61.6262588501], [1001.13531494, -324.135223389, 184.243499756, 545.920898438, 136.589004517, 217.483581543, 30.1630249023, 65.8655319214, -5.04037570953, 20.4950695038, -59.3430519104, -38.895236969, -62.6041488647], [347.606292725, -109.997756958, 212.01159668, 136.589004517, 333.628936768, 171.180725098, 66.139541626, 68.3431091309, 6.90215873718, 34.7337188721, -6.92221689224, 27.4983558655, -11.3734970093], [794.74810791, -385.064727783, 239.964752197, 217.483581543, 171.180725098, 332.117553711, 64.7678375244, 132.617370605, 5.48665380478, 76.0510025024, -15.3078594208, 31.1639499664, -27.1020317078], [-301.110687256, 178.623977661, -10.9867229462, 30.1630249023, 66.139541626, 64.7678375244, 176.495666504, 51.9011650085, 64.0672607422, 2.1412665844, 43.9086227417, 20.391330719, 44.5206298828], [347.633331299, -192.389770508, 138.891952515, 65.8655319214, 68.3431091309, 132.617370605, 51.9011650085, 160.697021484, 44.0622825623, 72.2453918457, 3.92053103447, 30.6665668488, -7.22862672806], [-240.831802368, 173.886901855, -43.7929458618, -5.04037570953, 6.90215873718, 5.48665380478, 64.0672607422, 44.0622825623, 144.033859253, 59.5418701172, 51.9157600403, -0.866518974304, 34.6021003723], [294.303283691, -143.289108276, 79.2595214844, 20.4950695038, 34.7337188721, 76.0510025024, 2.1412665844, 72.2453918457, 59.5418701172, 142.581741333, 40.0513114929, 30.4117355347, -5.30792331696], [-358.891204834, 203.906173706, -57.3751182556, -59.3430519104, -6.92221689224, -15.3078594208, 43.9086227417, 3.92053103447, 51.9157600403, 40.0513114929, 115.327926636, 50.0965042114, 54.0742454529], [-41.4481506348, -27.4109516144, 42.5515632629, -38.895236969, 27.4983558655, 31.1639499664, 20.391330719, 30.6665668488, -0.866518974304, 30.4117355347, 50.0965042114, 94.6239700317, 48.274684906], [-437.303100586, 184.644485474, -61.6262588501, -62.6041488647, -11.3734970093, -27.1020317078, 44.5206298828, -7.22862672806, 34.6021003723, -5.30792331696, 54.0742454529, 48.274684906, 107.434715271]],
        "icov": [[0.000178607471753, 3.50477894244e-05, 5.22855480085e-05, -0.000182207426406, -1.44614045894e-06, -0.000192412233446, 0.000230258738156, -0.0001019509873, 0.000130283428007, -0.000264054600848, 0.000277674553217, -0.00019289390184, 0.000331524061039], [3.50477894244e-05, 0.00142499804497, 0.000388171960367, 0.000148628489114, -0.000549677002709, 0.000929470465053, -0.000814780360088, 0.00049554387806, -0.000994920614175, 0.00122320407536, -0.00193831673823, 0.00110918399878, -0.000591831456404], [5.22855480085e-05, 0.000388171960367, 0.0019453226123, -0.000121625562315, -0.000837675470393, -0.000217625405639, 0.000280746258795, -0.000724746380001, 0.000239547240199, -0.000140148025821, 0.000249501812505, -0.000547138857655, 0.00031819139258], [-0.000182207426406, 0.000148628489114, -0.000121625562315, 0.00303202797659, -0.000356935604941, -0.00155093776993, -0.000391283305362, 0.000510366226081, -0.000587698013987, 0.000765768520068, -0.000144191086292, 0.00159736617934, 4.93327570439e-05], [-1.44614045894e-06, -0.000549677002709, -0.000837675470393, -0.000356935604941, 0.00479813292623, -0.00193083612248, -0.00104582880158, 0.000594669138081, 8.6882209871e-05, -0.000475379347336, 0.00120602478273, -0.00153686257545, 0.000776682223659], [-0.000192412233446, 0.000929470465053, -0.000217625405639, -0.00155093776993, -0.00193083612248, 0.00851939991117, -0.00266398582608, -0.00278833066113, 0.00121177651454, -0.00123221019749, -0.000896642915905, 5.16113796039e-05, -0.000571213429794], [0.000230258738156, -0.000814780360088, 0.000280746258795, -0.000391283305362, -0.00104582880158, -0.00266398582608, 0.0110112149268, -0.00319635309279, -0.00280374125578, 0.00333716371097, -0.00160896533635, -0.000134591275128, -0.00135201192461], [-0.0001019509873, 0.00049554387806, -0.000724746380001, 0.000510366226081, 0.000594669138081, -0.00278833066113, -0.00319635309279, 0.0135355126113, -0.00388119951822, -0.00269388547167, 0.00265715527348, -0.00374812167138, 0.00167357467581], [0.000130283428007, -0.000994920614175, 0.000239547240199, -0.000587698013987, 8.6882209871e-05, 0.00121177651454, -0.00280374125578, -0.00388119951822, 0.0156519711018, -0.0074957087636, -0.00203314889222, 0.00657317973673, -0.00409091729671], [-0.000264054600848, 0.00122320407536, -0.000140148025821, 0.000765768520068, -0.000475379347336, -0.00123221019749, 0.00333716371097, -0.00269388547167, -0.0074957087636, 0.0163827817887, -0.00685431156307, -0.00178909942042, 0.00274084229022], [0.000277674553217, -0.00193831673823, 0.000249501812505, -0.000144191086292, 0.00120602478273, -0.000896642915905, -0.00160896533635, 0.00265715527348, -0.00203314889222, -0.00685431156307, 0.0214648023248, -0.00998708419502, -0.00073224568041], [-0.00019289390184, 0.00110918399878, -0.000547138857655, 0.00159736617934, -0.00153686257545, 5.16113796039e-05, -0.000134591275128, -0.00374812167138, 0.00657317973673, -0.00178909942042, -0.00998708419502, 0.0247797295451, -0.010733852163], [0.000331524061039, -0.000591831456404, 0.00031819139258, 4.93327570439e-05, 0.000776682223659, -0.000571213429794, -0.00135201192461, 0.00167357467581, -0.00409091729671, 0.00274084229022, -0.00073224568041, -0.010733852163, 0.0191415455192]]
    },
    "melbands": {
        "dmean": [0.00386751606129, 0.00185108080041, 0.00166066968814, 0.000806792930234, 0.000541168439668, 0.000298249680782, 0.000149925181177, 0.000204285752261, 0.000143120341818, 7.29882376618e-05, 7.302218728e-05, 5.65528716834e-05, 7.92823630036e-05, 5.1067709137e-05, 3.05798166664e-05, 2.75349648291e-05, 2.76578466583e-05, 1.92246916413e-05, 1.99719324883e-05, 1.96433084056e-05, 1.47727851072e-05, 1.50084742927e-05, 8.14024951978e-06, 6.80449693391e-06, 5.80821551921e-06, 5.96349264015e-06, 4.0320314838e-06, 5.13059922014e-06, 5.18711840414e-06, 4.44157649326e-06, 4.08838559451e-06, 3.60906551578e-06, 3.46663682649e-06, 2.80445487988e-06, 2.75247248283e-06, 2.68263374892e-06, 2.80439417111e-06, 2.87602711069e-06, 2.73930049843e-06, 2.05723472391e-06],
        "dmean2": [0.00573576660827, 0.00290970387869, 0.00267671537586, 0.00135059852619, 0.000899753649719, 0.000503424962517, 0.000252012338024, 0.000331062998157, 0.000234087317949, 0.00012140868057, 0.000127857463667, 9.45351202972e-05, 0.000127726656501, 8.35509345052e-05, 5.07588702021e-05, 4.66010606033e-05, 4.67797908641e-05, 3.30767106789e-05, 3.39026337315e-05, 3.34329124598e-05, 2.55362920143e-05, 2.57652282016e-05, 1.35543541546e-05, 1.17315339594e-05, 9.91671822703e-06, 1.03878837763e-05, 6.87169313096e-06, 8.96340316103e-06, 8.95624452824e-06, 7.65793629398e-06, 6.92251205692e-06, 6.19460843154e-06, 5.76727006774e-06, 4.77832736578e-06, 4.74022954222e-06, 4.53448637927e-06, 4.70773557026e-06, 4.7943926802e-06, 4.5958836381e-06, 3.50477284883e-06],
        "dvar": [3.07851842081e-05, 1.34233023346e-05, 1.61272328114e-05, 2.59456055574e-06, 7.91354011653e-07, 2.69653895657e-07, 8.77305339486e-08, 1.64489819099e-07, 5.9087589932e-08, 2.55828478402e-08, 7.20091861695e-08, 2.42019329022e-08, 4.50711894473e-08, 1.14227605152e-08, 3.88164433929e-09, 2.30472618767e-09, 3.6193570363e-09, 1.83837767231e-09, 2.65233945917e-09, 2.56510612751e-09, 1.17466325555e-09, 8.66685667678e-10, 2.07615855063e-10, 2.22916712866e-10, 1.24375093558e-10, 1.27172106179e-10, 4.11231049213e-11, 8.10185668554e-11, 6.81685888293e-11, 4.95352092678e-11, 3.54688500792e-11, 3.88304804977e-11, 3.04672259643e-11, 1.8074900951e-11, 2.19373911398e-11, 1.98131094864e-11, 2.38741196951e-11, 2.20080047936e-11, 1.95338918652e-11, 1.49470453376e-11],
        "dvar2": [7.04877384123e-05, 3.02106946037e-05, 3.86380816053e-05, 6.88852742314e-06, 1.97031909011e-06, 7.07123888333e-07, 2.33113439663e-07, 4.16156694882e-07, 1.54697900712e-07, 6.47965663347e-08, 2.03511518748e-07, 6.14887696315e-08, 1.12936604069e-07, 2.95814199802e-08, 1.06725668303e-08, 6.04124927861e-09, 9.12218478533e-09, 4.91943685788e-09, 6.86755585733e-09, 6.83597045636e-09, 3.26983640164e-09, 2.34338992655e-09, 5.15448683736e-10, 6.07519645701e-10, 3.21193655006e-10, 3.31894373096e-10, 1.08144840305e-10, 2.21187984595e-10, 1.82559842243e-10, 1.34535368956e-10, 9.32748323024e-11, 1.08706973978e-10, 7.90155649244e-11, 4.79390173391e-11, 5.98396818208e-11, 5.62141166949e-11, 6.53454027e-11, 6.17064524477e-11, 5.5865319315e-11, 4.24680846045e-11],
        "max": [0.0611877404153, 0.0385152250528, 0.0376481115818, 0.0189077910036, 0.00936274975538, 0.00651505822316, 0.00580529496074, 0.00870646629483, 0.0038086832501, 0.00422515161335, 0.00397571641952, 0.00449354108423, 0.00409809313715, 0.00254355557263, 0.00210924609564, 0.000923780316953, 0.00161812175065, 0.000558438652661, 0.000941873295233, 0.000620094244368, 0.00046620273497, 0.000442673248472, 0.000435025576735, 0.000250772718573, 0.000344941567164, 0.000308926304569, 0.00011193244427, 0.00011892546172, 0.000117754156236, 0.000102991471067, 6.74073453411e-05, 8.70451403898e-05, 7.4360112194e-05, 5.18395609106e-05, 5.12781771249e-05, 7.16113863746e-05, 5.49425749341e-05, 5.13737068104e-05, 4.76293062093e-05, 3.80709498131e-05],
        "mean": [0.00925586931407, 0.00315652252175, 0.00184014881961, 0.00101412402, 0.000691787805408, 0.000360256672138, 0.000208868339541, 0.000323415035382, 0.00022825965425, 0.000107012368971, 8.05002491688e-05, 7.59325339459e-05, 0.00012322452676, 8.43864763738e-05, 5.03938972543e-05, 4.05203281844e-05, 3.6812692997e-05, 2.49232452916e-05, 2.56162602454e-05, 2.48770757025e-05, 1.86782599485e-05, 1.90519240277e-05, 1.18915068015e-05, 9.04174521565e-06, 8.56594851939e-06, 8.33134072309e-06, 6.62077127345e-06, 7.36319952921e-06, 8.64821777213e-06, 7.86427426647e-06, 7.06739365341e-06, 6.15737462795e-06, 6.3867805693e-06, 5.36940478923e-06, 4.79877371617e-06, 4.70828445032e-06, 4.92618619319e-06, 4.64823051516e-06, 4.6817144721e-06, 3.2782843391e-06],
        "median": [0.00547573296353, 0.00161352893338, 0.000593279954046, 0.00033862987766, 0.000314622069709, 0.000181011651875, 7.90184712969e-05, 0.000106451901956, 9.15800701478e-05, 4.83727671963e-05, 2.88293122139e-05, 2.58505806414e-05, 4.01639881602e-05, 3.83416190743e-05, 2.37256044784e-05, 2.00350423256e-05, 1.51596404976e-05, 1.12889938464e-05, 1.08172744149e-05, 9.94361744233e-06, 8.49319258123e-06, 8.99136648513e-06, 6.63015953251e-06, 4.87515080749e-06, 4.52740641776e-06, 4.55086046713e-06, 4.10572874898e-06, 4.54079463452e-06, 4.34046205555e-06, 4.53568964076e-06, 4.39382438344e-06, 3.61910747415e-06, 2.82267797047e-06, 2.56299858847e-06, 2.05525884667e-06, 2.07212247005e-06, 2.05633568839e-06, 1.66543986779e-06, 1.22788981116e-06, 9.93168100649e-07],
        "min": [2.69530914069e-24, 1.97223371294e-24, 1.06602955085e-24, 4.12535402031e-24, 2.26480545939e-24, 1.72939057466e-24, 4.16342602532e-24, 3.73316590482e-24, 5.18756548438e-24, 4.18491932954e-24, 5.55552728704e-24, 3.17092186071e-24, 2.89632687378e-24, 3.38311913332e-24, 2.9433516612e-24, 7.59234523951e-24, 3.89213242128e-24, 3.62795552589e-24, 2.99281974806e-24, 4.45390078227e-24, 6.96117052949e-24, 4.42354147033e-24, 4.30213577702e-24, 7.47160455594e-24, 5.16100019897e-24, 3.85975046998e-24, 4.58756379633e-24, 7.47058850309e-24, 7.55671160356e-24, 7.48977438917e-24, 6.98466280725e-24, 4.63038829386e-24, 7.14696383875e-24, 6.09213571832e-24, 5.52737520791e-24, 5.50249216838e-24, 8.36898590044e-24, 7.41388833667e-24, 8.29213270448e-24, 7.71166439573e-24],
        "var": [9.77835516096e-05, 2.05271553568e-05, 1.67357466125e-05, 2.95139943773e-06, 9.65326535152e-07, 2.77368911838e-07, 1.13664640367e-07, 2.80363337879e-07, 1.09948715021e-07, 3.88277676677e-08, 5.22501295563e-08, 3.58663783118e-08, 6.92798991508e-08, 1.87979853905e-08, 8.47809555893e-09, 3.67835539805e-09, 4.77610040406e-09, 1.90792603938e-09, 2.73839151355e-09, 2.37384911728e-09, 1.05409669882e-09, 8.87602435995e-10, 2.78510270402e-10, 2.01305208614e-10, 1.61103658192e-10, 1.61947510957e-10, 6.20958492958e-11, 8.86791612364e-11, 1.14879411539e-10, 9.29399474048e-11, 6.56071863503e-11, 5.23381997464e-11, 7.00472527204e-11, 4.58277582549e-11, 3.96589358576e-11, 4.03659571047e-11, 4.40831329773e-11, 4.06520407614e-11, 4.43685574392e-11, 2.164056781e-11]
    },
    "mfcc": {
        "mean": [-627.400878906, 106.739990234, 25.0906677246, 18.4956169128, 7.35089159012, 12.1245670319, 4.62113428116, 4.95953989029, 3.51483178139, 0.856594920158, 1.80467069149, 6.90098333359, 3.27396249771],
        "cov": [[8028.046875, -1806.859375, 371.269805908, 444.096130371, 578.990234375, 494.021575928, 207.914398193, 89.8317565918, 117.129257202, 226.674453735, 28.5057544708, 86.0463027954, 79.697769165], [-1806.859375, 1506.83239746, -348.665985107, -137.617935181, -242.081344604, -193.799163818, -105.961784363, -43.0733299255, -56.3235015869, -92.6810379028, 30.4757385254, 11.7366857529, -23.8602027893], [371.269805908, -348.665985107, 525.401855469, 69.6254348755, 144.735519409, 74.1041107178, 81.1553115845, 49.5961914062, 51.7007827759, 34.3693237305, 17.5030899048, 28.0111942291, 23.9280643463], [444.096130371, -137.617935181, 69.6254348755, 284.38092041, 105.687866211, 108.908065796, 50.6452064514, 53.2378311157, 24.9348773956, 43.097568512, 6.99765825272, -5.35100126266, -3.35936379433], [578.990234375, -242.081344604, 144.735519409, 105.687866211, 291.33782959, 151.519241333, 109.888900757, 62.5962257385, 55.637348175, 52.806842804, 26.7030830383, 15.9958591461, 24.7925262451], [494.021575928, -193.799163818, 74.1041107178, 108.908065796, 151.519241333, 210.17098999, 110.263175964, 73.4024581909, 56.5056152344, 53.578994751, 23.7706184387, 23.8708839417, 27.7274055481], [207.914398193, -105.961784363, 81.1553115845, 50.6452064514, 109.888900757, 110.263175964, 164.30279541, 94.5775985718, 51.4810714722, 21.5236568451, 20.7026462555, 17.080368042, 27.1321849823], [89.8317565918, -43.0733299255, 49.5961914062, 53.2378311157, 62.5962257385, 73.4024581909, 94.5775985718, 134.778091431, 60.4858398438, 29.2418861389, 13.2465820312, 11.1453266144, 16.9137210846], [117.129257202, -56.3235015869, 51.7007827759, 24.9348773956, 55.637348175, 56.5056152344, 51.4810714722, 60.4858398438, 114.358421326, 60.9712409973, 37.9294471741, 22.3534412384, 21.1152477264], [226.674453735, -92.6810379028, 34.3693237305, 43.097568512, 52.806842804, 53.578994751, 21.5236568451, 29.2418861389, 60.9712409973, 106.701507568, 55.7783317566, 31.8796138763, 14.5368509293], [28.5057544708, 30.4757385254, 17.5030899048, 6.99765825272, 26.7030830383, 23.7706184387, 20.7026462555, 13.2465820312, 37.9294471741, 55.7783317566, 99.4724502563, 58.7102775574, 22.8179225922], [86.0463027954, 11.7366857529, 28.0111942291, -5.35100126266, 15.9958591461, 23.8708839417, 17.080368042, 11.1453266144, 22.3534412384, 31.8796138763, 58.7102775574, 87.2008972168, 39.0173873901], [79.697769165, -23.8602027893, 23.9280643463, -3.35936379433, 24.7925262451, 27.7274055481, 27.1321849823, 16.9137210846, 21.1152477264, 14.5368509293, 22.8179225922, 39.0173873901, 70.8306045532]],
