{
"lowlevel": {
    "average_loudness": 0.946845412254,
    "barkbands_crest": {
        "dmean": 2.7982313633,
        "dmean2": 4.17236566544,
        "dvar": 5.5240483284,
        "dvar2": 13.4865617752,
        "max": 26.8637123108,
        "mean": 12.8619375229,
        "median": 13.2080354691,
        "min": 2.1392800808,
        "var": 25.547832489
    },
    "barkbands_flatness_db": {
        "dmean": 0.024143146351,
        "dmean2": 0.0345804877579,
        "dvar": 0.000659410899971,
        "dvar2": 0.00125152315013,
        "max": 0.656451046467,
        "mean": 0.223437443376,
        "median": 0.2133166641,
        "min": 0.0234558787197,
        "var": 0.00881964992732
    },
    "barkbands_kurtosis": {
        "dmean": 6.52617692947,
        "dmean2": 9.95097541809,
        "dvar": 317.178131104,
        "dvar2": 698.263122559,
        "max": 1041.20385742,
        "mean": 11.9774961472,
        "median": 3.76358938217,
        "min": -1.81290793419,
        "var": 776.282165527
    },
    "barkbands_skewness": {
        "dmean": 0.667085707188,
        "dmean2": 0.971548259258,
        "dvar": 0.706891059875,
        "dvar2": 1.57060265541,
        "max": 26.3667201996,
        "mean": 2.29608225822,
        "median": 1.95937025547,
        "min": -4.5153632164,
        "var": 4.33465385437
    },
    "barkbands_spread": {
        "dmean": 3.86631703377,
        "dmean2": 5.84934043884,
        "dvar": 19.3476734161,
        "dvar2": 43.9676589966,
        "max": 74.2045593262,
        "mean": 17.1476860046,
        "median": 15.5436449051,
        "min": 0.0650255456567,
        "var": 132.103118896
    },
    "dissonance": {
        "dmean": 0.0178522244096,
        "dmean2": 0.0297847166657,
        "dvar": 0.000415347778471,
        "dvar2": 0.00105088786222,
        "max": 0.500000119209,
        "mean": 0.457295805216,
        "median": 0.473245441914,
        "min": 0.0970776677132,
        "var": 0.00243824068457
    },
    "dynamic_complexity": 2.91514444351,
    "erbbands_crest": {
        "dmean": 2.03635787964,
        "dmean2": 3.16306591034,
        "dvar": 4.36356067657,
        "dvar2": 9.82978439331,
        "max": 33.3232421875,
        "mean": 9.58438014984,
        "median": 7.68718910217,
        "min": 2.33380627632,
        "var": 33.1455116272
    },
    "erbbands_flatness_db": {
        "dmean": 0.013496006839,
        "dmean2": 0.0186504013836,
        "dvar": 0.000228712757234,
        "dvar2": 0.000401270284783,
        "max": 0.476568192244,
        "mean": 0.207222044468,
        "median": 0.196629598737,
        "min": 0.0866870507598,
        "var": 0.00336220161989
    },
    "erbbands_kurtosis": {
        "dmean": 1.0231218338,
        "dmean2": 1.53439474106,
        "dvar": 10.0831804276,
        "dvar2": 20.8529052734,
        "max": 156.615509033,
        "mean": 1.46220648289,
        "median": -0.0597584247589,
        "min": -1.93966066837,
        "var": 72.3212814331
    },
    "erbbands_skewness": {
        "dmean": 0.308874636889,
        "dmean2": 0.458170294762,
        "dvar": 0.143846765161,
        "dvar2": 0.289484620094,
        "max": 9.83617305756,
        "mean": 0.236128285527,
        "median": 0.0415480434895,
        "min": -4.79549646378,
        "var": 1.08895123005
    },
    "erbbands_spread": {
        "dmean": 6.07827043533,
        "dmean2": 9.01499938965,
        "dvar": 65.9521255493,
        "dvar2": 138.898040771,
        "max": 154.862304688,
        "mean": 34.4590644836,
        "median": 31.0188484192,
        "min": 0.828083097935,
        "var": 316.652252197
    },
    "hfc": {
        "dmean": 4.43290805817,
        "dmean2": 6.45821237564,
        "dvar": 51.3453636169,
        "dvar2": 111.170562744,
        "max": 101.430526733,
        "mean": 19.9553318024,
        "median": 17.2821063995,
        "min": 1.09708395543e-16,
        "var": 255.618545532
    },
    "melbands_crest": {
        "dmean": 3.62810707092,
        "dmean2": 5.44979667664,
        "dvar": 10.4921560287,
        "dvar2": 23.5754013062,
        "max": 36.0748023987,
        "mean": 21.6611595154,
        "median": 23.3880672455,
        "min": 1.00333881378,
        "var": 67.0558624268
    },
    "melbands_flatness_db": {
        "dmean": 0.0289985407144,
        "dmean2": 0.0403018519282,
        "dvar": 0.000921639672015,
        "dvar2": 0.00165690889116,
        "max": 0.803958654404,
        "mean": 0.278854936361,
        "median": 0.275798052549,
        "min": 2.24345413358e-07,
        "var": 0.0128455152735
    },
    "melbands_kurtosis": {
        "dmean": 15.1430644989,
        "dmean2": 23.1734085083,
        "dvar": 1293.7722168,
        "dvar2": 3071.26513672,
        "max": 967.053039551,
        "mean": 29.9022827148,
        "median": 11.4382829666,
        "min": -1.87500870228,
        "var": 3307.71899414
    },
    "melbands_skewness": {
        "dmean": 0.945028960705,
        "dmean2": 1.38245642185,
        "dvar": 1.41540336609,
        "dvar2": 3.12461996078,
        "max": 23.7065391541,
        "mean": 3.61618900299,
        "median": 3.0702278614,
        "min": -2.31806731224,
        "var": 8.2237071991
    },
    "melbands_spread": {
        "dmean": 4.70437097549,
        "dmean2": 7.01264619827,
        "dvar": 47.9416809082,
        "dvar2": 102.366889954,
        "max": 161.006713867,
        "mean": 18.5359725952,
        "median": 13.4169740677,
        "min": 0.191449195147,
        "var": 303.872558594
    },
    "pitch_salience": {
        "dmean": 0.072446115315,
        "dmean2": 0.109499894083,
        "dvar": 0.00477308826521,
        "dvar2": 0.0104008195922,
        "max": 0.996053993702,
        "mean": 0.417585760355,
        "median": 0.387461006641,
        "min": 0.0489482842386,
        "var": 0.0271655526012
    },
    "silence_rate_20dB": {
        "dmean": 0,
        "dmean2": 0,
        "dvar": 0,
        "dvar2": 0,
        "max": 1,
        "mean": 1,
        "median": 1,
        "min": 1,
        "var": 0
    },
    "silence_rate_30dB": {
        "dmean": 0.107006154954,
        "dmean2": 0.214030116796,
        "dvar": 0.0955672711134,
        "dvar2": 0.215336188674,
        "max": 1,
        "mean": 0.852150738239,
        "median": 1,
        "min": 0,
        "var": 0.125984683633
    },
    "silence_rate_60dB": {
        "dmean": 0.00748876668513,
        "dmean2": 0.0149787804112,
        "dvar": 0.00743268849328,
        "dvar2": 0.0164179187268,
        "max": 1,
        "mean": 0.0500041618943,
        "median": 0,
        "min": 0,
        "var": 0.0475056357682
    },
    "spectral_centroid": {
        "dmean": 185.566604614,
        "dmean2": 280.73147583,
        "dvar": 72100.2734375,
        "dvar2": 141099.1875,
        "max": 11448.1455078,
        "mean": 1374.58129883,
        "median": 1368.23095703,
        "min": 120.893203735,
        "var": 538823.4375
    },
    "spectral_complexity": {
        "dmean": 3.27941417694,
        "dmean2": 4.7701587677,
        "dvar": 15.0961198807,
        "dvar2": 24.9443035126,
        "max": 60,
        "mean": 19.8319320679,
        "median": 19,
        "min": 0,
        "var": 167.009902954
    },
    "spectral_decrease": {
        "dmean": 4.54282700346e-09,
        "dmean2": 6.86159262742e-09,
        "dvar": 3.53756957674e-17,
        "dvar2": 9.43774499219e-17,
        "max": 1.59638142179e-19,
        "mean": -1.55361767895e-08,
        "median": -1.63013194054e-08,
        "min": -5.75007703674e-08,
        "var": 1.28649944832e-16
    },
    "spectral_energy": {
        "dmean": 0.0173679850996,
        "dmean2": 0.0262147933245,
        "dvar": 0.000511463731527,
        "dvar2": 0.00136772927362,
        "max": 0.219273418188,
        "mean": 0.0604471191764,
        "median": 0.0631173998117,
        "min": 9.91516439446e-21,
        "var": 0.00187547609676
    },
    "spectral_energyband_high": {
        "dmean": 0.00019318710838,
        "dmean2": 0.000274723308394,
        "dvar": 1.48867556504e-07,
        "dvar2": 2.59570583694e-07,
        "max": 0.01047048904,
        "mean": 0.000513943668921,
        "median": 0.000253915146459,
        "min": 6.75283918018e-21,
        "var": 4.97839039326e-07
    },
    "spectral_energyband_low": {
        "dmean": 0.0162653885782,
        "dmean2": 0.0243727620691,
        "dvar": 0.000503948598634,
        "dvar2": 0.00130946468562,
        "max": 0.206975698471,
        "mean": 0.043880302459,
        "median": 0.0444114729762,
        "min": 2.12187585405e-23,
        "var": 0.00167898414657
    },
    "spectral_energyband_middle_high": {
        "dmean": 0.00186942436267,
        "dmean2": 0.00281088147312,
        "dvar": 8.28170686873e-06,
        "dvar2": 1.87114856089e-05,
        "max": 0.0445061698556,
        "mean": 0.00703364145011,
        "median": 0.00535440584645,
        "min": 1.3898343784e-21,
        "var": 4.58621652797e-05
    },
    "spectral_energyband_middle_low": {
        "dmean": 0.00318603520282,
        "dmean2": 0.00500966049731,
        "dvar": 4.30324107583e-05,
        "dvar2": 0.000105955092295,
        "max": 0.0907202064991,
        "mean": 0.00861512776464,
        "median": 0.00668268604204,
        "min": 1.92906266093e-22,
        "var": 6.16369870841e-05
    },
    "spectral_entropy": {
        "dmean": 0.139268562198,
        "dmean2": 0.190630942583,
        "dvar": 0.0323189869523,
        "dvar2": 0.0546559654176,
        "max": 9.81949424744,
        "mean": 7.30223035812,
        "median": 7.52219963074,
        "min": 3.66266489029,
        "var": 0.535522341728
    },
    "spectral_flux": {
        "dmean": 0.0292392652482,
        "dmean2": 0.0473047159612,
        "dvar": 0.00109309132677,
        "dvar2": 0.00263656396419,
        "max": 0.365002572536,
        "mean": 0.0957481265068,
        "median": 0.0883430987597,
        "min": 6.50123704871e-11,
        "var": 0.0033081388101
    },
    "spectral_kurtosis": {
        "dmean": 3.11777234077,
        "dmean2": 5.41979217529,
        "dvar": 31.3132171631,
        "dvar2": 83.8059463501,
        "max": 157.09703064,
        "mean": 5.3002409935,
        "median": 2.74655628204,
        "min": -1.29123592377,
        "var": 96.4297027588
    },
    "spectral_rms": {
        "dmean": 0.000985708087683,
        "dmean2": 0.00145154772326,
        "dvar": 1.29066677346e-06,
        "dvar2": 3.21290394822e-06,
        "max": 0.0146261854097,
        "mean": 0.00700624519959,
        "median": 0.00784716196358,
        "min": 3.11019786314e-12,
        "var": 9.88522515399e-06
    },
    "spectral_rolloff": {
        "dmean": 274.678009033,
        "dmean2": 434.760375977,
        "dvar": 378309.59375,
        "dvar2": 854197,
        "max": 19832.0800781,
        "mean": 977.010620117,
        "median": 538.330078125,
        "min": 43.06640625,
        "var": 2584869.25
    },
    "spectral_skewness": {
        "dmean": 0.314478099346,
        "dmean2": 0.525299906731,
        "dvar": 0.170281723142,
        "dvar2": 0.427786171436,
        "max": 10.2731771469,
        "mean": 1.3435292244,
        "median": 1.12590491772,
        "min": -0.629150152206,
        "var": 0.799990415573
    },
    "spectral_spread": {
        "dmean": 304929.15625,
        "dmean2": 462805.9375,
        "dvar": 638963875840,
        "dvar2": 1.14516151501e+12,
        "max": 47016660,
        "mean": 3313086.75,
        "median": 3190191.75,
        "min": 512904,
        "var": 2.92967573094e+12
    },
    "spectral_strongpeak": {
        "dmean": 0.301812648773,
        "dmean2": 0.526654303074,
        "dvar": 0.431307792664,
        "dvar2": 1.12924492359,
        "max": 9.04427051544,
        "mean": 0.5847017169,
        "median": 0.29707428813,
        "min": 0,
        "var": 0.732179582119
    },
    "zerocrossingrate": {
        "dmean": 0.00593157298863,
        "dmean2": 0.00697774486616,
        "dvar": 7.30482133804e-05,
        "dvar2": 9.19287122088e-05,
        "max": 0.53173828125,
        "mean": 0.0392197221518,
        "median": 0.02783203125,
        "min": 0.00146484375,
        "var": 0.00223574577831
    },
    "barkbands": {
        "dmean": [0.00350794545375, 0.0148248430341, 0.00189108506311, 0.00080080726184, 0.00118693266995, 0.00089705735445, 0.000762677984312, 0.000428504165029, 0.00052259513177, 0.000797021260951, 0.000389947759686, 0.000458672642708, 0.000256330531556, 0.000467751844553, 0.000269841810223, 0.000421471515438, 0.000190283084521, 0.000142191012856, 0.000227536496823, 8.6795007519e-05, 9.4153736427e-05, 5.79244770051e-05, 2.74823414657e-05, 7.96260337665e-06, 8.95332618711e-07, 4.15611260962e-08, 3.92986532205e-09],
        "dmean2": [0.0058044437319, 0.0220246762037, 0.00318167754449, 0.00135989079718, 0.00198624120094, 0.00145775766578, 0.00120265595615, 0.000699706317391, 0.000862086599227, 0.00124926608987, 0.000611532712355, 0.000721803517081, 0.000416225258959, 0.000764048658311, 0.000432853033999, 0.000670545152389, 0.000306030560751, 0.000228599616094, 0.000360095466021, 0.000132420027512, 0.000145202720887, 8.71965021361e-05, 4.00227618229e-05, 1.17302342915e-05, 1.21883874726e-06, 5.91485651569e-08, 6.80508760453e-09],
        "dvar": [2.32608854276e-05, 0.000412270514062, 2.16825192183e-05, 3.94220660382e-06, 1.06666029751e-05, 2.9571945106e-06, 3.4490053622e-06, 6.71714815326e-07, 1.18396405924e-06, 2.16318949242e-06, 5.14119449235e-07, 4.76452981957e-07, 2.8557573728e-07, 7.21243623047e-07, 2.84858032273e-07, 6.00505643433e-07, 1.44785630596e-07, 6.92778598932e-08, 1.91217949919e-07, 2.84907013537e-08, 4.08585201228e-08, 1.24712782323e-08, 2.7228279631e-09, 2.57469268128e-10, 3.9226651441e-12, 1.91508660601e-14, 3.56568809274e-17],
        "dvar2": [5.82688189752e-05, 0.00107543414924, 5.82940119784e-05, 1.02833619167e-05, 2.89632789645e-05, 8.04336286819e-06, 8.52809898788e-06, 1.66965639892e-06, 3.21936727232e-06, 5.32010335519e-06, 1.13490818876e-06, 1.16022840757e-06, 7.16470481166e-07, 1.86576517081e-06, 6.74892419283e-07, 1.5065156731e-06, 3.62394416697e-07, 1.69236045622e-07, 4.75986979609e-07, 6.0682097569e-08, 8.78668586779e-08, 2.31792931515e-08, 5.73918956803e-09, 5.53067591724e-10, 7.78220283354e-12, 4.3311311975e-14, 9.74574073019e-17],
        "max": [0.0581403337419, 0.1873549968, 0.0647557973862, 0.0188139602542, 0.0466519109905, 0.031940985471, 0.0296361949295, 0.0183286257088, 0.0296280905604, 0.0174119155854, 0.0139843281358, 0.021907934919, 0.019989842549, 0.0184743162245, 0.0138210812584, 0.0149450683966, 0.00876028649509, 0.00873924512416, 0.0106367766857, 0.00306052621454, 0.00572153180838, 0.00318373483606, 0.00109196745325, 0.000269159703748, 4.75047927466e-05, 4.54584642284e-06, 1.91721568399e-07],
        "mean": [0.0115962773561, 0.030640905723, 0.00228050048463, 0.000906496366952, 0.00174640503246, 0.00199434370734, 0.00153100001626, 0.000909104128368, 0.00102893321309, 0.00144147768151, 0.000730972737074, 0.00119555252604, 0.000392437650589, 0.000872984994203, 0.000513528124429, 0.000879776198417, 0.00037655729102, 0.000302958127577, 0.000490846403409, 0.000198311594431, 0.000217356020585, 0.000119109805382, 6.31317525404e-05, 1.63683689607e-05, 1.65737105817e-06, 7.3971911263e-08, 4.60628069021e-09],
        "median": [0.0124987047166, 0.0251524019986, 0.00104355206713, 0.000295439444017, 0.000762050738558, 0.000949100125581, 0.000386928790249, 0.000266296468908, 0.000379302189685, 0.000492227787618, 0.000278434657957, 0.000569255149458, 0.00018509986694, 0.000427765364293, 0.000219236593693, 0.000317657832056, 0.000160206720466, 0.000146125705214, 0.00015098064614, 8.48263516673e-05, 0.000111909816042, 4.54673536296e-05, 2.73486675724e-05, 5.33948514203e-06, 3.95743484205e-07, 1.86228135135e-08, 2.26763385847e-09],
        "min": [1.5299054011e-24, 2.40065874576e-24, 5.91702476901e-24, 2.41233822589e-24, 2.10016782189e-23, 7.98802603665e-24, 1.05560435956e-23, 9.70249767387e-24, 2.60190465686e-23, 3.61587364781e-23, 2.56319477892e-23, 4.42747331086e-23, 1.98969195419e-23, 3.55487387391e-23, 8.37180213388e-23, 7.81877971597e-23, 7.41335885323e-23, 1.61570072986e-22, 1.93960979434e-22, 2.21715781896e-22, 2.8297028845e-22, 3.0642459991e-22, 4.32519938776e-22, 6.32156172888e-22, 8.36097896226e-22, 1.53452848257e-21, 2.05582836748e-21],
        "var": [0.000114103357191, 0.000985799124464, 1.92970710486e-05, 3.62769537787e-06, 1.02732401501e-05, 7.99284498498e-06, 8.82476888364e-06, 2.60910132965e-06, 3.13782879857e-06, 4.66963092549e-06, 1.40104316415e-06, 3.12681322612e-06, 4.49716651474e-07, 1.55581278705e-06, 7.48433933495e-07, 1.87364742033e-06, 3.39723129628e-07, 1.80207010203e-07, 5.62296236239e-07, 8.61820623754e-08, 1.01522395823e-07, 3.27192282157e-08, 8.04430388968e-09, 7.18821502321e-10, 1.10225275088e-11, 3.76168382196e-14, 4.49520616718e-17]
    },
    "erbbands": {
        "dmean": [0.790410101414, 2.16522097588, 2.17112064362, 2.49718308449, 3.19582867622, 4.3364367485, 4.88247966766, 8.11540317535, 10.1832895279, 11.3887062073, 8.82227134705, 10.8269701004, 24.7743587494, 13.7248668671, 17.0718727112, 15.2696876526, 12.0014753342, 14.8006000519, 18.4369010925, 19.3768482208, 17.4143257141, 10.7666578293, 7.65072393417, 12.3594789505, 5.92955684662, 4.03423023224, 4.68871068954, 2.98765516281, 2.10730242729, 1.36016571522, 0.759332180023, 0.277678281069, 0.0798942819238, 0.0195713397115, 0.00324828829616, 0.000408344756579, 5.56555933144e-05, 8.0512063505e-06, 8.08493314253e-06, 1.89840266103e-05],
        "dmean2": [1.14887857437, 3.34966182709, 3.54813861847, 4.17803478241, 5.26588869095, 7.25718688965, 7.9615778923, 13.1323862076, 15.7727403641, 18.4049720764, 14.2790527344, 17.9667549133, 38.8645477295, 21.4680614471, 26.732831955, 23.9033584595, 19.236574173, 24.3617782593, 29.3688373566, 30.3692264557, 27.0020389557, 17.1323223114, 12.1678771973, 19.5883750916, 9.07534694672, 6.14423847198, 7.25985908508, 4.6514210701, 3.18323326111, 1.9688256979, 1.1045883894, 0.411583870649, 0.111396074295, 0.026341997087, 0.00428381515667, 0.00055584392976, 7.65074510127e-05, 1.13771111501e-05, 1.20371078083e-05, 2.85885071207e-05],
        "dvar": [1.02408075333, 11.7755966187, 22.7300853729, 36.7422866821, 68.6387634277, 150.844604492, 94.2083816528, 261.145080566, 419.599822998, 1048.46850586, 286.184234619, 580.147155762, 2186.50830078, 520.999023438, 856.787475586, 457.357757568, 568.75970459, 608.248535156, 1094.35168457, 1239.70715332, 888.799743652, 436.726318359, 205.555892944, 552.144470215, 108.064926147, 71.1606063843, 105.867675781, 30.3187351227, 16.5549373627, 6.96467876434, 1.95812499523, 0.282588541508, 0.0340786278248, 0.00186952552758, 5.03377159475e-05, 1.3126363001e-06, 2.56957566336e-08, 3.40193956339e-10, 1.03236343085e-10, 5.99570559867e-10],
        "dvar2": [2.65710449219, 30.4976673126, 60.0482711792, 93.5711593628, 175.680847168, 408.370300293, 257.748199463, 687.868530273, 987.029296875, 2580.23022461, 744.190673828, 1626.49645996, 5541.61621094, 1286.62512207, 1924.71179199, 1106.83520508, 1403.26672363, 1614.79089355, 2694.05200195, 2831.10083008, 2082.61206055, 1081.96325684, 507.963378906, 1330.66870117, 250.880065918, 156.766357422, 226.624511719, 62.7447166443, 31.9927024841, 13.5143585205, 3.89071059227, 0.596979081631, 0.0699778869748, 0.00367345591076, 8.98897924344e-05, 2.75132765637e-06, 5.35087103515e-08, 6.47056186409e-10, 2.70053951423e-10, 1.60630519996e-09],
        "max": [6.97639036179, 37.1988525391, 64.8695297241, 75.3271942139, 152.165679932, 171.743179321, 194.416000366, 284.291717529, 456.032592773, 575.497497559, 428.21182251, 718.851501465, 781.293151855, 305.194122314, 628.139953613, 570.606323242, 1001.15582275, 477.46005249, 640.828857422, 912.564697266, 686.834838867, 575.91418457, 550.565612793, 483.116455078, 217.026351929, 153.607971191, 280.344207764, 124.959503174, 108.985481262, 53.0131988525, 27.0199699402, 9.21202850342, 3.52720141411, 0.997944831848, 0.196300253272, 0.0377019569278, 0.00475149182603, 0.000516514468472, 0.000100424127595, 0.000238658656599],
        "mean": [1.51229858398, 4.41956853867, 3.57533574104, 3.32407045364, 4.23496961594, 5.68724918365, 9.81378269196, 18.4719467163, 24.3418540955, 18.8152370453, 20.3010540009, 21.8410797119, 46.9593505859, 27.1523761749, 39.6083297729, 38.3440361023, 21.5885906219, 29.0373935699, 37.7186851501, 42.8763504028, 38.8775482178, 23.2087936401, 17.4856700897, 27.1044044495, 14.6268625259, 9.17397212982, 10.3015470505, 6.69213581085, 4.42298173904, 2.71862077713, 1.74412059784, 0.605554699898, 0.164106830955, 0.0363252945244, 0.00599402934313, 0.00078672345262, 0.000117306801258, 1.82797011803e-05, 3.03404012811e-05, 6.79487566231e-05],
        "median": [1.08651769161, 3.28092908859, 2.30067420006, 1.19559562206, 1.8623521328, 2.20904636383, 5.26355218887, 7.15452814102, 7.38822507858, 7.20793008804, 7.10409832001, 8.75159168243, 15.9442253113, 14.1022634506, 19.0766601562, 21.5080947876, 12.2953634262, 17.0877571106, 19.549823761, 17.4555130005, 18.6884841919, 10.611541748, 9.57262897491, 9.82575798035, 5.94995880127, 4.16322803497, 4.38033771515, 3.68147945404, 1.78188896179, 0.930804252625, 0.783503830433, 0.228051796556, 0.0395590960979, 0.00808226782829, 0.0013835770078, 0.000211878694245, 4.86305543745e-05, 8.91049421625e-06, 3.10916184389e-05, 7.04898120603e-05],
        "min": [6.99277797715e-23, 7.87119908136e-22, 3.83936608331e-21, 8.41879385856e-21, 1.66726168837e-20, 4.75011471751e-20, 1.01045443261e-19, 7.16878598185e-20, 1.07648444812e-19, 2.72327425644e-19, 3.46534186137e-19, 8.35204678085e-19, 1.2406613174e-18, 7.49493360386e-19, 1.22989545833e-18, 1.76648597073e-18, 1.05159729768e-18, 2.4930214502e-18, 3.19457007811e-18, 5.65099312891e-18, 5.14824226517e-18, 5.37022238641e-18, 8.60872836955e-18, 8.32553316068e-18, 1.02637869079e-17, 1.1845717717e-17, 1.31945432393e-17, 1.13602197729e-17, 1.2359568931e-17, 1.26855111796e-17, 1.24320191993e-17, 1.1118453905e-17, 1.1638158249e-17, 9.68555374533e-18, 5.45939162926e-18, 4.79394633316e-18, 2.79774403452e-18, 1.13687972223e-18, 2.6677719883e-19, 2.82420754564e-20],
        "var": [2.44237470627, 24.3905715942, 26.2696113586, 38.6498413086, 74.1099090576, 138.403945923, 160.663040161, 886.82635498, 1995.98571777, 1859.28308105, 907.225708008, 1458.6809082, 4654.51025391, 1189.78820801, 3044.69458008, 2310.4753418, 968.291564941, 1269.64526367, 2708.35180664, 4304.20458984, 2941.2331543, 1203.18762207, 574.387023926, 1643.30310059, 392.687530518, 195.887649536, 269.16696167, 81.2292404175, 43.66639328, 17.3828525543, 6.2384557724, 0.792306900024, 0.110153011978, 0.00539254490286, 0.00015630760754, 3.35354320669e-06, 5.80209515988e-08, 8.52050097144e-10, 4.1112455107e-10, 2.23752372186e-09]
    },
    "gfcc": {
        "mean": [-51.216091156, 145.879211426, -149.255828857, 57.7247314453, -48.762676239, 12.0829000473, -7.92932081223, -7.3419213295, 6.44784641266, -9.13512420654, 6.48253154755, -4.48469018936, 8.28452301025],
        "cov": [[19612.6855469, 1171.38146973, -2426.80102539, 720.84375, -563.196716309, 955.805725098, -125.912597656, 549.021850586, 444.718261719, 98.4856796265, 199.394683838, -176.32723999, 70.525970459], [1171.38146973, 1239.53894043, 285.535705566, -119.744140625, 319.144836426, -157.900970459, 191.550796509, -92.6944351196, 120.730140686, -12.1868085861, 60.8128433228, -63.2377891541, 31.0822429657], [-2426.80102539, 285.535705566, 1211.35766602, 230.21925354, 290.249847412, -64.1747283936, 131.41545105, -75.6070861816, -7.31997442245, -1.89899563789, -4.91040468216, 8.19385242462, 20.7288532257], [720.84375, -119.744140625, 230.21925354, 502.510620117, 61.7429885864, 105.158073425, 5.33179569244, 41.3608894348, 36.7077445984, -25.693611145, -16.6905174255, 4.90127420425, 34.3523178101], [-563.196716309, 319.144836426, 290.249847412, 61.7429885864, 518.670227051, 40.7541046143, 216.281265259, 62.0942382812, 83.3316040039, 12.5293855667, 22.8249740601, -2.21831941605, 21.5923595428], [955.805725098, -157.900970459, -64.1747283936, 105.158073425, 40.7541046143, 408.145904541, 94.3040542603, 96.2784805298, 20.6362762451, 20.9789028168, -3.51408600807, -25.2829742432, -29.73346138], [-125.912597656, 191.550796509, 131.41545105, 5.33179569244, 216.281265259, 94.3040542603, 249.661514282, 57.4047737122, 59.3060302734, 14.8663959503, 24.5821743011, -9.50292205811, -24.7110900879], [549.021850586, -92.6944351196, -75.6070861816, 41.3608894348, 62.0942382812, 96.2784805298, 57.4047737122, 192.753555298, 70.1048736572, 29.5601787567, 23.9427528381, 10.4865274429, -29.1939334869], [444.718261719, 120.730140686, -7.31997442245, 36.7077445984, 83.3316040039, 20.6362762451, 59.3060302734, 70.1048736572, 136.100463867, 36.514087677, 32.7388381958, 10.543129921, 9.68837356567], [98.4856796265, -12.1868085861, -1.89899563789, -25.693611145, 12.5293855667, 20.9789028168, 14.8663959503, 29.5601787567, 36.514087677, 98.8998413086, 45.651184082, 5.4208445549, 5.4071059227], [199.394683838, 60.8128433228, -4.91040468216, -16.6905174255, 22.8249740601, -3.51408600807, 24.5821743011, 23.9427528381, 32.7388381958, 45.651184082, 118.303764343, 42.9673080444, 1.30723440647], [-176.32723999, -63.2377891541, 8.19385242462, 4.90127420425, -2.21831941605, -25.2829742432, -9.50292205811, 10.4865274429, 10.543129921, 5.4208445549, 42.9673080444, 85.0525970459, 31.7072353363], [70.525970459, 31.0822429657, 20.7288532257, 34.3523178101, 21.5923595428, -29.73346138, -24.7110900879, -29.1939334869, 9.68837356567, 5.4071059227, 1.30723440647, 31.7072353363, 117.769363403]],
        "icov": [[0.000290617492283, -0.000875115802046, 0.000696464732755, -0.000836769118905, 0.000528205418959, -0.000655794574413, 0.00039855070645, -0.000808683049399, 0.000247996125836, -0.000385869498132, -9.18688747333e-05, 1.30941079988e-05, -0.000206021853955], [-0.000875115802046, 0.00437995232642, -0.00234215031378, 0.00309690320864, -0.00209350371733, 0.00250803306699, -0.00189905636944, 0.00357540976256, -0.00263435090892, 0.00265391450375, -0.00149038725067, 0.00250530126505, -0.000181224226253], [0.000696464732755, -0.00234215031378, 0.00293122045696, -0.00279354094528, 0.000732403190341, -0.00125657976605, 0.000533813843504, -0.00135764479637, 0.00137832120527, -0.00176716782153, 0.000321089784848, -0.0007645257283, -6.05944342169e-06], [-0.000836769118905, 0.00309690320864, -0.00279354094528, 0.00536102382466, -0.00166129134595, 0.00111635145731, -0.000500909576658, 0.00204272801057, -0.00234807073139, 0.00300988042727, -0.000375006784452, 0.00102787069045, -0.000618212274276], [0.000528205418959, -0.00209350371733, 0.000732403190341, -0.00166129134595, 0.00475395470858, -0.00104794930667, -0.0017850943841, -0.00258427020162, 0.000217081018491, -0.00058118882589, 9.4320239441e-05, 4.03302983614e-05, -0.00156255962793], [-0.000655794574413, 0.00250803306699, -0.00125657976605, 0.00111635145731, -0.00104794930667, 0.00510452548042, -0.00275611621328, 0.000894454249647, -7.81755152275e-05, 0.00034951249836, 8.70387793839e-06, 0.00149011379108, 0.000339741527569], [0.00039855070645, -0.00189905636944, 0.000533813843504, -0.000500909576658, -0.0017850943841, -0.00275611621328, 0.00875609740615, -0.00174920773134, -0.000737115624361, -0.000311297655571, -0.000448229344329, -0.000528517004568, 0.00157198123634], [-0.000808683049399, 0.00357540976256, -0.00135764479637, 0.00204272801057, -0.00258427020162, 0.000894454249647, -0.00174920773134, 0.0114230755717, -0.00508222682402, 0.000603389693424, -0.000233586513787, -0.000803368748166, 0.00295731099322], [0.000247996125836, -0.00263435090892, 0.00137832120527, -0.00234807073139, 0.000217081018491, -7.81755152275e-05, -0.000737115624361, -0.00508222682402, 0.0137466127053, -0.00476755294949, 0.000712203385774, -0.0023916233331, -0.000760959577747], [-0.000385869498132, 0.00265391450375, -0.00176716782153, 0.00300988042727, -0.00058118882589, 0.00034951249836, -0.000311297655571, 0.000603389693424, -0.00476755294949, 0.0163474287838, -0.0071569904685, 0.00522498460487, -0.00244285049848], [-9.18688747333e-05, -0.00149038725067, 0.000321089784848, -0.000375006784452, 9.4320239441e-05, 8.70387793839e-06, -0.000448229344329, -0.000233586513787, 0.000712203385774, -0.0071569904685, 0.0156242363155, -0.0100151989609, 0.00312717282213], [1.30941079988e-05, 0.00250530126505, -0.0007645257283, 0.00102787069045, 4.03302983614e-05, 0.00149011379108, -0.000528517004568, -0.000803368748166, -0.0023916233331, 0.00522498460487, -0.0100151989609, 0.0216004718095, -0.00652304058895], [-0.000206021853955, -0.000181224226253, -6.05944342169e-06, -0.000618212274276, -0.00156255962793, 0.000339741527569, 0.00157198123634, 0.00295731099322, -0.000760959577747, -0.00244285049848, 0.00312717282213, -0.00652304058895, 0.0121752219275]]
    },
    "melbands": {
        "dmean": [0.00523149594665, 0.00137873622589, 0.000429659237852, 0.000285375688691, 0.000160644849529, 0.000181172654266, 0.000150146122905, 0.000120324199088, 7.60383409215e-05, 7.0091780799e-05, 0.000129551073769, 6.39753707219e-05, 5.39257889614e-05, 4.96571556141e-05, 4.14965033997e-05, 2.38918764808e-05, 3.27645539073e-05, 3.86461179005e-05, 2.21619720833e-05, 3.417514381e-05, 1.94597305381e-05, 1.32232826218e-05, 7.6217120295e-06, 7.01524186297e-06, 1.16317651191e-05, 7.71175109548e-06, 3.11041071654e-06, 2.87813122668e-06, 3.04632817461e-06, 2.68336862064e-06, 1.64642949585e-06, 1.33166452088e-06, 1.03393188056e-06, 7.14994598638e-07, 4.90791194352e-07, 2.9384605682e-07, 1.41111343055e-07, 6.07574506262e-08, 3.42054775615e-08, 1.12742739589e-08],
        "dmean2": [0.00764450337738, 0.00227220798843, 0.000711306289304, 0.000471841223771, 0.000264895294094, 0.000293510558549, 0.000235749714193, 0.000194115928025, 0.000122699508211, 0.000116535018606, 0.000203183037229, 9.99036419671e-05, 8.36110339151e-05, 7.78692556196e-05, 6.68842330924e-05, 3.83455699193e-05, 5.41963490832e-05, 6.1873550294e-05, 3.4713288187e-05, 5.45497168787e-05, 3.00846168102e-05, 2.12949762499e-05, 1.23033114505e-05, 1.13323612823e-05, 1.85660173884e-05, 1.22254205053e-05, 4.77279490951e-06, 4.47446745966e-06, 4.6946834118e-06, 4.22507946496e-06, 2.62607295554e-06, 2.06354798138e-06, 1.51084145728e-06, 1.09597760911e-06, 7.37428194952e-07, 4.4777794983e-07, 2.11456182342e-07, 8.69621601396e-08, 4.79445496637e-08, 1.56649733185e-08],
        "dvar": [4.7770965466e-05, 7.18204682926e-06, 1.05140907181e-06, 6.43928785848e-07, 1.08177253821e-07, 1.19609495641e-07, 9.88741817309e-08, 9.59538439815e-08, 2.22466383093e-08, 2.20160067954e-08, 5.92133133637e-08, 1.17299707725e-08, 8.97655816345e-09, 6.44831521512e-09, 5.53050627516e-09, 2.13347073341e-09, 3.00960656396e-09, 5.36434408005e-09, 1.99535499235e-09, 4.85498485858e-09, 1.34049349398e-09, 7.45310924088e-10, 2.15971393547e-10, 1.739207528e-10, 5.13428577431e-10, 2.17147272386e-10, 3.33690471088e-11, 4.06812986076e-11, 4.82222248244e-11, 3.66124283668e-11, 8.12713785159e-12, 6.35831708465e-12, 4.24698861148e-12, 1.92718258886e-12, 7.94203190626e-13, 3.06665608706e-13, 7.34899811903e-14, 2.0257729752e-14, 6.77166715375e-15, 6.51681844508e-16],
        "dvar2": [0.000122539611766, 1.90583268704e-05, 2.6570889986e-06, 1.71476563082e-06, 2.93832044918e-07, 3.20890535477e-07, 2.41697904357e-07, 2.31710245657e-07, 5.94219606853e-08, 6.09898762605e-08, 1.48968425151e-07, 2.87763857187e-08, 1.93374773971e-08, 1.55881387798e-08, 1.4428672479e-08, 5.03067232316e-09, 8.08023603582e-09, 1.33946773673e-08, 4.47563808237e-09, 1.22984751272e-08, 3.1389075783e-09, 1.91835258789e-09, 5.133701797e-10, 4.41964354003e-10, 1.2378874592e-09, 5.52103140983e-10, 7.56985724104e-11, 9.21782164487e-11, 1.01189195911e-10, 8.74826669439e-11, 1.73303506962e-11, 1.27290313706e-11, 8.50147556519e-12, 4.26928631336e-12, 1.62627084108e-12, 6.76548660844e-13, 1.63488742943e-13, 4.32162985953e-14, 1.3972888432e-14, 1.38403298933e-15],
        "max": [0.0573831908405, 0.0295322537422, 0.0132815884426, 0.0117908241227, 0.00635572336614, 0.00549820810556, 0.00588773330674, 0.00575047265738, 0.0037573131267, 0.00397181976587, 0.00384713779204, 0.00159225997049, 0.00205907714553, 0.00298748305067, 0.00169771513902, 0.00146965577733, 0.00119604100473, 0.00140181987081, 0.00149023986887, 0.00136762519833, 0.000904509157408, 0.000675435294397, 0.00056199694518, 0.000272066972684, 0.000454475259176, 0.000375532137696, 9.91417909972e-05, 0.00014214280236, 0.000198647132493, 0.000159227405675, 7.28392769815e-05, 6.82323807268e-05, 5.23977505509e-05, 2.96945818263e-05, 1.46795064211e-05, 1.09147376861e-05, 4.83955500385e-06, 3.13893997372e-06, 1.44462683238e-06, 5.87686940889e-07],
        "mean": [0.0115516828373, 0.00324556184933, 0.000577145023271, 0.000378224620363, 0.000321248837281, 0.000429922598414, 0.000339669117238, 0.00020908008446, 0.000169600709341, 0.000136389557156, 0.000241074230871, 0.000117458184832, 0.000115853792522, 0.000137316761538, 7.27033475414e-05, 3.7960086047e-05, 6.06842986599e-05, 7.11527172825e-05, 4.25798934884e-05, 7.05905840732e-05, 3.82892430935e-05, 2.49697295658e-05, 1.62027954502e-05, 1.39440116982e-05, 2.38739467022e-05, 1.61942425621e-05, 6.94191157891e-06, 5.64487208976e-06, 6.35196693111e-06, 5.50125150767e-06, 3.35348499902e-06, 2.66519214165e-06, 1.86642625977e-06, 1.36723406285e-06, 1.10124267394e-06, 6.01220847329e-07, 2.79731466435e-07, 1.21031249023e-07, 5.85548534104e-08, 1.98593888001e-08],
        "median": [0.0102392397821, 0.00283689424396, 0.000228838413022, 0.000164087046869, 0.000165030258358, 0.00019102319493, 0.000100342789665, 5.89619958191e-05, 5.75097219553e-05, 5.05322605022e-05, 7.90367121226e-05, 5.35127510375e-05, 5.37537052878e-05, 6.12595977145e-05, 3.40075384884e-05, 1.62811902555e-05, 3.32937488565e-05, 3.16474870488e-05, 1.79868493433e-05, 2.26553984248e-05, 1.70918101503e-05, 9.66936931945e-06, 8.3239574451e-06, 6.23824234935e-06, 7.83758969192e-06, 4.88988962388e-06, 2.7473749924e-06, 2.18201012103e-06, 2.61597574536e-06, 2.72272291113e-06, 1.68646545262e-06, 1.07501352886e-06, 6.33006379758e-07, 4.9173172556e-07, 4.95104075071e-07, 2.36219321437e-07, 1.00758050792e-07, 2.84805956596e-08, 9.65010649168e-09, 4.60982851891e-09],
        "min": [7.43355759726e-25, 1.68729695676e-24, 2.58561487638e-24, 2.95859422882e-24, 3.8355028579e-24, 1.62105916617e-24, 1.87899548154e-24, 3.19476064562e-24, 3.05377641071e-24, 4.5295178332e-24, 6.01850146927e-24, 2.99143786097e-24, 3.14869669078e-24, 4.60154714473e-24, 2.77667876256e-24, 1.21571945749e-24, 4.57626060285e-24, 5.28352568034e-24, 6.34506385163e-24, 4.59858694419e-24, 5.00567624774e-24, 4.37659833001e-24, 8.13667109702e-24, 5.13207464173e-24, 4.67413733637e-24, 6.32859125263e-24, 5.69547633922e-24, 6.87676793466e-24, 6.4936816963e-24, 6.82880440276e-24, 5.66652238299e-24, 6.08291511763e-24, 3.96286090118e-24, 6.40919942651e-24, 6.44809263572e-24, 6.64938272303e-24, 6.08703809915e-24, 6.8075256687e-24, 6.49745718459e-24, 7.69356161567e-24],
        "var": [0.000131033506477, 1.35387990667e-05, 1.09769030132e-06, 6.08369930433e-07, 1.75720686002e-07, 3.9824601572e-07, 3.69180071402e-07, 1.96013687059e-07, 6.74630058484e-08, 5.20896037415e-08, 1.2584854403e-07, 2.6038879497e-08, 2.81641483468e-08, 5.0554337605e-08, 1.15698419734e-08, 4.72459760203e-09, 6.06043570883e-09, 1.196630528e-08, 5.67157920628e-09, 1.52211825366e-08, 3.68800678885e-09, 1.71066694143e-09, 5.77081771258e-10, 4.20407847423e-10, 1.40216660505e-09, 6.04820138417e-10, 1.04205616358e-10, 9.16255543659e-11, 1.15049185456e-10, 7.36417246627e-11, 2.12615740985e-11, 1.63384600987e-11, 9.31353778821e-12, 4.28144455653e-12, 2.44962275291e-12, 8.23970069692e-13, 1.81126489675e-13, 6.58175906354e-14, 1.73633148332e-14, 1.57182368775e-15]
    },
    "mfcc": {
        "mean": [-668.358825684, 143.982910156, -18.9627780914, 42.4614257812, -4.58055353165, 23.917634964, -1.85973381996, 14.3373794556, 1.99090647697, 9.34913063049, -2.38773536682, 5.03961992264, 2.84688329697],
        "cov": [[12395.9882812, 184.911865234, -1650.80358887, -171.627990723, -387.692504883, 481.817321777, -86.6850204468, 689.750976562, 92.6527481079, 562.940063477, 225.282333374, 262.705474854, 65.8951721191], [184.911865234, 1392.61645508, 46.402053833, 168.06489563, 167.289215088, 107.979064941, 167.765563965, 46.8681526184, 101.835975647, 59.3574333191, 65.640663147, 26.4465026855, 26.5852108002], [-1650.80358887, 46.402053833, 960.431091309, 225.178771973, 193.003952026, 66.9426727295, 83.3184204102, -53.6757888794, 27.2453632355, -88.8112792969, 18.6490840912, -21.3248100281, 3.80114817619], [-171.627990723, 168.06489563, 225.178771973, 455.173126221, 187.38432312, 60.1313438416, 57.6708374023, 59.5699310303, 79.3787460327, 2.93846964836, 0.854547381401, 23.1709671021, 10.8143568039], [-387.692504883, 167.289215088, 193.003952026, 187.38432312, 290.223175049, 64.1203231812, 88.0852966309, 34.5475769043, 81.1632461548, 14.8117208481, 23.7800254822, 3.18490958214, 20.7247371674], [481.817321777, 107.979064941, 66.9426727295, 60.1313438416, 64.1203231812, 273.307159424, 103.967353821, 94.6353988647, 71.7501678467, 76.8486251831, 48.0725479126, 8.77759170532, 13.4995555878], [-86.6850204468, 167.765563965, 83.3184204102, 57.6708374023, 88.0852966309, 103.967353821, 185.43850708, 66.6863937378, 50.7304763794, 50.4034767151, 56.2582931519, 26.229221344, 21.0361785889], [689.750976562, 46.8681526184, -53.6757888794, 59.5699310303, 34.5475769043, 94.6353988647, 66.6863937378, 223.414276123, 67.6532516479, 76.0285263062, 78.2052764893, 58.1724586487, 28.4696292877], [92.6527481079, 101.835975647, 27.2453632355, 79.3787460327, 81.1632461548, 71.7501678467, 50.7304763794, 67.6532516479, 149.221954346, 52.7573623657, 33.3426933289, 13.2503480911, -5.62957954407], [562.940063477, 59.3574333191, -88.8112792969, 2.93846964836, 14.8117208481, 76.8486251831, 50.4034767151, 76.0285263062, 52.7573623657, 147.552078247, 60.9331054688, 31.0471420288, 29.6774501801], [225.282333374, 65.640663147, 18.6490840912, 0.854547381401, 23.7800254822, 48.0725479126, 56.2582931519, 78.2052764893, 33.3426933289, 60.9331054688, 131.393386841, 61.527671814, 26.4629592896], [262.705474854, 26.4465026855, -21.3248100281, 23.1709671021, 3.18490958214, 8.77759170532, 26.229221344, 58.1724586487, 13.2503480911, 31.0471420288, 61.527671814, 117.068130493, 52.6908454895], [65.8951721191, 26.5852108002, 3.80114817619, 10.8143568039, 20.7247371674, 13.4995555878, 21.0361785889, 28.4696292877, -5.62957954407, 29.6774501801, 26.4629592896, 52.6908454895, 121.062469482]],
