{
"lowlevel": {
    "average_loudness": 0.831441700459,
    "barkbands_crest": {
        "dmean": 1.97379922867,
        "dmean2": 3.11991810799,
        "dvar": 3.90274906158,
        "dvar2": 9.99061489105,
        "max": 26.2347660065,
        "mean": 12.5851020813,
        "median": 11.7059831619,
        "min": 3.58215284348,
        "var": 20.8752365112
    },
    "barkbands_flatness_db": {
        "dmean": 0.0158536005765,
        "dmean2": 0.0240838453174,
        "dvar": 0.000287302449578,
        "dvar2": 0.000648993067443,
        "max": 0.57339733839,
        "mean": 0.256303548813,
        "median": 0.241058126092,
        "min": 0.0620160847902,
        "var": 0.00597163755447
    },
    "barkbands_kurtosis": {
        "dmean": 2.12526464462,
        "dmean2": 3.27010822296,
        "dvar": 38.135345459,
        "dvar2": 81.4373397827,
        "max": 516.248046875,
        "mean": 5.58259773254,
        "median": 2.31346487999,
        "min": -1.91080749035,
        "var": 319.974090576
    },
    "barkbands_skewness": {
        "dmean": 0.368050068617,
        "dmean2": 0.567594587803,
        "dvar": 0.18318143487,
        "dvar2": 0.418482452631,
        "max": 11.8487319946,
        "mean": 1.09943890572,
        "median": 1.10583543777,
        "min": -10.5609102249,
        "var": 1.5110783577
    },
    "barkbands_spread": {
        "dmean": 1.72444760799,
        "dmean2": 2.68328952789,
        "dvar": 7.2640542984,
        "dvar2": 17.666021347,
        "max": 144.241394043,
        "mean": 8.82197189331,
        "median": 7.63688659668,
        "min": 0.132244333625,
        "var": 64.7141418457
    },
    "dissonance": {
        "dmean": 0.0321568846703,
        "dmean2": 0.0546187311411,
        "dvar": 0.000963094702456,
        "dvar2": 0.00267488625832,
        "max": 0.499948173761,
        "mean": 0.400734186172,
        "median": 0.417281746864,
        "min": 0.100209280849,
        "var": 0.00486577069387
    },
    "dynamic_complexity": 3.60198545456,
    "erbbands_crest": {
        "dmean": 2.20991492271,
        "dmean2": 3.32804560661,
        "dvar": 5.83795690536,
        "dvar2": 12.9594564438,
        "max": 34.2426681519,
        "mean": 14.2407579422,
        "median": 13.0039653778,
        "min": 2.06237220764,
        "var": 45.1931419373
    },
    "erbbands_flatness_db": {
        "dmean": 0.0146446442232,
        "dmean2": 0.0212464835495,
        "dvar": 0.00032096542418,
        "dvar2": 0.00064533558907,
        "max": 0.485620558262,
        "mean": 0.280395835638,
        "median": 0.272662103176,
        "min": 0.0137733370066,
        "var": 0.00456646922976
    },
    "erbbands_kurtosis": {
        "dmean": 1.34953856468,
        "dmean2": 1.98873257637,
        "dvar": 7.6678647995,
        "dvar2": 15.1140956879,
        "max": 142.116775513,
        "mean": 2.62143588066,
        "median": 0.54291498661,
        "min": -1.69530534744,
        "var": 47.0868835449
    },
    "erbbands_skewness": {
        "dmean": 0.314083337784,
        "dmean2": 0.467474907637,
        "dvar": 0.123782977462,
        "dvar2": 0.267574518919,
        "max": 9.43675327301,
        "mean": 0.667045116425,
        "median": 0.599238574505,
        "min": -5.90985012054,
        "var": 1.08782494068
    },
    "erbbands_spread": {
        "dmean": 2.7678964138,
        "dmean2": 4.21876764297,
        "dvar": 13.3014669418,
        "dvar2": 29.9965591431,
        "max": 146.414718628,
        "mean": 16.5928688049,
        "median": 14.9983882904,
        "min": 0.804851710796,
        "var": 155.476913452
    },
    "hfc": {
        "dmean": 3.64167571068,
        "dmean2": 5.14226388931,
        "dvar": 50.8435554504,
        "dvar2": 106.842674255,
        "max": 215.163742065,
        "mean": 15.4669160843,
        "median": 11.4544391632,
        "min": 1.20847474369e-16,
        "var": 212.230697632
    },
    "melbands_crest": {
        "dmean": 2.49994325638,
        "dmean2": 3.99520158768,
        "dvar": 6.10554075241,
        "dvar2": 15.6228055954,
        "max": 34.1122779846,
        "mean": 15.8844099045,
        "median": 15.2665290833,
        "min": 1.6698833704,
        "var": 27.7757930756
    },
    "melbands_flatness_db": {
        "dmean": 0.0171631760895,
        "dmean2": 0.0261772889644,
        "dvar": 0.000328858528519,
        "dvar2": 0.000774995074607,
        "max": 0.705698847771,
        "mean": 0.342700541019,
        "median": 0.325549423695,
        "min": 0.00606375187635,
        "var": 0.00899751204997
    },
    "melbands_kurtosis": {
        "dmean": 2.7806634903,
        "dmean2": 4.26296281815,
        "dvar": 72.9589767456,
        "dvar2": 168.626754761,
        "max": 456.995758057,
        "mean": 6.61624288559,
        "median": 3.55173206329,
        "min": -1.89306342602,
        "var": 277.672668457
    },
    "melbands_skewness": {
        "dmean": 0.404597252607,
        "dmean2": 0.619423925877,
        "dvar": 0.235700547695,
        "dvar2": 0.554167807102,
        "max": 17.049287796,
        "mean": 1.45836532116,
        "median": 1.38222241402,
        "min": -3.4251241684,
        "var": 1.83344781399
    },
    "melbands_spread": {
        "dmean": 2.32900953293,
        "dmean2": 3.59940934181,
        "dvar": 10.0016889572,
        "dvar2": 23.8406124115,
        "max": 180.01184082,
        "mean": 12.5429458618,
        "median": 10.2004232407,
        "min": 0.279899895191,
        "var": 148.931533813
    },
    "pitch_salience": {
        "dmean": 0.0519850365818,
        "dmean2": 0.0825065821409,
        "dvar": 0.00254756817594,
        "dvar2": 0.00654810387641,
        "max": 0.84007281065,
        "mean": 0.48200789094,
        "median": 0.483098715544,
        "min": 0.0322353616357,
        "var": 0.0138552142307
    },
    "silence_rate_20dB": {
        "dmean": 0,
        "dmean2": 0,
        "dvar": 0,
        "dvar2": 0,
        "max": 1,
        "mean": 1,
        "median": 1,
        "min": 1,
        "var": 0
    },
    "silence_rate_30dB": {
        "dmean": 0.00447802944109,
        "dmean2": 0.00895689520985,
        "dvar": 0.00445771217346,
        "dvar2": 0.010744953528,
        "max": 1,
        "mean": 0.995615661144,
        "median": 1,
        "min": 0,
        "var": 0.00436498923227
    },
    "silence_rate_60dB": {
        "dmean": 0.0048511987552,
        "dmean2": 0.00970330275595,
        "dvar": 0.00482750218362,
        "dvar2": 0.0105411447585,
        "max": 1,
        "mean": 0.0376865677536,
        "median": 0,
        "min": 0,
        "var": 0.0362651720643
    },
    "spectral_centroid": {
        "dmean": 70.2606506348,
        "dmean2": 108.395645142,
        "dvar": 13341.1679688,
        "dvar2": 24619.6054688,
        "max": 10664.6992188,
        "mean": 682.997680664,
        "median": 605.418945312,
        "min": 175.644744873,
        "var": 150208.71875
    },
    "spectral_complexity": {
        "dmean": 1.453307271,
        "dmean2": 2.42470622063,
        "dvar": 2.05213046074,
        "dvar2": 5.03892707825,
        "max": 33,
        "mean": 12.2277050018,
        "median": 12,
        "min": 0,
        "var": 24.1037406921
    },
    "spectral_decrease": {
        "dmean": 1.52816392873e-09,
        "dmean2": 2.2826074364e-09,
        "dvar": 4.82684165176e-18,
        "dvar2": 1.05155550438e-17,
        "max": 3.79789827093e-16,
        "mean": -6.85156553715e-09,
        "median": -6.22862117439e-09,
        "min": -4.21150367913e-08,
        "var": 2.17852804305e-17
    },
    "spectral_energy": {
        "dmean": 0.00606602150947,
        "dmean2": 0.00903338938951,
        "dvar": 7.80378322816e-05,
        "dvar2": 0.00016921502538,
        "max": 0.178064584732,
        "mean": 0.0272621754557,
        "median": 0.0246522892267,
        "min": 1.11337831903e-20,
        "var": 0.000350887945388
    },
    "spectral_energyband_high": {
        "dmean": 1.38794257509e-05,
        "dmean2": 2.23795832426e-05,
        "dvar": 7.01341829057e-09,
        "dvar2": 1.82215504907e-08,
        "max": 0.00287879048847,
        "mean": 2.4151046091e-05,
        "median": 5.67384040551e-06,
        "min": 8.36692947259e-21,
        "var": 9.5818633028e-09
    },
    "spectral_energyband_low": {
        "dmean": 0.00176512904,
        "dmean2": 0.00288675073534,
        "dvar": 8.54206064105e-06,
        "dvar2": 2.18709847104e-05,
        "max": 0.109321773052,
        "mean": 0.00443285563961,
        "median": 0.00260994862765,
        "min": 7.6241816146e-23,
        "var": 3.11024705297e-05
    },
    "spectral_energyband_middle_high": {
        "dmean": 0.00189059786499,
        "dmean2": 0.00259302207269,
        "dvar": 2.46012950811e-05,
        "dvar2": 5.2772462368e-05,
        "max": 0.168418288231,
        "mean": 0.00627265777439,
        "median": 0.0027888440527,
        "min": 1.69848573701e-21,
        "var": 9.03193285922e-05
    },
    "spectral_energyband_middle_low": {
        "dmean": 0.00439512124285,
        "dmean2": 0.0065849609673,
        "dvar": 5.17479020345e-05,
        "dvar2": 0.000111199566163,
        "max": 0.162141367793,
        "mean": 0.0173257663846,
        "median": 0.0143560599536,
        "min": 2.82521306688e-22,
        "var": 0.00022718742548
    },
    "spectral_entropy": {
        "dmean": 0.129965096712,
        "dmean2": 0.195458486676,
        "dvar": 0.0233036335558,
        "dvar2": 0.0520674288273,
        "max": 9.79085254669,
        "mean": 6.22437858582,
        "median": 6.35368347168,
        "min": 3.32106637955,
        "var": 0.540382564068
    },
    "spectral_flux": {
        "dmean": 0.0171102937311,
        "dmean2": 0.0276423376054,
        "dvar": 0.000562496308703,
        "dvar2": 0.0014148048358,
        "max": 0.337603658438,
        "mean": 0.0512118823826,
        "median": 0.0454877912998,
        "min": 1.05516741178e-10,
        "var": 0.00116829085164
    },
    "spectral_kurtosis": {
        "dmean": 10.079044342,
        "dmean2": 17.6019229889,
        "dvar": 116.3542099,
        "dvar2": 344.93939209,
        "max": 170.085784912,
        "mean": 31.6917476654,
        "median": 21.9003582001,
        "min": -1.20403826237,
        "var": 775.887939453
    },
    "spectral_rms": {
        "dmean": 0.000544643960893,
        "dmean2": 0.000806715921499,
        "dvar": 4.28254992357e-07,
        "dvar2": 9.14920917694e-07,
        "max": 0.0131803471595,
        "mean": 0.00482949567959,
        "median": 0.00490418355912,
        "min": 3.29578942262e-12,
        "var": 3.27317638948e-06
    },
    "spectral_rolloff": {
        "dmean": 114.654655457,
        "dmean2": 198.397903442,
        "dvar": 136486.296875,
        "dvar2": 315868.25,
        "max": 19810.546875,
        "mean": 918.529541016,
        "median": 667.529296875,
        "min": 86.1328125,
        "var": 2796629.5
    },
    "spectral_skewness": {
        "dmean": 0.645964801311,
        "dmean2": 1.12568187714,
        "dvar": 0.357179820538,
        "dvar2": 1.06758832932,
        "max": 10.8287715912,
        "mean": 3.79104757309,
        "median": 3.29116559029,
        "min": 0.0222820397466,
        "var": 3.12725734711
    },
    "spectral_spread": {
        "dmean": 275507.09375,
        "dmean2": 461091.34375,
        "dvar": 273718624256,
        "dvar2": 600188583936,
        "max": 40510488,
        "mean": 2057023,
        "median": 1848741.75,
        "min": 573878.75,
        "var": 2.33569805926e+12
    },
    "spectral_strongpeak": {
        "dmean": 0.542193412781,
        "dmean2": 0.856592655182,
        "dvar": 0.900881886482,
        "dvar2": 1.93044269085,
        "max": 20.335231781,
        "mean": 1.80310583115,
        "median": 1.20150661469,
        "min": 0,
        "var": 3.26861310005
    },
    "zerocrossingrate": {
        "dmean": 0.0030646151863,
        "dmean2": 0.00378575129434,
        "dvar": 2.92029781122e-05,
        "dvar2": 3.35801923939e-05,
        "max": 0.802734375,
        "mean": 0.0331275612116,
        "median": 0.02685546875,
        "min": 0.0048828125,
        "var": 0.0027766963467
    },
    "barkbands": {
        "dmean": [9.70041764958e-06, 0.000608012836892, 0.00114916986786, 0.000501966045704, 0.00124481949024, 0.00110973778646, 0.0011000293307, 0.00136167684104, 0.000765440519899, 0.000680412398651, 0.000635998731013, 0.000497443310451, 0.000222648057388, 8.5960899014e-05, 0.000161717907758, 0.00017505294818, 9.25793719944e-05, 3.17663871101e-05, 2.13054427149e-05, 6.22480320089e-06, 4.51504502053e-06, 1.55213183461e-06, 1.04107141397e-06, 1.54002646013e-06, 2.21017012336e-06, 1.44130774515e-06, 3.96241318867e-07],
        "dmean2": [1.4831181943e-05, 0.000995497452095, 0.0018854852533, 0.000830239849165, 0.00199955981225, 0.00172214931808, 0.00166051392443, 0.00181674247142, 0.0011201024754, 0.000911459617782, 0.000880408333614, 0.000689320324454, 0.000317352736602, 0.000126701168483, 0.000240032008151, 0.000259927037405, 0.00014165941684, 4.8284244258e-05, 3.23389940604e-05, 9.6717139968e-06, 6.78812739352e-06, 2.43082695306e-06, 1.70278246969e-06, 2.65355970441e-06, 4.00338467443e-06, 2.66095344159e-06, 7.13270537744e-07],
        "dvar": [8.22486345697e-09, 2.48472679232e-06, 3.14314797834e-06, 1.3330522961e-06, 5.40615928912e-06, 6.68860684527e-06, 1.11803574327e-05, 1.83185675269e-05, 1.22999126688e-05, 4.57704118162e-06, 4.02126579502e-06, 8.10573783383e-06, 1.88508033716e-06, 7.38608832762e-07, 1.81839311608e-07, 4.25191728937e-07, 6.57101111301e-08, 9.38076460955e-09, 4.10629752423e-09, 4.03526823067e-10, 6.10357431263e-10, 7.0005681807e-11, 5.0808635077e-11, 1.47516998616e-10, 3.83931414438e-10, 1.84130002912e-10, 1.29929452614e-11],
        "dvar2": [1.86657143075e-08, 6.32048158877e-06, 8.53687106428e-06, 3.90319974031e-06, 1.45928752318e-05, 1.7311236661e-05, 2.54828355537e-05, 2.93001285172e-05, 2.64148875431e-05, 8.75685509527e-06, 7.83472023613e-06, 1.81358009286e-05, 4.05579339713e-06, 1.41889529459e-06, 3.80647719567e-07, 9.19113119835e-07, 1.39657217346e-07, 1.98999821066e-08, 8.72999805779e-09, 8.64921634314e-10, 1.25042576293e-09, 1.72553624167e-10, 1.35499417242e-10, 4.03948735572e-10, 1.11217557386e-09, 5.38550426477e-10, 3.71270375554e-11],
        "max": [0.00414645299315, 0.0599544532597, 0.0324546843767, 0.0323746316135, 0.0489161685109, 0.0498759895563, 0.101043105125, 0.132761701941, 0.111212410033, 0.0569557994604, 0.0641030073166, 0.112473115325, 0.0546106398106, 0.055303838104, 0.0215993635356, 0.0228538624942, 0.0111050037667, 0.00362495984882, 0.00329144741409, 0.000708082690835, 0.00146684492938, 0.000248841446592, 0.000269839685643, 0.000403398851631, 0.000510580604896, 0.000388487038435, 0.000119328942674],
        "mean": [1.41258196891e-05, 0.00130687991623, 0.00261041149497, 0.00117181357928, 0.00341957155615, 0.00321997283027, 0.00330254295841, 0.00362026365474, 0.00208269036375, 0.00212182756513, 0.00164431065787, 0.00102011661511, 0.000394147995394, 0.000184785632882, 0.000366327731172, 0.000417753530201, 0.000210307000089, 6.74907205394e-05, 5.47710296814e-05, 1.36917306008e-05, 8.90886349225e-06, 2.71561066256e-06, 1.55099928634e-06, 1.85358783256e-06, 2.05573542189e-06, 1.09926440928e-06, 3.04153985553e-07],
        "median": [1.45423132381e-06, 0.000349338515662, 0.00132326874882, 0.000477486639284, 0.00156672089361, 0.00109682441689, 0.000829032214824, 0.000699008232914, 0.000327876972733, 0.000333731586579, 0.00021107570501, 0.000136896138429, 9.80835175142e-05, 3.98381525883e-05, 8.80478182808e-05, 6.5800617449e-05, 5.4784668464e-05, 1.97873523575e-05, 1.62184805959e-05, 3.96168616135e-06, 1.47955802277e-06, 5.37943378731e-07, 3.07503057684e-07, 3.19787915259e-07, 2.92273654168e-07, 1.18136888716e-07, 3.36549952351e-08],
        "min": [4.06941234365e-24, 2.43383452778e-23, 2.12803528e-23, 3.90542441199e-23, 7.80257035986e-24, 4.56012626741e-23, 3.60540956568e-23, 4.96700021194e-23, 9.63463654559e-23, 3.28704833907e-23, 6.65699144424e-23, 3.98637700254e-23, 9.41355417483e-23, 1.68511190672e-22, 1.64149332602e-22, 1.49941139905e-22, 1.98192303112e-22, 2.38678613764e-22, 2.95377341306e-22, 4.95442968186e-22, 5.9549415893e-22, 5.63971681054e-22, 4.63414104718e-22, 8.94614916599e-22, 1.42162691177e-21, 1.68167090807e-21, 2.6677748075e-21],
        "var": [1.79715957671e-08, 6.81245001033e-06, 1.26860441014e-05, 4.58049044028e-06, 2.09802656173e-05, 2.96361522487e-05, 4.96389584441e-05, 8.06612952147e-05, 4.18284944317e-05, 3.11696676363e-05, 1.72124200617e-05, 1.50548976308e-05, 3.23902531818e-06, 2.01722423299e-06, 9.54694428401e-07, 2.13438397623e-06, 2.93695819664e-07, 3.34396439428e-08, 2.18397886442e-08, 1.2355796386e-09, 1.76753589542e-09, 1.0558303537e-10, 5.39999156501e-11, 1.27671914707e-10, 2.29905372517e-10, 1.02263718327e-10, 7.67716445971e-12]
    },
    "erbbands": {
        "dmean": [0.00891861505806, 0.177440524101, 1.13995432854, 1.41798210144, 3.06611442566, 4.59787225723, 6.13393259048, 9.59696292877, 12.9079332352, 28.5111141205, 22.5945835114, 18.4731864929, 12.2388324738, 22.9285469055, 26.6646137238, 21.8779754639, 11.8040933609, 4.44189691544, 6.15543651581, 9.97976112366, 7.38014268875, 4.02376079559, 2.00146269798, 1.35401213169, 0.783410012722, 0.303321450949, 0.207230970263, 0.133562147617, 0.0638014003634, 0.0357947684824, 0.0288585424423, 0.0290001947433, 0.0273189116269, 0.0239789690822, 0.016179388389, 0.00739000272006, 0.00244167610072, 0.00056487985421, 7.00284654158e-05, 9.22477556742e-06],
        "dmean2": [0.0142886983231, 0.291257947683, 1.86387455463, 2.35741686821, 5.01902914047, 7.38747549057, 9.37885093689, 15.1484289169, 18.4123268127, 40.8096694946, 30.5009708405, 27.271686554, 17.2595977783, 30.4161510468, 36.340877533, 29.8800449371, 17.0468616486, 6.48911952972, 9.1578130722, 14.7709274292, 11.0108203888, 6.15847158432, 3.05992937088, 2.04157137871, 1.2160307169, 0.472580730915, 0.317892879248, 0.198992356658, 0.100523456931, 0.0572217442095, 0.0469282232225, 0.0484281443059, 0.0476865172386, 0.0431465059519, 0.029538795352, 0.0136458333582, 0.00451512867585, 0.00101255846675, 0.00012709753355, 1.45604572026e-05],
        "dvar": [0.00257474044338, 0.154270648956, 3.44165635109, 5.88737392426, 34.2736091614, 98.2511901855, 244.552246094, 518.384765625, 1102.98828125, 10055.2324219, 4551.78173828, 7369.82910156, 1695.25854492, 5178.99902344, 6981.53173828, 15503.1914062, 5692.24560547, 1663.72290039, 450.942077637, 778.577880859, 595.361633301, 113.223175049, 38.6972618103, 20.0724334717, 3.23040413857, 1.034329772, 1.19029688835, 0.465122520924, 0.135444059968, 0.0417422018945, 0.039912443608, 0.0416014492512, 0.0538616143167, 0.042391628027, 0.0218734834343, 0.00500961905345, 0.000551954552066, 2.8295444281e-05, 4.38524551782e-07, 7.36354033304e-10],
        "dvar2": [0.0056055043824, 0.415995210409, 8.90193080902, 17.2891349792, 95.0099716187, 265.672943115, 592.330078125, 1409.16442871, 2157.7890625, 21035.5625, 8470.10839844, 17509.6464844, 3291.75292969, 9113.35449219, 13355.1308594, 33524.0585938, 12634.4716797, 3140.6394043, 1004.16394043, 1542.72106934, 1225.26586914, 250.207687378, 86.6369857788, 42.84349823, 7.21657562256, 2.26135754585, 2.57778859138, 0.933898866177, 0.335893183947, 0.106186851859, 0.105028897524, 0.109150119126, 0.151886567473, 0.122248463333, 0.0635530278087, 0.0146436383948, 0.00161731452681, 8.12545767985e-05, 1.26900636133e-06, 2.05449079971e-09],
        "max": [2.59307003021, 13.6284542084, 35.0331878662, 81.3293457031, 155.884536743, 254.342483521, 321.306396484, 430.229980469, 918.871032715, 2691.96728516, 2086.94628906, 2751.67211914, 1458.7076416, 2311.61914062, 2948.85351562, 4513.53955078, 3218.14355469, 2672.83251953, 818.085571289, 1051.27038574, 783.063293457, 318.828704834, 257.5, 233.040649414, 58.0587806702, 40.0648841858, 54.1517372131, 38.2733306885, 14.684835434, 5.93242549896, 7.90247821808, 7.39108896255, 8.58848285675, 4.9335694313, 4.11446332932, 2.15512609482, 0.74814414978, 0.234966874123, 0.0223047789186, 0.000805532908998],
        "mean": [0.017444645986, 0.398870080709, 2.69782018661, 3.47774457932, 8.44947052002, 11.0985841751, 17.6634845734, 26.3506584167, 41.9908447266, 77.5531845093, 65.4157485962, 52.4457130432, 38.8102340698, 67.7359542847, 74.2347946167, 47.305015564, 22.2658252716, 10.3423547745, 15.0268821716, 23.6983261108, 18.199010849, 9.79637813568, 4.81552696228, 3.52360439301, 1.99160981178, 0.715351223946, 0.419363319874, 0.271639198065, 0.116792216897, 0.0599556490779, 0.0431817136705, 0.0385399349034, 0.0309496950358, 0.0238739792258, 0.0140500385314, 0.00564308743924, 0.00187935773283, 0.000462387892185, 6.30916256341e-05, 3.3080985304e-05],
        "median": [0.00377385132015, 0.131831541657, 1.23545980453, 2.20099639893, 3.13945698738, 5.11458444595, 4.38624191284, 10.7377147675, 13.4381771088, 14.686416626, 17.8382892609, 11.5216913223, 9.85029029846, 14.9425497055, 13.9950580597, 8.63295936584, 6.17239141464, 3.7945356369, 3.35483121872, 6.80334568024, 3.96757745743, 2.78441572189, 1.52167284489, 0.997950315475, 0.696118354797, 0.239403009415, 0.089534163475, 0.0473461151123, 0.0223384723067, 0.0118656232953, 0.00886727403849, 0.00691200233996, 0.00522643653676, 0.00383800384589, 0.001751747448, 0.000608979840763, 0.000203020783374, 4.58136273664e-05, 1.87497407751e-05, 2.87699313049e-05],
        "min": [1.42059283503e-21, 2.48506220202e-21, 1.63329574603e-20, 1.01938468743e-19, 5.53709661411e-20, 3.21437668524e-20, 7.10504913071e-20, 5.75497676294e-19, 6.27368466447e-19, 5.42950910925e-19, 1.24997619828e-18, 2.83395572699e-18, 1.0675489588e-18, 1.34447920512e-18, 3.24690310713e-18, 1.30928267005e-18, 4.11225645059e-18, 8.0722554202e-18, 9.93267643488e-18, 5.96982782806e-18, 1.17074875649e-17, 1.15110942079e-17, 1.5733777616e-17, 8.91611530262e-18, 2.36063565994e-17, 1.81653891775e-17, 2.52727235239e-17, 2.23415047985e-17, 1.93373568673e-17, 1.50621201934e-17, 1.24637490204e-17, 1.62986427127e-17, 1.73574090813e-17, 1.38394264797e-17, 1.07687939068e-17, 6.48569364041e-18, 3.18451156187e-18, 1.42752069399e-18, 3.76546082368e-19, 3.81908642581e-20],
        "var": [0.00568842515349, 0.47743242979, 15.8434209824, 16.8925437927, 177.417434692, 280.67767334, 1221.83581543, 1916.55761719, 6063.90722656, 38600.3671875, 19216.7460938, 22676.3125, 9236.23339844, 36301.2226562, 36279.4296875, 31013.8027344, 9327.44140625, 4573.18115234, 1958.91064453, 3692.54541016, 2843.40234375, 487.644500732, 141.823501587, 108.77280426, 14.7824659348, 3.03756093979, 3.20832920074, 1.35760092735, 0.223103746772, 0.0565829835832, 0.0437956526875, 0.044174708426, 0.0401437617838, 0.0266277771443, 0.0127426479012, 0.00278423074633, 0.000305003981339, 1.66577883647e-05, 2.48549412163e-07, 8.66339000538e-10]
    },
    "gfcc": {
        "mean": [-100.156913757, 172.252563477, -119.852714539, -12.6682329178, -39.6931800842, -11.9778470993, -34.9117889404, 3.64350700378, -20.1468925476, -10.8084897995, -12.8957691193, -9.03357505798, -6.54613399506],
        "cov": [[12776.6425781, 794.538696289, -2852.47216797, 197.717727661, -13.223484993, 503.469024658, 39.232837677, 499.265655518, 35.1364822388, 208.101364136, 47.4061050415, 63.8015441895, -93.4238739014], [794.538696289, 1489.03100586, 135.267196655, -344.51574707, 47.203212738, -188.75831604, -9.90217685699, -137.733398438, 26.4092960358, -97.3419342041, 72.260887146, -63.7791252136, 67.4401473999], [-2852.47216797, 135.267196655, 1182.97595215, -88.7911834717, -68.2397155762, -131.7059021, -67.9291992188, -158.076324463, -42.1386489868, -72.0767822266, -51.2769546509, -12.263258934, 38.9253730774], [197.717727661, -344.51574707, -88.7911834717, 481.464447021, 32.4275245667, 40.9638595581, 53.1984977722, 57.5548210144, -0.294972658157, 15.313908577, 3.2357211113, -22.2017879486, -63.4805831909], [-13.223484993, 47.203212738, -68.2397155762, 32.4275245667, 182.797073364, 86.5655288696, 46.8659057617, 39.1725540161, 33.2600059509, 14.9345397949, 11.2934541702, -1.13614690304, 2.78071641922], [503.469024658, -188.75831604, -131.7059021, 40.9638595581, 86.5655288696, 278.084136963, 85.220703125, 88.5854949951, 34.4304199219, 61.1154899597, 3.32683682442, 30.0631275177, -2.36035823822], [39.232837677, -9.90217685699, -67.9291992188, 53.1984977722, 46.8659057617, 85.220703125, 161.028518677, 79.0874099731, 43.5400924683, 5.77452659607, 17.994512558, -27.2761306763, -22.2117290497], [499.265655518, -137.733398438, -158.076324463, 57.5548210144, 39.1725540161, 88.5854949951, 79.0874099731, 163.948944092, 65.4880523682, 39.3532714844, -9.9052324295, -8.63101196289, -20.5584163666], [35.1364822388, 26.4092960358, -42.1386489868, -0.294972658157, 33.2600059509, 34.4304199219, 43.5400924683, 65.4880523682, 127.916793823, 66.7870178223, 23.5673427582, -16.6258850098, -21.9634399414], [208.101364136, -97.3419342041, -72.0767822266, 15.313908577, 14.9345397949, 61.1154899597, 5.77452659607, 39.3532714844, 66.7870178223, 127.645019531, 46.7744178772, 14.280544281, -24.2538890839], [47.4061050415, 72.260887146, -51.2769546509, 3.2357211113, 11.2934541702, 3.32683682442, 17.994512558, -9.9052324295, 23.5673427582, 46.7744178772, 111.97328186, 39.4266395569, -9.05874252319], [63.8015441895, -63.7791252136, -12.263258934, -22.2017879486, -1.13614690304, 30.0631275177, -27.2761306763, -8.63101196289, -16.6258850098, 14.280544281, 39.4266395569, 107.571998596, 52.7709083557], [-93.4238739014, 67.4401473999, 38.9253730774, -63.4805831909, 2.78071641922, -2.36035823822, -22.2117290497, -20.5584163666, -21.9634399414, -24.2538890839, -9.05874252319, 52.7709083557, 115.504196167]],
        "icov": [[0.0005086188321, -0.00099839316681, 0.00111944193486, -0.000571972224861, 0.00115267781075, -0.00102862925269, 0.000913121388294, -0.00136406195816, 0.00104242016096, -0.000872132834047, 0.00114968325943, -0.000966705498286, 0.000733670953196], [-0.00099839316681, 0.00323623185977, -0.00216857623309, 0.00188796245493, -0.00286468071863, 0.0024167415686, -0.00177442783024, 0.00330867501907, -0.0028738824185, 0.00299752829596, -0.00402801949531, 0.00359301478602, -0.00243714032695], [0.00111944193486, -0.00216857623309, 0.00350684532896, -0.00121618295088, 0.00266561168246, -0.00203684018925, 0.00169226957951, -0.001796832541, 0.00178175454494, -0.00178490241524, 0.00324098928832, -0.0023324531503, 0.00150503835175], [-0.000571972224861, 0.00188796245493, -0.00121618295088, 0.00351377064362, -0.00203882297501, 0.00154692761134, -0.00154931168072, 0.00121751613915, -0.000713752000593, 0.00142095249612, -0.00222000060603, 0.00185088312719, -8.15706516732e-05], [0.00115267781075, -0.00286468071863, 0.00266561168246, -0.00203882297501, 0.009865289554, -0.00477872975171, 0.00199187756516, -0.00335086649284, 0.00108097540215, -0.00121046358254, 0.00214233226143, -0.00174970098305, 0.00095635157777], [-0.00102862925269, 0.0024167415686, -0.00203684018925, 0.00154692761134, -0.00477872975171, 0.00901064835489, -0.00554837239906, 0.00218384177424, -0.00076395762153, -0.00182178639807, 0.000464744516648, -0.00121574127115, -0.00102146982681], [0.000913121388294, -0.00177442783024, 0.00169226957951, -0.00154931168072, 0.00199187756516, -0.00554837239906, 0.0139592755586, -0.00715846288949, 6.90828965162e-05, 0.00339008751325, -0.00404311995953, 0.00370288430713, 0.000317906349665], [-0.00136406195816, 0.00330867501907, -0.001796832541, 0.00121751613915, -0.00335086649284, 0.00218384177424, -0.00715846288949, 0.0166714377701, -0.00787844881415, 0.00146952469368, 0.00124266603962, 0.000494053587317, -0.00136223889422], [0.00104242016096, -0.0028738824185, 0.00178175454494, -0.000713752000593, 0.00108097540215, -0.00076395762153, 6.90828965162e-05, -0.00787844881415, 0.0176300033927, -0.00976759847254, 0.00202098721638, -0.00017967360327, 0.00163973658346], [-0.000872132834047, 0.00299752829596, -0.00178490241524, 0.00142095249612, -0.00121046358254, -0.00182178639807, 0.00339008751325, 0.00146952469368, -0.00976759847254, 0.0189948882908, -0.00988199841231, 0.00369353080168, -0.000498975627124], [0.00114968325943, -0.00402801949531, 0.00324098928832, -0.00222000060603, 0.00214233226143, 0.000464744516648, -0.00404311995953, 0.00124266603962, 0.00202098721638, -0.00988199841231, 0.0223637763411, -0.0141478581354, 0.00689802411944], [-0.000966705498286, 0.00359301478602, -0.0023324531503, 0.00185088312719, -0.00174970098305, -0.00121574127115, 0.00370288430713, 0.000494053587317, -0.00017967360327, 0.00369353080168, -0.0141478581354, 0.023703256622, -0.0114567941055], [0.000733670953196, -0.00243714032695, 0.00150503835175, -8.15706516732e-05, 0.00095635157777, -0.00102146982681, 0.000317906349665, -0.00136223889422, 0.00163973658346, -0.000498975627124, 0.00689802411944, -0.0114567941055, 0.0158791765571]]
    },
    "melbands": {
        "dmean": [0.000120754761156, 0.000464093551273, 0.000275540340226, 0.000288170034764, 0.000207336997846, 0.000218739587581, 0.000201507675229, 0.000317786150845, 0.000188257326954, 0.000102146615973, 6.27765039098e-05, 9.63593629422e-05, 8.66628543008e-05, 5.4912041378e-05, 5.76055172132e-05, 1.3288894479e-05, 8.66311893333e-06, 9.33812316362e-06, 1.1157138033e-05, 1.66553054441e-05, 7.59077374823e-06, 4.74738453704e-06, 2.84716907117e-06, 1.64232767474e-06, 1.12173597699e-06, 7.37367827242e-07, 3.33422661924e-07, 1.9328230394e-07, 1.26303959291e-07, 1.25739163082e-07, 7.49816777557e-08, 3.88330221313e-08, 2.42841657894e-08, 1.92417015654e-08, 1.60776867375e-08, 1.7937908936e-08, 1.8360921672e-08, 1.92616482764e-08, 1.95789198187e-08, 2.10107380383e-08],
        "dmean2": [0.000197904082597, 0.000760436058044, 0.000453778280644, 0.000469283026177, 0.00032042132807, 0.000340839585988, 0.000291244243272, 0.000445463869255, 0.000256428436842, 0.000151368396473, 8.84465844138e-05, 0.000128016123199, 0.000119775475468, 7.31573454686e-05, 8.26058385428e-05, 1.91232775251e-05, 1.27582834466e-05, 1.38620662256e-05, 1.62511023518e-05, 2.47183215834e-05, 1.13668047561e-05, 7.2759980867e-06, 4.38963843408e-06, 2.50282619163e-06, 1.69550321516e-06, 1.13258909096e-06, 5.21621075222e-07, 3.03916294797e-07, 1.94120474362e-07, 1.90663755006e-07, 1.13327232043e-07, 6.21297999714e-08, 3.81960632012e-08, 3.17719894838e-08, 2.66827200335e-08, 2.87271770816e-08, 3.12129664337e-08, 3.34174039551e-08, 3.49938211741e-08, 3.79839022457e-08],
        "dvar": [1.77142609914e-07, 5.81407391564e-07, 2.11810117889e-07, 3.13160938958e-07, 2.24194735665e-07, 2.51037647558e-07, 2.77695335171e-07, 1.22951109915e-06, 3.92232323065e-07, 2.48039157213e-07, 4.73363321873e-08, 9.76067155989e-08, 8.10423728126e-08, 4.04398505793e-08, 2.52455180316e-07, 5.49898970803e-09, 8.49818171389e-09, 1.50874912563e-09, 1.103360181e-09, 3.45909767496e-09, 6.37522479252e-10, 1.77276013313e-10, 9.1076826636e-11, 3.66796940043e-11, 1.759584492e-11, 3.00380271871e-12, 9.21839427709e-13, 5.09314053605e-13, 3.46685977452e-13, 5.43795585818e-13, 1.54691038624e-13, 5.19619781502e-14, 1.63783645934e-14, 1.40154975773e-14, 1.37837027762e-14, 1.44700129157e-14, 1.7860772201e-14, 2.73671974568e-14, 2.90215984924e-14, 3.31948349559e-14],
        "dvar2": [4.22095268959e-07, 1.5144853478e-06, 6.19455477135e-07, 8.47251271807e-07, 5.5986379266e-07, 6.66484538669e-07, 5.57834823667e-07, 2.36039136325e-06, 7.4607339684e-07, 5.94205459947e-07, 9.34168227218e-08, 1.73858936137e-07, 1.6196311492e-07, 7.94526826553e-08, 5.79677191581e-07, 9.10534669885e-09, 1.60642628089e-08, 3.27944271739e-09, 2.11970729858e-09, 7.57176721322e-09, 1.25300958498e-09, 3.80964731983e-10, 2.24100793478e-10, 7.87910917066e-11, 3.81096057489e-11, 6.60630317811e-12, 2.00538435684e-12, 1.13631749409e-12, 7.6057828655e-13, 1.16122031695e-12, 3.02109438811e-13, 1.34072481307e-13, 3.93345634384e-14, 3.71567705803e-14, 3.74925954269e-14, 3.51931076512e-14, 4.82535696513e-14, 7.59996584979e-14, 8.39965575393e-14, 9.58732266211e-14],
        "max": [0.0201548133045, 0.0182427745312, 0.013086816296, 0.0130023779348, 0.0085209403187, 0.00876648258418, 0.0140866693109, 0.0328550077975, 0.0229588281363, 0.0173888448626, 0.00789362005889, 0.00991737935692, 0.00973994843662, 0.00868163164705, 0.0235329587013, 0.00534856505692, 0.00616258010268, 0.00165605731308, 0.00226729782298, 0.00204922049306, 0.000828041054774, 0.000461464282125, 0.000560971617233, 0.000282058026642, 0.000225059557124, 8.67336275405e-05, 3.37736091751e-05, 2.77717426798e-05, 2.2758364139e-05, 4.3089461542e-05, 2.12510531128e-05, 7.16666318112e-06, 4.57276200905e-06, 3.5516961816e-06, 4.96956454299e-06, 4.95628091812e-06, 4.50801735496e-06, 6.81648771206e-06, 4.62425714431e-06, 4.45562773166e-06],
        "mean": [0.000251920573646, 0.0011192538077, 0.000750790059101, 0.00075572472997, 0.000590160023421, 0.000614379998296, 0.000647013483103, 0.000854065001477, 0.000542428751942, 0.000280231382931, 0.000189884536667, 0.000279285013676, 0.000227979864576, 0.000138279603561, 0.000104361883132, 2.57222309301e-05, 1.85265307664e-05, 2.15562140511e-05, 2.56365383393e-05, 3.98606825911e-05, 1.68730875885e-05, 1.07123869384e-05, 6.56436805002e-06, 3.54337703357e-06, 2.73286627817e-06, 1.71877229604e-06, 7.67006952174e-07, 4.05304632523e-07, 2.47761249739e-07, 2.29689760545e-07, 1.45646225747e-07, 6.69819684163e-08, 4.14656504688e-08, 2.9092920073e-08, 2.29580461308e-08, 2.57560213157e-08, 2.29557333142e-08, 2.2127970567e-08, 2.03625418749e-08, 2.02150705064e-08],
        "median": [6.24226668151e-05, 0.000543261528946, 0.000482997682411, 0.000343452120433, 0.000172783649759, 0.000232787599089, 0.000185917844647, 0.000145108468132, 0.000140656920848, 5.35921863047e-05, 3.81377321901e-05, 4.23176388722e-05, 3.50868940586e-05, 2.01177281269e-05, 1.56160276674e-05, 7.81167545938e-06, 4.75230535812e-06, 3.54646090273e-06, 6.16154420641e-06, 7.23897346688e-06, 3.29618023898e-06, 2.77249955616e-06, 1.38990867526e-06, 8.30512135508e-07, 6.03737589699e-07, 4.95005110679e-07, 2.63398817424e-07, 1.10166268996e-07, 4.95417005197e-08, 3.38291243906e-08, 2.13429593998e-08, 1.23380967665e-08, 8.02518407284e-09, 5.35280531011e-09, 4.72722971878e-09, 4.65553506857e-09, 3.80778519826e-09, 3.48626061353e-09, 3.57828167097e-09, 2.97676838734e-09],
        "min": [8.56805179443e-24, 6.86406648522e-24, 1.58859736243e-23, 2.60678198662e-24, 2.17771087672e-24, 1.14258865948e-23, 8.92118143435e-24, 7.51570976915e-24, 1.06840623099e-23, 1.64789098796e-23, 4.72931973441e-24, 4.98638268215e-24, 1.10186016537e-23, 4.91736879143e-24, 4.78319814538e-24, 1.19161439258e-23, 1.4059389864e-23, 1.73706382469e-23, 8.76224331689e-24, 6.31628107821e-24, 1.58517354832e-23, 1.1822332587e-23, 1.19895103566e-23, 1.17717886911e-23, 5.27547180492e-24, 1.71061584289e-23, 1.70843069818e-23, 1.09769505868e-23, 1.57735672562e-23, 1.67927976338e-23, 1.10162516371e-23, 1.10375122273e-23, 1.06446295198e-23, 7.43309394426e-24, 5.88548413787e-24, 1.14453414824e-23, 8.86776135157e-24, 1.21442044024e-23, 1.08963329466e-23, 1.2289144972e-23],
        "var": [4.06452187462e-07, 2.60743786384e-06, 7.65740992392e-07, 1.19473043014e-06, 1.07782113901e-06, 1.02670617252e-06, 1.52685117882e-06, 4.95711492476e-06, 1.53809730818e-06, 7.38682388146e-07, 2.53483108281e-07, 6.97749783285e-07, 3.37457663591e-07, 1.34283155262e-07, 3.83916272995e-07, 1.39011104849e-08, 2.34544206279e-08, 5.52816370458e-09, 6.06279426663e-09, 1.75285563841e-08, 2.57899368528e-09, 7.5117584375e-10, 3.24682558617e-10, 1.41580150381e-10, 9.5246727172e-11, 1.39947385278e-11, 2.99726389541e-12, 1.41203780439e-12, 9.24799950161e-13, 1.48669683335e-12, 4.91110190709e-13, 7.39327219237e-14, 2.81365236015e-14, 1.55156022443e-14, 1.30814345359e-14, 2.05406133454e-14, 1.6977857244e-14, 2.21158777869e-14, 1.83489630282e-14, 2.05037284487e-14]
    },
    "mfcc": {
        "mean": [-746.755065918, 211.450576782, -16.9155158997, 8.61248493195, 5.09887552261, -13.2213430405, -4.84739685059, -0.522305130959, 0.130638539791, -5.04405832291, -7.23904275894, -1.90967869759, 2.77489185333],
        "cov": [[8126.55126953, 611.322631836, -1947.94445801, 195.650924683, -22.8395824432, -23.5046234131, 279.91305542, 166.237121582, 186.562286377, 172.451034546, 213.050125122, 246.63671875, 169.563446045], [611.322631836, 1693.57202148, -14.5833330154, -226.271972656, 58.7699584961, -41.5363883972, -34.0499649048, -37.9182662964, -32.5954208374, -41.7369728088, -48.1314277649, 22.3881988525, 67.5296554565], [-1947.94445801, -14.5833330154, 978.905700684, -42.1012573242, -22.7024612427, 10.7501945496, -127.03238678, -42.6795539856, -59.0335159302, -80.0397567749, -98.0519180298, -102.406669617, -66.0867004395], [195.650924683, -226.271972656, -42.1012573242, 324.100708008, 12.6501903534, -8.15454292297, 32.3817710876, 21.3535194397, -34.5434875488, 46.2740821838, 42.6701583862, -26.9164447784, -15.9930553436], [-22.8395824432, 58.7699584961, -22.7024612427, 12.6501903534, 141.882537842, 56.4889030457, 25.1383953094, 10.4057197571, 24.7187385559, 14.522851944, 10.5588006973, 20.8085250854, 14.7398395538], [-23.5046234131, -41.5363883972, 10.7501945496, -8.15454292297, 56.4889030457, 137.064865112, 60.4111747742, 19.2462310791, 15.6224822998, 27.6517028809, 31.0106372833, 16.7783718109, 1.23915731907], [279.91305542, -34.0499649048, -127.03238678, 32.3817710876, 25.1383953094, 60.4111747742, 146.22416687, 71.1844177246, 28.3082065582, 52.7888221741, 43.7663803101, 17.0504016876, 5.12413597107], [166.237121582, -37.9182662964, -42.6795539856, 21.3535194397, 10.4057197571, 19.2462310791, 71.1844177246, 120.705802917, 51.3724746704, 37.3174667358, 22.3357009888, -7.80933332443, 0.580079913139], [186.562286377, -32.5954208374, -59.0335159302, -34.5434875488, 24.7187385559, 15.6224822998, 28.3082065582, 51.3724746704, 145.873031616, 67.440788269, 16.973531723, 9.48163032532, -17.4413223267], [172.451034546, -41.7369728088, -80.0397567749, 46.2740821838, 14.522851944, 27.6517028809, 52.7888221741, 37.3174667358, 67.440788269, 162.975570679, 102.61831665, -1.56744647026, -27.3475437164], [213.050125122, -48.1314277649, -98.0519180298, 42.6701583862, 10.5588006973, 31.0106372833, 43.7663803101, 22.3357009888, 16.973531723, 102.61831665, 156.069793701, 70.1700439453, 9.10959339142], [246.63671875, 22.3881988525, -102.406669617, -26.9164447784, 20.8085250854, 16.7783718109, 17.0504016876, -7.80933332443, 9.48163032532, -1.56744647026, 70.1700439453, 166.033218384, 91.7777023315], [169.563446045, 67.5296554565, -66.0867004395, -15.9930553436, 14.7398395538, 1.23915731907, 5.12413597107, 0.580079913139, -17.4413223267, -27.3475437164, 9.10959339142, 91.7777023315, 137.438034058]],
