{
"lowlevel": {
    "average_loudness": 0.656110942364,
    "barkbands_crest": {
        "dmean": 1.95614945889,
        "dmean2": 2.95346355438,
        "dvar": 3.31361246109,
        "dvar2": 8.23073387146,
        "max": 26.5854663849,
        "mean": 11.0705728531,
        "median": 10.5461292267,
        "min": 3.04807734489,
        "var": 16.1741504669
    },
    "barkbands_flatness_db": {
        "dmean": 0.0179737079889,
        "dmean2": 0.0261983573437,
        "dvar": 0.000305568188196,
        "dvar2": 0.000688798900228,
        "max": 0.535132646561,
        "mean": 0.154407963157,
        "median": 0.145177423954,
        "min": 0.0372193343937,
        "var": 0.00346928602085
    },
    "barkbands_kurtosis": {
        "dmean": 2.98005986214,
        "dmean2": 4.58426475525,
        "dvar": 31.8480434418,
        "dvar2": 82.7359619141,
        "max": 172.821456909,
        "mean": 6.99459505081,
        "median": 4.49948501587,
        "min": -1.81927657127,
        "var": 110.859680176
    },
    "barkbands_skewness": {
        "dmean": 0.447838276625,
        "dmean2": 0.670344054699,
        "dvar": 0.228211253881,
        "dvar2": 0.550769925117,
        "max": 12.3249177933,
        "mean": 2.17429947853,
        "median": 2.01526665688,
        "min": -3.99104452133,
        "var": 1.31416070461
    },
    "barkbands_spread": {
        "dmean": 4.95537090302,
        "dmean2": 7.8620467186,
        "dvar": 34.893787384,
        "dvar2": 98.2491378784,
        "max": 88.1933288574,
        "mean": 20.3950328827,
        "median": 18.0581130981,
        "min": 0.419572234154,
        "var": 141.722930908
    },
    "dissonance": {
        "dmean": 0.0224382448941,
        "dmean2": 0.0374732203782,
        "dvar": 0.000400358811021,
        "dvar2": 0.0010849601822,
        "max": 0.499999970198,
        "mean": 0.441362738609,
        "median": 0.448857963085,
        "min": 0.0935764908791,
        "var": 0.00164280168246
    },
    "dynamic_complexity": 2.57542896271,
    "erbbands_crest": {
        "dmean": 2.44744372368,
        "dmean2": 3.74431443214,
        "dvar": 5.12706708908,
        "dvar2": 12.3437623978,
        "max": 31.8635120392,
        "mean": 10.5166540146,
        "median": 9.53405952454,
        "min": 2.86949825287,
        "var": 20.8176822662
    },
    "erbbands_flatness_db": {
        "dmean": 0.0123881436884,
        "dmean2": 0.0183678735048,
        "dvar": 0.000140881820698,
        "dvar2": 0.000319373531966,
        "max": 0.549662828445,
        "mean": 0.14223267138,
        "median": 0.133054763079,
        "min": 0.0404682345688,
        "var": 0.00237069977447
    },
    "erbbands_kurtosis": {
        "dmean": 0.771241605282,
        "dmean2": 1.18561446667,
        "dvar": 1.21453142166,
        "dvar2": 2.33966374397,
        "max": 67.5854797363,
        "mean": 0.62480199337,
        "median": 0.0867141485214,
        "min": -1.77292025089,
        "var": 6.81934070587
    },
    "erbbands_skewness": {
        "dmean": 0.290885329247,
        "dmean2": 0.439393907785,
        "dvar": 0.0657121017575,
        "dvar2": 0.151948273182,
        "max": 7.62381792068,
        "mean": 0.640606820583,
        "median": 0.607301473618,
        "min": -2.43581771851,
        "var": 0.373259752989
    },
    "erbbands_spread": {
        "dmean": 8.33155155182,
        "dmean2": 13.0332574844,
        "dvar": 68.5923538208,
        "dvar2": 174.207168579,
        "max": 130.974197388,
        "mean": 45.5068016052,
        "median": 42.0251159668,
        "min": 0.880499303341,
        "var": 404.09765625
    },
    "hfc": {
        "dmean": 6.38057279587,
        "dmean2": 9.87423706055,
        "dvar": 76.5787200928,
        "dvar2": 206.736495972,
        "max": 119.286323547,
        "mean": 25.322063446,
        "median": 21.0814933777,
        "min": 1.22335658318e-16,
        "var": 303.097198486
    },
    "melbands_crest": {
        "dmean": 2.39295315742,
        "dmean2": 3.52736783028,
        "dvar": 5.42672109604,
        "dvar2": 13.2519397736,
        "max": 39.2883911133,
        "mean": 16.95495224,
        "median": 16.9305419922,
        "min": 2.96187090874,
        "var": 28.7561073303
    },
    "melbands_flatness_db": {
        "dmean": 0.0201853383332,
        "dmean2": 0.0292148459703,
        "dvar": 0.000358432967914,
        "dvar2": 0.000793195853475,
        "max": 0.584875822067,
        "mean": 0.239391177893,
        "median": 0.233159214258,
        "min": 0.0100087160245,
        "var": 0.0040322272107
    },
    "melbands_kurtosis": {
        "dmean": 7.81645727158,
        "dmean2": 11.6637992859,
        "dvar": 185.642578125,
        "dvar2": 440.003723145,
        "max": 442.221435547,
        "mean": 20.440328598,
        "median": 14.0243444443,
        "min": -1.70430314541,
        "var": 562.487976074
    },
    "melbands_skewness": {
        "dmean": 0.684266269207,
        "dmean2": 0.988484025002,
        "dvar": 0.5031260252,
        "dvar2": 1.13362884521,
        "max": 16.5854377747,
        "mean": 3.37780308723,
        "median": 3.10536408424,
        "min": -2.67419886589,
        "var": 3.02532100677
    },
    "melbands_spread": {
        "dmean": 4.08020114899,
        "dmean2": 6.35955095291,
        "dvar": 30.7701530457,
        "dvar2": 79.4564208984,
        "max": 159.462615967,
        "mean": 15.6530485153,
        "median": 13.9171600342,
        "min": 0.367205858231,
        "var": 92.0438842773
    },
    "pitch_salience": {
        "dmean": 0.0562053546309,
        "dmean2": 0.0847952514887,
        "dvar": 0.00292258895934,
        "dvar2": 0.00673110689968,
        "max": 0.895763337612,
        "mean": 0.421234279871,
        "median": 0.418628871441,
        "min": 0.0442698374391,
        "var": 0.0156177207828
    },
    "silence_rate_20dB": {
        "dmean": 0,
        "dmean2": 0,
        "dvar": 0,
        "dvar2": 0,
        "max": 1,
        "mean": 1,
        "median": 1,
        "min": 1,
        "var": 0
    },
    "silence_rate_30dB": {
        "dmean": 0.0222544744611,
        "dmean2": 0.0445132553577,
        "dvar": 0.0217576622963,
        "dvar2": 0.050854422152,
        "max": 1,
        "mean": 0.959462046623,
        "median": 1,
        "min": 0,
        "var": 0.0388960987329
    },
    "silence_rate_60dB": {
        "dmean": 0.00541848083958,
        "dmean2": 0.0108380103484,
        "dvar": 0.00539026176557,
        "dvar2": 0.0132336933166,
        "max": 1,
        "mean": 0.0307662542909,
        "median": 0,
        "min": 0,
        "var": 0.0298191569746
    },
    "spectral_centroid": {
        "dmean": 170.766281128,
        "dmean2": 266.02947998,
        "dvar": 43837.7578125,
        "dvar2": 95455.953125,
        "max": 11050.8300781,
        "mean": 1071.21325684,
        "median": 1018.69238281,
        "min": 208.627914429,
        "var": 166618.953125
    },
    "spectral_complexity": {
        "dmean": 2.11185288429,
        "dmean2": 3.37236309052,
        "dvar": 3.59082794189,
        "dvar2": 8.1872215271,
        "max": 36,
        "mean": 16.5424728394,
        "median": 17,
        "min": 0,
        "var": 22.9316654205
    },
    "spectral_decrease": {
        "dmean": 2.66209787547e-09,
        "dmean2": 3.83495457612e-09,
        "dvar": 1.32672391802e-17,
        "dvar2": 3.43700459746e-17,
        "max": 2.27746617205e-22,
        "mean": -1.21442056411e-08,
        "median": -1.10134834586e-08,
        "min": -9.8429858042e-08,
        "var": 6.05806235682e-17
    },
    "spectral_energy": {
        "dmean": 0.0103138778359,
        "dmean2": 0.0148365590721,
        "dvar": 0.000193019048311,
        "dvar2": 0.000497012690175,
        "max": 0.372131288052,
        "mean": 0.0481318347156,
        "median": 0.0439718402922,
        "min": 1.11684730772e-20,
        "var": 0.000899180653505
    },
    "spectral_energyband_high": {
        "dmean": 0.000601937645115,
        "dmean2": 0.0010120033985,
        "dvar": 1.1949467762e-06,
        "dvar2": 3.73362991013e-06,
        "max": 0.0117817716673,
        "mean": 0.00132516666781,
        "median": 0.000664634746499,
        "min": 8.47133113657e-21,
        "var": 2.83685085378e-06
    },
    "spectral_energyband_low": {
        "dmean": 0.00808417703956,
        "dmean2": 0.0114662386477,
        "dvar": 0.000116415372759,
        "dvar2": 0.000278637890005,
        "max": 0.210937961936,
        "mean": 0.0279683507979,
        "median": 0.0212110821158,
        "min": 1.74586479871e-22,
        "var": 0.000641721417196
    },
    "spectral_energyband_middle_high": {
        "dmean": 0.00138433510438,
        "dmean2": 0.00202435976826,
        "dvar": 5.17031412528e-06,
        "dvar2": 1.07545538413e-05,
        "max": 0.091392442584,
        "mean": 0.00437490642071,
        "median": 0.00360152940266,
        "min": 1.31883669498e-21,
        "var": 1.33051007651e-05
    },
    "spectral_energyband_middle_low": {
        "dmean": 0.00375147955492,
        "dmean2": 0.00527576217428,
        "dvar": 1.91302860912e-05,
        "dvar2": 4.14546993852e-05,
        "max": 0.133224725723,
        "mean": 0.0169116929173,
        "median": 0.0129447691143,
        "min": 3.41343471081e-22,
        "var": 0.00020090660837
    },
    "spectral_entropy": {
        "dmean": 0.168209969997,
        "dmean2": 0.256010144949,
        "dvar": 0.0365453362465,
        "dvar2": 0.0919140279293,
        "max": 9.80837249756,
        "mean": 7.11177921295,
        "median": 7.16072940826,
        "min": 4.22435331345,
        "var": 0.214410156012
    },
    "spectral_flux": {
        "dmean": 0.0211099684238,
        "dmean2": 0.0350165702403,
        "dvar": 0.000585944391787,
        "dvar2": 0.00151301315054,
        "max": 0.454956144094,
        "mean": 0.074475042522,
        "median": 0.0680720806122,
        "min": 1.05680998674e-10,
        "var": 0.00125417578965
    },
    "spectral_kurtosis": {
        "dmean": 1.34187364578,
        "dmean2": 2.26125192642,
        "dvar": 4.67156982422,
        "dvar2": 12.4320983887,
        "max": 133.898864746,
        "mean": 5.05539321899,
        "median": 4.03002691269,
        "min": -1.14998149872,
        "var": 41.1690254211
    },
    "spectral_rms": {
        "dmean": 0.000731974723749,
        "dmean2": 0.001044025179,
        "dvar": 6.36835750356e-07,
        "dvar2": 1.50226730966e-06,
        "max": 0.0190539993346,
        "mean": 0.00647816061974,
        "median": 0.00654975976795,
        "min": 3.30091965046e-12,
        "var": 4.99118868902e-06
    },
    "spectral_rolloff": {
        "dmean": 394.958892822,
        "dmean2": 695.188049316,
        "dvar": 983693.625,
        "dvar2": 2866582.25,
        "max": 19035.3515625,
        "mean": 920.27923584,
        "median": 689.0625,
        "min": 21.533203125,
        "var": 1194277
    },
    "spectral_skewness": {
        "dmean": 0.179057747126,
        "dmean2": 0.289558827877,
        "dvar": 0.0336664095521,
        "dvar2": 0.0890079066157,
        "max": 9.87369441986,
        "mean": 1.80176353455,
        "median": 1.71723878384,
        "min": -0.0404598191381,
        "var": 0.338916897774
    },
    "spectral_spread": {
        "dmean": 556197,
        "dmean2": 879226.6875,
        "dvar": 546463121408,
        "dvar2": 1.16213324186e+12,
        "max": 39495124,
        "mean": 5099547.5,
        "median": 4969060,
        "min": 619069.5625,
        "var": 1.64503434035e+12
    },
    "spectral_strongpeak": {
        "dmean": 0.418204694986,
        "dmean2": 0.736959695816,
        "dvar": 1.39591228962,
        "dvar2": 4.19429206848,
        "max": 26.1544303894,
        "mean": 0.817379713058,
        "median": 0.504203915596,
        "min": 0,
        "var": 1.18271481991
    },
    "zerocrossingrate": {
        "dmean": 0.00928740669042,
        "dmean2": 0.0109584508464,
        "dvar": 0.0001278030104,
        "dvar2": 0.000148514649482,
        "max": 0.50390625,
        "mean": 0.0567393116653,
        "median": 0.04931640625,
        "min": 0.00048828125,
        "var": 0.00102229590993
    },
    "barkbands": {
        "dmean": [0.0013530642027, 0.00503385718912, 0.00344704650342, 0.00144909322262, 0.000876569363754, 0.00126735330559, 0.00103515794035, 0.000849149189889, 0.000773861596826, 0.000655934854876, 0.000407741667004, 0.000330204347847, 0.000285091169644, 0.000109339001938, 0.000196952663828, 0.000168157974258, 0.000224350791541, 4.67262034363e-05, 0.000105944971438, 5.41321605851e-05, 0.000124599100673, 0.000152037711814, 0.000164644530741, 0.000210631958907, 0.000168019207194, 2.46677209361e-05, 4.48161563327e-06],
        "dmean2": [0.00231638760306, 0.00710146827623, 0.00478316703811, 0.00225274590775, 0.00130978529342, 0.00161227176432, 0.00149517366663, 0.00115411600564, 0.00105668453034, 0.000980021432042, 0.000593410280999, 0.000507190241478, 0.000436070578871, 0.000169004852069, 0.000306983332848, 0.000264965638053, 0.000356228381861, 7.569425361e-05, 0.000170292405528, 8.99237857084e-05, 0.000209912730497, 0.000273126526736, 0.000308028334985, 0.000381190795451, 0.000258253072388, 2.92542172247e-05, 5.01541899212e-06],
        "dvar": [8.75349578564e-05, 5.0805916544e-05, 2.54950227827e-05, 6.0481629589e-06, 2.83591907646e-06, 5.07911954628e-06, 4.14034138885e-06, 2.52924701272e-06, 1.49448987941e-06, 1.73694877503e-06, 1.31429794692e-06, 1.19124888442e-06, 2.56051805536e-07, 4.57856508262e-08, 9.69125864003e-08, 8.32255082628e-08, 1.13845388228e-07, 4.36463309939e-09, 2.62927724037e-08, 7.93692134238e-09, 1.4423503103e-07, 2.61559591763e-07, 4.6058627845e-07, 4.31510670751e-07, 1.68687421365e-07, 3.03549785308e-09, 1.61318125524e-10],
        "dvar2": [0.0002639858576, 0.000114872709673, 5.85566376685e-05, 1.64343819051e-05, 7.35432240617e-06, 8.08740151115e-06, 8.70393614605e-06, 4.27242230217e-06, 2.72240549748e-06, 3.74278329218e-06, 2.89896593131e-06, 2.58653699348e-06, 5.41584597613e-07, 1.01458688562e-07, 2.32834722169e-07, 2.07295698829e-07, 2.81584021877e-07, 1.13350973052e-08, 6.75596467659e-08, 2.23531575472e-08, 3.98717958205e-07, 8.61980424816e-07, 1.6278449948e-06, 1.47753837609e-06, 4.03327845788e-07, 4.0009742186e-09, 2.1829557606e-10],
        "max": [0.326903402805, 0.114725463092, 0.131162390113, 0.0641888603568, 0.0594174601138, 0.128498926759, 0.0613006912172, 0.0455503389239, 0.0273992307484, 0.0386074110866, 0.0619137585163, 0.0477398112416, 0.0153673924506, 0.00531138665974, 0.00644548796117, 0.00640924461186, 0.00593055412173, 0.00134761037771, 0.00286821136251, 0.00290164514445, 0.00919597875327, 0.0113833453506, 0.00979846995324, 0.00873500946909, 0.00829896237701, 0.00140025955625, 0.000277589540929],
        "mean": [0.00160615972709, 0.0134215578437, 0.0106491595507, 0.00470065511763, 0.00209269998595, 0.00381918996572, 0.00218505482189, 0.00183926464524, 0.00195090204943, 0.0012291012099, 0.000709060055669, 0.000493977218866, 0.00049878511345, 0.000169927050592, 0.000366892694728, 0.000292380747851, 0.000377062387997, 8.27449694043e-05, 0.000281502463622, 0.000103678095911, 0.000217350432649, 0.000210700498428, 0.000208303536056, 0.000279242492979, 0.000278841936961, 5.78903127462e-05, 9.80882850854e-06],
        "median": [6.25838874839e-05, 0.0077692642808, 0.00680625624955, 0.00201034871861, 0.000997465336695, 0.0014112124918, 0.000718696275726, 0.000708981300704, 0.000795245869085, 0.000548194802832, 0.000232872815104, 0.000170625382452, 0.000273568293778, 6.08062982792e-05, 0.00022510557028, 0.000132284418214, 0.000217637221795, 5.69291878492e-05, 0.000158607610501, 7.72058119765e-05, 0.000129107414978, 8.69288342074e-05, 4.62996358692e-05, 4.83122857986e-05, 4.65284829261e-05, 1.58024340635e-05, 8.54123300087e-07],
        "min": [2.7461046438e-23, 1.32271816832e-22, 3.95017302015e-23, 3.2508593056e-24, 1.79455490305e-23, 4.18117673675e-23, 9.48661847187e-23, 9.19494251642e-23, 5.22159970485e-23, 1.0898550119e-22, 6.9242587811e-23, 6.9042444333e-23, 9.74989922126e-23, 9.21941613714e-23, 6.63633780356e-23, 4.97701180346e-23, 2.01059932409e-22, 1.60517366507e-22, 2.03242514896e-22, 4.67591760611e-22, 5.84613633967e-22, 4.81869309958e-22, 1.06559502733e-21, 8.13756598083e-22, 1.11286417862e-21, 1.55977465687e-21, 2.73932552659e-21],
        "var": [0.000128986430354, 0.000238370674197, 0.000151751068188, 5.13039303769e-05, 1.1516160157e-05, 6.1146398366e-05, 1.87230780284e-05, 1.02066187537e-05, 6.89304988555e-06, 3.95901815864e-06, 2.44870466304e-06, 1.61131583809e-06, 5.03974206367e-07, 8.49449932616e-08, 1.93761138689e-07, 1.80419064577e-07, 2.22573035558e-07, 7.88574450183e-09, 1.07408624217e-07, 1.31435431427e-08, 1.77776087185e-07, 2.9948441238e-07, 5.09282415351e-07, 6.22108586867e-07, 3.89755825836e-07, 1.29571526841e-08, 6.63798016554e-10]
    },
    "erbbands": {
        "dmean": [0.0981155708432, 1.313554883, 3.77567362785, 4.67516565323, 3.33608531952, 2.85401725769, 5.81292295456, 12.6778898239, 13.9180345535, 12.3164606094, 19.0093135834, 22.1436481476, 11.9476718903, 26.3447151184, 12.4270391464, 15.8283987045, 13.156537056, 7.00672864914, 9.93385410309, 7.67732954025, 9.77784633636, 7.01286363602, 4.1714053154, 2.90595173836, 5.72368764877, 2.72946977615, 4.0889878273, 4.35803079605, 6.26115894318, 4.85397577286, 5.4683008194, 3.26432776451, 3.42076539993, 2.3566608429, 0.998245954514, 0.158020019531, 0.0508270077407, 0.00498340744525, 0.000882318709046, 4.99151901749e-05],
        "dmean2": [0.151390701532, 1.81512260437, 5.16101646423, 7.04468488693, 5.20162677765, 4.21429157257, 7.67817687988, 16.0797176361, 19.5633277893, 17.8435134888, 25.8571910858, 30.143037796, 16.831407547, 39.0211868286, 18.6305809021, 24.1478176117, 20.131942749, 10.652923584, 15.7079572678, 11.6635532379, 15.4324398041, 11.130487442, 6.77310705185, 4.56727266312, 9.31051158905, 4.57404375076, 6.82454252243, 7.36367416382, 11.1309394836, 9.05664825439, 10.2444200516, 6.02607345581, 6.08156490326, 3.77410459518, 1.47341430187, 0.205615967512, 0.0578940249979, 0.00529738748446, 0.000964866485447, 6.24948734185e-05],
        "dvar": [0.0630485191941, 3.22312045097, 28.2807731628, 52.8651237488, 36.6215553284, 31.6561450958, 110.835365295, 648.22479248, 643.436035156, 535.704711914, 1418.0189209, 1186.59313965, 502.250183105, 5063.37207031, 581.370178223, 2518.12548828, 562.192382812, 145.282302856, 269.359466553, 152.449508667, 165.691253662, 91.943611145, 28.469701767, 20.7166786194, 93.1189041138, 20.632144928, 59.3115272522, 338.703125, 538.45703125, 488.570281982, 389.348693848, 222.853149414, 163.942108154, 46.1480560303, 4.49011135101, 0.148135468364, 0.0179197490215, 0.000266258692136, 7.06086211721e-06, 1.24105818955e-08],
        "dvar2": [0.184125140309, 6.57156133652, 63.9645576477, 138.919113159, 97.7152023315, 75.5426712036, 169.462509155, 958.356201172, 1289.39416504, 1002.28375244, 2567.18164062, 2162.77636719, 873.629211426, 12001.2314453, 1148.01660156, 5443.49902344, 1190.3840332, 316.297271729, 676.032348633, 348.52154541, 413.018035889, 229.393676758, 74.9301528931, 51.0312423706, 250.111862183, 59.487033844, 167.465316772, 935.04876709, 1747.31958008, 1692.25061035, 1400.7052002, 799.096435547, 537.916259766, 116.137931824, 9.12532424927, 0.217432558537, 0.0233104322106, 0.000358383462299, 9.59818771662e-06, 1.9153354458e-08],
        "max": [7.18150186539, 30.9168186188, 126.517738342, 171.306869507, 137.421463013, 210.953781128, 776.240783691, 1606.44372559, 677.807678223, 781.740600586, 1094.69714355, 801.581298828, 603.039916992, 3273.31640625, 584.556274414, 2117.01660156, 707.896606445, 294.981842041, 260.451721191, 281.828521729, 203.7940979, 161.741470337, 94.5943908691, 92.4772415161, 151.886260986, 155.233596802, 166.086212158, 473.604187012, 537.852722168, 411.153289795, 374.619842529, 286.980010986, 214.324783325, 149.418746948, 29.4291629791, 9.35706520081, 2.8444006443, 0.42493134737, 0.0472019203007, 0.00201838021167],
        "mean": [0.205645129085, 3.6194217205, 12.0809555054, 15.5564184189, 9.82645511627, 6.25751256943, 17.2117404938, 37.0551757812, 32.0638885498, 27.542388916, 44.0129814148, 57.7130889893, 29.4421920776, 46.9323425293, 23.2816848755, 24.5209636688, 23.5413322449, 13.1504449844, 18.1152057648, 15.9638051987, 18.1650485992, 12.9806652069, 8.08496952057, 8.42463970184, 13.6339292526, 5.8018860817, 8.34183979034, 7.15378046036, 8.38129615784, 6.60931777954, 6.72388696671, 4.34677886963, 4.64599370956, 3.80283522606, 1.7390743494, 0.348881214857, 0.123776212335, 0.012688585557, 0.00204175710678, 0.000143258293974],
        "median": [0.0991008132696, 2.06718158722, 8.11586952209, 8.85907840729, 4.44125270844, 2.80595588684, 6.92461585999, 11.2293949127, 12.5616550446, 12.8306026459, 16.8403358459, 26.5673961639, 16.4852981567, 18.027015686, 11.9709396362, 9.34251785278, 13.3157167435, 7.21260929108, 10.3786249161, 9.5440788269, 11.5890846252, 8.49374008179, 5.7659368515, 4.61742782593, 7.75928783417, 4.51644468307, 5.63469743729, 3.87342214584, 3.16792201996, 2.11946058273, 1.46061944962, 0.826166450977, 0.828487575054, 0.668405294418, 0.297138869762, 0.113807491958, 0.0260835327208, 0.00268984679133, 0.000248895026743, 7.74306536186e-05],
        "min": [3.77335198133e-21, 2.88181162802e-20, 5.62625634439e-20, 2.19439125789e-20, 2.4615539552e-20, 8.45986240662e-20, 2.45839448069e-19, 3.74353174866e-19, 1.39063009303e-18, 1.29275146551e-18, 1.92273666613e-18, 1.12355249839e-18, 3.24620703465e-18, 2.84769333581e-18, 2.32292230378e-18, 2.99065640864e-18, 3.94445955462e-18, 5.07339565463e-18, 4.66209498429e-18, 2.67530289909e-18, 5.18893086592e-18, 1.07958203789e-17, 8.5003040164e-18, 1.12072964116e-17, 1.16375428266e-17, 1.96127501087e-17, 2.48821040232e-17, 2.23938024656e-17, 1.4406877343e-17, 2.74764402092e-17, 2.86542246331e-17, 1.97689648217e-17, 1.29451863349e-17, 1.12905430412e-17, 7.9114862507e-18, 5.65925004578e-18, 2.78230305402e-18, 1.48274854496e-18, 4.10779598254e-19, 3.8407333547e-20],
        "var": [0.186134546995, 17.2038249969, 165.434326172, 357.035583496, 221.111099243, 116.359024048, 1577.8248291, 8210.046875, 3079.71582031, 2447.31787109, 5307.96679688, 5413.45410156, 1977.06677246, 7732.32666016, 1374.88000488, 3532.87817383, 1071.54980469, 290.930999756, 516.930541992, 388.620605469, 389.46875, 193.448532104, 61.3051834106, 101.33769989, 263.499786377, 33.2709541321, 90.7262496948, 399.633331299, 608.2578125, 548.3671875, 417.790344238, 300.876525879, 249.147903442, 102.090209961, 11.9527616501, 0.552864730358, 0.0798126161098, 0.00112289004028, 2.79725882137e-05, 4.61154208153e-08]
    },
    "gfcc": {
        "mean": [21.1235389709, 86.5889053345, -97.1182022095, 27.5101261139, -58.4007720947, 20.8020648956, -30.2747535706, 16.0230579376, -20.8055877686, 6.77326202393, -19.1598682404, -2.11846709251, -9.78972530365],
        "cov": [[11293.8046875, 22.871131897, 849.510009766, 1625.87207031, 333.490661621, 390.469604492, -73.919883728, 442.420074463, -149.58241272, -4.27581739426, -415.179016113, -411.899627686, -606.807495117], [22.871131897, 547.102600098, -64.0041046143, 120.632133484, 136.635360718, -56.4492073059, 86.6021575928, -29.2834911346, 70.2423858643, -3.21364712715, -2.32991456985, -50.9891281128, -5.43904495239], [849.510009766, -64.0041046143, 739.24017334, 212.663238525, 133.729782104, 76.6530456543, -2.34478807449, 82.758430481, -76.9612350464, -11.6302394867, -43.0932731628, -22.869846344, -77.0750808716], [1625.87207031, 120.632133484, 212.663238525, 586.592773438, 120.017311096, 108.994651794, 49.5597648621, 118.67527771, 6.86162233353, -27.7123241425, -53.8274841309, -89.3495254517, -92.0125274658], [333.490661621, 136.635360718, 133.729782104, 120.017311096, 287.635498047, 70.5297393799, 84.9532852173, 32.9004516602, 32.5997200012, 35.0011024475, -30.8243808746, -31.3193664551, -12.9814748764], [390.469604492, -56.4492073059, 76.6530456543, 108.994651794, 70.5297393799, 196.644668579, 65.7772445679, 51.4548683167, -5.06510162354, -4.02785253525, 17.7949466705, -20.4432125092, 3.68215250969], [-73.919883728, 86.6021575928, -2.34478807449, 49.5597648621, 84.9532852173, 65.7772445679, 159.716934204, 54.465839386, 40.5337791443, 16.1466732025, 9.87014770508, -23.0703811646, 9.36641311646], [442.420074463, -29.2834911346, 82.758430481, 118.67527771, 32.9004516602, 51.4548683167, 54.465839386, 180.638381958, 23.7386665344, 32.9658164978, -27.0328369141, -48.4507675171, -20.7192211151], [-149.58241272, 70.2423858643, -76.9612350464, 6.86162233353, 32.5997200012, -5.06510162354, 40.5337791443, 23.7386665344, 145.848144531, 41.9006080627, 26.2949771881, -16.0938014984, -5.69872951508], [-4.27581739426, -3.21364712715, -11.6302394867, -27.7123241425, 35.0011024475, -4.02785253525, 16.1466732025, 32.9658164978, 41.9006080627, 143.581420898, 14.9112377167, 4.30599689484, -16.0318012238], [-415.179016113, -2.32991456985, -43.0932731628, -53.8274841309, -30.8243808746, 17.7949466705, 9.87014770508, -27.0328369141, 26.2949771881, 14.9112377167, 162.493103027, 46.4717140198, 74.5936050415], [-411.899627686, -50.9891281128, -22.869846344, -89.3495254517, -31.3193664551, -20.4432125092, -23.0703811646, -48.4507675171, -16.0938014984, 4.30599689484, 46.4717140198, 164.719802856, 53.8230934143], [-606.807495117, -5.43904495239, -77.0750808716, -92.0125274658, -12.9814748764, 3.68215250969, 9.36641311646, -20.7192211151, -5.69872951508, -16.0318012238, 74.5936050415, 53.8230934143, 189.001144409]],
        "icov": [[0.000192088875338, 3.82218195227e-06, 8.91382114787e-06, -0.000415091926698, -5.42701709492e-05, -0.000210589147173, 0.000337751989719, -0.000154681620188, 0.000185655197129, -0.000106884777779, 0.000134262314532, 0.000108752290544, 0.000297636230243], [3.82218195227e-06, 0.00310500408523, 0.000342586979968, -0.000911181035917, -0.00136702274904, 0.00210901000537, -0.00170259922743, 0.0012194524752, -0.000574204081204, 0.000399088195991, -0.000431775377365, 0.000748900929466, -0.00014550438209], [8.91382114787e-06, 0.000342586979968, 0.00195978698321, -0.000411283486756, -0.0011897017248, 6.23249579803e-05, 0.000479818118038, -0.000791768485215, 0.00116684357636, 0.000307805661578, -0.000486580654979, -0.000211062346352, 0.000757388479542], [-0.000415091926698, -0.000911181035917, -0.000411283486756, 0.00375415524468, -0.00020840158686, -0.000931830145419, 5.5163698562e-05, -0.00127328839153, -0.000437891896581, 0.00116748700384, -0.000301680760458, 3.18785751006e-05, 0.000358354765922], [-5.42701709492e-05, -0.00136702274904, -0.0011897017248, -0.00020840158686, 0.00616928609088, -0.00185803743079, -0.00176802766509, 0.00115460087545, -0.00104028498754, -0.00181050924584, 0.00197553937323, -6.39090067125e-05, -0.00107250723522], [-0.000210589147173, 0.00210901000537, 6.23249579803e-05, -0.000931830145419, -0.00185803743079, 0.0087967235595, -0.00358756165951, -0.000110926921479, 0.000744057295378, 0.000931042304728, -0.00210474478081, 0.000611954426859, -0.00041920071817], [0.000337751989719, -0.00170259922743, 0.000479818118038, 5.5163698562e-05, -0.00176802766509, -0.00358756165951, 0.0110557619482, -0.00323749729432, -0.000835947343148, 0.00015806335432, -0.000239598623011, 9.30530659389e-05, 0.000359834404662], [-0.000154681620188, 0.0012194524752, -0.000791768485215, -0.00127328839153, 0.00115460087545, -0.000110926921479, -0.00323749729432, 0.00922063551843, -0.00148940435611, -0.00227287807502, 0.00162792881019, 0.00159471598454, -0.00148591725156], [0.000185655197129, -0.000574204081204, 0.00116684357636, -0.000437891896581, -0.00104028498754, 0.000744057295378, -0.000835947343148, -0.00148940435611, 0.00970720499754, -0.00176460528746, -0.0020954979118, 0.000674625451211, 0.00141233264003], [-0.000106884777779, 0.000399088195991, 0.000307805661578, 0.00116748700384, -0.00181050924584, 0.000931042304728, 0.00015806335432, -0.00227287807502, -0.00176460528746, 0.00907930731773, -0.00167157920077, -0.000792364240624, 0.00156503776088], [0.000134262314532, -0.000431775377365, -0.000486580654979, -0.000301680760458, 0.00197553937323, -0.00210474478081, -0.000239598623011, 0.00162792881019, -0.0020954979118, -0.00167157920077, 0.00944604445249, -0.00127260503359, -0.0031302922871], [0.000108752290544, 0.000748900929466, -0.000211062346352, 3.18785751006e-05, -6.39090067125e-05, 0.000611954426859, 9.30530659389e-05, 0.00159471598454, 0.000674625451211, -0.000792364240624, -0.00127260503359, 0.00800163950771, -0.00136922951788], [0.000297636230243, -0.00014550438209, 0.000757388479542, 0.000358354765922, -0.00107250723522, -0.00041920071817, 0.000359834404662, -0.00148591725156, 0.00141233264003, 0.00156503776088, -0.0031302922871, -0.00136922951788, 0.00828018132597]]
    },
    "melbands": {
        "dmean": [0.00114360125735, 0.0018945048796, 0.000730072555598, 0.000207327248063, 0.000185051307199, 0.000263262161752, 0.000221857058932, 0.000135304100695, 0.000147822604049, 0.00013830557873, 5.91849711782e-05, 0.000110670291178, 4.19198368036e-05, 4.38316674263e-05, 2.78260831692e-05, 2.97942460747e-05, 1.29441305035e-05, 1.49538873302e-05, 1.09340226118e-05, 1.57853228302e-05, 1.29234867927e-05, 9.01543808141e-06, 7.19486752132e-06, 2.28654994316e-06, 2.37846620621e-06, 6.09465587331e-06, 1.66292704762e-06, 2.12099621422e-06, 2.67044288194e-06, 2.46190325015e-06, 3.26764120473e-06, 4.3136401473e-06, 2.42856640398e-06, 2.75783031611e-06, 4.14620672018e-06, 2.10249231714e-06, 1.58105069659e-06, 2.98135046251e-06, 1.95770030587e-06, 2.27923169405e-06],
        "dmean2": [0.00168103061151, 0.00257171923295, 0.00110071443487, 0.000317596859531, 0.000245783565333, 0.000333877571393, 0.000315118872095, 0.000194681386347, 0.000202098875889, 0.000187495257705, 8.49100542837e-05, 0.000164981291164, 6.27637346042e-05, 6.63785249344e-05, 4.32253764302e-05, 4.52775311715e-05, 2.00657705136e-05, 2.36930682149e-05, 1.68484802998e-05, 2.45132960117e-05, 2.05325504794e-05, 1.42266580951e-05, 1.16906257972e-05, 3.6987285057e-06, 3.74374485546e-06, 9.83005156741e-06, 2.70633631771e-06, 3.58154147762e-06, 4.50370862382e-06, 4.05056653108e-06, 5.56789927941e-06, 7.59708336773e-06, 4.46287594968e-06, 5.19340346727e-06, 7.77813511377e-06, 3.88489934267e-06, 2.91050400847e-06, 5.35937624591e-06, 3.33148909704e-06, 3.61435991181e-06],
        "dvar": [4.00296630687e-06, 6.41994711259e-06, 1.20332538245e-06, 1.7761057336e-07, 9.8389406844e-08, 2.56327808756e-07, 1.74272415165e-07, 6.47228972639e-08, 8.59690132415e-08, 4.85311275611e-08, 1.24955912284e-08, 8.28069559589e-08, 8.01016941665e-09, 1.60521178572e-08, 7.31408267285e-09, 2.88449375496e-09, 6.645544115e-10, 6.17449646967e-10, 3.80139392187e-10, 7.41705752372e-10, 3.80987991155e-10, 2.0365038822e-10, 1.49926834836e-10, 1.04447804572e-11, 1.82999275455e-11, 1.03854196076e-10, 9.03647642825e-12, 1.52303170076e-11, 2.76753012868e-11, 2.97575956931e-11, 2.90286961135e-10, 1.79912279519e-10, 1.65733329838e-10, 3.45093315035e-10, 3.05907021936e-10, 1.12256828833e-10, 5.12537789987e-11, 2.12587461523e-10, 3.52732357212e-11, 5.15131062806e-11],
        "dvar2": [1.06079323814e-05, 1.37348197313e-05, 3.10844825435e-06, 4.86164083213e-07, 1.58561590524e-07, 3.9036640942e-07, 3.61709567187e-07, 1.15107738452e-07, 1.602115276e-07, 8.71588525797e-08, 2.22540457173e-08, 1.95102003886e-07, 1.69791647409e-08, 3.46627331282e-08, 1.65717644052e-08, 6.17266282532e-09, 1.47729417588e-09, 1.5645377216e-09, 8.71656913315e-10, 1.83228332507e-09, 9.42404820847e-10, 4.88774409835e-10, 3.93684779221e-10, 2.75525071508e-11, 4.54052663523e-11, 2.68099403788e-10, 2.31471525974e-11, 4.44222818252e-11, 7.97427193722e-11, 8.31285942859e-11, 8.01797628291e-10, 5.62133228854e-10, 5.56700963106e-10, 1.19516918584e-09, 1.10141251675e-09, 4.03422462103e-10, 1.82682313721e-10, 7.02311597767e-10, 1.02758544729e-10, 1.25193522216e-10],
        "max": [0.0529774911702, 0.0550091825426, 0.0250869803131, 0.016477631405, 0.0213262885809, 0.0310866758227, 0.0101595297456, 0.0100346589461, 0.00905812717974, 0.00535190338269, 0.00297264521942, 0.0124085759744, 0.00398444524035, 0.00516311777756, 0.00336848036386, 0.00185713439714, 0.000667289888952, 0.000396910618292, 0.000500421563629, 0.000601730542257, 0.000344793370459, 0.000269909069175, 0.000177828362212, 5.4856758652e-05, 8.2118807768e-05, 0.000169427061337, 9.00447921595e-05, 0.000147453203681, 0.000173376538442, 9.77191957645e-05, 0.000438057963038, 0.000228235323448, 0.000315545476042, 0.000378612312488, 0.000345291366102, 0.000194872685825, 0.000125271311845, 0.000250394135946, 0.000101407036709, 0.000139945404953],
        "mean": [0.00290246144868, 0.00614967057481, 0.00259694829583, 0.000519289693329, 0.000540077802725, 0.000773133942857, 0.000493480649311, 0.000302893808112, 0.000339643243933, 0.000352444156306, 0.000136466973345, 0.000192166233319, 7.59189933888e-05, 6.81875972077e-05, 4.3691132305e-05, 5.28208511241e-05, 2.03256713576e-05, 2.6582099963e-05, 2.05621836358e-05, 2.69926458714e-05, 2.19515968638e-05, 1.52353477461e-05, 1.19849355542e-05, 4.12393183069e-06, 5.84263807468e-06, 1.43682518683e-05, 3.30036277774e-06, 3.83403084925e-06, 5.20474713994e-06, 4.4316225285e-06, 4.49395429314e-06, 5.52294704903e-06, 3.18998104376e-06, 3.53882933268e-06, 4.69171254736e-06, 2.7631976991e-06, 2.0613858851e-06, 3.73990769731e-06, 2.84005614049e-06, 3.47950935975e-06],
        "median": [0.0016182824038, 0.00419347733259, 0.00155062112026, 0.000231798418099, 0.00023925282585, 0.000244019960519, 0.000186759774806, 0.00015344467829, 0.000132484550704, 0.00013826508075, 7.57884408813e-05, 7.17891962267e-05, 3.34103824571e-05, 2.85333244392e-05, 2.1155057766e-05, 2.70521159109e-05, 8.04412957223e-06, 1.4782425751e-05, 1.17807157949e-05, 1.1626199921e-05, 1.24136140585e-05, 9.14059455681e-06, 5.58293231734e-06, 2.81932807411e-06, 2.14844021684e-06, 7.2950692811e-06, 2.07099219551e-06, 2.67669202003e-06, 3.31046294377e-06, 2.46745275945e-06, 1.73440855633e-06, 1.89698334907e-06, 1.04498110431e-06, 8.17146997178e-07, 7.54635550493e-07, 4.27998060104e-07, 3.4499757362e-07, 4.06847249224e-07, 5.06994922489e-07, 3.06351751078e-07],
        "min": [3.41828639471e-23, 3.35004834868e-23, 4.00639695125e-24, 3.53257750929e-24, 7.56574721636e-24, 8.41849007769e-24, 2.02477023206e-23, 1.64707641019e-23, 1.49375703341e-23, 6.35749235519e-24, 1.6622320059e-23, 1.18479066687e-23, 8.73965665145e-24, 6.27571390616e-24, 8.95640249605e-24, 1.05035591019e-23, 8.60754059363e-24, 8.07797353479e-24, 3.65919638989e-24, 3.46570340377e-24, 6.92933762538e-24, 1.27439169729e-23, 8.38769925884e-24, 7.26598717213e-24, 9.43650797613e-24, 6.43757080897e-24, 1.20710438643e-23, 1.35259905189e-23, 1.60841970148e-23, 1.1123191988e-23, 1.52601292474e-23, 7.18103395238e-24, 1.05410836374e-23, 1.80764131661e-23, 1.84742246766e-23, 1.21431157744e-23, 1.18724781082e-23, 7.6837402974e-24, 1.1600853577e-23, 8.82428643822e-24],
        "var": [1.67488251464e-05, 3.81113641197e-05, 9.08679157874e-06, 6.95603148415e-07, 1.25790813854e-06, 3.15839270115e-06, 7.96264771452e-07, 2.82000883089e-07, 3.05923549604e-07, 2.33597091892e-07, 4.75416719325e-08, 1.29779834879e-07, 1.74211240989e-08, 2.20155484953e-08, 9.58897050651e-09, 5.87729731549e-09, 1.19276033494e-09, 1.22074939046e-09, 7.47544193214e-10, 1.50569667845e-09, 7.74409480986e-10, 3.98093613629e-10, 3.27954469137e-10, 2.01640561887e-11, 7.68732369427e-11, 3.49693191071e-10, 1.9053883471e-11, 2.24687195932e-11, 4.25664017922e-11, 4.35191396808e-11, 3.33225391724e-10, 2.063592075e-10, 1.80931727933e-10, 3.88115678485e-10, 3.16182913185e-10, 1.5183841684e-10, 6.99606553245e-11, 3.09626990713e-10, 6.30067942264e-11, 1.13238730892e-10]
    },
    "mfcc": {
        "mean": [-632.244140625, 123.967979431, 16.8327293396, 18.6849079132, 1.15897679329, 8.3189201355, 3.56674265862, 4.70642137527, 10.8220071793, 3.96039938927, 1.38662672043, 1.44293797016, 4.32453632355],
        "cov": [[6189.54833984, 669.726318359, 339.044433594, 458.753356934, 253.992095947, 50.3037872314, 73.929069519, 66.4340591431, 106.6276474, -19.2350502014, 110.702796936, 30.2095165253, 8.31216335297], [669.726318359, 548.680236816, 25.7923870087, 140.704360962, 53.2642364502, 91.1981124878, 8.95155525208, 6.85306358337, 19.258649826, 46.6953010559, 18.6345767975, 27.3128604889, 38.7145996094], [339.044433594, 25.7923870087, 437.470489502, 130.389312744, 114.625076294, 4.16262531281, 105.986984253, 49.3320732117, 23.6998062134, -16.8187007904, 8.19116592407, -14.5317764282, 2.78507471085], [458.753356934, 140.704360962, 130.389312744, 315.551513672, 105.994796753, 25.560464859, 22.4967365265, 46.4259376526, 51.9389648438, 32.5998916626, 28.5354557037, 9.07176494598, -11.0475559235], [253.992095947, 53.2642364502, 114.625076294, 105.994796753, 188.414627075, 53.3426399231, 63.6683044434, 17.0304355621, 48.053150177, 5.5413312912, 20.4039764404, 19.0850086212, 3.89806509018], [50.3037872314, 91.1981124878, 4.16262531281, 25.560464859, 53.3426399231, 182.834640503, 49.2094535828, 34.4825286865, 2.17786240578, 22.2247753143, 2.72056627274, 28.4557247162, 23.5590019226], [73.929069519, 8.95155525208, 105.986984253, 22.4967365265, 63.6683044434, 49.2094535828, 185.227386475, 39.8670196533, 58.2994194031, 16.109954834, 10.2969760895, 22.3141365051, -29.5070419312], [66.4340591431, 6.85306358337, 49.3320732117, 46.4259376526, 17.0304355621, 34.4825286865, 39.8670196533, 137.106872559, 19.0431213379, 25.4806003571, -18.926202774, 0.643408477306, 7.85346126556], [106.6276474, 19.258649826, 23.6998062134, 51.9389648438, 48.053150177, 2.17786240578, 58.2994194031, 19.0431213379, 170.882171631, 42.2301063538, 50.4810943604, 18.9031429291, -27.7077312469], [-19.2350502014, 46.6953010559, -16.8187007904, 32.5998916626, 5.5413312912, 22.2247753143, 16.109954834, 25.4806003571, 42.2301063538, 163.539993286, 24.5194206238, 52.9032058716, -19.9362373352], [110.702796936, 18.6345767975, 8.19116592407, 28.5354557037, 20.4039764404, 2.72056627274, 10.2969760895, -18.926202774, 50.4810943604, 24.5194206238, 170.869003296, 14.085814476, 33.6841812134], [30.2095165253, 27.3128604889, -14.5317764282, 9.07176494598, 19.0850086212, 28.4557247162, 22.3141365051, 0.643408477306, 18.9031429291, 52.9032058716, 14.085814476, 169.600585938, 18.3032474518], [8.31216335297, 38.7145996094, 2.78507471085, -11.0475559235, 3.89806509018, 23.5590019226, -29.5070419312, 7.85346126556, -27.7077312469, -19.9362373352, 33.6841812134, 18.3032474518, 143.80557251]],
