{
"lowlevel": {
    "average_loudness": 0.929217815399,
    "barkbands_crest": {
        "dmean": 2.60993695259,
        "dmean2": 3.85300350189,
        "dvar": 6.3069434166,
        "dvar2": 11.7528133392,
        "max": 26.7357616425,
        "mean": 12.8021860123,
        "median": 11.5238952637,
        "min": 2.4409995079,
        "var": 28.187292099
    },
    "barkbands_flatness_db": {
        "dmean": 0.035133164376,
        "dmean2": 0.0483115762472,
        "dvar": 0.00183369440492,
        "dvar2": 0.0033842434641,
        "max": 0.883817136288,
        "mean": 0.230876937509,
        "median": 0.203950330615,
        "min": 0.0226160977036,
        "var": 0.0145900491625
    },
    "barkbands_kurtosis": {
        "dmean": 11.9175157547,
        "dmean2": 15.7974748611,
        "dvar": 3686.89599609,
        "dvar2": 6575.89648438,
        "max": 2017.58361816,
        "mean": 19.3862037659,
        "median": 6.46639728546,
        "min": -1.85894298553,
        "var": 6522.92089844
    },
    "barkbands_skewness": {
        "dmean": 0.813361823559,
        "dmean2": 1.08542621136,
        "dvar": 1.39029753208,
        "dvar2": 2.45060372353,
        "max": 29.2749996185,
        "mean": 2.68363428116,
        "median": 2.21196603775,
        "min": -3.45931124687,
        "var": 5.4048500061
    },
    "barkbands_spread": {
        "dmean": 3.47256422043,
        "dmean2": 5.17010307312,
        "dvar": 25.6326007843,
        "dvar2": 52.2487449646,
        "max": 112.407318115,
        "mean": 11.5919389725,
        "median": 8.49220848083,
        "min": 0.0179732739925,
        "var": 134.047149658
    },
    "dissonance": {
        "dmean": 0.0186559185386,
        "dmean2": 0.0315296389163,
        "dvar": 0.00050747039495,
        "dvar2": 0.00135095929727,
        "max": 0.500000119209,
        "mean": 0.469193041325,
        "median": 0.478040039539,
        "min": 0.129379242659,
        "var": 0.00102047680411
    },
    "dynamic_complexity": 4.95512723923,
    "erbbands_crest": {
        "dmean": 2.36170053482,
        "dmean2": 3.70795631409,
        "dvar": 5.59461116791,
        "dvar2": 12.5950603485,
        "max": 27.8124523163,
        "mean": 8.90671539307,
        "median": 7.72849655151,
        "min": 2.23326873779,
        "var": 20.3727779388
    },
    "erbbands_flatness_db": {
        "dmean": 0.0226230602711,
        "dmean2": 0.0326106622815,
        "dvar": 0.000941286038142,
        "dvar2": 0.00179955677595,
        "max": 0.592207014561,
        "mean": 0.196397408843,
        "median": 0.167910456657,
        "min": 0.0315310284495,
        "var": 0.00973677076399
    },
    "erbbands_kurtosis": {
        "dmean": 2.0745716095,
        "dmean2": 3.28378796577,
        "dvar": 33.0205307007,
        "dvar2": 78.110824585,
        "max": 148.022888184,
        "mean": 2.14611887932,
        "median": -0.237983942032,
        "min": -1.85555517673,
        "var": 63.1811485291
    },
    "erbbands_skewness": {
        "dmean": 0.454437375069,
        "dmean2": 0.669997930527,
        "dvar": 0.350863784552,
        "dvar2": 0.739323079586,
        "max": 8.93237686157,
        "mean": 0.679575502872,
        "median": 0.395712375641,
        "min": -2.01726126671,
        "var": 1.32570075989
    },
    "erbbands_spread": {
        "dmean": 7.71761894226,
        "dmean2": 10.7603940964,
        "dvar": 96.5888900757,
        "dvar2": 168.481781006,
        "max": 155.351821899,
        "mean": 38.8297958374,
        "median": 36.9628448486,
        "min": 0.531153321266,
        "var": 784.115966797
    },
    "hfc": {
        "dmean": 2.9466946125,
        "dmean2": 4.29126214981,
        "dvar": 14.7381954193,
        "dvar2": 30.0900211334,
        "max": 57.0179328918,
        "mean": 13.6528253555,
        "median": 12.4016590118,
        "min": 4.0251375566e-09,
        "var": 96.1220321655
    },
    "melbands_crest": {
        "dmean": 3.36990070343,
        "dmean2": 5.24226856232,
        "dvar": 9.5449962616,
        "dvar2": 20.0283069611,
        "max": 39.5083732605,
        "mean": 16.5256443024,
        "median": 15.2857627869,
        "min": 2.62109470367,
        "var": 36.3056221008
    },
    "melbands_flatness_db": {
        "dmean": 0.0409380085766,
        "dmean2": 0.056243840605,
        "dvar": 0.00257435534149,
        "dvar2": 0.00474625360221,
        "max": 1,
        "mean": 0.332325726748,
        "median": 0.299667060375,
        "min": 0.00808971468359,
        "var": 0.0215322319418
    },
    "melbands_kurtosis": {
        "dmean": 18.2638492584,
        "dmean2": 23.6633396149,
        "dvar": 1209.48242188,
        "dvar2": 1948.61633301,
        "max": 791.932006836,
        "mean": 39.0634880066,
        "median": 16.7815608978,
        "min": -1.85193145275,
        "var": 4185.04003906
    },
    "melbands_skewness": {
        "dmean": 1.03308653831,
        "dmean2": 1.35939013958,
        "dvar": 1.61245214939,
        "dvar2": 2.45758247375,
        "max": 22.8115348816,
        "mean": 4.03921413422,
        "median": 3.29928350449,
        "min": -2.51665234566,
        "var": 9.521733284
    },
    "melbands_spread": {
        "dmean": 3.58392596245,
        "dmean2": 5.36319732666,
        "dvar": 46.6835784912,
        "dvar2": 94.9913330078,
        "max": 151.164413452,
        "mean": 9.98624038696,
        "median": 6.38426542282,
        "min": 0.0468442924321,
        "var": 141.860305786
    },
    "pitch_salience": {
        "dmean": 0.0775759369135,
        "dmean2": 0.112230494618,
        "dvar": 0.00588748371229,
        "dvar2": 0.0106689203531,
        "max": 0.958372712135,
        "mean": 0.530821859837,
        "median": 0.573918581009,
        "min": 0.0157135669142,
        "var": 0.0278540384024
    },
    "silence_rate_20dB": {
        "dmean": 0,
        "dmean2": 0,
        "dvar": 0,
        "dvar2": 0,
        "max": 1,
        "mean": 1,
        "median": 1,
        "min": 1,
        "var": 0
    },
    "silence_rate_30dB": {
        "dmean": 0.0775248408318,
        "dmean2": 0.155060619116,
        "dvar": 0.0715030431747,
        "dvar2": 0.131580084562,
        "max": 1,
        "mean": 0.839605331421,
        "median": 1,
        "min": 0,
        "var": 0.134687826037
    },
    "silence_rate_60dB": {
        "dmean": 0.0162097401917,
        "dmean2": 0.0324217639863,
        "dvar": 0.0159439109266,
        "dvar2": 0.0368563979864,
        "max": 1,
        "mean": 0.100352361798,
        "median": 0,
        "min": 0,
        "var": 0.0902818888426
    },
    "spectral_centroid": {
        "dmean": 180.374816895,
        "dmean2": 259.835388184,
        "dvar": 56701.1796875,
        "dvar2": 101984.757812,
        "max": 3886.50756836,
        "mean": 817.265808105,
        "median": 671.064331055,
        "min": 62.9958496094,
        "var": 378339.125
    },
    "spectral_complexity": {
        "dmean": 2.70279788971,
        "dmean2": 4.27769947052,
        "dvar": 9.53756999969,
        "dvar2": 21.7761173248,
        "max": 48,
        "mean": 14.4470758438,
        "median": 13,
        "min": 0,
        "var": 91.8893814087
    },
    "spectral_decrease": {
        "dmean": 3.69210617635e-09,
        "dmean2": 4.71116923251e-09,
        "dvar": 2.62166457906e-17,
        "dvar2": 3.34270534588e-17,
        "max": -6.02686015738e-21,
        "mean": -1.36063151857e-08,
        "median": -1.03647144201e-08,
        "min": -5.67351605696e-08,
        "var": 1.40527914322e-16
    },
    "spectral_energy": {
        "dmean": 0.0140782110393,
        "dmean2": 0.0180040616542,
        "dvar": 0.000381125224521,
        "dvar2": 0.000488161545945,
        "max": 0.215898528695,
        "mean": 0.0525915399194,
        "median": 0.0405243895948,
        "min": 3.87838822473e-13,
        "var": 0.00205163657665
    },
    "spectral_energyband_high": {
        "dmean": 0.000146551756188,
        "dmean2": 0.000213605904719,
        "dvar": 5.65310926959e-08,
        "dvar2": 1.1468921457e-07,
        "max": 0.0049576414749,
        "mean": 0.00041533424519,
        "median": 0.000134266418172,
        "min": 2.56849066755e-13,
        "var": 3.08873751464e-07
    },
    "spectral_energyband_low": {
        "dmean": 0.0138110136613,
        "dmean2": 0.0178758259863,
        "dvar": 0.00049911235692,
        "dvar2": 0.000709673389792,
        "max": 0.215041965246,
        "mean": 0.0352488420904,
        "median": 0.0179318934679,
        "min": 5.47105949818e-15,
        "var": 0.00186014501378
    },
    "spectral_energyband_middle_high": {
        "dmean": 0.000647551380098,
        "dmean2": 0.000991470180452,
        "dvar": 9.19050876291e-07,
        "dvar2": 2.03261970455e-06,
        "max": 0.0231802351773,
        "mean": 0.00230842246674,
        "median": 0.00130395882297,
        "min": 6.45610884089e-14,
        "var": 7.08050538378e-06
    },
    "spectral_energyband_middle_low": {
        "dmean": 0.0097883194685,
        "dmean2": 0.0163668394089,
        "dvar": 0.000388053769711,
        "dvar2": 0.00102225609589,
        "max": 0.159443378448,
        "mean": 0.0180617067963,
        "median": 0.013898239471,
        "min": 1.36886690676e-14,
        "var": 0.000368356297258
    },
    "spectral_entropy": {
        "dmean": 0.249416604638,
        "dmean2": 0.362844139338,
        "dvar": 0.109048321843,
        "dvar2": 0.214829862118,
        "max": 8.85952758789,
        "mean": 7.01060438156,
        "median": 7.31160163879,
        "min": 2.92202067375,
        "var": 0.899282872677
    },
    "spectral_flux": {
        "dmean": 0.0381990261376,
        "dmean2": 0.049259133637,
        "dvar": 0.0020574440714,
        "dvar2": 0.00271506863646,
        "max": 0.484763473272,
        "mean": 0.104195706546,
        "median": 0.080166503787,
        "min": 7.53941549192e-06,
        "var": 0.00815971847624
    },
    "spectral_kurtosis": {
        "dmean": 11.7890996933,
        "dmean2": 19.0161361694,
        "dvar": 1214.27404785,
        "dvar2": 3014.03833008,
        "max": 947.748962402,
        "mean": 25.5672245026,
        "median": 4.49182891846,
        "min": -0.970994234085,
        "var": 3496.22265625
    },
    "spectral_rms": {
        "dmean": 0.000917045923416,
        "dmean2": 0.00118406466208,
        "dvar": 1.23850782074e-06,
        "dvar2": 1.68400413258e-06,
        "max": 0.0145131908357,
        "mean": 0.00637423014268,
        "median": 0.00628776475787,
        "min": 1.94519742536e-08,
        "var": 1.06777524707e-05
    },
    "spectral_rolloff": {
        "dmean": 283.817565918,
        "dmean2": 462.386138916,
        "dvar": 1053576,
        "dvar2": 2281310,
        "max": 18992.2851562,
        "mean": 729.992675781,
        "median": 301.46484375,
        "min": 43.06640625,
        "var": 2344553
    },
    "spectral_skewness": {
        "dmean": 0.650479078293,
        "dmean2": 1.01031255722,
        "dvar": 1.54145073891,
        "dvar2": 3.34172868729,
        "max": 28.5724124908,
        "mean": 2.85698962212,
        "median": 1.57852578163,
        "min": 0.0741355791688,
        "var": 7.59266424179
    },
    "spectral_spread": {
        "dmean": 488745.84375,
        "dmean2": 691375.6875,
        "dvar": 422744817664,
        "dvar2": 666846691328,
        "max": 13991118,
        "mean": 3709753.75,
        "median": 3552107.5,
        "min": 131193,
        "var": 4.65395358106e+12
    },
    "spectral_strongpeak": {
        "dmean": 0.250220835209,
        "dmean2": 0.405121594667,
        "dvar": 0.083136536181,
        "dvar2": 0.214318588376,
        "max": 5.80592823029,
        "mean": 0.589025616646,
        "median": 0.521525859833,
        "min": 0,
        "var": 0.182114750147
    },
    "zerocrossingrate": {
        "dmean": 0.00748227629811,
        "dmean2": 0.00844594370574,
        "dvar": 0.000191001861822,
        "dvar2": 0.000220177913434,
        "max": 0.47705078125,
        "mean": 0.0351123437285,
        "median": 0.0244140625,
        "min": 0.0009765625,
        "var": 0.00191060011275
    },
    "barkbands": {
        "dmean": [0.00072371418355, 0.0113400975242, 0.00868372712284, 0.00614250637591, 0.0050352094695, 0.000623237632681, 0.000446442893008, 0.000378840224585, 0.000246724928729, 0.000211273800232, 0.000182111049071, 0.000151539003127, 0.00011246046779, 0.000106317253085, 9.65455692494e-05, 0.000158273222041, 9.47421649471e-05, 5.09721285198e-05, 6.51698937872e-05, 5.43772475794e-05, 4.28409330198e-05, 3.49040528818e-05, 2.82239816443e-05, 2.53906528087e-05, 1.26822196762e-05, 4.61325089418e-06, 1.39369228691e-06],
        "dmean2": [0.00126229377929, 0.0141355488449, 0.0146616417915, 0.0110432179645, 0.0087470933795, 0.00102385808714, 0.000687543593813, 0.000576688791625, 0.000407653482398, 0.000325331959175, 0.000295667501632, 0.000242819442065, 0.000180374176125, 0.000167006786796, 0.000154824083438, 0.000259733817074, 0.000156111971592, 8.8217377197e-05, 0.000106064020656, 9.12104078452e-05, 6.75435294397e-05, 5.39753127669e-05, 4.00240678573e-05, 3.47777240677e-05, 1.77083638846e-05, 6.95763719705e-06, 2.12899431062e-06],
        "dvar": [1.94256085706e-06, 0.000447791215265, 0.000459920353023, 0.000204933210625, 0.000127961015096, 1.26332577111e-06, 8.06520176866e-07, 4.32933745742e-07, 1.36729923383e-07, 1.11233362077e-07, 9.78674776775e-08, 9.17905254028e-08, 5.74514089635e-08, 6.89770160989e-08, 4.24833430657e-08, 1.15565413239e-07, 3.29948761646e-08, 8.75260752764e-09, 1.44237857214e-08, 8.43983993803e-09, 4.06734690372e-09, 3.35044769706e-09, 2.74985012538e-09, 2.85756796004e-09, 6.40117125972e-10, 1.05982993215e-10, 1.2184049776e-11],
        "dvar2": [5.57441808269e-06, 0.000606405548751, 0.0011964061996, 0.000585668953136, 0.000362339429557, 3.15370903081e-06, 1.74129434072e-06, 9.43354564242e-07, 3.61824078254e-07, 2.45026967605e-07, 2.48385902069e-07, 2.17942059066e-07, 1.38278863915e-07, 1.69243250525e-07, 1.03071023716e-07, 3.09136737542e-07, 8.61669633423e-08, 2.47701930078e-08, 3.67117607425e-08, 2.22698819385e-08, 9.4137906359e-09, 7.91089949104e-09, 5.18231280111e-09, 5.05468067402e-09, 1.1760707963e-09, 2.1532396699e-10, 2.6442931178e-11],
        "max": [0.0205109417439, 0.203573524952, 0.164806932211, 0.124623596668, 0.0866980105639, 0.0238723382354, 0.0236001405865, 0.0136980898678, 0.00548124453053, 0.00810740329325, 0.00778148882091, 0.0105915768072, 0.00642512692139, 0.00883810780942, 0.0066663348116, 0.00734071293846, 0.00426449626684, 0.00185544451233, 0.0018207145622, 0.00104772811756, 0.00076378043741, 0.00111124198884, 0.00128377368674, 0.00143507577013, 0.000702777644619, 0.000218651315663, 8.36299732327e-05],
        "mean": [0.000706297694705, 0.0216152127832, 0.00965405069292, 0.00634698476642, 0.00783371645957, 0.00108748639468, 0.00103729998227, 0.000995752983727, 0.000479353097035, 0.000437680602772, 0.000346432701917, 0.000327031564666, 0.000221328329644, 0.000193133193534, 0.000181592768058, 0.000273915939033, 0.000182487550774, 9.60851757554e-05, 0.000121303579363, 0.000112480913231, 9.72840862232e-05, 7.99336849013e-05, 6.40578364255e-05, 6.0075228248e-05, 2.81827706203e-05, 9.88970623439e-06, 2.49792310569e-06],
        "median": [0.000296917627566, 0.0067799477838, 0.00385996280238, 0.00290738558397, 0.00504812318832, 0.000609882175922, 0.000447699538199, 0.000484967284137, 0.000260629050899, 0.000239025917836, 0.000161354750162, 0.000112183959573, 6.10524512012e-05, 5.08273951709e-05, 5.37639243703e-05, 6.31615694147e-05, 5.12473707204e-05, 4.00962817366e-05, 5.16079453519e-05, 4.92525068694e-05, 4.51252526545e-05, 1.5090733541e-05, 8.50098149385e-06, 5.01119711771e-06, 1.98574821297e-06, 9.65734557212e-07, 2.29950927633e-07],
        "min": [5.94591675632e-15, 1.95841153658e-15, 3.87649392871e-16, 8.9067886096e-16, 1.77110968205e-15, 1.22745323156e-15, 2.62026381156e-15, 2.30338158621e-15, 4.0447458005e-15, 1.38649171422e-15, 9.7024744196e-15, 8.56975674099e-15, 9.70333924024e-15, 6.88817314751e-15, 3.17835603282e-15, 2.91795819956e-15, 4.74055499106e-15, 9.08374819185e-15, 1.68576158349e-15, 2.68049657855e-14, 1.24463605722e-14, 8.79442884212e-15, 2.73455269659e-14, 4.27176943449e-14, 3.55824548157e-14, 4.18362888007e-14, 7.5009436325e-14],
        "var": [1.67228881764e-06, 0.00124410074204, 0.000363137747627, 0.000135559093906, 0.000104852006189, 2.36817436416e-06, 2.50635139309e-06, 1.66591598827e-06, 3.59710895736e-07, 3.4271891991e-07, 2.63029619418e-07, 3.84564742717e-07, 1.99905997533e-07, 1.51557912886e-07, 1.16949323115e-07, 2.28904170285e-07, 8.19388148443e-08, 2.08549284508e-08, 2.88126287273e-08, 2.03197103588e-08, 1.3334237714e-08, 1.36309585841e-08, 1.37470212991e-08, 1.5544248555e-08, 3.23952864534e-09, 3.97311739064e-10, 4.68916572238e-11]
    },
    "erbbands": {
        "dmean": [0.328860610723, 2.87186908722, 8.39199066162, 15.9752893448, 20.3750324249, 14.7334156036, 8.17456245422, 4.54288053513, 6.34287691116, 7.57103157043, 6.23187589645, 5.89150476456, 7.36587667465, 5.37790298462, 7.96327924728, 6.13475370407, 5.04063844681, 4.89828109741, 4.31416368484, 5.0508108139, 8.42008304596, 5.08043146133, 2.89388847351, 3.38084483147, 2.27110719681, 2.14532852173, 2.44857931137, 1.44144797325, 1.31104254723, 1.02823889256, 0.738175392151, 0.630018651485, 0.379325956106, 0.183844894171, 0.0707207471132, 0.0245003625751, 0.00893553066999, 0.00202425289899, 0.000259289139649, 2.17938904825e-05],
        "dmean2": [0.382407069206, 3.53060221672, 13.1828651428, 27.4589595795, 35.3170280457, 25.8423366547, 13.9182872772, 7.34071302414, 9.65034198761, 11.5318632126, 9.86413764954, 9.62716197968, 11.2664461136, 8.88936805725, 12.6814422607, 9.72646999359, 8.10590362549, 7.68586587906, 6.8467540741, 8.19943237305, 13.7333030701, 8.30019569397, 4.96545791626, 5.6810631752, 3.6299598217, 3.54406023026, 4.00124025345, 2.25715947151, 2.01504945755, 1.42729890347, 1.10401427746, 0.845798015594, 0.539046347141, 0.260867923498, 0.100884705782, 0.0364304482937, 0.0137157132849, 0.00304546067491, 0.000392382760765, 2.92544646072e-05],
        "dvar": [0.284254938364, 29.5529632568, 393.520202637, 1248.39831543, 2027.87536621, 1145.36010742, 225.46333313, 76.4289321899, 167.299453735, 181.366241455, 100.701416016, 79.2292938232, 130.67199707, 88.0608673096, 213.991363525, 182.61618042, 100.546646118, 132.832824707, 92.3786315918, 80.9420471191, 362.797637939, 99.104133606, 29.2273731232, 40.2700080872, 12.8051204681, 12.6183385849, 15.7585067749, 4.87575864792, 4.65355682373, 2.92063426971, 2.3304913044, 1.93274235725, 0.638541042805, 0.146358475089, 0.0174512285739, 0.00228359922767, 0.000449558021501, 2.68580206466e-05, 4.37715954149e-07, 1.10834930123e-09],
        "dvar2": [0.335342049599, 42.5661621094, 941.640441895, 3383.19995117, 5685.57861328, 3253.99780273, 619.353759766, 183.632125854, 360.860656738, 388.203308105, 237.349884033, 206.967453003, 278.116424561, 235.386734009, 517.750366211, 414.937652588, 248.664550781, 324.46673584, 218.974197388, 203.359329224, 955.956298828, 254.787078857, 82.2286911011, 106.687065125, 31.7090015411, 32.2506904602, 39.2190284729, 11.4254398346, 11.5453042984, 5.15054607391, 4.87072277069, 3.58423185349, 1.21403205395, 0.272081524134, 0.0336580090225, 0.00444171670824, 0.000970117631368, 5.94123630435e-05, 9.56106077865e-07, 1.91354154744e-09],
        "max": [5.60468053818, 51.1996574402, 151.167221069, 273.752044678, 373.086364746, 335.835479736, 181.228744507, 244.570709229, 273.556640625, 277.441711426, 228.651657104, 147.791275024, 301.309936523, 255.493179321, 459.727508545, 544.443786621, 260.488250732, 351.018737793, 264.464691162, 184.421112061, 436.276885986, 216.654846191, 103.59765625, 117.170631409, 48.1676712036, 43.176071167, 48.292640686, 32.7175445557, 39.0427284241, 36.8314094543, 39.3494911194, 37.8563613892, 32.1039047241, 10.554107666, 3.50900411606, 1.10187852383, 0.423228979111, 0.101750567555, 0.0164434984326, 0.000757764268201],
        "mean": [0.570454657078, 5.04821443558, 10.2534236908, 18.8783931732, 27.3722381592, 21.8579425812, 14.2564897537, 8.45849323273, 14.4010744095, 19.9860248566, 16.3140201569, 12.4845972061, 15.5969552994, 10.3563528061, 15.5373687744, 13.9104385376, 10.5529146194, 9.53047657013, 9.42764186859, 10.1488027573, 15.3039121628, 10.3417615891, 5.98786592484, 6.20335388184, 4.86659765244, 4.70866584778, 5.19098138809, 3.30952453613, 3.02419304848, 2.30759835243, 1.67561769485, 1.39058840275, 0.893635392189, 0.404734641314, 0.152182474732, 0.0531133748591, 0.0174297485501, 0.00376892462373, 0.000475712498883, 7.48984239181e-05],
        "median": [0.189614132047, 1.54832327366, 4.29650497437, 10.3536186218, 15.2572469711, 13.0242595673, 7.59797477722, 4.94788360596, 7.24550628662, 8.61999130249, 8.84859466553, 6.98173904419, 8.72895240784, 5.49398326874, 6.6165599823, 4.82498025894, 3.19589281082, 2.92988300323, 2.72307825089, 3.4751739502, 3.45923662186, 3.10219573975, 2.61676502228, 2.59777903557, 2.28511333466, 2.19424343109, 2.37019228935, 1.30693459511, 0.627513885498, 0.387000262737, 0.219833686948, 0.111270174384, 0.0806325599551, 0.0303264949471, 0.0121297948062, 0.00561435613781, 0.00146726774983, 0.000289644231088, 7.72409839556e-05, 5.25508366991e-05],
        "min": [1.43245577075e-13, 1.70151639631e-13, 3.19987092379e-13, 1.94758944215e-12, 3.3798794926e-12, 6.03273984587e-12, 9.02378866074e-12, 1.18301132779e-11, 3.82678333466e-11, 2.39537174818e-11, 7.67372901334e-11, 6.80558456811e-11, 8.26074417204e-11, 1.65314817391e-10, 4.35376540375e-10, 2.85324597282e-10, 4.46096187767e-10, 3.16725312643e-10, 3.47243955812e-10, 1.78144832219e-10, 1.63847199697e-10, 3.01121544366e-10, 5.38688205154e-10, 1.68384958754e-10, 1.69245659154e-10, 1.1919845111e-09, 9.44218592203e-10, 3.63520963331e-10, 2.75938688565e-10, 4.33681313083e-10, 8.22010404189e-10, 8.13521194853e-10, 8.28549229226e-10, 3.50603546195e-10, 2.8787283668e-10, 1.45972178789e-10, 6.06930200542e-11, 3.46365436332e-11, 1.17522909807e-11, 1.1469695636e-12],
        "var": [0.877944767475, 72.7922973633, 391.104064941, 950.21282959, 1632.57531738, 923.694274902, 341.402923584, 152.851257324, 468.845275879, 710.8828125, 384.268554688, 230.004333496, 428.489349365, 197.252426147, 689.751953125, 856.806884766, 352.466796875, 308.501220703, 307.942138672, 218.822692871, 730.278869629, 249.517425537, 79.3155822754, 82.3618469238, 38.1246681213, 33.991973877, 40.0736999512, 16.6484222412, 18.4008979797, 14.7748355865, 10.1961517334, 9.37169551849, 3.15856337547, 0.694608211517, 0.0861963182688, 0.00999532919377, 0.00138402916491, 8.8169828814e-05, 1.59883552442e-06, 5.49935519345e-09]
    },
    "gfcc": {
        "mean": [-89.1621932983, 134.546722412, -91.2006607056, 27.5062046051, -35.4244499207, 12.8952589035, -21.3238620758, 1.17596459389, -17.0098495483, -3.86060738564, -15.4266862869, -4.11198711395, -6.06911897659],
        "cov": [[44043.1367188, 2047.11779785, 1926.54699707, 5199.88964844, -3518.60229492, -1681.75158691, -1444.61328125, 344.296051025, -440.330230713, -8.14182376862, -980.239562988, -529.862609863, -485.079193115], [2047.11779785, 4937.48486328, 1187.84802246, -654.65246582, 437.791595459, -1062.20263672, 185.453979492, -396.296844482, 280.075683594, -215.607452393, -11.65076828, -316.299682617, 128.204772949], [1926.54699707, 1187.84802246, 2302.94335938, 49.3076782227, -299.544219971, -79.3882827759, -101.87171936, -28.9533691406, 43.8820533752, 0.729681611061, -6.67236328125, -96.805480957, -38.7156105042], [5199.88964844, -654.65246582, 49.3076782227, 1319.06848145, -489.291412354, -80.1901245117, -132.854095459, 58.5294532776, -71.9152145386, 25.3663578033, -66.3768386841, -36.7505645752, -26.9938220978], [-3518.60229492, 437.791595459, -299.544219971, -489.291412354, 799.265930176, 59.0550498962, 220.802139282, -54.1562347412, 78.1876602173, -56.3921012878, 71.5971450806, 5.2538561821, 100.204246521], [-1681.75158691, -1062.20263672, -79.3882827759, -80.1901245117, 59.0550498962, 510.21762085, 30.7649497986, 106.096717834, -20.0168685913, 34.4271316528, 46.1243629456, 73.6491394043, -13.7759027481], [-1444.61328125, 185.453979492, -101.87171936, -132.854095459, 220.802139282, 30.7649497986, 272.17010498, 15.2782611847, 55.5885658264, 3.82202458382, 50.1516838074, -1.1187287569, 36.9852027893], [344.296051025, -396.296844482, -28.9533691406, 58.5294532776, -54.1562347412, 106.096717834, 15.2782611847, 207.701568604, 34.2595939636, 50.1346435547, 8.17575263977, 29.135345459, -14.3556776047], [-440.330230713, 280.075683594, 43.8820533752, -71.9152145386, 78.1876602173, -20.0168685913, 55.5885658264, 34.2595939636, 147.106384277, 28.0456905365, 59.0896911621, -1.59268844128, 20.6158409119], [-8.14182376862, -215.607452393, 0.729681611061, 25.3663578033, -56.3921012878, 34.4271316528, 3.82202458382, 50.1346435547, 28.0456905365, 102.312408447, 44.0482368469, 40.2380981445, -6.10876750946], [-980.239562988, -11.65076828, -6.67236328125, -66.3768386841, 71.5971450806, 46.1243629456, 50.1516838074, 8.17575263977, 59.0896911621, 44.0482368469, 113.530937195, 35.5925064087, 23.7122211456], [-529.862609863, -316.299682617, -96.805480957, -36.7505645752, 5.2538561821, 73.6491394043, -1.1187287569, 29.135345459, -1.59268844128, 40.2380981445, 35.5925064087, 86.9146499634, 20.3017673492], [-485.079193115, 128.204772949, -38.7156105042, -26.9938220978, 100.204246521, -13.7759027481, 36.9852027893, -14.3556776047, 20.6158409119, -6.10876750946, 23.7122211456, 20.3017673492, 79.2139663696]],
        "icov": [[0.000153059707372, -0.00037098134635, 9.44410785451e-05, -0.00059460074408, 0.000224435148994, -0.000236643027165, 0.00040458838339, -0.000526804651599, 0.000359381752787, -0.000391831243178, 0.000744996475987, -0.000436977134086, 0.000537039537448], [-0.00037098134635, 0.00201814598404, -0.000693261041306, 0.00193872966338, -0.000678759184666, 0.00240826862864, -0.00135798507836, 0.00194620573893, -0.00224517099559, 0.00181740522385, -0.00195067026652, 0.00293688988313, -0.00239634048194], [9.44410785451e-05, -0.000693261041306, 0.000754563137889, -0.00048891158076, 0.000463549484266, -0.000972870388068, 0.000529243203346, -0.000526684860233, 0.000596311700065, -0.000679746968672, 0.0003311393084, -0.000276515987935, 0.000568529882003], [-0.00059460074408, 0.00193872966338, -0.00048891158076, 0.00359975500032, -0.000230810590438, 0.00177662505303, -0.00168256100733, 0.00201660348102, -0.00162449711934, 0.00166711350903, -0.00299590174109, 0.00345631199889, -0.00347682624124], [0.000224435148994, -0.000678759184666, 0.000463549484266, -0.000230810590438, 0.00295284204185, -0.000945393752772, -0.000515733670909, -0.000506627198774, 0.000197403875063, 0.000515087507665, 0.000527906173375, -4.77260546177e-05, -0.00128735252656], [-0.000236643027165, 0.00240826862864, -0.000972870388068, 0.00177662505303, -0.000945393752772, 0.00611179275438, -0.00138739659451, 0.000482184288558, -0.0016591103049, 0.00264867488295, -0.00258144992404, 0.00178537308238, -0.0012717024656], [0.00040458838339, -0.00135798507836, 0.000529243203346, -0.00168256100733, -0.000515733670909, -0.00138739659451, 0.00641685537994, -0.00228101783432, 0.000952780945227, -0.00180835649371, 0.000709867221303, -0.000167560050613, 0.00080542138312], [-0.000526804651599, 0.00194620573893, -0.000526684860233, 0.00201660348102, -0.000506627198774, 0.000482184288558, -0.00228101783432, 0.00916879717261, -0.00468216324225, -0.000523603055626, -0.000147598708281, 0.00124501483515, -0.00159139814787], [0.000359381752787, -0.00224517099559, 0.000596311700065, -0.00162449711934, 0.000197403875063, -0.0016591103049, 0.000952780945227, -0.00468216324225, 0.0135014075786, -0.00356067507528, -0.00344057683833, 5.18291781191e-05, 0.000968918262515], [-0.000391831243178, 0.00181740522385, -0.000679746968672, 0.00166711350903, 0.000515087507665, 0.00264867488295, -0.00180835649371, -0.000523603055626, -0.00356067507528, 0.0185117702931, -0.00713376980275, -0.00388369732536, 0.000938588054851], [0.000744996475987, -0.00195067026652, 0.0003311393084, -0.00299590174109, 0.000527906173375, -0.00258144992404, 0.000709867221303, -0.000147598708281, -0.00344057683833, -0.00713376980275, 0.0200341474265, -0.00653440924361, 0.00140809779987], [-0.000436977134086, 0.00293688988313, -0.000276515987935, 0.00345631199889, -4.77260546177e-05, 0.00178537308238, -0.000167560050613, 0.00124501483515, 5.18291781191e-05, -0.00388369732536, -0.00653440924361, 0.0257183350623, -0.010660062544], [0.000537039537448, -0.00239634048194, 0.000568529882003, -0.00347682624124, -0.00128735252656, -0.0012717024656, 0.00080542138312, -0.00159139814787, 0.000968918262515, 0.000938588054851, 0.00140809779987, -0.010660062544, 0.0217577759176]]
    },
    "melbands": {
        "dmean": [0.00303433882073, 0.00365309114568, 0.00269284378737, 0.00128483551089, 0.000343866442563, 0.000107231739094, 9.84407452052e-05, 8.59067804413e-05, 5.04852105223e-05, 3.64311745216e-05, 3.69162735296e-05, 2.12035829463e-05, 2.29846737057e-05, 1.82087205758e-05, 1.70705152414e-05, 8.48232321005e-06, 1.05559165604e-05, 7.25323297956e-06, 8.15115345176e-06, 9.87270323094e-06, 9.65859999269e-06, 5.86678152104e-06, 4.60719729745e-06, 2.0785257675e-06, 3.09911115437e-06, 2.43245949605e-06, 1.37103052111e-06, 1.69341819856e-06, 1.95221605281e-06, 1.29586408093e-06, 8.67613721311e-07, 8.93509024991e-07, 5.62502350476e-07, 6.76428612678e-07, 4.84745498852e-07, 3.8047818407e-07, 3.84887414384e-07, 3.00264389352e-07, 2.12285939938e-07, 1.46088808606e-07],
        "dmean2": [0.00355048617348, 0.00494396453723, 0.00452639861032, 0.00223217648454, 0.00058746477589, 0.00017232389655, 0.000149116618559, 0.000129630701849, 8.11056233943e-05, 5.98449842073e-05, 5.65089176234e-05, 3.51591297658e-05, 3.68617838831e-05, 2.87918610411e-05, 2.69172360277e-05, 1.38543991852e-05, 1.65988913068e-05, 1.15945140351e-05, 1.30796324811e-05, 1.62384421856e-05, 1.5860025087e-05, 9.61050318438e-06, 7.97521988716e-06, 3.5680811834e-06, 5.23581866219e-06, 3.9057495087e-06, 2.30532214118e-06, 2.80701146949e-06, 3.26735630551e-06, 2.08861843021e-06, 1.3694171912e-06, 1.41477914894e-06, 8.17326053948e-07, 9.64210926213e-07, 7.74715090301e-07, 5.54948712761e-07, 5.32154217581e-07, 4.55187574744e-07, 3.05895440533e-07, 2.11202774381e-07],
        "dvar": [2.72604047495e-05, 5.45532857359e-05, 3.26709050569e-05, 8.59078227222e-06, 4.21023798935e-07, 4.16174259499e-08, 3.98107964372e-08, 2.34830004331e-08, 6.67210553473e-09, 3.00928237884e-09, 3.29197202831e-09, 1.37629185826e-09, 1.58202517753e-09, 1.10236719753e-09, 1.63943159048e-09, 3.29122451515e-10, 6.92091384202e-10, 2.65223287776e-10, 2.97857044584e-10, 4.12959694218e-10, 4.78008965743e-10, 1.31836777606e-10, 9.77179656636e-11, 1.6052570731e-11, 3.56903534504e-11, 1.7257506188e-11, 5.84437706563e-12, 7.96648511048e-12, 1.08281326613e-11, 3.79201704759e-12, 1.88740191011e-12, 2.13661185099e-12, 1.03368583224e-12, 1.35923618281e-12, 1.15571961723e-12, 6.62755332385e-13, 7.08186439179e-13, 4.06183875597e-13, 2.20957068831e-13, 8.86496212267e-14],
        "dvar2": [3.20301442116e-05, 0.000109206099296, 8.5617575678e-05, 2.41660745814e-05, 1.16020066798e-06, 9.81642855891e-08, 8.54908535075e-08, 4.97129448718e-08, 1.6178837825e-08, 7.88604381796e-09, 6.99683111449e-09, 3.68317198962e-09, 3.90156706942e-09, 2.56116972075e-09, 3.77517350714e-09, 8.46423153789e-10, 1.70136726929e-09, 6.39895303411e-10, 7.33392901964e-10, 1.10716436019e-09, 1.27128874094e-09, 3.42589207003e-10, 2.81457163132e-10, 4.4096008095e-11, 9.54424941857e-11, 4.24015163258e-11, 1.57346722457e-11, 2.06991090934e-11, 2.84112889465e-11, 9.10720630853e-12, 4.50735369167e-12, 5.60851625558e-12, 2.24674554135e-12, 2.68024166229e-12, 2.79520634069e-12, 1.29912432808e-12, 1.31759230262e-12, 8.27454641264e-13, 4.29398758304e-13, 1.75789477376e-13],
        "max": [0.055559322238, 0.0648652091622, 0.0481265336275, 0.0227646790445, 0.00883184652776, 0.00561733124778, 0.00470291636884, 0.00292551121674, 0.00189947488252, 0.000820905086584, 0.00150520505849, 0.0010892667342, 0.00114592642058, 0.00106610334478, 0.00139505369589, 0.000528973119799, 0.000830677628983, 0.000518751447089, 0.00057856325293, 0.000484808813781, 0.000478409958305, 0.000215244988794, 0.000212133963942, 7.43915006751e-05, 0.000116191738925, 4.60873889097e-05, 4.28643070336e-05, 3.37846686307e-05, 4.32563938375e-05, 2.98440027109e-05, 2.17850774789e-05, 2.19820594793e-05, 2.25510393648e-05, 2.09932386497e-05, 2.55193117482e-05, 1.94629628822e-05, 2.2823423933e-05, 2.11552087421e-05, 1.58519087563e-05, 8.60783984535e-06],
        "mean": [0.00577427214012, 0.00604680553079, 0.00357273546979, 0.00182052224409, 0.000614475575276, 0.000198880865355, 0.000227462951443, 0.000228236516705, 0.000126566228573, 7.25933423382e-05, 7.60765178711e-05, 3.84665836464e-05, 4.4901502406e-05, 3.97533476644e-05, 3.61237471225e-05, 1.62080887094e-05, 1.87731438928e-05, 1.50009273057e-05, 1.443002202e-05, 1.66988193087e-05, 1.72549971467e-05, 1.06936413431e-05, 8.01394708105e-06, 3.91875528294e-06, 5.195338872e-06, 4.38448068962e-06, 2.72837132798e-06, 3.31947990162e-06, 3.69716758541e-06, 2.44065063271e-06, 1.79771427611e-06, 1.86656961887e-06, 1.29794511849e-06, 1.2944806258e-06, 9.70801238509e-07, 8.79961760347e-07, 8.26205337034e-07, 6.70717440698e-07, 4.52466196066e-07, 3.04698005493e-07],
        "median": [0.00193309853785, 0.00258047436364, 0.00220123981126, 0.00113019847777, 0.000334309792379, 0.000113339898235, 0.000106785562821, 9.81498233159e-05, 6.63404061925e-05, 3.99158525397e-05, 4.13286834373e-05, 1.89657675946e-05, 2.0396491891e-05, 1.54272147483e-05, 8.53219262353e-06, 5.59911677556e-06, 5.08269249622e-06, 4.14347732658e-06, 4.06563049182e-06, 4.48870468972e-06, 3.8424414015e-06, 2.83676445179e-06, 2.86011299977e-06, 1.59455635185e-06, 1.99333362616e-06, 1.92546713151e-06, 9.3096235787e-07, 1.43977206335e-06, 1.51471988374e-06, 1.04968034975e-06, 5.87759416248e-07, 3.65121167079e-07, 2.19527507284e-07, 1.79529052957e-07, 1.28585398329e-07, 7.66623173831e-08, 6.10561059489e-08, 6.42230304493e-08, 3.05408462964e-08, 2.1621749724e-08],
        "min": [1.1955471945e-15, 1.68073968397e-16, 3.8602938942e-16, 3.0449722723e-16, 3.30031194244e-16, 2.74001076514e-16, 5.84147484107e-16, 2.63341643329e-16, 6.81260235026e-16, 4.66895730774e-16, 3.85489829433e-16, 5.50191997894e-16, 1.43966071347e-15, 9.41839756854e-16, 7.08053422395e-16, 1.11336615213e-15, 4.96853062656e-16, 6.8325102715e-16, 1.64613256472e-16, 2.25304596511e-16, 1.90238941272e-16, 2.58048243274e-16, 5.44653990606e-16, 3.59371727323e-16, 1.14650581327e-16, 4.93732957238e-17, 3.00489332022e-16, 9.3885693033e-16, 8.30818248485e-16, 1.92156319462e-16, 2.11504219574e-16, 1.05987492302e-16, 2.47257625861e-16, 2.43459636005e-16, 4.25015219018e-16, 7.21842112925e-16, 3.5458008841e-16, 6.65406954627e-16, 4.06588493706e-16, 2.43734286438e-16],
        "var": [8.56535043567e-05, 9.26618522499e-05, 2.75100337603e-05, 6.62703405396e-06, 6.42106442683e-07, 8.6573209046e-08, 1.18002667193e-07, 9.3394447731e-08, 2.4115134778e-08, 8.20748269348e-09, 1.05105293358e-08, 2.92615420783e-09, 4.88856510827e-09, 4.74630024172e-09, 7.22070270243e-09, 9.38598754274e-10, 1.43960432464e-09, 8.22496681874e-10, 7.15039749632e-10, 7.9028672495e-10, 9.40288735762e-10, 2.91503793326e-10, 1.81827608525e-10, 3.61027215068e-11, 6.41813893698e-11, 3.51510695551e-11, 1.47066196027e-11, 1.7912785838e-11, 2.23986159481e-11, 9.6136961239e-12, 5.65953100357e-12, 6.90506679613e-12, 4.54456004079e-12, 5.23170092318e-12, 3.57706312487e-12, 3.32509605787e-12, 3.4133956512e-12, 1.71993918673e-12, 9.2581248657e-13, 3.9387866883e-13]
    },
    "mfcc": {
        "mean": [-716.486877441, 157.429580688, 17.9613323212, 30.7818450928, 9.22650623322, 14.7412824631, 5.22149991989, 6.28953933716, 6.63104534149, 0.823854327202, -2.13049459457, 1.07532846928, -0.679809331894],
        "cov": [[20594.5117188, -120.861686707, -585.981689453, 1573.30407715, -270.487731934, 60.5488891602, -185.15914917, 78.34715271, 84.8618850708, 11.5505609512, -294.625213623, 50.5346603394, -81.0464324951], [-120.861686707, 4680.19677734, 386.72366333, 91.6220397949, -31.1728038788, -65.5510635376, -44.483039856, -82.696105957, 129.45249939, -87.5654525757, 59.7729377747, -50.5416069031, -16.2324829102], [-585.981689453, 386.72366333, 1308.06018066, -53.5219268799, 61.8228607178, 37.103477478, 12.3768606186, 83.3692703247, -29.8922863007, 89.884262085, 91.2000732422, 2.59277701378, 7.44747924805], [1573.30407715, 91.6220397949, -53.5219268799, 484.684417725, 16.004617691, 32.4848937988, 26.3797645569, 0.471583664417, 44.0519332886, -4.05399990082, -38.1026153564, 9.35233211517, -7.29213476181], [-270.487731934, -31.1728038788, 61.8228607178, 16.004617691, 245.796844482, 81.6649551392, 57.1336898804, 37.2322998047, 22.3632488251, 19.3268604279, -25.3246555328, 2.34789609909, 2.50515937805], [60.5488891602, -65.5510635376, 37.103477478, 32.4848937988, 81.6649551392, 174.745742798, 79.5261993408, 35.7655830383, 16.8312683105, 13.1244630814, 0.19856518507, -2.68897676468, 3.3480489254], [-185.15914917, -44.483039856, 12.3768606186, 26.3797645569, 57.1336898804, 79.5261993408, 169.774703979, 64.3467330933, 35.9736213684, 22.9473686218, -5.82331562042, 5.27904033661, -0.833443701267], [78.34715271, -82.696105957, 83.3692703247, 0.471583664417, 37.2322998047, 35.7655830383, 64.3467330933, 110.27243042, 45.834487915, 37.6520729065, 14.4450626373, 15.6501045227, 14.1465826035], [84.8618850708, 129.45249939, -29.8922863007, 44.0519332886, 22.3632488251, 16.8312683105, 35.9736213684, 45.834487915, 93.5752182007, 35.1010131836, -0.218589693308, 13.3730926514, 16.638999939], [11.5505609512, -87.5654525757, 89.884262085, -4.05399990082, 19.3268604279, 13.1244630814, 22.9473686218, 37.6520729065, 35.1010131836, 79.8254165649, 37.5312423706, 26.3971233368, 17.7039890289], [-294.625213623, 59.7729377747, 91.2000732422, -38.1026153564, -25.3246555328, 0.19856518507, -5.82331562042, 14.4450626373, -0.218589693308, 37.5312423706, 97.9236297607, 38.0934715271, 25.2584438324], [50.5346603394, -50.5416069031, 2.59277701378, 9.35233211517, 2.34789609909, -2.68897676468, 5.27904033661, 15.6501045227, 13.3730926514, 26.3971233368, 38.0934715271, 65.4811019897, 39.6649703979], [-81.0464324951, -16.2324829102, 7.44747924805, -7.29213476181, 2.50515937805, 3.3480489254, -0.833443701267, 14.1465826035, 16.638999939, 17.7039890289, 25.2584438324, 39.6649703979, 57.7182426453]],
